{"tonal": {"chords_key": "C#", "hpcp_entropy": {"dmean": 0.613490462303, "dmean2": 1.03112363815, "max": 4.40330982208, "dvar": 0.276157766581, "mean": 2.13435339928, "dvar2": 0.769823014736, "min": 0, "var": 0.565284669399, "median": 2.12070035934}, "key_key": "F#", "chords_strength": {"dmean": 0.0114283757284, "dmean2": 0.0122680440545, "max": 0.864392459393, "dvar": 0.000102247176983, "mean": 0.524595856667, "dvar2": 0.000133787267259, "min": 0.228731021285, "var": 0.0133129702881, "median": 0.526581823826}, "key_scale": "minor", "chords_number_rate": 0.00400500604883, "thpcp": [1, 0.715328514576, 0.42843952775, 0.290308088064, 0.210851609707, 0.184601083398, 0.193711146712, 0.25644248724, 0.438448011875, 0.486226409674, 0.320890247822, 0.261189043522, 0.298759937286, 0.446555703878, 0.804010510445, 0.88277310133, 0.589584946632, 0.416547179222, 0.424311876297, 0.470510780811, 0.461701273918, 0.355912655592, 0.251400083303, 0.278169721365, 0.344298958778, 0.378493875265, 0.453087866306, 0.393382370472, 0.272763192654, 0.442777007818, 0.673145651817, 0.58213442564, 0.374618649483, 0.30054667592, 0.421714961529, 0.819839060307], "key_strength": 0.67814218998, "tuning_nontempered_energy_ratio": 0.833105802536, "tuning_frequency": 440.508575439, "chords_changes_rate": 0.0665832310915, "tuning_diatonic_strength": 0.656179487705, "chords_scale": "major", "chords_histogram": [3.62953686714, 0.750938653946, 11.0888614655, 3.55444312096, 2.72841048241, 2.50312900543, 1.82728409767, 3.17897367477, 0.675844788551, 36.8710899353, 3.67959952354, 4.45556926727, 3.65456819534, 0, 2.12765955925, 0, 0, 0, 0, 8.08510684967, 0.300375461578, 1.00125157833, 1.90237796307, 7.98498106003], "tuning_equal_tempered_deviation": 0.13214853406, "hpcp": {"dmean": [0.0955863967538, 0.0692367851734, 0.0605306737125, 0.0659543350339, 0.0852052345872, 0.1117432639, 0.119894392788, 0.0896275639534, 0.0865094214678, 0.0971754491329, 0.134619578719, 0.178537324071, 0.178755685687, 0.156110197306, 0.147757783532, 0.159996628761, 0.150490805507, 0.140541806817, 0.10888826102, 0.0904876366258, 0.0896889716387, 0.100382648408, 0.107300952077, 0.11961658299, 0.112465068698, 0.0883188769221, 0.105964168906, 0.126886278391, 0.128019988537, 0.126289486885, 0.112536177039, 0.126567408442, 0.175000429153, 0.174809977412, 0.16865542531, 0.134302929044], "dmean2": [0.169246017933, 0.123515442014, 0.107127979398, 0.118517450988, 0.150077298284, 0.186861023307, 0.195934057236, 0.151765570045, 0.151716098189, 0.170030146837, 0.235525503755, 0.30143263936, 0.305013895035, 0.269627064466, 0.262544602156, 0.290084272623, 0.269761413336, 0.253715366125, 0.192162469029, 0.163225978613, 0.158578395844, 0.176544249058, 0.187545403838, 0.206391736865, 0.196308150887, 0.155742421746, 0.180603906512, 0.212514817715, 0.218692421913, 0.222959071398, 0.199547514319, 0.223519310355, 0.300122112036, 0.295317858458, 0.296123623848, 0.239759117365], "max": [1, 1, 1, 1, 1, 1, 1, 1, 1, 1, 1, 1, 1, 1, 1, 1, 1, 1, 1, 1, 1, 1, 1, 1, 1, 1, 1, 1, 1, 1, 1, 1, 1, 1, 1, 1], "dvar": [0.0349179878831, 0.0232724342495, 0.0181034971029, 0.0203730687499, 0.0266770999879, 0.0333094149828, 0.0357781723142, 0.0217016525567, 0.0231721699238, 0.0257629659027, 0.0375958792865, 0.0508383065462, 0.0513930879533, 0.043543830514, 0.048803601414, 0.0632929354906, 0.0601482018828, 0.051478844136, 0.0373075902462, 0.0275312103331, 0.0269663669169, 0.0350572131574, 0.0356008708477, 0.0380605533719, 0.0369658023119, 0.0258841570467, 0.0284643899649, 0.0390727855265, 0.0396926999092, 0.0436635911465, 0.0407459139824, 0.0405109263957, 0.0510888546705, 0.0519503764808, 0.0577346868813, 0.0473649129272], "mean": [0.0973887741566, 0.0707337483764, 0.0619275644422, 0.0649836882949, 0.0860279798508, 0.14708481729, 0.163112893701, 0.107648074627, 0.0876202955842, 0.100224085152, 0.14980468154, 0.269718945026, 0.296141207218, 0.197786256671, 0.139737814665, 0.142342612147, 0.157840818167, 0.154885515571, 0.119396932423, 0.0843364149332, 0.0933167487383, 0.115500926971, 0.126972183585, 0.151996001601, 0.131966784596, 0.0915030390024, 0.148537054658, 0.225818127394, 0.195286855102, 0.12567217648, 0.100823476911, 0.141471430659, 0.275028914213, 0.335466951132, 0.239969074726, 0.143727302551], "dvar2": [0.0988813862205, 0.0640696212649, 0.0506517589092, 0.0560842603445, 0.0734439194202, 0.0817482918501, 0.0834324285388, 0.0583508461714, 0.064332075417, 0.0708873942494, 0.105217494071, 0.133187964559, 0.130328953266, 0.11801097542, 0.13257227838, 0.183933719993, 0.171645745635, 0.15197481215, 0.102492846549, 0.07749556005, 0.0730190053582, 0.092644020915, 0.0972531884909, 0.09939417243, 0.101810187101, 0.0735274329782, 0.0730928108096, 0.0962248817086, 0.105268225074, 0.118438728154, 0.105919137597, 0.109871894121, 0.134768739343, 0.117475062609, 0.154379725456, 0.1349516958], "min": [0, 0, 0, 0, 0, 0, 0, 0, 0, 0, 0, 0, 0, 0, 0, 0, 0, 0, 0, 0, 0, 0, 0, 0, 0, 0, 0, 0, 0, 0, 0, 0, 0, 0, 0, 0], "var": [0.0377521961927, 0.0230203662068, 0.0169321391732, 0.0182500202209, 0.0251253675669, 0.0516494512558, 0.063520565629, 0.0266631022096, 0.024503454566, 0.0297353882343, 0.0445400550961, 0.095918469131, 0.107317298651, 0.0606735274196, 0.0507907047868, 0.0619102604687, 0.0734354630113, 0.065735116601, 0.0397023707628, 0.0230842232704, 0.030548626557, 0.046501185745, 0.0436207391322, 0.0557161606848, 0.0448542796075, 0.0240730512887, 0.0492919757962, 0.0975095853209, 0.0783900991082, 0.0466828159988, 0.0395646654069, 0.0420615896583, 0.0965682268143, 0.122379012406, 0.0916915610433, 0.0588198676705], "median": [0.015621910803, 0.0133189428598, 0.0142243728042, 0.0158813912421, 0.0270672608167, 0.0477131046355, 0.0431661009789, 0.0359454862773, 0.0224834214896, 0.026005987078, 0.0576814040542, 0.123180620372, 0.145028650761, 0.0937587842345, 0.035924103111, 0.023329904303, 0.0220478847623, 0.0344318412244, 0.0330433733761, 0.0257037170231, 0.0200914461166, 0.0225167423487, 0.040742918849, 0.0534687303007, 0.0497240684927, 0.0354074016213, 0.0509528368711, 0.0723822340369, 0.0544245019555, 0.0264910887927, 0.0181312412024, 0.0572750158608, 0.132892027497, 0.180473923683, 0.0886286199093, 0.027394592762]}}, "lowlevel": {"melbands_flatness_db": {"dmean": 0.0244810711592, "dmean2": 0.0371205210686, "max": 0.702330589294, "dvar": 0.000606340414379, "mean": 0.256960183382, "dvar2": 0.00126409775112, "min": 2.58860126223e-07, "var": 0.0102060576901, "median": 0.236975342035}, "melbands_crest": {"dmean": 3.0151720047, "dmean2": 5.00137758255, "max": 31.3722877502, "dvar": 7.98989200592, "mean": 14.5861434937, "dvar2": 21.0879878998, "min": 1.00268495083, "var": 34.4990539551, "median": 13.6132745743}, "spectral_entropy": {"dmean": 0.135137185454, "dmean2": 0.203067705035, "max": 9.81676292419, "dvar": 0.0224803648889, "mean": 7.2303147316, "dvar2": 0.044956818223, "min": 4.19198322296, "var": 0.500682473183, "median": 7.39174747467}, "melbands": {"dmean": [0.000676446710713, 0.00165151106194, 0.000831742363516, 0.000372578477254, 0.000154996014317, 0.000127608174807, 9.99314142973e-05, 9.03125692275e-05, 8.51126897032e-05, 0.000124941812828, 0.000142809964018, 6.8976842158e-05, 3.33120915457e-05, 2.7897007385e-05, 2.33885093621e-05, 1.94378480955e-05, 1.74552806129e-05, 1.3917690012e-05, 1.47236787598e-05, 1.64385146491e-05, 1.42457947732e-05, 1.18030720841e-05, 9.49111108639e-06, 5.61722890779e-06, 4.85093232783e-06, 3.79215998692e-06, 2.29203828894e-06, 1.61896605277e-06, 1.3831393062e-06, 1.4153417851e-06, 9.0363749905e-07, 7.38084850127e-07, 5.01812564835e-07, 4.51686759106e-07, 3.14956082548e-07, 2.84273795614e-07, 2.59876827613e-07, 2.05850952284e-07, 1.62721377706e-07, 1.10430889322e-07], "dmean2": [0.00111743272282, 0.00276323128492, 0.00139130791649, 0.000611096562352, 0.000254329177551, 0.000202833718504, 0.000156712529133, 0.000144265315612, 0.000136702612508, 0.000199768677703, 0.000227781521971, 0.000112327768875, 5.25290997757e-05, 4.48286518804e-05, 3.88682965422e-05, 3.18652637361e-05, 2.82698892988e-05, 2.21633472393e-05, 2.34354283748e-05, 2.64527261606e-05, 2.32365964621e-05, 1.84615273611e-05, 1.53442251758e-05, 9.13600615604e-06, 7.81818107498e-06, 6.05084460403e-06, 3.66625749848e-06, 2.59669309344e-06, 2.23260212806e-06, 2.25799794862e-06, 1.40019687933e-06, 1.13837540994e-06, 7.73031558765e-07, 7.00962004885e-07, 4.91471098485e-07, 4.34938272065e-07, 3.99177395138e-07, 3.02772150462e-07, 2.40977129806e-07, 1.60008056582e-07], "max": [0.0224196203053, 0.0445135943592, 0.0484423451126, 0.0160294678062, 0.00627571949735, 0.00716381333768, 0.00661986321211, 0.00403185933828, 0.00501673575491, 0.0136955752969, 0.00915657356381, 0.00566086918116, 0.00232076668181, 0.00340505572967, 0.00153933372349, 0.00104405719321, 0.00114765809849, 0.0011310671689, 0.00193024496548, 0.00076389539754, 0.00206225179136, 0.000875794386957, 0.000569942349102, 0.00047572600306, 0.000312036048854, 0.000230604404351, 0.000156451249495, 9.24621708691e-05, 5.58672181796e-05, 5.59242871532e-05, 4.07625448133e-05, 5.28642267454e-05, 5.61903507332e-05, 6.17540354142e-05, 3.53480245394e-05, 5.09091187268e-05, 7.79342080932e-05, 6.58969001961e-05, 4.25045909651e-05, 2.85982787318e-05], "dvar": [2.62839103016e-06, 9.89161071629e-06, 5.40700193596e-06, 8.42570102577e-07, 8.60403162051e-08, 7.35743981295e-08, 5.88689204051e-08, 3.95998824843e-08, 5.28332400052e-08, 1.60400958293e-07, 1.45396626294e-07, 4.16338785669e-08, 6.68165256457e-09, 5.20405807336e-09, 3.87464504925e-09, 1.56352597536e-09, 1.76432601862e-09, 1.17432152891e-09, 1.61543178834e-09, 1.56978785526e-09, 1.53086143762e-09, 8.31241131483e-10, 5.87443815814e-10, 1.76858555578e-10, 1.10591813485e-10, 6.89252821484e-11, 2.59412092501e-11, 1.26972399608e-11, 7.49953051049e-12, 6.9862904524e-12, 2.79173494218e-12, 3.61894130115e-12, 1.70876951911e-12, 1.54927036911e-12, 8.03732622991e-13, 1.03974847395e-12, 1.8591610456e-12, 1.24610011979e-12, 8.77498106729e-13, 4.04809351187e-13], "mean": [0.00120795168914, 0.00354407099076, 0.00132863922045, 0.000606235931627, 0.00026026184787, 0.000233177604969, 0.000189046855667, 0.000161420350196, 0.000143245735671, 0.000213966355659, 0.0002692269627, 0.000122687182738, 5.83720720897e-05, 4.96996617585e-05, 4.02892364946e-05, 3.66975582438e-05, 3.03679207718e-05, 2.52364152402e-05, 2.71696262644e-05, 3.04903896904e-05, 2.61350087385e-05, 2.16639564314e-05, 1.85929457075e-05, 1.20676922961e-05, 1.02264675661e-05, 8.55775124364e-06, 4.97095516039e-06, 3.20297340295e-06, 3.07900791086e-06, 3.3142941902e-06, 2.26308929996e-06, 1.71704925833e-06, 1.12911789074e-06, 1.05266508399e-06, 7.542083722e-07, 6.26988764907e-07, 5.54131702302e-07, 4.28768004213e-07, 3.36368941589e-07, 2.31144937857e-07], "dvar2": [7.35325602363e-06, 2.78130355582e-05, 1.34819038067e-05, 2.08858637052e-06, 2.23350994588e-07, 1.86727518781e-07, 1.58655439009e-07, 9.73943059535e-08, 1.27474848455e-07, 4.43680136186e-07, 3.66613676306e-07, 1.09339765686e-07, 1.56781041483e-08, 1.34710544941e-08, 1.05066186862e-08, 4.02370847752e-09, 4.60200233476e-09, 2.92220270204e-09, 3.96533206271e-09, 4.07475697628e-09, 3.15578918553e-09, 2.07589989643e-09, 1.58754098756e-09, 4.50709081168e-10, 2.75832523489e-10, 1.69470937283e-10, 6.6800794063e-11, 3.16056798788e-11, 1.9331659537e-11, 1.74228634992e-11, 6.86042195275e-12, 8.50614717551e-12, 4.13886416459e-12, 3.70999541852e-12, 1.90508568122e-12, 2.09043134365e-12, 4.44495048407e-12, 2.42727496089e-12, 1.77486606141e-12, 7.05244727634e-13], "min": [1.60678344619e-24, 1.35324749556e-24, 1.50691405002e-24, 2.47797815852e-24, 1.1070098888e-24, 1.8703791483e-24, 2.63071642091e-24, 2.31065721065e-24, 3.16507935963e-24, 2.69536830526e-24, 3.33880644969e-24, 2.208082416e-24, 3.66362189957e-24, 4.22027410316e-24, 4.12315743712e-24, 4.91593267015e-24, 3.51677268105e-24, 2.80154779981e-24, 4.32345513741e-24, 4.07280562883e-24, 5.10573575939e-24, 3.85603099081e-24, 3.64605870038e-24, 5.77525344814e-24, 6.03386847971e-24, 3.39572907489e-24, 6.60730922108e-24, 5.09880798292e-24, 6.02182139039e-24, 6.88925086962e-24, 7.30066944183e-24, 7.3158802578e-24, 5.64703791306e-24, 7.24657882728e-24, 5.71588417084e-24, 5.08514806749e-24, 6.01817882516e-24, 6.39798931862e-24, 5.3540360402e-24, 6.47573432184e-24], "var": [3.39290227203e-06, 2.39051641984e-05, 6.61613694319e-06, 1.12201553293e-06, 1.58510076176e-07, 1.54177058675e-07, 1.17403445188e-07, 9.13053241902e-08, 1.13691640991e-07, 3.40590673886e-07, 4.15717153146e-07, 9.95323503616e-08, 1.58071475909e-08, 9.77092273757e-09, 7.82745779304e-09, 3.9097169946e-09, 3.36280403523e-09, 2.81192491514e-09, 3.97375510275e-09, 3.36829741876e-09, 3.45669270985e-09, 1.91755877843e-09, 1.43463763091e-09, 6.75255962257e-10, 3.51831508372e-10, 2.47024595224e-10, 7.32008620385e-11, 3.14289115566e-11, 2.47022645394e-11, 2.48181128426e-11, 1.21422212562e-11, 1.19465435808e-11, 5.09543102156e-12, 4.20807442711e-12, 2.3391499241e-12, 2.50026280062e-12, 3.0937071481e-12, 2.85716610961e-12, 2.14969795437e-12, 1.17467830168e-12], "median": [0.000406480830861, 0.001186466543, 0.000636458978988, 0.00022813573014, 0.000124147889437, 7.7718461398e-05, 6.78438009345e-05, 5.18891683896e-05, 3.69613699149e-05, 5.20570647495e-05, 7.61441115174e-05, 3.85134735552e-05, 2.24789819185e-05, 1.68432725332e-05, 1.27070825329e-05, 1.56021396833e-05, 1.18197403935e-05, 8.63425429998e-06, 7.92812988948e-06, 1.14325212053e-05, 1.05467315734e-05, 7.8658313214e-06, 5.99584336669e-06, 3.76059915652e-06, 3.38026256941e-06, 2.32381762544e-06, 1.25075405322e-06, 8.79950391663e-07, 6.28478119324e-07, 1.06695949853e-06, 7.27354517949e-07, 1.70826112367e-07, 1.5048490809e-07, 1.20534295434e-07, 6.90257024871e-08, 6.28093559385e-08, 4.92989862266e-08, 3.82973865953e-08, 3.02848910394e-08, 2.08255119816e-08]}, "silence_rate_60dB": {"dmean": 0.018527790904, "dmean2": 0.0370602235198, "max": 1, "dvar": 0.0181841086596, "mean": 0.282263100147, "dvar2": 0.0396929867566, "min": 0, "var": 0.202586278319, "median": 0}, "spectral_energyband_middle_high": {"dmean": 0.00129091052804, "dmean2": 0.00196596607566, "max": 0.0664039328694, "dvar": 5.89717819821e-06, "mean": 0.00445283995941, "dvar2": 1.4680465938e-05, "min": 1.27899621529e-21, "var": 3.82023536076e-05, "median": 0.00228664139286}, "erbbands_skewness": {"dmean": 0.331321954727, "dmean2": 0.519954562187, "max": 6.72243118286, "dvar": 0.10199611634, "mean": 0.377522408962, "dvar2": 0.24791637063, "min": -4.47773504257, "var": 0.961713433266, "median": 0.268078178167}, "dynamic_complexity": 8.28690052032, "dissonance": {"dmean": 0.0206788871437, "dmean2": 0.0352875292301, "max": 0.500000119209, "dvar": 0.000568479532376, "mean": 0.457165926695, "dvar2": 0.00159568118397, "min": 0.0560277402401, "var": 0.0020904194098, "median": 0.470041662455}, "spectral_skewness": {"dmean": 0.339968711138, "dmean2": 0.561755418777, "max": 16.6946315765, "dvar": 0.221877411008, "mean": 2.12820792198, "dvar2": 0.581742703915, "min": -0.110268212855, "var": 3.54646468163, "median": 1.56137013435}, "spectral_kurtosis": {"dmean": 4.49699449539, "dmean2": 7.59598064423, "max": 440.397277832, "dvar": 111.489845276, "mean": 14.0087194443, "dvar2": 306.870483398, "min": -1.30159640312, "var": 1222.23876953, "median": 5.04120731354}, "gfcc": {"cov": [[53837.5, -2003.33911133, -2992.32128906, 5477.07958984, 475.359191895, 4214.45019531, -278.136047363, 1137.31872559, 684.24597168, 1192.25354004, -938.695922852, -95.1748733521, 309.607788086], [-2003.33911133, 2310.84399414, -498.104553223, -304.002563477, 343.761505127, -708.906433105, 303.88760376, -479.192260742, 219.023956299, -334.760314941, 54.8836898804, -199.02293396, 201.350143433], [-2992.32128906, -498.104553223, 2155.98901367, -76.6587371826, -94.1954345703, 154.47984314, -162.131698608, 187.906051636, -134.851913452, 201.849090576, -25.5134963989, 116.097297668, -87.5595779419], [5477.07958984, -304.002563477, -76.6587371826, 1458.35925293, 413.796844482, 581.899353027, 103.403808594, -113.804328918, 339.916992188, 205.198684692, -204.968765259, -28.1200122833, 204.762878418], [475.359191895, 343.761505127, -94.1954345703, 413.796844482, 505.994689941, 63.1946105957, 116.326759338, -121.205276489, 186.14050293, 28.5245742798, -59.4333000183, -26.4141750336, 128.456939697], [4214.45019531, -708.906433105, 154.47984314, 581.899353027, 63.1946105957, 677.929748535, -34.6789932251, 188.830001831, 34.9831581116, 207.007522583, -70.1606216431, 38.4223594666, -0.238478854299], [-278.136047363, 303.88760376, -162.131698608, 103.403808594, 116.326759338, -34.6789932251, 288.968811035, -96.4254379272, 139.778884888, -36.2004013062, -9.35430812836, -28.733083725, 72.8810195923], [1137.31872559, -479.192260742, 187.906051636, -113.804328918, -121.205276489, 188.830001831, -96.4254379272, 350.996368408, -111.705162048, 96.487449646, 25.4316539764, 67.7905273438, -98.7661514282], [684.24597168, 219.023956299, -134.851913452, 339.916992188, 186.14050293, 34.9831581116, 139.778884888, -111.705162048, 267.259490967, 35.408454895, -69.2403793335, -46.0550613403, 119.329582214], [1192.25354004, -334.760314941, 201.849090576, 205.198684692, 28.5245742798, 207.007522583, -36.2004013062, 96.487449646, 35.408454895, 169.023773193, -19.4042015076, 41.9476280212, -6.57558298111], [-938.695922852, 54.8836898804, -25.5134963989, -204.968765259, -59.4333000183, -70.1606216431, -9.35430812836, 25.4316539764, -69.2403793335, -19.4042015076, 118.259887695, 24.5530471802, -38.3988952637], [-95.1748733521, -199.02293396, 116.097297668, -28.1200122833, -26.4141750336, 38.4223594666, -28.733083725, 67.7905273438, -46.0550613403, 41.9476280212, 24.5530471802, 90.8181381226, -10.0927343369], [309.607788086, 201.350143433, -87.5595779419, 204.762878418, 128.456939697, -0.238478854299, 72.8810195923, -98.7661514282, 119.329582214, -6.57558298111, -38.3988952637, -10.0927343369, 128.579925537]], "mean": [-120.45589447, 132.222610474, -128.492324829, 22.2467422485, -50.4690551758, -1.82132899761, -27.4658737183, 4.00028276443, -21.9277858734, -10.6770524979, -16.4788551331, -5.21322965622, -9.88099098206], "icov": [[0.000171216175659, -0.00053648307221, 0.00037154063466, -0.000513034465257, 0.000527436146513, -0.000859041640069, 0.000307270063786, -0.000578628270887, 0.000318129052175, -0.000581360945944, 0.000965936924331, -0.000383815146051, 0.000284063542495], [-0.00053648307221, 0.0029862280935, -0.00124066532589, 0.00183820584789, -0.00236048083752, 0.00340197002515, -0.0013416823931, 0.00202982453629, -0.00116210745182, 0.00265684491023, -0.00404699053615, 0.00310223782435, -0.00222320714965], [0.00037154063466, -0.00124066532589, 0.00139865314122, -0.00101340527181, 0.00115644291509, -0.00182934710756, 0.000715790607501, -0.00118925515562, 0.00104737735819, -0.00220954581164, 0.00263560656458, -0.00128564226907, 0.000737681461032], [-0.000513034465257, 0.00183820584789, -0.00101340527181, 0.00395735399798, -0.00234710052609, 0.00087940657977, -0.000667384592816, 0.0028532682918, -0.00205988041125, 0.00106118421536, -0.00159780890681, 0.00127636850812, -0.00212994776666], [0.000527436146513, -0.00236048083752, 0.00115644291509, -0.00234710052609, 0.00512680970132, -0.00277161132544, 0.000790338090155, -0.00178269541357, 0.000480578455608, -0.00241772597656, 0.00323391938582, -0.00206785695627, 0.000241088011535], [-0.000859041640069, 0.00340197002515, -0.00182934710756, 0.00087940657977, -0.00277161132544, 0.00887748133391, -0.00235165539198, 0.00116275332402, 3.53831455868e-05, 0.0006999745965, -0.00518842646852, 0.00385174760595, -0.00213766656816], [0.000307270063786, -0.0013416823931, 0.000715790607501, -0.000667384592816, 0.000790338090155, -0.00235165539198, 0.00601775664836, -0.000804232491646, -0.00279397913255, 0.000831593351904, 0.000889149203431, -0.00195933855139, 0.000835962942801], [-0.000578628270887, 0.00202982453629, -0.00118925515562, 0.0028532682918, -0.00178269541357, 0.00116275332402, -0.000804232491646, 0.00782041810453, -0.0011032888433, 0.000432279339293, -0.00281650177203, -0.000714884605259, 0.00125589419622], [0.000318129052175, -0.00116210745182, 0.00104737735819, -0.00205988041125, 0.000480578455608, 3.53831455868e-05, -0.00279397913255, -0.0011032888433, 0.0125516271219, -0.00672079343349, 0.00375594408251, 0.00374222709797, -0.00527341058478], [-0.000581360945944, 0.00265684491023, -0.00220954581164, 0.00106118421536, -0.00241772597656, 0.0006999745965, 0.000831593351904, 0.000432279339293, -0.00672079343349, 0.0176358837634, -0.00525891082361, -0.00263775093481, 0.00168381433468], [0.000965936924331, -0.00404699053615, 0.00263560656458, -0.00159780890681, 0.00323391938582, -0.00518842646852, 0.000889149203431, -0.00281650177203, 0.00375594408251, -0.00525891082361, 0.0189699828625, -0.00656954245642, 0.00383774773218], [-0.000383815146051, 0.00310223782435, -0.00128564226907, 0.00127636850812, -0.00206785695627, 0.00385174760595, -0.00195933855139, -0.000714884605259, 0.00374222709797, -0.00263775093481, -0.00656954245642, 0.0211184509099, -0.00811953470111], [0.000284063542495, -0.00222320714965, 0.000737681461032, -0.00212994776666, 0.000241088011535, -0.00213766656816, 0.000835962942801, 0.00125589419622, -0.00527341058478, 0.00168381433468, 0.00383774773218, -0.00811953470111, 0.0202039144933]]}, "spectral_complexity": {"dmean": 2.82348513603, "dmean2": 4.2203578949, "max": 53, "dvar": 10.835021019, "mean": 16.6155967712, "dvar2": 21.6183509827, "min": 0, "var": 153.51411438, "median": 14}, "spectral_flux": {"dmean": 0.0185829661787, "dmean2": 0.0297351665795, "max": 0.377011805773, "dvar": 0.000784523028415, "mean": 0.0667171180248, "dvar2": 0.0018740183441, "min": 6.19341591901e-11, "var": 0.00296256365255, "median": 0.0614726096392}, "spectral_energyband_low": {"dmean": 0.00617365445942, "dmean2": 0.0102229267359, "max": 0.151938855648, "dvar": 0.000140539690619, "mean": 0.013706238009, "dvar2": 0.000386580417398, "min": 1.95478722572e-23, "var": 0.000302154337987, "median": 0.00625508697703}, "spectral_decrease": {"dmean": 2.07555994614e-09, "dmean2": 3.36158123559e-09, "max": 2.56705957442e-17, "dvar": 1.44653590123e-17, "mean": -6.7646359625e-09, "dvar2": 3.63484634765e-17, "min": -4.78221089395e-08, "var": 4.7563073819e-17, "median": -5.10970687984e-09}, "barkbands_spread": {"dmean": 3.50993132591, "dmean2": 5.53272294998, "max": 93.3702011108, "dvar": 17.2861824036, "mean": 16.4470558167, "dvar2": 41.0785331726, "min": 0.60449552536, "var": 118.781547546, "median": 15.2738647461}, "spectral_rms": {"dmean": 0.000635362288449, "dmean2": 0.00100144883618, "max": 0.0133913699538, "dvar": 9.29222267132e-07, "mean": 0.00422292947769, "dvar2": 2.15128329728e-06, "min": 3.13086492496e-12, "var": 8.3260520114e-06, "median": 0.00446102162823}, "spectral_centroid": {"dmean": 172.33392334, "dmean2": 264.379211426, "max": 11653.3974609, "dvar": 55652.9765625, "mean": 1133.69226074, "dvar2": 98505.0546875, "min": 163.707763672, "var": 605473.4375, "median": 1080.15380859}, "barkbands_skewness": {"dmean": 0.498968064785, "dmean2": 0.799397230148, "max": 10.0682287216, "dvar": 0.279072225094, "mean": 1.52903676033, "dvar2": 0.688050866127, "min": -3.65957736969, "var": 1.64928841591, "median": 1.31780540943}, "spectral_rolloff": {"dmean": 291.196868896, "dmean2": 491.088775635, "max": 19659.8144531, "dvar": 486242.46875, "mean": 1188.8326416, "dvar2": 1223504.5, "min": 107.666015625, "var": 2973443, "median": 861.328125}, "erbbands_spread": {"dmean": 5.49432611465, "dmean2": 8.62409210205, "max": 142.242492676, "dvar": 37.5109405518, "mean": 30.3211650848, "dvar2": 86.6276931763, "min": 1.17082643509, "var": 274.1328125, "median": 29.4024543762}, "barkbands": {"dmean": [1.61841653608e-05, 0.00353141874075, 0.00327854137868, 0.00188600982074, 0.00149535224773, 0.000600710103754, 0.000486707052914, 0.000459267146653, 0.00086356443353, 0.000814764527604, 0.000241421657847, 0.000253833772149, 0.000188895486644, 0.000188500591321, 0.000182744508493, 0.000235097599216, 0.000193568470422, 0.000116829025501, 9.75336515694e-05, 5.22381669725e-05, 4.5563599997e-05, 2.87027742161e-05, 1.88125122804e-05, 1.69019895111e-05, 9.72747329797e-06, 3.65208916264e-06, 4.45299662033e-07], "dmean2": [2.54822589341e-05, 0.00585543224588, 0.00556228077039, 0.00318664545193, 0.00245122704655, 0.000961063837167, 0.000757845584303, 0.000744345714338, 0.00138569844421, 0.00131357077044, 0.000386182946386, 0.000409267755458, 0.000313855562126, 0.000303379812976, 0.000287822680548, 0.00037919494207, 0.000304769724607, 0.00018715664919, 0.000155281479238, 8.31486468087e-05, 7.0845540904e-05, 4.33058266935e-05, 2.85648966383e-05, 2.51153360296e-05, 1.34078445626e-05, 5.0734506658e-06, 6.92094431543e-07], "max": [0.000867259048391, 0.107501983643, 0.0854493379593, 0.143519505858, 0.0555112734437, 0.031148225069, 0.0288035590202, 0.0273316632956, 0.0718281045556, 0.0525744706392, 0.0212671048939, 0.02363226749, 0.00763449352235, 0.010359313339, 0.0178987942636, 0.0247836969793, 0.0112891914323, 0.00765104033053, 0.00503181898966, 0.00284385704435, 0.00165864208248, 0.00256981840357, 0.00206953147426, 0.00451734941453, 0.00294478912838, 0.000561723776627, 0.000326636451064], "dvar": [3.04238501059e-09, 6.27525732853e-05, 3.5438391933e-05, 4.14704190916e-05, 1.07478517748e-05, 1.52873019488e-06, 1.2127629816e-06, 1.38028860874e-06, 6.67469475957e-06, 5.13549230163e-06, 4.16108633772e-07, 3.87160810078e-07, 1.49830313489e-07, 1.78373923632e-07, 2.10618793517e-07, 3.27696852764e-07, 2.0622331931e-07, 6.33142676065e-08, 3.98619235398e-08, 1.18436309648e-08, 6.58154553079e-09, 5.09615771804e-09, 3.08505998525e-09, 7.05487313013e-09, 3.26869331602e-09, 2.41062725337e-10, 2.14880422483e-11], "mean": [1.78831960511e-05, 0.00635482277721, 0.00626261113212, 0.00232520443387, 0.00255218148232, 0.00106259295717, 0.000895446457434, 0.000784959469456, 0.00148226891179, 0.00146548380144, 0.000394920294639, 0.00045048748143, 0.000344479223713, 0.000334986136295, 0.000343025836628, 0.000449347367976, 0.000363345432561, 0.000263826135779, 0.000231843441725, 0.000114656140795, 0.000123611520394, 7.45404759073e-05, 4.772119064e-05, 4.08095693274e-05, 2.26829088206e-05, 8.63096465764e-06, 6.66349933454e-07], "dvar2": [7.53198303727e-09, 0.000178161732038, 0.000100218050648, 0.000105461600469, 2.72297875199e-05, 3.88763919545e-06, 3.15801776196e-06, 3.35549543706e-06, 1.80240149348e-05, 1.35001400849e-05, 9.80620029623e-07, 1.00328838926e-06, 3.98655231493e-07, 4.6627067718e-07, 5.12407893893e-07, 7.50585002152e-07, 5.39486507023e-07, 1.57115422894e-07, 9.8495050338e-08, 2.98345703698e-08, 1.57197561634e-08, 1.17657892318e-08, 7.15243864136e-09, 1.39908022945e-08, 5.10195885539e-09, 3.84086235039e-10, 5.6286836303e-11], "min": [1.7388125321e-24, 1.46402772552e-24, 2.1147211223e-24, 2.42562855999e-24, 1.03125790321e-23, 7.79835310946e-24, 1.2210953079e-23, 1.46091486066e-23, 1.75312029955e-23, 2.10722055393e-23, 2.07108946229e-23, 4.90332525294e-23, 5.31549371632e-23, 3.40542480651e-23, 4.90529361867e-23, 5.08685342699e-23, 6.77729020793e-23, 1.24059269937e-22, 1.5829046897e-22, 1.86513678105e-22, 3.28339080126e-22, 3.32594587124e-22, 3.85542830108e-22, 5.65051650566e-22, 8.77658723784e-22, 1.49367977553e-21, 2.10618258337e-21], "var": [3.45856543404e-09, 8.83637912921e-05, 8.58330749907e-05, 4.43528151663e-05, 1.53731725732e-05, 3.12336419483e-06, 2.55569284491e-06, 3.37570941156e-06, 1.45326630445e-05, 1.41706068462e-05, 8.4926909949e-07, 7.74241016188e-07, 3.56125241296e-07, 3.78657176725e-07, 5.50044376268e-07, 7.58954740832e-07, 5.05454352151e-07, 2.5500739298e-07, 1.54982330969e-07, 3.3560930035e-08, 3.16859427585e-08, 1.9586771316e-08, 9.17158082814e-09, 1.74249965568e-08, 9.97762672483e-09, 7.58044071958e-10, 1.92940195071e-11], "median": [6.600356528e-07, 0.00187913596164, 0.00180133001413, 0.000586782174651, 0.00115240807645, 0.000362828985089, 0.000306814152282, 0.000184514734428, 0.000377411168301, 0.000372800335754, 0.000140911884955, 0.000150517269503, 0.000139103489346, 0.00013339058205, 0.000103155944089, 0.000177630659891, 0.000124725615024, 8.88530776137e-05, 7.10828971933e-05, 3.01606778521e-05, 4.0438506403e-05, 8.73505450727e-06, 4.82194855067e-06, 4.03607964472e-06, 2.31012495533e-06, 6.57479745314e-07, 6.45714504088e-09]}, "melbands_kurtosis": {"dmean": 6.34785223007, "dmean2": 10.1914930344, "max": 316.479888916, "dvar": 131.188049316, "mean": 13.0895051956, "dvar2": 310.747253418, "min": -1.82783281803, "var": 473.016845703, "median": 5.77184963226}, "erbbands_crest": {"dmean": 2.46483969688, "dmean2": 4.04940366745, "max": 28.4264812469, "dvar": 5.57408332825, "mean": 9.3815279007, "dvar2": 14.650475502, "min": 2.51194238663, "var": 20.1473197937, "median": 8.28113555908}, "melbands_skewness": {"dmean": 0.659997224808, "dmean2": 1.05431067944, "max": 12.7425680161, "dvar": 0.513803601265, "mean": 2.37509799004, "dvar2": 1.27207052708, "min": -2.0625371933, "var": 3.08403921127, "median": 2.05265760422}, "spectral_energyband_middle_low": {"dmean": 0.00394117739052, "dmean2": 0.00631579663604, "max": 0.17122669518, "dvar": 8.29984637676e-05, "mean": 0.00955525226891, "dvar2": 0.000199513146072, "min": 1.6557247554e-22, "var": 0.000154558510985, "median": 0.0065464489162}, "spectral_contrast_coeffs": {"dmean": [0.049890499562, 0.0431720502675, 0.0365474410355, 0.0281021017581, 0.0192257165909, 0.0177476368845], "dmean2": [0.0828453302383, 0.0705699697137, 0.0597729496658, 0.0457430779934, 0.0313298031688, 0.0276518668979], "max": [-0.319956034422, -0.48531460762, -0.51400154829, -0.535170376301, -0.59217518568, -0.539845466614], "dvar": [0.00171503587626, 0.00135338644031, 0.000961779966019, 0.000573857629206, 0.000279330037301, 0.00039715343155], "mean": [-0.621497154236, -0.754554986954, -0.765313386917, -0.795670509338, -0.790530204773, -0.747897803783], "dvar2": [0.00447470648214, 0.00351813458838, 0.00242903223261, 0.00146686704829, 0.000700506090652, 0.000887172296643], "min": [-0.991196751595, -0.991505980492, -0.990851342678, -0.987666368484, -0.994566142559, -0.963463485241], "var": [0.00713663594797, 0.00663542980328, 0.00643436191604, 0.003446347313, 0.00251545617357, 0.00678513152525], "median": [-0.623751878738, -0.757454276085, -0.770913243294, -0.797612726688, -0.786687016487, -0.737508177757]}, "spectral_contrast_valleys": {"dmean": [0.44593718648, 0.343984246254, 0.313573777676, 0.286850363016, 0.247364908457, 0.275850266218], "dmean2": [0.729624986649, 0.553930461407, 0.493236422539, 0.440209567547, 0.355332642794, 0.357490718365], "max": [-5.17236375809, -4.94680929184, -5.14421510696, -5.77095556259, -5.99677944183, -7.81248140335], "dvar": [0.170145019889, 0.121780559421, 0.109263420105, 0.109808288515, 0.123738229275, 0.181855499744], "mean": [-8.31554222107, -7.48533725739, -7.94588470459, -8.59377765656, -8.71697711945, -12.0549402237], "dvar2": [0.371931105852, 0.231587544084, 0.198763132095, 0.190995946527, 0.184593245387, 0.280240565538], "min": [-27.8153438568, -27.8879528046, -27.711681366, -27.6186408997, -27.5075130463, -27.4396705627], "var": [7.10628223419, 4.50098323822, 5.19009542465, 6.68662643433, 6.57675409317, 7.0603685379], "median": [-7.25500583649, -6.9213218689, -7.27551221848, -7.74382305145, -7.84396839142, -11.0428380966]}, "silence_rate_20dB": {"dmean": 0, "dmean2": 0, "max": 1, "dvar": 0, "mean": 1, "dvar2": 0, "min": 1, "var": 0, "median": 1}, "silence_rate_30dB": {"dmean": 0.00951427128166, "dmean2": 0.0190309248865, "max": 1, "dvar": 0.00942411180586, "mean": 0.994492411613, "dvar2": 0.0266826990992, "min": 0, "var": 0.00547740468755, "median": 1}, "spectral_strongpeak": {"dmean": 0.319272875786, "dmean2": 0.550432145596, "max": 11.2238922119, "dvar": 0.463166415691, "mean": 0.650777757168, "dvar2": 1.1722663641, "min": 0, "var": 0.68077647686, "median": 0.431167662144}, "spectral_spread": {"dmean": 325433.6875, "dmean2": 473966.59375, "max": 41992244, "dvar": 544938786816, "mean": 3452046.75, "dvar2": 800464437248, "min": 246776.25, "var": 6767581331460.0, "median": 3289390.5}, "barkbands_flatness_db": {"dmean": 0.0208731871098, "dmean2": 0.0320888757706, "max": 0.562207877636, "dvar": 0.000409630127251, "mean": 0.193594023585, "dvar2": 0.000876497826539, "min": 0.0266882646829, "var": 0.00717890262604, "median": 0.181423693895}, "pitch_salience": {"dmean": 0.0698294788599, "dmean2": 0.11572176218, "max": 0.995937943459, "dvar": 0.0039928345941, "mean": 0.557438731194, "dvar2": 0.0107706319541, "min": 0.139027863741, "var": 0.0185690987855, "median": 0.55488973856}, "erbbands_kurtosis": {"dmean": 1.09318292141, "dmean2": 1.83281171322, "max": 68.8653717041, "dvar": 5.20905017853, "mean": 1.58681023121, "dvar2": 16.9815483093, "min": -1.78767359257, "var": 33.4009552002, "median": -0.0390827655792}, "average_loudness": 0.567266583443, "barkbands_crest": {"dmean": 2.3676571846, "dmean2": 3.95104312897, "max": 22.7137794495, "dvar": 4.62136983871, "mean": 9.93143367767, "dvar2": 12.6905117035, "min": 2.4038374424, "var": 11.7166872025, "median": 9.51587104797}, "hfc": {"dmean": 2.99735999107, "dmean2": 4.42630195618, "max": 86.653503418, "dvar": 21.6029815674, "mean": 14.1308259964, "dvar2": 46.0570487976, "min": 1.07692933584e-16, "var": 234.896102905, "median": 9.05147075653}, "barkbands_kurtosis": {"dmean": 3.04311108589, "dmean2": 4.96632575989, "max": 155.19128418, "dvar": 30.2508773804, "mean": 5.50071907043, "dvar2": 77.5730361938, "min": -1.83124315739, "var": 108.405288696, "median": 1.90248346329}, "erbbands": {"dmean": [0.0407879129052, 0.987209141254, 3.61572384834, 4.45075416565, 6.58341836929, 4.41919231415, 4.17493200302, 5.91681098938, 6.89065265656, 7.80793952942, 10.1971406937, 17.8084259033, 27.6020469666, 14.5293493271, 8.93088817596, 9.41663646698, 8.38168525696, 8.91971206665, 7.92897939682, 11.2459230423, 11.8260011673, 10.5603733063, 6.84492397308, 5.40885734558, 3.80266523361, 2.3602142334, 2.01862406731, 1.62153279781, 1.07636165619, 0.746684491634, 0.485254228115, 0.407829046249, 0.264060825109, 0.133726209402, 0.0628262832761, 0.0238668993115, 0.00524739501998, 0.000856299186125, 6.57718774164e-05, 9.39229266805e-06], "dmean2": [0.0668148696423, 1.63917589188, 6.06932401657, 7.55363416672, 10.8143520355, 7.22836828232, 6.90572357178, 9.4738817215, 10.7628231049, 12.4110956192, 16.223695755, 28.577009201, 43.9627952576, 23.4803924561, 14.0366830826, 15.2391033173, 13.7838115692, 14.3509426117, 12.4772958755, 17.9762916565, 19.0275211334, 16.5002632141, 10.9286355972, 8.65086460114, 5.99441719055, 3.73065423965, 3.20679092407, 2.50439882278, 1.62462770939, 1.13127076626, 0.736112296581, 0.614740371704, 0.386131286621, 0.191858977079, 0.0863689780235, 0.0336501151323, 0.00725421262905, 0.00124835246243, 9.82418423519e-05, 1.48873359649e-05], "max": [1.63482630253, 29.6625156403, 96.702545166, 234.099105835, 383.680877686, 203.824813843, 171.508270264, 346.347381592, 457.893890381, 408.604919434, 566.911437988, 2232.41357422, 1789.70043945, 1126.25109863, 510.509643555, 824.63482666, 346.499298096, 555.117614746, 682.921691895, 836.249694824, 1713.99194336, 651.304016113, 265.632171631, 323.751434326, 182.230926514, 108.865592957, 79.2256317139, 61.7611198425, 79.0089416504, 105.135902405, 62.9907417297, 104.957366943, 76.1115112305, 32.4244384766, 25.9582824707, 4.7819314003, 0.920431494713, 0.379101634026, 0.0425649248064, 0.000606167071965], "dvar": [0.0123623451218, 4.68298816681, 45.3049621582, 133.133285522, 368.403747559, 109.975090027, 67.8964385986, 168.945144653, 302.944488525, 289.753387451, 723.053527832, 3766.23803711, 5470.92480469, 1755.96081543, 419.252838135, 555.63092041, 274.881286621, 420.298065186, 370.038330078, 756.497558594, 988.849853516, 599.604248047, 194.355300903, 131.194641113, 63.9342193604, 25.9370174408, 14.5819778442, 8.34635257721, 7.32338142395, 3.96822047234, 2.23314833641, 3.60650205612, 2.11820197105, 0.585343658924, 0.153955638409, 0.0124319801107, 0.0004783688928, 3.3683503716e-05, 3.37660594596e-07, 3.15618364777e-10], "mean": [0.0710211396217, 1.8547296524, 7.60935688019, 6.70459222794, 9.25135993958, 7.58484506607, 6.76073026657, 10.5879068375, 12.8917284012, 14.1686220169, 18.1977996826, 31.2912197113, 52.7464675903, 27.3915348053, 17.4009494781, 17.4271831512, 16.8350887299, 16.9676990509, 16.0532970428, 21.9867572784, 23.8598041534, 21.3617744446, 16.1084957123, 12.8344373703, 9.63341522217, 5.44349336624, 5.21859359741, 4.37496709824, 2.77410912514, 1.91788005829, 1.2638463974, 0.954870522022, 0.593694329262, 0.307140737772, 0.135711893439, 0.0546896271408, 0.0119119705632, 0.00178646331187, 0.000111956323963, 3.31994451699e-05], "dvar2": [0.033563490957, 13.3587265015, 126.936981201, 340.676971436, 914.330566406, 279.345458984, 172.760513306, 428.134460449, 814.696044922, 690.989074707, 1711.40429688, 10354.734375, 13698.4716797, 4575.34130859, 1011.26080322, 1445.44750977, 728.815551758, 1098.31225586, 907.939025879, 1924.69665527, 2014.26721191, 1525.49499512, 491.473571777, 322.343200684, 150.378189087, 64.1997375488, 36.7568321228, 19.8575954437, 16.8778419495, 9.25522422791, 4.98321723938, 8.18445491791, 4.0374121666, 0.922519087791, 0.272786796093, 0.0189287420362, 0.000907264067791, 8.66661939654e-05, 7.86097473338e-07, 7.59715179655e-10], "min": [1.27227095519e-22, 2.55828626549e-22, 3.82127029572e-21, 6.65132820549e-21, 1.96346779558e-20, 2.56314401288e-20, 2.89819691273e-20, 7.18229681393e-20, 1.53240908267e-19, 2.12480184543e-19, 4.01543377082e-19, 4.3137838591e-19, 6.98405444984e-19, 5.76457619395e-19, 1.33391838344e-18, 2.09360467692e-18, 2.46037531976e-18, 2.2863652634e-18, 2.16558179793e-18, 3.40489232938e-18, 4.32005704177e-18, 4.14826444984e-18, 6.93192738879e-18, 8.32587147755e-18, 9.01033696466e-18, 8.19250183866e-18, 1.16262013533e-17, 1.29984443587e-17, 1.40346344868e-17, 1.35824636496e-17, 1.09947085126e-17, 1.05314220223e-17, 9.7916479307e-18, 8.76521274347e-18, 6.58304783542e-18, 4.60199576329e-18, 2.62900952931e-18, 9.76885000584e-19, 2.54034145451e-19, 2.90202391553e-20], "var": [0.0148949613795, 7.10407066345, 123.614677429, 157.316940308, 440.277191162, 164.356903076, 118.332321167, 346.447967529, 612.525085449, 661.408874512, 1727.64819336, 7890.81640625, 15690.1308594, 4255.55761719, 1062.33666992, 1142.53649902, 765.19720459, 883.377746582, 1023.07983398, 1836.76843262, 2387.13964844, 1569.47180176, 778.514648438, 517.419494629, 273.04510498, 77.6290283203, 61.4279747009, 40.3836402893, 28.0554847717, 13.0145301819, 6.72404146194, 7.32109880447, 5.31495904922, 1.86458957195, 0.371802061796, 0.0389936752617, 0.00131633796263, 4.08519881603e-05, 4.05524048119e-07, 1.18157084117e-09], "median": [0.0258402768523, 0.548829674721, 2.01900887489, 3.19554233551, 2.59763050079, 3.06090807915, 3.25472784042, 3.36049032211, 4.42448425293, 5.26520490646, 5.08745241165, 8.38069248199, 15.0851202011, 9.52917385101, 7.31598758698, 5.86004734039, 7.19179725647, 7.18222427368, 5.75337076187, 7.73957967758, 10.2518606186, 8.65566539764, 5.75843286514, 4.35329198837, 2.5412530899, 1.55349576473, 1.34264063835, 1.46347272396, 0.375908702612, 0.249452039599, 0.12610283494, 0.0933176726103, 0.0564408414066, 0.0294534340501, 0.0127135831863, 0.00426911888644, 0.000934390584007, 8.77675338415e-05, 1.79921080417e-05, 2.52482004726e-05]}, "spectral_energy": {"dmean": 0.00801357626915, "dmean2": 0.0129594700411, "max": 0.183812007308, "dvar": 0.000212911560084, "mean": 0.0268130712211, "dvar2": 0.000532930251211, "min": 1.00473735442e-20, "var": 0.000735610316042, "median": 0.0203982312232}, "zerocrossingrate": {"dmean": 0.00596903637052, "dmean2": 0.00725403614342, "max": 0.62890625, "dvar": 9.5416980912e-05, "mean": 0.0466838181019, "dvar2": 9.51900656219e-05, "min": 0.00439453125, "var": 0.00205935304984, "median": 0.04150390625}, "spectral_energyband_high": {"dmean": 0.00010665076843, "dmean2": 0.0001518582