{"lowlevel": {"spectral_strongpeak": {"max": 22.8300476074, "dmean": 0.350360393524, "dvar2": 1.60871148109, "dmean2": 0.616704583168, "var": 1.52574753761, "median": 0.322884351015, "min": 0, "dvar": 0.625598788261, "mean": 0.649269282818}, "barkbands_flatness_db": {"max": 0.625007331371, "dmean": 0.0218601599336, "dvar2": 0.00123696005903, "dmean2": 0.0341363102198, "var": 0.00683156074956, "median": 0.123452723026, "min": 0.0296726915985, "dvar": 0.000550153141376, "mean": 0.144798353314}, "barkbands_skewness": {"max": 48.9232406616, "dmean": 0.724183440208, "dvar2": 1.69530332088, "dmean2": 1.10895872116, "var": 9.20991611481, "median": 1.10100007057, "min": -12.985458374, "dvar": 0.844118595123, "mean": 1.690934062}, "spectral_energyband_middle_high": {"max": 0.0497331470251, "dmean": 0.00112764083315, "dvar2": 7.21298420103e-06, "dmean2": 0.00168902252335, "var": 2.75897200481e-05, "median": 0.0030572405085, "min": 1.11839897819e-21, "dvar": 3.39979442288e-06, "mean": 0.00451104342937}, "erbbands_kurtosis": {"max": 387.09475708, "dmean": 2.1187338829, "dvar2": 60.0604782104, "dmean2": 3.23570609093, "var": 237.615570068, "median": 0.747859597206, "min": -1.87004888058, "dvar": 29.2200908661, "mean": 3.66450500488}, "erbbands_crest": {"max": 33.9373321533, "dmean": 2.48676300049, "dvar2": 13.5879764557, "dmean2": 4.04785013199, "var": 19.5700111389, "median": 8.76269721985, "min": 2.42862868309, "dvar": 5.40284490585, "mean": 9.67828464508}, "dynamic_complexity": 8.21655082703, "barkbands_crest": {"max": 26.9361057281, "dmean": 2.49270963669, "dvar2": 15.2863893509, "dmean2": 4.10496330261, "var": 19.6892642975, "median": 9.68552017212, "min": 2.68622303009, "dvar": 5.88199901581, "mean": 10.4189252853}, "dissonance": {"max": 0.500000119209, "dmean": 0.0116652594879, "dvar2": 0.000596046331339, "dmean2": 0.018990997225, "var": 0.000950816494878, "median": 0.488355308771, "min": 0.215588718653, "dvar": 0.000258824642515, "mean": 0.476273149252}, "spectral_energyband_low": {"max": 0.114457830787, "dmean": 0.00565888173878, "dvar2": 0.00030067175976, "dmean2": 0.00950539857149, "var": 0.000161355841556, "median": 0.00466430280358, "min": 7.2135184556e-24, "dvar": 0.000115490482131, "mean": 0.00927101634443}, "spectral_contrast_coeffs": {"max": [-0.319240063429, -0.481060862541, -0.525911808014, -0.617519855499, -0.446660280228, -0.586262643337], "dmean": [0.0546398237348, 0.0438833087683, 0.0339662209153, 0.0286835934967, 0.0238988865167, 0.0173594299704], "dvar2": [0.00556812528521, 0.0034261343535, 0.00200439197943, 0.0014525835868, 0.00106176594272, 0.000639916863292], "dmean2": [0.0885825008154, 0.0712874010205, 0.054903510958, 0.0466018542647, 0.0377726964653, 0.0262243226171], "var": [0.00955724995583, 0.00549885071814, 0.00407491112128, 0.00263108545914, 0.00390586908907, 0.00247763586231], "median": [-0.645887732506, -0.791507005692, -0.837081611156, -0.810827791691, -0.779097855091, -0.802061796188], "min": [-0.97949886322, -0.97893679142, -0.984433472157, -0.981223106384, -0.977493047714, -0.966820955276], "dvar": [0.00225091702305, 0.0013754919637, 0.00084571755724, 0.000569186056964, 0.000459865492303, 0.000315018522087], "mean": [-0.64661860466, -0.78676211834, -0.828729689121, -0.81336659193, -0.788259744644, -0.80203473568]}, "silence_rate_60dB": {"max": 1, "dmean": 0.00642133876681, "dvar2": 0.014491468668, "dmean2": 0.0128437345847, "var": 0.216087237, "median": 0, "min": 0, "dvar": 0.00637951586396, "mean": 0.315854460001}, "mfcc": {"icov": [[8.07767428341e-05, -1.51308131535e-05, 0.000138302217238, -4.39634750364e-05, -3.53107243427e-05, 0.000357960991096, -0.000256581726717, 0.000233496146393, -0.000357682991307, 0.000176196102984, 0.000101241254015, -0.000211374848732, 9.7598778666e-05], [-1.51308131535e-05, 0.00060042826226, 2.30368950724e-05, 9.72376874415e-05, -0.000427575985668, 0.00036280072527, -0.000195577638806, 7.75049484218e-05, 0.00062535906909, 0.000195393600734, -0.000409582396969, 0.000905301014427, 0.000402107514674], [0.000138302217238, 2.30368950724e-05, 0.00188029848505, -8.09500343166e-05, -0.00016304696328, -0.000968335254584, -0.000559397682082, 0.000610707618762, 0.000178403643076, -0.000361895246897, 0.000782822840847, -0.000286073744064, 0.000315919227432], [-4.39634750364e-05, 9.72376874415e-05, -8.09500343166e-05, 0.00380026409402, -0.00132052809931, -0.00102536182385, 0.00077294872608, 0.000470730446978, -0.000620667822659, 0.000953122857027, -0.000399708544137, 0.000393305934267, -0.00114942027722], [-3.53107243427e-05, -0.000427575985668, -0.00016304696328, -0.00132052809931, 0.00362460967153, -0.000358641787898, 0.000121081153338, -0.00150463799946, -0.000355948432116, -0.00041758644511, 0.000902388128452, -0.00175847369246, -0.000182455507456], [0.000357960991096, 0.00036280072527, -0.000968335254584, -0.00102536182385, -0.000358641787898, 0.00799596775323, -0.00231118989177, 5.6685115851e-05, -0.00150658003986, 0.00145998620428, -0.00158825353719, 0.00104317208752, 0.0015329613816], [-0.000256581726717, -0.000195577638806, -0.000559397682082, 0.00077294872608, 0.000121081153338, -0.00231118989177, 0.0084316553548, -0.00342953135259, -0.000128279265482, -0.000751819403376, -0.00106653850526, -0.0001671743521, -0.000104265222035], [0.000233496146393, 7.75049484218e-05, 0.000610707618762, 0.000470730446978, -0.00150463799946, 5.6685115851e-05, -0.00342953135259, 0.0106462677941, -0.00310737546533, 0.000448773003882, 0.00108820316382, -0.00109463441186, -0.000470998085802], [-0.000357682991307, 0.00062535906909, 0.000178403643076, -0.000620667822659, -0.000355948432116, -0.00150658003986, -0.000128279265482, -0.00310737546533, 0.010340359062, -0.00135592347942, -0.00156908726785, 0.000195129512576, 4.31132648373e-05], [0.000176196102984, 0.000195393600734, -0.000361895246897, 0.000953122857027, -0.00041758644511, 0.00145998620428, -0.000751819403376, 0.000448773003882, -0.00135592347942, 0.0114861698821, -0.0040065064095, 0.0013453476131, -0.000213267601794], [0.000101241254015, -0.000409582396969, 0.000782822840847, -0.000399708544137, 0.000902388128452, -0.00158825353719, -0.00106653850526, 0.00108820316382, -0.00156908726785, -0.0040065064095, 0.0154142025858, -0.00442378642038, 0.000322750449413], [-0.000211374848732, 0.000905301014427, -0.000286073744064, 0.000393305934267, -0.00175847369246, 0.00104317208752, -0.0001671743521, -0.00109463441186, 0.000195129512576, 0.0013453476131, -0.00442378642038, 0.0163730829954, -0.00428094249219], [9.7598778666e-05, 0.000402107514674, 0.000315919227432, -0.00114942027722, -0.000182455507456, 0.0015329613816, -0.000104265222035, -0.000470998085802, 4.31132648373e-05, -0.000213267601794, 0.000322750449413, -0.00428094249219, 0.0165306162089]], "cov": [[31839.4023438, 596.021362305, -3090.99658203, 163.524475098, 424.552947998, -1588.24499512, 287.218048096, -48.1273117065, 835.325744629, -350.864135742, -60.9348258972, 507.302490234, 146.233459473], [596.021362305, 2280.66674805, -109.820899963, -71.2528610229, 125.12084198, -145.081100464, -7.94877195358, -63.9905548096, -159.806640625, -32.1240272522, -15.51055336, -120.824012756, -79.8748474121], [-3090.99658203, -109.820899963, 920.982055664, 25.0710792542, 5.52786397934, 255.90687561, 30.1386756897, -4.41816568375, -73.6850509644, 38.5829200745, -10.6345815659, -47.003036499, -29.8177871704], [163.524475098, -71.2528610229, 25.0710792542, 353.623352051, 146.46434021, 54.1987419128, -9.6653585434, 14.2274742126, 44.0483283997, -28.3696155548, 2.73963618279, 20.6304855347, 26.620256424], [424.552947998, 125.12084198, 5.52786397934, 146.46434021, 409.420837402, 22.9500999451, 33.7413902283, 73.7218322754, 52.8899765015, -9.78063011169, -4.395570755, 47.4927406311, 21.3531913757], [-1588.24499512, -145.081100464, 255.90687561, 54.1987419128, 22.9500999451, 265.220245361, 48.9848213196, 33.2701530457, 7.34534168243, 9.23530483246, 19.470916748, -21.0611476898, -17.0350646973], [287.218048096, -7.94877195358, 30.1386756897, -9.6653585434, 33.7413902283, 48.9848213196, 173.490249634, 64.6226043701, 43.1024932861, 10.9825487137, 18.1543903351, 14.8697309494, -0.459461033344], [-48.1273117065, -63.9905548096, -4.41816568375, 14.2274742126, 73.7218322754, 33.2701530457, 64.6226043701, 144.367782593, 55.509223938, 3.56109499931, 5.22273588181, 21.8410205841, 10.6192111969], [835.325744629, -159.806640625, -73.6850509644, 44.0483283997, 52.8899765015, 7.34534168243, 43.1024932861, 55.509223938, 162.651443481, 8.02847957611, 19.6428890228, 32.7346076965, 12.955657959], [-350.864135742, -32.1240272522, 38.5829200745, -28.3696155548, -9.78063011169, 9.23530483246, 10.9825487137, 3.56109499931, 8.02847957611, 106.867599487, 28.2010612488, -4.18622970581, -0.927591025829], [-60.9348258972, -15.51055336, -10.6345815659, 2.73963618279, -4.395570755, 19.470916748, 18.1543903351, 5.22273588181, 19.6428890228, 28.2010612488, 83.4834594727, 19.5017700195, 3.27298641205], [507.302490234, -120.824012756, -47.003036499, 20.6304855347, 47.4927406311, -21.0611476898, 14.8697309494, 21.8410205841, 32.7346076965, -4.18622970581, 19.5017700195, 93.9200820923, 29.2724285126], [146.233459473, -79.8748474121, -29.8177871704, 26.620256424, 21.3531913757, -17.0350646973, -0.459461033344, 10.6192111969, 12.955657959, -0.927591025829, 3.27298641205, 29.2724285126, 73.5803527832]], "mean": [-745.182678223, 112.696800232, -6.68507528305, 37.5736999512, 29.5469989777, -2.21982502937, 8.08692836761, 3.22942042351, 8.21072006226, -0.476477533579, 1.03344476223, 4.10327768326, -2.32912063599]}, "melbands_spread": {"max": 245.642715454, "dmean": 12.4554605484, "dvar2": 679.934631348, "dmean2": 19.4722728729, "var": 966.295959473, "median": 23.6888046265, "min": 0.080917224288, "dvar": 316.273864746, "mean": 33.1760025024}, "barkbands_kurtosis": {"max": 2436.54321289, "dmean": 5.28304195404, "dvar2": 962.764099121, "dmean2": 8.1223487854, "var": 7919.63134766, "median": 0.34205520153, "min": -1.98515331745, "dvar": 632.536315918, "mean": 16.2850704193}, "spectral_energyband_high": {"max": 0.00617546821013, "dmean": 0.000134121655719, "dvar2": 9.22971068462e-08, "dmean2": 0.000191658706171, "var": 4.14818714489e-07, "median": 0.000267162744422, "min": 7.14386861993e-21, "dvar": 4.69680898618e-08, "mean": 0.000546469935216}, "hfc": {"max": 122.715065002, "dmean": 3.16779851913, "dvar2": 44.8951759338, "dmean2": 4.53452110291, "var": 266.180175781, "median": 13.6206455231, "min": 1.05310051233e-16, "dvar": 21.939907074, "mean": 16.5906848907}, "spectral_skewness": {"max": 7.05111932755, "dmean": 0.232560440898, "dvar2": 0.170816481113, "dmean2": 0.357476681471, "var": 0.520720481873, "median": 1.77579319477, "min": -0.307013481855, "dvar": 0.0795806348324, "mean": 1.93172299862}, "erbbands": {"max": [1.02246534824, 17.2998867035, 69.3600234985, 116.258094788, 297.742675781, 202.854095459, 193.214477539, 427.308502197, 336.745910645, 999.422119141, 452.288360596, 1385.82458496, 1174.06005859, 1073.03271484, 1110.45898438, 225.449111938, 337.160583496, 1768.13635254, 370.124938965, 646.957580566, 540.944152832, 3060.21313477, 565.485961914, 454.411376953, 276.764312744, 224.724746704, 175.599838257, 121.269256592, 109.988265991, 36.3980751038, 13.1254730225, 18.1682376862, 18.7952899933, 11.6320743561, 8.80136203766, 4.32908678055, 0.6429515481, 0.0679986327887, 0.00410597166047, 0.000176636051037], "dmean": [0.0411794856191, 0.827237427235, 3.35085058212, 3.86491465569, 8.33469486237, 2.70773172379, 3.57325148582, 5.94502353668, 5.29752159119, 5.96230745316, 6.21416664124, 11.2975721359, 7.62139892578, 6.00825309753, 6.80653858185, 4.21201467514, 6.5962305069, 6.36271238327, 6.88511180878, 10.2293901443, 19.38164711, 30.4590206146, 15.3111944199, 8.10033607483, 6.22372293472, 3.88543701172, 2.91460704803, 1.59936308861, 0.791511595249, 0.26270416379, 0.242822825909, 0.301839023829, 0.389675617218, 0.383831679821, 0.334819704294, 0.156260669231, 0.0227345824242, 0.00189476821106, 8.42164590722e-05, 1.10454211608e-05], "dvar2": [0.0286009740084, 8.53496170044, 111.259346008, 138.879180908, 1520.90783691, 155.724533081, 205.318847656, 889.889831543, 551.106384277, 1029.42248535, 597.392456055, 4486.87353516, 1352.90649414, 1623.8046875, 1396.01806641, 254.310531616, 588.950683594, 974.40411377, 534.106445312, 806.584960938, 2600.28710938, 7388.10595703, 1759.25524902, 561.161132812, 368.994232178, 135.063751221, 73.9197692871, 24.6125679016, 10.217215538, 0.811251938343, 0.544561088085, 0.766748189926, 1.26538264751, 0.879950344563, 0.811413764954, 0.21664121747, 0.00539926392958, 3.30012735503e-05, 8.65473737122e-08, 6.78579470392e-10], "dmean2": [0.069614879787, 1.41041767597, 5.77698230743, 6.50228214264, 12.9799509048, 4.38004589081, 5.75626182556, 10.0318536758, 8.51595020294, 9.69193267822, 9.91644859314, 17.6411304474, 11.7871379852, 9.33144378662, 10.1874046326, 6.62384223938, 10.8962450027, 9.87937355042, 10.9218788147, 16.8209724426, 31.8262519836, 49.5137290955, 25.3536968231, 13.4268035889, 10.1540966034, 6.22135305405, 4.46172380447, 2.45323109627, 1.20878922939, 0.401233881712, 0.370652794838, 0.454429030418, 0.589565813541, 0.57604175806, 0.49716591835, 0.230899825692, 0.034204043448, 0.00294346502051, 0.00012540264288, 1.64214634424e-05], "var": [0.0103237461299, 3.71193861961, 55.2897758484, 65.01537323, 654.764526367, 63.9142341614, 141.760284424, 304.715667725, 292.196685791, 542.695495605, 399.79119873, 3033.85961914, 2405.65185547, 1036.0090332, 2083.23510742, 192.247283936, 387.070922852, 1678.16821289, 494.54296875, 861.574829102, 3216.76123047, 19633.2226562, 2038.23498535, 739.102294922, 461.17880249, 204.291473389, 143.896118164, 42.968296051, 15.4366540909, 1.62618541718, 1.51041305065, 2.1587767601, 3.16115021706, 2.25126123428, 1.23774087429, 0.220640003681, 0.0046022804454, 0.000117292795039, 1.58198531608e-07, 1.18341614286e-09], "median": [0.0243637301028, 0.480217695236, 1.56744360924, 1.91698741913, 1.40896356106, 0.682297229767, 0.907423436642, 2.05146360397, 1.7259657383, 1.44329059124, 2.35190153122, 2.39496994019, 2.12966775894, 1.72967302799, 2.38756608963, 3.00626540184, 4.96343135834, 4.81849956512, 6.80447053909, 13.1409626007, 24.5954246521, 36.1765060425, 21.4895820618, 12.0152873993, 6.45495986938, 3.68080425262, 2.21528148651, 1.14621460438, 0.542235851288, 0.212142944336, 0.155534416437, 0.219350814819, 0.271599769592, 0.358408838511, 0.277161121368, 0.105844795704, 0.0161974057555, 0.0133576672524, 0.000452852691524, 3.65717241948e-05], "min": [4.96562727842e-23, 9.33637959692e-23, 1.35399045738e-21, 2.67735059439e-21, 9.25942100283e-21, 2.23618310431e-20, 3.78140737955e-20, 4.76693136398e-20, 1.84293746676e-19, 1.64009727092e-19, 1.45117994652e-19, 3.94499856618e-19, 3.44459979052e-19, 5.10132416724e-19, 1.03201162533e-18, 1.0788598265e-18, 1.58460963354e-18, 2.30161640595e-18, 2.83597921756e-18, 3.38023572968e-18, 3.56683837009e-18, 4.74508891028e-18, 6.06709020603e-18, 5.51135304739e-18, 5.2567017735e-18, 8.85890004683e-18, 1.10916234747e-17, 9.69097591425e-18, 1.03952184626e-17, 9.82034530769e-18, 1.21794561429e-17, 1.06511688237e-17, 8.71976744062e-18, 8.16188871137e-18, 6.47218536742e-18, 3.96409599518e-18, 2.34299032583e-18, 9.47025641627e-19, 2.31626468892e-19, 2.62950603155e-20], "dvar": [0.0109298313037, 3.19258618355, 41.6466674805, 53.6195678711, 617.563964844, 59.7104682922, 93.9315185547, 329.301239014, 228.691131592, 420.892608643, 250.94744873, 2047.30480957, 633.90057373, 657.034729004, 767.798156738, 109.431785583, 227.820678711, 516.792358398, 241.172485352, 321.630615234, 1033.13549805, 3395.24316406, 653.430053711, 209.378463745, 141.461746216, 55.4376449585, 32.8032264709, 10.5916471481, 4.58425521851, 0.415075272322, 0.231228068471, 0.349522858858, 0.553463220596, 0.398017138243, 0.380591571331, 0.098846681416, 0.00234352215193, 1.45719031934e-05, 3.91522156917e-08, 3.03027936077e-10], "mean": [0.0523366630077, 1.25035703182, 4.80973339081, 5.01220798492, 8.77804374695, 3.18622994423, 4.68061733246, 7.19522619247, 6.88896083832, 7.4199757576, 8.45341968536, 14.2851600647, 12.2827558517, 9.03781604767, 10.6171770096, 7.1491765976, 11.1207399368, 12.209236145, 12.9350299835, 22.740776062, 45.4363899231, 72.4347763062, 37.6690979004, 22.2036628723, 16.1182289124, 10.0343942642, 7.69969272614, 4.24444150925, 2.02132129669, 0.767069756985, 0.758433878422, 0.960635185242, 1.20085501671, 1.13078510761, 0.826037466526, 0.319988667965, 0.0450894162059, 0.0161983948201, 0.000583043904044, 4.1791183321e-05]}, "spectral_contrast_valleys": {"max": [-5.33094549179, -4.37464141846, -5.36919260025, -5.81206893921, -5.683842659, -8.59826374054], "dmean": [0.463682472706, 0.439594894648, 0.395919442177, 0.317076474428, 0.260391265154, 0.222268566489], "dvar2": [0.381590276957, 0.389641493559, 0.302556633949, 0.238613426685, 0.195983678102, 0.163975477219], "dmean2": [0.751528024673, 0.688527464867, 0.608170688152, 0.482910692692, 0.377410799265, 0.295536130667], "var": [6.3015537262, 6.57880496979, 6.4526257515, 6.58357191086, 6.80874729156, 5.42993116379], "median": [-7.56242322922, -7.16576576233, -7.61385345459, -7.43123912811, -7.26914834976, -10.2987270355], "min": [-28.2224884033, -28.0657100677, -27.9994411469, -27.7893791199, -27.5257759094, -27.4454879761], "dvar": [0.162765592337, 0.188226386905, 0.149218648672, 0.119861446321, 0.10900169611, 0.102360859513], "mean": [-8.40611076355, -7.99906110764, -8.54523944855, -8.52028179169, -8.29125976562, -11.1477804184]}, "average_loudness": 0.682208895683, "erbbands_spread": {"max": 240.03352356, "dmean": 11.7640838623, "dvar2": 636.43927002, "dmean2": 18.362569809, "var": 800.220031738, "median": 35.0889434814, "min": 0.199294686317, "dvar": 272.933288574, "mean": 41.2481307983}, "melbands_flatness_db": {"max": 0.69859623909, "dmean": 0.0315455943346, "dvar2": 0.00236013974063, "dmean2": 0.0479571409523, "var": 0.0125293163583, "median": 0.197155326605, "min": 0.00290531059727, "dvar": 0.00112425116822, "mean": 0.22215257585}, "barkbands_spread": {"max": 165.272644043, "dmean": 9.7984495163, "dvar2": 421.61529541, "dmean2": 14.9986028671, "var": 1273.66333008, "median": 34.2688293457, "min": 0.170287773013, "dvar": 210.515884399, "mean": 41.4933738708}, "spectral_decrease": {"max": 2.38189286003e-12, "dmean": 2.1813488793e-09, "dvar2": 3.30130495622e-17, "dmean2": 3.4067897392e-09, "var": 2.83499313555e-17, "median": -3.30664229331e-09, "min": -3.46252342354e-08, "dvar": 1.35530573788e-17, "mean": -4.73809391721e-09}, "melbands_crest": {"max": 39.9927177429, "dmean": 3.65200138092, "dvar2": 31.6783771515, "dmean2": 5.98288011551, "var": 41.8966903687, "median": 16.1238498688, "min": 1.49932968616, "dvar": 12.5600652695, "mean": 16.5640087128}, "erbbands_flatness_db": {"max": 0.573171675205, "dmean": 0.0182819776237, "dvar2": 0.000763425661717, "dmean2": 0.0264274142683, "var": 0.00248106266372, "median": 0.138521671295, "min": 0.025439593941, "dvar": 0.000379648263333, "mean": 0.14458809793}, "melbands_kurtosis": {"max": 11529.1455078, "dmean": 14.0952444077, "dvar2": 17006.7265625, "dmean2": 22.4311885834, "var": 80547.8046875, "median": 7.77026081085, "min": -1.96217501163, "dvar": 10924.9619141, "mean": 29.001115799}, "spectral_rms": {"max": 0.0114817684516, "dmean": 0.000739033916034, "dvar2": 2.55984946307e-06, "dmean2": 0.00111626042053, "var": 6.36842287349e-06, "median": 0.00374406483024, "min": 3.1118922543e-12, "dvar": 1.08693666334e-06, "mean": 0.00354208890349}, "melbands_skewness": {"max": 103.029441833, "dmean": 1.08480763435, "dvar2": 4.32753944397, "dmean2": 1.69163537025, "var": 12.9354305267, "median": 2.62942695618, "min": -17.2423191071, "dvar": 2.23033475876, "mean": 3.10568523407}, "barkbands": {"max": [0.000802342779934, 0.0618946477771, 0.0719789266586, 0.0575892478228, 0.0567840896547, 0.0438583381474, 0.0354312509298, 0.0173990223557, 0.0561424046755, 0.0262778885663, 0.0291483774781, 0.0105009619147, 0.0091146454215, 0.0294945575297, 0.00779479229823, 0.00881777424365, 0.0497110001743, 0.0120168561116, 0.0053241038695, 0.00477315438911, 0.00343183800578, 0.00252049136907, 0.000602470885497, 0.000781050242949, 0.000883731874637, 0.000575566547923, 3.46239212377e-05], "dmean": [2.80990898318e-05, 0.00296846660785, 0.00311396433972, 0.00150596303865, 0.00166293932125, 0.00065549032297, 0.000364976469427, 0.000285177229671, 0.000458714639535, 0.00019964693638, 0.000182077084901, 0.000111599780212, 0.000143667217344, 0.000136406568345, 0.000163421049365, 0.00030499175773, 0.000580115942284, 0.000272677658359, 0.000158943439601, 8.1339130702e-05, 5.10382633365e-05, 1.81388350029e-05, 8.06968091638e-06, 1.8270831788e-05, 3.88038206438e-05, 2.08745477721e-05, 7.2380646543e-07], "dvar2": [1.13632632193e-08, 0.000114401795145, 9.64218852459e-05, 3.35108998115e-05, 5.90504714637e-05, 9.32443981583e-06, 2.95829022434e-06, 1.31407773551e-06, 6.8788954195e-06, 8.12866858269e-07, 1.57378974563e-06, 2.03727097414e-07, 2.98418001421e-07, 3.8319794271e-07, 2.41014873836e-07, 6.89840646828e-07, 2.60247134065e-06, 5.84372514822e-07, 1.93832121909e-07, 6.70089832511e-08, 2.05037711254e-08, 4.65725502607e-09, 6.24956364437e-10, 2.51687382047e-09, 9.5476249129e-09, 4.06112121709e-09, 4.50220156295e-12], "dmean2": [4.29350329796e-05, 0.00504196062684, 0.0053621865809, 0.00252857524902, 0.00256635830738, 0.00108033523429, 0.000584101479035, 0.000461635267129, 0.000715999689419, 0.000308897346258, 0.000275256752502, 0.00017629370268, 0.00023874778708, 0.00021322008979, 0.00026734356652, 0.00050676765386, 0.000944883096963, 0.000455132627394, 0.000262604648015, 0.000130358719616, 7.75189255364e-05, 2.75547808997e-05, 1.23769168567e-05, 2.72752076853e-05, 5.67820025026e-05, 3.12617848977e-05, 1.17953015888e-06], "var": [5.50634071672e-09, 4.81129973195e-05, 4.49299659522e-05, 1.33266848934e-05, 2.75851398328e-05, 3.7405106923e-06, 1.61896366535e-06, 7.95255402863e-07, 4.46726562586e-06, 1.46735112594e-06, 1.76465619006e-06, 1.59227539598e-07, 1.79224400654e-07, 5.84991823871e-07, 1.97210368924e-07, 6.69142025345e-07, 5.78856270295e-06, 5.74690659505e-07, 2.71988938039e-07, 9.19424820722e-08, 4.24609858385e-08, 7.89407650359e-09, 1.56119239758e-09, 7.91533594224e-09, 2.04067518439e-08, 3.80196496508e-09, 4.16649735546e-11], "median": [5.62291370443e-06, 0.00172731082421, 0.00143939093687, 0.000460249022581, 0.000284576031845, 0.000227619108045, 9.5034352853e-05, 9.00751474546e-05, 9.91765700746e-05, 5.78948638577e-05, 5.06953365402e-05, 5.81450985919e-05, 0.000102723068267, 8.77512356965e-05, 0.000174074870301, 0.000328271649778, 0.000646022614092, 0.00032899598591, 0.000166360812727, 7.69525940996e-05, 3.88528314943e-05, 1.28030505948e-05, 5.4209517657e-06, 1.38511877594e-05, 3.83329752367e-05, 1.32273980853e-05, 7.82297502155e-06], "min": [3.35321622672e-25, 4.98752672768e-25, 5.51424816802e-25, 1.32419956627e-24, 6.64086539184e-24, 4.93810478918e-24, 1.3945650321e-23, 6.78709417126e-24, 1.3804903336e-23, 1.0170244859e-23, 1.20229793582e-23, 1.77356299882e-23, 3.4382480466e-23, 3.6612284167e-23, 4.61094247811e-23, 5.76139197874e-23, 7.10885475728e-23, 1.14495095079e-22, 1.11146437334e-22, 1.79393482683e-22, 2.29113454407e-22, 3.23283605061e-22, 4.40248907624e-22, 4.99425794368e-22, 8.57314644749e-22, 1.26149789202e-21, 1.83295206391e-21], "dvar": [5.15893239239e-09, 4.29010833614e-05, 3.64025254385e-05, 1.32288578243e-05, 2.39310338657e-05, 3.59045884579e-06, 1.22789231227e-06, 5.46530600332e-07, 3.06559627461e-06, 3.90198209743e-07, 7.62718514125e-07, 9.06972985604e-08, 1.1497343877e-07, 1.94719191882e-07, 9.78978178523e-08, 2.60212203784e-07, 1.15015882329e-06, 2.18461238433e-07, 7.34666585345e-08, 2.74403646472e-08, 9.19245035647e-09, 2.18406448482e-09, 2.66240529623e-10, 1.15969689407e-09, 4.5612100763e-09, 1.82431103557e-09, 1.86567276385e-12], "mean": [2.80320509773e-05, 0.0043732393533, 0.00409768056124, 0.00166627834551, 0.00185626721941, 0.00083006452769, 0.000467775709694, 0.000359016295988, 0.000583400018513, 0.000320996332448, 0.000269120238954, 0.000165268749697, 0.000233254773775, 0.000239753571805, 0.000308394170133, 0.000638201832771, 0.00130578572862, 0.000603630265687, 0.000407248327974, 0.000203325442271, 0.000138532093843, 4.66579585918e-05, 2.4797340302e-05, 6.01969150011e-05, 0.000110479624709, 4.05537539336e-05, 9.3310027296e-06]}, "spectral_kurtosis": {"max": 75.561050415, "dmean": 1.92390918732, "dvar2": 16.3528442383, "dmean2": 3.00306916237, "var": 38.1319313049, "median": 5.92321395874, "min": -1.26069653034, "dvar": 6.97447299957, "mean": 7.87290620804}, "erbbands_skewness": {"max": 10.9795331955, "dmean": 0.482613623142, "dvar2": 0.630053639412, "dmean2": 0.726131796837, "var": 2.34550023079, "median": -0.560317993164, "min": -11.6580505371, "dvar": 0.306625515223, "mean": -0.274366796017}, "melbands": {"max": [0.0125733353198, 0.0300419256091, 0.0203898940235, 0.0144271114841, 0.00526402937248, 0.00922098569572, 0.00486736884341, 0.00967331975698, 0.00476241018623, 0.00984916184098, 0.00568463467062, 0.0043766181916, 0.00451971543953, 0.00131078402046, 0.00113972369581, 0.000993027468212, 0.00350923440419, 0.000785501033533, 0.000713789777365, 0.000815034669358, 0.000987055012956, 0.00448749028146, 0.00115495885257, 0.00040817676927, 0.000406519597163, 0.000279957632301, 0.000194766122149, 0.000156236885232, 0.000165142584592, 8.26202885946e-05, 6.46766129648e-05, 6.95924754837e-05, 3.37452656822e-05, 2.14232331928e-05, 7.52232017476e-06, 9.21461287362e-06, 1.22281562653e-05, 1.65755227499e-05, 1.08790827653e-05, 1.19408232422e-05], "dmean": [0.000600163068157, 0.00149816344492, 0.00081606884487, 0.000414409150835, 0.000107345469587, 0.00013080817007, 7.90983394836e-05, 6.39768550172e-05, 5.27064985363e-05, 7.21883479855e-05, 3.74750379706e-05, 2.43005342782e-05, 2.47547141043e-05, 1.36567296067e-05, 1.3145306184e-05, 1.34828987939e-05, 1.28279662022e-05, 1.15666916827e-05, 1.28154897538e-05, 1.8487122361e-05, 2.76627670246e-05, 3.70500383724e-05, 2.49074000749e-05, 8.83472057467e-06, 7.21108199286e-06, 7.14530051482e-06, 2.69004499387e-06, 2.87155467049e-06, 2.33106561609e-06, 1.23984364109e-06, 9.20193542697e-07, 5.76630611704e-07, 2.20257732053e-07, 1.48624963003e-07, 1.44539711755e-07, 1.73187160613e-07, 2.16812750864e-07, 2.91220175086e-07, 2.98333759474e-07, 3.80071071504e-07], "dvar2": [5.05990510646e-06, 2.25810836127e-05, 7.29663543098e-06, 4.01109400627e-06, 1.71445435626e-07, 4.09628967191e-07, 1.2228016999e-07, 1.04521397759e-07, 4.86377160769e-08, 1.89688137198e-07, 3.45600206231e-08, 2.53787408866e-08, 2.43259936639e-08, 3.18838200286e-09, 2.54828402824e-09, 2.62589816558e-09, 4.13434086965e-09, 1.79175252413e-09, 1.53069712461e-09, 2.82181478184e-09, 5.40627009826e-09, 1.16691598606e-08, 4.87134999005e-09, 6.78993306025e-10, 4.61882670999e-10, 4.56861548592e-10, 8.71042543649e-11, 7.96569407657e-11, 6.0698855664e-11, 1.26972573081e-11, 8.74363602354e-12, 6.00383501595e-12, 6.77433478237e-13, 2.95808706306e-13, 2.14570440409e-13, 2.83034311049e-13, 4.20691503552e-13, 8.39087209003e-13, 6.41300706115e-13, 9.19889056421e-13], "dmean2": [0.00101351866033, 0.00256305094808, 0.00132247363217, 0.000653117895126, 0.000173222564626, 0.000218673230847, 0.00012735882774, 0.000104000115243, 8.42541994643e-05, 0.000112370529678, 5.84598128626e-05, 3.79495140805e-05, 3.67238317267e-05, 2.1371177354e-05, 2.15904692595e-05, 2.21843547479e-05, 2.01166258194e-05, 1.83301326615e-05, 2.12657596421e-05, 3.06395959342e-05, 4.5710705308e-05, 6.01272586209e-05, 4.17424234911e-05, 1.46290667544e-05, 1.20533122754e-05, 1.18079369713e-05, 4.38539655079e-06, 4.63270725959e-06, 3.63016010851e-06, 1.94488166017e-06, 1.43428462707e-06, 8.9898276201e-07, 3.38096469932e-07, 2.34772613794e-07, 2.26559933481e-07, 2.65629552132e-07, 3.34833089255e-07, 4.52383375205e-07, 4.60283359871e-07, 5.83820451538e-07], "var": [2.02893738788e-06, 1.13256201075e-05, 3.54844087269e-06, 1.6415593791e-06, 1.21859443425e-07, 1.46024078163e-07, 6.48480948939e-08, 5.73302294526e-08, 2.99449034458e-08, 1.29186886966e-07, 5.86301922567e-08, 1.62639164358e-08, 3.65749563969e-08, 2.63670618672e-09, 1.55439594529e-09, 1.77737480289e-09, 7.18428694313e-09, 1.48922707499e-09, 1.14666687256e-09, 2.60831978238e-09, 5.53448176177e-09, 3.57685081553e-08, 5.12709075196e-09, 6.71604438729e-10, 5.04867758711e-10, 5.20041676388e-10, 8.10997310974e-11, 1.03793265649e-10, 9.5007744727e-11, 2.06414607629e-11, 1.28436627653e-11, 7.13584226431e-12, 1.17034376981e-12, 3.99564550283e-13, 4.69470382708e-13, 6.78101834666e-13, 8.87857821118e-13, 1.60437277612e-12, 1.53068855334e-12, 1.81454981249e-12], "median": [0.000384694023523, 0.000845377799124, 0.000366373104043, 6.88119180268e-05, 3.15173383569e-05, 4.77589201182e-05, 2.44443872361e-05, 1.51528129209e-05, 1.96127275558e-05, 1.42360268001e-05, 9.86952181847e-06, 6.43089151708e-06, 7.28239365344e-06, 7.10777294444e-06, 9.28972076508e-06, 9.98916038952e-06, 8.10767051007e-06, 8.51753247844e-06, 1.3913568182e-05, 1.80988354259e-05, 2.99432140309e-05, 3.6912257201e-05, 2.6678406357e-05, 1.16489627544e-05, 8.93891774467e-06, 5.6401013353e-06, 2.84550310425e-06, 2.22375501835e-06, 1.43012562148e-06, 8.63943228069e-07, 5.51421180717e-07, 3.28614817136e-07, 1.37251376486e-07, 9.40111561931e-08, 7.7023756262e-08, 1.0024020014e-07, 1.33194987484e-07, 1.66424740655e-07, 2.2061547611e-07, 3.13735995405e-07], "min": [6.16141683568e-25, 5.08402364487e-25, 1.04206681617e-24, 1.44524011559e-24, 1.24781199545e-24, 8.03252587753e-25, 2.75536689634e-24, 1.47331212533e-24, 1.1709642229e-24, 2.27453625587e-24, 1.5331045279e-24, 1.87081992433e-24, 2.89864592762e-24, 2.39889800821e-24, 2.88663729528e-24, 2.27335335895e-24, 3.55170501966e-24, 3.63266108119e-24, 4.13770363778e-24, 3.74626257357e-24, 3.46262881839e-24, 3.88679696054e-24, 3.83601601192e-24, 4.02393293474e-24, 3.60236921686e-24, 3.83598840179e-24, 3.94543101948e-24, 4.03066270712e-24, 5.53654887138e-24, 5.00720190473e-24, 3.8854338089e-24, 5.29171484539e-24, 5.67603762323e-24, 4.48515939564e-24, 5.75068358638e-24, 5.44051215592e-24, 5.84968720771e-24, 5.47185951614e-24, 6.55029311587e-24, 6.6317516818e-24], "dvar": [1.93249729818e-06, 8.44974147185e-06, 2.95839026876e-06, 1.57997976657e-06, 7.7897958306e-08, 1.53197490249e-07, 5.0512014127e-08, 4.33012488088e-08, 2.01859506888e-08, 8.67241567448e-08, 1.58941428907e-08, 1.03576738297e-08, 1.34689566167e-08, 1.42632050615e-09, 1.01257979779e-09, 1.05259811978e-09, 2.19679541225e-09, 8.18801804137e-10, 5.93450066866e-10, 1.09355324796e-09, 2.12399764443e-09, 5.68748870222e-09, 1.8054917561e-09, 2.56469706583e-10, 1.70082600781e-10, 1.75183617612e-10, 3.43937066327e-11, 3.22092803817e-11, 2.66489590811e-11, 5.3708495984e-12, 3.6766518649e-12, 2.56564149266e-12, 3.30352038043e-13, 1.31356703943e-13, 8.72020012622e-14, 1.22779038455e-13, 1.82471130762e-13, 3.55143567549e-13, 2.71027124354e-13, 4.01631581725e-13], "mean": [0.000847908784635, 0.00230779591948, 0.00104607769754, 0.0004419653269, 0.000145624537254, 0.00016213618801, 0.000102806552604, 7.94767329353e-05, 7.10821623215e-05, 9.01487583178e-05, 5.90676136198e-05, 3.49169895344e-05, 3.78045042453e-05, 2.04914340429e-05, 2.13355997403e-05, 2.25519270316e-05, 2.28680855798e-05, 1.92419956875e-05, 2.44824677793e-05, 3.70766392734e-05, 5.80159721721e-05, 8.08266195236e-05, 5.39955326531e-05, 2.07171797229e-05, 1.7551405108e-05, 1.61624520842e-05, 6.54411769574e-06, 6.63377977617e-06, 5.51282573724e-06, 3.09352390104e-06, 2.18195987145e-06, 1.2928343267e-06, 5.47760805603e-07, 3.68563803477e-07, 4.02528684162e-07, 5.02590523865e-07, 6.094451237e-07, 8.11243239696e-07, 8.69221196353e-07, 9.98826294563e-07]}, "spectral_centroid": {"max": 11816.7568359, "dmean": 327.14541626, "dvar2": 344309.65625, "dmean2": 491.985473633, "var": 1541805.5, "median": 1790.56640625, "min": 96.0363082886, "dvar": 174970.703125, "mean": 1784.87756348}, "pitch_salience": {"max": 0.904012143612, "dmean": 0.0833970233798, "dvar2": 0.0170680638403, "dmean2": 0.134204551578, "var": 0.0294988006353, "median": 0.525873661041, "min": 0.0020085524302, "dvar": 0.00690859463066, "mean": 0.502097129822}, "gfcc": {"icov": [[0.000263161520706, -0.000438189395936, 0.000466865836643, -0.000548054347746, 0.000409088679589, -0.000372692476958, 0.0004587227304, -0.000353198527591, 0.000553152058274, -0.000275486992905, 0.000663399114273, -0.000613922369666, 0.0010177991353], [-0.000438189395936, 0.0015018080594, -0.000730747298803, 0.00141965562943, -0.00121450854931, 0.00108993961476, -0.00036181678297, 0.00030867071473, -7.51721818233e-05, 0.000548705749679, -0.00146611069795, 0.00201161811128, -0.00222875340842], [0.000466865836643, -0.000730747298803, 0.00202147383243, -0.000920127611607, 5.09876808792e-05, -0.00119962054305, 0.000457246205769, 0.000522326328792, 0.000903372070752, -0.000673735572491, 0.00101027358323, -0.0011625305051, 0.00188055471517], [-0.000548054347746, 0.00141965562943, -0.000920127611607, 0.00394358998165, -0.00136149860919, 0.000214229119592, 0.000127227496705, 0.000138282368425, -0.00111660151742, -5.62898833323e-07, -0.000802735623438, 0.000987397157587, -0.00312266033143], [0.000409088679589, -0.00121450854931, 5.09876808792e-05, -0.00136149860919, 0.0037602565717, -0.000638773606624, 0.000194195308723, -0.00100554840174, -0.000706530234311, 0.000623822736088, 0.00124377361499, -0.00321371341124, 0.00279225129634], [-0.000372692476958, 0.00108993961476, -0.00119962054305, 0.000214229119592, -0.000638773606624, 0.00627848971635, -0.00168286298867, -0.00271548610181, 0.00161891139578, -6.31848251942e-06, -0.00114913308062, 0.00238817860372, -0.00328832259402], [0.0004587227304, -0.00036181678297, 0.000457246205769, 0.000127227496705, 0.000194195308723, -0.00168286298867, 0.00583228655159, 0.000676840427332, -0.000188272781088, -0.000456098321592, 0.00131046073511, -0.00108058471233, 0.00256297248416], [-0.000353198527591, 0.00030867071473, 0.000522326328792, 0.000138282368425, -0.00100554840174, -0.00271548610181, 0.000676840427332, 0.00722369085997, -0.001437006169, -0.000810086377896, -0.00101043051109, 0.00131716195028, -0.00343275652267], [0.000553152058274, -7.51721818233e-05, 0.000903372070752, -0.00111660151742, -0.000706530234311, 0.00161891139578, -0.000188272781088, -0.001437006169, 0.011205650866, -0.00140476564411, -0.000333635776769, 5.85270863667e-05, 0.0023760732729], [-0.000275486992905, 0.000548705749679, -0.000673735572491, -5.62898833323e-07, 0.000623822736088, -6.31848251942e-06, -0.000456098321592, -0.000810086377896, -0.00140476564411, 0.00993634946644, -0.00183410383761, 0.000616800971329, -0.00142625893932], [0.000663399114273, -0.00146611069795, 0.00101027358323, -0.000802735623438, 0.00124377361499, -0.00114913308062, 0.00131046073511, -0.00101043051109, -0.000333635776769, -0.00183410383761, 0.0129279224202, -0.00435171136633, 0.002867923351], [-0.000613922369666, 0.00201161811128, -0.0011625305051, 0.000987397157587, -0.00321371341124, 0.00238817860372, -0.00108058471233, 0.00131716195028, 5.85270863667e-05, 0.000616800971329, -0.00435171136633, 0.0189410503954, -0.00889331009239], [0.0010177991353, -0.00222875340842, 0.00188055471517, -0.00312266033143, 0.00279225129634, -0.00328832259402, 0.00256297248416, -0.00343275652267, 0.0023760732729, -0.00142625893932, 0.002867923351, -0.00889331009239, 0.0218049455434]], "cov": [[38648.8046875, 2716.8659668, -5746.30419922, 2382.3671875, -2142.46899414, 1739.53491211, -2501.65771484, 2876.14526367, -1340.02368164, 641.798461914, -416.243927002, -195.209411621, 757.093444824], [2716.8659668, 2067.11303711, -138.52281189, -343.58706665, 149.724853516, -165.343353271, -151.692245483, 20.2591819763, -116.368980408, -68.8887176514, 34.4463653564, -77.0863418579, -3.67268228531], [-5746.30419922, -138.52281189, 1606.03210449, -273.278930664, 448.757720947, -177.287887573, 368.207458496, -471.951049805, 144.235855103, -87.0350875854, 38.8412132263, 41.555770874, -134.934341431], [2382.3671875, -343.58706665, -273.278930664, 664.262756348, -69.6956253052, 244.097702026, -193.504440308, 281.263305664, -53.0587806702, 86.035987854, -32.0916023254, 32.6630401611, 114.087677002], [-2142.46899414, 149.724853516, 448.757720947, -69.6956253052, 565.682617188, -99.8787765503, 139.067214966, -134.509429932, 102.214637756, -70.0712966919, 22.3797130585, 52.7108764648, -55.5649185181], [1739.53491211, -165.343353271, -177.287887573, 244.097702026, -99.8787765503, 410.402069092, -86.3990783691, 282.460784912, -91.5707244873, 68.9185180664, -17.2903423309, -3.39679718018, 96.8293533325], [-2501.65771484, -151.692245483, 368.207458496, -193.504440308, 139.067214966, -86.3990783691, 359.906890869, -208.724975586, 85.0376968384, -42.3752937317, 11.3119277954, 5.52801942825, -75.474067688], [2876.14526367, 20.2591819763, -471.951049805, 281.263305664, -134.509429932, 282.460784912, -208.724975586, 463.262237549, -84.3635253906, 86.642288208, -13.6131649017, -3.92843198776, 121.137489319], [-1340.02368164, -116.368980408, 144.235855103, -53.0587806702, 102.214637756, -91.5707244873, 85.0376968384, -84.3635253906, 155.076507568, -10.3421535492, 21.0608825684, 7.55843544006, -36.8213615417], [641.798461914, -68.8887176514, -87.0350875854, 86.035987854, -70.0712966919, 68.9185180664, -42.3752937317, 86.642288208, -10.3421535492, 129.991287231, 7.13249349594, 0.69563883543, 29.791185379], [-416.243927002, 34.4463653564, 38.8412132263, -32.0916023254, 22.3797130585, -17.2903423309, 11.3119277954, -13.6131649017, 21.0608825684, 7.13249349594, 99.0986862183, 15.8480138779, -2.34045290947], [-195.209411621, -77.0863418579, 41.555770874, 32.6630401611, 52.7108764648, -3.39679718018, 5.52801942825, -3.92843198776, 7.55843544006, 0.69563883543, 15.8480138779, 80.1498641968, 23.623052597], [757.093444824, -3.67268228531, -134.934341431, 114.087677002, -55.5649185181, 96.8293533325, -75.474067688, 121.137489319, -36.8213615417, 29.791185379, -2.34045290947, 23.623052597, 103.685852051]], "mean": [-94.7598190308, 63.8105430603, -90.1655731201, 27.8838024139, -15.9608259201, -2.6961786747, -34.2653999329, 15.4898109436, -24.2279205322, 2.69994473457, -21.3481006622, -0.537371754646, -16.9065513611]}, "spectral_flux": {"max": 0.310442328453, "dmean": 0.0217768140137, "dvar2": 0.00224556215107, "dmean2": 0.0342225544155, "var": 0.00325253093615, "median": 0.0601503327489, "min": 6.40252850737e-11, "dvar": 0.000982505967841, "mean": 0.0656085237861}, "zerocrossingrate": {"max": 0.8740234375, "dmean": 0.0209800153971, "dvar2": 0.00107112480327, "dmean2": 0.0230445750058, "var": 0.0227840207517, "median": 0.08251953125, "min": 0, "dvar": 0.0011172213126, "mean": 0.133094295859}, "spectral_energyband_middle_low": {"max": 0.10052973032, "dmean": 0.00404560007155, "dvar2": 0.00023499155941, "dmean2": 0.00610151141882, "var": 0.000138332819915, "median": 0.00200562551618, "min": 1.21296780021e-22, "dvar": 9.96508606477e-05, "mean": 0.00591074489057}, "silence_rate_20dB": {"max": 1, "dmean": 0, "dvar2": 0, "dmean2": 0, "var": 0, "median": 1, "min": 1, "dvar": 0, "mean": 1}, "silence_rate_30dB": {"max": 1, "dmean": 0.000329299422447, "dvar2": 0.000987243372947, "dmean2": 0.000658653036226, "var": 0.000164584489539, "median": 1, "min": 0, "dvar": 0.000329115369823, "mean": 0.999835371971}, "spectral_entropy": {"max": 9.81687927246, "dmean": 0.149364382029, "dvar2": 0.0710631012917, "dmean2": 0.21962223947, "var": 0.500089526176, "median": 7.75441646576, "min": 3.37095069885, "dvar": 0.037458460778, "mean": 7.54746484756}, "spectral_rolloff": {"max": 22050, "dmean": 848.984436035, "dvar2": 11471190, "dmean2": 1514.94384766, "var": 23672932, "median": 2304.05273438, "min": 21.533203125, "dvar": 5415382, "mean": 3505.70947266}, "spectral_complexity": {"max": 56, "dmean": 2.76463317871, "dvar2": 23.18151474, "dmean2": 4.20698165894, "var": 247.828491211, 