{"tonal": {"hpcp": {"dvar": [0.0519019290805, 0.044421415776, 0.0362284258008, 0.0367423035204, 0.0395891219378, 0.0373764410615, 0.042896348983, 0.0405969135463, 0.0313317291439, 0.0205680150539, 0.017927877605, 0.0184457506984, 0.0305727943778, 0.0271981041878, 0.0317721888423, 0.0341755487025, 0.0349079109728, 0.033292748034, 0.0402864143252, 0.0331803001463, 0.0332995057106, 0.0371572300792, 0.0269596409053, 0.0279513001442, 0.0219282191247, 0.0174405593425, 0.0207103453577, 0.0265260189772, 0.0237021520734, 0.0262415707111, 0.0287916976959, 0.022837754339, 0.033075876534, 0.0335940867662, 0.036056086421, 0.0467006415129], "var": [0.145690083504, 0.0652052611113, 0.0359862819314, 0.0326635167003, 0.0315294936299, 0.0594416297972, 0.133664503694, 0.087494365871, 0.0306862480938, 0.0147486282513, 0.0127655994147, 0.0262581910938, 0.0612247660756, 0.0432846955955, 0.0642227903008, 0.0881670638919, 0.0402536503971, 0.0216108392924, 0.0251476317644, 0.0235716793686, 0.0411486253142, 0.0683561936021, 0.0414443425834, 0.0262053329498, 0.016667701304, 0.0127768609673, 0.0297469608486, 0.0544815696776, 0.0348770730197, 0.0401141308248, 0.0542357712984, 0.0284006018192, 0.026762874797, 0.0258772857487, 0.0342023596168, 0.118575252593], "median": [0.249606311321, 0.145010918379, 0.0236372053623, 0.01040055044, 0.0125690363348, 0.0649678111076, 0.109735310078, 0.0680712461472, 0.0137971704826, 0.00477079953998, 0.00455068144947, 0.0336746796966, 0.0607434138656, 0.0478325113654, 0.0519228130579, 0.0672346055508, 0.0352362394333, 0.00954563356936, 0.0076843444258, 0.00990335829556, 0.0472607538104, 0.0711039155722, 0.0426106788218, 0.0100428108126, 0.0050581889227, 0.00596741959453, 0.0400306209922, 0.0680440068245, 0.0498142614961, 0.0201271027327, 0.0158520471305, 0.00905265565962, 0.00615136977285, 0.00714019779116, 0.0258969906718, 0.127516120672], "max": [1, 1, 1, 1, 1, 1, 1, 1, 1, 1, 1, 1, 1, 1, 1, 1, 1, 1, 1, 1, 1, 1, 1, 1, 1, 1, 1, 1, 1, 1, 1, 1, 1, 1, 1, 1], "dmean": [0.178080976009, 0.162844240665, 0.104240246117, 0.0939802527428, 0.102977178991, 0.130923479795, 0.137704476714, 0.13715583086, 0.093244381249, 0.0601612851024, 0.0508380532265, 0.0729276016355, 0.104784362018, 0.10045453161, 0.109691113234, 0.117051467299, 0.1014405936, 0.0753216072917, 0.078293479979, 0.0842347964644, 0.107416309416, 0.123924180865, 0.101111218333, 0.0776113644242, 0.056537438184, 0.049095697701, 0.0796884968877, 0.102633394301, 0.0925661548972, 0.0871910378337, 0.0831028521061, 0.0709160268307, 0.0738842561841, 0.0816718563437, 0.11073756218, 0.163110688329], "dmean2": [0.300487309694, 0.281496077776, 0.183262169361, 0.168265521526, 0.188034385443, 0.226182624698, 0.235294908285, 0.237815722823, 0.167099416256, 0.11118542403, 0.0926511883736, 0.120650932193, 0.171534612775, 0.168689697981, 0.183577284217, 0.197278529406, 0.177277728915, 0.140642657876, 0.147122204304, 0.155365049839, 0.18702198565, 0.21326264739, 0.173865765333, 0.138929650187, 0.10227868706, 0.0891253054142, 0.135237157345, 0.169833824039, 0.158792063594, 0.149182364345, 0.141534760594, 0.125541538, 0.136974185705, 0.150515332818, 0.198969468474, 0.273664176464], "mean": [0.411598056555, 0.234839454293, 0.0984202027321, 0.0782631859183, 0.0819829106331, 0.183309286833, 0.305650830269, 0.227004468441, 0.0857477709651, 0.0447277463973, 0.038947917521, 0.0994915664196, 0.168003410101, 0.139185115695, 0.168775260448, 0.208890423179, 0.120049871504, 0.0561683475971, 0.0546548739076, 0.0631202980876, 0.127980053425, 0.182208448648, 0.130445063114, 0.0699136629701, 0.045724965632, 0.0388545095921, 0.103360503912, 0.16140948236, 0.120753183961, 0.104250952601, 0.11153870821, 0.0748417004943, 0.0575136356056, 0.0609419494867, 0.108109988272, 0.311836481094], "dvar2": [0.121512539685, 0.120396785438, 0.0988096147776, 0.100184068084, 0.113042347133, 0.104178123176, 0.105177506804, 0.110590286553, 0.0862037763, 0.059452354908, 0.0513687692583, 0.0472306497395, 0.0718941912055, 0.0705957189202, 0.0794468671083, 0.083589464426, 0.0952439457178, 0.0958226621151, 0.115817211568, 0.095275759697, 0.0912029445171, 0.0976338535547, 0.0723166242242, 0.0790381357074, 0.0615988560021, 0.0484873354435, 0.0536582060158, 0.0655528903008, 0.0652055814862, 0.0701084733009, 0.0680028870702, 0.0612156800926, 0.092751763761, 0.0936525687575, 0.0995127260685, 0.113329827785], "min": [0, 0, 0, 0, 0, 0, 0, 0, 0, 0, 0, 0, 0, 0, 0, 0, 0, 0, 0, 0, 0, 0, 0, 0, 0, 0, 0, 0, 0, 0, 0, 0, 0, 0, 0, 0]}, "key_key": "D", "thpcp": [1, 0.570555329323, 0.239117264748, 0.190144687891, 0.199181973934, 0.445359945297, 0.742595434189, 0.551519751549, 0.208328902721, 0.108668506145, 0.0946260988712, 0.241720199585, 0.408173471689, 0.338157862425, 0.410048723221, 0.507510721684, 0.291667729616, 0.136464074254, 0.132787004113, 0.153354212642, 0.31093454361, 0.442685395479, 0.3169234097, 0.169859066606, 0.111091308296, 0.0943991541862, 0.251120001078, 0.392153173685, 0.293376475573, 0.253283381462, 0.270989388227, 0.181832000613, 0.139732524753, 0.148061797023, 0.262659132481, 0.757623791695], "chords_key": "D", "tuning_equal_tempered_deviation": 0.0128404973075, "tuning_frequency": 442.804626465, "tuning_diatonic_strength": 0.695254325867, "chords_histogram": [24.4730186462, 18.1703205109, 21.8802700043, 0.526981472969, 1.3069139719, 1.51770663261, 0.948566615582, 0, 1.15935921669, 0.316188871861, 0, 0, 0, 0, 0, 0.126475542784, 0, 0.65345698595, 0, 0.906408071518, 0.189713329077, 1.72849917412, 6.6610455513, 19.4350757599], "key_strength": 0.787878215313, "key_scale": "major", "chords_strength": {"dvar": 0.000536382372957, "var": 0.0214166138321, "median": 0.495482891798, "max": 0.75726133585, "dmean": 0.00825618114322, "dmean2": 0.00822751410306, "mean": 0.483386129141, "dvar2": 0.00101299362723, "min": -1}, "chords_number_rate": 0.00189713318832, "tuning_nontempered_energy_ratio": 0.660138249397, "hpcp_entropy": {"dvar": 0.204699680209, "var": 0.432393074036, "median": 1.92476415634, "max": 3.91273117065, "dmean": 0.535853266716, "dmean2": 0.9083994627, "mean": 1.86885452271, "dvar2": 0.53389018774, "min": 0}, "chords_changes_rate": 0.0588111281395, "chords_scale": "major"}, "rhythm": {"bpm_histogram_first_peak_spread": {"dvar": 0, "var": 0, "median": 0.161676645279, "max": 0.161676645279, "dmean": 0, "dmean2": 0, "mean": 0.161676645279, "dvar2": 0, "min": 0.161676645279}, "bpm_histogram_first_peak_weight": {"dvar": 0, "var": 0, "median": 0.821917831898, "max": 0.821917831898, "dmean": 0, "dmean2": 0, "mean": 0.821917831898, "dvar2": 0, "min": 0.821917831898}, "bpm_histogram_first_peak_bpm": {"dvar": 0, "var": 0, "median": 140, "max": 140, "dmean": 0, "dmean2": 0, "mean": 140, "dvar2": 0, "min": 140}, "bpm": 140.060943604, "bpm_histogram_second_peak_weight": {"dvar": 0, "var": 0, "median": 0.0136986300349, "max": 0.0136986300349, "dmean": 0, "dmean2": 0, "mean": 0.0136986300349, "dvar2": 0, "min": 0.0136986300349}, "beats_loudness": {"dvar": 0.000380070036044, "var": 0.000681079109199, "median": 0.0505112148821, "max": 0.121969848871, "dmean": 0.0262670554221, "dmean2": 0.0471747741103, "mean": 0.0495257228613, "dvar2": 0.00130130967591, "min": 0}, "beats_loudness_band_ratio": {"dvar": [0.0402944982052, 0.0100694522262, 0.013039923273, 0.00281108939089, 0.000862370827235, 0.0125105604529], "var": [0.0598852485418, 0.013572698459, 0.0155121544376, 0.00369009631686, 0.0010057198815, 0.0126860663295], "median": [0.46287125349, 0.131077453494, 0.169734850526, 0.0529147535563, 0.0322554707527, 0.0665415525436], "max": [0.976921856403, 0.780515670776, 0.678726971149, 0.356135249138, 0.216393277049, 0.430674463511], "dmean": [0.324088931084, 0.115433879197, 0.13544254005, 0.0542931817472, 0.03719253093, 0.140338033438], "dmean2": [0.583146452904, 0.205929785967, 0.239884316921, 0.0963027104735, 0.0674847215414, 0.25959739089], "mean": [0.454017460346, 0.15118893981, 0.193401500583, 0.0708214566112, 0.0417852550745, 0.119521416724], "dvar2": [0.124623611569, 0.0264990031719, 0.0401706844568, 0.00833170115948, 0.00240242714062, 0.0297285057604], "min": [0, 0, 0, 0, 0, 0]}, "bpm_histogram_second_peak_bpm": {"dvar": 0, "var": 0, "median": 133, "max": 133, "dmean": 0, "dmean2": 0, "mean": 133, "dvar2": 0, "min": 133}, "onset_rate": 3.47328019142, "beats_count": 512, "beats_position": [0.452789098024, 0.917188167572, 1.40480720997, 1.89242625237, 2.34521532059, 2.7863945961, 3.21596360207, 3.64553284645, 4.07510185242, 4.5046710968, 4.92263031006, 5.35219955444, 5.78176879883, 6.2229475975, 6.64090681076, 7.05886602402, 7.4884352684, 7.91800451279, 8.34757328033, 8.77714252472, 9.2067117691, 9.63628101349, 10.0658502579, 10.4954195023, 10.9249887466, 11.354557991, 11.7725172043, 12.202085495, 12.6316547394, 13.0728340149, 13.4907932281, 13.9203624725, 14.3499317169, 14.7795009613, 15.2090702057, 15.6270294189, 16.0565986633, 16.4861679077, 16.9157371521, 17.3453063965, 17.7748756409, 18.2044448853, 18.6340141296, 19.0635814667, 19.4931507111, 19.9227199554, 20.3406791687, 20.7702484131, 21.1998176575, 21.640996933, 22.0589561462, 22.4885253906, 22.918094635, 23.3592739105, 23.7772331238, 24.195192337, 24.6247615814, 25.0543308258, 25.4839000702, 25.9134693146, 26.343038559, 26.7726078033, 27.2021770477, 27.6317462921, 28.0613155365, 28.4908847809, 28.9088420868, 29.3384113312, 29.7679805756, 30.1975498199, 30.6271190643, 31.0566883087, 31.4862575531, 31.9042167664, 32.3337860107, 32.7633552551, 33.1929244995, 33.6224937439, 34.0520629883, 34.4816322327, 34.9112014771, 35.3407707214, 35.7587280273, 36.1882972717, 36.6178665161, 37.059047699, 37.4770050049, 37.9065742493, 38.3361434937, 38.7541046143, 39.1836738586, 39.613243103, 40.0428123474, 40.4723815918, 40.9019508362, 41.3315200806, 41.761089325, 42.1906585693, 42.6086158752, 43.0381851196, 43.467754364, 43.9089317322, 44.3268928528, 44.7564620972, 45.1860313416, 45.6156005859, 46.0451698303, 46.4747390747, 46.9043083191, 47.322265625, 47.7518348694, 48.1814041138, 48.6109733582, 49.0405426025, 49.4701118469, 49.8996810913, 50.3292503357, 50.7588195801, 51.1883888245, 51.6179580688, 52.0475273132, 52.4770965576, 52.8950538635, 53.3246231079, 53.7541923523, 54.1837615967, 54.6017227173, 55.0312919617, 55.4608612061, 55.8904304504, 56.3199996948, 56.7495689392, 57.1791381836, 57.608707428, 58.0382766724, 58.4678459167, 58.8974151611, 59.3269844055, 59.7449417114, 60.1745109558, 60.6040802002, 61.0336494446, 61.463218689, 61.8811798096, 62.310749054, 62.7403144836, 63.169883728, 63.5994529724, 64.0290222168, 64.4585952759, 64.8881607056, 65.3177337646, 65.7472991943, 66.1768722534, 66.5948257446, 67.0243988037, 67.4539642334, 67.895149231, 68.3247146606, 68.7542877197, 69.1838531494, 69.6134262085, 70.0313796997, 70.4493408203, 70.8789138794, 71.3084793091, 71.7380523682, 72.1676177979, 72.5971832275, 73.0267562866, 73.4563217163, 73.8858947754, 74.3154602051, 74.7450332642, 75.1745986938, 75.6041717529, 76.0337371826, 76.4633102417, 76.8812713623, 77.2992248535, 77.7287979126, 78.1583633423, 78.5879364014, 79.0175018311, 79.4470748901, 79.8766403198, 80.3062133789, 80.7357788086, 81.1653518677, 81.5949172974, 82.0244903564, 82.4540557861, 82.8836288452, 83.3131942749, 83.7311553955, 84.1607208252, 84.5902938843, 85.019859314, 85.449432373, 85.8673934937, 86.2969589233, 86.7265319824, 87.1560974121, 87.5856704712, 88.0152359009, 88.44480896, 88.8743743896, 89.3039474487, 89.7335128784, 90.1630859375, 90.5926513672, 91.0222167969, 91.451789856, 91.8813552856, 92.2993164062, 92.7288894653, 93.158454895, 93.5880279541, 94.0175933838, 94.4355545044, 94.8651199341, 95.2946929932, 95.7242584229, 96.1538314819, 96.5833969116, 97.0129699707, 97.4425354004, 97.8721084595, 98.3016738892, 98.7312469482, 99.1608123779, 99.590385437, 100.019950867, 100.449523926, 100.867477417, 101.297050476, 101.726615906, 102.144577026, 102.574150085, 103.003715515, 103.433288574, 103.862854004, 104.292427063, 104.721992493, 105.151565552, 105.581130981, 106.010704041, 106.44026947, 106.869842529, 107.299407959, 107.71736908, 108.146934509, 108.576507568, 109.006072998, 109.424034119, 109.853607178, 110.283172607, 110.712738037, 111.142311096, 111.571876526, 112.001449585, 112.431015015, 112.860588074, 113.290153503, 113.719726562, 114.149291992, 114.567253113, 114.996826172, 115.426391602, 115.855964661, 116.273918152, 116.703491211, 117.133056641, 117.5626297, 117.992195129, 118.421768188, 118.851333618, 119.280906677, 119.710472107, 120.140045166, 120.569610596, 120.999183655, 121.417137146, 121.846710205, 122.276275635, 122.717460632, 123.135414124, 123.564987183, 123.994552612, 124.424125671, 124.853691101, 125.271652222, 125.701225281, 126.13079071, 126.56036377, 126.989929199, 127.419502258, 127.849067688, 128.278640747, 128.708206177, 129.137771606, 129.567337036, 129.996917725, 130.426483154, 130.844436646, 131.274017334, 131.703582764, 132.133148193, 132.562713623, 132.992294312, 133.421859741, 133.839813232, 134.269378662, 134.698959351, 135.12852478, 135.55809021, 135.98765564, 136.417236328, 136.846801758, 137.276367188, 137.705932617, 138.135513306, 138.553466797, 138.983032227, 139.412597656, 139.853790283, 140.271743774, 140.689697266, 141.119277954, 141.548843384, 141.978408813, 142.407974243, 142.837554932, 143.267120361, 143.696685791, 144.126251221, 144.555831909, 144.985397339, 145.40335083, 145.83291626, 146.262496948, 146.703674316, 147.121627808, 147.551193237, 147.980773926, 148.410339355, 148.839904785, 149.257858276, 149.687438965, 150.117004395, 150.546569824, 150.976135254, 151.405715942, 151.835281372, 152.264846802, 152.694412231, 153.12399292, 153.55355835, 153.983123779, 154.412689209, 154.842269897, 155.271835327, 155.689788818, 156.119369507, 156.548934937, 156.978500366, 157.408065796, 157.826034546, 158.255599976, 158.685165405, 159.114730835, 159.544311523, 159.973876953, 160.403442383, 160.833007812, 161.262588501, 161.692153931, 162.12171936, 162.539672852, 162.96925354, 163.39881897, 163.828384399, 164.257949829, 164.687530518, 165.117095947, 165.546661377, 165.976226807, 166.405807495, 166.835372925, 167.253326416, 167.682891846, 168.112472534, 168.542037964, 168.971603394, 169.389572144, 169.819137573, 170.248703003, 170.689880371, 171.107849121, 171.537414551, 171.96697998, 172.39654541, 172.826126099, 173.255691528, 173.685256958, 174.103210449, 174.532791138, 174.962356567, 175.391921997, 175.821487427, 176.251068115, 176.680633545, 177.110198975, 177.539764404, 177.969345093, 178.398910522, 178.828475952, 179.258041382, 179.676010132, 180.105575562, 180.535140991, 180.964706421, 181.394287109, 181.812240601, 182.24180603, 182.671386719, 183.100952148, 183.530517578, 183.960083008, 184.389663696, 184.819229126, 185.248794556, 185.678359985, 186.107940674, 186.525894165, 186.955459595, 187.385025024, 187.826202393, 188.244171143, 188.673736572, 189.103302002, 189.521270752, 189.950836182, 190.380401611, 190.809967041, 191.239547729, 191.669113159, 192.098678589, 192.528244019, 192.957824707, 193.387390137, 193.805343628, 194.234924316, 194.664489746, 195.094055176, 195.523620605, 195.953201294, 196.382766724, 196.812332153, 197.241897583, 197.671463013, 198.089431763, 198.518997192, 198.948562622, 199.378143311, 199.80770874, 200.23727417, 200.6668396, 201.096420288, 201.525985718, 201.955551147, 202.385116577, 202.814697266, 203.244262695, 203.662216187, 204.091781616, 204.521362305, 204.939315796, 205.368881226, 205.798446655, 206.228027344, 206.657592773, 207.087158203, 207.516723633, 207.946304321, 208.375869751, 208.805435181, 209.23500061, 209.65296936, 210.08253479, 210.51210022, 210.941680908, 211.371246338, 211.800811768, 212.230377197, 212.659957886, 213.089523315, 213.519088745, 213.948654175, 214.378234863, 214.807800293, 215.237365723, 215.666931152, 216.108108521, 216.549285889, 216.990478516, 217.443267822, 217.896057129, 218.348846436, 218.801635742, 219.254425049, 219.707214355], "danceability": 1.19835913181, "bpm_histogram_second_peak_spread": {"dvar": 0, "var": 0, "median": 0.125, "max": 0.125, "dmean": 0, "dmean2": 0, "mean": 0.125, "dvar2": 0, "min": 0.125}}, "lowlevel": {"spectral_flux": {"dvar": 0.000983048928902, "var": 0.00258524622768, "median": 0.0724934190512, "max": 0.372514724731, "dmean": 0.0234425254166, "dmean2": 0.0362566299736, "mean": 0.0812985301018, "dvar2": 0.00215824600309, "min": 6.35870800458e-11}, "spectral_rolloff": {"dvar": 1459363.75, "var": 6614766, "median": 882.861328125, "max": 21016.40625, "dmean": 653.617004395, "dmean2": 1057.81237793, "mean": 1788.10095215, "dvar2": 3043262.25, "min": 86.1328125}, "barkbands_flatness_db": {"dvar": 0.000349983747583, "var": 0.00158922979608, "median": 0.100256517529, "max": 0.371127814054, "dmean": 0.0181059446186, "dmean2": 0.0276563838124, "mean": 0.105249725282, "dvar2": 0.000801864953246, "min": 0.0229521822184}, "spectral_centroid": {"dvar": 103989.640625, "var": 1290925.5, "median": 1129.0559082, "max": 12093.9267578, "dmean": 246.564788818, "dmean2": 384.653778076, "mean": 1348.31115723, "dvar2": 245351.359375, "min": 205.278381348}, "melbands_skewness": {"dvar": 0.546316564083, "var": 2.16254448891, "median": 2.69291305542, "max": 19.6096115112, "dmean": 0.680903375149, "dmean2": 1.03830492496, "mean": 2.93651866913, "dvar2": 1.22723090649, "min": -0.524151921272}, "melbands": {"dvar": [4.57219721284e-06, 8.09660832601e-06, 1.73380453816e-06, 1.41854900448e-06, 3.6871531961e-07, 1.41564740375e-07, 1.35532062018e-07, 2.27755379001e-07, 2.21052872007e-07, 1.31596934239e-07, 3.55626035287e-08, 6.98364601703e-08, 7.57544249552e-09, 3.38213324014e-09, 3.72053610143e-09, 3.44444606171e-09, 1.12527065443e-09, 1.47829315456e-09, 3.59190177601e-10, 4.37789887675e-10, 3.44302336641e-10, 2.36031777456e-10, 7.92774790259e-10, 2.52653009625e-10, 1.75669923053e-10, 2.26601876152e-10, 7.02581187673e-11, 5.39958529278e-11, 8.55093565399e-11, 9.92188969873e-11, 1.40698841467e-10, 1.64184110751e-10, 2.28943072833e-10, 8.54779302895e-11, 1.17637372066e-10, 1.18848417219e-10, 6.52218071218e-11, 2.43174265446e-11, 1.82406988819e-11, 1.09697407408e-11], "var": [5.31701516593e-06, 1.01037958302e-05, 2.15511863644e-06, 1.69271515915e-06, 1.36408152684e-06, 3.01457617979e-07, 4.08996953638e-07, 6.55983512843e-07, 5.00360272326e-07, 2.29784262729e-07, 9.2552319586e-08, 1.58919775117e-07, 1.22514514089e-08, 1.210861722e-08, 5.59710944259e-09, 4.82136641722e-09, 1.79443437887e-09, 1.46602685547e-09, 6.73797184714e-10, 5.43915468221e-10, 7.76903874566e-10, 5.02668295876e-10, 1.23382393191e-09, 4.82216766517e-10, 2.3294835505e-10, 2.90644369683e-10, 1.43625972227e-10, 9.003850443e-11, 1.3955343825e-10, 1.54478763115e-10, 2.11151110485e-10, 2.25131094322e-10, 3.30058758102e-10, 1.6121075308e-10, 2.35922753555e-10, 2.37714015139e-10, 1.26932062083e-10, 5.23643073347e-11, 4.47209699828e-11, 2.62265226897e-11], "median": [0.00183559651487, 0.00165016646497, 0.000732243526727, 0.000364195555449, 0.000191451850696, 0.00015414506197, 0.000148838516907, 0.000227057069424, 0.00022189662559, 0.000103115846287, 9.25503118197e-05, 8.48202835186e-05, 2.7061199944e-05, 1.73503358383e-05, 1.28152223624e-05, 1.29010486489e-05, 7.25594236428e-06, 9.64090850175e-06, 9.97588176688e-06, 5.65928166907e-06, 6.24154017714e-06, 5.55915175937e-06, 6.41652286504e-06, 4.19226671511e-06, 2.89939589493e-06, 4.40194162366e-06, 4.39217456005e-06, 2.68256553682e-06, 3.02768557958e-06, 3.20409617416e-06, 3.5329635466e-06, 3.86154169973e-06, 2.69045131063e-06, 1.95907296074e-06, 2.64159575636e-06, 2.80654512608e-06, 2.2215494937e-06, 1.8943711666e-06, 1.43556849252e-06, 9.59713361226e-07], "max": [0.0226857755333, 0.0374294370413, 0.0143501870334, 0.0138832880184, 0.0142978234217, 0.00858211517334, 0.00819305516779, 0.00930107571185, 0.0105681661516, 0.00935353059322, 0.00439096894115, 0.00886093825102, 0.00233499752358, 0.00176934385672, 0.00109367677942, 0.000948680739384, 0.000912814284675, 0.000666676671244, 0.000376491690986, 0.0003192742588, 0.000531729252543, 0.000388324027881, 0.00104602705687, 0.000417855713749, 0.000227272088523, 0.000288630544674, 0.000232947495533, 0.000168962549651, 0.000381046440452, 0.000285690883175, 0.000197813817067, 0.000196233944735, 0.00022172255558, 0.000141311189509, 0.000165970908711, 0.000139298164868, 0.000145830636029, 9.2190799478e-05, 9.49133172981e-05, 4.76920540677e-05], "dmean": [0.0010014133295, 0.00129636400379, 0.00075132685015, 0.000512376544066, 0.00030003185384, 0.000192796564079, 0.000181535229785, 0.000246906856773, 0.000248839351116, 0.000135467809741, 8.92712778295e-05, 0.000121041302918, 3.36573575623e-05, 2.47485149885e-05, 2.44948332693e-05, 2.52718018601e-05, 1.36805019793e-05, 1.44966916196e-05, 9.93575577013e-06, 8.21647881821e-06, 8.78044011188e-06, 6.75009323459e-06, 9.20818820305e-06, 7.01118960933e-06, 5.32004287379e-06, 5.95344909016e-06, 4.23469100497e-06, 3.64679908671e-06, 3.8310004129e-06, 4.07599964092e-06, 4.9261670938e-06, 4.88165778734e-06, 5.03846331412e-06, 3.53452787749e-06, 4.23227811552e-06, 4.30831232734e-06, 3.22017308463e-06, 2.51801907325e-06, 2.14206920646e-06, 1.61894126904e-06], "dmean2": [0.00164232763927, 0.00213986448944, 0.00127661332954, 0.000860626110807, 0.000435621273937, 0.000301390740788, 0.000281557964627, 0.000390775880078, 0.000396599381929, 0.000200388371013, 0.000131545340992, 0.000171321764356, 5.35055842192e-05, 3.91171415686e-05, 3.99337004637e-05, 4.18915333285e-05, 2.26821211982e-05, 2.46930976573e-05, 1.62056967383e-05, 1.33778112286e-05, 1.40355314215e-05, 1.10053770186e-05, 1.49164516188e-05, 1.09365846583e-05, 8.5457759269e-06, 9.85879705695e-06, 6.76740864947e-06, 6.06739649811e-06, 5.97183770878e-06, 6.66414598527e-06, 7.91730417404e-06, 7.88446322986e-06, 7.63943262427e-06, 5.35831577508e-06, 6.36445292912e-06, 6.21737581241e-06, 4.92081926495e-06, 3.66407311958e-06, 2.91383184958e-06, 2.29434613175e-06], "mean": [0.00210094312206, 0.00231513637118, 0.00119788851589, 0.000772795290686, 0.000572966120671, 0.00035483026295, 0.000374002382159, 0.000505949021317, 0.000450568186352, 0.000240589914029, 0.000184028511285, 0.000232299338677, 5.86995993217e-05, 5.02288748976e-05, 3.70984271285e-05, 3.63965446013e-05, 2.18607910938e-05, 2.13498551602e-05, 1.88315352716e-05, 1.29824229589e-05, 1.49698989844e-05, 1.20378235806e-05, 1.60669860634e-05, 1.10407254397e-05, 7.62240006225e-06, 9.55929135671e-06, 8.45045906317e-06, 6.04045817454e-06, 6.6337061071e-06, 6.93989750289e-06, 8.26008363219e-06, 8.45917020342e-06, 8.03708189778e-06, 6.08098071098e-06, 7.70620590629e-06, 7.64199285186e-06, 5.80746336709e-06, 4.57115447716e-06, 3.91234789276e-06, 2.8967358503e-06], "dvar2": [1.25008573377e-05, 2.01161474251e-05, 4.5741771828e-06, 3.84925124308e-06, 7.2260303341e-07, 3.50889195033e-07, 3.0980027077e-07, 5.76523120799e-07, 5.48210039142e-07, 2.61502975718e-07, 7.38796330779e-08, 1.47811519469e-07, 1.92890627915e-08, 8.78802186577e-09, 1.08392841369e-08, 9.97671367742e-09, 3.19659987369e-09, 4.19603596313e-09, 9.38033317688e-10, 1.15469156459e-09, 8.14616873956e-10, 6.0676691449e-10, 2.12812634182e-09, 5.87641102445e-10, 4.1170947207e-10, 5.79628456343e-10, 1.64992047802e-10, 1.40305128626e-10, 1.99321850691e-10, 2.44310682795e-10, 3.18559262302e-10, 4.26148033528e-10, 5.1619486463e-10, 1.92666410603e-10, 2.44543524319e-10, 2.36622527128e-10, 1.42454326113e-10, 5.11956692317e-11, 3.09125121334e-11, 1.89445438503e-11], "min": [5.06470986472e-25, 9.44374380278e-25, 1.12654100013e-24, 6.7787340206e-25, 8.72374651028e-25, 1.12177884406e-24, 1.639332636e-24, 1.83154332872e-24, 1.99533865999e-24, 2.81800560766e-24, 2.46164952664e-24, 2.91981974318e-24, 2.68349180712e-24, 2.64206359339e-24, 2.46029071373e-24, 4.00070137551e-24, 3.68750032474e-24, 4.37539137283e-24, 3.58497049517e-24, 3.84208235228e-24, 3.31223327567e-24, 2.61634416408e-24, 3.68066129512e-24, 4.4408064801e-24, 3.58749208905e-24, 4.85151073876e-24, 3.89224088965e-24, 3.80304399267e-24, 5.00241391347e-24, 3.71320259632e-24, 5.48474279801e-24, 4.50779063172e-24, 6.36282032174e-24, 4.65623256041e-24, 5.95374584972e-24, 5.04887505977e-24, 5.15318377069e-24, 6.359430192e-24, 6.2147183921e-24, 5.94193541867e-24]}, "spectral_decrease": {"dvar": 1.49303734829e-17, "var": 3.02818910855e-17, "median": -7.11536651821e-09, "max": 1.70156536514e-28, "dmean": 2.56405119359e-09, "dmean2": 4.07604661135e-09, "mean": -7.89849341487e-09, "dvar2": 3.64327664158e-17, "min": -4.01836821595e-08}, "barkbands_kurtosis": {"dvar": 23.3922843933, "var": 51.1675605774, "median": 3.05605959892, "max": 256.320648193, "dmean": 2.47830915451, "dmean2": 3.81569051743, "mean": 4.48165416718, "dvar2": 47.477432251, "min": -1.8822915554}, "silence_rate_30dB": {"dvar": 0.00794777087867, "var": 0.0047216550447, "median": 1, "max": 1, "dmean": 0.00801265146583, "dmean2": 0.0160269923508, "mean": 0.995256185532, "dvar2": 0.0223093442619, "min": 0}, "gfcc": {"mean": [17.2702674866, 58.1547164917, -76.5861968994, 20.7557487488, -60.7420806885, 13.8975772858, -25.7490844727, 13.3361911774, -15.1289453506, 1.17840993404, -17.5484867096, -1.61203324795, -11.884062767], "cov": [[27382.1054688, 62.8976478577, -1110.51928711, 303.71887207, -1101.97253418, 292.3671875, -530.35748291, 211.508071899, -230.144332886, 22.8439540863, -321.003631592, -3.61674118042, -221.627197266], [62.8976478577, 1031.70166016, -220.465591431, 8.0579328537, 115.889587402, 39.7437171936, 113.735816956, 34.1275291443, 47.9171180725, 14.8311414719, 76.431098938, 12.7374811172, 56.9242630005], [-1110.51928711, -220.465591431, 570.371032715, 73.6054763794, 164.542739868, 60.4036102295, 64.2158203125, 24.0817832947, 40.4888763428, 33.3332176208, 11.8683547974, 10.8959703445, 14.423664093], [303.71887207, 8.0579328537, 73.6054763794, 232.678756714, 22.5971431732, 48.2610816956, 0.890276074409, 38.9627799988, 24.2550582886, 3.85447788239, -5.6032834053, -2.12598466873, 0.869965016842], [-1101.97253418, 115.889587402, 164.542739868, 22.5971431732, 306.291290283, 68.0912017822, 139.968231201, 57.0034141541, 53.1487159729, 26.5218868256, 28.2031803131, 5.28254079819, 20.7200927734], [292.3671875, 39.7437171936, 60.4036102295, 48.2610816956, 68.0912017822, 177.175033569, 83.3761367798, 61.6099243164, 27.1440505981, 11.3834438324, 2.32711482048, 3.88287806511, 8.9111623764], [-530.35748291, 113.735816956, 64.2158203125, 0.890276074409, 139.968231201, 83.3761367798, 206.357131958, 80.5038909912, 45.2176551819, 9.99871444702, 21.2324962616, 4.3382973671, 14.5394935608], [211.508071899, 34.1275291443, 24.0817832947, 38.9627799988, 57.0034141541, 61.6099243164, 80.5038909912, 126.656433105, 42.0265235901, 14.8365745544, -9.0256652832, -1.64777612686, 3.30265927315], [-230.144332886, 47.9171180725, 40.4888763428, 24.2550582886, 53.1487159729, 27.1440505981, 45.2176551819, 42.0265235901, 98.7794647217, 29.5859355927, 16.8438873291, -0.156377777457, 6.89598941803], [22.8439540863, 14.8311414719, 33.3332176208, 3.85447788239, 26.5218868256, 11.3834438324, 9.99871444702, 14.8365745544, 29.5859355927, 77.1333312988, 32.3277397156, -2.32385802269, -18.8621921539], [-321.003631592, 76.431098938, 11.8683547974, -5.6032834053, 28.2031803131, 2.32711482048, 21.2324962616, -9.0256652832, 16.8438873291, 32.3277397156, 73.3777694702, 20.7294425964, 4.86103725433], [-3.61674118042, 12.7374811172, 10.8959703445, -2.12598466873, 5.28254079819, 3.88287806511, 4.3382973671, -1.64777612686, -0.156377777457, -2.32385802269, 20.7294425964, 58.4526176453, 32.7469291687], [-221.627197266, 56.9242630005, 14.423664093, 0.869965016842, 20.7200927734, 8.9111623764, 14.5394935608, 3.30265927315, 6.89598941803, -18.8621921539, 4.86103725433, 32.7469291687, 83.5774459839]], "icov": [[5.69161093154e-05, -3.61867205356e-05, 6.44486062811e-05, -5.44329523109e-05, 0.000169479564647, -0.000169991530129, 0.000110055043478, -0.000144976002048, 0.000101174024167, -0.00017486026627, 0.000263177498709, -0.000198676178115, 0.000142436256283], [-3.61867205356e-05, 0.00144931604154, 0.000814865459688, -0.000235197570873, -0.000672901165672, 4.25388097938e-05, -0.000506692624185, 0.000192007864825, -0.000256845058175, 0.000133073495817, -0.00154621910769, 0.000825761060696, -0.00116080557927], [6.44486062811e-05, 0.000814865459688, 0.0028132556472, -0.000819942390081, -0.00128444074653, -0.000506461248733, -0.000164811557624, 0.000531763129402, -0.00018635088054, -0.00107656978071, 0.00018781691324, -0.000330164126353, -0.000590132549405], [-5.44329523109e-05, -0.000235197570873, -0.000819942390081, 0.00518482923508, -0.000136758040753, -0.00105835904833, 0.00148703472223, -0.00150507036597, -0.000884617387783, 0.00101086555514, -0.000350458489265, 0.000349313457264, 0.00023556035012], [0.000169479564647, -0.000672901165672, -0.00128444074653, -0.000136758040753, 0.00635275011882, -0.000584890833125, -0.00260965549387, -0.000443851662567, -0.000326365348883, -0.00117715529632, 0.00055746617727, -0.000136149756145, -0.000128049476189], [-0.000169991530129, 4.25388097938e-05, -0.000506461248733, -0.00105835904833, -0.000584890833125, 0.00839334726334, -0.00268776295707, -0.00138166523539, 1.62843934959e-05, -0.000240914756432, -0.000103408783616, 0.000112961446575, -0.000703024968971], [0.000110055043478, -0.000506692624185, -0.000164811557624, 0.00148703472223, -0.00260965549387, -0.00268776295707, 0.0104402741417, -0.00484894076362, -0.000704728183337, 0.0023504360579, -0.00238348403946, 0.000329703907482, 0.000556883518584], [-0.000144976002048, 0.000192007864825, 0.000531763129402, -0.00150507036597, -0.000443851662567, -0.00138166523539, -0.00484894076362, 0.0141618167982, -0.00345770013519, -0.00253604562022, 0.0044998168014, -0.000876467500348, -0.000255404389463], [0.000101174024167, -0.000256845058175, -0.00018635088054, -0.000884617387783, -0.000326365348883, 1.62843934959e-05, -0.000704728183337, -0.00345770013519, 0.0143883321434, -0.00450446316972, -0.000982200843282, 0.00127780868206, -0.00182431214489], [-0.00017486026627, 0.000133073495817, -0.00107656978071, 0.00101086555514, -0.00117715529632, -0.000240914756432, 0.0023504360579, -0.00253604562022, -0.00450446316972, 0.0213146377355, -0.0104149645194, 0.00200877641328, 0.00463054003194], [0.000263177498709, -0.00154621910769, 0.00018781691324, -0.000350458489265, 0.00055746617727, -0.000103408783616, -0.00238348403946, 0.0044998168014, -0.000982200843282, -0.0104149645194, 0.0247991364449, -0.00972778070718, 0.00193155230954], [-0.000198676178115, 0.000825761060696, -0.000330164126353, 0.000349313457264, -0.000136149756145, 0.000112961446575, 0.000329703907482, -0.000876467500348, 0.00127780868206, 0.00200877641328, -0.00972778070718, 0.026326501742, -0.0104383546859], [0.000142436256283, -0.00116080557927, -0.000590132549405, 0.00023556035012, -0.000128049476189, -0.000703024968971, 0.000556883518584, -0.000255404389463, -0.00182431214489, 0.00463054003194, 0.00193155230954, -0.0104383546859, 0.0184257198125]]}, "silence_rate_20dB": {"dvar": 0, "var": 0, "median": 1, "max": 1, "dmean": 0, "dmean2": 0, "mean": 1, "dvar2": 0, "min": 1}, "barkbands_skewness": {"dvar": 0.256208091974, "var": 1.00275242329, "median": 1.69290757179, "max": 14.2823801041, "dmean": 0.453727304935, "dmean2": 0.695460438728, "mean": 1.77483141422, "dvar2": 0.583331525326, "min": -3.0934753418}, "erbbands_skewness": {"dvar": 0.109597362578, "var": 0.487542748451, "median": 0.76534485817, "max": 4.04934549332, "dmean": 0.343323051929, "dmean2": 0.510938584805, "mean": 0.755430161953, "dvar2": 0.241209164262, "min": -3.31232237816}, "spectral_contrast_valleys": {"dvar": [0.151242718101, 0.106648012996, 0.090705357492, 0.112718455493, 0.140906199813, 0.17238022387], "var": [5.78137588501, 5.78085899353, 5.33397960663, 5.08901500702, 5.30604839325, 4.99932813644], "median": [-6.62620925903, -6.41438674927, -7.38315200806, -7.97555923462, -7.63468456268, -9.22182273865], "max": [-5.0383067131, -4.45828342438, -5.43924617767, -5.63371992111, -5.58294773102, -7.25823831558], "dmean": [0.371318608522, 0.314922302961, 0.279872447252, 0.266202509403, 0.26016458869, 0.291606277227], "dmean2": [0.607423305511, 0.51908159256, 0.449082225561, 0.425678610802, 0.38454708457, 0.358765095472], "mean": [-7.21869325638, -6.8048915863, -7.75387477875, -8.34063434601, -7.9836435318, -9.64325809479], "dvar2": [0.31225708127, 0.233056470752, 0.175113499165, 0.220744743943, 0.259862661362, 0.252542287111], "min": [-28.0316352844, -28.0884075165, -27.7671470642, -27.7456874847, -27.5483989716, -27.5180511475]}, "spectral_strongpeak": {"dvar": 0.540660321712, "var": 0.838678538799, "median": 0.361373752356, "max": 9.4024105072, "dmean": 0.465683996677, "dmean2": 0.791230380535, "mean": 0.762786328793, "dvar2": 1.30709683895, "min": 0}, "erbbands_crest": {"dvar": 7.40365791321, "var": 26.3566398621, "median": 8.71157932281, "max": 30.9505767822, "dmean": 2.84425902367, "dmean2": 4.34975767136, "mean": 9.90765857697, "dvar2": 16.0806655884, "min": 2.27639293671}, "barkbands_crest": {"dvar": 5.38024091721, "var": 13.235742569, "median": 8.53172874451, "max": 24.9725818634, "dmean": 2.35053610802, "dmean2": 3.85494232178, "mean": 9.32262802124, "dvar2": 14.270737648, "min": 2.57688140869}, "spectral_energyband_middle_low": {"dvar": 7.81823619036e-05, "var": 0.000168985730852, "median": 0.0114374188706, "max": 0.113092310727, "dmean": 0.00543319061399, "dmean2": 0.00859595183283, "mean": 0.0145987765864, "dvar2": 0.000202992494451, "min": 1.38066145331e-22}, "spectral_contrast_coeffs": {"dvar": [0.00187631812878, 0.00125707313418, 0.000841636385303, 0.000555407721549, 0.000270384480245, 0.000230386620387], "var": [0.00937279034406, 0.00585125759244, 0.00528271123767, 0.00278625194915, 0.00200169323944, 0.00142886396497], "median": [-0.677112281322, -0.723567962646, -0.715855956078, -0.776984512806, -0.787280321121, -0.776547789574], "max": [-0.272798657417, -0.432137787342, -0.469393342733, -0.579746305943, -0.583332538605, -0.662040233612], "dmean": [0.0494866445661, 0.0436211451888, 0.0358909256756, 0.0286101698875, 0.0193168316036, 0.0161014012992], "dmean2": [0.0814809203148, 0.0712255910039, 0.0562387481332, 0.0473833084106, 0.0314191170037, 0.0255557596684], "mean": [-0.666726350784, -0.720568954945, -0.71807038784, -0.777147710323, -0.787510693073, -0.779246151447], "dvar2": [0.0046017547138, 0.00333058717661, 0.00202966621146, 0.00150447711349, 0.000663941551466, 0.000579357438255], "min": [-0.979525327682, -0.984819531441, -0.976565063, -0.970314323902, -0.966085135937, -0.965567708015]}, "hfc": {"dvar": 599.748962402, "var": 1345.67883301, "median": 21.4439506531, "max": 332.680786133, "dmean": 11.9961853027, "dmean2": 15.8549251556, "mean": 31.7268676758, "dvar2": 1217.77514648, "min": 1.10242403494e-16}, "spectral_energyband_high": {"dvar": 6.07445235801e-06, "var": 1.3627757653e-05, "median": 0.00104912964161, "max": 0.0330808758736, "dmean": 0.00111068284605, "dmean2": 0.00144305138383, "mean": 0.00229723495431, "dvar2": 1.20266686281e-05, "min": 6.99651172524e-21}, "erbbands_spread": {"dvar": 97.7164306641, "var": 505.419525146, "median": 47.4593276978, "max": 151.898391724, "dmean": 9.97466182709, "dmean2": 14.3645420074, "mean": 50.7604217529, "dvar2": 190.351348877, "min": 2.8849568367}, "dissonance": {"dvar": 0.000358487421181, "var": 0.000793920946307, "median": 0.459461569786, "max": 0.500000059605, "dmean": 0.0200070682913, "dmean2": 0.033301088959, "mean": 0.45532143116, "dvar2": 0.00096258247504, "min": 0}, "spectral_kurtosis": {"dvar": 1.88205015659, "var": 5.72874641418, "median": 2.33771419525, "max": 50.7775154114, "dmean": 0.743415951729, "dmean2": 1.13056218624, "mean": 2.72657966614, "dvar2": 4.56708478928, "min": -1.26287972927}, "spectral_skewness": {"dvar": 0.0317286029458, "var": 0.170669540763, "median": 1.40146350861, "max": 5.58149003983, "dmean": 0.146683111787, "dmean2": 0.214419275522, "mean": 1.40296125412, "dvar2": 0.065855063498, "min": -0.0883352980018}, "pitch_salience": {"dvar": 0.00327260908671, "var": 0.0116480169818, "median": 0.525062918663, "max": 0.97416228056, "dmean": 0.061423227191, "dmean2": 0.0998871177435, "mean": 0.526487529278, "dvar2": 0.00803689658642, "min": 0.146950945258}, "spectral_complexity": {"dvar": 19.0940608978, "var": 96.153137207, "median": 16, "max": 59, "dmean": 3.17532944679, "dmean2": 4.84795427322, "mean": 17.3677005768, "dvar2": 34.4752464294, "min": 0}, "spectral_spread": {"dvar": 798426136576, "var": 15024282140700.0, "median": 6956821.5, "max": 42958360, "dmean": 691738.5625, "dmean2": 950973.0625, "mean": 7299646.5, "dvar2": 1453397639170.0, "min": 1642974.25}, "dynamic_complexity": 3.79580760002, "melbands_crest": {"dvar": 6.43521595001, "var": 20.2931613922, "median": 12.5994415283, "max": 32.3867225647, "dmean": 2.69152450562, "dmean2": 4.38368844986, "mean": 13.2215909958, "dvar2": 16.4934482574, "min": 1.54760921001}, "zerocrossingrate": {"dvar": 0.000250962388236, "var": 0.00360561953858, "median": 0.0732421875, "max": 0.52734375, "dmean": 0.0152176441625, "dmean2": 0.0172797199339, "mean": 0.0864554271102, "dvar2": 0.000316367513733, "min": 0.00439453125}, "spectral_energyband_low": {"dvar": 0.000125047197798, "var": 0.000190804712474, "median": 0.0106457462534, "max": 0.127755895257, "dmean": 0.00576364295557, "dmean2": 0.00938445329666, "mean": 0.012839355506, "dvar2": 0.000307528680423, "min": 1.02128804244e-23}, "melbands_kurtosis": {"dvar": 165.559646606, "var": 355.967559814, "median": 10.9493017197, "max": 594.653808594, "dmean": 6.78461265564, "dmean2": 10.5719337463, "mean": 15.9854011536, "dvar2": 383.934204102, "min": -1.67715954781}, "spectral_energyband_middle_high": {"dvar": 6.42246777716e-06, "var": 1.67734979186e-05, "median": 0.0029572325293, "max": 0.0614591538906, "dmean": 0.00150682951789, "dmean2": 0.00223915604874, "mean": 0.0041222460568, "dvar2": 1.47859063873e-05, "min": 1.18568959596e-21}, "barkbands_spread": {"dvar": 74.3031997681, "var": 249.689300537, "median": 24.3911056519, "max": 99.6702804565, "dmean": 7.20043230057, "dmean2": 10.685259819, "mean": 28.484588623, "dvar2": 156.742889404, "min": 0.835232615471}, "mfcc": {"mean": [-632.572143555, 100.860687256, 30.8923454285, 15.0935983658, -2.39013504982, 1.52863311768, -0.881770789623, 7.95993614197, 6.44539928436, 6.85920763016, 2.1686425209, 1.97213864326, -3.13827252388], "cov": [[12584.71875, 343.966827393, 317.618041992, 16.9062576294, -89.8432998657, 3.31980776787, -161.332641602, 56.2882041931, 10.2963705063, 12.7358407974, -50.8905029297, -63.1884040833, -45.1805839539], [343.966827393, 1008.12121582, -107.546386719, 36.9489479065, 24.1041374207, 41.2171363831, 98.5784912109, 47.9477348328, 53.1213645935, 43.1447257996, 26.3797302246, 55.5118484497, 16.2026062012], [317.618041992, -107.546386719, 358.36529541, 62.7971534729, 59.5247306824, 43.0598526001, 1.29837179184, 16.6588592529, 18.8350543976, 19.3452415466, 4.54730224609, -1.09934294224, 10.817240715], [16.9062576294, 36.9489479065, 62.7971534729, 178.964187622, 59.2661361694, 15.8255786896, 19.1971378326, 23.4545555115, 26.3900127411, 23.441242218, 12.7495155334, 11.5048818588, 13.1335353851], [-89.8432998657, 24.1041374207, 59.5247306824, 59.2661361694, 154.256164551, 50.2714614868, 32.3100013733, 21.4177513123, 42.651260376, 24.8808116913, 16.3055458069, 15.8188114166, 11.0003433228], [3.31980776787, 41.2171363831, 43.0598526001, 15.8255786896, 50.2714614868, 113.675857544, 52.8171844482, 37.4835128784, 24.0550060272, 29.549829483, 17.1389160156, 18.4065952301, 10.3143901825], [-161.332641602, 98.5784912109, 1.29837179184, 19.1971378326, 32.3100013733, 52.8171844482, 149.913619995, 65.4718856812, 53.8821105957, 35.6266784668, 26.3654823303, 19.9613189697, 11.2222204208], [56.2882041931, 47.9477348328, 16.6588592529, 23.4545555115, 21.4177513123, 37.4835128784, 65.4718856812, 125.563827515, 77.3191223145, 37.9202842712, 4.44861793518, 6.24885416031, 12.5817546844