{"tonal": {"hpcp": {"dvar": [0.0527499616146, 0.0360327251256, 0.0217501856387, 0.0186555571854, 0.0198796372861, 0.0199428535998, 0.0278250463307, 0.0312636904418, 0.0397898592055, 0.0543451718986, 0.0372154936194, 0.0314441397786, 0.0301553718746, 0.0347881242633, 0.037690103054, 0.046744082123, 0.040058594197, 0.0338306203485, 0.0336760133505, 0.0284676738083, 0.031349606812, 0.0446059592068, 0.035736259073, 0.0481752902269, 0.0440393351018, 0.0310408305377, 0.0352991893888, 0.0357258059084, 0.0301493704319, 0.0393809564412, 0.0559826232493, 0.0422062762082, 0.0422054715455, 0.0503603257239, 0.069860458374, 0.0781648606062], "var": [0.0879058167338, 0.0387364886701, 0.0167962070554, 0.0135118300095, 0.0136096328497, 0.0199577026069, 0.0428186431527, 0.0371826738119, 0.0620925091207, 0.108102418482, 0.0514536388218, 0.0270037967712, 0.0239381026477, 0.0262803379446, 0.0487282723188, 0.0982541143894, 0.0620893873274, 0.0285567361861, 0.0241391845047, 0.0209403447807, 0.0433094054461, 0.0913907885551, 0.0550566911697, 0.0794659480453, 0.0950131341815, 0.0398339852691, 0.0369555279613, 0.0375942662358, 0.0256392490119, 0.057546865195, 0.11839517206, 0.0613089762628, 0.0341693758965, 0.0390077531338, 0.0535770505667, 0.0822791457176], "median": [0.0931197479367, 0.0654673874378, 0.037985496223, 0.0295357331634, 0.0209081489593, 0.0412436835468, 0.0604724287987, 0.0678464323282, 0.142932668328, 0.197785437107, 0.125604212284, 0.0433693528175, 0.0316162891686, 0.0292629599571, 0.0672346428037, 0.112385392189, 0.0829729288816, 0.0385276973248, 0.0289567895234, 0.0261258892715, 0.0675440728664, 0.105602547526, 0.113373830914, 0.0737143605947, 0.0527199804783, 0.0384865030646, 0.0457434281707, 0.0476072356105, 0.0459128320217, 0.122691124678, 0.202526926994, 0.140139371157, 0.0403783395886, 0.0317584313452, 0.035353962332, 0.0766249299049], "max": [1, 1, 1, 1, 1, 1, 1, 1, 1, 1, 1, 1, 1, 1, 1, 1, 1, 1, 1, 1, 1, 1, 1, 1, 1, 1, 1, 1, 1, 1, 1, 1, 1, 1, 1, 1], "dmean": [0.168701693416, 0.124117933214, 0.0814230069518, 0.0667038336396, 0.0617863982916, 0.0805777981877, 0.107576787472, 0.122625902295, 0.172868698835, 0.195792391896, 0.155900895596, 0.10297254473, 0.0883966833353, 0.0938382446766, 0.131841048598, 0.157783329487, 0.145109832287, 0.104158855975, 0.0891896337271, 0.0841348096728, 0.118629299104, 0.149990648031, 0.148010164499, 0.159064516425, 0.137716561556, 0.111346155405, 0.123452179134, 0.123528040946, 0.107715398073, 0.162253990769, 0.195404991508, 0.169525340199, 0.122558519244, 0.127048522234, 0.16736830771, 0.198753520846], "dmean2": [0.294153958559, 0.219081535935, 0.146081194282, 0.120545461774, 0.112917609513, 0.141319692135, 0.184818744659, 0.215440005064, 0.295044243336, 0.332789182663, 0.268929094076, 0.185197293758, 0.159732103348, 0.170401409268, 0.227809742093, 0.26904168725, 0.249951943755, 0.184307172894, 0.16174428165, 0.151852786541, 0.202035412192, 0.252179741859, 0.250234335661, 0.276901841164, 0.241236105561, 0.193049103022, 0.21323916316, 0.211326733232, 0.191927075386, 0.278300613165, 0.334890842438, 0.292937576771, 0.222830832005, 0.229457587004, 0.305729031563, 0.35600322485], "mean": [0.237992927432, 0.145635336637, 0.0803175494075, 0.0650296583772, 0.0541740395129, 0.0921490564942, 0.143437534571, 0.142830982804, 0.239559561014, 0.331160217524, 0.213405698538, 0.101325549185, 0.0821590870619, 0.0829677507281, 0.164759084582, 0.262464433908, 0.200158044696, 0.100003749132, 0.0782281458378, 0.0727703869343, 0.152917459607, 0.241268828511, 0.204704925418, 0.211901813745, 0.211086213589, 0.127350404859, 0.124559268355, 0.128537073731, 0.103999584913, 0.222756817937, 0.351740717888, 0.236465170979, 0.108872242272, 0.105092786252, 0.131121888757, 0.213483929634], "dvar2": [0.137725278735, 0.0983217954636, 0.0608398355544, 0.0521329529583, 0.0555563233793, 0.0540642738342, 0.0734777450562, 0.0878509357572, 0.107018396258, 0.140589177608, 0.101744323969, 0.0864403918386, 0.0828042477369, 0.0953048020601, 0.101068131626, 0.117732815444, 0.109012141824, 0.0946545004845, 0.0951350331306, 0.0788673087955, 0.0831637457013, 0.108963273466, 0.0933657512069, 0.127436220646, 0.111896023154, 0.0859527289867, 0.0887952595949, 0.0910638868809, 0.0842199623585, 0.105137862265, 0.135759308934, 0.116313554347, 0.114073432982, 0.134878903627, 0.185424864292, 0.209504783154], "min": [0, 0, 0, 0, 0, 0, 0, 0, 0, 0, 0, 0, 0, 0, 0, 0, 0, 0, 0, 0, 0, 0, 0, 0, 0, 0, 0, 0, 0, 0, 0, 0, 0, 0, 0, 0]}, "key_key": "C", "thpcp": [1, 0.672271251678, 0.309524148703, 0.298779129982, 0.372779965401, 0.606935501099, 0.676614642143, 0.414041727781, 0.228343054652, 0.184879526496, 0.154016971588, 0.261980056763, 0.407793372869, 0.406068950891, 0.681068599224, 0.941489577293, 0.606713116169, 0.288068860769, 0.233578547835, 0.235877588391, 0.468410611153, 0.746187210083, 0.569049954414, 0.284310996532, 0.222402870655, 0.206886440516, 0.4347448349, 0.685928046703, 0.581976771355, 0.60243755579, 0.600118815899, 0.362057626247, 0.354122400284, 0.365431308746, 0.295671164989, 0.63329833746], "chords_key": "C", "tuning_equal_tempered_deviation": 0.0322669185698, "tuning_frequency": 441.017791748, "tuning_diatonic_strength": 0.692401885986, "chords_histogram": [47.3202896118, 3.74308800697, 8.57082080841, 0.0638026371598, 5.23181629181, 0.0212675463408, 0.12760527432, 0.340280741453, 0.340280741453, 0, 0, 0, 0, 0, 0, 0.446618467569, 0, 3.57294774055, 0, 1.12717998028, 0, 8.2518081665, 10.655040741, 10.1871547699], "key_strength": 0.855901837349, "key_scale": "major", "chords_strength": {"dvar": 6.73981339787e-05, "var": 0.00618852581829, "median": 0.510636687279, "max": 0.740605413914, "dmean": 0.00908118672669, "dmean2": 0.00927389226854, "mean": 0.512942135334, "dvar2": 8.73441313161e-05, "min": 0.290768653154}, "chords_number_rate": 0.00191407906823, "tuning_nontempered_energy_ratio": 0.683553516865, "hpcp_entropy": {"dvar": 0.299434393644, "var": 0.610531032085, "median": 2.16644859314, "max": 4.53700065613, "dmean": 0.64913880825, "dmean2": 1.08881855011, "mean": 2.15738797188, "dvar2": 0.773460745811, "min": 0}, "chords_changes_rate": 0.0455125495791, "chords_scale": "major"}, "rhythm": {"bpm_histogram_first_peak_spread": {"dvar": 0, "var": 0, "median": 0.45964127779, "max": 0.45964127779, "dmean": 0, "dmean2": 0, "mean": 0.45964127779, "dvar2": 0, "min": 0.45964127779}, "bpm_histogram_first_peak_weight": {"dvar": 0, "var": 0, "median": 0.5, "max": 0.5, "dmean": 0, "dmean2": 0, "mean": 0.5, "dvar2": 0, "min": 0.5}, "bpm_histogram_first_peak_bpm": {"dvar": 0, "var": 0, "median": 133, "max": 133, "dmean": 0, "dmean2": 0, "mean": 133, "dvar2": 0, "min": 133}, "bpm": 133.855667114, "bpm_histogram_second_peak_weight": {"dvar": 0, "var": 0, "median": 0.0373443998396, "max": 0.0373443998396, "dmean": 0, "dmean2": 0, "mean": 0.0373443998396, "dvar2": 0, "min": 0.0373443998396}, "beats_loudness": {"dvar": 0.000116042217996, "var": 0.000205746910069, "median": 0.0390587970614, "max": 0.0953134074807, "dmean": 0.0129423253238, "dmean2": 0.0218942090869, "mean": 0.0392607785761, "dvar2": 0.000314155273372, "min": 1.28037236369e-09}, "beats_loudness_band_ratio": {"dvar": [0.0116469170898, 0.0231186319143, 0.0125477425754, 0.00479699810967, 0.00284382537939, 0.00194773369003], "var": [0.0174007453024, 0.0435830950737, 0.0124683240429, 0.00534593267366, 0.00480055809021, 0.00164159655105], "median": [0.24921631813, 0.547959506512, 0.0935863107443, 0.0607005618513, 0.059445053339, 0.0573991984129], "max": [0.972180664539, 0.903366744518, 0.61384165287, 0.399767845869, 0.569163382053, 0.3948802948], "dmean": [0.115019522607, 0.185749620199, 0.0996718853712, 0.0656324923038, 0.0423597246408, 0.0336917340755], "dmean2": [0.199689984322, 0.326628297567, 0.179678872228, 0.117139257491, 0.073725104332, 0.0589900240302], "mean": [0.272819727659, 0.512835800648, 0.134332954884, 0.0887489467859, 0.0742989033461, 0.0675056651235], "dvar2": [0.0311076398939, 0.0643329024315, 0.0359119921923, 0.0133925108239, 0.00681501952931, 0.00576543295756], "min": [0.0288412757218, 0.0207748860121, 0.000776476983447, 0.000439157243818, 0.000158071197802, 0.000124268350191]}, "bpm_histogram_second_peak_bpm": {"dvar": 0, "var": 0, "median": 123, "max": 123, "dmean": 0, "dmean2": 0, "mean": 123, "dvar2": 0, "min": 123}, "onset_rate": 2.88101768494, "beats_count": 483, "beats_position": [0.417959183455, 0.847528338432, 1.28870749474, 1.71827661991, 2.15945577621, 2.60063481331, 3.05342388153, 3.50621318817, 3.94739222527, 4.40018129349, 4.85297060013, 5.2941493988, 5.73532867432, 6.18811798096, 6.64090681076, 7.08208608627, 7.53487491608, 7.98766422272, 8.42884349823, 8.87002277374, 9.32281208038, 9.77560043335, 10.2167797089, 10.6579589844, 11.110748291, 11.5635375977, 12.0047159195, 12.4575052261, 12.9102945328, 13.3514738083, 13.8042631149, 14.268661499, 14.756280899, 15.2439002991, 15.7315187454, 16.2191371918, 16.6951465607, 17.1479358673, 17.600725174, 18.0419044495, 18.483083725, 18.9358730316, 19.3886623383, 19.8414516449, 20.2942390442, 20.7470283508, 21.1998176575, 21.640996933, 22.0821762085, 22.5349655151, 22.9877548218, 23.4289340973, 23.8701133728, 24.3229026794, 24.7756919861, 25.2168693542, 25.6696586609, 26.1224479675, 26.563627243, 27.0048065186, 27.4575958252, 27.9103851318, 28.3515644073, 28.7927436829, 29.2455329895, 29.6983222961, 30.1394996643, 30.5806789398, 31.0218582153, 31.474647522, 31.9274368286, 32.3802261353, 32.8330154419, 33.2741928101, 33.7153739929, 34.1681632996, 34.6209526062, 35.0737419128, 35.5265312195, 35.9677085876, 36.4088897705, 36.8616790771, 37.3144645691, 37.755645752, 38.2084350586, 38.6496124268, 39.1024017334, 39.5435829163, 39.9963722229, 40.4491615295, 40.8903388977, 41.3315200806, 41.7843093872, 42.2370948792, 42.678276062, 43.1310653687, 43.5838546753, 44.0250320435, 44.4778213501, 44.9306106567, 45.3717918396, 45.8129692078, 46.2541503906, 46.7069396973, 47.1597251892, 47.6009063721, 48.0536956787, 48.5064849854, 48.9476623535, 49.3888435364, 49.841632843, 50.2944221497, 50.7355995178, 51.1883888245, 51.6411781311, 52.0823554993, 52.5351448059, 52.9763259888, 53.4291152954, 53.8819046021, 54.3346939087, 54.7758712769, 55.2170524597, 55.6698417664, 56.122631073, 56.5638084412, 57.0049858093, 57.4461669922, 57.8989562988, 58.3517456055, 58.7929229736, 59.2341041565, 59.6868934631, 60.1396827698, 60.5924720764, 61.0452613831, 61.4864387512, 61.9392280579, 62.380405426, 62.8331947327, 63.2859840393, 63.7503852844, 64.2263946533, 64.7024002075, 65.1784133911, 65.6660308838, 66.1536483765, 66.6180496216, 67.0824508667, 67.5236282349, 67.9764175415, 68.4292068481, 68.8703842163, 69.3231735229, 69.7759628296, 70.2171401978, 70.6583175659, 71.1111068726, 71.5638961792, 72.0166854858, 72.4694747925, 72.91065979, 73.3518371582, 73.7930145264, 74.245803833, 74.6985931396, 75.1397705078, 75.5925598145, 76.0453491211, 76.4865264893, 76.9277114868, 77.3805007935, 77.8332901001, 78.2744674683, 78.7272567749, 79.1800460815, 79.6328353882, 80.1088409424, 80.5964584351, 81.0840835571, 81.5717010498, 82.0593185425, 82.5237197876, 82.9765090942, 83.4292984009, 83.8820877075, 84.3348770142, 84.7760543823, 85.2172317505, 85.6700210571, 86.1228103638, 86.5639877319, 87.0167770386, 87.4695663452, 87.9107437134, 88.3519287109, 88.8047180176, 89.2575073242, 89.6986846924, 90.1398620605, 90.5926513672, 91.0454406738, 91.486618042, 91.9277954102, 92.3689804077, 92.8101577759, 93.274559021, 93.7157363892, 94.1569137573, 94.609703064, 95.0624923706, 95.5036697388, 95.9448471069, 96.3976364136, 96.8504257202, 97.3032150269, 97.7560043335, 98.1971893311, 98.6383666992, 99.1027679443, 99.5439453125, 99.9851226807, 100.437911987, 100.890701294, 101.343490601, 101.796279907, 102.237457275, 102.678634644, 103.13142395, 103.584213257, 104.025398254, 104.466575623, 104.919364929, 105.372154236, 105.813331604, 106.266120911, 106.718910217, 107.160087585, 107.601264954, 108.05405426, 108.506843567, 108.948028564, 109.389205933, 109.841995239, 110.294784546, 110.735961914, 111.188751221, 111.641540527, 112.082717896, 112.523895264, 112.965080261, 113.417869568, 113.870658875, 114.323448181, 114.776237488, 115.217414856, 115.658592224, 116.099769592, 116.54094696, 117.005348206, 117.469749451, 117.910926819, 118.352104187, 118.804893494, 119.2576828, 119.698867798, 120.140045166, 120.592834473, 121.045623779, 121.486801147, 121.927978516, 122.380767822, 122.82194519, 123.274734497, 123.715919495, 124.168708801, 124.621498108, 125.062675476, 125.515464783, 125.968254089, 126.409431458, 126.862220764, 127.315010071, 127.756187439, 128.208984375, 128.661773682, 129.10295105, 129.544128418, 129.985305786, 130.438095093, 130.890884399, 131.332061768, 131.773239136, 132.226028442, 132.678817749, 133.131607056, 133.572784424, 134.013961792, 134.466751099, 134.919540405, 135.372329712, 135.81350708, 136.254684448, 136.707473755, 137.160263062, 137.601455688, 138.054244995, 138.507034302, 138.94821167, 139.389389038, 139.842178345, 140.294967651, 140.747756958, 141.188934326, 141.641723633, 142.106124878, 142.570526123, 143.046524048, 143.53414917, 144.021759033, 144.509384155, 144.985397339, 145.438186646, 145.890975952, 146.33215332, 146.784942627, 147.226119995, 147.678909302, 148.131698608, 148.572875977, 149.025665283, 149.466842651, 149.919631958, 150.372421265, 150.813598633, 151.266387939, 151.719177246, 152.160354614, 152.601531982, 153.054321289, 153.507110596, 153.948303223, 154.401092529, 154.842269897, 155.283447266, 155.736236572, 156.189025879, 156.641815186, 157.082992554, 157.53578186, 157.988571167, 158.441360474, 158.917373657, 159.393371582, 159.880996704, 160.368606567, 160.867843628, 161.332244873, 161.78503418, 162.237823486, 162.679000854, 163.131790161, 163.584579468, 164.025756836, 164.466934204, 164.919723511, 165.372512817, 165.813690186, 166.254867554, 166.696044922, 167.148834229, 167.601623535, 168.054412842, 168.507202148, 168.948379517, 169.389572144, 169.84236145, 170.295150757, 170.736328125, 171.189117432, 171.641906738, 172.083084106, 172.524261475, 172.977050781, 173.429840088, 173.882629395, 174.34703064, 174.823028564, 175.310653687, 175.798278809, 176.29750061, 176.773513794, 177.237915039, 177.690704346, 178.143493652, 178.596282959, 179.049072266, 179.490249634, 179.931427002, 180.37260437, 180.825393677, 181.278182983, 181.719360352, 182.16053772, 182.601715088, 183.042892456, 183.484085083, 183.925262451, 184.389663696, 184.842453003, 185.29524231, 185.748016357, 186.189208984, 186.641998291, 187.094787598, 187.535964966, 187.977142334, 188.418319702, 188.871109009, 189.323898315, 189.776687622, 190.21786499, 190.670654297, 191.111831665, 191.564620972, 192.017410278, 192.458587646, 192.911376953, 193.352554321, 193.793731689, 194.234924316, 194.687713623, 195.140487671, 195.593276978, 196.046066284, 196.487258911, 196.928436279, 197.381225586, 197.834014893, 198.275192261, 198.716369629, 199.169158936, 199.610336304, 200.06312561, 200.515914917, 200.968704224, 201.409881592, 201.862670898, 202.315460205, 202.756637573, 203.197814941, 203.650604248, 204.103393555, 204.544570923, 204.985748291, 205.426940918, 205.891326904, 206.344116211, 206.785308838, 207.238098145, 207.679275513, 208.120452881, 208.573242188, 209.026031494, 209.467208862, 209.919998169, 210.372787476, 210.813964844, 211.26675415, 211.719543457, 212.160720825, 212.613510132, 213.0546875, 213.507476807, 213.948654175, 214.389831543, 214.84262085, 215.295410156, 215.759811401, 216.247436523, 216.746658325, 217.245895386, 217.756729126], "danceability": 1.247423172, "bpm_histogram_second_peak_spread": {"dvar": 0, "var": 0, "median": 0.45454543829, "max": 0.45454543829, "dmean": 0, "dmean2": 0, "mean": 0.45454543829, "dvar2": 0, "min": 0.45454543829}}, "lowlevel": {"spectral_flux": {"dvar": 0.00177077052649, "var": 0.00298484228551, "median": 0.0762719362974, "max": 0.309686273336, "dmean": 0.0319947600365, "dmean2": 0.0507876724005, "mean": 0.0935847684741, "dvar2": 0.00360934832133, "min": 1.04069551587e-10}, "spectral_rolloff": {"dvar": 1238288.5, "var": 3136380.5, "median": 1658.05664062, "max": 19293.75, "dmean": 714.725830078, "dmean2": 1132.0489502, "mean": 2077.53686523, "dvar2": 2446177.25, "min": 43.06640625}, "barkbands_flatness_db": {"dvar": 0.000498658046126, "var": 0.00171766406856, "median": 0.0809680968523, "max": 0.440163731575, "dmean": 0.0199536066502, "dmean2": 0.0319808125496, "mean": 0.0886847823858, "dvar2": 0.00123761338182, "min": 0.0106597850099}, "spectral_centroid": {"dvar": 108814.414062, "var": 373123.84375, "median": 1572.28210449, "max": 10802.265625, "dmean": 289.254882812, "dmean2": 447.7265625, "mean": 1623.18505859, "dvar2": 224739.46875, "min": 169.148468018}, "melbands_skewness": {"dvar": 1.06703305244, "var": 2.31251978874, "median": 2.24574041367, "max": 13.5943384171, "dmean": 0.81625264883, "dmean2": 1.29201602936, "mean": 2.53142118454, "dvar2": 2.57417917252, "min": -1.77559030056}, "melbands": {"dvar": [8.41336259327e-06, 8.70396343089e-06, 9.02097269773e-07, 1.19145461213e-05, 6.14795112597e-07, 4.16092177602e-07, 1.69879243117e-07, 7.6320326059e-08, 6.98777569141e-08, 6.81735912167e-08, 1.1356635099e-07, 1.22421930371e-08, 7.38232097675e-09, 4.91987028894e-09, 4.60513227551e-09, 3.15825676722e-09, 3.79695697106e-09, 2.77074274635e-09, 1.41755462923e-09, 1.26494192898e-09, 7.41671057902e-10, 3.40604988658e-10, 1.87031112819e-10, 8.93365520449e-11, 1.49486242829e-10, 5.9653268436e-11, 5.15371981202e-11, 5.03146344033e-11, 5.07445578612e-11, 4.23480278622e-11, 2.76708881503e-11, 1.92957195361e-11, 1.32801694988e-11, 6.34392755341e-12, 1.10126179009e-11, 1.48342033102e-11, 1.41359675701e-11, 7.99421900205e-12, 3.6889792436e-12, 2.55950057156e-12], "var": [6.12947405898e-06, 5.61016622669e-06, 8.77482932538e-07, 9.31927388592e-06, 9.16900205539e-07, 6.38745234482e-07, 2.18864613544e-07, 1.55039984406e-07, 1.8075297703e-07, 1.80890779689e-07, 3.88790255101e-07, 3.99244868277e-08, 1.87273734298e-08, 1.09839435325e-08, 1.20853469454e-08, 9.35636190746e-09, 7.29010940503e-09, 4.59110793827e-09, 2.78264389308e-09, 2.95649438264e-09, 2.15589479602e-09, 8.42673320012e-10, 3.78892417441e-10, 1.31192223751e-10, 1.76562334198e-10, 1.01886193926e-10, 1.05578837339e-10, 9.75164948791e-11, 8.44576283909e-11, 7.13568648614e-11, 4.53946637224e-11, 3.8163788102e-11, 2.84606383599e-11, 1.60542464739e-11, 2.72230554071e-11, 3.58023229119e-11, 3.43692053983e-11, 2.04347493787e-11, 8.70035120337e-12, 5.6368815865e-12], "median": [0.000312085117912, 0.000655724084936, 0.000690430810209, 0.000475633132737, 0.000353535200702, 0.000331811053911, 0.000156054782565, 8.61465086928e-05, 6.53432944091e-05, 5.78948165639e-05, 7.13457266102e-05, 4.47823076684e-05, 4.52701242466e-05, 2.91936266876e-05, 3.17269114021e-05, 2.50453813351e-05, 4.49277977168e-05, 3.52865026798e-05, 2.12610993913e-05, 2.1114541596e-05, 2.21499176405e-05, 2.08562578337e-05, 1.70077928487e-05, 1.19855230878e-05, 1.23225272546e-05, 8.43560428621e-06, 8.93114429346e-06, 6.7895812208e-06, 5.89976298215e-06, 6.18037893219e-06, 5.68512086829e-06, 5.37816185897e-06, 4.25805683335e-06, 2.95182849186e-06, 2.67226573669e-06, 2.37142307924e-06, 1.69976465259e-06, 1.00993327123e-06, 6.13629765667e-07, 5.16503291692e-07], "max": [0.0239070318639, 0.0279275532812, 0.00976039096713, 0.0243692751974, 0.0118658198044, 0.0142365833744, 0.01120218914, 0.0059339152649, 0.00568075291812, 0.00634560501203, 0.00751154031605, 0.00380794960074, 0.00190534663852, 0.00143882259727, 0.00127817562316, 0.00142140791286, 0.00119414890651, 0.00115658261348, 0.000884372682776, 0.000980095472187, 0.00096388271777, 0.000471450766781, 0.000316421384923, 0.00022163495305, 0.000153415094246, 0.000147644153913, 0.000193089144886, 0.000117343130114, 0.000124919883092, 0.000137782160891, 7.97245302238e-05, 6.12822332187e-05, 4.7948473366e-05, 4.84116244479e-05, 8.28812699183e-05, 8.33397425595e-05, 8.57037302922e-05, 5.79534753342e-05, 4.95713211421e-05, 4.17773262598e-05], "dmean": [0.00100257981103, 0.001030023559, 0.000561385648325, 0.00143019645475, 0.000432910514064, 0.000355548312655, 0.000188482750673, 0.00013795819541, 0.000110331937321, 0.000108068124973, 0.000136485439725, 4.66316814709e-05, 4.57044443465e-05, 3.42094062944e-05, 3.3725569665e-05, 2.66375609499e-05, 3.81497156923e-05, 2.72935230896e-05, 1.85387998499e-05, 1.8008522602e-05, 1.56546921062e-05, 1.27654166135e-05, 1.01488703876e-05, 6.85685108692e-06, 8.43874477141e-06, 5.53162726646e-06, 5.59581712878e-06, 4.88940122523e-06, 4.64173444925e-06, 4.1758239604e-06, 3.4924873944e-06, 3.21028414874e-06, 2.58318436863e-06, 1.7019203824e-06, 1.74194030933e-06, 1.75650745859e-06, 1.51080803334e-06, 1.06684115053e-06, 6.89376918217e-07, 5.40592168363e-07], "dmean2": [0.00174167950172, 0.00184421171434, 0.000965793209616, 0.0024467210751, 0.000708687119186, 0.000589025032241, 0.000308929593302, 0.000226734802709, 0.000171114021214, 0.000159580100444, 0.000197388682864, 6.95401249686e-05, 7.07673461875e-05, 5.32690137334e-05, 5.08599587192e-05, 4.13927336922e-05, 6.0763253714e-05, 4.37413473264e-05, 2.89483650704e-05, 2.82762921415e-05, 2.50884477282e-05, 2.06485437957e-05, 1.65848159668e-05, 1.14645335998e-05, 1.45193816934e-05, 9.36815013119e-06, 9.27988639887e-06, 7.96675976744e-06, 7.72979728936e-06, 6.87067631588e-06, 5.77501577936e-06, 5.26041230842e-06, 4.16649754698e-06, 2.72492434306e-06, 2.77646813629e-06, 2.75360889646e-06, 2.32395427702e-06, 1.59816067935e-06, 1.04019454739e-06, 8.09763207599e-07], "mean": [0.000944816099945, 0.00118861871306, 0.000904854387045, 0.00137895974331, 0.000660840480123, 0.0005782758235, 0.000289460207568, 0.000213234932744, 0.000196194712771, 0.000201011658646, 0.00026255400735, 9.59448152571e-05, 8.59948413563e-05, 6.21802391834e-05, 6.46210755804e-05, 5.12164588145e-05, 6.83267353452e-05, 5.09709170728e-05, 3.41141021636e-05, 3.429221033e-05, 3.18369384331e-05, 2.72530614893e-05, 2.10294965655e-05, 1.41047376019e-05, 1.52408592839e-05, 1.0726103028e-05, 1.15081111289e-05, 9.780939763e-06, 8.52966059028e-06, 8.46627244755e-06, 7.40462064641e-06, 6.97350878909e-06, 5.70638803765e-06, 4.0099985199e-06, 3.91396770283e-06, 3.80848200621e-06, 3.20579169966e-06, 2.15759791899e-06, 1.3573776414e-06, 1.0868299114e-06], "dvar2": [2.21882273763e-05, 2.45480350713e-05, 2.43870181293e-06, 3.05874782498e-05, 1.54285885401e-06, 1.03332467916e-06, 4.18955522719e-07, 1.79851511461e-07, 1.59565686886e-07, 1.47079305179e-07, 2.31273446616e-07, 2.53960656948e-08, 1.72731606796e-08, 1.18092300383e-08, 9.86384751656e-09, 7.23226545318e-09, 9.38766753222e-09, 6.51329390422e-09, 3.03414959824e-09, 2.81378587097e-09, 1.71944170013e-09, 8.21108014915e-10, 4.56064769283e-10, 2.36633879158e-10, 4.12167022734e-10, 1.52787435481e-10, 1.25967306031e-10, 1.23848362121e-10, 1.27109878179e-10, 1.0579281895e-10, 6.96980459458e-11, 4.78332234932e-11, 3.25015882263e-11, 1.42824111912e-11, 2.42437701858e-11, 3.28992666443e-11, 3.01782730749e-11, 1.62492692912e-11, 7.50267382943e-12, 5.41763248846e-12], "min": [2.2390851229e-23, 1.65698355653e-23, 2.6846715486e-24, 6.44084497616e-24, 5.89074938998e-24, 6.4803034042e-24, 1.71389576876e-24, 9.2277312044e-24, 9.63248390195e-24, 9.71624357515e-24, 4.85305769499e-24, 3.97893118111e-24, 9.50745181506e-24, 1.09949255714e-23, 4.9400335541e-24, 7.71181191271e-24, 1.12591119331e-23, 2.41459105486e-23, 1.56232072122e-23, 1.12990424944e-23, 1.92429901391e-23, 2.29752236103e-23, 8.55174288408e-24, 4.64332324612e-24, 5.37701674166e-24, 8.68933442545e-24, 1.09352285224e-23, 6.75925132561e-24, 1.22148413744e-23, 1.05561256371e-23, 9.40081202017e-24, 9.82105557932e-24, 1.75600595274e-23, 1.42882936329e-23, 1.07193228146e-23, 1.34735423128e-23, 8.08975280582e-24, 7.51978739117e-24, 7.9743322002e-24, 1.1916568333e-23]}, "spectral_decrease": {"dvar": 2.69303438406e-17, "var": 2.76347543066e-17, "median": -5.39409183986e-09, "max": 5.33991654702e-21, "dmean": 3.22607074388e-09, "dmean2": 5.35435651372e-09, "mean": -6.63933263922e-09, "dvar2": 6.87002019913e-17, "min": -3.72633230938e-08}, "barkbands_kurtosis": {"dvar": 35.5576286316, "var": 119.627098083, "median": 0.517114877701, "max": 335.732025146, "dmean": 2.49634647369, "dmean2": 4.1699962616, "mean": 2.50468468666, "dvar2": 97.1726379395, "min": -1.89650201797}, "silence_rate_30dB": {"dvar": 0, "var": 0, "median": 1, "max": 1, "dmean": 0, "dmean2": 0, "mean": 1, "dvar2": 0, "min": 1}, "gfcc": {"mean": [31.6070308685, 66.0010452271, -114.765991211, 34.7730178833, -62.3467178345, 11.2042970657, -39.4243164062, 0.724059939384, -23.8614711761, 0.583234906197, -18.1196537018, 1.79345059395, -10.729352951], "cov": [[11484.0429688, 285.059356689, -443.463409424, 42.8927574158, -409.470153809, 74.8015594482, -292.843078613, -60.6043395996, -117.305084229, -22.8231067657, -160.685638428, 0.139779254794, -148.354598999], [285.059356689, 1080.3293457, -375.304931641, 87.799911499, 136.715255737, -25.6240749359, 70.7229614258, -13.6215257645, 50.8837661743, -58.0179634094, 34.0774917603, -94.736907959, -7.426820755], [-443.463409424, -375.304931641, 715.664245605, 108.115013123, 33.6925735474, 74.5052185059, -19.1728649139, 33.3330726624, -2.80778741837, 42.4118309021, -8.35024261475, 62.026889801, -3.35116958618], [42.8927574158, 87.799911499, 108.115013123, 259.573455811, 92.3465499878, 40.0966835022, -4.09330272675, 33.8782653809, 37.4223747253, 7.61880970001, 21.1757659912, -7.02471065521, 12.1330089569], [-409.470153809, 136.715255737, 33.6925735474, 92.3465499878, 256.076934814, 40.3458137512, 38.995262146, 34.9439582825, 30.8236179352, 8.61080551147, 12.2374601364, -3.83490371704, -1.87618553638], [74.8015594482, -25.6240749359, 74.5052185059, 40.0966835022, 40.3458137512, 182.724151611, 81.8616409302, 63.698600769, 9.48207569122, 3.37011003494, 17.5154571533, 4.74775457382, -12.0780763626], [-292.843078613, 70.7229614258, -19.1728649139, -4.09330272675, 38.995262146, 81.8616409302, 172.831344604, 56.0433883667, 0.130195096135, -4.41777992249, 20.7765865326, -8.52648830414, -6.57196140289], [-60.6043395996, -13.6215257645, 33.3330726624, 33.8782653809, 34.9439582825, 63.698600769, 56.0433883667, 101.446525574, 46.8345031738, 16.3935279846, 11.0537481308, -0.858974814415, -0.36079660058], [-117.305084229, 50.8837661743, -2.80778741837, 37.4223747253, 30.8236179352, 9.48207569122, 0.130195096135, 46.8345031738, 91.0684661865, 37.9912490845, 12.4960575104, -2.83291959763, 9.86736679077], [-22.8231067657, -58.0179634094, 42.4118309021, 7.61880970001, 8.61080551147, 3.37011003494, -4.41777992249, 16.3935279846, 37.9912490845, 69.1758880615, 28.1027812958, 16.499458313, 3.20863938332], [-160.685638428, 34.0774917603, -8.35024261475, 21.1757659912, 12.2374601364, 17.5154571533, 20.7765865326, 11.0537481308, 12.4960575104, 28.1027812958, 64.9388580322, 23.2355709076, 7.23539638519], [0.139779254794, -94.736907959, 62.026889801, -7.02471065521, -3.83490371704, 4.74775457382, -8.52648830414, -0.858974814415, -2.83291959763, 16.499458313, 23.2355709076, 64.0027313232, 21.8423366547], [-148.354598999, -7.426820755, -3.35116958618, 12.1330089569, -1.87618553638, -12.0780763626, -6.57196140289, -0.36079660058, 9.86736679077, 3.20863938332, 7.23539638519, 21.8423366547, 58.3817863464]], "icov": [[0.00014025294513, -0.000161896314239, 0.000175603316166, -0.000230812525842, 0.000314548553433, -0.000273555371678, 0.000335139397066, -0.000264693138888, 0.000489176658448, -0.000583102635574, 0.000817150925286, -0.000640746206045, 0.000471276027383], [-0.000161896314239, 0.00194683868904, 0.000370388879674, -0.000124703758047, -0.0010872016428, 0.000604545872193, -0.00108209683094, 0.00168801529799, -0.00248796539381, 0.00294877286069, -0.00291879987344, 0.00263969739899, -0.000505223462824], [0.000175603316166, 0.000370388879674, 0.00243409001268, -0.00150351296179, 0.000205275864573, -0.000888533424586, 0.000453306012787, -0.0004338932049, 0.0011623124592, -0.00191753730178, 0.00259610475041, -0.00272590341046, 0.00142368813977], [-0.000230812525842, -0.000124703758047, -0.00150351296179, 0.00617244327441, -0.00198752456345, -0.000363656727131, 0.00105209799949, -0.000408848194638, -0.00196148338728, 0.00253613712266, -0.00425563100725, 0.00370569084771, -0.00266151735559], [0.000314548553433, -0.0010872016428, 0.000205275864573, -0.00198752456345, 0.00578910624608, -0.000900360231753, -4.49569015473e-05, -0.00111179717351, 0.000787658558693, -0.00220129080117, 0.00295064901002, -0.00268322881311, 0.00169972493313], [-0.000273555371678, 0.000604545872193, -0.000888533424586, -0.000363656727131, -0.000900360231753, 0.00929117854685, -0.00349830393679, -0.00320070586167, -0.00023136982054, 0.00233331113122, -0.00294750137255, 0.000603173335548, 0.000936490017921], [0.000335139397066, -0.00108209683094, 0.000453306012787, 0.00105209799949, -4.49569015473e-05, -0.00349830393679, 0.0105465184897, -0.00591270811856, 0.00466472143307, -0.00127939181402, -0.000821126683149, 0.000433077570051, 0.000168479949934], [-0.000264693138888, 0.00168801529799, -0.0004338932049, -0.000408848194638, -0.00111179717351, -0.00320070586167, -0.00591270811856, 0.0213039666414, -0.0126280803233, 0.00382907292806, -0.00196569575928, 0.00175148388371, -0.000117424904602], [0.000489176658448, -0.00248796539381, 0.0011623124592, -0.00196148338728, 0.000787658558693, -0.00023136982054, 0.00466472143307, -0.0126280803233, 0.0260069072247, -0.0157293193042, 0.00621322263032, -0.000818384403829, -0.00216948566958], [-0.000583102635574, 0.00294877286069, -0.00191753730178, 0.00253613712266, -0.00220129080117, 0.00233331113122, -0.00127939181402, 0.00382907292806, -0.0157293193042, 0.0312583334744, -0.0161593519151, 0.00307449768297, 0.000340820668498], [0.000817150925286, -0.00291879987344, 0.00259610475041, -0.00425563100725, 0.00295064901002, -0.00294750137255, -0.000821126683149, -0.00196569575928, 0.00621322263032, -0.0161593519151, 0.0325027704239, -0.0157027132809, 0.00380374398082], [-0.000640746206045, 0.00263969739899, -0.00272590341046, 0.00370569084771, -0.00268322881311, 0.000603173335548, 0.000433077570051, 0.00175148388371, -0.000818384403829, 0.00307449768297, -0.0157027132809, 0.0314095653594, -0.0119566880167], [0.000471276027383, -0.000505223462824, 0.00142368813977, -0.00266151735559, 0.00169972493313, 0.000936490017921, 0.000168479949934, -0.000117424904602, -0.00216948566958, 0.000340820668498, 0.00380374398082, -0.0119566880167, 0.0235132556409]]}, "silence_rate_20dB": {"dvar": 0, "var": 0, "median": 1, "max": 1, "dmean": 0, "dmean2": 0, "mean": 1, "dvar2": 0, "min": 1}, "barkbands_skewness": {"dvar": 0.460601061583, "var": 1.21043479443, "median": 1.07981359959, "max": 16.3835716248, "dmean": 0.559755563736, "dmean2": 0.88039714098, "mean": 1.26915943623, "dvar2": 1.09826385975, "min": -4.67280292511}, "erbbands_skewness": {"dvar": 0.10997697711, "var": 0.512019455433, "median": 0.12980979681, "max": 4.55226230621, "dmean": 0.315129518509, "dmean2": 0.481125682592, "mean": 0.16786044836, "dvar2": 0.238101378083, "min": -3.72097182274}, "spectral_contrast_valleys": {"dvar": [0.149961680174, 0.140540212393, 0.0780526921153, 0.0672429800034, 0.0739156976342, 0.0628539770842], "var": [1.47712397575, 1.2899068594, 1.19260799885, 1.20900321007, 1.10737097263, 1.23797941208], "median": [-7.04258966446, -6.44982481003, -6.94081354141, -7.07613039017, -6.86207580566, -9.39980697632], "max": [-4.95882320404, -4.57407283783, -5.45859909058, -6.07175254822, -5.68298578262, -7.58786201477], "dmean": [0.422948747873, 0.369106918573, 0.285842210054, 0.240037605166, 0.220070004463, 0.189272269607], "dmean2": [0.681684315205, 0.606530070305, 0.458571404219, 0.372654616833, 0.342260152102, 0.276552796364], "mean": [-7.29231023788, -6.61397314072, -7.14029169083, -7.319272995, -7.0566649437, -9.54528808594], "dvar2": [0.334306120872, 0.323976010084, 0.154338628054, 0.114636152983, 0.132967203856, 0.0981025472283], "min": [-27.2098770142, -26.8737125397, -26.6177539825, -27.1431369781, -27.2720947266, -27.2288837433]}, "spectral_strongpeak": {"dvar": 0.629883825779, "var": 1.30360853672, "median": 0.5557487607, "max": 9.29946517944, "dmean": 0.57699662447, "dmean2": 0.975083887577, "mean": 1.03851032257, "dvar2": 1.50188159943, "min": 0}, "erbbands_crest": {"dvar": 6.55514431, "var": 20.8555755615, "median": 6.49444484711, "max": 30.0721893311, "dmean": 2.43235230446, "dmean2": 3.91265439987, "mean": 7.9726600647, "dvar2": 15.5702352524, "min": 2.18754434586}, "barkbands_crest": {"dvar": 12.073097229, "var": 20.0455608368, "median": 7.43321180344, "max": 25.9743213654, "dmean": 3.24845290184, "dmean2": 5.36594581604, "mean": 8.83209991455, "dvar2": 30.3263454437, "min": 2.15504813194}, "spectral_energyband_middle_low": {"dvar": 0.000223253155127, "var": 0.000240069450228, "median": 0.0104144755751, "max": 0.116411410272, "dmean": 0.00813940446824, "dmean2": 0.0132228154689, "mean": 0.0148451793939, "dvar2": 0.000558518629987, "min": 2.0631113333e-22}, "spectral_contrast_coeffs": {"dvar": [0.00321089220233, 0.00159671506844, 0.000879112223629, 0.000589974108152, 0.000233697122894, 0.00021291669691], "var": [0.00964402407408, 0.0050918282941, 0.0047630132176, 0.0023783959914, 0.000890409923159, 0.00118429493159], "median": [-0.636429011822, -0.736034572124, -0.780755639076, -0.794282913208, -0.80554741621, -0.738397359848], "max": [-0.243304714561, -0.384204864502, -0.413963139057, -0.51775765419, -0.645422041416, -0.596911489964], "dmean": [0.0606433153152, 0.0485948622227, 0.0362223498523, 0.0290145557374, 0.0188388917595, 0.0164472404867], "dmean2": [0.0964875742793, 0.0802301615477, 0.057572953403, 0.0473452284932, 0.031277898699, 0.0259217154235], "mean": [-0.624056041241, -0.731102526188, -0.767195999622, -0.788657367229, -0.803742408752, -0.740332901478], "dvar2": [0.00719812139869, 0.00420732144266, 0.00208994699642, 0.00141091574915, 0.000592717726249, 0.000482316303533], "min": [-0.968641400337, -0.965617954731, -0.976824641228, -0.962380349636, -0.959069490433, -0.963264763355]}, "hfc": {"dvar": 63.7545318604, "var": 185.530578613, "median": 23.1950817108, "max": 103.904212952, "dmean": 6.04097700119, "dmean2": 9.30835819244, "mean": 24.7535552979, "dvar2": 141.528167725, "min": 1.21687757523e-16}, "spectral_energyband_high": {"dvar": 5.83866494708e-07, "var": 1.77443052962e-06, "median": 0.00112696771976, "max": 0.0112897241488, "dmean": 0.000460120267235, "dmean2": 0.000702737015672, "mean": 0.0014354219893, "dvar2": 1.18087064038e-06, "min": 7.72971605759e-21}, "erbbands_spread": {"dvar": 76.4343109131, "var": 314.772094727, "median": 44.0806350708, "max": 131.194702148, "dmean": 8.36894893646, "dmean2": 12.7248592377, "mean": 45.9824142456, "dvar2": 167.691864014, "min": 7.56930828094}, "dissonance": {"dvar": 0.000166052835993, "var": 0.000399354699766, "median": 0.480205714703, "max": 0.500000059605, "dmean": 0.0130379861221, "dmean2": 0.0220102611929, "mean": 0.475085288286, "dvar2": 0.0004458859039, "min": 0.299865365028}, "spectral_kurtosis": {"dvar": 0.948990881443, "var": 2.04116487503, "median": 2.52374696732, "max": 26.1793422699, "dmean": 0.731970071793, "dmean2": 1.22208452225, "mean": 2.67351031303, "dvar2": 2.8269443512, "min": -1.1656421423}, "spectral_skewness": {"dvar": 0.0177675783634, "var": 0.0681338533759, "median": 1.22917699814, "max": 3.76496887207, "dmean": 0.134146422148, "dmean2": 0.215197727084, "mean": 1.22760391235, "dvar2": 0.0435232520103, "min": 0.00701262243092}, "pitch_salience": {"dvar": 0.00673095602542, "var": 0.0124302087352, "median": 0.618357360363, "max": 0.876915931702, "dmean": 0.0798555538058, "dmean2": 0.133123204112, "mean": 0.601023793221, "dvar2": 0.0179954115301, "min": 0.0877756550908}, "spectral_complexity": {"dvar": 17.698884964, "var": 91.8778762817, "median": 27, "max": 53, "dmean": 4.22910022736, "dmean2": 6.66269540787, "mean": 25.6022548676, "dvar2": 37.2258110046, "min": 0}, "spectral_spread": {"dvar": 344339709952, "var": 1871652978690.0, "median": 4918784.5, "max": 40870160, "dmean": 398266.375, "dmean2": 572056.375, "mean": 5219415, "dvar2": 515483238400, "min": 1668403.125}, "dynamic_complexity": 2.19071245193, "melbands_crest": {"dvar": 15.979801178, "var": 27.4492473602, "median": 11.005689621, "max": 37.1627044678, "dmean": 3.85242629051, "dmean2": 6.36716842651, "mean": 12.3993425369, "dvar2": 40.0410232544, "min": 2.32300806046}, "zerocrossingrate": {"dvar": 0.000263837835519, "var": 0.0016772717936, "median": 0.07470703125, "max": 0.4921875, "dmean": 0.0131886834279, "dmean2": 0.0155407544225, "mean": 0.083292901516, "dvar2": 0.000290298397886, "min": 0.001953125}, "spectral_energyband_low": {"dvar": 0.000200977694476, "var": 0.000146655307617, "median": 0.00375395431183, "max": 0.124325074255, "dmean": 0.00518944114447, "dmean2": 0.00899185333401, "mean": 0.00653346162289, "dvar2": 0.000539625179954, "min": 9.68434866657e-23}, "melbands_kurtosis": {"dvar": 193.515029907, "var": 386.820220947, "median": 5.94042396545, "max": 370.744293213, "dmean": 7.45294952393, "dmean2": 12.3954057693, "mean": 11.2894735336, "dvar2": 501.375335693, "min": -1.90505278111}, "spectral_energyband_middle_high": {"dvar": 2.94357619168e-06, "var": 1.6373456674e-05, "median": 0.00467225676402, "max": 0.034556157887, "dmean": 0.00147359166294, "dmean2": 0.00220921053551, "mean": 0.00569755025208, "dvar2": 6.47844899504e-06, "min": 1.64530999916e-21}, "barkbands_spread": {"dvar": 71.1408691406, "var": 232.437149048, "median": 27.9805583954, "max": 114.450576782, "dmean": 7.04605579376, "dmean2": 10.9357719421, "mean": 30.5351257324, "dvar2": 155.832351685, "min": 0.475953906775}, "mfcc": {"mean": [-605.751220703, 95.4279937744, 2.55015540123, 22.6491794586, -0.0962750986218, 8.44511985779, -6.46879148483, 0.720116734505, -3.77342677116, -0.99423801899, -4.81281709671, -2.25970411301, -5.77497673035], "cov": [[5784.64306641, 639.957580566, -50.6388282776, 27.2730293274, -33.7011489868, 56.4376144409, -126.788146973, 8.51850986481, -90.9790115356, -24.022233963, -85.4502410889, -42.6351127625, -71.7245330811], [639.957580566, 795.459228516, -275.793884277, 70.491607666, 16.5896453857, 16.2763080597, 12.2554702759, 12.9288711548, -8.35689640045, 13.7826404572, 21.5458068848, 3.57805347443, -12.5792999268], [-50.6388282776, -275.793884277, 547.413574219, 32.6337394714, 42.33751297, 36.3560409546, 2.82081699371, 16.2643642426, 1.96605074406, 9.41954421997, -1.33862864971, -2.87929129601, 16.1458911896], [27.2730293274, 70.491607666, 32.6337394714, 208.814620972, 100.89704895, 14.4675703049, -0.948783636093, -5.73448896408, 14.9868392944, 8.66844367981, -2.11192584038, 9.1619682312, 21.952589035], [-33.7011489868, 16.5896453857, 42.33751297, 100.89704895, 210.255630493, 40.9788322449, 0.451239347458, 16.0048103333, 30.7251243591, 20.7379570007, 4.98244285583, 13.2131376266, 25.1920928955], [56.4376144409, 16.2763080597, 36.3560409546, 14.4675703049, 40.9788322449, 93.5692367554, 56.3077125549, 36.4773864746, 7.84471654892, 16.8417167664, 16.0827522278, 3.86825156212, 2.88677477837], [-126.788146973, 12.2554702759, 2.82081699371, -0.948783636093, 0.451239347458, 56.3077125549, 148.928833008, 72.6795043945, 15.5390176773, 25.3851604462, 28.16355896, 7.76506233215, -1.40947389603], [8.51850986481, 12.9288711548, 16.2643642426, -5.73448896408, 16.0048103333, 36.4773864746, 72.6795043945, 105.196601868, 32.8575782776, 33.9200820923, 21.3101558685, 7.25254011154, 3.22027301788], [-90.9790115356, -8.35689640045, 1.96605074406, 14.9868392944, 30.7251243591, 7.84471654892, 15.5390176773, 32.8575782776, 78.4457931519, 41.3347396851, 13.2282657623, 7.34785795212, 3.36526250839], [-24.022233963, 13.7826404572, 9.41954421997, 8.66844367981, 20.7379570007, 16.8417167664, 25.3851604462, 33.9200820923, 41.3347396851, 81.0502319336, 35.5473518372, 14.9459171295, 1.76934051514], [-85.4502410889, 21.