{"tonal": {"chords_key": "F", "hpcp_entropy": {"dmean": 0.478672474623, "dmean2": 0.804859936237, "max": 4.5985584259, "dvar": 0.199807450175, "mean": 1.91607916355, "dvar2": 0.5383695364, "min": 0, "var": 0.611189603806, "median": 1.86256766319}, "key_key": "C", "chords_strength": {"dmean": 0.00728211039677, "dmean2": 0.00714352121577, "max": 0.786949157715, "dvar": 5.45990769751e-05, "mean": 0.495024681091, "dvar2": 6.88039363013e-05, "min": 0.166475117207, "var": 0.00945957191288, "median": 0.501659035683}, "key_scale": "major", "chords_number_rate": 0.000871586264111, "thpcp": [1, 0.989910066128, 0.51642870903, 0.357731342316, 0.262690335512, 0.161112874746, 0.335020750761, 0.527762234211, 0.492506086826, 0.476545184851, 0.405959397554, 0.270874351263, 0.222880005836, 0.19840669632, 0.422188997269, 0.91287201643, 0.795408368111, 0.329588741064, 0.266291558743, 0.266060769558, 0.344802796841, 0.833184540272, 0.915055572987, 0.462990492582, 0.275998294353, 0.237650990486, 0.264409989119, 0.313632190228, 0.314053148031, 0.30694270134, 0.357230097055, 0.374712407589, 0.29865115881, 0.315989345312, 0.459206372499, 0.612811923027], "key_strength": 0.713601231575, "tuning_nontempered_energy_ratio": 0.921059727669, "tuning_frequency": 434.193115234, "chords_changes_rate": 0.0522536747158, "tuning_diatonic_strength": 0.583725690842, "chords_scale": "major", "chords_histogram": [16.5393867493, 4.42433786392, 9.06864738464, 1.22437119484, 0.228272601962, 1.09985888004, 1.02930188179, 0.605960011482, 2.17066478729, 1.89673781395, 2.56080341339, 2.6687142849, 1.58545696735, 3.91798782349, 1.90918898582, 7.48319101334, 4.93483877182, 9.41313171387, 3.40748739243, 1.22022080421, 2.75587272644, 1.98804676533, 17.2532577515, 0.614260792732], "tuning_equal_tempered_deviation": 0.189018517733, "hpcp": {"dmean": [0.0602771826088, 0.0679500848055, 0.0680439695716, 0.077052757144, 0.0746895447373, 0.0719959586859, 0.0673125907779, 0.0808058083057, 0.097139634192, 0.114008642733, 0.108295343816, 0.092391230166, 0.071630269289, 0.0556282103062, 0.0404191724956, 0.0453874692321, 0.0739786550403, 0.0896421968937, 0.0869134962559, 0.0793192610145, 0.0694187656045, 0.0479736626148, 0.0433490797877, 0.0603807866573, 0.0800804048777, 0.0642893463373, 0.0571431480348, 0.0538298822939, 0.0552511252463, 0.0716627240181, 0.0950118526816, 0.0936440676451, 0.0857972130179, 0.0630784854293, 0.0526014566422, 0.0547049641609], "dmean2": [0.102635242045, 0.116916708648, 0.113902524114, 0.137950256467, 0.12744820118, 0.12052654475, 0.115357510746, 0.133316814899, 0.160674884915, 0.187908351421, 0.17833724618, 0.156758725643, 0.124128758907, 0.0959143713117, 0.0706403255463, 0.0769453495741, 0.122465118766, 0.143878698349, 0.156841292977, 0.129483669996, 0.117687121034, 0.0842577144504, 0.0747652873397, 0.101405106485, 0.135910898447, 0.107300840318, 0.0978202149272, 0.0931834131479, 0.0940252617002, 0.124078094959, 0.160950899124, 0.152194395661, 0.147053256631, 0.108829937875, 0.0905283540487, 0.0943587198853], "max": [1, 1, 1, 1, 1, 1, 1, 1, 1, 1, 1, 1, 1, 1, 1, 1, 1, 1, 1, 1, 1, 1, 1, 1, 1, 1, 1, 1, 1, 1, 1, 1, 1, 1, 1, 1], "dvar": [0.0191919077188, 0.0241872854531, 0.0230147782713, 0.0263850111514, 0.0277117844671, 0.0251184552908, 0.0204292535782, 0.0287256203592, 0.0297659337521, 0.0336974076927, 0.0323512256145, 0.0272348020226, 0.027802972123, 0.0188749786466, 0.0119202742353, 0.0116503285244, 0.0248205978423, 0.0339083150029, 0.0329394415021, 0.0311469826847, 0.0271012764424, 0.014275082387, 0.0121525404975, 0.0131724309176, 0.0237743631005, 0.0155820781365, 0.014899504371, 0.0170984193683, 0.0167782604694, 0.0164489094168, 0.0235766395926, 0.0261518396437, 0.0251928381622, 0.0232415962964, 0.0190127622336, 0.0201775524765], "mean": [0.0883648693562, 0.0884834751487, 0.0864801257849, 0.100648440421, 0.105574026704, 0.0841440111399, 0.0890289917588, 0.129379928112, 0.172657802701, 0.281746804714, 0.278903990984, 0.145502135158, 0.100789658725, 0.0740121603012, 0.0453930385411, 0.0943910256028, 0.148695319891, 0.138762012124, 0.134265080094, 0.114377766848, 0.0763179808855, 0.0627957284451, 0.0559004507959, 0.118950404227, 0.257198780775, 0.2241037637, 0.0928605720401, 0.0750267952681, 0.0749617740512, 0.0971470847726, 0.234747081995, 0.257813990116, 0.130446091294, 0.0777616351843, 0.0669574066997, 0.0744966715574], "dvar2": [0.0495075844228, 0.0639280453324, 0.0534188225865, 0.0807094871998, 0.0684462189674, 0.0566565990448, 0.0518881119788, 0.0675394758582, 0.07032571733, 0.0833517834544, 0.0801711082458, 0.0700858980417, 0.0732755213976, 0.0502797178924, 0.0323214605451, 0.0316375717521, 0.0604167617857, 0.0659270659089, 0.10528075695, 0.0669011771679, 0.0659282207489, 0.0387925505638, 0.0328464135528, 0.0347257778049, 0.0627992898226, 0.0393092557788, 0.0420713275671, 0.0458718277514, 0.0442599132657, 0.0454486273229, 0.0622817911208, 0.0609024725854, 0.064520791173, 0.0617935471237, 0.0500292740762, 0.052759476006], "min": [0, 0, 0, 0, 0, 0, 0, 0, 0, 0, 0, 0, 0, 0, 0, 0, 0, 0, 0, 0, 0, 0, 0, 0, 0, 0, 0, 0, 0, 0, 0, 0, 0, 0, 0, 0], "var": [0.0343254879117, 0.0348585210741, 0.0321937389672, 0.0417402759194, 0.0500564537942, 0.034122299403, 0.0373653620481, 0.0630660131574, 0.073914565146, 0.109941281378, 0.116581305861, 0.043184645474, 0.0493427962065, 0.0323774814606, 0.0141878705472, 0.0336173847318, 0.0713177025318, 0.0573980547488, 0.0689576715231, 0.0594776645303, 0.0324125103652, 0.0252559687942, 0.0192994736135, 0.032412879169, 0.122319713235, 0.108752064407, 0.0272692274302, 0.0345360562205, 0.03186795488, 0.026940792799, 0.100650139153, 0.118214249611, 0.0428240634501, 0.0357475988567, 0.0280349683017, 0.0338581129909], "median": [0.0134674655274, 0.0114794094115, 0.0131631866097, 0.0124298073351, 0.00878886505961, 0.0063985818997, 0.00962106138468, 0.012554497458, 0.048845551908, 0.111446201801, 0.100897997618, 0.0586314238608, 0.00766082294285, 0.00428964942694, 0.00601304741576, 0.0108167128637, 0.0174592286348, 0.0260355807841, 0.0071964613162, 0.00559077318758, 0.0068688490428, 0.00754361227155, 0.00861555989832, 0.0344787575305, 0.0517747364938, 0.0365354716778, 0.0157297272235, 0.00503167696297, 0.00553431501612, 0.0292284619063, 0.0614493191242, 0.0629849582911, 0.0366935506463, 0.00425393693149, 0.00470042508096, 0.00726088602096]}}, "lowlevel": {"melbands_flatness_db": {"dmean": 0.0283866859972, "dmean2": 0.0423493757844, "max": 0.850639760494, "dvar": 0.00124801928177, "mean": 0.398453831673, "dvar2": 0.00261204480194, "min": 0.00340177142061, "var": 0.0225532446057, "median": 0.411293119192}, "melbands_crest": {"dmean": 2.52734470367, "dmean2": 3.97925829887, "max": 39.8320541382, "dvar": 7.3864774704, "mean": 15.5894441605, "dvar2": 18.8776779175, "min": 1.62886810303, "var": 35.3223075867, "median": 14.5387468338}, "spectral_entropy": {"dmean": 0.203230649233, "dmean2": 0.303791940212, "max": 9.8048992157, "dvar": 0.072282217443, "mean": 6.20574617386, "dvar2": 0.15266110003, "min": 3.18884563446, "var": 0.960644841194, "median": 6.08384990692}, "melbands": {"dmean": [0.00109844526742, 0.00116322608665, 0.000496731838211, 0.000220746718696, 0.000166798752616, 0.0001310378575, 8.64145113155e-05, 8.11776772025e-05, 5.41351873835e-05, 4.10592474509e-05, 3.82641665055e-05, 2.752518958e-05, 2.38237062149e-05, 1.80360984814e-05, 1.68504720932e-05, 1.85687495105e-05, 1.36954085974e-05, 1.25506621771e-05, 6.82230984239e-06, 7.68372683524e-06, 5.51425546291e-06, 7.42512884244e-06, 1.73679491127e-05, 1.32947516249e-05, 7.58115174904e-06, 4.27101440437e-06, 1.7898552187e-06, 1.713060783e-06, 2.20172773879e-06, 3.24032816934e-06, 4.33801415056e-06, 4.55322424386e-06, 3.05296703118e-06, 1.39744906846e-06, 5.53250742996e-07, 2.11785092574e-07, 1.21066719316e-07, 8.05993778386e-08, 4.56955646655e-08, 2.2910974451e-08], "dmean2": [0.00182137812953, 0.00189929699991, 0.000804292329121, 0.000355463882443, 0.000261294422671, 0.000183451047633, 0.00013309152564, 0.00011628575885, 7.60759648983e-05, 5.82395114179e-05, 5.67901333852e-05, 4.25896250817e-05, 3.56017590093e-05, 2.75348647847e-05, 2.56644907495e-05, 2.95466870739e-05, 2.24752839131e-05, 2.0549619876e-05, 1.10352229967e-05, 1.18602447401e-05, 9.04681746761e-06, 1.28922702061e-05, 3.08022172248e-05, 2.3352133212e-05, 1.31774550027e-05, 7.15640408089e-06, 2.99031398754e-06, 2.8794361242e-06, 3.71449323211e-06, 5.40592873222e-06, 7.34366039978e-06, 7.74858563091e-06, 5.11964071848e-06, 2.35074185184e-06, 9.40259042181e-07, 3.55855604539e-07, 2.00803924599e-07, 1.33991576945e-07, 7.67707462046e-08, 3.77166458065e-08], "max": [0.305246889591, 0.235956668854, 0.081179715693, 0.0210361536592, 0.0224114023149, 0.0518579222262, 0.0161364227533, 0.0310464445502, 0.0227412544191, 0.0478800982237, 0.0140245202929, 0.0328544676304, 0.0204212591052, 0.0104523850605, 0.00566593976691, 0.00439819321036, 0.00254844175652, 0.00680808117613, 0.00485776085407, 0.00341242249124, 0.00285900081508, 0.00443788943812, 0.00388537743129, 0.00211590807885, 0.00198828568682, 0.00115053029731, 0.000273383484455, 0.000373814284103, 0.000362926104572, 0.00086573214503, 0.00113736349158, 0.00156737968791, 0.000754642591346, 0.000379973527743, 0.000216754953726, 6.05404493399e-05, 2.33538794419e-05, 2.87343464151e-05, 2.60151900875e-05, 2.16343996726e-05], "dvar": [0.000129770152853, 5.62402674404e-05, 5.55542146685e-06, 6.31299826637e-07, 2.40770447135e-07, 2.45580451974e-07, 9.65976454381e-08, 9.98420119913e-08, 7.29466052007e-08, 7.79563080755e-08, 3.02452960455e-08, 3.53695703836e-08, 1.41215856786e-08, 5.70729952187e-09, 5.83846038182e-09, 8.852538258e-09, 4.76012074202e-09, 4.39441416589e-09, 1.78035930443e-09, 1.24399612833e-09, 7.32561955541e-10, 2.11336503853e-09, 1.22914469713e-08, 6.19713658168e-09, 2.23528462406e-09, 7.1927519496e-10, 5.38047904841e-11, 4.11001441214e-11, 1.16794893201e-10, 3.32472049891e-10, 8.08667133256e-10, 1.20964027683e-09, 4.50538689689e-10, 9.48064751705e-11, 1.60959839207e-11, 1.6401240175e-12, 3.62464236143e-13, 1.72475803171e-13, 7.28510811789e-14, 2.30468804983e-14], "mean": [0.001260457444, 0.001739484258, 0.000862452259753, 0.000420000927988, 0.00033619304304, 0.000326487323036, 0.000172433210537, 0.000196014370886, 0.000140486386954, 9.1252506536e-05, 7.08726875018e-05, 4.58801987406e-05, 5.22718219145e-05, 3.62284627045e-05, 3.02354965243e-05, 3.03094257106e-05, 2.25212406804e-05, 2.35884544963e-05, 1.2568792954e-05, 1.416136638e-05, 9.11902588996e-06, 8.32992100186e-06, 1.74826727743e-05, 1.37388369694e-05, 8.22113452159e-06, 6.3162119659e-06, 2.51833967013e-06, 2.39182554651e-06, 2.84051179733e-06, 4.29647934652e-06, 4.88892283101e-06, 5.0735802688e-06, 3.50151981365e-06, 1.5902666064e-06, 6.21844208126e-07, 2.43328258875e-07, 1.46933700762e-07, 9.38741777645e-08, 4.98184959952e-08, 2.56825103406e-08], "dvar2": [0.000334908399964, 0.000143590834341, 1.51783278852e-05, 1.72020099853e-06, 6.03080991368e-07, 4.14377240077e-07, 2.10623213093e-07, 1.79791669552e-07, 1.25152851638e-07, 1.12404300978e-07, 5.90383315568e-08, 6.7806517734e-08, 2.32384333998e-08, 1.17390577259e-08, 1.18175025321e-08, 2.13228386059e-08, 1.28196928628e-08, 1.11404574454e-08, 4.33271507561e-09, 2.7565496552e-09, 1.80130510508e-09, 5.58470514278e-09, 3.58885543505e-08, 1.80173902464e-08, 6.35171870655e-09, 1.99902028264e-09, 1.46362616471e-10, 1.09623865541e-10, 3.23404719671e-10, 9.0138074782e-10, 2.18653406492e-09, 3.29760130313e-09, 1.22310839235e-09, 2.62057070488e-10, 4.46959240452e-11, 4.56504755872e-12, 9.58834791079e-13, 4.32732246303e-13, 1.82642787071e-13, 5.35819557669e-14], "min": [2.31689355053e-24, 2.49704847647e-24, 3.12059391546e-24, 2.50061412776e-24, 2.92769198337e-24, 3.70968506555e-24, 2.12575472257e-24, 3.09154588756e-24, 3.0117460989e-24, 3.49345947472e-24, 3.32321145846e-24, 3.48443766698e-24, 4.57211553322e-24, 4.21668754706e-24, 3.78540348511e-24, 2.91697708291e-24, 4.93912123646e-24, 7.69883199538e-24, 6.64366111489e-24, 5.81714945638e-24, 5.67040831181e-24, 5.18115243965e-24, 8.89605936996e-24, 4.3231376209e-24, 7.56044528222e-24, 7.75939126935e-24, 7.37578635494e-24, 6.02556137995e-24, 5.65584751722e-24, 6.47246173238e-24, 5.61534187632e-24, 6.51595242294e-24, 7.49247229346e-24, 6.30497117941e-24, 6.6917090549e-24, 7.28675630204e-24, 6.08474093619e-24, 7.58954241671e-24, 8.9467965368e-24, 7.0326050399e-24], "var": [9.90069675026e-05, 4.84306074213e-05, 5.13207078257e-06, 8.94136178431e-07, 6.15488772837e-07, 1.88155615888e-06, 2.89654337848e-07, 6.58943577037e-07, 4.67429146056e-07, 5.44477302356e-07, 9.99024649673e-08, 8.65379092829e-08, 1.01971750155e-07, 2.83473546858e-08, 1.9514406091e-08, 2.04713419549e-08, 1.05260689054e-08, 1.8949265268e-08, 7.46003703256e-09, 3.77783093697e-09, 1.47707968079e-09, 2.27687357857e-09, 1.1511915865e-08, 6.39496766652e-09, 2.20231188841e-09, 1.14530640527e-09, 8.93373361399e-11, 8.33738425521e-11, 1.49187384668e-10, 5.30518851072e-10, 9.54242351803e-10, 1.28885591089e-09, 5.68875724305e-10, 1.19333667947e-10, 1.84948670962e-11, 1.97823853652e-12, 5.50373874079e-13, 2.71526562085e-13, 1.08206182187e-13, 4.55772707986e-14], "median": [3.30322436639e-05, 0.00029574445216, 0.000201511837076, 7.09523301339e-05, 8.05799500085e-05, 5.22413320141e-05, 2.96543657896e-05, 1.90989321709e-05, 1.23935533338e-05, 7.85194788477e-06, 5.93831646256e-06, 2.85431679004e-06, 2.80131234831e-06, 2.4171995392e-06, 1.25243877847e-06, 1.0640058008e-06, 6.35370383861e-07, 3.70089082935e-07, 2.89780700768e-07, 1.9428969722e-07, 1.37962558711e-07, 8.10803939544e-08, 4.58346676169e-08, 3.52286413374e-08, 2.60740264935e-08, 2.64916089066e-08, 3.14050190298e-08, 2.9724159134e-08, 1.71666698634e-08, 6.03676486577e-09, 2.40086439618e-09, 1.18234488866e-09, 7.33089144944e-10, 3.88926002515e-10, 2.25062218862e-10, 1.45388007189e-10, 1.06072123307e-10, 7.75718100865e-11, 5.71553637752e-11, 4.25715643293e-11]}, "silence_rate_60dB": {"dmean": 0.0311715267599, "dmean2": 0.0623443461955, "max": 1, "dvar": 0.0302034988999, "mean": 0.350682765245, "dvar2": 0.0672698616982, "min": 0, "var": 0.227754086256, "median": 0}, "spectral_energyband_middle_high": {"dmean": 0.00115645758342, "dmean2": 0.00183818640653, "max": 0.203541636467, "dvar": 1.44813066072e-05, "mean": 0.00262122182176, "dvar2": 3.7262110709e-05, "min": 1.39316430543e-21, "var": 5.62570712646e-05, "median": 0.000242312496994}, "erbbands_skewness": {"dmean": 0.482803881168, "dmean2": 0.757448971272, "max": 12.0443239212, "dvar": 0.404210686684, "mean": 0.364756047726, "dvar2": 1.01648807526, "min": -11.3809976578, "var": 1.89913904667, "median": 0.309276759624}, "dynamic_complexity": 7.34023094177, "dissonance": {"dmean": 0.036436971277, "dmean2": 0.0612329542637, "max": 0.500000298023, "dvar": 0.00180531060323, "mean": 0.403596371412, "dvar2": 0.00490091973916, "min": 0.041878502816, "var": 0.00677792634815, "median": 0.423874497414}, "spectral_skewness": {"dmean": 1.06641662121, "dmean2": 1.79621255398, "max": 25.5152568817, "dvar": 1.49107038975, "mean": 4.88100147247, "dvar2": 4.0113120079, "min": -1.8153424263, "var": 19.4510746002, "median": 3.1979265213}, "spectral_kurtosis": {"dmean": 21.8062705994, "dmean2": 37.4943847656, "max": 1036.7322998, "dvar": 1566.55957031, "mean": 67.7971801758, "dvar2": 4697.85253906, "min": -1.45086693764, "var": 9976.68945312, "median": 21.405872345}, "gfcc": {"cov": [[21708.0195312, -4018.78100586, -5907.22265625, 3546.76757812, 281.475372314, 715.276062012, -187.56199646, -216.857528687, 196.139816284, -224.048416138, -205.320327759, 45.7170944214, -261.809387207], [-4018.78100586, 3947.94238281, 2498.76025391, -1939.95422363, 277.753997803, -379.132263184, 166.197143555, -191.082473755, 49.0820541382, -158.991134644, 244.962661743, -123.062965393, 112.962043762], [-5907.22265625, 2498.76025391, 3714.00024414, -1202.31677246, -106.017784119, -150.933883667, 48.7204742432, 25.8825206757, 5.59996414185, -15.4380750656, 163.367889404, 30.9609661102, 72.0705108643], [3546.76757812, -1939.95422363, -1202.31677246, 2055.42797852, 21.4401683807, 77.1273803711, 158.102493286, -39.3064460754, -13.0476016998, 76.1497192383, -117.99420929, 63.6688804626, -63.8631248474], [281.475372314, 277.753997803, -106.017784119, 21.4401683807, 523.390686035, 101.712806702, 25.1471252441, -2.84326982498, 55.8548660278, -13.4165248871, 29.478187561, 14.7048339844, 3.95493507385], [715.276062012, -379.132263184, -150.933883667, 77.1273803711, 101.712806702, 425.435150146, -70.65965271, 59.3151016235, 60.9585494995, -33.5201148987, -36.2520942688, 27.5846633911, -41.058971405], [-187.56199646, 166.197143555, 48.7204742432, 158.102493286, 25.1471252441, -70.65965271, 366.33416748, -11.6606245041, -18.8658618927, 38.6590118408, -12.6341848373, -48.561466217, -7.43781518936], [-216.857528687, -191.082473755, 25.8825206757, -39.3064460754, -2.84326982498, 59.3151016235, -11.6606245041, 202.204101562, 54.2474822998, 9.36229133606, -4.07567930222, -2.82116866112, -12.468462944], [196.139816284, 49.0820541382, 5.59996414185, -13.0476016998, 55.8548660278, 60.9585494995, -18.8658618927, 54.2474822998, 184.668167114, 21.0725078583, 11.4652614594, 18.1267528534, -1.98376893997], [-224.048416138, -158.991134644, -15.4380750656, 76.1497192383, -13.4165248871, -33.5201148987, 38.6590118408, 9.36229133606, 21.0725078583, 179.665481567, 49.6982460022, 17.8242893219, 15.2017641068], [-205.320327759, 244.962661743, 163.367889404, -117.99420929, 29.478187561, -36.2520942688, -12.6341848373, -4.07567930222, 11.4652614594, 49.6982460022, 152.802276611, 38.9055938721, 23.5700263977], [45.7170944214, -123.062965393, 30.9609661102, 63.6688804626, 14.7048339844, 27.5846633911, -48.561466217, -2.82116866112, 18.1267528534, 17.8242893219, 38.9055938721, 152.711242676, 31.8393955231], [-261.809387207, 112.962043762, 72.0705108643, -63.8631248474, 3.95493507385, -41.058971405, -7.43781518936, -12.468462944, -1.98376893997, 15.2017641068, 23.5700263977, 31.8393955231, 128.128738403]], "mean": [-208.828811646, 189.99180603, -102.294906616, 7.22768497467, -46.2697563171, -9.51119232178, -16.0087223053, -12.5139341354, -14.1290493011, -7.21975326538, -7.22939062119, -12.0690765381, -3.46421670914], "icov": [[0.000130239059217, -0.000190418417333, 0.000242460373556, -0.000272148172371, 0.000142717093695, -0.000235555271502, 0.000162022595759, -2.96805956168e-05, -5.2987903473e-05, 9.03440377442e-05, -8.84281616891e-05, -5.2242197853e-05, 0.000106310464616], [-0.000190418417333, 0.00227981316857, -0.00119771901518, 0.00166151765734, -0.00138858263381, 0.0014974954538, -0.00138437224086, 0.00211717234924, -0.00133993942291, 0.00183006888255, -0.00153866363689, 0.0013565880945, -0.000540723383892], [0.000242460373556, -0.00119771901518, 0.00116153713316, -0.000831749872304, 0.000847819377668, -0.000880745181348, 0.000609002716374, -0.000961639918387, 0.000475488661323, -0.000579723913688, 0.000322282430716, -0.00081407034304, 0.000335972814355], [-0.000272148172371, 0.00166151765734, -0.000831749872304, 0.00207531102933, -0.00102783937473, 0.00116009172052, -0.00142342329491, 0.00150116649456, -0.000730954634491, 0.000719515257515, -0.000377941294573, 0.000320435414324, -0.000158543174621], [0.000142717093695, -0.00138858263381, 0.000847819377668, -0.00102783937473, 0.00302173709497, -0.00149163242895, 0.000487176905153, -0.000976268667728, 0.000178161848453, -0.000650436151773, 0.000178149639396, -0.000808864366263, 0.000136809787364], [-0.000235555271502, 0.0014974954538, -0.000880745181348, 0.00116009172052, -0.00149163242895, 0.00407322309911, -0.000451803003671, 0.00057693378767, -0.00130387779791, 0.001301172073, -8.78586724866e-05, 0.000178375979885, 0.000450574676506], [0.000162022595759, -0.00138437224086, 0.000609002716374, -0.00142342329491, 0.000487176905153, -0.000451803003671, 0.00414083572105, -0.00123708019964, 0.000962033926044, -0.00173712673131, 0.00113874534145, 0.00035298281, 0.000383512349799], [-2.96805956168e-05, 0.00211717234924, -0.000961639918387, 0.00150116649456, -0.000976268667728, 0.00057693378767, -0.00123708019964, 0.00777714699507, -0.00295093702152, 0.001628652215, -0.00151496729814, 0.00158979813568, -9.33529518079e-05], [-5.2987903473e-05, -0.00133993942291, 0.000475488661323, -0.000730954634491, 0.000178161848453, -0.00130387779791, 0.000962033926044, -0.00295093702152, 0.00742669263855, -0.002261049347, 0.00113863905426, -0.00135550671257, 0.000297252816381], [9.03440377442e-05, 0.00183006888255, -0.000579723913688, 0.000719515257515, -0.000650436151773, 0.001301172073, -0.00173712673131, 0.001628652215, -0.002261049347, 0.0088017648086, -0.00413265172392, 0.00103671255056, -0.000826119678095], [-8.84281616891e-05, -0.00153866363689, 0.000322282430716, -0.000377941294573, 0.000178149639396, -8.78586724866e-05, 0.00113874534145, -0.00151496729814, 0.00113863905426, -0.00413265172392, 0.0102853486314, -0.00307646812871, 7.15964124538e-05], [-5.2242197853e-05, 0.0013565880945, -0.00081407034304, 0.000320435414324, -0.000808864366263, 0.000178375979885, 0.00035298281, 0.00158979813568, -0.00135550671257, 0.00103671255056, -0.00307646812871, 0.00917620398104, -0.00228611077182], [0.000106310464616, -0.000540723383892, 0.000335972814355, -0.000158543174621, 0.000136809787364, 0.000450574676506, 0.000383512349799, -9.33529518079e-05, 0.000297252816381, -0.000826119678095, 7.15964124538e-05, -0.00228611077182, 0.00904146954417]]}, "spectral_complexity": {"dmean": 1.96662867069, "dmean2": 3.0398888588, "max": 62, "dvar": 13.5573425293, "mean": 9.00002098083, "dvar2": 26.9615402222, "min": 0, "var": 91.8771209717, "median": 6}, "spectral_flux": {"dmean": 0.0167961604893, "dmean2": 0.0269115883857, "max": 1.0010664463, "dvar": 0.00202092179097, "mean": 0.0439021997154, "dvar2": 0.00434929644689, "min": 6.45332329241e-11, "var": 0.00440755859017, "median": 0.0240280665457}, "spectral_energyband_low": {"dmean": 0.00614112615585, "dmean2": 0.0098915072158, "max": 1.22565150261, "dvar": 0.00205578282475, "mean": 0.00920255016536, "dvar2": 0.00500415405259, "min": 3.03153345197e-23, "var": 0.00184302940033, "median": 0.00142913125455}, "spectral_decrease": {"dmean": 2.16662465746e-09, "dmean2": 3.37682926066e-09, "max": 1.16407623441e-28, "dvar": 1.55604491978e-16, "mean": -4.75550843149e-09, "dvar2": 3.66432117515e-16, "min": -3.26881178125e-07, "var": 1.69245004681e-16, "median": -1.78926695682e-09}, "barkbands_spread": {"dmean": 3.32533240318, "dmean2": 5.34855127335, "max": 115.854774475, "dvar": 41.545135498, "mean": 11.1031389236, "dvar2": 106.571121216, "min": 0.0689608082175, "var": 178.953659058, "median": 5.80105543137}, "spectral_rms": {"dmean": 0.000571125710849, "dmean2": 0.000839616870508, "max": 0.0348227135837, "dvar": 2.28455542128e-06, "mean": 0.00323529052548, "dvar2": 4.62015896119e-06, "min": 3.18821596727e-12, "var": 7.98217206466e-06, "median": 0.00263252900913}, "spectral_centroid": {"dmean": 175.552947998, "dmean2": 281.335845947, "max": 11389.3242188, "dvar": 122687.476562, "mean": 846.92376709, "dvar2": 308775.75, "min": 96.2004394531, "var": 703196.25, "median": 482.523620605}, "barkbands_skewness": {"dmean": 0.615349054337, "dmean2": 0.972561657429, "max": 23.7738933563, "dvar": 0.898598968983, "mean": 1.24445545673, "dvar2": 2.28915023804, "min": -9.11967086792, "var": 3.55611491203, "median": 0.880572557449}, "spectral_rolloff": {"dmean": 246.204315186, "dmean2": 431.095428467, "max": 19121.484375, "dvar": 413308.9375, "mean": 940.55291748, "dvar2": 1038174.9375, "min": 21.533203125, "var": 1377302.75, "median": 538.330078125}, "erbbands_spread": {"dmean": 6.01436519623, "dmean2": 9.70889377594, "max": 143.594070435, "dvar": 115.654937744, "mean": 19.9432621002, "dvar2": 297.446716309, "min": 0.359266102314, "var": 347.053924561, "median": 13.0487098694}, "barkbands": {"dmean": [9.08704241738e-05, 0.00413111457601, 0.00200330140069, 0.000920185586438, 0.00102155050263, 0.000654251663946, 0.000413464411395, 0.000370312860468, 0.000268113071797, 0.000251453137025, 0.000179320777534, 0.000160128256539, 0.000180712144356, 0.000151573549374, 9.76553710643e-05, 0.000102832840639, 0.000154569061124, 0.000297981954645, 0.000123269419419, 5.28244891029e-05, 0.000132187647978, 0.000188175166841, 3.98461597797e-05, 7.67548954173e-06, 2.01262855626e-06, 4.39365692273e-07, 6.98222279993e-08], "dmean2": [0.000129099484184, 0.0068726753816, 0.00329183018766, 0.00150163995568, 0.00161956704687, 0.000932178867515, 0.000623896718025, 0.000522405782249, 0.000382617407013, 0.000378750963137, 0.00026843973319, 0.000246231094934, 0.00028727739118, 0.000250464770943, 0.000156856956892, 0.000160478579346, 0.000270763150183, 0.000523412774783, 0.000210549449548, 8.83827015059e-05, 0.000220720932703, 0.000314678996801, 6.71911911923e-05, 1.27085613713e-05, 3.35265485774e-06, 7.27058875327e-07, 1.24681108105e-07], "max": [0.0223506093025, 1.13895046711, 0.244753941894, 0.185138985515, 0.0850213989615, 0.21788983047, 0.083798289299, 0.170040532947, 0.243049457669, 0.197693824768, 0.150123372674, 0.0395658276975, 0.039072945714, 0.0389214754105, 0.062793135643, 0.0368782989681, 0.0708686113358, 0.047974254936, 0.027393065393, 0.00824751146138, 0.0210304223001, 0.0533080436289, 0.0114305475727, 0.00140946777537, 0.00110164284706, 0.000524807837792, 6.44680403639e-05], "dvar": [3.69019744539e-07, 0.00177450163756, 6.29858113825e-05, 2.41536436079e-05, 1.09833445094e-05, 5.16047839483e-06, 2.06918934964e-06, 2.80047675005e-06, 2.39958444581e-06, 1.93687310457e-06, 7.78672472279e-07, 4.39044526956e-07, 7.18473643246e-07, 5.54538758024e-07, 3.32821997517e-07, 1.93290375705e-07, 9.28188171656e-07, 3.02309172184e-06, 5.37362723207e-07, 3.60801699628e-08, 5.04664399159e-07, 1.71623662482e-06, 7.37924139571e-08, 1.38557187945e-09, 1.37589648008e-10, 1.42707711967e-11, 6.19941218586e-13], "mean": [0.000246664334554, 0.00479354197159, 0.00333424704149, 0.00132191984449, 0.00206177122891, 0.00157059112098, 0.000828291289508, 0.00096028711414, 0.000580363674089, 0.000450396270026, 0.000379009841708, 0.000279665866401, 0.000301113090245, 0.000258044834482, 0.00018921487208, 0.000186301884241, 0.000169728460605, 0.00031108528492, 0.000165315184859, 7.57650050218e-05, 0.000171019797563, 0.000217970882659, 4.55070403405e-05, 9.47535954765e-06, 2.32797742683e-06, 5.69452311083e-07, 6.55735945543e-08], "dvar2": [7.17044031262e-07, 0.00460025807843, 0.000174238070031, 6.66208943585e-05, 2.93678185699e-05, 9.12179166335e-06, 4.52979793408e-06, 4.95386029797e-06, 3.59199316335e-06, 3.72124009118e-06, 1.31514127588e-06, 9.19903413887e-07, 1.77065032858e-06, 1.50766004481e-06, 8.07079914011e-07, 4.62899379272e-07, 2.52608924711e-06, 8.81561754795e-06, 1.51580104557e-06, 9.64584074836e-08, 1.37336883199e-06, 4.639288818e-06, 2.02896075052e-07, 3.57217566638e-09, 3.42320116697e-10, 3.32886634924e-11, 1.67987900066e-12], "min": [1.56729652054e-25, 7.30267788169e-24, 3.8268131606e-24, 3.89761184913e-24, 1.0591027999e-23, 1.55324503427e-23, 1.49987054766e-23, 1.69924078418e-23, 2.40274015525e-23, 2.68236562929e-23, 3.53380623903e-23, 3.25980266112e-23, 3.56933811193e-23, 6.05762565696e-23, 9.47531630391e-23, 8.05957982283e-23, 9.62416362821e-23, 1.0499052024e-22, 2.15178914403e-22, 2.17390627946e-22, 3.19726662794e-22, 3.61740258647e-22, 4.21760608092e-22, 6.81076050329e-22, 1.15171177905e-21, 1.54438447286e-21, 2.07378763796e-21], "var": [7.43456041619e-07, 0.00134531501681, 6.74182447256e-05, 1.93442992895e-05, 1.93834621314e-05, 3.49115107383e-05, 7.51880497774e-06, 1.7878748622e-05, 1.61008429131e-05, 5.38845961273e-06, 5.49045671505e-06, 1.29914417357e-06, 1.68995882177e-06, 1.46354364006e-06, 1.67372502347e-06, 5.28638452124e-07, 9.60049874266e-07, 3.21516017721e-06, 6.73949443808e-07, 7.33462997005e-08, 7.37961954655e-07, 2.10497637454e-06, 9.15997162565e-08, 2.21290674673e-09, 2.97141922179e-10, 3.40210914995e-11, 6.17698112711e-13], "median": [1.66255158547e-05, 0.000176106826984, 0.000477940920973, 0.000240756315179, 0.000356796459528, 0.000288090988761, 0.000100678102172, 7.27092192392e-05, 5.11413745699e-05, 2.95123263641e-05, 2.0036010028e-05, 1.74693959707e-05, 1.07240266516e-05, 5.57822477276e-06, 3.95833649236e-06, 2.52333052231e-06, 1.39220378514e-06, 8.19523165774e-07, 7.51213917738e-07, 1.0159831163e-06, 3.05326011585e-07, 5.40487832268e-08, 1.60546562711e-08, 7.75724817714e-09, 4.50050752221e-09, 2.18118567652e-09, 5.53632362177e-10]}, "melbands_kurtosis": {"dmean": 8.53970718384, "dmean2": 14.0890493393, "max": 1673.40405273, "dvar": 802.668945312, "mean": 14.3964471817, "dvar2": 2134.93701172, "min": -1.95500552654, "var": 1359.87976074, "median": 3.47271800041}, "erbbands_crest": {"dmean": 2.61228060722, "dmean2": 4.14720630646, "max": 34.0216636658, "dvar": 7.74226331711, "mean": 13.3421678543, "dvar2": 19.1898193359, "min": 2.0088429451, "var": 40.7098731995, "median": 11.8969984055}, "melbands_skewness": {"dmean": 0.701853513718, "dmean2": 1.10852432251, "max": 34.9067840576, "dvar": 1.21585142612, "mean": 2.01244330406, "dvar2": 3.05430841446, "min": -6.68650102615, "var": 5.00936174393, "median": 1.47574472427}, "spectral_energyband_middle_low": {"dmean": 0.00282208551653, "dmean2": 0.00420617731288, "max": 0.266226917505, "dvar": 8.3985782112e-05, "mean": 0.00752266077325, "dvar2": 0.00021253801242, "min": 2.17910165427e-22, "var": 0.000186980338185, "median": 0.00266349641606}, "spectral_contrast_coeffs": {"dmean": [0.0389509797096, 0.0380598343909, 0.0308533273637, 0.0251179486513, 0.024565834552, 0.0283220019192], "dmean2": [0.0635389536619, 0.0620351284742, 0.0499926619232, 0.0408609732985, 0.040724158287, 0.0463571734726], "max": [-0.257785975933, -0.204129785299, -0.31162583828, -0.407461285591, -0.548290967941, -0.452806651592], "dvar": [0.00119656894822, 0.00119039532728, 0.000780785107054, 0.000552623998374, 0.000872790871654, 0.00132477586158], "mean": [-0.631206095219, -0.716020643711, -0.759933173656, -0.778896152973, -0.813592910767, -0.764210045338], "dvar2": [0.00327500351705, 0.0030180932954, 0.00195698207244, 0.00134555913974, 0.0022817668505, 0.00320203974843], "min": [-0.964704692364, -0.978788495064, -0.985218703747, -0.983584582806, -0.981294095516, -0.976038038731], "var": [0.0103807495907, 0.00955561548471, 0.00665531260893, 0.00538202188909, 0.00465342961252, 0.0109141794965], "median": [-0.64104783535, -0.732334971428, -0.772767364979, -0.78530049324, -0.819261908531, -0.776428103447]}, "spectral_contrast_valleys": {"dmean": [0.358521610498, 0.329852133989, 0.306224256754, 0.292400330305, 0.333617001772, 0.342256128788], "dmean2": [0.579288899899, 0.531291306019, 0.483703166246, 0.452026873827, 0.486954718828, 0.514562010765], "max": [-4.05793857574, -4.45404052734, -5.11104440689, -5.20128822327, -5.31143283844, -8.24667358398], "dvar": [0.139368444681, 0.130495324731, 0.12737044692, 0.13963162899, 0.190828919411, 0.210439100862], "mean": [-8.24920463562, -7.71817302704, -8.72605895996, -9.77639102936, -10.1846733093, -13.5734481812], "dvar2": [0.321388751268, 0.28311625123, 0.258640557528, 0.270551562309, 0.373087733984, 0.451612323523], "min": [-28.0116596222, -27.8552036285, -27.4940853119, -27.5397834778, -27.3707866669, -27.3124141693], "var": [2.09740996361, 1.59475493431, 2.14044117928, 3.47911190987, 4.62216377258, 2.63164067268], "median": [-8.19975280762, -7.57547521591, -8.59535503387, -9.73167705536, -10.263753891, -13.9823474884]}, "silence_rate_20dB": {"dmean": 0.00618449738249, "dmean2": 0.0123692508787, "max": 1, "dvar": 0.00614462001249, "mean": 0.994355201721, "dvar2": 0.01376207266, "min": 0, "var": 0.00561222666875, "median": 1}, "silence_rate_30dB": {"dmean": 0.011289820075, "dmean2": 0.0225801095366, "max": 1, "dvar": 0.0111591238528, "mean": 0.978956520557, "dvar2": 0.0242191944271, "min": 0, "var": 0.0205956865102, "median": 1}, "spectral_strongpeak": {"dmean": 0.271234452724, "dmean2": 0.443475306034, "max": 19.2607307434, "dvar": 0.490485280752, "mean": 0.691389739513, "dvar2": 1.22244989872, "min": 0, "var": 1.25391948223, "median": 0.330179840326}, "spectral_spread": {"dmean": 401577.125, "dmean2": 654573.5625, "max": 42044700, "dvar": 274737545216, "mean": 1981983.25, "dvar2": 618680877056, "min": 106314.539062, "var": 1882846003200.0, "median": 1724684.625}, "barkbands_flatness_db": {"dmean": 0.023673709482, "dmean2": 0.0358519256115, "max": 0.661687076092, "dvar": 0.000825544411782, "mean": 0.301125466824, "dvar2": 0.00180042663123, "min": 0.0491029880941, "var": 0.0123994685709, "median": 0.307834237814}, "pitch_salience": {"dmean": 0.0617040395737, "dmean2": 0.097737133503, "max": 0.948904752731, "dvar": 0.0049921059981, "mean": 0.51943385601, "dvar2": 0.0125808073208, "min": 0.0112810023129, "var": 0.0238712038845, "median": 0.539862990379}, "erbbands_kurtosis": {"dmean": 2.3313395977, "dmean2": 3.74876666069, "max": 248.950531006, "dvar": 37.9928703308, "mean": 3.38370943069, "dvar2": 99.9192276001, "min": -1.96806669235, "var": 80.6572341919, "median": 0.908257007599}, "average_loudness": 0.0325186811388, "barkbands_crest": {"dmean": 2.16861104965, "dmean2": 3.43865060806, "max": 26.8174629211, "dvar": 5.4345703125, "mean": 12.1309585571, "dvar2": 14.2280960083, "min": 2.50267767906, "var": 23.4290714264, "median": 11.188334465}, "hfc": {"dmean": 4.62273216248, "dmean2": 7.34359121323, "max": 496.460021973, "dvar": 240.349014282, "mean": 10.6087274551, "dvar2": 642.589050293, "min": 1.11292995664e-16, "var": 753.49230957, "median": 2.34508657455}, "barkbands_kurtosis": {"dmean": 5.18574810028, "dmean2": 8.53272247314, "max": 925.701416016, "dvar": 295.963867188, "mean": 7.91958379745, "dvar2": 781.692749023, "min": -1.96962273121, "var": 541.770141602, "median": 1.71735167503}, "erbbands": {"dmean": [0.111876934767, 0.971776425838, 2.11528754234, 3.03874087334, 2.74545025826, 3.65770554543, 4.61963653564, 6.03577756882, 5.72017669678, 7.19054079056, 6.95105838776, 6.45748806, 7.60964584351, 6.59389448166, 7.46134996414, 5.75365591049, 7.99420785904, 7.17043447495, 6.71855068207, 4.63393735886, 5.13653230667, 8.96433544159, 17.2501564026, 9.46653747559, 4.17528963089, 2.50735330582, 4.02557468414, 6.53938531876, 7.21764278412, 3.27342987061, 0.859284996986, 0.236930593848, 0.10168363899, 0.0333748459816, 0.00943894963712, 0.00271591614, 0.000696066766977, 0.000117458221212, 1.79584458238e-05, 1.02608937596e-05], "dmean2": [0.184470877051, 1.63486289978, 3.45682024956, 4.92336654663, 4.3863158226, 5.90033054352, 7.2067732811, 8.37693119049, 8.82995510101, 10.336435318, 9.75744628906, 9.16843223572, 11.2279195786, 10.1456842422, 10.9782810211, 8.77565288544, 12.5706291199, 11.6628665924, 10.8908061981, 7.29744815826, 8.23082923889, 15.6684598923, 30.5028877258, 16.3325138092, 6.97412252426, 4.19386959076, 6.72671222687, 11.0231962204, 12.1642246246, 5.49288606644, 1.44946420193, 0.392747879028, 0.168817088008, 0.0554246455431, 0.0156306866556, 0.00448487093672, 0.00115304230712, 0.000203859817702, 3.07523514493e-05, 1.6097088519e-05], "max": [31.3953456879, 269.639892578, 329.171203613, 488.448516846, 352.566436768, 365.885314941, 834.582885742, 2660.27880859, 1046.00756836, 2609.37768555, 2738.95751953, 7066.83984375, 2827.61743164, 7407.57080078, 7843.43652344, 1406.13256836, 1923.63818359, 1407.82592773, 3278.31665039, 3090.14086914, 2165.98657227, 3752.37890625, 3146.00756836, 2193.47021484, 936.27545166, 432.317840576, 811.880981445, 1421.41699219, 2053.37402344, 788.350219727, 268.42666626, 39.8364562988, 33.7928848267, 18.5358943939, 8.43046474457, 3.65354132652, 0.626548707485, 0.0458697155118, 0.0200759228319, 0.00134570337832], "dvar": [1.35566949844, 93.7944793701, 99.7023696899, 203.708328247, 163.271789551, 140.27571106, 196.613739014, 568.057128906, 448.211975098, 739.113891602, 1148.49914551, 1790.01586914, 1214.40161133, 1849.57006836, 1660.75085449, 553.880126953, 1289.79882812, 1259.57910156, 1138.73583984, 672.778137207, 524.331604004, 2909.31030273, 10856.8378906, 3182.80053711, 505.444152832, 80.5194702148, 400.081604004, 1604.19848633, 2619.81835938, 480.32434082, 32.7032356262, 1.50654935837, 0.25706705451, 0.0366357639432, 0.00368410721421, 0.000561089080293, 3.07902846544e-05, 6.60157070342e-07, 3.51253675035e-08, 2.72944333801e-09], "mean": [0.129054099321, 1.12005400658, 3.38327932358, 4.94321107864, 5.15623807907, 6.77582788467, 9.158452034, 15.4280405045, 11.3804779053, 17.2231330872, 18.5005607605, 14.8895235062, 14.606631279, 11.683262825, 17.4800491333, 11.1325836182, 14.133140564, 12.5899143219, 13.3749704361, 9.25576782227, 9.15233135223, 10.1139545441, 17.8345870972, 10.7892475128, 6.36401081085, 3.70767569542, 5.46504163742, 7.92522144318, 8.28416156769, 3.84955501556, 1.00526857376, 0.29322886467, 0.121639497578, 0.0383576266468, 0.0110507663339, 0.00336375366896, 0.000942994549405, 0.000129226464196, 2.394985313e-05, 2.248182318e-05], "dvar2": [3.45988106728, 247.565338135, 264.923095703, 546.795532227, 455.839355469, 382.796417236, 475.046112061, 932.310913086, 976.320251465, 1369.81420898, 2044.15661621, 2650.22973633, 2342.92114258, 3559.66552734, 2602.00488281, 1160.50097656, 3105.95556641, 3382.59448242, 2824.49609375, 1569.09399414, 1303.08984375, 8045.96191406, 31800.5214844, 9039.07128906, 1406.21679688, 215.411880493, 1094.86962891, 4342.65332031, 7087.16992188, 1314.91003418, 90.0041427612, 4.05110406876, 0.647617042065, 0.0915289819241, 0.00872135534883, 0.00130539631937, 7.12466571713e-05, 1.75893057985e-06, 9.36527726481e-08, 6.43349640228e-09], "min": [1.69089520378e-22, 1.64489964003e-21, 5.13172269932e-21, 1.95578180135e-20, 4.09534924077e-20, 2.38655613862e-20, 7.66160209623e-20, 1.3703204567e-19, 1.40717962479e-19, 3.01774745258e-19, 4.06507313788e-19, 5.61784004015e-19, 7.2705014091e-19, 1.07779131594e-18, 1.53316230816e-18, 1.4730018758e-18, 1.90570212218e-18, 2.80434224747e-18, 5.05542970531e-18, 4.12736366371e-18, 5.80174803632e-18, 6.59786884405e-18, 8.28973609249e-18, 1.07080300462e-17, 1.03210104355e-17, 1.18176059839e-17, 1.04871223646e-17, 1.00073849063e-17, 1.26133264362e-17, 1.35356758326e-17, 1.21286920687e-17, 1.14629407158e-17, 1.22738829457e-17, 9.1595289143e-18, 8.56367432313e-18, 5.32833561455e-18, 2.77433668434e-18, 1.01060201972e-18, 2.81235101016e-19, 2.971405305e-20], "var": [1.05101847649, 68.8625411987, 94.932182312, 193.032287598, 182.27897644, 224.80355835, 537.013427734, 4803.14501953, 1252.50463867, 4655.77832031, 7068.47119141, 12431.4775391, 4183.76708984, 4565.80224609, 13482.5839844, 1858.83435059, 3197.05273438, 2869.0769043, 5533.48583984, 2836.09204102, 1297.37536621, 3101.85424805, 10972.7431641, 3409.03393555, 791.344970703, 174.411422729, 598.379089355, 2082.86889648, 3091.61425781, 646.455322266, 41.7756347656, 2.22409749031, 0.418983012438, 0.071054585278, 0.00845391210169, 0.00127239024732, 8.61248481669e-05, 8.36962328776e-07, 3.88925442962e-08, 3.23472026942e-09], "median": [0.00260130641982, 0.0863002836704, 0.59019780159, 0.8996052742, 0.971513390541, 1.09920907021, 2.19780778885, 2.33046007156, 2.1956744194, 1.89505839348, 1.76889920235, 1.50530767441, 1.35265874863, 0.952932953835, 0.985251307487, 0.843196570873, 0.663622140884, 0.45960265398, 0.313481450081, 0.231001704931, 0.155058592558, 0.0986617654562, 0.0551558732986, 0.0442178323865, 0.0513058379292, 0.0526105985045, 0.0268911849707, 0.00712417438626, 0.00241034151986, 0.00102999608498, 0.000437803682871, 0.000215796608245, 0.000121211705846, 6.5539512434e-05, 3.6144603655e-05, 1.92190273083e-05, 7.11345091986e-06, 1.29275395011e-06, 3.89306751458e-06, 8.29376949696e-06]}, "spectral_energy": {"dmean": 0.00854456517845, "dmean2": 0.0133313341066, "max": 1.2429369688, "dvar": 0.00226240069605, "mean": 0.0189104620367, "dvar2": 0.00532118557021, "min": 1.04188382237e-20, "var": 0.00252610677853, "median": 0.00710346456617}, "zerocrossingrate": {"dmean": 0.0047387550585, "dmean2": 0.00578356487677, "max