{"tonal": {"chords_key": "F", "hpcp_entropy": {"dmean": 0.513108432293, "dmean2": 0.853037059307, "max": 4.52961397171, "dvar": 0.218307986856, "mean": 1.79065608978, "dvar2": 0.572758853436, "min": 0, "var": 0.45941773057, "median": 1.79330897331}, "key_key": "F", "chords_strength": {"dmean": 0.00705457804725, "dmean2": 0.00742754200473, "max": 0.754519402981, "dvar": 0.000377776857931, "mean": 0.522870004177, "dvar2": 0.000709235901013, "min": -1, "var": 0.0332788899541, "median": 0.542706847191}, "key_scale": "major", "chords_number_rate": 0.00148809526581, "thpcp": [1, 0.663876056671, 0.195221409202, 0.122172661126, 0.153705537319, 0.265988618135, 0.396931380033, 0.325906276703, 0.16188262403, 0.113163128495, 0.123181939125, 0.261554658413, 0.427565097809, 0.313720047474, 0.270618349314, 0.405897557735, 0.26423817873, 0.0988718569279, 0.101572290063, 0.126054883003, 0.399693280458, 0.866483747959, 0.646645128727, 0.153430730104, 0.0846709385514, 0.0689655765891, 0.109256535769, 0.190432369709, 0.165149345994, 0.0927647128701, 0.0701514333487, 0.0707062333822, 0.131471976638, 0.434314131737, 0.685282051563, 0.812934577465], "key_strength": 0.898413062096, "tuning_nontempered_energy_ratio": 0.974772810936, "tuning_frequency": 434.193115234, "chords_changes_rate": 0.0504298955202, "tuning_diatonic_strength": 0.695851683617, "chords_scale": "major", "chords_histogram": [52.5958976746, 5.96891546249, 9.72222232819, 0.0826719552279, 0.0826719552279, 0, 0, 0, 1.14087307453, 0.0165343917906, 0, 0.0165343917906, 0, 0, 0, 3.52182531357, 5.25793647766, 14.3187828064, 0.512566149235, 0.446428567171, 0, 0.975529074669, 4.00132274628, 1.33928573132], "tuning_equal_tempered_deviation": 0.22645393014, "hpcp": {"dmean": [0.0710894018412, 0.0936328172684, 0.106700070202, 0.0979157313704, 0.0902690067887, 0.0830729976296, 0.0756219103932, 0.0542608611286, 0.056289177388, 0.067155957222, 0.110908128321, 0.15053729713, 0.133404478431, 0.0657660067081, 0.0406756289303, 0.0334681347013, 0.044214617461, 0.0626819431782, 0.0589956119657, 0.042466327548, 0.0375171974301, 0.0423055328429, 0.0644403100014, 0.119936265051, 0.177173480392, 0.193447813392, 0.167773962021, 0.181060478091, 0.108654648066, 0.0752586051822, 0.0884458273649, 0.114417225122, 0.123784638941, 0.116794958711, 0.0883341729641, 0.0702481418848], "dmean2": [0.131075084209, 0.16561627388, 0.183482050896, 0.167473614216, 0.158956840634, 0.140560790896, 0.129962518811, 0.0994408875704, 0.103717707098, 0.121727697551, 0.189434990287, 0.249639034271, 0.219316661358, 0.11698397249, 0.0733647122979, 0.0595252513885, 0.0766796916723, 0.104816555977, 0.100913971663, 0.0763477087021, 0.0690084546804, 0.0791988223791, 0.116558529437, 0.209511980414, 0.314695596695, 0.337915271521, 0.283954143524, 0.313805937767, 0.199535876513, 0.140590175986, 0.16300958395, 0.202629104257, 0.210937917233, 0.20107512176, 0.161673977971, 0.131567895412], "max": [1, 1, 1, 1, 1, 1, 1, 1, 1, 1, 1, 1, 1, 1, 1, 1, 1, 1, 1, 1, 1, 1, 1, 1, 1, 1, 1, 1, 1, 1, 1, 1, 1, 1, 1, 1], "dvar": [0.0308622512966, 0.0315357297659, 0.0387495048344, 0.0306966155767, 0.0270442198962, 0.030461365357, 0.0221457611769, 0.0176299698651, 0.0210891552269, 0.0249211657792, 0.0266987904906, 0.0411714576185, 0.0288045983762, 0.0178575571626, 0.0133783128113, 0.0105581926182, 0.0128240566701, 0.0201012548059, 0.0186742451042, 0.0149715756997, 0.01383080706, 0.0174685642123, 0.0270316824317, 0.0372776426375, 0.0690784454346, 0.0501018427312, 0.0532618351281, 0.0516508109868, 0.0383331403136, 0.0305823758245, 0.039819560945, 0.0461049489677, 0.043907109648, 0.0433426722884, 0.0374376997352, 0.0319482050836], "mean": [0.0514531582594, 0.109251514077, 0.1785941571, 0.131041020155, 0.113037414849, 0.169543609023, 0.110372424126, 0.0412988252938, 0.0424267947674, 0.0526531860232, 0.166952088475, 0.361930698156, 0.270103991032, 0.0640880912542, 0.0353670939803, 0.0288069564849, 0.0456365086138, 0.0795436948538, 0.0689829662442, 0.0387478657067, 0.0293022897094, 0.029534028843, 0.0549159124494, 0.18141323328, 0.28624266386, 0.339563190937, 0.417700499296, 0.277301371098, 0.0815440788865, 0.0510315820575, 0.0642028823495, 0.111103579402, 0.165798440576, 0.136131212115, 0.0676184520125, 0.047268293798], "dvar2": [0.0869129002094, 0.0848072692752, 0.0965943709016, 0.0794862508774, 0.0754598230124, 0.0753297358751, 0.0593434907496, 0.04997568205, 0.060044657439, 0.0693578720093, 0.0729461535811, 0.0953476652503, 0.0725171044469, 0.0503912530839, 0.0370204076171, 0.0295674353838, 0.0354874059558, 0.0502678155899, 0.049572378397, 0.0420535504818, 0.0409223847091, 0.0508129298687, 0.0760740190744, 0.0983371287584, 0.183662369847, 0.141269564629, 0.124598942697, 0.13922226429, 0.10821288079, 0.0862313881516, 0.112624831498, 0.128986850381, 0.111952319741, 0.116620659828, 0.105691097677, 0.0914469510317], "min": [0, 0, 0, 0, 0, 0, 0, 0, 0, 0, 0, 0, 0, 0, 0, 0, 0, 0, 0, 0, 0, 0, 0, 0, 0, 0, 0, 0, 0, 0, 0, 0, 0, 0, 0, 0], "var": [0.0225125234574, 0.0394476726651, 0.0873742699623, 0.0518491789699, 0.0357377827168, 0.0886551514268, 0.0393544100225, 0.0119273485616, 0.0144972028211, 0.0197671409696, 0.0389834232628, 0.11780744791, 0.072291277349, 0.0150854364038, 0.0119172530249, 0.00805017724633, 0.0117656905204, 0.02893162705, 0.0217233058065, 0.0110314534977, 0.00856223981827, 0.0110217854381, 0.0212048180401, 0.0536531805992, 0.122956946492, 0.0806791484356, 0.150572583079, 0.0819230228662, 0.0284888986498, 0.0213906373829, 0.030448064208, 0.0466171056032, 0.0706486403942, 0.05510462448, 0.028497338295, 0.0209972001612], "median": [0.00438882596791, 0.0226522088051, 0.0382242798805, 0.0263862498105, 0.0214443374425, 0.0123928701505, 0.0103048514575, 0.00788784399629, 0.00553726498038, 0.00630177184939, 0.0901401489973, 0.223741203547, 0.160787835717, 0.0233071707189, 0.00408495403826, 0.00411132164299, 0.00847275089473, 0.0132181849331, 0.0135924052447, 0.00888562388718, 0.00539941806346, 0.00320056988858, 0.00752444798127, 0.0662198811769, 0.111121833324, 0.285937666893, 0.276409029961, 0.168194651604, 0.0152780357748, 0.00352947367355, 0.00378951476887, 0.0171786118299, 0.0377861075103, 0.0289238039404, 0.00799636635929, 0.0035698087886]}}, "lowlevel": {"melbands_flatness_db": {"dmean": 0.0269416887313, "dmean2": 0.0397674702108, "max": 0.522272348404, "dvar": 0.000982448807918, "mean": 0.233517453074, "dvar2": 0.00192035373766, "min": 0.00311702117324, "var": 0.00717827770859, "median": 0.225549012423}, "melbands_crest": {"dmean": 2.91360712051, "dmean2": 4.58757591248, "max": 37.2846031189, "dvar": 8.39362239838, "mean": 15.409280777, "dvar2": 18.7018680573, "min": 1.59669244289, "var": 41.9320907593, "median": 14.1764383316}, "spectral_entropy": {"dmean": 0.194998085499, "dmean2": 0.277331441641, "max": 9.83042144775, "dvar": 0.0529232434928, "mean": 7.50032186508, "dvar2": 0.102397844195, "min": 5.74923658371, "var": 0.309597909451, "median": 7.49339723587}, "melbands": {"dmean": [0.00155248073861, 0.00142490991857, 0.000487479992444, 0.000428569561336, 0.000174862259883, 0.000155154091772, 0.000153247310664, 0.000173347318196, 8.18979169708e-05, 4.99534035043e-05, 4.88123987452e-05, 3.51399976353e-05, 4.02564437536e-05, 4.77462199342e-05, 2.38854972849e-05, 2.50489410973e-05, 1.60570762091e-05, 1.42464168675e-05, 1.1729792277e-05, 7.13047847967e-06, 1.05384251583e-05, 9.76524279395e-06, 6.40378584649e-06, 4.4138391786e-06, 3.72820795747e-06, 2.66200481747e-06, 2.50823131864e-06, 2.42681744567e-06, 1.75078298525e-06, 1.59889771112e-06, 1.95983739104e-06, 1.36060509703e-06, 1.08646190711e-06, 1.0323241213e-06, 9.23060554214e-07, 9.46600891893e-07, 8.79471542703e-07, 8.71000622737e-07, 8.59688668697e-07, 1.00717466012e-06], "dmean2": [0.00235938723199, 0.00248629925773, 0.000804340234026, 0.000701062846929, 0.000270510470727, 0.000236597508774, 0.000239858243731, 0.000276249687886, 0.000122192315757, 6.98533549439e-05, 7.26339130779e-05, 5.46539340576e-05, 5.91655079916e-05, 6.88748041284e-05, 3.55645315722e-05, 3.87504624086e-05, 2.44937455136e-05, 2.25379644689e-05, 1.89726342796e-05, 1.13528167276e-05, 1.61925909197e-05, 1.58806633408e-05, 1.06384750325e-05, 7.22298864275e-06, 6.07766878602e-06, 4.38985398432e-06, 4.18937179347e-06, 4.30477984992e-06, 2.95153859042e-06, 2.65579933512e-06, 3.25239648191e-06, 2.1504210963e-06, 1.68620351815e-06, 1.66897348208e-06, 1.43682382259e-06, 1.52257769059e-06, 1.35564710035e-06, 1.30017940592e-06, 1.27007820083e-06, 1.49922345827e-06], "max": [0.144706457853, 0.0871206820011, 0.0326766967773, 0.0196188148111, 0.0126637872308, 0.0107137365267, 0.00832496676594, 0.0115555692464, 0.00674824602902, 0.00913527142256, 0.00578035227954, 0.0058124740608, 0.00311452778988, 0.00418525701389, 0.00290787941776, 0.00198022322729, 0.00162439327687, 0.000999861164019, 0.000992678571492, 0.00112510379404, 0.00208952673711, 0.00176659144927, 0.000362250109902, 0.000388664542697, 0.000203557792702, 0.000418492039898, 0.000455775065348, 0.000320123013807, 0.00012448002235, 0.000199905509362, 0.000338179990649, 0.00032601467683, 0.00028531026328, 0.000173385662492, 0.000193860862055, 0.000181309442269, 0.000152862630785, 0.000131905791932, 0.000138448638609, 0.00022247673769], "dvar": [3.8027363189e-05, 2.87270158879e-05, 1.39257110732e-06, 7.79175707066e-07, 1.68742985807e-07, 1.04865613082e-07, 2.42175190124e-07, 3.65756562815e-07, 4.76415706885e-08, 2.49147635856e-08, 2.22761489255e-08, 1.04109831867e-08, 1.07514326331e-08, 1.61743667348e-08, 5.01011632181e-09, 5.10787012686e-09, 1.85095105909e-09, 1.53700785432e-09, 1.17203446948e-09, 5.26743149099e-10, 1.7372095984e-09, 1.03782216154e-09, 3.92812171679e-10, 1.56075222191e-10, 8.2738794982e-11, 7.01747202014e-11, 9.0920125595e-11, 1.68965369474e-10, 4.68099205231e-11, 4.41103854831e-11, 1.0194099731e-10, 3.72590153175e-11, 2.41911352061e-11, 1.87189604095e-11, 1.10351320096e-11, 1.45314506955e-11, 1.15044553745e-11, 1.05009065679e-11, 9.80166902503e-12, 1.85459685803e-11], "mean": [0.00174564961344, 0.00190660962835, 0.000911608338356, 0.000821869121864, 0.000442813470727, 0.000364716630429, 0.000282165099634, 0.0003037287388, 0.000167449281435, 0.000117994241009, 9.57056035986e-05, 6.44157698844e-05, 7.94882580522e-05, 9.53492635745e-05, 4.43780809292e-05, 4.84119882458e-05, 3.08969865728e-05, 2.56511502812e-05, 2.00457252504e-05, 1.27836847241e-05, 2.05826800084e-05, 1.74150409293e-05, 1.06969664557e-05, 7.67938763602e-06, 6.59052284391e-06, 4.87354873258e-06, 4.14705027652e-06, 3.14427211379e-06, 2.64782056547e-06, 2.43478484663e-06, 2.41237580667e-06, 2.10814323509e-06, 1.78061702627e-06, 1.55823977366e-06, 1.45886053815e-06, 1.48312165038e-06, 1.50022140133e-06, 1.40004726745e-06, 1.40277290939e-06, 1.55131203883e-06], "dvar2": [8.48656418384e-05, 7.85586380516e-05, 3.56390796696e-06, 2.08025539905e-06, 3.87696928783e-07, 2.32601180983e-07, 6.33261208804e-07, 1.00664510683e-06, 1.06114995901e-07, 4.1942158191e-08, 4.89639191414e-08, 2.54392844568e-08, 2.20975984178e-08, 3.12895771515e-08, 9.87622339466e-09, 1.16129159622e-08, 4.46762582484e-09, 3.80901088448e-09, 2.89190493774e-09, 1.21261600761e-09, 3.81002696059e-09, 2.47293718836e-09, 1.05874031764e-09, 3.99409727514e-10, 2.22405885375e-10, 1.76440334565e-10, 2.4223870132e-10, 4.91041651784e-10, 1.29219579481e-10, 1.17217291429e-10, 2.65620692108e-10, 8.35655919462e-11, 5.5064900556e-11, 4.61440226307e-11, 2.39588782841e-11, 3.81909642799e-11, 2.82264055879e-11, 2.28243760697e-11, 2.04470971404e-11, 3.87264074975e-11], "min": [6.46580177418e-25, 8.42321022692e-25, 6.95695101112e-25, 1.93667304662e-24, 1.64090325806e-24, 8.33973888238e-25, 1.97922104841e-24, 1.27977476578e-24, 1.63982498381e-24, 1.56814474323e-24, 2.54563165861e-24, 2.28226748718e-24, 1.72681573267e-24, 1.63604900248e-24, 2.24032138626e-24, 2.05318306916e-24, 1.85060319427e-24, 2.25514861862e-24, 2.34197755238e-24, 3.12329911672e-24, 4.03116126721e-24, 3.70899717884e-24, 3.92512889522e-24, 2.89315585015e-24, 3.20459872718e-24, 3.02882434585e-24, 4.09106696993e-24, 5.0360552812e-24, 4.99167002237e-24, 5.16995258695e-24, 3.57823559519e-24, 4.45750863762e-24, 4.71653466572e-24, 5.56698746384e-24, 4.72955205395e-24, 4.20405078421e-24, 4.91635352745e-24, 5.91246949171e-24, 6.22896443119e-24, 5.56036537097e-24], "var": [4.24764293712e-05, 2.26774427574e-05, 1.99014584723e-06, 1.57205681717e-06, 7.29868531835e-07, 5.03783610384e-07, 3.79951416107e-07, 4.7247749535e-07, 1.53820380433e-07, 1.72265998799e-07, 7.1496984333e-08, 3.19979172048e-08, 3.80848241832e-08, 6.31389767136e-08, 1.54586636825e-08, 1.65200653157e-08, 4.64780303133e-09, 3.51986595426e-09, 2.95553159724e-09, 1.48517143028e-09, 5.23520338191e-09, 2.83912626742e-09, 6.02597249877e-10, 2.80145934228e-10, 1.84221804478e-10, 1.45475784197e-10, 1.3677604882e-10, 1.24838334115e-10, 5.59209796525e-11, 4.88466142534e-11, 1.01094875526e-10, 6.14197234738e-11, 4.80316654505e-11, 3.02603497815e-11, 1.95751678755e-11, 1.79502506609e-11, 1.98868595203e-11, 2.33126296045e-11, 2.48623101273e-11, 4.00745409079e-11], "median": [0.000274482445093, 0.000867861090228, 0.000537710089702, 0.000422437442467, 0.000161394462339, 9.63942948147e-05, 6.0795005993e-05, 6.16898105363e-05, 3.13862983603e-05, 1.41536784213e-05, 1.39422791108e-05, 9.73992337094e-06, 1.19237829495e-05, 1.12987099783e-05, 4.55357849205e-06, 4.27942950409e-06, 3.50109985447e-06, 2.64512823378e-06, 1.79560538527e-06, 1.33957644266e-06, 1.32257309815e-06, 1.59785986398e-06, 1.53762232458e-06, 1.30907699258e-06, 1.19131595966e-06, 9.99869143925e-07, 7.5121079135e-07, 4.71857759976e-07, 5.04428896875e-07, 4.55090486184e-07, 3.31401849962e-07, 3.26641384163e-07, 3.60037233804e-07, 3.09615472815e-07, 3.18093299256e-07, 3.4493206158e-07, 2.91948055064e-07, 2.038633653e-07, 1.65744836522e-07, 1.95541886683e-07]}, "silence_rate_60dB": {"dmean": 0.0248056892306, "dmean2": 0.0496154800057, "max": 1, "dvar": 0.0241865627468, "mean": 0.222984701395, "dvar2": 0.0541047565639, "min": 0, "var": 0.173245117068, "median": 0}, "spectral_energyband_middle_high": {"dmean": 0.00105797441211, "dmean2": 0.00157059996855, "max": 0.0509385988116, "dvar": 5.39643997399e-06, "mean": 0.00371066527441, "dvar2": 1.26809582071e-05, "min": 1.10104989478e-21, "var": 3.8884292735e-05, "median": 0.000824189453851}, "erbbands_skewness": {"dmean": 0.338574022055, "dmean2": 0.503941714764, "max": 4.45412302017, "dvar": 0.132437288761, "mean": 0.698449075222, "dvar2": 0.268358826637, "min": -4.72643470764, "var": 0.652941405773, "median": 0.721423089504}, "dynamic_complexity": 6.92639827728, "dissonance": {"dmean": 0.0195031259209, "dmean2": 0.0322621501982, "max": 0.500000059605, "dvar": 0.000371160364011, "mean": 0.45297139883, "dvar2": 0.000984444282949, "min": 0.218560650945, "var": 0.0010622224072, "median": 0.460235804319}, "spectral_skewness": {"dmean": 0.218451812863, "dmean2": 0.325109273195, "max": 5.41522932053, "dvar": 0.0758382230997, "mean": 1.7973818779, "dvar2": 0.150664016604, "min": -0.16352301836, "var": 0.344274103642, "median": 1.79063129425}, "spectral_kurtosis": {"dmean": 1.41038966179, "dmean2": 2.19390320778, "max": 46.1146011353, "dvar": 4.23012065887, "mean": 4.75461244583, "dvar2": 9.27418708801, "min": -1.41578900814, "var": 12.0464859009, "median": 4.20447444916}, "gfcc": {"cov": [[34267.3164063, 121.734405518, -2280.04223633, -45.130115509, -802.916931152, 315.432556152, -1600.9473877, 158.119827271, -867.006347656, -60.0279579163, -544.967529297, -235.530197144, -876.903747559], [121.734405518, 1419.47888184, -179.291885376, -53.1622047424, 23.3087024689, -34.2060775757, 88.6233673096, 5.26008939743, 14.0095911026, -80.9987869263, 80.9675827026, -30.4556293488, 35.0310668945], [-2280.04223633, -179.291885376, 810.002563477, 118.421058655, 102.43939209, 44.1145973206, 141.730545044, -4.47380113602, 55.3936386108, 41.2121620178, 36.2299575806, 30.9963493347, 67.2772216797], [-45.130115509, -53.1622047424, 118.421058655, 374.793701172, 34.7870674133, 35.5380134583, -6.55801677704, 8.15231227875, 33.9938316345, 44.3068275452, -10.8726882935, -5.08626127243, 48.9675369263], [-802.916931152, 23.3087024689, 102.43939209, 34.7870674133, 328.46270752, 10.0979709625, 72.0573654175, 3.650421381, 70.7539215088, 26.7633686066, 8.98258781433, -6.79502296448, 42.0218658447], [315.432556152, -34.2060775757, 44.1145973206, 35.5380134583, 10.0979709625, 144.82270813, 38.4602012634, 16.3795166016, -12.4956998825, 10.1890697479, -0.96053725481, -6.62503480911, -7.42818641663], [-1600.9473877, 88.6233673096, 141.730545044, -6.55801677704, 72.0573654175, 38.4602012634, 254.796661377, 25.4111232758, 69.372505188, 12.486905098, 47.3830871582, 27.1490383148, 63.1361465454], [158.119827271, 5.26008939743, -4.47380113602, 8.15231227875, 3.650421381, 16.3795166016, 25.4111232758, 95.0166397095, 22.4501628876, 5.3546795845, 2.58857250214, 4.27820062637, -7.4870300293], [-867.006347656, 14.0095911026, 55.3936386108, 33.9938316345, 70.7539215088, -12.4956998825, 69.372505188, 22.4501628876, 121.330467224, 37.8511924744, 21.9051208496, -2.54775285721, 31.1137180328], [-60.0279579163, -80.9987869263, 41.2121620178, 44.3068275452, 26.7633686066, 10.1890697479, 12.486905098, 5.3546795845, 37.8511924744, 87.3500900269, 14.2003746033, 7.23841428757, 15.0521669388], [-544.967529297, 80.9675827026, 36.2299575806, -10.8726882935, 8.98258781433, -0.96053725481, 47.3830871582, 2.58857250214, 21.9051208496, 14.2003746033, 84.245513916, 24.8952484131, 11.646645546], [-235.530197144, -30.4556293488, 30.9963493347, -5.08626127243, -6.79502296448, -6.62503480911, 27.1490383148, 4.27820062637, -2.54775285721, 7.23841428757, 24.8952484131, 85.262512207, 42.913230896], [-876.903747559, 35.0310668945, 67.2772216797, 48.9675369263, 42.0218658447, -7.42818641663, 63.1361465454, -7.4870300293, 31.1137180328, 15.0521669388, 11.646645546, 42.913230896, 107.026344299]], "mean": [-65.64012146, 87.0513839722, -78.9627609253, 24.5727787018, -55.8526496887, 14.9725399017, -38.4921455383, 11.5145950317, -29.7410144806, 5.07144880295, -15.9096794128, 4.57020187378, -14.3854408264], "icov": [[7.09507221472e-05, -6.23881569481e-05, 0.00011484551942, -4.87094839627e-05, 1.01550529052e-06, -0.000191687780898, 0.000259023741819, -0.000155125773745, 0.000254925427726, -0.000253538484685, 0.000306744535919, -0.000216992557398, 0.000389655004255], [-6.23881569481e-05, 0.000976038340013, 0.000165113422554, 2.3928912924e-05, -5.67241877434e-05, 0.000333465606673, -0.000464121549157, -1.20499944387e-05, -0.000110139335447, 0.00119774020277, -0.00150663056411, 0.00115779379848, -0.00106372009031], [0.00011484551942, 0.000165113422554, 0.0017602200387, -0.000508103810716, -0.000256898725638, -0.00045306654647, -0.00034545554081, 6.85203704052e-05, 0.000450011924841, -0.00038867330295, -1.4712743905e-05, -0.000377432588721, 0.000367693806766], [-4.87094839627e-05, 2.3928912924e-05, -0.000508103810716, 0.00344129046425, 7.61473493185e-05, -0.000853376754094, 0.000902989821043, -0.000357262470061, -0.000752185354941, -0.000922274135519, 0.000151163316332, 0.00117868732195, -0.00244949827902], [1.01550529052e-06, -5.67241877434e-05, -0.000256898725638, 7.61473493185e-05, 0.0037072438281, -0.000301500025671, -0.000295684178127, 0.000261723209405, -0.0016725192545, -0.000271483149845, 0.000318877369864, 0.000796634180006, -0.00095995067386], [-0.000191687780898, 0.000333465606673, -0.00045306654647, -0.000853376754094, -0.000301500025671, 0.0090028885752, -0.002998001175, -0.000916112330742, 0.00230834400281, -0.000735065550543, -0.000597484700847, 0.00151833810378, 0.000331773451762], [0.000259023741819, -0.000464121549157, -0.00034545554081, 0.000902989821043, -0.000295684178127, -0.002998001175, 0.00788836646825, -0.00170726515353, -0.00197215517983, 0.000273491896223, -0.00104073947296, -0.000821057648864, -0.00180933438241], [-0.000155125773745, -1.20499944387e-05, 6.85203704052e-05, -0.000357262470061, 0.000261723209405, -0.000916112330742, -0.00170726515353, 0.0124868731946, -0.00359866744839, 0.000782080169301, 0.000581045052968, -0.00210593664087, 0.00228498852812], [0.000254925427726, -0.000110139335447, 0.000450011924841, -0.000752185354941, -0.0016725192545, 0.00230834400281, -0.00197215517983, -0.00359866744839, 0.0152559336275, -0.00558123411611, -0.000884103239514, 0.00290320976637, -0.000803426548373], [-0.000253538484685, 0.00119774020277, -0.00038867330295, -0.000922274135519, -0.000271483149845, -0.000735065550543, 0.000273491896223, 0.000782080169301, -0.00558123411611, 0.0165520254523, -0.00403049448505, 0.000352014583768, -0.0022620188538], [0.000306744535919, -0.00150663056411, -1.4712743905e-05, 0.000151163316332, 0.000318877369864, -0.000597484700847, -0.00104073947296, 0.000581045052968, -0.000884103239514, -0.00403049448505, 0.0181075390428, -0.00691315950826, 0.0050597069785], [-0.000216992557398, 0.00115779379848, -0.000377432588721, 0.00117868732195, 0.000796634180006, 0.00151833810378, -0.000821057648864, -0.00210593664087, 0.00290320976637, 0.000352014583768, -0.00691315950826, 0.0195660647005, -0.0103156622499], [0.000389655004255, -0.00106372009031, 0.000367693806766, -0.00244949827902, -0.00095995067386, 0.000331773451762, -0.00180933438241, 0.00228498852812, -0.000803426548373, -0.0022620188538, 0.0050597069785, -0.0103156622499, 0.0195382069796]]}, "spectral_complexity": {"dmean": 1.96262609959, "dmean2": 3.10394454002, "max": 61, "dvar": 8.11168003082, "mean": 11.8696985245, "dvar2": 16.9688243866, "min": 0, "var": 100.689323425, "median": 9}, "spectral_flux": {"dmean": 0.0233781710267, "dmean2": 0.0367324054241, "max": 0.561089158058, "dvar": 0.0020105226431, "mean": 0.0650484263897, "dvar2": 0.00441454024985, "min": 6.27555160615e-11, "var": 0.00430544372648, "median": 0.0491649918258}, "spectral_energyband_low": {"dmean": 0.00753269903362, "dmean2": 0.0118308570236, "max": 0.473448514938, "dvar": 0.000719881849363, "mean": 0.0105493934825, "dvar2": 0.00169070076663, "min": 8.8007389402e-24, "var": 0.000792337057646, "median": 0.00397262303159}, "spectral_decrease": {"dmean": 2.60909116534e-09, "dmean2": 4.03579836217e-09, "max": 1.48334486463e-19, "dvar": 5.38299198711e-17, "mean": -6.19036244487e-09, "dvar2": 1.26251068117e-16, "min": -1.30949757704e-07, "var": 8.13545698208e-17, "median": -3.50593931664e-09}, "barkbands_spread": {"dmean": 5.95035743713, "dmean2": 9.09911155701, "max": 125.951904297, "dvar": 103.226753235, "mean": 19.0591030121, "dvar2": 217.135223389, "min": 0.597942829132, "var": 289.449615479, "median": 14.3912401199}, "spectral_rms": {"dmean": 0.000730598345399, "dmean2": 0.00108595006168, "max": 0.0221900455654, "dvar": 2.05479500437e-06, "mean": 0.0040529537946, "dvar2": 4.3968952923e-06, "min": 3.13759782045e-12, "var": 7.8647317423e-06, "median": 0.00370297650807}, "spectral_centroid": {"dmean": 211.872314453, "dmean2": 322.696960449, "max": 11860.8994141, "dvar": 118888.367188, "mean": 1074.18359375, "dvar2": 238863.796875, "min": 158.955429077, "var": 1634612.5, "median": 779.491943359}, "barkbands_skewness": {"dmean": 0.666020750999, "dmean2": 0.989771068096, "max": 18.786813736, "dvar": 0.917863368988, "mean": 2.41144418716, "dvar2": 1.72231888771, "min": -3.93129754066, "var": 3.65849065781, "median": 2.13076090813}, "spectral_rolloff": {"dmean": 468.814910889, "dmean2": 789.229492188, "max": 19939.7460938, "dvar": 1699399, "mean": 1328.29382324, "dvar2": 3898831.5, "min": 43.06640625, "var": 6812846, "median": 559.86328125}, "erbbands_spread": {"dmean": 9.91911697388, "dmean2": 14.7213764191, "max": 164.039138794, "dvar": 160.937423706, "mean": 43.5594825745, "dvar2": 342.800994873, "min": 4.05370378494, "var": 507.703063965, "median": 38.7566680908}, "barkbands": {"dmean": [0.000481070805108, 0.00538800517097, 0.00219718762673, 0.000878887542058, 0.0017935509095, 0.000673922069836, 0.00080637895735, 0.000720728654414, 0.000331362709403, 0.000324033491779, 0.000225113341003, 0.000420577242039, 0.000245228060521, 0.00016806081112, 0.0001588233863, 0.000140341187944, 0.000139614567161, 0.000103836449853, 8.02645154181e-05, 6.8160421506e-05, 7.20402385923e-05, 5.73785182496e-05, 5.58692554478e-05, 6.70407025609e-05, 0.000126472121337, 7.94560473878e-05, 2.43402519118e-05], "dmean2": [0.000729228311684, 0.00851709675044, 0.00383664108813, 0.00142199883703, 0.0029024395626, 0.00104444590397, 0.00129128969274, 0.00110310048331, 0.00047728442587, 0.000498614273965, 0.00034512009006, 0.000605599896517, 0.000378210970666, 0.000260410190094, 0.000257296458585, 0.000218635163037, 0.000226295887842, 0.000170960789546, 0.000130709100631, 0.000119067051855, 0.000119272357551, 8.70990988915e-05, 8.74077450135e-05, 9.89638720057e-05, 0.000185328899533, 0.00011923443526, 3.7137655454e-05], "max": [0.0254940874875, 0.440539866686, 0.149628251791, 0.0604283921421, 0.0737911984324, 0.0434719212353, 0.0481345951557, 0.0501788817346, 0.0464514456689, 0.0307759288698, 0.0207654926926, 0.0365002900362, 0.0181877240539, 0.01363239903, 0.0143818026409, 0.0216294098645, 0.0267458744347, 0.0072758635506, 0.00792204216123, 0.00770738581195, 0.00965908356011, 0.00997972488403, 0.00886534154415, 0.0082684783265, 0.0214332323521, 0.00403786590323, 0.000991667271592], "dvar": [3.82354301109e-06, 0.000436123256804, 6.58311182633e-05, 4.11224436903e-06, 1.2816916751e-05, 1.96418113774e-06, 8.40972006699e-06, 4.02978457714e-06, 1.0147955436e-06, 8.25279300898e-07, 3.67581833416e-07, 1.19381320474e-06, 4.73399865086e-07, 2.10120632005e-07, 2.20506208848e-07, 2.61383206634e-07, 2.13480959133e-07, 8.50180867928e-08, 4.48673560527e-08, 1.15920769872e-07, 1.11865332997e-07, 5.25530232665e-08, 4.25944257643e-08, 5.75533434244e-08, 2.1297265107e-07, 5.31502664103e-08, 6.75280942275e-09], "mean": [0.00049853004748, 0.00633371016011, 0.00312885874882, 0.00151906337123, 0.00385211058892, 0.00160391558893, 0.00130001420621, 0.00136740342714, 0.000749384984374, 0.000597307342105, 0.000397951254854, 0.000854208890814, 0.000476510729641, 0.000278613966657, 0.000264582748059, 0.00026194495149, 0.000250963057624, 0.000181342082215, 0.000158306065714, 9.93801440927e-05, 0.000104953658592, 9.90549451672e-05, 9.06704663066e-05, 0.000118278665468, 0.000187097088201, 0.000102272824734, 2.20415986405e-05], "dvar2": [8.22136735223e-06, 0.00103354570456, 0.00018052435189, 1.02346730273e-05, 3.37436686095e-05, 4.46324020231e-06, 2.27630753216e-05, 1.01657078631e-05, 1.85645819784e-06, 1.96194855562e-06, 8.02726447091e-07, 2.23156825996e-06, 1.05765718672e-06, 5.17646583376e-07, 5.40841767815e-07, 5.82191262311e-07, 4.97283224377e-07, 2.23580912007e-07, 1.16212476087e-07, 3.32651154622e-07, 2.99662531233e-07, 1.11407871373e-07, 1.00837645789e-07, 1.30634688844e-07, 4.5660524961e-07, 1.24149522662e-07, 1.51870089837e-08], "min": [1.83407843185e-25, 2.10095964102e-24, 3.91071581484e-25, 2.79385763858e-25, 8.99776089559e-24, 2.45454741191e-24, 8.79825876152e-24, 6.057442799e-24, 9.95783064965e-24, 1.77222540627e-23, 1.16010941795e-23, 1.41357563328e-23, 2.53683215187e-23, 2.47460554149e-23, 2.62296676971e-23, 4.75676751852e-23, 5.962767973e-23, 6.16177107366e-23, 7.62634688002e-23, 1.72734209222e-22, 2.12146154431e-22, 2.51887275518e-22, 3.80706166126e-22, 5.30191319184e-22, 8.03729254588e-22, 1.28068884573e-21, 1.9123755391e-21], "var": [4.23223582402e-06, 0.000455518456874, 5.16383588547e-05, 6.51557911624e-06, 3.29549948219e-05, 9.4309425549e-06, 1.06173338281e-05, 9.29811358219e-06, 6.14404689259e-06, 2.14833539758e-06, 1.1575471035e-06, 4.98624876855e-06, 1.49967252128e-06, 4.33958092572e-07, 5.52060612335e-07, 7.71698580593e-07, 5.90415083934e-07, 1.46519738564e-07, 1.11888475374e-07, 9.93482700551e-08, 1.1241132114e-07, 1.21338587178e-07, 6.93427040233e-08, 1.29569997398e-07, 4.02083458084e-07, 7.34735294827e-08, 7.33499128103e-09], "median": [5.0199800171e-05, 0.00103687681258, 0.0017144997837, 0.000696314382367, 0.00189015141223, 0.000443795666797, 0.000201487840968, 0.000232502556173, 9.26862921915e-05, 8.98985526874e-05, 5.269144458e-05, 9.98170507955e-05, 4.50073093816e-05, 3.17829435517e-05, 2.27084947255e-05, 1.94249951164e-05, 2.62851499429e-05, 3.14703393087e-05, 2.95202989946e-05, 1.7824675524e-05, 1.94433014258e-05, 1.86185952771e-05, 2.1056004698e-05, 2.20883266593e-05, 2.70573691523e-05, 1.40962192745e-05, 4.32010892837e-07]}, "melbands_kurtosis": {"dmean": 15.3523101807, "dmean2": 22.2775859833, "max": 1223.63452148, "dvar": 2177.95092773, "mean": 29.6994762421, "dvar2": 3716.44116211, "min": -1.85435938835, "var": 4203.4140625, "median": 13.9097557068}, "erbbands_crest": {"dmean": 2.11047506332, "dmean2": 3.35165429115, "max": 28.4484786987, "dvar": 4.02583122253, "mean": 8.35324478149, "dvar2": 9.8526096344, "min": 1.9264497757, "var": 12.6879692078, "median": 7.71494150162}, "melbands_skewness": {"dmean": 0.874537825584, "dmean2": 1.27393615246, "max": 28.1350536346, "dvar": 1.5920869112, "mean": 3.46468496323, "dvar2": 2.82020330429, "min": -0.798943638802, "var": 6.03346300125, "median": 2.95238614082}, "spectral_energyband_middle_low": {"dmean": 0.0033509277273, "dmean2": 0.00526604568586, "max": 0.170428857207, "dvar": 4.53896354884e-05, "mean": 0.0106173418462, "dvar2": 0.000112072317279, "min": 1.48719478353e-22, "var": 0.000155693793204, "median": 0.00659831799567}, "spectral_contrast_coeffs": {"dmean": [0.0440286658704, 0.0402681604028, 0.0341385602951, 0.026655530557, 0.0196321941912, 0.0151548767462], "dmean2": [0.0726738795638, 0.0650057569146, 0.0542427152395, 0.0428463071585, 0.0314567498863, 0.0239368174225], "max": [-0.36260253191, -0.443065702915, -0.359605818987, -0.553351402283, -0.58708691597, -0.620537102222], "dvar": [0.00145614915527, 0.00116510631051, 0.000870401505381, 0.000504369440023, 0.000292336539133, 0.000187533427379], "mean": [-0.65676510334, -0.723633646965, -0.766590118408, -0.791343927383, -0.81085062027, -0.809304594994], "dvar2": [0.00390740530565, 0.00300758006051, 0.00204513571225, 0.00121847202536, 0.000680773810018, 0.000442564545665], "min": [-0.977746665478, -0.981149613857, -0.987546086311, -0.973661780357, -0.967446386814, -0.965148806572], "var": [0.00932450499386, 0.00737970601767, 0.00583532545716, 0.00475001335144, 0.00305956951343, 0.00121371843852], "median": [-0.650642096996, -0.72943598032, -0.773002207279, -0.799099862576, -0.813442111015, -0.809122622013]}, "spectral_contrast_valleys": {"dmean": [0.361459165812, 0.325441718102, 0.310568600893, 0.281355887651, 0.281827688217, 0.355808138847], "dmean2": [0.596013128757, 0.523472726345, 0.498396664858, 0.439175903797, 0.408008009195, 0.456037253141], "max": [-4.7064743042, -4.40889358521, -5.03700017929, -5.69937229156, -5.24036836624, -7.15694713593], "dvar": [0.123807527125, 0.0977563858032, 0.0953672155738, 0.099878102541, 0.142232581973, 0.205208659172], "mean": [-7.61139202118, -7.57272577286, -8.29211425781, -8.83887004852, -8.65754032135, -10.6404285431], "dvar2": [0.281868219376, 0.217239290476, 0.21146248281, 0.197143569589, 0.272856354713, 0.379076391459], "min": [-28.367855072, -28.1642627716, -27.8719730377, -27.7176952362, -27.4357776642, -27.3960475922], "var": [6.35568284988, 6.44480800629, 6.14516639709, 6.05349397659, 6.01009845734, 5.53979253769], "median": [-7.2026758194, -7.17769432068, -7.92103099823, -8.43368053436, -8.24488544464, -10.1906728745]}, "silence_rate_20dB": {"dmean": 0.000496113789268, "dmean2": 0.000992309651338, "max": 1, "dvar": 0.000495941319969, "mean": 0.999751985073, "dvar2": 0.00148777419236, "min": 0, "var": 0.000247970601777, "median": 1}, "silence_rate_30dB": {"dmean": 0.0339011065662, "dmean2": 0.0678078234196, "max": 1, "dvar": 0.0327537171543, "mean": 0.966597795486, "dvar2": 0.076600253582, "min": 0, "var": 0.0322892405093, "median": 1}, "spectral_strongpeak": {"dmean": 0.323488235474, "dmean2": 0.544700264931, "max": 14.4760560989, "dvar": 0.55114030838, "mean": 0.640042722225, "dvar2": 1.42215144634, "min": 0, "var": 0.99140805006, "median": 0.30626142025}, "spectral_spread": {"dmean": 842033.0625, "dmean2": 1179315.75, "max": 49287556, "dvar": 1347127738370.0, "mean": 6337494, "dvar2": 2803362168830.0, "min": 1695250.125, "var": 18227904118800.0, "median": 5661499.5}, "barkbands_flatness_db": {"dmean": 0.0223961621523, "dmean2": 0.0330573245883, "max": 0.383991867304, "dvar": 0.000619804486632, "mean": 0.144850581884, "dvar2": 0.00120278587565, "min": 0.0174650419503, "var": 0.00393888913095, "median": 0.136686742306}, "pitch_salience": {"dmean": 0.0649158582091, "dmean2": 0.103629425168, "max": 0.931353747845, "dvar": 0.00388362258673, "mean": 0.533718645573, "dvar2": 0.00896895583719, "min": 0.0410138107836, "var": 0.016500769183, "median": 0.547978937626}, "erbbands_kurtosis": {"dmean": 1.01397180557, "dmean2": 1.55860042572, "max": 29.7878379822, "dvar": 1.94556605816, "mean": 1.11565506458, "dvar2": 4.30360651016, "min": -1.77493989468, "var": 5.54174900055, "median": 0.41611790657}, "average_loudness": 0.527068436146, "barkbands_crest": {"dmean": 2.21899652481, "dmean2": 3.56312990189, "max": 24.9831199646, "dvar": 4.71480798721, "mean": 10.4494504929, "dvar2": 11.1767835617, "min": 2.50443506241, "var": 17.1336708069, "median": 9.72401618958}, "hfc": {"dmean": 6.26260519028, "dmean2": 9.13415527344, "max": 324.233978271, "dvar": 267.433166504, "mean": 16.9187259674, "dvar2": 626.849975586, "min": 1.09060130788e-16, "var": 678.446044922, "median": 6.81679201126}, "barkbands_kurtosis": {"dmean": 6.71293926239, "dmean2": 10.1260490417, "max": 438.623596191, "dvar": 378.995361328, "mean": 12.8241472244, "dvar2": 714.465209961, "min": -1.90503013134, "var": 787.738464355, "median": 5.73052167892}, "erbbands": {"dmean": [0.195272624493, 1.14067733288, 2.65104985237, 2.35882878304, 5.41044139862, 6.45179510117, 4.19581079483, 7.52083730698, 9.61104774475, 15.1273488998, 11.0462188721, 7.81867837906, 9.51858711243, 8.31312179565, 14.6603794098, 11.6261844635, 10.6198692322, 7.88787460327, 8.38020610809, 4.78416490555, 8.40152931213, 7.73058509827, 5.84937953949, 4.12730026245, 3.60135507584, 3.48691248894, 2.60360741615, 3.10372614861, 2.18290495872, 1.8230535984, 1.58530724049, 1.41001951694, 1.17630314827, 1.11229002476, 0.959554135799, 0.508635163307, 0.118277050555, 0.0334972217679, 0.00459677306935, 0.000120399447042], "dmean2": [0.292261838913, 1.95088553429, 4.65770483017, 3.94335913658, 8.9653377533, 10.3470172882, 6.36104774475, 11.5192270279, 14.8080453873, 24.3706092834, 16.6666355133, 10.9372549057, 14.1339673996, 12.8016853333, 21.4578380585, 16.8348197937, 16.3012275696, 12.0207967758, 13.3352231979, 7.73418188095, 12.939904213, 12.455245018, 9.62642860413, 6.67497587204, 5.95428705215, 6.12568235397, 4.32555389404, 5.12633323669, 3.37716364861, 2.86965179443, 2.45857906342, 2.18085289001, 1.70737457275, 1.61365008354, 1.41807937622, 0.776721119881, 0.17605791986, 0.0500368103385, 0.00710214721039, 0.000188041187357], "max": [18.7489356995, 75.1661834717, 164.05078125, 235.71484375, 273.812011719, 267.739105225, 385.309143066, 557.274963379, 528.989807129, 1109.06506348, 798.564697266, 1491.54382324, 1139.59521484, 1504.39685059, 1387.22302246, 1288.89428711, 995.279907227, 708.416870117, 660.231994629, 315.1980896, 1300.80908203, 1130.39904785, 444.199066162, 276.395599365, 611.777832031, 435.806640625, 187.271362305, 567.938903809, 433.717071533, 385.157867432, 267.29864502, 292.915588379, 161.388320923, 233.254272461, 150.763641357, 35.7915687561, 3.72804379463, 1.04014134407, 0.196172311902, 0.00511465128511], "dvar": [0.660652220249, 20.9081859589, 97.357711792, 46.6642799377, 139.438278198, 164.828613281, 115.194847107, 259.520385742, 841.505187988, 3327.58911133, 865.076293945, 588.519897461, 838.33404541, 612.653991699, 1667.32385254, 1014.63153076, 1006.7869873, 413.819030762, 549.439331055, 180.469329834, 894.128051758, 574.22467041, 297.168762207, 105.660263062, 146.953384399, 322.739562988, 102.11806488, 250.505950928, 82.9157867432, 58.4140052795, 30.1341152191, 32.4358139038, 17.8767795563, 20.5177726746, 11.7196960449, 3.02002191544, 0.104578197002, 0.0101255653426, 0.000253371224971, 1.46582053162e-07], "mean": [0.200343236327, 1.32965314388, 3.63785171509, 4.27757120132, 9.26236534119, 12.8310976028, 10.7687425613, 17.6070919037, 18.3046302795, 25.4747562408, 22.4991416931, 19.1862449646, 19.5327701569, 16.3443241119, 29.5292167664, 24.6938972473, 21.2637825012, 17.0233440399, 15.8102664948, 9.81363105774, 16.7923774719, 15.1657772064, 10.834815979, 8.06579208374, 6.70635128021, 5.04301929474, 4.26873683929, 4.17859601974, 3.61603426933, 2.95403909683, 2.6199285984, 2.43451094627, 2.01079773903, 1.79159808159, 1.36159622669, 0.650888562202, 0.149536013603, 0.0346943773329, 0.00405789446086, 0.000125664344523], "dvar2": [1.45252931118, 55.6693840027, 267.959716797, 116.732910156, 382.057220459, 422.966552734, 257.876220703, 569.738342285, 2122.60595703, 9269.44042969, 2026.49865723, 998.603759766, 1838.80505371, 1487.8326416, 3307.01953125, 1989.05883789, 2238.82495117, 988.200378418, 1358.51184082, 441.092041016, 1987.78149414, 1395.90661621, 788.229858398, 279.02947998, 374.49407959, 932.124450684, 276.967102051, 657.394836426, 180.015945435, 140.179656982, 68.0025100708, 82.5879821777, 37.1126251221, 42.2001914978, 25.2144908905, 7.34437274933, 0.235017642379, 0.0228732265532, 0.000577738042921, 3.42096114991e-07], "min": [8.29682437582e-23, 3.13571351545e-22, 8.26900560621e-22, 3.39940939501e-21, 1.15493509752e-20, 3.16808817515e-20, 4.2267252322e-20, 5.47890445802e-20, 9.98896522253e-20, 1.07824479186e-19, 2.37427331432e-19, 2.56663804318e-19, 5.52845593713e-19, 6.90708374287e-19, 7.88032997594e-19, 9.10615219014e-19, 1.63013972241e-18, 1.27755584746e-18, 1.64427262016e-18, 2.51611695329e-18, 3.95047233049e-18, 4.0715786032e-18, 4.84940548451e-18, 4.79607673682e-18, 6.33133387989e-18, 8.43731173121e-18, 9.45938767661e-18, 8.40685824978e-18, 9.38499105232e-18, 1.11894706694e-17, 1.0669141804e-17, 8.99829156058e-18, 9.71097300556e-18, 7.34088548363e-18, 5.73940095201e-18, 4.02641412817e-18, 2.30010866249e-18, 1.00412819406e-18, 2.42014073778e-19, 2.71293139685e-20], "var": [0.7257771492, 17.5960216522, 74.1062393188, 57.9770774841, 223.863021851, 439.185791016, 466.766967773, 1246.95776367, 1480.26660156, 3616.91479492, 2513.60864258, 4251.11425781, 2783.02539063, 2027.23205566, 5990.70800781, 3911.74194336, 2878.9453125, 1274.32324219, 1444.87060547, 505.77053833, 2870.89086914, 1567.57177734, 515.510070801, 246.336196899, 293.030792236, 264.69720459, 126.228904724, 247.785507202, 163.605453491, 107.702880859, 53.2884674072, 50.0209236145, 44.9847564697, 47.7425384521, 19.8069572449, 3.64077973366, 0.151196718216, 0.0119824325666, 0.000266115675913, 1.52048329483e-07], "median": [0.0226659942418, 0.266939342022, 1.89512789249, 2.4600610733, 4.61728096008, 5.15137290955, 3.8396935463, 4.83279561996, 4.25315475464, 5.51115608215, 4.65106248856, 2.66494870186, 3.03917884827, 2.63427495956, 4.40446376801, 2.93566298485, 2.34260058403, 2.1013302803, 1.64714622498, 1.18394553661, 1.25258255005, 1.64194536209, 1.84883093834, 1.63101506233, 1.36624336243, 0.855301737785, 0.870043754578, 0.669078111649, 0.641859292984, 0.622988700867, 0.610514223576, 0.521778464317, 0.309812456369, 0.239325165749, 0.201334446669, 0.0929423496127, 0.0178711004555, 0.00213368446566, 8.07762917248e-05, 2.40480130742e-05]}, "spectral_energy": {"dmean": 0.0102542620152, "dmean2": 0.0158140193671, "max": 0.504708111286, "dvar": 0.000803695351351, "mean": 0.0248984880745, "dvar2": 0.00188214227092, "min": 1.00906325053e-20, "var": 0.00126054987777, "median": 0.014054835774}, "zerocrossingrate": {"dmean": 0.012536522001, "dmean2": 0.0143766989931, "max": 0.53173828125, "dvar": 0.000299103354337, "mean": 0.060751914978, "dvar2": 0.000346370477928, "min": 0.00146484375, "var": 0.00434411689639, "median": 0.0458984375}, "spectral_energyband_high": {"dme