{"tonal": {"chords_key": "D", "hpcp_entropy": {"dmean": 0.588887095451, "dmean2": 0.991984903812, "max": 4.60654163361, "dvar": 0.224051594734, "mean": 2.66225624084, "dvar2": 0.639710366726, "min": 0.0356545709074, "var": 0.44203209877, "median": 2.69994711876}, "key_key": "D", "chords_strength": {"dmean": 0.00802294071764, "dmean2": 0.008694303222, "max": 0.718278944492, "dvar": 4.01165307267e-05, "mean": 0.501016497612, "dvar2": 5.44144822925e-05, "min": 0.299333810806, "var": 0.00743751320988, "median": 0.49786478281}, "key_scale": "minor", "chords_number_rate": 0.00314341858029, "thpcp": [1, 0.931541979313, 0.40816450119, 0.221985861659, 0.199768126011, 0.200179129839, 0.25314438343, 0.268143683672, 0.577025353909, 0.9346165061, 0.623037159443, 0.251828283072, 0.284997820854, 0.326466441154, 0.294728964567, 0.342548400164, 0.375235527754, 0.311830818653, 0.285367965698, 0.283991515636, 0.350549608469, 0.424898743629, 0.312309086323, 0.216093122959, 0.236452355981, 0.288370400667, 0.28051546216, 0.200195536017, 0.162505492568, 0.176692992449, 0.186767905951, 0.19923633337, 0.212617054582, 0.19644318521, 0.260079085827, 0.528201043606], "key_strength": 0.562139928341, "tuning_nontempered_energy_ratio": 0.771694004536, "tuning_frequency": 434.193115234, "chords_changes_rate": 0.0361493118107, "tuning_diatonic_strength": 0.397884756327, "chords_scale": "minor", "chords_histogram": [64.8330078125, 2.43614935875, 0.471512764692, 0, 0, 2.90766215324, 0, 0.196463659406, 0.314341843128, 0, 1.25736737251, 0, 0, 0, 0, 1.80746567249, 0.353634566069, 1.13948917389, 0.785854637623, 0, 0, 0, 2.94695472717, 20.5500984192], "tuning_equal_tempered_deviation": 0.16421598196, "hpcp": {"dmean": [0.133700057864, 0.108477130532, 0.0933571383357, 0.0953949317336, 0.107340745628, 0.101188212633, 0.0755290538073, 0.0695244073868, 0.0743382796645, 0.082007445395, 0.0822377204895, 0.0878046527505, 0.0950731784105, 0.136824607849, 0.21162301302, 0.221016392112, 0.200283318758, 0.176811531186, 0.110823348165, 0.0968253239989, 0.0875113084912, 0.102572828531, 0.105918236077, 0.132556825876, 0.161616578698, 0.134474441409, 0.0988903194666, 0.107731468976, 0.116703309119, 0.114671200514, 0.134299650788, 0.13459841907, 0.115051656961, 0.117885097861, 0.115353122354, 0.127415448427], "dmean2": [0.220049336553, 0.184408560395, 0.163748815656, 0.162281945348, 0.184465914965, 0.173032790422, 0.130191579461, 0.121354304254, 0.126896992326, 0.140927657485, 0.141205266118, 0.150631353259, 0.168468609452, 0.240080267191, 0.344344049692, 0.374326467514, 0.342769652605, 0.297461479902, 0.196369245648, 0.168280243874, 0.15412569046, 0.178197443485, 0.17942327261, 0.220751926303, 0.264012008905, 0.220485314727, 0.168822169304, 0.179907485843, 0.19227001071, 0.194459721446, 0.229673609138, 0.224663212895, 0.195841625333, 0.203266173601, 0.196663498878, 0.215566188097], "max": [1, 1, 1, 1, 1, 1, 1, 1, 1, 1, 1, 1, 1, 1, 1, 1, 1, 1, 1, 1, 1, 1, 1, 1, 1, 1, 1, 1, 1, 1, 1, 1, 1, 1, 1, 1], "dvar": [0.0277646053582, 0.0239856969565, 0.0240756031126, 0.0246101617813, 0.0275501701981, 0.0241091735661, 0.0182757005095, 0.0172712933272, 0.0177439209074, 0.0213153101504, 0.0200227312744, 0.0232627615333, 0.0277724508196, 0.0403106547892, 0.046661503613, 0.0526017248631, 0.0469827502966, 0.0376776196063, 0.0313028804958, 0.025672564283, 0.0244112722576, 0.0271088350564, 0.0252299364656, 0.0252376720309, 0.0315042696893, 0.0235460028052, 0.0193735603243, 0.0226169489324, 0.0265987738967, 0.0266708880663, 0.0340583622456, 0.0318607576191, 0.0265080425888, 0.0291365794837, 0.0282126702368, 0.0281406641006], "mean": [0.238486111164, 0.175292059779, 0.121288210154, 0.132715389132, 0.161855816841, 0.15744702518, 0.11236525327, 0.0912106782198, 0.0991738066077, 0.104828625917, 0.111826874316, 0.119337171316, 0.110259138048, 0.145976543427, 0.296467363834, 0.561277508736, 0.522853553295, 0.229093551636, 0.124595671892, 0.112125359476, 0.112356044352, 0.142084255815, 0.150503024459, 0.323871344328, 0.524579226971, 0.349696755409, 0.14134554565, 0.15996286273, 0.183238267899, 0.165424734354, 0.192264720798, 0.210611268878, 0.175023630261, 0.160170614719, 0.159398049116, 0.196755602956], "dvar2": [0.073110640049, 0.0662461221218, 0.0690501406789, 0.067830786109, 0.0773547962308, 0.0660377889872, 0.0525414943695, 0.0496849045157, 0.0488972440362, 0.0605199933052, 0.0578708015382, 0.0651056319475, 0.0789350569248, 0.110851816833, 0.114316239953, 0.122290946543, 0.121884413064, 0.0971078500152, 0.0859928801656, 0.0693509206176, 0.0662899687886, 0.0754543989897, 0.0681495815516, 0.0685620307922, 0.078815124929, 0.0605148226023, 0.053348518908, 0.0616534166038, 0.0677428990602, 0.0730998590589, 0.0941057130694, 0.0880051031709, 0.0713846981525, 0.0810199603438, 0.0745152682066, 0.074619024992], "min": [0, 0, 0, 0, 0, 0, 0, 0, 0, 0, 0, 0, 0, 0, 0, 0, 0, 0, 0, 0, 0, 0, 0, 0, 0, 0, 0, 0, 0, 0, 0, 0, 0, 0, 0, 0], "var": [0.0586450248957, 0.040414813906, 0.0358435325325, 0.0395686253905, 0.0456706732512, 0.0396356135607, 0.0239744912833, 0.0219580233097, 0.0257772058249, 0.0284927282482, 0.0265798624605, 0.0298241972923, 0.0316439531744, 0.0459901578724, 0.074896812439, 0.122768245637, 0.123308978975, 0.0474997125566, 0.0316633097827, 0.0288310497999, 0.0356294810772, 0.0400000959635, 0.0376178361475, 0.0479613691568, 0.10892046243, 0.0540380328894, 0.0285511929542, 0.0368993729353, 0.0499664917588, 0.0418920777738, 0.0521700978279, 0.0562501065433, 0.0421161390841, 0.0414957888424, 0.0400892421603, 0.0425344370306], "median": [0.156290769577, 0.108014307916, 0.044828645885, 0.0493537932634, 0.0802905857563, 0.0887222588062, 0.0643714517355, 0.0421350933611, 0.0438712760806, 0.0433453917503, 0.0579159893095, 0.0610127151012, 0.0446289330721, 0.0551687031984, 0.205729052424, 0.563725352287, 0.486592799425, 0.161740601063, 0.0573802515864, 0.0454850643873, 0.044406812638, 0.0654702708125, 0.078864581883, 0.295008271933, 0.486573904753, 0.318071812391, 0.0793887302279, 0.0903321802616, 0.098856203258, 0.0882187262177, 0.109223611653, 0.125389546156, 0.103926628828, 0.0866820961237, 0.0862014293671, 0.12777633965]}}, "lowlevel": {"melbands_flatness_db": {"dmean": 0.0181871559471, "dmean2": 0.0269241835922, "max": 0.764838933945, "dvar": 0.00031548232073, "mean": 0.220240682364, "dvar2": 0.000674247741699, "min": 0.030299987644, "var": 0.026086403057, "median": 0.161332279444}, "melbands_crest": {"dmean": 2.7199549675, "dmean2": 4.18400907516, "max": 39.5382804871, "dvar": 5.19575738907, "mean": 14.8397665024, "dvar2": 13.5273275375, "min": 2.41175794601, "var": 39.8390960693, "median": 13.7049026489}, "spectral_entropy": {"dmean": 0.0903775468469, "dmean2": 0.142774030566, "max": 9.78109169006, "dvar": 0.0096605187282, "mean": 7.4375834465, "dvar2": 0.0206727832556, "min": 4.32528352737, "var": 0.707016766071, "median": 7.71215438843}, "melbands": {"dmean": [0.000420220982051, 0.000373919581762, 0.000336546800099, 0.000226531483349, 9.46773943724e-05, 4.12452864111e-05, 1.97719364223e-05, 1.18787356769e-05, 1.09543716462e-05, 1.33017447297e-05, 8.91455238161e-06, 1.26134027596e-05, 9.06596233108e-06, 1.45022650031e-05, 3.94353992306e-05, 7.39566239645e-05, 7.48368620407e-05, 5.18130073033e-05, 2.28843891819e-05, 1.65051897056e-05, 1.4689913769e-05, 1.67093330674e-05, 9.27487963054e-06, 4.50398965768e-06, 1.17022364066e-05, 1.33652683871e-05, 1.47895007103e-05, 7.02220449966e-06, 9.08594938664e-06, 4.7568842092e-06, 5.62032209928e-06, 3.05833009406e-06, 3.19548848893e-06, 6.88552609063e-06, 2.45793808062e-06, 1.59597630045e-06, 6.2297851855e-07, 5.64810193282e-07, 2.30151627534e-07, 1.10819023291e-07], "dmean2": [0.000499376910739, 0.000601191946771, 0.000584869587328, 0.000389159482438, 0.00016100105131, 6.93741530995e-05, 3.23596759699e-05, 2.03431463888e-05, 1.8214353986e-05, 2.05414798984e-05, 1.49073330249e-05, 2.03939816856e-05, 1.48654635268e-05, 2.43855738518e-05, 6.54982068227e-05, 0.000125573656987, 0.000129050182295, 8.76485719346e-05, 3.82603284379e-05, 2.69346637651e-05, 2.48553278652e-05, 2.78032784991e-05, 1.50820969793e-05, 7.48838283471e-06, 1.98130528588e-05, 2.10604412132e-05, 2.44919392571e-05, 1.18166080938e-05, 1.50670657604e-05, 7.54987877372e-06, 9.02708961803e-06, 4.38849201601e-06, 4.90248567075e-06, 1.02625044747e-05, 3.63324988939e-06, 2.66607912636e-06, 1.03429056253e-06, 9.33682656523e-07, 3.66077784975e-07, 1.73093098965e-07], "max": [0.0103775095195, 0.0155228227377, 0.00890482775867, 0.00495223980397, 0.00539600662887, 0.00603795517236, 0.0010767626809, 0.000634338357486, 0.000725965481251, 0.000712786975782, 0.00043319282122, 0.000539628730621, 0.000924531545024, 0.000846300681587, 0.000861382519361, 0.00110768922605, 0.0016116235638, 0.00222407630645, 0.000843405432533, 0.00218591256998, 0.00136188941542, 0.00586004881188, 0.00298391259275, 0.00116429501213, 0.00239729369059, 0.0023274125997, 0.00146121776197, 0.000835234532133, 0.000851099321153, 0.00068224221468, 0.000708258361556, 0.000606613932177, 0.000727318285499, 0.00170074542984, 0.000517981883604, 0.000147971746628, 0.000256474508205, 5.38552812941e-05, 4.15836329921e-05, 2.08133042179e-05], "dvar": [3.62992523151e-07, 4.14436073015e-07, 2.59211503817e-07, 1.29090551582e-07, 3.16743644646e-08, 2.41286883806e-08, 2.81297651838e-09, 1.32903010819e-09, 7.40829342316e-10, 7.39032446351e-10, 3.78865411266e-10, 6.6294242318e-10, 6.38987807111e-10, 8.70944316667e-10, 3.63264551773e-09, 1.07571009877e-08, 1.10229079198e-08, 9.11344244514e-09, 1.80132919692e-09, 3.37856942423e-09, 2.84910939286e-09, 1.59122635068e-08, 3.79763998026e-09, 7.1175204619e-10, 4.13510603536e-09, 3.24724824807e-09, 2.47435738565e-09, 5.17520470922e-10, 5.14403464269e-10, 2.58094629002e-10, 2.15715181828e-10, 3.0304517229e-10, 3.64773211636e-10, 2.37844099971e-09, 2.7943816705e-10, 1.07682612827e-11, 1.9026023812e-11, 2.42404165317e-12, 8.27922366081e-13, 1.96431073989e-13], "mean": [0.00125353340991, 0.000843649206217, 0.000512780679855, 0.000342746759998, 0.000144817167893, 5.94548655499e-05, 2.86931208393e-05, 1.68755541381e-05, 1.86489705811e-05, 2.48384876613e-05, 1.63654240168e-05, 2.25762196351e-05, 1.68968399521e-05, 2.58400341409e-05, 7.6247859397e-05, 0.00014733383432, 0.00014898761583, 0.000100954654044, 4.58091599285e-05, 3.02434946207e-05, 2.52457612078e-05, 2.7692558433e-05, 1.79226644832e-05, 9.01829207578e-06, 2.01557268156e-05, 2.69585198112e-05, 2.99553521472e-05, 1.66742629517e-05, 1.79485505214e-05, 1.02844433059e-05, 1.04687451312e-05, 6.16725856162e-06, 6.45875525151e-06, 1.2002740732e-05, 4.23657002102e-06, 2.89852846436e-06, 1.29197633214e-06, 1.19771482332e-06, 4.76986883768e-07, 2.49403342423e-07], "dvar2": [5.17440469139e-07, 1.09243580937e-06, 7.66148502862e-07, 3.59466355349e-07, 8.88599416271e-08, 6.64111468041e-08, 6.69938104991e-09, 3.690650896e-09, 1.96790272966e-09, 1.89845583698e-09, 1.09066045084e-09, 1.82978943108e-09, 1.60455448928e-09, 2.54243737174e-09, 9.41481914651e-09, 2.98975919577e-08, 3.15004982099e-08, 2.63246207055e-08, 5.19234566454e-09, 8.60715498874e-09, 8.2100131138e-09, 4.92622476145e-08, 1.02545847369e-08, 1.98920724337e-09, 1.17903322661e-08, 7.62176899372e-09, 6.67681021582e-09, 1.20534782155e-09, 1.36215982938e-09, 6.8767780359e-10, 5.8943699921e-10, 6.10582862048e-10, 7.42912065199e-10, 4.66392258147e-09, 6.16191708769e-10, 2.87863032022e-11, 4.03475933219e-11, 5.87183123305e-12, 2.31014231182e-12, 4.95385416716e-13], "min": [4.32949870399e-10, 1.24712420946e-10, 5.58175450305e-11, 2.24480642408e-11, 1.93282924388e-11, 1.4452052402e-11, 7.21135130777e-12, 9.04451687156e-12, 3.41383952357e-12, 4.49379682771e-12, 3.46934416959e-12, 3.31034505363e-12, 6.30054428769e-12, 2.37563354405e-12, 2.94405233699e-12, 5.20729379755e-12, 6.9672960977e-12, 4.54468407352e-12, 8.75358726476e-12, 6.31656836211e-12, 7.81503854685e-12, 5.41818196212e-12, 7.56124156343e-12, 7.38444028148e-12, 9.31458816328e-12, 6.59845398807e-12, 4.96038930417e-12, 7.71225531354e-12, 6.21619379235e-12, 4.19552847325e-12, 5.3742748099e-12, 7.32837748818e-12, 5.2673087246e-12, 6.07151265028e-12, 6.04165415613e-12, 3.37011776992e-12, 4.6058612653e-12, 4.18574029604e-12, 3.30580202969e-12, 3.22287487496e-12], "var": [2.06747631637e-06, 9.63039155977e-07, 3.45348297515e-07, 2.20754841962e-07, 5.69546472207e-08, 3.37411449891e-08, 4.93654406242e-09, 2.36874897475e-09, 1.90874915873e-09, 1.64043234552e-09, 9.36825172992e-10, 1.41011957666e-09, 1.7005056252e-09, 1.8342737329e-09, 8.41621172754e-09, 2.48739073783e-08, 2.55236667357e-08, 1.8177516381e-08, 4.46654979669e-09, 7.8986817087e-09, 5.56986945455e-09, 3.20681792232e-08, 1.26454740013e-08, 1.53483048493e-09, 5.4317159659e-09, 8.76842953801e-09, 6.67664545873e-09, 2.28274799063e-09, 1.81595638526e-09, 8.70268634934e-10, 8.9962365335e-10, 1.11303122274e-09, 1.01624164639e-09, 5.46680967162e-09, 5.97204785624e-10, 2.84893931363e-11, 2.84945504692e-11, 8.08378450984e-12, 2.35045229807e-12, 8.31729867271e-13], "median": [0.000745129713323, 0.000505519332364, 0.000334227341227, 0.000176183515578, 5.81621716265e-05, 1.55269135576e-05, 8.43642283144e-06, 4.2354154175e-06, 8.38283904159e-06, 1.42797753142e-05, 8.35451828607e-06, 1.19857213576e-05, 8.6977306637e-06, 1.4199817997e-05, 4.74663029308e-05, 0.000102907593828, 0.00010591881437, 6.56518604956e-05, 2.67083250947e-05, 1.00283477877e-05, 4.89731291964e-06, 2.73259729511e-06, 2.01053580895e-06, 2.78614243143e-06, 8.30469616631e-06, 3.64377297046e-06, 1.23313084259e-05, 8.92223124538e-06, 8.11674090073e-06, 4.42443388238e-06, 3.19614878208e-06, 1.21621064864e-06, 1.54437486799e-06, 2.44968600782e-06, 4.0749944219e-07, 1.84282998816e-06, 7.31128523057e-07, 6.81827486915e-07, 1.38362494795e-07, 5.56962937992e-08]}, "silence_rate_60dB": {"dmean": 0.0121855344623, "dmean2": 0.024375859648, "max": 1, "dvar": 0.012037309818, "mean": 0.0693653002381, "dvar2": 0.0253551844507, "min": 0, "var": 0.0645618513227, "median": 0}, "spectral_energyband_middle_high": {"dmean": 0.00170158396941, "dmean2": 0.00269899889827, "max": 0.113607227802, "dvar": 8.70733583724e-06, "mean": 0.00628607859835, "dvar2": 2.14488445636e-05, "min": 1.25858079514e-09, "var": 5.6575769122e-05, "median": 0.00460737477988}, "erbbands_skewness": {"dmean": 0.33030128479, "dmean2": 0.529386103153, "max": 10.0638904572, "dvar": 0.104813367128, "mean": 0.0283780675381, "dvar2": 0.248944222927, "min": -4.73537731171, "var": 1.43599498272, "median": -0.194838672876}, "dynamic_complexity": 3.86445355415, "dissonance": {"dmean": 0.0101146968082, "dmean2": 0.0167380161583, "max": 0.499999970198, "dvar": 0.000527062511537, "mean": 0.480115860701, "dvar2": 0.00123558216728, "min": 0.162556424737, "var": 0.00155548576731, "median": 0.49219417572}, "spectral_skewness": {"dmean": 0.199014574289, "dmean2": 0.321899473667, "max": 12.3901872635, "dvar": 0.102610729635, "mean": 1.63817465305, "dvar2": 0.227750569582, "min": -0.0230956505984, "var": 3.01729631424, "median": 1.11863446236}, "spectral_kurtosis": {"dmean": 2.26122164726, "dmean2": 3.59198951721, "max": 205.194335938, "dvar": 43.0382041931, "mean": 8.95506763458, "dvar2": 89.8211364746, "min": -1.24210453033, "var": 471.690460205, "median": 2.75796747208}, "gfcc": {"cov": [[17150.6542969, -3785.19091797, -5507.46240234, 35.0319023132, -1236.59716797, 741.760192871, -426.210693359, 21.0686187744, -666.60369873, 236.150482178, -532.964111328, -191.084793091, -431.752990723], [-3785.19091797, 2168.40795898, 1809.00769043, -309.154937744, 175.852996826, -509.558563232, 115.166618347, -15.6856832504, 276.938751221, -141.541748047, 172.457092285, 20.9352436066, 205.642379761], [-5507.46240234, 1809.00769043, 2407.07495117, -185.800170898, 365.990966797, -430.784454346, 135.326431274, 14.3324842453, 260.643341064, -94.1486587524, 171.366714478, 77.6987915039, 186.913040161], [35.0319023132, -309.154937744, -185.800170898, 451.066375732, 135.375228882, 204.346038818, -15.4679269791, -60.7999076843, -31.1866950989, 41.5517997742, 68.3552627563, -35.7203483582, -28.3803710938], [-1236.59716797, 175.852996826, 365.990966797, 135.375228882, 300.96081543, 72.6763305664, 64.5701828003, -9.36992263794, 29.1908473969, -0.324022263288, 35.1887741089, 7.67496061325, 12.6581735611], [741.760192871, -509.558563232, -430.784454346, 204.346038818, 72.6763305664, 327.123382568, 25.615026474, -47.4644622803, -69.3576660156, 70.4229278564, -3.81168580055, -35.430065155, -62.3781089783], [-426.210693359, 115.166618347, 135.326431274, -15.4679269791, 64.5701828003, 25.615026474, 120.294212341, 0.825066030025, 22.6127662659, 13.7373752594, 17.2515144348, 1.5397824049, 0.30499497056], [21.0686187744, -15.6856832504, 14.3324842453, -60.7999076843, -9.36992263794, -47.4644622803, 0.825066030025, 133.313690186, 31.3678379059, -23.7699508667, -22.3135204315, 14.4938106537, 12.1823406219], [-666.60369873, 276.938751221, 260.643341064, -31.1866950989, 29.1908473969, -69.3576660156, 22.6127662659, 31.3678379059, 122.058700562, -13.8394002914, 27.2620010376, 26.7086009979, 34.5646018982], [236.150482178, -141.541748047, -94.1486587524, 41.5517997742, -0.324022263288, 70.4229278564, 13.7373752594, -23.7699508667, -13.8394002914, 112.997520447, 34.1224136353, -2.57847332954, -20.1850299835], [-532.964111328, 172.457092285, 171.366714478, 68.3552627563, 35.1887741089, -3.81168580055, 17.2515144348, -22.3135204315, 27.2620010376, 34.1224136353, 118.789863586, 6.75356912613, 19.130147934], [-191.084793091, 20.9352436066, 77.6987915039, -35.7203483582, 7.67496061325, -35.430065155, 1.5397824049, 14.4938106537, 26.7086009979, -2.57847332954, 6.75356912613, 73.5925979614, 21.111574173], [-431.752990723, 205.642379761, 186.913040161, -28.3803710938, 12.6581735611, -62.3781089783, 0.30499497056, 12.1823406219, 34.5646018982, -20.1850299835, 19.130147934, 21.111574173, 70.9743499756]], "mean": [-47.8475990295, 74.4225997925, -113.778358459, 62.9058647156, -33.1189994812, 34.9311523438, -26.735200882, -14.8237714767, -24.7395019531, 8.50263023376, -8.39855480194, -11.2466335297, -12.439991951], "icov": [[0.000315129465889, -0.000324133085087, 0.000694408488926, -0.000101205019746, 0.000522750196978, -0.000164945566212, 0.000255531544099, -0.000334572803695, 0.000536987034138, -0.000540102890227, 0.000682284822688, -0.000306933681713, 0.000297348917229], [-0.000324133085087, 0.00308280065656, -0.00165721238591, 0.00139475043397, -0.00122742122039, 0.00191020208877, -0.00111783773173, 0.00226599629968, -0.00295507325791, 0.00224515073933, -0.00307551538572, 0.00351405120455, -0.00260695558973], [0.000694408488926, -0.00165721238591, 0.0030843866989, -0.000176183166332, -0.000329915666953, 0.000479718815768, 0.000448689999757, -0.000796837557573, 0.00107652239967, -0.0016051128041, 0.00127809878904, -0.00137101265136, 0.000530467543285], [-0.000101205019746, 0.00139475043397, -0.000176183166332, 0.00526825850829, -0.00274322438054, -0.00109308329411, 0.00162894628011, 0.00179715000559, -0.00185515522026, 0.00169228948653, -0.0044163139537, 0.00292864604853, -0.00116918084677], [0.000522750196978, -0.00122742122039, -0.000329915666953, -0.00274322438054, 0.00832364335656, -0.00329553405754, -0.001434091595, -0.00189530756325, 0.00200449978001, -0.000568185758311, 0.00311261927709, -0.00273256679066, 0.00129492289852], [-0.000164945566212, 0.00191020208877, 0.000479718815768, -0.00109308329411, -0.00329553405754, 0.0093244202435, -0.00289420993067, 0.00237029977143, -0.000998406088911, -0.0012567442609, -0.000957771087997, 0.00291907414794, -0.00033141329186], [0.000255531544099, -0.00111783773173, 0.000448689999757, 0.00162894628011, -0.001434091595, -0.00289420993067, 0.0116752125323, -0.00102093769237, -0.000452127686003, -0.00167796970345, -8.12539656181e-05, -0.000449212529929, 0.00199868390337], [-0.000334572803695, 0.00226599629968, -0.000796837557573, 0.00179715000559, -0.00189530756325, 0.00237029977143, -0.00102093769237, 0.010819551535, -0.0048054382205, 0.0025126945693, -0.00119898759294, 0.00207578577101, -0.00245460681617], [0.000536987034138, -0.00295507325791, 0.00107652239967, -0.00185515522026, 0.00200449978001, -0.000998406088911, -0.000452127686003, -0.0048054382205, 0.015664152801, -0.00226309127174, 0.00201361672953, -0.00569203030318, 0.00072190258652], [-0.000540102890227, 0.00224515073933, -0.0016051128041, 0.00169228948653, -0.000568185758311, -0.0012567442609, -0.00167796970345, 0.0025126945693, -0.00226309127174, 0.0143644791096, -0.00724928593263, 0.00133606756572, 0.000429717823863], [0.000682284822688, -0.00307551538572, 0.00127809878904, -0.0044163139537, 0.00311261927709, -0.000957771087997, -8.12539656181e-05, -0.00119898759294, 0.00201361672953, -0.00724928593263, 0.0172870550305, -0.00403359439224, 0.000236941457842], [-0.000306933681713, 0.00351405120455, -0.00137101265136, 0.00292864604853, -0.00273256679066, 0.00291907414794, -0.000449212529929, 0.00207578577101, -0.00569203030318, 0.00133606756572, -0.00403359439224, 0.0202574692667, -0.00635509798303], [0.000297348917229, -0.00260695558973, 0.000530467543285, -0.00116918084677, 0.00129492289852, -0.00033141329186, 0.00199868390337, -0.00245460681617, 0.00072190258652, 0.000429717823863, 0.000236941457842, -0.00635509798303, 0.0230749938637]]}, "spectral_complexity": {"dmean": 2.50393080711, "dmean2": 4.08492231369, "max": 65, "dvar": 5.49133872986, "mean": 18.7985858917, "dvar2": 13.8291835785, "min": 0, "var": 122.48890686, "median": 19}, "spectral_flux": {"dmean": 0.0106289638206, "dmean2": 0.0170782674104, "max": 0.333992362022, "dvar": 0.000138089453685, "mean": 0.0634663179517, "dvar2": 0.000328460242599, "min": 7.48002712498e-05, "var": 0.00114477251191, "median": 0.0638508871198}, "spectral_energyband_low": {"dmean": 0.00211992789991, "dmean2": 0.00305599160492, "max": 0.0598327815533, "dvar": 8.51801723911e-06, "mean": 0.0063866158016, "dvar2": 1.91024428204e-05, "min": 3.07741676586e-09, "var": 3.63431208825e-05, "median": 0.0045359339565}, "spectral_decrease": {"dmean": 9.20340081922e-10, "dmean2": 1.38506861536e-09, "max": -1.32408751474e-15, "dvar": 1.21526749298e-18, "mean": -3.94543819837e-09, "dvar2": 2.96720521789e-18, "min": -3.2645669279e-08, "var": 7.71703594103e-18, "median": -3.46246031846e-09}, "barkbands_spread": {"dmean": 4.95305681229, "dmean2": 7.88188266754, "max": 117.018829346, "dvar": 26.082988739, "mean": 32.8079185486, "dvar2": 61.8686981201, "min": 0.271391630173, "var": 309.91708374, "median": 35.4717216492}, "spectral_rms": {"dmean": 0.000439880503109, "dmean2": 0.000646816275548, "max": 0.0136113464832, "dvar": 1.93289309891e-07, "mean": 0.00381040945649, "dvar2": 4.45479940936e-07, "min": 2.93407515528e-06, "var": 2.09849144994e-06, "median": 0.00379162584431}, "spectral_centroid": {"dmean": 243.278839111, "dmean2": 395.045837402, "max": 11197.6445312, "dvar": 70726.71875, "mean": 2077.77563477, "dvar2": 156012.53125, "min": 113.293464661, "var": 880291, "median": 2243.84448242}, "barkbands_skewness": {"dmean": 0.415835022926, "dmean2": 0.618014633656, "max": 24.1462669373, "dvar": 0.249922603369, "mean": 0.975243806839, "dvar2": 0.480573713779, "min": -3.49556541443, "var": 3.04223752022, "median": 0.562837541103}, "spectral_rolloff": {"dmean": 433.487823486, "dmean2": 747.99798584, "max": 14707.1777344, "dvar": 452812.6875, "mean": 2176.32421875, "dvar2": 1076322.25, "min": 21.533203125, "var": 2642615, "median": 1765.72265625}, "erbbands_spread": {"dmean": 5.96443462372, "dmean2": 9.77913570404, "max": 151.255004883, "dvar": 33.5126342773, "mean": 28.5082836151, "dvar2": 84.8067779541, "min": 1.4720095396, "var": 250.762802124, "median": 25.6430969238}, "barkbands": {"dmean": [0.000141882061143, 0.00148861890193, 0.000662353471853, 0.000840027874801, 0.000925195286982, 0.000234500257648, 8.95408302313e-05, 6.13494557911e-05, 8.12398720882e-05, 8.72804084793e-05, 6.52273884043e-05, 0.000191642669961, 0.000627173518296, 0.000737076683436, 0.000403253769036, 0.00024197185121, 0.000256425089901, 8.94878903637e-05, 0.000342192099197, 0.000302327011013, 0.000236789695919, 0.000135016700369, 0.000224924122449, 3.88944754377e-05, 1.00826318885e-05, 4.90132333653e-06, 9.91747469925e-07], "dmean2": [0.000159715724294, 0.00191901042126, 0.00111400231253, 0.00148268172052, 0.00158259749878, 0.000394203758333, 0.000147131708218, 0.000104037513665, 0.000126736515085, 0.000142917822814, 0.000106433952169, 0.000318409700412, 0.00106199574657, 0.00126057770103, 0.000678141484968, 0.000396663264837, 0.000427746679634, 0.000146380072692, 0.000550838012714, 0.000513910781592, 0.000376992014935, 0.00020398547349, 0.000331646209816, 6.35720207356e-05, 1.56453279487e-05, 7.242301308e-06, 1.49069069266e-06], "max": [0.00488168979064, 0.0362237729132, 0.0360378324986, 0.0238513015211, 0.0204408001155, 0.0353252030909, 0.00469166971743, 0.00354790198617, 0.00448315963149, 0.00349173648283, 0.00563415745273, 0.00673719029874, 0.00995482411236, 0.0156846102327, 0.0177690684795, 0.031025595963, 0.0914414003491, 0.0240057297051, 0.0666345059872, 0.0348414927721, 0.0223658252507, 0.0275071468204, 0.0476796962321, 0.010061852634, 0.00189544272143, 0.000425227772212, 6.7246677645e-05], "dvar": [3.53805269526e-08, 4.73500995213e-06, 1.79350263352e-06, 1.65115386608e-06, 2.07078778658e-06, 6.84366170844e-07, 5.56315704614e-08, 2.74462816918e-08, 2.89578885315e-08, 2.67315911628e-08, 3.53081759386e-08, 1.13023453707e-07, 7.63297180129e-07, 1.07374989966e-06, 6.20470700596e-07, 7.06730020283e-07, 3.22499226968e-06, 2.76430739632e-07, 2.49781828643e-06, 7.10554104444e-07, 3.12810186642e-07, 6.09804033047e-07, 2.06153936233e-06, 2.97705184948e-08, 1.4359686773e-09, 1.80064657629e-10, 6.85787190924e-12], "mean": [0.000683668185957, 0.00420897221193, 0.000911600945983, 0.00110905326437, 0.00142564147245, 0.000335055752657, 0.000124496364151, 8.79517319845e-05, 0.00015363622515, 0.000149510029587, 0.000115105867735, 0.000337963778293, 0.00126088631805, 0.0014842763776, 0.00079030712368, 0.000427987542935, 0.000465507298941, 0.000179621230927, 0.00069581437856, 0.00070701551158, 0.000513011182193, 0.00029887832352, 0.000437532435171, 9.13616459002e-05, 2.59331864072e-05, 1.04342943814e-05, 1.9199289909e-06], "dvar2": [4.42030270165e-08, 7.97506800154e-06, 5.00889518662e-06, 4.95373160447e-06, 5.81962922297e-06, 1.87520936379e-06, 1.35917971988e-07, 7.43832302419e-08, 7.47499413478e-08, 7.28295219687e-08, 9.08705573011e-08, 2.95517139648e-07, 2.10703092307e-06, 3.08667949867e-06, 1.77976676241e-06, 1.89848913124e-06, 9.38365519687e-06, 7.84428664247e-07, 6.21051731287e-06, 1.71492968093e-06, 8.54246366089e-07, 1.33974322125e-06, 4.02757632401e-06, 6.42084927449e-08, 3.6876919296e-09, 4.00623256791e-10, 1.45910523247e-11], "min": [9.31804078341e-10, 8.98926710846e-10, 1.32365229888e-10, 7.45340941743e-11, 1.03474381841e-10, 7.79432837716e-11, 3.48734860434e-11, 2.09836731324e-11, 3.77167845567e-11, 3.77929007533e-11, 4.36447371299e-11, 2.02089369544e-11, 4.11865819228e-11, 7.54513604373e-11, 1.02502006882e-10, 6.15709011553e-11, 8.93771723298e-11, 1.43151754339e-10, 1.98576433075e-10, 2.16255360841e-10, 2.0895980779e-10, 3.58706758741e-10, 4.27595292507e-10, 3.51644213747e-10, 2.84659490424e-10, 5.48214251772e-10, 8.22677537204e-10], "var": [4.83991755118e-07, 2.62202520389e-05, 1.96043106371e-06, 1.93790697267e-06, 3.6422568428e-06, 9.87276735032e-07, 9.50731191551e-08, 5.76165248845e-08, 6.79887008914e-08, 5.99243605848e-08, 8.25341501809e-08, 2.41587173377e-07, 1.82178723662e-06, 2.63262472799e-06, 1.27255964344e-06, 1.6484760863e-06, 8.73450699146e-06, 6.50237950595e-07, 5.32406829734e-06, 2.62071625912e-06, 1.58055820521e-06, 2.31456033362e-06, 5.03679029862e-06, 7.32519822577e-08, 7.40549710443e-09, 4.49166676075e-10, 1.77231476023e-11], "median": [0.000418982643168, 0.00223254715092, 0.000494528911076, 0.000668765802402, 0.000740521354601, 8.84687469807e-05, 3.55809170287e-05, 2.80801086774e-05, 8.74930774444e-05, 7.70752230892e-05, 5.65874142922e-05, 0.000178190020961, 0.000861216976773, 0.00102646625601, 0.000482880335767, 0.000104973980342, 5.10415302415e-05, 4.51421110483e-05, 0.000173249660293, 0.000413788220612, 0.000216276122956, 6.16707329755e-05, 0.00012790018809, 4.75562774227e-05, 8.1473535829e-06, 3.0967839848e-06, 5.41912640983e-07]}, "melbands_kurtosis": {"dmean": 4.92075157166, "dmean2": 7.1825094223, "max": 760.614318848, "dvar": 187.801116943, "mean": 13.2411670685, "dvar2": 325.142059326, "min": -1.90263831615, "var": 1448.62805176, "median": 2.55130720139}, "erbbands_crest": {"dmean": 2.62080955505, "dmean2": 4.3976855278, "max": 31.0812797546, "dvar": 5.39480781555, "mean": 10.399723053, "dvar2": 14.8607006073, "min": 2.68322587013, "var": 16.413028717, "median": 9.67544555664}, "melbands_skewness": {"dmean": 0.57509791851, "dmean2": 0.876483082771, "max": 22.5776939392, "dvar": 0.349256515503, "mean": 2.22194814682, "dvar2": 0.715118288994, "min": -1.51766502857, "var": 4.76099443436, "median": 1.73851716518}, "spectral_energyband_middle_low": {"dmean": 0.00155726633966, "dmean2": 0.00265311752446, "max": 0.046651493758, "dvar": 4.96243592352e-06, "mean": 0.00326358247548, "dvar2": 1.37988718052e-05, "min": 5.68123492695e-10, "var": 1.20611639431e-05, "median": 0.0022359106224}, "spectral_contrast_coeffs": {"dmean": [0.0462717749178, 0.0406389757991, 0.0305221192539, 0.027565876022, 0.0198524519801, 0.0147161809728], "dmean2": [0.0778263285756, 0.0682024881244, 0.0508531667292, 0.0469204001129, 0.0335053689778, 0.0233944579959], "max": [-0.441241979599, -0.515569865704, -0.668914616108, -0.621922016144, -0.598348379135, -0.550668358803], "dvar": [0.00140530336648, 0.00108894030564, 0.000583294895478, 0.000457701622508, 0.000272832461633, 0.000157515270985], "mean": [-0.700862109661, -0.791950821877, -0.815902233124, -0.785046100616, -0.77020740509, -0.715134680271], "dvar2": [0.00406142976135, 0.00302720349282, 0.00162441842258, 0.00128821772523, 0.000749960308895, 0.000374178140191], "min": [-0.95113658905, -0.963569164276, -0.957305729389, -0.956008732319, -0.955227971077, -0.958249509335], "var": [0.00459558190778, 0.00295837991871, 0.00178621453233, 0.0026413903106, 0.00321182026528, 0.00385333411396], "median": [-0.70809340477, -0.797097980976, -0.8154053092, -0.778562784195, -0.762130141258, -0.702799320221]}, "spectral_contrast_valleys": {"dmean": [0.314654111862, 0.355119854212, 0.282375156879, 0.212711066008, 0.151184797287, 0.128563702106], "dmean2": [0.509792268276, 0.581719756126, 0.462860137224, 0.349923431873, 0.242708846927, 0.194991767406], "max": [-5.54309511185, -5.14665126801, -5.32500171661, -5.49965333939, -4.56614303589, -7.65539884567], "dvar": [0.107247337699, 0.151363953948, 0.111476451159, 0.0727009400725, 0.0590251237154, 0.0453933104873], "mean": [-7.18746757507, -7.92624330521, -8.14380073547, -7.48635911942, -7.99762201309, -10.8438339233], "dvar2": [0.209923237562, 0.293700873852, 0.208508908749, 0.122730158269, 0.0876424983144, 0.0594287216663], "min": [-27.7656974792, -27.1051445007, -27.4349365234, -27.2626895905, -27.3418254852, -27.3261642456], "var": [0.661985516548, 1.40970885754, 2.01960945129, 2.73446440697, 2.6739013195, 2.02212691307], "median": [-7.07176113129, -7.67065143585, -7.62466287613, -6.89386177063, -7.50010490417, -10.4889030457]}, "silence_rate_20dB": {"dmean": 0, "dmean2": 0, "max": 1, "dvar": 0, "mean": 1, "dvar2": 0, "min": 1, "var": 0, "median": 1}, "silence_rate_30dB": {"dmean": 0.00157232698984, "dmean2": 0.00314527237788, "max": 1, "dvar": 0.00156985421199, "mean": 0.996855974197, "dvar2": 0.00352853676304, "min": 0, "var": 0.00313414889388, "median": 1}, "spectral_strongpeak": {"dmean": 0.806033074856, "dmean2": 1.39311850071, "max": 43.6035957336, "dvar": 4.70971918106, "mean": 0.967558681965, "dvar2": 11.5759887695, "min": 0, "var": 7.43984413147, "median": 0.173964098096}, "spectral_spread": {"dmean": 263644.5, "dmean2": 415636.4375, "max": 41544152, "dvar": 447608520704, "mean": 3805401.75, "dvar2": 894294294528, "min": 392580.84375, "var": 1368990679040.0, "median": 3919780.25}, "barkbands_flatness_db": {"dmean": 0.0139649966732, "dmean2": 0.0206005740911, "max": 0.595899283886, "dvar": 0.000200637456146, "mean": 0.156779378653, "dvar2": 0.000416603026679, "min": 0.0326618291438, "var": 0.0158082731068, "median": 0.107521183789}, "pitch_salience": {"dmean": 0.057905126363, "dmean2": 0.0924094989896, "max": 0.9367826581, "dvar": 0.00251243636012, "mean": 0.551867723465, "dvar2": 0.00644816271961, "min": 0.0184255819768, "var": 0.0160846356302, "median": 0.578440010548}, "erbbands_kurtosis": {"dmean": 1.38353180885, "dmean2": 2.10395622253, "max": 183.83001709, "dvar": 7.56328439713, "mean": 3.29012417793, "dvar2": 11.7045574188, "min": -1.75642263889, "var": 123.171844482, "median": 1.10564374924}, "average_loudness": 0.35244551301, "barkbands_crest": {"dmean": 1.97515749931, "dmean2": 2.99734258652, "max": 26.7676773071, "dvar": 3.10388922691, "mean": 9.93037033081, "dvar2": 7.3659029007, "min": 2.58269834518, "var": 25.5190982819, "median": 8.3128452301}, "hfc": {"dmean": 5.66915082932, "dmean2": 8.43106365204, "max": 735.237243652, "dvar": 199.079681396, "mean": 23.6171417236, "dvar2": 423.986877441, "min": 4.21881959483e-05, "var": 1757.80541992, "median": 14.9869241714}, "barkbands_kurtosis": {"dmean": 2.36050987244, "dmean2": 3.21829271317, "max": 652.961242676, "dvar": 124.974937439, "mean": 5.14294481277, "dvar2": 271.474945068, "min": -1.81746244431, "var": 470.914337158, "median": -0.476269006729}, "erbbands": {"dmean": [0.0514778345823, 0.323090523481, 0.688033223152, 1.93687272072, 2.90582108498, 3.60992765427, 2.27590537071, 1.85749077797, 1.37338793278, 1.09229314327, 1.35140538216, 2.13842177391, 1.69308590889, 2.88800287247, 2.62383985519, 8.28341197968, 26.775138855, 37.1792640686, 27.1818370819, 12.2100944519, 12.278049469, 15.3920316696, 5.90286874771, 12.1899356842, 18.2839717865, 10.9390239716, 11.211523056, 8.76980113983, 5.81198835373, 9.15756702423, 3.4275841713, 1.19525671005, 0.565940260887, 0.14823307097, 0.0598591156304, 0.0297710765153, 0.0071806772612, 0.00160077400506, 0.000145691476064, 7.85152133176e-06], "dmean2": [0.0595345087349, 0.45282292366, 1.15567541122, 3.36455130577, 5.0451002121, 6.19881343842, 3.82777404785, 3.14758563042, 2.24197626114, 1.8702814579, 2.26589679718, 3.30885839462, 2.83174014091, 4.6899061203, 4.27273368835, 13.583114624, 44.9133110046, 63.7000579834, 45.794708252, 20.486164093, 20.6587295532, 25.8316383362, 9.56361865997, 20.3259468079, 29.1728401184, 18.3681430817, 18.1540584564, 14.0133886337, 8.32889556885, 13.9987096786, 5.05622291565, 1.97134721279, 0.903566777706, 0.228600695729, 0.0960684344172, 0.0439762063324, 0.010814441368, 0.00238451198675, 0.000221213078476, 1.16295041153e-05], "max": [1.15753853321, 8.64863491058, 36.2510871887, 37.469783783, 87.3010025024, 92.8586120605, 183.853408813, 260.478515625, 84.1058654785, 59.0419387817, 88.9987945557, 113.102745056, 83.6798171997, 148.603866577, 284.770782471, 287.345733643, 480.488525391, 733.178344727, 1244.62573242, 870.984375, 1506.72766113, 6055.28369141, 1530.08959961, 2645.49291992, 2705.04223633, 1355.08740234, 1066.33496094, 915.689941406, 1334.92053223, 1813.3314209, 609.079589844, 326.801513672, 72.7127380371, 23.7747383118, 11.0385122299, 1.77480375767, 1.08921504021, 0.271212548018, 0.0157937724143, 0.000674910028465], "dvar": [0.0053300098516, 0.259150058031, 1.7603290081, 8.99374675751, 22.8912582397, 35.8901824951, 25.5496273041, 50.7183494568, 14.0795955658, 11.8069324493, 11.8968524933, 18.5523757935, 14.2482337952, 38.0529098511, 54.3207054138, 186.538345337, 1415.52661133, 2591.35327148, 2599.63525391, 919.254211426, 1990.99511719, 15096.03125, 1369.61975098, 4223.71679688, 5735.73779297, 1177.37585449, 918.86151123, 441.845825195, 1127.25610352, 3008.61401367, 375.302825928, 30.3685150146, 2.95686602592, 0.266130328178, 0.0831912979484, 0.00647876225412, 0.00052410189528, 2.44317961915e-05, 1.71158347939e-07, 1.86154675008e-10], "mean": [0.134541794658, 0.874171376228, 1.18174409866, 2.82902359962, 4.02957344055, 5.22676897049, 3.41165566444, 2.62492394447, 1.99493396282, 1.56862986088, 2.24318218231, 4.01289319992, 3.28889870644, 5.42809677124, 5.46920585632, 16.9038467407, 55.8814125061, 80.3845062256, 58.047794342, 27.2402095795, 23.2005386353, 27.5760364532, 12.5520353317, 24.0476055145, 40.0251045227, 28.7101097107, 24.9414997101, 18.4683074951, 12.3926486969, 17.1888275146, 7.03596830368, 2.84368062019, 1.35592198372, 0.379381686449, 0.143180757761, 0.0648246631026, 0.015262177214, 0.00303333369084, 0.000299235747661, 3.34545220539e-05], "dvar2": [0.00768146943301, 0.495610326529, 4.80860280991, 26.2291355133, 66.8438568115, 99.1187515259, 70.1849365234, 139.988922119, 33.1822166443, 32.7341079712, 31.4764556885, 47.4663619995, 41.1987991333, 105.504226685, 138.239654541, 477.383026123, 3879.01757812, 7307.84423828, 7433.29248047, 2578.61914062, 5683.57763672, 45999.1679688, 4009.33959961, 11648.0625, 13713.8828125, 2799.55859375, 2386.7409668, 1190.83410645, 2232.7265625, 6144.35839844, 800.052307129, 64.6730422974, 7.04541921616, 0.671667277813, 0.230929538608, 0.0139825074002, 0.00135691126343, 5.03302871948e-05, 3.56909055199e-07, 4.06672140407e-10], "min": [3.97598363122e-08, 1.52137431542e-07, 1.94439351731e-07, 2.05503155826e-07, 3.32113017976e-07, 2.86170603658e-07, 5.93595359533e-07, 6.72988164752e-07, 4.27681413839e-07, 8.35433297652e-07, 4.4566439783e-07, 9.30363910356e-07, 7.10536369297e-07, 1.0301267821e-06, 1.7736870177e-06, 1.05669482764e-06, 2.46469812737e-06, 3.68543874174e-06, 4.03079184252e-06, 5.43460510016e-06, 5.98249653194e-06, 6.51497566651e-06, 7.57180532673e-06, 1.13882751975e-05, 7.54802204028e-06, 1.19233900477e-05, 1.02235899249e-05, 8.7469115897e-06, 1.31703018269e-05, 1.24078542285e-05, 1.23597646962e-05, 7.34758896215e-06, 5.92724609305e-06, 3.6896765323e-06, 2.01672355615e-06, 1.76322805601e-06, 1.34055233048e-06, 4.9258233048e-07, 1.19373439134e-07, 9.81085168661e-09], "var": [0.0230334680527, 1.37697219849, 2.19240117073, 11.6088695526, 30.028465271, 64.7902908325, 43.1309623718, 68.7790908813, 24.6377391815, 20.193901062, 29.5847301483, 42.3537521362, 36.33826828, 82.4854660034, 162.004653931, 460.044555664, 3484.03881836, 6715.453125, 5517.44921875, 2572.42700195, 4331.86474609, 34240.421875, 2750.70532227, 6587.76171875, 17074.2324219, 5628.47900391, 3798.56835938, 2348.09399414, 3718.86425781, 7495.85009766, 998.719116211, 66.5776596069, 11.7624549866, 1.45031404495, 0.291062265635, 0.0176387745887, 0.00105895323213, 5.68506911804e-05, 3.47441755366e-07, 1.17248266651e-09], "median": [0.0861273258924, 0.394611001015, 0.756460487843, 1.72748398781, 2.26825785637, 2.27039027214, 1.25337266922, 0.702561378479, 0.594802677631, 0.375834822655, 0.954795122147, 2.32362961769, 1.78240251541, 3.03345537186, 3.06898665428, 10.3565645218, 39.2019958496, 59.633430481, 40.1768074036, 14.4015598297, 5.47707033157, 2.82445406914, 2.95324850082, 9.48050022125, 10.1232776642, 15.1347122192, 10.4925718307, 7.0504617691, 3.00987362862, 4.45284366608, 1.9096339941, 1.76730847359, 0.696590423584, 0.113870635629, 0.039360973984, 0.016890283674, 0.00505408039317, 0.000977784045972, 0.000117706309538, 2.69458832918e-05]}, "spectral_energy": {"dmean": 0.00386531581171, "dmean2": 0.00579696707428, "max": 0.189900457859, "dvar": 2.30442183238e-05, "mean": 0.0170331075788, "dvar2": 5.54597427254e-05, "min": 8.82401707258e-09, "var": 0.000175577340997, "median": 0.0147358383983}, "zerocrossingrate": {"dmean": 0.00759244710207, "dmean2": 0.00910380110145, "max": 0.2958984375, "dvar": 7.73147912696e-05, "mean": 0.078574039042, "dvar2": 8.97414283827e-05, "min": 0, "var": 0.00197268580087, "median": 0.08154296875}, "spectral_energyband_high": {"dmean": 0.000576079532038, "dmean2": 0.000852731638588, "max": 0.0865329056978, "dvar": 3.83995757147e-