{"tonal": {"chords_number_rate": 0.000614344957285, "thpcp": [1, 0.736554741859, 0.354226619005, 0.168879464269, 0.141570478678, 0.175905555487, 0.201470628381, 0.174037396908, 0.131211414933, 0.13159045577, 0.153995275497, 0.235499724746, 0.561690449715, 0.700380921364, 0.394514918327, 0.187310636044, 0.179801166058, 0.15661649406, 0.140218183398, 0.217523485422, 0.453944176435, 0.637120425701, 0.459174185991, 0.179062917829, 0.0828566998243, 0.0715147778392, 0.0692652910948, 0.0883340016007, 0.107264399529, 0.109720334411, 0.121785797179, 0.150746822357, 0.230937689543, 0.43590131402, 0.713377118111, 0.94060343504], "hpcp": {"dvar": [0.0628370642662, 0.0615754127502, 0.0576271787286, 0.0574725531042, 0.0509544163942, 0.0405832566321, 0.028295153752, 0.0211229659617, 0.0226070098579, 0.0235494766384, 0.0178082268685, 0.0141041735187, 0.0144864059985, 0.0170891359448, 0.0200600661337, 0.0374672971666, 0.0443680286407, 0.0347742587328, 0.0212398115546, 0.0219315513968, 0.0177635103464, 0.0155240865424, 0.0203894060105, 0.0331180915236, 0.0497650057077, 0.0314940586686, 0.0135038206354, 0.00910878181458, 0.00706026563421, 0.00514214858413, 0.00726482737809, 0.0161110684276, 0.0218569096178, 0.0248760022223, 0.0318173579872, 0.0450410582125], "mean": [0.218950718641, 0.358325213194, 0.472459703684, 0.502294242382, 0.369967192411, 0.177925989032, 0.0848271846771, 0.0711100399494, 0.088356345892, 0.101197533309, 0.0874179825187, 0.065906740725, 0.066097125411, 0.07735093683, 0.118290156126, 0.282133877277, 0.351797312498, 0.198162570596, 0.0940850526094, 0.0903130918741, 0.0786675661802, 0.0704307854176, 0.109260797501, 0.228013545275, 0.320021927357, 0.230640545487, 0.0899422690272, 0.0416184440255, 0.0359214618802, 0.0347915552557, 0.0443696603179, 0.0538782887161, 0.0551118925214, 0.0611723065376, 0.0757192596793, 0.115998670459], "min": [0, 0, 0, 0, 0, 0, 0, 0, 0, 0, 0, 0, 0, 0, 0, 0, 0, 0, 0, 0, 0, 0, 0, 0, 0, 0, 0, 0, 0, 0, 0, 0, 0, 0, 0, 0], "median": [0.106801182032, 0.251737117767, 0.406494915485, 0.453963726759, 0.274062871933, 0.0940742865205, 0.0287871137261, 0.0262593477964, 0.0347038395703, 0.0481864176691, 0.0431478098035, 0.0281761195511, 0.0276001617312, 0.0321211069822, 0.0596107915044, 0.163546025753, 0.183946043253, 0.0759705230594, 0.031557675451, 0.0270267818123, 0.0273820385337, 0.0303862411529, 0.0530961342156, 0.138270542026, 0.210702165961, 0.139468207955, 0.0418083406985, 0.0184661988169, 0.0165387298912, 0.0170524567366, 0.0207835845649, 0.0211357977241, 0.0178140867501, 0.018116356805, 0.0209521539509, 0.0314316861331], "dvar2": [0.168937399983, 0.165108159184, 0.147927165031, 0.152773305774, 0.137218803167, 0.112812958658, 0.0790638849139, 0.0599122606218, 0.0632291659713, 0.0652156546712, 0.0495582483709, 0.0392002426088, 0.041600368917, 0.0483882389963, 0.0548304282129, 0.0992858707905, 0.110859453678, 0.0939156636596, 0.0606974549592, 0.0604477673769, 0.0495560839772, 0.0438959933817, 0.0558919534087, 0.0848155468702, 0.128108590841, 0.0836344137788, 0.0376637727022, 0.0260685291141, 0.0201552398503, 0.0145943742245, 0.020696785301, 0.0462491065264, 0.0595375970006, 0.0690166801214, 0.0893940553069, 0.122426576912], "var": [0.0691511183977, 0.100482523441, 0.114734657109, 0.121433734894, 0.1023266837, 0.0451241545379, 0.0223210975528, 0.0168638750911, 0.0216002762318, 0.0225998070091, 0.0176454987377, 0.0143273053691, 0.0136298621073, 0.0173581633717, 0.0253024101257, 0.084999024868, 0.129757627845, 0.066640779376, 0.0246157385409, 0.0349589549005, 0.0207152739167, 0.0139606148005, 0.0226438697428, 0.057093501091, 0.0895077586174, 0.0581274479628, 0.0157108213753, 0.00661728158593, 0.00561710167676, 0.00479162903503, 0.00678022019565, 0.0129345888272, 0.0168603397906, 0.0193491056561, 0.0244993977249, 0.0387772247195], "dmean2": [0.389724463224, 0.447759747505, 0.454143315554, 0.459972053766, 0.404462635517, 0.302544087172, 0.188146814704, 0.146170988679, 0.158501580358, 0.169340461493, 0.144453436136, 0.109143659472, 0.114516600966, 0.132072150707, 0.181481406093, 0.290345042944, 0.288943231106, 0.233251392841, 0.155821397901, 0.132305622101, 0.130232200027, 0.135723680258, 0.182716116309, 0.281480848789, 0.370368689299, 0.27684867382, 0.135443046689, 0.0758789107203, 0.0601326711476, 0.0523833706975, 0.067516900599, 0.0943448767066, 0.108160488307, 0.126646205783, 0.170494303107, 0.255378931761], "max": [1, 1, 1, 1, 1, 1, 1, 1, 1, 1, 1, 1, 1, 1, 1, 1, 1, 1, 1, 1, 1, 1, 1, 1, 1, 1, 1, 1, 1, 1, 1, 1, 1, 1, 1, 1], "dmean": [0.219185426831, 0.257808417082, 0.261856049299, 0.264496564865, 0.233411803842, 0.170460566878, 0.102398000658, 0.0803059712052, 0.0890994891524, 0.0959881469607, 0.0815398767591, 0.0616128630936, 0.0638211518526, 0.0737334042788, 0.103821121156, 0.172174230218, 0.169887334108, 0.13533885777, 0.0880676582456, 0.0750590637326, 0.0734428465366, 0.0751421973109, 0.104218520224, 0.166663199663, 0.217157870531, 0.161023974419, 0.0770803168416, 0.0420747436583, 0.0335706137121, 0.029520528391, 0.0380253791809, 0.0525830723345, 0.0596893019974, 0.0699573606253, 0.0929714441299, 0.141337424517]}, "key_strength": 0.811298072338, "chords_strength": {"dvar": 0.000320135470247, "mean": 0.666081249714, "min": -1, "median": 0.688163816929, "dvar2": 0.000624891661573, "var": 0.0250549782068, "dmean2": 0.00796717684716, "max": 0.892188489437, "dmean": 0.00645686965436}, "tuning_equal_tempered_deviation": 0.221990838647, "chords_key": "A#", "tuning_frequency": 434.193115234, "chords_scale": "major", "chords_changes_rate": 0.0253417287022, "key_scale": "minor", "tuning_diatonic_strength": 0.749513685703, "hpcp_entropy": {"dvar": 0.261368453503, "mean": 2.26080298424, "min": 0, "median": 2.31208896637, "dvar2": 0.762418329716, "var": 0.551036775112, "dmean2": 1.10979354382, "max": 4.46809196472, "dmean": 0.653239965439}, "chords_histogram": [20.3808937073, 0.814007043839, 9.03087043762, 0, 0, 0, 0, 0, 0, 12.2868995667, 0, 0.0153586240485, 0, 0, 0, 0, 0.445400089025, 0, 0, 0.199662104249, 0, 0.215020731091, 0.660420835018, 55.9514656067], "tuning_nontempered_energy_ratio": 0.906656503677, "key_key": "D"}, "metadata": {"version": {"extractor": "music 1.0", "essentia_build_sha": "70f2e5ece6736b2c40cc944ad0e695b16b925413", "essentia": "2.1-beta2", "essentia_git_sha": "v2.1_beta2"}, "audio_properties": {"sample_rate": 24000, "length": 302.303985596, "lossless": false, "analysis_sample_rate": 44100, "downmix": "mix", "bit_rate": 63358, "equal_loudness": 0, "md5_encoded": "4b0f94a05d6ae4a6b5a92ec9e0bc9787", "codec": "mp3", "replay_gain": -13.4611682892}, "tags": {"musicbrainz_recordingid": ["a8167977-9936-4424-b48d-91e90123b9e6"], "file_name": "1816865.mp3"}}, "lowlevel": {"melbands": {"dvar": [4.72075271318e-06, 4.12865165345e-06, 6.85444774717e-07, 4.54075632206e-07, 1.16244552828e-06, 1.96103755457e-07, 8.34002520378e-08, 6.69551312171e-08, 9.0000213504e-08, 1.21600137959e-07, 6.08251404799e-09, 7.49016315638e-09, 1.23290027076e-08, 5.10937736564e-09, 1.2772068958e-09, 1.16842446829e-09, 4.40023240067e-10, 1.42044342955e-09, 9.52160794654e-10, 1.11605324982e-09, 8.78673522831e-10, 1.15210903318e-10, 6.27110585683e-11, 1.0309328391e-10, 1.01334773905e-10, 4.24034557467e-11, 2.60854584461e-11, 9.20344096073e-12, 2.70675105593e-12, 1.05879140091e-12, 2.45425858456e-12, 7.07274794287e-11, 5.66171935723e-11, 4.4483253886e-12, 3.75313191983e-12, 3.1073119338e-12, 9.23251709459e-13, 1.84895881158e-13, 1.03510109555e-13, 7.26471901841e-14], "mean": [0.00197851704434, 0.00164604792371, 0.000963283877354, 0.000928009685595, 0.00124449771829, 0.000471377541544, 0.000240704088355, 0.000185849101399, 0.00029418914346, 0.000310922769131, 7.72511193645e-05, 9.84319631243e-05, 8.24904054753e-05, 8.13399019535e-05, 4.82843934151e-05, 4.06539802498e-05, 2.63295169134e-05, 3.83913138648e-05, 3.8468537241e-05, 3.25445180351e-05, 2.46628078457e-05, 9.89887666947e-06, 8.47483170219e-06, 9.67820506048e-06, 1.12836987682e-05, 7.74341697252e-06, 7.04929789208e-06, 4.65539415018e-06, 2.64556206275e-06, 1.54489293891e-06, 1.71772251178e-06, 3.77997776013e-06, 4.97666633237e-06, 2.76944524558e-06, 1.84644000001e-06, 2.46862418862e-06, 1.26313591409e-06, 5.1082798791e-07, 3.8737050545e-07, 4.73729926398e-07], "min": [4.68962129543e-25, 9.98126770714e-25, 1.45062241494e-24, 2.03132688892e-24, 1.55601413327e-24, 2.60302996694e-24, 2.01356450235e-24, 1.25957568648e-24, 1.63544877794e-24, 2.06480851232e-24, 1.73288720062e-24, 2.01822962853e-24, 2.61741267618e-24, 2.83032998158e-24, 3.13031524561e-24, 3.72011183456e-24, 3.87542355844e-24, 4.58664871768e-24, 2.19965264837e-24, 2.7861304995e-24, 3.55424791278e-24, 4.717281717e-24, 2.94967201477e-24, 4.18978462917e-24, 4.22997669787e-24, 3.47481474722e-24, 5.72569010632e-24, 4.99180807303e-24, 3.61429166615e-24, 5.04519344593e-24, 5.13944575802e-24, 4.6520164933e-24, 6.25943260593e-24, 4.34271990958e-24, 4.79147921273e-24, 5.6704678708e-24, 5.10247460841e-24, 5.57732430271e-24, 5.47486349847e-24, 5.86748627631e-24], "median": [0.00113426544704, 0.00098739110399, 0.000647444627248, 0.000632833049167, 0.000463804986794, 9.90623811958e-05, 0.000128589104861, 0.000113318761578, 0.000137065406307, 0.000120784963656, 3.89876113331e-05, 5.41043918929e-05, 4.65938865091e-05, 5.25260402355e-05, 3.36702287314e-05, 2.31135491049e-05, 1.67138441611e-05, 1.81365157914e-05, 2.01171133085e-05, 3.54443182005e-06, 3.39806956617e-06, 2.2346687274e-06, 2.19595744966e-06, 9.93918092718e-07, 1.37897939112e-06, 1.80954089046e-06, 1.64546224823e-06, 1.14814940844e-06, 9.88750912256e-07, 6.66370453928e-07, 7.81506344083e-07, 2.38001280195e-06, 2.92604568131e-06, 2.0316501832e-06, 1.02740546026e-06, 5.03267585827e-07, 3.05883702367e-07, 2.29560782827e-07, 2.71856293921e-07, 3.63467478337e-07], "dvar2": [1.43721072163e-05, 1.02378735392e-05, 1.86180272976e-06, 1.12137695396e-06, 3.03016577163e-06, 5.40625080703e-07, 2.02164457619e-07, 1.59533627198e-07, 2.23248861175e-07, 3.190503719e-07, 1.453201115e-08, 1.85861548374e-08, 2.78040026558e-08, 1.41516558472e-08, 3.52254825309e-09, 2.99855273944e-09, 1.20603504961e-09, 4.06612521431e-09, 2.66980193508e-09, 3.13393577756e-09, 2.33535346617e-09, 3.13850251343e-10, 1.66879551844e-10, 2.87495971474e-10, 2.73056216527e-10, 1.12549636277e-10, 7.21910656254e-11, 2.52015908142e-11, 7.38527381611e-12, 2.88345953017e-12, 6.82748822756e-12, 2.06004463488e-10, 1.64176769402e-10, 1.26511379497e-11, 1.05711281742e-11, 8.66038924602e-12, 2.55946544341e-12, 5.01447787373e-13, 2.82487954469e-13, 1.99759534001e-13], "var": [8.25706865726e-06, 6.17599334873e-06, 1.15315606308e-06, 1.00020349691e-06, 3.43368060385e-06, 5.85481927828e-07, 1.51903265078e-07, 9.89142421304e-08, 1.86287593351e-07, 2.33050755583e-07, 1.3456030068e-08, 1.69249751991e-08, 2.59813894843e-08, 9.64403934489e-09, 2.68895306021e-09, 2.49298270916e-09, 9.76134728603e-10, 2.53751020196e-09, 2.17000595271e-09, 2.73936962003e-09, 2.06938555181e-09, 2.45541753596e-10, 1.53061285868e-10, 2.23841972735e-10, 3.08669728666e-10, 1.31519808932e-10, 9.29575999509e-11, 3.85280522763e-11, 1.07255185636e-11, 3.58244098449e-12, 4.75057580079e-12, 4.37050950985e-11, 4.51583007099e-11, 8.88150750861e-12, 4.3544031228e-12, 9.10191973874e-12, 2.6365266307e-12, 3.83779135858e-13, 1.70993874984e-13, 2.84899436941e-13], "dmean2": [0.00211415509693, 0.00174306682311, 0.00103760382626, 0.000836803519633, 0.00103797577322, 0.000399918382755, 0.000247551710345, 0.000183278214536, 0.000287625647616, 0.00032656287658, 7.11386455805e-05, 9.33995179366e-05, 7.72514467826e-05, 7.72522689658e-05, 4.30841864727e-05, 3.61749407602e-05, 2.31788817473e-05, 3.85552011721e-05, 3.43044666806e-05, 2.84770430881e-05, 2.11364604183e-05, 8.23262234917e-06, 6.82446170686e-06, 6.9543234531e-06, 8.71545398695e-06, 5.90245463172e-06, 5.02988223161e-06, 3.23352105625e-06, 1.88934052403e-06, 1.19996900594e-06, 1.71638203028e-06, 5.42138150195e-06, 5.46469800611e-06, 2.26818724514e-06, 2.07152447729e-06, 2.08356777875e-06, 9.48149818214e-07, 4.61245605266e-07, 3.43782431855e-07, 3.19088911738e-07], "max": [0.0373917855322, 0.0443819314241, 0.01753253676, 0.012552860193, 0.0209275409579, 0.00923712085932, 0.012691071257, 0.0102310851216, 0.00611130334437, 0.00592815782875, 0.00244637997821, 0.00153534370475, 0.00536602735519, 0.00127128011081, 0.000546772556845, 0.000697251991369, 0.000356086209649, 0.00053598015802, 0.000872904725838, 0.000570082687773, 0.000755464308895, 0.000294263387332, 0.000348025176208, 0.000552459503524, 0.000183796146302, 0.000192563180462, 0.000145307451021, 7.34785789973e-05, 2.91259384539e-05, 2.44717375608e-05, 2.39838391281e-05, 8.60638465383e-05, 7.31621621526e-05, 4.18151939812e-05, 1.57669983309e-05, 2.19249322981e-05, 4.43515491497e-05, 7.85419706517e-06, 6.6715901994e-06, 5.62714467378e-06], "dmean": [0.00119496893603, 0.00105205329601, 0.000611053546891, 0.000523194146808, 0.000647782173473, 0.000240350156673, 0.000148607359733, 0.000110100445454, 0.000175105626113, 0.000195096217794, 4.29223437095e-05, 5.76508573431e-05, 4.64271288365e-05, 4.53436114185e-05, 2.52813351835e-05, 2.19423327508e-05, 1.37139795697e-05, 2.24647683353e-05, 2.02024275495e-05, 1.66641038959e-05, 1.25917658806e-05, 4.88268460686e-06, 4.00886438001e-06, 4.07161223848e-06, 5.16857380717e-06, 3.52761071554e-06, 2.9575685403e-06, 1.90814330381e-06, 1.11721737994e-06, 7.08520815351e-07, 9.97720917439e-07, 2.93827611131e-06, 2.99687508232e-06, 1.29395857584e-06, 1.15782199828e-06, 1.18216382816e-06, 5.5221880757e-07, 2.69272220521e-07, 2.03162301204e-07, 1.90864739125e-07]}, "spectral_decrease": {"dvar": 6.15491858911e-18, "mean": -7.48037543019e-09, "min": -4.77945825139e-08, "median": -6.44764464042e-09, "dvar2": 1.66486443365e-17, "var": 3.28974328737e-17, "dmean2": 3.18140580546e-09, "max": 2.44718408754e-28, "dmean": 1.91183646692e-09}, "spectral_rolloff": {"dvar": 456680.0625, "mean": 1183.17858887, "min": 64.599609375, "median": 882.861328125, "dvar2": 1258403, "var": 3051190.25, "dmean2": 616.405029297, "max": 19466.015625, "dmean": 350.691558838}, "melbands_crest": {"dvar": 7.15593385696, "mean": 13.2238512039, "min": 1.63393211365, "median": 12.5383787155, "dvar2": 19.875825882, "var": 21.4086837769, "dmean2": 5.4868516922, "max": 34.1231765747, "dmean": 3.2751224041}, "barkbands_skewness": {"dvar": 0.152941584587, "mean": 1.62719082832, "min": -2.59393501282, "median": 1.53136885166, "dvar2": 0.411167174578, "var": 0.801761388779, "dmean2": 0.700423061848, "max": 7.23298549652, "dmean": 0.426790326834}, "spectral_centroid": {"dvar": 73408.8046875, "mean": 1058.23937988, "min": 190.62171936, "median": 932.493164062, "dvar2": 193811.265625, "var": 889265.5, "dmean2": 330.683898926, "max": 11779.5751953, "dmean": 197.873001099}, "spectral_energyband_middle_low": {"dvar": 3.28941314365e-05, "mean": 0.0147742563859, "min": 1.77344602653e-22, "median": 0.0109502095729, "dvar2": 8.72495002113e-05, "var": 0.000166313417139, "dmean2": 0.00755685148761, "max": 0.102137334645, "dmean": 0.00468455674127}, "erbbands_crest": {"dvar": 5.48245668411, "mean": 8.02300643921, "min": 2.39485478401, "median": 7.12531900406, "dvar2": 14.2136411667, "var": 13.2214460373, "dmean2": 4.1731133461, "max": 29.8956718445, "dmean": 2.50889110565}, "dynamic_complexity": 4.74329471588, "spectral_energyband_low": {"dvar": 7.30463798391e-05, "mean": 0.0111032342538, "min": 6.00860008162e-24, "median": 0.00775179546326, "dvar2": 0.000194218417164, "var": 0.000180205475772, "dmean2": 0.00923581514508, "max": 0.164601027966, "dmean": 0.00539824878797}, "silence_rate_60dB": {"dvar": 0.00458695599809, "mean": 0.0987635329366, "min": 0, "median": 0, "dvar2": 0.0114367641509, "var": 0.0890212506056, "dmean2": 0.00921729765832, "max": 1, "dmean": 0.00460829492658}, "erbbands_kurtosis": {"dvar": 1.19617211819, "mean": 0.422369211912, "min": -1.69790613651, "median": -0.0991151332855, "dvar2": 3.15490937233, "var": 2.87726688385, "dmean2": 1.3293235302, "max": 15.4277896881, "dmean": 0.803915798664}, "spectral_complexity": {"dvar": 4.92486095428, "mean": 19.6656169891, "min": 0, "median": 17, "dvar2": 13.7294960022, "var": 142.275344849, "dmean2": 4.06744003296, "max": 48, "dmean": 2.39923191071}, "barkbands_crest": {"dvar": 4.14699220657, "mean": 8.85372638702, "min": 2.41924381256, "median": 8.20996761322, "dvar2": 11.8099050522, "var": 11.1380681992, "dmean2": 4.02555990219, "max": 22.9602031708, "dmean": 2.3660800457}, "spectral_energy": {"dvar": 9.01256207726e-05, "mean": 0.0297453645617, "min": 9.92968933059e-21, "median": 0.0253996644169, "dvar2": 0.000243789123488, "var": 0.000512369500939, "dmean2": 0.0122887855396, "max": 0.182776406407, "dmean": 0.00738581595942}, "spectral_spread": {"dvar": 483141976064, "mean": 4388190.5, "min": 744476.6875, "median": 4257158, "dvar2": 1169374969860.0, "var": 9741655867390.0, "dmean2": 708970.125, "max": 47289256, "dmean": 440847.65625}, "spectral_contrast_valleys": {"dvar": [0.0866733938456, 0.0746802091599, 0.057030942291, 0.0518318153918, 0.081150919199, 0.18413759768], "mean": [-7.08478975296, -6.74413919449, -7.15851449966, -7.87566232681, -8.28531551361, -10.8300523758], "min": [-28.3748054504, -27.8079528809, -27.8750228882, -27.7719707489, -27.5895042419, -27.4346084595], "median": [-6.59971570969, -6.34967374802, -6.75169849396, -7.53148889542, -8.01536083221, -10.2191543579], "dvar2": [0.23329295218, 0.190418213606, 0.136260569096, 0.120888747275, 0.198295071721, 0.394864529371], "var": [4.32616281509, 4.07633876801, 3.71321678162, 4.0925822258, 5.17807483673, 4.88004302979], "dmean2": [0.614773511887, 0.556899607182, 0.464434981346, 0.415105968714, 0.408178478479, 0.533703505993], "max": [-5.11360645294, -4.78976964951, -5.43041467667, -6.03321790695, -6.0629696846, -8.56406974792], "dmean": [0.359184801579, 0.327982991934, 0.2733502388, 0.248927995563, 0.250332206488, 0.370954304934]}, "spectral_rms": {"dvar": 3.78249893629e-07, "mean": 0.00488122133538, "min": 3.11247512139e-12, "median": 0.00497796759009, "dvar2": 1.02176340988e-06, "var": 5.1937599892e-06, "dmean2": 0.00102155399509, "max": 0.0133535927162, "dmean": 0.000617850804701}, "barkbands_spread": {"dvar": 38.7555809021, "mean": 18.7832603455, "min": 1.22156643867, "median": 17.5781497955, "dvar2": 107.448020935, "var": 107.547470093, "dmean2": 7.80986499786, "max": 93.5150985718, "dmean": 4.61903953552}, "pitch_salience": {"dvar": 0.00307507719845, "mean": 0.601269721985, "min": 0.159414157271, "median": 0.608184039593, "dvar2": 0.00882096961141, "var": 0.00775258382782, "dmean2": 0.114063262939, "max": 0.939506649971, "dmean": 0.067719399929}, "erbbands_skewness": {"dvar": 0.0947042182088, "mean": 0.490258514881, "min": -2.90036273003, "median": 0.467386096716, "dvar2": 0.254166483879, "var": 0.322158157825, "dmean2": 0.528821289539, "max": 3.61832404137, "dmean": 0.322377234697}, "spectral_energyband_middle_high": {"dvar": 1.62613298471e-06, "mean": 0.00412909919396, "min": 1.0869959023e-21, "median": 0.00279038352892, "dvar2": 4.11910878029e-06, "var": 1.40293832374e-05, "dmean2": 0.00159280688968, "max": 0.0372487567365, "dmean": 0.000966781750321}, "erbbands": {"dvar": [0.0950307175517, 2.37433314323, 20.0151863098, 27.1357364655, 26.9458255768, 209.547805786, 1608.84558105, 331.966064453, 298.660644531, 694.24786377, 1367.97094727, 2949.96386719, 263.589141846, 440.412628174, 1107.91491699, 471.517364502, 168.02520752, 109.351135254, 642.807434082, 222.365936279, 679.472351074, 65.3212432861, 66.2769775391, 114.39138031, 55.3182182312, 20.9044818878, 3.94786477089, 6.06253862381, 238.972579956, 31.9352550507, 11.2637033463, 2.74781894684, 0.354241997004, 0.0825754925609, 0.00167385104578, 9.00479903976e-07, 2.76651856979e-09, 6.02191768673e-11, 2.15177164281e-11, 1.0719364979e-10], "mean": [0.248868212104, 1.14284777641, 3.33647799492, 5.21318387985, 7.4815120697, 19.0808677673, 40.0648269653, 19.0285243988, 14.7157211304, 17.1948432922, 35.199596405, 50.424282074, 17.7818241119, 25.4417915344, 25.2469425201, 27.847869873, 18.5821914673, 15.6599311829, 26.9483413696, 22.396856308, 23.75847435, 9.7272233963, 10.1167840958, 13.538438797, 10.6383190155, 7.75053453445, 3.77853751183, 3.05330324173, 7.53177070618, 6.11404466629, 3.66745686531, 2.67147898674, 0.75469660759, 0.51944231987, 0.0701709166169, 0.00174512178637, 0.000116634568258, 1.80460883712e-05, 1.84559085028e-05, 3.52495371772e-05], "min": [3.73318830847e-23, 4.43145200972e-22, 2.71383034992e-21, 4.21509066224e-21, 8.80926026619e-21, 1.92057961173e-20, 2.68313576958e-20, 1.21652974474e-19, 1.35414985121e-19, 1.63687966759e-19, 2.82527182982e-19, 3.8269542059e-19, 4.328592977e-19, 8.72139119616e-19, 9.75700891537e-19, 1.68412990439e-18, 1.81841057932e-18, 2.33076997305e-18, 3.04015324213e-18, 2.80482345979e-18, 3.36864630892e-18, 4.58441114424e-18, 5.7031137793e-18, 6.87580607936e-18, 6.45312671251e-18, 9.40263150606e-18, 8.50824164156e-18, 1.01051328392e-17, 9.33686237556e-18, 8.99978627594e-18, 1.04518505561e-17, 1.08472734946e-17, 8.58762616494e-18, 7.78631479887e-18, 5.6553709823e-18, 4.23800279295e-18, 2.07215609044e-18, 9.20786955609e-19, 2.74314675367e-19, 2.47231877383e-20], "median": [0.133824899793, 0.690791904926, 1.69413006306, 3.36328625679, 5.47997379303, 13.0088195801, 10.0003890991, 4.25607919693, 8.06467151642, 10.274887085, 16.6806564331, 20.6678447723, 9.34548568726, 14.5159187317, 15.4865570068, 18.3167304993, 12.523393631, 10.5524787903, 13.2184000015, 8.06445598602, 2.89634537697, 2.14803671837, 1.61525714397, 1.7440186739, 2.59642505646, 1.84205460548, 1.45189738274, 1.50991535187, 4.87325143814, 4.15911817551, 1.80255627632, 0.596278786659, 0.367573589087, 0.41389760375, 0.0549242980778, 0.00142775685526, 0.000102022524516, 1.43567403939e-05, 1.50031792145e-05, 2.94700148515e-05], "dvar2": [0.296350419521, 6.5068230629, 51.2174415588, 74.8130264282, 70.1291656494, 537.478515625, 4221.70214844, 886.558959961, 718.854370117, 1647.75146484, 3334.85522461, 7764.56152344, 635.20111084, 1091.27331543, 2585.86303711, 1323.20141602, 452.63104248, 295.035675049, 1855.93981934, 622.394714355, 1795.31530762, 176.607330322, 184.684417725, 308.111541748, 147.023376465, 57.4986457825, 10.7758588791, 17.0023460388, 696.377990723, 91.7606277466, 31.7005138397, 7.59530496597, 0.965905964375, 0.225410819054, 0.00435597449541, 2.34678577726e-06, 7.33803506847e-09, 1.63013935683e-10, 5.79239711751e-11, 2.89859330982e-10], "var": [0.145608484745, 3.1402053833, 28.142868042, 40.1429901123, 55.1628684998, 431.653991699, 4511.98876953, 923.191772461, 563.493835449, 990.177246094, 2707.04345703, 5731.52099609, 634.040771484, 1049.29418945, 2220.42797852, 978.582214355, 399.262084961, 294.591217041, 1192.83483887, 766.371032715, 1759.26782227, 195.863800049, 206.453399658, 409.21875, 217.916687012, 101.919708252, 20.154258728, 12.3583574295, 151.340423584, 44.557888031, 16.0837154388, 10.7385110855, 0.742135345936, 0.291948884726, 0.00571835320443, 3.19293644679e-06, 1.07559543494e-08, 2.34533836796e-10, 1.76304040811e-10, 6.94846125082e-10], "dmean2": [0.301399856806, 1.31205189228, 3.87876224518, 6.32217264175, 6.62935113907, 18.249370575, 34.5481796265, 16.5005722046, 14.5817222595, 17.4176826477, 34.3331413269, 51.3784790039, 15.2214708328, 22.9895973206, 22.5212879181, 25.696844101, 14.8338088989, 11.8713169098, 25.8277606964, 15.8854532242, 19.1459693909, 6.44505739212, 6.62184333801, 9.3697681427, 7.15452241898, 4.84263753891, 2.3446161747, 2.64754343033, 9.8371591568, 5.10366678238, 3.58982396126, 1.87849020958, 0.620903909206, 0.340861976147, 0.0494276098907, 0.00115745596122, 6.54494870105e-05, 9.56772419158e-06, 6.74022021485e-06, 1.38209798024e-05], "max": [5.03654384613, 26.3051128387, 94.1062316895, 118.911231995, 79.8949050903, 249.224655151, 780.751037598, 320.549377441, 791.510498047, 1085.50830078, 863.381713867, 1058.17797852, 500.063476562, 364.805419922, 1517.42370605, 363.595001221, 271.248382568, 204.688171387, 360.725250244, 344.002868652, 653.805786133, 230.26512146, 371.212554932, 196.346786499, 215.936035156, 105.021217346, 46.0460205078, 31.5547676086, 150.065002441, 64.2785797119, 27.2625427246, 44.086681366, 9.29307174683, 7.35622882843, 1.01943480968, 0.0220624376088, 0.000979969860055, 0.000117253999633, 8.56904298416e-05, 0.000199752379558], "dmean": [0.169782117009, 0.754427075386, 2.36107468605, 3.65113639832, 4.06559467316, 11.1553964615, 21.761964798, 9.9351606369, 8.76439285278, 10.4710578918, 20.9769420624, 30.5745506287, 9.2347202301, 14.2209501266, 13.6066799164, 15.0212831497, 8.86996746063, 7.0586476326, 15.0334272385, 9.40389728546, 11.4529705048, 3.82768535614, 3.87903261185, 5.55687332153, 4.23826599121, 2.87513208389, 1.39092242718, 1.52354848385, 5.31576108932, 2.86832809448, 2.003282547, 1.09052371979, 0.362627029419, 0.203710377216, 0.0300456993282, 0.000704096921254, 3.94798516936e-05, 5.63899811823e-06, 4.01353190682e-06, 8.29003511171e-06]}, "dissonance": {"dvar": 0.000392185233068, "mean": 0.463106662035, "min": 0.241959184408, "median": 0.471543997526, "dvar2": 0.0011123593431, "var": 0.00099153444171, "dmean2": 0.0346573516726, "max": 0.500000178814, "dmean": 0.0201889388263}, "erbbands_flatness_db": {"dvar": 0.000150232532178, "mean": 0.175510928035, "min": 0.089503519237, "median": 0.162847831845, "dvar2": 0.000386898202123, "var": 0.00187067780644, "dmean2": 0.0214092042297, "max": 0.37246888876, "dmean": 0.0133306039497}, "melbands_kurtosis": {"dvar": 50.5856895447, "mean": 11.6750516891, "min": -1.76675832272, "median": 8.2785243988, "dvar2": 135.309509277, "var": 139.050827026, "dmean2": 8.49548339844, "max": 152.118392944, "dmean": 5.13246679306}, "melbands_spread": {"dvar": 71.483001709, "mean": 19.7009620667, "min": 1.25625896454, "median": 17.3065261841, "dvar2": 193.540924072, "var": 280.204925537, "dmean2": 8.75568294525, "max": 185.935134888, "dmean": 5.24960327148}, "melbands_skewness": {"dvar": 0.303137362003, "mean": 2.56512784958, "min": -0.841551959515, "median": 2.41831207275, "dvar2": 0.810325443745, "var": 1.30811655521, "dmean2": 0.976221978664, "max": 9.98306465149, "dmean": 0.596114099026}, "spectral_entropy": {"dvar": 0.027153423056, "mean": 7.47257900238, "min": 5.10147428513, "median": 7.62245130539, "dvar2": 0.0705587714911, "var": 0.32313400507, "dmean2": 0.238055899739, "max": 9.82052612305, "dmean": 0.148960977793}, "zerocrossingrate": {"dvar": 4.10344473494e-05, "mean": 0.0512915812433, "min": 0.00341796875, "median": 0.0458984375, "dvar2": 7.33895940357e-05, "var": 0.00207684421912, "dmean2": 0.00878219865263, "max": 0.53759765625, "dmean": 0.00641771079972}, "average_loudness": 0.805124819279, "spectral_contrast_coeffs": {"dvar": [0.00156354450155, 0.00138214160688, 0.000928221736103, 0.000611582305282, 0.000351529452018, 0.000568223826122], "mean": [-0.65685659647, -0.748869299889, -0.787475526333, -0.787655830383, -0.797391235828, -0.744178771973], "min": [-0.979003965855, -0.982547700405, -0.977123379707, -0.970733940601, -0.967290759087, -0.965403079987], "median": [-0.657433748245, -0.755152463913, -0.790531754494, -0.787275135517, -0.797311425209, -0.743128836155], "dvar2": [0.0044253510423, 0.00388249894604, 0.00258360104635, 0.00171569094528, 0.000945682637393, 0.00140071101487], "var": [0.00534322997555, 0.00568966753781, 0.00293451244943, 0.00180425599683, 0.0017684585182, 0.00292732287198], "dmean2": [0.0859413221478, 0.0793552175164, 0.0658374577761, 0.0530505739152, 0.0383132323623, 0.0385554283857], "max": [-0.338667780161, -0.439160317183, -0.59281373024, -0.588517904282, -0.60170853138, -0.443794339895], "dmean": [0.050942402333, 0.0472010560334, 0.0390267372131, 0.0316219590604, 0.0230994876474, 0.0244200062007]}, "barkbands_flatness_db": {"dvar": 0.000288639595965, "mean": 0.176799327135, "min": 0.0609435513616, "median": 0.163398936391, "dvar2": 0.000822049216367, "var": 0.0032586385496, "dmean2": 0.0357866100967, "max": 0.430684745312, "dmean": 0.0209305193275}, "silence_rate_30dB": {"dvar": 0.00565065722913, "mean": 0.995776057243, "min": 0, "median": 1, "dvar2": 0.0149238537997, "var": 0.00420631002635, "dmean2": 0.0113680008799, "max": 1, "dmean": 0.00568356364965}, "spectral_energyband_high": {"dvar": 2.29539864449e-07, "mean": 0.000593376578763, "min": 7.08102631938e-21, "median": 0.000331661198288, "dvar2": 6.55667633964e-07, "var": 3.62520751196e-07, "dmean2": 0.000409310363466, "max": 0.00456036860123, "dmean": 0.000229160810704}, "melbands_flatness_db": {"dvar": 0.000406691309763, "mean": 0.212578415871, "min": 0.0035571125336, "median": 0.193531647325, "dvar2": 0.00108381430618, "var": 0.00738537637517, "dmean2": 0.0367517583072, "max": 0.535876572132, "dmean": 0.0225583929569}, "barkbands": {"dvar": [1.4481412336e-06, 5.23504713783e-05, 1.71316551132e-05, 4.11581640947e-06, 8.5800402303e-06, 1.3757967281e-05, 2.63231845565e-06, 2.02853766496e-06, 3.84225540984e-06, 2.74764516917e-07, 6.04454385211e-07, 3.06962107288e-07, 8.95479885799e-08, 4.74694772379e-08, 2.22898378865e-07, 2.31000001349e-07, 2.86453083476e-08, 2.67227697748e-08, 3.04267899764e-08, 1.00764605548e-08, 1.91907778557e-09, 1.18014966688e-07, 1.216087675e-08, 2.59978927275e-09, 1.93648430624e-10, 3.42680599817e-18, 3.82100367537e-18], "mean": [0.000978593947366, 0.00616381131113, 0.00316184200346, 0.00193208560813, 0.00469451025128, 0.00369893130846, 0.00123253231868, 0.00117818720173, 0.00192430382594, 0.000514447805472, 0.000628242210951, 0.000668890192173, 0.000385006074794, 0.000270055548754, 0.000541490619071, 0.000471331673907, 0.000173351698322, 0.000196040899027, 0.000239903107285, 0.000165700534126, 7.70173137425e-05, 0.000209467412787, 0.000135412890813, 7.78754692874e-05, 2.63625079242e-05, 9.57627421805e-10, 1.00689234728e-09], "min": [3.84228508954e-25, 1.90589228575e-24, 1.81836599895e-24, 1.68969923543e-24, 7.32499002354e-24, 5.27407552112e-24, 3.98695074107e-24, 7.35227987769e-24, 1.68633675527e-23, 1.74458766446e-23, 1.74057110027e-23, 3.2167166562e-23, 3.07557019205e-23, 3.4124409354e-23, 4.77697403284e-23, 2.87609787693e-23, 7.37438470689e-23, 1.10995846943e-22, 1.39078474753e-22, 1.34090665022e-22, 2.50051286958e-22, 3.13515840981e-22, 3.68710684092e-22, 5.85734094132e-22, 8.35958147939e-22, 1.22373404763e-21, 1.92777753709e-21], "median": [0.000267146620899, 0.00362146925181, 0.0015794953797, 0.00110060733277, 0.00338304112665, 0.000660059391521, 0.000655359996017, 0.000536249601282, 0.000801364483777, 0.000269374519121, 0.000340967671946, 0.000433821522165, 0.000237215441302, 0.000175742956344, 0.000258148851572, 4.67309109808e-05, 4.43577482656e-05, 2.7733589377e-05, 4.7738696594e-05, 4.01884426537e-05, 3.2709511288e-05, 0.000130304339109, 8.50006181281e-05, 2.20446163439e-05, 2.13313796849e-05, 2.93086804826e-10, 3.029063389e-10], "dvar2": [3.29906606567e-06, 0.000154884721269, 4.48063619842e-05, 1.145805345e-05, 2.21182745008e-05, 3.87347245123e-05, 6.37456196273e-06, 4.91831951877e-06, 9.83653353614e-06, 6.52590927075e-07, 1.39302369462e-06, 8.6459749582e-07, 2.39052042161e-07, 1.27049830212e-07, 6.41090878162e-07, 6.25921757091e-07, 7.72300765561e-08, 7.45582724448e-08, 8.06314446322e-08, 2.7757872445e-08, 5.32537791642e-09, 3.43123502944e-07, 3.42169421685e-08, 7.14952186343e-09, 5.21865994862e-10, 1.10071823962e-17, 1.22729076998e-17], "var": [5.14552175446e-06, 8.17940090201e-05, 2.34324525081e-05, 6.00000203121e-06, 2.14222709474e-05, 3.99195450882e-05, 4.37149537902e-06, 3.47097511622e-06, 8.20088553155e-06, 5.70361123664e-07, 1.26816564716e-06, 5.93379638758e-07, 1.93362154732e-07, 1.01966172394e-07, 4.65184939458e-07, 6.25249469977e-07, 6.84796077621e-08, 7.914733402e-08, 1.22099336863e-07, 4.6450072233e-08, 8.20145107383e-09, 8.59843680701e-08, 1.96404670305e-08, 8.8353138139e-09, 7.69107888487e-10, 2.79610911204e-18, 3.11649518843e-18], "dmean2": [0.000965403625742, 0.00669880723581, 0.00399951869622, 0.00251910206862, 0.00384650682099, 0.00309898843989, 0.00133631681092, 0.00128707953263, 0.00187618751079, 0.000509090139531, 0.000616651843302, 0.00063325476367, 0.000336926808814, 0.000236683132243, 0.000504133698996, 0.000394890026655, 0.000138481380418, 0.000134650908876, 0.00016439963656, 0.000106795800093, 5.375573528e-05, 0.000231478086789, 0.000124302721815, 5.72564676986e-05, 1.67249818332e-05, 2.22255613913e-09, 2.34708430469e-09], "max": [0.0339724384248, 0.129671767354, 0.0813184827566, 0.0469942130148, 0.0519176386297, 0.07679271698, 0.0586809627712, 0.0339576452971, 0.0401418320835, 0.0133078414947, 0.0335660427809, 0.0094466432929, 0.00616231514141, 0.00576466228813, 0.00960200279951, 0.0100849205628, 0.00511571532115, 0.00710534490645, 0.00331738265231, 0.00196518166922, 0.000769991253037, 0.0033353108447, 0.000948663160671, 0.00145122490358, 0.000360289559467, 2.19556177683e-08, 2.35569022067e-08], "dmean": [0.000579201732762, 0.00380575936288, 0.00239805039018, 0.00146336085163, 0.00238362210803, 0.00189772911835, 0.000801344460342, 0.000782467599493, 0.00112873467151, 0.000311218231218, 0.00037259986857, 0.000370522757294, 0.000202329785679, 0.000140490694321, 0.000295419595204, 0.000233397673583, 8.19614288048e-05, 7.879511395e-05, 9.85506194411e-05, 6.31384318694e-05, 3.16658843076e-05, 0.000126327373437, 7.00831078575e-05, 3.32944946422e-05, 1.01263358374e-05, 1.19925602782e-09, 1.26676025225e-09]}, "erbbands_spread": {"dvar": 87.1403884888, "mean": 38.3573799133, "min": 3.94413900375, "median": 38.8392944336, "dvar2": 236.186325073, "var": 231.26864624, "dmean2": 13.3133449554, "max": 119.847938538, "dmean": 7.92863225937}, "barkbands_kurtosis": {"dvar": 8.82884216309, "mean": 4.08835697174, "min": -1.8834887743, "median": 2.52814626694, "dvar2": 23.6830024719, "var": 27.0026359558, "dmean2": 3.66585850716, "max": 76.8188323975, "dmean": 2.21016430855}, "spectral_flux": {"dvar": 0.000267410941888, "mean": 0.0842829346657, "min": 6.43952738355e-11, "median": 0.0840913876891, "dvar2": 0.000679633463733, "var": 0.00183459615801, "dmean2": 0.0251311659813, "max": 0.327899038792, "dmean": 0.0151927694678}, "silence_rate_20dB": {"dvar": 0, "mean": 1, "min": 1, "median": 1, "dvar2": 0, "var": 0, "dmean2": 0, "max": 1, "dmean": 0}, "gfcc": {"cov": [[25169.90625, -851.637451172, -1831.79174805, 2293.4296875, -1846.03442383, 504.364471436, -807.583557129, 469.097259521, 60.0537452698, 207.789779663, 194.673522949, 139.119857788, 43.2196617126], [-851.637451172, 1429.96679688, 233.815124512, -416.125274658, 409.260345459, -130.653701782, 150.244400024, -166.414932251, 68.5186767578, -160.678451538, 45.4084625244, -130.164733887, 51.7186164856], [-1831.79174805, 233.815124512, 576.511535645, -160.191574097, 224.871444702, 54.9804878235, 125.260971069, -41.2892074585, 3.76466226578, 1.73342168331, -20.6645832062, -10.7120199203, -19.0911064148], [2293.4296875, -416.125274658, -160.191574097, 457.030029297, -198.353820801, 53.8612518311, -77.6719512939, 75.2343978882, 15.2331285477, 29.1281852722, 27.4203014374, 56.7347335815, -1.51184058189], [-1846.03442383, 409.260345459, 224.871444702, -198.353820801, 355.659301758, -63.4151649475, 93.5594558716, -49.6663551331, 27.5501785278, -58.7244606018, 21.3791122437, -24.9800758362, 31.2478065491], [504.364471436, -130.653701782, 54.9804878235, 53.8612518311, -63.4151649475, 213.011642456, 38.6802635193, 13.8646717072, -31.1138000488, 43.6396102905, -18.0781593323, 6.38207197189, -31.6340694427], [-807.583557129, 150.244400024, 125.260971069, -77.6719512939, 93.5594558716, 38.6802635193, 146.301147461, -17.8792381287, 19.2745876312, -15.4000778198, -0.0121327647939, -17.998966217, -14.2268781662], [469.097259521, -166.414932251, -41.2892074585, 75.2343978882, -49.6663551331, 13.8646717072, -17.8792381287, 103.663299561, 15.8348846436, 33.3752975464, -2.59020447731, 11.0347957611, 0.421850860119], [60.0537452698, 68.5186767578, 3.76466226578, 15.2331285477, 27.5501785278, -31.1138000488, 19.2745876312, 15.8348846436, 81.5168304443, 5.67282009125, 23.1562862396, 0.787269532681, 7.11046361923], [207.789779663, -160.678451538, 1.73342168331, 29.1281852722, -58.7244606018, 43.6396102905, -15.4000778198, 33.3752975464, 5.67282009125, 89.2416152954, 2.93484330177, 18.5063285828, -13.9312381744], [194.673522949, 45.4084625244, -20.6645832062, 27.4203014374, 21.3791122437, -18.0781593323, -0.0121327647939, -2.59020447731, 23.1562862396, 2.93484330177, 79.6120376587, 22.309223175, 22.0785808563], [139.119857788, -130.164733887, -10.7120199203, 56.7347335815, -24.9800758362, 6.38207197189, -17.998966217, 11.0347957611, 0.787269532681, 18.5063285828, 22.309223175, 62.0487861633, 19.5125007629], [43.2196617126, 51.7186164856, -19.0911064148, -1.51184058189, 31.2478065491, -31.6340694427, -14.2268781662, 0.421850860119, 7.11046361923, -13.9312381744, 22.0785808563, 19.5125007629, 58.3759078979]], "mean": [-44.6272277832, 137.319824219, -129.831939697, 47.3763885498, -74.603263855, 30.9549064636, -35.2077522278, -3.48694658279, -8.01998710632, -15.0736942291, 0.726406097412, -17.0863285065, 5.17599201202], "icov": [[0.00026390014682, -0.000753867789172, 0.0002801247756, -0.00112716702279, 0.000971224857494, -0.000646033906378, 0.000793356099166, -0.000708888866939, 7.7762415458e-05, -0.000244346796535, -0.00013204694551, -0.000125789825688, -0.000112362766231], [-0.000753867789172, 0.00416246708483, -0.00100635772105, 0.00403709150851, -0.00341633241624, 0.00163208518643, -0.00242829788476, 0.00360079994425, -0.00178135978058, 0.00227901339531, -0.00102920550853, 0.00381749914959, -0.00138477794826], [0.0002801247756, -0.00100635772105, 0.00326208001934, -0.00115382845979, -0.000884179899003, -0.00135458621662, -0.000245416187681, -0.000392399844714, 0.000310553587042, -0.00150314427447, 0.0011718745809, -0.0016686556628, 0.00112138641998], [-0.00112716702279, 0.00403709150851, -0.00115382845979, 0.00901445373893, -0.00285954889841, 0.00149932899512, -0.00222183647566, 0.00182753661647, -0.00244927313179, 0.00373010826297, -0.00125430268236, -0.00059075577883, 0.000762782816309], [0.000971224857494, -0.00341633241624, -0.000884179899003, -0.00285954889841, 0.0102576296777, -0.00120849360246, 0.00129382358864, -0.00314657040872, -0.000179420138011, 0.00102177483495, -0.00190454022959, -0.000454183871625, -0.00272531202063], [-0.000646033906378, 0.00163208518643, -0.00135458621662, 0.00149932899512, -0.00120849360246, 0.00908083282411, -0.00533811468631, 0.001576490351, 0.0035355091095, -0.00280493218452, 0.000883327971678, 4.06568760809e-05, 0.00143593247049], [0.000793356099166, -0.00242829788476, -0.000245416187681, -0.00222183647566, 0.00129382358864, -0.00533811468631, 0.0139248352498, -0.00236549554393, -0.0034521096386, 0.00201276876032, -0.00122156506404, -0.000327667134115, 0.00272398605011], [-0.000708888866939, 0.00360079994425, -0.000392399844714, 0.00182753661647, -0.00314657040872, 0.001576490351, -0.00236549554393, 0.0161715503782, -0.00381081737578, -0.00277369073592, 0.0016939889174, 0.00360587332398, -0.0029447930865], [7.7762415458e-05, -0.00178135978058, 0.000310553587042, -0.00244927313179, -0.000179420138011, 0.0035355091095, -0.0034521096386, -0.00381081737578, 0.0181335695088, -0.00446364097297, -0.00267134350725, -0.000526442541741, 0.000669247587211], [-0.000244346796535, 0.00227901339531, -0.00150314427447, 0.00373010826297, 0.00102177483495, -0.00280493218452, 0.00201276876032, -0.00277369073592, -0.00446364097297, 0.0194911751896, -0.0030893762596, -0.00225710077211, 0.00332855060697], [-0.00013204694551, -0.00102920550853, 0.0011718745809, -0.00125430268236, -0.00190454022959, 0.000883327971678, -0.00122156506404, 0.0016939889174, -0.00267134350725, -0.0030893762596, 0.0185129102319, -0.00692593865097, -0.00255013164133], [-0.000125789825688, 0.00381749914959, -0.0016686556628, -0.00059075577883, -0.000454183871625, 4.06568760809e-05, -0.000327667134115, 0.00360587332398, -0.000526442541741, -0.00225710077211, -0.006925938