{"tonal": {"hpcp": {"dvar": [0.00688243238255, 0.00640327017754, 0.00620362954214, 0.0105647528544, 0.0207809433341, 0.0285862535238, 0.031899638474, 0.0332096666098, 0.025211635977, 0.0238435305655, 0.0171731561422, 0.0163079295307, 0.0209999531507, 0.0244793370366, 0.0199903678149, 0.0146634355187, 0.0229100473225, 0.0289510525763, 0.0316072329879, 0.0305192731321, 0.0311918947846, 0.0370790436864, 0.0290571060032, 0.035193823278, 0.0266396477818, 0.0190244596452, 0.019655328244, 0.0335455983877, 0.0377719253302, 0.0280681550503, 0.0177641008049, 0.00885511934757, 0.0111121665686, 0.012715944089, 0.0133509142324, 0.00866997987032], "var": [0.00545203918591, 0.00519875949249, 0.00472375843674, 0.011511741206, 0.0222032684833, 0.0325052365661, 0.11554466933, 0.158631294966, 0.04620135203, 0.0181374009699, 0.0133085707203, 0.0138882370666, 0.0344148464501, 0.0477774478495, 0.0203516408801, 0.013023157604, 0.0187263358384, 0.031353097409, 0.0682041421533, 0.0672931745648, 0.0365148968995, 0.131050214171, 0.152064546943, 0.0544234737754, 0.0539479963481, 0.0218587238342, 0.0204299502075, 0.100484415889, 0.119059748948, 0.0342341735959, 0.0138891935349, 0.00664957752451, 0.00895667821169, 0.0368169508874, 0.0462718456984, 0.0101225245744], "median": [0.00078868563287, 0.000438019487774, 0.000697747047525, 0.00228635361418, 0.00417047273368, 0.0365492552519, 0.211814895272, 0.213727474213, 0.0542723238468, 0.00100764131639, 0.000376136915293, 0.000690291752107, 0.00351958326064, 0.00486545357853, 0.00295761041343, 0.000478527828818, 0.000416319700889, 0.00227592280135, 0.0101162306964, 0.0113314390182, 0.0203297641128, 0.00591449160129, 0.00400901585817, 0.00739031936973, 0.00208765733987, 0.00159949727822, 0.0127266999334, 0.0877797007561, 0.103968441486, 0.0318145081401, 0.000661734258756, 0.000400059303502, 0.0014960821718, 0.00412847381085, 0.0052106520161, 0.00310023408383], "max": [1, 1, 1, 1, 1, 1, 1, 1, 1, 1, 1, 1, 1, 1, 1, 1, 1, 1, 1, 1, 1, 1, 1, 1, 1, 1, 1, 1, 1, 1, 1, 1, 1, 1, 1, 1], "dmean": [0.0232334453613, 0.0205052644014, 0.0220427121967, 0.0336184538901, 0.0576295629144, 0.0997847914696, 0.130370631814, 0.11625726521, 0.0971719101071, 0.0525548756123, 0.0358481369913, 0.0358758382499, 0.0497726723552, 0.0552923865616, 0.0469019971788, 0.0350664146245, 0.0474117510021, 0.0661577507854, 0.0786708816886, 0.0837951600552, 0.0975803211331, 0.10460678488, 0.0805659368634, 0.0979687348008, 0.0619965903461, 0.0474956445396, 0.0665911063552, 0.111190669239, 0.118009269238, 0.0924911648035, 0.0503160692751, 0.0295152869076, 0.033990662545, 0.0451812520623, 0.046403657645, 0.0347367711365], "dmean2": [0.0418679155409, 0.0382392928004, 0.0401667654514, 0.0587235614657, 0.103492312133, 0.175642251968, 0.217193320394, 0.192077279091, 0.167622774839, 0.0976447016001, 0.0659348890185, 0.06454603374, 0.0861882194877, 0.0941990241408, 0.0830174088478, 0.0632635727525, 0.0885721817613, 0.116956315935, 0.131851539016, 0.139759480953, 0.17203772068, 0.187103912234, 0.141389995813, 0.176408439875, 0.113536164165, 0.0861807093024, 0.118322812021, 0.185787945986, 0.192350193858, 0.161322593689, 0.0937700793147, 0.0544560030103, 0.0617421045899, 0.072231926024, 0.0753439366817, 0.0612486302853], "mean": [0.0177218671888, 0.0150416595861, 0.0172867570072, 0.0353688113391, 0.054291240871, 0.111764594913, 0.340716928244, 0.396001160145, 0.159916982055, 0.0371985211968, 0.0256221499294, 0.028534417972, 0.0670446828008, 0.0841772481799, 0.0482037365437, 0.0274111926556, 0.0358955264091, 0.0648653879762, 0.12908616662, 0.132579445839, 0.111812330782, 0.23905621469, 0.257902681828, 0.135024160147, 0.0945571660995, 0.0575732775033, 0.0709750428796, 0.246545508504, 0.279150754213, 0.113251686096, 0.036000482738, 0.0205160733312, 0.0293367411941, 0.0832840651274, 0.0932238921523, 0.0405525788665], "dvar2": [0.0187426023185, 0.0182598810643, 0.0183456577361, 0.0291032381356, 0.0589825212955, 0.081579901278, 0.0798480212688, 0.0784660726786, 0.071524374187, 0.0653121173382, 0.0478771328926, 0.0450372844934, 0.053881097585, 0.0611746907234, 0.0535856224597, 0.0393706336617, 0.0642296671867, 0.0775227844715, 0.0752184838057, 0.0729097872972, 0.0896794423461, 0.106161959469, 0.0749611258507, 0.108480475843, 0.0741890445352, 0.0546027719975, 0.0550655052066, 0.0880070999265, 0.0922341793776, 0.0808025896549, 0.0512476377189, 0.0249079093337, 0.0322001092136, 0.0313176102936, 0.0321586355567, 0.0240383539349], "min": [0, 0, 0, 0, 0, 0, 0, 0, 0, 0, 0, 0, 0, 0, 0, 0, 0, 0, 0, 0, 0, 0, 0, 0, 0, 0, 0, 0, 0, 0, 0, 0, 0, 0, 0, 0]}, "key_key": "E", "thpcp": [1, 0.403829574585, 0.0939353853464, 0.0647022128105, 0.0720563977957, 0.169304251671, 0.212568178773, 0.121726252139, 0.0692199841142, 0.0906450003386, 0.163800999522, 0.325974225998, 0.334795594215, 0.282353550196, 0.603675544262, 0.651267468929, 0.340969115496, 0.238780021667, 0.145386636257, 0.1792293787, 0.622587859631, 0.704924106598, 0.285988271236, 0.0909100472927, 0.0518081150949, 0.0740824639797, 0.21031267941, 0.235413178802, 0.102405205369, 0.0447520576417, 0.0379838757217, 0.0436532981694, 0.0893149152398, 0.137098684907, 0.282232999802, 0.860393762589], "chords_key": "B", "tuning_equal_tempered_deviation": 0.203990966082, "tuning_frequency": 434.193115234, "tuning_diatonic_strength": 0.613775134087, "chords_histogram": [13.7367486954, 5.388692379, 45.2517662048, 4.01943445206, 16.6519432068, 0.795053005219, 0.220848053694, 0.242932856083, 0.905477046967, 0, 0, 0, 0.0441696122289, 0, 0, 0, 0, 1.28091871738, 0, 2.73851585388, 0, 1.47968196869, 0.927561819553, 6.31625461578], "key_strength": 0.798731446266, "key_scale": "major", "chords_strength": {"dvar": 4.40269723185e-05, "var": 0.0106874490157, "median": 0.503006696701, "max": 0.737199425697, "dmean": 0.00759233394638, "dmean2": 0.00615526735783, "mean": 0.500160336494, "dvar2": 3.51386552211e-05, "min": 0.209685713053}, "chords_number_rate": 0.00198763259687, "tuning_nontempered_energy_ratio": 0.960016429424, "hpcp_entropy": {"dvar": 0.189131036401, "var": 0.445441126823, "median": 1.83869886398, "max": 4.42315387726, "dmean": 0.485934317112, "dmean2": 0.81221807003, "mean": 1.81602776051, "dvar2": 0.487253934145, "min": 0}, "chords_changes_rate": 0.0446113087237, "chords_scale": "major"}, "rhythm": {"bpm_histogram_first_peak_spread": {"dvar": 0, "var": 0, "median": 0, "max": 0, "dmean": 0, "dmean2": 0, "mean": 0, "dvar2": 0, "min": 0}, "bpm_histogram_first_peak_weight": {"dvar": 0, "var": 0, "median": 0.156769603491, "max": 0.156769603491, "dmean": 0, "dmean2": 0, "mean": 0.156769603491, "dvar2": 0, "min": 0.156769603491}, "bpm_histogram_first_peak_bpm": {"dvar": 0, "var": 0, "median": 185, "max": 185, "dmean": 0, "dmean2": 0, "mean": 185, "dvar2": 0, "min": 185}, "bpm": 184.569534302, "bpm_histogram_second_peak_weight": {"dvar": 0, "var": 0, "median": 0.111638955772, "max": 0.111638955772, "dmean": 0, "dmean2": 0, "mean": 0.111638955772, "dvar2": 0, "min": 0.111638955772}, "beats_loudness": {"dvar": 0.000520848145243, "var": 0.000940187717788, "median": 0.0213451143354, "max": 0.16029715538, "dmean": 0.0179104395211, "dmean2": 0.0311791282147, "mean": 0.0299466699362, "dvar2": 0.00147230643779, "min": 9.44133482506e-09}, "beats_loudness_band_ratio": {"dvar": [0.0294487606734, 0.0161415096372, 0.0189256966114, 0.00254338001832, 0.000520882022101, 0.0138505492359], "var": [0.0591711513698, 0.0242403093725, 0.0261522065848, 0.00232796859927, 0.000391433131881, 0.0087578734383], "median": [0.760955929756, 0.132240533829, 0.0610912144184, 0.00540040247142, 0.00172156072222, 0.000771875493228], "max": [0.994778692722, 0.959060192108, 0.870048463345, 0.347602158785, 0.221835106611, 0.971281945705], "dmean": [0.183973133564, 0.118318863213, 0.108935795724, 0.025256248191, 0.00943585205823, 0.0294148046523], "dmean2": [0.310179620981, 0.199722260237, 0.192593589425, 0.0455952659249, 0.016973413527, 0.0561938844621], "mean": [0.69517916441, 0.1763086766, 0.12988036871, 0.0227370057255, 0.00778335426003, 0.0199558138847], "dvar2": [0.0770751312375, 0.0439243130386, 0.0551833435893, 0.00680216727778, 0.00141478562728, 0.0397123321891], "min": [0.015964364633, 0.00175992050208, 0.000389550754335, 8.02536960691e-05, 3.95201568608e-05, 9.81219363894e-06]}, "bpm_histogram_second_peak_bpm": {"dvar": 0, "var": 0, "median": 96, "max": 96, "dmean": 0, "dmean2": 0, "mean": 96, "dvar2": 0, "min": 96}, "onset_rate": 2.03096294403, "beats_count": 422, "beats_position": [0.603718817234, 1.21904754639, 1.83437633514, 2.46131515503, 3.07664394379, 3.7151927948, 4.35374164581, 4.99229001999, 5.630838871, 6.26938772202, 6.8963265419, 7.52326536179, 8.16181373596, 8.91646194458, 9.64789104462, 10.379319191, 11.110748291, 11.8421764374, 12.5736055374, 13.3746938705, 14.1293420792, 14.8956003189, 15.6734695435, 16.4513378143, 17.2292060852, 17.8561439514, 18.483083725, 19.1100215912, 19.7369613647, 20.3755092621, 21.0140590668, 21.640996933, 22.2795467377, 22.8832645416, 23.4753742218, 24.102312088, 24.7408618927, 25.37940979, 26.0295696259, 26.6797275543, 27.4692058563, 28.2586841583, 29.0481624603, 29.8376407623, 30.6271190643, 31.4049873352, 32.1828575134, 32.9258956909, 33.6689338684, 34.2842636108, 34.8995895386, 35.514919281, 36.0141487122, 36.5133781433, 37.0242156982, 37.5002250671, 37.9878463745, 38.4754638672, 38.9514732361, 39.4390907288, 39.9383201599, 40.4375495911, 40.9367790222, 41.4243965149, 42.0281181335, 42.6318359375, 43.2355537415, 43.8276634216, 44.4429931641, 45.0699310303, 45.6968688965, 46.3238105774, 46.9507484436, 47.5776863098, 48.1930160522, 48.80834198, 49.4120635986, 50.0273895264, 50.6427192688, 51.2580490112, 51.8733787537, 52.5003166199, 53.1156463623, 53.7425842285, 54.3695220947, 54.9848518372, 55.5885696411, 56.2038993835, 56.819229126, 57.4345550537, 58.0498847961, 58.6536026001, 59.2573242188, 59.884262085, 60.5228118896, 61.1613578796, 61.7999076843, 62.4268455505, 63.0653953552, 63.7039451599, 64.3424911499, 64.9810409546, 65.6776428223, 66.3742370605, 67.0592269897, 67.7442169189, 68.3827667236, 69.0213165283, 69.659866333, 70.2984085083, 70.936958313, 71.5755081177, 72.2140579224, 72.8409957886, 73.4795455933, 74.1297073364, 74.7218093872, 75.3139190674, 75.9060287476, 76.4865264893, 77.0670318604, 77.6939697266, 78.3209075928, 78.947845459, 79.5747833252, 80.2017211914, 80.8402709961, 81.4672088623, 82.08253479, 82.6862564087, 83.3828582764, 84.0794525146, 84.7063903809, 85.3333282471, 85.9486618042, 86.5755996704, 87.2025375366, 87.7946472168, 88.3983688354, 89.0020828247, 89.5709762573, 90.151473999, 90.7319717407, 91.3008575439, 91.8697509766, 92.3689804077, 92.8565979004, 93.3442153931, 93.8318328857, 94.3194503784, 94.8070755005, 95.2714691162, 95.7358703613, 96.2002716064, 96.6762771606, 97.1638946533, 97.6399078369, 98.2436294556, 98.8473434448, 99.4510650635, 100.07800293, 100.704940796, 101.343490601, 101.970428467, 102.608978271, 103.235916138, 103.874465942, 104.617500305, 105.348930359, 106.091972351, 106.823402405, 107.554824829, 108.30947876, 109.052513123, 109.795555115, 110.422492981, 111.037818909, 111.664756775, 112.291702271, 112.930244446, 113.557182312, 114.195732117, 114.84589386, 115.496055603, 116.146209717, 116.79637146, 117.469749451, 118.143127441, 118.828117371, 119.455055237, 120.081993103, 120.743759155, 121.393920898, 122.032470703, 122.671020508, 123.321174622, 123.959724426, 124.598274231, 125.236824036, 125.87537384, 126.502311707, 127.129249573, 127.767799377, 128.441177368, 129.10295105, 129.718276978, 130.345214844, 130.960540771, 131.587478638, 132.214416504, 132.84135437, 133.468292236, 134.060409546, 134.640899658, 135.221405029, 135.720626831, 136.219863892, 136.707473755, 137.171875, 137.647888184, 138.089065552, 138.483810425, 138.878540039, 139.284896851, 139.679641724, 140.016326904, 140.353012085, 140.689697266, 141.026397705, 141.363082886, 141.688156128, 142.013244629, 142.34992981, 142.68661499, 143.02331543, 143.36000061, 143.685073853, 144.010162354, 144.323623657, 144.63710022, 144.962173462, 145.275650024, 145.589111328, 145.914199829, 146.227661133, 146.541137695, 146.866210938, 147.19128418, 147.516372681, 147.841445923, 148.166534424, 148.491607666, 148.816680908, 149.141769409, 149.466842651, 149.803527832, 150.140228271, 150.476913452, 150.813598633, 151.150299072, 151.486984253, 151.835281372, 152.183578491, 152.53187561, 152.856964111, 153.182037354, 153.507110596, 153.832199097, 154.157272339, 154.48236084, 154.807434082, 155.120910645, 155.434371948, 155.759460449, 156.084533691, 156.409606934, 156.723083496, 157.0365448, 157.361633301, 157.675094604, 157.988571167, 158.313644409, 158.63873291, 158.963806152, 159.288879395, 159.613967896, 159.939041138, 160.264129639, 160.600814819, 160.9375, 161.262588501, 161.599273682, 161.982406616, 162.365524292, 162.748657227, 163.120178223, 163.491699219, 163.863220215, 164.246353149, 164.629470825, 165.000991821, 165.372512817, 165.720809937, 166.092330933, 166.475463867, 166.858596802, 167.241714478, 167.624847412, 167.973144531, 168.32144165, 168.646530151, 168.983215332, 169.319900513, 169.644989014, 169.970062256, 170.295150757, 170.631835938, 170.968521118, 171.305206299, 171.641906738, 171.978591919, 172.3152771, 172.640365601, 172.965438843, 173.290512085, 173.615600586, 173.940673828, 174.265762329, 174.579223633, 174.904312134, 175.217773438, 175.53125, 175.844711304, 176.169799805, 176.494873047, 176.819946289, 177.14503479, 177.470108032, 177.795196533, 178.120269775, 178.433731079, 178.75881958, 179.072280884, 179.385757446, 179.710830688, 180.035919189, 180.360992432, 180.686080933, 181.022766113, 181.359451294, 181.696136475, 182.032836914, 182.369522095, 182.706207275, 183.042892456, 183.367980957, 183.704666138, 184.041351318, 184.366439819, 184.703125, 185.039810181, 185.37651062, 185.713195801, 186.038269043, 186.363357544, 186.688430786, 187.013504028, 187.326980591, 187.652053833, 187.977142334, 188.290603638, 188.615692139, 188.987213135, 189.347122192, 189.70703125, 190.066940308, 190.496505737, 190.926071167, 191.355636597, 191.808425903, 192.26121521, 192.714004517, 193.166793823, 193.515090942, 193.875015259, 194.234924316, 194.594833374, 194.954742432, 195.314651489, 195.674560547, 196.022857666, 196.394378662, 196.75428772, 197.137405396, 197.508926392, 197.903671265, 198.298416138, 198.693145752, 199.087890625, 199.459411621, 199.830932617, 200.190841675, 200.550750732, 200.899047852, 201.247344971, 201.607254028, 201.967163086, 202.373504639, 202.77986145, 203.197814941, 203.697052002, 204.196273804, 204.695510864, 205.194732666, 205.693969727, 206.193191528, 206.715637207, 207.238098145, 207.760543823, 208.282989502, 208.805435181, 209.339492798], "danceability": 0.875663459301, "bpm_histogram_second_peak_spread": {"dvar": 0, "var": 0, "median": 0.646616518497, "max": 0.646616518497, "dmean": 0, "dmean2": 0, "mean": 0.646616518497, "dvar2": 0, "min": 0.646616518497}}, "lowlevel": {"spectral_flux": {"dvar": 0.000349907641066, "var": 0.00167139654513, "median": 0.0331594608724, "max": 0.331809192896, "dmean": 0.0140809444711, "dmean2": 0.0227424278855, "mean": 0.0451720058918, "dvar2": 0.000904686748981, "min": 6.51523904271e-11}, "spectral_rolloff": {"dvar": 450607.1875, "var": 4356428, "median": 258.3984375, "max": 20478.0761719, "dmean": 137.166519165, "dmean2": 229.365158081, "mean": 672.225280762, "dvar2": 929882.75, "min": 86.1328125}, "barkbands_flatness_db": {"dvar": 0.000502352428157, "var": 0.00663719139993, "median": 0.270506769419, "max": 0.477650940418, "dmean": 0.0213101692498, "dmean2": 0.0322943404317, "mean": 0.268893122673, "dvar2": 0.00114966428373, "min": 0.0138797331601}, "spectral_centroid": {"dvar": 60309.6445312, "var": 488310.21875, "median": 316.592254639, "max": 11511.2880859, "dmean": 86.7528991699, "dmean2": 131.25088501, "mean": 486.877471924, "dvar2": 108497.492188, "min": 142.876358032}, "melbands_skewness": {"dvar": 0.72511190176, "var": 5.45744228363, "median": 2.65617918968, "max": 17.1394252777, "dmean": 0.68371796608, "dmean2": 1.03564047813, "mean": 3.23963570595, "dvar2": 1.63665151596, "min": -2.1346321106}, "melbands": {"dvar": [1.12320037715e-06, 2.9311029266e-06, 1.96804353436e-06, 5.37538028311e-07, 1.98495612835e-07, 1.213780223e-07, 2.36851267488e-08, 9.58049994892e-08, 3.79085378199e-07, 9.95497870804e-08, 3.5182139424e-09, 1.46042644644e-08, 6.97789959148e-09, 7.9684179255e-09, 9.24505094702e-09, 1.55769108723e-09, 1.10773283879e-08, 7.85067177933e-10, 2.94405388956e-10, 1.83016990452e-10, 1.4847877372e-09, 7.19620807388e-10, 4.50782938755e-10, 2.49359369958e-11, 1.33491958806e-11, 6.61489057974e-11, 1.02156783033e-10, 5.46627187958e-11, 5.04784235245e-11, 4.91321879015e-11, 3.87573029226e-11, 2.93620301683e-11, 7.88001434937e-12, 5.26245713672e-12, 5.29582627751e-12, 2.55911069245e-12, 3.68922730906e-12, 2.41515227956e-12, 4.0555419808e-13, 3.00239732165e-13], "var": [5.31022351424e-06, 9.27485689317e-06, 6.12993244431e-06, 2.18082573156e-06, 6.48831530725e-07, 6.63250034449e-07, 1.1771081887e-07, 4.66001523591e-07, 1.56062526457e-06, 6.13922054526e-07, 8.47287040528e-09, 3.60188856519e-08, 1.40254288183e-08, 1.5482939375e-08, 1.65507518801e-08, 4.36687752625e-09, 2.61166306359e-08, 1.51561230233e-09, 4.32928554117e-10, 3.28574278896e-10, 3.46137563056e-09, 2.17279638726e-09, 1.03680031227e-09, 4.99621420624e-11, 3.54612589293e-11, 1.81855600023e-10, 2.37088293442e-10, 1.02676651903e-10, 7.45690661996e-11, 9.13488520937e-11, 8.87946868811e-11, 5.06785273469e-11, 1.51683665628e-11, 1.18137253452e-11, 9.78780858446e-12, 6.40947321259e-12, 8.7850646896e-12, 4.82638668614e-12, 8.81242398932e-13, 6.63908001925e-13], "median": [0.000612395699136, 0.00128400069661, 0.00085406715516, 0.000316056481097, 9.50472604018e-05, 5.33793354407e-05, 4.16939583374e-05, 4.22473895014e-05, 1.08341964733e-05, 5.68048926652e-06, 2.53249254456e-06, 1.65979201938e-06, 1.61215882599e-06, 9.74289832811e-07, 6.93146773756e-07, 3.62031443046e-07, 3.04349100588e-07, 2.99746545807e-07, 2.16819543652e-07, 1.84213234888e-07, 1.25080163116e-07, 1.24787788991e-07, 7.53595656988e-08, 5.70292293389e-08, 3.88371255156e-08, 2.86838837127e-08, 2.38162787269e-08, 1.04521378219e-08, 6.49847287093e-09, 7.68121299899e-09, 7.71100516772e-09, 5.98789018369e-09, 7.07960756685e-09, 4.96834307029e-09, 3.3724483206e-09, 2.13389439452e-09, 1.48324064142e-09, 1.18028176121e-09, 9.98335747404e-10, 8.1631917892e-10], "max": [0.0155526343733, 0.0251223687083, 0.0271212868392, 0.0149497343227, 0.0136794792488, 0.0216808561236, 0.00730495993048, 0.0173086822033, 0.0347765944898, 0.020009290427, 0.00243971962482, 0.00782578717917, 0.00451086042449, 0.00454274425283, 0.00482243858278, 0.00207672663964, 0.00385072221979, 0.00207765190862, 0.000659373821691, 0.000745185127016, 0.00316759315319, 0.00211275112815, 0.000952394795604, 0.000268742907792, 0.000164654527907, 0.000349038979039, 0.000300353596685, 0.000417302595451, 0.000449888582807, 0.000343535386492, 0.000251063029282, 0.000273918820312, 0.000111355351692, 9.18844962143e-05, 0.000158972819918, 9.26313950913e-05, 0.000106099876575, 6.12666262896e-05, 2.87051097985e-05, 1.54532990564e-05], "dmean": [0.000539555621799, 0.000889887684025, 0.000737669470254, 0.000317730766255, 0.000156023306772, 8.82494859979e-05, 4.84499032609e-05, 9.07612775336e-05, 0.000129772044602, 5.78598555876e-05, 1.28093870444e-05, 1.95682732738e-05, 1.31852566483e-05, 1.1183751667e-05, 1.38982213684e-05, 6.07679248787e-06, 1.28087767735e-05, 3.2076345633e-06, 2.39047335526e-06, 1.40755707889e-06, 2.15297222894e-06, 2.33009677686e-06, 2.37605786424e-06, 8.53474318774e-07, 6.2855934857e-07, 1.21090442917e-06, 1.59289561452e-06, 7.61487626733e-07, 5.99940676693e-07, 7.02437887412e-07, 7.41860731068e-07, 5.51655716663e-07, 3.59927383897e-07, 2.75491288448e-07, 2.32793766486e-07, 1.70013152001e-07, 2.17963759042e-07, 1.87021825582e-07, 8.33654425492e-08, 7.09437699697e-08], "dmean2": [0.00091956165852, 0.00148231140338, 0.0012065343326, 0.000499171670526, 0.000239104658249, 0.000121890268929, 6.3377978222e-05, 0.000122604251374, 0.00018046470359, 7.54761858843e-05, 1.87117002497e-05, 2.98890263366e-05, 1.9483781216e-05, 1.66980989889e-05, 2.07254779525e-05, 8.74261149875e-06, 1.91774051927e-05, 4.7644366532e-06, 3.63248227586e-06, 2.09353970604e-06, 3.01196314467e-06, 3.62894138561e-06, 3.81666995963e-06, 1.34138383601e-06, 9.84562575468e-07, 1.81539473942e-06, 2.41398925027e-06, 1.17454305837e-06, 8.78939601989e-07, 1.01878640635e-06, 1.05122558125e-06, 8.23698087515e-07, 5.54576445211e-07, 4.04772407592e-07, 3.34450902528e-07, 2.40062689727e-07, 2.88630360501e-07, 2.64696723207e-07, 1.22685761994e-07, 1.03243415595e-07], "mean": [0.00177430710755, 0.00248305639252, 0.00181802804582, 0.000870116055012, 0.00036886849557, 0.000243833623244, 0.000143767916597, 0.000240729699726, 0.000323760061292, 0.000146092730574, 2.41021789407e-05, 3.57748867827e-05, 2.41891193582e-05, 1.99842543225e-05, 2.41486741288e-05, 1.03135989775e-05, 2.17424021685e-05, 5.10647441843e-06, 3.82094367524e-06, 2.20283050112e-06, 3.45737885254e-06, 4.33946433986e-06, 3.69806502931e-06, 1.36534504236e-06, 1.07304310859e-06, 2.22905237024e-06, 2.72273291557e-06, 1.19095523132e-06, 8.52742630286e-07, 1.06637787667e-06, 1.14572367238e-06, 9.11901565814e-07, 5.33762488431e-07, 4.10078911273e-07, 3.32508733436e-07, 2.65780556674e-07, 3.28178430209e-07, 2.67285031441e-07, 1.25993366851e-07, 1.06417317625e-07], "dvar2": [3.33239813699e-06, 8.29778946354e-06, 5.36776269655e-06, 1.37034578529e-06, 4.79065761283e-07, 1.82538855142e-07, 4.08244460459e-08, 2.2262827315e-07, 7.19424008366e-07, 1.65210565228e-07, 7.60965246371e-09, 3.67499204401e-08, 1.6547142323e-08, 1.85055419877e-08, 1.99190441919e-08, 2.82490764114e-09, 2.35007409088e-08, 1.49453005527e-09, 7.06597003131e-10, 3.91195575933e-10, 2.45596742943e-09, 1.53636736666e-09, 1.00174846196e-09, 5.84914963686e-11, 3.19522290571e-11, 1.48572126824e-10, 2.30847646554e-10, 1.39182887438e-10, 1.22239468547e-10, 1.08164734114e-10, 7.76560205029e-11, 6.97778848591e-11, 1.80867126831e-11, 1.09660232284e-11, 1.10063477429e-11, 4.46540764434e-12, 6.09766100459e-12, 4.88709853835e-12, 8.27964649966e-13, 6.09680762906e-13], "min": [9.16512799182e-25, 2.15776748696e-24, 8.68141426196e-25, 4.09594725792e-24, 4.44284884099e-24, 2.57905451188e-24, 3.523771455e-24, 1.83004212642e-24, 3.72894116024e-24, 2.34223925699e-24, 9.49816435841e-25, 3.02014727032e-24, 7.06104032009e-24, 4.82677521621e-24, 2.61661454616e-24, 5.98942681732e-24, 2.97077345234e-24, 3.18834917861e-24, 4.6089916251e-24, 4.30224897856e-24, 2.84263778943e-24, 3.45015574419e-24, 4.63776966535e-24, 5.22794372425e-24, 5.43593794596e-24, 5.28325825649e-24, 5.27622122278e-24, 3.71007397397e-24, 6.4842887295e-24, 4.50759302206e-24, 5.92176582305e-24, 5.69204006112e-24, 6.08501703751e-24, 5.06879576978e-24, 6.2332530735e-24, 7.67878230661e-24, 7.64777297329e-24, 8.50703340341e-24, 6.59052541646e-24, 5.78529919733e-24]}, "spectral_decrease": {"dvar": 5.65758410403e-18, "var": 4.82091647431e-17, "median": -4.32270796935e-09, "max": 1.00080358974e-17, "dmean": 1.4454996089e-09, "dmean2": 2.26874874443e-09, "mean": -6.41376773913e-09, "dvar2": 1.38543728062e-17, "min": -5.153737348e-08}, "barkbands_kurtosis": {"dvar": 153.341888428, "var": 948.364013672, "median": 9.65948390961, "max": 399.436187744, "dmean": 7.00350475311, "dmean2": 10.755282402, "mean": 19.4120883942, "dvar2": 357.981262207, "min": -1.91409218311}, "silence_rate_30dB": {"dvar": 0.00854129716754, "var": 0.0149008473381, "median": 1, "max": 1, "dmean": 0.00861497689039, "dmean2": 0.0172318574041, "mean": 0.984870254993, "dvar2": 0.0202461332083, "min": 0}, "gfcc": {"mean": [-159.788787842, 145.842529297, -55.085357666, 17.1068630219, -38.1124801636, -0.107047379017, -29.0917797089, -2.29508972168, -16.1980495453, -5.46897506714, -15.9785785675, -4.95207262039, -16.3745651245], "cov": [[17173.2285156, 1849.08691406, -1877.65014648, 536.975891113, -918.595336914, 393.871429443, 160.214111328, 460.772796631, 174.754333496, 183.250595093, 94.577331543, -179.127883911, -58.2021751404], [1849.08691406, 2299.51025391, 274.774078369, -476.935760498, 328.179962158, -147.898483276, 205.050674438, 74.1246414185, 286.261749268, -12.5456485748, 151.015884399, -52.4738235474, 57.9775924683], [-1877.65014648, 274.774078369, 1004.65618896, -97.9959869385, 142.224227905, -51.8218193054, -37.384929657, -11.3721094131, 69.2624740601, 24.0793743134, 3.55692052841, 18.3587970734, 43.4474372864], [536.975891113, -476.935760498, -97.9959869385, 560.704833984, 20.5497341156, 39.1738243103, -7.5882024765, -42.7860641479, -25.0781002045, -19.5072441101, -40.7221107483, 17.7545890808, -2.17473125458], [-918.595336914, 328.179962158, 142.224227905, 20.5497341156, 446.284088135, -37.035533905, 32.9233703613, -35.7314682007, 32.0863304138, -31.4719944, 11.2871026993, 14.3886842728, 43.1937179565], [393.871429443, -147.898483276, -51.8218193054, 39.1738243103, -37.035533905, 210.90512085, 57.3612937927, 6.86158561707, -12.0048885345, 17.6561050415, -12.801451683, -22.1293029785, -4.83940887451], [160.214111328, 205.050674438, -37.384929657, -7.5882024765, 32.9233703613, 57.3612937927, 197.950668335, 60.5676994324, 56.7588615417, 16.5409641266, 30.2307033539, -17.7756576538, 1.09895646572], [460.772796631, 74.1246414185, -11.3721094131, -42.7860641479, -35.7314682007, 6.86158561707, 60.5676994324, 159.54574585, 59.703830719, 33.6224250793, 21.2605400085, -17.529882431, 1.64487564564], [174.754333496, 286.261749268, 69.2624740601, -25.0781002045, 32.0863304138, -12.0048885345, 56.7588615417, 59.703830719, 169.07925415, 57.8239860535, 35.3202857971, 1.78345966339, 3.75118422508], [183.250595093, -12.5456485748, 24.0793743134, -19.5072441101, -31.4719944, 17.6561050415, 16.5409641266, 33.6224250793, 57.8239860535, 123.15562439, 43.4526748657, -0.389005362988, 5.74300479889], [94.577331543, 151.015884399, 3.55692052841, -40.7221107483, 11.2871026993, -12.801451683, 30.2307033539, 21.2605400085, 35.3202857971, 43.4526748657, 99.3394622803, 30.5453395844, 13.1592416763], [-179.127883911, -52.4738235474, 18.3587970734, 17.7545890808, 14.3886842728, -22.1293029785, -17.7756576538, -17.529882431, 1.78345966339, -0.389005362988, 30.5453395844, 102.023231506, 31.1560955048], [-58.2021751404, 57.9775924683, 43.4474372864, -2.17473125458, 43.1937179565, -4.83940887451, 1.09895646572, 1.64487564564, 3.75118422508, 5.74300479889, 13.1592416763, 31.1560955048, 73.1544036865]], "icov": [[0.000373268936528, -0.00107491598465, 0.000670737004839, -0.00112185557373, 0.00094740872737, -0.000995281501673, 0.00103871372994, -0.00129808613565, 0.00109106849413, -0.0011752009159, 0.000783078663517, -0.000543513800949, 0.000232453647186], [-0.00107491598465, 0.00419741729274, -0.00198770686984, 0.00398707855493, -0.00311885145493, 0.00338714220561, -0.00362921180204, 0.00427160132676, -0.00490370206535, 0.00477577280253, -0.00370184355415, 0.0028972432483, -0.00155020470265], [0.000670737004839, -0.00198770686984, 0.00234762369655, -0.00184295536019, 0.00140460499097, -0.0017297770828, 0.00222411612049, -0.00222649308853, 0.00154344097245, -0.00239603058435, 0.00179551821202, -0.00108224235009, -2.03268518817e-05], [-0.00112185557373, 0.00398707855493, -0.00184295536019, 0.00585815962404, -0.00329082040116, 0.00300946016796, -0.00362466881052, 0.004647876136, -0.00453674327582, 0.00432581407949, -0.00234361202456, 0.00182739610318, -0.00115534360521], [0.00094740872737, -0.00311885145493, 0.00140460499097, -0.00329082040116, 0.00535054830834, -0.00224822852761, 0.00213783606887, -0.00248775933869, 0.00263886339962, -0.00236987648532, 0.00203737081029, -0.00136126810685, -0.000726586615201], [-0.000995281501673, 0.00338714220561, -0.0017297770828, 0.00300946016796, -0.00224822852761, 0.00872358866036, -0.00528562488034, 0.00414116261527, -0.00264383270405, 0.00223574438132, -0.00149027770385, 0.00270875287242, -0.00139416125603], [0.00103871372994, -0.00362921180204, 0.00222411612049, -0.00362466881052, 0.00213783606887, -0.00528562488034, 0.0106548508629, -0.00589347770438, 0.00212736590765, -0.00272390432656, 0.000655684736557, -0.000977267511189, 0.00103754154406], [-0.00129808613565, 0.00427160132676, -0.00222649308853, 0.004647876136, -0.00248775933869, 0.00414116261527, -0.00589347770438, 0.0132847223431, -0.00685123354197, 0.00415989244357, -0.00380768557079, 0.00403322139755, -0.00243303482421], [0.00109106849413, -0.00490370206535, 0.00154344097245, -0.00453674327582, 0.00263886339962, -0.00264383270405, 0.00212736590765, -0.00685123354197, 0.0150390500203, -0.0092485845089, 0.00431291293353, -0.00439624721184, 0.00314339157194], [-0.0011752009159, 0.00477577280253, -0.00239603058435, 0.00432581407949, -0.00236987648532, 0.00223574438132, -0.00272390432656, 0.00415989244357, -0.0092485845089, 0.0176191385835, -0.00936663337052, 0.00510155176744, -0.0030705477111], [0.000783078663517, -0.00370184355415, 0.00179551821202, -0.00234361202456, 0.00203737081029, -0.00149027770385, 0.000655684736557, -0.00380768557079, 0.00431291293353, -0.00936663337052, 0.0188772454858, -0.00786581356078, 0.0016635262873], [-0.000543513800949, 0.0028972432483, -0.00108224235009, 0.00182739610318, -0.00136126810685, 0.00270875287242, -0.000977267511189, 0.00403322139755, -0.00439624721184, 0.00510155176744, -0.00786581356078, 0.016015637666, -0.00670569390059], [0.000232453647186, -0.00155020470265, -2.03268518817e-05, -0.00115534360521, -0.000726586615201, -0.00139416125603, 0.00103754154406, -0.00243303482421, 0.00314339157194, -0.0030705477111, 0.0016635262873, -0.00670569390059, 0.0180734321475]]}, "silence_rate_20dB": {"dvar": 0, "var": 0, "median": 1, "max": 1, "dmean": 0, "dmean2": 0, "mean": 1, "dvar2": 0, "min": 1}, "barkbands_skewness": {"dvar": 0.478671252728, "var": 4.05633687973, "median": 2.17765474319, "max": 14.2756347656, "dmean": 0.600487649441, "dmean2": 0.917258501053, "mean": 2.61101078987, "dvar2": 1.12181663513, "min": -4.79305839539}, "erbbands_skewness": {"dvar": 0.190430134535, "var": 1.44545423985, "median": 1.20229625702, "max": 11.7637329102, "dmean": 0.402486771345, "dmean2": 0.597683191299, "mean": 1.28857815266, "dvar2": 0.421768516302, "min": -4.32699537277}, "spectral_contrast_valleys": {"dvar": [0.0962150543928, 0.0964633375406, 0.101843357086, 0.0937100052834, 0.101827420294, 0.106550194323], "var": [3.16423606873, 2.98666810989, 2.76831507683, 2.39814400673, 2.1968460083, 1.79157185555], "median": [-7.16755056381, -7.51525020599, -8.87090969086, -9.65711307526, -10.3032007217, -12.7886219025], "max": [-5.14541530609, -4.90284729004, -5.55216121674, -6.58762979507, -6.30350017548, -7.65693902969], "dmean": [0.333367884159, 0.2988679111, 0.296910762787, 0.271185964346, 0.257032811642, 0.223684713244], "dmean2": [0.555506110191, 0.479948967695, 0.471233218908, 0.417273104191, 0.367360681295, 0.306903541088], "mean": [-7.58614730835, -7.93973112106, -9.18643856049, -9.83250236511, -10.183139801, -12.4085102081], "dvar2": [0.23151871562, 0.211439028382, 0.209314152598, 0.179140597582, 0.18286767602, 0.178075522184], "min": [-27.8245296478, -27.8021888733, -27.5369129181, -27.450881958, -27.3595371246, -27.3655643463]}, "spectral_strongpeak": {"dvar": 0.469901621342, "var": 1.02076768875, "median": 0.275740623474, "max": 16.3313140869, "dmean": 0.252855420113, "dmean2": 0.430658429861, "mean": 0.557031810284, "dvar2": 1.27875328064, "min": 0}, "erbbands_crest": {"dvar": 5.55740070343, "var": 28.9161739349, "median": 11.8361492157, "max": 30.5851898193, "dmean": 2.365493536, "dmean2": 3.59640955925, "mean": 12.9000339508, "dvar2": 13.18820858, "min": 2.60536718369}, "barkbands_crest": {"dvar": 3.73192214966, "var": 17.1048755646, "median": 12.0197505951, "max": 25.6505889893, "dmean": 2.05766057968, "dmean2": 3.34921193123, "mean": 12.5839319229, "dvar2": 10.173664093, "min": 3.29152870178}, "spectral_energyband_middle_low": {"dvar": 4.05782266171e-05, "var": 0.000286223425064, "median": 0.00567852007225, "max": 0.19363348186, "dmean": 0.00325876590796, "dmean2": 0.00489114131778, "mean": 0.011813188903, "dvar2": 9.00277736946e-05, "min": 2.36055480861e-22}, "spectral_contrast_coeffs": {"dvar": [0.00123202125542, 0.00103051622864, 0.000693496956956, 0.000469093589345, 0.000311679817969, 0.000251359073445], "var": [0.00726600177586, 0.00792960636318, 0.00500291259959, 0.00414325855672, 0.00339875207283, 0.00272658560425], "median": [-0.63046848774, -0.704381167889, -0.776457250118, -0.807827472687, -0.812704265118, -0.816939771175], "max": [-0.289714634418, -0.360045045614, -0.474182993174, -0.506759822369, -0.460703700781, -0.535068631172], "dmean": [0.041681855917, 0.0351486206055, 0.0300642270595, 0.0247939694673, 0.0192169733346, 0.0164291020483], "dmean2": [0.0696447119117, 0.0557108931243, 0.0472310483456, 0.0394096635282, 0.0299803633243, 0.0231968965381], "mean": [-0.627606034279, -0.696730732918, -0.769149780273, -0.796314775944, -0.803687095642, -0.811168789864], "dvar2": [0.00341766211204, 0.00244014011696, 0.00163714995142, 0.0010939334752, 0.000676147115882, 0.00048666560906], "min": [-0.978247463703, -0.975311815739, -0.973763346672, -0.973074316978, -0.965190112591, -0.965123713017]}, "hfc": {"dvar": 28.6242141724, "var": 192.948242188, "median": 2.93826675415, "max": 140.28616333, "dmean": 1.89815020561, "dmean2": 2.65808200836, "mean": 7.66143512726, "dvar2": 53.0040168762, "min": 1.09307437939e-16}, "spectral_energyband_high": {"dvar": 4.44231517349e-07, "var": 1.25447377286e-06, "median": 1.89006141227e-06, "max": 0.0224158801138, "dmean": 8.72959935805e-05, "dmean2": 0.000120048731333, "mean": 0.000160925133969, "dvar2": 8.12052746824e-07, "min": 7.37482407086e-21}, "erbbands_spread": {"dvar": 88.0343475342, "var": 357.309112549, "median": 15.9416713715, "max": 142.805862427, "dmean": 5.37081956863, "dmean2": 8.02741336823, "mean": 22.5432090759, "dvar2": 196.954589844, "min": 1.18660116196}, "dissonance": {"dvar": 0.000998817384243, "var": 0.00325485644862, "median": 0.417377024889, "max": 0.499999910593, "dmean": 0.0317147523165, "dmean2": 0.0525492206216, "mean": 0.406650394201, "dvar2": 0.00270672678016, "min": 0.134309768677}, "spectral_kurtosis": {"dvar": 77.9685211182, "var": 515.611572266, "median": 16.858455658, "max": 187.646270752, "dmean": 6.87898492813, "dmean2": 10.8160667419, "mean": 25.0331916809, "dvar2": 186.91116333, "min": -1.27228760719}, "spectral_skewness": {"dvar": 0.298624813557, "var": 2.9776570797, "median": 3.36540651321, "max": 11.4480810165, "dmean": 0.516683161259, "dmean2": 0.788359224796, "mean": 3.68700385094, "dvar2": 0.684236884117, "min": -0.0453792773187}, "pitch_salience": {"dvar": 0.00315726618282, "var": 0.0156243946403, "median": 0.498447567225, "max": 0.900369465351, "dmean": 0.0597266368568, "dmean2": 0.0974417254329, "mean": 0.488419294357, "dvar2": 0.00834604632109, "min": 0.0391285307705}, "spectral_complexity": {"dvar": 2.11011695862, "var": 22.7240905762, "median": 6, "max": 36, "dmean": 1.05345702171, "dmean2": 1.73622000217, "mean": 6.35670900345, "dvar2": 4.42005825043, "min": 0}, "spectral_spread": {"dvar": 534252257280, "var": 6296289935360.0, "median": 2912491.25, "max": 45708364, "dmean": 456639.5625, "dmean2": 691789.3125, "mean": 3313786.25, "dvar2": 1095280099330.0, "min": 587229.0625}, "dynamic_complexity": 7.30548048019, "melbands_crest": {"dvar": 5.47013902664, "var": 24.8238239288, "median": 16.3605327606, "max": 34.1097259521, "dmean": 2.45067238808, "dmean2": 3.96866321564, "mean": 16.8805713654, "dvar2": 14.8909168243, "min": 1.51827454567}, "zerocrossingrate": {"dvar": 0.000112003843242, "var": 0.00209548790008, "median": 0.01513671875, "max": 0.5703125, "dmean": 0.00464546727017, "dmean2": 0.00557685922831, "mean": 0.0252252407372, "dvar2": 0.000115572016512, "min": 0.00244140625}, "spectral_energyband_low": {"dvar": 5.14912899234e-05, "var": 0.000218572662561, "median": 0.00796146690845, "max": 0.115528061986, "dmean": 0.00406734319404, "dmean2": 0.00674963090569, "mean": 0.0133075620979, "dvar2": 0.000143325552926, "min": 9.83665057056e-24}, "melbands_kurtosis": {"dvar": 491.484863281, "var": 2791.57617188, "median": 14.2221336365, "max": 654.975341797, "dmean": 11.4089355469, "dmean2": 17.2878780365, "mean": 31.2598114014, "dvar2": 1031.33630371, "min": -1.87987649441}, "spectral_energyband_middle_high": {"dvar": 2.816793085e-06, "var": 1.50285259224e-05, "median": 7.61527044233e-05, "max": 0.0717079341412, "dmean": 0.000413235131418, "dmean2": 0.000596340105403, "mean": 0.00116201594938, "dvar2": 6.09485368841e-06, "min": 1.21413049284e-21}, "barkbands_spread": {"dvar": 32.7671546936, "var": 209.75050354, "median": 3.74394655228, "max": 127.213371277, "dmean": 1.99465858936, "dmean2": 3.066883564, "mean": 7.47078895569, "dvar2": 67.2534942627, "min": 0.283568888903}, "mfcc": {"mean": [-822.275085449, 185.348724365, 40.0943222046, 29.624830246, 13.792263031, 7.37144899368, -1.41052663326, 4.52535676956, -1.78811001778, -1.76277327538, 1.73417580128, -1.96020650864, -0.13952049613], "cov": [[12908.3007812, 713.155944824, -868.520385742, 85.0336608887, -658.829467773, -1.70924448967, 9.80590248108, 221.827484131, 31.464717865, 350.141906738, 431.247253418, 190.519485474, -112.720214844], [713.155944824, 2774.87597656, 228.753967285, -112.480697632, 138.768951416, -101.207168579, 5.22325086594, 83.4032211304, 93.213432312, 147.135131836, 179.597518921, 76.7834854126, 104.609573364], [-868.520385742, 228.753967285, 659.55645752, 31.5863990784, 47.9235610962, -5.60001420975, -44.8711395264, -47.1932296753, 35.0495414734, 1.51977217197, -6.88005638123, 15.1905651093, 11.2530498505], [85.0336608887, -112.480697632, 31.5863990784, 383.728057861, 119.333496094, 52.7683181763, -12.5485744476, 28.3194828033, 11.2021760941, -11.8462219238, -17.1788825989, -4.03347587585, 25.3422985077], [-658.829467773, 138.768951416, 47.9235610962, 119.333496094, 301.609191895, 56.5008735657, 4.82481241226, -2.24219870567, 19.4390506744, -34.454410553, -50.8290977478, -20.2478904724, 10.2362556458], [-1.70924448967, -101.207168579, -5.60001420975, 52.7683181763, 56.5008735657, 200.574401855, 41.3925018311, 14.6007146835, 6.66564178467, -3.77181434631, -7.98133087158, -16.8912372589, -0.631396651268], [9.80590248108, 5.22325086594, -44.8711395264, -12.5485744476, 4.82481241226, 41.3925018311, 147.187667847, 32.9595298767, 14.8198728561, 19.421672821, -1.65468943119, -3.9176504612, -14.4791564941], [221.827484131, 83.4032211304, -47.1932296753, 28.3194828033, -2.24219870567, 14.6007146835, 32.9595298767, 127.424415588, 31.1389160156, 11.2263221741, 27.1306438446, -7.12289714813, 5.929459095], [31.464717865, 93.213432312, 35.0495414734, 11.2021760941, 19.4390506744, 6.66564178467, 14.8198728561, 31.1389160156, 113.961540222, 45.7042160034, 26.3085231781, 17.822977066, -13.3139076233], [350.141906738, 147.135131836, 1.51977217197, -11.8462219238, -34.454410553, -3.77181434631, 19.421672821, 11.2263221741, 45.7042160034, 150.070236206, 79.9526672363, 17.3525943756, -1.70383417606], [431.247253418, 179.597518921, -6.88005638123, -17.1788825989, -50.8290977478, -7.98133087158, -1.65468943119, 27.1306438446, 26.3085231781, 79.9526672363, 149.82484436, 39.0798187256, -1.34374189377], [190.519485474, 76.7834854126, 15.1905651093, -4.03347587585, -20.2478904724, -16.8912372589, -3.9176504612, -7.12289714813, 17.822977066, 17.3525943756, 39.0798187256, 94.8223571777, 23.8642597198], [-112.720214844, 104.609573364, 11.2530498505, 25.3422985077, 10.2362556458, -0.631396651268, -14.4791564941, 5.929459095, -13.3139076233, -1.70383417606, -1.34374189377, 23.8642597198, 109.260948181]], "icov": [[0.000119601267215, -6.02337604505e-05, 0.000158956172527, -0.000148165956489, 0.000285896734567, -0.000105038408947, 0.000103390135337, -0.000109079286631, 8.936640