{"lowlevel": {"spectral_strongpeak": {"max": 221.020050049, "dmean": 5.65210294724, "dvar2": 637.422119141, "dmean2": 10.3874406815, "var": 302.483795166, "median": 0.7360445261, "min": 0, "dvar": 242.945922852, "mean": 6.68565320969}, "barkbands_flatness_db": {"max": 0.455646574497, "dmean": 0.0326525121927, "dvar2": 0.00193101388868, "dmean2": 0.0515329912305, "var": 0.00256648752838, "median": 0.232151508331, "min": 0.0471243411303, "dvar": 0.00075879128417, "mean": 0.233762606978}, "barkbands_skewness": {"max": 17.1259708405, "dmean": 0.769905388355, "dvar2": 1.39799427986, "dmean2": 1.22415304184, "var": 2.48200845718, "median": 2.38194894791, "min": -2.85636043549, "dvar": 0.550080001354, "mean": 2.47949886322}, "spectral_energyband_middle_high": {"max": 0.0632887929678, "dmean": 0.000485123397084, "dvar2": 5.44399381397e-06, "dmean2": 0.000716437993106, "var": 1.12409543362e-05, "median": 0.00029193185037, "min": 1.10942429069e-21, "dvar": 2.45396813625e-06, "mean": 0.00127345090732}, "erbbands_kurtosis": {"max": 160.266098022, "dmean": 3.45221686363, "dvar2": 54.8958244324, "dmean2": 5.42938661575, "var": 78.5515518188, "median": 5.62715578079, "min": -1.49820387363, "dvar": 23.1216220856, "mean": 7.81362438202}, "erbbands_crest": {"max": 33.4665489197, "dmean": 2.76303386688, "dvar2": 16.1413726807, "dmean2": 4.35535430908, "var": 34.422203064, "median": 12.7870073318, "min": 2.72006225586, "dvar": 6.62563228607, "mean": 13.9076042175}, "dynamic_complexity": 5.19733524323, "barkbands_crest": {"max": 25.4697151184, "dmean": 2.38500785828, "dvar2": 11.2489128113, "dmean2": 3.81717395782, "var": 17.2281265259, "median": 11.873003006, "min": 3.78913545609, "dvar": 4.36551141739, "mean": 12.5206747055}, "dissonance": {"max": 0.500000119209, "dmean": 0.0471887402236, "dvar2": 0.00471570901573, "dmean2": 0.0790146291256, "var": 0.00381771894172, "median": 0.407288759947, "min": 0.0842856839299, "dvar": 0.00175450474489, "mean": 0.396641761065}, "spectral_energyband_low": {"max": 0.162698447704, "dmean": 0.00218096328899, "dvar2": 5.09366691404e-05, "dmean2": 0.00353411468677, "var": 6.68370485073e-05, "median": 0.00238797301427, "min": 1.4578696998e-23, "dvar": 2.03605486604e-05, "mean": 0.00537824304774}, "spectral_contrast_coeffs": {"max": [-0.303033322096, -0.350941419601, -0.445902019739, -0.518731057644, -0.651208758354, -0.624753177166], "dmean": [0.0471215210855, 0.0469184145331, 0.0390352830291, 0.0358000770211, 0.0290315970778, 0.0229640770704], "dvar2": [0.00393272610381, 0.0037009306252, 0.00255331001244, 0.00225440319628, 0.00164071901236, 0.00139141525142], "dmean2": [0.0786494761705, 0.0746655538678, 0.0626230761409, 0.0582707710564, 0.0478933677077, 0.0374787785113], "var": [0.0092134391889, 0.00761920213699, 0.00597341358662, 0.00355461332947, 0.00206200382672, 0.0020531732589], "median": [-0.634702861309, -0.708574414253, -0.793300151825, -0.850790143013, -0.891482651234, -0.846040487289], "min": [-0.980585515499, -0.979169428349, -0.982500314713, -0.987357079983, -0.979765534401, -0.964720606804], "dvar": [0.00141162471846, 0.00144842150621, 0.00101780286059, 0.000867837807164, 0.000612900534179, 0.00051744322991], "mean": [-0.633804023266, -0.705017447472, -0.780467808247, -0.848574399948, -0.88925999403, -0.835902869701]}, "silence_rate_60dB": {"max": 1, "dmean": 0.0116892140359, "dvar2": 0.0267593190074, "dmean2": 0.0233793836087, "var": 0.101434215903, "median": 0, "min": 0, "dvar": 0.0115517731756, "mean": 0.114557787776}, "mfcc": {"icov": [[0.000187623605598, -0.000227212163736, 0.000442939810455, -0.000309207971441, 0.000202134338906, 7.5633826782e-05, 7.16093782103e-05, -0.000340125581715, 0.000354704156052, -0.000382310478017, 0.000321668077959, -0.000166442288901, 0.000169725710293], [-0.000227212163736, 0.00111385679338, -0.000881317944732, 0.000896325102076, 0.000244367634878, -0.00113038322888, 3.46378828908e-06, 0.000989302876405, -0.00118005217519, 0.00080864696065, 6.5444932261e-05, 0.000329458067426, -0.000284531444777], [0.000442939810455, -0.000881317944732, 0.00439666258171, -0.00276953936554, -0.000206298544072, 0.0012697589118, -0.000558971602004, -0.00258149416186, 0.00223259604536, -0.000208258614293, -0.000478089641547, -0.000932913273573, 0.000304098910419], [-0.000309207971441, 0.000896325102076, -0.00276953936554, 0.00461875321344, -0.000349055830156, -0.0017063257983, 0.000506608979777, -0.000254698505159, 8.74677207321e-05, -0.0012045239564, 0.000478915229905, -0.000485967670102, 0.000207984747249], [0.000202134338906, 0.000244367634878, -0.000206298544072, -0.000349055830156, 0.00764297973365, -0.00489167124033, 9.96422313619e-05, 0.0040060239844, -0.00463374052197, 0.00322471605614, -0.000807807140518, -2.38176926359e-05, 8.70213716553e-06], [7.5633826782e-05, -0.00113038322888, 0.0012697589118, -0.0017063257983, -0.00489167124033, 0.01173565723, -0.00328224757686, -0.00420640315861, 0.00726273097098, -0.00454241037369, -0.000105468279799, 0.00294184382074, -0.00155768555123], [7.16093782103e-05, 3.46378828908e-06, -0.000558971602004, 0.000506608979777, 9.96422313619e-05, -0.00328224757686, 0.0113556338474, -0.00362512958236, -0.00313458102755, 0.00124024273828, 0.0023935677018, -0.00372560811229, -0.000171579260495], [-0.000340125581715, 0.000989302876405, -0.00258149416186, -0.000254698505159, 0.0040060239844, -0.00420640315861, -0.00362512958236, 0.0177602134645, -0.0106381447986, 0.00653589423746, -0.00422612763941, 0.00350061664358, 0.000703579687979], [0.000354704156052, -0.00118005217519, 0.00223259604536, 8.74677207321e-05, -0.00463374052197, 0.00726273097098, -0.00313458102755, -0.0106381447986, 0.026714919135, -0.0159987676889, 0.0060103549622, -0.0025183504913, -0.000684694678057], [-0.000382310478017, 0.00080864696065, -0.000208258614293, -0.0012045239564, 0.00322471605614, -0.00454241037369, 0.00124024273828, 0.00653589423746, -0.0159987676889, 0.025275496766, -0.0127682900056, 0.00452221836895, -0.000644827377982], [0.000321668077959, 6.5444932261e-05, -0.000478089641547, 0.000478915229905, -0.000807807140518, -0.000105468279799, 0.0023935677018, -0.00422612763941, 0.0060103549622, -0.0127682900056, 0.0284959133714, -0.0145401507616, 0.00262792152353], [-0.000166442288901, 0.000329458067426, -0.000932913273573, -0.000485967670102, -2.38176926359e-05, 0.00294184382074, -0.00372560811229, 0.00350061664358, -0.0025183504913, 0.00452221836895, -0.0145401507616, 0.0284455828369, -0.0126565378159], [0.000169725710293, -0.000284531444777, 0.000304098910419, 0.000207984747249, 8.70213716553e-06, -0.00155768555123, -0.000171579260495, 0.000703579687979, -0.000684694678057, -0.000644827377982, 0.00262792152353, -0.0126565378159, 0.021232040599]], "cov": [[9760.11816406, 1479.09692383, -810.069396973, -95.5338745117, -376.765533447, 30.8436660767, -110.764144897, 16.9648513794, -7.11058855057, 87.6333236694, -149.396209717, -149.472320557, -112.879440308], [1479.09692383, 1489.88427734, -17.9196395874, -174.089675903, -11.4030160904, 100.352134705, 22.8071365356, -20.5448932648, 5.72751569748, -27.9390640259, -57.1983909607, -41.2525482178, 0.161273911595], [-810.069396973, -17.9196395874, 553.607177734, 295.59085083, 35.3041229248, 44.8559646606, 59.0788116455, 80.8062896729, -14.6898145676, -9.49799728394, 38.5695800781, 37.7752113342, 13.4688615799], [-95.5338745117, -174.089675903, 295.59085083, 458.689941406, 41.2080345154, 77.3477935791, 31.653055191, 62.29870224, -6.87370491028, 26.6405277252, 29.3524417877, 18.2892532349, 1.40965747833], [-376.765533447, -11.4030160904, 35.3041229248, 41.2080345154, 216.372528076, 87.3910903931, 23.3718090057, -18.3697319031, 7.15966463089, -5.80588531494, 3.05237674713, 4.44108438492, 11.3941497803], [30.8436660767, 100.352134705, 44.8559646606, 77.3477935791, 87.3910903931, 175.182647705, 47.6897506714, 26.1001434326, -13.8208189011, 6.55379390717, 0.420534193516, -13.6477975845, 3.60081362724], [-110.764144897, 22.8071365356, 59.0788116455, 31.653055191, 23.3718090057, 47.6897506714, 132.677947998, 50.7281150818, 25.7621269226, -0.591857016087, 0.222692787647, 16.2271289825, 13.3735179901], [16.9648513794, -20.5448932648, 80.8062896729, 62.29870224, -18.3697319031, 26.1001434326, 50.7281150818, 111.225967407, 32.910900116, 4.68263530731, 6.39134550095, -2.25731945038, -4.46516132355], [-7.11058855057, 5.72751569748, -14.6898145676, -6.87370491028, 7.15966463089, -13.8208189011, 25.7621269226, 32.910900116, 84.5456771851, 41.9239349365, 6.74083757401, 6.89224433899, 5.78590345383], [87.6333236694, -27.9390640259, -9.49799728394, 26.6405277252, -5.80588531494, 6.55379390717, -0.591857016087, 4.68263530731, 41.9239349365, 85.1223144531, 32.0483474731, 7.89521598816, 3.80026125908], [-149.396209717, -57.1983909607, 38.5695800781, 29.3524417877, 3.05237674713, 0.420534193516, 0.222692787647, 6.39134550095, 6.74083757401, 32.0483474731, 69.1390686035, 38.1856994629, 14.8033561707], [-149.472320557, -41.2525482178, 37.7752113342, 18.2892532349, 4.44108438492, -13.6477975845, 16.2271289825, -2.25731945038, 6.89224433899, 7.89521598816, 38.1856994629, 77.1871414185, 40.8721084595], [-112.879440308, 0.161273911595, 13.4688615799, 1.40965747833, 11.3941497803, 3.60081362724, 13.3735179901, -4.46516132355, 5.78590345383, 3.80026125908, 14.8033561707, 40.8721084595, 71.1458129883]], "mean": [-792.588134766, 189.204086304, 39.1443939209, 14.3095245361, -8.84563159943, 2.69379878044, -5.8915309906, -3.54139900208, -5.10612630844, -1.81192755699, -3.29996109009, -3.01813602448, -0.0683658272028]}, "melbands_spread": {"max": 162.623153687, "dmean": 1.46775138378, "dvar2": 14.7439670563, "dmean2": 2.31763601303, "var": 150.287307739, "median": 4.93069219589, "min": 0.412580668926, "dvar": 5.92016935349, "mean": 6.90267467499}, "barkbands_kurtosis": {"max": 466.932006836, "dmean": 8.38680648804, "dvar2": 313.45199585, "dmean2": 13.4853458405, "var": 352.018432617, "median": 16.1588001251, "min": -1.42054975033, "dvar": 123.977920532, "mean": 20.8020820618}, "spectral_energyband_high": {"max": 0.00225875689648, "dmean": 1.99439073185e-05, "dvar2": 4.87012075112e-09, "dmean2": 3.21202714986e-05, "var": 9.81585834836e-09, "median": 1.73322914634e-05, "min": 7.08339880909e-21, "dvar": 1.86490889398e-09, "mean": 4.44321485702e-05}, "hfc": {"max": 1819.21044922, "dmean": 37.7472801208, "dvar2": 5912.58447266, "dmean2": 56.0038566589, "var": 23434.7089844, "median": 116.254867554, "min": 1.06059602599e-16, "dvar": 2886.13500977, "mean": 153.40725708}, "spectral_skewness": {"max": 13.3314447403, "dmean": 0.905330479145, "dvar2": 2.41368532181, "dmean2": 1.45254337788, "var": 2.16620373726, "median": 4.04199123383, "min": -0.0927918329835, "dvar": 0.910767138004, "mean": 4.2534198761}, "erbbands": {"max": [3.84367895126, 17.7568874359, 105.830596924, 272.06729126, 267.572052002, 410.134887695, 996.813415527, 1336.2401123, 4166.75, 3447.29858398, 1816.85107422, 2324.07592773, 2763.76782227, 2379.41503906, 1786.67419434, 1256.44628906, 1195.5916748, 308.571014404, 531.63092041, 199.279724121, 50.5806236267, 81.8778991699, 34.3000030518, 35.2594451904, 65.5563812256, 35.7181587219, 34.6677513123, 6.5066447258, 4.4608836174, 5.29321527481, 4.31077957153, 2.51773786545, 1.24868988991, 0.862509131432, 0.551153421402, 0.317344486713, 0.183536410332, 0.123066887259, 0.258882313967, 0.109549544752], "dmean": [0.0351592376828, 0.242713838816, 0.980439543724, 2.20109319687, 3.07433843613, 5.62676000595, 10.12134552, 14.5664196014, 15.5515184402, 17.0711154938, 8.44529342651, 15.1806716919, 9.96455860138, 8.13060283661, 5.45626068115, 2.6029009819, 2.56140899658, 1.5718536377, 1.22335207462, 0.724202990532, 0.388162106276, 0.271191418171, 0.219606488943, 0.220148384571, 0.193734064698, 0.174853682518, 0.15435898304, 0.0934939160943, 0.0821136981249, 0.083242110908, 0.051925599575, 0.0358006320894, 0.0253665465862, 0.0174892060459, 0.01144116465, 0.00689694937319, 0.00386208482087, 0.00207735761069, 0.000996714225039, 0.00170038628858], "dvar2": [0.0215323362499, 0.812133431435, 16.0310268402, 65.4374313354, 84.2181625366, 421.540802002, 1047.19592285, 2629.54321289, 6402.21044922, 5575.98486328, 1911.2668457, 4579.93847656, 3073.9230957, 2712.87402344, 2200.88525391, 424.927124023, 977.278442383, 75.173286438, 78.8309402466, 28.5283222198, 2.53995943069, 2.17446446419, 0.802707612514, 1.17991542816, 1.79488956928, 1.13254404068, 0.621438920498, 0.0960109084845, 0.0681643262506, 0.0835741758347, 0.0314546041191, 0.0144487032667, 0.00743618514389, 0.00350642460398, 0.00145947304554, 0.000511295918841, 0.00014955853112, 4.06451035815e-05, 2.49017684837e-05, 1.69844352058e-05], "dmean2": [0.0565482713282, 0.396498709917, 1.58906769753, 3.63826990128, 4.91504955292, 8.95278358459, 14.7521724701, 20.0917339325, 21.8977184296, 24.8025531769, 12.074719429, 20.9023361206, 14.1685256958, 11.9349508286, 8.31409168243, 4.06086349487, 4.09796476364, 2.40961313248, 1.82185447216, 1.12855434418, 0.613855838776, 0.438984692097, 0.358902812004, 0.36310094595, 0.318915277719, 0.289366453886, 0.254040420055, 0.154073134065, 0.135891363025, 0.138446927071, 0.0858214646578, 0.0588691979647, 0.0417655333877, 0.0287357214838, 0.0187343098223, 0.011252543889, 0.0062763672322, 0.00339599978179, 0.00158933340572, 0.00246859900653], "var": [0.0277844965458, 0.771800100803, 15.3743610382, 70.61378479, 137.613021851, 441.615814209, 2821.16796875, 7664.22509766, 31841.4277344, 19220.7207031, 5606.8125, 16449.8261719, 7393.26464844, 6033.47119141, 2894.58105469, 356.178527832, 841.738342285, 101.735397339, 202.732345581, 23.1884365082, 3.40383863449, 1.47186434269, 0.46566465497, 1.51089787483, 2.95491337776, 1.58432221413, 1.17058062553, 0.07182379812, 0.0524059869349, 0.09854850173, 0.0266773365438, 0.00772454543039, 0.00329626328312, 0.0015238764463, 0.000646702363156, 0.000234896026086, 8.92858806765e-05, 4.35485198977e-05, 7.76222223067e-05, 7.24609781173e-05], "median": [0.0189960580319, 0.146605625749, 0.557043194771, 1.50539326668, 3.00833177567, 4.75957965851, 7.23083019257, 10.0798530579, 8.49522781372, 5.95813274384, 3.28318452835, 3.98689174652, 3.38189435005, 2.75547599792, 1.77477049828, 1.22586750984, 0.914945662022, 0.592882275581, 0.418621093035, 0.312372356653, 0.198797285557, 0.132766917348, 0.102350272238, 0.0920640826225, 0.071787469089, 0.0840977281332, 0.0775060653687, 0.0530291125178, 0.0479524172843, 0.0417388826609, 0.0241705030203, 0.015370124951, 0.00890417769551, 0.00543535221368, 0.00380242150277, 0.00276887044311, 0.00239521684125, 0.00186270708218, 0.0013566496782, 0.00457177590579], "min": [7.76834815384e-23, 2.79197034211e-22, 1.38748743517e-21, 4.51251136786e-21, 1.00499180939e-20, 2.89548466505e-20, 3.81449848147e-20, 6.26694327173e-20, 4.74641599232e-20, 6.44096914791e-20, 2.0885006365e-19, 3.68627301419e-19, 3.52474195965e-19, 6.74739187273e-19, 9.69725235394e-19, 1.11613537664e-18, 1.27315503981e-18, 1.6848375574e-18, 2.37452451873e-18, 2.86937084453e-18, 3.50238487036e-18, 3.77848038803e-18, 4.69334752219e-18, 4.91966620574e-18, 5.88560595245e-18, 7.66599641569e-18, 8.17146415414e-18, 9.79218642528e-18, 1.0655429631e-17, 1.06018481796e-17, 1.02322762897e-17, 9.1912636985e-18, 9.84182387948e-18, 7.69472853427e-18, 6.14070183592e-18, 3.98937132597e-18, 1.9438487969e-18, 8.31597757024e-19, 2.40795119748e-19, 2.67916158679e-20], "dvar": [0.00857340544462, 0.313882529736, 6.24703979492, 25.3220748901, 34.182598114, 156.774703979, 497.915557861, 1421.84851074, 3884.93945312, 3115.24658203, 985.837280273, 2573.75708008, 1496.84997559, 1236.63037109, 964.549499512, 174.350616455, 359.000244141, 36.0267677307, 43.2894859314, 12.7884664536, 1.15880513191, 0.886015713215, 0.316705077887, 0.422148644924, 0.684999108315, 0.389412999153, 0.244970083237, 0.0368580855429, 0.0259777586907, 0.0309179928154, 0.0120105920359, 0.00561285344884, 0.00288655748591, 0.00136172177736, 0.000566077185795, 0.000198081470444, 5.79084990022e-05, 1.55615598487e-05, 9.43492341321e-06, 8.32704517961e-06], "mean": [0.0746357887983, 0.460581094027, 1.81743741035, 4.45832777023, 6.75056886673, 11.6478815079, 26.218454361, 41.2555847168, 43.2698059082, 42.3514442444, 21.7621765137, 38.7246856689, 23.7778930664, 18.6697177887, 10.749710083, 5.029733181, 4.61052560806, 2.96862268448, 2.45754051208, 1.30367648602, 0.673360049725, 0.410568058491, 0.315052956343, 0.369049459696, 0.340804874897, 0.330945640802, 0.305646359921, 0.142574340105, 0.136367127299, 0.154871731997, 0.0810186192393, 0.046097446233, 0.0282774679363, 0.0185180995613, 0.0123664215207, 0.00789527595043, 0.00563029618934, 0.00419288268313, 0.00302772317082, 0.00716798938811]}, "spectral_contrast_valleys": {"max": [-5.10778951645, -4.52609443665, -5.46863555908, -6.27036571503, -6.31617212296, -8.86598205566], "dmean": [0.370334923267, 0.346699237823, 0.359632998705, 0.480482876301, 0.573890924454, 0.627271354198], "dvar2": [0.278254538774, 0.2143419981, 0.239257797599, 0.472954183817, 0.652608811855, 0.727364003658], "dmean2": [0.624718725681, 0.557170391083, 0.568591117859, 0.764788687229, 0.920620083809, 0.992151916027], "var": [4.57497739792, 4.62037754059, 4.49434041977, 4.193816185, 4.04387760162, 3.32727861404], "median": [-7.42411661148, -6.75652217865, -7.78785705566, -8.75596046448, -9.16604423523, -11.5193729401], "min": [-28.3602294922, -28.1166858673, -28.1846313477, -27.6808128357, -27.5435352325, -27.4302272797], "dvar": [0.106345266104, 0.0881964936852, 0.10094730556, 0.18772611022, 0.2514282763, 0.271187156439], "mean": [-7.77830505371, -7.07418870926, -8.17208862305, -9.12742233276, -9.43639564514, -11.7769346237]}, "average_loudness": 0.0623476840556, "erbbands_spread": {"max": 97.2655105591, "dmean": 3.48989582062, "dvar2": 35.6418380737, "dmean2": 5.51554346085, "var": 67.6653594971, "median": 11.8694677353, "min": 0.683368802071, "dvar": 14.3801193237, "mean": 13.4795455933}, "melbands_flatness_db": {"max": 0.630474805832, "dmean": 0.0389300398529, "dvar2": 0.00282392255031, "dmean2": 0.0616013482213, "var": 0.00449108844623, "median": 0.355957895517, "min": 0.00270879478194, "dvar": 0.00109806354158, "mean": 0.35522377491}, "barkbands_spread": {"max": 92.1563949585, "dmean": 1.47028315067, "dvar2": 6.96806812286, "dmean2": 2.31994819641, "var": 20.7619953156, "median": 4.92763805389, "min": 0.365346848965, "dvar": 3.01437449455, "mean": 5.89487171173}, "spectral_decrease": {"max": 7.93886467676e-09, "dmean": 1.37997857586e-09, "dvar2": 9.36372920185e-18, "dmean2": 2.07700368016e-09, "var": 2.49848315835e-17, "median": -2.25362750683e-09, "min": -6.81037803929e-08, "dvar": 4.44394595006e-18, "mean": -3.77671183216e-09}, "melbands_crest": {"max": 35.4164085388, "dmean": 2.86776614189, "dvar2": 16.3243923187, "dmean2": 4.60480117798, "var": 26.0248851776, "median": 14.9703216553, "min": 1.55190253258, "dvar": 6.30072593689, "mean": 15.6585569382}, "erbbands_flatness_db": {"max": 0.440676152706, "dmean": 0.0309672504663, "dvar2": 0.00173329736572, "dmean2": 0.0484737157822, "var": 0.00309223099612, "median": 0.208407104015, "min": 0.0432212948799, "dvar": 0.000686682062224, "mean": 0.212356925011}, "melbands_kurtosis": {"max": 242.216720581, "dmean": 5.32380199432, "dvar2": 156.300033569, "dmean2": 8.56140899658, "var": 203.259765625, "median": 7.34133911133, "min": -1.80543315411, "dvar": 62.6990776062, "mean": 11.2286376953}, "spectral_rms": {"max": 0.0173740964383, "dmean": 0.000496304186527, "dvar2": 6.42461827738e-07, "dmean2": 0.000730646017473, "var": 6.10659662925e-06, "median": 0.00452043302357, "min": 3.11382365205e-12, "dvar": 3.1343196838e-07, "mean": 0.00462334183976}, "melbands_skewness": {"max": 11.1388339996, "dmean": 0.558634459972, "dvar2": 0.695625901222, "dmean2": 0.882072329521, "var": 1.68795979023, "median": 1.60529434681, "min": -3.11470770836, "dvar": 0.282842725515, "mean": 1.66994726658}, "barkbands": {"max": [0.0434535741806, 0.0882447883487, 0.129058137536, 0.098311111331, 0.0879041627049, 0.122078306973, 0.231978416443, 0.173748269677, 0.0856996923685, 0.0753013342619, 0.0449539348483, 0.0259205102921, 0.0287876017392, 0.00573333213106, 0.00821715593338, 0.00128804531414, 0.0011861207895, 0.000500673311763, 0.000973094953224, 0.000811605365016, 0.000382696569432, 0.000113930094813, 0.000159943083418, 9.6196308732e-05, 7.73108913563e-05, 8.95029588719e-05, 0.00366565259174], "dmean": [0.000365922111087, 0.00106732291169, 0.00106795469765, 0.000852329598274, 0.00139900296926, 0.00164680858143, 0.00120283069555, 0.000498240988236, 0.000611891853623, 0.000314241333399, 0.000179134513019, 6.40098733129e-05, 5.81075437367e-05, 2.79555169982e-05, 2.17157139559e-05, 8.32707701193e-06, 5.17938815392e-06, 4.02537943955e-06, 4.12547979067e-06, 3.84648183172e-06, 2.91837227451e-06, 2.34475146499e-06, 2.06261142921e-06, 1.59622504725e-06, 1.58565126185e-06, 2.03199192583e-06, 1.79088783625e-05], "dvar2": [2.96829898616e-06, 1.60113904712e-05, 2.02879491553e-05, 1.03972515717e-05, 1.82406311069e-05, 2.53344533121e-05, 2.72633242275e-05, 9.31907288759e-06, 6.76093304719e-06, 3.29774729835e-06, 2.10526559385e-06, 1.86212162134e-07, 5.33942568381e-07, 2.56005723287e-08, 2.37331381214e-08, 1.61602431437e-09, 7.4477096712e-10, 2.34013614042e-10, 6.01056093785e-10, 5.62218827049e-10, 1.28936833432e-10, 5.45851384925e-11, 4.82913709021e-11, 2.92814383851e-11, 2.84058505884e-11, 4.11600684092e-11, 5.45849898614e-09], "dmean2": [0.000614685122855, 0.00173199851997, 0.00173532008193, 0.00142114236951, 0.00218789163046, 0.00230211461894, 0.00171241618227, 0.000712266133633, 0.000839194806758, 0.000457034475403, 0.000269508571364, 9.93116991594e-05, 9.34033305384e-05, 4.29339488619e-05, 3.30442126142e-05, 1.32133927764e-05, 8.35533955978e-06, 6.60241312289e-06, 6.75527007843e-06, 6.34401385469e-06, 4.80155131299e-06, 3.87007639802e-06, 3.41212967214e-06, 2.62542494056e-06, 2.60083515968e-06, 3.30891043632e-06, 2.73959212791e-05], "var": [2.9914665447e-06, 1.75147197297e-05, 1.90255796042e-05, 1.15794064186e-05, 2.73285477306e-05, 7.82557326602e-05, 0.000114554248285, 3.79254306608e-05, 2.32078509725e-05, 8.14815120975e-06, 2.75151228379e-06, 1.67956528685e-07, 4.29685513836e-07, 3.54442981632e-08, 5.12386186813e-08, 1.54400414676e-09, 7.85920717394e-10, 1.40625566747e-10, 1.12805786934e-09, 7.93781318453e-10, 1.70690350743e-10, 4.85146540996e-11, 4.79554590482e-11, 1.38062018415e-11, 1.24582349645e-11, 2.47412906135e-11, 1.76472347846e-08], "median": [9.46741856751e-05, 0.000660634366795, 0.000489670783281, 0.000485910539282, 0.00142234168015, 0.00124726165086, 0.000519650173374, 0.00011399028881, 0.00015658600023, 8.26514369692e-05, 4.03595731768e-05, 2.80840504274e-05, 1.70278653968e-05, 8.44450732984e-06, 6.5695307967e-06, 3.82643338526e-06, 2.18966169996e-06, 1.77717379302e-06, 1.51197775722e-06, 1.80430311048e-06, 1.57414092428e-06, 1.3666273162e-06, 9.30049282033e-07, 6.26163284778e-07, 5.04806052959e-07, 1.18624825518e-06, 1.30559255922e-05], "min": [8.07439565615e-25, 9.20055376292e-25, 6.99578416829e-25, 7.52067545133e-25, 7.63595425921e-24, 4.72579076515e-24, 1.76901919945e-24, 4.50530926974e-24, 1.42385354425e-23, 8.6800211336e-24, 1.9310423547e-23, 1.63137255615e-23, 1.97797579203e-23, 2.4180674071e-23, 4.53768096585e-23, 3.9560500339e-23, 5.06120156362e-23, 7.28910316323e-23, 1.12833577308e-22, 1.62460261497e-22, 2.4568460737e-22, 2.74794130131e-22, 3.57946632864e-22, 5.40987278258e-22, 8.38863175554e-22, 1.23892955339e-21, 1.97685543915e-21], "dvar": [1.08133065169e-06, 6.27283725407e-06, 8.09308767202e-06, 3.73671878151e-06, 7.36940364732e-06, 1.32007626235e-05, 1.55924226419e-05, 5.77407490709e-06, 3.75564036403e-06, 1.60922081704e-06, 9.30054739001e-07, 7.93451491177e-08, 1.99081284791e-07, 1.24828645198e-08, 1.22229986133e-08, 7.51542439392e-10, 3.10215797494e-10, 9.17478037987e-11, 2.20871362866e-10, 1.97708155403e-10, 5.05555250441e-11, 2.0931801431e-11, 1.82241201296e-11, 1.1360403937e-11, 1.1022563938e-11, 1.59368195723e-11, 2.80086931426e-09], "mean": [0.000619851693045, 0.00217490177602, 0.0018824263243, 0.00166353967506, 0.00320645608008, 0.00464499602094, 0.00310903531499, 0.0012000760762, 0.00153724523261, 0.000720752170309, 0.000323772983393, 0.000115688657388, 9.7572177765e-05, 4.88738987769e-05, 4.07493462262e-05, 1.33987641675e-05, 7.83874475019e-06, 5.74220894123e-06, 7.30921510694e-06, 7.26708231014e-06, 4.97722112414e-06, 4.05992341257e-06, 3.41356508216e-06, 1.89789079741e-06, 1.69184852439e-06, 2.90181174023e-06, 4.48164573754e-05]}, "spectral_kurtosis": {"max": 238.869995117, "dmean": 13.3163299561, "dvar2": 741.251220703, "dmean2": 21.57721138, "var": 468.822692871, "median": 25.1979942322, "min": -1.2850805521, "dvar": 277.770477295, "mean": 30.9594650269}, "erbbands_skewness": {"max": 8.20071315765, "dmean": 0.51655715704, "dvar2": 0.569887638092, "dmean2": 0.802991688251, "var": 1.29409813881, "median": 1.59227609634, "min": -4.73529958725, "dvar": 0.239608809352, "mean": 1.60710942745}, "melbands": {"max": [0.0273786690086, 0.040165245533, 0.0381350554526, 0.0228584595025, 0.0263177379966, 0.0260489024222, 0.0536944270134, 0.0421584956348, 0.0144010176882, 0.0156066128984, 0.0140172988176, 0.0104710385203, 0.00547541398555, 0.00206337636337, 0.00329591403715, 0.00126206339337, 0.000707803992555, 0.000877915299498, 0.000259949389147, 0.000193236919586, 7.72039566073e-05, 0.000106736384623, 5.02808288729e-05, 1.77957444976e-05, 3.33595089614e-05, 4.98964946019e-05, 2.90120042337e-05, 3.25029795931e-05, 3.5078592191e-05, 7.86435066402e-06, 2.63116180577e-06, 2.5436524993e-06, 2.39393330048e-06, 3.318963536e-06, 3.66052518075e-06, 1.36271034989e-06, 1.6530530047e-06, 8.89949831162e-07, 7.88521504091e-07, 7.05937395651e-07], "dmean": [0.000301220425172, 0.000427899678471, 0.000377652962925, 0.000291373959044, 0.000324362335959, 0.000325564702507, 0.000231683516176, 0.000171192121343, 7.33611450414e-05, 9.38973171287e-05, 4.98162044096e-05, 3.47132227034e-05, 2.13476905628e-05, 8.29930286272e-06, 7.43706050343e-06, 4.58134172732e-06, 2.95914355775e-06, 2.03417380362e-06, 1.3564413166e-06, 7.61327328291e-07, 4.21829128072e-07, 3.07391957222e-07, 2.20459440925e-07, 1.90733032923e-07, 1.86604736996e-07, 1.59385393772e-07, 1.20650966551e-07, 1.31499319878e-07, 1.17513664577e-07, 6.97786788351e-08, 5.24431875704e-08, 4.85583058207e-08, 4.74163179831e-08, 4.83383750804e-08, 3.21936717285e-08, 2.4345498062e-08, 2.12601367622e-08, 1.81593389215e-08, 1.58897979219e-08, 1.43539526931e-08], "dvar2": [1.38608675115e-06, 2.56477324001e-06, 1.69533427652e-06, 7.96394601821e-07, 9.93514390757e-07, 1.14426427444e-06, 1.19127366816e-06, 6.34377386177e-07, 1.4068230314e-07, 1.61913220609e-07, 8.03678261718e-08, 4.57561313283e-08, 3.1825280189e-08, 2.89965829126e-09, 7.9855473345e-09, 1.38685474216e-09, 2.97794483517e-10, 2.03742869798e-10, 6.00899191516e-11, 2.56968422235e-11, 3.43318819554e-12, 3.58839347125e-12, 8.70401081939e-13, 4.98199138194e-13, 1.04432955339e-12, 1.33714187726e-12, 5.18755828224e-13, 9.44425202105e-13, 5.8293794054e-13, 7.89314089349e-14, 2.98347501218e-14, 2.40478006974e-14, 2.3436873102e-14, 3.21695388427e-14, 1.35391008368e-14, 6.4370768576e-15, 5.27642996163e-15, 3.7900285937e-15, 2.92183019892e-15, 2.35265921023e-15], "dmean2": [0.000485857162857, 0.000692291709129, 0.00062136084307, 0.000464770477265, 0.000478377944091, 0.000449586135801, 0.000328196620103, 0.000248117517913, 0.000104625323729, 0.000129122199723, 7.10061576683e-05, 5.08749108121e-05, 3.24246793753e-05, 1.27924104163e-05, 1.18365551316e-05, 7.27534552425e-06, 4.53719667348e-06, 3.03515594169e-06, 2.11010501516e-06, 1.19483649996e-06, 6.70217104926e-07, 4.98562030771e-07, 3.6086649402e-07, 3.13891149517e-07, 3.08681535444e-07, 2.61657191913e-07, 2.00562865871e-07, 2.19014339109e-07, 1.94213839677e-07, 1.15607825535e-07, 8.64891802621e-08, 8.04940256671e-08, 7.86069449532e-08, 8.06602287184e-08, 5.33813846459e-08, 4.01471638156e-08, 3.50100179958e-08, 2.99205424881e-08, 2.61452814954e-08, 2.35735466703e-08], "var": [1.74593867541e-06, 2.59995431406e-06, 1.95604297915e-06, 1.0527617178e-06, 2.43260751631e-06, 3.58828788194e-06, 5.50750155526e-06, 2.44253169512e-06, 3.76628122467e-07, 6.13852023434e-07, 1.90412563938e-07, 1.07555329976e-07, 3.85752692011e-08, 4.12674738826e-09, 6.09177908117e-09, 1.32123578744e-09, 3.99372701576e-10, 5.33898814048e-10, 8.41696295995e-11, 2.10641139947e-11, 4.82177795955e-12, 2.38662713724e-12, 6.26962566065e-13, 3.17552435085e-13, 1.1954103072e-12, 1.92000538732e-12, 7.34345201835e-13, 9.22376649885e-13, 8.31321448312e-13, 7.71358549408e-14, 1.77082927179e-14, 1.64921075657e-14, 2.34936412501e-14, 3.63349351691e-14, 1.16042692152e-14, 3.72058840917e-15, 2.67444872096e-15, 1.70133682533e-15, 1.25867391308e-15, 1.02411746686e-15], "median": [0.00019950355636, 0.000285871996311, 0.000325370550854, 0.000302798347548, 0.000272085831966, 0.000236755775404, 0.000124821468489, 5.11035977979e-05, 2.2815183911e-05, 2.29023025895e-05, 1.47412156366e-05, 1.0370246855e-05, 5.66759035792e-06, 3.44710815625e-06, 2.32171146308e-06, 1.49722359311e-06, 8.79371100382e-07, 6.09723031175e-07, 4.74559811892e-07, 3.04270884044e-07, 1.88563291204e-07, 1.29969564e-07, 9.68911635368e-08, 8.2475594354e-08, 7.17821038165e-08, 5.26091419317e-08, 4.63912783744e-08, 5.47929843719e-08, 5.04489214848e-08, 3.46925759231e-08, 2.61739749874e-08, 2.54704453084e-08, 2.62447237276e-08, 2.08664303614e-08, 1.35844793192e-08, 1.08197815152e-08, 8.48208614457e-09, 6.31688656938e-09, 4.79515360752e-09, 4.41841851995e-09], "min": [1.3293186819e-24, 8.8410580155e-25, 8.54267926671e-25, 1.53540849478e-24, 1.96549052992e-24, 1.24838914581e-24, 5.66155463004e-25, 8.62826574454e-25, 1.62019003867e-24, 1.94418813004e-24, 1.70987021156e-24, 2.26284494283e-24, 2.59460157981e-24, 1.42453409455e-24, 2.19927202298e-24, 2.07247525424e-24, 2.24868469236e-24, 2.54895828505e-24, 3.31788546406e-24, 3.20438889018e-24, 3.2389678191e-24, 3.27408218736e-24, 3.27905102498e-24, 4.11967461622e-24, 3.1784211669e-24, 3.41028119201e-24, 4.67217267829e-24, 4.61468246767e-24, 3.51770472021e-24, 4.57094762465e-24, 4.76883022728e-24, 4.69985656846e-24, 4.96371594733e-24, 4.90356293673e-24, 4.8435586264e-24, 5.18330524106e-24, 5.25048305803e-24, 6.30299429398e-24, 5.79925690776e-24, 6.13943621263e-24], "dvar": [5.4817343198e-07, 1.00364968603e-06, 6.37474158793e-07, 3.190460518e-07, 4.50843970157e-07, 6.20912203431e-07, 7.02019576693e-07, 3.73106814777e-07, 7.12085181931e-08, 9.25435514887e-08, 3.91744237049e-08, 2.12647481845e-08, 1.40520599601e-08, 1.28284805001e-09, 3.03213965047e-09, 5.26760413067e-10, 1.45379611127e-10, 1.14338087609e-10, 2.75716619674e-11, 1.20376712071e-11, 1.56128766599e-12, 1.43577868778e-12, 3.76645139773e-13, 1.93555769828e-13, 3.68373652979e-13, 4.93542001972e-13, 2.0373392101e-13, 3.25117564164e-13, 2.25102190577e-13, 2.97417865618e-14, 1.14109059929e-14, 9.11686972118e-15, 8.88206541194e-15, 1.17951353844e-14, 5.08851697283e-15, 2.51363401021e-15, 2.04138984871e-15, 1.47128511207e-15, 1.13495098685e-15, 9.13605078227e-16], "mean": [0.000665422761813, 0.000846766692121, 0.00083623820683, 0.000627971370704, 0.000846022216137, 0.000942130689509, 0.000626835389994, 0.000420055235736, 0.000180955903488, 0.00023574376246, 0.000114099952043, 7.86250457168e-05, 3.98606243834e-05, 1.60328181664e-05, 1.27070507006e-05, 7.87675799074e-06, 5.22308437212e-06, 3.88195758205e-06, 2.45476053351e-06, 1.22740561892e-06, 6.86037992637e-07, 4.52299417475e-07, 2.97297816587e-07, 2.73363440328e-07, 3.01737912878e-07, 2.69819111054e-07, 1.9751573177e-07, 2.34954455891e-07, 2.28432611493e-07, 1.10742945481e-07, 7.27581408455e-08, 7.4570195352e-08, 8.31180528849e-08, 8.73132037782e-08, 4.9362622434e-08, 3.20426991607e-08, 2.63009969359e-08, 2.03933403498e-08, 1.6662482949e-08, 1.51694443673e-08]}, "spectral_centroid": {"max": 11757.7626953, "dmean": 46.7805137634, "dvar2": 22866.8398438, "dmean2": 73.9615020752, "var": 982087.125, "median": 382.219970703, "min": 141.799606323, "dvar": 10868.5166016, "mean": 502.266906738}, "pitch_salience": {"max": 0.901120901108, "dmean": 0.0592421740294, "dvar2": 0.00669260602444, "dmean2": 0.0951029136777, "var": 0.0109764104709, "median": 0.551932930946, "min": 0.114398404956, "dvar": 0.00258526625112, "mean": 0.544739663601}, "gfcc": {"icov": [[9.77478775894e-05, -0.000408223073464, 0.000387296255212, -0.000253029575106, 0.000298966508126, -0.000152738415636, 5.19099849043e-05, -0.000119379801617, 0.00051234284183, -0.000375083909603, 0.000309439201374, -6.84952028678e-05, -1.36035387186e-05], [-0.000408223073464, 0.00450411299244, -0.00259999604896, 0.00176127965096, -0.00127777270973, 0.000607515918091, -0.00105120777152, 0.00296367425472, -0.00500846700743, 0.00466480571777, -0.00399338966236, 0.00313792796806, -0.00176623580046], [0.000387296255212, -0.00259999604896, 0.00450985180214, -0.0026908905711, 0.000988527201116, -0.000702130259015, 0.000215980893699, -0.00156656641047, 0.0028632634785, -0.000851176504511, 6.68644643156e-05, -0.00110072467942, 0.000967716099694], [-0.000253029575106, 0.00176127965096, -0.0026908905711, 0.00452015316114, -0.0030072752852, 0.00221925228834, -0.00113122060429, -0.000566300353967, 0.000775550142862, -0.00230593723245, 0.00336701073684, -0.00354567263275, 0.00299932155758], [0.000298966508126, -0.00127777270973, 0.000988527201116, -0.0030072752852, 0.0103045003489, -0.00718530081213, 0.000605011475272, 0.00441315723583, -0.00344400224276, 0.00195959955454, -0.0035556666553, 0.00684208190069, -0.00549926888198], [-0.000152738415636, 0.000607515918091, -0.000702130259015, 0.00221925228834, -0.00718530081213, 0.011635767296, -0.00149254477583, -0.00421543093398, 0.0055519239977, -0.00451497733593, 0.00491788005456, -0.00581851648167, 0.00408438593149], [5.19099849043e-05, -0.00105120777152, 0.000215980893699, -0.00113122060429, 0.000605011475272, -0.00149254477583, 0.00745840091258, -0.00226216879673, -0.00266517861746, 0.00439799437299, -0.00354371941648, 0.00105868186802, 0.000801702262834], [-0.000119379801617, 0.00296367425472, -0.00156656641047, -0.000566300353967, 0.00441315723583, -0.00421543093398, -0.00226216879673, 0.0126987826079, -0.00624481076375, 0.000764495809563, -0.00255560595542, 0.00527003081515, -0.00689505739138], [0.00051234284183, -0.00500846700743, 0.0028632634785, 0.000775550142862, -0.00344400224276, 0.0055519239977, -0.00266517861746, -0.00624481076375, 0.0243082977831, -0.0180294010788, 0.0127514889464, -0.00970145408064, 0.00642399024218], [-0.000375083909603, 0.00466480571777, -0.000851176504511, -0.00230593723245, 0.00195959955454, -0.00451497733593, 0.00439799437299, 0.000764495809563, -0.0180294010788, 0.0348067320883, -0.0254876147956, 0.0130776865408, -0.00367030897178], [0.000309439201374, -0.00399338966236, 6.68644643156e-05, 0.00336701073684, -0.0035556666553, 0.00491788005456, -0.00354371941648, -0.00255560595542, 0.0127514889464, -0.0254876147956, 0.0364401675761, -0.0189339611679, 0.00277307559736], [-6.84952028678e-05, 0.00313792796806, -0.00110072467942, -0.00354567263275, 0.00684208190069, -0.00581851648167, 0.00105868186802, 0.00527003081515, -0.00970145408064, 0.0130776865408, -0.0189339611679, 0.029485668987, -0.0107412310317], [-1.36035387186e-05, -0.00176623580046, 0.000967716099694, 0.00299932155758, -0.00549926888198, 0.00408438593149, 0.000801702262834, -0.00689505739138, 0.00642399024218, -0.00367030897178, 0.00277307559736, -0.0107412310317, 0.0177394356579]], "cov": [[21524.9335938, 1281.92321777, -1309.5559082, -443.428222656, -391.104431152, -103.510299683, -115.434135437, -212.994262695, -228.215759277, -132.815917969, -147.934326172, -149.653945923, 103.245994568], [1281.92321777, 790.929199219, 74.8414840698, -219.645767212, 91.7808151245, -53.4781761169, 72.8191680908, -140.671142578, 46.2299766541, -60.0973968506, 26.6571063995, -41.6704788208, 37.0099601746], [-1309.5559082, 74.8414840698, 603.054077148, 341.115631104, 50.22813797, 27.7017326355, 69.881439209, 20.6584587097, -13.4512672424, -8.35386562347, 14.5364456177, 30.2062530518, -50.9004745483], [-443.428222656, -219.645767212, 341.115631104, 644.36340332, 54.0853233337, 33.2073745728, 50.0427055359, 40.9211845398, -13.1421489716, 18.4751262665, -31.6321659088, 29.8796291351, -95.3810043335], [-391.104431152, 91.7808151245, 50.22813797, 54.0853233337, 244.16065979, 98.1319351196, 13.5467710495, -42.5885429382, 10.7803115845, 5.28917646408, 3.95561814308, -23.0839424133, 15.4788980484], [-103.510299683, -53.4781761169, 27.7017326355, 33.2073745728, 98.1319351196, 172.539993286, 19.3832950592, 31.9441184998, -18.4156742096, 10.1157388687, -2.32460308075, 3.7013926506, 1.07187724113], [-115.434135437, 72.8191680908, 69.881439209, 50.0427055359, 13.5467710495, 19.3832950592, 184.899398804, 35.4893875122, 26.1371765137, -10.0792064667, 10.049911499, 3.94508695602, -10.6695232391], [-212.994262695, -140.671142578, 20.6584587097, 40.9211845398, -42.5885429382, 31.9441184998, 35.4893875122, 166.353744507, 25.5300216675, 37.5118484497, 11.8597145081, 13.9819116592, 25.4109573364], [-228.215759277, 46.2299766541, -13.4512672424, -13.1421489716, 10.7803115845, -18.4156742096, 26.1371765137, 25.5300216675, 99.8055877686, 42.9459724426, 11.7651453018, 0.273152768612, -5.22319030762], [-132.815917969, -60.0973968506, -8.35386562347, 18.4751262665, 5.28917646408, 10.1157388687, -10.0792064667, 37.5118484497, 42.9459724426, 91.8398895264, 46.6070518494, 8.19602203369, 6.71960639954], [-147.934326172, 26.6571063995, 14.5364456177, -31.6321659088, 3.95561814308, -2.32460308075, 10.049911499, 11.8597145081, 11.7651453018, 46.6070518494, 81.7501983643, 35.2076225281, 26.9342823029], [-149.653945923, -41.6704788208, 30.2062530518, 29.8796291351, -23.0839424133, 3.7013926506, 3.94508695602, 13.9819116592, 0.273152768612, 8.19602203369, 35.2076225281, 75.4559020996, 28.0661811829], [103.245994568, 37.0099601746, -50.9004745483, -95.3810043335, 15.4788980484, 1.07187724113, -10.6695232391, 25.4109573364, -5.22319030762, 6.71960639954, 26.9342823029, 28.0661811829, 110.015228271]], "mean": [-122.983444214, 125.954063416, -43.0392570496, -21.2728099823, -42.7565689087, -20.3724651337, -12.6724090576, -19.415977478, -6.77701997757, -9.19340229034, -4.33358573914, -5.58546924591, -2.78848767281]}, "spectral_flux": {"max": 0.312733381987, "dmean": 0.0136906141415, "dvar2": 0.000711981439963, "dmean2": 0.0224879384041, "var": 0.00119091104716, "median": 0.0550583936274, "min": 6.22131235417e-11, "dvar": 0.00027157634031, "mean": 0.0593255124986}, "zerocrossingrate": {"max": 0.80126953125, "dmean": 0.0406446494162, "dvar2": 0.00177833891939, "dmean2": 0.0501541234553, "var": 0.013637275435, "median": 0.328125, "min": 0.00390625, "dvar": 0.00114805274643, "mean": 0.334225893021}, "spectral_energyband_middle_low": {"max": 0.265683680773, "dmean": 0.00414144294336, "dvar2": 9.54763090704e-05, "dmean2": 0.00598633568734, "var": 0.000401691300794, "median": 0.00846881698817, "min": 1.60253798613e-22, "dvar": 4.90201346111e-05, "mean": 0.0155885210261}, "silence_rate_20dB": {"max": 1, "dmean": 0, "dvar2": 0, "dmean2": 0, "var": 0, "median": 1, "min": 1, "dvar": 0, "mean": 1}, "silence_rate_30dB": {"max": 1, "dmean": 0.00972738768905, "dvar2": 0.0226700380445, "dmean2": 0.0194555707276, "var": 0.0216590259224, "median": 1, "min": 0, "dvar": 0.00963089987636, "mean": 0.97784858942}, "spectral_entropy": {"max": 9.83334255219, "dmean": 0.346714824438, "dvar2": 0.222762003541, "dmean2": 0.547789335251, "var": 0.348365575075, "median": 6.41491508484, "min": 4.6469244957, "dvar": 0.0895027592778, "mean": 6.44521808624}, "spectral_rolloff": {"max": 22050, "dmean": 2482.46606445, "dvar2": 110756216, "dmean2": 4892.79150391, "var": 64558176, "median": 21705.46875, "min": 21.533203125, "dvar": 42978104, "mean": 17935.1074219}, "spectral_complexity": {"max": 28, "dmean": 1.3054318428,