{"tonal": {"chords_number_rate": 0.00385306961834, "thpcp": [1, 0.604108095169, 0.270370423794, 0.3000202775, 0.316745877266, 0.273775309324, 0.255539298058, 0.292621821165, 0.419319570065, 0.496642708778, 0.322971969843, 0.111915022135, 0.0547305978835, 0.0549953244627, 0.146018430591, 0.239592507482, 0.171733751893, 0.108553804457, 0.152868226171, 0.174819588661, 0.332556039095, 0.515071630478, 0.349267184734, 0.270420074463, 0.415742814541, 0.316643774509, 0.167583405972, 0.135836452246, 0.119933150709, 0.247128665447, 0.420501023531, 0.322424590588, 0.256130903959, 0.373684257269, 0.412164062262, 0.745923221111], "hpcp": {"dvar": [0.0137602901086, 0.0163828134537, 0.0230223275721, 0.0356841757894, 0.0230806898326, 0.0240080244839, 0.0316362455487, 0.0227894149721, 0.0182337332517, 0.0155652714893, 0.0157904624939, 0.0189334340394, 0.0306144356728, 0.0267080925405, 0.0236462410539, 0.0317608602345, 0.04616638273, 0.0503533631563, 0.0662030652165, 0.0495231449604, 0.0491334199905, 0.0443388149142, 0.0427733957767, 0.0467813946307, 0.0428797155619, 0.0446681901813, 0.05186220631, 0.0407672412694, 0.0319366343319, 0.0195393618196, 0.00808955356479, 0.00634968094528, 0.0150598529726, 0.0193391684443, 0.0136721674353, 0.00996173452586], "mean": [0.0508631169796, 0.0581668876112, 0.110649779439, 0.171377331018, 0.116210006177, 0.0899755805731, 0.138328120112, 0.105355374515, 0.0557592250407, 0.0451962165534, 0.0399047844112, 0.0822259411216, 0.139911293983, 0.10727879405, 0.0852212160826, 0.124334178865, 0.137137383223, 0.248187482357, 0.332725226879, 0.201002001762, 0.0899590626359, 0.0998243167996, 0.105389341712, 0.091091953218, 0.0850243717432, 0.0973626598716, 0.139518201351, 0.165245562792, 0.107460923493, 0.0372369512916, 0.0182102508843, 0.0182983316481, 0.0485840179026, 0.0797184705734, 0.0571401529014, 0.0361185893416], "min": [0, 0, 0, 0, 0, 0, 0, 0, 0, 0, 0, 0, 0, 0, 0, 0, 0, 0, 0, 0, 0, 0, 0, 0, 0, 0, 0, 0, 0, 0, 0, 0, 0, 0, 0, 0], "median": [0.0023059702944, 0.00284404493868, 0.0143831977621, 0.0211119223386, 0.0167862754315, 0.0107185961679, 0.0156422834843, 0.0137436827645, 0.00372633663937, 0.00165683671366, 0.00242950418033, 0.0147569244727, 0.0267790202051, 0.0190305560827, 0.00641391752288, 0.00363003811799, 0.0121038854122, 0.0675091147423, 0.0883109346032, 0.0498995967209, 0.00841739494354, 0.00458656158298, 0.0045221154578, 0.00471213785931, 0.00335192633793, 0.00393881322816, 0.0133171118796, 0.0205124132335, 0.00972801633179, 0.00188486638945, 0.000896191049833, 0.00113451713696, 0.00292132631876, 0.00381757109426, 0.00344789796509, 0.00236933445558], "dvar2": [0.029947064817, 0.0392649434507, 0.0532010644674, 0.0773928835988, 0.0535931773484, 0.0572666227818, 0.0670934841037, 0.0519325323403, 0.045709926635, 0.0382079295814, 0.0414994806051, 0.0468320958316, 0.0692898854613, 0.0662007778883, 0.0586160458624, 0.0734105929732, 0.118868589401, 0.124263063073, 0.162287756801, 0.127802044153, 0.131115734577, 0.112369887531, 0.104305230081, 0.118437744677, 0.109813168645, 0.105920471251, 0.117626339197, 0.0962342098355, 0.0828140974045, 0.0506685934961, 0.0215614195913, 0.0168565642089, 0.0375842154026, 0.0425878874958, 0.0308336727321, 0.0226459801197], "var": [0.0244131591171, 0.0261490270495, 0.0419834181666, 0.089298017323, 0.0450237989426, 0.0358827635646, 0.0738806352019, 0.0425799489021, 0.0223650801927, 0.0180402193218, 0.0139546953142, 0.0257738027722, 0.0618413388729, 0.0401302985847, 0.0360488258302, 0.0731359198689, 0.0640538781881, 0.100366942585, 0.163262397051, 0.0734147652984, 0.0425581224263, 0.0504607483745, 0.0574569441378, 0.0497497357428, 0.0441718734801, 0.0545417554677, 0.0730117484927, 0.0817654728889, 0.0492330491543, 0.0166650563478, 0.00700140185654, 0.00555304484442, 0.0197150912136, 0.0418807342649, 0.02356232889, 0.012471569702], "dmean2": [0.0660455450416, 0.0829692929983, 0.128173291683, 0.162317737937, 0.130391687155, 0.124258212745, 0.141494318843, 0.12467969954, 0.0925957262516, 0.0769337490201, 0.0780139267445, 0.111931711435, 0.150776058435, 0.140696883202, 0.115679837763, 0.136274278164, 0.207380890846, 0.259819507599, 0.279388070107, 0.258086800575, 0.196075901389, 0.173869341612, 0.164806887507, 0.165600791574, 0.159550458193, 0.166121989489, 0.19425971806, 0.179959386587, 0.138053745031, 0.0763969868422, 0.0394813753664, 0.0380031466484, 0.0714772418141, 0.0864028483629, 0.0705606564879, 0.056369561702], "max": [1, 1, 1, 1, 1, 1, 1, 1, 1, 1, 1, 1, 1, 1, 1, 1, 1, 1, 1, 1, 1, 1, 1, 1, 1, 1, 1, 1, 1, 1, 1, 1, 1, 1, 1, 1], "dmean": [0.0410946570337, 0.0500417985022, 0.0799453034997, 0.0997580513358, 0.0805627629161, 0.0745390281081, 0.0862184390426, 0.0766766965389, 0.0545243173838, 0.0457015521824, 0.045167375356, 0.0681019723415, 0.0930103287101, 0.0839893072844, 0.0678177773952, 0.0802428275347, 0.119115248322, 0.154670774937, 0.161633744836, 0.150333672762, 0.108571186662, 0.100853979588, 0.0982589125633, 0.0957555323839, 0.0925597921014, 0.0965176522732, 0.116798304021, 0.11043779552, 0.0830182805657, 0.0441981106997, 0.0221614316106, 0.0216212309897, 0.0424405932426, 0.0533194318414, 0.0439194999635, 0.0343257971108]}, "key_strength": 0.701007723808, "chords_strength": {"dvar": 0.000100787838164, "mean": 0.496987968683, "min": 0.220142230392, "median": 0.495267987251, "dvar2": 0.000112826608529, "var": 0.0116794565693, "dmean2": 0.011604193598, "max": 0.841582298279, "dmean": 0.0121229030192}, "tuning_equal_tempered_deviation": 0.0443913675845, "chords_key": "B", "tuning_frequency": 456.04309082, "chords_scale": "major", "chords_changes_rate": 0.0814282074571, "key_scale": "minor", "tuning_diatonic_strength": 0.495900988579, "hpcp_entropy": {"dvar": 0.23655217886, "mean": 1.40220475197, "min": 0, "median": 1.42744791508, "dvar2": 0.594488680363, "var": 0.493916869164, "dmean2": 0.950116634369, "max": 4.16959095001, "dmean": 0.552308022976}, "chords_histogram": [16.3883895874, 7.73182630539, 4.77780628204, 2.08065748215, 0.102748520672, 3.08245563507, 0, 0.667865395546, 1.10454666615, 8.65656280518, 2.64577436447, 0.847675323486, 0.205497041345, 0.0256871301681, 0.256871312857, 1.00179815292, 7.7575135231, 0.796301066875, 0.205497041345, 2.54302597046, 3.08245563507, 2.62008738518, 13.8196763992, 19.599281311], "tuning_nontempered_energy_ratio": 0.71316409111, "key_key": "D#"}, "metadata": {"version": {"extractor": "music 1.0", "essentia_build_sha": "c0e182ba78c2de26e491b7b7a4a2c98c1ed34208", "essentia": "2.1-beta2", "essentia_git_sha": "v2.1_beta2-2-gbb40004"}, "audio_properties": {"sample_rate": 44100, "length": 180.733337402, "lossless": true, "analysis_sample_rate": 44100, "downmix": "mix", "bit_rate": 493307, "equal_loudness": 0, "md5_encoded": "dd8e2998a276ca4673db6e2f1435084e", "codec": "alac", "replay_gain": -11.6796150208}, "tags": {"genre": ["Jazz"], "catalognumber": ["CK 47471"], "musicbrainz_recordingid": ["083f7003-4e23-4a49-8bb5-956e30125a44"], "language": ["English"], "title": ["Sobbin' Hearted Blues"], "discnumber": ["1/2"], "musicbrainz_artistid": ["ffa28768-ecda-42c6-ac49-6ce5c7d33043"], "encodedby": ["iTunes 10.7"], "composer": ["Davis/P. Bradford/Layer"], "tracknumber": ["19/19"], "musicbrainz_albumartistid": ["ffa28768-ecda-42c6-ac49-6ce5c7d33043"], "compilation": ["0"], "date": ["1991"], "musicbrainz_releasegroupid": ["e1e504a0-4ecc-3236-8f4c-34ffbfa985d0"], "media": ["CD"], "bpm": ["0"], "label": ["Legacy"], "artist": ["Bessie Smith"], "asin": ["B0000027LA"], "script": ["Latin"], "musicbrainz_albumid": ["c5d5dbe1-87f8-48e7-a6a5-01339484be8a"], "file_name": "1-19 Sobbin' Hearted Blues.m4a", "album": ["The Complete Recordings, Volume 2 (disc 1)"]}}, "lowlevel": {"melbands": {"dvar": [1.6757200079e-14, 1.48789079066e-14, 1.07424248804e-13, 9.05990338307e-10, 1.03874003798e-06, 9.48200408857e-07, 6.82447165445e-08, 1.62416835536e-08, 5.13188886941e-08, 5.94546463617e-07, 1.65865202462e-07, 1.23405756725e-08, 5.10192643688e-09, 1.03810622321e-08, 3.28777827185e-09, 1.0183553556e-08, 8.16020762073e-09, 4.0789416289e-09, 2.12436681579e-08, 5.59935493527e-08, 3.58575213966e-09, 1.5812330334e-09, 3.84870274539e-10, 6.32342372908e-11, 1.1841294438e-11, 3.77687735687e-13, 2.94546288401e-14, 2.25779088486e-14, 2.71340207214e-15, 6.04768130631e-16, 7.58624081908e-17, 1.29488135219e-17, 4.70951228572e-18, 1.93382047274e-18, 5.66279213656e-19, 1.14965542339e-19, 1.16847274835e-20, 3.00293401298e-21, 1.5029852545e-21, 1.00490680931e-21], "mean": [1.34446835887e-07, 9.10362487616e-08, 3.04843524646e-07, 2.50185348705e-05, 0.00102815334685, 0.00117842666805, 0.000231480938965, 0.00014583086886, 0.000163141157827, 0.000402171805035, 0.000241530840867, 5.52892379346e-05, 4.81913120893e-05, 7.45183497202e-05, 3.37352685165e-05, 5.79014267714e-05, 4.5529603085e-05, 3.61702041118e-05, 0.00011891683971, 0.000140278294566, 3.62573300663e-05, 2.59345797531e-05, 1.36733779073e-05, 4.94948244523e-06, 1.79400740308e-06, 4.69223493837e-07, 1.31777113666e-07, 8.00611203999e-08, 4.07608737873e-08, 2.00007264084e-08, 8.25241919244e-09, 3.76139208669e-09, 1.8690029524e-09, 1.01409458608e-09, 5.49012224571e-10, 3.12858100537e-10, 1.92117197151e-10, 1.65022578935e-10, 1.53424217775e-10, 1.48682732792e-10], "min": [2.69225467127e-24, 2.35953306018e-24, 3.07657764632e-24, 2.77520990355e-24, 3.59828094522e-24, 1.3216716615e-24, 2.74641056406e-24, 1.79486287435e-24, 2.67180917154e-24, 5.06067129132e-24, 4.25814415978e-24, 3.07760533486e-24, 4.77025727666e-24, 3.44816308154e-24, 5.54533125984e-24, 3.07688135776e-24, 5.36670830178e-24, 4.79102877315e-24, 3.68623223084e-24, 4.77230713172e-24, 3.80030901191e-24, 4.54032680532e-24, 5.4413641257e-24, 5.78781960793e-24, 7.46169646297e-24, 6.3055060271e-24, 3.60746486388e-24, 5.66232248753e-24, 5.01524315837e-24, 4.97809333176e-24, 5.55724266508e-24, 4.34229313583e-24, 5.6128068718e-24, 6.63470675475e-24, 7.21172931907e-24, 8.24946006267e-24, 7.01550095776e-24, 7.049369123e-24, 6.79244264819e-24, 7.95155936359e-24], "median": [9.73273373006e-08, 5.07369932734e-08, 1.82849802854e-07, 7.70371298131e-06, 0.000327252433635, 0.000492759107146, 6.86348794261e-05, 5.96017198404e-05, 2.85803635052e-05, 3.08609705826e-05, 1.79389280675e-05, 4.7466282922e-06, 5.01182103108e-06, 3.8540983951e-06, 3.5968478187e-06, 2.81214352071e-06, 2.10634357245e-06, 1.51542087679e-06, 7.69141024648e-06, 6.3231641434e-06, 3.17528497362e-06, 1.73698231265e-06, 8.18247144707e-07, 3.21615630128e-07, 1.1904683106e-07, 5.49174572484e-08, 2.98505433705e-08, 1.79899117825e-08, 1.00984731688e-08, 4.96860153021e-09, 2.40626429893e-09, 1.26553578728e-09, 6.32181251792e-10, 3.21806997716e-10, 2.11704834219e-10, 1.7368355365e-10, 1.52114210117e-10, 1.44670150859e-10, 1.4084618194e-10, 1.39855751979e-10], "dvar2": [4.54042389081e-14, 4.21152065858e-14, 2.86450740515e-13, 1.8304296967e-09, 2.08841311178e-06, 1.91060235011e-06, 9.94830600121e-08, 3.34476304431e-08, 1.0659597649e-07, 9.94063725557e-07, 2.52752840879e-07, 1.87154380882e-08, 7.14617431896e-09, 1.61856696934e-08, 5.40589617515e-09, 1.44549936465e-08, 1.11427826965e-08, 6.45645803488e-09, 3.51930076192e-08, 9.28340142536e-08, 6.63125998557e-09, 2.66987698616e-09, 6.77751132994e-10, 1.12891911097e-10, 1.82353247086e-11, 6.22933345532e-13, 5.84804692736e-14, 4.47662503041e-14, 5.72008125544e-15, 1.24291730032e-15, 1.68245373455e-16, 3.04122812198e-17, 9.72359330016e-18, 3.73608076419e-18, 1.01893379644e-18, 2.32573642392e-19, 2.48159418268e-20, 7.39396716281e-21, 3.88322725451e-21, 2.7404348291e-21], "var": [1.94808972014e-14, 1.57786330795e-14, 1.6956473389e-13, 3.04835046094e-09, 3.54869848707e-06, 3.23554104398e-06, 3.30863770159e-07, 5.86591966112e-08, 1.37050179205e-07, 1.88266812984e-06, 6.31382931715e-07, 5.18822851348e-08, 2.35648549562e-08, 6.85910919174e-08, 1.12208473624e-08, 4.72478838276e-08, 3.65020724757e-08, 1.4801636361e-08, 9.75652483248e-08, 2.16144030674e-07, 1.24734249596e-08, 6.30101348875e-09, 1.27075150402e-09, 2.05092456906e-10, 4.14428734385e-11, 1.53662315077e-12, 9.48428889678e-14, 6.02890811276e-14, 7.82587631309e-15, 1.84811408256e-15, 2.20140263101e-16, 3.71716934744e-17, 1.31892459746e-17, 5.86208631251e-18, 1.72713419725e-18, 3.30060522346e-19, 3.31161144312e-20, 8.74997548852e-21, 4.2687641019e-21, 2.59467575009e-21], "dmean2": [1.54302910005e-07, 1.26615816498e-07, 3.51999744908e-07, 1.80777424248e-05, 0.000708465639036, 0.000786605931353, 0.000125984719489, 9.01976163732e-05, 0.000107594962174, 0.000272244418738, 0.000147773651406, 3.30104703608e-05, 2.61410332314e-05, 3.50327791239e-05, 2.05194501177e-05, 2.94010442303e-05, 2.63411457126e-05, 2.30348941841e-05, 6.85241102474e-05, 9.17559373192e-05, 2.23616898438e-05, 1.61818243214e-05, 8.95213997865e-06, 3.4838085412e-06, 1.20166782835e-06, 2.97504584523e-07, 9.84000649851e-08, 6.37612345145e-08, 3.1343347473e-08, 1.47848631116e-08, 6.06440675455e-09, 2.59774912692e-09, 1.25377841442e-09, 6.91234791628e-10, 3.40881822769e-10, 1.84875989517e-10, 9.78594080769e-11, 7.57734638923e-11, 6.54584858539e-11, 6.08099404165e-11], "max": [2.66879851551e-06, 2.21543268708e-06, 1.22354131236e-05, 0.000833107857034, 0.0177220962942, 0.016308857128, 0.00736687704921, 0.00300810416229, 0.00601315964013, 0.0204982478172, 0.0152393924072, 0.00628939876333, 0.00310024968348, 0.00383087131195, 0.00227512023412, 0.00484744505957, 0.00235758326016, 0.00158804631792, 0.00461744237691, 0.00563842570409, 0.00197643251158, 0.00153493997641, 0.000580817926675, 0.000229064200539, 0.000131917375256, 1.76742032636e-05, 6.07755100646e-06, 5.24878714714e-06, 1.50421703893e-06, 6.73829049447e-07, 2.93753998903e-07, 1.30147910227e-07, 8.11536082779e-08, 4.05153777194e-08, 2.93658768413e-08, 1.43243443773e-08, 4.71046890382e-09, 1.91863280818e-09, 1.23523791196e-09, 7.70417285523e-10], "dmean": [8.94424942999e-08, 7.27822211388e-08, 2.06420537552e-07, 1.22445835586e-05, 0.000497785804328, 0.000545853516087, 9.44739294937e-05, 6.27727495157e-05, 7.66401572037e-05, 0.000202144685318, 0.000114322676382, 2.56191669905e-05, 2.10817852349e-05, 2.90663447231e-05, 1.57229078468e-05, 2.51869441854e-05, 2.1487228878e-05, 1.71225583472e-05, 5.13679151481e-05, 6.73894101055e-05, 1.68303013197e-05, 1.22038336485e-05, 6.74118882671e-06, 2.51014330388e-06, 8.96405708772e-07, 2.16941273834e-07, 6.58809184984e-08, 4.22614725437e-08, 2.09240536009e-08, 9.98712756939e-09, 3.97954202924e-09, 1.72900715967e-09, 8.55661930199e-10, 4.63036664566e-10, 2.34052860426e-10, 1.1974932157e-10, 5.98119123674e-11, 4.51318704631e-11, 3.88399798434e-11, 3.59238576386e-11]}, "spectral_decrease": {"dvar": 3.57696512874e-18, "mean": -4.29178825812e-09, "min": -2.81940426561e-08, "median": -3.1884563878e-09, "dvar2": 6.2940991718e-18, "var": 1.68381547236e-17, "dmean2": 1.82873194365e-09, "max": 1.37144014855e-28, "dmean": 1.36694300323e-09}, "spectral_rolloff": {"dvar": 275968.96875, "mean": 1248.87512207, "min": 43.06640625, "median": 1033.59375, "dvar2": 613546.75, "var": 1353016.75, "dmean2": 389.57623291, "max": 19401.4160156, "dmean": 223.415969849}, "melbands_crest": {"dvar": 8.25578594208, "mean": 16.4054794312, "min": 1.92065989971, "median": 16.1786155701, "dvar2": 19.5925655365, "var": 30.7620639801, "dmean2": 4.67102813721, "max": 39.0549583435, "dmean": 2.97281551361}, "barkbands_skewness": {"dvar": 1.15614020824, "mean": 1.6905092001, "min": -4.99200296402, "median": 1.11111354828, "dvar2": 2.22031259537, "var": 6.48616695404, "dmean2": 1.21704566479, "max": 21.6951122284, "dmean": 0.849829852581}, "spectral_centroid": {"dvar": 57524.2109375, "mean": 930.442382812, "min": 289.812530518, "median": 760.227355957, "dvar2": 109021.601562, "var": 505174, "dmean2": 209.000991821, "max": 11613.3144531, "dmean": 146.997253418}, "spectral_energyband_middle_low": {"dvar": 5.02018774569e-05, "mean": 0.0121746743098, "min": 1.5767626818e-22, "median": 0.00747347669676, "dvar2": 9.32287148316e-05, "var": 0.000198853056645, "dmean2": 0.00625592796132, "max": 0.109235331416, "dmean": 0.00455521745607}, "erbbands_crest": {"dvar": 8.56702136993, "mean": 15.1577825546, "min": 1.85198020935, "median": 14.6036100388, "dvar2": 20.3135814667, "var": 27.6310939789, "dmean2": 4.83553123474, "max": 32.5780258179, "dmean": 3.11269307137}, "dynamic_complexity": 4.16965103149, "spectral_energyband_low": {"dvar": 5.89170530939e-13, "mean": 9.24618689169e-07, "min": 1.98777360224e-23, "median": 6.97256950843e-07, "dvar2": 1.61795295044e-12, "var": 7.66248392861e-13, "dmean2": 9.19103456454e-07, "max": 1.70915936906e-05, "dmean": 5.3915209719e-07}, "silence_rate_60dB": {"dvar": 0.0567292422056, "mean": 0.187925502658, "min": 0, "median": 0, "dvar2": 0.115439757705, "var": 0.152614831924, "dmean2": 0.120776049793, "max": 1, "dmean": 0.060380268842}, "erbbands_kurtosis": {"dvar": 17.3210277557, "mean": 2.99783992767, "min": -1.9612698555, "median": 0.630913257599, "dvar2": 37.2349357605, "var": 49.7514343262, "dmean2": 3.71179914474, "max": 75.1363754272, "dmean": 2.42276644707}, "spectral_complexity": {"dvar": 2.1061360836, "mean": 7.24572896957, "min": 0, "median": 7, "dvar2": 3.8915116787, "var": 11.6369342804, "dmean2": 2.01002192497, "max": 22, "dmean": 1.29188072681}, "barkbands_crest": {"dvar": 6.98629999161, "mean": 14.9515924454, "min": 3.24634647369, "median": 14.1986427307, "dvar2": 16.1051998138, "var": 30.9559841156, "dmean2": 4.28305435181, "max": 26.7482643127, "dmean": 2.75801467896}, "spectral_energy": {"dvar": 5.76329366595e-05, "mean": 0.0175461955369, "min": 1.04644446329e-20, "median": 0.012941849418, "dvar2": 0.000100131925137, "var": 0.000278025690932, "dmean2": 0.0073841069825, "max": 0.114224515855, "dmean": 0.00553498277441}, "spectral_spread": {"dvar": 306502664192, "mean": 1602070, "min": 468957.5625, "median": 1389454.5, "dvar2": 619126259712, "var": 4162818932740.0, "dmean2": 434804.0625, "max": 40987932, "dmean": 262970.09375}, "spectral_contrast_valleys": {"dvar": [0.1797760427, 0.12072699517, 0.0992528423667, 0.0832309275866, 0.0752620697021, 0.0399356260896], "mean": [-11.1586771011, -7.45733165741, -8.53904819489, -8.83996295929, -9.53246021271, -13.5780391693], "min": [-27.901966095, -27.7967777252, -27.7402801514, -27.682559967, -27.4505367279, -27.3356227875], "median": [-11.0778160095, -7.29600429535, -8.44029140472, -8.75630950928, -9.52336120605, -13.5923871994], "dvar2": [0.473352819681, 0.233180999756, 0.209428101778, 0.171453073621, 0.118936635554, 0.0859316587448], "var": [1.04987955093, 1.75409734249, 1.39986538887, 1.28682041168, 1.3420727253, 0.556611657143], "dmean2": [0.853982686996, 0.520736575127, 0.512536108494, 0.435016840696, 0.318570673466, 0.266126871109], "max": [-9.39887523651, -5.48734235764, -5.98067188263, -6.43408918381, -7.49258375168, -12.3074893951], "dmean": [0.495993196964, 0.332758426666, 0.323194086552, 0.274141401052, 0.222272694111, 0.157594382763]}, "spectral_rms": {"dvar": 5.49010167106e-07, "mean": 0.00362779456191, "min": 3.1951860862e-12, "median": 0.00355333578773, "dvar2": 8.76960996266e-07, "var": 3.95735287384e-06, "dmean2": 0.000838863488752, "max": 0.0105564463884, "dmean": 0.000651055830531}, "barkbands_spread": {"dvar": 11.9636583328, "mean": 8.54155826569, "min": 0.0883105620742, "median": 6.85699987411, "dvar2": 26.2742614746, "var": 58.1091918945, "dmean2": 3.61146306992, "max": 112.309860229, "dmean": 2.39029026031}, "pitch_salience": {"dvar": 0.00437550572678, "mean": 0.464429676533, "min": 0.0421643480659, "median": 0.468046396971, "dvar2": 0.00983361061662, "var": 0.0246165599674, "dmean2": 0.103884503245, "max": 0.885484099388, "dmean": 0.0681650564075}, "erbbands_skewness": {"dvar": 0.416469156742, "mean": 0.427918642759, "min": -4.16487216949, "median": 0.273396402597, "dvar2": 0.7648640275, "var": 2.65287280083, "dmean2": 0.853375434875, "max": 7.05865335464, "dmean": 0.601313352585}, "spectral_energyband_middle_high": {"dvar": 1.35519903779e-05, "mean": 0.00550360837951, "min": 1.19941037359e-21, "median": 0.00167883455288, "dvar2": 2.08295186894e-05, "var": 6.95648996043e-05, "dmean2": 0.00243247696199, "max": 0.0937695503235, "dmean": 0.00190203229431}, "erbbands": {"dvar": [2.71575095745e-10, 6.69305944001e-09, 8.83054198653e-08, 3.46687784258e-06, 0.00145138532389, 2.82379436493, 1416.79223633, 1710.93310547, 392.531860352, 181.054275513, 534.530822754, 13934.1230469, 6661.45068359, 458.665344238, 496.728057861, 878.568603516, 1359.58422852, 2423.14331055, 1672.7199707, 16950.7695312, 3706.96875, 1078.25305176, 137.709625244, 15.2611341476, 0.311096280813, 0.0381221659482, 0.00532484147698, 0.000396787800128, 3.04893674183e-05, 8.07853939477e-06, 1.31266631342e-06, 7.64777468021e-08, 5.47782619265e-09, 1.44381395728e-09, 6.95349333668e-10, 3.48624018542e-10, 1.22444707151e-10, 4.80107655021e-11, 1.88760205383e-11, 7.78780928634e-11], "mean": [1.59468272614e-05, 7.28823943064e-05, 0.000318120990414, 0.00251902732998, 0.0602180995047, 1.95023977757, 37.0677375793, 48.9171066284, 16.0256156921, 14.784286499, 19.438791275, 57.5530776978, 50.2096977234, 14.6345672607, 17.7942237854, 20.9407272339, 19.9524612427, 27.7446403503, 33.1265258789, 105.226661682, 46.9992523193, 24.7499523163, 8.81382369995, 2.6497695446, 0.511468112469, 0.140013515949, 0.0602352172136, 0.0198744926602, 0.00637129833922, 0.00236788881011, 0.000942949962337, 0.000399440294132, 0.000258396292338, 0.000196144610527, 0.000144748206367, 9.5826566394e-05, 5.20218163729e-05, 2.03509425774e-05, 1.39606745506e-05, 2.11656406464e-05], "min": [1.46165083633e-22, 1.11014585229e-21, 3.72080056693e-21, 8.9893126055e-21, 2.56875543167e-20, 5.67555889383e-20, 7.43887596149e-20, 6.05171992363e-20, 1.92011910478e-19, 1.39846618177e-19, 2.88128462349e-19, 7.60847293172e-19, 9.16256280599e-19, 7.94476837964e-19, 1.76286767593e-18, 1.43874946401e-18, 1.94855152548e-18, 2.71369710761e-18, 2.84868884767e-18, 4.10314753769e-18, 3.79336963906e-18, 4.48735804297e-18, 7.05230036589e-18, 9.23205528322e-18, 7.15816294068e-18, 7.88154644843e-18, 8.78988671397e-18, 1.08090660221e-17, 1.00950255193e-17, 1.45894311411e-17, 1.50442166963e-17, 1.29604726326e-17, 1.1559100462e-17, 1.06065424296e-17, 7.80600831489e-18, 3.97839546643e-18, 2.56044225359e-18, 1.22590038276e-18, 2.45531271592e-19, 2.73336211175e-20], "median": [1.08387366708e-05, 4.63983196823e-05, 0.000201774688321, 0.00157490419224, 0.032755445689, 0.865324616432, 11.2482976913, 20.3424739838, 5.45382976532, 6.19705057144, 5.12878656387, 5.51954174042, 4.4272685051, 2.94836139679, 2.57200360298, 2.30473399162, 2.25289678574, 2.0830655098, 3.95967149734, 7.682700634, 4.902821064, 1.95617234707, 0.732201576233, 0.204325973988, 0.0693608224392, 0.0317637436092, 0.0147048290819, 0.00547278439626, 0.00213632034138, 0.000768586527556, 0.00038285026676, 0.000274237041594, 0.000222650924115, 0.000180002272828, 0.000135302325361, 9.03333711904e-05, 4.92185608891e-05, 1.92630923266e-05, 1.12783345685e-05, 1.55941688718e-05], "dvar2": [7.33907490336e-10, 1.85692599075e-08, 2.39668139557e-07, 8.0266763689e-06, 0.00300591136329, 6.20056295395, 2881.27832031, 3595.52490234, 556.030761719, 370.012878418, 1130.74755859, 22974.3867188, 10178.6777344, 711.065795898, 673.95526123, 1501.65966797, 2223.91235352, 3300.70629883, 2650.109375, 27804.8398438, 6625.27832031, 1800.85571289, 271.327667236, 23.9914836884, 0.521425068378, 0.0732431262732, 0.0105298506096, 0.000769715523347, 6.5158259531e-05, 1.5271400116e-05, 2.34398339671e-06, 1.48696486235e-07, 1.21346896975e-08, 3.45513151423e-09, 1.74187264612e-09, 9.12208864001e-10, 3.31356830863e-10, 1.38000458283e-10, 3.43955593174e-11, 1.32884842019e-10], "var": [3.20014209576e-10, 7.88606335789e-09, 1.39285333489e-07, 9.32519014896e-06, 0.0062568555586, 9.01078224182, 4786.23876953, 5493.43261719, 1719.05969238, 664.889709473, 1636.28125, 41587.53125, 25412.8769531, 2159.87182617, 2917.86401367, 4408.06787109, 4258.97070312, 11643.0996094, 7254.23388672, 71366.1640625, 13692.7451172, 4396.61230469, 396.479797363, 57.6995391846, 1.38948297501, 0.120110556483, 0.0172740742564, 0.00138840964064, 0.000107389307232, 2.55808809015e-05, 4.26989799962e-06, 2.51699560749e-07, 2.12671569244e-08, 5.64938451575e-09, 2.27411489639e-09, 8.91464457808e-10, 2.56612592286e-10, 5.38929803562e-11, 8.85526652006e-11, 3.87122944812e-10], "dmean2": [1.72151467268e-05, 8.47814444569e-05, 0.000313713215292, 0.00173933920451, 0.0342927724123, 1.22761321068, 25.8813877106, 33.7764587402, 8.80730724335, 9.04800415039, 11.8768634796, 39.5545272827, 30.1123809814, 7.92678976059, 8.35272502899, 10.5600690842, 10.5361766815, 14.7746210098, 17.9634189606, 61.0745391846, 27.8286590576, 14.0195016861, 5.46295833588, 1.58596885204, 0.291400820017, 0.0941277369857, 0.0417070835829, 0.0128304436803, 0.00380337960087, 0.0014186007902, 0.000517942535225, 0.000180985254701, 9.43473714869e-05, 6.43111488898e-05, 4.44661818619e-05, 2.774801942e-05, 1.43310790008e-05, 5.60566877539e-06, 4.32535171058e-06, 8.6125019152e-06], "max": [0.000363283761544, 0.00244661909528, 0.00671453820542, 0.0690452232957, 0.829294204712, 53.1396560669, 685.869018555, 791.317626953, 571.397277832, 332.762145996, 629.181335449, 3185.25854492, 3075.82836914, 1095.9395752, 814.076293945, 897.569091797, 2319.97338867, 1303.16796875, 1251.24499512, 2837.90869141, 1417.49865723, 1064.63098145, 439.13973999, 147.129455566, 11.4059810638, 6.32691144943, 2.37717962265, 0.693469166756, 0.206666722894, 0.106088683009, 0.0395099781454, 0.0114811323583, 0.00292227440514, 0.00115104566794, 0.00085088837659, 0.000699863419868, 0.000512707571033, 0.000411531480495, 0.000140367992572, 0.000133615845698], "dmean": [1.01030464066e-05, 4.95189633511e-05, 0.000188576086657, 0.00112148490734, 0.0236448943615, 0.847682714462, 18.1110363007, 23.0692672729, 6.63137245178, 6.31312036514, 8.46183681488, 29.6445732117, 23.3429718018, 6.27571344376, 6.72103404999, 8.56003093719, 8.64855575562, 12.122710228, 13.4109106064, 45.4717330933, 20.9050884247, 10.6726970673, 4.12476444244, 1.20113611221, 0.215693503618, 0.065151438117, 0.0287096612155, 0.00881254859269, 0.00265029328875, 0.000996120041236, 0.000365617801435, 0.000117935735034, 5.85293528275e-05, 3.94340750063e-05, 2.70005220955e-05, 1.68713067978e-05, 8.73733915796e-06, 3.37591313837e-06, 3.18423190038e-06, 6.4766536525e-06]}, "dissonance": {"dvar": 0.00137387169525, "mean": 0.403085142374, "min": 0.143782019615, "median": 0.41667547822, "dvar2": 0.00372243020684, "var": 0.00403107423335, "dmean2": 0.0646779611707, "max": 0.499891668558, "dmean": 0.0388847701252}, "erbbands_flatness_db": {"dvar": 0.000516075466294, "mean": 0.383858591318, "min": 0.0185866374522, "median": 0.391459047794, "dvar2": 0.00088685186347, "var": 0.00386308506131, "dmean2": 0.027222186327, "max": 0.532519340515, "dmean": 0.0195041876286}, "melbands_kurtosis": {"dvar": 166.900405884, "mean": 11.2219734192, "min": -1.93334436417, "median": 2.80686998367, "dvar2": 351.808959961, "var": 467.523681641, "dmean2": 10.1303730011, "max": 470.652923584, "dmean": 6.58087444305}, "melbands_spread": {"dvar": 34.8597450256, "mean": 14.6700897217, "min": 0.33922046423, "median": 9.95588684082, "dvar2": 68.6581726074, "var": 193.003494263, "dmean2": 6.25248575211, "max": 163.651672363, "dmean": 4.23806476593}, "melbands_skewness": {"dvar": 0.740004837513, "mean": 1.96247565746, "min": -3.45347166061, "median": 1.53706514835, "dvar2": 1.51341092587, "var": 3.89939308167, "dmean2": 1.11410534382, "max": 19.7659835815, "dmean": 0.75124669075}, "spectral_entropy": {"dvar": 0.0482776425779, "mean": 5.96973991394, "min": 3.95121264458, "median": 5.97749042511, "dvar2": 0.0939749702811, "var": 0.373156458139, "dmean2": 0.308606088161, "max": 9.81922626495, "dmean": 0.21275626123}, "zerocrossingrate": {"dvar": 8.42929584906e-05, "mean": 0.0423758514225, "min": 0.01171875, "median": 0.03564453125, "dvar2": 0.00013175564527, "var": 0.00115642754827, "dmean2": 0.0063488483429, "max": 0.5234375, "dmean": 0.0057938862592}, "average_loudness": 0.802276432514, "spectral_contrast_coeffs": {"dvar": [0.001719934633, 0.00152708683163, 0.00134181592148, 0.00180422374979, 0.000751682149712, 0.00025865182397], "mean": [-0.539701581001, -0.619035243988, -0.6920773983, -0.712655127048, -0.771881639957, -0.797758162022], "min": [-0.978064835072, -0.970190882683, -0.974849224091, -0.965383768082, -0.968243002892, -0.964542448521], "median": [-0.532008767128, -0.617004275322, -0.703608810902, -0.717687427998, -0.774516642094, -0.805352628231], "dvar2": [0.00457234447822, 0.00353961251676, 0.00254909531213, 0.00288147781976, 0.00130932289176, 0.00054675003048], "var": [0.00892497319728, 0.00865758117288, 0.0119153279811, 0.0137759922072, 0.0055204811506, 0.00198034150526], "dmean2": [0.082469932735, 0.071071818471, 0.0613791830838, 0.0573727078736, 0.0367097258568, 0.0268037896603], "max": [-0.244697391987, -0.306704759598, -0.344682067633, -0.403411060572, -0.534468114376, -0.636507928371], "dmean": [0.050319314003, 0.0454259701073, 0.0408966094255, 0.0404960028827, 0.024806138128, 0.0173617191613]}, "barkbands_flatness_db": {"dvar": 0.000680505356286, "mean": 0.332186192274, "min": 0.0291167218238, "median": 0.334481567144, "dvar2": 0.00126337539405, "var": 0.00512588536367, "dmean2": 0.0349074117839, "max": 0.543668627739, "dmean": 0.0244751702994}, "silence_rate_30dB": {"dvar": 0.00077017879812, "mean": 0.999357759953, "min": 0, "median": 1, "dvar2": 0.00179627700709, "var": 0.000641860067844, "dmean2": 0.00154182186816, "max": 1, "dmean": 0.000770811922848}, "spectral_energyband_high": {"dvar": 1.01583351106e-11, "mean": 2.39018459069e-06, "min": 6.93460969641e-21, "median": 6.49342155157e-07, "dvar2": 1.91391173743e-11, "var": 3.17465637112e-11, "dmean2": 1.54593021762e-06, "max": 9.83437566902e-05, "dmean": 1.06913262243e-06}, "melbands_flatness_db": {"dvar": 0.000782177201472, "mean": 0.394971072674, "min": 0.0049169883132, "median": 0.392769753933, "dvar2": 0.00145038205665, "var": 0.00696435570717, "dmean2": 0.0368265584111, "max": 0.64365285635, "dmean": 0.0261724349111}, "barkbands": {"dvar": [6.20402871871e-13, 1.45318178606e-13, 8.51136245901e-14, 5.36228017285e-13, 3.94734769316e-07, 3.65912819689e-05, 1.15119951261e-06, 5.49722130927e-07, 1.74606047949e-05, 4.13760744777e-06, 2.72239958576e-07, 5.52640813112e-07, 9.23966524624e-07, 9.30753913053e-07, 2.55196687249e-06, 5.84482222621e-06, 2.97543067518e-07, 3.92637033997e-08, 1.77251913147e-09, 1.28665489721e-11, 1.08327745645e-12, 1.74673592783e-14, 2.38504530321e-15, 4.12906327172e-17, 8.20223444575e-18, 2.94142878108e-17, 1.40671327588e-16], "mean": [1.10331313863e-06, 2.76527458709e-07, 1.89621303548e-07, 4.17251612816e-07, 0.000467850884888, 0.0070894472301, 0.000883055152372, 0.00064881920116, 0.00262794317678, 0.000798936060164, 0.000309918163111, 0.000551227945834, 0.000488856749143, 0.000402270903578, 0.00130561937112, 0.00142628431786, 0.000405240105465, 0.000115240094601, 1.98354136955e-05, 2.59916760115e-06, 8.55171094827e-07, 1.46831837355e-07, 3.72526223202e-08, 1.48971670555e-08, 1.71312084518e-08, 2.34867840732e-08, 3.23017630421e-08], "min": [6.94548491786e-25, 1.22629784557e-23, 3.81982621957e-24, 4.76665809878e-24, 1.78351589909e-23, 5.62211937478e-24, 8.89332912237e-24, 6.99693511635e-24, 3.51858816554e-23, 2.61722370455e-23, 2.49245209952e-23, 2.8230274173e-23, 3.97526763218e-23, 5.73027299375e-23, 3.70982382618e-23, 6.87578801164e-23, 8.06708094341e-23, 1.16775458453e-22, 1.6907352859e-22, 1.4097333127e-22, 2.26496581904e-22, 3.03520809228e-22, 5.57529931255e-22, 7.70178558527e-22, 1.04573602834e-21, 1.374387043e-21, 2.04586241629e-21], "median": [9.13600501917e-07, 1.53168429051e-07, 9.20057843246e-08, 2.27187371138e-07, 0.000147134414874, 0.00286766444333, 0.000274700141745, 0.000189280297491, 0.000223662616918, 6.65015541017e-05, 2.53189700743e-05, 2.28397657338e-05, 2.16601165448e-05, 2.09316040127e-05, 8.2678590843e-05, 6.26287728664e-05, 2.88075152639e-05, 8.17222462501e-06, 1.74827073351e-06, 6.52059554795e-07, 2.17875381736e-07, 4.97933321242e-08, 1.37978597436e-08, 1.2318714937e-08, 1.62777755719e-08, 2.29528183127e-08, 3.18568851299e-08], "dvar2": [1.83887497243e-12, 4.00182409996e-13, 2.39267861166e-13, 1.37307212041e-12, 9.08470326522e-07, 7.15604182915e-05, 1.78995230726e-06, 1.15280988666e-06, 3.02915868815e-05, 5.34516175321e-06, 3.74175527895e-07, 8.35800506138e-07, 1.4382160316e-06, 1.48419655943e-06, 4.15735485149e-06, 9.86548002402e-06, 5.06699052494e-07, 7.84228220141e-08, 3.28508420466e-09, 2.50909275995e-11, 2.17839591851e-12, 3.70863313204e-14, 4.31486121925e-15, 8.78490096554e-17, 2.1675361362e-17, 8.48152883629e-17, 4.17033918724e-16], "var": [7.82617352001e-13, 1.55621975267e-13, 9.01232078332e-14, 6.43556388735e-13, 8.9708237283e-07, 0.000127472449094, 4.16103057432e-06, 1.79212406692e-06, 6.05679852015e-05, 1.32027198561e-05, 1.09134737158e-06, 3.56788177669e-06, 3.20013600685e-06, 2.92992740469e-06, 1.20182867249e-05, 2.22815651796e-05, 1.16679757411e-06, 9.42857099062e-08, 5.11455189312e-09, 3.75876864356e-11, 3.34469149425e-12, 5.94482687903e-14, 7.67637753899e-15, 1.28364534434e-16, 2.46265366468e-17, 3.47011696825e-17, 9.83171258911e-17], "dmean2": [1.30948501464e-06, 3.89854221794e-07, 2.9605038776e-07, 6.30850593097e-07, 0.000379202509066, 0.00466249883175, 0.00056621117983, 0.000425149919465, 0.00171195389703, 0.000565236550756, 0.000190806560568, 0.000264009024249, 0.000306232424919, 0.000307851965772, 0.000736583897378, 0.000941879639868, 0.000249815057032, 8.73136523296e-05, 1.37128827191e-05, 1.8832557771e-06, 6.04735305387e-07, 9.11292019623e-08, 2.24401848214e-08, 5.87270232444e-09, 5.02380625989e-09, 5.90515769616e-09, 7.31786453656e-09], "max": [1.11572826427e-05, 1.03010997918e-05, 5.87324211665e-06, 3.37653327733e-05, 0.0248425267637, 0.103009283543, 0.0255794357508, 0.0216258056462, 0.103723183274, 0.0914725810289, 0.0193569455296, 0.0248423144221, 0.0432269051671, 0.023222155869, 0.0483698919415, 0.0548293292522, 0.016618790105, 0.00694454880431, 0.00173824513331, 0.000150727952132, 3.26139925164e-05, 4.19000616603e-06, 1.6257038169e-06, 2.51322205713e-07, 7.85345477539e-08, 2.83065531903e-07, 6.6127881837e-07], "dmean": [7.47155354475e-07, 2.25050982294e-07, 1.69549508655e-07, 3.61183111863e-07, 0.00024658680195, 0.00326462532394, 0.000413809349993, 0.000294498953735, 0.00124620727729, 0.000447813072242, 0.000148601611727, 0.00021765557176, 0.000244214345003, 0.000227965443628, 0.000547721807379, 0.000690144195687, 0.000188738296856, 6.33589661447e-05, 9.86069062492e-06, 1.28195006255e-06, 4.13241025399e-07, 6.26703098305e-08, 1.54443053901e-08, 3.64496255401e-09, 2.9935849355e-09, 3.45877859687e-09, 4.2564556324e-09]}, "erbbands_spread": {"dvar": 22.4243526459, "mean": 15.0847120285, "min": 0.975296497345, "median": 12.9430503845, "dvar2": 49.6593742371, "var": 104.000480652, "dmean2": 6.09198236465, "max": 102.847434998, "dmean": 4.00806570053}, "barkbands_kurtosis": {"dvar": 410.182159424, "mean": 12.0413331985, "min": -1.96470201015, "median": 1.34143447876, "dvar2": 875.509460449, "var": 1142.40222168, "dmean2": 11.6634540558, "max": 631.804382324, "dmean": 7.70221281052}, "spectral_flux": {"dvar": 0.000553932099137, "mean": 0.0531754381955, "min": 6.65396557298e-11, "median": 0.044646371156, "dvar2": 0.00138983281795, "var": 0.00143819919322, "dmean2": 0.0349023118615, "max": 0.252791583538, "dmean": 0.0219689868391}, "silence_rate_20dB": {"dvar": 0, "mean": 1, "min": 1, "median": 1, "dvar2": 0, "var": 0, "dmean2": 0, "max": 1, "dmean": 0}, "gfcc": {"cov": [[7152.44140625, 1018.18280029, -2698.37744141, -512.393859863, 345.105194092, -740.286987305, -305.302520752, -200.829544067, 298.066833496, -265.25970459, -81.4197006226, 76.0348739624, 216.492416382], [1018.18280029, 804.778930664, 263.420166016, -401.875518799, -220.535308838, -133.282546997, -67.5798110962, -141.778915405, -101.24899292, -71.404510498, 39.6095809937, -12.3587341309, 76.3683853149], [-2698.37744141, 263.420166016, 2054.51708984, 29.0708713531, -527.739990234, 163.811660767, 20.9133014679, -47.3643112183, -290.121826172, 86.0682067871, 113.888435364, -40.2499198914, -37.6152153015], [-512.393859863, -401.875518799, 29.0708713531, 503.283691406, 189.354370117, -90.1501693726, -134.307235718, 32.3163948059, 90.7117614746, 27.8254051208, -50.3827552795, 24.0784072876, -12.839922905], [345.105194092, -220.535308838, -527.739990234, 189.354370117, 314.87097168, -25.5448684692, -78.7652206421, -6.02243566513, 111.495292664, -18.1810264587, -56.9640769958, 17.9805831909, 15.0579891205], [-740.286987305, -133.282546997, 163.811660767, -90.1501693726, -25.5448684692, 293.319976807, 167.212890625, 29.3823928833, -87.0602416992, 38.2728996277, 10.0928478241, -29.7855834961, -50.2381057739], [-305.302520752, -67.5798110962, 20.9133014679, -134.307235718, -78.7652206421, 167.212890625, 233.514419556, 76.3001174927, -60.3414535522, -8.80957603455, 30.6255874634, -16.0903930664, -39.8847198486], [-200.829544067, -141.778915405, -47.3643112183, 32.3163948059, -6.02243566513, 29.3823928833, 76.3001174927, 130.166000366, 57.7203941345, 7.18114089966, -21.2794456482, -3.14532566071, -27.7236843109], [298.066833496, -101.24899292, -290.121826172, 90.7117614746, 111.495292664, -87.0602416992, -60.3414535522, 57.7203941345, 166.570770264, 19.0929775238, -46.5456199646, -2.32977223396, 5.04234981537], [-265.25970459, -71.404510498, 86.0682067871, 27.8254051208, -18.1810264587, 38.2728996277, -8.80957603455, 7.18114089966, 19.0929775238, 86.0192337036, 21.8217735291, -17.7971019745, -31.693780899], [-81.4197006226, 39.6095809937, 113.888435364, -50.3827552795, -56.9640769958, 10.0928478241, 30.6255874634, -21.2794456482, -46.5456199646, 21.8217735291, 88.7022628784, 27.8628482819, -13.4003000259], [76.0348739624, -12.3587341309, -40.2499198914, 24.0784072876, 17.9805831909, -29.7855834961, -16.0903930664, -3.14532566071, -2.32977223396, -17.7971019745, 27.8628482819, 72.3193588257, 42.0730285645], [216.492416382, 76.3683853149, -37.6152153015, -12.839922905, 15.0579891205, -50.2381057739, -39.8847198486, -27.7236843109, 5.04234981537, -31.693780899, -13.4003000259, 42.0730285645, 86.0211486816]], "mean": [-198.276077271, 140.4921875, -188.06137085, -68.3814697266, -51.7120513916, -60.7730064392, -57.9987182617, -15.9039487839, -13.7516517639, -1.10381066799, -5.74251937866, 7.8256020546, 12.6778259277], "icov": [[0.00168562750332, -0.00352713325992, 0.00383643480018, -0.00298861600459, 0.00384276453406, -0.00125771784224, 0.0017046170542, -0.000344037922332, -0.000302162807202, 0.00169502408244, -0.002992042806, 0.00203653075732, -0.00142710050568], [-0.00352713325992, 0.0131798665971, -0.00957325194031, 0.0121756661683, -0.00931748747826, 0.00689018843696, -0.00278545427136, 0.00342297018506, 0.000806828262284, -0.00177651538979, 0.00737597281113, -0.00336872716434, 0.00236872024834], [0.00383643480018, -0.00957325194031, 0.0114307431504, -0.0110057387501, 0.0142294596881, -0.00777410482988, 0.00727747380733, -0.00255880900659, -0.000460367096821, 0.00601397827268, -0.0115462476388, 0.00853688921779, -0.00601340597495], [-0.00298861600459, 0.0121756661683, -0.0110057387501, 0.0183767806739, -0.0166561696678, 0.012758933939, -0.00495861982927, 0.00201724958606, 0.0035052720923, -0.00775133725256, 0.0146970432252, -0.0106274187565, 0.00778673682362], [0.00384276453406, -0.00931748747826, 0.0142294596881, -0.0166561696678, 0.0288680065423, -0.0166596472263, 0.0124162426218, 0.00186399032827, -0.00888805184513, 0.0154805602506, -0.0166258774698, 0.011172849685, -0.00791839137673], [-0.00125771784224, 0.00689018843696, -0.00777410482988, 0.012758933939, -0.0166596472263, 0.0228433255106, -0.0152530288324, 0.00424710614607, 0.00908085238189, -0.0165534391999, 0.0199258066714, -0.0121495360509, 0.00852222274989], [0.0017046170542, -0.00278545427136, 0.00727747380733, -0.00495861982927, 0.0124162426218, -0.0152530288