{"tonal": {"chords_number_rate": 0.00250341370702, "thpcp": [1, 0.46530598402, 0.0891837701201, 0.0703729242086, 0.0992203727365, 0.168842747808, 0.177504092455, 0.102319426835, 0.0702584162354, 0.0831641405821, 0.119363501668, 0.249578490853, 0.323681503534, 0.23660056293, 0.280931204557, 0.31729131937, 0.15128095448, 0.0574498362839, 0.0677805840969, 0.137434333563, 0.405654788017, 0.48354151845, 0.33696988225, 0.308384656906, 0.171457916498, 0.0794603526592, 0.284765720367, 0.422059297562, 0.249823391438, 0.107689574361, 0.109926924109, 0.13243868947, 0.186114013195, 0.227239876986, 0.27789658308, 0.752636432648], "hpcp": {"dvar": [0.0447353683412, 0.0495463125408, 0.0362390689552, 0.0249870978296, 0.0199036225677, 0.0197894014418, 0.0234318785369, 0.0283539257944, 0.0181978940964, 0.0207799300551, 0.0233479533345, 0.0272693950683, 0.0296554751694, 0.0341984219849, 0.0302755497396, 0.029774794355, 0.0294799562544, 0.0209443662316, 0.0114374319091, 0.0155900865793, 0.0231218729168, 0.0318496450782, 0.0355241112411, 0.030749047175, 0.0692060738802, 0.0236941892654, 0.0123054292053, 0.0233436785638, 0.0313708223403, 0.0216070748866, 0.0281160529703, 0.0454143434763, 0.0487120971084, 0.0458603128791, 0.0454092174768, 0.0508204177022], "mean": [0.330956012011, 0.439728915691, 0.204608500004, 0.0392166823149, 0.0309450086206, 0.0436300672591, 0.0742450356483, 0.0780536830425, 0.0449928119779, 0.0308946557343, 0.0365696772933, 0.0524875819683, 0.109746880829, 0.14233212173, 0.104040108621, 0.123533569276, 0.13952216506, 0.0665226131678, 0.0252623539418, 0.0298050828278, 0.0604338534176, 0.178378134966, 0.212627187371, 0.148175403476, 0.13560564816, 0.0753950029612, 0.0349410139024, 0.125219717622, 0.185591682792, 0.109854571521, 0.047354221344, 0.0483380481601, 0.0582371242344, 0.081839710474, 0.0999239459634, 0.122199162841], "min": [0, 0, 0, 0, 0, 0, 3.62780906471e-06, 1.78306140697e-06, 0, 0, 0, 0, 0, 0, 0, 0, 0, 0, 0, 0, 0, 0, 0, 0, 0, 0, 0, 0, 0, 0, 0, 0, 0, 0, 0, 0], "median": [0.226737007499, 0.299506366253, 0.106938153505, 0.00398908462375, 0.00208098324947, 0.00330461515114, 0.00902451947331, 0.0102849490941, 0.00552608631551, 0.00182473857421, 0.00172514596488, 0.00440483447164, 0.0242038145661, 0.0386638343334, 0.0285222865641, 0.0100233126432, 0.00521987956017, 0.00371596543118, 0.00308445701376, 0.00303071225062, 0.00757753290236, 0.0416972264647, 0.0654848143458, 0.0552624091506, 0.00726171676069, 0.00465354975313, 0.00452000275254, 0.0144194960594, 0.0157015398145, 0.0117230471224, 0.00567653914914, 0.00265300553292, 0.00272327754647, 0.0112893525511, 0.0171911474317, 0.0296408422291], "dvar2": [0.116762600839, 0.121274851263, 0.0995707660913, 0.0704964473844, 0.056294169277, 0.0542062334716, 0.0603820160031, 0.0746390745044, 0.0481839068234, 0.0563202649355, 0.0626937225461, 0.07257951051, 0.0731482207775, 0.0868649557233, 0.0799235552549, 0.0762865766883, 0.0686356648803, 0.0555969290435, 0.0313713215292, 0.04471700266, 0.0627507343888, 0.0779811516404, 0.0860312581062, 0.0821608006954, 0.177558124065, 0.063011392951, 0.0358660891652, 0.0604419112206, 0.0715983062983, 0.0557206720114, 0.0797728970647, 0.130791425705, 0.142202034593, 0.141444548965, 0.129062443972, 0.147936105728], "var": [0.096691198647, 0.156496286392, 0.0501705631614, 0.0158411040902, 0.0141682270914, 0.0223615989089, 0.0367683395743, 0.0395262725651, 0.0177871529013, 0.0149548910558, 0.018871191889, 0.0257002022117, 0.0450350530446, 0.059897378087, 0.0373395010829, 0.0603753961623, 0.0893344208598, 0.0249723009765, 0.00812145881355, 0.010866924189, 0.0219794586301, 0.0765305906534, 0.0905919596553, 0.0386840738356, 0.0810999050736, 0.0249644890428, 0.00969958584756, 0.050309471786, 0.102490119636, 0.0405529923737, 0.0196993034333, 0.0279482696205, 0.0323978401721, 0.0370300598443, 0.0437753982842, 0.0477959178388], "dmean2": [0.287250548601, 0.264147669077, 0.22454880178, 0.11253862083, 0.0805674418807, 0.0832881629467, 0.102863498032, 0.113640114665, 0.0872211530805, 0.0783125907183, 0.0853865966201, 0.109273187816, 0.142898529768, 0.166935965419, 0.155896097422, 0.136406376958, 0.11590616405, 0.101397849619, 0.0592754259706, 0.0692110359669, 0.111418604851, 0.168061748147, 0.187043085694, 0.204305499792, 0.232151597738, 0.133897155523, 0.0761408507824, 0.129115656018, 0.138693422079, 0.122780099511, 0.115897499025, 0.146244555712, 0.164099082351, 0.176394671202, 0.192416340113, 0.246293753386], "max": [1, 1, 1, 1, 1, 1, 1, 1, 1, 1, 1, 1, 1, 1, 1, 1, 1, 1, 1, 1, 1, 1, 1, 1, 1, 1, 1, 1, 1, 1, 1, 1, 1, 1, 1, 1], "dmean": [0.16927048564, 0.156902447343, 0.130045875907, 0.0600775778294, 0.0433950461447, 0.0461207516491, 0.0594668798149, 0.0643956139684, 0.0493871681392, 0.0426726303995, 0.0474687814713, 0.0609144903719, 0.0849037542939, 0.0989965423942, 0.0901926904917, 0.0807321220636, 0.0666298344731, 0.0572528876364, 0.0325569286942, 0.0381609089673, 0.0637259408832, 0.102059304714, 0.112304344773, 0.117667280138, 0.130385279655, 0.0752948820591, 0.0423643067479, 0.0764250531793, 0.0851659402251, 0.0733921006322, 0.0630991980433, 0.0771274268627, 0.0867973491549, 0.0958369076252, 0.10636677593, 0.137050956488]}, "key_strength": 0.783999681473, "chords_strength": {"dvar": 5.93094846408e-05, "mean": 0.537164449692, "min": 0.250845313072, "median": 0.543845117092, "dvar2": 6.07125402894e-05, "var": 0.0106550240889, "dmean2": 0.00799254979938, "max": 0.785982728004, "dmean": 0.00859468150884}, "tuning_equal_tempered_deviation": 0.27127301693, "chords_key": "A", "tuning_frequency": 434.193115234, "chords_scale": "major", "chords_changes_rate": 0.0446062795818, "key_scale": "major", "tuning_diatonic_strength": 0.649450182915, "hpcp_entropy": {"dvar": 0.224136009812, "mean": 1.71925139427, "min": 0.0364231988788, "median": 1.73449146748, "dvar2": 0.586151301861, "var": 0.481976211071, "dmean2": 0.911889135838, "max": 4.07585906982, "dmean": 0.540585577488}, "chords_histogram": [50.1365509033, 8.3067817688, 1.5930814743, 0, 1.0923987627, 0, 1.82066452503, 0, 4.36959505081, 0, 0, 0, 0, 0, 0.0910332277417, 2.82203006744, 0, 3.86891222, 0.0910332277417, 0.409649521112, 0.204824760556, 2.73099684715, 8.98953151703, 13.4729175568], "tuning_nontempered_energy_ratio": 0.972306787968, "key_key": "A"}, "metadata": {"version": {"extractor": "music 1.0", "essentia_build_sha": "c0e182ba78c2de26e491b7b7a4a2c98c1ed34208", "essentia": "2.1-beta2", "essentia_git_sha": "v2.1_beta2-2-gbb40004"}, "audio_properties": {"sample_rate": 44100, "length": 203.986663818, "lossless": true, "analysis_sample_rate": 44100, "downmix": "mix", "bit_rate": 0, "equal_loudness": 0, "md5_encoded": "4154e222c99892896ea4323fe9763ecd", "codec": "flac", "replay_gain": -12.3055286407}, "tags": {"totaltracks": ["13"], "disctotal": ["2"], "catalognumber": ["FLOCKCD8M"], "releasecountry": ["DE"], "musicbrainz_recordingid": ["a09b9780-798d-4097-a266-ef704b52d0a4"], "title": ["Walk It Off"], "musicbrainz_releasetrackid": ["961c7811-efc7-32af-b13b-1250f04968d0"], "discnumber": ["1"], "artistsort": ["Angus & Julia Stone"], "releasetype": ["album"], "originaldate": ["2010-03-12"], "musicbrainz_discid": ["Y8u1pToBZKg5IRnhQ5OVlVmSIow-"], "musicbrainz_artistid": ["69837400-8e31-4949-aac2-00b46b4df126"], "isrc": ["AUAP10900005"], "tracknumber": ["9"], "musicbrainz_albumartistid": ["69837400-8e31-4949-aac2-00b46b4df126"], "discsubtitle": ["Down the Way"], "barcode": ["5050954245021"], "tracktotal": ["13"], "originalyear": ["2010"], "date": ["2010"], "acoustid_id": ["1273c751-205d-4c2e-a669-909f0b492fd3"], "albumartistsort": ["Angus & Julia Stone"], "musicbrainz_releasegroupid": ["d7f2bd86-a1ac-42e3-bd78-af684421e47e"], "media": ["CD"], "label": ["Flock"], "albumartist": ["Angus & Julia Stone"], "asin": ["B004TNNGOQ"], "script": ["Latn"], "musicbrainz_albumid": ["7aa05062-37d2-44e3-8d37-0c944d1b3edd"], "file_name": "09 - Angus & Julia Stone - Walk It Off.flac", "releasestatus": ["official"], "totaldiscs": ["2"], "album": ["Down the Way"], "artist": ["Angus & Julia Stone"]}}, "lowlevel": {"melbands": {"dvar": [2.73702371487e-05, 8.30412318464e-06, 5.20929290815e-07, 8.82621179699e-07, 3.79763463343e-07, 8.58812612137e-08, 6.33164844999e-08, 6.96144155654e-08, 1.0778284576e-07, 9.30883032879e-08, 3.59602516653e-08, 9.76879661607e-08, 1.48988561932e-07, 1.21810344922e-07, 3.55894442805e-08, 1.42848923801e-08, 7.31719307367e-09, 4.7021972982e-09, 2.18802465035e-09, 3.02000424668e-09, 4.58008964088e-09, 6.39784836221e-10, 5.32124677655e-10, 1.25161089826e-10, 9.51771716995e-11, 3.01146996229e-10, 3.1372768966e-11, 1.59318235687e-11, 2.53425995467e-11, 6.85547035806e-11, 2.01005965345e-11, 1.05469764866e-11, 2.32174869608e-11, 1.6691401733e-11, 1.01236354369e-11, 1.45000556701e-11, 1.72036829227e-11, 3.0309875703e-12, 1.57966424229e-12, 1.46590497987e-12], "mean": [0.00346976309083, 0.00185815163422, 0.000469446938951, 0.000864655070473, 0.000666403560899, 0.000237462329096, 0.000210634170799, 0.000126855171402, 0.000116173330753, 8.02005888545e-05, 8.08660843177e-05, 0.000122864745208, 0.000119553893455, 0.000113397545647, 6.04869564995e-05, 5.00476198795e-05, 3.23310559907e-05, 3.53400937456e-05, 1.90617683984e-05, 1.81763625733e-05, 2.0756979211e-05, 1.01042824099e-05, 1.09830489237e-05, 7.32406670068e-06, 5.84858798902e-06, 6.76258468957e-06, 2.62141315943e-06, 1.95630991584e-06, 1.95269626602e-06, 2.40472354562e-06, 1.59065371008e-06, 1.43917975493e-06, 1.3328061641e-06, 1.24805569612e-06, 8.98819052964e-07, 8.5481184442e-07, 7.16977694992e-07, 5.74347723159e-07, 5.31144735305e-07, 6.52195524253e-07], "min": [1.71299516238e-10, 1.50696899404e-10, 1.07067563149e-10, 2.01756163859e-11, 3.32606026054e-11, 1.15884975227e-11, 1.23007496116e-12, 1.67638548442e-12, 6.03587535855e-12, 1.50651175562e-11, 8.6215123582e-12, 1.02587365686e-11, 6.21045836285e-12, 2.26992600064e-12, 1.45410202976e-12, 2.40341232159e-12, 1.75235878325e-12, 5.74986401807e-13, 9.00821951755e-13, 2.37437174956e-12, 9.95709049066e-13, 3.98144272542e-13, 1.15197781869e-12, 5.54351215539e-13, 9.0291072145e-13, 1.07788680325e-12, 1.00423499811e-12, 5.09850733681e-13, 1.30904781372e-12, 1.24022059983e-12, 1.0532698845e-12, 2.69237567354e-13, 4.54429327284e-13, 4.70085667441e-13, 5.70356912741e-13, 3.66913557913e-13, 4.4751290347e-13, 6.53797599826e-13, 6.6243337855e-13, 6.17432212129e-13], "median": [9.57037700573e-05, 0.00042133644456, 0.00023760314798, 0.000352943956386, 0.000155953166541, 5.0237555115e-05, 9.02941756067e-05, 3.61687452823e-05, 2.15225536522e-05, 1.49213174154e-05, 1.0363979527e-05, 1.29279587782e-05, 4.76182412967e-06, 5.1110800996e-06, 3.67194434148e-06, 5.12983024237e-06, 4.48108448836e-06, 4.38115012003e-06, 3.45478065356e-06, 3.12439033223e-06, 4.34899129687e-06, 2.40903705162e-06, 2.21714640247e-06, 1.77151673597e-06, 1.63209961102e-06, 1.10648602458e-06, 5.34047899237e-07, 4.07046030659e-07, 3.68585773458e-07, 3.01125254509e-07, 2.4077152716e-07, 1.7801343688e-07, 8.79974635382e-08, 8.04304818303e-08, 9.58640242743e-08, 9.12208122372e-08, 5.73439038476e-08, 7.18092607599e-08, 7.27832727421e-08, 8.98714347386e-08], "dvar2": [5.39671636943e-05, 2.30608420679e-05, 1.46216427765e-06, 2.37932476921e-06, 8.59766942085e-07, 1.78556859964e-07, 1.62049701657e-07, 1.64207179409e-07, 2.65837599045e-07, 2.25558267175e-07, 8.34132833916e-08, 2.09839825516e-07, 2.79670302916e-07, 2.27410936304e-07, 7.12535808134e-08, 3.1484564289e-08, 1.71980563124e-08, 9.47780076643e-09, 5.13165598903e-09, 7.57818341413e-09, 1.25075869661e-08, 9.7610419747e-10, 8.68654537189e-10, 2.80182016477e-10, 2.08847175664e-10, 5.36945099494e-10, 7.36839686488e-11, 3.66220526127e-11, 6.0616643649e-11, 1.57385687816e-10, 4.4934129334e-11, 2.29964415566e-11, 5.05646254034e-11, 3.17796761129e-11, 2.26785656227e-11, 3.27566203329e-11, 4.16938115977e-11, 6.36670620738e-12, 3.48057151676e-12, 3.47368119512e-12], "var": [5.26592884853e-05, 1.00583138192e-05, 5.90822480717e-07, 2.17507295019e-06, 1.94096583073e-06, 3.32657180024e-07, 1.92842648516e-07, 1.16871035516e-07, 1.63925051311e-07, 1.1731460603e-07, 6.85087613306e-08, 2.27333657676e-07, 3.49977597125e-07, 3.18617225048e-07, 9.00745007471e-08, 3.4851588282e-08, 1.47617136292e-08, 1.49001726513e-08, 3.99859478861e-09, 4.39440439592e-09, 4.86505058461e-09, 1.8226828935e-09, 1.71629688239e-09, 3.15056369882e-10, 2.17471068931e-10, 1.36229905134e-09, 6.14010647881e-11, 2.79912100443e-11, 4.37769195893e-11, 1.97534003044e-10, 4.63553327668e-11, 1.98864986978e-11, 4.52078201263e-11, 4.57453831759e-11, 2.05753469817e-11, 2.43992777371e-11, 2.00767458214e-11, 5.71435693902e-12, 2.75189961964e-12, 2.63145299821e-12], "dmean2": [0.00288092833944, 0.00173877854832, 0.000463541626232, 0.000653696071822, 0.000384713261155, 0.000132647328428, 0.000135199748911, 9.57744632615e-05, 9.58102609729e-05, 7.16352224117e-05, 6.76716153976e-05, 0.000103204059997, 0.000101170509879, 9.10749076866e-05, 4.998264194e-05, 4.17543415097e-05, 2.89321378659e-05, 2.82031505776e-05, 1.74021824932e-05, 1.72212658072e-05, 2.08240799111e-05, 8.41247947392e-06, 9.13768599275e-06, 6.0437087086e-06, 4.75516662846e-06, 5.12687802257e-06, 2.20001766138e-06, 1.62325329711e-06, 1.6572913637e-06, 2.0106726879e-06, 1.50397386278e-06, 1.4593973674e-06, 1.37468066441e-06, 1.27141424855e-06, 9.38549533203e-07, 8.79647700458e-07, 7.46564580822e-07, 5.38956157925e-07, 4.79276820897e-07, 5.51079494926e-07], "max": [0.0557465553284, 0.0346180461347, 0.0152512677014, 0.0196867790073, 0.0223710071295, 0.00970802735537, 0.00666050519794, 0.0113305747509, 0.0156527757645, 0.0149916019291, 0.0081639662385, 0.0103114917874, 0.012462861836, 0.010647861287, 0.00583617389202, 0.00440064445138, 0.00468126684427, 0.00217315345071, 0.00163650291506, 0.00177869352046, 0.00309552554972, 0.00161477376241, 0.00111761130393, 0.000293312245049, 0.000313673343044, 0.00132121855859, 0.000221706563025, 0.000197279834538, 0.000204308293178, 0.000410243286751, 0.000222971691983, 0.000113633948786, 0.000181194074685, 0.000210043945117, 0.000121976278024, 0.000194068546989, 0.000251819612458, 7.00711534591e-05, 4.11455657741e-05, 3.5496068449e-05], "dmean": [0.00206843274646, 0.00103324977681, 0.000273785932222, 0.000406565261073, 0.000254727929132, 9.60317411227e-05, 9.05381457414e-05, 6.54286995996e-05, 6.62777019897e-05, 4.71906714665e-05, 4.56435700471e-05, 7.24560377421e-05, 7.10185049684e-05, 6.52853341307e-05, 3.43405845342e-05, 2.75830989267e-05, 1.88983194676e-05, 1.88538651855e-05, 1.09173688543e-05, 1.08649164758e-05, 1.2793327187e-05, 5.55290944249e-06, 5.9739554672e-06, 3.84842542189e-06, 3.04218519886e-06, 3.38596964866e-06, 1.3971205135e-06, 1.03365186988e-06, 1.06556262836e-06, 1.33522269152e-06, 1.00894055777e-06, 1.0006086768e-06, 9.35461002882e-07, 8.76605383837e-07, 6.35041772057e-07, 5.96254267293e-07, 5.102256182e-07, 3.74609584242e-07, 3.23760332321e-07, 3.63289728966e-07]}, "spectral_decrease": {"dvar": 2.48276192906e-17, "mean": -6.98463020754e-09, "min": -5.04583219652e-08, "median": -2.87600587789e-09, "dvar2": 5.05724429142e-17, "var": 7.97974784183e-17, "dmean2": 3.46533512996e-09, "max": 2.14133396607e-16, "dmean": 2.39664688095e-09}, "spectral_rolloff": {"dvar": 833811.0625, "mean": 848.586608887, "min": 64.599609375, "median": 452.197265625, "dvar2": 1723562.25, "var": 1715931.875, "dmean2": 488.889862061, "max": 21188.671875, "dmean": 291.929107666}, "melbands_crest": {"dvar": 9.46058750153, "mean": 17.2253093719, "min": 4.63554668427, "median": 16.4268989563, "dvar2": 22.5249938965, "var": 31.8278579712, "dmean2": 4.95018005371, "max": 34.3205680847, "dmean": 3.19175601006}, "barkbands_skewness": {"dvar": 0.593257546425, "mean": 2.47602653503, "min": -2.74544024467, "median": 2.31081342697, "dvar2": 1.41629111767, "var": 2.53121852875, "dmean2": 0.892940580845, "max": 19.1666793823, "dmean": 0.584622621536}, "spectral_centroid": {"dvar": 59672.2070312, "mean": 875.710144043, "min": 103.798721313, "median": 766.051879883, "dvar2": 117308.945312, "var": 262057.375, "dmean2": 249.70401001, "max": 10544.3759766, "dmean": 162.774002075}, "spectral_energyband_middle_low": {"dvar": 3.08096350636e-05, "mean": 0.00875504687428, "min": 5.53709134099e-10, "median": 0.00494456011802, "dvar2": 7.81291237217e-05, "var": 0.000114652648335, "dmean2": 0.00439616059884, "max": 0.113849930465, "dmean": 0.00283815921284}, "erbbands_crest": {"dvar": 5.8513007164, "mean": 10.0764532089, "min": 1.86898255348, "median": 8.83951187134, "dvar2": 15.0152263641, "var": 23.2145805359, "dmean2": 3.74571299553, "max": 30.921875, "dmean": 2.36940097809}, "dynamic_complexity": 6.35176753998, "spectral_energyband_low": {"dvar": 0.00033312724554, "mean": 0.0143312867731, "min": 1.09727016362e-09, "median": 0.00163709232584, "dvar2": 0.000684596365318, "var": 0.000670901557896, "dmean2": 0.0107672559097, "max": 0.186672672629, "dmean": 0.00742085045204}, "silence_rate_60dB": {"dvar": 0.0346704237163, "mean": 0.262690633535, "min": 0, "median": 0, "dvar2": 0.0770269855857, "var": 0.193669751287, "dmean2": 0.0719489976764, "max": 1, "dmean": 0.0359704047441}, "erbbands_kurtosis": {"dvar": 10.5266056061, "mean": 2.06783366203, "min": -1.79552066326, "median": 0.122195363045, "dvar2": 27.6273860931, "var": 42.851272583, "dmean2": 2.16474819183, "max": 101.372756958, "dmean": 1.38410711288}, "spectral_complexity": {"dvar": 4.02656316757, "mean": 11.0569086075, "min": 0, "median": 10, "dvar2": 8.89657688141, "var": 51.133228302, "dmean2": 2.73132967949, "max": 53, "dmean": 1.69994306564}, "barkbands_crest": {"dvar": 5.29512929916, "mean": 12.6690454483, "min": 3.30448579788, "median": 12.0716581345, "dvar2": 12.6901922226, "var": 19.3381824493, "dmean2": 3.66603326797, "max": 26.254776001, "dmean": 2.35158801079}, "spectral_energy": {"dvar": 0.000362125399988, "mean": 0.0276907719672, "min": 5.49789591631e-09, "median": 0.0114900451154, "dvar2": 0.00073500542203, "var": 0.00122376147192, "dmean2": 0.0133583201095, "max": 0.194898307323, "dmean": 0.00925491377711}, "spectral_spread": {"dvar": 693863841792, "mean": 4960910, "min": 882722.4375, "median": 4778063, "dvar2": 1181240262660.0, "var": 4976028418050.0, "dmean2": 884545.1875, "max": 39680248, "dmean": 615082.625}, "spectral_contrast_valleys": {"dvar": [0.141707092524, 0.108358643949, 0.100690327585, 0.08765591681, 0.0943041592836, 0.151057332754], "mean": [-7.83069038391, -7.66416311264, -8.43737697601, -8.84101200104, -8.78044128418, -11.24563694], "min": [-27.568107605, -27.4956378937, -27.0787124634, -27.0028953552, -27.298997879, -27.1002883911], "median": [-7.82894802094, -7.45049476624, -8.26714992523, -8.60129737854, -8.4635925293, -10.9548282623], "dvar2": [0.335456460714, 0.231346696615, 0.211080059409, 0.174463540316, 0.180118218064, 0.296595603228], "var": [2.40094447136, 1.2583963871, 1.60565674305, 1.85098612309, 2.23900103569, 2.89476799965], "dmean2": [0.651236236095, 0.502253770828, 0.500635325909, 0.426740050316, 0.386502832174, 0.457053750753], "max": [-4.76104593277, -5.06389141083, -5.05416584015, -5.53468751907, -5.92448472977, -7.41871738434], "dmean": [0.393947988749, 0.312672525644, 0.30859336257, 0.274720966816, 0.262247174978, 0.324903219938]}, "spectral_rms": {"dvar": 1.14357055736e-06, "mean": 0.00422212015837, "min": 2.31598801292e-06, "median": 0.00334810372442, "dvar2": 2.24077712119e-06, "var": 9.18906789593e-06, "dmean2": 0.000956413219683, "max": 0.0137892961502, "dmean": 0.000672811060213}, "barkbands_spread": {"dvar": 46.9884643555, "mean": 15.6455640793, "min": 0.143467187881, "median": 12.5724754333, "dvar2": 93.0565872192, "var": 171.984725952, "dmean2": 6.34900808334, "max": 129.02973938, "dmean": 4.20628595352}, "pitch_salience": {"dvar": 0.00344902114011, "mean": 0.490468114614, "min": 0.0616283528507, "median": 0.491355836391, "dvar2": 0.00842723529786, "var": 0.0134981488809, "dmean2": 0.0956304967403, "max": 0.8190715909, "dmean": 0.0608788207173}, "erbbands_skewness": {"dvar": 0.149139389396, "mean": 0.755036532879, "min": -6.02415561676, "median": 0.613121628761, "dvar2": 0.338372796774, "var": 1.06321597099, "dmean2": 0.54244863987, "max": 7.56078910828, "dmean": 0.352431327105}, "spectral_energyband_middle_high": {"dvar": 1.68626047525e-05, "mean": 0.00447121448815, "min": 2.6773541717e-10, "median": 0.000782427785452, "dvar2": 3.25316577801e-05, "var": 0.000104027007183, "dmean2": 0.0019322555745, "max": 0.0907385647297, "dmean": 0.00136231340002}, "erbbands": {"dvar": [0.570217609406, 8.77585697174, 24.4428653717, 14.7835092545, 81.0831375122, 280.259002686, 359.125793457, 183.374862671, 298.951782227, 428.549957275, 1489.43115234, 2792.15625, 1217.92883301, 5386.12744141, 12454.4082031, 9339.75292969, 2909.73706055, 1741.21520996, 1159.74438477, 1291.95825195, 3539.34765625, 684.602355957, 112.635757446, 121.583450317, 252.407943726, 33.0249633789, 70.8172531128, 68.2043457031, 39.1283378601, 53.3718757629, 33.6764144897, 36.6851615906, 5.14431190491, 1.78907930851, 1.23559212685, 0.813293755054, 0.104432910681, 0.00229674531147, 4.08145097026e-05, 5.93335052201e-08], "mean": [0.454353302717, 1.9869903326, 2.75841975212, 2.20779037476, 6.65670585632, 15.9147844315, 17.7303657532, 10.5116739273, 14.1023740768, 10.9667348862, 14.3234119415, 13.950928688, 15.4170055389, 29.2342777252, 39.0813102722, 29.7973232269, 25.7628364563, 18.7157783508, 20.0742549896, 13.961894989, 18.0836811066, 11.2998800278, 8.5860824585, 7.79322195053, 6.92258548737, 3.25171351433, 3.41517114639, 3.09624409676, 2.53340983391, 2.29054260254, 1.59555971622, 1.2402920723, 0.81722921133, 0.745140433311, 0.752310633659, 0.525208413601, 0.158447742462, 0.0222536623478, 0.00285698613152, 0.000153391127242], "min": [1.9458532563e-08, 1.00627630673e-07, 2.9694172099e-07, 6.43612111162e-07, 4.02321944648e-07, 3.69833770719e-07, 9.96264020614e-07, 4.84257611788e-07, 9.29529520022e-08, 1.137681096e-07, 6.10170388882e-07, 2.347967893e-06, 1.73451178398e-06, 2.4535142984e-06, 1.54200438374e-06, 6.59913837353e-07, 8.36780600366e-07, 1.00713839402e-06, 3.65255289125e-07, 1.43199690683e-06, 1.04895866571e-06, 5.35585172656e-07, 1.03307343124e-06, 1.07140340333e-06, 1.52360416905e-06, 9.04672845081e-07, 1.96237328964e-06, 2.02663818527e-06, 6.60755802073e-07, 8.39277504383e-07, 9.42159999795e-07, 6.10631389009e-07, 8.13232134078e-07, 8.10260871731e-07, 7.24485971659e-07, 5.09116205194e-07, 1.93409391613e-07, 1.45879781144e-07, 1.24808835267e-07, 3.38919079468e-08], "median": [0.00399482948706, 0.17593704164, 0.862891077995, 1.08248078823, 3.12449145317, 5.41164112091, 3.75794219971, 2.50951004028, 6.14050197601, 3.79797959328, 2.65970230103, 3.11191916466, 2.24731826782, 3.10267686844, 1.94977021217, 1.70367717743, 2.45167422295, 2.74064254761, 3.04932332039, 2.78987264633, 3.97375583649, 2.82133197784, 2.2070581913, 2.14573907852, 1.23850250244, 0.70588696003, 0.597356796265, 0.457938373089, 0.289212226868, 0.165627598763, 0.177004501224, 0.128553271294, 0.11672025919, 0.115650989115, 0.105287797749, 0.0569228120148, 0.0149389095604, 0.00191339757293, 0.000241087953327, 3.59646364814e-05], "dvar2": [1.0987405777, 22.2664928436, 70.0205535889, 42.2226295471, 223.322540283, 738.039245605, 770.135375977, 367.586334229, 779.42956543, 1024.59594727, 3585.4543457, 6732.59863281, 2842.52612305, 11533.8710938, 23394.4375, 18665.4453125, 5771.76123047, 4058.62255859, 2312.27148438, 3221.06176758, 9667.06054688, 993.178833008, 230.708343506, 257.993408203, 465.187652588, 73.6165313721, 161.875930786, 153.906860352, 85.3827819824, 100.311538696, 74.2034912109, 83.1990585327, 10.5841054916, 4.04276657104, 2.87096595764, 1.8814895153, 0.220851734281, 0.00438917661086, 8.51193544804e-05, 1.15327374317e-07], "var": [1.06744611263, 13.2754478455, 25.1984539032, 15.3073501587, 131.798034668, 831.651367188, 1664.6361084, 656.63671875, 900.641052246, 736.217590332, 2587.39892578, 3573.72167969, 2261.1652832, 12251.1044922, 32482.5566406, 18507.03125, 9556.0078125, 4358.02929688, 4384.14697266, 1967.79125977, 3926.79980469, 2251.01171875, 369.093292236, 382.179840088, 1180.3392334, 71.004234314, 164.148529053, 187.997329712, 75.9153442383, 142.799560547, 69.5071334839, 52.1473579407, 9.92526340485, 3.38676977158, 2.67507719994, 1.66858887672, 0.236235171556, 0.00584409432486, 0.000103949729237, 1.83802271181e-07], "dmean2": [0.396768778563, 1.7720053196, 2.95820093155, 2.30585384369, 5.88732242584, 11.5020589828, 10.4665060043, 5.77656984329, 9.02331256866, 8.03906917572, 11.7937898636, 12.0822887421, 12.6043968201, 23.5664348602, 30.2358398438, 24.2798156738, 18.7653636932, 14.8387622833, 14.6664247513, 12.2502765656, 17.054807663, 8.35560131073, 6.15532207489, 5.58835983276, 4.83985614777, 2.39752912521, 2.65475034714, 2.55119371414, 2.45678186417, 2.18435525894, 1.58419597149, 1.22141242027, 0.715930759907, 0.588535130024, 0.573053538799, 0.396636337042, 0.122912295163, 0.0159006845206, 0.00208894745447, 8.76231570146e-05], "max": [8.50876617432, 31.4897994995, 62.0421791077, 74.4612045288, 230.107559204, 322.50982666, 770.024169922, 479.804779053, 500.082580566, 916.246398926, 1882.60437012, 2600.88134766, 1545.00354004, 2512.55273438, 3685.11108398, 3653.11743164, 2699.48071289, 2304.15527344, 1342.12866211, 1604.6418457, 2866.63745117, 1752.09082031, 317.801971436, 397.175537109, 1137.45495605, 229.832672119, 340.335754395, 421.80090332, 253.010452271, 356.624023438, 250.790008545, 361.835754395, 93.8200073242, 41.6633834839, 34.6960868835, 30.7220363617, 8.07443141937, 1.46575570107, 0.281830728054, 0.0101858824492], "dmean": [0.292071610689, 1.1408945322, 1.67973732948, 1.35021913052, 3.57403063774, 7.23814964294, 7.06687736511, 4.21820783615, 5.99856185913, 5.46818399429, 8.12928962708, 8.00660896301, 8.50304317474, 16.608953476, 21.5653171539, 17.5790252686, 12.7900094986, 9.7025680542, 9.90238189697, 7.68997955322, 10.486948967, 5.59668207169, 3.93158388138, 3.61152601242, 3.23832893372, 1.55855691433, 1.75124514103, 1.73972415924, 1.69540905952, 1.55648195744, 1.09604799747, 0.844751060009, 0.50300848484, 0.398125618696, 0.379406511784, 0.269319683313, 0.0838067159057, 0.0114789800718, 0.00147215335164, 6.38628989691e-05]}, "dissonance": {"dvar": 0.000421571457991, "mean": 0.435678690672, "min": 0.17149823904, "median": 0.444937437773, "dvar2": 0.00108580745291, "var": 0.00183487182949, "dmean2": 0.0345932617784, "max": 0.500000059605, "dmean": 0.0209628064185}, "erbbands_flatness_db": {"dvar": 0.000337296165526, "mean": 0.157758295536, "min": 0.0171729493886, "median": 0.151812911034, "dvar2": 0.000679013202898, "var": 0.00307398405857, "dmean2": 0.0243425350636, "max": 0.353567749262, "dmean": 0.0165880657732}, "melbands_kurtosis": {"dvar": 523.418701172, "mean": 24.2426128387, "min": -1.92117643356, "median": 14.2886867523, "dvar2": 1242.93188477, "var": 1122.20959473, "dmean2": 16.0021858215, "max": 553.672363281, "dmean": 10.552822113}, "melbands_spread": {"dvar": 45.5655708313, "mean": 13.1171751022, "min": 0.302301168442, "median": 9.44725990295, "dvar2": 90.4959335327, "var": 161.531158447, "dmean2": 5.64285516739, "max": 234.407775879, "dmean": 3.72153806686}, "melbands_skewness": {"dvar": 1.00549173355, "mean": 3.36697244644, "min": -1.767760396, "median": 3.05023241043, "dvar2": 2.06251144409, "var": 4.40409135818, "dmean2": 1.15468001366, "max": 18.0426712036, "dmean": 0.780107140541}, "spectral_entropy": {"dvar": 0.0434920936823, "mean": 7.10753059387, "min": 4.42170286179, "median": 7.1645450592, "dvar2": 0.0912021175027, "var": 0.422486364841, "dmean2": 0.277249515057, "max": 9.80405044556, "dmean": 0.191107466817}, "zerocrossingrate": {"dvar": 0.000164237455465, "mean": 0.0468736104667, "min": 0.0029296875, "median": 0.03955078125, "dvar2": 0.000199024041649, "var": 0.00117874878924, "dmean2": 0.0106790401042, "max": 0.439453125, "dmean": 0.00890133623034}, "average_loudness": 0.485322892666, "spectral_contrast_coeffs": {"dvar": [0.00137055665255, 0.00122621655464, 0.000968632404692, 0.000640058307908, 0.00042391353054, 0.000247455260251], "mean": [-0.609771430492, -0.680009782314, -0.733083724976, -0.75751888752, -0.772935211658, -0.78629642725], "min": [-0.961515128613, -0.95311665535, -0.965922117233, -0.96049708128, -0.960683345795, -0.962247610092], "median": [-0.61488878727, -0.685322403908, -0.743635416031, -0.763952612877, -0.776057839394, -0.784987509251], "dvar2": [0.00368884135969, 0.00302922585979, 0.00219695549458, 0.00154328648932, 0.000970234512351, 0.000510356854647], "var": [0.0108898291364, 0.00629444606602, 0.00597224291414, 0.00508252810687, 0.00283393193968, 0.00179883860983], "dmean2": [0.0732446983457, 0.0627097561955, 0.0558207966387, 0.0468623898923, 0.0367719233036, 0.0251840297133], "max": [-0.286556839943, -0.309918582439, -0.423719257116, -0.440776020288, -0.559059917927, -0.583528280258], "dmean": [0.044537153095, 0.0393441915512, 0.0355023369193, 0.0293043721467, 0.0230261217803, 0.0161526147276]}, "barkbands_flatness_db": {"dvar": 0.000469197286293, "mean": 0.172383368015, "min": 0.0349783562124, "median": 0.163214921951, "dvar2": 0.00100407830905, "var": 0.00373482657596, "dmean2": 0.0306018348783, "max": 0.523104727268, "dmean": 0.0203321538866}, "silence_rate_30dB": {"dvar": 0.0483930185437, "mean": 0.950944662094, "min": 0, "median": 1, "dvar2": 0.107757888734, "var": 0.0466503426433, "dmean2": 0.102003641427, "max": 1, "dmean": 0.050996016711}, "spectral_energyband_high": {"dvar": 6.30463887319e-07, "mean": 0.000502426293679, "min": 1.43060563396e-09, "median": 0.000130002270453, "dvar2": 1.29069599097e-06, "var": 1.60610716193e-06, "dmean2": 0.000321384635754, "max": 0.0304051321, "dmean": 0.000233257524087}, "melbands_flatness_db": {"dvar": 0.000682985351887, "mean": 0.266928792, "min": 0.0785415917635, "median": 0.257834494114, "dvar2": 0.00144574686419, "var": 0.00543277198449, "dmean2": 0.0352650471032, "max": 0.681574583054, "dmean": 0.0238465163857}, "barkbands": {"dvar": [2.82484643321e-06, 0.000248901225859, 1.44320820255e-05, 2.16435864786e-06, 1.55458328663e-05, 2.98932923215e-06, 1.39979272262e-06, 2.89156241706e-06, 3.91981529901e-06, 3.65477148989e-06, 7.39047891329e-06, 7.45887155063e-06, 1.70185921888e-06, 9.14340603231e-07, 4.14575623608e-07, 9.81406174105e-07, 1.97813093905e-07, 5.08608763994e-08, 8.61122444462e-08, 1.64436269046e-08, 4.88672746712e-08, 3.64041277123e-08, 4.27171862327e-08, 3.76086077836e-08, 1.61007029931e-08, 3.07427932e-08, 1.13772680166e-09], "mean": [0.000808208656963, 0.0112978024408, 0.00190404045861, 0.000796468171757, 0.00426257401705, 0.00144532881677, 0.000970936962403, 0.000619808153715, 0.000579557090532, 0.000819782319013, 0.000716614245903, 0.000869417737704, 0.000564581714571, 0.000385417573852, 0.000306290225126, 0.000304785004118, 0.000204348558327, 0.000151346772327, 0.000147493294207, 6.40868092887e-05, 8.65577312652e-05, 7.08217121428e-05, 6.07369984209e-05, 5.25555806234e-05, 8.71468582773e-05, 9.77738454822e-05, 1.60024901561e-05], "min": [5.5499660423e-11, 5.12448861123e-10, 2.89505946993e-10, 2.29394295226e-10, 1.1663775501e-10, 8.33610819262e-11, 4.22482838644e-12, 1.59944384126e-11, 9.44403999448e-11, 3.70457761689e-11, 4.84724552163e-11, 1.6696715191e-11, 2.36459497815e-11, 1.40069301643e-11, 8.57258101311e-12, 2.90820909021e-11, 8.01268253137e-12, 1.7045862985e-11, 2.98051201775e-11, 2.38812476738e-11, 5.44421036031e-11, 2.04896863365e-11, 2.99763235068e-11, 3.83332532383e-11, 8.73156338899e-11, 1.19470350279e-10, 1.51961021544e-09], "median": [9.57076736086e-06, 0.000594313547481, 0.000577424070798, 0.000303183536744, 0.0016608661972, 0.000289688934572, 0.00040279008681, 7.41403637221e-05, 0.000100572658994, 9.31438044063e-05, 2.02990522666e-05, 4.14901114709e-05, 4.99300513184e-05, 5.3027892136e-05, 5.07835720782e-05, 6.22059887974e-05, 4.33890381828e-05, 4.15647227783e-05, 2.87292641588e-05, 1.35652799145e-05, 1.32608583954e-05, 7.91127422417e-06, 6.56768133922e-06, 6.29243959338e-06, 1.40083429869e-05, 1.02342528407e-05, 1.26035399717e-06], "dvar2": [6.94979325999e-06, 0.000511114369147, 4.14442474721e-05, 6.1124765125e-06, 4.10198881582e-05, 6.39474092168e-06, 3.51510425389e-06, 6.83376993038e-06, 9.22775780055e-06, 8.00797988632e-06, 1.45468038681e-05, 1.43750503412e-05, 3.44245358974e-06, 2.05339961212e-06, 9.20958939332e-07, 2.63549873125e-06, 2.8941826713e-07, 1.12172948263e-07, 1.69500623315e-07, 3.78559974479e-08, 1.08936099252e-07, 7.69722277028e-08, 8.90185631874e-08, 8.14646199387e-08, 3.67203689677e-08, 6.69099691208e-08, 2.26437202322e-09], "var": [4.03923604608e-06, 0.000481557945022, 1.4359371562e-05, 2.48592414209e-06, 4.77005487483e-05, 1.17294148367e-05, 3.99250075134e-06, 5.24559709447e-06, 5.6174767451e-06, 9.34489071369e-06, 1.54446988745e-05, 1.79441667569e-05, 5.10156041855e-06, 1.78916729965e-06, 1.09399081794e-06, 1.16009175599e-06, 6.76456977544e-07, 1.29574885932e-07, 3.52096748202e-07, 2.9745240937e-08, 1.48656866372e-07, 7.52992832531e-08, 1.01411991693e-07, 6.09461494605e-08, 3.46549207109e-08, 6.73147653174e-08, 3.12285619586e-09], "dmean2": [0.000857131090015, 0.00903922412544, 0.0022853044793, 0.000866046466399, 0.00289847585373, 0.000835363520309, 0.000641299819108, 0.000520983012393, 0.000495257496368, 0.000666970212478, 0.000698582618497, 0.000744743912946, 0.000453968299553, 0.000364220933989, 0.000262665154878, 0.000294666097034, 0.000167297563166, 0.000120376869745, 0.00011290708062, 5.09675628564e-05, 6.71341040288e-05, 6.76455820212e-05, 5.97846883466e-05, 4.85635609948e-05, 6.40272846795e-05, 7.17576476745e-05, 1.13911455628e-05], "max": [0.0191330946982, 0.169985547662, 0.0478535220027, 0.0291198119521, 0.082803055644, 0.0435010194778, 0.028257470578, 0.0633370578289, 0.0853913128376, 0.0523361749947, 0.0809826403856, 0.0757999718189, 0.0492167212069, 0.03916984424, 0.0221177190542, 0.0449370071292, 0.0278574153781, 0.00676594255492, 0.0190989412367, 0.00577758764848, 0.0100599797443, 0.00677390303463, 0.00890650041401, 0.0101228682324, 0.00403093313798, 0.00566654698923, 0.00141576223541], "dmean": [0.000567408977076, 0.00627323426306, 0.0012901435839, 0.000519809196703, 0.00182309944648, 0.000592600728851, 0.000431241758633, 0.000357215438271, 0.000331489922246, 0.000462251482531, 0.000465595425339, 0.000519427994732, 0.000303440057905, 0.000237254731474, 0.0001691566722, 0.000183219570317, 0.000110429500637, 7.58925452828e-05, 7.27300794097e-05, 3.31063274643e-05, 4.52854001196e-05, 4.73504878755e-05, 4.15105423599e-05, 3.40091573889e-05, 4.28910971095e-05, 4.9345606385e-05, 8.16607462184e-06]}, "erbbands_spread": {"dvar": 90.3552703857, "mean": 38.8411636353, "min": 2.41326475143, "median": 35.7888259888, "dvar2": 182.572631836, "var": 456.849853516, "dmean2": 11.0482139587, "max": 172.502853394, "dmean": 7.52863550186}, "barkbands_kurtosis": {"dvar": 268.019805908, "mean": 11.7858982086, "min": -1.89518618584, "median": 6.91173124313, "dvar2": 771.74786377, "var": 522.53338623, "dmean2": 8.39871120453, "max": 663.844299316, "dmean": 5.25609970093}, "spectral_flux": {"dvar": 0.00117672700435, "mean": 0.0610626675189, "min": 7.22709446563e-05, "median": 0.0402695834637, "dvar2": 0.00282061914913, "var": 0.00374949793331, "dmean2": 0.0345143638551, "max": 0.368902027607, "dmean": 0.0217102505267}, "silence_rate_20dB": {"dvar": 0, "mean": 1, "min": 1, "median": 1, "dvar2": 0, "var": 0, "dmean2": 0, "max": 1, "dmean": 0}, "gfcc": {"cov": [[18195.9003906, -2734.13745117, -609.764160156, 762.762695312, 178.096725464, 1718.96032715, 141.269042969, 779.46295166, -158.162689209, 781.354370117, 36.0814666748, 797.425292969, 246.34664917], [-2734.13745117, 1591.71276855, -503.782409668, -77.6993331909, 68.6113433838, -402.260986328, 27.6708984375, -299.434875488, 106.349433899, -213.046463013, 54.237827301, -277.391052246, -11.1721391678], [-609.764160156, -503.782409668, 1242.65856934, 43.9282836914, 37.4569740295, 99.8059997559, 13.0019407272, 188.934814453, -15.0815238953, 104.391777039, -43.0182723999, 138.293334961, -17.8584213257], [762.762695312, -77.6993331909, 43.9282836914, 688.065734863, 9.44652843475, 207.167709351, 99.2594985962, 56.3963012695, 206.774642944, 3.51222586632, 107.460655212, 39.2960319519, 51.1408042908], [178.096725464, 68.6113433838, 37.4569740295, 9.44652843475, 269.955322266, 127.820350647, 84.3609008789, 16.8682975769, 14.2059116364, 49.3148002625, 30.7211017609, 32.99817276, 33.2428588867], [1718.96032715, -402.260986328, 99.8059997559, 207.167709351, 127.820350647, 529.703613281, 174.080459595, 103.531265259, 82.0942382812, 140.955200195, 65.6559829712, 125.975723267, 64.4714355469], [141.269042969, 27.6708984375, 13.0019407272, 99.2594985962, 84.3609008789, 174.080459595, 209.771774292, 23.751455307, 73.4986343384, 42.2694892883, 55.4750785828, 35.2309341431, 29.5310878754], [779.46295166, -299.434875488, 188.934814453, 56.3963012695, 16.8682975769, 103.531265259, 23.751455307, 193.776473999, 13.6150360107, 66.1719665527, 1.69113659859, 83.602394104, 19.5475959778], [-158.162689209, 106.349433899, -15.0815238953, 206.774642944, 14.2059116364, 82.0942382812, 73.4986343384, 13.6150360107, 206.561767578, 17.6734237671, 65.7755966187, -6.70309019089, 28.2538433075], [781.354370117, -213.046463013, 104.391777039, 3.51222586632, 49.3148002625, 140.955200195, 42.2694892883, 66.1719665527, 17.6734237671, 162.664657593, 29.2905101776, 72.5112686157, 22.4243659973], [36.0814666748, 54.237827301, -43.0182723999, 107.460655212, 30.7211017609, 65.6559829712, 55.4750785828, 1.69113659859, 65.7755966187, 29.2905101776, 111.372779846, 20.539642334, 20.8190536499], [797.425292969, -277.391052246, 138.293334961, 39.2960319519, 32.99817276, 125.975723267, 35.2309341431, 83.602394104, -6.70309019089, 72.5112686157, 20.539642334, 148.794174194, 39.464881897], [246.34664917, -11.1721391678, -17.8584213257, 51.1408042908, 33.2428588867, 64.4714355469, 29.5310878754, 19.5475959778, 28.2538433075, 22.4243659973, 20.8190536499, 39.464881897, 90.2315368652]], "mean": [-67.3625717163, 100.837928772, -89.5231018066, 16.7136077881, -41.376499176, -0.724941134453, -41.3959693909, 7.11447715759, -27.3510723114, 1.62576651573, -18.7211170197, 1.34262812138, -10.6339044571], "icov": [[0.000170519590029, 1.20879512906e-05, 0.000291161588393, -0.000235859683016, 5.61166416446e-05, -0.000420325057348, 0.000278919527773, -0.000388390180888, 0.000374184834072, -0.000477601977764, 0.000341541192029, -0.000431027758168, 0.000111006600491], [1.20879512906e-05, 0.00179729366209, 0.000179633570951, 0.000224863848416, -0.000976972165518, 0.00125774345361, -0.000909980211873, 0.0011813021265, -0.000934295996558, 0.000755598943215, -0.000866587040946, 0.001693900791, -0.000835345359519], [0.000291161588393, 0.000179633570951, 0.00156090653036, -0.000518243119586, -0.000152915235958, -0.000446836784249, 0.000357028795406, -0.00122966978233, 0.000472465180792, -0.00108640524559, 0.00117350462824, -0.00134257855825, 0.000793630839325], [-0.000235859683016, 0.000224863848416, -0.000518243119586, 0.00289254565723, 0.000139457551995, -0.000114464957733, -0.000236077277805, 0.000304912508, -0.0026063027326, 0.00212348299101, -0.00190836749971, 0.000613454147242, -0.000568213465158], [5.61166416446e-05, -0.000976972165518, -0.000152915235958, 0.000139457551995, 0.00520036602393, -0.00151874870062, -0.000691121967975, -0.000548767973669, 0.00109358329792, -0.00102734926622, -5.14906241733e-05, -0.000684107886627, -0.000645165855531], [-0.000420325057348, 0.00125774345361, -0.000446836784249, -0.000114464957733, -0.00151874870062, 0.00589573429897, -0.00340251624584, 0.00145431375131, -0.00150485266931, -0.000312992051477, -0.000891218427569, 0.000907183566596, -0.00121694605332], [0.000278919527773, -0.000909980211873, 0.000357028795406, -0.000236077277805, -0.000691121967975, -0.00340251624584, 0.00870807655156, -0.00109818612691, -0.000535550061613, -0.000554452941287, -0.000748604070395, -0.00168655