{"metadata": {"audio_properties": {"downmix": "mix", "bit_rate": 192000, "lossless": false, "md5_encoded": "d7328506249c6c1c6dee8ad1eff2a479", "analysis_sample_rate": 44100, "sample_rate": 44100, "replay_gain": -13.7157897949, "equal_loudness": 0, "codec": "mp3", "length": 251.689788818}, "tags": {"musicbrainz_albumid": ["3194a7cc-fc92-3182-bd73-e1b23fa54ff9"], "musicbrainz_recordingid": ["1075df39-5da7-4fe8-9dd8-27afd2387a7e"], "tracknumber": ["12/12"], "artist": ["Miossec"], "barcode": ["5413356225129"], "album": ["1964"], "musicbrainz album type": ["album"], "originaldate": ["2004-03-01"], "albumartist": ["Miossec"], "asin": ["B0001DD8YG"], "isrc": ["BEP010400012"], "media": ["CD"], "musicbrainz_albumartistid": ["b44299ef-1399-48a4-832d-899b49c1455d"], "file_name": "12 - Pentecote.mp3", "musicbrainz album release country": ["BE"], "contentgroup": ["Chanson"], "musicbrainz_artistid": ["b44299ef-1399-48a4-832d-899b49c1455d"], "catalognumber": ["941.0151.020", "PIASB 151 CD"], "albumartistsort": ["Miossec"], "script": ["Latn"], "label": ["Play It Again Sam"], "musicbrainz album status": ["official"], "date": ["2004"], "title": ["Pentecôte"], "mood": ["Cool"], "discnumber": ["1/1"], "artistsort": ["Miossec"], "musicbrainz_releasegroupid": ["e63e0dd0-710b-39b4-8549-60d89aeaac86"], "originalyear": ["2004"], "genre": ["Pop Rock", "Acoustic Rock", "Piano"]}, "version": {"essentia_build_sha": "70f2e5ece6736b2c40cc944ad0e695b16b925413", "essentia_git_sha": "v2.1_beta2", "extractor": "music 1.0", "essentia": "2.1-beta2"}}, "tonal": {"chords_scale": "minor", "hpcp": {"dmean": [0.0966593176126, 0.087651707232, 0.0696607753634, 0.0659990683198, 0.0781373903155, 0.14230415225, 0.159812912345, 0.144993141294, 0.0934579521418, 0.072283372283, 0.0661049559712, 0.07981364429, 0.0995582863688, 0.0976404845715, 0.122340872884, 0.136409342289, 0.125148043036, 0.0850757136941, 0.0627121031284, 0.062995441258, 0.0981390550733, 0.119284667075, 0.109529741108, 0.116304211318, 0.0978004559875, 0.0947910547256, 0.147162824869, 0.16235178709, 0.146375730634, 0.124927036464, 0.110799729824, 0.0972395986319, 0.0800532177091, 0.0750511959195, 0.078655295074, 0.0906418710947], "dvar2": [0.0824188068509, 0.0769155323505, 0.0652430430055, 0.0685555040836, 0.0700647383928, 0.0970533117652, 0.128387957811, 0.111123882234, 0.101199068129, 0.0842219740152, 0.0764834359288, 0.0806759372354, 0.0969633981586, 0.0932790338993, 0.103977493942, 0.113388128579, 0.124019213021, 0.0839456096292, 0.0708334445953, 0.0618755742908, 0.0815736353397, 0.0936193391681, 0.0921090990305, 0.141882255673, 0.105740584433, 0.104452803731, 0.117475688457, 0.128129139543, 0.128184616566, 0.121382027864, 0.115253187716, 0.0950068160892, 0.0841583758593, 0.0771469995379, 0.0795152187347, 0.0825292766094], "mean": [0.146848917007, 0.114174351096, 0.0649755299091, 0.0530540347099, 0.0672366395593, 0.252156555653, 0.416367322206, 0.256010144949, 0.0810031145811, 0.0554968155921, 0.0513744093478, 0.0821428969502, 0.117404662073, 0.106596440077, 0.148719504476, 0.208814606071, 0.149886593223, 0.0749252215028, 0.052441701293, 0.0539813674986, 0.122786015272, 0.164108678699, 0.118630930781, 0.0919555649161, 0.0753732696176, 0.0809224694967, 0.202747300267, 0.27867987752, 0.187188357115, 0.15104688704, 0.165035620332, 0.110417768359, 0.0697669386864, 0.0667815357447, 0.0683223828673, 0.104843556881], "var": [0.0659146234393, 0.0439343936741, 0.0211020968854, 0.0169557482004, 0.0191231649369, 0.0673674941063, 0.161154702306, 0.0755555033684, 0.0297371260822, 0.022630572319, 0.0192916858941, 0.0263006016612, 0.0450827367604, 0.0363384969532, 0.0462815240026, 0.0831411108375, 0.0553743839264, 0.0257708504796, 0.0186088625342, 0.0180162098259, 0.0400173254311, 0.0655428320169, 0.0372853465378, 0.0413269624114, 0.030431015417, 0.0318274721503, 0.0710194632411, 0.112835921347, 0.0683923885226, 0.0648900866508, 0.092377781868, 0.044482588768, 0.0259638633579, 0.0238313935697, 0.024813214317, 0.035957403481], "dmean2": [0.167731165886, 0.153139993548, 0.125266432762, 0.120978266001, 0.141462653875, 0.23990431428, 0.26789560914, 0.247231021523, 0.1692135185, 0.132563591003, 0.120345905423, 0.142050087452, 0.173339426517, 0.17318405211, 0.211128517985, 0.231816053391, 0.218622475863, 0.153698980808, 0.114223711193, 0.113509587944, 0.166840404272, 0.199267789721, 0.190370649099, 0.212633505464, 0.178287908435, 0.171298980713, 0.251623213291, 0.27371481061, 0.252642393112, 0.219583794475, 0.191909223795, 0.170389190316, 0.143412157893, 0.134336650372, 0.141673639417, 0.158853590488], "dvar": [0.0318777598441, 0.0287457183003, 0.0239115115255, 0.0242134295404, 0.0249969363213, 0.0361845158041, 0.0555807873607, 0.0410418957472, 0.0364302694798, 0.0309865809977, 0.0274252891541, 0.0290524326265, 0.0366179719567, 0.0339474566281, 0.0371190980077, 0.0452070832253, 0.0438594184816, 0.030590293929, 0.0253736823797, 0.0225717201829, 0.0310058388859, 0.0390941724181, 0.0349276512861, 0.0525837354362, 0.0388226062059, 0.0378587432206, 0.045695822686, 0.0539722070098, 0.0475762449205, 0.0446476154029, 0.04650202021, 0.0346802473068, 0.0299227293581, 0.0275483392179, 0.0292129740119, 0.0302161891013], "min": [0, 0, 0, 0, 0, 0, 0, 0, 0, 0, 0, 0, 0, 0, 0, 0, 0, 0, 0, 0, 0, 0, 0, 0, 0, 0, 0, 0, 0, 0, 0, 0, 0, 0, 0, 0], "median": [0.0257907751948, 0.0188345443457, 0.012029835023, 0.0100722806528, 0.021059339866, 0.146696060896, 0.238113790751, 0.134204089642, 0.021035913378, 0.00792803987861, 0.00786087661982, 0.0203077793121, 0.0279340837151, 0.0314223952591, 0.0604182593524, 0.0784996822476, 0.0439274087548, 0.0139196086675, 0.008559782058, 0.0108157768846, 0.0341239385307, 0.0449110269547, 0.0370137020946, 0.0125430310145, 0.00983898434788, 0.0151920057833, 0.0787538215518, 0.116453386843, 0.0677245631814, 0.024149172008, 0.0141772376373, 0.0117978909984, 0.00992721132934, 0.0100050522014, 0.0107915773988, 0.0207440983504], "max": [1, 1, 1, 1, 1, 1, 1, 1, 1, 1, 1, 1, 1, 1, 1, 1, 1, 1, 1, 1, 1, 1, 1, 1, 1, 1, 1, 1, 1, 1, 1, 1, 1, 1, 1, 1]}, "tuning_equal_tempered_deviation": 0.0432086139917, "chords_key": "B", "chords_strength": {"dmean": 0.00879155937582, "dvar2": 0.000750929291826, "mean": 0.488989859819, "var": 0.0201886426657, "dmean2": 0.00892331171781, "dvar": 0.000399648299208, "min": -1, "median": 0.49486130476, "max": 0.749667644501}, "tuning_diatonic_strength": 0.575343310833, "thpcp": [1, 0.6148660779, 0.194547235966, 0.133288115263, 0.123387224972, 0.197284683585, 0.281973779202, 0.256015390158, 0.357183426619, 0.501515328884, 0.359986454248, 0.17994980514, 0.125950574875, 0.129648432136, 0.294898301363, 0.394143998623, 0.284918934107, 0.220852017403, 0.181025907397, 0.194353550673, 0.486943364143, 0.669312536716, 0.449575036764, 0.362773150206, 0.396370261908, 0.265193164349, 0.167561039329, 0.160390913486, 0.164091601968, 0.251805454493, 0.352690786123, 0.274215459824, 0.156053379178, 0.127421230078, 0.161483943462, 0.605610847473], "chords_histogram": [50.4519462585, 9.85058116913, 5.70005512238, 1.73399746418, 0, 6.32724571228, 2.32429432869, 3.68935608864, 0, 0.31359526515, 0, 0, 0, 0, 0, 0, 0.0368935614824, 0, 0, 0, 0, 0, 7.30492544174, 12.2671089172], "tuning_nontempered_energy_ratio": 0.669510602951, "tuning_frequency": 442.548919678, "key_strength": 0.762946724892, "chords_changes_rate": 0.0468548238277, "key_scale": "minor", "hpcp_entropy": {"dmean": 0.593973457813, "dvar2": 0.74665594101, "mean": 1.90666735172, "var": 0.858157396317, "dmean2": 0.997569739819, "dvar": 0.283779233694, "min": 0, "median": 2.02612400055, "max": 4.24288034439}, "key_key": "B", "chords_number_rate": 0.00166021031328}, "lowlevel": {"melbands_skewness": {"dmean": 0.805434167385, "dvar2": 2.94786667824, "mean": 3.10926651955, "var": 4.90440750122, "dmean2": 1.19550442696, "dvar": 1.3153911829, "min": -2.82771515846, "median": 2.66396307945, "max": 25.2865982056}, "melbands_kurtosis": {"dmean": 12.6320886612, "dvar2": 3666.36108398, "mean": 27.4829101562, "var": 4804.75439453, "dmean2": 18.0400352478, "dvar": 1624.1998291, "min": -1.89129114151, "median": 11.5501241684, "max": 1282.8494873}, "barkbands_kurtosis": {"dmean": 20.7819499969, "dvar2": 6861.06152344, "mean": 85.8765411377, "var": 94241.484375, "dmean2": 24.0368309021, "dvar": 5573.98876953, "min": -1.99043011665, "median": 4.57659912109, "max": 4005.51879883}, "hfc": {"dmean": 6.63673830032, "dvar2": 479.695922852, "mean": 22.0097866058, "var": 760.708984375, "dmean2": 9.69040870667, "dvar": 214.421951294, "min": 1.0645878011e-16, "median": 12.6581268311, "max": 280.512054443}, "silence_rate_20dB": {"dmean": 0, "dvar2": 0, "mean": 1, "var": 0, "dmean2": 0, "dvar": 0, "min": 1, "median": 1, "max": 1}, "erbbands_flatness_db": {"dmean": 0.0181679055095, "dvar2": 0.000747885380406, "mean": 0.158303290606, "var": 0.00596035039052, "dmean2": 0.0240884833038, "dvar": 0.000407006649766, "min": 0.0243654344231, "median": 0.135070607066, "max": 0.451532334089}, "spectral_flux": {"dmean": 0.0199118815362, "dvar2": 0.0016505534295, "mean": 0.0730451792479, "var": 0.00315858190879, "dmean2": 0.0312689915299, "dvar": 0.000739408947993, "min": 6.4233438013e-11, "median": 0.0716705024242, "max": 0.355604916811}, "spectral_energyband_low": {"dmean": 0.00602384889498, "dvar2": 0.000418568932218, "mean": 0.0108755165711, "var": 0.000203576826607, "dmean2": 0.00994694884866, "dvar": 0.000160475465236, "min": 1.14289221315e-23, "median": 0.00674217939377, "max": 0.152679264545}, "spectral_rolloff": {"dmean": 540.848022461, "dvar2": 4451990, "mean": 1521.39245605, "var": 7791663.5, "dmean2": 896.417907715, "dvar": 1912575, "min": 64.599609375, "median": 538.330078125, "max": 20585.7421875}, "spectral_entropy": {"dmean": 0.198528721929, "dvar2": 0.111900240183, "mean": 7.24401807785, "var": 1.1742773056, "dmean2": 0.255858272314, "dvar": 0.0646424889565, "min": 3.67524814606, "median": 7.59322929382, "max": 9.83108043671}, "spectral_energy": {"dmean": 0.00827819667757, "dvar2": 0.000461707473733, "mean": 0.0277831368148, "var": 0.000536382198334, "dmean2": 0.0134534221143, "dvar": 0.000176537621883, "min": 9.976449269e-21, "median": 0.0272582937032, "max": 0.16338224709}, "spectral_centroid": {"dmean": 238.059799194, "dvar2": 260848.3125, "mean": 1162.90515137, "var": 1467496, "dmean2": 353.025878906, "dvar": 142480.75, "min": 73.3434295654, "median": 911.373352051, "max": 11704.6855469}, "barkbands_flatness_db": {"dmean": 0.0238732453436, "dvar2": 0.00131722679362, "mean": 0.190945595503, "var": 0.0233920104802, "dmean2": 0.0325553901494, "dvar": 0.000694624555763, "min": 0.0184910036623, "median": 0.14277587831, "max": 0.737171471119}, "spectral_rms": {"dmean": 0.000674414157402, "dvar2": 2.00386466531e-06, "mean": 0.00451122829691, "var": 6.75437649988e-06, "dmean2": 0.0010560589144, "dvar": 7.95996584202e-07, "min": 3.11979500393e-12, "median": 0.00515688443556, "max": 0.0126252649352}, "melbands": {"dmean": [0.00116925511975, 0.00116829690523, 0.000742094998714, 0.000510008365382, 0.00028117292095, 0.0002784760145, 0.000154522786033, 0.000106591251097, 8.35686732898e-05, 6.09229900874e-05, 5.09458986926e-05, 3.54330441041e-05, 3.96943542e-05, 4.07999687013e-05, 2.99928396998e-05, 2.82513974526e-05, 2.85978458123e-05, 2.28827739193e-05, 1.48491826621e-05, 9.05607521418e-06, 1.25088472487e-05, 7.75473381509e-06, 7.81436938269e-06, 8.83014217834e-06, 5.15461260875e-06, 6.60865543978e-06, 4.37374592366e-06, 4.50614379588e-06, 4.59337206848e-06, 3.58505985787e-06, 3.55281031261e-06, 3.18497791341e-06, 3.85043676943e-06, 3.33079401571e-06, 2.04029925044e-06, 2.03732543014e-06, 2.00705471798e-06, 1.67143139151e-06, 1.18680895866e-06, 8.91461354513e-07], "dvar2": [2.60901579168e-05, 1.64074699569e-05, 4.05910213885e-06, 1.92084985429e-06, 5.66004985103e-07, 6.69258099606e-07, 2.54662097632e-07, 1.24757619346e-07, 8.14550773498e-08, 3.48956312735e-08, 2.67367514795e-08, 1.3377700725e-08, 1.84478103904e-08, 1.69304250619e-08, 1.10287947663e-08, 1.0891763047e-08, 1.16172227393e-08, 1.00952251003e-08, 3.89707022208e-09, 1.18944121219e-09, 2.41386599598e-09, 5.91451720933e-10, 9.92564030966e-10, 1.85276227693e-09, 6.46501685519e-10, 8.39258773588e-10, 2.73356531855e-10, 2.7291918725e-10, 3.0991809119e-10, 2.2829907409e-10, 2.09469747103e-10, 1.98071781199e-10, 5.0414927788e-10, 2.56783261321e-10, 9.60706028619e-11, 1.56609419877e-10, 1.5890505578e-10, 9.30514623687e-11, 4.43004209705e-11, 2.70861926638e-11], "mean": [0.00158626295161, 0.00204461766407, 0.00133464275859, 0.000929480767809, 0.00052333122585, 0.000528882141225, 0.000293133693049, 0.000208682380617, 0.000155620073201, 0.000121907702123, 9.1826696007e-05, 6.78018695908e-05, 6.79368167766e-05, 7.27745136828e-05, 5.36863954039e-05, 5.35851795576e-05, 5.10696881975e-05, 4.15553804487e-05, 2.78591051028e-05, 1.74307060661e-05, 2.27514374274e-05, 1.53835917445e-05, 1.39533585752e-05, 1.60102117661e-05, 9.33340743359e-06, 1.20549539133e-05, 8.70042367751e-06, 8.49887055665e-06, 8.03656257631e-06, 6.16744091531e-06, 6.33786839899e-06, 5.52584606339e-06, 5.68466975892e-06, 5.36096786163e-06, 3.4143506582e-06, 3.16192654282e-06, 3.11768758365e-06, 2.56080761574e-06, 1.85145688647e-06, 1.36107041726e-06], "var": [9.42298629525e-06, 7.03480509401e-06, 3.97059602619e-06, 2.08703977478e-06, 4.63825671204e-07, 6.58968588141e-07, 2.42273159756e-07, 1.06656010246e-07, 7.21412405369e-08, 3.70866111155e-08, 2.33524346527e-08, 1.77522956335e-08, 1.31537927217e-08, 1.46681546909e-08, 9.65558921706e-09, 1.61442788027e-08, 1.35403537271e-08, 9.51184375708e-09, 3.50421691664e-09, 1.18004050975e-09, 2.03129024712e-09, 6.51361742321e-10, 1.02119490641e-09, 1.88340698593e-09, 4.15739415116e-10, 5.80964609753e-10, 3.17315868026e-10, 2.383679365e-10, 2.65070215777e-10, 1.68071764839e-10, 1.51290938111e-10, 1.35121705491e-10, 2.75451772502e-10, 2.21950999246e-10, 1.01243714801e-10, 1.02669761581e-10, 1.32886243676e-10, 8.88180778924e-11, 3.53390268437e-11, 2.12028242186e-11], "dmean2": [0.00192910816986, 0.00200046203099, 0.00121647352353, 0.000835587037727, 0.000451540952781, 0.00044515641639, 0.000247467571171, 0.000168770071468, 0.000136550661409, 9.81327466434e-05, 8.41214859975e-05, 5.73469769733e-05, 6.48036948405e-05, 6.68506181682e-05, 4.89935810037e-05, 4.53159009339e-05, 4.58741633338e-05, 3.71629503206e-05, 2.4401844712e-05, 1.49081315612e-05, 2.08125802601e-05, 1.256707219e-05, 1.24554162539e-05, 1.39195126394e-05, 8.27405165182e-06, 1.08016320155e-05, 6.91943569109e-06, 7.3012060966e-06, 7.29655721443e-06, 5.6502121879e-06, 5.57427711101e-06, 4.96250413562e-06, 6.1472546804e-06, 5.02477178088e-06, 3.08783455694e-06, 3.11271332976e-06, 3.03376805277e-06, 2.52722020377e-06, 1.80901940894e-06, 1.36937546813e-06], "dvar": [1.00858806036e-05, 5.72433873458e-06, 1.56149496888e-06, 7.48256411498e-07, 2.29013096487e-07, 2.82966482246e-07, 1.02145754965e-07, 4.91492428978e-08, 3.26114850679e-08, 1.35880133811e-08, 9.87234649585e-09, 5.55750911957e-09, 7.2652275307e-09, 6.51525544626e-09, 4.39020952925e-09, 4.61443905309e-09, 4.70555328036e-09, 3.9218419623e-09, 1.47683310026e-09, 4.70522509843e-10, 9.34399002617e-10, 2.41471620477e-10, 4.32314850585e-10, 8.19483980674e-10, 2.63310678816e-10, 3.17338294531e-10, 1.18679621686e-10, 1.07055107834e-10, 1.28676375111e-10, 1.00581459828e-10, 8.56297324714e-11, 8.09051298178e-11, 2.01496180852e-10, 1.09639124168e-10, 4.48476915327e-11, 6.72259400925e-11, 7.28568941288e-11, 4.44760790697e-11, 1.87499234888e-11, 1.13584324238e-11], "min": [1.04087366405e-24, 6.2788787175e-25, 1.22217450907e-24, 6.41465942866e-25, 7.58454902579e-25, 1.62604052696e-24, 1.70869323109e-24, 3.01922213369e-24, 1.9425932505e-24, 1.03559253612e-24, 2.40023848011e-24, 2.4113022543e-24, 3.62216292027e-24, 1.7865843708e-24, 2.70321471025e-24, 1.20563446247e-24, 2.39461114084e-24, 2.68151590777e-24, 3.05157943309e-24, 4.06481998989e-24, 3.89471239087e-24, 4.62702892969e-24, 4.77263805887e-24, 4.69469307941e-24, 3.63111096951e-24, 2.9840943548e-24, 5.52126626906e-24, 4.34028193495e-24, 5.05765232064e-24, 5.46423951423e-24, 4.11700432206e-24, 4.85793443311e-24, 5.72427843973e-24, 6.18553448292e-24, 5.43384075924e-24, 5.58411876169e-24, 6.53939815791e-24, 5.22302793752e-24, 5.11065864587e-24, 5.33167972214e-24], "median": [0.000624152249657, 0.00112284405623, 0.00063377636252, 0.000482136063511, 0.000315533223329, 0.000266390969045, 0.000116248113045, 7.78998364694e-05, 6.26412220299e-05, 4.1393970605e-05, 2.26967495109e-05, 1.86839843082e-05, 2.87984730676e-05, 1.98272500711e-05, 1.49313327711e-05, 1.28690035126e-05, 1.15292050396e-05, 6.60096839056e-06, 4.72130068374e-06, 3.89077649743e-06, 4.60230694443e-06, 4.48106038675e-06, 4.10530128647e-06, 3.47203626916e-06, 2.10335610973e-06, 2.30876298701e-06, 2.02177534447e-06, 1.38126370075e-06, 1.22220239973e-06, 1.19461060422e-06, 9.89105956251e-07, 8.71246470524e-07, 9.48109288856e-07, 8.76211800005e-07, 5.7327167724e-07, 4.27404330594e-07, 3.65579268191e-07, 3.15900820169e-07, 3.05762171138e-07, 2.24876416155e-07], "max": [0.0467548295856, 0.0365853756666, 0.0213335659355, 0.0184726938605, 0.0111722024158, 0.0151120834053, 0.00902778841555, 0.00549400504678, 0.00580423278734, 0.00300152599812, 0.00213140435517, 0.00239518657327, 0.00291346129961, 0.00134244456422, 0.00144607236143, 0.00226244865917, 0.00189421058167, 0.00171284168027, 0.000992021057755, 0.000507299380843, 0.00104541843757, 0.000465601449832, 0.0006821040879, 0.00117403478362, 0.000696975912433, 0.000715266854968, 0.000434671761468, 0.000258995860349, 0.000276751437923, 0.000333346106345, 0.000340738886734, 0.000195513246581, 0.000410355743952, 0.000424207013566, 0.000303374079522, 0.000357088021701, 0.000299253937555, 0.000226513991947, 0.000165726887644, 8.76511112438e-05]}, "barkbands_crest": {"dmean": 2.29119825363, "dvar2": 16.8985214233, "mean": 11.7680540085, "var": 40.8870277405, "dmean2": 3.6772248745, "dvar": 6.68812036514, "min": 2.11005043983, "median": 9.85437297821, "max": 26.559627533}, "mfcc": {"icov": [[6.99939191691e-05, -2.36536707234e-05, 2.03360814339e-05, -6.41427031951e-05, 0.000366614200175, -0.0001000552802, 0.000160032825079, -1.42308344948e-05, 0.000261791079538, -7.03766054357e-05, 0.000152511478518, 1.57134563779e-05, 0.000178435613634], [-2.36536707234e-05, 0.000554166268557, 7.39887764212e-05, 0.000210257057915, -0.000584700028412, 0.000296727870591, 7.68312456785e-05, 6.12818766967e-05, 8.74314864632e-05, 0.0005828832509, 0.000127803432406, -0.000239131826675, -0.000345407315763], [2.03360814339e-05, 7.39887764212e-05, 0.00258046481758, -0.000193430576473, -0.00103789486457, -0.0010333864484, -0.000372964626877, -0.000106474042695, -0.00072214944521, 0.00170535838697, 7.01326498529e-05, -0.000273749494227, 0.000187336248928], [-6.41427031951e-05, 0.000210257057915, -0.000193430576473, 0.00485364347696, -0.0019211320905, -0.000801861577202, -0.000417672272306, -0.000800451554824, -0.000689037377015, 0.000892095675226, -0.000395860115532, 0.000957978423685, 0.000139864467201], [0.000366614200175, -0.000584700028412, -0.00103789486457, -0.0019211320905, 0.008490530774, -0.00235554110259, -0.00104908866342, -7.70715450926e-06, 0.000550992321223, -0.000918626319617, 0.000407129875384, 0.000347237481037, -0.00116263190284], [-0.0001000552802, 0.000296727870591, -0.0010333864484, -0.000801861577202, -0.00235554110259, 0.011331752874, -0.00248888833448, -0.00102055887692, -0.00132406596094, -0.00147178256884, -0.00044868644909, -0.000694601098076, 0.00143533677328], [0.000160032825079, 7.68312456785e-05, -0.000372964626877, -0.000417672272306, -0.00104908866342, -0.00248888833448, 0.0123033020645, -0.0056007001549, 0.000857520964928, -0.00214765220881, 0.000177986396011, -0.00223743868992, 0.000273490761174], [-1.42308344948e-05, 6.12818766967e-05, -0.000106474042695, -0.000800451554824, -7.70715450926e-06, -0.00102055887692, -0.0056007001549, 0.0154203800485, -0.00549352774397, 0.00129061506595, -0.0038761976175, 0.00356298405677, -0.000259534601355], [0.000261791079538, 8.74314864632e-05, -0.00072214944521, -0.000689037377015, 0.000550992321223, -0.00132406596094, 0.000857520964928, -0.00549352774397, 0.0164947044104, -0.00666329730302, 0.00387576548383, -0.00311129074544, 0.00135878298897], [-7.03766054357e-05, 0.0005828832509, 0.00170535838697, 0.000892095675226, -0.000918626319617, -0.00147178256884, -0.00214765220881, 0.00129061506595, -0.00666329730302, 0.0167763121426, -0.00485697714612, 0.000608157832175, -0.00110225426033], [0.000152511478518, 0.000127803432406, 7.01326498529e-05, -0.000395860115532, 0.000407129875384, -0.00044868644909, 0.000177986396011, -0.0038761976175, 0.00387576548383, -0.00485697714612, 0.0187633279711, -0.00510898651555, 0.00126065092627], [1.57134563779e-05, -0.000239131826675, -0.000273749494227, 0.000957978423685, 0.000347237481037, -0.000694601098076, -0.00223743868992, 0.00356298405677, -0.00311129074544, 0.000608157832175, -0.00510898651555, 0.0192418396473, -0.00466665485874], [0.000178435613634, -0.000345407315763, 0.000187336248928, 0.000139864467201, -0.00116263190284, 0.00143533677328, 0.000273490761174, -0.000259534601355, 0.00135878298897, -0.00110225426033, 0.00126065092627, -0.00466665485874, 0.0199147164822]], "mean": [-708.065795898, 116.760528564, 21.9167194366, 25.4155426025, 11.1812734604, 12.8781852722, 4.29113101959, 4.54963922501, -0.177571579814, 0.558591127396, 1.32397317886, 2.19669270515, 0.941589951515], "cov": [[33949.9648438, 1113.14196777, -2009.72583008, -1146.73376465, -2394.80712891, -1132.01818848, -1540.70385742, -1083.72119141, -1127.44848633, -566.609741211, -465.985198975, -324.865203857, -310.174621582], [1113.14196777, 2276.2175293, -116.339263916, -150.988632202, 1.01197433472, -158.5440979, -145.014511108, -135.372467041, -137.041091919, -147.625854492, -67.6004714966, 12.8349885941, 51.8401756287], [-2009.72583008, -116.339263916, 647.57824707, 181.115859985, 260.790527344, 174.512466431, 164.681121826, 123.015716553, 108.533027649, 12.1528091431, 27.851228714, 24.8406715393, 7.93974637985], [-1146.73376465, -150.988632202, 181.115859985, 330.661651611, 181.223922729, 120.718208313, 118.047431946, 100.949745178, 78.0912857056, 31.2218379974, 27.3423957825, 0.174460574985, -0.086422495544], [-2394.80712891, 1.01197433472, 260.790527344, 181.223922729, 357.116027832, 154.452346802, 164.618713379, 115.32434082, 101.639678955, 51.1916465759, 37.7551307678, 24.72356987, 26.0098457336], [-1132.01818848, -158.5440979, 174.512466431, 120.718208313, 154.452346802, 195.207885742, 127.883880615, 96.6009368896, 84.7453689575, 53.7342720032, 33.4193153381, 17.1719856262, -1.54580760002], [-1540.70385742, -145.014511108, 164.681121826, 118.047431946, 164.618713379, 127.883880615, 216.953048706, 126.295211792, 92.3061828613, 62.4166526794, 42.4172363281, 25.6754150391, 8.45925998688], [-1083.72119141, -135.372467041, 123.015716553, 100.949745178, 115.32434082, 96.6009368896, 126.295211792, 158.759277344, 88.8601608276, 47.2459259033, 38.2176322937, 5.91500711441, 1.11970579624], [-1127.44848633, -137.041091919, 108.533027649, 78.0912857056, 101.639678955, 84.7453689575, 92.3061828613, 88.8601608276, 139.689071655, 64.0123977661, 21.4270191193, 19.3749256134, 3.06764578819], [-566.609741211, -147.625854492, 12.1528091431, 31.2218379974, 51.1916465759, 53.7342720032, 62.4166526794, 47.2459259033, 64.0123977661, 106.135757446, 33.2430152893, 13.4712524414, 3.61632800102], [-465.985198975, -67.6004714966, 27.851228714, 27.3423957825, 37.7551307678, 33.4193153381, 42.4172363281, 38.2176322937, 21.4270191193, 33.2430152893, 74.9092407227, 19.8788566589, 2.55405378342], [-324.865203857, 12.8349885941, 24.8406715393, 0.174460574985, 24.72356987, 17.1719856262, 25.6754150391, 5.91500711441, 19.3749256134, 13.4712524414, 19.8788566589, 66.8277511597, 16.6538658142], [-310.174621582, 51.8401756287, 7.93974637985, -0.086422495544, 26.0098457336, -1.54580760002, 8.45925998688, 1.11970579624, 3.06764578819, 3.61632800102, 2.55405378342, 16.6538658142, 59.0783424377]]}, "spectral_decrease": {"dmean": 2.12449036141e-09, "dvar2": 3.17738304342e-17, "mean": -6.83234491206e-09, "var": 3.38146537502e-17, "dmean2": 3.45439432614e-09, "dvar": 1.21611398826e-17, "min": -4.27530260083e-08, "median": -6.5884555589e-09, "max": 1.57400384467e-15}, "zerocrossingrate": {"dmean": 0.0120864920318, "dvar2": 0.000388038984966, "mean": 0.0606329925358, "var": 0.0062213903293, "dmean2": 0.0136555675417, "dvar": 0.00036437966628, "min": 0.00244140625, "median": 0.04345703125, "max": 0.8525390625}, "spectral_contrast_coeffs": {"dmean": [0.0469311885536, 0.0431249849498, 0.0317905396223, 0.0262760091573, 0.0195913780481, 0.0170108024031], "dvar2": [0.00451069558039, 0.0035048071295, 0.00195921910927, 0.0013452207204, 0.00078123662388, 0.000646784668788], "mean": [-0.65823507309, -0.737541615963, -0.799347281456, -0.79938185215, -0.807385921478, -0.783321380615], "var": [0.00834214687347, 0.00699304277077, 0.00413340795785, 0.00382071756758, 0.00306341657415, 0.00335900555365], "dmean2": [0.0754673779011, 0.0700533390045, 0.052630700171, 0.0432815439999, 0.0316211842, 0.0264597181231], "dvar": [0.00175315607339, 0.00134295213502, 0.000734343018848, 0.000518485612702, 0.000318656704621, 0.000292076321784], "min": [-0.980907618999, -0.982215225697, -0.973482251167, -0.970211923122, -0.967510342598, -0.965064525604], "median": [-0.660957455635, -0.738322496414, -0.793073415756, -0.795319199562, -0.801627993584, -0.774528682232], "max": [-0.319600105286, -0.444228798151, -0.571463048458, -0.582388937473, -0.629018545151, -0.58139526844]}, "spectral_skewness": {"dmean": 0.286948800087, "dvar2": 0.316213786602, "mean": 2.01322650909, "var": 1.61913192272, "dmean2": 0.413784086704, "dvar": 0.133892640471, "min": -0.0830194056034, "median": 1.56556522846, "max": 7.77190065384}, "spectral_energyband_middle_high": {"dmean": 0.00117496517487, "dvar2": 9.71190092969e-06, "mean": 0.0042094020173, "var": 3.14983954013e-05, "dmean2": 0.0018337686779, "dvar": 3.93892605643e-06, "min": 1.11664374375e-21, "median": 0.00158165104222, "max": 0.0394696444273}, "gfcc": {"icov": [[0.000114190588647, -0.000109548513137, 0.000179758499144, -5.87898211961e-05, 0.000244276132435, -0.000216142027057, 0.000243234855589, -0.000183768614079, 0.000337338191457, -0.000515163410455, 0.000484788586618, -0.000438035931438, 0.000336545199389], [-0.000109548513137, 0.000795305939391, 8.49983334774e-05, 0.000109320470074, -0.000525021343492, 0.000280540902168, 5.47403142264e-05, 0.000405216473155, -0.00041418831097, 0.00150889495853, -0.00141837471165, 0.00118709751405, -0.00137013394851], [0.000179758499144, 8.49983334774e-05, 0.00147132668644, -0.000533263257239, -0.000998000148684, -0.00113343005069, 0.000567203445826, -4.49459948868e-05, 0.000923550222069, -0.000378146884032, 0.000795243715402, -0.000661962199956, -0.000226593649131], [-5.87898211961e-05, 0.000109320470074, -0.000533263257239, 0.00282242707908, -0.000626790279057, -0.000543237489183, 0.000219161462155, -3.60480153176e-05, 5.31327641511e-05, 0.000477675086586, 0.000308741407935, 0.000207629083889, 0.000197776142159], [0.000244276132435, -0.000525021343492, -0.000998000148684, -0.000626790279057, 0.00530424434692, 0.000348290312104, -0.00286979903467, 0.000697162467986, -0.00133562623523, 0.000133000925416, -0.000110813765787, -0.00083068490494, 0.00135677913204], [-0.000216142027057, 0.000280540902168, -0.00113343005069, -0.000543237489183, 0.000348290312104, 0.00843148119748, -0.00134976266418, -0.00269118999131, 0.00177517847624, -0.000536200415809, -0.00027148189838, 0.0019286130555, -6.09643830103e-05], [0.000243234855589, 5.47403142264e-05, 0.000567203445826, 0.000219161462155, -0.00286979903467, -0.00134976266418, 0.00946068111807, -0.00234180013649, -0.00261338613927, 0.000468016194645, 0.000551786855794, -0.000327779271174, 0.000794760126155], [-0.000183768614079, 0.000405216473155, -4.49459948868e-05, -3.60480153176e-05, 0.000697162467986, -0.00269118999131, -0.00234180013649, 0.0122586023062, -0.00102709070779, -0.000697158684488, 0.000218979490455, -4.87451216031e-05, -0.000474780565128], [0.000337338191457, -0.00041418831097, 0.000923550222069, 5.31327641511e-05, -0.00133562623523, 0.00177517847624, -0.00261338613927, -0.00102709070779, 0.016028162092, -0.00609928136691, -0.000161910385941, 0.000976652489044, -0.00213704118505], [-0.000515163410455, 0.00150889495853, -0.000378146884032, 0.000477675086586, 0.000133000925416, -0.000536200415809, 0.000468016194645, -0.000697158684488, -0.00609928136691, 0.0195522140712, -0.00616219872609, -0.000326864043018, -0.00117418088485], [0.000484788586618, -0.00141837471165, 0.000795243715402, 0.000308741407935, -0.000110813765787, -0.00027148189838, 0.000551786855794, 0.000218979490455, -0.000161910385941, -0.00616219872609, 0.0167904365808, -0.0053976085037, -0.00075717899017], [-0.000438035931438, 0.00118709751405, -0.000661962199956, 0.000207629083889, -0.00083068490494, 0.0019286130555, -0.000327779271174, -4.87451216031e-05, 0.000976652489044, -0.000326864043018, -0.0053976085037, 0.0200844742358, -0.0061643794179], [0.000336545199389, -0.00137013394851, -0.000226593649131, 0.000197776142159, 0.00135677913204, -6.09643830103e-05, 0.000794760126155, -0.000474780565128, -0.00213704118505, -0.00117418088485, -0.00075717899017, -0.0061643794179, 0.0174642857164]], "mean": [-89.9800949097, 96.8807525635, -82.0147171021, 37.9893951416, -43.6425132751, 14.1739358902, -30.5746612549, 2.99833250046, -19.7280101776, 2.30449128151, -11.0505905151, 1.27206063271, -9.41650390625], "cov": [[64471.8242188, -1608.9050293, -9505.03027344, -1589.84558105, -7321.74609375, 657.820739746, -3381.58227539, 782.705505371, -1824.6237793, 907.998046875, -1061.74035645, 354.387023926, -810.836547852], [-1608.9050293, 2649.69018555, -282.967468262, -191.258178711, 338.365692139, -253.936462402, 93.3178482056, -160.232772827, 164.675140381, -127.729682922, 234.766693115, -42.596496582, 208.306106567], [-9505.03027344, -282.967468262, 2689.49047852, 607.902709961, 1284.6697998, 143.579025269, 509.119934082, -58.6292076111, 163.638092041, -141.526626587, 46.8427047729, -38.8105697632, 63.7521743774], [-1589.84558105, -191.258178711, 607.902709961, 527.423095703, 281.395843506, 86.9035110474, 98.7180786133, 6.2244758606, 5.66530418396, -38.9180488586, -29.7263431549, -18.2895469666, -18.0022754669], [-7321.74609375, 338.365692139, 1284.6697998, 281.395843506, 1143.76257324, -50.0748558044, 475.945465088, -86.3416824341, 233.376251221, -109.712081909, 120.164642334, -36.3637313843, 81.6378479004], [657.820739746, -253.936462402, 143.579025269, 86.9035110474, -50.0748558044, 201.168334961, -7.37125444412, 60.3065719604, -52.8788452148, 12.1107540131, -47.0925064087, -9.13191127777, -36.073928833], [-3381.58227539, 93.3178482056, 509.119934082, 98.7180786133, 475.945465088, -7.37125444412, 331.403594971, -8.39720821381, 128.018951416, -42.3602600098, 52.5419960022, -20.1994628906, 33.6278686523], [782.705505371, -160.232772827, -58.6292076111, 6.2244758606, -86.3416824341, 60.3065719604, -8.39720821381, 114.399330139, -19.360294342, 23.0967235565, -25.5154380798, 4.08861398697, -18.5539054871], [-1824.6237793, 164.675140381, 163.638092041, 5.66530418396, 233.376251221, -52.8788452148, 128.018951416, -19.360294342, 148.384414673, 2.65222454071, 58.1690330505, -5.31655311584, 44.4531860352], [907.998046875, -127.729682922, -141.526626587, -38.9180488586, -109.712081909, 12.1107540131, -42.3602600098, 23.0967235565, 2.65222454071, 90.1884155273, 10.2180013657, 19.5982608795, -4.04380846024], [-1061.74035645, 234.766693115, 46.8427047729, -29.7263431549, 120.164642334, -47.0925064087, 52.5419960022, -25.5154380798, 58.1690330505, 10.2180013657, 119.536323547, 18.970533371, 46.9219207764], [354.387023926, -42.596496582, -38.8105697632, -18.2895469666, -36.3637313843, -9.13191127777, -20.1994628906, 4.08861398697, -5.31655311584, 19.5982608795, 18.970533371, 69.6374206543, 19.4256076813], [-810.836547852, 208.306106567, 63.7521743774, -18.0022754669, 81.6378479004, -36.073928833, 33.6278686523, -18.5539054871, 44.4531860352, -4.04380846024, 46.9219207764, 19.4256076813, 95.8139953613]]}, "erbbands_spread": {"dmean": 8.65864467621, "dvar2": 285.440612793, "mean": 39.3330307007, "var": 506.279388428, "dmean2": 12.817199707, "dvar": 128.974914551, "min": 0.96016907692, "median": 37.9254455566, "max": 210.659698486}, "erbbands_kurtosis": {"dmean": 2.59627890587, "dvar2": 61.4139213562, "mean": 11.1095237732, "var": 1309.96923828, "dmean2": 3.31972146034, "dvar": 42.9357452393, "min": -1.84202158451, "median": -0.0249395370483, "max": 270.379760742}, "dynamic_complexity": 7.79329204559, "erbbands_crest": {"dmean": 2.07576060295, "dvar2": 11.3519716263, "mean": 9.42947006226, "var": 28.1310214996, "dmean2": 3.21566581726, "dvar": 4.87433290482, "min": 2.43931722641, "median": 7.76248073578, "max": 32.3145675659}, "erbbands": {"dmean": [0.129516348243, 0.977608442307, 2.2209713459, 3.77559709549, 7.56496191025, 6.77396011353, 8.62551879883, 12.904504776, 10.2060937881, 10.1359062195, 10.801774025, 9.3016910553, 10.1703109741, 8.60475063324, 10.3549203873, 14.0626945496, 12.4383087158, 15.2966890335, 14.0092391968, 8.44112586975, 9.31870651245, 6.89961099625, 7.70787715912, 6.55401134491, 7.64708566666, 6.0576581955, 6.32080698013, 5.81246042252, 5.63071632385, 5.84063482285, 3.44977736473, 3.17240357399, 2.10711836815, 1.100435853, 0.553322672844, 0.241178572178, 0.0683033838868, 0.0169560909271, 0.00241018785164, 0.000121126664453], "dvar2": [0.377656012774, 15.8852767944, 53.924282074, 109.630111694, 487.24786377, 403.423553467, 604.006164551, 1582.05444336, 1183.54296875, 1150.66235352, 1401.49804688, 856.1484375, 1066.12597656, 758.042541504, 1166.90881348, 2116.03613281, 2419.86962891, 3433.91748047, 4489.85351562, 1039.40466309, 1484.24023438, 475.731536865, 876.881164551, 889.58001709, 937.687988281, 430.98550415, 525.613220215, 586.116271973, 688.51776123, 864.457946777, 285.528778076, 367.744018555, 131.363830566, 38.3059310913, 9.95769405365, 1.83458995819, 0.0880986452103, 0.00495330011472, 0.000139978015795, 5.86947976444e-07], "mean": [0.151241511106, 1.52615380287, 3.74161028862, 6.41047143936, 12.8834838867, 12.1070556641, 15.3926486969, 24.2808151245, 18.7828350067, 19.8513317108, 19.9766159058, 19.4009971619, 18.8460655212, 17.3150749207, 19.9820251465, 26.4330024719, 23.2220001221, 28.8363304138, 26.4450492859, 16.8435783386, 18.3163051605, 14.9672222137, 15.6751651764, 13.1367807388, 15.4222812653, 12.7627506256, 12.0369729996, 10.8815088272, 9.92446422577, 9.74852371216, 6.03326034546, 5.13060855865, 3.40563106537, 1.76411938667, 0.83685028553, 0.332811117172, 0.0946751832962, 0.022428387776, 0.00274823443033, 0.00014673853002], "var": [0.12551663816, 5.82962322235, 25.275850296, 106.403869629, 469.372283936, 390.413238525, 463.069610596, 1520.82800293, 1029.74230957, 982.560913086, 1233.90429688, 957.397216797, 937.18560791, 1030.14294434, 948.466003418, 1975.27648926, 2240.34301758, 4369.68603516, 3992.86523438, 1086.69519043, 1345.60095215, 588.954223633, 1014.33398438, 671.617248535, 879.746520996, 461.085540771, 505.931640625, 437.051422119, 475.07522583, 678.545288086, 282.70211792, 308.691162109, 136.189376831, 32.7316246033, 6.62230110168, 0.839538276196, 0.0566006116569, 0.00358183891512, 7.82208880992e-05, 2.16780563278e-07], "dmean2": [0.213915586472, 1.65430915356, 3.82323741913, 6.1614151001, 12.4012680054, 11.1624183655, 13.9010448456, 20.6061077118, 16.4100494385, 16.0202770233, 17.6852016449, 14.9456768036, 16.8192424774, 13.9010391235, 16.8147888184, 22.9530181885, 20.2300796509, 24.4459590912, 22.7542858124, 13.8688259125, 15.4761123657, 11.0468111038, 11.9922380447, 10.3648099899, 12.2473688126, 9.66986560822, 9.92017459869, 8.9918088913, 8.65492343903, 8.87997913361, 5.09007167816, 4.7194185257, 3.12799692154, 1.65073156357, 0.839167416096, 0.366309314966, 0.103649385273, 0.0257123280317, 0.00376351573505, 0.000197060580831], "dvar": [0.146892413497, 5.77313041687, 18.3590393066, 42.8043136597, 189.698425293, 155.933441162, 244.865478516, 670.008117676, 473.588287354, 457.65032959, 559.956665039, 338.043182373, 392.453796387, 313.775115967, 455.670257568, 825.443847656, 952.908691406, 1407.32312012, 1717.38500977, 416.997039795, 582.959777832, 199.33102417, 412.038879395, 366.424072266, 374.259033203, 176.864212036, 231.793121338, 244.908996582, 287.710174561, 361.529602051, 132.749542236, 168.580566406, 63.4052658081, 16.4237995148, 4.12162303925, 0.707123339176, 0.0367673374712, 0.0022074682638, 6.01542342338e-05, 2.28363433052e-07], "min": [5.21522633982e-23, 4.56460213797e-22, 1.18432826185e-21, 5.94322686602e-21, 1.17458217188e-20, 1.68924789056e-20, 2.33842876725e-20, 7.17220714916e-20, 1.13218032822e-19, 2.71592604917e-19, 3.09842677212e-19, 1.96790649199e-19, 4.9413634634e-19, 6.70983166906e-19, 1.01560791e-18, 6.47866157123e-19, 1.11872383157e-18, 1.38134654162e-18, 1.6540414164e-18, 2.84815903849e-18, 3.67607997769e-18, 5.82652705874e-18, 5.80800565765e-18, 6.39080692516e-18, 6.89643058716e-18, 7.52189493554e-18, 1.05910187311e-17, 8.3641575322e-18, 9.78059431617e-18, 1.11349222439e-17, 1.08597076735e-17, 1.02391336169e-17, 7.67743715074e-18, 7.91443763113e-18, 6.16351382285e-18, 4.38158025419e-18, 2.31842926549e-18, 9.22966990113e-19, 2.61635780184e-19, 2.8548742975e-20], "median": [0.0493346601725, 0.653968334198, 1.89390349388, 2.72106266022, 5.29651689529, 6.270154953, 8.76079845428, 11.7813386917, 7.2589225769, 7.43138170242, 8.19759178162, 6.84475755692, 5.14085674286, 5.23277664185, 8.4974937439, 7.59481811523, 6.13972616196, 6.8564157486, 4.23564863205, 3.64277768135, 4.00559663773, 4.79920482635, 4.52691555023, 3.0336022377, 3.35064125061, 2.44903564453, 2.10553431511, 1.88746535778, 1.68513774872, 1.69206821918, 1.0103687048, 0.660728514194, 0.478694558144, 0.306364625692, 0.129995763302, 0.0448590070009, 0.0103577896953, 0.00135746307205, 6.82767713442e-05, 4.36936607002e-05], "max": [6.20241355896, 30.069814682, 65.4547348022, 102.188049316, 223.801239014, 269.479370117, 407.464813232, 760.348144531, 623.014770508, 566.280578613, 611.566040039, 510.347015381, 424.853668213, 555.853820801, 758.387634277, 572.397094727, 796.252929688, 1147.46252441, 1185.30310059, 520.965393066, 877.924377441, 333.585723877, 868.580078125, 824.142089844, 638.618652344, 346.972381592, 400.185089111, 554.372741699, 397.286010742, 682.970031738, 404.694671631, 551.497497559, 251.767120361, 116.196540833, 52.3403778076, 17.1709804535, 3.39227843285, 1.10872781277, 0.211569562554, 0.0148465707898]}, "silence_rate_30dB": {"dmean": 0.000553505553398, "dvar2": 0.00165971694514, "mean": 0.999723255634, "var": 0.000276620208751, "dmean2": 0.00110711320303, "dvar": 0.000553267425857, "min": 0, "median": 1, "max": 1}, "silence_rate_60dB": {"dmean": 0.0175276752561, "dvar2": 0.0373286493123, "mean": 0.232174158096, "var": 0.178286716342, "dmean2": 0.0350585840642, "dvar": 0.0172186754644, "min": 0, "median": 0, "max": 1}, "spectral_energyband_middle_low": {"dmean": 0.0043182335794, "dvar2": 9.96193411993e-05, "mean": 0.0126208793372, "var": 0.000155984482262, "dmean2": 0.00686972867697, "dvar": 4.0398332203e-05, "min": 1.60465970642e-22, "median": 0.00986162107438, "max": 0.0849854499102}, "spectral_spread": {"dmean": 659673.125, "dvar2": 1602095415300.0, "mean": 5216153, "var": 14997495218200.0, "dmean2": 890853.5625, "dvar": 860025782272, "min": 1029157.5625, "median": 4772353.5, "max": 44817532}, "barkbands": {"dmean": [0.000204173935344, 0.00430526956916, 0.00195936439559, 0.00173835328314, 0.00211684335954, 0.00142918562051, 0.000683924648911, 0.000487059674924, 0.000441984331701, 0.00027289710124, 0.00027248825063, 0.000341865204973, 0.000280120380921, 0.000287412083708, 0.000251933437539, 0.0001454602