{"tonal": {"chords_number_rate": 0.00367647060193, "thpcp": [1, 0.579752504826, 0.148532092571, 0.0880473032594, 0.0900427103043, 0.166055083275, 0.267766475677, 0.229456245899, 0.230289831758, 0.274877876043, 0.157951742411, 0.0524717904627, 0.0452875643969, 0.129628479481, 0.339232653379, 0.444029510021, 0.263478249311, 0.0878078043461, 0.0670101195574, 0.0737476274371, 0.0910634770989, 0.0953611657023, 0.0899972245097, 0.180759072304, 0.215164810419, 0.104355461895, 0.0620620474219, 0.0744421929121, 0.114326067269, 0.341477245092, 0.471010804176, 0.251632928848, 0.074515171349, 0.0750762969255, 0.169194936752, 0.647949635983], "hpcp": {"dvar": [0.0286408625543, 0.0248692966998, 0.0119144674391, 0.0172043573111, 0.0317896828055, 0.0450474657118, 0.0495656132698, 0.044002790004, 0.0288527477533, 0.0216567162424, 0.0232856255025, 0.0282183289528, 0.0312529578805, 0.0306671895087, 0.0269450806081, 0.0220679566264, 0.0150887714699, 0.00732192164287, 0.00618646945804, 0.0152303883806, 0.0400825440884, 0.0316034965217, 0.0216236729175, 0.0123994825408, 0.00999402720481, 0.00874015595764, 0.00914244446903, 0.00776899745688, 0.00791889987886, 0.0223086234182, 0.0129262218252, 0.0116833532229, 0.00703466776758, 0.0100480029359, 0.0179370027035, 0.0272000338882], "mean": [0.233078613877, 0.124519973993, 0.0368736609817, 0.0371513329446, 0.0837257280946, 0.32063639164, 0.494847714901, 0.286889195442, 0.0735007673502, 0.0435700081289, 0.0445574298501, 0.0821719765663, 0.132503628731, 0.113545902073, 0.113958396018, 0.136022686958, 0.0781620591879, 0.0259655453265, 0.0224104486406, 0.0641463547945, 0.167868509889, 0.219726994634, 0.13038161397, 0.0434514917433, 0.0331598035991, 0.036493845284, 0.0450625531375, 0.0471892543137, 0.0445349216461, 0.0894482135773, 0.106473818421, 0.0516400635242, 0.0307112615556, 0.0368375480175, 0.0565739944577, 0.168979227543], "min": [0, 0, 0, 0, 0, 0, 0, 0, 0, 0, 0, 0, 0, 0, 0, 0, 0, 0, 0, 0, 0, 0, 0, 0, 0, 0, 0, 0, 0, 0, 0, 0, 0, 0, 0, 0], "median": [0.0200812201947, 0.0135422237217, 0.00401881989092, 0.00228760670871, 0.0114145893604, 0.231609016657, 0.418763995171, 0.192834466696, 0.00732815545052, 0.00220048939809, 0.00303538888693, 0.0105617102236, 0.0137143302709, 0.0168148577213, 0.0145980231464, 0.0102939680219, 0.00684792734683, 0.00462578469887, 0.00339815812185, 0.00618077768013, 0.0364478863776, 0.0495105609298, 0.0256766788661, 0.00565122161061, 0.00233070086688, 0.00270258798264, 0.00969990063459, 0.013062113896, 0.011172560975, 0.00760120060295, 0.00564925279468, 0.0038708592765, 0.00273771258071, 0.0035518554505, 0.00802635401487, 0.0162464436144], "dvar2": [0.0724511370063, 0.066984705627, 0.0330489203334, 0.049401640892, 0.0841347202659, 0.119185402989, 0.119769334793, 0.115398772061, 0.0789288505912, 0.0636811330914, 0.068490408361, 0.0775377452374, 0.0786303579807, 0.0843265354633, 0.0732268542051, 0.0552120767534, 0.0385545566678, 0.0204153880477, 0.0186745021492, 0.0415916964412, 0.112935945392, 0.0824421793222, 0.0590352378786, 0.0346999317408, 0.0285503026098, 0.0238430853933, 0.0252391472459, 0.0213266499341, 0.0234605949372, 0.0708229020238, 0.0326443277299, 0.0352733843029, 0.0185574907809, 0.0272050537169, 0.0498563311994, 0.0715554505587], "var": [0.134320557117, 0.0479104779661, 0.0103633766994, 0.0122906612232, 0.030152965337, 0.0946081131697, 0.168778419495, 0.0824900940061, 0.0263063255697, 0.0176810659468, 0.0195161830634, 0.033470865339, 0.0706010386348, 0.0505354255438, 0.050659827888, 0.0792821198702, 0.0317998118699, 0.00638612452894, 0.00491507770494, 0.0211626701057, 0.0667461082339, 0.101866744459, 0.0476326346397, 0.0134829534218, 0.0101508656517, 0.00994162447751, 0.0125136999413, 0.0118984114379, 0.00887570623308, 0.0398449525237, 0.0586917027831, 0.015520375222, 0.00891443714499, 0.0126937301829, 0.0193437132984, 0.0759471952915], "dmean2": [0.136370539665, 0.138658061624, 0.0818349719048, 0.0915849804878, 0.172520235181, 0.291838645935, 0.267855852842, 0.282972693443, 0.152706608176, 0.100420072675, 0.103715866804, 0.134230554104, 0.140775725245, 0.149244606495, 0.140328884125, 0.108303047717, 0.0925886183977, 0.0511813461781, 0.0459030494094, 0.102526836097, 0.212862879038, 0.178576394916, 0.140257790685, 0.0798718258739, 0.0657876059413, 0.0651244521141, 0.0669397041202, 0.0610016025603, 0.0754340663552, 0.125179067254, 0.082782715559, 0.0786858797073, 0.0521266683936, 0.0642628669739, 0.102187439799, 0.150296524167], "max": [1, 1, 1, 1, 1, 1, 1, 1, 1, 1, 1, 1, 1, 1, 1, 1, 1, 1, 1, 1, 1, 1, 1, 1, 1, 1, 1, 1, 1, 1, 1, 1, 1, 1, 1, 1], "dmean": [0.0814807415009, 0.0818073377013, 0.0449999645352, 0.0495304204524, 0.0967359989882, 0.174128606915, 0.155946671963, 0.169605597854, 0.0867620334029, 0.054852001369, 0.0564490295947, 0.0764690265059, 0.0810447484255, 0.0866997987032, 0.0799929574132, 0.0630070790648, 0.053958106786, 0.0283105988055, 0.0251834932715, 0.0587263405323, 0.122040651739, 0.106344610453, 0.0831963643432, 0.0450770482421, 0.0367485545576, 0.0372034981847, 0.0384538508952, 0.0360270664096, 0.0424438454211, 0.0690691545606, 0.0496026463807, 0.0438844151795, 0.0299713891, 0.0361109748483, 0.0577040985227, 0.0900196284056]}, "key_strength": 0.626782417297, "chords_strength": {"dvar": 4.39116302005e-05, "mean": 0.507323026657, "min": 0.228887796402, "median": 0.499390125275, "dvar2": 3.5724715417e-05, "var": 0.0128597039729, "dmean2": 0.00647173356265, "max": 0.78604143858, "dmean": 0.00758803030476}, "tuning_equal_tempered_deviation": 0.033523272723, "chords_key": "E", "tuning_frequency": 440.763122559, "chords_scale": "minor", "chords_changes_rate": 0.0447860956192, "key_scale": "major", "tuning_diatonic_strength": 0.545073866844, "hpcp_entropy": {"dvar": 0.228467136621, "mean": 1.52244329453, "min": 0, "median": 1.59826254845, "dvar2": 0.615643799305, "var": 0.716111600399, "dmean2": 0.93130248785, "max": 4.27416706085, "dmean": 0.548133611679}, "chords_histogram": [20.6550807953, 0.0668449178338, 1.80481278896, 0, 0.802139043808, 0.467914432287, 0.133689835668, 0.735294103622, 0, 0, 0, 0, 0, 2.97459888458, 0, 1.47058820724, 0, 21.1564178467, 8.65641689301, 14.2379674911, 8.48930454254, 2.77406406403, 14.1042776108, 1.47058820724], "tuning_nontempered_energy_ratio": 0.681334376335, "key_key": "E"}, "metadata": {"version": {"extractor": "music 1.0", "essentia_build_sha": "81dca3489dfd3c4275b86ac4d56d870715677d3f", "essentia": "2.1-beta1", "essentia_git_sha": "v2.1_beta1-28-g21ef5f4"}, "audio_properties": {"sample_rate": 44100, "length": 138.866668701, "lossless": true, "analysis_sample_rate": 44100, "downmix": "mix", "bit_rate": 0, "equal_loudness": 0, "md5_encoded": "8860cfd3e72e98cbe3041bc28ef98281", "codec": "flac", "replay_gain": -10.6740589142}, "tags": {"genre": ["Melancholy", "Medieval", "Infinite Loop", "Darkwave", "Dark", "Gothic", "Ethereal", "Has", "Electronic", "Psychedelic"], "catalognumber": ["CRO 6492-A"], "releasecountry": ["DE"], "musicbrainz_recordingid": ["c6676307-15cc-4de8-b206-87cc801a4c57"], "language": ["mul"], "format": ["SACD"], "title": ["Ondas do mar"], "releasetype": ["album"], "artistsort": ["Helium Vola"], "musicbrainz_artistid": ["e0a1ff5e-3737-4569-b0e5-46079545fa20"], "tracknumber": ["12"], "musicbrainz_albumartistid": ["e0a1ff5e-3737-4569-b0e5-46079545fa20"], "totaltracks": ["20"], "barcode": ["4015698320022"], "date": ["2004-04-26"], "albumartistsort": ["Helium Vola"], "musicip_puid": ["3edfc28d-1edc-deda-1141-15d68572a374"], "label": ["Chrom Records"], "albumartist": ["Helium Vola"], "asin": ["B0001L7R2M"], "script": ["Latn"], "musicbrainz_albumid": ["da52abe0-02bd-4258-9696-b029a1266a07"], "file_name": "12 - Helium Vola - Ondas do mar.flac", "releasestatus": ["official"], "album": ["Liod"], "artist": ["Helium Vola"]}}, "lowlevel": {"melbands": {"dvar": [7.96160803951e-10, 7.21709081386e-10, 4.85928275396e-09, 1.61265504062e-07, 8.75197869732e-08, 6.33564170016e-08, 1.59864640636e-07, 5.30674412857e-07, 3.08429804363e-07, 7.32447835716e-09, 2.83348500218e-09, 5.70449678605e-08, 5.80849039977e-08, 8.20843339966e-08, 2.33603891786e-08, 1.17255174459e-08, 7.39542260764e-10, 2.22607987599e-10, 2.4710183899e-10, 2.59004623304e-10, 1.10056641578e-09, 2.39961883697e-10, 3.11586208224e-11, 6.17383852375e-11, 3.32294326603e-12, 3.89805722423e-12, 1.079449247e-12, 8.72206061715e-13, 9.05265191829e-15, 3.34528293331e-15, 3.62233639893e-15, 3.47039245248e-15, 2.15922356661e-15, 7.03862832768e-16, 1.47486763792e-15, 6.37242367977e-15, 1.75093788887e-14, 1.70610850073e-14, 1.65978138894e-14, 4.6572236356e-14], "mean": [1.6014695575e-05, 2.13981875277e-05, 6.99836818967e-05, 0.000507359043695, 0.000370057794498, 0.000225126626901, 0.000455203989986, 0.000913736119401, 0.0004997625947, 3.13337768603e-05, 3.97407457058e-05, 0.000163849457749, 0.000152339751367, 0.000202336101211, 6.57404307276e-05, 2.86052272713e-05, 1.03052370832e-05, 9.70577730186e-06, 8.47747196531e-06, 8.44357145979e-06, 1.81210034498e-05, 1.19848245959e-05, 2.12550889955e-06, 5.30411261934e-06, 1.31134891035e-06, 1.49862319176e-06, 6.91954141985e-07, 6.75981084441e-07, 6.65765469421e-08, 1.45359422277e-08, 9.48523659616e-09, 7.34591409923e-09, 6.55306964248e-09, 9.99804417035e-09, 2.31718306765e-08, 3.77691904418e-08, 4.67332057497e-08, 7.90012251173e-08, 6.32713863524e-08, 4.306762591e-08], "min": [2.73200594092e-11, 1.76895581516e-11, 1.17962348223e-10, 3.24767122917e-11, 3.7434947503e-11, 1.10307686596e-10, 1.44383437498e-11, 1.89607921378e-12, 1.35248852048e-11, 1.65009759329e-11, 4.15460228069e-13, 5.45882046163e-12, 1.15921239621e-11, 1.81070458107e-12, 6.87731989413e-13, 4.4835099175e-13, 6.54918935923e-13, 5.44827692076e-13, 3.39252904198e-13, 2.87519953592e-13, 3.58148677816e-13, 3.24214206914e-13, 1.95023061285e-13, 1.58972336163e-13, 2.43622342352e-13, 2.62751165226e-13, 2.10821621662e-13, 2.19369281854e-13, 2.67322297111e-13, 2.73967453541e-13, 2.81228274175e-13, 2.41057635008e-13, 1.67263609647e-13, 2.34937693215e-13, 2.19292222185e-13, 3.26093590065e-13, 1.27541559128e-13, 2.49943728908e-13, 2.70899676389e-13, 2.84815113117e-13], "median": [2.77888284472e-06, 6.69295286571e-06, 3.05082467094e-05, 0.000200650218176, 0.000167222315213, 6.07249239692e-05, 0.00011334035662, 0.000161312957061, 2.27301279665e-05, 8.51646109368e-06, 4.44288434664e-06, 8.43928501126e-06, 8.11724567029e-06, 1.58537898187e-06, 1.2986265574e-06, 1.28329577365e-06, 7.22668232811e-07, 5.32400235898e-07, 6.35562116713e-07, 4.80715243611e-07, 4.37452172264e-07, 3.35966490184e-07, 1.87483294667e-07, 2.04400095072e-07, 8.5722717813e-08, 6.97485518231e-08, 4.42046044213e-08, 3.48471616007e-08, 1.04076178786e-08, 3.3227123275e-09, 1.47388046212e-09, 1.12095421834e-09, 1.13862463902e-09, 1.82832315954e-09, 2.29951346853e-09, 2.45961251366e-09, 2.12389439369e-09, 2.43821784984e-09, 1.98904936966e-09, 1.14333009726e-09], "dvar2": [2.30177721328e-09, 2.12986761561e-09, 1.27350441304e-08, 4.10077319657e-07, 2.11560220009e-07, 1.18795973947e-07, 3.44286206655e-07, 1.10771020445e-06, 6.93173092259e-07, 9.47974321264e-09, 5.31662847081e-09, 1.04603692819e-07, 1.07988505249e-07, 1.74473370862e-07, 4.57825102274e-08, 2.07198560531e-08, 1.43415890275e-09, 5.0995530021e-10, 5.01516328466e-10, 4.69802585723e-10, 2.13956341533e-09, 5.45975709088e-10, 5.96334578939e-11, 1.51600162979e-10, 6.84300836482e-12, 8.48578325663e-12, 2.52030904827e-12, 2.13897302648e-12, 1.99599841185e-14, 7.19773700819e-15, 8.14564395617e-15, 9.45149601623e-15, 5.15588658532e-15, 1.58569004061e-15, 2.89463302977e-15, 1.22549345143e-14, 2.7461707699e-14, 3.0235837163e-14, 2.73917207547e-14, 1.0347270458e-13], "var": [1.10362119443e-09, 1.18642273783e-09, 1.23600747415e-08, 7.38253447707e-07, 3.04129372353e-07, 2.61878227548e-07, 7.12292376193e-07, 3.4179395243e-06, 2.35398192672e-06, 2.81325469587e-08, 1.8157390258e-08, 3.33473821001e-07, 3.5067432691e-07, 7.8911006085e-07, 8.27524644365e-08, 2.73025229092e-08, 1.98316651989e-09, 1.05054920319e-09, 9.98128357743e-10, 1.21837051559e-09, 6.52882992114e-09, 1.97397720392e-09, 8.61830676269e-11, 2.96794366861e-10, 2.11632794622e-11, 2.4710566926e-11, 5.77307993077e-12, 4.33493171914e-12, 3.81313463606e-14, 3.99337155818e-15, 3.73117462694e-15, 2.5078263288e-15, 2.00066577515e-15, 1.01867432726e-15, 4.73986381218e-15, 2.11003361051e-14, 5.77603828482e-14, 8.81805885906e-14, 6.69036156228e-14, 1.1096501593e-13], "dmean2": [2.23586739594e-05, 2.62121520791e-05, 6.17538826191e-05, 0.000320650025969, 0.000233939194004, 0.000154007546371, 0.00028390288935, 0.000465479912236, 0.000257851992501, 2.30527421081e-05, 2.37505428231e-05, 9.49659879552e-05, 8.74276811373e-05, 8.57823979459e-05, 3.96590658056e-05, 2.09704758163e-05, 7.13460804036e-06, 5.7866914176e-06, 5.10182780999e-06, 5.47708259546e-06, 9.68623044173e-06, 5.71336204302e-06, 1.65845983702e-06, 3.18829665957e-06, 7.88171576005e-07, 8.21750461455e-07, 4.14382441249e-07, 4.01988415888e-07, 4.67919996083e-08, 1.30006068133e-08, 1.0042187526e-08, 9.88753345865e-09, 8.15613798721e-09, 8.84958506475e-09, 1.50559955614e-08, 2.38885213832e-08, 2.78727458891e-08, 4.16462668795e-08, 3.5568927359e-08, 3.31295133549e-08], "max": [0.000500623194966, 0.000428733532317, 0.00129928567912, 0.0105053121224, 0.00581942731515, 0.00687665259466, 0.00995486043394, 0.018952447921, 0.0142902508378, 0.0059089269489, 0.0015566238435, 0.00766838993877, 0.00796513725072, 0.00976907834411, 0.00544829247519, 0.00509012211114, 0.00122027227189, 0.000649603898637, 0.000790048448835, 0.000773450301494, 0.00118270493113, 0.000536308332812, 0.000195138854906, 0.000208516168641, 7.49253376853e-05, 6.97988798493e-05, 3.79944758606e-05, 3.03444230667e-05, 4.17220371673e-06, 2.10768780562e-06, 3.14989028993e-06, 2.54130986832e-06, 2.15208274312e-06, 8.18892260668e-07, 1.35450386551e-06, 3.93631535189e-06, 8.58797648107e-06, 4.93383276989e-06, 5.36005973117e-06, 1.16066566989e-05], "dmean": [1.25922388179e-05, 1.48800700117e-05, 3.70083398593e-05, 0.000200593960471, 0.000151801417815, 0.000101749610621, 0.000186566685443, 0.000315049401252, 0.000171853316715, 1.52666652866e-05, 1.6232866983e-05, 6.77627904224e-05, 6.10345632595e-05, 5.8294946939e-05, 2.8846974601e-05, 1.54203517013e-05, 4.9192581173e-06, 3.7976431031e-06, 3.53791097041e-06, 3.87068757846e-06, 6.57525015413e-06, 3.99432838094e-06, 1.16013279694e-06, 2.07697803489e-06, 5.44611395981e-07, 5.57721421046e-07, 2.75482051393e-07, 2.6650207019e-07, 3.02851432821e-08, 8.35594438087e-09, 6.39638342292e-09, 5.95170401851e-09, 5.16701881281e-09, 5.65750735149e-09, 1.03526005546e-08, 1.77166192827e-08, 2.09109050076e-08, 3.06477510037e-08, 2.69687809862e-08, 2.34183143988e-08]}, "spectral_decrease": {"dvar": 1.88063296615e-18, "mean": -3.84973608547e-09, "min": -2.58246988238e-08, "median": -2.14037365609e-09, "dvar2": 3.99749423959e-18, "var": 1.7795206001e-17, "dmean2": 1.37223254981e-09, "max": -2.46059725397e-15, "dmean": 9.22404097548e-10}, "spectral_rolloff": {"dvar": 97556.8125, "mean": 729.232543945, "min": 172.265625, "median": 559.86328125, "dvar2": 206233.0625, "var": 280687.375, "dmean2": 179.397827148, "max": 9259.27734375, "dmean": 100.483909607}, "melbands_crest": {"dvar": 6.88657569885, "mean": 16.8680934906, "min": 4.25103235245, "median": 16.0173568726, "dvar2": 17.5023326874, "var": 35.0874214172, "dmean2": 4.68639707565, "max": 34.3316574097, "dmean": 2.92993044853}, "barkbands_skewness": {"dvar": 0.34095749259, "mean": 1.63638472557, "min": -2.31550741196, "median": 1.42262077332, "dvar2": 0.854986250401, "var": 2.5222017765, "dmean2": 0.908830404282, "max": 10.2240514755, "dmean": 0.572889447212}, "spectral_centroid": {"dvar": 4700.125, "mean": 614.964416504, "min": 200.195343018, "median": 531.818603516, "dvar2": 9738.21582031, "var": 86198.234375, "dmean2": 87.0874633789, "max": 1898.36132812, "dmean": 58.1507339478}, "spectral_energyband_middle_low": {"dvar": 2.31781650655e-05, "mean": 0.0110506005585, "min": 1.93812033089e-09, "median": 0.00580152496696, "dvar2": 5.13718478032e-05, "var": 0.000185835640877, "dmean2": 0.0045765559189, "max": 0.0984890833497, "dmean": 0.00302068027668}, "erbbands_crest": {"dvar": 7.81540489197, "mean": 17.0268611908, "min": 4.30268621445, "median": 16.3489761353, "dvar2": 19.6150455475, "var": 48.1853981018, "dmean2": 4.70832633972, "max": 32.8559913635, "dmean": 2.93810534477}, "dynamic_complexity": 7.26116275787, "spectral_energyband_low": {"dvar": 1.75162853111e-08, "mean": 0.000133130146423, "min": 1.49423154405e-10, "median": 5.46454648429e-05, "dvar2": 5.1462588857e-08, "var": 4.08398470597e-08, "dmean2": 0.000132507600938, "max": 0.00219004182145, "dmean": 7.6093354437e-05}, "silence_rate_60dB": {"dvar": 0.0388226024806, "mean": 0.282012701035, "min": 0, "median": 0, "dvar2": 0.0904409736395, "var": 0.202479168773, "dmean2": 0.0809364542365, "max": 1, "dmean": 0.0404614619911}, "erbbands_kurtosis": {"dvar": 14.9265184402, "mean": 4.92727088928, "min": -1.84749007225, "median": 2.27049541473, "dvar2": 36.7541923523, "var": 60.1487388611, "dmean2": 3.99454474449, "max": 92.8601989746, "dmean": 2.55080318451}, "spectral_complexity": {"dvar": 1.22261297703, "mean": 6.78284835815, "min": 0, "median": 7, "dvar2": 3.18464064598, "var": 13.4893627167, "dmean2": 1.9822742939, "max": 19, "dmean": 1.15866911411}, "barkbands_crest": {"dvar": 4.74448919296, "mean": 14.5694217682, "min": 3.26015520096, "median": 14.2159948349, "dvar2": 12.3791856766, "var": 23.9231109619, "dmean2": 4.01117706299, "max": 26.5867290497, "dmean": 2.5079805851}, "spectral_energy": {"dvar": 3.03082761093e-05, "mean": 0.0154769076034, "min": 1.04207442675e-08, "median": 0.00845204945654, "dvar2": 6.41435908619e-05, "var": 0.000292525422992, "dmean2": 0.00547123188153, "max": 0.102669999003, "dmean": 0.00368577055633}, "spectral_spread": {"dvar": 247316414464, "mean": 2056292.875, "min": 464802.5, "median": 1815975.5, "dvar2": 373791424512, "var": 2068953432060.0, "dmean2": 536790.625, "max": 15441637, "dmean": 341919.46875}, "spectral_contrast_valleys": {"dvar": [0.103573039174, 0.0585775822401, 0.0370615459979, 0.0232821051031, 0.0250978916883, 0.0605114251375], "mean": [-9.26260566711, -7.3496222496, -8.40976810455, -9.41606235504, -10.2883968353, -13.0801181793], "min": [-15.5729827881, -14.8544311523, -15.3621673584, -15.779665947, -15.5668773651, -16.7045593262], "median": [-9.26048564911, -7.13460445404, -8.26295280457, -9.23098468781, -10.0711736679, -12.8882980347], "dvar2": [0.30564185977, 0.167193904519, 0.104180246592, 0.0638966858387, 0.0618452765048, 0.145917907357], "var": [1.11855447292, 1.03316652775, 0.774215877056, 0.928887188435, 1.45688092709, 1.44551849365], "dmean2": [0.727189421654, 0.528018295765, 0.426983088255, 0.330275684595, 0.266283720732, 0.319114029408], "max": [-6.97474336624, -5.3516497612, -6.42300271988, -6.73312091827, -7.6285405159, -9.57388210297], "dmean": [0.420647919178, 0.30914914608, 0.251010984182, 0.196594104171, 0.163411095738, 0.201947897673]}, "spectral_rms": {"dvar": 2.55016402662e-07, "mean": 0.00325395585969, "min": 3.18850743497e-06, "median": 0.00287156784907, "dvar2": 5.19903380791e-07, "var": 4.51117330158e-06, "dmean2": 0.000636639015283, "max": 0.0100082894787, "dmean": 0.000427930150181}, "barkbands_spread": {"dvar": 3.68871927261, "mean": 5.51745080948, "min": 0.28631362319, "median": 4.38102293015, "dvar2": 7.11485862732, "var": 26.0775241852, "dmean2": 2.10007333755, "max": 72.6222686768, "dmean": 1.36557066441}, "pitch_salience": {"dvar": 0.00334124895744, "mean": 0.497493565083, "min": 0.0834747850895, "median": 0.493403732777, "dvar2": 0.00866618100554, "var": 0.0216284934431, "dmean2": 0.106356456876, "max": 0.858896315098, "dmean": 0.0650333017111}, "erbbands_skewness": {"dvar": 0.190746471286, "mean": 1.20911037922, "min": -2.19618010521, "median": 1.07030200958, "dvar2": 0.450142920017, "var": 1.60854911804, "dmean2": 0.723086893559, "max": 7.49978780746, "dmean": 0.46370947361}, "spectral_energyband_middle_high": {"dvar": 8.21099183668e-06, "mean": 0.00432670954615, "min": 1.95120475333e-10, "median": 0.000533026293851, "dvar2": 1.58285893122e-05, "var": 8.50491414894e-05, "dmean2": 0.00165710574947, "max": 0.0738112255931, "dmean": 0.00119105027989}, "erbbands": {"dvar": [7.02503439243e-06, 0.000722779601347, 0.00287618627772, 0.0335427485406, 4.59104728699, 82.9866867065, 69.3391342163, 116.86151886, 571.402893066, 5101.97509766, 6047.35253906, 261.97366333, 77.8168869019, 3134.37841797, 4011.74780273, 7203.17626953, 3153.02490234, 285.241149902, 95.5551605225, 158.819274902, 486.751708984, 100.575523376, 36.1180229187, 6.25504541397, 2.98272681236, 1.94686365128, 0.0166706573218, 0.0118403313681, 0.00772870471701, 0.00245751137845, 0.00560764316469, 0.0317774452269, 0.027986228466, 0.0473210737109, 0.0063504697755, 0.000275697297184, 1.33408241254e-06, 2.9923623579e-09, 1.62724833608e-11, 4.01114384763e-11], "mean": [0.00150314648636, 0.0152892386541, 0.0425442717969, 0.217849478126, 2.5461730957, 11.1262369156, 8.67367362976, 10.1592712402, 23.4719047546, 86.277381897, 73.7379302979, 9.86716556549, 7.71959018707, 40.1305732727, 47.2816314697, 57.6684684753, 19.4080543518, 6.89311742783, 6.2268280983, 7.65117406845, 12.8647737503, 8.82041931152, 4.3524646759, 2.32066726685, 1.46136879921, 1.09882771969, 0.123090684414, 0.0217433068901, 0.013001347892, 0.0166369974613, 0.046702876687, 0.0743809863925, 0.105367094278, 0.0574383325875, 0.0161591749638, 0.00382097857073, 0.00036313579767, 1.98869620363e-05, 9.02556166693e-06, 1.80010829354e-05], "min": [2.56556220712e-09, 1.39942359922e-08, 5.57958870218e-08, 6.72248233968e-07, 6.25045174729e-07, 2.887972812e-07, 1.33653702505e-06, 5.00729538544e-06, 4.73647605759e-06, 4.08650635109e-07, 9.02083002075e-07, 3.0568648981e-06, 3.99579789701e-07, 1.56252144734e-06, 3.26427789332e-06, 5.8350491372e-07, 2.61158277226e-07, 3.40234578289e-07, 3.29974028546e-07, 2.41989937422e-07, 2.69991090818e-07, 3.32809008796e-07, 2.12277342371e-07, 3.1648275467e-07, 3.86378559369e-07, 3.52557663064e-07, 5.6137065485e-07, 5.2733503253e-07, 4.86026181079e-07, 3.58795119837e-07, 4.58708399265e-07, 3.803699542e-07, 4.12594062027e-07, 3.686745913e-07, 1.37037403647e-07, 1.24830876302e-07, 8.93652156719e-08, 3.90947150208e-08, 7.37912619897e-09, 6.40072994607e-10], "median": [0.000288429844659, 0.0024022241123, 0.016233406961, 0.121912658215, 0.933322787285, 4.09138202667, 3.84732317924, 3.15608763695, 6.66718006134, 15.7553062439, 4.59799528122, 2.16914415359, 1.47139787674, 2.90841722488, 2.86406850815, 0.986293911934, 0.829998612404, 0.740727603436, 0.556474804878, 0.534525871277, 0.500241875648, 0.385110288858, 0.236557126045, 0.146205455065, 0.0869575291872, 0.0613592937589, 0.0184971503913, 0.00524827372283, 0.00261397147551, 0.0034555234015, 0.0043915216811, 0.00389744760469, 0.00341653334908, 0.00173118733801, 0.000314856122714, 9.01006860659e-05, 2.65421313088e-05, 3.35933600581e-06, 4.80201833852e-06, 9.70178189164e-06], "dvar2": [1.94970489247e-05, 0.00216481671669, 0.0084356367588, 0.0929576382041, 10.8391103745, 217.979675293, 163.73840332, 221.982406616, 1301.93383789, 10388.9306641, 13706.9365234, 389.605773926, 146.875564575, 5673.87695312, 7953.33398438, 14039.7138672, 5437.35400391, 553.332885742, 216.819900513, 273.375335693, 951.491210938, 220.575836182, 77.8666687012, 14.5024604797, 6.31340789795, 4.61579656601, 0.0400589182973, 0.025235036388, 0.0201659202576, 0.00557632371783, 0.00996698159724, 0.0499331019819, 0.046128436923, 0.0983483046293, 0.0091018890962, 0.000379075325327, 2.04680031857e-06, 5.46442402438e-09, 3.01983542339e-11, 8.43368777592e-11], "var": [1.06835841507e-05, 0.000904434069525, 0.0042808810249, 0.0774756595492, 23.4682292938, 332.092285156, 201.541915894, 491.819091797, 2172.48681641, 35759.8359375, 43919.5078125, 1307.37158203, 544.917114258, 17781.6464844, 25541.7070312, 58430.6289062, 10236.8330078, 726.839660645, 373.506652832, 1064.33789062, 2848.58349609, 822.252075195, 161.27331543, 40.4274291992, 18.8451728821, 11.2323360443, 0.0980080515146, 0.0133012114093, 0.00615894794464, 0.00320522417314, 0.0210650004447, 0.109933659434, 0.151652932167, 0.128533393145, 0.0283148102462, 0.00140492629725, 5.19184186487e-06, 9.72526592591e-09, 1.22085813681e-10, 4.00063066008e-10], "dmean2": [0.00197351071984, 0.0229937005788, 0.0521546751261, 0.195871859789, 1.73333716393, 7.09170293808, 6.09801006317, 6.76614618301, 15.429605484, 43.3659248352, 37.91639328, 5.61323928833, 4.27398681641, 22.8089046478, 24.2883834839, 24.6766452789, 12.0197229385, 4.59175443649, 3.62953567505, 4.17928791046, 6.65405654907, 4.05904531479, 2.54155349731, 1.21920907497, 0.739964425564, 0.609453201294, 0.0646085068583, 0.0182013325393, 0.0153568563983, 0.0139980548993, 0.0272826440632, 0.0405343845487, 0.0514401420951, 0.036588665098, 0.0103963101283, 0.00239977054298, 0.000233670580201, 1.27279354274e-05, 3.11881512971e-06, 6.26267319603e-06], "max": [0.0515602231026, 0.391892403364, 0.866412878036, 2.68922185898, 63.2178611755, 177.399765015, 179.84375, 298.117095947, 668.854187012, 2097.56396484, 2054.19995117, 1092.32214355, 266.969024658, 1758.65515137, 1767.74499512, 2860.23681641, 2396.23022461, 718.688293457, 519.043212891, 618.80657959, 801.336975098, 319.027770996, 142.120193481, 78.9870147705, 55.9272918701, 45.6435241699, 4.23583173752, 5.64113950729, 4.0551199913, 2.06131720543, 2.72963905334, 11.8161592484, 6.10412693024, 11.8352308273, 6.55077838898, 1.30625236034, 0.062511280179, 0.00250518554822, 0.000204840122024, 0.000116838687973], "dmean": [0.00113713671453, 0.0128395296633, 0.0297318994999, 0.115534633398, 1.08287656307, 4.46810817719, 3.91055083275, 4.4568772316, 10.0023708344, 29.4327278137, 25.3487949371, 3.75693154335, 2.91746711731, 16.3890514374, 17.1527290344, 17.4910049438, 9.02263259888, 3.23322224617, 2.39743280411, 2.95613837242, 4.51399755478, 2.88141870499, 1.72423624992, 0.813179552555, 0.513958930969, 0.409310787916, 0.0425840690732, 0.0116497306153, 0.00955093000084, 0.00913587957621, 0.019761024043, 0.0304580200464, 0.0388218648732, 0.0275358892977, 0.00841291155666, 0.00195580627769, 0.000177143869223, 9.11430834094e-06, 2.16800958697e-06, 4.23740857514e-06]}, "dissonance": {"dvar": 0.00158998265397, "mean": 0.394281685352, "min": 0.152835533023, "median": 0.400154948235, "dvar2": 0.00439903466031, "var": 0.00335440807976, "dmean2": 0.0785491243005, "max": 0.500000059605, "dmean": 0.0456335879862}, "erbbands_flatness_db": {"dvar": 0.000319595856126, "mean": 0.31868955493, "min": 0.0841243043542, "median": 0.322997450829, "dvar2": 0.000707072904333, "var": 0.00345401698723, "dmean2": 0.0279374495149, "max": 0.512897133827, "dmean": 0.0183268636465}, "melbands_kurtosis": {"dvar": 78.8806533813, "mean": 11.3237829208, "min": -1.62561988831, "median": 5.73416185379, "dvar2": 174.487167358, "var": 329.887359619, "dmean2": 7.6213927269, "max": 262.537841797, "dmean": 4.74684238434}, "melbands_spread": {"dvar": 5.9923787117, "mean": 7.98182487488, "min": 0.511618614197, "median": 6.26605796814, "dvar2": 13.5873441696, "var": 40.7620735168, "dmean2": 3.00556826591, "max": 93.0896377563, "dmean": 1.91672849655}, "melbands_skewness": {"dvar": 0.309623211622, "mean": 1.64902865887, "min": -2.04661417007, "median": 1.50065326691, "dvar2": 0.731287717819, "var": 2.57687282562, "dmean2": 0.890271961689, "max": 13.5739612579, "dmean": 0.566043198109}, "spectral_entropy": {"dvar": 0.0225203838199, "mean": 6.00954341888, "min": 4.14532995224, "median": 5.94720554352, "dvar2": 0.0492305606604, "var": 0.282355457544, "dmean2": 0.242438986897, "max": 8.29643630981, "dmean": 0.157196700573}, "zerocrossingrate": {"dvar": 2.20949914365e-05, "mean": 0.0291008930653, "min": 0.00634765625, "median": 0.025146484375, "dvar2": 2.2733478545e-05, "var": 0.000265769223915, "dmean2": 0.00338432798162, "max": 0.2607421875, "dmean": 0.00275269476697}, "average_loudness": 0.449516057968, "spectral_contrast_coeffs": {"dvar": [0.00126081018243, 0.00135933829006, 0.000820050539915, 0.000578393926844, 0.0003524258791, 0.000181204275577], "mean": [-0.552071273327, -0.667199492455, -0.739664614201, -0.771760761738, -0.761963307858, -0.835592448711], "min": [-0.90799754858, -0.930121600628, -0.962869346142, -0.97018635273, -0.972962081432, -0.915625691414], "median": [-0.537877500057, -0.665353536606, -0.762160658836, -0.791131258011, -0.778666555882, -0.83898794651], "dvar2": [0.00350613775663, 0.00348281930201, 0.00210027955472, 0.00133676477708, 0.000724152720068, 0.00042164005572], "var": [0.0174047295004, 0.0124068325385, 0.0109592117369, 0.00703214714304, 0.00741409836337, 0.00152032903861], "dmean2": [0.0780776292086, 0.0721201300621, 0.0570193193853, 0.042285811156, 0.0295557621866, 0.0214377250522], "max": [-0.22670263052, -0.346404254436, -0.415843904018, -0.459852695465, -0.464657247066, -0.683666527271], "dmean": [0.0463658496737, 0.0438903495669, 0.035110719502, 0.0266543347389, 0.0189171805978, 0.0133537864313]}, "barkbands_flatness_db": {"dvar": 0.000336570345098, "mean": 0.291511178017, "min": 0.0439001582563, "median": 0.298010468483, "dvar2": 0.000772588711698, "var": 0.00351412338205, "dmean2": 0.0316081084311, "max": 0.495105326176, "dmean": 0.0200515203178}, "silence_rate_30dB": {"dvar": 0, "mean": 1, "min": 1, "median": 1, "dvar2": 0, "var": 0, "dmean2": 0, "max": 1, "dmean": 0}, "spectral_energyband_high": {"dvar": 6.78450684521e-10, "mean": 1.71170358954e-05, "min": 2.41786368704e-10, "median": 1.69582608578e-06, "dvar2": 1.18169074526e-09, "var": 3.42354122829e-09, "dmean2": 9.08578658709e-06, "max": 0.00133282924071, "dmean": 6.72057558404e-06}, "melbands_flatness_db": {"dvar": 0.000357547134627, "mean": 0.367749929428, "min": 0.128507748246, "median": 0.365191578865, "dvar2": 0.000830967503134, "var": 0.00533997733146, "dmean2": 0.0317932218313, "max": 0.592671096325, "dmean": 0.0204486120492}, "barkbands": {"dvar": [2.43646856163e-11, 1.20429399786e-08, 2.776620045e-09, 1.51513965818e-08, 2.99601970255e-06, 1.90847867998e-06, 8.74861962075e-06, 1.24860107462e-05, 6.99003521731e-07, 1.7197512534e-06, 2.41821157942e-06, 4.41619067715e-06, 1.23121640172e-06, 8.24435133495e-08, 5.66214559683e-08, 1.05244041038e-07, 8.94271821039e-08, 1.294445795e-08, 1.54656010221e-09, 6.15767659085e-10, 4.52323638614e-12, 5.91399932498e-12, 5.70847319067e-12, 8.13135045408e-11, 1.96574354017e-10, 3.20016604362e-12, 1.84234457058e-16], "mean": [3.26222402691e-06, 6.23547748546e-05, 3.81640929845e-05, 9.84668949968e-05, 0.00234456313774, 0.00119701493531, 0.00362471095286, 0.00353741645813, 0.000208817509701, 0.000846350158099, 0.000870296382345, 0.00154941319488, 0.000346284999978, 0.000113489972136, 0.000142171833431, 0.000143026685691, 0.000207915203646, 8.23597947601e-05, 3.04084405798e-05, 1.84878535947e-05, 1.02021988369e-06, 3.54979221129e-07, 1.4672400539e-06, 5.17164880875e-06, 3.53758446181e-06, 3.95492264715e-07, 4.51892478992e-09], "min": [3.92410089882e-13, 8.74670127993e-11, 4.17955461907e-11, 4.27766936456e-12, 1.1809818401e-10, 5.03609653979e-10, 2.34450861503e-11, 3.65235185845e-12, 1.23829932419e-10, 6.60869796387e-12, 6.78518213837e-11, 1.44661418261e-11, 4.19820428421e-12, 8.56850267822e-12, 5.34039045624e-12, 4.52140191606e-12, 4.4209705341e-12, 3.6900925024e-12, 7.30227076723e-12, 6.36423596115e-12, 1.37420656451e-11, 1.28373388308e-11, 1.51343625132e-11, 1.64290282767e-11, 3.05215158702e-11, 4.45567263641e-11, 5.38647737525e-11], "median": [1.29271404603e-06, 9.30049372982e-06, 1.35112422868e-05, 4.42799355369e-05, 0.00104024528991, 0.000330145005137, 0.000693776761182, 0.000222076836508, 5.76627717237e-05, 2.75239799521e-05, 4.05018254241e-05, 1.01859150163e-05, 1.19255546451e-05, 7.62161471357e-06, 1.04217770058e-05, 7.04727199263e-06, 5.90851595916e-06, 3.84778286389e-06, 1.67225584846e-06, 1.10683686216e-06, 2.33604652067e-07, 6.02314145226e-08, 1.53032459593e-07, 1.97876033781e-07, 9.88715527228e-08, 1.24440981963e-08, 2.10341277729e-09], "dvar2": [6.63757868113e-11, 3.54280942361e-08, 8.14174327957e-09, 4.17586427659e-08, 7.6005990195e-06, 3.46397587236e-06, 1.7702632249e-05, 2.76700029644e-05, 1.30320484004e-06, 3.22275013787e-06, 4.4706926019e-06, 9.42463066167e-06, 2.10820826396e-06, 1.67072158774e-07, 1.14629720827e-07, 1.70850910308e-07, 2.11447584775e-07, 3.05253813337e-08, 3.39401884375e-09, 1.49208267963e-09, 9.23629749072e-12, 1.54769044802e-11, 1.01805647246e-11, 1.23991719669e-10, 3.38829020397e-10, 4.76876481012e-12, 4.25343470755e-16], "var": [2.94433713521e-11, 1.59376583042e-08, 3.96434396421e-09, 2.32459473892e-08, 1.32738259708e-05, 7.28463146515e-06, 5.50071999896e-05, 7.70654514781e-05, 1.89816717011e-06, 1.16761211757e-05, 1.46313450387e-05, 4.45040677732e-05, 4.08712458011e-06, 2.09002863016e-07, 2.27415583254e-07, 5.09842777774e-07, 7.82859046922e-07, 6.00047940225e-08, 1.19455245695e-08, 3.55726914592e-09, 9.31363146328e-12, 4.73697730347e-12, 2.17309954753e-11, 3.80036474512e-10, 7.38542393908e-10, 1.38852783438e-11, 3.48551993152e-16], "dmean2": [5.10038626089e-06, 9.11626993911e-05, 5.16896761837e-05, 0.000116339782835, 0.00141842942685, 0.0008202343015, 0.0020371414721, 0.00193845515605, 0.000182767253136, 0.000478444999317, 0.000515076855663, 0.000632018258329, 0.000233845988987, 7.93642757344e-05, 8.97699210327e-05, 9.39615201787e-05, 9.83533827821e-05, 4.90627644467e-05, 1.61054813361e-05, 1.0543539247e-05, 7.68983682065e-07, 4.33285123336e-07, 9.01968689959e-07, 2.53747271017e-06, 2.32021420743e-06, 2.83730059891e-07, 3.54899887256e-09], "max": [5.96657773713e-05, 0.00175400299486, 0.000826349307317, 0.00174664217047, 0.0380326621234, 0.0386022366583, 0.0825957730412, 0.0780735164881, 0.0542663708329, 0.0446573868394, 0.0501352250576, 0.0699148848653, 0.0452423021197, 0.0120754176751, 0.0114597864449, 0.0124586317688, 0.0121484147385, 0.00258826953359, 0.00178363011219, 0.000843807472847, 8.7071719463e-05, 0.000114758338896, 7.17000220902e-05, 0.000505638658069, 0.00100029178429, 0.000147589700646, 6.19247487066e-07], "dmean": [2.9722796171e-06, 5.10003337695e-05, 2.97501646855e-05, 6.79743970977e-05, 0.000896648562048, 0.000547817908227, 0.00135856913403, 0.00130021793302, 0.000114762682642, 0.000336061057169, 0.000357172131771, 0.000426540093031, 0.000166997881024, 5.53234385734e-05, 6.12758885836e-05, 6.76819036016e-05, 6.77022326272e-05, 3.27126617776e-05, 1.08604081106e-05, 6.96747929396e-06, 4.9943457725e-07, 2.70092954224e-07, 6.57189559661e-07, 1.91951562556e-06, 1.78836683062e-06, 2.18253262574e-07, 2.23519336373e-09]}, "erbbands_spread": {"dvar": 14.4058551788, "mean": 12.4383764267, "min": 0.739148139954, "median": 10.4752101898, "dvar2": 28.1054821014, "var": 76.5829391479, "dmean2": 4.48244810104, "max": 137.357330322, "dmean": 2.94420313835}, "barkbands_kurtosis": {"dvar": 55.26612854, "mean": 9.77698802948, "min": -1.83067810535, "median": 4.97033452988, "dvar2": 134.362442017, "var": 210.836105347, "dmean2": 6.95041036606, "max": 160.287811279, "dmean": 4.33335494995}, "spectral_flux": {"dvar": 0.000334127340466, "mean": 0.0406508520246, "min": 2.46895106102e-05, "median": 0.0341291427612, "dvar2": 0.000889745773748, "var": 0.000977681134827, "dmean2": 0.02191609703, "max": 0.258093386889, "dmean": 0.0131443077698}, "silence_rate_20dB": {"dvar": 0, "mean": 1, "min": 1, "median": 1, "dvar2": 0, "var": 0, "dmean2": 0, "max": 1, "dmean": 0}, "gfcc": {"cov": [[13556.4238281, -2219.72753906, -3446.9621582, -205.041549683, -1373.5982666, -808.700134277, -1423.15734863, 430.712585449, -493.755126953, -569.944458008, 722.412719727, -615.817687988, 18.0469360352], [-2219.72753906, 1958.47119141, 1030.59387207, -42.3994865417, 544.269042969, -72.8209381104, 531.615234375, -205.856414795, 255.847167969, -6.87618494034, -108.739212036, 71.1305618286, 117.825569153], [-3446.9621582, 1030.59387207, 1734.50622559, 183.555648804, 343.583679199, 305.713226318, 277.659576416, -55.2316818237, 200.250549316, 128.099517822, -252.751815796, 214.369018555, 47.3952674866], [-205.041549683, -42.3994865417, 183.555648804, 314.007995605, 50.8127861023, -30.5814170837, -67.3872299194, 18.514093399, 61.3662605286, -23.3761749268, -71.2872009277, 30.1558036804, 39.6965484619], [-1373.5982666, 544.269042969, 343.583679199, 50.8127861023, 526.91027832, 80.7041549683, 169.040145874, 77.1446685791, 133.44190979, 20.3004207611, -46.7431564331, 10.9457607269, 46.3082771301], [-808.700134277, -72.8209381104, 305.713226318, -30.5814170837, 80.7041549683, 428.796264648, 149.855575562, 5.36474275589, -84.016784668, 82.431427002, -4.92308473587, 82.0741424561, -34.4272918701], [-1423.15734863, 531.615234375, 277.659576416, -67.3872299194, 169.040145874, 149.855575562, 478.060821533, -177.601776123, -33.7559394836, 76.2603302002, -26.1727237701, 67.6491394043, -17.5395278931], [430.712585449, -205.856414795, -55.2316818237, 18.514093399, 77.1446685791, 5.36474275589, -177.601776123, 322.12789917, 115.151039124, 11.4357357025, 40.9394760132, -71.7024765015, 0.534951031208], [-493.755126953, 255.847167969, 200.250549316, 61.3662605286, 133.44190979, -84.016784668, -33.7559394836, 115.151039124, 284.769683838, 29.1180610657, -70.9702987671, 3.33787846565, 20.513463974], [-569.944458008, -6.87618494034, 128.099517822, -23.3761749268, 20.3004207611, 82.431427002, 76.2603302002, 11.4357357025, 29.1180610657, 125.40524292, -10.6580190659, 30.3897838593, -21.8535614014], [722.412719727, -108.739212036, -252.751815796, -71.2872009277, -46.7431564331, -4.92308473587, -26.1727237701, 40.9394760132, -70.9702987671, -10.6580190659, 178.864471436, -37.3469047546, 10.0997304916], [-615.817687988, 71.1305618286, 214.369018555, 30.1558036804, 10.9457607269, 82.0741424561, 67.6491394043, -71.7024765015, 3.33787846565, 30.3897838593, -37.3469047546, 152.429580688, 34.1760902405], [18.0469360352, 117.825569153, 47.3952674866, 39.6965484619, 46.3082771301, -34.4272918701, -17.5395278931, 0.534951031208, 20.513463974, -21.8535614014, 10.0997304916, 34.1760902405, 98.972946167]], "mean": [-187.962631226, 166.241470337, -127.334503174, -24.6367664337, -60.3018493652, -19.2621383667, -52.2348861694, -1.43592202663, -22.8032894135, -16.2197360992, 3.87939834595, -14.2649145126, -0.443059653044], "icov": [[0.000429834151873, -0.000706459395587, 0.000879301864188, -0.000448661652626, 0.00100870197639, -0.000518382992595, 0.000985202845186, -0.000640395039227, 0.000497416011058, 0.0003673225292, -0.000291483011097, 0.000237027954427, -2.67856212304e-05], [-0.000706459395587, 0.00431424798444, -0.00335873663425, 0.00243348907679, -0.0030848942697, 0.00256807426922, -0.00408807676286, 0.00284547870979, -0.00299654528499, 0.00188666838221, -0.000975958013441, 0.00128402269911, -0.00208415905945], [0.000879301864188, -0.00335873663425, 0.00409692339599, -0.00227063312195, 0.00266688945703, -0.00276341522112, 0.00328801618889, -0.00227970886044, 0.00178129784763, -0.00109411671292, 0.00127644697204, -0.00111959374044, 0.000818530214019], [-0.000448661652626, 0.00243348907679, -0.00227063312195, 0.00547997327521, -0.0020750395488, 0.00165844382718, -0.00159485987388, 0.00156828411855, -0.00172699720133, 0.00153786526062, 0.000759312068112, 0.000259319727775, -0.00213867216371], [0.00100870197639, -0.0030848942697, 0.00266688945703, -0.0020750395488, 0.00634918594733, -0.00253399997018, 0.0016464185901, -0.00359370722435, 0.00107970368117, 0.000708284846041, 0.000325318105752, 0.000770518323407, -0.000863854133058], [-0.000518382992595, 0.00256807426922, -0.00276341522112, 0.00165844382718, -0.00253399997018, 0.00616148160771, -0.00328327761963, -0.00017419179494, 0.000918588833883, -0.000400165008614, -0.000598290993366, -0.00176936353091, 0.000836664112285], [0.000985202845186, -0.00408807676286, 0.00328801618889, -0.00159485987388, 0.0016464185901, -0.00328327761963, 0.00881501380354, 0.000289574003546, 0.00266539282165, -0.00296251079999, -0.00027857351233