{"tonal": {"chords_key": "B", "hpcp_entropy": {"dmean": 0.518623948097, "dmean2": 0.892401397228, "max": 3.75415420532, "dvar": 0.16779820621, "mean": 1.81372821331, "dvar2": 0.473356693983, "min": 0, "var": 0.331462442875, "median": 1.7903239727}, "key_key": "A#", "chords_strength": {"dmean": 0.00606235442683, "dmean2": 0.00648167403415, "max": 0.734514832497, "dvar": 0.000253556558164, "mean": 0.378612905741, "dvar2": 0.000476964836707, "min": -1, "var": 0.0224268212914, "median": 0.378828167915}, "key_scale": "major", "chords_number_rate": 0.000902759842575, "thpcp": [1, 0.4960680902, 0.0366428755224, 0.111654266715, 0.135024264455, 0.0848865658045, 0.075194619596, 0.0690898820758, 0.0306781493127, 0.00681327376515, 0.00609739217907, 0.023628782481, 0.0476432852447, 0.0381253063679, 0.0137050077319, 0.00736554153264, 0.0121706612408, 0.083467155695, 0.249684303999, 0.228458479047, 0.0683887973428, 0.0248353779316, 0.0154923340306, 0.0102045778185, 0.0164880212396, 0.0280820224434, 0.0354466661811, 0.0812331736088, 0.116640821099, 0.0670417845249, 0.016982531175, 0.00721910316497, 0.0125496713445, 0.0243629924953, 0.0222919266671, 0.518585979939], "key_strength": 0.471053093672, "tuning_nontempered_energy_ratio": 0.712254166603, "tuning_frequency": 434.193115234, "chords_changes_rate": 0.0437193699181, "tuning_diatonic_strength": 0.356591701508, "chords_scale": "minor", "chords_histogram": [13.0513286591, 3.44338417053, 18.2486457825, 0.167655408382, 2.25689959526, 2.82434868813, 0.154758840799, 28.6819705963, 0, 0, 0.851173579693, 0, 0, 0, 0.722207903862, 0, 0, 0.941449582577, 0, 28.6432800293, 0, 0.0128965694457, 0, 0], "tuning_equal_tempered_deviation": 0.111028887331, "hpcp": {"dmean": [0.0413736999035, 0.0350553765893, 0.014937103726, 0.00886700302362, 0.0158007573336, 0.0600164718926, 0.134041175246, 0.137701615691, 0.0575405098498, 0.0270873270929, 0.0156791973859, 0.0102108456194, 0.0154816322029, 0.0258250720799, 0.037148412317, 0.0604941248894, 0.0709473788738, 0.05024304986, 0.0187887642533, 0.00833527557552, 0.0131470896304, 0.020865868777, 0.0184500589967, 0.0495956465602, 0.0865203738213, 0.0499033108354, 0.0359910205007, 0.0827896073461, 0.0947979465127, 0.0721747204661, 0.0626865923405, 0.0540589913726, 0.0301942825317, 0.00961072277278, 0.00862095504999, 0.0242489241064], "dmean2": [0.0693303868175, 0.0599162429571, 0.0266539156437, 0.0163575150073, 0.0291828084737, 0.100540012121, 0.207618549466, 0.2196829319, 0.0983269810677, 0.0478690415621, 0.0274170301855, 0.0180759783834, 0.0266238674521, 0.044056378305, 0.0661799833179, 0.0994673371315, 0.11294426024, 0.083199493587, 0.033650636673, 0.0150948315859, 0.0233212355524, 0.0347099378705, 0.0307018272579, 0.0882140472531, 0.155213594437, 0.0884323641658, 0.0631562918425, 0.137677788734, 0.158261880279, 0.126724168658, 0.108510635793, 0.0890153124928, 0.0520605221391, 0.0179842114449, 0.0161271970719, 0.0424165278673], "max": [1, 1, 0.742948770523, 0.728336632252, 0.906153678894, 1, 1, 1, 1, 1, 1, 1, 0.944474279881, 1, 1, 1, 1, 1, 0.947517454624, 1, 0.831352174282, 0.907417416573, 0.933020591736, 0.888152182102, 1, 1, 1, 1, 1, 1, 1, 1, 1, 0.805100500584, 1, 1], "dvar": [0.00922774523497, 0.00631726719439, 0.00120692246128, 0.000765743083321, 0.00203546578996, 0.00989150814712, 0.0355171002448, 0.037070158869, 0.00991963129491, 0.00459324102849, 0.00184338062536, 0.00126831314992, 0.00207928894088, 0.0053418497555, 0.0072003598325, 0.0127795161679, 0.0175839141011, 0.009192972444, 0.00233109225519, 0.000905588909518, 0.00133541831747, 0.00274798087776, 0.00178491161205, 0.0116601483896, 0.0451863445342, 0.0115752806887, 0.00650011561811, 0.0209369976074, 0.0238840617239, 0.0156437326223, 0.0153721813112, 0.011543545872, 0.00422708457336, 0.000927336979657, 0.00122441130225, 0.0044961841777], "mean": [0.0433024428785, 0.0346516594291, 0.0124563267455, 0.00669445749372, 0.0110617764294, 0.0758623555303, 0.226935237646, 0.207643330097, 0.0621578022838, 0.0225725937635, 0.0140808075666, 0.00927482545376, 0.014985775575, 0.0255234334618, 0.0322170741856, 0.0738319158554, 0.106013521552, 0.0609335228801, 0.0154352309182, 0.00656136125326, 0.0114062540233, 0.0221432484686, 0.0202608797699, 0.47133693099, 0.908888697624, 0.45087069273, 0.0333042964339, 0.101481303573, 0.122722022235, 0.0771524384618, 0.0683435425162, 0.0627950131893, 0.0278830230236, 0.00619250768796, 0.00554185081273, 0.0214759334922], "dvar2": [0.0233267080039, 0.0169841330498, 0.00342931202613, 0.00225707213394, 0.00588240241632, 0.026072928682, 0.0779305994511, 0.0874208584428, 0.0264825057238, 0.0127230947837, 0.00495774811134, 0.00356078054756, 0.00554322823882, 0.0138860130683, 0.0201936811209, 0.0327873900533, 0.0420365929604, 0.0235523208976, 0.00678090425208, 0.00252075213939, 0.00375714991242, 0.00729537988082, 0.00453639542684, 0.0301206745207, 0.114396832883, 0.0300752595067, 0.0181389898062, 0.0547596029937, 0.0612540468574, 0.0454339571297, 0.0434606745839, 0.0297387298197, 0.0116704022512, 0.00279824016616, 0.00352927064523, 0.0117687331513], "min": [0, 0, 0, 0, 0, 0, 0, 0, 0, 0, 0, 0, 0, 0, 0, 0, 0, 0, 0, 0, 0, 0, 0, 0, 0, 0, 0, 0, 0, 0, 0, 0, 0, 0, 0, 0], "var": [0.0113484961912, 0.00640368461609, 0.000939398421906, 0.000487254641484, 0.0013392213732, 0.0138327870518, 0.0839101523161, 0.0720504745841, 0.010987884365, 0.00385609897785, 0.00165313994512, 0.00113738153595, 0.00228201993741, 0.00646480824798, 0.00635616341606, 0.0182951018214, 0.0364354141057, 0.0125309247524, 0.00173202157021, 0.000794388353825, 0.00114000414032, 0.00265303719789, 0.00192025292199, 0.0153988525271, 0.0595466420054, 0.0143925873563, 0.00664015719667, 0.0314860157669, 0.0394542366266, 0.0176128856838, 0.0173231717199, 0.0148131344467, 0.00393908564001, 0.000548745738342, 0.000764638592955, 0.00445879483595], "median": [0.009097289294, 0.00799559708685, 0.00269016623497, 0.00115915236529, 0.00128492468502, 0.0267191268504, 0.0924797058105, 0.0844902470708, 0.0213141776621, 0.00355702405795, 0.00265805982053, 0.00137306679972, 0.00148482061923, 0.00207841442898, 0.0062043890357, 0.02016299963, 0.0302725210786, 0.0182372666895, 0.00311427097768, 0.000697228009813, 0.00234198896214, 0.00600247317925, 0.00595909357071, 0.511239051819, 1, 0.489611178637, 0.00600169785321, 0.0282586738467, 0.038114130497, 0.0253070890903, 0.0195984691381, 0.0170393548906, 0.00607517082244, 0.000474975677207, 0.000324438908137, 0.00298350956291]}}, "lowlevel": {"melbands_flatness_db": {"dmean": 0.0188939124346, "dmean2": 0.0253166258335, "max": 0.76530200243, "dvar": 0.000221856142161, "mean": 0.559473693371, "dvar2": 0.000399915355956, "min": 0.00298991706222, "var": 0.00854041054845, "median": 0.564097881317}, "melbands_crest": {"dmean": 2.95413446426, "dmean2": 3.92159581184, "max": 38.6164512634, "dvar": 10.5788583755, "mean": 27.4285430908, "dvar2": 17.8731937408, "min": 1.2296640873, "var": 83.0720443726, "median": 30.244972229}, "spectral_entropy": {"dmean": 0.124619208276, "dmean2": 0.205220803618, "max": 9.82752990723, "dvar": 0.0106587773189, "mean": 5.80684280396, "dvar2": 0.0283357296139, "min": 4.8080291748, "var": 0.262120038271, "median": 5.74515247345}, "melbands": {"dmean": [0.00879349932075, 0.000508576224092, 0.00053713703528, 0.000509493867867, 0.00046036587446, 0.000710132590029, 0.000478285946883, 0.000669844914228, 0.000125975901028, 8.45011163619e-05, 5.70397896809e-05, 1.20059276014e-05, 1.59309056471e-05, 1.36998423841e-05, 5.44568547411e-06, 2.15729119191e-06, 9.0781139761e-07, 3.65585719919e-07, 1.53761035904e-07, 9.01199186387e-08, 4.84863491579e-08, 3.35258434347e-08, 2.30696048931e-08, 1.55299844096e-08, 1.28263808463e-08, 1.07954907236e-08, 8.18837708749e-09, 5.91218629609e-09, 4.91749085896e-09, 3.92958865447e-09, 2.61809929292e-09, 1.83678161569e-09, 9.47792289097e-10, 5.10537279119e-10, 3.55839246957e-10, 3.29058835735e-10, 1.13522455325e-10, 9.27794299721e-11, 8.05681840688e-11, 7.08575628727e-11], "dmean2": [0.00790526065975, 0.000822159461677, 0.000905012129806, 0.000781785405707, 0.000738780538086, 0.00119359733071, 0.000788348086644, 0.001127112424, 0.000200324706384, 0.000129682666739, 7.99854460638e-05, 1.97699846467e-05, 2.69743850367e-05, 2.29434062931e-05, 9.27691326069e-06, 3.71124178855e-06, 1.54349561399e-06, 6.3080142354e-07, 2.65294744395e-07, 1.55990292683e-07, 8.35131288568e-08, 5.69770790548e-08, 3.96994828122e-08, 2.64176929221e-08, 2.17896864996e-08, 1.82850712349e-08, 1.40788261049e-08, 1.00672625791e-08, 8.39719493939e-09, 6.57045218233e-09, 4.43417569329e-09, 3.09469361248e-09, 1.59689028667e-09, 8.43678682472e-10, 6.10866524031e-10, 5.67815794383e-10, 1.98520672123e-10, 1.62973121109e-10, 1.41917935736e-10, 1.24946039626e-10], "max": [0.341724693775, 0.0158201567829, 0.0260720383376, 0.0211092568934, 0.0134385023266, 0.0215217098594, 0.01363655366, 0.0281398613006, 0.00491871451959, 0.00263878772967, 0.0020476335194, 0.000656723277643, 0.00116248149425, 0.0014745631488, 0.000309373863274, 0.000170148457983, 6.34286407148e-05, 1.92656189029e-05, 6.87234796715e-06, 6.1496921262e-06, 4.67033169116e-06, 2.76723858406e-06, 1.53659300395e-06, 1.26838187953e-06, 1.36028870656e-06, 1.13402120405e-06, 9.18777288916e-07, 5.44468832686e-07, 5.64458275676e-07, 6.50652054901e-07, 4.7005468673e-07, 2.8969228083e-07, 1.71081197209e-07, 1.16720038079e-07, 4.96899161817e-08, 4.22241761555e-08, 3.83232690027e-09, 1.71251934855e-09, 1.73113157143e-09, 1.29764621271e-09], "dvar": [0.000144341407577, 4.10908000958e-07, 7.2648447258e-07, 4.60131730051e-07, 3.98010399749e-07, 1.20748916288e-06, 4.35892474115e-07, 1.25833162201e-06, 3.98862454176e-08, 1.69103895331e-08, 7.20681647692e-09, 5.78021686071e-10, 1.68287606073e-09, 1.96993066304e-09, 1.78673381646e-10, 2.74289636143e-11, 3.78121015401e-12, 4.85115094796e-13, 7.35422261825e-14, 2.97042358972e-14, 8.16900766595e-15, 4.84793801647e-15, 2.44111930783e-15, 1.23391503415e-15, 1.09930032301e-15, 8.28997180588e-16, 4.49246793466e-16, 2.21847590355e-16, 2.08845952252e-16, 1.77246527887e-16, 7.51248807218e-17, 3.84744235298e-17, 1.15187117142e-17, 2.82716395377e-18, 1.158598073e-18, 1.48891186771e-18, 2.60436975757e-20, 1.8802133594e-20, 1.47916453293e-20, 1.14211735232e-20], "mean": [0.0433544367552, 0.00184214056935, 0.00113128335215, 0.00127155624796, 0.000984747195616, 0.0010859076865, 0.000970345630776, 0.000977203017101, 0.000238887078012, 0.000176415313035, 0.00012280952069, 2.28231474466e-05, 2.91799588013e-05, 2.42991536652e-05, 1.00214765553e-05, 4.1992552724e-06, 1.81406608135e-06, 7.26536882212e-07, 3.35219283443e-07, 1.9127915607e-07, 1.06331164318e-07, 7.44462198554e-08, 5.31624522182e-08, 3.85057248309e-08, 3.30413207905e-08, 2.91422281862e-08, 2.36797248476e-08, 1.76191115031e-08, 1.41506584228e-08, 1.18409069216e-08, 8.18293255378e-09, 5.35538857704e-09, 3.16870307771e-09, 1.70663128074e-09, 1.01053365675e-09, 6.24133800198e-10, 2.03054392744e-10, 1.23202462121e-10, 8.7633872381e-11, 6.87500195662e-11], "dvar2": [0.000118875606859, 1.09597885967e-06, 2.02913565772e-06, 1.06802724531e-06, 1.00582690266e-06, 3.15030638376e-06, 1.14728959488e-06, 3.47764762409e-06, 1.00319859087e-07, 4.09830498427e-08, 1.24685923808e-08, 1.58256685534e-09, 4.81458029e-09, 5.42166178619e-09, 5.19929044263e-10, 8.0038871364e-11, 1.07341262615e-11, 1.38798510445e-12, 2.13326440388e-13, 8.6077107627e-14, 2.26543891475e-14, 1.31549222673e-14, 6.77752819822e-15, 3.38802548638e-15, 3.05225527334e-15, 2.26629446038e-15, 1.29530533519e-15, 6.04126291415e-16, 6.00862832288e-16, 4.77114336249e-16, 2.10936310452e-16, 1.07661401459e-16, 2.88815768788e-17, 6.90015414069e-18, 3.25334622372e-18, 4.26494654705e-18, 7.69488060625e-20, 5.59134932254e-20, 4.39722783596e-20, 3.38949372897e-20], "min": [8.98339810508e-25, 1.39452089533e-24, 6.34630167299e-25, 1.52345340637e-24, 1.23621771229e-24, 1.84049768886e-24, 1.3416337867e-24, 1.84743769267e-24, 1.82610314671e-24, 1.3625179917e-24, 1.94847835007e-24, 2.19081543408e-24, 2.32413766023e-24, 3.02271836523e-24, 2.06249813594e-24, 3.25573407156e-24, 2.79461726233e-24, 3.00476251052e-24, 3.17095085134e-24, 2.74681564413e-24, 2.48114149075e-24, 3.55445183333e-24, 2.86093936243e-24, 4.27607260157e-24, 4.83417946467e-24, 4.07249718422e-24, 4.16305802171e-24, 4.25158990895e-24, 3.55673637451e-24, 4.58915611206e-24, 4.09548577429e-24, 4.74124691687e-24, 4.5861982781e-24, 5.33105060557e-24, 5.43800278938e-24, 5.34158663182e-24, 5.44328302985e-24, 6.156198718e-24, 6.15666532923e-24, 5.9753772046e-24], "var": [0.0033027601894, 4.07646302847e-06, 2.88201999865e-06, 2.32315323956e-06, 1.15702687253e-06, 2.18387094719e-06, 1.09337395315e-06, 1.89448473975e-06, 1.09220664513e-07, 4.57747439953e-08, 2.65209454398e-08, 1.22746623976e-09, 3.28177329756e-09, 3.78985731686e-09, 3.75561637345e-10, 6.53218729108e-11, 9.28593486826e-12, 1.27048176667e-12, 2.24932458727e-13, 7.32110159714e-14, 2.44663129003e-14, 1.57180210958e-14, 7.34082628397e-15, 4.7771188623e-15, 5.11944045167e-15, 3.67314905841e-15, 2.47984459539e-15, 1.3734800176e-15, 1.04293769191e-15, 1.05515995382e-15, 5.10956955322e-16, 2.39528794324e-16, 9.33577810721e-17, 2.26171792813e-17, 7.33987797765e-18, 3.22790297526e-18, 4.3935720854e-20, 2.12216417325e-20, 1.51947924803e-20, 1.14596406529e-20], "median": [0.0189258642495, 0.00112877809443, 0.000570309581235, 0.00079786835704, 0.000652941700537, 0.000576593447477, 0.000642224971671, 0.000516158004757, 0.000133313631522, 0.000103945778392, 6.94999034749e-05, 1.20186959975e-05, 1.38642890306e-05, 8.29653799883e-06, 4.47771890322e-06, 1.64409470926e-06, 8.1678905417e-07, 3.64171967249e-07, 1.86558324344e-07, 1.06661410371e-07, 6.05690360089e-08, 3.85652683121e-08, 2.8801117935e-08, 1.95050304796e-08, 1.4721728725e-08, 1.32074884363e-08, 9.65751301152e-09, 7.0449557299e-09, 5.62327695519e-09, 3.87166121385e-09, 2.98243474361e-09, 1.87259630025e-09, 1.27104149428e-09, 7.80302156222e-10, 4.76114592196e-10, 2.87401297205e-10, 1.4980598706e-10, 7.6769424151e-11, 4.21373352877e-11, 2.64226175661e-11]}, "silence_rate_60dB": {"dmean": 0.00528861675411, "dmean2": 0.0105779152364, "max": 1, "dvar": 0.00525956135243, "mean": 0.0657164976001, "dvar2": 0.0109841814265, "min": 0, "var": 0.0614110566676, "median": 0}, "spectral_energyband_middle_high": {"dmean": 0.000222439455683, "dmean2": 0.000368190987501, "max": 0.0169243477285, "dvar": 2.59921051793e-07, "mean": 0.000642485741992, "dvar2": 7.24241488115e-07, "min": 1.07810552825e-21, "var": 8.87782334758e-07, "median": 0.000381771853426}, "erbbands_skewness": {"dmean": 0.349493056536, "dmean2": 0.549150824547, "max": 4.64025115967, "dvar": 0.0793971717358, "mean": 0.0388461388648, "dvar2": 0.197781279683, "min": -2.41572570801, "var": 0.412730634212, "median": 0.0132729746401}, "dynamic_complexity": 4.0890879631, "dissonance": {"dmean": 0.0631207153201, "dmean2": 0.108366884291, "max": 0.500000059605, "dvar": 0.00261035654694, "mean": 0.384347438812, "dvar2": 0.00728637771681, "min": 0, "var": 0.00453893607482, "median": 0.391660749912}, "spectral_skewness": {"dmean": 1.54876112938, "dmean2": 2.73013472557, "max": 13.5799951553, "dvar": 1.63779652119, "mean": 7.31494140625, "dvar2": 4.84043216705, "min": -0.0959933027625, "var": 5.22758722305, "median": 7.57028245926}, "spectral_kurtosis": {"dmean": 32.3148040771, "dmean2": 56.298286438, "max": 271.743713379, "dvar": 835.347900391, "mean": 102.014335632, "dvar2": 2453.99267578, "min": -1.25662541389, "var": 2478.61914062, "median": 106.115432739}, "gfcc": {"cov": [[20081.9824219, 3685.35742188, -984.467712402, -386.773223877, -325.517211914, -193.393859863, 432.668640137, -171.649993896, 175.561126709, 23.8272018433, 205.677963257, -31.6119174957, 170.724761963], [3685.35742188, 1116.34033203, -241.555175781, -233.081085205, -139.854354858, -75.7889938354, 33.7663955688, -86.9752883911, -5.36210680008, -35.146194458, 30.15026474, -30.1012401581, 12.6278734207], [-984.467712402, -241.555175781, 475.49899292, -9.44539451599, 133.004211426, 77.0292510986, -23.7539558411, 111.346473694, 28.2051391602, 52.0321426392, 26.0626392365, 18.2002754211, 39.9974136353], [-386.773223877, -233.081085205, -9.44539451599, 343.951049805, 0.920620679855, -104.184822083, -2.23100733757, -15.428150177, -17.3656635284, -54.6952896118, -69.4995651245, -18.4071998596, -18.5357875824], [-325.517211914, -139.854354858, 133.004211426, 0.920620679855, 172.227142334, 72.330291748, -10.700044632, 36.9646759033, 9.55648422241, 37.2713050842, 17.7646198273, -2.82642173767, 15.5107469559], [-193.393859863, -75.7889938354, 77.0292510986, -104.184822083, 72.330291748, 134.770690918, 20.5832252502, 23.7678909302, 15.4864530563, 39.4305419922, 31.7607784271, 12.5717506409, 3.2711815834], [432.668640137, 33.7663955688, -23.7539558411, -2.23100733757, -10.700044632, 20.5832252502, 85.1936950684, 24.7530937195, 15.8578462601, 1.29210197926, 9.33882713318, 3.75036525726, 7.18972110748], [-171.649993896, -86.9752883911, 111.346473694, -15.428150177, 36.9646759033, 23.7678909302, 24.7530937195, 85.8559646606, 33.5348701477, 28.5657806396, 10.6310224533, 5.79181718826, 18.3176956177], [175.561126709, -5.36210680008, 28.2051391602, -17.3656635284, 9.55648422241, 15.4864530563, 15.8578462601, 33.5348701477, 66.4320144653, 43.4111938477, 19.557062149, 7.83964776993, 11.5877008438], [23.8272018433, -35.146194458, 52.0321426392, -54.6952896118, 37.2713050842, 39.4305419922, 1.29210197926, 28.5657806396, 43.4111938477, 83.5345153809, 55.573348999, 20.1606273651, 14.2564754486], [205.677963257, 30.15026474, 26.0626392365, -69.4995651245, 17.7646198273, 31.7607784271, 9.33882713318, 10.6310224533, 19.557062149, 55.573348999, 68.0597381592, 33.4315071106, 17.1181354523], [-31.6119174957, -30.1012401581, 18.2002754211, -18.4071998596, -2.82642173767, 12.5717506409, 3.75036525726, 5.79181718826, 7.83964776993, 20.1606273651, 33.4315071106, 42.3085327148, 24.8924598694], [170.724761963, 12.6278734207, 39.9974136353, -18.5357875824, 15.5107469559, 3.2711815834, 7.18972110748, 18.3176956177, 11.5877008438, 14.2564754486, 17.1181354523, 24.8924598694, 45.4874763489]], "mean": [-178.055480957, 244.255783081, -54.7181777954, -19.4341449738, -38.9192657471, -14.9330501556, 5.71947050095, -8.61124706268, 4.16467618942, 3.16199016571, 8.3852481842, -1.5628285408, 5.26948738098], "icov": [[0.00020513436175, -0.000750478298869, 0.00023738379241, -0.000556711864192, -5.68753930565e-05, -0.000412616122048, -0.000395369512262, -0.000176742032636, -0.000272281002253, -8.31459474284e-05, -0.000514125160407, 0.000381363875931, -0.000734226603527], [-0.000750478298869, 0.00477442517877, -0.000759838963859, 0.00368577172048, 0.0007406505174, 0.00323709682561, 0.000448269594926, 0.00286957179196, -0.000612762756646, 0.00323880650103, -0.00238675461151, 0.00399342924356, -0.000196588836843], [0.00023738379241, -0.000759838963859, 0.00463546905667, -0.00183412840124, -0.000522424525116, -0.00307400571182, 0.00326260621659, -0.00605272268876, 0.00043617351912, 0.0013459456386, -0.00346174486913, 0.00250040111132, -0.00378098827787], [-0.000556711864192, 0.00368577172048, -0.00183412840124, 0.00992718525231, -0.00410063145682, 0.0105721969157, -0.00473401648924, 0.00552275776863, -0.000864837202244, -0.00122872914653, 0.0101467855275, -0.00779081974179, 0.00693684164435], [-5.68753930565e-05, 0.0007406505174, -0.000522424525116, -0.00410063145682, 0.0136703224853, -0.00954611599445, 0.00547304330394, -0.00292148021981, 0.00222545675933, 0.000697815732565, -0.00991439074278, 0.015942921862, -0.0106464317068], [-0.000412616122048, 0.00323709682561, -0.00307400571182, 0.0105721969157, -0.00954611599445, 0.0238529723138, -0.0104841627181, 0.00764789339155, -0.000669207889587, -0.00527725322172, 0.0115124098957, -0.0139894448221, 0.0129257366061], [-0.000395369512262, 0.000448269594926, 0.00326260621659, -0.00473401648924, 0.00547304330394, -0.0104841627181, 0.0229122899473, -0.0117007205263, -0.0023300787434, 0.0107659334317, -0.0143794380128, 0.00997630041093, -0.00628906069323], [-0.000176742032636, 0.00286957179196, -0.00605272268876, 0.00552275776863, -0.00292148021981, 0.00764789339155, -0.0117007205263, 0.029448626563, -0.00794933456928, -0.00414230488241, 0.00755094829947, -0.000146540798596, -0.00156199047342], [-0.000272281002253, -0.000612762756646, 0.00043617351912, -0.000864837202244, 0.00222545675933, -0.000669207889587, -0.0023300787434, -0.00794933456928, 0.0313939936459, -0.0232425704598, 0.0139091778547, -0.00552306557074, 0.000389994645957], [-8.31459474284e-05, 0.00323880650103, 0.0013459456386, -0.00122872914653, 0.000697815732565, -0.00527725322172, 0.0107659334317, -0.00414230488241, -0.0232425704598, 0.0568552538753, -0.0515367463231, 0.0253031551838, -0.00851385388523], [-0.000514125160407, -0.00238675461151, -0.00346174486913, 0.0101467855275, -0.00991439074278, 0.0115124098957, -0.0143794380128, 0.00755094829947, 0.0139091778547, -0.0515367463231, 0.0902987569571, -0.0643287450075, 0.0253861732781], [0.000381363875931, 0.00399342924356, 0.00250040111132, -0.00779081974179, 0.015942921862, -0.0139894448221, 0.00997630041093, -0.000146540798596, -0.00552306557074, 0.0253031551838, -0.0643287450075, 0.0946897268295, -0.0479940623045], [-0.000734226603527, -0.000196588836843, -0.00378098827787, 0.00693684164435, -0.0106464317068, 0.0129257366061, -0.00628906069323, -0.00156199047342, 0.000389994645957, -0.00851385388523, 0.0253861732781, -0.0479940623045, 0.0545492507517]]}, "spectral_complexity": {"dmean": 1.42225086689, "dmean2": 2.45536637306, "max": 21, "dvar": 1.51859068871, "mean": 9.59002971649, "dvar2": 4.21552801132, "min": 0, "var": 12.5397548676, "median": 10}, "spectral_flux": {"dmean": 0.0245200265199, "dmean2": 0.0405665785074, "max": 0.384023100138, "dvar": 0.000597605772782, "mean": 0.102497674525, "dvar2": 0.00166061858181, "min": 6.35780317282e-11, "var": 0.00281635322608, "median": 0.100671552122}, "spectral_energyband_low": {"dmean": 0.0303065516055, "dmean2": 0.0274024866521, "max": 1.13872528076, "dvar": 0.00169271731284, "mean": 0.148492962122, "dvar2": 0.00138361484278, "min": 1.0042071528e-23, "var": 0.0369595885277, "median": 0.0680400729179}, "spectral_decrease": {"dmean": 8.8135543308e-09, "dmean2": 8.84791262479e-09, "max": 2.07804542844e-28, "dvar": 1.37677635219e-16, "mean": -4.61700686571e-08, "dvar2": 1.32383202843e-16, "min": -3.2554598306e-07, "var": 2.90628523851e-15, "median": -2.49890561577e-08}, "barkbands_spread": {"dmean": 0.905639767647, "dmean2": 1.34005844593, "max": 65.442817688, "dvar": 1.17422497272, "mean": 4.30183172226, "dvar2": 2.91880607605, "min": 0.368053346872, "var": 14.3535718918, "median": 3.79162836075}, "spectral_rms": {"dmean": 0.00120625586715, "dmean2": 0.00122896907851, "max": 0.034697663039, "dvar": 1.3570926285e-06, "mean": 0.0110874986276, "dvar2": 1.40281554195e-06, "min": 3.1289834005e-12, "var": 4.83664407511e-05, "median": 0.00964391231537}, "spectral_centroid": {"dmean": 38.1743659973, "dmean2": 62.5669326782, "max": 11860.2958984, "dvar": 29294.421875, "mean": 503.843353271, "dvar2": 69354.8515625, "min": 178.616729736, "var": 1247514.5, "median": 382.210449219}, "barkbands_skewness": {"dmean": 0.489400535822, "dmean2": 0.687799930573, "max": 5.68431377411, "dvar": 0.155423432589, "mean": 1.88840758801, "dvar2": 0.32017120719, "min": -2.23585271835, "var": 1.86049735546, "median": 1.81605279446}, "spectral_rolloff": {"dmean": 76.6310501099, "dmean2": 123.637275696, "max": 19810.546875, "dvar": 85152.3515625, "mean": 453.922851562, "dvar2": 191001.171875, "min": 43.06640625, "var": 3814565.75, "median": 236.865234375}, "erbbands_spread": {"dmean": 2.09562253952, "dmean2": 3.40663647652, "max": 78.0777816772, "dvar": 3.5683400631, "mean": 9.06939125061, "dvar2": 9.50264930725, "min": 1.23737096786, "var": 28.263381958, "median": 8.0784034729}, "barkbands": {"dmean": [0.0157396923751, 0.0176879651845, 0.00111338135321, 0.00123508891556, 0.00251608458348, 0.00322157819755, 0.00298077892512, 0.0013371843379, 0.000624604290351, 0.000165710313013, 0.000101220022771, 0.000113741545647, 2.41615471168e-05, 7.0976338975e-06, 2.44651619141e-06, 9.03364082205e-07, 4.82202267449e-07, 3.20100042472e-07, 2.64548702944e-07, 1.72608707771e-07, 1.2830275864e-07, 6.1709826582e-08, 2.14242774632e-08, 8.36649238778e-09, 7.67969599025e-09, 7.50860706944e-09, 8.01585997579e-09], "dmean2": [0.0174707341939, 0.0164997074753, 0.00197954988107, 0.00204841210507, 0.00386394141242, 0.00542997289449, 0.0048119938001, 0.00227158563212, 0.000931423273869, 0.000259438587818, 0.000170667335624, 0.000189927071915, 4.11327382608e-05, 1.19564610941e-05, 4.21011418439e-06, 1.55828945481e-06, 8.16665931325e-07, 5.46204887542e-07, 4.46199578619e-07, 2.91753593729e-07, 2.13887375367e-07, 1.03015288744e-07, 3.69694497238e-08, 1.46730805284e-08, 1.35443611882e-08, 1.32442616874e-08, 1.4137950366e-08], "max": [0.499083310366, 0.724286854267, 0.0334764309227, 0.0659040808678, 0.0960330143571, 0.0928487479687, 0.0909417122602, 0.0490736402571, 0.019100934267, 0.00494771078229, 0.00555958785117, 0.0124676786363, 0.00158524548169, 0.000356945674866, 9.84939397313e-05, 4.62860989501e-05, 4.06194194511e-05, 2.89588315354e-05, 2.62164103333e-05, 1.65497258422e-05, 1.89677994058e-05, 1.08923677544e-05, 3.42342445947e-06, 1.86734951058e-07, 1.42395251146e-07, 1.37346319207e-07, 1.46590309669e-07], "dvar": [0.000477037363453, 0.000588345108554, 2.57746705756e-06, 4.684734904e-06, 1.07429632408e-05, 2.34975432249e-05, 1.99257428903e-05, 4.14903843193e-06, 8.59449755808e-07, 5.10712006019e-08, 4.83897473202e-08, 1.31346908461e-07, 3.11428149935e-09, 1.87365747917e-10, 1.73095340145e-11, 2.81483560419e-12, 9.7082758499e-13, 4.84086295355e-13, 4.71688931403e-13, 2.02396950653e-13, 1.45866053069e-13, 4.46977355031e-14, 4.50123133753e-15, 1.48519259897e-16, 1.3467985327e-16, 1.2829176901e-16, 1.45925724422e-16], "mean": [0.0591780990362, 0.091382175684, 0.00164501636755, 0.00249838945456, 0.00622645393014, 0.00510684307665, 0.00541253201663, 0.00204277201556, 0.00133174681105, 0.000299222476315, 0.000181663795956, 0.000203317133128, 4.82498653582e-05, 1.40879928949e-05, 5.31641308044e-06, 2.08173696592e-06, 1.18750938327e-06, 8.59302531353e-07, 8.04933961263e-07, 5.94908897256e-07, 4.73080973507e-07, 2.19755008857e-07, 6.80065923575e-08, 1.33056152762e-08, 7.29525284626e-09, 6.61405152869e-09, 7.05444058724e-09], "dvar2": [0.000611411058344, 0.000522008223925, 7.83159885032e-06, 1.274018814e-05, 2.44628554356e-05, 6.27970657661e-05, 5.08230696141e-05, 1.18869065773e-05, 1.88493174846e-06, 1.24377166344e-07, 1.4301697604e-07, 3.5303162349e-07, 9.00125396441e-09, 5.16791387462e-10, 4.96299806807e-11, 8.01860400995e-12, 2.58600020737e-12, 1.34393548807e-12, 1.28017171516e-12, 5.57867174764e-13, 3.92154055539e-13, 1.16093210891e-13, 1.24584155451e-14, 4.4087416395e-16, 3.99691580873e-16, 3.80709175478e-16, 4.33098454434e-16], "min": [9.34087486163e-26, 2.75308748276e-24, 1.24023577531e-24, 6.61616162095e-25, 7.14319702793e-24, 8.1788278238e-24, 7.37687734958e-24, 8.63112595697e-24, 9.405299061e-24, 1.08277280802e-23, 1.22908284011e-23, 2.28176281341e-23, 2.93287251182e-23, 2.85643346782e-23, 4.92945295721e-23, 5.36287270229e-23, 6.22155284633e-23, 8.13294893573e-23, 1.35103373098e-22, 1.63477803712e-22, 2.46053188429e-22, 3.29093635048e-22, 3.9661169719e-22, 5.23088996195e-22, 8.71863107863e-22, 1.1542578434e-21, 1.84981111954e-21], "var": [0.00588828558102, 0.0148791726679, 5.02184730067e-06, 1.77273141162e-05, 5.14688035764e-05, 4.33207824244e-05, 4.25186626671e-05, 6.60808746034e-06, 2.70263512903e-06, 1.17252518805e-07, 9.2843862376e-08, 2.75564929098e-07, 8.00993493755e-09, 4.65952443296e-10, 5.19002306409e-11, 8.42022371966e-12, 3.85070838063e-12, 2.08652452954e-12, 2.74105087586e-12, 1.4985509578e-12, 1.48047091079e-12, 4.07653050856e-13, 3.42285505766e-14, 2.01069435408e-16, 1.344000677e-16, 1.26587922532e-16, 1.43841811614e-16], "median": [0.0272346064448, 0.0391542054713, 0.00087967334548, 0.00104762846604, 0.00401591323316, 0.0028935642913, 0.00326069328003, 0.00120542570949, 0.000773751584347, 0.00019343040185, 9.87634120975e-05, 6.36838522041e-05, 1.99078785954e-05, 6.91901641403e-06, 3.06862966681e-06, 1.15060481676e-06, 6.29972419119e-07, 4.62818945834e-07, 3.62777143437e-07, 2.45223475304e-07, 1.71528071746e-07, 8.19210441705e-08, 3.15153059205e-08, 9.22464060693e-09, 2.67824762368e-09, 2.0489741015e-09, 2.18468954039e-09]}, "melbands_kurtosis": {"dmean": 6.40882205963, "dmean2": 9.82437896729, "max": 275.317321777, "dvar": 108.101493835, "mean": 13.4809503555, "dvar2": 264.724243164, "min": -1.78565394878, "var": 453.202484131, "median": 5.23276090622}, "erbbands_crest": {"dmean": 3.49483990669, "dmean2": 5.82389974594, "max": 30.6108589172, "dvar": 9.51992034912, "mean": 12.0536470413, "dvar2": 25.1579418182, "min": 2.10688209534, "var": 20.0954265594, "median": 11.1033668518}, "melbands_skewness": {"dmean": 0.72617071867, "dmean2": 1.04653608799, "max": 14.4177436829, "dvar": 0.41944783926, "mean": 2.77239847183, "dvar2": 0.955276668072, "min": -1.47354543209, "var": 4.33864545822, "median": 2.29339241982}, "spectral_energyband_middle_low": {"dmean": 0.00674165412784, "dmean2": 0.0109945954755, "max": 0.175289586186, "dvar": 6.88331274432e-05, "mean": 0.0228179506958, "dvar2": 0.000182798627065, "min": 1.38441037277e-22, "var": 0.00033133267425, "median": 0.0197489857674}, "spectral_contrast_coeffs": {"dmean": [0.0452685989439, 0.0497067049146, 0.0349903553724, 0.0241491813213, 0.0117113320157, 0.0304916743189], "dmean2": [0.0738322585821, 0.0834591686726, 0.0564115829766, 0.0413353182375, 0.0201949290931, 0.0542392171919], "max": [-0.380562841892, -0.459622383118, -0.560444176197, -0.605705857277, -0.734412193298, -0.560129344463], "dvar": [0.00124467618298, 0.00151864683721, 0.00073715322651, 0.000357852899469, 8.18747357698e-05, 0.00060423091054], "mean": [-0.703137099743, -0.725425779819, -0.765656471252, -0.810184121132, -0.873867452145, -0.774848341942], "dvar2": [0.00326687912457, 0.00430419202894, 0.00193653581664, 0.0010372743709, 0.000239665692789, 0.00189518940169], "min": [-0.982069194317, -0.998995661736, -0.997373044491, -0.996892750263, -0.986535251141, -0.965346217155], "var": [0.00610935827717, 0.00465075206012, 0.00334634142928, 0.00201018014923, 0.000406039413065, 0.00280892732553], "median": [-0.705692648888, -0.72657752037, -0.765189647675, -0.812283456326, -0.873715519905, -0.77414560318]}, "spectral_contrast_valleys": {"dmean": [0.295906692743, 0.297549307346, 0.24716591835, 0.194290205836, 0.130846902728, 0.46760442853], "dmean2": [0.490477770567, 0.503082156181, 0.419720560312, 0.334073156118, 0.223979234695, 0.835029363632], "max": [-4.69905853271, -4.44649219513, -5.5948843956, -7.4690747261, -8.13974952698, -12.0776958466], "dvar": [0.0794214829803, 0.0879102498293, 0.0687457844615, 0.0562110953033, 0.0457005351782, 0.160273239017], "mean": [-6.65390110016, -6.3374505043, -7.84513902664, -9.58586502075, -10.4627799988, -14.2915534973], "dvar2": [0.199434414506, 0.22440418601, 0.173509821296, 0.137761890888, 0.101432897151, 0.481878429651], "min": [-28.2300167084, -28.1798343658, -27.843006134, -27.6717586517, -27.651342392, -27.4276428223], "var": [5.94008874893, 6.06561803818, 5.48052692413, 4.50956630707, 4.08326101303, 2.48909473419], "median": [-6.21479988098, -5.89532804489, -7.42454910278, -9.21108818054, -10.1267709732, -14.0954875946]}, "silence_rate_20dB": {"dmean": 0.0393421463668, "dmean2": 0.0786893740296, "max": 1, "dvar": 0.0377911888063, "mean": 0.828131020069, "dvar2": 0.0825579240918, "min": 0, "var": 0.142329871655, "median": 1}, "silence_rate_30dB": {"dmean": 0.0683650448918, "dmean2": 0.136738911271, "max": 1, "dvar": 0.0637004971504, "mean": 0.520056724548, "dvar2": 0.131963148713, "min": 0, "var": 0.249586626887, "median": 1}, "spectral_strongpeak": {"dmean": 0.160029068589, "dmean2": 0.244486615062, "max": 4.7599363327, "dvar": 0.120065279305, "mean": 0.544798254967, "dvar2": 0.318647950888, "min": 0, "var": 0.211973637342, "median": 0.442493200302}, "spectral_spread": {"dmean": 260311.734375, "dmean2": 465718.90625, "max": 42400332, "dvar": 502820995072, "mean": 1352056, "dvar2": 1196081938430.0, "min": 268756.09375, "var": 17412216848400.0, "median": 812797.9375}, "barkbands_flatness_db": {"dmean": 0.0225885249674, "dmean2": 0.0350686721504, "max": 0.6354855299, "dvar": 0.000290639378363, "mean": 0.431920975447, "dvar2": 0.000679655058775, "min": 0.00743782054633, "var": 0.00541055295616, "median": 0.432661890984}, "pitch_salience": {"dmean": 0.0638191178441, "dmean2": 0.0885477140546, "max": 0.99345099926, "dvar": 0.00329326000065, "mean": 0.360394060612, "dvar2": 0.00625868467614, "min": 0.0401743501425, "var": 0.0310721509159, "median": 0.338643997908}, "erbbands_kurtosis": {"dmean": 1.39373517036, "dmean2": 2.27942037582, "max": 37.9877586365, "dvar": 2.60113716125, "mean": 2.07460260391, "dvar2": 6.68789291382, "min": -1.31459283829, "var": 7.12583780289, "median": 1.41037368774}, "average_loudness": 0.383730232716, "barkbands_crest": {"dmean": 1.28692400455, "dmean2": 2.03786873817, "max": 21.6291675568, "dvar": 1.42264199257, "mean": 12.2049217224, "dvar2": 3.41802406311, "min": 1.92626869678, "var": 10.4141807556, "median": 12.5637121201}, "hfc": {"dmean": 2.94816851616, "dmean2": 4.53648614883, "max": 85.1825027466, "dvar": 13.4608755112, "mean": 14.6196146011, "dvar2": 33.9165611267, "min": 1.03995780353e-16, "var": 135.364120483, "median": 12.2458286285}, "barkbands_kurtosis": {"dmean": 3.00350475311, "dmean2": 4.52169656754, "max": 63.5760498047, "dvar": 12.3757305145, "mean": 6.7238073349, "dvar2": 29.2301902771, "min": -1.76811027527, "var": 80.4191131592, "median": 3.12654781342}, "erbbands": {"dmean": [1.33191287518, 0.947479188442, 0.912927806377, 3.17171573639, 4.65089178085, 12.0839033127, 12.4487199783, 33.5107841492, 29.4106349945, 70.7453155518, 17.9822044373, 12.6964626312, 11.3891105652, 3.02090167999, 5.58750247955, 3.10817337036, 1.07961583138, 0.536866128445, 0.178282007575, 0.0897599160671, 0.0421941019595, 0.0263031031936, 0.0170205440372, 0.0138528933749, 0.0120245376602, 0.00821590423584, 0.00642797118053, 0.00454246951267, 0.00243097892962, 0.000959595025051, 0.000636674347334, 0.000238196123973, 0.000130301501486, 8.80863808561e-05, 5.61395136174e-05, 3.27431262122e-05, 1.62876967806e-05, 4.99949692312e-06, 1.46833172039e-05, 3.60105841537e-05], "dmean2": [1.19156706333, 1.20010519028, 1.59033250809, 5.46481800079, 7.33437395096, 18.1130409241, 20.7256069183, 56.1070709229, 48.9309501648, 118.247688293, 28.8566741943, 20.302110672, 16.0250930786, 4.93123292923, 9.47291564941, 5.23290205002, 1.82875370979, 0.913075685501, 0.306358963251, 0.155158042908, 0.0724509879947, 0.0445917062461, 0.0290180910379, 0.0233995132148, 0.0206186845899, 0.0139345964417, 0.0109153250232, 0.00756912957877, 0.00407214323059, 0.00159261061344, 0.00110304378904, 0.000412322464399, 0.000225662661251, 0.000150800595293, 9.349884931e-05, 5.1681050536e-05, 2.42215883191e-05, 8.67945163918e-06, 1.445464477e-05, 3.63070721505e-05], "max": [53.4084739685, 38.006023407, 25.4265804291, 172.650177002, 225.72895813, 529.104980469, 348.870605469, 1025.9564209, 913.429138184, 2900.56835938, 675.039489746, 442.938079834, 399.808349609, 163.458740234, 504.014923096, 281.109771729, 68.097869873, 41.0126914978, 9.04577255249, 5.69122600555, 3.27181172371, 2.17494750023, 1.54284882545, 1.48470234871, 1.36842489243, 0.72798115015, 0.806176483631, 0.723260521889, 0.387677550316, 0.197499856353, 0.0956165418029, 0.0144065609202, 0.0029288099613, 0.00210937252268, 0.00148146564607, 0.000938528683037, 0.000496500520967, 0.0001033209046, 0.000541647779755, 0.00132858811412], "dvar": [3.32537674904, 1.67066788673, 1.6801264286, 26.1077384949, 52.9434509277, 275.494750977, 339.726409912, 2784.52807617, 1759.4362793, 13957.03125, 719.513427734, 431.503967285, 285.278533936, 33.8593482971, 280.377868652, 67.5563659668, 5.682721138, 1.42173039913, 0.10282446444, 0.0264076963067, 0.00555088184774, 0.00284850085154, 0.00127301597968, 0.00126131880097, 0.0010287387995, 0.000431663822383, 0.00036557004205, 0.000220120506128, 6.57218915876e-05, 9.35069692787e-06, 4.85603186462e-06, 1.89741911072e-07, 3.75141802067e-08, 1.74396301844e-08, 6.95792401473e-09, 2.26890106703e-09, 5.39946809486e-10, 5.59054538773e-11, 3.74802050507e-10, 2.28258789647e-09], "mean": [6.74196100235, 4.6121840477, 1.75610339642, 6.55849981308, 8.84996318817, 29.5659599304, 22.9684524536, 50.3135528564, 57.5517692566, 103.8698349, 35.4854049683, 26.7075233459, 25.2484092712, 6.6264796257, 9.8499917984, 6.26336097717, 2.50964641571, 1.14939761162, 0.418016761541, 0.203805491328, 0.106042221189, 0.0698938369751, 0.0495605953038, 0.0416311398149, 0.0377373583615, 0.0283338613808, 0.0220236182213, 0.0159284994006, 0.00870958715677, 0.00391930667683, 0.00181012612302, 0.000566190574318, 0.000250288110692, 0.000170245679328, 0.000130519110826, 9.66237130342e-05, 5.66159178561e-05, 7.73470219428e-06, 7.82434144639e-05, 0.000189778467757], "dvar2": [2.70927548409, 2.76500320435, 4.90549468994, 76.2581863403, 129.546234131, 589.956420898, 913.680175781, 7118.84960938, 4662.29589844, 38066.6171875, 1825.13024902, 1159.09240723, 496.780822754, 92.9377746582, 792.333679199, 191.987457275, 16.5190525055, 4.05123186111, 0.294496655464, 0.0770329684019, 0.0152958827093, 0.00758191011846, 0.00346974050626, 0.00349915260449, 0.00293606822379, 0.00120449915994, 0.0010173387127, 0.000600405561272, 0.000178481743205, 2.20261135837e-05, 1.3698650946e-05, 5.44070132946e-07, 1.07882264899e-07, 4.88414357847e-08, 1.85628135085e-08, 5.53813306325e-09, 1.18860021825e-09, 1.61130692122e-10, 3.40621197914e-10, 2.20015627939e-09], "min": [4.20082505309e-23, 6.75129326524e-22, 2.79420580984e-21, 3.5923222118e-21, 8.39871453387e-21, 1.68687346215e-20, 2.86089979127e-20, 7.70392530926e-20, 8.96454533162e-20, 1.46806515851e-19, 2.83549009533e-19, 3.00041052242e-19, 4.35145857558e-19, 7.1174549012e-19, 9.37620804857e-19, 1.12268788786e-18, 1.28359209459e-18, 1.70692689867e-18, 2.85762550022e-18, 3.29075546692e-18, 3.1078013134e-18, 4.4115610019e-18, 4.55981492873e-18, 6.90093623996e-18, 7.62874102808e-18, 7.60428047019e-18, 7.1225321358e-18, 8.01398799067e-18, 1.11954966801e-17, 1.12981729552e-17, 1.13796825056e-17, 1.04606137075e-17, 1.00222021926e-17, 7.63763570121e-18, 6.61423089015e-18, 4.02960911328e-18, 2.18674314595e-18, 9.25435400459e-19, 2.43407149327e-19, 2.0961050759e-20], "var": [80.9136581421, 37.3487358093, 3.99682426453, 116.811355591, 128.177139282, 1471.09179688, 658.411193848, 5027.24804688, 4119.68408203, 21679.1601562, 2024.44372559, 998.314453125, 1050.38757324, 79.8650665283, 487.245025635, 167.732147217, 19.1813468933, 3.76135253906, 0.364991813898, 0.077555552125, 0.020164757967, 0.0120483543724, 0.00614506937563, 0.00733999349177, 0.0059481584467, 0.00342928664759, 0.00270843878388, 0.00185132713523, 0.000610419316217, 0.000123699312098, 2.47968637268e-05, 6.45417173928e-07, 7.40430365909e-08, 4.23334398647e-08, 2.49931755292e-08, 1.31352537736e-08, 4.40417391445e-09, 9.78844921784e-11, 8.16750400645e-09, 4.84398405831e-08], "median": [2.90790128708, 2.00458860397, 1.16274213791, 2.84202313423, 5.39500999451, 16.8950214386, 15.0873279572, 25.5923252106, 37.6510620117, 54.1081123352, 21.32213974, 16.0845870972, 14.9354934692, 4.14333629608, 4.07692718506, 2.63536572456, 1.11258518696, 0.518246293068, 0.225353717804, 0.117124438286, 0.0627353787422, 0.0382163748145, 0.0272622779012, 0.0194407422096, 0.0167567636818, 0.0115321166813, 0.00842961482704, 0.00568066071719, 0.00328095583245, 0.00174309383146, 0.000844077556394, 0.000376357056666, 0.000163895776495, 9.56219591899e-05, 7.16524664313e-05, 5.29751196154e-05, 3.11073345074e-05, 4.14593978348e-06, 4.29510109825e-05,