{"tonal": {"hpcp": {"dvar": [0.0357969589531, 0.0477384179831, 0.0439825877547, 0.050664268434, 0.0471189171076, 0.033140823245, 0.0267490688711, 0.0332674123347, 0.0377861484885, 0.0458102189004, 0.0491091534495, 0.0245667807758, 0.0177985094488, 0.0184713229537, 0.0169529169798, 0.0184486638755, 0.0259970650077, 0.0256736315787, 0.0272180512547, 0.0313998870552, 0.0154426712543, 0.00723758758977, 0.00687552616, 0.0209223255515, 0.0731218010187, 0.0338128171861, 0.00879749190062, 0.00339342956431, 0.00556858349591, 0.0141511112452, 0.0327188447118, 0.0384001918137, 0.0192102640867, 0.0216360706836, 0.02445711568, 0.0238607060164], "var": [0.05523949489, 0.0824624970555, 0.0486396104097, 0.0715984925628, 0.0873638167977, 0.0357158370316, 0.0204237606376, 0.0218361020088, 0.031089540571, 0.116606682539, 0.137120679021, 0.0265401080251, 0.0154206017032, 0.0186988636851, 0.0123187731951, 0.0231122430414, 0.0387446284294, 0.0361524187028, 0.0853688642383, 0.103536874056, 0.020870892331, 0.00506448792294, 0.0052890512161, 0.0256264749914, 0.14584992826, 0.114836491644, 0.0137657672167, 0.00251559680328, 0.00370478699915, 0.0159525722265, 0.0812807232141, 0.0922591462731, 0.0198612902313, 0.0306560583413, 0.0407654941082, 0.0201860144734], "median": [0.0258683860302, 0.0294704325497, 0.0322897732258, 0.0345658510923, 0.0304876286536, 0.0115177389234, 0.00256769405678, 0.00221898779273, 0.0396899245679, 0.230783998966, 0.24548445642, 0.0684485137463, 0.00246642716229, 0.00146754831076, 0.00456423358992, 0.016580266878, 0.0221256352961, 0.0264957845211, 0.0568202473223, 0.055084310472, 0.0234286040068, 0.00511508714408, 0.00476456386968, 0.0366500839591, 0.125494241714, 0.11312161386, 0.0187424644828, 0.00132888229564, 0.00126005732454, 0.021378589794, 0.115648016334, 0.128198936582, 0.041923083365, 0.00202166521922, 0.00201499299146, 0.012663917616], "max": [1, 1, 1, 1, 1, 1, 1, 1, 1, 1, 1, 1, 1, 1, 1, 1, 1, 1, 1, 1, 1, 1, 1, 1, 1, 1, 1, 1, 1, 1, 1, 1, 1, 1, 1, 1], "dmean": [0.10756278038, 0.129566073418, 0.125474601984, 0.139941319823, 0.127777606249, 0.0924502760172, 0.0616187565029, 0.0683525800705, 0.112136244774, 0.17662794888, 0.175473183393, 0.101603575051, 0.0436960346997, 0.0402171649039, 0.0428908504546, 0.0621344819665, 0.0811178013682, 0.086963199079, 0.107890762389, 0.108807422221, 0.0672817081213, 0.0299764014781, 0.0288974940777, 0.0987597480416, 0.187961399555, 0.139881312847, 0.0506165586412, 0.0160946585238, 0.0216431748122, 0.0599413961172, 0.13792270422, 0.147059440613, 0.0812996178865, 0.0546597763896, 0.0573172941804, 0.0714961066842], "dmean2": [0.186892420053, 0.226901054382, 0.221848204732, 0.244404762983, 0.217358738184, 0.162270665169, 0.115031339228, 0.129243195057, 0.203126117587, 0.295893073082, 0.289501011372, 0.177472382784, 0.0826723650098, 0.0759241878986, 0.0794033482671, 0.106172598898, 0.1392673105, 0.148707404733, 0.17694555223, 0.180632099509, 0.11519742012, 0.0547398924828, 0.0528174750507, 0.176133483648, 0.331780940294, 0.233336478472, 0.0855593979359, 0.0298006664962, 0.0403553321958, 0.101796880364, 0.222341194749, 0.240147069097, 0.140934079885, 0.098779425025, 0.103632047772, 0.129474595189], "mean": [0.139651745558, 0.176010608673, 0.131496757269, 0.171293377876, 0.186184927821, 0.096131362021, 0.0439338497818, 0.0441031903028, 0.106944277883, 0.357903182507, 0.391423076391, 0.13134662807, 0.0339068025351, 0.0342200882733, 0.0351240336895, 0.0716355592012, 0.0989814847708, 0.106296271086, 0.208707556129, 0.22398146987, 0.086677275598, 0.0239392928779, 0.0238523408771, 0.1207472682, 0.332598865032, 0.290379792452, 0.0733151361346, 0.0113586802036, 0.0149448988959, 0.0669701173902, 0.24186296761, 0.261913657188, 0.0961199849844, 0.061247613281, 0.070583589375, 0.0668329149485], "dvar2": [0.0959820598364, 0.127522617579, 0.121932841837, 0.141917958856, 0.118873208761, 0.0938201844692, 0.0743931680918, 0.0936146229506, 0.106323361397, 0.116286277771, 0.112836077809, 0.0697921290994, 0.0512931719422, 0.0529336482286, 0.0481835007668, 0.0483588278294, 0.070802859962, 0.0676276311278, 0.0681680887938, 0.0759938061237, 0.0424194671214, 0.0208318065852, 0.0192324370146, 0.0571043081582, 0.184710070491, 0.0783550292253, 0.024042069912, 0.00943597685546, 0.0159900542349, 0.0375942327082, 0.0774611532688, 0.0925765484571, 0.0545318052173, 0.060622330755, 0.0674873292446, 0.0676651522517], "min": [0, 0, 0, 0, 0, 0, 0, 0, 0, 0, 0, 0, 0, 0, 0, 0, 0, 0, 0, 0, 0, 0, 0, 0, 0, 0, 0, 0, 0, 0, 0, 0, 0, 0, 0, 0]}, "key_key": "F", "thpcp": [1, 0.335561782122, 0.0866244360805, 0.0874248072505, 0.0897341892123, 0.183013126254, 0.252875953913, 0.271563619375, 0.533201992512, 0.572223484516, 0.221441403031, 0.0611596368253, 0.0609374940395, 0.308482766151, 0.849717080593, 0.741856575012, 0.187304079533, 0.0290189329535, 0.0381809361279, 0.171093940735, 0.617906749249, 0.669131875038, 0.245565459132, 0.156474202871, 0.180325567722, 0.17074342072, 0.356779545546, 0.449668437243, 0.335945338011, 0.437616974115, 0.475661605597, 0.245594516397, 0.112241335213, 0.112673968077, 0.273219138384, 0.914364039898], "chords_key": "F", "tuning_equal_tempered_deviation": 0.183414101601, "tuning_frequency": 434.193115234, "tuning_diatonic_strength": 0.533076941967, "chords_histogram": [31.9978904724, 0.566684246063, 4.11175537109, 0, 0.0263574067503, 0, 0.171323135495, 0, 0.817079603672, 0, 0, 0, 0, 0.0263574067503, 0, 0.0527148135006, 1.35740637779, 5.73273611069, 7.61729049683, 25.5930423737, 11.9135475159, 0.909330546856, 7.64364767075, 1.46283602715], "key_strength": 0.667114794254, "key_scale": "major", "chords_strength": {"dvar": 0.00029607131728, "var": 0.0288787968457, "median": 0.561662733555, "max": 0.803233385086, "dmean": 0.00803176499903, "dmean2": 0.00710439030081, "mean": 0.546223759651, "dvar2": 0.00052256253548, "min": -1}, "chords_number_rate": 0.00118608330376, "tuning_nontempered_energy_ratio": 0.94056636095, "hpcp_entropy": {"dvar": 0.207031220198, "var": 0.430133074522, "median": 1.84375822544, "max": 3.58529210091, "dmean": 0.53591376543, "dmean2": 0.904303491116, "mean": 1.78737795353, "dvar2": 0.564863204956, "min": 0}, "chords_changes_rate": 0.0461254604161, "chords_scale": "major"}, "rhythm": {"bpm_histogram_first_peak_spread": {"dvar": 0, "var": 0, "median": 0.297800332308, "max": 0.297800332308, "dmean": 0, "dmean2": 0, "mean": 0.297800332308, "dvar2": 0, "min": 0.297800332308}, "bpm_histogram_first_peak_weight": {"dvar": 0, "var": 0, "median": 0.679214417934, "max": 0.679214417934, "dmean": 0, "dmean2": 0, "mean": 0.679214417934, "dvar2": 0, "min": 0.679214417934}, "bpm_histogram_first_peak_bpm": {"dvar": 0, "var": 0, "median": 103, "max": 103, "dmean": 0, "dmean2": 0, "mean": 103, "dvar2": 0, "min": 103}, "bpm": 104.017845154, "bpm_histogram_second_peak_weight": {"dvar": 0, "var": 0, "median": 0.00981996767223, "max": 0.00981996767223, "dmean": 0, "dmean2": 0, "mean": 0.00981996767223, "dvar2": 0, "min": 0.00981996767223}, "beats_loudness": {"dvar": 0.000806512660347, "var": 0.000906665518414, "median": 0.030971929431, "max": 0.150353983045, "dmean": 0.0312360711396, "dmean2": 0.0557598732412, "mean": 0.0406633280218, "dvar2": 0.00201430916786, "min": 0}, "beats_loudness_band_ratio": {"dvar": [0.0356182977557, 0.0166518203914, 0.0224423799664, 0.00954906456172, 3.55452975782e-05, 0.000107284737169], "var": [0.0604396387935, 0.0225937198848, 0.0419785007834, 0.0128084477037, 4.14343267039e-05, 0.000103649421362], "median": [0.400854349136, 0.176708102226, 0.250554084778, 0.0524539351463, 0.00547062046826, 0.00628216192126], "max": [0.949782431126, 0.887902975082, 0.96050453186, 0.788029015064, 0.0564347654581, 0.0819247066975], "dmean": [0.276165515184, 0.152451470494, 0.187505021691, 0.0714100748301, 0.00595543952659, 0.0123871276155], "dmean2": [0.480483114719, 0.265501588583, 0.314725846052, 0.122335702181, 0.0109596839175, 0.024209074676], "mean": [0.424335569143, 0.21221126616, 0.297673165798, 0.0936147123575, 0.00681890686974, 0.00985958240926], "dvar2": [0.104684047401, 0.0498702786863, 0.0624074786901, 0.0244413223118, 0.000104845435999, 0.000344203959685], "min": [0, 0, 0, 0, 0, 0]}, "bpm_histogram_second_peak_bpm": {"dvar": 0, "var": 0, "median": 108, "max": 108, "dmean": 0, "dmean2": 0, "mean": 108, "dvar2": 0, "min": 108}, "onset_rate": 4.92974042892, "beats_count": 612, "beats_position": [0.53405892849, 1.07972788811, 1.62539684772, 2.18267560005, 2.73995471001, 3.32045340538, 3.90095233917, 4.46984100342, 5.0387301445, 5.61922883987, 6.19972801208, 6.78022670746, 7.36072540283, 7.94122457504, 8.52172279358, 9.0906124115, 9.65950107574, 10.2399997711, 10.8204984665, 11.4009971619, 11.9814968109, 12.5619955063, 13.1308841705, 13.6997728348, 14.2802715302, 14.8607711792, 15.4412698746, 16.0101585388, 16.5790481567, 17.1595458984, 17.7400455475, 18.3205432892, 18.9010429382, 19.4815406799, 20.0504302979, 20.6193199158, 21.1998176575, 21.7803173065, 22.3608150482, 22.9413146973, 23.4985942841, 24.0790920258, 24.6595916748, 25.2400894165, 25.8205890656, 26.4010887146, 26.9815864563, 27.5620861053, 28.142583847, 28.711473465, 29.2803630829, 29.8608608246, 30.4413604736, 31.0218582153, 31.5907478333, 32.1596374512, 32.7401351929, 33.3206329346, 33.901134491, 34.4816322327, 35.0505218506, 35.6194114685, 36.1999092102, 36.7804069519, 37.3609046936, 37.94140625, 38.5102958679, 39.0791816711, 39.6596832275, 40.2401809692, 40.8206787109, 41.4011802673, 41.981678009, 42.550567627, 43.1194534302, 43.6999549866, 44.2804527283, 44.86095047, 45.4298400879, 45.9987297058, 46.5792274475, 47.1597251892, 47.7402267456, 48.3207244873, 48.901222229, 49.4817237854, 50.0506095886, 50.6194992065, 51.2000007629, 51.7804985046, 52.3609962463, 52.941493988, 53.5219955444, 54.1024932861, 54.6713829041, 55.240272522, 55.8207702637, 56.4012680054, 56.9701576233, 57.550655365, 58.1195449829, 58.7000427246, 59.280544281, 59.8610420227, 60.4415397644, 61.0220413208, 61.590927124, 62.1598167419, 62.7403144836, 63.32081604, 63.9013137817, 64.470199585, 65.0390930176, 65.6195907593, 66.200088501, 66.7805862427, 67.3610839844, 67.9415893555, 68.5220870972, 69.0909729004, 69.659866333, 70.2403640747, 70.8208618164, 71.4013595581, 71.9818572998, 72.5623550415, 73.1312484741, 73.7001342773, 74.280632019, 74.8611297607, 75.4416275024, 76.0221328735, 76.5910186768, 77.1715164185, 77.7404098511, 78.3209075928, 78.9014053345, 79.4819030762, 80.0507888794, 80.619682312, 81.2001800537, 81.7806777954, 82.3611755371, 82.9416732788, 83.5105667114, 84.0794525146, 84.6599502563, 85.2404556274, 85.8209533691, 86.4014511108, 86.9703369141, 87.5508346558, 88.1197280884, 88.7002258301, 89.2807235718, 89.8612213135, 90.4417190552, 91.0222167969, 91.5911102295, 92.1716079712, 92.7404937744, 93.3209991455, 93.8898849487, 94.458770752, 95.039276123, 95.6197738647, 96.2002716064, 96.7807693481, 97.3612670898, 97.9417648315, 98.5106582642, 99.0795440674, 99.6600418091, 100.240539551, 100.821044922, 101.389930725, 101.958816528, 102.53931427, 103.119819641, 103.700317383, 104.280815125, 104.861312866, 105.441810608, 106.02230835, 106.591201782, 107.160087585, 107.740585327, 108.321083069, 108.90158844, 109.482086182, 110.050971985, 110.619865417, 111.200363159, 111.780860901, 112.361358643, 112.941856384, 113.522354126, 114.102851868, 114.683357239, 115.252243042, 115.821128845, 116.401634216, 116.982131958, 117.551017761, 118.119903564, 118.700408936, 119.280906677, 119.861404419, 120.441902161, 121.022399902, 121.591293335, 122.160179138, 122.74067688, 123.321174622, 123.901672363, 124.482177734, 125.051063538, 125.619949341, 126.200454712, 126.780952454, 127.361450195, 127.941947937, 128.522445679, 129.091339111, 129.660217285, 130.240722656, 130.821228027, 131.40171814, 131.982223511, 132.562713623, 133.131607056, 133.700500488, 134.280990601, 134.861495972, 135.441986084, 136.010879517, 136.579772949, 137.160263062, 137.740768433, 138.309661865, 138.878540039, 139.45904541, 140.039550781, 140.620040894, 141.200546265, 141.781036377, 142.34992981, 142.930435181, 143.499313354, 144.079818726, 144.660308838, 145.240814209, 145.82131958, 146.401809692, 146.982315063, 147.551193237, 148.12008667, 148.700592041, 149.281082153, 149.861587524, 150.442077637, 151.022583008, 151.59147644, 152.160354614, 152.740859985, 153.321365356, 153.901855469, 154.48236084, 155.062850952, 155.643356323, 156.212234497, 156.78112793, 157.361633301, 157.942123413, 158.511016846, 159.091522217, 159.660400391, 160.240905762, 160.821395874, 161.401901245, 161.970794678, 162.539672852, 163.120178223, 163.700683594, 164.281173706, 164.861679077, 165.430557251, 166.011062622, 166.579956055, 167.160446167, 167.740951538, 168.32144165, 168.901947021, 169.482452393, 170.062942505, 170.631835938, 171.20072937, 171.781219482, 172.361724854, 172.942214966, 173.522720337, 174.103210449, 174.672103882, 175.240997314, 175.821487427, 176.401992798, 176.97088623, 177.539764404, 178.120269775, 178.700775146, 179.281265259, 179.86177063, 180.442260742, 181.022766113, 181.591659546, 182.16053772, 182.741043091, 183.321533203, 183.902038574, 184.470932007, 185.039810181, 185.620315552, 186.200805664, 186.781311035, 187.361816406, 187.942306519, 188.52281189, 189.091690063, 189.660583496, 190.241088867, 190.821578979, 191.402084351, 191.982574463, 192.563079834, 193.131973267, 193.70085144, 194.281356812, 194.861862183, 195.442352295, 196.011245728, 196.58013916, 197.160629272, 197.741134644, 198.321624756, 198.902130127, 199.482620239, 200.051513672, 200.620407104, 201.200897217, 201.781402588, 202.361907959, 202.942398071, 203.522903442, 204.091781616, 204.660675049, 205.24118042, 205.821670532, 206.402175903, 206.971069336, 207.53994751, 208.120452881, 208.700942993, 209.281448364, 209.861953735, 210.442443848, 211.022949219, 211.603439331, 212.172332764, 212.741226196, 213.321716309, 213.890609741, 214.459503174, 215.039993286, 215.620498657, 216.20098877, 216.781494141, 217.361984253, 217.942489624, 218.522994995, 219.091873169, 219.660766602, 220.241271973, 220.821762085, 221.402267456, 221.982757568, 222.551651001, 223.120544434, 223.701034546, 224.281539917, 224.862030029, 225.4425354, 226.011428833, 226.580307007, 227.160812378, 227.741317749, 228.321807861, 228.902313232, 229.471191406, 230.040084839, 230.62059021, 231.201080322, 231.781585693, 232.362075806, 232.930969238, 233.499862671, 234.080352783, 234.660858154, 235.241363525, 235.821853638, 236.402359009, 236.971237183, 237.551742554, 238.120635986, 238.701126099, 239.28163147, 239.862121582, 240.442626953, 241.011520386, 241.58039856, 242.160903931, 242.741394043, 243.321899414, 243.902404785, 244.471282959, 245.040176392, 245.620681763, 246.201171875, 246.781677246, 247.362167358, 247.942672729, 248.523162842, 249.103668213, 249.660949707, 250.241439819, 250.82194519, 251.402450562, 251.982940674, 252.563446045, 253.132324219, 253.701217651, 254.281723022, 254.862213135, 255.442718506, 256.023223877, 256.592102051, 257.172607422, 257.753112793, 258.321990967, 258.902496338, 259.483001709, 260.051879883, 260.620758057, 261.201263428, 261.781768799, 262.36227417, 262.942749023, 263.500030518, 264.080535889, 264.66104126, 265.241546631, 265.822021484, 266.390930176, 266.95980835, 267.540313721, 268.120819092, 268.701324463, 269.281799316, 269.862304688, 270.442810059, 271.02331543, 271.592193604, 272.161071777, 272.741577148, 273.32208252, 273.902587891, 274.471466064, 275.040344238, 275.620849609, 276.20135498, 276.781860352, 277.362365723, 277.942840576, 278.511749268, 279.080627441, 279.661132813, 280.241638184, 280.822113037, 281.391021729, 281.959899902, 282.540405273, 283.120910645, 283.701385498, 284.281890869, 284.86239624, 285.442901611, 286.011779785, 286.580688477, 287.16116333, 287.741668701, 288.322174072, 288.902679443, 289.483154297, 290.052062988, 290.620941162, 291.201446533, 291.781951904, 292.362457275, 292.942932129, 293.51184082, 294.092315674, 294.661224365, 295.241729736, 295.82220459, 296.402709961, 296.983215332, 297.552093506, 298.121002197, 298.701477051, 299.281982422, 299.862487793, 300.431365967, 301.011871338, 301.580780029, 302.161254883, 302.741760254, 303.322265625, 303.902770996, 304.47164917, 305.040527344, 305.621032715, 306.189941406, 306.782043457, 307.362548828, 307.943023682, 308.523529053, 309.092407227, 309.661315918, 310.241821289, 310.822296143, 311.402801514, 311.983306885, 312.563812256, 313.13269043, 313.701568604, 314.282073975, 314.862579346, 315.43145752, 316.011962891, 316.580841064, 317.161346436, 317.741851807, 318.322357178, 318.902862549, 319.483337402, 320.052246094, 320.621124268, 321.201629639, 321.78213501, 322.362609863, 322.943115234, 323.512023926, 324.092498779, 324.661407471, 325.241912842, 325.822387695, 326.402893066, 326.983398438, 327.563903809, 328.121185303, 328.701660156, 329.282165527, 329.851074219, 330.419952393, 331.000457764, 331.580932617, 332.161437988, 332.741943359, 333.32244873, 333.902954102, 334.471832275, 335.040710449, 335.62121582, 336.201721191, 336.782226563, 337.362701416, 337.931610107, 338.500488281, 339.080993652, 339.661499023, 340.242004395, 340.822479248, 341.402984619, 341.971862793, 342.540771484, 343.121276855, 343.701751709, 344.28225708, 344.862762451, 345.443267822, 346.023742676, 346.453338623, 346.882904053, 347.312469482, 347.753631592, 348.194824219, 348.659210205, 349.158447266, 349.657684326, 350.156921387, 350.65612793, 351.15536499, 351.654602051], "danceability": 1.03920924664, "bpm_histogram_second_peak_spread": {"dvar": 0, "var": 0, "median": 0.249999985099, "max": 0.249999985099, "dmean": 0, "dmean2": 0, "mean": 0.249999985099, "dvar2": 0, "min": 0.249999985099}}, "lowlevel": {"spectral_flux": {"dvar": 0.000964924343862, "var": 0.00185881846119, "median": 0.0652150884271, "max": 0.348868966103, "dmean": 0.0247511137277, "dmean2": 0.0401550792158, "mean": 0.0728518441319, "dvar2": 0.00245445640758, "min": 6.36476843452e-11}, "spectral_rolloff": {"dvar": 47090.8710938, "var": 3802418.75, "median": 602.9296875, "max": 20801.0742188, "dmean": 112.648147583, "dmean2": 196.161575317, "mean": 866.737976074, "dvar2": 93926.3046875, "min": 64.599609375}, "barkbands_flatness_db": {"dvar": 0.000637198681943, "var": 0.0021066297777, "median": 0.185186371207, "max": 0.37423735857, "dmean": 0.0259833652526, "dmean2": 0.0395309366286, "mean": 0.1866453439, "dvar2": 0.0014916153159, "min": 0.0138552002609}, "spectral_centroid": {"dvar": 22997.6484375, "var": 1236628.75, "median": 561.908752441, "max": 11780.2041016, "dmean": 89.4543762207, "dmean2": 148.499679565, "mean": 717.994567871, "dvar2": 56913.8242188, "min": 216.021057129}, "melbands_skewness": {"dvar": 0.390742361546, "var": 1.31177771091, "median": 1.16644179821, "max": 9.43709754944, "dmean": 0.582374453545, "dmean2": 0.888952314854, "mean": 1.32878601551, "dvar2": 0.876373827457, "min": -2.36005806923}, "melbands": {"dvar": [9.31969407247e-06, 3.5080345242e-06, 6.17391862079e-08, 8.54565698205e-08, 1.04120140065e-07, 2.61749363517e-07, 2.27531018027e-06, 1.08479196115e-06, 3.50011077899e-07, 1.30818065713e-07, 9.74105489604e-08, 2.66073758581e-08, 1.01804928931e-08, 1.09784437541e-07, 1.55839828153e-07, 3.81316622722e-09, 4.20208895457e-10, 5.649945789e-11, 6.72550973246e-11, 5.0650102168e-11, 8.92601704355e-12, 9.07686859702e-12, 5.66741575544e-12, 7.07790987278e-12, 3.50613179982e-12, 2.71513779342e-12, 4.60730412155e-12, 2.17636976149e-12, 1.49870491451e-12, 1.94508233305e-12, 2.07423292951e-12, 2.70537108341e-12, 3.02916437593e-12, 4.44989661438e-12, 1.18838749605e-12, 4.94484011029e-13, 1.4359600477e-13, 1.56122348122e-13, 6.20313479402e-13, 2.67932326851e-14], "var": [1.57713093358e-05, 3.62916875929e-06, 1.62793369896e-07, 1.99171410031e-07, 5.1511261745e-07, 1.09870154574e-06, 6.70353301757e-06, 3.16445812132e-06, 8.76002957284e-07, 3.76069408503e-07, 2.30462219974e-07, 6.37814991933e-08, 2.54355594365e-08, 3.18131043286e-07, 3.78907998311e-07, 8.40891090093e-09, 9.18012166284e-10, 1.04521044597e-10, 1.11103237721e-10, 6.12811676404e-11, 1.03601034002e-11, 1.53746355924e-11, 5.86041588521e-12, 5.79122904146e-12, 4.11424236693e-12, 2.52881981848e-12, 5.28586029114e-12, 5.95993740471e-12, 1.1741298038e-12, 1.2719041315e-12, 1.33880059816e-12, 1.72603587239e-12, 1.84693818399e-12, 3.2854257509e-12, 1.9036783868e-12, 6.14016107923e-13, 2.02525550583e-13, 1.59910984194e-13, 4.49246081958e-13, 4.32155565944e-14], "median": [0.000823168549687, 0.000736476154998, 0.000353388575604, 0.000319081591442, 0.000324308581185, 0.000433238747064, 0.000454637804069, 0.000276181090157, 9.90332191577e-05, 7.1502305218e-05, 7.92328210082e-05, 3.36961820722e-05, 2.66409188043e-05, 3.06440742861e-05, 2.22308208322e-05, 8.25636834634e-06, 4.75391152577e-06, 1.84848124718e-06, 1.41795601394e-06, 1.08634458229e-06, 8.34974798636e-07, 7.5277966971e-07, 6.26939652193e-07, 5.4881354572e-07, 5.51735695353e-07, 3.69854092241e-07, 3.814483307e-07, 2.83323714712e-07, 1.6144737458e-07, 1.38287248319e-07, 1.18189014131e-07, 1.04859786632e-07, 1.24352553144e-07, 1.44790064383e-07, 1.83790604069e-07, 1.66770050214e-07, 1.43630444427e-07, 1.04830611747e-07, 1.05261072747e-07, 6.77163640717e-08], "max": [0.0411001220345, 0.0295380000025, 0.00366361183114, 0.00791477877647, 0.00937097519636, 0.0311667174101, 0.0431118905544, 0.0290920846164, 0.0189799442887, 0.0118950363249, 0.0101662352681, 0.00531499739736, 0.0037879741285, 0.0147710591555, 0.01243723277, 0.00146310043056, 0.00072546955198, 0.000261668639723, 0.000265859707724, 0.000133787456434, 6.06282847002e-05, 9.5945513749e-05, 5.42405869055e-05, 7.26979487808e-05, 3.8038349885e-05, 2.89140389214e-05, 4.03476042266e-05, 7.09411760909e-05, 3.2199499401e-05, 4.43653225375e-05, 5.60019616387e-05, 0.000103487698652, 7.5016709161e-05, 0.000100597346318, 5.33293059561e-05, 2.96633406833e-05, 8.75292153069e-06, 1.94686817849e-05, 2.76017999568e-05, 5.95043729845e-06], "dmean": [0.0013598841615, 0.000777600565925, 0.00017166158068, 0.000200029462576, 0.000215836655116, 0.000286427239189, 0.000602671760134, 0.00040153079317, 0.000206029071705, 0.000141841548611, 0.00012177546887, 6.53591268929e-05, 4.21895310865e-05, 7.8777957242e-05, 0.000107207255496, 2.34504404943e-05, 9.36329979595e-06, 3.29877548211e-06, 3.2187922443e-06, 3.16168848258e-06, 1.42933538427e-06, 1.357262704e-06, 1.11943563752e-06, 1.02100864297e-06, 9.5136596201e-07, 7.54713710194e-07, 8.54610902934e-07, 5.64156891869e-07, 4.03920353165e-07, 4.18014423076e-07, 3.75564354727e-07, 2.82265688156e-07, 3.48220709157e-07, 3.34424953508e-07, 3.34063855689e-07, 2.526125229e-07, 1.94680453092e-07, 1.87241624872e-07, 2.96693855262e-07, 8.62142712776e-08], "dmean2": [0.00205746316351, 0.00124533870257, 0.000290731608402, 0.000326395325828, 0.00032190719503, 0.000394729053369, 0.000961341313086, 0.000611358846072, 0.000314777280437, 0.000205148564419, 0.000183699594345, 0.000103912083432, 6.59834477119e-05, 0.000126861647004, 0.000171529303771, 3.79539633286e-05, 1.55298639584e-05, 5.44169870409e-06, 5.35073013452e-06, 5.37636969966e-06, 2.43855538429e-06, 2.32232127928e-06, 1.94615699911e-06, 1.75794025381e-06, 1.66032464222e-06, 1.31908905132e-06, 1.49887841872e-06, 9.67138021224e-07, 7.14694465387e-07, 7.4264369232e-07, 6.67312747282e-07, 4.88042360303e-07, 6.1339937929e-07, 5.63769162909e-07, 5.57370071874e-07, 4.13975357105e-07, 3.18700614343e-07, 3.0938062423e-07, 5.191047876e-07, 1.26094874986e-07], "mean": [0.00221189600416, 0.00123471720144, 0.000459032511571, 0.000444086850621, 0.000554862199351, 0.000755814544391, 0.00122051150538, 0.000799171451945, 0.000376651034458, 0.000264670234174, 0.000217517401325, 0.000118293450214, 7.23991906852e-05, 0.000143521960126, 0.000175300228875, 3.67564061889e-05, 1.47973441926e-05, 5.16531736139e-06, 4.34016374129e-06, 3.67736629414e-06, 1.92960669665e-06, 2.0370148377e-06, 1.50858579673e-06, 1.30993817038e-06, 1.26883935536e-06, 9.00645318325e-07, 1.03901049897e-06, 8.14069437638e-07, 4.34852495346e-07, 3.92365365087e-07, 3.56377910293e-07, 2.91771442562e-07, 3.39830933171e-07, 3.8752961018e-07, 4.4195454052e-07, 3.71330230564e-07, 2.83836584458e-07, 2.32768869068e-07, 2.89856075142e-07, 1.29526782189e-07], "dvar2": [1.98875022761e-05, 8.60072213982e-06, 1.72359136741e-07, 2.28944998071e-07, 2.4119898967e-07, 5.1803704082e-07, 6.31181546851e-06, 2.67984728453e-06, 8.64423952862e-07, 2.64916621973e-07, 2.50544957225e-07, 6.71166588972e-08, 2.42078836976e-08, 2.70248250445e-07, 3.63880047871e-07, 9.8669037385e-09, 1.11044529127e-09, 1.55459367601e-10, 1.69522673676e-10, 1.34931843476e-10, 2.42068032286e-11, 2.49512892986e-11, 1.56891999392e-11, 1.97270238339e-11, 9.48712809701e-12, 7.4235279382e-12, 1.26174808449e-11, 5.77570326635e-12, 4.15976367935e-12, 5.48316253512e-12, 5.92764162408e-12, 7.65230760702e-12, 8.58299629286e-12, 1.19936525989e-11, 3.06630502239e-12, 1.30517081517e-12, 3.8301639963e-13, 4.0440404931e-13, 1.71450668333e-12, 5.71735448698e-14], "min": [1.03948812848e-24, 9.71688984944e-25, 7.29870330463e-25, 2.29985277448e-24, 1.25466344962e-24, 1.7096854209e-24, 1.74595842861e-24, 1.05172947479e-24, 6.79642028209e-25, 1.39889946779e-24, 2.05510749534e-24, 1.60213301255e-24, 2.08052597421e-24, 2.34434531839e-24, 6.96233991718e-25, 1.97878894985e-24, 3.02293076603e-24, 2.45849704125e-24, 3.4620434836e-24, 3.63358365402e-24, 2.62163978734e-24, 2.921369066e-24, 3.04371350379e-24, 2.30516890812e-24, 3.55478986023e-24, 3.0420687288e-24, 4.07371755204e-24, 4.37822653892e-24, 4.01340755811e-24, 3.58565917074e-24, 3.01522458106e-24, 5.2547413292e-24, 4.57445135036e-24, 5.31616835016e-24, 5.78153948626e-24, 5.52039063346e-24, 5.27746446757e-24, 4.16553583381e-24, 5.16014822919e-24, 5.68951570622e-24]}, "spectral_decrease": {"dvar": 1.4688378486e-17, "var": 4.00427877497e-17, "median": -6.20277207375e-09, "max": 1.34316476342e-19, "dmean": 2.54705190272e-09, "dmean2": 3.93781629526e-09, "mean": -7.83415732286e-09, "dvar2": 3.49839132508e-17, "min": -6.38571577838e-08}, "barkbands_kurtosis": {"dvar": 42.5796089172, "var": 83.8144683838, "median": 3.68329882622, "max": 192.464920044, "dmean": 3.32699465752, "dmean2": 5.23977088928, "mean": 5.90457344055, "dvar2": 107.431816101, "min": -1.86783993244}, "silence_rate_30dB": {"dvar": 0.0149269830436, "var": 0.0158212389797, "median": 1, "max": 1, "dmean": 0.0151575058699, "dmean2": 0.030317010358, "mean": 0.983920931816, "dvar2": 0.0382263362408, "min": 0}, "gfcc": {"mean": [-50.6563911438, 126.922958374, -80.6472396851, 2.50827479362, -69.3000488281, 19.3921451569, -33.0471000671, 12.6110563278, -21.5656681061, 7.93321084976, -2.08126831055, 5.8635134697, -13.1601171494], "cov": [[21146.7109375, 1266.29418945, -1475.86950684, -67.8722000122, -955.171142578, 271.873626709, -428.558319092, 256.424133301, -410.636962891, 177.104766846, -51.6266517639, 159.22416687, -260.056030273], [1266.29418945, 738.731323242, -226.115707397, -68.9728012085, -63.1672935486, -17.6133766174, -18.1973686218, -13.5861787796, 31.722984314, -57.7760314941, 99.4096908569, -58.329082489, 48.3502120972], [-1475.86950684, -226.115707397, 496.874969482, 86.5447998047, 57.1434745789, 14.839925766, 9.65447711945, 6.45949172974, 31.9292182922, 23.9520702362, -42.6341094971, 43.8814620972, -9.42171287537], [-67.8722000122, -68.9728012085, 86.5447998047, 223.070266724, 63.3009719849, 0.130760639906, -7.67508268356, 6.1105298996, 14.2694787979, 11.3865032196, -41.5700912476, 6.36842727661, 20.0435962677], [-955.171142578, -63.1672935486, 57.1434745789, 63.3009719849, 215.167053223, 1.41005289555, 26.7942752838, -8.04713821411, 17.7193717957, 4.83754634857, -21.5955734253, 0.830247402191, 35.9294395447], [271.873626709, -17.6133766174, 14.839925766, 0.130760639906, 1.41005289555, 125.315170288, 40.7796592712, 3.57181048393, -44.6699371338, 2.33793187141, 22.3048744202, 7.14954328537, -13.4561481476], [-428.558319092, -18.1973686218, 9.65447711945, -7.67508268356, 26.7942752838, 40.7796592712, 116.756736755, 21.4026279449, -7.28945446014, -11.1531324387, 35.0157661438, -10.9427165985, 7.68752861023], [256.424133301, -13.5861787796, 6.45949172974, 6.1105298996, -8.04713821411, 3.57181048393, 21.4026279449, 78.5100860596, 36.4703979492, 16.7572860718, -8.3767786026, 1.18213868141, -3.53333830833], [-410.636962891, 31.722984314, 31.9292182922, 14.2694787979, 17.7193717957, -44.6699371338, -7.28945446014, 36.4703979492, 145.353439331, 29.2380523682, -1.84035146236, -15.6603345871, 11.7652988434], [177.104766846, -57.7760314941, 23.9520702362, 11.3865032196, 4.83754634857, 2.33793187141, -11.1531324387, 16.7572860718, 29.2380523682, 75.9698562622, 4.96873521805, 9.65339183807, -12.1852254868], [-51.6266517639, 99.4096908569, -42.6341094971, -41.5700912476, -21.5955734253, 22.3048744202, 35.0157661438, -8.3767786026, -1.84035146236, 4.96873521805, 125.426612854, 3.25094151497, 10.752076149], [159.22416687, -58.329082489, 43.8814620972, 6.36842727661, 0.830247402191, 7.14954328537, -10.9427165985, 1.18213868141, -15.6603345871, 9.65339183807, 3.25094151497, 71.9973068237, 13.7786569595], [-260.056030273, 48.3502120972, -9.42171287537, 20.0435962677, 35.9294395447, -13.4561481476, 7.68752861023, -3.53333830833, 11.7652988434, -12.1852254868, 10.752076149, 13.7786569595, 76.5675201416]], "icov": [[0.000173597392859, -0.000376784679247, 0.000458662776509, -0.00028686245787, 0.0004814559652, -0.000380226410925, 0.000421189412009, -0.000732501735911, 0.000549468968529, -0.000658178585581, 0.000427558436058, -0.000737293157727, 0.000473698892165], [-0.000376784679247, 0.0030290177092, -0.000418615993112, 0.000743265089113, -0.000680056808051, 0.00042783387471, 0.000385150371585, 0.00131886638701, -0.0019182220567, 0.00311114359647, -0.00269071757793, 0.00323219201528, -0.00243597268127], [0.000458662776509, -0.000418615993112, 0.0039064725861, -0.00147713709157, 0.00103874865454, -0.00145104166586, 0.000657779397443, -0.00127211131621, 0.000222086644499, -0.00145644822624, 0.0015101757599, -0.00355512276292, 0.0019841264002], [-0.00028686245787, 0.000743265089113, -0.00147713709157, 0.00603420753032, -0.00186747312546, 0.000114272617793, -5.11204270879e-05, 0.000776941131335, -0.000848737196065, 0.000386778527172, 0.000654062372632, 0.0018037064001, -0.0024921160657], [0.0004814559652, -0.000680056808051, 0.00103874865454, -0.00186747312546, 0.00749269127846, -0.00133256125264, -0.000776169472374, -0.000112642534077, 0.000684458587784, -0.00271684280597, 0.00250190868974, -0.00144258455839, -0.00162534276024], [-0.000380226410925, 0.00042783387471, -0.00145104166586, 0.000114272617793, -0.00133256125264, 0.011828600429, -0.00437999283895, 0.000613285403233, 0.00254576210864, -0.000147510974784, -0.00209386902861, 0.00067273521563, 0.00116042711306], [0.000421189412009, 0.000385150371585, 0.000657779397443, -5.11204270879e-05, -0.000776169472374, -0.00437999283895, 0.0149496337399, -0.00724845658988, 0.00212714448571, 0.00210373359732, -0.00398061098531, 0.00233511836268, -0.000812638085335], [-0.000732501735911, 0.00131886638701, -0.00127211131621, 0.000776941131335, -0.000112642534077, 0.000613285403233, -0.00724845658988, 0.0209403578192, -0.00737581821159, -0.000198534835363, 0.00175017677248, 0.000433762324974, -0.00104797142558], [0.000549468968529, -0.0019182220567, 0.000222086644499, -0.000848737196065, 0.000684458587784, 0.00254576210864, 0.00212714448571, -0.00737581821159, 0.0128955934197, -0.0060396543704, 0.000547646835912, 0.00100174208637, -0.000300552055705], [-0.000658178585581, 0.00311114359647, -0.00145644822624, 0.000386778527172, -0.00271684280597, -0.000147510974784, 0.00210373359732, -0.000198534835363, -0.0060396543704, 0.0207307599485, -0.00519600557163, 0.0010893966537, 0.00130888412241], [0.000427558436058, -0.00269071757793, 0.0015101757599, 0.000654062372632, 0.00250190868974, -0.00209386902861, -0.00398061098531, 0.00175017677248, 0.000547646835912, -0.00519600557163, 0.0133609930053, -0.0043655494228, 0.000102619349491], [-0.000737293157727, 0.00323219201528, -0.00355512276292, 0.0018037064001, -0.00144258455839, 0.00067273521563, 0.00233511836268, 0.000433762324974, 0.00100174208637, 0.0010893966537, -0.0043655494228, 0.0222918204963, -0.00825312919915], [0.000473698892165, -0.00243597268127, 0.0019841264002, -0.0024921160657, -0.00162534276024, 0.00116042711306, -0.000812638085335, -0.00104797142558, -0.000300552055705, 0.00130888412241, 0.000102619349491, -0.00825312919915, 0.019829146564]]}, "silence_rate_20dB": {"dvar": 0, "var": 0, "median": 1, "max": 1, "dmean": 0, "dmean2": 0, "mean": 1, "dvar2": 0, "min": 1}, "barkbands_skewness": {"dvar": 0.312086671591, "var": 1.2810510397, "median": 1.0953567028, "max": 11.0206012726, "dmean": 0.54823321104, "dmean2": 0.820717632771, "mean": 1.1911636591, "dvar2": 0.689640283585, "min": -3.46085214615}, "erbbands_skewness": {"dvar": 0.237421259284, "var": 1.33492803574, "median": 1.19181549549, "max": 8.81301307678, "dmean": 0.520458698273, "dmean2": 0.811812579632, "mean": 1.2919536829, "dvar2": 0.601283192635, "min": -4.60906505585}, "spectral_contrast_valleys": {"dvar": [0.106465786695, 0.0844973400235, 0.0714650675654, 0.167595729232, 0.169564306736, 0.141671299934], "var": [5.3041768074, 5.66124582291, 5.09839582443, 4.67616939545, 4.62019205093, 3.8389673233], "median": [-6.81655788422, -6.3643155098, -7.41735744476, -8.56273651123, -8.70192050934, -10.5580759048], "max": [-5.15119314194, -4.67673063278, -5.13430976868, -5.98219251633, -6.36065149307, -8.74643135071], "dmean": [0.329915672541, 0.3271728158, 0.298871725798, 0.395773857832, 0.362604051828, 0.37888649106], "dmean2": [0.542210280895, 0.536276042461, 0.491006523371, 0.625557780266, 0.556638419628, 0.50244140625], "mean": [-7.14343214035, -6.70621824265, -7.73609304428, -8.80813121796, -8.96116638184, -10.8127508163], "dvar2": [0.251165539026, 0.203686207533, 0.172038376331, 0.386573433876, 0.379220336676, 0.279630571604], "min": [-28.6525993347, -28.2613945007, -27.8758659363, -27.7343120575, -27.5456047058, -27.4442710876]}, "spectral_strongpeak": {"dvar": 0.810114741325, "var": 2.41815829277, "median": 0.709999740124, "max": 17.5301876068, "dmean": 0.627701401711, "dmean2": 1.03800809383, "mean": 1.26879787445, "dvar2": 1.890802145, "min": 0}, "erbbands_crest": {"dvar": 8.20708084106, "var": 30.9322891235, "median": 11.7030601501, "max": 33.6459159851, "dmean": 3.17308187485, "dmean2": 5.03180837631, "mean": 12.854382515, "dvar2": 20.5442657471, "min": 2.50355195999}, "barkbands_crest": {"dvar": 6.11992645264, "var": 20.5732688904, "median": 9.37002468109, "max": 26.1000232697, "dmean": 2.54375767708, "dmean2": 4.00333738327, "mean": 10.6194486618, "dvar2": 14.2640018463, "min": 2.31248450279}, "spectral_energyband_middle_low": {"dvar": 8.72587261256e-05, "var": 0.000308704096824, "median": 0.0131671465933, "max": 0.247763216496, "dmean": 0.00566353322938, "dmean2": 0.00877265911549, "mean": 0.0176877174526, "dvar2": 0.000235849249293, "min": 1.62584851033e-22}, "spectral_contrast_coeffs": {"dvar": [0.00114169134758, 0.00151409395039, 0.00104948226362, 0.00087569153402, 0.000280763430055, 0.000297479389701], "var": [0.0045268367976, 0.00738760596141, 0.00520540028811, 0.00507148727775, 0.00142777420115, 0.00092342752032], "median": [-0.699818253517, -0.677553296089, -0.723686039448, -0.760591030121, -0.819439530373, -0.827912569046], "max": [-0.422218233347, -0.366282045841, -0.42339655757, -0.447268307209, -0.629177689552, -0.634122371674], "dmean": [0.0400007329881, 0.0470437854528, 0.0396864004433, 0.0352532081306, 0.0205595623702, 0.0171881970018], "dmean2": [0.0661182329059, 0.0759296342731, 0.064089551568, 0.0570445731282, 0.0340500622988, 0.0281320456415], "mean": [-0.699689924717, -0.674969792366, -0.721065342426, -0.753572821617, -0.818141281605, -0.825948357582], "dvar2": [0.00317124137655, 0.00390257779509, 0.00269594113342, 0.00220648758113, 0.000729827501345, 0.000753238564357], "min": [-0.978560507298, -0.977778255939, -0.982146143913, -0.982877671719, -0.990380942822, -0.964901804924]}, "hfc": {"dvar": 45.2850151062, "var": 177.482971191, "median": 10.1516695023, "max": 203.42767334, "dmean": 4.29430818558, "dmean2": 6.72731113434, "mean": 13.7705192566, "dvar2": 114.12638855, "min": 1.06229604758e-16}, "spectral_energyband_high": {"dvar": 3.84543383802e-08, "var": 3.92350010259e-08, "median": 6.13617739873e-05, "max": 0.00534869451076, "dmean": 8.66854898049e-05, "dmean2": 0.000140226969961, "mean": 0.000120360178698, "dvar2": 1.01706874034e-07, "min": 6.90394342923e-21}, "erbbands_spread": {"dvar": 49.5235939026, "var": 105.431808472, "median": 14.8532247543, "max": 92.2435302734, "dmean": 5.62560462952, "dmean2": 8.83065128326, "mean": 17.1962985992, "dvar2": 119.967025757, "min": 0.731935739517}, "dissonance": {"dvar": 0.00123622477986, "var": 0.00251993071288, "median": 0.422185868025, "max": 0.500000059605, "dmean": 0.0396952107549, "dmean2": 0.0664642453194, "mean": 0.415168076754, "dvar2": 0.00340294698253, "min": 0.170829325914}, "spectral_kurtosis": {"dvar": 12.3971185684, "var": 27.4237976074, "median": 9.07542991638, "max": 46.4010162354, "dmean": 3.35540127754, "dmean2": 5.2009062767, "mean": 9.83246994019, "dvar2": 28.6995582581, "min": -1.28638458252}, "spectral_skewness": {"dvar": 0.157233968377, "var": 0.439301103354, "median": 2.65825533867, "max": 5.42317247391, "dmean": 0.397291481495, "dmean2": 0.609109163284, "mean": 2.64495635033, "dvar2": 0.367019325495, "min": -0.085949189961}, "pitch_salience": {"dvar": 0.00376529619098, "var": 0.0132440989837, "median": 0.550065398216, "max": 0.992941558361, "dmean": 0.0665679126978, "dmean2": 0.107033491135, "mean": 0.540462851524, "dvar2": 0.00933767668903, "min": 0.111467055976}, "spectral_complexity": {"dvar": 3.23885512352, "var": 15.7358188629, "median": 12, "max": 30, "dmean": 1.78397262096, "dmean2": 2.98767542839, "mean": 11.7344312668, "dvar2": 8.40952396393, "min": 0}, "spectral_spread": {"dvar": 584663433216, "var": 16195405217800.0, "median": 4028654, "max": 42648544, "dmean": 752380, "dmean2": 1036854.25, "mean": 4602299, "dvar2": 1107225214980.0, "min": 1491489}, "dynamic_complexity": 3.51198506355, "melbands_crest": {"dvar": 7.94307804108, "var": 29.9577693939, "median": 11.6998071671, "max": 34.0992736816, "dmean": 2.96468043327, "dmean2": 4.66069507599, "mean": 13.1326684952, "dvar2": 18.747926712, "min": 1.53904116154}, "zerocrossingrate": {"dvar": 3.58139950549e-05, "var": 0.00265464372933, "median": 0.02978515625, "max": 0.52978515625, "dmean": 0.00513538392261, "dmean2": 0.00651000905782, "mean": 0.0366384387016, "dvar2": 6.05431414442e-05, "min": 0.001953125}, "spectral_energyband_low": {"dvar": 0.000134073357913, "var": 0.000202994720894, "median": 0.00520071480423, "max": 0.171180412173, "dmean": 0.00522372219712, "dmean2": 0.00808789022267, "mean": 0.00963600724936, "dvar2": 0.000301410385873, "min": 1.71922026433e-23}, "melbands_kurtosis": {"dvar": 60.9316482544, "var": 110.888114929, "median": 3.84588551521, "max": 231.380767822, "dmean": 4.24144411087, "dmean2": 6.65351486206, "mean": 6.74074411392, "dvar2": 143.534317017, "min": -1.89018797874}, "spectral_energyband_middle_high": {"dvar": 1.73138723767e-05, "var": 5.68109971937e-05, "median": 0.00165694695897, "max": 0.16942165792, "dmean": 0.00167094159406, "dmean2": 0.00266837095842, "mean": 0.00396330701187, "dvar2": 4.20444557676e-05, "min": 1.05813909271e-21}, "barkbands_spread": {"dvar": 8.3632478714, "var": 21.9089069366, "median": 9.18241119385, "max": 81.6137237549, "dmean": 2.52579760551, "dmean2": 4.07487726212, "mean": 9.89767169952, "dvar2": 21.4705104828, "min": 0.579357743263}, "mfcc": {"mean": [-699.159362793, 164.842498779, 34.5661201477, -0.657945930958, -4.85419368744, -1.59983086586, 3.24313020706, 4.67966985703, -9.25153923035, 2.73502969742, 2.55098009109, 8.533162117, 6.16212129593], "cov": [[7296.70996094, 1138.1679687