{"tonal": {"hpcp": {"dvar": [0.0417463295162, 0.0405110120773, 0.0388683006167, 0.0387045666575, 0.0395952835679, 0.0373494997621, 0.0363165140152, 0.0436482913792, 0.0597101785243, 0.0762293934822, 0.0813406929374, 0.079224973917, 0.0895787551999, 0.0998113825917, 0.0788346529007, 0.0703671500087, 0.0643638595939, 0.0420023314655, 0.0176629479975, 0.0102250864729, 0.0165345761925, 0.0215189624578, 0.0251924935728, 0.0376732759178, 0.0459554195404, 0.0357512682676, 0.0356952473521, 0.0359269268811, 0.0385445468128, 0.0429739914834, 0.0510549992323, 0.0473821461201, 0.0481901429594, 0.0557808354497, 0.0473912991583, 0.0473498478532], "var": [0.0393108204007, 0.0332819260657, 0.0273387301713, 0.0240699127316, 0.0255681350827, 0.025558764115, 0.0275894254446, 0.0328897759318, 0.0469375662506, 0.0678719654679, 0.0753602609038, 0.0776720717549, 0.0927997007966, 0.0975242853165, 0.133208990097, 0.16790728271, 0.0755368992686, 0.0306333806366, 0.0112541979179, 0.00727858254686, 0.0138519592583, 0.0220446083695, 0.0277638696134, 0.0368793196976, 0.0392902158201, 0.0284252613783, 0.0259372126311, 0.0256933812052, 0.0267373938113, 0.0311664044857, 0.0409495942295, 0.04039824754, 0.0462774336338, 0.0676168054342, 0.0441227070987, 0.0399618595839], "median": [0.0130479335785, 0.0106282364577, 0.00549427745864, 0.00349208572879, 0.00402827234939, 0.00544599676505, 0.00788669660687, 0.00959366559982, 0.00900151208043, 0.00730661582202, 0.00672373175621, 0.00861949473619, 0.0178105160594, 0.0503130480647, 0.113920941949, 0.0722754374146, 0.0324059873819, 0.00625515915453, 0.00290328054689, 0.00328802037984, 0.00438557192683, 0.00482725631446, 0.00558751635253, 0.00923107564449, 0.0113045368344, 0.00990670081228, 0.00671546859667, 0.00628348998725, 0.00551177747548, 0.00365719106048, 0.00505005242303, 0.00865725707263, 0.0140965431929, 0.0171557329595, 0.0183261223137, 0.0126400720328], "max": [1, 1, 1, 1, 1, 1, 1, 1, 1, 1, 1, 1, 1, 1, 1, 1, 1, 1, 1, 1, 1, 1, 1, 1, 1, 1, 1, 1, 1, 1, 1, 1, 1, 1, 1, 1], "dmean": [0.107271552086, 0.0995570346713, 0.0885743200779, 0.0837664008141, 0.0835892483592, 0.0829545855522, 0.0871476456523, 0.105597965419, 0.137560486794, 0.171290919185, 0.182610422373, 0.185144677758, 0.218710720539, 0.269304662943, 0.240426197648, 0.176837220788, 0.177109837532, 0.094316996634, 0.0468827299774, 0.0362138226628, 0.0501123405993, 0.0617274232209, 0.0703515261412, 0.0989618673921, 0.111749105155, 0.0916191712022, 0.0855375602841, 0.0848783329129, 0.0892184376717, 0.0995248779655, 0.112887322903, 0.113369733095, 0.130272164941, 0.144428417087, 0.132199123502, 0.117980614305], "dmean2": [0.196049824357, 0.183688238263, 0.165645077825, 0.159211084247, 0.157144859433, 0.153989627957, 0.160350859165, 0.195237413049, 0.255808472633, 0.316963553429, 0.338957250118, 0.34081029892, 0.400094389915, 0.497818499804, 0.433273285627, 0.314815074205, 0.317749768496, 0.176071062684, 0.0878582671285, 0.0664631277323, 0.0908224433661, 0.108865767717, 0.124668858945, 0.178220644593, 0.200909122825, 0.165271759033, 0.156951531768, 0.157038316131, 0.164819628, 0.184395283461, 0.205031022429, 0.203950285912, 0.234939277172, 0.258017450571, 0.236904993653, 0.217656180263], "mean": [0.0893248543143, 0.0771741718054, 0.0609833076596, 0.052127443254, 0.0532292984426, 0.05625904724, 0.0648179352283, 0.0776410773396, 0.100368827581, 0.129274889827, 0.140359997749, 0.15115275979, 0.183238506317, 0.218040779233, 0.319496333599, 0.342515349388, 0.185853600502, 0.0660730823874, 0.0309912599623, 0.0266495551914, 0.039418399334, 0.0536231100559, 0.0640191882849, 0.0843157246709, 0.0902371332049, 0.0706576257944, 0.0605306513608, 0.0614205896854, 0.0617007128894, 0.0680800303817, 0.0836251080036, 0.0898515209556, 0.114736422896, 0.141537129879, 0.113983199, 0.0905234217644], "dvar2": [0.114224947989, 0.113578408957, 0.110018506646, 0.110872663558, 0.111341655254, 0.105242878199, 0.102818273008, 0.124734610319, 0.1713642627, 0.209574431181, 0.222398474813, 0.213524162769, 0.23586730659, 0.28195130825, 0.213743716478, 0.179908618331, 0.178037256002, 0.116452820599, 0.0506048388779, 0.0293872356415, 0.0461120642722, 0.0570465400815, 0.0664077699184, 0.103254765272, 0.131907239556, 0.100980482996, 0.102046363056, 0.101382687688, 0.109282575548, 0.121750555933, 0.141312420368, 0.133172050118, 0.136343121529, 0.152400448918, 0.132589399815, 0.133250802755], "min": [0, 0, 0, 0, 0, 0, 0, 0, 0, 0, 0, 0, 0, 0, 0, 0, 0, 0, 0, 0, 0, 0, 2.25117241826e-06, 3.18465913551e-06, 3.59144837603e-06, 3.60674721378e-06, 0, 0, 0, 0, 0, 0, 0, 0, 0, 0]}, "key_key": "F#", "thpcp": [1, 0.54261392355, 0.192905470729, 0.0904813781381, 0.077805429697, 0.115085057914, 0.156556814909, 0.186908960342, 0.24616625905, 0.263454288244, 0.206290394068, 0.176723912358, 0.17932215333, 0.180139988661, 0.198764905334, 0.244149953127, 0.262328445911, 0.334981828928, 0.413228571415, 0.332782745361, 0.264290124178, 0.260790795088, 0.225315958261, 0.178045466542, 0.152190089226, 0.155407041311, 0.164252623916, 0.189240962267, 0.226679116488, 0.293034553528, 0.377428025007, 0.409791857004, 0.441302150488, 0.534978985786, 0.636586904526, 0.932794213295], "chords_key": "G", "tuning_equal_tempered_deviation": 0.223501443863, "tuning_frequency": 435.700531006, "tuning_diatonic_strength": 0.495480835438, "chords_histogram": [11.1957798004, 5.65650653839, 7.67878055573, 0, 0, 0, 0, 0.468933165073, 0.0293083228171, 7.00468921661, 0.468933165073, 0.82063305378, 2.9894490242, 0.556858122349, 5.30480670929, 0.586166501045, 4.45486497879, 0.527549803257, 1.72919106483, 2.60844087601, 0.293083250523, 35.6975364685, 3.10668230057, 8.82180500031], "key_strength": 0.498241633177, "key_scale": "minor", "chords_strength": {"dvar": 0.000126344049932, "var": 0.00662488443777, "median": 0.432767510414, "max": 0.68052560091, "dmean": 0.014130895026, "dmean2": 0.0176764670759, "mean": 0.433432251215, "dvar2": 0.000208732002648, "min": 0.230255752802}, "chords_number_rate": 0.0035169988405, "tuning_nontempered_energy_ratio": 0.873964548111, "hpcp_entropy": {"dvar": 0.281439751387, "var": 0.519393324852, "median": 2.18063187599, "max": 4.52457475662, "dmean": 0.679728925228, "dmean2": 1.14285552502, "mean": 2.19820070267, "dvar2": 0.763622820377, "min": 0.0390248224139}, "chords_changes_rate": 0.114595547318, "chords_scale": "major"}, "rhythm": {"bpm_histogram_first_peak_spread": {"dvar": 0, "var": 0, "median": 0.357798159122, "max": 0.357798159122, "dmean": 0, "dmean2": 0, "mean": 0.357798159122, "dvar2": 0, "min": 0.357798159122}, "bpm_histogram_first_peak_weight": {"dvar": 0, "var": 0, "median": 0.183246076107, "max": 0.183246076107, "dmean": 0, "dmean2": 0, "mean": 0.183246076107, "dvar2": 0, "min": 0.183246076107}, "bpm_histogram_first_peak_bpm": {"dvar": 0, "var": 0, "median": 161, "max": 161, "dmean": 0, "dmean2": 0, "mean": 161, "dvar2": 0, "min": 161}, "bpm": 163.45274353, "bpm_histogram_second_peak_weight": {"dvar": 0, "var": 0, "median": 0.109947644174, "max": 0.109947644174, "dmean": 0, "dmean2": 0, "mean": 0.109947644174, "dvar2": 0, "min": 0.109947644174}, "beats_loudness": {"dvar": 0.00117877696175, "var": 0.00149598636199, "median": 0.0301885120571, "max": 0.220885008574, "dmean": 0.034579411149, "dmean2": 0.0599291659892, "mean": 0.0430745966733, "dvar2": 0.00328234583139, "min": 7.20192929293e-06}, "beats_loudness_band_ratio": {"dvar": [0.0515688806772, 0.022432634607, 0.0269880201668, 0.0027676243335, 0.00110418186523, 1.48498320414e-05], "var": [0.0641957595944, 0.0230654571205, 0.0263602919877, 0.00241586519405, 0.00095494883135, 9.1337642516e-06], "median": [0.862941026688, 0.0769461393356, 0.0238198246807, 0.0117930239066, 0.00448631867766, 0.001122343936], "max": [0.999395370483, 0.682053029537, 0.768131732941, 0.328245669603, 0.246982455254, 0.0469409711659], "dmean": [0.227924391627, 0.154206156731, 0.131908982992, 0.0373588576913, 0.0202679559588, 0.00171040790156], "dmean2": [0.401605248451, 0.270634174347, 0.237931102514, 0.0666200593114, 0.0355633571744, 0.00304071209393], "mean": [0.761298120022, 0.136090427637, 0.103618271649, 0.0315943285823, 0.017360650003, 0.0017189612845], "dvar2": [0.133755102754, 0.0608749873936, 0.070744395256, 0.00757882976905, 0.00297749671154, 4.31394764746e-05], "min": [0.0199480224401, 0.000411565764807, 9.16169738048e-05, 5.64629081055e-05, 3.55579823008e-06, 3.17306730722e-05]}, "bpm_histogram_second_peak_bpm": {"dvar": 0, "var": 0, "median": 167, "max": 167, "dmean": 0, "dmean2": 0, "mean": 167, "dvar2": 0, "min": 167}, "onset_rate": 4.4319601059, "beats_count": 383, "beats_position": [0.406349211931, 0.824308395386, 1.24226760864, 1.67183673382, 2.10140585899, 2.53097510338, 2.9837641716, 3.43655323982, 3.90095233917, 4.34213161469, 4.76009082794, 5.17804956436, 5.58439922333, 6.01396799088, 6.43192720413, 6.86149644852, 7.2910656929, 7.66258478165, 8.0224943161, 8.38240337372, 8.75392246246, 9.13705158234, 9.52018165588, 9.89170074463, 10.2864398956, 10.6695690155, 11.0410881042, 11.412607193, 11.7957363129, 12.1904764175, 12.5852155685, 12.9799547195, 13.4095239639, 13.8507022858, 14.3034915924, 14.7446708679, 15.1858501434, 15.6038093567, 16.0217685699, 16.4629478455, 16.9157371521, 17.3685264587, 17.8213157654, 18.2276649475, 18.6224040985, 19.0055332184, 19.4002723694, 19.7834014893, 20.1665306091, 20.5380496979, 20.8979587555, 21.2694778442, 21.640996933, 22.0009059906, 22.3608150482, 22.7323360443, 23.1038551331, 23.4869842529, 23.8701133728, 24.2416324615, 24.6131515503, 24.9962806702, 25.3677997589, 25.7393188477, 26.1224479675, 26.5171871185, 26.9815864563, 27.4459857941, 27.9103851318, 28.3515644073, 28.7927436829, 29.2339229584, 29.6634922028, 30.0698413849, 30.476190567, 30.8825397491, 31.2772789001, 31.6720180511, 32.0667572021, 32.4614944458, 32.8562355042, 33.2625846863, 33.6689338684, 34.0752830505, 34.4351921082, 34.818321228, 35.1898422241, 35.5613594055, 35.9444885254, 36.3276176453, 36.7107467651, 37.0706558228, 37.4421768188, 37.8253059387, 38.1968231201, 38.57995224, 38.9630813599, 39.3462142944, 39.7293434143, 40.1008605957, 40.4723815918, 40.8438987732, 41.2038078308, 41.5753288269, 41.9352378845, 42.2951469421, 42.6666641235, 43.0381851196, 43.4097061157, 43.7696151733, 44.1411323547, 44.5126533508, 44.8957824707, 45.2789115906, 45.6736488342, 46.1380500793, 46.6140594482, 47.0900688171, 47.5660743713, 48.0420837402, 48.5064849854, 48.9708824158, 49.3424034119, 49.7139205933, 50.0854415894, 50.4569587708, 50.8284797668, 51.2000007629, 51.5715179443, 51.9546470642, 52.3377761841, 52.7092971802, 53.0692062378, 53.4407234192, 53.8006324768, 54.1489334106, 54.4972343445, 54.8687515259, 55.333152771, 55.7975502014, 56.2735595703, 56.726348877, 57.1675262451, 57.6319274902, 58.0847167969, 58.525894165, 58.9670753479, 59.4198646545, 59.8378219604, 60.2557830811, 60.673740387, 61.0684814453, 61.463218689, 61.8579597473, 62.252696991, 62.6126060486, 62.9725151062, 63.3440361023, 63.6923332214, 64.0522460938, 64.4121551514, 64.7836685181, 65.1435852051, 65.4802703857, 65.8401794434, 66.2117004395, 66.5716094971, 66.9431304932, 67.3262557983, 67.7093887329, 68.0925140381, 68.4988632202, 68.8471679688, 69.2186813354, 69.60181427, 69.9733352661, 70.3332443237, 70.7047576904, 71.087890625, 71.4710159302, 71.8425369263, 72.2024459839, 72.5623550415, 72.9222640991, 73.2937850952, 73.6536941528, 74.0252151489, 74.3851242065, 74.7682495117, 75.1397705078, 75.4996795654, 75.9292526245, 76.3588180542, 76.7883911133, 77.217956543, 77.6475296021, 78.0654830933, 78.4950561523, 78.924621582, 79.3658065796, 79.7953720093, 80.2365493774, 80.5964584351, 80.9447631836, 81.3046722412, 81.6761856079, 82.0593185425, 82.4308395386, 82.8023605347, 83.1738739014, 83.5453948975, 83.8936920166, 84.2419967651, 84.6135101318, 84.9966430664, 85.356552124, 85.7280731201, 86.0879821777, 86.4478912354, 86.807800293, 87.1677093506, 87.5276184082, 87.8991394043, 88.270652771, 88.6421737671, 89.0020828247, 89.3503875732, 89.7102966309, 90.0702056885, 90.4185028076, 90.7900238037, 91.1615371704, 91.5330581665, 91.9045791626, 92.2761001587, 92.6592254639, 93.03074646, 93.4138793945, 93.8550567627, 94.2846221924, 94.7257995605, 95.2714691162, 95.8055343628, 96.33959198, 96.8736495972, 97.4077072144, 97.9417648315, 98.4874343872, 99.0563278198, 99.6136016846, 100.147659302, 100.693328857, 101.238998413, 101.77305603, 102.318725586, 102.783126831, 103.247528076, 103.711929321, 104.095054626, 104.48979187, 104.884536743, 105.244445801, 105.615959167, 105.987480164, 106.347389221, 106.718910217, 107.078819275, 107.438728333, 107.810249329, 108.193374634, 108.576507568, 108.948028564, 109.319541931, 109.702674866, 110.132240295, 110.561813354, 110.991378784, 111.409339905, 111.827301025, 112.245262146, 112.651611328, 113.069564819, 113.475914001, 113.882263184, 114.288612366, 114.718185425, 115.136146545, 115.565711975, 115.983673096, 116.401634216, 116.819587708, 117.237548828, 117.678726196, 118.131515503, 118.595916748, 119.048706055, 119.501495361, 119.954284668, 120.395462036, 120.813423157, 121.231384277, 121.649337769, 122.078910828, 122.496871948, 122.90322113, 123.321174622, 123.715919495, 124.110656738, 124.505393982, 124.911743164, 125.318092346, 125.724441528, 126.13079071, 126.525527954, 126.920272827, 127.315010071, 127.709747314, 128.116104126, 128.51083374, 128.917190552, 129.311920166, 129.706665039, 130.101409912, 130.496139526, 130.890884399, 131.285614014, 131.680358887, 132.07510376, 132.493057251, 132.899414062, 133.305755615, 133.758544922, 134.211334229, 134.664123535, 135.116912842, 135.616149902, 136.103759766, 136.591384888, 137.078994751, 137.555007935, 138.031021118, 138.553466797, 139.075912476, 139.598358154, 140.13243103, 140.678085327, 141.223754883, 141.757827759, 142.291885376, 142.756271362, 143.220672607, 143.673461914, 144.126251221, 144.520996094, 144.915740967, 145.333694458, 145.798095703, 146.239273071, 146.692062378, 147.133239746, 147.586029053, 148.038818359, 148.479995728, 148.921173096, 149.350738525, 149.768707275, 150.198272705, 150.627838135, 151.057418823, 151.486984253, 151.928161621, 152.380950928, 152.822128296, 153.298141479, 153.785751343, 154.261764526, 154.772598267, 155.295059204, 155.817504883, 156.339950562, 156.850784302, 157.361633301, 157.872467041], "danceability": 1.07849276066, "bpm_histogram_second_peak_spread": {"dvar": 0, "var": 0, "median": 0, "max": 0, "dmean": 0, "dmean2": 0, "mean": 0, "dvar2": 0, "min": 0}}, "lowlevel": {"spectral_flux": {"dvar": 0.000776650034823, "var": 0.00206467043608, "median": 0.0589927323163, "max": 0.321479201317, "dmean": 0.0255292486399, "dmean2": 0.041950173676, "mean": 0.0679203122854, "dvar2": 0.00199340400286, "min": 5.21586989635e-05}, "spectral_rolloff": {"dvar": 65579.4296875, "var": 132773.0625, "median": 193.798828125, "max": 5512.5, "dmean": 103.276977539, "dmean2": 177.130310059, "mean": 326.954956055, "dvar2": 140141.65625, "min": 21.533203125}, "barkbands_flatness_db": {"dvar": 0.00211619236507, "var": 0.00758681306615, "median": 0.269404888153, "max": 0.611899912357, "dmean": 0.0544352531433, "dmean2": 0.087891638279, "mean": 0.282904714346, "dvar2": 0.00568788591772, "min": 0.0101439347491}, "spectral_centroid": {"dvar": 24872.9160156, "var": 83960.7890625, "median": 296.914489746, "max": 3707.65551758, "dmean": 95.7066802979, "dmean2": 143.779510498, "mean": 368.542266846, "dvar2": 42661.3007812, "min": 81.9440002441}, "melbands_skewness": {"dvar": 1.68360614777, "var": 5.47277879715, "median": 3.90831518173, "max": 30.0167942047, "dmean": 1.31067955494, "dmean2": 2.06711864471, "mean": 4.11807632446, "dvar2": 4.23877906799, "min": -0.781757414341}, "melbands": {"dvar": [2.62573053078e-06, 7.75873468228e-06, 6.18995636614e-06, 2.1128772687e-07, 2.40918808458e-07, 1.95256077973e-07, 1.61132618359e-07, 2.22192554133e-07, 3.46722345057e-07, 4.42790366151e-07, 1.36803492978e-07, 6.21176852178e-08, 1.2779690195e-08, 5.89794835193e-09, 1.36857902788e-09, 1.97985489114e-10, 4.6866543979e-10, 4.82991868722e-09, 1.92414528755e-09, 8.60463436614e-11, 1.88019461111e-11, 1.20503997406e-12, 4.41858762036e-13, 4.0339815364e-13, 2.93766990985e-13, 3.18477124013e-13, 8.64201695231e-14, 3.86317463208e-14, 2.20995198866e-14, 1.39720261524e-14, 9.99671333668e-15, 7.3125269132e-15, 5.45637872314e-15, 4.08784029576e-15, 3.07546990533e-15, 2.33290301377e-15, 1.78622350269e-15, 1.37655008852e-15, 1.06800976127e-15, 8.36209877892e-16], "var": [1.48840181282e-05, 2.39510245592e-05, 3.06763758999e-05, 6.86641726588e-07, 6.86163161845e-07, 4.95684105317e-07, 3.91377398046e-07, 4.2917065457e-07, 9.24751645925e-07, 1.091661602e-06, 2.17869100538e-07, 1.00059779129e-07, 1.45793901396e-08, 1.20230252421e-08, 2.83095280551e-09, 3.08198216947e-10, 9.95826643369e-10, 1.09556026473e-08, 4.70061012336e-09, 2.6699020772e-10, 5.00122582237e-11, 2.60809993394e-12, 7.7755179682e-13, 7.88405582139e-13, 6.81291069567e-13, 5.58162186175e-13, 1.50030812426e-13, 6.54961517963e-14, 3.00865933458e-14, 1.49192876613e-14, 1.03686709148e-14, 7.51807978665e-15, 5.59700736821e-15, 4.19089413577e-15, 3.15561912741e-15, 2.39436541849e-15, 1.8308530334e-15, 1.41006548817e-15, 1.09392780479e-15, 8.56373444261e-16], "median": [0.000676365511026, 0.00251074926928, 0.000764116179198, 0.000201303279027, 4.20699980168e-05, 1.56507157953e-05, 1.11463959911e-05, 8.77548518474e-06, 7.40957784728e-06, 6.85890427121e-06, 5.59829868507e-06, 2.47207685788e-06, 2.55939471572e-06, 4.08563028031e-06, 2.39998871621e-06, 7.93084950601e-07, 9.67104597294e-07, 1.28722501813e-06, 1.08957283373e-06, 5.490862236e-07, 3.21486254506e-07, 1.64654338164e-07, 1.085623893e-07, 9.24508185562e-08, 7.66571162103e-08, 4.77988635339e-08, 3.62838648016e-08, 3.12039318828e-08, 2.24780123403e-08, 1.60678936822e-08, 1.25130483752e-08, 1.00417825166e-08, 8.48068459902e-09, 7.31884108873e-09, 6.35983488095e-09, 5.53096768385e-09, 4.77197437121e-09, 4.18554302328e-09, 3.68342156776e-09, 3.25542215407e-09], "max": [0.0285527091473, 0.0436068437994, 0.0856404900551, 0.00895072706044, 0.0122755095363, 0.0119224246591, 0.0155733041465, 0.0146356979385, 0.0224084928632, 0.0207796823233, 0.0143547691405, 0.00912832841277, 0.006068889983, 0.0023390064016, 0.0010178454686, 0.000556960003451, 0.00056676362874, 0.00209212163463, 0.0012713780161, 0.000294490833767, 0.000156955022248, 2.26190550165e-05, 2.00617087103e-05, 2.31027715927e-05, 1.72712752828e-05, 2.05417964025e-05, 1.14808653962e-05, 5.72595263293e-06, 3.96593395635e-06, 1.45880187574e-06, 1.26399129385e-06, 1.05559661279e-06, 9.14411600661e-07, 7.98104167643e-07, 6.93644665262e-07, 6.02000454819e-07, 5.2904124459e-07, 4.64660217858e-07, 4.09711077509e-07, 3.6276739479e-07], "dmean": [0.000885002082214, 0.00195263733622, 0.00122890633065, 0.000271244352916, 0.000191307233763, 0.000127546605654, 0.000106746214442, 0.000116258590424, 0.000140920805279, 0.000155370289576, 8.29650525702e-05, 3.78773183911e-05, 1.91029103007e-05, 2.62000467046e-05, 1.26414779515e-05, 3.75139597963e-06, 6.70815052217e-06, 2.04914904316e-05, 1.42149810927e-05, 2.92768640975e-06, 1.41667067055e-06, 4.62178149974e-07, 3.01939365954e-07, 2.59856960838e-07, 2.35524765912e-07, 1.79572651859e-07, 1.21631202887e-07, 9.77576561922e-08, 7.46434807297e-08, 5.97300768845e-08, 5.03812600527e-08, 4.32055102806e-08, 3.72978981034e-08, 3.22998516822e-08, 2.803715482e-08, 2.44254181325e-08, 2.13728466036e-08, 1.87593069967e-08, 1.65235043426e-08, 1.4623651623e-08], "dmean2": [0.00139258429408, 0.00309489155188, 0.0017770632403, 0.000393113965401, 0.00026110917679, 0.000183147931239, 0.00015349102614, 0.000170904124388, 0.000197223082068, 0.000220897854888, 0.000128207408125, 5.76968413952e-05, 3.02777116303e-05, 4.21022996306e-05, 2.00620015676e-05, 5.99802933721e-06, 1.02893218354e-05, 3.17197300319e-05, 2.18511231651e-05, 4.393900781e-06, 2.20689935304e-06, 7.51948221023e-07, 4.9372539479e-07, 4.15043075463e-07, 3.71153134893e-07, 2.90845747486e-07, 1.98200169166e-07, 1.60736036037e-07, 1.24865835005e-07, 1.02003802738e-07, 8.61874340785e-08, 7.39433261288e-08, 6.38549693122e-08, 5.53184769103e-08, 4.8025174948e-08, 4.18231742572e-08, 3.66034100807e-08, 3.21292894512e-08, 2.83009828905e-08, 2.50496512422e-08], "mean": [0.00262424023822, 0.00415948871523, 0.00256884330884, 0.000517888285685, 0.000310517963953, 0.000204265204957, 0.000172712505446, 0.000164187906194, 0.000220716057811, 0.000235624131165, 0.0001037507609, 5.02534639963e-05, 2.84553989331e-05, 3.98795673391e-05, 1.89745805983e-05, 5.24475444763e-06, 1.031213651e-05, 3.26830158883e-05, 2.29029283219e-05, 5.53315840079e-06, 2.43356225837e-06, 7.14993916517e-07, 4.36214349975e-07, 3.78560258696e-07, 3.41779553992e-07, 2.1741405476e-07, 1.40777714819e-07, 1.18132369664e-07, 8.33329281136e-08, 5.90716879856e-08, 4.79912429796e-08, 4.04062845405e-08, 3.47234028197e-08, 3.00293514499e-08, 2.60790589124e-08, 2.27163283739e-08, 1.9823382047e-08, 1.738566624e-08, 1.5310286372e-08, 1.35467441709e-08], "dvar2": [5.73391616854e-06, 1.90727441804e-05, 1.12464604172e-05, 4.0913980115e-07, 4.3627795776e-07, 3.83305234664e-07, 3.26837550801e-07, 4.85955126805e-07, 6.26039877716e-07, 8.62327055984e-07, 3.09131593212e-07, 1.43658894558e-07, 3.54110767375e-08, 1.51799532944e-08, 3.15877946022e-09, 4.62392679701e-10, 1.16569165431e-09, 1.21493313188e-08, 4.45076908662e-09, 1.82992496156e-10, 4.55891296935e-11, 3.30666852406e-12, 1.17068626928e-12, 9.73904333915e-13, 6.31776206871e-13, 7.40973959707e-13, 1.87848285646e-13, 8.85814181338e-14, 5.53757072749e-14, 3.67932511444e-14, 2.61669975103e-14, 1.91500003924e-14, 1.42900472136e-14, 1.07017911853e-14, 8.04848080679e-15, 6.10475660976e-15, 4.67573791236e-15, 3.60323792355e-15, 2.79549883472e-15, 2.18869904263e-15], "min": [5.3578280701e-11, 3.63926284941e-11, 2.6962355959e-11, 3.15151793551e-11, 3.49032434899e-11, 2.10843339316e-11, 1.72796221776e-11, 2.29521766176e-11, 1.81762972729e-11, 1.42201484962e-11, 1.13123373516e-11, 8.41237062649e-12, 7.6262546625e-12, 5.93298110294e-12, 4.56465377649e-12, 2.78697334308e-12, 2.42824662287e-12, 2.0037871102e-12, 1.98823856684e-12, 1.53103538961e-12, 8.51615165106e-13, 9.23343975064e-13, 1.38638785781e-12, 1.32871621691e-12, 8.2729775721e-13, 7.9358622538e-13, 5.05381435485e-13, 5.96737774212e-13, 7.63955522107e-13, 4.76561986488e-13, 3.62333427151e-13, 2.86717101883e-13, 1.2302848627e-13, 2.05138843737e-13, 2.21404356437e-13, 2.81388898727e-13, 3.27932207214e-13, 3.00573422488e-13, 1.72121499453e-13, 1.60477899957e-13]}, "spectral_decrease": {"dvar": 1.44287976293e-17, "var": 8.28846421958e-17, "median": -5.46013501079e-09, "max": -5.24385921547e-16, "dmean": 2.77309109009e-09, "dmean2": 4.14447098862e-09, "mean": -8.36028757334e-09, "dvar2": 2.98414471878e-17, "min": -8.08786708717e-08}, "barkbands_kurtosis": {"dvar": 4203.49707031, "var": 9165.47265625, "median": 18.3015174866, "max": 1273.26086426, "dmean": 29.2052993774, "dmean2": 46.9432106018, "mean": 49.6682624817, "dvar2": 11020.1220703, "min": -1.6676235199}, "silence_rate_30dB": {"dvar": 0.0234666187316, "var": 0.0449722670019, "median": 1, "max": 1, "dmean": 0.0240433961153, "dmean2": 0.0480938404799, "mean": 0.952799737453, "dvar2": 0.0528224520385, "min": 0}, "gfcc": {"mean": [-137.730697632, 148.198242188, -58.6417922974, 9.7056016922, -16.2615604401, 14.0075178146, -18.7787437439, -2.84008741379, -13.6724557877, -6.36028146744, -16.5853652954, -12.3144493103, -9.27638435364], "cov": [[10806.4580078, 32.8430023193, -1617.06689453, -1165.95581055, -154.294067383, -290.623260498, -401.602233887, -318.592926025, 166.294937134, 20.5620975494, -190.969741821, -155.559570312, 144.406005859], [32.8430023193, 1134.21459961, -100.751487732, -472.419586182, 164.177856445, -103.135025024, 42.0831604004, -123.900428772, 167.357116699, -51.1900215149, 55.615196228, -128.610794067, 94.0738983154], [-1617.06689453, -100.751487732, 861.873779297, 517.358764648, -136.368347168, 189.448913574, 98.0103530884, 161.044326782, -14.9702425003, 102.461898804, 52.6339607239, 105.848930359, -98.3979415894], [-1165.95581055, -472.419586182, 517.358764648, 632.168640137, 76.9832229614, 125.550926208, 97.0938644409, 130.15246582, -75.9257507324, 49.1021995544, 45.4765319824, 97.0527954102, -77.839630127], [-154.294067383, 164.177856445, -136.368347168, 76.9832229614, 426.863494873, 62.5237007141, 98.6429138184, -69.6703948975, 3.09177231789, -86.1692352295, 48.1028633118, -29.0418720245, 66.6005935669], [-290.623260498, -103.135025024, 189.448913574, 125.550926208, 62.5237007141, 276.258392334, 84.0067977905, 26.6165752411, -70.3144302368, -28.5575180054, -16.4588737488, 71.4381790161, -5.59945869446], [-401.602233887, 42.0831604004, 98.0103530884, 97.0938644409, 98.6429138184, 84.0067977905, 158.712615967, 70.22240448, -5.77916526794, -39.5244255066, 16.9315128326, 17.4046287537, 14.324382782], [-318.592926025, -123.900428772, 161.044326782, 130.15246582, -69.6703948975, 26.6165752411, 70.22240448, 137.199356079, 41.3380203247, 40.5565986633, 9.22042179108, 34.7342834473, -19.8583240509], [166.294937134, 167.357116699, -14.9702425003, -75.9257507324, 3.09177231789, -70.3144302368, -5.77916526794, 41.3380203247, 154.999282837, 98.571723938, 50.1432418823, -27.7444381714, 18.8506546021], [20.5620975494, -51.1900215149, 102.461898804, 49.1021995544, -86.1692352295, -28.5575180054, -39.5244255066, 40.5565986633, 98.571723938, 157.847137451, 71.5787887573, 17.9421653748, -25.3511676788], [-190.969741821, 55.615196228, 52.6339607239, 45.4765319824, 48.1028633118, -16.4588737488, 16.9315128326, 9.22042179108, 50.1432418823, 71.5787887573, 91.6352462769, 28.1098918915, 6.42162466049], [-155.559570312, -128.610794067, 105.848930359, 97.0527954102, -29.0418720245, 71.4381790161, 17.4046287537, 34.7342834473, -27.7444381714, 17.9421653748, 28.1098918915, 87.1261291504, 12.7778482437], [144.406005859, 94.0738983154, -98.3979415894, -77.839630127, 66.6005935669, -5.59945869446, 14.324382782, -19.8583240509, 18.8506546021, -25.3511676788, 6.42162466049, 12.7778482437, 79.5348205566]], "icov": [[0.000164809389389, -0.0002432596375, 0.00104015471879, -0.00118445674889, 0.00124914618209, -0.00078875105828, -6.91977184033e-05, 0.00108554621693, -0.00155508343596, 0.000938469951507, -0.000308167742332, 4.85364435008e-05, -1.71169485839e-05], [-0.0002432596375, 0.0147560872138, -0.0298931263387, 0.0461278893054, -0.0415237173438, 0.0282617509365, -0.00700161838904, -0.0129716470838, 0.0275195427239, -0.0334913991392, 0.0308108348399, -0.0198265202343, 0.00943300127983], [0.00104015471879, -0.0298931263387, 0.0884749293327, -0.141116946936, 0.143858075142, -0.0966163873672, 0.0146865118295, 0.0673290714622, -0.126363322139, 0.148261412978, -0.132189258933, 0.0816274732351, -0.0335157513618], [-0.00118445674889, 0.0461278893054, -0.141116946936, 0.235152959824, -0.242582499981, 0.161166459322, -0.0246691759676, -0.119371294975, 0.219395756721, -0.260027825832, 0.229901209474, -0.144884496927, 0.0620968751609], [0.00124914618209, -0.0415237173438, 0.143858075142, -0.242582499981, 0.263829737902, -0.173951715231, 0.022701125592, 0.135316133499, -0.244769513607, 0.294533491135, -0.263930082321, 0.165208622813, -0.0694020241499], [-0.00078875105828, 0.0282617509365, -0.0966163873672, 0.161166459322, -0.173951715231, 0.123749874532, -0.0244494378567, -0.0800402686, 0.158417031169, -0.196718141437, 0.183115243912, -0.119838088751, 0.0492180064321], [-6.91977184033e-05, -0.00700161838904, 0.0146865118295, -0.0246691759676, 0.022701125592, -0.0244494378567, 0.0292802546173, -0.0133311338723, -0.0106441630051, 0.034312531352, -0.0420749299228, 0.0315944030881, -0.0151182757691], [0.00108554621693, -0.0129716470838, 0.0673290714622, -0.119371294975, 0.135316133499, -0.0800402686, -0.0133311338723, 0.114180728793, -0.158181726933, 0.157605558634, -0.117197610438, 0.0598491355777, -0.020619770512], [-0.00155508343596, 0.0275195427239, -0.126363322139, 0.219395756721, -0.244769513607, 0.158417031169, -0.0106441630051, -0.158181726933, 0.279490202665, -0.306188851595, 0.242153093219, -0.131995618343, 0.0450162924826], [0.000938469951507, -0.0334913991392, 0.148261412978, -0.260027825832, 0.294533491135, -0.196718141437, 0.034312531352, 0.157605558634, -0.306188851595, 0.380939602852, -0.330074310303, 0.192475363612, -0.0707455128431], [-0.000308167742332, 0.0308108348399, -0.132189258933, 0.229901209474, -0.263930082321, 0.183115243912, -0.0420749299228, -0.117197610438, 0.242153093219, -0.330074310303, 0.327199608088, -0.206049248576, 0.0818770229816], [4.85364435008e-05, -0.0198265202343, 0.0816274732351, -0.144884496927, 0.165208622813, -0.119838088751, 0.0315944030881, 0.0598491355777, -0.131995618343, 0.192475363612, -0.206049248576, 0.163031324744, -0.0718937665224], [-1.71169485839e-05, 0.00943300127983, -0.0335157513618, 0.0620968751609, -0.0694020241499, 0.0492180064321, -0.0151182757691, -0.020619770512, 0.0450162924826, -0.0707455128431, 0.0818770229816, -0.0718937665224, 0.0516312457621]]}, "silence_rate_20dB": {"dvar": 0, "var": 0, "median": 1, "max": 1, "dmean": 0, "dmean2": 0, "mean": 1, "dvar2": 0, "min": 1}, "barkbands_skewness": {"dvar": 2.92233753204, "var": 11.0005874634, "median": 3.20143175125, "max": 27.3753356934, "dmean": 1.44842946529, "dmean2": 2.24651765823, "mean": 4.04299211502, "dvar2": 7.19930458069, "min": -0.837981045246}, "erbbands_skewness": {"dvar": 0.397115677595, "var": 1.95137631893, "median": 0.903972029686, "max": 8.53164958954, "dmean": 0.632434248924, "dmean2": 0.970298171043, "mean": 1.07090246677, "dvar2": 0.932891249657, "min": -3.33654761314}, "spectral_contrast_valleys": {"dvar": [0.145145013928, 0.203115895391, 0.201644152403, 0.259284347296, 0.446840524673, 0.589345812798], "var": [0.758344531059, 1.26602900028, 1.30882668495, 1.28859579563, 1.18275702, 1.26020848751], "median": [-7.11570501328, -7.41633415222, -8.02301216125, -8.57451629639, -9.0978603363, -11.6258201599], "max": [-5.28382301331, -4.50727844238, -5.13409423828, -6.11361837387, -6.83236789703, -9.19149780273], "dmean": [0.455832153559, 0.525496721268, 0.51038146019, 0.541895568371, 0.766780018806, 0.87795394659], "dmean2": [0.720628857613, 0.816397726536, 0.793568909168, 0.85365664959, 1.25888431072, 1.44675326347], "mean": [-7.21255731583, -7.44806337357, -8.12155151367, -8.71833705902, -9.23109436035, -11.7405118942], "dvar2": [0.339311718941, 0.468226969242, 0.480425179005, 0.66573625803, 1.18398034573, 1.56549465656], "min": [-17.1807231903, -16.8361415863, -16.7628288269, -16.145647049, -15.6441497803, -17.1608753204]}, "spectral_strongpeak": {"dvar": 0.316091626883, "var": 0.629307329655, "median": 0.422144532204, "max": 10.8763904572, "dmean": 0.272895932198, "dmean2": 0.442169576883, "mean": 0.614817798138, "dvar2": 0.714460492134, "min": 0}, "erbbands_crest": {"dvar": 9.21733760834, "var": 21.8201141357, "median": 11.4496335983, "max": 29.6485424042, "dmean": 3.50301170349, "dmean2": 5.73497247696, "mean": 12.2255992889, "dvar2": 22.7286567688, "min": 2.02836179733}, "barkbands_crest": {"dvar": 6.80561351776, "var": 29.7430229187, "median": 13.699213028, "max": 26.6066169739, "dmean": 2.92534160614, "dmean2": 4.71348047256, "mean": 14.6892232895, "dvar2": 16.7174472809, "min": 2.37475442886}, "spectral_energyband_middle_low": {"dvar": 8.23898444651e-05, "var": 0.00041251827497, "median": 0.00365405553021, "max": 0.241976723075, "dmean": 0.00463401246816, "dmean2": 0.00631561875343, "mean": 0.011719125323, "dvar2": 0.000145997488289, "min": 7.18659576293e-10}, "spectral_contrast_coeffs": {"dvar": [0.00194256845862, 0.00149921153206, 0.00135585654061, 0.000991566106677, 0.000937130011152, 0.000181897572475], "var": [0.00701078167185, 0.0071479389444, 0.00659101456404, 0.00635625002906, 0.00316538405605, 0.000315392768243], "median": [-0.627903223038, -0.824007093906, -0.822158932686, -0.837306380272, -0.902783453465, -0.861556172371], "max": [-0.312109678984, -0.312728077173, -0.461819887161, -0.578450262547, -0.692231297493, -0.617272913456], "dmean": [0.0555572807789, 0.0467925742269, 0.0449166148901, 0.0397089868784, 0.0351921245456, 0.0105268228799], "dmean2": [0.0898253843188, 0.0746466740966, 0.0705691128969, 0.0620449967682, 0.058315820992, 0.0176654364914], "mean": [-0.626643538475, -0.804790973663, -0.811887741089, -0.833459973335, -0.893241047859, -0.858863592148], "dvar2": [0.00481832493097, 0.00358286080882, 0.00321741495281, 0.00239482475445, 0.0023235953413, 0.000473756808788], "min": [-0.938140571117, -0.960069000721, -0.970162510872, -0.986782193184, -0.971912920475, -0.912477374077]}, "hfc": {"dvar": 27.9642963409, "var": 170.821716309, "median": 3.39213275909, "max": 145.975616455, "dmean": 2.75433182716, "dmean2": 3.81077313423, "mean": 8.21694374084, "dvar2": 50.8400306702, "min": 4.96885331813e-06}, "spectral_energyband_high": {"dvar": 7.69142527446e-10, "var": 9.28709553705e-10, "median": 4.97739347338e-06, "max": 0.000351540598786, "dmean": 1.43898432725e-05, "dmean2": 2.43113627221e-05, "mean": 1.58774146257e-05, "dvar2": 2.00009719897e-09, "min": 2.14036857682e-10}, "erbbands_spread": {"dvar": 70.6113739014, "var": 200.024810791, "median": 23.6743659973, "max": 117.075996399, "dmean": 8.61519527435, "dmean2": 13.9223470688, "mean": 25.9002418518, "dvar2": 178.359313965, "min": 1.03129422665}, "dissonance": {"dvar": 0.00104672787711, "var": 0.00249422411434, "median": 0.444419711828, "max": 0.499999940395, "dmean": 0.0336724445224, "dmean2": 0.0557699464262, "mean": 0.431897103786, "dvar2": 0.00275421049446, "min": 0.167398884892}, "spectral_kurtosis": {"dvar": 314.917236328, "var": 367.626647949, "median": 17.0123825073, "max": 200.499588013, "dmean": 14.4786500931, "dmean2": 24.5050411224, "mean": 23.2778053284, "dvar2": 850.356811523, "min": 1.79326677322}, "spectral_skewness": {"dvar": 1.08773756027, "var": 1.59899353981, "median": 3.30120944977, "max": 12.6521215439, "dmean": 1.00354814529, "dmean2": 1.66333341599, "mean": 3.52553200722, "dvar2": 2.97330021858, "min": 1.03808760643}, "pitch_salience": {"dvar": 0.00650842953473, "var": 0.0234763529152, "median": 0.456856966019, "max": 0.810391545296, "dmean": 0.0930751413107, "dmean2": 0.149735361338, "mean": 0.443448722363, "dvar2": 0.0166365709156, "min": 0.0582988783717}, "spectral_complexity": {"dvar": 2.89659261703, "var": 26.3975734711, "median": 5, "max": 25, "dmean": 1.57278990746, "dmean2": 2.34853363037, "mean": 6.58516550064, "dvar2": 5.1748085022, "min": 0}, "spectral_spread": {"dvar": 734976802816, "var": 1706204200960.0, "median": 3037715.5, "max": 11327181, "dmean": 1016544.1875, "dmean2": 1673986.75, "mean": 3146553, "dvar2": 1976830918660.0, "min": 528197}, "dynamic_complexity": 5.66488647461, "melbands_crest": {"dvar": 8.05189800262, "var": 25.6427307129, "median": 18.7654190063, "max": 37.1459121704, "dmean": 3.15190386772, "dmean2": 5.09528827667, "mean": 18.5803985596, "dvar2": 20.6486968994, "min": 4.55157327652}, "zerocrossingrate": {"dvar": 1.52275933942e-05, "var": 9.59603567026e-05, "median": 0.00927734375, "max": 0.10400390625, "dmean": 0.00277499225922, "dmean2": 0.00333656463772, "mean": 0.012607418932, "dvar2": 1.97451026906e-05, "min": 0.00048828125}, "spectral_energyband_low": {"dvar": 0.000160494761076, "var": 0.000733402208425, "median": 0.0134030831978, "max": 0.263825714588, "dmean": 0.00891567952931, "dmean2": 0.0137244369835, "mean": 0.0228731166571, "dvar2": 0.000353830022505, "min": 2.82240286698e-10}, "melbands_kurtosis": {"dvar": 1721.62060547, "var": 3014.78442383, "median": 31.0614433289, "max": 1387.14025879, "dmean": 25.6301174164, "dmean2": 41.2917251587, "mean": 46.7223739624, "dvar2": 4783.50927734, "min": -1.6308195591}, "spectral_energyband_middle_high": {"dvar": 5.06012565893e-06, "var": 1.70751736732e-05, "median": 0.000201862101676, "max": 0.067978143692, "dmean": 0.000696866307408, "dmean2": 0.00098521169275, "mean": 0.00157733692322, "dvar2": 1.0528785424e-05, "min": 3.31958988076e-10}, "barkbands_spread": {"dvar": 11.2871084213, "var": 37.2506599426, "median": 3.53306770325, "max": 63.8205337524, "dmean": 2.08514046669, "dmean2": 3.15563488007, "mean": 5.38702583313, "dvar2": 21.6637420654, "min": 0.0647008046508}, "mfcc": {"mean": [-804.570556641, 192.917190552, 26.8470458984, 21.079618454, 23.8619155884, 20.5646076202, 10.6551160812, 7.25165605545, 8.2910861969, 8.32709693909, -0.417609840631, -3.63638925552, -1.46071839333], "cov": [[9623.63476562, 1119.31115723, -1842.83544922, -863.002197266, -329.95489502, -246.369857788, -592.667907715, -437.550018311, -58.5114517212, 33.8947563171, -260.821868896, -263.494689941, -45.7429389954], [1119.31115723, 1383.37731934, -348.413360596, -411.001495361, -12.7240819931, -46.5923080444, -157.307403564, -133.246170044, 23.4484672546, 64.9209671021, -37.1926841736, -67.4677124023, -15.8934116364], [-1842.83544922, -348.413360596, 1006.34649658, 296.284942627, -43.3701515198, 76.384765625, 92.9731063843, 109.078109741, 16.5884838104, -5.98308372498, 154.566848755, 161.074584961, 36.7600135803], [-863.002197266, -411.001495361, 296.284942627, 426.734527588, 116.852172852, 22.4543571472, 111.281227112, 68.7919235229, -1.00814545155, 18.2059650421, 73.2216033936, 81.0943145752, 36.0225296021], [-329.95489502, -12.7240819931, -43.3701515198, 116.852172852, 203.612945557, 121.108398438, 87.4521865845, 41.0218429565, 3.42878460884, -3.33933544159, -8.38739013672, 1.42453944683, 30.8460273743], [-246.369857788, -46.5923080444, 76.384765625, 22.4543571472, 121.108398438, 195.427688599, 133.730438232, 78.5852508545, 11.0623598099, -37.1379737854, -20.6592063904, 7.27592945099, 23.9568939209], [-592.667907715, -157.307403564, 92.9731063843, 111.281227112, 87.4521865845, 133.730438232, 213.706207275, 157.784194946, 28.1776103973, -41.550868988, -24.0581951141, 6.70951080322, 10.8836650848], [-437.550018311, -133.246170044, 109.078109741, 68.7919235229, 41.0218429565, 78.5852508545, 157.784194946, 181.550582886, 67.7101211548, -34.4459037781, -26.5831928253, 3.45493245125, 6.69273948669], [-58.5114517212, 23.4484672546, 16.5884838104, -1.00814545155, 3.42878460884, 11.0623598099, 28.1776103973, 67.7101211548, 77.7265777588, 31.7181606293, -3.24848937988, -2.73260688782, 1.45044231415], [33.8947563171, 64.9209671021, -5.98308372498, 18.2059650421, -3.33933544159, -37.1379737854, -41.550868988, -34.4459037781, 31.7181606293, 90.4892578125, 65.8963775635, 15.1437587738, -2.57874274254], [-260.821868896, -37.1926841736, 154.566848755, 73.2216033936, -8.38739013672, -20.6592063904, -24.0581951141, -26.5831928253, -3.24848937988, 65.8963775635, 116.646934509, 77.0064697266, 16.0699195862], [-263.494689941, -67.4677124023, 161.074584961, 81.0943145752, 1.42453944683, 7.27592945099, 6.70951080322, 3.45493245125, -2.73260688782, 15.1437587738, 77.0064697266, 100.479568481, 53.1464653015], [-45.7429389954, -15.8934116364, 36.7600135803, 36.0225296021, 30.8460273743, 23.9568939209, 10.8836650848, 6.69273948669, 1.45044231415, -2.57874274254, 16.0699195862, 53.1464653015, 66.9004058838]], "icov": [[0.000340714439517, -0.000266271497821, 0.000970680266619, -0.00108185457066, 0.00210264534689, -0.00254285288975, 0.00300269667059, -0.00256860000081, 0.00235995138064, -0.00193177163601, 0.00134018086828, -0.000557598541491, -7.61319533922e-05], [-0.000266271497821, 0.00160243303981, -0.00133727292996, 0.00324862380512, -0.00387320388108, 0.0036576227285, -0.00321403378621, 0.0025580143556, -0.00099923426751, -0.00190352322534, 0.00241248239763, -0.00241553108208, 0.00121493730694], [0.000970680266619, -0.00133727292996, 0.00607566349208, -0.00692063011229, 0.0104086855426, -0.0110800378025, 0.0096802553162, -0.00538584263995, -0.00090833415743, 0.00687149260193, -0.00950885284692, 0.0054413289763, -0.00288746342994], [-0.00108185457066, 0.00324862380512, -0.00692063011229, 0.015354713425, -0.0180909745395, 0.0185685772449, -0.0161167029291, 0.