{"tonal": {"chords_key": "D", "hpcp_entropy": {"dmean": 0.504007399082, "dmean2": 0.83951985836, "max": 4.62349748611, "dvar": 0.185024186969, "mean": 1.68333494663, "dvar2": 0.486748814583, "min": 0.0445215515792, "var": 0.432539343834, "median": 1.71174180508}, "key_key": "D", "chords_strength": {"dmean": 0.00731018884107, "dmean2": 0.00542095722631, "max": 0.78155630827, "dvar": 3.31771261699e-05, "mean": 0.536599159241, "dvar2": 3.03303804685e-05, "min": 0.309731453657, "var": 0.00684362929314, "median": 0.544620811939}, "key_scale": "minor", "chords_number_rate": 0.00190294953063, "thpcp": [1, 0.910830676556, 0.251377344131, 0.0323402173817, 0.0265182517469, 0.0749640762806, 0.196036219597, 0.23495221138, 0.424352735281, 0.719857335091, 0.51351827383, 0.135353460908, 0.0365793034434, 0.0519160889089, 0.216954424977, 0.48704969883, 0.387047290802, 0.111666113138, 0.0400875285268, 0.0335084311664, 0.233408153057, 0.56491625309, 0.437713742256, 0.100793890655, 0.0276538133621, 0.0254608392715, 0.0399884469807, 0.0809048935771, 0.0737664625049, 0.0832628980279, 0.2077165097, 0.192111104727, 0.0663719624281, 0.0399758070707, 0.044358111918, 0.343581855297], "key_strength": 0.632933914661, "tuning_nontempered_energy_ratio": 0.813271403313, "tuning_frequency": 437.971466064, "chords_changes_rate": 0.0434506833553, "tuning_diatonic_strength": 0.559838116169, "chords_scale": "minor", "chords_histogram": [50.396446228, 0.888043105602, 14.9064378738, 1.55407547951, 0.412305742502, 17.6974315643, 0, 0.919758975506, 0, 0, 0, 0, 0, 0, 0, 0, 0, 0, 0, 0, 0.0951474756002, 0, 3.61560416222, 9.51474761963], "tuning_equal_tempered_deviation": 0.125898092985, "hpcp": {"dmean": [0.0645733103156, 0.0757046937943, 0.0427491292357, 0.0154740717262, 0.0157383289188, 0.0202556103468, 0.0317537374794, 0.0314954333007, 0.0388059057295, 0.0799797400832, 0.074370585382, 0.0308098364621, 0.0208802167326, 0.0254704821855, 0.105628155172, 0.14150480926, 0.152674183249, 0.1000354141, 0.0195622835308, 0.0155897531658, 0.035495441407, 0.072731398046, 0.0919381380081, 0.120036788285, 0.106043927372, 0.0981589257717, 0.0607432164252, 0.0232362523675, 0.0318653471768, 0.0672044083476, 0.0695952326059, 0.084211923182, 0.0587746538222, 0.0257514957339, 0.0210864972323, 0.0652845799923], "dmean2": [0.10160087049, 0.112905152142, 0.0639050155878, 0.026982858777, 0.0285667683929, 0.034669905901, 0.0505662895739, 0.0512721017003, 0.0634472742677, 0.124152556062, 0.116211526096, 0.0506189204752, 0.0350985452533, 0.0443273447454, 0.149360075593, 0.216239616275, 0.229805350304, 0.153391450644, 0.0356611348689, 0.0288104973733, 0.0584053136408, 0.115414254367, 0.148864045739, 0.193077906966, 0.170219987631, 0.144828751683, 0.0970846861601, 0.0419935062528, 0.0576174594462, 0.107990689576, 0.114101111889, 0.138706341386, 0.0997664406896, 0.0462651178241, 0.0377057306468, 0.0933132842183], "max": [1, 1, 1, 1, 1, 1, 1, 1, 1, 1, 1, 1, 1, 0.987339198589, 1, 1, 1, 1, 1, 1, 1, 1, 1, 1, 1, 1, 1, 1, 1, 1, 1, 1, 1, 1, 1, 1], "dvar": [0.0158546604216, 0.0159802604467, 0.00840085372329, 0.00338849658147, 0.00407567527145, 0.00480490736663, 0.00625890819356, 0.00659324089065, 0.00743557652459, 0.0208561122417, 0.0181023478508, 0.00542846368626, 0.00598514964804, 0.00548034347594, 0.0155688654631, 0.0277095586061, 0.0290721133351, 0.0180402956903, 0.00452083675191, 0.00506280642003, 0.00728440936655, 0.0148288607597, 0.0206109285355, 0.0263916701078, 0.0263161752373, 0.0210806131363, 0.0121354255825, 0.0044979439117, 0.00681518530473, 0.0143698425964, 0.0202783476561, 0.0198964588344, 0.0151331210509, 0.00659437756985, 0.00497361645103, 0.01465992257], "mean": [0.272639065981, 0.211248770356, 0.0486450009048, 0.0133462427184, 0.0122878728434, 0.0192991662771, 0.0390462018549, 0.0356010608375, 0.0401842184365, 0.100247837603, 0.0927163809538, 0.032032340765, 0.0192930661142, 0.0214080475271, 0.165818974376, 0.482618540525, 0.439583778381, 0.121319368482, 0.0156079884619, 0.0127982003614, 0.0361790545285, 0.0946107134223, 0.113392293453, 0.204800501466, 0.347416490316, 0.247833430767, 0.0653240904212, 0.0176538508385, 0.0250556673855, 0.104706227779, 0.235059216619, 0.186796203256, 0.0538921356201, 0.0193469841033, 0.0161717906594, 0.112647101283], "dvar2": [0.0332801751792, 0.0312427114695, 0.017510663718, 0.00911772344261, 0.0119938794523, 0.0134993018582, 0.0155873578042, 0.0171182993799, 0.0197154171765, 0.0491050630808, 0.0415291115642, 0.0137466797605, 0.0160646531731, 0.0147539153695, 0.0329557582736, 0.0583256147802, 0.0638742819428, 0.0425546951592, 0.0131397750229, 0.0147730708122, 0.0197559874505, 0.0376743264496, 0.0529137291014, 0.0659403800964, 0.0605345070362, 0.0427205041051, 0.0279983822256, 0.0127357859164, 0.0194896459579, 0.0333257652819, 0.0428521819413, 0.0473292544484, 0.040162269026, 0.0185433477163, 0.0136340092868, 0.0287905521691], "min": [3.99463970098e-05, 2.45695919148e-05, 7.74236866619e-07, 1.82502489565e-07, 2.64473214884e-07, 7.50257186155e-07, 2.58760405814e-06, 2.5689114409e-06, 5.21087940797e-07, 5.64273022974e-07, 4.99220561778e-07, 5.52736196369e-07, 9.64332343756e-07, 6.74163004533e-07, 2.0092104478e-06, 8.44607857289e-05, 4.12231238442e-05, 3.04746919255e-07, 8.32617033097e-08, 1.69947291795e-08, 6.52722474115e-06, 2.45674382313e-05, 2.73074674624e-05, 1.24618309201e-05, 1.76247922923e-07, 1.09824111405e-06, 3.00152828459e-06, 3.06242895931e-07, 1.50541234234e-06, 3.67180996363e-06, 4.26591395808e-06, 1.31531737679e-06, 7.14074474217e-07, 1.10239534479e-06, 6.65760069296e-07, 2.12219929381e-05], "var": [0.143678277731, 0.0931975767016, 0.0120444055647, 0.00318790483288, 0.00298034679145, 0.00371177517809, 0.00849635340273, 0.00773544143885, 0.00720804277807, 0.0307721886784, 0.0262407753617, 0.00571365980431, 0.00510381860659, 0.00450534140691, 0.0348347313702, 0.138720706105, 0.127516761422, 0.0279264245182, 0.0039898827672, 0.00450115790591, 0.00749852508307, 0.0188733562827, 0.0244703497738, 0.0561539456248, 0.145508721471, 0.0959360077977, 0.0161544717848, 0.00326522137038, 0.00535316672176, 0.033228777349, 0.140401035547, 0.087764531374, 0.0146427098662, 0.00490948138759, 0.00385949132033, 0.0365674346685], "median": [0.0728775560856, 0.0575466267765, 0.00891256611794, 0.000997807714157, 0.00102135096677, 0.00190678390209, 0.00148671085481, 0.00181702594273, 0.00981064420193, 0.0271654985845, 0.0232397969812, 0.00486595882103, 0.000941318750847, 0.00153798738029, 0.0939739644527, 0.449113160372, 0.36230379343, 0.0450772829354, 0.0010822849581, 0.000599089020398, 0.00890343170613, 0.0460194498301, 0.0546425431967, 0.101660586894, 0.159810721874, 0.071158349514, 0.00926205515862, 0.00122690026183, 0.00182955316268, 0.0124374395236, 0.0170901175588, 0.0182563830167, 0.0102582555264, 0.000820367655251, 0.00106781744398, 0.0213495902717]}}, "lowlevel": {"melbands_flatness_db": {"dmean": 0.0316072069108, "dmean2": 0.0439371168613, "max": 0.737516820431, "dvar": 0.000958280579653, "mean": 0.348784655333, "dvar2": 0.00206705485471, "min": 0.00689629651606, "var": 0.00903427880257, "median": 0.339566200972}, "melbands_crest": {"dmean": 2.23309516907, "dmean2": 3.3957927227, "max": 39.3193893433, "dvar": 4.60689353943, "mean": 13.239315033, "dvar2": 11.5628871918, "min": 1.77623558044, "var": 18.0232963562, "median": 12.4033269882}, "spectral_entropy": {"dmean": 0.292984575033, "dmean2": 0.41010594368, "max": 9.81335544586, "dvar": 0.0913733392954, "mean": 6.2852435112, "dvar2": 0.186729595065, "min": 4.07908773422, "var": 0.692050337791, "median": 6.31166172028}, "melbands": {"dmean": [0.00076989812078, 0.000929637986701, 0.000374045048375, 0.000308624294121, 0.000571270124055, 0.000695803842973, 0.00032030994771, 0.000244164722972, 0.000203542775125, 8.1738398876e-05, 3.34065916832e-05, 9.70469118329e-05, 1.75734112418e-05, 1.02277872429e-05, 5.96026984567e-06, 4.12562940255e-06, 2.8678630315e-06, 5.18652996107e-06, 3.0467151646e-06, 1.51791266489e-06, 1.19721494229e-06, 1.29978946006e-06, 1.27636837988e-06, 6.73889132941e-07, 7.11210873305e-07, 7.87793510426e-07, 6.37541347714e-07, 5.11865664521e-07, 6.28090333521e-07, 7.70104406911e-07, 8.18815806269e-07, 8.31270938306e-07, 7.60027489832e-07, 6.01645183451e-07, 4.43705403086e-07, 5.0327145118e-07, 3.87441048133e-07, 2.8720646128e-07, 2.22706404429e-07, 1.48109307929e-07], "dmean2": [0.00124883407261, 0.00138391822111, 0.000534817459993, 0.000419257034082, 0.000717938877642, 0.00106156605761, 0.000466697645606, 0.000311682757456, 0.000229545097682, 9.9860393675e-05, 4.3922344048e-05, 0.000122966332128, 2.19022313104e-05, 1.44701562022e-05, 9.35072966968e-06, 6.30132217339e-06, 4.21116237703e-06, 7.43862710806e-06, 4.35709171143e-06, 2.40153963205e-06, 1.88076762697e-06, 2.08309552363e-06, 2.05511764761e-06, 1.09210679966e-06, 1.16406067718e-06, 1.23981408251e-06, 1.0120479601e-06, 8.18397950297e-07, 1.01816169717e-06, 1.27700309349e-06, 1.34215054004e-06, 1.36659639338e-06, 1.24356063225e-06, 9.10048868263e-07, 6.73858551181e-07, 7.69003349887e-07, 5.86923249557e-07, 4.4425064516e-07, 3.57785978622e-07, 2.34240488339e-07], "max": [0.0495981164277, 0.0448449626565, 0.0154257183895, 0.016759660095, 0.0213179495186, 0.0137093653902, 0.00807232316583, 0.00722359167412, 0.0120896454901, 0.00244139065035, 0.00349305709824, 0.00494092376903, 0.00240942672826, 0.00127159175463, 0.000444686069386, 0.000353175477358, 0.000181860523298, 0.0010888321558, 0.000528889417183, 0.000194300679141, 0.000158316965098, 0.000128149069496, 8.71133161127e-05, 8.74185498105e-05, 0.000119892865769, 0.00021570410172, 8.45042450237e-05, 6.38572164462e-05, 0.000183145224582, 0.000174648317625, 7.38904636819e-05, 5.09507517563e-05, 3.57582212018e-05, 5.13160448463e-05, 4.51207997685e-05, 5.80291307415e-05, 4.09523418057e-05, 2.28594199143e-05, 1.91862000065e-05, 1.59411029017e-05], "dvar": [5.95518849877e-06, 8.66109621711e-06, 5.2007760587e-07, 2.61166206883e-07, 5.86429052873e-07, 7.80061554906e-07, 1.71913882241e-07, 1.61942949717e-07, 8.67457430331e-08, 1.20289431749e-08, 8.37698888034e-09, 3.66809338459e-08, 5.61079627204e-09, 1.89240778603e-09, 3.20933501996e-10, 1.88993515282e-10, 7.71890329432e-11, 8.14412703942e-10, 2.19861295836e-10, 4.42723392668e-11, 1.59914807091e-11, 1.41944147408e-11, 1.43295869962e-11, 5.03881181571e-12, 8.17014598337e-12, 1.82507012975e-11, 5.77835349014e-12, 4.30388927622e-12, 1.26105818496e-11, 1.18948115246e-11, 9.84157460387e-12, 5.76759039833e-12, 5.00023069824e-12, 3.55659273733e-12, 2.20976687469e-12, 3.56859572274e-12, 1.90117821659e-12, 7.37957221372e-13, 4.52656494102e-13, 2.49551735613e-13], "mean": [0.00156197801698, 0.00251723802648, 0.00141434650868, 0.00122966337949, 0.00177354726475, 0.00153779354878, 0.0006445091567, 0.000504044990521, 0.000513259728905, 0.000196096443688, 6.1248530983e-05, 0.000185591663467, 4.37551825598e-05, 2.46857453021e-05, 1.21374132505e-05, 8.64134744916e-06, 5.2873660934e-06, 8.64328558237e-06, 4.82843097416e-06, 2.05995684155e-06, 1.71940416749e-06, 1.68162648606e-06, 1.60731485721e-06, 8.64842377268e-07, 8.70662461239e-07, 9.23458628677e-07, 7.56496319809e-07, 6.17142859483e-07, 7.11327629688e-07, 8.67464450494e-07, 8.96381209259e-07, 8.88304271029e-07, 8.14843076569e-07, 7.40808332012e-07, 5.43616636151e-07, 6.25777033747e-07, 4.94862092637e-07, 3.62540134802e-07, 2.56824819189e-07, 1.68372295661e-07], "dvar2": [1.57328504429e-05, 2.27756463573e-05, 1.35636378218e-06, 5.70401539335e-07, 1.12558007004e-06, 1.96450696421e-06, 4.20867053208e-07, 3.07144574663e-07, 1.18189674936e-07, 1.95042737516e-08, 1.29620438827e-08, 6.05236181173e-08, 7.34646166123e-09, 2.92370794241e-09, 7.77195918733e-10, 4.31143371005e-10, 1.35845917848e-10, 1.76258285745e-09, 4.72707817334e-10, 1.06736855465e-10, 3.37053093769e-11, 3.30670837934e-11, 3.22225197913e-11, 1.14161640211e-11, 2.04970623807e-11, 4.02712863057e-11, 1.3170115172e-11, 9.95600130116e-12, 3.30601830634e-11, 2.76939096655e-11, 2.45470727078e-11, 1.41009443705e-11, 1.20500415202e-11, 7.35280066e-12, 4.50210008163e-12, 7.32197809328e-12, 3.76033796115e-12, 1.37999399234e-12, 9.71054725345e-13, 5.31081146941e-13], "min": [9.73429350152e-24, 5.93589116642e-24, 1.71049072955e-23, 1.11098547166e-23, 7.43030374324e-24, 8.14878721167e-24, 2.87409894283e-24, 2.36423131852e-24, 4.58894390848e-24, 7.29546769302e-24, 1.35275698185e-23, 1.06419221492e-23, 4.08073131435e-24, 1.18430717402e-23, 1.79183317516e-23, 6.81219888071e-24, 8.5230228251e-24, 1.09655073705e-23, 6.56748081727e-24, 1.72508781174e-23, 7.34619066036e-24, 7.40127050649e-24, 9.34226591923e-24, 8.4399210619e-24, 1.01128812606e-23, 1.63044296246e-23, 1.30572462136e-23, 4.9141147402e-24, 1.53868392414e-23, 1.25920178613e-23, 1.24712266907e-23, 1.33741979035e-23, 1.01011524766e-23, 7.70616997952e-24, 9.15613576636e-24, 1.41449749614e-23, 1.68508183534e-23, 1.33915733538e-23, 7.62011393223e-24, 9.08147087054e-24], "var": [8.54402060213e-06, 2.15839190787e-05, 2.11055248656e-06, 2.20886158786e-06, 3.04854734168e-06, 2.39059727392e-06, 4.74769478842e-07, 5.11828602612e-07, 5.01175236423e-07, 5.15676070734e-08, 2.56977195079e-08, 1.15075131646e-07, 2.89901169737e-08, 8.27733437347e-09, 9.74174518831e-10, 6.24652163328e-10, 2.39899100585e-10, 1.95986160634e-09, 5.08622755024e-10, 4.88526857856e-11, 2.51626948444e-11, 2.13724159898e-11, 2.09082317432e-11, 9.89216260988e-12, 1.23502761837e-11, 2.88011333532e-11, 8.44055554616e-12, 5.41625164857e-12, 1.21615400042e-11, 1.60975538455e-11, 1.13234595311e-11, 6.80986690649e-12, 6.70039544681e-12, 7.53596404029e-12, 4.39014232953e-12, 7.12570757608e-12, 4.00628011668e-12, 1.78723398928e-12, 9.06072526036e-13, 4.81384463541e-13], "median": [0.000554358528461, 0.000369388202671, 0.00110987469088, 0.000772454193793, 0.0012894324027, 0.00103489647154, 0.000427977589425, 0.00020186934853, 0.000287552975351, 0.000122219120385, 1.4890842067e-05, 1.97963927349e-05, 7.3939891081e-06, 2.08683377423e-06, 1.91521507986e-06, 1.13234727905e-06, 5.24850634065e-07, 5.15756482855e-07, 4.42593886874e-07, 4.71169897764e-07, 4.95241692988e-07, 3.51786582087e-07, 3.14433236781e-07, 1.72991661884e-07, 1.96174724465e-07, 1.75298524141e-07, 1.35478700258e-07, 9.761188835e-08, 1.00654403923e-07, 1.05457850452e-07, 1.1261050048e-07, 1.26942239831e-07, 1.07167160479e-07, 9.92216300233e-08, 6.55002523331e-08, 7.01450062479e-08, 5.67737643564e-08, 4.3376203962e-08, 3.19069108912e-08, 2.30019203684e-08]}, "silence_rate_60dB": {"dmean": 0.00222081225365, "dmean2": 0.00444232905284, "max": 1, "dvar": 0.00221583689563, "mean": 0.0599524192512, "dvar2": 0.00505722453818, "min": 0, "var": 0.0563578009605, "median": 0}, "spectral_energyband_middle_high": {"dmean": 0.000799864588771, "dmean2": 0.00102727115154, "max": 0.0303995385766, "dvar": 1.80969925623e-06, "mean": 0.00192972447257, "dvar2": 2.93481571134e-06, "min": 1.593806394e-21, "var": 7.7055510701e-06, "median": 0.000802628987003}, "erbbands_skewness": {"dmean": 0.579167723656, "dmean2": 0.819365978241, "max": 8.43213748932, "dvar": 0.279940992594, "mean": 1.36733949184, "dvar2": 0.610011458397, "min": -2.51876139641, "var": 1.5865020752, "median": 1.28048062325}, "dynamic_complexity": 3.2109940052, "dissonance": {"dmean": 0.037909347564, "dmean2": 0.0624126940966, "max": 0.49995470047, "dvar": 0.00113826687448, "mean": 0.39394235611, "dvar2": 0.0029559484683, "min": 0.0809752196074, "var": 0.00543462717906, "median": 0.412316679955}, "spectral_skewness": {"dmean": 0.643119633198, "dmean2": 0.921963453293, "max": 14.3345212936, "dvar": 0.391202658415, "mean": 3.33673214912, "dvar2": 0.833318471909, "min": -0.0799847766757, "var": 3.38866972923, "median": 3.01065683365}, "spectral_kurtosis": {"dmean": 7.15284061432, "dmean2": 10.7806921005, "max": 286.76449585, "dvar": 107.075019836, "mean": 20.0898799896, "dvar2": 235.699249268, "min": -1.2071313858, "var": 801.397644043, "median": 12.2445964813}, "gfcc": {"cov": [[9115.62988281, -272.45904541, -388.79095459, 586.172790527, -308.882232666, 941.499206543, 340.22946167, 342.782470703, 167.296096802, 232.33807373, 63.8496780396, 376.318634033, 224.074035645], [-272.45904541, 1207.84338379, 119.008499146, -393.672302246, 148.591079712, -320.312896729, 83.9787216187, -106.866882324, 83.5930557251, -129.95690918, 24.1110191345, -138.9871521, -34.9725761414], [-388.79095459, 119.008499146, 857.074951172, 49.4698944092, -149.446151733, -184.770004272, -117.707862854, 10.5769176483, -6.40181684494, -4.55773353577, 12.2530593872, 25.6106357574, -64.5500793457], [586.172790527, -393.672302246, 49.4698944092, 563.09979248, -35.1191482544, 102.312774658, -14.780626297, 38.1383895874, 54.0684738159, 86.7873306274, 46.7743415833, 44.0103263855, 19.3927726746], [-308.882232666, 148.591079712, -149.446151733, -35.1191482544, 429.78717041, 96.9059066772, 86.4795303345, -1.54051864147, 16.7618331909, 72.2995681763, 32.2654457092, 37.9318733215, -11.9859724045], [941.499206543, -320.312896729, -184.770004272, 102.312774658, 96.9059066772, 624.601074219, 204.010574341, 146.601806641, -6.63062524796, 61.0851745605, 36.8239173889, 143.829238892, 93.3890457153], [340.22946167, 83.9787216187, -117.707862854, -14.780626297, 86.4795303345, 204.010574341, 298.996337891, 125.607116699, 25.9966182709, -37.2081756592, -19.1434898376, 59.0435295105, 58.5110244751], [342.782470703, -106.866882324, 10.5769176483, 38.1383895874, -1.54051864147, 146.601806641, 125.607116699, 189.422683716, 28.7717418671, -5.554666996, -28.2631511688, 45.4893112183, 37.7055931091], [167.296096802, 83.5930557251, -6.40181684494, 54.0684738159, 16.7618331909, -6.63062524796, 25.9966182709, 28.7717418671, 133.564529419, 44.8423919678, 3.54721546173, -32.7454795837, -1.93195819855], [232.33807373, -129.95690918, -4.55773353577, 86.7873306274, 72.2995681763, 61.0851745605, -37.2081756592, -5.554666996, 44.8423919678, 156.810760498, 43.3470153809, 29.0434474945, -16.65259552], [63.8496780396, 24.1110191345, 12.2530593872, 46.7743415833, 32.2654457092, 36.8239173889, -19.1434898376, -28.2631511688, 3.54721546173, 43.3470153809, 107.908004761, 37.1006813049, -2.621997118], [376.318634033, -138.9871521, 25.6106357574, 44.0103263855, 37.9318733215, 143.829238892, 59.0435295105, 45.4893112183, -32.7454795837, 29.0434474945, 37.1006813049, 160.169967651, 50.7423019409], [224.074035645, -34.9725761414, -64.5500793457, 19.3927726746, -11.9859724045, 93.3890457153, 58.5110244751, 37.7055931091, -1.93195819855, -16.65259552, -2.621997118, 50.7423019409, 95.5551528931]], "mean": [-72.6538543701, 137.022369385, -59.4820098877, 9.46229457855, -79.8506698608, -8.11469173431, -36.8202896118, 1.96688115597, -15.7005500793, -2.61757469177, -14.932756424, 1.52489340305, -9.48921203613], "icov": [[0.000222601433052, -0.000455159140984, 0.000271227530902, -0.000363947299775, 0.000544536742382, -0.000359746976756, 0.00022260240803, -0.000298876402667, 9.78933894658e-05, -0.000565285910852, 0.000506662006956, -0.000749714905396, 0.000285517162411], [-0.000455159140984, 0.00361815514043, -0.00139922788367, 0.00231275195256, -0.00232194201089, 0.0017132217763, -0.00223651854321, 0.00213980814442, -0.00253752875142, 0.00318425754085, -0.0034879448358, 0.00331202917732, -0.00181440380402], [0.000271227530902, -0.00139922788367, 0.00216410355642, -0.00102870515548, 0.00149730814155, -0.000259956723312, 0.00129853200633, -0.0015592671698, 0.000635386270005, -0.00106042413972, 0.00119257601909, -0.00268139247783, 0.00206924485974], [-0.000363947299775, 0.00231275195256, -0.00102870515548, 0.00366120156832, -0.00123460707255, 0.000906846194994, -0.00111264304724, 0.00106968486216, -0.0022000730969, 0.00125167891383, -0.00280400272459, 0.00205793045461, -0.00151610304601], [0.000544536742382, -0.00232194201089, 0.00149730814155, -0.00123460707255, 0.00503930449486, -0.00130664743483, 2.78056268144e-05, -0.000821979076136, 0.00130716804415, -0.00389742734842, 0.00199747039005, -0.00326873082668, 0.00248955888674], [-0.000359746976756, 0.0017132217763, -0.000259956723312, 0.000906846194994, -0.00130664743483, 0.00404802151024, -0.00229492830113, -0.0003840670106, 0.000101605801319, 0.000181157010957, -0.00248194811866, 0.000946885615122, -0.00198968616314], [0.00022260240803, -0.00223651854321, 0.00129853200633, -0.00111264304724, 2.78056268144e-05, -0.00229492830113, 0.00838770065457, -0.00409764796495, -0.000569108815398, 0.00134035735391, 0.00254508899525, -0.00336942495778, 0.000570912205148], [-0.000298876402667, 0.00213980814442, -0.0015592671698, 0.00106968486216, -0.000821979076136, -0.0003840670106, -0.00409764796495, 0.0107315406203, -0.00345954741351, 0.00199287035502, 0.000936903757975, 0.000634453317616, -0.0012735085329], [9.78933894658e-05, -0.00253752875142, 0.000635386270005, -0.0022000730969, 0.00130716804415, 0.000101605801319, -0.000569108815398, -0.00345954741351, 0.0134750735015, -0.0067190383561, 0.00122011755593, 0.00282928207889, -0.00087173312204], [-0.000565285910852, 0.00318425754085, -0.00106042413972, 0.00125167891383, -0.00389742734842, 0.000181157010957, 0.00134035735391, 0.00199287035502, -0.0067190383561, 0.0145448287949, -0.00460248021409, 0.00022911283304, 0.00139854161534], [0.000506662006956, -0.0034879448358, 0.00119257601909, -0.00280400272459, 0.00199747039005, -0.00248194811866, 0.00254508899525, 0.000936903757975, 0.00122011755593, -0.00460248021409, 0.0159119702876, -0.00657795136794, 0.00281039439142], [-0.000749714905396, 0.00331202917732, -0.00268139247783, 0.00205793045461, -0.00326873082668, 0.000946885615122, -0.00336942495778, 0.000634453317616, 0.00282928207889, 0.00022911283304, -0.00657795136794, 0.0161447543651, -0.00743801705539], [0.000285517162411, -0.00181440380402, 0.00206924485974, -0.00151610304601, 0.00248955888674, -0.00198968616314, 0.000570912205148, -0.0012735085329, -0.00087173312204, 0.00139854161534, 0.00281039439142, -0.00743801705539, 0.0174998883158]]}, "spectral_complexity": {"dmean": 1.21605324745, "dmean2": 2.00317311287, "max": 32, "dvar": 2.34229803085, "mean": 8.47835063934, "dvar2": 5.38545894623, "min": 0, "var": 12.9623212814, "median": 8}, "spectral_flux": {"dmean": 0.0193804763258, "dmean2": 0.032003544271, "max": 0.409969836473, "dvar": 0.000764975848142, "mean": 0.0624781325459, "dvar2": 0.0016898503527, "min": 1.04054820316e-10, "var": 0.00160434446298, "median": 0.0572119280696}, "spectral_energyband_low": {"dmean": 0.00436123739928, "dmean2": 0.00667545525357, "max": 0.232666522264, "dvar": 0.000172028550878, "mean": 0.0118855722249, "dvar2": 0.000446452002507, "min": 5.31638228924e-23, "var": 0.000339786027325, "median": 0.00433001061901}, "spectral_decrease": {"dmean": 2.20901963388e-09, "dmean2": 3.10564152173e-09, "max": 5.8630833271e-30, "dvar": 1.34987984666e-17, "mean": -9.76543024223e-09, "dvar2": 3.29810773772e-17, "min": -7.80595428296e-08, "var": 5.01722330815e-17, "median": -8.17959566746e-09}, "barkbands_spread": {"dmean": 2.24950289726, "dmean2": 3.38980841637, "max": 97.6962814331, "dvar": 21.3050098419, "mean": 7.31301307678, "dvar2": 53.820526123, "min": 0.453079491854, "var": 61.9812545776, "median": 5.37769079208}, "spectral_rms": {"dmean": 0.000645554158837, "dmean2": 0.000875899335369, "max": 0.0170655883849, "dvar": 6.70873077979e-07, "mean": 0.00565134547651, "dvar2": 1.54843587552e-06, "min": 3.25012651341e-12, "var": 5.17813532497e-06, "median": 0.00558752706274}, "spectral_centroid": {"dmean": 83.5341949463, "dmean2": 122.887336731, "max": 10969.2236328, "dvar": 43694.21875, "mean": 505.572784424, "dvar2": 84822.21875, "min": 148.163009644, "var": 114526.773438, "median": 421.473419189}, "barkbands_skewness": {"dmean": 0.6168795228, "dmean2": 0.907928884029, "max": 19.0051593781, "dvar": 0.439540535212, "mean": 1.51563858986, "dvar2": 0.98627948761, "min": -1.88112092018, "var": 1.4261496067, "median": 1.34187543392}, "spectral_rolloff": {"dmean": 136.310913086, "dmean2": 236.101730347, "max": 19272.2167969, "dvar": 329904.75, "mean": 599.329528809, "dvar2": 804437.3125, "min": 21.533203125, "var": 349147.8125, "median": 516.796875}, "erbbands_spread": {"dmean": 5.82530355453, "dmean2": 8.63046646118, "max": 111.022003174, "dvar": 81.8851318359, "mean": 16.3008918762, "dvar2": 177.599456787, "min": 1.25749397278, "var": 223.408874512, "median": 11.7154903412}, "barkbands": {"dmean": [0.000124134443467, 0.0031146525871, 0.00129198411014, 0.000776748056524, 0.00160916021559, 0.00351171591319, 0.00128103629686, 0.00131165992934, 0.000525139446836, 0.000626060354989, 0.000123600562802, 5.37718151463e-05, 5.28247328475e-05, 2.81472257484e-05, 6.01266583544e-05, 1.86002926057e-05, 2.59072057816e-05, 1.48853850988e-05, 1.87102559721e-05, 1.65676738106e-05, 3.00784413412e-05, 4.03149606427e-05, 2.95605495921e-05, 2.6545019864e-05, 1.34973588501e-05, 4.98892131873e-06, 7.13762631221e-07], "dmean2": [0.000166670128237, 0.00501301558688, 0.001815321506, 0.00112617562991, 0.00201038504019, 0.00511959847063, 0.00181976146996, 0.00149401405361, 0.000652486050967, 0.000790172140114, 0.00015320222883, 8.62943998072e-05, 8.19477063487e-05, 4.16684088123e-05, 8.50534270285e-05, 2.92228505714e-05, 4.14091009588e-05, 2.40719255089e-05, 2.94609744742e-05, 2.63772944891e-05, 4.92574945383e-05, 6.45105683361e-05, 4.47607162641e-05, 3.98946431233e-05, 2.1455634851e-05, 8.53922574606e-06, 1.26485781493e-06], "max": [0.0103754810989, 0.201593101025, 0.0875885337591, 0.0327367633581, 0.0585848465562, 0.0756138190627, 0.0315469503403, 0.0560743659735, 0.0134394234046, 0.0286967419088, 0.0176553744823, 0.00370981241576, 0.0051371161826, 0.00166040344629, 0.01263997145, 0.00278202746995, 0.00247533177026, 0.00157536636107, 0.00417746929452, 0.00150594394654, 0.0052275871858, 0.00208063074388, 0.00258813682012, 0.00255415635183, 0.00122949969955, 0.000175437249709, 1.23075124066e-05], "dvar": [9.22080545251e-08, 9.741957183e-05, 1.88123558473e-05, 2.14874694393e-06, 4.28877410741e-06, 1.85415701708e-05, 2.67451287073e-06, 3.50682125827e-06, 4.4986040848e-07, 1.44564637594e-06, 3.01209468034e-07, 3.34942846791e-08, 3.42125581199e-08, 7.62729079895e-09, 1.09259424619e-07, 5.81435788405e-09, 5.63449065183e-09, 2.0749604257e-09, 7.58453300165e-09, 3.35379657379e-09, 1.57757256147e-08, 1.31410580195e-08, 9.32804411491e-09, 6.83691503411e-09, 1.94374072393e-09, 1.86262116841e-10, 2.00515602386e-12], "mean": [0.00032217122498, 0.00680275540799, 0.00362081476487, 0.0026498278603, 0.00669480767101, 0.00892687123269, 0.00253621255979, 0.00306813023053, 0.00124691659585, 0.00121184752788, 0.000304295826936, 0.000108563523099, 0.000105197650555, 5.06367068738e-05, 9.74450376816e-05, 2.67904033535e-05, 3.37752426276e-05, 1.94114072656e-05, 2.28883964155e-05, 2.05193318834e-05, 3.51444869011e-05, 4.49831095466e-05, 3.73018810933e-05, 3.46201632055e-05, 1.54558965733e-05, 5.63070807402e-06, 8.61256296503e-07], "dvar2": [2.04567584206e-07, 0.000258381041931, 4.87156576128e-05, 5.35304616278e-06, 9.04444732441e-06, 4.34324574599e-05, 6.26271048532e-06, 5.22395566804e-06, 7.43631574096e-07, 2.35854031416e-06, 3.86954297937e-07, 7.72267298998e-08, 8.13637939245e-08, 1.45588305855e-08, 2.36454781088e-07, 1.40083704636e-08, 1.24333050522e-08, 4.71089212084e-09, 1.6202065467e-08, 7.54082041254e-09, 3.66144519148e-08, 3.098703516e-08, 1.8214219466e-08, 1.23956969134e-08, 4.11504030851e-09, 4.89576768015e-10, 5.697317184e-12], "min": [4.05890787183e-24, 3.21829311584e-23, 6.78826957401e-24, 4.18658138058e-23, 4.42997936418e-23, 4.73898059837e-23, 9.94696961271e-24, 1.74258679766e-23, 4.97301669629e-23, 9.21419766448e-23, 3.72084673738e-23, 1.21088230442e-22, 1.05223486642e-22, 8.90054593748e-23, 1.28110897412e-22, 1.98743382407e-22, 1.19464603237e-22, 1.763306324e-22, 4.091468863e-22, 2.16451668899e-22, 5.83780697825e-22, 5.86157075038e-22, 5.98892243544e-22, 1.16554776824e-21, 1.02571254237e-21, 1.80439878275e-21, 2.1765599823e-21], "var": [2.2837204483e-07, 0.000166680110851, 6.41163569526e-05, 1.25648894027e-05, 3.80632591259e-05, 7.32536718715e-05, 8.38359028421e-06, 1.76561879925e-05, 1.99429837267e-06, 4.73720092486e-06, 1.58415559781e-06, 9.13192153007e-08, 1.09280669847e-07, 2.18324611723e-08, 2.61329631712e-07, 6.67217614492e-09, 8.74166516951e-09, 3.97896116056e-09, 1.3029323398e-08, 4.8782582418e-09, 2.13913988745e-08, 1.8021410142e-08, 2.0324794292e-08, 1.69913363379e-08, 3.84916232221e-09, 1.8232555743e-10, 1.88699555113e-12], "median": [0.000139330673846, 0.00176084856503, 0.000756962981541, 0.00150918681175, 0.00520365405828, 0.00628430489451, 0.00160264200531, 0.00155123323202, 0.000778237939812, 0.000162292155437, 3.26343651977e-05, 1.51047479449e-05, 1.46073743963e-05, 5.23905782757e-06, 6.5674707912e-06, 7.15412897989e-06, 7.38440894565e-06, 3.92574474972e-06, 4.66927212983e-06, 3.43151032212e-06, 4.63337028123e-06, 6.15259114056e-06, 4.76400464322e-06, 4.23080928158e-06, 2.27271857511e-06, 2.3247387162e-06, 4.1094560288e-07]}, "melbands_kurtosis": {"dmean": 5.62487316132, "dmean2": 8.54046726227, "max": 901.506347656, "dvar": 241.918609619, "mean": 9.30848312378, "dvar2": 584.421447754, "min": -1.68579339981, "var": 294.540893555, "median": 5.27501058578}, "erbbands_crest": {"dmean": 2.64262342453, "dmean2": 4.02706480026, "max": 29.8804588318, "dvar": 5.67741298676, "mean": 12.435710907, "dvar2": 12.0609006882, "min": 2.07817959785, "var": 16.7585048676, "median": 11.7861623764}, "melbands_skewness": {"dmean": 0.589413821697, "dmean2": 0.865486621857, "max": 26.6950817108, "dvar": 0.52678412199, "mean": 1.56264340878, "dvar2": 1.15248155594, "min": -0.726965248585, "var": 1.49991190434, "median": 1.33324944973}, "spectral_energyband_middle_low": {"dmean": 0.00606343103573, "dmean2": 0.00773742934689, "max": 0.12891381979, "dvar": 3.8599504478e-05, "mean": 0.0252357069403, "dvar2": 7.70496917539e-05, "min": 2.33647650186e-22, "var": 0.000280692707747, "median": 0.0221679117531}, "spectral_contrast_coeffs": {"dmean": [0.0404945574701, 0.0415495708585, 0.0388416647911, 0.0262940451503, 0.0193268787116, 0.0210074819624], "dmean2": [0.0633694753051, 0.0663007348776, 0.0590152144432, 0.0425031520426, 0.0306155793369, 0.0330519787967], "max": [-0.188758894801, -0.280002325773, -0.329995989799, -0.604918420315, -0.624110877514, -0.534548103809], "dvar": [0.00144639110658, 0.00115289306268, 0.000990423024632, 0.000507573597133, 0.000333532341756, 0.000474456115626], "mean": [-0.53592646122, -0.655861616135, -0.684000492096, -0.794016718864, -0.83379471302, -0.806916773319], "dvar2": [0.00318532600068, 0.00300649111159, 0.00226024771109, 0.0012251600856, 0.000742915377486, 0.00110235181637], "min": [-0.968339443207, -0.957166671753, -0.981473565102, -0.966919839382, -0.96676003933, -0.961937189102], "var": [0.0121809598058, 0.0102067505941, 0.0102325044572, 0.00313448812813, 0.00159482611343, 0.00217513553798], "median": [-0.544695198536, -0.657961905003, -0.683123230934, -0.802189707756, -0.842455923557, -0.812193572521]}, "spectral_contrast_valleys": {"dmean": [0.4294039011, 0.317383557558, 0.373073130846, 0.339518785477, 0.37289327383, 0.432658821344], "dmean2": [0.677089750767, 0.497072935104, 0.585659205914, 0.531249642372, 0.545336186886, 0.613526761532], "max": [-5.18875741959, -4.51056480408, -6.09929180145, -6.60522651672, -6.24321174622, -7.91868638992], "dvar": [0.232963383198, 0.115658462048, 0.15726827085, 0.163132637739, 0.186571732163, 0.211904123425], "mean": [-7.79822397232, -6.44644546509, -8.57186794281, -9.32010173798, -9.10928058624, -11.0002202988], "dvar2": [0.424293249846, 0.207005769014, 0.298806428909, 0.310114204884, 0.353654265404, 0.393727958202], "min": [-27.2464466095, -27.2740707397, -26.9556674957, -27.186214447, -27.048866272, -27.271402359], "var": [1.80200517178, 1.34367191792, 1.40984880924, 1.19818413258, 1.29856479168, 1.43416631222], "median": [-7.45378541946, -6.13314771652, -8.26035881042, -9.10028839111, -8.9580411911, -10.9202222824]}, "silence_rate_20dB": {"dmean": 0, "dmean2": 0, "max": 1, "dvar": 0, "mean": 1, "dvar2": 0, "min": 1, "var": 0, "median": 1}, "silence_rate_30dB": {"dmean": 0.0196700505912, "dmean2": 0.039346344769, "max": 1, "dvar": 0.0192837156355, "mean": 0.972402870655, "dvar2": 0.0450957939029, "min": 0, "var": 0.0268363133073, "median": 1}, "spectral_strongpeak": {"dmean": 0.405587017536, "dmean2": 0.690985202789, "max": 7.49801492691, "dvar": 0.324007660151, "mean": 0.938699126244, "dvar2": 0.779845893383, "min": 0, "var": 0.567358791828, "median": 0.739645302296}, "spectral_spread": {"dmean": 844363.75, "dmean2": 1222898.875, "max": 41531904, "dvar": 961906802688, "mean": 3763785.5, "dvar2": 1688264376320.0, "min": 371125.375, "var": 3432238546940.0, "median": 3419127}, "barkbands_flatness_db": {"dmean": 0.0269017778337, "dmean2": 0.0379127673805, "max": 0.595966219902, "dvar": 0.000638777739368, "mean": 0.25349894166, "dvar2": 0.00140492070932, "min": 0.0240434035659, "var": 0.00791077874601, "median": 0.2386379987}, "pitch_salience": {"dmean": 0.0540374554694, "dmean2": 0.083499930799, "max": 0.917198061943, "dvar": 0.00274157593958, "mean": 0.555403113365, "dvar2": 0.00672067468986, "min": 0.043456595391, "var": 0.0119672976434, "median": 0.550180613995}, "erbbands_kurtosis": {"dmean": 3.62944817543, "dmean2": 5.41696405411, "max": 114.052009583, "dvar": 24.5714740753, "mean": 8.01605129242, "dvar2": 56.7156906128, "min": -1.76669204235, "var": 119.323387146, "median": 4.71114397049}, "average_loudness": 0.932279229164, "barkbands_crest": {"dmean": 1.91905331612, "dmean2": 3.00749802589, "max": 25.637796402, "dvar": 3.17951989174, "mean": 10.6413202286, "dvar2": 8.21743392944, "min": 2.47824716568, "var": 9.91514778137, "median": 10.2620630264}, "hfc": {"dmean": 3.15144872665, "dmean2": 4.27038288116, "max": 71.5124130249, "dvar": 13.5064516068, "mean": 13.0854825974, "dvar2": 26.7155971527, "min": 1.19616259041e-16, "var": 75.4678115845, "median": 11.9093647003}, "barkbands_kurtosis": {"dmean": 4.81780767441, "dmean2": 7.36349153519, "max": 457.270141602, "dvar": 89.5247650146, "mean": 9.84929466248, "dvar2": 192.668319702, "min": -1.87827479839, "var": 247.31300354, "median": 5.84940958023}, "erbbands": {"dmean": [0.0750575065613, 0.757779657841, 1.67062592506, 1.80118918419, 4.24260234833, 4.35963869095, 20.4068756104, 32.316860199, 22.6831912994, 22.0876865387, 25.785238266, 15.8067235947, 6.53548288345, 22.2722930908, 6.46924686432, 2.33050131798, 2.56091380119, 1.47004020214, 3.4382185936, 1.30193197727, 0.989002883434, 1.21731472015, 0.841339111328, 0.856152355671, 1.00541162491, 0.790590405464, 1.05809783936, 1.33476316929, 1.41024553776, 1.13479244709, 0.809416115284, 0.662396371365, 0.38587552309, 0.196197971702, 0.0747052133083, 0.0301881432533, 0.00718539068475, 0.00142066704575, 0.000115194823593, 1.01690002339e-05], "dmean2": [0.122727647424, 1.20738148689, 2.38281583786, 2.5988535881, 5.90475320816, 5.71755075455, 25.6910667419, 49.841835022, 33.2503585815, 28.8253688812, 29.0322818756, 18.8290519714, 8.58888053894, 28.1895847321, 7.95015192032, 3.61451816559, 3.86864471436, 2.16706800461, 4.89218187332, 1.9516685009, 1.52419269085, 1.92956721783, 1.33614099026, 1.38194048405, 1.56451511383, 1.24819552898, 1.6958309412, 2.17135357857, 2.29898500443, 1.74759459496, 1.22042751312, 0.985992610455, 0.59366351366, 0.310713291168, 0.121515244246, 0.0508124679327, 0.0123900873587, 0.00252434844151, 0.000201627335628, 1.44161640492e-05], "max": [5.41749048233, 49.5451469421, 86.6384048462, 102.530776978, 208.423324585, 223.22833252, 783.008605957, 640.425720215, 583.576904297, 748.671508789, 1541.37414551, 392.271575928, 716.982055664, 1135.19506836, 933.192687988, 181.177810669, 264.888366699, 83.7632446289, 754.953674316, 190.213867188, 142.553344727, 98.4303436279, 59.6663208008, 155.690139771, 188.640487671, 71.8579711914, 283.505706787, 156.713195801, 65.2137680054, 81.1151351929, 88.7643432617, 72.0636444092, 27.1228141785, 19.8936748505, 6.88535642624, 1.30549836159, 0.23227840662, 0.0231160074472, 0.00196968624368, 0.000327488814946], "dvar": [0.0549800209701, 5.96763467789, 29.2043590546, 18.4899921417, 47.5697517395, 41.9941368103, 789.055175781, 1824.85534668, 906.616821289, 1377.88671875, 1505.68640137, 362.002166748, 331.557220459, 1902.12426758, 836.014038086, 61.1865539551, 81.5840072632, 17.1317424774, 385.867614746, 27.8224315643, 11.1894235611, 10.8178958893, 5.22687005997, 10.9677124023, 21.5209121704, 8.13322925568, 29.5243377686, 24.2357006073, 15.3622789383, 11.2288475037, 7.4964261055, 5.4990644455, 1.24767613411, 0.399548888206, 0.0675532072783, 0.00896115694195, 0.000283128058072, 7.75994612923e-06, 4.62190747896e-08, 2.37441677431e-10], "mean": [0.130540505052, 1.73459196091, 4.77923822403, 6.26718950272, 17.1506729126, 16.3043422699, 62.2623023987, 68.4273071289, 45.0992469788, 45.1061515808, 64.3511962891, 39.3290061951, 13.4674339294, 43.0403938293, 16.7398796082, 5.29876327515, 5.52547454834, 3.03307557106, 5.77838277817, 1.99298596382, 1.53048145771, 1.65248692036, 1.15765035152, 1.10647833347, 1.22250366211, 0.985575914383, 1.25064718723, 1.50931763649, 1.53153145313, 1.37458860874, 1.01542663574, 0.860877335072, 0.487383335829, 0.226966679096, 0.0813274309039, 0.0317850075662, 0.00875360332429, 0.00182868097909, 0.000157445858349, 4.53703942185e-05], "dvar2": [0.145046234131, 15.9448652267, 76.2880401611, 48.1563110352, 113.561630249, 89.5269699097, 1521.96618652, 4686.1953125, 2244.58520508, 2720.86206055, 2066.14282227, 574.164733887, 512.184448242, 3138.23486328, 1081.68786621, 146.18522644, 193.765869141, 30.8719177246, 837.690612793, 60.2646865845, 23.6167144775, 24.1654758453, 11.7611446381, 25.6270923615, 46.9603805542, 18.0744419098, 72.0068588257, 58.6703300476, 37.1301116943, 23.3509197235, 14.8206501007, 10.5968132019, 2.3177382946, 0.835859119892, 0.161301165819, 0.0229299236089, 0.00075876142364, 2.1728581487e-05, 1.30438394308e-07, 5.77582093264e-10], "min": [1.40798711544e-21, 4.93941249653e-21, 1.14614654585e-20, 6.31628265656e-20, 2.07517695403e-19, 9.57818926904e-20, 2.57746454492e-19, 3.55810913309e-19, 1.85410039837e-19, 2.08088320779e-19, 4.89894822652e-19, 1.15627638381e-18, 2.54639403845e-18, 2.4389937349e-18, 1.53515829498e-18, 6.03984246306e-18, 4.65713190061e-18, 4.60942053647e-18, 6.57304598105e-18, 8.75627919286e-18, 8.14259141486e-18, 8.03000468887e-18, 9.47658972463e-18, 1.29629252232e-17, 2.38211290823e-17, 1.04040386895e-17, 2.42349030227e-17, 2.02994820706e-17, 2.24304333318e-17, 1.4713109532e-17, 1.76930425779e-17, 2.68140753337e-17, 1.62684175331e-17, 1.06171162794e-17, 8.48524519335e-18, 7.38141319775e-18, 3.50431178759e-18, 1.06587722679e-18, 2.64809698044e-19, 3.73543423207e-20], "var": [0.0597794763744, 11.5106611252, 94.0915145874, 64.0805587769, 408.918151855, 307.621063232, 4060.11962891, 5277.07666016, 2306.91699219, 4146.27636719, 8810.21191406, 1645.92724609, 1028.59313965, 5960.20410156, 4260.83496094, 187.601303101, 278.612792969, 59.5256156921, 921.64276123, 46.0477218628, 17.7805576324, 18.2011241913, 10.1860256195, 19.1519012451, 34.6350898743, 11.7464504242, 34.5690803528, 31.1510238647, 19.1516017914, 22.522190094, 15.7219572067, 12.1545562744, 3.10517787933, 0.800445079803, 0.109821818769, 0.00990697462112, 0.000273062323686, 7.21271317161e-06, 4.9812690861e-08, 9.59998525119e-10], "median": [0.0605777986348, 0.277810662985, 0.755560219288, 4.0394949913, 11.31245327, 11.55377388, 45.212562561, 43.065662384, 30.2533607483, 18.9254951477, 33.2487220764, 27.1317043304, 5.27294540405, 6.05041742325, 3.29938340187, 0.979047000408, 0.896904230118, 0.408822894096, 0.368572384119, 0.400846272707, 0.482473999262, 0.383245974779, 0.254681438208, 0.259056448936, 0.233379453421, 0.168348908424, 0.16956306994, 0.200432509184, 0.219596922398, 0.186624825001, 0.123231068254, 0.100541561842, 0.0603299625218, 0.0304705128074, 0.013131795451, 0.00832186825573, 0.00459743244573, 0.00105185690336, 8.41540968395e-05, 3.94