{"tonal": {"chords_key": "A#", "hpcp_entropy": {"dmean": 0.519799232483, "dmean2": 0.870333969593, "max": 4.15284967422, "dvar": 0.228694155812, "mean": 1.83916902542, "dvar2": 0.603896260262, "min": 0, "var": 0.585533082485, "median": 1.89804899693}, "key_key": "A#", "chords_strength": {"dmean": 0.00854878406972, "dmean2": 0.00699517503381, "max": 0.774766981602, "dvar": 0.000483537267428, "mean": 0.511476099491, "dvar2": 0.000896620680578, "min": -1, "var": 0.038005117327, "median": 0.537581861019}, "key_scale": "major", "chords_number_rate": 0.00181447039358, "thpcp": [1, 0.649812459946, 0.218362241983, 0.145129188895, 0.132824212313, 0.31844446063, 0.473654776812, 0.319907099009, 0.194134950638, 0.169882848859, 0.182825818658, 0.62136298418, 0.907457172871, 0.585638701916, 0.569626092911, 0.664068043232, 0.366940975189, 0.251649409533, 0.300272375345, 0.30894574523, 0.6562961936, 0.862986087799, 0.441918879747, 0.12787130475, 0.110111758113, 0.154228284955, 0.417435675859, 0.543865144253, 0.298843890429, 0.123074650764, 0.0915954262018, 0.118545398116, 0.350887328386, 0.464366167784, 0.2965914011, 0.580003499985], "key_strength": 0.809383571148, "tuning_nontempered_energy_ratio": 0.630749225616, "tuning_frequency": 443.316436768, "chords_changes_rate": 0.0376502610743, "tuning_diatonic_strength": 0.590426266193, "chords_scale": "major", "chords_histogram": [42.549331665, 13.0641870499, 4.53617620468, 0, 0.703107297421, 0, 0.340213209391, 0.0226808805019, 0.36289408803, 0.657745540142, 1.42889547348, 0, 0, 0, 0, 1.47425723076, 0, 0.929916083813, 0, 0.204127922654, 0, 4.40009069443, 18.3941936493, 10.9321842194], "tuning_equal_tempered_deviation": 0.0314309597015, "hpcp": {"dmean": [0.104227751493, 0.0922050625086, 0.129463791847, 0.151862680912, 0.143586203456, 0.0924358516932, 0.0623074732721, 0.0580686703324, 0.0846749842167, 0.101630009711, 0.0852723494172, 0.065375842154, 0.0596649721265, 0.0650568306446, 0.137440308928, 0.163404017687, 0.15240046382, 0.132396325469, 0.112896077335, 0.0995452553034, 0.0887318104506, 0.0977507904172, 0.114668995142, 0.146623760462, 0.155863717198, 0.108716651797, 0.0539215058088, 0.044688038528, 0.0595502965152, 0.0920875743032, 0.104105263948, 0.0772212594748, 0.0430759899318, 0.0375995896757, 0.0501118712127, 0.0867373719811], "dmean2": [0.178390011191, 0.161396026611, 0.223906651139, 0.254916936159, 0.246715545654, 0.166134253144, 0.1135610044, 0.105897367001, 0.145483985543, 0.17079398036, 0.148521363735, 0.116325169802, 0.107148878276, 0.11501031369, 0.233140617609, 0.275685429573, 0.260791301727, 0.228912949562, 0.193007320166, 0.174859136343, 0.15694744885, 0.172196596861, 0.203636139631, 0.252514570951, 0.265866994858, 0.183977901936, 0.0974937006831, 0.0805649831891, 0.105515301228, 0.155471429229, 0.17192800343, 0.128915414214, 0.0752434507012, 0.0682010948658, 0.0892513021827, 0.1499094069], "max": [1, 1, 1, 1, 1, 1, 1, 1, 1, 1, 1, 1, 1, 1, 1, 1, 1, 1, 1, 1, 1, 1, 1, 1, 1, 1, 1, 1, 1, 1, 1, 1, 1, 1, 1, 1], "dvar": [0.0306198615581, 0.0238289833069, 0.0288219507784, 0.0409408546984, 0.0359868593514, 0.0286124534905, 0.0206534471363, 0.0185462702066, 0.0234176907688, 0.0281231645495, 0.023823576048, 0.0187914054841, 0.0180871989578, 0.0179104562849, 0.0317595303059, 0.0438214428723, 0.0376413501799, 0.0371903777122, 0.0377846099436, 0.0293688829988, 0.0269067399204, 0.0313290022314, 0.0336733162403, 0.0388088859618, 0.0381636098027, 0.0249058958143, 0.0174742415547, 0.0122696924955, 0.0147857870907, 0.0213651694357, 0.0274843554944, 0.0174453705549, 0.00971877761185, 0.0105815334246, 0.0160800255835, 0.024494048208], "mean": [0.188071995974, 0.120121881366, 0.234906032681, 0.405007958412, 0.263179212809, 0.0884384438396, 0.05877847597, 0.0537948608398, 0.128972545266, 0.19183395803, 0.129564926028, 0.0786262005568, 0.0688039064407, 0.0740459114313, 0.25165694952, 0.367527365685, 0.237188324332, 0.230703100562, 0.268952846527, 0.148614019156, 0.10192001611, 0.12161269784, 0.125125482678, 0.265805184841, 0.349516242743, 0.178980663419, 0.0517888963223, 0.0445961393416, 0.0624636821449, 0.169064775109, 0.220269709826, 0.121034152806, 0.049846213311, 0.037096876651, 0.0480118282139, 0.142112165689], "dvar2": [0.078409679234, 0.0664726421237, 0.0808780044317, 0.0995619222522, 0.097567692399, 0.0811522379518, 0.0578855089843, 0.0529950372875, 0.0645198598504, 0.0742421448231, 0.0678054317832, 0.0538889691234, 0.0511820577085, 0.0503297224641, 0.0867865458131, 0.108887039125, 0.102339215577, 0.0985715463758, 0.0932817831635, 0.0807432830334, 0.0751758590341, 0.0861953869462, 0.0931669175625, 0.104278035462, 0.0962507799268, 0.0655872523785, 0.0487284250557, 0.0346742384136, 0.0393599420786, 0.0558767542243, 0.0666485652328, 0.0453845746815, 0.0279038399458, 0.0309497304261, 0.0460907407105, 0.0660593509674], "min": [0, 0, 0, 0, 0, 0, 0, 0, 0, 0, 0, 0, 0, 0, 0, 0, 0, 0, 0, 0, 0, 0, 0, 0, 0, 0, 0, 0, 0, 0, 0, 0, 0, 0, 0, 0], "var": [0.0735330209136, 0.0269099790603, 0.052307985723, 0.135234698653, 0.0708894059062, 0.0235557798296, 0.0150848031044, 0.0130114434287, 0.0340169891715, 0.0649577304721, 0.0332212373614, 0.0158501602709, 0.0150601966307, 0.0145868416876, 0.0586398355663, 0.1119947806, 0.0549331009388, 0.0789589136839, 0.126663684845, 0.0421027131379, 0.0284231975675, 0.0399257987738, 0.0342211015522, 0.0741037204862, 0.109825015068, 0.0394129492342, 0.0129729835317, 0.00947005581111, 0.0153501788154, 0.057611644268, 0.0876980870962, 0.0289796330035, 0.0080332159996, 0.00710849883035, 0.0128749646246, 0.0503648668528], "median": [0.0672056674957, 0.0577020272613, 0.157988637686, 0.279401600361, 0.168681263924, 0.0319393277168, 0.0196651741862, 0.0195415653288, 0.0527626164258, 0.0782130882144, 0.0583533942699, 0.0385578982532, 0.0322021953762, 0.0398839861155, 0.170616716146, 0.248601406813, 0.153646528721, 0.094862356782, 0.0705137550831, 0.0462578721344, 0.0329986065626, 0.0317549146712, 0.0493558757007, 0.159397959709, 0.227199062705, 0.105471104383, 0.0154211279005, 0.0145135084167, 0.0214490480721, 0.06542853266, 0.0782532542944, 0.0492946766317, 0.022075753659, 0.0144932065159, 0.0135574275628, 0.0441679358482]}}, "lowlevel": {"melbands_flatness_db": {"dmean": 0.018408710137, "dmean2": 0.0282233469188, "max": 0.516829013824, "dvar": 0.000463291682536, "mean": 0.150692209601, "dvar2": 0.00100003834814, "min": 0.00236911559477, "var": 0.00571419391781, "median": 0.131179884076}, "melbands_crest": {"dmean": 2.65539526939, "dmean2": 4.23965978622, "max": 33.5025253296, "dvar": 7.82231378555, "mean": 11.2712965012, "dvar2": 17.7814121246, "min": 1.58012878895, "var": 32.6816291809, "median": 9.52462387085}, "spectral_entropy": {"dmean": 0.107291869819, "dmean2": 0.154451683164, "max": 9.82807731628, "dvar": 0.0165700428188, "mean": 7.70092201233, "dvar2": 0.0303938146681, "min": 4.81484794617, "var": 0.347427964211, "median": 7.77688503265}, "melbands": {"dmean": [0.000777120352723, 0.000681524921674, 0.000313838449074, 0.000194985419512, 0.000133092340548, 0.000127819817862, 0.000135526264785, 0.000103595943074, 8.66711343406e-05, 7.51373518142e-05, 6.30714785075e-05, 6.10693969065e-05, 2.89439994958e-05, 4.06080725952e-05, 4.40712829004e-05, 5.06436881551e-05, 3.85329985875e-05, 2.74520189123e-05, 4.97898254253e-05, 3.30584152834e-05, 4.34800822404e-05, 4.29388746852e-05, 1.90882074094e-05, 9.44330440689e-06, 6.86035446051e-06, 6.06495677857e-06, 5.2204691201e-06, 3.72519684788e-06, 3.70425073015e-06, 3.41798590853e-06, 2.2560866455e-06, 1.84393059044e-06, 1.67544203578e-06, 1.22391224977e-06, 1.43847034906e-06, 1.2540493799e-06, 1.66657673617e-06, 7.76744059294e-07, 5.22297455063e-07, 7.01597571151e-07], "dmean2": [0.00121470342856, 0.00118648470379, 0.000521449605003, 0.000313958385959, 0.000217054082896, 0.000196853157831, 0.000207170538488, 0.000161462885444, 0.000127561434056, 0.000114455848234, 9.8176235042e-05, 9.0705070761e-05, 4.47900347353e-05, 6.24296590104e-05, 6.65030311211e-05, 7.85595766502e-05, 6.20451319264e-05, 4.40040421381e-05, 7.90425765445e-05, 5.40444452781e-05, 7.28868690203e-05, 7.09532614565e-05, 3.11269905069e-05, 1.52376514961e-05, 1.10708560896e-05, 9.77418403636e-06, 8.34555612528e-06, 5.98185579292e-06, 5.97332609686e-06, 5.55028918825e-06, 3.56814007318e-06, 2.82122005046e-06, 2.59603916675e-06, 1.86717500128e-06, 2.22278367801e-06, 1.81890027307e-06, 2.41849397753e-06, 1.14619376745e-06, 7.4856370702e-07, 1.03008221686e-06], "max": [0.0212429724634, 0.014486964792, 0.00800223369151, 0.00822109356523, 0.00510327378288, 0.00378790637478, 0.00440137647092, 0.00263742939569, 0.00399005319923, 0.00266637047753, 0.00254981056787, 0.00261133676395, 0.00115092936903, 0.00104580458719, 0.00152758776676, 0.00212396355346, 0.00129615946207, 0.00107183854561, 0.00137696077581, 0.00135470274836, 0.0012041820446, 0.0023682070896, 0.000942543905694, 0.00037426664494, 0.00021067642956, 0.000149600135046, 0.000184584743693, 0.000162127806107, 0.000155869958689, 0.000210195590626, 0.000161400574143, 0.000160935727763, 0.00012868711201, 0.000106508596218, 5.30674733454e-05, 0.000126737053506, 0.000133665540488, 6.51614682283e-05, 6.91001114319e-05, 5.11615871801e-05], "dvar": [4.21777258452e-06, 2.41094426201e-06, 2.14074660221e-07, 1.04339349605e-07, 4.91912572897e-08, 3.96068777775e-08, 7.01867222119e-08, 3.43274138004e-08, 2.68035762474e-08, 1.84010833237e-08, 1.73241492263e-08, 1.1764794472e-08, 2.49266052244e-09, 3.9793710549e-09, 5.34029220844e-09, 6.36291774825e-09, 5.32864818936e-09, 2.04282168959e-09, 6.46816555872e-09, 3.76943809499e-09, 4.97606134076e-09, 6.58243948237e-09, 1.09207265453e-09, 2.56932530807e-10, 1.26890734031e-10, 8.06342007054e-11, 7.40614305994e-11, 4.39123910845e-11, 4.39451704193e-11, 4.90344292947e-11, 2.14886771571e-11, 1.70487044621e-11, 1.60291363516e-11, 9.55789787593e-12, 6.63662701184e-12, 1.49622172291e-11, 1.76657542761e-11, 4.40401534685e-12, 2.38328952927e-12, 3.06925795543e-12], "mean": [0.00110595521983, 0.000962032703683, 0.000622050662059, 0.000432406784967, 0.000317468307912, 0.000339979858836, 0.000264363043243, 0.000206520751817, 0.00020928021695, 0.000167235761182, 0.000117461124319, 0.000136662361911, 6.24391032034e-05, 7.64649084886e-05, 9.20355523704e-05, 0.000100111676147, 7.07509025233e-05, 5.50917793589e-05, 9.99572366709e-05, 6.81153833284e-05, 9.55535506364e-05, 9.55204304773e-05, 4.3902615289e-05, 2.21417103603e-05, 1.51603007907e-05, 1.35692062031e-05, 1.22753954201e-05, 8.42023746372e-06, 8.68189272296e-06, 7.52024197936e-06, 5.02195007357e-06, 4.00183353122e-06, 3.66595986634e-06, 2.76880405181e-06, 2.97226756629e-06, 2.44530951932e-06, 2.94494498121e-06, 1.48936817368e-06, 1.09922075353e-06, 1.2459829577e-06], "dvar2": [9.12070845516e-06, 6.61373269395e-06, 5.82540678806e-07, 2.5729187314e-07, 1.30081474481e-07, 9.68480620145e-08, 1.60749976885e-07, 8.72406360486e-08, 5.60855433207e-08, 4.44463950089e-08, 4.43842509412e-08, 2.7526175117e-08, 6.25074525473e-09, 9.4380858684e-09, 1.19908545315e-08, 1.52014294486e-08, 1.42812721649e-08, 5.35043698235e-09, 1.57229873565e-08, 1.00219903487e-08, 1.41968428125e-08, 1.76400618557e-08, 2.73090505765e-09, 6.55741683175e-10, 3.20934084863e-10, 2.01556021873e-10, 1.81390152898e-10, 1.11328474217e-10, 1.13394044154e-10, 1.28504581975e-10, 4.77771086582e-11, 3.57781998472e-11, 3.23242196898e-11, 1.99922786659e-11, 1.447540178e-11, 2.79913973944e-11, 3.10265667325e-11, 8.37849234436e-12, 4.17666552385e-12, 6.41100584078e-12], "min": [7.19428523787e-25, 7.53867232681e-25, 1.53893213923e-24, 1.30876451658e-24, 1.01550064329e-24, 7.27474461286e-25, 2.0542793886e-24, 1.30823312015e-24, 1.78207721402e-24, 1.62821926218e-24, 1.64684288764e-24, 2.88537255403e-24, 2.42468153247e-24, 3.23746760287e-24, 2.76547457112e-24, 3.58468492752e-24, 1.55557868205e-24, 2.35950840828e-24, 2.83922695209e-24, 2.53665856303e-24, 3.54801827822e-24, 3.41067917234e-24, 3.32934051326e-24, 4.34140251187e-24, 3.97655118776e-24, 3.79023604701e-24, 4.27849558784e-24, 4.40259997431e-24, 4.18791266225e-24, 4.50783204692e-24, 3.74339072545e-24, 5.34972452092e-24, 4.8734536937e-24, 4.92615512419e-24, 4.60854000223e-24, 6.26730622663e-24, 6.15264805507e-24, 6.37216832347e-24, 6.73525181029e-24, 5.99599447879e-24], "var": [5.24398910784e-06, 2.40929603024e-06, 5.69195094613e-07, 3.00355083027e-07, 1.33917183121e-07, 1.56639188731e-07, 1.70059706761e-07, 6.8975971601e-08, 1.0347137902e-07, 5.18053475673e-08, 3.33667706798e-08, 3.72226125478e-08, 6.38976604961e-09, 9.15557762937e-09, 1.56413744179e-08, 1.74450534018e-08, 1.01697965604e-08, 4.40008562919e-09, 1.57828221603e-08, 9.43086853056e-09, 1.22032268735e-08, 1.57915494015e-08, 3.49085493845e-09, 8.26768875584e-10, 3.5914815566e-10, 2.46164311157e-10, 2.28556659709e-10, 1.32302682698e-10, 1.37116248911e-10, 1.11979044093e-10, 5.61259892728e-11, 4.82907810961e-11, 5.14343706515e-11, 3.17060058763e-11, 1.77378094851e-11, 4.31863989014e-11, 5.08046799075e-11, 1.26270894782e-11, 7.94023007067e-12, 7.25237665061e-12], "median": [0.000488213030621, 0.000578611448873, 0.000396341230953, 0.000232478603721, 0.000201506351004, 0.000199066882487, 0.000116928451462, 0.000113491638331, 9.27232613321e-05, 9.79820179055e-05, 5.00263849972e-05, 7.45212018955e-05, 3.8269412471e-05, 4.63456308353e-05, 5.23384223925e-05, 5.96876780037e-05, 4.00784629164e-05, 3.54931835318e-05, 6.11505965935e-05, 3.83279366361e-05, 6.46885164315e-05, 5.84833469475e-05, 2.9356302548e-05, 1.35473892442e-05, 9.53478138399e-06, 9.06041896087e-06, 7.70249062043e-06, 4.77135290566e-06, 4.56005454907e-06, 4.36019035988e-06, 3.21348511534e-06, 2.38052530221e-06, 2.06353479371e-06, 1.69772192748e-06, 1.82016640338e-06, 1.1747526969e-06, 1.22867174923e-06, 6.69702785672e-07, 4.91012315251e-07, 4.6430494649e-07]}, "silence_rate_60dB": {"dmean": 0.00499149179086, "dmean2": 0.00998411606997, "max": 1, "dvar": 0.00496808812022, "mean": 0.106397457421, "dvar2": 0.0105647249147, "min": 0, "var": 0.095065407455, "median": 0}, "spectral_energyband_middle_high": {"dmean": 0.00178899522871, "dmean2": 0.0027473391965, "max": 0.0423491969705, "dvar": 4.97691598866e-06, "mean": 0.00858471542597, "dvar2": 1.12650150186e-05, "min": 1.05476817016e-21, "var": 4.20362121076e-05, "median": 0.00790423806757}, "erbbands_skewness": {"dmean": 0.256686687469, "dmean2": 0.399637967348, "max": 10.480597496, "dvar": 0.0749367401004, "mean": -0.0183418411762, "dvar2": 0.158715754747, "min": -4.98150491714, "var": 1.76818323135, "median": -0.195788115263}, "dynamic_complexity": 3.37433934212, "dissonance": {"dmean": 0.0128455869853, "dmean2": 0.0217480808496, "max": 0.500000119209, "dvar": 0.000208965473576, "mean": 0.471442013979, "dvar2": 0.000598243786953, "min": 0.240777656436, "var": 0.000777546141762, "median": 0.479080170393}, "spectral_skewness": {"dmean": 0.146177068353, "dmean2": 0.23356205225, "max": 5.32374048233, "dvar": 0.0210040528327, "mean": 1.51915442944, "dvar2": 0.0507505834103, "min": -0.10722694546, "var": 0.286162942648, "median": 1.4804623127}, "spectral_kurtosis": {"dmean": 1.06763851643, "dmean2": 1.76645946503, "max": 38.5195732117, "dvar": 1.51956999302, "mean": 4.41597938538, "dvar2": 4.19914722443, "min": -1.27423429489, "var": 11.4838943481, "median": 3.8545293808}, "gfcc": {"cov": [[34657.9179688, 195.029495239, -4150.09179688, 745.611877441, -1301.08959961, 1085.41870117, -834.077453613, 877.414672852, -30.6693305969, 482.869476318, -289.264312744, 205.978118896, -239.428451538], [195.029495239, 1001.99737549, -230.526168823, 22.6518478394, 46.5026016235, -185.726242065, 8.95223331451, -111.494766235, -8.30623340607, -78.1483688354, 43.2043838501, -50.8725509644, 39.0031242371], [-4150.09179688, -230.526168823, 1178.20935059, -35.6877441406, 194.380447388, -11.7141036987, 42.1705284119, -60.8662719727, -8.03836154938, 5.31463479996, 14.266087532, 15.3015365601, -9.92885398865], [745.611877441, 22.6518478394, -35.6877441406, 338.138366699, 69.5714263916, 58.4307441711, 11.7695856094, 27.9966278076, 42.0166778564, 42.6861000061, 36.7000045776, 11.2440853119, 42.794418335], [-1301.08959961, 46.5026016235, 194.380447388, 69.5714263916, 303.622253418, 5.86467123032, 63.011138916, 24.1725749969, 48.0898551941, 19.4307060242, 31.1940116882, 10.2653551102, 27.0619392395], [1085.41870117, -185.726242065, -11.7141036987, 58.4307441711, 5.86467123032, 211.403747559, 33.2825965881, 90.4452819824, 29.4201717377, 56.1160469055, 11.1200752258, 26.6946544647, -6.90066194534], [-834.077453613, 8.95223331451, 42.1705284119, 11.7695856094, 63.011138916, 33.2825965881, 169.434890747, 18.3315391541, 13.0738801956, -2.26276874542, 31.0049095154, -7.77760028839, 18.6591148376], [877.414672852, -111.494766235, -60.8662719727, 27.9966278076, 24.1725749969, 90.4452819824, 18.3315391541, 128.329711914, 53.9641723633, 47.6019096375, 5.3355307579, 25.6731929779, 0.890534102917], [-30.6693305969, -8.30623340607, -8.03836154938, 42.0166778564, 48.0898551941, 29.4201717377, 13.0738801956, 53.9641723633, 101.535263062, 52.6098365784, 35.0339202881, 14.5308074951, 27.6038684845], [482.869476318, -78.1483688354, 5.31463479996, 42.6861000061, 19.4307060242, 56.1160469055, -2.26276874542, 47.6019096375, 52.6098365784, 102.139183044, 40.9763259888, 26.2754192352, 11.3452510834], [-289.264312744, 43.2043838501, 14.266087532, 36.7000045776, 31.1940116882, 11.1200752258, 31.0049095154, 5.3355307579, 35.0339202881, 40.9763259888, 81.3163604736, 26.1360664368, 26.9866790771], [205.978118896, -50.8725509644, 15.3015365601, 11.2440853119, 10.2653551102, 26.6946544647, -7.77760028839, 25.6731929779, 14.5308074951, 26.2754192352, 26.1360664368, 59.7157173157, 22.0918388367], [-239.428451538, 39.0031242371, -9.92885398865, 42.794418335, 27.0619392395, -6.90066194534, 18.6591148376, 0.890534102917, 27.6038684845, 11.3452510834, 26.9866790771, 22.0918388367, 64.8767852783]], "mean": [-5.42296743393, 75.8825683594, -124.868759155, 30.4434299469, -50.9497070312, 12.8625631332, -42.7820396423, 8.21851921082, -19.8302783966, 1.37386453152, -18.0528869629, 1.23110055923, -10.1367340088], "icov": [[0.000241814326728, -0.000414373876993, 0.000586066802498, -0.000490329170134, 0.000564354064409, -0.000865533133037, 0.000770800630562, -0.00105663691647, 0.000895984529052, -0.00118326384109, 0.00113765988499, -0.00083919824101, 0.000658235978335], [-0.000414373876993, 0.00226142071187, -0.000605201639701, 0.000755939574447, -0.00141380704008, 0.00229839119129, -0.00112849392463, 0.00237493962049, -0.00174794497434, 0.0031017572619, -0.00353419501334, 0.00260402518325, -0.00156918214634], [0.000586066802498, -0.000605201639701, 0.00258103199303, -0.00101922394242, 0.000472614687169, -0.00208436138928, 0.00169040134642, -0.00132489029784, 0.00199525500648, -0.00292139453813, 0.00268158991821, -0.00252143992111, 0.00211228057742], [-0.000490329170134, 0.000755939574447, -0.00101922394242, 0.00476459646598, -0.00196180050261, 0.000438613176811, -0.000813896243926, 0.00219971477054, -0.00161583744921, 0.00176128244493, -0.00320378667675, 0.00324742263183, -0.0038876296021], [0.000564354064409, -0.00141380704008, 0.000472614687169, -0.00196180050261, 0.00602687103674, -0.00148346333299, 0.000409654137911, -0.00349081796594, 0.00062937499024, -0.00266427942552, 0.00294110481627, -0.00250163534656, 0.00138400762808], [-0.000865533133037, 0.00229839119129, -0.00208436138928, 0.000438613176811, -0.00148346333299, 0.0116735585034, -0.00457973079756, -0.000473031832371, -0.00210548145697, 0.00206118589267, -0.00386781990528, 0.00146843958646, -0.000355962722097], [0.000770800630562, -0.00112849392463, 0.00169040134642, -0.000813896243926, 0.000409654137911, -0.00457973079756, 0.0109400330111, -0.00555126462132, 0.00440899236128, -0.00109386094846, -0.00165751681197, 0.00248504709452, -0.00125098833814], [-0.00105663691647, 0.00237493962049, -0.00132489029784, 0.00219971477054, -0.00349081796594, -0.000473031832371, -0.00555126462132, 0.0222846642137, -0.0121216485277, 0.0030337497592, 0.000544158101548, -0.00293511291966, 0.00111556251068], [0.000895984529052, -0.00174794497434, 0.00199525500648, -0.00161583744921, 0.00062937499024, -0.00210548145697, 0.00440899236128, -0.0121216485277, 0.0233502853662, -0.0101675270125, -0.000567459210288, 0.00259817508049, -0.00466523179784], [-0.00118326384109, 0.0031017572619, -0.00292139453813, 0.00176128244493, -0.00266427942552, 0.00206118589267, -0.00109386094846, 0.0030337497592, -0.0101675270125, 0.0253259409219, -0.0140984645113, 0.00332650495693, -0.00160790083464], [0.00113765988499, -0.00353419501334, 0.00268158991821, -0.00320378667675, 0.00294110481627, -0.00386781990528, -0.00165751681197, 0.000544158101548, -0.000567459210288, -0.0140984645113, 0.0302036963403, -0.0140923047438, 0.00261981086805], [-0.00083919824101, 0.00260402518325, -0.00252143992111, 0.00324742263183, -0.00250163534656, 0.00146843958646, 0.00248504709452, -0.00293511291966, 0.00259817508049, 0.00332650495693, -0.0140923047438, 0.0323173291981, -0.0134952226654], [0.000658235978335, -0.00156918214634, 0.00211228057742, -0.0038876296021, 0.00138400762808, -0.000355962722097, -0.00125098833814, 0.00111556251068, -0.00466523179784, -0.00160790083464, 0.00261981086805, -0.0134952226654, 0.0271751768887]]}, "spectral_complexity": {"dmean": 2.97606348991, "dmean2": 4.60540056229, "max": 58, "dvar": 9.42793083191, "mean": 24.2265205383, "dvar2": 19.7803401947, "min": 0, "var": 135.365325928, "median": 26}, "spectral_flux": {"dmean": 0.0166812166572, "dmean2": 0.0263138152659, "max": 0.250178903341, "dvar": 0.00048692242126, "mean": 0.0698468089104, "dvar2": 0.00107861449942, "min": 6.25921259267e-11, "var": 0.0016170158051, "median": 0.0674504488707}, "spectral_energyband_low": {"dmean": 0.00357492896728, "dmean2": 0.0056306864135, "max": 0.077790774405, "dvar": 6.65510233375e-05, "mean": 0.00600150693208, "dvar2": 0.000147050232044, "min": 1.58978838462e-23, "var": 9.20128950384e-05, "median": 0.00361661240458}, "spectral_decrease": {"dmean": 1.36949629415e-09, "dmean2": 2.0890074115e-09, "max": 3.06488398749e-28, "dvar": 4.63474260297e-18, "mean": -5.60048984966e-09, "dvar2": 9.95633214603e-18, "min": -2.46325289055e-08, "var": 1.44919727214e-17, "median": -5.35804645097e-09}, "barkbands_spread": {"dmean": 4.84044790268, "dmean2": 7.52186346054, "max": 113.736587524, "dvar": 36.7224845886, "mean": 29.4708919525, "dvar2": 83.1549224854, "min": 0.39089384675, "var": 170.941848755, "median": 29.5423984528}, "spectral_rms": {"dmean": 0.000502253824379, "dmean2": 0.000750965438783, "max": 0.00970208179206, "dvar": 4.34418438999e-07, "mean": 0.00443722493947, "dvar2": 8.76457988852e-07, "min": 3.10590832567e-12, "var": 3.35912227456e-06, "median": 0.00472621433437}, "spectral_centroid": {"dmean": 187.341094971, "dmean2": 288.10256958, "max": 11922.6347656, "dvar": 74980.4453125, "mean": 1857.36181641, "dvar2": 154180.90625, "min": 190.020492554, "var": 1857132.375, "median": 1739.45678711}, "barkbands_skewness": {"dmean": 0.406662344933, "dmean2": 0.636411249638, "max": 20.7040290833, "dvar": 0.406743109226, "mean": 0.781366348267, "dvar2": 1.0049148798, "min": -4.66479253769, "var": 1.68256294727, "median": 0.588016629219}, "spectral_rolloff": {"dmean": 397.816650391, "dmean2": 646.909179688, "max": 19681.3476562, "dvar": 568406.0625, "mean": 2411.54248047, "dvar2": 1222590.375, "min": 64.599609375, "var": 6303236.5, "median": 2217.91992188}, "erbbands_spread": {"dmean": 5.29911613464, "dmean2": 8.21902275085, "max": 129.823165894, "dvar": 35.6895217896, "mean": 32.5960006714, "dvar2": 81.5738067627, "min": 1.82955181599, "var": 168.9871521, "median": 31.1603546143}, "barkbands": {"dmean": [0.00015430530766, 0.00291292462498, 0.00074603734538, 0.000809028453659, 0.000814069120679, 0.000662880542222, 0.000717535673175, 0.00045169974328, 0.00049140653573, 0.000455269677332, 0.000281791813904, 0.000399069191189, 0.000457981019281, 0.000348120025592, 0.000564561167266, 0.000463131087599, 0.000760305090807, 0.000210372178117, 0.00015447595797, 0.000116044851893, 0.000114314731036, 8.13157676021e-05, 7.1632603067e-05, 8.38330306578e-05, 5.56567865715e-05, 3.25277032971e-05, 2.76218929685e-06], "dmean2": [0.000237114392803, 0.00467136828229, 0.00128077820409, 0.00135343580041, 0.00131517252885, 0.00103576586116, 0.00111097865738, 0.000687943131197, 0.000743679120205, 0.000696090573911, 0.000425578153227, 0.00060389994178, 0.000716071925126, 0.0005579671124, 0.000900769839063, 0.000751357234549, 0.00126951839775, 0.000340810889611, 0.000245722854743, 0.000185042910744, 0.000180876377271, 0.000121352633869, 0.000105154882476, 0.000117665615107, 7.89375335444e-05, 4.71975581604e-05, 4.01420811613e-06], "max": [0.00555695872754, 0.071477599442, 0.0176810976118, 0.022393334657, 0.0297778639942, 0.0165953561664, 0.0197063423693, 0.0186478793621, 0.0168484989554, 0.0159828811884, 0.0140571305528, 0.00990855973214, 0.0157318096608, 0.0113378586248, 0.0126959411427, 0.0174744743854, 0.0286183077842, 0.00767673831433, 0.00359261641279, 0.00417844578624, 0.00598358921707, 0.00697930902243, 0.00448418827727, 0.00653597712517, 0.0036216401495, 0.000937609409448, 9.71100016613e-05], "dvar": [2.12873302985e-07, 5.57569619559e-05, 1.96156588572e-06, 1.63895242622e-06, 1.79363962616e-06, 9.97486608867e-07, 1.8309740426e-06, 6.28492387023e-07, 7.2357835279e-07, 6.79130380377e-07, 2.69263949804e-07, 4.01796341976e-07, 4.65531911686e-07, 4.02281898459e-07, 6.80697894495e-07, 6.43162195502e-07, 1.746804287e-06, 1.03995034806e-07, 4.86590359117e-08, 3.79784239612e-08, 4.78416524174e-08, 3.36805960899e-08, 2.2784901077e-08, 4.50492017023e-08, 1.67995342082e-08, 6.68538913118e-09, 4.07318172246e-11], "mean": [0.000153900604346, 0.00417136680335, 0.00105609488674, 0.00139366020449, 0.00186495552771, 0.00173887517303, 0.0012644311646, 0.0010047913529, 0.00110609224066, 0.000910097034648, 0.000606227258686, 0.000790130870882, 0.000918665376958, 0.000636444194242, 0.00115732348058, 0.00099409383256, 0.00169684423599, 0.000499997287989, 0.000386408704799, 0.000290947122267, 0.000292890123092, 0.000196181354113, 0.000166095487657, 0.000168868267792, 0.000106443629193, 4.82144896523e-05, 4.19763591708e-06], "dvar2": [4.6734891157e-07, 0.000128845174913, 5.34903983862e-06, 4.55555891676e-06, 4.54408109363e-06, 2.552394335e-06, 4.39962332166e-06, 1.38973018693e-06, 1.69872839706e-06, 1.67247787886e-06, 6.46504702217e-07, 9.10590529202e-07, 1.16139494821e-06, 1.07742619093e-06, 1.70292821622e-06, 1.69184124843e-06, 4.91348191645e-06, 2.69769856232e-07, 1.19236304386e-07, 9.30385724018e-08, 1.16471099432e-07, 6.33959373886e-08, 4.19098959981e-08, 6.97811017858e-08, 3.23632640686e-08, 1.52524446406e-08, 8.89500278989e-11], "min": [2.83565765232e-25, 2.24078918078e-24, 4.93997862966e-25, 9.71790057748e-25, 8.94399134743e-24, 4.21460337654e-24, 4.05111826482e-24, 8.74049047743e-24, 1.39632750514e-23, 1.0628998241e-23, 1.65259196787e-23, 2.64193098587e-23, 2.56856660614e-23, 1.78535836262e-23, 4.50988813398e-23, 3.8780525163e-23, 4.53836538157e-23, 8.83966670152e-23, 1.20196123421e-22, 1.61933870392e-22, 1.86549309374e-22, 2.90214985055e-22, 3.69105392224e-22, 5.64140610884e-22, 8.09513460425e-22, 1.21913426911e-21, 1.94873877041e-21], "var": [2.35264778325e-07, 6.63565006107e-05, 2.41749899033e-06, 4.01849365517e-06, 5.04397985424e-06, 3.62842251889e-06, 3.9093806663e-06, 2.05545325116e-06, 2.20648303184e-06, 1.86239651612e-06, 7.90074352608e-07, 1.07977859898e-06, 1.18591117371e-06, 8.03761054158e-07, 1.62991943853e-06, 1.72646014107e-06, 4.59860348201e-06, 3.27065379224e-07, 1.76892427817e-07, 1.37260357747e-07, 1.45253210349e-07, 1.20363537803e-07, 8.3528910011e-08, 1.55815612857e-07, 4.58626452371e-08, 9.38839317399e-09, 6.434311417e-11], "median": [1.39101957757e-05, 0.00219233473763, 0.000485816650325, 0.000734699307941, 0.00107396673411, 0.00111917499453, 0.000514469225891, 0.000495248590596, 0.000616209115833, 0.000386562489439, 0.000322085310472, 0.00042186526116, 0.000594252138399, 0.000357839046046, 0.000791963771917, 0.000571660348214, 0.00107969413511, 0.000333185947966, 0.000263536057901, 0.000169745733729, 0.000179500115337, 0.000119229232951, 0.000101099649328, 7.68209138187e-05, 4.21410877607e-05, 1.25097594719e-05, 1.21750235849e-06]}, "melbands_kurtosis": {"dmean": 3.94876766205, "dmean2": 6.4178776741, "max": 531.44732666, "dvar": 156.084869385, "mean": 6.64801168442, "dvar2": 392.800292969, "min": -1.88899350166, "var": 402.801483154, "median": 2.06422662735}, "erbbands_crest": {"dmean": 1.64870119095, "dmean2": 2.67928719521, "max": 30.4296760559, "dvar": 2.70639610291, "mean": 7.95357894897, "dvar2": 6.79287242889, "min": 2.49601483345, "var": 18.7831058502, "median": 6.80628299713}, "melbands_skewness": {"dmean": 0.505221545696, "dmean2": 0.796833872795, "max": 14.8873958588, "dvar": 0.477361083031, "mean": 1.75146770477, "dvar2": 1.12802350521, "min": -1.48537099361, "var": 1.87071025372, "median": 1.46167457104}, "spectral_energyband_middle_low": {"dmean": 0.00240994477645, "dmean2": 0.00377099146135, "max": 0.0488248206675, "dvar": 1.09457123472e-05, "mean": 0.00873114075512, "dvar2": 2.71634762612e-05, "min": 1.59339906409e-22, "var": 4.04718630307e-05, "median": 0.00751728378236}, "spectral_contrast_coeffs": {"dmean": [0.0458301529288, 0.0382536686957, 0.0338081195951, 0.0286777559668, 0.0207359138876, 0.0162039212883], "dmean2": [0.0755445882678, 0.0626503974199, 0.0540152750909, 0.0463534481823, 0.0338829755783, 0.0252604465932], "max": [-0.326576828957, -0.389200806618, -0.496044754982, -0.585985720158, -0.625800848007, -0.6247600317], "dvar": [0.00147784047294, 0.00108643737622, 0.000793053070083, 0.000555592472665, 0.000300594925648, 0.000212210550671], "mean": [-0.653869330883, -0.719737529755, -0.740496814251, -0.743923664093, -0.766136646271, -0.762569665909], "dvar2": [0.00382052618079, 0.00276138354093, 0.00194132642355, 0.00139849295374, 0.00075907248538, 0.000474445463624], "min": [-0.983663737774, -0.97688126564, -0.983840584755, -0.983645260334, -0.981500208378, -0.979824721813], "var": [0.00767983449623, 0.00514772348106, 0.00509216589853, 0.00374292721972, 0.0023836158216, 0.00231301318854], "median": [-0.659779310226, -0.721401572227, -0.737244844437, -0.737972080708, -0.761565089226, -0.758363604546]}, "spectral_contrast_valleys": {"dmean": [0.400214403868, 0.314541876316, 0.301175683737, 0.239623174071, 0.196085289121, 0.23657310009], "dmean2": [0.641740202904, 0.51535230875, 0.473873287439, 0.376950055361, 0.29169100523, 0.316359341145], "max": [-5.48312854767, -4.82590866089, -5.33760881424, -5.8446598053, -5.64089250565, -7.44984483719], "dvar": [0.146941006184, 0.0999220982194, 0.0933661609888, 0.0642942935228, 0.0619126930833, 0.0977718606591], "mean": [-7.79503726959, -7.20948839188, -7.84835290909, -7.89344406128, -7.75645065308, -10.1892881393], "dvar2": [0.315941870213, 0.220750585198, 0.193576678634, 0.121590740979, 0.102294586599, 0.150237828493], "min": [-28.058095932, -28.3649635315, -27.9889507294, -27.5689144135, -27.5951366425, -27.4035816193], "var": [7.67653274536, 8.29791545868, 7.90588235855, 8.06370544434, 8.21028995514, 6.75279951096], "median": [-7.18215179443, -6.60167264938, -7.22906351089, -7.16209888458, -7.04253816605, -9.55592346191]}, "silence_rate_20dB": {"dmean": 0, "dmean2": 0, "max": 1, "dvar": 0, "mean": 1, "dvar2": 0, "min": 1, "var": 0, "median": 1}, "silence_rate_30dB": {"dmean": 0, "dmean2": 0, "max": 1, "dvar": 0, "mean": 1, "dvar2": 0, "min": 1, "var": 0, "median": 1}, "spectral_strongpeak": {"dmean": 0.720706641674, "dmean2": 1.29374754429, "max": 15.948466301, "dvar": 1.71306276321, "mean": 1.06766283512, "dvar2": 4.6469745636, "min": 0, "var": 2.34328794479, "median": 0.439546942711}, "spectral_spread": {"dmean": 484992.40625, "dmean2": 696135.0625, "max": 42933712, "dvar": 518309675008, "mean": 5113058, "dvar2": 945436164096, "min": 1944729, "var": 23386386333700.0, "median": 4234130}, "barkbands_flatness_db": {"dmean": 0.0139959091321, "dmean2": 0.0215291325003, "max": 0.392120271921, "dvar": 0.000228826800594, "mean": 0.098994165659, "dvar2": 0.000515805149917, "min": 0.0211003106087, "var": 0.0030841792468, "median": 0.0839165002108}, "pitch_salience": {"dmean": 0.0576960779727, "dmean2": 0.092479608953, "max": 0.841859638691, "dvar": 0.00327869132161, "mean": 0.569389760494, "dvar2": 0.00785432849079, "min": 0.1037722826, "var": 0.0118186799809, "median": 0.580650687218}, "erbbands_kurtosis": {"dmean": 0.825820446014, "dmean2": 1.34156310558, "max": 149.306228638, "dvar": 6.47693014145, "mean": 2.43329548836, "dvar2": 17.3569297791, "min": -1.64629614353, "var": 208.135772705, "median": 0.0662797689438}, "average_loudness": 0.907292306423, "barkbands_crest": {"dmean": 1.97580075264, "dmean2": 3.23109793663, "max": 26.0914993286, "dvar": 5.49310493469, "mean": 7.79622173309, "dvar2": 13.0202865601, "min": 2.18801045418, "var": 18.5678539276, "median": 6.37214756012}, "hfc": {"dmean": 5.12778759003, "dmean2": 7.24438524246, "max": 125.994598389, "dvar": 46.6808853149, "mean": 27.4162540436, "dvar2": 84.5542068481, "min": 1.07733452199e-16, "var": 383.976776123, "median": 25.5034122467}, "barkbands_kurtosis": {"dmean": 2.30301499367, "dmean2": 3.80417084694, "max": 627.062316895, "dvar": 201.614013672, "mean": 2.89151120186, "dvar2": 559.720275879, "min": -1.92004907131, "var": 422.789245605, "median": -0.447202920914}, "erbbands": {"dmean": [0.0874161049724, 0.690506875515, 1.02894842625, 1.67606317997, 2.60604596138, 3.30637311935, 3.94386839867, 5.81766796112, 8.2563419342, 10.1576690674, 10.3551187515, 11.8014917374, 12.5854206085, 14.8214931488, 7.99541711807, 18.465719223, 20.3384971619, 18.6535739899, 19.977853775, 22.3353347778, 31.0714759827, 32.0133476257, 13.8597450256, 7.68282747269, 8.39612197876, 5.34262371063, 5.47437858582, 3.89141654968, 2.90120530128, 2.23787760735, 2.31929373741, 2.3493976593, 0.956044077873, 0.738340556622, 0.344805091619, 0.193673953414, 0.0493093542755, 0.00519140297547, 0.000479359499877, 2.83935769403e-05], "dmean2": [0.136729985476, 1.17465233803, 1.80124044418, 2.82096266747, 4.17257738113, 5.43600225449, 6.38462305069, 8.9230670929, 12.5528306961, 15.9404821396, 15.3635797501, 17.9157581329, 19.589761734, 21.9873466492, 12.6302480698, 27.8651275635, 31.726064682, 29.7396659851, 31.9522666931, 35.6526832581, 51.1883239746, 52.0858421326, 22.2843837738, 12.2805681229, 13.429854393, 8.44018554688, 8.75835895538, 6.07750749588, 4.36381959915, 3.34234333038, 3.4707775116, 3.33599567413, 1.33716082573, 1.05382537842, 0.498729616404, 0.282334417105, 0.0730374008417, 0.0074074678123, 0.000696313683875, 4.09003587265e-05], "max": [2.68043351173, 17.4682445526, 21.1447906494, 46.6809310913, 66.7886276245, 124.122520447, 161.684036255, 192.225204468, 286.663085938, 242.33354187, 515.52166748, 483.86114502, 489.009307861, 590.695983887, 295.539215088, 502.333190918, 579.928100586, 565.955444336, 725.031860352, 496.025238037, 794.127441406, 2029.73205566, 492.22277832, 234.57585144, 206.000762939, 207.986999512, 298.697662354, 294.73928833, 267.603729248, 169.47517395, 125.061210632, 184.92527771, 76.2345352173, 62.9595489502, 13.0517406464, 6.62441253662, 1.55223178864, 0.209495067596, 0.0173352938145, 0.00116831273772], "dvar": [0.0606753900647, 3.13559818268, 4.44770336151, 6.46709299088, 16.539358139, 39.5403862, 48.898891449, 86.123550415, 283.044769287, 351.660583496, 389.03729248, 465.403442383, 694.203979492, 670.895141602, 202.613479614, 874.555541992, 931.716796875, 1044.56201172, 960.829833984, 1070.30651855, 2329.00683594, 3874.49658203, 441.33984375, 150.413299561, 160.179794312, 88.3568344116, 105.99382782, 60.7889022827, 43.7157859802, 31.7858085632, 21.9016475677, 37.4398536682, 5.93656826019, 3.51884078979, 0.567838549614, 0.230718806386, 0.0165996979922, 0.000139109091833, 1.24006328406e-06, 3.8773304567e-09], "mean": [0.111634977162, 0.943624556065, 1.44245219231, 3.05247282982, 5.58587217331, 6.53589630127, 9.35333824158, 15.6745615005, 16.5067653656, 19.4425582886, 25.1849975586, 27.3923931122, 24.4403343201, 34.2525558472, 17.7970428467, 37.3252449036, 43.2246055603, 39.1227722168, 43.8397674561, 54.3328857422, 76.1051712036, 78.8448181152, 35.8234901428, 19.8386306763, 19.8445644379, 13.8174953461, 13.7019929886, 9.76033496857, 7.06421232224, 5.50996923447, 4.99712514877, 4.48047208786, 2.02399158478, 1.42413139343, 0.625677466393, 0.293380528688, 0.0704759508371, 0.00830699689686, 0.000744606368244, 6.51447699056e-05], "dvar2": [0.132165506482, 8.21510028839, 12.5174694061, 18.1085453033, 40.8721389771, 101.561325073, 130.077590942, 207.552017212, 636.267822266, 899.698669434, 820.764953613, 1123.07458496, 1785.18823242, 1574.58459473, 530.335266113, 1995.83752441, 2347.81518555, 2789.92016602, 2505.82641602, 2640.48193359, 6351.30419922, 10132.5537109, 1112.1081543, 371.895324707, 397.63092041, 216.478591919, 276.075286865, 134.493652344, 84.4637908936, 61.9874687195, 43.6760749817, 61.951839447, 9.56316661835, 6.75982141495, 1.17216384411, 0.521815419197, 0.0393707230687, 0.000300205632811, 2.72959164249e-06, 8.50820391918e-09], "min": [6.00768066424e-23, 4.92509415361e-22, 2.11513697506e-21, 4.21179971124e-21, 8.88103514799e-21, 1.5094923346e-20, 2.74315160043e-20, 3.05833907932e-20, 1.23928897306e-19, 1.57011701562e-19, 3.17833448724e-19, 2.78015171235e-19, 3.29427134642e-19, 7.77626496802e-19, 9.44065472407e-19, 1.06758669892e-18, 1.2901579441e-18, 1.06861105871e-18, 2.81673237907e-18, 2.87919692303e-18, 3.5220519166e-18, 3.91051454382e-18, 4.88949065699e-18, 5.84353182419e-18, 6.11982834675e-18, 8.3231558436e-18, 9.47666251652e-18, 7.37218599801e-18, 1.00733293991e-17, 1.02503750015e-17, 9.93003276564e-18, 1.1593009904e-17, 1.05205611408e-17, 8.00631340894e-18, 5.81453831654e-18, 4.11650236868e-18, 2.38653228609e-18, 8.74100364849e-19, 2.45590285759e-19, 2.34533701784e-20], "var": [0.0694119781256, 3.13334822655, 4.5675611496, 14.3018198013, 58.727394104, 81.079208374, 137.798141479, 373.411773682, 693.351623535, 649.868286133, 1453.71948242, 1319.12158203, 1339.9822998, 2132.82666016, 456.446014404, 2299.52319336, 2328.01147461, 2211.95043945, 2154.8659668, 3360.45874023, 6989.82080078, 10374.140625, 1640.69287109, 507.132415771, 519.435058594, 305.095611572, 316.382568359, 183.031341553, 148.594314575, 113.953041077, 66.7913360596, 119.962982178, 21.2638015747, 10.1312875748, 1.20088267326, 0.331421971321, 0.0213270448148, 0.000236699939705, 1.92532456822e-06, 6.39188568741e-09], "median": [0.0326009020209, 0.558764278889, 0.798412919044, 1.93902730942, 2.74010181427, 3.22465419769, 5.55055332184, 8.4200668335, 7.42751979828, 10.4070835114, 12.1016397476, 16.6254482269, 11.188126564, 19.9694786072, 11.9083328247, 20.8866119385, 29.4253768921, 26.0346031189, 32.0483016968, 38.1468505859, 53.1085739136, 50.9999542236, 24.797580719, 13.3622207642, 13.0155420303, 8.25922012329, 7.50431108475, 6.35302448273, 4.31336688995, 3.4641931057, 2.9530851841, 2.02329492569, 0.940090060234, 0.573394954205, 0.243575841188, 0.0821305960417, 0.0178475826979, 0.00249879318289, 0.000232711303397, 4.27726445196e-05]}, "spectral_energy": {"dmean": 0.00543332891539, "dmean2": 0.00822607893497, "max": 0.0964836552739, "dvar": 6.8711291533e-05, "mean": 0.0236242748797, "dvar2": 0.000146160717122, "min": 9.88783350692e-21, "var": 0.000242968322709, "median": 0.0228955335915}, "zerocrossingrate": {"dmean": 0.0101063968614, "dmean2": 0.0118274968117, "max": 0.5263671875, "dvar": 0.000175990251591, "mean": 0.0865249782801, "dvar2": 0.000221659676754, "min": 0.00634765625, "var": 0.00435753865167, "median": 0.078125}, "spectral_energyband_high": {"dmean": 0.000370155175915, "dmean2": 0.000509750447236, "max": 0.0132613386959, "dvar": 4.45940600002e-07, "mean": 0.00112369598355, "dvar2": 7.17499801794e-07, "min": 7.0609211453e-21, "var": 2.14112719732e-06, "median": 