{"tonal": {"chords_number_rate": 0.00349650345743, "thpcp": [1, 0.487969666719, 0.0870869979262, 0.0596126057208, 0.102745652199, 0.201095029712, 0.212028563023, 0.161057561636, 0.379746764898, 0.468811243773, 0.196040689945, 0.0596481226385, 0.060807608068, 0.101376093924, 0.278947889805, 0.343886435032, 0.172440379858, 0.0674170479178, 0.0786466151476, 0.143967688084, 0.399551391602, 0.572308301926, 0.368030995131, 0.242538690567, 0.257158041, 0.144713535905, 0.0603689178824, 0.0672294422984, 0.136257588863, 0.281112134457, 0.337717026472, 0.19907669723, 0.0694654509425, 0.0606044344604, 0.153595149517, 0.688210487366], "hpcp": {"dvar": [0.0193284656852, 0.0149508453906, 0.0115723172203, 0.0137240970507, 0.0209989342839, 0.0246979743242, 0.0194593146443, 0.0222695767879, 0.0109408078715, 0.0137107186019, 0.0189837887883, 0.027957553044, 0.0331541970372, 0.022180840373, 0.0155227910727, 0.0102607952431, 0.00993314106017, 0.0177747067064, 0.0167498737574, 0.0204057451338, 0.0203856676817, 0.0212059374899, 0.0135879749432, 0.0102772535756, 0.0126173729077, 0.0156890694052, 0.0206507779658, 0.0265389885753, 0.0201067570597, 0.016046134755, 0.0194992721081, 0.0250175371766, 0.0302118714899, 0.037833314389, 0.0267546437681, 0.0241967830807], "mean": [0.102728299797, 0.0578094907105, 0.0241158958524, 0.0268565062433, 0.0544315502048, 0.11229737848, 0.134909629822, 0.0795262381434, 0.0277497377247, 0.0242099780589, 0.0613574795425, 0.274923145771, 0.399475365877, 0.194931864738, 0.0347891114652, 0.0238137673587, 0.0410443581641, 0.0803325101733, 0.0847001895308, 0.0643385276198, 0.151699483395, 0.187278538942, 0.0783134251833, 0.0238279551268, 0.0242911409587, 0.040497250855, 0.111432805657, 0.137374162674, 0.0688856840134, 0.0269314497709, 0.0314173847437, 0.0575115419924, 0.159610942006, 0.228623077273, 0.147019311786, 0.0968882292509], "min": [0, 0, 0, 0, 0, 0, 0, 0, 0, 0, 0, 0, 0, 0, 0, 0, 0, 0, 0, 0, 0, 0, 0, 0, 0, 0, 0, 0, 0, 0, 0, 0, 0, 0, 0, 0], "median": [0.00494542066008, 0.00334269413725, 0.00223039207049, 0.00184810813516, 0.00205188198015, 0.00429606810212, 0.00535594951361, 0.00351155572571, 0.00144887180068, 0.00110540608875, 0.0085107665509, 0.120759382844, 0.179386973381, 0.0685351490974, 0.00213629519567, 0.00125554646365, 0.00259182602167, 0.00700351689011, 0.00802111718804, 0.00960479676723, 0.017226934433, 0.0199552662671, 0.0100067015737, 0.00129677366931, 0.000842559034936, 0.00119355670176, 0.00208607409149, 0.00269457604736, 0.00196936354041, 0.000843572081067, 0.000993166351691, 0.0043901540339, 0.0346237719059, 0.0509163402021, 0.0343818888068, 0.0124674998224], "dvar2": [0.0467296391726, 0.0409827828407, 0.03396621719, 0.0382844023407, 0.0547598563135, 0.0646588206291, 0.0460107512772, 0.0579029619694, 0.0298257283866, 0.0387024059892, 0.0487174317241, 0.0696113109589, 0.0733296647668, 0.0582872591913, 0.0428650155663, 0.0281435456127, 0.0268433149904, 0.0462805628777, 0.0422867164016, 0.0536109507084, 0.0508094169199, 0.0489904396236, 0.0354510806501, 0.0275772698224, 0.0344479456544, 0.041077144444, 0.0511545985937, 0.0650436282158, 0.0532784089446, 0.0455924868584, 0.0532512664795, 0.0660604089499, 0.0786456614733, 0.0864675566554, 0.0663397237659, 0.0633459687233], "var": [0.0574368238449, 0.0221018865705, 0.00758306030184, 0.0103178517893, 0.0294295549393, 0.064176402986, 0.0822677761316, 0.0394409671426, 0.0094159655273, 0.0105941779912, 0.0231910720468, 0.0955477058887, 0.17631098628, 0.0609324611723, 0.0130532290787, 0.010647139512, 0.0169147849083, 0.0392634607852, 0.0400650016963, 0.0230562314391, 0.0719655379653, 0.106618337333, 0.0231448989362, 0.00952287018299, 0.0112362587824, 0.016813095659, 0.0582403317094, 0.0801583230495, 0.0261743329465, 0.0111574875191, 0.0147479595616, 0.0252159480006, 0.0648814439774, 0.112433090806, 0.054118514061, 0.0388135947287], "dmean2": [0.0892643034458, 0.0768510848284, 0.0558547191322, 0.0586993470788, 0.0871784612536, 0.107136294246, 0.0924798101187, 0.0958364903927, 0.0557246655226, 0.0560925975442, 0.0980012491345, 0.170614212751, 0.151447921991, 0.148063614964, 0.0715338289738, 0.0466932654381, 0.0590311922133, 0.0848397910595, 0.0861728265882, 0.0990416780114, 0.10450617224, 0.093859359622, 0.0786020234227, 0.0467605814338, 0.0513079874218, 0.0711712613702, 0.0960276350379, 0.11309941113, 0.0968085676432, 0.0692933648825, 0.0784824341536, 0.107724800706, 0.148372367024, 0.165256172419, 0.147772341967, 0.125457495451], "max": [1, 1, 1, 1, 1, 1, 1, 1, 1, 1, 1, 1, 1, 1, 1, 1, 1, 1, 1, 1, 1, 1, 1, 1, 1, 1, 1, 1, 1, 1, 1, 1, 1, 1, 1, 1], "dmean": [0.0529062524438, 0.0433175265789, 0.030321162194, 0.0329134725034, 0.0492073260248, 0.0629425942898, 0.0555624961853, 0.0560175254941, 0.0317170396447, 0.0308084562421, 0.0559877082705, 0.103141225874, 0.0939818546176, 0.0871472433209, 0.0393556691706, 0.0259713958949, 0.0341509245336, 0.0502306818962, 0.0502030998468, 0.0568179823458, 0.0626007691026, 0.0568848066032, 0.0459559746087, 0.0261699203402, 0.0282988268882, 0.0408796668053, 0.058546114713, 0.0672305002809, 0.0559080019593, 0.0378038883209, 0.042679246515, 0.0608035698533, 0.0898234546185, 0.101254314184, 0.0907698944211, 0.0731069967151]}, "key_strength": 0.734507024288, "chords_strength": {"dvar": 0.000481941184262, "mean": 0.546208918095, "min": -1, "median": 0.562633216381, "dvar2": 0.000875398574863, "var": 0.0402585528791, "dmean2": 0.00718091009185, "max": 0.84332627058, "dmean": 0.00870494823903}, "tuning_equal_tempered_deviation": 0.0933269411325, "chords_key": "C#", "tuning_frequency": 435.448913574, "chords_scale": "minor", "chords_changes_rate": 0.0520104877651, "key_scale": "minor", "tuning_diatonic_strength": 0.575414419174, "hpcp_entropy": {"dvar": 0.222282841802, "mean": 1.60993111134, "min": 0, "median": 1.62873744965, "dvar2": 0.578071117401, "var": 0.637774169445, "dmean2": 0.78787124157, "max": 4.5966053009, "dmean": 0.472603857517}, "chords_histogram": [37.9152107239, 3.58391618729, 6.55594396591, 6.55594396591, 0.0218531470746, 4.4798951149, 0.371503502131, 2.1853146553, 1.98863637447, 5.57255268097, 3.14685320854, 0.0218531470746, 1.48601400852, 3.58391618729, 0, 1.13636362553, 1.63898599148, 1.04895102978, 0.0874125882983, 0.0437062941492, 0.743007004261, 0.152972027659, 5.17919588089, 12.5], "tuning_nontempered_energy_ratio": 0.713209688663, "key_key": "C#"}, "metadata": {"version": {"extractor": "music 1.0", "essentia_build_sha": "70f2e5ece6736b2c40cc944ad0e695b16b925413", "essentia": "2.1-beta2", "essentia_git_sha": "v2.1_beta2"}, "audio_properties": {"sample_rate": 44100, "length": 212.427749634, "lossless": false, "analysis_sample_rate": 44100, "downmix": "mix", "bit_rate": 256031, "equal_loudness": 0, "md5_encoded": "a4503013b1a7f3c49376f5367bc27a31", "codec": "mp3", "replay_gain": -9.07789611816}, "tags": {"genre": ["Rock"], "length": ["212"], "artist": ["Jason Molina"], "date": ["2006"], "musicbrainz_recordingid": ["978cc338-bec9-438f-97eb-5ce90df836f1"], "file_name": "2050899.mp3", "title": ["It Must Be Raining There Forever"], "tracknumber": ["6"], "album": ["Let Me Go, Let Me Go, Let Me Go"], "discnumber": ["1"]}}, "lowlevel": {"melbands": {"dvar": [1.03363317905e-09, 1.36211440349e-07, 9.19451849768e-07, 6.31419482033e-07, 8.27847799201e-08, 6.45326849735e-08, 1.96467198066e-08, 3.99590362576e-07, 4.66813617095e-07, 8.48268655318e-09, 6.12079897877e-09, 6.48211395671e-09, 1.98947383012e-08, 5.46692149328e-08, 2.07973869237e-08, 2.54344527661e-08, 1.82140738048e-08, 2.21621707652e-08, 1.74113612417e-09, 4.59946053466e-10, 1.2207510558e-09, 1.53670220993e-09, 1.16335101275e-10, 6.86903789057e-12, 1.38784483905e-10, 2.10337081086e-10, 5.9024707344e-10, 5.14559297948e-11, 2.86912225748e-12, 1.95803919953e-12, 3.71452998568e-12, 5.08132056397e-13, 9.3405708515e-13, 3.80854505919e-12, 2.77150307912e-12, 1.57973016179e-12, 1.74624713561e-12, 4.2537940401e-13, 9.34688727783e-14, 7.64142574087e-14], "mean": [1.35875125125e-05, 0.000220132467803, 0.000494284613524, 0.000445299345301, 0.00032733581611, 0.00017429862055, 9.04136322788e-05, 0.000335057615303, 0.000292163342237, 4.31993830716e-05, 3.23608765029e-05, 3.83459591831e-05, 7.23961056792e-05, 0.000130593951326, 7.5100135291e-05, 5.10765348736e-05, 3.25236287608e-05, 2.16337375605e-05, 8.00454290584e-06, 5.27301381226e-06, 1.03418578874e-05, 8.9448349172e-06, 2.16650187213e-06, 9.30584633352e-07, 2.30538307733e-06, 3.29398017129e-06, 5.30332999915e-06, 1.59624403295e-06, 3.79309966547e-07, 3.65285927728e-07, 5.41056749626e-07, 2.20376492166e-07, 2.35792271042e-07, 4.03784639502e-07, 3.58571810466e-07, 2.98475299587e-07, 2.69477425263e-07, 1.14882823254e-07, 5.32028394673e-08, 4.40188294704e-08], "min": [1.53987660294e-24, 8.28650852065e-25, 1.10590449746e-24, 1.77985775386e-24, 1.07125427524e-24, 2.02186588287e-24, 1.7268317071e-24, 2.39086464319e-24, 2.49383465715e-24, 2.39669945287e-24, 2.28348154411e-24, 2.68044088757e-24, 2.19755940596e-24, 2.34294725965e-24, 2.75332709926e-24, 1.4308541523e-24, 3.3869604915e-24, 3.27425060916e-24, 3.21840793454e-24, 2.70167505098e-24, 3.18738065463e-24, 3.37627537054e-24, 3.70809353867e-24, 4.19112569271e-24, 3.75390624131e-24, 3.21807365473e-24, 4.46390077753e-24, 4.30784476339e-24, 4.69646643872e-24, 5.04884863293e-24, 3.94346557253e-24, 5.68827285587e-24, 5.65520459558e-24, 4.34456939397e-24, 5.80101054555e-24, 5.41288979689e-24, 5.75934843457e-24, 5.03082789441e-24, 6.14517399242e-24, 6.38160664977e-24], "median": [1.46552451952e-06, 6.59037541482e-05, 0.00018051607185, 0.00014585388999, 6.62210368318e-05, 1.82868625416e-05, 8.57492159412e-06, 2.85827809421e-06, 2.19389085032e-06, 1.19450214697e-06, 1.14601471068e-06, 1.11218923848e-06, 8.96866140465e-07, 6.63281525703e-07, 6.07801780461e-07, 2.28023864679e-07, 1.72767769868e-07, 1.54023140908e-07, 1.01065353419e-07, 1.25139393958e-07, 1.64666730029e-07, 1.16419542451e-07, 6.86816079565e-08, 4.05185005548e-08, 5.90072133377e-08, 3.98139547997e-08, 2.60298467225e-08, 1.55714197092e-08, 7.16257186895e-09, 5.66725910645e-09, 4.77839279256e-09, 4.26823021371e-09, 3.80424669544e-09, 4.05927558234e-09, 3.72250408276e-09, 3.17751691625e-09, 3.07662872956e-09, 2.73123301753e-09, 2.41297914982e-09, 2.27744689774e-09], "dvar2": [2.24314922193e-09, 3.16944010592e-07, 2.25181429414e-06, 1.55720908879e-06, 1.74090047267e-07, 1.13472410135e-07, 3.72929669368e-08, 7.39071197131e-07, 7.55442670197e-07, 1.50525227838e-08, 1.4163417994e-08, 1.04214423757e-08, 4.12989500376e-08, 9.8890758693e-08, 3.32972831529e-08, 4.41877574531e-08, 3.10550305471e-08, 4.37861480407e-08, 3.94541421755e-09, 1.04872921458e-09, 2.22645657466e-09, 3.40279515676e-09, 3.14373915788e-10, 1.52615142746e-11, 3.19898607604e-10, 3.90857929355e-10, 9.21548615196e-10, 1.05157667296e-10, 6.18695979865e-12, 4.38599156993e-12, 9.03713302108e-12, 1.03766333633e-12, 1.81379705092e-12, 7.89623054442e-12, 5.79621637145e-12, 3.09417292135e-12, 3.51709633639e-12, 8.70709212196e-13, 1.99275790097e-13, 1.57783494928e-13], "var": [2.4527007092e-09, 2.99394656622e-07, 1.84262285075e-06, 1.14422289244e-06, 8.18572289063e-07, 5.37988796623e-07, 7.75004380671e-08, 1.55872339747e-06, 2.74408853329e-06, 3.78381237454e-08, 1.7075549863e-08, 4.01498567726e-08, 9.22482783494e-08, 3.65529643886e-07, 2.18203837221e-07, 1.05336006584e-07, 8.38630143107e-08, 5.47535599082e-08, 3.62971519507e-09, 9.24603171804e-10, 3.58797946909e-09, 3.13486636649e-09, 1.5097012529e-10, 1.81447027542e-11, 2.22156959495e-10, 5.19876253158e-10, 2.81939249724e-09, 2.24100987767e-10, 7.34783067724e-12, 3.94940720752e-12, 8.81227903149e-12, 1.54112074664e-12, 3.06540773667e-12, 1.04078967667e-11, 7.47943807583e-12, 6.79443697485e-12, 6.59619277601e-12, 1.43927372191e-12, 2.60067656429e-13, 2.48014174302e-13], "dmean2": [9.22517847357e-06, 0.000150598018081, 0.000330395210767, 0.000297271937598, 0.000134657515446, 8.56226615724e-05, 4.9314025091e-05, 0.000171610969119, 0.000121797645988, 2.20133406401e-05, 2.15242671402e-05, 1.94565964193e-05, 3.77995238523e-05, 5.84356312174e-05, 3.19743521686e-05, 2.97114911518e-05, 2.20886104216e-05, 1.87144887605e-05, 7.35176763556e-06, 4.56920861325e-06, 8.10044821264e-06, 8.11321842775e-06, 2.20554079533e-06, 7.68121708461e-07, 2.17787714973e-06, 2.78431730294e-06, 3.55177280653e-06, 1.12321652068e-06, 3.4978714325e-07, 3.3364472074e-07, 4.91466835228e-07, 1.72262545561e-07, 1.8573324212e-07, 3.51575721425e-07, 2.92058302875e-07, 2.33316768572e-07, 2.10485509911e-07, 9.59786845556e-08, 4.92060188151e-08, 3.83004739035e-08], "max": [0.00181731430348, 0.0131327258423, 0.0420528873801, 0.0258935708553, 0.0142562789842, 0.0176839549094, 0.00384211284108, 0.022767458111, 0.0369222201407, 0.00379653600976, 0.00294868880883, 0.00354933808558, 0.00544782308862, 0.00985875446349, 0.00929595716298, 0.011079819873, 0.0105409901589, 0.00957778282464, 0.00194218207616, 0.0010319907451, 0.00146055256482, 0.00267990282737, 0.000605832086876, 0.000141011842061, 0.000810472818557, 0.00120693014469, 0.00172050110996, 0.000520384521224, 0.000116527902719, 6.16402976448e-05, 5.92766045884e-05, 2.98682534776e-05, 5.36960615136e-05, 0.000125247184769, 8.11477366369e-05, 8.93495816854e-05, 9.06262575882e-05, 5.64162692172e-05, 2.01320490305e-05, 2.07131251955e-05], "dmean": [6.8903968895e-06, 0.000102410856925, 0.000203698538826, 0.000190714577911, 9.03955224203e-05, 6.04679626122e-05, 3.60692938557e-05, 0.00012702656386, 9.66531733866e-05, 1.67985126609e-05, 1.46195452544e-05, 1.47918217408e-05, 2.79983087239e-05, 4.33778332081e-05, 2.43134018092e-05, 2.33284736169e-05, 1.57415415742e-05, 1.35433729156e-05, 4.74751141155e-06, 2.9987495509e-06, 5.63035109735e-06, 5.27250995219e-06, 1.36186088184e-06, 4.9903985655e-07, 1.43435659083e-06, 1.90622222362e-06, 2.59968578575e-06, 7.94631091594e-07, 2.28163827387e-07, 2.22104318937e-07, 3.21283664562e-07, 1.21112790907e-07, 1.28045641645e-07, 2.34913798636e-07, 1.99134859713e-07, 1.56466697376e-07, 1.42393403735e-07, 6.28554275295e-08, 3.39425980656e-08, 2.66893191991e-08]}, "spectral_decrease": {"dvar": 3.78763190074e-18, "mean": -2.78627987349e-09, "min": -6.40352411097e-08, "median": -6.97637725366e-10, "dvar2": 7.08550753158e-18, "var": 3.39151330336e-17, "dmean2": 9.12927067276e-10, "max": 3.82030917453e-16, "dmean": 6.5391925208e-10}, "spectral_rolloff": {"dvar": 313929.46875, "mean": 1032.90722656, "min": 86.1328125, "median": 366.064453125, "dvar2": 674113.625, "var": 7178514.5, "dmean2": 252.597396851, "max": 19832.0800781, "dmean": 146.987228394}, "melbands_crest": {"dvar": 5.52768039703, "mean": 16.8353919983, "min": 1.49319851398, "median": 16.4254646301, "dvar2": 14.1749687195, "var": 30.3145046234, "dmean2": 3.57164597511, "max": 33.4403305054, "dmean": 2.25999069214}, "barkbands_skewness": {"dvar": 0.456925690174, "mean": 3.17462515831, "min": -9.21221446991, "median": 3.0533862114, "dvar2": 1.01952505112, "var": 5.68965911865, "dmean2": 0.850331485271, "max": 16.058637619, "dmean": 0.560296714306}, "spectral_centroid": {"dvar": 60774.2070312, "mean": 745.781921387, "min": 159.723022461, "median": 404.204315186, "dvar2": 112279.351562, "var": 1823506.5, "dmean2": 149.909317017, "max": 11745.8330078, "dmean": 98.572013855}, "spectral_energyband_middle_low": {"dvar": 4.26889491791e-05, "mean": 0.00722341565415, "min": 1.61787129642e-22, "median": 0.00198330334388, "dvar2": 8.59683495946e-05, "var": 0.000218330591451, "dmean2": 0.00293298088945, "max": 0.197844818234, "dmean": 0.00205057812855}, "erbbands_crest": {"dvar": 4.81270885468, "mean": 11.6850700378, "min": 2.74351096153, "median": 11.1449012756, "dvar2": 12.1085634232, "var": 19.5038700104, "dmean2": 3.37052845955, "max": 30.56300354, "dmean": 2.13174176216}, "dynamic_complexity": 9.05400180817, "spectral_energyband_low": {"dvar": 2.99198336506e-06, "mean": 0.00129518168978, "min": 1.70204455361e-23, "median": 0.000489006051794, "dvar2": 7.63793013903e-06, "var": 7.14977750249e-06, "dmean2": 0.000758279464208, "max": 0.0633889883757, "dmean": 0.000494345964398}, "silence_rate_60dB": {"dvar": 0.0457834638655, "mean": 0.532349705696, "min": 0, "median": 1, "dvar2": 0.100721515715, "var": 0.248979598284, "dmean2": 0.0961958914995, "max": 1, "dmean": 0.0480926893651}, "erbbands_kurtosis": {"dvar": 6.75694513321, "mean": 3.70334625244, "min": -1.85770463943, "median": 1.61904883385, "dvar2": 15.0231723785, "var": 39.1570663452, "dmean2": 2.44639468193, "max": 86.7855453491, "dmean": 1.57885575294}, "spectral_complexity": {"dvar": 1.75943279266, "mean": 5.66633892059, "min": 0, "median": 4, "dvar2": 3.84147453308, "var": 23.9450397491, "dmean2": 1.46501970291, "max": 40, "dmean": 0.892119348049}, "barkbands_crest": {"dvar": 3.9755988121, "mean": 12.8882465363, "min": 2.44517159462, "median": 12.1440238953, "dvar2": 9.87888717651, "var": 18.5165252686, "dmean2": 3.13397932053, "max": 25.732421875, "dmean": 1.96622478962}, "spectral_energy": {"dvar": 6.07224865234e-05, "mean": 0.0112321246415, "min": 9.98867684023e-21, "median": 0.00274485442787, "dvar2": 0.00011221182649, "var": 0.000570995849557, "dmean2": 0.003637914313, "max": 0.26684114337, "dmean": 0.00261171697639}, "spectral_spread": {"dvar": 440886558720, "mean": 4424776, "min": 1114967.125, "median": 3575630, "dvar2": 871485407232, "var": 20731490467800.0, "dmean2": 549610.5625, "max": 42941728, "dmean": 352670.3125}, "spectral_contrast_valleys": {"dvar": [0.154980227351, 0.107666552067, 0.0975921228528, 0.0776258930564, 0.0684562623501, 0.0732577368617], "mean": [-9.39061355591, -8.79371547699, -9.56790065765, -9.9060125351, -9.91355037689, -12.2728490829], "min": [-28.2605514526, -28.2058887482, -27.700756073, -27.6205253601, -27.5907077789, -27.3860244751], "median": [-9.1261920929, -8.53487205505, -9.39732074738, -9.80464935303, -9.89726829529, -12.2630147934], "dvar2": [0.358930528164, 0.225922361016, 0.191023141146, 0.139939844608, 0.10695297271, 0.110557898879], "var": [5.82593011856, 5.94186258316, 5.49759626389, 5.32215356827, 5.02909898758, 3.77549052238], "dmean2": [0.685747742653, 0.531237065792, 0.487601339817, 0.393557876348, 0.289566874504, 0.231334343553], "max": [-6.13468551636, -5.5772895813, -6.25499153137, -6.10776996613, -5.63970279694, -7.65167999268], "dmean": [0.421491444111, 0.326162874699, 0.303933233023, 0.248030975461, 0.190802305937, 0.158241942525]}, "spectral_rms": {"dvar": 3.04627661762e-07, "mean": 0.00238597369753, "min": 3.12170623552e-12, "median": 0.00163643108681, "dvar2": 5.39833024504e-07, "var": 5.2653081184e-06, "dmean2": 0.000424073252361, "max": 0.0161348320544, "dmean": 0.000303249631543}, "barkbands_spread": {"dvar": 22.6545219421, "mean": 8.36974906921, "min": 0.267462611198, "median": 5.23029470444, "dvar2": 47.7066917419, "var": 123.040435791, "dmean2": 3.15652680397, "max": 130.156936646, "dmean": 2.04929566383}, "pitch_salience": {"dvar": 0.00297812279314, "mean": 0.507649242878, "min": 0.116536214948, "median": 0.511374592781, "dvar2": 0.00772843975574, "var": 0.0149714602157, "dmean2": 0.0857763588428, "max": 0.934068918228, "dmean": 0.0534589625895}, "erbbands_skewness": {"dvar": 0.158670410514, "mean": 1.27863454819, "min": -4.31991815567, "median": 1.19582509995, "dvar2": 0.335956126451, "var": 1.58837115765, "dmean2": 0.522420346737, "max": 8.218791008, "dmean": 0.346246212721}, "spectral_energyband_middle_high": {"dvar": 1.07519108496e-05, "mean": 0.00317345210351, "min": 1.1426386417e-21, "median": 5.89687697357e-05, "dvar2": 1.88042013178e-05, "var": 0.000121186159959, "dmean2": 0.00106005207635, "max": 0.159479111433, "dmean": 0.000798201188445}, "erbbands": {"dvar": [4.955100394e-06, 0.00491267582402, 0.939499557018, 14.1134691238, 214.354690552, 49.1126251221, 81.6118087769, 142.145263672, 58.3151855469, 2396.78417969, 8360.85839844, 337.207427979, 232.129653931, 417.425384521, 2792.22045898, 3972.70703125, 4875.35302734, 3969.74389648, 4543.59082031, 538.458251953, 593.127929688, 698.940490723, 26.469909668, 150.685531616, 819.896484375, 188.39453125, 4.48311567307, 8.95203876495, 1.73604440689, 6.72791147232, 6.56797027588, 3.81013035774, 0.530687630177, 0.103242516518, 0.0191359575838, 0.00247406028211, 0.000160951211001, 5.28767259311e-06, 1.63454227931e-08, 8.90792023478e-11], "mean": [0.000706599501427, 0.0377556793392, 0.594169855118, 2.41718554497, 5.17675733566, 6.99555397034, 8.94360256195, 7.85928726196, 5.20638942719, 25.8171825409, 38.3384017944, 9.39258861542, 6.65129375458, 9.90550231934, 29.355846405, 41.1122665405, 26.3869876862, 18.4354572296, 10.9972524643, 5.13608121872, 7.8846745491, 6.84996747971, 1.68546819687, 2.75870919228, 6.03848695755, 3.51479244232, 0.688645005226, 0.869328916073, 0.434561818838, 0.609489202499, 0.600819885731, 0.448784142733, 0.143246173859, 0.0573572590947, 0.0201755203307, 0.00454017939046, 0.00115278735757, 0.000300808198517, 4.44107099611e-05, 1.48564495248e-05], "min": [1.0582315977e-22, 7.19886138843e-22, 2.01019530109e-21, 6.37010981934e-21, 8.0126974532e-21, 1.85177741026e-20, 3.25636159432e-20, 8.38452305492e-20, 1.08313161983e-19, 2.46320376047e-19, 3.19896618118e-19, 4.12327511674e-19, 4.88181214616e-19, 8.05057150082e-19, 9.95605235219e-19, 1.15081482042e-18, 7.98858827259e-19, 2.00313882846e-18, 2.19290915703e-18, 2.56998130042e-18, 3.24716160107e-18, 3.69544179429e-18, 5.32151054731e-18, 5.81081228147e-18, 6.86649657515e-18, 7.8919540349e-18, 9.24651770905e-18, 8.71515259998e-18, 1.17332203266e-17, 1.11226220681e-17, 1.15357119302e-17, 1.0969773153e-17, 8.02780686998e-18, 7.49797618095e-18, 6.16098719967e-18, 4.27494881501e-18, 2.07203035898e-18, 9.53267339734e-19, 2.63028390444e-19, 2.6887384642e-20], "median": [0.00017760816263, 0.00698196794838, 0.182571649551, 0.914612293243, 1.50631022453, 1.88253068924, 1.60103535652, 0.916275024414, 0.833119869232, 0.320388942957, 0.346135109663, 0.246578156948, 0.253190785646, 0.269630789757, 0.277891278267, 0.273230671883, 0.181103020906, 0.101651921868, 0.0916173681617, 0.0904882848263, 0.140043839812, 0.113293163478, 0.0545794703066, 0.0714011490345, 0.0517351180315, 0.028334852308, 0.0126326736063, 0.00911456625909, 0.00753832422197, 0.00739761535078, 0.00627575628459, 0.00504319835454, 0.00384975550696, 0.00276845367625, 0.00181241438258, 0.00107418349944, 0.000525594223291, 0.000172536907485, 3.55344236596e-05, 4.80272501591e-06], "dvar2": [1.20124286695e-05, 0.00932719372213, 2.17505931854, 37.9048957825, 525.095092773, 114.227897644, 164.612045288, 246.923721313, 111.466888428, 4699.64111328, 14042.7675781, 545.957885742, 541.930847168, 672.12878418, 5629.71435547, 5903.72314453, 8154.45117188, 6681.41943359, 9347.57128906, 1237.36450195, 1059.76379395, 1569.44458008, 68.3521881104, 345.211853027, 1396.65783691, 341.610168457, 9.79428100586, 21.212726593, 3.22405362129, 13.1213188171, 12.9798698425, 7.00245857239, 1.04228770733, 0.205073580146, 0.042160961777, 0.00670175720006, 0.000451867526863, 1.39406483868e-05, 4.40360103937e-08, 1.65395988572e-10], "var": [8.90788578545e-06, 0.01504559163, 2.12352967262, 32.0818748474, 313.237884521, 183.543334961, 884.46685791, 1082.48376465, 212.16494751, 8168.23095703, 43359.9453125, 1968.74511719, 638.651611328, 2559.44580078, 16806.7480469, 57653.359375, 23429.5996094, 22123.2402344, 11431.8466797, 1319.16162109, 1837.3046875, 1494.17614746, 57.1521224976, 261.146270752, 2623.34057617, 1067.75634766, 13.9940023422, 21.5188999176, 6.26730966568, 21.8716011047, 21.2501411438, 17.0690479279, 1.94831883907, 0.36715143919, 0.0525027774274, 0.00230667437427, 0.000106363389932, 4.17079627368e-06, 1.52767700712e-08, 8.33458302374e-10], "dmean2": [0.000518529792316, 0.0231591556221, 0.400062590837, 1.45088243484, 4.44523763657, 3.62502741814, 3.76869058609, 3.80125570297, 2.85657930374, 13.4229335785, 16.8571224213, 4.05166292191, 4.1840057373, 4.72698163986, 13.8788118362, 15.1891517639, 12.9431562424, 10.8487081528, 8.6273317337, 4.05644750595, 5.98035573959, 5.81526374817, 1.28238987923, 2.32186174393, 4.52025222778, 2.14314866066, 0.523804962635, 0.759799540043, 0.305943667889, 0.469300150871, 0.443956017494, 0.326253086329, 0.112136952579, 0.047282744199, 0.0169497188181, 0.00445505185053, 0.00111572619062, 0.000254648766713, 3.80561104976e-05, 5.12125507157e-06], "max": [0.199372410774, 2.85808515549, 33.9933776855, 140.359130859, 522.428588867, 209.665756226, 547.933654785, 905.128967285, 243.962097168, 1585.78039551, 4485.02636719, 805.653869629, 603.973327637, 919.729187012, 2063.94995117, 3959.6940918, 4329.14746094, 5364.10302734, 4370.08300781, 1351.94616699, 1128.36181641, 1816.1920166, 254.32421875, 843.773681641, 2366.72070312, 1079.15795898, 117.084709167, 79.6497268677, 68.4059906006, 177.597946167, 138.796783447, 142.597320557, 63.5009727478, 22.8327865601, 11.9795942307, 3.13295936584, 0.857833266258, 0.133225366473, 0.00556987104937, 0.000345019361703], "dmean": [0.000350545713445, 0.0175182241946, 0.272701144218, 0.89159822464, 2.73509955406, 2.43873643875, 2.49760007858, 2.69957113266, 2.06055903435, 9.97324180603, 13.1622781754, 3.21371412277, 2.85396361351, 3.59994697571, 10.3002176285, 11.5461759567, 9.97654151917, 7.87111997604, 6.19305324554, 2.68620228767, 4.16327476501, 3.75628137589, 0.811533272266, 1.53363442421, 3.17369437218, 1.5743792057, 0.356705993414, 0.500807464123, 0.218536540866, 0.328998535872, 0.310315728188, 0.224144846201, 0.0764013156295, 0.0334400907159, 0.0116121144965, 0.00286539806984, 0.000678176176734, 0.000160154144396, 2.27651908062e-05, 3.55757242687e-06]}, "dissonance": {"dvar": 0.000666765903588, "mean": 0.423113167286, "min": 0.178987294436, "median": 0.432377278805, "dvar2": 0.00178652384784, "var": 0.00243259780109, "dmean2": 0.0440990924835, "max": 0.5, "dmean": 0.0264567937702}, "erbbands_flatness_db": {"dvar": 0.000223106442718, "mean": 0.196305826306, "min": 0.0307620298117, "median": 0.19865322113, "dvar2": 0.000453644577647, "var": 0.0033094973769, "dmean2": 0.0194569602609, "max": 0.391197413206, "dmean": 0.0132187400013}, "melbands_kurtosis": {"dvar": 259.728668213, "mean": 35.5172576904, "min": -1.88906812668, "median": 21.5795040131, "dvar2": 611.691101074, "var": 1931.48791504, "dmean2": 15.4610366821, "max": 441.936981201, "dmean": 9.81806468964}, "melbands_spread": {"dvar": 69.8886489868, "mean": 11.5905475616, "min": 0.405191421509, "median": 4.86831665039, "dvar2": 137.996673584, "var": 547.447875977, "dmean2": 4.15300607681, "max": 244.449707031, "dmean": 2.74532532692}, "melbands_skewness": {"dvar": 0.566929042339, "mean": 3.64701342583, "min": -1.87876605988, "median": 3.33169841766, "dvar2": 1.29386723042, "var": 5.64380788803, "dmean2": 0.977626800537, "max": 15.8214540482, "dmean": 0.634646296501}, "spectral_entropy": {"dvar": 0.0337188951671, "mean": 6.65638399124, "min": 4.82694911957, "median": 6.56347560883, "dvar2": 0.0706269741058, "var": 0.490189760923, "dmean2": 0.237641587853, "max": 9.82659626007, "dmean": 0.158669665456}, "zerocrossingrate": {"dvar": 9.32666589506e-05, "mean": 0.0412078946829, "min": 0.00439453125, "median": 0.0234375, "dvar2": 8.62314263941e-05, "var": 0.00597585272044, "dmean2": 0.00654189055786, "max": 0.75634765625, "dmean": 0.00534280762076}, "average_loudness": 0.0134017821401, "spectral_contrast_coeffs": {"dvar": [0.00111847301014, 0.00120900885668, 0.000672181893606, 0.000468587561045, 0.000253603793681, 0.000174082539161], "mean": [-0.540524423122, -0.680055201054, -0.765050411224, -0.79792535305, -0.807600617409, -0.829196155071], "min": [-0.982510983944, -0.979827404022, -0.975670576096, -0.97993683815, -0.969879090786, -0.965801298618], "median": [-0.530613660812, -0.695508360863, -0.788132846355, -0.826122641563, -0.835729122162, -0.850607693195], "dvar2": [0.00306460517459, 0.00287430547178, 0.00148014607839, 0.00102415285073, 0.00056170480093, 0.00032960093813], "var": [0.0110479611903, 0.0135375317186, 0.0114877866581, 0.0083637451753, 0.00561753800139, 0.00300143146887], "dmean2": [0.0642647668719, 0.0605114996433, 0.0457082651556, 0.0380198061466, 0.0276572275907, 0.0190292727202], "max": [-0.241774439812, -0.261743634939, -0.385290592909, -0.436012744904, -0.516010344028, -0.592887699604], "dmean": [0.0389848351479, 0.0376746766269, 0.0290307700634, 0.0237795319408, 0.0171942971647, 0.0127931991592]}, "barkbands_flatness_db": {"dvar": 0.000350118614733, "mean": 0.226293116808, "min": 0.0184509325773, "median": 0.228927016258, "dvar2": 0.000784539384767, "var": 0.00330867036246, "dmean2": 0.0265397895128, "max": 0.410947352648, "dmean": 0.017435817048}, "silence_rate_30dB": {"dvar": 0.0054356502369, "mean": 0.985027313232, "min": 0, "median": 1, "dvar2": 0.012124481611, "var": 0.0147472927347, "dmean2": 0.0109313512221, "max": 1, "dmean": 0.00546507816762}, "spectral_energyband_high": {"dvar": 5.75335370456e-08, "mean": 8.84569453774e-05, "min": 6.9512114698e-21, "median": 1.99773171516e-06, "dvar2": 1.06264955946e-07, "var": 2.56406480048e-07, "dmean2": 5.51158627786e-05, "max": 0.0125655746087, "dmean": 4.00189528591e-05}, "melbands_flatness_db": {"dvar": 0.000474845379358, "mean": 0.309886693954, "min": 0.0032437806949, "median": 0.317219555378, "dvar2": 0.00102428894024, "var": 0.00656003737822, "dmean2": 0.0287555214018, "max": 0.518134355545, "dmean": 0.0192947331816}, "barkbands": {"dvar": [4.94305074303e-12, 3.69483466045e-08, 1.36873325118e-06, 5.77178616368e-06, 1.04421878859e-05, 1.764398462e-06, 1.47236437442e-06, 1.77294223249e-05, 9.42758617839e-07, 2.57208881749e-07, 8.16136946469e-07, 3.52207007381e-06, 2.10586426874e-06, 3.0747423807e-06, 3.97004981778e-07, 1.30042110413e-07, 2.95536239037e-07, 9.01681662668e-09, 2.22793985927e-07, 1.79062411121e-07, 3.42857053859e-09, 1.45637890636e-09, 8.18278866888e-09, 4.6014370092e-09, 4.08249933859e-10, 8.07532235525e-11, 7.69157740971e-13], "mean": [3.90133294559e-07, 9.1145382612e-05, 0.000694105576258, 0.00102324818727, 0.00218030204996, 0.000970107095782, 0.00059627124574, 0.00202755513601, 0.00038065953413, 0.00024874517112, 0.000287245638901, 0.00127984886058, 0.000458897295175, 0.000377890712116, 0.000110712222522, 9.91634296952e-05, 0.000133825407829, 2.61873647105e-05, 9.11293755053e-05, 8.25199531391e-05, 1.85037097253e-05, 1.16773226182e-05, 2.21329919441e-05, 1.51738031491e-05, 3.73921557184e-06, 7.24182143585e-07, 2.16263003949e-07], "min": [3.65605031399e-25, 3.51188174344e-24, 9.84541106812e-25, 8.11048111218e-25, 7.47608291929e-24, 7.32517067268e-24, 5.08864942662e-24, 1.19216194094e-23, 1.57149943339e-23, 1.39429571499e-23, 1.29925943293e-23, 3.12419431607e-23, 9.89960482624e-24, 3.3186911277e-23, 3.54802529908e-23, 4.73329606669e-23, 5.80675337406e-23, 9.65013797792e-23, 1.13667207647e-22, 1.75003301351e-22, 2.02826766266e-22, 3.4415641023e-22, 3.34651608198e-22, 5.47072589147e-22, 7.84891054223e-22, 1.26361471506e-21, 1.95762248016e-21], "median": [4.38951275328e-08, 8.65402853378e-06, 0.000217713357415, 0.000295017409371, 0.000700098986272, 0.00011088635074, 2.91861542792e-05, 1.22951296362e-05, 8.93032301974e-06, 7.11235634299e-06, 4.72703322885e-06, 7.12129622116e-06, 3.13906002702e-06, 2.02820956474e-06, 1.27307839648e-06, 2.24460472964e-06, 1.99586042982e-06, 8.71857082529e-07, 1.32273339659e-06, 5.16549675922e-07, 2.42047320853e-07, 2.03984626523e-07, 2.27211216952e-07, 2.34555386669e-07, 2.49273796271e-07, 2.78984174429e-07, 1.73391185854e-07], "dvar2": [8.86048179272e-12, 7.05266813839e-08, 3.43484521181e-06, 1.57818194566e-05, 2.6129262551e-05, 3.16049022331e-06, 2.96473717754e-06, 3.08601775032e-05, 1.55803775215e-06, 5.43298369848e-07, 1.59857574999e-06, 6.21003755441e-06, 3.71453461412e-06, 5.41689814781e-06, 8.44330486416e-07, 2.49288319765e-07, 6.37631046629e-07, 2.3659326942e-08, 4.6887521421e-07, 3.56857270845e-07, 7.74746133914e-09, 2.80431144972e-09, 1.59167310443e-08, 8.56164206198e-09, 7.38026251224e-10, 2.26128143987e-10, 2.02568387411e-12], "var": [1.56163814519e-11, 1.09060522391e-07, 2.46010381488e-06, 1.00832539829e-05, 2.29108773055e-05, 1.83267438842e-05, 5.06053720528e-06, 8.62232700456e-05, 3.86353713111e-06, 1.15331260986e-06, 2.11359315472e-06, 3.69304834749e-05, 8.43962880026e-06, 1.18754651339e-05, 8.76830142715e-07, 3.39457926657e-07, 6.6192308168e-07, 1.71124678872e-08, 4.33852449078e-07, 7.08471816324e-07, 8.75420802515e-09, 5.18128784321e-09, 2.6913399509e-08, 2.08276240699e-08, 1.57821300473e-09, 5.72264249876e-11, 6.66242560253e-13], "dmean2": [3.45014257164e-07, 5.79546212975e-05, 0.000498285109643, 0.000735499546863, 0.00127998937387, 0.000480189919472, 0.000337317294907, 0.000949141860474, 0.000207068063901, 0.00014722852211, 0.000213545426959, 0.000520839705132, 0.000277018581983, 0.000283193832729, 0.000104098980955, 8.48598574521e-05, 0.000120472977869, 2.34460658248e-05, 8.06648167782e-05, 5.74001132918e-05, 1.54252738866e-05, 8.42111057864e-06, 1.66484169313e-05, 1.15138045658e-05, 2.85756823359e-06, 7.25069696728e-07, 1.99045246063e-07], "max": [0.000235500105191, 0.00762680266052, 0.0414634570479, 0.103054828942, 0.10301309824, 0.0839254930615, 0.0477471016347, 0.172397688031, 0.0433498583734, 0.0171516444534, 0.0406483449042, 0.0860384702682, 0.087144240737, 0.104324124753, 0.0344239957631, 0.0160732753575, 0.0307120606303, 0.0041597886011, 0.0331457182765, 0.0313517451286, 0.00170595268719, 0.0019398186123, 0.00426348438486, 0.00548812840134, 0.00159665115643, 0.000596658792347, 4.18736563006e-05], "dmean": [2.21686093482e-07, 4.50281186204e-05, 0.000328507798258, 0.000439132039901, 0.000826477305964, 0.000330796669004, 0.000246134557528, 0.000719855655916, 0.000158958049724, 0.000102766156488, 0.000156180351041, 0.000385017221561, 0.00020843805396, 0.000199429487111, 6.67313943268e-05, 5.86289825151e-05, 7.81729322625e-05, 1.46728407344e-05, 5.40807704965e-05, 4.13054585806e-05, 1.04248128991e-05, 6.00471139478e-06, 1.17108584163e-05, 7.85925476521e-06, 2.06978029382e-06, 4.50880861536e-07, 1.18765299817e-07]}, "erbbands_spread": {"dvar": 53.8966712952, "mean": 28.1814651489, "min": 2.58145165443, "median": 23.5364933014, "dvar2": 115.266204834, "var": 310.535552979, "dmean2": 7.68764257431, "max": 151.86227417, "dmean": 4.99822282791}, "barkbands_kurtosis": {"dvar": 146.044418335, "mean": 25.319519043, "min": -1.92620301247, "median": 15.3966636658, "dvar2": 336.700073242, "var": 1041.54748535, "dmean2": 10.7045764923, "max": 357.392211914, "dmean": 6.92542982101}, "spectral_flux": {"dvar": 0.000361553975381, "mean": 0.027268955484, "min": 6.35568334073e-11, "median": 0.014643708244, "dvar2": 0.000833496276755, "var": 0.00128962018061, "dmean2": 0.0157941263169, "max": 0.381257236004, "dmean": 0.0100491680205}, "silence_rate_20dB": {"dvar": 0, "mean": 1, "min": 1, "median": 1, "dvar2": 0, "var": 0, "dmean2": 0, "max": 1, "dmean": 0}, "gfcc": {"cov": [[24593.3789062, 3263.75756836, -4333.8203125, -330.316619873, -1737.64379883, -37.8291358948, -655.221191406, -517.156799316, -341.920257568, -457.360229492, 110.642158508, -443.423400879, -450.195068359], [3263.75756836, 1400.66308594, -367.033691406, -400.089752197, -56.6350517273, -99.2125778198, -48.7810745239, -72.8154144287, -88.6446533203, -123.895591736, 14.2520885468, -24.1739368439, -52.9840583801], [-4333.8203125, -367.033691406, 1811.66723633, 431.671875, 459.14541626, 23.3320331573, -0.962532639503, 141.598800659, -125.629386902, 90.8762588501, -203.892929077, 160.076675415, 173.167953491], [-330.316619873, -400.089752197, 431.671875, 578.200744629, 118.477043152, 59.8723907471, -55.3117446899, 23.5258655548, -38.9628639221, 54.6788291931, -83.7112426758, 2.42758846283, 62.7849502563], [-1737.64379883, -56.6350517273, 459.14541626, 118.477043152, 419.020172119, 27.326789856, -2.94898700714, 42.6819953918, 2.72045516968, 43.0128746033, -34.4392280579, 26.3079299927, 39.1846046448], [-37.8291358948, -99.2125778198, 23.3320331573, 59.8723907471, 27.326789856, 166.301239014, 47.4625358582, -5.28523874283, 20.1304607391, 26.8154964447, -4.58891248703, -2.96762156487, -2.43202757835], [-655.221191406, -48.7810745239, -0.962532639503, -55.3117446899, -2.94898700714, 47.4625358582, 214.83921814, 59.2972946167, 24.5379104614, -18.6064090729, -1.62796938419, 22.7576370239, 23.0476169586], [-517.156799316, -72.8154144287, 141.598800659, 23.5258655548, 42.6819953918, -5.28523874283, 59.2972946167, 115.853141785, 12.4389247894, -6.39258623123, -24.1374855042, 17.4119338989, 12.7652750015], [-341.920257568, -88.6446533203, -125.629386902, -38.9628639221, 2.72045516968, 20.1304607391, 24.5379104614, 12.4389247894, 134.392425537, 40.2452545166, 45.2038116455, -24.6824817657, -24.9400939941], [-457.360229492, -123.895591736, 90.8762588501, 54.6788291931, 43.0128746033, 26.8154964447, -18.6064090729, -6.39258623123, 40.2452545166, 112.656417847, 15.7642583847, -3.17683434486, 8.79657936096], [110.642158508, 14.2520885468, -203.892929077, -83.7112426758, -34.4392280579, -4.58891248703, -1.62796938419, -24.1374855042, 45.2038116455, 15.7642583847, 141.095123291, 9.28931045532, -51.0303001404], [-443.423400879, -24.1739368439, 160.076675415, 2.42758846283, 26.3079299927, -2.96762156487, 22.7576370239, 17.4119338989, -24.6824817657, -3.17683434486, 9.28931045532, 94.4782485962, 32.0791740417], [-450.195068359, -52.9840583801, 173.167953491, 62.7849502563, 39.1846046448, -2.43202757835, 23.0476169586, 12.7652750015, -24.9400939941, 8.79657936096, -51.0303001404, 32.0791740417, 103.355422974]], "mean": [-185.816955566, 109.511924744, -84.4680633545, 10.7955236435, -48.7004127502, -9.67762851715, -46.5964736938, -9.93162822723, -35.686920166, -16.6470756531, -18.2338066101, -5.36402750015, -18.7272052765], "icov": [[0.000461590039777, -0.00109122646973, 0.0010976975318, -0.00117112940643, 0.00108444143552, -0.000876885140315, 0.00114917196333, -0.000719394593034, 0.000944515806623, -0.000171052088263, 0.000654781120829, -0.000377979449695, 0.00040735854418], [-0.00109122646973, 0.00366141810082, -0.00248823827133, 0.00349489925429, -0.00285886926576, 0.00226745032705, -0.00249829376116, 0.00205833115615, -0.00148529873695, 0.000978033989668, -0.00134401966352, 0.00109130586497, -0.00083411228843], [0.0010976975318, -0.00248823827133, 0.00404386501759, -0.00316335330717, 0.00155350915156, -0.0019144261023, 0.00288582127541, -0.00257422332652, 0.00308007351123, -0.0014756048331, 0.00295179453678, -0.00280569586903, 0.000889522430953], [-0.00117112940643, 0.00349489925429, -0.00316335330717, 0.00596160907298, -0.00292320176959, 0.00127361144405, -0.00182293064427, 0.00150289747398, -0.00146776332986, 0.000255061662756, -0.00128722272348, 0.00202070595697, -0.00191048637498], [0.00108444143552, -0.00285886926576, 0.00155350915156, -0.00292320176959, 0.0061158714816, -0.00257352530025, 0.0029269347433, -0.00215124431998, 0.00134684995282, -0.000588100752793, 0.000867929076776, -0.000227436350542, 0.000538885476999], [-0.000876885140315, 0.00226745032705, -0.0019144261023, 0.00127361144405, -0.00257352530025, 0.00940683484077, -0.00490253185853, 0.00348505424336, -0.0022940414492, -0.00125489942729, -8.50366050145e-05, 0.000227317301324, 0.00107726175338], [0.00114917196333, -0.00249829376116, 0.00288582127541, -0.00182293064427, 0.0029269347433, -0.00490253185853, 0.0100589180365, -0.00548330135643, 0.00144914013799, 0.00126440566964, 0.0011449046433, -0.00166196632199, -0.00147056521382], [-0.000719394593034, 0.00205833115615, -0.00257422332652, 0.00150289747398, -0.00215124431998, 0.00348505424336, -0.00548330135643, 0.0139906778932, -0.00394175574183, 0.00171515357215, 0.00103054288775, -0.000594213837758, 0.00131017458625], [0.000944515806623, -0.00148529873695, 0.00308007351123, -0.00146776332986, 0.00134684995282, -0.0022940414492, 0.00144914013799, -0.00394175574183, 0.0140275796875, -0.0044301841408, -0.00107369653415, 0.0019824213814, 0.00129940127954], [-0.000171052088263, 0.000978033989668, -0.0014756048331, 0.000255061662756, -0.000588100752793, -0.00125489942729, 0.00126440566964, 0.0017151