{"tonal": {"hpcp": {"dvar": [0.0448720604181, 0.0418355837464, 0.0506024174392, 0.0652049854398, 0.0700298398733, 0.0532125011086, 0.0541411973536, 0.0455620288849, 0.050518643111, 0.0397043265402, 0.0326447300613, 0.0322715938091, 0.0307780317962, 0.0298354420811, 0.0339984185994, 0.034443911165, 0.033102363348, 0.0301793497056, 0.0295915752649, 0.0268181152642, 0.0284316409379, 0.0342373214662, 0.0258934125304, 0.0288967974484, 0.0293113030493, 0.0253488179296, 0.0265959370881, 0.0326700657606, 0.0257018692791, 0.0210529603064, 0.0184744670987, 0.0165989175439, 0.0226948689669, 0.0281719956547, 0.0323658324778, 0.0420260317624], "var": [0.052738096565, 0.039422519505, 0.0453436039388, 0.0626858174801, 0.0778184607625, 0.095624409616, 0.118121780455, 0.0916304141283, 0.0539713948965, 0.0435463152826, 0.0307087469846, 0.0384551696479, 0.0445961914957, 0.0340411774814, 0.0524497330189, 0.0695727616549, 0.043175380677, 0.0317105762661, 0.0304197985679, 0.0312867462635, 0.0832427293062, 0.098033696413, 0.0352521762252, 0.0540683344007, 0.0775005146861, 0.0339102298021, 0.0505649968982, 0.096198759973, 0.0409460887313, 0.02100295946, 0.0199917554855, 0.0160777010024, 0.0284934919327, 0.0405615754426, 0.0337780527771, 0.0474357977509], "median": [0.0646711215377, 0.0415455065668, 0.0341146029532, 0.0426271818578, 0.0775924921036, 0.26089411974, 0.386796444654, 0.231082290411, 0.0755562782288, 0.044893052429, 0.0319511778653, 0.0339574292302, 0.0464308336377, 0.0573203377426, 0.0569566935301, 0.0598878003657, 0.0595632568002, 0.0584438703954, 0.0509200654924, 0.0476373806596, 0.0633325502276, 0.0737201496959, 0.0725895911455, 0.0594079084694, 0.0518253035843, 0.05499047786, 0.141306012869, 0.183892667294, 0.106884509325, 0.0349408425391, 0.0318148694932, 0.0399243831635, 0.0560063831508, 0.0654387399554, 0.0659261494875, 0.0738858580589], "max": [1, 1, 1, 1, 1, 1, 1, 1, 1, 1, 1, 1, 1, 1, 1, 1, 1, 1, 1, 1, 1, 1, 1, 1, 1, 1, 1, 1, 1, 1, 1, 1, 1, 1, 1, 1], "dmean": [0.138195589185, 0.127982243896, 0.141522914171, 0.180524006486, 0.214064210653, 0.22507172823, 0.236976757646, 0.201839104295, 0.177161827683, 0.130409374833, 0.10519322753, 0.102575331926, 0.107472091913, 0.109115764499, 0.119905754924, 0.121410213411, 0.119767919183, 0.113255880773, 0.10621073097, 0.0997430309653, 0.109416849911, 0.120182491839, 0.107698686421, 0.110218524933, 0.10412106663, 0.105326898396, 0.13601192832, 0.147327452898, 0.118874028325, 0.0811000391841, 0.0680121034384, 0.0669446960092, 0.0867792218924, 0.103896334767, 0.113676808774, 0.133136928082], "dmean2": [0.243273019791, 0.229308322072, 0.257158130407, 0.327589035034, 0.387763530016, 0.395748764277, 0.408111959696, 0.349211901426, 0.316830843687, 0.232418358326, 0.188879832625, 0.180969893932, 0.186498746276, 0.192693829536, 0.209634840488, 0.209062546492, 0.210247889161, 0.201380044222, 0.188416704535, 0.176103636622, 0.189333975315, 0.206112787127, 0.187906682491, 0.193271249533, 0.184468507767, 0.184789150953, 0.231160953641, 0.247176378965, 0.202580451965, 0.144333362579, 0.121799014509, 0.119111552835, 0.15006518364, 0.181036159396, 0.200939491391, 0.233885064721], "mean": [0.160567954183, 0.123234093189, 0.125935450196, 0.160823956132, 0.2130741328, 0.356020152569, 0.467832714319, 0.335043400526, 0.177863121033, 0.13613396883, 0.105145834386, 0.115513466299, 0.13503690064, 0.128981411457, 0.158687129617, 0.183902993798, 0.149198263884, 0.129706382751, 0.118683882058, 0.118288531899, 0.206107258797, 0.228598684072, 0.147260159254, 0.158847808838, 0.177901059389, 0.132518544793, 0.221007689834, 0.304371237755, 0.184652924538, 0.0857679247856, 0.0780506208539, 0.0794105604291, 0.116064913571, 0.139961704612, 0.132441624999, 0.158385485411], "dvar2": [0.123082958162, 0.117615289986, 0.141901999712, 0.187384933233, 0.199050113559, 0.149699524045, 0.146199867129, 0.126252010465, 0.144004613161, 0.110408917069, 0.0922524631023, 0.090668387711, 0.0846213102341, 0.0847119167447, 0.0976296514273, 0.0918387621641, 0.0942362546921, 0.0846042558551, 0.0835789442062, 0.075815230608, 0.0762289986014, 0.0907390639186, 0.073072001338, 0.0820759609342, 0.0790495947003, 0.0702594965696, 0.0711147561669, 0.0844587534666, 0.0707208663225, 0.0592993423343, 0.052260927856, 0.0472758188844, 0.0623925216496, 0.0772128179669, 0.0930251851678, 0.116565071046], "min": [0, 0, 0, 0, 0, 0, 0, 0, 0, 0, 0, 0, 0, 0, 0, 0, 0, 0, 0, 0, 0, 0, 0, 0, 0, 0, 0, 0, 0, 0, 0, 0, 0, 0, 0, 0]}, "key_key": "E", "thpcp": [1, 0.716160714626, 0.380185306072, 0.290988564491, 0.22475092113, 0.246911898255, 0.288643568754, 0.275699853897, 0.339196294546, 0.393095612526, 0.318913698196, 0.277249485254, 0.253688722849, 0.252843648195, 0.440557599068, 0.488633394241, 0.314770966768, 0.339539766312, 0.380266398191, 0.283260524273, 0.472407519817, 0.650598466396, 0.394698619843, 0.183330327272, 0.166834458709, 0.169741362333, 0.248090624809, 0.299170404673, 0.28309610486, 0.338551551104, 0.343216598034, 0.263414859772, 0.269189059734, 0.343763798475, 0.455449402332, 0.7609988451], "chords_key": "B", "tuning_equal_tempered_deviation": 0.0450612716377, "tuning_frequency": 439.745910645, "tuning_diatonic_strength": 0.511241495609, "chords_histogram": [15.2780151367, 1.12917017937, 16.3900775909, 2.63473057747, 2.41231822968, 2.97690343857, 0.786997437477, 1.23182201385, 0.239520952106, 0.205303683877, 2.39520955086, 0.35928145051, 4.37981176376, 0.564585089684, 0.0342172794044, 0.940975189209, 0.205303683877, 5.04704856873, 1.14627885818, 36.5953788757, 0.889649271965, 0.119760476053, 1.06073570251, 2.97690343857], "key_strength": 0.658188521862, "key_scale": "major", "chords_strength": {"dvar": 0.000411337037804, "var": 0.0144428405911, "median": 0.490920126438, "max": 0.764626026154, "dmean": 0.0093243168667, "dmean2": 0.00938451476395, "mean": 0.490930169821, "dvar2": 0.00070149183739, "min": -1}, "chords_number_rate": 0.0023952096235, "tuning_nontempered_energy_ratio": 0.720845103264, "hpcp_entropy": {"dvar": 0.268410503864, "var": 0.654936075211, "median": 2.21353888512, "max": 4.30090856552, "dmean": 0.620712697506, "dmean2": 1.03707849979, "mean": 2.18080806732, "dvar2": 0.735517501831, "min": 0}, "chords_changes_rate": 0.0641573965549, "chords_scale": "minor"}, "rhythm": {"bpm_histogram_first_peak_spread": {"dvar": 0, "var": 0, "median": 0.561128497124, "max": 0.561128497124, "dmean": 0, "dmean2": 0, "mean": 0.561128497124, "dvar2": 0, "min": 0.561128497124}, "bpm_histogram_first_peak_weight": {"dvar": 0, "var": 0, "median": 0.249110326171, "max": 0.249110326171, "dmean": 0, "dmean2": 0, "mean": 0.249110326171, "dvar2": 0, "min": 0.249110326171}, "bpm_histogram_first_peak_bpm": {"dvar": 0, "var": 0, "median": 133, "max": 133, "dmean": 0, "dmean2": 0, "mean": 133, "dvar2": 0, "min": 133}, "bpm": 133.083206177, "bpm_histogram_second_peak_weight": {"dvar": 0, "var": 0, "median": 0.0818505361676, "max": 0.0818505361676, "dmean": 0, "dmean2": 0, "mean": 0.0818505361676, "dvar2": 0, "min": 0.0818505361676}, "beats_loudness": {"dvar": 9.47336375248e-05, "var": 0.000243517613853, "median": 0.0217001214623, "max": 0.0819247812033, "dmean": 0.00994885247201, "dmean2": 0.0177945680916, "mean": 0.022971784696, "dvar2": 0.000270362739684, "min": 1.31037480866e-09}, "beats_loudness_band_ratio": {"dvar": [0.0205392837524, 0.0103372326121, 0.00594387669116, 0.00715373596177, 0.00724629219621, 0.0104979900643], "var": [0.0573227852583, 0.0150008071214, 0.00981209799647, 0.00855580437928, 0.00938734877855, 0.00953814201057], "median": [0.387890160084, 0.137955635786, 0.120256543159, 0.0437479391694, 0.0836319923401, 0.0918291062117], "max": [0.98855048418, 0.742831468582, 0.507774233818, 0.678766489029, 0.577523887157, 0.956799924374], "dmean": [0.180339202285, 0.107293523848, 0.0788759440184, 0.0647447258234, 0.0743212625384, 0.0777615830302], "dmean2": [0.307934641838, 0.187230870128, 0.139256834984, 0.113893374801, 0.126448884606, 0.138413608074], "mean": [0.420587152243, 0.173586577177, 0.139048323035, 0.0781645998359, 0.114577621222, 0.114362359047], "dvar2": [0.0576541647315, 0.0297896210104, 0.0172147918493, 0.0194910429418, 0.0213653575629, 0.0303008947521], "min": [0.00689958361909, 0.00300251506269, 0.000280931591988, 2.63873007498e-05, 8.6089814431e-05, 7.91603160906e-05]}, "bpm_histogram_second_peak_bpm": {"dvar": 0, "var": 0, "median": 115, "max": 115, "dmean": 0, "dmean2": 0, "mean": 115, "dvar2": 0, "min": 115}, "onset_rate": 2.93287086487, "beats_count": 563, "beats_position": [0.557278871536, 1.13777780533, 1.70666658878, 2.27555561066, 2.83283448219, 3.35528349876, 3.87773227692, 4.41179132462, 4.95746040344, 5.50312900543, 6.07201814651, 6.64090681076, 7.19818592072, 7.75546455383, 8.31274318695, 8.85841274261, 9.41569137573, 9.96135997772, 10.5070295334, 11.0526981354, 11.6099767685, 12.1672563553, 12.7245349884, 13.2818136215, 13.8507022858, 14.4079818726, 14.9768705368, 15.545759201, 16.114648819, 16.6835365295, 17.2524261475, 17.8097057343, 18.3785934448, 18.9474830627, 19.5047607422, 20.062040329, 20.6193199158, 21.1765975952, 21.7454872131, 22.3143768311, 22.8948745728, 23.4753742218, 24.0326519012, 24.589931488, 25.1472110748, 25.7044887543, 26.2617683411, 26.830657959, 27.3995456696, 27.9568252563, 28.537322998, 29.1178226471, 29.6983222961, 30.2788200378, 30.870929718, 31.4398174286, 31.9970970154, 32.5543746948, 33.1000442505, 33.6457138062, 34.1913833618, 34.7370529175, 35.2827186584, 35.8400001526, 36.397277832, 36.9545555115, 37.5234451294, 38.0923347473, 38.638004303, 39.1836738586, 39.7293434143, 40.2866210938, 40.8438987732, 41.4011802673, 41.9352378845, 42.4809074402, 43.0265769958, 43.5838546753, 44.1179122925, 44.6519737244, 45.1860313416, 45.7200889587, 46.2541503906, 46.7882080078, 47.3338775635, 47.8795471191, 48.4136047363, 48.9360542297, 49.4585037231, 49.9809532166, 50.5033988953, 51.0374603271, 51.5831298828, 52.1287956238, 52.6628570557, 53.1969146729, 53.7193641663, 54.2418136597, 54.7758712769, 55.2867126465, 55.8091583252, 56.3316078186, 56.854057312, 57.3765068054, 57.8873443604, 58.39818573, 58.9090232849, 59.4430847168, 59.977142334, 60.5111999512, 61.0336494446, 61.5677070618, 62.0901565552, 62.6126060486, 63.135055542, 63.6691131592, 64.2031707764, 64.7372360229, 65.2712936401, 65.7937393188, 66.316192627, 66.8386383057, 67.3610839844, 67.895149231, 68.4292068481, 68.9632644653, 69.4973220825, 70.0313796997, 70.5654373169, 71.1111068726, 71.6335601807, 72.1560058594, 72.6784591675, 73.1660766602, 73.6769180298, 74.18775177, 74.6869812012, 75.1862106323, 75.673828125, 76.1614532471, 76.6374588013, 77.1134643555, 77.5662536621, 78.0306549072, 78.5066680908, 78.9594573975, 79.4238510132, 79.8882522583, 80.3410415649, 80.8054428101, 81.2698364258, 81.7226257324, 82.1754150391, 82.6282043457, 83.0809936523, 83.5453948975, 84.0097961426, 84.4741897583, 84.9269790649, 85.3797683716, 85.8441696167, 86.2969589233, 86.74974823, 87.2141494751, 87.6669387817, 88.1197280884, 88.5609054565, 89.0136947632, 89.4664840698, 89.9308853149, 90.3952789307, 90.8596801758, 91.3240814209, 91.788482666, 92.2296600342, 92.6824493408, 93.1352386475, 93.5880279541, 94.0408172607, 94.4936065674, 94.946395874, 95.3875732422, 95.8287506104, 96.281539917, 96.7343292236, 97.1755065918, 97.6282958984, 98.0810852051, 98.5338745117, 98.9866638184, 99.4278411865, 99.8806304932, 100.3334198, 100.786209106, 101.238998413, 101.703399658, 102.156188965, 102.608978271, 103.05015564, 103.502944946, 103.955734253, 104.396911621, 104.838096619, 105.279273987, 105.790107727, 106.300949097, 106.811790466, 107.322631836, 107.833465576, 108.344306946, 108.855148315, 109.377593994, 109.900039673, 110.422492981, 110.94493866, 111.467391968, 111.989837646, 112.500679016, 113.023124695, 113.545578003, 114.056411743, 114.567253113, 115.078094482, 115.577323914, 116.088157654, 116.610610962, 117.121452332, 117.632286072, 118.15473938, 118.677185059, 119.188026428, 119.698867798, 120.1980896, 120.697319031, 121.2081604, 121.71900177, 122.241447449, 122.763900757, 123.286346436, 123.797187805, 124.308021545, 124.830474854, 125.341316223, 125.863761902, 126.374603271, 126.89704895, 127.40789032, 127.91872406, 128.42956543, 128.94039917, 129.451248169, 129.962081909, 130.484527588, 131.006988525, 131.517822266, 132.028656006, 132.539505005, 133.061950684, 133.584396362, 134.095230103, 134.61769104, 135.140136719, 135.639358521, 136.138595581, 136.637817383, 137.125442505, 137.601455688, 138.077453613, 138.553466797, 139.017868042, 139.482269287, 139.935058594, 140.3878479, 140.852249146, 141.316635132, 141.781036377, 142.233825684, 142.68661499, 143.151016235, 143.603805542, 144.056594849, 144.509384155, 144.962173462, 145.426574707, 145.879364014, 146.33215332, 146.784942627, 147.237731934, 147.702133179, 148.166534424, 148.63092041, 149.095321655, 149.548110962, 150.012512207, 150.465301514, 150.929702759, 151.382492065, 151.835281372, 152.288070679, 152.752471924, 153.20526123, 153.646438599, 154.099227905, 154.552017212, 155.004806519, 155.457595825, 155.910385132, 156.363174438, 156.804351807, 157.245529175, 157.698318481, 158.151107788, 158.603897095, 159.056686401, 159.509475708, 159.962265015, 160.415054321, 160.867843628, 161.309020996, 161.761810303, 162.214599609, 162.667388916, 163.120178223, 163.584579468, 164.037368774, 164.478546143, 164.931335449, 165.384124756, 165.836914062, 166.278091431, 166.730880737, 167.183670044, 167.636459351, 168.124084473, 168.600082397, 169.076095581, 169.552108765, 170.01651001, 170.492507935, 170.95690918, 171.421310425, 171.897323608, 172.361724854, 172.826126099, 173.290512085, 173.75491333, 174.207702637, 174.660491943, 175.11328125, 175.566070557, 176.007247925, 176.448425293, 176.88961792, 177.31918335, 177.760360718, 178.213150024, 178.654327393, 179.095504761, 179.536682129, 179.977859497, 180.419036865, 180.860229492, 181.30140686, 181.73097229, 182.172149658, 182.601715088, 183.031295776, 183.472473145, 183.902038574, 184.331604004, 184.761169434, 185.202362061, 185.643539429, 186.084716797, 186.514282227, 186.943847656, 187.373413086, 187.802993774, 188.244171143, 188.696960449, 189.138137817, 189.579315186, 190.020492554, 190.461669922, 190.89125061, 191.332427979, 191.773605347, 192.214782715, 192.655960083, 193.097137451, 193.538314819, 193.967880249, 194.397460938, 194.827026367, 195.256591797, 195.697769165, 196.138946533, 196.58013916, 197.021316528, 197.462493896, 197.903671265, 198.344848633, 198.774414062, 199.215591431, 199.656768799, 200.097961426, 200.527526855, 200.968704224, 201.398269653, 201.839447021, 202.28062439, 202.733413696, 203.174606323, 203.615783691, 204.045349121, 204.474914551, 204.916091919, 205.345672607, 205.775238037, 206.216415405, 206.657592773, 207.098770142, 207.53994751, 207.969512939, 208.399093628, 208.840270996, 209.281448364, 209.734237671, 210.198638916, 210.663040161, 211.127426147, 211.580215454, 212.033004761, 212.485794067, 212.950195312, 213.414596558, 213.878997803, 214.343399048, 214.796188354, 215.2605896, 215.713378906, 216.177780151, 216.630569458, 217.083358765, 217.547744751, 218.012145996, 218.464935303, 218.929336548, 219.382125854, 219.8465271, 220.299316406, 220.752105713, 221.216506958, 221.680908203, 222.13369751, 222.586486816, 223.027664185, 223.480453491, 223.933242798, 224.397644043, 224.862030029, 225.326431274, 225.779220581, 226.220397949, 226.661590576, 227.114364624, 227.567153931, 228.019943237, 228.472732544, 228.925521851, 229.366714478, 229.807891846, 230.249069214, 230.690246582, 231.13142395, 231.584213257, 232.037002563, 232.48979187, 232.930969238, 233.383758545, 233.824935913, 234.266113281, 234.707290649, 235.148483276, 235.601272583, 236.05406189, 236.495239258, 236.936416626, 237.377593994, 237.818771362, 238.25994873, 238.701126099, 239.153915405, 239.606704712, 240.04788208, 240.489059448, 240.930252075, 241.371429443, 241.82421875, 242.277008057, 242.718185425, 243.159362793, 243.600540161, 244.053329468, 244.506118774, 244.947296143, 245.388473511, 245.852874756, 246.294052124, 246.735229492, 247.17640686, 247.617584229, 248.070373535, 248.523162842, 248.964355469, 249.405532837, 249.846710205, 250.287887573, 250.729064941, 251.17024231, 251.623031616, 252.075820923, 252.528610229, 252.981399536, 253.422576904, 253.863754272, 254.304931641, 254.769332886, 255.233734131, 255.674911499, 256.127716064, 256.580505371, 257.033294678, 257.486083984, 257.927246094, 258.368438721, 258.80960083, 259.262390137, 259.703582764, 260.15637207, 260.609161377, 261.061950684, 261.503112793, 261.94430542, 262.397094727, 262.838256836, 263.291046143, 263.755462646, 264.208251953, 264.66104126, 265.113830566, 265.566619873, 266.031005859, 266.507019043, 266.971435547, 267.435821533, 267.88861084, 268.352996826, 268.81741333, 269.293426514, 269.769439697, 270.245422363, 270.721435547], "danceability": 0.958639860153, "bpm_histogram_second_peak_spread": {"dvar": 0, "var": 0, "median": 0.585585594177, "max": 0.585585594177, "dmean": 0, "dmean2": 0, "mean": 0.585585594177, "dvar2": 0, "min": 0.585585594177}}, "lowlevel": {"spectral_flux": {"dvar": 0.000631947943475, "var": 0.00208613183349, "median": 0.0655263587832, "max": 0.324638426304, "dmean": 0.0191756952554, "dmean2": 0.0311817470938, "mean": 0.0721781924367, "dvar2": 0.00122333783656, "min": 1.05899566893e-10}, "spectral_rolloff": {"dvar": 741821.25, "var": 2588959.5, "median": 2347.11914062, "max": 19573.6816406, "dmean": 604.959838867, "dmean2": 1020.15008545, "mean": 2176.24169922, "dvar2": 1678393, "min": 21.533203125}, "barkbands_flatness_db": {"dvar": 0.000254893529927, "var": 0.00455779861659, "median": 0.11583699286, "max": 0.519628703594, "dmean": 0.0173477400094, "dmean2": 0.0289716105908, "mean": 0.138398215175, "dvar2": 0.000685735489242, "min": 0.0228739473969}, "spectral_centroid": {"dvar": 64359.4960938, "var": 482496.9375, "median": 1991.68811035, "max": 11017.0830078, "dmean": 231.092330933, "dmean2": 365.151550293, "mean": 1858.88989258, "dvar2": 137241.078125, "min": 141.119445801}, "melbands_skewness": {"dvar": 0.616042017937, "var": 2.73123335838, "median": 2.46512126923, "max": 14.3730974197, "dmean": 0.732913136482, "dmean2": 1.20919573307, "mean": 2.84059906006, "dvar2": 1.60912060738, "min": -1.22562038898}, "melbands": {"dvar": [1.27914779569e-06, 6.04417391514e-06, 1.168758331e-06, 2.89514815677e-07, 3.78446856075e-08, 2.74087312846e-08, 1.85218098636e-08, 3.30750467015e-08, 2.04567953688e-08, 2.66893707135e-08, 1.22885248643e-08, 5.47484546587e-09, 8.64219629193e-09, 5.27881915957e-09, 3.34071192931e-09, 1.80250969706e-09, 1.32410782339e-09, 1.5615807536e-09, 1.20988330465e-09, 1.23263055318e-09, 9.63545021548e-10, 6.56536658372e-10, 6.21780238408e-10, 5.87161763654e-10, 3.14106379795e-10, 2.76476924688e-10, 1.10579212453e-10, 7.67894151044e-11, 4.38033116723e-11, 6.90469695308e-11, 7.31047097857e-11, 7.03309077643e-11, 3.66704167032e-11, 3.71641953323e-11, 4.43672668049e-11, 4.21303755771e-11, 2.77706434237e-11, 8.52718329974e-12, 1.1078731682e-11, 6.12947626683e-12], "var": [1.04970831671e-06, 4.8490919653e-06, 1.62545563853e-06, 3.83146783633e-07, 1.13375051569e-07, 7.98869876917e-08, 3.39807364469e-08, 7.60733769312e-08, 4.79582737967e-08, 7.52759632405e-08, 3.38046071136e-08, 1.48234864383e-08, 2.15434656781e-08, 1.49062380217e-08, 8.57920845476e-09, 4.22208890072e-09, 3.28840221719e-09, 3.78985598459e-09, 3.46672179852e-09, 3.88453003097e-09, 3.55257911977e-09, 2.66047983644e-09, 2.0242467702e-09, 1.96739313729e-09, 1.12753406611e-09, 8.90871210135e-10, 2.75549499884e-10, 1.88354845609e-10, 1.04843050908e-10, 1.45852691036e-10, 9.89851395294e-11, 9.45258454843e-11, 5.10691523792e-11, 6.28614521547e-11, 1.00183111806e-10, 9.38199309908e-11, 6.33562438623e-11, 2.6693130345e-11, 2.88109223978e-11, 1.5036387066e-11], "median": [0.000294572440907, 0.000613533193246, 0.000559303560294, 0.000325602974044, 0.000156962618348, 0.000106335202872, 7.83691430115e-05, 9.67121886788e-05, 7.77956156526e-05, 7.62844356359e-05, 3.1907002267e-05, 1.39413950819e-05, 2.04911648325e-05, 1.29507807287e-05, 8.37516654428e-06, 6.57130067339e-06, 7.66576704336e-06, 6.48711056783e-06, 6.57402597426e-06, 9.24153391679e-06, 1.36704866236e-05, 1.93911564565e-05, 2.67980540229e-05, 2.11247952393e-05, 2.67337018158e-05, 2.59423559328e-05, 1.34172069011e-05, 9.26456777961e-06, 4.70664053864e-06, 4.23356277679e-06, 6.55658641335e-06, 5.20524190506e-06, 2.27978148359e-06, 1.01863952295e-06, 7.37284779007e-07, 6.02288309892e-07, 5.43320368251e-07, 3.70200694988e-07, 2.29140596275e-07, 1.60076979228e-07], "max": [0.015791637823, 0.0310732983053, 0.014463244006, 0.00829229038209, 0.00599339744076, 0.00539344921708, 0.00490443874151, 0.00508005917072, 0.00548637565225, 0.00300407782197, 0.00336053245701, 0.0022956514731, 0.0023992951028, 0.00174172746483, 0.00140383816324, 0.00127932825126, 0.000874613586348, 0.00103765074164, 0.000886369438376, 0.00117991387378, 0.00102102430537, 0.000667994027026, 0.000467133737402, 0.000429909734521, 0.00035554880742, 0.000277295592241, 0.000298803613987, 0.00022367843485, 0.000229779048823, 0.000233030033996, 0.00017733227287, 0.00017269179807, 0.00011031528993, 0.000283690344077, 0.000444910518127, 0.000260741711827, 0.000179320006282, 0.000128521845909, 0.000169887207448, 9.89801628748e-05], "dmean": [0.000639975594822, 0.00130215776153, 0.000654060859233, 0.000274344551144, 0.000120329241327, 9.83807694865e-05, 7.0984744525e-05, 0.00010193073831, 7.07039725967e-05, 9.24638297874e-05, 4.6512530389e-05, 2.76315204246e-05, 3.77688229491e-05, 2.67282593995e-05, 1.78857444553e-05, 1.67726175277e-05, 1.4264539459e-05, 1.43123461385e-05, 1.25955430121e-05, 1.36935204864e-05, 1.36898506753e-05, 1.44884097608e-05, 1.62888682098e-05, 1.39920357469e-05, 1.17912159112e-05, 1.17484796647e-05, 6.48193054076e-06, 5.36232528248e-06, 3.57211001756e-06, 3.60229137186e-06, 3.96394079871e-06, 3.78390723199e-06, 2.71682847597e-06, 1.88563819847e-06, 1.6438249304e-06, 1.42218823385e-06, 1.17629622309e-06, 7.11872530701e-07, 7.36676611268e-07, 6.57123848669e-07], "dmean2": [0.00115272577386, 0.00234038103372, 0.00111594481859, 0.000458882946987, 0.000193644969841, 0.000154727677, 0.000115840382932, 0.000159637289471, 0.000111662411655, 0.000140180505696, 7.19055751688e-05, 4.20996948378e-05, 5.92841824982e-05, 4.19517746195e-05, 2.83785029751e-05, 2.61888053501e-05, 2.25158910325e-05, 2.22661929001e-05, 1.95594020624e-05, 2.14278170461e-05, 2.14735409827e-05, 2.34278177231e-05, 2.70997516054e-05, 2.34363233176e-05, 1.97491062863e-05, 1.98619109142e-05, 1.09022430479e-05, 8.95434732229e-06, 5.96337258685e-06, 6.00618750468e-06, 6.69695327815e-06, 6.34606612948e-06, 4.51045843874e-06, 3.06686160911e-06, 2.61872901319e-06, 2.23474376071e-06, 1.81827397228e-06, 1.06150025658e-06, 1.13722728656e-06, 1.05890615032e-06], "mean": [0.000679535558447, 0.00137488753535, 0.000986787723377, 0.000507335586008, 0.000263108318904, 0.000200469992706, 0.000130296379211, 0.00019374882686, 0.000153387270984, 0.000179639653652, 8.62614251673e-05, 5.02285511175e-05, 6.70527879265e-05, 4.85997334181e-05, 3.32836862071e-05, 3.09359747916e-05, 2.78677471215e-05, 2.7006612072e-05, 2.50720222539e-05, 2.80174135696e-05, 3.06565161736e-05, 3.4174448956e-05, 3.7924710341e-05, 3.27169036609e-05, 3.07265072479e-05, 2.94116944133e-05, 1.59864503075e-05, 1.24705429698e-05, 7.35073626856e-06, 7.18040928405e-06, 8.09900393506e-06, 7.31872250981e-06, 4.4153057388e-06, 2.97121209769e-06, 2.7877138109e-06, 2.46063586928e-06, 2.0584163849e-06, 1.3468193174e-06, 1.26860913952e-06, 1.03722152289e-06], "dvar2": [3.60813351108e-06, 1.70107123267e-05, 3.22181040247e-06, 8.0104217659e-07, 1.01909613193e-07, 6.59986625351e-08, 4.71734473706e-08, 8.29540809377e-08, 5.33248964985e-08, 6.02539813599e-08, 2.81554566328e-08, 1.19956826694e-08, 1.98928820083e-08, 1.19934835396e-08, 8.48538661558e-09, 4.37227720695e-09, 3.05730973871e-09, 3.60498919605e-09, 2.72759703712e-09, 2.84515744298e-09, 2.09238537607e-09, 1.61748459071e-09, 1.69845748577e-09, 1.55400758928e-09, 8.69734617659e-10, 7.72888142375e-10, 3.0172664367e-10, 2.09250394789e-10, 1.13832908377e-10, 1.78562026276e-10, 1.9924632777e-10, 1.8585737116e-10, 9.76415337473e-11, 9.04144190073e-11, 1.00863220553e-10, 9.58799428741e-11, 6.05792499497e-11, 1.57196009681e-11, 2.19397763845e-11, 1.35826853237e-11], "min": [3.7873618323e-24, 4.4223274134e-24, 3.33240878775e-24, 4.79932404e-24, 4.10771745705e-24, 1.01587361673e-23, 4.92190237505e-24, 1.10843547879e-23, 1.18462721489e-23, 7.48704177499e-24, 2.23778480402e-24, 1.24734978212e-23, 9.69014016779e-24, 7.73240433778e-24, 9.35336203672e-24, 3.71724550846e-24, 5.56323800796e-24, 7.07858458662e-24, 6.69916457932e-24, 6.50453129476e-24, 6.39323840382e-24, 1.11637946588e-23, 8.73374413897e-24, 9.29974000555e-24, 8.64881931821e-24, 1.34283405829e-23, 9.17225771668e-24, 6.62686153305e-24, 7.48623871459e-24, 5.36587368694e-24, 8.52905524444e-24, 8.92879867525e-24, 1.35006680839e-23, 8.93931024681e-24, 8.5415665784e-24, 6.41761933338e-24, 1.30059670993e-23, 1.13510418387e-23, 9.58960773403e-24, 1.05676114519e-23]}, "spectral_decrease": {"dvar": 8.71015725626e-18, "var": 1.58959711905e-17, "median": -3.92067356358e-09, "max": 1.72974027578e-29, "dmean": 1.8590707862e-09, "dmean2": 3.19990345332e-09, "mean": -4.7039465656e-09, "dvar2": 2.39134457474e-17, "min": -4.10519760408e-08}, "barkbands_kurtosis": {"dvar": 38.6371574402, "var": 168.308074951, "median": -0.028507232666, "max": 370.63104248, "dmean": 2.2863047123, "dmean2": 3.76087880135, "mean": 3.48125553131, "dvar2": 93.4216308594, "min": -1.94936549664}, "silence_rate_30dB": {"dvar": 0, "var": 0, "median": 1, "max": 1, "dmean": 0, "dmean2": 0, "mean": 1, "dvar2": 0, "min": 1}, "gfcc": {"mean": [-24.5133724213, 90.0364151001, -118.450233459, 57.6909637451, -59.8911437988, 5.76666784286, -34.0327377319, 15.2129735947, -23.6452388763, -1.5584448576, -22.06889534, 0.358282923698, -12.890288353], "cov": [[18690.828125, -1564.82629395, -2369.91625977, 160.938766479, -1265.88977051, 208.104278564, -428.322509766, 484.372833252, -485.124664307, 103.064231873, -87.7900924683, -186.944458008, -522.471862793], [-1564.82629395, 1084.51831055, 117.164337158, 92.8796844482, 389.416320801, -199.867904663, 203.381134033, -109.991317749, 176.628326416, -77.9524002075, -7.54406118393, -2.01938986778, 175.677230835], [-2369.91625977, 117.164337158, 934.179748535, 61.16929245, 85.0785980225, 40.8582191467, 10.3678569794, -8.52756214142, 41.2526931763, -13.4794740677, 16.7131843567, 50.2182159424, 44.4292259216], [160.938766479, 92.8796844482, 61.16929245, 286.080444336, 53.5600814819, -70.6913375854, 54.116645813, -21.9332389832, 57.286945343, -17.5241355896, -13.8962192535, -8.46091461182, 36.8975944519], [-1265.88977051, 389.416320801, 85.0785980225, 53.5600814819, 374.101226807, -35.2175827026, 99.92628479, -59.6545982361, 100.436203003, -6.30533266068, -23.8883953094, 20.473033905, 87.8996810913], [208.104278564, -199.867904663, 40.8582191467, -70.6913375854, -35.2175827026, 263.677490234, -10.4452219009, -12.0861902237, -38.8348274231, 23.6550197601, 35.1739578247, 0.816897213459, -32.554889679], [-428.322509766, 203.381134033, 10.3678569794, 54.116645813, 99.92628479, -10.4452219009, 171.943374634, 0.433221936226, 34.9375, -0.376568615437, -11.1275472641, -2.69776153564, 40.1271400452], [484.372833252, -109.991317749, -8.52756214142, -21.9332389832, -59.6545982361, -12.0861902237, 0.433221936226, 133.217086792, -4.82661819458, -0.784581065178, -1.58868455887, -9.62152194977, -26.7095680237], [-485.124664307, 176.628326416, 41.2526931763, 57.286945343, 100.436203003, -38.8348274231, 34.9375, -4.82661819458, 119.826400757, -2.94937348366, -5.35839223862, 4.08629322052, 43.1444587708], [103.064231873, -77.9524002075, -13.4794740677, -17.5241355896, -6.30533266068, 23.6550197601, -0.376568615437, -0.784581065178, -2.94937348366, 80.8370056152, 14.828584671, 4.50026750565, -14.6885051727], [-87.7900924683, -7.54406118393, 16.7131843567, -13.8962192535, -23.8883953094, 35.1739578247, -11.1275472641, -1.58868455887, -5.35839223862, 14.828584671, 79.2830429077, 13.2856063843, -12.4831895828], [-186.944458008, -2.01938986778, 50.2182159424, -8.46091461182, 20.473033905, 0.816897213459, -2.69776153564, -9.62152194977, 4.08629322052, 4.50026750565, 13.2856063843, 62.3023490906, 16.9842262268], [-522.471862793, 175.677230835, 44.4292259216, 36.8975944519, 87.8996810913, -32.554889679, 40.1271400452, -26.7095680237, 43.1444587708, -14.6885051727, -12.4831895828, 16.9842262268, 100.342971802]], "icov": [[0.000210414320463, -0.000465917721158, 0.000556803832296, -0.000767380872276, 0.000545714225154, -0.0006452947855, 0.000710955180693, -0.000955774215981, 0.000642296392471, -0.000556747720111, 0.000794648425654, -0.000546991941519, 0.00055460765725], [-0.000465917721158, 0.00434158276767, -0.00149040110409, 0.00289302296005, -0.00283500365913, 0.00365683226846, -0.0040630325675, 0.00420288182795, -0.00332344952039, 0.00378744979389, -0.00424032751471, 0.00339741609059, -0.00313674658537], [0.000556803832296, -0.00149040110409, 0.00268519553356, -0.00243501551449, 0.0013678612886, -0.00223228149116, 0.00226603168994, -0.00290922005661, 0.00169910595287, -0.00143336353358, 0.00215725111775, -0.00248272693716, 0.00136018369813], [-0.000767380872276, 0.00289302296005, -0.00243501551449, 0.00765890162438, -0.00213401392102, 0.00413508247584, -0.00467068701982, 0.00520617188886, -0.00465119117871, 0.00346255395561, -0.00379078066908, 0.00370376277715, -0.00292600365356], [0.000545714225154, -0.00283500365913, 0.0013678612886, -0.00213401392102, 0.00684069702402, -0.00270975427702, 0.00121535442304, -0.00180100358557, -0.000192260500626, -0.00279583898373, 0.00426101638004, -0.00322300102562, 0.000896015320905], [-0.0006452947855, 0.00365683226846, -0.00223228149116, 0.00413508247584, -0.00270975427702, 0.00813073199242, -0.00438150111586, 0.0051535461098, -0.0023887436837, 0.0026921487879, -0.00571404024959, 0.00367841077968, -0.00207108305767], [0.000710955180693, -0.0040630325675, 0.00226603168994, -0.00467068701982, 0.00121535442304, -0.00438150111586, 0.011928781867, -0.00620336551219, 0.00386361707933, -0.0044235046953, 0.00468658981845, -0.00253721000627, 0.0013254302321], [-0.000955774215981, 0.00420288182795, -0.00290922005661, 0.00520617188886, -0.00180100358557, 0.0051535461098, -0.00620336551219, 0.0145636228845, -0.00565564678982, 0.00451451446861, -0.00473842397332, 0.00431125378236, -0.00158074963838], [0.000642296392471, -0.00332344952039, 0.00169910595287, -0.00465119117871, -0.000192260500626, -0.0023887436837, 0.00386361707933, -0.00565564678982, 0.0156692881137, -0.0039508533664, 0.00277563533746, -0.00208565127105, -0.000153479384608], [-0.000556747720111, 0.00378744979389, -0.00143336353358, 0.00346255395561, -0.00279583898373, 0.0026921487879, -0.0044235046953, 0.00451451446861, -0.0039508533664, 0.0169362351298, -0.00579166319221, 0.00194112712052, -0.00074636680074], [0.000794648425654, -0.00424032751471, 0.00215725111775, -0.00379078066908, 0.00426101638004, -0.00571404024959, 0.00468658981845, -0.00473842397332, 0.00277563533746, -0.00579166319221, 0.0195864103734, -0.00713171623647, 0.00488082878292], [-0.000546991941519, 0.00339741609059, -0.00248272693716, 0.00370376277715, -0.00322300102562, 0.00367841077968, -0.00253721000627, 0.00431125378236, -0.00208565127105, 0.00194112712052, -0.00713171623647, 0.0218197628856, -0.00627945270389], [0.00055460765725, -0.00313674658537, 0.00136018369813, -0.00292600365356, 0.000896015320905, -0.00207108305767, 0.0013254302321, -0.00158074963838, -0.000153479384608, -0.00074636680074, 0.00488082878292, -0.00627945270389, 0.0180381443352]]}, "silence_rate_20dB": {"dvar": 0, "var": 0, "median": 1, "max": 1, "dmean": 0, "dmean2": 0, "mean": 1, "dvar2": 0, "min": 1}, "barkbands_skewness": {"dvar": 0.235162943602, "var": 1.67392957211, "median": 1.05862689018, "max": 14.7459278107, "dmean": 0.477264523506, "dmean2": 0.777070999146, "mean": 1.35810232162, "dvar2": 0.590902388096, "min": -4.45407915115}, "erbbands_skewness": {"dvar": 0.0920304879546, "var": 0.755220651627, "median": -0.262021183968, "max": 8.56433868408, "dmean": 0.288325548172, "dmean2": 0.444732218981, "mean": -0.195141479373, "dvar2": 0.217134177685, "min": -4.31226015091}, "spectral_contrast_valleys": {"dvar": [0.139717489481, 0.0791886746883, 0.0683369487524, 0.0738017186522, 0.0920034870505, 0.112690135837], "var": [1.29363954067, 1.80817353725, 1.97804677486, 2.19757056236, 2.62570738792, 2.29557180405], "median": [-7.12361049652, -6.56242370605, -7.42260742188, -7.90919589996, -6.74448919296, -10.0559673309], "max": [-5.37293958664, -5.03859138489, -5.27336215973, -5.60920810699, -5.54582262039, -7.17250967026], "dmean": [0.426622211933, 0.308111310005, 0.28038841486, 0.2535815835, 0.213138461113, 0.249915003777], "dmean2": [0.713156998158, 0.516219258308, 0.459108501673, 0.405899077654, 0.3395639956, 0.361524313688], "mean": [-7.26855659485, -6.93336486816, -7.70207452774, -8.17548847198, -7.45918560028, -10.4460554123], "dvar2": [0.348354190588, 0.178913846612, 0.142590507865, 0.148325145245, 0.182329401374, 0.220185413957], "min": [-27.1193408966, -27.4557685852, -27.2451877594, -27.2522907257, -27.4033260345, -27.294588089]}, "spectral_strongpeak": {"dvar": 0.480565428734, "var": 0.592987418175, "median": 0.260941416025, "max": 10.7893791199, "dmean": 0.365820914507, "dmean2": 0.647118091583, "mean": 0.529914736748, "dvar2": 1.31496345997, "min": 0}, "erbbands_crest": {"dvar": 3.05420899391, "var": 12.2785367966, "median": 6.46400880814, "max": 29.2090492249, "dmean": 1.77817213535, "dmean2": 2.87074017525, "mean": 7.44905042648, "dvar2": 7.76127672195, "min": 2.19932126999}, "barkbands_crest": {"dvar": 4.11520719528, "var": 18.7054615021, "median": 7.29987716675, "max": 25.9648761749, "dmean": 2.29563832283, "dmean2": 3.84830069542, "mean": 8.50384235382, "dvar2": 10.9860916138, "min": 2.34971237183}, "spectral_energyband_middle_low": {"dvar": 1.40855199788e-05, "var": 4.49178842246e-05, "median": 0.00702325161546, "max": 0.0578626804054, "dmean": 0.00255269533955, "dmean2": 0.00414742575958, "mean": 0.00786696840078, "dvar2": 3.79163866455e-05, "min": 2.93692410143e-22}, "spectral_contrast_coeffs": {"dvar": [0.00161540601403, 0.00106806855183, 0.000786504941061, 0.000454466033261, 0.000290222902549, 0.000448161037639], "var": [0.00482073891908, 0.00337658217177, 0.00301372632384, 0.00222729798406, 0.00189987802878, 0.00314142089337], "median": [-0.659555077553, -0.767044425011, -0.774810552597, -0.794177889824, -0.775569200516, -0.712024211884], "max": [-0.348396062851, -0.457680374384, -0.546775698662, -0.606177151203, -0.574476182461, -0.488745778799], "dmean": [0.0483463928103, 0.0411996133626, 0.0355546660721, 0.0259918123484, 0.0198817308992, 0.0204066261649], "dmean2": [0.0817845910788, 0.0685755833983, 0.0584629178047, 0.0430265404284, 0.0328423306346, 0.0329278409481], "mean": [-0.658219099045, -0.763077616692, -0.772639155388, -0.793161392212, -0.77491825819, -0.721657216549], "dvar2": [0.00455548241735, 0.00295368931256, 0.00207224139012, 0.00119668687694, 0.000749251514208, 0.00110493623652], "min": [-0.969126462936, -0.952455103397, -0.961969017982, -0.963453412056, -0.960166931152, -0.960643708706]}, "hfc": {"dvar": 89.6457061768, "var": 471.505096436, "median": 17.3858375549, "max": 361.591308594, "dmean": 5.04832649231, "dmean2": 7.8162612915, "mean": 21.5792388916, "dvar2": 196.517608643, "min": 1.1776621997e-16}, "spectral_energyband_high": {"dvar": 1.19896822071e-06, "var": 3.58124248123e-06, "median": 0.000757631263696, "max": 0.040554612875, "dmean": 0.00046172022121, "dmean2": 0.000719267583918, "mean": 0.00119293341413, "dvar2": 2.66834126705e-06, "min": 7.79063500165e-21}, "erbbands_spread": {"dvar": 64.6896057129, "var": 303.415100098, "median": 48.4469184875, "max": 176.750366211, "dmean": 7.16367864609, "dmean2": 11.3950357437, "mean": 47.9562721252, "dvar2": 160.900390625, "min": 2.0545706749}, "dissonance": {"dvar": 0.00015765959688, "var": 0.000516662083101, "median": 0.483699768782, "max": 0.500000059605, "dmean": 0.0110822059214, "dmean2": 0.0187088549137, "mean": 0.477852731943, "dvar2": 0.000424380094046, "min": 0.212956935167}, "spectral_kurtosis": {"dvar": 3.02520489693, "var": 12.5518541336, "median": 2.81469869614, "max": 44.6483612061, "dmean": 1.32850503922, "dmean2": 2.29522109032, "mean": 3.6073205471, "dvar2": 8.80811691284, "min": -1.31592214108}, "spectral_skewness": {"dvar": 0.0439235307276, "var": 0.311098843813, "median": 1.06652295589, "max": 5.72477722168, "dmean": 0.193369880319, "dmean2": 0.323059946299, "mean": 1.16819870472, "dvar2": 0.113672755659, "min": -0.332469731569}, "pitch_salience": {"dvar": 0.00311848800629, "var": 0.0140232276171, "median": 0.61427038908, "max": 0.844111979008, "dmean": 0.0650422349572, "dmean2": 0.108597613871, "mean": 0.593240559101, "dvar2": 0.00863373745233, "min": 0.112463586032}, "spectral_complexity": {"dvar": 10.0661458969, "var": 207.401702881, "median": 25, "max": 60, "dmean": 3.06177282333, "dmean2": 4.99529409409, "mean": 23.4250144958, "dvar2": 25.1817531586, "min": 0}, "spectral_spread": {"dvar": 499629850624, "var": 2113772847100.0, "median": 3962278.75, "max": 41331508, "dmean": 414733.28125, "dmean2": 640773.125, "mean": 4289128.5, "dvar2": 943246344192, "min": 1748651.125}, "dynamic_complexity": 4.70073509216, "melbands_crest": {"dvar": 8.65895080566, "var": 23.0234489441, "median": 12.0287914276, "max": 35.6806488037, "dmean": 3.28198623657, "dmean2": 5.49265384674, "mean": 12.6961193085, "dvar2": 23.7517242432, "min": 1.99568843842}, "zerocrossingrate": {"dvar": 0.000121533870697, "var": 0.0015349118039, "median": 0.0751953125, "max": 0.49365234375, "dmean": 0.00920924823731, "dmean2": 0.0115305315703, "mean": 0.0755909830332, "dvar2": 0.000139901341754, "min": 0.00244140625}, "spectral_energyband_low": {"dvar": 0.000104963088233, "var": 8.83872853592e-05, "median": 0.00362088810652, "max": 0.123539090157, "dmean": 0.00566546060145, "dmean2": 0.0101024825126, "mean": 0.00676426338032, "dvar2": 0.000294433964882, "min": 4.28110080098e-23}, "melbands_kurtosis": {"dvar": 141.628952026, "var": 491.271575928, "median": 6.60969543457, "max": 421.682434082, "dmean": 6.82217931747, "dmean2": 11.3820352554, "mean": 14.1301555634, "dvar2": 368.493896484, "min": -1.84306120872}, "spectral_energyband_middle_high": {"dvar": 2.68147687166e-06, "var": 2.94579822366e-05, "median": 0.00309429108165, "max": 0.0290271211416, "dmean": 0.00104766560253, "dmean2": 0.00160846451763, "mean": 0.0048798234202, "dvar2": 5.71327063881e-06, "min": 1.54529990492e-21}, "barkbands_spread": {"dvar": 36.5117034912, "var": 220.741439819, "median": 32.6857681274, "max": 112.992027283, "dmean": 5.52478456497, "dmean2": 8.8097114563, "mean": 31.6467132568, "dvar2": 88.1193084717, "min": 0.218312203884}, "mfcc": {"mean": [-655.823059082, 105.566078186, 1.42821407318, 45.8630981445, 0.935768663883, 0.327367007732, -1.88049817085, 9.38669204712, 4.70112466812, -2.01413035393, 0.881486058235, -0.00924651697278, -4.10124874115], "cov": [[13909.5605469, -1135.32299805, -1063.36950684, -317.60736084, -860.297485352, -571.455749512, -54.4467735291, 13.3281955719, -465.487121582, 186.548110962, 285.426696777, -210.695770264, -202.689559937], [-1135.32299805, 1121.26733398, -125.036735535, 283.787139893, 125.038864136, 86.4767684937, -13.1153411865, 36.5027122498, 187.995376587, -34.5520973206, -35.6904525757, -9.2262096405, 6.8725810051], [-1063.36950684, -125.036735535, 656.856445312, -25.1937084198, 109.395210266, 11.9121627808, 17.4587688446, 25.9557876587, -28.0857582092, -7.20404958725, -39.1782836914, 35.6034164429, 29.878900528], [-317.60736084, 283.787139893, -25.1937084198, 451.747436523, 24.1345615387, 0