{"tonal": {"hpcp": {"dvar": [0.0250456854701, 0.0292561911047, 0.0348248891532, 0.0536752864718, 0.0470062717795, 0.0619128607213, 0.0453109927475, 0.0360765717924, 0.0410466492176, 0.048780888319, 0.0279615726322, 0.0164432823658, 0.0149800814688, 0.0183344203979, 0.0154127078131, 0.0140826990828, 0.0114708263427, 0.0161293931305, 0.0211445018649, 0.0259564369917, 0.0270508490503, 0.0234303772449, 0.00827735569328, 0.0194532088935, 0.0686438083649, 0.0265880282968, 0.012564400211, 0.0104933511466, 0.01228689868, 0.0211564842612, 0.0395601801574, 0.0528325736523, 0.0579483769834, 0.0627787560225, 0.0524456463754, 0.0309005659074], "var": [0.0263394117355, 0.0297700203955, 0.0279346778989, 0.0653012022376, 0.187973201275, 0.140271022916, 0.0403391309083, 0.0305995959789, 0.0643345490098, 0.0849201232195, 0.0335555784404, 0.0128451222554, 0.0123092420399, 0.0177635196596, 0.0162038709968, 0.0234002806246, 0.0293446816504, 0.0160020869225, 0.0333163551986, 0.0775560215116, 0.095373287797, 0.0380015708506, 0.00612105615437, 0.013800448738, 0.0478640198708, 0.0404511466622, 0.0267111584544, 0.0101427035406, 0.0146217532456, 0.0199720785022, 0.0341762714088, 0.0567081719637, 0.0696211829782, 0.0594194494188, 0.0380928777158, 0.0240147858858], "median": [0.0059979534708, 0.00448407791555, 0.00418533943594, 0.0623185709119, 0.196368724108, 0.160569980741, 0.022149823606, 0.00516692176461, 0.0208499319851, 0.0218394640833, 0.00861187372357, 0.00225201318972, 0.00327955675311, 0.00397295132279, 0.00478464830667, 0.00560503965244, 0.0054683694616, 0.00336198695004, 0.00368768488988, 0.0063312347047, 0.00778093049303, 0.00713631743565, 0.00408186018467, 0.00387213635258, 0.0102764442563, 0.022648435086, 0.0174416713417, 0.00633376464248, 0.00163785205223, 0.00242916913703, 0.0069633773528, 0.0137017415836, 0.0148538863286, 0.0109795406461, 0.0047019761987, 0.00458364607766], "max": [1, 1, 1, 1, 1, 1, 1, 1, 1, 1, 1, 1, 1, 1, 1, 1, 1, 1, 1, 1, 1, 1, 1, 1, 1, 1, 1, 1, 1, 1, 1, 1, 1, 1, 1, 1], "dmean": [0.0626825392246, 0.0672381594777, 0.0833492130041, 0.158033251762, 0.128424331546, 0.184645548463, 0.126890271902, 0.08967846632, 0.119249224663, 0.130328953266, 0.084781087935, 0.0420248135924, 0.0404977202415, 0.0480079427361, 0.0501296930015, 0.0499773882329, 0.04026401788, 0.0500376261771, 0.06102944538, 0.0740530118346, 0.0741561278701, 0.0693123787642, 0.031414013356, 0.0627859309316, 0.116365425289, 0.0916565582156, 0.0537284649909, 0.0361879765987, 0.0390383005142, 0.0618409328163, 0.0985449180007, 0.12207980454, 0.131563529372, 0.135253861547, 0.10868024081, 0.0726772099733], "dmean2": [0.113030001521, 0.122491233051, 0.155545890331, 0.281394213438, 0.227802291512, 0.328265726566, 0.232620358467, 0.162947207689, 0.20967169106, 0.225639104843, 0.149504005909, 0.07718577981, 0.0737346336246, 0.088159263134, 0.089741975069, 0.0878309011459, 0.0726908147335, 0.0907090976834, 0.109362766147, 0.129913076758, 0.127883002162, 0.119409956038, 0.0571070164442, 0.119572281837, 0.222176209092, 0.16521500051, 0.0917464569211, 0.0638856887817, 0.069602869451, 0.113192774355, 0.179278969765, 0.219756811857, 0.234491363168, 0.244424164295, 0.202057078481, 0.135303393006], "mean": [0.0591670647264, 0.0625095739961, 0.0637819096446, 0.18779720366, 0.417557328939, 0.344956338406, 0.108367912471, 0.0715337470174, 0.150233387947, 0.175554618239, 0.0869688391685, 0.0314604230225, 0.0312181077898, 0.0395003966987, 0.0447612591088, 0.0571724288166, 0.0568859130144, 0.0438789352775, 0.0694736689329, 0.138528883457, 0.158808425069, 0.0871390923858, 0.0257686022669, 0.0429278127849, 0.0861289054155, 0.106687262654, 0.075448743999, 0.0347337350249, 0.0351895131171, 0.050584025681, 0.0795527100563, 0.116329662502, 0.136544644833, 0.117009945214, 0.0762131512165, 0.0537670999765], "dvar2": [0.068984746933, 0.0827348902822, 0.0996132418513, 0.15686608851, 0.123121805489, 0.177564829588, 0.130278855562, 0.10315168649, 0.109340913594, 0.130171895027, 0.0787721350789, 0.0457992479205, 0.0407243482769, 0.0495958812535, 0.0426039434969, 0.0384332314134, 0.031938675791, 0.0448327288032, 0.0573473162949, 0.0687537789345, 0.0686972290277, 0.0636820942163, 0.0237551108003, 0.0541945658624, 0.19158898294, 0.0698705911636, 0.0323712006211, 0.0290077086538, 0.0332804061472, 0.0602412745357, 0.115676805377, 0.149338051677, 0.165213212371, 0.181251272559, 0.15307071805, 0.0898448228836], "min": [0, 0, 0, 0, 0, 0, 0, 0, 0, 0, 0, 0, 0, 0, 0, 0, 0, 0, 0, 0, 0, 0, 0, 0, 0, 0, 0, 0, 0, 0, 0, 0, 0, 0, 0, 0]}, "key_key": "D#", "thpcp": [1, 0.826129257679, 0.2595282197, 0.171314790845, 0.359791040421, 0.42043235898, 0.20827999711, 0.0753439590335, 0.074763648212, 0.0945987403393, 0.107197873294, 0.136921152472, 0.136234983802, 0.105084814131, 0.166381150484, 0.331760168076, 0.380327224731, 0.208687737584, 0.0617127306759, 0.102806992829, 0.206268459558, 0.25550326705, 0.180690735579, 0.0831831544638, 0.084274686873, 0.121142707765, 0.19051925838, 0.278595656157, 0.327008128166, 0.280224859715, 0.182521402836, 0.128765791655, 0.14169806242, 0.149702981114, 0.152750059962, 0.449751913548], "chords_key": "A#", "tuning_equal_tempered_deviation": 0.319416821003, "tuning_frequency": 434.193115234, "tuning_diatonic_strength": 0.445690244436, "chords_histogram": [11.8953704834, 3.05169200897, 23.0641479492, 0.186838284135, 15.1546602249, 3.61220669746, 3.92360401154, 2.47041726112, 2.63649582863, 0, 0, 0.0207598097622, 1.16254925728, 0, 0.747353136539, 2.88561344147, 2.80257415771, 0.913431584835, 0.14531865716, 11.7708120346, 0, 5.45982980728, 1.97218179703, 6.12414360046], "key_strength": 0.659414052963, "key_scale": "major", "chords_strength": {"dvar": 0.000483356474433, "var": 0.0370719656348, "median": 0.519262194633, "max": 0.823034703732, "dmean": 0.00953139923513, "dmean2": 0.00938332360238, "mean": 0.493268877268, "dvar2": 0.00101115042344, "min": -1}, "chords_number_rate": 0.00311397132464, "tuning_nontempered_energy_ratio": 0.942450523376, "hpcp_entropy": {"dvar": 0.233124598861, "var": 0.474523216486, "median": 1.98773956299, "max": 4.61572599411, "dmean": 0.55789065361, "dmean2": 0.955185115337, "mean": 1.96360993385, "dvar2": 0.650316298008, "min": 0}, "chords_changes_rate": 0.0537679046392, "chords_scale": "major"}, "rhythm": {"bpm_histogram_first_peak_spread": {"dvar": 0, "var": 0, "median": 0.460784345865, "max": 0.460784345865, "dmean": 0, "dmean2": 0, "mean": 0.460784345865, "dvar2": 0, "min": 0.460784345865}, "bpm_histogram_first_peak_weight": {"dvar": 0, "var": 0, "median": 0.426356583834, "max": 0.426356583834, "dmean": 0, "dmean2": 0, "mean": 0.426356583834, "dvar2": 0, "min": 0.426356583834}, "bpm_histogram_first_peak_bpm": {"dvar": 0, "var": 0, "median": 144, "max": 144, "dmean": 0, "dmean2": 0, "mean": 144, "dvar2": 0, "min": 144}, "bpm": 143.625320435, "bpm_histogram_second_peak_weight": {"dvar": 0, "var": 0, "median": 0.0581395365298, "max": 0.0581395365298, "dmean": 0, "dmean2": 0, "mean": 0.0581395365298, "dvar2": 0, "min": 0.0581395365298}, "beats_loudness": {"dvar": 0.000430391868576, "var": 0.00086910603568, "median": 0.0340425260365, "max": 0.183049306273, "dmean": 0.021701047197, "dmean2": 0.0369154624641, "mean": 0.0414428114891, "dvar2": 0.00120104639791, "min": 0}, "beats_loudness_band_ratio": {"dvar": [0.0299479961395, 0.0208259560168, 0.0061118574813, 0.00220650830306, 0.000248716940405, 0.00877966079861], "var": [0.0530607290566, 0.034946564585, 0.00903101637959, 0.0016918790061, 0.000211324295378, 0.0111519303173], "median": [0.568444132805, 0.177009642124, 0.0306194070727, 0.00447341892868, 0.000552508048713, 0.112851530313], "max": [0.938321948051, 0.875917136669, 0.821514368057, 0.401371598244, 0.14614662528, 0.737965881824], "dmean": [0.211316525936, 0.153405085206, 0.0538717992604, 0.0201444476843, 0.00521018495783, 0.0944860801101], "dmean2": [0.361959844828, 0.261993408203, 0.0951312482357, 0.0367141366005, 0.00955950375646, 0.16694521904], "mean": [0.538014292717, 0.225760802627, 0.063573807478, 0.0177876446396, 0.00456149782985, 0.138612732291], "dvar2": [0.0880725979805, 0.0549271926284, 0.0162771064788, 0.00580662488937, 0.000749873172026, 0.0245131906122], "min": [0, 0, 0, 0, 0, 0]}, "bpm_histogram_second_peak_bpm": {"dvar": 0, "var": 0, "median": 136, "max": 136, "dmean": 0, "dmean2": 0, "mean": 136, "dvar2": 0, "min": 136}, "onset_rate": 3.78708958626, "beats_count": 517, "beats_position": [0.429569154978, 0.847528338432, 1.25387752056, 1.67183673382, 2.08979582787, 2.50775504112, 2.92571425438, 3.34367346764, 3.7732424736, 4.20281171799, 4.62077093124, 5.0387301445, 5.44507932663, 5.85142850876, 6.24616765976, 6.66412687302, 7.08208608627, 7.50004529953, 7.91800451279, 8.33596324921, 8.75392246246, 9.16027164459, 9.56662082672, 9.98458003998, 10.4141492844, 10.8321084976, 11.2500677109, 11.6796369553, 12.0975961685, 12.5039453506, 12.9219045639, 13.328253746, 13.7694330215, 14.1990022659, 14.6285715103, 15.0465307236, 15.4644899368, 15.8824491501, 16.3004074097, 16.7067565918, 17.1247158051, 17.5310649872, 17.9374141693, 18.3437633514, 18.7501125336, 19.1564617157, 19.574420929, 19.9923801422, 20.4103393555, 20.8282985687, 21.2578678131, 21.6758270264, 22.1053962708, 22.5349655151, 22.9645347595, 23.3824939728, 23.8817234039, 24.40417099, 24.9150104523, 25.4142398834, 25.9250793457, 26.435918808, 26.9815864563, 27.5388660431, 28.0845336914, 28.6069831848, 29.1410427094, 29.6751022339, 30.1394996643, 30.6038990021, 31.0682983398, 31.5094776154, 31.9506568909, 32.391834259, 32.8214035034, 33.2509727478, 33.6921539307, 34.1333312988, 34.539680481, 34.9460296631, 35.3523788452, 35.7587280273, 36.1650772095, 36.5714263916, 36.9777755737, 37.3957366943, 37.8136940002, 38.2316551208, 38.672832489, 39.1256217957, 39.55519104, 39.9847602844, 40.4491615295, 40.9019508362, 41.3547401428, 41.7843093872, 42.2138786316, 42.6434440613, 43.0730133057, 43.4793624878, 43.8857116699, 44.2920608521, 44.6984100342, 45.1163711548, 45.5227203369, 45.929069519, 46.3354187012, 46.7533760071, 47.1829452515, 47.6009063721, 48.018863678, 48.4368247986, 48.8547821045, 49.2727432251, 49.690700531, 50.1086616516, 50.5266189575, 50.9329681396, 51.3393173218, 51.7572784424, 52.1868476868, 52.6048049927, 53.0343742371, 53.4639434814, 53.8819046021, 54.3114738464, 54.7294311523, 55.1473922729, 55.5769615173, 56.0065307617, 56.4361000061, 56.8656692505, 57.2836265564, 57.701587677, 58.1195449829, 58.525894165, 58.9322433472, 59.3502044678, 59.7681617737, 60.1977310181, 60.6273002625, 61.0452613831, 61.463218689, 61.8811798096, 62.2991371155, 62.7170982361, 63.1234474182, 63.5297966003, 63.9477539062, 64.3424911499, 64.7604522705, 65.1784133911, 65.5847625732, 65.9911117554, 66.3974609375, 66.8038101196, 67.2333755493, 67.6629486084, 68.0809020996, 68.5104751587, 68.9400405884, 69.3696136475, 69.7991790771, 70.2171401978, 70.6351013184, 71.053062439, 71.4710159302, 71.8889770508, 72.2953262329, 72.701675415, 73.1196365356, 73.5375976562, 73.9555511475, 74.3851242065, 74.8146896362, 75.2558746338, 75.6854400635, 76.0917892456, 76.4981384277, 76.9044876099, 77.310836792, 77.7171859741, 78.1235351562, 78.5298843384, 78.9362335205, 79.3425827026, 79.7605438232, 80.1668930054, 80.584854126, 81.0144195557, 81.4439926147, 81.8735580444, 82.291519165, 82.7210845947, 83.1390457153, 83.5570068359, 83.9865722656, 84.4045333862, 84.8341064453, 85.2520599365, 85.6700210571, 86.0879821777, 86.4943313599, 86.9122848511, 87.3302459717, 87.7482070923, 88.1661682129, 88.5841217041, 89.0020828247, 89.4316558838, 89.8612213135, 90.2791824341, 90.6971435547, 91.1150970459, 91.5330581665, 91.9394073486, 92.3457565308, 92.7637176514, 93.181678772, 93.5996322632, 94.0292053223, 94.4471664429, 94.8767318726, 95.2946929932, 95.7126541138, 96.1422195435, 96.5601806641, 97.0129699707, 97.4541473389, 97.9069366455, 98.3597259521, 98.8009033203, 99.253692627, 99.6948699951, 100.124443054, 100.554008484, 100.983581543, 101.401542664, 101.831108093, 102.272285461, 102.748298645, 103.21269989, 103.677093506, 104.095054626, 104.501403809, 104.919364929, 105.348930359, 105.790107727, 106.219680786, 106.649246216, 107.067207336, 107.485168457, 107.903129578, 108.321083069, 108.831924438, 109.33115387, 109.841995239, 110.352828979, 110.852058411, 111.36289978, 111.862129211, 112.361358643, 112.860588074, 113.417869568, 113.963539124, 114.520812988, 115.078094482, 115.635368347, 116.111381531, 116.575782776, 117.05178833, 117.469749451, 117.876098633, 118.305664062, 118.723625183, 119.118362427, 119.524711609, 119.931060791, 120.337409973, 120.743759155, 121.161720276, 121.579681396, 121.997642517, 122.415596008, 122.833557129, 123.25151825, 123.66947937, 124.075828552, 124.482177734, 124.900131226, 125.318092346, 125.736053467, 126.154014587, 126.583580017, 127.024757385, 127.465942383, 127.895507812, 128.313461304, 128.731430054, 129.160995483, 129.590560913, 130.020126343, 130.449707031, 130.867660522, 131.274017334, 131.691970825, 132.098312378, 132.516281128, 132.922622681, 133.340591431, 133.758544922, 134.176498413, 134.606079102, 135.035644531, 135.453598022, 135.883178711, 136.301132202, 136.707473755, 137.113830566, 137.531784058, 137.938140869, 138.344482422, 138.762451172, 139.168792725, 139.586761475, 139.993103027, 140.411056519, 140.829025269, 141.258590698, 141.676544189, 142.094512939, 142.500854492, 142.918823242, 143.336776733, 143.754730225, 144.172698975, 144.590652466, 145.008621216, 145.426574707, 145.844528198, 146.262496948, 146.680450439, 147.098403931, 147.516372681, 147.934326172, 148.340682983, 148.758636475, 149.164993286, 149.582946777, 150.000900269, 150.418869019, 150.848434448, 151.266387939, 151.695953369, 152.113922119, 152.53187561, 152.94984436, 153.367797852, 153.785751343, 154.203720093, 154.621673584, 155.039627075, 155.457595825, 155.875549316, 156.293518066, 156.723083496, 157.141036987, 157.559005737, 157.988571167, 158.429748535, 158.870925903, 159.288879395, 159.695236206, 160.101577759, 160.519546509, 160.925888062, 161.332244873, 161.738586426, 162.144943237, 162.55128479, 162.957641602, 163.375595093, 163.793563843, 164.199905396, 164.617858887, 165.035827637, 165.465393066, 165.894958496, 166.324539185, 166.742492676, 167.160446167, 167.578414917, 167.98475647, 168.391113281, 168.832290649, 169.261856079, 169.703033447, 170.132598877, 170.550567627, 170.968521118, 171.386474609, 171.804443359, 172.222396851, 172.640365601, 173.058319092, 173.476272583, 173.894241333, 174.312194824, 174.730148315, 175.159729004, 175.589294434, 176.007247925, 176.425216675, 176.854782104, 177.272735596, 177.702316284, 178.108657837, 178.515014648, 178.909744263, 179.316101074, 179.722442627, 180.128799438, 180.535140991, 180.953109741, 181.359451294, 181.777404785, 182.195373535, 182.613327026, 183.031295776, 183.449249268, 183.878814697, 184.308380127, 184.726348877, 185.144302368, 185.562271118, 185.980224609, 186.398178101, 186.816146851, 187.24571228, 187.663665771, 188.081634521, 188.499588013, 188.917541504, 189.335510254, 189.753463745, 190.171432495, 190.600997925, 191.030563354, 191.471740723, 191.912918091, 192.342483521, 192.783676147, 193.236465454, 193.677642822, 194.107208252, 194.54838562, 194.97795105, 195.3959198, 195.813873291, 196.231826782, 196.638183594, 197.044525146, 197.462493896, 197.868835449, 198.286804199, 198.693145752, 199.111114502, 199.529067993, 199.947021484, 200.364990234, 200.782943726, 201.212509155, 201.630477905, 202.048431396, 202.466384888, 202.884353638, 203.29069519, 203.720275879, 204.149841309, 204.579406738, 205.008972168, 205.450149536, 205.891326904, 206.332519531, 206.785308838, 207.238098145, 207.679275513, 208.201721191, 208.735778809, 209.269836426, 209.792282104, 210.303131104, 210.813964844, 211.324798584, 211.847259521, 212.3697052, 212.903762817, 213.449432373, 213.995101929, 214.436279297, 214.877456665, 215.330245972, 215.783035278, 216.235824585, 216.688613892, 217.176239014, 217.663848877, 218.151473999, 218.685531616, 219.219589233, 219.765258789, 220.310928345, 220.844985962, 221.379043579, 221.924713135, 222.458770752, 222.992828369], "danceability": 0.933056354523, "bpm_histogram_second_peak_spread": {"dvar": 0, "var": 0, "median": 0.318181812763, "max": 0.318181812763, "dmean": 0, "dmean2": 0, "mean": 0.318181812763, "dvar2": 0, "min": 0.318181812763}}, "lowlevel": {"spectral_flux": {"dvar": 0.000447324942797, "var": 0.00133393181022, "median": 0.0695383697748, "max": 0.291513174772, "dmean": 0.0214761644602, "dmean2": 0.0359475128353, "mean": 0.0720888376236, "dvar2": 0.00123325537425, "min": 6.32570731907e-11}, "spectral_rolloff": {"dvar": 63109208, "var": 111884280, "median": 947.4609375, "max": 22006.9335938, "dmean": 3830.23413086, "dmean2": 7556.37890625, "mean": 10283.3144531, "dvar2": 153895776, "min": 64.599609375}, "barkbands_flatness_db": {"dvar": 0.00147569389082, "var": 0.00622646789998, "median": 0.278575956821, "max": 0.539119422436, "dmean": 0.0442276299, "dmean2": 0.0702202394605, "mean": 0.276708245277, "dvar2": 0.00381474127062, "min": 0.0422751791775}, "spectral_centroid": {"dvar": 36524.90625, "var": 1442352.625, "median": 311.557403564, "max": 11810.9160156, "dmean": 71.3605651855, "dmean2": 109.629081726, "mean": 522.096130371, "dvar2": 69742.2578125, "min": 134.368667603}, "melbands_skewness": {"dvar": 0.494765758514, "var": 2.96698832512, "median": 2.55010104179, "max": 12.7940607071, "dmean": 0.755381882191, "dmean2": 1.18928933144, "mean": 2.77870106697, "dvar2": 1.23512840271, "min": -1.93255460262}, "melbands": {"dvar": [2.54038741332e-06, 6.81853816786e-06, 3.67620873476e-06, 9.99791268441e-07, 1.33324635954e-06, 2.14245361008e-07, 1.90152306345e-07, 3.47784308019e-08, 3.77237840965e-09, 3.00608249404e-09, 1.74284608967e-09, 5.15555065306e-09, 5.99278404678e-10, 2.32090735519e-10, 1.41725159386e-10, 5.68107019761e-11, 2.10920326343e-11, 2.75393909066e-11, 2.84816840251e-11, 4.80138047376e-11, 6.41725951891e-12, 3.99362660997e-11, 1.04122141464e-10, 1.20078313612e-11, 6.28365371888e-12, 5.90610850157e-12, 1.13956595896e-11, 1.0058006511e-11, 5.2088069101e-12, 3.78539343968e-12, 4.77470146754e-12, 3.87126919063e-12, 1.18535129628e-12, 4.40865470215e-13, 3.45174165943e-13, 1.54242219583e-13, 2.80905906988e-14, 3.61809784606e-15, 1.17091155887e-15, 7.46283672134e-16], "var": [7.19003992344e-06, 2.68153053185e-05, 1.52282027557e-05, 3.05266735268e-06, 5.31605019205e-06, 1.15284899493e-06, 5.85634666095e-07, 1.14966532294e-07, 8.03675170857e-09, 8.69443894658e-09, 4.98307395347e-09, 2.59292445293e-08, 1.67883207336e-09, 4.6580844737e-10, 3.39908878821e-10, 1.27537799766e-10, 3.46905802695e-11, 3.05446987148e-11, 6.18898404747e-11, 1.10629186367e-10, 1.09216455324e-11, 8.26827495359e-11, 1.65187821755e-10, 2.73781899929e-11, 1.14015281591e-11, 1.49846871023e-11, 2.81211443021e-11, 2.08270137247e-11, 1.32891128657e-11, 1.09890161207e-11, 1.31856565597e-11, 8.00693279041e-12, 2.86511808202e-12, 1.23475210091e-12, 8.18655798533e-13, 5.05312100756e-13, 8.28568442156e-14, 9.14965074327e-15, 1.74559503798e-15, 7.82302848244e-16], "median": [0.000559379579499, 0.00192777253687, 0.00106335291639, 0.000631996546872, 0.000456134759588, 0.000173968452145, 0.000110582375783, 5.28221571585e-05, 1.34514193633e-05, 1.48366907524e-05, 8.25996994536e-06, 5.70141810385e-06, 3.41563895745e-06, 1.746932071e-06, 6.76896547702e-07, 4.85594057409e-07, 3.98914522748e-07, 2.13743859945e-07, 1.82766243029e-07, 1.63300697409e-07, 1.49509830294e-07, 1.09694148875e-07, 7.68726238221e-08, 6.98519428965e-08, 5.70192213445e-08, 3.7830918842e-08, 3.75413584663e-08, 3.50404043559e-08, 3.13514405548e-08, 2.70895696985e-08, 2.24330811704e-08, 1.92497999763e-08, 1.60215556377e-08, 1.38569777874e-08, 1.23057475321e-08, 1.10088116401e-08, 8.20089418596e-09, 6.07328320967e-09, 4.93901097798e-09, 4.47612480414e-09], "max": [0.0300145875663, 0.0514263398945, 0.0480041280389, 0.0210961662233, 0.0325082950294, 0.0142171923071, 0.0213731285185, 0.0107717365026, 0.00183053512592, 0.0014218618162, 0.0012009839993, 0.0030537636485, 0.00110941019375, 0.000715205504093, 0.000486844219267, 0.000202130118851, 0.000260082480963, 0.000326064269757, 0.000221616850467, 0.000251324207056, 0.000102300415165, 0.000225874784519, 0.000432195840403, 0.000129600739456, 0.000104603961518, 9.96001763269e-05, 0.000172488857061, 0.000154854002176, 0.000118104784633, 8.0185389379e-05, 0.000108940359496, 0.000118285708595, 5.64249457966e-05, 3.3601962059e-05, 2.73232672043e-05, 2.21624432015e-05, 1.17737599794e-05, 3.92775154978e-06, 1.53458290697e-06, 7.74629313582e-07], "dmean": [0.000843198213261, 0.00181114836596, 0.00113372970372, 0.000616399862338, 0.000562700268347, 0.000212548882701, 0.000121269767988, 5.8451492805e-05, 2.27695509238e-05, 2.3755545044e-05, 1.64193843375e-05, 1.76403482328e-05, 6.50497031529e-06, 4.5251604206e-06, 3.22942810271e-06, 2.29698639487e-06, 1.22971437122e-06, 9.33638489187e-07, 1.31763658828e-06, 1.76671790086e-06, 6.53794415939e-07, 1.07367952751e-06, 1.25363749248e-06, 4.73223053632e-07, 3.45176204064e-07, 3.32619521259e-07, 3.92731010379e-07, 4.54559767604e-07, 5.25489895153e-07, 4.47897946287e-07, 3.68059090761e-07, 3.03998177742e-07, 1.62045111551e-07, 1.02549847725e-07, 9.37658910516e-08, 7.1088408049e-08, 3.81566032104e-08, 2.09541344276e-08, 1.61997792958e-08, 1.40296023687e-08], "dmean2": [0.00120090786368, 0.00278069032356, 0.00167544267606, 0.000978491385467, 0.000866900547408, 0.000316494697472, 0.000189288533875, 8.87111309567e-05, 3.54737785528e-05, 3.70220841432e-05, 2.49518561759e-05, 2.47176285484e-05, 1.05660656118e-05, 7.32541457182e-06, 5.38070071343e-06, 3.83527549275e-06, 2.02714136321e-06, 1.53404448611e-06, 2.13558860196e-06, 2.81935558633e-06, 1.0363085039e-06, 1.73978855855e-06, 1.96693054022e-06, 7.1329856155e-07, 5.63441403756e-07, 5.04325612383e-07, 5.95300491568e-07, 7.05145566826e-07, 8.20426123482e-07, 7.1248587119e-07, 5.63111314023e-07, 4.59101840988e-07, 2.48964568073e-07, 1.57472570095e-07, 1.43126655416e-07, 1.06282207923e-07, 5.91882418632e-08, 3.51523219422e-08, 2.7455815399e-08, 2.39330777418e-08], "mean": [0.00161674933042, 0.00398226641119, 0.00255306065083, 0.00123070878908, 0.00119557557628, 0.000510787765961, 0.000282056222204, 0.000143793498864, 3.82571342925e-05, 4.50376537628e-05, 3.11340263579e-05, 4.36934933532e-05, 1.10342862172e-05, 6.8983017627e-06, 4.90166257805e-06, 3.31767978423e-06, 1.72502188889e-06, 1.21604443848e-06, 2.07726566259e-06, 2.87336570182e-06, 9.39866595218e-07, 1.5767629975e-06, 1.80027018359e-06, 6.71494774451e-07, 4.29105170952e-07, 4.73242437238e-07, 5.83328073844e-07, 7.34858531359e-07, 9.55795258051e-07, 8.13374469999e-07, 6.49580499612e-07, 5.01908061779e-07, 2.48283413384e-07, 1.5374500606e-07, 1.46260973111e-07, 1.19592954206e-07, 5.52738441684e-08, 2.38977833078e-08, 1.5805191822e-08, 1.33812809722e-08], "dvar2": [4.7826856644e-06, 1.58293405548e-05, 7.75070657255e-06, 2.5750871373e-06, 2.9561779229e-06, 4.45583992814e-07, 5.36472157364e-07, 8.32332816003e-08, 8.23856627363e-09, 6.96832858083e-09, 3.68048613808e-09, 8.79659722841e-09, 1.55695178972e-09, 5.52141610211e-10, 3.60468405125e-10, 1.47863180033e-10, 5.58901015746e-11, 7.14597478413e-11, 6.77681244454e-11, 1.20016913074e-10, 1.46400183643e-11, 8.92687104792e-11, 2.47290549149e-10, 2.41345138319e-11, 1.55415350728e-11, 1.19692346312e-11, 2.35939271592e-11, 2.38968463073e-11, 1.16445091417e-11, 8.43215948454e-12, 9.70816222551e-12, 8.64935987416e-12, 2.5879604449e-12, 9.14407547077e-13, 7.26475303525e-13, 2.47504789016e-13, 5.78487588778e-14, 8.06015461487e-15, 2.77392172918e-15, 1.89781988173e-15], "min": [1.20554847663e-24, 4.84293887755e-25, 1.37299574085e-24, 1.07385958698e-24, 1.83140350313e-24, 1.47328224722e-24, 1.5367817044e-24, 1.40127048785e-24, 1.29674592487e-24, 1.89741893355e-24, 1.88605223677e-24, 2.2896169098e-24, 2.72337444512e-24, 2.40071317716e-24, 2.68599052403e-24, 2.59845792635e-24, 2.90703250512e-24, 3.20137662481e-24, 4.23543995406e-24, 3.74434288056e-24, 2.71109365576e-24, 2.51218947826e-24, 3.65666454082e-24, 3.58256289169e-24, 4.09291172115e-24, 3.71526546759e-24, 3.36958306905e-24, 4.23509364413e-24, 4.08429223247e-24, 4.75062331759e-24, 4.20769177172e-24, 4.69727975432e-24, 5.74559543354e-24, 4.86788828001e-24, 5.81239144183e-24, 5.32486080848e-24, 6.53268810705e-24, 4.77170207541e-24, 6.32470887369e-24, 6.7938610201e-24]}, "spectral_decrease": {"dvar": 1.04151634416e-17, "var": 5.16623791027e-17, "median": -4.99070207383e-09, "max": 2.70162514582e-09, "dmean": 2.72161626569e-09, "dmean2": 4.03873379184e-09, "mean": -7.33824156995e-09, "dvar2": 2.40113723514e-17, "min": -5.98097074089e-08}, "barkbands_kurtosis": {"dvar": 262.551300049, "var": 616.981140137, "median": 17.3539485931, "max": 342.899017334, "dmean": 12.2537221909, "dmean2": 19.828546524, "mean": 24.2068119049, "dvar2": 688.249267578, "min": -1.84277963638}, "silence_rate_30dB": {"dvar": 0.0209296382964, "var": 0.0307567380369, "median": 1, "max": 1, "dmean": 0.0213870424777, "dmean2": 0.0427785292268, "mean": 0.968234181404, "dvar2": 0.0486320480704, "min": 0}, "gfcc": {"mean": [-123.058135986, 133.828598022, -28.7065010071, 2.69625496864, -33.5660667419, -16.6192340851, -11.9161815643, -14.6977577209, -8.74927997589, -12.048081398, -8.09015846252, -3.86300754547, -1.89128005505], "cov": [[25054.3789062, 1924.27941895, -437.437347412, 556.526916504, -1085.51428223, -435.219604492, -300.944732666, -795.530029297, -191.569839478, -202.139770508, -650.726135254, -56.1914520264, 163.409667969], [1924.27941895, 1402.08349609, 494.922424316, -396.582122803, -85.3152999878, -183.524459839, 44.8434677124, -27.5440368652, 14.9792490005, -185.235321045, 61.8051872253, -121.893096924, 4.22864341736], [-437.437347412, 494.922424316, 712.708557129, -192.587234497, 5.14124822617, 0.049868196249, 46.5109405518, 126.79788208, 0.787743985653, -97.8997116089, 65.9395446777, -101.26084137, 7.14275074005], [556.526916504, -396.582122803, -192.587234497, 411.000823975, 79.4442138672, 11.6777858734, -17.8002185822, -113.057350159, 17.3735904694, 67.705078125, -77.9287872314, 31.7850265503, -30.1033153534], [-1085.51428223, -85.3152999878, 5.14124822617, 79.4442138672, 241.77507019, 95.387878418, 60.0612297058, 12.3704090118, 6.21833896637, -7.9299082756, 41.8887405396, 10.524230957, 1.04217326641], [-435.219604492, -183.524459839, 0.049868196249, 11.6777858734, 95.387878418, 214.446426392, 62.9582099915, 85.1974411011, -50.8356971741, 4.38539409637, 16.3790740967, 19.5277843475, 35.2147827148], [-300.944732666, 44.8434677124, 46.5109405518, -17.8002185822, 60.0612297058, 62.9582099915, 175.665542603, 31.4370574951, 15.620680809, -41.0274848938, 3.90366625786, 18.7284736633, 31.4075279236], [-795.530029297, -27.5440368652, 126.79788208, -113.057350159, 12.3704090118, 85.1974411011, 31.4370574951, 228.221450806, 12.8421697617, 2.50814175606, 71.4666442871, -10.2698831558, 17.4988937378], [-191.569839478, 14.9792490005, 0.787743985653, 17.3735904694, 6.21833896637, -50.8356971741, 15.620680809, 12.8421697617, 91.2161178589, 37.2697105408, 8.41858482361, -0.00941427610815, -14.7632131577], [-202.139770508, -185.235321045, -97.8997116089, 67.705078125, -7.9299082756, 4.38539409637, -41.0274848938, 2.50814175606, 37.2697105408, 107.554443359, 21.1937446594, 18.1098766327, -15.9208269119], [-650.726135254, 61.8051872253, 65.9395446777, -77.9287872314, 41.8887405396, 16.3790740967, 3.90366625786, 71.4666442871, 8.41858482361, 21.1937446594, 119.321342468, 28.1239452362, 0.0674197822809], [-56.1914520264, -121.893096924, -101.26084137, 31.7850265503, 10.524230957, 19.5277843475, 18.7284736633, -10.2698831558, -0.00941427610815, 18.1098766327, 28.1239452362, 107.913475037, 57.3126907349], [163.409667969, 4.22864341736, 7.14275074005, -30.1033153534, 1.04217326641, 35.2147827148, 31.4075279236, 17.4988937378, -14.7632131577, -15.9208269119, 0.0674197822809, 57.3126907349, 127.197654724]], "icov": [[0.000114314738312, -0.000375815056032, 0.000160362877068, -0.000534491846338, 0.000642085156869, -0.000394008064177, 0.000168725353433, 4.75183805975e-05, 9.503709407e-06, 0.000121566445159, 0.000162439406267, -4.03836529586e-05, -0.000179815324373], [-0.000375815056032, 0.00321260467172, -0.00102346972562, 0.00268328306265, -0.00143332174048, 0.00164454337209, -0.000717460876331, 0.00167527527083, -0.0017024645349, 0.00243659922853, -0.00297207757831, 0.00238276063465, -0.000393014488509], [0.000160362877068, -0.00102346972562, 0.00286502740346, -0.00133471912704, 0.00147809262853, -0.00109507748857, 0.000244939088589, -0.000598481216002, -0.000904562999494, 0.00226705148816, -0.00209150160663, 0.00290642073378, -0.00146553793456], [-0.000534491846338, 0.00268328306265, -0.00133471912704, 0.00815276708454, -0.0058111352846, 0.00287966686301, -0.000891959352884, 0.0010634198552, 0.000510135083459, -0.00382691249251, 0.00399350840598, -0.00236228760332, 0.00256869313307], [0.000642085156869, -0.00143332174048, 0.00147809262853, -0.0058111352846, 0.0127707822248, -0.00803657341748, 0.000910829112399, 0.00369392172433, -0.00625191070139, 0.00791166629642, -0.007966930978, 0.00430130725726, -0.00251753046177], [-0.000394008064177, 0.00164454337209, -0.00109507748857, 0.00287966686301, -0.00803657341748, 0.0156183689833, -0.00543396454304, -0.00612695096061, 0.0126201920211, -0.00888844765723, 0.00515550374985, -0.00193969195243, 0.000344540399965], [0.000168725353433, -0.000717460876331, 0.000244939088589, -0.000891959352884, 0.000910829112399, -0.00543396454304, 0.00996967498213, 0.000881828076672, -0.00708232168108, 0.00658314721659, -0.000134767120471, -0.00164913246408, -0.00075872882735], [4.75183805975e-05, 0.00167527527083, -0.000598481216002, 0.0010634198552, 0.00369392172433, -0.00612695096061, 0.000881828076672, 0.0109596699476, -0.00755891902372, 0.00536980293691, -0.0082866679877, 0.00524155283347, -0.00245351623744], [9.503709407e-06, -0.0017024645349, -0.000904562999494, 0.000510135083459, -0.00625191070139, 0.0126201920211, -0.00708232168108, -0.00755891902372, 0.0277573112398, -0.0177566371858, 0.00937086995691, -0.00504345353693, 0.00282852700911], [0.000121566445159, 0.00243659922853, 0.00226705148816, -0.00382691249251, 0.00791166629642, -0.00888844765723, 0.00658314721659, 0.00536980293691, -0.0177566371858, 0.0290854498744, -0.0148231582716, 0.00666570337489, -0.00265446398407], [0.000162439406267, -0.00297207757831, -0.00209150160663, 0.00399350840598, -0.007966930978, 0.00515550374985, -0.000134767120471, -0.0082866679877, 0.00937086995691, -0.0148231582716, 0.0272967368364, -0.0157071296126, 0.00705908099189], [-4.03836529586e-05, 0.00238276063465, 0.00290642073378, -0.00236228760332, 0.00430130725726, -0.00193969195243, -0.00164913246408, 0.00524155283347, -0.00504345353693, 0.00666570337489, -0.0157071296126, 0.0252568647265, -0.0116846999153], [-0.000179815324373, -0.000393014488509, -0.00146553793456, 0.00256869313307, -0.00251753046177, 0.000344540399965, -0.00075872882735, -0.00245351623744, 0.00282852700911, -0.00265446398407, 0.00705908099189, -0.0116846999153, 0.0145033849403]]}, "silence_rate_20dB": {"dvar": 0, "var": 0, "median": 1, "max": 1, "dmean": 0, "dmean2": 0, "mean": 1, "dvar2": 0, "min": 1}, "barkbands_skewness": {"dvar": 0.772956430912, "var": 3.29324150085, "median": 2.7112300396, "max": 13.3005199432, "dmean": 0.923078298569, "dmean2": 1.46425676346, "mean": 2.89472746849, "dvar2": 2.02936792374, "min": -2.20364451408}, "erbbands_skewness": {"dvar": 0.284990698099, "var": 1.53021264076, "median": 1.41676294804, "max": 7.67523622513, "dmean": 0.574603915215, "dmean2": 0.904371619225, "mean": 1.39865243435, "dvar2": 0.699348688126, "min": -5.94599962234}, "spectral_contrast_valleys": {"dvar": [0.112065948546, 0.122077003121, 0.152328282595, 0.315240800381, 0.392884910107, 0.369331002235], "var": [6.26348352432, 6.14666461945, 5.35714244843, 5.05110788345, 5.12992238998, 4.09970569611], "median": [-6.90332698822, -6.94109535217, -8.06866550446, -8.94019317627, -9.06984901428, -11.4742994308], "max": [-5.11591911316, -4.85024547577, -5.65251874924, -6.372423172, -5.68565750122, -8.94833850861], "dmean": [0.387116014957, 0.38884589076, 0.429975122213, 0.624555051327, 0.707711815834, 0.701922059059], "dmean2": [0.637334108353, 0.623383581638, 0.695558071136, 1.03005278111, 1.17574250698, 1.15621650219], "mean": [-7.34568834305, -7.35912418365, -8.4064655304, -9.23419189453, -9.39511489868, -11.7965641022], "dvar2": [0.268340826035, 0.279977381229, 0.358357727528, 0.80179309845, 1.01024460793, 0.946175694466], "min": [-28.0701293945, -27.9090671539, -28.0003204346, -27.7609195709, -27.5792999268, -27.4110374451]}, "spectral_strongpeak": {"dvar": 167.006835938, "var": 137.052581787, "median": 0.59764778614, "max": 140.718444824, "dmean": 2.91912841797, "dmean2": 5.39569759369, "mean": 2.67401957512, "dvar2": 448.150817871, "min": 0}, "erbbands_crest": {"dvar": 5.7259478569, "var": 24.2207775116, "median": 11.5298261642, "max": 32.2280921936, "dmean": 2.70202159882, "dmean2": 4.33330345154, "mean": 12.4229364395, "dvar2": 14.804400444, "min": 2.59326148033}, "barkbands_crest": {"dvar": 4.89528417587, "var": 20.7772026062, "median": 14.4536838531, "max": 25.2296180725, "dmean": 2.49779844284, "dmean2": 3.96420788765, "mean": 14.70911026, "dvar2": 12.3050832748, "min": 3.74747824669}, "spectral_energyband_middle_low": {"dvar": 6.96487113601e-05, "var": 0.000399401644245, "median": 0.00811794027686, "max": 0.166357412934, "dmean": 0.00536724040285, "dmean2": 0.00795168336481, "mean": 0.0154627067968, "dvar2": 0.00015405403974, "min": 1.56092109264e-22}, "spectral_contrast_coeffs": {"dvar": [0.00148782122415, 0.00138333206996, 0.00105649186298, 0.000924245745409, 0.000900388869923, 0.000888463284355], "var": [0.0138654951006, 0.00729785766453, 0.00461721979082, 0.00350004434586, 0.00373659911565, 0.0064381044358], "median": [-0.592858314514, -0.718440115452, -0.800861537457, -0.883913218975, -0.89716142416, -0.858641564846], "max": [-0.318877220154, -0.362549990416, -0.496975004673, -0.55544012785, -0.627487659454, -0.43513956666], "dmean": [0.0486159734428, 0.0462493523955, 0.0407495722175, 0.0375793613493, 0.0353467836976, 0.0254866182804], "dmean2": [0.0800559595227, 0.0745824947953, 0.0665760189295, 0.0626275092363, 0.0596072860062, 0.0414578616619], "mean": [-0.607376515865, -0.719202697277, -0.796772301197, -0.876977562904, -0.885715603828, -0.82442343235], "dvar2": [0.00397584913298, 0.00363441300578, 0.00278240861371, 0.0024670411367, 0.00242200237699, 0.00217806571163], "min": [-0.97788053751, -0.979580640793, -0.985815107822, -0.986958742142, -0.985341370106, -0.97219145298]}, "hfc": {"dvar": 2502.89477539, "var": 7949.59667969, "median": 91.3138275146, "max": 889.588562012, "dmean": 41.9816894531, "dmean2": 60.9592628479, "mean": 111.541595459, "dvar2": 4993.78466797, "min": 1.0822786136e-16}, "spectral_energyband_high": {"dvar": 4.56951454453e-08, "var": 1.71739216626e-07, "median": 1.05909794001e-05, "max": 0.0100341374055, "dmean": 4.71468774776e-05, "dmean2": 6.72559108352e-05, "mean": 9.9851815321e-05, "dvar2": 7.94053889308e-08, "min": 6.99426929029e-21}, "erbbands_spread": {"dvar": 41.3520469666, "var": 201.315246582, "median": 13.6902170181, "max": 133.569107056, "dmean": 5.34571790695, "dmean2": 8.52483177185, "mean": 18.5972805023, "dvar2": 95.9809188843, "min": 1.04577100277}, "dissonance": {"dvar": 0.00166780292057, "var": 0.00456129945815, "median": 0.401647776365, "max": 0.500000119209, "dmean": 0.0444955937564, "dmean2": 0.0746175125241, "mean": 0.391421556473, "dvar2": 0.0046545653604, "min": 0.137981370091}, "spectral_kurtosis": {"dvar": 611.843078613, "var": 877.650878906, "median": 19.3869857788, "max": 324.81640625, "dmean": 17.5007915497, "dmean2": 29.3842334747, "mean": 30.111536026, "dvar2": 1705.66113281, "min": -1.26699912548}, "spectral_skewness": {"dvar": 1.69762003422, "var": 3.9606487751, "median": 3.55494952202, "max": 15.031291008, "dmean": 1.15859019756, "dmean2": 1.91293632984, "mean": 4.02313184738, "dvar2": 4.73684930801, "min": -0.0969556942582}, "pitch_salience": {"dvar": 0.00377137912437, "var": 0.0180170200765, "median": 0.494673162699, "max": 0.862428724766, "dmean": 0.0698830336332, "dmean2": 0.112280741334, "mean": 0.482277810574, "dvar2": 0.00984628126025, "min": 0.100682303309}, "spectral_complexity": {"dvar": 2.44535851479, "var": 14.0033226013, "median": 6, "max": 38, "dmean": 1.34073925018, "dmean2": 2.22448348999, "mean": 6.81407642365, "dvar2": 5.52846717834, "min": 0}, "spectral_spread": {"dvar": 684919554048, "var": 17134595866600.0, "median": 3423208.25, "max": 42868228, "dmean": 828961.625, "dmean2": 1349730.75, "mean": 3872266.5, "dvar2": 1570615721980.0, "min": 578440.4375}, "dynamic_complexity": 3.45022940636, "melbands_crest": {"dvar": 8.07291316986, "var": 36.1305618286, "median": 18.3727779388, "max": 34.9057655334, "dmean": 3.1635928154, "dmean2": 5.08107995987, "mean": 18.7010498047, "dvar2": 20.5381393433, "min": 1.51844894886}, "zerocrossingrate": {"dvar": 0.00129170774017, "var": 0.013580147177, "median": 0.2216796875, "max": 0.7373046875, "dmean": 0.0402447767556, "dmean2": 0.050241407007, "mean": 0.232712477446, "dvar2": 0.00192661653273, "min": 0.00537109375}, "spectral_energyband_low": {"dvar": 0.000108273401565, "var": 0.000398852775106, "median": 0.0130054522306, "max": 0.181135132909, "dmean": 0.00835967622697, "dmean2": 0.0123780276626, "mean": 0.0195818133652, "dvar2": 0.000242325520958, "min": 1.66607202302e-23}, "melbands_kurtosis": {"dvar": 181.326217651, "var": 622.212890625, "median": 13.6647386551, "max": 309.539733887, "dmean": 9.99345111847, "dmean2": 15.9473314285, "mean": 21.4877338409, "dvar2": 448.076141357, "min": -1.90461194515}, "spectral_energyband_middle_high": {"dvar": 3.44139039044e-07, "var": 1.66605570939e-06, "median": 0.000152202599565, "max": 0.0206012800336, "dmean": 0.000236072941334, "dmean2": 0.000346925487975, "mean": 0.000601012783591, "dvar2": 6.60351417991e-07, "min": 1.1121724044e-21}, "barkbands_spread": {"dvar": 15.6007795334, "var": 112.71811676, "median": 3.29071044922, "max": 131.32371521, "dmean": 1.70370256901, "dmean2": 2.62241005898, "mean": 5.71284770966, "dvar2": 32.9711227417, "min": 0.282513976097}, "mfcc": {"mean": [-792.647277832, 189.825820923, 51.760597229, 33.5157623291, 2.23336410522, 7.67278242111, -1.89705657959, 2.37263870239, 0.894063591957, -4.45959758759, -7.23765563965, 0.206525579095, -2.24528551102], "cov": [[9535.38769531, 646.699707031, -371.385223389, 769.534057617, -456.023620605, 602.206054688, -449.37322998, -279.640899658, 157.978744507, -132.863037109, -582.087219238, 161.628189087, -183.856399536], [646.699707031, 2217.21191406, 713.975952148, -74.9411392212, -15.6361503601, -234.025238037, 50.0963134766, 60.836566925, -9.58388996124, -40.6539649963, 20.3844890594, -114.845611572, -19.5687084198], [-371.385223389, 713.975952148, 460.134918213, -18.3336391449, 53.142036438, -139.024124146, 71.8918838501, 57.4765357971, -9.94490814209, 18.211566925, 83.5556411743, -68.5209579468, 0.694091081619], [769.534057617, -74.9411392212, -18.3336391449, 313.056182861, -0.237204641104, 134.139602661, -91.2489852905, -40.1382522583, 13.0477695465, -6.83329820633, -61.7666473389, 55.6313438416, -15.6847457886], [-456.023620605, -15.6361503601, 53.142036438, -0.237204641104, 187.721817017, -3.05526375771, 70.522315979, 22.4605102539, -29.9126396179, 19.8884773254, 60.2825241089, -16.7731342316, 19.6064872742], [602.206054688, -234.025238037, -139.024124146, 134.139602661, -3.05526375771, 251.111785889, -3.77054572105, -20.7846622467, 29.8734149933, -22.4301357269, -95.9035186768, 61.9279060364, -13.9720916748], [-449.37322998, 50.0963134766, 71.8918838501, -91.2489852905, 70.522315979, -3.77054572105, 186.828887939, 108.541534424, 13.1770763397, 24.7620429993, 45.427707