{"tonal": {"hpcp": {"dvar": [0.0321121066809, 0.0323318652809, 0.0528753809631, 0.0466158613563, 0.0336035229266, 0.0301121585071, 0.0244702901691, 0.0281947273761, 0.042220402509, 0.0564883127809, 0.0378602258861, 0.0280254781246, 0.0256030838937, 0.0227501019835, 0.0293094739318, 0.0424523614347, 0.0366805568337, 0.0275181271136, 0.018651297316, 0.0176925584674, 0.0205246172845, 0.0322049632668, 0.0233124420047, 0.0277618989348, 0.0467897951603, 0.0438002385199, 0.0187550112605, 0.018365021795, 0.0208476986736, 0.0369202382863, 0.0481006391346, 0.0319180265069, 0.0237346645445, 0.0225021243095, 0.0204555448145, 0.0291870050132], "var": [0.0357666946948, 0.0361501201987, 0.0750545337796, 0.0887187346816, 0.0495691373944, 0.0265297740698, 0.0210515409708, 0.0253528729081, 0.082694850862, 0.156709089875, 0.0839520171285, 0.0305089429021, 0.0228236354887, 0.0189421158284, 0.0334965474904, 0.0690021291375, 0.0574764236808, 0.0317058041692, 0.0169071443379, 0.014128963463, 0.03014145419, 0.0667996481061, 0.0413062348962, 0.0395632497966, 0.0761913359165, 0.0576840527356, 0.0189646128565, 0.0186245124787, 0.0215495973825, 0.0762322992086, 0.139521792531, 0.0634700730443, 0.0250985249877, 0.0219989400357, 0.0165024977177, 0.0240149758756], "median": [0.0297983940691, 0.0510414540768, 0.0783525705338, 0.0793254524469, 0.0498438999057, 0.038792360574, 0.0377605929971, 0.0395249463618, 0.146098524332, 0.258952826262, 0.156444698572, 0.0352272354066, 0.0186882708222, 0.0181546453387, 0.0498156249523, 0.0877959132195, 0.0637890771031, 0.0199631713331, 0.0106524387375, 0.0108535932377, 0.0332003980875, 0.0493026338518, 0.041336774826, 0.0416645295918, 0.0522043034434, 0.0375517979264, 0.0179173704237, 0.0151978898793, 0.0252628326416, 0.0940583497286, 0.154702812433, 0.099677324295, 0.0272738691419, 0.0183692704886, 0.0153111591935, 0.0206532888114], "max": [1, 1, 1, 1, 1, 1, 1, 1, 1, 1, 1, 1, 1, 1, 1, 1, 1, 1, 1, 1, 1, 1, 1, 1, 1, 1, 1, 1, 1, 1, 1, 1, 1, 1, 1, 1], "dmean": [0.100510857999, 0.127125650644, 0.16519780457, 0.15589722991, 0.123387768865, 0.107540294528, 0.0928057357669, 0.102411046624, 0.164158090949, 0.180871278048, 0.158240273595, 0.104289345443, 0.0858727023005, 0.0764670372009, 0.110635451972, 0.14543351531, 0.126285016537, 0.0844124108553, 0.05854158476, 0.0568123720586, 0.0835977941751, 0.109592080116, 0.0954595208168, 0.100738614798, 0.143165424466, 0.130260288715, 0.071997217834, 0.0625316798687, 0.0828588977456, 0.142656818032, 0.157258808613, 0.136798009276, 0.0861648991704, 0.0731455162168, 0.0688829943538, 0.0881586223841], "dmean2": [0.176398545504, 0.221281573176, 0.276966482401, 0.257028400898, 0.212110996246, 0.1930141747, 0.165460050106, 0.179346203804, 0.272839158773, 0.303551644087, 0.266383469105, 0.183810576797, 0.151711508632, 0.136036366224, 0.188379719853, 0.243703022599, 0.215404137969, 0.14820407331, 0.104373887181, 0.10211572051, 0.139987975359, 0.177314177155, 0.159323722124, 0.172446936369, 0.242457255721, 0.222193002701, 0.126578882337, 0.11042317003, 0.144806146622, 0.238409176469, 0.260645598173, 0.227184772491, 0.150118023157, 0.128477692604, 0.123555451632, 0.157986611128], "mean": [0.101866811514, 0.130377471447, 0.204419031739, 0.222572743893, 0.145662873983, 0.0978153645992, 0.0888501405716, 0.099485822022, 0.269983589649, 0.419543236494, 0.273029714823, 0.106946364045, 0.0751481577754, 0.0659924671054, 0.123571589589, 0.200163751841, 0.166805401444, 0.0884550586343, 0.0526163764298, 0.0485828593373, 0.106220126152, 0.166310846806, 0.128855511546, 0.123563595116, 0.186636909842, 0.146802559495, 0.0698569715023, 0.0605111829937, 0.0817090123892, 0.228187188506, 0.341278016567, 0.213096693158, 0.0882926210761, 0.0689388588071, 0.0590548031032, 0.0765130370855], "dvar2": [0.083260320127, 0.0841696709394, 0.129238694906, 0.107114218175, 0.0839471742511, 0.0821307227015, 0.0662400871515, 0.075794197619, 0.104367703199, 0.123248338699, 0.0952924862504, 0.0749807879329, 0.0681595355272, 0.0609732307494, 0.0766625404358, 0.105396658182, 0.0954673737288, 0.0723007395864, 0.0500709563494, 0.0489336103201, 0.0518660582602, 0.0724330842495, 0.0576679483056, 0.0717232376337, 0.109452418983, 0.106830611825, 0.0508830137551, 0.0485927052796, 0.0558822341263, 0.092674292624, 0.107749395072, 0.079744040966, 0.0619584657252, 0.0593464225531, 0.0566118843853, 0.0796896293759], "min": [0, 0, 0, 0, 0, 0, 0, 0, 0, 0, 0, 0, 0, 0, 0, 0, 0, 0, 0, 0, 0, 0, 0, 0, 0, 0, 0, 0, 0, 0, 0, 0, 0, 0, 0, 0]}, "key_key": "F", "thpcp": [1, 0.650778472424, 0.254911422729, 0.179118975997, 0.15729598701, 0.294538378716, 0.477099210024, 0.39758810401, 0.210836574435, 0.125413477421, 0.115799412131, 0.253180414438, 0.39640930295, 0.307132840157, 0.294519335032, 0.444857388735, 0.349910438061, 0.166507199407, 0.14423109591, 0.194757074118, 0.543894350529, 0.813451349735, 0.507925450802, 0.210449397564, 0.164318844676, 0.140759751201, 0.182372227311, 0.242804080248, 0.310760527849, 0.487241864204, 0.530512034893, 0.347193956375, 0.233147278428, 0.211778268218, 0.2371288836, 0.643517911434], "chords_key": "C", "tuning_equal_tempered_deviation": 0.0277127362788, "tuning_frequency": 440, "tuning_diatonic_strength": 0.636589944363, "chords_histogram": [13.0566034317, 3.47169804573, 53.7962265015, 1.05660378933, 0.105660378933, 0.407547175884, 0.709433972836, 0, 0.573584914207, 0, 0, 0, 0.0150943398476, 0.286792457104, 0.633962273598, 0.196226418018, 0, 3.54716992378, 0.0754716992378, 6.08301877975, 0, 11.3660373688, 4.52830171585, 0.0905660390854], "key_strength": 0.737886488438, "key_scale": "major", "chords_strength": {"dvar": 8.06705502328e-05, "var": 0.00773347448558, "median": 0.460624456406, "max": 0.722516417503, "dmean": 0.0107495877892, "dmean2": 0.0110804662108, "mean": 0.466272771358, "dvar2": 9.28269146243e-05, "min": 0.20668566227}, "chords_number_rate": 0.0012075471459, "tuning_nontempered_energy_ratio": 0.696802318096, "hpcp_entropy": {"dvar": 0.288066387177, "var": 0.517017602921, "median": 1.85707569122, "max": 4.20936250687, "dmean": 0.646049141884, "dmean2": 1.09185302258, "mean": 1.83415532112, "dvar2": 0.75450116396, "min": 0}, "chords_changes_rate": 0.0633962228894, "chords_scale": "major"}, "rhythm": {"bpm_histogram_first_peak_spread": {"dvar": 0, "var": 0, "median": 0.476370513439, "max": 0.476370513439, "dmean": 0, "dmean2": 0, "mean": 0.476370513439, "dvar2": 0, "min": 0.476370513439}, "bpm_histogram_first_peak_weight": {"dvar": 0, "var": 0, "median": 0.472696244717, "max": 0.472696244717, "dmean": 0, "dmean2": 0, "mean": 0.472696244717, "dvar2": 0, "min": 0.472696244717}, "bpm_histogram_first_peak_bpm": {"dvar": 0, "var": 0, "median": 115, "max": 115, "dmean": 0, "dmean2": 0, "mean": 115, "dvar2": 0, "min": 115}, "bpm": 114.641036987, "bpm_histogram_second_peak_weight": {"dvar": 0, "var": 0, "median": 0.0255972687155, "max": 0.0255972687155, "dmean": 0, "dmean2": 0, "mean": 0.0255972687155, "dvar2": 0, "min": 0.0255972687155}, "beats_loudness": {"dvar": 0.000163609161973, "var": 0.000272087141639, "median": 0.0249884743243, "max": 0.0971732512116, "dmean": 0.0146507797763, "dmean2": 0.0242397803813, "mean": 0.0272091347724, "dvar2": 0.00045981182484, "min": 1.60502047208e-08}, "beats_loudness_band_ratio": {"dvar": [0.0351690389216, 0.0216918308288, 0.0217426009476, 0.0181852485985, 0.00189434317872, 0.00173457874916], "var": [0.0580506250262, 0.0288737714291, 0.0366917960346, 0.0258337557316, 0.00273986090906, 0.0029537838418], "median": [0.226247563958, 0.171218559146, 0.208858072758, 0.158856853843, 0.0286743659526, 0.0269197132438], "max": [0.997083723545, 0.91366070509, 0.86351031065, 0.822987675667, 0.434482634068, 0.507248461246], "dmean": [0.240779623389, 0.170107647777, 0.153832882643, 0.144944816828, 0.0350896306336, 0.0341985858977], "dmean2": [0.415820926428, 0.307105481625, 0.264928013086, 0.255620568991, 0.0610071085393, 0.0579156912863], "mean": [0.294717460871, 0.21772351861, 0.258455842733, 0.194634109735, 0.0474830679595, 0.0456326901913], "dvar2": [0.107018589973, 0.065397284925, 0.0574939437211, 0.0498735718429, 0.00498495763168, 0.00459186919034], "min": [0.000155799090862, 0.00263932091184, 0.00032872176962, 2.36958603637e-05, 2.30207274399e-06, 1.09516804514e-06]}, "bpm_histogram_second_peak_bpm": {"dvar": 0, "var": 0, "median": 110, "max": 110, "dmean": 0, "dmean2": 0, "mean": 110, "dvar2": 0, "min": 110}, "onset_rate": 5.98817300797, "beats_count": 587, "beats_position": [0.557278871536, 1.1261677742, 1.69505667686, 2.26394557953, 2.8444442749, 3.40172338486, 3.94739222527, 4.5046710968, 5.05034017563, 5.59600877762, 6.13006782532, 6.65251684189, 7.17496585846, 7.70902490616, 8.24308395386, 8.76553249359, 9.287981987, 9.82204055786, 10.3560991287, 10.8785486221, 11.4009971619, 11.9350566864, 12.4691152573, 13.0031747818, 13.5372333527, 14.0596818924, 14.5937414169, 15.1161899567, 15.6502494812, 16.1843090057, 16.7183666229, 17.2524261475, 17.786485672, 18.3205432892, 18.8546028137, 19.3770523071, 19.9111099243, 20.4335594177, 20.9676189423, 21.5016784668, 22.035736084, 22.5697956085, 23.0922451019, 23.614692688, 24.1487522125, 24.6828117371, 25.2168693542, 25.7509288788, 26.2849884033, 26.8190479279, 27.353105545, 27.8871650696, 28.4212245941, 28.9436721802, 29.4661216736, 30.0001811981, 30.5226306915, 31.0450782776, 31.5791378021, 32.1131973267, 32.6356468201, 33.1580963135, 33.6921539307, 34.2262115479, 34.7486610413, 35.2711105347, 35.8051681519, 36.3276176453, 36.8616790771, 37.3841247559, 37.9181861877, 38.4522438049, 38.9863014221, 39.5087509155, 40.0312004089, 40.5652618408, 41.099319458, 41.6333770752, 42.1674385071, 42.7014961243, 43.2239456177, 43.7580032349, 44.2804527283, 44.8145103455, 45.3485717773, 45.8826293945, 46.4166870117, 46.9507484436, 47.4848060608, 48.0072555542, 48.5413131714, 49.0753746033, 49.6094322205, 50.1318817139, 50.6659393311, 51.2116088867, 51.7456665039, 52.2681159973, 52.7905654907, 53.3130149841, 53.8470726013, 54.3695220947, 54.8919715881, 55.4144210815, 55.936870575, 56.4593200684, 56.9817695618, 57.515827179, 58.0382766724, 58.5607261658, 59.0831718445, 59.6056213379, 60.1396827698, 60.6621322632, 61.1845779419, 61.7186393738, 62.2410888672, 62.7635345459, 63.2975959778, 63.831653595, 64.3657150269, 64.899772644, 65.4338302612, 65.9562835693, 66.478729248, 67.0127868652, 67.5468444824, 68.0809020996, 68.6033554077, 69.1258010864, 69.6482543945, 70.1707000732, 70.6931533813, 71.2155990601, 71.7380523682, 72.2604980469, 72.7945556641, 73.3286132812, 73.8510665894, 74.3735122681, 74.9075698853, 75.4416275024, 75.9640808105, 76.4865264893, 77.0089797974, 77.5314254761, 78.0654830933, 78.5995483398, 79.133605957, 79.6676635742, 80.1901092529, 80.712562561, 81.2466201782, 81.7806777954, 82.3147354126, 82.8487930298, 83.3712463379, 83.8936920166, 84.4277572632, 84.9502029419, 85.4726486206, 85.9951019287, 86.5175476074, 87.0400009155, 87.5624465942, 88.0848999023, 88.6073455811, 89.1414031982, 89.6754608154, 90.1979141235, 90.7203598022, 91.2428131104, 91.7652587891, 92.2761001587, 92.7985458374, 93.3209991455, 93.8550567627, 94.3891143799, 94.9115600586, 95.4340133667, 95.9680709839, 96.4905166626, 97.0129699707, 97.5238113403, 98.0578689575, 98.5919265747, 99.1259841919, 99.6600418091, 100.182495117, 100.704940796, 101.227394104, 101.749839783, 102.2838974, 102.817955017, 103.352012634, 103.874465942, 104.396911621, 104.930976868, 105.453422546, 105.975868225, 106.509933472, 107.043991089, 107.566436768, 108.088890076, 108.622947693, 109.15700531, 109.691062927, 110.236732483, 110.782402039, 111.328071594, 111.896957397, 112.46585083, 113.023124695, 113.557182312, 114.091247559, 114.636917114, 115.194190979, 115.716644287, 116.239089966, 116.773147583, 117.295600891, 117.81804657, 118.352104187, 118.886169434, 119.408615112, 119.931060791, 120.453514099, 120.964347839, 121.486801147, 122.020858765, 122.543312073, 123.07736969, 123.599815369, 124.122268677, 124.644714355, 125.167160034, 125.689613342, 126.200454712, 126.722900391, 127.245346069, 127.779411316, 128.301864624, 128.824310303, 129.35836792, 129.880813599, 130.403259277, 130.925704956, 131.459777832, 131.993835449, 132.516281128, 133.027114868, 133.549560547, 134.072021484, 134.582855225, 135.105300903, 135.639358521, 136.161804199, 136.672653198, 137.195098877, 137.717544556, 138.251602173, 138.762451172, 139.296508789, 139.818954468, 140.341400146, 140.852249146, 141.374694824, 141.897140503, 142.419586182, 142.930435181, 143.452880859, 143.975326538, 144.497772217, 145.020217896, 145.542678833, 146.053512573, 146.575958252, 147.098403931, 147.632461548, 148.166534424, 148.700592041, 149.257858276, 149.815139771, 150.372421265, 150.929702759, 151.486984253, 152.044265747, 152.578323364, 153.112380981, 153.63482666, 154.157272339, 154.679718018, 155.202178955, 155.724624634, 156.270294189, 156.827575684, 157.396453857, 157.942123413, 158.47618103, 158.998641968, 159.521087646, 160.055145264, 160.577590942, 161.100036621, 161.622497559, 162.144943237, 162.655776978, 163.178222656, 163.700683594, 164.223129272, 164.745574951, 165.279632568, 165.802078247, 166.324539185, 166.846984863, 167.369430542, 167.880264282, 168.40272522, 168.925170898, 169.447616577, 169.970062256, 170.480911255, 171.003356934, 171.525802612, 172.048248291, 172.57069397, 173.081542969, 173.603988647, 174.126434326, 174.637283325, 175.148117065, 175.682174683, 176.193008423, 176.715454102, 177.237915039, 177.760360718, 178.282806396, 178.793640137, 179.316101074, 179.838546753, 180.360992432, 180.88343811, 181.405899048, 181.928344727, 182.439178467, 182.950012207, 183.472473145, 183.994918823, 184.517364502, 185.039810181, 185.562271118, 186.084716797, 186.607162476, 187.129608154, 187.640457153, 188.162902832, 188.685348511, 189.207794189, 189.730239868, 190.252700806, 190.775146484, 191.285980225, 191.808425903, 192.330886841, 192.85333252, 193.375778198, 193.898223877, 194.420669556, 194.954742432, 195.47718811, 195.999633789, 196.522079468, 197.032928467, 197.555374146, 198.066207886, 198.588653564, 199.099502563, 199.621948242, 200.132781982, 200.643630981, 201.16607666, 201.688522339, 202.199356079, 202.710205078, 203.221038818, 203.731872559, 204.242721558, 204.765167236, 205.287612915, 205.798446655, 206.309295654, 206.820129395, 207.330978394, 207.853424072, 208.364257812, 208.875091553, 209.385940552, 209.90838623, 210.419219971, 210.941680908, 211.464126587, 211.998184204, 212.509017944, 213.031463623, 213.542312622, 214.076370239, 214.598815918, 215.132873535, 215.655319214, 216.189376831, 216.711837769, 217.234283447, 217.756729126, 218.279174805, 218.790023804, 219.300857544, 219.823303223, 220.345748901, 220.868209839, 221.379043579, 221.889877319, 222.400726318, 222.923171997, 223.445617676, 223.956451416, 224.478912354, 224.989746094, 225.512191772, 226.034637451, 226.557098389, 227.067932129, 227.590377808, 228.112823486, 228.623672485, 229.134506226, 229.656951904, 230.179412842, 230.690246582, 231.201080322, 231.723526001, 232.245986938, 232.756820679, 233.267654419, 233.790115356, 234.312561035, 234.835006714, 235.345840454, 235.868301392, 236.39074707, 236.913192749, 237.424026489, 237.946487427, 238.468933105, 238.979766846, 239.490600586, 240.013061523, 240.535507202, 241.046340942, 241.568786621, 242.102859497, 242.648529053, 243.19418335, 243.739852905, 244.273925781, 244.79637146, 245.318817139, 245.841262817, 246.363708496, 246.874557495, 247.397003174, 247.919448853, 248.430297852, 248.95274353, 249.475189209, 250.009246826, 250.520080566, 251.030929565, 251.541763306, 252.064208984, 252.586654663, 253.097503662, 253.608337402, 254.130783081, 254.653244019, 255.164077759, 255.674911499, 256.197357178, 256.719818115, 257.230651855, 257.753112793, 258.275543213, 258.786376953, 259.297241211, 259.808074951, 260.318908691, 260.829742432, 261.340576172, 261.863037109, 262.385467529, 262.907928467, 263.418762207, 263.941223145, 264.452056885, 264.974517822, 265.496948242, 266.007781982, 266.51864624, 267.017852783, 267.517089844, 268.027923584, 268.538757324, 269.049621582, 269.560455322, 270.071289062, 270.59375, 271.10458374, 271.61541748, 272.126251221, 272.637084961, 273.147918701, 273.658782959, 274.169616699, 274.692047119, 275.202911377, 275.713745117, 276.224578857, 276.735412598, 277.234649658, 277.733886719, 278.244720459, 278.755554199, 279.266387939, 279.77722168, 280.28805542, 280.798919678, 281.309753418, 281.820587158, 282.331420898, 282.842254639, 283.353088379, 283.863952637, 284.386383057, 284.908843994, 285.419677734, 285.930511475, 286.452972412, 286.975402832, 287.49786377, 288.020324707, 288.542755127, 289.065216064, 289.587646484, 290.110107422, 290.632568359, 291.154998779, 291.66583252, 292.176696777, 292.687530518, 293.221588135, 293.744018555, 294.266479492, 294.800537109, 295.334594727, 295.880279541, 296.414337158, 296.959991455, 297.459228516, 297.958465576, 298.457672119, 298.968505859, 299.46774292, 299.96697998, 300.454589844, 300.953826904, 301.441436768, 301.894226074, 302.347015381, 302.799804688, 303.252593994, 303.717010498, 304.181396484, 304.634185791, 305.086975098, 305.539764404, 306.004180908, 306.468566895, 306.932952881], "danceability": 1.1502904892, "bpm_histogram_second_peak_spread": {"dvar": 0, "var": 0, "median": 0.423076987267, "max": 0.423076987267, "dmean": 0, "dmean2": 0, "mean": 0.423076987267, "dvar2": 0, "min": 0.423076987267}}, "lowlevel": {"spectral_flux": {"dvar": 0.00120449601673, "var": 0.00247003720142, "median": 0.0730150938034, "max": 0.347308546305, "dmean": 0.0295692738146, "dmean2": 0.0457171574235, "mean": 0.0819111317396, "dvar2": 0.00243227696046, "min": 6.13260414672e-11}, "spectral_rolloff": {"dvar": 337154.875, "var": 1315930.375, "median": 990.52734375, "max": 19401.4160156, "dmean": 354.99206543, "dmean2": 594.089294434, "mean": 1245.91760254, "dvar2": 771920.1875, "min": 64.599609375}, "barkbands_flatness_db": {"dvar": 0.000577588682063, "var": 0.00407109130174, "median": 0.133286982775, "max": 0.687645673752, "dmean": 0.0259715169668, "dmean2": 0.0395016148686, "mean": 0.140253990889, "dvar2": 0.00126893853303, "min": 0.0223839767277}, "spectral_centroid": {"dvar": 89404.3359375, "var": 437652.90625, "median": 1041.01318359, "max": 11773.8632812, "dmean": 255.069976807, "dmean2": 397.957641602, "mean": 1180.25244141, "dvar2": 200029.71875, "min": 72.8081207275}, "melbands_skewness": {"dvar": 0.596569478512, "var": 1.93679177761, "median": 1.68921971321, "max": 15.9297971725, "dmean": 0.685812413692, "dmean2": 1.08651375771, "mean": 1.90355527401, "dvar2": 1.4662719965, "min": -1.55069708824}, "melbands": {"dvar": [3.00419571886e-07, 1.20031529605e-06, 5.34462969881e-07, 6.45005570732e-07, 4.83711119159e-07, 7.59692909469e-07, 1.45589422118e-06, 7.02243028172e-07, 4.73710827009e-07, 2.11862797528e-07, 2.34110444808e-07, 4.29258079748e-07, 8.69149943128e-08, 4.28027568944e-08, 2.54469565419e-08, 1.43039491363e-08, 9.27614784985e-09, 1.93026461481e-09, 8.11053890715e-10, 6.63156085601e-10, 1.8744414354e-10, 1.37151248691e-10, 1.61437627155e-10, 2.39174208216e-10, 3.71473324323e-10, 1.90594706684e-10, 2.34814112599e-10, 9.38489494451e-11, 5.1208308427e-11, 2.37419337662e-11, 7.55323754931e-12, 5.49410647185e-12, 3.52612882469e-12, 2.42528935303e-12, 1.04007969771e-12, 7.59116998861e-13, 3.41948122378e-13, 2.91417741717e-13, 2.49437514914e-13, 1.56353012135e-13], "var": [1.31119327307e-06, 1.43122008467e-06, 8.03981777153e-07, 1.25922838379e-06, 4.5698399731e-07, 8.00108296062e-07, 1.07257937998e-06, 7.69263294842e-07, 1.58621207902e-06, 5.21499600836e-07, 2.77569370155e-07, 3.05747761331e-07, 9.20887828215e-08, 8.58509849877e-08, 4.97902910013e-08, 3.41081083377e-08, 2.15427622408e-08, 3.83690546002e-09, 1.43013900722e-09, 1.36395572614e-09, 4.43085124147e-10, 3.56165957838e-10, 2.96626251339e-10, 3.2231711744e-10, 8.399363427e-10, 5.27727472832e-10, 7.57005957919e-10, 9.43591801916e-11, 4.39787754825e-11, 4.5614508698e-11, 1.6868409447e-11, 1.52402847287e-11, 6.97467691241e-12, 4.91014173765e-12, 1.98548621121e-12, 1.11598523391e-12, 7.10031263385e-13, 7.12205251371e-13, 7.21558609303e-13, 6.89365285775e-13], "median": [0.000190297898371, 0.000532247591764, 0.00016912369756, 0.000223684881348, 0.000201509275939, 0.000124961981783, 9.94779620669e-05, 0.000169142207596, 0.000108084495878, 6.76547642797e-05, 5.01557442476e-05, 4.78606307297e-05, 4.7030767746e-05, 2.57677220361e-05, 2.15212530748e-05, 1.69836257555e-05, 1.37674614962e-05, 7.50730305299e-06, 7.1097365435e-06, 5.08767107021e-06, 4.38193956143e-06, 4.27713166573e-06, 3.02098032989e-06, 2.96692951451e-06, 3.61266438631e-06, 2.68234998657e-06, 2.56591874859e-06, 2.50993912232e-06, 1.63522611274e-06, 1.27745499867e-06, 1.08818016997e-06, 7.88495412962e-07, 6.27643203188e-07, 5.21511992702e-07, 3.49563492819e-07, 2.80442321809e-07, 2.31446961152e-07, 1.90177530612e-07, 1.50382206243e-07, 9.82005445849e-08], "max": [0.00850407034159, 0.0157776921988, 0.0181575268507, 0.0231064241379, 0.0122285811231, 0.0160813853145, 0.0275495387614, 0.0138603961095, 0.0238272789866, 0.0162813514471, 0.00961725227535, 0.0111705353484, 0.00427156640217, 0.00515486253425, 0.00368307926692, 0.00292828120291, 0.00246216962114, 0.00211629760452, 0.000984869664535, 0.000754669308662, 0.000277244311292, 0.000286559166852, 0.000292835989967, 0.000388708489481, 0.000514200306498, 0.000464493612526, 0.00111125223339, 0.000290978350677, 0.000500563241076, 0.000280472857412, 8.4905019321e-05, 4.70933227916e-05, 3.47312052327e-05, 2.4192417186e-05, 2.16172356886e-05, 2.28748813242e-05, 2.60634988081e-05, 3.00521442114e-05, 3.27242851199e-05, 1.81346658792e-05], "dmean": [0.000248008960625, 0.000495548709296, 0.000277027895208, 0.000320927007124, 0.000299118430121, 0.000310202100081, 0.000388566753827, 0.000338692130754, 0.000253092701314, 0.000162056705449, 0.000168065045727, 0.000190251172171, 0.000150743726408, 9.21456885408e-05, 7.03942059772e-05, 5.10292084073e-05, 4.40410258307e-05, 1.76341891347e-05, 1.22836445371e-05, 9.91170054476e-06, 7.17095372238e-06, 6.59274519421e-06, 6.08204709351e-06, 6.77157049722e-06, 9.23769766814e-06, 6.44637248115e-06, 5.30258103026e-06, 4.00098133468e-06, 2.22137168748e-06, 2.18747481995e-06, 1.63428637734e-06, 1.31313345264e-06, 1.11022518468e-06, 9.18233695302e-07, 6.00077271429e-07, 4.52229727443e-07, 3.533962456e-07, 3.15815185559e-07, 2.71854361245e-07, 2.27362860983e-07], "dmean2": [0.000368611654267, 0.000823031237815, 0.000448814418633, 0.000493440660648, 0.000501861155499, 0.000500273250509, 0.000686819432303, 0.000578122388106, 0.00038637520629, 0.000244310183916, 0.000278696301393, 0.000331342162099, 0.000259716500295, 0.000145186961163, 0.000112282185, 7.95102314441e-05, 7.02834076947e-05, 2.81545926555e-05, 1.98520592676e-05, 1.59611627168e-05, 1.16335313578e-05, 1.07605428639e-05, 1.00587931229e-05, 1.11054914669e-05, 1.46430638779e-05, 9.82797428151e-06, 8.56660972204e-06, 6.62751517666e-06, 3.55692941412e-06, 3.38863333127e-06, 2.55121040027e-06, 2.10201915252e-06, 1.78122786565e-06, 1.47783339344e-06, 9.76726255431e-07, 7.27925396404e-07, 5.5960725831e-07, 5.00583610119e-07, 4.33764483887e-07, 3.61119987247e-07], "mean": [0.000725978985429, 0.000934124051128, 0.000428757368354, 0.000559084990527, 0.000397524563596, 0.000351083930582, 0.000372316484572, 0.000430410495028, 0.000439934170572, 0.000273110694252, 0.000226193311391, 0.000198489418835, 0.000173158361576, 0.000137476046802, 0.000109587963379, 8.36918843561e-05, 7.00070013409e-05, 2.77690178336e-05, 1.83506545e-05, 1.55998750415e-05, 1.21378207041e-05, 1.14595122795e-05, 9.54996994551e-06, 9.32421880862e-06, 1.48386643559e-05, 1.1028480003e-05, 8.22553738544e-06, 5.6997532738e-06, 3.5366811062e-06, 3.84779104934e-06, 2.68991038865e-06, 2.28983412853e-06, 1.67256553141e-06, 1.38840414365e-06, 8.83022210019e-07, 6.45031661861e-07, 5.39841778391e-07, 5.13722454798e-07, 4.5448038577e-07, 4.10011750773e-07], "dvar2": [6.90348429089e-07, 3.19605373988e-06, 1.25102815218e-06, 1.40377801472e-06, 1.34272579544e-06, 1.84543102932e-06, 4.06948356613e-06, 1.91421077034e-06, 1.05284971141e-06, 4.36302173057e-07, 6.27686858934e-07, 1.21822108667e-06, 2.34893576589e-07, 9.675870416e-08, 6.31995433764e-08, 3.28793277049e-08, 2.27905232464e-08, 4.44392744825e-09, 1.86750059861e-09, 1.49738133004e-09, 4.60305044081e-10, 3.42456091262e-10, 4.10852074584e-10, 6.05555716682e-10, 8.60989168849e-10, 3.90025844954e-10, 6.51311171662e-10, 2.59004373504e-10, 1.45404799312e-10, 6.3103224035e-11, 1.83371217516e-11, 1.39166282664e-11, 8.92304286015e-12, 6.24482106651e-12, 2.68412419027e-12, 1.92106964017e-12, 7.54548225117e-13, 6.11253777628e-13, 5.12808654048e-13, 3.37872470887e-13], "min": [1.75689322405e-24, 2.3655003985e-24, 3.76972842449e-24, 3.78245708962e-24, 3.58661527016e-24, 2.22083573304e-24, 1.89540970483e-24, 3.17633009386e-24, 2.9134940648e-24, 1.62936094112e-24, 3.17155137171e-24, 6.37586808111e-24, 2.63354488169e-24, 4.37679948954e-24, 6.69788346921e-24, 7.16439608703e-24, 5.15001333871e-24, 5.05387919893e-24, 2.28053317648e-24, 4.16009269356e-24, 3.77825048885e-24, 4.00367971986e-24, 5.19615341863e-24, 5.69708719319e-24, 6.43146108126e-24, 6.29264838321e-24, 6.53164996609e-24, 5.57439289559e-24, 7.78141705469e-24, 5.50123590739e-24, 4.53607366175e-24, 6.51310976267e-24, 5.52383361688e-24, 6.54614725738e-24, 6.67068433406e-24, 8.29524318302e-24, 6.87662357311e-24, 6.67747879303e-24, 5.16488021133e-24, 7.34720434663e-24]}, "spectral_decrease": {"dvar": 1.16869362626e-17, "var": 2.15656424712e-17, "median": -4.43215775192e-09, "max": 1.31973839455e-21, "dmean": 2.34346697603e-09, "dmean2": 3.75155329024e-09, "mean": -5.6149835892e-09, "dvar2": 2.95139002088e-17, "min": -4.36028990691e-08}, "barkbands_kurtosis": {"dvar": 2204.28833008, "var": 2442.11499023, "median": 2.28382158279, "max": 3612.05712891, "dmean": 4.31688737869, "dmean2": 7.14727449417, "mean": 6.28075933456, "dvar2": 5956.48779297, "min": -1.90107941628}, "silence_rate_30dB": {"dvar": 0.00105566694401, "var": 0.000603568623774, "median": 1, "max": 1, "dmean": 0.00105684308801, "dmean2": 0.00211384566501, "mean": 0.999396145344, "dvar2": 0.00301515194587, "min": 0}, "gfcc": {"mean": [-12.6511793137, 93.7941360474, -117.1197052, 15.7320747375, -63.3822402954, 9.75251960754, -29.3509044647, 7.10593175888, -25.2901611328, 5.89250183105, -14.1031799316, 0.934939563274, -13.418097496], "cov": [[8817.54882812, -1523.21606445, -967.063049316, -166.458297729, -328.693847656, 41.2425537109, -42.2551994324, 146.691894531, -385.931274414, 145.841796875, -127.919342041, 114.2840271, -293.203033447], [-1523.21606445, 1564.2767334, 261.59942627, 139.166900635, 28.9658317566, 3.80004453659, 68.4379882812, -78.7536010742, 127.742279053, -132.511734009, 129.512252808, -109.065956116, 131.53086853], [-967.063049316, 261.59942627, 872.557861328, 164.2578125, 217.144256592, 12.2851934433, -19.8454437256, -43.3242607117, 101.881454468, 36.3203277588, -23.4382476807, 41.5933265686, 47.7921257019], [-166.458297729, 139.166900635, 164.2578125, 271.479309082, 68.794090271, 37.1115951538, -15.7972106934, 7.83981561661, 42.4042434692, 20.9738407135, 20.3259277344, -13.7462310791, 26.4765872955], [-328.693847656, 28.9658317566, 217.144256592, 68.794090271, 283.286315918, 89.4972000122, 56.2006492615, -2.151866436, 39.9191665649, 30.6246490479, -6.38005828857, 29.1377696991, 16.8928642273], [41.2425537109, 3.80004453659, 12.2851934433, 37.1115951538, 89.4972000122, 152.017028809, 79.7834320068, 38.1229057312, 3.46213412285, 6.38245725632, 16.0944156647, 23.6905288696, 10.4922018051], [-42.2551994324, 68.4379882812, -19.8454437256, -15.7972106934, 56.2006492615, 79.7834320068, 180.30796814, 82.0178451538, 25.3637371063, -2.47110271454, 41.7029380798, 16.343378067, 13.8154668808], [146.691894531, -78.7536010742, -43.3242607117, 7.83981561661, -2.151866436, 38.1229057312, 82.0178451538, 126.617652893, 45.3701400757, 31.3386688232, 19.8555545807, 10.1227178574, 0.17679297924], [-385.931274414, 127.742279053, 101.881454468, 42.4042434692, 39.9191665649, 3.46213412285, 25.3637371063, 45.3701400757, 138.267791748, 53.9967880249, 27.5553512573, 1.81488978863, 30.9113368988], [145.841796875, -132.511734009, 36.3203277588, 20.9738407135, 30.6246490479, 6.38245725632, -2.47110271454, 31.3386688232, 53.9967880249, 112.310699463, 24.5591144562, 24.8872528076, -1.34278678894], [-127.919342041, 129.512252808, -23.4382476807, 20.3259277344, -6.38005828857, 16.0944156647, 41.7029380798, 19.8555545807, 27.5553512573, 24.5591144562, 107.98714447, 29.4841194153, 25.3822231293], [114.2840271, -109.065956116, 41.5933265686, -13.7462310791, 29.1377696991, 23.6905288696, 16.343378067, 10.1227178574, 1.81488978863, 24.8872528076, 29.4841194153, 107.81930542, 35.5495147705], [-293.203033447, 131.53086853, 47.7921257019, 26.4765872955, 16.8928642273, 10.4922018051, 13.8154668808, 0.17679297924, 30.9113368988, -1.34278678894, 25.3822231293, 35.5495147705, 95.5336380005]], "icov": [[0.00019455938309, -4.37424787378e-05, 0.000165892211953, -0.000138633185998, 0.000163997348864, -3.94476555812e-05, -3.03688575514e-05, -0.000250116223469, 0.000583731511142, -0.00056446378585, 0.00042152198148, -0.000488091085572, 0.000465791177703], [-4.37424787378e-05, 0.00175137282349, -0.000501084141433, -0.000101247620478, 0.000141805285239, -0.000227247204748, -0.000620413455181, 0.00169521337375, -0.0019787887577, 0.00271873082966, -0.00269711064175, 0.00267534330487, -0.00178080552723], [0.000165892211953, -0.000501084141433, 0.00208889739588, -0.000975987990387, -0.000965644605458, 0.000663773331326, -3.94223534386e-05, 0.000300574029097, -0.000330764160026, -0.000935985939577, 0.00190123054199, -0.00211639469489, 0.000903792097233], [-0.000138633185998, -0.000101247620478, -0.000975987990387, 0.00532995956019, -0.000874115561601, -0.00163950573187, 0.00244908896275, -0.00152612116653, -0.000184270233149, 0.000142492935993, -0.00202265824191, 0.00253136991523, -0.00163465214428], [0.000163997348864, 0.000141805285239, -0.000965644605458, -0.000874115561601, 0.00654443353415, -0.00297748390585, -0.0025103604421, 0.00275422004052, -0.000773819629103, -0.00183050427586, 0.00203227624297, -0.00109768251423, 0.000654301256873], [-3.94476555812e-05, -0.000227247204748, 0.000663773331326, -0.00163950573187, -0.00297748390585, 0.0110973166302, -0.00357876857743, -0.00136937247589, 0.00178855343256, -0.000227164040552, 0.000542767869774, -0.00176595000084, 7.29274033802e-05], [-3.03688575514e-05, -0.000620413455181, -3.94223534386e-05, 0.00244908896275, -0.0025103604421, -0.00357876857743, 0.0128332776949, -0.00815009512007, 0.0006345261354, 0.00269686547108, -0.00367599306628, 0.000477935536765, -0.000270469055977], [-0.000250116223469, 0.00169521337375, 0.000300574029097, -0.00152612116653, 0.00275422004052, -0.00136937247589, -0.00815009512007, 0.0176527164876, -0.0070019736886, -9.10740200197e-05, -0.000156877009431, 0.00101608189289, -9.17999932426e-05], [0.000583731511142, -0.0019787887577, -0.000330764160026, -0.000184270233149, -0.000773819629103, 0.00178855343256, 0.0006345261354, -0.0070019736886, 0.0169482845813, -0.00940379779786, 0.00199750415049, -0.000328177789925, -0.00143057189416], [-0.00056446378585, 0.00271873082966, -0.000935985939577, 0.000142492935993, -0.00183050427586, -0.000227164040552, 0.00269686547108, -9.10740200197e-05, -0.00940379779786, 0.0195274557918, -0.00768855819479, 0.00175057619344, -0.000379449280445], [0.00042152198148, -0.00269711064175, 0.00190123054199, -0.00202265824191, 0.00203227624297, 0.000542767869774, -0.00367599306628, -0.000156877009431, 0.00199750415049, -0.00768855819479, 0.0182475168258, -0.00823419075459, 0.00219096546061], [-0.000488091085572, 0.00267534330487, -0.00211639469489, 0.00253136991523, -0.00109768251423, -0.00176595000084, 0.000477935536765, 0.00101608189289, -0.000328177789925, 0.00175057619344, -0.00823419075459, 0.019068768248, -0.00928441714495], [0.000465791177703, -0.00178080552723, 0.000903792097233, -0.00163465214428, 0.000654301256873, 7.29274033802e-05, -0.000270469055977, -9.17999932426e-05, -0.00143057189416, -0.000379449280445, 0.00219096546061, -0.00928441714495, 0.0175956785679]]}, "silence_rate_20dB": {"dvar": 0, "var": 0, "median": 1, "max": 1, "dmean": 0, "dmean2": 0, "mean": 1, "dvar2": 0, "min": 1}, "barkbands_skewness": {"dvar": 0.64295566082, "var": 2.25504636765, "median": 1.24259400368, "max": 42.4500732422, "dmean": 0.567250430584, "dmean2": 0.891699790955, "mean": 1.45007026196, "dvar2": 1.52494263649, "min": -2.94823408127}, "erbbands_skewness": {"dvar": 0.169066101313, "var": 0.502830564976, "median": 0.762448906898, "max": 7.77897119522, "dmean": 0.412366867065, "dmean2": 0.659596502781, "mean": 0.826201081276, "dvar2": 0.422593265772, "min": -4.39928674698}, "spectral_contrast_valleys": {"dvar": [0.141569033265, 0.133084669709, 0.184081494808, 0.167222693563, 0.169887214899, 0.20911154151], "var": [1.18037736416, 1.13544690609, 1.32495605946, 1.18467760086, 1.37851464748, 1.26005852222], "median": [-7.51722049713, -6.54385232925, -7.18505096436, -7.84691429138, -7.77882957458, -10.3737974167], "max": [-5.52822732925, -4.47486495972, -4.71506595612, -5.88169050217, -5.75805139542, -7.87100028992], "dmean": [0.418458849192, 0.401003628969, 0.437726676464, 0.417925000191, 0.454171866179, 0.533094227314], "dmean2": [0.684783101082, 0.649798095226, 0.690702736378, 0.637654602528, 0.625907063484, 0.733990550041], "mean": [-7.6498875618, -6.64241218567, -7.19765472412, -7.90934896469, -7.91065502167, -10.5030107498], "dvar2": [0.334723830223, 0.310346186161, 0.428938090801, 0.37200152874, 0.34399113059, 0.371495932341], "min": [-28.1673908234, -27.8237133026, -27.4771003723, -27.3895492554, -27.4727802277, -27.3843898773]}, "spectral_strongpeak": {"dvar": 0.874807596207, "var": 1.89785993099, "median": 0.570299863815, "max": 17.6806869507, "dmean": 0.653037071228, "dmean2": 1.08632671833, "mean": 1.16443872452, "dvar2": 2.21172451973, "min": 0}, "erbbands_crest": {"dvar": 8.50382328033, "var": 22.5694694519, "median": 9.42085456848, "max": 33.2381019592, "dmean": 3.17587065697, "dmean2": 5.17434692383, "mean": 10.510890007, "dvar2": 20.5429153442, "min": 2.54488611221}, "barkbands_crest": {"dvar": 6.66216754913, "var": 21.4837188721, "median": 8.85564231873, "max": 26.8310699463, "dmean": 2.72861051559, "dmean2": 4.44634342194, "mean": 10.1022186279, "dvar2": 16.5341129303, "min": 2.38049054146}, "spectral_energyband_middle_low": {"dvar": 0.000107789950562, "var": 0.000183585041668, "median": 0.00725608179346, "max": 0.159495264292, "dmean": 0.00621675699949, "dmean2": 0.0100047262385, "mean": 0.011796163395, "dvar2": 0.000275543075986, "min": 2.77315001418e-22}, "spectral_contrast_coeffs": {"dvar": [0.00165289198048, 0.00207504839636, 0.00139711413067, 0.000883937464096, 0.000533764949068, 0.000440634874394], "var": [0.0067810700275, 0.00529152341187, 0.00444422662258, 0.00394240394235, 0.00279413466342, 0.00213581044227], "median": [-0.633931577206, -0.729819655418, -0.751259088516, -0.772201061249, -0.797540307045, -0.7611733675], "max": [-0.27583399415, -0.431309700012, -0.457203030586, -0.50898194313, -0.532242119312, -0.545288980007], "dmean": [0.0500612258911, 0.0531429424882, 0.0442768186331, 0.0357106328011, 0.0261877980083, 0.0245974827558], "dmean2": [0.0814725607634, 0.0872723087668, 0.071856610477, 0.0562946051359, 0.0410685837269, 0.0387248769403], "mean": [-0.634542763233, -0.72325271368, -0.745942533016, -0.765215158463, -0.786619007587, -0.755774915218], "dvar2": [0.00426327902824, 0.00546570587903, 0.00354093220085, 0.00208626501262, 0.00117614457849, 0.0010171107715], "min": [-0.97344493866, -0.968143284321, -0.971397578716, -0.968377530575, -0.964990377426, -0.961529135704]}, "hfc": {"dvar": 104.204223633, "var": 344.088012695, "median": 11.6288995743, "max": 152.638336182, "dmean": 7.37293243408, "dmean2": 11.3193149567, "mean": 18.9078330994, "dvar2": 252.836517334, "min": 1.09480728968e-16}, "spectral_energyband_high": {"dvar": 2.00948008455e-07, "var": 7.34281059067e-07, "median": 0.00022594811162, "max": 0.017100635916, "dmean": 0.000260134023847, "dmean2": 0.000393354392145, "mean": 0.000562192522921, "dvar2": 4.73788105637e-07, "min": 7.08445782646e-21}, "erbbands_spread": {"dvar": 73.1949691772, "var": 174.45489502, "median": 26.0609607697, "max": 121.721466064, "dmean": 8.01950073242, "dmean2": 12.8419084549, "mean": 28.0656490326, "dvar2": 182.667678833, "min": 1.7421913147}, "dissonance": {"dvar": 0.000548485957552, "var": 0.00100228167139, "median": 0.460895210505, "max": 0.500000059605, "dmean": 0.0258059035987, "dmean2": 0.0437137000263, "mean": 0.45428621769, "dvar2": 0.00155857007485, "min": 0.245603099465}, "spectral_kurtosis": {"dvar": 26.1860942841, "var": 138.621948242, "median": 4.59506607056, "max": 197.14994812, "dmean": 2.2088804245, "dmean2": 3.5226817131, "mean": 6.21913862228, "dvar2": 57.709651947, "min": -1.23041379452}, "spectral_skewness": {"dvar": 0.112618856132, "var": 0.657624781132, "median": 1.69888043404, "max": 11.9972496033, "dmean": 0.286262333393, "dmean2": 0.44379401207, "mean": 1.80485022068, "dvar2": 0.248576700687, "min": -0.0747731328011}, "pitch_salience": {"dvar": 0.00435909116641, "var": 0.0143093978986, "median": 0.565490365028, "max": 0.855093896389, "dmean": 0.0736043825746, "dmean2": 0.119859598577, "mean": 0.552989959717, "dvar2": 0.0111052747816, "min": 0.020171277225}, "spectral_complexity": {"dvar": 16.0234413147, "var": 63.0245857239, "median": 15, "max": 51, "dmean": 3.69170379639, "dmean2": 5.78423690796, "mean": 16.2455463409, "dvar2": 36.6236305237, "min": 0}, "spectral_spread": {"dvar": 675363618816, "var": 2785648312320.0, "median": 4145087.25, "max": 41135708, "dmean": 749304.375, "dmean2": 1183047.75, "mean": 4365607.5, "dvar2": 1600895582210.0, "min": 496058.90625}, "dynamic_complexity": 3.26115989685, "melbands_crest": {"dvar": 8.55084323883, "var": 28.2838287354, "median": 12.2119913101, "max": 34.7092437744, "dmean": 3.19071745872, "dmean2": 5.20859527588, "mean": 13.2320976257, "dvar2": 21.3315219879, "min": 1.79315686226}, "zerocrossingrate": {"dvar": 8.03225775599e-05, "var": 0.000885897956323, "median": 0.04638671875, "max": 0.5302734375, "dmean": 0.00855850428343, "dmean2": 0.0105305593461, "mean": 0.050764515996, "dvar2": 0.000113205212983, "min": 0.00244140625}, "spectral_energyband_low": {"dvar": 1.73384742084e-05, "var": 2.69994179689e-05, "median": 0.00265532638878, "max": 0.055483572185, "dmean": 0.00202657375485, "dmean2": 0.00328877079301, "mean": 0.00452122511342, "dvar2": 4.61483105028e-05, "min": 1.75723988897e-23}, "melbands_kurtosis": {"dvar": 148.192230225, "var": 322.761352539, "median": 4.93724632263, "max": 547.768859863, "dmean": 5.56203365326, "dmean2": 8.97646045685, "mean": 9.21660900116, "dvar2": 344.79019165, "min": -1.86331152916}, "spectral_energyband_middle_high": {"dvar": 4.52971580671e-05, "var": 6.99152442394e-05, "median": 0.00308228610083, "max": 0.100416496396, "dmean": 0.00341771123931, "dmean2": 0.00553349452093, "mean": 0.00656762113795, "dvar2": 0.000123348858324, "min": 1.23479849709e-21}, "barkbands_spread": {"dvar": 33.1821136475, "var": 112.989250183, "median": 14.5310516357, "max": 111.853507996, "dmean": 5.01416730881, "dmean2": 7.98897027969, "mean": 17.1657981873, "dvar2": 78.9381332397, "min": 0.0239314381033}, "mfcc": {"mean": [-655.55859375, 129.574859619, -1.18727087975, 13.2005147934, -10.5523891449, 2.98454594612, 1.97547078133, 0.409451037645, -2.82069087029, 1.30679905415, 1.07067632675, 0.852494239807, -0.236710861325], "cov": [[6171.52539062, -865.765014648, -805.24041748, -272.779693604, -393.716033936, -149.689727783, 182.629135132, 20.1755485535, -126.532913208, -75.7688522339, 90.9323348999, -22.3816757202, -27.2487945557], [-865.765014648, 1039.48596191, 220.82147