{"rhythm": {"beats_count": 457, "bpm_histogram_first_peak_weight": {"dvar": 0, "min": 0.552631616592, "dmean2": 0, "var": 0, "max": 0.552631616592, "dvar2": 0, "dmean": 0, "mean": 0.552631616592, "median": 0.552631616592}, "bpm_histogram_first_peak_spread": {"dvar": 0, "min": 0.0999999046326, "dmean2": 0, "var": 0, "max": 0.0999999046326, "dvar2": 0, "dmean": 0, "mean": 0.0999999046326, "median": 0.0999999046326}, "bpm_histogram_first_peak_bpm": {"dvar": 0, "min": 91, "dmean2": 0, "var": 0, "max": 91, "dvar2": 0, "dmean": 0, "mean": 91, "median": 91}, "bpm_histogram_second_peak_bpm": {"dvar": 0, "min": 120, "dmean2": 0, "var": 0, "max": 120, "dvar2": 0, "dmean": 0, "mean": 120, "median": 120}, "bpm_histogram_second_peak_weight": {"dvar": 0, "min": 0.173245608807, "dmean2": 0, "var": 0, "max": 0.173245608807, "dvar2": 0, "dmean": 0, "mean": 0.173245608807, "median": 0.173245608807}, "danceability": 1.06490445137, "beats_loudness": {"dvar": 0.000168082871824, "min": 2.70597428909e-08, "dmean2": 0.0250869486481, "var": 0.00048892974155, "max": 0.086847178638, "dvar2": 0.000488982710522, "dmean": 0.0148336524144, "mean": 0.0365367457271, "median": 0.0383177101612}, "beats_loudness_band_ratio": {"dvar": [0.0182441305369, 0.0155779961497, 0.0125090116635, 0.00482494058087, 0.00152493990026, 0.000899250328075], "min": [0.0444486252964, 0.023425694555, 0.0089911557734, 0.0022332877852, 0.00189209834207, 0.000457449961687], "dmean2": [0.311381101608, 0.263348788023, 0.193968296051, 0.0944670438766, 0.0594775639474, 0.0298702530563], "var": [0.0464123077691, 0.0252353418618, 0.0178298652172, 0.0060319872573, 0.00183628778905, 0.00072457594797], "max": [0.950692236423, 0.819181382656, 0.679294347763, 0.606991052628, 0.376640498638, 0.272214114666], "dvar2": [0.0492833331227, 0.0484375245869, 0.032656006515, 0.0129902893677, 0.00425874209031, 0.00263430154882], "dmean": [0.183623760939, 0.149796813726, 0.112483114004, 0.0542294159532, 0.0332928337157, 0.016779538244], "mean": [0.51287406683, 0.25446420908, 0.162891119719, 0.0729970857501, 0.0462400354445, 0.0222814846784], "median": [0.505684018135, 0.219020113349, 0.124891072512, 0.0481414049864, 0.033268392086, 0.0168471485376]}, "bpm": 91.0358581543, "bpm_histogram_second_peak_spread": {"dvar": 0, "min": 0.46979868412, "dmean2": 0, "var": 0, "max": 0.46979868412, "dvar2": 0, "dmean": 0, "mean": 0.46979868412, "median": 0.46979868412}, "onset_rate": 3.25275540352, "beats_position": [0.49922901392, 1.01006805897, 1.50929701328, 2.02013611794, 2.53097510338, 3.04181408882, 3.55265307426, 4.06349182129, 4.57433080673, 5.08516979218, 5.59600877762, 6.10684776306, 6.6176867485, 7.12852573395, 7.65097475052, 8.17342376709, 8.68426322937, 9.18349170685, 9.682721138, 10.1819496155, 10.6811790466, 11.1804075241, 11.6796369553, 12.1672563553, 12.6664848328, 13.1657142639, 13.6649427414, 14.1757822037, 14.6750106812, 15.1858501434, 15.696688652, 16.2191371918, 16.7299766541, 17.2524261475, 17.7632656097, 18.2741031647, 18.7733325958, 19.272562027, 19.760181427, 20.247800827, 20.7354183197, 21.2230377197, 21.7106571198, 22.2098865509, 22.7091159821, 23.2083435059, 23.707572937, 24.195192337, 24.6944217682, 25.1936511993, 25.681268692, 26.168888092, 26.6565074921, 27.1557369232, 27.6549663544, 28.1541938782, 28.6534233093, 29.1410427094, 29.6286621094, 30.1162815094, 30.6155090332, 31.1147384644, 31.6139678955, 32.1131973267, 32.6008148193, 33.1000442505, 33.5992736816, 34.0985031128, 34.5977325439, 35.0853500366, 35.572971344, 36.0605888367, 36.5598182678, 37.059047699, 37.5466651917, 38.0458946228, 38.545124054, 39.0327415466, 39.520362854, 40.0195922852, 40.5188217163, 41.0180473328, 41.5172767639, 42.0048980713, 42.492515564, 42.9917449951, 43.4909744263, 43.9785919189, 44.4662132263, 44.9654426575, 45.4646720886, 45.9522895813, 46.439907074, 46.9391365051, 47.4267578125, 47.9259872437, 48.4252128601, 48.9244422913, 49.4236717224, 49.9229011536, 50.4105224609, 50.9097480774, 51.3973693848, 51.8849868774, 52.3842163086, 52.871837616, 53.3710632324, 53.8702926636, 54.3695220947, 54.8571434021, 55.3563690186, 55.8439903259, 56.3316078186, 56.8308372498, 57.3300666809, 57.8292961121, 58.3169136047, 58.8161430359, 59.3037643433, 59.8029937744, 60.3022193909, 60.7898406982, 61.2890701294, 61.7766876221, 62.2643089294, 62.7635345459, 63.2627639771, 63.7619934082, 64.2496109009, 64.748840332, 65.2480697632, 65.7472991943, 66.2465286255, 66.7341461182, 67.2217712402, 67.720993042, 68.2202224731, 68.7078475952, 69.1954650879, 69.694694519, 70.1939239502, 70.6931533813, 71.180770874, 71.6800003052, 72.1792297363, 72.6784591675, 73.1776885986, 73.6769180298, 74.3270721436, 74.9888458252, 75.638999939, 76.2891616821, 76.9393157959, 77.6010894775, 78.2628555298, 78.924621582, 79.5863952637, 80.2481613159, 80.9099273682, 81.5600891113, 82.2218551636, 82.8836288452, 83.533782959, 84.1955566406, 84.8573226929, 85.5190887451, 86.1808624268, 86.842628479, 87.4927902222, 88.1545562744, 88.8163223267, 89.4780960083, 90.1398620605, 90.8016281128, 91.4634017944, 92.1251678467, 92.7753295898, 93.4370956421, 94.0872573853, 94.7490234375, 95.4107894897, 96.0725631714, 96.7343292236, 97.3844909668, 98.0346450806, 98.6964187622, 99.3581848145, 100.019950867, 100.681724548, 101.343490601, 102.005256653, 102.655418396, 103.305580139, 103.967346191, 104.629112244, 105.302490234, 105.952651978, 106.61441803, 107.276191711, 107.937957764, 108.599723816, 109.261497498, 109.911651611, 110.573425293, 111.223579407, 111.885353088, 112.547119141, 113.220497131, 113.870658875, 114.532424927, 115.194190979, 115.844352722, 116.506118774, 117.167892456, 117.829658508, 118.491424561, 119.141586304, 119.791740417, 120.453514099, 121.115280151, 121.777046204, 122.438819885, 123.100585938, 123.762359619, 124.412513733, 125.074279785, 125.736053467, 126.409431458, 127.059593201, 127.721359253, 128.383132935, 129.033279419, 129.695053101, 130.356826782, 131.006988525, 131.668746948, 132.33052063, 132.992294312, 133.654052734, 134.327438354, 134.977600098, 135.627746582, 136.277908325, 136.951293945, 137.601455688, 138.263214111, 138.924987793, 139.598358154, 140.248519897, 140.910293579, 141.572067261, 142.222213745, 142.872375488, 143.53414917, 144.195922852, 144.869293213, 145.519454956, 146.181228638, 146.842987061, 147.493148804, 148.143310547, 148.805084229, 149.466842651, 150.140228271, 150.790390015, 151.452148438, 152.113922119, 152.775695801, 153.437454224, 154.087615967, 154.749389648, 155.411148071, 156.061309814, 156.723083496, 157.384857178, 158.058227539, 158.708389282, 159.370162964, 160.031921387, 160.68208313, 161.332244873, 161.994003296, 162.655776978, 163.329162598, 163.979324341, 164.641082764, 165.302856445, 165.964630127, 166.614776611, 167.276550293, 167.938323975, 168.600082397, 169.250244141, 169.923629761, 170.585388184, 171.247161865, 171.897323608, 172.55909729, 173.220855713, 173.882629395, 174.532791138, 175.194549561, 175.856323242, 176.518096924, 177.168243408, 177.83001709, 178.491790771, 179.141952515, 179.803710938, 180.465484619, 181.115646362, 181.789016724, 182.439178467, 183.100952148, 183.762710571, 184.424484253, 185.086257935, 185.748016357, 186.409790039, 187.059951782, 187.710113525, 188.371871948, 189.03364563, 189.695419312, 190.357177734, 191.018951416, 191.680725098, 192.342483521, 193.004257202, 193.654418945, 194.304580688, 194.97795105, 195.628112793, 196.289886475, 196.951644897, 197.613418579, 198.275192261, 198.936950684, 199.587112427, 200.248886108, 200.899047852, 201.572418213, 202.222579956, 202.895965576, 203.546112061, 204.207885742, 204.869659424, 205.531417847, 206.193191528, 206.843353271, 207.505126953, 208.166885376, 208.817047119, 209.478820801, 210.140579224, 210.813964844, 211.464126587, 212.11428833, 212.776046753, 213.437820435, 214.087982178, 214.749740601, 215.411514282, 216.084899902, 216.735046387, 217.396820068, 218.05859375, 218.708755493, 219.358901978, 220.020675659, 220.682449341, 221.344207764, 222.005981445, 222.667755127, 223.32951355, 224.00289917, 224.653060913, 225.314819336, 225.964981079, 226.626754761, 227.276916504, 227.950286865, 228.600448608, 229.273834229, 229.923980713, 230.574142456, 231.235916138, 231.897689819, 232.547836304, 233.209609985, 233.871383667, 234.544754028, 235.194915771, 235.856689453, 236.518447876, 237.168609619, 237.818771362, 238.480545044, 239.142303467, 239.815689087, 240.46585083, 241.127609253, 241.789382935, 242.451156616, 243.112915039, 243.763076782, 244.424850464, 245.086624146, 245.73677063, 246.398544312, 247.060317993, 247.733688354, 248.383850098, 249.045623779, 249.707382202, 250.357543945, 251.007705688, 251.66947937, 252.331237793, 252.993011475, 253.654785156, 254.316543579, 254.978317261, 255.674911499, 256.371520996, 257.091339111, 257.811157227, 258.530975342, 259.250793457, 259.970611572, 260.59753418, 261.236083984, 261.863037109, 262.501586914, 263.140136719, 263.778686523, 264.417236328, 265.044158936, 265.671112061, 266.216766357, 266.750823975, 267.284881592, 267.830566406, 268.376220703, 268.921905518, 269.467559814, 270.013244629, 270.558898926, 271.10458374, 271.650238037, 272.161071777, 272.671936035, 273.182769775, 273.693603516, 274.204437256, 274.715270996, 275.237731934]}, "tonal": {"chords_scale": "major", "key_strength": 0.7516451478, "tuning_equal_tempered_deviation": 0.0130554055795, "thpcp": [1, 0.570301830769, 0.16100910306, 0.086100384593, 0.151355788112, 0.431574672461, 0.52007651329, 0.337107717991, 0.546834945679, 0.749005496502, 0.439355492592, 0.222430884838, 0.248200833797, 0.295432239771, 0.512428402901, 0.702563643456, 0.529308617115, 0.301774501801, 0.243371114135, 0.260241597891, 0.566877424717, 0.891945540905, 0.679624259472, 0.481809109449, 0.504851162434, 0.347307324409, 0.230415061116, 0.22928480804, 0.269742816687, 0.623344540596, 0.999931573868, 0.695416212082, 0.251978158951, 0.177095532417, 0.264868378639, 0.717497348785], "hpcp": {"dvar": [0.0468043647707, 0.0468130968511, 0.0433178842068, 0.0464175865054, 0.0472559221089, 0.0482016503811, 0.0453569889069, 0.042575519532, 0.0406167693436, 0.039688847959, 0.0421926267445, 0.045187857002, 0.0443749204278, 0.0480258576572, 0.036148481071, 0.0282676648349, 0.0383841767907, 0.0425664521754, 0.0431324727833, 0.0382023304701, 0.0218833927065, 0.0114129586145, 0.012849627994, 0.0330437831581, 0.0287993364036, 0.0227393694222, 0.0306203812361, 0.0318295396864, 0.0262772850692, 0.0301977973431, 0.0399449206889, 0.0495205894113, 0.0510480068624, 0.0531066656113, 0.0532231703401, 0.0531795173883], "min": [0, 0, 0, 0, 0, 0, 0, 0, 0, 0, 0, 0, 0, 0, 0, 0, 0, 0, 0, 0, 0, 0, 0, 0, 0, 0, 0, 0, 0, 0, 0, 0, 0, 0, 0, 0], "dmean2": [0.211782202125, 0.219013914466, 0.251913666725, 0.271459043026, 0.288852602243, 0.251362413168, 0.211614578962, 0.199338793755, 0.181508630514, 0.174615979195, 0.200097203255, 0.24790199101, 0.250627785921, 0.261003673077, 0.182584181428, 0.143918171525, 0.188120171428, 0.241873621941, 0.237395524979, 0.219297468662, 0.120027288795, 0.0659737512469, 0.0945459231734, 0.194133505225, 0.189693018794, 0.152158170938, 0.189392566681, 0.18684181571, 0.173368513584, 0.155955150723, 0.185069456697, 0.224210590124, 0.259057998657, 0.264572143555, 0.270316541195, 0.243931800127], "var": [0.0316401310265, 0.0325777456164, 0.0528363920748, 0.101863570511, 0.0625424608588, 0.0591272823513, 0.0785403475165, 0.0433331094682, 0.0276988372207, 0.0284746736288, 0.0311408694834, 0.0651945322752, 0.127384752035, 0.0758981108665, 0.0270821787417, 0.018676482141, 0.0298576503992, 0.0829585492611, 0.13116106391, 0.0545448325574, 0.0158246941864, 0.00773139251396, 0.0107239997014, 0.0427848063409, 0.053833168, 0.0263887587935, 0.0586307756603, 0.103132754564, 0.0403748303652, 0.0222000014037, 0.0295338146389, 0.037478081882, 0.0578727386892, 0.0913837328553, 0.0616329982877, 0.0377923548222], "max": [1, 1, 1, 1, 1, 1, 1, 1, 1, 1, 1, 1, 1, 1, 1, 1, 1, 1, 1, 1, 1, 1, 1, 1, 1, 1, 1, 1, 1, 1, 1, 1, 1, 1, 1, 1], "dvar2": [0.133329793811, 0.132661938667, 0.121144965291, 0.119804821908, 0.129106938839, 0.135270252824, 0.122383899987, 0.12082503736, 0.11517906934, 0.112436622381, 0.118506737053, 0.121845908463, 0.115843266249, 0.127064883709, 0.0996800288558, 0.0806741192937, 0.108792960644, 0.111781537533, 0.104701258242, 0.101031206548, 0.0603838711977, 0.0318747386336, 0.0351886637509, 0.0895419344306, 0.0758950784802, 0.0628531202674, 0.0840250402689, 0.0815583840013, 0.0728823840618, 0.0857289284468, 0.109986625612, 0.134093016386, 0.138752356172, 0.138732358813, 0.142644762993, 0.14988155663], "dmean": [0.112133294344, 0.116431780159, 0.14366056025, 0.159093365073, 0.165534690022, 0.139800578356, 0.118771038949, 0.109444238245, 0.0973897054791, 0.0929476097226, 0.108855865896, 0.143297851086, 0.144652381539, 0.151447609067, 0.100086867809, 0.07710313797, 0.103314511478, 0.141667991877, 0.140283420682, 0.127737089992, 0.0649041160941, 0.0353961512446, 0.0519120618701, 0.109355658293, 0.109154783189, 0.0880523324013, 0.111451245844, 0.109588637948, 0.0995173752308, 0.0845506563783, 0.100477047265, 0.122242860496, 0.146817177534, 0.151583060622, 0.151209443808, 0.130719736218], "mean": [0.0736480653286, 0.0787533447146, 0.171546339989, 0.26991724968, 0.205665379763, 0.145803287625, 0.152776196599, 0.105100855231, 0.0697273537517, 0.0693853199482, 0.0816285759211, 0.188634216785, 0.302595585585, 0.210444271564, 0.0762526988983, 0.0535919964314, 0.0801534876227, 0.217126399279, 0.302616298199, 0.172582626343, 0.0487239807844, 0.026055380702, 0.0458027273417, 0.130601525307, 0.157383620739, 0.102014288306, 0.165481165051, 0.226661264896, 0.132956132293, 0.0673112124205, 0.075109615922, 0.0894026085734, 0.155069187284, 0.212607204914, 0.160177409649, 0.0913218855858], "median": [0.00848860666156, 0.0098113687709, 0.0682832747698, 0.125128731132, 0.0967788174748, 0.0295042283833, 0.0138969235122, 0.01024455484, 0.0115001341328, 0.010365055874, 0.0134673155844, 0.0596635937691, 0.10961060226, 0.0686907097697, 0.0152800278738, 0.00852704048157, 0.0124661549926, 0.0645192414522, 0.108971789479, 0.0585125610232, 0.00979915913194, 0.00486557651311, 0.0100358892232, 0.0389047525823, 0.0558084212244, 0.0398482754827, 0.0470675341785, 0.0563767068088, 0.0358233638108, 0.0134506914765, 0.0109629835933, 0.0132466387004, 0.0396828576922, 0.0570070520043, 0.0398736074567, 0.0138562414795]}, "tuning_diatonic_strength": 0.590615808964, "key_key": "F#", "chords_changes_rate": 0.0287588294595, "chords_strength": {"dvar": 5.13040504302e-05, "min": 0.307990908623, "dmean2": 0.00701703876257, "var": 0.00802181195468, "max": 0.820458352566, "dvar2": 4.09065687563e-05, "dmean": 0.00812172703445, "mean": 0.579838573933, "median": 0.577458977699}, "hpcp_entropy": {"dvar": 0.238018274307, "min": 0, "dmean2": 1.00611209869, "var": 0.447325438261, "max": 3.67461204529, "dvar2": 0.645153582096, "dmean": 0.594014108181, "mean": 1.83885622025, "median": 1.87761712074}, "chords_histogram": [18.2643795013, 8.57719516754, 19.2230072021, 0, 5.16313505173, 0, 8.89673709869, 0, 0, 0, 0, 0, 0, 0, 0, 0, 0, 0.538176953793, 0, 1.49680459499, 0, 5.85267400742, 13.0339727402, 18.953918457], "tuning_frequency": 440, "chords_key": "C#", "chords_number_rate": 0.00151362258475, "tuning_nontempered_energy_ratio": 0.652518630028, "key_scale": "major"}, "metadata": {"audio_properties": {"length": 276.062042236, "equal_loudness": 0, "codec": "mp3", "sample_rate": 44100, "replay_gain": -11.2862663269, "lossless": false, "downmix": "mix", "analysis_sample_rate": 44100, "md5_encoded": "fff08f581578929bee6b4c842bdb825c", "bit_rate": 192000}, "tags": {"musicbrainz_recordingid": ["c434898c-c7dc-41cf-9358-f2f3617c7e0f"], "date": ["2008"], "tracknumber": ["8"], "title": ["Where Darkness Ends"], "album": ["Belief/Beneath the Shining Water"], "genre": ["Melodic Rock"], "file_name": "298289.mp3", "artist": ["Dare"], "albumartist": ["Dare"]}, "version": {"essentia": "2.1-beta2", "essentia_build_sha": "70f2e5ece6736b2c40cc944ad0e695b16b925413", "extractor": "music 1.0", "essentia_git_sha": "v2.1_beta2"}}, "lowlevel": {"silence_rate_20dB": {"dvar": 0, "min": 1, "dmean2": 0, "var": 0, "max": 1, "dvar2": 0, "dmean": 0, "mean": 1, "median": 1}, "spectral_skewness": {"dvar": 0.0469665825367, "min": 0.0216129645705, "dmean2": 0.368326932192, "var": 0.170621573925, "max": 4.26287746429, "dvar2": 0.131312355399, "dmean": 0.222619444132, "mean": 1.67381727695, "median": 1.64583873749}, "melbands_spread": {"dvar": 30.525428772, "min": 0.878178060055, "dmean2": 6.08004999161, "var": 118.316764832, "max": 177.985137939, "dvar2": 65.2130584717, "dmean": 3.91645932198, "mean": 16.0630493164, "median": 14.1198377609}, "gfcc": {"icov": [[0.000156478083227, -0.000269389332971, 3.3389795135e-05, -0.000465942022856, 0.000398635515012, -0.00041933672037, 0.000196492313989, -0.00046790696797, 0.000282680644887, -0.000364432751667, 0.000411659595557, -0.000300540152239, 0.000522624584846], [-0.000269389332971, 0.00485574873164, -0.000179665294127, 0.00214900029823, -0.00296128657646, 0.00313091068529, -0.00193206325639, 0.00261381221935, -0.00234223040752, 0.00463119754568, -0.00470008561388, 0.00465398561209, -0.00312947458588], [3.3389795135e-05, -0.000179665294127, 0.00390426022932, -0.00100072473288, -0.000934301991947, -0.00202385033481, 0.00130344438367, -0.00137250148691, 0.00100910454057, -0.000831025303341, 0.000645467545837, -0.00117481534835, 0.00149086571764], [-0.000465942022856, 0.00214900029823, -0.00100072473288, 0.00861723348498, -0.0019525710959, 0.00120852992404, -0.000798869878054, 0.00369667331688, -0.00378071074374, 0.00244686263613, -0.000681672012433, 0.00229954859242, -0.00496547762305], [0.000398635515012, -0.00296128657646, -0.000934301991947, -0.0019525710959, 0.00747725553811, -0.000111036446469, -0.000555050442927, -0.00214265403338, 0.00143016199581, -0.00394049379975, 0.0023275250569, -0.000917898782063, -0.000596710597165], [-0.00041933672037, 0.00313091068529, -0.00202385033481, 0.00120852992404, -0.000111036446469, 0.0103442873806, -0.00338913570158, 0.00205172249116, -0.00192608998623, 0.00374824367464, -0.0036231209524, 0.00160322617739, 0.000148981402162], [0.000196492313989, -0.00193206325639, 0.00130344438367, -0.000798869878054, -0.000555050442927, -0.00338913570158, 0.00912626087666, -0.00338151771575, 0.000837240484543, 0.00014084414579, -0.00167832954321, 0.0002038313105, -0.000215151230805], [-0.00046790696797, 0.00261381221935, -0.00137250148691, 0.00369667331688, -0.00214265403338, 0.00205172249116, -0.00338151771575, 0.0161840282381, -0.00369119481184, -0.000883237400558, 0.000865692447405, -0.000327661342453, -0.000938276585657], [0.000282680644887, -0.00234223040752, 0.00100910454057, -0.00378071074374, 0.00143016199581, -0.00192608998623, 0.000837240484543, -0.00369119481184, 0.0146018518135, -0.00490799173713, -0.00116011174396, 0.00130220910069, 0.000480483897263], [-0.000364432751667, 0.00463119754568, -0.000831025303341, 0.00244686263613, -0.00394049379975, 0.00374824367464, 0.00014084414579, -0.000883237400558, -0.00490799173713, 0.0200106613338, -0.00621238956228, 0.00135374884121, -0.000714639259968], [0.000411659595557, -0.00470008561388, 0.000645467545837, -0.000681672012433, 0.0023275250569, -0.0036231209524, -0.00167832954321, 0.000865692447405, -0.00116011174396, -0.00621238956228, 0.0192047208548, -0.00706880399957, 0.00227759988047], [-0.000300540152239, 0.00465398561209, -0.00117481534835, 0.00229954859242, -0.000917898782063, 0.00160322617739, 0.0002038313105, -0.000327661342453, 0.00130220910069, 0.00135374884121, -0.00706880399957, 0.0214891787618, -0.00862476043403], [0.000522624584846, -0.00312947458588, 0.00149086571764, -0.00496547762305, -0.000596710597165, 0.000148981402162, -0.000215151230805, -0.000938276585657, 0.000480483897263, -0.000714639259968, 0.00227759988047, -0.00862476043403, 0.0191169381142]], "mean": [-23.3652114868, 129.173858643, -117.560501099, 37.0959739685, -54.9176864624, 8.83374023438, -34.7055358887, 7.58474445343, -15.7771015167, -4.41336584091, -11.1552314758, -2.16877031326, -8.08347320557], "cov": [[15404.1123047, -2624.12744141, 882.647644043, 223.448287964, -1309.72558594, 905.781677246, -682.693603516, 396.405334473, -302.386749268, 215.706436157, -515.256896973, 247.865966797, -708.78125], [-2624.12744141, 1505.12036133, -364.38494873, 3.2837677002, 494.748809814, -312.018951416, 324.911560059, -151.964416504, 150.361541748, -137.385559082, 225.866241455, -170.2081604, 248.857116699], [882.647644043, -364.38494873, 417.292877197, 21.3838424683, -71.2309875488, 127.691131592, -99.1933746338, 60.0924186707, -45.8678131104, 44.1689109802, -61.0194625854, 48.8785209656, -80.0291595459], [223.448287964, 3.2837677002, 21.3838424683, 183.102783203, 29.2810230255, 1.14310133457, 0.279644936323, -21.2176265717, 30.3176231384, -6.60935783386, -6.65705871582, -3.34515285492, 38.4624328613], [-1309.72558594, 494.748809814, -71.2309875488, 29.2810230255, 365.098114014, -129.445510864, 120.911422729, -26.936958313, 52.6119537354, -10.4335746765, 65.778175354, -44.4147491455, 112.813728333], [905.781677246, -312.018951416, 127.691131592, 1.14310133457, -129.445510864, 216.081375122, -25.1794967651, 30.1135368347, -24.4910736084, 10.8506450653, -25.689250946, 29.3105754852, -72.7261428833], [-682.693603516, 324.911560059, -99.1933746338, 0.279644936323, 120.911422729, -25.1794967651, 213.329879761, -10.6216897964, 38.9706306458, -29.348783493, 70.5315551758, -33.8343811035, 59.7661247253], [396.405334473, -151.964416504, 60.0924186707, -21.2176265717, -26.936958313, 30.1135368347, -10.6216897964, 99.4207382202, -1.88009154797, 30.6420211792, -23.9920101166, 21.0033454895, -28.6997833252], [-302.386749268, 150.361541748, -45.8678131104, 30.3176231384, 52.6119537354, -24.4910736084, 38.9706306458, -1.88009154797, 104.888763428, 8.03520774841, 35.6908569336, -21.9399738312, 30.0259037018], [215.706436157, -137.385559082, 44.1689109802, -6.60935783386, -10.4335746765, 10.8506450653, -29.348783493, 30.6420211792, 8.03520774841, 84.8281936646, -2.71514701843, 20.5419483185, -20.2249202728], [-515.256896973, 225.866241455, -61.0194625854, -6.65705871582, 65.778175354, -25.689250946, 70.5315551758, -23.9920101166, 35.6908569336, -2.71514701843, 109.301841736, -5.2015914917, 39.5925788879], [247.865966797, -170.2081604, 48.8785209656, -3.34515285492, -44.4147491455, 29.3105754852, -33.8343811035, 21.0033454895, -21.9399738312, 20.5419483185, -5.2015914917, 84.7277069092, -0.120384737849], [-708.78125, 248.857116699, -80.0291595459, 38.4624328613, 112.813728333, -72.7261428833, 59.7661247253, -28.6997833252, 30.0259037018, -20.2249202728, 39.5925788879, -0.120384737849, 125.726364136]]}, "spectral_rms": {"dvar": 6.82983056777e-07, "min": 3.24524760363e-12, "dmean2": 0.00118879065849, "var": 4.96896336699e-06, "max": 0.0113908275962, "dvar2": 1.66959762282e-06, "dmean": 0.000757278234232, "mean": 0.00523948203772, "median": 0.00557159725577}, "silence_rate_60dB": {"dvar": 0.00635193660855, "min": 0, "dmean2": 0.0127860028297, "var": 0.0888429358602, "max": 1, "dvar2": 0.0148079833016, "dmean": 0.00639246357605, "mean": 0.098570227623, "median": 0}, "barkbands_kurtosis": {"dvar": 14.8587255478, "min": -1.8786714077, "dmean2": 4.05042266846, "var": 38.0246086121, "max": 119.136543274, "dvar2": 35.2488136292, "dmean": 2.56968975067, "mean": 5.13771677017, "median": 3.44992280006}, "spectral_strongpeak": {"dvar": 0.646501362324, "min": 0, "dmean2": 0.821623325348, "var": 1.39563941956, "max": 12.3936471939, "dvar2": 1.62864303589, "dmean": 0.485714018345, "mean": 0.903624296188, "median": 0.45558989048}, "average_loudness": 0.846063911915, "melbands_flatness_db": {"dvar": 0.000415390328271, "min": 0.00345119042322, "dmean2": 0.0333447940648, "var": 0.00426574284211, "max": 0.49299505353, "dvar2": 0.000904855725821, "dmean": 0.0219522677362, "mean": 0.231233805418, "median": 0.22104203701}, "spectral_energyband_middle_low": {"dvar": 4.42368800577e-05, "min": 3.00683434324e-22, "dmean2": 0.00811119284481, "var": 0.000177093868842, "max": 0.0924561694264, "dvar2": 0.000108709769847, "dmean": 0.00514208478853, "mean": 0.0168514735997, "median": 0.0142196947709}, "spectral_spread": {"dvar": 220237070336, "min": 1483866.75, "dmean2": 482187.375, "var": 1650978324480.0, "max": 40299168, "dvar2": 343487971328, "dmean": 326678.25, "mean": 3934991.25, "median": 3892690}, "erbbands_kurtosis": {"dvar": 0.59316432476, "min": -1.74927961826, "dmean2": 1.01606845856, "var": 2.17242026329, "max": 14.2794876099, "dvar2": 1.37131714821, "dmean": 0.644352197647, "mean": 0.164756983519, "median": -0.291299343109}, "spectral_energyband_middle_high": {"dvar": 4.74793614558e-06, "min": 1.6356523222e-21, "dmean2": 0.00193736318033, "var": 2.51802757703e-05, "max": 0.0732093155384, "dvar2": 1.0971669326e-05, "dmean": 0.0012523336336, "mean": 0.00435106083751, "median": 0.00268324511126}, "silence_rate_30dB": {"dvar": 0.000840385037009, "min": 0, "dmean2": 0.00168236880563, "var": 0.00050441356143, "max": 1, "dvar2": 0.00235198670998, "dmean": 0.0008411136223, "mean": 0.999495387077, "median": 1}, "melbands_skewness": {"dvar": 0.344292670488, "min": -0.400693237782, "dmean2": 0.910376548767, "var": 1.58766758442, "max": 12.2533636093, "dvar2": 0.796121239662, "dmean": 0.589938938618, "mean": 2.68943047523, "median": 2.49689483643}, "spectral_entropy": {"dvar": 0.0151470787823, "min": 6.10598087311, "dmean2": 0.190022081137, "var": 0.134660929441, "max": 9.80792140961, "dvar2": 0.0300239063799, "dmean": 0.129267528653, "mean": 7.36024570465, "median": 7.36760663986}, "barkbands_flatness_db": {"dvar": 0.000290695752483, "min": 0.0294682197273, "dmean2": 0.027858087793, "var": 0.00288915680721, "max": 0.382007628679, "dvar2": 0.000617051147856, "dmean": 0.0184541717172, "mean": 0.155585840344, "median": 0.146437078714}, "spectral_energyband_low": {"dvar": 0.000108842585178, "min": 1.20618119829e-22, "dmean2": 0.0108058573678, "var": 0.000186782184755, "max": 0.106196455657, "dvar2": 0.000282263121335, "dmean": 0.00665173586458, "mean": 0.0129445670173, "median": 0.00879291910678}, "spectral_rolloff": {"dvar": 287724.3125, "min": 21.533203125, "dmean2": 423.447418213, "var": 845342.75, "max": 19078.4179688, "dvar2": 565818.375, "dmean": 255.332199097, "mean": 877.338500977, "median": 645.99609375}, "barkbands_crest": {"dvar": 5.11120986938, "min": 3.04325008392, "dmean2": 4.02054309845, "var": 16.7284660339, "max": 25.6586151123, "dvar2": 12.5199594498, "dmean": 2.50366783142, "mean": 9.90236854553, "median": 8.88018417358}, "dissonance": {"dvar": 0.000305555411614, "min": 0.274230778217, "dmean2": 0.0328182652593, "var": 0.000719243544154, "max": 0.500000119209, "dvar2": 0.00084915489424, "dmean": 0.0197044424713, "mean": 0.455429971218, "median": 0.460762143135}, "spectral_kurtosis": {"dvar": 5.51343536377, "min": -1.18538796902, "dmean2": 3.43361473083, "var": 11.6961565018, "max": 36.0795822144, "dvar2": 16.9503974915, "dmean": 1.98297166824, "mean": 5.34579467773, "median": 4.52339553833}, "erbbands_crest": {"dvar": 4.45390510559, "min": 2.28971982002, "dmean2": 3.62182760239, "var": 14.7819461823, "max": 26.4196224213, "dvar2": 10.4018993378, "dmean": 2.29253077507, "mean": 8.53745269775, "median": 7.50974273682}, "spectral_energy": {"dvar": 0.000147968486999, "min": 1.07949226747e-20, "dmean2": 0.0153085337952, "var": 0.000505387492012, "max": 0.132994711399, "dvar2": 0.00037593615707, "dmean": 0.00960638653487, "mean": 0.0332316830754, "median": 0.0318187661469}, "erbbands_flatness_db": {"dvar": 0.000144802892464, "min": 0.0391180515289, "dmean2": 0.0191723480821, "var": 0.00137053744402, "max": 0.282731384039, "dvar2": 0.000282096472802, "dmean": 0.0130591634661, "mean": 0.163392439485, "median": 0.161581858993}, "barkbands": {"dvar": [7.27336214368e-07, 7.68840181991e-05, 1.68928363564e-05, 5.67872621104e-06, 1.52193224494e-05, 5.06662672706e-06, 3.41952227245e-06, 1.0099967767e-05, 5.74812065679e-06, 8.15207272353e-07, 5.23842061284e-07, 1.80493748303e-06, 1.1189201814e-06, 6.14255668552e-07, 2.71197592383e-07, 7.7032701995e-08, 6.71051054724e-08, 7.77688597964e-08, 1.68613691898e-08, 2.2456799087e-08, 3.65000794034e-08, 5.84920698543e-08, 7.29749061179e-08, 3.44660442408e-08, 4.23289936435e-09, 3.35394767514e-10, 1.14643728538e-11], "min": [9.62961371044e-23, 4.96705133013e-23, 2.34117255927e-23, 4.94073130157e-24, 3.63962845848e-23, 3.77523175482e-23, 6.61982852254e-23, 4.70495923634e-23, 8.12092732662e-23, 9.35019097365e-23, 3.6884346516e-23, 1.29058161587e-22, 8.16089480661e-23, 6.15754404139e-23, 1.058952869e-22, 1.48500111913e-22, 1.17644379274e-22, 2.76893459394e-22, 4.63933768417e-22, 3.38827168877e-22, 5.09245938813e-22, 3.57448527156e-22, 7.2312463374e-22, 6.42946830817e-22, 1.01444462991e-21, 1.90439393281e-21, 2.54503703735e-21], "dmean2": [0.000607617141213, 0.0080526964739, 0.00381126720458, 0.00240405113436, 0.00398838892579, 0.00215995172039, 0.00146079610568, 0.00206189206801, 0.00154347100761, 0.000579100858886, 0.000515568535775, 0.000707313185558, 0.000450389139587, 0.000394225760829, 0.00034060960752, 0.000222891001613, 0.000223643670324, 0.000235008425079, 0.000107938867586, 0.000110751207103, 8.83304019226e-05, 0.00010807178478, 0.000108731386717, 7.0609843533e-05, 2.46846302616e-05, 9.98919676931e-06, 1.71250133008e-06], "var": [7.13899396487e-07, 0.000108125292172, 3.48160974681e-05, 1.09735274236e-05, 2.90455791401e-05, 1.45887279359e-05, 9.47237640503e-06, 3.14909011649e-05, 1.87988407561e-05, 1.92089873963e-06, 1.74220417648e-06, 5.52290566702e-06, 2.23562756219e-06, 1.64066261732e-06, 8.88380156994e-07, 1.76822425146e-07, 1.61126905596e-07, 2.28864394103e-07, 3.5328259429e-08, 6.96523940746e-08, 8.57467767901e-08, 1.48791414745e-07, 2.05518077223e-07, 1.09354033384e-07, 1.04264952228e-08, 6.07221162241e-10, 1.08450141229e-11], "max": [0.0116797750816, 0.0986581966281, 0.0604770928621, 0.0403785295784, 0.0668187513947, 0.0513141527772, 0.0544429048896, 0.0639734193683, 0.0654810294509, 0.0257181059569, 0.0212740376592, 0.0603256560862, 0.0636978745461, 0.0364701077342, 0.0258521046489, 0.0130051895976, 0.00645450595766, 0.00737913651392, 0.00400602445006, 0.00400384329259, 0.00704452907667, 0.00731972698122, 0.00771092344075, 0.00688872532919, 0.00232104281895, 0.00036914087832, 6.02305408393e-05], "dvar2": [1.78812240392e-06, 0.000199132104171, 4.44381039415e-05, 1.53065466293e-05, 3.81402533094e-05, 1.26454078782e-05, 7.53940048526e-06, 2.39522123593e-05, 1.26003960759e-05, 1.95609209186e-06, 1.18663808735e-06, 4.33788363807e-06, 2.38549682763e-06, 1.37780068599e-06, 6.25389418474e-07, 2.00213904122e-07, 1.78323674049e-07, 1.81917073405e-07, 4.06502458361e-08, 5.45804006435e-08, 8.03065844934e-08, 1.28718568249e-07, 1.47346952417e-07, 6.7615047783e-08, 8.02823496571e-09, 7.30791538395e-10, 2.81648853545e-11], "dmean": [0.000373734073946, 0.00492738094181, 0.00233614072204, 0.00146885064896, 0.00247026514262, 0.00136533449404, 0.000963925907854, 0.00133043876849, 0.00102339906152, 0.000370951340301, 0.000334740034305, 0.000444143282948, 0.000287752744043, 0.000249301461736, 0.000213051884202, 0.000132516346639, 0.000134748537675, 0.000145036741742, 6.59226789139e-05, 6.93614056217e-05, 5.67341048736e-05, 7.03511250322e-05, 7.36390211387e-05, 4.77742978546e-05, 1.7272626792e-05, 6.79828553984e-06, 1.05540402728e-06], "mean": [0.000401538301958, 0.00713574653491, 0.00389150925912, 0.00268145860173, 0.00474718306214, 0.00288094673306, 0.0018359903479, 0.00252093118615, 0.00207767449319, 0.000622260384262, 0.000618394871708, 0.000815781997517, 0.000464829936391, 0.000450286868727, 0.000379023025744, 0.000249826465733, 0.00026835303288, 0.000321316503687, 0.000139290292282, 0.00016266622697, 0.00010908152035, 0.000146728998516, 0.000161609903444, 0.000103663864138, 3.35520053341e-05, 1.10879054773e-05, 9.96676476461e-07], "median": [0.000111314395326, 0.00363758113235, 0.00179852894507, 0.00157972949091, 0.00309384148568, 0.00154734426178, 0.000792769016698, 0.000508572673425, 0.000596551108174, 0.000228081160458, 0.000215265667066, 0.000215169638977, 0.000127373845316, 0.000124038997456, 0.000158882641699, 0.000126262690173, 0.00014828312851, 0.000174580156454, 8.20690693217e-05, 6.54494360788e-05, 3.81742866011e-05, 3.1223793485e-05, 3.13644413836e-05, 2.14536594285e-05, 7.95423966338e-06, 2.76196124105e-06, 7.19037558383e-08]}, "hfc": {"dvar": 46.1194419861, "min": 1.20602245096e-16, "dmean2": 6.1870174408, "var": 299.993011475, "max": 165.697235107, "dvar2": 94.5312042236, "dmean": 4.13933849335, "mean": 18.374628067, "median": 13.1017036438}, "erbbands": {"dvar": [0.110028445721, 3.34377288818, 16.0417633057, 40.423614502, 183.080215454, 144.897521973, 327.685546875, 498.539581299, 587.64465332, 1043.80749512, 5217.59814453, 2207.57104492, 1338.13793945, 742.52947998, 1144.0715332, 1091.06176758, 1091.07995605, 1936.85461426, 869.781311035, 362.931884766, 183.581756592, 270.821014404, 276.061218262, 71.3340606689, 36.4070892334, 58.9053916931, 42.9456443787, 76.2043838501, 88.5283050537, 47.99243927, 68.2585601807, 27.8411560059, 6.00366353989, 0.853191673756, 0.174990937114, 0.0148378303275, 0.000765405828133, 3.28043097397e-05, 3.03891454223e-07, 4.41197578471e-10], "min": [2.91499154683e-21, 6.38691192553e-21, 2.62214267007e-20, 2.15854347965e-20, 7.11293319593e-20, 1.5750096597e-19, 2.00646693796e-19, 3.39080590884e-19, 8.93488858021e-19, 6.87707828314e-19, 1.25487445167e-18, 2.02695852818e-18, 2.50992633358e-18, 2.37348682065e-18, 1.89720863165e-18, 5.89000779408e-18, 3.07411686449e-18, 4.49515504742e-18, 3.11147089339e-18, 6.19598645216e-18, 1.01460584272e-17, 7.72794728049e-18, 1.52304762635e-17, 2.18937420068e-17, 1.93355387243e-17, 1.54094086649e-17, 2.16028523639e-17, 1.9605020933e-17, 1.34148718944e-17, 1.50256845418e-17, 2.15049935887e-17, 1.19183565825e-17, 1.35829533405e-17, 1.18644541851e-17, 6.62140874992e-18, 5.42556738683e-18, 4.24294271557e-18, 1.38613095428e-18, 3.24402270914e-19, 3.78835408111e-20], "dmean2": [0.280680984259, 1.73061740398, 3.80318617821, 6.32917690277, 12.6907081604, 12.4554109573, 15.9186487198, 19.6296825409, 17.6221141815, 26.0153236389, 46.6783218384, 30.103717804, 24.0669689178, 20.3517551422, 20.3604984283, 19.4744644165, 16.9446163177, 19.2017822266, 16.9289093018, 12.6758680344, 12.3062992096, 13.5587215424, 13.1774520874, 6.79978179932, 4.75368070602, 5.32673978806, 3.59451436996, 3.7667324543, 4.10523080826, 3.04979324341, 3.32250809669, 2.02601146698, 0.890029788017, 0.332815110683, 0.166442498565, 0.0624182783067, 0.0151196420193, 0.00318061490543, 0.00025395656121, 2.09349673241e-05], "var": [0.144659757614, 4.59534215927, 31.029050827, 80.6143188477, 248.101821899, 294.312774658, 884.305114746, 1248.80358887, 1831.06066895, 2890.73706055, 14451.1269531, 6788.69970703, 4412.12890625, 2178.92285156, 5147.72558594, 3213.3046875, 2922.29394531, 5508.7890625, 2366.5949707, 989.621643066, 438.278808594, 694.459899902, 814.65020752, 190.817459106, 84.5464630127, 189.114227295, 92.3036880493, 187.380050659, 220.751266479, 132.27571106, 183.269866943, 94.1940002441, 16.0480308533, 2.03621077538, 0.39043867588, 0.0296782609075, 0.00127890112344, 4.29333267675e-05, 2.6628427463e-07, 1.03811825802e-09], "max": [3.58722496033, 19.4254817963, 54.2278709412, 94.6639022827, 209.960296631, 183.919708252, 381.933197021, 482.317840576, 754.124145508, 764.813842773, 1641.85437012, 1593.78723145, 1233.69848633, 684.622497559, 1470.98498535, 1130.73120117, 1511.53710938, 2085.38525391, 1259.2980957, 766.668945312, 352.942504883, 453.504058838, 481.851959229, 252.198272705, 138.14050293, 213.540176392, 201.60067749, 361.091400146, 281.697784424, 207.321929932, 242.400650024, 202.555679321, 93.5090332031, 37.116985321, 13.7084875107, 3.36342835426, 0.699930548668, 0.087232299149, 0.0103362221271, 0.000505028641783], "dvar2": [0.27936437726, 8.7620677948, 42.0837936401, 106.467750549, 455.103790283, 372.273468018, 776.043640137, 1363.69189453, 1308.91137695, 2390.58642578, 11670.921875, 4817.69140625, 2918.92675781, 1778.81054688, 2690.27026367, 2537.60693359, 2195.59204102, 4117.02001953, 1899.91271973, 819.712219238, 489.526824951, 711.219604492, 649.168945312, 169.617980957, 90.3332443237, 146.16468811, 104.89994812, 154.385299683, 195.84664917, 97.2616500854, 141.485992432, 52.3457069397, 12.7487707138, 1.68006014824, 0.351169228554, 0.0303047709167, 0.00176973140333, 7.63538337196e-05, 7.74381078372e-07, 1.1221731322e-09], "dmean": [0.173024967313, 1.04408121109, 2.31769180298, 3.91306114197, 7.71179246902, 7.71071386337, 10.3702459335, 12.0715923309, 11.543636322, 16.8528785706, 30.7678871155, 19.7565612793, 15.4342746735, 13.1468858719, 13.0113115311, 12.2461481094, 10.7411432266, 12.3671131134, 10.8153114319, 7.91267728806, 7.35921859741, 8.15651988983, 8.11617183685, 4.22627353668, 2.94860029221, 3.33549237251, 2.24111032486, 2.4456923008, 2.61706185341, 2.04058051109, 2.24397158623, 1.39573526382, 0.589449107647, 0.228114128113, 0.114908918738, 0.042487796396, 0.0101930368692, 0.00208309199661, 0.000154479639605, 1.32255318022e-05], "mean": [0.231537267566, 1.52122759819, 3.94664525986, 7.8998374939, 12.0813312531, 14.9730710983, 22.0233764648, 24.3370819092, 24.8558197021, 33.0366973877, 60.1738166809, 40.3984718323, 30.7265892029, 25.9802398682, 28.1852073669, 23.76795578, 20.1275043488, 24.9031467438, 20.8712463379, 15.92664814, 14.8756284714, 17.4203357697, 18.4188289642, 10.2099094391, 6.80181694031, 7.90737247467, 4.52994155884, 4.72564125061, 5.47526359558, 4.44469881058, 4.79944658279, 3.12418103218, 1.20441269875, 0.441799044609, 0.212556898594, 0.0710581168532, 0.0162241607904, 0.00280985538848, 0.000160541530931, 4.25438011007e-05], "median": [0.0959485322237, 0.824926316738, 2.07659912109, 5.06046390533, 7.23591709137, 9.45887947083, 12.1198577881, 11.3912668228, 11.4667263031, 13.8332557678, 15.9701538086, 13.8002548218, 11.3521575928, 11.5082683563, 8.72204971313, 7.62647819519, 6.82272338867, 7.15739440918, 7.65090274811, 8.13631248474, 8.10976791382, 9.73536872864, 10.2096977234, 6.17206382751, 3.81538677216, 2.90176582336, 1.87037682533, 1.46747517586, 1.19459939003, 0.983533501625, 0.885429263115, 0.609861731529, 0.259030282497, 0.100065745413, 0.0522058159113, 0.0178252812475, 0.0038475766778, 0.000505955889821, 3.29701579176e-05, 3.92334113712e-05]}, "dynamic_complexity": 4.46086025238, "melbands_crest": {"dvar": 7.57843446732, "min": 2.1718275547, "dmean2": 4.9256105423, "var": 26.3777942657, "max": 36.2154388428, "dvar2": 19.4504890442, "dmean": 3.03292226791, "mean": 13.1930398941, "median": 11.9776496887}, "spectral_contrast_coeffs": {"dvar": [0.00157585449051, 0.00136563600972, 0.000841120549012, 0.000527038879227, 0.000249572272878, 0.000197764646146], "min": [-0.962034523487, -0.972901940346, -0.962741971016, -0.975737571716, -0.973893523216, -0.960832118988], "dmean2": [0.0776356905699, 0.0726601853967, 0.0590777248144, 0.0475089587271, 0.0328292734921, 0.0251024328172], "var": [0.00570981064811, 0.00484834471717, 0.00394473271444, 0.00206500431523, 0.00109258107841, 0.00124024553224], "max": [-0.371413350105, -0.433421462774, -0.485819935799, -0.55489218235, -0.635406494141, -0.612336814404], "dvar2": [0.00414054375142, 0.0036216028966, 0.00217634998262, 0.00136003177613, 0.000654860166833, 0.000450857100077], "dmean": [0.047784242779, 0.0447445362806, 0.0365604385734, 0.0291341692209, 0.0199112780392, 0.0160621982068], "mean": [-0.651439964771, -0.698809564114, -0.746216773987, -0.773282706738, -0.781983196735, -0.75912964344], "median": [-0.651637196541, -0.700522959232, -0.753871560097, -0.777674198151, -0.783982157707, -0.759842991829]}, "erbbands_skewness": {"dvar": 0.0613029338419, "min": -2.6458132267, "dmean2": 0.440807074308, "var": 0.335206061602, "max": 3.21743464