{"tonal": {"chords_number_rate": 0.00174682657234, "thpcp": [1, 0.892795622349, 0.310787141323, 0.145577549934, 0.148624747992, 0.174333557487, 0.274656534195, 0.325724393129, 0.220846623182, 0.154772371054, 0.15900118649, 0.18456672132, 0.417976051569, 0.528749108315, 0.290452063084, 0.167949676514, 0.194899812341, 0.16669639945, 0.215328216553, 0.262530654669, 0.222420960665, 0.367167085409, 0.455987036228, 0.348031371832, 0.289736330509, 0.171962380409, 0.0705953687429, 0.13099168241, 0.181462660432, 0.138680309057, 0.144211247563, 0.175858363509, 0.178066506982, 0.309213608503, 0.408823937178, 0.538273274899], "hpcp": {"dvar": [0.0660833343863, 0.0591834634542, 0.0428317002952, 0.0273033380508, 0.0250376947224, 0.0272027160972, 0.0301396809518, 0.0296114552766, 0.0281208809465, 0.0237307585776, 0.0225732866675, 0.023522131145, 0.0276014041156, 0.0285323429853, 0.0251279361546, 0.0201615728438, 0.0223072636873, 0.0211524069309, 0.0197182968259, 0.0211227796972, 0.0197028126568, 0.0284592639655, 0.0294375792146, 0.0337322428823, 0.0711390152574, 0.0230740495026, 0.0102100530639, 0.0119513859972, 0.0127155575901, 0.0108076818287, 0.0209655724466, 0.0341236442327, 0.0349047333002, 0.0422144085169, 0.0480385422707, 0.0523432344198], "mean": [0.413414418697, 0.369094580412, 0.128483891487, 0.0601838566363, 0.0614436157048, 0.072072006762, 0.113546967506, 0.134659156203, 0.0913011804223, 0.063985131681, 0.0657333806157, 0.0763025432825, 0.172797322273, 0.218592509627, 0.120077073574, 0.0694328173995, 0.0805743932724, 0.0689146965742, 0.0890197902918, 0.10853395611, 0.0919520333409, 0.151792168617, 0.188511610031, 0.143881186843, 0.119781173766, 0.0710917264223, 0.0291851442307, 0.0541538484395, 0.0750192776322, 0.0573324412107, 0.0596190094948, 0.0727023854852, 0.0736152604222, 0.127833366394, 0.16901370883, 0.222529932857], "min": [0, 0, 0, 0, 0, 0, 0, 0, 0, 0, 0, 0, 0, 0, 0, 0, 0, 0, 0, 0, 0, 0, 0, 0, 0, 0, 0, 0, 0, 0, 0, 0, 0, 0, 0, 0], "median": [0.176520437002, 0.161447927356, 0.0456484444439, 0.0135839488357, 0.0157012771815, 0.0186443384737, 0.0317727997899, 0.0337074324489, 0.0201395731419, 0.0128171108663, 0.0132045904174, 0.021912438795, 0.0401648618281, 0.0419720970094, 0.0269250366837, 0.0149856684729, 0.0140141947195, 0.0157324708998, 0.0264348350465, 0.0273825936019, 0.0368478409946, 0.071259021759, 0.0820666253567, 0.0464984439313, 0.014485694468, 0.0110834650695, 0.00685207266361, 0.0105835655704, 0.0118016256019, 0.0138898389414, 0.0125387227163, 0.013559604995, 0.0162348151207, 0.0362371690571, 0.0537695512176, 0.132966443896], "dvar2": [0.167068704963, 0.150198191404, 0.121822118759, 0.0777457132936, 0.0694653466344, 0.0771228596568, 0.0835159420967, 0.0757047086954, 0.0804078057408, 0.0682645812631, 0.0641728416085, 0.0680872052908, 0.0764204412699, 0.0719540044665, 0.0724850147963, 0.0567545779049, 0.0582347810268, 0.0580904446542, 0.0531889684498, 0.0536170899868, 0.0533213280141, 0.0755521953106, 0.0702385306358, 0.0908083319664, 0.186738476157, 0.0606541857123, 0.0291659720242, 0.0326817445457, 0.0303113814443, 0.0281846113503, 0.0588012263179, 0.0964344143867, 0.0977301448584, 0.116512432694, 0.130579829216, 0.150338381529], "var": [0.182144805789, 0.151707544923, 0.0392257459462, 0.0211907997727, 0.0205928012729, 0.0240621417761, 0.0382460653782, 0.0554262660444, 0.0333056412637, 0.0218675006181, 0.0244681816548, 0.0215196758509, 0.073916003108, 0.114107228816, 0.0382543206215, 0.023758860305, 0.0396033339202, 0.0251837838441, 0.0266058016568, 0.0387970656157, 0.0224261600524, 0.0453267209232, 0.0742086097598, 0.0468921214342, 0.0618189610541, 0.0212719142437, 0.00788319204003, 0.0164842102677, 0.0332170464098, 0.0192555747926, 0.0196630395949, 0.0311667490751, 0.026931701228, 0.0462630353868, 0.0665983259678, 0.0594615414739], "dmean2": [0.29861676693, 0.312110543251, 0.236398816109, 0.134850084782, 0.121547609568, 0.133044824004, 0.15667591989, 0.151241227984, 0.139493241906, 0.121878921986, 0.113711342216, 0.138738632202, 0.16277128458, 0.144869297743, 0.149263158441, 0.110324464738, 0.103969536722, 0.108440503478, 0.116590000689, 0.120973668993, 0.140267312527, 0.184578403831, 0.170221820474, 0.215056091547, 0.26208910346, 0.147128716111, 0.0602043457329, 0.0726342797279, 0.0733402445912, 0.0727798119187, 0.105103679001, 0.140827551484, 0.160179242492, 0.205464974046, 0.242174759507, 0.31836733222], "max": [1, 1, 1, 1, 1, 1, 1, 1, 1, 1, 1, 1, 1, 1, 1, 1, 1, 1, 1, 1, 1, 1, 1, 1, 1, 1, 1, 1, 1, 1, 1, 1, 1, 1, 1, 1], "dmean": [0.168969035149, 0.180140972137, 0.130553722382, 0.0733397975564, 0.0669907182455, 0.074350900948, 0.0903090685606, 0.0896133705974, 0.0792359337211, 0.067104332149, 0.0633079111576, 0.0776411816478, 0.0945437848568, 0.0855943188071, 0.0849216654897, 0.0620439425111, 0.0589087121189, 0.0613209307194, 0.0675672218204, 0.0712418630719, 0.0806583166122, 0.108282610774, 0.101832896471, 0.121758699417, 0.144331052899, 0.0817033424973, 0.033260460943, 0.0418038628995, 0.0436909198761, 0.0420169346035, 0.0583282709122, 0.0762061178684, 0.0871516317129, 0.115342028439, 0.137298241258, 0.180094137788]}, "key_strength": 0.728283166885, "chords_strength": {"dvar": 0.000272688106634, "mean": 0.454530805349, "min": -1, "median": 0.451984524727, "dvar2": 0.000484166608658, "var": 0.015643959865, "dmean2": 0.0088881123811, "max": 0.835156440735, "dmean": 0.00893326103687}, "tuning_equal_tempered_deviation": 0.253896504641, "chords_key": "A", "tuning_frequency": 434.193115234, "chords_scale": "major", "chords_changes_rate": 0.0577617324889, "key_scale": "major", "tuning_diatonic_strength": 0.490258842707, "hpcp_entropy": {"dvar": 0.253220140934, "mean": 2.20201134682, "min": 0, "median": 2.19973373413, "dvar2": 0.690223515034, "var": 0.534037530422, "dmean2": 0.973060667515, "max": 4.46042919159, "dmean": 0.582926034927}, "chords_histogram": [32.8985671997, 12.0996856689, 6.48654937744, 8.68755054474, 1.05974149704, 0.407592862844, 3.16757893562, 0.151391640306, 6.09060192108, 0, 0.605566561222, 0.221264705062, 0.12810061872, 0.116455107927, 0.0232910215855, 1.758472085, 1.16455101967, 7.63945484161, 0.593921065331, 2.11948299408, 1.60708045959, 2.20100140572, 3.06276941299, 7.70932817459], "tuning_nontempered_energy_ratio": 0.924168288708, "key_key": "A"}, "metadata": {"version": {"extractor": "music 1.0", "essentia_build_sha": "70f2e5ece6736b2c40cc944ad0e695b16b925413", "essentia": "2.1-beta2", "essentia_git_sha": "v2.1_beta2"}, "audio_properties": {"sample_rate": 44100, "length": 398.693328857, "lossless": true, "analysis_sample_rate": 44100, "downmix": "mix", "bit_rate": 0, "equal_loudness": 0, "md5_encoded": "50d1fc84490ebee0113e2e564999cacc", "codec": "flac", "replay_gain": -11.137544632}, "tags": {"disctotal": ["1"], "genre": ["Rock", "Metal", "Doom Metal"], "catalognumber": ["BLR CD 059"], "releasecountry": ["GR"], "musicbrainz_recordingid": ["24683cf2-e197-4524-9454-771d276f83a4"], "language": ["eng"], "title": ["Unsung Songs"], "releasetype": ["album"], "discnumber": ["1"], "artistsort": ["On Thorns I Lay"], "originaldate": ["2003-01-14"], "musicbrainz_artistid": ["68dd5e82-878d-4f2b-9046-531c751862a9"], "tracknumber": ["4"], "musicbrainz_albumartistid": ["68dd5e82-878d-4f2b-9046-531c751862a9"], "totaltracks": ["10"], "tracktotal": ["10"], "date": ["2003-01-14"], "albumartistsort": ["On Thorns I Lay"], "musicbrainz_releasegroupid": ["9668ff69-5a17-380a-9684-a46e21e5debd"], "media": ["CD"], "owner": ["-=udachee=-"], "musicip_puid": ["05ad8afa-4d58-3737-30dc-30daa7ba6a42"], "label": ["Black Lotus Records"], "albumartist": ["On Thorns I Lay"], "asin": ["B0001XTGTW"], "script": ["Latn"], "musicbrainz_albumid": ["59f6d083-b3bd-4309-8c48-5666d34e0773"], "file_name": "04. Unsung Songs.flac", "releasestatus": ["official"], "totaldiscs": ["1"], "album": ["Egocentric"], "artist": ["On Thorns I Lay"]}}, "lowlevel": {"melbands": {"dvar": [0.000173917927896, 2.90891730401e-05, 1.91706681107e-06, 1.68736357864e-06, 2.91148836595e-07, 1.73891137933e-07, 1.63671529663e-07, 1.63566156175e-07, 1.44480424069e-07, 3.32729328534e-08, 9.94083926287e-09, 5.65466207192e-09, 1.10527604846e-08, 7.8973068085e-09, 8.14176193131e-09, 6.24600282606e-09, 7.19079196188e-09, 4.77359662909e-09, 3.15560910735e-09, 1.04643216314e-09, 9.07210140344e-10, 7.11934899922e-10, 9.89318696409e-11, 4.46901786411e-11, 1.01193171897e-10, 8.16758535804e-11, 7.82458264847e-11, 7.42663430753e-11, 1.05873372569e-10, 5.53557824579e-11, 3.85978089767e-11, 3.17550083451e-11, 2.2065823127e-11, 1.30156562611e-11, 1.05795415831e-11, 7.34192914797e-12, 7.98873033697e-12, 4.1101059188e-12, 2.52104131841e-12, 1.70393484478e-12], "mean": [0.00504181813449, 0.0045811724849, 0.00174621329643, 0.000706567661837, 0.000418718642322, 0.000244409107836, 0.000257055071415, 0.000234101244132, 0.000250521872658, 0.00016503543884, 0.000122116936836, 8.81522428244e-05, 8.56008118717e-05, 7.0040623541e-05, 7.16043650755e-05, 5.16171421623e-05, 6.21969375061e-05, 4.70267295896e-05, 3.77448341169e-05, 3.32467025146e-05, 3.98708689318e-05, 2.85058067675e-05, 1.26399336295e-05, 9.49549666984e-06, 1.40955507959e-05, 1.12561492642e-05, 1.16076289487e-05, 1.14961530926e-05, 1.55614543473e-05, 1.16467035696e-05, 7.43680402593e-06, 6.6280572355e-06, 5.21077163285e-06, 3.65526852875e-06, 2.68207713816e-06, 2.12920690501e-06, 1.73247428847e-06, 1.19581466151e-06, 8.75246598753e-07, 8.51651122957e-07], "min": [1.07434558889e-14, 1.80369228667e-15, 2.17824411496e-15, 1.39128327372e-15, 6.20936507287e-16, 3.44419028235e-16, 2.50794808979e-16, 4.1174274213e-16, 3.46332369784e-16, 1.75008613901e-16, 4.1525661199e-17, 6.41566974099e-17, 1.31841803206e-16, 1.37794803699e-16, 1.09278824107e-16, 6.1818760744e-17, 4.09023938423e-17, 5.54484741019e-17, 7.75939155886e-17, 3.08747645177e-17, 1.79707386901e-17, 4.98026686362e-17, 3.61033103039e-17, 6.50873227483e-18, 3.96946274299e-18, 4.83361750174e-18, 9.12100132291e-18, 1.08545005716e-17, 3.52948082568e-18, 5.32553147227e-18, 6.78848351722e-18, 4.41678795619e-18, 9.39084418233e-18, 1.55184988985e-17, 2.76953998804e-17, 2.97026363548e-17, 7.06081767922e-17, 6.6046097043e-17, 5.09570388857e-17, 6.68384103383e-17], "median": [0.00186261232011, 0.00315910344943, 0.00138207571581, 0.000382217520382, 0.00019319842977, 0.000116297705972, 7.93450744823e-05, 7.49741739128e-05, 5.81036547374e-05, 5.48875323148e-05, 4.89160374855e-05, 3.8087790017e-05, 4.15263457398e-05, 2.18800341827e-05, 2.87496932287e-05, 1.89754191524e-05, 2.11801852856e-05, 1.84075506695e-05, 1.43550942084e-05, 1.31681954372e-05, 1.66453428392e-05, 1.28907531689e-05, 7.74903674028e-06, 6.2986332523e-06, 7.02992656443e-06, 6.58763337924e-06, 7.27202041162e-06, 7.01331100572e-06, 9.77915169642e-06, 7.6705164247e-06, 3.99374403059e-06, 3.09603638016e-06, 2.17248975787e-06, 1.36862445288e-06, 7.21379478819e-07, 5.06151366153e-07, 4.28396134566e-07, 2.65929031684e-07, 1.8720285766e-07, 2.04083363542e-07], "dvar2": [0.000421344622737, 7.96732856543e-05, 5.35220306119e-06, 4.73509680887e-06, 7.75712578616e-07, 4.86992632887e-07, 4.62511508204e-07, 4.4911038799e-07, 3.34622228593e-07, 7.5368546959e-08, 2.3538131444e-08, 1.35222499864e-08, 2.66430184581e-08, 1.87252826578e-08, 1.93584277497e-08, 1.5503140105e-08, 1.84396533598e-08, 1.088337509e-08, 6.42938102757e-09, 2.43055997551e-09, 2.4604136506e-09, 1.83676807097e-09, 2.5089400002e-10, 1.15993652183e-10, 2.64772981318e-10, 2.03380298713e-10, 1.79732687067e-10, 1.94909310913e-10, 2.90334589703e-10, 1.45483236569e-10, 9.86368833833e-11, 7.6648430658e-11, 5.57326233774e-11, 3.17523715654e-11, 2.53739529388e-11, 1.73412447596e-11, 1.88441606069e-11, 9.87308412109e-12, 6.34096768148e-12, 4.20667840839e-12], "var": [0.000163333446835, 3.05310495605e-05, 3.22633445649e-06, 1.44806153912e-06, 4.22357629759e-07, 1.75294502469e-07, 2.3432329499e-07, 2.23079098305e-07, 5.30897807494e-07, 1.25291279574e-07, 4.70486689608e-08, 1.97730027907e-08, 2.33044055165e-08, 3.11517638352e-08, 1.70163527713e-08, 1.3033027102e-08, 2.32178507531e-08, 1.15514247057e-08, 1.26011574508e-08, 3.27811977563e-09, 2.7637314659e-09, 1.58271140638e-09, 2.15584952667e-10, 1.16536488792e-10, 2.96001168021e-10, 2.13023876316e-10, 2.22211429812e-10, 2.40075737068e-10, 3.20304893719e-10, 1.68394617694e-10, 9.94166415857e-11, 9.15880774e-11, 5.94431587286e-11, 3.38965314151e-11, 2.61204356755e-11, 1.76358320308e-11, 1.5206532214e-11, 7.8722132979e-12, 3.99713812396e-12, 3.03139176087e-12], "dmean2": [0.00760544324294, 0.00392287410796, 0.00134561024606, 0.000844049151056, 0.000379785051337, 0.000243800648605, 0.00024237971229, 0.00023758529278, 0.000181625306141, 0.000107421619759, 8.3894628915e-05, 5.95006677031e-05, 6.33575837128e-05, 5.07110562467e-05, 6.04714914516e-05, 4.47544152848e-05, 4.91446771775e-05, 3.89430424548e-05, 2.76834780379e-05, 2.37080002989e-05, 2.91657815978e-05, 2.18235418288e-05, 9.84940106719e-06, 6.98805661159e-06, 1.0032085811e-05, 7.96926542534e-06, 8.13736824057e-06, 7.89051046013e-06, 1.09790235001e-05, 7.74115051172e-06, 5.2433010751e-06, 4.65839093522e-06, 3.80025653612e-06, 2.75639968095e-06, 2.08136202673e-06, 1.63226889072e-06, 1.39268365729e-06, 9.60627858149e-07, 7.32166995476e-07, 6.91705963618e-07], "max": [0.0945375785232, 0.0550786666572, 0.0281844735146, 0.020013762638, 0.00959647167474, 0.00703602423891, 0.00834968313575, 0.00922597572207, 0.0115055870265, 0.00686868000776, 0.00327146193013, 0.00171451503411, 0.00408461177722, 0.00434074923396, 0.00285019772127, 0.0030319232028, 0.00403395202011, 0.00233930186369, 0.00244169961661, 0.00107871112414, 0.000649437017273, 0.00104803661816, 0.000252221885603, 0.000147423896124, 0.000265199894784, 0.000337063655024, 0.000592177500948, 0.000288475857815, 0.000168873069924, 0.000149249040987, 0.0002272362035, 0.000183304437087, 8.71566153364e-05, 0.000107791252958, 7.85814991104e-05, 8.39146741782e-05, 0.000119008225738, 7.70533806644e-05, 5.43456371815e-05, 4.71720959467e-05], "dmean": [0.00462152343243, 0.00231571611948, 0.000802724272944, 0.00049378775293, 0.000234877050389, 0.000145118116052, 0.000144442121382, 0.000142533506732, 0.000117379597214, 7.05435304553e-05, 5.35139224667e-05, 3.89220112993e-05, 4.129080844e-05, 3.2469175494e-05, 3.81696481782e-05, 2.80297917925e-05, 3.04257955577e-05, 2.4731598387e-05, 1.77631809493e-05, 1.48712306327e-05, 1.76850317075e-05, 1.32314971779e-05, 6.0103384385e-06, 4.27046143159e-06, 6.10815277469e-06, 4.87409488414e-06, 4.96251595905e-06, 4.77249523101e-06, 6.6234742917e-06, 4.72311330668e-06, 3.24220013681e-06, 2.90310867967e-06, 2.36257733377e-06, 1.72475927229e-06, 1.31495755795e-06, 1.04624643882e-06, 9.00722000097e-07, 6.16686406829e-07, 4.70429256438e-07, 4.5400005888e-07]}, "spectral_decrease": {"dvar": 1.32129185603e-16, "mean": -1.1371012576e-08, "min": -9.22488965216e-08, "median": -8.86157813795e-09, "dvar2": 3.00678299778e-16, "var": 1.61963975641e-16, "dmean2": 8.28907431583e-09, "max": 2.54988426749e-15, "dmean": 5.1339537066e-09}, "spectral_rolloff": {"dvar": 800761.875, "mean": 1322.2421875, "min": 43.06640625, "median": 839.794921875, "dvar2": 1843677.125, "var": 4731077, "dmean2": 704.685302734, "max": 21877.734375, "dmean": 425.988739014}, "melbands_crest": {"dvar": 12.8625850677, "mean": 16.9791984558, "min": 4.13175010681, "median": 16.4599113464, "dvar2": 32.4706535339, "var": 39.0893783569, "dmean2": 5.49382209778, "max": 36.7412414551, "dmean": 3.39418196678}, "barkbands_skewness": {"dvar": 0.809388697147, "mean": 2.26089978218, "min": -8.94218540192, "median": 1.84806609154, "dvar2": 1.83486866951, "var": 3.7552819252, "dmean2": 0.987598955631, "max": 15.6015195847, "dmean": 0.641740322113}, "spectral_centroid": {"dvar": 60918.8359375, "mean": 1429.61254883, "min": 141.318756104, "median": 1405.97875977, "dvar2": 139096.734375, "var": 594032.4375, "dmean2": 337.664001465, "max": 10921.2539062, "dmean": 217.794830322}, "spectral_energyband_middle_low": {"dvar": 7.99149493105e-05, "mean": 0.0111298663542, "min": 1.65838039644e-14, "median": 0.00852405652404, "dvar2": 0.000220539455768, "var": 0.000117822375614, "dmean2": 0.00729328254238, "max": 0.129964545369, "dmean": 0.00441699381918}, "erbbands_crest": {"dvar": 3.333963871, "mean": 7.01601886749, "min": 2.16993117332, "median": 5.97697257996, "dvar2": 8.40333747864, "var": 12.0198822021, "dmean2": 2.76675581932, "max": 28.9067687988, "dmean": 1.71017241478}, "dynamic_complexity": 3.95785117149, "spectral_energyband_low": {"dvar": 0.0018899544375, "mean": 0.0286401771009, "min": 5.05748939364e-14, "median": 0.0182601865381, "dvar2": 0.00435786461458, "var": 0.00207667564973, "dmean2": 0.0280886199325, "max": 0.33033400774, "dmean": 0.0173411257565}, "silence_rate_60dB": {"dvar": 0.00739912176505, "mean": 0.0920684859157, "min": 0, "median": 0, "dvar2": 0.0169016923755, "var": 0.0835985317826, "dmean2": 0.0149097265676, "max": 1, "dmean": 0.0074544288218}, "erbbands_kurtosis": {"dvar": 0.807034015656, "mean": 0.0540744774044, "min": -1.80751109123, "median": -0.537026047707, "dvar2": 1.86370110512, "var": 7.0678024292, "dmean2": 0.842666506767, "max": 38.9823150635, "dmean": 0.536078155041}, "spectral_complexity": {"dvar": 12.1467638016, "mean": 23.0077457428, "min": 0, "median": 20, "dvar2": 25.8256320953, "var": 227.493881226, "dmean2": 4.8578915596, "max": 58, "dmean": 3.13132596016}, "barkbands_crest": {"dvar": 6.7542719841, "mean": 10.9715967178, "min": 2.12566280365, "median": 10.2352428436, "dvar2": 16.8219814301, "var": 20.8519191742, "dmean2": 4.05429458618, "max": 26.536397934, "dmean": 2.48184847832}, "spectral_energy": {"dvar": 0.00191054795869, "mean": 0.0451812669635, "min": 8.39355928511e-12, "median": 0.035768520087, "dvar2": 0.00434683822095, "var": 0.00238021370023, "dmean2": 0.0317530110478, "max": 0.355691343546, "dmean": 0.0196745004505}, "spectral_spread": {"dvar": 546175352832, "mean": 5126690, "min": 702390, "median": 4749460, "dvar2": 1058907422720.0, "var": 9097438035970.0, "dmean2": 741106.5625, "max": 42268016, "dmean": 538936.3125}, "spectral_contrast_valleys": {"dvar": [0.0945100858808, 0.10818887502, 0.0723797231913, 0.0668157488108, 0.0690425634384, 0.143628001213], "mean": [-6.96374940872, -7.03006362915, -7.56947374344, -7.80684041977, -7.55414438248, -10.3333463669], "min": [-26.9622554779, -27.0514221191, -27.1745185852, -27.036907196, -27.0986404419, -27.2205238342], "median": [-6.53994750977, -6.80855512619, -7.35600376129, -7.51224279404, -7.15567111969, -10.0299015045], "dvar2": [0.235907167196, 0.263204276562, 0.156221300364, 0.135815024376, 0.133165195584, 0.267742395401], "var": [2.40065121651, 1.84707379341, 1.99056124687, 2.14911437035, 2.43982887268, 2.43078923225], "dmean2": [0.576312839985, 0.56220138073, 0.452644050121, 0.393769800663, 0.322536230087, 0.398653060198], "max": [-4.67557764053, -4.23361063004, -5.38337469101, -5.64132881165, -5.63601112366, -7.4815826416], "dmean": [0.350651681423, 0.342990994453, 0.284992605448, 0.254655361176, 0.218619585037, 0.306435018778]}, "spectral_rms": {"dvar": 3.59525142812e-06, "mean": 0.00594336586073, "min": 9.04922003997e-08, "median": 0.00590729340911, "dvar2": 7.67016626924e-06, "var": 8.7554772108e-06, "dmean2": 0.00174019706901, "max": 0.0186283644289, "dmean": 0.00110588339157}, "barkbands_spread": {"dvar": 55.1954727173, "mean": 23.5000476837, "min": 0.397981852293, "median": 22.2159805298, "dvar2": 119.524665833, "var": 232.162826538, "dmean2": 8.68386650085, "max": 134.444152832, "dmean": 5.69794654846}, "pitch_salience": {"dvar": 0.00569912791252, "mean": 0.522234320641, "min": 0.0770600438118, "median": 0.532635331154, "dvar2": 0.0143068106845, "var": 0.0144867822528, "dmean2": 0.120021753013, "max": 0.878362417221, "dmean": 0.0739995539188}, "erbbands_skewness": {"dvar": 0.0711924955249, "mean": 0.133896425366, "min": -3.96657919884, "median": 0.0170135051012, "dvar2": 0.162668719888, "var": 0.533985614777, "dmean2": 0.390503942966, "max": 4.53940200806, "dmean": 0.250817447901}, "spectral_energyband_middle_high": {"dvar": 4.01800662075e-06, "mean": 0.00523886224255, "min": 6.06301524963e-15, "median": 0.00379457953386, "dvar2": 9.63886304817e-06, "var": 2.84694106085e-05, "dmean2": 0.00190862163436, "max": 0.0389954783022, "dmean": 0.00124475348275}, "erbbands": {"dvar": [3.81633806229, 37.2710075378, 83.5381317139, 74.0364074707, 135.505233765, 413.235046387, 210.804794312, 368.611968994, 661.777832031, 1702.90820312, 2026.39123535, 988.805175781, 372.180908203, 318.853210449, 769.041809082, 771.05682373, 1307.40332031, 1638.90319824, 1093.86120605, 987.723266602, 500.963378906, 377.39239502, 53.479839325, 115.760375977, 107.48046875, 134.724502563, 165.83883667, 101.519111633, 78.4510650635, 37.6115989685, 25.2445735931, 17.2474384308, 6.50122070312, 2.39386773109, 0.973108828068, 0.392365604639, 0.105498284101, 0.0170540772378, 0.000504985393491, 7.42749364235e-07], "mean": [0.632839143276, 2.987221241, 9.47827720642, 10.1216344833, 8.65060997009, 10.2264652252, 11.7774066925, 10.3231306076, 16.3564395905, 22.4209194183, 28.2881717682, 26.2297458649, 24.408405304, 21.7662830353, 24.3882217407, 26.5118694305, 26.5478363037, 31.9549560547, 27.686384201, 26.3723754883, 32.9311676025, 24.2788124084, 11.4539794922, 16.6081199646, 15.3712825775, 17.7510242462, 23.1109809875, 14.961435318, 11.3941984177, 7.30162858963, 4.53731060028, 3.00592947006, 1.62584888935, 1.02054464817, 0.646942138672, 0.310234367847, 0.144469916821, 0.0493903420866, 0.00796085130423, 0.000357127137249], "min": [1.24189905321e-12, 4.63333624939e-12, 5.45406384986e-12, 1.14512531402e-11, 1.73475452753e-11, 1.96706973626e-11, 1.599197684e-11, 1.55324555301e-11, 1.5134934972e-11, 3.59282117945e-11, 4.27675915515e-11, 3.10343660492e-11, 9.99548620956e-12, 1.84516655427e-11, 4.20119598832e-11, 4.95500654396e-11, 3.04659249217e-11, 2.55133796034e-11, 4.02927101406e-11, 4.14101461454e-11, 1.68485555369e-11, 4.62671567725e-11, 1.96418367682e-11, 5.57406681576e-12, 9.04859086964e-12, 1.57467719419e-11, 7.05774457974e-12, 1.07832354157e-11, 1.04386187194e-11, 2.54860646476e-11, 5.1895876485e-11, 9.45470715608e-11, 8.09557629267e-11, 7.7799967857e-11, 4.80274570114e-11, 2.69338544523e-11, 2.67951338201e-11, 1.17435380864e-10, 2.17673754022e-10, 1.25637389381e-10], "median": [0.178090810776, 1.73453617096, 5.93999576569, 7.78374958038, 5.41739940643, 4.89305686951, 5.1066942215, 5.04676914215, 4.8210849762, 7.7362575531, 7.55078554153, 9.11960601807, 10.9669055939, 10.5328350067, 11.4596090317, 10.693769455, 11.9137077332, 12.1964912415, 12.2093811035, 11.9872322083, 15.0513496399, 12.3327865601, 8.19706916809, 9.12362861633, 9.81332492828, 11.4916858673, 15.4753713608, 9.3494644165, 5.43877840042, 3.02017879486, 1.27655935287, 0.775199472904, 0.376427054405, 0.245699882507, 0.14459913969, 0.0444104149938, 0.0123101305217, 0.00268794922158, 0.000314340228215, 6.63539831294e-05], "dvar2": [9.62646102905, 94.5911331177, 237.426895142, 205.585662842, 382.909820557, 1137.31616211, 551.549377441, 1037.29699707, 1840.93127441, 4751.57714844, 4737.55859375, 2266.81494141, 883.308776855, 759.355041504, 1871.19335938, 1896.69299316, 3239.70581055, 4253.14306641, 2437.31542969, 2225.23632812, 1339.58374023, 964.736938477, 137.163543701, 299.175415039, 241.623565674, 347.324615479, 446.54498291, 257.24810791, 188.011123657, 90.1789550781, 59.0080909729, 40.1135177612, 15.3844604492, 5.89984416962, 2.3367266655, 0.96004897356, 0.241907730699, 0.0392452813685, 0.00116806849837, 1.71414797023e-06], "var": [3.29621887207, 32.6682891846, 120.647094727, 123.558044434, 137.009429932, 374.74609375, 343.071716309, 340.423431396, 1018.95611572, 2140.20898438, 5686.40283203, 3363.48632812, 1772.58605957, 1136.24707031, 1926.54638672, 2218.02392578, 2543.04077148, 5185.83154297, 3039.73632812, 3395.5, 1790.73352051, 982.037719727, 139.873687744, 373.217315674, 358.462585449, 474.325836182, 617.077026367, 314.848144531, 247.894134521, 114.715858459, 69.537979126, 38.0828437805, 13.2405672073, 4.33380794525, 1.61626493931, 0.51488506794, 0.149069815874, 0.0226849485189, 0.000647618377116, 9.61217097029e-07], "dmean2": [1.10082924366, 3.78632545471, 7.32028913498, 8.08168411255, 9.53919410706, 12.4670228958, 10.610329628, 10.6277198792, 15.2865829468, 23.238111496, 21.3932247162, 17.3150539398, 16.3756198883, 14.0179758072, 16.7001152039, 19.5981826782, 21.6295852661, 23.5717506409, 19.7410430908, 17.4623298645, 21.8340549469, 16.412279129, 7.20031261444, 10.8108444214, 9.18698406219, 10.563539505, 14.1858825684, 9.15487003326, 7.27727651596, 4.82141304016, 3.17878842354, 2.16238951683, 1.19638979435, 0.780547738075, 0.546923398972, 0.323754101992, 0.166634500027, 0.0623912028968, 0.0105217415839, 0.00042535472312], "max": [14.2555341721, 57.2111625671, 136.043457031, 194.885147095, 174.501159668, 303.53125, 259.069519043, 313.320129395, 560.310546875, 995.368164062, 1439.30175781, 1242.66259766, 635.627441406, 456.132629395, 962.188354492, 840.55456543, 1709.2130127, 1813.609375, 1086.14331055, 1143.95800781, 473.573394775, 786.658874512, 166.467193604, 292.772399902, 688.947631836, 326.669372559, 218.544296265, 358.635162354, 283.798217773, 158.951431274, 120.922943115, 167.338790894, 93.3577270508, 55.0731582642, 27.2276668549, 19.8175773621, 5.48764562607, 2.17335128784, 0.401427209377, 0.0127668036148], "dmean": [0.656925439835, 2.27349257469, 4.23518323898, 4.83306312561, 5.58224391937, 7.35620594025, 6.6293387413, 6.27074384689, 9.11972141266, 13.7846002579, 13.7835063934, 11.3332366943, 10.4599752426, 9.17458534241, 10.8668041229, 12.4002351761, 13.5761451721, 14.6427412033, 12.7336502075, 11.1020336151, 13.3600244522, 10.0434761047, 4.45464611053, 6.61459159851, 5.67653465271, 6.45434093475, 8.65133571625, 5.68843507767, 4.58103847504, 3.05924320221, 2.04545903206, 1.42444229126, 0.787661790848, 0.519134819508, 0.370400935411, 0.217268750072, 0.112072281539, 0.0415804684162, 0.0069989496842, 0.000284738984192]}, "dissonance": {"dvar": 0.000247055722866, "mean": 0.469086319208, "min": 0.198742926121, "median": 0.477724671364, "dvar2": 0.000668230408337, "var": 0.00089314149227, "dmean2": 0.0240943934768, "max": 0.500000059605, "dmean": 0.014289050363}, "erbbands_flatness_db": {"dvar": 0.000247702817433, "mean": 0.132763192058, "min": 0.0268302485347, "median": 0.123566001654, "dvar2": 0.000459831033368, "var": 0.00329566374421, "dmean2": 0.019857050851, "max": 0.514442622662, "dmean": 0.0147981140763}, "melbands_kurtosis": {"dvar": 1592.00012207, "mean": 32.0042381287, "min": -1.74849486351, "median": 13.5011177063, "dvar2": 3972.52319336, "var": 2630.40209961, "dmean2": 25.3473834991, "max": 877.008056641, "dmean": 15.7681264877}, "melbands_spread": {"dvar": 57.1965942383, "mean": 19.9843444824, "min": 0.278120815754, "median": 16.8210487366, "dvar2": 128.543579102, "var": 292.496063232, "dmean2": 8.20704460144, "max": 204.862182617, "dmean": 5.28193998337}, "melbands_skewness": {"dvar": 1.84117341042, "mean": 4.01597070694, "min": -4.76216745377, "median": 3.29646897316, "dvar2": 4.1798825264, "var": 6.73743152618, "dmean2": 1.47831559181, "max": 24.2225875854, "dmean": 0.948978960514}, "spectral_entropy": {"dvar": 0.023207206279, "mean": 7.64354562759, "min": 4.17282009125, "median": 7.77448368073, "dvar2": 0.0444238483906, "var": 0.347745031118, "dmean2": 0.180838018656, "max": 9.81576633453, "dmean": 0.128303706646}, "zerocrossingrate": {"dvar": 0.000169810926309, "mean": 0.061746224761, "min": 0.00146484375, "median": 0.0517578125, "dvar2": 0.000216057524085, "var": 0.00535523192957, "dmean2": 0.0125912865624, "max": 0.8779296875, "dmean": 0.0106076551601}, "average_loudness": 0.892992138863, "spectral_contrast_coeffs": {"dvar": [0.00155534734949, 0.00135207735002, 0.00079895905219, 0.000533958605956, 0.000278243242064, 0.000375028554117], "mean": [-0.651275038719, -0.723447322845, -0.765204787254, -0.779331624508, -0.795353651047, -0.721213161945], "min": [-0.97600030899, -0.969251215458, -0.985970258713, -0.97234249115, -0.961784482002, -0.960070431232], "median": [-0.653838515282, -0.729046165943, -0.771400153637, -0.784606218338, -0.796897292137, -0.724740862846], "dvar2": [0.00429850583896, 0.00353879039176, 0.00197073072195, 0.00130060338415, 0.000666134990752, 0.000813392864075], "var": [0.00544578349218, 0.0060457601212, 0.00466785160825, 0.00316507578827, 0.00179287674837, 0.00343136745505], "dmean2": [0.0760070756078, 0.0710257962346, 0.0537856966257, 0.0445445366204, 0.0316092967987, 0.0297964289784], "max": [-0.324613153934, -0.410479009151, -0.444039404392, -0.494953691959, -0.557586431503, -0.527327477932], "dmean": [0.0459564998746, 0.0433671101928, 0.0334151983261, 0.0274187903851, 0.0195410512388, 0.0195858106017]}, "barkbands_flatness_db": {"dvar": 0.000573690980673, "mean": 0.144006699324, "min": 0.0133488820866, "median": 0.127134770155, "dvar2": 0.0012643187074, "var": 0.00684274872765, "dmean2": 0.0324650593102, "max": 0.601027131081, "dmean": 0.0220814161003}, "silence_rate_30dB": {"dvar": 0.0572136566043, "mean": 0.922781288624, "min": 0, "median": 1, "dvar2": 0.111435353756, "var": 0.0712639167905, "dmean2": 0.121840417385, "max": 1, "dmean": 0.0609166622162}, "spectral_energyband_high": {"dvar": 6.9247829515e-07, "mean": 0.0015038382262, "min": 3.93516165834e-12, "median": 0.000986284692772, "dvar2": 1.58978889431e-06, "var": 2.77861931863e-06, "dmean2": 0.000723223667592, "max": 0.016575133428, "dmean": 0.000482264353195}, "melbands_flatness_db": {"dvar": 0.000837106665131, "mean": 0.226259231567, "min": 0.0354200005531, "median": 0.209388762712, "dvar2": 0.0018286856357, "var": 0.00910850986838, "dmean2": 0.0390647500753, "max": 0.766056716442, "dmean": 0.0260551050305}, "barkbands": {"dvar": [4.50696643384e-05, 0.00145271921065, 5.92335563852e-05, 7.45399984226e-06, 2.59360858763e-05, 4.423768587e-06, 5.36500328963e-06, 3.06145716422e-06, 2.48546143666e-06, 3.34998389917e-07, 5.26539849943e-07, 6.08953882875e-07, 6.38063852421e-07, 8.17344641746e-07, 3.87534754509e-07, 1.72796816855e-07, 1.58369388714e-07, 2.07012131881e-08, 4.97157728319e-08, 6.28031244787e-08, 7.02469620251e-08, 4.84997038086e-08, 3.14936663415e-08, 2.80160961097e-08, 1.66756670694e-08, 2.848785563e-08, 1.44549510139e-08], "mean": [0.00265235058032, 0.0159163121134, 0.00882073678076, 0.00277867820114, 0.00295813893899, 0.00137317681219, 0.00143980979919, 0.00098120351322, 0.00144104135688, 0.000644726969767, 0.000588164024521, 0.00068817922147, 0.000539092754479, 0.000696136557963, 0.000470443395898, 0.000523126451299, 0.000467115809442, 0.000211594320717, 0.000317453348543, 0.000397325464291, 0.000482638948597, 0.000293523247819, 0.000171604580828, 0.000116562347102, 9.11767856451e-05, 7.76969973231e-05, 4.32819069829e-05], "min": [2.88979215177e-14, 2.74383346718e-14, 1.53978096075e-15, 2.59056006017e-15, 5.85452571296e-15, 1.88702614088e-15, 1.43932518254e-15, 1.98122700429e-15, 1.29476143416e-15, 2.34324782715e-16, 8.90695589861e-16, 1.27837716998e-15, 6.66311638754e-16, 4.25303871965e-16, 9.9843966306e-16, 2.89675050626e-16, 7.9059016566e-16, 2.73067990313e-16, 1.17522181837e-16, 3.08202837556e-16, 2.43450477461e-16, 3.55448456e-16, 1.40206716781e-15, 4.62820327039e-15, 7.06916587713e-15, 1.28223796733e-14, 4.44948114811e-12], "median": [0.000203959294595, 0.00708005018532, 0.00561859691516, 0.00185961998068, 0.00153728504665, 0.000630910741165, 0.000450856547104, 0.000263256864855, 0.000413824454881, 0.000241377943894, 0.000273435027339, 0.000237458210904, 0.000217179534957, 0.00024077508715, 0.000197373447008, 0.000220677946345, 0.000211959399167, 0.000140360789374, 0.000183547279448, 0.000260934408288, 0.000324808584992, 0.000137743889354, 5.3406583902e-05, 2.88704013656e-05, 2.19006979023e-05, 7.66729135648e-06, 1.6570400021e-06], "dvar2": [0.000100939105323, 0.00351185980253, 0.000167773614521, 1.98121342692e-05, 7.21551987226e-05, 1.22141736938e-05, 1.52840766532e-05, 7.25929112377e-06, 5.4513525356e-06, 8.4002846279e-07, 1.25415658658e-06, 1.46652268995e-06, 1.55790587542e-06, 2.03717854674e-06, 8.48733009207e-07, 4.49847760819e-07, 4.23549039397e-07, 5.30796242515e-08, 1.22796677715e-07, 1.63730604186e-07, 1.8262775825e-07, 1.18015577755e-07, 7.29230933416e-08, 6.43689759272e-08, 4.02093043306e-08, 6.67063630999e-08, 3.32889769084e-08], "var": [5.7347213442e-05, 0.00134789571166, 0.000102357116702, 1.26693039419e-05, 2.42932928813e-05, 5.12474662173e-06, 7.23714947526e-06, 5.65493064641e-06, 1.19209216791e-05, 1.07100390778e-06, 1.16386718219e-06, 2.14158103518e-06, 1.2177389408e-06, 2.38260781771e-06, 1.38931454785e-06, 5.46702835891e-07, 3.92337909716e-07, 5.26153627334e-08, 1.52079678628e-07, 2.11841580722e-07, 2.68355222488e-07, 1.58360563773e-07, 8.99768579643e-08, 6.19119475687e-08, 3.07662588739e-08, 3.91217014339e-08, 1.88369124743e-08], "dmean2": [0.00379266357049, 0.0227118059993, 0.00666378764436, 0.00256440392695, 0.00335486605763, 0.00136102642864, 0.00139531656168, 0.000912076211534, 0.000898130936548, 0.000481442053569, 0.000457585207187, 0.000513847451657, 0.000487060926389, 0.000549120712094, 0.000346615473973, 0.000365759566193, 0.000353169976734, 0.000149758139742, 0.000209895035368, 0.000248004565947, 0.000281880464172, 0.00018603503122, 0.00011897123477, 8.30684730317e-05, 6.94840346114e-05, 8.75534533407e-05, 5.65269292565e-05], "max": [0.0717489421368, 0.295391350985, 0.127771407366, 0.0703692063689, 0.0817880406976, 0.0377597995102, 0.0438847914338, 0.0513840056956, 0.0437703728676, 0.0167118851095, 0.0265437625349, 0.0321520641446, 0.0307478923351, 0.0307228341699, 0.0219040848315, 0.0123402206227, 0.0116085000336, 0.00327294971794, 0.00841072760522, 0.00734464544803, 0.00647805212066, 0.00635872408748, 0.00492650037631, 0.00555246882141, 0.00462829787284, 0.00309177814052, 0.00200611166656], "dmean": [0.00250953203067, 0.013682525605, 0.00389872002415, 0.00154947745614, 0.00198609568179, 0.000822392641567, 0.000828946183901, 0.000576208927669, 0.000594861689024, 0.000306876492687, 0.000297997350572, 0.000325492990669, 0.000304494460579, 0.000343091931427, 0.000220237270696, 0.000225482406677, 0.000213751234696, 9.20823586057e-05, 0.000128726416733, 0.000151058469783, 0.000173372856807, 0.000116799055832, 7.66565353842e-05, 5.50345030206e-05, 4.78219699289e-05, 5.89723786106e-05, 3.78045806428e-05]}, "erbbands_spread": {"dvar": 92.4757919312, "mean": 51.3126144409, "min": 0.685891807079, "median": 47.0337333679, "dvar2": 207.69190979, "var": 546.772644043, "dmean2": 12.4542636871, "max": 163.555404663, "dmean": 8.16744041443}, "barkbands_kurtosis": {"dvar": 248.396942139, "mean": 10.3440465927, "min": -1.90607345104, "median": 2.98252439499, "dvar2": 628.849243164, "var": 434.258453369, "dmean2": 9.43337154388, "max": 367.240997314, "dmean": 5.8855638504}, "spectral_flux": {"dvar": 0.00315575068817, "mean": 0.0950229465961, "min": 5.07480217493e-05, "median": 0.0756555125117, "dvar2": 0.00692702690139, "var": 0.0063710543327, "dmean2": 0.0536672286689, "max": 0.518025636673, "dmean": 0.0334437862039}, "silence_rate_20dB": {"dvar": 0, "mean": 1, "min": 1, "median": 1, "dvar2": 0, "var": 0, "dmean2": 0, "max": 1, "dmean": 0}, "gfcc": {"cov": [[19130.9785156, -667.743286133, -1374.6784668, 984.872619629, -847.266418457, 526.905456543, -137.249771118, 473.79675293, -241.357666016, 517.292724609, -414.772644043, 103.73034668, -275.599731445], [-667.743286133, 1704.28723145, -672.749023438, 207.675537109, 149.458694458, -192.208145142, 129.491256714, -60.6427154541, 76.5341262817, -89.3174667358, 84.4159240723, -72.0311813354, 171.223815918], [-1374.6784668, -672.749023438, 1880.1282959, 191.105453491, 138.137130737, 299.190429688, -0.947951316833, -1.39076459408, -88.9465866089, -29.105047226, 0.749897122383, 67.8816223145, -170.263305664], [984.872619629, 207.675537109, 191.105453491, 618.255493164, -2.35492372513, 145.40927124, 48.3519210815, 18.5740661621, -22.5222549438, 12.0346689224, -16.921421051, -22.6183414459, 31.0279178619], [-847.266418457, 149.458694458, 138.137130737, -2.35492372513, 431.597229004, -44.1317977905, 118.776763916, 11.8409414291, 43.4019050598, -0.35380384326, -2.69467926025, 4.8347120285, 54.612411499], [526.905456543, -192.208145142, 299.190429688, 145.40927124, -44.1317977905, 277.296386719, 48.6741371155, 55.380859375, 0.237141102552, 12.1643781662, -1.30586743355, -3.71496081352, -59.7721176147], [-137.249771118, 129.491256714, -0.947951316833, 48.3519210815, 118.776763916, 48.6741371155, 188.763809204, 39.9822883606, 37.8146705627, -6.02560329437, 9.70509433746, -2.42868971825, 19.7819404602], [473.79675293, -60.6427154541, -1.39076459408, 18.5740661621, 11.8409414291, 55.380859375, 39.9822883606, 109.244995117, 33.5442428589, 34.9317588806, -0.246620103717, 8.63181781769, -2.87652897835], [-241.357666016, 76.5341262817, -88.9465866089, -22.5222549438, 43.4019050598, 0.237141102552, 37.8146705627, 33.5442428589, 119.114646912, 30.2763900757, 25.9756088257, -15.6683473587, 26.5256023407], [517.292724609, -89.3174667358, -29.105047226, 12.0346689224, -0.35380384326, 12.1643781662, -6.02560329437, 34.9317588806, 30.2763900757, 88.0131988525, 8.1756439209, 10.1615772247, -7.89225196838], [-414.772644043, 84.4159240723, 0.749897122383, -16.921421051, -2.69467926025, -1.30586743355, 9.70509433746, -0.246620103717, 25.9756088257, 8.1756439209, 89.155090332, 21.2208957672, 25.5131549835], [103.73034668, -72.0311813354, 67.8816223145, -22.6183414459, 4.8347120285, -3.71496081352, -2.42868971825, 8.63181781769, -15.6683473587, 10.1615772247, 21.2208957672, 69.8207702637, 13.3342647552], [-275.599731445, 171.223815918, -170.263305664, 31.0279178619, 54.612411499, -59.7721176147, 19.7819404602, -2.87652897835, 26.5256023407, -7.89225196838, 25.5131549835, 13.3342647552, 111.612968445]], "mean": [0.184582650661, 88.3209609985, -101.438034058, 41.6129684448, -45.0242195129, 13.5586328506, -21.2269115448, 2.32072997093, -20.5231933594, 4.29031658173, -18.1100845337, -1.8061439991, -9.63401412964], "icov": [[0.000140780917718, -3.65790510841e-05, 0.000192809951841, -0.000213972190977, 0.000128190469695, -0.000207247852813, 6.76050622133e-05, -0.000353496026946, 0.000318106234772, -0.000667882268317, 0.000641309947241, -0.000572890683543, 0.000361566490028], [-3.65790510841e-05, 0.00115735689178, 0.000321818020893, -0.000624073960353, -0.000349849433405, 0.000731763022486, -0.00046348804608, 0.000318720849464, -0.000410351873143, 0.00148946151603, -0.00154247111641, 0.000920452992432, -0.000102499681816], [0.000192809951841, 0.000321818020893, 0.00135638227221, -0.000829864991829, -0.000696677539963, -0.000910702161491, 0.00052205089014, -0.000139351046528, 0.000361482263543, 0.000257434818195, 2.54319384112e-05, -0.00188942288514, 0.00219149817713], [-0.000213972190977, -0.000624073960353, -0.000829864991829, 0.00304570724256, 0.00031093150028, -0.00133420352358, -0.00038096276694, 0.000647737528197, 0.000880588835571, -0.00102668756153, 0.000441158306785, 0.00208628131077, -0.0030979977455], [0.000128190469695, -0.000349849433405, -0.000696677539963, 0.00031093150028, 0.00392516609281, 0.000851236865856, -0.00232803006656, -0.00019445590442, -0.000211896694964, -0.00185243703891, 0.00218880129978, -0.000133651454234, -0.00191808922682], [-0.000207247852813, 0.000731763022486, -0.000910702161491, -0.00133420352358, 0.000851236865856, 0.00744495168328, -0.00212692073546, -0.00197367509827, -0.00110546697397, 0.00202405778691, -0.00240886048414, 0.00183433329221, 0.00198123115115], [6.76050622133e-05, -0.00046348804608, 0.00052205089014, -0.00038096276694, -0.00232803006656, -0.00212692073546, 0.0084756789729, -0.00233534397557, -0.00119794043712, 0.00178400753066, -0.000105189777969, -0.00122716289479, 0.000799435831141], [-0.000353496026946, 0.000318720849464, -0.000139351046528, 0.000647737528197, -0.00019445590442, -0.00197367509827, -0.00233534397557, 0.01