{"tonal": {"hpcp": {"dvar": [0.0542251951993, 0.0471497811377, 0.044641777873, 0.0448291897774, 0.0431875437498, 0.0393470153213, 0.0472574047744, 0.0449863374233, 0.0383849330246, 0.039192520082, 0.0354890227318, 0.0363826677203, 0.0390149392188, 0.0402131713927, 0.0525942631066, 0.0582652688026, 0.0571503601968, 0.054620988667, 0.0639012604952, 0.0814950242639, 0.0553924627602, 0.072828926146, 0.0569640360773, 0.0530103743076, 0.039468806237, 0.0246087238193, 0.0249591693282, 0.0242403522134, 0.0235524233431, 0.0361375063658, 0.0474122054875, 0.0448949746788, 0.0437116995454, 0.0423313938081, 0.0475568659604, 0.0515831112862], "var": [0.0946957617998, 0.0540894493461, 0.0359816029668, 0.0423746854067, 0.0412476360798, 0.0418128445745, 0.0866472274065, 0.0600844323635, 0.0307853054255, 0.0303356666118, 0.0235523171723, 0.0225986372679, 0.0249003674835, 0.0261661782861, 0.0550637692213, 0.103076793253, 0.0587466955185, 0.0397523082793, 0.049224793911, 0.064560547471, 0.0945540890098, 0.109995521605, 0.0543474964797, 0.0543515756726, 0.0423334687948, 0.0195669885725, 0.0244544520974, 0.0243760198355, 0.0276681631804, 0.053506013006, 0.0869101062417, 0.051654625684, 0.0319409072399, 0.0294781494886, 0.0322126597166, 0.061178393662], "median": [0.0293485336006, 0.0248702894896, 0.00821792334318, 0.00361773231998, 0.00498133944348, 0.0302870459855, 0.0547430515289, 0.0412504225969, 0.0172549858689, 0.00895580276847, 0.00687978882343, 0.00619901297614, 0.00678903795779, 0.00693500647321, 0.0212146677077, 0.0365307331085, 0.0289071332663, 0.00799659453332, 0.00560612417758, 0.0100955851376, 0.0656034499407, 0.101130135357, 0.0748048573732, 0.0205166637897, 0.0104689281434, 0.00462292460725, 0.00427556969225, 0.00645895069465, 0.0120187662542, 0.0298581365496, 0.0369844511151, 0.0271423943341, 0.0145157044753, 0.00821345672011, 0.00662974780425, 0.0151833612472], "max": [1, 1, 1, 1, 1, 1, 1, 1, 1, 1, 1, 1, 1, 1, 1, 1, 1, 1, 1, 1, 1, 1, 1, 1, 1, 1, 1, 1, 1, 1, 1, 1, 1, 1, 1, 1], "dmean": [0.133229151368, 0.126956790686, 0.100868560374, 0.0947315692902, 0.0949186533689, 0.116529151797, 0.131190121174, 0.127061069012, 0.102937750518, 0.0885011404753, 0.0780807584524, 0.0769974887371, 0.0833702683449, 0.0889439955354, 0.122536256909, 0.136077657342, 0.140194773674, 0.118482880294, 0.134889170527, 0.174036443233, 0.159446656704, 0.203473553061, 0.175771668553, 0.132266700268, 0.101808845997, 0.0625116527081, 0.0591998398304, 0.0643820762634, 0.0716096609831, 0.106943242252, 0.128033801913, 0.125852897763, 0.105538740754, 0.0987524539232, 0.109204567969, 0.129679039121], "dmean2": [0.233452707529, 0.224587753415, 0.183724120259, 0.173428073525, 0.173380672932, 0.205918565392, 0.226382404566, 0.222109183669, 0.187085106969, 0.162557914853, 0.145710706711, 0.144157484174, 0.155006408691, 0.165774211287, 0.214246720076, 0.24241694808, 0.25159689784, 0.21992944181, 0.253972172737, 0.325617939234, 0.277885377407, 0.359189540148, 0.320245534182, 0.242654979229, 0.185060143471, 0.114214897156, 0.107815869153, 0.114103250206, 0.125067234039, 0.184573054314, 0.220007434487, 0.222894817591, 0.193796604872, 0.184557810426, 0.205110892653, 0.231439009309], "mean": [0.183817729354, 0.135390430689, 0.0788122043014, 0.0772371813655, 0.0788667500019, 0.121709726751, 0.194767951965, 0.155907407403, 0.0842615813017, 0.0718698427081, 0.0567668154836, 0.0542070940137, 0.0597211793065, 0.0612708777189, 0.128927871585, 0.20104303956, 0.145429119468, 0.0829037055373, 0.0943663343787, 0.12874352932, 0.219117105007, 0.265476286411, 0.175480484962, 0.117881685495, 0.0924019291997, 0.0508322753012, 0.0541973039508, 0.0616818629205, 0.0739086568356, 0.133744761348, 0.181426286697, 0.133368819952, 0.078887462616, 0.0699084848166, 0.0741031616926, 0.132081523538], "dvar2": [0.135276347399, 0.128990381956, 0.12333894521, 0.120889037848, 0.114078693092, 0.106836080551, 0.119173713028, 0.123662531376, 0.106994904578, 0.107670597732, 0.100627109408, 0.105241529644, 0.112262748182, 0.115830928087, 0.141038566828, 0.149275064468, 0.161982640624, 0.15400211513, 0.189516246319, 0.252786666155, 0.144393697381, 0.200953692198, 0.170716926455, 0.142949134111, 0.105751611292, 0.0691538378596, 0.0689742714167, 0.0663871541619, 0.0624146722257, 0.0922320112586, 0.121020793915, 0.122342273593, 0.122348122299, 0.118748545647, 0.136667996645, 0.143704369664], "min": [0, 0, 0, 0, 0, 0, 0, 0, 0, 0, 0, 0, 0, 0, 0, 0, 0, 0, 0, 0, 0, 0, 0, 0, 0, 0, 0, 0, 0, 0, 0, 0, 0, 0, 0, 0]}, "key_key": "A", "thpcp": [1, 0.661002457142, 0.44403848052, 0.348060965538, 0.191475763917, 0.204151198268, 0.232344150543, 0.278400212526, 0.503791749477, 0.683399200439, 0.502375662327, 0.297154456377, 0.263332307339, 0.27913287282, 0.49752664566, 0.692407369614, 0.509990692139, 0.296870976686, 0.290938168764, 0.297076433897, 0.458458006382, 0.733654797077, 0.587274312973, 0.317397773266, 0.270720392466, 0.213830083609, 0.204188078642, 0.224958628416, 0.230796054006, 0.485647410154, 0.757291913033, 0.547804534435, 0.312282890081, 0.355460494757, 0.484953016043, 0.825373530388], "chords_key": "G", "tuning_equal_tempered_deviation": 0.0328292809427, "tuning_frequency": 440, "tuning_diatonic_strength": 0.497596681118, "chords_histogram": [18.8422813416, 5.03355693817, 19.5302009583, 20.7885913849, 2.44966435432, 2.75167775154, 0.218120798469, 10.2852344513, 1.37583887577, 2.26510071754, 2.26510071754, 1.72818791866, 0, 0.0671140924096, 0, 0.234899327159, 0.402684569359, 0.469798654318, 0.268456369638, 0, 3.506711483, 0.503355681896, 6.44295310974, 0.570469796658], "key_strength": 0.620959043503, "key_scale": "minor", "chords_strength": {"dvar": 0.00011233297846, "var": 0.00764291360974, "median": 0.469783395529, "max": 0.707189977169, "dmean": 0.0123064182699, "dmean2": 0.0128332488239, "mean": 0.467370659113, "dvar2": 0.000154179972014, "min": 0.186593383551}, "chords_number_rate": 0.002181207994, "tuning_nontempered_energy_ratio": 0.719867825508, "hpcp_entropy": {"dvar": 0.25697389245, "var": 0.490741044283, "median": 1.86431360245, "max": 4.39513254166, "dmean": 0.600018262863, "dmean2": 1.01036334038, "mean": 1.89657092094, "dvar2": 0.702806591988, "min": 0}, "chords_changes_rate": 0.0929530188441, "chords_scale": "major"}, "rhythm": {"bpm_histogram_first_peak_spread": {"dvar": 0, "var": 0, "median": 0.033096909523, "max": 0.033096909523, "dmean": 0, "dmean2": 0, "mean": 0.033096909523, "dvar2": 0, "min": 0.033096909523}, "bpm_histogram_first_peak_weight": {"dvar": 0, "var": 0, "median": 0.894967198372, "max": 0.894967198372, "dmean": 0, "dmean2": 0, "mean": 0.894967198372, "dvar2": 0, "min": 0.894967198372}, "bpm_histogram_first_peak_bpm": {"dvar": 0, "var": 0, "median": 98, "max": 98, "dmean": 0, "dmean2": 0, "mean": 98, "dvar2": 0, "min": 98}, "bpm": 98.0761413574, "bpm_histogram_second_peak_weight": {"dvar": 0, "var": 0, "median": 0.0306345727295, "max": 0.0306345727295, "dmean": 0, "dmean2": 0, "mean": 0.0306345727295, "dvar2": 0, "min": 0.0306345727295}, "beats_loudness": {"dvar": 0.000866938789841, "var": 0.00138153170701, "median": 0.0412118919194, "max": 0.177921175957, "dmean": 0.031954832375, "dmean2": 0.0512026697397, "mean": 0.0485610030591, "dvar2": 0.0023162139114, "min": 5.20415988081e-10}, "beats_loudness_band_ratio": {"dvar": [0.0506213530898, 0.0148409809917, 0.0132457818836, 0.0111400326714, 0.00847016181797, 0.00758896907791], "var": [0.0927191749215, 0.0567378252745, 0.0195094943047, 0.0189233571291, 0.00839306134731, 0.0063350610435], "median": [0.448909163475, 0.049894656986, 0.103308573365, 0.0887293294072, 0.0281639844179, 0.0359667502344], "max": [0.994429767132, 0.979058682919, 0.733672678471, 0.61708009243, 0.431824147701, 0.800080060959], "dmean": [0.303757816553, 0.0895249694586, 0.105596326292, 0.116082854569, 0.108163125813, 0.0784010663629], "dmean2": [0.55474793911, 0.15294662118, 0.179173484445, 0.213200047612, 0.214398160577, 0.148777022958], "mean": [0.487791955471, 0.149314880371, 0.142430141568, 0.134207308292, 0.0700459778309, 0.0595889128745], "dvar2": [0.148574307561, 0.0362344495952, 0.0335834883153, 0.0338441319764, 0.0309758912772, 0.0246522109956], "min": [0.000593987759203, 0.000977408373728, 0.000144752717461, 7.56117879064e-06, 1.9858127871e-06, 5.56676377528e-06]}, "bpm_histogram_second_peak_bpm": {"dvar": 0, "var": 0, "median": 133, "max": 133, "dmean": 0, "dmean2": 0, "mean": 133, "dvar2": 0, "min": 133}, "onset_rate": 4.26417922974, "beats_count": 458, "beats_position": [0.441179126501, 0.893968224525, 1.34675729275, 1.79954648018, 2.2523355484, 2.70512461662, 3.15791368484, 3.62231278419, 4.08671188354, 4.55111122131, 5.02712011337, 5.47990942001, 5.93269824982, 6.3622674942, 6.78022670746, 7.19818592072, 7.65097475052, 8.10376358032, 8.55655288696, 9.0093421936, 9.47374153137, 9.93814086914, 10.379319191, 10.8321084976, 11.2848978043, 11.749297142, 12.2601356506, 12.7593650818, 13.2585935593, 13.8623123169, 14.4660310745, 15.0813598633, 15.7082986832, 16.3236274719, 16.9389572144, 17.5542850494, 18.1696147919, 18.784942627, 19.4002723694, 20.0156002045, 20.6193199158, 21.2230377197, 21.8383674622, 22.4536952972, 23.0574150085, 23.6727428436, 24.2880725861, 24.89179039, 25.5071201324, 26.1224479675, 26.7261676788, 27.3414955139, 27.9568252563, 28.5605430603, 29.1642627716, 29.7795906067, 30.3949203491, 30.9986381531, 31.6139678955, 32.2292976379, 32.8330154419, 33.4483451843, 34.0636711121, 34.6673927307, 35.2827186584, 35.8980484009, 36.5017662048, 37.1170959473, 37.7324256897, 38.3361434937, 38.9514732361, 39.5668029785, 40.1821289062, 40.7858505249, 41.3895683289, 42.0048980713, 42.6202278137, 43.2355537415, 43.8392753601, 44.4429931641, 45.0583229065, 45.6736488342, 46.2889785767, 46.9043083191, 47.508026123, 48.111743927, 48.7270736694, 49.3424034119, 49.9461212158, 50.5614509583, 51.1767807007, 51.7804985046, 52.3958282471, 53.0111541748, 53.6264839172, 54.2418136597, 54.8455314636, 55.4492492676, 56.06457901, 56.6799087524, 57.2836265564, 57.8989562988, 58.5142860413, 59.1180038452, 59.7333335876, 60.3486595154, 60.952381134, 61.5677070618, 62.1830368042, 62.7867546082, 63.4020843506, 64.0174102783, 64.621131897, 65.2248535156, 65.8401794434, 66.4555053711, 67.0708389282, 67.686164856, 68.2898864746, 68.8936004639, 69.508934021, 70.1242599487, 70.7395935059, 71.3549194336, 71.9586410522, 72.5623550415, 73.1776885986, 73.7930145264, 74.4083404541, 75.0236740112, 75.6506118774, 76.2543258667, 76.8580474854, 77.461769104, 78.0770950317, 78.6924285889, 79.2961425781, 79.8998641968, 80.5151901245, 81.1305236816, 81.7342376709, 82.3379592896, 82.9532852173, 83.5686187744, 84.1839447021, 84.7992706299, 85.4029922485, 86.0067138672, 86.6220397949, 87.2373657227, 87.8526992798, 88.4680252075, 89.0717468262, 89.6754608154, 90.2907943726, 90.9061203003, 91.5098419189, 92.1251678467, 92.7404937744, 93.3442153931, 93.9595413208, 94.5748748779, 95.1785888672, 95.7939224243, 96.4092483521, 97.0129699707, 97.6282958984, 98.2436294556, 98.8473434448, 99.4510650635, 100.066390991, 100.681724548, 101.297050476, 101.912376404, 102.516098022, 103.119819641, 103.746757507, 104.350471497, 104.965805054, 105.581130981, 106.1848526, 106.788566589, 107.403900146, 108.019226074, 108.634559631, 109.249885559, 109.853607178, 110.457321167, 111.072654724, 111.687980652, 112.291702271, 112.89541626, 113.510749817, 114.126075745, 114.741401672, 115.356735229, 115.960449219, 116.564170837, 117.179496765, 117.794830322, 118.41015625, 119.025482178, 119.629203796, 120.244529724, 120.859863281, 121.463577271, 122.078910828, 122.694236755, 123.297958374, 123.901672363, 124.51700592, 125.132331848, 125.736053467, 126.351379395, 126.966712952, 127.570426941, 128.185760498, 128.801086426, 129.416412354, 130.031738281, 130.635467529, 131.239181519, 131.854507446, 132.469833374, 133.073562622, 133.68888855, 134.304214478, 134.907928467, 135.523269653, 136.138595581, 136.753921509, 137.369247437, 137.972961426, 138.576690674, 139.192016602, 139.807342529, 140.422668457, 141.037994385, 141.641723633, 142.245437622, 142.849151611, 143.464492798, 144.079818726, 144.695144653, 145.310470581, 145.914199829, 146.529525757, 147.144851685, 147.748565674, 148.352294922, 148.96762085, 149.582946777, 150.186660767, 150.801986694, 151.417327881, 152.02104187, 152.636367798, 153.251693726, 153.855422974, 154.470748901, 155.086074829, 155.689788818, 156.305114746, 156.920455933, 157.524169922, 158.13949585, 158.754821777, 159.358551025, 159.973876953, 160.589202881, 161.204528809, 161.819854736, 162.470016479, 163.120178223, 163.839996338, 164.559814453, 165.186752319, 165.802078247, 166.440628052, 167.067565918, 167.706115723, 168.333053589, 168.971603394, 169.621765137, 170.27192688, 170.910476685, 171.549026489, 172.187576294, 172.802902222, 173.418228149, 174.033554077, 174.637283325, 175.240997314, 175.856323242, 176.47164917, 177.086975098, 177.702316284, 178.306030273, 178.921356201, 179.536682129, 180.140411377, 180.755737305, 181.371063232, 181.974777222, 182.57850647, 183.193832397, 183.809158325, 184.424484253, 185.039810181, 185.643539429, 186.247253418, 186.862579346, 187.477905273, 188.09324646, 188.708572388, 189.312286377, 189.916000366, 190.531341553, 191.14666748, 191.761993408, 192.365707397, 192.981033325, 193.596374512, 194.211700439, 194.815414429, 195.419128418, 196.034469604, 196.649795532, 197.253509521, 197.868835449, 198.484161377, 199.099502563, 199.703216553, 200.31854248, 200.92225647, 201.537597656, 202.152923584, 202.768249512, 203.383575439, 203.987304688, 204.591018677, 205.206344604, 205.821670532, 206.42539978, 207.02911377, 207.644439697, 208.259765625, 208.863494873, 209.490432739, 210.094146729, 210.697860718, 211.301589966, 211.928527832, 212.54385376, 213.159179688, 213.762893677, 214.366622925, 214.981948853, 215.59727478, 216.20098877, 216.816329956, 217.431655884, 218.035369873, 218.650695801, 219.266021729, 219.881362915, 220.496688843, 221.100402832, 221.704116821, 222.319458008, 222.934783936, 223.538497925, 224.142211914, 224.757553101, 225.372879028, 225.976593018, 226.591918945, 227.207244873, 227.82258606, 228.437911987, 229.041625977, 229.656951904, 230.272293091, 230.87600708, 231.479721069, 232.095046997, 232.710388184, 233.314102173, 233.929428101, 234.544754028, 235.148483276, 235.763809204, 236.379135132, 236.99446106, 237.609786987, 238.213516235, 238.817230225, 239.432556152, 240.04788208, 240.651611328, 241.255325317, 241.870651245, 242.485977173, 243.101318359, 243.705032349, 244.320358276, 244.935684204, 245.539413452, 246.15473938, 246.770065308, 247.385391235, 247.989105225, 248.604446411, 249.219772339, 249.823486328, 250.438812256, 251.054138184, 251.66947937, 252.273193359, 252.888519287, 253.492233276, 254.095962524, 254.699676514, 255.315002441, 255.930328369, 256.545654297, 257.160980225, 257.77633667, 258.391662598, 258.995361328, 259.599090576, 260.214416504, 260.829742432, 261.445068359, 262.060394287, 262.664123535, 263.267852783, 263.883178711, 264.498504639, 265.102203369, 265.717559814, 266.332885742, 266.936584473, 267.5519104, 268.155639648, 268.770965576, 269.386291504, 270.001617432, 270.60534668, 271.220672607, 271.835998535, 272.439727783, 273.043426514, 273.658782959, 274.274108887, 274.877807617, 275.493133545, 276.10848999], "danceability": 1.19312012196, "bpm_histogram_second_peak_spread": {"dvar": 0, "var": 0, "median": 0.333333313465, "max": 0.333333313465, "dmean": 0, "dmean2": 0, "mean": 0.333333313465, "dvar2": 0, "min": 0.333333313465}}, "lowlevel": {"spectral_flux": {"dvar": 0.00197778851725, "var": 0.00592622580007, "median": 0.0739158838987, "max": 0.425859987736, "dmean": 0.0342235565186, "dmean2": 0.0521060600877, "mean": 0.0937409028411, "dvar2": 0.00380480638705, "min": 6.48115172641e-11}, "spectral_rolloff": {"dvar": 1300641.375, "var": 2569185.5, "median": 516.796875, "max": 20198.1445312, "dmean": 398.843109131, "dmean2": 665.22845459, "mean": 943.893920898, "dvar2": 3012617.5, "min": 21.533203125}, "barkbands_flatness_db": {"dvar": 0.00103376747575, "var": 0.00881439819932, "median": 0.186193585396, "max": 0.602078855038, "dmean": 0.0306092929095, "dmean2": 0.0429834797978, "mean": 0.204327046871, "dvar2": 0.0018940892769, "min": 0.0199850667268}, "spectral_centroid": {"dvar": 132395.5, "var": 555456.875, "median": 702.165893555, "max": 11698.8193359, "dmean": 221.547393799, "dmean2": 315.277893066, "mean": 864.695556641, "dvar2": 235544.859375, "min": 94.4982833862}, "melbands_skewness": {"dvar": 2.38158273697, "var": 9.02626037598, "median": 2.7929289341, "max": 27.7441501617, "dmean": 1.20880365372, "dmean2": 1.81618869305, "mean": 3.57641339302, "dvar2": 5.0524148941, "min": -2.44101881981}, "melbands": {"dvar": [6.38737265035e-06, 1.95184638869e-05, 3.4394528484e-05, 2.68823441729e-06, 2.35187769704e-07, 2.56996173675e-07, 2.84762137426e-07, 1.39246495223e-07, 6.04830034945e-08, 7.64807808196e-08, 6.41175503802e-08, 6.95394248851e-08, 5.21450225222e-08, 7.15423240649e-08, 2.35862778197e-08, 1.88488264996e-08, 1.83219626138e-08, 6.872582059e-09, 4.38851310847e-09, 2.9777229571e-09, 1.04855502059e-09, 6.10599459883e-10, 5.18684650785e-10, 1.05278445683e-10, 7.28902979641e-11, 1.35258110268e-10, 6.52324028128e-11, 4.39926532703e-11, 3.623324904e-11, 1.53151519244e-11, 2.01283607837e-11, 1.44645883812e-11, 1.82108807201e-11, 2.1848672177e-11, 1.26922933968e-11, 1.84036900303e-11, 2.14775853352e-11, 1.02846273164e-11, 1.2767324524e-11, 3.6577550884e-12], "var": [1.33959638333e-05, 3.16578079946e-05, 2.64874797722e-05, 2.67206655735e-06, 4.4076026029e-07, 4.02042303449e-07, 5.4902187685e-07, 2.83057204342e-07, 1.88518939126e-07, 2.18592276724e-07, 2.19263284862e-07, 2.6147657195e-07, 1.64179851936e-07, 7.83476110655e-08, 3.31473515303e-08, 2.85049459592e-08, 2.48263294367e-08, 1.20353371713e-08, 6.67448718517e-09, 3.27631277663e-09, 1.3374689134e-09, 8.0445150541e-10, 5.55334667141e-10, 1.18454163145e-10, 8.63204369095e-11, 1.29649638247e-10, 6.93747351233e-11, 5.3837205527e-11, 4.71336476793e-11, 2.27704521905e-11, 2.95127706995e-11, 1.98704108723e-11, 2.73430288827e-11, 3.43765432786e-11, 2.26953074389e-11, 3.29880185668e-11, 3.6555095756e-11, 2.04844370633e-11, 1.97867260771e-11, 5.65473362579e-12], "median": [0.00164197408594, 0.0026626335457, 0.000561233260669, 0.00022034268477, 8.68526112754e-05, 7.57794841775e-05, 8.26528848847e-05, 5.74458827032e-05, 4.20382784796e-05, 2.98202685372e-05, 2.02048759093e-05, 1.79811831913e-05, 1.60290401254e-05, 5.59765385333e-06, 5.39952679901e-06, 5.27574638909e-06, 4.09803215007e-06, 4.27370287071e-06, 3.06619972434e-06, 1.85490455351e-06, 1.32325044433e-06, 1.30344869831e-06, 1.47039986587e-06, 9.60159468377e-07, 7.81214112067e-07, 8.58049133967e-07, 6.78937340126e-07, 4.50157159548e-07, 2.83158527736e-07, 4.1819188823e-07, 4.3772860181e-07, 2.96727279192e-07, 3.47821355717e-07, 4.27501674949e-07, 3.37127801231e-07, 3.16341697726e-07, 3.44596685409e-07, 4.02132911859e-07, 3.53731081759e-07, 1.74393292696e-07], "max": [0.0264169164002, 0.0504297502339, 0.0569083020091, 0.018613897264, 0.0182697344571, 0.013058623299, 0.0114621724933, 0.00791226979345, 0.00740495696664, 0.0066915685311, 0.00718552153558, 0.00701656378806, 0.00670910533518, 0.00484543852508, 0.00275933928788, 0.00246180151589, 0.00513645913452, 0.00180804252159, 0.00216561090201, 0.00116368720774, 0.000910942268092, 0.000531712023076, 0.000381412071874, 0.000238135253312, 0.000158792288858, 0.000194476582692, 0.000131672422867, 0.000147110054968, 0.000213908497244, 7.95265004854e-05, 0.000142949793371, 9.26908833208e-05, 0.000133504916448, 0.000137349721626, 9.15693744901e-05, 0.000133355744765, 0.000146336940816, 9.1126843472e-05, 0.000116470175271, 4.57492133137e-05], "dmean": [0.00159167312086, 0.00244214315899, 0.00215282500722, 0.000663386483211, 0.000169177685166, 0.000163181437529, 0.000195009706658, 0.000131311884616, 0.000104667407868, 0.00010674794612, 9.17669531191e-05, 8.78654318512e-05, 8.12713988125e-05, 6.76371491863e-05, 4.9118683819e-05, 4.40815601905e-05, 3.87529871659e-05, 2.77537164948e-05, 2.01544407901e-05, 1.47112887134e-05, 8.67902781465e-06, 7.26789403416e-06, 6.84838141751e-06, 3.4944998788e-06, 2.90605976261e-06, 3.60760691365e-06, 2.65025732915e-06, 1.93948835658e-06, 1.44006412484e-06, 1.45885223901e-06, 1.6839288719e-06, 1.26702809666e-06, 1.41997929859e-06, 1.53333360231e-06, 1.14068132007e-06, 1.08265794552e-06, 1.17049557957e-06, 9.82241886049e-07, 1.04264847778e-06, 5.52539802356e-07], "dmean2": [0.0024179185275, 0.00367938750423, 0.00366365234368, 0.0011743005598, 0.000283765635686, 0.000265290698735, 0.000310967239784, 0.000213148916373, 0.000162249503774, 0.000160807496286, 0.000139718482387, 0.000129748674226, 0.000123343794257, 0.000114589201985, 7.81029666541e-05, 7.00847594999e-05, 6.14555392531e-05, 4.27374798164e-05, 3.08586531901e-05, 2.38035263465e-05, 1.33468956847e-05, 1.11441549961e-05, 1.09196071207e-05, 5.64678975934e-06, 4.61364516013e-06, 5.89464161749e-06, 4.2304886847e-06, 3.06229867419e-06, 2.1638365979e-06, 2.21877985496e-06, 2.58355453298e-06, 1.93672917703e-06, 2.10357598007e-06, 2.28192811846e-06, 1.69515794823e-06, 1.58149862273e-06, 1.72997340542e-06, 1.46196418882e-06, 1.57840452175e-06, 8.12317693999e-07], "mean": [0.00299207237549, 0.00439742999151, 0.00206782692112, 0.000776528788265, 0.000253168022027, 0.000259555032244, 0.000340506259818, 0.000233188911807, 0.00024066309561, 0.000226567513891, 0.000164441356901, 0.000180909773917, 0.000135793583468, 7.38601302146e-05, 6.43331804895e-05, 5.87526810705e-05, 4.86338030896e-05, 3.67614447896e-05, 2.6173207516e-05, 1.6574305846e-05, 1.10373030111e-05, 9.19394187804e-06, 8.26471023174e-06, 4.48187347502e-06, 3.6280346194e-06, 3.99514010496e-06, 3.13656096296e-06, 2.36679579757e-06, 1.77195079232e-06, 1.88548472124e-06, 2.10827511182e-06, 1.59877208716e-06, 1.86135969216e-06, 2.081143748e-06, 1.5472950281e-06, 1.58016359819e-06, 1.70646160313e-06, 1.538118795e-06, 1.51067263232e-06, 7.85522047408e-07], "dvar2": [1.51738349814e-05, 4.53237589682e-05, 8.98476500879e-05, 7.46669275031e-06, 5.82199845667e-07, 6.37161122086e-07, 6.70202325637e-07, 3.42872340298e-07, 1.49480854361e-07, 1.8214825559e-07, 1.29224275724e-07, 1.51438086959e-07, 1.09505151613e-07, 1.89853167853e-07, 5.85442414547e-08, 4.67128202786e-08, 4.52811299567e-08, 1.49086840651e-08, 9.5311003534e-09, 7.0972783206e-09, 2.45397524523e-09, 1.36768996128e-09, 1.28665644805e-09, 2.71401123797e-10, 1.69400354855e-10, 3.46384754213e-10, 1.63879132486e-10, 1.04804866174e-10, 8.04627753315e-11, 3.44443917832e-11, 4.40370830079e-11, 3.38087960405e-11, 3.98318843187e-11, 4.67604080456e-11, 2.6970122316e-11, 3.94115955149e-11, 4.80123753255e-11, 2.16903110056e-11, 2.90005970627e-11, 8.11584133231e-12], "min": [2.35324169725e-24, 2.02965194e-24, 1.31169819168e-24, 3.13324901932e-24, 2.66342969379e-24, 3.68470302397e-24, 2.64602130855e-24, 3.07021765248e-24, 2.4524178819e-24, 3.13722665322e-24, 4.58135191113e-24, 4.39336714628e-24, 4.1390833555e-24, 5.42601920337e-24, 2.93335521581e-24, 4.04803105767e-24, 5.14105582313e-24, 4.52564413172e-24, 4.32457334775e-24, 5.1622828868e-24, 4.66836405784e-24, 5.87941740307e-24, 6.76354667324e-24, 7.6094059343e-24, 5.59666756654e-24, 3.8226101097e-24, 3.80236517786e-24, 4.42570689352e-24, 4.66443119179e-24, 5.21652614593e-24, 5.87816350867e-24, 6.17563348969e-24, 7.82033156314e-24, 5.46356937689e-24, 7.82770820147e-24, 6.73726498332e-24, 7.32880968804e-24, 7.43140578193e-24, 6.20606656013e-24, 8.23004461807e-24]}, "spectral_decrease": {"dvar": 3.4109884437e-17, "var": 7.48162166218e-17, "median": -7.7260242648e-09, "max": 9.3665719045e-29, "dmean": 3.75029074462e-09, "dmean2": 5.92218007966e-09, "mean": -9.55412993164e-09, "dvar2": 8.2360739083e-17, "min": -5.88391948497e-08}, "barkbands_kurtosis": {"dvar": 1544.1809082, "var": 2465.71484375, "median": 6.14993476868, "max": 1750.90527344, "dmean": 12.6968841553, "dmean2": 19.5162010193, "mean": 21.2009487152, "dvar2": 3650.4375, "min": -1.93794691563}, "silence_rate_30dB": {"dvar": 0.0514158941805, "var": 0.0429477281868, "median": 1, "max": 1, "dmean": 0.054376102984, "dmean2": 0.108761332929, "mean": 0.95502603054, "dvar2": 0.124802738428, "min": 0}, "gfcc": {"mean": [-65.1000976562, 99.4236755371, -71.1583862305, 23.0949306488, -50.7724494934, 21.2788047791, -31.614824295, 12.0110740662, -18.0451316833, 2.28440952301, -13.6193847656, -2.10791540146, -11.3803596497], "cov": [[26607.2871094, -1234.62402344, -1942.13244629, 1216.26953125, -484.583831787, 1823.2479248, 236.833786011, 1312.76049805, 36.5310554504, 211.413696289, -358.07901001, -242.501449585, -758.687683105], [-1234.62402344, 1655.79455566, 77.3530807495, -445.93270874, 195.746322632, -146.46182251, 90.30519104, -120.578544617, 48.2016181946, -104.897155762, 133.406539917, -43.5237312317, 102.719078064], [-1942.13244629, 77.3530807495, 1707.07556152, 458.709869385, 34.0173568726, -227.436553955, 40.1913795471, -83.9699401855, -98.751953125, -75.0703125, -24.3745384216, 75.1803665161, 69.2768554688], [1216.26953125, -445.93270874, 458.709869385, 987.373840332, 105.701095581, 119.589096069, -38.917224884, 130.364822388, 32.9025535583, 1.83185493946, -36.7848167419, -32.5085372925, 6.06874704361], [-484.583831787, 195.746322632, 34.0173568726, 105.701095581, 554.977966309, 71.06615448, 41.6658172607, -36.0223884583, 52.8032646179, -3.81746101379, 7.69586753845, -15.7771959305, -16.6218852997], [1823.2479248, -146.46182251, -227.436553955, 119.589096069, 71.06615448, 477.418029785, 155.546463013, 182.925231934, 47.6708183289, 59.6874885559, 7.8893532753, -76.2964172363, -94.4315185547], [236.833786011, 90.30519104, 40.1913795471, -38.917224884, 41.6658172607, 155.546463013, 337.62298584, 89.9735565186, 9.10123634338, 26.223192215, 23.6413288116, -5.9669713974, -35.8461608887], [1312.76049805, -120.578544617, -83.9699401855, 130.364822388, -36.0223884583, 182.925231934, 89.9735565186, 285.209960938, 78.856803894, 21.2688903809, -5.97033977509, -32.5843963623, -46.3714332581], [36.5310554504, 48.2016181946, -98.751953125, 32.9025535583, 52.8032646179, 47.6708183289, 9.10123634338, 78.856803894, 171.398956299, 45.0346984863, -2.25944900513, -24.9393539429, 1.6706520319], [211.413696289, -104.897155762, -75.0703125, 1.83185493946, -3.81746101379, 59.6874885559, 26.223192215, 21.2688903809, 45.0346984863, 110.256851196, 29.1823444366, -13.5765695572, -19.8395767212], [-358.07901001, 133.406539917, -24.3745384216, -36.7848167419, 7.69586753845, 7.8893532753, 23.6413288116, -5.97033977509, -2.25944900513, 29.1823444366, 121.315536499, 28.3931102753, 11.8047094345], [-242.501449585, -43.5237312317, 75.1803665161, -32.5085372925, -15.7771959305, -76.2964172363, -5.9669713974, -32.5843963623, -24.9393539429, -13.5765695572, 28.3931102753, 134.666854858, 48.3386497498], [-758.687683105, 102.719078064, 69.2768554688, 6.06874704361, -16.6218852997, -94.4315185547, -35.8461608887, -46.3714332581, 1.6706520319, -19.8395767212, 11.8047094345, 48.3386497498, 120.998931885]], "icov": [[0.000108388303488, -0.000200697017135, 0.000153368586325, -0.000245112576522, 0.000164295983268, -0.000258452055277, 0.000141800643178, -0.000301267486066, 0.000346947897924, -0.000384072802262, 0.000625469896477, -0.000532004167326, 0.000605641806033], [-0.000200697017135, 0.00169241719414, -0.000501618429553, 0.00114793039393, -0.000725138699636, 0.000634067575447, -0.000670804758556, 0.000778695975896, -0.00155006512068, 0.00264176586643, -0.00308943213895, 0.00261771120131, -0.00226039369591], [0.000153368586325, -0.000501618429553, 0.00110750214662, -0.000977807212621, 0.000290613505058, 0.000144969133544, -0.000220882880967, -0.000293112854706, 0.000951725291088, -0.000660501827952, 0.00129739555996, -0.00123607029673, 0.00102352385875], [-0.000245112576522, 0.00114793039393, -0.000977807212621, 0.00242455350235, -0.000911500188522, 0.000139935917105, 0.000147486731294, -2.34091094171e-05, -0.00113494077232, 0.00158291927073, -0.00213233730756, 0.00233144755475, -0.00250262441114], [0.000164295983268, -0.000725138699636, 0.000290613505058, -0.000911500188522, 0.00255501153879, -0.000913873780519, -1.19574388009e-05, 0.000657977128867, -0.000444665143732, -0.000320864026435, 0.00121728831436, -0.00139997364022, 0.00180553086102], [-0.000258452055277, 0.000634067575447, 0.000144969133544, 0.000139935917105, -0.000913873780519, 0.00472184643149, -0.00165663019288, -0.000928135879803, -0.000261249166215, 3.71531750716e-05, -0.00191344833001, 0.00243309419602, -0.000311413372401], [0.000141800643178, -0.000670804758556, -0.000220882880967, 0.000147486731294, -1.19574388009e-05, -0.00165663019288, 0.00438971212134, -0.00154371245299, 0.00114687927999, -0.00160650152247, 0.000977261341177, -0.00151617021766, 0.00122308637947], [-0.000301267486066, 0.000778695975896, -0.000293112854706, -2.34091094171e-05, 0.000657977128867, -0.000928135879803, -0.00154371245299, 0.00726349046454, -0.0041415700689, 0.00295316521078, -0.00217293621972, 0.00125279906206, -0.000435806228779], [0.000346947897924, -0.00155006512068, 0.000951725291088, -0.00113494077232, -0.000444665143732, -0.000261249166215, 0.00114687927999, -0.0041415700689, 0.0104959346354, -0.00633130036294, 0.00423741899431, -0.00161448167637, 0.000539474422112], [-0.000384072802262, 0.00264176586643, -0.000660501827952, 0.00158291927073, -0.000320864026435, 3.71531750716e-05, -0.00160650152247, 0.00295316521078, -0.00633130036294, 0.016583468765, -0.00817797891796, 0.00443833554164, -0.00188007694669], [0.000625469896477, -0.00308943213895, 0.00129739555996, -0.00213233730756, 0.00121728831436, -0.00191344833001, 0.000977261341177, -0.00217293621972, 0.00423741899431, -0.00817797891796, 0.0162473265082, -0.00744697730988, 0.00402985932305], [-0.000532004167326, 0.00261771120131, -0.00123607029673, 0.00233144755475, -0.00139997364022, 0.00243309419602, -0.00151617021766, 0.00125279906206, -0.00161448167637, 0.00443833554164, -0.00744697730988, 0.0144348917529, -0.00751988356933], [0.000605641806033, -0.00226039369591, 0.00102352385875, -0.00250262441114, 0.00180553086102, -0.000311413372401, 0.00122308637947, -0.000435806228779, 0.000539474422112, -0.00188007694669, 0.00402985932305, -0.00751988356933, 0.0160160623491]]}, "silence_rate_20dB": {"dvar": 0, "var": 0, "median": 1, "max": 1, "dmean": 0, "dmean2": 0, "mean": 1, "dvar2": 0, "min": 1}, "barkbands_skewness": {"dvar": 1.71713352203, "var": 6.37292861938, "median": 2.08548498154, "max": 37.4981842041, "dmean": 0.996212661266, "dmean2": 1.47363448143, "mean": 2.70642495155, "dvar2": 3.76242089272, "min": -4.2811589241}, "erbbands_skewness": {"dvar": 0.432242184877, "var": 2.16764092445, "median": 0.8802318573, "max": 8.85761165619, "dmean": 0.59036898613, "dmean2": 0.855449676514, "mean": 0.95039498806, "dvar2": 0.863905072212, "min": -5.17793464661}, "spectral_contrast_valleys": {"dvar": [0.136744782329, 0.130824685097, 0.191955313087, 0.222764372826, 0.180364340544, 0.173118010163], "var": [3.28778719902, 2.84960222244, 3.2014966011, 3.37397480011, 3.24295973778, 3.37449383736], "median": [-6.89696025848, -7.02623271942, -7.77929782867, -8.37405395508, -8.36768913269, -10.0972557068], "max": [-5.2280163765, -4.75809335709, -4.76856279373, -5.17476797104, -5.5361790657, -7.46039819717], "dmean": [0.397220999002, 0.379111230373, 0.419227093458, 0.414491832256, 0.367588996887, 0.360296159983], "dmean2": [0.66735970974, 0.59797167778, 0.640495836735, 0.599733829498, 0.493767768145, 0.440998315811], "mean": [-7.42596435547, -7.36741542816, -8.15705394745, -8.71369552612, -8.80484199524, -10.5958538055], "dvar2": [0.34471014142, 0.295214295387, 0.404325187206, 0.439333051443, 0.335966080427, 0.266066938639], "min": [-27.8456268311, -27.9811096191, -27.693769455, -27.6491909027, -27.549074173, -27.3548946381]}, "spectral_strongpeak": {"dvar": 0.679228723049, "var": 1.12652790546, "median": 0.435018658638, "max": 9.9306602478, "dmean": 0.423163324594, "dmean2": 0.720640778542, "mean": 0.779655635357, "dvar2": 1.76571583748, "min": 0}, "erbbands_crest": {"dvar": 8.63714313507, "var": 30.0609130859, "median": 11.2253303528, "max": 33.1267471313, "dmean": 3.13252449036, "dmean2": 4.94733381271, "mean": 12.1997184753, "dvar2": 19.8913631439, "min": 1.93615913391}, "barkbands_crest": {"dvar": 7.71934270859, "var": 25.7527275085, "median": 12.9196825027, "max": 26.7067451477, "dmean": 3.01794695854, "dmean2": 4.82011985779, "mean": 13.3602781296, "dvar2": 18.8057670593, "min": 2.58325076103}, "spectral_energyband_middle_low": {"dvar": 0.000385936553357, "var": 0.000343986233929, "median": 0.00701386108994, "max": 0.179405018687, "dmean": 0.00847975350916, "dmean2": 0.0145300189033, "mean": 0.012756107375, "dvar2": 0.00105504505336, "min": 1.79834638945e-22}, "spectral_contrast_coeffs": {"dvar": [0.00255867606029, 0.00160053314175, 0.00121339561883, 0.000847474264447, 0.000476633838844, 0.000277034007013], "var": [0.00779942981899, 0.00651594204828, 0.00770185468718, 0.00513043254614, 0.00278364610858, 0.00147444568574], "median": [-0.651756763458, -0.723489224911, -0.760106682777, -0.802403092384, -0.811892986298, -0.813333332539], "max": [-0.28089812398, -0.372057437897, -0.435734003782, -0.488298028708, -0.551815330982, -0.613721370697], "dmean": [0.0537963844836, 0.0457265898585, 0.0398847050965, 0.0326435267925, 0.0236522238702, 0.0168786440045], "dmean2": [0.0858028680086, 0.0740893110633, 0.0624465830624, 0.050307366997, 0.0364091135561, 0.0263029262424], "mean": [-0.642638862133, -0.717702746391, -0.750470101833, -0.791645109653, -0.80890840292, -0.813681900501], "dvar2": [0.00609390530735, 0.00393719505519, 0.00275145377964, 0.00181679439265, 0.00103436375502, 0.000616060220636], "min": [-0.972219109535, -0.984223246574, -0.985699415207, -0.981878876686, -0.96595287323, -0.964869022369]}, "hfc": {"dvar": 189.631637573, "var": 395.206451416, "median": 11.5781211853, "max": 188.2396698, "dmean": 7.68308925629, "dmean2": 11.0640153885, "mean": 17.3201675415, "dvar2": 412.125427246, "min": 1.08106563595e-16}, "spectral_energyband_high": {"dvar": 8.45863155519e-07, "var": 1.75953061898e-06, "median": 0.000157643735292, "max": 0.0194647051394, "dmean": 0.000383908598451, "dmean2": 0.000536960433237, "mean": 0.000597984762862, "dvar2": 1.65966901022e-06, "min": 7.22278601245e-21}, "erbbands_spread": {"dvar": 234.407485962, "var": 766.983886719, "median": 25.0875205994, "max": 191.5546875, "dmean": 10.9887237549, "dmean2": 16.4155788422, "mean": 33.5335693359, "dvar2": 508.514007568, "min": 1.2999972105}, "dissonance": {"dvar": 0.000994602451101, "var": 0.00283955200575, "median": 0.446044564247, "max": 0.5, "dmean": 0.030293924734, "dmean2": 0.0500490181148, "mean": 0.432536572218, "dvar2": 0.00268905912526, "min": 0.16205047071}, "spectral_kurtosis": {"dvar": 23.4112434387, "var": 204.297790527, "median": 5.43304872513, "max": 144.992935181, "dmean": 2.74837684631, "dmean2": 4.17080974579, "mean": 9.53068065643, "dvar2": 54.7031822205, "min": -1.39767861366}, "spectral_skewness": {"dvar": 0.154667958617, "var": 1.65420806408, "median": 2.06525874138, "max": 10.3861427307, "dmean": 0.330319523811, "dmean2": 0.481321305037, "mean": 2.3030257225, "dvar2": 0.322624713182, "min": -0.147263973951}, "pitch_salience": {"dvar": 0.00660631898791, "var": 0.0183064565063, "median": 0.457089424133, "max": 0.9870262146, "dmean": 0.0825847089291, "dmean2": 0.131816148758, "mean": 0.453091621399, "dvar2": 0.0160776730627, "min": 0.0332384817302}, "spectral_complexity": {"dvar": 21.6998615265, "var": 83.4234008789, "median": 11, "max": 56, "dmean": 2.78207612038, "dmean2": 4.15105724335, "mean": 11.6576604843, "dvar2": 40.2400817871, "min": 0}, "spectral_spread": {"dvar": 1042375507970.0, "var": 6786822176770.0, "median": 5030775, "max": 48323480, "dmean": 852349.0625, "dmean2": 1179202.125, "mean": 5350550.5, "dvar2": 1912074534910.0, "min": 754712.0625}, "dynamic_complexity": 5.50973987579, "melbands_crest": {"dvar": 9.57624435425, "var": 29.2083530426, "median": 16.7910385132, "max": 34.2644081116, "dmean": 3.25592899323, "dmean2": 5.2538318634, "mean": 16.8859863281, "dvar2": 23.3110046387, "min": 1.70676732063}, "zerocrossingrate": {"dvar": 0.000262716173893, "var": 0.00180831213947, "median": 0.03369140625, "max": 0.52783203125, "dmean": 0.0114168161526, "dmean2": 0.0130830770358, "mean": 0.0437293983996, "dvar2": 0.000305462541291, "min": 0.001953125}, "spectral_energyband_low": {"dvar": 0.00031150286668, "var": 0.000639075646177, "median": 0.0135788470507, "max": 0.177802950144, "dmean": 0.0106274932623, "dmean2": 0.0168408788741, "mean": 0.0220379009843, "dvar2": 0.000740620540455, "min": 1.75657771913e-23}, "melbands_kurtosis": {"dvar": 2252.54101562, "var": 5350.15820312, "median": 13.1650505066, "max": 1276.78857422, "dmean": 22.1470928192, "dmean2": 33.5303764343, "mean": 39.5923271179, "dvar2": 4826.65576172, "min": -1.89871406555}, "spectral_energyband_middle_high": {"dvar": 3.81330501114e-05, "var": 7.36557412893e-05, "median": 0.00139132735785, "max": 0.100209362805, "dmean": 0.00246234098449, "dmean2": 0.0036957541015, "mean": 0.00482000876218, "dvar2": 9.153917199e-05, "min": 1.24416011771e-21}, "barkbands_spread": {"dvar": 87.1454467773, "var": 241.109649658, "median": 12.0082778931, "max": 123.853691101, "dmean": 5.66187667847, "dmean2": 8.35800552368, "mean": 15.5944824219, "dvar2": 167.690170288, "min": 0.131047070026}, "mfcc": {"mean": [-716.202819824, 132.246322632, 36.6780090332, 16.3715515137, 11.6257314682, 8.0804977417, 4.26709318161, 7.10664749146, 3.32346558571, 6.03081655502, 3.11686444283, 0.595096588135, -0.325918704271], "cov": [[18529.9199219, -133.327270508, -1342.9987793, -746.186645508, 10.9268398285, 315.827453613, 409.368560791, 708.870849609, 522.730651855, 710.608764648, 603.562866211, 151.155670166, -18.5311050415], [-133.327270508, 1986.07214355, -16.8688201904, -180.39730835, 27.187669754, 14.2407407761, 117.269615173, 83.5921173096, -0.471818089485, 33.1457214355, 30.3988552094, 5.00782346725, 31.6906681061], [-1342.9987793, -16.8688201904, 1379.44921875, 537.354003906, 23.6911773682, -40.9022521973, 30.8862018585, 15.115272522, -12.9244832993, -69.6105422974, -123.208862305, -23.2504386902, 13.9027490616], [-746.186645508, -180.39730835, 537.354003906, 707.921691895, 257.79208374, 55.7752304077, -8.65094852448, 10.109208107, 20.9842796326, -56.4898033142, -92.3661270142, -3.67344355583, 21.6736564636], [10.9268398285, 27.187669754, 23.6911773682, 257.79208374, 461.176879883, 120.75743866, 11.4463205338, 27.8101902008, 37.0107421875, 20.7002315521, 4.96903324127, 30.1391010284, 4.62312507629], [315.827453613, 14.2407407761, -40.9022521973, 55.7752304077, 120.75743866, 270.459075928, 124.232154846, 39.9280662537, 41.9780654907, 46.8895759583, 47.5881309509, 22.0072212219, 21.0826568604], [409.368560791, 117.269615173, 30.8862018585, -8.65094852448, 11.4463205338, 124.232154846, 271.474212646, 111.430992126, 29.8778057098, 63.5573120117, 69.1306152344, 20.0725021362, 17.9455757141], [708.870849609, 83.5921173096, 15.115272522, 10.109208107, 27.8101902008, 39.9280662537, 111.430992126, 197.11277771, 90.4764175415, 58.0644416809, 48.6491508484, 34.4158859253, 24.0311603546], [522.730651855, -0.471818089485, -12.9244832993, 20.9842796326, 37.0107421875, 41.9780654907, 29.8778057098, 90.4764175415, 183.386169434, 91.4166107178, 35.3406677246, 28.9785766602, 16.2590789795], [710.608764648, 33.1457214355, -69.6105422974, -56.4898033142, 20.7002315521, 46.8895759583, 63.5573120117, 58.0644416809, 91.4166107178, 210.009246826, 108.846008301, 17.200799942, -2.8781516552], [603.562866211, 30.3988552094, -123.208862305, -92.3661270142, 4.96903324127, 47.5881309509, 69.1306152344, 48.6491508484, 35.3406677246, 108.846008301, 162.58795166, 48.8279075623, -12.6840324402], [151.155670166, 5.00782346725, -23.25043869