{"metadata": {"version": {"essentia_git_sha": "v2.1_beta1-28-g21ef5f4-dirty", "essentia_build_sha": "ca57ba49d9b1854bd80e60cf9ccf267278fb7d6b", "extractor": "music 1.0", "essentia": "2.1-beta1"}, "audio_properties": {"analysis_sample_rate": 44100, "md5_encoded": "fd072daca4c82343d42a4077ad628e81", "downmix": "mix", "sample_rate": 44100, "equal_loudness": 0, "lossless": true, "codec": "flac", "bit_rate": 0, "length": 333.346679688, "replay_gain": -10.5022068024}, "tags": {"album": ["Waiting for an Echo"], "title": ["The Night Visit"], "artistsort": ["Solas"], "file_name": "05 - The Night Visit.flac", "artist": ["Solas"], "musicbrainz_artistid": ["ae389557-f85b-4954-88f2-7b542db07ff8"], "date": ["2005"], "totaltracks": ["13"], "albumartist": ["Solas"], "tracknumber": ["5"], "musicbrainz_recordingid": ["57dee323-6a33-4bdc-8251-135afb62cbb4"], "tracktotal": ["13"], "musicbrainz_albumid": ["fa0bdf87-6dae-4162-9165-afbadd9ce60e"], "albumartistsort": ["Solas"], "acoustid_id": ["cfb1c8ae-4f90-4876-ab2a-1338a35e6df3"], "musicbrainz_albumartistid": ["ae389557-f85b-4954-88f2-7b542db07ff8"]}}, "rhythm": {"beats_loudness": {"var": 0.00071707641473, "mean": 0.0376721173525, "dmean2": 0.0395352244377, "dvar": 0.000490238715429, "dmean": 0.0228751692921, "max": 0.152759045362, "min": 0, "median": 0.0323245488107, "dvar2": 0.001492277137}, "beats_position": [0.603718817234, 1.21904754639, 1.84598636627, 2.46131515503, 3.06503391266, 3.64553284645, 4.22603178024, 4.80653047562, 5.3754196167, 5.94430828094, 6.51319694519, 7.08208608627, 7.66258478165, 8.25469398499, 8.83519268036, 9.4040813446, 9.98458003998, 10.5650787354, 11.1455783844, 11.7144670486, 12.2833557129, 12.8638544083, 13.4443531036, 14.0248527527, 14.6053514481, 15.1858501434, 15.7663488388, 16.3468475342, 16.9273471832, 17.5194549561, 18.1115646362, 18.6920623779, 19.272562027, 19.8414516449, 20.4219493866, 20.9908390045, 21.5713367462, 22.1518363953, 22.7323360443, 23.3244438171, 23.9165534973, 24.5086612701, 25.1007709503, 25.681268692, 26.2733783722, 26.8538761139, 27.4459857941, 27.9916553497, 28.5489330292, 29.106212616, 29.6751022339, 30.2439899445, 30.8012695312, 31.358549118, 31.9390468597, 32.5079345703, 33.0884361267, 33.6689338684, 34.2378234863, 34.8067131042, 35.3872108459, 35.9677085876, 36.5482063293, 37.1287078857, 37.6975975037, 38.2664833069, 38.8469848633, 39.427482605, 40.0079803467, 40.5884780884, 41.1573677063, 41.7262573242, 42.3067550659, 42.8872566223, 43.467754364, 44.0482521057, 44.6287536621, 45.2208595276, 45.8129692078, 46.3702468872, 46.9391365051, 47.508026123, 48.0885238647, 48.6690254211, 49.2495231628, 49.8068008423, 50.3640823364, 50.9213600159, 51.4786376953, 52.0591392517, 52.6396369934, 53.2201347351, 53.8122444153, 54.4043540955, 54.9848518372, 55.5653495789, 56.1458511353, 56.726348877, 57.3068466187, 57.8873443604, 58.4794540405, 59.0483436584, 59.6288414001, 60.2093429565, 60.7898406982, 61.3703384399, 61.9508361816, 62.5197257996, 63.0886154175, 63.6575050354, 64.2380065918, 64.806892395, 65.3757781982, 65.9562835693, 66.5251693726, 67.0940551758, 67.6629486084, 68.2434463501, 68.8239440918, 69.4044418335, 69.9849395752, 70.5654373169, 71.145942688, 71.7264404297, 72.3069381714, 72.8874359131, 73.4679336548, 74.0368270874, 74.6057128906, 75.1862106323, 75.7551040649, 76.3472061157, 76.9393157959, 77.5314254761, 78.1235351562, 78.7040328979, 79.2497024536, 79.7953720093, 80.3642578125, 80.9331512451, 81.5020370483, 82.0941467285, 82.6746444702, 83.2667541504, 83.8472518921, 84.4393615723, 85.0314712524, 85.6119689941, 86.1924667358, 86.7729721069, 87.3418579102, 87.9107437134, 88.4680252075, 89.0369110107, 89.6058044434, 90.1746902466, 90.7435836792, 91.3124694824, 91.8813552856, 92.4734649658, 93.0539703369, 93.6344680786, 94.2149658203, 94.795463562, 95.3759613037, 95.9564590454, 96.525352478, 97.0942382812, 97.6631240845, 98.2436294556, 98.8357315063, 99.4278411865, 100.019950867, 100.600448608, 101.169342041, 101.738227844, 102.307121277, 102.87600708, 103.456504822, 104.025398254, 104.594284058, 105.163169861, 105.743675232, 106.324172974, 106.904670715, 107.485168457, 108.065666199, 108.657775879, 109.249885559, 109.841995239, 110.306388855, 110.759178162, 111.223579407, 111.687980652, 112.140769958, 112.605171204, 113.05796051, 113.499137878, 113.951927185, 114.427932739, 114.880722046, 115.356735229, 115.832740784, 116.28553009, 116.726707458, 117.167892456, 117.609069824, 118.050247192, 118.491424561, 118.909385681, 119.338951111, 119.780136108, 120.209701538, 120.639274597, 121.080451965, 121.521629333, 121.997642517, 122.496871948, 122.984489441, 123.576599121, 124.168708801, 124.749206543, 125.318092346, 125.898590088, 126.47908783, 127.059593201, 127.651695251, 128.232192993, 128.801086426, 129.369979858, 129.938858032, 130.519363403, 131.088256836, 131.65713501, 132.237640381, 132.829742432, 133.421859741, 134.002349854, 134.582855225, 135.163360596, 135.743850708, 136.324356079, 136.904846191, 137.485351562, 138.054244995, 138.623123169, 139.20362854, 139.784118652, 140.353012085, 140.933517456, 141.525619507, 142.106124878, 142.698226929, 143.2787323, 143.870834351, 144.439727783, 145.020217896, 145.589111328, 146.169616699, 146.738494873, 147.307388306, 147.876281738, 148.445159912, 149.037277222, 149.629379272, 150.209884644, 150.790390015, 151.382492065, 151.962997437, 152.53187561, 153.100769043, 153.669662476, 154.238540649, 154.807434082, 155.387939453, 155.956817627, 156.537322998, 157.106216431, 157.675094604, 158.255599976, 158.824493408, 159.404983521, 159.973876953, 160.542770386, 161.11164856, 161.680541992, 162.272644043, 162.853149414, 163.433654785, 164.025756836, 164.606262207, 165.186752319, 165.76725769, 166.336135864, 166.905029297, 167.485534668, 168.06602478, 168.646530151, 169.227020264, 169.795913696, 170.364807129, 170.933700562, 171.514190674, 172.106307983, 172.698410034, 173.290512085, 173.871017456, 174.451522827, 175.020401001, 175.589294434, 176.169799805, 176.738677979, 177.307571411, 177.876464844, 178.445343018, 179.025848389, 179.606338501, 180.186843872, 180.767349243, 181.359451294, 181.951568604, 182.532058716, 183.100952148, 183.669830322, 184.238723755, 184.807617188, 185.364898682, 185.922180176, 186.49105835, 187.059951782, 187.628845215, 188.197723389, 188.789840698, 189.381942749, 189.974060059, 190.566162109, 191.158279419, 191.727157593, 192.296051025, 192.864944458, 193.44543457, 194.025939941, 194.618041992, 195.186935425, 195.755828857, 196.324707031, 196.893600464, 197.462493896, 198.042984009, 198.62348938, 199.192382812, 199.761260986, 200.341766357, 200.92225647, 201.502761841, 202.083267212, 202.663757324, 203.244262695, 203.824752808, 204.405258179, 204.974151611, 205.554641724, 206.123535156, 206.704025269, 207.28453064, 207.865036011, 208.457138062, 209.049255371, 209.664581299, 210.279907227, 211.022949219, 211.742767334, 212.462585449, 213.170791626, 213.90222168, 214.622039795, 215.34185791, 215.922348022, 216.491241455, 217.083358765, 217.652236938, 218.221130371, 218.801635742, 219.382125854, 219.951019287, 220.51991272, 221.100402832, 221.680908203, 222.261398315, 222.841903687, 223.422393799, 224.00289917, 224.571792603, 225.140670776, 225.721176147, 226.30166626, 226.882171631, 227.451065063, 228.019943237, 228.577224731, 229.146118164, 229.726623535, 230.318725586, 230.899230957, 231.468109131, 232.037002563, 232.617507935, 233.197998047, 233.778503418, 234.35899353, 234.95111084, 235.543212891, 236.123718262, 236.704208374, 237.284713745, 237.865203857, 238.445709229, 239.014602661, 239.583480835, 240.163986206, 240.744491577, 241.324981689, 241.905487061, 242.485977173, 243.054870605, 243.623764038, 244.20425415, 244.784759521, 245.353652954, 245.934143066, 246.514648438, 247.083526611, 247.664031982, 248.244537354, 248.825027466, 249.405532837, 249.986022949, 250.56652832, 251.147018433, 251.727523804, 252.296417236, 252.86529541, 253.445800781, 254.014694214, 254.583572388, 255.15246582, 255.74458313, 256.325073242, 256.905578613, 257.497680664, 258.089782715, 258.670288086, 259.250793457, 259.831298828, 260.295684814, 260.760070801, 261.224487305, 261.677276611, 262.130065918, 262.582855225, 263.058868408, 263.523254395, 263.987670898, 264.452056885, 265.020935059, 265.58984375, 266.158721924, 266.727600098, 267.308105469, 267.88861084, 268.480712891, 269.061218262, 269.641723633, 270.210601807, 270.779510498, 271.348388672, 271.928894043, 272.497772217, 273.066650391, 273.647155762, 274.227661133, 274.808166504, 275.388671875, 275.957550049, 276.53805542, 277.130157471, 277.710662842, 278.291137695, 278.883270264, 279.463745117, 280.044250488, 280.624755859, 281.21685791, 281.797363281, 282.389465332, 282.981567383, 283.562072754, 284.084533691, 284.618591309, 285.152648926, 285.733154297, 286.313659668, 286.894134521, 287.48626709, 288.066741943, 288.658874512, 289.227752686, 289.808258057, 290.37713623, 290.946014404, 291.526519775, 292.107025146, 292.699127197, 293.360900879, 294.03427124, 294.707672119, 295.369415283, 296.042816162, 296.716186523, 297.308288574, 297.900390625, 298.492523193, 299.084625244, 299.676727295, 300.257232666, 300.837738037, 301.418212891, 302.021942139, 302.614044189, 303.206176758, 303.786651611, 304.367156982, 304.947662354, 305.539764404, 306.155090332, 306.75881958, 307.362548828, 307.954650879, 308.54675293, 309.13885498, 309.719360352, 310.299865723, 310.868743896, 311.449249268, 312.029754639, 312.610229492, 313.190734863, 313.782836914, 314.363342285, 314.955444336, 315.535949707, 316.139678955, 316.731781006, 317.323883057, 317.927612305, 318.461669922, 318.995727539, 319.506561279, 320.029022217, 320.551483154, 321.062316895, 321.573150635, 322.083984375, 322.571594238, 323.070831299, 323.558441162, 324.046081543, 324.533691406, 325.02130127, 325.543762207, 326.066192627, 326.588653564, 327.169158936, 327.749664307, 328.434631348, 329.119628906, 329.804626465, 330.489593506, 331.174591064, 331.859588623, 332.544586182], "bpm_histogram_first_peak_spread": {"var": 0, "mean": 0.503131508827, "dmean2": 0, "dvar": 0, "dmean": 0, "max": 0.503131508827, "min": 0.503131508827, "median": 0.503131508827, "dvar2": 0}, "danceability": 0.972432613373, "bpm_histogram_second_peak_weight": {"var": 0, "mean": 0.0224137939513, "dmean2": 0, "dvar": 0, "dmean": 0, "max": 0.0224137939513, "min": 0.0224137939513, "median": 0.0224137939513, "dvar2": 0}, "bpm_histogram_first_peak_weight": {"var": 0, "mean": 0.410344839096, "dmean2": 0, "dvar": 0, "dmean": 0, "max": 0.410344839096, "min": 0.410344839096, "median": 0.410344839096, "dvar2": 0}, "bpm": 103.709373474, "bpm_histogram_second_peak_spread": {"var": 0, "mean": 0.349999964237, "dmean2": 0, "dvar": 0, "dmean": 0, "max": 0.349999964237, "min": 0.349999964237, "median": 0.349999964237, "dvar2": 0}, "bpm_histogram_second_peak_bpm": {"var": 0, "mean": 108, "dmean2": 0, "dvar": 0, "dmean": 0, "max": 108, "min": 108, "median": 108, "dvar2": 0}, "beats_count": 581, "beats_loudness_band_ratio": {"var": [0.060733512044, 0.0443235076964, 0.0170513167977, 0.00428613554686, 0.000508056720719, 0.0076028467156], "mean": [0.516901612282, 0.339779227972, 0.130219548941, 0.0367239117622, 0.0113142980263, 0.0160909704864], "dmean2": [0.396649897099, 0.294960707426, 0.183194041252, 0.0808719918132, 0.0207568127662, 0.0407233126462], "dvar": [0.0348812453449, 0.0217950809747, 0.0110483681783, 0.00620994716883, 0.00067109556403, 0.00848604366183], "dmean": [0.22522495687, 0.168853700161, 0.106105186045, 0.043653845787, 0.0117338430136, 0.0216809250414], "max": [0.980015337467, 0.938985705376, 0.851771116257, 0.458300054073, 0.273408174515, 0.993799626827], "min": [0, 0, 0, 0, 0, 0], "median": [0.539986729622, 0.302964627743, 0.0921519324183, 0.0145841278136, 0.00507728988305, 0.00160605262499], "dvar2": [0.103517055511, 0.0616991296411, 0.0296333320439, 0.0183236375451, 0.00187380856369, 0.0218713097274]}, "onset_rate": 2.63371896744, "bpm_histogram_first_peak_bpm": {"var": 0, "mean": 103, "dmean2": 0, "dvar": 0, "dmean": 0, "max": 103, "min": 103, "median": 103, "dvar2": 0}}, "lowlevel": {"hfc": {"var": 121.130455017, "mean": 10.3102798462, "dmean2": 2.71075248718, "dvar": 22.68318367, "dmean": 2.0007879734, "max": 185.53604126, "min": 1.08086023046e-16, "median": 7.26902580261, "dvar2": 39.9427909851}, "barkbands_spread": {"var": 112.226974487, "mean": 7.40004587173, "dmean2": 2.50766372681, "dvar": 26.2814998627, "dmean": 1.75571572781, "max": 138.13822937, "min": 0.181223645806, "median": 4.71717119217, "dvar2": 44.5460929871}, "spectral_spread": {"var": 20999951089700.0, "mean": 3720205.25, "dmean2": 689620.625, "dvar": 410827620352, "dmean": 470516.03125, "max": 42861828, "min": 371051.90625, "median": 3032471.75, "dvar2": 697608372224}, "spectral_energy": {"var": 0.000496519147418, "mean": 0.0296675805002, "dmean2": 0.00794831942767, "dvar": 6.46831176709e-05, "dmean": 0.00545186409727, "max": 0.177869290113, "min": 9.93036222263e-21, "median": 0.0256454646587, "dvar2": 0.000144951889524}, "gfcc": {"icov": [[0.000296244485071, -0.00064936815761, 0.000628802867141, -0.000525748997461, 0.00064467289485, -0.000489402213134, 0.000692369183525, -0.000444589648396, 0.000446824851679, -0.000745179597288, 0.000674586743116, -0.000574806123041, 0.000392271351302], [-0.00064936815761, 0.00223418162204, -0.00111249694601, 0.0015653851442, -0.00165089778602, 0.00140764936805, -0.00144894991536, 0.00118318526074, -0.00122656614985, 0.00200831145048, -0.00211276556365, 0.0018764619017, -0.00124977796804], [0.000628802867141, -0.00111249694601, 0.00273721222766, -0.00123469647951, 0.000751315674279, -0.00147827761248, 0.00136555416975, -0.000825818628073, 0.00120043207426, -0.00188382191118, 0.0012006519828, -0.00147425150499, 0.000368693697965], [-0.000525748997461, 0.0015653851442, -0.00123469647951, 0.0038748527877, -0.000509889563546, 1.80430488399e-05, -0.000897352350876, 0.0019984152168, -0.00183830934111, 0.00167186523322, -0.00132660102099, 0.00141148094554, -0.00165442097932], [0.00064467289485, -0.00165089778602, 0.000751315674279, -0.000509889563546, 0.00505186850205, -0.000268514297204, 0.000701613316778, -0.00105533236638, 0.000222855524044, -0.00104607327376, 0.0013017639285, -0.00137162662577, 0.000695110415109], [-0.000489402213134, 0.00140764936805, -0.00147827761248, 1.80430488399e-05, -0.000268514297204, 0.00644873501733, -0.00140987057239, -0.000752655090764, 0.000513517938089, 0.000230406003539, -0.000705581041984, 0.000880477833562, 0.00075322057819], [0.000692369183525, -0.00144894991536, 0.00136555416975, -0.000897352350876, 0.000701613316778, -0.00140987057239, 0.00696909753606, -0.00171298300847, 0.000377224903787, -0.00161394535098, -0.000218252011109, -0.000198392255697, -0.000325185101246], [-0.000444589648396, 0.00118318526074, -0.000825818628073, 0.0019984152168, -0.00105533236638, -0.000752655090764, -0.00171298300847, 0.00906563922763, -0.00101399945561, 0.000112411769805, 0.000424754980486, 1.68120902799e-06, 9.34595736908e-05], [0.000446824851679, -0.00122656614985, 0.00120043207426, -0.00183830934111, 0.000222855524044, 0.000513517938089, 0.000377224903787, -0.00101399945561, 0.00778980925679, -0.00147512683179, 4.25512662332e-05, 9.01684543351e-05, -0.000947031774558], [-0.000745179597288, 0.00200831145048, -0.00188382191118, 0.00167186523322, -0.00104607327376, 0.000230406003539, -0.00161394535098, 0.000112411769805, -0.00147512683179, 0.0121277198195, -0.00180750654545, 0.000160162118846, 0.00112312973943], [0.000674586743116, -0.00211276556365, 0.0012006519828, -0.00132660102099, 0.0013017639285, -0.000705581041984, -0.000218252011109, 0.000424754980486, 4.25512662332e-05, -0.00180750654545, 0.00940101686865, -0.00242710020393, 0.000672681897413], [-0.000574806123041, 0.0018764619017, -0.00147425150499, 0.00141148094554, -0.00137162662577, 0.000880477833562, -0.000198392255697, 1.68120902799e-06, 9.01684543351e-05, 0.000160162118846, -0.00242710020393, 0.012372023426, -0.00362107018009], [0.000392271351302, -0.00124977796804, 0.000368693697965, -0.00165442097932, 0.000695110415109, 0.00075322057819, -0.000325185101246, 9.34595736908e-05, -0.000947031774558, 0.00112312973943, 0.000672681897413, -0.00362107018009, 0.0134966177866]], "mean": [-99.7225570679, 154.802886963, -79.0703430176, 17.5506248474, -49.8353767395, 2.20711827278, -40.493522644, -8.26342010498, -16.7369060516, -1.95894682407, -12.3768911362, -5.24789619446, -10.5483884811], "cov": [[24291.4785156, 1290.74658203, -2392.8425293, 424.484161377, -1633.94262695, 734.785583496, -1143.88195801, 331.967224121, -603.20703125, 401.691467285, -716.398010254, 66.1538162231, -478.107879639], [1290.74658203, 2560.62817383, -482.712341309, -349.378051758, 410.840209961, -506.437774658, 212.446807861, -173.576919556, 286.947265625, -227.834289551, 317.548370361, -149.11579895, 166.641983032], [-2392.8425293, -482.712341309, 913.208740234, 84.9209899902, 63.6718025208, 133.477279663, 13.819355011, 24.8467464447, -56.3950042725, 57.0203933716, -15.4278860092, 57.7313995361, 7.29918861389], [424.484161377, -349.378051758, 84.9209899902, 478.776611328, -122.763114929, 99.1943817139, -46.615978241, -43.3780136108, 17.8757019043, 9.89435386658, -24.6180362701, 6.08043479919, 14.9324979782], [-1633.94262695, 410.840209961, 63.6718025208, -122.763114929, 430.8019104, -158.436935425, 120.646766663, -33.9071578979, 102.540931702, -63.8843078613, 94.8653869629, -19.0507030487, 61.2136268616], [734.785583496, -506.437774658, 133.477279663, 99.1943817139, -158.436935425, 339.911621094, -66.9335403442, 80.8362579346, -116.120933533, 84.1760025024, -97.1504745483, 31.5733966827, -74.5609741211], [-1143.88195801, 212.446807861, 13.819355011, -46.615978241, 120.646766663, -66.9335403442, 256.896331787, -11.4587345123, 72.2992324829, -32.792804718, 89.8210906982, -24.7811260223, 47.2943382263], [331.967224121, -173.576919556, 24.8467464447, -43.3780136108, -33.9071578979, 80.8362579346, -11.4587345123, 159.554000854, -39.6832046509, 41.6800003052, -53.2304000854, 19.2068691254, -34.3103218079], [-603.20703125, 286.947265625, -56.3950042725, 17.8757019043, 102.540931702, -116.120933533, 72.2992324829, -39.6832046509, 216.16343689, -41.9373664856, 77.5435180664, -28.2783946991, 58.2567443848], [401.691467285, -227.834289551, 57.0203933716, 9.89435386658, -63.8843078613, 84.1760025024, -32.792804718, 41.6800003052, -41.9373664856, 133.172622681, -38.38489151, 24.271446228, -41.2029342651], [-716.398010254, 317.548370361, -15.4278860092, -24.6180362701, 94.8653869629, -97.1504745483, 89.8210906982, -53.2304000854, 77.5435180664, -38.38489151, 198.281723022, -9.00069141388, 47.0368843079], [66.1538162231, -149.11579895, 57.7313995361, 6.08043479919, -19.0507030487, 31.5733966827, -24.7811260223, 19.2068691254, -28.2783946991, 24.271446228, -9.00069141388, 108.239234924, 7.41115760803], [-478.107879639, 166.641983032, 7.29918861389, 14.9324979782, 61.2136268616, -74.5609741211, 47.2943382263, -34.3103218079, 58.2567443848, -41.2029342651, 47.0368843079, 7.41115760803, 114.596588135]]}, "silence_rate_60dB": {"var": 0.0491330772638, "mean": 0.0518178008497, "dmean2": 0.0153246028349, "dvar": 0.00760503532365, "dmean": 0.0076617677696, "max": 1, "min": 0, "median": 0, "dvar2": 0.0178713575006}, "spectral_centroid": {"var": 1342122.5, "mean": 581.965393066, "dmean2": 98.828704834, "dvar": 42260, "dmean": 68.9529418945, "max": 11749.4326172, "min": 134.545684814, "median": 375.957641602, "dvar2": 70982.7421875}, "spectral_complexity": {"var": 17.8955993652, "mean": 9.58385562897, "dmean2": 2.01044869423, "dvar": 1.7780944109, "dmean": 1.24482834339, "max": 30, "min": 0, "median": 9, "dvar2": 3.84687185287}, "melbands_spread": {"var": 328.747375488, "mean": 9.07857036591, "dmean2": 2.6869623661, "dvar": 33.6020202637, "dmean": 1.86359727383, "max": 192.883407593, "min": 0.459976583719, "median": 5.01672840118, "dvar2": 61.1265068054}, "spectral_strongpeak": {"var": 0.904177427292, "mean": 0.910306692123, "dmean2": 0.377453953028, "dvar": 0.17442701757, "dmean": 0.230854913592, "max": 6.69421100616, "min": 2.91229852734e-11, "median": 0.597885966301, "dvar2": 0.436663776636}, "zerocrossingrate": {"var": 0.00699664559215, "mean": 0.0344766080379, "dmean2": 0.00567839527503, "dvar": 0.000163805831107, "dmean": 0.00480210687965, "max": 0.8671875, "min": 0.0029296875, "median": 0.0185546875, "dvar2": 0.000201733666472}, "erbbands_kurtosis": {"var": 47.8871154785, "mean": 4.33140516281, "dmean2": 2.34930849075, "dvar": 7.76951360703, "dmean": 1.5714250803, "max": 97.2492904663, "min": -1.82351505756, "median": 2.36366891861, "dvar2": 18.6084346771}, "spectral_energyband_middle_low": {"var": 0.000311872689053, "mean": 0.0200399141759, "dmean2": 0.0063893366605, "dvar": 4.33603927377e-05, "dmean": 0.00434007961303, "max": 0.148028150201, "min": 1.57978054808e-22, "median": 0.0159241855145, "dvar2": 0.000103767881228}, "erbbands": {"var": [0.00355387409218, 1.67834293842, 48.6279335022, 162.329071045, 541.309387207, 1062.53967285, 4440.44873047, 12800.8496094, 3208.83959961, 1815.92028809, 18774.9667969, 3549.90722656, 509.692199707, 489.6953125, 725.231445312, 1377.82470703, 1375.2791748, 1486.10534668, 968.736633301, 98.4351501465, 37.9204788208, 64.7792434692, 38.7029151917, 8.64239406586, 15.0118093491, 16.8590126038, 16.0314598083, 54.4052734375, 74.0018386841, 43.2232437134, 27.0966739655, 9.48041820526, 7.95752859116, 3.31860804558, 2.04095458984, 0.583165884018, 0.0222060773522, 0.000554151949473, 1.01026284938e-06, 1.40934341974e-09], "mean": [0.0499257966876, 1.0373647213, 4.78502178192, 10.4081840515, 15.8231248856, 17.2270202637, 40.0951385498, 49.5973320007, 28.5032024384, 20.2982139587, 44.1826972961, 20.7593040466, 8.2577457428, 7.94473409653, 8.28636264801, 11.5464286804, 12.3204431534, 11.5146169662, 8.83569049835, 3.3821041584, 3.09160399437, 3.1609005928, 2.08233165741, 0.971551418304, 0.836894333363, 0.798401653767, 0.76225310564, 1.29278254509, 1.41886925697, 1.11902928352, 0.82536560297, 0.486727714539, 0.373798966408, 0.256811290979, 0.182842075825, 0.083774164319, 0.0178354643285, 0.00193370855413, 0.000103025144199, 3.61049569619e-05], "dmean2": [0.0182571019977, 0.433791339397, 2.16146349907, 5.4907207489, 10.0823402405, 9.82192230225, 16.7249240875, 15.4495677948, 11.2512302399, 7.29058361053, 11.5445928574, 6.99683713913, 3.23107028008, 3.6406481266, 3.68763279915, 5.28061771393, 6.61705112457, 6.07368946075, 5.38018035889, 2.16300272942, 1.95018303394, 1.71841108799, 1.10208749771, 0.62218362093, 0.60188215971, 0.655599534512, 0.652434229851, 1.12719547749, 1.21025407314, 0.998428761959, 0.702063858509, 0.425133377314, 0.342814058065, 0.209043040872, 0.154908567667, 0.0761008262634, 0.0168127790093, 0.00166767602786, 7.86511736806e-05, 1.05448434624e-05], "dvar": [0.000887064205017, 0.421008497477, 11.25477314, 47.5721702576, 170.545089722, 211.671234131, 595.275878906, 1127.69213867, 452.884643555, 279.497375488, 611.16418457, 411.806518555, 82.1125793457, 85.5641784668, 92.7466278076, 230.148910522, 294.716552734, 302.956359863, 298.798156738, 47.534160614, 10.6019506454, 14.0315027237, 7.18518352509, 3.53193426132, 7.30716276169, 13.1377601624, 15.0978336334, 30.7609443665, 32.5985984802, 23.4145183563, 11.5741729736, 4.34586524963, 3.90847396851, 1.27766978741, 0.771941781044, 0.267962783575, 0.00817030388862, 0.000137884213473, 2.90828296556e-07, 2.97614349831e-10], "dmean": [0.0112477811053, 0.284101396799, 1.46116483212, 3.5824816227, 6.54408693314, 6.11027669907, 11.602935791, 12.1106615067, 8.11448287964, 5.34848356247, 9.10923957825, 5.58508300781, 2.45018148422, 2.64562559128, 2.78414463997, 3.97077083588, 4.8327922821, 4.28986358643, 3.66278171539, 1.43411374092, 1.28697407246, 1.20597314835, 0.760770916939, 0.414241909981, 0.413066357374, 0.449977844954, 0.439495593309, 0.773083925247, 0.867553830147, 0.704075396061, 0.51603281498, 0.317874372005, 0.248878732324, 0.15730330348, 0.113307774067, 0.0546083152294, 0.0116816246882, 0.00122316682246, 5.71611526539e-05, 7.38937251299e-06], "max": [1.20608055592, 19.730047226, 107.420516968, 174.903213501, 330.894683838, 678.683776855, 1029.41796875, 1298.07324219, 1162.72497559, 516.881530762, 1813.81530762, 1407.07531738, 660.354736328, 944.77545166, 478.14541626, 883.843139648, 679.66973877, 951.796386719, 942.441162109, 331.867950439, 132.34777832, 139.783126831, 115.862586975, 92.2026443481, 145.390701294, 207.264312744, 318.365631104, 252.621704102, 266.868896484, 219.60484314, 136.19480896, 101.492218018, 95.7207489014, 55.4714546204, 49.6834220886, 28.9504413605, 5.91496896744, 1.36581230164, 0.0523104481399, 0.00133337976877], "min": [2.06362494486e-23, 3.63229905715e-22, 1.92889592728e-21, 3.65444961503e-21, 1.54330301902e-20, 1.73494137991e-20, 2.97424518406e-20, 4.83741910752e-20, 1.17252955227e-19, 1.03411160426e-19, 2.63783838988e-19, 4.66709001781e-19, 3.39966139429e-19, 5.63846372077e-19, 1.02062041771e-18, 9.87238199926e-19, 1.42404808638e-18, 1.4383018559e-18, 2.33964748218e-18, 3.02809088085e-18, 4.43390190947e-18, 5.01619694245e-18, 4.24266891879e-18, 5.34283443633e-18, 5.90845350815e-18, 6.36813349098e-18, 1.01634978761e-17, 1.09385793449e-17, 1.02525281526e-17, 9.66405035813e-18, 9.72182892392e-18, 1.09541791441e-17, 8.37226638374e-18, 8.67702453683e-18, 5.77216350812e-18, 4.24045083398e-18, 2.34962141921e-18, 8.05474927991e-19, 2.50167696473e-19, 2.78931054043e-20], "median": [0.0298834908754, 0.647516310215, 2.6166510582, 6.03663825989, 7.35358572006, 8.93984413147, 17.379529953, 12.7097463608, 11.8884630203, 6.89595985413, 8.15796470642, 3.84181308746, 2.27060818672, 2.81168723106, 1.51112914085, 2.56627345085, 1.99940490723, 1.67855513096, 2.52051901817, 1.00149726868, 0.982793211937, 0.831523418427, 0.453268766403, 0.269383192062, 0.211136758327, 0.168124318123, 0.121594816446, 0.111985199153, 0.0974556058645, 0.0797978490591, 0.0644304975867, 0.0359710156918, 0.021173004061, 0.0140806883574, 0.00855875387788, 0.00294216326438, 0.000722631230019, 9.07269059098e-05, 2.44937909883e-05, 3.02217958961e-05], "dvar2": [0.00214154506102, 0.981591522694, 25.1437702179, 123.879745483, 394.590057373, 584.722229004, 1586.42199707, 1929.0201416, 897.005371094, 584.242919922, 1048.02246094, 744.647888184, 156.046447754, 156.603500366, 156.853713989, 356.699462891, 549.426330566, 597.180603027, 719.841552734, 115.994056702, 24.4764328003, 26.2143611908, 13.9760608673, 8.11071491241, 15.3223390579, 29.363275528, 37.6587715149, 66.125579834, 63.562286377, 48.5334320068, 19.6463737488, 7.77417802811, 7.79749822617, 2.26793766022, 1.38479959965, 0.512790322304, 0.0150074511766, 0.000205539807212, 4.79494701722e-07, 5.23895704596e-10]}, "barkbands_crest": {"var": 18.1593742371, "mean": 11.4859189987, "dmean2": 2.48026776314, "dvar": 2.69306945801, "dmean": 1.59375989437, "max": 26.8064155579, "min": 3.4388628006, "median": 10.50182724, "dvar2": 6.88116598129}, "melbands_crest": {"var": 23.2622013092, "mean": 15.280330658, "dmean2": 3.26025748253, "dvar": 4.53263235092, "dmean": 2.08784675598, "max": 32.299030304, "min": 1.61026239395, "median": 14.6332006454, "dvar2": 12.2905426025}, "spectral_flux": {"var": 0.00110601529013, "mean": 0.0457061864436, "dmean2": 0.023638240993, "dvar": 0.000366695720004, "dmean": 0.014848664403, "max": 0.280675590038, "min": 6.26053028863e-11, "median": 0.0381654575467, "dvar2": 0.000886486028321}, "spectral_contrast_valleys": {"var": [5.45634937286, 5.66451215744, 5.12773799896, 4.83633708954, 4.59824466705, 4.44922018051], "mean": [-7.36874055862, -7.28735399246, -8.7824382782, -9.36366939545, -9.89780712128, -12.1507520676], "dmean2": [0.532064378262, 0.377089351416, 0.4105271101, 0.398773938417, 0.36296671629, 0.47727638483], "dvar": [0.0910269171, 0.0602398328483, 0.0695324614644, 0.0725194364786, 0.0888388827443, 0.163715884089], "dmean": [0.320139825344, 0.236419886351, 0.25951012969, 0.257388830185, 0.247800111771, 0.337995618582], "max": [-5.42761707306, -4.94052171707, -5.17965936661, -6.01422262192, -6.45412540436, -7.44325399399], "min": [-28.121049881, -27.8219528198, -27.7543964386, -27.6704025269, -27.5186424255, -27.423992157], "median": [-6.98587322235, -6.92830657959, -8.45475959778, -9.05884552002, -9.62334632874, -11.8362693787], "dvar2": [0.222459331155, 0.126647025347, 0.145310968161, 0.1454949826, 0.174210995436, 0.354334414005]}, "mfcc": {"icov": [[0.000148536273628, -5.12717342644e-05, 7.48377133277e-05, 6.13451120444e-05, 0.000184715303476, -0.000230958408793, 0.000277116982033, -6.62709635435e-06, -4.24677273259e-05, 0.000110257249617, -0.000153888351633, 6.23885935056e-05, 0.00010833991837], [-5.12717342644e-05, 0.000528787728399, 0.000155849615112, -6.30857830402e-05, -0.000470885192044, 0.000518983986694, -0.000240419074544, 0.00015346930013, 9.47128355619e-05, 5.34668179171e-05, -4.83005933347e-05, -0.00023065356072, -0.000327743066009], [7.48377133277e-05, 0.000155849615112, 0.00193552556448, -0.000178608243004, -6.00612620474e-05, -0.00113185215741, -0.000135620561196, 0.000202830487979, 7.45244105929e-05, -1.07216028482e-05, -2.37013045989e-05, 0.000361607206287, -0.000543623871636], [6.13451120444e-05, -6.30857830402e-05, -0.000178608243004, 0.00385581119917, -0.000384811370168, -0.00104776385706, 0.000514209677931, 2.2753038138e-05, 0.000172327112523, -0.00103774061427, 0.00125232292339, 2.70385135082e-05, -0.00128242978826], [0.000184715303476, -0.000470885192044, -6.00612620474e-05, -0.000384811370168, 0.00505068013445, -0.000618295860477, 0.00076819525566, -0.000274817430181, -8.57654158608e-05, -0.000427324994234, 0.000695758266374, -0.000303700770019, 0.000102259022242], [-0.000230958408793, 0.000518983986694, -0.00113185215741, -0.00104776385706, -0.000618295860477, 0.0070997257717, -0.000756786379497, -0.000205625212402, -0.000204372030566, 3.48258727172e-05, -0.000717349525075, 3.73893999495e-05, 0.000834392849356], [0.000277116982033, -0.000240419074544, -0.000135620561196, 0.000514209677931, 0.00076819525566, -0.000756786379497, 0.00628683622926, -0.00146042287815, 0.000548092299141, 0.000338842015481, -0.00178429856896, 0.000909118331037, -8.45615868457e-05], [-6.62709635435e-06, 0.00015346930013, 0.000202830487979, 2.2753038138e-05, -0.000274817430181, -0.000205625212402, -0.00146042287815, 0.00967752467841, -0.00147642032243, 0.000246584822889, 0.000731951848138, -0.00155549915507, -0.00050814304268], [-4.24677273259e-05, 9.47128355619e-05, 7.45244105929e-05, 0.000172327112523, -8.57654158608e-05, -0.000204372030566, 0.000548092299141, -0.00147642032243, 0.00733592640609, -0.00015192713181, -0.000261768553173, 0.000925682019442, -0.00033624182106], [0.000110257249617, 5.34668179171e-05, -1.07216028482e-05, -0.00103774061427, -0.000427324994234, 3.48258727172e-05, 0.000338842015481, 0.000246584822889, -0.00015192713181, 0.00839354749769, -0.00130055716727, 0.000165233548614, -0.000181162700756], [-0.000153888351633, -4.83005933347e-05, -2.37013045989e-05, 0.00125232292339, 0.000695758266374, -0.000717349525075, -0.00178429856896, 0.000731951848138, -0.000261768553173, -0.00130055716727, 0.00916204415262, -0.00180694379378, 0.000867623253725], [6.23885935056e-05, -0.00023065356072, 0.000361607206287, 2.70385135082e-05, -0.000303700770019, 3.73893999495e-05, 0.000909118331037, -0.00155549915507, 0.000925682019442, 0.000165233548614, -0.00180694379378, 0.00977792404592, -0.00172675272916], [0.00010833991837, -0.000327743066009, -0.000543623871636, -0.00128242978826, 0.000102259022242, 0.000834392849356, -8.45615868457e-05, -0.00050814304268, -0.00033624182106, -0.000181162700756, 0.000867623253725, -0.00172675272916, 0.011499251239]], "mean": [-744.13293457, 185.438278198, 27.0578918457, 22.0318470001, 11.0656528473, 8.59106349945, -9.66780948639, -5.23106336594, -6.24197006226, -3.13429570198, 0.0251778624952, 0.28940948844, -2.11551523209], "cov": [[8570.36621094, 324.535339355, -352.884033203, -233.005325317, -278.514099121, 145.178817749, -266.843444824, -46.4776229858, 65.5294647217, -124.140541077, 153.423171997, -25.907831192, -141.743240356], [324.535339355, 2511.98071289, -326.164245605, 5.14594316483, 191.95300293, -218.170928955, 11.9890584946, -17.697681427, -43.6867294312, -10.6927289963, -3.33466863632, 89.8238983154, 79.4152145386], [-352.884033203, -326.164245605, 652.549560547, 76.0817337036, 7.45210599899, 127.848350525, 25.9841766357, -6.05548143387, -0.808236181736, 15.8456201553, -7.23344993591, -31.4185810089, 19.9969043732], [-233.005325317, 5.14594316483, 76.0817337036, 331.956756592, 55.5901527405, 43.4048728943, -33.4661026001, -0.520797133446, -4.82529211044, 40.5322608948, -54.9207839966, -0.201761201024, 43.6574630737], [-278.514099121, 191.95300293, 7.45210599899, 55.5901527405, 240.5284729, -0.627544224262, -24.6162757874, 4.30420923233, -1.62913572788, 17.6742324829, -31.2099876404, 13.4420099258, 17.1666584015], [145.178817749, -218.170928955, 127.848350525, 43.4048728943, -0.627544224262, 192.85597229, 13.0365753174, 4.19069576263, 8.19376373291, 5.62780618668, 12.7304573059, -13.0370082855, -12.9983654022], [-266.843444824, 11.9890584946, 25.9841766357, -33.4661026001, -24.6162757874, 13.0365753174, 197.226348877, 23.1788101196, -9.1681470871, -4.88151359558, 37.568939209, -6.82613945007, -2.1051325798], [-46.4776229858, -17.697681427, -6.05548143387, -0.520797133446, 4.30420923233, 4.19069576263, 23.1788101196, 113.546005249, 19.5725345612, -3.67572546005, -3.0663497448, 15.0877246857, 7.44609594345], [65.5294647217, -43.6867294312, -0.808236181736, -4.82529211044, -1.62913572788, 8.19376373291, -9.1681470871, 19.5725345612, 143.671325684, 1.48716318607, 1.08371603489, -10.8972806931, 0.28486675024], [-124.140541077, -10.6927289963, 15.8456201553, 40.5322608948, 17.6742324829, 5.62780618668, -4.88151359558, -3.67572546005, 1.48716318607, 128.541931152, 8.58025550842, 0.729687869549, 6.90111207962], [153.423171997, -3.33466863632, -7.23344993591, -54.9207839966, -31.2099876404, 12.7304573059, 37.568939209, -3.0663497448, 1.08371603489, 8.58025550842, 136.13885498, 16.4211673737, -16.1518497467], [-25.907831192, 89.8238983154, -31.4185810089, -0.201761201024, 13.4420099258, -13.0370082855, -6.82613945007, 15.0877246857, -10.8972806931, 0.729687869549, 16.4211673737, 116.576118469, 18.6985321045], [-141.743240356, 79.4152145386, 19.9969043732, 43.6574630737, 17.1666584015, -12.9983654022, -2.1051325798, 7.44609594345, 0.28486675024, 6.90111207962, -16.1518497467, 18.6985321045, 101.622802734]]}, "erbbands_flatness_db": {"var": 0.00479645980522, "mean": 0.221205726266, "dmean2": 0.0211199559271, "dvar": 0.000329002679791, "dmean": 0.0154206203297, "max": 0.481220990419, "min": 0.021043593064, "median": 0.206421732903, "dvar2": 0.00064644444501}, "barkbands": {"var": [1.10359152372e-10, 2.02949340746e-05, 4.04132333642e-05, 2.89342842734e-05, 6.79363583913e-05, 0.000139456940815, 1.18962798297e-05, 2.55492523138e-05, 5.72118142372e-06, 2.47280638632e-07, 4.63578089693e-07, 8.05680485882e-07, 8.63455966282e-07, 3.6272200532e-07, 2.26448349849e-07, 1.63022644273e-08, 2.82414838182e-08, 1.0206353096e-08, 4.61379467964e-09, 7.30659177606e-09, 1.94442435486e-08, 5.45273408648e-08, 3.28481917222e-08, 2.50770497701e-08, 3.23467546082e-08, 1.27971446773e-08, 4.08937710084e-11], "mean": [6.3411875999e-06, 0.00357801257633, 0.00451471656561, 0.00394657813013, 0.00583213893697, 0.00618254439905, 0.0015872947406, 0.00168167450465, 0.000768354628235, 0.000203206422157, 0.00017257334548, 0.000277045619441, 0.000289993622573, 0.000167669641087, 0.000129751046188, 4.72816318506e-05, 6.42424274702e-05, 3.03871893266e-05, 1.66774898389e-05, 1.59462888405e-05, 2.51707187999e-05, 3.97010408051e-05, 3.02018524962e-05, 2.24806335609e-05, 2.45817136602e-05, 1.25737797134e-05, 4.97223993534e-07], "dmean2": [5.02256625623e-06, 0.00150980975013, 0.00219744397327, 0.0024706448894, 0.00332402670756, 0.00195684516802, 0.000652367016301, 0.000477174762636, 0.000301576015772, 0.000103864891571, 9.36372525757e-05, 0.000134180721943, 0.000168643789948, 0.000106408144347, 8.55899706949e-05, 3.17865087709e-05, 3.78903023375e-05, 1.88667054317e-05, 1.20720478662e-05, 1.36621147249e-05, 2.19217490667e-05, 3.33161369781e-05, 2.56165512837e-05, 2.01453003683e-05, 1.89029342437e-05, 1.15594666568e-05, 4.73723844152e-07], "dvar": [4.44644598918e-11, 5.12174983669e-06, 1.03583570308e-05, 1.03457359728e-05, 1.59395276569e-05, 1.09018192234e-05, 1.82132248483e-06, 9.60925717663e-07, 7.06756509317e-07, 5.66472877495e-08, 6.57106866697e-08, 1.47736741951e-07, 1.86934755675e-07, 9.72758300577e-08, 9.35920212441e-08, 4.14814183003e-09, 6.32386898403e-09, 2.61801114121e-09, 2.15923701141e-09, 5.82817527572e-09, 1.35595721318e-08, 2.32053594118e-08, 1.51624952593e-08, 1.19831664591e-08, 1.06318873705e-08, 5.52395906794e-09, 1.2094059261e-11], "dmean": [2.97451720144e-06, 0.000978067517281, 0.00148065097164, 0.00160535238683, 0.00209839874879, 0.0015041140141, 0.000475406210171, 0.000367588974768, 0.000233733298955, 7.42834381526e-05, 6.67505373713e-05, 0.000100527191535, 0.000120628756122, 7.26811485947e-05, 5.75765116082e-05, 2.10805428651e-05, 2.60944216279e-05, 1.26197428472e-05, 8.03226703283e-06, 9.2689133453e-06, 1.50336218212e-05, 2.38761567743e-05, 1.87609493878e-05, 1.47771152115e-05, 1.44490541061e-05, 8.29465261631e-06, 3.30447846864e-07], "max": [0.000166093319422, 0.0626734867692, 0.109127402306, 0.0723429173231, 0.11706995219, 0.143857672811, 0.080937936902, 0.0665086358786, 0.0537191927433, 0.0187451988459, 0.0125375995412, 0.0207312628627, 0.0163928084075, 0.0162771306932, 0.0189024265856, 0.00380986160599, 0.00312887411565, 0.00252248183824, 0.00258211186156, 0.00431199325249, 0.00745958229527, 0.00601650774479, 0.00593208521605, 0.00454952195287, 0.00609389552847, 0.00426664762199, 0.000352436036337], "min": [1.59828199082e-25, 7.53293336372e-25, 5.82685106501e-25, 4.48710886815e-25, 3.63325903776e-24, 3.96549254116e-24, 8.64209033469e-24, 7.92693980359e-24, 1.99792198224e-23, 9.02445358204e-24, 9.68521846461e-24, 1.51398200707e-23, 2.17071738814e-23, 3.55903748177e-23, 3.50082144023e-23, 5.66740961485e-23, 7.12107200389e-23, 7.9209201638e-23, 9.99505699577e-23, 1.35951278664e-22, 2.64352918651e-22, 3.27322623383e-22, 3.6123028847e-22, 5.64983190061e-22, 8.25853963081e-22, 1.25912095944e-21, 1.9058703775e-21], "median": [1.57460908667e-06, 0.00208919099532, 0.00243350025266, 0.00180746382102, 0.00329947844148, 0.00223905709572, 0.000536167586688, 0.000293679477181, 0.000123360179714, 7.08815496182e-05, 1.64014218171e-05, 5.1594364777e-05, 3.92659239878e-05, 2.56116818491e-05, 3.80570490961e-05, 1.25800779642e-05, 1.69618178916e-05, 5.48555362911e-06, 4.32708066e-06, 3.15257784678e-06, 2.79501045952e-06, 2.85949045065e-06, 2.46540548687e-06, 1.53340465658e-06, 1.34799324769e-06, 4.87989382236e-07, 4.04917628316e-08], "dvar2": [1.17128209909e-10, 1.22182991618e-05, 2.47157840931e-05, 2.69395077339e-05, 4.32636479673e-05, 1.92520637938e-05, 3.55783186023e-06, 1.67771304405e-06, 1.32499621941e-06, 1.09546746785e-07, 1.40970030316e-07, 2.41379012778e-07, 3.62016322697e-07, 1.9822367392e-07, 2.33175626363e-07, 9.15843134663e-09, 1.24196510853e-08, 5.50582912595e-09, 4.48133796738e-09, 1.3305330171e-08, 3.14060670803e-08, 4.343207749e-08, 2.75872640287e-08, 2.29532215457e-08, 1.76845329491e-08, 1.04378541366e-08, 2.06496920258e-11]}, "spectral_energyband_low": {"var": 0.000112394227472, "mean": 0.0103921862319, "dmean2": 0.00405986467376, "dvar": 2.63201618509e-05, "dmean": 0.00272047356702, "max": 0.143218666315, "min": 1.09794291877e-23, "median": 0.00773861678317, "dvar2": 6.02254185651e-05}, "erbbands_spread": {"var": 310.796844482, "mean": 23.3096179962, "dmean2": 6.15390920639, "dvar": 56.7145996094, "dmean": 4.26529407501, "max": 211.162506104, "min": 0.681141078472, "median": 19.56622