{"lowlevel": {"spectral_strongpeak": {"max": 18.0015716553, "dmean": 0.725526571274, "dvar2": 5.21336174011, "dmean2": 1.25545752048, "var": 3.1030497551, "median": 0.27221262455, "min": 0, "dvar": 2.1240465641, "mean": 0.997839033604}, "barkbands_flatness_db": {"max": 0.587406873703, "dmean": 0.0158419199288, "dvar2": 0.000572454417124, "dmean2": 0.0235776752234, "var": 0.00253101950511, "median": 0.0847550183535, "min": 0.0142616815865, "dvar": 0.000266825052677, "mean": 0.0942531973124}, "barkbands_skewness": {"max": 14.367972374, "dmean": 0.413449794054, "dvar2": 0.438156932592, "dmean2": 0.612456560135, "var": 1.00528264046, "median": 0.812388420105, "min": -4.90609073639, "dvar": 0.203892052174, "mean": 0.998497009277}, "spectral_energyband_middle_high": {"max": 0.082662537694, "dmean": 0.00199071061797, "dvar2": 2.0742736524e-05, "dmean2": 0.00297822640277, "var": 3.44398940797e-05, "median": 0.00521510187536, "min": 1.5085258096e-21, "dvar": 9.37392997002e-06, "mean": 0.00670288037509}, "erbbands_kurtosis": {"max": 27.6756820679, "dmean": 0.684177339077, "dvar2": 2.38304376602, "dmean2": 1.08957707882, "var": 3.04871916771, "median": -0.358618855476, "min": -1.78284132481, "dvar": 1.07698154449, "mean": 0.0600981265306}, "erbbands_crest": {"max": 28.0703315735, "dmean": 2.2477285862, "dvar2": 12.8865089417, "dmean2": 3.59892773628, "var": 14.8235559464, "median": 6.83425998688, "min": 2.21144771576, "dvar": 5.3733997345, "mean": 7.89642763138}, "dynamic_complexity": 2.70187044144, "barkbands_crest": {"max": 26.7426223755, "dmean": 2.33698034286, "dvar2": 12.927324295, "dmean2": 3.78305482864, "var": 13.1159448624, "median": 7.56873512268, "min": 2.21232223511, "dvar": 5.26634550095, "mean": 8.33177661896}, "dissonance": {"max": 0.500000178814, "dmean": 0.0105933267623, "dvar2": 0.000442930759164, "dmean2": 0.0179576575756, "var": 0.000314369768603, "median": 0.484490156174, "min": 0.240442797542, "dvar": 0.000159608025569, "mean": 0.48029974103}, "spectral_energyband_low": {"max": 0.0779185816646, "dmean": 0.00405842950568, "dvar2": 0.000106235449493, "dmean2": 0.00631958059967, "var": 7.02224206179e-05, "median": 0.00636731320992, "min": 4.13191710638e-23, "dvar": 4.86965036544e-05, "mean": 0.00843942724168}, "spectral_contrast_coeffs": {"max": [-0.327260911465, -0.422316133976, -0.446969151497, -0.573456466198, -0.58828318119, -0.529422461987], "dmean": [0.0486756749451, 0.0472590513527, 0.0384504906833, 0.0295604448766, 0.021242313087, 0.0173541419208], "dvar2": [0.00460482994094, 0.00416282936931, 0.00244810571894, 0.00147696398199, 0.000796375330538, 0.000640112615656], "dmean2": [0.0801778063178, 0.0778304934502, 0.0624058917165, 0.0476976968348, 0.0344761647284, 0.0274311676621], "var": [0.00477210339159, 0.0057508200407, 0.0041555701755, 0.0027801990509, 0.0021817618981, 0.00219899672084], "median": [-0.707361102104, -0.748916268349, -0.786218166351, -0.796482205391, -0.790128469467, -0.74270516634], "min": [-0.981534838676, -0.982137024403, -0.97159832716, -0.964488327503, -0.964558959007, -0.961526811123], "dvar": [0.00174721586518, 0.00155624351464, 0.000988195068203, 0.000600013008807, 0.000319350656355, 0.000284559209831], "mean": [-0.698759436607, -0.742020070553, -0.776574611664, -0.788141310215, -0.782256245613, -0.739020884037]}, "silence_rate_60dB": {"max": 1, "dmean": 0.00636246148497, "dvar2": 0.0143559835851, "dmean2": 0.012726187706, "var": 0.0279011074454, "median": 0, "min": 0, "dvar": 0.0063231321983, "mean": 0.0287276338786}, "mfcc": {"icov": [[0.000165456847753, 4.76071072626e-05, 0.000145441867062, 4.3870684749e-05, -5.05099560542e-05, 0.000113613765279, 0.000121672303067, -0.000185765442438, 0.000150786203449, -9.19770245673e-05, -6.94538539392e-06, -7.62806812418e-05, -2.26568081416e-05], [4.76071072626e-05, 0.00112072797492, 0.000421281438321, -0.000495406624395, -8.04481751402e-05, -0.000432566856034, -0.000458135415101, -4.11585278925e-06, 3.72362919734e-05, -0.000180159157026, 0.000231654412346, -7.36805159249e-05, 8.84516339283e-05], [0.000145441867062, 0.000421281438321, 0.00253776507452, 0.00036518133129, -0.00167501578107, -0.000299149483908, -0.000220727204578, 0.000147969956743, 2.78280349448e-05, -0.000478820235003, 0.00134251697455, -0.000571369833779, -0.000987317762338], [4.3870684749e-05, -0.000495406624395, 0.00036518133129, 0.00301595032215, -0.000662352889776, 0.000745849392843, 0.00135810149368, -6.3669103838e-05, -0.00172731361818, 0.00144099420868, -0.000347142427927, -0.000187156896573, -0.00201216945425], [-5.05099560542e-05, -8.04481751402e-05, -0.00167501578107, -0.000662352889776, 0.00934599153697, -0.00279704108834, -0.000379676785087, 0.00253425701521, -0.00271904910915, -0.00148853636347, 0.00134923460428, -0.000113337977382, 0.000795311294496], [0.000113613765279, -0.000432566856034, -0.000299149483908, 0.000745849392843, -0.00279704108834, 0.0121544944122, -0.00172015640419, -0.00159739493392, 0.00196702592075, -0.000177648369572, -0.00254280073568, 0.00079072493827, -4.61076924694e-05], [0.000121672303067, -0.000458135415101, -0.000220727204578, 0.00135810149368, -0.000379676785087, -0.00172015640419, 0.00988762173802, -0.00522357597947, 0.000353798357537, 0.00121740717441, -0.000698145187926, -0.00218379218131, -0.000105894570879], [-0.000185765442438, -4.11585278925e-06, 0.000147969956743, -6.3669103838e-05, 0.00253425701521, -0.00159739493392, -0.00522357597947, 0.0151117229834, -0.00453718891367, 0.000491826795042, -0.000598918297328, 0.000468413927592, -0.000666734820697], [0.000150786203449, 3.72362919734e-05, 2.78280349448e-05, -0.00172731361818, -0.00271904910915, 0.00196702592075, 0.000353798357537, -0.00453718891367, 0.0184666365385, -0.00738365901634, 0.00311554083601, -0.00247840909287, 0.000208543337067], [-9.19770245673e-05, -0.000180159157026, -0.000478820235003, 0.00144099420868, -0.00148853636347, -0.000177648369572, 0.00121740717441, 0.000491826795042, -0.00738365901634, 0.0178698617965, -0.00932508148253, 0.00305732013658, 0.00203331210651], [-6.94538539392e-06, 0.000231654412346, 0.00134251697455, -0.000347142427927, 0.00134923460428, -0.00254280073568, -0.000698145187926, -0.000598918297328, 0.00311554083601, -0.00932508148253, 0.0195926912129, -0.00567474355921, -0.000609925482422], [-7.62806812418e-05, -7.36805159249e-05, -0.000571369833779, -0.000187156896573, -0.000113337977382, 0.00079072493827, -0.00218379218131, 0.000468413927592, -0.00247840909287, 0.00305732013658, -0.00567474355921, 0.0207917112857, -0.00760944467038], [-2.26568081416e-05, 8.84516339283e-05, -0.000987317762338, -0.00201216945425, 0.000795311294496, -4.61076924694e-05, -0.000105894570879, -0.000666734820697, 0.000208543337067, 0.00203331210651, -0.000609925482422, -0.00760944467038, 0.0223849080503]], "cov": [[6748.83544922, -234.751296997, -458.406005859, -96.2026672363, -115.782295227, -87.9942092896, -79.9663009644, 53.9334259033, -52.995464325, 28.0805397034, 51.9198493958, 1.3922983408, -16.116350174], [-234.751296997, 1088.83581543, -193.695602417, 200.039916992, -6.73809194565, 29.8815231323, 43.3291969299, 25.1972427368, 16.9969139099, -7.51206731796, 7.91516637802, 11.5344409943, 10.8153266907], [-458.406005859, -193.695602417, 579.732727051, -73.6957855225, 121.23903656, 33.2995758057, 18.5724086761, -18.1464881897, 17.8922786713, 11.4417829514, -36.5263023376, 11.0284061432, 16.1030273438], [-96.2026672363, 200.039916992, -73.6957855225, 489.915557861, 16.2651062012, -42.3081703186, -65.2740936279, -13.2382116318, 42.8369941711, -32.1579475403, -12.2515449524, 22.0134773254, 48.2032356262], [-115.782295227, -6.73809194565, 121.23903656, 16.2651062012, 156.405014038, 29.883764267, -1.71489787102, -18.9986228943, 27.9261131287, 22.0319652557, -9.60475730896, -0.256439566612, -1.96071016788], [-87.9942092896, 29.8815231323, 33.2995758057, -42.3081703186, 29.883764267, 106.246200562, 37.3857421875, 16.1707344055, -5.0565404892, 11.4172792435, 16.6448631287, 1.22129058838, -2.84715008736], [-79.9663009644, 43.3291969299, 18.5724086761, -65.2740936279, -1.71489787102, 37.3857421875, 155.582519531, 56.9263038635, 0.36112126708, -2.65866136551, 13.6541137695, 19.1813087463, 4.3996348381], [53.9334259033, 25.1972427368, -18.1464881897, -13.2382116318, -18.9986228943, 16.1707344055, 56.9263038635, 97.0018615723, 17.4208602905, 4.03094434738, 11.0102920532, 8.93128395081, 4.63910150528], [-52.995464325, 16.9969139099, 17.8922786713, 42.8369941711, 27.9261131287, -5.0565404892, 0.36112126708, 17.4208602905, 80.6208496094, 31.2186374664, 1.50825786591, 7.24555444717, 2.95427513123], [28.0805397034, -7.51206731796, 11.4417829514, -32.1579475403, 22.0319652557, 11.4172792435, -2.65866136551, 4.03094434738, 31.2186374664, 95.7292633057, 37.3677940369, -5.42017698288, -12.7903404236], [51.9198493958, 7.91516637802, -36.5263023376, -12.2515449524, -9.60475730896, 16.6448631287, 13.6541137695, 11.0102920532, 1.50825786591, 37.3677940369, 79.4183349609, 16.910774231, 2.58120250702], [1.3922983408, 11.5344409943, 11.0284061432, 22.0134773254, -0.256439566612, 1.22129058838, 19.1813087463, 8.93128395081, 7.24555444717, -5.42017698288, 16.910774231, 66.2755279541, 26.2044906616], [-16.116350174, 10.8153266907, 16.1030273438, 48.2032356262, -1.96071016788, -2.84715008736, 4.3996348381, 4.63910150528, 2.95427513123, -12.7903404236, 2.58120250702, 26.2044906616, 59.9923744202]], "mean": [-612.173339844, 91.4678344727, -0.422699064016, 37.021396637, 6.65738391876, 3.81783056259, 0.0376171059906, 6.43016147614, 1.91860902309, -0.00301980832592, 0.114661373198, 2.05982160568, 0.726458907127]}, "melbands_spread": {"max": 254.525466919, "dmean": 9.69294929504, "dvar2": 330.034393311, "dmean2": 14.7318677902, "var": 600.417297363, "median": 36.7687263489, "min": 0.343052297831, "dvar": 157.192230225, "mean": 39.6475486755}, "barkbands_kurtosis": {"max": 210.53477478, "dmean": 1.36028885841, "dvar2": 38.1777381897, "dmean2": 2.09094166756, "var": 23.7995414734, "median": -0.299743652344, "min": -1.88731360435, "dvar": 14.6927690506, "mean": 1.12632322311}, "spectral_energyband_high": {"max": 0.0197684764862, "dmean": 0.000532146776095, "dvar2": 1.64702669281e-06, "dmean2": 0.000752775697038, "var": 2.9888994959e-06, "median": 0.00112036219798, "min": 7.33252072955e-21, "dvar": 8.44110729759e-07, "mean": 0.00164673593827}, "hfc": {"max": 192.363449097, "dmean": 6.95689344406, "dvar2": 207.100387573, "dmean2": 10.0844202042, "var": 387.114105225, "median": 25.1920032501, "min": 1.08499011165e-16, "dvar": 96.9252853394, "mean": 28.4190425873}, "spectral_skewness": {"max": 12.264591217, "dmean": 0.159499034286, "dvar2": 0.185778155923, "dmean2": 0.251886993647, "var": 0.449719697237, "median": 1.15087902546, "min": -0.0600935854018, "dvar": 0.0812653675675, "mean": 1.20826840401}, "erbbands": {"max": [2.05647039413, 13.0363750458, 46.0033721924, 70.6287231445, 147.360671997, 231.316711426, 270.555908203, 391.887969971, 500.795166016, 1004.49926758, 571.831970215, 1255.1595459, 1173.11206055, 619.041442871, 910.843505859, 2170.79174805, 1171.72021484, 1344.05212402, 4138.86083984, 601.565246582, 397.504730225, 1145.55090332, 849.081970215, 764.029907227, 537.033508301, 404.254425049, 189.677459717, 186.633346558, 234.468811035, 328.733123779, 198.684204102, 105.393104553, 85.2864227295, 45.398563385, 36.966835022, 10.139538765, 1.59946525097, 0.160085767508, 0.01871997118, 0.000791350961663], "dmean": [0.120651654899, 0.670065462589, 1.70001935959, 2.0515601635, 3.1235461235, 5.41188573837, 6.51053142548, 10.4987382889, 8.01156139374, 5.48909902573, 12.9371528625, 22.5486392975, 11.1298770905, 10.1990842819, 14.9454498291, 12.3558282852, 21.600320816, 15.3814792633, 22.8294410706, 12.7254915237, 14.7288265228, 24.2874202728, 16.3632678986, 13.5666036606, 15.0754070282, 9.86758422852, 6.87096691132, 5.48896884918, 5.30178070068, 5.30711746216, 2.88102388382, 2.19486451149, 1.44827020168, 0.989455163479, 0.507107913494, 0.174330934882, 0.0469479598105, 0.00691309059039, 0.000644231098704, 3.34752003255e-05], "dvar2": [0.113028116524, 4.40899610519, 33.108757019, 33.0146446228, 74.5677719116, 406.399536133, 385.491790771, 839.162475586, 1214.85668945, 798.190490723, 3610.25854492, 8027.14892578, 2826.73901367, 1230.84155273, 3736.30859375, 5756.55664062, 7573.37939453, 4678.41357422, 15461.0996094, 1879.20239258, 1139.00610352, 3401.92529297, 1463.54943848, 1854.56347656, 1318.71191406, 599.242553711, 266.16619873, 167.657501221, 210.899856567, 345.232910156, 87.0304641724, 46.0261268616, 20.0027389526, 11.8586006165, 4.53837490082, 0.530599534512, 0.0248040035367, 0.000413386296714, 4.06526078223e-06, 8.27906365686e-09], "dmean2": [0.195484250784, 1.11341714859, 2.95689535141, 3.44405341148, 5.19704246521, 8.99403858185, 10.7897262573, 16.8454093933, 13.526968956, 9.15923118591, 22.7398166656, 35.3947868347, 17.952413559, 16.3649749756, 23.5356578827, 19.2786197662, 32.9352874756, 24.343328476, 34.5982093811, 20.1967144012, 23.3964042664, 38.551700592, 25.7822036743, 21.8044929504, 23.6485004425, 15.882809639, 11.060508728, 8.63656139374, 8.16581630707, 8.14246940613, 4.31129646301, 3.25245094299, 2.11692094803, 1.43458354473, 0.761451423168, 0.26118722558, 0.0703469738364, 0.0101413298398, 0.0009361578268, 4.86880380777e-05], "var": [0.056682176888, 1.67579329014, 9.32941913605, 19.0068836212, 57.5620040894, 220.597457886, 298.741363525, 829.648132324, 447.718597412, 387.397399902, 1102.50927734, 7331.98876953, 1686.6517334, 1073.33044434, 3657.57666016, 3548.7265625, 7270.05175781, 3148.671875, 10047.5566406, 1505.48474121, 1240.48144531, 4525.73388672, 2445.05078125, 2429.31542969, 2225.82080078, 709.23651123, 270.594543457, 207.434860229, 242.188674927, 367.510803223, 110.790084839, 62.9706687927, 26.0341892242, 11.0866947174, 2.95117402077, 0.303954422474, 0.0160503517836, 0.000343015359249, 3.20212484439e-06, 6.87083145934e-09], "median": [0.134904846549, 0.607036590576, 1.62305188179, 2.20295858383, 2.66130685806, 3.45383238792, 6.27007961273, 9.82569885254, 6.77924394608, 5.28701448441, 7.51092386246, 10.5453939438, 6.74128007889, 8.12594223022, 9.18327140808, 6.93644809723, 9.00834178925, 8.79771232605, 12.1064949036, 12.0565567017, 23.4491596222, 38.3169364929, 24.273859024, 18.7304000854, 22.6741027832, 16.2400016785, 12.0330657959, 9.32781028748, 7.83476018906, 5.48039197922, 2.91828536987, 2.43741822243, 1.68056225777, 0.840419650078, 0.333122611046, 0.110699132085, 0.0295053757727, 0.00466764811426, 0.000398015021347, 5.02816037624e-05], "min": [1.26920903892e-22, 2.93965631171e-21, 1.26104904152e-20, 1.07177460773e-20, 8.38811870565e-21, 3.40335061982e-20, 1.07844867896e-19, 1.36801313978e-19, 2.80754715875e-19, 5.303783343e-19, 5.88267845687e-19, 7.06374606402e-19, 9.91501075212e-19, 1.12493492399e-18, 1.82830407304e-18, 2.01597439682e-18, 1.66186520083e-18, 3.21601638986e-18, 4.40270107036e-18, 5.23659094486e-18, 5.20163222422e-18, 5.81514877583e-18, 7.39077109202e-18, 8.38783061415e-18, 1.09753078185e-17, 9.91110604604e-18, 1.04381392102e-17, 1.29788732654e-17, 1.55688940501e-17, 1.14859106942e-17, 1.22419909972e-17, 1.2543807696e-17, 1.33073690205e-17, 1.05033896985e-17, 7.2086614899e-18, 4.66810031553e-18, 2.51749069349e-18, 1.07406548767e-18, 2.78352996967e-19, 3.03271651361e-20], "dvar": [0.0474485270679, 1.70991194248, 11.7656269073, 12.2815322876, 28.1817150116, 159.215652466, 148.899841309, 339.650390625, 442.486480713, 281.204864502, 1235.63012695, 3653.43603516, 1153.51953125, 491.812713623, 1442.80578613, 2307.9609375, 3387.8762207, 1888.65637207, 6543.84277344, 775.557373047, 476.314208984, 1453.13012695, 658.364868164, 685.57409668, 553.994262695, 238.40763855, 111.154624939, 73.811668396, 94.2361679077, 156.905883789, 40.9373092651, 22.209022522, 9.57306957245, 5.46760749817, 1.95863735676, 0.224735334516, 0.0106635289267, 0.000188864170923, 1.84928069302e-06, 3.73081965321e-09], "mean": [0.199254721403, 0.966995120049, 2.39669728279, 3.41565489769, 4.78718137741, 7.66845035553, 11.6735076904, 19.4822063446, 12.5140352249, 10.0260019302, 17.3099689484, 36.4913101196, 17.4406452179, 17.8365364075, 27.3564434052, 21.1424369812, 35.0219192505, 26.1516990662, 38.1764450073, 24.3186416626, 33.9353790283, 56.724395752, 40.9966659546, 35.8920860291, 39.6958732605, 25.1992816925, 17.1562709808, 14.0934677124, 12.8502721786, 11.4012374878, 6.26162147522, 4.8828997612, 3.23935341835, 1.88448762894, 0.817217767239, 0.27794700861, 0.0760894268751, 0.0118953185156, 0.00109570566565, 7.96694803284e-05]}, "spectral_contrast_valleys": {"max": [-5.30905246735, -4.51474380493, -5.11002922058, -5.64666795731, -5.51123714447, -7.43266534805], "dmean": [0.350754588842, 0.369531452656, 0.325155854225, 0.284197419882, 0.217784121633, 0.242417052388], "dvar2": [0.24993878603, 0.306846559048, 0.196577087045, 0.154202461243, 0.11913985014, 0.19179341197], "dmean2": [0.570321261883, 0.598047316074, 0.509188532829, 0.434613287449, 0.325250059366, 0.327885746956], "var": [1.28017044067, 1.26662743092, 1.2596372366, 1.26787757874, 1.40285050869, 1.75952279568], "median": [-6.76783370972, -6.57849216461, -7.20624065399, -7.37171792984, -6.77624225616, -9.40015125275], "min": [-27.7835826874, -27.6460037231, -27.777929306, -27.5872344971, -27.328119278, -27.3088378906], "dvar": [0.108400709927, 0.131152972579, 0.0962572321296, 0.0831118300557, 0.0672133639455, 0.100506313145], "mean": [-6.98769187927, -6.7350435257, -7.32810878754, -7.51403617859, -6.95539951324, -9.67080211639]}, "average_loudness": 0.947078466415, "erbbands_spread": {"max": 141.893035889, "dmean": 7.43529176712, "dvar2": 122.251602173, "dmean2": 11.3999137878, "var": 305.177124023, "median": 42.4753036499, "min": 3.5247695446, "dvar": 55.4042167664, "mean": 44.0137901306}, "melbands_flatness_db": {"max": 0.759192109108, "dmean": 0.0208116937429, "dvar2": 0.000937395205256, "dmean2": 0.0308440923691, "var": 0.00459453416988, "median": 0.141074359417, "min": 0.00500066578388, "dvar": 0.000460775685497, "mean": 0.152023673058}, "barkbands_spread": {"max": 113.161186218, "dmean": 6.47061109543, "dvar2": 103.701454163, "dmean2": 9.83541584015, "var": 225.17124939, "median": 36.14112854, "min": 0.341834813356, "dvar": 49.3639907837, "mean": 36.8692436218}, "spectral_decrease": {"max": 1.84668464663e-18, "dmean": 1.83627779649e-09, "dvar2": 1.53864907989e-17, "dmean2": 2.86356449664e-09, "var": 1.1526739502e-17, "median": -5.2326356581e-09, "min": -2.78463598846e-08, "dvar": 6.65652132615e-18, "mean": -5.80384540427e-09}, "melbands_crest": {"max": 39.1367225647, "dmean": 3.16996026039, "dvar2": 21.6516056061, "dmean2": 5.04992961884, "var": 24.1220607758, "median": 12.0219039917, "min": 1.71307432652, "dvar": 9.10547447205, "mean": 12.9074487686}, "erbbands_flatness_db": {"max": 0.36992803216, "dmean": 0.0144241182134, "dvar2": 0.000424886849942, "dmean2": 0.0205877386034, "var": 0.00176914699841, "median": 0.127487540245, "min": 0.032194647938, "dvar": 0.000214675717871, "mean": 0.133930549026}, "melbands_kurtosis": {"max": 392.583740234, "dmean": 4.56274938583, "dvar2": 167.498703003, "dmean2": 6.93953371048, "var": 217.887924194, "median": 4.52738666534, "min": -1.89327168465, "dvar": 79.0879898071, "mean": 9.34742069244}, "spectral_rms": {"max": 0.0104588279501, "dmean": 0.000682944082655, "dvar2": 1.48356764385e-06, "dmean2": 0.00103888125159, "var": 2.03629292628e-06, "median": 0.00467014219612, "min": 3.10870513359e-12, "dvar": 6.84494523284e-07, "mean": 0.00467432895675}, "melbands_skewness": {"max": 16.0380935669, "dmean": 0.596327543259, "dvar2": 0.919108808041, "dmean2": 0.895384788513, "var": 2.14068388939, "median": 2.13602018356, "min": -1.59630393982, "dvar": 0.449559509754, "mean": 2.43874835968}, "barkbands": {"max": [0.00798207614571, 0.0595807805657, 0.0390032678843, 0.0361237749457, 0.0494635477662, 0.0306903161108, 0.0583215244114, 0.0178598798811, 0.0437660254538, 0.0297377929091, 0.0227739308029, 0.0483749769628, 0.0244687963277, 0.026745505631, 0.0644997879863, 0.0124299563468, 0.0168989896774, 0.0120594128966, 0.0174135230482, 0.00580563209951, 0.00440158043057, 0.00738940760493, 0.00678170006722, 0.00504624517635, 0.0048556169495, 0.00119950692169, 0.000115037255455], "dmean": [0.000421827135142, 0.00301813799888, 0.00148627173621, 0.000795947154984, 0.0012781979749, 0.00114495086018, 0.000486254488351, 0.000465458782855, 0.000877538404893, 0.000304741348373, 0.000380496639991, 0.000287789298454, 0.000466920988401, 0.000399158830987, 0.000340788887115, 0.000234584585996, 0.000470785744255, 0.000301481893985, 0.000330196140567, 0.000215755018871, 0.000150915933773, 0.000158629423822, 0.00010633587226, 9.40748504945e-05, 7.82795032137e-05, 2.89998934022e-05, 3.794313443e-06], "dvar2": [1.88280864677e-06, 6.82749086991e-05, 2.34447979892e-05, 5.06136302647e-06, 1.7728554667e-05, 8.61621538206e-06, 5.57774865229e-06, 4.27206759923e-06, 1.11525650937e-05, 1.93826349459e-06, 2.05797687158e-06, 3.11328085445e-06, 3.41836653206e-06, 2.85723035631e-06, 3.78904951504e-06, 3.46974388776e-07, 1.22506673961e-06, 4.99622558436e-07, 1.07174412278e-06, 2.43287189505e-07, 1.24159782899e-07, 2.13785128267e-07, 1.20888770994e-07, 8.26525266007e-08, 8.72050733847e-08, 1.14483249547e-08, 1.37738889738e-10], "dmean2": [0.000721635413356, 0.00478002196178, 0.0025884709321, 0.00132712721825, 0.00212158239447, 0.00184689683374, 0.000817189924419, 0.000819953682367, 0.00139050290454, 0.000498959445395, 0.000602927757427, 0.000454310094938, 0.000718777708244, 0.00062901712954, 0.00054312881548, 0.000372988113668, 0.000747534562834, 0.000478181114886, 0.000525776005816, 0.000347793044057, 0.00023968014284, 0.000244979630224, 0.000159225979587, 0.000136545771966, 0.00011368959531, 4.31043590652e-05, 5.53717018192e-06], "var": [6.228390248e-07, 3.76827701984e-05, 6.71469069857e-06, 4.63659944216e-06, 1.04989794636e-05, 8.73201770446e-06, 1.89966999642e-06, 1.32507079798e-06, 9.52212758421e-06, 1.0800176824e-06, 1.9724016056e-06, 2.1313628622e-06, 3.1335150652e-06, 2.00243175641e-06, 1.90259152077e-06, 3.45454822082e-07, 1.54133635988e-06, 7.61538501592e-07, 1.44238538269e-06, 2.92107330324e-07, 1.44453395023e-07, 2.60750312009e-07, 1.43683024589e-07, 1.21406444009e-07, 6.7934990966e-08, 6.97543223183e-09, 1.12044762357e-10], "median": [0.000366845692042, 0.00356186227873, 0.00145626894664, 0.000621977378614, 0.00105668744072, 0.00117071601562, 0.000400506571168, 0.000246944779065, 0.000438816612586, 0.000161121890415, 0.000228394870646, 0.000130208907649, 0.000176602683496, 0.000180728238774, 0.000189781407244, 0.000290492607746, 0.000683881284203, 0.000390656408854, 0.000419768650318, 0.000345908105373, 0.000258556654444, 0.000226956413826, 0.000110382883577, 0.000111852008558, 6.20525097474e-05, 1.90875434782e-05, 2.30185878536e-06], "min": [1.54901713425e-24, 1.34321870687e-23, 1.10626926674e-23, 2.58793531073e-24, 1.00359113132e-23, 1.3238433364e-23, 2.02457569896e-23, 2.00250258198e-23, 3.05626140145e-23, 3.22339105055e-23, 3.27761955799e-23, 5.13177495347e-23, 3.82844925812e-23, 5.46239223864e-23, 1.10687724184e-22, 8.98856640619e-23, 9.59125992431e-23, 1.51151656431e-22, 1.89940136467e-22, 1.7580968128e-22, 2.44745244426e-22, 4.79533473885e-22, 4.52074954957e-22, 7.71983017895e-22, 1.07268291101e-21, 1.37310497363e-21, 2.00156968138e-21], "dvar": [7.01980070517e-07, 2.96078287647e-05, 8.27598250908e-06, 1.95241455003e-06, 6.89269654686e-06, 3.44977729583e-06, 1.99542228074e-06, 1.44752198139e-06, 4.99118323205e-06, 7.62077547733e-07, 8.17010231913e-07, 1.25730878153e-06, 1.50780363128e-06, 1.19627384265e-06, 1.49500090174e-06, 1.4868309961e-07, 5.22482764609e-07, 2.20556401587e-07, 4.11334355022e-07, 9.97224560706e-08, 5.43489306892e-08, 9.93616282585e-08, 5.47662324379e-08, 4.07055757989e-08, 3.87564220716e-08, 4.90805662778e-09, 6.31323465727e-11], "mean": [0.000562868139241, 0.0052178776823, 0.00209936872125, 0.00124913139734, 0.00197308091447, 0.00218723341823, 0.000764484691899, 0.000607135589235, 0.00141396105755, 0.000447137979791, 0.000659443438053, 0.000460506445961, 0.000720807001926, 0.000612685224041, 0.000533785962034, 0.000466005032649, 0.00104455254041, 0.000700103642885, 0.000825053313747, 0.000530386460014, 0.000381185673177, 0.000383282080293, 0.000231422134675, 0.00021816471417, 0.00013899501937, 4.76296409033e-05, 6.39537847746e-06]}, "spectral_kurtosis": {"max": 227.531066895, "dmean": 1.25986564159, "dvar2": 53.3291702271, "dmean2": 2.04980540276, "var": 93.6222076416, "median": 2.70515847206, "min": -1.23964881897, "dvar": 22.7145385742, "mean": 3.73976421356}, "erbbands_skewness": {"max": 3.28909921646, "dmean": 0.2843503654, "dvar2": 0.17653234303, "dmean2": 0.440379828215, "var": 0.458299666643, "median": -0.318086564541, "min": -4.13247966766, "dvar": 0.0802574977279, "mean": -0.296890825033}, "melbands": {"max": [0.0169532969594, 0.0209494959563, 0.0120622320101, 0.0140093034133, 0.00754474615678, 0.00759841082618, 0.00783471018076, 0.00910220574588, 0.00650315964594, 0.00732691353187, 0.00583046348765, 0.00255894102156, 0.00297380029224, 0.00336256390437, 0.00507831899449, 0.00329400924966, 0.00310610281304, 0.00707347691059, 0.00141909602098, 0.00100951560307, 0.000646362663247, 0.00112278957386, 0.000745596655179, 0.000704915903043, 0.000728011364117, 0.000729584484361, 0.000354350922862, 0.000301783205941, 0.000135112088174, 0.000153173663421, 9.39825476962e-05, 0.000123504840303, 0.0001588412415, 0.000167155551026, 0.000144143545185, 5.94742778048e-05, 8.29622367746e-05, 7.15416026651e-05, 6.03402477282e-05, 4.26449732913e-05], "dmean": [0.000906074012164, 0.000854874262586, 0.000374130759155, 0.000301488413243, 0.000223907423788, 0.000227729731705, 0.00011362049554, 6.37185657979e-05, 0.000114729038614, 0.000138959483593, 5.36293446203e-05, 4.09265121561e-05, 5.32580015715e-05, 3.22515734297e-05, 4.13082925661e-05, 4.56407869933e-05, 2.9632328733e-05, 4.24618338002e-05, 2.09453046409e-05, 1.56987534865e-05, 2.1579753593e-05, 3.0376648283e-05, 1.91007857211e-05, 1.46102438521e-05, 1.21258672152e-05, 1.40790934893e-05, 1.05871795313e-05, 6.69306245982e-06, 4.95574886372e-06, 4.05484661314e-06, 3.35546474162e-06, 3.34948708769e-06, 3.28272176375e-06, 2.91423611998e-06, 1.9220451577e-06, 1.3126967815e-06, 1.53332109676e-06, 1.10791768293e-06, 9.78166326604e-07, 8.70503185979e-07], "dvar2": [5.82062648391e-06, 7.81593917054e-06, 1.08396966425e-06, 9.73569285634e-07, 4.65186559495e-07, 3.73600641979e-07, 2.50231522614e-07, 7.90263214867e-08, 2.66776453373e-07, 3.06840973963e-07, 7.03719962303e-08, 2.12550563816e-08, 4.14121110737e-08, 2.95258502092e-08, 3.92068173483e-08, 3.76969424565e-08, 2.08194279594e-08, 5.04364301435e-08, 7.28143145778e-09, 2.04799621706e-09, 2.51429810305e-09, 5.56195134394e-09, 2.1014057161e-09, 1.46773959653e-09, 1.62972157991e-09, 1.87450144296e-09, 5.88582627081e-10, 3.14042070126e-10, 1.42270459302e-10, 1.02069644403e-10, 6.18230397431e-11, 7.96833640737e-11, 1.05405927042e-10, 1.05001889128e-10, 4.61033849986e-11, 1.34219449791e-11, 2.79331297676e-11, 1.26620259416e-11, 9.47161793441e-12, 1.06790288418e-11], "dmean2": [0.00143784855027, 0.00145345868077, 0.000623880361672, 0.000500734779052, 0.000369248125935, 0.000366293767001, 0.000191965358681, 0.000107445695903, 0.000198115609237, 0.000217749620788, 8.68203060236e-05, 6.60720688757e-05, 8.37601328385e-05, 5.07080912939e-05, 6.41297883703e-05, 7.00247110217e-05, 4.73359286843e-05, 6.41098740743e-05, 3.37447054335e-05, 2.49928943958e-05, 3.45672779076e-05, 4.8339861678e-05, 3.00714418699e-05, 2.31607846217e-05, 1.95830471057e-05, 2.22995749937e-05, 1.67417110788e-05, 1.09171505756e-05, 8.06958996691e-06, 6.55931398796e-06, 5.36819425179e-06, 5.30560646439e-06, 5.11011239723e-06, 4.49300705441e-06, 2.95679615192e-06, 1.98017505681e-06, 2.33107402892e-06, 1.67318501099e-06, 1.45252306538e-06, 1.3054889223e-06], "var": [3.34130254487e-06, 2.54034443969e-06, 7.16605256912e-07, 5.95225515099e-07, 3.16320040383e-07, 3.66599095969e-07, 9.10158348688e-08, 4.00625701502e-08, 9.44753253407e-08, 2.73314441301e-07, 4.12103453584e-08, 1.72244618568e-08, 4.19235526294e-08, 2.69486193361e-08, 2.68578919105e-08, 3.53540627884e-08, 1.22389263169e-08, 3.51499735984e-08, 4.54420279183e-09, 1.9918378058e-09, 2.75525846583e-09, 6.61344756736e-09, 2.82754020198e-09, 2.05157135724e-09, 1.9493557879e-09, 2.62494959102e-09, 7.76824993221e-10, 2.93701118981e-10, 1.19566481716e-10, 9.59719317906e-11, 6.98424304502e-11, 7.94685428573e-11, 1.15394492572e-10, 1.02390894374e-10, 4.60206386887e-11, 1.89307788195e-11, 2.99969181439e-11, 1.40463760415e-11, 1.07293549045e-11, 8.02646664411e-12], "median": [0.00106389448047, 0.000893121701665, 0.000426628976129, 0.000228138262173, 0.000229256897001, 0.000225432449952, 9.66252337093e-05, 5.58317806281e-05, 6.1156868469e-05, 6.43541497993e-05, 2.69627198577e-05, 2.86125177809e-05, 3.15988691e-05, 1.68372043845e-05, 1.88266130863e-05, 1.65393830684e-05, 1.35559912451e-05, 1.82399708137e-05, 1.48652316057e-05, 1.56021669682e-05, 2.85452370008e-05, 4.14059322793e-05, 2.49578006333e-05, 1.64924022101e-05, 1.397278902e-05, 1.63824006449e-05, 1.40450047184e-05, 9.32464718062e-06, 7.53303947931e-06, 5.8453128986e-06, 4.91313676321e-06, 4.3727513912e-06, 3.676553888e-06, 2.59083208221e-06, 1.62149603966e-06, 1.3818782918e-06, 1.45043554767e-06, 1.18719697184e-06, 9.07727553567e-07, 6.0777864519e-07], "min": [3.30893938696e-24, 5.97466604649e-24, 3.62288236141e-24, 9.78607492298e-25, 3.59513812338e-24, 2.9311817068e-24, 4.1292576985e-24, 6.13109479742e-24, 6.34174669152e-24, 3.92110254916e-24, 4.50958884015e-24, 4.25567739173e-24, 4.84551657917e-24, 5.45506821734e-24, 2.3406812567e-24, 4.41285043291e-24, 4.93065675895e-24, 6.07450112721e-24, 9.0005936951e-24, 6.60785274625e-24, 5.3687822171e-24, 4.41625633987e-24, 6.37921206249e-24, 7.36241200716e-24, 6.4432573128e-24, 7.91084467455e-24, 6.10791924731e-24, 6.7561440025e-24, 5.93448541629e-24, 6.76621854512e-24, 7.62186283686e-24, 8.01559120326e-24, 7.23463468431e-24, 5.85659960139e-24, 6.7466461172e-24, 7.79556054186e-24, 7.48212559383e-24, 9.11411866797e-24, 9.14352898024e-24, 7.4354802485e-24], "dvar": [2.56458747572e-06, 2.89622653327e-06, 4.05602321507e-07, 3.80444618031e-07, 1.76870941004e-07, 1.50631606743e-07, 9.04410200064e-08, 2.79394747338e-08, 9.48778406951e-08, 1.38754046475e-07, 2.86231536251e-08, 8.45830072649e-09, 1.64327147445e-08, 1.23471108893e-08, 1.6917537593e-08, 1.67729687917e-08, 8.27878299248e-09, 2.19304592264e-08, 2.94369062459e-09, 9.03630614779e-10, 1.06416564449e-09, 2.34497932183e-09, 9.02948105175e-10, 6.49741260794e-10, 6.05092809192e-10, 7.4826150831e-10, 2.53436160946e-10, 1.22087479015e-10, 5.69194240352e-11, 4.29498103749e-11, 2.65440707609e-11, 3.43824760329e-11, 4.68480219895e-11, 4.61973480304e-11, 2.01183496945e-11, 6.49823944654e-12, 1.25886670879e-11, 5.83965167889e-12, 4.38190629615e-12, 4.72588851733e-12], "mean": [0.00156323390547, 0.00128833670169, 0.000649464025628, 0.000442928314442, 0.000405925820814, 0.000429784471635, 0.000178808913915, 0.00011001915118, 0.000152967550093, 0.000223916475079, 7.8418677731e-05, 6.67256681481e-05, 9.48877714109e-05, 5.5399032135e-05, 6.41310107312e-05, 7.13551053195e-05, 4.48190949101e-05, 6.75998962834e-05, 3.47811874235e-05, 2.88208630081e-05, 4.46307749371e-05, 6.39578065602e-05, 4.29221800005e-05, 3.14496573992e-05, 2.84484649455e-05, 3.34485375788e-05, 2.36982832575e-05, 1.48388662637e-05, 1.09120237539e-05, 9.03742420633e-06, 7.83495306678e-06, 7.34259447199e-06, 7.1009126259e-06, 5.77149512537e-06, 3.72342810806e-06, 2.81729717244e-06, 3.10909535983e-06, 2.31389230976e-06, 1.96935934582e-06, 1.4746638044e-06]}, "spectral_centroid": {"max": 11534.2119141, "dmean": 246.037460327, "dvar2": 153550.921875, "dmean2": 377.905731201, "var": 469101.21875, "median": 2045.41040039, "min": 145.219070435, "dvar": 71476.9140625, "mean": 2054.43212891}, "pitch_salience": {"max": 0.838746130466, "dmean": 0.0670386478305, "dvar2": 0.00952038262039, "dmean2": 0.106429241598, "var": 0.0108431950212, "median": 0.586308956146, "min": 0.0290507674217, "dvar": 0.00385003490373, "mean": 0.580796837807}, "gfcc": {"icov": [[0.000202969386009, -0.000252540950896, 0.000353559560608, -0.000222909584409, 0.000316769292112, -0.000356993259629, 0.000433427951066, -0.000562307075597, 0.000535301223863, -0.000730832747649, 0.00068159570219, -0.000698014860973, 0.000500749680214], [-0.000252540950896, 0.00233458727598, -0.000551584875211, 0.000324336841004, -0.00159498874564, 0.00153220072389, -0.00171077041887, 0.00183985941112, -0.00214206520468, 0.00318680843338, -0.00384221086279, 0.00317645422183, -0.00268079037778], [0.000353559560608, -0.000551584875211, 0.00233395863324, -0.000444826320745, -0.000172541476786, -0.00120257725939, 0.00124878855422, -0.00109666457865, 0.0017772805877, -0.00272111035883, 0.0025290613994, -0.00201645097695, 0.00077880860772], [-0.000222909584409, 0.000324336841004, -0.000444826320745, 0.00319594121538, -0.000162088967045, 0.0013416701695, 0.000205604083021, -0.000587539398111, -0.00214362936094, 0.00217367708683, -0.00195600348525, 0.00105413072743, -0.00158909708261], [0.000316769292112, -0.00159498874564, -0.000172541476786, -0.000162088967045, 0.00763349747285, -0.00087354274001, -0.00200093002059, -0.000372348615201, 0.000985939521343, -0.00425959518179, 0.00328738242388, -0.0013074973831, 0.000378723721951], [-0.000356993259629, 0.00153220072389, -0.00120257725939, 0.0013416701695, -0.00087354274001, 0.0065778135322, -0.00160506635439, -0.000803914677817, -0.000531679019332, 0.00182633416262, -0.00372890662402, 0.00219036755152, -0.000657021126244], [0.000433427951066, -0.00171077041887, 0.00124878855422, 0.000205604083021, -0.00200093002059, -0.00160506635439, 0.0112504800782, -0.00471270363778, 0.000790604448412, 0.00252487161197, -0.00208907085471, -0.00183994462714, 0.00516675319523], [-0.000562307075597, 0.00183985941112, -0.00109666457865, -0.000587539398111, -0.000372348615201, -0.000803914677817, -0.00471270363778, 0.0135813094676, -0.00323321367614, -0.000157904461958, 7.11480424798e-07, 0.00206346926279, -0.00317910709418], [0.000535301223863, -0.00214206520468, 0.0017772805877, -0.00214362936094, 0.000985939521343, -0.000531679019332, 0.000790604448412, -0.00323321367614, 0.0157987121493, -0.00947148073465, 0.00440939422697, 0.000689059845172, 0.000326359499013], [-0.000730832747649, 0.00318680843338, -0.00272111035883, 0.00217367708683, -0.00425959518179, 0.00182633416262, 0.00252487161197, -0.000157904461958, -0.00947148073465, 0.0246814154088, -0.0117094134912, 0.00247602281161, 0.000198872498004], [0.00068159570219, -0.00384221086279, 0.0025290613994, -0.00195600348525, 0.00328738242388, -0.00372890662402, -0.00208907085471, 7.11480424798e-07, 0.00440939422697, -0.0117094134912, 0.0256589949131, -0.0105243548751, 0.00117770198267], [-0.000698014860973, 0.00317645422183, -0.00201645097695, 0.00105413072743, -0.0013074973831, 0.00219036755152, -0.00183994462714, 0.00206346926279, 0.000689059845172, 0.00247602281161, -0.0105243548751, 0.0217243619263, -0.00881507527083], [0.000500749680214, -0.00268079037778, 0.00077880860772, -0.00158909708261, 0.000378723721951, -0.000657021126244, 0.00516675319523, -0.00317910709418, 0.000326359499013, 0.000198872498004, 0.00117770198267, -0.00881507527083, 0.0215702485293]], "cov": [[10202.3027344, -886.489501953, -746.11529541, 313.975982666, -502.801483154, 295.113128662, -339.491546631, 309.247650146, -122.542327881, 139.812835693, -63.7706832886, 181.879730225, -73.8600540161], [-886.489501953, 1630.88317871, -275.634368896, 164.179016113, 232.958969116, -275.272399902, 232.848373413, -129.236114502, 136.514099121, -123.348579407, 125.145004272, -114.362998962, 103.521835327], [-746.11529541, -275.634368896, 785.38873291, -73.4868545532, 58.8942222595, 114.063552856, -69.1889038086, 32.3237037659, -46.6525230408, 74.2465667725, -39.3534317017, 47.7295227051, -5.25354814529], [313.975982666, 164.179016113, -73.4868545532, 449.453613281, -16.3808021545, -101.699829102, -16.6689682007, 20.1441841125, 66.7276916504, -18.3390674591, 18.2283668518, -8.42284870148, 47.7541046143], [-502.801483154, 232.958969116, 58.8942222595, -16.3808021545, 213.554550171, -9.59431743622, 74.9180450439, -7.27777528763, 23.6735172272, 8.93075847626, 11.354549408, -16.8104705811, 6.30183315277], [295.113128662, -275.272399902, 114.063552856, -101.699829102, -9.59431743622, 260.490509033, 7.10601758957, 53.3567962646, -37.2240943909, 28.7944507599, 0.743428885937, 20.0489025116, -29.9578208923], [-339.491546631, 232.848373413, -69.1889038086, -16.6689682007, 74.9180450439, 7.10601758957, 181.353210449, 15.8674459457, 12.4114894867, -30.1763744354, 32.1939735413, -19.9294605255, -13.9218206406], [309.247650146, -129.236114502, 32.3237037659, 20.1441841125, -7.27777528763, 53.3567962646, 15.8674459457, 116.714584351, 11.4297189713, 21.2062587738, -8.75226593018, 6.19507884979, -5.12862014771], [-122.542327881, 136.514099121, -46.6525230408, 66.7276916504, 23.6735172272, -37.2240943909, 12.4114894867, 11.4297189713, 111.194976807, 21.1888332367, 5.77338695526, -24.9251976013, 11.1943588257], [139.812835693, -123.348579407, 74.2465667725, -18.3390674591, 8.93075847626, 28.7944507599, -30.1763744354, 21.2062587738, 21.1888332367, 85.185218811, 11.7672586441, 15.9483003616, -6.76446771622], [-63.7706832886, 125.145004272, -39.3534317017, 18.2283668518, 11.354549408, 0.743428885937, 32.1939735413, -8.75226593018, 5.77338695526, 11.7672586441, 78.6552810669, 21.9967288971, 15.118396759], [181.879730225, -114.362998962, 47.7295227051, -8.42284870148, -16.8104705811, 20.0489025116, -19.9294605255, 6.19507884979, -24.9251976013, 15.9483003616, 21.9967288971, 85.8392486572, 19.9221134186], [-73.8600540161, 103.521835327, -5.25354814529, 47.7541046143, 6.30183315277, -29.9578208923, -13.9218206406, -5.12862014771, 11.1943588257, -6.76446771622, 15.118396759, 19.9221134186, 73.413230896]], "mean": [24.3630008698, 69.3633804321, -116.992622375, 50.2873535156, -53.6986083984, 11.0036697388, -34.3631782532, 13.0432634354, -19.7458190918, 2.72677016258, -12.9708051682, 3.88930749893, -7.13140392303]}, "spectral_flux": {"max": 0.280644625425, "dmean": 0.0212388671935, "dvar2": 0.00124021898955, "dmean2": 0.0321856029332, "var": 0.00165600539185, "median": 0.0748384147882, "min": 6.62217017333e-11, "dvar": 0.000631777977105, "mean": 0.0830884352326}, "zerocrossingrate": {"max": 0.5205078125, "dmean": 0.0118437930942, "dvar2": 0.000193119383766, "dmean2": 0.0136361932382, "var": 0.00172270892654, "median": 0.08447265625, "min": 0.00146484375, "dvar": 0.000178956353921, "mean": 0.0887178406119}, "spectral_energyband_middle_low": {"max": 0.0789183676243, "dmean": 0.00352548412047, "dvar2": 9.0733912657e-05, "dmean2": 0.0057476432994, "var": 5.39920438314e-05, "median": 0.00635949056596, "min": 2.37019178586e-22, "dvar": 3.48726789525e-05, "mean": 0.0083374986425}, "silence_rate_20dB": {"max": 1, "dmean": 0, "dvar2": 0, "dmean2": 0, "var": 0, "median": 1, "min": 1, "dvar": 0, "mean": 1}, "silence_rate_30dB": {"max": 1, "dmean": 0, "dvar2": 0, "dmean2": 0, "var": 0, "median": 1, "min": 1, "dvar": 0, "mean": 1}, "spectral_entropy": {"max": 9.81124305725, "dmean": 0.105381399393, "dvar2": 0.025571975857, "dmean2": 0.15028193593, "var": 0.130451157689, "median": 7.93000745773, "min": 5.11617946625, "dvar": 0.012989195995, "mean": 7.8855676651}, "spectral_rolloff": {"max": 20714.9414062, "dmean": 605.973327637, "dvar2": 1546244.125, "dmean2": 958.647766113, "var": 2916594.5, "median": 2390.18554688, "min": 21.533203125, "dvar": 787746.25, "mean": 2429.64355469}, "spectral_complexity": {"max": 61, "dmean": 4.4511384964, "dvar2": 38.360118866, "dmean2": 6.64664936066, "var": 139.522583008, "median": 25, "min": 0, "dvar": 20.5968418121, "mean": 25.8887672424}, "spectr