{"tonal": {"hpcp": {"dvar": [0.0588336139917, 0.0526135414839, 0.046970166266, 0.0429112166166, 0.0392499193549, 0.0346917845309, 0.0332398526371, 0.0335223451257, 0.0422864109278, 0.0453348308802, 0.0429677926004, 0.0404325723648, 0.0329380780458, 0.0372756794095, 0.03709673509, 0.0373135134578, 0.0424616858363, 0.0344414226711, 0.0310610216111, 0.0362326800823, 0.0403182394803, 0.0430669337511, 0.0436480268836, 0.0405200459063, 0.0380334965885, 0.0383636690676, 0.0370902344584, 0.0420460924506, 0.0428334474564, 0.0501528382301, 0.0586635656655, 0.0526205040514, 0.0511669106781, 0.0571833588183, 0.0647616311908, 0.0690905749798], "var": [0.092435233295, 0.0602796040475, 0.0542175136507, 0.0558904819191, 0.0475063472986, 0.0390804111958, 0.0366899445653, 0.0413278415799, 0.0569258257747, 0.0692246109247, 0.0631053224206, 0.0441062115133, 0.0344055891037, 0.0378351248801, 0.0468419790268, 0.0545299984515, 0.0527811013162, 0.0372220501304, 0.0353852398694, 0.038595367223, 0.0474186986685, 0.0554779544473, 0.0548224598169, 0.0441483780742, 0.0435667484999, 0.0422496311367, 0.0453274399042, 0.0524723976851, 0.0531581938267, 0.0576304756105, 0.0633123144507, 0.0595987066627, 0.0659985840321, 0.0776178240776, 0.0791523307562, 0.102957077324], "median": [0.085230588913, 0.050668861717, 0.0349202752113, 0.0293888710439, 0.0252688918263, 0.0235792808235, 0.0227001830935, 0.0278558712453, 0.0399729087949, 0.0487029477954, 0.0481195114553, 0.0391878411174, 0.0288819298148, 0.0268555823714, 0.0348873846233, 0.0383435897529, 0.0309995673597, 0.0217582415789, 0.0187890622765, 0.0228839144111, 0.0331730730832, 0.0375475883484, 0.0315084978938, 0.0269619897008, 0.0240876134485, 0.0250465348363, 0.0269133932889, 0.0316749550402, 0.0359962247312, 0.0387611947954, 0.0414827018976, 0.0422925874591, 0.0448490120471, 0.0527594015002, 0.0816491171718, 0.0968675613403], "max": [1, 1, 1, 1, 1, 1, 1, 1, 1, 1, 1, 1, 1, 1, 1, 1, 1, 1, 1, 1, 1, 1, 1, 1, 1, 1, 1, 1, 1, 1, 1, 1, 1, 1, 1, 1], "dmean": [0.187961444259, 0.159954547882, 0.140104785562, 0.126619726419, 0.118387423456, 0.106633603573, 0.101358808577, 0.109392233193, 0.137743830681, 0.144273668528, 0.140414476395, 0.128649815917, 0.107028968632, 0.110559225082, 0.118996091187, 0.125730901957, 0.122922077775, 0.105630300939, 0.0925943180919, 0.104264527559, 0.122797079384, 0.129356518388, 0.12515668571, 0.122191652656, 0.113777011633, 0.111882425845, 0.116716966033, 0.126914933324, 0.132198274136, 0.147024437785, 0.163945794106, 0.152473300695, 0.155534639955, 0.175393864512, 0.202994525433, 0.21463060379], "dmean2": [0.327918410301, 0.285014510155, 0.248009219766, 0.220578879118, 0.205837517977, 0.185910984874, 0.176585748792, 0.191233202815, 0.239270910621, 0.249123379588, 0.244404867291, 0.227803736925, 0.186986520886, 0.192151501775, 0.206299632788, 0.218341082335, 0.215789079666, 0.186747446656, 0.162054181099, 0.183595523238, 0.214024022222, 0.226773500443, 0.219195306301, 0.21508012712, 0.199347153306, 0.194828704, 0.206061899662, 0.222972154617, 0.232231557369, 0.259466081858, 0.293399065733, 0.268816530704, 0.272794336081, 0.308684974909, 0.361858844757, 0.380661964417], "mean": [0.231788307428, 0.164253816009, 0.140403017402, 0.134842813015, 0.122668869793, 0.106658630073, 0.100992359221, 0.113402597606, 0.148792088032, 0.17303390801, 0.163038119674, 0.131156116724, 0.105741143227, 0.106591701508, 0.129030406475, 0.143272936344, 0.128112047911, 0.102176472545, 0.0918281599879, 0.102796375751, 0.126506492496, 0.141669243574, 0.131711423397, 0.118222005665, 0.114131845534, 0.11173286289, 0.118590697646, 0.132475927472, 0.139135286212, 0.149536252022, 0.156766712666, 0.153334930539, 0.166349574924, 0.187549978495, 0.212100863457, 0.254981130362], "dvar2": [0.152037709951, 0.141725644469, 0.124432832003, 0.110256120563, 0.101388990879, 0.0901814699173, 0.0887372717261, 0.0878616645932, 0.109691292048, 0.116039857268, 0.114859752357, 0.110614731908, 0.0851802006364, 0.0982070490718, 0.0976898819208, 0.0980549752712, 0.11121378839, 0.0924945473671, 0.0802990198135, 0.0935063883662, 0.106526792049, 0.113187976182, 0.11186234653, 0.110608309507, 0.0995653271675, 0.100759811699, 0.0965162068605, 0.110074147582, 0.112295366824, 0.131673634052, 0.154719725251, 0.142537713051, 0.134862035513, 0.152306377888, 0.175556451082, 0.183474674821], "min": [0, 0, 0, 0, 0, 0, 0, 0, 0, 0, 0, 0, 0, 0, 0, 0, 0, 0, 0, 0, 0, 0, 0, 0, 0, 0, 0, 0, 0, 0, 0, 0, 0, 0, 0, 0]}, "key_key": "C#", "thpcp": [1, 0.909041047096, 0.644180297852, 0.550640821457, 0.528834462166, 0.48108997941, 0.41830009222, 0.396077781916, 0.444748967886, 0.583541572094, 0.678614556789, 0.639412462711, 0.51437574625, 0.414701849222, 0.418037593365, 0.506039023399, 0.561896204948, 0.502437353134, 0.400721698999, 0.360137075186, 0.403152883053, 0.496140599251, 0.555606782436, 0.516553580761, 0.463650017977, 0.447608977556, 0.438200503588, 0.465095967054, 0.519551873207, 0.545668959618, 0.586460053921, 0.614816904068, 0.601357936859, 0.652399539948, 0.73554456234, 0.831829667091], "chords_key": "G#", "tuning_equal_tempered_deviation": 0.187902659178, "tuning_frequency": 438.477722168, "tuning_diatonic_strength": 0.494839459658, "chords_histogram": [5.97211265564, 5.07761096954, 8.28729248047, 0.81557482481, 0.947119176388, 0.342015266418, 1.13128125668, 4.36727190018, 8.28729248047, 9.07655906677, 4.36727190018, 2.02578258514, 2.31518030167, 0.789265990257, 2.20994472504, 6.39305448532, 7.68218898773, 5.18284654617, 2.86766648293, 1.89423835278, 1.15759015083, 8.39252853394, 4.47250699997, 5.94580364227], "key_strength": 0.491948634386, "key_scale": "minor", "chords_strength": {"dvar": 0.000680776836816, "var": 0.0586265921593, "median": 0.476520448923, "max": 0.747125327587, "dmean": 0.015748841688, "dmean2": 0.0187486074865, "mean": 0.440654009581, "dvar2": 0.00121116428636, "min": -1}, "chords_number_rate": 0.00526177324355, "tuning_nontempered_energy_ratio": 0.884052991867, "hpcp_entropy": {"dvar": 0.314800351858, "var": 0.763549923897, "median": 2.19919061661, "max": 4.44974279404, "dmean": 0.668579697609, "dmean2": 1.13501048088, "mean": 2.1434431076, "dvar2": 0.876831948757, "min": 0}, "chords_changes_rate": 0.125756382942, "chords_scale": "major"}, "rhythm": {"bpm_histogram_first_peak_spread": {"dvar": 0, "var": 0, "median": 0.639175236225, "max": 0.639175236225, "dmean": 0, "dmean2": 0, "mean": 0.639175236225, "dvar2": 0, "min": 0.639175236225}, "bpm_histogram_first_peak_weight": {"dvar": 0, "var": 0, "median": 0.0977653637528, "max": 0.0977653637528, "dmean": 0, "dmean2": 0, "mean": 0.0977653637528, "dvar2": 0, "min": 0.0977653637528}, "bpm_histogram_first_peak_bpm": {"dvar": 0, "var": 0, "median": 148, "max": 148, "dmean": 0, "dmean2": 0, "mean": 148, "dvar2": 0, "min": 148}, "bpm": 147.472183228, "bpm_histogram_second_peak_weight": {"dvar": 0, "var": 0, "median": 0.0949720665812, "max": 0.0949720665812, "dmean": 0, "dmean2": 0, "mean": 0.0949720665812, "dvar2": 0, "min": 0.0949720665812}, "beats_loudness": {"dvar": 0.000778720714152, "var": 0.000725226127543, "median": 0.0112649509683, "max": 0.206269785762, "dmean": 0.020710228011, "dmean2": 0.0371713675559, "mean": 0.0212773196399, "dvar2": 0.00224518054165, "min": 0}, "beats_loudness_band_ratio": {"dvar": [0.0564569756389, 0.0421570129693, 0.0251884274185, 0.0217288527638, 0.0344204157591, 0.0212156064808], "var": [0.0929089933634, 0.0598748140037, 0.0271313171834, 0.0234442334622, 0.0303380955011, 0.0197632107884], "median": [0.307414531708, 0.184807360172, 0.072233043611, 0.0518644228578, 0.0282866694033, 0.010275663808], "max": [0.997317314148, 0.911438643932, 0.788407921791, 0.758710086346, 0.955231130123, 0.955571353436], "dmean": [0.268498063087, 0.232616126537, 0.135291278362, 0.113255545497, 0.111021235585, 0.0747721940279], "dmean2": [0.464489042759, 0.409631848335, 0.236206799746, 0.200936928391, 0.202689960599, 0.132527172565], "mean": [0.364582806826, 0.272207349539, 0.138837501407, 0.112638838589, 0.0997616052628, 0.0622435510159], "dvar2": [0.155572220683, 0.11135943234, 0.0704509094357, 0.05851341784, 0.0978035628796, 0.0568922385573], "min": [0, 0, 0, 0, 0, 0]}, "bpm_histogram_second_peak_bpm": {"dvar": 0, "var": 0, "median": 140, "max": 140, "dmean": 0, "dmean2": 0, "mean": 140, "dvar2": 0, "min": 140}, "onset_rate": 3.84789657593, "beats_count": 359, "beats_position": [0.371519267559, 0.766258478165, 1.14938771725, 1.53251695633, 1.91564619541, 2.27555561066, 2.61224484444, 2.96054410934, 3.29723358154, 3.63392281532, 3.97061228752, 4.29569149017, 4.72526073456, 5.15482997894, 5.58439922333, 6.01396799088, 6.44353723526, 6.87310647964, 7.30267572403, 7.75546455383, 8.19664382935, 8.64943313599, 9.07900238037, 9.49696159363, 9.91492080688, 10.3328800201, 10.7508392334, 11.1920175552, 11.6099767685, 12.0279359818, 12.4342851639, 12.840634346, 13.2469835281, 13.6185035706, 14.0016326904, 14.3731517792, 14.7446708679, 15.1394100189, 15.5341491699, 15.9288883209, 16.3236274719, 16.7183666229, 17.1014957428, 17.4962348938, 17.8793640137, 18.2741031647, 18.6804523468, 19.0868015289, 19.4931507111, 19.8994998932, 20.3174591064, 20.7121982574, 21.0837192535, 21.4668483734, 21.8499774933, 22.221496582, 22.6278457642, 23.0458049774, 23.4521541595, 23.8701133728, 24.2880725861, 24.6944217682, 25.1007709503, 25.5303401947, 25.9599094391, 26.3778686523, 26.8074378967, 27.2370071411, 27.6781845093, 28.1193637848, 28.5605430603, 28.9901123047, 29.4196815491, 29.8608608246, 30.3020401001, 30.7316093445, 31.2192287445, 31.7068481445, 32.1828575134, 32.6588668823, 33.1348762512, 33.6224937439, 34.1101112366, 34.5977325439, 35.0853500366, 35.572971344, 36.0141487122, 36.4437179565, 36.8848991394, 37.3144645691, 37.7440338135, 38.1852149963, 38.6263923645, 39.0559616089, 39.4971427917, 39.9383201599, 40.3911094666, 40.8206787109, 41.2502479553, 41.6914291382, 42.1093864441, 42.5389556885, 42.9569168091, 43.3632659912, 43.7696151733, 44.1875724792, 44.6055335999, 45.0234909058, 45.4414520264, 45.8710212708, 46.2541503906, 46.6488876343, 47.0436286926, 47.4383659363, 47.8214950562, 48.2162361145, 48.6109733582, 48.994102478, 49.3888435364, 49.78358078, 50.1783218384, 50.5846710205, 50.9910202026, 51.3973693848, 51.8037185669, 52.2448959351, 52.6860771179, 53.1272544861, 53.5568237305, 53.9863929749, 54.4159622192, 54.8571434021, 55.2867126465, 55.7162818909, 56.1458511353, 56.5986366272, 57.0514259338, 57.515827179, 57.9570045471, 58.39818573, 58.8393630981, 59.280544281, 59.6985015869, 60.1280708313, 60.5576400757, 60.9756011963, 61.3935585022, 61.8115196228, 62.2294769287, 62.6474380493, 63.0537872314, 63.4717445374, 63.889705658, 64.2960510254, 64.714012146, 65.1435852051, 65.5499343872, 65.9562835693, 66.3626327515, 66.7805862427, 67.2914276123, 67.7906570435, 68.3014984131, 68.8239440918, 69.3696136475, 69.9617233276, 70.5422210693, 71.1343307495, 71.7380523682, 72.3301544189, 72.91065979, 73.4911575317, 74.0716552734, 74.6289291382, 75.1629943848, 75.7086639404, 76.2543258667, 76.7999954224, 77.345664978, 77.9029464722, 78.4718322754, 78.9594573975, 79.4354629517, 79.9114761353, 80.3874816895, 80.8634872437, 81.3395004272, 81.7922897339, 82.2450790405, 82.6862564087, 83.2203140259, 83.7311553955, 84.2419967651, 84.7760543823, 85.3101119995, 85.8441696167, 86.3782272339, 86.900680542, 87.4231262207, 88.0616760254, 88.6886138916, 89.2691116333, 89.8612213135, 90.4417190552, 91.0338287354, 91.6259384155, 92.2064361572, 92.7985458374, 93.3906555176, 93.9943771362, 94.5980911255, 95.2598648071, 95.9216308594, 96.5717926025, 97.2335586548, 97.8837203979, 98.5222625732, 99.1608123779, 99.7529220581, 100.356643677, 100.960357666, 101.564079285, 102.179405212, 102.771514893, 103.363624573, 103.955734253, 104.559455872, 105.163169861, 105.836547852, 106.509933472, 107.194915771, 107.879905701, 108.56489563, 109.249885559, 109.934875488, 110.619865417, 111.293243408, 112.059501648, 112.814147949, 113.592018127, 114.369888306, 115.10131073, 115.832740784, 116.45967865, 117.086616516, 117.701950073, 118.317276001, 118.944213867, 119.559547424, 120.174873352, 120.79019928, 121.405532837, 122.020858765, 122.624580383, 123.228294373, 123.855232239, 124.482177734, 125.109115601, 125.736053467, 126.374603271, 127.013153076, 127.66330719, 128.313461304, 128.963623047, 129.625396729, 130.28717041, 130.948928833, 131.610702515, 132.260864258, 132.922622681, 133.596008301, 134.188110352, 134.780227661, 135.372329712, 135.964447021, 136.556549072, 137.148666382, 137.729156494, 138.298049927, 138.866943359, 139.435821533, 139.993103027, 140.550384521, 141.107666016, 141.66494751, 142.222213745, 142.675003052, 143.127792358, 143.592193604, 144.056594849, 144.46295166, 144.869293213, 145.264038086, 145.670379639, 146.088348389, 146.517913818, 146.93586731, 147.35383606, 147.771789551, 148.20135498, 148.607711792, 149.014053345, 149.408798218, 149.803527832, 150.198272705, 150.604629517, 150.999359131, 151.394104004, 151.788833618, 152.183578491, 152.578323364, 152.984664917, 153.391021729, 153.80897522, 154.226928711, 154.633285522, 155.039627075, 155.445983887, 155.852325439, 156.258682251, 156.676635742, 157.071380615, 157.466125488, 157.988571167, 158.511016846, 159.056686401, 159.613967896, 160.17124939, 160.728515625, 161.297409058, 161.854690552, 162.400360107, 162.957641602, 163.526535034, 164.095413208, 164.675918579, 165.140319824, 165.581497192, 166.022674561, 166.475463867, 166.928253174, 167.38104248, 167.833831787, 168.309844971, 168.785842896, 169.261856079, 169.749481201, 170.237091064, 170.724716187, 171.235549927, 171.734786987, 172.245620728, 172.721633911, 173.197631836, 173.67364502, 174.149658203, 174.625671387, 175.101669312, 175.577682495], "danceability": 1.03774893284, "bpm_histogram_second_peak_spread": {"dvar": 0, "var": 0, "median": 0.423728793859, "max": 0.423728793859, "dmean": 0, "dmean2": 0, "mean": 0.423728793859, "dvar2": 0, "min": 0.423728793859}}, "lowlevel": {"spectral_flux": {"dvar": 0.000866565911565, "var": 0.00248238700442, "median": 0.0478126481175, "max": 0.387323141098, "dmean": 0.0203983243555, "dmean2": 0.0333394668996, "mean": 0.0593502111733, "dvar2": 0.00215362012386, "min": 6.10909031695e-11}, "spectral_rolloff": {"dvar": 1083206.625, "var": 11536966, "median": 796.728515625, "max": 20650.3417969, "dmean": 447.317260742, "dmean2": 762.537353516, "mean": 1834.09265137, "dvar2": 2516037.5, "min": 21.533203125}, "barkbands_flatness_db": {"dvar": 0.000966776395217, "var": 0.00679107895121, "median": 0.162305355072, "max": 0.487987428904, "dmean": 0.0326014533639, "dmean2": 0.0499209575355, "mean": 0.175915524364, "dvar2": 0.00215674447827, "min": 0.0225291084498}, "spectral_centroid": {"dvar": 134584.484375, "var": 3322787.5, "median": 889.267333984, "max": 11968.0703125, "dmean": 266.811126709, "dmean2": 413.69921875, "mean": 1391.61083984, "dvar2": 291802.9375, "min": 118.475616455}, "melbands_skewness": {"dvar": 1.02976810932, "var": 4.85594320297, "median": 2.27239561081, "max": 32.6177978516, "dmean": 0.923482298851, "dmean2": 1.42210817337, "mean": 2.57716536522, "dvar2": 2.18782877922, "min": -3.40344214439}, "melbands": {"dvar": [8.92416267106e-07, 7.24664596419e-06, 1.02152068848e-06, 1.23928577977e-06, 4.63882258828e-07, 8.23107086489e-07, 4.93227503284e-07, 2.10752006069e-07, 1.95962797989e-07, 5.64456250629e-08, 4.00768307429e-08, 2.76106302266e-08, 3.70632839974e-08, 4.51838104709e-08, 2.01495389263e-08, 4.61634037663e-08, 3.91521979282e-08, 1.09383169189e-08, 3.45242057165e-09, 7.28746130108e-09, 5.35243760424e-09, 3.71070751903e-09, 5.50098233632e-09, 1.96640792538e-09, 9.54224477212e-10, 1.29985155972e-09, 6.38750219384e-10, 6.67087218797e-10, 1.25615917668e-09, 5.10519349017e-10, 1.35492575493e-10, 1.00353080013e-10, 6.5664827742e-11, 8.6087116602e-11, 3.35042098232e-11, 1.03924557848e-09, 1.2422461948e-09, 4.70405207842e-11, 2.08176028499e-11, 6.1696576667e-12], "var": [2.44694615503e-06, 1.3203585695e-05, 2.99867724607e-06, 2.60237061411e-06, 2.23944243771e-06, 1.23209292724e-06, 5.54458665647e-07, 3.07654573817e-07, 2.04976970508e-07, 8.03706470265e-08, 7.0745819869e-08, 4.75873562777e-08, 3.32774625633e-08, 5.34430490973e-08, 3.50326487819e-08, 5.04427859482e-08, 3.64210954729e-08, 2.16008348985e-08, 6.7682370819e-09, 9.79143433e-09, 6.38392938512e-09, 4.31823332647e-09, 6.03068661675e-09, 3.48334605604e-09, 2.05555261701e-09, 1.89085036517e-09, 9.99588634087e-10, 1.08922926234e-09, 2.11762407609e-09, 6.93069490687e-10, 1.38607070266e-10, 9.22374399082e-11, 1.03488079217e-10, 1.45939649254e-10, 7.15632830772e-11, 5.58628343583e-09, 1.39060274407e-09, 4.22132537259e-11, 1.54444530082e-11, 1.03532590487e-11], "median": [5.30427205376e-05, 0.000123247154988, 0.000125544611365, 0.000140253381687, 7.10813765181e-05, 4.44864708697e-05, 3.2214789826e-05, 1.77808033186e-05, 1.33595858642e-05, 8.29582768347e-06, 8.29943564895e-06, 7.43590635466e-06, 5.72095905227e-06, 4.97484779771e-06, 3.87388899981e-06, 3.87065119867e-06, 3.56018381353e-06, 2.62130743067e-06, 2.02908699976e-06, 1.5721627733e-06, 1.02798503576e-06, 8.26494101602e-07, 7.70494636981e-07, 6.94327695783e-07, 5.94365587858e-07, 4.67714272645e-07, 3.34393831736e-07, 2.85052294657e-07, 2.25918498131e-07, 1.71617429601e-07, 1.27785597215e-07, 9.93846782649e-08, 9.27143233298e-08, 6.32572394466e-08, 4.36492264555e-08, 3.05407787948e-08, 2.49675746744e-08, 2.00318481802e-08, 1.47759742219e-08, 1.044098763e-08], "max": [0.0347413420677, 0.0647060498595, 0.02531802468, 0.0292031038553, 0.0418328456581, 0.0403944551945, 0.0205246452242, 0.0183010846376, 0.0184183325619, 0.00628886558115, 0.00680827256292, 0.00481502944604, 0.00800651591271, 0.010682431981, 0.00602373620495, 0.0101441042498, 0.0111429747194, 0.00342654413544, 0.00261785439216, 0.00542743178084, 0.00483648618683, 0.00267851725221, 0.00323601509444, 0.00161164544988, 0.00129986205138, 0.00125777430367, 0.00072732695844, 0.00102101790253, 0.00247607496567, 0.000718709954526, 0.000469158578198, 0.000572882243432, 0.00033051634091, 0.000397342431825, 0.000245872215601, 0.00344160874374, 0.00190332869533, 0.000327712332364, 0.00023205053003, 9.16987337405e-05], "dmean": [0.000302987464238, 0.000812478421722, 0.000400316203013, 0.000440261472249, 0.000224170667934, 0.000222077331273, 0.000180559582077, 0.000119922289741, 7.84015282989e-05, 5.47771596757e-05, 5.01904796693e-05, 4.30080763181e-05, 3.72930808226e-05, 3.46895394614e-05, 2.44475886575e-05, 2.84922298306e-05, 2.80636249954e-05, 2.3384418455e-05, 1.42100470839e-05, 1.34409692691e-05, 1.05032941065e-05, 8.7761100076e-06, 9.63115599006e-06, 7.16093973097e-06, 5.59053660254e-06, 5.23602057001e-06, 4.10549500884e-06, 3.79752827939e-06, 3.75838658329e-06, 2.9335783438e-06, 1.60275385497e-06, 1.15258478672e-06, 1.24582334138e-06, 1.26156521674e-06, 8.29392092783e-07, 1.68077042417e-06, 1.74537490238e-06, 5.9851174683e-07, 4.1736589651e-07, 3.43458737007e-07], "dmean2": [0.000477432506159, 0.00126649660524, 0.0006271385937, 0.000696850649547, 0.000344719912391, 0.000340118800523, 0.000288647250272, 0.000185559212696, 0.000125641396153, 9.03418185771e-05, 8.18326589069e-05, 6.86135535943e-05, 6.23346422799e-05, 5.59964937565e-05, 3.83757396776e-05, 4.73844374937e-05, 4.49704421044e-05, 3.77482756448e-05, 2.25794519793e-05, 2.15586915147e-05, 1.68094720721e-05, 1.41512882692e-05, 1.56066780619e-05, 1.1806020666e-05, 8.83771008375e-06, 8.5223273345e-06, 6.56666588839e-06, 6.20728087597e-06, 5.98606447966e-06, 4.76237573821e-06, 2.61351556219e-06, 1.88193280337e-06, 2.06987579077e-06, 2.02000774152e-06, 1.30981584334e-06, 2.1472806111e-06, 2.76287778433e-06, 9.57976453719e-07, 7.08458173904e-07, 5.67573692933e-07], "mean": [0.000491765735205, 0.00118704466149, 0.000694374437444, 0.00069409533171, 0.000402202596888, 0.000313270022161, 0.000221815309487, 0.000152103777509, 0.000100860379462, 7.41572439438e-05, 7.11489192327e-05, 5.93112235947e-05, 4.28087587352e-05, 4.18390045525e-05, 3.37411511282e-05, 3.67469692719e-05, 3.65996202163e-05, 3.44867548847e-05, 2.0499652237e-05, 1.92113038793e-05, 1.45335097841e-05, 1.148809406e-05, 1.18742709674e-05, 1.00786792245e-05, 8.78748051036e-06, 7.44515364204e-06, 5.91462003285e-06, 5.38719586984e-06, 5.00477244714e-06, 3.73087277694e-06, 1.93439859686e-06, 1.52528036779e-06, 1.84422924576e-06, 1.7690781533e-06, 1.1948810652e-06, 3.24265738527e-06, 2.08897745324e-06, 6.86846533426e-07, 4.99851751101e-07, 4.71416143455e-07], "dvar2": [2.07347193282e-06, 1.62330925377e-05, 2.34623757933e-06, 2.97630867863e-06, 8.8734344672e-07, 1.88174260529e-06, 1.21838263567e-06, 4.54659300431e-07, 5.09291908202e-07, 1.40266124049e-07, 1.0149365437e-07, 6.07406605013e-08, 9.57915844424e-08, 9.95208537802e-08, 4.15378806906e-08, 1.24798148704e-07, 9.73365743562e-08, 2.52434908532e-08, 7.87954146375e-09, 2.00155749752e-08, 1.29523227699e-08, 9.47461575862e-09, 1.38400988448e-08, 5.07202457811e-09, 2.26759455657e-09, 3.46960105091e-09, 1.59704294234e-09, 1.73625702704e-09, 3.12053938245e-09, 1.32367572458e-09, 3.50470569233e-10, 2.73336242529e-10, 1.79787129628e-10, 2.28058724683e-10, 7.76839634287e-11, 1.0375511561e-09, 2.56052490322e-09, 1.19428480994e-10, 5.98499166893e-11, 1.4907188331e-11], "min": [2.14275255501e-25, 5.90161338515e-25, 1.37687328802e-24, 1.01137233696e-24, 1.06952893783e-24, 5.8199500112e-25, 2.03042324875e-24, 6.24401451676e-25, 2.36057001784e-24, 1.21225034305e-24, 1.50476736228e-24, 1.67145958801e-24, 9.99098252919e-25, 2.37069485035e-24, 2.25361073429e-24, 2.39431965674e-24, 2.69326224386e-24, 1.3904288766e-24, 2.6696508481e-24, 2.25465636942e-24, 2.73870891504e-24, 3.77124027641e-24, 2.97149604893e-24, 2.9624134989e-24, 3.50722036435e-24, 4.21440103372e-24, 4.23309112072e-24, 4.16264465859e-24, 4.47343534486e-24, 4.42511721999e-24, 4.56023134368e-24, 5.4422579051e-24, 4.97717430881e-24, 4.36269938972e-24, 4.88446500864e-24, 5.85409772903e-24, 5.90358376248e-24, 5.18104673229e-24, 4.55416894763e-24, 5.927687013e-24]}, "spectral_decrease": {"dvar": 1.23452181746e-17, "var": 3.49573045048e-17, "median": -1.81775039465e-09, "max": 5.88078979918e-26, "dmean": 1.82688342232e-09, "dmean2": 2.75356737411e-09, "mean": -4.04153732703e-09, "dvar2": 2.81265098721e-17, "min": -6.87018442136e-08}, "barkbands_kurtosis": {"dvar": 235.307815552, "var": 424.307281494, "median": 3.4797399044, "max": 549.962280273, "dmean": 6.48430013657, "dmean2": 10.2621383667, "mean": 9.86571311951, "dvar2": 593.768981934, "min": -1.94401836395}, "silence_rate_30dB": {"dvar": 0.00861050095409, "var": 0.0101584335789, "median": 1, "max": 1, "dmean": 0.00868535321206, "dmean2": 0.0173729937524, "mean": 0.98973685503, "dvar2": 0.0199686922133, "min": 0}, "gfcc": {"mean": [-137.598175049, 104.405006409, -105.228263855, 25.8812198639, -50.4190444946, 4.92944192886, -34.7208213806, -2.78937840462, -22.0704288483, -1.83394694328, -12.4009847641, -4.08394432068, -9.02011966705], "cov": [[46024.6210938, 3087.23242188, -5214.03076172, 624.302612305, -2304.10400391, 427.239990234, -1418.16882324, -2.90122151375, -869.652709961, -23.4721908569, -433.333435059, -186.007843018, -323.234863281], [3087.23242188, 2658.05029297, 164.287307739, -187.39781189, 46.357383728, -133.582550049, 63.8139419556, -208.414123535, -26.9603462219, -206.832504272, 74.2099761963, -91.8677902222, 44.9284248352], [-5214.03076172, 164.287307739, 1775.65234375, 132.087173462, 289.61730957, 16.6161231995, 230.723922729, 24.2848854065, 49.304599762, -28.0480690002, 67.7815551758, 25.807384491, 23.3117713928], [624.302612305, -187.39781189, 132.087173462, 529.133728027, 88.9121170044, 28.7125415802, 1.37706232071, 60.0343513489, -14.8154830933, 12.9335651398, -26.7155132294, -28.6407318115, -24.4010696411], [-2304.10400391, 46.357383728, 289.61730957, 88.9121170044, 476.603271484, 71.8173217773, 84.5439529419, -30.1597480774, 74.3432006836, -13.5901889801, 7.54033088684, -7.72730779648, 12.9507379532], [427.239990234, -133.582550049, 16.6161231995, 28.7125415802, 71.8173217773, 279.417419434, 50.7974319458, 22.5713386536, -0.517854511738, 33.2116241455, -14.8655424118, -0.945186674595, -12.787530899], [-1418.16882324, 63.8139419556, 230.723922729, 1.37706232071, 84.5439529419, 50.7974319458, 266.940856934, 78.2345123291, 28.6742362976, -13.7299480438, 36.10754776, 7.31805706024, 15.3434362411], [-2.90122151375, -208.414123535, 24.2848854065, 60.0343513489, -30.1597480774, 22.5713386536, 78.2345123291, 218.249633789, 49.0301780701, 10.5778522491, -2.69531464577, 22.7048587799, -6.62978506088], [-869.652709961, -26.9603462219, 49.304599762, -14.8154830933, 74.3432006836, -0.517854511738, 28.6742362976, 49.0301780701, 157.805511475, 43.9135971069, 8.69627285004, 5.30958032608, 19.3687839508], [-23.4721908569, -206.832504272, -28.0480690002, 12.9335651398, -13.5901889801, 33.2116241455, -13.7299480438, 10.5778522491, 43.9135971069, 152.062484741, 27.0339221954, 1.17752432823, -5.80747890472], [-433.333435059, 74.2099761963, 67.7815551758, -26.7155132294, 7.54033088684, -14.8655424118, 36.10754776, -2.69531464577, 8.69627285004, 27.0339221954, 133.526947021, 29.6670017242, -9.12881469727], [-186.007843018, -91.8677902222, 25.807384491, -28.6407318115, -7.72730779648, -0.945186674595, 7.31805706024, 22.7048587799, 5.30958032608, 1.17752432823, 29.6670017242, 107.390533447, 27.7749328613], [-323.234863281, 44.9284248352, 23.3117713928, -24.4010696411, 12.9507379532, -12.787530899, 15.3434362411, -6.62978506088, 19.3687839508, -5.80747890472, -9.12881469727, 27.7749328613, 105.260406494]], "icov": [[0.000118329764518, -0.000266177376034, 0.000261966924882, -0.000284651003312, 0.000380595272873, -0.000395838229451, 0.000421411910793, -0.000300595798763, 0.000371812173398, -0.000233839135035, 0.000243359230808, -0.00023215766123, 0.000178748479811], [-0.000266177376034, 0.00112458714284, -0.000611356808804, 0.000732184387743, -0.000784359814133, 0.000974436406977, -0.00110041780863, 0.00114663387649, -0.0010616411455, 0.0013107333798, -0.00105102919042, 0.00112861488014, -0.000666044827085], [0.000261966924882, -0.000611356808804, 0.00128424179275, -0.000799947127234, 0.000535834522452, -0.000761524890549, 0.000410261127399, -0.00056385085918, 0.000795464788098, -0.000470433180453, 0.000366845051758, -0.000703692261595, 0.000386952451663], [-0.000284651003312, 0.000732184387743, -0.000799947127234, 0.00295213237405, -0.00152667879593, 0.00100053136703, -0.000596061407123, -0.000272942037554, -5.01341201016e-05, 0.000214656975004, -0.000323868705891, 0.00127459538635, -0.000289380463073], [0.000380595272873, -0.000784359814133, 0.000535834522452, -0.00152667879593, 0.00428683264181, -0.00205520214513, 0.000646082393359, 0.000451466738014, -0.000775287102442, 0.000213991181226, 0.000658165547065, -0.000693315174431, 0.000582587788813], [-0.000395838229451, 0.000974436406977, -0.000761524890549, 0.00100053136703, -0.00205520214513, 0.00556024350226, -0.00234503718093, 0.000785618147347, -0.000390685716411, -0.000547735835426, 0.000181106399396, 0.000461557094241, 2.43701324507e-05], [0.000421411910793, -0.00110041780863, 0.000410261127399, -0.000596061407123, 0.000646082393359, -0.00234503718093, 0.00711858505383, -0.00352655677125, 0.00159144063946, -0.000191388506209, -0.000755840330385, 7.31078689569e-05, -0.000477653346024], [-0.000300595798763, 0.00114663387649, -0.00056385085918, -0.000272942037554, 0.000451466738014, 0.000785618147347, -0.00352655677125, 0.00795882102102, -0.00385063537396, 0.00158074276987, -2.65711514658e-05, -0.000889047863893, 0.000732391083147], [0.000371812173398, -0.0010616411455, 0.000795464788098, -5.01341201016e-05, -0.000775287102442, -0.000390685716411, 0.00159144063946, -0.00385063537396, 0.0104207815602, -0.00403334293514, 0.00101626373362, -0.000318668637192, -0.000987285398878], [-0.000233839135035, 0.0013107333798, -0.000470433180453, 0.000214656975004, 0.000213991181226, -0.000547735835426, -0.000191388506209, 0.00158074276987, -0.00403334293514, 0.0099594257772, -0.00337279867381, 0.00173990020994, -0.000548960582819], [0.000243359230808, -0.00105102919042, 0.000366845051758, -0.000323868705891, 0.000658165547065, 0.000181106399396, -0.000755840330385, -2.65711514658e-05, 0.00101626373362, -0.00337279867381, 0.0105296960101, -0.00417444296181, 0.00273074372672], [-0.00023215766123, 0.00112861488014, -0.000703692261595, 0.00127459538635, -0.000693315174431, 0.000461557094241, 7.31078689569e-05, -0.000889047863893, -0.000318668637192, 0.00173990020994, -0.00417444296181, 0.0127692632377, -0.0042454120703], [0.000178748479811, -0.000666044827085, 0.000386952451663, -0.000289380463073, 0.000582587788813, 2.43701324507e-05, -0.000477653346024, 0.000732391083147, -0.000987285398878, -0.000548960582819, 0.00273074372672, -0.0042454120703, 0.0117361359298]]}, "silence_rate_20dB": {"dvar": 0, "var": 0, "median": 1, "max": 1, "dmean": 0, "dmean2": 0, "mean": 1, "dvar2": 0, "min": 1}, "barkbands_skewness": {"dvar": 0.76462417841, "var": 3.73702454567, "median": 1.55641257763, "max": 23.2776546478, "dmean": 0.786540865898, "dmean2": 1.20710361004, "mean": 1.69538843632, "dvar2": 1.73692977428, "min": -5.95028829575}, "erbbands_skewness": {"dvar": 0.355423003435, "var": 1.7874481678, "median": 0.467589408159, "max": 6.63963651657, "dmean": 0.567093670368, "dmean2": 0.876066207886, "mean": 0.490751117468, "dvar2": 0.80291223526, "min": -8.94614696503}, "spectral_contrast_valleys": {"dvar": [0.14136376977, 0.154181748629, 0.139795601368, 0.131077647209, 0.163705468178, 0.267080694437], "var": [11.7110528946, 12.3083982468, 11.8514509201, 11.4467601776, 11.107427597, 8.46522808075], "median": [-7.95310306549, -7.35138225555, -7.96037960052, -8.39376449585, -8.56023406982, -11.3549804688], "max": [-5.20128774643, -4.28161334991, -5.13705873489, -5.5395898819, -4.80108880997, -6.8540802002], "dmean": [0.433124810457, 0.425632029772, 0.37866845727, 0.33812853694, 0.357881456614, 0.449941396713], "dmean2": [0.718529760838, 0.697296917439, 0.606841742992, 0.533071994781, 0.545570373535, 0.678910970688], "mean": [-8.61435413361, -8.05297279358, -8.63889408112, -9.06479930878, -9.199177742, -11.8298683167], "dvar2": [0.339441627264, 0.367427885532, 0.31694701314, 0.282097756863, 0.357300639153, 0.608151316643], "min": [-28.5378437042, -28.2760276794, -28.0185127258, -27.7231616974, -27.6393203735, -27.4029769897]}, "spectral_strongpeak": {"dvar": 2.04256725311, "var": 7.89566469193, "median": 0.376746684313, "max": 90.266456604, "dmean": 0.538013994694, "dmean2": 0.856225550175, "mean": 0.956444919109, "dvar2": 3.94781136513, "min": 0}, "erbbands_crest": {"dvar": 10.1539812088, "var": 34.9420013428, "median": 9.8284778595, "max": 33.6545791626, "dmean": 3.2840821743, "dmean2": 5.35793638229, "mean": 11.2949848175, "dvar2": 24.2791576385, "min": 2.25540113449}, "barkbands_crest": {"dvar": 7.53076648712, "var": 25.7623195648, "median": 10.843998909, "max": 26.8557434082, "dmean": 3.00446557999, "dmean2": 4.87463998795, "mean": 11.6861095428, "dvar2": 18.3177776337, "min": 2.63546824455}, "spectral_energyband_middle_low": {"dvar": 7.36055153538e-05, "var": 0.000214503335883, "median": 0.00288796750829, "max": 0.208510935307, "dmean": 0.0041349362582, "dmean2": 0.00626240996644, "mean": 0.00820615608245, "dvar2": 0.000165853474755, "min": 1.49784629902e-22}, "spectral_contrast_coeffs": {"dvar": [0.0018291270826, 0.00201350753196, 0.00110472424421, 0.000824583112262, 0.000545963819604, 0.000324352906318], "var": [0.0131964804605, 0.00892027840018, 0.00464405119419, 0.00559150660411, 0.00386710721068, 0.00274984678254], "median": [-0.651915073395, -0.764753937721, -0.817564845085, -0.816676855087, -0.824971318245, -0.782890200615], "max": [-0.253065347672, -0.310033321381, -0.431173652411, -0.426219284534, -0.466003596783, -0.579503417015], "dmean": [0.0528290905058, 0.0522600784898, 0.0380434654653, 0.0307463426143, 0.0242226626724, 0.0192508026958], "dmean2": [0.0850113481283, 0.0847966223955, 0.0625327527523, 0.0495146252215, 0.0385144688189, 0.0309051126242], "mean": [-0.649524569511, -0.7554885149, -0.811081528664, -0.805641233921, -0.816087663174, -0.786141633987], "dvar2": [0.00474315276369, 0.00503400480375, 0.00272140838206, 0.00192229752429, 0.00126520218328, 0.000777797598857], "min": [-0.98271381855, -0.996467471123, -0.996732234955, -0.984822630882, -0.985992074013, -0.965869426727]}, "hfc": {"dvar": 730.071350098, "var": 1221.76550293, "median": 3.95454549789, "max": 815.082092285, "dmean": 6.32707214355, "dmean2": 9.63678359985, "mean": 12.6927928925, "dvar2": 1825.14770508, "min": 1.03380874138e-16}, "spectral_energyband_high": {"dvar": 7.90376998339e-06, "var": 1.40524289236e-05, "median": 3.23055137414e-05, "max": 0.0943848416209, "dmean": 0.000393409281969, "dmean2": 0.000608741596807, "mean": 0.00062644307036, "dvar2": 1.89079491975e-05, "min": 6.92329573971e-21}, "erbbands_spread": {"dvar": 99.5051269531, "var": 365.496734619, "median": 27.8042392731, "max": 146.245834351, "dmean": 8.97523212433, "dmean2": 13.9959487915, "mean": 31.1143875122, "dvar2": 230.806488037, "min": 1.04022455215}, "dissonance": {"dvar": 0.000642469269224, "var": 0.00159158091992, "median": 0.469911962748, "max": 0.500000059605, "dmean": 0.0228134449571, "dmean2": 0.0382594764233, "mean": 0.457772910595, "dvar2": 0.00168332678732, "min": 0}, "spectral_kurtosis": {"dvar": 30.600687027, "var": 81.3126449585, "median": 5.57505512238, "max": 137.10105896, "dmean": 3.54714083672, "dmean2": 5.83156013489, "mean": 8.16902065277, "dvar2": 76.8277511597, "min": -1.25945794582}, "spectral_skewness": {"dvar": 0.206504479051, "var": 0.94658100605, "median": 1.79031300545, "max": 9.74805831909, "dmean": 0.387153208256, "dmean2": 0.620624363422, "mean": 1.96657955647, "dvar2": 0.505130767822, "min": -0.0983544364572}, "pitch_salience": {"dvar": 0.00589700974524, "var": 0.0225785449147, "median": 0.555734217167, "max": 0.99609708786, "dmean": 0.0838055834174, "dmean2": 0.135408118367, "mean": 0.539243042469, "dvar2": 0.0146616119891, "min": 0.0074770078063}, "spectral_complexity": {"dvar": 10.3116121292, "var": 97.0135879517, "median": 7, "max": 59, "dmean": 2.39242005348, "dmean2": 3.75072383881, "mean": 10.3922367096, "dvar2": 22.8128261566, "min": 0}, "spectral_spread": {"dvar": 822639460352, "var": 38088248131600.0, "median": 3613755.75, "max": 42885472, "dmean": 696049.5625, "dmean2": 1099245.125, "mean": 4865850, "dvar2": 1835098308610.0, "min": 642147.0625}, "dynamic_complexity": 6.50808048248, "melbands_crest": {"dvar": 11.4544210434, "var": 42.4944381714, "median": 14.6892728806, "max": 39.9136695862, "dmean": 3.75592446327, "dmean2": 6.10782575607, "mean": 15.3171443939, "dvar2": 27.504119873, "min": 1.00012326241}, "zerocrossingrate": {"dvar": 0.000213243081816, "var": 0.0077018821612, "median": 0.0400390625, "max": 0.53125, "dmean": 0.00988931767642, "dmean2": 0.0118819177151, "mean": 0.0639857873321, "dvar2": 0.000283097091597, "min": 0}, "spectral_energyband_low": {"dvar": 8.20796267362e-05, "var": 0.000172635554918, "median": 0.000742454314604, "max": 0.211526036263, "dmean": 0.00298656383529, "dmean2": 0.00461379252374, "mean": 0.00499915424734, "dvar2": 0.000182995441719, "min": 1.57565925472e-23}, "melbands_kurtosis": {"dvar": 624.207763672, "var": 1531.63818359, "median": 8.3770236969, "max": 1201.01660156, "dmean": 10.8529443741, "dmean2": 16.8854789734, "mean": 18.7343559265, "dvar2": 1189.93847656, "min": -1.97117590904}, "spectral_energyband_middle_high": {"dvar": 3.16735531669e-05, "var": 5.29305289092e-05, "median": 0.000723659759387, "max": 0.1737973243, "dmean": 0.00166548404377, "dmean2": 0.00256595364772, "mean": 0.00311183929443, "dvar2": 7.66675366322e-05, "min": 1.06439232369e-21}, "barkbands_spread": {"dvar": 61.8014564514, "var": 232.521530151, "median": 12.8980541229, "max": 134.47328186, "dmean": 5.77331209183, "dmean2": 9.19826793671, "mean": 16.6286125183, "dvar2": 144.863265991, "min": 0.229570567608}, "mfcc": {"mean": [-762.252441406, 134.305236816, 3.24060678482, 22.7437477112, 3.43342924118, 6.84391736984, -1.36430776119, -1.96546721458, -5.09541845322, -1.15602624416, -2.55694055557, -3.33015275002, -3.17264652252], "cov": [[18169.421875, 1104.59008789, -1565.58117676, -213.794219971, -491.558685303, -51.8935050964, -274.844451904, -49.5874176025, -159.781066895, 22.9486637115, -138.385345459, -91.7618408203, -21.0795974731], [1104.59008789, 2877.54956055, 370.885559082, 91.1213531494, 66.867805481, 70.6907424927, 61.6130561829, 36.4994125366, -75.2911529541, -106.753349304, -11.0757265091, -53.5453262329, -75.535987854], [-1565.58117676, 370.885559082, 1089.26928711, 237.762237549, 119.135551453, 49.7045288086, 130.51751709, 54.6657371521, 19.8379116058, -12.3619213104, 12.9616832733, 29.94830513, 6.5140786171], [-213.794219971, 91.1213531494, 237.762237549, 462.847076416, 137.23815918, 22.0832710266, 48.720500946, 32.1277542114, 30.2052001953, 18.5274333954, 8.01588821411, -13.0049743652, 14.8655033112], [-491.558685303, 66.867805481, 119.135551453, 137.23815918, 325.948669434, 118.158210754, 25.9677906036, 12.7729177475, 25.9231014252, -2.69389653206, 27.6152305603, -2.30031251907, -18.5364513397], [-51.8935050964, 70.6907424927, 49.7045288086, 22.0832710266, 118.158210754, 249.435317993, 75.5990905762, -4.92068862915, 18.3238716125, 24.4088859558, 7.93780231476, -3.78396248817, -17.8983249664], [-274.844451904, 61.6130561829, 130.51751709, 48.720500946, 25.9677906036, 75.5990905762, 194.226547241, 85.7471542358, 12.7824602127, 22.2065200806, 22.0494003296, 4.65221834183, -1.59416460991], [-49.5874176025, 36.4994125366, 54.6657371521, 32.1277542114, 12.7729177475, -4.92068862915, 85.7471542358, 186.244430542, 60.2622375488, 0.94341635704, 14.8349170685, 13.7411899567, 14.1529817581], [-159.781066895, -75.2911529541, 19.8379116058, 30.2052001953, 25.9231014252, 18.3238716125, 12.7824602127, 60.2622375488, 165.273376465, 51.364490509, -20.8904972076, 12.695971489, 38.3514099121], [22.9486637115, -106.753349304, -12.3619213104, 18.5274333954, -2.69389653206, 24.4088859558, 22.2065200806, 0.94341635704, 51.364490509, 143.644699097, 27.2041320801, -3.35718274117, 14.7633571625], [-138.385345459, -11.0757265091, 12.9616832733, 8.01588821411, 27.6152305603, 7.93780231476, 22.0494003296, 14.8349170685, -20.8904972076, 27.2041320801, 148.290863037, 32.6638259888, -11.3430147171], [-91.7618408203, -53.5453262329, 29.94830513, -13.0049743652, -2.30031251907, -3.78396248817, 4.65221834183, 13.7411899567, 12.695971489, -3.35718274117, 32.6638259888, 136.087738037, 38.2404518127], [-21.0795974731, -75.535987854, 6.5140786171, 14.8655033112, -18.5364513397, -17.8983249664, -1.59416460991, 14.1529817581, 38.3514099121, 14.7633571625, -11.3430147171, 38.2404518127, 122.772483826]], "icov": [[7.18217779649e-05, -4.22439916292e-05, 0.000110006272735, -5.29297467438e-05, 0.000108050990093, -7.72014172981e-05, 0.000103362726804, -8.67317357915e-05, 9.55384748522e-05, -7.29414023226e-05, 6.44992833259e-05, -1.69137729245e-05, -6.53324286759e-06], [-4.22439916292e-05, 0.000411116721807, -0.000188958292711, 4.08899541071e-06, -3.7952013372e-05, -8.05370655144e-05, -3.53063951479e-05, -6.44383035251e-05, 7.36145229894e-05, 0.000283657311229, -3.3378299122e-05, 0.000149450934259, 0.000137977374834], [0.000110006272735, -0.000188958292711, 0.00134080171119, -0.000548075768165, -4.11621622334e-05, 4.28205748904e-05, -0.000603095453698, 5.85580673942e-05, 1.38003806569e-05, 6.85838240315e-05, 0.000161360250786, -0.000371085712686, 1.23225242987e-06], [-5.29297467438e-05, 4.08899541071e-06, -0.000548075768165, 0.00287389778532, -0.00129251217004, 0.000616197299678, -0.000476220273413, 2.90204261546e-05, -0.000163397315191, -0.000339957274264, 5.24586084794e-06, 0.00051855109632, -0.000509421050083], [0.000108050990093, -3.7952013372e-05, -4.11621622334e-05, -0.00129251217004, 0.00475607253611, -0.00238008401357, 0