{"tonal": {"chords_key": "D", "hpcp_entropy": {"dmean": 0.576366961002, "dmean2": 0.955464959145, "max": 4.10919094086, "dvar": 0.240090534091, "mean": 1.78814136982, "dvar2": 0.607061207294, "min": 0, "var": 0.497959375381, "median": 1.7925606966}, "key_key": "D", "chords_strength": {"dmean": 0.0106837768108, "dmean2": 0.0083074895665, "max": 0.74738496542, "dvar": 7.90334015619e-05, "mean": 0.503665089607, "dvar2": 6.22133375145e-05, "min": 0.251793503761, "var": 0.0085925059393, "median": 0.504646420479}, "key_scale": "minor", "chords_number_rate": 0.00218698731624, "thpcp": [1, 0.813095211983, 0.294301569462, 0.171160340309, 0.162925839424, 0.330514907837, 0.485242426395, 0.313252419233, 0.20610538125, 0.258241295815, 0.16109739244, 0.109534792602, 0.172775283456, 0.145651206374, 0.187347024679, 0.309038132429, 0.222319543362, 0.107686467469, 0.106454774737, 0.123882040381, 0.333759307861, 0.627786040306, 0.465521961451, 0.151895970106, 0.0942064374685, 0.0872350931168, 0.137736991048, 0.219015732408, 0.203057065606, 0.299687623978, 0.453922510147, 0.315592616796, 0.163004413247, 0.169000461698, 0.192968741059, 0.490478336811], "key_strength": 0.640275716782, "tuning_nontempered_energy_ratio": 0.722855508327, "tuning_frequency": 440.254241943, "chords_changes_rate": 0.0568616725504, "tuning_diatonic_strength": 0.555998146534, "chords_scale": "minor", "chords_histogram": [29.9343910217, 0.328048110008, 13.4226350784, 13.668671608, 0, 12.2471294403, 4.62001085281, 22.3892841339, 0, 0.109349370003, 0.0546746850014, 0, 0, 0, 0, 0, 0, 0, 0, 0, 2.02296328545, 0, 1.20284307003, 0], "tuning_equal_tempered_deviation": 0.072153672576, "hpcp": {"dmean": [0.142978847027, 0.127626210451, 0.0804068148136, 0.0617626868188, 0.0583978928626, 0.0696296095848, 0.0877695679665, 0.0905801877379, 0.120074696839, 0.127398833632, 0.112933889031, 0.097175501287, 0.0969639271498, 0.111980520189, 0.172476857901, 0.201991036534, 0.210578933358, 0.152898430824, 0.114743746817, 0.103097647429, 0.107013121247, 0.113483913243, 0.0946345925331, 0.081346295774, 0.074725933373, 0.0547082573175, 0.0432493053377, 0.0569569431245, 0.052734836936, 0.0657265856862, 0.0940441861749, 0.0776936635375, 0.0591430962086, 0.065584808588, 0.0785083398223, 0.10864533484], "dmean2": [0.243875697255, 0.216739684343, 0.147878438234, 0.116260543466, 0.110772684216, 0.127339705825, 0.156348079443, 0.162988200784, 0.213519841433, 0.221281275153, 0.196633070707, 0.18050147593, 0.180612787604, 0.207833945751, 0.298094570637, 0.347900569439, 0.36278039217, 0.276312351227, 0.215480089188, 0.192337572575, 0.187641859055, 0.1894595474, 0.160432875156, 0.143673375249, 0.129422560334, 0.0940746441483, 0.0747776404023, 0.0979366824031, 0.0904459804296, 0.109984710813, 0.157479807734, 0.135100007057, 0.110219962895, 0.123219363391, 0.14677554369, 0.192062482238], "max": [1, 1, 1, 1, 1, 1, 1, 1, 1, 1, 1, 1, 1, 1, 1, 1, 1, 1, 1, 1, 1, 1, 1, 1, 1, 1, 1, 1, 1, 1, 1, 1, 1, 1, 1, 1], "dvar": [0.0452669672668, 0.034871596843, 0.0318414084613, 0.0276252776384, 0.0251808352768, 0.0275468938053, 0.0355075374246, 0.0335257872939, 0.0489856824279, 0.0553238578141, 0.03840893507, 0.0441672876477, 0.0415949076414, 0.0462004803121, 0.0498372204602, 0.0676777213812, 0.0575268790126, 0.0516366660595, 0.0510326847434, 0.048211991787, 0.037784293294, 0.0377527214587, 0.0236605405807, 0.0237605758011, 0.0224130786955, 0.0178274326026, 0.011657201685, 0.0177396629006, 0.0151299601421, 0.0171737782657, 0.0300028864294, 0.0201768632978, 0.0209096260369, 0.0249164402485, 0.031088380143, 0.0328914448619], "mean": [0.27977219224, 0.207459375262, 0.0676922798157, 0.0419830009341, 0.0388762280345, 0.0613823458552, 0.0976041331887, 0.0904921740294, 0.133555486798, 0.202290102839, 0.140643522143, 0.0726427510381, 0.0753148794174, 0.0859963223338, 0.218581169844, 0.44564896822, 0.362355053425, 0.131155192852, 0.0762774273753, 0.0726077333093, 0.147293627262, 0.216247782111, 0.139600619674, 0.0918506532907, 0.115084961057, 0.0717928856611, 0.0488140657544, 0.0769971236587, 0.0649093091488, 0.0834910050035, 0.13772252202, 0.0990764722228, 0.0479903630912, 0.0474414601922, 0.0552079044282, 0.148739486933], "dvar2": [0.104498870671, 0.091248370707, 0.0894387960434, 0.0787296146154, 0.0734996646643, 0.0768133476377, 0.0933626890182, 0.0914364680648, 0.130348205566, 0.126479923725, 0.0997774302959, 0.124208599329, 0.115177437663, 0.129838094115, 0.136280789971, 0.152838602662, 0.147993281484, 0.140548527241, 0.141893297434, 0.133835807443, 0.101192712784, 0.0885490626097, 0.0599195510149, 0.0643740519881, 0.0541463233531, 0.0468073822558, 0.0315920487046, 0.0456064492464, 0.0396132618189, 0.0419412814081, 0.0727478936315, 0.0550536848605, 0.0610835067928, 0.0727219581604, 0.089789390564, 0.0882480740547], "min": [0, 0, 0, 0, 0, 0, 0, 0, 0, 0, 0, 0, 0, 0, 0, 0, 0, 0, 0, 0, 0, 0, 0, 0, 0, 0, 0, 0, 0, 0, 0, 0, 0, 0, 0, 0], "var": [0.104044497013, 0.0574433617294, 0.0211715493351, 0.0166308097541, 0.0150691457093, 0.0215762890875, 0.0419962741435, 0.031547807157, 0.053878813982, 0.109100453556, 0.0526188798249, 0.0294378548861, 0.0307690277696, 0.0351760350168, 0.0650175139308, 0.160871580243, 0.114609211683, 0.0466522350907, 0.0351075455546, 0.033459443599, 0.0604464635253, 0.101125627756, 0.039484385401, 0.027008568868, 0.052804864943, 0.0251964163035, 0.0109016466886, 0.0266379676759, 0.0195555239916, 0.0212826896459, 0.0490532293916, 0.0262178797275, 0.0132712917402, 0.0154348816723, 0.0196970440447, 0.0445245876908], "median": [0.139543443918, 0.11043664068, 0.0226154215634, 0.00669971294701, 0.00600018817931, 0.0106704141945, 0.0189048647881, 0.0210888013244, 0.0236823037267, 0.0302988700569, 0.025412844494, 0.015178386122, 0.0127601698041, 0.0149760488421, 0.10668887198, 0.30152374506, 0.253476858139, 0.0396052822471, 0.00650398060679, 0.00546757318079, 0.0244549587369, 0.0557828322053, 0.0476136356592, 0.0260581150651, 0.0124685019255, 0.0108636571094, 0.0147653957829, 0.0196677353233, 0.0179718434811, 0.0291217416525, 0.0458301492035, 0.0319267213345, 0.0130356904119, 0.00946363247931, 0.0111321909353, 0.0576469749212]}}, "lowlevel": {"melbands_flatness_db": {"dmean": 0.030168345198, "dmean2": 0.0422440692782, "max": 0.60964858532, "dvar": 0.000951493915636, "mean": 0.234194204211, "dvar2": 0.00198883214034, "min": 0.00682655582204, "var": 0.00699391169474, "median": 0.22242051363}, "melbands_crest": {"dmean": 3.17502188683, "dmean2": 5.01899003983, "max": 31.2624759674, "dvar": 9.70988368988, "mean": 15.3394737244, "dvar2": 22.5048141479, "min": 2.51153469086, "var": 32.0698547363, "median": 14.626033783}, "spectral_entropy": {"dmean": 0.235377892852, "dmean2": 0.290985703468, "max": 9.79883098602, "dvar": 0.0631318986416, "mean": 7.32089710236, "dvar2": 0.106447309256, "min": 5.17577362061, "var": 0.444204211235, "median": 7.44079351425}, "melbands": {"dmean": [0.00187920709141, 0.00196495559067, 0.00133093341719, 0.000322607374983, 0.000353933137376, 0.000197267174372, 0.00011628818902, 8.77213678905e-05, 0.000293926597806, 0.000174243323272, 0.000101459234429, 6.85551567585e-05, 3.55241209036e-05, 5.89387891523e-05, 6.84068218106e-05, 4.88216282974e-05, 5.00391906826e-05, 3.41746454069e-05, 2.69087395282e-05, 3.17887388519e-05, 1.708808486e-05, 1.11783519969e-05, 9.6344965641e-06, 5.91044272369e-06, 3.93367326978e-06, 3.7992824673e-06, 3.04234708892e-06, 2.14433543988e-06, 1.7835421886e-06, 1.64882544595e-06, 1.51646793256e-06, 1.74892875293e-06, 2.27197347158e-06, 2.31278568208e-06, 2.02547221306e-06, 2.26796669267e-06, 1.63156255439e-06, 1.29893442136e-06, 1.13392889034e-06, 1.04732384898e-06], "dmean2": [0.00287249777466, 0.00327709317207, 0.00219040107913, 0.000540313078091, 0.000564866175409, 0.000314235978294, 0.000173486580024, 0.000136338247103, 0.000436980975792, 0.000266362883849, 0.000151993328473, 0.000105573933979, 5.57112762181e-05, 9.30744135985e-05, 0.000107164749352, 7.5064424891e-05, 8.14261729829e-05, 5.52716919628e-05, 4.42360978923e-05, 5.23645467183e-05, 2.79665055132e-05, 1.82794883585e-05, 1.56262995006e-05, 9.56746680458e-06, 6.21192248218e-06, 6.13918564341e-06, 4.71341263619e-06, 3.29349973072e-06, 2.74834860647e-06, 2.54956717072e-06, 2.24030213758e-06, 2.50892867371e-06, 3.28704163621e-06, 3.29879480887e-06, 2.90796538138e-06, 3.38507561537e-06, 2.36099231188e-06, 1.86944191682e-06, 1.64409357239e-06, 1.46789000155e-06], "max": [0.050265558064, 0.0469240546227, 0.0246635954827, 0.00712001463398, 0.0111032556742, 0.00909798406065, 0.00371973169968, 0.00890575442463, 0.0201712809503, 0.0112750157714, 0.00751099269837, 0.00334382941946, 0.00149553455412, 0.00229479302652, 0.00322939967737, 0.00185603485443, 0.00192526367027, 0.00134679023176, 0.00081315508578, 0.0017770875711, 0.00187890499365, 0.00130850134883, 0.000506938144099, 0.000505961827002, 0.000659369747154, 0.000199436632101, 0.000176894463948, 0.000197578381631, 0.000130480286316, 9.74869763013e-05, 9.61297700997e-05, 0.000135702066473, 0.000171031730133, 0.000206527140108, 0.000232918551774, 0.00015062809689, 0.000124218684505, 0.000107994688733, 0.00010959514475, 6.85147242621e-05], "dvar": [1.71591836988e-05, 2.18609366129e-05, 6.49010871712e-06, 3.52012477833e-07, 3.98102173449e-07, 1.18525690596e-07, 3.62447316604e-08, 4.54658248827e-08, 5.28404029865e-07, 1.90118015553e-07, 7.14412635716e-08, 2.6001544029e-08, 5.92823878875e-09, 1.26330546024e-08, 2.20983160659e-08, 9.72696234669e-09, 9.73579172836e-09, 4.19294510223e-09, 2.13254591763e-09, 5.23901810823e-09, 3.55148621622e-09, 1.64907099087e-09, 3.73014730215e-10, 1.75411962733e-10, 1.61418239886e-10, 7.23765838928e-11, 4.74734800082e-11, 2.89940224607e-11, 1.83329983139e-11, 1.82312689251e-11, 1.58455852606e-11, 1.70845212977e-11, 3.76659675672e-11, 5.28703053559e-11, 6.35759153655e-11, 4.70028460597e-11, 2.55603645888e-11, 2.21150528446e-11, 1.32622532747e-11, 7.42595481634e-12], "mean": [0.00239594792947, 0.00322163850069, 0.00255956873298, 0.000605893263128, 0.000648766115773, 0.000409174797824, 0.000437887298176, 0.000208468205528, 0.000582934473641, 0.000371934118448, 0.000223892100621, 0.000135091177071, 7.2156166425e-05, 0.000133847061079, 0.000151297819684, 0.000110459448479, 9.06161731109e-05, 6.19270285824e-05, 4.97355904372e-05, 5.76057645958e-05, 2.78312545561e-05, 1.82921758096e-05, 1.68309579749e-05, 9.83213521977e-06, 6.96586130289e-06, 6.94189202477e-06, 6.15143562754e-06, 4.1998728193e-06, 3.02371881844e-06, 2.76061314253e-06, 2.78387733488e-06, 3.35257709594e-06, 4.2477822717e-06, 4.34800176663e-06, 3.64152788279e-06, 3.65545338354e-06, 2.93434936793e-06, 2.09650193028e-06, 1.74657213847e-06, 1.54646261308e-06], "dvar2": [3.31141309289e-05, 5.89926057728e-05, 1.6691374185e-05, 9.57623569775e-07, 1.04438981907e-06, 2.87791834808e-07, 8.00227937248e-08, 1.12865237156e-07, 1.16944625006e-06, 4.45237361646e-07, 1.59992623594e-07, 6.1529611628e-08, 1.46791263589e-08, 3.10209280485e-08, 5.39864686289e-08, 2.21405684897e-08, 2.44780338221e-08, 1.0560435193e-08, 5.44516653989e-09, 1.24696430959e-08, 8.42878478124e-09, 3.91660170962e-09, 9.51805745331e-10, 4.16039896978e-10, 2.8781160788e-10, 1.81081774575e-10, 1.10916095752e-10, 7.33433661027e-11, 4.36337112275e-11, 4.4457940801e-11, 3.45321896078e-11, 3.40614030037e-11, 8.22920065424e-11, 1.04743373697e-10, 1.37370406716e-10, 1.03250921701e-10, 5.02040353734e-11, 4.57878387983e-11, 2.92558928472e-11, 1.57014436175e-11], "min": [1.05810623192e-23, 2.53122745291e-23, 3.33434875449e-23, 1.26494753342e-23, 1.30276576188e-23, 6.27836605652e-24, 1.01952864596e-23, 2.21693690635e-23, 1.3301261402e-23, 1.38903133062e-23, 1.54611578273e-23, 1.6030929971e-23, 6.46080394592e-24, 5.73274686155e-24, 1.40270418338e-23, 1.25354494347e-23, 3.45307137409e-24, 4.70598325668e-24, 1.22495346882e-23, 9.24218392504e-24, 9.91572756542e-24, 6.19834952832e-24, 1.24475569192e-23, 9.07313892166e-24, 1.32743249575e-23, 1.1291235138e-23, 1.5406799e-23, 1.3458421427e-23, 1.23130853227e-23, 6.29472111524e-24, 1.02053862458e-23, 1.11161624484e-23, 1.25346952837e-23, 1.07698682883e-23, 7.78151487344e-24, 1.54945155995e-23, 7.28415069447e-24, 6.81148101728e-24, 1.17412424191e-23, 9.78887715414e-24], "var": [2.46024101216e-05, 2.25900294026e-05, 6.8098884185e-06, 4.22589437221e-07, 6.91304762768e-07, 2.53261760008e-07, 3.19856042097e-07, 7.13898202775e-08, 1.18402942917e-06, 4.24887275585e-07, 2.24523816428e-07, 6.79294842598e-08, 1.54583652545e-08, 4.35779448082e-08, 6.17135285097e-08, 3.27988196602e-08, 2.04660359771e-08, 9.1561691562e-09, 4.98904961788e-09, 1.4031082074e-08, 5.46487877173e-09, 2.49643661299e-09, 6.53815168672e-10, 2.93826379894e-10, 3.38139932721e-10, 1.64184499329e-10, 1.53076482046e-10, 9.55862888841e-11, 4.9941342728e-11, 4.33521309129e-11, 4.10015563168e-11, 4.46122548625e-11, 9.86425871541e-11, 1.76482800596e-10, 1.71817768346e-10, 1.01997806035e-10, 6.88112761216e-11, 4.75357600505e-11, 2.56297968959e-11, 1.47978834047e-11], "median": [0.000475630920846, 0.0015391332563, 0.00192408519797, 0.000389721244574, 0.000363480707165, 0.000250759650953, 0.000184261924005, 0.000136710383231, 0.000233521510381, 0.000125005302834, 8.85551708052e-05, 3.80721139663e-05, 2.81946231553e-05, 6.31582079222e-05, 6.04848246439e-05, 3.65033265552e-05, 3.47618479282e-05, 2.79292235064e-05, 2.17763736146e-05, 1.58277725859e-05, 9.97232200461e-06, 7.40591849535e-06, 8.05901800049e-06, 4.57305031887e-06, 3.1577574191e-06, 3.0721166695e-06, 2.47983507506e-06, 1.31112744839e-06, 8.17490672489e-07, 7.04467424839e-07, 8.58349608279e-07, 1.12628436e-06, 1.44061186802e-06, 1.14115107408e-06, 6.50631079679e-07, 6.72262331136e-07, 5.45389980289e-07, 3.5598714021e-07, 3.35531922246e-07, 3.15059651257e-07]}, "silence_rate_60dB": {"dmean": 0.00109394232277, "dmean2": 0.00218818383291, "max": 1, "dvar": 0.00109297782183, "mean": 0.0177741311491, "dvar2": 0.0027313681785, "min": 0, "var": 0.0174579638988, "median": 0}, "spectral_energyband_middle_high": {"dmean": 0.00204419181682, "dmean2": 0.00318740285002, "max": 0.0437193736434, "dvar": 8.60047839524e-06, "mean": 0.00705051375553, "dvar2": 2.02613555302e-05, "min": 1.57300005509e-21, "var": 4.20929100073e-05, "median": 0.00545065896586}, "erbbands_skewness": {"dmean": 0.355687171221, "dmean2": 0.530471384525, "max": 3.8194360733, "dvar": 0.127792164683, "mean": 0.342998504639, "dvar2": 0.280574083328, "min": -4.31936120987, "var": 0.473442137241, "median": 0.320606350899}, "dynamic_complexity": 2.32150316238, "dissonance": {"dmean": 0.0217401143163, "dmean2": 0.0356635935605, "max": 0.499999821186, "dvar": 0.000504147436004, "mean": 0.450028002262, "dvar2": 0.00127880042419, "min": 0.191894948483, "var": 0.00150561041664, "median": 0.460301220417}, "spectral_skewness": {"dmean": 0.35058799386, "dmean2": 0.483914703131, "max": 8.5472574234, "dvar": 0.19205506146, "mean": 2.18334174156, "dvar2": 0.404639869928, "min": -0.0856150388718, "var": 0.971297085285, "median": 2.01660203934}, "spectral_kurtosis": {"dmean": 3.4302046299, "dmean2": 4.97978067398, "max": 114.200767517, "dvar": 37.7983093262, "mean": 8.80278682709, "dvar2": 82.3290786743, "min": -1.41526687145, "var": 113.085449219, "median": 5.65535545349}, "gfcc": {"cov": [[10483.9648438, -1837.13354492, -500.632751465, 308.47958374, 33.0003967285, 428.159393311, -289.124206543, 258.001983643, 10.897354126, 264.370391846, -165.461273193, 262.751281738, -102.193130493], [-1837.13354492, 2090.17822266, -327.975646973, -347.874572754, 156.398925781, -245.757217407, 153.663269043, -212.916137695, 58.0323257446, -212.003356934, 119.622077942, -165.172637939, 18.7924423218], [-500.632751465, -327.975646973, 774.429260254, 36.352684021, 78.6597824097, 95.0144500732, 70.0137405396, 95.2634811401, -19.6517524719, 78.0520248413, -2.77121543884, 56.1609115601, 21.3512401581], [308.47958374, -347.874572754, 36.352684021, 499.807739258, -80.0932922363, 63.8788452148, 21.4313182831, 5.95768499374, 18.1473293304, 3.61248230934, -8.45587921143, 22.3291072845, 10.7843666077], [33.0003967285, 156.398925781, 78.6597824097, -80.0932922363, 420.235565186, 53.8663711548, 46.206817627, 107.410118103, 44.0139312744, 50.4837188721, 6.01499223709, 25.6224021912, 51.6567459106], [428.159393311, -245.757217407, 95.0144500732, 63.8788452148, 53.8663711548, 243.351989746, 36.2799568176, 54.4213294983, 35.5193824768, 47.504486084, 3.51450896263, 23.0626106262, 13.1948490143], [-289.124206543, 153.663269043, 70.0137405396, 21.4313182831, 46.206817627, 36.2799568176, 163.302032471, 30.684677124, 28.2276611328, 6.69569349289, 16.2032375336, -6.31380224228, 13.6041231155], [258.001983643, -212.916137695, 95.2634811401, 5.95768499374, 107.410118103, 54.4213294983, 30.684677124, 167.042984009, 48.4879570007, 59.6327400208, -15.9094343185, 27.8623409271, 20.2565593719], [10.897354126, 58.0323257446, -19.6517524719, 18.1473293304, 44.0139312744, 35.5193824768, 28.2276611328, 48.4879570007, 115.856330872, 22.8078575134, 6.56182336807, -2.21636962891, 12.415802002], [264.370391846, -212.003356934, 78.0520248413, 3.61248230934, 50.4837188721, 47.504486084, 6.69569349289, 59.6327400208, 22.8078575134, 121.975395203, 20.2146282196, 20.174829483, 3.13437986374], [-165.461273193, 119.622077942, -2.77121543884, -8.45587921143, 6.01499223709, 3.51450896263, 16.2032375336, -15.9094343185, 6.56182336807, 20.2146282196, 85.328704834, 10.2641801834, 1.09849584103], [262.751281738, -165.172637939, 56.1609115601, 22.3291072845, 25.6224021912, 23.0626106262, -6.31380224228, 27.8623409271, -2.21636962891, 20.174829483, 10.2641801834, 107.51033783, 23.1527519226], [-102.193130493, 18.7924423218, 21.3512401581, 10.7843666077, 51.6567459106, 13.1948490143, 13.6041231155, 20.2565593719, 12.415802002, 3.13437986374, 1.09849584103, 23.1527519226, 77.2245635986]], "mean": [16.0464820862, 99.8946533203, -97.1959457397, 11.6208238602, -49.4894752502, 19.1409778595, -38.4013671875, 5.43824625015, -21.9075527191, 1.40769517422, -20.1301956177, -2.92284035683, -19.6955242157], "icov": [[0.000152569584316, 1.27497496578e-05, 0.000191799132153, -6.19213096797e-05, -1.35163363666e-05, -0.000254179933108, 0.000190392704098, -0.000145974132465, 0.00011628233915, -0.000285481917672, 0.000326054840116, -0.000376365438569, 0.000312727905111], [1.27497496578e-05, 0.00174987490755, 0.000195108324988, 0.00085404003039, -0.00110042619053, 0.00116834847722, -0.00160212698393, 0.00182773021515, -0.0015564695932, 0.00247291312553, -0.00232257740572, 0.00166802969761, -0.000560076674446], [0.000191799132153, 0.000195108324988, 0.00185689236969, -3.24944412569e-05, -0.000152992666699, -0.000529535813257, -0.000584154913668, -0.000561797292903, 0.000892512791324, -0.000796601118054, 0.000407007581089, -0.000798513588961, 0.000263012043433], [-6.19213096797e-05, 0.00085404003039, -3.24944412569e-05, 0.00268584815785, 0.000105546867417, 0.000121601842693, -0.00116548582446, 0.000988952931948, -0.00117179146037, 0.00135761022102, -0.000944150786381, 0.00053321296582, -0.000814477098174], [-1.35163363666e-05, -0.00110042619053, -0.000152992666699, 0.000105546867417, 0.00395636260509, -0.000997118884698, 0.000577517668717, -0.00271826214157, 0.000731891312171, -0.00186751631554, 0.00119752658065, -0.00105243630242, -0.00133073481265], [-0.000254179933108, 0.00116834847722, -0.000529535813257, 0.000121601842693, -0.000997118884698, 0.00625399267301, -0.0020087948069, 0.0011334241135, -0.00215673539788, 0.000983024714515, -0.00194243201986, 0.00130044447724, -0.000891676812898], [0.000190392704098, -0.00160212698393, -0.000584154913668, -0.00116548582446, 0.000577517668717, -0.0020087948069, 0.00905250944197, -0.00280285091139, 0.000443763448857, -0.00146328972187, 0.000670029316097, -0.000660115329083, 0.000239925982896], [-0.000145974132465, 0.00182773021515, -0.000561797292903, 0.000988952931948, -0.00271826214157, 0.0011334241135, -0.00280285091139, 0.0124978646636, -0.00478342873976, -0.000725257094018, 0.000740143179428, 0.000464582524728, -0.00113193900324], [0.00011628233915, -0.0015564695932, 0.000892512791324, -0.00117179146037, 0.000731891312171, -0.00215673539788, 0.000443763448857, -0.00478342873976, 0.0125664146617, -0.00309396325611, 0.0012197108008, -0.000570288568269, -0.000236157997278], [-0.000285481917672, 0.00247291312553, -0.000796601118054, 0.00135761022102, -0.00186751631554, 0.000983024714515, -0.00146328972187, -0.000725257094018, -0.00309396325611, 0.0157897435129, -0.00750371906906, 0.00271514477208, -0.000270370714134], [0.000326054840116, -0.00232257740572, 0.000407007581089, -0.000944150786381, 0.00119752658065, -0.00194243201986, 0.000670029316097, 0.000740143179428, 0.0012197108008, -0.00750371906906, 0.01779990457, -0.0050119352527, 0.00159255112521], [-0.000376365438569, 0.00166802969761, -0.000798513588961, 0.00053321296582, -0.00105243630242, 0.00130044447724, -0.000660115329083, 0.000464582524728, -0.000570288568269, 0.00271514477208, -0.0050119352527, 0.0138004934415, -0.00436619156972], [0.000312727905111, -0.000560076674446, 0.000263012043433, -0.000814477098174, -0.00133073481265, -0.000891676812898, 0.000239925982896, -0.00113193900324, -0.000236157997278, -0.000270370714134, 0.00159255112521, -0.00436619156972, 0.0161728784442]]}, "spectral_complexity": {"dmean": 3.23697519302, "dmean2": 5.01148796082, "max": 53, "dvar": 11.7399120331, "mean": 19.1825275421, "dvar2": 25.8957424164, "min": 0, "var": 81.9532241821, "median": 18}, "spectral_flux": {"dmean": 0.0330932103097, "dmean2": 0.0508196614683, "max": 0.385889798403, "dvar": 0.00166250078473, "mean": 0.0922543406487, "dvar2": 0.00341219268739, "min": 1.03435641996e-10, "var": 0.00352458679117, "median": 0.0807600021362}, "spectral_energyband_low": {"dmean": 0.0102250138298, "dmean2": 0.0158239100128, "max": 0.216566875577, "dvar": 0.000361694459571, "mean": 0.0196476411074, "dvar2": 0.000808231823612, "min": 1.52409151201e-22, "var": 0.00050897942856, "median": 0.0128107182682}, "spectral_decrease": {"dmean": 3.45529915791e-09, "dmean2": 5.25765075921e-09, "max": -8.33578711488e-29, "dvar": 2.89833267116e-17, "mean": -1.03705710686e-08, "dvar2": 6.48965873067e-17, "min": -5.84498387468e-08, "var": 4.31429746588e-17, "median": -8.76947758854e-09}, "barkbands_spread": {"dmean": 5.26089096069, "dmean2": 7.37013149261, "max": 113.099746704, "dvar": 46.9523620605, "mean": 20.1549015045, "dvar2": 86.6449432373, "min": 0.600853860378, "var": 215.862472534, "median": 16.8887042999}, "spectral_rms": {"dmean": 0.000922301958781, "dmean2": 0.00138083507773, "max": 0.014786192216, "dvar": 1.41383384289e-06, "mean": 0.006103140302, "dvar2": 3.0130063351e-06, "min": 3.23078651505e-12, "var": 3.44230147675e-06, "median": 0.00595248304307}, "spectral_centroid": {"dmean": 187.218200684, "dmean2": 272.413818359, "max": 10638.4443359, "dvar": 59047.2109375, "mean": 975.046325684, "dvar2": 115474.992188, "min": 132.80368042, "var": 272877.96875, "median": 900.278320313}, "barkbands_skewness": {"dmean": 0.560520112514, "dmean2": 0.837333500385, "max": 10.4905672073, "dvar": 0.490833550692, "mean": 1.70260965824, "dvar2": 1.02001059055, "min": -1.80846011639, "var": 1.69280898571, "median": 1.40211129189}, "spectral_rolloff": {"dmean": 401.061431885, "dmean2": 667.488952637, "max": 19250.6835938, "dvar": 818640, "mean": 1250.40307617, "dvar2": 1721620.25, "min": 64.599609375, "var": 1984451.5, "median": 882.861328125}, "erbbands_spread": {"dmean": 7.73712682724, "dmean2": 10.8469018936, "max": 152.185516357, "dvar": 85.9892196655, "mean": 34.2536773682, "dvar2": 161.956878662, "min": 3.08295607567, "var": 408.735748291, "median": 28.2437801361}, "barkbands": {"dmean": [0.000198918933165, 0.00697063375264, 0.00343115185387, 0.00337265385315, 0.00159346254077, 0.00113483110908, 0.000473379390314, 0.0012070867233, 0.00121350819245, 0.000672679278068, 0.000245658127824, 0.000553458929062, 0.000565709313378, 0.000500799855217, 0.000408105406677, 0.000341508362908, 0.000230496691074, 0.000122973506222, 9.31096365093e-05, 6.97591094649e-05, 6.3952174969e-05, 9.58103119046e-05, 0.00012647472613, 0.000114369089715, 0.000107237086922, 9.83034260571e-05, 2.10673752008e-05], "dmean2": [0.000316706922604, 0.0105348080397, 0.00595512706786, 0.00555182248354, 0.00267710234039, 0.0017842532834, 0.000703270139638, 0.00178438797593, 0.00187532114796, 0.00101240747608, 0.000387752254028, 0.000883374130353, 0.000861918495502, 0.000809521356132, 0.000663227285258, 0.000562095199712, 0.000372161041014, 0.000196725697606, 0.000145899379277, 0.000104269143776, 9.56473595579e-05, 0.000134965594043, 0.000177358670044, 0.000161460266099, 0.000147400496644, 0.000145248122863, 3.03430915665e-05], "max": [0.00473674200475, 0.20140889287, 0.0761742293835, 0.0698337554932, 0.0454569756985, 0.0406883694232, 0.015892714262, 0.071232162416, 0.0620711967349, 0.0390023998916, 0.0129597298801, 0.0189837794751, 0.0300919618458, 0.0174066480249, 0.0155846206471, 0.0177194196731, 0.0307508837432, 0.00826272554696, 0.00604542111978, 0.00530911097303, 0.00370556907728, 0.00695693306625, 0.0137969218194, 0.00801889412105, 0.00669708335772, 0.00352940591983, 0.000670429319143], "dvar": [2.03287697786e-07, 0.000229870769545, 6.12608200754e-05, 5.11032812938e-05, 8.11434074421e-06, 3.35734648615e-06, 6.02824229645e-07, 9.42222777667e-06, 8.27128587844e-06, 2.20764923142e-06, 3.27109916043e-07, 1.14355145797e-06, 1.86266413493e-06, 9.1912534117e-07, 4.93809295676e-07, 5.62652360259e-07, 8.19280273845e-07, 8.20276824243e-08, 4.30487467895e-08, 2.29840964039e-08, 2.36623787231e-08, 5.61612303329e-08, 1.72476603666e-07, 1.28426009383e-07, 6.44229487534e-08, 5.62119559788e-08, 2.95626589875e-09], "mean": [0.000182949297596, 0.00932406168431, 0.00604063319042, 0.00569189339876, 0.00294277258217, 0.00234897178598, 0.00178962713107, 0.00235408102162, 0.00249766604975, 0.00136748305522, 0.000460231298348, 0.00120316527318, 0.00125221698545, 0.000891554518603, 0.000749614089727, 0.000589695409872, 0.000393872149289, 0.000214574232814, 0.000180382019607, 0.000147340280819, 0.000117530486023, 0.000193763538846, 0.00023724877974, 0.00020381147624, 0.000168755446794, 0.000139138806844, 2.48351279879e-05], "dvar2": [4.89664046199e-07, 0.000471859559184, 0.000175637731445, 0.000131922977744, 2.27975579037e-05, 8.11634527054e-06, 1.32202342229e-06, 2.07466327993e-05, 1.90083392226e-05, 5.00535270476e-06, 8.08918741768e-07, 2.89728177449e-06, 4.26248789154e-06, 2.32036700254e-06, 1.2439488728e-06, 1.32700404265e-06, 1.95471648112e-06, 1.86100152177e-07, 9.53612300236e-08, 5.0353065717e-08, 5.41395763776e-08, 1.13251140021e-07, 3.4544714822e-07, 2.48726280461e-07, 1.29231466417e-07, 1.28530018628e-07, 6.36671693144e-09], "min": [1.37036498834e-23, 3.56342796602e-23, 6.4820031628e-23, 7.70701074747e-23, 6.87891190083e-23, 3.20609164644e-23, 7.28224385989e-23, 9.4671847257e-23, 1.01591861335e-22, 1.15241168169e-22, 4.33023295142e-23, 7.45041448984e-23, 1.36164170134e-22, 2.82515039977e-23, 1.43048161668e-22, 1.46031608368e-22, 1.15372422002e-22, 2.56758447431e-22, 2.89976357786e-22, 4.86565215911e-22, 3.54976779815e-22, 5.66368808464e-22, 7.69905423327e-22, 6.69838480609e-22, 1.2238234098e-21, 1.62563245079e-21, 2.46594798869e-21], "var": [1.94606798232e-07, 0.000338593643392, 5.82112879783e-05, 5.24470960954e-05, 1.06258112282e-05, 7.24276469555e-06, 5.87581234868e-06, 2.19611865759e-05, 1.9465056539e-05, 6.0680763454e-06, 8.17740101411e-07, 3.20392064168e-06, 6.28491170573e-06, 1.97563076654e-06, 1.14713805033e-06, 1.33452442697e-06, 1.27753844481e-06, 1.37850861393e-07, 1.14891200553e-07, 1.0054412769e-07, 7.0525985052e-08, 1.6679558712e-07, 5.46166972981e-07, 3.39228506618e-07, 1.47009885154e-07, 9.01015440036e-08, 4.29516422429e-09], "median": [3.09980678139e-05, 0.00183220801409, 0.00370471947826, 0.00360581371933, 0.00193371064961, 0.00148603797425, 0.000688170897774, 0.000942099548411, 0.000833332538605, 0.000487030221848, 0.000139453215525, 0.000575397920329, 0.00033136055572, 0.000342835788615, 0.000320419145282, 0.000190472914255, 0.000151935440954, 0.00010444590589, 8.61208245624e-05, 5.19918357895e-05, 3.34423893946e-05, 6.96455390425e-05, 4.93391708005e-05, 4.04197489843e-05, 3.7716999941e-05, 2.5652721888e-05, 2.22647281589e-06]}, "melbands_kurtosis": {"dmean": 7.59987211227, "dmean2": 11.7351865768, "max": 324.40737915, "dvar": 276.417022705, "mean": 13.6257505417, "dvar2": 642.052246094, "min": -1.60940170288, "var": 569.900756836, "median": 5.96211910248}, "erbbands_crest": {"dmean": 2.37201523781, "dmean2": 3.70968818665, "max": 30.07970047, "dvar": 5.59070444107, "mean": 9.94060611725, "dvar2": 13.3392896652, "min": 2.61960315704, "var": 21.7910957336, "median": 8.7086763382}, "melbands_skewness": {"dmean": 0.711512982845, "dmean2": 1.06276059151, "max": 15.123966217, "dvar": 0.754070162773, "mean": 2.58329248428, "dvar2": 1.6270917654, "min": -0.795149326324, "var": 3.04053592682, "median": 2.16478300095}, "spectral_energyband_middle_low": {"dmean": 0.00602920958772, "dmean2": 0.00950293429196, "max": 0.107779294252, "dvar": 8.98283833521e-05, "mean": 0.0182536859065, "dvar2": 0.000220079833525, "min": 4.62648518365e-22, "var": 0.00014648825163, "median": 0.0157547704875}, "spectral_contrast_coeffs": {"dmean": [0.0518078282475, 0.0439057126641, 0.0402517355978, 0.0317219421268, 0.0253721047193, 0.0196182373911], "dmean2": [0.0809439942241, 0.0704692900181, 0.062608294189, 0.0498641729355, 0.0396130792797, 0.0292672421783], "max": [-0.271086484194, -0.366932302713, -0.389831542969, -0.509214997292, -0.497487664223, -0.611237704754], "dvar": [0.00182729028165, 0.00130028859712, 0.00114530988503, 0.000709074025508, 0.0006144446088, 0.000312696909532], "mean": [-0.580626606941, -0.687749385834, -0.710192799568, -0.755702912807, -0.779201686382, -0.788802802563], "dvar2": [0.00426264153793, 0.00322914798744, 0.00264046574011, 0.00164571381174, 0.00136946898419, 0.000648573273793], "min": [-0.975946307182, -0.983409047127, -0.958449661732, -0.968087613583, -0.961039066315, -0.958024382591], "var": [0.00850151665509, 0.00599892018363, 0.00560009712353, 0.00351986428723, 0.00267724972218, 0.00192968081683], "median": [-0.582292795181, -0.693830251694, -0.71257352829, -0.75813806057, -0.782467126846, -0.789469003677]}, "spectral_contrast_valleys": {"dmean": [0.459325522184, 0.345943033695, 0.363057017326, 0.364660471678, 0.373084038496, 0.442982763052], "dmean2": [0.707872211933, 0.552220463753, 0.558105409145, 0.540529370308, 0.509070634842, 0.510909736156], "max": [-5.25597906113, -4.80497646332, -5.1025633812, -5.64670085907, -5.68697404861, -7.25535297394], "dvar": [0.161041349173, 0.105747163296, 0.125081270933, 0.139370977879, 0.182225823402, 0.246123343706], "mean": [-7.21549320221, -6.66274833679, -7.36030387878, -7.58098125458, -8.03388977051, -10.1537399292], "dvar2": [0.327978461981, 0.218012854457, 0.243573799729, 0.266928315163, 0.326967209578, 0.392134219408], "min": [-26.5549259186, -27.213552475, -27.1937789917, -27.0430736542, -27.2998104095, -27.2751140594], "var": [1.14929521084, 0.974783957005, 1.07604587078, 1.32044196129, 1.48117768764, 1.97940647602], "median": [-7.05123710632, -6.53950309753, -7.21447181702, -7.40728187561, -7.79839324951, -9.85935783386]}, "silence_rate_20dB": {"dmean": 0, "dmean2": 0, "max": 1, "dvar": 0, "mean": 1, "dvar2": 0, "min": 1, "var": 0, "median": 1}, "silence_rate_30dB": {"dmean": 0.0396554097533, "dmean2": 0.0793216601014, "max": 1, "dvar": 0.0380834750831, "mean": 0.971287965775, "dvar2": 0.0949078351259, "min": 0, "var": 0.0278873350471, "median": 1}, "spectral_strongpeak": {"dmean": 0.513336718082, "dmean2": 0.884592711926, "max": 11.5125637054, "dvar": 0.940139114857, "mean": 1.01579427719, "dvar2": 2.37251019478, "min": 0, "var": 1.47197747231, "median": 0.6293207407}, "spectral_spread": {"dmean": 883357.3125, "dmean2": 1093104.625, "max": 40696556, "dvar": 1063346372610.0, "mean": 4957789, "dvar2": 1638401179650.0, "min": 686209.6875, "var": 5100208128000.0, "median": 4677494}, "barkbands_flatness_db": {"dmean": 0.02614540793, "dmean2": 0.0352432504296, "max": 0.474088847637, "dvar": 0.00069495633943, "mean": 0.149989381433, "dvar2": 0.00135768752079, "min": 0.0240398310125, "var": 0.00483590224758, "median": 0.138946384192}, "pitch_salience": {"dmean": 0.0652252435684, "dmean2": 0.104292914271, "max": 0.910940647125, "dvar": 0.00403921818361, "mean": 0.499235868454, "dvar2": 0.00985788740218, "min": 0.0905667692423, "var": 0.0126546910033, "median": 0.505117535591}, "erbbands_kurtosis": {"dmean": 0.910416901112, "dmean2": 1.36717987061, "max": 24.3483753204, "dvar": 1.40445053577, "mean": 0.945388674736, "dvar2": 3.33734369278, "min": -1.83825325966, "var": 3.8517100811, "median": 0.527043044567}, "average_loudness": 0.969102621078, "barkbands_crest": {"dmean": 2.44836139679, "dmean2": 3.85305166245, "max": 24.7668476105, "dvar": 6.26880598068, "mean": 10.2451000214, "dvar2": 13.5926580429, "min": 2.36950302124, "var": 17.9844512939, "median": 9.50281906128}, "hfc": {"dmean": 8.26845836639, "dmean2": 11.7069320679, "max": 218.774612427, "dvar": 144.633499146, "mean": 28.3005523682, "dvar2": 287.320281982, "min": 1.14487051029e-16, "var": 580.697814941, "median": 22.7308635712}, "barkbands_kurtosis": {"dmean": 3.63455200195, "dmean2": 5.50459527969, "max": 141.441757202, "dvar": 61.3254508972, "mean": 5.34592247009, "dvar2": 131.894699097, "min": -1.92478477955, "var": 120.916809082, "median": 1.94826674461}, "erbbands": {"dmean": [0.207414716482, 1.67779994011, 3.70424699783, 8.49539852142, 5.47205018997, 5.45407533646, 10.7883234024, 8.87652492523, 7.90225172043, 6.57867479324, 34.0069351196, 29.9698505402, 20.5974140167, 16.2875995636, 10.6029682159, 26.1526603699, 26.4973983765, 24.9729766846, 20.5523700714, 21.2255783081, 15.1262950897, 9.50166702271, 7.12839269638, 4.72406768799, 4.48094797134, 3.26472640038, 2.69063234329, 2.48827934265, 3.14056801796, 3.83642840385, 3.4083981514, 2.86736106873, 1.74789702892, 1.24619710445, 0.740577995777, 0.516040325165, 0.162536278367, 0.0313229672611, 0.00375862722285, 0.000113909154607], "dmean2": [0.314706712961, 2.5785446167, 6.477643013, 13.9422712326, 9.04656600952, 9.09840297699, 17.1133804321, 14.2622728348, 11.9415311813, 10.2013378143, 50.168510437, 45.5377807617, 30.8552303314, 25.0126781464, 16.5833358765, 41.6985855103, 40.3753585815, 40.54246521, 33.0106391907, 35.1670837402, 24.6419525146, 15.4677019119, 11.4157619476, 7.41725683212, 6.97781562805, 4.92412567139, 4.08293771744, 3.5979385376, 4.40693855286, 5.34364414215, 4.7749786377, 4.08712434769, 2.46412730217, 1.71680271626, 1.01556110382, 0.758637726307, 0.246298074722, 0.0441835261881, 0.0052902190946, 0.000160999232321], "max": [4.75544929504, 49.2105560303, 92.6005401611, 161.89390564, 118.823959351, 159.763458252, 314.309875488, 436.882049561, 264.648376465, 548.376708984, 2231.78076172, 1937.40454102, 1516.91625977, 748.52947998, 357.496154785, 973.341064453, 1453.07800293, 899.737731934, 854.68347168, 821.028747559, 1045.47338867, 785.574279785, 395.929534912, 725.017456055, 272.561737061, 302.557861328, 157.903320313, 147.155609131, 259.636810303, 327.720306396, 364.963134766, 200.244110107, 140.562301636, 94.0658798218, 34.8205871582, 23.435174942, 6.25163555145, 0.899076581001, 0.120651245117, 0.00355879915878], "dvar": [0.228194281459, 14.061123848, 86.9294815063, 255.567520142, 120.113250732, 101.620117188, 376.866638184, 269.313323975, 168.612884521, 212.033370972, 7381.34814453, 5522.52880859, 2932.26538086, 1361.81896973, 381.465637207, 2501.20214844, 4338.9609375, 2349.40942383, 1374.54748535, 1731.08508301, 1608.76342773, 733.607727051, 200.612640381, 202.032943726, 100.275756836, 57.4775276184, 43.0857009888, 37.9576187134, 56.1505470276, 126.145599365, 145.798355103, 71.5271606445, 36.3275794983, 11.1547603607, 2.75736832619, 1.3768787384, 0.211198076606, 0.00547081930563, 8.14696613816e-05, 5.86410919823e-08], "mean": [0.235008060932, 2.22181820869, 6.15340232849, 16.5644989014, 9.11388301849, 10.248301506, 19.2630405426, 18.3049945831, 29.0436878204, 17.852640152, 68.1150054932, 63.8194160461, 47.0154876709, 33.5393867493, 24.5040111542, 59.0127220154, 62.6802902222, 49.0970001221, 39.4836730957, 41.3200492859, 27.2591495514, 17.2210292816, 13.7993030548, 9.1707277298, 9.2223815918, 6.97133207321, 4.86775302887, 4.84439468384, 6.38081073761, 7.69560337067, 6.34380483627, 5.16607189178, 2.92585492134, 1.92216432095, 1.16018295288, 0.746908843517, 0.221846491098, 0.0406790263951, 0.00464804423973, 0.000175721012056], "dvar2": [0.461311250925, 32.518901825, 247.432235718, 659.121154785, 308.717590332, 285.759460449, 961.450622559, 659.644287109, 376.93762207, 533.804504395, 16151.1845703, 12819.3183594, 6568.21289063, 3231.02441406, 933.325195313, 6377.88134766, 9820.14746094, 5851.19384766, 3421.26318359, 4443.06933594, 3867.04125977, 1774.44689941, 494.609954834, 363.480743408, 243.810119629, 135.941879272, 102.675186157, 79.0655975342, 108.280090332, 247.844421387, 305.277923584, 142.114379883, 74.9402389526, 23.2880916595, 5.36282539368, 2.94815421104, 0.52443087101, 0.011714915745, 0.000164224620676, 1.24093190834e-07], "min": [1.06322869705e-21, 8.76222406237e-21, 6.22811101938e-20, 1.84091552715e-19, 1.79893882525e-19, 2.59048953764e-19, 3.35853552519e-19, 2.45265048681e-19, 5.68241130973e-19, 1.99775408947e-18, 1.96803369686e-18, 1.91477236439e-18, 3.06224413437e-18, 3.79694223212e-18, 2.04189782363e-18, 3.36297515864e-18, 5.97591380942e-18, 2.5310237819e-18, 4.16479648156e-18, 7.56149289864e-18, 9.1308447722e-18, 7.78770942538e-18, 1.19116208508e-17, 1.56354721632e-17, 1.80590799252e-17, 2.03272554869e-17, 1.61325597349e-17, 1.616271874e-17, 2.02065069698e-17, 2.02484169027e-17, 1.76272569038e-17, 1.57562090998e-17, 1.23072083982e-17, 1.21613400603e-17, 9.46724092935e-18, 5.45523339232e-18, 2.91604202905e-18, 1.50215420213e-18, 3.44568313863e-19, 3.41039393349e-20], "var": [0.29015827179, 18.590593338, 78.8491744995, 290.794128418, 118.774703979, 143.860229492, 686.801208496, 549.88470459, 1333.44067383, 411.777648926, 17392.8808594, 12076.7207031, 9223.06054688, 3574.51000977, 1081.50830078, 6304.59960938, 15153.3427734, 5235.15673828, 3097.66650391, 4725.83642578, 2878.74047852, 1164.74853516, 394.0184021, 447.345031738, 283.316589355, 225.42515564, 121.588905334, 116.508056641, 165.559082031, 445.988067627, 421.575469971, 195.836120605, 81.683631897, 23.4855422974, 6.50198411942, 2.46158027649, 0.28129145503, 0.00931228231639, 0.000133842273499, 9.45116909179e-08], "median": [0.0480473786592, 0.458581507206, 3.21447968483, 12.1781730652, 6.27593326569, 6.29841327667, 10.4725036621, 11.1005249023, 12.8170070648, 11.8339071274, 26.857257843, 25.4238586426, 20.0879974365, 11.6596050262, 13.1613817215, 30.2423057556, 21.1627960205, 21.8260307312, 20.2064533234, 14.9653263092, 10.1542930603, 8.31109905243, 7.19204092026, 4.60084915161, 4.34834480286, 2.53354740143, 1.38834643364, 1.54072332382, 2.23391079903, 2.28824806213, 1.24554085732, 1.01224756241, 0.547280967236, 0.399958789349, 0.271285891533, 0.153029590845, 0.034717194736, 0.00513596693054, 0.000484477321152, 6.41226070002e-05]}, "spectral_energy": {"dmean": 0.0134876500815, "dmean2": 0.0204444825649, "max": 0.224097266793, "dvar": 0.000426750775659, "mean": 0.041707880795, "dvar2": 0.000955134048127, "min": 1.06989317573e-20, "var": 0.000655662617646, "median": 0.036317858845}, "zerocrossingrate": {"dmean": 0.0112816141918, "dmean2": 0.0122266644612, "max": 0.50537109375, "dvar": 0.000174073211383, "mean": 0.0545376911759, "dvar2": 0.000186533739907, "min": 0.00390625, "var": 0.00145975593477, "median": 0.04443359375}, "spectral_energyband_high": {"dmean": 0.00054442754481, "dmean2": 0.000711062224582, "max": 0.0256862919778, "dvar": 1.34352967507e-06, "mean": 0.00114971585572, "dvar2": 2.38155212173e-06, "min": 7.80296597045e-21, "var": 5.11425014338e-06, 