{"tonal": {"hpcp": {"dvar": [0.0105019146577, 0.00164687796496, 0.0115872975439, 0.0174007229507, 0.0107358107343, 0.000806379597634, 0.000880967185367, 0.00918497703969, 0.0142437135801, 0.0276076570153, 0.0165360551327, 0.0149374203756, 0.0199002288282, 0.0145475352183, 0.00747984275222, 0.0330432020128, 0.0205216389149, 0.0227274335921, 0.0334932170808, 0.0116429263726, 0.00512847024947, 0.00131390185561, 0.00258760806173, 0.0112507753074, 0.015893260017, 0.0156383682042, 0.00199921941385, 0.000209415826248, 0.00167540239636, 0.0181719679385, 0.0388225093484, 0.0332951843739, 0.0339359380305, 0.0490325987339, 0.031457901001, 0.0238550808281], "var": [0.00564052956179, 0.00282129039988, 0.0506710223854, 0.119493663311, 0.0421363785863, 0.0012219552882, 0.000552071665879, 0.0109087955207, 0.0640092268586, 0.161322206259, 0.069970458746, 0.035607971251, 0.113291300833, 0.0520563796163, 0.00793618150055, 0.034118887037, 0.0494647696614, 0.0639475211501, 0.088265940547, 0.0283486414701, 0.00449167005718, 0.00240071653388, 0.00319436471909, 0.0281111504883, 0.0661203861237, 0.0251238103956, 0.00163387262728, 0.000213060731767, 0.00189132930245, 0.0589356794953, 0.12170701474, 0.058463472873, 0.0779840573668, 0.121280945837, 0.0519646778703, 0.0207922067493], "median": [0.00221740733832, 0.00393919087946, 0.0151501297951, 0.014570588246, 0.00828300043941, 0.00294035021216, 0.00108535820618, 0.00517841195688, 0.137333750725, 0.292680084705, 0.132045954466, 0.029477102682, 0.00740223936737, 0.00750972703099, 0.00917830783874, 0.00586039526388, 0.0136223696172, 0.096331268549, 0.138093918562, 0.05312397331, 0.00956565514207, 0.0061110407114, 0.00595894828439, 0.0361961759627, 0.027402959764, 0.0188419707119, 0.00496542081237, 0.00204110564664, 0.00345256505534, 0.0387240573764, 0.0683521926403, 0.0572488307953, 0.0728966891766, 0.103069245815, 0.0566257052124, 0.0063251433894], "max": [0.770048201084, 0.392181605101, 1, 1, 1, 0.283473491669, 0.256379783154, 0.867985844612, 1, 1, 1, 1, 1, 1, 0.46493858099, 1, 1, 1, 1, 1, 0.612099528313, 0.312102168798, 0.319815397263, 1, 1, 1, 0.468574374914, 0.163068398833, 0.342339277267, 1, 1, 1, 1, 1, 1, 1], "dmean": [0.0249951817095, 0.0162790976465, 0.0498915687203, 0.0560404881835, 0.0456028208137, 0.0089054768905, 0.00787606369704, 0.0334396846592, 0.0947391986847, 0.116145119071, 0.105965167284, 0.0688394606113, 0.0596130006015, 0.0651502609253, 0.0519128106534, 0.0805520564318, 0.0725714042783, 0.115488946438, 0.140378832817, 0.0750206634402, 0.0343568734825, 0.0207677800208, 0.0298936162144, 0.0610126592219, 0.0678576603532, 0.0584454387426, 0.0165592804551, 0.00661256397143, 0.0193892493844, 0.0798909068108, 0.120495118201, 0.121959611773, 0.122253350914, 0.158744812012, 0.115977570415, 0.0523159094155], "dmean2": [0.0468242131174, 0.0269361827523, 0.078157402575, 0.0933279916644, 0.0756273195148, 0.0153139904141, 0.0148268286139, 0.0607923418283, 0.147598549724, 0.188974410295, 0.173092469573, 0.118450418115, 0.103578835726, 0.116672664881, 0.092227101326, 0.144235163927, 0.1263602525, 0.188353985548, 0.233985215425, 0.127832680941, 0.059841979295, 0.0361472256482, 0.0545679219067, 0.101256065071, 0.111272729933, 0.0997795164585, 0.0298252459615, 0.0120651805773, 0.0359257273376, 0.130288407207, 0.209632992744, 0.210537001491, 0.198412954807, 0.27790787816, 0.200518503785, 0.0869941934943], "mean": [0.01723411493, 0.0204544626176, 0.124256372452, 0.201598107815, 0.103974699974, 0.0110872518271, 0.00638630986214, 0.033800046891, 0.236903220415, 0.422227352858, 0.248166695237, 0.114404939115, 0.17454148829, 0.120799541473, 0.0499453805387, 0.0763417705894, 0.107647418976, 0.209425196052, 0.26263153553, 0.127912715077, 0.0349695943296, 0.0273594483733, 0.0337273292243, 0.101323112845, 0.146955668926, 0.0779189318419, 0.0167848933488, 0.00758636277169, 0.0206522010267, 0.156345948577, 0.257605284452, 0.176339939237, 0.215238496661, 0.292839854956, 0.165769353509, 0.0456251315773], "dvar2": [0.030629741028, 0.00429326854646, 0.0263771265745, 0.0397746153176, 0.026154037565, 0.0017506822478, 0.00293934764341, 0.0269847661257, 0.0342490933836, 0.0650108903646, 0.0466490089893, 0.0425274893641, 0.0515961237252, 0.0421092957258, 0.020969921723, 0.0948099792004, 0.0599799603224, 0.0620497539639, 0.0877452194691, 0.0332520157099, 0.0167496297508, 0.00359630840831, 0.00773973437026, 0.0292867086828, 0.0406188517809, 0.0415338762105, 0.00530443200842, 0.000597857055254, 0.00509010162205, 0.0448285602033, 0.0960708782077, 0.083644926548, 0.0799640119076, 0.123468101025, 0.0917318463326, 0.0570991560817], "min": [0, 0, 0, 0, 0, 0, 0, 0, 0, 0, 0, 0, 0, 0, 0, 0, 0, 0, 0, 0, 0, 0, 0, 0, 0, 0, 0, 0, 0, 0, 0, 0, 0, 0, 0, 0]}, "key_key": "G#", "thpcp": [1, 0.587756097317, 0.270955771208, 0.413382709026, 0.286100715399, 0.118290252984, 0.180807262659, 0.254951328039, 0.496001005173, 0.622014522552, 0.302947491407, 0.0828217193484, 0.0647979080677, 0.0798795446754, 0.239972874522, 0.348048657179, 0.18454259634, 0.0397532135248, 0.0179674830288, 0.0489125140011, 0.370288550854, 0.610110342503, 0.417642146349, 0.509769201279, 0.693559646606, 0.392606854439, 0.108058206737, 0.0408171452582, 0.0484441928566, 0.294287830591, 0.477463394403, 0.2462528795, 0.0262589622289, 0.0151252867654, 0.0800517722964, 0.561079740524], "chords_key": "G#", "tuning_equal_tempered_deviation": 0.0130965225399, "tuning_frequency": 434.444000244, "tuning_diatonic_strength": 0.60230743885, "chords_histogram": [38.8686141968, 3.83211684227, 10.9489049911, 5.83941602707, 3.28467154503, 0, 0, 0, 5.47445249557, 0, 0.364963501692, 0, 0, 0, 0, 0.182481750846, 0, 0, 0, 0, 0, 2.55474448204, 11.4963502884, 17.1532840729], "key_strength": 0.773924529552, "key_scale": "major", "chords_strength": {"dvar": 4.04626589443e-05, "var": 0.00844079814851, "median": 0.543033123016, "max": 0.686137914658, "dmean": 0.00707571813837, "dmean2": 0.00615631928667, "mean": 0.522670567036, "dvar2": 3.44590989698e-05, "min": 0.317472189665}, "chords_number_rate": 0.0164233576506, "tuning_nontempered_energy_ratio": 0.639858007431, "hpcp_entropy": {"dvar": 0.176943033934, "var": 0.354690343142, "median": 1.68562626839, "max": 3.33429145813, "dmean": 0.486811429262, "dmean2": 0.833684980869, "mean": 1.70465278625, "dvar2": 0.483153402805, "min": 0}, "chords_changes_rate": 0.047445256263, "chords_scale": "major"}, "rhythm": {"bpm_histogram_first_peak_spread": {"dvar": 0, "var": 0, "median": 0.555555582047, "max": 0.555555582047, "dmean": 0, "dmean2": 0, "mean": 0.555555582047, "dvar2": 0, "min": 0.555555582047}, "bpm_histogram_first_peak_weight": {"dvar": 0, "var": 0, "median": 0.153846159577, "max": 0.153846159577, "dmean": 0, "dmean2": 0, "mean": 0.153846159577, "dvar2": 0, "min": 0.153846159577}, "bpm_histogram_first_peak_bpm": {"dvar": 0, "var": 0, "median": 117, "max": 117, "dmean": 0, "dmean2": 0, "mean": 117, "dvar2": 0, "min": 117}, "bpm": 117.784317017, "bpm_histogram_second_peak_weight": {"dvar": 0, "var": 0, "median": 0.153846159577, "max": 0.153846159577, "dmean": 0, "dmean2": 0, "mean": 0.153846159577, "dvar2": 0, "min": 0.153846159577}, "beats_loudness": {"dvar": 0.000293899065582, "var": 0.000643774168566, "median": 0.0301144346595, "max": 0.0992948338389, "dmean": 0.0171417240053, "dmean2": 0.0299566909671, "mean": 0.0326279327273, "dvar2": 0.000653820636217, "min": 2.76625815587e-08}, "beats_loudness_band_ratio": {"dvar": [0.0160628985614, 0.0226632822305, 0.0158564727753, 0.00857414212078, 6.87712526997e-05, 0.000532497419044], "var": [0.058122806251, 0.0552617460489, 0.0266740527004, 0.0351037494838, 0.000333375326591, 0.00159103132319], "median": [0.214957490563, 0.228218108416, 0.175263062119, 0.151111155748, 0.0127988783643, 0.00682582240552], "max": [0.850395143032, 0.864513218403, 0.713995933533, 0.738907456398, 0.0689183101058, 0.260692387819], "dmean": [0.137381464243, 0.136955082417, 0.11286418885, 0.0933182984591, 0.00801545567811, 0.0101031744853], "dmean2": [0.227428361773, 0.23742428422, 0.195334851742, 0.1436522156, 0.0127266691998, 0.0127011109143], "mean": [0.28195387125, 0.304145008326, 0.21146261692, 0.221040308475, 0.0184536706656, 0.0159709323198], "dvar2": [0.0363159999251, 0.0458945930004, 0.0475625768304, 0.0174872539937, 0.000158504641149, 0.000403755548177], "min": [0.000543536385521, 0.0177792720497, 0.0151112005115, 0.0141202593222, 0.00126973597798, 0.000318193575367]}, "bpm_histogram_second_peak_bpm": {"dvar": 0, "var": 0, "median": 133, "max": 133, "dmean": 0, "dmean2": 0, "mean": 133, "dvar2": 0, "min": 133}, "onset_rate": 0.433224022388, "beats_count": 53, "beats_position": [0.46439909935, 0.9287981987, 1.39319729805, 1.8575963974, 2.32199549675, 2.79800438881, 3.26240348816, 3.72680258751, 4.17959165573, 4.63238096237, 5.08516979218, 5.53795909882, 5.99074840546, 6.45514726639, 6.90793657303, 7.36072540283, 7.80190467834, 8.24308395386, 8.68426322937, 9.10222244263, 9.52018165588, 9.93814086914, 10.3444900513, 10.7508392334, 11.1571884155, 11.5635375977, 12.0047159195, 12.445895195, 12.8754644394, 13.3050336838, 13.7578229904, 14.1990022659, 14.6285715103, 15.1277999878, 15.6270294189, 16.1378688812, 16.637096405, 17.1247158051, 17.6123352051, 18.1231746674, 18.6340141296, 19.1448516846, 19.667301178, 20.1781406403, 20.6889801025, 21.2114276886, 21.733877182, 22.2563266754, 22.7671642303, 23.2780036926, 23.7772331238, 24.2764625549, 24.7756919861], "danceability": 0.848316669464, "bpm_histogram_second_peak_spread": {"dvar": 0, "var": 0, "median": 0.619047641754, "max": 0.619047641754, "dmean": 0, "dmean2": 0, "mean": 0.619047641754, "dvar2": 0, "min": 0.619047641754}}, "lowlevel": {"spectral_flux": {"dvar": 0.000261394510744, "var": 0.0010150015587, "median": 0.0497761666775, "max": 0.164997816086, "dmean": 0.014988001436, "dmean2": 0.0253597255796, "mean": 0.0501030944288, "dvar2": 0.000746459176298, "min": 5.29649114469e-05}, "spectral_rolloff": {"dvar": 3165655.75, "var": 10687659, "median": 839.794921875, "max": 20650.3417969, "dmean": 399.969390869, "dmean2": 724.713867188, "mean": 1455.45825195, "dvar2": 8586496, "min": 129.19921875}, "barkbands_flatness_db": {"dvar": 0.000185819764738, "var": 0.0019387928769, "median": 0.196391254663, "max": 0.322281569242, "dmean": 0.0160973910242, "dmean2": 0.0233342759311, "mean": 0.194922372699, "dvar2": 0.000402597070206, "min": 0.0377033501863}, "spectral_centroid": {"dvar": 93108.046875, "var": 256060.90625, "median": 719.289794922, "max": 11105.6328125, "dmean": 112.468414307, "dmean2": 163.696563721, "mean": 822.352233887, "dvar2": 132814.9375, "min": 255.570861816}, "melbands_skewness": {"dvar": 0.226709291339, "var": 1.39474189281, "median": 1.48739480972, "max": 6.10555076599, "dmean": 0.52177631855, "dmean2": 0.813651502132, "mean": 1.62951385975, "dvar2": 0.525495171547, "min": -1.29605603218}, "melbands": {"dvar": [9.96615483473e-08, 1.38689426876e-06, 9.26364265297e-08, 9.13846861295e-07, 1.26822249058e-06, 1.66656448641e-07, 2.05268037234e-07, 5.53146435323e-07, 5.17925613508e-08, 3.59919773985e-08, 1.20787504443e-07, 7.65848362505e-09, 1.61498959983e-07, 3.98734911755e-08, 1.45070133684e-08, 8.09671552027e-10, 1.04362196662e-09, 4.48110333562e-11, 3.37540308204e-11, 2.54984384301e-11, 2.39256140941e-12, 1.72151388197e-12, 2.22337816561e-12, 4.75093402119e-12, 3.82066774052e-12, 1.29024057063e-11, 2.13903048919e-12, 2.91380350295e-14, 1.31455617062e-14, 1.36209521716e-14, 1.34158609311e-14, 3.24036180917e-14, 2.93571760055e-14, 3.0461175032e-14, 6.71796568841e-15, 2.31230740765e-15, 1.43720389441e-15, 9.80411731448e-16, 5.88441464694e-16, 2.03612943e-16], "var": [6.93201513968e-07, 1.57844897331e-05, 8.72956036346e-07, 3.41238387591e-06, 5.06055494043e-06, 8.28174847811e-07, 1.00462659702e-06, 3.33357365889e-06, 1.57214387286e-07, 9.2647887584e-08, 2.20184574573e-07, 3.84208718174e-08, 3.80192744842e-07, 5.92142050948e-08, 3.76724713647e-08, 1.60115853909e-09, 1.7158006127e-09, 8.99104124485e-11, 8.18436013406e-11, 5.75449028706e-11, 6.17501189071e-12, 8.93768132421e-12, 1.10205967616e-11, 2.93941294915e-11, 2.24438401891e-11, 4.60314251993e-11, 2.01295681512e-11, 2.05699864152e-13, 1.01541062884e-13, 8.07109370657e-14, 1.0261305423e-13, 2.89006801346e-13, 3.38114031131e-13, 1.82760951555e-13, 5.16609121475e-14, 2.25007221243e-14, 1.63325977092e-14, 8.36983409555e-15, 4.9824650597e-15, 1.09939921411e-15], "median": [0.000192812716705, 0.000792064820416, 0.000246004725341, 0.000395774783101, 0.000484665448312, 0.000199000613065, 0.000167764519574, 3.44330110238e-05, 1.51737631313e-05, 3.16199584631e-05, 4.79674199596e-05, 2.46647687163e-05, 6.50328074698e-05, 6.8062057835e-05, 4.9807378673e-05, 1.12021207315e-05, 5.34553782927e-06, 2.61348031927e-06, 1.71673787008e-06, 1.95694997274e-06, 1.49331685861e-06, 1.74872798198e-06, 2.55258191828e-06, 2.90259890789e-06, 2.93938910545e-06, 3.10725727104e-06, 1.27267685457e-06, 2.05874755466e-07, 1.88684907698e-07, 1.96079071202e-07, 2.29220347592e-07, 2.60429828813e-07, 2.71439915878e-07, 1.89662443972e-07, 8.34115070347e-08, 4.99360659489e-08, 3.85255951585e-08, 2.93718471767e-08, 1.49298440277e-08, 4.62088944886e-09], "max": [0.00405825767666, 0.0244948603213, 0.00454368116334, 0.0152355358005, 0.0203309673816, 0.00807255506516, 0.00877856090665, 0.0168700870126, 0.00410613650456, 0.004142772872, 0.00474926503375, 0.00161985738669, 0.00678787985817, 0.00195959745906, 0.00210568867624, 0.000430404703366, 0.000418747891672, 0.000112803798402, 0.000107087565993, 6.83387916069e-05, 2.07127031899e-05, 2.16898206418e-05, 2.28341796173e-05, 4.59326511191e-05, 3.23657586705e-05, 4.62801472167e-05, 3.21311126754e-05, 3.36919606525e-06, 2.90294838123e-06, 1.74431988853e-06, 2.01544980882e-06, 3.47481613971e-06, 3.49954370904e-06, 2.3912737106e-06, 1.36342748647e-06, 1.03189734091e-06, 1.00004501746e-06, 5.53693439542e-07, 5.18189551713e-07, 3.13529284313e-07], "dmean": [0.000210866113775, 0.000629491580185, 0.000211415594094, 0.000458784634247, 0.000504944939166, 0.000201601753361, 0.000222747490625, 0.000240451408899, 6.13072115812e-05, 6.69968794682e-05, 0.000139046242111, 4.58029717265e-05, 0.000148687686305, 9.48250744841e-05, 5.83861910854e-05, 1.27168950712e-05, 1.36082235258e-05, 2.84943553197e-06, 2.17062279262e-06, 2.35050788433e-06, 8.78850869412e-07, 9.02323449736e-07, 1.03492197923e-06, 1.45253295614e-06, 1.31882438836e-06, 1.72150964772e-06, 7.53351514504e-07, 1.04218088381e-07, 7.58414131496e-08, 7.9045314294e-08, 8.61941558128e-08, 1.0923017868e-07, 1.10546977794e-07, 1.0336728451e-07, 4.74099017822e-08, 2.81067737973e-08, 2.00172873832e-08, 1.86452915329e-08, 1.24826495806e-08, 6.22675999651e-09], "dmean2": [0.000332427676767, 0.000891943811439, 0.000266493210802, 0.000571696611587, 0.000608674949035, 0.00026053286274, 0.000289657531539, 0.000281130254734, 8.24184171506e-05, 0.000102319427242, 0.000224775983952, 7.82642237027e-05, 0.000255015358562, 0.000164681390743, 9.72643101704e-05, 2.04710231628e-05, 2.49058030022e-05, 5.04706940774e-06, 3.59713612852e-06, 3.98934389523e-06, 1.37633685426e-06, 1.30679109134e-06, 1.57652846156e-06, 2.1022456167e-06, 1.84420935057e-06, 2.68117355517e-06, 1.00828276572e-06, 1.44557517956e-07, 1.02035976113e-07, 1.09632225076e-07, 1.21198254988e-07, 1.57856987926e-07, 1.53840588268e-07, 1.48800580746e-07, 6.31307131016e-08, 3.99952284624e-08, 2.64811408357e-08, 2.53371474912e-08, 1.73115211055e-08, 9.21352238947e-09], "mean": [0.000618312973529, 0.00215226504952, 0.000755404995289, 0.00113325647544, 0.00130499736406, 0.000532059581019, 0.00056575628696, 0.0006411584327, 0.000127606879687, 0.00011450038437, 0.000200406153454, 9.59594690357e-05, 0.000236883730395, 0.000145999845699, 0.000109458909719, 2.21461468755e-05, 2.00148788281e-05, 5.43086207472e-06, 4.30845238952e-06, 4.46493731943e-06, 2.14355759454e-06, 2.57066176346e-06, 3.31525438924e-06, 4.56789939562e-06, 4.38627012045e-06, 5.24820006831e-06, 2.81716052086e-06, 3.56642573252e-07, 2.91604777658e-07, 2.76796896514e-07, 3.12432433702e-07, 4.21537691864e-07, 4.5445295882e-07, 3.4903081314e-07, 1.70815781075e-07, 1.0201116396e-07, 8.19863359425e-08, 6.50249916134e-08, 4.3853855658e-08, 2.03591934422e-08], "dvar2": [2.27380226647e-07, 2.13523344428e-06, 1.26932974354e-07, 1.36699509312e-06, 1.79683399892e-06, 2.96705110259e-07, 3.6279681126e-07, 7.8956412608e-07, 8.84124702338e-08, 8.20689010084e-08, 3.29926592713e-07, 2.11963229191e-08, 4.7496746447e-07, 1.13669713642e-07, 4.32161648689e-08, 2.06552996929e-09, 3.48181750098e-09, 1.43758366322e-10, 1.02765136678e-10, 7.31810029242e-11, 6.50913004052e-12, 3.41762100391e-12, 4.98186604816e-12, 9.36917991107e-12, 7.03656490714e-12, 3.65973917837e-11, 3.24402657514e-12, 5.37139777101e-14, 2.21363404088e-14, 2.6747030426e-14, 2.73372379014e-14, 5.77417277946e-14, 5.06460175989e-14, 6.53028588778e-14, 1.09534378976e-14, 4.40916647946e-15, 2.39105860186e-15, 1.78764948265e-15, 1.08391926348e-15, 4.62663318894e-16], "min": [7.15206435742e-11, 2.06209927606e-11, 7.62926831085e-13, 3.4364421031e-12, 1.52456226896e-12, 6.81835826948e-13, 1.42155709947e-12, 1.85962269889e-12, 3.51504719429e-12, 2.14086474243e-12, 8.75141430677e-13, 2.63238215947e-13, 4.55688221532e-13, 5.25959321668e-13, 5.93666934189e-13, 5.63817764178e-13, 3.8954416407e-13, 1.9422923556e-13, 2.51241573119e-13, 2.70172664622e-13, 1.72296679419e-13, 3.39340697469e-13, 1.17302963675e-13, 6.73578150179e-14, 1.60617951773e-13, 4.13239375444e-13, 1.6733264622e-13, 1.73287585995e-13, 2.93721806859e-13, 2.10676826462e-13, 1.56021259822e-13, 2.31833378449e-13, 2.27777351017e-13, 3.58109023121e-13, 2.30174928596e-13, 6.54396621527e-13, 1.15566800921e-12, 9.41505879336e-13, 2.58998741507e-13, 2.5353533834e-13]}, "spectral_decrease": {"dvar": 4.59174989063e-18, "var": 3.88844337984e-17, "median": -6.68602107012e-09, "max": 1.81637914616e-15, "dmean": 1.66574221083e-09, "dmean2": 2.24105911606e-09, "mean": -7.50325135357e-09, "dvar2": 7.69166465728e-18, "min": -3.76330824281e-08}, "barkbands_kurtosis": {"dvar": 7.15028381348, "var": 25.3149490356, "median": 2.30154514313, "max": 43.5009613037, "dmean": 2.19468355179, "dmean2": 3.55497026443, "mean": 3.9322271347, "dvar2": 17.2297916412, "min": -1.90207481384}, "silence_rate_30dB": {"dvar": 0.0108582600951, "var": 0.00635762093589, "median": 1, "max": 1, "dmean": 0.0109789567068, "dmean2": 0.0219780225307, "mean": 0.993601441383, "dvar2": 0.030653020367, "min": 0}, "gfcc": {"mean": [-127.492889404, 136.113174438, -132.904586792, 13.2229299545, -61.2683830261, 5.34107732773, -20.8025684357, -7.33118391037, -23.692527771, -15.9899663925, 9.01248550415, 2.09442281723, -7.29011058807], "cov": [[42631.90625, 8672.25488281, -2.57413649559, 5715.18603516, -1251.0970459, 253.640289307, -1043.09399414, -1109.875, -728.845275879, -1091.80419922, 185.052154541, -629.06427002, -452.13961792], [8672.25488281, 2205.84716797, -86.7078704834, 993.846618652, -136.399398804, -129.025253296, -162.917373657, -284.770721436, -218.715652466, -259.102813721, -25.1266689301, -101.922691345, -117.720588684], [-2.57413649559, -86.7078704834, 605.025817871, 381.265808105, 119.132049561, 169.237594604, 77.0132675171, 33.5061607361, 70.4653091431, -7.34630393982, -21.1920452118, -106.164497375, -27.3689899445], [5715.18603516, 993.846618652, 381.265808105, 1143.30236816, -97.792098999, 161.401351929, -102.322639465, -133.804244995, -48.274066925, -155.085479736, 21.5717430115, -154.531417847, -81.324798584], [-1251.0970459, -136.399398804, 119.132049561, -97.792098999, 178.714584351, 5.97847366333, 79.8095474243, 18.2527656555, 4.3038983345, 18.3453712463, -33.3058586121, 24.5339488983, -0.204679101706], [253.640289307, -129.025253296, 169.237594604, 161.401351929, 5.97847366333, 212.513809204, 60.0635948181, 59.0367393494, 56.3121681213, 12.3808460236, 40.5230751038, -35.9037704468, 16.1534805298], [-1043.09399414, -162.917373657, 77.0132675171, -102.322639465, 79.8095474243, 60.0635948181, 148.335006714, 63.6961288452, 29.5881519318, -5.19969081879, -17.5372982025, -0.855457961559, 17.4471759796], [-1109.875, -284.770721436, 33.5061607361, -133.804244995, 18.2527656555, 59.0367393494, 63.6961288452, 132.029586792, 77.8945465088, 78.7483825684, 12.7001457214, -14.9225568771, -0.611951351166], [-728.845275879, -218.715652466, 70.4653091431, -48.274066925, 4.3038983345, 56.3121681213, 29.5881519318, 77.8945465088, 127.863349915, 115.290008545, 26.6988182068, -35.6124076843, -43.3789100647], [-1091.80419922, -259.102813721, -7.34630393982, -155.085479736, 18.3453712463, 12.3808460236, -5.19969081879, 78.7483825684, 115.290008545, 228.077789307, 71.4120483398, -9.46657657623, -78.1492233276], [185.052154541, -25.1266689301, -21.1920452118, 21.5717430115, -33.3058586121, 40.5230751038, -17.5372982025, 12.7001457214, 26.6988182068, 71.4120483398, 102.840354919, 29.5665931702, 1.12164080143], [-629.06427002, -101.922691345, -106.164497375, -154.531417847, 24.5339488983, -35.9037704468, -0.855457961559, -14.9225568771, -35.6124076843, -9.46657657623, 29.5665931702, 142.426269531, 72.8798904419], [-452.13961792, -117.720588684, -27.3689899445, -81.324798584, -0.204679101706, 16.1534805298, 17.4471759796, -0.611951351166, -43.3789100647, -78.1492233276, 1.12164080143, 72.8798904419, 137.278625488]], "icov": [[0.00190084776841, -0.00526983384043, 0.00186912878416, -0.00430582091212, 0.00470585515723, -0.00515233492479, 0.0034899963066, -0.00087816407904, 0.00061041477602, 6.66793712298e-05, 0.000963986385614, -0.0011714376742, 0.0005741113564], [-0.00526983384043, 0.0160931795835, -0.00408651353791, 0.0102278161794, -0.0134746087715, 0.0156649537385, -0.0106416950002, 0.00303241237998, -0.000961583864409, 0.000118233365356, -0.00320409331471, 0.00377116864547, -0.00102179148234], [0.00186912878416, -0.00408651353791, 0.00692826742306, -0.00707817962393, 0.000500117137562, -0.00503243459389, 0.00264470069669, -0.000442892138381, -0.00136005517561, 0.00029375765007, 0.000965784012806, 0.00137198006269, -0.000904038373847], [-0.00430582091212, 0.0102278161794, -0.00707817962393, 0.0145003655925, -0.00930740125477, 0.00838742312044, -0.00494454288855, 0.00263822241686, -0.00184473744594, 0.00236401846632, -0.00372727960348, 0.00283653195947, 0.000694781716447], [0.00470585515723, -0.0134746087715, 0.000500117137562, -0.00930740125477, 0.0253789611161, -0.0132114030421, 0.00251052249223, -1.64716366271e-05, 0.00624759215862, -0.00558939063922, 0.00880644097924, -0.00845009740442, 0.00300989742391], [-0.00515233492479, 0.0156649537385, -0.00503243459389, 0.00838742312044, -0.0132114030421, 0.0259086061269, -0.0135830109939, -8.425838314e-05, -0.00372990872711, 0.00115278596058, -0.00785388797522, 0.00548558589071, -0.00428390596062], [0.0034899963066, -0.0106416950002, 0.00264470069669, -0.00494454288855, 0.00251052249223, -0.0135830109939, 0.0224766526371, -0.00750255212188, -0.00215099868365, 0.00708018708974, -0.00031054118881, -0.00157170335297, 0.00286691612564], [-0.00087816407904, 0.00303241237998, -0.000442892138381, 0.00263822241686, -1.64716366271e-05, -8.425838314e-05, -0.00750255212188, 0.0191333293915, -0.00476061971858, -0.00515133980662, 0.00215580547228, 0.00263915606774, -0.00362417986616], [0.00061041477602, -0.000961583864409, -0.00136005517561, -0.00184473744594, 0.00624759215862, -0.00372990872711, -0.00215099868365, -0.00476061971858, 0.0243375301361, -0.011013565585, 0.0037745074369, 7.66310913605e-05, 0.00187144253869], [6.66793712298e-05, 0.000118233365356, 0.00029375765007, 0.00236401846632, -0.00558939063922, 0.00115278596058, 0.00708018708974, -0.00515133980662, -0.011013565585, 0.021860614419, -0.013537151739, 0.000576493446715, 0.0094822878018], [0.000963986385614, -0.00320409331471, 0.000965784012806, -0.00372727960348, 0.00880644097924, -0.00785388797522, -0.00031054118881, 0.00215580547228, 0.0037745074369, -0.013537151739, 0.0246180575341, -0.00817582383752, -0.00297609996051], [-0.0011714376742, 0.00377116864547, 0.00137198006269, 0.00283653195947, -0.00845009740442, 0.00548558589071, -0.00157170335297, 0.00263915606774, 7.66310913605e-05, 0.000576493446715, -0.00817582383752, 0.0176292080432, -0.00805697776377], [0.0005741113564, -0.00102179148234, -0.000904038373847, 0.000694781716447, 0.00300989742391, -0.00428390596062, 0.00286691612564, -0.00362417986616, 0.00187144253869, 0.0094822878018, -0.00297609996051, -0.00805697776377, 0.0189496073872]]}, "silence_rate_20dB": {"dvar": 0, "var": 0, "median": 1, "max": 1, "dmean": 0, "dmean2": 0, "mean": 1, "dvar2": 0, "min": 1}, "barkbands_skewness": {"dvar": 0.161309272051, "var": 0.817329645157, "median": 1.13409006596, "max": 5.65123605728, "dmean": 0.457965195179, "dmean2": 0.720696151257, "mean": 1.23791611195, "dvar2": 0.382683485746, "min": -0.955677390099}, "erbbands_skewness": {"dvar": 0.12079218775, "var": 0.571374058723, "median": 0.62954223156, "max": 3.84122872353, "dmean": 0.397658407688, "dmean2": 0.645122766495, "mean": 0.728869795799, "dvar2": 0.302589476109, "min": -1.13652169704}, "spectral_contrast_valleys": {"dvar": [0.256856292486, 0.240576401353, 0.214968472719, 0.182128995657, 0.18103723228, 0.135126084089], "var": [6.36993026733, 4.42969179153, 3.55862379074, 2.99213266373, 2.67552089691, 1.94385480881], "median": [-7.75061035156, -7.32496404648, -7.36026477814, -8.66128730774, -9.1767578125, -12.10364151], "max": [-6.21642780304, -5.88717269897, -6.31006193161, -7.58005571365, -7.94454813004, -10.6432857513], "dmean": [0.382445901632, 0.299855798483, 0.259569913149, 0.196400105953, 0.154863849282, 0.121343865991], "dmean2": [0.623899579048, 0.480835855007, 0.415564417839, 0.305135756731, 0.227255120873, 0.175708368421], "mean": [-8.71649646759, -8.08167552948, -8.04734134674, -9.28558158875, -9.77820777893, -12.5823459625], "dvar2": [0.421057075262, 0.386926561594, 0.307792156935, 0.218561559916, 0.222133725882, 0.14496871829], "min": [-26.9485244751, -26.7381458282, -27.1959571838, -27.5427856445, -27.2633247375, -27.1795635223]}, "spectral_strongpeak": {"dvar": 0.68117660284, "var": 1.37378513813, "median": 0.860431015491, "max": 6.71230173111, "dmean": 0.498277664185, "dmean2": 0.840788960457, "mean": 1.19984507561, "dvar2": 1.83624494076, "min": 0}, "erbbands_crest": {"dvar": 8.78005313873, "var": 27.3986740112, "median": 12.3438167572, "max": 30.4702396393, "dmean": 3.28091621399, "dmean2": 5.4853553772, "mean": 13.4060411453, "dvar2": 23.1366539001, "min": 3.09013652802}, "barkbands_crest": {"dvar": 3.60908269882, "var": 15.3902273178, "median": 10.0488567352, "max": 24.9617023468, "dmean": 2.18671822548, "dmean2": 3.34505796432, "mean": 10.8503322601, "dvar2": 7.43526029587, "min": 4.25147724152}, "spectral_energyband_middle_low": {"dvar": 5.02791990584e-05, "var": 0.000271433702437, "median": 0.0133425556123, "max": 0.123305588961, "dmean": 0.00510684540495, "dmean2": 0.00636251969263, "mean": 0.0169507600367, "dvar2": 8.06507305242e-05, "min": 6.07781047712e-11}, "spectral_contrast_coeffs": {"dvar": [0.00112079037353, 0.00105054443702, 0.000879358092789, 0.00039535399992, 0.000198585941689, 9.87353269011e-05], "var": [0.0198892727494, 0.0130290742964, 0.00642919447273, 0.00434097461402, 0.00594587437809, 0.00464626541361], "median": [-0.55662548542, -0.635626077652, -0.727474331856, -0.710514724255, -0.690750777721, -0.71268683672], "max": [-0.286515027285, -0.360633552074, -0.441828787327, -0.519290804863, -0.573516249657, -0.642730116844], "dmean": [0.0405543446541, 0.0377816073596, 0.0361902490258, 0.0253308154643, 0.014948877506, 0.00992139335722], "dmean2": [0.0618926472962, 0.0556231997907, 0.060922510922, 0.0418641492724, 0.022434098646, 0.0150563763455], "mean": [-0.583517849445, -0.646407604218, -0.721471726894, -0.71553337574, -0.713437139988, -0.737343609333], "dvar2": [0.00244612945244, 0.00239146198146, 0.00234526442364, 0.00109040015377, 0.000410579930758, 0.000178603178938], "min": [-0.972965180874, -0.976999342442, -0.964822649956, -0.954282402992, -0.960831046104, -0.962401032448]}, "hfc": {"dvar": 16.7403202057, "var": 107.378227234, "median": 11.1303253174, "max": 72.7420043945, "dmean": 3.14283370972, "dmean2": 4.66769361496, "mean": 12.6027517319, "dvar2": 41.4396286011, "min": 1.76038647623e-05}, "spectral_energyband_high": {"dvar": 2.40714448374e-10, "var": 3.2930487226e-09, "median": 4.40300209448e-05, "max": 0.000292694952805, "dmean": 1.01712412288e-05, "dmean2": 1.29048366944e-05, "mean": 5.9088015405e-05, "dvar2": 3.63997915143e-10, "min": 6.78692324563e-10}, "erbbands_spread": {"dvar": 19.5659599304, "var": 105.384986877, "median": 20.2622947693, "max": 84.8380279541, "dmean": 4.2243013382, "dmean2": 6.78566455841, "mean": 20.5134315491, "dvar2": 44.7971916199, "min": 2.14017105103}, "dissonance": {"dvar": 0.00048138765851, "var": 0.001291923807, "median": 0.440733730793, "max": 0.49977684021, "dmean": 0.0251440573484, "dmean2": 0.0423721112311, "mean": 0.437713712454, "dvar2": 0.00134751910809, "min": 0.299802660942}, "spectral_kurtosis": {"dvar": 9.51141166687, "var": 29.177696228, "median": 7.93962478638, "max": 34.4358673096, "dmean": 3.06180715561, "dmean2": 5.28678369522, "mean": 9.44679832458, "dvar2": 25.8873939514, "min": -1.19155204296}, "spectral_skewness": {"dvar": 0.0693236365914, "var": 0.276298820972, "median": 2.12420034409, "max": 4.42667865753, "dmean": 0.274410456419, "dmean2": 0.465737015009, "mean": 2.22812652588, "dvar2": 0.184146538377, "min": 0.0144497035071}, "pitch_salience": {"dvar": 0.00259826914407, "var": 0.00833525601774, "median": 0.493564069271, "max": 0.751740336418, "dmean": 0.0589951053262, "dmean2": 0.0913961827755, "mean": 0.49849537015, "dvar2": 0.00553696742281, "min": 0.218050584197}, "spectral_complexity": {"dvar": 1.73736453056, "var": 37.2739906311, "median": 13, "max": 23, "dmean": 1.3778591156, "dmean2": 2.287545681, "mean": 11.8418645859, "dvar2": 4.04553079605, "min": 0}, "spectral_spread": {"dvar": 937508012032, "var": 3661492387840.0, "median": 2815736.5, "max": 40951692, "dmean": 263256.71875, "dmean2": 404198.59375, "mean": 3151657.75, "dvar2": 1102136213500.0, "min": 1406311.75}, "dynamic_complexity": 8.33012962341, "melbands_crest": {"dvar": 6.36018323898, "var": 27.5993213654, "median": 13.5354423523, "max": 29.4809989929, "dmean": 2.88302302361, "dmean2": 4.47107553482, "mean": 14.5645723343, "dvar2": 16.696187973, "min": 5.54900312424}, "zerocrossingrate": {"dvar": 0.000326144800056, "var": 0.00594944879413, "median": 0.031982421875, "max": 0.5439453125, "dmean": 0.00669074850157, "dmean2": 0.00804322585464, "mean": 0.0512503385544, "dvar2": 0.000344638538081, "min": 0.0068359375}, "spectral_energyband_low": {"dvar": 1.38883760883e-05, "var": 0.00015031217481, "median": 0.00416092434898, "max": 0.0744018107653, "dmean": 0.00233355304226, "dmean2": 0.00328989862464, "mean": 0.00839300081134, "dvar2": 2.22762482736e-05, "min": 2.80849593581e-10}, "melbands_kurtosis": {"dvar": 18.3991394043, "var": 55.8474731445, "median": 4.35938835144, "max": 65.1375198364, "dmean": 3.4763314724, "dmean2": 5.58864164352, "mean": 6.61562728882, "dvar2": 42.8526268005, "min": -1.14194953442}, "spectral_energyband_middle_high": {"dvar": 9.76908631856e-06, "var": 2.74452177109e-05, "median": 0.00317062949762, "max": 0.0503134988248, "dmean": 0.00188683741726, "dmean2": 0.0031923323404, "mean": 0.00442541670054, "dvar2": 2.85770984192e-05, "min": 4.31201220563e-11}, "barkbands_spread": {"dvar": 40.7979393005, "var": 314.679351807, "median": 10.2267036438, "max": 143.134017944, "dmean": 2.8950521946, "dmean2": 4.53227853775, "mean": 13.5387907028, "dvar2": 85.5898742676, "min": 1.99527275562}, "mfcc": {"mean": [-743.729003906, 150.048233032, -4.74224376678, 13.5866127014, -11.5374851227, 4.28468132019, 6.34409952164, 12.6849584579, -21.0464019775, -12.5196390152, 0.725661754608, -4.49311113358, 3.75601863861], "cov": [[24661.7792969, 7137.05566406, 700.495300293, 2651.58447266, 467.507751465, 892.391540527, 291.326507568, 737.901916504, -1001.46612549, -286.200561523, 266.316864014, -263.454620361, 49.5075073242], [7137.05566406, 2918.76855469, 14.8232192993, 806.844726562, 97.0306625366, 237.466598511, 109.620185852, 231.463409424, -318.145599365, -163.21572876, 65.7871322632, -142.869857788, -23.9481391907], [700.495300293, 14.8232192993, 251.420623779, 137.708786011, 66.3148956299, 66.0645828247, 50.7503128052, 18.8753089905, 31.6720180511, 65.8986282349, 50.9535598755, 31.6061840057, 15.321267128], [2651.58447266, 806.844726562, 137.708786011, 535.76159668, 145.904922485, 180.170471191, 54.6338806152, 108.908538818, -77.4535675049, -20.0723590851, 47.6132392883, -38.6729774475, -15.0108861923], [467.507751465, 97.0306625366, 66.3148956299, 145.904922485, 111.834922791, 60.5885314941, 25.5750370026, 9.57038021088, -1.74109745026, 6.24708080292, 20.3945465088, -1.5641105175, 9.60604190826], [892.391540527, 237.466598511, 66.0645828247, 180.170471191, 60.5885314941, 136.751037598, 44.0786437988, 51.0512237549, -17.5923156738, 4.78258419037, 12.3767194748, -0.373717755079, -0.0746692344546], [291.326507568, 109.620185852, 50.7503128052, 54.6338806152, 25.5750370026, 44.0786437988, 107.406867981, 67.2513427734, 25.2448711395, -0.20164385438, -13.4171142578, -11.0886449814, -30.8954143524], [737.901916504, 231.463409424, 18.8753089905, 108.908538818, 9.57038021088, 51.0512237549, 67.2513427734, 130.134124756, 4.87445545197, -29.9255046844, -42.7520599365, -49.7615470886, -70.5542984009], [-1001.46612549, -318.145599365, 31.6720180511, -77.4535675049, -1.74109745026, -17.5923156738, 25.2448711395, 4.87445545197, 137.126022339, 62.1467704773, 8.40159034729, 13.8440523148, -22.3254108429], [-286.200561523, -163.21572876, 65.8986282349, -20.0723590851, 6.24708080292, 4.78258419037, -0.20164385438, -29.9255046844, 62.1467704773, 132.776428223, 77.7734909058, 64.2974090576, 29.1308040619], [266.316864014, 65.7871322632, 50.9535598755, 47.6132392883, 20.3945465088, 12.3767194748, -13.4171142578, -42.7520599365, 8.40159034729, 77.7734909058, 133.883422852, 82.7974395752, 86.8389358521], [-263.454620361, -142.869857788, 31.6061840057, -38.6729774475, -1.5641105175, -0.373717755079, -11.0886449814, -49.7615470886, 13.8440523148, 64.2974090576, 82.7974395752, 117.153327942, 97.2411346436], [49.5075073242, -23.9481391907, 15.321267128, -15.0108861923, 9.60604190826, -0.0746692344546, -30.8954143524, -70.5542984009, -22.3254108429, 29.1308040619, 86.8389358521, 97.2411346436, 169.15145874]], "icov": [[0.000290794152534, -0.000480098155094, -0.000698257936165, -0.000211388396565, -2.4750308512e-05, -6.83133112034e-05, 0.000433618522948, -0.00094524002634, 0.00110731134191, -0.000387434265576, 5.8820482991e-06, 0.000153020810103, -0.000300401850836], [-0.000480098155094, 0.00183540640865, 0.00168167194352, -0.00103121285792, 0.00122118892614, 0.000241068235482, -0.00189076154493, 0.00108915881719, -0.000244306691457, 0.000800204812549, -0.00158105057199, 0.00129472662229, 9.35591233429e-05], [-0.000698257936165, 0.00168167194352, 0.00831276830286, -0.00169838382863, -0.000546403287444, 2.98928607663e-05, -0.00398316979408, 0.00295561365783, -0.00257571507245, -0.00171060801949, -0.00023635616526, -0.000318820442772, 0.000334380718414], [-0.000211388396565, -0.00103121285792, -0.00169838382863, 0.00902745127678, -0.0066678118892, -0.0045133526437, 0.0035561285913, -0.00355490460061, 0.000138333474752, 0.00120718113612, -0.00305141764693, 0.000802264024969, 0.00132993631996], [-2.4750308512e-05, 0.00122118892614, -0.000546403287444, -0.0066678118892, 0.018971376121, -0.00213837390766, -0.00478296959773, 0.00591869000345, -0.0014060245594, 0.00114151707385, -0.000645784777589, 0.00305515318178, -0.00165225064848], [-6.83133112034e-05, 0.000241068235482, 2.98928607663e-05, -0.0045133526437, -0.00213837390766, 0.0158263146877, -0.00303773744963, -0.00190008897334, 0.00104832358193, -0.00232421816327, 0.00320227188058, -0.00252984417602, -0.00121906830464], [0.000433618522948, -0.00189076154493, -0.00398316979408, 0.0035561285913, -0.00478296959773, -0.00303773744963, 0.0193720646203, -0.010171812959, -0.00194212619681, 0.000840189924929, 0.00126637541689, -0.00338601716794, 0.000742984761018], [-0.00094524002634, 0.00108915881719, 0.00295561365783, -0.00355490460061, 0.00591869000345, -0.00190008897334, -0.010171812959, 0.0235572252423, -0.00689384015277, 0.00300117139705, 0.00335221085697, -0.00085798028158, 0.00482426816598], [0.00110731134191, -0.000244306691457, -0.00257571507245, 0.000138333474752, -0.0014060245594, 0.00104832358193, -0.00194212619681, -0.00689384015277, 0.019352408126, -0.00746942404658, -0.00227002520114, 0.00339583936147, -0.000209205187275], [-0.000387434265576, 0.000800204812549, -0.00171060801949, 0.00120718113612, 0.00114151707385, -0.00232421816327, 0.000840189924929, 0.00300117139705, -0.00746942404658, 0.0200511924922, -0.00964018795639, -0.00559072801843, 0.00555221596733], [5.8820482991e-06, -0.00158105057199, -0.00023635616526, -0.00305141764693, -0.000645784777589, 0.00320227188058, 0.00126637541689, 0.00335221085697, -0.00227002520114, -0.00964018795639, 0.0252173934132, -0.00946735404432, -0.00495026819408], [0.000153020810103, 0.00129472662229, -0.000318820442772, 0.000802264024969, 0.00305515318178, -0.00252984417602, -0.00338601716794, -0.00085798028158, 0.00339583936147, -0.00559072801843, -0.00946735404432, 0.0288187731057, -0.0112082073465], [-0.000300401850836, 9.35591233429e-05, 0.000334380718414, 0.00132993631996, -0.00165225064848, -0.00121906830464, 0.000742984761018, 0.00482426816598, -0.000209205187275, 0.00555221596733, -0.00495026819408, -0.0112082073465, 0.0163428988308]]}, "silence_rate_60dB": {"dvar": 0.00182646757457, "var": 0.145884647965, "median": 0, "max": 1, "dmean": 0.00182982615661, "dmean2": 0.0036630036775, "mean": 0.177330896258, "dvar2": 0.00364961847663, "min": 0}, "melbands_flatness_db": {"dvar": 0.00023345235968, "var": 0.0030563143082, "median": 0.267669707537, "max": 0.446172595024, "dmean": 0.0180058404803, "dmean2": 0.0251073595136, "mean": 0.264951616526, "dvar2": 0.000486122764414, "min": 0.0737107917666}, "spectral_rms": {"dvar": 3.38508556297e-07, "var": 7.09169762558e-06, "median": 0.00508018024266, "max": 0.0119588021189, "dmean": 0.000541518849786, "dmean2": 0.000720673881005, "mean": 0.00465314695612, "dvar2": 5.65407617614e-07, "min": 1.18505363389e-06}, "melbands_spread": {"dvar": 16.8108997345, "var": 75.5120925903, "median": 12.2091550827, "max": 79.4123687744, "dmean": 3.46259713173, "dmean2": 5.46336698532, "mean": 14.0708999634, "dvar2": 40.9329376221, "min": 1.98604619503}, "average_loudness": 0.842787802219, "erbbands_kurtosis": {"dvar": 2.79947185516, "var": 9.03367710114, "median": 0.979627609253, "max": 24.2517681122, "dmean": 1.31401872635, "dmean2": 2.15425133705, "mean": 2.10787010193, "dvar2": 7.51899576187, "min": -1.19403421879}, "spectral_energy": {"dvar": 7.0026544563e-05, "var": 0.000591836229432, "median": 0.026453435421, "max": 0.146588265896, "dmean": 0.00652539590374, "dmean2": 0.00882250536233, "mean": 0.0294620264322, "dvar2": 0.00011866895511, "min": 1.4394607728e-09}, "spectral_entropy": {"dvar": 0.0163657832891, "var": 0.217682465911, "median": 6.67526435852, "max": 9.80803108215, "dmean": 0.127741292119, "dmean2": 0.185933560133, "mean": 6.74999856949, "dvar2": 0.0329628922045, "min": 5.94778203964}, "erbbands": {"dvar": [0.000198581823497, 0.344481617212, 7.25274276733, 3.67715644836, 11.2839517593, 821.496520996, 538.964233398, 281.02041626, 979.006774902, 3828.15429688, 1222.84887695, 814.812438965, 4958.44091797, 479.382080078, 18400.5996094, 4879.7578125, 243.32371521, 201.754898071, 12.4562835693, 7.76232814789, 1.49924969673, 1.13642823696, 4.10385370255, 5.00622749329, 14.4719762802, 0.173923552036, 0.0350626632571, 0.0285251047462, 0.0870167464018, 0.0605723261833, 0.0120321959257, 0.00424463115633, 0.00131215236615, 0.000329283298925, 1.65635537