{"tonal": {"hpcp": {"dvar": [0.0518581531942, 0.041065864265, 0.0331815108657, 0.0300226714462, 0.0272933393717, 0.0292115323246, 0.0370360054076, 0.0401522032917, 0.0392972230911, 0.0475746355951, 0.0403931252658, 0.0238178744912, 0.0243217870593, 0.0290384069085, 0.0328261964023, 0.0417361408472, 0.0421508476138, 0.0403600037098, 0.045424066484, 0.0501297675073, 0.0435893051326, 0.0421380996704, 0.0340493284166, 0.0416806414723, 0.0330952890217, 0.0229060612619, 0.0267557818443, 0.0271682068706, 0.0237290635705, 0.0340102016926, 0.0512011125684, 0.0399788469076, 0.0324779637158, 0.0353952348232, 0.0430884286761, 0.0451318509877], "var": [0.132838383317, 0.0551019459963, 0.0249646343291, 0.0237111821771, 0.0241670049727, 0.0358103886247, 0.0768960863352, 0.0629949867725, 0.0566663071513, 0.097342222929, 0.0558015443385, 0.0206381585449, 0.0196321681142, 0.025102397427, 0.0434179753065, 0.0887592583895, 0.0606347061694, 0.0406329110265, 0.0453988164663, 0.045190166682, 0.0506939180195, 0.096847936511, 0.0673746392131, 0.0604236274958, 0.0559083260596, 0.0248353909701, 0.0227956958115, 0.0269358251244, 0.0226614587009, 0.0432399064302, 0.0924837514758, 0.0584569126368, 0.0296214129776, 0.0301536843181, 0.0359629616141, 0.0701607093215], "median": [0.11065377295, 0.0692330300808, 0.0120437880978, 0.00728673301637, 0.00865646265447, 0.0293245185167, 0.0460651665926, 0.0467869266868, 0.0512836799026, 0.0503842867911, 0.0320685729384, 0.0140822362155, 0.0118533158675, 0.0136228902265, 0.0351202525198, 0.0546302087605, 0.0424417704344, 0.0150907896459, 0.0095992796123, 0.00999969057739, 0.0339416526258, 0.0459442734718, 0.046979624778, 0.0311455633491, 0.0200686212629, 0.0115421731025, 0.0106074586511, 0.012609555386, 0.0166132580489, 0.0458422861993, 0.0707932859659, 0.049489390105, 0.0172264259309, 0.0116136986762, 0.0139452498406, 0.074128895998], "max": [1, 1, 1, 1, 1, 1, 1, 1, 1, 1, 1, 1, 1, 1, 1, 1, 1, 1, 1, 1, 1, 1, 1, 1, 1, 1, 1, 1, 1, 1, 1, 1, 1, 1, 1, 1], "dmean": [0.15672262013, 0.134022921324, 0.0902055054903, 0.0792707055807, 0.0772322043777, 0.0967899337411, 0.118522278965, 0.125867307186, 0.137392401695, 0.142465516925, 0.122796915472, 0.0807602256536, 0.0767537206411, 0.0836541429162, 0.106481283903, 0.126532286406, 0.127693712711, 0.107352495193, 0.106442958117, 0.114560119808, 0.121588669717, 0.117916405201, 0.116775043309, 0.120368212461, 0.101891972125, 0.072377897799, 0.0689809992909, 0.071585893631, 0.0735474377871, 0.112720280886, 0.14915561676, 0.128926321864, 0.0937319919467, 0.0924939364195, 0.109449371696, 0.140191048384], "dmean2": [0.265467941761, 0.235175937414, 0.164077848196, 0.144269913435, 0.138928949833, 0.169195860624, 0.203360706568, 0.220306351781, 0.239292651415, 0.244919613004, 0.213224560022, 0.14279872179, 0.135181814432, 0.149168744683, 0.181299358606, 0.212335601449, 0.219385683537, 0.18710629642, 0.190927967429, 0.20533490181, 0.212766617537, 0.20117034018, 0.198353782296, 0.211659893394, 0.175382748246, 0.125219359994, 0.122154854238, 0.127238199115, 0.131210103631, 0.194234758615, 0.252827525139, 0.219559282064, 0.167870953679, 0.167587041855, 0.199333712459, 0.243914410472], "mean": [0.304651498795, 0.185742557049, 0.0695373415947, 0.062414791435, 0.0654425919056, 0.111900039017, 0.179443180561, 0.161867693067, 0.167092248797, 0.21151702106, 0.144120961428, 0.0685267969966, 0.0628549903631, 0.0710490718484, 0.128735825419, 0.198025435209, 0.158843532205, 0.0976485460997, 0.0945017263293, 0.0966339856386, 0.138730958104, 0.19937928021, 0.173180907965, 0.148419633508, 0.133192181587, 0.0750572755933, 0.0603472478688, 0.068820759654, 0.0690652951598, 0.135642752051, 0.21391248703, 0.158968597651, 0.0828405618668, 0.0755978450179, 0.0897585302591, 0.209039375186], "dvar2": [0.117714650929, 0.111549578607, 0.0920805856586, 0.082727946341, 0.0750282406807, 0.0806858763099, 0.0944051221013, 0.109273672104, 0.107658788562, 0.120529174805, 0.108209572732, 0.0647137239575, 0.0660265609622, 0.0784432068467, 0.0860137566924, 0.0995542705059, 0.10749052465, 0.105486832559, 0.116454713047, 0.136107489467, 0.116273500025, 0.100927121937, 0.0856169462204, 0.107125498354, 0.0833766460419, 0.0610552914441, 0.0697096288204, 0.0715441852808, 0.064226642251, 0.0880192816257, 0.120562486351, 0.101514615119, 0.0888623222709, 0.098446123302, 0.122050829232, 0.117656469345], "min": [0, 0, 0, 0, 0, 0, 0, 0, 0, 0, 0, 0, 0, 0, 0, 0, 0, 0, 0, 0, 0, 0, 0, 0, 0, 0, 0, 0, 0, 0, 0, 0, 0, 0, 0, 0]}, "key_key": "C", "thpcp": [1, 0.609688639641, 0.228252097964, 0.204872757196, 0.214811325073, 0.367305070162, 0.589011311531, 0.531320869923, 0.548470139503, 0.694291770458, 0.473068296909, 0.224935039878, 0.206317678094, 0.233214259148, 0.422567516565, 0.65000641346, 0.521394252777, 0.320525407791, 0.31019616127, 0.317195177078, 0.455375939608, 0.65445035696, 0.568455815315, 0.48717841506, 0.437195241451, 0.246370941401, 0.198086172342, 0.22589994967, 0.22670263052, 0.445239067078, 0.702154695988, 0.521804749966, 0.271919101477, 0.248145326972, 0.294626921415, 0.686159014702], "chords_key": "G", "tuning_equal_tempered_deviation": 0.0126348407939, "tuning_frequency": 441.527557373, "tuning_diatonic_strength": 0.59153175354, "chords_histogram": [8.15859031677, 9.60352420807, 21.955947876, 2.1497797966, 1.03964757919, 0.0881057232618, 1.11013221741, 3.34801769257, 6.27312755585, 0.634361207485, 0.0704845786095, 0, 0, 0, 0.0352422893047, 0.105726875365, 0.140969157219, 1.11013221741, 0, 0.0352422893047, 0, 13.5682821274, 14.5903081894, 15.9823789597], "key_strength": 0.685610353947, "key_scale": "major", "chords_strength": {"dvar": 9.85644655884e-05, "var": 0.00837151147425, "median": 0.484145522118, "max": 0.745583832264, "dmean": 0.0122118862346, "dmean2": 0.0116891022772, "mean": 0.486505061388, "dvar2": 0.000113223621156, "min": 0.203542158008}, "chords_number_rate": 0.00211453740485, "tuning_nontempered_energy_ratio": 0.710109531879, "hpcp_entropy": {"dvar": 0.302141338587, "var": 0.567546308041, "median": 1.8981180191, "max": 4.3285651207, "dmean": 0.631428897381, "dmean2": 1.06333804131, "mean": 1.90540373325, "dvar2": 0.792371332645, "min": 0}, "chords_changes_rate": 0.0787665173411, "chords_scale": "major"}, "rhythm": {"bpm_histogram_first_peak_spread": {"dvar": 0, "var": 0, "median": 0.422471910715, "max": 0.422471910715, "dmean": 0, "dmean2": 0, "mean": 0.422471910715, "dvar2": 0, "min": 0.422471910715}, "bpm_histogram_first_peak_weight": {"dvar": 0, "var": 0, "median": 0.471559643745, "max": 0.471559643745, "dmean": 0, "dmean2": 0, "mean": 0.471559643745, "dvar2": 0, "min": 0.471559643745}, "bpm_histogram_first_peak_bpm": {"dvar": 0, "var": 0, "median": 129, "max": 129, "dmean": 0, "dmean2": 0, "mean": 129, "dvar2": 0, "min": 129}, "bpm": 128.085983276, "bpm_histogram_second_peak_weight": {"dvar": 0, "var": 0, "median": 0.0458715595305, "max": 0.0458715595305, "dmean": 0, "dmean2": 0, "mean": 0.0458715595305, "dvar2": 0, "min": 0.0458715595305}, "beats_loudness": {"dvar": 0.000473829248222, "var": 0.000942283484619, "median": 0.0403290204704, "max": 0.133270293474, "dmean": 0.0228513535112, "dmean2": 0.0357257276773, "mean": 0.0434244759381, "dvar2": 0.00121779320762, "min": 5.98302767685e-06}, "beats_loudness_band_ratio": {"dvar": [0.0287416744977, 0.0166448056698, 0.0313235521317, 0.0274762418121, 0.00671668536961, 0.0169581063092], "var": [0.0754950717092, 0.0180697310716, 0.0507540740073, 0.0396042726934, 0.00672616483644, 0.0113332848996], "median": [0.300776481628, 0.125145345926, 0.1689081043, 0.132634609938, 0.0496672689915, 0.024657715112], "max": [0.995144665241, 0.790106058121, 0.925900042057, 0.965242445469, 0.62905985117, 0.948302209377], "dmean": [0.175046861172, 0.140699848533, 0.171245768666, 0.155246064067, 0.0760137662292, 0.0722641125321], "dmean2": [0.292996644974, 0.254529953003, 0.302543699741, 0.275183111429, 0.1405813694, 0.134557455778], "mean": [0.328324139118, 0.154469817877, 0.25407025218, 0.196981400251, 0.0733578205109, 0.0549103505909], "dvar2": [0.0790496468544, 0.0513470396399, 0.0940662249923, 0.0760771632195, 0.0195442810655, 0.0509140789509], "min": [9.1774178145e-05, 0.00107495940756, 0.000508796132635, 0.000374559953343, 0.000126267419546, 2.75986349152e-05]}, "bpm_histogram_second_peak_bpm": {"dvar": 0, "var": 0, "median": 123, "max": 123, "dmean": 0, "dmean2": 0, "mean": 123, "dvar2": 0, "min": 123}, "onset_rate": 3.32462406158, "beats_count": 546, "beats_position": [0.638548731804, 1.30031740665, 1.9620860815, 2.62385487556, 3.28562355042, 3.94739222527, 4.65560102463, 5.36380958557, 6.06040811539, 6.73378658295, 7.40716552734, 8.05732440948, 8.70748329163, 9.34603118896, 10.0078001022, 10.6579589844, 11.3081178665, 11.9582767487, 12.5968255997, 13.235373497, 13.8623123169, 14.4892511368, 15.1394100189, 15.7895689011, 16.4165077209, 17.0434455872, 17.6819953918, 18.181224823, 18.6804523468, 19.179681778, 19.667301178, 20.154920578, 20.642539978, 21.1417675018, 21.6526069641, 22.1634464264, 22.6278457642, 23.1038551331, 23.5798625946, 24.0558719635, 24.5318813324, 25.0078907013, 25.4839000702, 25.9599094391, 26.4475269318, 26.9235363007, 27.3995456696, 27.8639450073, 28.3283443451, 28.7811336517, 29.2455329895, 29.7099323273, 30.1859397888, 30.6619491577, 31.1379585266, 31.6023578644, 32.0551452637, 32.5311546326, 33.0071640015, 33.4831733704, 33.9475746155, 34.4119720459, 34.8879814148, 35.3639907837, 35.8283882141, 36.304397583, 36.7804069519, 37.244808197, 37.7208137512, 38.1852149963, 38.6496124268, 39.1140136719, 39.5900230408, 40.0544204712, 40.5188217163, 40.9948310852, 41.4708366394, 41.9352378845, 42.4112472534, 42.8872566223, 43.3516540527, 43.8160552979, 44.2804527283, 44.7564620972, 45.2324714661, 45.6968688965, 46.1612701416, 46.6372795105, 47.1016769409, 47.5660743713, 48.0304756165, 48.5064849854, 48.9708824158, 49.4352836609, 49.9112930298, 50.3873023987, 50.8516998291, 51.3160972595, 51.7804985046, 52.2332878113, 52.7092971802, 53.1736946106, 53.6380958557, 54.1141014099, 54.578502655, 55.0312919617, 55.5073013306, 55.9833106995, 56.4593200684, 56.9353294373, 57.4113349915, 57.8873443604, 58.3517456055, 58.8161430359, 59.280544281, 59.7449417114, 60.2093429565, 60.673740387, 61.1497497559, 61.6257591248, 62.0901565552, 62.5545578003, 63.0305671692, 63.5065765381, 63.9709739685, 64.4353713989, 64.899772644, 65.3641738892, 65.8401794434, 66.29296875, 66.7689819336, 67.2449874878, 67.720993042, 68.1970062256, 68.6614074707, 69.1258010864, 69.5902023315, 70.0546035767, 70.5189971924, 70.9833984375, 71.4477996826, 71.9122009277, 72.3882064819, 72.8526077271, 73.3170089722, 73.7930145264, 74.2690200806, 74.7450332642, 75.2094345093, 75.6854400635, 76.1614532471, 76.6258468628, 77.0902481079, 77.554649353, 78.0190429688, 78.4834442139, 78.947845459, 79.4238510132, 79.8998641968, 80.3642578125, 80.8286590576, 81.2930603027, 81.7806777954, 82.256690979, 82.7326965332, 83.1970977783, 83.661491394, 84.1258926392, 84.6019058228, 85.077911377, 85.5423126221, 86.0067138672, 86.4711074829, 86.935508728, 87.3999099731, 87.8759155273, 88.3403167725, 88.8047180176, 89.2807235718, 89.7567367554, 90.2211303711, 90.6855316162, 91.1383209229, 91.602722168, 92.0671157837, 92.5431289673, 93.0191345215, 93.4951477051, 93.9595413208, 94.4239425659, 94.888343811, 95.3643493652, 95.8287506104, 96.3047637939, 96.7807693481, 97.2567749023, 97.7327880859, 98.1971893311, 98.6615829468, 99.1259841919, 99.590385437, 100.066390991, 100.530792236, 101.006797791, 101.471199036, 101.935600281, 102.400001526, 102.87600708, 103.340408325, 103.816413879, 104.280815125, 104.756820679, 105.221221924, 105.685623169, 106.138412476, 106.602806091, 107.078819275, 107.554824829, 108.019226074, 108.483627319, 108.948028564, 109.389205933, 109.841995239, 110.352828979, 110.863670349, 111.374511719, 111.827301025, 112.280090332, 112.732879639, 113.197273254, 113.6616745, 114.126075745, 114.59047699, 115.054870605, 115.530883789, 116.006889343, 116.494506836, 116.982131958, 117.469749451, 117.957366943, 118.444984436, 118.92099762, 119.397003174, 119.873016357, 120.36063385, 120.778594971, 121.2081604, 121.637733459, 122.090522766, 122.543312073, 122.972877502, 123.460494995, 123.948112488, 124.412513733, 124.888526917, 125.364532471, 125.840545654, 126.316551208, 126.780952454, 127.245346069, 127.709747314, 128.17414856, 128.638549805, 129.114562988, 129.590560913, 130.054962158, 130.519363403, 130.983764648, 131.459777832, 131.924163818, 132.400177002, 132.864578247, 133.340591431, 133.804992676, 134.269378662, 134.722167969, 135.186569214, 135.650970459, 136.126983643, 136.602996826, 137.067382813, 137.531784058, 137.996185303, 138.460586548, 138.924987793, 139.389389038, 139.865386963, 140.341400146, 140.81741333, 141.270202637, 141.757827759, 142.222213745, 142.68661499, 143.151016235, 143.627029419, 144.103042603, 144.567428589, 145.031829834, 145.507843018, 145.972244263, 146.436645508, 146.901046753, 147.365432739, 147.841445923, 148.305847168, 148.770248413, 149.257858276, 149.722259521, 150.186660767, 150.66267395, 151.138687134, 151.603088379, 152.067474365, 152.53187561, 152.996276855, 153.483901978, 153.971511841, 154.459136963, 154.888702393, 155.318267822, 155.747848511, 156.189025879, 156.630203247, 157.059768677, 157.559005737, 158.058227539, 158.5574646, 159.056686401, 159.555908203, 160.043533325, 160.519546509, 160.995559692, 161.459945679, 161.935958862, 162.400360107, 162.876373291, 163.352371216, 163.816772461, 164.281173706, 164.745574951, 165.209976196, 165.68598938, 166.150375366, 166.62638855, 167.090789795, 167.55519104, 168.019592285, 168.507202148, 168.971603394, 169.436004639, 169.900405884, 170.364807129, 170.829208374, 171.293609619, 171.769607544, 172.245620728, 172.710021973, 173.174423218, 173.638824463, 174.114822388, 174.590835571, 175.055236816, 175.519638062, 175.995635986, 176.47164917, 176.947662354, 177.412063599, 177.888076782, 178.352462769, 178.816864014, 179.281265259, 179.757278442, 180.233291626, 180.697677612, 181.162078857, 181.626480103, 182.090881348, 182.555282593, 183.019683838, 183.495681763, 183.960083008, 184.424484253, 184.900497437, 185.364898682, 185.829299927, 186.293685913, 186.769699097, 187.24571228, 187.710113525, 188.174514771, 188.650512695, 189.126525879, 189.590927124, 190.055328369, 190.519729614, 190.984130859, 191.448516846, 191.912918091, 192.377319336, 192.85333252, 193.329345703, 193.793731689, 194.269744873, 194.734146118, 195.198547363, 195.662948608, 196.138946533, 196.603347778, 197.079360962, 197.555374146, 198.019775391, 198.484161377, 198.948562622, 199.412963867, 199.877365112, 200.353378296, 200.829391479, 201.293777466, 201.769790649, 202.245803833, 202.710205078, 203.174606323, 203.63899231, 204.103393555, 204.5677948, 205.043807983, 205.519821167, 205.995819092, 206.471832275, 206.936233521, 207.400634766, 207.87663269, 208.352645874, 208.817047119, 209.281448364, 209.757461548, 210.221862793, 210.686248779, 211.150650024, 211.626663208, 212.091064453, 212.555465698, 213.019866943, 213.48425293, 213.948654175, 214.41305542, 214.889068604, 215.365081787, 215.829467773, 216.293869019, 216.758270264, 217.222671509, 217.698684692, 218.174682617, 218.639083862, 219.103485107, 219.567886353, 220.032287598, 220.496688843, 220.972686768, 221.448699951, 221.913101196, 222.38911438, 222.865127563, 223.341125488, 223.817138672, 224.281539917, 224.745941162, 225.210342407, 225.674728394, 226.139129639, 226.615142822, 227.091156006, 227.555557251, 228.019943237, 228.495956421, 228.971969604, 229.43637085, 229.900772095, 230.36517334, 230.829559326, 231.293960571, 231.758361816, 232.234375, 232.710388184, 233.17477417, 233.639175415, 234.115188599, 234.591201782, 235.055603027, 235.519989014, 235.996002197, 236.472015381, 236.948028564, 237.424026489, 237.888427734, 238.352828979, 238.817230225, 239.28163147, 239.757644653, 240.233642578, 240.698043823, 241.162445068, 241.626846313, 242.091247559, 242.567245483, 243.043258667, 243.519271851, 243.983673096, 244.448074341, 244.924072266, 245.388473511, 245.852874756, 246.317276001, 246.781677246, 247.246078491, 247.722076416, 248.256134033, 248.790206909, 249.324264526, 249.846710205, 250.369155884, 250.903213501, 251.42565918, 251.948120117, 252.470565796, 253.004623413, 253.53868103, 254.084350586, 254.618408203, 255.15246582, 255.686523438, 256.220581055, 256.754638672, 257.288696289, 257.822753906, 258.345214844, 258.867645264, 259.390106201, 259.924163818, 260.411773682, 260.899414063, 261.387023926, 261.874633789, 262.37387085, 262.861480713], "danceability": 1.14998304844, "bpm_histogram_second_peak_spread": {"dvar": 0, "var": 0, "median": 0.285714268684, "max": 0.285714268684, "dmean": 0, "dmean2": 0, "mean": 0.285714268684, "dvar2": 0, "min": 0.285714268684}}, "lowlevel": {"spectral_flux": {"dvar": 0.0010210435139, "var": 0.00316625484265, "median": 0.0705817043781, "max": 0.388513952494, "dmean": 0.025411259383, "dmean2": 0.039010938257, "mean": 0.0774438753724, "dvar2": 0.00215104361996, "min": 0.000144196208566}, "spectral_rolloff": {"dvar": 1257944.375, "var": 3225210.25, "median": 990.52734375, "max": 16731.2988281, "dmean": 496.085784912, "dmean2": 807.095458984, "mean": 1465.52233887, "dvar2": 2470951.5, "min": 21.533203125}, "barkbands_flatness_db": {"dvar": 0.000734084984288, "var": 0.00610953895375, "median": 0.174550890923, "max": 0.475635498762, "dmean": 0.0269452054054, "dmean2": 0.0377590917051, "mean": 0.183328121901, "dvar2": 0.00137125444598, "min": 0.0253398828208}, "spectral_centroid": {"dvar": 145799.84375, "var": 590827.625, "median": 978.93182373, "max": 6080.06640625, "dmean": 249.108383179, "dmean2": 357.286102295, "mean": 1178.51623535, "dvar2": 272874.375, "min": 105.976699829}, "melbands_skewness": {"dvar": 0.797721862793, "var": 4.30952596664, "median": 2.02687263489, "max": 16.7841796875, "dmean": 0.78193539381, "dmean2": 1.1918900013, "mean": 2.31597137451, "dvar2": 1.77651524544, "min": -2.98830890656}, "melbands": {"dvar": [3.88665603168e-06, 2.71986550615e-06, 3.27610268869e-06, 1.5648106455e-06, 2.48725882557e-07, 1.6955391402e-07, 1.90208155004e-07, 7.27697454295e-07, 2.94786417498e-07, 1.71592546394e-07, 1.25705582832e-07, 6.40276027752e-08, 2.73024305386e-08, 1.28723529613e-08, 9.66900692845e-09, 1.22613972309e-08, 1.01319974632e-08, 5.44278222492e-09, 1.74997838442e-09, 1.73542824555e-09, 9.78313319244e-10, 6.44565900654e-10, 3.74550668258e-10, 1.11063887254e-10, 5.72816447053e-11, 7.11774458817e-11, 9.21475534765e-11, 7.67836766391e-11, 8.35926605713e-11, 9.10344924443e-11, 1.12217075909e-10, 7.05995192862e-11, 8.78783712466e-11, 1.35044336824e-10, 1.67696898035e-10, 2.20623033731e-10, 1.20253237923e-10, 2.9155872161e-11, 1.09236075047e-11, 8.43845479603e-12], "var": [8.11228073871e-06, 8.49858315632e-06, 3.6591695789e-06, 1.67824987329e-06, 5.75161323013e-07, 3.8593131535e-07, 3.60944653721e-07, 1.42253645663e-06, 6.46474290988e-07, 3.23512381328e-07, 2.24264553594e-07, 2.38667183794e-07, 8.19179177824e-08, 2.09288160136e-08, 2.04430907758e-08, 1.92771540952e-08, 1.82013675243e-08, 9.54406864651e-09, 3.53156281996e-09, 3.0490396874e-09, 3.76180553374e-09, 1.67047375932e-09, 8.56607895727e-10, 1.75577385964e-10, 9.04509731003e-11, 9.65237612061e-11, 1.16067370992e-10, 1.36235786541e-10, 1.7996527879e-10, 1.7738387148e-10, 1.8797756407e-10, 1.40834996443e-10, 1.59041890768e-10, 2.24984947339e-10, 2.64264055083e-10, 3.34444694161e-10, 1.95747779097e-10, 4.74139096041e-11, 1.81926348986e-11, 1.40117422873e-11], "median": [0.000178615213372, 0.000220196525333, 0.000164801662322, 0.000129452266265, 0.000110412089271, 9.90409316728e-05, 9.16038407013e-05, 8.39121639729e-05, 7.3532712122e-05, 4.09448039136e-05, 4.39098112111e-05, 3.91346620745e-05, 2.83428962575e-05, 1.8366612494e-05, 1.71209703694e-05, 1.59838618856e-05, 2.36615887843e-05, 1.35973295983e-05, 7.01565568306e-06, 5.57494604436e-06, 3.69127315025e-06, 3.64610514225e-06, 4.04140337196e-06, 1.47149035001e-06, 9.9608837445e-07, 1.0868498066e-06, 1.24624739328e-06, 1.10917312668e-06, 1.05005960904e-06, 8.11218114904e-07, 7.03212037934e-07, 6.32779006082e-07, 5.46289811609e-07, 2.77597649756e-07, 1.69415486084e-07, 1.36195865252e-07, 8.79510508867e-08, 5.63268685028e-08, 3.97858599399e-08, 2.92643669297e-08], "max": [0.0234848950058, 0.022685803473, 0.0220616478473, 0.0163331702352, 0.0109455976635, 0.00879089627415, 0.00780107732862, 0.0116793736815, 0.0140461586416, 0.0111730769277, 0.00930480007082, 0.00576190184802, 0.00548966927454, 0.00236813724041, 0.00276660104282, 0.00361196580343, 0.00222360133193, 0.00218670186587, 0.00113868014887, 0.00132315640803, 0.00100288866088, 0.00116897083353, 0.000488660647534, 0.00027301828959, 0.000127534076455, 0.000235901316046, 0.000194928492419, 0.000217327789869, 0.000393890804844, 0.00027635373408, 0.000374441384338, 0.000211611884879, 0.00028715620283, 0.000328658119543, 0.000414696551161, 0.000514995830599, 0.000448259525001, 0.000143736091559, 7.96366512077e-05, 7.68437166698e-05], "dmean": [0.000958441582043, 0.00078519852832, 0.000699604512192, 0.000411736429669, 0.000215409876546, 0.000193544969079, 0.000204973010113, 0.000376283802325, 0.000216758286115, 0.000144777208334, 0.000125856269733, 9.68182648649e-05, 6.4202802605e-05, 4.62731113657e-05, 4.03458980145e-05, 3.76423158741e-05, 4.63889082312e-05, 2.83992540062e-05, 1.70766379597e-05, 1.46532111103e-05, 1.10720484372e-05, 9.30782698561e-06, 8.17753425508e-06, 4.1079742914e-06, 2.89801778308e-06, 2.9246214126e-06, 3.3508888464e-06, 3.15994498123e-06, 3.21564584738e-06, 3.35434083354e-06, 3.53899304173e-06, 2.78933134723e-06, 2.90487673738e-06, 2.77423714579e-06, 2.61172522187e-06, 2.69728616331e-06, 1.93211599253e-06, 1.10058294922e-06, 7.31822069611e-07, 6.24715937647e-07], "dmean2": [0.00157509068958, 0.0012445258908, 0.00114327552728, 0.000689830281772, 0.000342250219546, 0.000308746413793, 0.000329737405991, 0.000615650147665, 0.000333232164849, 0.00022281157726, 0.000196789114852, 0.000142399803735, 9.8256066849e-05, 7.33561319066e-05, 6.29257046967e-05, 5.87000104133e-05, 7.38047310733e-05, 4.328788782e-05, 2.54274218605e-05, 2.22720609599e-05, 1.60708859767e-05, 1.38925443025e-05, 1.26303584693e-05, 6.24174344921e-06, 4.38295364802e-06, 4.54045493825e-06, 5.28323107574e-06, 4.81904407934e-06, 4.74483567814e-06, 5.05026991959e-06, 5.30406259713e-06, 4.09299036619e-06, 4.42934378952e-06, 4.24826657763e-06, 3.89555953006e-06, 3.92562333218e-06, 2.77226376966e-06, 1.59215790063e-06, 1.0668449022e-06, 9.02261149349e-07], "mean": [0.00170833873563, 0.00182748504449, 0.000983782112598, 0.000559673993848, 0.000389780761907, 0.000345568289049, 0.000329243252054, 0.00057277554879, 0.00035983233829, 0.000219733963604, 0.000193781408598, 0.000219899622607, 0.000113685295219, 6.8245062721e-05, 6.45150284981e-05, 5.72846875002e-05, 7.11755201337e-05, 4.62376374344e-05, 2.70325108431e-05, 2.16135213122e-05, 2.06470122066e-05, 1.65904912137e-05, 1.41306181831e-05, 6.26595328868e-06, 4.38637516709e-06, 4.21748700319e-06, 4.73984573546e-06, 4.97067730976e-06, 5.37784853805e-06, 5.12226415594e-06, 5.02039256389e-06, 4.36579693996e-06, 4.24617292083e-06, 3.7099466681e-06, 3.52420511263e-06, 3.58316833626e-06, 2.53131611316e-06, 1.41561986311e-06, 9.51159165652e-07, 7.99266956619e-07], "dvar2": [1.08230251499e-05, 6.62495494907e-06, 8.4815410446e-06, 4.06484377891e-06, 6.22961749741e-07, 4.25064200726e-07, 4.91801017688e-07, 1.96327005142e-06, 6.715314953e-07, 4.01848041065e-07, 2.95095389902e-07, 1.30752098926e-07, 6.46367155355e-08, 3.23030207028e-08, 2.31151826569e-08, 3.01147089488e-08, 2.53262886218e-08, 1.27323938059e-08, 3.7864809066e-09, 3.6770424483e-09, 1.97638194699e-09, 1.394206528e-09, 8.61725302226e-10, 2.58292304212e-10, 1.27922256121e-10, 1.65640376415e-10, 2.29525551343e-10, 1.86643284161e-10, 1.91272747641e-10, 2.062371246e-10, 2.60343913094e-10, 1.58701621289e-10, 2.01325803251e-10, 3.04386238437e-10, 3.75601522107e-10, 4.8547699194e-10, 2.44237935432e-10, 6.3392562033e-11, 2.37182200963e-11, 1.82434935214e-11], "min": [5.59682398557e-15, 1.22810968209e-15, 5.16778485713e-15, 6.7610868652e-15, 2.35077435016e-15, 9.87918984459e-16, 2.25316735552e-15, 6.3226676939e-15, 4.01330478453e-15, 3.42758256029e-15, 8.90467695647e-15, 8.07779915819e-15, 4.45662446495e-15, 6.4394138215e-15, 7.34462607377e-15, 2.45593793749e-15, 1.97086334442e-15, 1.84048168043e-15, 6.38078760073e-16, 1.30989007787e-15, 4.13249333164e-15, 3.38660755323e-15, 3.26894303015e-15, 1.79863888811e-15, 2.90789248353e-15, 1.38507674568e-15, 4.92420327485e-16, 9.60983866132e-16, 1.53562679354e-15, 1.30089744671e-15, 2.49561677239e-15, 1.62890650861e-15, 1.31159197882e-15, 1.09826546051e-15, 1.8033767669e-15, 1.23216209947e-15, 8.00042365137e-16, 1.03502523951e-15, 1.22966695217e-15, 1.10909001218e-15]}, "spectral_decrease": {"dvar": 1.53323716801e-17, "var": 3.92256722709e-17, "median": -6.13110451297e-09, "max": -1.06798135454e-19, "dmean": 2.48989251439e-09, "dmean2": 3.88558341058e-09, "mean": -7.03101665778e-09, "dvar2": 3.62073133767e-17, "min": -4.39194209889e-08}, "barkbands_kurtosis": {"dvar": 96.9038314819, "var": 487.760803223, "median": 2.41429662704, "max": 355.449920654, "dmean": 4.14166688919, "dmean2": 6.31310796738, "mean": 7.85467433929, "dvar2": 210.507553101, "min": -1.95626437664}, "silence_rate_30dB": {"dvar": 0.0113259507343, "var": 0.00630433997139, "median": 1, "max": 1, "dmean": 0.0114567726851, "dmean2": 0.0229155644774, "mean": 0.993655264378, "dvar2": 0.0326101146638, "min": 0}, "gfcc": {"mean": [-64.3062057495, 101.43963623, -131.156005859, 10.1570682526, -59.1743049622, 9.92798423767, -27.0147132874, -1.66981005669, -17.3262863159, 3.98455548286, -15.514005661, -1.05474317074, -6.90121555328], "cov": [[18387.4707031, -1598.51049805, 1156.84741211, 2201.83203125, -903.948181152, 236.295898438, -476.924835205, 327.828765869, 254.271835327, 320.309783936, -198.000930786, 151.865921021, -362.957183838], [-1598.51049805, 3120.23803711, -83.6018829346, -187.219909668, 697.966064453, -377.570953369, 365.988006592, -124.93006134, 266.636657715, -93.9120941162, 264.947113037, -312.463592529, 29.7215995789], [1156.84741211, -83.6018829346, 2073.2878418, 890.073608398, 368.113708496, 520.065734863, 60.7498893738, 148.596130371, -5.82491540909, 40.1129684448, -83.1707687378, 100.213249207, -110.800827026], [2201.83203125, -187.219909668, 890.073608398, 1110.31628418, 169.513076782, 211.899505615, -16.3296413422, 106.759140015, 71.9591827393, 44.4496688843, -34.9296798706, 55.5536994934, -46.5306472778], [-903.948181152, 697.966064453, 368.113708496, 169.513076782, 672.561828613, 187.271347046, 191.061004639, 59.9916000366, 62.5774993896, -27.0461196899, 25.2685317993, -21.6398887634, 32.4177742004], [236.295898438, -377.570953369, 520.065734863, 211.899505615, 187.271347046, 575.941162109, 109.971488953, 132.801925659, -53.0908241272, -48.0630989075, -68.6109619141, 122.830802917, 18.1734867096], [-476.924835205, 365.988006592, 60.7498893738, -16.3296413422, 191.061004639, 109.971488953, 319.80078125, 60.6560821533, 39.3169174194, -3.7723531723, 36.2990646362, -33.7064476013, 2.14054632187], [327.828765869, -124.93006134, 148.596130371, 106.759140015, 59.9916000366, 132.801925659, 60.6560821533, 188.293289185, 59.8776512146, 7.35485219955, -21.7467899323, 32.571811676, -0.257440745831], [254.271835327, 266.636657715, -5.82491540909, 71.9591827393, 62.5774993896, -53.0908241272, 39.3169174194, 59.8776512146, 245.056228638, 71.0137405396, 37.3174095154, -46.8165359497, -8.4174489975], [320.309783936, -93.9120941162, 40.1129684448, 44.4496688843, -27.0461196899, -48.0630989075, -3.7723531723, 7.35485219955, 71.0137405396, 163.474349976, 39.4365539551, -12.8090381622, -31.3712978363], [-198.000930786, 264.947113037, -83.1707687378, -34.9296798706, 25.2685317993, -68.6109619141, 36.2990646362, -21.7467899323, 37.3174095154, 39.4365539551, 153.252075195, -8.8444890976, 5.77451229095], [151.865921021, -312.463592529, 100.213249207, 55.5536994934, -21.6398887634, 122.830802917, -33.7064476013, 32.571811676, -46.8165359497, -12.8090381622, -8.8444890976, 164.468597412, 47.3573799133], [-362.957183838, 29.7215995789, -110.800827026, -46.5306472778, 32.4177742004, 18.1734867096, 2.14054632187, -0.257440745831, -8.4174489975, -31.3712978363, 5.77451229095, 47.3573799133, 130.192321777]], "icov": [[9.75195362116e-05, -6.12466174061e-05, 5.46980809304e-05, -0.000224909774261, 0.000206886368687, -9.1607835202e-05, 9.84723374131e-05, -0.00011929115135, -1.0200305951e-05, -0.000158104638103, 0.000125342994579, -9.03870459297e-05, 0.000200000984478], [-6.12466174061e-05, 0.00105391140096, -0.000281142711174, 0.000328824884491, -0.000960081582889, 0.000815869716462, -0.000685738807078, 0.000683648977429, -0.000856250815559, 0.00141822220758, -0.00127684208564, 0.00102828943636, -0.000426321697887], [5.46980809304e-05, -0.000281142711174, 0.00109624071047, -0.000766003446188, -4.09907806898e-05, -0.000801492133178, 0.000311982177664, -0.000179317154107, 0.000389553722925, -0.000703355995938, 0.000544598849956, -0.000506091397256, 0.00100810709409], [-0.000224909774261, 0.000328824884491, -0.000766003446188, 0.00201079924591, -0.000717916176654, 0.000383614649763, -3.32953095494e-05, 0.000103820748336, -0.000546205381397, 0.000538599560969, -0.000479695707327, 0.000207311750273, -0.000469037157018], [0.000206886368687, -0.000960081582889, -4.09907806898e-05, -0.000717916176654, 0.00335293402895, -0.00123649358284, -0.000231673009694, -0.000576790131163, 0.000181077019079, -0.000886671827175, 0.000792492181063, -0.000198991576326, -0.000319842802128], [-9.1607835202e-05, 0.000815869716462, -0.000801492133178, 0.000383614649763, -0.00123649358284, 0.00417647045106, -0.00154966034461, -0.000810782134067, 4.820459435e-05, 0.00157443829812, -2.03026211238e-05, -0.00118865573313, -0.000422116339905], [9.84723374131e-05, -0.000685738807078, 0.000311982177664, -3.32953095494e-05, -0.000231673009694, -0.00154966034461, 0.00504444120452, -0.00162563263439, 0.00048052254715, -0.000915745738894, -0.000454738910776, 0.000836182327475, 0.000398955540732], [-0.00011929115135, 0.000683648977429, -0.000179317154107, 0.000103820748336, -0.000576790131163, -0.000810782134067, -0.00162563263439, 0.00839836150408, -0.00296566658653, 0.00105166248977, 0.000308085262077, -0.000732300453819, 1.03685852082e-05], [-1.0200305951e-05, -0.000856250815559, 0.000389553722925, -0.000546205381397, 0.000181077019079, 4.820459435e-05, 0.00048052254715, -0.00296566658653, 0.00686469813809, -0.00328902690671, 0.000250346114626, 0.000837691943161, -0.000426738581154], [-0.000158104638103, 0.00141822220758, -0.000703355995938, 0.000538599560969, -0.000886671827175, 0.00157443829812, -0.000915745738894, 0.00105166248977, -0.00328902690671, 0.0100173717365, -0.00346343754791, 0.000793135957792, 0.000913765805308], [0.000125342994579, -0.00127684208564, 0.000544598849956, -0.000479695707327, 0.000792492181063, -2.03026211238e-05, -0.000454738910776, 0.000308085262077, 0.000250346114626, -0.00346343754791, 0.00976035092026, -0.00254046428017, 0.000419375224737], [-9.03870459297e-05, 0.00102828943636, -0.000506091397256, 0.000207311750273, -0.000198991576326, -0.00118865573313, 0.000836182327475, -0.000732300453819, 0.000837691943161, 0.000793135957792, -0.00254046428017, 0.0109233157709, -0.00425847154111], [0.000200000984478, -0.000426321697887, 0.00100810709409, -0.000469037157018, -0.000319842802128, -0.000422116339905, 0.000398955540732, 1.03685852082e-05, -0.000426738581154, 0.000913765805308, 0.000419375224737, -0.00425847154111, 0.0108811957762]]}, "silence_rate_20dB": {"dvar": 0, "var": 0, "median": 1, "max": 1, "dmean": 0, "dmean2": 0, "mean": 1, "dvar2": 0, "min": 1}, "barkbands_skewness": {"dvar": 0.56548166275, "var": 3.40709161758, "median": 1.32696282864, "max": 15.6089229584, "dmean": 0.642899155617, "dmean2": 0.958014070988, "mean": 1.55416321754, "dvar2": 1.16400837898, "min": -4.53353595734}, "erbbands_skewness": {"dvar": 0.264180541039, "var": 1.0843719244, "median": 0.541099429131, "max": 8.01578235626, "dmean": 0.487028092146, "dmean2": 0.734516561031, "mean": 0.547612965107, "dvar2": 0.575898706913, "min": -5.3901257515}, "spectral_contrast_valleys": {"dvar": [0.187243208289, 0.172094404697, 0.170852571726, 0.147253915668, 0.142815694213, 0.255244612694], "var": [3.50970053673, 2.22572636604, 1.69623279572, 1.84779167175, 2.19610786438, 3.02623319626], "median": [-7.81144142151, -6.88927459717, -7.5318441391, -8.02276611328, -8.20293331146, -10.9158277512], "max": [-4.98969602585, -4.34590387344, -4.98296165466, -5.57223320007, -5.50500965118, -7.01775169373], "dmean": [0.438071548939, 0.411932200193, 0.393645435572, 0.356444031, 0.330255359411, 0.404413282871], "dmean2": [0.687484264374, 0.645797550678, 0.587922811508, 0.523989737034, 0.445497989655, 0.502840459347], "mean": [-8.2619562149, -7.27999544144, -7.77988815308, -8.28371620178, -8.48637771606, -11.1404294968], "dvar2": [0.389268010855, 0.356287837029, 0.333394497633, 0.272252202034, 0.245180800557, 0.419556319714], "min": [-16.4382228851, -17.7920532227, -18.2968463898, -18.5869064331, -17.8594856262, -19.5819549561]}, "spectral_strongpeak": {"dvar": 0.836485266685, "var": 1.56394767761, "median": 0.594673752785, "max": 16.5232505798, "dmean": 0.529017627239, "dmean2": 0.886427938938, "mean": 1.09143269062, "dvar2": 2.17765784264, "min": 0}, "erbbands_crest": {"dvar": 9.41327476501, "var": 33.7159194946, "median": 10.793296814, "max": 32.6960639954, "dmean": 3.16000247002, "dmean2": 5.023914814, "mean": 11.9626321793, "dvar2": 23.1315765381, "min": 2.31131577492}, "barkbands_crest": {"dvar": 6.97917699814, "var": 24.5285129547, "median": 10.9727458954, "max": 26.6370048523, "dmean": 2.80537962914, "dmean2": 4.48474025726, "mean": 11.9288444519, "dvar2": 17.1233139038, "min": 2.45501804352}, "spectral_energyband_middle_low": {"dvar": 0.000119426265883, "var": 0.000221392911044, "median": 0.00804795324802, "max": 0.113266929984, "dmean": 0.0062985853292, "dmean2": 0.00977765582502, "mean": 0.0127406232059, "dvar2": 0.000288624811219, "min": 1.3848293443e-13}, "spectral_contrast_coeffs": {"dvar": [0.00230913632549, 0.00206334562972, 0.00138659938239, 0.000911532784812, 0.000526857329533, 0.0004025073722], "var": [0.0121552534401, 0.0113660730422, 0.00801754649729, 0.00510393129662, 0.00365874823183, 0.00325473537669], "median": [-0.654578626156, -0.714644789696, -0.738284885883, -0.754221975803, -0.794585049152, -0.741379380226], "max": [-0.229605659842, -0.328882694244, -0.353537797928, -0.436619192362, -0.502237200737, -0.553362131119], "dmean": [0.052270591259, 0.0521273650229, 0.0410435050726, 0.0342474617064, 0.024417957291, 0.0208625793457], "dmean2": [0.083261333406, 0.0834163352847, 0.0639632642269, 0.053286600858, 0.0376257970929, 0.0316151827574], "mean": [-0.642812430859, -0.705616950989, -0.725847125053, -0.747926414013, -0.784634172916, -0.745292544365], "dvar2": [0.00547801097855, 0.00482595525682, 0.00301440386102, 0.00197642249987, 0.00108293921221, 0.000831107259728], "min": [-0.934473454952, -0.958784043789, -0.932179093361, -0.939454257488, -0.944372415543, -0.911117613316]}, "hfc": {"dvar": 311.437744141, "var": 787.29864502, "median": 13.5011692047, "max": 359.748565674, "dmean": 8.51194763184, "dmean2": 11.9229879379, "mean": 21.0861797333, "dvar2": 619.092651367, "min": 1.28547537059e-08}, "spectral_energyband_high": {"dvar": 4.30370300819e-06, "var": 9.70196833805e-06, "median": 0.00015498380526, "max": 0.0475848764181, "dmean": 0.000634815602098, "dmean2": 0.000873658573255, "mean": 0.0010597986402, "dvar2": 8.36140588945e-06, "min": 8.82391978495e-13}, "erbbands_spread": {"dvar": 105.275093079, "var": 408.501312256, "median": 23.6392936707, "max": 153.217468262, "dmean": 7.63226985931, "dmean2": 11.6423959732, "mean": 28.6305599213, "dvar2": 238.297698975, "min": 1.08907115459}, "dissonance": {"dvar": 0.000863511231728, "var": 0.00238673412241, "median": 0.455054968596, "max": 0.500000178814, "dmean": 0.0284019354731, "dmean2": 0.0472757965326, "mean": 0.441460371017, "dvar2": 0.00229060091078, "min": 0.151825070381}, "spectral_kurtosis": {"dvar": 31.9847297668, "var": 107.005729675, "median": 5.1416721344, "max": 136.434631348, "dmean": 3.57476305962, "dmean2": 5.91356182098, "mean": 8.5207118988, "dvar2": 84.436706543, "min": -0.935286700726}, "spectral_skewness": {"dvar": 0.17638400197, "var": 0.989098966122, "median": 1.75742888451, "max": 9.34385299683, "dmean": 0.364204525948, "dmean2": 0.569894909859, "mean": 1.95101320744, "dvar2": 0.428331315517, "min": -0.136619925499}, "pitch_salience": {"dvar": 0.00498697999865, "var": 0.020225616172, "median": 0.513934969902, "max": 0.860599815845, "dmean": 0.0744509249926, "dmean2": 0.11692969501, "mean": 0.508561193943, "dvar2": 0.0117601109669, "min": 0.0692812725902}, "spectral_complexity": {"dvar": 21.8428020477, "var": 109.765869141, "median": 13.5, "max": 61, "dmean": 3.31400370598, "dmean2": 4.62453746796, "mean": 14.5967569351, "dvar2": 35.7234954834, "min": 0}, "spectral_spread": {"dvar": 693567225856, "var": 3604671627260.0, "median": 3657585.75, "max": 14412673, "dmean": 585708.3125, "dmean2": 818532.25, "mean": 3992907.25, "dvar2": 1187783507970.0, "min": 630936.125}, "dynamic_complexity": 5.11809968948, "melbands_crest": {"dvar": 10.6844825745, "var": 36.9627990723, "median": 15.2096977234, "max": 38.2688789368, "dmean": 3.43590259552, "dmean2": 5.48132753372, "mean": 16.1169567108, "dvar2": 26.5867729187, "min": 3.05842614174}, "zerocrossingrate": {"dvar": 0.000355273106834, "var": 0.00224033906125, "median": 0.04248046875, "max": 0.4814453125, "dmean": 0.0115214921534, "dmean2": 0.0123268850148, "mean": 0.0542394928634, "dvar2": 0.000344207452144, "min": 0.0009765625}, "spectral_energyband_low": {"dvar": 7.70606566221e-05, "var": 0.000221301117563, "median": 0.00236112484708, "max": 0.11456631124, "dmean": 0.00446016993374, "dmean2": 0.0072162700817, "mean": 0.0104574020952, "dvar2": 0.000195514934603, "min": 3.18544425863e-14}, "melbands_kurtosis": {"dvar": 258.943145752, "var": 803.791687012, "median": 6.26789569855, "max": 379.960083008, "dmean": 7.42539072037, "dmean2": 11.537940979, "mean": 14.8604402542, "dvar2": 595.591186523, "min": -1.92500078678}, "spectral_energyband_middle_high": {"dvar": 1.22113424368e-05, "var": 4.60140872747e-05, "median": 0.00282328506, "max": 0.0533097721636, "dmean": 0.00212154071778, "dmean2": 0.00305684609339, "mean": 0.00553949829191, "dvar2": 2.56543917203e-05, "min": 4.2213547111e-13}, "barkbands_spread": {"dvar": 72.9047470093, "var": 234.998397827, "median": 12.2312393188, "max": 124.301765442, "dmean": 5.42017316818, "dmean2": 7.93764543533, "mean": 16.5814437866, "dvar2": 142.746688843, "min": 0.2419603616}, "mfcc": {"mean": [-702.353515625, 131.56867981, -11.842710495, 6.67359209061, -10.6272535324, 10.4666452408, -4.4268078804, -1.2967042923, 1.68971323967, 0.61574870348, -1.04056274891, 0.739281713963, -2.65787529945], "cov": [[15637.8535156, -577.014221191, 373.375946045, 1374.57385254, -97.5805969238, 78.6182174683, -658.489318848, 50.8752975464, -1.73217749596, 118.480834961, 215.422668457, 256.088012695, -66.592124939], [-577.014221191, 2730.01489258, -327.935089111, 238.528381348, 115.488220215, -53.7203483582, 114.908874512, -90.1817626953, 1.47158694267, 128.256500244, 105.625297546, 115.658332825, 89.3911514282], [373.375946045, -327.935089111, 1480.44104004, 466.294647217, 406.926635742, 346.130218506, 157.813751221, 225.063293457, 84.3140945435, 68.8975982666, 42.8781738281, 57.4656028748, 13.7291851044], [1374.57385254, 238.528381348, 466.294647217, 828.481811523, 303.684814453, 145.960006714, 27.2953510284, 59.0955657959, 70.3434677124, 49.657989502, 66.0930786133, 135.385101318, 37.1658439636], [-97.5805969238, 115.488220215, 406.9266