{"lowlevel": {"spectral_strongpeak": {"max": 6.089366436, "dmean": 0.189394533634, "dvar2": 0.253374457359, "dmean2": 0.299441099167, "var": 0.671337664127, "median": 0.806338429451, "min": 0, "dvar": 0.12191607058, "mean": 0.980311274529}, "barkbands_flatness_db": {"max": 0.370991975069, "dmean": 0.0168738830835, "dvar2": 0.000855051621329, "dmean2": 0.0243245735765, "var": 0.00390306487679, "median": 0.215987071395, "min": 0.0272871721536, "dvar": 0.000419825140852, "mean": 0.21171361208}, "barkbands_skewness": {"max": 7.42498540878, "dmean": 0.256556838751, "dvar2": 0.250050485134, "dmean2": 0.391080081463, "var": 0.834542810917, "median": 1.67513251305, "min": -2.06753659248, "dvar": 0.109905511141, "mean": 1.64489531517}, "spectral_energyband_middle_high": {"max": 0.0558752752841, "dmean": 0.000715679023415, "dvar2": 1.59027222253e-05, "dmean2": 0.0010103257373, "var": 1.24266207422e-05, "median": 0.00116284843534, "min": 1.31577556126e-21, "dvar": 6.5219633143e-06, "mean": 0.00236090808176}, "erbbands_kurtosis": {"max": 39.4161071777, "dmean": 0.694943130016, "dvar2": 3.07171750069, "dmean2": 1.04773652554, "var": 7.97606515884, "median": 0.543000936508, "min": -1.64325785637, "dvar": 1.43763756752, "mean": 1.273878932}, "erbbands_crest": {"max": 30.3928699493, "dmean": 1.55350804329, "dvar2": 8.72548389435, "dmean2": 2.37862205505, "var": 18.4413261414, "median": 10.071310997, "min": 2.44152951241, "dvar": 3.65748643875, "mean": 10.9701652527}, "dynamic_complexity": 5.8236117363, "barkbands_crest": {"max": 25.8388538361, "dmean": 1.46192646027, "dvar2": 6.58384513855, "dmean2": 2.26670908928, "var": 14.4097709656, "median": 9.91236400604, "min": 2.41655445099, "dvar": 2.78987050056, "mean": 10.6080102921}, "dissonance": {"max": 0.5, "dmean": 0.0263334475458, "dvar2": 0.00177634996362, "dmean2": 0.0435465537012, "var": 0.002641341649, "median": 0.417836993933, "min": 0.224269255996, "dvar": 0.000680670433212, "mean": 0.413007229567}, "spectral_energyband_low": {"max": 0.0263777524233, "dmean": 0.00036491593346, "dvar2": 3.61159322892e-06, "dmean2": 0.00060172949452, "var": 1.6452155478e-06, "median": 0.000259345571976, "min": 2.22868588513e-23, "dvar": 1.27165515096e-06, "mean": 0.00070081272861}, "spectral_contrast_coeffs": {"max": [-0.270331531763, -0.311259895563, -0.431464910507, -0.475872188807, -0.496228009462, -0.550978064537], "dmean": [0.0400280989707, 0.0424762815237, 0.0346366763115, 0.0320749953389, 0.0263123977929, 0.0212039668113], "dvar2": [0.00316885393113, 0.00491991871968, 0.00354424421676, 0.00275540957227, 0.00196579680778, 0.00090165308211], "dmean2": [0.0635326132178, 0.0678034797311, 0.0554639883339, 0.049791879952, 0.0398945845664, 0.0290029328316], "var": [0.016474282369, 0.0155538562685, 0.0104704396799, 0.00951638910919, 0.00924891140312, 0.00721749616787], "median": [-0.539134263992, -0.61099177599, -0.696807980537, -0.692815184593, -0.735914468765, -0.748951733112], "min": [-0.978731155396, -0.989600598812, -0.993843913078, -0.994087219238, -0.98803794384, -0.963964283466], "dvar": [0.00142654392403, 0.00235933996737, 0.00162325601559, 0.00138622557279, 0.00107745244168, 0.000535015773494], "mean": [-0.549825906754, -0.631002306938, -0.7004596591, -0.70692551136, -0.732271611691, -0.744357705116]}, "silence_rate_60dB": {"max": 1, "dmean": 0.0505717508495, "dvar2": 0.09962657094, "dmean2": 0.101159796119, "var": 0.179399311543, "median": 0, "min": 0, "dvar": 0.0480167642236, "mean": 0.234299510717}, "mfcc": {"icov": [[0.000175990018761, -4.26146543759e-05, 0.000131506036269, -0.000112832502055, 0.000206553508178, -4.38117131125e-05, 0.000324827531585, -0.000237849570112, 0.000518216984347, -0.000271990458714, 0.000368887500372, -5.68317700527e-05, 0.00045203557238], [-4.26146543759e-05, 0.000420310534537, -0.000138256436912, 7.07511862856e-05, -0.000244164169999, 0.000156842608703, -0.000420492811827, 0.000405507977121, -0.000149296800373, 0.00100100564305, -0.000217898719711, 9.56543590291e-05, -0.000111928078695], [0.000131506036269, -0.000138256436912, 0.00165978237055, -2.6963360142e-05, -0.000329298898578, -0.000179900976946, 0.000201339571504, -0.000721647986211, 0.000504764902871, -0.000727541744709, 0.000489102909341, -1.32554976062e-06, 0.000971229805145], [-0.000112832502055, 7.07511862856e-05, -2.6963360142e-05, 0.00420275097713, 0.00028025143547, -0.0016614284832, -5.37364976481e-05, -1.68641308846e-05, 0.000279451545794, 0.000208753757761, 0.000526334333699, 0.000414238369558, -0.000278032559436], [0.000206553508178, -0.000244164169999, -0.000329298898578, 0.00028025143547, 0.00526987807825, -0.00110913766548, -0.00295768375508, -1.71318897628e-05, 0.000531581987161, -0.000377949763788, -0.000770511920564, 0.000490810372867, -0.000507497403305], [-4.38117131125e-05, 0.000156842608703, -0.000179900976946, -0.0016614284832, -0.00110913766548, 0.0075522782281, -0.00147914828267, -0.00120478717145, 0.000602433632594, -0.00134438532405, 0.000537143670954, -0.000111616267532, -0.00150483171456], [0.000324827531585, -0.000420492811827, 0.000201339571504, -5.37364976481e-05, -0.00295768375508, -0.00147914828267, 0.00916694011539, -0.0018369887257, -0.00161897635553, 0.000843676330987, -0.000943594903219, 7.04160338501e-05, 0.000566798553336], [-0.000237849570112, 0.000405507977121, -0.000721647986211, -1.68641308846e-05, -1.71318897628e-05, -0.00120478717145, -0.0018369887257, 0.00986584462225, -0.00497416220605, 0.0010066741379, -0.000191762388567, -0.000710699765477, 0.000744176330045], [0.000518216984347, -0.000149296800373, 0.000504764902871, 0.000279451545794, 0.000531581987161, 0.000602433632594, -0.00161897635553, -0.00497416220605, 0.0119837597013, -0.00527876568958, 0.00261912657879, -0.00108899164479, -0.00017614600074], [-0.000271990458714, 0.00100100564305, -0.000727541744709, 0.000208753757761, -0.000377949763788, -0.00134438532405, 0.000843676330987, 0.0010066741379, -0.00527876568958, 0.0151685597375, -0.00557932490483, 0.00256357714534, -0.00113494647667], [0.000368887500372, -0.000217898719711, 0.000489102909341, 0.000526334333699, -0.000770511920564, 0.000537143670954, -0.000943594903219, -0.000191762388567, 0.00261912657879, -0.00557932490483, 0.0160278268158, -0.00503197452053, 0.00433855270967], [-5.68317700527e-05, 9.56543590291e-05, -1.32554976062e-06, 0.000414238369558, 0.000490810372867, -0.000111616267532, 7.04160338501e-05, -0.000710699765477, -0.00108899164479, 0.00256357714534, -0.00503197452053, 0.0153060797602, -0.00588148832321], [0.00045203557238, -0.000111928078695, 0.000971229805145, -0.000278032559436, -0.000507497403305, -0.00150483171456, 0.000566798553336, 0.000744176330045, -0.00017614600074, -0.00113494647667, 0.00433855270967, -0.00588148832321, 0.0138831399381]], "cov": [[13607.0166016, -741.839111328, -936.814453125, 397.124908447, -1397.55004883, -364.732849121, -1215.6809082, -374.560974121, -820.947753906, -123.402069092, -304.947662354, -223.248275757, -416.231750488], [-741.839111328, 3625.45727539, 236.753845215, -102.075935364, 359.264007568, -44.4050254822, 286.389648438, -109.153083801, -68.514251709, -261.914672852, 15.8223371506, 8.58802223206, 13.6676111221], [-936.814453125, 236.753845215, 762.021911621, -19.0591812134, 175.029541016, 60.0031661987, 121.141494751, 81.6478805542, 58.5247421265, 29.8742141724, 21.2508335114, -9.91385650635, -25.3557682037], [397.124908447, -102.075935364, -19.0591812134, 282.001617432, -38.7005691528, 59.056968689, -26.1877975464, 1.35562503338, -24.447845459, -0.807450413704, -25.3003234863, -13.1360759735, 1.17594218254], [-1397.55004883, 359.264007568, 175.029541016, -38.7005691528, 439.367370605, 105.556015015, 252.475875854, 70.1863021851, 94.0879592896, 12.6705322266, 49.7320175171, 20.2696857452, 44.0889167786], [-364.732849121, -44.4050254822, 60.0031661987, 59.056968689, 105.556015015, 195.58883667, 90.8152770996, 56.8586158752, 45.2369308472, 28.0024452209, 5.40785598755, 10.3338108063, 32.3573303223], [-1215.6809082, 286.389648438, 121.141494751, -26.1877975464, 252.475875854, 90.8152770996, 297.072265625, 89.4578933716, 111.171592712, 9.36846446991, 39.4895591736, 22.2777996063, 34.3152198792], [-374.560974121, -109.153083801, 81.6478805542, 1.35562503338, 70.1863021851, 56.8586158752, 89.4578933716, 176.298843384, 104.249336243, 32.7358207703, 9.88888835907, 13.3989562988, 7.8422088623], [-820.947753906, -68.514251709, 58.5247421265, -24.447845459, 94.0879592896, 45.2369308472, 111.171592712, 104.249336243, 192.47996521, 57.301322937, 14.2606639862, 20.4395179749, 31.138841629], [-123.402069092, -261.914672852, 29.8742141724, -0.807450413704, 12.6705322266, 28.0024452209, 9.36846446991, 32.7358207703, 57.301322937, 113.301780701, 27.8719730377, -2.77218532562, 1.26639413834], [-304.947662354, 15.8223371506, 21.2508335114, -25.3003234863, 49.7320175171, 5.40785598755, 39.4895591736, 9.88888835907, 14.2606639862, 27.8719730377, 90.7846450806, 21.0370693207, -8.67383384705], [-223.248275757, 8.58802223206, -9.91385650635, -13.1360759735, 20.2696857452, 10.3338108063, 22.2777996063, 13.3989562988, 20.4395179749, -2.77218532562, 21.0370693207, 88.5635299683, 38.979801178], [-416.231750488, 13.6676111221, -25.3557682037, 1.17594218254, 44.0889167786, 32.3573303223, 34.3152198792, 7.8422088623, 31.138841629, 1.26639413834, -8.67383384705, 38.979801178, 110.510269165]], "mean": [-761.581787109, 166.496200562, -20.0873832703, 0.562005341053, -18.3593158722, -10.0722446442, -22.1275596619, -10.6492652893, -16.8745994568, -7.44680833817, -3.11332035065, -3.83837628365, -8.58567523956]}, "melbands_spread": {"max": 162.708892822, "dmean": 2.18263244629, "dvar2": 35.3737106323, "dmean2": 3.22853469849, "var": 208.403366089, "median": 9.74366092682, "min": 1.66366052628, "dvar": 16.6185417175, "mean": 13.4896850586}, "barkbands_kurtosis": {"max": 57.0032997131, "dmean": 1.43306422234, "dvar2": 13.2124090195, "dmean2": 2.18986129761, "var": 27.0988273621, "median": 3.76329278946, "min": -1.80940961838, "dvar": 5.82904243469, "mean": 4.89560842514}, "spectral_energyband_high": {"max": 0.0127543946728, "dmean": 0.000103739504993, "dvar2": 5.14633029525e-07, "dmean2": 0.000145403770148, "var": 4.47307058948e-07, "median": 9.89525233308e-06, "min": 7.30754052129e-21, "dvar": 2.24747211064e-07, "mean": 0.000232803169638}, "hfc": {"max": 197.326293945, "dmean": 2.61662650108, "dvar2": 168.623519897, "dmean2": 3.58602547646, "var": 201.715255737, "median": 5.2574877739, "min": 1.09887615803e-16, "dvar": 75.1988677979, "mean": 10.3554363251}, "spectral_skewness": {"max": 9.24727344513, "dmean": 0.575122892857, "dvar2": 0.94179391861, "dmean2": 0.961006939411, "var": 2.2246723175, "median": 2.38960266113, "min": -0.111769005656, "dvar": 0.37360611558, "mean": 2.84824252129}, "erbbands": {"max": [0.0310700163245, 0.888700008392, 12.2477941513, 54.7508621216, 161.62953186, 292.647369385, 348.501678467, 809.752380371, 1757.58850098, 1736.33605957, 986.196777344, 1246.50769043, 1486.35351562, 772.496276855, 735.520385742, 437.115631104, 422.422058105, 544.503662109, 712.546508789, 287.963165283, 395.535736084, 198.948867798, 251.401168823, 420.683319092, 98.1144332886, 384.640777588, 220.179794312, 131.040054321, 124.625495911, 201.161941528, 95.5847244263, 77.9647903442, 58.8644371033, 12.6240339279, 3.81582641602, 0.910779178143, 0.180563405156, 0.0373661592603, 0.00374258006923, 0.00025233780616], "dmean": [0.000398490490625, 0.00765895750374, 0.131423488259, 0.741131067276, 0.890902757645, 2.95107412338, 8.51003170013, 8.7410993576, 8.61484718323, 8.19795322418, 10.7776880264, 10.7504873276, 6.41893959045, 8.26237869263, 4.96293067932, 3.635379076, 4.10222768784, 5.18769741058, 4.53842496872, 2.96856951714, 2.63105392456, 1.8492937088, 2.4843082428, 2.47816085815, 0.805630981922, 1.46819603443, 0.958774864674, 0.934165179729, 0.895240366459, 1.04261505604, 0.664536416531, 0.480340957642, 0.190568417311, 0.0667109265924, 0.0191311948001, 0.00537175964564, 0.00106515281368, 0.000196312219487, 1.65958826983e-05, 4.52729318567e-06], "dvar2": [2.06857248486e-06, 0.00199163728394, 0.46509757638, 15.4954919815, 45.9487762451, 215.132354736, 925.97076416, 1639.41894531, 2696.82592773, 1721.5090332, 2417.09301758, 4864.77490234, 2371.81884766, 2580.4699707, 961.485473633, 527.091430664, 580.358642578, 819.244689941, 1200.20739746, 305.277679443, 335.787841797, 102.311912537, 147.849227905, 185.836456299, 29.1424770355, 136.606338501, 52.065776825, 35.4320907593, 48.9826850891, 62.3819465637, 25.6360034943, 15.8451156616, 4.24321269989, 0.405513316393, 0.0395042411983, 0.00305981235579, 0.000123189383885, 4.56841053165e-06, 3.99887376545e-08, 3.73586550584e-10], "dmean2": [0.000639155332465, 0.0121906492859, 0.215803682804, 1.22687864304, 1.48865580559, 4.72083044052, 12.3032646179, 13.2935028076, 12.3359994888, 12.1360092163, 15.1074409485, 15.7912836075, 9.74932956696, 12.028213501, 7.23770046234, 5.30441331863, 6.07017230988, 7.82349443436, 7.07209634781, 4.4182767868, 3.83764767647, 2.55114865303, 3.47355771065, 3.58830523491, 1.19269299507, 2.16260242462, 1.40436887741, 1.33519756794, 1.35387206078, 1.46433758736, 0.977169334888, 0.708370506763, 0.293345451355, 0.101651005447, 0.0290269479156, 0.00845248717815, 0.00164417282213, 0.00030327247805, 2.62770008703e-05, 6.40727830614e-06], "var": [3.37423648489e-06, 0.00145832204726, 0.245513752103, 6.350461483, 16.48985672, 238.199462891, 1758.59631348, 3800.56787109, 7713.75830078, 5838.28417969, 9362.0859375, 7370.13671875, 1962.21594238, 2736.69921875, 632.292480469, 673.123474121, 458.402526855, 661.380493164, 826.451782227, 217.590194702, 217.531265259, 146.34425354, 327.853881836, 239.616485596, 17.0729389191, 113.677101135, 41.8062057495, 34.0390319824, 27.3964538574, 80.0774078369, 26.0454177856, 12.6988630295, 2.59130358696, 0.279258459806, 0.0218239165843, 0.00148410454858, 5.21647125424e-05, 2.08692790693e-06, 1.51022803152e-08, 5.56683144026e-10], "median": [0.00019644544227, 0.00371256959625, 0.0685092806816, 0.480171382427, 0.673421621323, 3.07678341866, 14.4044933319, 12.7135696411, 13.8112316132, 9.5828332901, 9.76247692108, 8.83497047424, 5.7526512146, 4.67315626144, 5.08283615112, 3.34278249741, 6.90621614456, 6.35365486145, 2.38228702545, 2.20397567749, 1.55269861221, 1.13695442677, 1.15379309654, 0.821975708008, 0.304290354252, 0.253296017647, 0.142171502113, 0.10200112313, 0.0650363564491, 0.0378456190228, 0.0174747854471, 0.00644011003897, 0.00181585468818, 0.00055930193048, 0.000304933986627, 0.000187274534255, 9.86310915323e-05, 3.26051813317e-05, 8.67191920406e-06, 1.18656544146e-05], "min": [1.72322991809e-22, 7.09423041206e-22, 3.41547237008e-21, 3.67721202606e-21, 7.66946354323e-21, 3.93168153993e-20, 7.16365875452e-20, 8.94621875741e-20, 8.41661313905e-20, 2.235132488e-19, 4.64105295707e-19, 3.57834791623e-19, 5.6050678545e-19, 8.74079375141e-19, 5.71318501345e-19, 1.90554723261e-18, 2.09541165297e-18, 1.95564790795e-18, 3.42881666745e-18, 3.7927790321e-18, 6.4247031323e-18, 4.78020479523e-18, 5.58514665702e-18, 6.44636864691e-18, 7.75463957167e-18, 8.96471960823e-18, 9.13788656075e-18, 1.24162680261e-17, 9.33102578916e-18, 9.22587789841e-18, 1.20338558115e-17, 1.08886482416e-17, 1.09045772587e-17, 7.76525726202e-18, 5.6900281956e-18, 4.28939800595e-18, 2.43903943663e-18, 9.78048843706e-19, 2.58810699899e-19, 2.81091287912e-20], "dvar": [9.22721824281e-07, 0.000761102361139, 0.166089966893, 5.44395589828, 16.2135009766, 83.1159286499, 425.596099854, 731.458740234, 1359.12719727, 950.798217773, 1329.96386719, 2083.94873047, 980.962524414, 1077.04431152, 401.130645752, 215.649383545, 224.446838379, 335.240753174, 476.212158203, 125.759399414, 135.078323364, 47.6483421326, 73.9721908569, 83.6363525391, 11.713341713, 61.3109970093, 23.2041549683, 15.5336265564, 19.1245574951, 29.3364830017, 11.7628316879, 7.24057435989, 1.92260348797, 0.185096889734, 0.0171577688307, 0.00127867306583, 4.97156433994e-05, 1.89147431229e-06, 1.56967363552e-08, 1.70904901342e-10], "mean": [0.000896895246115, 0.0180525910109, 0.239732846618, 1.37518179417, 1.70891749859, 8.31769180298, 29.320526123, 37.9092788696, 36.4317092896, 31.7897663116, 47.8240890503, 37.7385635376, 18.1351661682, 24.442440033, 11.6375045776, 10.260099411, 13.119269371, 15.0311975479, 11.2622337341, 7.19048786163, 5.93070888519, 4.9030828476, 8.15692615509, 6.71619701385, 1.73993825912, 3.31571340561, 2.05853772163, 2.06767416, 1.73446130753, 2.25707960129, 1.28971946239, 0.811595380306, 0.29618960619, 0.101778402925, 0.0256176497787, 0.00610425090417, 0.00118261319585, 0.000235718500335, 2.54891801887e-05, 1.94089516299e-05]}, "spectral_contrast_valleys": {"max": [-6.27522706985, -4.22962999344, -4.74307346344, -5.56390762329, -5.83157062531, -8.20195579529], "dmean": [0.403986245394, 0.396975398064, 0.394636303186, 0.402243793011, 0.384801596403, 0.333116889], "dvar2": [0.373228400946, 0.513334810734, 0.568267166615, 0.577781915665, 0.588721036911, 0.493267685175], "dmean2": [0.654003679752, 0.652594327927, 0.642492592335, 0.643347263336, 0.594755649567, 0.511391639709], "var": [3.34712409973, 3.81363654137, 3.33217024803, 2.90729570389, 2.75108480453, 2.01374959946], "median": [-9.28424835205, -7.29577493668, -8.27747344971, -9.23005199432, -9.82597541809, -12.9349021912], "min": [-28.3063831329, -28.0634689331, -27.7832431793, -27.480348587, -27.539358139, -27.3653278351], "dvar": [0.168999493122, 0.230630204082, 0.260969609022, 0.270059496164, 0.280359596014, 0.251239567995], "mean": [-9.42071819305, -7.61412334442, -8.50760173798, -9.36458873749, -9.88308525085, -12.7435626984]}, "average_loudness": 0.631100416183, "erbbands_spread": {"max": 96.6768188477, "dmean": 2.89118480682, "dvar2": 35.8831062317, "dmean2": 4.17888689041, "var": 152.787567139, "median": 19.3997001648, "min": 2.85263752937, "dvar": 17.438369751, "mean": 22.2245197296}, "melbands_flatness_db": {"max": 0.480549842119, "dmean": 0.0198528002948, "dvar2": 0.001335249166, "dmean2": 0.0275854449719, "var": 0.00725770555437, "median": 0.272849023342, "min": 3.40832713164e-07, "dvar": 0.000660105259158, "mean": 0.270141780376}, "barkbands_spread": {"max": 119.32459259, "dmean": 1.66213059425, "dvar2": 15.5793504715, "dmean2": 2.38029456139, "var": 78.7240447998, "median": 7.66768455505, "min": 0.863123178482, "dvar": 7.66614627838, "mean": 10.133808136}, "spectral_decrease": {"max": 3.54436808052e-28, "dmean": 8.7013296568e-10, "dvar2": 1.17132290255e-17, "dmean2": 1.246149961e-09, "var": 2.24468081992e-17, "median": -2.56466226034e-09, "min": -5.20781640034e-08, "dvar": 5.5228210794e-18, "mean": -4.02359523477e-09}, "melbands_crest": {"max": 34.4393234253, "dmean": 1.93583953381, "dvar2": 11.2807474136, "dmean2": 3.00995349884, "var": 25.2495422363, "median": 13.8035335541, "min": 1.00171756744, "dvar": 4.80363559723, "mean": 14.3797969818}, "erbbands_flatness_db": {"max": 0.397707372904, "dmean": 0.014415086247, "dvar2": 0.000652092567179, "dmean2": 0.020056951791, "var": 0.00300775771029, "median": 0.252118885517, "min": 0.0326220318675, "dvar": 0.000327403919073, "mean": 0.247060343623}, "melbands_kurtosis": {"max": 73.9592132568, "dmean": 1.9679980278, "dvar2": 25.1076965332, "dmean2": 3.01799917221, "var": 50.7932662964, "median": 6.85294389725, "min": -1.54392170906, "dvar": 11.0238161087, "mean": 8.13166618347}, "spectral_rms": {"max": 0.0142719876021, "dmean": 0.000407630606787, "dvar2": 1.16342414458e-06, "dmean2": 0.000563420879189, "var": 4.51034884463e-06, "median": 0.00315649388358, "min": 3.14333758675e-12, "dvar": 6.44648821435e-07, "mean": 0.00334986834787}, "melbands_skewness": {"max": 7.81394147873, "dmean": 0.287316352129, "dvar2": 0.317594796419, "dmean2": 0.440177261829, "var": 0.962228655815, "median": 2.04328346252, "min": -1.56861197948, "dvar": 0.140415355563, "mean": 2.01657128334}, "barkbands": {"max": [0.000401001190767, 0.00286015821621, 0.0149801401421, 0.0250682979822, 0.0803700834513, 0.0690647289157, 0.123386859894, 0.0374185070395, 0.0436852164567, 0.0395595021546, 0.0138984033838, 0.00867495406419, 0.0146707110107, 0.011678148061, 0.0122326500714, 0.00629907427356, 0.00562051124871, 0.00725040771067, 0.00226593925618, 0.00516937253997, 0.00352891464718, 0.00455216364935, 0.00542709697038, 0.00271647679619, 0.000688819331117, 0.000112506219011, 2.13795738091e-05], "dmean": [8.73933743151e-07, 2.40387271333e-05, 0.00019310710195, 0.000297769875033, 0.000796901003923, 0.00107045751065, 0.00060338183539, 0.000525126641151, 0.000405825237976, 0.000265244481852, 0.000123600286315, 8.68261631695e-05, 9.27990768105e-05, 9.73837377387e-05, 7.29322637198e-05, 6.04797642154e-05, 4.146005449e-05, 4.62792922917e-05, 2.93012508337e-05, 2.85218229692e-05, 2.0428760763e-05, 2.64605077973e-05, 2.81813245238e-05, 1.73342341441e-05, 3.66278868569e-06, 7.35228411486e-07, 9.3256481648e-08], "dvar2": [1.88760201913e-10, 1.68690235114e-08, 9.12432994937e-07, 2.64366440206e-06, 1.39651219797e-05, 1.88744525076e-05, 1.35387226692e-05, 4.80278049508e-06, 6.1583605202e-06, 2.85777832687e-06, 5.63064929793e-07, 3.03192280171e-07, 3.85323801311e-07, 3.61883508049e-07, 3.01435903793e-07, 1.34829150511e-07, 4.74709125342e-08, 7.93179140146e-08, 2.05498942307e-08, 4.44591705673e-08, 1.92952906986e-08, 4.57432847156e-08, 4.49804069547e-08, 2.1459500843e-08, 1.24635701759e-09, 5.82771816915e-11, 1.35229110895e-12], "dmean2": [1.58823877427e-06, 3.79872180929e-05, 0.000318655831506, 0.000494896317832, 0.00123407144565, 0.00158094335347, 0.000878067803569, 0.000737270980608, 0.000609183101915, 0.000388338667108, 0.000189373327885, 0.000128082945594, 0.00013956426119, 0.000148348612129, 0.000115359711344, 8.75475307112e-05, 5.65854024899e-05, 6.80498560541e-05, 4.21368640673e-05, 4.20764663431e-05, 3.00840256386e-05, 3.88039115933e-05, 4.0431477828e-05, 2.56116163655e-05, 5.48722664462e-06, 1.15040597848e-06, 1.46693864167e-07], "var": [4.09998979212e-11, 1.44238603283e-08, 4.44822802592e-07, 1.08403889953e-06, 1.51342228492e-05, 3.14925709972e-05, 3.48354515154e-05, 1.90618520719e-05, 9.15178134164e-06, 2.76166338153e-06, 4.03596516207e-07, 3.12628941401e-07, 2.33341879152e-07, 2.49478347314e-07, 2.01542235345e-07, 1.07351553424e-07, 1.0443852716e-07, 9.82766366064e-08, 3.01910638711e-08, 3.93299366408e-08, 1.39494238383e-08, 2.61950905411e-08, 6.2384060584e-08, 1.75084551302e-08, 7.98121291279e-10, 2.54130241156e-11, 5.45987788401e-13], "median": [2.12720038917e-07, 6.93104811944e-06, 8.28458869364e-05, 0.000187890822417, 0.00106870650779, 0.00232938444242, 0.000576538033783, 0.000433382723713, 0.000291074684355, 0.000167445919942, 7.07810395397e-05, 5.98657097726e-05, 0.00015068295761, 8.58802741277e-05, 2.60901906586e-05, 3.23354761349e-05, 1.77521287696e-05, 1.70499079104e-05, 8.29731925478e-06, 5.35062463314e-06, 2.69427391686e-06, 1.70706027802e-06, 7.02313059264e-07, 1.84608097697e-07, 4.16817407256e-08, 4.96287135832e-08, 1.65135087826e-08], "min": [9.00670795876e-25, 7.27335907729e-24, 2.52552931338e-24, 1.00327083407e-24, 1.14029252204e-23, 8.94022374774e-24, 8.86371843943e-24, 1.24352743549e-23, 1.92595120419e-23, 1.5639729115e-23, 1.62973314542e-23, 3.66955878786e-23, 4.22344705949e-23, 3.32052728034e-23, 6.41632828363e-23, 1.05709816235e-22, 7.52109264042e-23, 1.0401662412e-22, 1.15003840943e-22, 1.91868667878e-22, 2.73209011961e-22, 2.98684498656e-22, 4.03905517741e-22, 6.00355157693e-22, 7.44954649041e-22, 1.23630260871e-21, 1.93114644016e-21], "dvar": [6.46194556198e-11, 6.71942457231e-09, 3.19940767213e-07, 9.35863226914e-07, 5.46615046915e-06, 8.20147670311e-06, 6.74639704812e-06, 2.67469931714e-06, 2.66043298325e-06, 1.20170921036e-06, 2.31711410947e-07, 1.20704726214e-07, 1.44306937955e-07, 1.46947087387e-07, 1.18014540362e-07, 5.53902097522e-08, 2.45883260419e-08, 3.49162831981e-08, 9.47090583736e-09, 1.98789535943e-08, 8.17455436675e-09, 1.78807333384e-08, 2.21224389918e-08, 1.00456576391e-08, 5.55028301097e-10, 2.37513377022e-11, 5.43133246711e-13], "mean": [9.58455984801e-07, 5.22536684002e-05, 0.00031735788798, 0.000546662427951, 0.00239038816653, 0.00432556588203, 0.00218945345841, 0.00234567909501, 0.00129782722797, 0.000753227621317, 0.000249450939009, 0.000229085853789, 0.000290168012725, 0.000244331429712, 0.000174947315827, 0.000142842429341, 0.000115941744298, 0.000131459863042, 7.109616854e-05, 6.49195717415e-05, 4.09700332966e-05, 5.5069969676e-05, 5.94817538513e-05, 2.98849845422e-05, 5.29788485437e-06, 7.99457438916e-07, 1.07300323293e-07]}, "spectral_kurtosis": {"max": 135.140213013, "dmean": 7.77857685089, "dvar2": 251.207229614, "dmean2": 13.195608139, "var": 406.160797119, "median": 10.876121521, "min": -1.25418305397, "dvar": 96.5242996216, "mean": 18.8494758606}, "erbbands_skewness": {"max": 4.69688749313, "dmean": 0.20297972858, "dvar2": 0.146793723106, "dmean2": 0.30412966013, "var": 0.452292442322, "median": 0.855585277081, "min": -1.32902979851, "dvar": 0.0622712373734, "mean": 0.894103884697}, "melbands": {"max": [0.000556738581508, 0.00471013877541, 0.00974853895605, 0.0198610071093, 0.0101293120533, 0.015977781266, 0.0278172660619, 0.0158691778779, 0.00814841967076, 0.00834402535111, 0.007444543764, 0.0033673311118, 0.0020562747959, 0.00137504166923, 0.00100590405054, 0.00149978569243, 0.0012512546964, 0.00108712003566, 0.000557257037144, 0.00047347455984, 0.000437793991296, 0.000242299051024, 0.000486068282044, 0.000204748153919, 0.000362046033842, 8.46074181027e-05, 0.000115230264782, 0.00024342656252, 0.000188159930985, 5.22384907526e-05, 8.17555555841e-05, 9.20760503504e-05, 5.08970224473e-05, 0.000174972839886, 7.20594107406e-05, 4.78237852803e-05, 4.31566950283e-05, 4.36825248471e-05, 2.48760534305e-05, 1.22466135508e-05], "dmean": [5.12807537234e-06, 5.06157812197e-05, 0.000122706172988, 0.0001174623103, 0.000266987248324, 0.000190988430404, 0.000131210996187, 9.115843568e-05, 8.57491686475e-05, 6.61012963974e-05, 3.12795527861e-05, 3.4992241126e-05, 1.58177335834e-05, 1.15320190162e-05, 8.5947167463e-06, 1.02655276351e-05, 9.66212337516e-06, 7.39620554668e-06, 4.47495494882e-06, 5.01652675666e-06, 2.58116938312e-06, 1.64917128131e-06, 3.00153465105e-06, 2.44229477175e-06, 2.12601912608e-06, 6.89765499828e-07, 6.72811836466e-07, 1.06326513105e-06, 7.46938326301e-07, 3.78044632043e-07, 6.22257402938e-07, 5.68296798065e-07, 4.07250979606e-07, 7.32499529477e-07, 4.35507445218e-07, 3.62195351045e-07, 2.36497413653e-07, 1.34877325308e-07, 7.74030297634e-08, 5.80130681271e-08], "dvar2": [5.43975531286e-10, 6.82442475863e-08, 4.43261995997e-07, 6.13761642398e-07, 8.57104339502e-07, 7.23612288311e-07, 6.38390872609e-07, 1.95402705572e-07, 1.68157598068e-07, 1.98218657488e-07, 5.86788395651e-08, 4.64240414999e-08, 9.82770664848e-09, 3.87697030035e-09, 3.77700004606e-09, 3.46512818439e-09, 3.25440097093e-09, 3.30039662266e-09, 1.13693632287e-09, 8.65624183444e-10, 3.79060643985e-10, 1.32014704723e-10, 2.39330305574e-10, 1.69662200955e-10, 1.38207376099e-10, 1.90069435885e-11, 2.70079653086e-11, 6.57036439144e-11, 3.67267188883e-11, 8.75458126132e-12, 1.58027826935e-11, 2.09540631374e-11, 1.16532885772e-11, 3.03503958077e-11, 1.06336207201e-11, 8.73233516746e-12, 4.16571421455e-12, 2.38309567392e-12, 7.37704710686e-13, 3.29917652442e-13], "dmean2": [8.07323613117e-06, 8.31162396935e-05, 0.00020280078752, 0.000193148924154, 0.000388883025153, 0.000288925279165, 0.000188834252185, 0.000133838650072, 0.000121563614812, 9.78476091404e-05, 4.78050860693e-05, 5.10604113515e-05, 2.37309177464e-05, 1.6542886442e-05, 1.31262831928e-05, 1.51361773533e-05, 1.4715485122e-05, 1.15149859994e-05, 7.19621311873e-06, 7.21519882063e-06, 3.80317055715e-06, 2.36891264649e-06, 4.09104222854e-06, 3.50099435309e-06, 3.10653695124e-06, 1.01810701381e-06, 1.04297441794e-06, 1.552945605e-06, 1.08847120828e-06, 5.72210353766e-07, 8.87005398909e-07, 8.61981504841e-07, 6.20739626811e-07, 1.00841782569e-06, 6.43530484012e-07, 5.35022309123e-07, 3.54226699528e-07, 2.11822310803e-07, 1.21741578596e-07, 8.84938273771e-08], "var": [6.84206857837e-10, 3.59053551335e-08, 1.97661947254e-07, 3.08196604237e-07, 1.66995300788e-06, 1.5034606804e-06, 1.7124095848e-06, 7.08904394742e-07, 5.94244227159e-07, 2.93028222131e-07, 4.78689692329e-08, 5.14129787632e-08, 6.28988061635e-09, 4.19951362574e-09, 2.8385302997e-09, 2.7539979186e-09, 2.32462737948e-09, 2.19644746835e-09, 5.88084803077e-10, 7.65463747943e-10, 2.19568419002e-10, 8.16110304336e-11, 7.44330486135e-10, 4.01949584727e-10, 1.63511662543e-10, 1.35997211756e-11, 1.56538462748e-11, 6.1795776829e-11, 3.06090292002e-11, 4.37739818351e-12, 1.60578980668e-11, 1.26637918901e-11, 5.06700887845e-12, 5.36146856078e-11, 1.20479754645e-11, 5.90434472147e-12, 3.41990021371e-12, 1.28510635293e-12, 4.41802329313e-13, 2.377873831e-13], "median": [1.70316320691e-06, 2.57272586168e-05, 8.42806621222e-05, 8.3964325313e-05, 0.000468655198347, 0.000323054031469, 0.000192306295503, 0.000105864950456, 7.35679204809e-05, 4.83156909468e-05, 2.49835156865e-05, 1.62955911946e-05, 1.31971310111e-05, 1.03424208646e-05, 7.85003248893e-06, 1.6020527255e-05, 9.99580333882e-06, 3.52896745426e-06, 2.0172569748e-06, 2.70139753411e-06, 1.22695973914e-06, 8.63976424625e-07, 1.02246121969e-06, 7.18954652257e-07, 5.64713104723e-07, 2.19118064138e-07, 1.50000772692e-07, 1.5155846711e-07, 8.84386679445e-08, 4.59103155492e-08, 5.64866908803e-08, 3.34088881004e-08, 2.49738523195e-08, 1.69728480159e-08, 1.01429069588e-08, 5.57495294373e-09, 2.80665668484e-09, 1.23842769373e-09, 5.9177707179e-10, 3.96806476566e-10], "min": [2.69818296097e-24, 1.18093818575e-24, 1.5549628775e-24, 1.68534807589e-24, 3.22595812226e-24, 1.87689612546e-24, 1.17192722485e-24, 2.36259936252e-24, 4.23195792203e-24, 1.8425136229e-24, 2.62434439695e-24, 3.30620697e-24, 1.63997338827e-24, 3.89004430646e-24, 4.60425806523e-24, 4.50942909582e-24, 2.83325172516e-24, 4.84798453051e-24, 4.77657092491e-24, 5.375769947e-24, 7.48937838099e-24, 3.63404158778e-24, 4.08368165413e-24, 4.1561621941e-24, 4.00925854418e-24, 5.30028700242e-24, 5.72459516739e-24, 5.0431984167e-24, 3.66996946884e-24, 6.50672432807e-24, 6.80945837792e-24, 4.5107409715e-24, 6.66855125417e-24, 3.96512256539e-24, 6.3639894136e-24, 6.59754746181e-24, 5.50087815897e-24, 7.48057784873e-24, 6.99046409035e-24, 6.16450581776e-24], "dvar": [2.32898977881e-10, 2.42619631052e-08, 1.58804482453e-07, 2.15205304244e-07, 3.95297576006e-07, 3.19269162219e-07, 3.21954132687e-07, 1.08709748758e-07, 8.91572184969e-08, 8.44814280754e-08, 2.42173356924e-08, 1.95195024588e-08, 4.05015976312e-09, 1.63873092873e-09, 1.42725353758e-09, 1.38604427935e-09, 1.31182720242e-09, 1.32292987676e-09, 4.3200240607e-10, 3.64404312281e-10, 1.50444962044e-10, 5.36398078732e-11, 1.39660311094e-10, 8.2898639342e-11, 6.17534287595e-11, 7.70052077659e-12, 1.07831651594e-11, 2.97373653479e-11, 1.65702417065e-11, 3.35497103189e-12, 7.0065225323e-12, 8.23058895344e-12, 4.48454251165e-12, 1.58100303682e-11, 5.04274443383e-12, 3.78621222916e-12, 1.92386015972e-12, 1.03863044467e-12, 3.34203178369e-13, 1.50543111505e-13], "mean": [1.16800920296e-05, 9.18815421755e-05, 0.000236304447753, 0.000271698401775, 0.000932805996854, 0.000815626757685, 0.000530060729943, 0.000365629297448, 0.000370083143935, 0.000218839093577, 8.45446847961e-05, 0.000103016856883, 3.4088800021e-05, 3.08489470626e-05, 2.30093537539e-05, 3.36266712111e-05, 2.60628457909e-05, 1.7242917238e-05, 9.81575158221e-06, 1.22230003399e-05, 5.33054981133e-06, 3.71074156647e-06, 8.55819962453e-06, 7.94795596448e-06, 5.28133250555e-06, 1.47043044763e-06, 1.30416174215e-06, 2.4265762022e-06, 1.63521042396e-06, 6.73594968248e-07, 1.40445285979e-06, 1.13176520244e-06, 6.45182922199e-07, 1.67216228419e-06, 8.14991437892e-07, 5.81354186124e-07, 3.90379938153e-07, 2.0063501438e-07, 1.11536266445e-07, 8.70385221674e-08]}, "spectral_centroid": {"max": 11893.2246094, "dmean": 86.8765716553, "dvar2": 69422.9296875, "dmean2": 126.96006012, "var": 775235.4375, "median": 656.280151367, "min": 221.490005493, "dvar": 40063.4414062, "mean": 862.869995117}, "pitch_salience": {"max": 0.996047914028, "dmean": 0.0444179922342, "dvar2": 0.006524796132, "dmean2": 0.0707526877522, "var": 0.0125390328467, "median": 0.597371637821, "min": 0.0950823798776, "dvar": 0.00265107769519, "mean": 0.592344164848}, "gfcc": {"icov": [[0.000383446284104, -0.00105169753078, 0.000906823319383, -0.000635219155811, 0.001203650143, -0.000682424812112, 0.00118931429461, -0.00072210165672, 0.000852659228258, -0.000342513783835, 0.000280361098703, -0.000182716728887, -0.000106574312667], [-0.00105169753078, 0.00417215237394, -0.00283456780016, 0.0028279311955, -0.00408643018454, 0.00264620315284, -0.00402736803517, 0.00339066400193, -0.00233902735636, 0.00244595552795, -0.000945726700593, 0.00146394106559, 0.000795322936028], [0.000906823319383, -0.00283456780016, 0.00336310686544, -0.00148228148464, 0.00254357070662, -0.00235380744562, 0.00282425037585, -0.00217423727736, 0.00237701786682, -0.00105555704795, 0.000734814966563, -0.000524582341313, -0.000116740011435], [-0.000635219155811, 0.0028279311955, -0.00148228148464, 0.00479489332065, -0.00188912544399, -6.90052820573e-06, -0.00289210351184, 0.00315514882095, -0.00201859255321, 0.00252150767483, 6.16798206465e-05, 0.00184619007632, 0.00165244191885], [0.001203650143, -0.00408643018454, 0.00254357070662, -0.00188912544399, 0.00736638111994, -0.00300452113152, 0.00214130897075, -0.00299674994312, 0.00478320475668, -0.00371378846467, 0.00155905389693, -0.00213250075467, 0.00142362108454], [-0.000682424812112, 0.00264620315284, -0.00235380744562, -6.90052820573e-06, -0.00300452113152, 0.0072756386362, -0.0024206393864, -0.000991088920273, -0.00118819391355, 0.000996524351649, 0.000170135303051, 0.000715626811143, 0.000689514621627], [0.00118931429461, -0.00402736803517, 0.00282425037585, -0.00289210351184, 0.00214130897075, -0.0024206393864, 0.0121911186725, -0.00361442007124, -0.000423987861723, -0.000729608291294, 0.00204967823811, -0.00259814597666, -0.0015297223581], [-0.00072210165672, 0.00339066400193, -0.00217423727736, 0.00315514882095, -0.00299674994312, -0.000991088920273, -0.00361442007124, 0.0107752401382, -0.00290606589988, 0.000674214970786, 0.00276481150649, -0.000185765195056, 0.000108242260467], [0.000852659228258, -0.00233902735636, 0.00237701786682, -0.00201859255321, 0.00478320475668, -0.00118819391355, -0.000423987861723, -0.00290606589988, 0.0143383163959, -0.00303178071044, -0.000730158935767, 0.000781512178946, -0.000735742680263], [-0.000342513783835, 0.00244595552795, -0.00105555704795, 0.00252150767483, -0.00371378846467, 0.000996524351649, -0.000729608291294, 0.000674214970786, -0.00303178071044, 0.0133724426851, -0.00247641233727, -0.000880461826455, 0.00132820603903], [0.000280361098703, -0.000945726700593, 0.000734814966563, 6.16798206465e-05, 0.00155905389693, 0.000170135303051, 0.00204967823811, 0.00276481150649, -0.000730158935767, -0.00247641233727, 0.0151990717277, -0.00281757651828, -0.00169476156589], [-0.000182716728887, 0.00146394106559, -0.000524582341313, 0.00184619007632, -0.00213250075467, 0.000715626811143, -0.00259814597666, -0.000185765195056, 0.000781512178946, -0.000880461826455, -0.00281757651828, 0.0161575954407, -0.00392528623343], [-0.000106574312667, 0.000795322936028, -0.000116740011435, 0.00165244191885, 0.00142362108454, 0.000689514621627, -0.0015297223581, 0.000108242260467, -0.000735742680263, 0.00132820603903, -0.00169476156589, -0.00392528623343, 0.0153158502653]], "cov": [[21629.9355469, 1330.01379395, -3312.85742188, 627.016296387, -2556.28198242, -886.498474121, -922.584289551, -938.208862305, 23.508398056, -715.66998291, 220.615631104, -478.685791016, 145.470611572], [1330.01379395, 2690.80004883, 598.859619141, -692.88482666, 615.228271484, -407.614257812, 145.165649414, -303.070831299, -147.745895386, -71.154838562, 64.670463562, -13.6421098709, -70.6142578125], [-3312.85742188, 598.859619141, 1400.40783691, -219.079681396, 601.420166016, 216.905395508, 142.773712158, 157.172073364, -108.133140564, 81.6619644165, -71.6644210815, 51.1946868896, -79.4429931641], [627.016296387, -692.88482666, -219.079681396, 612.182800293, -268.734161377, 147.445587158, -34.6495132446, -6.78436756134, 56.596660614, -74.1475296021, -41.1170349121, -75.3894882202, -27.1696357727], [-2556.28198242, 615.228271484, 601.420166016, -268.734161377, 865.848205566, 130.164855957, 182.02444458, 126.621040344, -116.467651367, 131.55355835, -58.1809387207, 86.4619369507, -86.4951248169], [-886.498474121, -407.614257812, 216.905395508, 147.445587158, 130.164855957, 364.527099609, 48.601398468, 170.993682861, -4.83761358261, 33.6677284241, -71.8294677734, 9.49421787262, -32.7878799438], [-922.584289551, 145.165649414, 142.773712158, -34.6495132446, 182.02444458, 48.601398468, 185.733947754, 57.9478492737, 11.8778095245, 22.3493652344, -26.0517692566, 32.0210342407, -6.14104032516], [-938.208862305, -303.070831299, 157.172073364, -6.78436756134, 126.621040344, 170.993682861, 57.9478492737, 244.924667358, 8.18660640717, 51.5825157166, -62.012260437, 34.0235557556, -6.49350976944], [23.508398056, -147.745895386, -108.133140564, 56.596660614, -116.467651367, -4.83761358261, 11.8778095245, 8.18660640717, 112.886375427, 1.87518453598, 10.2850418091, -8.8634595871, 17.2039890289], [-715.66998291, -71.154838562, 81.6619644165, -74.1475296021, 131.55355835, 33.6677284241, 22.3493652344, 51.5825157166, 1.87518453598, 126.939857483, 5.67798995972, 35.9906463623, -5.60473966599], [220.615631104, 64.670463562, -71.6644210815, -41.1170349121, -58.1809387207, -71.8294677734, -26.0517692566, -62.012260437, 10.2850418091, 5.67798995972, 97.0298233032, 11.7559337616, 22.2961406708], [-478.685791016, -13.6421098709, 51.1946868896, -75.3894882202, 86.4619369507, 9.49421787262, 32.0210342407, 34.0235557556, -8.8634595871, 35.9906463623, 11.7559337616, 94.387550354, 22.3396034241], [145.470611572, -70.6142578125, -79.4429931641, -27.1696357727, -86.4951248169, -32.7878799438, -6.14104032516, -6.49350976944, 17.2039890289, -5.60473966599, 22.2961406708, 22.3396034241, 90.7502593994]], "mean": [-133.128067017, 135.752761841, -143.056335449, -7.16214132309, -71.8585510254, -17.4765415192, -41.2196273804, -15.0954771042, -17.1360282898, -7.5981297493, -10.4003047943, -3.98455858231, -11.6745424271]}, "spectral_flux": {"max": 0.360250502825, "dmean": 0.0165364276618, "dvar2": 0.00183126993943, "dmean2": 0.0259897150099, "var": 0.00127452658489, "median": 0.0190082676709, "min": 6.50089287957e-11, "dvar": 0.000853435893077, "mean": 0.0298645701259}, "zerocrossingrate": {"max": 0.525390625, "dmean": 0.00426343688741, "dvar2": 5.48972857359e-05, "dmean2": 0.00511491904035, "var": 0.00218514865264, "median": 0.03125, "min": 0, "dvar": 5.50928962184e-05, "mean": 0.0416515693069}, "spectral_energyband_middle_low": {"max": 0.184253633022, "dmean": 0.00278450455517, "dvar2": 0.000113534595584, "dmean2": 0.00400071777403, "var": 0.000259983877186, "median": 0.00839157123119, "min": 1.57219132752e-22, "dvar": 5.4903117416e-05, "mean": 0.0132506424561}, "silence_rate_20dB": {"max": 1, "dmean": 0, "dvar2": 0, "dmean2": 0, "var": 0, "median": 1, "min": 1, "dvar": 0, "mean": 1}, "silence_rate_30dB": {"max": 1, "dmean": 0.00450958264992, "dvar2": 0.0108719654381, "dmean2": 0.00902061816305, "var": 0.00512654939666, "median": 1, "min": 0, "dvar": 0.00448948238045, "mean": 0.994846999645}, "spectral_entropy": {"max": 9.82121276855, "dmean": 0.182813674212, "dvar2": 0.145175516605, "dmean2": 0.273874998093, "var": 0.424149394035, "median": 6.4713306427, "min": 5.00032758713, "dvar": 0.0638993084431, "mean": 6.56822729111}, "spectral_rolloff": {"max": 19702.8808594, "dmean": 135.660247803, "dvar2": 211294.390625, "dmean2": 219.371871948, "var": 3050624.25, "median": 732.12890625, "min": 21.533203125, "dvar": 135831.640625, "mean": 1102.02490234}, "spectral_co