{"tonal": {"chords_number_rate": 0.000971143192146, "thpcp": [1, 0.679409563541, 0.144737526774, 0.0401219278574, 0.0491468310356, 0.125179186463, 0.175888940692, 0.115052998066, 0.0521967634559, 0.0398425087333, 0.0930655226111, 0.305734038353, 0.404155731201, 0.280205845833, 0.477655947208, 0.647533118725, 0.322446793318, 0.0600852407515, 0.038183093071, 0.0756615549326, 0.26411691308, 0.404871255159, 0.227575793862, 0.0517309047282, 0.0351428128779, 0.0445697009563, 0.167114704847, 0.252846866846, 0.141415566206, 0.0789913907647, 0.0927252396941, 0.0556420348585, 0.0621191225946, 0.106891393661, 0.122619397938, 0.505934655666], "hpcp": {"dvar": [0.0274378675967, 0.0165214315057, 0.00681786937639, 0.00432540103793, 0.00482512358576, 0.0111631825566, 0.0178471729159, 0.00849891919643, 0.00495480699465, 0.00617893086746, 0.00378224020824, 0.00376236042939, 0.0101406844333, 0.0145616848022, 0.0271786805242, 0.0364999100566, 0.0306764356792, 0.0166532490402, 0.00822904706001, 0.0106298848987, 0.0165156088769, 0.0154796754941, 0.0113815069199, 0.011457439512, 0.00926241185516, 0.0130471345037, 0.0244639962912, 0.0269475392997, 0.0257718209177, 0.0351584926248, 0.0377924963832, 0.0255514103919, 0.0120310056955, 0.00962298735976, 0.016761533916, 0.0239028371871], "mean": [0.223820596933, 0.125808268785, 0.028597837314, 0.0194276217371, 0.024638986215, 0.0923842191696, 0.139778599143, 0.0781772360206, 0.0436679571867, 0.0512602925301, 0.0307599846274, 0.0343406423926, 0.0590916126966, 0.0677863582969, 0.279690384865, 0.55281919241, 0.375590652227, 0.0800136849284, 0.0221801716834, 0.0271693114191, 0.0692014545202, 0.0972347781062, 0.0636035054922, 0.0288553722203, 0.0220257043839, 0.0514484085143, 0.169015645981, 0.223425045609, 0.154903173447, 0.26405736804, 0.357968747616, 0.178254783154, 0.0332162752748, 0.0211083460599, 0.0418271608651, 0.146008893847], "min": [0, 0, 0, 0, 0, 0, 0, 0, 0, 0, 0, 0, 0, 0, 0, 0, 0, 0, 0, 0, 0, 0, 0, 0, 0, 0, 0, 0, 0, 0, 0, 0, 0, 0, 0, 0], "median": [0.101869180799, 0.0582041591406, 0.00716195814312, 0.00371131417342, 0.00675017526373, 0.0266645997763, 0.0389076247811, 0.0267753433436, 0.013537382707, 0.0102267405018, 0.00463153980672, 0.00948783569038, 0.0123158320785, 0.0224093664438, 0.210031911731, 0.531315326691, 0.309830605984, 0.025942645967, 0.00411761784926, 0.00451081385836, 0.018309764564, 0.0307180155069, 0.0183071121573, 0.00367685756646, 0.0024970266968, 0.00575753394514, 0.0414576306939, 0.066149443388, 0.0698703229427, 0.0814138799906, 0.0777782127261, 0.0344981625676, 0.00435703340918, 0.00232407893054, 0.00501740910113, 0.0514646619558], "dvar2": [0.0596006736159, 0.0439723432064, 0.0200344901532, 0.0124315414578, 0.0131648844108, 0.0277225617319, 0.0396828986704, 0.0211393237114, 0.0126689197496, 0.0140633564442, 0.00944332312793, 0.00979178026319, 0.0257963910699, 0.0396708399057, 0.0716053396463, 0.080890506506, 0.0792316272855, 0.0450461171567, 0.0234095361084, 0.0300729013979, 0.043312702328, 0.0375990308821, 0.031642831862, 0.0322285965085, 0.0258638802916, 0.0347265675664, 0.0610349886119, 0.064332023263, 0.0709518715739, 0.0902288630605, 0.0873845368624, 0.0693324282765, 0.0340570248663, 0.0288030728698, 0.0493668019772, 0.0617937371135], "var": [0.0807550475001, 0.0283702127635, 0.00531000737101, 0.00401506992057, 0.00478292023763, 0.0246128905565, 0.0522867776453, 0.0169440880418, 0.00802971050143, 0.0208106376231, 0.00922798085958, 0.00522887567058, 0.0164753366262, 0.0158104207367, 0.0622729845345, 0.149975642562, 0.0975091457367, 0.0191390346736, 0.00575332436711, 0.00867842789739, 0.0233709197491, 0.0323641076684, 0.0209486596286, 0.0126657169312, 0.00794253032655, 0.017237143591, 0.0700277090073, 0.0977559536695, 0.0423837341368, 0.103584207594, 0.175716966391, 0.0623625479639, 0.00972112827003, 0.00622822297737, 0.0146253528073, 0.0482373535633], "dmean2": [0.174065127969, 0.131242617965, 0.0541882403195, 0.0371737293899, 0.0436953604221, 0.0943090394139, 0.119214951992, 0.0784040465951, 0.0528407841921, 0.0481336712837, 0.034529786557, 0.0434948205948, 0.0742888227105, 0.108980312943, 0.229823559523, 0.228657007217, 0.244823247194, 0.123831741512, 0.0505148209631, 0.0563796721399, 0.08901925385, 0.0980771034956, 0.0737362205982, 0.0533279702067, 0.0471041239798, 0.0820563435555, 0.150740578771, 0.171372592449, 0.19391232729, 0.215419977903, 0.176604822278, 0.163165345788, 0.0718207508326, 0.0542479641736, 0.0882769748569, 0.148872032762], "max": [1, 1, 1, 1, 1, 1, 1, 1, 1, 1, 1, 1, 1, 1, 1, 1, 1, 1, 1, 1, 1, 1, 1, 1, 1, 1, 1, 1, 1, 1, 1, 1, 1, 1, 1, 1], "dmean": [0.109986767173, 0.0797131359577, 0.0304963216186, 0.0206991415471, 0.0247310902923, 0.0589163936675, 0.0765387639403, 0.0492492094636, 0.0316413119435, 0.0298582427204, 0.0207665655762, 0.0260326340795, 0.0444107502699, 0.0628387480974, 0.14153675735, 0.143418252468, 0.149488329887, 0.0719696059823, 0.0277472417802, 0.0312391985208, 0.0524129867554, 0.0600868798792, 0.0431316271424, 0.029770212248, 0.0261617917567, 0.0474574007094, 0.0916281342506, 0.103726170957, 0.113201849163, 0.128360196948, 0.105053856969, 0.097964271903, 0.0398945063353, 0.0291251428425, 0.0488013625145, 0.0908425077796]}, "key_strength": 0.888245165348, "chords_strength": {"dvar": 0.000325630942825, "mean": 0.504611253738, "min": -1, "median": 0.502020478249, "dvar2": 0.000519258668646, "var": 0.00551497004926, "dmean2": 0.00605589477345, "max": 0.744976043701, "dmean": 0.00700779119506}, "tuning_equal_tempered_deviation": 0.00228544953279, "chords_key": "D", "tuning_frequency": 442.293365479, "chords_scale": "major", "chords_changes_rate": 0.0378745831549, "key_scale": "major", "tuning_diatonic_strength": 0.672610878944, "hpcp_entropy": {"dvar": 0.213304519653, "mean": 1.71975123882, "min": 0, "median": 1.7604341507, "dvar2": 0.559595525265, "var": 0.488726109266, "dmean2": 0.878524839878, "max": 3.81482958794, "dmean": 0.52806943655}, "chords_histogram": [38.2769126892, 7.0338511467, 41.0238609314, 4.55049943924, 0.568812429905, 0, 0.360710322857, 0, 0, 0, 0.860155403614, 0.249722525477, 0.0971143171191, 0.124861262739, 0, 2.05327415466, 0, 0.499445050955, 0.166481688619, 1.37347388268, 0.152608215809, 0, 1.970033288, 0.638179779053], "tuning_nontempered_energy_ratio": 0.656457781792, "key_key": "G"}, "metadata": {"version": {"extractor": "music 1.0", "essentia_build_sha": "70f2e5ece6736b2c40cc944ad0e695b16b925413", "essentia": "2.1-beta2", "essentia_git_sha": "v2.1_beta2"}, "audio_properties": {"sample_rate": 44100, "length": 334.68081665, "lossless": false, "analysis_sample_rate": 44100, "downmix": "mix", "bit_rate": 192015, "equal_loudness": 0, "md5_encoded": "731590c8adddb2991ad0212c500d1328", "codec": "mp3", "replay_gain": -6.77650642395}, "tags": {"genre": ["Psyco-pop"], "albumartist": ["Spacemen 3"], "date": ["2004"], "musicbrainz_recordingid": ["edbac80b-e059-49a0-9acd-5a58c50ebdcf"], "file_name": "163097.mp3", "title": ["Drive / Feel so Sad"], "tracknumber": ["14"], "album": ["Recurring"], "artist": ["Spacemen 3"]}}, "lowlevel": {"melbands": {"dvar": [1.92029876445e-08, 3.89136204149e-07, 6.93339359259e-07, 5.99650888944e-07, 2.64914319814e-07, 1.60129252436e-06, 6.3266924144e-07, 7.09893086537e-08, 8.90902001061e-08, 5.12283548915e-09, 1.10447384571e-08, 1.90313942383e-09, 4.88290130551e-10, 1.6857581997e-09, 4.79489004057e-10, 1.71896094581e-10, 2.11237971559e-10, 8.24084758766e-11, 8.57901596985e-11, 1.72291042544e-10, 1.59376678521e-10, 6.29544610886e-11, 1.56783031002e-10, 1.59940827943e-11, 5.82458256973e-12, 7.1429446559e-12, 9.12051077023e-12, 1.92689917841e-12, 1.27573440093e-12, 3.20114187978e-13, 2.19011129219e-13, 1.05714644937e-13, 4.69305279046e-14, 5.08716773405e-14, 4.66470429178e-14, 4.84595138539e-14, 4.57136837607e-14, 2.70970058051e-14, 8.99891614811e-15, 3.21113536084e-15], "mean": [0.000169858321897, 0.000723572389688, 0.00128853286151, 0.000818596454337, 0.000884434266482, 0.00113530468661, 0.00075121212285, 0.000263507041382, 0.000201989969355, 6.88762302161e-05, 5.647346552e-05, 4.50065308542e-05, 2.13369276025e-05, 4.40743860963e-05, 2.53203234024e-05, 1.46669208334e-05, 1.48733706737e-05, 8.39871336211e-06, 9.47516036831e-06, 1.20867889564e-05, 8.93386277312e-06, 7.08869220034e-06, 1.00157531051e-05, 3.83458382203e-06, 2.55208101407e-06, 2.07744074032e-06, 2.02114733838e-06, 1.0579078662e-06, 7.78033665938e-07, 4.75440174341e-07, 4.05456972885e-07, 2.64405713324e-07, 1.738855957e-07, 1.65025738852e-07, 1.4533138426e-07, 1.35710820359e-07, 1.24633260157e-07, 9.62815107641e-08, 6.44584545739e-08, 4.64839366998e-08], "min": [1.91701739388e-24, 9.74441517858e-25, 1.55084906649e-24, 9.25277339662e-25, 2.3514004959e-24, 9.71626566325e-25, 2.68358173726e-24, 1.2950987833e-24, 1.53169138219e-24, 1.93452320344e-24, 2.96412749643e-24, 2.23560616742e-24, 3.27904175587e-24, 3.11540814108e-24, 3.65116460259e-24, 3.08990584574e-24, 4.52233762124e-24, 3.89016026901e-24, 2.62982441644e-24, 3.21495706251e-24, 4.61202913401e-24, 4.56897941669e-24, 4.05829847678e-24, 4.71000684173e-24, 4.94038578049e-24, 4.25920438883e-24, 4.91442121266e-24, 5.10599095589e-24, 6.03669536276e-24, 4.16581903487e-24, 6.32833447841e-24, 5.88598703669e-24, 6.98144662134e-24, 5.9280715827e-24, 5.15838236405e-24, 6.06730513804e-24, 6.12754216233e-24, 6.40765010369e-24, 6.01202255466e-24, 7.02894314758e-24], "median": [4.42117379862e-05, 0.000303547305521, 0.00076298363274, 0.000430823070928, 0.000455665052868, 0.000463531177957, 0.000335442367941, 0.000108229462057, 7.0972731919e-05, 2.75503680314e-05, 1.56175228767e-05, 1.61422576639e-05, 8.91459785635e-06, 1.79782855412e-05, 9.55867926677e-06, 4.53171151094e-06, 5.6319900068e-06, 3.33558364218e-06, 3.974577794e-06, 4.39851146439e-06, 3.2195591757e-06, 2.34948697653e-06, 3.18708407576e-06, 1.54811164066e-06, 1.01546595488e-06, 7.49006119349e-07, 7.80194227445e-07, 3.4024108686e-07, 2.18083599179e-07, 1.23213126813e-07, 9.92139135292e-08, 5.72084530859e-08, 4.15946743715e-08, 5.47972582865e-08, 3.80432290115e-08, 2.55651411152e-08, 2.4002133614e-08, 1.56711355004e-08, 1.14415676933e-08, 1.43768028593e-08], "dvar2": [4.77569130908e-08, 1.11156407456e-06, 1.78232824055e-06, 1.79003006906e-06, 4.63202809442e-07, 3.46910314875e-06, 1.4855943391e-06, 1.62629874012e-07, 1.9580836863e-07, 1.20093339717e-08, 2.48398848157e-08, 4.75205963468e-09, 1.14828413444e-09, 3.80596709704e-09, 1.20281418159e-09, 3.79358960911e-10, 4.94229435155e-10, 2.04274416826e-10, 2.00545788309e-10, 4.39173863942e-10, 4.47101827783e-10, 1.39977904268e-10, 3.55106971606e-10, 3.78016645763e-11, 1.33842789282e-11, 1.62844165236e-11, 2.16687744137e-11, 4.43816554688e-12, 3.053834529e-12, 7.26417136079e-13, 5.38708671855e-13, 2.62560535379e-13, 1.18319064399e-13, 1.19755849117e-13, 9.37957326283e-14, 9.76003539056e-14, 9.9161347536e-14, 5.70709590155e-14, 1.79714946538e-14, 6.11526447699e-15], "var": [9.58737800261e-08, 1.35716675231e-06, 2.50083007813e-06, 1.23331608393e-06, 1.55129112045e-06, 5.49646210857e-06, 1.72409784227e-06, 2.21323304572e-07, 2.40491687009e-07, 1.66986389161e-08, 2.51689566966e-08, 6.1051377287e-09, 1.3206008509e-09, 6.21587981087e-09, 1.73948255799e-09, 8.0217077425e-10, 6.47025655276e-10, 3.52370049805e-10, 2.88524176772e-10, 4.21464391165e-10, 3.10084985466e-10, 1.9808112095e-10, 4.07848921302e-10, 4.33124543175e-11, 1.80823914869e-11, 1.66571843124e-11, 1.68534231709e-11, 5.08164864355e-12, 3.40141565087e-12, 1.23843340097e-12, 7.91027887723e-13, 3.80470747139e-13, 2.30490783794e-13, 2.94760011755e-13, 3.02349454067e-13, 3.23716151541e-13, 2.79590288638e-13, 1.4369087246e-13, 5.34128371686e-14, 1.47683870477e-14], "dmean2": [0.000103827384009, 0.000585031462833, 0.000877796614077, 0.000690848624799, 0.000415597605752, 0.000844023248646, 0.000531362951733, 0.000187918398296, 0.000153246452101, 4.94348169013e-05, 4.68821745017e-05, 3.28658170474e-05, 1.60853014677e-05, 3.01552772726e-05, 1.70829043782e-05, 9.18047771847e-06, 1.09213870019e-05, 6.24685208095e-06, 6.61509830024e-06, 9.92558034341e-06, 7.89826481196e-06, 5.06864444105e-06, 8.1927910287e-06, 2.87456396109e-06, 1.73389196334e-06, 1.59222963703e-06, 1.56276610142e-06, 7.68741927004e-07, 5.6505939483e-07, 3.21708625961e-07, 2.63995985961e-07, 1.77141757263e-07, 1.06489935092e-07, 9.25635532667e-08, 8.51422896631e-08, 7.75235662331e-08, 6.87727279569e-08, 5.41450297931e-08, 3.44656356788e-08, 2.97523303772e-08], "max": [0.00398210249841, 0.0157770235091, 0.0173410139978, 0.0133137637749, 0.0229951646179, 0.0404530614614, 0.0351478867233, 0.0111096370965, 0.0133611615747, 0.00257007777691, 0.00545153906569, 0.0016753700329, 0.000610009825323, 0.00128209299874, 0.000562646717299, 0.000417271745391, 0.000430873653386, 0.000441731594037, 0.000339856022038, 0.000268490286544, 0.000296027952572, 0.000385784718674, 0.000561432738323, 0.000145464844536, 8.47803821671e-05, 9.35371936066e-05, 8.3338112745e-05, 5.92757096456e-05, 5.73338074901e-05, 3.39930338669e-05, 2.30335972446e-05, 1.42142571349e-05, 1.09478778541e-05, 1.27843368318e-05, 1.38316790981e-05, 1.41845248436e-05, 1.16417950267e-05, 9.8876780612e-06, 4.91883474751e-06, 2.98422196465e-06], "dmean": [6.26989931334e-05, 0.000348318135366, 0.000557358900551, 0.000417509145336, 0.00031501610647, 0.000556031765882, 0.000350434391294, 0.00012269061699, 0.000104376435047, 3.26057270286e-05, 3.00144602079e-05, 2.13225157495e-05, 1.02420508483e-05, 1.97504814423e-05, 1.10142455014e-05, 6.09598828305e-06, 7.04835065335e-06, 3.97485791837e-06, 4.27144914283e-06, 6.13752717982e-06, 4.80812695969e-06, 3.23253721035e-06, 5.17492662766e-06, 1.77717868155e-06, 1.09420625449e-06, 1.00157672023e-06, 1.00505405953e-06, 4.83589417399e-07, 3.58957066737e-07, 2.06122820146e-07, 1.69059049426e-07, 1.12621918902e-07, 6.71140014674e-08, 6.04922689718e-08, 5.56641026606e-08, 5.22828855765e-08, 4.64757725638e-08, 3.73011062038e-08, 2.40502853188e-08, 2.08734380891e-08]}, "spectral_decrease": {"dvar": 4.61065965303e-18, "mean": -5.56013723951e-09, "min": -6.88885251066e-08, "median": -4.30229274428e-09, "dvar2": 1.05876769214e-17, "var": 2.62084649744e-17, "dmean2": 2.24693530448e-09, "max": 1.80277751581e-22, "dmean": 1.47622369884e-09}, "spectral_rolloff": {"dvar": 105028.171875, "mean": 690.809020996, "min": 21.533203125, "median": 495.263671875, "dvar2": 250661.4375, "var": 1510076.75, "dmean2": 222.131286621, "max": 19595.2148438, "dmean": 129.951705933}, "melbands_crest": {"dvar": 6.17316007614, "mean": 14.2851924896, "min": 1.53094911575, "median": 13.4415798187, "dvar2": 16.7631874084, "var": 22.3342247009, "dmean2": 4.50334692001, "max": 32.164100647, "dmean": 2.78819203377}, "barkbands_skewness": {"dvar": 0.159580215812, "mean": 2.22609853745, "min": -2.38299322128, "median": 2.16140222549, "dvar2": 0.394942045212, "var": 0.853423058987, "dmean2": 0.650582969189, "max": 9.4445438385, "dmean": 0.418375074863}, "spectral_centroid": {"dvar": 20961.2792969, "mean": 671.073974609, "min": 203.785995483, "median": 557.547973633, "dvar2": 45307.9804688, "var": 489791.25, "dmean2": 146.455383301, "max": 11490.5, "dmean": 94.7919616699}, "spectral_energyband_middle_low": {"dvar": 6.21480139671e-05, "mean": 0.0173612888902, "min": 1.20601736766e-22, "median": 0.0125473905355, "dvar2": 0.00014240067685, "var": 0.000315602781484, "dmean2": 0.0077068367973, "max": 0.263732075691, "dmean": 0.0051352228038}, "erbbands_crest": {"dvar": 4.07462978363, "mean": 10.2980108261, "min": 2.31281900406, "median": 9.43013954163, "dvar2": 9.77954006195, "var": 17.4146156311, "dmean2": 3.43578886986, "max": 29.1126174927, "dmean": 2.21628904343}, "dynamic_complexity": 4.1345205307, "spectral_energyband_low": {"dvar": 6.87030114932e-06, "mean": 0.00434678513557, "min": 1.73184314322e-23, "median": 0.00238877162337, "dvar2": 1.87244950212e-05, "var": 3.06279034703e-05, "dmean2": 0.00294047314674, "max": 0.0620145276189, "dmean": 0.00179766432848}, "silence_rate_60dB": {"dvar": 0.0174479112029, "mean": 0.114880330861, "min": 0, "median": 0, "dvar2": 0.0407846085727, "var": 0.101675927639, "dmean2": 0.0355234853923, "max": 1, "dmean": 0.0177605114877}, "erbbands_kurtosis": {"dvar": 4.26003503799, "mean": 1.8998285532, "min": -1.85563564301, "median": 0.681370258331, "dvar2": 9.39354419708, "var": 18.5850830078, "dmean2": 1.99543893337, "max": 88.9879379272, "dmean": 1.30285012722}, "spectral_complexity": {"dvar": 3.03281712532, "mean": 12.2953863144, "min": 0, "median": 11, "dvar2": 6.57449197769, "var": 41.8256416321, "dmean2": 2.77471733093, "max": 38, "dmean": 1.73872625828}, "barkbands_crest": {"dvar": 3.78919053078, "mean": 10.3803777695, "min": 2.25509142876, "median": 9.71726322174, "dvar2": 10.6411132812, "var": 11.9696836472, "dmean2": 3.48042297363, "max": 25.7501888275, "dmean": 2.12352895737}, "spectral_energy": {"dvar": 7.02187753632e-05, "mean": 0.0218275748193, "min": 9.95694186216e-21, "median": 0.0168812014163, "dvar2": 0.000160721188877, "var": 0.000404264050303, "dmean2": 0.00872556585819, "max": 0.270334005356, "dmean": 0.00574067002162}, "spectral_spread": {"dvar": 244502102016, "mean": 3270971.75, "min": 1218844.75, "median": 2977573, "dvar2": 479025922048, "var": 5924469080060.0, "dmean2": 443863.96875, "max": 42167076, "dmean": 308779.21875}, "spectral_contrast_valleys": {"dvar": [0.107567600906, 0.0656710788608, 0.0573998093605, 0.0431932732463, 0.0479313991964, 0.041862141341], "mean": [-8.00056934357, -6.68245315552, -7.88459968567, -8.42982578278, -8.68797016144, -11.5530195236], "min": [-28.0773048401, -27.6729640961, -27.7360191345, -27.6315002441, -27.516242981, -27.4102191925], "median": [-7.74571275711, -6.44401264191, -7.69127464294, -8.23806190491, -8.55434131622, -11.3984031677], "dvar2": [0.282006859779, 0.154252305627, 0.134405240417, 0.0944074317813, 0.094896376133, 0.0622136630118], "var": [2.5125541687, 2.44118380547, 2.15559458733, 2.11590862274, 2.1559844017, 1.93667435646], "dmean2": [0.629856705666, 0.480120033026, 0.435824602842, 0.354887872934, 0.296148210764, 0.239408671856], "max": [-5.5491361618, -4.54643774033, -5.94771051407, -6.48054981232, -6.4451212883, -8.46710681915], "dmean": [0.374314367771, 0.293526828289, 0.263647288084, 0.218391880393, 0.190033495426, 0.188725218177]}, "spectral_rms": {"dvar": 3.48824698904e-07, "mean": 0.00415402185172, "min": 3.1167434085e-12, "median": 0.00405825860798, "dvar2": 8.22578897441e-07, "var": 4.03929243475e-06, "dmean2": 0.00082659360487, "max": 0.0162400882691, "dmean": 0.000547557254322}, "barkbands_spread": {"dvar": 5.45818090439, "mean": 8.99177360535, "min": 0.742571592331, "median": 7.2008895874, "dvar2": 12.4105768204, "var": 45.318901062, "dmean2": 2.98389196396, "max": 81.2729873657, "dmean": 1.94183337688}, "pitch_salience": {"dvar": 0.00270095840096, "mean": 0.611140727997, "min": 0.113875590265, "median": 0.624678015709, "dvar2": 0.00706945406273, "var": 0.010611298494, "dmean2": 0.0963536500931, "max": 0.944227933884, "dmean": 0.0595774389803}, "erbbands_skewness": {"dvar": 0.0913434624672, "mean": 1.13856315613, "min": -2.17471385002, "median": 1.09500288963, "dvar2": 0.216042384505, "var": 0.6822514534, "dmean2": 0.497870326042, "max": 6.73580741882, "dmean": 0.32671174407}, "spectral_energyband_middle_high": {"dvar": 5.8295506733e-07, "mean": 0.00172319961712, "min": 1.30304513854e-21, "median": 0.000979052856565, "dvar2": 1.22668177482e-06, "var": 4.16307602791e-06, "dmean2": 0.000617880257778, "max": 0.02148928307, "dmean": 0.000419605989009}, "erbbands": {"dvar": [7.29191524442e-05, 0.0494166240096, 2.65931224823, 21.5105457306, 118.83052063, 78.4898529053, 335.256896973, 3341.93164062, 3340.03710938, 638.214355469, 1459.89770508, 135.558578491, 444.143798828, 99.0984954834, 46.1625518799, 185.461410522, 66.1066818237, 52.2169837952, 36.9589195251, 36.6507911682, 104.946495056, 74.2436981201, 29.7545108795, 8.27435207367, 13.0775461197, 5.4304022789, 2.01755094528, 0.511515915394, 0.192335814238, 0.132246881723, 0.119711115956, 0.102911680937, 0.0339770391583, 0.0048816986382, 0.00109639950097, 0.000311643641908, 9.20339662116e-05, 4.78036326967e-06, 1.75188059615e-08, 9.3164587156e-11], "mean": [0.0097695980221, 0.275424450636, 1.73456275463, 6.79656982422, 11.8906002045, 10.8410387039, 30.7576065063, 49.0003242493, 51.5760192871, 26.3829460144, 26.6696834564, 12.3706455231, 11.6531381607, 11.0047025681, 7.87822198868, 15.0055055618, 8.32559585571, 8.08511638641, 6.10294008255, 7.37619924545, 8.51842880249, 8.24617290497, 6.13929033279, 3.37429785728, 2.94771289825, 1.89725315571, 1.11927139759, 0.71871483326, 0.431388646364, 0.303642332554, 0.248890772462, 0.211365297437, 0.128192171454, 0.0603828467429, 0.0339675657451, 0.0144082074985, 0.00552444020286, 0.00128746242262, 7.11710526957e-05, 2.58256623056e-05], "min": [1.08731147191e-22, 8.35224721867e-22, 1.62339132852e-21, 6.55741856826e-21, 1.58048365665e-20, 1.312876996e-20, 5.26179798156e-20, 5.64125804028e-20, 1.85238981471e-19, 1.72107437548e-19, 2.09267621839e-19, 2.87614576394e-19, 6.9705522773e-19, 7.38832811747e-19, 1.35076546758e-18, 1.29832376771e-18, 1.7064819789e-18, 2.51225195188e-18, 2.757028964e-18, 3.40276854316e-18, 4.09522025229e-18, 4.89295985248e-18, 5.13936330848e-18, 7.08899740658e-18, 6.35617039137e-18, 9.35830786012e-18, 9.85558402897e-18, 1.11858682978e-17, 1.26206643555e-17, 1.30320320274e-17, 1.07124943399e-17, 1.19247573061e-17, 1.08612230684e-17, 9.3078093109e-18, 6.06555454522e-18, 4.57509254105e-18, 2.29720649931e-18, 9.44465931221e-19, 2.58737080824e-19, 2.82936902342e-20], "median": [0.00283692404628, 0.073724552989, 0.730387449265, 3.44766116142, 6.06385326385, 6.27248668671, 15.1098928452, 18.5733528137, 22.3082275391, 11.3462152481, 9.23053741455, 5.30623912811, 3.51210141182, 4.16446256638, 3.65332198143, 6.75467348099, 2.61360955238, 3.26480746269, 2.62484359741, 3.36669850349, 3.40260839462, 2.7901391983, 2.58054852486, 1.425989151, 1.14789557457, 0.724442183971, 0.337417751551, 0.19190004468, 0.102582275867, 0.096576474607, 0.0624255016446, 0.0414823964238, 0.0220678355545, 0.016862237826, 0.0129929827526, 0.00597762921825, 0.00175830547232, 0.000482803763589, 2.85573460133e-05, 2.02282517421e-05], "dvar2": [0.00017978179676, 0.127008333802, 7.76597070694, 55.4508552551, 323.025146484, 234.649978638, 572.062988281, 7070.30224609, 7795.37939453, 1449.04248047, 3202.19702148, 302.803619385, 995.764282227, 245.097549438, 106.481292725, 467.191864014, 140.466400146, 122.254928589, 88.5074386597, 84.8367538452, 290.573730469, 165.140838623, 68.2841262817, 18.695646286, 30.0250377655, 12.4400348663, 4.65359592438, 1.15062069893, 0.45524379611, 0.297768622637, 0.224660769105, 0.206553012133, 0.062793135643, 0.0083574661985, 0.00221813516691, 0.000639230944216, 0.000184509466635, 9.74034537649e-06, 3.56556881798e-08, 2.08264433477e-10], "var": [0.00032728278893, 0.259866714478, 7.76784276962, 93.1926956177, 273.957763672, 182.521621704, 2001.59191895, 12074.2080078, 8840.33007812, 1995.90307617, 4085.47119141, 464.606872559, 1026.63464355, 340.231231689, 156.340652466, 503.701934814, 320.420440674, 165.658279419, 173.961181641, 116.632949829, 228.58531189, 239.369979858, 97.4331436157, 28.2333679199, 30.0714702606, 13.4633483887, 6.26531934738, 2.45326471329, 1.0000411272, 0.864342749119, 0.912733316422, 0.753977298737, 0.236403316259, 0.0302737057209, 0.00357765518129, 0.000582295295317, 0.000138816190884, 6.66015284878e-06, 2.34417392164e-08, 5.37772659737e-10], "dmean2": [0.00600481638685, 0.177131786942, 1.50496149063, 4.67818403244, 9.54898166656, 8.35258960724, 14.0663890839, 37.5823402405, 37.4740104675, 18.2276134491, 19.741437912, 8.32763957977, 9.35072517395, 7.6643652916, 5.05043029785, 10.796916008, 4.719581604, 5.60262489319, 4.1995100975, 5.06328821182, 6.911257267, 5.6915063858, 4.01828432083, 2.06910204887, 2.11456871033, 1.26709055901, 0.714132726192, 0.403835445642, 0.242879211903, 0.155143529177, 0.127487584949, 0.106301829219, 0.0617082156241, 0.0318361632526, 0.0219250433147, 0.0111923674121, 0.00511077372357, 0.00118482043035, 6.86295461492e-05, 1.00866845969e-05], "max": [0.244837388396, 7.21786546707, 36.2670898438, 124.591407776, 256.542266846, 176.323059082, 826.825195312, 1971.38061523, 2657.25073242, 922.784057617, 1629.35192871, 474.349731445, 1099.49462891, 358.2628479, 190.560302734, 355.415924072, 266.742279053, 204.205093384, 316.411254883, 137.623184204, 243.41242981, 325.504638672, 218.65536499, 99.7165298462, 99.5714492798, 92.8484268188, 66.8141174316, 46.8909111023, 19.9009342194, 21.7751808167, 24.9141769409, 18.1281929016, 11.7789897919, 3.73404979706, 1.00789773464, 0.264683365822, 0.148010566831, 0.0329392068088, 0.00207294919528, 0.000302983913571], "dmean": [0.00356976967305, 0.107645444572, 0.894374251366, 2.97244644165, 5.94407749176, 5.05484104156, 10.9164714813, 24.7400894165, 24.6341094971, 11.9708042145, 13.4986114502, 5.57053804398, 5.99318695068, 4.99223899841, 3.27489614487, 6.96528959274, 3.18447065353, 3.62771391869, 2.70847725868, 3.19468593597, 4.24151563644, 3.64766263962, 2.55558943748, 1.31756305695, 1.36177742481, 0.816840589046, 0.462748587132, 0.266334414482, 0.158768475056, 0.102510787547, 0.0869849249721, 0.0737411752343, 0.044636618346, 0.0234475526959, 0.0159613527358, 0.00825270265341, 0.00377187365666, 0.000836679711938, 4.82063878735e-05, 6.71538873576e-06]}, "dissonance": {"dvar": 0.000344475614838, "mean": 0.445019036531, "min": 0.21579618752, "median": 0.452924787998, "dvar2": 0.000912351999432, "var": 0.00135661347304, "dmean2": 0.0332191996276, "max": 0.500000059605, "dmean": 0.0199845675379}, "erbbands_flatness_db": {"dvar": 0.000139628158649, "mean": 0.199552878737, "min": 0.0355126522481, "median": 0.198775947094, "dvar2": 0.000289599731332, "var": 0.00146896240767, "dmean2": 0.0189826209098, "max": 0.388861864805, "dmean": 0.0134939989075}, "melbands_kurtosis": {"dvar": 44.5543136597, "mean": 14.7413511276, "min": -1.65885579586, "median": 12.0784358978, "dvar2": 115.053390503, "var": 137.343933105, "dmean2": 7.74046325684, "max": 184.813583374, "dmean": 4.92132759094}, "melbands_spread": {"dvar": 8.74987125397, "mean": 10.0014505386, "min": 0.897980391979, "median": 7.70998811722, "dvar2": 19.700220108, "var": 117.22328949, "dmean2": 3.34821033478, "max": 163.653259277, "dmean": 2.17518663406}, "melbands_skewness": {"dvar": 0.227067276835, "mean": 2.6732852459, "min": -0.836327791214, "median": 2.59602999687, "dvar2": 0.58315962553, "var": 1.07563495636, "dmean2": 0.756625711918, "max": 10.2970581055, "dmean": 0.484513700008}, "spectral_entropy": {"dvar": 0.0197159443051, "mean": 6.84378910065, "min": 4.64469623566, "median": 6.83360147476, "dvar2": 0.0443508327007, "var": 0.215009331703, "dmean2": 0.220583751798, "max": 9.8130197525, "dmean": 0.14703810215}, "zerocrossingrate": {"dvar": 3.76986608899e-05, "mean": 0.0320127569139, "min": 0.00537109375, "median": 0.02734375, "dvar2": 6.43132661935e-05, "var": 0.00110195716843, "dmean2": 0.00524500058964, "max": 0.52734375, "dmean": 0.00415960466489}, "average_loudness": 0.518301010132, "spectral_contrast_coeffs": {"dvar": [0.00124325742945, 0.00114322733134, 0.000608919595834, 0.000375318457372, 0.000250081793638, 0.000158277965966], "mean": [-0.557552039623, -0.688760399818, -0.771099627018, -0.785441875458, -0.778266429901, -0.798267662525], "min": [-0.975924253464, -0.983948469162, -0.980756640434, -0.968822836876, -0.975331544876, -0.965293467045], "median": [-0.562080621719, -0.692173242569, -0.774267613888, -0.786052525043, -0.781371235847, -0.797431588173], "dvar2": [0.00348388846032, 0.00303892395459, 0.00161936343648, 0.000986499595456, 0.000617724086624, 0.000362459832104], "var": [0.00784698035568, 0.0049742963165, 0.00286798435263, 0.00218328018673, 0.00174647814129, 0.00176233123057], "dmean2": [0.0720057338476, 0.0680086612701, 0.0503834448755, 0.0396513938904, 0.0302842166275, 0.0219293404371], "max": [-0.266990661621, -0.404747545719, -0.53479552269, -0.559373140335, -0.597159862518, -0.62754034996], "dmean": [0.0434367582202, 0.0418381690979, 0.0308211781085, 0.0241164620966, 0.0186015423387, 0.013967028819]}, "barkbands_flatness_db": {"dvar": 0.000239839864662, "mean": 0.183865457773, "min": 0.00878110807389, "median": 0.18273845315, "dvar2": 0.000556259299628, "var": 0.0021019433625, "dmean2": 0.0257716085762, "max": 0.386425763369, "dmean": 0.0173420999199}, "silence_rate_30dB": {"dvar": 0.00469567906111, "mean": 0.993687152863, "min": 0, "median": 1, "dvar2": 0.0110121387988, "var": 0.00627277605236, "dmean2": 0.00943592563272, "max": 1, "dmean": 0.00471763545647}, "spectral_energyband_high": {"dvar": 3.12070080888e-09, "mean": 7.61929768487e-05, "min": 7.13519210922e-21, "median": 2.5806184567e-05, "dvar2": 5.1638378018e-09, "var": 2.86181673914e-08, "dmean2": 2.89202162094e-05, "max": 0.00277828145772, "dmean": 2.20065394387e-05}, "melbands_flatness_db": {"dvar": 0.000328524416545, "mean": 0.27783331275, "min": 0.00267199217342, "median": 0.276865303516, "dvar2": 0.000753163651098, "var": 0.00369979743846, "dmean2": 0.0296680685133, "max": 0.457680672407, "dmean": 0.0198242254555}, "barkbands": {"dvar": [1.95444452289e-10, 5.65200480196e-07, 2.92291588266e-06, 4.60265528091e-06, 8.99440874491e-06, 3.15177458106e-05, 6.98325857229e-06, 2.50658695222e-06, 3.33155270482e-07, 2.85924073751e-07, 1.98634193538e-08, 1.14705542842e-07, 2.61536978741e-08, 1.697441121e-08, 1.54074459857e-08, 3.38388623788e-08, 3.56440885696e-08, 5.60974999786e-09, 3.33499983185e-09, 3.09984971025e-09, 5.60395896354e-10, 1.78945080975e-10, 1.35436523108e-10, 1.62580698904e-10, 2.54103769276e-11, 2.13202441812e-11, 8.44894250049e-13], "mean": [6.92494650139e-05, 0.000898847938515, 0.00176524952985, 0.00275535532273, 0.00410339981318, 0.00607978412881, 0.00256260903552, 0.00121963617858, 0.000502194743603, 0.000387082080124, 0.000112299749162, 0.000377194868634, 0.000147826445755, 0.000138556177262, 0.000128880288685, 0.000172799482243, 0.000167752470588, 8.08061013231e-05, 5.52569981664e-05, 4.30999825767e-05, 2.14231022255e-05, 1.19312517199e-05, 8.91110903467e-06, 8.92412936082e-06, 4.98186545883e-06, 3.03499336951e-06, 5.1517514521e-07], "min": [7.18390530747e-25, 4.43572818803e-24, 1.05774532806e-24, 2.2315519154e-25, 3.82233953041e-24, 5.23190538371e-24, 1.20730775477e-23, 6.95915735646e-24, 1.52043662477e-23, 1.65611091859e-23, 1.39073416577e-23, 2.55734947738e-23, 3.52897462376e-23, 4.60323278272e-23, 3.58992391056e-23, 4.63201169072e-23, 8.74326600564e-23, 7.20539303051e-23, 1.23908174675e-22, 1.84734411799e-22, 2.85063634991e-22, 3.72533617635e-22, 4.32898339575e-22, 5.88083965618e-22, 9.19756683577e-22, 1.33526459081e-21, 2.03077040908e-21], "median": [6.88695945428e-05, 0.000213263541809, 0.00079344160622, 0.00125351722818, 0.00254859752022, 0.00295247137547, 0.00116839027032, 0.000396381976316, 0.000193421496078, 0.000127853272716, 4.03922531405e-05, 0.00016239665274, 3.7480120227e-05, 5.45112961845e-05, 5.39293614565e-05, 6.65235711494e-05, 5.32122758159e-05, 3.7464502384e-05, 2.07189877983e-05, 1.70660659933e-05, 6.21518574917e-06, 2.77530762105e-06, 2.54814585787e-06, 1.64340929132e-06, 1.70987163983e-06, 1.10087842131e-06, 2.08022754578e-07], "dvar2": [5.74428726807e-10, 1.44291675497e-06, 8.7667385742e-06, 1.17811659948e-05, 2.6059909942e-05, 6.96187053109e-05, 1.63844033523e-05, 5.54364896743e-06, 8.02529598332e-07, 6.34717707726e-07, 4.68916567797e-08, 2.71555393283e-07, 5.64109363665e-08, 3.94154717753e-08, 3.59135157169e-08, 9.06917989596e-08, 7.96397188196e-08, 1.31465789366e-08, 7.60569118796e-09, 7.21960669026e-09, 1.256907467e-09, 4.31860491812e-10, 2.58879723214e-10, 3.05416747448e-10, 4.71819597281e-11, 4.23822400786e-11, 1.76328504749e-12], "var": [5.27394850014e-10, 2.91408719022e-06, 6.64093795422e-06, 1.60411127581e-05, 2.27503223869e-05, 0.00011091549095, 1.96478522412e-05, 7.87066528574e-06, 1.00345994269e-06, 7.40489440432e-07, 4.96545062845e-08, 3.82612142857e-07, 1.19408710475e-07, 5.34029886978e-08, 6.476406611e-08, 8.06233728667e-08, 1.05401731787e-07, 1.57675383861e-08, 9.26243970412e-09, 6.76199141125e-09, 2.29186936096e-09, 8.10551403774e-10, 1.09696662864e-09, 1.22352727949e-09, 1.2394679727e-10, 3.45140790947e-11, 1.09383552563e-12], "dmean2": [3.16592813761e-05, 0.000576682621613, 0.0017088255845, 0.00196294975467, 0.00281483656727, 0.00401935866103, 0.00170584733132, 0.000905898632482, 0.000381022575311, 0.000286927446723, 9.83254285529e-05, 0.000262171495706, 9.38639423111e-05, 9.95521331788e-05, 9.19705198612e-05, 0.000142595978105, 0.000125986363855, 5.66739217902e-05, 3.86876381526e-05, 2.95872432616e-05, 1.28313231471e-05, 7.05968750481e-06, 4.36118216385e-06, 4.12184817833e-06, 2.8358911095e-06, 2.61140939983e-06, 5.14088810633e-07], "max": [0.000235782121308, 0.023541720584, 0.0306638907641, 0.0439522191882, 0.0534067079425, 0.173667952418, 0.108038567007, 0.0579769909382, 0.0211910847574, 0.0273959357291, 0.00427634082735, 0.00919652916491, 0.00529265776277, 0.00363335479051, 0.00549095496535, 0.00357981980778, 0.00751003343612, 0.00239122589119, 0.00155947753228, 0.00144042808097, 0.0011347499676, 0.000531830184627, 0.000824175775051, 0.000759867718443, 0.000234094361076, 6.5809879743e-05, 1.54670542543e-05], "dmean": [1.76207176992e-05, 0.000349365698639, 0.00100872491021, 0.0012733459007, 0.00176918820944, 0.00269744149409, 0.00115561473649, 0.000610460294411, 0.000248531840043, 0.000186398465303, 6.20353966951e-05, 0.00017059588572, 6.23642845312e-05, 6.4472304075e-05, 5.91732314206e-05, 8.76178382896e-05, 8.05544987088e-05, 3.54219700966e-05, 2.43530448643e-05, 1.91394865396e-05, 8.38742926135e-06, 4.55637382402e-06, 3.02193848256e-06, 2.95202971756e-06, 2.10487792174e-06, 1.94443850887e-06, 3.49632898633e-07]}, "erbbands_spread": {"dvar": 18.5659694672, "mean": 26.8832492828, "min": 2.15632867813, "median": 26.112651825, "dvar2": 40.1044387817, "var": 135.698989868, "dmean2": 6.46798229218, "max": 127.771347046, "dmean": 4.25807762146}, "barkbands_kurtosis": {"dvar": 20.9443721771, "mean": 9.58826160431, "min": -1.68579292297, "median": 7.72186470032, "dvar2": 51.0515861511, "var": 74.0353393555, "dmean2": 5.46817302704, "max": 134.393112183, "dmean": 3.49260258675}, "spectral_flux": {"dvar": 0.000230581470532, "mean": 0.0526172071695, "min": 6.36586755531e-11, "median": 0.0485418513417, "dvar2": 0.000631284550764, "var": 0.00102208915632, "dmean2": 0.0224827229977, "max": 0.25995850563, "dmean": 0.0135941682383}, "silence_rate_20dB": {"dvar": 0, "mean": 1, "min": 1, "median": 1, "dvar2": 0, "var": 0, "dmean2": 0, "max": 1, "dmean": 0}, "gfcc": {"cov": [[11449.5, 379.796875, -875.017883301, 390.40057373, -796.576843262, 259.891082764, -340.712005615, 163.600234985, -300.736755371, 77.5736541748, -180.430953979, -132.883239746, -101.678474426], [379.796875, 677.018127441, 23.8443984985, -56.6805229187, 171.273635864, -139.919677734, 36.2266998291, -72.786277771, 53.0156974792, -111.166519165, 8.66623497009, -40.7980308533, -23.072719574], [-875.017883301, 23.8443984985, 789.928222656, -28.1760463715, 170.058013916, 181.00302124, -55.8823661804, 74.1906509399, 8.56269264221, 46.6458358765, -59.2869110107, 44.5184631348, -41.8413925171], [390.40057373, -56.6805229187, -28.1760463715, 266.161437988, -20.5933074951, 43.8074417114, 20.057466507, -11.9016866684, 6.05006599426, -34.2801475525, 0.656827628613, -30.8992176056, 6.88236761093], [-796.576843262, 171.273635864, 170.058013916, -20.5933074951, 400.54006958, 6.20282888412, 37.4240379333, 25.6597938538, 11.3790540695, 28.2899436951, -9.92780685425, 51.3973045349, 3.31019449234], [259.891082764, -139.919677734, 181.00302124, 43.8074417114, 6.20282888412, 264.093994141, -18.9685153961, 72.672706604, -38.6068267822, 27.795091629, -6.46581888199, 23.8226013184, -8.28879451752], [-340.712005615, 36.2266998291, -55.8823661804, 20.057466507, 37.4240379333, -18.9685153961, 121.476882935, 1.06442475319, 15.3029975891, -11.2801017761, 5.42279005051, -10.6829862595, 4.42339372635], [163.600234985, -72.786277771, 74.1906509399, -11.9016866684, 25.6597938538, 72.672706604, 1.06442475319, 112.418670654, -3.73991179466, 46.9476509094, -15.8343906403, 18.1434268951, -8.71395206451], [-300.736755371, 53.0156974792, 8.56269264221, 6.05006599426, 11.3790540695, -38.6068267822, 15.3029975891, -3.73991179466, 87.4996795654, -4.39014673233, 9.72059631348, -11.1158704758, -7.34680318832], [77.5736541748, -111.166519165, 46.6458358765, -34.2801475525, 28.2899436951, 27.795091629, -11.2801017761, 46.9476509094, -4.39014673233, 141.940338135, 0.46658167243, 27.7905006409, -0.123186394572], [-180.430953979, 8.66623497009, -59.2869110107, 0.656827628613, -9.92780685425, -6.46581888199, 5.42279005051, -15.8343906403, 9.72059631348, 0.46658167243, 87.9150619507, 19.3001251221, 11.9998311996], [-132.883239746, -40.7980308533, 44.5184631348, -30.8992176056, 51.3973045349, 23.8226013184, -10.6829862595, 18.1434268951, -11.1158704758, 27.7905006409, 19.3001251221, 81.5266036987, 31.0259342194], [-101.678474426, -23.072719574, -41.8413925171, 6.88236761093, 3.31019449234, -8.28879451752, 4.42339372635, -8.71395206451, -7.34680318832, -0.123186394572, 11.9998311996, 31.0259342194, 71.8759002686]], "mean": [-72.6115493774, 134.342727661, -108.172424316, 10.0020370483, -51.904914856, -16.1916046143, -48.952671051, -2.81724596024, -26.4451236725, -3.93660449982, -13.8794345856, -0.881206989288, -14.7088785172], "icov": [[0.00049673684407, -0.001552843838, 0.000959848286584, -0.00125594600104, 0.00137559790164, -0.000836178078316, 0.00143418740481, -0.00114129541907, 0.00146703235805, -0.00145575823262, 0.00161098840181, -0.00116845290177, 0.000879713974427], [-0.001552843838, 0.0074498062022, -0.00324895582162, 0.00466488162056, -0.00564154190943, 0.00348172686063, -0.00453739892691, 0.00409313058481, -0.00520476978272, 0.00644683837891, -0.00576611002907, 0.00518294703215, -0.0025020276662], [0.000959848286584, -0.00324895582162, 0.00389349623583, -0.00229142489843, 0.00204808567651, -0.00307266274467, 0.00363100622781, -0.00212118471973, 0.0018531588139, -0.00302216620184, 0.00449962355196, -0.00332672172226, 0.00274058920331], [-0.00125594600104, 0.00466488162056, -0.00229142489843, 0.00783487036824, -0.00397945428267, 0.000899449049029, -0.0040951599367, 0.00359018007293, -0.00453912653029, 0.00488358456641, -0.00438051344827, 0.00549886003137, -0.00348699744791], [0.00137559790164, -0.00564154190943, 0.00204808567651, -0.00397945428267, 0.00775709701702, -0.00215953099541, 0.00253382208757, -0.00353431003168, 0.00425073737279, -0.00520676886663, 0.00527576869354, -0.00630189245567, 0.00278263213113], [-0.000836178078316, 0.00348172686063, -0.00307266274467, 0.000899449049029, -0.00215953099541, 0.0080827428028, -0.00236782501452, -0.00138145079836, 0.000216069296584, 0.00322059402242, -0.00417074840516, 0.00166619464289, -0.000925560074393], [0.00143418740481, -0.00453739892691, 0.00363100622781, -0.0040951599367, 0.00253382208757, -0.00236782501452, 0.0137640284374, -0.00447906181216, 0.00293020089157, -0.003610906424, 0.00414173770696, -0.00151441874914, 0.00155389506835], [-0.00114129541907, 0.00409313058481, -0.00212118471973, 0.00359018007293, -0.00353431003168, -0.00138145079836, -0.00447906181216, 0.0161043088883, -0.00490887928754, 0.000393917463953, -0.00110909307841, 0.000733651162591, -0.000280255073449], [0.00146703235805, -0.00520476978272, 0.0018531588139, -0.00453912653029, 0.00425073737279, 0.000216069296584, 0.00293020089157, -0.00490887928754, 0.0181249212474, -0.00468479190022, 0.00223389291205, -0.00191777956206, 0.0032711494714], [-0.00145575823262, 0.00644683837891, -0.00302216620184, 0.00488358456641, -0.00520676886663, 0.00322059402242, -0.003610906424, 0.000393917463953, -0.00468479190022, 0.0143984323367, -0.00562890293077, 0.00268558482639, -0.00200931867585], [0.00161098840181, -0.00576611002907, 0.004499623551