{"lowlevel": {"erbbands": {"mean": [0.0324706546962, 0.847946703434, 8.88400745392, 12.1728124619, 4.31059217453, 6.46254014969, 7.45984077454, 17.0991439819, 15.1176795959, 7.59052991867, 24.7079086304, 30.282913208, 35.866733551, 14.2039279938, 21.9706268311, 38.5931167603, 20.9187068939, 27.7995433807, 42.5724945068, 76.5764541626, 33.8052558899, 27.2938995361, 29.991815567, 20.4696292877, 15.1593828201, 14.5543422699, 7.65734672546, 4.49974918365, 1.57846319675, 0.800308823586, 0.564054489136, 0.609010696411, 0.747566699982, 0.834903180599, 0.35581728816, 0.0752578899264, 0.0121946809813, 0.00193642277736, 0.000113563401101, 3.61889178748e-05], "dvar": [0.00559095060453, 3.02771759033, 192.584136963, 285.911224365, 87.1962051392, 564.338195801, 364.618774414, 603.195251465, 501.828430176, 106.7501297, 1647.56604004, 3635.22167969, 4469.95654297, 555.895751953, 1270.15100098, 2033.76501465, 701.700073242, 1130.4152832, 2442.93798828, 12881.8046875, 1293.4017334, 1494.8894043, 4182.77099609, 288.220550537, 175.458267212, 201.15007019, 40.9006309509, 22.2439594269, 8.99160575867, 6.36436748505, 1.97467708588, 1.36542618275, 2.43677902222, 9.72353458405, 2.59954786301, 0.114679560065, 0.00321948854253, 0.000128275743918, 3.3238475794e-07, 4.85734119593e-10], "min": [9.38799912047e-22, 7.70760593987e-21, 9.03708874822e-21, 6.33066461323e-20, 2.25905325884e-19, 3.48434013209e-19, 3.86086861102e-19, 1.47328634839e-19, 2.92205713137e-19, 5.49698481675e-19, 2.40618464988e-18, 4.57306698252e-19, 2.20900919368e-18, 4.37041248874e-18, 2.35324943337e-18, 3.46760812945e-18, 4.25977666822e-18, 5.60645482959e-18, 7.00570528198e-18, 6.59819144449e-18, 6.51531994123e-18, 1.29877927539e-17, 2.03474337307e-17, 1.38791079881e-17, 2.10923214529e-17, 2.10825044734e-17, 2.13935988299e-17, 2.00729503881e-17, 1.99055819717e-17, 2.5332363246e-17, 1.34514713278e-17, 1.74911641864e-17, 1.65063758886e-17, 1.1412055046e-17, 7.72244901095e-18, 7.18174255122e-18, 3.25714360312e-18, 1.33979302015e-18, 2.88059392768e-19, 3.70999131965e-20], "dmean": [0.0303503572941, 0.775095582008, 6.15936231613, 7.6399269104, 3.91469311714, 8.19538402557, 7.5874080658, 13.2371530533, 10.2832269669, 5.45529842377, 19.7173290253, 24.3019561768, 29.3829860687, 10.5169992447, 14.4780082703, 21.8950119019, 13.4669685364, 18.0399971008, 28.6626358032, 51.2844734192, 18.1324214935, 15.6825056076, 19.822063446, 10.6406450272, 8.17850971222, 8.14757061005, 3.81201910973, 2.48043298721, 0.930025279522, 0.490945130587, 0.3453733325, 0.375296264887, 0.485507428646, 0.594481945038, 0.264628201723, 0.0542892962694, 0.0086969146505, 0.00144680438098, 8.09743651189e-05, 1.53257806232e-05], "dmean2": [0.0502503961325, 1.28638088703, 8.42231750488, 11.3467435837, 6.57808303833, 14.9015197754, 13.4744930267, 20.9661617279, 15.4723939896, 8.69826889038, 32.0781173706, 38.0505981445, 45.9473762512, 16.1078529358, 21.5942268372, 33.9205703735, 20.9905529022, 28.6531009674, 46.3888511658, 75.8602828979, 26.5535697937, 22.6915569305, 29.93932724, 15.381855011, 11.7463617325, 11.7675018311, 5.18912744522, 3.49109530449, 1.35569655895, 0.721874535084, 0.489769607782, 0.528004527092, 0.696070611477, 0.856519401073, 0.378199487925, 0.0770424604416, 0.0122268693522, 0.00203425111249, 0.000113824527944, 1.97342378669e-05], "dvar2": [0.0153332129121, 8.68981266022, 318.542877197, 490.681762695, 241.350402832, 1613.75146484, 1026.07348633, 1470.57629395, 1141.43322754, 274.506439209, 4207.24316406, 8811.57128906, 11050.7480469, 1262.65197754, 2737.58691406, 4988.984375, 1760.03515625, 2789.32055664, 6572.54150391, 26213.890625, 2666.73364258, 3511.74145508, 10528.1630859, 625.154724121, 392.734924316, 420.422851562, 83.0699691772, 45.2905654907, 18.3689365387, 15.7816257477, 4.02489423752, 2.7062587738, 4.82105493546, 18.7226066589, 5.38377141953, 0.212409928441, 0.00590107031167, 0.000272481614957, 6.95825974617e-07, 8.0204831665e-10], "max": [0.57006496191, 11.8537387848, 116.302642822, 129.769989014, 68.1596984863, 187.789978027, 280.416503906, 420.831573486, 397.177520752, 218.630874634, 569.297424316, 1564.81896973, 1069.23071289, 493.974060059, 652.723876953, 850.577026367, 431.875396729, 569.149169922, 644.636657715, 1596.52453613, 621.440856934, 642.735046387, 971.238220215, 217.492279053, 216.868972778, 313.2762146, 137.89956665, 76.9699630737, 117.691963196, 106.695373535, 62.6015281677, 38.3124656677, 52.7438964844, 120.560173035, 81.6836166382, 16.4065227509, 2.45664477348, 0.680069386959, 0.0326999537647, 0.00070594670251], "median": [0.000601531355642, 0.00949042197317, 0.0636222437024, 0.145970791578, 0.170533642173, 0.577856779099, 1.91196680069, 4.49116611481, 4.53533124924, 3.0878238678, 6.02775287628, 5.85892343521, 8.25038146973, 3.33312559128, 5.90459489822, 14.1591444016, 6.56869029999, 9.99879360199, 10.2769098282, 12.2580709457, 11.779047966, 9.66304588318, 11.5714511871, 10.5150680542, 7.27649354935, 5.49296379089, 3.19814682007, 1.28740084171, 0.370628863573, 0.202400550246, 0.178701803088, 0.131733909249, 0.0898440256715, 0.0513011105359, 0.018280280754, 0.00400684168562, 0.000807600619737, 0.000150026229676, 2.32372094615e-05, 2.21078953473e-05], "var": [0.00653772987425, 3.99382376671, 386.704681396, 665.540161133, 87.2689666748, 359.280029297, 291.756835938, 876.431396484, 961.060241699, 127.411354065, 2706.86669922, 4994.51953125, 5714.16552734, 939.248962402, 2533.74731445, 3838.06982422, 1289.78076172, 1905.59411621, 4508.25732422, 28198.8769531, 3180.98242188, 2377.00634766, 5199.04931641, 717.178039551, 409.067626953, 472.170257568, 119.411079407, 59.9955177307, 18.0185317993, 9.70061683655, 3.9361538887, 2.81674194336, 4.48069620132, 16.1741485596, 3.99997878075, 0.215084135532, 0.00637793168426, 0.000183910538908, 4.81905942706e-07, 1.63171298695e-09]}, "gfcc": {"icov": [[0.000174001048435, -0.000291613687295, 0.000216841552174, -0.000188286197954, 0.000303175940644, -0.00024920879514, 0.000347410241375, -0.000359981844667, 0.00028446430224, -0.000287470669718, 0.000436556088971, -9.62745689321e-05, 0.000317328231176], [-0.000291613687295, 0.00250078900717, -0.00112569972407, 0.000346662069205, -0.00151981122326, 0.00205767573789, -0.00209141056985, 0.00254228175618, -0.00106212508399, 0.00228896643966, -0.00123909546528, 0.0026131158229, -0.00125233957078], [0.000216841552174, -0.00112569972407, 0.00146959419362, -0.000858802464791, 0.00061101350002, -0.00134901469573, 0.00138233206235, -0.00153742253315, 0.0013342796592, -0.00035857167677, 0.000828178715892, -0.000792082049884, 0.00125959469005], [-0.000188286197954, 0.000346662069205, -0.000858802464791, 0.00259717460722, -0.00102476484608, 0.000150810199557, -0.000401109515224, 0.000543323694728, -0.00107550865505, 0.000451148545835, 1.55198722496e-06, 0.00102626474109, -0.000526034738868], [0.000303175940644, -0.00151981122326, 0.00061101350002, -0.00102476484608, 0.00359506648965, -0.00101980951149, 0.000847109418828, -0.00163193000481, 3.31652736349e-05, 0.000139525451232, 0.000582304899581, -0.00111915462185, 0.00202515721321], [-0.00024920879514, 0.00205767573789, -0.00134901469573, 0.000150810199557, -0.00101980951149, 0.00506018428132, -0.00267736124806, 0.00259022624232, 0.00137658778112, -4.21772347181e-05, -0.00043754541548, 0.00173649098724, 0.000552533136215], [0.000347410241375, -0.00209141056985, 0.00138233206235, -0.000401109515224, 0.000847109418828, -0.00267736124806, 0.00606928952038, -0.00299152382649, 0.0010413773125, 2.99238436128e-05, 0.000160357099958, -0.000120170363516, 0.00137102778535], [-0.000359981844667, 0.00254228175618, -0.00153742253315, 0.000543323694728, -0.00163193000481, 0.00259022624232, -0.00299152382649, 0.0070554134436, -0.000773181847762, 0.00150820007548, 0.000546817143913, 0.00272966595367, -0.00182833499275], [0.00028446430224, -0.00106212508399, 0.0013342796592, -0.00107550865505, 3.31652736349e-05, 0.00137658778112, 0.0010413773125, -0.000773181847762, 0.00688802264631, -0.00252809817903, 0.00159933185205, -0.000704691454303, 0.00242876750417], [-0.000287470669718, 0.00228896643966, -0.00035857167677, 0.000451148545835, 0.000139525451232, -4.21772347181e-05, 2.99238436128e-05, 0.00150820007548, -0.00252809817903, 0.0101276459172, -0.00217310129665, 0.00326148350723, -0.0019405358471], [0.000436556088971, -0.00123909546528, 0.000828178715892, 1.55198722496e-06, 0.000582304899581, -0.00043754541548, 0.000160357099958, 0.000546817143913, 0.00159933185205, -0.00217310129665, 0.00876497942954, -0.00448144739494, 0.00107310141902], [-9.62745689321e-05, 0.0026131158229, -0.000792082049884, 0.00102626474109, -0.00111915462185, 0.00173649098724, -0.000120170363516, 0.00272966595367, -0.000704691454303, 0.00326148350723, -0.00448144739494, 0.0128100616857, -0.00162491365336], [0.000317328231176, -0.00125233957078, 0.00125959469005, -0.000526034738868, 0.00202515721321, 0.000552533136215, 0.00137102778535, -0.00182833499275, 0.00242876750417, -0.0019405358471, 0.00107310141902, -0.00162491365336, 0.0129653559998]], "mean": [-65.7855911255, 89.4703598022, -161.841384888, 19.2771492004, -54.916934967, -4.636677742, -40.8684043884, 6.32817840576, -25.1159992218, 1.62701416016, -5.37281847, -8.66817951202, -1.51953852177], "cov": [[10604.6240234, 220.598434448, 391.479309082, 660.344543457, -362.368438721, 336.609375, -124.803863525, 388.2996521, -197.292572021, 117.983085632, -664.080200195, -439.157806396, -84.7294082642], [220.598434448, 3589.49731445, 1463.44970703, 986.11138916, 1285.11608887, -400.692321777, 584.662719727, -48.5650253296, 202.326248169, -693.892822266, -159.660934448, -429.512176514, -195.553482056], [391.479309082, 1463.44970703, 3109.84814453, 1083.29577637, 708.247253418, 562.640991211, 259.79510498, 284.811950684, -368.169158936, -413.808044434, -316.232086182, -320.637695312, -255.288360596], [660.344543457, 986.11138916, 1083.29577637, 976.964111328, 537.693847656, 96.8670043945, 174.413131714, 121.322784424, 16.8803253174, -224.373397827, -195.671875, -224.053314209, -124.596199036], [-362.368438721, 1285.11608887, 708.247253418, 537.693847656, 897.283813477, -58.4177856445, 237.301620483, 66.1006622314, 84.133644104, -296.944244385, -91.5439834595, -159.260742188, -140.01499939], [336.609375, -400.692321777, 562.640991211, 96.8670043945, -58.4177856445, 622.787902832, 78.3683319092, 30.8630981445, -257.55581665, 37.8716316223, -47.3311767578, -32.7230644226, -65.2918548584], [-124.803863525, 584.662719727, 259.79510498, 174.413131714, 237.301620483, 78.3683319092, 377.461883545, 67.6804046631, -28.6160812378, -140.066452026, -34.5555038452, -103.884674072, -55.1744041443], [388.2996521, -48.5650253296, 284.811950684, 121.322784424, 66.1006622314, 30.8630981445, 67.6804046631, 303.588348389, -29.8274707794, -29.0240917206, -116.478851318, -78.2519073486, -11.8508787155], [-197.292572021, 202.326248169, -368.169158936, 16.8803253174, 84.133644104, -257.55581665, -28.6160812378, -29.8274707794, 316.296844482, 18.1320171356, 1.20384979248, -5.29415273666, 0.17849855125], [117.983085632, -693.892822266, -413.808044434, -224.373397827, -296.944244385, 37.8716316223, -140.066452026, -29.0240917206, 18.1320171356, 268.386749268, 51.3759346008, 66.5530166626, 57.5350990295], [-664.080200195, -159.660934448, -316.232086182, -195.671875, -91.5439834595, -47.3311767578, -34.5555038452, -116.478851318, 1.20384979248, 51.3759346008, 236.370849609, 120.112098694, 30.1131572723], [-439.157806396, -429.512176514, -320.637695312, -224.053314209, -159.260742188, -32.7230644226, -103.884674072, -78.2519073486, -5.29415273666, 66.5530166626, 120.112098694, 196.99395752, 43.2425422668], [-84.7294082642, -195.553482056, -255.288360596, -124.596199036, -140.01499939, -65.2918548584, -55.1744041443, -11.8508787155, 0.17849855125, 57.5350990295, 30.1131572723, 43.2425422668, 120.380691528]]}, "spectral_skewness": {"mean": 1.66985821724, "dvar": 0.221702039242, "min": -0.818963944912, "dmean": 0.401940196753, "dmean2": 0.659598171711, "dvar2": 0.594181835651, "max": 8.73620128632, "median": 1.54280769825, "var": 0.549487948418}, "spectral_energyband_low": {"mean": 0.0145118096843, "dvar": 0.000396043760702, "min": 5.90850759559e-23, "dmean": 0.00892952922732, "dmean2": 0.0133886178955, "dvar2": 0.000694413669407, "max": 0.158532172441, "median": 0.000170621991856, "var": 0.000925452273805}, "spectral_energyband_middle_low": {"mean": 0.00906260963529, "dvar": 9.46025320445e-05, "min": 3.2375838573e-22, "dmean": 0.00575142353773, "dmean2": 0.00918058585376, "dvar2": 0.000239452856476, "max": 0.0796107798815, "median": 0.00490643875673, "var": 0.000124310157844}, "mfcc": {"icov": [[0.000167081074324, -3.96826762881e-05, 4.87335055368e-05, -6.89340376994e-05, 0.000121837350889, 4.80903781863e-06, -2.80254175777e-06, 0.000226827425649, -0.000377430056687, -2.08030050999e-05, 3.10879368044e-05, -0.000101434241515, 0.000184971329872], [-3.96826762881e-05, 0.000712553388439, -2.44973807639e-06, -0.000644807470962, 1.18250445666e-05, 7.72774637881e-06, -6.35085525573e-05, -0.000423740624683, 0.000323191023199, -0.000205013551749, 0.000138048708322, 0.000330494454829, 0.000205135365832], [4.87335055368e-05, -2.44973807639e-06, 0.000933084695134, -0.000140443691635, -0.000501783855725, -0.000367996894056, -0.000474677392049, 0.000124629194033, -0.000352005794412, 0.000237660526182, 0.000502200447954, -0.000261349370703, 0.000960768084042], [-6.89340376994e-05, -0.000644807470962, -0.000140443691635, 0.00279206782579, -0.00117215979844, -0.000244879600359, 0.000681718054693, -0.000901115243323, -0.000617108831648, -1.1086754057e-05, -5.77269311179e-05, -0.000916744116694, 0.000734121538699], [0.000121837350889, 1.18250445666e-05, -0.000501783855725, -0.00117215979844, 0.003098069923, 2.16640564759e-05, -3.17331687256e-05, -0.000615634548012, 0.000248288764851, -7.16996728443e-05, -0.000734472530894, 0.00113325018901, -0.000731539912522], [4.80903781863e-06, 7.72774637881e-06, -0.000367996894056, -0.000244879600359, 2.16640564759e-05, 0.00309418211691, -0.000940479163546, 0.00035023142118, 0.000449880230008, -0.000298561441014, -0.000301042280626, 0.000435828173067, -0.0017074001953], [-2.80254175777e-06, -6.35085525573e-05, -0.000474677392049, 0.000681718054693, -3.17331687256e-05, -0.000940479163546, 0.0032495027408, -0.0014616297558, -0.000526085495949, 0.000198197652935, 0.000535728351679, -0.00125745334662, 0.00196337420493], [0.000226827425649, -0.000423740624683, 0.000124629194033, -0.000901115243323, -0.000615634548012, 0.00035023142118, -0.0014616297558, 0.00565702561289, -0.000923876883462, 0.000610307848547, -0.000670379260555, 0.00105255946983, -0.000927684130147], [-0.000377430056687, 0.000323191023199, -0.000352005794412, -0.000617108831648, 0.000248288764851, 0.000449880230008, -0.000526085495949, -0.000923876883462, 0.00699795363471, -0.00219804770313, -0.000691031629685, 0.000619358557742, 0.00129170378204], [-2.08030050999e-05, -0.000205013551749, 0.000237660526182, -1.1086754057e-05, -7.16996728443e-05, -0.000298561441014, 0.000198197652935, 0.000610307848547, -0.00219804770313, 0.0088508259505, -0.00319381197914, 0.0013071289286, 0.000172162195668], [3.10879368044e-05, 0.000138048708322, 0.000502200447954, -5.77269311179e-05, -0.000734472530894, -0.000301042280626, 0.000535728351679, -0.000670379260555, -0.000691031629685, -0.00319381197914, 0.0108455596492, -0.00238825869747, 0.000323746498907], [-0.000101434241515, 0.000330494454829, -0.000261349370703, -0.000916744116694, 0.00113325018901, 0.000435828173067, -0.00125745334662, 0.00105255946983, 0.000619358557742, 0.0013071289286, -0.00238825869747, 0.0104732615873, -0.0027140150778], [0.000184971329872, 0.000205135365832, 0.000960768084042, 0.000734121538699, -0.000731539912522, -0.0017074001953, 0.00196337420493, -0.000927684130147, 0.00129170378204, 0.000172162195668, 0.000323746498907, -0.0027140150778, 0.0113963643089]], "mean": [-696.142089844, 116.965835571, -41.7642936707, 18.7406272888, 2.51545619965, -11.8701562881, -0.0475087538362, -10.0987958908, -4.73498249054, 1.48313319683, -4.27587080002, -0.789464533329, -1.42807984352], "cov": [[8602.76269531, 243.042373657, -362.906829834, 116.642578125, -531.565856934, -225.614547729, -37.6658554077, -335.518310547, 538.382629395, 192.424743652, 40.2000617981, 58.642665863, -260.774139404], [243.042373657, 2787.37060547, 820.708496094, 1093.17529297, 616.772399902, 99.4117507935, 296.608001709, 500.6953125, 152.563919067, 72.4379577637, 2.1579914093, -123.771492004, -197.507659912], [-362.906829834, 820.708496094, 2334.94555664, 631.911621094, 615.973510742, 297.192138672, 668.361450195, 337.672119141, 209.529495239, -28.9958152771, -73.5088195801, -47.2873077393, -282.513244629], [116.642578125, 1093.17529297, 631.911621094, 986.467102051, 514.980163574, 81.2853546143, 153.600311279, 321.937957764, 149.373291016, 47.4648246765, 28.5947170258, -44.2248039246, -122.401901245], [-531.565856934, 616.772399902, 615.973510742, 514.980163574, 700.549133301, 100.765701294, 160.394622803, 260.702331543, 58.8554153442, 18.3427143097, 22.5197315216, -66.6034011841, -57.3723640442], [-225.614547729, 99.4117507935, 297.192138672, 81.2853546143, 100.765701294, 418.86026001, 160.729782104, 50.6799659729, -10.6908712387, -2.06909632683, -2.07951641083, 0.320490390062, 18.6165122986], [-37.6658554077, 296.608001709, 668.361450195, 153.600311279, 160.394622803, 160.729782104, 621.810668945, 193.402542114, 105.39818573, -13.9907464981, -29.5010032654, 4.66127586365, -137.761276245], [-335.518310547, 500.6953125, 337.672119141, 321.937957764, 260.702331543, 50.6799659729, 193.402542114, 358.097320557, 69.0263366699, 4.95960760117, 10.6709222794, -40.8982925415, -50.5564002991], [538.382629395, 152.563919067, 209.529495239, 149.373291016, 58.8554153442, -10.6908712387, 105.39818573, 69.0263366699, 244.544677734, 66.1822128296, 23.4032230377, -20.4991722107, -83.3980102539], [192.424743652, 72.4379577637, -28.9958152771, 47.4648246765, 18.3427143097, -2.06909632683, -13.9907464981, 4.95960760117, 66.1822128296, 152.707962036, 48.1612663269, -17.379108429, -16.6738471985], [40.2000617981, 2.1579914093, -73.5088195801, 28.5947170258, 22.5197315216, -2.07951641083, -29.5010032654, 10.6709222794, 23.4032230377, 48.1612663269, 118.069625854, 15.5545682907, 7.71893405914], [58.642665863, -123.771492004, -47.2873077393, -44.2248039246, -66.6034011841, 0.320490390062, 4.66127586365, -40.8982925415, -20.4991722107, -17.379108429, 15.5545682907, 121.697059631, 30.8778896332], [-260.774139404, -197.507659912, -282.513244629, -122.401901245, -57.3723640442, 18.6165122986, -137.761276245, -50.5564002991, -83.3980102539, -16.6738471985, 7.71893405914, 30.8778896332, 162.800308228]]}, "silence_rate_20dB": {"mean": 1, "dvar": 0, "min": 1, "dmean": 0, "dmean2": 0, "dvar2": 0, "max": 1, "median": 1, "var": 0}, "dynamic_complexity": 3.31173229218, "silence_rate_60dB": {"mean": 0.143584638834, "dvar": 0.0748538449407, "min": 0, "dmean": 0.0814880430698, "dmean2": 0.162994131446, "dvar2": 0.153703480959, "max": 1, "median": 0, "var": 0.122979916632}, "dissonance": {"mean": 0.463836222887, "dvar": 0.000609081180301, "min": 0.257568180561, "dmean": 0.0229276288301, "dmean2": 0.0393951125443, "dvar2": 0.00184390181676, "max": 0.5, "median": 0.472759515047, "var": 0.000961031124461}, "barkbands": {"mean": [3.8279700675e-05, 0.00246458058245, 0.0102912671864, 0.00225877482444, 0.00156962522306, 0.0018102863105, 0.000686696905177, 0.0008890486788, 0.00139283610042, 0.000778926536441, 0.00034461641917, 0.000963602855336, 0.000466530909762, 0.00046629976714, 0.00133978831582, 0.000644583196845, 0.00054874032503, 0.000495787768159, 0.000342635292327, 0.000280538894003, 0.000141346812597, 3.78084623662e-05, 2.00992344617e-05, 3.7485773646e-05, 6.32521987427e-05, 9.3617290986e-06, 6.22383652171e-07], "dvar": [6.11347727997e-09, 3.63632752851e-05, 0.000258058484178, 1.38601026265e-05, 2.99444782286e-05, 6.12740723227e-06, 1.06118591248e-06, 2.08294386539e-06, 6.78262540532e-06, 2.3018524189e-06, 4.75961826396e-07, 1.5664725197e-06, 3.98416005964e-07, 4.58985027763e-07, 3.67863344763e-06, 6.34377670394e-07, 5.76470995384e-07, 1.10051848878e-06, 7.94195003095e-08, 6.02501017966e-08, 1.62619340216e-08, 7.28850535481e-09, 2.77959233408e-09, 4.48256720631e-09, 5.83735051407e-08, 1.83945680909e-09, 1.47165162001e-11], "min": [1.79104320985e-23, 3.30212410206e-23, 5.79080662974e-24, 3.36921798422e-23, 9.49213986712e-23, 3.46649147581e-23, 2.04901366318e-23, 9.69358086352e-23, 1.94980478024e-23, 1.39310425103e-22, 5.08488159027e-23, 6.87310083585e-23, 1.12197730175e-22, 1.33075344239e-22, 1.1974835335e-22, 1.02501234943e-22, 1.93559745845e-22, 3.87607171812e-22, 3.64532346624e-22, 4.26357332141e-22, 5.60022176357e-22, 5.95971918338e-22, 5.62499881175e-22, 9.16571452568e-22, 1.05533928021e-21, 1.84583334207e-21, 2.44987330061e-21], "dmean": [3.66001586372e-05, 0.00256857671775, 0.00695024803281, 0.00170996249653, 0.00195261707995, 0.00135793152731, 0.000468571379315, 0.000744059798308, 0.00112061353866, 0.000648249639198, 0.000268680014415, 0.000580778811127, 0.000332883937517, 0.000340049329679, 0.000870438583661, 0.000390790111851, 0.000335834512953, 0.000340335274814, 0.000178846297786, 0.000148385894136, 7.29708772269e-05, 2.386282722e-05, 1.26256654767e-05, 2.30544301303e-05, 4.5021668484e-05, 6.76082663631e-06, 5.05953039465e-07], "dmean2": [6.21985454927e-05, 0.00449580000713, 0.00965772662312, 0.00270589673892, 0.00350317591801, 0.00216669845395, 0.000704506994225, 0.00123496819288, 0.00175183371175, 0.00102642585989, 0.000411621906096, 0.000910642265808, 0.000530930876266, 0.000558159546927, 0.00135138246696, 0.000595222285483, 0.000500725989696, 0.000522896123584, 0.000257232022705, 0.000209986203117, 0.000102161575342, 3.53398827428e-05, 1.81945833901e-05, 3.30316106556e-05, 6.39212157694e-05, 9.37603999773e-06, 7.27479687157e-07], "dvar2": [1.68136278234e-08, 0.000109211607196, 0.000392317277147, 3.0798924854e-05, 8.57347986312e-05, 1.49965953824e-05, 2.48370542977e-06, 5.4432507568e-06, 1.60925046657e-05, 5.64088441024e-06, 1.0598339486e-06, 3.89228443964e-06, 9.99997951112e-07, 1.20920242352e-06, 8.35317496239e-06, 1.31238277845e-06, 1.3968441408e-06, 2.77496110357e-06, 1.69928313198e-07, 1.25116855543e-07, 3.22834665667e-08, 1.5773457207e-08, 5.88062443185e-09, 8.85915074633e-09, 1.13304089666e-07, 3.36532912648e-09, 3.16035635162e-11], "max": [0.000869435025379, 0.0351371616125, 0.1221357584, 0.0232221260667, 0.0440598279238, 0.0383479781449, 0.0185564681888, 0.0202912501991, 0.0620356984437, 0.0268482659012, 0.0118997180834, 0.0272143837065, 0.00919445231557, 0.0112693952397, 0.0236011408269, 0.0120236128569, 0.0107218958437, 0.0161163304001, 0.00353112234734, 0.00474801147357, 0.00235946243629, 0.00340379751287, 0.00242152996361, 0.00205655489117, 0.00961772352457, 0.00206140358932, 0.000219717767322], "median": [1.32980967464e-05, 3.10912801069e-05, 7.64475771575e-05, 2.53164289461e-05, 0.000167743681232, 0.000563331181183, 0.00023071981559, 0.000210514219361, 0.000200032925932, 0.000159856877872, 5.55455808353e-05, 0.000302363157971, 8.59439314809e-05, 0.000167815043824, 0.000198200825253, 0.000173434455064, 0.00016705483722, 0.000192790423171, 0.000182810617844, 0.000105899671325, 5.05302050442e-05, 7.90059311839e-06, 6.23020378043e-06, 6.07895844951e-06, 3.40443693858e-06, 5.44846272987e-07, 3.42307018286e-08], "var": [6.19548989889e-09, 3.91743342334e-05, 0.000529088894837, 2.2695716325e-05, 1.94004678633e-05, 8.82534914126e-06, 1.89753018276e-06, 3.28636497215e-06, 9.9377693914e-06, 3.03899628307e-06, 7.84462372394e-07, 2.75973229691e-06, 7.27937162992e-07, 6.88779380198e-07, 7.10431459083e-06, 1.37195502248e-06, 9.54008328335e-07, 1.3248148889e-06, 1.97143450009e-07, 1.56744292212e-07, 4.77464965343e-08, 1.33032056482e-08, 5.30833377255e-09, 8.939897711e-09, 9.93852893316e-08, 3.55646956329e-09, 1.98955261987e-11]}, "spectral_complexity": {"mean": 16.6110935211, "dvar": 17.0474147797, "min": 0, "dmean": 3.93689107895, "dmean2": 5.19255876541, "dvar2": 25.2393188477, "max": 49, "median": 16, "var": 97.2155303955}, "spectral_energyband_high": {"mean": 0.000427920429502, "dvar": 1.70608132066e-07, "min": 7.76348263648e-21, "dmean": 0.000203933974262, "dmean2": 0.000270371470833, "dvar2": 3.1690706237e-07, "max": 0.0122885489836, "median": 0.000178302594577, "var": 4.67960006745e-07}, "hfc": {"mean": 19.1484565735, "dvar": 70.8585968018, "min": 1.20812018099e-16, "dmean": 6.99729156494, "dmean2": 8.85203456879, "dvar2": 120.313919067, "max": 138.822692871, "median": 16.1051521301, "var": 270.408081055}, "melbands_kurtosis": {"mean": 14.9429283142, "dvar": 379.274658203, "min": -1.90704870224, "dmean": 10.0586261749, "dmean2": 15.3627729416, "dvar2": 833.677612305, "max": 369.975982666, "median": 3.24486732483, "var": 799.067199707}, "spectral_strongpeak": {"mean": 1.3752849102, "dvar": 1.50857591629, "min": 0, "dmean": 0.831415474415, "dmean2": 1.35040104389, "dvar2": 3.6629345417, "max": 11.5673761368, "median": 0.934880435467, "var": 2.31563520432}, "silence_rate_30dB": {"mean": 0.932580530643, "dvar": 0.063927680254, "min": 0, "dmean": 0.0686448216438, "dmean2": 0.137304842472, "dvar2": 0.125318944454, "max": 1, "median": 1, "var": 0.0628728047013}, "melbands_spread": {"mean": 25.3839893341, "dvar": 174.565002441, "min": 0.413157731295, "dmean": 8.7805929184, "dmean2": 13.5327854156, "dvar2": 372.441772461, "max": 279.735931396, "median": 23.7869777679, "var": 422.400268555}, "melbands_crest": {"mean": 15.4783811569, "dvar": 10.8135385513, "min": 1.98233520985, "dmean": 3.9284453392, "dmean2": 6.01175832748, "dvar2": 25.0692596436, "max": 32.2890510559, "median": 15.1394805908, "var": 42.1797370911}, "average_loudness": 0.96020424366, "spectral_flux": {"mean": 0.0901620984077, "dvar": 0.00163341418374, "min": 1.0584400717e-10, "dmean": 0.0313081741333, "dmean2": 0.049313031137, "dvar2": 0.003259281395, "max": 0.335876762867, "median": 0.0769561231136, "var": 0.0037103430368}, "spectral_rolloff": {"mean": 1852.64807129, "dvar": 1403984.625, "min": 129.19921875, "dmean": 561.472351074, "dmean2": 931.141967773, "dvar2": 2645162.5, "max": 18906.1523438, "median": 1830.32226562, "var": 3140653.25}, "melbands": {"mean": [0.00047899610945, 0.00355186243542, 0.00191022839863, 0.000346128566889, 0.000279551109998, 0.000390771252569, 0.000203085917747, 9.4332775916e-05, 0.000206926750252, 0.00019929363043, 0.000175716762897, 5.42399648111e-05, 5.7326433307e-05, 0.000110184810183, 6.81381497998e-05, 4.35260335507e-05, 5.11789730808e-05, 6.49630092084e-05, 7.95110900071e-05, 8.55288526509e-05, 3.38334502885e-05, 2.86836620944e-05, 3.06214787997e-05, 2.20994643314e-05, 1.60873914865e-05, 1.18163379739e-05, 9.6689836937e-06, 9.05590877665e-06, 4.97419205203e-06, 3.84685699828e-06, 2.11932456295e-06, 8.88372369445e-07, 5.57993530492e-07, 4.00077283302e-07, 3.21404655779e-07, 3.29074794081e-07, 3.7780333173e-07, 4.35231271467e-07, 7.04897274773e-07, 7.19354602552e-07], "dvar": [1.38040627462e-06, 2.96300786431e-05, 5.49761625734e-06, 1.31074466481e-06, 6.60924627027e-07, 2.76048240266e-07, 8.90855389457e-08, 1.92853324421e-08, 1.25403715856e-07, 1.66508911548e-07, 1.10847587109e-07, 1.0438707676e-08, 1.0260648331e-08, 2.36865957959e-08, 7.90433052344e-09, 3.34380589884e-09, 4.69887373455e-09, 6.30888630226e-09, 1.12664055862e-08, 1.24308492389e-08, 1.49764889379e-09, 2.86315415821e-09, 4.04992084313e-09, 1.13381004585e-09, 2.09218559144e-10, 1.44321332662e-10, 7.30382559988e-11, 8.81163822464e-11, 2.50620618009e-11, 1.46334333539e-11, 7.38564071012e-12, 3.93532819179e-12, 2.30503983956e-12, 1.79287227425e-12, 7.38136656832e-13, 6.18796517932e-13, 5.74956369407e-13, 6.27659545432e-13, 4.54711789055e-12, 8.92986119078e-12], "min": [1.01852024506e-23, 6.30861137806e-24, 1.48042922842e-23, 2.24676279054e-23, 1.26590039851e-23, 4.1077285011e-24, 4.65620100597e-24, 1.02374834183e-23, 1.6745565376e-23, 2.27727320879e-24, 1.16957701099e-23, 1.87837547631e-23, 7.29732703817e-24, 8.51647133528e-24, 7.58363069309e-24, 1.18530350534e-23, 1.03700428159e-23, 1.17027957052e-23, 1.08561917594e-23, 6.25494240966e-24, 7.84718202177e-24, 1.23425335003e-23, 1.70435070958e-23, 1.7061365329e-23, 9.64808599294e-24, 1.81202943428e-23, 1.36745330274e-23, 1.35090505198e-23, 1.25602843537e-23, 1.6518471254e-23, 9.61062851057e-24, 1.03972940159e-23, 1.40958336601e-23, 1.3713690505e-23, 7.29068561821e-24, 7.67037147164e-24, 1.13439444571e-23, 1.05858656933e-23, 1.25325787698e-23, 8.42767636293e-24], "dmean": [0.000492937746458, 0.00241623236798, 0.00108089658897, 0.000422642187914, 0.000300442246953, 0.000290930969641, 0.000137493363582, 7.47891463106e-05, 0.000167580947164, 0.00016162636166, 0.000146000937093, 4.3039330194e-05, 4.13506459154e-05, 6.58897843095e-05, 4.49360377388e-05, 2.98481209029e-05, 3.56626114808e-05, 4.70301420137e-05, 5.06557007611e-05, 5.50440599909e-05, 1.97339013539e-05, 1.85197932296e-05, 2.06132517633e-05, 1.40319134516e-05, 9.0418061518e-06, 6.92014100423e-06, 5.35978870175e-06, 5.21754691363e-06, 2.79266510006e-06, 2.11821247831e-06, 1.32312163714e-06, 5.90469085182e-07, 3.56991279205e-07, 2.61308173322e-07, 2.10715214166e-07, 2.13391814441e-07, 2.42954826035e-07, 2.85371328346e-07, 4.93985282901e-07, 5.36848915544e-07], "dmean2": [0.000852545315865, 0.00333858490922, 0.00149073440116, 0.000755249522626, 0.000542479101568, 0.000457058253232, 0.00020654842956, 0.000122558165458, 0.000270667980658, 0.000253499078099, 0.000229106051847, 6.6745953518e-05, 6.2799132138e-05, 0.000101648351119, 7.08507868694e-05, 4.64365512016e-05, 5.74935802433e-05, 7.71551203798e-05, 7.69831021898e-05, 7.97880202299e-05, 3.04831683025e-05, 2.81719258055e-05, 3.10554351017e-05, 2.1178570023e-05, 1.3398676856e-05, 1.02233570942e-05, 7.84048916103e-06, 7.62404033594e-06, 3.93849268221e-06, 3.05651110466e-06, 1.90287505575e-06, 8.90121953034e-07, 5.35988078809e-07, 3.92573298313e-07, 3.08846608732e-07, 3.05916898924e-07, 3.47813681856e-07, 4.14262927961e-07, 7.18794808563e-07, 7.79369713655e-07], "dvar2": [4.10933807871e-06, 5.21205256518e-05, 8.26400264486e-06, 3.77518017558e-06, 1.85627845894e-06, 6.65746256345e-07, 2.04405665727e-07, 4.85561351127e-08, 3.13046825795e-07, 4.01372517445e-07, 2.73382482874e-07, 2.40170958676e-08, 2.26779004464e-08, 5.81676147249e-08, 2.03917664976e-08, 8.11306311022e-09, 1.16811582629e-08, 1.75803940294e-08, 2.41593482997e-08, 2.39252848644e-08, 3.30846083862e-09, 7.11240444318e-09, 1.02395976143e-08, 2.74424505342e-09, 4.73576844406e-10, 3.29422766843e-10, 1.64090560584e-10, 1.82506718072e-10, 5.46416453751e-11, 3.058889253e-11, 1.57296606296e-11, 8.45379755782e-12, 5.30809510929e-12, 4.4200433244e-12, 1.53325691987e-12, 1.26093926966e-12, 1.20811997559e-12, 1.25831896985e-12, 9.39899373609e-12, 1.7493489296e-11], "max": [0.00773902889341, 0.045925218612, 0.0190670304, 0.00851665902883, 0.0102725373581, 0.00901742931455, 0.00519917719066, 0.00228877016343, 0.00483096437529, 0.0111706396565, 0.00519705703482, 0.00205659051426, 0.00197810796089, 0.00380234140903, 0.00191716500558, 0.00103841815144, 0.00114282302093, 0.00102982274257, 0.00145121244714, 0.00151900935452, 0.000598545593675, 0.000868325703777, 0.000951754569542, 0.000479204085423, 0.000212437371374, 0.000164604294696, 0.000121102872072, 0.000235247352975, 0.000128895640955, 8.80591178429e-05, 4.62294410681e-05, 7.82600036473e-05, 5.26603580511e-05, 5.51960547455e-05, 3.676412598e-05, 3.4882901673e-05, 2.36105333897e-05, 2.88619739877e-05, 8.16500178189e-05, 0.000123962701764], "median": [7.5733819358e-06, 2.34810213442e-05, 2.75188267551e-05, 2.28226799663e-05, 6.2078499468e-05, 0.000110862478323, 6.55403491692e-05, 3.09026727336e-05, 4.67882055091e-05, 3.06056244881e-05, 3.7558740587e-05, 1.00503748399e-05, 1.03822549136e-05, 3.11288968078e-05, 2.11134720303e-05, 9.70820110524e-06, 1.79413909791e-05, 1.58823568199e-05, 1.46023012348e-05, 1.39991789183e-05, 1.12849020297e-05, 8.69396444614e-06, 9.89019190456e-06, 8.70750773174e-06, 7.96726635599e-06, 5.48551633983e-06, 4.20046126237e-06, 3.08083713207e-06, 1.77254764822e-06, 1.26056727368e-06, 4.02894301033e-07, 1.68622037222e-07, 9.50142293732e-08, 9.98419551479e-08, 9.37887492114e-08, 7.77470816615e-08, 6.94750355024e-08, 6.02637513225e-08, 5.21591907443e-08, 3.87396212886e-08], "var": [1.47902835579e-06, 6.06399844401e-05, 1.53406181198e-05, 8.65507558956e-07, 4.7823090199e-07, 4.24583220138e-07, 1.66868559859e-07, 2.43116282661e-08, 2.03603008231e-07, 2.30828632652e-07, 1.41015675581e-07, 1.62888049715e-08, 1.91344309286e-08, 4.19608561231e-08, 1.18219061207e-08, 6.25002716248e-09, 7.35276151076e-09, 1.04028332615e-08, 2.41925466327e-08, 3.00017966026e-08, 3.34732175311e-09, 3.48505291292e-09, 4.89200013831e-09, 1.84696036243e-09, 4.77864248172e-10, 2.74890221696e-10, 1.74484024451e-10, 2.00598496147e-10, 5.87763518411e-11, 3.87656191869e-11, 1.73514154433e-11, 6.81825342713e-12, 4.08020449025e-12, 2.6646725191e-12, 1.42836762383e-12, 1.15342718016e-12, 1.07808217648e-12, 1.18140111409e-12, 7.37877293988e-12, 1.42964893396e-11]}, "spectral_energy": {"mean": 0.0283834803849, "dvar": 0.000301245832816, "min": 1.12029545534e-20, "dmean": 0.0123415645212, "dmean2": 0.0157864969224, "dvar2": 0.000444328063168, "max": 0.165129974484, "median": 0.0158686600626, "var": 0.0011359496275}, "spectral_decrease": {"mean": -7.06016844987e-09, "dvar": 2.07527687745e-17, "min": -4.32650999471e-08, "dmean": 3.13322634504e-09, "dmean2": 4.02394695342e-09, "dvar2": 3.08125406833e-17, "max": -6.49001377292e-29, "median": -3.72641117963e-09, "var": 7.71066069461e-17}, "erbbands_spread": {"mean": 30.394443512, "dvar": 116.221687317, "min": 2.00632333755, "dmean": 8.95879173279, "dmean2": 13.7122297287, "dvar2": 256.146240234, "max": 217.121612549, "median": 25.8210830688, "var": 400.7996521}, "spectral_contrast_coeffs": {"mean": [-0.633916020393, -0.697486519814, -0.710326969624, -0.7155559659, -0.732320904732, -0.745218515396], "dvar": [0.00392237864435, 0.00236356258392, 0.00191990018357, 0.00126729754265, 0.000709099287633, 0.000617005222011], "min": [-0.962048590183, -0.971176803112, -0.962869763374, -0.956212520599, -0.961310207844, -0.957407653332], "dmean": [0.0629338547587, 0.058313421905, 0.0519706644118, 0.0404656380415, 0.0300146434456, 0.0250783693045], "dmean2": [0.101123839617, 0.0931630656123, 0.0795264393091, 0.0622936189175, 0.0454867295921, 0.0366850271821], "dvar2": [0.00986454915255, 0.0055317748338, 0.00429061846808, 0.00254978914745, 0.00151534925681, 0.00118334894069], "max": [-0.271716833115, -0.349874287844, -0.396913200617, -0.47553190589, -0.450757980347, -0.555402398109], "median": [-0.637191474438, -0.715328931808, -0.723690032959, -0.706920027733, -0.736356854439, -0.742177665234], "var": [0.0112738311291, 0.00951061397791, 0.0103149823844, 0.00537302531302, 0.00394072663039, 0.00315399514511]}, "spectral_energyband_middle_high": {"mean": 0.00632748333737, "dvar": 1.26427175928e-05, "min": 1.87297480203e-21, "dmean": 0.00268614687957, "dmean2": 0.00351448426954, "dvar2": 2.22202943405e-05, "max": 0.0401240065694, "median": 0.00375140225515, "var": 4.6421042498e-05}, "erbbands_crest": {"mean": 11.6598052979, "dvar": 8.17598247528, "min": 2.9513220787, "dmean": 3.25350570679, "dmean2": 5.39300203323, "dvar2": 21.0431957245, "max": 32.861907959, "median": 9.97676944733, "var": 38.2349510193}, "barkbands_crest": {"mean": 11.8015499115, "dvar": 6.99947738647, "min": 2.77953100204, "dmean": 3.00740361214, "dmean2": 4.71008777618, "dvar2": 15.9539241791, "max": 25.1384525299, "median": 10.742433548, "var": 27.3621330261}, "pitch_salience": {"mean": 0.48094150424, "dvar": 0.00983557943255, "min": 0.118327625096, "dmean": 0.0901981815696, "dmean2": 0.146768197417, "dvar2": 0.0217070374638, "max": 0.829459130764, "median": 0.489542633295, "var": 0.0172448325902}, "melbands_skewness": {"mean": 2.21061253548, "dvar": 1.19247686863, "min": -3.90793418884, "dmean": 0.994398713112, "dmean2": 1.45447278023, "dvar2": 2.34225034714, "max": 14.0731420517, "median": 1.51326966286, "var": 5.54714250565}, "spectral_spread": {"mean": 3526906, "dvar": 1154540371970.0, "min": 604422.625, "dmean": 581400.375, "dmean2": 814142.4375, "dvar2": 1697662631940.0, "max": 40876472, "median": 3100157.25, "var": 4633923158020.0}, "spectral_entropy": {"mean": 7.14003705978, "dvar": 0.0469232574105, "min": 4.67877864838, "dmean": 0.188458532095, "dmean2": 0.277000248432, "dvar2": 0.0893059074879, "max": 9.78978824615, "median": 7.26762580872, "var": 0.380786478519}, "erbbands_flatness_db": {"mean": 0.233437925577, "dvar": 0.000452528969618, "min": 0.0617808736861, "dmean": 0.0220627393574, "dmean2": 0.031445838511, "dvar2": 0.000891983159818, "max": 0.478221684694, "median": 0.227366268635, "var": 0.00474805710837}, "spectral_kurtosis": {"mean": 7.73194885254, "dvar": 33.904964447, "min": -1.59574699402, "dmean": 3.82891201973, "dmean2": 6.53142261505, "dvar2": 93.174949646, "max": 113.332183838, "median": 5.66191387177, "var": 65.1372299194}, "erbbands_skewness": {"mean": 0.12048625201, "dvar": 0.292978465557, "min": -5.74726867676, "dmean": 0.525802016258, "dmean2": 0.77293998003, "dvar2": 0.613780200481, "max": 5.21968460083, "median": -0.0515813566744, "var": 1.23352372646}, "erbbands_kurtosis": {"mean": 2.17705202103, "dvar": 7.08054208755, "min": -1.9237844944, "dmean": 1.56958758831, "dmean2": 2.49358272552, "dvar2": 17.1422233582, "max": 44.4387512207, "median": 0.108915090561, "var": 48.0827713013}, "barkbands_spread": {"mean": 17.574098587, "dvar": 53.4845046997, "min": 0.358660340309, "dmean": 5.54102754593, "dmean2": 8.44762516022, "dvar2": 110.241859436, "max": 123.529800415, "median": 15.9416971207, "var": 158.115036011}, "zerocrossingrate": {"mean": 0.0660685151815, "dvar": 0.000425177771831, "min": 0.0048828125, "dmean": 0.0130744976923, "dmean2": 0.0134816123173, "dvar2": 0.000407144427299, "max": 0.49609375, "median": 0.06201171875, "var": 0.00235473830253}, "spectral_centroid": {"mean": 1560.21850586, "dvar": 175692.484375, "min": 135.254165649, "dmean": 314.910614014, "dmean2": 466.919403076, "dvar2": 326951.96875, "max": 10885.4072266, "median": 1630.5501709, "var": 617640.9375}, "barkbands_skewness": {"mean": 1.23562824726, "dvar": 0.72862637043, "min": -10.4903345108, "dmean": 0.792650997639, "dmean2": 1.13509857655, "dvar2": 1.36814105511, "max": 11.6656007767, "median": 0.737353861332, "var": 3.14442634583}, "melbands_flatness_db": {"mean": 0.233478873968, "dvar": 0.00125790492166, "min": 0.00605093641207, "dmean": 0.0341411344707, "dmean2": 0.047859787941, "dvar2": 0.00201512011699, "max": 0.651443123817, "median": 0.209969177842, "var": 0.0110930092633}, "spectral_contrast_valleys": {"mean": [-8.75898742676, -7.47243595123, -8.03930664062, -8.25982379913, -8.10362625122, -11.2908716202], "dvar": [0.317378401756, 0.329559594393, 0.295385032892, 0.246320381761, 0.182554990053, 0.204548329115], "min": [-27.4772872925, -27.352306366, -27.0355129242, -27.196893692, -27.2890949249, -27.2752113342], "dmean": [0.545197963715, 0.525221526623, 0.499809801579, 0.451584011316, 0.379356026649, 0.410292476416], "dmean2": [0.787271797657, 0.7921474576, 0.725585281849, 0.607492089272, 0.469191998243, 0.522516489029], "dvar2": [0.456075668335, 0.613084852695, 0.551596283913, 0.362818986177, 0.242552861571, 0.314703851938], "max": [-5.31650686264, -4.84915924072, -5.48595523834, -5.64697551727, -5.89634227753, -8.00209712982], "median": [-8.80144500732, -7.18224191666, -7.78451251984, -7.97718715668, -7.79499101639, -11.0232448578], "var": [3.53522896767, 2.33948397636, 1.80575799942, 1.83436751366, 1.85340487957, 2.09115886688]}, "barkbands_flatness_db": {"mean": 0.192418307066, "dvar": 0.000701496959664, "min": 0.0402042940259, "dmean": 0.0272520538419, "dmean2": 0.0407309792936, "dvar2": 0.00135885353666, "