{"metadata": {"audio_properties": {"downmix": "mix", "bit_rate": 0, "lossless": true, "md5_encoded": "ff5f7dd47922d677ea51a50195d84d94", "analysis_sample_rate": 44100, "replay_gain": -11.7893466949, "equal_loudness": 0, "codec": "flac", "length": 454.733337402}, "tags": {"releasestatus": ["official"], "albumartist_credit": ["Elton John"], "replaygain_track_peak": ["0.991211"], "album artist": ["Elton John"], "tracknumber": ["12"], "tracktotal": ["13"], "album": ["Too Low for Zero"], "originaldate": ["1983-5-23"], "albumartist": ["Elton John"], "asin": ["B000009EJU"], "releasetype": ["album"], "media": ["CD"], "track": ["12"], "file_name": "12. Dreamboat.flac", "trackc": ["13"], "albumartistsort": ["John, Elton"], "script": ["Latn"], "date": ["1998"], "releasecountry": ["GB"], "artist": ["Elton John"], "musicbrainz_albumartistid": ["b83bc61f-8451-4a5d-8b8e-7e9ed295e822"], "musicbrainz_albumstatus": ["Official"], "discc": ["1"], "musicbrainz_releasegroupid": ["06e023f6-8b88-3554-9ce6-e2b8f1e69925"], "replaygain_reference_loudness": ["89.0 dB"], "publisher": ["The Rocket Record Company"], "genre": ["Classic Rock"], "year": ["1998"], "musicbrainz_albumid": ["96b5ac99-9fc5-4a48-80dc-96da485b7ea6"], "musicbrainz_recordingid": ["d243e157-32b0-45c9-a912-10c0517fc3ba"], "acoustid_id": ["e5659e31-a33c-416c-8d20-d099da93bde0"], "replaygain_track_gain": ["-6.39 dB"], "musicbrainz_discid": ["6IXQwvyYb4lVmOV4wGbwOW4u6WU-"], "barcode": ["731455847529"], "totaltracks": ["13"], "discnumber": ["1"], "replaygain_album_gain": ["-7.03 dB"], "compilation": ["0"], "language": ["eng"], "bpm": ["0"], "catalognumber": ["558 475-2"], "musicbrainz_artistid": ["b83bc61f-8451-4a5d-8b8e-7e9ed295e822"], "label": ["The Rocket Record Company"], "musicbrainz_albumtype": ["album"], "disc": ["1"], "title": ["Dreamboat"], "totaldiscs": ["1"], "artist_credit": ["Elton John"], "artistsort": ["John, Elton"], "disctotal": ["1"], "replaygain_album_peak": ["1.000000"]}, "version": {"essentia_build_sha": "12879b851c9f4b0d899e1af4e221aa110f283a84", "essentia_git_sha": "v2.1_beta1-7-ge0e83e8-dirty", "extractor": "music 1.0", "essentia": "2.1-beta1"}}, "tonal": {"chords_scale": "major", "hpcp": {"dmean": [0.149425059557, 0.116035036743, 0.0729255825281, 0.0614740848541, 0.0669072493911, 0.109582275152, 0.148363500834, 0.130505055189, 0.109385296702, 0.0993709713221, 0.0797453969717, 0.0712318792939, 0.0785305947065, 0.0896620973945, 0.152633294463, 0.194076120853, 0.168731495738, 0.118989422917, 0.0843849331141, 0.0755542814732, 0.102935388684, 0.135311082006, 0.135710194707, 0.1352609694, 0.123099595308, 0.10310960561, 0.128780379891, 0.150488853455, 0.123671591282, 0.118732824922, 0.122083380818, 0.0946671143174, 0.0689905956388, 0.0718270242214, 0.0847807526588, 0.124922856688], "dvar2": [0.10494876653, 0.0790506675839, 0.061949275434, 0.0555037930608, 0.0641534253955, 0.0716108754277, 0.0994084626436, 0.0857639461756, 0.0774705037475, 0.0770606249571, 0.0617250204086, 0.0610770769417, 0.0700694099069, 0.0789987891912, 0.0919663459063, 0.127158537507, 0.109241396189, 0.106024384499, 0.0840053111315, 0.0722983330488, 0.0803758203983, 0.103635676205, 0.110290393233, 0.116493687034, 0.111630141735, 0.0925539880991, 0.111447192729, 0.140004232526, 0.107033409178, 0.0963002517819, 0.0992449298501, 0.0751647949219, 0.0628174096346, 0.0679628774524, 0.0713645145297, 0.0872602164745], "mean": [0.240670531988, 0.152731910348, 0.0634501203895, 0.050316426903, 0.0555170886219, 0.144868567586, 0.232168257236, 0.174208387733, 0.131684526801, 0.140622422099, 0.0930715128779, 0.0666724443436, 0.0752460807562, 0.0844662114978, 0.241866126657, 0.414501219988, 0.290360450745, 0.111654289067, 0.069567732513, 0.0606002248824, 0.116773769259, 0.198100566864, 0.185479208827, 0.162028446794, 0.152191758156, 0.104871250689, 0.142652228475, 0.183847650886, 0.126907512546, 0.154557004571, 0.196951135993, 0.114346586168, 0.0627755299211, 0.0691736638546, 0.0786345377564, 0.16840018332], "var": [0.0898699983954, 0.0420479401946, 0.0189022552222, 0.0160004645586, 0.0177340637892, 0.0390839874744, 0.0856299772859, 0.0494823455811, 0.0412026904523, 0.0634897276759, 0.0339396633208, 0.0210381578654, 0.0253591425717, 0.0263931993395, 0.0638079494238, 0.140473842621, 0.0940259695053, 0.0366698279977, 0.0247351545841, 0.0197605788708, 0.0373576655984, 0.0835544764996, 0.075760088861, 0.0635996758938, 0.0714134424925, 0.0379506088793, 0.0480675399303, 0.071675337851, 0.0384324863553, 0.0587004832923, 0.090556293726, 0.0332531444728, 0.0212537627667, 0.0254034791142, 0.0251869075, 0.0520910955966], "dmean2": [0.250597983599, 0.196374997497, 0.130379974842, 0.110796578228, 0.121736615896, 0.185585469007, 0.248044028878, 0.221933186054, 0.185270026326, 0.168849661946, 0.137340441346, 0.124991431832, 0.139126956463, 0.158577054739, 0.255844950676, 0.325340479612, 0.283686429262, 0.210880279541, 0.152562901378, 0.137014627457, 0.179021626711, 0.229281365871, 0.23221860826, 0.235599860549, 0.213315293193, 0.181310102344, 0.224734723568, 0.262751191854, 0.218417212367, 0.205346852541, 0.206274047494, 0.163682699203, 0.122495085001, 0.128381192684, 0.149396851659, 0.210345134139], "dvar": [0.0452463701367, 0.0305574424565, 0.0226186439395, 0.020316477865, 0.0231219530106, 0.0275615267456, 0.0430490635335, 0.0338001362979, 0.0302622485906, 0.0327440053225, 0.0242578331381, 0.0230293162167, 0.0265195798129, 0.0289117712528, 0.0361559391022, 0.0561540834606, 0.0454839766026, 0.0390851609409, 0.0307105127722, 0.0260217040777, 0.0306218657643, 0.0433912202716, 0.0438113175333, 0.044692736119, 0.0441775470972, 0.0353042818606, 0.0424866788089, 0.0556985065341, 0.0397400856018, 0.0373531579971, 0.0420890450478, 0.0278908852488, 0.0230886638165, 0.0251246877015, 0.0265383441001, 0.03486822173], "min": [0, 0, 0, 0, 0, 0, 0, 0, 0, 0, 0, 0, 0, 0, 0, 0, 0, 0, 0, 0, 0, 0, 0, 0, 0, 0, 0, 0, 0, 0, 0, 0, 0, 0, 0, 0], "median": [0.10482904315, 0.0662599876523, 0.0156499296427, 0.00981631781906, 0.0140236876905, 0.06269569695, 0.1061982885, 0.0814431160688, 0.0436719693244, 0.0299378503114, 0.0176486372948, 0.0154984695837, 0.0164958480746, 0.0225688479841, 0.146506667137, 0.273395776749, 0.159348279238, 0.0308795794845, 0.013886962086, 0.0116315875202, 0.0355484299362, 0.0590702146292, 0.056231983006, 0.0412190966308, 0.025939527899, 0.0219495166093, 0.0489146783948, 0.0680989548564, 0.0477748066187, 0.0429758839309, 0.0502475574613, 0.0364811010659, 0.0133870206773, 0.0126639325172, 0.0195835009217, 0.0675542354584], "max": [1, 1, 1, 1, 1, 1, 1, 1, 1, 1, 1, 1, 1, 1, 1, 1, 1, 1, 1, 1, 1, 1, 1, 1, 1, 1, 1, 1, 1, 1, 1, 1, 1, 1, 1, 1]}, "tuning_equal_tempered_deviation": 0.0131740551442, "chords_key": "G", "chords_strength": {"dmean": 0.0104601625353, "dvar2": 0.000432384316809, "mean": 0.52002364397, "var": 0.0215205773711, "dmean2": 0.00989507883787, "dvar": 0.000265741429757, "min": -1, "median": 0.526280343533, "max": 0.799385428429}, "tuning_diatonic_strength": 0.617879867554, "thpcp": [1, 0.700505673885, 0.269370228052, 0.167834803462, 0.146200358868, 0.281721174717, 0.477925181389, 0.447475671768, 0.390899807215, 0.367168426514, 0.253005892038, 0.344153940678, 0.443539470434, 0.306169211864, 0.372874677181, 0.475152134895, 0.275865495205, 0.151448354125, 0.166884109378, 0.189708814025, 0.406271874905, 0.58062684536, 0.368471562862, 0.153075829148, 0.121390298009, 0.133937090635, 0.349500954151, 0.56011480093, 0.42028439045, 0.317693948746, 0.339256942272, 0.224538579583, 0.160849809647, 0.181534036994, 0.203777953982, 0.58351123333], "chords_histogram": [29.0207290649, 10.2930660248, 21.0660667419, 0.0510568767786, 1.26621055603, 0.622893929482, 7.49514961243, 0, 0.010211375542, 0, 0, 0, 0, 0.21443888545, 0, 0.112325131893, 0, 0.0919023826718, 0.449300527573, 17.8086395264, 2.98172163963, 1.60318589211, 2.20565700531, 4.70744419098], "tuning_nontempered_energy_ratio": 0.670867919922, "tuning_frequency": 439.745910645, "key_strength": 0.768195271492, "chords_changes_rate": 0.0576942712069, "key_scale": "major", "hpcp_entropy": {"dmean": 0.599914848804, "dvar2": 0.729963064194, "mean": 1.85101187229, "var": 0.51298803091, "dmean2": 1.01454150677, "dvar": 0.272061020136, "min": 0, "median": 1.87678694725, "max": 4.32990169525}, "key_key": "G", "chords_number_rate": 0.00102113757748}, "lowlevel": {"melbands_skewness": {"dmean": 0.681709587574, "dvar2": 1.83023798466, "mean": 1.88296723366, "var": 2.70787072182, "dmean2": 1.02842092514, "dvar": 0.8121317029, "min": -2.71684122086, "median": 1.5419293642, "max": 16.5328578949}, "melbands_kurtosis": {"dmean": 5.41355133057, "dvar2": 410.533538818, "mean": 8.39817333221, "var": 367.41583252, "dmean2": 8.60726165771, "dvar": 178.03125, "min": -1.845443964, "median": 2.78793287277, "max": 379.577545166}, "barkbands_kurtosis": {"dmean": 5.60343456268, "dvar2": 5991.54980469, "mean": 15.7248153687, "var": 24266.9863281, "dmean2": 9.30035686493, "dvar": 2152.12011719, "min": -1.92371058464, "median": 0.579392433167, "max": 2869.18066406}, "hfc": {"dmean": 5.1690955162, "dvar2": 143.011489868, "mean": 15.2695493698, "var": 417.735321045, "dmean2": 6.95281076431, "dvar": 82.0645599365, "min": 4.42502569058e-05, "median": 7.69260454178, "max": 179.174835205}, "silence_rate_20dB": {"dmean": 0, "dvar2": 0, "mean": 1, "var": 0, "dmean2": 0, "dvar": 0, "min": 1, "median": 1, "max": 1}, "erbbands_flatness_db": {"dmean": 0.0236324239522, "dvar2": 0.000982541940175, "mean": 0.182780921459, "var": 0.00412348471582, "dmean2": 0.0308816693723, "dvar": 0.000576662598178, "min": 0.0455208942294, "median": 0.178981781006, "max": 0.4622169137}, "spectral_flux": {"dmean": 0.0233397707343, "dvar2": 0.00219432055019, "mean": 0.0604342706501, "var": 0.00275013642386, "dmean2": 0.0354538932443, "dvar": 0.00106387061533, "min": 5.45527618669e-05, "median": 0.0446368157864, "max": 0.350354641676}, "spectral_energyband_low": {"dmean": 0.00296032335609, "dvar2": 0.000209573918255, "mean": 0.00397827243432, "var": 6.35434189462e-05, "dmean2": 0.00491056591272, "dvar": 7.80615300755e-05, "min": 4.85487674097e-14, "median": 0.00247458345257, "max": 0.113987989724}, "spectral_rolloff": {"dmean": 418.714599609, "dvar2": 1472926, "mean": 1822.41162109, "var": 5303945.5, "dmean2": 692.010131836, "dvar": 663069.5, "min": 86.1328125, "median": 1442.72460938, "max": 21963.8671875}, "spectral_entropy": {"dmean": 0.206416979432, "dvar2": 0.0884076803923, "mean": 7.36561918259, "var": 0.296504259109, "dmean2": 0.283451497555, "dvar": 0.0477524921298, "min": 4.67867851257, "median": 7.40361738205, "max": 9.80819320679}, "spectral_energy": {"dmean": 0.0063540963456, "dvar2": 0.000360892619938, "mean": 0.0151477912441, "var": 0.000311883079121, "dmean2": 0.00958290323615, "dvar": 0.000152557608089, "min": 2.14929363196e-09, "median": 0.00930300168693, "max": 0.150149136782}, "spectral_centroid": {"dmean": 241.00112915, "dvar2": 180612.953125, "mean": 1449.34484863, "var": 493461.5625, "dmean2": 358.680908203, "dvar": 86372.4609375, "min": 127.117919922, "median": 1362.83435059, "max": 11307.0185547}, "barkbands_flatness_db": {"dmean": 0.0231093540788, "dvar2": 0.00118146056775, "mean": 0.148234888911, "var": 0.00510319368914, "dmean2": 0.0326754339039, "dvar": 0.000571859010961, "min": 0.0187393464148, "median": 0.131721407175, "max": 0.503972709179}, "spectral_rms": {"dmean": 0.000672226480674, "dvar2": 2.27283339882e-06, "mean": 0.00329085206613, "var": 3.94860853703e-06, "dmean2": 0.000962953956332, "dvar": 1.04850505522e-06, "min": 1.44805801483e-06, "median": 0.00301265646704, "max": 0.0121031794697}, "melbands": {"dmean": [0.000348758272594, 0.000711767701432, 0.000431584339822, 0.000227495707804, 8.17117179395e-05, 6.73479007673e-05, 7.13855188224e-05, 0.00011100069969, 8.85225235834e-05, 7.79360343586e-05, 4.7801364417e-05, 5.91864736634e-05, 6.02325817454e-05, 6.11738068983e-05, 5.19205750606e-05, 4.39612849732e-05, 3.34759497491e-05, 3.51521048287e-05, 2.48596461461e-05, 2.1397792807e-05, 1.49526731548e-05, 1.2768432498e-05, 1.10998516902e-05, 7.43955251892e-06, 5.0320650189e-06, 5.70331258132e-06, 5.16900990988e-06, 2.85823170998e-06, 1.34183585487e-06, 1.26354393615e-06, 1.0028405768e-06, 6.94007212587e-07, 6.88361637913e-07, 9.263782772e-07, 9.12548728138e-07, 5.20980620422e-07, 3.5332257653e-07, 2.95046703513e-07, 2.44024789708e-07, 2.53994130617e-07], "dvar2": [3.86401416108e-06, 1.38146042445e-05, 4.03317289965e-06, 1.77473623353e-06, 6.26751273103e-08, 5.11876265819e-08, 6.64229418135e-08, 2.05963459621e-07, 2.08017127079e-07, 2.94290572356e-07, 7.6480155542e-08, 1.24922721056e-07, 1.31896442213e-07, 1.17439810765e-07, 9.32596790904e-08, 5.17506038022e-08, 2.93962205689e-08, 3.20246051899e-08, 2.97607041233e-08, 1.25359322922e-08, 3.81101106228e-09, 2.48214648835e-09, 2.24321294873e-09, 8.77840578006e-10, 4.22078233475e-10, 4.50751380665e-10, 4.83584006172e-10, 1.54368337557e-10, 3.00449665147e-11, 2.19906141907e-11, 1.65494267595e-11, 1.08430087825e-11, 1.24157715359e-11, 1.49092561214e-11, 1.17860460974e-11, 6.31867735218e-12, 2.26847078448e-12, 1.74297555555e-12, 8.37634920193e-13, 8.15188953666e-13], "mean": [0.000439260387793, 0.000893639225978, 0.000472667859867, 0.000235279483604, 0.0001566590945, 0.000139033727464, 0.000129114312585, 0.000160374096595, 0.000145341356983, 0.000125096121337, 8.4998748207e-05, 0.000100366451079, 0.00010938707419, 0.000116480776342, 9.77733361651e-05, 8.69391806191e-05, 5.6278284319e-05, 6.13774900557e-05, 4.04409765906e-05, 4.05410137319e-05, 2.93192606478e-05, 2.520572707e-05, 2.14462670556e-05, 1.72965246747e-05, 1.00874694908e-05, 1.07283030957e-05, 9.38659741223e-06, 5.17848457093e-06, 2.04949719773e-06, 1.65201720392e-06, 1.37087238272e-06, 9.13674853109e-07, 9.34460786084e-07, 1.29163368001e-06, 1.2932152913e-06, 6.66165135499e-07, 4.49595802365e-07, 3.81242131198e-07, 3.02041001987e-07, 3.12092197419e-07], "var": [1.16370006253e-06, 3.69133181266e-06, 1.25078543078e-06, 5.36276218099e-07, 6.22151290486e-08, 6.66150796746e-08, 4.55768258689e-08, 8.72413039588e-08, 1.34269271257e-07, 2.47195060865e-07, 4.99697669909e-08, 8.8990923075e-08, 1.66484369402e-07, 1.53321167318e-07, 1.30810803967e-07, 1.25055606759e-07, 3.22659765573e-08, 4.40796164014e-08, 2.08538128987e-08, 2.19631584031e-08, 5.53653567437e-09, 3.31570193524e-09, 2.88589108166e-09, 2.33969021934e-09, 8.89528617432e-10, 7.03828217929e-10, 6.0777516353e-10, 1.96006669229e-10, 2.40506885241e-11, 1.35804891638e-11, 9.46222093734e-12, 5.95932981781e-12, 6.29438688671e-12, 8.92774829758e-12, 8.38943498005e-12, 3.13121880854e-12, 1.41654765175e-12, 1.1168265748e-12, 5.43676052529e-13, 5.29929724234e-13], "dmean2": [0.0005852637114, 0.00121375801973, 0.000724686717149, 0.000378080410883, 0.000129434120026, 0.000107199251943, 0.000113943991892, 0.000182807605597, 0.000137141178129, 0.000123017467558, 7.29719540686e-05, 8.90141891432e-05, 9.01633029571e-05, 9.04810076463e-05, 7.55429937271e-05, 6.4075946284e-05, 5.07233307872e-05, 5.21301626577e-05, 3.79191114916e-05, 3.16020705213e-05, 2.28836161114e-05, 1.95375432668e-05, 1.66527679539e-05, 1.11127455966e-05, 7.27599990569e-06, 8.36309845909e-06, 7.45073293729e-06, 4.26828955824e-06, 2.07742232305e-06, 1.94046015167e-06, 1.49879861056e-06, 1.03807508367e-06, 1.02443459582e-06, 1.34738104407e-06, 1.32328420932e-06, 7.90459978361e-07, 5.27275460627e-07, 4.35886590822e-07, 3.59618098855e-07, 3.6838412143e-07], "dvar": [1.44729540352e-06, 4.98362078361e-06, 1.54654026119e-06, 6.82973848143e-07, 2.54373784259e-08, 2.12013819834e-08, 2.62811514773e-08, 7.84193403547e-08, 8.77511965314e-08, 1.1947994949e-07, 3.26843014875e-08, 5.4150191886e-08, 6.11036199416e-08, 5.57716113292e-08, 4.64665674826e-08, 2.81454646256e-08, 1.32521220664e-08, 1.61827937717e-08, 1.31071935527e-08, 6.36139096954e-09, 1.75261472002e-09, 1.14550646746e-09, 1.05583686238e-09, 4.35893959816e-10, 2.37726532903e-10, 2.23876153727e-10, 2.46104608914e-10, 7.27945898005e-11, 1.28257361329e-11, 9.62001745625e-12, 7.09644322472e-12, 4.59921944279e-12, 5.11071523643e-12, 6.48508764051e-12, 5.44566778823e-12, 2.62117671318e-12, 1.02226094343e-12, 8.25175268827e-13, 3.89987114867e-13, 3.81058574452e-13], "min": [4.51562412137e-15, 2.96552778163e-15, 4.10308307716e-15, 4.51545979698e-15, 3.89743110086e-15, 5.14436778427e-15, 3.424110784e-15, 2.01977123855e-15, 4.680060745e-15, 3.92509265582e-15, 3.07424530745e-15, 2.56742568455e-15, 4.10165646192e-16, 7.12709244869e-16, 2.51062619621e-15, 1.19802423648e-15, 3.29278192542e-15, 2.18599531346e-15, 1.97873185698e-15, 1.41982277833e-15, 1.22007091591e-15, 5.44469337424e-16, 9.45534091053e-16, 6.37851014089e-16, 4.6061498147e-16, 3.86959855113e-16, 3.90869044513e-16, 2.63224355735e-16, 2.25583879156e-16, 4.41832105274e-16, 1.83847587994e-16, 5.24976144692e-16, 7.94611719275e-16, 1.42793131885e-15, 1.67435226145e-15, 1.2097571251e-15, 3.27611485812e-15, 4.17604861282e-15, 5.48701844594e-15, 6.36225970792e-15], "median": [0.000132361092255, 0.000493129016832, 0.000153424945893, 6.78883370711e-05, 7.26060243323e-05, 6.03454864176e-05, 6.22715451755e-05, 6.59583456581e-05, 5.56342456548e-05, 2.64531099674e-05, 2.90624029731e-05, 2.18955665332e-05, 1.88094509213e-05, 2.55419490713e-05, 1.92795650946e-05, 1.32146933538e-05, 1.03712209238e-05, 9.64583978202e-06, 8.58739895193e-06, 7.2476054811e-06, 6.29819123787e-06, 5.82100392421e-06, 4.02379191655e-06, 2.83165718429e-06, 1.8669813926e-06, 2.35580978369e-06, 1.52400832576e-06, 9.38754396884e-07, 6.26920893865e-07, 4.32268024042e-07, 3.53172623591e-07, 2.143898854e-07, 2.14602309256e-07, 3.17451394949e-07, 3.14096496368e-07, 1.25390741346e-07, 7.60010863132e-08, 6.48698303962e-08, 4.91814589054e-08, 5.59921318199e-08], "max": [0.0168159026653, 0.0320746265352, 0.019028974697, 0.0156958755106, 0.00331485434435, 0.00445312913507, 0.00448446534574, 0.00567636173218, 0.0106118172407, 0.0233317799866, 0.00768245337531, 0.0117283891886, 0.010499516502, 0.00994905456901, 0.0113668451086, 0.00850143656135, 0.00384865701199, 0.00457556173205, 0.00552994571626, 0.00507707335055, 0.00182143843267, 0.00133708852809, 0.00112483615521, 0.00080253201304, 0.000874072662555, 0.00059784919722, 0.000671242072713, 0.000389557942981, 0.000171739098732, 0.00012577167945, 0.000111716821266, 9.06278946786e-05, 0.000102132151369, 0.000129619598738, 0.000109727610834, 5.45576331206e-05, 4.83020739921e-05, 4.87972356495e-05, 2.33957907767e-05, 1.25611668409e-05]}, "barkbands_crest": {"dmean": 2.1758491993, "dvar2": 12.3625230789, "mean": 9.14378261566, "var": 17.87059021, "dmean2": 3.48370146751, "dvar": 4.99738168716, "min": 2.47852182388, "median": 8.09420490265, "max": 26.9446964264}, "mfcc": {"icov": [[9.7597920103e-05, 1.31455763039e-05, 9.39602468861e-05, -1.31630404212e-05, 8.21570574772e-06, -0.000219295892748, -4.15220165451e-06, -0.000239717730437, 4.15911272285e-05, -0.00013934452727, 0.000143707802636, 1.75978475454e-05, 6.93351612426e-05], [1.31455763039e-05, 0.000665865081828, 0.00017240869056, -7.33875422156e-05, -0.000294301862596, -3.38127174473e-05, -0.000382674741559, 7.79762049206e-05, 8.01067290013e-06, 0.000101374622318, -9.5132360002e-05, 0.000110143198981, -0.000199341651751], [9.39602468861e-05, 0.00017240869056, 0.00117715925444, -0.000139812313137, -0.000138862495078, -0.0010104685789, -0.0001230481721, 0.000240376306465, -0.000269485608442, 8.86728521436e-05, 0.000171842766576, 0.000206020544283, -6.00087550993e-05], [-1.31630404212e-05, -7.33875422156e-05, -0.000139812313137, 0.00295598991215, -0.00120959826745, 0.000550828699488, -0.000433259701822, 0.000407162617194, -0.000763180141803, -0.000289174029604, -0.000170127779711, 0.00010725537868, -0.000528066884726], [8.21570574772e-06, -0.000294301862596, -0.000138862495078, -0.00120959826745, 0.00466135470197, -0.00124983140267, 0.00105640618131, -0.00166571268346, -7.68140380387e-05, -0.000973929592874, 0.000564790097997, 8.23675800348e-05, 0.000480385962874], [-0.000219295892748, -3.38127174473e-05, -0.0010104685789, 0.000550828699488, -0.00124983140267, 0.00710454583168, -0.00204736739397, 3.38247409672e-05, -0.00224086502567, 0.00104346207809, -0.00262420182116, 0.00101820740383, -4.74700100312e-05], [-4.15220165451e-06, -0.000382674741559, -0.0001230481721, -0.000433259701822, 0.00105640618131, -0.00204736739397, 0.00708569725975, -0.00322748115286, 0.00184770161286, -0.00205811485648, 0.0010204751743, -0.00144714768976, 0.00122678827029], [-0.000239717730437, 7.79762049206e-05, 0.000240376306465, 0.000407162617194, -0.00166571268346, 3.38247409672e-05, -0.00322748115286, 0.00821210443974, -0.00185495475307, 0.000288141221972, -0.00110455276445, 0.00145370897371, -0.00145048263948], [4.15911272285e-05, 8.01067290013e-06, -0.000269485608442, -0.000763180141803, -7.68140380387e-05, -0.00224086502567, 0.00184770161286, -0.00185495475307, 0.00898215081543, -0.00124357792083, 0.000584154622629, -0.00274475989863, 0.000304490240524], [-0.00013934452727, 0.000101374622318, 8.86728521436e-05, -0.000289174029604, -0.000973929592874, 0.00104346207809, -0.00205811485648, 0.000288141221972, -0.00124357792083, 0.00831442233175, -0.00318209966645, 0.00156105565839, -0.00125177064911], [0.000143707802636, -9.5132360002e-05, 0.000171842766576, -0.000170127779711, 0.000564790097997, -0.00262420182116, 0.0010204751743, -0.00110455276445, 0.000584154622629, -0.00318209966645, 0.0131550654769, -0.00473055336624, 0.000824254762847], [1.75978475454e-05, 0.000110143198981, 0.000206020544283, 0.00010725537868, 8.23675800348e-05, 0.00101820740383, -0.00144714768976, 0.00145370897371, -0.00274475989863, 0.00156105565839, -0.00473055336624, 0.011388589628, -0.00410648901016], [6.93351612426e-05, -0.000199341651751, -6.00087550993e-05, -0.000528066884726, 0.000480385962874, -4.74700100312e-05, 0.00122678827029, -0.00145048263948, 0.000304490240524, -0.00125177064911, 0.000824254762847, -0.00410648901016, 0.0114757241681]], "mean": [-705.93572998, 128.618713379, -17.5170822144, 13.707110405, 1.60508513451, 0.963302373886, -3.23498702049, 2.47385525703, -4.78499507904, 3.03068161011, 0.402924537659, 1.7666490078, 5.10891866684], "cov": [[14541.1914062, 274.642852783, -742.607910156, 124.918121338, 386.884399414, 555.497558594, 518.193786621, 744.932006836, 120.730804443, 367.738891602, 9.75253391266, -136.739105225, -69.0802688599], [274.642852783, 1692.95019531, -211.654266357, 101.691497803, 140.849594116, 42.0501480103, 123.763183594, 77.0522613525, 5.35667896271, 41.4449958801, 20.9508361816, 0.58189022541, 25.1894245148], [-742.607910156, -211.654266357, 1139.06750488, 67.8721389771, 78.0004501343, 186.466918945, 22.7126045227, -11.3916435242, 80.1396255493, -9.12422275543, 16.5221271515, -4.36194467545, -2.34121894836], [124.918121338, 101.691497803, 67.8721389771, 418.443206787, 136.572097778, 29.3121452332, 32.6524429321, 35.1675758362, 54.3469810486, 49.6343460083, 16.4304256439, 11.0163850784, 22.7143859863], [386.884399414, 140.849594116, 78.0004501343, 136.572097778, 322.757720947, 96.5344161987, 38.5721359253, 95.6094436646, 54.2197532654, 56.8371315002, 15.3622455597, -10.7387304306, 1.46600043774], [555.497558594, 42.0501480103, 186.466918945, 29.3121452332, 96.5344161987, 259.778747559, 91.9555969238, 83.8116989136, 72.1874389648, 33.7801895142, 45.9668502808, 2.93188405037, -2.9883441925], [518.193786621, 123.763183594, 22.7126045227, 32.6524429321, 38.5721359253, 91.9555969238, 238.186126709, 113.256713867, 7.52906799316, 63.2775421143, 19.8729305267, 4.19898080826, -4.96391487122], [744.932006836, 77.0522613525, -11.3916435242, 35.1675758362, 95.6094436646, 83.8116989136, 113.256713867, 219.728424072, 46.3957519531, 52.5741996765, 22.9735126495, -6.38703918457, 10.9741067886], [120.730804443, 5.35667896271, 80.1396255493, 54.3469810486, 54.2197532654, 72.1874389648, 7.52906799316, 46.3957519531, 157.237762451, 29.5354824066, 25.9742641449, 36.2198944092, 15.5167818069], [367.738891602, 41.4449958801, -9.12422275543, 49.6343460083, 56.8371315002, 33.7801895142, 63.2775421143, 52.5741996765, 29.5354824066, 165.147293091, 39.5053100586, 2.43638920784, 13.640329361], [9.75253391266, 20.9508361816, 16.5221271515, 16.4304256439, 15.3622455597, 45.9668502808, 19.8729305267, 22.9735126495, 25.9742641449, 39.5053100586, 108.941749573, 45.7108078003, 13.6262350082], [-136.739105225, 0.58189022541, -4.36194467545, 11.0163850784, -10.7387304306, 2.93188405037, 4.19898080826, -6.38703918457, 36.2198944092, 2.43638920784, 45.7108078003, 132.369720459, 43.9147415161], [-69.0802688599, 25.1894245148, -2.34121894836, 22.7143859863, 1.46600043774, -2.9883441925, -4.96391487122, 10.9741067886, 15.5167818069, 13.640329361, 13.6262350082, 43.9147415161, 106.684364319]]}, "spectral_decrease": {"dmean": 1.57796509193e-09, "dvar2": 2.37620402625e-17, "mean": -3.64652796847e-09, "var": 1.821965388e-17, "dmean2": 2.40529351991e-09, "dvar": 9.85940146749e-18, "min": -3.66553791764e-08, "median": -2.26295138184e-09, "max": 2.9510746467e-15}, "zerocrossingrate": {"dmean": 0.0105730937794, "dvar2": 0.000199957139557, "mean": 0.0710623115301, "var": 0.00703567219898, "dmean2": 0.0119178975001, "dvar": 0.000183480500709, "min": 0.0029296875, "median": 0.06005859375, "max": 0.90185546875}, "spectral_contrast_coeffs": {"dmean": [0.04801857844, 0.0435585081577, 0.0403097681701, 0.036368150264, 0.0277159754187, 0.0219165850431], "dvar2": [0.00468358350918, 0.00359723507427, 0.00273028761148, 0.00214471202344, 0.00127496803179, 0.00115162984002], "mean": [-0.654278814793, -0.734017789364, -0.743458151817, -0.745693325996, -0.760839104652, -0.767954230309], "var": [0.00726800877601, 0.00469520594925, 0.00566597143188, 0.00534142181277, 0.00406234990805, 0.00219104951248], "dmean2": [0.0779138877988, 0.0701787248254, 0.062553063035, 0.055056411773, 0.041308760643, 0.0340676270425], "dvar": [0.00186572433449, 0.00143611279782, 0.00122217403259, 0.00102678919211, 0.000644050014671, 0.000532300968189], "min": [-0.967102885246, -0.97238188982, -0.963180065155, -0.96430003643, -0.959238111973, -0.963440954685], "median": [-0.662249326706, -0.736060202122, -0.746208190918, -0.749103665352, -0.767436861992, -0.772057771683], "max": [-0.293020665646, -0.458881765604, -0.413547515869, -0.484942823648, -0.520086407661, -0.534357786179]}, "spectral_skewness": {"dmean": 0.325686484575, "dvar2": 0.436400651932, "mean": 1.79593241215, "var": 0.525422811508, "dmean2": 0.510184943676, "dvar": 0.182758077979, "min": -0.377229005098, "median": 1.71696257591, "max": 10.8525533676}, "spectral_energyband_middle_high": {"dmean": 0.00201439810917, "dvar2": 3.78660261049e-05, "mean": 0.0061637214385, "var": 0.000107453131932, "dmean2": 0.00280517921783, "dvar": 2.09682384593e-05, "min": 1.80458472059e-13, "median": 0.00236829649657, "max": 0.116203054786}, "gfcc": {"icov": [[0.000120068027172, -5.69501353311e-05, 0.00014659340377, -0.000210530532058, 0.000149763654917, -0.000320803083014, 0.000200069713173, -0.000289745890768, 0.000334795535309, -0.000218378365389, 0.000277103274129, -0.000114193288027, 0.000174255546881], [-5.69501353311e-05, 0.000630470109172, 5.01528375025e-05, -1.8249371351e-05, -0.000406734587159, 0.000310789939249, -0.000345817301422, 0.000382354250178, -0.000126868384541, 0.000320450140862, -0.000405495957239, 0.000615780823864, -0.000388436572393], [0.00014659340377, 5.01528375025e-05, 0.0010328165954, -0.000415963702835, -0.00011804002861, -0.000859318941366, 2.36567811953e-05, 5.45556395082e-05, 0.000435430614743, -0.000697148556355, 0.00112152704969, -0.00029069557786, 0.000294603145448], [-0.000210530532058, -1.8249371351e-05, -0.000415963702835, 0.00278120115399, -0.000665879691951, 0.00064615305746, -0.00030982773751, -0.000322669482557, -0.000840417866129, 0.00012249503925, 4.80515664094e-05, 0.000678585667629, -3.25851433445e-05], [0.000149763654917, -0.000406734587159, -0.00011804002861, -0.000665879691951, 0.0036597782746, -0.000865520269144, -0.00015018924023, -0.00105831632391, -0.000712230685167, 0.00108445063233, -0.000297631835565, 0.000163708682521, -0.000402170117013], [-0.000320803083014, 0.000310789939249, -0.000859318941366, 0.00064615305746, -0.000865520269144, 0.00428544962779, -0.000980699202046, -0.0015416725073, 0.000252641591942, 0.000128418309032, 0.000143071330967, -0.000588460592553, 0.000783187977504], [0.000200069713173, -0.000345817301422, 2.36567811953e-05, -0.00030982773751, -0.00015018924023, -0.000980699202046, 0.00569717539474, -0.000340227299603, -0.000419556512497, -0.000246945739491, -0.00192440859973, 0.000802463036962, -4.4714732212e-05], [-0.000289745890768, 0.000382354250178, 5.45556395082e-05, -0.000322669482557, -0.00105831632391, -0.0015416725073, -0.000340227299603, 0.00772845000029, -0.00123287981842, 0.000119225973322, -0.00111792609096, -0.000187060388271, 0.000387862499338], [0.000334795535309, -0.000126868384541, 0.000435430614743, -0.000840417866129, -0.000712230685167, 0.000252641591942, -0.000419556512497, -0.00123287981842, 0.00749293714762, -0.00295016658492, 0.000683827791363, -0.000150223684614, -0.000375147996238], [-0.000218378365389, 0.000320450140862, -0.000697148556355, 0.00012249503925, 0.00108445063233, 0.000128418309032, -0.000246945739491, 0.000119225973322, -0.00295016658492, 0.00965431891382, -0.00225540529937, -0.000631493865512, -0.000532727572136], [0.000277103274129, -0.000405495957239, 0.00112152704969, 4.80515664094e-05, -0.000297631835565, 0.000143071330967, -0.00192440859973, -0.00111792609096, 0.000683827791363, -0.00225540529937, 0.0115817757323, -0.00200387439691, 0.000363546481822], [-0.000114193288027, 0.000615780823864, -0.00029069557786, 0.000678585667629, 0.000163708682521, -0.000588460592553, 0.000802463036962, -0.000187060388271, -0.000150223684614, -0.000631493865512, -0.00200387439691, 0.0122361090034, -0.0052792429924], [0.000174255546881, -0.000388436572393, 0.000294603145448, -3.25851433445e-05, -0.000402170117013, 0.000783187977504, -4.4714732212e-05, 0.000387862499338, -0.000375147996238, -0.000532727572136, 0.000363546481822, -0.0052792429924, 0.013060471043]], "mean": [-71.7568130493, 95.9464492798, -130.804962158, 15.2022628784, -48.2602310181, 3.48888134956, -32.0769577026, 4.51406812668, -17.9510803223, 0.350787162781, -10.3943710327, -3.76181674004, -12.5062980652], "cov": [[24631.1445312, -1155.63916016, -199.362609863, 989.765441895, -499.129394531, 2047.10559082, -736.223571777, 1134.61206055, -884.73638916, 143.119949341, -554.191894531, 89.9958343506, -498.151794434], [-1155.63916016, 2426.78808594, -532.174499512, 69.8881225586, 262.482635498, -378.016113281, 196.526596069, -156.394104004, 101.727485657, -104.10622406, 140.875732422, -134.580825806, 76.196144104], [-199.362609863, -532.174499512, 1677.54309082, 154.909545898, 106.511077881, 408.112518311, -0.0187379922718, 85.4124908447, -31.4981136322, 68.3642425537, -148.845184326, 30.2567920685, -56.0938339233], [989.765441895, 69.8881225586, 154.909545898, 492.255157471, 104.727783203, 80.5409164429, 13.8307228088, 84.973197937, 29.8087368011, 9.89011478424, -30.4374771118, -31.2178249359, -27.9860534668], [-499.129394531, 262.482635498, 106.511077881, 104.727783203, 406.499908447, 60.9235267639, 77.9303131104, 56.9039344788, 67.5322494507, -33.157333374, 24.2893619537, -19.7545261383, 11.6918268204], [2047.10559082, -378.016113281, 408.112518311, 80.5409164429, 60.9235267639, 590.387939453, -11.0713615417, 202.358551025, -80.0195083618, 26.4406089783, -72.4654464722, 31.5152702332, -73.5991210938], [-736.223571777, 196.526596069, -0.0187379922718, 13.8307228088, 77.9303131104, -11.0713615417, 241.668914795, -1.16344344616, 55.4732055664, 4.78286504745, 60.6293525696, -18.8968009949, 12.0907735825], [1134.61206055, -156.394104004, 85.4124908447, 84.973197937, 56.9039344788, 202.358551025, -1.16344344616, 229.615478516, -5.4235959053, 18.3290195465, -13.1464042664, 13.0468873978, -32.47813797], [-884.73638916, 101.727485657, -31.4981136322, 29.8087368011, 67.5322494507, -80.0195083618, 55.4732055664, -5.4235959053, 205.75680542, 41.1679267883, 33.7549171448, -1.63133227825, 28.8340568542], [143.119949341, -104.10622406, 68.3642425537, 9.89011478424, -33.157333374, 26.4406089783, 4.78286504745, 18.3290195465, 41.1679267883, 136.23928833, 15.3437137604, 21.7275562286, 5.43740701675], [-554.191894531, 140.875732422, -148.845184326, -30.4374771118, 24.2893619537, -72.4654464722, 60.6293525696, -13.1464042664, 33.7549171448, 15.3437137604, 131.487350464, 10.4423971176, 22.7133140564], [89.9958343506, -134.580825806, 30.2567920685, -31.2178249359, -19.7545261383, 31.5152702332, -18.8968009949, 13.0468873978, -1.63133227825, 21.7275562286, 10.4423971176, 114.109390259, 37.7594337463], [-498.151794434, 76.196144104, -56.0938339233, -27.9860534668, 11.6918268204, -73.5991210938, 12.0907735825, -32.47813797, 28.8340568542, 5.43740701675, 22.7133140564, 37.7594337463, 108.135139465]]}, "erbbands_spread": {"dmean": 7.53603076935, "dvar2": 173.463409424, "mean": 30.1606197357, "var": 286.407592773, "dmean2": 10.9852609634, "dvar": 84.7173995972, "min": 1.76154947281, "median": 26.0556659698, "max": 159.812973022}, "erbbands_kurtosis": {"dmean": 1.0015733242, "dvar2": 7.79217863083, "mean": 0.865794360638, "var": 6.39153623581, "dmean2": 1.54234302044, "dvar": 3.29766154289, "min": -1.86653590202, "median": 0.2654941082, "max": 84.2585372925}, "dynamic_complexity": 5.72757482529, "erbbands_crest": {"dmean": 2.54134058952, "dvar2": 15.4892416, "mean": 9.9238243103, "var": 20.2310962677, "dmean2": 4.02737855911, "dvar": 6.61608362198, "min": 2.43074536324, "median": 8.84774589539, "max": 31.3569545746}, "erbbands": {"dmean": [0.0256027635187, 0.452049344778, 1.44674813747, 2.00932812691, 3.9788877964, 2.37736487389, 2.36356163025, 3.09126067162, 4.30218887329, 10.3955459595, 10.7034397125, 12.6385183334, 9.49545288086, 14.3755140305, 17.2725982666, 23.3835487366, 20.4563827515, 17.2146663666, 20.4408340454, 16.3949069977, 11.8952989578, 10.5867528915, 9.14829921722, 6.05144453049, 7.45003175735, 4.73200178146, 2.09358310699, 1.72387301922, 1.2230502367, 1.42456686497, 1.29547262192, 0.661114037037, 0.411178797483, 0.296882450581, 0.334084302187, 0.0700377523899, 0.0200323686004, 0.00489017134532, 0.00129365036264, 0.00016094718012], "dvar2": [0.0214757807553, 6.32954835892, 55.7549972534, 73.1053848267, 632.440063477, 124.618980408, 53.9749450684, 115.756256104, 230.694274902, 1931.57165527, 2594.68041992, 8222.77929688, 2900.12402344, 7457.68212891, 9501.12207031, 22307.2128906, 11869.5898438, 6442.55517578, 10752.1220703, 6681.41552734, 2307.54003906, 1581.70593262, 1323.22167969, 491.381408691, 827.927307129, 386.091918945, 54.7594718933, 41.6291923523, 33.8122825623, 38.8824462891, 23.6633720398, 7.8872795105, 2.93833470345, 1.01737630367, 1.42029428482, 0.0557337328792, 0.00574402883649, 0.000381235644454, 2.83574718196e-05, 5.17811201917e-07], "mean": [0.0307310447097, 0.570832431316, 1.73172175884, 2.37568759918, 3.66279673576, 3.06057238579, 4.62557601929, 6.26669359207, 8.13687419891, 14.8228874207, 18.324508667, 20.5614013672, 17.5054359436, 25.3538398743, 34.1030807495, 45.4642601013, 42.9234313965, 32.4262428284, 37.022857666, 31.9820461273, 25.3991088867, 22.8884868622, 21.2205963135, 13.8840246201, 14.6656417847, 9.13827896118, 3.36222791672, 2.46255993843, 1.69463312626, 2.05424714088, 1.87426459789, 0.869677066803, 0.536043345928, 0.377979338169, 0.419078290462, 0.0874439403415, 0.0231968127191, 0.00531595433131, 0.00132066558581, 0.000163690157933], "var": [0.0072931884788, 1.69522809982, 14.8447875977, 23.278181076, 187.131820679, 44.8712921143, 64.3637237549, 150.31098938, 197.033615112, 772.383911133, 1738.04541016, 6672.12353516, 1954.921875, 5346.74462891, 14387.28125, 23892.6289062, 27114.8613281, 7869.03271484, 14259.2978516, 9950.31054688, 4031.91064453, 2340.40429688, 2425.89697266, 1212.35961914, 1253.59216309, 526.635131836, 47.4976844788, 27.3487300873, 18.9926376343, 23.3082580566, 17.3662891388, 4.87187957764, 1.94974851608, 0.731064915657, 0.952026247978, 0.0395306870341, 0.00326031283475, 0.000200106296688, 1.51449421537e-05, 2.55784442516e-07], "dmean2": [0.0419429279864, 0.776579976082, 2.47918987274, 3.38308668137, 6.68818807602, 3.95500731468, 3.7153429985, 4.92638206482, 6.78225135803, 17.2023105621, 16.5389823914, 19.876001358, 14.4615163803, 21.5398025513, 25.4812545776, 34.3499298096, 29.419675827, 25.9556884766, 30.3026733398, 24.3526515961, 17.8037929535, 15.980846405, 13.4810628891, 8.58444976807, 10.7181520462, 6.8746471405, 3.16420078278, 2.5489616394, 1.79799067974, 2.03777503967, 1.85165786743, 0.977015018463, 0.598731637001, 0.421633780003, 0.475892424583, 0.0992751643062, 0.0301275961101, 0.0074599608779, 0.00196499866433, 0.000246843090281], "dvar": [0.00845497380942, 2.28245782852, 20.0543174744, 27.3655433655, 245.740631104, 47.1001853943, 22.3620758057, 48.0822410583, 94.6778640747, 728.521484375, 1082.57971191, 3331.52636719, 1245.68395996, 3246.91577148, 4660.09033203, 10198.625, 6532.27197266, 2942.56445312, 5512.81689453, 3146.4921875, 1150.85241699, 742.150695801, 640.382324219, 282.981384277, 416.221466064, 188.248519897, 24.0504932404, 18.6035137177, 14.3657493591, 16.8667221069, 11.0452709198, 3.53332638741, 1.39824914932, 0.492140173912, 0.665475070477, 0.0267488695681, 0.00254064868204, 0.000167354053701, 1.30081371026e-05, 2.37369846445e-07], "min": [3.66249131717e-13, 2.06071357894e-12, 5.05048390262e-12, 1.82878469313e-11, 3.08582846775e-11, 7.87212933728e-11, 1.32942601372e-10, 2.34054248205e-10, 1.98810939933e-10, 2.24366386581e-10, 4.614991167e-10, 6.94433066606e-10, 6.00150817931e-10, 5.57094537168e-10, 1.39791872522e-10, 5.30416988109e-10, 7.92514831538e-10, 1.61158097978e-09, 1.46038703353e-09, 1.25638621729e-09, 1.08059250437e-09, 6.71535493879e-10, 8.37989455604e-10, 5.9534577268e-10, 6.75455191779e-10, 5.09951803007e-10, 4.91757579102e-10, 4.75516737097e-10, 1.11612219467e-09, 2.02217997902e-09, 2.55413312722e-09, 3.99056432343e-09, 6.04933170223e-09, 7.21894144462e-09, 1.67323954692e-09, 8.90357176875e-10, 2.0422901148e-09, 1.76645134076e-08, 4.19593320089e-08, 2.05614707482e-08], "median": [0.00600461289287, 0.224585697055, 0.681791603565, 0.784685194492, 0.781826555729, 1.1271494627, 2.08835244179, 2.68365597725, 3.83719205856, 5.9311466217, 7.66928482056, 4.79688882828, 6.24376535416, 6.13899898529, 7.49207115173, 10.1900424957, 7.02954959869, 7.03839874268, 7.06004047394, 6.74986124039, 6.12738084793, 5.81820726395, 4.18270158768, 2.94044923782, 3.20410490036, 1.77557456493, 1.12371039391, 0.694637775421, 0.418014198542, 0.522341370583, 0.471825569868, 0.163439974189, 0.0936999097466, 0.0730937570333, 0.0698486045003, 0.013355627656, 0.00244983215816, 0.000501784379594, 0.000102708319901, 2.33398932323e-05], "max": [1.20530772209, 20.7926826477, 65.953666687, 96.3092803955, 283.903442383, 108.145187378, 117.104827881, 202.640167236, 357.19418335, 431.356750488, 1408.68457031, 4030.16357422, 1534.79504395, 3041.58789062, 2921.00195312, 4871.12890625, 3508.51171875, 1678.00305176, 3116.44335938, 2443.14697266, 1288.2598877, 1057.92297363, 872.356628418, 845.488098145, 1121.19750977, 620.330200195, 219.235977173, 150.833053589, 174.652374268, 204.394882202, 148.7315979, 70.9178543091, 52.4992523193, 15.5652618408, 12.588224411, 2.85277318954, 0.786464035511, 0.246244460344, 0.0640615820885, 0.00965813081712]}, "silence_rate_30dB": {"dmean": 0.000919117650483, "dvar2": 0.00255004060455, "mean": 0.999336242676, "var": 0.000663185783196, "dmean2": 0.00183832913171, "dvar": 0.000918196805287, "min": 0, "median": 1, "max": 1}, "silence_rate_60dB": {"dmean": 0.0414624176919, "dvar2": 0.0873737409711, "mean": 0.196681126952, "var": 0.157943978906, "dmean2": 0.0829290747643, "dvar": 0.0397366806865, "min": 0, "median": 0, "max": 1}, "spectral_energyband_middle_low": {"dmean": 0.00280443229713, "dv