{"tonal": {"chords_key": "G", "hpcp_entropy": {"dmean": 0.720182836056, "dmean2": 1.18210506439, "max": 4.46271753311, "dvar": 0.367781817913, "mean": 1.98401892185, "dvar2": 0.941294491291, "min": 0, "var": 0.760803937912, "median": 2.00217318535}, "key_key": "G", "chords_strength": {"dmean": 0.0107017029077, "dmean2": 0.0110845565796, "max": 0.807586252689, "dvar": 7.51047191443e-05, "mean": 0.542719364166, "dvar2": 9.30057722144e-05, "min": 0.245452672243, "var": 0.00986948609352, "median": 0.54150468111}, "key_scale": "major", "chords_number_rate": 0.00370599143207, "thpcp": [1, 0.672791063786, 0.362463891506, 0.280684947968, 0.33645299077, 0.664385139942, 0.924519181252, 0.683621883392, 0.43459635973, 0.389305263758, 0.394752025604, 0.575356125832, 0.623602688313, 0.423888742924, 0.345859229565, 0.338822633028, 0.294661581516, 0.383277833462, 0.491662293673, 0.444722115993, 0.61894339323, 0.859941124916, 0.649883985519, 0.349419653416, 0.238988742232, 0.224002063274, 0.330697357655, 0.456043571234, 0.459948927164, 0.43123459816, 0.332103669643, 0.253099650145, 0.430438667536, 0.611211121082, 0.627357065678, 0.855127334595], "key_strength": 0.821605324745, "tuning_nontempered_energy_ratio": 0.738553166389, "tuning_frequency": 441.782684326, "chords_changes_rate": 0.0694873407483, "tuning_diatonic_strength": 0.712705671787, "chords_scale": "major", "chords_histogram": [35.4230995178, 7.19579982758, 20.6300182343, 11.7356395721, 1.82211244106, 0, 1.14268064499, 0, 0, 0, 1.26621365547, 0, 0, 0, 0, 1.54416310787, 0, 6.361951828, 0, 6.02223587036, 0, 0.370599120855, 3.08832621574, 3.39715862274], "tuning_equal_tempered_deviation": 0.0429078675807, "hpcp": {"dmean": [0.173648491502, 0.159329891205, 0.139166399837, 0.129838839173, 0.129144862294, 0.142406448722, 0.145952820778, 0.118628837168, 0.104627639055, 0.0976932048798, 0.0886617302895, 0.105965770781, 0.122554332018, 0.117742612958, 0.14621052146, 0.166285246611, 0.139207109809, 0.108195908368, 0.0829414352775, 0.07629981637, 0.0902262553573, 0.105589412153, 0.125502496958, 0.145454719663, 0.115979507565, 0.0889311730862, 0.111325539649, 0.134529352188, 0.168729647994, 0.189117670059, 0.178240358829, 0.153877064586, 0.116841584444, 0.098945133388, 0.115550018847, 0.157815411687], "dmean2": [0.295690000057, 0.274254143238, 0.245254680514, 0.234016373754, 0.231855109334, 0.246278762817, 0.247136294842, 0.207197844982, 0.184085503221, 0.173981651664, 0.157966017723, 0.187090948224, 0.212089121342, 0.205543741584, 0.250619828701, 0.283190727234, 0.235521242023, 0.190147742629, 0.149055808783, 0.136865451932, 0.159288644791, 0.186758220196, 0.220785692334, 0.256607055664, 0.207271158695, 0.158157020807, 0.192500650883, 0.228613570333, 0.290957957506, 0.327882796526, 0.310020089149, 0.269558250904, 0.208211228251, 0.178864851594, 0.208695605397, 0.273183047771], "max": [1, 1, 1, 1, 1, 1, 1, 1, 1, 1, 1, 1, 1, 1, 1, 1, 1, 1, 1, 1, 1, 1, 1, 1, 1, 1, 1, 1, 1, 1, 1, 1, 1, 1, 1, 1], "dvar": [0.0502086132765, 0.0438187718391, 0.0450867414474, 0.0431670583785, 0.0426107347012, 0.0426784791052, 0.0423906557262, 0.0342173539102, 0.0325920879841, 0.0312602855265, 0.0252158399671, 0.0298397168517, 0.0354405082762, 0.0327976979315, 0.0397590920329, 0.0490420386195, 0.0360749773681, 0.0350659117103, 0.0267936158925, 0.0236399564892, 0.0285554714501, 0.0351328514516, 0.0361626707017, 0.0451240390539, 0.0363437607884, 0.0310702547431, 0.0349901765585, 0.0406502969563, 0.0517268367112, 0.0591265410185, 0.0587926283479, 0.0470786765218, 0.0399747565389, 0.0326511859894, 0.0403419286013, 0.0512068457901], "mean": [0.290473282337, 0.214786112309, 0.136545166373, 0.122315227985, 0.124026536942, 0.180770263076, 0.195928782225, 0.133180961013, 0.108664989471, 0.10645416379, 0.0925792753696, 0.120421476662, 0.154474630952, 0.139726564288, 0.194464892149, 0.270183593035, 0.204186066985, 0.109783634543, 0.0750875100493, 0.070378869772, 0.103901296854, 0.143283635378, 0.144510656595, 0.135488942266, 0.104343146086, 0.0795209929347, 0.135238870978, 0.192035496235, 0.197108358145, 0.268671154976, 0.314188480377, 0.211383193731, 0.113881975412, 0.0881879776716, 0.105709649622, 0.208742156625], "dvar2": [0.123706839979, 0.120425947011, 0.122086025774, 0.118631377816, 0.119609504938, 0.109214417636, 0.107120700181, 0.0919599384069, 0.088692843914, 0.0835647881031, 0.0675883963704, 0.0814520940185, 0.0943537428975, 0.0870118960738, 0.105884417892, 0.11792922765, 0.0923810601234, 0.0937555581331, 0.0723554193974, 0.0642363131046, 0.0789642632008, 0.0939885601401, 0.0943960398436, 0.114597156644, 0.0964272394776, 0.083101183176, 0.0911652445793, 0.0996425077319, 0.132107421756, 0.148584201932, 0.141001135111, 0.125501871109, 0.105864472687, 0.0891118273139, 0.112836159766, 0.132471010089], "min": [0, 0, 0, 0, 0, 0, 0, 0, 0, 0, 0, 0, 0, 0, 0, 0, 0, 0, 0, 0, 0, 0, 0, 0, 0, 0, 0, 0, 0, 0, 0, 0, 0, 0, 0, 0], "var": [0.104388140142, 0.0624466501176, 0.0450691059232, 0.0403144098818, 0.0378682799637, 0.0587380491197, 0.0654639750719, 0.0374350324273, 0.0307292770594, 0.0369534902275, 0.0248297639191, 0.0316392853856, 0.0498531274498, 0.0401233024895, 0.056311301887, 0.0902389809489, 0.0586404129863, 0.0347737148404, 0.0227613132447, 0.020091407001, 0.0313066244125, 0.0580477304757, 0.044017676264, 0.0445006079972, 0.0330877229571, 0.0276196468621, 0.0480312556028, 0.0761480331421, 0.068003244698, 0.103227570653, 0.133379623294, 0.0755102410913, 0.0390513688326, 0.0251201540232, 0.0339306257665, 0.0745087862015], "median": [0.135543256998, 0.108889229596, 0.0488386526704, 0.0405979081988, 0.0453578978777, 0.079445630312, 0.0863813981414, 0.0576297044754, 0.041191957891, 0.0355755239725, 0.033265195787, 0.0492692664266, 0.0561860390007, 0.0581737458706, 0.098244510591, 0.152588218451, 0.101482175291, 0.0380868129432, 0.0233448725194, 0.0239415876567, 0.0365247353911, 0.0486933998764, 0.0579108074307, 0.0471883490682, 0.033743314445, 0.0191656947136, 0.0423792526126, 0.0655129551888, 0.0751936435699, 0.102292954922, 0.111585482955, 0.0761531069875, 0.0403992198408, 0.031604219228, 0.0346532538533, 0.0836309343576]}}, "lowlevel": {"melbands_flatness_db": {"dmean": 0.0249675158411, "dmean2": 0.0383469611406, "max": 0.499017864466, "dvar": 0.00068772782106, "mean": 0.15940888226, "dvar2": 0.00137744902167, "min": 0.00557784503326, "var": 0.00472751818597, "median": 0.145599365234}, "melbands_crest": {"dmean": 3.50990509987, "dmean2": 5.69144487381, "max": 38.9172096252, "dvar": 9.75907993317, "mean": 14.3338594437, "dvar2": 24.7320518494, "min": 1.83136546612, "var": 32.9346580505, "median": 13.6594371796}, "spectral_entropy": {"dmean": 0.147256866097, "dmean2": 0.204299166799, "max": 9.81898975372, "dvar": 0.0334762074053, "mean": 7.74934911728, "dvar2": 0.0543228723109, "min": 5.27335977554, "var": 0.289669901133, "median": 7.82708835602}, "melbands": {"dmean": [0.000606505491305, 0.00115409051068, 0.000661926809698, 0.000492622551974, 0.000172149026184, 0.000166621830431, 9.76789015112e-05, 4.87925608468e-05, 0.000102750214864, 0.000174597778823, 0.000215697160456, 0.000180717353942, 5.0263643061e-05, 7.55495711928e-05, 4.50842271675e-05, 4.90852398798e-05, 6.93643523846e-05, 4.51819723821e-05, 6.59587749396e-05, 5.29664102942e-05, 5.30014149263e-05, 2.76173632301e-05, 1.92020306713e-05, 1.13298337965e-05, 1.13498726932e-05, 9.80303593678e-06, 7.39159213481e-06, 4.77464755022e-06, 4.33011609857e-06, 4.44155239165e-06, 3.41728559761e-06, 3.37170013154e-06, 2.58053046309e-06, 2.2950625862e-06, 1.85765634342e-06, 1.69644840753e-06, 1.65032292898e-06, 1.99324017558e-06, 2.09250583794e-06, 1.77620188424e-06], "dmean2": [0.0010089505231, 0.00199427688494, 0.00117845798377, 0.000893799879123, 0.000272014905931, 0.000261737441178, 0.000161744159414, 8.10050623841e-05, 0.000163512173458, 0.000265164388111, 0.00033250451088, 0.000287273374852, 7.91476486484e-05, 0.000119975542475, 7.18180599506e-05, 7.79655820224e-05, 0.000110408531327, 7.10851090844e-05, 0.000105259096017, 8.41189612402e-05, 8.50018259371e-05, 4.44932338723e-05, 3.21357947541e-05, 1.88876692846e-05, 1.88459998753e-05, 1.62574560818e-05, 1.21354350995e-05, 7.89370096754e-06, 7.32607759346e-06, 7.34390459911e-06, 5.58920692129e-06, 5.33579395778e-06, 4.01709712605e-06, 3.57327007805e-06, 2.90382877211e-06, 2.62330058831e-06, 2.48970673056e-06, 2.94993583339e-06, 3.12198267238e-06, 2.71631392934e-06], "max": [0.00935582164675, 0.0260096434504, 0.0107631608844, 0.0139437615871, 0.00860262662172, 0.00785817764699, 0.00449993135408, 0.00353907956742, 0.00968951638788, 0.0105183087289, 0.0092507218942, 0.0156856663525, 0.00553198158741, 0.00511285290122, 0.0024459885899, 0.00340802338906, 0.00289774523117, 0.00216112611815, 0.00255014700815, 0.00202213786542, 0.00202009035274, 0.00140797719359, 0.000521076202858, 0.000292098615319, 0.000450482970336, 0.000228024844546, 0.000170340572367, 0.000128377781948, 0.00011098205141, 0.000175666253199, 0.000134553687531, 9.7572861705e-05, 9.61589175859e-05, 0.000164441647939, 0.000203203599085, 0.000153780798428, 0.000134111716761, 0.00019168650033, 0.000186081495485, 0.000196353241336], "dvar": [1.14756812764e-06, 5.10395375386e-06, 1.73415128302e-06, 2.15480076804e-06, 1.32588695578e-07, 1.51885558353e-07, 8.54086081858e-08, 2.9598409057e-08, 1.43892066262e-07, 2.30027993098e-07, 2.79355361954e-07, 3.87036720895e-07, 1.46457406203e-08, 3.17772901326e-08, 1.24146710689e-08, 1.39736959781e-08, 2.55265764082e-08, 8.51247694555e-09, 1.82982837771e-08, 8.86725359805e-09, 1.12302718236e-08, 2.84257017924e-09, 7.37987171373e-10, 2.40235387139e-10, 2.19754339725e-10, 1.66075042607e-10, 9.05265237772e-11, 4.42573963588e-11, 3.46092390857e-11, 4.00670989442e-11, 3.03945826841e-11, 3.3362659857e-11, 2.0756462521e-11, 2.24047880942e-11, 2.36261999548e-11, 2.94587271243e-11, 2.80263104391e-11, 5.25573612409e-11, 5.53593906827e-11, 4.76198559751e-11], "mean": [0.000863061985001, 0.0017477812944, 0.000765992910601, 0.000474584667245, 0.000285372254439, 0.000249759526923, 0.000129563472001, 6.52243761579e-05, 0.000168039870914, 0.000301847670926, 0.000369859393686, 0.000324350170558, 9.29462185013e-05, 0.000130060885567, 7.55064029363e-05, 8.24402086437e-05, 0.00011155501852, 8.12143844087e-05, 0.000117246905575, 0.000102831640106, 0.00010053958249, 5.41267618246e-05, 3.80672499887e-05, 2.31425856327e-05, 2.43199974648e-05, 2.21994978347e-05, 1.68046026374e-05, 9.94288348011e-06, 8.81262894836e-06, 9.28733788896e-06, 6.31694047115e-06, 6.31720786259e-06, 5.08936682309e-06, 4.4230137064e-06, 3.54098619937e-06, 2.99920679936e-06, 2.74759668173e-06, 3.15376973958e-06, 3.33908178618e-06, 2.83913163912e-06], "dvar2": [2.99410157822e-06, 1.43968954944e-05, 4.79892332805e-06, 6.09737799095e-06, 3.06064720235e-07, 3.66425098264e-07, 2.28128769209e-07, 7.59457705612e-08, 3.44190738133e-07, 5.14355861014e-07, 7.18295723345e-07, 1.06446384507e-06, 3.33805729724e-08, 7.41209689181e-08, 2.90904953459e-08, 3.28521423398e-08, 6.43619131324e-08, 1.87516899786e-08, 4.61513316452e-08, 2.0354846697e-08, 2.79793503921e-08, 6.81084477705e-09, 1.91149007733e-09, 6.30041963046e-10, 5.62398017045e-10, 4.31285979152e-10, 2.30106961263e-10, 1.12579626177e-10, 9.01131877451e-11, 1.01617006476e-10, 7.40003891497e-11, 7.64771579398e-11, 4.58649888901e-11, 4.92240102845e-11, 5.5734746679e-11, 6.7930411296e-11, 5.74849057244e-11, 1.07602711463e-10, 1.18062087884e-10, 1.07482772682e-10], "min": [2.24612227493e-24, 1.24722813977e-24, 2.32627350113e-24, 3.88558093146e-24, 1.64473554434e-24, 1.96197418244e-24, 2.96943219159e-24, 2.69408029262e-24, 2.50192363687e-24, 2.51800772186e-24, 1.53176740866e-24, 1.69098665643e-24, 4.04278513265e-24, 1.32220266349e-24, 2.52061470994e-24, 4.20973334375e-24, 2.71937235653e-24, 3.32346152737e-24, 4.44502728038e-24, 4.21359521231e-24, 6.0554895794e-24, 3.4637777943e-24, 4.32627807616e-24, 5.11229829326e-24, 6.32405806344e-24, 5.92308795393e-24, 5.32518858018e-24, 6.85617314301e-24, 5.62984666178e-24, 6.6817914956e-24, 7.79446481406e-24, 4.58120833844e-24, 6.77270140404e-24, 6.59665881e-24, 7.19336779264e-24, 7.07262079818e-24, 7.59677074918e-24, 6.26499249759e-24, 6.59881595015e-24, 6.72149486496e-24], "var": [1.43690567711e-06, 5.03563160237e-06, 1.38016275741e-06, 1.3942598116e-06, 2.55407115901e-07, 2.47429824185e-07, 7.20270421084e-08, 3.63394434544e-08, 3.73787457875e-07, 7.44728424706e-07, 7.44692727039e-07, 1.19711785374e-06, 6.2855967542e-08, 6.88098111823e-08, 2.38933619556e-08, 3.32372813716e-08, 4.7014829363e-08, 1.5106824236e-08, 3.05300567049e-08, 2.12830908453e-08, 2.45982345604e-08, 6.9370629241e-09, 1.63926905383e-09, 5.24199350593e-10, 4.80922024426e-10, 4.1331638112e-10, 2.41700465198e-10, 8.38025759897e-11, 6.14689896206e-11, 8.07934968927e-11, 5.09967727769e-11, 5.83190093439e-11, 4.1462042133e-11, 4.34604158217e-11, 3.87540277647e-11, 5.08684934453e-11, 6.24599261201e-11, 1.06548700418e-10, 1.14968229381e-10, 9.09180369879e-11], "median": [0.000460632669274, 0.00121821218636, 0.000421336269937, 0.000200527574634, 0.000135044858325, 9.94843430817e-05, 6.85437917127e-05, 2.51457186096e-05, 3.89963533962e-05, 4.86553799419e-05, 9.24437626963e-05, 5.82279026276e-05, 3.63610379281e-05, 5.41006520507e-05, 3.71004425688e-05, 3.0608214729e-05, 4.87493562105e-05, 4.8472036724e-05, 6.50704605505e-05, 6.51477166684e-05, 5.46400333405e-05, 3.47447385138e-05, 2.76594764728e-05, 1.74663546204e-05, 2.07244665944e-05, 1.82724143087e-05, 1.35834534376e-05, 7.91149068391e-06, 7.2724792517e-06, 7.47941612644e-06, 4.2814463086e-06, 4.33255490861e-06, 3.37437086273e-06, 2.57250485447e-06, 1.9265892206e-06, 1.23683651054e-06, 8.09216999187e-07, 6.87799683874e-07, 6.10636845977e-07, 4.86885255668e-07]}, "silence_rate_60dB": {"dmean": 0.0101961996406, "dmean2": 0.0203955508769, "max": 1, "dvar": 0.0100930063054, "mean": 0.0861909165978, "dvar2": 0.0218332968652, "min": 0, "var": 0.0787541046739, "median": 0}, "spectral_energyband_middle_high": {"dmean": 0.00312906666659, "dmean2": 0.0049436907284, "max": 0.0963159427047, "dvar": 2.06831391552e-05, "mean": 0.0110020916909, "dvar2": 5.38465064892e-05, "min": 1.23797716478e-21, "var": 7.99952395028e-05, "median": 0.0093038957566}, "erbbands_skewness": {"dmean": 0.400440990925, "dmean2": 0.607421338558, "max": 7.19558048248, "dvar": 0.210049211979, "mean": -0.0782602056861, "dvar2": 0.458265036345, "min": -5.19325828552, "var": 1.12658834457, "median": -0.264613300562}, "dynamic_complexity": 3.69770073891, "dissonance": {"dmean": 0.0161241535097, "dmean2": 0.0270907394588, "max": 0.500000059605, "dvar": 0.000511970720254, "mean": 0.471552401781, "dvar2": 0.00139170303009, "min": 0.205020353198, "var": 0.00118936272338, "median": 0.483201086521}, "spectral_skewness": {"dmean": 0.209827721119, "dmean2": 0.338809370995, "max": 5.56861162186, "dvar": 0.100600145757, "mean": 1.33204483986, "dvar2": 0.262958049774, "min": -0.48348030448, "var": 0.223481103778, "median": 1.32478761673}, "spectral_kurtosis": {"dmean": 1.53063964844, "dmean2": 2.55780935287, "max": 60.1250305176, "dvar": 9.87470149994, "mean": 4.03020524979, "dvar2": 27.5414161682, "min": -1.24167442322, "var": 15.6090230942, "median": 3.49300813675}, "gfcc": {"cov": [[26301.4492188, -512.409851074, -616.617614746, 1071.17407227, -562.250915527, 896.283935547, -303.405151367, 440.154602051, -183.915634155, -35.8982315063, -285.700378418, 116.378959656, -110.716850281], [-512.409851074, 2513.92675781, -37.5171394348, 629.307800293, 538.9296875, -351.431121826, 249.806884766, -245.501693726, -37.3936271667, -178.212722778, -76.2435073853, -305.572814941, -36.8260231018], [-616.617614746, -37.5171394348, 1727.51306152, 397.311798096, 433.369995117, 66.1900939941, -91.9741516113, 55.3313140869, -136.734237671, 63.9149360657, -164.871871948, -19.0306568146, -175.659698486], [1071.17407227, 629.307800293, 397.311798096, 786.763916016, 292.229522705, 34.5975189209, 61.8973846436, -16.942861557, 18.6209812164, -31.8988609314, -28.1724681854, -110.920265198, -49.0366096497], [-562.250915527, 538.9296875, 433.369995117, 292.229522705, 489.112884521, -31.3221149445, 79.9138946533, -22.3752822876, -27.5744075775, 9.20674800873, -69.5840835571, -66.4429702759, -63.8355445862], [896.283935547, -351.431121826, 66.1900939941, 34.5975189209, -31.3221149445, 346.498352051, 74.1216964722, 109.11089325, 3.69816970825, 27.5011367798, 15.030005455, 43.5595664978, -8.18347644806], [-303.405151367, 249.806884766, -91.9741516113, 61.8973846436, 79.9138946533, 74.1216964722, 266.897796631, 29.1876335144, 10.4012060165, -42.2169380188, 10.2548904419, -49.8244438171, -9.45530033112], [440.154602051, -245.501693726, 55.3313140869, -16.942861557, -22.3752822876, 109.11089325, 29.1876335144, 171.446243286, 49.61170578, 19.4387340546, -17.0532493591, 29.2674999237, 8.8712644577], [-183.915634155, -37.3936271667, -136.734237671, 18.6209812164, -27.5744075775, 3.69816970825, 10.4012060165, 49.61170578, 144.577362061, 22.5405025482, 29.5261535645, 11.435008049, 25.6714172363], [-35.8982315063, -178.212722778, 63.9149360657, -31.8988609314, 9.20674800873, 27.5011367798, -42.2169380188, 19.4387340546, 22.5405025482, 115.980667114, 34.7799072266, 45.1822242737, -10.4038648605], [-285.700378418, -76.2435073853, -164.871871948, -28.1724681854, -69.5840835571, 15.030005455, 10.2548904419, -17.0532493591, 29.5261535645, 34.7799072266, 115.151763916, 38.4233131409, 27.2254962921], [116.378959656, -305.572814941, -19.0306568146, -110.920265198, -66.4429702759, 43.5595664978, -49.8244438171, 29.2674999237, 11.435008049, 45.1822242737, 38.4233131409, 122.92275238, 33.9832992554], [-110.716850281, -36.8260231018, -175.659698486, -49.0366096497, -63.8355445862, -8.18347644806, -9.45530033112, 8.8712644577, 25.6714172363, -10.4038648605, 27.2254962921, 33.9832992554, 90.2058486938]], "mean": [-2.81803417206, 63.3329200745, -140.40965271, 35.5996398926, -46.9753646851, 18.4143276215, -33.6381912231, 7.18010807037, -20.5790138245, -1.15641272068, -18.9816436768, -0.573607623577, -4.40900611877], "icov": [[7.08878360456e-05, -3.84310296795e-05, 0.000137937895488, -0.000219080087845, 0.000150627456605, -0.000152975248056, 0.00015973841073, -0.000210267069633, 0.000247823249083, -8.10970013845e-05, 0.000345932960045, -0.000263441121206, 0.000265928800218], [-3.84310296795e-05, 0.00114408531226, 0.000156999143655, -0.000403820362408, -0.000925354368519, 0.000863861117978, -0.00072447292041, 0.000860126048792, -4.37291237176e-05, 0.00050948333228, -0.00011107751925, 0.00125247542746, -0.000598009559326], [0.000137937895488, 0.000156999143655, 0.00154212373309, -0.000992502318695, -0.000545985647477, -0.000170381477801, 0.000758014095481, -0.000946680898778, 0.00147095473949, -0.000482810370158, 0.00157007202506, -0.00108216586523, 0.00192711048294], [-0.000219080087845, -0.000403820362408, -0.000992502318695, 0.00305504375137, -0.0010716826655, -0.000552340876311, 0.000150103194756, 0.00067415117519, -0.00181627413258, 0.000958540418651, -0.00226053991355, 0.00214008265175, -0.00106132065412], [0.000150627456605, -0.000925354368519, -0.000545985647477, -0.0010716826655, 0.00486784568056, -0.000149440602399, -0.00102122349199, -0.000134163434268, 0.000408259948017, -0.00228969659656, 0.00261206482537, -0.00144717399962, 0.00087528739823], [-0.000152975248056, 0.000863861117978, -0.000170381477801, -0.000552340876311, -0.000149440602399, 0.00534133519977, -0.00228703045286, -0.00161889544688, 0.000766329292674, -0.000279776111711, -0.000992075190879, -0.000416183902416, 3.70179186575e-05], [0.00015973841073, -0.00072447292041, 0.000758014095481, 0.000150103194756, -0.00102122349199, -0.00228703045286, 0.00667712651193, -0.00233747065067, 0.000537800951861, 0.00216916296631, -0.00176675640978, 0.00106013333425, 0.00168857397512], [-0.000210267069633, 0.000860126048792, -0.000946680898778, 0.00067415117519, -0.000134163434268, -0.00161889544688, -0.00233747065067, 0.0112004978582, -0.0047146496363, -0.000604273867793, 0.00279979105107, 0.000195487693418, -0.00261891447008], [0.000247823249083, -4.37291237176e-05, 0.00147095473949, -0.00181627413258, 0.000408259948017, 0.000766329292674, 0.000537800951861, -0.0047146496363, 0.0109638217837, -0.00239785341546, -0.000250459008384, -0.000500025926158, -9.08842994249e-05], [-8.10970013845e-05, 0.00050948333228, -0.000482810370158, 0.000958540418651, -0.00228969659656, -0.000279776111711, 0.00216916296631, -0.000604273867793, -0.00239785341546, 0.0143429636955, -0.00571251520887, -0.00212788186036, 0.00319281895645], [0.000345932960045, -0.00011107751925, 0.00157007202506, -0.00226053991355, 0.00261206482537, -0.000992075190879, -0.00176675640978, 0.00279979105107, -0.000250459008384, -0.00571251520887, 0.0170140583068, -0.00513706775382, -0.000281622051261], [-0.000263441121206, 0.00125247542746, -0.00108216586523, 0.00214008265175, -0.00144717399962, -0.000416183902416, 0.00106013333425, 0.000195487693418, -0.000500025926158, -0.00212788186036, -0.00513706775382, 0.0173260774463, -0.00680589396507], [0.000265928800218, -0.000598009559326, 0.00192711048294, -0.00106132065412, 0.00087528739823, 3.70179186575e-05, 0.00168857397512, -0.00261891447008, -9.08842994249e-05, 0.00319281895645, -0.000281622051261, -0.00680589396507, 0.0184441898018]]}, "spectral_complexity": {"dmean": 4.1229724884, "dmean2": 6.2713227272, "max": 59, "dvar": 17.9077472687, "mean": 27.2557926178, "dvar2": 37.0579795837, "min": 0, "var": 183.301239014, "median": 30}, "spectral_flux": {"dmean": 0.025463482365, "dmean2": 0.0391078554094, "max": 0.26725935936, "dvar": 0.000818573753349, "mean": 0.0918702483177, "dvar2": 0.00158431811724, "min": 6.55328777355e-11, "var": 0.00237503135577, "median": 0.0886996462941}, "spectral_energyband_low": {"dmean": 0.00467892969027, "dmean2": 0.00792326126248, "max": 0.0962779521942, "dvar": 7.39080205676e-05, "mean": 0.00792261958122, "dvar2": 0.00019786968187, "min": 2.41961956982e-23, "var": 8.28887350508e-05, "median": 0.00614776508883}, "spectral_decrease": {"dmean": 2.39733943808e-09, "dmean2": 3.95535382225e-09, "max": 9.50004306262e-29, "dvar": 1.07061018881e-17, "mean": -6.64626798041e-09, "dvar2": 2.83424602602e-17, "min": -2.76780909303e-08, "var": 1.9378047536e-17, "median": -6.12662276467e-09}, "barkbands_spread": {"dmean": 6.70914173126, "dmean2": 10.5203580856, "max": 118.854309082, "dvar": 63.2764167786, "mean": 32.5071182251, "dvar2": 133.319992065, "min": 0.905709505081, "var": 286.889312744, "median": 32.1296081543}, "spectral_rms": {"dmean": 0.00080860540038, "dmean2": 0.00129118084442, "max": 0.0103136720136, "dvar": 8.70771373229e-07, "mean": 0.00488650379702, "dvar2": 2.22968219532e-06, "min": 3.09932548376e-12, "var": 3.73720558855e-06, "median": 0.00509792426601}, "spectral_centroid": {"dmean": 273.816345215, "dmean2": 428.562652588, "max": 11476.8662109, "dvar": 137753.625, "mean": 1979.65209961, "dvar2": 261504.84375, "min": 206.817352295, "var": 673873.4375, "median": 1971.23950195}, "barkbands_skewness": {"dmean": 0.529098391533, "dmean2": 0.817144572735, "max": 9.63470172882, "dvar": 0.412561684847, "mean": 0.672510325909, "dvar2": 0.894749760628, "min": -4.9660859108, "var": 1.38989126682, "median": 0.497524917126}, "spectral_rolloff": {"dmean": 597.113891602, "dmean2": 971.659545898, "max": 19466.015625, "dvar": 1328986.625, "mean": 2562.62768555, "dvar2": 2465324, "min": 21.533203125, "var": 4969799.5, "median": 2174.85351562}, "erbbands_spread": {"dmean": 7.43276929855, "dmean2": 11.5056686401, "max": 151.308456421, "dvar": 69.1961898804, "mean": 30.8059883118, "dvar2": 160.424697876, "min": 1.89138698578, "var": 351.851837158, "median": 27.467048645}, "barkbands": {"dmean": [0.000335950317094, 0.00245559797622, 0.00260675419122, 0.00116511341184, 0.00192967138719, 0.000857855309732, 0.000384586193832, 0.000412859866628, 0.00128627754748, 0.00150301645044, 0.000357650424121, 0.000619299069513, 0.000423476332799, 0.000672389229294, 0.000883478380274, 0.000743628421333, 0.000480977207189, 0.000251667835983, 0.000244260852924, 0.000154771085363, 0.000156044043251, 0.000136813046993, 0.000110820357804, 0.000142143529956, 0.000161181931617, 5.02713555761e-05, 2.09699392144e-05], "dmean2": [0.000560466432944, 0.00416791671887, 0.00458065932617, 0.00206674868241, 0.00346940080635, 0.00134520791471, 0.000647300796118, 0.000661582511384, 0.00195850501768, 0.00238191266544, 0.000562958535738, 0.000991204637103, 0.000664043531287, 0.0010768600041, 0.0013930995483, 0.00118952058256, 0.000783950497862, 0.000418201612774, 0.00040243784315, 0.000253232923569, 0.000257012608927, 0.00021128654771, 0.000167699763551, 0.000207642486203, 0.000243391812546, 7.18855517334e-05, 3.27099005517e-05], "max": [0.00614654785022, 0.0390955321491, 0.05390547961, 0.0255938731134, 0.0526962317526, 0.0405399128795, 0.0239224992692, 0.0395453795791, 0.0660966038704, 0.0945974737406, 0.0418675243855, 0.0355889648199, 0.0247052907944, 0.0227314326912, 0.0266849603504, 0.0236838124692, 0.0241145864129, 0.00645721657202, 0.00937832333148, 0.00385288544931, 0.006540233735, 0.0043933391571, 0.0103989420459, 0.0127309681848, 0.0180117115378, 0.00688279652968, 0.00182170700282], "dvar": [5.54927964913e-07, 1.81997456821e-05, 2.75225756923e-05, 7.38237849873e-06, 3.01964537357e-05, 3.5024306726e-06, 1.87881778402e-06, 2.34351296058e-06, 1.22697847473e-05, 1.62165360962e-05, 8.35580920011e-07, 2.00885665436e-06, 1.12498469207e-06, 2.19141361413e-06, 2.50730590778e-06, 1.8250091216e-06, 7.34710113193e-07, 1.06623360807e-07, 9.35446280437e-08, 3.84583884738e-08, 4.97825283219e-08, 5.47931158223e-08, 7.37011731644e-08, 2.28304173788e-07, 4.26875175208e-07, 3.14088239861e-08, 6.65939881017e-09], "mean": [0.000324372405885, 0.00357137597166, 0.00341534940526, 0.0012037542183, 0.00204930244945, 0.00137568893842, 0.000472667772556, 0.000641358725261, 0.00222590821795, 0.00260473089293, 0.000602591317147, 0.00104479165748, 0.000707332976162, 0.00107338698581, 0.00156811589841, 0.00145541317761, 0.000970394467004, 0.000540922861546, 0.000603247142863, 0.000361619197065, 0.000354379968485, 0.000287404400297, 0.000225712705287, 0.000249136472121, 0.000280922919046, 7.43700729799e-05, 2.12389459193e-05], "dvar2": [1.49957872964e-06, 4.95699205203e-05, 7.74710642872e-05, 2.04741008929e-05, 8.54803292896e-05, 8.26776249596e-06, 5.06705328007e-06, 5.40641576663e-06, 2.95419085887e-05, 4.35430156358e-05, 1.89903732917e-06, 4.74131275041e-06, 2.44048783316e-06, 5.55597398488e-06, 6.06048479312e-06, 4.37414792032e-06, 1.78364621206e-06, 2.72694677506e-07, 2.34464650362e-07, 9.64884705468e-08, 1.23578189459e-07, 1.20903635548e-07, 1.60598801813e-07, 4.46011682698e-07, 9.40456118315e-07, 6.46310027719e-08, 1.66701550341e-08], "min": [1.34602172688e-24, 5.45692164604e-24, 1.95461391298e-24, 1.9860091965e-24, 2.15014878667e-23, 9.50881575556e-24, 1.79827059569e-23, 1.36130492084e-23, 1.53922224282e-23, 1.33400323377e-23, 2.6064466024e-23, 1.20703165346e-23, 3.63900872935e-23, 3.50722415088e-23, 5.35451519431e-23, 7.55277771199e-23, 6.31175183332e-23, 1.05834229066e-22, 1.60002170916e-22, 1.84055259358e-22, 3.21961928568e-22, 3.38516849929e-22, 4.88414558309e-22, 6.95917994944e-22, 8.76173999208e-22, 1.29464125817e-21, 1.9734461464e-21], "var": [5.34197624802e-07, 2.16754924622e-05, 2.41656580329e-05, 5.86856867812e-06, 2.04135958484e-05, 6.31830698694e-06, 1.42326871355e-06, 6.44438523523e-06, 4.20975120505e-05, 4.88546247652e-05, 3.3183468986e-06, 4.12063218391e-06, 3.04304057863e-06, 3.89140768675e-06, 4.42703367298e-06, 4.30443333244e-06, 1.96393989427e-06, 2.72243084964e-07, 2.73556878483e-07, 9.86575372508e-08, 1.00834704142e-07, 1.10850741919e-07, 1.45102916349e-07, 5.42476357168e-07, 9.10390099307e-07, 6.07099579497e-08, 5.95842264417e-09], "median": [4.71395032946e-05, 0.00207555247471, 0.00209818966687, 0.000320699356962, 0.00100329262204, 0.000608215574175, 0.000234581471886, 0.000162566546351, 0.000326543377014, 0.000640727230348, 0.000206418437301, 0.000454645312857, 0.000256291299593, 0.000510724959895, 0.000934906944167, 0.000850055948831, 0.000641177233774, 0.00041810143739, 0.000519349705428, 0.000295807607472, 0.000294295081403, 0.000203165516723, 0.000121939570818, 6.49955836707e-05, 4.58741378679e-05, 9.31896647671e-06, 1.18520733849e-06]}, "melbands_kurtosis": {"dmean": 4.59025764465, "dmean2": 7.45849657059, "max": 359.192596436, "dvar": 117.251998901, "mean": 7.73071575165, "dvar2": 263.242828369, "min": -1.87335717678, "var": 505.151641846, "median": 2.09188294411}, "erbbands_crest": {"dmean": 3.00819349289, "dmean2": 4.77969741821, "max": 32.7129020691, "dvar": 8.05434036255, "mean": 10.5361776352, "dvar2": 19.4201011658, "min": 2.39295554161, "var": 35.9358673096, "median": 8.83602523804}, "melbands_skewness": {"dmean": 0.71171861887, "dmean2": 1.10528612137, "max": 17.5945701599, "dvar": 0.727996051311, "mean": 1.83053815365, "dvar2": 1.61268568039, "min": -3.2786886692, "var": 3.07818412781, "median": 1.48894357681}, "spectral_energyband_middle_low": {"dmean": 0.00490260636434, "dmean2": 0.00808529462665, "max": 0.0801996663213, "dvar": 8.60089203343e-05, "mean": 0.00870919041336, "dvar2": 0.000230819525314, "min": 1.59255466738e-22, "var": 0.000122014309454, "median": 0.00502717588097}, "spectral_contrast_coeffs": {"dmean": [0.0538211688399, 0.049152687192, 0.0424071103334, 0.0345731042325, 0.0236499626189, 0.0212393235415], "dmean2": [0.0882075726986, 0.078552223742, 0.0662497282028, 0.054591756314, 0.0378985926509, 0.0325412601233], "max": [-0.316588938236, -0.320550531149, -0.294440567493, -0.407258212566, -0.491619169712, -0.51257288456], "dvar": [0.00222351658158, 0.00187301752158, 0.00130469247233, 0.000908751448151, 0.000484376418171, 0.000504253432155], "mean": [-0.664418399334, -0.735195636749, -0.736147642136, -0.742451190948, -0.77431833744, -0.73742556572], "dvar2": [0.00600359262899, 0.00447008665651, 0.00295217544772, 0.00206917524338, 0.00107003957964, 0.00098929728847], "min": [-0.982853531837, -0.974791288376, -0.974935173988, -0.967818677425, -0.96520370245, -0.963488996029], "var": [0.00739139644429, 0.00764366053045, 0.0121213570237, 0.00587314553559, 0.00307911867276, 0.00290727219544], "median": [-0.660339057446, -0.746301054955, -0.76053750515, -0.749207794666, -0.780273854733, -0.735756874084]}, "spectral_contrast_valleys": {"dmean": [0.457253426313, 0.416659235954, 0.366246134043, 0.311660498381, 0.279475241899, 0.314293295145], "dmean2": [0.731513798237, 0.639024138451, 0.558269739151, 0.466035753489, 0.400037884712, 0.425734817982], "max": [-5.34264039993, -4.87057638168, -5.24434518814, -5.65200567245, -5.40438079834, -6.994120121], "dvar": [0.208969816566, 0.183911293745, 0.162036493421, 0.145293235779, 0.167748779058, 0.173846587539], "mean": [-7.87801408768, -7.44829845428, -7.47816801071, -7.54283285141, -7.3202881813, -10.0447206497], "dvar2": [0.437627464533, 0.347877144814, 0.295369416475, 0.248617917299, 0.270035594702, 0.292680710554], "min": [-27.7698783875, -27.9752063751, -27.6506271362, -27.4895973206, -27.4154987335, -27.373790741], "var": [4.21101331711, 3.42637896538, 3.47742557526, 3.33137059212, 3.62430882454, 3.85174703598], "median": [-7.16778898239, -6.95299959183, -6.9753947258, -7.0404548645, -6.75144815445, -9.58201122284]}, "silence_rate_20dB": {"dmean": 0, "dmean2": 0, "max": 1, "dvar": 0, "mean": 1, "dvar2": 0, "min": 1, "var": 0, "median": 1}, "silence_rate_30dB": {"dmean": 0, "dmean2": 0, "max": 1, "dvar": 0, "mean": 1, "dvar2": 0, "min": 1, "var": 0, "median": 1}, "spectral_strongpeak": {"dmean": 0.955679118633, "dmean2": 1.6339827776, "max": 14.8352003098, "dvar": 2.41026306152, "mean": 1.6146749258, "dvar2": 6.07173919678, "min": 0, "var": 4.53729724884, "median": 0.445960760117}, "spectral_spread": {"dmean": 517722.71875, "dmean2": 739323.4375, "max": 42261688, "dvar": 739272687616, "mean": 4625278.5, "dvar2": 1164057509890.0, "min": 937864.625, "var": 7483147943940.0, "median": 4108215}, "barkbands_flatness_db": {"dmean": 0.0196550562978, "dmean2": 0.0294261667877, "max": 0.466212123632, "dvar": 0.000431785709225, "mean": 0.117397814989, "dvar2": 0.000873459270224, "min": 0.0203450564295, "var": 0.0050918739289, "median": 0.0975209102035}, "pitch_salience": {"dmean": 0.0671866461635, "dmean2": 0.108244501054, "max": 0.981193423271, "dvar": 0.00411061337218, "mean": 0.546289026737, "dvar2": 0.0100668175146, "min": 0.0499126501381, "var": 0.0135729499161, "median": 0.546757817268}, "erbbands_kurtosis": {"dmean": 1.53491711617, "dmean2": 2.46154665947, "max": 64.4879837036, "dvar": 8.69866752625, "mean": 1.75753343105, "dvar2": 21.509437561, "min": -1.74369585514, "var": 18.0682640076, "median": 0.576274871826}, "average_loudness": 0.958905398846, "barkbands_crest": {"dmean": 2.5279853344, "dmean2": 4.10223007202, "max": 26.4441013336, "dvar": 5.46054124832, "mean": 9.17197036743, "dvar2": 13.4855928421, "min": 2.11244249344, "var": 21.4515514374, "median": 7.93550491333}, "hfc": {"dmean": 9.2744102478, "dmean2": 14.2726831436, "max": 386.551025391, "dvar": 201.58782959, "mean": 35.5109596252, "dvar2": 427.519805908, "min": 1.07892409843e-16, "var": 658.704650879, "median": 34.3331756592}, "barkbands_kurtosis": {"dmean": 1.76263737679, "dmean2": 2.86673998833, "max": 104.193122864, "dvar": 20.9432506561, "mean": 1.32869327068, "dvar2": 48.098526001, "min": -1.92270457745, "var": 41.9053344727, "median": -0.53175675869}, "erbbands": {"dmean": [0.0641597136855, 0.620405673981, 2.67882394791, 3.36541509628, 6.27737045288, 6.27471733093, 5.04927349091, 7.50764036179, 6.66508769989, 4.31003856659, 11.7124767303, 23.7181873322, 42.7918052673, 42.4872741699, 15.87931633, 25.5711231232, 18.7743377686, 35.1812667847, 30.0721187592, 45.22889328, 40.3180503845, 21.9167041779, 13.6547279358, 12.3766374588, 11.8492546082, 7.13293981552, 6.52694749832, 5.76463413239, 5.27098417282, 3.9308784008, 3.01340270042, 2.55419993401, 2.78125905991, 2.08276414871, 1.07541048527, 0.296293020248, 0.0774129480124, 0.029185520485, 0.00347051443532, 8.52475423017e-05], "dmean2": [0.106922782958, 1.06594371796, 4.66291952133, 5.99315786362, 11.4197750092, 11.2057600021, 7.83475828171, 11.7952127457, 11.0829610825, 7.21770238876, 18.5279045105, 36.2699317932, 66.0760040283, 67.6212387085, 24.9591598511, 40.6260528564, 29.4612846375, 56.038772583, 47.0517807007, 72.186378479, 64.4694595337, 35.0109329224, 22.4227027893, 20.3691501617, 19.4734916687, 11.6917390823, 10.8767681122, 9.34759998322, 8.22469329834, 5.99790430069, 4.59459352493, 3.84331488609, 4.05880975723, 3.14305377007, 1.59592008591, 0.424095779657, 0.111353449523, 0.0444577969611, 0.00538592692465, 0.000130515196361], "max": [1.05655288696, 11.1224660873, 59.6142044067, 49.7079544067, 178.768920898, 199.470184326, 314.337768555, 360.577178955, 324.358825684, 346.912078857, 1046.98168945, 1571.53747559, 1826.01049805, 3536.51928711, 1041.80163574, 1402.01782227, 1153.72045898, 1319.73950195, 1389.63256836, 1710.17724609, 1621.9465332, 915.286254883, 337.319763184, 487.176269531, 325.222595215, 184.671218872, 168.157699585, 255.520095825, 148.850860596, 261.361877441, 312.2527771, 208.366928101, 283.533599854, 218.050201416, 193.696762085, 42.8906974792, 11.6827383041, 2.39797878265, 0.259953647852, 0.00540976366028], "dvar": [0.0141560463235, 1.2019046545, 28.504983902, 36.0442886353, 384.526763916, 296.934173584, 124.21546936, 341.204345703, 389.476257324, 269.373321533, 1894.66918945, 4447.07714844, 11050.7451172, 20679.8730469, 1265.9296875, 3453.86816406, 2165.7331543, 6487.82275391, 3608.65380859, 6881.92480469, 6003.55957031, 1416.95410156, 318.124755859, 251.988845825, 270.161682129, 90.571975708, 77.3130874634, 79.7517929077, 77.9989242554, 63.4202079773, 64.8801956177, 67.4341278076, 98.3840637207, 61.1299591064, 26.8516120911, 1.43982458115, 0.0736838728189, 0.0123906796798, 0.000154264489538, 6.84872816237e-08], "mean": [0.0799905955791, 0.906061172485, 3.79149055481, 4.11101579666, 5.74215316772, 6.74137783051, 8.55692386627, 10.9363250732, 8.91827774048, 5.65983724594, 19.4092121124, 41.373966217, 73.9077911377, 77.3908691406, 31.8460292816, 43.5869903564, 34.8554534912, 59.3183937073, 59.1457252502, 86.9607696533, 84.2769851685, 50.6154251099, 31.8585014343, 29.8887939453, 28.810798645, 17.2548103333, 15.0280227661, 12.2554397583, 10.7625379562, 8.19095802307, 6.03586864471, 4.62173175812, 4.63040828705, 3.49870538712, 1.75412046909, 0.477217704058, 0.108831040561, 0.0314460545778, 0.00368782342412, 0.000123864243506], "dvar2": [0.0377855636179, 3.39661312103, 80.3677825928, 99.6275558472, 1091.96984863, 828.524780273, 272.017150879, 824.98260498, 1042.5333252, 713.407836914, 4456.92041016, 9389.1875, 28558.8808594, 57188.7304688, 2987.5324707, 8239.22363281, 4732.68994141, 16662.6445312, 8084.89697266, 16954.0390625, 15316.7041016, 3437.82397461, 814.221740723, 638.448730469, 687.698852539, 228.260269165, 196.440856934, 192.029144287, 177.038543701, 136.683746338, 145.936599731, 140.055297852, 195.818511963, 133.612731934, 61.6347541809, 2.91949939728, 0.159420013428, 0.0306883454323, 0.000378064491088, 1.64462107932e-07], "min": [2.07805866974e-22, 1.26354807209e-21, 1.57029828854e-21, 1.18312063066e-20, 2.01330817399e-20, 7.4113495879e-20, 4.83126372054e-20, 8.304169567e-20, 1.68386636981e-19, 2.57746842233e-19, 3.20145547783e-19, 4.91894635181e-19, 2.9391177315e-19, 4.95154864168e-19, 1.28350472364e-18, 7.33444764032e-19, 1.30821974296e-18, 1.89573562978e-18, 2.50732154183e-18, 3.14244860054e-18, 5.53994826757e-18, 3.72051694738e-18, 5.43607919806e-18, 8.90953259931e-18, 9.0142263679e-18, 1.03136063418e-17, 1.12271181406e-17, 1.32911372553e-17, 1.06782010861e-17, 1.43515141446e-17, 1.42683973823e-17, 1.34586917874e-17, 1.10496225519e-17, 8.91849758279e-18, 6.55601888173e-18, 4.64675202469e-18, 2.01474748118e-18, 9.18209874411e-19, 2.54915351298e-19, 3.00209596754e-20], "var": [0.0160303097218, 1.33601725101, 26.7228126526, 33.7299613953, 239.726745605, 216.647323608, 267.65246582, 542.426879883, 332.385314941, 230.244049072, 5174.51367188, 13796.1777344, 29153.0507812, 61878.375, 4180.80224609, 6405.76464844, 6275.17138672, 12210.4042969, 6688.30419922, 15011.4794922, 13524.7207031, 3937.32470703, 885.759277344, 634.289123535, 690.858520508, 212.339035034, 161.056106567, 151.203338623, 149.038314819, 130.410522461, 119.195854187, 148.896347046, 214.411331177, 126.850440979, 47.91173172, 3.13308167458, 0.122812867165, 0.0119415046647, 0.000148599981912, 7.30126217263e-08], "median": [0.0332279056311, 0.558809995651, 2.39097070694, 1.96388840675, 2.30626893044, 2.67999362946, 3.80438756943, 4.06031131744, 4.70574760437, 2.54528713226, 5.23386478424, 7.7263584137, 19.9054641724, 17.1402549744, 14.0572509766, 20.8649940491, 14.8551054001, 27.5335998535, 37.382484436, 51.4816894531, 52.523765564, 36.4534950256, 25.1705169678, 26.3425102234, 23.6197395325, 14.5369968414, 12.9576454163, 9.05527687073, 7.74405384064, 5.09196949005, 3.16527032852, 1.57548820972, 1.01604890823, 0.628745675087, 0.230280056596, 0.0612145364285, 0.0136018022895, 0.00226590735838, 0.000256263825577, 4.90417914989e-05]}, "spectral_energy": {"dmean": 0.00953239854425, "dmean2": 0.0156618263572, "max": 0.109031125903, "dvar": 0.000163752483786, "mean": 0.0283055007458, "dvar2": 0.000433346460341, "min": 9.84596314296e-21, "var": 0.000316512858262, "median": 0.0266385525465}, "zerocrossingrate": {"dmean": 0.0130742909387, "dmean2": 0.0145137682557, "max": 0.5185546875, "dvar": 0.000379906996386, "mean": 0.0882451087236, "dvar2": 0.000349557667505, "min": 0.005859375, "var": 0.00333806592971, "median": 0.07568359375}, "spectral_energyband_high": {"dmean": 0.000669693457894, "dmean2": 0.000987523235381, "max": 0.0353995896876, "dvar": 2.11641986425e-06, "mean": 0.00164123787545, "dvar2": 4.10528127759e-06, "min": 7.27142164753e-21, "var": 5.99426493864e-06, "median": 0.000947986