{"metadata": {"audio_properties": {"downmix": "mix", "bit_rate": 0, "lossless": true, "md5_encoded": "61a5ffe7ac2caadc997a066abb0c9627", "analysis_sample_rate": 44100, "sample_rate": 44100, "replay_gain": -7.87878227234, "equal_loudness": 0, "codec": "flac", "length": 205.600006104}, "tags": {"releasestatus": ["official"], "musicbrainz_albumid": ["4e1b2fbd-0739-4a98-8f59-83fb4c891164"], "musicbrainz_recordingid": ["37a78112-14e5-49a4-abb0-90ce6e2f950e"], "artist": ["Jim Brickman"], "tracktotal": ["13"], "musicip_puid": ["008fba12-c963-488d-95cc-3c4cd748ca92"], "originaldate": ["2001-09-25"], "albumartist": ["Jim Brickman"], "asin": ["B00005NDUQ"], "releasetype": ["album"], "totaltracks": ["13"], "script": ["Latn"], "musicbrainz_albumartistid": ["e573ad8c-d829-4c68-a9be-0d4460cca073"], "file_name": "05. Another Tuesday Morning.flac", "album": ["Simple Things"], "musicbrainz_artistid": ["e573ad8c-d829-4c68-a9be-0d4460cca073"], "albumartistsort": ["Brickman, Jim"], "tracknumber": ["5"], "releasecountry": ["US"], "date": ["2001-09-25"], "title": ["Another Tuesday Morning"], "language": ["eng"], "discnumber": ["1"], "artistsort": ["Brickman, Jim"], "disctotal": ["1"], "genre": ["New Age"], "totaldiscs": ["1"], "musicbrainz_releasegroupid": ["95db0c9b-073c-3623-9691-e1185f2d848f"]}, "version": {"essentia_build_sha": "70f2e5ece6736b2c40cc944ad0e695b16b925413", "essentia_git_sha": "v2.1_beta2", "extractor": "music 1.0", "essentia": "2.1-beta2"}}, "tonal": {"chords_scale": "major", "hpcp": {"dmean": [0.060743894428, 0.0469296686351, 0.00886644423008, 0.00490206014365, 0.00704414537176, 0.0229824315757, 0.0336576476693, 0.0357042327523, 0.0610490627587, 0.0457621924579, 0.051411498338, 0.0141044892371, 0.0121002132073, 0.0164451226592, 0.0448656715453, 0.059702321887, 0.0415925197303, 0.00738906441256, 0.00406830012798, 0.00730137107894, 0.0337288863957, 0.0448998361826, 0.0381571725011, 0.0329739712179, 0.0332752615213, 0.025909518823, 0.0259283669293, 0.0299413651228, 0.0280376374722, 0.060284037143, 0.0698951557279, 0.0533857680857, 0.00991145521402, 0.0060875476338, 0.0146433860064, 0.0491773784161], "dvar2": [0.0360634699464, 0.0208663996309, 0.00422169594094, 0.00169314921368, 0.00513160182163, 0.0107766669244, 0.0219698548317, 0.0172337871045, 0.0350273400545, 0.0297710411251, 0.0249600186944, 0.00759418075904, 0.00704017840326, 0.0070162191987, 0.0176917314529, 0.028581853956, 0.0154443383217, 0.00163838162553, 0.0007299266872, 0.00312650878914, 0.0154599016532, 0.0201420523226, 0.0164071973413, 0.0152334757149, 0.0193419493735, 0.0130394445732, 0.0149794844911, 0.0210792161524, 0.0125816771761, 0.0219713747501, 0.0385139174759, 0.0256547834724, 0.00456880871207, 0.00289762788452, 0.00525170890614, 0.0186803340912], "mean": [0.27456304431, 0.127555400133, 0.00802374631166, 0.00459333369508, 0.00503442948684, 0.0563427805901, 0.107973955572, 0.0680819898844, 0.235881432891, 0.423982590437, 0.206543505192, 0.0236670672894, 0.0365310795605, 0.0258866250515, 0.121748447418, 0.220021501184, 0.111565150321, 0.00916374381632, 0.0058436957188, 0.0063919047825, 0.0830693095922, 0.163968876004, 0.0969890356064, 0.0801746249199, 0.12320189178, 0.0614608116448, 0.0620142146945, 0.0967030599713, 0.0540667884052, 0.199498727918, 0.337539583445, 0.156236603856, 0.00881346315145, 0.00636396650225, 0.0159698091447, 0.165279626846], "var": [0.137598887086, 0.0307312179357, 0.000973391521256, 0.000354535761289, 0.00098080909811, 0.0180932078511, 0.0649060383439, 0.0200465545058, 0.06811324507, 0.206640347838, 0.0522174648941, 0.0073710475117, 0.0239203125238, 0.00748020550236, 0.0324976667762, 0.102852277458, 0.0274569839239, 0.000472797721159, 0.000295208854368, 0.000664882769343, 0.0220320951194, 0.081424549222, 0.0276045557112, 0.0248635672033, 0.0681101903319, 0.0177212078124, 0.0239675510675, 0.0589176341891, 0.0138912256807, 0.0507608428597, 0.141293644905, 0.0331524983048, 0.00094832922332, 0.000701911107171, 0.00215710955672, 0.0604818500578], "dmean2": [0.092703692615, 0.0728541910648, 0.0159852411598, 0.00892743561417, 0.0130994236097, 0.0370620712638, 0.0528700836003, 0.0591808855534, 0.102721177042, 0.0706131979823, 0.085476577282, 0.0245224535465, 0.0193965099752, 0.0285115800798, 0.0684349164367, 0.0867693573236, 0.0632551088929, 0.0127547672018, 0.00685623846948, 0.0132116675377, 0.0525128878653, 0.0628553256392, 0.060025498271, 0.0532823503017, 0.0506299436092, 0.0426968596876, 0.0410667099059, 0.0470686405897, 0.0464278422296, 0.0913022905588, 0.104682028294, 0.0874548107386, 0.0182446930557, 0.0109267728403, 0.0250788312405, 0.0706219673157], "dvar": [0.0201543830335, 0.00913232285529, 0.00149524607696, 0.000580530613661, 0.0017587080365, 0.00463392632082, 0.0111849894747, 0.00725229596719, 0.0135332401842, 0.0157405398786, 0.00927585829049, 0.00290039367974, 0.00367934536189, 0.00277631357312, 0.007729801815, 0.0158048309386, 0.00685247639194, 0.000582289882004, 0.000263124326011, 0.0010660517728, 0.00642478372902, 0.0120818885043, 0.00689694657922, 0.00622160173953, 0.00983715988696, 0.00527135748416, 0.00621987739578, 0.0103928577155, 0.00520317209885, 0.0100271226838, 0.0217228028923, 0.0103909894824, 0.00157962820958, 0.0010134994518, 0.00198614015244, 0.00949444249272], "min": [0, 0, 0, 0, 0, 0, 0, 0, 0, 0, 0, 0, 0, 0, 0, 0, 0, 0, 0, 0, 0, 0, 0, 0, 0, 0, 0, 0, 0, 0, 0, 0, 0, 0, 0, 0], "median": [0.0679472759366, 0.0378798693419, 0.00215779501013, 0.00117349601351, 0.00086803099839, 0.00534163648263, 0.00801008101553, 0.00884015113115, 0.0747408345342, 0.135482922196, 0.0686571970582, 0.00326516479254, 0.00135221483652, 0.0023668971844, 0.0285490062088, 0.0536616817117, 0.0292631238699, 0.00228629051708, 0.000881762010977, 0.000935025396757, 0.0117237335071, 0.022401060909, 0.0198996476829, 0.0092073502019, 0.00390387140214, 0.00354086817242, 0.00260561308824, 0.00318279163912, 0.00817735958844, 0.101531036198, 0.167345091701, 0.0719923004508, 0.00167181261349, 0.000671348127071, 0.00143456284422, 0.0314490757883], "max": [1, 1, 0.704257190228, 0.424640238285, 1, 1, 1, 1, 1, 1, 1, 1, 1, 1, 1, 1, 1, 0.549206376076, 0.30218693614, 1, 1, 1, 1, 1, 1, 1, 1, 1, 1, 1, 1, 1, 0.635215044022, 0.804641842842, 1, 1]}, "tuning_equal_tempered_deviation": 0.00133547664154, "chords_key": "C", "chords_strength": {"dmean": 0.00630308920518, "dvar2": 0.000807574484497, "mean": 0.485912889242, "var": 0.0169962588698, "dmean2": 0.00369701045565, "dvar": 0.000452754087746, "min": -1, "median": 0.490503907204, "max": 0.719296991825}, "tuning_diatonic_strength": 0.542818427086, "thpcp": [1, 0.487150907516, 0.0558208487928, 0.0861617475748, 0.0610558688641, 0.287154346704, 0.518939971924, 0.263136148453, 0.0216134916991, 0.0137828672305, 0.015075866133, 0.195926234126, 0.386734932661, 0.228757113218, 0.189098864794, 0.290582418442, 0.144960701466, 0.146265938878, 0.228082627058, 0.127521246672, 0.470535188913, 0.7961165905, 0.368497699499, 0.0207873228937, 0.0150099713355, 0.0376661904156, 0.389826446772, 0.64758092165, 0.300850570202, 0.0189247075468, 0.0108337793499, 0.0118741421029, 0.132889375091, 0.254666000605, 0.160577327013, 0.556346952915], "chords_histogram": [33.0322875977, 2.3707382679, 8.60239315033, 0.541883051395, 23.05260849, 0.451569199562, 4.94468259811, 0, 0, 0, 0, 0, 0, 0, 0, 1.06118762493, 0, 3.25129818916, 0, 1.60307061672, 0.564461529255, 1.15150141716, 14.517950058, 4.85436916351], "tuning_nontempered_energy_ratio": 0.580189943314, "tuning_frequency": 440.254241943, "key_strength": 0.829206466675, "chords_changes_rate": 0.0316098444164, "key_scale": "major", "hpcp_entropy": {"dmean": 0.266127794981, "dvar2": 0.274029135704, "mean": 1.16826939583, "var": 0.396532565355, "dmean2": 0.431415528059, "dvar": 0.120823279023, "min": 0, "median": 1.15120303631, "max": 3.59018325806}, "key_key": "C", "chords_number_rate": 0.00248363055289}, "lowlevel": {"melbands_skewness": {"dmean": 0.285357087851, "dvar2": 0.263967454433, "mean": 1.57436561584, "var": 1.4327903986, "dmean2": 0.420222461224, "dvar": 0.121130086482, "min": -9.57517147064, "median": 1.62950229645, "max": 6.89579582214}, "melbands_kurtosis": {"dmean": 1.82854259014, "dvar2": 18.1224155426, "mean": 6.94045639038, "var": 65.2157363892, "dmean2": 2.7035036087, "dvar": 8.51206302643, "min": -1.85706448555, "median": 5.17895078659, "max": 138.465103149}, "barkbands_kurtosis": {"dmean": 1.76253938675, "dvar2": 43.6583862305, "mean": 6.06466960907, "var": 197.401382446, "dmean2": 2.56033110619, "dvar": 22.2294769287, "min": -1.94138371944, "median": 3.93281507492, "max": 496.581848145}, "hfc": {"dmean": 2.25075435638, "dvar2": 165.555587769, "mean": 9.23836994171, "var": 236.859466553, "dmean2": 2.97015285492, "dvar": 82.3957443237, "min": 5.12608266945e-07, "median": 4.86698913574, "max": 281.435089111}, "silence_rate_20dB": {"dmean": 0, "dvar2": 0, "mean": 1, "var": 0, "dmean2": 0, "dvar": 0, "min": 1, "median": 1, "max": 1}, "erbbands_flatness_db": {"dmean": 0.010652070865, "dvar2": 0.000408054853324, "mean": 0.34455409646, "var": 0.00453046895564, "dmean2": 0.0162013918161, "dvar": 0.000190796446986, "min": 0.0256448481232, "median": 0.342585861683, "max": 0.605018973351}, "spectral_flux": {"dmean": 0.0131702888757, "dvar2": 0.00161171250511, "mean": 0.0314402505755, "var": 0.00108640617691, "dmean2": 0.0211848653853, "dvar": 0.000666427018587, "min": 1.878083458e-05, "median": 0.0222929306328, "max": 0.436329066753}, "spectral_energyband_low": {"dmean": 0.000644156360067, "dvar2": 8.04033606983e-06, "mean": 0.00200240453705, "var": 2.0220364604e-05, "dmean2": 0.000998425995931, "dvar": 3.66058884538e-06, "min": 7.51082478005e-14, "median": 0.000450384570286, "max": 0.066139601171}, "spectral_rolloff": {"dmean": 55.667011261, "dvar2": 73395.0078125, "mean": 864.474853516, "var": 4782718.5, "dmean2": 95.7480239868, "dvar": 36054.1289062, "min": 107.666015625, "median": 559.86328125, "max": 21576.2695312}, "spectral_entropy": {"dmean": 0.121703907847, "dvar2": 0.0828264430165, "mean": 5.85791730881, "var": 0.324053734541, "dmean2": 0.19073651731, "dvar": 0.0355497002602, "min": 3.74508595467, "median": 5.85932254791, "max": 9.81306743622}, "spectral_energy": {"dmean": 0.00410614907742, "dvar2": 0.000206692930078, "mean": 0.0190832410008, "var": 0.000500017718878, "dmean2": 0.00568484375253, "dvar": 0.000102714766399, "min": 2.6698606867e-11, "median": 0.0113814761862, "max": 0.267748892307}, "spectral_centroid": {"dmean": 36.3233337402, "dvar2": 18218.5117188, "mean": 527.547363281, "var": 90739.9453125, "dmean2": 53.240234375, "dvar": 15351.6181641, "min": 152.135421753, "median": 472.38458252, "max": 10719.0800781}, "barkbands_flatness_db": {"dmean": 0.0148643767461, "dvar2": 0.000624629319645, "mean": 0.32937002182, "var": 0.00434382259846, "dmean2": 0.0231854040176, "dvar": 0.000284779816866, "min": 0.120703853667, "median": 0.330632090569, "max": 0.577450335026}, "spectral_rms": {"dmean": 0.000382762897061, "dvar2": 8.75288321822e-07, "mean": 0.00364743522368, "var": 5.31394834979e-06, "dmean2": 0.000526297895703, "dvar": 4.68579031576e-07, "min": 1.61392136988e-07, "median": 0.00333224842325, "max": 0.0161622539163}, "melbands": {"dmean": [2.7586816941e-05, 0.000149705738295, 0.000196098655579, 0.000284214387648, 0.00021122446924, 0.000163051226991, 0.000142878619954, 0.000165389545145, 6.97087816661e-05, 2.462636985e-05, 4.36436239397e-05, 2.55889117398e-05, 8.47334667924e-05, 6.34904426988e-05, 1.37515971801e-05, 6.25478787697e-06, 8.37918923935e-06, 3.95547385779e-06, 2.42395412897e-06, 2.56414546129e-06, 1.38014229378e-06, 1.31126500946e-06, 1.11331848984e-06, 6.06769845035e-07, 5.92640617469e-07, 2.08451695016e-07, 1.88529995171e-07, 1.0343620005e-07, 7.75898243432e-08, 3.87513239275e-08, 2.67741526727e-08, 2.71350799608e-08, 1.93054425779e-08, 1.52488102145e-08, 6.68290178751e-09, 6.5623786405e-09, 3.47267326006e-09, 1.57351343066e-09, 7.26082916014e-10, 3.84372672579e-10], "dvar2": [3.65094940946e-08, 5.71830014451e-07, 5.49303479147e-07, 9.62655917647e-07, 4.2980062176e-07, 5.34424998477e-07, 3.92387846659e-07, 7.15786256933e-07, 1.25764714198e-07, 8.39753155901e-09, 1.10923657815e-07, 1.71192997556e-08, 1.49940183292e-06, 7.56727047246e-07, 5.57144410607e-08, 8.67182270436e-10, 1.46255707545e-09, 2.34115282716e-10, 8.43889402802e-11, 1.29983163122e-10, 3.51417644984e-11, 4.6943737092e-11, 3.35806833729e-11, 1.08679142075e-11, 1.08740785473e-11, 2.90944135103e-12, 2.54807026173e-12, 6.38965063585e-13, 4.44081024124e-13, 1.15357064721e-13, 7.92864580414e-14, 8.89384052516e-14, 1.02901668848e-13, 2.87603498146e-14, 4.69936420236e-15, 6.86620873615e-15, 1.67625173284e-15, 3.89149144114e-16, 1.04748269865e-16, 2.07244808519e-17], "mean": [9.63438869803e-05, 0.000439072318841, 0.000503931310959, 0.000917598081287, 0.000849730451591, 0.00061890645884, 0.000541543529835, 0.000520856003277, 0.000227751312195, 8.87427304406e-05, 0.000128743879031, 7.75440130383e-05, 0.000168769591255, 0.000139668307384, 3.53871073457e-05, 1.80089718924e-05, 1.76265639311e-05, 9.72078760242e-06, 6.68104576107e-06, 5.70988322579e-06, 2.78810784948e-06, 3.34059222951e-06, 2.51180813393e-06, 1.26853558413e-06, 1.35138657242e-06, 3.74375986212e-07, 3.30572788698e-07, 1.65246646588e-07, 1.22780278389e-07, 7.22194002378e-08, 4.24861852366e-08, 4.14171807961e-08, 2.60644021921e-08, 2.12936690502e-08, 1.08273727761e-08, 1.03763424519e-08, 5.17158227353e-09, 2.19313611716e-09, 1.45187384337e-09, 8.82899475751e-10], "var": [7.8774867518e-08, 1.44071191244e-06, 8.08917377526e-07, 2.97332803711e-06, 1.68596397998e-06, 1.28421265799e-06, 1.06258198684e-06, 2.05929859476e-06, 2.43134621769e-07, 3.58640157572e-08, 1.05542909523e-07, 3.40522738895e-08, 1.71005945049e-06, 7.72064709054e-07, 3.13528509821e-08, 4.5059693754e-09, 1.85282578169e-09, 4.41913422522e-10, 1.65950267417e-10, 1.97217756015e-10, 4.47077479204e-11, 1.48201659278e-10, 3.88588224098e-11, 1.65298920385e-11, 1.72840786822e-11, 1.50859197096e-12, 1.84646547184e-12, 3.9162556119e-13, 3.63769723979e-13, 8.87936710378e-14, 3.74998799103e-14, 4.73280811243e-14, 3.79017563862e-14, 1.39533490759e-14, 3.88342032888e-15, 4.76992797609e-15, 1.25982206624e-15, 2.44366278896e-16, 1.95257201203e-16, 6.32364225825e-17], "dmean2": [4.36384761997e-05, 0.00023121041886, 0.000316965364618, 0.000417662755353, 0.00030531961238, 0.000251439312706, 0.000206528507988, 0.000227474156418, 9.85274091363e-05, 3.28439055011e-05, 6.02235741098e-05, 3.48130524799e-05, 0.000105730796349, 8.21610447019e-05, 1.88294743566e-05, 8.48714626045e-06, 1.1824466128e-05, 5.45760758541e-06, 3.65427331417e-06, 3.85751127396e-06, 2.08824008041e-06, 1.86194085927e-06, 1.6654821593e-06, 8.67623441536e-07, 8.85625695446e-07, 3.19868831866e-07, 2.95699805974e-07, 1.57502810794e-07, 1.20211922194e-07, 6.18988806877e-08, 4.37771809914e-08, 4.31443787363e-08, 3.02558369469e-08, 2.31272334617e-08, 9.90969972747e-09, 1.02893871201e-08, 5.23434984245e-09, 2.45075404415e-09, 1.16723086752e-09, 6.00727911859e-10], "dvar": [1.76495031923e-08, 2.70114526302e-07, 2.08457620943e-07, 5.33201728103e-07, 1.94212105953e-07, 2.10434492942e-07, 1.97887459308e-07, 4.1679993501e-07, 6.00990759381e-08, 4.68561234257e-09, 4.8158003807e-08, 7.95602517201e-09, 7.69374537413e-07, 3.43941195524e-07, 2.07969357291e-08, 6.10081540842e-10, 7.7554956901e-10, 1.22068480324e-10, 3.87663408319e-11, 6.92757240461e-11, 1.7197790067e-11, 2.64836572811e-11, 1.55117065026e-11, 5.66775185812e-12, 5.48098198772e-12, 1.15600573818e-12, 9.98808891498e-13, 2.67859004291e-13, 1.89665354277e-13, 4.39841509026e-14, 3.03684723581e-14, 3.38076158594e-14, 3.98124119934e-14, 1.20399168947e-14, 2.18471502316e-15, 2.68473318324e-15, 6.99856525746e-16, 1.64083066787e-16, 3.69606730827e-17, 8.47700151136e-18], "min": [1.33173772574e-14, 7.88605715696e-15, 7.78862634516e-15, 9.88671933222e-15, 7.27515581957e-15, 4.91327347934e-15, 2.78306841446e-15, 3.28455384737e-15, 1.6954308881e-15, 3.01730139998e-15, 5.02427375894e-15, 2.31393159333e-15, 8.89964071032e-16, 7.01974425751e-16, 1.0762333924e-15, 7.05940657527e-16, 2.13751940613e-15, 1.16399924062e-15, 2.25935133131e-15, 7.64468198962e-16, 1.67929236936e-15, 1.78897911262e-15, 1.46053933447e-15, 3.89853716707e-16, 1.67391529833e-15, 8.47935196162e-16, 4.22752529318e-16, 8.17509560938e-16, 2.1627993162e-15, 2.29699008735e-15, 2.45053407904e-15, 6.71752237254e-16, 8.14465112768e-16, 9.56807358427e-16, 2.10382549428e-15, 2.75380130855e-15, 8.43852179719e-16, 7.27785107841e-16, 7.97299195998e-16, 1.58368543126e-15], "median": [8.71552219905e-06, 7.59848480811e-05, 0.000149790634168, 0.000248737167567, 0.000337303994456, 0.000215598760406, 0.000158804003149, 0.000104852202639, 5.13575250807e-05, 2.33699047385e-05, 3.77782562282e-05, 1.88224148587e-05, 1.28788506117e-05, 1.7268323063e-05, 7.32788521418e-06, 3.05538424072e-06, 3.72642898583e-06, 2.1578111955e-06, 1.81612779215e-06, 1.26159432057e-06, 6.38952542431e-07, 4.05484513522e-07, 4.24840266078e-07, 1.63583592894e-07, 1.60491978818e-07, 3.62207330795e-08, 2.56454839587e-08, 1.37091875629e-08, 7.86414311449e-09, 3.63583074758e-09, 1.9117343264e-09, 1.11998854635e-09, 6.22066953504e-10, 5.36929556372e-10, 2.26161991912e-10, 1.65141539332e-10, 4.74451658516e-11, 2.45227831097e-11, 1.2798217347e-11, 6.98518846931e-12], "max": [0.00799195468426, 0.0193391442299, 0.0109996907413, 0.0224644578993, 0.0121404314414, 0.0174613241106, 0.0134240090847, 0.0243362467736, 0.00920009147376, 0.00206032511778, 0.0094195548445, 0.0039949757047, 0.0312020555139, 0.0287041496485, 0.00894719455391, 0.00210934923962, 0.00100297038443, 0.000249714212259, 0.00018219910271, 0.000250549433986, 0.000126611193991, 0.000235795028857, 9.24930718611e-05, 7.85482188803e-05, 8.62818851601e-05, 4.08113664889e-05, 4.25184261985e-05, 1.53513101395e-05, 1.97127192223e-05, 8.01945407147e-06, 7.2784096119e-06, 8.6799809651e-06, 1.00330717032e-05, 5.10942163601e-06, 2.1895386908e-06, 3.15090596814e-06, 1.08836707113e-06, 5.10282916366e-07, 4.2080523599e-07, 2.22391861371e-07]}, "barkbands_crest": {"dmean": 1.49257647991, "dvar2": 6.16509866714, "mean": 12.8650484085, "var": 20.6649932861, "dmean2": 2.2467956543, "dvar": 2.77382731438, "min": 3.96017742157, "median": 11.9683837891, "max": 26.9102115631}, "mfcc": {"icov": [[0.00150657934137, -0.00198789103888, 0.002191927284, -0.00236384710297, 0.00237302412279, -0.00247738719918, 0.00235177692957, -0.00245716492645, 0.00231814361177, -0.00220559281297, 0.0020247856155, -0.00150046113413, 0.000784357718658], [-0.00198789103888, 0.00338214566, -0.00252190930769, 0.00327204959467, -0.00413119932637, 0.00331016536802, -0.00320463534445, 0.00347130862065, -0.00320597924292, 0.00311249238439, -0.00271117221564, 0.00213842932135, -0.000828036514577], [0.002191927284, -0.00252190930769, 0.0046663666144, -0.00265829334967, 0.00243472191505, -0.00463852239773, 0.00354230916128, -0.0031365014147, 0.00266757537611, -0.00315054110251, 0.00282505946234, -0.00166990165599, 0.0013285150053], [-0.00236384710297, 0.00327204959467, -0.00265829334967, 0.00653844419867, -0.00463854381815, 0.00283424113877, -0.00342069170438, 0.00355448178016, -0.0029731343966, 0.00202123378403, -0.00392394000664, 0.00256836833432, -0.000753861328121], [0.00237302412279, -0.00413119932637, 0.00243472191505, -0.00463854381815, 0.00931349489838, -0.00416071619838, 0.00341617874801, -0.00458568660542, 0.00293472711928, -0.00326144858263, 0.00212088320404, -0.00173436535988, 0.000797356246039], [-0.00247738719918, 0.00331016536802, -0.00463852239773, 0.00283424113877, -0.00416071619838, 0.0120557872579, -0.00714001152664, 0.00363481324166, -0.00503823626786, 0.00335165951401, -0.0033463917207, 0.00272560864687, -0.000740246789064], [0.00235177692957, -0.00320463534445, 0.00354230916128, -0.00342069170438, 0.00341617874801, -0.00714001152664, 0.0124954767525, -0.00713336840272, 0.00408181780949, -0.00416143145412, 0.00424196012318, -0.00404222821817, 0.00144568725955], [-0.00245716492645, 0.00347130862065, -0.0031365014147, 0.00355448178016, -0.00458568660542, 0.00363481324166, -0.00713336840272, 0.0167133361101, -0.00990173220634, 0.00734737049788, -0.00592542998493, 0.00311757484451, -0.00369977159426], [0.00231814361177, -0.00320597924292, 0.00266757537611, -0.0029731343966, 0.00293472711928, -0.00503823626786, 0.00408181780949, -0.00990173220634, 0.0207787640393, -0.013203592971, 0.00909959338605, -0.0050787483342, 0.00185610691551], [-0.00220559281297, 0.00311249238439, -0.00315054110251, 0.00202123378403, -0.00326144858263, 0.00335165951401, -0.00416143145412, 0.00734737049788, -0.013203592971, 0.0202691648155, -0.012372049503, 0.00525113241747, -0.00327706499957], [0.0020247856155, -0.00271117221564, 0.00282505946234, -0.00392394000664, 0.00212088320404, -0.0033463917207, 0.00424196012318, -0.00592542998493, 0.00909959338605, -0.012372049503, 0.0199085604399, -0.0108616398647, 0.00538484193385], [-0.00150046113413, 0.00213842932135, -0.00166990165599, 0.00256836833432, -0.00173436535988, 0.00272560864687, -0.00404222821817, 0.00311757484451, -0.0050787483342, 0.00525113241747, -0.0108616398647, 0.017283661291, -0.00838285963982], [0.000784357718658, -0.000828036514577, 0.0013285150053, -0.000753861328121, 0.000797356246039, -0.000740246789064, 0.00144568725955, -0.00369977159426, 0.00185610691551, -0.00327706499957, 0.00538484193385, -0.00838285963982, 0.0128480419517]], "mean": [-810.784606934, 221.376556396, -11.3139667511, -5.82553052902, -3.25258660316, -12.1447963715, -12.9867115021, -7.86458778381, -11.814499855, -10.8799324036, -8.07630062103, -6.57689571381, -4.45328044891], "cov": [[10098.6582031, 2454.12255859, -2447.91210938, 1210.70214844, -100.691764832, -37.5008850098, -125.2186203, 62.9404296875, -166.526489258, 118.814834595, 163.97593689, 110.290527344, -40.2884788513], [2454.12255859, 1862.32348633, -303.554199219, 74.5868682861, 291.890563965, -20.7660808563, 15.709025383, -5.18958759308, -6.68151378632, -14.9291410446, 9.92960071564, -34.0007705688, -45.7947044373], [-2447.91210938, -303.554199219, 1121.27905273, -201.506469727, 137.217315674, 163.605392456, 49.3848190308, 14.8456487656, 88.4748535156, 20.7528877258, -34.6914634705, -55.1228790283, -27.173084259], [1210.70214844, 74.5868682861, -201.506469727, 521.651306152, 80.6960067749, 60.8251991272, 22.3355426788, 23.802728653, 12.2219619751, 89.9237976074, 89.6593704224, 23.1071166992, -16.1539115906], [-100.691764832, 291.890563965, 137.217315674, 80.6960067749, 289.896881104, 63.9731140137, 42.657661438, 37.2320480347, 43.09349823, 35.4188117981, 30.4788608551, -2.41482806206, -4.41977262497], [-37.5008850098, -20.7660808563, 163.605392456, 60.8251991272, 63.9731140137, 206.047317505, 91.2806472778, 46.8595123291, 53.5679512024, 38.9650344849, 15.3306293488, 5.52119398117, -1.89625763893], [-125.2186203, 15.709025383, 49.3848190308, 22.3355426788, 42.657661438, 91.2806472778, 176.598464966, 68.3527297974, 42.2879981995, 22.8247852325, 11.5554552078, 31.1534442902, 22.4805755615], [62.9404296875, -5.18958759308, 14.8456487656, 23.802728653, 37.2320480347, 46.8595123291, 68.3527297974, 131.318283081, 57.2461700439, 16.7615833282, 15.7244949341, 31.9397163391, 36.4517593384], [-166.526489258, -6.68151378632, 88.4748535156, 12.2219619751, 43.09349823, 53.5679512024, 42.2879981995, 57.2461700439, 122.380744934, 63.8737945557, 7.19680929184, 20.4878063202, 22.4059066772], [118.814834595, -14.9291410446, 20.7528877258, 89.9237976074, 35.4188117981, 38.9650344849, 22.8247852325, 16.7615833282, 63.8737945557, 136.457366943, 71.5417175293, 28.2535266876, 11.2476892471], [163.97593689, 9.92960071564, -34.6914634705, 89.6593704224, 30.4788608551, 15.3306293488, 11.5554552078, 15.7244949341, 7.19680929184, 71.5417175293, 133.552841187, 63.1522102356, 4.13498973846], [110.290527344, -34.0007705688, -55.1228790283, 23.1071166992, -2.41482806206, 5.52119398117, 31.1534442902, 31.9397163391, 20.4878063202, 28.2535266876, 63.1522102356, 134.18081665, 69.6175689697], [-40.2884788513, -45.7947044373, -27.173084259, -16.1539115906, -4.41977262497, -1.89625763893, 22.4805755615, 36.4517593384, 22.4059066772, 11.2476892471, 4.13498973846, 69.6175689697, 130.656982422]]}, "spectral_decrease": {"dmean": 1.03576436317e-09, "dvar2": 1.24469365745e-17, "mean": -4.83417661457e-09, "var": 3.13921428298e-17, "dmean2": 1.43780909401e-09, "dvar": 6.17978611986e-18, "min": -6.41778399313e-08, "median": -2.87705859137e-09, "max": 2.82193393891e-16}, "zerocrossingrate": {"dmean": 0.00224526668899, "dvar2": 1.93592786673e-05, "mean": 0.0319868884981, "var": 0.00502148317173, "dmean2": 0.00288330786861, "dvar": 1.38161885843e-05, "min": 0.005859375, "median": 0.02294921875, "max": 0.80517578125}, "spectral_contrast_coeffs": {"dmean": [0.0376481749117, 0.0311407633126, 0.0261301193386, 0.0235882345587, 0.0186952073127, 0.033459611237], "dvar2": [0.00274446466938, 0.00248612347059, 0.00173323496711, 0.00149143533781, 0.00107393367216, 0.00297548552044], "mean": [-0.54633897543, -0.647286653519, -0.702925860882, -0.717748820782, -0.721252918243, -0.799359977245], "var": [0.0113130267709, 0.00839385669678, 0.00609906250611, 0.00399851379916, 0.00383536540903, 0.00651082349941], "dmean2": [0.0616080276668, 0.0501289442182, 0.0412163026631, 0.0381242036819, 0.029528496787, 0.0573667958379], "dvar": [0.00102480466012, 0.000994927599095, 0.00072963378625, 0.000614142161794, 0.000467559264507, 0.00109121948481], "min": [-0.987149000168, -0.955258131027, -0.966482520103, -0.968116939068, -0.963785290718, -0.96489238739], "median": [-0.551483988762, -0.648665070534, -0.704367280006, -0.716893196106, -0.714383065701, -0.79546892643], "max": [-0.230834946036, -0.354089975357, -0.380547195673, -0.448156177998, -0.573203444481, -0.58299946785]}, "spectral_skewness": {"dmean": 1.29815745354, "dvar2": 4.00385713577, "mean": 5.43729496002, "var": 7.42926597595, "dmean2": 2.26563858986, "dvar": 1.46748793125, "min": -0.00244513922371, "median": 4.77246618271, "max": 14.0836019516}, "spectral_energyband_middle_high": {"dmean": 0.00115500169341, "dvar2": 0.000130548301968, "mean": 0.00321379792877, "var": 0.000147250277223, "dmean2": 0.00147356104571, "dvar": 6.4433166699e-05, "min": 1.88027450055e-13, "median": 0.000960553064942, "max": 0.262687683105}, "gfcc": {"icov": [[0.000620769918896, -0.00130345171783, 0.00153690483421, -0.00168912601657, 0.00118355860468, -0.00135825760663, 0.00148262747098, -0.000778985559009, 0.000927292800043, -0.000327059125993, 0.000270934164291, -6.27365152468e-05, -9.49496243265e-05], [-0.00130345171783, 0.00386167201214, -0.00304487394169, 0.00390730937943, -0.00394927198067, 0.00303345546126, -0.0029386729002, 0.00214233412407, -0.00242109037936, 0.00107607408427, -0.000443534489023, 0.000754655513447, 0.000250710785622], [0.00153690483421, -0.00304487394169, 0.0050656599924, -0.00389840570278, 0.00193024671171, -0.00432793935761, 0.00482282787561, -0.00207689008676, 0.00213314220309, -0.00181654538028, 0.00229260325432, -0.000872384582181, 5.49607364064e-07], [-0.00168912601657, 0.00390730937943, -0.00389840570278, 0.00614853901789, -0.00328185921535, 0.00313350209035, -0.00410683453083, 0.0023277066648, -0.00355809694156, 0.00116757978685, -0.00106557644904, 0.00130798656028, 4.61176841782e-06], [0.00118355860468, -0.00394927198067, 0.00193024671171, -0.00328185921535, 0.00726175308228, -0.00221303733997, 0.00136914849281, -0.00289182248525, 0.00241676089354, -0.000260107626673, -4.28309504059e-05, -0.000354730116669, -0.000742584466934], [-0.00135825760663, 0.00303345546126, -0.00432793935761, 0.00313350209035, -0.00221303733997, 0.00766608631238, -0.00554807018489, 0.00119587010704, -0.00170949858148, 0.00144428468775, -0.00130067300051, 0.000501161965076, -0.000531850673724], [0.00148262747098, -0.0029386729002, 0.00482282787561, -0.00410683453083, 0.00136914849281, -0.00554807018489, 0.0114161074162, -0.00251524755731, 0.00163544865791, -0.00217300886288, 0.00166254106443, -0.00170229468495, 0.00049185595708], [-0.000778985559009, 0.00214233412407, -0.00207689008676, 0.0023277066648, -0.00289182248525, 0.00119587010704, -0.00251524755731, 0.00868625286967, -0.00257187802345, -0.00144383194856, -0.00152749381959, 0.000711190048605, 0.000135647438583], [0.000927292800043, -0.00242109037936, 0.00213314220309, -0.00355809694156, 0.00241676089354, -0.00170949858148, 0.00163544865791, -0.00257187802345, 0.00960405077785, -0.00224861479364, -0.00178617751226, 0.00134574202821, 0.000309584254865], [-0.000327059125993, 0.00107607408427, -0.00181654538028, 0.00116757978685, -0.000260107626673, 0.00144428468775, -0.00217300886288, -0.00144383194856, -0.00224861479364, 0.0119661577046, -0.0039233462885, 0.00154578662477, -0.000656859716401], [0.000270934164291, -0.000443534489023, 0.00229260325432, -0.00106557644904, -4.28309504059e-05, -0.00130067300051, 0.00166254106443, -0.00152749381959, -0.00178617751226, -0.0039233462885, 0.0184695795178, -0.00989662669599, 0.00505664665252], [-6.27365152468e-05, 0.000754655513447, -0.000872384582181, 0.00130798656028, -0.000354730116669, 0.000501161965076, -0.00170229468495, 0.000711190048605, 0.00134574202821, 0.00154578662477, -0.00989662669599, 0.0181387644261, -0.00850516371429], [-9.49496243265e-05, 0.000250710785622, 5.49607364064e-07, 4.61176841782e-06, -0.000742584466934, -0.000531850673724, 0.00049185595708, 0.000135647438583, 0.000309584254865, -0.000656859716401, 0.00505664665252, -0.00850516371429, 0.0177359636873]], "mean": [-203.906112671, 220.37147522, -134.61505127, -34.6398353577, -34.9043617249, -34.2218666077, -27.0694599152, -21.6212234497, -14.4730224609, -18.8465919495, -4.84673118591, -8.00574588776, -6.37952184677], "cov": [[22033.9082031, 743.377197266, -4070.15527344, 2793.30395508, -1023.13653564, 53.1580238342, 6.92607879639, -188.949661255, 236.100814819, -268.887207031, 173.236663818, -340.338653564, -159.8177948], [743.377197266, 1830.45922852, 196.78465271, -468.33416748, 555.571716309, -146.649261475, -31.6597270966, -42.4670028687, -21.6229019165, -70.8074798584, -70.5288696289, -51.6130218506, -8.60054206848], [-4070.15527344, 196.78465271, 1532.9420166, -336.521270752, 340.528045654, 189.825881958, -81.8083877563, 84.546913147, -45.0854988098, 73.1292495728, -102.658630371, 27.3858833313, 42.9374008179], [2793.30395508, -468.33416748, -336.521270752, 983.966796875, -198.938323975, 109.896034241, 61.9383201599, 11.9291553497, 133.103012085, 10.5736484528, 38.255115509, -62.8348045349, -28.4845256805], [-1023.13653564, 555.571716309, 340.528045654, -198.938323975, 452.997589111, 7.77502727509, 29.0440864563, 53.8586235046, -19.1167640686, 2.53521466255, -22.3974514008, 9.94068717957, 16.272901535], [53.1580238342, -146.649261475, 189.825881958, 109.896034241, 7.77502727509, 311.432098389, 77.1149291992, 44.9324226379, 11.7379760742, 17.6494617462, 4.11785745621, 10.9679327011, 14.0397310257], [6.92607879639, -31.6597270966, -81.8083877563, 61.9383201599, 29.0440864563, 77.1149291992, 177.023864746, 36.0697937012, 25.285697937, 21.8818244934, 19.8170375824, 13.695731163, 0.101183921099], [-188.949661255, -42.4670028687, 84.546913147, 11.9291553497, 53.8586235046, 44.9324226379, 36.0697937012, 172.508514404, 42.8873252869, 48.638874054, 24.3965797424, 5.64373636246, -2.33069443703], [236.100814819, -21.6229019165, -45.0854988098, 133.103012085, -19.1167640686, 11.7379760742, 25.285697937, 42.8873252869, 167.504241943, 39.6174926758, 31.8333892822, -17.2910633087, -18.7655315399], [-268.887207031, -70.8074798584, 73.1292495728, 10.5736484528, 2.53521466255, 17.6494617462, 21.8818244934, 48.638874054, 39.6174926758, 116.697860718, 30.0292072296, 6.83449411392, -2.44068360329], [173.236663818, -70.5288696289, -102.658630371, 38.255115509, -22.3974514008, 4.11785745621, 19.8170375824, 24.3965797424, 31.8333892822, 30.0292072296, 99.3028335571, 42.0646934509, -7.2163901329], [-340.338653564, -51.6130218506, 27.3858833313, -62.8348045349, 9.94068717957, 10.9679327011, 13.695731163, 5.64373636246, -17.2910633087, 6.83449411392, 42.0646934509, 104.288063049, 37.8178482056], [-159.8177948, -8.60054206848, 42.9374008179, -28.4845256805, 16.272901535, 14.0397310257, 0.101183921099, -2.33069443703, -18.7655315399, -2.44068360329, -7.2163901329, 37.8178482056, 77.2019424438]]}, "erbbands_spread": {"dmean": 1.54655528069, "dvar2": 8.4446516037, "mean": 13.9021615982, "var": 97.340385437, "dmean2": 2.30665135384, "dvar": 3.8153090477, "min": 0.314952284098, "median": 12.9030590057, "max": 143.450088501}, "erbbands_kurtosis": {"dmean": 0.958093047142, "dvar2": 14.966085434, "mean": 2.2135207653, "var": 29.8245754242, "dmean2": 1.38587713242, "dvar": 6.87774419785, "min": -1.58630037308, "median": 0.760055303574, "max": 68.6756515503}, "dynamic_complexity": 5.90461874008, "erbbands_crest": {"dmean": 1.61576390266, "dvar2": 8.25722026825, "mean": 13.1783771515, "var": 34.4139976501, "dmean2": 2.40433859825, "dvar": 3.7249379158, "min": 2.20104002953, "median": 11.7162265778, "max": 34.429233551}, "erbbands": {"dmean": [0.00140015839133, 0.0499945431948, 0.377820789814, 0.913537859917, 2.78056263924, 5.13279485703, 5.68188142776, 7.2503695488, 9.78600025177, 13.9709596634, 10.394616127, 4.04868459702, 8.77144050598, 7.13423299789, 31.3674087524, 13.5591726303, 3.54439425468, 4.12994670868, 2.40096759796, 1.84357631207, 1.2325271368, 1.14883124828, 0.754134654999, 0.659252643585, 0.344515949488, 0.152391090989, 0.0976307094097, 0.0474417023361, 0.0389497056603, 0.029155453667, 0.0110465241596, 0.00683164224029, 0.00193117570598, 0.000563400390092, 0.000242568756221, 5.68771611142e-05, 8.06493244454e-06, 2.34362028095e-06, 2.0839586341e-06, 4.65461698695e-06], "dvar2": [0.000116554816486, 0.0964331775904, 3.57213878632, 13.0075788498, 121.474052429, 291.80090332, 305.174621582, 1045.43066406, 1892.68322754, 5048.07568359, 2875.234375, 205.114196777, 4556.13134766, 1343.37597656, 214782.46875, 50032.234375, 529.101074219, 312.438781738, 86.473739624, 63.8227081299, 27.287405014, 31.80027771, 12.4832086563, 11.8569555283, 7.6090836525, 1.10412502289, 0.638350427151, 0.168373286724, 0.195105716586, 0.150710269809, 0.0109690250829, 0.00700769666582, 0.000485203141579, 5.23450726178e-05, 3.7487847294e-05, 1.62826086125e-06, 8.93973428617e-09, 1.4021952488e-09, 5.71123426329e-11, 2.83199658169e-10], "mean": [0.00500630028546, 0.171408206224, 1.02091789246, 2.3776447773, 6.66499471664, 19.3725032806, 21.1417617798, 27.5216884613, 37.0494155884, 44.8591308594, 32.8178672791, 15.7401456833, 26.2116012573, 21.049123764, 64.1930236816, 31.5516109467, 10.750038147, 9.32328891754, 6.31339597702, 4.671895504, 2.79618668556, 3.08349108696, 1.81219291687, 1.54430520535, 0.629016041756, 0.281781345606, 0.177698597312, 0.0858785361052, 0.0622624084353, 0.0418675355613, 0.0192184913903, 0.0111493039876, 0.00317240529694, 0.00129808334168, 0.000591958931182, 0.000157720394782, 2.91129490506e-05, 8.72094278748e-06, 1.00745010059e-05, 2.15807176573e-05], "var": [0.000260953558609, 0.248169884086, 8.13717365265, 20.815246582, 175.922714233, 1141.14733887, 1009.84552002, 2739.34350586, 4800.48193359, 13446.2880859, 5556.80712891, 1108.93054199, 4298.56542969, 2281.12451172, 247662.390625, 30795.1328125, 2040.90917969, 441.431488037, 175.830459595, 86.6962738037, 37.9502868652, 95.4085693359, 16.2663612366, 19.1384124756, 4.35604047775, 0.933820664883, 0.697730243206, 0.110526703298, 0.105118885636, 0.0691697001457, 0.0101035209373, 0.0054758740589, 0.000479061476653, 0.000142665172461, 6.35456526652e-05, 2.88397495751e-06, 3.07835357205e-08, 2.62727484213e-09, 1.49138645877e-10, 6.56191712078e-10], "dmean2": [0.00219867192209, 0.07848418504, 0.581313610077, 1.45557892323, 4.38692951202, 7.43680906296, 8.17852497101, 11.1799249649, 14.2101287842, 19.3093891144, 14.6903362274, 5.34239864349, 12.0942392349, 9.5640411377, 38.7100448608, 18.3612003326, 4.55505561829, 5.81572771072, 3.29211974144, 2.90942764282, 1.81862068176, 1.62984490395, 1.085896492, 0.973073363304, 0.528399586678, 0.229624181986, 0.149404630065, 0.0758992731571, 0.0608769021928, 0.0434841141105, 0.0165629014373, 0.010415840894, 0.00296039204113, 0.000880244129803, 0.000360548961908, 8.77651182236e-05, 1.14994572868e-05, 3.38881523021e-06, 2.86364524982e-06, 6.42357281322e-06], "dvar": [5.57389066671e-05, 0.0469073951244, 1.66823923588, 5.23139095306, 47.0093154907, 157.815093994, 141.111480713, 423.321411133, 932.215332031, 2814.9699707, 1405.35058594, 121.397994995, 1974.00402832, 634.427062988, 110364.492188, 19285.5351562, 312.451202393, 165.808868408, 45.283782959, 26.1760807037, 14.3822441101, 17.6541843414, 5.86496734619, 6.01901245117, 3.01564049721, 0.457129776478, 0.277883678675, 0.0663046091795, 0.0751721262932, 0.0620221197605, 0.004798527807, 0.0028213984333, 0.000200748894713, 2.03751369554e-05, 1.9504896045e-05, 6.72611690788e-07, 4.71056527118e-09, 6.70555833082e-10, 2.87172247787e-11, 1.40942438276e-10], "min": [1.52176004003e-12, 5.39123736973e-12, 1.57216514113e-11, 3.78723614969e-11, 9.02427160776e-11, 1.77942244273e-10, 1.93745228194e-10, 2.21037521619e-10, 1.79873546613e-10, 2.93917473693e-10, 2.30349184172e-10, 4.25924767677e-10, 9.98769178473e-10, 5.5543492028e-10, 2.04602779164e-10, 3.71801922583e-10, 3.92019777751e-10, 9.97890325927e-10, 8.3426721087e-10, 1.24242960364e-09, 1.20022125571e-09, 1.75892134191e-09, 8.05011723948e-10, 1.79113057719e-09, 8.33635382946e-10, 1.16757381541e-09, 3.62076724159e-09, 3.88417253916e-09, 1.45182177391e-09, 1.65646008021e-09, 4.32478586276e-09, 2.09777972771e-09, 1.0922417415e-09, 1.57337687323e-09, 1.1232050845e-09, 1.49978507391e-09, 6.63782862009e-10, 8.55619131102e-10, 1.61310220737e-09, 3.50658085901e-10], "median": [0.000541561399586, 0.0202112365514, 0.172167658806, 0.615437626839, 1.89154589176, 5.25943660736, 8.32056617737, 9.59729576111, 11.3079566956, 9.82008361816, 7.64682483673, 4.77041149139, 8.00743103027, 5.88232040405, 5.4026517868, 5.34386348724, 2.45129394531, 2.33494281769, 1.58680427074, 1.29231214523, 0.741638422012, 0.474738419056, 0.359927773476, 0.221551641822, 0.0702837258577, 0.0269998796284, 0.012392132543, 0.004942397587, 0.00206436379813, 0.00119824171998, 0.000483585114125, 0.000180328963324, 5.15222091053e-05, 2.30718433158e-05, 1.46743996083e-05, 1.03389411379e-05, 6.0729694269e-06, 2.86951080852e-06, 5.98413726038e-06, 1.28242281789e-05], "max": [0.439599335194, 13.2803659439, 49.3307991028, 66.6208190918, 181.033798218, 297.438751221, 289.360992432, 845.756286621, 878.223693848, 2003.01708984, 1376.67895508, 380.43762207, 1909.04052734, 916.676025391, 11787.7207031, 7642.390625, 1617.2208252, 435.878356934, 173.095046997, 116.772499084, 95.0914230347, 188.855499268, 51.3594055176, 82.7979736328, 56.0199546814, 19.6715679169, 29.2181243896, 7.82081985474, 12.8421859741, 13.7079849243, 2.68630433083, 2.9517261982, 0.559057474136, 0.322583287954, 0.407358884811, 0.0651441663504, 0.00866873096675, 0.00306246685795, 0.000146091464558, 0.000320926308632]}, "silence_rate_30dB": {"dmean": 0.00496894400567, "dvar2": 0.0109699256718, "mean": 0.993563711643, "var": 0.00639519095421, "dmean2": 0.00993901025504, "dvar": 0.00494352914393, "min": 0, "median": 1, "max": 1}, "silence_rate_60dB": {"dmean": 0.0241671372205, "dvar2": 0.0493969097733, "mean": 0.240289062262, "var": 0.182548210025, "dmean2": 0.0483397319913, "dvar": 0.0235822517425, "min": 0, "median": 0, "max": 1}, "spectral_energyband_middle_low": {"dmean": 0.00301791517995, "dvar2": 6.54998875689e-05, "mean": 0.0145377041772, "var": 0.000268345553195, "dmean2": 0.00431760214269, "dvar": 3.25285545841e-05, "min": 1.47894473361e-13, "median": 0.00864488072693, "max": 0.140029251575}, "spectral_spread": {"dmean": 241465.8125, "dvar2": 265754624000, "mean": 1352515.125, "var": 2428703080450.0, "dmean2": 412473.125, "dvar": 184209211392, "min": 239311.65625, "median": 1126249.25, "m