{"tonal": {"chords_key": "F", "hpcp_entropy": {"dmean": 0.5829616189, "dmean2": 0.986120581627, "max": 4.59583425522, "dvar": 0.234855771065, "mean": 2.25878071785, "dvar2": 0.648790061474, "min": 0, "var": 0.577874660492, "median": 2.27823829651}, "key_key": "F", "chords_strength": {"dmean": 0.00924802664667, "dmean2": 0.00967274978757, "max": 0.825035810471, "dvar": 6.27636472927e-05, "mean": 0.471306502819, "dvar2": 7.5594689406e-05, "min": 0.224069133401, "var": 0.00827861111611, "median": 0.465653300285}, "key_scale": "major", "chords_number_rate": 0.00169102544896, "thpcp": [1, 0.656843602657, 0.270212173462, 0.212827324867, 0.167985618114, 0.166439399123, 0.210869640112, 0.223632529378, 0.226058766246, 0.303076356649, 0.335066080093, 0.334627538919, 0.339172333479, 0.291275531054, 0.208158433437, 0.161762222648, 0.163049221039, 0.170518323779, 0.281842201948, 0.378913849592, 0.405675619841, 0.474231898785, 0.424812078476, 0.276607424021, 0.214738219976, 0.209265306592, 0.241493031383, 0.257203161716, 0.203152582049, 0.214629843831, 0.384218841791, 0.53662610054, 0.452367872, 0.301449239254, 0.26131016016, 0.620247721672], "key_strength": 0.551755189896, "tuning_nontempered_energy_ratio": 0.812486112118, "tuning_frequency": 434.193115234, "chords_changes_rate": 0.07235173136, "tuning_diatonic_strength": 0.354245424271, "chords_scale": "minor", "chords_histogram": [9.08322238922, 2.99553084373, 0.978379011154, 2.29496312141, 0, 0.591858923435, 0.95422154665, 0.1570238024, 4.11885499954, 2.93513703346, 6.14808559418, 8.90204143524, 1.59439539909, 0.60393768549, 0.0603937655687, 0.519386410713, 5.95482540131, 16.8377819061, 14.1562986374, 1.59439539909, 0.652252674103, 0, 6.01521921158, 12.8517932892], "tuning_equal_tempered_deviation": 0.201626121998, "hpcp": {"dmean": [0.118049755692, 0.102029658854, 0.0911206007004, 0.072205349803, 0.0695019736886, 0.0761440545321, 0.106154948473, 0.139240249991, 0.168003126979, 0.190093562007, 0.164009854198, 0.130506575108, 0.105316415429, 0.0886427983642, 0.0815143361688, 0.0847267881036, 0.0817013084888, 0.0891776755452, 0.118260063231, 0.133710458875, 0.121637187898, 0.105037413538, 0.0921891927719, 0.151925101876, 0.218953743577, 0.156625926495, 0.0983848571777, 0.0850837230682, 0.0756042525172, 0.0804416760802, 0.0963508188725, 0.100964002311, 0.0979717299342, 0.113861419261, 0.121386803687, 0.129947632551], "dmean2": [0.208973616362, 0.183495566249, 0.164889827371, 0.13178384304, 0.124090835452, 0.137823522091, 0.190376445651, 0.246711686254, 0.296580314636, 0.335447341204, 0.291816055775, 0.235521256924, 0.191779196262, 0.159715160728, 0.144123971462, 0.152144744992, 0.148462131619, 0.15975278616, 0.20605827868, 0.229905039072, 0.209309414029, 0.183307871222, 0.160625517368, 0.266545027494, 0.392026156187, 0.272727310658, 0.17187204957, 0.152149692178, 0.137025907636, 0.146758630872, 0.175048306584, 0.184033453465, 0.177201479673, 0.201329946518, 0.214654788375, 0.231049597263], "max": [1, 1, 1, 1, 1, 1, 1, 1, 1, 1, 1, 1, 1, 1, 1, 1, 1, 1, 1, 1, 1, 1, 1, 1, 1, 1, 1, 1, 1, 1, 1, 1, 1, 1, 1, 1], "dvar": [0.0408151559532, 0.0406195782125, 0.037636063993, 0.0271965693682, 0.0236330069602, 0.0260427612811, 0.0376576110721, 0.0492216795683, 0.0577400401235, 0.0690012797713, 0.0567450597882, 0.0481275767088, 0.0405534096062, 0.0327786654234, 0.0266154520214, 0.0330594927073, 0.0312169063836, 0.0318347960711, 0.0365597307682, 0.0390881337225, 0.0358172394335, 0.0294837746769, 0.0250380076468, 0.0344745628536, 0.0864731445909, 0.0363769903779, 0.0281920637935, 0.0259801931679, 0.0231139659882, 0.0261450074613, 0.0336264036596, 0.0360564552248, 0.0328252352774, 0.0363270193338, 0.039863742888, 0.0457452759147], "mean": [0.141095742583, 0.121170669794, 0.0865939408541, 0.0672931075096, 0.0678284987807, 0.07093565166, 0.11724640429, 0.1576282233, 0.168761119246, 0.197280541062, 0.1767218858, 0.115068733692, 0.0893311351538, 0.0870544016361, 0.100461140275, 0.106996558607, 0.0845115035772, 0.0892860516906, 0.159835100174, 0.22323654592, 0.188185110688, 0.125402927399, 0.108705066144, 0.258023142815, 0.416000157595, 0.273247033358, 0.112408302724, 0.0885362029076, 0.069882042706, 0.0692388191819, 0.0877218022943, 0.093031167984, 0.0940404832363, 0.126079812646, 0.13938754797, 0.139205113053], "dvar2": [0.114494003356, 0.113593257964, 0.110083624721, 0.0783236324787, 0.0667985081673, 0.0726697221398, 0.106520578265, 0.13247436285, 0.156135439873, 0.182003870606, 0.153279393911, 0.133263915777, 0.115142300725, 0.0903975740075, 0.0735256448388, 0.0911682024598, 0.0880519524217, 0.0915007218719, 0.100335694849, 0.103641353548, 0.0956006497145, 0.081112138927, 0.0680856332183, 0.09056327492, 0.221934348345, 0.0960152000189, 0.074266500771, 0.0718912109733, 0.0643930211663, 0.0724474415183, 0.0946360006928, 0.101061090827, 0.0928571000695, 0.100115150213, 0.109838820994, 0.13044770062], "min": [0, 0, 0, 0, 0, 0, 0, 0, 0, 0, 0, 0, 0, 0, 0, 0, 0, 0, 0, 0, 0, 0, 0, 0, 0, 0, 0, 0, 0, 0, 0, 0, 0, 0, 0, 0], "var": [0.0528860352933, 0.0521019697189, 0.0330306515098, 0.0209267139435, 0.020131977275, 0.0206943433732, 0.0444945693016, 0.0662203133106, 0.0631787031889, 0.0870198532939, 0.0772672221065, 0.0462390482426, 0.0322910025716, 0.0313229076564, 0.0371260121465, 0.0503449030221, 0.0307639017701, 0.0306346230209, 0.0626549571753, 0.0898272395134, 0.07598426193, 0.0395591408014, 0.0343603044748, 0.0591221936047, 0.167324632406, 0.0683363452554, 0.0379154868424, 0.0296205803752, 0.0197145398706, 0.0206705834717, 0.0318636223674, 0.0338066332042, 0.0283726211637, 0.0407349914312, 0.0461454689503, 0.0470531582832], "median": [0.0471151433885, 0.0336471945047, 0.0228456761688, 0.0196543782949, 0.0184037685394, 0.0212153252214, 0.0283548887819, 0.0414121747017, 0.0498463660479, 0.0494325459003, 0.0402595736086, 0.024681976065, 0.0207882989198, 0.0212054029107, 0.0239597447217, 0.0224196705967, 0.0202007032931, 0.0228442177176, 0.0469812825322, 0.0726922526956, 0.056839980185, 0.038373708725, 0.0326639488339, 0.174235925078, 0.227188274264, 0.181415349245, 0.035840921104, 0.0253810118884, 0.0206785928458, 0.019061293453, 0.0204024072737, 0.0227179303765, 0.0313963033259, 0.0450304299593, 0.0511642321944, 0.0506499744952]}}, "lowlevel": {"melbands_flatness_db": {"dmean": 0.0341615267098, "dmean2": 0.0553976073861, "max": 0.61563372612, "dvar": 0.000925134809222, "mean": 0.27914044261, "dvar2": 0.00244767544791, "min": 0.00537304161116, "var": 0.00474509224296, "median": 0.271524488926}, "melbands_crest": {"dmean": 4.24720478058, "dmean2": 6.99800014496, "max": 39.9674873352, "dvar": 15.3053760529, "mean": 19.7442131042, "dvar2": 40.2446670532, "min": 2.14042496681, "var": 61.4807853699, "median": 18.7175941467}, "spectral_entropy": {"dmean": 0.158507242799, "dmean2": 0.250933378935, "max": 9.7954158783, "dvar": 0.0262719132006, "mean": 7.4699921608, "dvar2": 0.0687182173133, "min": 5.34311294556, "var": 0.145978987217, "median": 7.50656223297}, "melbands": {"dmean": [0.00539478566498, 0.00184735143557, 0.00103206187487, 0.000353024050128, 0.000317635276588, 0.000237351778196, 0.000184471457032, 0.000170881787199, 5.93370459683e-05, 5.18251399626e-05, 4.13861998823e-05, 3.73277143808e-05, 3.56868695235e-05, 4.88318619318e-05, 6.52442831779e-05, 4.91002901981e-05, 3.52232782461e-05, 5.01071808685e-05, 2.21562168008e-05, 1.19925607578e-05, 8.06457046565e-06, 8.34840557218e-06, 7.36180709282e-06, 4.5139422582e-06, 3.58808824785e-06, 2.54748874795e-06, 2.13216367229e-06, 1.56644557592e-06, 1.41342252391e-06, 1.27130454075e-06, 1.09155178052e-06, 7.92511343661e-07, 4.72854111422e-07, 2.62369354687e-07, 1.53047665208e-07, 9.70356950347e-08, 6.86775862846e-08, 4.97563377166e-08, 3.96190920071e-08, 3.53261420116e-08], "dmean2": [0.00880583655089, 0.00309615046717, 0.00174131197855, 0.000576992460992, 0.000513703911565, 0.000376197887817, 0.000297732563922, 0.000268482748652, 9.5567011158e-05, 8.30645294627e-05, 6.68568682158e-05, 6.05847890256e-05, 5.73663564865e-05, 7.68631580286e-05, 0.000104413338704, 8.14070881461e-05, 5.72123317397e-05, 8.30290300655e-05, 3.7122554204e-05, 2.01270340767e-05, 1.3575056073e-05, 1.38703244374e-05, 1.23453328342e-05, 7.57920906835e-06, 6.05235027251e-06, 4.17525188823e-06, 3.44455656887e-06, 2.46244826485e-06, 2.19738171836e-06, 1.91257936422e-06, 1.60679849159e-06, 1.14726640277e-06, 6.95810967954e-07, 3.8753194076e-07, 2.35406702132e-07, 1.506506635e-07, 1.10158893563e-07, 8.18139582748e-08, 6.61254162537e-08, 5.88854973671e-08], "max": [0.20713981986, 0.0415523461998, 0.0349786356091, 0.0191309060901, 0.0211263671517, 0.0137479435652, 0.0279811006039, 0.0272838957608, 0.00538757909089, 0.00406702049077, 0.00263326964341, 0.00380926881917, 0.00281688361429, 0.00266021955758, 0.00287337764166, 0.00198311451823, 0.0011136358371, 0.00188744510524, 0.00101676548366, 0.000548891664948, 0.000322766922181, 0.000684963772073, 0.000419392774347, 0.000227114549489, 0.000284758309135, 0.00017648244102, 0.000134086047183, 0.000139736788697, 0.000147080078023, 0.0002346457768, 0.000274264370091, 7.23164412193e-05, 5.49885407963e-05, 3.50213995262e-05, 2.81224693026e-05, 1.20319919006e-05, 6.82000745655e-06, 1.98156726583e-06, 1.5895082015e-06, 1.40566316986e-06], "dvar": [0.000146069258335, 7.5129491961e-06, 3.03294791593e-06, 4.16030218275e-07, 4.49751041742e-07, 3.00566199485e-07, 2.92986584327e-07, 3.54275755399e-07, 1.85674284836e-08, 1.37539917233e-08, 8.3969968756e-09, 8.45359160451e-09, 1.14830633891e-08, 6.05395955589e-09, 1.21630039374e-08, 5.68788260935e-09, 3.26393334582e-09, 7.26111126781e-09, 1.37955280533e-09, 4.56488985501e-10, 2.81636186594e-10, 3.49186762838e-10, 2.26260316039e-10, 9.14752232295e-11, 6.98328547766e-11, 3.43637930611e-11, 2.28135878244e-11, 1.50817483502e-11, 1.51141165555e-11, 1.66756729952e-11, 1.77082827568e-11, 5.73362234427e-12, 1.69105343877e-12, 5.0435550918e-13, 2.04460905671e-13, 5.80229630618e-14, 2.24719924608e-14, 8.40590245251e-15, 5.46460129548e-15, 4.27734782408e-15], "mean": [0.00816363468766, 0.002969969064, 0.00179973640479, 0.000636502052657, 0.000535812519956, 0.000430142827099, 0.000346925342456, 0.00030992765096, 0.000111425688374, 9.15112832445e-05, 7.00306773069e-05, 6.63703831378e-05, 6.10732822679e-05, 0.000112972549687, 0.000136767353979, 9.63693892118e-05, 7.38107846701e-05, 9.73389905994e-05, 4.32049491792e-05, 2.17696942855e-05, 1.45617659655e-05, 1.60420895554e-05, 1.49594034156e-05, 9.79317246674e-06, 7.47088233766e-06, 5.70825795876e-06, 4.8323381634e-06, 3.59834075425e-06, 3.113035973e-06, 2.72580382443e-06, 2.15770955947e-06, 1.51032065787e-06, 8.65814115514e-07, 4.89993226438e-07, 2.78325245517e-07, 1.57559426839e-07, 9.42331013221e-08, 5.83689860889e-08, 4.09837745963e-08, 3.65398555857e-08], "dvar2": [0.000382661266485, 2.05420310522e-05, 8.67404833116e-06, 1.05129504391e-06, 1.13537225843e-06, 7.10639540102e-07, 7.37981906695e-07, 8.26268887977e-07, 4.35799059062e-08, 3.23689697268e-08, 2.02133350058e-08, 1.95336369302e-08, 2.79422227578e-08, 1.3998953996e-08, 2.95876176892e-08, 1.47382843707e-08, 8.08862044011e-09, 1.88622006903e-08, 3.72882524857e-09, 1.22270682468e-09, 7.69557972902e-10, 8.91872631303e-10, 6.16772355411e-10, 2.51148074559e-10, 1.95314930895e-10, 9.07272867945e-11, 5.76306086186e-11, 3.37128276684e-11, 3.51343884541e-11, 3.38283116796e-11, 4.00173713611e-11, 1.19888049141e-11, 3.45368633865e-12, 9.16688708448e-13, 4.31546698333e-13, 1.20937995404e-13, 5.1549605242e-14, 2.03943561664e-14, 1.35769640566e-14, 1.06260410288e-14], "min": [5.69311606739e-24, 5.09462189253e-24, 1.99036958571e-23, 2.66683915062e-24, 6.06192471223e-24, 5.84026386977e-24, 7.84005071919e-24, 1.29908825011e-23, 9.63356700798e-24, 6.38065094478e-24, 1.55619521629e-23, 1.20915392595e-23, 4.44966933237e-24, 7.48309983705e-24, 4.47032289416e-24, 5.12523640097e-24, 7.33357125246e-24, 6.28896519164e-24, 1.01669347987e-23, 8.63235657998e-24, 7.48704177499e-24, 4.86748083335e-24, 5.64320799336e-24, 7.83483477088e-24, 7.24356458976e-24, 7.51619649633e-24, 8.35266200173e-24, 8.54990404931e-24, 8.23096442988e-24, 1.03720220679e-23, 8.7411972968e-24, 1.05123343906e-23, 1.04716757106e-23, 9.47855426238e-24, 9.71206892324e-24, 6.75363700255e-24, 8.068762006e-24, 1.16148187816e-23, 1.00751886977e-23, 7.88389876375e-24], "var": [0.000156528767548, 1.16699084174e-05, 7.02454781276e-06, 1.02401338609e-06, 1.02270951174e-06, 7.33823128485e-07, 7.66574885347e-07, 8.64791445565e-07, 7.815423686e-08, 3.00127638297e-08, 1.77242132082e-08, 2.35800161619e-08, 2.00034104836e-08, 2.83907635179e-08, 3.83540310622e-08, 1.65071689651e-08, 8.81622685966e-09, 1.54997419344e-08, 2.45815101607e-09, 8.31373581089e-10, 4.73556027725e-10, 7.32397920089e-10, 4.32103436365e-10, 2.07264261309e-10, 1.56129886797e-10, 1.0464668021e-10, 7.49699954894e-11, 4.9366028626e-11, 4.51250876943e-11, 5.3721870702e-11, 4.28771150529e-11, 1.56191691525e-11, 4.3916844987e-12, 1.54883950717e-12, 5.93340264074e-13, 1.52217377158e-13, 4.1851027174e-14, 1.1491762064e-14, 5.95919569184e-15, 4.67988371512e-15], "median": [0.00431346613914, 0.00187963014469, 0.000796847511083, 0.000271126598818, 0.000156618712936, 0.000107333544292, 9.9422839412e-05, 5.10395984747e-05, 4.34402827523e-05, 3.76039824914e-05, 2.99847179122e-05, 2.93049561151e-05, 2.58224499703e-05, 6.04901215411e-05, 7.46689693187e-05, 5.73018187424e-05, 4.46030971943e-05, 5.77803657507e-05, 2.84409743472e-05, 1.28514548123e-05, 6.65009338263e-06, 8.32329715195e-06, 7.57226052883e-06, 4.34428875451e-06, 2.86219392365e-06, 1.96540872821e-06, 1.91209119293e-06, 1.41758584959e-06, 1.12598195301e-06, 8.61203034219e-07, 5.92812511968e-07, 3.65779385447e-07, 2.04609790444e-07, 1.244800103e-07, 7.26357427538e-08, 4.57673436927e-08, 2.95927264915e-08, 2.16051194712e-08, 1.53954609061e-08, 1.3847875735e-08]}, "silence_rate_60dB": {"dmean": 0.00519480509683, "dmean2": 0.0103902379051, "max": 1, "dvar": 0.00516781909391, "mean": 0.0717564597726, "dvar2": 0.011852898635, "min": 0, "var": 0.0666074752808, "median": 0}, "spectral_energyband_middle_high": {"dmean": 0.0015200158814, "dmean2": 0.00239998847246, "max": 0.0495235472918, "dvar": 4.99500811202e-06, "mean": 0.00568696809933, "dvar2": 1.22985220514e-05, "min": 1.33585357329e-21, "var": 2.20028450713e-05, "median": 0.0047044698149}, "erbbands_skewness": {"dmean": 0.33221757412, "dmean2": 0.531655669212, "max": 3.035602808, "dvar": 0.0933682918549, "mean": -0.435494720936, "dvar2": 0.237698227167, "min": -3.73736333847, "var": 0.526464879513, "median": -0.453646272421}, "dynamic_complexity": 4.80221366882, "dissonance": {"dmean": 0.0179729182273, "dmean2": 0.0305990930647, "max": 0.500000119209, "dvar": 0.000381612277124, "mean": 0.468675404787, "dvar2": 0.00105916627217, "min": 0.214612722397, "var": 0.000742221483961, "median": 0.476042658091}, "spectral_skewness": {"dmean": 0.41928550601, "dmean2": 0.658195376396, "max": 9.47234630585, "dvar": 0.2768638134, "mean": 3.2042131424, "dvar2": 0.759314060211, "min": 0.0482902601361, "var": 1.15124595165, "median": 3.00905847549}, "spectral_kurtosis": {"dmean": 5.9858546257, "dmean2": 9.58599948883, "max": 145.480560303, "dvar": 67.2334747314, "mean": 22.219959259, "dvar2": 186.164535522, "min": -1.23614740372, "var": 174.043609619, "median": 19.1325073242}, "gfcc": {"cov": [[17412.375, 1070.37207031, -381.569396973, 887.986083984, -101.01083374, -756.313964844, 413.030761719, -419.29699707, 55.6687431335, -47.0845870972, -101.9400177, 99.8227005005, -261.157531738], [1070.37207031, 841.022949219, -36.8851547241, -258.987121582, 176.749282837, -88.3572921753, -27.1829166412, -40.4893608093, 29.9444007874, -51.4508895874, 46.9863319397, -126.140403748, 22.1581039429], [-381.569396973, -36.8851547241, 371.601776123, 160.865341187, -71.9310760498, 190.988357544, -35.6210098267, 138.702896118, 16.07579422, 81.7357940674, 8.58744716644, 13.1380710602, -5.14565896988], [887.986083984, -258.987121582, 160.865341187, 542.828674316, -31.2249679565, 9.02192020416, 192.634628296, 23.6691436768, 37.1148338318, 91.9834671021, -30.8595027924, 101.958770752, -27.0483226776], [-101.01083374, 176.749282837, -71.9310760498, -31.2249679565, 268.323516846, 57.5285224915, 46.1869659424, -12.8212347031, 13.245057106, -12.9371929169, 37.8103904724, -30.5765018463, 41.3022689819], [-756.313964844, -88.3572921753, 190.988357544, 9.02192020416, 57.5285224915, 380.623321533, -8.34690475464, 136.976654053, 29.7812995911, 64.595123291, 15.4010686874, -1.95299577713, 40.0196800232], [413.030761719, -27.1829166412, -35.6210098267, 192.634628296, 46.1869659424, -8.34690475464, 245.035583496, -20.563747406, 64.5141983032, 38.0586853027, -14.3774118423, 48.4189796448, -18.4313640594], [-419.29699707, -40.4893608093, 138.702896118, 23.6691436768, -12.8212347031, 136.976654053, -20.563747406, 217.138031006, 46.7301635742, 59.0127944946, 27.3185787201, -3.24552488327, 28.2009048462], [55.6687431335, 29.9444007874, 16.07579422, 37.1148338318, 13.245057106, 29.7812995911, 64.5141983032, 46.7301635742, 145.523986816, 76.2402038574, 12.6891374588, 16.7899246216, -5.32414340973], [-47.0845870972, -51.4508895874, 81.7357940674, 91.9834671021, -12.9371929169, 64.595123291, 38.0586853027, 59.0127944946, 76.2402038574, 130.905258179, 44.1503562927, 22.3206596375, 15.0770740509], [-101.9400177, 46.9863319397, 8.58744716644, -30.8595027924, 37.8103904724, 15.4010686874, -14.3774118423, 27.3185787201, 12.6891374588, 44.1503562927, 89.7476654053, 27.9943733215, 20.4528160095], [99.8227005005, -126.140403748, 13.1380710602, 101.958770752, -30.5765018463, -1.95299577713, 48.4189796448, -3.24552488327, 16.7899246216, 22.3206596375, 27.9943733215, 107.061820984, 8.54729366302], [-261.157531738, 22.1581039429, -5.14565896988, -27.0483226776, 41.3022689819, 40.0196800232, -18.4313640594, 28.2009048462, -5.32414340973, 15.0770740509, 20.4528160095, 8.54729366302, 92.3107299805]], "mean": [-16.0654773712, 99.2094116211, -92.2857589722, -3.28028917313, 5.77982950211, -9.71643829346, -0.478627890348, -22.026424408, -0.142234504223, -2.21711540222, 1.00648200512, -7.00189828873, -5.46873188019], "icov": [[0.00011664302292, -0.00043569249101, 0.000532472040504, -0.000530955730937, 0.000271784054348, -0.000170765182702, 0.000271206954494, -4.63327705802e-05, 0.000147582264617, -0.000170782281202, 0.00017298097373, -0.000292414217256, 0.000354572432116], [-0.00043569249101, 0.00448049465194, -0.00441333977506, 0.00327637698501, -0.00217844941653, 0.00226948829368, -0.00251693557948, 0.00124210643116, -0.00262957508676, 0.00315092480741, -0.00352061912417, 0.0046010944061, -0.0027975984849], [0.000532472040504, -0.00441333977506, 0.0112131247297, -0.00639672810212, 0.00401888787746, -0.00508550088853, 0.00489209080115, -0.0027691735886, 0.00259141903371, -0.00340185919777, 0.00165036297403, -0.00268054869957, 0.00413348013535], [-0.000530955730937, 0.00327637698501, -0.00639672810212, 0.0088425707072, -0.00404978170991, 0.00364735722542, -0.0048757083714, -0.000124022350064, 0.00165975629352, -0.00370952975936, 0.00428022909909, -0.00271548843011, -0.000754369539209], [0.000271784054348, -0.00217844941653, 0.00401888787746, -0.00404978170991, 0.00895505677909, -0.00381381437182, -0.000367696484318, 0.00121082400437, -0.00183419312816, 0.0047783954069, -0.00685490900651, 0.0044980533421, -0.0022513626609], [-0.000170765182702, 0.00226948829368, -0.00508550088853, 0.00364735722542, -0.00381381437182, 0.00662468140945, -0.00196231366135, -0.00130252912641, 0.000145402547787, -0.00162240630016, 0.00212587299757, -0.000251265824772, -0.00157650955953], [0.000271206954494, -0.00251693557948, 0.00489209080115, -0.0048757083714, -0.000367696484318, -0.00196231366135, 0.00983546115458, -0.00042959858547, -0.00105418136809, -0.00251839775592, 0.0036668330431, -0.00430619344115, 0.0032625910826], [-4.63327705802e-05, 0.00124210643116, -0.0027691735886, -0.000124022350064, 0.00121082400437, -0.00130252912641, -0.00042959858547, 0.00855919718742, -0.00405717967078, 0.00298875477165, -0.00492293853313, 0.00430645653978, -0.00332776200958], [0.000147582264617, -0.00262957508676, 0.00259141903371, 0.00165975629352, -0.00183419312816, 0.000145402547787, -0.00105418136809, -0.00405717967078, 0.015962921083, -0.0136068249121, 0.00936340913177, -0.00783670227975, 0.00526022072881], [-0.000170782281202, 0.00315092480741, -0.00340185919777, -0.00370952975936, 0.0047783954069, -0.00162240630016, -0.00251839775592, 0.00298875477165, -0.0136068249121, 0.0274767819792, -0.0196437984705, 0.0125228157267, -0.00744630442932], [0.00017298097373, -0.00352061912417, 0.00165036297403, 0.00428022909909, -0.00685490900651, 0.00212587299757, 0.0036668330431, -0.00492293853313, 0.00936340913177, -0.0196437984705, 0.0319699272513, -0.0184811800718, 0.00543843116611], [-0.000292414217256, 0.0046010944061, -0.00268054869957, -0.00271548843011, 0.0044980533421, -0.000251265824772, -0.00430619344115, 0.00430645653978, -0.00783670227975, 0.0125228157267, -0.0184811800718, 0.0253731030971, -0.00770776998252], [0.000354572432116, -0.0027975984849, 0.00413348013535, -0.000754369539209, -0.0022513626609, -0.00157650955953, 0.0032625910826, -0.00332776200958, 0.00526022072881, -0.00744630442932, 0.00543843116611, -0.00770776998252, 0.016904162243]]}, "spectral_complexity": {"dmean": 2.87961339951, "dmean2": 4.64274501801, "max": 56, "dvar": 8.18345355988, "mean": 19.4151973724, "dvar2": 18.5790252686, "min": 0, "var": 110.253799438, "median": 19}, "spectral_flux": {"dmean": 0.0323797762394, "dmean2": 0.0537358373404, "max": 0.704636633396, "dvar": 0.00233925296925, "mean": 0.120075456798, "dvar2": 0.00577199924737, "min": 1.03579540778e-10, "var": 0.00617303373292, "median": 0.110235385597}, "spectral_energyband_low": {"dmean": 0.0205609407276, "dmean2": 0.0334827490151, "max": 0.707412600517, "dvar": 0.00179974723142, "mean": 0.0353896282613, "dvar2": 0.00455865543336, "min": 8.068564633e-23, "var": 0.00215249392204, "median": 0.0240239556879}, "spectral_decrease": {"dmean": 6.58137988552e-09, "dmean2": 1.0462184008e-08, "max": 2.03641956631e-08, "dvar": 1.72687942149e-16, "mean": -1.03756336856e-08, "dvar2": 4.09374570358e-16, "min": -1.96954019316e-07, "var": 2.27674091772e-16, "median": -6.72663880152e-09}, "barkbands_spread": {"dmean": 7.78345108032, "dmean2": 12.5136604309, "max": 132.514938354, "dvar": 62.3799514771, "mean": 29.2514858246, "dvar2": 155.59274292, "min": 0.231966540217, "var": 267.41494751, "median": 26.9805011749}, "spectral_rms": {"dmean": 0.00123193464242, "dmean2": 0.00192901538685, "max": 0.0282777678221, "dvar": 3.00506349049e-06, "mean": 0.00743052037433, "dvar2": 6.74157809044e-06, "min": 3.19652182328e-12, "var": 1.33838584588e-05, "median": 0.00749591225758}, "spectral_centroid": {"dmean": 175.072967529, "dmean2": 270.648162842, "max": 10663.5390625, "dvar": 39215.3242188, "mean": 1164.10424805, "dvar2": 73265.9765625, "min": 266.488525391, "var": 308095.96875, "median": 1056.50683594}, "barkbands_skewness": {"dmean": 0.705345392227, "dmean2": 1.12428557873, "max": 47.6127243042, "dvar": 0.79709815979, "mean": 3.17465758324, "dvar2": 1.77755761147, "min": -1.95640385151, "var": 27.3742084503, "median": 2.28689432144}, "spectral_rolloff": {"dmean": 3301.57006836, "dmean2": 6342.08398438, "max": 22028.4667969, "dvar": 46850492, "mean": 14252.0927734, "dvar2": 114448016, "min": 21.533203125, "var": 94367528, "median": 20822.6074219}, "erbbands_spread": {"dmean": 5.49670171738, "dmean2": 8.85077667236, "max": 119.638549805, "dvar": 25.7140140533, "mean": 29.1914653778, "dvar2": 64.1558303833, "min": 1.37026584148, "var": 219.250427246, "median": 28.1123123169}, "barkbands": {"dmean": [0.00976678729057, 0.0138020562008, 0.00285916030407, 0.00254952255636, 0.00141217221972, 0.00142975419294, 0.00113650574349, 0.000323540327372, 0.0004053178709, 0.000296588317724, 0.000249712902587, 0.000535634695552, 0.000493788567837, 0.000461070798337, 0.000366166903405, 0.000141927259392, 0.000130526983412, 0.000107004831079, 6.82641912135e-05, 5.11096914124e-05, 4.76536879432e-05, 3.03406432067e-05, 9.73227088252e-06, 4.72308329336e-06, 3.87990166928e-06, 7.57971611165e-06, 0.000348174769897], "dmean2": [0.0154637880623, 0.0228024944663, 0.0048645529896, 0.00428661098704, 0.00229774904437, 0.00228098151274, 0.00181622861419, 0.000526290794369, 0.000651113048662, 0.000481757044327, 0.000399822049076, 0.000837194384076, 0.00082105823094, 0.000753850734327, 0.00061116082361, 0.000237301472225, 0.000216472122702, 0.000180241520866, 0.000112037349027, 7.98831970314e-05, 6.97921859683e-05, 4.29163483204e-05, 1.44957648445e-05, 7.62606487115e-06, 6.45883528705e-06, 1.15187567644e-05, 0.000555763952434], "max": [0.564989924431, 0.471538156271, 0.0808254107833, 0.0925809070468, 0.0683955922723, 0.10155005008, 0.12065461278, 0.0248960312456, 0.0283919591457, 0.0203365758061, 0.0196831356734, 0.0199453849345, 0.0148537354544, 0.0168191436678, 0.0178923048079, 0.00498470431194, 0.00794120691717, 0.00567379454151, 0.00469774566591, 0.00346807483584, 0.0090321553871, 0.002870044671, 0.00162735930644, 0.00030013648211, 0.000152763663209, 0.000493103405461, 0.0145495804027], "dvar": [0.000857283826917, 0.000722825003322, 2.11299648072e-05, 2.06935383176e-05, 6.54122959531e-06, 1.03163210952e-05, 1.08971926238e-05, 6.59658041968e-07, 7.82841880209e-07, 3.84263273645e-07, 5.80837252073e-07, 6.79454501551e-07, 5.81282392886e-07, 6.06013827564e-07, 3.77230122695e-07, 7.0606240854e-08, 8.02307411618e-08, 4.75458890037e-08, 2.40711113264e-08, 1.34648905359e-08, 2.33966463981e-08, 7.64132490616e-09, 7.4639927572e-10, 8.36203398191e-11, 5.07681639783e-11, 2.09239528481e-10, 2.99517211033e-07], "mean": [0.0114611200988, 0.0213148426265, 0.00384052610025, 0.00407598586753, 0.00252264086157, 0.00249851564877, 0.00212983903475, 0.000529698794708, 0.000731845211703, 0.000514442333952, 0.000408231571782, 0.00120625132695, 0.000968774140347, 0.000926013512071, 0.000733282475267, 0.000264994276222, 0.000258504820522, 0.000235112267546, 0.000161177522386, 0.000127759645693, 0.000110974324343, 6.09153212281e-05, 1.84424188774e-05, 6.18951207798e-06, 4.05856735597e-06, 1.38919349411e-05, 0.00116592994891], "dvar2": [0.00189079763368, 0.00197361502796, 5.82053726248e-05, 5.85218986089e-05, 1.63797321875e-05, 2.46786967182e-05, 2.65372782451e-05, 1.65598487456e-06, 1.85408362086e-06, 9.26449160943e-07, 1.38205393796e-06, 1.57389035849e-06, 1.53139967551e-06, 1.52745212745e-06, 1.0136795936e-06, 1.90134798572e-07, 2.10028503034e-07, 1.29789583525e-07, 6.38512958062e-08, 3.06466709787e-08, 4.77016719458e-08, 1.52235362094e-08, 1.42299549921e-09, 1.93480731436e-10, 1.2596906851e-10, 4.24248552955e-10, 7.41214876143e-07], "min": [1.22075002349e-23, 8.39882771963e-24, 2.05853868529e-23, 2.31094814255e-23, 2.34346262248e-23, 2.9940919046e-23, 4.3819743382e-23, 5.04760949022e-23, 6.14891579635e-23, 1.14041632587e-22, 2.44383381307e-23, 6.93079875355e-23, 7.2796242106e-23, 7.79650733272e-23, 1.38719991115e-22, 9.08693925434e-23, 1.15815055011e-22, 1.26344795617e-22, 2.0949281762e-22, 2.65001526398e-22, 4.13671211851e-22, 5.52118017279e-22, 5.37974208254e-22, 8.47348289668e-22, 1.01285691165e-21, 1.58761455533e-21, 2.3539017703e-21], "var": [0.000944004685152, 0.000834902166389, 2.95762765745e-05, 4.80536291434e-05, 1.570090717e-05, 2.55323247984e-05, 2.77374929283e-05, 1.39970529744e-06, 2.10626399166e-06, 7.94207267063e-07, 1.19671949506e-06, 2.86200588562e-06, 1.52023869759e-06, 1.3423158407e-06, 7.25550137304e-07, 1.25968284692e-07, 1.58102054115e-07, 1.11286766469e-07, 7.50996917986e-08, 5.22875183151e-08, 7.89099274812e-08, 2.28043610662e-08, 2.31082553093e-09, 1.45815706731e-10, 5.61396241994e-11, 7.91466114869e-10, 1.13675264402e-06], "median": [0.00424251332879, 0.0119907744229, 0.00188063818496, 0.00133438245393, 0.0011276639998, 0.000575663056225, 0.000526664662175, 0.000158751237905, 0.000290326453978, 0.000240792520344, 0.000142824981594, 0.000633091141935, 0.000577223137952, 0.000577836646698, 0.000468322425149, 0.000147017213749, 0.000132537039462, 0.000108462088974, 5.83928158449e-05, 5.20810499438e-05, 3.71466812794e-05, 1.52781722136e-05, 5.02195871377e-06, 2.19526145884e-06, 1.56749104008e-06, 4.5891301852e-06, 0.000907662441023]}, "melbands_kurtosis": {"dmean": 13.1632347107, "dmean2": 22.0564727783, "max": 3616.36254883, "dvar": 2898.68066406, "mean": 55.9484939575, "dvar2": 7446.73632812, "min": -1.81300508976, "var": 105111.148438, "median": 9.12264823914}, "erbbands_crest": {"dmean": 2.54741954803, "dmean2": 4.14051818848, "max": 31.4715385437, "dvar": 5.53379058838, "mean": 10.1954135895, "dvar2": 13.7209129333, "min": 1.77290117741, "var": 23.6735057831, "median": 9.04021835327}, "melbands_skewness": {"dmean": 0.939290046692, "dmean2": 1.52323162556, "max": 57.3759307861, "dvar": 1.2771551609, "mean": 3.77076268196, "dvar2": 3.14281606674, "min": -3.09869599342, "var": 35.7325820923, "median": 2.8520488739}, "spectral_energyband_middle_low": {"dmean": 0.00466060498729, "dmean2": 0.00754065439105, "max": 0.158707290888, "dvar": 5.39411412319e-05, "mean": 0.0126033062115, "dvar2": 0.000139683266752, "min": 2.65611763951e-22, "var": 0.000230201607337, "median": 0.00686348136514}, "spectral_contrast_coeffs": {"dmean": [0.0519055090845, 0.0508967712522, 0.037524305284, 0.0294487178326, 0.0225459262729, 0.038609623909], "dmean2": [0.0878848433495, 0.0849651694298, 0.0626935064793, 0.049199745059, 0.0377724468708, 0.0603311881423], "max": [-0.365829318762, -0.411883294582, -0.519811272621, -0.586645901203, -0.671845197678, -0.378682553768], "dvar": [0.0016508824192, 0.00160819524899, 0.000866084184963, 0.000534902326763, 0.000413871923229, 0.00139269314241], "mean": [-0.697627961636, -0.751214325428, -0.794211626053, -0.776519656181, -0.81342869997, -0.76107442379], "dvar2": [0.00468773022294, 0.00443734740838, 0.0023920792155, 0.00147129734978, 0.00116991868708, 0.00323557667434], "min": [-0.956963717937, -0.967177391052, -0.973477959633, -0.965291559696, -0.973261415958, -0.958365440369], "var": [0.0075078480877, 0.00627842126414, 0.00320040271617, 0.00229834136553, 0.00161896354984, 0.00782124325633], "median": [-0.701478004456, -0.756717801094, -0.798289060593, -0.77867269516, -0.810106575489, -0.769401490688]}, "spectral_contrast_valleys": {"dmean": [0.401924312115, 0.389633864164, 0.321551263332, 0.247712910175, 0.266977280378, 0.635090649128], "dmean2": [0.678525686264, 0.648681461811, 0.532123744488, 0.398535221815, 0.429869145155, 1.02281236649], "max": [-4.71937036514, -4.56403779984, -5.31427955627, -5.5759305954, -5.57569932938, -8.5715675354], "dvar": [0.122447580099, 0.118294626474, 0.0856558978558, 0.0587091483176, 0.110387668014, 0.296133160591], "mean": [-6.89628219604, -6.86893844604, -7.30974340439, -7.31633710861, -7.84615039825, -11.0900154114], "dvar2": [0.309932202101, 0.298423945904, 0.198141515255, 0.122162118554, 0.273614048958, 0.818530321121], "min": [-27.5933513641, -27.304441452, -27.583114624, -27.4171981812, -27.1237506866, -27.3027534485], "var": [2.62538146973, 1.85415410995, 1.62855958939, 1.6477227211, 1.91656637192, 1.37670183182], "median": [-6.4573135376, -6.63755226135, -7.05551433563, -7.05019235611, -7.56623268127, -10.8920965195]}, "silence_rate_20dB": {"dmean": 0.00700694648549, "dmean2": 0.0140147395432, "max": 1, "dvar": 0.006957849022, "mean": 0.995349109173, "dvar2": 0.0187718123198, "min": 0, "var": 0.0046292510815, "median": 1}, "silence_rate_30dB": {"dmean": 0.0858955010772, "dmean2": 0.171801373363, "max": 1, "dvar": 0.0785174593329, "mean": 0.801884531975, "dvar2": 0.167657181621, "min": 0, "var": 0.158865734935, "median": 1}, "spectral_strongpeak": {"dmean": 10.983335495, "dmean2": 20.3449192047, "max": 333.397705078, "dvar": 913.121582031, "mean": 12.7636108398, "dvar2": 2420.6105957, "min": 0, "var": 1289.55639648, "median": 0.320061445236}, "spectral_spread": {"dmean": 492989.25, "dmean2": 788874.9375, "max": 41819276, "dvar": 319795593216, "mean": 3980976.25, "dvar2": 666827358208, "min": 1049842, "var": 1196500975620.0, "median": 3868753.75}, "barkbands_flatness_db": {"dmean": 0.0274230502546, "dmean2": 0.0441611111164, "max": 0.534088730812, "dvar": 0.000646929140203, "mean": 0.166677862406, "dvar2": 0.00169517623726, "min": 0.0365377552807, "var": 0.00463129393756, "median": 0.15527382493}, "pitch_salience": {"dmean": 0.0727533847094, "dmean2": 0.118022195995, "max": 0.819382250309, "dvar": 0.00443559419364, "mean": 0.450297743082, "dvar2": 0.0112980762497, "min": 0.00403608288616, "var": 0.0195234753191, "median": 0.470221936703}, "erbbands_kurtosis": {"dmean": 1.04670333862, "dmean2": 1.70054614544, "max": 45.8617668152, "dvar": 2.22829771042, "mean": 1.13391089439, "dvar2": 5.64237833023, "min": -1.67687106133, "var": 7.69255685806, "median": 0.302363097668}, "average_loudness": 0.632082700729, "barkbands_crest": {"dmean": 2.78645610809, "dmean2": 4.56404781342, "max": 26.9263687134, "dvar": 6.08516645432, "mean": 11.8119869232, "dvar2": 16.3316574097, "min": 2.58156371117, "var": 25.278673172, "median": 10.9240846634}, "hfc": {"dmean": 91.0520935059, "dmean2": 142.88923645, "max": 3040.50585938, "dvar": 22287.8164062, "mean": 343.443695068, "dvar2": 58381.1679688, "min": 1.15404400945e-16, "var": 132516.171875, "median": 220.273712158}, "barkbands_kurtosis": {"dmean": 7.84764003754, "dmean2": 12.6230688095, "max": 2357.93041992, "dvar": 1086.88208008, "mean": 39.627456665, "dvar2": 2434.13916016, "min": -1.87341213226, "var": 53160.7070312, "median": 5.58619976044}, "erbbands": {"dmean": [0.73825699091, 2.06319189072, 3.12537407875, 6.1702542305, 6.31410646439, 4.70892572403, 10.6958303452, 10.0006227493, 11.4287157059, 18.4376487732, 6.50285196304, 8.58430099487, 7.98907136917, 8.68608093262, 11.0023736954, 21.5972690582, 23.5371265411, 17.7695045471, 26.3286514282, 11.7786560059, 6.60024261475, 7.22622299194, 6.26135873795, 4.022397995, 2.96346831322, 2.26708984375, 1.99430167675, 1.83199441433, 1.20899951458, 0.545397520065, 0.240209758282, 0.122387833893, 0.0679356530309, 0.0432047769427, 0.0278036613017, 0.0170506294817, 0.0151257459074, 0.018220288679, 0.0104270707816, 0.00823779404163], "dmean2": [1.22356772423, 3.41670560837, 5.28236341476, 10.492978096, 10.4849243164, 7.73288202286, 17.3378639221, 15.9062175751, 18.4484329224, 29.032453537, 10.4375762939, 13.7789258957, 12.8945817947, 14.0685501099, 17.5785217285, 33.9040412903, 38.8978919983, 28.8063545227, 43.5697937012, 19.6139564514, 11.0335960388, 11.9591407776, 10.5266075134, 6.72876214981, 4.75433540344, 3.50292658806, 2.98535203934, 2.64218950272, 1.70186436176, 0.774387359619, 0.363440662622, 0.192648142576, 0.111776448786, 0.0720155164599, 0.0461973436177, 0.0278878044337, 0.0226200334728, 0.0250539891422, 0.014407845214, 0.0129172643647], "max": [29.0196380615, 59.414516449, 88.4731369019, 241.559967041, 250.430114746, 266.788085938, 801.742980957, 670.447509766, 2119.875, 3007.51904297, 535.29901123, 644.18939209, 531.386413574, 993.000915527, 793.283996582, 879.03125, 722.028930664, 517.458862305, 925.827270508, 564.034301758, 283.453308105, 498.169342041, 348.913238525, 320.341278076, 167.805587769, 170.43850708, 219.887069702, 481.671966553, 118.225120544, 66.8801651001, 42.1950187683, 14.1637372971, 2.69663739204, 1.72719228268, 1.07972288132, 0.619117379189, 1.0527368784, 1.92198896408, 0.876319408417, 0.310290724039], "dvar": [3.00536036491, 11.3883476257, 23.7271938324, 116.956375122, 125.266670227, 92.3155975342, 596.395507812, 581.165771484, 1415.80749512, 4246.13916016, 218.845352173, 368.307800293, 314.80947876, 496.590270996, 785.92388916, 1107.09399414, 1332.82617188, 787.205688477, 1937.64465332, 364.270843506, 184.445129395, 256.244750977, 162.047439575, 87.3900604248, 41.8023529053, 27.5692043304, 30.4175891876, 47.11876297, 12.4487495422, 1.94660890102, 0.427263170481, 0.075618609786, 0.0154554164037, 0.00642084702849, 0.0025560548529, 0.000871262571309, 0.000907402078155, 0.00189267424867, 0.000599569641054, 0.000127441599034], "mean": [1.05113959312, 3.15372562408, 4.55819034576, 9.9576292038, 10.6916007996, 7.94669437408, 17.3158798218, 17.6229629517, 21.3889045715, 33.7959594727, 13.1280555725, 15.3894319534, 14.0332050323, 16.2033367157, 21.9805641174, 50.4330444336, 49.6880722046, 41.7965202332, 54.4187850952, 24.6234931946, 13.5815916061, 15.360742569, 13.9216213226, 9.4056596756, 7.47446107864, 5.80389404297, 4.8746843338, 3.98684334755, 2.43765878677, 1.07964861393, 0.454274892807, 0.185693725944, 0.0797915831208, 0.0451244823635, 0.0296186897904, 0.0207390505821, 0.0282675363123, 0.0448916554451, 0.0393195338547, 0.0400101020932], "dvar2": [8.18261051178, 30.8936882019, 64.4930114746, 341.572937012, 336.293212891, 226.786682129, 1513.43896484, 1368.34411621, 3529.6706543, 9887.18066406, 516.76763916, 862.026123047, 755.026855469, 1130.02734375, 1889.03820801, 2587.59399414, 3510.38476562, 1946.97497559, 5062.17480469, 965.964477539, 496.925445557, 663.932495117, 442.578491211, 241.009780884, 101.49672699, 60.794883728, 62.8788604736, 101.340713501, 24.2773036957, 3.37264466286, 0.854702889919, 0.16251334548, 0.0375458672643, 0.0159486867487, 0.00633011572063, 0.00211283238605, 0.00176121934783, 0.00330350850709, 0.000979037722573, 0.000308016868075], "min": [6.67940418162e-22, 7.57741516335e-22, 1.4161816763e-20, 1.32634223621e-19, 3.46921196804e-20, 7.05523670197e-20, 1.8432790665e-19, 2.67253034477e-19, 4.1245099423e-19, 1.15604384266e-18, 1.05487644842e-18, 1.07165725471e-18, 3.12034033751e-18, 2.75306718245e-18, 1.69360422433e-18, 1.90752522825e-18, 3.23788125499e-18, 3.83360370405e-18, 4.88217879397e-18, 8.80742625167e-18, 5.90764452551e-18, 5.06318080124e-18, 6.79833689268e-18, 9.13629589243e-18, 1.07857378744e-17, 1.27279099762e-17, 1.49200502689e-17, 1.58109022819e-17, 1.94140017685e-17, 1.79030471918e-17, 1.4982020986e-17, 1.50762335491e-17, 1.61111969684e-17, 1.00040207627e-17, 8.13236498095e-18, 5.84236508593e-18, 2.86789536111e-18, 1.26282862044e-18, 3.30765383626e-19, 3.34629422148e-20], "var": [2.94772100449, 16.0087413788, 34.5908889771, 238.980804443, 286.522521973, 217.366836548, 1290.88476562, 1294.31030273, 3768.64477539, 10364.1787109, 854.974853516, 854.018859863, 688.863220215, 1479.11193848, 1752.79333496, 4736.36523438, 3434.36816406, 2293.15698242, 4110.58007812, 754.011169434, 337.111328125, 535.180053711, 362.958343506, 225.041564941, 167.211807251, 109.837692261, 111.93157959, 131.647277832, 38.042678833, 6.62037801743, 1.39323818684, 0.173212125897, 0.0205458495766, 0.00703797116876, 0.00286975014023, 0.00115266465582, 0.00348906451836, 0.00958336703479, 0.00451359385625, 0.00104996655136], "median": [0.454536736012, 1.89662337303, 2.55308413506, 4.13347625732, 4.3383026123, 3.40286827087, 4.38014984131, 4.46492195129, 6.07776021957, 5.6189661026, 5.20857906342, 6.4837141037, 6.21152019501, 7.60935974121, 10.9516143799, 27.7043495178, 32.2931632996, 27.8035526276, 34.4797058105, 17.046546936, 7.24106216431, 8.3675994873, 6.89008331299, 3.73418998718, 2.83142614365, 2.38612341881, 1.83075845242, 1.19668650627, 0.606794714928, 0.27564817667, 0.124141141772, 0.0583205297589, 0.0307668708265, 0.0174975581467, 0.0117699038237, 0.00911078229547, 0.00890221819282, 0.0131825786084, 0.0203437097371, 0.0326466672122]}, "spectral_energy": {"dmean": 0.0250522028655, "dmean2": 0.0397967509925, "max": 0.819622933865, "dvar": 0.00246265088208, "mean": 0.0703114047647, "dvar2": 0.00582887372002, "min": 1.04731954606e-20, "var": 0.00452079391107, "median": 0.0575934126973}, "zerocrossingrate": {"dmean": 0.0405530929565, "dmean2": 0.0508579388261, "max": 0.828125, "dvar": 0.00133615452796, "mean": 0.301865875721, "dvar2": 0.00203979504295, "min": 0, "var": 0.0193189457059, "median": 0.29833984375}, "spectral_energyband_high": {"dmean": 0.000184876815183, "dmean2": 0.000256148719927, "max": 0