{"tonal": {"hpcp": {"dvar": [0.0227761436254, 0.017052045092, 0.0108027076349, 0.0105665400624, 0.0147091792896, 0.0204711481929, 0.0239950474352, 0.0303614884615, 0.0378259792924, 0.0386695899069, 0.0336313582957, 0.0174029823393, 0.0142249623314, 0.0157353505492, 0.0258385539055, 0.0295831654221, 0.0207612365484, 0.0116632925346, 0.00843521673232, 0.0152859520167, 0.02204952389, 0.0259501636028, 0.0207316726446, 0.0316926836967, 0.0228333119303, 0.0129785938188, 0.0126938363537, 0.0106891347095, 0.0111666629091, 0.0198107715696, 0.0237019266933, 0.0157715994865, 0.0135305104777, 0.0145670743659, 0.0168586373329, 0.0212267562747], "var": [0.0691812112927, 0.0239312071353, 0.00648614531383, 0.00696617737412, 0.0120764682069, 0.0498488545418, 0.109638370574, 0.0498961694539, 0.0886541232467, 0.177560418844, 0.0651149451733, 0.0123426942155, 0.00936769414693, 0.0129866274074, 0.0572933554649, 0.0974416732788, 0.0299462415278, 0.00893843825907, 0.0065486333333, 0.0173304397613, 0.0602687485516, 0.105918288231, 0.0360448621213, 0.0583077184856, 0.0957088321447, 0.0243203919381, 0.012266561389, 0.0108089102432, 0.0135325817391, 0.052690718323, 0.0801165401936, 0.0258550960571, 0.0135647784919, 0.0107158264145, 0.0180191826075, 0.0445052050054], "median": [0.0234008841217, 0.0106568001211, 0.00147176347673, 0.000885440735146, 0.00196593208238, 0.0110347000882, 0.0155706051737, 0.0352643355727, 0.228350639343, 0.369283378124, 0.156021207571, 0.00286975712515, 0.00083804957103, 0.00216534500942, 0.00634837523103, 0.00877791084349, 0.00622673332691, 0.00248684640974, 0.00182339898311, 0.00339042767882, 0.0381699837744, 0.0590182766318, 0.047569423914, 0.0100978929549, 0.00295612076297, 0.00147468794603, 0.000998328090645, 0.000822484958917, 0.00324464123696, 0.0295323617756, 0.0444159694016, 0.0214551389217, 0.00270964438096, 0.00207400647923, 0.00234048580751, 0.0164032895118], "max": [1, 1, 1, 1, 1, 1, 1, 1, 1, 1, 1, 1, 1, 1, 1, 1, 1, 1, 1, 1, 1, 1, 1, 1, 1, 1, 1, 1, 1, 1, 1, 1, 1, 1, 1, 1], "dmean": [0.0695901438594, 0.0568868108094, 0.0286124069244, 0.0258420482278, 0.0389052927494, 0.0618350096047, 0.0687746629119, 0.103738367558, 0.155429199338, 0.117505647242, 0.133188635111, 0.0536651685834, 0.032524805516, 0.0432046242058, 0.0721374377608, 0.073543690145, 0.0589161552489, 0.0309462510049, 0.0250572264194, 0.0446582958102, 0.0789096355438, 0.0900808423758, 0.0874690487981, 0.083683796227, 0.0672596991062, 0.0463533252478, 0.0289103817195, 0.0264904350042, 0.036879722029, 0.0675772726536, 0.0812114030123, 0.0568859912455, 0.0305543895811, 0.0319034829736, 0.0407763905823, 0.0643042251468], "dmean2": [0.114845193923, 0.0995377749205, 0.0537082180381, 0.0480438284576, 0.0702781230211, 0.104315645993, 0.115527749062, 0.181838363409, 0.265968292952, 0.197372928262, 0.228286191821, 0.099207110703, 0.0611884370446, 0.0778381079435, 0.122380763292, 0.123991452157, 0.101732067764, 0.0566844381392, 0.0454378649592, 0.0794682875276, 0.133399531245, 0.148043319583, 0.148401767015, 0.145830139518, 0.11231328547, 0.0789480954409, 0.0523567311466, 0.0462080873549, 0.0636424347758, 0.111125104129, 0.129071116447, 0.096593759954, 0.0557248741388, 0.0582823827863, 0.073062106967, 0.110235668719], "mean": [0.149623081088, 0.0774784907699, 0.0192664284259, 0.0173249654472, 0.0319233350456, 0.11980316788, 0.188235118985, 0.14553950727, 0.304927289486, 0.463642388582, 0.240349516273, 0.0377577841282, 0.0220501516014, 0.0352417267859, 0.124352365732, 0.167933672667, 0.0843413770199, 0.0265530664474, 0.0201497115195, 0.0432191565633, 0.159982278943, 0.231230184436, 0.13668346405, 0.134726256132, 0.168103426695, 0.0780499950051, 0.0260338895023, 0.0242780465633, 0.0367550328374, 0.134723901749, 0.184161648154, 0.0908573269844, 0.0285278744996, 0.0254664085805, 0.0374970287085, 0.109137915075], "dvar2": [0.0547870062292, 0.047999355942, 0.0314309224486, 0.0297716576606, 0.0404831580818, 0.053513970226, 0.05679153651, 0.0791461989284, 0.101861275733, 0.087135463953, 0.0928272232413, 0.049129601568, 0.0404628440738, 0.0432738848031, 0.0649097412825, 0.0671736672521, 0.0565307587385, 0.032964233309, 0.0234683975577, 0.0414551235735, 0.0556195750833, 0.0594437606633, 0.0537705160677, 0.0831490829587, 0.0538540817797, 0.0346982963383, 0.0345299839973, 0.0284301321954, 0.0289008915424, 0.0466394238174, 0.0558377057314, 0.0419576875865, 0.039043199271, 0.041794590652, 0.0446218140423, 0.0558872260153], "min": [0, 0, 0, 0, 0, 0, 0, 0, 0, 0, 0, 0, 0, 0, 0, 0, 0, 0, 0, 0, 0, 0, 0, 0, 0, 0, 0, 0, 0, 0, 0, 0, 0, 0, 0, 0]}, "key_key": "C", "thpcp": [1, 0.518394172192, 0.0814372971654, 0.0475585311651, 0.0760105773807, 0.268207490444, 0.362205177546, 0.181910410523, 0.0572705753148, 0.043459597975, 0.0932165756822, 0.345055341721, 0.498725295067, 0.294803649187, 0.29058226943, 0.362571299076, 0.168340936303, 0.0561507977545, 0.0523637346923, 0.0792745277286, 0.290577203035, 0.397206246853, 0.195964232087, 0.0615299083292, 0.0549268350005, 0.080874890089, 0.235392451286, 0.322712242603, 0.167108297348, 0.0415545031428, 0.0373670868576, 0.0688533559442, 0.258395642042, 0.405992031097, 0.313904672861, 0.657677769661], "chords_key": "C", "tuning_equal_tempered_deviation": 0.0135204475373, "tuning_frequency": 442.804626465, "tuning_diatonic_strength": 0.575025260448, "chords_histogram": [27.43309021, 12.5608272552, 9.4738445282, 0.836374700069, 0.106447689235, 0.0608272515237, 0.760340631008, 0, 4.22749376297, 0.121654503047, 0.258515805006, 0, 0, 0.091240875423, 0, 3.05656933784, 0.410583943129, 0.577858865261, 0, 1.27737224102, 0, 1.0036495924, 23.3120441437, 14.4312648773], "key_strength": 0.792146146297, "key_scale": "major", "chords_strength": {"dvar": 0.000365128304111, "var": 0.0248783510178, "median": 0.548320412636, "max": 0.826423168182, "dmean": 0.0084202485159, "dmean2": 0.00616440316662, "mean": 0.531241893768, "dvar2": 0.000680059427395, "min": -1}, "chords_number_rate": 0.00136861309875, "tuning_nontempered_energy_ratio": 0.625351428986, "hpcp_entropy": {"dvar": 0.223434925079, "var": 0.52167993784, "median": 1.59019994736, "max": 4.25939893723, "dmean": 0.467448204756, "dmean2": 0.780253708363, "mean": 1.54218363762, "dvar2": 0.568723857403, "min": 0}, "chords_changes_rate": 0.0369525551796, "chords_scale": "major"}, "rhythm": {"bpm_histogram_first_peak_spread": {"dvar": 0, "var": 0, "median": 0.513465046883, "max": 0.513465046883, "dmean": 0, "dmean2": 0, "mean": 0.513465046883, "dvar2": 0, "min": 0.513465046883}, "bpm_histogram_first_peak_weight": {"dvar": 0, "var": 0, "median": 0.384397149086, "max": 0.384397149086, "dmean": 0, "dmean2": 0, "mean": 0.384397149086, "dvar2": 0, "min": 0.384397149086}, "bpm_histogram_first_peak_bpm": {"dvar": 0, "var": 0, "median": 140, "max": 140, "dmean": 0, "dmean2": 0, "mean": 140, "dvar2": 0, "min": 140}, "bpm": 138.221893311, "bpm_histogram_second_peak_weight": {"dvar": 0, "var": 0, "median": 0.0354609936476, "max": 0.0354609936476, "dmean": 0, "dmean2": 0, "mean": 0.0354609936476, "dvar2": 0, "min": 0.0354609936476}, "beats_loudness": {"dvar": 0.000422830693424, "var": 0.000800962501671, "median": 0.029737751931, "max": 0.190429165959, "dmean": 0.0215459670871, "dmean2": 0.0361109450459, "mean": 0.0356482639909, "dvar2": 0.0010442242492, "min": 0}, "beats_loudness_band_ratio": {"dvar": [0.0261042956263, 0.0243999976665, 0.0104650249705, 0.00105450116098, 0.000555257021915, 0.0168316680938], "var": [0.0559174790978, 0.0488102510571, 0.0172997619957, 0.000991860870272, 0.000433119217632, 0.00960117857903], "median": [0.427917480469, 0.411201238632, 0.0669742971659, 0.01738653332, 0.00576250161976, 0.00383459683508], "max": [0.974772930145, 0.902752995491, 0.901661574841, 0.306337743998, 0.279725730419, 0.770149409771], "dmean": [0.20325550437, 0.191984608769, 0.0886184349656, 0.0264212228358, 0.0137407900766, 0.0472510792315], "dmean2": [0.334488302469, 0.327723771334, 0.143602713943, 0.0463860370219, 0.0242907889187, 0.0906756222248], "mean": [0.445592731237, 0.417483836412, 0.116541743279, 0.0284345969558, 0.0126324519515, 0.0290346909314], "dvar2": [0.0629268959165, 0.0626366436481, 0.0270633623004, 0.00300466106273, 0.00153593393043, 0.0497832521796], "min": [0, 0, 0, 0, 0, 0]}, "bpm_histogram_second_peak_bpm": {"dvar": 0, "var": 0, "median": 133, "max": 133, "dmean": 0, "dmean2": 0, "mean": 133, "dvar2": 0, "min": 133}, "onset_rate": 2.76759552956, "beats_count": 706, "beats_position": [0.441179126501, 0.882358253002, 1.33514738083, 1.78793644905, 2.24072551727, 2.69351458549, 3.15791368484, 3.62231278419, 4.09832191467, 4.55111122131, 5.01551008224, 5.46829938889, 5.89786815643, 6.33904743195, 6.78022670746, 7.20979595184, 7.63936471939, 8.08054447174, 8.52172279358, 8.96290206909, 9.39247131348, 9.82204055786, 10.2516098022, 10.6927890778, 11.1339683533, 11.5635375977, 12.0047159195, 12.445895195, 12.8754644394, 13.3050336838, 13.7462129593, 14.1873922348, 14.6169614792, 15.0465307236, 15.4760990143, 15.9056682587, 16.3468475342, 16.7880268097, 17.2175960541, 17.6587753296, 18.088344574, 18.5179138184, 18.9474830627, 19.3886623383, 19.8182315826, 20.2594108582, 20.6889801025, 21.1301574707, 21.5713367462, 22.0125160217, 22.4420852661, 22.8832645416, 23.312833786, 23.7424030304, 24.1719722748, 24.6131515503, 25.0543308258, 25.4955101013, 25.9366893768, 26.3778686523, 26.8190479279, 27.2602272034, 27.7130146027, 28.1658039093, 28.6998634338, 29.2107028961, 29.7331504822, 30.2555999756, 30.778049469, 31.3004989624, 31.8345565796, 32.3686180115, 32.9723358154, 33.5760536194, 34.1913833618, 34.8067131042, 35.422039032, 35.8748283386, 36.3276176453, 36.7804069519, 37.2099761963, 37.6511573792, 38.0807266235, 38.5219039917, 38.9630813599, 39.4042625427, 39.8338317871, 40.2634010315, 40.6929702759, 41.134147644, 41.5637168884, 42.0048980713, 42.4460754395, 42.8872566223, 43.3284339905, 43.7580032349, 44.1875724792, 44.6287536621, 45.0583229065, 45.4878921509, 45.9058494568, 46.4515190125, 46.9971885681, 47.5544662476, 48.111743927, 48.6690254211, 49.2146911621, 49.7603607178, 50.3060302734, 50.723991394, 51.1419487, 51.5715179443, 51.9894790649, 52.4074363708, 52.8370056152, 53.2665748596, 53.7077522278, 54.1605415344, 54.6017227173, 55.0312919617, 55.4608612061, 55.8904304504, 56.3199996948, 56.7495689392, 57.1791381836, 57.608707428, 58.0498847961, 58.4794540405, 58.9090232849, 59.3618125916, 59.8378219604, 60.3138313293, 60.7898406982, 61.2774581909, 61.7650794983, 62.2410888672, 62.7170982361, 63.2163238525, 63.7039451599, 64.1335144043, 64.563079834, 64.9926528931, 65.4222183228, 65.8634033203, 66.3045806885, 66.7457580566, 67.2449874878, 67.7558288574, 68.2666625977, 68.7658920288, 69.26512146, 69.7527389526, 70.1358718872, 70.5189971924, 70.902130127, 71.2852630615, 71.6219482422, 71.9586410522, 72.2953262329, 72.632019043, 72.9687042236, 73.3053970337, 73.6536941528, 74.001991272, 74.3502960205, 74.6753692627, 75.0004501343, 75.3371429443, 75.673828125, 75.9989089966, 76.3356018066, 76.6722869873, 77.0089797974, 77.3572769165, 77.7055740356, 78.0654830933, 78.4370040894, 78.8085250854, 79.1684341431, 79.5283432007, 79.8766403198, 80.2249450684, 80.5732421875, 80.9099273682, 81.2582321167, 81.5949172974, 82.012878418, 82.4308395386, 82.8487930298, 83.2667541504, 83.684715271, 84.1026763916, 84.5206298828, 84.9385910034, 85.3681640625, 85.7977294922, 86.2389068604, 86.691696167, 87.1444854736, 87.5972747803, 88.0500640869, 88.4912490845, 88.9324264526, 89.3852157593, 89.849609375, 90.3023986816, 90.7435836792, 91.1847610474, 91.6259384155, 92.0671157837, 92.4038085938, 92.7404937744, 93.0887985229, 93.4370956421, 93.7737884521, 94.1104736328, 94.4471664429, 94.7838516235, 95.1321487427, 95.4688415527, 95.8055343628, 96.1538314819, 96.5137405396, 96.8736495972, 97.2451705933, 97.61668396, 97.9882049561, 98.4409942627, 98.8937835693, 99.3349609375, 99.7761459351, 100.217323303, 100.658500671, 101.08807373, 101.51763916, 101.958816528, 102.400001526, 102.841178894, 103.270744324, 103.700317383, 104.129882812, 104.559455872, 105.00063324, 105.430198669, 105.859771729, 106.300949097, 106.718910217, 107.148475647, 107.578048706, 108.019226074, 108.448799133, 108.878364563, 109.319541931, 109.760726929, 110.190292358, 110.619865417, 111.061042786, 111.490608215, 111.920181274, 112.361358643, 112.802536011, 113.23210907, 113.6616745, 114.102851868, 114.532424927, 114.961990356, 115.403175354, 115.844352722, 116.28553009, 116.715103149, 117.144668579, 117.574241638, 118.003807068, 118.421768188, 118.862945557, 119.292518616, 119.722084045, 120.163261414, 120.604438782, 121.045623779, 121.486801147, 121.927978516, 122.369155884, 122.787117004, 123.216690063, 123.646255493, 124.075828552, 124.505393982, 124.934967041, 125.364532471, 125.805709839, 126.246894836, 126.688072205, 127.117637634, 127.558815002, 127.988388062, 128.42956543, 128.870742798, 129.311920166, 129.741500854, 130.171066284, 130.600631714, 131.041809082, 131.471374512, 131.912567139, 132.353744507, 132.783309937, 133.212875366, 133.654052734, 134.083618164, 134.513198853, 134.942764282, 135.372329712, 135.81350708, 136.254684448, 136.695877075, 137.137054443, 137.566619873, 137.996185303, 138.425750732, 138.855331421, 139.284896851, 139.702850342, 140.120819092, 140.56199646, 140.99156189, 141.432739258, 141.873916626, 142.315093994, 142.756271362, 143.185852051, 143.61541748, 144.056594849, 144.486160278, 144.915740967, 145.345306396, 145.774871826, 146.204437256, 146.645614624, 147.086807251, 147.527984619, 147.969161987, 148.398727417, 148.839904785, 149.281082153, 149.722259521, 150.16343689, 150.593017578, 151.022583008, 151.452148438, 151.893325806, 152.334503174, 152.764083862, 153.193649292, 153.623214722, 154.06439209, 154.493972778, 154.923538208, 155.353103638, 155.794281006, 156.223846436, 156.653427124, 157.094604492, 157.53578186, 157.96534729, 158.406524658, 158.847702026, 159.288879395, 159.730072021, 160.17124939, 160.612426758, 161.030380249, 161.448348999, 161.86630249, 162.307479858, 162.748657227, 163.189834595, 163.631011963, 164.072189331, 164.50177002, 164.931335449, 165.360900879, 165.790466309, 166.220046997, 166.649612427, 167.090789795, 167.531967163, 167.961532593, 168.391113281, 168.832290649, 169.261856079, 169.691421509, 170.109390259, 170.52734375, 170.968521118, 171.398086548, 171.827667236, 172.268844604, 172.710021973, 173.151199341, 173.592376709, 174.033554077, 174.474731445, 174.915908813, 175.35710144, 175.78666687, 176.2162323, 176.657409668, 177.075378418, 177.504943848, 177.934509277, 178.375686646, 178.816864014, 179.258041382, 179.69921875, 180.128799438, 180.558364868, 180.976318359, 181.417495728, 181.858688354, 182.299865723, 182.729431152, 183.158996582, 183.60017395, 184.041351318, 184.470932007, 184.900497437, 185.341674805, 185.782852173, 186.212417603, 186.641998291, 187.083175659, 187.512741089, 187.942306519, 188.383483887, 188.824661255, 189.254241943, 189.695419312, 190.124984741, 190.542938232, 190.984130859, 191.425308228, 191.854873657, 192.284439087, 192.714004517, 193.143585205, 193.584762573, 194.014328003, 194.443893433, 194.885070801, 195.326248169, 195.767440796, 196.208618164, 196.638183594, 197.067749023, 197.508926392, 197.95010376, 198.379684448, 198.809249878, 199.238815308, 199.668380737, 200.109558105, 200.539138794, 200.968704224, 201.409881592, 201.85105896, 202.28062439, 202.721817017, 203.151382446, 203.569335938, 203.998901367, 204.428482056, 204.869659424, 205.299224854, 205.728790283, 206.158370972, 206.587936401, 207.02911377, 207.458679199, 207.888244629, 208.329421997, 208.770614624, 209.211791992, 209.641357422, 210.070922852, 210.51210022, 210.953277588, 211.382858276, 211.812423706, 212.253601074, 212.683166504, 213.124343872, 213.553924561, 213.995101929, 214.436279297, 214.877456665, 215.318634033, 215.748199463, 216.177780151, 216.61895752, 217.060134888, 217.501312256, 217.942489624, 218.372055054, 218.801635742, 219.219589233, 219.649154663, 220.078720093, 220.51991272, 220.961090088, 221.390655518, 221.831832886, 222.261398315, 222.702575684, 223.143753052, 223.57333374, 224.00289917, 224.444076538, 224.873641968, 225.303222656, 225.744400024, 226.185577393, 226.615142822, 227.044708252, 227.48588562, 227.915466309, 228.345031738, 228.774597168, 229.204162598, 229.633743286, 230.063308716, 230.504486084, 230.945663452, 231.375228882, 231.80480957, 232.245986938, 232.687164307, 233.128341675, 233.557907104, 233.987472534, 234.417053223, 234.846618652, 235.287796021, 235.71736145, 236.14692688, 236.588119507, 237.029296875, 237.470474243, 237.911651611, 238.341217041, 238.770782471, 239.211975098, 239.653152466, 240.082717896, 240.512283325, 240.941848755, 241.371429443, 241.812606812, 242.242172241, 242.671737671, 243.112915039, 243.542495728, 243.972061157, 244.413238525, 244.842803955, 245.272369385, 245.713562012, 246.131515503, 246.572692871, 247.013870239, 247.443435669, 247.873016357, 248.314193726, 248.755371094, 249.196548462, 249.63772583, 250.06729126, 250.496871948, 250.926437378, 251.356002808, 251.797180176, 252.226745605, 252.656326294, 253.097503662, 253.53868103, 253.979858398, 254.421035767, 254.862213135, 255.291793823, 255.721359253, 256.150939941, 256.580505371, 257.010070801, 257.43963623, 257.86920166, 258.321990967, 258.763183594, 259.192749023, 259.622314453, 260.063476562, 260.493041992, 260.922637939, 261.363800049, 261.804992676, 262.246154785, 262.664123535, 263.093688965, 263.523254395, 263.964447021, 264.405609131, 264.846801758, 265.276367188, 265.705932617, 266.135498047, 266.565063477, 266.983032227, 267.424224854, 267.865386963, 268.294952393, 268.724517822, 269.165710449, 269.606903076, 270.048065186, 270.489257812, 270.918823242, 271.348388672, 271.789550781, 272.219146729, 272.648712158, 273.078277588, 273.507843018, 273.949005127, 274.390197754, 274.831390381, 275.260955811, 275.70211792, 276.13168335, 276.572875977, 277.014068604, 277.443634033, 277.873199463, 278.314361572, 278.743927002, 279.173522949, 279.614685059, 280.044250488, 280.473815918, 280.903381348, 281.332977295, 281.762542725, 282.203704834, 282.644897461, 283.074462891, 283.515655518, 283.945220947, 284.374786377, 284.815948486, 285.257141113, 285.698303223, 286.12789917, 286.5574646, 286.998626709, 287.439819336, 287.880981445, 288.322174072, 288.740142822, 289.169708252, 289.599273682, 290.040435791, 290.481628418, 290.911193848, 291.363983154, 291.805175781, 292.257965088, 292.710754395, 293.175140381, 293.639526367, 294.103942871, 294.498687744, 294.893432617, 295.288146973, 295.682891846, 296.042816162, 296.402709961, 296.762634277, 297.122528076, 297.482452393, 297.842346191, 298.202270508, 298.562164307, 298.933685303, 299.293609619, 299.665130615, 300.036651611, 300.39654541, 300.756469727, 301.116363525, 301.476287842, 301.836181641, 302.196105957, 302.60244751, 303.008789062, 303.415130615, 303.821502686, 304.216217041, 304.610961914], "danceability": 1.00845456123, "bpm_histogram_second_peak_spread": {"dvar": 0, "var": 0, "median": 0.218749940395, "max": 0.218749940395, "dmean": 0, "dmean2": 0, "mean": 0.218749940395, "dvar2": 0, "min": 0.218749940395}}, "lowlevel": {"spectral_flux": {"dvar": 0.000950731919147, "var": 0.00227041286416, "median": 0.0416378602386, "max": 0.454756379128, "dmean": 0.0193853750825, "dmean2": 0.0313834883273, "mean": 0.0539767704904, "dvar2": 0.00213376036845, "min": 6.4192040572e-11}, "spectral_rolloff": {"dvar": 536456.875, "var": 5274308.5, "median": 366.064453125, "max": 20133.5449219, "dmean": 177.616775513, "dmean2": 286.789978027, "mean": 830.799377441, "dvar2": 996404.625, "min": 64.599609375}, "barkbands_flatness_db": {"dvar": 0.000515250489116, "var": 0.00436309911311, "median": 0.22809535265, "max": 0.470459520817, "dmean": 0.0212904810905, "dmean2": 0.031382612884, "mean": 0.230033487082, "dvar2": 0.00109381275252, "min": 0.0331912115216}, "spectral_centroid": {"dvar": 81980.4296875, "var": 1509229.5, "median": 379.029907227, "max": 11687.8730469, "dmean": 102.84172821, "dmean2": 152.403106689, "mean": 642.620300293, "dvar2": 146996.59375, "min": 132.714767456}, "melbands_skewness": {"dvar": 0.702004373074, "var": 2.51897358894, "median": 2.64654064178, "max": 14.9569225311, "dmean": 0.665443599224, "dmean2": 1.03652143478, "mean": 2.95806193352, "dvar2": 1.67627859116, "min": -0.299915850163}, "melbands": {"dvar": [1.27244111354e-05, 8.50585274748e-06, 1.39918154218e-06, 8.07883679954e-07, 6.66059520427e-07, 1.13777218758e-07, 2.55682863326e-07, 2.69036149803e-07, 7.55744888892e-09, 1.44253959888e-08, 1.56039696719e-08, 3.73183794977e-09, 8.01857580335e-10, 3.11194764402e-10, 1.92824289869e-09, 2.58016330523e-10, 1.66061636664e-10, 1.82145276639e-09, 4.45136115468e-11, 6.52556897407e-11, 2.39545518838e-11, 9.37289898473e-11, 6.68420110927e-11, 3.00207775306e-11, 3.2423549956e-11, 6.25566751178e-11, 6.63861118855e-11, 1.32137092934e-10, 2.9470259566e-10, 3.25752758101e-10, 1.78947731633e-10, 9.02193181274e-11, 4.49210564579e-11, 1.10354000243e-11, 2.18775570576e-11, 1.41083351599e-11, 1.79317897336e-11, 1.30652572095e-11, 2.38310534501e-11, 2.41351817004e-11], "var": [1.09361772047e-05, 8.18520766188e-06, 4.23194251198e-06, 2.69839460998e-06, 2.58586715063e-06, 4.55863585103e-07, 1.07557184492e-06, 1.2517103869e-06, 2.36977051316e-08, 1.07704572372e-07, 1.2528740001e-07, 8.35998559268e-09, 1.95302352068e-09, 1.06400299682e-09, 6.38076791404e-09, 7.21083248667e-10, 3.98739485874e-10, 5.1527049294e-09, 8.44960074131e-11, 2.2833658575e-10, 8.78687053674e-11, 1.90044618931e-10, 1.16802414962e-10, 5.59396244604e-11, 9.07848934917e-11, 1.73006248216e-10, 1.04369082821e-10, 1.81585246839e-10, 4.24903279228e-10, 7.20726811565e-10, 3.65080576881e-10, 1.99726249428e-10, 9.83608958172e-11, 2.12644363923e-11, 3.80859128957e-11, 2.85678061068e-11, 3.76484954323e-11, 3.30209228017e-11, 5.64576926876e-11, 4.38107085332e-11], "median": [0.000129586755065, 0.000744199496694, 0.000980514101684, 0.000887184869498, 0.00097072700737, 0.000376249139663, 0.000130077518406, 8.72983364388e-05, 2.50373414019e-05, 1.81270970643e-05, 1.82166695595e-05, 1.1492385056e-05, 5.59907857678e-06, 3.92790934711e-06, 5.66025573789e-06, 3.02141074826e-06, 1.65361757354e-06, 1.53691030391e-06, 9.8288035133e-07, 9.56491476245e-07, 9.79277956503e-07, 1.20511867863e-06, 6.53771053294e-07, 2.69460770141e-07, 2.11003850836e-07, 1.72291834133e-07, 1.31840977247e-07, 7.99521089334e-08, 8.69228173883e-08, 9.31153678607e-08, 5.95389195723e-08, 5.24885166442e-08, 6.38503081518e-08, 3.99587563038e-08, 3.35010597041e-08, 4.83983306765e-08, 2.51089034009e-08, 3.36604770723e-08, 2.66625175271e-08, 2.39852173678e-08], "max": [0.0677933692932, 0.0491296835244, 0.0181458164006, 0.0204155445099, 0.032237123698, 0.00798023492098, 0.017399918288, 0.021454134956, 0.00269461446442, 0.0054227267392, 0.00563613325357, 0.00345094129443, 0.000925505824853, 0.000680637953337, 0.00245769903995, 0.000564481131732, 0.000625850516371, 0.00261495052837, 0.00030397309456, 0.000492809864227, 0.000162645417731, 0.000606869289186, 0.000463587814011, 0.000287505332381, 0.000484610587591, 0.000824997783639, 0.000455260102171, 0.000638696888927, 0.00104557164013, 0.00103076035157, 0.000595434452407, 0.000321089115459, 0.000220303394599, 0.0001650602062, 0.000241515168454, 0.000153023007442, 0.000156859576236, 0.000173383843503, 0.000310426810756, 0.000185173790669], "dmean": [0.000619079684839, 0.000795664789621, 0.000690066895913, 0.000496571068652, 0.000513094186317, 0.000211758582736, 0.000153510220116, 0.000143625919009, 2.97314054478e-05, 3.33043208229e-05, 3.68438923033e-05, 1.50122996274e-05, 9.25242238736e-06, 5.73576107854e-06, 1.0835451576e-05, 5.81848235015e-06, 4.05885248256e-06, 5.82537904847e-06, 1.96851988221e-06, 2.01147145162e-06, 1.71695990048e-06, 2.57892884292e-06, 1.85942872122e-06, 1.19919207009e-06, 7.98844723704e-07, 1.0709666185e-06, 1.28326280446e-06, 1.70553562384e-06, 2.2245180844e-06, 2.46457602771e-06, 1.8967075448e-06, 1.58811951678e-06, 1.13942508051e-06, 5.89786509408e-07, 7.0423766374e-07, 5.47570493836e-07, 6.42922429961e-07, 5.57267640033e-07, 6.62838601784e-07, 7.11595475877e-07], "dmean2": [0.00103407213464, 0.00130833813455, 0.0011008346919, 0.000762443232816, 0.000744332268368, 0.000309898605337, 0.000218832952669, 0.000203282615985, 4.41911142843e-05, 4.51037012681e-05, 4.91342143505e-05, 2.24531377171e-05, 1.41860527947e-05, 8.94302593224e-06, 1.6043875803e-05, 8.76369358593e-06, 6.13159727436e-06, 8.79571052792e-06, 3.09933329845e-06, 3.12926613333e-06, 2.6589348181e-06, 3.96931909563e-06, 2.91285209642e-06, 1.85233398042e-06, 1.21951416077e-06, 1.59342744155e-06, 2.0058885184e-06, 2.63595211436e-06, 3.40170254276e-06, 3.8044363464e-06, 2.84896987068e-06, 2.33941273109e-06, 1.64921925716e-06, 8.57072620875e-07, 1.00067541098e-06, 7.55041469347e-07, 8.87830083229e-07, 7.41145015581e-07, 9.24421897253e-07, 1.03205081814e-06], "mean": [0.000721764343325, 0.00148973602336, 0.00176820077468, 0.00143242639024, 0.00143743783701, 0.000594206852838, 0.000438162242062, 0.000369539193343, 7.19108866178e-05, 9.94689326035e-05, 0.000107928703073, 3.20931503666e-05, 1.85028820852e-05, 1.21475713968e-05, 2.29691922868e-05, 1.09970860649e-05, 7.56063764129e-06, 1.04762075352e-05, 3.53557766175e-06, 3.95524102714e-06, 3.82858797821e-06, 4.94358619108e-06, 3.23054177898e-06, 2.08233564081e-06, 1.30497937789e-06, 1.59821706802e-06, 1.69624433966e-06, 2.11729752664e-06, 2.98096324514e-06, 3.64446555068e-06, 2.84233965431e-06, 2.44871125687e-06, 1.67585824329e-06, 7.544078926e-07, 9.09378570668e-07, 7.69592418237e-07, 8.75517173426e-07, 8.53649851251e-07, 9.87286057352e-07, 9.88647798295e-07], "dvar2": [3.32619274559e-05, 2.41271700361e-05, 3.94396556658e-06, 2.04756997846e-06, 1.39940243571e-06, 2.52671497947e-07, 4.9065897656e-07, 4.84258521283e-07, 1.74371610484e-08, 2.44028406371e-08, 2.52404497303e-08, 8.87264306471e-09, 1.993556209e-09, 7.64972640788e-10, 4.24511048536e-09, 5.70244684805e-10, 3.47327583361e-10, 4.00246058518e-09, 1.02401087609e-10, 1.50797110909e-10, 5.05506435322e-11, 2.12997924853e-10, 1.6273843384e-10, 6.79920772462e-11, 6.21435333747e-11, 9.86474374409e-11, 1.51686635474e-10, 3.10676984139e-10, 6.7781363855e-10, 7.00624058769e-10, 4.26141705256e-10, 1.82440548779e-10, 8.74231104175e-11, 2.1124524005e-11, 4.43982454967e-11, 2.58999609953e-11, 3.33379573947e-11, 2.14393034575e-11, 4.10141087759e-11, 5.07076811096e-11], "min": [1.10285407095e-24, 4.33816009633e-25, 1.18722540717e-24, 1.06580768372e-24, 2.14679462899e-24, 9.96718358176e-25, 2.36360101866e-24, 1.88811964398e-24, 1.54065343372e-24, 2.10343094503e-24, 2.46634601004e-24, 3.67157716737e-24, 2.20241918356e-24, 2.05618290997e-24, 3.26050115801e-24, 1.9656145783e-24, 3.14111554026e-24, 2.67113292053e-24, 2.39483695227e-24, 3.57367164042e-24, 3.76307438275e-24, 2.47218890555e-24, 4.25121953875e-24, 4.16409774038e-24, 3.85379930331e-24, 3.70905910442e-24, 4.14502900015e-24, 4.86076762705e-24, 4.40797132821e-24, 3.70599122436e-24, 4.88833397695e-24, 4.5125490407e-24, 4.73994766296e-24, 4.92750249862e-24, 5.20741440805e-24, 5.98813032442e-24, 5.52003012403e-24, 5.56445679806e-24, 6.15062541571e-24, 6.53461844968e-24]}, "spectral_decrease": {"dvar": 1.77487780076e-17, "var": 4.12519272819e-17, "median": -5.29597432575e-09, "max": 3.7116170406e-28, "dmean": 1.93217242206e-09, "dmean2": 3.00018654364e-09, "mean": -6.87230361507e-09, "dvar2": 4.56019874053e-17, "min": -7.17720283205e-08}, "barkbands_kurtosis": {"dvar": 111.176704407, "var": 284.701568604, "median": 12.4444274902, "max": 345.159912109, "dmean": 6.09028720856, "dmean2": 9.65456962585, "mean": 16.856300354, "dvar2": 282.890930176, "min": -1.95491480827}, "silence_rate_30dB": {"dvar": 0.0145355733112, "var": 0.0157891642302, "median": 1, "max": 1, "dmean": 0.0147539740428, "dmean2": 0.0295101925731, "mean": 0.983954370022, "dvar2": 0.03290361166, "min": 0}, "gfcc": {"mean": [-94.5559158325, 134.365310669, -73.6813430786, 13.5575962067, -56.6319885254, -4.43284654617, -44.940952301, -7.06686496735, -27.1476669312, -6.6090927124, -16.7738990784, -2.30245113373, -7.79213237762], "cov": [[22406.8378906, 471.128540039, -1899.12036133, 918.903442383, -1905.53344727, 366.913391113, -931.813293457, 181.116317749, -432.550445557, 92.136756897, -314.067596436, -94.9626083374, -226.572814941], [471.128540039, 2098.93359375, -249.871841431, -613.481872559, 325.184875488, -279.137939453, -56.5088424683, -215.998916626, 93.2546844482, -228.017684937, 86.7753372192, -39.6924514771, 62.3340148926], [-1899.12036133, -249.871841431, 673.637390137, 104.354827881, 136.806488037, 97.4926681519, 150.186294556, 17.5485935211, -18.6763095856, 43.1988792419, 5.75462436676, 53.405872345, 9.05255413055], [918.903442383, -613.481872559, 104.354827881, 608.121948242, -113.425628662, 129.287612915, 23.6182937622, 103.798904419, -5.27817964554, 61.4013214111, -23.8635501862, -4.41344213486, 9.75321865082], [-1905.53344727, 325.184875488, 136.806488037, -113.425628662, 493.074157715, -53.805015564, 62.3536148071, 23.6967964172, 113.704956055, -29.2250480652, 31.4592189789, 38.9390258789, 45.297832489], [366.913391113, -279.137939453, 97.4926681519, 129.287612915, -53.805015564, 281.740142822, 60.6573066711, 80.1323471069, 25.2398777008, 46.8221168518, 36.5292243958, 33.7671279907, 3.60155081749], [-931.813293457, -56.5088424683, 150.186294556, 23.6182937622, 62.3536148071, 60.6573066711, 227.545135498, 28.1769828796, 2.10690402985, 24.8284263611, 19.3628025055, 18.1215438843, -0.542699158192], [181.116317749, -215.998916626, 17.5485935211, 103.798904419, 23.6967964172, 80.1323471069, 28.1769828796, 174.801864624, 50.5079612732, 40.5970115662, 8.2031545639, 26.6584873199, 2.52551960945], [-432.550445557, 93.2546844482, -18.6763095856, -5.27817964554, 113.704956055, 25.2398777008, 2.10690402985, 50.5079612732, 161.674835205, 7.57527685165, 14.9664793015, 20.423707962, 28.9614105225], [92.136756897, -228.017684937, 43.1988792419, 61.4013214111, -29.2250480652, 46.8221168518, 24.8284263611, 40.5970115662, 7.57527685165, 109.985671997, 3.79368329048, 8.40357780457, -5.03568601608], [-314.067596436, 86.7753372192, 5.75462436676, -23.8635501862, 31.4592189789, 36.5292243958, 19.3628025055, 8.2031545639, 14.9664793015, 3.79368329048, 113.072731018, 11.3124980927, 19.989824295], [-94.9626083374, -39.6924514771, 53.405872345, -4.41344213486, 38.9390258789, 33.7671279907, 18.1215438843, 26.6584873199, 20.423707962, 8.40357780457, 11.3124980927, 98.4340286255, 25.0163288116], [-226.572814941, 62.3340148926, 9.05255413055, 9.75321865082, 45.297832489, 3.60155081749, -0.542699158192, 2.52551960945, 28.9614105225, -5.03568601608, 19.989824295, 25.0163288116, 86.1999588013]], "icov": [[0.000315049750498, -0.000739303475711, 0.000636848097201, -0.000780446745921, 0.000823830603622, -0.000812361948192, 0.000923995510675, -0.000727774691768, 0.00102369231172, -0.00100483361166, 0.00104507850483, -0.00079351500608, 0.000597587379161], [-0.000739303475711, 0.00280400482006, -0.0012899748981, 0.00247561116703, -0.00226104492322, 0.00225273519754, -0.00230480288155, 0.00236496352591, -0.00297711743042, 0.0037018249277, -0.00312726642005, 0.00225705793127, -0.00181858660653], [0.000636848097201, -0.0012899748981, 0.00344258989207, -0.00183257006574, 0.000760019640438, -0.00217693904415, 0.000897735531908, -0.000794592313468, 0.00279583013617, -0.00235652085394, 0.00231578014791, -0.00231775827706, 0.00123167061247], [-0.000780446745921, 0.00247561116703, -0.00183257006574, 0.00453671906143, -0.00172525842208, 0.00163539731875, -0.00226509873755, 0.00102717836853, -0.00274028559215, 0.00287490943447, -0.00232169078663, 0.00295369443484, -0.00259866262786], [0.000823830603622, -0.00226104492322, 0.000760019640438, -0.00172525842208, 0.00556930992752, -0.0010720777791, 0.0018049023347, -0.00269476440735, 0.000630428432487, -0.00207784771919, 0.00237020361237, -0.00251734117046, 0.000971998146269], [-0.000812361948192, 0.00225273519754, -0.00217693904415, 0.00163539731875, -0.0010720777791, 0.00755106192082, -0.00324181816541, 0.000670800101943, -0.00385689316317, 0.00256060436368, -0.00461537158117, 0.0010726118926, -0.001308443374], [0.000923995510675, -0.00230480288155, 0.000897735531908, -0.00226509873755, 0.0018049023347, -0.00324181816541, 0.00828616134822, -0.00261624134146, 0.00360931432806, -0.00374445086345, 0.00261805462651, -0.00233798334375, 0.00221314886585], [-0.000727774691768, 0.00236496352591, -0.000794592313468, 0.00102717836853, -0.00269476440735, 0.000670800101943, -0.00261624134146, 0.0104192048311, -0.00458547333255, 0.00134547054768, -0.00275805802085, 0.000498822249938, -0.000475498789456], [0.00102369231172, -0.00297711743042, 0.00279583013617, -0.00274028559215, 0.000630428432487, -0.00385689316317, 0.00360931432806, -0.00458547333255, 0.0125949718058, -0.0046759871766, 0.00392622780055, -0.00293920771219, 0.000284635694697], [-0.00100483361166, 0.0037018249277, -0.00235652085394, 0.00287490943447, -0.00207784771919, 0.00256060436368, -0.00374445086345, 0.00134547054768, -0.0046759871766, 0.0158203132451, -0.00449238251895, 0.00277818134055, -0.00174319779035], [0.00104507850483, -0.00312726642005, 0.00231578014791, -0.00232169078663, 0.00237020361237, -0.00461537158117, 0.00261805462651, -0.00275805802085, 0.00392622780055, -0.00449238251895, 0.0140219610184, -0.00275515159592, 3.87629843317e-05], [-0.00079351500608, 0.00225705793127, -0.00231775827706, 0.00295369443484, -0.00251734117046, 0.0010726118926, -0.00233798334375, 0.000498822249938, -0.00293920771219, 0.00277818134055, -0.00275515159592, 0.0145772891119, -0.00500174239278], [0.000597587379161, -0.00181858660653, 0.00123167061247, -0.00259866262786, 0.000971998146269, -0.001308443374, 0.00221314886585, -0.000475498789456, 0.000284635694697, -0.00174319779035, 3.87629843317e-05, -0.00500174239278, 0.0154682919383]]}, "silence_rate_20dB": {"dvar": 0, "var": 0, "median": 1, "max": 1, "dmean": 0, "dmean2": 0, "mean": 1, "dvar2": 0, "min": 1}, "barkbands_skewness": {"dvar": 0.563339591026, "var": 2.25066232681, "median": 2.50978326797, "max": 13.9904375076, "dmean": 0.597568035126, "dmean2": 0.925052642822, "mean": 2.68460869789, "dvar2": 1.32297348976, "min": -2.29524993896}, "erbbands_skewness": {"dvar": 0.188032060862, "var": 1.05041694641, "median": 1.53677892685, "max": 6.23706436157, "dmean": 0.37467738986, "dmean2": 0.554199457169, "mean": 1.50188350677, "dvar2": 0.361756801605, "min": -5.42756938934}, "spectral_contrast_valleys": {"dvar": [0.147366419435, 0.0826279297471, 0.0778045207262, 0.0891282558441, 0.114382334054, 0.188665524125], "var": [5.49302721024, 5.4177365303, 4.90136241913, 4.63545465469, 4.86727571487, 4.44177627563], "median": [-7.31627416611, -7.06158733368, -8.19735813141, -8.97292423248, -9.13337516785, -11.3388214111], "max": [-4.84224700928, -4.95380592346, -5.74193382263, -6.06639242172, -5.36770820618, -7.15046310425], "dmean": [0.358535945415, 0.289672255516, 0.283006966114, 0.288158118725, 0.276881068945, 0.307895720005], "dmean2": [0.575344800949, 0.465578913689, 0.450784444809, 0.446760177612, 0.393193006516, 0.408940374851], "mean": [-7.81334590912, -7.43743658066, -8.53179359436, -9.28813362122, -9.35477924347, -11.5612249374], "dvar2": [0.332268923521, 0.195991262794, 0.173184260726, 0.190208435059, 0.210007950664, 0.346982717514], "min": [-28.4224243164, -28.3498668671, -27.8768405914, -27.6301269531, -27.5786952972, -27.4275226593]}, "spectral_strongpeak": {"dvar": 0.284836947918, "var": 0.634737193584, "median": 0.64750546217, "max": 20.1325511932, "dmean": 0.281052440405, "dmean2": 0.470881789923, "mean": 0.813516139984, "dvar2": 0.772046029568, "min": 0}, "erbbands_crest": {"dvar": 4.34220504761, "var": 17.3581752777, "median": 10.2488174438, "max": 29.4019832611, "dmean": 2.0376534462, "dmean2": 3.18982028961, "mean": 10.9605951309, "dvar2": 10.301156044, "min": 2.35150790215}, "barkbands_crest": {"dvar": 4.26144552231, "var": 14.9527826309, "median": 11.5920391083, "max": 25.309928894, "dmean": 2.03239011765, "dmean2": 3.2075688839, "mean": 12.1159648895, "dvar2": 11.0914669037, "min": 3.31189274788}, "spectral_energyband_middle_low": {"dvar": 4.52778658655e-05, "var": 0.000266759685474, "median": 0.0143078695983, "max": 0.170110523701, "dmean": 0.00477285496891, "dmean2": 0.00709020905197, "mean": 0.0187470447272, "dvar2": 0.000100724515505, "min": 1.28331374569e-22}, "spectral_contrast_coeffs": {"dvar": [0.00144406757317, 0.00106765539385, 0.000681963691022, 0.000519637716934, 0.000401769590098, 0.00025246210862], "var": [0.0139156067744, 0.00740567035973, 0.00493898708373, 0.00359088042751, 0.00300558377057, 0.00259992247447], "median": [-0.539644479752, -0.658964276314, -0.745826840401, -0.772772908211, -0.801235198975, -0.802087783813], "max": [-0.207399070263, -0.393609523773, -0.428191334009, -0.548205733299, -0.524947226048, -0.591532289982], "dmean": [0.0406012348831, 0.0361668206751, 0.0294810254127, 0.0268879085779, 0.0210285075009, 0.0162543151528], "dmean2": [0.0645925551653, 0.0574873909354, 0.0469439253211, 0.0429860986769, 0.0332567431033, 0.0250821299851], "mean": [-0.542065560818, -0.660141527653, -0.74430680275, -0.771983802319, -0.800000309944, -0.797345221043], "dvar2": [0.00354450568557, 0.00261900667101, 0.00167461426463, 0.00127689621877, 0.000902169093024, 0.000574944540858], "min": [-0.978622555733, -0.9810090065, -0.986641407013, -0.985188066959, -0.966565728188, -0.966274678707]}, "hfc": {"dvar": 97.7352523804, "var": 395.96383667, "median": 6.25360488892, "max": 296.392578125, "dmean": 3.38422083855, "dmean2": 4.64915657043, "mean": 11.5670986176, "dvar2": 150.419082642, "min": 1.07757188974e-16}, "spectral_energyband_high": {"dvar": 1.89680804397e-06, "var": 6.54465020489e-06, "median": 2.46409035753e-05, "max": 0.0372592657804, "dmean": 0.00027537214919, "dmean2": 0.000362203485565, "mean": 0.000504094467033, "dvar2": 2.75890465673e-06, "min": 7.06279441858e-21}, "erbbands_spread": {"dvar": 122.862983704, "var": 342.965667725, "median": 20.5524749756, "max": 149.588882446, "dmean": 6.72604417801, "dmean2": 10.2850084305, "mean": 25.6594486237, "dvar2": 281.434997559, "min": 1.71001279354}, "dissonance": {"dvar": 0.000576535298023, "var": 0.00225415476598, "median": 0.420951902866, "max": 0.500000119209, "dmean": 0.0259250570089, "dmean2": 0.0421780310571, "mean": 0.41524258256, "dvar2": 0.00148420024198, "min": 0.183699429035}, "spectral_kurtosis": {"dvar": 67.6498947144, "var": 329.250793457, "median": 10.4961948395, "max": 200.172546387, "dmean": 5.56930828094, "dmean2": 8.78965759277, "mean": 17.1166152954, "dvar2": 157.92048645, "min": -1.36755347252}, "spectral_skewness": {"dvar": 0.315879136324, "var": 2.18584299088, "median": 2.72190856934, "max": 12.2026596069, "dmean": 0.473753720522, "dmean2": 0.720799744129, "mean": 3.01418924332, "dvar2": 0.705830276012, "min": -0.0991721302271}, "pitch_salience": {"dvar": 0.00337626738474, "var": 0.0118681993335, "median": 0.58007311821, "max": 0.966249346733, "dmean": 0.058048967272, "dmean2": 0.0923650041223, "mean": 0.573705136776, "dvar2": 0.00852557178587, "min": 0.0719011649489}, "spectral_complexity": {"dvar": 3.86514997482, "var": 24.5032405853, "median": 9, "max": 47, "dmean": 1.49608337879, "dmean2": 2.38043808937, "mean": 9.62053203583, "dvar2": 7.87673807144, "min": 0}, "spectral_spread": {"dvar": 1071269609470.0, "var": 18612175765500.0, "median": 3435354, "max": 42781808, "dmean": 653154.6875, "dmean2": 965340.4375, "mean": 4119060, "dvar2": 2286389035010.0, "min": 638291.9375}, "dynamic_complexity": 4.01031970978, "melbands_crest": {"dvar": 5.86416196823, "var": 23.0453472137, "median": 14.1111764908, "max": 33.0313529968, "dmean": 2.45812082291, "dmean2": 3.91206979752, "mean": 14.767621994, "dvar2": 15.2571077347, "min": 1.48640179634}, "zerocrossingrate": {"dvar