{"tonal": {"chords_number_rate": 0.00215875124559, "thpcp": [1, 0.707832694054, 0.382827848196, 0.434372127056, 0.262730628252, 0.237362548709, 0.356239706278, 0.276100903749, 0.321730166674, 0.577074229717, 0.428038686514, 0.164049357176, 0.124409787357, 0.0943995788693, 0.225128665566, 0.390579968691, 0.273707687855, 0.149538516998, 0.134464487433, 0.118623182178, 0.310644447803, 0.528013944626, 0.356999397278, 0.191766738892, 0.27554628253, 0.221047118306, 0.117327831686, 0.109285846353, 0.119567908347, 0.29549151659, 0.498921751976, 0.340518444777, 0.139479875565, 0.124390095472, 0.139183029532, 0.506497204304], "hpcp": {"dvar": [0.0259735602885, 0.0225924141705, 0.0190016198903, 0.0197348482907, 0.0255653783679, 0.030803533271, 0.0409463308752, 0.036131683737, 0.0379923284054, 0.0363927483559, 0.0313955172896, 0.0272022485733, 0.0264815427363, 0.0293952934444, 0.0320408716798, 0.0337514020503, 0.0269831921905, 0.0235808957368, 0.0159182120115, 0.014188115485, 0.0125904483721, 0.01379237324, 0.0128057152033, 0.0162756443024, 0.021244129166, 0.0263735782355, 0.0348611436784, 0.0296082999557, 0.0344636105001, 0.0227812957019, 0.0222944635898, 0.0230751335621, 0.0198615510017, 0.0124225728214, 0.0137982387096, 0.020701976493], "mean": [0.189613521099, 0.129412874579, 0.0530088543892, 0.0472740344703, 0.0528960376978, 0.192492544651, 0.380046606064, 0.269009411335, 0.1454924196, 0.165081650019, 0.0998498797417, 0.0902088284492, 0.135387688875, 0.104931212962, 0.122272461653, 0.219315111637, 0.16267465055, 0.0623463988304, 0.0472815185785, 0.0358762405813, 0.0855593830347, 0.148438587785, 0.104021675885, 0.0568316057324, 0.0511027723551, 0.0450823381543, 0.118059366941, 0.200669914484, 0.135676413774, 0.0728802978992, 0.104720428586, 0.0840082094073, 0.0445900447667, 0.041533716023, 0.045441377908, 0.112300544977], "min": [0, 0, 0, 0, 0, 0, 0, 0, 0, 0, 0, 0, 0, 0, 0, 0, 0, 0, 0, 0, 0, 0, 0, 0, 0, 0, 0, 0, 0, 0, 0, 0, 0, 0, 0, 0], "median": [0.0480856001377, 0.0395316705108, 0.0130957132205, 0.00740967411548, 0.00563174393028, 0.086714066565, 0.176703602076, 0.123314514756, 0.0165773574263, 0.00641527585685, 0.00681552756578, 0.0140132680535, 0.0218016747385, 0.0194073095918, 0.0307249892503, 0.0393551811576, 0.033196657896, 0.018439091742, 0.0105844233185, 0.00771710462868, 0.0178566817194, 0.0332657396793, 0.0346448086202, 0.0177132599056, 0.0107756499201, 0.00552163366228, 0.0326457992196, 0.0644153803587, 0.0428571105003, 0.0152029655874, 0.0122093334794, 0.00920954719186, 0.006019317545, 0.00570285879076, 0.00769601669163, 0.025231897831], "dvar2": [0.0642719119787, 0.061969075352, 0.0534561723471, 0.0560934208333, 0.0712285190821, 0.0866810530424, 0.100048445165, 0.101007372141, 0.108189761639, 0.0976878106594, 0.0894085988402, 0.0729726776481, 0.0674839243293, 0.0841168090701, 0.0957681983709, 0.0859761759639, 0.0763344913721, 0.0704892277718, 0.0450199358165, 0.0388158485293, 0.0319376215339, 0.0321999937296, 0.0336956419051, 0.0462453700602, 0.0606621056795, 0.0798563882709, 0.108593888581, 0.074951261282, 0.105586357415, 0.0666107013822, 0.0577616132796, 0.0586068741977, 0.0528008751571, 0.0335215255618, 0.0391010530293, 0.0572318919003], "var": [0.0899623259902, 0.0409751683474, 0.0149247022346, 0.0149978743866, 0.0203437078744, 0.050814922899, 0.156716451049, 0.0858600363135, 0.0638029500842, 0.105588883162, 0.037330314517, 0.0376689918339, 0.0671217441559, 0.0413618274033, 0.0376919098198, 0.11223731935, 0.0652027949691, 0.0184954162687, 0.0128048909828, 0.0109594389796, 0.0258896015584, 0.0740100890398, 0.0276505704969, 0.013093852438, 0.0153233967721, 0.0170594826341, 0.0421416610479, 0.0842597410083, 0.0451101325452, 0.0228317249566, 0.0535569265485, 0.0379149913788, 0.0163567848504, 0.0130544416606, 0.0130225690082, 0.0401528254151], "dmean2": [0.14127010107, 0.139581307769, 0.106134094298, 0.0999639555812, 0.118169233203, 0.191026121378, 0.208996474743, 0.225834801793, 0.192314699292, 0.148066803813, 0.149761304259, 0.133324503899, 0.135309487581, 0.147920280695, 0.167113363743, 0.16037876904, 0.152102053165, 0.117340162396, 0.0867513343692, 0.0717134773731, 0.0784915536642, 0.0884546563029, 0.0944800153375, 0.102696351707, 0.104867480695, 0.117177024484, 0.172028020024, 0.171096429229, 0.185793533921, 0.127646327019, 0.113860972226, 0.108065731823, 0.0901277884841, 0.0741399750113, 0.0857178941369, 0.123916573822], "max": [1, 1, 1, 1, 1, 1, 1, 1, 1, 1, 1, 1, 1, 1, 1, 1, 1, 1, 1, 1, 1, 1, 1, 1, 1, 1, 1, 1, 1, 1, 1, 1, 1, 1, 1, 1], "dmean": [0.0832895636559, 0.0809309482574, 0.0587525330484, 0.0550570599735, 0.0658383592963, 0.110121063888, 0.122693710029, 0.131062164903, 0.106902875006, 0.0825878530741, 0.0829717814922, 0.0759215578437, 0.079289726913, 0.0838975831866, 0.0945424363017, 0.0948619320989, 0.0891127064824, 0.0647944062948, 0.0488857030869, 0.0401145517826, 0.0465467274189, 0.0539171136916, 0.0554434135556, 0.057121809572, 0.0574123077095, 0.0626169666648, 0.0970746129751, 0.102271258831, 0.106025509536, 0.0703446790576, 0.0662115961313, 0.0629298985004, 0.0507449842989, 0.0417598150671, 0.0480096079409, 0.0724068284035]}, "key_strength": 0.551094830036, "chords_strength": {"dvar": 4.094095857e-05, "mean": 0.484117239714, "min": 0.238725274801, "median": 0.489366054535, "dvar2": 3.44155450875e-05, "var": 0.011175589636, "dmean2": 0.00612901197746, "max": 0.781922757626, "dmean": 0.00744949933141}, "tuning_equal_tempered_deviation": 0.0680853277445, "chords_key": "B", "tuning_frequency": 439.238189697, "chords_scale": "minor", "chords_changes_rate": 0.0503155104816, "key_scale": "minor", "tuning_diatonic_strength": 0.396242767572, "hpcp_entropy": {"dvar": 0.258490294218, "mean": 1.51101815701, "min": 0, "median": 1.58624970913, "dvar2": 0.65918302536, "var": 0.614807188511, "dmean2": 0.901298344135, "max": 3.77507305145, "dmean": 0.54184627533}, "chords_histogram": [22.2185325623, 13.3510465622, 10.9099969864, 4.51677179337, 0, 2.45765519142, 0, 7.27333116531, 0, 0.332115590572, 0.6974427104, 0.0166057795286, 0.381932914257, 0, 1.42809700966, 0, 2.49086689949, 0, 1.77681827545, 0.166057795286, 4.06841564178, 2.05911660194, 14.2643642426, 11.5908336639], "tuning_nontempered_energy_ratio": 0.641534745693, "key_key": "B"}, "metadata": {"version": {"extractor": "music 1.0", "essentia_build_sha": "2d9f1f26377add8aeb1075a9c2973f962c4f09fd", "essentia": "2.1-beta2", "essentia_git_sha": "v2.1_beta2-1-ge3940c0"}, "audio_properties": {"sample_rate": 44100, "length": 279.588562012, "lossless": false, "analysis_sample_rate": 44100, "downmix": "mix", "bit_rate": 320000, "equal_loudness": 0, "md5_encoded": "c25f30e70953d0abbe526cfc5ffa7c25", "codec": "mp3", "replay_gain": -10.1829986572}, "tags": {"genre": ["Rock", "Alternative", "Alternative Rock", "Hard Rock"], "catalognumber": ["1000 122022"], "musicbrainz_recordingid": ["698e3857-7318-4af9-bdd7-3e55eaf16b0c"], "title": ["Aaverakastajat"], "artist": ["Maj Karma"], "discnumber": ["1/1"], "artistsort": ["Maj Karma"], "originaldate": ["2004-10-06"], "musicbrainz_artistid": ["1a6335c2-e0d6-4c9d-86ae-1a8eaf48e637"], "tracknumber": ["11/11"], "musicbrainz_albumartistid": ["1a6335c2-e0d6-4c9d-86ae-1a8eaf48e637"], "mood": ["Melancholic"], "barcode": ["6417734122023"], "musicbrainz album status": ["official"], "originalyear": ["2004"], "date": ["2004-10-06"], "acoustid_id": ["17bbda35-df3a-476a-88e6-301e241e1b36"], "albumartistsort": ["Maj Karma"], "musicbrainz_releasegroupid": ["89554f04-e007-35ca-9713-6a0d32ac0d82"], "media": ["CD"], "musicbrainz album release country": ["FI"], "label": ["Megamania"], "musicbrainz album type": ["album"], "script": ["Latn"], "musicbrainz_albumid": ["f19e378b-5caf-44cf-a0a4-0fd8d656df88"], "file_name": "11 - Aaverakastajat.mp3", "contentgroup": ["Rock"], "album": ["Sodankylä"], "albumartist": ["Maj Karma"]}}, "lowlevel": {"melbands": {"dvar": [7.29575958758e-06, 1.68274764292e-05, 5.38643507753e-06, 2.859838105e-06, 3.09202647486e-07, 1.152587501e-07, 1.07129096705e-07, 3.0793677297e-07, 1.08548647404e-07, 5.23223846471e-08, 2.54025369628e-08, 1.14215570335e-08, 1.05878710244e-08, 8.70800587194e-09, 3.8751371001e-09, 1.75521419621e-09, 1.26526933375e-09, 1.14555309683e-09, 1.1750254103e-09, 7.38663852307e-10, 8.75751637874e-10, 1.1285480328e-09, 5.20240073243e-10, 8.79229120065e-11, 5.6718785918e-11, 4.97316215986e-11, 1.00532160721e-11, 2.6014542083e-12, 2.80258043335e-12, 3.35428581612e-12, 1.09946286016e-12, 5.51042393139e-13, 7.01986483265e-13, 8.06624135975e-13, 1.33034729066e-12, 1.73959761526e-12, 3.21211438524e-12, 1.5377854155e-12, 4.47821684249e-13, 7.09515250914e-14], "mean": [0.00364181725308, 0.00501414947212, 0.00130527059082, 0.00098978204187, 0.000729981053155, 0.000343493302353, 0.000432230561273, 0.000657805067021, 0.000320935971104, 0.000203581395908, 0.000170837389305, 0.000140295320307, 0.000151358384755, 8.56581900734e-05, 6.82574682287e-05, 4.69104707008e-05, 3.15602228511e-05, 3.94760754716e-05, 4.40045259893e-05, 2.58404343185e-05, 2.73402001767e-05, 3.14402386721e-05, 2.39295695792e-05, 9.75758848654e-06, 5.74457226321e-06, 4.98009239891e-06, 2.06301820072e-06, 7.85233851275e-07, 6.01003534939e-07, 5.48937634903e-07, 3.73379890561e-07, 2.23797925969e-07, 1.87552146258e-07, 2.49197142921e-07, 3.5719986613e-07, 4.85752650548e-07, 6.31420903119e-07, 4.71872937169e-07, 2.01433792313e-07, 8.1270577823e-08], "min": [2.01111469481e-24, 2.23747399283e-24, 2.95066124635e-24, 3.45314000499e-24, 1.79367859692e-24, 2.98010686014e-24, 4.27903359098e-24, 4.44599008511e-24, 4.49057847563e-24, 2.98592392045e-24, 7.04052756997e-24, 7.620784464e-24, 2.50686210335e-24, 3.82795622005e-24, 3.14702115021e-24, 6.29145996426e-24, 5.70962653171e-24, 3.9567464403e-24, 1.91237060872e-24, 4.54534632726e-24, 4.98862304712e-24, 5.59504606295e-24, 6.67395731795e-24, 2.91646254838e-24, 5.42626493354e-24, 5.30461942651e-24, 6.82331471972e-24, 6.32054447697e-24, 4.85930350121e-24, 4.93956694287e-24, 6.1512056229e-24, 4.28915073209e-24, 6.32626056309e-24, 5.96228605788e-24, 5.73176946289e-24, 9.15164478123e-24, 6.95459537385e-24, 6.44098263238e-24, 8.88131555964e-24, 6.34741899586e-24], "median": [0.00234209001064, 0.00273889349774, 0.00069487123983, 0.000518766231835, 0.000457543123048, 0.00016240568948, 0.000286544556729, 0.000359273864888, 0.000133500696393, 0.000103898535599, 0.000105055427412, 8.47980409162e-05, 9.71011613728e-05, 3.30968250637e-05, 3.76386669814e-05, 2.39873006649e-05, 1.16080991575e-05, 1.7095468138e-05, 2.19609682972e-05, 1.26526847453e-05, 1.34995152621e-05, 1.59493702085e-05, 1.15414804895e-05, 5.20833691553e-06, 1.98223324333e-06, 1.15980742521e-06, 5.84806684856e-07, 2.79613232124e-07, 1.14699005849e-07, 5.79200474249e-08, 3.11008996334e-08, 2.41189574979e-08, 1.88876772e-08, 1.43918246209e-08, 1.52841952428e-08, 1.68134146605e-08, 1.37204398953e-08, 1.04666515455e-08, 6.36573638246e-09, 3.58437368675e-09], "dvar2": [1.98475863726e-05, 4.74639018648e-05, 1.48895296661e-05, 7.00407917975e-06, 8.71054623985e-07, 2.91458576385e-07, 2.67228131179e-07, 7.86371401773e-07, 2.33557116758e-07, 1.17628914609e-07, 6.43917630327e-08, 2.65534207955e-08, 2.3772303237e-08, 1.96012504006e-08, 9.62511759184e-09, 4.14338430232e-09, 2.76289657819e-09, 2.19572360294e-09, 2.48862952468e-09, 1.50984291736e-09, 2.29442087551e-09, 3.01600389108e-09, 1.47927559091e-09, 2.32483560181e-10, 1.21354981619e-10, 9.49864839561e-11, 1.91403507627e-11, 6.43252682023e-12, 6.35421359627e-12, 7.39352069151e-12, 2.34771295286e-12, 1.15202357202e-12, 1.49404642304e-12, 1.68079601886e-12, 2.69857487051e-12, 2.98557012446e-12, 5.60731279117e-12, 2.75364279989e-12, 9.21942426915e-13, 1.55128432886e-13], "var": [1.81202594831e-05, 3.8274738472e-05, 4.83793155581e-06, 3.54875169251e-06, 7.45400427604e-07, 3.03832905502e-07, 2.76031073554e-07, 7.35319019896e-07, 2.94342441975e-07, 1.40721738262e-07, 5.90364450659e-08, 3.17016350948e-08, 2.99199278686e-08, 2.38765203164e-08, 8.48269365861e-09, 3.91415078127e-09, 3.32498872879e-09, 3.93848997859e-09, 4.29105684319e-09, 2.06475370135e-09, 1.50281254108e-09, 1.90779614329e-09, 1.22320908957e-09, 1.77354311792e-10, 1.83230458584e-10, 1.7825410592e-10, 2.92743398966e-11, 3.65769784252e-12, 4.62251677907e-12, 5.56795798703e-12, 2.62505056754e-12, 1.19047686205e-12, 1.36399322826e-12, 1.94795980561e-12, 3.57204652142e-12, 5.85401735767e-12, 1.20690245992e-11, 5.88765277851e-12, 1.34017233075e-12, 2.04423758195e-13], "dmean2": [0.00223887013271, 0.00336482585408, 0.00149311660789, 0.00101692439057, 0.000564876827411, 0.000272390781902, 0.000297253660392, 0.000525186478626, 0.000232027421589, 0.000135808688356, 0.000115368660772, 8.90894880285e-05, 9.40107638598e-05, 6.6130713094e-05, 5.13373524882e-05, 3.64010156773e-05, 2.75555212284e-05, 2.75387501461e-05, 2.84714660665e-05, 2.21443733608e-05, 2.89304971375e-05, 3.2729938539e-05, 2.19325556827e-05, 9.31657723413e-06, 4.668814654e-06, 3.7922904994e-06, 1.64803498137e-06, 7.98843586836e-07, 6.25558755019e-07, 5.31910927748e-07, 3.38255745191e-07, 2.07972959743e-07, 1.66649485323e-07, 2.08931453471e-07, 2.75101342595e-07, 3.51169830992e-07, 4.36996515418e-07, 3.34345969577e-07, 1.5594784486e-07, 6.80194673919e-08], "max": [0.0449561178684, 0.0654666051269, 0.0308688301593, 0.0305714569986, 0.00898074265569, 0.00814920198172, 0.00749335996807, 0.0102179851383, 0.00642940541729, 0.00822932645679, 0.00400640023872, 0.00318387872539, 0.00276318378747, 0.00254543009214, 0.00169656518847, 0.000883004162461, 0.00107630854473, 0.00120049028192, 0.00120341393631, 0.00129612744786, 0.000496359658428, 0.000629813759588, 0.000573336728849, 0.000263753492618, 0.000301185820717, 0.000291726813884, 0.00013348981156, 6.14470627625e-05, 9.72378111328e-05, 0.00013041163038, 3.24514767271e-05, 2.50004850386e-05, 5.05928583152e-05, 4.15949034505e-05, 5.51304874534e-05, 5.2479092119e-05, 7.41047915653e-05, 4.93172628921e-05, 5.10904974362e-05, 1.20181657621e-05], "dmean": [0.00136581237894, 0.00201353942975, 0.000875194557011, 0.000614080170635, 0.000341808889061, 0.000170538347447, 0.000188792328117, 0.000329706148477, 0.000158868249855, 9.39139499678e-05, 7.79412584961e-05, 5.92441392655e-05, 6.41230726615e-05, 4.29149913543e-05, 3.28251735482e-05, 2.33860118897e-05, 1.77925485332e-05, 1.81883660844e-05, 1.85409571714e-05, 1.42013832374e-05, 1.76250759978e-05, 1.98267880478e-05, 1.31368942675e-05, 5.55094038646e-06, 2.98883151117e-06, 2.56890916717e-06, 1.10894211502e-06, 4.8624832516e-07, 3.89844160509e-07, 3.34424896664e-07, 2.17867082597e-07, 1.35798188694e-07, 1.12108516248e-07, 1.4160822559e-07, 1.91007828221e-07, 2.49277377407e-07, 3.14126737067e-07, 2.33913539205e-07, 1.03457090006e-07, 4.40656542366e-08]}, "spectral_decrease": {"dvar": 2.66638676063e-17, "mean": -1.11040421302e-08, "min": -7.40099892482e-08, "median": -9.71871116917e-09, "dvar2": 7.30463677483e-17, "var": 7.13403573658e-17, "dmean2": 4.8850905543e-09, "max": 8.38238561505e-17, "dmean": 2.95672930584e-09}, "spectral_rolloff": {"dvar": 157140.578125, "mean": 973.855163574, "min": 86.1328125, "median": 732.12890625, "dvar2": 357606.21875, "var": 2372287.5, "dmean2": 382.964874268, "max": 21231.7382813, "dmean": 223.108276367}, "melbands_crest": {"dvar": 6.5454287529, "mean": 15.2125921249, "min": 1.8482452631, "median": 14.9566717148, "dvar2": 18.6957015991, "var": 24.3401603699, "dmean2": 4.34691667557, "max": 32.1957015991, "dmean": 2.64353203773}, "barkbands_skewness": {"dvar": 0.160826027393, "mean": 1.81825101376, "min": -3.06005382538, "median": 1.57904362679, "dvar2": 0.403697758913, "var": 2.00909519196, "dmean2": 0.658302426338, "max": 18.7447967529, "dmean": 0.417126893997}, "spectral_centroid": {"dvar": 27209.2597656, "mean": 891.135131836, "min": 128.022232056, "median": 817.189208984, "dvar2": 62338.5039063, "var": 263805.03125, "dmean2": 220.729187012, "max": 11544.71875, "dmean": 137.943405151}, "spectral_energyband_middle_low": {"dvar": 0.000112325920782, "mean": 0.0155862579122, "min": 2.28701656393e-22, "median": 0.0119421575218, "dvar2": 0.000288251059828, "var": 0.000188635051018, "dmean2": 0.00882423017174, "max": 0.177320897579, "dmean": 0.00546371052042}, "erbbands_crest": {"dvar": 4.56269836426, "mean": 9.02229595184, "min": 2.51862215996, "median": 8.27150058746, "dvar2": 11.9111442566, "var": 12.2273616791, "dmean2": 3.64159536362, "max": 28.6487121582, "dmean": 2.25960087776}, "dynamic_complexity": 2.65544319153, "spectral_energyband_low": {"dvar": 0.000282872817479, "mean": 0.0235989578068, "min": 1.67686095807e-23, "median": 0.0166457369924, "dvar2": 0.000788062054198, "var": 0.000688208034262, "dmean2": 0.0139424232766, "max": 0.255653589964, "dmean": 0.00838107056916}, "silence_rate_60dB": {"dvar": 0.00265085604042, "mean": 0.0244975909591, "min": 0, "median": 0, "dvar2": 0.00578697631136, "var": 0.0238988436759, "dmean2": 0.00531561439857, "max": 1, "dmean": 0.00265758647583}, "erbbands_kurtosis": {"dvar": 0.509687662125, "mean": -0.128262862563, "min": -1.77587032318, "median": -0.472260475159, "dvar2": 1.26592612267, "var": 2.13392281532, "dmean2": 0.881617605686, "max": 18.8089103699, "dmean": 0.550996899605}, "spectral_complexity": {"dvar": 5.9773311615, "mean": 17.59425354, "min": 0, "median": 17, "dvar2": 13.2661981583, "var": 41.0419769287, "dmean2": 3.91063117981, "max": 43, "dmean": 2.47421312332}, "barkbands_crest": {"dvar": 4.74646139145, "mean": 11.5037412643, "min": 3.5524597168, "median": 10.711479187, "dvar2": 12.6989879608, "var": 19.8938694, "dmean2": 3.62780380249, "max": 26.2951259613, "dmean": 2.23448443413}, "spectral_energy": {"dvar": 0.000392957445001, "mean": 0.0434374399483, "min": 1.01356815369e-20, "median": 0.0383333601058, "dvar2": 0.0010747613851, "var": 0.00106146349572, "dmean2": 0.01883931458, "max": 0.283802062273, "dmean": 0.0114116277546}, "spectral_spread": {"dvar": 334532608000, "mean": 2481086.75, "min": 790282.5, "median": 2103467.5, "dvar2": 586740072448, "var": 3615690850300.0, "dmean2": 415946.625, "max": 41947528, "dmean": 273309.34375}, "spectral_contrast_valleys": {"dvar": [0.109805829823, 0.0937102362514, 0.0856131911278, 0.0870573446155, 0.0825816243887, 0.0921196341515], "mean": [-7.59672927856, -6.76489686966, -7.31202840805, -7.89757871628, -8.57205200195, -11.9794635773], "min": [-27.8639640808, -27.9036808014, -27.5863380432, -27.5188179016, -27.3794441223, -27.3496570587], "median": [-6.7338757515, -6.48993110657, -7.11426830292, -7.72919511795, -8.40567588806, -11.7988262177], "dvar2": [0.282893389463, 0.221752643585, 0.190789669752, 0.190498545766, 0.172256290913, 0.156708046794], "var": [3.90103316307, 1.81863701344, 1.66231632233, 1.48932528496, 1.3698143959, 2.09178733826], "dmean2": [0.58534681797, 0.52836471796, 0.487217724323, 0.448277682066, 0.376500099897, 0.358006387949], "max": [-4.771276474, -4.76530838013, -5.06598806381, -5.75667858124, -6.06600570679, -8.02383232117], "dmean": [0.349850386381, 0.324576199055, 0.302679538727, 0.284240365028, 0.248152062297, 0.252058327198]}, "spectral_rms": {"dvar": 1.05372521375e-06, "mean": 0.00600321264938, "min": 3.14459374338e-12, "median": 0.00611542304978, "dvar2": 2.8105318961e-06, "var": 6.33935496808e-06, "dmean2": 0.00121988833416, "max": 0.0166397131979, "dmean": 0.000755985442083}, "barkbands_spread": {"dvar": 9.54364395142, "mean": 13.006819725, "min": 0.295899242163, "median": 11.9409275055, "dvar2": 22.6259078979, "var": 65.3572845459, "dmean2": 4.30861139297, "max": 116.788230896, "dmean": 2.72944450378}, "pitch_salience": {"dvar": 0.0036435041111, "mean": 0.500153243542, "min": 0.0812010169029, "median": 0.515219926834, "dvar2": 0.0100726140663, "var": 0.019462896511, "dmean2": 0.105014808476, "max": 0.96436393261, "dmean": 0.0641676485538}, "erbbands_skewness": {"dvar": 0.0631108060479, "mean": 0.210221216083, "min": -2.31203937531, "median": 0.166684672236, "dvar2": 0.160696357489, "var": 0.371289640665, "dmean2": 0.444878071547, "max": 3.43833208084, "dmean": 0.284730762243}, "spectral_energyband_middle_high": {"dvar": 3.54985627382e-06, "mean": 0.00533670047298, "min": 1.28264350422e-21, "median": 0.00455366587266, "dvar2": 8.20454260975e-06, "var": 1.54046247189e-05, "dmean2": 0.00211415090598, "max": 0.0476138442755, "dmean": 0.00139747315552}, "erbbands": {"dvar": [0.0572510920465, 9.06103992462, 83.6157302856, 177.498809814, 659.92956543, 350.909484863, 253.037414551, 262.397674561, 430.496185303, 2924.80224609, 1821.91479492, 1280.35913086, 987.047912598, 619.95880127, 671.260803223, 874.20715332, 501.660919189, 336.688598633, 468.564361572, 671.497009277, 524.301757813, 680.977416992, 157.326721191, 70.2189254761, 42.5593795776, 5.65070962906, 8.41062068939, 3.51709723473, 1.64315414429, 2.12443494797, 3.5529999733, 6.04191207886, 1.92529010773, 0.140568241477, 0.0126077989116, 0.000619892321993, 2.57338506344e-05, 6.43140481316e-07, 1.34050974765e-08, 4.90730622804e-10], "mean": [0.307797133923, 3.91090679169, 8.70454978943, 7.06733083725, 9.71387195587, 17.834815979, 19.3569316864, 15.4931163788, 24.8861179352, 62.9155807495, 43.7613601685, 31.9612598419, 34.4566650391, 35.3217773438, 38.5962753296, 31.8672008514, 25.9056072235, 18.6568546295, 28.2120513916, 25.6128082275, 23.506772995, 28.9982032776, 16.426738739, 7.81785869598, 5.19119548798, 1.59269607067, 0.996166110039, 0.720979034901, 0.391135185957, 0.421143144369, 0.675817906857, 0.947060346603, 0.571324646473, 0.134496152401, 0.037670660764, 0.00916457828134, 0.00171477277763, 0.00027414757642, 5.79786501476e-05, 5.0595463108e-05], "min": [1.16378213345e-22, 7.06755252464e-22, 5.010914748e-21, 8.83891921479e-21, 4.32480849645e-20, 5.0947886003e-20, 6.08675619245e-20, 1.26278038547e-19, 2.57353336906e-19, 4.14768625059e-19, 6.71316520693e-19, 4.80251654469e-19, 1.49052838542e-18, 1.71987444661e-18, 1.28121239936e-18, 1.64939338514e-18, 2.17504019464e-18, 3.00636394809e-18, 2.71459625293e-18, 2.97862692779e-18, 4.2985735069e-18, 5.793262404e-18, 5.20888246229e-18, 6.8094206993e-18, 8.77857171037e-18, 1.05332451284e-17, 9.0165342018e-18, 1.28669805439e-17, 1.10249700881e-17, 1.22532141837e-17, 1.19864029413e-17, 1.33910126968e-17, 1.08553608394e-17, 8.69773383064e-18, 7.0659232034e-18, 4.53759809824e-18, 2.32672526665e-18, 1.06515096221e-18, 2.58387364371e-19, 3.05749057296e-20], "median": [0.187539219856, 2.19941902161, 3.6960542202, 3.61471605301, 3.62229919434, 10.9844264984, 10.6705951691, 7.18752861023, 15.0228118896, 34.6937637329, 20.1169338226, 15.8764400482, 21.1423377991, 23.1014308929, 26.1159706116, 15.0181207657, 13.4376125336, 8.25729179382, 13.146528244, 13.0851593018, 12.5978450775, 15.7936439514, 9.51880264282, 3.32623362541, 1.41638374329, 0.593513906002, 0.203465342522, 0.0738208517432, 0.0465598143637, 0.0329357087612, 0.0298727825284, 0.0251589976251, 0.0148364268243, 0.00606960710138, 0.00282825645991, 0.00124818296172, 0.000323000713252, 6.04132874287e-05, 3.155766899e-05, 4.51063424407e-05], "dvar2": [0.155918344855, 24.560256958, 242.765426636, 498.799499512, 1630.24462891, 947.955810547, 699.552001953, 661.66607666, 1083.953125, 7544.34228516, 3947.88476563, 2873.08300781, 2487.87548828, 1434.40686035, 1474.97229004, 2132.96289063, 1175.84020996, 756.335693359, 881.723510742, 1298.66748047, 1364.85424805, 1813.63903809, 434.366119385, 150.605438232, 78.9479904175, 12.794467926, 18.8656311035, 7.05552053452, 3.32427930832, 4.19918870926, 6.27750444412, 9.55583190918, 3.21534752846, 0.262485146523, 0.0289560463279, 0.00141572614666, 6.13392548985e-05, 1.47192929489e-06, 3.20822231004e-08, 1.33330546603e-09], "var": [0.143814995885, 22.5248165131, 146.309265137, 149.191055298, 706.188171387, 531.081970215, 712.560058594, 666.907836914, 1073.07299805, 6701.76513672, 4871.88623047, 3535.90161133, 2320.35205078, 1750.38269043, 1908.84460449, 2475.90356445, 1159.42358398, 886.064697266, 1760.91845703, 2151.69458008, 954.532958984, 1419.27502441, 419.857696533, 236.271026611, 161.222747803, 11.1899909973, 13.4963006973, 8.56148052216, 3.61895608902, 5.37145328522, 11.548491478, 24.6928787231, 8.21421146393, 0.516969323158, 0.0350385718048, 0.00133639806882, 4.19580173912e-05, 1.03585193756e-06, 2.02414547346e-08, 1.39107059205e-09], "dmean2": [0.196572586894, 2.53990793228, 7.1170091629, 8.35638904572, 11.7328414917, 16.9023342133, 14.6177663803, 12.3752059937, 17.6559314728, 50.5507278442, 31.7122631073, 20.9029998779, 22.6454524994, 21.2775993347, 23.0002498627, 23.1743183136, 18.4364089966, 14.8790540695, 18.0480823517, 18.2080154419, 22.2700996399, 25.9171867371, 13.2561683655, 5.91340970993, 3.6860024929, 1.31661021709, 0.942695498466, 0.617648422718, 0.328601717949, 0.323728919029, 0.462885141373, 0.60313731432, 0.3722666502, 0.0966050177813, 0.0316486954689, 0.00817975681275, 0.00153963163029, 0.000238480395637, 3.83755977964e-05, 2.13320618059e-05], "max": [3.48922801018, 52.6595840454, 152.669250488, 205.225402832, 470.855987549, 349.333312988, 321.945953369, 419.500518799, 568.088989258, 924.969238281, 749.774841309, 1291.42736816, 749.123596191, 742.478088379, 697.794433594, 781.806213379, 434.934753418, 485.603851318, 808.380004883, 1363.48986816, 353.158081055, 516.548461914, 246.462692261, 311.865356445, 213.623245239, 88.2765350342, 204.248626709, 88.8322753906, 54.3095932007, 78.5336685181, 80.2051391602, 103.541091919, 64.8860702515, 18.229265213, 3.90226721764, 0.745159745216, 0.242622241378, 0.037594165653, 0.00414591934532, 0.000340796861565], "dmean": [0.122171506286, 1.54121339321, 4.16221094131, 4.84998083115, 7.10651350021, 10.0559873581, 8.94434738159, 7.75063276291, 11.1537446976, 31.5533046722, 21.4429454803, 14.4094400406, 15.3435058594, 14.2064466476, 15.6488857269, 14.7750511169, 12.0304689407, 9.59410667419, 12.0114002228, 11.9182081223, 13.6732997894, 15.8374891281, 7.97255945206, 3.77558898926, 2.52276015282, 0.836479008198, 0.596722066402, 0.39863345027, 0.22076381743, 0.224723145366, 0.333064556122, 0.448525637388, 0.26443579793, 0.0636620521545, 0.0202953051776, 0.00522565236315, 0.000976296083536, 0.000150317879161, 2.40661829594e-05, 1.29202771859e-05]}, "dissonance": {"dvar": 0.000378934608307, "mean": 0.44973269105, "min": 0.231700956821, "median": 0.455381214619, "dvar2": 0.00102919130586, "var": 0.000975603063125, "dmean2": 0.0368111357093, "max": 0.499999970198, "dmean": 0.0220875125378}, "erbbands_flatness_db": {"dvar": 0.000190982449567, "mean": 0.239300593734, "min": 0.0383846126497, "median": 0.227877318859, "dvar2": 0.000375746254576, "var": 0.00402459315956, "dmean2": 0.0191827230155, "max": 0.441620022058, "dmean": 0.0131233381107}, "melbands_kurtosis": {"dvar": 43.1033821106, "mean": 12.3838386536, "min": -1.67692101002, "median": 6.70456600189, "dvar2": 103.598419189, "var": 659.933105469, "dmean2": 7.0430932045, "max": 540.909790039, "dmean": 4.45823907852}, "melbands_spread": {"dvar": 15.882270813, "mean": 14.4076976776, "min": 0.418760001659, "median": 12.7556381226, "dvar2": 40.4216079712, "var": 126.998641968, "dmean2": 5.47830677032, "max": 155.130630493, "dmean": 3.42619562149}, "melbands_skewness": {"dvar": 0.282186746597, "mean": 2.60990166664, "min": -0.662555158138, "median": 2.31154108047, "dvar2": 0.713362693787, "var": 2.22783517838, "dmean2": 0.84350413084, "max": 18.8141536713, "dmean": 0.532638311386}, "spectral_entropy": {"dvar": 0.0187813211232, "mean": 6.87332630157, "min": 5.33809995651, "median": 6.88198471069, "dvar2": 0.0382029153407, "var": 0.195019930601, "dmean2": 0.193265020847, "max": 9.81143856049, "dmean": 0.128365471959}, "zerocrossingrate": {"dvar": 3.21916850226e-05, "mean": 0.0356901474297, "min": 0.0029296875, "median": 0.02978515625, "dvar2": 3.64163897757e-05, "var": 0.00156439666171, "dmean2": 0.00567886512727, "max": 0.7001953125, "dmean": 0.00450572371483}, "average_loudness": 0.854062914848, "spectral_contrast_coeffs": {"dvar": [0.00163200742099, 0.00134487985633, 0.000917052151635, 0.000620177132078, 0.000479803042253, 0.00025220317184], "mean": [-0.583089649677, -0.678817033768, -0.72103458643, -0.749385714531, -0.718056380749, -0.785232782364], "min": [-0.976430296898, -0.98095959425, -0.975950539112, -0.968125164509, -0.963603854179, -0.962717533112], "median": [-0.610688149929, -0.686448872089, -0.724218845367, -0.749387264252, -0.717690229416, -0.787237524986], "dvar2": [0.00448656547815, 0.00354405818507, 0.00224898546003, 0.00155223975889, 0.00119721528608, 0.000603556924034], "var": [0.0147162089124, 0.00695930654183, 0.00477258209139, 0.00254239304923, 0.00404068501666, 0.00193801301066], "dmean2": [0.0761707946658, 0.0709219202399, 0.0569321848452, 0.0477562956512, 0.0403213091195, 0.0282975435257], "max": [-0.226914718747, -0.351793497801, -0.431803315878, -0.580361187458, -0.523360788822, -0.583380043507], "dmean": [0.0453226305544, 0.0434572249651, 0.0357405692339, 0.0295906271785, 0.0247880052775, 0.0175949931145]}, "barkbands_flatness_db": {"dvar": 0.000272123841569, "mean": 0.22562225163, "min": 0.0349008254707, "median": 0.218979656696, "dvar2": 0.000630786234979, "var": 0.00335111841559, "dmean2": 0.026669267565, "max": 0.468102306128, "dmean": 0.0172304324806}, "silence_rate_30dB": {"dvar": 0.0367449857295, "mean": 0.967862486839, "min": 0, "median": 1, "dvar2": 0.088185749948, "var": 0.0311061292887, "dmean2": 0.0764119625092, "max": 1, "dmean": 0.0382028073072}, "spectral_energyband_high": {"dvar": 4.74993520072e-08, "mean": 0.000115802497021, "min": 6.98533105448e-21, "median": 1.58674010891e-05, "dvar2": 7.17158314956e-08, "var": 2.07949796049e-07, "dmean2": 6.70648514642e-05, "max": 0.00693269819021, "dmean": 4.86431017634e-05}, "melbands_flatness_db": {"dvar": 0.000396418530727, "mean": 0.309722423553, "min": 0.00489360373467, "median": 0.305435657501, "dvar2": 0.000901965657249, "var": 0.00517125520855, "dmean2": 0.0317297875881, "max": 0.620200693607, "dmean": 0.0207493640482}, "barkbands": {"dvar": [1.32130693942e-07, 0.000135039779707, 8.71867523529e-05, 1.86207234947e-05, 4.58152608189e-05, 2.7837018024e-06, 4.53955817648e-06, 4.79512300444e-06, 2.17234151023e-06, 8.13649194242e-07, 5.14697433118e-07, 5.86989870044e-07, 2.37770407807e-07, 1.11968120109e-07, 2.36756847016e-07, 1.27633157376e-07, 2.1738762257e-07, 5.44969935845e-08, 2.95999367239e-08, 2.84659540384e-09, 4.00142496915e-09, 1.40817257854e-09, 3.59436680419e-09, 9.64369473166e-09, 5.56351464898e-10, 1.18505526572e-11, 3.57842851488e-13], "mean": [0.000267813797109, 0.015480870381, 0.0067822271958, 0.00186481536366, 0.00493289530277, 0.00194611412007, 0.00276021612808, 0.00228588026948, 0.00150876853149, 0.000978613854386, 0.00100083742291, 0.000741141382605, 0.000515582156368, 0.000307263078867, 0.000671986548696, 0.00033563375473, 0.000535684579518, 0.000253382924711, 0.000129758307594, 3.30349139404e-05, 2.19780813495e-05, 1.0826959624e-05, 2.16452899622e-05, 4.14145033574e-05, 7.70190672483e-06, 1.24976679672e-06, 2.04397295533e-07], "min": [1.79531745545e-24, 3.81161338868e-24, 2.976063948e-24, 6.45095028435e-24, 1.47865366029e-23, 1.47719742306e-23, 1.19480659712e-23, 1.84971221532e-23, 1.77200941616e-23, 5.94051957112e-23, 1.48155367075e-23, 3.93155022299e-23, 4.37805022851e-23, 5.87075334375e-23, 3.09510081034e-23, 5.03113870561e-23, 8.35235071722e-23, 7.94332886222e-23, 1.23029825389e-22, 2.25763130589e-22, 2.4285934937e-22, 3.16936796249e-22, 4.33657009196e-22, 6.31506807835e-22, 9.60842982901e-22, 1.29824633989e-21, 2.02408995628e-21], "median": [4.47934980912e-05, 0.008993932046, 0.00253965216689, 0.000773140054662, 0.00304694008082, 0.00099196494557, 0.0018604171928, 0.00108430534601, 0.000772806466557, 0.000525245093741, 0.000626968336292, 0.000311461830279, 0.000246530747972, 0.000114711496281, 0.000340314698406, 0.000167799851624, 0.000298330705846, 0.000131933935336, 3.20419349009e-05, 1.18698935694e-05, 2.80919698525e-06, 1.21166203826e-06, 1.04062814898e-06, 1.07636287794e-06, 4.68165609391e-07, 2.13550961803e-07, 4.71315253492e-08], "dvar2": [3.55691923914e-07, 0.000365697080269, 0.00025227011065, 5.24112801941e-05, 0.000112708614324, 7.04572948962e-06, 1.11856770673e-05, 1.08444373836e-05, 4.70079794468e-06, 2.00417161977e-06, 1.16649493975e-06, 1.37798610922e-06, 5.57190560357e-07, 2.46389703307e-07, 4.52245899396e-07, 3.2857099086e-07, 5.84350289046e-07, 1.54307684852e-07, 5.88927804301e-08, 6.11803674389e-09, 8.43733971578e-09, 2.86802137595e-09, 6.12934547561e-09, 1.48684238255e-08, 1.2021397211e-09, 2.77136334714e-11, 8.4905682745e-13], "var": [2.66975717977e-07, 0.000337847362971, 0.000109738830361, 1.44686746353e-05, 5.97809303144e-05, 8.44750411488e-06, 1.10541832328e-05, 1.23857880681e-05, 6.47062051939e-06, 2.09993527278e-06, 1.39449662129e-06, 1.60326783316e-06, 5.19502293628e-07, 3.01884966802e-07, 9.25450592604e-07, 2.19468475393e-07, 4.60290863202e-07, 1.23145440512e-07, 1.10309308354e-07, 5.98071014934e-09, 7.66708208033e-09, 3.1126066169e-09, 1.17962839496e-08, 4.35220144368e-08, 1.69065605959e-09, 2.22772390812e-11, 5.29231335405e-13], "dmean2": [0.000255439954344, 0.0097326124087, 0.00676490180194, 0.00264643249102, 0.00450029876083, 0.00144595291931, 0.00200617616065, 0.00191350548994, 0.000969589338638, 0.000703898724169, 0.000653591006994, 0.000576840946451, 0.000404216552852, 0.000267164112302, 0.000423564575613, 0.00034497413435, 0.000489126890898, 0.000235105588217, 9.59770841291e-05, 2.97918140859e-05, 1.96892233362e-05, 9.2075788416e-06, 1.50263776959e-05, 2.50206321653e-05, 6.1722571445e-06, 1.15200816708e-06, 1.84974410899e-07], "max": [0.00731027498841, 0.201844453812, 0.152082845569, 0.0721825435758, 0.121075868607, 0.040842756629, 0.0473917424679, 0.0415392443538, 0.0494735911489, 0.0308894980699, 0.0205852352083, 0.0195239372551, 0.00855584722012, 0.00845972076058, 0.0176067762077, 0.00474745640531, 0.00971398688853, 0.00401667505503, 0.00728362426162, 0.00169365340844, 0.00428129266948, 0.00195849873126, 0.00230147084221, 0.00361412041821, 0.00101312273182, 9.44607018027e-05, 2.36017913267e-05], "dmean": [0.000154666224262, 0.00592722324654, 0.00393088022247, 0.00153019942809, 0.00272721075453, 0.000909428054001, 0.00127343530767, 0.00123792898376, 0.000681332603563, 0.000473167136079, 0.000442433956778, 0.000372111302568, 0.000261536799371, 0.000171890409547, 0.000282295775833, 0.000211811420741, 0.000299347710097, 0.000139672134537, 6.45755571895e-05, 1.88443627849e-05, 1.26267495943e-05, 6.18499871052e-06, 1.07294990812e-05, 1.83627198567e-05, 3.98529255108e-06, 7.27768053821e-07, 1.1525501975e-07]}, "erbbands_spread": {"dvar": 22.2047100067, "mean": 28.225112915, "min": 5.52974510193, "median": 26.544418335, "dvar2": 47.5152893066, "var": 140.093109131, "dmean2": 6.88532304764, "max": 153.733581543, "dmean": 4.45376586914}, "barkbands_kurtosis": {"dvar": 26.3691864014, "mean": 6.13952922821, "min": -1.81833076477, "median": 2.28385829926, "dvar2": 49.4796028137, "var": 559.004638672, "dmean2": 3.69402122498, "max": 476.680847168, "dmean": 2.37814474106}, "spectral_flux": {"dvar": 0.00101776013616, "mean": 0.0791944786906, "min": 6.61432367211e-11, "median": 0.0676928162575, "dvar2": 0.00227742246352, "var": 0.00288755609654, "dmean2": 0.0376233719289, "max": 0.427052110434, "dmean": 0.0236391276121}, "silence_rate_20dB": {"dvar": 0, "mean": 1, "min": 1, "median": 1, "dvar2": 0, "var": 0, "dmean2": 0, "max": 1, "dmean": 0}, "gfcc": {"cov": [[10981.6025391, 619.946533203, 233.625030518, 975.453979492, -237.280929565, 1208.43884277, -186.538116455, 472.890533447, 53.534538269, 171.229354858, 225.535110474, -212.277679443, -51.1427268982], [619.946533203, 1512.96948242, -287.677612305, -183.022262573, 621.26171875, -314.478363037, 322.764160156, 9.75770759583, 115.951217651, -82.4625473022, 9.04110813141, 9.5092830658, 59.2010002136], [233.625030518, -287.677612305, 1690.53222656, 836.825927734, 204.667495728, 954.289367676, 225.122650146, 184.436294556, 119.996604919, 387.939697266, 146.941360474, 40.6635513306, 17.8681316376], [975.453979492, -183.022262573, 836.825927734, 709.168151855, 156.914749146, 609.859130859, 178.95640564, 143.238967896, 119.904563904, 231.091629028, 91.9578094482, 15.7256984711, 25.3576087952], [-237.280929565, 621.26171875, 204.667495728, 156.914749146, 664.760864258, 48.8420562744, 362.486755371, 127.71635437, 143.661972046, 117.530105591, -14.21443367, 68.751335144, 85.407661438], [1208.43884277, -314.478363037, 954.289367676, 609.859130859, 48.8420562744, 825.493164063, 124.411895752, 170.561782837, 88.2264480591, 243.306518555, 114.432128906, -3.3702943325, 2.08354926109], [-186.538116455, 322.764160156, 225.122650146, 178.95640564, 362.486755371, 124.411895752, 433.667022705, 128.134689331, 121.321983337, 114.270584106, -5.91063594818, 78.3223800659, 66.3705596924], [472.890533447, 9.75770759583, 184.436294556, 143.238967896, 127.71635437, 170.561782837, 128.134689331, 264.937042236, 91.685874939, 41.8927650452, 55.446182251, -7.87672710419, 14.1921062469], [53.534538269, 115.951217651, 119.996604919, 119.904563904, 143.661972046, 88.2264480591, 121.321983337, 91.685874939, 148.491409302, 51.918422699, 11.3581237793, 21.1443653107, 24.5606842041], [171.229354858, -82.4625473022, 387.939697266, 231.091629028, 117.530105591, 243.306518555, 114.270584106, 41.8927650452, 51.918422699, 221.496261597, 22.5480060577, 27.5746917725, 31.7871379852], [225.535110474, 9.04110813141, 146.941360474, 91.9578094482, -14.21443367, 114.432128906, -5.91063594818, 55.446182251, 11.3581237793, 22.5480060577, 128.947753906, -21.1836853027, -24.4554538727], [-212.277679443, 9.5092830658, 40.6635513306, 15.7256984711, 68.751335144, -3.3702943325, 78.3223800659, -7.87672710419, 21.1443653107, 27.5746917725, -21.1836853027, 114.80216217, 40.0893058777], [-51.1427268982, 59.2010002136, 17.8681316376, 25.3576087952, 85.407661438, 2.08354926109, 66.3705596924, 14.1921062469, 24.5606842041, 31.7871379852, -24.4554538727, 40.0893058777, 98.1288757324]], "mean": [-57.9052963257, 166.027389526, -139.940429688, 1.27306675911, -32.8571052551, -8.70520973206, -35.3568382263, 5.99819517136, -14.2312269211, -15.0410528183, -5.72083902359, -6.61535167694, -6.70799779892], "icov": [[0.00056527974084, -0.00149583804887, 0.0013281526044, -0.00151829479728, 0.00134954589885, -0.00160832563415, 0.00125511153601, -0.00179039710201, 0.00128800526727, -0.00136908318382, 0.00115581450518, -0.000737339723855, 0.000327535060933], [-0.00149583804887, 0.00575917772949, -0.00354607193731, 0.00461184699088, -0.00537587609142, 0.00442762346938, -0.00407109549269, 0.00591592583805, -0.00417723925784, 0.00489969318733, -0.0045027192682, 0.00311330915429, -0.00125299126375], [0.0013281526044, -0.00354607193731, 0.00534091470763, -0.00444727158174, 0.00284276599996, -0.00537437573075, 0.00310956523754, -0.00410219887272, 0.00350737036206, -0.00443390151486, 0.00231110514142, -0.00238633574918, 0.00124752987176], [-0.00151829479728, 0.00461184699088, -0.00444727158174, 0.00920726265758, -0.00442825444043, 0.00209398404695, -0.0039637493901, 0.00560290180147, -0.00517100514844, 0.00360736716539, -0.00410590833053, 0.00277692847885, -0.00149480625987], [0.00134954589885, -0.00537587609142, 0.00284276599996, -0.00442825444043, 0.00821631960571, -0.0030029185582, 0.00167736213189, -0.00580456573516, 0.002796710236, -0.00504335295409, 0.00433678738773, -0.00260912883095, 0.000271319731837], [-0.00160832563415, 0.00442762346938, -0.00537437573075, 0.00209398404695, -0.0030029185582, 0.00986327603459, -0.003759523388, 0.00387773918919, -0.00354188866913, 0.00307680899277, -0.00372868403792, 0.00271108048037, -0.0008327413816], [0.00125511153601, -0.00407109549269, 0.00310956523754, -0.0039637493901, 0.00167736213189, -0.003759523388, 0.0084079997614, -0.00562374480069, 0.00232484657317, -0.00435207504779, 0.00372288865037, -0.00409258715808, 0.000742377189454], [-0.00179039710201, 0.00591592583805, -0.00410219887272, 0.00560290180147, -0.00580456573516, 0.00387773918919, 