{"tonal": {"chords_key": "G", "hpcp_entropy": {"dmean": 0.407535731792, "dmean2": 0.690494954586, "max": 3.99181389809, "dvar": 0.15238776803, "mean": 1.46306836605, "dvar2": 0.402635037899, "min": 0, "var": 0.495413511992, "median": 1.57483780384}, "key_key": "G", "chords_strength": {"dmean": 0.00598543509841, "dmean2": 0.00508679123595, "max": 0.766264438629, "dvar": 0.000493373838253, "mean": 0.499927252531, "dvar2": 0.00109611777589, "min": -1, "var": 0.0414221845567, "median": 0.517589390278}, "key_scale": "minor", "chords_number_rate": 0.00248498655856, "thpcp": [1, 0.778887569904, 0.11962223798, 0.0487914308906, 0.0602813288569, 0.152230769396, 0.587630450726, 0.725307524204, 0.564773023129, 0.570477247238, 0.31382972002, 0.0646785348654, 0.0471912398934, 0.0535758920014, 0.0370429605246, 0.036628369242, 0.0332226231694, 0.05591307953, 0.162100344896, 0.15958455205, 0.15632738173, 0.691412568092, 0.836658358574, 0.348194599152, 0.184078991413, 0.172205507755, 0.12815502286, 0.172332316637, 0.187904164195, 0.16494654119, 0.226057395339, 0.159196943045, 0.09075204283, 0.186026081443, 0.185440674424, 0.380678087473], "key_strength": 0.772739946842, "tuning_nontempered_energy_ratio": 0.846830368042, "tuning_frequency": 433.691802979, "chords_changes_rate": 0.0366535522044, "tuning_diatonic_strength": 0.545523703098, "chords_scale": "minor", "chords_histogram": [25.4296951294, 9.02878475189, 4.55580854416, 0.476289093494, 3.47898125648, 1.38745081425, 0.64195483923, 7.20646095276, 2.11223864555, 17.001449585, 4.74218273163, 10.1470279694, 0, 0.0207082219422, 0.414164423943, 0.0207082219422, 0.414164423943, 1.55311655998, 0.310623317957, 0, 0, 0.890453517437, 0.579830169678, 9.58790683746], "tuning_equal_tempered_deviation": 0.153702259064, "hpcp": {"dmean": [0.0707192346454, 0.071562230587, 0.0879136025906, 0.0465992763638, 0.0445387810469, 0.0186627823859, 0.0108764208853, 0.0120113575831, 0.0104214996099, 0.00831527076662, 0.00758556090295, 0.0135783581063, 0.0180071946234, 0.0246895905584, 0.0340529344976, 0.0651283711195, 0.0771274715662, 0.0676943510771, 0.0404651872814, 0.0367876701057, 0.0402784533799, 0.0310766827315, 0.0314395651221, 0.0272570494562, 0.0251183900982, 0.022104030475, 0.0275853909552, 0.0346295163035, 0.0293776504695, 0.0637452080846, 0.0697662308812, 0.0665786638856, 0.0325973294675, 0.0174229908735, 0.0164487995207, 0.0465188659728], "dmean2": [0.117711625993, 0.119422711432, 0.150924891233, 0.0772844403982, 0.075695566833, 0.0323662534356, 0.0182790253311, 0.0197679530829, 0.0175015181303, 0.0134431002662, 0.0116705968976, 0.0218564663082, 0.0306056067348, 0.0410934537649, 0.0579224973917, 0.103472404182, 0.126198366284, 0.117383047938, 0.0685540512204, 0.062863856554, 0.0666891336441, 0.0512521229684, 0.0512232929468, 0.0454580262303, 0.0428434349597, 0.0376434288919, 0.0457630753517, 0.0586344860494, 0.0489130504429, 0.102896675467, 0.111241772771, 0.104874812067, 0.0557515621185, 0.0322994925082, 0.0292913783342, 0.0784273222089], "max": [1, 1, 1, 1, 1, 1, 1, 1, 1, 1, 1, 1, 1, 1, 1, 1, 1, 1, 1, 1, 1, 1, 1, 1, 1, 1, 1, 1, 1, 1, 1, 1, 1, 1, 1, 1], "dvar": [0.0229958109558, 0.0205068793148, 0.0224605835974, 0.0135525800288, 0.011860777624, 0.00442966958508, 0.00240737968124, 0.00388510711491, 0.00287917722017, 0.00188389886171, 0.00154305784963, 0.00275076157413, 0.005299129989, 0.0070004183799, 0.00801400095224, 0.0139698199928, 0.0188920181245, 0.0185506530106, 0.0140779297799, 0.0140468655154, 0.0160698331892, 0.00805206876248, 0.00947688799351, 0.00631949165836, 0.0106065012515, 0.00658589275554, 0.00959062669426, 0.0141124427319, 0.00911051034927, 0.015341042541, 0.0181503649801, 0.0123160080984, 0.00794981047511, 0.00825507286936, 0.00444166827947, 0.0154054760933], "mean": [0.206206858158, 0.254519462585, 0.198185905814, 0.200187578797, 0.110126771033, 0.022696506232, 0.0165599957108, 0.0188004486263, 0.0129988370463, 0.0128533514217, 0.0116582326591, 0.0196205973625, 0.056883033365, 0.0560002103448, 0.0548572279513, 0.242625296116, 0.293593853712, 0.122185826302, 0.0645956173539, 0.0604290626943, 0.0449711978436, 0.0604735612869, 0.0659379139543, 0.0578818023205, 0.0793263614178, 0.0558641925454, 0.031846024096, 0.0652788728476, 0.0650734454393, 0.133584693074, 0.350912481546, 0.27332136035, 0.0419769361615, 0.0171215217561, 0.0211534705013, 0.0534196794033], "dvar2": [0.060098785907, 0.0494269840419, 0.0662330761552, 0.0317698940635, 0.0327604077756, 0.0126150837168, 0.006360583473, 0.00970080960542, 0.00816672388464, 0.00484114978462, 0.00345188146457, 0.00699896086007, 0.0131908413023, 0.0178138799965, 0.0224696472287, 0.0366895720363, 0.0490106455982, 0.0558185726404, 0.0379669032991, 0.0364987999201, 0.0389089398086, 0.0204465594143, 0.0246155932546, 0.0177437607199, 0.0284509565681, 0.0173687003553, 0.0250332392752, 0.0366105735302, 0.0220973715186, 0.0400335304439, 0.0389928966761, 0.0279052052647, 0.0226072333753, 0.0268691312522, 0.0124525660649, 0.0453198328614], "min": [0, 0, 0, 0, 0, 0, 0, 0, 0, 0, 0, 0, 0, 0, 0, 0, 0, 0, 0, 0, 0, 0, 0, 0, 0, 0, 0, 0, 0, 0, 0, 0, 0, 0, 0, 0], "var": [0.103725150228, 0.134275346994, 0.0676529482007, 0.123996652663, 0.0480027757585, 0.00586617039517, 0.00379431713372, 0.00802075956017, 0.00379570759833, 0.00389765179716, 0.00427258573472, 0.00536061963066, 0.039539039135, 0.0345062203705, 0.0108602074906, 0.0924971327186, 0.123997561634, 0.0317383855581, 0.0316691584885, 0.0383386872709, 0.0216621551663, 0.026753148064, 0.033803910017, 0.0207955390215, 0.0570736862719, 0.0261858832091, 0.0119739845395, 0.040678858757, 0.0386207960546, 0.0276381187141, 0.162108168006, 0.103818029165, 0.00923618022352, 0.00864475779235, 0.0106665287167, 0.0184678863734], "median": [0.0188288670033, 0.0368022993207, 0.0617177709937, 0.00425958121195, 0.00203627138399, 0.00130560959224, 0.00111306481995, 0.000873382668942, 0.000360413920134, 0.000199484711629, 0.000168191414559, 0.000489093188662, 0.000851627672091, 0.000911865616217, 0.0202517937869, 0.0917335674167, 0.115542054176, 0.0479807853699, 0.000213051622268, 0.000219193985686, 0.00121315091383, 0.00343642313965, 0.00352337094955, 0.00403420673683, 0.00152968650218, 0.00082530931104, 0.000641141203232, 0.000625653367024, 0.000821672845632, 0.053935457021, 0.128168568015, 0.0939673110843, 0.0094263413921, 0.000276187056443, 0.000196795532247, 0.00363390590064]}}, "lowlevel": {"melbands_flatness_db": {"dmean": 0.0170050319284, "dmean2": 0.025204218924, "max": 0.64057123661, "dvar": 0.000261907320237, "mean": 0.377394914627, "dvar2": 0.000604316825047, "min": 0.00291244708933, "var": 0.0133418655023, "median": 0.376298874617}, "melbands_crest": {"dmean": 2.37628436089, "dmean2": 3.67469501495, "max": 37.1311454773, "dvar": 5.82787942886, "mean": 17.717300415, "dvar2": 14.9613676071, "min": 1.54677605629, "var": 45.876701355, "median": 16.5813541412}, "spectral_entropy": {"dmean": 0.12952747941, "dmean2": 0.193444520235, "max": 9.82304859161, "dvar": 0.0179690327495, "mean": 5.76174783707, "dvar2": 0.0412277169526, "min": 3.42851829529, "var": 0.85235440731, "median": 5.74908161163}, "melbands": {"dmean": [8.41821383801e-06, 4.36413101852e-05, 0.000188411097042, 0.000234677208937, 9.27696528379e-05, 0.000106493389467, 0.000135052207042, 3.83530204999e-05, 7.97255634097e-05, 0.000151132189785, 3.3323194657e-05, 8.94641780178e-05, 1.22940382425e-05, 9.30548958422e-06, 1.30177340907e-05, 8.64700268721e-06, 2.91788023787e-06, 7.67141318647e-06, 7.77738932811e-06, 4.37405788034e-06, 3.81032964469e-06, 2.49197319135e-06, 3.03308297589e-06, 1.55273130531e-06, 8.23617881451e-07, 7.97228949523e-07, 1.77411024538e-07, 1.25448920585e-07, 6.6999206183e-08, 5.3565806013e-08, 2.77515610492e-08, 2.66302482288e-08, 3.06556984242e-08, 2.60006292052e-08, 6.67291786272e-08, 3.03382492461e-08, 1.61163651313e-08, 7.86407916564e-09, 1.15510552234e-08, 7.61278240446e-09], "dmean2": [1.18774541988e-05, 5.97322868998e-05, 0.000252900965279, 0.000364244071534, 0.000127607345348, 0.000134267334943, 0.000203249888727, 5.99860395596e-05, 0.000117134230095, 0.000212220737012, 4.31375810876e-05, 0.000125976454001, 1.66593272297e-05, 1.2677790437e-05, 1.77879719558e-05, 1.24745301946e-05, 4.23332039645e-06, 1.00222187029e-05, 1.0844982171e-05, 6.26161090622e-06, 5.4834704315e-06, 3.64277798326e-06, 4.43244289272e-06, 2.29513238992e-06, 1.21278947063e-06, 1.22702397221e-06, 2.63625025809e-07, 1.90046762327e-07, 1.00725372931e-07, 8.44843413006e-08, 4.22151948953e-08, 3.98259629719e-08, 4.7866759445e-08, 4.01540027894e-08, 1.00883980281e-07, 4.53357706931e-08, 2.54502037222e-08, 1.20724843455e-08, 1.74960348431e-08, 1.19270975318e-08], "max": [0.00324963196181, 0.0159155260772, 0.0410796441138, 0.0224860049784, 0.0095930872485, 0.0110312746838, 0.0324390828609, 0.0127001227811, 0.00768780428916, 0.0399096310139, 0.00538024911657, 0.0356210954487, 0.00765979802236, 0.00517981452867, 0.00399301806465, 0.00318029755726, 0.000481619732454, 0.0039750309661, 0.00157933589071, 0.00143996218685, 0.000908950460143, 0.000624509702902, 0.00149495853111, 0.000383153790608, 0.000163533812156, 0.000364485080354, 2.75629372481e-05, 7.07774815965e-05, 1.07152382043e-05, 3.55828851752e-05, 9.58629152592e-06, 5.97707321504e-06, 4.47017509941e-06, 4.14081387135e-06, 1.9178743969e-05, 1.750676347e-05, 2.99029056805e-06, 2.65490939455e-06, 4.98265353599e-06, 2.72799047707e-06], "dvar": [2.4523736375e-09, 6.57109353597e-08, 5.2424900332e-07, 3.88130644069e-07, 8.11418274793e-08, 8.26672916787e-08, 6.13638690083e-07, 4.98259211668e-08, 7.7435160506e-08, 7.66924017626e-07, 1.17607488193e-08, 3.70249892967e-07, 9.15986841932e-09, 2.76522515996e-09, 5.5407323174e-09, 2.09187089872e-09, 1.68486655183e-10, 2.07139505548e-09, 1.21922449914e-09, 5.98154636933e-10, 3.15622444846e-10, 1.76853351408e-10, 3.62972346624e-10, 5.96470928205e-11, 1.49286537993e-11, 3.09106039376e-11, 5.44054384877e-13, 8.56559669114e-13, 8.63890190395e-14, 1.70389500035e-13, 2.5540030499e-14, 1.89497990731e-14, 2.71339347475e-14, 1.85643821415e-14, 1.47720282729e-13, 4.15590887984e-14, 6.77901982324e-15, 2.19239803551e-15, 8.18621090511e-15, 2.52263225296e-15], "mean": [2.90508796752e-05, 0.000148150822497, 0.000677489617374, 0.000819799490273, 0.000346947083017, 0.000406757928431, 0.000407484883908, 0.000101074423583, 0.000187961210031, 0.000453428481705, 9.56599396886e-05, 0.000205132222618, 2.75919101114e-05, 2.21611462621e-05, 2.84751858999e-05, 1.95171160158e-05, 6.82616519043e-06, 1.68277674675e-05, 1.80214610737e-05, 1.17024455903e-05, 8.5472865976e-06, 4.64672348244e-06, 6.44645206194e-06, 3.18985075864e-06, 1.66274685398e-06, 1.32896070681e-06, 3.31034357259e-07, 2.41269361823e-07, 1.18939702531e-07, 9.69069162693e-08, 5.2480615409e-08, 4.85904010361e-08, 4.99448553626e-08, 4.58216788957e-08, 1.16803938965e-07, 5.95086255828e-08, 2.52258036681e-08, 1.356145507e-08, 1.72821064126e-08, 1.11265263669e-08], "dvar2": [4.33830527058e-09, 1.35137113944e-07, 1.02591809537e-06, 9.28352960727e-07, 1.63256245855e-07, 1.26631107378e-07, 2.16453486246e-06, 1.71769443114e-07, 1.80404754246e-07, 1.7071770344e-06, 1.97195912932e-08, 6.783636195e-07, 1.73689045369e-08, 4.82118256429e-09, 8.61733262525e-09, 3.80618514484e-09, 3.52031459538e-10, 2.87258106191e-09, 2.27340613002e-09, 1.09442632734e-09, 5.7250248986e-10, 3.50617174183e-10, 7.08067549038e-10, 1.20901441636e-10, 3.1972178377e-11, 6.10657219235e-11, 1.09744743675e-12, 1.88665706322e-12, 2.0034938064e-13, 4.26353613872e-13, 5.20820162713e-14, 3.98181108311e-14, 6.43521694266e-14, 4.21486881042e-14, 3.23602581363e-13, 9.3751686915e-14, 1.71026556903e-14, 4.92838200602e-15, 1.81400271052e-14, 5.96091940389e-15], "min": [1.17109241279e-24, 8.0435906378e-25, 1.08539371949e-24, 6.55174077424e-25, 1.56328319069e-24, 1.025325117e-24, 1.31996841219e-24, 2.15111344523e-24, 2.56983055853e-24, 2.18502618111e-24, 1.76187172522e-24, 3.02412766523e-24, 2.2058014247e-24, 1.6619719579e-24, 2.30292203504e-24, 3.02717799314e-24, 3.22699882701e-24, 2.55979920604e-24, 2.76093290168e-24, 3.23479494213e-24, 3.47745979784e-24, 3.45705748825e-24, 3.20148233217e-24, 3.42445899463e-24, 4.0464434751e-24, 4.43676356796e-24, 4.19095727091e-24, 3.89905585901e-24, 4.45705385931e-24, 3.6648268846e-24, 4.6936257506e-24, 4.08777347565e-24, 4.95312075652e-24, 4.68968775697e-24, 5.12915270093e-24, 6.01132875149e-24, 5.28604411878e-24, 5.35026883494e-24, 6.51611887259e-24, 5.77467639638e-24], "var": [2.55435850249e-08, 4.15871937776e-07, 3.97227404392e-06, 3.56150053449e-06, 4.08935079577e-07, 7.24562369214e-07, 1.64903440236e-06, 2.02767978408e-07, 2.93589693001e-07, 5.89639330428e-06, 7.09761778239e-08, 9.99868575491e-07, 2.61820201075e-08, 1.48476608786e-08, 2.86669106231e-08, 1.05603996658e-08, 7.61797291915e-10, 1.00344630383e-08, 4.59450122392e-09, 3.69150354729e-09, 1.45931766671e-09, 4.49294379479e-10, 1.65005531461e-09, 1.84707082962e-10, 4.9724630663e-11, 5.90265059053e-11, 1.36406727927e-12, 2.56509223584e-12, 1.95765048594e-13, 4.99593855868e-13, 7.96768927962e-14, 4.69768877119e-14, 4.58442894649e-14, 4.10189833217e-14, 4.00439609857e-13, 1.8249289612e-13, 1.1712831734e-14, 5.34942090828e-15, 1.65456298835e-14, 4.52114550564e-15], "median": [4.83299970711e-07, 9.67093728832e-06, 9.44965213421e-05, 0.000164964891155, 8.19036504254e-05, 7.89026598795e-05, 6.09751805314e-05, 8.82786025613e-06, 1.7335451048e-05, 1.21509983728e-05, 1.17542831504e-05, 9.82009896688e-06, 1.57543365731e-06, 9.85535848486e-07, 7.79085041813e-07, 8.2926152345e-07, 3.49607688577e-07, 5.38692631835e-07, 5.38309620879e-07, 3.13529540108e-07, 2.15350596022e-07, 1.222598911e-07, 9.93808484395e-08, 6.96566146985e-08, 2.97432016794e-08, 2.40598510004e-08, 1.10775308926e-08, 6.21678175605e-09, 4.33355973328e-09, 1.92630267293e-09, 1.2445654507e-09, 1.16217058199e-09, 1.11692766147e-09, 6.86752099632e-10, 7.49646233977e-10, 8.4338641626e-10, 4.71668426538e-10, 2.85450024728e-10, 2.52538712164e-10, 2.08423667214e-10]}, "silence_rate_60dB": {"dmean": 0.0294117648154, "dmean2": 0.0588296204805, "max": 1, "dvar": 0.0285473447293, "mean": 0.361602991819, "dvar2": 0.0682117119431, "min": 0, "var": 0.230836838484, "median": 0}, "spectral_energyband_middle_high": {"dmean": 0.000824017799459, "dmean2": 0.001120187575, "max": 0.222115963697, "dvar": 1.59402279678e-05, "mean": 0.00256703770719, "dvar2": 2.80715030385e-05, "min": 1.15217141359e-21, "var": 6.02777690801e-05, "median": 0.000330416689394}, "erbbands_skewness": {"dmean": 0.324983686209, "dmean2": 0.480359703302, "max": 10.2319669724, "dvar": 0.105035319924, "mean": 1.12213265896, "dvar2": 0.245533809066, "min": -2.48670005798, "var": 1.4941637516, "median": 0.964821815491}, "dynamic_complexity": 7.58506298065, "dissonance": {"dmean": 0.0348080173135, "dmean2": 0.0588746257126, "max": 0.499998629093, "dvar": 0.00110651960131, "mean": 0.35996901989, "dvar2": 0.00300832442008, "min": 0.0453958325088, "var": 0.0058119460009, "median": 0.367159664631}, "spectral_skewness": {"dmean": 0.613470554352, "dmean2": 1.05067503452, "max": 13.2629117966, "dvar": 0.371136307716, "mean": 4.47872114182, "dvar2": 1.08016383648, "min": -0.0858396068215, "var": 5.38779830933, "median": 3.98822569847}, "spectral_kurtosis": {"dmean": 10.3585453033, "dmean2": 17.8322410583, "max": 245.180496216, "dvar": 143.350753784, "mean": 40.8778762817, "dvar2": 419.460601807, "min": -1.25492227077, "var": 1407.90405273, "median": 28.2975292206}, "gfcc": {"cov": [[31366.625, 3238.74584961, -6026.55859375, -378.416412354, -949.965698242, -627.818115234, -1212.80322266, -85.9960250854, -130.228729248, -807.078552246, -142.934234619, -307.6328125, -339.438964844], [3238.74584961, 3088.13769531, 871.262023926, -441.515319824, -80.0060195923, -460.609191895, -242.605270386, -458.151550293, -209.182067871, -277.799102783, -110.291168213, -212.365783691, -34.4908256531], [-6026.55859375, 871.262023926, 3083.74267578, 226.899902344, -37.9710273743, -162.280639648, -134.152984619, -401.528442383, -279.950286865, 51.962272644, -33.7174034119, 24.8344917297, -14.6437063217], [-378.416412354, -441.515319824, 226.899902344, 589.354736328, 107.674667358, -13.057641983, -135.40397644, -52.956111908, -44.4038543701, 54.1486358643, 36.5865135193, 69.7881011963, -4.67689800262], [-949.965698242, -80.0060195923, -37.9710273743, 107.674667358, 335.413513184, 123.521568298, 144.496643066, 70.9907989502, 61.5408439636, 37.9687614441, 34.7963371277, 10.8087968826, 27.4611663818], [-627.818115234, -460.609191895, -162.280639648, -13.057641983, 123.521568298, 289.443389893, 201.905273438, 181.61895752, 78.1420898438, 49.7134094238, 20.7785682678, 35.9968338013, -4.58536529541], [-1212.80322266, -242.605270386, -134.152984619, -135.40397644, 144.496643066, 201.905273438, 391.927459717, 221.045043945, 121.848381042, 47.009601593, -10.9087743759, -27.2208118439, 35.7232322693], [-85.9960250854, -458.151550293, -401.528442383, -52.956111908, 70.9907989502, 181.61895752, 221.045043945, 306.408935547, 169.782699585, 46.3326377869, -16.0514812469, -14.595492363, -15.5371322632], [-130.228729248, -209.182067871, -279.950286865, -44.4038543701, 61.5408439636, 78.1420898438, 121.848381042, 169.782699585, 217.889892578, 76.1129074097, 2.12430167198, -26.1075801849, -5.5519156456], [-807.078552246, -277.799102783, 51.962272644, 54.1486358643, 37.9687614441, 49.7134094238, 47.009601593, 46.3326377869, 76.1129074097, 144.993469238, 61.278842926, 40.8524475098, 16.0109939575], [-142.934234619, -110.291168213, -33.7174034119, 36.5865135193, 34.7963371277, 20.7785682678, -10.9087743759, -16.0514812469, 2.12430167198, 61.278842926, 130.539978027, 80.3330459595, 14.0882301331], [-307.6328125, -212.365783691, 24.8344917297, 69.7881011963, 10.8087968826, 35.9968338013, -27.2208118439, -14.595492363, -26.1075801849, 40.8524475098, 80.3330459595, 139.195068359, 52.6217155457], [-339.438964844, -34.4908256531, -14.6437063217, -4.67689800262, 27.4611663818, -4.58536529541, 35.7232322693, -15.5371322632, -5.5519156456, 16.0109939575, 14.0882301331, 52.6217155457, 121.724960327]], "mean": [-217.959594727, 147.014328003, -106.971580505, -23.7585639954, -54.9515380859, -21.5336532593, -43.0325126648, -11.6289377213, -22.9210681915, -20.9281787872, -19.9507865906, -8.50032138824, -9.03000545502], "icov": [[0.000305563415168, -0.000761991599575, 0.000831783632748, -0.000748597551137, 0.00103850231972, -0.000766276090872, 0.000714746885933, -0.000643465667963, 0.000476024608361, -5.85320740356e-05, -5.82972825214e-05, -1.99421288016e-06, 0.00018945269403], [-0.000761991599575, 0.00271357595921, -0.00229181768373, 0.00257916352712, -0.00317768985406, 0.0027154602576, -0.00169192487374, 0.00231578620151, -0.00160377542488, 0.00133840669878, -0.000245484756306, 0.000633510469925, -0.000415933114709], [0.000831783632748, -0.00229181768373, 0.00281366403215, -0.00234763114713, 0.00297688459978, -0.00219684652984, 0.00142559059896, -0.00108442630153, 0.00180938502308, -0.00122730631847, 0.000682079815306, -0.000558476080187, 0.00101370259654], [-0.000748597551137, 0.00257916352712, -0.00234763114713, 0.0050572892651, -0.00460165459663, 0.00282704201527, -4.91618811793e-05, 0.00126070913393, -0.000608691538218, -0.000262235524133, 0.000741354422644, -0.000568244315218, 4.17286428274e-05], [0.00103850231972, -0.00317768985406, 0.00297688459978, -0.00460165459663, 0.00893330387771, -0.00491868238896, 0.000541794346645, -0.0012506430503, 0.000413193716668, 0.000277349492535, -0.00197099754587, 0.00114717730321, -0.000627858098596], [-0.000766276090872, 0.0027154602576, -0.00219684652984, 0.00282704201527, -0.00491868238896, 0.0110583230853, -0.00437031453475, -0.000785371055827, -5.00834794366e-05, 0.000141308322782, 0.00108939944766, -0.00366148771718, 0.00262140459381], [0.000714746885933, -0.00169192487374, 0.00142559059896, -4.91618811793e-05, 0.000541794346645, -0.00437031453475, 0.00964762922376, -0.00599599722773, 0.0019639423117, -0.000790988327935, -0.00123314675875, 0.00374327995814, -0.00348208495416], [-0.000643465667963, 0.00231578620151, -0.00108442630153, 0.00126070913393, -0.0012506430503, -0.000785371055827, -0.00599599722773, 0.0144157372415, -0.0073694717139, 0.00175291218329, 0.00267459824681, -0.00214256765321, 0.00268207490444], [0.000476024608361, -0.00160377542488, 0.00180938502308, -0.000608691538218, 0.000413193716668, -5.00834794366e-05, 0.0019639423117, -0.0073694717139, 0.0126975579187, -0.00673248665407, 0.000521563633811, 0.00228472077288, -0.000128194209537], [-5.85320740356e-05, 0.00133840669878, -0.00122730631847, -0.000262235524133, 0.000277349492535, 0.000141308322782, -0.000790988327935, 0.00175291218329, -0.00673248665407, 0.0155236367136, -0.00663538929075, 0.000800524372607, -0.00147013156675], [-5.82972825214e-05, -0.000245484756306, 0.000682079815306, 0.000741354422644, -0.00197099754587, 0.00108939944766, -0.00123314675875, 0.00267459824681, 0.000521563633811, -0.00663538929075, 0.0170947536826, -0.010640094988, 0.00458516413346], [-1.99421288016e-06, 0.000633510469925, -0.000558476080187, -0.000568244315218, 0.00114717730321, -0.00366148771718, 0.00374327995814, -0.00214256765321, 0.00228472077288, 0.000800524372607, -0.010640094988, 0.0196058191359, -0.00892906636], [0.00018945269403, -0.000415933114709, 0.00101370259654, 4.17286428274e-05, -0.000627858098596, 0.00262140459381, -0.00348208495416, 0.00268207490444, -0.000128194209537, -0.00147013156675, 0.00458516413346, -0.00892906636, 0.013870768249]]}, "spectral_complexity": {"dmean": 0.75, "dmean2": 1.27063691616, "max": 24, "dvar": 0.846157848835, "mean": 6.63539409637, "dvar2": 2.03675031662, "min": 0, "var": 18.1324119568, "median": 6}, "spectral_flux": {"dmean": 0.00924819149077, "dmean2": 0.0152228064835, "max": 0.296016901731, "dvar": 0.000193873216631, "mean": 0.0267900247127, "dvar2": 0.000534432940185, "min": 6.31341368074e-11, "var": 0.000709334330168, "median": 0.0190613828599}, "spectral_energyband_low": {"dmean": 0.000336916098604, "dmean2": 0.000427601771662, "max": 0.0848908498883, "dvar": 2.28742692343e-06, "mean": 0.00121003284585, "dvar2": 3.92265474147e-06, "min": 1.34593775264e-23, "var": 1.60758336278e-05, "median": 0.00010164509149}, "spectral_decrease": {"dmean": 8.66916038955e-10, "dmean2": 1.24146248837e-09, "max": 1.89878384145e-28, "dvar": 4.2248258058e-18, "mean": -3.71456776449e-09, "dvar2": 9.73320762042e-18, "min": -5.81465293692e-08, "var": 3.47466348377e-17, "median": -1.55465840201e-09}, "barkbands_spread": {"dmean": 1.305149436, "dmean2": 1.99267709255, "max": 121.436683655, "dvar": 5.44919538498, "mean": 6.40584850311, "dvar2": 14.1951713562, "min": 0.0443420708179, "var": 61.7986869812, "median": 4.23045730591}, "spectral_rms": {"dmean": 0.000347760156728, "dmean2": 0.000493864179589, "max": 0.0153004396707, "dvar": 2.59560152926e-07, "mean": 0.00297682546079, "dvar2": 5.68693678815e-07, "min": 3.07420408574e-12, "var": 5.52732444703e-06, "median": 0.00244655250572}, "spectral_centroid": {"dmean": 65.0204162598, "dmean2": 100.19493866, "max": 11732.3945313, "dvar": 22310.71875, "mean": 809.745605469, "dvar2": 48811.4257813, "min": 195.68182373, "var": 2151176.5, "median": 448.555175781}, "barkbands_skewness": {"dmean": 0.444585680962, "dmean2": 0.67444807291, "max": 11.9768476486, "dvar": 0.314851999283, "mean": 1.88193821907, "dvar2": 0.805145323277, "min": -7.65355539322, "var": 2.23591709137, "median": 1.74227321148}, "spectral_rolloff": {"dmean": 113.586425781, "dmean2": 201.060028076, "max": 19724.4140625, "dvar": 98188.6953125, "mean": 1062.94921875, "dvar2": 214046.78125, "min": 21.533203125, "var": 6526813, "median": 559.86328125}, "erbbands_spread": {"dmean": 2.41026234627, "dmean2": 3.60781574249, "max": 97.8312911987, "dvar": 8.99566650391, "mean": 14.706035614, "dvar2": 21.6312007904, "min": 0.213966920972, "var": 142.082946777, "median": 11.7814035416}, "barkbands": {"dmean": [3.10750749577e-07, 5.06308970216e-05, 0.000118429074064, 0.000433585315477, 0.000888039765414, 0.000582481559832, 0.000521070091054, 0.000238174252445, 0.00087633257499, 0.000517523498274, 0.000152414664626, 9.67420855886e-05, 0.000104359212855, 2.37425520027e-05, 0.000117433373816, 6.68841748848e-05, 5.56190352654e-05, 2.99059920508e-05, 1.66213885677e-05, 3.41135250892e-06, 1.82598830634e-06, 1.34348215397e-06, 2.3410027552e-06, 8.90703859113e-07, 5.64674223824e-07, 1.68037146864e-07, 7.05102536358e-08], "dmean2": [5.36931395345e-07, 7.13703266229e-05, 0.000159264382091, 0.000536373292562, 0.00139030267019, 0.000750411709305, 0.000822848349344, 0.000336910568876, 0.00124010804575, 0.000704636389855, 0.000206499593332, 0.000130352418637, 0.000147079204908, 3.5098673834e-05, 0.000159581031767, 9.57086085691e-05, 8.09265184216e-05, 4.52315434813e-05, 2.55721352005e-05, 5.14934117746e-06, 2.82636369775e-06, 2.06756567422e-06, 3.45290459336e-06, 1.35865604989e-06, 8.34681372908e-07, 2.50300672633e-07, 1.04546394653e-07], "max": [6.49086814519e-06, 0.0195833016187, 0.0496589764953, 0.123994290829, 0.0822724699974, 0.0628544464707, 0.168308988214, 0.0303521994501, 0.202829360962, 0.177520826459, 0.125085994601, 0.0397907942533, 0.0412060581148, 0.00514560006559, 0.0377540588379, 0.0133559675887, 0.0174927823246, 0.00479260785505, 0.00507541839033, 0.00118065613788, 0.000899941078387, 0.000174299741047, 0.000967266329098, 0.000220374480705, 0.000267841678578, 7.04577905708e-05, 1.51391905092e-05], "dvar": [1.47619329954e-13, 9.6484832568e-08, 4.29356191489e-07, 4.02763498641e-06, 5.416908607e-06, 2.1386977096e-06, 1.35042973852e-05, 7.27705639747e-07, 2.23617644224e-05, 8.16330430098e-06, 2.10625807995e-06, 2.39237692767e-07, 2.97688046658e-07, 1.20254597391e-08, 3.12481859055e-07, 9.53640366674e-08, 7.22022832633e-08, 1.5988931068e-08, 8.0636342048e-09, 2.9514837796e-10, 1.08473570404e-10, 4.26549212618e-11, 1.83407872223e-10, 2.1226848404e-11, 1.63763360511e-11, 1.30143649763e-12, 1.0307972195e-13], "mean": [5.17052171745e-07, 0.000161982112331, 0.000389977241866, 0.00139643484727, 0.00340302172117, 0.0022325750906, 0.00138900126331, 0.000537227198947, 0.00251606898382, 0.00123054301366, 0.00031012960244, 0.000224763018196, 0.000238794047618, 4.94695414091e-05, 0.000282630178845, 0.000159426126629, 0.00011134360102, 6.2430925027e-05, 3.09749375447e-05, 6.81974870531e-06, 3.7491272451e-06, 2.56050316239e-06, 4.95321864946e-06, 1.63776678619e-06, 9.64608943832e-07, 3.62062706927e-07, 1.76459053591e-07], "dvar2": [4.26707904037e-13, 1.75307661721e-07, 8.25077336231e-07, 7.40863197279e-06, 1.31507649712e-05, 3.53303880729e-06, 4.84088777739e-05, 1.61517334618e-06, 5.03902301716e-05, 1.40591910167e-05, 3.92591755372e-06, 4.04673500043e-07, 4.94269897899e-07, 2.5962476613e-08, 4.94084304137e-07, 1.73173702933e-07, 1.38923539339e-07, 3.48135991146e-08, 1.67745479729e-08, 6.77342459898e-10, 2.48535803049e-10, 1.00403116376e-10, 3.89553250768e-10, 5.24764329213e-11, 3.64488508819e-11, 2.59099837939e-12, 2.24730986858e-13], "min": [3.99704326726e-26, 3.32431191942e-24, 5.08461824878e-25, 3.64201549241e-25, 7.21943333467e-24, 2.55283316982e-24, 9.99747406558e-24, 6.25808010391e-24, 1.63076008454e-23, 1.32370276139e-23, 1.29361860414e-23, 1.27894310917e-23, 1.9975411202e-23, 2.89959772775e-23, 4.20279152555e-23, 6.20881684479e-23, 5.46860088951e-23, 8.42857108897e-23, 1.28345839122e-22, 1.43196114109e-22, 2.24805617533e-22, 2.84318142503e-22, 3.45710554565e-22, 5.26721795327e-22, 8.39738722806e-22, 1.23491259793e-21, 1.93361808653e-21], "var": [1.4265296572e-13, 8.96312315035e-07, 2.67504447038e-06, 2.59075441136e-05, 5.49993965251e-05, 1.81203067768e-05, 3.59578589268e-05, 2.44033844865e-06, 0.000159492468811, 2.35577499552e-05, 5.83683686273e-06, 1.34714093747e-06, 1.69506938619e-06, 3.89377348142e-08, 1.46629020037e-06, 4.64868833205e-07, 3.00886995319e-07, 4.88291895806e-08, 1.76595733592e-08, 9.39426203495e-10, 3.80562303892e-10, 9.46962855353e-11, 7.45944694902e-10, 5.11289101335e-11, 3.63239056889e-11, 3.02235883889e-12, 3.44936752772e-13], "median": [4.43427495611e-07, 2.29969396059e-06, 3.29725189658e-05, 0.000145182348206, 0.000783152587246, 0.000519518682268, 0.000137120718136, 2.78073566733e-05, 7.18759984011e-05, 8.80703955772e-05, 4.10079746871e-06, 8.02360500529e-06, 8.40357097331e-06, 3.06998344968e-06, 8.21013145469e-06, 4.00287217417e-06, 2.27676719078e-06, 1.53712585416e-06, 6.64217850499e-07, 2.44501251245e-07, 1.12113802686e-07, 6.18272792963e-08, 4.92668483787e-08, 3.33332899061e-08, 2.15719104801e-08, 2.09436272769e-08, 2.67119073527e-08]}, "melbands_kurtosis": {"dmean": 3.48579287529, "dmean2": 5.30205488205, "max": 319.640625, "dvar": 38.7998161316, "mean": 10.8313455582, "dvar2": 88.2065963745, "min": -1.57709085941, "var": 266.225646973, "median": 6.10229873657}, "erbbands_crest": {"dmean": 2.17472910881, "dmean2": 3.28832840919, "max": 33.7032585144, "dvar": 5.04917383194, "mean": 14.633895874, "dvar2": 12.2745056152, "min": 2.14907765388, "var": 36.926700592, "median": 13.5897188187}, "melbands_skewness": {"dmean": 0.440649956465, "dmean2": 0.66355317831, "max": 9.07877349854, "dvar": 0.237565562129, "mean": 1.87912690639, "dvar2": 0.571537494659, "min": -6.61605930328, "var": 1.71481788158, "median": 1.72749531269}, "spectral_energyband_middle_low": {"dmean": 0.00283998250961, "dmean2": 0.00413260236382, "max": 0.208456531167, "dvar": 4.84028387291e-05, "mean": 0.0116905691102, "dvar2": 0.000123789912323, "min": 1.48431765004e-22, "var": 0.000388922169805, "median": 0.00459644244984}, "spectral_contrast_coeffs": {"dmean": [0.0318414755166, 0.0299947820604, 0.0287925228477, 0.0241655800492, 0.0176059845835, 0.0110717900097], "dmean2": [0.0529501587152, 0.0470849983394, 0.0447082184255, 0.0378427170217, 0.0279635973275, 0.018103370443], "max": [-0.200697168708, -0.243392929435, -0.230411455035, -0.369665443897, -0.478567570448, -0.623177289963], "dvar": [0.000773759966251, 0.000800112436991, 0.000764044059906, 0.000533409940545, 0.000300911109662, 0.000117527015391], "mean": [-0.522743403912, -0.604966282845, -0.641815662384, -0.716407060623, -0.760901331902, -0.821346223354], "dvar2": [0.00213372660801, 0.00197343179025, 0.00178698520176, 0.00120937090833, 0.000697092735209, 0.000295312172966], "min": [-0.981971442699, -0.97667568922, -0.977404356003, -0.972674846649, -0.966583013535, -0.965527176857], "var": [0.0229718592018, 0.0127737335861, 0.0167527012527, 0.0134243117645, 0.0105217555538, 0.00348442629911], "median": [-0.49885982275, -0.599526226521, -0.654081285, -0.720330417156, -0.766571223736, -0.839226663113]}, "spectral_contrast_valleys": {"dmean": [0.320257395506, 0.261418104172, 0.236792430282, 0.220095604658, 0.165207847953, 0.139608174562], "dmean2": [0.547525048256, 0.425271213055, 0.391154944897, 0.363736987114, 0.271383106709, 0.228311866522], "max": [-6.12632799149, -5.21674823761, -6.58019399643, -6.94451808929, -7.46831798553, -10.4001150131], "dvar": [0.0975016579032, 0.0754779055715, 0.0656487569213, 0.057593498379, 0.04378926754, 0.0339872278273], "mean": [-10.0831480026, -9.00592517853, -9.99458694458, -10.7883434296, -11.1149511337, -13.4564266205], "dvar2": [0.262751489878, 0.182211950421, 0.153230786324, 0.134703502059, 0.0960291102529, 0.0770221725106], "min": [-28.1572761536, -27.892496109, -28.0817756653, -27.65807724, -27.5165615082, -27.4454879761], "var": [7.03864002228, 8.37043952942, 7.2402048111, 6.55925226212, 5.830534935, 4.08618545532], "median": [-9.85499286652, -8.59275913239, -9.67181396484, -10.6005897522, -10.8807697296, -13.3707704544]}, "silence_rate_20dB": {"dmean": 0, "dmean2": 0, "max": 1, "dvar": 0, "mean": 1, "dvar2": 0, "min": 1, "var": 0, "median": 1}, "silence_rate_30dB": {"dmean": 0.00662800343707, "dmean2": 0.0132573796436, "max": 1, "dvar": 0.00658479798585, "mean": 0.982913970947, "dvar2": 0.0147405499592, "min": 0, "var": 0.0167935714126, "median": 1}, "spectral_strongpeak": {"dmean": 0.304443448782, "dmean2": 0.488793849945, "max": 16.7044658661, "dvar": 0.346386134624, "mean": 1.04687225819, "dvar2": 0.800424873829, "min": 0, "var": 1.86019527912, "median": 0.612018227577}, "spectral_spread": {"dmean": 260341.6875, "dmean2": 437400.96875, "max": 42179784, "dvar": 261064654848, "mean": 2785311.5, "dvar2": 579959062528, "min": 398963.34375, "var": 28337766400000.0, "median": 1804099}, "barkbands_flatness_db": {"dmean": 0.0163376480341, "dmean2": 0.0243644192815, "max": 0.572657644749, "dvar": 0.000237513027969, "mean": 0.294375538826, "dvar2": 0.000548488402274, "min": 0.0334540940821, "var": 0.0079819438979, "median": 0.28764668107}, "pitch_salience": {"dmean": 0.0491695217788, "dmean2": 0.0763186961412, "max": 0.954467475414, "dvar": 0.00235476717353, "mean": 0.484760791063, "dvar2": 0.00581443822011, "min": 0.0694794803858, "var": 0.0167343597859, "median": 0.490877360106}, "erbbands_kurtosis": {"dmean": 1.73316764832, "dmean2": 2.60628032684, "max": 167.216796875, "dvar": 13.8406381607, "mean": 5.00230693817, "dvar2": 32.219455719, "min": -1.79520440102, "var": 151.124359131, "median": 1.39041554928}, "average_loudness": 0.0336609445512, "barkbands_crest": {"dmean": 1.9102627039, "dmean2": 2.9669418335, "max": 26.8248786926, "dvar": 3.75316524506, "mean": 14.3042354584, "dvar2": 9.52380371094, "min": 4.1120262146, "var": 25.7392902374, "median": 13.4504394531}, "hfc": {"dmean": 1.90614926815, "dmean2": 2.6388092041, "max": 225.990264893, "dvar": 33.1845321655, "mean": 8.03625392914, "dvar2": 66.1773300171, "min": 1.07560942028e-16, "var": 247.773254395, "median": 2.63223934174}, "barkbands_kurtosis": {"dmean": 5.01160144806, "dmean2": 7.35348081589, "max": 1191.80871582, "dvar": 364.198699951, "mean": 15.2283449173, "dvar2": 658.030944824, "min": -1.82621526718, "var": 2122.87524414, "median": 5.66464662552}, "erbbands": {"dmean": [0.000384178856621, 0.0157232638448, 0.112844727933, 0.83926564455, 2.86064839363, 2.63131809235, 3.1047911644, 4.58657026291, 8.76858139038, 3.6850540638, 8.00493144989, 25.6055717468, 7.93839263916, 21.2418022156, 2.80712985992, 4.06429052353, 4.69135141373, 1.93527364731, 5.37717056274, 3.67859816551, 3.29134225845, 2.60087275505, 1.94212627411, 1.03730785847, 0.684986054897, 0.18705958128, 0.0899561494589, 0.0546342395246, 0.0425464063883, 0.0495589114726, 0.0934078320861, 0.0274605546147, 0.0118074975908, 0.00991089828312, 0.00202278234065, 0.000797768298071, 0.000345593609381, 8.98943908396e-05, 1.30570497276e-05, 4.19065372625e-06], "dmean2": [0.000545223825611, 0.0220534130931, 0.153711348772, 1.04740417004, 4.48210287094, 3.88012647629, 4.2644777298, 5.8333106041, 12.9375696182, 5.93117761612, 11.598690033, 36.4268226624, 10.4320240021, 29.9921131134, 3.77329111099, 5.72326660156, 6.59171676636, 2.77974700928, 7.03327608109, 5.13919496536, 4.72977542877, 3.79840183258, 2.86518836021, 1.51685655117, 1.06064784527, 0.281159371138, 0.138703450561, 0.0832219347358, 0.0647538006306, 0.0760138034821, 0.138291969895, 0.0419737957418, 0.0180602557957, 0.0150489490479, 0.00304893753491, 0.00118923583068, 0.000527065247297, 0.000137021706905, 1.93185769604e-05, 5.92774267716e-06], "max": [0.131269916892, 5.60785722733, 44.0212020874, 251.938110352, 329.687530518, 419.032073975, 358.640594482, 521.061767578, 1808.18054199, 1438.03601074, 877.001586914, 6386.85449219, 1105.16418457, 8617.26757813, 1070.35217285, 763.500854492, 2228.66894531, 287.952972412, 2395.04663086, 652.299987793, 819.275695801, 572.662963867, 549.073730469, 188.246490479, 272.549499512, 82.205871582, 20.5928096771, 31.9300498962, 6.57120990753, 8.5907201767, 39.0046005249, 5.50054311752, 3.51529169083, 4.48428678513, 0.38984516263, 0.250294387341, 0.172100111842, 0.0206566657871, 0.00215466995724, 0.000298197992379], "dvar": [3.95141432818e-06, 0.00911522936076, 0.428554594517, 14.1026220322, 70.1003570557, 58.081401825, 108.327888489, 160.547851563, 2227.83813477, 622.579711914, 708.727722168, 21790.4355469, 635.556518555, 22305.0605469, 269.666595459, 329.515960693, 753.7109375, 55.2200202942, 900.231140137, 235.384857178, 224.0234375, 151.318222046, 78.9554138184, 18.9626178741, 18.2105121613, 1.250041008, 0.16278257966, 0.130065858364, 0.0380020327866, 0.0691927149892, 0.330826550722, 0.0179425217211, 0.00500768003985, 0.00517437653616, 0.000121390541608, 2.27988039114e-05, 7.7214990597e-06, 1.80078814083e-07, 3.014943184e-09, 9.51311182606e-11], "mean": [0.00151922833174, 0.0516458265483, 0.3855445683, 2.89379382133, 10.0069627762, 10.3689184189, 11.0313863754, 16.8383998871, 26.93724823, 10.1605739594, 20.0602836609, 74.3022918701, 23.9046497345, 49.1227302551, 7.18576478958, 9.35477828979, 11.3952455521, 4.77739715576, 12.2882957458, 10.0634012222, 8.0938129425, 5.34487247467, 4.39286708832, 2.38625049591, 1.28189861774, 0.397701650858, 0.188857778907, 0.115479871631, 0.086926445365, 0.0944645255804, 0.18127386272, 0.0542200319469, 0.022347105667, 0.0155874686316, 0.00396520039067, 0.00157028995454, 0.000684794969857, 0.000203281975701, 3.56998170901e-05, 1.83528609341e-05], "dvar2": [6.8862595981e-06, 0.0172577574849, 0.880655169487, 23.8951129913, 183.934356689, 104.892250061, 218.440551758, 254.729721069, 7711.79541016, 2186.21191406, 1623.01879883, 49813.2617188, 1109.81896973, 41300.9570313, 475.608856201, 641.655456543, 1196.77270508, 110.096000671, 1291.54321289, 431.432617188, 399.50604248, 297.953765869, 160.263671875, 40.7974700928, 36.8873291016, 2.7156932354, 0.39676746726, 0.294800639153, 0.0870006531477, 0.158373981714, 0.715194523335, 0.0436146371067, 0.0120261237025, 0.0118171302602, 0.000273512647254, 4.93201696372e-05, 1.63395070558e-05, 3.83490771583e-07, 7.09201319893e-09, 2.11684933471e-10], "min": [7.24592659708e-23, 4.24978832419e-22, 9.51756113067e-22, 3.0527766936e-21, 9.41007531086e-21, 1.35526030887e-20, 2.63221973326e-20, 4.60340228053e-20, 9.13048939472e-20, 1.89915240269e-19, 3.50026852876e-19, 3.97617060907e-19, 4.57172746692e-19, 7.99820424721e-19, 8.79007820628e-19, 9.27730102876e-19, 1.04899860639e-18, 1.85121676921e-18, 2.29183871752e-18, 2.5491737789e-18, 3.49400387639e-18, 4.50496789103e-18, 4.58584878414e-18, 6.44581319513e-18, 7.6171778703e-18, 7.61919205509e-18, 9.53271806509e-18, 8.21815353664e-18, 9.53162701387e-18, 1.10541182785e-17, 1.00881069807e-17, 9.51496511479e-18, 9.26152441973e-18, 7.76142162551e-18, 5.98855519713e-18, 4.23430819075e-18, 2.14313459764e-18, 8.59013882945e-19, 2.59613530382e-19, 2.65797930076e-20], "var": [4.92671424581e-05, 0.0783316493034, 2.63875126839, 88.9102783203, 735.508361816, 639.805786133, 471.560943604, 1269.59143066, 6156.86962891, 2473.67163086, 2827.30859375, 152285.734375, 4566.953125, 59193.9296875, 1009.01141357, 1559.20776367, 4686.59375, 265.012359619, 4346.25048828, 1365.82653809, 1098.06213379, 503.118041992, 338.768676758, 73.9067459106, 36.8038406372, 3.75409388542, 0.476225197315, 0.45811188221, 0.102423787117, 0.150050774217, 1.15717923641, 0.0560344830155, 0.0125201251358, 0.0102649470791, 0.000289661780698, 4.82983814436e-05, 1.41836299008e-05, 5.63867502024e-07, 1.04182644733e-08, 8.20467749296e-10], "median": [6.56959309708e-05, 0.00131218787283, 0.03154893592, 0.404033750296, 1.80684089661, 2.15748691559, 2.57664108276, 3.21006846428, 4.23636293411, 1.37580287457, 2.20153617859, 2.47330379486, 3.06941223145, 2.77152705193, 0.856987297535, 0.593593120575, 0.509102702141, 0.440239399672, 0.51178175211, 0.422399073839, 0.320343494415, 0.176775589585, 0.134302869439, 0.0582406297326, 0.0299548190087, 0.0133977979422, 0.00680997269228, 0.00288857682608, 0.00227337167598, 0.00158687552903, 0.00147759565152, 0.000992897781543, 0.000440764153609, 0.000275555736152, 0.000144644684042, 8.50435098982e-05, 4.32991510024e-05, 2.2788064598e-05, 7.48474030843e-06, 7.6348960647e-06]}, "spectral_energy": {"dmean": 0.00343715609051, "dmean2": 0.00491335662082, "max": 0.23995603621, "dvar": 6.75687333569e-05, "mean": 0.0147485006601, "dvar2": 0.000154534107423, "min": 9.68699825