{"lowlevel": {"erbbands": {"mean": [0.0460604019463, 0.500885009766, 1.23511350155, 1.68724691868, 2.3530087471, 4.85516405106, 6.48399972916, 8.29507064819, 13.7257661819, 16.6360015869, 17.8422489166, 21.9218864441, 17.3901672363, 17.9124946594, 18.6961708069, 19.224729538, 27.7886714935, 23.5125255585, 34.9654579163, 28.3381175995, 33.873588562, 33.9957923889, 34.8178291321, 32.4694900513, 33.5122451782, 21.4312858582, 16.9138011932, 15.5027675629, 16.2964916229, 15.2887926102, 11.1438951492, 7.36529588699, 5.58927154541, 4.23987579346, 2.25898146629, 1.82885575294, 0.451428353786, 0.0986416786909, 0.0157072469592, 0.000977780437097], "dvar": [0.00942751020193, 1.31220340729, 2.14349079132, 14.412569046, 14.146903038, 32.114490509, 55.6334762573, 67.3432769775, 591.604492188, 1473.0859375, 1649.9083252, 2356.53637695, 1542.26025391, 1536.97216797, 2320.64501953, 1271.65551758, 2918.80664062, 1470.21105957, 2116.36572266, 1766.85424805, 1807.92480469, 1510.69519043, 843.925292969, 719.11895752, 2504.76660156, 529.494567871, 378.244995117, 252.014389038, 284.061065674, 272.111083984, 228.580596924, 114.753555298, 106.157020569, 40.995803833, 12.1928329468, 17.9373474121, 1.0013474226, 0.0783511176705, 0.00107745663263, 2.93267612506e-06], "min": [3.92204011981e-21, 2.07729624892e-20, 5.67487259242e-20, 1.34882009387e-19, 8.65741252394e-20, 4.108971096e-19, 4.08927515013e-19, 7.27721811567e-19, 5.83697000718e-19, 1.63957154595e-18, 9.69321881448e-19, 1.54342917053e-18, 5.4197663692e-18, 4.50083240156e-18, 2.90941155605e-18, 5.01592355926e-18, 7.4134912619e-18, 9.85294697717e-18, 4.78139883044e-18, 1.6119736781e-17, 8.88952227311e-18, 1.05513363955e-17, 5.66458494714e-18, 8.88187746989e-18, 1.55406904999e-17, 1.38300156459e-17, 1.40201687523e-17, 1.94781281183e-17, 1.8195174297e-17, 1.44626309707e-17, 2.05299312806e-17, 1.69235015648e-17, 2.00040677498e-17, 1.30626435004e-17, 6.92434710565e-18, 4.82572702588e-18, 4.05845083329e-18, 1.5240173095e-18, 3.42445018779e-19, 4.03150414529e-20], "dmean": [0.0430899485946, 0.497972548008, 0.806628584862, 1.54083919525, 1.84308075905, 3.43743014336, 3.91807985306, 4.40169382095, 9.73754024506, 13.43318367, 14.0382709503, 16.0626182556, 12.203660965, 12.4077777863, 13.5231018066, 12.9421100616, 19.2394275665, 16.5281639099, 23.3529262543, 18.6701660156, 22.0608711243, 21.3618125916, 19.3337249756, 18.0904903412, 25.9902839661, 13.8870296478, 11.5707101822, 9.18855762482, 9.20343208313, 8.53366088867, 6.50464200974, 4.65728473663, 4.21596336365, 3.50611972809, 1.90218317509, 1.87571716309, 0.45380577445, 0.096001341939, 0.0149848116562, 0.00089162873337], "dmean2": [0.0633690059185, 0.799900710583, 1.29816710949, 2.61486959457, 3.06706666946, 5.66212654114, 6.28578519821, 6.96211099625, 15.8827972412, 21.587310791, 22.3468971252, 25.0269966125, 18.9605484009, 19.467754364, 21.447063446, 19.9929504395, 29.8119029999, 25.6893596649, 35.6907920837, 27.3486003876, 33.400138855, 33.563041687, 28.6765937805, 28.7007446289, 43.7638702393, 21.6064472198, 18.2632732391, 13.7289857864, 13.3027887344, 12.3755960464, 9.47153377533, 6.78094005585, 6.43471097946, 5.54303216934, 2.97217679024, 3.02825593948, 0.74587982893, 0.157832935452, 0.0244414806366, 0.00142191478517], "dvar2": [0.0197876226157, 3.25220322609, 5.19767570496, 36.96925354, 36.6753501892, 83.4585418701, 143.03338623, 163.494247437, 1522.09106445, 3627.0065918, 4254.16650391, 5384.00732422, 3815.09155273, 3799.13720703, 5801.64404297, 3029.61865234, 7035.54296875, 3640.10424805, 4792.32470703, 3976.90087891, 4370.88085938, 3275.71264648, 1758.60595703, 1770.69226074, 6840.92236328, 1234.76086426, 919.75189209, 574.94152832, 604.528015137, 592.873657227, 464.362487793, 220.242019653, 220.866424561, 91.3253631592, 27.8816719055, 43.6514663696, 2.59585595131, 0.20578405261, 0.00274047069252, 7.24759956938e-06], "max": [0.689897358418, 9.96303272247, 17.1263847351, 36.6282806396, 66.9800720215, 108.289054871, 140.079879761, 186.95249939, 1161.18859863, 1019.38867188, 860.301452637, 1169.69042969, 1350.19445801, 1538.3404541, 1674.07568359, 1196.89416504, 1512.78417969, 880.950317383, 810.837524414, 1296.94494629, 888.850402832, 473.392028809, 405.730834961, 414.918457031, 546.495361328, 410.472198486, 325.945709229, 338.573608398, 407.612213135, 602.876403809, 554.276367188, 325.87789917, 315.904388428, 124.131874084, 75.4076843262, 64.4881134033, 22.0692024231, 6.91425704956, 0.80566483736, 0.0402351096272], "median": [0.00559144280851, 0.0931036546826, 0.350461572409, 0.76243442297, 1.18788099289, 2.67544436455, 3.43784713745, 5.0068359375, 5.92871236801, 3.95673847198, 3.24250078201, 3.99942398071, 4.20864391327, 4.17090177536, 4.05249452591, 5.44157409668, 7.57482242584, 8.06377792358, 10.6705942154, 7.80752420425, 11.3075962067, 14.1807928085, 17.4711399078, 18.8712921143, 16.9655151367, 9.24223518372, 7.51839017868, 7.85718822479, 7.34509325027, 7.541223526, 4.60624313354, 3.05217862129, 1.63082134724, 1.07946133614, 0.515411794186, 0.286768257618, 0.0786839425564, 0.0182924252003, 0.00295005133376, 0.000199256668566], "var": [0.011263050139, 1.25278460979, 3.27556967735, 12.1843109131, 14.8558969498, 44.3526916504, 93.5177078247, 121.759124756, 719.455688477, 1821.38012695, 2271.31835938, 4171.66308594, 2508.10424805, 2642.4296875, 3297.69775391, 2209.46459961, 4601.72265625, 2089.20410156, 3691.72607422, 3184.01098633, 3163.46362305, 2673.47949219, 2030.39611816, 1550.50354004, 2438.76342773, 1008.49432373, 600.443725586, 469.839569092, 627.079711914, 538.062316895, 492.724365234, 269.172668457, 196.214492798, 68.5734939575, 19.1575889587, 17.1846218109, 0.883462786674, 0.0630582049489, 0.00101928506047, 3.16106479659e-06]}, "gfcc": {"icov": [[0.000105264662125, 4.82738396386e-05, 0.000106710213004, -4.61921918031e-05, 4.27203740401e-05, -0.000185495024198, 0.000158115581144, -0.000212391329114, 0.000190731036128, -0.000180493705557, 0.000170622079168, 1.2889021491e-05, 0.000147441867739], [4.82738396386e-05, 0.00114396039862, 0.000381655467208, -0.000344151136233, -0.000493165047374, 0.000461124844151, -0.000725331192371, -2.43631893682e-06, -0.000449264334748, 0.000864458270371, -0.000975335773546, -0.000372013135348, 0.000406973791542], [0.000106710213004, 0.000381655467208, 0.00159613450523, -0.00068380124867, -0.000151385058416, -0.00103496946394, 0.00126645516139, -0.00181175849866, 0.00158914853819, -0.0015346655855, 8.17204854684e-05, -0.000763009709772, 0.00114702456631], [-4.61921918031e-05, -0.000344151136233, -0.00068380124867, 0.00260414462537, -0.000683800433762, 0.000388699903851, -0.000872264790814, 0.00154383422341, -0.00231788796373, 7.66827870393e-05, -0.000365040061297, 0.001515361364, -0.00134080927819], [4.27203740401e-05, -0.000493165047374, -0.000151385058416, -0.000683800433762, 0.00299560697749, -0.000643171137199, 0.00055279902881, -0.00115297606681, 0.00107369676698, -0.00058314303169, 0.000270138116321, 0.00111306074541, -0.00161681510508], [-0.000185495024198, 0.000461124844151, -0.00103496946394, 0.000388699903851, -0.000643171137199, 0.0058336397633, -0.00357607379556, 0.000600575993303, -0.0022655937355, 0.00193758425303, -0.000516717322171, -0.000889466551598, 0.000241647401708], [0.000158115581144, -0.000725331192371, 0.00126645516139, -0.000872264790814, 0.00055279902881, -0.00357607379556, 0.00659949611872, -0.00287988176569, 0.00295579689555, -0.0014863013057, 0.000877986836713, -0.00106827449054, 0.00232437276281], [-0.000212391329114, -2.43631893682e-06, -0.00181175849866, 0.00154383422341, -0.00115297606681, 0.000600575993303, -0.00287988176569, 0.00938955135643, -0.00403491407633, -0.000400228833314, -0.00115419656504, 0.00118374056183, -0.0019488199614], [0.000190731036128, -0.000449264334748, 0.00158914853819, -0.00231788796373, 0.00107369676698, -0.0022655937355, 0.00295579689555, -0.00403491407633, 0.0101644517854, -0.00389719591476, 0.00281437858939, -0.000513498729561, 0.00155205791816], [-0.000180493705557, 0.000864458270371, -0.0015346655855, 7.66827870393e-05, -0.00058314303169, 0.00193758425303, -0.0014863013057, -0.000400228833314, -0.00389719591476, 0.0139274811372, -0.0055596656166, 0.000779132009484, 0.000194994703634], [0.000170622079168, -0.000975335773546, 8.17204854684e-05, -0.000365040061297, 0.000270138116321, -0.000516717322171, 0.000877986836713, -0.00115419656504, 0.00281437858939, -0.0055596656166, 0.0144207309932, -0.00619004992768, 0.00194546603598], [1.2889021491e-05, -0.000372013135348, -0.000763009709772, 0.001515361364, 0.00111306074541, -0.000889466551598, -0.00106827449054, 0.00118374056183, -0.000513498729561, 0.000779132009484, -0.00619004992768, 0.0172957889736, -0.0061419159174], [0.000147441867739, 0.000406973791542, 0.00114702456631, -0.00134080927819, -0.00161681510508, 0.000241647401708, 0.00232437276281, -0.0019488199614, 0.00155205791816, 0.000194994703634, 0.00194546603598, -0.0061419159174, 0.0162861365825]], "mean": [4.56465435028, 28.9429168701, -109.829376221, 28.083776474, -55.724697113, -1.62731599808, -40.9131774902, 2.04891586304, -22.6659584045, 1.85654008389, -13.9841909409, 2.55878138542, -15.7525424957], "cov": [[11661.8740234, -1034.0871582, -20.1788272858, -222.551254272, -210.551773071, 305.952209473, -74.9248809814, 188.097976685, -32.8778419495, 91.687286377, -167.097686768, -102.994773865, -105.724349976], [-1034.0871582, 1618.00732422, -655.365966797, 261.157714844, 174.346847534, -61.0174217224, 221.811172485, -65.616897583, 72.3063812256, -107.224487305, 59.2933502197, 19.3216571808, 9.88889980316], [-20.1788272858, -655.365966797, 1650.48779297, 114.842437744, 189.502716064, 199.343597412, -91.5786437988, 279.145874023, -31.7527046204, 226.774093628, 93.0976791382, 35.0752639771, -25.482717514], [-222.551254272, 261.157714844, 114.842437744, 656.855407715, 196.248733521, 18.5504302979, 28.4633255005, 12.301030159, 136.500335693, 38.1567726135, -3.06888151169, -46.4690208435, 27.4720077515], [-210.551773071, 174.346847534, 189.502716064, 196.248733521, 490.795349121, 44.2224273682, 12.321647644, 82.4101333618, 15.6644277573, 33.8792114258, 11.784081459, -19.698425293, 45.7953262329], [305.952209473, -61.0174217224, 199.343597412, 18.5504302979, 44.2224273682, 324.166748047, 160.150405884, 82.1710739136, 26.1059818268, 17.340795517, 12.4725732803, 19.6670017242, -23.9698028564], [-74.9248809814, 221.811172485, -91.5786437988, 28.4633255005, 12.321647644, 160.150405884, 322.585174561, 56.7483215332, -6.43415641785, -5.75085735321, 18.1963863373, 17.1752986908, -31.487827301], [188.097976685, -65.616897583, 279.145874023, 12.301030159, 82.4101333618, 82.1710739136, 56.7483215332, 210.174255371, 47.5098762512, 64.1104354858, 24.39544487, 4.5599398613, -1.18769395351], [-32.8778419495, 72.3063812256, -31.7527046204, 136.500335693, 15.6644277573, 26.1059818268, -6.43415641785, 47.5098762512, 179.93649292, 33.6633987427, -15.6803894043, -17.8275356293, -2.66491603851], [91.687286377, -107.224487305, 226.774093628, 38.1567726135, 33.8792114258, 17.340795517, -5.75085735321, 64.1104354858, 33.6633987427, 131.724945068, 44.9424324036, 6.94944381714, -6.91550588608], [-167.097686768, 59.2933502197, 93.0976791382, -3.06888151169, 11.784081459, 12.4725732803, 18.1963863373, 24.39544487, -15.6803894043, 44.9424324036, 114.931472778, 43.0416641235, -2.01223516464], [-102.994773865, 19.3216571808, 35.0752639771, -46.4690208435, -19.698425293, 19.6670017242, 17.1752986908, 4.5599398613, -17.8275356293, 6.94944381714, 43.0416641235, 88.5779190063, 19.8797225952], [-105.724349976, 9.88889980316, -25.482717514, 27.4720077515, 45.7953262329, -23.9698028564, -31.487827301, -1.18769395351, -2.66491603851, -6.91550588608, -2.01223516464, 19.8797225952, 83.4965515137]]}, "spectral_skewness": {"mean": 1.21660614014, "dvar": 0.0525659509003, "min": -0.387259870768, "dmean": 0.223515197635, "dmean2": 0.342671006918, "dvar2": 0.127364128828, "max": 3.88790893555, "median": 1.22183227539, "var": 0.14325606823}, "spectral_energyband_low": {"mean": 0.00347748841159, "dvar": 2.45799783443e-05, "min": 2.06161224515e-22, "dmean": 0.00274416455068, "dmean2": 0.00410285498947, "dvar2": 5.44484937564e-05, "max": 0.0442195124924, "median": 0.00121280504391, "var": 3.18034180964e-05}, "spectral_energyband_middle_low": {"mean": 0.00572824245319, "dvar": 1.54761055455e-05, "min": 4.4730240959e-22, "dmean": 0.00279009854421, "dmean2": 0.00430267630145, "dvar2": 3.65451014659e-05, "max": 0.0754121243954, "median": 0.00413577863947, "var": 3.06290057779e-05}, "mfcc": {"icov": [[0.000111348359496, 5.19405366504e-05, 4.60459705209e-05, 3.41244449373e-05, 2.57641640928e-05, -2.94785331789e-05, -3.40525843967e-06, 2.18692002818e-05, -8.21590292617e-05, -4.15564645664e-05, -2.35923907894e-05, -2.08460933209e-05, 4.12370136473e-05], [5.19405366504e-05, 0.00134738604538, 0.000540095148608, -0.000483068695758, -0.000218620683881, 0.000366217049304, -0.00041875577881, -0.00106085871812, 0.000764842377976, 0.000373482587747, -0.000805566378403, 0.000429238803918, 7.49328610254e-05], [4.60459705209e-05, 0.000540095148608, 0.00136233645026, -1.53354558279e-05, -0.000492287974339, 0.000306640315102, -0.000558296625968, -0.000187774450751, 0.000613713520579, -0.000491085578687, -0.000669907138217, -0.000567160430364, -9.92987988866e-05], [3.41244449373e-05, -0.000483068695758, -1.53354558279e-05, 0.0025935403537, -0.000700027681887, -0.000927997927647, 0.000312989956001, 0.00125942588784, -0.000640924845356, -0.000825201685075, 0.000714528548997, -0.000414888636442, -0.00105541455559], [2.57641640928e-05, -0.000218620683881, -0.000492287974339, -0.000700027681887, 0.00286533334292, 0.000248485943303, -0.000115546223242, 0.000982567551546, -0.00145159952808, -0.000327724876115, 0.000786021177191, -0.000772957107984, 0.000237958302023], [-2.94785331789e-05, 0.000366217049304, 0.000306640315102, -0.000927997927647, 0.000248485943303, 0.00553007842973, -0.000843217712827, -0.00225639832206, -5.82330430916e-05, -0.000316498422762, 4.03882513638e-05, -0.00101042096503, 0.00150702218525], [-3.40525843967e-06, -0.00041875577881, -0.000558296625968, 0.000312989956001, -0.000115546223242, -0.000843217712827, 0.00434495741501, -0.00108837138396, -0.000616623321548, 0.000996676972136, -0.000603859545663, -0.000544160546269, -0.000493986066431], [2.18692002818e-05, -0.00106085871812, -0.000187774450751, 0.00125942588784, 0.000982567551546, -0.00225639832206, -0.00108837138396, 0.0087275840342, -0.00265856762417, -0.00120769732166, 6.472413952e-05, 0.000109474232886, -0.00174588069785], [-8.21590292617e-05, 0.000764842377976, 0.000613713520579, -0.000640924845356, -0.00145159952808, -5.82330430916e-05, -0.000616623321548, -0.00265856762417, 0.00965540856123, -0.0038058240898, 0.00106605852488, 0.000342016981449, -0.000308609654894], [-4.15564645664e-05, 0.000373482587747, -0.000491085578687, -0.000825201685075, -0.000327724876115, -0.000316498422762, 0.000996676972136, -0.00120769732166, -0.0038058240898, 0.0129497405142, -0.00585018657148, 3.67523462046e-05, 0.00147878006101], [-2.35923907894e-05, -0.000805566378403, -0.000669907138217, 0.000714528548997, 0.000786021177191, 4.03882513638e-05, -0.000603859545663, 6.472413952e-05, 0.00106605852488, -0.00585018657148, 0.0131427748129, -0.00319736171514, -0.000860275584273], [-2.08460933209e-05, 0.000429238803918, -0.000567160430364, -0.000414888636442, -0.000772957107984, -0.00101042096503, -0.000544160546269, 0.000109474232886, 0.000342016981449, 3.67523462046e-05, -0.00319736171514, 0.0151524171233, -0.00470969825983], [4.12370136473e-05, 7.49328610254e-05, -9.92987988866e-05, -0.00105541455559, 0.000237958302023, 0.00150702218525, -0.000493986066431, -0.00174588069785, -0.000308609654894, 0.00147878006101, -0.000860275584273, -0.00470969825983, 0.0135146109387]], "mean": [-643.182800293, 72.5771331787, -2.73099017143, 25.8968601227, 2.99515557289, -0.156207740307, -7.88650560379, -0.591625809669, -9.3639755249, -1.95052671432, 2.42839765549, -3.32981491089, -1.85263466835], "cov": [[9569.40332031, -463.738739014, -276.036468506, -202.713500977, -162.004882812, 87.699180603, -48.2089653015, 13.5060586929, 124.605895996, 70.2791900635, 6.54538822174, -14.3432788849, -60.8574371338], [-463.738739014, 1124.97912598, -386.40246582, 112.228302002, -30.3817691803, 11.2979955673, 83.6937179565, 112.840766907, -46.6935157776, -41.1807899475, 25.7923240662, -32.2174568176, 11.8684844971], [-276.036468506, -386.40246582, 1134.87536621, 17.234500885, 198.464889526, -22.8252449036, 116.128356934, -14.8566427231, 12.9099817276, 88.3281097412, 91.7103118896, 99.2629241943, 45.1051826477], [-202.713500977, 112.228302002, 17.234500885, 561.267456055, 206.620361328, 53.7078132629, -18.1143875122, -46.1998443604, 62.1045036316, 45.5337295532, -10.5550804138, 33.5463142395, 35.1517181396], [-162.004882812, -30.3817691803, 198.464889526, 206.620361328, 512.18347168, -10.9572038651, 12.4049654007, -53.3768959045, 83.5817489624, 46.9715385437, -8.04473686218, 40.7537651062, 14.4775238037], [87.699180603, 11.2979955673, -22.8252449036, 53.7078132629, -10.9572038651, 239.453521729, 62.4432907104, 78.2295761108, 39.182964325, 28.3285045624, 12.4513711929, 17.3807983398, -5.77921295166], [-48.2089653015, 83.6937179565, 116.128356934, -18.1143875122, 12.4049654007, 62.4432907104, 301.247467041, 81.7274932861, 27.2528305054, 7.68470573425, 35.040763855, 31.427116394, 26.4733085632], [13.5060586929, 112.840766907, -14.8566427231, -46.1998443604, -53.3768959045, 78.2295761108, 81.7274932861, 193.641174316, 49.2224273682, 30.3313941956, 27.4794769287, 9.45184803009, 18.6834125519], [124.605895996, -46.6935157776, 12.9099817276, 62.1045036316, 83.5817489624, 39.182964325, 27.2528305054, 49.2224273682, 163.333587646, 62.6842575073, 8.50660133362, 11.5503854752, 7.77497959137], [70.2791900635, -41.1807899475, 88.3281097412, 45.5337295532, 46.9715385437, 28.3285045624, 7.68470573425, 30.3313941956, 62.6842575073, 132.428665161, 56.0406608582, 20.9432754517, 2.23881554604], [6.54538822174, 25.7923240662, 91.7103118896, -10.5550804138, -8.04473686218, 12.4513711929, 35.040763855, 27.4794769287, 8.50660133362, 56.0406608582, 118.393173218, 33.7226753235, 16.6210689545], [-14.3432788849, -32.2174568176, 99.2629241943, 33.5463142395, 40.7537651062, 17.3807983398, 31.427116394, 9.45184803009, 11.5503854752, 20.9432754517, 33.7226753235, 93.8494033813, 36.1098251343], [-60.8574371338, 11.8684844971, 45.1051826477, 35.1517181396, 14.4775238037, -5.77921295166, 26.4733085632, 18.6834125519, 7.77497959137, 2.23881554604, 16.6210689545, 36.1098251343, 94.5357131958]]}, "silence_rate_20dB": {"mean": 1, "dvar": 0, "min": 1, "dmean": 0, "dmean2": 0, "dvar2": 0, "max": 1, "median": 1, "var": 0}, "dynamic_complexity": 3.7855451107, "silence_rate_60dB": {"mean": 0.103211224079, "dvar": 0.0355569086969, "min": 0, "dmean": 0.036918438971, "dmean2": 0.0738438367844, "dvar2": 0.0768640041351, "max": 1, "median": 0, "var": 0.092561416328}, "dissonance": {"mean": 0.474956959486, "dvar": 0.000230548539548, "min": 0.261736929417, "dmean": 0.013906698674, "dmean2": 0.0231646038592, "dvar2": 0.000616163946688, "max": 0.5, "median": 0.481536477804, "var": 0.000488070771098}, "barkbands": {"mean": [9.19120429899e-05, 0.0020515518263, 0.00102793495171, 0.000530947232619, 0.00125050579663, 0.000997469294816, 0.00108380184975, 0.000728849321604, 0.000960025994573, 0.000593401375227, 0.000431973865489, 0.000455974281067, 0.000606019282714, 0.000513392151333, 0.000649525609333, 0.000554229074623, 0.000593480479438, 0.000650014262646, 0.000632897310425, 0.000468938029371, 0.000406644307077, 0.00047212294885, 0.000404669001, 0.000337830831995, 0.000341935607139, 0.000317681056913, 9.42063561524e-05], "dvar": [5.83606718507e-09, 2.11155384022e-05, 1.5870803054e-06, 1.98330462808e-06, 1.78395987405e-06, 8.62849049099e-07, 3.96835093852e-06, 4.22230277763e-06, 4.46531566922e-06, 1.94135009224e-06, 1.58999705491e-06, 1.17799663713e-06, 1.56406781571e-06, 9.01593296021e-07, 8.31919464872e-07, 6.05327954872e-07, 4.49852279871e-07, 2.66774634383e-07, 6.19472075414e-07, 2.82783759076e-07, 1.7723016299e-07, 2.2210986117e-07, 2.76104685781e-07, 2.91742026093e-07, 2.6015726462e-07, 4.61067969582e-07, 3.60641152497e-08], "min": [1.35786028081e-23, 1.06756723008e-22, 5.46708753875e-23, 4.75840014505e-23, 8.49505376171e-23, 7.26846025107e-23, 6.45698175706e-23, 5.0283660173e-23, 5.51893526398e-23, 2.09187433787e-22, 6.92813051043e-23, 1.14040648089e-22, 1.49668282385e-22, 1.7167045869e-22, 2.02492188268e-22, 1.89901021588e-22, 2.00425095018e-22, 8.76883772074e-23, 2.66101917941e-22, 2.88889193863e-22, 4.17378807618e-22, 4.59933675648e-22, 7.23337588319e-22, 1.04969260123e-21, 1.00310704525e-21, 1.82654504923e-21, 2.67695194826e-21], "dmean": [3.87907857657e-05, 0.00201712967828, 0.000724131823517, 0.000539227796253, 0.000848946918268, 0.000534877413884, 0.000833157449961, 0.000613651354797, 0.000721957127098, 0.000425393256592, 0.000343867402989, 0.000340577447787, 0.000439184863353, 0.000378634082153, 0.000440649542725, 0.000388922402635, 0.000383414851967, 0.000360009405995, 0.000449482788099, 0.000322181673255, 0.000254121783655, 0.000263378373347, 0.000230339443078, 0.000233740560361, 0.000282012420939, 0.000323118438246, 8.87139685801e-05], "dmean2": [5.6098557252e-05, 0.00313775334507, 0.00123011693358, 0.000921110680792, 0.00140702922363, 0.000846079317853, 0.00135247362778, 0.000993244000711, 0.00112412497401, 0.000671379442792, 0.000550608616322, 0.000530548975803, 0.000687651569024, 0.000598665967118, 0.000662807142362, 0.000597074744292, 0.000605629000347, 0.000546130642761, 0.000747181999031, 0.000507394957822, 0.000390719738789, 0.000379977864213, 0.000334676675266, 0.000346074288245, 0.000440215226263, 0.000525368493982, 0.000143693861901], "dvar2": [1.16420419971e-08, 5.03433329868e-05, 4.22969333158e-06, 5.00980877405e-06, 4.58435579276e-06, 2.14603187487e-06, 9.8389782579e-06, 1.10757828224e-05, 1.03276543086e-05, 4.83188978251e-06, 3.98761585529e-06, 2.85573742076e-06, 3.79959828933e-06, 2.29240117733e-06, 1.82009057426e-06, 1.47428499986e-06, 1.00379190826e-06, 5.92664662236e-07, 1.67687517205e-06, 6.84015390107e-07, 4.11900373365e-07, 4.75764068142e-07, 5.61178183034e-07, 5.63491596495e-07, 5.81824565415e-07, 1.14358522296e-06, 9.06743196083e-08], "max": [0.000784654926974, 0.0384129993618, 0.0116804242134, 0.0165402591228, 0.0203909184784, 0.0221899449825, 0.0670145750046, 0.0613028407097, 0.0443833433092, 0.0414294116199, 0.0450210012496, 0.0312422532588, 0.0327113159001, 0.0249023195356, 0.0213238243014, 0.0142449727282, 0.00733208516613, 0.00836554821581, 0.00888621341437, 0.0121736302972, 0.00710658915341, 0.0113581968471, 0.0185257047415, 0.0166791062802, 0.00986312050372, 0.00977827142924, 0.00454596988857], "median": [6.76216513966e-05, 0.000327115994878, 0.0003907213395, 0.000166848898516, 0.000747225538362, 0.000596397556365, 0.00039106211625, 8.54161335155e-05, 0.000153047876665, 0.000122654659208, 5.44029062439e-05, 0.000113315974886, 0.000155424932018, 0.000160148571013, 0.0001512079034, 0.000160405863426, 0.000237021245994, 0.000342631275998, 0.000338282960001, 0.000197902292712, 0.000205218195333, 0.000217191685806, 0.00017821486108, 0.000124437210616, 8.51923614391e-05, 5.4173724493e-05, 1.80692422873e-05], "var": [8.31654833888e-09, 2.16727748921e-05, 2.19028174797e-06, 1.67271923601e-06, 2.46760714617e-06, 1.63945219356e-06, 5.06409924128e-06, 5.3422882047e-06, 7.57251518735e-06, 3.03827846437e-06, 2.37004769588e-06, 1.66507606991e-06, 2.39796827373e-06, 1.13506553134e-06, 1.5575959651e-06, 9.82765868685e-07, 8.10962376363e-07, 6.51325365197e-07, 7.45938166347e-07, 4.82320274386e-07, 3.12651252443e-07, 4.8701696187e-07, 5.8810394421e-07, 6.32355181551e-07, 4.35586343883e-07, 4.36343214005e-07, 3.53763560668e-08]}, "spectral_complexity": {"mean": 21.0316410065, "dvar": 40.5967407227, "min": 0, "dmean": 5.87869644165, "dmean2": 8.14768791199, "dvar2": 69.1107406616, "max": 62, "median": 19, "var": 192.339324951}, "spectral_energyband_high": {"mean": 0.0025658949744, "dvar": 4.56786438008e-06, "min": 7.93314432714e-21, "dmean": 0.00151430489495, "dmean2": 0.00222153356299, "dvar2": 9.76502360572e-06, "max": 0.0412351898849, "median": 0.00153724802658, "var": 1.01282766991e-05}, "hfc": {"mean": 35.3125038147, "dvar": 536.581665039, "min": 1.22351434306e-16, "dmean": 17.7230701447, "dmean2": 25.5915489197, "dvar2": 1151.71484375, "max": 390.960754395, "median": 26.0414390564, "var": 1202.77893066}, "melbands_kurtosis": {"mean": 8.18021202087, "dvar": 168.912582397, "min": -1.91987407207, "dmean": 6.14478778839, "dmean2": 9.54906368256, "dvar2": 379.090606689, "max": 362.92364502, "median": 3.54651641846, "var": 341.106262207}, "spectral_strongpeak": {"mean": 0.837492525578, "dvar": 1.01080834866, "min": 0, "dmean": 0.590288519859, "dmean2": 1.00250339508, "dvar2": 2.65035796165, "max": 18.8991775513, "median": 0.402215093374, "var": 1.28456938267}, "silence_rate_30dB": {"mean": 0.999811649323, "dvar": 0.000188302889001, "min": 0, "dmean": 0.000188359394087, "dmean2": 0.000376754265744, "dvar2": 0.000376669457182, "max": 1, "median": 1, "var": 0.000188285164768}, "melbands_spread": {"mean": 49.1881752014, "dvar": 436.839477539, "min": 0.676284492016, "dmean": 18.3245410919, "dmean2": 28.3941459656, "dvar2": 938.742980957, "max": 292.484191895, "median": 43.6724967957, "var": 991.116516113}, "melbands_crest": {"mean": 12.4758367538, "dvar": 11.0898265839, "min": 1.00284552574, "dmean": 3.75993704796, "dmean2": 6.18700408936, "dvar2": 27.5684509277, "max": 34.2565803528, "median": 11.713971138, "var": 25.6375179291}, "average_loudness": 0.937446892262, "spectral_flux": {"mean": 0.0820646882057, "dvar": 0.000399739714339, "min": 1.06455018412e-10, "dmean": 0.0215665046126, "dmean2": 0.0309549476951, "dvar2": 0.000805841584224, "max": 0.279294252396, "median": 0.0797721743584, "var": 0.0016703979345}, "spectral_rolloff": {"mean": 4192.25976562, "dvar": 5836330, "min": 64.599609375, "dmean": 1889.30700684, "dmean2": 3078.37646484, "dvar2": 12689158, "max": 18798.4863281, "median": 3359.1796875, "var": 9483293}, "melbands": {"mean": [0.000499402987771, 0.000679152144585, 0.000291913776891, 0.000272353528999, 0.000227970464039, 0.000192010818864, 0.000212502738577, 0.000180338916834, 0.000160049879923, 0.00012797274394, 8.59608553583e-05, 7.37225345802e-05, 6.10425195191e-05, 5.1463375712e-05, 6.57606287859e-05, 4.98866065755e-05, 4.35510992247e-05, 5.70299089304e-05, 4.49384388048e-05, 3.36934317602e-05, 4.03076737712e-05, 3.43971078109e-05, 3.1951807614e-05, 3.22656669596e-05, 2.50907542068e-05, 2.47569059866e-05, 2.16528205783e-05, 1.23025001812e-05, 9.92623154161e-06, 1.06138677438e-05, 8.43459929456e-06, 8.90600858838e-06, 9.59972294368e-06, 8.00618727226e-06, 6.63374112264e-06, 5.1458237067e-06, 4.31330045103e-06, 4.08916775996e-06, 3.10526252179e-06, 3.88786520489e-06], "dvar": [1.27575083297e-06, 8.93836613614e-07, 3.31292255851e-07, 9.69292841546e-08, 5.73156491157e-08, 3.2412991402e-08, 1.36490555747e-07, 1.83713765978e-07, 1.27770306335e-07, 8.31971647131e-08, 4.24986623671e-08, 2.80769949512e-08, 2.80140870501e-08, 1.50160328616e-08, 2.60673473917e-08, 7.36275573843e-09, 6.89664148013e-09, 7.07301817116e-09, 4.99901942064e-09, 2.67604804982e-09, 2.76264100485e-09, 1.70136038591e-09, 1.39182776415e-09, 7.86439080525e-10, 5.11263753555e-10, 1.36781319604e-09, 9.06878072637e-10, 2.23228421858e-10, 1.68422331637e-10, 1.7146016551e-10, 9.03344898884e-11, 1.03560195142e-10, 1.09521440528e-10, 9.80703504516e-11, 8.72906052996e-11, 6.47890560646e-11, 4.93697409343e-11, 6.43672753986e-11, 3.3976654823e-11, 4.17093790062e-11], "min": [3.24377237644e-23, 2.92677430148e-23, 2.09658323794e-23, 1.57572583458e-23, 1.71050966221e-23, 1.53668794828e-23, 1.04257718946e-23, 1.72456369256e-23, 7.48622293737e-24, 8.89744066541e-24, 2.77830468377e-23, 1.93849693248e-23, 9.53787660245e-24, 1.32277742755e-23, 1.09812782777e-23, 1.68845074472e-23, 1.98593192757e-23, 5.75502823782e-24, 1.88370943821e-23, 1.89307211275e-23, 8.64658684185e-24, 1.08016964592e-23, 7.47549916222e-24, 5.22312260082e-24, 6.28278052215e-24, 1.27351369511e-23, 9.67988813147e-24, 8.8201504405e-24, 6.9203035903e-24, 1.08016002182e-23, 1.15059851645e-23, 1.09630445467e-23, 7.42824876058e-24, 8.93539670786e-24, 1.06538126496e-23, 1.49088368645e-23, 7.92414802485e-24, 1.38120425272e-23, 1.36745298719e-23, 1.05409392758e-23], "dmean": [0.000490745936986, 0.000503894931171, 0.00024921252043, 0.000193485946511, 0.000135179099743, 0.000102386620711, 0.000154440393089, 0.000146269114339, 0.000126662358525, 9.52011832851e-05, 6.25228130957e-05, 5.28228047187e-05, 4.6399927669e-05, 3.74095725419e-05, 4.96946304338e-05, 3.72255271941e-05, 3.29306931235e-05, 4.036829705e-05, 3.12017036777e-05, 2.35476691159e-05, 2.72448905889e-05, 2.27851196541e-05, 2.06542699743e-05, 1.87548193935e-05, 1.48204944708e-05, 1.95147258637e-05, 1.66683275893e-05, 8.25864299259e-06, 7.39871757105e-06, 7.23130824554e-06, 5.18839215147e-06, 5.38375797987e-06, 5.59438558412e-06, 4.71065459351e-06, 4.08584855904e-06, 3.17207172884e-06, 2.98973282042e-06, 3.2102905152e-06, 2.3661434625e-06, 3.45540183844e-06], "dmean2": [0.000766254204791, 0.000766740762629, 0.000419363117544, 0.000320463906974, 0.000216920379899, 0.000161539544933, 0.000251045566984, 0.00023410153517, 0.000200387192308, 0.00014828221174, 9.77527306532e-05, 8.36126637296e-05, 7.36231813789e-05, 5.84434128541e-05, 7.95656233095e-05, 5.73828838242e-05, 5.19568129675e-05, 6.26571636531e-05, 4.60987903352e-05, 3.58988145308e-05, 4.18819399783e-05, 3.63349245163e-05, 3.20808358083e-05, 2.86864597001e-05, 2.36739670072e-05, 3.31951596308e-05, 2.75005968433e-05, 1.29191266751e-05, 1.19553224067e-05, 1.14565373224e-05, 7.85258180258e-06, 7.99021199782e-06, 8.02720478532e-06, 7.0403166319e-06, 6.10623737884e-06, 4.69050519314e-06, 4.44758961748e-06, 4.91172795591e-06, 3.71325222659e-06, 5.57315161132e-06], "dvar2": [3.00386318486e-06, 2.0083346044e-06, 8.26267694265e-07, 2.50642870014e-07, 1.46933587075e-07, 7.89536045431e-08, 3.47555555891e-07, 4.57349329963e-07, 3.2080379242e-07, 1.9226028769e-07, 1.05489135649e-07, 6.97685251794e-08, 7.00590376823e-08, 3.52477584897e-08, 6.40229984583e-08, 1.78208985346e-08, 1.74132317454e-08, 1.66976210636e-08, 1.13002860402e-08, 6.32383923005e-09, 6.80403999809e-09, 3.84685128196e-09, 3.08735792487e-09, 1.86196047469e-09, 1.27313248832e-09, 3.75584585655e-09, 2.36684360999e-09, 5.22947463111e-10, 4.14314360597e-10, 4.10865202971e-10, 2.03632749551e-10, 2.2305275682e-10, 2.48803422309e-10, 2.19866513884e-10, 1.85024717769e-10, 1.34028760312e-10, 1.00615099585e-10, 1.387616827e-10, 7.0172916089e-11, 9.94446053282e-11], "max": [0.00856315344572, 0.0099657587707, 0.0061368686147, 0.00463847350329, 0.00396370003, 0.0041411141865, 0.0157508999109, 0.0132731581107, 0.00806700438261, 0.00740949157625, 0.0070469439961, 0.00611024489626, 0.00582165876403, 0.00385797233321, 0.00423171930015, 0.00180377345532, 0.00202104216442, 0.00190439086873, 0.00184305512812, 0.000946555344854, 0.00103428668808, 0.000618273159489, 0.000669440429192, 0.000552258628886, 0.000359165103873, 0.000409603235312, 0.000513534992933, 0.000350324582541, 0.000189357044292, 0.000250400451478, 0.000246963725658, 0.000261706358287, 0.000336470286129, 0.000406082312111, 0.00033931111102, 0.000259204301983, 0.000208634330193, 0.000245028408244, 0.000182545831194, 9.210222197e-05], "median": [7.45264696889e-05, 0.000185727927601, 0.000145841346239, 0.000153118700837, 0.000131432170747, 0.000116653762234, 8.74280449352e-05, 3.40218248311e-05, 2.52179961535e-05, 2.17642409552e-05, 1.74223878275e-05, 1.53335204232e-05, 1.01137238744e-05, 1.26039858515e-05, 1.38251189128e-05, 1.58030652528e-05, 1.30280241137e-05, 1.68850965565e-05, 1.04431846921e-05, 9.46945510805e-06, 1.2823268662e-05, 1.38514060382e-05, 1.2575997971e-05, 1.65876681422e-05, 1.3776767446e-05, 1.2526811588e-05, 9.44329713093e-06, 4.60942737845e-06, 3.78787308364e-06, 5.14112252858e-06, 3.76761181542e-06, 3.7077234083e-06, 4.24764220952e-06, 3.78362756237e-06, 2.64885352408e-06, 1.84538305348e-06, 1.61961736467e-06, 1.11418478355e-06, 8.73726207828e-07, 8.92000400654e-07], "var": [1.3213677903e-06, 1.20527386116e-06, 3.05051713667e-07, 1.305065922e-07, 9.70452802562e-08, 6.09060819556e-08, 1.70760969809e-07, 2.31690961527e-07, 1.85290716104e-07, 1.4711706342e-07, 6.79705607354e-08, 4.61708040689e-08, 3.94436803219e-08, 2.30244765476e-08, 4.06630071836e-08, 1.08183009218e-08, 8.84686723879e-09, 1.07939390759e-08, 8.79063311032e-09, 4.26121138375e-09, 4.62868987583e-09, 2.87219914519e-09, 2.4657864639e-09, 1.73434722139e-09, 1.04823572045e-09, 1.35482136621e-09, 1.09797126946e-09, 4.14548562144e-10, 2.4787885633e-10, 2.41608566487e-10, 1.67836425313e-10, 2.14372908314e-10, 2.13868339705e-10, 1.74480915827e-10, 1.74702807776e-10, 1.39349448647e-10, 1.00997134267e-10, 1.11169046191e-10, 6.2736385531e-11, 5.73522514202e-11]}, "spectral_energy": {"mean": 0.0172479543835, "dvar": 5.44529248145e-05, "min": 1.13326708522e-20, "dmean": 0.00659402925521, "dmean2": 0.0088447984308, "dvar2": 9.81025223155e-05, "max": 0.123997479677, "median": 0.0142926117405, "var": 0.00018242749502}, "spectral_decrease": {"mean": -3.72128639015e-09, "dvar": 3.01015657119e-18, "min": -2.5285618932e-08, "dmean": 1.50019374701e-09, "dmean2": 2.03924388487e-09, "dvar2": 5.83070762956e-18, "max": 2.51894158912e-28, "median": -2.99102498325e-09, "var": 9.189108893e-18}, "erbbands_spread": {"mean": 46.8164901733, "dvar": 142.908462524, "min": 4.93019866943, "dmean": 11.785487175, "dmean2": 18.0994949341, "dvar2": 327.179229736, "max": 161.18687439, "median": 43.2953338623, "var": 446.870269775}, "spectral_contrast_coeffs": {"mean": [-0.627457380295, -0.703686773777, -0.767286300659, -0.776984751225, -0.777427732944, -0.746585249901], "dvar": [0.00234434497543, 0.00184582395013, 0.0014174998505, 0.000913797761314, 0.000457787100459, 0.000858700717799], "min": [-0.967281758785, -0.995872735977, -0.998377561569, -0.983021974564, -0.987069487572, -0.962624967098], "dmean": [0.0569144263864, 0.0533205419779, 0.0440757833421, 0.0359945483506, 0.0242319405079, 0.0300054121763], "dmean2": [0.0910128429532, 0.0864623486996, 0.0696949288249, 0.0577782355249, 0.038346581161, 0.0438901223242], "dvar2": [0.0054118479602, 0.00466530350968, 0.00329319946468, 0.002186199883, 0.00102871609852, 0.00167481484823], "max": [-0.300916045904, -0.378921449184, -0.38008248806, -0.51256942749, -0.499822884798, -0.415238559246], "median": [-0.641777515411, -0.70673584938, -0.782322466373, -0.784706771374, -0.782010793686, -0.747105836868], "var": [0.00912143196911, 0.0062022767961, 0.00685278419405, 0.00353317451663, 0.00232001394033, 0.00374274584465]}, "spectral_energyband_middle_high": {"mean": 0.00589800579473, "dvar": 1.27684943436e-05, "min": 1.78545501386e-21, "dmean": 0.00254635349847, "dmean2": 0.00361609668471, "dvar2": 2.36362648138e-05, "max": 0.0845096930861, "median": 0.0035971510224, "var": 4.48296559625e-05}, "erbbands_crest": {"mean": 7.79322433472, "dvar": 6.22198963165, "min": 2.22169852257, "dmean": 2.5811355114, "dmean2": 4.31432533264, "dvar2": 16.3086452484, "max": 30.6244029999, "median": 6.92689990997, "var": 11.9067668915}, "barkbands_crest": {"mean": 8.00010490417, "dvar": 8.5940284729, "min": 1.86879551411, "dmean": 2.99272966385, "dmean2": 4.94273138046, "dvar2": 21.8056583405, "max": 24.8954620361, "median": 6.95605134964, "var": 15.5891132355}, "pitch_salience": {"mean": 0.606365561485, "dvar": 0.00594704691321, "min": 0.107536964118, "dmean": 0.0820192471147, "dmean2": 0.131184443831, "dvar2": 0.0140433451161, "max": 0.996049106121, "median": 0.623734772205, "var": 0.0122398016974}, "melbands_skewness": {"mean": 2.14405608177, "dvar": 0.921010911465, "min": -1.97335779667, "dmean": 0.835997104645, "dmean2": 1.2568513155, "dvar2": 1.99840342999, "max": 15.1756420135, "median": 1.8585511446, "var": 2.53999614716}, "spectral_spread": {"mean": 5948496.5, "dvar": 1930299441150.0, "min": 963392.4375, "dmean": 1212678.75, "dmean2": 1714315.125, "dvar2": 3845875302400.0, "max": 39619444, "median": 5296024.5, "var": 6711134912510.0}, "spectral_entropy": {"mean": 7.97430467606, "dvar": 0.0281033869833, "min": 6.0367102623, "dmean": 0.178491383791, "dmean2": 0.257713407278, "dvar2": 0.0592654570937, "max": 9.80353355408, "median": 8.00277996063, "var": 0.118299052119}, "erbbands_flatness_db": {"mean": 0.132994115353, "dvar": 0.000413634988945, "min": 0.0217390619218, "dmean": 0.0228985249996, "dmean2": 0.0326576679945, "dvar2": 0.00085119146388, "max": 0.402612000704, "median": 0.126010105014, "var": 0.00235574087128}, "spectral_kurtosis": {"mean": 3.17883181572, "dvar": 3.07511472702, "min": -1.18261671066, "dmean": 1.20845603943, "dmean2": 1.93618655205, "dvar2": 8.35852813721, "max": 45.9305267334, "median": 2.7174077034, "var": 8.49770069122}, "erbbands_skewness": {"mean": -0.246512785554, "dvar": 0.169886931777, "min": -5.2235751152, "dmean": 0.424229860306, "dmean2": 0.650637090206, "dvar2": 0.381686866283, "max": 4.82577705383, "median": -0.286408424377, "var": 0.682460308075}, "erbbands_kurtosis": {"mean": 0.283077418804, "dvar": 2.56203103065, "min": -1.83536791801, "dmean": 1.03609204292, "dmean2": 1.66692221165, "dvar2": 6.10582447052, "max": 39.4176292419, "median": -0.236903190613, "var": 4.12318515778}, "barkbands_spread": {"mean": 42.4379882812, "dvar": 154.411712646, "min": 1.13729667664, "dmean": 12.173784256, "dmean2": 18.725025177, "dvar2": 343.996459961, "max": 119.070304871, "median": 39.8680305481, "var": 384.607086182}, "zerocrossingrate": {"mean": 0.130324557424, "dvar": 0.00082932744408, "min": 0.0068359375, "dmean": 0.0296889990568, "dmean2": 0.0353304632008, "dvar2": 0.00111234944779, "max": 0.50830078125, "median": 0.1181640625, "var": 0.00374313513748}, "spectral_centroid": {"mean": 2199.3972168, "dvar": 167671.703125, "min": 218.29548645, "dmean": 412.477813721, "dmean2": 630.252868652, "dvar2": 362559.46875, "max": 11224.0507812, "median": 2220.2331543, "var": 497107.9375}, "barkbands_skewness": {"mean": 0.63894122839, "dvar": 0.420534193516, "min": -5.46470499039, "dmean": 0.623823344707, "dmean2": 0.940649032593, "dvar2": 0.910861551762, "max": 9.9128370285, "median": 0.540466725826, "var": 1.12127625942}, "melbands_flatness_db": {"mean": 0.132760003209, "dvar": 0.00100849545561, "min": 3.27889665641e-07, "dmean": 0.0327615328133, "dmean2": 0.0486570224166, "dvar2": 0.00213517108932, "max": 0.457214027643, "median": 0.124399580061, "var": 0.00309935864061}, "spectral_contrast_valleys": {"mean": [-8.23045730591, -7.29610776901, -7.93066978455, -7.77754116058, -7.25934410095, -9.65308570862], "dvar": [0.264013618231, 0.131123259664, 0.132633015513, 0.150903820992, 0.16004550457, 0.260708898306], "min": [-27.2033557892, -27.577123642, -27.2871627808, -27.2500839233, -27.4079284668, -27.1477489471], "dmean": [0.502975821495, 0.392180860043, 0.396746575832, 0.387544512749, 0.369550287724, 0.512594461441], "dmean2": [0.785938441753, 0.608640313148, 0.581410348415, 0.553438425064, 0.508439958096, 0.666710197926], "dvar2": [0.500024020672, 0.273448109627, 0.24531146884, 0.264014154673, 0.311655789614, 0.503662228584], "max": [-5.66834974289, -5.01562452316, -5.20157432556, -5.56462192535, -5.19670820236, -7.02239990234], "median": [-7.82460403442, -7.1158952713, -7.82033920288, -7.66324329376, -7.11750078201, -9.32513904572], "var": [1.83170568943, 1.11191296577, 1.2976732254, 1.33731591702, 1.25718295574, 1.77354180813]}, "barkbands_flatness_db": {"mean": 0.0860927850008, "dvar": 0.000476167537272, "min": 0.0113210529089, "dmean": 0.0228210072964, "dmean2": 0.0349620245397, "dvar2": 0.00104045844637, "max": 0.32333317399, "median": 0.0786470845342, "var": 0.0016661377158}, "barkbands