{"lowlevel": {"erbbands": {"mean": [0.431799650192, 3.9326171875, 5.51854085922, 4.66632127762, 10.0825853348, 13.6173715591, 17.7510261536, 20.3085041046, 16.9440498352, 24.2267570496, 42.3760871887, 42.4685554504, 44.426651001, 52.6206016541, 34.6377906799, 33.0063591003, 48.9330787659, 46.2211990356, 39.0951881409, 28.7798557281, 25.11003685, 18.4327888489, 8.89625453949, 3.93516731262, 3.45145130157, 3.51542258263, 3.75270390511, 4.84842252731, 3.35049653053, 2.71912574768, 3.55204629898, 6.3788022995, 2.80708050728, 1.4978312254, 0.468527972698, 0.137770086527, 0.040872938931, 0.0119249438867, 0.000449701445177, 5.88414768572e-05], "dvar": [0.101264640689, 2.97052407265, 14.175154686, 19.7906780243, 135.32434082, 99.4529266357, 208.897018433, 357.901092529, 332.66583252, 445.749938965, 990.015441895, 837.944580078, 2167.26293945, 3949.84204102, 1563.46875, 1198.73144531, 2017.02282715, 1524.61328125, 840.666442871, 756.247314453, 496.403015137, 397.936553955, 37.5433197021, 11.3475265503, 53.3260917664, 46.0237350464, 53.5773925781, 101.998893738, 45.584438324, 18.2614994049, 48.3328819275, 218.929504395, 30.7799873352, 5.97261142731, 0.869453787804, 0.0555573999882, 0.00428298162296, 0.000282481079921, 8.3254474248e-07, 4.64671245926e-10], "min": [4.59240992664e-22, 3.38639886987e-21, 1.53415782649e-20, 2.71453825982e-20, 1.27197501497e-19, 4.28388981025e-19, 4.11629009345e-19, 9.80674831958e-20, 2.71677029038e-19, 1.44600766369e-18, 1.6401111779e-18, 6.41172663305e-19, 1.4253401425e-18, 1.96031837649e-18, 5.23093923332e-18, 3.09337652429e-18, 4.36530340768e-18, 4.22687018268e-18, 4.96944676218e-18, 7.74541981656e-18, 8.05957556859e-18, 9.66939063617e-18, 1.14956937593e-17, 9.02840589796e-18, 1.07841587866e-17, 1.52877899538e-17, 2.03778623968e-17, 2.06384904642e-17, 1.26555531793e-17, 1.61844405029e-17, 1.51547032107e-17, 2.50037276974e-17, 1.69318610521e-17, 9.04223304908e-18, 1.03068226336e-17, 7.36910557741e-18, 3.32147033743e-18, 1.46849787737e-18, 4.21847171452e-19, 3.46723933615e-20], "dmean": [0.150584280491, 1.13827741146, 2.15547060966, 2.53614258766, 6.36026525497, 6.5926232338, 9.13176250458, 10.5182332993, 8.48439884186, 11.7289142609, 18.8343601227, 16.7119617462, 22.0546360016, 25.8639450073, 17.6170024872, 17.6631889343, 24.3081893921, 22.7878799438, 18.8946590424, 14.107172966, 12.4003181458, 8.9829416275, 3.72364902496, 1.79049968719, 1.68092143536, 1.84200942516, 1.81036031246, 2.48875975609, 1.71242821217, 1.32240629196, 1.72047674656, 3.110891819, 1.27529656887, 0.657996118069, 0.254761189222, 0.076000764966, 0.0235001593828, 0.00676206778735, 0.000293639284791, 1.3807740288e-05], "dmean2": [0.255287110806, 1.92309677601, 3.69055747986, 4.30695581436, 10.4911813736, 10.3753185272, 13.8983898163, 15.9554586411, 12.6642341614, 17.8072299957, 27.7427139282, 23.8687210083, 34.2761192322, 39.8786239624, 28.4414405823, 29.0048160553, 40.2028427124, 37.9306182861, 31.2814483643, 23.125246048, 20.0541210175, 14.5015602112, 5.91690826416, 2.80646729469, 2.70610713959, 2.90753245354, 2.68707585335, 3.62319135666, 2.37252211571, 1.8400541544, 2.41779589653, 4.48331356049, 1.76138174534, 0.915658354759, 0.358392506838, 0.107930369675, 0.034650105983, 0.01050367672, 0.000451898085885, 2.12687737076e-05], "dvar2": [0.288956940174, 8.38442707062, 40.216091156, 54.5358543396, 368.415679932, 254.63092041, 500.122894287, 830.122741699, 665.89440918, 1132.21166992, 2091.10009766, 1467.50378418, 5309.48583984, 9537.84765625, 4052.01855469, 3260.05541992, 5188.21142578, 4220.171875, 2220.04589844, 1821.54968262, 1178.63952637, 901.935668945, 91.9556274414, 26.9036159515, 142.097717285, 96.5851516724, 103.169281006, 194.043457031, 87.5666427612, 34.2862815857, 92.4942474365, 377.137268066, 54.5195846558, 10.5636034012, 1.54387962818, 0.107502035797, 0.008854505606, 0.000662297417875, 1.88302999504e-06, 1.04021502523e-09], "max": [4.14084529877, 20.6999511719, 70.0345535278, 71.2343139648, 217.510375977, 233.696746826, 367.063110352, 531.480285645, 503.916137695, 485.643920898, 977.485229492, 1328.33093262, 1237.34155273, 1772.07519531, 818.183532715, 738.191467285, 1295.53527832, 658.171508789, 565.205871582, 1331.72131348, 625.763244629, 670.548034668, 123.775840759, 140.362594604, 540.832946777, 356.571868896, 426.69052124, 356.950134277, 241.070785522, 155.557052612, 244.405929565, 421.748687744, 208.014328003, 85.4513778687, 37.4586601257, 9.95471096039, 3.07355952263, 0.358473420143, 0.0229716468602, 0.000487750920001], "median": [0.27958804369, 3.96888208389, 3.79632639885, 3.05607891083, 5.02168083191, 8.87180805206, 10.7197542191, 10.0011587143, 7.00246143341, 13.4831600189, 20.3990440369, 20.3893680573, 18.739824295, 16.2200641632, 14.0191040039, 14.3746995926, 28.3488540649, 32.3534927368, 28.267660141, 20.8512744904, 16.655412674, 11.4811697006, 6.55869626999, 2.46412205696, 1.77578485012, 1.14355874062, 1.10466063023, 1.03952658176, 0.610407114029, 0.693110704422, 0.649371623993, 0.692114233971, 0.472246438265, 0.324127525091, 0.0845323503017, 0.0326495021582, 0.0110975271091, 0.00204834667966, 7.87967874203e-05, 5.69401418034e-05], "var": [0.189557373524, 8.40330314636, 31.9457683563, 30.7480812073, 246.458206177, 268.676849365, 513.715209961, 1005.60455322, 1130.11022949, 1162.17834473, 5288.02441406, 8388.4296875, 6099.20019531, 11812.9863281, 3964.38769531, 2452.21386719, 4726.80664062, 2931.34545898, 1882.24108887, 1560.12414551, 1075.98498535, 829.277954102, 96.126663208, 25.482208252, 58.0820655823, 120.175292969, 174.151733398, 317.706848145, 132.545608521, 59.9980583191, 161.911224365, 791.63671875, 119.417098999, 26.336933136, 2.6094648838, 0.144489958882, 0.00970070809126, 0.000575760786887, 1.30857540626e-06, 1.79061332428e-09]}, "gfcc": {"icov": [[9.7175121482e-05, -0.000118381933135, 8.82952954271e-05, -0.000226890522754, 8.77010315889e-05, -0.000167395584867, 0.000279030035017, -0.000222262257012, 0.000221407899517, -9.90192929748e-05, 0.000224910923862, -7.24774363334e-05, 9.2099639005e-05], [-0.000118381933135, 0.0029436305631, -4.46253579867e-05, 0.00103821104858, -0.0019545450341, 0.00190041644964, -0.000375787349185, 0.000650148023851, -0.00137785426341, 0.00403229705989, -0.00190526619554, 0.00228771776892, -0.000863567402121], [8.82952954271e-05, -4.46253579867e-05, 0.00318519538268, -0.00170084543061, 0.000111617009679, -0.000432417087723, 0.000465043267468, -0.000806508935057, 0.000487634039018, -0.000734430796001, 0.0019749244675, -0.00185410969425, 0.00137569068465], [-0.000226890522754, 0.00103821104858, -0.00170084543061, 0.00487311510369, 0.000312222837238, 0.000292663637083, 0.00155145057943, 0.000376514421077, -0.00072646496119, 0.00197034864686, -0.00117799406871, 0.00349391647615, -0.00177029659972], [8.77010315889e-05, -0.0019545450341, 0.000111617009679, 0.000312222837238, 0.0064806449227, -0.00179540237878, -0.000383598002372, -0.000658914737869, -0.000411269080359, -0.0015745263081, 0.00081117922673, -0.00213358947076, 0.000879423168954], [-0.000167395584867, 0.00190041644964, -0.000432417087723, 0.000292663637083, -0.00179540237878, 0.00782490242273, -0.00108823052142, -0.00127557315864, 0.000773894018494, 0.000977780669928, -0.000986011815257, 0.00167775247246, -0.00171632238198], [0.000279030035017, -0.000375787349185, 0.000465043267468, 0.00155145057943, -0.000383598002372, -0.00108823052142, 0.00842784997076, -0.000391168461647, 0.00111643061973, -0.00060067512095, -0.00134152721148, 0.00176397792529, -0.000372296053683], [-0.000222262257012, 0.000650148023851, -0.000806508935057, 0.000376514421077, -0.000658914737869, -0.00127557315864, -0.000391168461647, 0.0135543495417, -0.00470954040065, 0.00185115344357, 0.000949864450376, -0.0018778743688, 0.000816617102828], [0.000221407899517, -0.00137785426341, 0.000487634039018, -0.00072646496119, -0.000411269080359, 0.000773894018494, 0.00111643061973, -0.00470954040065, 0.014689527452, -0.00407475838438, -0.00136660528369, 0.00141833373345, -0.00256863632239], [-9.90192929748e-05, 0.00403229705989, -0.000734430796001, 0.00197034864686, -0.0015745263081, 0.000977780669928, -0.00060067512095, 0.00185115344357, -0.00407475838438, 0.0165017712861, -0.00486422749236, 0.000454911234556, 0.00288268714212], [0.000224910923862, -0.00190526619554, 0.0019749244675, -0.00117799406871, 0.00081117922673, -0.000986011815257, -0.00134152721148, 0.000949864450376, -0.00136660528369, -0.00486422749236, 0.0125346109271, -0.00213352893479, -0.000234020830248], [-7.24774363334e-05, 0.00228771776892, -0.00185410969425, 0.00349391647615, -0.00213358947076, 0.00167775247246, 0.00176397792529, -0.0018778743688, 0.00141833373345, 0.000454911234556, -0.00213352893479, 0.0153446188197, -0.00515637733042], [9.2099639005e-05, -0.000863567402121, 0.00137569068465, -0.00177029659972, 0.000879423168954, -0.00171632238198, -0.000372296053683, 0.000816617102828, -0.00256863632239, 0.00288268714212, -0.000234020830248, -0.00515637733042, 0.0189046841115]], "mean": [-18.0877895355, 116.217948914, -106.827148438, 15.3403091431, -42.1104621887, 29.7918224335, -36.458480835, 10.9036502838, -11.1911172867, 5.08989191055, -12.039981842, -0.197630599141, -6.19243431091], "cov": [[19405.9824219, -824.325500488, 1085.66870117, 1720.72631836, -558.40435791, 360.804718018, -1096.42883301, 319.792266846, -311.456695557, -263.555847168, -710.908203125, -80.2318878174, -59.5539741516], [-824.325500488, 1187.4708252, -410.203094482, -270.575408936, 245.078155518, -184.279281616, 161.066177368, -60.1136856079, 94.9578323364, -172.032531738, 152.583953857, -105.282501221, 52.7170257568], [1085.66870117, -410.203094482, 656.375976562, 319.213348389, -107.76234436, 75.0157165527, -169.874740601, 62.9697151184, -56.2943267822, 14.003455162, -158.506515503, 48.0190315247, -34.7902412415], [1720.72631836, -270.575408936, 319.213348389, 535.737060547, -143.266174316, 50.5447731018, -189.82901001, 32.5541992188, -33.8960189819, -39.5826225281, -108.255073547, -45.3218917847, 0.0332807451487], [-558.40435791, 245.078155518, -107.76234436, -143.266174316, 246.373580933, -3.28268551826, 72.9600067139, 0.462904781103, 32.6889610291, -4.44439411163, 46.4899253845, 12.6878957748, 7.15480566025], [360.804718018, -184.279281616, 75.0157165527, 50.5447731018, -3.28268551826, 179.711853027, -11.1421442032, 27.6489334106, -20.7986812592, 17.2550163269, -24.4010620117, 9.6559381485, 1.02784395218], [-1096.42883301, 161.066177368, -169.874740601, -189.82901001, 72.9600067139, -11.1421442032, 221.170516968, -24.5508327484, 19.6435089111, 14.9802808762, 78.9095916748, -12.7756299973, 6.1720700264], [319.792266846, -60.1136856079, 62.9697151184, 32.5541992188, 0.462904781103, 27.6489334106, -24.5508327484, 96.5828475952, 15.725651741, -1.70974898338, -25.627286911, 16.9489307404, -1.30154538155], [-311.456695557, 94.9578323364, -56.2943267822, -33.8960189819, 32.6889610291, -20.7986812592, 19.6435089111, 15.725651741, 97.4629898071, 12.8684387207, 37.3244857788, -8.1992816925, 12.582025528], [-263.555847168, -172.032531738, 14.003455162, -39.5826225281, -4.44439411163, 17.2550163269, 14.9802808762, -1.70974898338, 12.8684387207, 119.638290405, 27.49077034, 23.3969326019, -18.9306144714], [-710.908203125, 152.583953857, -158.506515503, -108.255073547, 46.4899253845, -24.4010620117, 78.9095916748, -25.627286911, 37.3244857788, 27.49077034, 150.44140625, -2.9863743782, 12.040802002], [-80.2318878174, -105.282501221, 48.0190315247, -45.3218917847, 12.6878957748, 9.6559381485, -12.7756299973, 16.9489307404, -8.1992816925, 23.3969326019, -2.9863743782, 104.149963379, 10.8346939087], [-59.5539741516, 52.7170257568, -34.7902412415, 0.0332807451487, 7.15480566025, 1.02784395218, 6.1720700264, -1.30154538155, 12.582025528, -18.9306144714, 12.040802002, 10.8346939087, 65.7687301636]]}, "spectral_skewness": {"mean": 2.20947194099, "dvar": 0.0884612798691, "min": -0.0914381667972, "dmean": 0.261513322592, "dmean2": 0.400348037481, "dvar2": 0.223599731922, "max": 6.73617696762, "median": 2.18396353722, "var": 0.536833643913}, "spectral_energyband_low": {"mean": 0.0219291280955, "dvar": 0.000102072604932, "min": 4.93253834998e-23, "dmean": 0.00624122237787, "dmean2": 0.0104613769799, "dvar2": 0.000282667111605, "max": 0.131421476603, "median": 0.024244049564, "var": 0.000227817057748}, "spectral_energyband_middle_low": {"mean": 0.0132754622027, "dvar": 3.00926749333e-05, "min": 3.17179790652e-22, "dmean": 0.00411393167451, "dmean2": 0.00632884027436, "dvar2": 7.52728810767e-05, "max": 0.102693706751, "median": 0.0108839198947, "var": 0.000133685767651}, "mfcc": {"icov": [[9.48242086452e-05, -3.63694525731e-05, 2.03694889933e-05, -0.000110805223812, -0.000200870883418, -9.31911781663e-05, 0.000153893299284, 7.15029309504e-05, -4.33074092143e-05, 7.44870194467e-05, 0.000186747958651, 2.51021265285e-05, 0.000142231874634], [-3.63694525731e-05, 0.00134544342291, 0.00129666575231, -0.00028758024564, -0.000425567355705, 0.000699342810549, 0.000105024031654, -0.000752025283873, 0.000301446561934, 0.000448719394626, -0.000373194081476, 0.000161542222486, 0.000509000034072], [2.03694889933e-05, 0.00129666575231, 0.00372069934383, -0.0015135059366, -0.000102486803371, -0.000256761530181, 0.000604469852988, 8.93118995009e-05, -0.000682471960317, 0.000859005260281, 0.000471193023259, -0.000867411785293, 0.00115613290109], [-0.000110805223812, -0.00028758024564, -0.0015135059366, 0.00469861319289, -0.000792555860244, 0.000512454658747, 0.000891853997018, 5.72709213884e-05, 0.000903879466932, -0.000275555445114, 0.000639516976662, 0.000760619237553, 7.24040510249e-05], [-0.000200870883418, -0.000425567355705, -0.000102486803371, -0.000792555860244, 0.00614943914115, -0.00125582376495, 0.0011842151871, -0.000545219983906, -0.00131028273609, -0.00024740290246, 0.000596700236201, -0.00105855159927, 0.000286128051812], [-9.31911781663e-05, 0.000699342810549, -0.000256761530181, 0.000512454658747, -0.00125582376495, 0.0110320551321, -0.00361839681864, 0.00112669111695, -0.000657977943774, 0.000249498669291, -0.000148701219587, -0.000436712842202, 0.00142648501787], [0.000153893299284, 0.000105024031654, 0.000604469852988, 0.000891853997018, 0.0011842151871, -0.00361839681864, 0.0109987854958, -0.00366507074796, 0.00134214956779, -0.00154369941447, -0.000727751583327, 0.000470945378765, -0.00145142572001], [7.15029309504e-05, -0.000752025283873, 8.93118995009e-05, 5.72709213884e-05, -0.000545219983906, 0.00112669111695, -0.00366507074796, 0.0141520602629, -0.00462518585846, 0.002781128278, 0.00177399534732, -0.00122897617985, 0.00082030199701], [-4.33074092143e-05, 0.000301446561934, -0.000682471960317, 0.000903879466932, -0.00131028273609, -0.000657977943774, 0.00134214956779, -0.00462518585846, 0.0139355147257, -0.00169846683275, -0.000403257523431, 0.00102812424302, 0.000623183965217], [7.44870194467e-05, 0.000448719394626, 0.000859005260281, -0.000275555445114, -0.00024740290246, 0.000249498669291, -0.00154369941447, 0.002781128278, -0.00169846683275, 0.0127048818395, -0.00156082969625, -0.00148880307097, 0.00242523802444], [0.000186747958651, -0.000373194081476, 0.000471193023259, 0.000639516976662, 0.000596700236201, -0.000148701219587, -0.000727751583327, 0.00177399534732, -0.000403257523431, -0.00156082969625, 0.013875067234, -0.00470687123016, -0.00104894023389], [2.51021265285e-05, 0.000161542222486, -0.000867411785293, 0.000760619237553, -0.00105855159927, -0.000436712842202, 0.000470945378765, -0.00122897617985, 0.00102812424302, -0.00148880307097, -0.00470687123016, 0.0164182726294, -0.00452384538949], [0.000142231874634, 0.000509000034072, 0.00115613290109, 7.24040510249e-05, 0.000286128051812, 0.00142648501787, -0.00145142572001, 0.00082030199701, 0.000623183965217, 0.00242523802444, -0.00104894023389, -0.00452384538949, 0.0170119982213]], "mean": [-661.823852539, 146.794250488, 6.25798034668, 1.08056378365, 18.7800521851, 13.259762764, 1.19764530659, 5.74917316437, 7.05434179306, 7.18351602554, 3.55914735794, 6.18122720718, -2.82185578346], "cov": [[15537.8076172, 645.494567871, 248.782684326, 766.353881836, 782.556213379, 30.7199306488, -473.087493896, -30.9540748596, 104.509269714, -154.028686523, -393.825805664, -201.539428711, -283.743225098], [645.494567871, 1393.60864258, -509.826477051, -34.3684654236, 80.9567947388, -94.1382064819, -6.41694450378, 78.9091720581, -22.0081920624, -36.3322563171, 16.4562530518, -31.6098175049, -11.5252971649], [248.782684326, -509.826477051, 549.597106934, 164.610794067, 29.8842773438, 32.9273414612, -56.9179611206, -29.6515636444, 26.3530464172, -12.9687891006, -45.427936554, 3.43782448769, -32.5704460144], [766.353881836, -34.3684654236, 164.610794067, 320.585174561, 77.7171859741, -12.7386751175, -70.9142990112, -13.9217882156, -0.612899303436, -14.4541959763, -49.6705093384, -25.4607944489, -31.2983589172], [782.556213379, 80.9567947388, 29.8842773438, 77.7171859741, 225.017852783, 12.3928813934, -45.4422073364, 10.5386753082, 26.3008613586, -7.63232660294, -29.5629444122, -4.34366750717, -23.388885498], [30.7199306488, -94.1382064819, 32.9273414612, -12.7386751175, 12.3928813934, 112.167800903, 33.1953582764, -3.39988780022, 7.45150089264, 6.33228635788, 1.40036511421, 4.6120057106, -6.10446929932], [-473.087493896, -6.41694450378, -56.9179611206, -70.9142990112, -45.4422073364, 33.1953582764, 137.369338989, 25.816701889, -6.08347845078, 14.5786294937, 24.2666530609, 10.9982852936, 19.3387260437], [-30.9540748596, 78.9091720581, -29.6515636444, -13.9217882156, 10.5386753082, -3.39988780022, 25.816701889, 95.1539535522, 25.5338687897, -15.6979942322, -8.46582603455, -0.592570781708, -1.68259012699], [104.509269714, -22.0081920624, 26.3530464172, -0.612899303436, 26.3008613586, 7.45150089264, -6.08347845078, 25.5338687897, 86.9237518311, 4.65458536148, -6.68047857285, -4.29601430893, -10.2231140137], [-154.028686523, -36.3322563171, -12.9687891006, -14.4541959763, -7.63232660294, 6.33228635788, 14.5786294937, -15.6979942322, 4.65458536148, 91.4665756226, 19.2177600861, 11.0213689804, -4.17838859558], [-393.825805664, 16.4562530518, -45.427936554, -49.6705093384, -29.5629444122, 1.40036511421, 24.2666530609, -8.46582603455, -6.68047857285, 19.2177600861, 100.462913513, 34.0901489258, 21.7220859528], [-201.539428711, -31.6098175049, 3.43782448769, -25.4607944489, -4.34366750717, 4.6120057106, 10.9982852936, -0.592570781708, -4.29601430893, 11.0213689804, 34.0901489258, 80.3604736328, 25.2164058685], [-283.743225098, -11.5252971649, -32.5704460144, -31.2983589172, -23.388885498, -6.10446929932, 19.3387260437, -1.68259012699, -10.2231140137, -4.17838859558, 21.7220859528, 25.2164058685, 75.4972763062]]}, "silence_rate_20dB": {"mean": 1, "dvar": 0, "min": 1, "dmean": 0, "dmean2": 0, "dvar2": 0, "max": 1, "median": 1, "var": 0}, "dynamic_complexity": 4.74420404434, "silence_rate_60dB": {"mean": 0.127208486199, "dvar": 0.00342116877437, "min": 0, "dmean": 0.00343295629136, "dmean2": 0.00686660595238, "dvar2": 0.00782906170934, "max": 1, "median": 0, "var": 0.11102052778}, "dissonance": {"mean": 0.451362490654, "dvar": 0.000602674728725, "min": 0.154730990529, "dmean": 0.023431096226, "dmean2": 0.0397609174252, "dvar2": 0.00171423738357, "max": 0.499999970198, "median": 0.462042182684, "var": 0.00172684621066}, "barkbands": {"mean": [0.000617499579675, 0.0170955620706, 0.00352615793236, 0.00173870124854, 0.00411232514307, 0.00242308340967, 0.00120679521933, 0.00170935178176, 0.00192567170598, 0.00160321150906, 0.00108695332892, 0.000847751449328, 0.00103909219615, 0.000977055984549, 0.000594256853219, 0.000422955810791, 0.00029306660872, 0.000138378789416, 6.35946780676e-05, 7.19576128176e-05, 0.000113882611913, 9.01571256691e-05, 0.000114526184916, 0.000242780981353, 9.76037044893e-05, 2.65402431978e-05, 3.26693020725e-06], "dvar": [2.52608583651e-06, 6.37181219645e-05, 1.00048528111e-05, 3.95475444748e-06, 1.00511233541e-05, 4.58193562736e-06, 1.34284232445e-06, 2.19439675675e-06, 1.62243895829e-06, 3.96361110688e-06, 2.87287457468e-06, 1.01663556507e-06, 1.04725870642e-06, 6.24906988378e-07, 3.91440948988e-07, 1.26310126802e-07, 9.9985292934e-08, 1.20103171852e-08, 6.87701939839e-09, 1.64741180697e-08, 4.83758846315e-08, 3.19510284896e-08, 4.83725877132e-08, 2.69741576631e-07, 2.6783164131e-08, 1.56552926178e-09, 4.97791044496e-11], "min": [1.99757314795e-23, 1.37924803545e-23, 1.27928539592e-23, 1.31038063619e-23, 1.11376077899e-22, 1.3950437129e-23, 4.33522296997e-23, 7.64725611162e-23, 4.18188513384e-23, 4.14193974196e-23, 1.28132644729e-22, 7.83136425622e-23, 9.23762809554e-23, 8.5563394188e-23, 1.35129714741e-22, 1.42380596016e-22, 1.45777872836e-22, 2.0659784956e-22, 1.85341443421e-22, 3.88718821978e-22, 4.84980425907e-22, 3.96294007126e-22, 5.1896253422e-22, 1.14743552185e-21, 1.14358436602e-21, 1.75288639283e-21, 2.78029035396e-21], "dmean": [0.000556720537134, 0.00498177763075, 0.0017298021121, 0.00108248961624, 0.00205494556576, 0.00127538514789, 0.000611296040006, 0.000819751934614, 0.000796283478849, 0.000872041273396, 0.000601945503149, 0.000513944542035, 0.000540560053196, 0.000525394745637, 0.000291618198389, 0.000212379192817, 0.000149936866364, 6.5360480221e-05, 3.03890774376e-05, 3.83447295462e-05, 5.59317486477e-05, 4.59170514659e-05, 5.6778160797e-05, 0.000111568835564, 4.59937546111e-05, 1.42564795169e-05, 2.38953089138e-06], "dmean2": [0.000898332917131, 0.00844297930598, 0.00295887654647, 0.00183142581955, 0.00328670209274, 0.00193213974126, 0.000917794881389, 0.00122269266285, 0.00115169549827, 0.00135615223553, 0.000943889899645, 0.000849764095619, 0.00088930252241, 0.000880014675204, 0.000474348489661, 0.00034580231295, 0.000241991219809, 0.000104927385109, 4.95930471516e-05, 5.95692072238e-05, 8.18929402158e-05, 6.4043495513e-05, 8.04004448582e-05, 0.000156285503181, 6.39606878394e-05, 2.07840494113e-05, 3.75412423637e-06], "dvar2": [5.92953210798e-06, 0.000180952367373, 2.80071853922e-05, 1.0618381566e-05, 2.64419031737e-05, 1.08363519757e-05, 2.87627631224e-06, 4.5581782615e-06, 3.10258678837e-06, 9.51547826844e-06, 7.08900824975e-06, 2.76785294773e-06, 2.67236964646e-06, 1.74151830379e-06, 9.38702271469e-07, 3.02776925309e-07, 2.33638374425e-07, 3.01034539518e-08, 1.98176888233e-08, 3.1881686624e-08, 9.17907740927e-08, 6.20115869765e-08, 9.44322806617e-08, 4.47485632549e-07, 4.68909142626e-08, 3.16455417426e-09, 1.16561787999e-10], "max": [0.0172518733889, 0.102227367461, 0.0676373541355, 0.0402160063386, 0.0674412101507, 0.0499676242471, 0.0286525078118, 0.0515259280801, 0.0463877618313, 0.0492539592087, 0.0465089604259, 0.017634510994, 0.0278712827712, 0.00996674131602, 0.0323984771967, 0.00907133799046, 0.00951970927417, 0.00275097507983, 0.00478924252093, 0.00727078551427, 0.00782883074135, 0.00640038680285, 0.00817469973117, 0.0165301822126, 0.00551488623023, 0.00200035562739, 0.000170529805473], "median": [0.00010153806943, 0.0184987485409, 0.00223168823868, 0.000881715968717, 0.00268473592587, 0.00121965794824, 0.000533340789843, 0.000707034487277, 0.000884238979779, 0.000424388534157, 0.000224475777941, 0.000295024976367, 0.000555718899705, 0.000697161594871, 0.000415069342125, 0.000295244826702, 0.000174610511749, 9.45727078943e-05, 3.43751162291e-05, 2.26068204938e-05, 2.90842363029e-05, 1.74962642632e-05, 2.25619533012e-05, 3.17103622365e-05, 2.08215715247e-05, 6.84997894496e-06, 3.90635733538e-07], "var": [2.53392181548e-06, 0.000150408406626, 1.77482506842e-05, 6.82634890836e-06, 2.46481922659e-05, 1.20058930406e-05, 4.22883795181e-06, 1.12475991045e-05, 1.31144643092e-05, 1.18585785458e-05, 7.26591133571e-06, 1.91927642845e-06, 2.49974959843e-06, 1.1576801171e-06, 7.8380139712e-07, 2.72563880799e-07, 2.03956261657e-07, 2.62660968531e-08, 9.71480318412e-09, 4.55959003887e-08, 1.63106818718e-07, 8.93357494647e-08, 1.53743371811e-07, 1.04679338619e-06, 1.04962524006e-07, 3.88046084154e-09, 7.23629073329e-11]}, "spectral_complexity": {"mean": 18.6187782288, "dvar": 4.28576183319, "min": 0, "dmean": 2.16821479797, "dmean2": 3.53488850594, "dvar2": 10.7422466278, "max": 54, "median": 21, "var": 74.8017120361}, "spectral_energyband_high": {"mean": 0.000726274447516, "dvar": 1.14113720429e-06, "min": 8.3182954531e-21, "dmean": 0.000275397353107, "dmean2": 0.00035033331369, "dvar2": 1.52207917381e-06, "max": 0.0335409641266, "median": 0.000165898789419, "var": 5.67556935493e-06}, "hfc": {"mean": 21.7986106873, "dvar": 76.33568573, "min": 1.26063225326e-16, "dmean": 4.71169137955, "dmean2": 6.8157248497, "dvar2": 120.91822052, "max": 265.772033691, "median": 18.8827037811, "var": 467.65512085}, "melbands_kurtosis": {"mean": 9.72492980957, "dvar": 56.4864654541, "min": -1.944891572, "dmean": 4.27889490128, "dmean2": 6.80155611038, "dvar2": 141.811065674, "max": 208.169128418, "median": 6.55787467957, "var": 145.587600708}, "spectral_strongpeak": {"mean": 0.563442289829, "dvar": 0.367389768362, "min": 0, "dmean": 0.224508732557, "dmean2": 0.397573471069, "dvar2": 0.947698235512, "max": 9.42485141754, "median": 0.417100548744, "var": 0.57847058773}, "silence_rate_30dB": {"mean": 0.988389730453, "dvar": 0.0105880917981, "min": 0, "dmean": 0.010702745989, "dmean2": 0.0214076545089, "dvar2": 0.0274116452783, "max": 1, "median": 1, "var": 0.0114767272025}, "melbands_spread": {"mean": 19.0069561005, "dvar": 50.920337677, "min": 0.816106140614, "dmean": 4.24486064911, "dmean2": 6.69173240662, "dvar2": 105.786811829, "max": 240.388977051, "median": 17.3955287933, "var": 148.76222229}, "melbands_crest": {"mean": 16.0328350067, "dvar": 6.30691671371, "min": 2.1490046978, "dmean": 2.49734663963, "dmean2": 4.09069681168, "dvar2": 16.943321228, "max": 39.4892501831, "median": 15.9875307083, "var": 22.5743980408}, "average_loudness": 0.786909759045, "spectral_flux": {"mean": 0.0764162093401, "dvar": 0.000473406806123, "min": 1.12986775491e-07, "dmean": 0.0183796770871, "dmean2": 0.0278080441058, "dvar2": 0.000974426337052, "max": 0.277663826942, "median": 0.073852211237, "var": 0.00192533561494}, "spectral_rolloff": {"mean": 1053.62304688, "dvar": 541264.75, "min": 21.533203125, "dmean": 296.956420898, "dmean2": 502.426239014, "dvar2": 1059700.875, "max": 18733.8867188, "median": 839.794921875, "var": 1545989.75}, "melbands": {"mean": [0.00441852072254, 0.00388672668487, 0.000978262978606, 0.000883875065483, 0.000629687274341, 0.000458643684397, 0.000246603158303, 0.000302701053442, 0.000361273210729, 0.000246970012086, 0.000228914257605, 0.000227857468417, 0.000135754613439, 8.08477780083e-05, 0.000113873698865, 0.000101564874058, 8.31482975627e-05, 7.01969256625e-05, 3.96548493882e-05, 2.97005408356e-05, 2.83075605694e-05, 1.95449338207e-05, 1.15571419883e-05, 6.04320621278e-06, 2.73958744401e-06, 2.48233891398e-06, 2.48675564762e-06, 2.27005034503e-06, 2.03697368306e-06, 2.90608841169e-06, 2.77028334494e-06, 1.98696943698e-06, 1.50074538396e-06, 1.49766333379e-06, 1.66049187555e-06, 3.40520000464e-06, 3.97666872232e-06, 1.91766298485e-06, 1.62438129792e-06, 1.12533655283e-06], "dvar": [5.73665420234e-06, 3.7758416056e-06, 7.67393260048e-07, 6.39761651655e-07, 1.94159042621e-07, 1.6780897738e-07, 6.1720299982e-08, 6.36004244825e-08, 6.50603624308e-08, 2.72559113057e-08, 6.67552697564e-08, 6.7644776891e-08, 3.39907018088e-08, 1.07305284658e-08, 1.59993494009e-08, 9.26130994117e-09, 5.53750467702e-09, 3.31106142504e-09, 3.78826259251e-09, 4.72297145837e-10, 8.84193940287e-10, 6.54916287868e-10, 7.6301215346e-11, 4.02946877254e-11, 7.45270772179e-12, 1.46901553422e-11, 4.18892316667e-11, 2.62903136761e-11, 1.74250908841e-11, 3.87055387741e-11, 4.56472498689e-11, 2.30375735849e-11, 6.18882289166e-12, 6.95979775547e-12, 1.11486419055e-11, 6.04723354725e-11, 9.91088530689e-11, 1.86689327192e-11, 8.49619419957e-12, 4.23052782042e-12], "min": [6.46156756327e-24, 6.86335177724e-24, 6.18571631535e-24, 2.10599655735e-23, 1.64150452784e-23, 1.93179828066e-24, 5.33149591755e-24, 1.62069627043e-23, 1.30343124494e-23, 3.96243728287e-24, 7.25016183351e-24, 6.90764789479e-24, 1.99355847703e-23, 7.95586181096e-24, 9.50378203413e-24, 9.45637859347e-24, 7.98037881904e-24, 7.13630711678e-24, 1.17162812823e-23, 9.35976758727e-24, 8.74216996229e-24, 1.03063659637e-23, 8.26841560136e-24, 1.027235817e-23, 6.61931371191e-24, 8.09304866669e-24, 6.79186283543e-24, 1.14400024718e-23, 1.52854138171e-23, 1.18776262144e-23, 1.05644615303e-23, 6.05904536993e-24, 9.8248413228e-24, 8.54976284321e-24, 8.41465069166e-24, 1.19248955487e-23, 1.59585109622e-23, 1.31107562265e-23, 8.35732811399e-24, 6.87911242927e-24], "dmean": [0.00134758558124, 0.00121755199507, 0.000519608089235, 0.000479475798784, 0.000300865038298, 0.000234595165239, 0.000123157253256, 0.000147091690451, 0.000158973052748, 9.99502663035e-05, 0.000119119242299, 0.000114549497084, 7.20043535694e-05, 4.717153206e-05, 6.58772914903e-05, 5.23660637555e-05, 4.35861984442e-05, 3.76095631509e-05, 2.05409396585e-05, 1.40502825161e-05, 1.56326404976e-05, 1.09086358862e-05, 5.31907699042e-06, 3.28296505359e-06, 1.38583698117e-06, 1.25576957544e-06, 1.39616167871e-06, 1.31836850414e-06, 1.08529309273e-06, 1.51478468524e-06, 1.56949431585e-06, 1.10578491785e-06, 8.06411492249e-07, 7.81216556334e-07, 8.82988672402e-07, 1.71987016984e-06, 2.04899515666e-06, 9.5539803624e-07, 7.55228029448e-07, 5.46697947357e-07], "dmean2": [0.0022722762078, 0.00207026745193, 0.000867865222972, 0.000779471185524, 0.000458769820398, 0.00035416992614, 0.000184510005056, 0.000220947695198, 0.000233091326663, 0.000143452547491, 0.000185024327948, 0.00017665620544, 0.000115152055514, 7.77266031946e-05, 0.000108068779809, 8.66158297868e-05, 7.26084763301e-05, 6.25207176199e-05, 3.33122261509e-05, 2.32053353102e-05, 2.5245211873e-05, 1.77839174285e-05, 8.70243820827e-06, 5.27021893504e-06, 2.20420338337e-06, 2.06576032724e-06, 2.19661455958e-06, 2.11588326238e-06, 1.66327026818e-06, 2.26381462198e-06, 2.33672290051e-06, 1.58889099566e-06, 1.12867610369e-06, 1.14801594009e-06, 1.2870516457e-06, 2.49713980338e-06, 2.97675319416e-06, 1.37419692692e-06, 1.0738756373e-06, 7.74842305873e-07], "dvar2": [1.61877087521e-05, 1.07299847514e-05, 2.08471192309e-06, 1.71478291122e-06, 4.67399132731e-07, 3.91479630935e-07, 1.27515988879e-07, 1.51117191649e-07, 1.39223175211e-07, 4.91499783095e-08, 1.62640262147e-07, 1.62821180538e-07, 8.80553088223e-08, 2.92068502716e-08, 4.24611705796e-08, 2.4392232234e-08, 1.53719845741e-08, 8.89176998697e-09, 8.92529161689e-09, 1.2066826427e-09, 2.10316053462e-09, 1.50814505329e-09, 1.9304151333e-10, 9.81716929971e-11, 1.76269190216e-11, 4.11754484675e-11, 9.37517841137e-11, 6.22202914191e-11, 3.49031879787e-11, 7.77054670609e-11, 9.26544466151e-11, 4.83281401009e-11, 1.18508874589e-11, 1.45805728602e-11, 2.3668286081e-11, 1.11682503523e-10, 1.79474934914e-10, 3.67156756387e-11, 1.6339230316e-11, 8.33599335393e-12], "max": [0.0306940600276, 0.0294544808567, 0.0152719561011, 0.0181869100779, 0.0103816073388, 0.0113625600934, 0.00643291883171, 0.00669305259362, 0.00653237244114, 0.00717536127195, 0.00682570459321, 0.00664085242897, 0.00413411250338, 0.00197351188399, 0.00267774774693, 0.00241597183049, 0.00121101608966, 0.000793580897152, 0.00359994079918, 0.00043353647925, 0.00081090052845, 0.000802445691079, 0.000193391126231, 0.000186518082046, 0.000129248786834, 0.000202920564334, 0.000537036976311, 0.00023210971267, 0.000233343278524, 0.000235568033531, 0.000277532788459, 0.00019213136693, 8.20931018097e-05, 0.000115704220661, 0.000113289272122, 0.000238361739321, 0.000273793382803, 0.000171360516106, 9.85899023362e-05, 7.07823855919e-05], "median": [0.00416337698698, 0.00350994127803, 0.00063969346229, 0.000525260984432, 0.000420911237597, 0.000225660085562, 0.000107171203126, 0.000154836350703, 0.000176662098966, 0.000115366856335, 8.27174881124e-05, 6.66726627969e-05, 4.3206011469e-05, 2.64999034698e-05, 5.05877324031e-05, 5.82837019465e-05, 5.63988505746e-05, 4.70182931167e-05, 2.5743880542e-05, 2.31036592595e-05, 1.62213545991e-05, 1.06835750557e-05, 8.33590365801e-06, 3.59006185136e-06, 1.55834925408e-06, 1.32792456498e-06, 9.25499023197e-07, 6.56030806567e-07, 5.83297833145e-07, 7.25242898625e-07, 5.06501578457e-07, 3.11823924903e-07, 3.39476883937e-07, 3.68753262592e-07, 3.06433292963e-07, 4.26995455882e-07, 3.812401701e-07, 2.77313318975e-07, 3.56440381211e-07, 2.25651049846e-07], "var": [1.2118273844e-05, 9.94576384983e-06, 1.35631751164e-06, 1.43811621456e-06, 5.22569564509e-07, 4.74811486129e-07, 2.03019311584e-07, 2.2491940399e-07, 3.51963109324e-07, 2.57796301639e-07, 1.87745357039e-07, 2.14799186438e-07, 8.72256151752e-08, 2.07459045498e-08, 3.38168320013e-08, 1.9350135716e-08, 1.01865884616e-08, 6.56827170431e-09, 6.67464838955e-09, 1.02197661445e-09, 1.77449277494e-09, 1.22917076517e-09, 1.75391021151e-10, 7.45931164059e-11, 1.46231100145e-11, 1.77795989736e-11, 5.87395340701e-11, 5.78037721854e-11, 5.0778974775e-11, 1.14693615716e-10, 1.19677642796e-10, 5.51749375355e-11, 1.86805865915e-11, 1.89599013573e-11, 3.09211371785e-11, 2.05936961928e-10, 3.27754129392e-10, 6.12602468752e-11, 3.24563119436e-11, 1.57454552868e-11]}, "spectral_energy": {"mean": 0.0421820543706, "dvar": 0.000137062961585, "min": 1.10357517864e-20, "dmean": 0.00865613855422, "dmean2": 0.0139048648998, "dvar2": 0.000360963778803, "max": 0.165158465505, "median": 0.0441088862717, "var": 0.000684290134814}, "spectral_decrease": {"mean": -1.06525055443e-08, "dvar": 9.28898185298e-18, "min": -4.2180207771e-08, "dmean": 2.2276609446e-09, "dmean2": 3.58801544031e-09, "dvar2": 2.45368901207e-17, "max": 1.05597402737e-28, "median": -1.11771498723e-08, "var": 4.4048112081e-17}, "erbbands_spread": {"mean": 29.6332035065, "dvar": 45.8558273315, "min": 0.737339317799, "dmean": 5.51618146896, "dmean2": 8.31894779205, "dvar2": 96.994140625, "max": 131.158157349, "median": 26.8031692505, "var": 271.362731934}, "spectral_contrast_coeffs": {"mean": [-0.69468164444, -0.728491663933, -0.717874228954, -0.756611466408, -0.776980161667, -0.799958527088], "dvar": [0.00120551628061, 0.00109547493048, 0.000908479269128, 0.000532141595613, 0.000326304871123, 0.000152882334078], "min": [-0.979958891869, -0.971048057079, -0.988560020924, -0.945453286171, -0.963969349861, -0.973310351372], "dmean": [0.0421246774495, 0.042455162853, 0.0369688309729, 0.029106836766, 0.0217022988945, 0.014194288291], "dmean2": [0.0706331580877, 0.0683248117566, 0.059569850564, 0.0477526076138, 0.0344799570739, 0.0230141114444], "dvar2": [0.00340455397964, 0.00291355419904, 0.00237471982837, 0.00143089296762, 0.000769768143073, 0.000374465511413], "max": [-0.336838513613, -0.405366241932, -0.464117079973, -0.509128093719, -0.596721470356, -0.68323802948], "median": [-0.690053880215, -0.731425523758, -0.71941280365, -0.76217597723, -0.778690576553, -0.797876298428], "var": [0.00664331531152, 0.00438961898908, 0.00441410159692, 0.0032341380138, 0.00180377415381, 0.000947642314713]}, "spectral_energyband_middle_high": {"mean": 0.00704450765625, "dvar": 1.02961603261e-05, "min": 1.3222844589e-21, "dmean": 0.00196920777671, "dmean2": 0.00309797306545, "dvar2": 2.56658640865e-05, "max": 0.0725460126996, "median": 0.00525049027056, "var": 5.57367711735e-05}, "erbbands_crest": {"mean": 9.12307453156, "dvar": 4.51735782623, "min": 2.45715594292, "dmean": 2.25425291061, "dmean2": 3.63752746582, "dvar2": 10.9706277847, "max": 33.8488807678, "median": 7.63243055344, "var": 24.9673118591}, "barkbands_crest": {"mean": 12.0115337372, "dvar": 4.71679210663, "min": 2.64667081833, "dmean": 2.19810962677, "dmean2": 3.61987328529, "dvar2": 13.3847093582, "max": 26.7035903931, "median": 11.8380212784, "var": 15.0497694016}, "pitch_salience": {"mean": 0.479873657227, "dvar": 0.00340169435367, "min": 0.028354274109, "dmean": 0.0623901188374, "dmean2": 0.101242393255, "dvar2": 0.00911751482636, "max": 0.950166940689, "median": 0.477407485247, "var": 0.00976819731295}, "melbands_skewness": {"mean": 2.4115717411, "dvar": 0.308179825544, "min": -3.1603872776, "dmean": 0.535358071327, "dmean2": 0.83741414547, "dvar2": 0.763377249241, "max": 13.2499694824, "median": 2.36305332184, "var": 1.90843164921}, "spectral_spread": {"mean": 4234863.5, "dvar": 493910065152, "min": 1175707.75, "dmean": 481980.78125, "dmean2": 650026.6875, "dvar2": 689424302080, "max": 40242200, "median": 4049024.75, "var": 3188920156160.0}, "spectral_entropy": {"mean": 7.34273719788, "dvar": 0.0221813265234, "min": 4.81624078751, "dmean": 0.136919364333, "dmean2": 0.185230761766, "dvar2": 0.0393039174378, "max": 9.80019187927, "median": 7.39804601669, "var": 0.316631138325}, "erbbands_flatness_db": {"mean": 0.165194705129, "dvar": 0.000240804423811, "min": 0.0457237549126, "dmean": 0.0155594348907, "dmean2": 0.021611135453, "dvar2": 0.00042018989916, "max": 0.46924751997, "median": 0.153088390827, "var": 0.00387376011349}, "spectral_kurtosis": {"mean": 8.50701332092, "dvar": 14.5566835403, "min": -1.18049502373, "dmean": 2.56253886223, "dmean2": 4.14324712753, "dvar2": 40.2870025635, "max": 66.8316726685, "median": 6.84042739868, "var": 52.2079124451}, "erbbands_skewness": {"mean": 0.0246008951217, "dvar": 0.0914760828018, "min": -3.98273992538, "dmean": 0.311159640551, "dmean2": 0.468316107988, "dvar2": 0.188602253795, "max": 6.40271806717, "median": 0.0517203435302, "var": 0.553413510323}, "erbbands_kurtosis": {"mean": 1.09342932701, "dvar": 2.49256443977, "min": -1.79382288456, "dmean": 0.913392782211, "dmean2": 1.3829075098, "dvar2": 4.77906227112, "max": 53.4896202087, "median": 0.384989023209, "var": 9.64436912537}, "barkbands_spread": {"mean": 20.1023139954, "dvar": 36.466342926, "min": 0.19343291223, "dmean": 3.90729403496, "dmean2": 6.06141805649, "dvar2": 67.4891815186, "max": 105.814865112, "median": 18.2827472687, "var": 168.649520874}, "zerocrossingrate": {"mean": 0.0429412908852, "dvar": 0.000131357475766, "min": 0.0009765625, "dmean": 0.00682331621647, "dmean2": 0.0081675061956, "dvar2": 0.000154952955199, "max": 0.5185546875, "median": 0.03759765625, "var": 0.000845696427859}, "spectral_centroid": {"mean": 1005.46765137, "dvar": 48005.1757812, "min": 190.355072021, "dmean": 143.295257568, "dmean2": 213.365524292, "dvar2": 78062.1015625, "max": 10826.9414062, "median": 933.124389648, "var": 223618.75}, "barkbands_skewness": {"mean": 1.44983351231, "dvar": 0.361827075481, "min": -3.89403915405, "dmean": 0.43965959549, "dmean2": 0.712709665298, "dvar2": 1.12401413918, "max": 24.5960083008, "median": 1.42526805401, "var": 1.22044074535}, "melbands_flatness_db": {"mean": 0.243607908487, "dvar": 0.000396892719436, "min": 0.00630307663232, "dmean": 0.0185211934149, "dmean2": 0.0279009304941, "dvar2": 0.000877956277691, "max": 0.634794831276, "median": 0.235488593578, "var": 0.00345058692619}, "spectral_contrast_valleys": {"mean": [-6.8907790184, -6.78943490982, -7.60725021362, -7.66409254074, -8.36937522888, -10.4971704483], "dvar": [0.0845189839602, 0.073661878705, 0.0578903593123, 0.0454912744462, 0.0645910575986, 0.0987003445625], "min": [-27.1443119049, -26.9297847748, -27.3251781464, -27.6613006592, -27.2934341431, -27.1676082611], "dmean": [0.326938927174, 0.312751978636, 0.271156162024, 0.228690296412, 0.221904054284, 0.247440218925], "dmean2": [0.549264550209, 0.512188613415, 0.440108299255, 0.368639409542, 0.32115226984, 0.310999333858], "dvar2": [0.208363801241, 0.173210471869, 0.133615449071, 0.0942418277264, 0.112928070128, 0.140149563551], "max": [-5.09059810638, -4.54348230362, -5.113240242, -5.30884790421, -6.11847305298, -7.1727514267], "median": [-6.4233250618, -6.38018512726, -7.19615459442, -7.08142089844, -7.95169830322, -10.0881061554], "var": [2.21301293373, 2.12935900688, 1.94273865223, 2.41642260551, 2.32858228683, 2.77828073502]}, "barkbands_flatness_db": {"mean": 0.159536600113, "dvar": 0.000349255395122, "min": 0.0260726511478, "dmean": 0.0168923083693, "dmean2": 0.0258267577738, "dvar2": 0.000887697155122, "max": 0.6095