{"tonal": {"hpcp": {"dvar": [0.0765452980995, 0.0824767798185, 0.0867014229298, 0.0744663029909, 0.0468737334013, 0.0447182022035, 0.048622790724, 0.0566898919642, 0.0528711900115, 0.0496806800365, 0.0405031554401, 0.0364334769547, 0.0521649494767, 0.0648299232125, 0.047635987401, 0.0351883322001, 0.0274888221174, 0.0221776738763, 0.0165829397738, 0.0121848070994, 0.0143657522276, 0.0214385129511, 0.0203631259501, 0.0396820195019, 0.0933989956975, 0.050486408174, 0.0476856641471, 0.0487327687442, 0.0394862852991, 0.0337896086276, 0.0424979440868, 0.0476185195148, 0.0504869259894, 0.0509516894817, 0.0564131774008, 0.0686448216438], "var": [0.0769890397787, 0.0773289203644, 0.0690347626805, 0.0520675182343, 0.033640794456, 0.0340673327446, 0.0505066215992, 0.0625919029117, 0.0435132756829, 0.0395396463573, 0.0357562825084, 0.0308713242412, 0.0430406406522, 0.0657400935888, 0.0521206520498, 0.031054360792, 0.0213713683188, 0.0160260945559, 0.0111166695133, 0.00868075713515, 0.0110780401155, 0.0158416926861, 0.0171463694423, 0.0555736795068, 0.163596242666, 0.0741354972124, 0.0589399076998, 0.0512961558998, 0.0377741158009, 0.0281248949468, 0.0369603633881, 0.0464584492147, 0.0544624552131, 0.0488275550306, 0.0474547557533, 0.0637803524733], "median": [0.0184196997434, 0.0164337493479, 0.00853727106005, 0.00392405223101, 0.00404118187726, 0.00870192237198, 0.0232282057405, 0.0272064805031, 0.018612768501, 0.0093763936311, 0.00703842705116, 0.00725937820971, 0.0140713602304, 0.0184158869088, 0.0183145515621, 0.0111167374998, 0.00606037350371, 0.00320267956704, 0.00274385325611, 0.00450431043282, 0.00704326014966, 0.00859142094851, 0.00799997430295, 0.0296407993883, 0.0617355406284, 0.087630957365, 0.0273174457252, 0.0196824800223, 0.012197131291, 0.00825690291822, 0.00925009977072, 0.0154366893694, 0.0166737809777, 0.0138824200258, 0.0121903726831, 0.0135044669732], "max": [1, 1, 1, 1, 1, 1, 1, 1, 1, 1, 1, 1, 1, 1, 1, 1, 1, 1, 1, 1, 1, 1, 1, 1, 1, 1, 1, 1, 1, 1, 1, 1, 1, 1, 1, 1], "dmean": [0.176107004285, 0.18667717278, 0.18068793416, 0.142077967525, 0.0980148538947, 0.0972735211253, 0.125525340438, 0.141643166542, 0.128797456622, 0.11553119868, 0.102051451802, 0.1026070714, 0.143939048052, 0.163078218699, 0.128756448627, 0.0924178287387, 0.0659494176507, 0.0491266138852, 0.0388204939663, 0.0358037166297, 0.0450138933957, 0.0550378672779, 0.0588896237314, 0.126927435398, 0.205625444651, 0.172526031733, 0.139117971063, 0.137294188142, 0.111711837351, 0.102665804327, 0.114292189479, 0.125811740756, 0.128428399563, 0.129022166133, 0.13668513298, 0.160264104605], "dmean2": [0.321326196194, 0.345953464508, 0.337140619755, 0.269953787327, 0.184943765402, 0.179899007082, 0.228591278195, 0.258528500795, 0.238191947341, 0.214298248291, 0.185720399022, 0.186869069934, 0.265600383282, 0.296011716127, 0.227894946933, 0.168263539672, 0.120985537767, 0.0914055854082, 0.0725156217813, 0.0651606917381, 0.0814511030912, 0.100771486759, 0.106167338789, 0.229968219995, 0.377342700958, 0.308787822723, 0.245968997478, 0.245974913239, 0.200824677944, 0.1869995296, 0.210262715816, 0.229389071465, 0.232016161084, 0.234435707331, 0.250040411949, 0.289268493652], "mean": [0.150935843587, 0.150661587715, 0.126872867346, 0.0904735699296, 0.0655600875616, 0.0730080083013, 0.118457451463, 0.136596232653, 0.103726580739, 0.0857360884547, 0.0799033567309, 0.0761360749602, 0.106249012053, 0.139806777239, 0.116964332759, 0.0732167065144, 0.049296990037, 0.0345091857016, 0.026773083955, 0.0280271377414, 0.0364662818611, 0.0429863035679, 0.0475361309946, 0.169735386968, 0.307946383953, 0.233570799232, 0.136470198631, 0.119629777968, 0.0916095599532, 0.0762783810496, 0.0858595892787, 0.105236500502, 0.115685723722, 0.106280200183, 0.103515565395, 0.127940177917], "dvar2": [0.208202272654, 0.233707129955, 0.24988399446, 0.216450423002, 0.133171588182, 0.128671377897, 0.143105491996, 0.1635414958, 0.158647611737, 0.14147901535, 0.109597332776, 0.0996659249067, 0.150421783328, 0.175348728895, 0.124003507197, 0.0978778451681, 0.077107898891, 0.061239849776, 0.0471371151507, 0.0346227586269, 0.0404262579978, 0.0599878877401, 0.0549086816609, 0.102946445346, 0.231233939528, 0.131560608745, 0.124347470701, 0.128365784883, 0.105259396136, 0.0908138379455, 0.116434842348, 0.131069809198, 0.137069121003, 0.136818602681, 0.153227761388, 0.181046724319], "min": [0, 0, 0, 0, 0, 0, 0, 0, 0, 0, 0, 0, 0, 0, 0, 0, 0, 0, 0, 0, 0, 0, 0, 0, 0, 0, 0, 0, 0, 0, 0, 0, 0, 0, 0, 0]}, "key_key": "A#", "thpcp": [1, 0.758478760719, 0.443162202835, 0.388475984335, 0.297485411167, 0.247700199485, 0.278813421726, 0.34173643589, 0.375668406487, 0.345125675201, 0.336148023605, 0.415462523699, 0.490136772394, 0.489246159792, 0.411996603012, 0.293796509504, 0.212894484401, 0.237080261111, 0.384669065475, 0.443571478128, 0.336833238602, 0.278412401676, 0.259471654892, 0.247238084674, 0.345024377108, 0.453997135162, 0.379820436239, 0.237757965922, 0.160083025694, 0.112062320113, 0.086940728128, 0.0910130441189, 0.11841763556, 0.139590218663, 0.154364958405, 0.551184892654], "chords_key": "A", "tuning_equal_tempered_deviation": 0.247996538877, "tuning_frequency": 434.193115234, "tuning_diatonic_strength": 0.437599897385, "chords_histogram": [5.62533426285, 3.43399262428, 2.45857834816, 0.14698022604, 0.10689470917, 0.0133618386462, 0.22715125978, 1.85729551315, 12.0390167236, 15.1256008148, 4.43613052368, 1.77712452412, 4.69000530243, 2.56547307968, 6.94815587997, 0.841795802116, 5.79903793335, 23.1026191711, 2.69909143448, 4.23570299149, 0.58792090416, 0.868519484997, 0, 0.414216995239], "key_strength": 0.539335131645, "key_scale": "minor", "chords_strength": {"dvar": 0.000370280147763, "var": 0.0411050058901, "median": 0.435203045607, "max": 0.754394948483, "dmean": 0.0130318775773, "dmean2": 0.0161414872855, "mean": 0.418955773115, "dvar2": 0.000735234061722, "min": -1}, "chords_number_rate": 0.00200427579693, "tuning_nontempered_energy_ratio": 0.876047372818, "hpcp_entropy": {"dvar": 0.316057145596, "var": 0.744993507862, "median": 2.35426735878, "max": 4.45940303802, "dmean": 0.690573036671, "dmean2": 1.17113089561, "mean": 2.33618879318, "dvar2": 0.877843737602, "min": 0}, "chords_changes_rate": 0.10970069468, "chords_scale": "major"}, "rhythm": {"bpm_histogram_first_peak_spread": {"dvar": 0, "var": 0, "median": 0.479750752449, "max": 0.479750752449, "dmean": 0, "dmean2": 0, "mean": 0.479750752449, "dvar2": 0, "min": 0.479750752449}, "bpm_histogram_first_peak_weight": {"dvar": 0, "var": 0, "median": 0.499252617359, "max": 0.499252617359, "dmean": 0, "dmean2": 0, "mean": 0.499252617359, "dvar2": 0, "min": 0.499252617359}, "bpm_histogram_first_peak_bpm": {"dvar": 0, "var": 0, "median": 115, "max": 115, "dmean": 0, "dmean2": 0, "mean": 115, "dvar2": 0, "min": 115}, "bpm": 115.919288635, "bpm_histogram_second_peak_weight": {"dvar": 0, "var": 0, "median": 0.0149476835504, "max": 0.0149476835504, "dmean": 0, "dmean2": 0, "mean": 0.0149476835504, "dvar2": 0, "min": 0.0149476835504}, "beats_loudness": {"dvar": 0.00170261750463, "var": 0.00280344183557, "median": 0.0638316646218, "max": 0.329871833324, "dmean": 0.0430243164301, "dmean2": 0.0738726630807, "mean": 0.0721043348312, "dvar2": 0.0045383637771, "min": 0}, "beats_loudness_band_ratio": {"dvar": [0.0312259886414, 0.0185250807554, 0.00951928272843, 0.000218830566155, 8.65146575961e-05, 0.00984115432948], "var": [0.058697219938, 0.0210369694978, 0.00939131341875, 0.000177394002094, 5.74935183977e-05, 0.0114220026881], "median": [0.875846385956, 0.0445439964533, 0.0172326080501, 0.00293217273429, 0.00181615492329, 0.0404666960239], "max": [0.993582129478, 0.938905954361, 0.841059565544, 0.145913332701, 0.0952092260122, 0.832497119904], "dmean": [0.15302349627, 0.0965702608228, 0.0538869723678, 0.00763728143647, 0.00504246866331, 0.0724062025547], "dmean2": [0.259067982435, 0.172425940633, 0.09735673666, 0.0137420026585, 0.00922173913568, 0.124108538032], "mean": [0.773554205894, 0.103033125401, 0.0486836954951, 0.00716910371557, 0.00420043058693, 0.080877892673], "dvar2": [0.0854536890984, 0.0498486608267, 0.0260757710785, 0.000631948118098, 0.000247661635512, 0.025242280215], "min": [0, 0, 0, 0, 0, 0]}, "bpm_histogram_second_peak_bpm": {"dvar": 0, "var": 0, "median": 120, "max": 120, "dmean": 0, "dmean2": 0, "mean": 120, "dvar2": 0, "min": 120}, "onset_rate": 3.7637963295, "beats_count": 670, "beats_position": [0.53405892849, 1.06811785698, 1.60217678547, 2.12462592125, 2.6470746994, 3.15791368484, 3.66875267029, 4.17959165573, 4.7020406723, 5.22448968887, 5.74693870544, 6.26938772202, 6.78022670746, 7.2910656929, 7.81351470947, 8.33596324921, 8.84680271149, 9.35764122009, 9.8800907135, 10.4025392532, 10.9133787155, 11.4242172241, 11.9582767487, 12.4807252884, 12.9915647507, 13.5024032593, 14.0248527527, 14.5473012924, 15.0697498322, 15.5805892944, 16.1030387878, 16.6254863739, 17.1363258362, 17.6471652985, 18.1696147919, 18.6804523468, 19.1912918091, 19.7137413025, 20.247800827, 20.758638382, 21.2694778442, 21.7803173065, 22.3027667999, 22.8136043549, 23.3360538483, 23.8585033417, 24.3809528351, 24.89179039, 25.4142398834, 25.9250793457, 26.4475269318, 26.958366394, 27.4808158875, 27.9916553497, 28.5141029358, 29.0249423981, 29.5357818604, 30.0466213226, 30.5574588776, 31.079908371, 31.6023578644, 32.1248054504, 32.6356468201, 33.1580963135, 33.6805419922, 34.2029914856, 34.725440979, 35.2246704102, 35.7355079651, 36.2579574585, 36.7687988281, 37.2796363831, 37.8020858765, 38.3245353699, 38.8353729248, 39.3462142944, 39.8686599731, 40.3911094666, 40.91355896, 41.4243965149, 41.9468460083, 42.4692955017, 42.9801368713, 43.50258255, 44.0134239197, 44.5358734131, 45.0583229065, 45.5807685852, 46.1032180786, 46.6140594482, 47.1248970032, 47.6473464966, 48.16979599, 48.6922454834, 49.2030830383, 49.7139205933, 50.2363700867, 50.7588195801, 51.269657135, 51.7921066284, 52.302947998, 52.813785553, 53.3246231079, 53.8470726013, 54.3695220947, 54.8919715881, 55.4028091431, 55.9136505127, 56.4244880676, 56.946937561, 57.4693870544, 57.9802246094, 58.491065979, 59.0019035339, 59.5127410889, 60.0351905823, 60.5576400757, 61.0800895691, 61.6025390625, 62.1249885559, 62.6474380493, 63.1582756042, 63.6691131592, 64.1915664673, 64.7024002075, 65.2132415771, 65.7356872559, 66.258140564, 66.7805862427, 67.3030395508, 67.813873291, 68.3247146606, 68.8355560303, 69.358001709, 69.8804550171, 70.4029006958, 70.9253463745, 71.4477996826, 71.9586410522, 72.4694747925, 72.9919281006, 73.5143737793, 74.0368270874, 74.5592727661, 75.0817184448, 75.6041717529, 76.1150131226, 76.6374588013, 77.1366882324, 77.6475296021, 78.1583633423, 78.6692047119, 79.1916503906, 79.7024917603, 80.2133331299, 80.7357788086, 81.2582321167, 81.7806777954, 82.291519165, 82.8139648438, 83.3364181519, 83.870475769, 84.3929214478, 85.0082550049, 85.6119689941, 86.2273025513, 86.842628479, 87.4695663452, 87.9920196533, 88.514465332, 89.0369110107, 89.5477523804, 90.0702056885, 90.5810394287, 91.0918807983, 91.602722168, 92.1135559082, 92.6243972778, 93.1352386475, 93.6576843262, 94.1801376343, 94.7141952515, 95.2366409302, 95.7706985474, 96.2931518555, 96.8039855957, 97.3148269653, 97.825668335, 98.3365097046, 98.8589553833, 99.381401062, 99.9038543701, 100.426300049, 100.937141418, 101.447982788, 101.958816528, 102.469657898, 102.992103577, 103.514556885, 104.037002563, 104.547843933, 105.058685303, 105.569519043, 106.091972351, 106.602806091, 107.125259399, 107.647705078, 108.181770325, 108.704216003, 109.226661682, 109.737503052, 110.236732483, 110.735961914, 111.246803284, 111.780860901, 112.291702271, 112.802536011, 113.301765442, 113.82421875, 114.346664429, 114.869110107, 115.379951477, 115.914009094, 116.436462402, 116.958908081, 117.469749451, 117.98059082, 118.503036499, 119.025482178, 119.536323547, 120.047164917, 120.581222534, 121.092063904, 121.602897644, 122.113739014, 122.636184692, 123.158638, 123.66947937, 124.191925049, 124.714370728, 125.236824036, 125.747665405, 126.258499146, 126.780952454, 127.303398132, 127.82585144, 128.336685181, 128.859130859, 129.369979858, 129.880813599, 130.391647339, 130.914108276, 131.448165894, 131.958999634, 132.469833374, 132.992294312, 133.51473999, 134.02557373, 134.536407471, 135.058868408, 135.581314087, 136.092147827, 136.602996826, 137.125442505, 137.647888184, 138.158721924, 138.669570923, 139.192016602, 139.71446228, 140.225296021, 140.747756958, 141.270202637, 141.781036377, 142.303482056, 142.814331055, 143.336776733, 143.847610474, 144.358459473, 144.880905151, 145.391738892, 145.914199829, 146.436645508, 146.959091187, 147.481536865, 148.003982544, 148.514831543, 149.025665283, 149.548110962, 150.070556641, 150.593017578, 151.115463257, 151.626296997, 152.137145996, 152.659591675, 153.170425415, 153.692871094, 154.203720093, 154.726165771, 155.24861145, 155.759460449, 156.270294189, 156.792739868, 157.315185547, 157.837631226, 158.348480225, 158.859313965, 159.370162964, 159.880996704, 160.403442383, 160.914276123, 161.425125122, 161.947570801, 162.470016479, 162.980865479, 163.503311157, 164.025756836, 164.536590576, 165.047439575, 165.569885254, 166.103942871, 166.62638855, 167.137237549, 167.648071289, 168.170516968, 168.692962646, 169.203811646, 169.703033447, 170.225479126, 170.736328125, 171.247161865, 171.757995605, 172.280456543, 172.802902222, 173.3253479, 173.847793579, 174.358642578, 174.869476318, 175.380310059, 175.902755737, 176.413604736, 176.936050415, 177.470108032, 178.004165649, 178.515014648, 179.037460327, 179.536682129, 180.059127808, 180.581588745, 181.092422485, 181.603256226, 182.125717163, 182.648162842, 183.170608521, 183.693054199, 184.203903198, 184.714736938, 185.225570679, 185.748016357, 186.258865356, 186.781311035, 187.292144775, 187.814605713, 188.325439453, 188.847885132, 189.358734131, 189.88117981, 190.403625488, 190.926071167, 191.448516846, 191.959365845, 192.470199585, 192.992645264, 193.515090942, 194.03755188, 194.559997559, 195.082443237, 195.593276978, 196.104125977, 196.626571655, 197.137405396, 197.648254395, 198.170700073, 198.693145752, 199.215591431, 199.738052368, 200.248886108, 200.759719849, 201.270568848, 201.781402588, 202.292236328, 202.803085327, 203.313919067, 203.824752808, 204.335601807, 204.858047485, 205.380493164, 205.902938843, 206.42539978, 206.947845459, 207.470291138, 207.992736816, 208.515182495, 209.026031494, 209.536865234, 210.047698975, 210.558547974, 211.069381714, 211.591827393, 212.11428833, 212.62512207, 213.147567749, 213.670013428, 214.180862427, 214.703308105, 215.225753784, 215.748199463, 216.259048462, 216.769882202, 217.292327881, 217.81477356, 218.337234497, 218.848068237, 219.358901978, 219.881362915, 220.403808594, 220.914642334, 221.425476074, 221.947937012, 222.47038269, 222.992828369, 223.515274048, 224.026123047, 224.536956787, 225.047790527, 225.558639526, 226.081085205, 226.603530884, 227.125976562, 227.6484375, 228.170883179, 228.693328857, 229.204162598, 229.715011597, 230.237457275, 230.748291016, 231.270736694, 231.793197632, 232.327255249, 232.849700928, 233.348922729, 233.84815979, 234.35899353, 234.881454468, 235.392288208, 235.903121948, 236.425567627, 236.936416626, 237.447250366, 237.969696045, 238.492156982, 239.002990723, 239.525436401, 240.04788208, 240.558731079, 241.081176758, 241.592010498, 242.114456177, 242.636917114, 243.159362793, 243.670196533, 244.20425415, 244.726715088, 245.237548828, 245.748382568, 246.270828247, 246.793289185, 247.315734863, 247.826568604, 248.337417603, 248.859863281, 249.370697021, 249.8931427, 250.403991699, 250.914825439, 251.42565918, 251.948120117, 252.470565796, 252.993011475, 253.515457153, 254.026306152, 254.537139893, 255.047973633, 255.570419312, 256.09286499, 256.615325928, 257.137786865, 257.648620605, 258.159454346, 258.681884766, 259.204345703, 259.715179443, 260.237640381, 260.748474121, 261.270935059, 261.781768799, 262.292602539, 262.815063477, 263.337493896, 263.848327637, 264.370788574, 264.893249512, 265.415679932, 265.938140869, 266.448974609, 266.95980835, 267.47064209, 267.981506348, 268.492340088, 269.014770508, 269.537231445, 270.048065186, 270.570526123, 271.081359863, 271.603790283, 272.126251221, 272.648712158, 273.171142578, 273.693603516, 274.204437256, 274.715270996, 275.226104736, 275.736968994, 276.259399414, 276.781860352, 277.292694092, 277.803527832, 278.314361572, 278.825195312, 279.359283447, 279.881713867, 280.415771484, 280.938232422, 281.449066162, 281.9715271, 282.48236084, 282.981567383, 283.492431641, 284.014862061, 284.537322998, 285.059753418, 285.570617676, 286.093048096, 286.603881836, 287.126342773, 287.648803711, 288.159637451, 288.670471191, 289.181304932, 289.703765869, 290.226196289, 290.737060547, 291.247894287, 291.770324707, 292.292785645, 292.803619385, 293.326080322, 293.848510742, 294.359344482, 294.88180542, 295.404266357, 295.926696777, 296.437530518, 296.948394775, 297.459228516, 297.981658936, 298.504119873, 299.026580811, 299.537414551, 300.048248291, 300.559082031, 301.069915771, 301.580780029, 302.103210449, 302.625671387, 303.148101807, 303.670562744, 304.193023682, 304.715454102, 305.226287842, 305.7371521, 306.25958252, 306.782043457, 307.292877197, 307.815338135, 308.337768555, 308.860229492, 309.382659912, 309.89352417, 310.40435791, 310.91519165, 311.426025391, 311.948486328, 312.470916748, 312.981750488, 313.504211426, 314.015045166, 314.537506104, 315.071563721, 315.593994141, 316.116455078, 316.627288818, 317.138122559, 317.648986816, 318.159820557, 318.670654297, 319.193115234, 319.703948975, 320.214782715, 320.725616455, 321.248077393, 321.770507812, 322.29296875, 322.81539917, 323.326263428, 323.848693848, 324.359527588, 324.870391846, 325.392822266, 325.915283203, 326.426116943, 326.948577881, 327.471008301, 327.993469238, 328.504302979, 329.026763916, 329.549194336, 330.060028076, 330.570892334, 331.093322754, 331.615783691, 332.138214111, 332.649078369, 333.159912109, 333.67074585, 334.18157959, 334.704040527, 335.214874268, 335.737304688, 336.248168945, 336.770599365, 337.293060303, 337.815490723, 338.32635498, 338.8487854, 339.371246338, 339.905303955, 340.416137695, 340.926971436, 341.47265625, 341.948669434, 342.4246521, 342.91229248, 343.399902344, 343.875915527, 344.363525391, 344.851135254, 345.327148438, 345.814788818, 346.302398682, 346.778411865], "danceability": 1.03657829762, "bpm_histogram_second_peak_spread": {"dvar": 0, "var": 0, "median": 0.375, "max": 0.375, "dmean": 0, "dmean2": 0, "mean": 0.375, "dvar2": 0, "min": 0.375}}, "lowlevel": {"spectral_flux": {"dvar": 0.00201345677488, "var": 0.00444261776283, "median": 0.0964711606503, "max": 0.576109230518, "dmean": 0.0406661815941, "dmean2": 0.0683160573244, "mean": 0.107032343745, "dvar2": 0.0052505354397, "min": 6.26896451417e-11}, "spectral_rolloff": {"dvar": 37263100, "var": 73339560, "median": 215.33203125, "max": 22028.4667969, "dmean": 2238.14599609, "dmean2": 4326.23291016, "mean": 4751.50292969, "dvar2": 91217520, "min": 21.533203125}, "barkbands_flatness_db": {"dvar": 0.00134723004885, "var": 0.00505534652621, "median": 0.229390785098, "max": 0.572691857815, "dmean": 0.0433743409812, "dmean2": 0.0674257054925, "mean": 0.23094587028, "dvar2": 0.00335052236915, "min": 0.0373786687851}, "spectral_centroid": {"dvar": 51798.6992188, "var": 2188680.75, "median": 435.864135742, "max": 11999.3007812, "dmean": 155.840805054, "dmean2": 237.403381348, "mean": 731.914794922, "dvar2": 107932.164062, "min": 133.928100586}, "melbands_skewness": {"dvar": 3.17105674744, "var": 12.3667936325, "median": 4.77786970139, "max": 39.9794235229, "dmean": 1.60920381546, "dmean2": 2.46957421303, "mean": 5.3596868515, "dvar2": 7.30736207962, "min": -2.01808214188}, "melbands": {"dvar": [6.07762412983e-05, 6.23283085588e-06, 9.05797878659e-06, 3.4904567201e-06, 7.14142458946e-07, 2.243399706e-07, 1.03008353847e-07, 1.99322059302e-07, 1.86375306299e-08, 2.5864130393e-08, 6.43325126504e-09, 3.11442072132e-09, 2.50619436315e-09, 1.58513299708e-10, 7.90245854865e-11, 5.88837381632e-11, 8.11149758473e-11, 6.41816114144e-11, 2.2678851852e-11, 2.21361366737e-11, 2.59994786117e-11, 3.56226645404e-11, 1.34296601617e-11, 1.60084896728e-11, 8.31856458716e-12, 4.39139072328e-11, 2.21487984203e-11, 7.62537602506e-12, 7.4174685491e-12, 2.5179324771e-12, 1.68726610374e-12, 1.93423033666e-12, 7.54965274324e-12, 2.40560804783e-12, 6.71240949109e-13, 5.57709748609e-13, 2.70323124779e-13, 1.11370407593e-14, 4.81065797888e-15, 3.75487418529e-15], "var": [0.000130532964249, 1.08429030661e-05, 3.10428295052e-05, 1.34394567795e-05, 1.33189337248e-06, 5.37281550805e-07, 2.87712055069e-07, 8.2030720705e-07, 6.72874165275e-08, 3.54008804493e-08, 1.1202028638e-08, 6.03112049191e-09, 6.75014577567e-09, 3.31376093232e-10, 1.26712862425e-10, 8.21987200528e-11, 1.14325937606e-10, 1.22334350983e-10, 3.31924383812e-11, 2.78926742814e-11, 3.3092906887e-11, 3.42034386924e-11, 1.77356861836e-11, 1.94401751641e-11, 1.35483325947e-11, 5.0926422801e-11, 2.92262845869e-11, 1.25849617186e-11, 2.65597942944e-11, 1.08843272936e-11, 2.8630624347e-12, 3.32171486497e-12, 8.92705614292e-12, 2.57269552884e-12, 8.52694325738e-13, 6.28394851345e-13, 2.93126552761e-13, 1.49398400687e-14, 5.48165291574e-15, 4.28719712319e-15], "median": [0.00329300481826, 0.00126064219512, 0.000953134265728, 0.000414228154114, 0.000113890382636, 8.34372913232e-05, 7.49399841879e-05, 5.04941745021e-05, 1.78710688488e-05, 1.26710456243e-05, 7.44476028558e-06, 6.0308002503e-06, 5.12651922691e-06, 2.8362219382e-06, 1.96051155399e-06, 1.58219870627e-06, 1.46459933603e-06, 1.26774398268e-06, 1.00928969005e-06, 8.48198169479e-07, 6.64499623326e-07, 6.18669048436e-07, 4.9998374152e-07, 4.97963014823e-07, 4.76612200373e-07, 5.2478554835e-07, 4.73455827432e-07, 3.46606100265e-07, 2.63599702066e-07, 2.49105539751e-07, 2.23886999606e-07, 2.3719267972e-07, 2.17308610218e-07, 1.93591546349e-07, 1.53077607479e-07, 1.19421187605e-07, 8.21450782951e-08, 3.43526629365e-08, 1.13779599076e-08, 1.02761008591e-08], "max": [0.126665055752, 0.0535314902663, 0.0627342015505, 0.0569572597742, 0.0425189696252, 0.0166417453438, 0.00938824005425, 0.0229766089469, 0.00942563265562, 0.0115851983428, 0.00403349008411, 0.00269834836945, 0.00320267537609, 0.000557005929295, 0.000468805839773, 0.00033540246659, 0.000406063452829, 0.000352768372977, 0.000338395533618, 0.000209628531593, 0.000224604082177, 0.000167776670423, 0.000235168641666, 0.000240669949562, 0.000179221024155, 0.000248530093813, 0.000247048650635, 0.00015820482804, 0.000364817096852, 0.000205976859434, 0.00010962489614, 7.74223881308e-05, 0.000221977956244, 0.00010356331768, 3.10368704959e-05, 2.40398785536e-05, 1.71340470843e-05, 2.28307544603e-06, 1.04715627458e-06, 9.17530428524e-07], "dmean": [0.00411937991157, 0.00149966753088, 0.00157347356435, 0.000807350152172, 0.000245160161285, 0.000162198513863, 0.000133694789838, 0.000138656279887, 3.55115444108e-05, 2.77342351183e-05, 2.02386272576e-05, 1.46345173562e-05, 1.1377554074e-05, 5.01560634802e-06, 3.48497792402e-06, 2.77340132016e-06, 2.77391973214e-06, 2.7951989523e-06, 1.75798936652e-06, 1.56630858328e-06, 1.62820845162e-06, 1.91536605598e-06, 1.0743178791e-06, 9.07011724394e-07, 8.00281043212e-07, 1.4093336631e-06, 1.12914381134e-06, 5.89136334384e-07, 3.90714319565e-07, 3.312495096e-07, 3.1914481724e-07, 3.8019919657e-07, 4.93145705605e-07, 3.8859786855e-07, 2.89611080007e-07, 2.34846822877e-07, 1.73600909648e-07, 6.42689030883e-08, 4.04916029595e-08, 3.58422980185e-08], "dmean2": [0.00655650813133, 0.00239790976048, 0.00238327006809, 0.0012621517526, 0.000378564931452, 0.000249446718954, 0.000203279152629, 0.000204295458389, 5.52827696083e-05, 4.36015470768e-05, 3.24657230522e-05, 2.27382624871e-05, 1.71541614691e-05, 8.01262103778e-06, 5.66276776226e-06, 4.52838094134e-06, 4.48840046374e-06, 4.44593797511e-06, 2.81878874375e-06, 2.5433562314e-06, 2.6345205697e-06, 3.11150392918e-06, 1.72991019554e-06, 1.46489765029e-06, 1.26590350646e-06, 2.24256223191e-06, 1.76260095941e-06, 9.23715049339e-07, 5.79451068461e-07, 5.01431998146e-07, 4.75617270013e-07, 5.68810946788e-07, 7.32630212497e-07, 5.90040542647e-07, 4.31420318137e-07, 3.46673317608e-07, 2.59454481011e-07, 1.00849497642e-07, 6.63663257683e-08, 5.87265951424e-08], "mean": [0.00795237254351, 0.00235003232956, 0.00303030083887, 0.00158240378369, 0.000372165435692, 0.000262194254901, 0.000234272723901, 0.000267534865998, 5.56231825612e-05, 4.06825893151e-05, 2.76453902188e-05, 2.07396042242e-05, 1.71791089087e-05, 6.87440478941e-06, 4.64324102722e-06, 3.63997423847e-06, 3.7858549149e-06, 3.97393932872e-06, 2.5287911285e-06, 2.11799783756e-06, 1.98710699806e-06, 2.05763376471e-06, 1.32188961288e-06, 1.17954107282e-06, 1.1260752899e-06, 1.84834345873e-06, 1.54124279561e-06, 8.47558283112e-07, 6.32181183846e-07, 5.4694174878e-07, 4.86953808831e-07, 5.62069715215e-07, 6.50192077956e-07, 5.19648665431e-07, 4.09259939715e-07, 3.2513929682e-07, 2.30217693797e-07, 7.96253587509e-08, 4.04810691634e-08, 3.59387328785e-08], "dvar2": [0.000149171493831, 1.56022979354e-05, 1.92572406377e-05, 7.7073545981e-06, 1.62726291819e-06, 4.72110599503e-07, 2.29192465895e-07, 3.77775990046e-07, 3.91908976383e-08, 6.60803394226e-08, 1.5470190462e-08, 6.3970468922e-09, 4.37419034327e-09, 3.19682808003e-10, 2.1100898806e-10, 1.59492266616e-10, 2.17810547376e-10, 1.6087274568e-10, 5.74130881725e-11, 5.32945042264e-11, 6.17027540173e-11, 8.95235621745e-11, 2.85689770452e-11, 3.95404681219e-11, 1.93193395309e-11, 1.05459807553e-10, 5.27628288283e-11, 1.76459177131e-11, 1.47164364028e-11, 3.97170057259e-12, 3.70000688074e-12, 4.40512253411e-12, 1.69865770755e-11, 5.81929990306e-12, 1.61315828317e-12, 1.3270102248e-12, 6.60640487628e-13, 2.71476532931e-14, 1.17929805325e-14, 9.20426827475e-15], "min": [5.49800798717e-25, 8.82069258515e-25, 6.91511525212e-25, 1.44728997065e-24, 1.78159738937e-24, 7.06171814882e-25, 1.37908693033e-24, 1.39532504042e-24, 1.97249028995e-24, 1.27896647918e-24, 1.17570340339e-24, 2.29902762597e-24, 2.52232042443e-24, 2.65436370984e-24, 2.62807689232e-24, 1.9105311823e-24, 1.68158185672e-24, 2.84201261716e-24, 2.15152621669e-24, 3.20475511885e-24, 3.32039916933e-24, 3.72399500237e-24, 3.69794760414e-24, 3.4813488821e-24, 3.77475386289e-24, 3.5419681095e-24, 3.23863373651e-24, 3.67494442014e-24, 5.24038169414e-24, 5.00137735024e-24, 4.13094388868e-24, 4.5979329785e-24, 4.49090506404e-24, 4.11777740575e-24, 4.36861663537e-24, 4.61448998561e-24, 5.44518576235e-24, 5.27436897738e-24, 5.71106501957e-24, 6.19993237773e-24]}, "spectral_decrease": {"dvar": 7.01841573928e-17, "var": 1.88435674302e-16, "median": -1.09927960068e-08, "max": 3.39838024388e-09, "dmean": 6.2236487075e-09, "dmean2": 9.55694456906e-09, "mean": -1.42714426943e-08, "dvar2": 1.67836150662e-16, "min": -1.28733958604e-07}, "barkbands_kurtosis": {"dvar": 1628.36523438, "var": 3328.93945312, "median": 32.2691040039, "max": 990.247436523, "dmean": 26.5808639526, "dmean2": 41.7823905945, "mean": 50.5614547729, "dvar2": 3840.82568359, "min": -1.90431821346}, "silence_rate_30dB": {"dvar": 0.0735316947103, "var": 0.117669910192, "median": 1, "max": 1, "dmean": 0.0799144729972, "dmean2": 0.159839630127, "mean": 0.86376696825, "dvar2": 0.167172014713, "min": 0}, "gfcc": {"mean": [-76.3263931274, 93.1781311035, -41.4241790771, 20.9248123169, -30.3257522583, -11.3097333908, -8.28743457794, -12.0890493393, -4.28746509552, -7.58117341995, -10.046833992, -0.549404263496, -15.7863330841], "cov": [[28437.8652344, 1998.48083496, -1165.42468262, 383.5128479, -670.279052734, -96.2124862671, -269.529174805, -94.0050430298, -132.536102295, -43.4162826538, -208.55078125, 1.79663443565, -235.752716064], [1998.48083496, 887.688232422, -101.703186035, -121.612434387, 27.0117645264, -35.8066368103, -52.5762672424, -1.27254188061, 1.36572444439, 25.9481182098, -1.15022039413, -79.1963806152, 94.8645401001], [-1165.42468262, -101.703186035, 436.358886719, 193.863601685, 43.5278625488, 80.7350311279, 67.0394897461, 35.4975204468, 41.5369911194, 33.2665863037, 43.5259857178, 36.4336929321, -31.7800312042], [383.5128479, -121.612434387, 193.863601685, 335.275360107, 106.919799805, 68.3005065918, 75.43019104, 33.7270889282, 15.4467248917, 14.7468557358, 26.2535648346, 45.6741485596, -61.7327346802], [-670.279052734, 27.0117645264, 43.5278625488, 106.919799805, 240.061553955, 130.209259033, 65.8981170654, 62.7713623047, 8.36880683899, 18.7018108368, 60.5132675171, 12.3639192581, 27.4620990753], [-96.2124862671, -35.8066368103, 80.7350311279, 68.3005065918, 130.209259033, 303.717529297, 38.8834877014, 126.962249756, -13.9856929779, 82.4794464111, 37.5718078613, 35.690196991, 48.8316192627], [-269.529174805, -52.5762672424, 67.0394897461, 75.43019104, 65.8981170654, 38.8834877014, 170.453659058, 29.7067184448, 69.9332580566, 2.8463280201, 39.328327179, 41.8107223511, -28.3007946014], [-94.0050430298, -1.27254188061, 35.4975204468, 33.7270889282, 62.7713623047, 126.962249756, 29.7067184448, 209.711212158, 56.1855659485, 86.9618530273, 56.6112327576, 18.428899765, 47.7193603516], [-132.536102295, 1.36572444439, 41.5369911194, 15.4467248917, 8.36880683899, -13.9856929779, 69.9332580566, 56.1855659485, 152.782730103, 57.2233352661, 31.0880851746, 41.3647155762, -14.9099435806], [-43.4162826538, 25.9481182098, 33.2665863037, 14.7468557358, 18.7018108368, 82.4794464111, 2.8463280201, 86.9618530273, 57.2233352661, 118.964424133, 53.4471206665, 19.6171092987, 44.4074211121], [-208.55078125, -1.15022039413, 43.5259857178, 26.2535648346, 60.5132675171, 37.5718078613, 39.328327179, 56.6112327576, 31.0880851746, 53.4471206665, 103.435096741, 49.8614616394, 18.8766365051], [1.79663443565, -79.1963806152, 36.4336929321, 45.6741485596, 12.3639192581, 35.690196991, 41.8107223511, 18.428899765, 41.3647155762, 19.6171092987, 49.8614616394, 95.5230636597, 8.55844402313], [-235.752716064, 94.8645401001, -31.7800312042, -61.7327346802, 27.4620990753, 48.8316192627, -28.3007946014, 47.7193603516, -14.9099435806, 44.4074211121, 18.8766365051, 8.55844402313, 125.375099182]], "icov": [[0.000114111426228, -0.000346510001691, 0.000613008334767, -0.000845742179081, 0.0010016359156, -0.000647860229947, 0.000206687007449, 0.000119928590721, -0.000428330968134, 0.000706829188857, -0.000687662162818, 0.000276270526228, 3.30369948642e-05], [-0.000346510001691, 0.00254924711771, -0.00153866619803, 0.00222307746299, -0.00268083414994, 0.00143421068788, -0.00022335970425, 0.000380395766115, -0.000245177536272, -0.00104216858745, 0.000461017043563, 0.00172833795659, -0.00188987224828], [0.000613008334767, -0.00153866619803, 0.00727755017579, -0.00796146411449, 0.00837847217917, -0.00657059391961, 0.00169360579457, 0.00233313301578, -0.00622422061861, 0.00779446912929, -0.00883561000228, 0.00581839447841, -0.00210812757723], [-0.000845742179081, 0.00222307746299, -0.00796146411449, 0.0154168428853, -0.0149305099621, 0.010631557554, -0.00420224713162, -0.00447644665837, 0.0121696246788, -0.0159705318511, 0.0160691980273, -0.0128849344328, 0.00774942850694], [0.0010016359156, -0.00268083414994, 0.00837847217917, -0.0149305099621, 0.0237259343266, -0.0161182656884, 0.00323392427526, 0.00529416184872, -0.0151879535988, 0.0223140176386, -0.0235979985446, 0.0173221956939, -0.00885927584022], [-0.000647860229947, 0.00143421068788, -0.00657059391961, 0.010631557554, -0.0161182656884, 0.0186019875109, -0.00569342961535, -0.00775923533365, 0.0175588801503, -0.0223550554365, 0.0209326725453, -0.0168374143541, 0.00722328666598], [0.000206687007449, -0.00022335970425, 0.00169360579457, -0.00420224713162, 0.00323392427526, -0.00569342961535, 0.011713639833, 0.00199014646932, -0.0101622799411, 0.0106205036864, -0.00883121229708, 0.00434662401676, -0.00162373960484], [0.000119928590721, 0.000380395766115, 0.00233313301578, -0.00447644665837, 0.00529416184872, -0.00775923533365, 0.00199014646932, 0.011437330395, -0.00949826650321, 0.00605119625106, -0.0107530159876, 0.00972371827811, -0.00603418657556], [-0.000428330968134, -0.000245177536272, -0.00622422061861, 0.0121696246788, -0.0151879535988, 0.0175588801503, -0.0101622799411, -0.00949826650321, 0.0310612097383, -0.0300039947033, 0.0253145769238, -0.0236869975924, 0.0137303387746], [0.000706829188857, -0.00104216858745, 0.00779446912929, -0.0159705318511, 0.0223140176386, -0.0223550554365, 0.0106205036864, 0.00605119625106, -0.0300039947033, 0.0485308691859, -0.0359421670437, 0.0267473924905, -0.0170287285], [-0.000687662162818, 0.000461017043563, -0.00883561000228, 0.0160691980273, -0.0235979985446, 0.0209326725453, -0.00883121229708, -0.0107530159876, 0.0253145769238, -0.0359421670437, 0.0473548099399, -0.0322951115668, 0.0139617230743], [0.000276270526228, 0.00172833795659, 0.00581839447841, -0.0128849344328, 0.0173221956939, -0.0168374143541, 0.00434662401676, 0.00972371827811, -0.0236869975924, 0.0267473924905, -0.0322951115668, 0.039138186723, -0.0157139319927], [3.30369948642e-05, -0.00188987224828, -0.00210812757723, 0.00774942850694, -0.00885927584022, 0.00722328666598, -0.00162373960484, -0.00603418657556, 0.0137303387746, -0.0170287285, 0.0139617230743, -0.0157139319927, 0.0204417649657]]}, "silence_rate_20dB": {"dvar": 0.000267190247541, "var": 0.000133594148792, "median": 1, "max": 1, "dmean": 0.000267272494966, "dmean2": 0.000534580671228, "mean": 0.999866366386, "dvar2": 0.000801541958936, "min": 0}, "barkbands_skewness": {"dvar": 2.04552221298, "var": 7.93259716034, "median": 4.43893241882, "max": 24.9531326294, "dmean": 1.43283247948, "dmean2": 2.20490264893, "mean": 4.85121440887, "dvar2": 4.68083238602, "min": -2.27465677261}, "erbbands_skewness": {"dvar": 0.348229557276, "var": 1.45561552048, "median": 1.34424138069, "max": 11.6630458832, "dmean": 0.574102163315, "dmean2": 0.873400807381, "mean": 1.48043382168, "dvar2": 0.776764571667, "min": -4.72940206528}, "spectral_contrast_valleys": {"dvar": [0.149967223406, 0.159829750657, 0.208835572004, 0.245715469122, 0.181633099914, 0.312513887882], "var": [8.79794025421, 8.45028305054, 7.79338407516, 7.46624994278, 7.33998537064, 5.82434654236], "median": [-6.6294002533, -6.85546779633, -7.78265380859, -8.3899974823, -8.34406280518, -10.9944963455], "max": [-4.60293722153, -4.8135304451, -5.73447370529, -6.26386642456, -5.83458948135, -8.75417709351], "dmean": [0.45591250062, 0.469128936529, 0.524448096752, 0.565705418587, 0.468342572451, 0.65045684576], "dmean2": [0.718727171421, 0.752858877182, 0.837833762169, 0.898793518543, 0.725512564182, 1.02285373211], "mean": [-7.22638034821, -7.33811712265, -8.23559761047, -8.81015968323, -8.75251293182, -11.35658741], "dvar2": [0.334100753069, 0.394392579794, 0.514997422695, 0.618588030338, 0.43985787034, 0.836083889008], "min": [-28.2812767029, -28.0494823456, -27.9094333649, -27.7813053131, -27.5699863434, -27.4587650299]}, "spectral_strongpeak": {"dvar": 46.66954422, "var": 40.2787399292, "median": 0.288802802563, "max": 107.160301208, "dmean": 1.51132369041, "dmean2": 2.75968933105, "mean": 1.46676599979, "dvar2": 122.870246887, "min": 0}, "erbbands_crest": {"dvar": 10.2433843613, "var": 37.0080223083, "median": 10.4737663269, "max": 33.4462509155, "dmean": 3.49972772598, "dmean2": 5.55558109283, "mean": 11.7156381607, "dvar2": 23.8786392212, "min": 1.90196800232}, "barkbands_crest": {"dvar": 7.88839673996, "var": 22.3547821045, "median": 13.8377799988, "max": 26.7470302582, "dmean": 3.29706525803, "dmean2": 5.2559132576, "mean": 14.2255601883, "dvar2": 19.2108459473, "min": 3.32442378998}, "spectral_energyband_middle_low": {"dvar": 0.000139865820529, "var": 0.000576987571549, "median": 0.00721745332703, "max": 0.307470411062, "dmean": 0.00679159723222, "dmean2": 0.0102725215256, "mean": 0.0161696132272, "dvar2": 0.000299767736578, "min": 1.43346300603e-22}, "spectral_contrast_coeffs": {"dvar": [0.00229579163715, 0.00181476119906, 0.00107712193858, 0.000807680364233, 0.000661117723212, 0.00120589940343], "var": [0.014149626717, 0.0073716188781, 0.00428566802293, 0.00295903044753, 0.00252186693251, 0.00426250696182], "median": [-0.666524589062, -0.771015703678, -0.845854282379, -0.87432038784, -0.856570541859, -0.785765171051], "max": [-0.185176253319, -0.366436600685, -0.462523758411, -0.575471818447, -0.634018719196, -0.431090146303], "dmean": [0.0585105791688, 0.0520349703729, 0.0394023545086, 0.0345262251794, 0.0303833913058, 0.0370482690632], "dmean2": [0.0938158705831, 0.0848153308034, 0.0644644647837, 0.0562819056213, 0.0482185967267, 0.0575735867023], "mean": [-0.657416284084, -0.763892114162, -0.839683711529, -0.874081730843, -0.856640815735, -0.776015400887], "dvar2": [0.00572499586269, 0.00466164667159, 0.00279753119685, 0.00206872285344, 0.00160465412773, 0.0029122477863], "min": [-0.978968858719, -0.984058797359, -0.976199686527, -0.983528196812, -0.980297207832, -0.964888632298]}, "hfc": {"dvar": 1239.74902344, "var": 4092.96801758, "median": 44.3951416016, "max": 1290.34741211, "dmean": 24.1245937347, "dmean2": 37.2788505554, "mean": 61.1551208496, "dvar2": 2996.24316406, "min": 1.03004956946e-16}, "spectral_energyband_high": {"dvar": 1.04334311857e-07, "var": 2.21407589152e-07, "median": 8.93079195521e-05, "max": 0.0155640961602, "dmean": 0.000119713426102, "dmean2": 0.000164412093, "mean": 0.000201933740755, "dvar2": 2.10349512031e-07, "min": 6.88366296393e-21}, "erbbands_spread": {"dvar": 136.007904053, "var": 675.750671387, "median": 35.6454772949, "max": 172.095245361, "dmean": 11.4293375015, "dmean2": 16.8302459717, "mean": 41.0127563477, "dvar2": 276.684509277, "min": 1.23516345024}, "dissonance": {"dvar": 0.000647260341793, "var": 0.00159263284877, "median": 0.455074250698, "max": 0.500000119209, "dmean": 0.0266007799655, "dmean2": 0.0434818193316, "mean": 0.446041166782, "dvar2": 0.00171435566153, "min": 0.210769414902}, "spectral_kurtosis": {"dvar": 13.0126438141, "var": 32.4496917725, "median": 8.34149646759, "max": 66.4465179443, "dmean": 2.89541053772, "dmean2": 4.36603975296, "mean": 9.69415569305, "dvar2": 32.1644172668, "min": -1.26722097397}, "spectral_skewness": {"dvar": 0.110649369657, "var": 0.492635905743, "median": 2.25156521797, "max": 6.874563694, "dmean": 0.324995189905, "dmean2": 0.475403785706, "mean": 2.31135559082, "dvar2": 0.263910382986, "min": -0.106645710766}, "pitch_salience": {"dvar": 0.00662729190663, "var": 0.0231746267527, "median": 0.445414841175, "max": 0.984964132309, "dmean": 0.0933194458485, "dmean2": 0.148220404983, "mean": 0.431365579367, "dvar2": 0.0159926116467, "min": 0.0423554554582}, "spectral_complexity": {"dvar": 3.804210186, "var": 13.200419426, "median": 6, "max": 37, "dmean": 1.86516106129, "dmean2": 2.98783826828, "mean": 6.74550676346, "dvar2": 8.60277080536, "min": 0}, "spectral_spread": {"dvar": 373466005504, "var": 24556047695900.0, "median": 5224541.5, "max": 43216832, "dmean": 646029.375, "dmean2": 940272.3125, "mean": 5838693, "dvar2": 805290508288, "min": 1520241.25}, "dynamic_complexity": 3.77057266235, "melbands_crest": {"dvar": 16.09416008, "var": 60.5105819702, "median": 21.2911128998, "max": 39.3493461609, "dmean": 4.32050609589, "dmean2": 6.85343074799, "mean": 21.9697799683, "dvar2": 38.1531600952, "min": 1.50156867504}, "zerocrossingrate": {"dvar": 0.0015633655712, "var": 0.0162024199963, "median": 0.1181640625, "max": 0.734375, "dmean": 0.0395576991141, "dmean2": 0.0498082749546, "mean": 0.158329963684, "dvar2": 0.00225665513426, "min": 0.0009765625}, "spectral_energyband_low": {"dvar": 0.000745102821384, "var": 0.00174818793312, "median": 0.0221484247595, "max": 0.418778479099, "dmean": 0.0169666763395, "dmean2": 0.0265875272453, "mean": 0.0358102209866, "dvar2": 0.00179612147622, "min": 1.04778651133e-23}, "melbands_kurtosis": {"dvar": 5856.18994141, "var": 12067.6162109, "median": 44.6865768433, "max": 2414.97265625, "dmean": 40.2908401489, "dmean2": 63.5304412842, "mean": 7