{"metadata": {"audio_properties": {"downmix": "mix", "bit_rate": 197813, "lossless": false, "md5_encoded": "11371635ff437374fbe51629ac3bcf06", "analysis_sample_rate": 44100, "sample_rate": 44100, "replay_gain": -10.0097045898, "equal_loudness": 0, "codec": "mp3", "length": 221.544494629}, "tags": {"date": ["2007"], "musicbrainz_albumid": ["6eef4e1d-a9ef-4d74-9f12-d49074194cdf"], "musicbrainz_recordingid": ["25e5fd79-6168-47f3-948b-0218fc775f81"], "tracknumber": ["08/13"], "acoustid_id": ["7c159c30-d914-4f33-982a-88be943443e6"], "barcode": ["655035507224"], "album": ["Book of Bad Breaks"], "musicbrainz album type": ["Album"], "albumartist": ["Thee More Shallows"], "asin": ["B000O5AYD4"], "media": ["CD"], "language": ["eng"], "file_name": "08 Fly Paper.mp3", "originalalbum": ["At the Crossroads: A Benefit for Homeless Youth"], "musicbrainz album release country": ["GB"], "musicbrainz_artistid": ["e00aa801-7772-43bb-af37-8b49fad1e026"], "catalognumber": ["ABR 0072 CD"], "albumartistsort": ["Thee More Shallows"], "script": ["Latin"], "label": ["Anticon"], "musicbrainz album status": ["Official"], "artist": ["Thee More Shallows"], "title": ["Fly Paper"], "musicbrainz_albumartistid": ["e00aa801-7772-43bb-af37-8b49fad1e026"], "discnumber": ["01/01"], "artistsort": ["Thee More Shallows"], "encodedby": ["iTunes v7.3"], "acoustid_fingerprint": ["AQABz1ISOZmUaEF4nIWOG_mPnima7_hxNN2C8Dl0VJYQpiMe4cfRI0w24Tf0Efnxozl6HcejE92P_NAzpMenDj8a-fhEo4ePykX44BAPH78Qj8Th7whf4Te0PENf5DsabkK_ox18dMeVITzM45oMnTsOy8RxnMaPb9AJ_wgfoit8nIcfHUfeonmGH33QnBf0oA984h8-Ir0CH1eO38glHi-Pm4aphEcp47SCL4eOKVeOUGJyfBGDyKuPH1csiJ8RK0mGyzx-BWEuVI4e6BZiBdfxPOiacmjy4LeILw--EXnYBHrwH3Gm5BvKZcnhWlLQHt-H8NDSiBFy_fg0VGcNq1Ee9MYXB0ctG77xW3DH4MgneF8WaDrRtxy-E-8gPzAXHdeOE46lQPsnhOdhagv-4dmC74gvaEqPnBmFH_1xZS-uC99ufCd89IidueiHJiKPH02PHtpnwUfw7LhmfOLhH5U_fNHxXejHw6GHLlmPfzpy6sODZi-O7wrcLYM-_PiOwKJxrof74CfiQ9fh4zte6MOPPISPi8F1HP8G6w-qH7tRH3YSBSWloU_RfD9-_DhzhNaP5tCVI0erw3sO6oqRotxxXlDUHpvSIc1RH0-mo2cHDz-yfJKgY5_wo8fHQ70Fjz38CFP_oGTgPNBW_IHGLseU7MclEeEHJz0ewaseXEdgh4F2_OgP3_DRH5oIPxxCHWi-IX_xQyR-lEuNcKe4wCrKDlXTIb2OyjtxJXgO1dC1B0f-HheaaUe_47lV_ImD7ycm9fBTlMmLKy-uo1wSE82yksb1IG8OKdGM8Aw43fiWC4-OqsnRTDryQ7Omwt-hTlcRLpRSCYxe_Dq2H09T_PB5NMdv_Mh1nHoQpmIsPDqMPkQu9BBfB_-R-ziHwz-OXzg2K_uB48vx5mAuPvhPRL_x5dBuIkX_4YpTND-6HW-OHE18nEOtHjKFq-gXhFE43MmMo-_wHRdy-CW0Z5ZwvcUf1IcY58ePp4tx_IeuDx9z5CpOHUePSydu1B_MBz1O9NMR5pqNHzXEF0eu4IdJ4sd_nCKOfNJh3nAXyPlxxOfxnILHw89x4b-GrtJxhXSQs5GQfGh69D--JzizXHi84_kO_WheF-Xm4cO1Y9oL5wdzYz9ytcaPZ0IfHmHqBP-DRteDPgtOuahawlKVDRUV47wQ6DbCRzouAeGQBYQIIQyjQBGFmEVWKIUoUUI4I4hQBlFmhBGKCooUQwgQZgAQABKADBIACUIpdVIgBJgQAAABAABEAYAUcMYQixAwBAkIFHMAAScBQA4KQgQAgBGgjCGCGKQ0MAQwZpQyQDEAFGDJCDIUAAZQw5RgBAiDGGPAOIEkAAgQYAwBiglgBSAGGwgEQMIgwRwQAAAjhAjQEAA0FAQAoxBBQikmmlJAEcyAEMQILZQQQEEjiRJAESSUAMIARbhTQBgBgABUCGGEAIBAIoAABlCBGGEISKAEA5hIAAwChBCAhADGCCIgEYIAYAQRFgBkAGYEEMEAEYwQAoRSxgGAnHIEKMeEI8gRwogwDgAkgLBAIAuRAYAQg5AgAABgHBACQsAMUEZRgSQgwhiigSDGOAmEAYIJYIAwjhHERQFCAWuUAQgCwShAggAh0CAOChIEAQYBCAghQJhEiFCAAAKYAA4AQIgBxhmmCDTAAWCAEIAYAgAH"], "musicbrainz_releasegroupid": ["1d003640-31d7-3b2d-8eab-e7400f2edbb1"], "genre": ["Indie rock"]}, "version": {"essentia_build_sha": "cead25079874084f62182a551b7393616cd33d87", "essentia_git_sha": "v2.1_beta2-1-ge3940c0", "extractor": "music 1.0", "essentia": "2.1-beta2"}}, "tonal": {"chords_scale": "major", "hpcp": {"dmean": [0.0883420705795, 0.0945629924536, 0.0951879024506, 0.0943054631352, 0.0991927757859, 0.109748058021, 0.10409476608, 0.0823164209723, 0.0795740187168, 0.0912463143468, 0.135241135955, 0.162554293871, 0.172712206841, 0.127785593271, 0.0749505609274, 0.0581074953079, 0.0635981485248, 0.0807310640812, 0.0855983197689, 0.0801695212722, 0.0891518294811, 0.0872619450092, 0.0870116278529, 0.0803015455604, 0.0707684755325, 0.0846435204148, 0.116967730224, 0.116683110595, 0.120034240186, 0.108552478254, 0.0913502275944, 0.12120141834, 0.159784048796, 0.167947039008, 0.133486166596, 0.0963915064931], "dvar2": [0.0929979979992, 0.0966606810689, 0.0915200188756, 0.0897812917829, 0.0864144936204, 0.0840996056795, 0.082951657474, 0.0691552683711, 0.0757827237248, 0.0784726217389, 0.0911818519235, 0.109999887645, 0.110111378133, 0.0938813388348, 0.0666234716773, 0.0483083724976, 0.0514820925891, 0.0550116971135, 0.0631921440363, 0.0624325536191, 0.0792979225516, 0.0825249403715, 0.0790281668305, 0.0635017901659, 0.0500889383256, 0.0560314133763, 0.0936543047428, 0.0950515344739, 0.104176528752, 0.113731719553, 0.0998861864209, 0.0963521972299, 0.117730632424, 0.119769066572, 0.119172230363, 0.0950536057353], "mean": [0.0702269300818, 0.0829693302512, 0.0995985046029, 0.0962083116174, 0.104222416878, 0.160490363836, 0.150650188327, 0.0855569988489, 0.0729769319296, 0.0857279151678, 0.156922116876, 0.326168626547, 0.31700861454, 0.139126956463, 0.0653488859534, 0.0512172877789, 0.0629083439708, 0.10855589807, 0.111401692033, 0.089525423944, 0.126817017794, 0.130519539118, 0.0939442962408, 0.0874256566167, 0.0759042873979, 0.100126035511, 0.256065249443, 0.336482405663, 0.208642527461, 0.0978730991483, 0.0745402276516, 0.131441786885, 0.281129896641, 0.282095819712, 0.143462896347, 0.0802603587508], "var": [0.0242656543851, 0.0281377416104, 0.0361312702298, 0.03479764238, 0.0324566736817, 0.0644010156393, 0.063115246594, 0.0253550633788, 0.0218690875918, 0.0241625159979, 0.0402690805495, 0.109997339547, 0.106761619449, 0.0355559885502, 0.0190047957003, 0.0144347436726, 0.0147677902132, 0.0327807180583, 0.0361742302775, 0.0236451178789, 0.059979185462, 0.0669824257493, 0.0295014362782, 0.021005295217, 0.0174857527018, 0.0232414547354, 0.0940727964044, 0.151092633605, 0.0747256278992, 0.0380958579481, 0.0303763803095, 0.0381964929402, 0.103963553905, 0.102467104793, 0.0491903163493, 0.0287187993526], "dmean2": [0.161445140839, 0.170351028442, 0.169251665473, 0.166649207473, 0.173073008657, 0.18728980422, 0.176524072886, 0.144716694951, 0.142743378878, 0.163567200303, 0.235209733248, 0.274291932583, 0.292380392551, 0.225133642554, 0.13666240871, 0.105581656098, 0.113068059087, 0.137913972139, 0.146272212267, 0.141457989812, 0.154983431101, 0.152232050896, 0.153899073601, 0.140902101994, 0.125391885638, 0.149220615625, 0.200324892998, 0.198565617204, 0.20877070725, 0.194065526128, 0.164080962539, 0.212192922831, 0.273377388716, 0.285337090492, 0.233633592725, 0.17325091362], "dvar": [0.0333172939718, 0.0349849686027, 0.0339249782264, 0.0331295542419, 0.0315196588635, 0.0343204587698, 0.03356577456, 0.0255120396614, 0.0267575662583, 0.0276556070894, 0.0328180976212, 0.042864613235, 0.0435182787478, 0.0325108803809, 0.0233021453023, 0.0171653274447, 0.0179866086692, 0.0212441515177, 0.0238326564431, 0.0219399183989, 0.0305176898837, 0.0315109826624, 0.0265511069447, 0.0226507168263, 0.0182258561254, 0.0200872793794, 0.0346047282219, 0.0382348373532, 0.0394588075578, 0.0425667837262, 0.037481021136, 0.0351985059679, 0.0451985821128, 0.0468612797558, 0.0426631495357, 0.03395768255], "min": [0, 0, 0, 0, 0, 0, 0, 0, 0, 0, 0, 0, 0, 0, 0, 0, 0, 0, 0, 0, 0, 0, 0, 0, 0, 0, 0, 0, 0, 0, 0, 0, 0, 0, 0, 0], "median": [0.0174992755055, 0.0237592291087, 0.0282530598342, 0.0265182200819, 0.0363787263632, 0.047819301486, 0.0367103666067, 0.0279421545565, 0.0236868206412, 0.0280413255095, 0.0741937384009, 0.175187170506, 0.172474175692, 0.0645125582814, 0.0186921544373, 0.015688829124, 0.0227566175163, 0.037526935339, 0.0340641140938, 0.0278596915305, 0.0232202075422, 0.0230176858604, 0.0334244593978, 0.0407377667725, 0.032632611692, 0.039498295635, 0.0911331623793, 0.10086928308, 0.063953846693, 0.0216964632273, 0.0149353016168, 0.0516936033964, 0.135209649801, 0.141363233328, 0.0490092337132, 0.0174700170755], "max": [1, 1, 1, 1, 1, 1, 1, 1, 1, 1, 1, 1, 1, 1, 1, 1, 1, 1, 1, 1, 1, 1, 1, 1, 1, 1, 1, 1, 1, 1, 1, 1, 1, 1, 1, 1]}, "tuning_equal_tempered_deviation": 0.184494778514, "chords_key": "F#", "chords_strength": {"dmean": 0.00808284897357, "dvar2": 6.52316812193e-05, "mean": 0.542524337769, "var": 0.0111170215532, "dmean2": 0.00795961543918, "dvar": 6.04454762652e-05, "min": 0.22074855864, "median": 0.560267627239, "max": 0.753609776497}, "tuning_diatonic_strength": 0.673222720623, "thpcp": [1, 0.620069622993, 0.29087138176, 0.221527859569, 0.390634953976, 0.835496544838, 0.83836722374, 0.426360756159, 0.238527655602, 0.208709076047, 0.246578514576, 0.295999139547, 0.285923749208, 0.309741050005, 0.476965099573, 0.447720855474, 0.254268854856, 0.216881871223, 0.254776805639, 0.466360539198, 0.96934825182, 0.942125380039, 0.413474678993, 0.194211900234, 0.152213871479, 0.186958789825, 0.322619825602, 0.331077307463, 0.266062706709, 0.376890480518, 0.38789409399, 0.279195278883, 0.259822368622, 0.225581735373, 0.297566920519, 0.761006355286], "chords_histogram": [20.5993289948, 0.565800487995, 10.8340320587, 1.65549039841, 4.54735946655, 8.42414093018, 3.66722559929, 2.26320195198, 0, 0.314333617687, 6.99916172028, 0.0419111475348, 11.1064538956, 0.0419111475348, 3.16429162025, 0.25146690011, 0.104777872562, 5.2598490715, 0.733445107937, 3.6043586731, 7.54400682449, 4.6730928421, 1.46689021587, 2.13746857643], "tuning_nontempered_energy_ratio": 0.871371507645, "tuning_frequency": 445.369720459, "key_strength": 0.740476369858, "chords_changes_rate": 0.0473595969379, "key_scale": "major", "hpcp_entropy": {"dmean": 0.595792651176, "dvar2": 0.667513847351, "mean": 2.08809065819, "var": 0.638122439384, "dmean2": 0.996724903584, "dvar": 0.246652141213, "min": 0, "median": 2.08645319939, "max": 4.50710916519}, "key_key": "F#", "chords_number_rate": 0.00335289188661}, "lowlevel": {"melbands_skewness": {"dmean": 0.503106296062, "dvar2": 0.654900074005, "mean": 1.90508198738, "var": 1.9145963192, "dmean2": 0.788162529469, "dvar": 0.273033320904, "min": -1.87836098671, "median": 1.99661815166, "max": 11.5282373428}, "melbands_kurtosis": {"dmean": 3.51160669327, "dvar2": 91.1354141235, "mean": 7.44255685806, "var": 100.920143127, "dmean2": 5.62693786621, "dvar": 36.3700447083, "min": -1.90251874924, "median": 5.43591594696, "max": 187.351196289}, "barkbands_kurtosis": {"dmean": 1.78390276432, "dvar2": 18.3845176697, "mean": 2.82951116562, "var": 24.5631980896, "dmean2": 2.8389351368, "dvar": 7.632625103, "min": -1.8666973114, "median": 1.54925870895, "max": 88.5975418091}, "hfc": {"dmean": 4.65619516373, "dvar2": 168.71786499, "mean": 19.0110015869, "var": 244.261947632, "dmean2": 6.80622673035, "dvar": 75.6684417725, "min": 1.04288530936e-11, "median": 16.1767272949, "max": 155.310714722}, "silence_rate_20dB": {"dmean": 0, "dvar2": 0, "mean": 1, "var": 0, "dmean2": 0, "dvar": 0, "min": 1, "median": 1, "max": 1}, "erbbands_flatness_db": {"dmean": 0.0163976345211, "dvar2": 0.000470987783046, "mean": 0.188682302833, "var": 0.0118307936937, "dmean2": 0.021618058905, "dvar": 0.000292069191346, "min": 0.0496014915407, "median": 0.148942470551, "max": 0.469257622957}, "spectral_flux": {"dmean": 0.0209037661552, "dvar2": 0.00166951178107, "mean": 0.0735780075192, "var": 0.00252007087693, "dmean2": 0.0324289612472, "dvar": 0.000817680964246, "min": 3.02623197967e-06, "median": 0.0676197707653, "max": 0.324463576078}, "spectral_energyband_low": {"dmean": 0.00375960767269, "dvar2": 0.000195577114937, "mean": 0.00721822446212, "var": 0.000105317776615, "dmean2": 0.006265362259, "dvar": 7.45512224967e-05, "min": 2.28573346285e-17, "median": 0.00383008038625, "max": 0.144597411156}, "spectral_rolloff": {"dmean": 308.331573486, "dvar2": 641213.6875, "mean": 1242.74841309, "var": 930005.9375, "dmean2": 494.403625488, "dvar": 327092.84375, "min": 86.1328125, "median": 1119.7265625, "max": 20047.4121094}, "spectral_entropy": {"dmean": 0.153137892485, "dvar2": 0.0452209338546, "mean": 7.26038551331, "var": 0.701116204262, "dmean2": 0.219589158893, "dvar": 0.0245366245508, "min": 4.77721261978, "median": 7.54645633698, "max": 9.80295181274}, "spectral_energy": {"dmean": 0.00832424499094, "dvar2": 0.000609545444604, "mean": 0.0271132960916, "var": 0.000462275667815, "dmean2": 0.0135519895703, "dvar": 0.000234172024648, "min": 9.47955758249e-16, "median": 0.0215906463563, "max": 0.174207761884}, "spectral_centroid": {"dmean": 177.988311768, "dvar2": 97863, "mean": 1094.14880371, "var": 211293.90625, "dmean2": 274.386413574, "dvar": 48756.3945312, "min": 160.887115479, "median": 1086.82177734, "max": 11143.1582031}, "barkbands_flatness_db": {"dmean": 0.0185653623194, "dvar2": 0.000671894173138, "mean": 0.160093083978, "var": 0.00996444839984, "dmean2": 0.0274425633252, "dvar": 0.000326476379996, "min": 0.0213612671942, "median": 0.125946730375, "max": 0.508996546268}, "spectral_rms": {"dmean": 0.000660602585413, "dvar2": 2.23046185965e-06, "mean": 0.0047673243098, "var": 3.72474141841e-06, "dmean2": 0.00104923627805, "dvar": 8.94767424597e-07, "min": 9.61683399581e-10, "median": 0.00458955811337, "max": 0.0130368247628}, "melbands": {"dmean": [0.000581527943723, 0.000792278675362, 0.000724027049728, 0.000788809615187, 0.0002969178895, 0.000203666641028, 0.000284649257082, 0.00021568867669, 0.000113655551104, 0.000104872902739, 9.10224043764e-05, 5.37502019142e-05, 5.02671755385e-05, 3.93744958274e-05, 3.57273056579e-05, 3.57203753083e-05, 3.31275477947e-05, 2.01417951757e-05, 1.31615797727e-05, 1.00894412753e-05, 7.3737837738e-06, 7.94603602117e-06, 6.08951359027e-06, 4.9239274631e-06, 3.69526310351e-06, 4.06448498325e-06, 2.9624563922e-06, 1.95952384274e-06, 2.00234876502e-06, 1.94620679395e-06, 2.03804665944e-06, 1.87286491382e-06, 1.28184126424e-06, 8.64135586198e-07, 6.16413331045e-07, 5.51853133857e-07, 6.260093528e-07, 6.98841802205e-07, 3.96194081986e-07, 2.66696758899e-07], "dvar2": [7.40796895116e-06, 8.11566587799e-06, 5.75395142732e-06, 9.7882530099e-06, 7.35255355266e-07, 7.40722043702e-07, 8.92493119409e-07, 6.66079642997e-07, 2.65495430085e-07, 2.7033945571e-07, 1.62103987122e-07, 4.65916194514e-08, 2.50375347122e-08, 1.28467378957e-08, 1.79523276245e-08, 1.06451807369e-08, 1.08543884991e-08, 3.71797659326e-09, 1.38148137374e-09, 9.78309655508e-10, 4.4224340856e-10, 8.11798683831e-10, 3.47727846517e-10, 2.90704127437e-10, 1.92437982216e-10, 2.13703041374e-10, 1.3111764452e-10, 7.23067508646e-11, 6.80908107675e-11, 6.63760504893e-11, 6.34691743606e-11, 5.44444246631e-11, 2.58183040919e-11, 7.47531550549e-12, 4.77149526487e-12, 5.70406092151e-12, 1.30645581159e-11, 2.48793347035e-11, 6.16805001172e-12, 1.346902841e-12], "mean": [0.000830551667605, 0.00142247870099, 0.00138076394796, 0.00118298805319, 0.000534464372322, 0.000311018258799, 0.000489057565574, 0.000377409072826, 0.000208009165362, 0.000165355289937, 0.000153989545652, 9.51729234657e-05, 9.24132109503e-05, 7.29814782972e-05, 6.13957017777e-05, 0.000122478901176, 0.000177998328581, 3.58378565579e-05, 2.43116646743e-05, 1.91019480553e-05, 1.43506595123e-05, 1.42803373819e-05, 1.17757535918e-05, 9.46411819314e-06, 7.34848208594e-06, 7.92268656369e-06, 5.48533171241e-06, 3.66327822121e-06, 3.62297032552e-06, 3.33810635311e-06, 3.46572232957e-06, 3.24652683048e-06, 2.33915056924e-06, 1.62207425092e-06, 1.19445542168e-06, 1.05723984234e-06, 1.10571045298e-06, 1.13847568173e-06, 7.20160699075e-07, 5.06613844209e-07], "var": [3.47943705492e-06, 4.17431192545e-06, 3.12724910145e-06, 3.60617423212e-06, 7.59626061608e-07, 2.97678553807e-07, 7.92324499344e-07, 6.27806059583e-07, 1.47419797258e-07, 1.45817111274e-07, 1.17747575246e-07, 3.5769740947e-08, 2.1046210108e-08, 8.9997564956e-09, 1.20646355128e-08, 2.75501736979e-08, 1.00756942345e-07, 2.70163336147e-09, 9.48927714184e-10, 7.31975424717e-10, 3.63970992234e-10, 5.5761734119e-10, 3.47933626355e-10, 2.30229196818e-10, 1.6426165983e-10, 2.20542889506e-10, 1.02938040036e-10, 5.56401869023e-11, 5.02194709429e-11, 5.1199249701e-11, 5.87288620513e-11, 5.1257623146e-11, 2.34253935694e-11, 8.85778603243e-12, 4.7474858246e-12, 4.50419822967e-12, 1.31622516705e-11, 2.56940527882e-11, 8.20120187039e-12, 1.88946536368e-12], "dmean2": [0.000954629504122, 0.00135390355717, 0.00126999174245, 0.00135859975126, 0.000475162843941, 0.000343742838595, 0.00044735672418, 0.000330994167598, 0.000180425311555, 0.000171390842297, 0.000146617763676, 8.63582536113e-05, 8.16390747786e-05, 6.41215883661e-05, 5.94684497628e-05, 5.9403690102e-05, 5.40786568308e-05, 3.31095397996e-05, 2.19079156523e-05, 1.66641239048e-05, 1.21999464682e-05, 1.2925072042e-05, 9.82231995295e-06, 8.01311944088e-06, 6.05417926636e-06, 6.43930525257e-06, 4.83861504108e-06, 3.23919721268e-06, 3.24662914863e-06, 3.19519199365e-06, 3.23423068949e-06, 2.94271103485e-06, 1.9915928533e-06, 1.33480182285e-06, 9.68306153482e-07, 8.47290834827e-07, 9.14437748634e-07, 1.02738317764e-06, 5.72137878407e-07, 3.85874869835e-07], "dvar": [2.97910514746e-06, 2.89156332656e-06, 2.00824229069e-06, 3.49707579517e-06, 3.03431107795e-07, 2.70429154625e-07, 3.80554240564e-07, 3.03837822457e-07, 1.03953588848e-07, 9.97384788093e-08, 6.45340918481e-08, 1.86896276233e-08, 1.02255999224e-08, 5.06506703246e-09, 6.87805368216e-09, 4.07454736617e-09, 5.49760725832e-09, 1.43645606521e-09, 5.17909215514e-10, 3.8135275493e-10, 1.75075662301e-10, 3.29593324855e-10, 1.4825710104e-10, 1.13939697954e-10, 7.67231000953e-11, 9.38409697171e-11, 5.27888115165e-11, 2.69062619407e-11, 2.66355167089e-11, 2.60948138098e-11, 2.63425184444e-11, 2.28080644649e-11, 1.07093023685e-11, 3.37819702767e-12, 1.91179407374e-12, 2.24252495913e-12, 6.61495337673e-12, 1.30650048072e-11, 3.58594317434e-12, 7.00580652518e-13], "min": [3.82488315245e-18, 3.1009661132e-18, 1.98060167229e-18, 9.03996119752e-19, 2.02847718008e-19, 5.84454543063e-20, 2.24980486261e-19, 3.2251960784e-19, 2.85621536407e-19, 5.54917784545e-19, 1.40968978191e-18, 2.15391234743e-18, 1.77011750041e-18, 6.10087887969e-19, 8.65322492209e-20, 3.76953572218e-19, 7.77197862148e-19, 9.16947803591e-19, 4.51273604756e-19, 5.66056133385e-19, 5.60992960855e-19, 3.79665535555e-19, 6.90943500376e-19, 9.6862549877e-19, 1.41415366209e-18, 1.01664922699e-18, 1.24786151104e-18, 7.64393519856e-19, 1.17696179279e-18, 1.42653210976e-18, 6.33240673314e-19, 9.49993152075e-19, 8.66778368861e-19, 8.57138147509e-19, 5.01809428798e-19, 8.93854265057e-19, 1.05898670889e-18, 1.00375017252e-18, 1.42772418042e-18, 7.52943892612e-19], "median": [0.000238915992668, 0.000658006058075, 0.000800646957941, 0.00052945286734, 0.000270132761216, 0.000135859765578, 0.000191877610632, 0.000167759542819, 0.000127026723931, 6.70051740599e-05, 6.77418720443e-05, 5.12239748787e-05, 5.16938453075e-05, 4.68684083899e-05, 3.33465504809e-05, 5.17822518304e-05, 3.83834594686e-05, 1.96076816792e-05, 1.47556002048e-05, 1.16258424896e-05, 8.80795050762e-06, 7.79304900789e-06, 5.89613910051e-06, 4.61391391582e-06, 3.55794213647e-06, 2.9005207125e-06, 2.07083962778e-06, 1.22390690649e-06, 1.60541810601e-06, 7.99140252639e-07, 7.16809552159e-07, 6.64354615765e-07, 5.3903920616e-07, 2.99876205645e-07, 2.07475025604e-07, 1.79033790459e-07, 1.67095322468e-07, 1.27126213556e-07, 1.00719162788e-07, 9.49154355112e-08], "max": [0.021833287552, 0.0350683294237, 0.0245731435716, 0.0233503822237, 0.0162464082241, 0.00916023459285, 0.0110130319372, 0.0128814019263, 0.0151774808764, 0.0110178403556, 0.00697864452377, 0.00487135816365, 0.00327358487993, 0.00208431505598, 0.00346267200075, 0.00165938923601, 0.00121197814588, 0.000936518423259, 0.000414856389398, 0.000699609867297, 0.000238812688622, 0.000576973427087, 0.000325464498019, 0.000251726334682, 0.000233866288909, 0.000222834743909, 0.000197953282623, 0.000108856358565, 0.000181059367605, 0.000142482997035, 0.000179450857104, 0.000165601974004, 0.000103853089968, 6.57825439703e-05, 3.68590663129e-05, 4.96961547469e-05, 9.61311088759e-05, 0.000177400113898, 0.000123025543871, 4.14438181906e-05]}, "barkbands_crest": {"dmean": 2.2442138195, "dvar2": 12.3437995911, "mean": 10.1982707977, "var": 21.3836727142, "dmean2": 3.7016620636, "dvar": 4.85422611237, "min": 2.71454048157, "median": 8.76099681854, "max": 24.8396091461}, "mfcc": {"icov": [[0.000405858037993, 0.000489981786814, 9.40477038966e-05, -0.000330253940774, -0.000106581290311, 0.000130504180561, 0.000768988044001, -0.000782666029409, 1.20303084259e-05, -0.000327953981468, 0.000148668448674, -7.38687012927e-05, 0.000719563278835], [0.000489981786814, 0.00154813809786, 0.000756605179049, 0.000323205022141, -0.00125535414554, 0.000225992538617, 0.0006533228443, -0.000483082752908, 0.000193778352696, -0.000952315633185, 4.28064486186e-05, -0.000221178604988, 0.0011385360267], [9.40477038966e-05, 0.000756605179049, 0.00258197914809, 0.00114057189785, -0.0009415053064, -0.00119715125766, 0.000555879960302, 0.000694121350534, -0.000623381813057, 3.23496396959e-06, -0.000619563099463, 0.000961781304795, -0.000529444543645], [-0.000330253940774, 0.000323205022141, 0.00114057189785, 0.00773084582761, -0.00172369775828, -0.000397048162995, -0.00145123142283, -0.000494298874401, -0.00105427775998, 0.000898914120626, 0.000912641116884, -0.000349647947587, -0.00100840616506], [-0.000106581290311, -0.00125535414554, -0.0009415053064, -0.00172369775828, 0.0104076573625, -0.00246548745781, -0.000303467910271, -0.00107100629248, -0.00072833604645, 2.55538616329e-05, 0.000252381432801, 0.000553319638129, -0.000318180100294], [0.000130504180561, 0.000225992538617, -0.00119715125766, -0.000397048162995, -0.00246548745781, 0.0129262339324, -0.00404555676505, 0.0017213744577, -0.00137762050144, -0.00193790020421, -0.00131608336233, -0.00262599578127, 0.00102182908449], [0.000768988044001, 0.0006533228443, 0.000555879960302, -0.00145123142283, -0.000303467910271, -0.00404555676505, 0.0141800595447, -0.00319796288386, -0.000365421263268, -0.00235197669826, 0.00179181341082, -0.00374511140399, 0.003673203988], [-0.000782666029409, -0.000483082752908, 0.000694121350534, -0.000494298874401, -0.00107100629248, 0.0017213744577, -0.00319796288386, 0.0126882484183, -0.00636001769453, 0.00222606700845, -0.0027603181079, 0.00801620166749, -0.00605129264295], [1.20303084259e-05, 0.000193778352696, -0.000623381813057, -0.00105427775998, -0.00072833604645, -0.00137762050144, -0.000365421263268, -0.00636001769453, 0.0185360424221, -0.00582036562264, 0.00506806606427, -0.00227912026457, -0.00034785020398], [-0.000327953981468, -0.000952315633185, 3.23496396959e-06, 0.000898914120626, 2.55538616329e-05, -0.00193790020421, -0.00235197669826, 0.00222606700845, -0.00582036562264, 0.0213797111064, -0.00997233204544, 0.00127455999609, -0.001778776641], [0.000148668448674, 4.28064486186e-05, -0.000619563099463, 0.000912641116884, 0.000252381432801, -0.00131608336233, 0.00179181341082, -0.0027603181079, 0.00506806606427, -0.00997233204544, 0.0222652442753, -0.0100552579388, 0.00454977946356], [-7.38687012927e-05, -0.000221178604988, 0.000961781304795, -0.000349647947587, 0.000553319638129, -0.00262599578127, -0.00374511140399, 0.00801620166749, -0.00227912026457, 0.00127455999609, -0.0100552579388, 0.0219912361354, -0.00395362917334], [0.000719563278835, 0.0011385360267, -0.000529444543645, -0.00100840616506, -0.000318180100294, 0.00102182908449, 0.003673203988, -0.00605129264295, -0.00034785020398, -0.001778776641, 0.00454977946356, -0.00395362917334, 0.0140447225422]], "mean": [-664.936279297, 152.09336853, -3.55080628395, 11.7904109955, 1.31731140614, 12.0345134735, 2.13483285904, -6.77790307999, -5.76922702789, -0.318167179823, 3.91765403748, 2.13743805885, -6.49678182602], "cov": [[9340.37207031, -3277.28149414, 103.184837341, 660.700805664, -107.796226501, -603.637939453, -475.633666992, 1268.88378906, 421.131958008, -351.840454102, -606.171508789, -730.351745605, 507.682128906], [-3277.28149414, 2088.75561523, -298.302062988, -237.467010498, 119.358230591, 204.309875488, 161.786117554, -444.344909668, -159.165328979, 170.89680481, 250.903167725, 271.253387451, -262.85559082], [103.184837341, -298.302062988, 553.998352051, -62.5548095703, 15.9543600082, 58.9529762268, -14.9482192993, -32.1358070374, 10.6489477158, 9.94543361664, 16.466802597, -0.892800331116, 17.3614234924], [660.700805664, -237.467010498, -62.5548095703, 214.501876831, 23.6079559326, -47.2568054199, -12.1732053757, 147.177627563, 61.001159668, -38.9504356384, -75.2928924561, -69.1517791748, 70.5150756836], [-107.796226501, 119.358230591, 15.9543600082, 23.6079559326, 126.002883911, 33.496723175, 20.093536377, 16.138666153, 17.366268158, 12.1351976395, 2.71760177612, 1.54376578331, 1.78055465221], [-603.637939453, 204.309875488, 58.9529762268, -47.2568054199, 33.496723175, 176.685043335, 80.1371536255, -141.759765625, -28.4204959869, 63.2413330078, 89.8345489502, 103.5078125, -73.5980224609], [-475.633666992, 161.786117554, -14.9482192993, -12.1732053757, 20.093536377, 80.1371536255, 127.074356079, -66.7079086304, -9.74399757385, 40.8985519409, 49.4132041931, 65.7158203125, -50.1053733826], [1268.88378906, -444.344909668, -32.1358070374, 147.177627563, 16.138666153, -141.759765625, -66.7079086304, 404.630737305, 136.12902832, -79.1807632446, -157.233917236, -194.879180908, 172.251785278], [421.131958008, -159.165328979, 10.6489477158, 61.001159668, 17.366268158, -28.4204959869, -9.74399757385, 136.12902832, 111.286300659, -8.63804244995, -57.0757446289, -57.3929290771, 63.7654914856], [-351.840454102, 170.89680481, 9.94543361664, -38.9504356384, 12.1351976395, 63.2413330078, 40.8985519409, -79.1807632446, -8.63804244995, 94.9533081055, 76.1613540649, 63.3573265076, -42.4129676819], [-606.171508789, 250.903167725, 16.466802597, -75.2928924561, 2.71760177612, 89.8345489502, 49.4132041931, -157.233917236, -57.0757446289, 76.1613540649, 152.607345581, 118.390716553, -89.0891036987], [-730.351745605, 271.253387451, -0.892800331116, -69.1517791748, 1.54376578331, 103.5078125, 65.7158203125, -194.879180908, -57.3929290771, 63.3573265076, 118.390716553, 168.933197021, -82.4121627808], [507.682128906, -262.85559082, 17.3614234924, 70.5150756836, 1.78055465221, -73.5980224609, -50.1053733826, 172.251785278, 63.7654914856, -42.4129676819, -89.0891036987, -82.4121627808, 166.800842285]]}, "spectral_decrease": {"dmean": 2.12595474558e-09, "dvar2": 4.00471651895e-17, "mean": -6.72692834769e-09, "var": 2.93678366563e-17, "dmean2": 3.47432349557e-09, "dvar": 1.53154955412e-17, "min": -4.51598936024e-08, "median": -5.34041078026e-09, "max": 1.01504935629e-18}, "zerocrossingrate": {"dmean": 0.00842645950615, "dvar2": 0.000129571752041, "mean": 0.0557423457503, "var": 0.000790789257735, "dmean2": 0.00954034272581, "dvar": 0.000110279223009, "min": 0.005859375, "median": 0.052734375, "max": 0.53759765625}, "spectral_contrast_coeffs": {"dmean": [0.0529015399516, 0.0450941435993, 0.0346300601959, 0.0272328518331, 0.019391451031, 0.0185996219516], "dvar2": [0.00542547972873, 0.00353922345676, 0.00207386910915, 0.00128055887762, 0.000672702153679, 0.000835701823235], "mean": [-0.6106325984, -0.716538846493, -0.791485130787, -0.765827775002, -0.800237715244, -0.770130097866], "var": [0.00707571068779, 0.00499464571476, 0.00257380283438, 0.00821682531387, 0.00131332210731, 0.0015066821361], "dmean2": [0.0883763432503, 0.0739650726318, 0.05798728019, 0.0447605922818, 0.0315026789904, 0.0305974781513], "dvar": [0.00199197651818, 0.00136051315349, 0.000765340111684, 0.000531402823981, 0.000282806460746, 0.000314279808663], "min": [-0.968408167362, -0.972192883492, -0.960960447788, -0.971310436726, -0.960639536381, -0.959358513355], "median": [-0.6144952178, -0.718020677567, -0.798153936863, -0.798025071621, -0.804931879044, -0.767679512501], "max": [-0.30495429039, -0.398657798767, -0.524276435375, -0.501948654652, -0.57556694746, -0.57428252697]}, "spectral_skewness": {"dmean": 0.392556637526, "dvar2": 1.05409657955, "mean": 2.22611427307, "var": 1.70597290993, "dmean2": 0.651610255241, "dvar": 0.358111441135, "min": -0.00692842388526, "median": 1.82090497017, "max": 10.1153964996}, "spectral_energyband_middle_high": {"dmean": 0.00132932490669, "dvar2": 1.40350948641e-05, "mean": 0.0056965528056, "var": 1.89255715668e-05, "dmean2": 0.00210317154415, "dvar": 5.6106455304e-06, "min": 1.34206335383e-16, "median": 0.00494045671076, "max": 0.0530965700746}, "gfcc": {"icov": [[0.000361501093721, 0.000307125243125, 8.89423754415e-05, -0.000349588139215, 5.08762132085e-05, 0.000122586076031, 1.91809012904e-05, -5.13347004016e-05, -0.00032788986573, 0.000321492203511, 0.000799682748038, -0.000333450676408, 0.000736234418582], [0.000307125243125, 0.0015462487936, 0.00051992473891, 0.000209087171243, -0.00117006816436, 0.000432627653936, 8.67250346346e-05, -0.000455276836874, -0.000788213743363, 0.0014578938717, -0.000732418033294, 0.00201964261942, -0.000321433268255], [8.89423754415e-05, 0.00051992473891, 0.00214859726839, 0.000887492671609, -0.000884726003278, -0.000825319322757, 0.000348779780325, -4.0213111788e-05, -0.000242573965807, -0.000248657859629, 0.00192512129433, -0.000950339715928, 0.000917689118069], [-0.000349588139215, 0.000209087171243, 0.000887492671609, 0.00522377202287, -0.000518629211001, -0.00237438152544, -0.000104050741356, -0.000994770787656, 0.000922648585401, -0.000149793864693, -0.000184323071153, 0.000247344723903, -0.00226267706603], [5.08762132085e-05, -0.00117006816436, -0.000884726003278, -0.000518629211001, 0.00758359115571, -0.000406418344937, -0.00263112573884, 0.00118394673336, -0.00106779066846, 0.000934062991291, -0.000600844505243, 0.000312355434289, -8.72974851518e-05], [0.000122586076031, 0.000432627653936, -0.000825319322757, -0.00237438152544, -0.000406418344937, 0.00958745181561, -0.00159432110377, -0.00316122546792, 0.000366880762158, -0.00204587797634, 0.000139120893436, 0.00126988103148, 0.000475167355035], [1.91809012904e-05, 8.67250346346e-05, 0.000348779780325, -0.000104050741356, -0.00263112573884, -0.00159432110377, 0.0124373277649, -0.00115844805259, -0.00244884844869, -0.000339872931363, -0.00171517324634, 0.00377296609804, -0.00361524475738], [-5.13347004016e-05, -0.000455276836874, -4.0213111788e-05, -0.000994770787656, 0.00118394673336, -0.00316122546792, -0.00115844805259, 0.0116103468463, -0.00282415677793, 0.00268730497919, 0.00226273620501, -0.00850628968328, 0.00226960307918], [-0.00032788986573, -0.000788213743363, -0.000242573965807, 0.000922648585401, -0.00106779066846, 0.000366880762158, -0.00244884844869, -0.00282415677793, 0.0162065047771, -0.00269515765831, -0.00416527828202, 0.00104157126043, -0.000358362740371], [0.000321492203511, 0.0014578938717, -0.000248657859629, -0.000149793864693, 0.000934062991291, -0.00204587797634, -0.000339872931363, 0.00268730497919, -0.00269515765831, 0.0113582024351, -0.00647223880515, 0.00487574189901, 0.00169362116139], [0.000799682748038, -0.000732418033294, 0.00192512129433, -0.000184323071153, -0.000600844505243, 0.000139120893436, -0.00171517324634, 0.00226273620501, -0.00416527828202, -0.00647223880515, 0.0254760310054, -0.00845944974571, 0.000119479853311], [-0.000333450676408, 0.00201964261942, -0.000950339715928, 0.000247344723903, 0.000312355434289, 0.00126988103148, 0.00377296609804, -0.00850628968328, 0.00104157126043, 0.00487574189901, -0.00845944974571, 0.0193905774504, -0.00859236158431], [0.000736234418582, -0.000321433268255, 0.000917689118069, -0.00226267706603, -8.72974851518e-05, 0.000475167355035, -0.00361524475738, 0.00226960307918, -0.000358362740371, 0.00169362116139, 0.000119479853311, -0.00859236158431, 0.0206731706858]], "mean": [-16.2351760864, 115.08732605, -114.269859314, 10.9560089111, -44.7939605713, 5.54186105728, -28.8520050049, -9.5903968811, -20.7856903076, 4.24277162552, -13.4861059189, -10.442109108, -14.4416542053], "cov": [[9891.8203125, -4159.6875, 974.995910645, 874.622558594, -961.207824707, 304.540374756, -607.577270508, 1223.65429688, -331.047027588, -798.544433594, -503.210479736, 1280.03894043, -21.5451488495], [-4159.6875, 3072.13549805, -769.395812988, -414.274505615, 640.077453613, -229.483810425, 357.6300354, -627.723449707, 220.296875, 269.578582764, 226.454116821, -747.75378418, -6.21256017685], [974.995910645, -769.395812988, 801.964294434, -1.90726315975, -106.418190002, 88.5677871704, -109.506652832, 172.07723999, -54.1743164062, -78.5485839844, -104.935249329, 188.782455444, -38.4545326233], [874.622558594, -414.274505615, -1.90726315975, 357.403076172, -82.9638519287, 104.921035767, -33.1784172058, 185.020004272, -36.7229118347, -92.8408508301, -31.3454799652, 169.586196899, 50.3720359802], [-961.207824707, 640.077453613, -106.418190002, -82.9638519287, 295.953094482, -28.1889247894, 121.422431946, -161.534347534, 64.6396942139, 80.7852630615, 55.1955184937, -185.444549561, -2.19997954369], [304.540374756, -229.483810425, 88.5677871704, 104.921035767, -28.1889247894, 167.358688354, 4.41537761688, 93.1196136475, -5.30970191956, 0.680982589722, -13.2479028702, 57.5405426025, 3.56586170197], [-607.577270508, 357.6300354, -109.506652832, -33.1784172058, 121.422431946, 4.41537761688, 159.038879395, -95.6559371948, 53.9103813171, 78.7428436279, 46.234954834, -126.405715942, 8.83139896393], [1223.65429688, -627.723449707, 172.07723999, 185.020004272, -161.534347534, 93.1196136475, -95.6559371948, 403.622589111, -43.7332496643, -215.82144165, -65.397895813, 335.95703125, 52.3457794189], [-331.047027588, 220.296875, -54.1743164062, -36.7229118347, 64.6396942139, -5.30970191956, 53.9103813171, -43.7332496643, 95.5210037231, 57.8901824951, 38.3362159729, -65.1055297852, -2.14380478859], [-798.544433594, 269.578582764, -78.5485839844, -92.8408508301, 80.7852630615, 0.680982589722, 78.7428436279, -215.82144165, 57.8901824951, 275.798431396, 71.5313720703, -218.889862061, -49.2360649109], [-503.210479736, 226.454116821, -104.935249329, -31.3454799652, 55.1955184937, -13.2479028702, 46.234954834, -65.397895813, 38.3362159729, 71.5313720703, 86.6906585693, -51.9618911743, 11.1784229279], [1280.03894043, -747.75378418, 188.782455444, 169.586196899, -185.444549561, 57.5405426025, -126.405715942, 335.95703125, -65.1055297852, -218.889862061, -51.9618911743, 398.715545654, 74.6962432861], [-21.5451488495, -6.21256017685, -38.4545326233, 50.3720359802, -2.19997954369, 3.56586170197, 8.83139896393, 52.3457794189, -2.14380478859, -49.2360649109, 11.1784229279, 74.6962432861, 86.9468917847]]}, "erbbands_spread": {"dmean": 5.55680418015, "dvar2": 76.4089813232, "mean": 30.6489238739, "var": 290.348754883, "dmean2": 8.14600086212, "dvar": 38.4861869812, "min": 1.89967775345, "median": 30.1005973816, "max": 116.868164062}, "erbbands_kurtosis": {"dmean": 1.17764949799, "dvar2": 10.8692293167, "mean": 2.06504440308, "var": 26.303565979, "dmean2": 1.82424223423, "dvar": 4.7902264595, "min": -1.68689286709, "median": 0.0398344993591, "max": 49.4087715149}, "dynamic_complexity": 2.71972846985, "erbbands_crest": {"dmean": 2.10219097137, "dvar2": 14.1146907806, "mean": 11.6277999878, "var": 81.3858261108, "dmean2": 3.36691570282, "dvar": 6.1318230629, "min": 2.20231103897, "median": 7.66040182114, "max": 33.7802658081}, "erbbands": {"dmean": [0.0540124736726, 0.60059273243, 1.56341767311, 3.34851670265, 9.63492774963, 10.9560222626, 7.52072763443, 8.83495140076, 18.8443660736, 21.0445022583, 14.4322776794, 15.586022377, 17.6727790833, 12.3516950607, 14.0512685776, 12.4052286148, 13.9232292175, 17.3760738373, 10.6545677185, 8.07346439362, 6.22234630585, 6.74277830124, 5.79495620728, 4.30531978607, 4.76617527008, 2.97057032585, 2.95538496971, 3.35228967667, 2.89207172394, 1.66369521618, 1.0031542778, 0.913343131542, 0.833715438843, 0.336051255465, 0.170314744115, 0.0893314853311, 0.0332096777856, 0.0141088981181, 0.00393071910366, 0.00034417011193], "dvar2": [0.0708632543683, 6.7918639183, 28.0641345978, 121.760559082, 1561.28417969, 1451.96740723, 459.014526367, 1497.24035645, 4188.12451172, 7041.55371094, 3144.91577148, 6779.05712891, 6200.70410156, 2469.72705078, 1867.00683594, 1622.02575684, 1990.55505371, 2926.26489258, 915.484558105, 540.646789551, 310.698760986, 546.059631348, 354.092926025, 239.051757812, 314.440216064, 148.183425903, 144.120010376, 174.504684448, 135.480453491, 27.1673145294, 12.4729976654, 20.3444423676, 31.9954509735, 2.46347475052, 1.52314138412, 0.247521176934, 0.0263477358967, 0.00285386457108, 0.000298384577036, 2.65874496108e-06], "mean": [0.0694593191147, 0.948764503002, 2.72875595093, 6.15681838989, 15.6982765198, 16.0230808258, 13.5424022675, 13.2477216721, 32.1572151184, 36.2165565491, 27.5990848541, 25.1594638824, 30.6099758148, 23.3030223846, 27.6404685974, 24.654718399, 34.7126197815, 100.244049072, 24.1387805939, 16.7344264984, 13.2715330124, 13.4383020401, 12.0462646484, 9.47894859314, 9.60205459595, 6.14321422577, 5.68935871124, 5.98630523682, 5.35745382309, 3.30477452278, 2.07037734985, 1.77186501026, 1.45521116257, 0.668215453625, 0.319426208735, 0.154392674565, 0.0537146478891, 0.0205419901758, 0.00495972111821, 0.000420962926], "var": [0.0365191660821, 3.05323386192, 14.5411195755, 57.2594299316, 728.31262207, 776.149780273, 505.336486816, 581.377380371, 3566.66748047, 6928.17333984, 2075.11230469, 3331.61767578, 4579.93212891, 2057.3527832, 1424.45678711, 1210.70251465, 1268.75744629, 31846.0390625, 672.814880371, 441.812835693, 285.33706665, 436.481689453, 341.442504883, 240.488815308, 296.296783447, 131.040008545, 115.384849548, 165.979660034, 130.77003479, 37.135471344, 13.7796125412, 22.7288894653, 37.4596366882, 3.97997498512, 1.15805768967, 0.214691728354, 0.016701746732, 0.00204474921338, 0.000172700660187, 1.35070274609e-06], "dmean2": [0.0866014510393, 1.01073849201, 2.71806073189, 5.85334253311, 16.8435344696, 18.5333995819, 12.0088834763, 14.9632129669, 29.7681064606, 32.2288246155, 22.7725944519, 25.485906601, 28.4260921478, 19.860490799, 22.8440570831, 20.4500465393, 23.2856750488, 28.3329277039, 17.3648204803, 13.219874382, 10.1579561234, 10.8233718872, 9.27199935913, 6.92133140564, 7.53680229187, 4.89337062836, 4.76884651184, 5.32374668121, 4.47282552719, 2.4997355938, 1.54020535946, 1.32934594154, 1.20994853973, 0.473673790693, 0.240598857403, 0.131367474794, 0.0486849136651, 0.0205402001739, 0.00581793906167, 0.000515514228027], "dvar": [0.0306836590171, 2.50852131844, 9.79228210449, 42.6662025452, 552.673950195, 544.602111816, 196.255111694, 547.424621582, 1772.92260742, 3240.80712891, 1272.04589844, 2520.5793457, 2473.79931641, 998.291015625, 748.583007812, 640.182800293, 725.634155273, 1513.04309082, 356.247528076, 206.484298706, 124.392044067, 225.269485474, 146.806549072, 98.2923355103, 136.266281128, 55.3372344971, 56.9648513794, 71.8918914795, 56.7395515442, 12.6988401413, 5.0814909935, 10.278093338, 17.7040863037, 1.43794763088, 0.684022903442, 0.116936959326, 0.0106817614287, 0.00126997928601, 0.000134527945193, 1.17638705888e-06], "min": [4.28001301325e-16, 2.14133952472e-15, 6.02544976194e-15, 1.07937611757e-14, 1.34330963575e-14, 1.07399983004e-14, 4.23809292917e-15, 2.52880267623e-15, 1.33997080128e-14, 2.86367033331e-14, 3.49532821306e-14, 7.98405869955e-14, 2.74604422318e-13, 5.34686227585e-13, 4.63833940874e-13, 1.16552804192e-13, 1.15927287301e-13, 3.92845180214e-13, 5.25611021721e-13, 3.20931080105e-13, 5.19448037101e-13, 4.98859254686e-13, 7.69943082814e-13, 1.66961550922e-12, 1.70989979988e-12, 1.37087726153e-12, 2.27015108101e-12, 1.34432970398e-12, 1.60681353206e-12, 1.55335249871e-12, 1.04663575983e-12, 1.53598412201e-12, 1.69221798033e-12, 1.01748665916e-12, 5.66472324777e-13, 6.74946968975e-13, 2.96750715363e-13, 1.04302945946e-13, 3.30861911219e-14, 2.94697479547e-15], "median": [0.0165373384953, 0.301841616631, 1.33369827271, 3.77516293526, 6.65407323837, 7.31735515594, 7.04795837402, 5.77427959442, 12.3353681564, 12.5386276245, 17.8916778564, 11.0573348999, 14.0206222534, 13.2939815521, 16.7568778992, 16.1326732635, 24.8077106476, 22.3523273468, 19.762046814, 10.6378707886, 8.48436450958, 7.69301319122, 6.11266088486, 4.76874160767, 3.64492487907, 2.34748458862, 2.39217472076, 1.32987725735, 1.14316654205, 0.680675446987, 0.374770611525, 0.292894423008, 0.17629