{"tonal": {"chords_key": "E", "hpcp_entropy": {"dmean": 0.656634151936, "dmean2": 1.10789775848, "max": 4.25870037079, "dvar": 0.27995505929, "mean": 2.14830303192, "dvar2": 0.775673151016, "min": 0.0375965833664, "var": 0.534769415855, "median": 2.16446208954}, "key_key": "E", "chords_strength": {"dmean": 0.0114426389337, "dmean2": 0.0136071657762, "max": 0.684349477291, "dvar": 8.84612381924e-05, "mean": 0.431309729815, "dvar2": 0.000146415201016, "min": 0.186180815101, "var": 0.0123547483236, "median": 0.432655394077}, "key_scale": "major", "chords_number_rate": 0.00244926521555, "thpcp": [1, 0.992297828197, 0.827863395214, 0.887619972229, 0.566281437874, 0.304405003786, 0.492217481136, 0.604821145535, 0.423500388861, 0.282434165478, 0.269717037678, 0.281707316637, 0.338935136795, 0.333865344524, 0.285743683577, 0.31824156642, 0.31571367383, 0.247510790825, 0.268178522587, 0.321543514729, 0.355066269636, 0.54584300518, 0.640510082245, 0.420820623636, 0.244743108749, 0.224526718259, 0.268303692341, 0.35885193944, 0.348773419857, 0.242757275701, 0.200584352016, 0.207967832685, 0.233498513699, 0.304971069098, 0.358975023031, 0.558420956135], "key_strength": 0.647162616253, "tuning_nontempered_energy_ratio": 0.872544944286, "tuning_frequency": 434.193115234, "chords_changes_rate": 0.104793563485, "tuning_diatonic_strength": 0.561118721962, "chords_scale": "major", "chords_histogram": [19.1917419434, 0, 16.9874038696, 3.53393983841, 5.73827838898, 2.3617913723, 5.14345693588, 2.01189637184, 0.034989502281, 0, 0, 0, 1.06717979908, 0.594821572304, 0.34989503026, 1.48705387115, 2.95661306381, 12.8411474228, 0, 4.49615097046, 0.507347822189, 0.69979006052, 7.62771177292, 12.3687896729], "tuning_equal_tempered_deviation": 0.207692027092, "hpcp": {"dmean": [0.128465235233, 0.119664169848, 0.106254816055, 0.115546993911, 0.13227802515, 0.137820765376, 0.159589394927, 0.171030506492, 0.143077164888, 0.111353948712, 0.0995598435402, 0.107757277787, 0.124208964407, 0.117718830705, 0.0886643156409, 0.0811491683125, 0.0870858430862, 0.10392986238, 0.122946240008, 0.142614498734, 0.185269877315, 0.234142035246, 0.226505294442, 0.231839284301, 0.29687255621, 0.192700743675, 0.120228022337, 0.14071020484, 0.157552853227, 0.133872613311, 0.116623915732, 0.111062079668, 0.114182785153, 0.131249293685, 0.134007498622, 0.130657613277], "dmean2": [0.231523051858, 0.21659642458, 0.193244040012, 0.207921996713, 0.236371263862, 0.246246695518, 0.274503499269, 0.294769108295, 0.252303868532, 0.200187683105, 0.179323643446, 0.19166892767, 0.216870561242, 0.204557046294, 0.156511217356, 0.145238012075, 0.156884670258, 0.188703790307, 0.218802720308, 0.254306465387, 0.323088228703, 0.392337441444, 0.383344322443, 0.40190461278, 0.526379048824, 0.339788883924, 0.215025737882, 0.243931055069, 0.271014422178, 0.233445197344, 0.209544286132, 0.200942948461, 0.2075458318, 0.234489053488, 0.239468753338, 0.237250447273], "max": [1, 1, 1, 1, 1, 1, 1, 1, 1, 1, 1, 1, 1, 1, 1, 1, 1, 1, 1, 1, 1, 1, 1, 1, 1, 1, 1, 1, 1, 1, 1, 1, 1, 1, 1, 1], "dvar": [0.0470097996294, 0.0470291525126, 0.038901951164, 0.039884224534, 0.0437868088484, 0.0441342405975, 0.0458992533386, 0.0496977083385, 0.0414142645895, 0.0355738922954, 0.0334798246622, 0.0339814573526, 0.0386510156095, 0.0351647809148, 0.0241938121617, 0.0236489474773, 0.0280323475599, 0.0348459519446, 0.0398503951728, 0.0442275591195, 0.0478486306965, 0.064651966095, 0.0607644021511, 0.0482391640544, 0.0985242724419, 0.041556853801, 0.0366418175399, 0.0407642424107, 0.0454136691988, 0.0358300693333, 0.037581410259, 0.0375786237419, 0.0400158502162, 0.0444855056703, 0.0461664833128, 0.0484245494008], "mean": [0.114897698164, 0.113985024393, 0.0893611088395, 0.096822977066, 0.116089828312, 0.128192856908, 0.197070747614, 0.231249287724, 0.151932761073, 0.0883618667722, 0.0810629576445, 0.0968681648374, 0.129559636116, 0.125920891762, 0.0876449048519, 0.0724188238382, 0.0750845521688, 0.0843021273613, 0.110106527805, 0.129604071379, 0.201611876488, 0.361039251089, 0.358258455992, 0.298891186714, 0.320465654135, 0.204449832439, 0.109902150929, 0.177709832788, 0.218364179134, 0.152900263667, 0.101969823241, 0.0973784327507, 0.101707398891, 0.122368887067, 0.120538495481, 0.103164680302], "dvar2": [0.12530079484, 0.126547962427, 0.108354695141, 0.108052492142, 0.118851773441, 0.11866568774, 0.116031453013, 0.122724406421, 0.111821509898, 0.0960691347718, 0.0921525210142, 0.0913668870926, 0.101006418467, 0.0908848717809, 0.065494582057, 0.0641396567225, 0.077181622386, 0.0963582769036, 0.106377750635, 0.119288772345, 0.131133630872, 0.147142529488, 0.146927639842, 0.126643151045, 0.23649956286, 0.109364770353, 0.100128516555, 0.106043294072, 0.111922360957, 0.0965667739511, 0.102509759367, 0.101459391415, 0.109393797815, 0.123260736465, 0.125056877732, 0.133991092443], "min": [1.81932973646e-05, 2.54379137914e-05, 6.7785695137e-05, 1.76572521013e-05, 1.19876294775e-05, 8.63022214617e-05, 0.000172489177203, 0.000181400828296, 0.000118023090181, 1.14227559607e-05, 8.56572951307e-05, 8.88421345735e-05, 0.000120717653772, 4.0204020479e-05, 6.43287130515e-05, 4.98164044984e-05, 3.94174930989e-05, 7.73784995545e-06, 5.90123745496e-05, 6.6631801019e-05, 0.000240335852141, 0.000258991145529, 0.000245841190917, 0.000173544322024, 9.5435352705e-05, 9.05884589883e-05, 4.36303234892e-05, 4.02401710744e-05, 8.65495530888e-05, 8.24866001494e-05, 6.46896587568e-05, 3.96618670493e-05, 1.96930195671e-05, 1.44188725244e-05, 2.18804070755e-05, 5.22211848875e-05], "var": [0.0443416312337, 0.0518278107047, 0.0307929776609, 0.0331623628736, 0.0403007864952, 0.0449060983956, 0.0643842071295, 0.0831331834197, 0.0437397398055, 0.0301281604916, 0.0279188770801, 0.032193236053, 0.0460332296789, 0.0458130016923, 0.0256789382547, 0.0212986506522, 0.0260741692036, 0.0296589806676, 0.0376580841839, 0.0439954698086, 0.0593362413347, 0.122584275901, 0.121475294232, 0.070677511394, 0.128730624914, 0.0511965304613, 0.0374488867819, 0.0626429319382, 0.0852350369096, 0.0439152605832, 0.0359668917954, 0.0373784042895, 0.0377435386181, 0.0412656143308, 0.0406920537353, 0.0372010841966], "median": [0.0251902788877, 0.0206237528473, 0.0222466886044, 0.02791582793, 0.0344214588404, 0.0390350297093, 0.082951515913, 0.0985292643309, 0.063894122839, 0.020502243191, 0.0187579076737, 0.0271934643388, 0.0394614450634, 0.0344237238169, 0.0290444027632, 0.0213053897023, 0.0167595930398, 0.016063824296, 0.0274605751038, 0.0388368964195, 0.100764259696, 0.22873981297, 0.224753469229, 0.222057774663, 0.148251369596, 0.106352992356, 0.0292761586607, 0.0639278441668, 0.0812624469399, 0.061460159719, 0.0261279679835, 0.0222557354718, 0.0266202762723, 0.0416569411755, 0.0396670252085, 0.0285665877163]}}, "lowlevel": {"melbands_flatness_db": {"dmean": 0.0386390760541, "dmean2": 0.0577479414642, "max": 0.552453279495, "dvar": 0.00166316295508, "mean": 0.269364595413, "dvar2": 0.00341426348314, "min": 0.0434211976826, "var": 0.00584733206779, "median": 0.26416271925}, "melbands_crest": {"dmean": 4.19636297226, "dmean2": 6.8158082962, "max": 34.9028396606, "dvar": 12.5490694046, "mean": 14.4329519272, "dvar2": 31.6733989716, "min": 3.81547236443, "var": 32.0290870667, "median": 13.653506279}, "spectral_entropy": {"dmean": 0.232122600079, "dmean2": 0.32751095295, "max": 8.66224765778, "dvar": 0.0609840638936, "mean": 7.11348724365, "dvar2": 0.116356730461, "min": 4.95744037628, "var": 0.23037943244, "median": 7.10216999054}, "melbands": {"dmean": [0.00127805699594, 0.00151897873729, 0.000811866368167, 0.000322495528962, 0.00016008852981, 0.000123742778669, 0.000140108822961, 0.000228277902352, 0.000226492542424, 0.000330425536959, 0.000244731316343, 0.000102681857243, 0.000110854081868, 8.50494398037e-05, 8.47875271575e-05, 6.79687364027e-05, 4.00790340791e-05, 2.26597276196e-05, 1.46626643982e-05, 1.11362951429e-05, 6.57618875266e-06, 5.0286903388e-06, 6.21299113845e-06, 5.26968142367e-06, 3.36501784659e-06, 2.7186126772e-06, 2.16951661969e-06, 1.79541655143e-06, 1.66326242379e-06, 2.00736099032e-06, 1.65433164057e-06, 1.16156400054e-06, 1.11758208732e-06, 1.06625429908e-06, 6.82634265559e-07, 4.77834987578e-07, 3.28339581301e-07, 2.65175088998e-07, 2.09733499901e-07, 1.39281723932e-07], "dmean2": [0.00201708520763, 0.00263209431432, 0.0013479096815, 0.000530071847606, 0.00025349445059, 0.000194599226234, 0.000214769897866, 0.000353025505319, 0.000364128267393, 0.000522450776771, 0.00039007520536, 0.000163276883541, 0.000180893024663, 0.000135988433613, 0.000134904650622, 0.000107866224425, 6.39082209091e-05, 3.58956749551e-05, 2.28986536968e-05, 1.75631776074e-05, 1.03795455288e-05, 7.94713560026e-06, 9.94309903035e-06, 8.42782810651e-06, 5.39460916116e-06, 4.38327469965e-06, 3.54712346962e-06, 2.98634518003e-06, 2.79180380858e-06, 3.45599346474e-06, 2.83329109152e-06, 1.91334015653e-06, 1.77903541498e-06, 1.69836971509e-06, 1.1036053138e-06, 7.64699848332e-07, 5.30572549451e-07, 4.10487416502e-07, 3.24105769778e-07, 2.19660407197e-07], "max": [0.0210179276764, 0.0217812824994, 0.0196159873158, 0.0166761428118, 0.0142395598814, 0.0139639480039, 0.0128421783447, 0.0223020240664, 0.0162611790001, 0.0191871598363, 0.0307749323547, 0.00714419130236, 0.0105920126662, 0.0059859957546, 0.00916509423405, 0.00683774938807, 0.0069534862414, 0.00393600203097, 0.00134567520581, 0.000937742763199, 0.000599026854616, 0.000692647183314, 0.000419580319431, 0.000252006429946, 0.000162890122738, 0.000158760652994, 0.000162832104252, 0.000155581015861, 0.000125502585433, 0.000294882629532, 0.000333379517542, 9.45502324612e-05, 0.000207982520806, 0.000381883786758, 0.000133346518851, 8.86343987077e-05, 2.3921196771e-05, 3.84761551686e-05, 3.85875318898e-05, 1.5924571926e-05], "dvar": [3.85250086765e-06, 8.93086962606e-06, 2.30350360653e-06, 9.34924173634e-07, 2.23660521215e-07, 2.20086249669e-07, 1.16395838745e-07, 2.93941127438e-07, 4.71599548746e-07, 7.03106024957e-07, 5.07028175889e-07, 5.11004536463e-08, 8.35282776279e-08, 5.00886692123e-08, 7.25130675505e-08, 3.74468989151e-08, 2.1098827574e-08, 7.11781211749e-09, 1.44858425255e-09, 9.58266799245e-10, 3.08192499299e-10, 2.03599137549e-10, 2.25377508323e-10, 1.34777397576e-10, 6.17961445903e-11, 4.39112669837e-11, 4.33550174928e-11, 3.65596858343e-11, 4.13495973572e-11, 9.21850443203e-11, 6.54062984329e-11, 2.05537132453e-11, 2.68862189456e-11, 3.45561496085e-11, 9.51747881894e-12, 3.53723972855e-12, 1.49873050168e-12, 1.10935154292e-12, 7.79184334242e-13, 2.5907731906e-13], "mean": [0.001687444048, 0.00149765179958, 0.00113039428834, 0.000430082087405, 0.000229909303016, 0.000194776424905, 0.000226731601288, 0.000372016133042, 0.000336316414177, 0.000538923835848, 0.000407927291235, 0.000174516826519, 0.00018386906595, 0.000130474654725, 0.000137394337798, 0.000112209942017, 6.10772840446e-05, 3.44011605193e-05, 2.31509111472e-05, 1.68143997143e-05, 9.9569606391e-06, 7.50458775656e-06, 9.67132928054e-06, 8.23634309199e-06, 5.07536879013e-06, 3.63292315342e-06, 2.52409654422e-06, 1.72998943526e-06, 1.43666375152e-06, 1.61721743552e-06, 1.40031511364e-06, 1.13613384656e-06, 1.17866352412e-06, 1.09879044885e-06, 6.91379796081e-07, 4.63252234795e-07, 3.20246186902e-07, 2.59408153624e-07, 2.12838060065e-07, 1.40643479085e-07], "dvar2": [8.98988309928e-06, 2.43852882704e-05, 6.05942841503e-06, 2.43320982918e-06, 5.25034408838e-07, 5.36837774234e-07, 2.54114837617e-07, 7.31234138129e-07, 1.18668810956e-06, 1.75497189048e-06, 1.27714793052e-06, 1.33423824877e-07, 2.18403926056e-07, 1.30393914333e-07, 1.86749488762e-07, 9.60810595529e-08, 5.92410316358e-08, 1.87340827296e-08, 3.63449625951e-09, 2.33345520684e-09, 7.15148495978e-10, 4.89276785753e-10, 5.59004009748e-10, 3.47424394809e-10, 1.58444896092e-10, 1.13273945779e-10, 1.13550113756e-10, 9.60358043089e-11, 1.11561426763e-10, 2.56713872382e-10, 1.83093068484e-10, 5.23304628797e-11, 6.22751988866e-11, 8.38345504128e-11, 2.43939018291e-11, 8.44418111823e-12, 3.71840665897e-12, 2.62750910439e-12, 1.795930917e-12, 6.25967756362e-13], "min": [1.3432196978e-12, 9.39267760791e-12, 5.7708841178e-11, 5.87240672756e-11, 9.02933283697e-11, 4.82607877272e-11, 8.02910342379e-12, 7.00081746047e-12, 8.78011292144e-12, 1.13450984718e-11, 2.5430461556e-11, 7.72460637122e-11, 8.59802923303e-11, 5.47187295474e-11, 1.91555493689e-10, 1.77939787904e-10, 1.67881542001e-10, 1.15193306283e-10, 3.45448947225e-11, 1.008012597e-11, 2.84752191444e-12, 2.70138477559e-11, 7.03128735791e-11, 6.20097515003e-11, 2.87204895283e-11, 4.42520256549e-11, 1.68633319114e-11, 1.86282291675e-11, 1.53613267939e-11, 1.50466965276e-12, 4.43536657055e-12, 3.62352183848e-12, 1.3198354085e-12, 4.08055967488e-13, 2.73367895161e-12, 1.50242387975e-11, 3.48926399926e-12, 2.03145855172e-12, 3.340086725e-13, 3.30736008242e-13], "var": [5.82355869483e-06, 7.17284638085e-06, 2.44384500547e-06, 8.29650673495e-07, 3.90497376657e-07, 3.93495639628e-07, 2.81859882989e-07, 6.64130823225e-07, 7.37841048704e-07, 1.34563197207e-06, 1.01107843875e-06, 1.25758433001e-07, 1.9171261556e-07, 8.44205771955e-08, 1.41522420449e-07, 7.56865006224e-08, 3.24035305255e-08, 1.2346332845e-08, 2.69099764694e-09, 1.74841507938e-09, 6.60249133144e-10, 3.10123843272e-10, 4.67414940086e-10, 2.42463826794e-10, 9.06931960087e-11, 6.09744477131e-11, 4.27187174523e-11, 3.00820132693e-11, 3.12585894668e-11, 5.99997274087e-11, 4.27734375696e-11, 2.06577966538e-11, 3.79776939063e-11, 3.93134622079e-11, 1.01116450282e-11, 4.4063151565e-12, 1.59694837649e-12, 1.33386390041e-12, 9.93132984704e-13, 3.06210433529e-13], "median": [0.000685020640958, 0.000541658257134, 0.000645046646241, 0.000201186339837, 7.96033782535e-05, 5.99732848059e-05, 7.50811086618e-05, 0.000126807193737, 0.000104344362626, 0.000174812827026, 0.000152192238602, 7.20241951058e-05, 5.90561794525e-05, 3.9919410483e-05, 2.94145447697e-05, 2.40167755692e-05, 1.26138284031e-05, 8.62293109094e-06, 7.23601351638e-06, 4.86913040731e-06, 3.20555159306e-06, 2.69699739874e-06, 3.08693506668e-06, 3.02566672872e-06, 1.89980528376e-06, 1.05481876744e-06, 6.14205362126e-07, 3.13461725909e-07, 1.45946543739e-07, 1.2768575175e-07, 1.41859914038e-07, 1.3897876272e-07, 1.28639911168e-07, 1.26484152929e-07, 7.46129913409e-08, 3.24669073848e-08, 1.92889046957e-08, 1.37686919643e-08, 1.08514202068e-08, 8.01303823295e-09]}, "silence_rate_60dB": {"dmean": 0.0106736654416, "dmean2": 0.0213491991162, "max": 1, "dvar": 0.0105601008981, "mean": 0.0459277406335, "dvar2": 0.0238696467131, "min": 0, "var": 0.0438154935837, "median": 0}, "spectral_energyband_middle_high": {"dmean": 0.00265083089471, "dmean2": 0.00404065335169, "max": 0.164481535554, "dvar": 2.58538166236e-05, "mean": 0.0065974118188, "dvar2": 6.49095964036e-05, "min": 9.10787445463e-09, "var": 9.57855227171e-05, "median": 0.00290112011135}, "erbbands_skewness": {"dmean": 0.457725912333, "dmean2": 0.705711424351, "max": 7.70223093033, "dvar": 0.189116030931, "mean": 0.351699471474, "dvar2": 0.455022275448, "min": -6.08252906799, "var": 0.661221683025, "median": 0.299958884716}, "dynamic_complexity": 3.54742431641, "dissonance": {"dmean": 0.0251567475498, "dmean2": 0.0425252206624, "max": 0.500000178814, "dvar": 0.000656548887491, "mean": 0.457823246717, "dvar2": 0.00176513125189, "min": 0.219048202038, "var": 0.00123658042867, "median": 0.467990845442}, "spectral_skewness": {"dmean": 0.513552963734, "dmean2": 0.806093335152, "max": 7.86615085602, "dvar": 0.247962668538, "mean": 2.37093997002, "dvar2": 0.567104637623, "min": -0.31734213233, "var": 0.773990094662, "median": 2.27078008652}, "spectral_kurtosis": {"dmean": 5.57304525375, "dmean2": 9.19400310516, "max": 94.7947769165, "dvar": 38.9219741821, "mean": 11.8396606445, "dvar2": 99.1290130615, "min": -1.0912797451, "var": 84.3293228149, "median": 9.4505777359}, "gfcc": {"cov": [[5454.28125, -1104.9407959, -321.72644043, 539.737243652, -339.168029785, 160.163467407, -215.894378662, 36.2480545044, -127.925926208, 138.057998657, -150.682312012, 24.0604629517, -156.514526367], [-1104.9407959, 1639.83239746, 395.340820313, -150.001113892, 530.248352051, -29.3182735443, 346.097869873, -76.8895187378, 150.558273315, -127.676795959, 180.19720459, -93.2044830322, 60.1974525452], [-321.72644043, 395.340820313, 1597.20788574, 586.475524902, 186.738739014, 362.693511963, 96.1290893555, 145.656890869, -94.0209121704, 6.06074428558, -74.1244506836, -20.9418392181, 51.1289520264], [539.737243652, -150.001113892, 586.475524902, 629.97442627, 80.8425064087, 192.483306885, 20.5580310822, 93.6378860474, -51.1871337891, 14.3571586609, -77.2939224243, -19.7419223785, 23.4839839935], [-339.168029785, 530.248352051, 186.738739014, 80.8425064087, 373.549072266, 63.8926391602, 144.152740479, 13.8249168396, 45.9103279114, -53.2559585571, 28.5682449341, -52.2017211914, 26.661895752], [160.163467407, -29.3182735443, 362.693511963, 192.483306885, 63.8926391602, 267.291320801, 91.3382949829, 57.3066596985, -33.3443527222, 12.3926687241, -27.8989696503, -11.4817218781, 8.47738647461], [-215.894378662, 346.097869873, 96.1290893555, 20.5580310822, 144.152740479, 91.3382949829, 255.014434814, 23.7751102448, 40.759929657, -30.0091953278, 48.0571250916, -36.6359558105, 0.553264558315], [36.2480545044, -76.8895187378, 145.656890869, 93.6378860474, 13.8249168396, 57.3066596985, 23.7751102448, 144.077865601, 22.9845333099, 22.9192848206, -17.9359035492, 2.78537726402, -12.5684776306], [-127.925926208, 150.558273315, -94.0209121704, -51.1871337891, 45.9103279114, -33.3443527222, 40.759929657, 22.9845333099, 132.21421814, 18.6091537476, 36.414642334, -8.87562179565, 3.08573651314], [138.057998657, -127.676795959, 6.06074428558, 14.3571586609, -53.2559585571, 12.3926687241, -30.0091953278, 22.9192848206, 18.6091537476, 89.7982330322, 13.9913835526, 16.952249527, -10.2065258026], [-150.682312012, 180.19720459, -74.1244506836, -77.2939224243, 28.5682449341, -27.8989696503, 48.0571250916, -17.9359035492, 36.414642334, 13.9913835526, 119.046531677, 27.5300273895, 7.92915916443], [24.0604629517, -93.2044830322, -20.9418392181, -19.7419223785, -52.2017211914, -11.4817218781, -36.6359558105, 2.78537726402, -8.87562179565, 16.952249527, 27.5300273895, 86.2395172119, 23.0702705383], [-156.514526367, 60.1974525452, 51.1289520264, 23.4839839935, 26.661895752, 8.47738647461, 0.553264558315, -12.5684776306, 3.08573651314, -10.2065258026, 7.92915916443, 23.0702705383, 87.6630096436]], "mean": [-55.7048225403, 144.797836304, -132.546401978, 11.2193784714, -52.9152946472, 18.3128490448, -18.1340827942, 8.32788658142, -14.0732297897, -10.2671060562, -10.9614286423, -7.72845840454, -11.7774038315], "icov": [[0.000290562660666, -0.00018881179858, 0.000338488083798, -0.000499527901411, 0.000279210071312, -0.000398402626161, 0.000235179148149, 7.83359791967e-06, 0.00021412796923, -0.000343110004906, 0.000281814602204, -0.000243718473939, 0.000529236975126], [-0.00018881179858, 0.00391643680632, -0.00227010808885, 0.00197483948432, -0.00333727453835, 0.00264529767446, -0.00238336715847, 0.00225133798085, -0.00255896709859, 0.00256126886234, -0.00350268138573, 0.00204315572046, -0.000967086059973], [0.000338488083798, -0.00227010808885, 0.00271230633371, -0.00213939626701, 0.00167439482175, -0.00265882653184, 0.00158255000133, -0.00176673568785, 0.00217623985372, -0.00173150072806, 0.00201730569825, -0.00120206770953, 0.000494648644235], [-0.000499527901411, 0.00197483948432, -0.00213939626701, 0.00435453467071, -0.00220699608326, 0.000988197280094, -0.00108967977576, 0.00020702535403, -0.000991595792584, 0.00103048502933, -0.000952660629991, 0.00153606804088, -0.00171767314896], [0.000279210071312, -0.00333727453835, 0.00167439482175, -0.00220699608326, 0.00729444809258, -0.00255415588617, 0.000860843574628, -0.00186913576908, 0.000835460610688, 3.33237176164e-06, 0.00172224186826, 0.000280020642094, -9.86153245321e-05], [-0.000398402626161, 0.00264529767446, -0.00265882653184, 0.000988197280094, -0.00255415588617, 0.00924465898424, -0.00468739960343, 0.000707544910256, 9.48846172832e-06, -0.000357654760592, -0.000826724339277, 0.000942544371355, -0.00144319445826], [0.000235179148149, -0.00238336715847, 0.00158255000133, -0.00108967977576, 0.000860843574628, -0.00468739960343, 0.00880387891084, -0.00220190151595, 0.000150376741658, 0.00110210606363, -0.00153338711243, 0.00116892077494, 0.00119974254631], [7.83359791967e-06, 0.00225133798085, -0.00176673568785, 0.00020702535403, -0.00186913576908, 0.000707544910256, -0.00220190151595, 0.0110087618232, -0.00434276880696, -0.000148668055772, 0.000319411890814, -0.00133150687907, 0.00199237768538], [0.00021412796923, -0.00255896709859, 0.00217623985372, -0.000991595792584, 0.000835460610688, 9.48846172832e-06, 0.000150376741658, -0.00434276880696, 0.0129432892427, -0.00531256198883, 0.000520667817909, 0.000676119525451, -0.00104188185651], [-0.000343110004906, 0.00256126886234, -0.00173150072806, 0.00103048502933, 3.33237176164e-06, -0.000357654760592, 0.00110210606363, -0.000148668055772, -0.00531256198883, 0.0177183933556, -0.00596073037013, 0.000721110904124, 0.00096705526812], [0.000281814602204, -0.00350268138573, 0.00201730569825, -0.000952660629991, 0.00172224186826, -0.000826724339277, -0.00153338711243, 0.000319411890814, 0.000520667817909, -0.00596073037013, 0.0170330572873, -0.00791609846056, 0.00142896012403], [-0.000243718473939, 0.00204315572046, -0.00120206770953, 0.00153606804088, 0.000280020642094, 0.000942544371355, 0.00116892077494, -0.00133150687907, 0.000676119525451, 0.000721110904124, -0.00791609846056, 0.0188552197069, -0.0061090993695], [0.000529236975126, -0.000967086059973, 0.000494648644235, -0.00171767314896, -9.86153245321e-05, -0.00144319445826, 0.00119974254631, 0.00199237768538, -0.00104188185651, 0.00096705526812, 0.00142896012403, -0.0061090993695, 0.0152633460239]]}, "spectral_complexity": {"dmean": 3.60034990311, "dmean2": 5.24744081497, "max": 57, "dvar": 20.162776947, "mean": 16.1406707764, "dvar2": 39.3917388916, "min": 0, "var": 69.0317382813, "median": 15}, "spectral_flux": {"dmean": 0.0307060051709, "dmean2": 0.0464103445411, "max": 0.364358603954, "dvar": 0.000966043793596, "mean": 0.0924717485905, "dvar2": 0.001943062176, "min": 0.000108931504656, "var": 0.00269630295224, "median": 0.081798709929}, "spectral_energyband_low": {"dmean": 0.00727472966537, "dmean2": 0.0120153008029, "max": 0.0913510322571, "dvar": 0.00013143644901, "mean": 0.00997857935727, "dvar2": 0.000346928252839, "min": 1.0193020733e-10, "var": 0.000159036804689, "median": 0.00531018525362}, "spectral_decrease": {"dmean": 2.90685453486e-09, "dmean2": 4.48540715681e-09, "max": -2.38569773034e-15, "dvar": 1.17565054608e-17, "mean": -7.03731428686e-09, "dvar2": 2.89667665558e-17, "min": -4.78025690143e-08, "var": 2.78954717095e-17, "median": -5.85139758869e-09}, "barkbands_spread": {"dmean": 4.38351917267, "dmean2": 6.74962282181, "max": 98.2371826172, "dvar": 36.7958335876, "mean": 12.8587408066, "dvar2": 74.9363250732, "min": 0.422090291977, "var": 88.4976272583, "median": 11.0798301697}, "spectral_rms": {"dmean": 0.00100784667302, "dmean2": 0.0014832370216, "max": 0.0138157466426, "dvar": 1.01246678241e-06, "mean": 0.00483725545928, "dvar2": 2.3087691261e-06, "min": 3.40244878316e-06, "var": 3.96907717004e-06, "median": 0.00476600881666}, "spectral_centroid": {"dmean": 195.116378784, "dmean2": 300.158691406, "max": 5258.77050781, "dvar": 76064.71875, "mean": 900.438720703, "dvar2": 162720.015625, "min": 181.892105103, "var": 236737.390625, "median": 824.158752441}, "barkbands_skewness": {"dmean": 0.671135306358, "dmean2": 1.04991042614, "max": 8.22361755371, "dvar": 0.44137263298, "mean": 1.16540718079, "dvar2": 1.05059945583, "min": -4.78825092316, "var": 1.47932255268, "median": 0.973769843578}, "spectral_rolloff": {"dmean": 293.637756348, "dmean2": 497.00189209, "max": 9410.00976563, "dvar": 338779.375, "mean": 966.110290527, "dvar2": 768629.75, "min": 64.599609375, "var": 674436.3125, "median": 818.26171875}, "erbbands_spread": {"dmean": 6.97813510895, "dmean2": 10.6150894165, "max": 131.450012207, "dvar": 73.8973770142, "mean": 21.4011249542, "dvar2": 164.937255859, "min": 0.899765849113, "var": 204.649246216, "median": 17.4669723511}, "barkbands": {"dmean": [0.000430994172348, 0.00459892768413, 0.00286997621879, 0.00172757112887, 0.00131931167562, 0.000641018676106, 0.000962718564551, 0.000916466582566, 0.00240983953699, 0.00108970841393, 0.00078597816173, 0.000699743279256, 0.000846558483317, 0.000420604919782, 0.000200443770154, 0.000125738093629, 9.11110764719e-05, 0.000107839354314, 7.16563081369e-05, 5.88870279898e-05, 7.633522182e-05, 5.82208413107e-05, 4.37361450167e-05, 2.40578719968e-05, 1.16668052215e-05, 1.96086602955e-06, 2.87134412247e-07], "dmean2": [0.000606966321357, 0.00756052648649, 0.00508384872228, 0.00284044886939, 0.00215899944305, 0.00100153987296, 0.00148338021245, 0.00146724143997, 0.00382884568535, 0.00174557056744, 0.0012776061194, 0.0011248383671, 0.00134425237775, 0.000669419358019, 0.000311452487949, 0.000196475899429, 0.000144525140058, 0.000172074011061, 0.000115035043564, 9.71844492597e-05, 0.000129626481794, 9.4246090157e-05, 6.93209440215e-05, 3.74153896701e-05, 1.80797851499e-05, 2.94246433441e-06, 4.42392803279e-07], "max": [0.00906416866928, 0.0748372077942, 0.0526663586497, 0.0502855069935, 0.0667816326022, 0.0812749117613, 0.0766680464149, 0.0664407461882, 0.135829001665, 0.177129343152, 0.0861124768853, 0.0479815453291, 0.0892024636269, 0.0544928126037, 0.0189475230873, 0.00973509158939, 0.0114950425923, 0.00524257682264, 0.00449957838282, 0.00415255734697, 0.00835008826107, 0.00668136496097, 0.00956202670932, 0.00284241838381, 0.0013429003302, 8.84543915163e-05, 2.90555180982e-05], "dvar": [4.451358393e-07, 5.55958795303e-05, 3.73050606868e-05, 1.06966081148e-05, 1.52191569214e-05, 5.99080021857e-06, 4.91083028464e-06, 6.92790172252e-06, 3.44738000422e-05, 1.40045285661e-05, 4.06125809604e-06, 3.20633853335e-06, 7.39721735954e-06, 2.07069797398e-06, 2.83510445342e-07, 9.12478057558e-08, 5.90675952594e-08, 5.84299897355e-08, 2.89236332662e-08, 3.5661877007e-08, 1.13926446943e-07, 5.40875504385e-08, 3.75511461925e-08, 7.70596475519e-09, 1.67561708952e-09, 3.1846511539e-11, 1.52005491527e-12], "mean": [0.000601363717578, 0.00572210317478, 0.00247797183692, 0.00255438359454, 0.00165635137819, 0.00100714387372, 0.00158406258561, 0.0012544807978, 0.00397433526814, 0.00172256422229, 0.00123482267372, 0.00109568925109, 0.00133161770646, 0.000634398136754, 0.000319157057675, 0.000197312285309, 0.000138852090458, 0.000176477944478, 0.000100267126982, 6.09569506196e-05, 6.37535194983e-05, 6.01557585469e-05, 4.54390792584e-05, 2.40495464823e-05, 1.22340788948e-05, 2.11429573937e-06, 2.77703520624e-07], "dvar2": [8.25901963708e-07, 0.000137469614856, 0.000102511323348, 2.80718159047e-05, 3.94506132579e-05, 1.40408246807e-05, 1.16964783956e-05, 1.73628213815e-05, 8.52305456647e-05, 3.60562153219e-05, 1.07279347503e-05, 8.45899921842e-06, 1.91566123249e-05, 5.7496044974e-06, 7.06349283064e-07, 2.06724209306e-07, 1.4188871944e-07, 1.48667183453e-07, 7.43491739286e-08, 9.32441892587e-08, 3.14156864079e-07, 1.29755434841e-07, 9.07769788228e-08, 1.82615700339e-08, 3.89172916115e-09, 7.14399997492e-11, 3.40197184659e-12], "min": [5.18997280048e-13, 4.91281191076e-12, 3.52558225669e-11, 1.3436377011e-10, 3.26989102462e-10, 3.11232706274e-10, 3.47743396578e-11, 5.70979652448e-11, 7.75530889507e-11, 2.41264064282e-10, 7.07704450598e-10, 5.56075407943e-10, 2.22495710744e-09, 1.83177228941e-09, 5.30736399273e-10, 4.13198641969e-11, 4.78050543595e-10, 1.50165069268e-09, 8.41365366266e-10, 5.2242182802e-10, 2.3708579544e-10, 1.34598818202e-10, 4.78258044279e-10, 1.67551750252e-10, 1.13646654587e-10, 2.2458909732e-10, 4.6536021564e-11], "var": [8.25123834147e-07, 7.11566390237e-05, 2.68664462055e-05, 1.34849105962e-05, 1.44338391692e-05, 1.12145635285e-05, 1.17077543109e-05, 8.77442289493e-06, 6.88146901666e-05, 2.70289729087e-05, 9.05524029804e-06, 5.30070519744e-06, 1.38838604471e-05, 3.27328689309e-06, 5.8290402194e-07, 1.84855068142e-07, 9.3459640027e-08, 1.17305106073e-07, 3.96723542906e-08, 3.11171710621e-08, 7.74611379484e-08, 6.81815066628e-08, 4.63082798774e-08, 9.38770305936e-09, 2.13886841571e-09, 3.90398650907e-11, 1.76241269842e-12], "median": [0.000243980772211, 0.00228311424144, 0.000619135564193, 0.001392468228, 0.000626570428722, 0.00029993156204, 0.000467465521069, 0.000421786564402, 0.00128031754866, 0.000608548463788, 0.000393089052523, 0.000349875539541, 0.000257689098362, 0.00013490364654, 0.000100235381979, 6.37866614852e-05, 4.94606356369e-05, 6.47619526717e-05, 3.25266773871e-05, 1.27443527163e-05, 5.81941139899e-06, 7.24025176169e-06, 5.18582783116e-06, 1.46203467466e-06, 8.10097503745e-07, 1.78793087002e-07, 7.47870743112e-09]}, "melbands_kurtosis": {"dmean": 6.16726493835, "dmean2": 10.0684919357, "max": 218.584609985, "dvar": 104.067512512, "mean": 8.15021038055, "dvar2": 254.668655396, "min": -1.88290083408, "var": 192.525527954, "median": 3.15329051018}, "erbbands_crest": {"dmean": 3.14589357376, "dmean2": 5.10267925262, "max": 32.6481513977, "dvar": 8.32097434998, "mean": 10.6475725174, "dvar2": 20.9227809906, "min": 2.37624144554, "var": 22.7331237793, "median": 9.51992607117}, "melbands_skewness": {"dmean": 0.857345640659, "dmean2": 1.34383487701, "max": 10.3993616104, "dvar": 0.775783360004, "mean": 1.81432771683, "dvar2": 1.85945212841, "min": -3.91777539253, "var": 2.57287502289, "median": 1.48794031143}, "spectral_energyband_middle_low": {"dmean": 0.00562937511131, "dmean2": 0.00868528708816, "max": 0.138092234731, "dvar": 7.71582344896e-05, "mean": 0.0127794193104, "dvar2": 0.000186408768059, "min": 9.94728410753e-10, "var": 0.000174544853508, "median": 0.00871203560382}, "spectral_contrast_coeffs": {"dmean": [0.0544044971466, 0.0494503676891, 0.0398451052606, 0.0310162268579, 0.0246856082231, 0.0209234245121], "dmean2": [0.0881075486541, 0.079299017787, 0.0646131336689, 0.0496408492327, 0.0386548824608, 0.0318058468401], "max": [-0.260365456343, -0.367649197578, -0.421400099993, -0.47002401948, -0.575640678406, -0.572032034397], "dvar": [0.00219825026579, 0.00166220089886, 0.00101616454776, 0.000639442994725, 0.000479693961097, 0.000411652697949], "mean": [-0.660128116608, -0.732358396053, -0.755996763706, -0.779494822025, -0.792301595211, -0.768103003502], "dvar2": [0.00565342139453, 0.00416615325958, 0.00261251069605, 0.00159014936071, 0.00107836595271, 0.00089689710876], "min": [-0.885582685471, -0.916845679283, -0.930264770985, -0.929016470909, -0.910379767418, -0.894140481949], "var": [0.00551583291963, 0.00738048134372, 0.00414624344558, 0.00432015070692, 0.00281818490475, 0.00175065966323], "median": [-0.665520966053, -0.747865319252, -0.766328155994, -0.795028984547, -0.800602078438, -0.770662248135]}, "spectral_contrast_valleys": {"dmean": [0.41942563653, 0.37875238061, 0.339853405952, 0.360686153173, 0.421233564615, 0.471017509699], "dmean2": [0.651787817478, 0.574655056, 0.487682670355, 0.496171981096, 0.546451210976, 0.595616936684], "max": [-5.3067111969, -4.84072256088, -4.93269062042, -5.75680732727, -5.44242572784, -7.8794708252], "dvar": [0.128879845142, 0.094518892467, 0.0807956457138, 0.110256038606, 0.216548785567, 0.316992759705], "mean": [-7.39907836914, -6.82707023621, -6.79312419891, -7.77703046799, -8.33892536163, -11.3795213699], "dvar2": [0.281915336847, 0.206648275256, 0.155205607414, 0.191033512354, 0.381149113178, 0.577160596848], "min": [-16.5429077148, -14.5355529785, -13.3855638504, -13.738445282, -13.6285152435, -17.0665664673], "var": [1.43033349514, 0.520369768143, 0.568702280521, 0.664138615131, 0.873095810413, 1.22909891605], "median": [-7.10449743271, -6.74370193481, -6.70157575607, -7.72316026688, -8.35886096954, -11.4850091934]}, "silence_rate_20dB": {"dmean": 0, "dmean2": 0, "max": 1, "dvar": 0, "mean": 1, "dvar2": 0, "min": 1, "var": 0, "median": 1}, "silence_rate_30dB": {"dmean": 0.00297462823801, "dmean2": 0.00594977708533, "max": 1, "dvar": 0.00296589639038, "mean": 0.997637987137, "dvar2": 0.00801561772823, "min": 0, "var": 0.00235652923584, "median": 1}, "spectral_strongpeak": {"dmean": 0.650681257248, "dmean2": 1.08459067345, "max": 14.8363723755, "dvar": 0.955681979656, "mean": 1.14154815674, "dvar2": 2.35235071182, "min": 0, "var": 2.31294584274, "median": 0.437543928623}, "spectral_spread": {"dmean": 519906.75, "dmean2": 746490.125, "max": 13363189, "dvar": 411684700160, "mean": 2894363, "dvar2": 783392571392, "min": 884976.0625, "var": 1501622566910.0, "median": 2555234.25}, "barkbands_flatness_db": {"dmean": 0.0318095199764, "dmean2": 0.0474829748273, "max": 0.442436367273, "dvar": 0.00103999092244, "mean": 0.193448454142, "dvar2": 0.00216908636503, "min": 0.0302740912884, "var": 0.00344459316693, "median": 0.192578271031}, "pitch_salience": {"dmean": 0.0869800373912, "dmean2": 0.141069233418, "max": 0.850482940674, "dvar": 0.00588737009093, "mean": 0.551519930363, "dvar2": 0.0149561660364, "min": 0.0497642159462, "var": 0.0123796798289, "median": 0.558260440826}, "erbbands_kurtosis": {"dmean": 1.53182530403, "dmean2": 2.44803214073, "max": 88.3227005005, "dvar": 5.43178129196, "mean": 1.67591691017, "dvar2": 13.7930698395, "min": -1.82313287258, "var": 12.2032880783, "median": 0.91714912653}, "average_loudness": 0.867001950741, "barkbands_crest": {"dmean": 3.2073495388, "dmean2": 5.17262601852, "max": 25.4940319061, "dvar": 7.47667169571, "mean": 10.5197505951, "dvar2": 18.4783821106, "min": 2.22154378891, "var": 16.9454593658, "median": 9.83486938477}, "hfc": {"dmean": 6.290807724, "dmean2": 9.32244777679, "max": 167.900238037, "dvar": 92.4759063721, "mean": 16.4481582642, "dvar2": 218.126022339, "min": 3.15523757308e-05, "var": 304.478424072, "median": 10.4076366425}, "barkbands_kurtosis": {"dmean": 3.19353342056, "dmean2": 5.20291185379, "max": 117.680656433, "dvar": 26.5512218475, "mean": 3.62068533897, "dvar2": 63.3829803467, "min": -1.90627634525, "var": 46.7877082825, "median": 1.36917066574}, "erbbands": {"dmean": [0.153852775693, 1.06043195724, 3.094217062, 4.43015146255, 5.44010162354, 4.33550643921, 4.3236117363, 5.46931314468, 7.90086126328, 21.5416851044, 23.0470962524, 51.0276527405, 48.698638916, 24.703912735, 30.8934955597, 23.1766548157, 40.0640678406, 20.9764556885, 12.0879802704, 10.5111570358, 5.57998847961, 4.88741445541, 5.7923207283, 4.15252637863, 3.29829764366, 2.76514053345, 2.81491351128, 3.02353858948, 2.02529120445, 1.92752933502, 1.10669970512, 0.600779891014, 0.362049907446, 0.181857317686, 0.057730410248, 0.0141485957429, 0.00265550427139, 0.000454189052107, 6.33575182292e-05, 1.38050472742e-05], "dmean2": [0.230657443404, 1.79372513294, 5.48303413391, 7.42187356949, 8.93420410156, 7.17557811737, 6.79877281189, 8.67565059662, 12.0375699997, 33.171207428, 37.0040359497, 80.2718200684, 77.4728469849, 39.1847305298, 49.7585144043, 37.0548210144, 62.9562149048, 33.0702781677, 18.854598999, 16.3856506348, 8.69232368469, 7.6196846962, 9.19497871399, 6.61253976822, 5.29163265228, 4.56206560135, 4.71078777313, 5.16367006302, 3.27184247971, 3.05164766312, 1.75966477394, 0.953576862812, 0.555886507034, 0.281056255102, 0.0910788699985, 0.0215876884758, 0.00398815236986, 0.000654628500342, 9.89216714515e-05, 2.09267891478e-05], "max": [2.48433232307, 17.7519016266, 53.0347595215, 124.365844727, 262.468353271, 216.977874756, 478.429870605, 643.907165527, 984.158203125, 2345.65991211, 1796.1998291, 3568.47436523, 5939.84326172, 1320.24621582, 2514.0612793, 1300.32641602, 4783.64160156, 3113.0012207, 1761.4901123, 1238.39611816, 498.387939453, 566.97869873, 304.292388916, 184.291259766, 216.677963257, 179.082000732, 207.731140137, 475.708557129, 194.192932129, 595.352661133, 168.895782471, 70.5629806519, 53.4602851868, 26.5898075104, 5.49085712433, 1.02427458763, 0.142323344946, 0.0273734536022, 0.00665354914963, 0.000230108591495], "dvar": [0.0549837350845, 3.57789874077, 42.3619880676, 60.3046798706, 281.30682373, 129.660476685, 221.568130493, 467.217498779, 463.325378418, 2590.86523438, 4406.63330078, 20294.6738281, 19380.7617188, 2655.34057617, 5854.48095703, 3371.90576172, 17081.5683594, 4844.99755859, 1519.0065918, 996.577514648, 191.122283936, 157.700408936, 176.95161438, 88.3946609497, 75.1030807495, 80.2394790649, 121.208145142, 204.386550903, 60.1024551392, 94.1734771729, 21.633890152, 4.80107593536, 2.00869417191, 0.453746706247, 0.0399893894792, 0.00184703641571, 5.81881395192e-05, 2.01452166948e-06, 7.36063086038e-08, 2.80707013189e-10], "mean": [0.201514735818, 1.1328111887, 2.80642414093, 5.94284915924, 7.21789646149, 5.46678829193, 6.2624578476, 8.56794643402, 12.7528705597, 35.932434082, 35.1176185608, 82.7265090942, 83.1871261597, 44.5844306946, 53.1417350769, 41.462562561, 65.9544906616, 35.1704902649, 20.4063091278, 16.8682479858, 9.20587825775, 7.99163341522, 9.7276763916, 6.65964889526, 4.40024232864, 2.86444139481, 2.4255759716, 2.54799485207, 2.0549018383, 2.0328438282, 1.13713109493, 0.595580041409, 0.362014293671, 0.188039049506, 0.0595991760492, 0.0148954084143, 0.00292274146341, 0.000507884193212, 6.93160764058e-05, 3.3898948459e-05], "dvar2": [0.121898643672, 9.26085281372, 117.193740845, 160.456466675, 734.22845459, 345.99029541, 500.069549561, 1175.6003418, 945.417602539, 6425.27880859, 11108.2324219, 50634.9570313, 48572.484375, 6856.27929688, 14967.8564453, 8664.20410156, 43526.6796875, 13436.4130859, 3887.17895508, 2510.8046875, 438.123535156, 373.223815918, 444.918884277, 225.458847046, 194.000518799, 210.465072632, 328.025421143, 569.490600586, 146.302612305, 221.461517334, 53.7837677002, 11.6260347366, 4.70304584503, 1.04938423634, 0.0980146303773, 0.00434947479516, 0.000127961640828, 3.94923745262e-06, 1.71231221202e-07, 6.51815046382e-10], "min": [1.42450273799e-10, 1.56447022004e-09, 2.67693458511e-08, 2.72745182883e-07, 6.30341105534e-07, 1.11532597202e-06, 2.79816208604e-06, 2.05698006539e-06, 6.46445471375e-07, 5.07948527684e-07, 1.24613654862e-06, 1.52700351919e-06, 5.30438819624e-06, 2.04875777854e-05, 2.01406801352e-05, 3.59501755156e-05, 9.88566389424e-05, 8.12352081994e-05, 5.52001802134e-05, 1.91780636669e-05, 4.00579892812e-06, 3.66819294868e-05, 7.00359014445e-05, 4.33628883911e-05, 4.50714869658e-05, 2.64093396254e-05, 1.64359644259e-05, 6.44505598757e-06, 5.65924437979e-06, 1.39112557918e-06, 1.13381456686e-05, 1.01263467513e-05, 2.34080084738e-06, 6.30236229426e-07, 1.30542923671e-06, 7.16137606105e-07, 2.56074457639e-07, 1.54477433512e-07, 6.22366380654e-09, 3.41625172595e-10], "var": [0.0896295085549, 3.62166881561, 30.4972686768, 64.4404449463, 241.650146484, 135.802490234, 401.093780518, 762.887878418, 1202.39685059, 6532.50097656, 6124.87158203, 38524.4882813, 38856.21875, 6834.95068359, 13921.3535156, 6572.35302734, 32611.3027344, 8281.25878906, 3122.94702148, 1747.39599609, 416.984069824, 282.588653564, 370.137054443, 137.218154907, 91.1718826294, 68.0642471313, 89.2829437256, 134.845809937, 70.2742996216, 121.005065918, 25.8589057922, 5.65997409821, 2.52148079872, 0.589188992977, 0.0435131788254, 0.00208627199754, 7.37908703741e-05, 2.93625066661e-06, 8.00535815415e-08, 7.21984194652e-10], "median": [0.0773845613003, 0.388937324286, 0.919296085835, 3.31753563881, 3.46056866646, 2.10622620583, 1.886729002, 2.81109023094, 4.28042650223, 11.6874895096, 12.77821064, 25.8603744507, 32.3433113098, 19.2273788452, 17.8958587646, 13.0309858322, 13.3448352814, 8.15498256683, 6.0230922699, 4.86893224716, 3.40311455727, 3.0374956131, 3.69912004471, 2.69125390053, 1.32254993916, 0.635407686234, 0.259887814522, 0.249850302935, 0.253598034382, 0.237021356821, 0.120187908411, 0.0410655289888, 0.020456219092, 0.0110456356779, 0.00455758348107, 0.00128288427368, 0.000258537882473, 3.70302732335e-05, 1.55502693815e-05, 2.76125247183e-05]}, "spectral_energy": {"d