{"metadata": {"version": {"essentia_git_sha": "v2.1_beta2", "essentia_build_sha": "70f2e5ece6736b2c40cc944ad0e695b16b925413", "extractor": "music 1.0", "essentia": "2.1-beta2"}, "audio_properties": {"analysis_sample_rate": 44100, "md5_encoded": "519b7c1ee5617f446d0bf23d73ac9ce3", "downmix": "mix", "sample_rate": 44100, "equal_loudness": 0, "lossless": false, "codec": "mp3", "bit_rate": 192000, "length": 303.934692383, "replay_gain": -12.3892688751}, "tags": {"script": ["Latn"], "musicbrainz_albumid": ["585d5db1-e27c-3ea8-bdb9-53bce0992d90"], "title": ["His Weak Hand"], "musicbrainz_artistid": ["c29973c6-1a7c-401d-bce6-67b7240de677"], "musicbrainz album status": ["official"], "label": ["Necropolis Records"], "date": ["2002-06-18"], "contentgroup": ["Death Metal"], "musicbrainz album type": ["album"], "musicbrainz album release country": ["US"], "album": ["Blasphemy"], "discnumber": ["1/1"], "artistsort": ["Incantation"], "language": ["eng"], "file_name": "06 His Weak Hand.mp3", "genre": ["Death Metal"], "artist": ["Incantation"], "tracknumber": ["6/13"], "originaldate": ["2002"], "albumartist": ["Incantation"], "musicbrainz_recordingid": ["3302cae9-be93-485c-9421-3151c206e343"], "albumartistsort": ["Incantation"], "media": ["CD"], "musicbrainz_albumartistid": ["c29973c6-1a7c-401d-bce6-67b7240de677"]}}, "rhythm": {"beats_loudness": {"var": 0.000256339262705, "mean": 0.0483046807349, "dmean2": 0.0275520570576, "dvar": 0.000196505861823, "dmean": 0.0159974806011, "max": 0.10041629523, "min": 0.000474878004752, "median": 0.0460457205772, "dvar2": 0.00055733154295}, "beats_position": [0.568888902664, 1.16099774837, 1.75310659409, 2.35682535172, 2.94893407822, 3.51782298088, 4.1099319458, 4.72526073456, 5.34058952332, 5.9675283432, 6.59446716309, 7.19818592072, 7.80190467834, 8.40562343597, 8.97451210022, 9.55501079559, 10.1239004135, 10.6927890778, 11.261677742, 11.8421764374, 12.4226751328, 13.0147848129, 13.5836734772, 14.1409521103, 14.6982307434, 15.2090702057, 15.7082986832, 16.2191371918, 16.6487064362, 17.0898857117, 17.5194549561, 17.9722442627, 18.4134235382, 18.8546028137, 19.2957820892, 19.7369613647, 20.1781406403, 20.6193199158, 21.0604991913, 21.5016784668, 21.942855835, 22.3956451416, 22.8484344482, 23.312833786, 23.7772331238, 24.2416324615, 24.6944217682, 25.158821106, 25.6116104126, 26.0643978119, 26.5055770874, 26.958366394, 27.4111557007, 27.8639450073, 28.3051242828, 28.7579135895, 29.2107028961, 29.6634922028, 30.1162815094, 30.5690689087, 31.0218582153, 31.4862575531, 31.9506568909, 32.4150543213, 32.8910636902, 33.3670730591, 33.8546943665, 34.3887519836, 34.9228096008, 35.4684791565, 36.0373687744, 36.5946464539, 37.151927948, 37.7092056274, 38.2664833069, 38.8469848633, 39.4042625427, 39.9499320984, 40.5072097778, 41.0760993958, 41.6565971375, 42.2370948792, 42.8175964355, 43.3864860535, 43.9553718567, 44.5358734131, 45.1047592163, 45.6620407104, 46.2309303284, 46.8114280701, 47.3919258118, 47.9956436157, 48.5877532959, 49.1914749146, 49.7951927185, 50.3989105225, 51.0026283264, 51.5947380066, 52.2681159973, 52.9182739258, 53.5800437927, 54.2650337219, 54.9384117126, 55.6466217041, 56.3548278809, 57.0282058716, 57.6783676147, 58.2356452942, 58.7929229736, 59.3502044678, 59.9074821472, 60.4647598267, 61.0336494446, 61.6025390625, 62.1714286804, 62.6938781738, 63.2163238525, 63.7387733459, 64.2263946533, 64.714012146, 65.1900177002, 65.6660308838, 66.1536483765, 66.6296615601, 67.0940551758, 67.5584564209, 68.022857666, 68.4988632202, 68.9632644653, 69.4276657104, 70.0081634521, 70.5886611938, 71.1691589355, 71.7264404297, 72.2837142944, 72.8526077271, 73.4214935303, 73.9903869629, 74.5360565186, 75.0817184448, 75.638999939, 76.1150131226, 76.5910186768, 77.0670318604, 77.5314254761, 77.9958267212, 78.4602279663, 78.924621582, 79.3890228271, 79.8534240723, 80.3178253174, 80.7822189331, 81.2466201782, 81.8039016724, 82.3611755371, 82.9184570312, 83.4873428345, 84.0562362671, 84.6251220703, 85.170791626, 85.7164611816, 86.1924667358, 86.6684799194, 87.1444854736, 87.6204986572, 88.0732879639, 88.5260772705, 88.9788665771, 89.4432601929, 89.8960494995, 90.3604507446, 90.8132400513, 91.2776412964, 91.730430603, 92.1832199097, 92.6243972778, 93.065574646, 93.5067520142, 93.9711532593, 94.4355545044, 94.8999557495, 95.4340133667, 95.9680709839, 96.5021286011, 97.0129699707, 97.5238113403, 98.0346450806, 98.4990463257, 98.9634475708, 99.4278411865, 99.8806304932, 100.3334198, 100.797821045, 101.250610352, 101.703399658, 102.156188965, 102.608978271, 103.05015564, 103.491333008, 103.932518005, 104.396911621, 104.861312866, 105.325714111, 105.790107727, 106.254508972, 106.718910217, 107.171699524, 107.624488831, 108.088890076, 108.541679382, 108.994468689, 109.447257996, 109.900039673, 110.352828979, 110.805618286, 111.258407593, 111.711196899, 112.163986206, 112.616775513, 113.05796051, 113.510749817, 113.963539124, 114.416320801, 114.869110107, 115.321899414, 115.774688721, 116.227478027, 116.680267334, 117.133056641, 117.597457886, 118.061859131, 118.526252747, 118.979042053, 119.43183136, 119.884620667, 120.337409973, 120.79019928, 121.242988586, 121.684173584, 122.136962891, 122.589744568, 123.042533875, 123.483718872, 123.92489624, 124.35446167, 124.807250977, 125.248435974, 125.689613342, 126.13079071, 126.583580017, 127.036369324, 127.48915863, 127.930335999, 128.383132935, 128.824310303, 129.265487671, 129.718276978, 130.171066284, 130.623855591, 131.076644897, 131.517822266, 131.958999634, 132.41178894, 132.864578247, 133.328979492, 133.781768799, 134.234558105, 134.675735474, 135.116912842, 135.569702148, 136.022491455, 136.463668823, 136.91645813, 137.369247437, 137.810424805, 138.251602173, 138.692779541, 139.133972168, 139.575149536, 140.016326904, 140.457504272, 140.898681641, 141.351470947, 141.804260254, 142.257049561, 142.709838867, 143.162628174, 143.61541748, 144.056594849, 144.509384155, 144.962173462, 145.414962769, 145.867752075, 146.308929443, 146.750106812, 147.214508057, 147.655685425, 148.108474731, 148.561264038, 149.014053345, 149.466842651, 149.931243896, 150.384033203, 150.83682251, 151.277999878, 151.719177246, 152.171966553, 152.624755859, 153.077545166, 153.530334473, 153.983123779, 154.435913086, 154.888702393, 155.341491699, 155.782669067, 156.247070312, 156.688247681, 157.129425049, 157.593826294, 158.058227539, 158.522628784, 158.987030029, 159.439819336, 159.892608643, 160.357009888, 160.821395874, 161.285797119, 161.750198364, 162.214599609, 162.679000854, 163.1434021, 163.596191406, 164.048980713, 164.50177002, 164.954559326, 165.418960571, 165.883346558, 166.336135864, 166.788925171, 167.253326416, 167.717727661, 168.182128906, 168.646530151, 169.110931396, 169.575332642, 170.039718628, 170.504119873, 170.95690918, 171.409698486, 171.874099731, 172.338500977, 172.802902222, 173.267303467, 173.731704712, 174.184494019, 174.637283325, 175.101669312, 175.577682495, 176.04208374, 176.494873047, 177.017318726, 177.539764404, 178.073822021, 178.607894897, 179.165161133, 179.722442627, 180.268112183, 180.813781738, 181.371063232, 181.928344727, 182.485626221, 183.042892456, 183.611785889, 184.180679321, 184.772781372, 185.37651062, 185.980224609, 186.595550537, 187.199264526, 187.802993774, 188.395095825, 189.010421753, 189.625762939, 190.299133301, 190.972518921, 191.645889282, 192.319274902, 192.981033325, 193.654418945, 194.327789307, 195.012786865, 195.686157227, 196.359542847, 197.032928467, 197.659866333, 198.286804199, 198.913742065, 199.517456055, 200.132781982, 200.73651123, 201.351837158, 201.967163086, 202.501220703, 203.03527832, 203.569335938, 204.103393555, 204.637451172, 205.171508789, 205.705581665, 206.239639282, 206.738861084, 207.238098145, 207.748931885, 208.190109253, 208.631286621, 209.072463989, 209.525253296, 209.978042603, 210.419219971, 210.872009277, 211.324798584, 211.765975952, 212.207168579, 212.648345947, 213.101135254, 213.553924561, 214.029922485, 214.505935669, 214.993560791, 215.469558716, 215.945571899, 216.409973145, 216.87437439, 217.338775635, 217.81477356, 218.302398682, 218.755187988, 219.196365356, 219.649154663, 220.078720093, 220.508300781, 220.926254272, 221.344207764, 221.762176514, 222.191741943, 222.609695435, 223.039276123, 223.468841553, 223.886795044, 224.304763794, 224.76914978, 225.233551025, 225.697952271, 226.173965454, 226.649978638, 227.114364624, 227.532333374, 227.961898804, 228.379852295, 228.809432983, 229.227386475, 229.645339966, 230.063308716, 230.481262207, 230.899230957, 231.317184448, 231.735137939, 232.153106689, 232.559448242, 232.965805054, 233.383758545, 233.801712036, 234.219680786, 234.637634277, 235.090423584, 235.543212891, 236.007614136, 236.425567627, 236.8203125, 237.226669312, 237.633010864, 238.027755737, 238.410873413, 238.794006348, 239.177139282, 239.571884155, 239.96661377, 240.361358643, 240.756088257, 241.139221191, 241.533966064, 241.928695679, 242.323440552, 242.706573486, 243.089706421, 243.484436035, 243.86756897, 244.250701904, 244.645431519, 245.040176392, 245.423309326, 245.806442261, 246.189559937, 246.572692871, 246.944213867, 247.315734863, 247.687255859, 248.070373535, 248.45350647, 248.825027466, 249.196548462, 249.579681396, 249.951202393, 250.322723389, 250.694229126, 251.077362061, 251.448883057, 251.808792114, 252.168701172, 252.540222168, 252.911743164, 253.28326416, 253.654785156, 254.026306152, 254.38621521, 254.757720947, 255.129241943, 255.489151001, 255.849060059, 256.208984375, 256.592102051, 256.975219727, 257.346740723, 257.706665039, 258.066558838, 258.438079834, 258.79800415, 259.157897949, 259.529418945, 259.900939941, 260.272460938, 260.643981934, 261.027130127, 261.549560547, 262.060394287, 262.548034668, 263.035644531, 263.523254395, 263.999267578, 264.486877441, 264.962890625, 265.438903809, 265.926513672, 266.402526855, 266.890167236, 267.3777771, 267.853790283, 268.329803467, 268.805786133, 269.281799316, 269.7578125, 270.245422363, 270.721435547, 271.19744873, 271.685089111, 272.184295654, 272.671936035, 273.159545898, 273.647155762, 274.134765625, 274.634002686, 275.133239746, 275.632476807, 276.13168335, 276.61932373, 277.118530273, 277.617767334, 278.105377197, 278.581390381, 279.057403564, 279.533416748, 280.009429932, 280.497039795, 280.984680176, 281.472290039, 281.948303223, 282.424316406, 282.900299072, 283.376312256, 283.863952637, 284.339935303, 284.815948486, 285.303588867, 285.79119873, 286.278808594, 286.766448975, 287.242431641, 287.718444824, 288.206085205, 288.693695068, 289.181304932, 289.668914795, 290.144927979, 290.620941162, 291.096954346, 291.572967529, 292.060577393, 292.548217773, 293.035827637, 293.51184082, 293.987854004, 294.475463867, 294.96307373, 295.439086914, 295.915100098, 296.391113281, 296.867126465, 297.343109131, 297.830749512, 298.306762695, 298.794372559, 299.281982422, 299.757995605, 300.234008789, 300.721618652, 301.209259033, 301.685241699, 302.18447876, 302.672088623, 303.159729004], "bpm_histogram_first_peak_spread": {"var": 0, "mean": 0.532567024231, "dmean2": 0, "dvar": 0, "dmean": 0, "max": 0.532567024231, "min": 0.532567024231, "median": 0.532567024231, "dvar2": 0}, "danceability": 1.19191348553, "bpm_histogram_second_peak_weight": {"var": 0, "mean": 0.0937996804714, "dmean2": 0, "dvar": 0, "dmean": 0, "max": 0.0937996804714, "min": 0.0937996804714, "median": 0.0937996804714, "dvar2": 0}, "bpm_histogram_first_peak_weight": {"var": 0, "mean": 0.193958669901, "dmean2": 0, "dvar": 0, "dmean": 0, "max": 0.193958669901, "min": 0.193958669901, "median": 0.193958669901, "dvar2": 0}, "bpm": 132.258865356, "bpm_histogram_second_peak_spread": {"var": 0, "mean": 0.432692289352, "dmean2": 0, "dvar": 0, "dmean": 0, "max": 0.432692289352, "min": 0.432692289352, "median": 0.432692289352, "dvar2": 0}, "bpm_histogram_second_peak_bpm": {"var": 0, "mean": 126, "dmean2": 0, "dvar": 0, "dmean": 0, "max": 126, "min": 126, "median": 126, "dvar2": 0}, "beats_count": 630, "beats_loudness_band_ratio": {"var": [0.0416422560811, 0.0182861313224, 0.00514300493523, 0.0036807670258, 0.00529006868601, 0.00160174863413], "mean": [0.509020149708, 0.219751775265, 0.0772089138627, 0.0864508152008, 0.113427139819, 0.0417071506381], "dmean2": [0.296707600355, 0.232471004128, 0.0894859731197, 0.0727900639176, 0.0970681011677, 0.0545180812478], "dvar": [0.0205766689032, 0.0120672639459, 0.00381509191357, 0.00212556938641, 0.00338308676146, 0.00203083571978], "dmean": [0.167765900493, 0.132652059197, 0.0515888184309, 0.0422309488058, 0.0554464869201, 0.0298172030598], "max": [0.977952539921, 0.781297922134, 0.500799357891, 0.438234478235, 0.491752326488, 0.430531293154], "min": [0.0793661996722, 0.013657332398, 0.00103632709943, 0.000207051809411, 0.000110781773401, 0.000345270440448], "median": [0.498982727528, 0.189302057028, 0.05525495857, 0.0739500299096, 0.0980774760246, 0.0326588898897], "dvar2": [0.0577228553593, 0.0362006388605, 0.0102008264512, 0.00554848043248, 0.00951186288148, 0.00634068762884]}, "onset_rate": 3.05314159393, "bpm_histogram_first_peak_bpm": {"var": 0, "mean": 133, "dmean2": 0, "dvar": 0, "dmean": 0, "max": 133, "min": 133, "median": 133, "dvar2": 0}}, "lowlevel": {"hfc": {"var": 198.536132812, "mean": 31.2228755951, "dmean2": 10.6282348633, "dvar": 57.4956169128, "dmean": 6.42285299301, "max": 141.303863525, "min": 1.13870715445e-16, "median": 29.9366569519, "dvar2": 144.623764038}, "barkbands_spread": {"var": 108.392738342, "mean": 26.0536727905, "dmean2": 8.98378753662, "dvar": 29.1359214783, "dmean": 5.43493700027, "max": 159.101486206, "min": 0.442812919617, "median": 26.0828590393, "dvar2": 74.3637771606}, "spectral_spread": {"var": 1477267685380.0, "mean": 3906895.75, "dmean2": 812532.375, "dvar": 415128190976, "dmean": 517331.21875, "max": 40925304, "min": 1341671, "median": 3902416, "dvar2": 869730484224}, "spectral_energy": {"var": 0.000413300760556, "mean": 0.0442509278655, "dmean2": 0.0304022040218, "dvar": 0.000357962300768, "dmean": 0.0177633687854, "max": 0.15532322228, "min": 1.05288871725e-20, "median": 0.0394380092621, "dvar2": 0.000975705741439}, "gfcc": {"icov": [[0.000716537586413, -0.00100441044196, 0.000983794801868, -0.000978792901151, 0.000747670012061, -0.00130536861252, 0.00141500018071, -0.00102925358806, 0.000775212422013, -0.00145576510113, 0.00234508491121, -0.00241762329824, 0.00144806853496], [-0.00100441044196, 0.00843757856637, -0.00182361807674, 0.00220505311154, -0.00475375866517, 0.007755742874, -0.00486873369664, 0.00372939230874, -0.00610108859837, 0.00747754517943, -0.0112067013979, 0.00766482902691, -0.00403745565563], [0.000983794801868, -0.00182361807674, 0.00537618622184, -0.00296438089572, 0.000623830477707, -0.00353458407335, 0.00144823745359, 1.00809393189e-05, 0.00073075434193, -0.00399722345173, 0.00689869839698, -0.00830417685211, 0.00489508500323], [-0.000978792901151, 0.00220505311154, -0.00296438089572, 0.0135079445317, -0.000869114999659, -0.00446431292221, -0.00589344510809, 0.00950759835541, -0.00556225143373, 0.00312999123707, -0.00581288477406, 0.00978788733482, -0.0068784635514], [0.000747670012061, -0.00475375866517, 0.000623830477707, -0.000869114999659, 0.00821474287659, -0.00344271725044, -0.00145869399421, -0.000993696623482, 0.00454154843464, -0.00466051837429, 0.00391021789983, -0.00185463856906, 0.000354032556061], [-0.00130536861252, 0.007755742874, -0.00353458407335, -0.00446431292221, -0.00344271725044, 0.0215114355087, -0.00257977400906, -0.00429968489334, -0.00511605385691, 0.00840533152223, -0.00897471606731, 0.00300430785865, -0.000376080628484], [0.00141500018071, -0.00486873369664, 0.00144823745359, -0.00589344510809, -0.00145869399421, -0.00257977400906, 0.0184320304543, -0.00991265941411, 0.000214182582567, 0.00037819184945, 0.00834955833852, -0.00699369423091, 0.00322822621092], [-0.00102925358806, 0.00372939230874, 1.00809393189e-05, 0.00950759835541, -0.000993696623482, -0.00429968489334, -0.00991265941411, 0.0244366172701, -0.00989598687738, -0.000898626400158, -0.000444845616585, 0.00410324335098, -0.00284428498708], [0.000775212422013, -0.00610108859837, 0.00073075434193, -0.00556225143373, 0.00454154843464, -0.00511605385691, 0.000214182582567, -0.00989598687738, 0.031207608059, -0.0159852262586, 0.000605370674748, 0.00130127836019, 0.0029658167623], [-0.00145576510113, 0.00747754517943, -0.00399722345173, 0.00312999123707, -0.00466051837429, 0.00840533152223, 0.00037819184945, -0.000898626400158, -0.0159852262586, 0.0333601422608, -0.0176155064255, 0.00106216187123, 0.00178584712557], [0.00234508491121, -0.0112067013979, 0.00689869839698, -0.00581288477406, 0.00391021789983, -0.00897471606731, 0.00834955833852, -0.000444845616585, 0.000605370674748, -0.0176155064255, 0.0416125282645, -0.0245784725994, 0.00474683567882], [-0.00241762329824, 0.00766482902691, -0.00830417685211, 0.00978788733482, -0.00185463856906, 0.00300430785865, -0.00699369423091, 0.00410324335098, 0.00130127836019, 0.00106216187123, -0.0245784725994, 0.0433858409524, -0.0164363533258], [0.00144806853496, -0.00403745565563, 0.00489508500323, -0.0068784635514, 0.000354032556061, -0.000376080628484, 0.00322822621092, -0.00284428498708, 0.0029658167623, 0.00178584712557, 0.00474683567882, -0.0164363533258, 0.0310236420482]], "mean": [45.7303314209, 99.6156997681, -127.14516449, 41.9301376343, -36.1306114197, 14.5463857651, -49.4478874207, 6.69297504425, -31.5204677582, -2.77066159248, -17.3114490509, -2.18798398972, -9.0750875473], "cov": [[3546.69213867, -877.098999023, -50.7735328674, -51.6491699219, -579.114990234, 301.13269043, -312.417358398, 181.649505615, 26.324924469, 175.284667969, -81.7680282593, 131.596908569, -154.086654663], [-877.098999023, 1024.11279297, -232.355239868, 33.6530380249, 446.473846436, -275.274505615, 191.595916748, -124.404716492, 18.7630977631, -105.338973999, 117.08228302, -87.8846282959, 118.362586975], [-50.7735328674, -232.355239868, 464.473571777, 80.4718780518, -53.2283668518, 132.452133179, -1.86038911343, 18.9511394501, 26.768945694, 57.0508499146, -26.9580097198, 59.1928939819, -49.5281982422], [-51.6491699219, 33.6530380249, 80.4718780518, 184.466171265, 37.1403312683, 56.3847961426, 45.7073287964, -35.5866851807, 22.414396286, -15.5171327591, 3.62488746643, -19.0483531952, 15.3372516632], [-579.114990234, 446.473846436, -53.2283668518, 37.1403312683, 365.790222168, -92.2529296875, 130.525894165, -44.2042503357, -2.14477968216, -47.1209907532, 36.2110557556, -39.8629188538, 55.099029541], [301.13269043, -275.274505615, 132.452133179, 56.3847961426, -92.2529296875, 170.584671021, -17.0690441132, 53.257232666, 22.3095684052, 30.5044879913, -23.4358959198, 26.6718463898, -34.6705169678], [-312.417358398, 191.595916748, -1.86038911343, 45.7073287964, 130.525894165, -17.0690441132, 146.534515381, 14.3068561554, 18.0371608734, -31.395740509, 0.308984965086, -24.3727035522, 21.43491745], [181.649505615, -124.404716492, 18.9511394501, -35.5866851807, -44.2042503357, 53.257232666, 14.3068561554, 103.37461853, 30.3839492798, 31.616065979, -15.5883741379, 11.6354837418, -22.5854549408], [26.324924469, 18.7630977631, 26.768945694, 22.414396286, -2.14477968216, 22.3095684052, 18.0371608734, 30.3839492798, 72.3643417358, 39.6306686401, 22.5496807098, 3.3234705925, -7.7260518074], [175.284667969, -105.338973999, 57.0508499146, -15.5171327591, -47.1209907532, 30.5044879913, -31.395740509, 31.616065979, 39.6306686401, 90.8270950317, 29.0053138733, 35.3003540039, -22.0126075745], [-81.7680282593, 117.08228302, -26.9580097198, 3.62488746643, 36.2110557556, -23.4358959198, 0.308984965086, -15.5883741379, 22.5496807098, 29.0053138733, 81.1909790039, 25.3304004669, 19.1244029999], [131.596908569, -87.8846282959, 59.1928939819, -19.0483531952, -39.8629188538, 26.6718463898, -24.3727035522, 11.6354837418, 3.3234705925, 35.3003540039, 25.3304004669, 67.3650512695, 2.70271849632], [-154.086654663, 118.362586975, -49.5281982422, 15.3372516632, 55.099029541, -34.6705169678, 21.43491745, -22.5854549408, -7.7260518074, -22.0126075745, 19.1244029999, 2.70271849632, 61.2061882019]]}, "silence_rate_60dB": {"var": 0.00554476957768, "mean": 0.00557635026053, "dmean2": 0.00152800057549, "dvar": 0.000763658958022, "dmean": 0.000763941963669, "max": 1, "min": 0, "median": 0, "dvar2": 0.00152532546781}, "spectral_centroid": {"var": 212652.140625, "mean": 1432.15344238, "dmean2": 406.887268066, "dvar": 56107.1875, "dmean": 245.661148071, "max": 10874.7939453, "min": 119.94367218, "median": 1439.87390137, "dvar2": 144579.53125}, "spectral_complexity": {"var": 59.3495445251, "mean": 34.1009864807, "dmean2": 5.8505616188, "dvar": 10.0118951797, "dmean": 3.49258971214, "max": 58, "min": 0, "median": 35, "dvar2": 25.9829959869}, "melbands_spread": {"var": 201.027160645, "mean": 26.5340976715, "dmean2": 14.4185495377, "dvar": 69.1424026489, "dmean": 8.74670124054, "max": 192.641555786, "min": 0.336703509092, "median": 24.952955246, "dvar2": 177.841369629}, "spectral_strongpeak": {"var": 0.334476977587, "mean": 0.622589170933, "dmean2": 0.645658135414, "dvar": 0.264919608831, "dmean": 0.373236596584, "max": 7.21010684967, "min": 0, "median": 0.470910727978, "dvar2": 0.695073544979}, "zerocrossingrate": {"var": 0.000728260318283, "mean": 0.0585555545986, "dmean2": 0.0108254514635, "dvar": 7.27295409888e-05, "dmean": 0.00825945101678, "max": 0.49609375, "min": 0.0029296875, "median": 0.05615234375, "dvar2": 0.00011394530884}, "erbbands_kurtosis": {"var": 6.57294893265, "mean": -0.0486130416393, "dmean2": 1.08210325241, "dvar": 2.03311777115, "dmean": 0.660417675972, "max": 110.591911316, "min": -1.78317224979, "median": -0.365357160568, "dvar2": 4.7814245224}, "spectral_energyband_middle_low": {"var": 0.000100338394986, "mean": 0.0177218653262, "dmean2": 0.012234901078, "dvar": 6.60439836793e-05, "dmean": 0.00723939668387, "max": 0.0859746709466, "min": 2.64845193099e-22, "median": 0.0157455783337, "dvar2": 0.000183931551874}, "erbbands": {"var": [0.0212389491498, 6.99639701843, 99.0280227661, 213.043655396, 223.321746826, 460.070922852, 1072.39306641, 1588.19787598, 1816.14990234, 375.686584473, 108.497276306, 688.096008301, 1441.60290527, 696.94720459, 1077.51879883, 1493.35083008, 1402.56542969, 3016.89404297, 5316.0546875, 4792.38525391, 4173.00488281, 1734.00317383, 223.423339844, 625.864196777, 182.581619263, 125.149360657, 100.696464539, 94.0669937134, 89.4103469849, 47.7116661072, 36.1849517822, 24.5148601532, 12.5863704681, 6.77434873581, 2.41349339485, 0.339091688395, 0.0234039407223, 0.000435854017269, 1.62576532148e-06, 2.48519982371e-09], "mean": [0.119558729231, 1.90914988518, 9.29934406281, 15.1475963593, 14.39594841, 20.1064682007, 31.8669261932, 31.0171375275, 24.3240089417, 13.163310051, 8.71091747284, 23.4685821533, 30.719493866, 18.9058532715, 23.0599060059, 43.6136436462, 48.9917297363, 55.6838150024, 54.1985702515, 62.567035675, 99.3588562012, 69.8949432373, 26.830947876, 42.748916626, 23.3240833282, 11.5471897125, 9.18055725098, 7.09137821198, 5.41733407974, 4.04222726822, 3.52785944939, 2.972042799, 2.28211116791, 1.46913599968, 0.723799824715, 0.244354724884, 0.0593658387661, 0.00780089199543, 0.000271540251561, 6.17214318481e-05], "dmean2": [0.172692269087, 3.72671627998, 14.6605005264, 20.3586120605, 17.3629741669, 21.7722415924, 27.4584388733, 30.5852737427, 24.539806366, 13.1653871536, 8.44309520721, 20.6311473846, 23.798166275, 16.7327785492, 20.0929546356, 36.7054443359, 35.3784942627, 42.3432922363, 41.2439689636, 46.2241020203, 66.1570129395, 41.7136917114, 14.584774971, 27.8172397614, 13.1827640533, 8.30695056915, 7.41965961456, 6.14770793915, 4.77145242691, 4.05616807938, 3.37343144417, 2.47859549522, 1.62277173996, 1.09892845154, 0.652818620205, 0.2531863451, 0.061915602535, 0.00793861877173, 0.000336052733473, 4.0931008698e-05], "dvar": [0.0188907515258, 8.05777645111, 101.921890259, 197.653442383, 192.551177979, 369.013031006, 506.057403564, 903.046691895, 910.381347656, 207.894668579, 81.8278961182, 312.379699707, 448.296569824, 455.645111084, 407.119049072, 829.056884766, 775.258300781, 1682.11938477, 2859.38061523, 2925.15039062, 1992.21984863, 642.985839844, 103.102615356, 298.871185303, 93.2440414429, 79.7048950195, 50.7692222595, 49.037689209, 45.7960166931, 22.4127941132, 17.0650234222, 10.4002408981, 4.42543077469, 2.66179299355, 1.26161909103, 0.220526441932, 0.0145503133535, 0.000232207035879, 1.66668439761e-06, 2.73533729001e-09], "dmean": [0.106911502779, 2.10479664803, 8.29181289673, 11.5109910965, 10.0010700226, 12.9761743546, 17.2254238129, 18.0868816376, 14.4139585495, 7.81844806671, 5.03985548019, 12.7326488495, 14.8917999268, 9.99507808685, 12.3109931946, 22.3207321167, 21.398317337, 25.5853004456, 24.8393688202, 27.4902763367, 39.687374115, 25.167509079, 8.61785411835, 16.4820537567, 7.80618715286, 4.90393733978, 4.37894582748, 3.66774201393, 2.92725920677, 2.41211104393, 2.01912641525, 1.52159714699, 1.03215634823, 0.701641142368, 0.412483721972, 0.157154798508, 0.0391787216067, 0.00517462613061, 0.000207170640351, 2.43529648287e-05], "max": [1.04151833057, 19.9335632324, 85.3624191284, 137.310806274, 220.031845093, 339.663330078, 298.137878418, 361.174621582, 358.845275879, 269.397491455, 190.937805176, 357.355743408, 483.073364258, 840.597839355, 546.981567383, 572.136901855, 451.445831299, 866.266784668, 1245.57397461, 1341.74194336, 797.492675781, 493.718566895, 303.224121094, 373.275665283, 247.02041626, 227.87171936, 168.320724487, 143.099563599, 166.220199585, 121.228607178, 105.761413574, 111.623420715, 50.788143158, 54.3489837646, 34.8233642578, 14.7081346512, 4.13489437103, 0.599483370781, 0.0648671537638, 0.00257523078471], "min": [3.05510833924e-22, 6.07682663236e-21, 2.90447863862e-20, 3.80110364854e-20, 5.75179069586e-20, 8.96059812913e-20, 4.2104687421e-19, 4.18010940416e-19, 5.61338980845e-19, 8.02996281285e-19, 1.12603021452e-18, 1.51028569775e-18, 1.07588052873e-18, 5.44236949302e-18, 3.81468691062e-18, 3.08178131326e-18, 2.43521227873e-18, 3.58787440025e-18, 5.55768881017e-18, 7.40114972716e-18, 7.98215146325e-18, 7.973595107e-18, 1.48590225376e-17, 1.61566621236e-17, 1.58669338422e-17, 1.15244796446e-17, 1.53703177635e-17, 1.43714822846e-17, 2.60031736356e-17, 2.35621305607e-17, 1.52606319599e-17, 1.67280222425e-17, 2.02964661701e-17, 1.26527573089e-17, 1.05811827264e-17, 6.16261095522e-18, 3.14362216303e-18, 1.15336408767e-18, 3.55460447223e-19, 2.71833327399e-20], "median": [0.0646889135242, 0.744919478893, 5.79254388809, 10.7294530869, 9.88239955902, 13.5687150955, 21.1060676575, 15.9806547165, 6.84169340134, 6.1429772377, 5.95351457596, 15.4690923691, 18.9956436157, 10.5847587585, 13.6760129929, 33.51404953, 40.032913208, 42.0135231018, 36.8995094299, 46.6550064087, 87.2465667725, 63.2551193237, 24.9839076996, 39.247543335, 21.6950569153, 8.63919734955, 6.44222354889, 4.24128770828, 2.76388335228, 2.25541806221, 1.94381666183, 1.63654386997, 1.19793081284, 0.690467119217, 0.287764072418, 0.0856394991279, 0.0181187950075, 0.0020075684879, 7.68469981267e-05, 5.31012046849e-05], "dvar2": [0.047352578491, 21.1906070709, 288.171722412, 559.61315918, 527.89642334, 1014.47235107, 1235.72412109, 2552.50170898, 2676.71948242, 578.432678223, 224.790496826, 804.004577637, 1138.73461914, 1279.19067383, 1028.18481445, 2172.52978516, 2149.94726562, 4584.98242188, 7855.67285156, 8219.23632812, 5360.47851562, 1699.38513184, 284.064239502, 837.508728027, 252.615097046, 210.677825928, 130.184341431, 121.32283783, 108.32875061, 51.6530685425, 39.5317955017, 23.4339027405, 9.44585227966, 5.78103256226, 2.82095837593, 0.516726732254, 0.0331521257758, 0.000484528252855, 4.09656240663e-06, 7.31724236758e-09]}, "barkbands_crest": {"var": 10.6925973892, "mean": 8.59425544739, "dmean2": 4.66991043091, "dvar": 5.61629772186, "dmean": 2.74982595444, "max": 23.5270767212, "min": 2.19322252274, "median": 8.15264129639, "dvar2": 15.9660139084}, "melbands_crest": {"var": 20.5282249451, "mean": 13.7691793442, "dmean2": 6.62382125854, "dvar": 10.1897230148, "dmean": 3.88942265511, "max": 36.5014610291, "min": 2.01127791405, "median": 13.2363424301, "dvar2": 28.9281024933}, "spectral_flux": {"var": 0.00236039073206, "mean": 0.124346233904, "dmean2": 0.0542666949332, "dvar": 0.00114008819219, "dmean": 0.0336887314916, "max": 0.363983631134, "min": 7.96757888111e-07, "median": 0.11892336607, "dvar2": 0.00244374759495}, "spectral_contrast_valleys": {"var": [0.541610598564, 0.570150673389, 0.468350678682, 0.464287310839, 0.364029407501, 0.982297837734], "mean": [-6.63820934296, -6.59942007065, -6.85086965561, -6.59304094315, -6.81763601303, -9.82726478577], "dmean2": [0.790269851685, 0.625768244267, 0.476207703352, 0.359213888645, 0.304267734289, 0.5888428092], "dvar": [0.173902437091, 0.115514978766, 0.0682714357972, 0.050136052072, 0.0517617091537, 0.252881854773], "dmean": [0.484375685453, 0.373120099306, 0.287890344858, 0.216106712818, 0.186298027635, 0.372869700193], "max": [-5.09972906113, -4.84376955032, -5.18514919281, -5.38700008392, -5.51117134094, -7.74639844894], "min": [-27.1601428986, -27.3299617767, -27.0805091858, -27.1492881775, -27.3401813507, -27.1324882507], "median": [-6.61286115646, -6.50554800034, -6.79281568527, -6.47579193115, -6.72819280624, -9.5481672287], "dvar2": [0.409403890371, 0.295322477818, 0.166481599212, 0.111999675632, 0.111509516835, 0.606435775757]}, "mfcc": {"icov": [[0.000677621574141, 0.000551672128495, 0.000505008094478, 0.000459065864561, 3.55388910975e-05, -0.000268572592176, 0.00103552127257, -0.000433606095612, -4.40278818132e-05, 9.95681184577e-05, -0.000335125718266, -0.00018505823391, -0.000501193688251], [0.000551672128495, 0.00367073900998, 0.0017843398964, -0.00335418130271, -0.00136979087256, 0.00256651360542, -0.000685507024173, -0.000825538765639, 0.00211807875894, -0.00124965945724, 4.67284335173e-05, 8.11905410956e-05, -0.00169451197144], [0.000505008094478, 0.0017843398964, 0.00446982402354, -6.81887249812e-05, 0.000145376397995, -0.00318002840504, 0.00358574232087, -0.0022795421537, -0.000445908430265, 0.00154155842029, -0.00166194571648, -0.000347855180735, -0.00180064130109], [0.000459065864561, -0.00335418130271, -6.81887249812e-05, 0.0132455257699, 0.00096938299248, -0.00856906082481, -0.00104761030525, 0.00305060343817, -0.00372249167413, -0.000503787538037, 0.0033625238575, -0.00389574235305, 0.00321296835318], [3.55388910975e-05, -0.00136979087256, 0.000145376397995, 0.00096938299248, 0.0132570164278, -0.00611156271771, -0.0028517304454, 0.00210771430284, 0.0021500447765, -0.00332072819583, 9.54216011451e-05, 0.00115396536421, -0.000583927438129], [-0.000268572592176, 0.00256651360542, -0.00318002840504, -0.00856906082481, -0.00611156271771, 0.0210393983871, -0.00492679094896, -0.00339666940272, 0.00526568526402, -0.0019001965411, -0.00216623675078, 0.00202491600066, 0.000263032590738], [0.00103552127257, -0.000685507024173, 0.00358574232087, -0.00104761030525, -0.0028517304454, -0.00492679094896, 0.0262859985232, -0.00983108952641, -0.00823912769556, 0.00835338886827, 0.00059252709616, -0.00595837505534, 0.00262921652757], [-0.000433606095612, -0.000825538765639, -0.0022795421537, 0.00305060343817, 0.00210771430284, -0.00339666940272, -0.00983108952641, 0.0231565125287, -0.00782404001802, -0.00539828697219, 0.0054727033712, 0.000258837098954, -0.0020403470844], [-4.40278818132e-05, 0.00211807875894, -0.000445908430265, -0.00372249167413, 0.0021500447765, 0.00526568526402, -0.00823912769556, -0.00782404001802, 0.0280228648335, -0.0103351669386, -0.00638732593507, 0.00702020712197, 0.0011522481218], [9.95681184577e-05, -0.00124965945724, 0.00154155842029, -0.000503787538037, -0.00332072819583, -0.0019001965411, 0.00835338886827, -0.00539828697219, -0.0103351669386, 0.0297978110611, -0.0125266667455, -0.00342647917569, 0.00465824920684], [-0.000335125718266, 4.67284335173e-05, -0.00166194571648, 0.0033625238575, 9.54216011451e-05, -0.00216623675078, 0.00059252709616, 0.0054727033712, -0.00638732593507, -0.0125266667455, 0.0359197407961, -0.0143926544115, -0.00288708461449], [-0.00018505823391, 8.11905410956e-05, -0.000347855180735, -0.00389574235305, 0.00115396536421, 0.00202491600066, -0.00595837505534, 0.000258837098954, 0.00702020712197, -0.00342647917569, -0.0143926544115, 0.0373315997422, -0.0170512478799], [-0.000501193688251, -0.00169451197144, -0.00180064130109, 0.00321296835318, -0.000583927438129, 0.000263032590738, 0.00262921652757, -0.0020403470844, 0.0011522481218, 0.00465824920684, -0.00288708461449, -0.0170512478799, 0.0299728680402]], "mean": [-592.441040039, 126.087234497, -19.2565994263, 29.5125541687, 26.3795146942, 7.31978797913, 3.68266224861, 0.956420600414, -3.18478322029, -2.94250392914, -6.72545528412, -3.12629151344, -4.89263677597], "cov": [[2803.40161133, -944.754211426, 261.262176514, -436.706420898, -160.062408447, -82.522567749, -235.735946655, -17.3886566162, -16.928106308, -7.19420480728, 97.7136535645, 31.6311264038, 102.25087738], [-944.754211426, 987.461669922, -457.324829102, 293.777740479, 117.795585632, -17.7276096344, 134.657226562, -14.2390489578, -20.4897480011, 19.9517459869, -56.5786628723, 7.34079694748, -32.8554801941], [261.262176514, -457.324829102, 553.319580078, -95.3135223389, -32.3186340332, 82.7357940674, -74.497215271, 33.6337814331, 9.88080787659, -0.961490392685, 52.4474220276, 21.3607578278, 46.4143562317], [-436.706420898, 293.777740479, -95.3135223389, 226.081756592, 62.4423141479, 68.9949035645, 73.4389190674, 9.29940795898, 12.9848480225, 15.0085554123, -22.3106002808, 2.88614225388, -29.1916732788], [-160.062408447, 117.795585632, -32.3186340332, 62.4423141479, 116.861717224, 48.5178184509, 34.5729255676, 2.6849155426, -4.55184698105, 13.5713472366, -2.99109077454, 2.39553952217, -6.51064491272], [-82.522567749, -17.7276096344, 82.7357940674, 68.9949035645, 48.5178184509, 113.978042603, 30.2865371704, 25.2443180084, 7.01170444489, 11.1192970276, 5.38986587524, 4.09685468674, -4.94882059097], [-235.735946655, 134.657226562, -74.497215271, 73.4389190674, 34.5729255676, 30.2865371704, 97.0485229492, 37.7214660645, 27.6440849304, 3.56485676765, -13.4358167648, 0.204616174102, -17.0089149475], [-17.3886566162, -14.2390489578, 33.6337814331, 9.29940795898, 2.6849155426, 25.2443180084, 37.7214660645, 80.7761459351, 39.1699714661, 18.5929279327, 1.98009765148, -0.931730866432, -2.78628516197], [-16.928106308, -20.4897480011, 9.88080787659, 12.9848480225, -4.55184698105, 7.01170444489, 27.6440849304, 39.1699714661, 73.4851760864, 30.5416374207, 13.5554618835, -5.84210109711, -11.7379417419], [-7.19420480728, 19.9517459869, -0.961490392685, 15.0085554123, 13.5713472366, 11.1192970276, 3.56485676765, 18.5929279327, 30.5416374207, 63.1650466919, 27.9397506714, 10.9993076324, -1.5814666748], [97.7136535645, -56.5786628723, 52.4474220276, -22.3106002808, -2.99109077454, 5.38986587524, -13.4358167648, 1.98009765148, 13.5554618835, 27.9397506714, 59.6103973389, 29.9622421265, 23.1091747284], [31.6311264038, 7.34079694748, 21.3607578278, 2.88614225388, 2.39553952217, 4.09685468674, 0.204616174102, -0.931730866432, -5.84210109711, 10.9993076324, 29.9622421265, 57.1690979004, 35.7712364197], [102.25087738, -32.8554801941, 46.4143562317, -29.1916732788, -6.51064491272, -4.94882059097, -17.0089149475, -2.78628516197, -11.7379417419, -1.5814666748, 23.1091747284, 35.7712364197, 63.6252212524]]}, "erbbands_flatness_db": {"var": 0.00122227612883, "mean": 0.149690777063, "dmean2": 0.027916636318, "dvar": 0.000378082389943, "dmean": 0.0181398261338, "max": 0.308391720057, "min": 0.0579886361957, "median": 0.143642798066, "dvar2": 0.000879720610101}, "barkbands": {"var": [2.08157615589e-08, 9.27181026782e-05, 9.68302047113e-05, 2.77644521702e-05, 3.257870776e-05, 1.66981008078e-05, 6.41220776743e-06, 3.95420158839e-07, 1.97297936211e-06, 1.12278121378e-06, 5.02735531427e-07, 8.32135356177e-07, 7.89575778981e-07, 1.82152541583e-06, 1.88694775716e-06, 1.51807614657e-06, 6.11461530298e-07, 6.79493297184e-08, 1.83456180025e-07, 5.70037705927e-08, 5.4473250799e-08, 6.36596837467e-08, 4.30241193783e-08, 4.84920903432e-08, 4.75142094558e-08, 9.59327284278e-09, 5.29054820786e-11], "mean": [0.000138497111038, 0.00691474368796, 0.00918858218938, 0.00471778400242, 0.00602433923632, 0.00381223065779, 0.00136029534042, 0.000411022512708, 0.00106371368747, 0.000818371481728, 0.000491211889312, 0.000961529964115, 0.00106059364043, 0.00116927176714, 0.000954890041612, 0.00172175059561, 0.00126128317788, 0.000416909635533, 0.000756757915951, 0.000240941313677, 0.000199639922357, 0.000143006822327, 0.000126244602143, 0.000142754724948, 0.000113179099571, 3.94953276555e-05, 1.79916378329e-06], "dmean2": [0.000139749492519, 0.0131315998733, 0.0146478619426, 0.0064442390576, 0.00585301965475, 0.00340171391144, 0.0014697315637, 0.000484917720314, 0.000908255460672, 0.00069266470382, 0.000478093395941, 0.000861918611918, 0.00085724669043, 0.000970597320702, 0.000807966280263, 0.00124501984101, 0.00079990591621, 0.000276753591606, 0.000458221591543, 0.00017819700588, 0.000168232800206, 0.000125969832879, 0.000120634475024, 0.000104155151348, 9.04664047994e-05, 4.1331833927e-05, 2.44707234742e-06], "dvar": [1.12127072072e-08, 0.00010466806998, 9.83674544841e-05, 2.1541471142e-05, 2.44524271693e-05, 8.59669307829e-06, 3.28902683577e-06, 2.91053027013e-07, 6.66688379169e-07, 4.42883560936e-07, 2.56174644164e-07, 4.68346087246e-07, 4.52813992524e-07, 1.04775847376e-06, 1.06552693069e-06, 8.75086755059e-07, 2.42510083126e-07, 3.71552566492e-08, 8.25330204179e-08, 3.42278525522e-08, 2.73290066133e-08, 3.28339275768e-08, 1.88362712095e-08, 1.7161680077e-08, 2.03933154808e-08, 6.01303717929e-09, 4.57391728659e-11], "dmean": [9.04043117771e-05, 0.00747924111784, 0.00825032964349, 0.00369200878777, 0.00351011450402, 0.00205898075365, 0.000862386717927, 0.000287562201265, 0.000564194109756, 0.000426031823736, 0.000288459646981, 0.000521856243722, 0.000518911634572, 0.000586972862948, 0.000480285001686, 0.000745554338209, 0.000484389835037, 0.000162582888152, 0.000272709265118, 0.000105230596091, 9.97613096843e-05, 7.70140541135e-05, 7.21876422176e-05, 6.54983887216e-05, 5.78280887567e-05, 2.58576237684e-05, 1.50856783421e-06], "max": [0.0013892740244, 0.0702257752419, 0.0884576588869, 0.058295711875, 0.0714069828391, 0.0366340130568, 0.0252876337618, 0.0114233633503, 0.0253751315176, 0.0171323642135, 0.00999199785292, 0.0130173508078, 0.0110531123355, 0.0239163823426, 0.0272165816277, 0.0238601919264, 0.00832740217447, 0.00510557182133, 0.00598565163091, 0.0045442385599, 0.00322886765935, 0.00494908262044, 0.00378021271899, 0.00385160627775, 0.00404414208606, 0.0026255371049, 0.000235495608649], "min": [3.60396429361e-25, 2.04731934772e-23, 3.19940747022e-23, 6.09136026805e-24, 3.58926095186e-23, 5.94723877277e-23, 3.30156653517e-23, 6.52921743461e-23, 6.17829045211e-23, 4.25389077955e-23, 1.62696364411e-22, 8.2584983576e-23, 5.54293430598e-23, 8.60380486392e-23, 1.55188756243e-22, 1.29632830979e-22, 1.19681306484e-22, 2.79943334493e-22, 3.11236626188e-22, 2.6463928147e-22, 3.49754722571e-22, 6.30142394013e-22, 6.94574129371e-22, 1.0366683436e-21, 1.33367172287e-21, 1.64265336807e-21, 2.07144604635e-21], "median": [0.000102753547253, 0.00275557255372, 0.00569849554449, 0.00308328820392, 0.00425330363214, 0.00239983550273, 0.000398292613681, 0.000211683218367, 0.000661624188069, 0.000491921091452, 0.000271902274108, 0.000709823798388, 0.000834112230223, 0.000832830788568, 0.000618623569608, 0.00146433757618, 0.00113162631169, 0.000376801501261, 0.000698035990354, 0.000177948182682, 0.000131546097691, 7.79193942435e-05, 7.0276997576e-05, 7.86541277193e-05, 5.03297269461e-05, 1.28611864056e-05, 3.0364250847e-07], "dvar2": [2.52058072192e-08, 0.00027199939359, 0.000279917265289, 5.94401244598e-05, 6.69137880323e-05, 2.40558765654e-05, 9.62329158938e-06, 7.94897061951e-07, 1.6097470