{"tonal": {"chords_key": "B", "hpcp_entropy": {"dmean": 0.700178205967, "dmean2": 1.18242299557, "max": 4.40153217316, "dvar": 0.318034559488, "mean": 2.13414168358, "dvar2": 0.84711432457, "min": 0, "var": 0.574894845486, "median": 2.13789105415}, "key_key": "E", "chords_strength": {"dmean": 0.012648196891, "dmean2": 0.0129996137694, "max": 0.815590798855, "dvar": 0.000101493766124, "mean": 0.520593822002, "dvar2": 0.000126239159727, "min": 0.216185078025, "var": 0.0103219337761, "median": 0.530099153519}, "key_scale": "minor", "chords_number_rate": 0.00163487740792, "thpcp": [1, 0.871528148651, 0.507493913174, 0.337899565697, 0.275636553764, 0.416816473007, 0.571465611458, 0.489684432745, 0.428148120642, 0.482970356941, 0.392093032598, 0.298233747482, 0.303187042475, 0.342456281185, 0.532548546791, 0.630972146988, 0.456236600876, 0.309842467308, 0.273836314678, 0.293787330389, 0.577553331852, 0.904584765434, 0.75306147337, 0.591614603996, 0.591615200043, 0.437969267368, 0.400888830423, 0.462176918983, 0.400320917368, 0.466930121183, 0.722116231918, 0.646710991859, 0.401465684175, 0.347634017467, 0.337180018425, 0.593034088612], "key_strength": 0.660248756409, "tuning_nontempered_energy_ratio": 0.786016762257, "tuning_frequency": 442.293365479, "chords_changes_rate": 0.0722070857882, "tuning_diatonic_strength": 0.514864146709, "chords_scale": "minor", "chords_histogram": [18.828338623, 7.16621255875, 19.2234325409, 10.1089916229, 0.640326976776, 4.41416883469, 1.5122616291, 6.59400558472, 0.504087209702, 7.67029953003, 0, 0.326975464821, 0, 0, 0.231607630849, 1.29427790642, 0.0681198909879, 0.0544959120452, 0.177111715078, 0.558583080769, 2.13896465302, 0.354223430157, 12.7384195328, 5.39509534836], "tuning_equal_tempered_deviation": 0.0846630036831, "hpcp": {"dmean": [0.132343947887, 0.119571834803, 0.100366458297, 0.0893841683865, 0.0955488309264, 0.142694592476, 0.163358464837, 0.176301345229, 0.149969756603, 0.134345129132, 0.123146705329, 0.12609231472, 0.134565442801, 0.11754835397, 0.117286168039, 0.134636625648, 0.142256364226, 0.109148047864, 0.0930591523647, 0.0983051806688, 0.129337176681, 0.159284561872, 0.163778021932, 0.149900883436, 0.11279591918, 0.0948898643255, 0.111594095826, 0.125621885061, 0.121032066643, 0.119555443525, 0.121203817427, 0.112371727824, 0.0992141664028, 0.101624444127, 0.110701061785, 0.123852394521], "dmean2": [0.232263326645, 0.209745049477, 0.181348800659, 0.162291586399, 0.173025965691, 0.251128435135, 0.281768798828, 0.30867639184, 0.266061931849, 0.237283945084, 0.220108374953, 0.228349551558, 0.240072339773, 0.209567159414, 0.206141322851, 0.23477421701, 0.247660845518, 0.192164599895, 0.165271788836, 0.176368460059, 0.223483636975, 0.272743940353, 0.28211325407, 0.267133265734, 0.204771623015, 0.172732681036, 0.19809281826, 0.220215812325, 0.215493008494, 0.214569017291, 0.214813500643, 0.20052215457, 0.180252745748, 0.184541091323, 0.199624925852, 0.218299627304], "max": [1, 1, 1, 1, 1, 1, 1, 1, 1, 1, 1, 1, 1, 1, 1, 1, 1, 1, 1, 1, 1, 1, 1, 1, 1, 1, 1, 1, 1, 1, 1, 1, 1, 1, 1, 1], "dvar": [0.0482256822288, 0.0374984741211, 0.03685978055, 0.0336628854275, 0.0320144854486, 0.0484469607472, 0.0595942623913, 0.0553697571158, 0.0486292503774, 0.0528182014823, 0.0421505309641, 0.0447579585016, 0.0487239323556, 0.038521181792, 0.035077419132, 0.0479452386498, 0.0451393164694, 0.0329094678164, 0.0313197858632, 0.0320825576782, 0.0350075513124, 0.057635512203, 0.0481669902802, 0.0517952442169, 0.0411475077271, 0.0364066958427, 0.0397918708622, 0.0442050620914, 0.0418652668595, 0.0425710044801, 0.048300743103, 0.040220592171, 0.0367738306522, 0.0371644832194, 0.0411092564464, 0.0441222712398], "mean": [0.165281042457, 0.119509644806, 0.081162199378, 0.0717305019498, 0.0769566074014, 0.151288151741, 0.23695294559, 0.197261929512, 0.154971465468, 0.15497161448, 0.114724583924, 0.105011485517, 0.121065698564, 0.104862719774, 0.122310779989, 0.18915592134, 0.169403776526, 0.105162590742, 0.0910615622997, 0.0883231759071, 0.155343294144, 0.261946648359, 0.22829388082, 0.13293632865, 0.0885116606951, 0.0722020715475, 0.109183676541, 0.149693503976, 0.128271192312, 0.112151965499, 0.126512467861, 0.102707453072, 0.0781213343143, 0.0794188305736, 0.089705273509, 0.139499306679], "dvar2": [0.120053529739, 0.0991674885154, 0.101727604866, 0.0924321487546, 0.08795376122, 0.132962048054, 0.145232200623, 0.149198964238, 0.126852273941, 0.126968547702, 0.115039996803, 0.122087158263, 0.129436761141, 0.104020044208, 0.0951919853687, 0.117322348058, 0.120837382972, 0.0895773395896, 0.0812150165439, 0.0850194767118, 0.0947526618838, 0.13611985743, 0.120058946311, 0.13917760551, 0.11163841933, 0.0997364372015, 0.106656335294, 0.112016253173, 0.112798549235, 0.115575239062, 0.119495399296, 0.106912098825, 0.0996693074703, 0.100083313882, 0.111993163824, 0.113443650305], "min": [0, 0, 0, 0, 0, 0, 0, 0, 0, 0, 0, 0, 0, 0, 0, 0, 0, 0, 0, 0, 0, 0, 0, 0, 0, 0, 0, 0, 0, 0, 0, 0, 0, 0, 0, 0], "var": [0.0766541138291, 0.0387252941728, 0.028117178008, 0.0258269570768, 0.0258698742837, 0.0562475211918, 0.109034322202, 0.0717603117228, 0.0600837357342, 0.0784830451012, 0.0425581037998, 0.0391951166093, 0.0479034669697, 0.0364852435887, 0.0391105040908, 0.0892922431231, 0.0642327293754, 0.0331965088844, 0.0369436852634, 0.0323649570346, 0.0469495989382, 0.124594800174, 0.0914354547858, 0.0487435162067, 0.0327618792653, 0.0274432394654, 0.040627785027, 0.0636168196797, 0.0488222278655, 0.0404557883739, 0.0588393695652, 0.0389948226511, 0.0278369635344, 0.0282401256263, 0.0322129614651, 0.0611043162644], "median": [0.0427244305611, 0.0349617227912, 0.017923431471, 0.0141031071544, 0.0165829360485, 0.0396741852164, 0.0664392337203, 0.0655537098646, 0.0390654280782, 0.023273030296, 0.0193033628166, 0.0213139634579, 0.0264694690704, 0.0248499810696, 0.0338642597198, 0.0483371540904, 0.0490090660751, 0.0297545045614, 0.0180722400546, 0.0184061564505, 0.0520211905241, 0.0686058402061, 0.0746988803148, 0.0342193543911, 0.0183791071177, 0.0119670880958, 0.0278560221195, 0.0377730205655, 0.0348139405251, 0.0274204574525, 0.0259520933032, 0.0226565934718, 0.0173525139689, 0.0169019885361, 0.0200353432447, 0.0310827307403]}}, "lowlevel": {"melbands_flatness_db": {"dmean": 0.0393080711365, "dmean2": 0.0583660267293, "max": 0.598090946674, "dvar": 0.00182455626782, "mean": 0.190489828587, "dvar2": 0.00403961027041, "min": 0.00909765530378, "var": 0.00625936174765, "median": 0.182010263205}, "melbands_crest": {"dmean": 3.45575809479, "dmean2": 5.51136398315, "max": 38.0642623901, "dvar": 11.2988862991, "mean": 15.8867855072, "dvar2": 26.8165225983, "min": 2.87032055855, "var": 31.6057434082, "median": 15.9639034271}, "spectral_entropy": {"dmean": 0.226486131549, "dmean2": 0.33432495594, "max": 9.80197429657, "dvar": 0.0535535290837, "mean": 7.71265363693, "dvar2": 0.115922600031, "min": 4.32247686386, "var": 0.178996250033, "median": 7.7361536026}, "melbands": {"dmean": [0.00160659407265, 0.00342570524663, 0.00122777058277, 0.000273227313301, 0.000326498819049, 0.000125951861264, 7.38827438909e-05, 0.000124280326418, 0.000117840783787, 9.18150399229e-05, 5.99228806095e-05, 4.771021122e-05, 5.18313281646e-05, 3.81466343242e-05, 4.14322967117e-05, 3.57643330062e-05, 3.39150647051e-05, 3.09891838697e-05, 2.63602087216e-05, 2.10187699849e-05, 1.70289149537e-05, 1.5765270291e-05, 1.51632893903e-05, 1.05895260276e-05, 9.93154753814e-06, 1.00043307611e-05, 7.39530514693e-06, 6.03460102866e-06, 4.58982685814e-06, 4.97398059451e-06, 4.06978188039e-06, 2.73225555247e-06, 2.11572637454e-06, 1.89342483736e-06, 1.63876984516e-06, 1.18575155739e-06, 8.95680841495e-07, 7.82637357588e-07, 8.06197817838e-07, 7.43400164538e-07], "dmean2": [0.00271383533254, 0.00610707746819, 0.00215582596138, 0.000484196702018, 0.0005661957548, 0.000199726753635, 0.000119293450553, 0.000203545656404, 0.00018845955492, 0.000143389595905, 9.25079657463e-05, 7.53182976041e-05, 7.6416079537e-05, 5.67918286833e-05, 6.25076936558e-05, 5.39545508218e-05, 5.29659628228e-05, 4.80618582515e-05, 4.03408521379e-05, 3.19287610182e-05, 2.60009255726e-05, 2.36266441789e-05, 2.3545775548e-05, 1.6686402887e-05, 1.50853566083e-05, 1.52373759192e-05, 1.15434440886e-05, 9.54630741035e-06, 7.32922580937e-06, 7.86913551565e-06, 6.40075722913e-06, 4.32008846474e-06, 3.31484579874e-06, 2.94844699056e-06, 2.62203866441e-06, 1.91995241039e-06, 1.43484851378e-06, 1.26025952341e-06, 1.28317412873e-06, 1.19138951504e-06], "max": [0.0293496288359, 0.0863243862987, 0.0297781620175, 0.00634773727506, 0.010835240595, 0.0143454484642, 0.0142585486174, 0.0118837719783, 0.00674121268094, 0.0100529035553, 0.0120669994503, 0.00833948422223, 0.00669319881126, 0.00815061666071, 0.0074981614016, 0.00579237565398, 0.00837918091565, 0.00458597810939, 0.00281918910332, 0.00149097142275, 0.00110734277405, 0.00094949954655, 0.000826316827442, 0.000453292159364, 0.000736693735234, 0.000671045680065, 0.000336708704708, 0.000322540494381, 0.000417571165599, 0.000432882079622, 0.000210285317735, 0.000198302863282, 8.78799110069e-05, 7.5690128142e-05, 8.93159231055e-05, 5.30502475158e-05, 3.61011843779e-05, 4.28237508459e-05, 0.000146672246046, 7.87208045949e-05], "dvar": [1.51355125126e-05, 7.4807976489e-05, 7.78204866947e-06, 3.185712103e-07, 8.55718042203e-07, 8.00546686719e-08, 1.11874641107e-07, 1.51740650267e-07, 1.03773039939e-07, 7.67178960359e-08, 4.83072497559e-08, 3.14051078476e-08, 2.54451641979e-08, 1.86922139989e-08, 1.75703807059e-08, 1.3850593561e-08, 1.8875654817e-08, 9.38344335566e-09, 5.31296384665e-09, 2.5859401287e-09, 1.29377353275e-09, 9.47877776269e-10, 1.00962571636e-09, 5.09532027682e-10, 5.09011832683e-10, 5.29798094284e-10, 2.83349232966e-10, 2.14790199515e-10, 1.44382769629e-10, 1.83249596053e-10, 1.08527034581e-10, 4.90565574274e-11, 2.49805696961e-11, 1.62497550138e-11, 1.14536774162e-11, 6.2433183623e-12, 3.02808624529e-12, 2.58296834442e-12, 5.55944960207e-12, 3.76642207006e-12], "mean": [0.00163082405925, 0.00403840746731, 0.00182005448733, 0.000326344423229, 0.000305752444547, 0.000161481220857, 9.842756117e-05, 0.000142368895467, 0.000153234708705, 0.000128298517666, 9.0760346211e-05, 6.56806005281e-05, 8.3068778622e-05, 6.22696024948e-05, 6.53893293929e-05, 5.157702617e-05, 4.80488779431e-05, 4.294664177e-05, 3.92976289731e-05, 3.17399062624e-05, 2.5794870453e-05, 2.50824959949e-05, 2.39494002017e-05, 1.64214579854e-05, 1.60011841217e-05, 1.52482143676e-05, 1.10358132588e-05, 8.90334831638e-06, 6.48022023597e-06, 7.1052390922e-06, 6.1938176259e-06, 4.05582659369e-06, 3.10375207846e-06, 2.86103613689e-06, 2.3479083211e-06, 1.61595414738e-06, 1.22281880977e-06, 1.03307172594e-06, 1.03000570562e-06, 8.63664013195e-07], "dvar2": [4.04182283091e-05, 0.000211407910683, 2.18315271923e-05, 8.82406141045e-07, 2.35792094827e-06, 2.09123328432e-07, 2.85013697976e-07, 3.69594459926e-07, 2.45452270065e-07, 1.90534379385e-07, 1.07442424735e-07, 7.85472238363e-08, 5.08926518705e-08, 3.52358391353e-08, 3.60116949594e-08, 2.95972348852e-08, 4.62952911562e-08, 2.26493455102e-08, 1.16208678236e-08, 5.75743186459e-09, 2.95003221851e-09, 2.09080952551e-09, 2.35851227437e-09, 1.2406019545e-09, 1.07011910444e-09, 1.16342269152e-09, 6.75224542945e-10, 5.19834231216e-10, 3.63104463164e-10, 4.57665655373e-10, 2.76956846346e-10, 1.2436811303e-10, 6.07915523476e-11, 3.83301723694e-11, 2.88162757545e-11, 1.58535250899e-11, 7.3247319668e-12, 6.19224029691e-12, 1.28483629985e-11, 8.92231254157e-12], "min": [1.21553013088e-23, 2.20894101221e-23, 1.53354891297e-23, 3.69890472908e-23, 2.83191630198e-23, 3.6522120521e-23, 8.27345957799e-24, 9.81072702349e-24, 1.21674576553e-23, 4.67749275623e-24, 5.78425711208e-24, 8.04301674149e-24, 8.19392031064e-24, 5.87573736695e-24, 1.30929334921e-23, 1.80560810651e-23, 1.31174867878e-23, 1.37544919687e-23, 1.63020661973e-23, 6.06065385731e-24, 7.23726237999e-24, 1.25819938058e-23, 9.31063811895e-24, 9.20823135168e-24, 9.77609129658e-24, 1.42002346678e-23, 8.39353288523e-24, 8.14311924606e-24, 1.12678667114e-23, 6.5962261198e-24, 5.67817109754e-24, 8.72577191066e-24, 1.09009840705e-23, 9.56386325839e-24, 7.45263324003e-24, 8.48965874198e-24, 8.95562389033e-24, 1.00991432479e-23, 9.07650025798e-24, 8.75634973707e-24], "var": [1.21374405353e-05, 5.5882774177e-05, 7.00797227182e-06, 2.59187345364e-07, 5.91332593558e-07, 7.97323522761e-08, 1.27303380282e-07, 1.72487659711e-07, 1.46376464727e-07, 1.06962410484e-07, 1.14841192556e-07, 3.77174380617e-08, 6.70436222094e-08, 5.13125115731e-08, 5.34876569702e-08, 2.996089421e-08, 2.51261713657e-08, 1.302000463e-08, 1.0402342987e-08, 5.70854474802e-09, 2.41484632291e-09, 2.07421257947e-09, 1.92082860728e-09, 8.38193403574e-10, 9.98515714556e-10, 9.85802883768e-10, 4.03844790942e-10, 3.25014876124e-10, 1.90896742858e-10, 2.31707639187e-10, 1.45117751149e-10, 5.74194823633e-11, 3.08123769555e-11, 2.25314801539e-11, 1.35748400368e-11, 7.02611319819e-12, 4.01903163527e-12, 3.64245265894e-12, 7.50577724973e-12, 4.92103580108e-12], "median": [0.000405358732678, 0.00121928425506, 0.0010083054658, 0.000151788306539, 9.47100488702e-05, 7.60116599849e-05, 2.9243867175e-05, 2.78309089481e-05, 3.31778937834e-05, 2.81930006167e-05, 1.94136955542e-05, 1.43131455843e-05, 1.44661371451e-05, 1.07562991616e-05, 1.20263284771e-05, 8.56122460391e-06, 8.25714960229e-06, 8.9167679107e-06, 8.37907100504e-06, 7.48377988202e-06, 7.87986573414e-06, 7.85321208241e-06, 7.53431140765e-06, 5.59304498893e-06, 4.86599401484e-06, 4.52148924523e-06, 3.77281276087e-06, 2.68586200036e-06, 1.90829678104e-06, 2.34903382079e-06, 2.37016547544e-06, 1.65529115748e-06, 1.3438161659e-06, 1.31936064918e-06, 1.17282456813e-06, 7.81718540566e-07, 5.71418468098e-07, 4.73822154845e-07, 4.20457013206e-07, 3.23368112731e-07]}, "silence_rate_60dB": {"dmean": 0.0607753619552, "dmean2": 0.121559008956, "max": 1, "dvar": 0.0570923425257, "mean": 0.143275648355, "dvar2": 0.123673602939, "min": 0, "var": 0.122737698257, "median": 0}, "spectral_energyband_middle_high": {"dmean": 0.00222504371777, "dmean2": 0.00311675784178, "max": 0.103060498834, "dvar": 1.43461002153e-05, "mean": 0.00493885716423, "dvar2": 2.83278041024e-05, "min": 1.60244524133e-21, "var": 4.59796465293e-05, "median": 0.00248882640153}, "erbbands_skewness": {"dmean": 0.418866366148, "dmean2": 0.62759155035, "max": 6.12486076355, "dvar": 0.183998048306, "mean": -0.0380476713181, "dvar2": 0.406172126532, "min": -6.80280542374, "var": 0.617728769779, "median": -0.0654433220625}, "dynamic_complexity": 4.02145528793, "dissonance": {"dmean": 0.015982080251, "dmean2": 0.0265776272863, "max": 0.499999970198, "dvar": 0.000245394912781, "mean": 0.470203638077, "dvar2": 0.000653796014376, "min": 0.230056330562, "var": 0.000559201056603, "median": 0.476067006588}, "spectral_skewness": {"dmean": 0.193331643939, "dmean2": 0.299501955509, "max": 6.36804962158, "dvar": 0.0361823029816, "mean": 1.33923387527, "dvar2": 0.0865408182144, "min": -0.0622952580452, "var": 0.174104720354, "median": 1.31592154503}, "spectral_kurtosis": {"dmean": 1.12027144432, "dmean2": 1.76238930225, "max": 59.1393928528, "dvar": 1.69118249416, "mean": 3.21552991867, "dvar2": 4.00977134705, "min": -1.18732309341, "var": 6.52550458908, "median": 2.83527994156}, "gfcc": {"cov": [[11525.8242188, 495.447692871, -455.587768555, 208.377441406, 289.355133057, 154.308990479, 109.877723694, 209.023742676, 3.19090032578, -0.484880208969, -145.465133667, -30.7154979706, -71.8713378906], [495.447692871, 1237.69433594, -21.9690113068, 178.261184692, 271.966949463, 63.7399291992, 131.857696533, 21.496465683, 83.2811203003, -112.340866089, 35.201915741, -79.0208053589, -10.8874187469], [-455.587768555, -21.9690113068, 1173.75280762, 309.044799805, 195.011428833, 127.962730408, 29.8841323853, 24.3249549866, -24.2598743439, -1.8504087925, -42.2678794861, -6.79290533066, -42.1602630615], [208.377441406, 178.261184692, 309.044799805, 641.261901855, 182.831451416, 118.977218628, 86.6570892334, 8.36114311218, 34.5402297974, -39.7375984192, -45.1962471008, -95.2283935547, 6.58468437195], [289.355133057, 271.966949463, 195.011428833, 182.831451416, 374.611022949, 121.230224609, 99.9696273804, 59.7121887207, 48.7019233704, -24.3061313629, -37.3473625183, -40.1306648254, -17.6222000122], [154.308990479, 63.7399291992, 127.962730408, 118.977218628, 121.230224609, 274.148742676, 145.535232544, 24.8607940674, -6.94197225571, -14.945397377, -26.6240730286, -45.3884429932, -38.7133140564], [109.877723694, 131.857696533, 29.8841323853, 86.6570892334, 99.9696273804, 145.535232544, 228.389923096, 51.1892051697, -11.9669981003, -21.1192874908, 3.14192390442, -26.4167232513, -31.7486763], [209.023742676, 21.496465683, 24.3249549866, 8.36114311218, 59.7121887207, 24.8607940674, 51.1892051697, 117.062774658, 50.2613639832, 10.7434663773, -3.08974695206, -2.96618437767, -15.9509010315], [3.19090032578, 83.2811203003, -24.2598743439, 34.5402297974, 48.7019233704, -6.94197225571, -11.9669981003, 50.2613639832, 139.462768555, 36.5185127258, -19.5133342743, -25.8469352722, 5.41323471069], [-0.484880208969, -112.340866089, -1.8504087925, -39.7375984192, -24.3061313629, -14.945397377, -21.1192874908, 10.7434663773, 36.5185127258, 94.810836792, 27.2334022522, 6.71239280701, -4.8310546875], [-145.465133667, 35.201915741, -42.2678794861, -45.1962471008, -37.3473625183, -26.6240730286, 3.14192390442, -3.08974695206, -19.5133342743, 27.2334022522, 105.878135681, 47.743522644, 1.2323769331], [-30.7154979706, -79.0208053589, -6.79290533066, -95.2283935547, -40.1306648254, -45.3884429932, -26.4167232513, -2.96618437767, -25.8469352722, 6.71239280701, 47.743522644, 109.093688965, 41.5125694275], [-71.8713378906, -10.8874187469, -42.1602630615, 6.58468437195, -17.6222000122, -38.7133140564, -31.7486763, -15.9509010315, 5.41323471069, -4.8310546875, 1.2323769331, 41.5125694275, 99.5128860474]], "mean": [-11.856294632, 61.4922561646, -103.958351135, 41.5238838196, -50.9766578674, 17.7219600677, -34.3543281555, 10.9993896484, -25.4678535461, 2.57001304626, -21.9282455444, 0.369678974152, -16.6241264343], "icov": [[0.000108578053187, -0.0001082605595, 0.000106595427496, -0.000106328334368, -1.73871321749e-05, -6.32156952634e-05, 0.000118207448395, -0.000294032768579, 0.000311510491883, -0.00033755748882, 0.000427057500929, -0.000302878121147, 0.000169407911017], [-0.0001082605595, 0.00165562005714, -0.000121019140352, 0.000294242607197, -0.000953791779466, 0.000384272861993, -0.000720301410183, 0.0011009167647, -0.00200878689066, 0.00302863004617, -0.00277720764279, 0.00183122127783, -0.000513754086569], [0.000106595427496, -0.000121019140352, 0.00128875079099, -0.000756495457608, -0.000421673816163, -0.000412154389778, 0.000630431808531, -0.000548712967429, 0.000965426792391, -0.000953318318352, 0.00114720803685, -0.00142997538205, 0.00102149287704], [-0.000106328334368, 0.000294242607197, -0.000756495457608, 0.00269120745361, -0.00063802790828, -0.000110393710202, -0.00067227735417, 0.000843865680508, -0.00110355520155, 0.00160345272161, -0.00161863071844, 0.00314897974022, -0.00193403277081], [-1.73871321749e-05, -0.000953791779466, -0.000421673816163, -0.00063802790828, 0.0046470509842, -0.00101983954664, -0.000404355640057, -0.00138070108369, -0.00035453386954, -0.000592515047174, 0.00175549590494, -0.00102901423816, 0.000220558154979], [-6.32156952634e-05, 0.000384272861993, -0.000412154389778, -0.000110393710202, -0.00101983954664, 0.00656162993982, -0.00386898685247, 0.00112734024879, -9.64827340795e-05, 4.010462726e-05, 0.000486813572934, 0.00108368461952, 0.000696570787113], [0.000118207448395, -0.000720301410183, 0.000630431808531, -0.00067227735417, -0.000404355640057, -0.00386898685247, 0.00864788237959, -0.00398839870468, 0.00278918980621, -0.000354698917363, -0.000413017114624, -0.000250565703027, 0.000801818212494], [-0.000294032768579, 0.0011009167647, -0.000548712967429, 0.000843865680508, -0.00138070108369, 0.00112734024879, -0.00398839870468, 0.0140268718824, -0.00688627036288, 0.00230839033611, -0.00182448816486, -0.000803028291557, 0.0016339920694], [0.000311510491883, -0.00200878689066, 0.000965426792391, -0.00110355520155, -0.00035453386954, -9.64827340795e-05, 0.00278918980621, -0.00688627036288, 0.0148216560483, -0.00890067778528, 0.00555462995544, 0.000127179941046, -0.00118720612954], [-0.00033755748882, 0.00302863004617, -0.000953318318352, 0.00160345272161, -0.000592515047174, 4.010462726e-05, -0.000354698917363, 0.00230839033611, -0.00890067778528, 0.0203071106225, -0.0101834824309, 0.00452019460499, -0.000544402515516], [0.000427057500929, -0.00277720764279, 0.00114720803685, -0.00161863071844, 0.00175549590494, 0.000486813572934, -0.000413017114624, -0.00182448816486, 0.00555462995544, -0.0101834824309, 0.0199350863695, -0.0109065566212, 0.00418010586873], [-0.000302878121147, 0.00183122127783, -0.00142997538205, 0.00314897974022, -0.00102901423816, 0.00108368461952, -0.000250565703027, -0.000803028291557, 0.000127179941046, 0.00452019460499, -0.0109065566212, 0.0211053546518, -0.00925856363028], [0.000169407911017, -0.000513754086569, 0.00102149287704, -0.00193403277081, 0.000220558154979, 0.000696570787113, 0.000801818212494, 0.0016339920694, -0.00118720612954, -0.000544402515516, 0.00418010586873, -0.00925856363028, 0.0153522733599]]}, "spectral_complexity": {"dmean": 4.84731197357, "dmean2": 6.73098945618, "max": 58, "dvar": 33.9274024963, "mean": 15.3785257339, "dvar2": 61.7744750977, "min": 0, "var": 115.339523315, "median": 14}, "spectral_flux": {"dmean": 0.0432647801936, "dmean2": 0.0670394003391, "max": 0.473723351955, "dvar": 0.00383347109891, "mean": 0.0920408442616, "dvar2": 0.00706449244171, "min": 1.04041393556e-10, "var": 0.00626968033612, "median": 0.0668115466833}, "spectral_energyband_low": {"dmean": 0.0144004784524, "dmean2": 0.0248559396714, "max": 0.307716399431, "dvar": 0.00117970129941, "mean": 0.0180530492216, "dvar2": 0.00326596340165, "min": 1.17190285693e-22, "var": 0.000945437524933, "median": 0.0080373827368}, "spectral_decrease": {"dmean": 4.75256989318e-09, "dmean2": 7.88284815201e-09, "max": 1.44765220296e-21, "dvar": 9.09068978567e-17, "mean": -7.39514227632e-09, "dvar2": 2.47101692389e-16, "min": -8.42682439384e-08, "var": 8.49861904949e-17, "median": -4.84621054397e-09}, "barkbands_spread": {"dmean": 9.45050525665, "dmean2": 14.7373504639, "max": 116.267311096, "dvar": 116.26259613, "mean": 28.3189926147, "dvar2": 265.127288818, "min": 0.532097220421, "var": 286.925292969, "median": 26.3697891235}, "spectral_rms": {"dmean": 0.00139906059485, "dmean2": 0.00211161281914, "max": 0.0177618898451, "dvar": 4.3375007408e-06, "mean": 0.00460602110252, "dvar2": 1.08736958282e-05, "min": 3.24970714401e-12, "var": 7.77403511165e-06, "median": 0.00441168248653}, "spectral_centroid": {"dmean": 382.255249023, "dmean2": 574.64074707, "max": 10923.7783203, "dvar": 176351.625, "mean": 1616.7689209, "dvar2": 367617.71875, "min": 140.56930542, "var": 619464.9375, "median": 1571.92724609}, "barkbands_skewness": {"dmean": 0.954188585281, "dmean2": 1.43344986439, "max": 13.5288200378, "dvar": 1.35009145737, "mean": 1.87399983406, "dvar2": 3.07075452805, "min": -4.64673233032, "var": 3.65301561356, "median": 1.37410247326}, "spectral_rolloff": {"dmean": 921.187805176, "dmean2": 1497.70153809, "max": 19164.5507812, "dvar": 2340077.25, "mean": 1965.92114258, "dvar2": 5164433, "min": 21.533203125, "var": 4578766.5, "median": 1378.125}, "erbbands_spread": {"dmean": 13.7215843201, "dmean2": 20.7866592407, "max": 180.220581055, "dvar": 211.633575439, "mean": 51.2214851379, "dvar2": 464.109008789, "min": 1.00108575821, "var": 671.895751953, "median": 46.6113014221}, "barkbands": {"dmean": [0.000164920973475, 0.0072618862614, 0.00667344219983, 0.00201267935336, 0.00155018735677, 0.000754393113311, 0.000396811548853, 0.000706248683855, 0.000628011010122, 0.000393174821511, 0.000354730058461, 0.00033856954542, 0.000374457769794, 0.000370292633306, 0.00036452623317, 0.000281854241621, 0.000275303755188, 0.00022990629077, 0.000250063661952, 0.000184787961189, 0.000185813434655, 0.000118708347145, 9.43156992435e-05, 6.76538838889e-05, 8.20214554551e-05, 5.58662577532e-05, 9.32395687414e-06], "dmean2": [0.000264916161541, 0.0126685090363, 0.0118459733203, 0.00355794234201, 0.00273375818506, 0.0012097019935, 0.000632633047644, 0.00116976792924, 0.000975791306701, 0.000614898104686, 0.00052828178741, 0.00050647550961, 0.000565074791666, 0.000576819467824, 0.000560735177714, 0.000427565857535, 0.00041293472168, 0.000356783246389, 0.000377246557036, 0.000289395684376, 0.000289736199193, 0.000182977484656, 0.000147033963003, 0.000106942614366, 0.000132114000735, 9.39082237892e-05, 1.54481313075e-05], "max": [0.00482617225498, 0.153350919485, 0.149966567755, 0.0477621033788, 0.0415327437222, 0.0607413910329, 0.0957152396441, 0.0562877319753, 0.0624925978482, 0.0804704278708, 0.0401392765343, 0.0643762871623, 0.0643583759665, 0.0730133801699, 0.0265149101615, 0.0159992575645, 0.0105345025659, 0.00910138804466, 0.0143529362977, 0.00970433000475, 0.0119040813297, 0.00728902965784, 0.00363761582412, 0.00398747622967, 0.0070602777414, 0.00169672677293, 0.000253706675721], "dvar": [1.06301470737e-07, 0.000332622090355, 0.000272897799732, 1.93962623598e-05, 1.44757987073e-05, 2.59883154285e-06, 3.16161936098e-06, 4.7344919949e-06, 3.20257800013e-06, 2.24328914555e-06, 1.18371247027e-06, 1.31045680973e-06, 1.54009001108e-06, 2.0199604478e-06, 9.201287412e-07, 4.02760434781e-07, 2.42210177248e-07, 2.2318907611e-07, 2.87851293024e-07, 1.80361851676e-07, 2.21746120133e-07, 8.12121498939e-08, 3.60694087931e-08, 1.72542886645e-08, 4.04908462315e-08, 1.45691281261e-08, 3.49412415668e-10], "mean": [0.000182601695997, 0.00725466804579, 0.00865295156837, 0.00287931831554, 0.00158236373682, 0.000928003748413, 0.000518243294209, 0.000786952208728, 0.000896980345715, 0.00053447188111, 0.000557591032702, 0.000547453819308, 0.000538361258805, 0.000522469636053, 0.000537921616342, 0.000427263963502, 0.000451099971542, 0.000366268010112, 0.000400793273002, 0.000281961663859, 0.000286530586891, 0.000186728590052, 0.000142075441545, 9.51850452111e-05, 9.31553295231e-05, 5.41462068213e-05, 8.64066532813e-06], "dvar2": [2.5383357638e-07, 0.000915404001717, 0.000770584039856, 5.4432421166e-05, 3.99405871576e-05, 6.78761080053e-06, 7.62785566621e-06, 1.19659589473e-05, 7.84125768405e-06, 5.17940861755e-06, 2.39209066422e-06, 2.55665099758e-06, 3.13434088639e-06, 5.02748707731e-06, 2.0516317818e-06, 8.89762930001e-07, 5.25472273694e-07, 5.33246918621e-07, 6.13847475961e-07, 4.36238678958e-07, 5.47893478142e-07, 1.98177616539e-07, 8.75666756883e-08, 3.99464781253e-08, 9.51850438469e-08, 3.86850906864e-08, 8.76115624493e-10], "min": [1.83315986249e-23, 4.26171186211e-23, 4.83729822626e-23, 2.6952322662e-23, 1.49051229074e-22, 1.86306958682e-22, 2.75548861758e-23, 7.11586489083e-23, 3.81660309168e-23, 3.71430329395e-23, 6.25575785518e-23, 5.34507158264e-23, 1.81373359472e-22, 1.82289031345e-22, 1.67185386858e-22, 7.62843262825e-23, 2.10870850337e-22, 1.88308544923e-22, 3.26343956233e-22, 2.82264630282e-22, 2.98015721313e-22, 4.91974050174e-22, 5.08034702846e-22, 7.45331232305e-22, 1.2697240578e-21, 1.67368384918e-21, 2.68436082891e-21], "var": [1.20622601685e-07, 0.00024805314024, 0.000231072379393, 1.80554943654e-05, 1.04034816104e-05, 2.53889311352e-06, 3.84506438422e-06, 4.9678205869e-06, 4.90436332257e-06, 4.0035965867e-06, 3.03919091493e-06, 3.72782687919e-06, 4.13085444961e-06, 2.61238437815e-06, 1.77858112238e-06, 8.43275472562e-07, 5.98322571932e-07, 3.84795185937e-07, 5.69239318793e-07, 2.625607749e-07, 3.04563570808e-07, 1.04969117842e-07, 4.71809258329e-08, 2.62407766627e-08, 5.2530694461e-08, 1.21062351255e-08, 3.2666597205e-10], "median": [4.03302910854e-05, 0.00164128141478, 0.00197158125229, 0.00138698809315, 0.00058548420202, 0.000415569898905, 0.000125719467178, 0.000143919853144, 0.000198396170163, 0.000113538582809, 8.30781646073e-05, 9.03932523215e-05, 8.27637413749e-05, 9.35788120842e-05, 0.000112581292342, 0.000115494527563, 0.000148456019815, 0.000125862716231, 0.000126756262034, 9.27448782022e-05, 0.000101651952718, 8.25320894364e-05, 7.17125149094e-05, 4.5358287025e-05, 3.44814870914e-05, 1.78088521352e-05, 1.89435058928e-06]}, "melbands_kurtosis": {"dmean": 21.3212356567, "dmean2": 33.6900520325, "max": 712.001281738, "dvar": 1563.10595703, "mean": 30.4380187988, "dvar2": 3653.51806641, "min": -1.91289973259, "var": 2954.30053711, "median": 9.59672546387}, "erbbands_crest": {"dmean": 2.52855467796, "dmean2": 4.08139896393, "max": 33.6253356934, "dvar": 6.2346906662, "mean": 8.10519695282, "dvar2": 15.1118440628, "min": 2.35614848137, "var": 16.5503158569, "median": 7.10480117798}, "melbands_skewness": {"dmean": 1.40078043938, "dmean2": 2.10224342346, "max": 21.2487220764, "dvar": 2.77116560936, "mean": 3.72251343727, "dvar2": 6.15747261047, "min": -2.46527647972, "var": 8.4120464325, "median": 2.92328262329}, "spectral_energyband_middle_low": {"dmean": 0.00480257160962, "dmean2": 0.00793080963194, "max": 0.09973731637, "dvar": 6.82353565935e-05, "mean": 0.00780151691288, "dvar2": 0.000178219896043, "min": 5.05173800955e-22, "var": 7.87524622865e-05, "median": 0.00530846463516}, "spectral_contrast_coeffs": {"dmean": [0.0548263043165, 0.0536765828729, 0.0458415858448, 0.0403297618032, 0.0319795943797, 0.0243325624615], "dmean2": [0.0898791179061, 0.0855014771223, 0.0709278583527, 0.0600060373545, 0.0474236086011, 0.0368119888008], "max": [-0.303809940815, -0.415753304958, -0.386605888605, -0.434886187315, -0.538138687611, -0.603080630302], "dvar": [0.0024728695862, 0.00202993792482, 0.00150163343642, 0.00116423005238, 0.000822466798127, 0.000474750850117], "mean": [-0.63114207983, -0.737017214298, -0.753477632999, -0.759670674801, -0.769978106022, -0.765072584152], "dvar2": [0.00640573864803, 0.00497717875987, 0.00328789884225, 0.00240250537172, 0.00161736283917, 0.00108492432628], "min": [-0.947372615337, -0.976382374763, -0.96233433485, -0.959895908833, -0.958222389221, -0.959900975227], "var": [0.00639305310324, 0.00615114625543, 0.0068954625167, 0.00555437244475, 0.00399752706289, 0.00208883127198], "median": [-0.627479732037, -0.74220341444, -0.764766037464, -0.769360661507, -0.781208395958, -0.764761447906]}, "spectral_contrast_valleys": {"dmean": [0.534397721291, 0.517248213291, 0.483543276787, 0.457369834185, 0.421212852001, 0.447197079659], "dmean2": [0.81557905674, 0.782173573971, 0.707358777523, 0.647709846497, 0.577793717384, 0.604978740215], "max": [-4.91805791855, -4.36682796478, -4.99345684052, -5.61687994003, -5.34886169434, -7.63023948669], "dvar": [0.284045875072, 0.220777630806, 0.180476650596, 0.167217761278, 0.160714715719, 0.192364349961], "mean": [-7.59717655182, -7.34759044647, -7.93492984772, -8.15548419952, -7.77871227264, -9.8985118866], "dvar2": [0.570660948753, 0.480554223061, 0.365516841412, 0.325593143702, 0.309042185545, 0.387976229191], "min": [-27.5676307678, -27.1812000275, -27.1466445923, -27.2003326416, -27.3248519897, -27.2728786469], "var": [1.92841517925, 1.25213837624, 1.29811060429, 1.26124787331, 1.18871283531, 1.07535123825], "median": [-7.24930047989, -7.22274637222, -7.82270717621, -8.03759384155, -7.66772651672, -9.77945137024]}, "silence_rate_20dB": {"dmean": 0, "dmean2": 0, "max": 1, "dvar": 0, "mean": 1, "dvar2": 0, "min": 1, "var": 0, "median": 1}, "silence_rate_30dB": {"dmean": 0.0448320508003, "dmean2": 0.0896702110767, "max": 1, "dvar": 0.0428252853453, "mean": 0.967706799507, "dvar2": 0.107803277671, "min": 0, "var": 0.0312470085919, "median": 1}, "spectral_strongpeak": {"dmean": 0.409736692905, "dmean2": 0.688006103039, "max": 13.0267887115, "dvar": 0.676754772663, "mean": 0.733580231667, "dvar2": 1.61667227745, "min": 0, "var": 1.15391147137, "median": 0.457244038582}, "spectral_spread": {"dmean": 998646.3125, "dmean2": 1461928.875, "max": 40915276, "dvar": 1334953902080.0, "mean": 5605639, "dvar2": 2890600022020.0, "min": 1568023.625, "var": 3210875502590.0, "median": 5234370.5}, "barkbands_flatness_db": {"dmean": 0.0305921006948, "dmean2": 0.0468124561012, "max": 0.454496532679, "dvar": 0.00105773285031, "mean": 0.12130676955, "dvar2": 0.00244718650356, "min": 0.0135276820511, "var": 0.0030511720106, "median": 0.111955657601}, "pitch_salience": {"dmean": 0.0815318375826, "dmean2": 0.128605738282, "max": 0.890793979168, "dvar": 0.00547401932999, "mean": 0.504438340664, "dvar2": 0.0133159942925, "min": 0.0971490740776, "var": 0.0155413998291, "median": 0.503924608231}, "erbbands_kurtosis": {"dmean": 0.951657235622, "dmean2": 1.48616158962, "max": 85.9021759033, "dvar": 3.0707321167, "mean": 0.195396393538, "dvar2": 6.85424613953, "min": -1.8856190443, "var": 5.64425516129, "median": -0.330538034439}, "average_loudness": 0.931033194065, "barkbands_crest": {"dmean": 2.71030044556, "dmean2": 4.27720403671, "max": 25.6254177094, "dvar": 6.45383644104, "mean": 10.4065361023, "dvar2": 15.3930912018, "min": 1.96997714043, "var": 18.4544315338, "median": 10.0036382675}, "hfc": {"dmean": 9.44990348816, "dmean2": 13.7683343887, "max": 212.617050171, "dvar": 207.900436401, "mean": 19.879447937, "dvar2": 469.1847229, "min": 1.20579256092e-16, "var": 421.783996582, "median": 13.4190120697}, "barkbands_kurtosis": {"dmean": 6.93136405945, "dmean2": 11.2657794952, "max": 304.060302734, "dvar": 221.576980591, "mean": 7.57939052582, "dvar2": 545.104125977, "min": -1.9089063406, "var": 309.993652344, "median": 1.11983275414}, "erbbands": {"dmean": [0.134441614151, 1.95636558533, 7.1957616806, 7.75707006454, 3.79634380341, 5.41978359222, 9.12139511108, 5.63760089874, 4.59656381607, 10.1157665253, 14.6246347427, 14.9084749222, 12.00689888, 11.6088476181, 14.3654899597, 14.3760700226, 17.6961975098, 17.6101856232, 18.6370296478, 16.754108429, 13.9659671783, 14.3075532913, 12.1755838394, 11.763012886, 11.9093437195, 9.12505340576, 7.32117938995, 7.16709661484, 4.39510440826, 3.36116957664, 2.59096956253, 1.55223011971, 1.12110209465, 0.885916113853, 0.612959623337, 0.283624500036, 0.0956995636225, 0.0206303298473, 0.00138505606446, 4.0532915591e-05], "dmean2": [0.215349763632, 3.51383471489, 12.846493721, 13.6290235519, 6.72808265686, 9.66504859924, 15.6988010406, 8.95817661285, 7.42333459854, 16.3378372192, 23.6697330475, 23.2039432526, 18.4706420898, 18.0342483521, 21.1058311462, 21.3367595673, 26.3863830566, 27.2461643219, 28.6696453094, 25.3124866486, 20.9254550934, 21.2666797638, 18.6251296997, 17.6997661591, 18.183549881, 14.2478380203, 11.4760494232, 11.204864502, 6.83485937119, 5.17449188232, 4.09733486176, 2.46779727936, 1.77776896954, 1.40348184109, 1.0122718811, 0.479036718607, 0.161970824003, 0.0341641120613, 0.0022795854602, 6.48534623906e-05], "max": [2.68441557884, 43.782283783, 185.724365234, 201.587051392, 116.630767822, 182.831359863, 320.125701904, 647.174743652, 735.134338379, 1334.74938965, 941.062072754, 1688.28088379, 2238.20336914, 2050.81079102, 1840.91369629, 3332.62866211, 3474.18334961, 4033.15014648, 1784.12878418, 1049.19677734, 802.40057373, 690.93359375, 510.102996826, 776.703125, 610.551147461, 442.636383057, 639.779663086, 384.9140625, 278.33026123, 136.711837769, 120.136550903, 65.7135772705, 98.6748886108, 121.71534729, 46.7436485291, 12.5927152634, 3.19062709808, 0.562852919102, 0.0424363575876, 0.000650236092042], "dvar": [0.0944426059723, 25.6038379669, 330.934844971, 314.485473633, 68.8428344727, 197.99546814, 636.739440918, 163.915679932, 405.881561279, 1037.99108887, 1731.0892334, 1862.19091797, 1820.3416748, 1651.48706055, 1917.41052246, 2683.32617188, 3627.03295898, 4304.80322266, 2774.91503906, 1577.97412109, 852.669372559, 696.630371094, 608.003601074, 621.05090332, 707.575073242, 446.907470703, 347.308959961, 338.318511963, 120.608261108, 55.1261978149, 27.9477214813, 9.02658081055, 5.60257911682, 5.45121335983, 2.30041193962, 0.408510804176, 0.0441915914416, 0.00167498318478, 7.5151378951e-06, 4.04377464847e-09], "mean": [0.142005175352, 1.9191185236, 8.80425453186, 11.2825956345, 5.38076162338, 5.3360004425, 8.59733009338, 7.22820568085, 6.1815495491, 12.2799825668, 18.2966690063, 20.9369487762, 18.8273563385, 17.22224617, 23.713640213, 24.8130016327, 27.5001392365, 26.3062343597, 27.6516475677, 26.9573326111, 22.6547088623, 24.3313560486, 20.7164669037, 19.9642448425, 18.6850566864, 14.3519630432, 11.0036535263, 11.1154356003, 6.85775995255, 5.26814222336, 3.81481790543, 2.196413517, 1.51946365833, 1.07815551758, 0.643202841282, 0.280410587788, 0.0896077081561, 0.0197762697935, 0.00129762769211, 5.78411563765e-05], "dvar2": [0.230339482427, 72.0511856079, 936.00012207, 880.3125, 193.74331665, 551.354919434, 1738.69445801, 430.906829834, 1046.21765137, 2405.29467773, 4181.94189453, 4602.01464844, 4083.87353516, 4132.00537109, 3857.44018555, 5084.390625, 7275.91113281, 10547.3779297, 6479.54589844, 3428.4621582, 1907.28479004, 1502.34399414, 1444.13916016, 1305.6842041, 1626.11010742, 1061.7310791, 855.401672363, 856.662719727, 301.926849365, 130.03616333, 69.3520736694, 21.7689399719, 12.8127746582, 12.7091083527, 5.60325813293, 1.07067024708, 0.118532136083, 0.00430951919407, 1.87725599972e-05, 1.01889288118e-08], "min": [1.23208461363e-21, 1.00973339607e-20, 5.0370006641e-20, 8.38579613758e-20, 2.08214918187e-19, 7.60635534936e-19, 7.9880118311e-19, 1.74516456326e-18, 5.57306785552e-19, 7.08883238405e-19, 1.56092455747e-18, 7.42785287509e-19, 1.15098883854e-18, 2.01051479798e-18, 2.08542199951e-18, 2.81151121504e-18, 8.0356311714e-18, 7.68661885554e-18, 8.72864639731e-18, 7.9325545409e-18, 5.74587653543e-18, 1.09201100562e-17, 1.04284992474e-17, 1.25464166237e-17, 1.57521195189e-17, 1.25907733568e-17, 1.59927992986e-17, 1.03533507159e-17, 1.59093533184e-17, 1.83692362589e-17, 1.42113384637e-17, 1.42551078986e-17, 1.39987464288e-17, 1.06684519354e-17, 1.08716802857e-17, 6.60679288209e-18, 3.07079842267e-18, 1.31290582453e-18, 3.65694661804e-19, 4.10441397706e-20], "var": [0.0903915911913, 17.7119522095, 259.940765381, 291.054046631, 60.9772338867, 138.31288147, 456.316802979, 159.746337891, 463.847320557, 1323.36083984, 2230.50390625, 2593.6862793, 4407.94677734, 2106.38745117, 4814.84521484, 7883.24804688, 9621.6640625, 6040.49804688, 4429.59423828, 3612.86767578, 1772.28466797, 1598.5279541, 1093.28674316, 1277.53686523, 1168.06408691, 712.597473145, 473.527832031, 444.411010742, 146.40145874, 74.4062576294, 34.4233436584, 12.0350294113, 8.65170478821, 7.3620724678, 2.6269338131, 0.363496482372, 0.0346872806549, 0.00149418215733, 7.19262425264e-06, 4.38988978502e-09], "median": [0.0338960550725, 0.462729632854, 2.28282475471, 5.21151828766, 3.0020070076, 1.77935051918, 2.52803564072, 3.42692160606, 2.06585073471, 2.56729006767, 3.98876476288, 4.80760574341, 4.61391544342, 4.30712890625, 4.93947315216, 4.79620456696, 5.28259420395, 5.25324296951, 6.53171682358, 6.64839887619, 7.31409168243, 8.80061531067, 8.06426811218, 6.79871606827, 6.81506443024, 4.78912973404, 3.60425281525, 4.31170654297, 2.98169851303, 2.5080704689, 1.92323279381, 1.0559951067, 0.696585834026, 0.425909280777, 0.218116179109, 0.0942124724388, 0.0284286364913, 0.00558286346495, 0.000293428136501, 3.81565114367e-05]}, "spectral_energy": {"dmean": 0.0186336059123, "dmean2": 0.0306930411607, "max": 0.323371827602, "dvar": 0.00133412727155, "mean": 0.0297141652554, "dvar2": 0.00361443660222, "min": 1.08246115117e-20, "var": 0.00128329056315, "median": 0.0199495181441}, "zerocrossingrate": {"dmean": 0.0173486731946, "dmean2": 0.020169781521, "max": 0.513671875, "dvar": 0.000406837614719, "mean": 0.0761664882302, "dvar2": 0.000472350220662, "min": 0.005859375, "var": 0.00240005785599, "median": 0.06396484375}, "spectral_energyband_high": {"dmean": 0.000618264777586, "dmean2": 0.000940921891015, "max": 0.0229019522667, "dvar": 1.54245822159e-06, "mean": 0.0009