{"lowlevel": {"erbbands": {"mean": [0.00588298542425, 0.217056065798, 2.74383234978, 6.99829864502, 4.92929983139, 13.3354721069, 16.7324428558, 13.3079214096, 8.91112136841, 29.018289566, 48.1342964172, 18.5480556488, 5.04730129242, 3.82388544083, 4.74937820435, 7.3549747467, 11.3027610779, 16.7562065125, 23.4683322906, 22.9678325653, 22.005273819, 34.2028846741, 49.6511497498, 59.0416679382, 37.3369178772, 16.7846946716, 10.7185821533, 3.09303689003, 1.41876423359, 0.434203505516, 0.186937794089, 0.0884385332465, 0.0278151948005, 0.0123570142314, 0.00637470977381, 0.00293262954801, 0.0010715223616, 0.000223737879423, 1.6788881112e-05, 2.41932375502e-05], "dvar": [5.28277596459e-05, 0.0313402675092, 5.74953079224, 45.0896148682, 15.8216075897, 283.150024414, 195.667312622, 173.168563843, 112.140815735, 876.647338867, 1839.76953125, 532.544494629, 84.7127609253, 20.4158210754, 76.0744171143, 245.246124268, 676.727905273, 1075.04370117, 1763.57714844, 2261.88427734, 969.661437988, 1757.81811523, 2028.08984375, 2841.88793945, 5628.32177734, 383.555267334, 158.036865234, 8.01946640015, 2.15530443192, 0.205784842372, 0.154540032148, 0.261966079473, 0.0107057802379, 0.000644557585474, 0.000217095250264, 5.506000889e-05, 3.60401259059e-06, 1.05504589953e-07, 1.8029280846e-10, 4.48745936243e-11], "min": [1.67908955324e-22, 5.66322380529e-21, 7.48748703964e-20, 8.04875170348e-20, 2.80476136954e-19, 1.32961864692e-19, 1.21442004644e-19, 4.0413969023e-19, 1.79897266211e-18, 2.92532196155e-18, 1.09311979987e-18, 1.31364491041e-18, 2.55737258634e-18, 1.49126157763e-18, 5.99421766202e-18, 8.31521408254e-18, 5.32029790054e-18, 2.61458949649e-18, 3.16259603192e-18, 6.42377834438e-18, 5.87035480991e-18, 1.17452285075e-17, 9.55942689989e-18, 9.85739803605e-18, 1.59084864331e-17, 2.28428027195e-17, 1.62766430171e-17, 1.67264373644e-17, 1.94321054434e-17, 2.16525377945e-17, 1.98847105504e-17, 1.2618789137e-17, 2.040772858e-17, 1.07444847229e-17, 9.2735317735e-18, 5.52195378053e-18, 3.04180098591e-18, 1.37454928833e-18, 3.70579602761e-19, 3.50739346189e-20], "dmean": [0.00326742092147, 0.0973072499037, 1.15880846977, 2.84616541862, 2.44934654236, 8.73267269135, 9.41881561279, 7.24020290375, 4.92012500763, 15.3228807449, 20.0141601563, 8.05447864532, 2.61521649361, 2.17166090012, 2.7182059288, 3.99466085434, 6.2372713089, 8.52356910706, 10.5188417435, 10.4679965973, 10.8852405548, 16.9759578705, 22.4241065979, 25.5963020325, 17.5176486969, 7.37687492371, 4.53206682205, 1.35660481453, 0.634609162807, 0.196903303266, 0.0913444086909, 0.0629135891795, 0.0171883236617, 0.00661813933402, 0.00330851436593, 0.00146173383109, 0.000509274832439, 9.98714094749e-05, 4.52705853604e-06, 5.49784272152e-06], "dmean2": [0.00550164282322, 0.15278711915, 1.72789180279, 4.02818441391, 3.81766343117, 14.2588129044, 14.8625564575, 11.1390590668, 7.74834918976, 23.4140586853, 29.911283493, 11.9368047714, 4.03371524811, 3.23799276352, 4.21652555466, 5.88640642166, 9.24518585205, 12.6094465256, 15.2905378342, 15.9114274979, 15.8318634033, 25.3943920135, 32.8317146301, 36.7865791321, 25.0855007172, 10.4810018539, 6.6057138443, 2.02966499329, 0.944232285023, 0.290007144213, 0.139979913831, 0.0999753028154, 0.0265465192497, 0.0100690182298, 0.00509741343558, 0.00219037476927, 0.000759224349167, 0.00014966224262, 6.51311211186e-06, 7.98300970928e-06], "dvar2": [0.000150542036863, 0.0762569159269, 10.9194459915, 80.7780532837, 37.8336982727, 737.491516113, 487.310516357, 404.740570068, 280.014709473, 2028.88928223, 4174.37646484, 1197.99694824, 220.769424438, 43.1430091858, 199.33605957, 464.795166016, 1366.02001953, 2314.18896484, 3847.4609375, 5272.08984375, 1938.93371582, 4358.02294922, 4137.82714844, 5993.33447266, 11088.6533203, 839.306518555, 335.915740967, 18.5967140198, 4.60264730453, 0.430341362953, 0.371550828218, 0.673173606396, 0.0270643197, 0.00157419941388, 0.000554911093786, 0.000123319536215, 8.45407248562e-06, 2.36968347167e-07, 3.53158530197e-10, 9.1877741526e-11], "max": [0.279557436705, 3.56316709518, 67.8698501587, 187.429199219, 73.3622894287, 266.295684814, 289.650756836, 321.357666016, 302.767059326, 496.229400635, 831.260070801, 622.768615723, 529.875610352, 110.835868835, 177.161178589, 532.990539551, 946.623901367, 964.221496582, 1717.45910645, 2406.39794922, 898.364501953, 1341.83105469, 1827.31152344, 1752.96179199, 4050.82617188, 900.811706543, 532.615600586, 75.6726074219, 35.2382392883, 10.2130661011, 18.3015918732, 19.4821033478, 4.55291795731, 0.829457759857, 0.483920365572, 0.414356440306, 0.0669350922108, 0.0179420225322, 0.000760976457968, 0.000157998860232], "median": [0.00347465462983, 0.0952782183886, 1.22572529316, 2.24708461761, 2.79720473289, 6.6322927475, 9.73244762421, 6.37185239792, 4.91133069992, 9.0673789978, 8.60926818848, 4.0160741806, 1.98454463482, 1.23955118656, 1.0210750103, 0.988856315613, 1.37867891788, 1.80620217323, 2.39755153656, 3.54322886467, 6.12607812881, 14.4460382462, 26.1509838104, 29.1204433441, 15.7745399475, 5.49986505508, 2.48870158195, 1.29769742489, 0.600145161152, 0.178624972701, 0.0578398816288, 0.0194265153259, 0.00833099428564, 0.00478857196867, 0.00243729958311, 0.00120866473299, 0.000472711806651, 0.000105479361082, 1.41481214087e-05, 2.33007758652e-05], "var": [7.61016926845e-05, 0.0982550308108, 21.5119056702, 177.925247192, 42.0639801025, 410.415039063, 494.684417725, 427.970977783, 216.682571411, 2695.19238281, 9661.71777344, 2776.73730469, 118.381645203, 52.2474708557, 171.541778564, 743.712219238, 1859.81933594, 3291.38183594, 8731.015625, 13492.1875, 2302.32543945, 3441.27319336, 5563.40771484, 7977.44482422, 11738.0664063, 1265.46691895, 461.72467041, 21.7480964661, 6.79691743851, 0.609728634357, 0.45689946413, 0.245710268617, 0.0121071208268, 0.000918197154533, 0.000360846490366, 8.7393062131e-05, 7.5635034591e-06, 3.69528407873e-07, 4.70154803978e-10, 2.57347587684e-10]}, "gfcc": {"icov": [[0.000375822593924, -0.00078247935744, 0.00126566423569, -0.00106694083661, 0.000603014312219, -0.000443855387857, 0.000804758688901, -0.000358577410225, 2.99051716866e-05, 0.000497036555316, -0.000124662634335, 0.000619207217824, 0.000362648133887], [-0.00078247935744, 0.00370404287241, -0.00266374554485, 0.00370265054516, -0.00265858089551, 0.00452172430232, -0.00446522329003, 0.00316940923221, -0.00168575590942, 0.000794182938989, -0.00069518975215, -0.000605509849265, -0.00100124825258], [0.00126566423569, -0.00266374554485, 0.00541311362758, -0.00398463755846, 0.00151413923595, -0.0011358227348, 0.00210720137693, -0.000882770167664, -0.000913743162528, 0.00340390531346, -0.00191873591393, 0.0025985147804, 0.000432971690316], [-0.00106694083661, 0.00370265054516, -0.00398463755846, 0.00734990369529, -0.0033769949805, 0.00492022791877, -0.00389420450665, 0.00261903833598, -0.000445674842922, -0.00205700378865, 0.00217414461076, -0.00242272857577, -0.00112527492456], [0.000603014312219, -0.00265858089551, 0.00151413923595, -0.0033769949805, 0.00716868601739, -0.00633276533335, 0.00632479228079, -0.00271667120978, 0.00145734462421, 0.000515268824529, -0.000907307316083, 0.00288617680781, -0.000597225443926], [-0.000443855387857, 0.00452172430232, -0.0011358227348, 0.00492022791877, -0.00633276533335, 0.011990939267, -0.00968792289495, 0.00639936793596, -0.00358857749961, 0.000560216663871, -0.000991017557681, -0.00129923119675, -0.000592478900217], [0.000804758688901, -0.00446522329003, 0.00210720137693, -0.00389420450665, 0.00632479228079, -0.00968792289495, 0.0146715817973, -0.00753390137106, 0.00557140773162, -0.00280339759775, 0.00275402795523, 0.000845489266794, 0.00192942307331], [-0.000358577410225, 0.00316940923221, -0.000882770167664, 0.00261903833598, -0.00271667120978, 0.00639936793596, -0.00753390137106, 0.0102349529043, -0.00562175223604, 0.00616697501391, -0.00193864107132, 0.00107986200601, -0.000128085288452], [2.99051716866e-05, -0.00168575590942, -0.000913743162528, -0.000445674842922, 0.00145734462421, -0.00358857749961, 0.00557140773162, -0.00562175223604, 0.0131716839969, -0.00845375657082, 0.0083622764796, -0.00336195039563, 0.00335510051809], [0.000497036555316, 0.000794182938989, 0.00340390531346, -0.00205700378865, 0.000515268824529, 0.000560216663871, -0.00280339759775, 0.00616697501391, -0.00845375657082, 0.0177273210138, -0.00992357451469, 0.0084661077708, -0.00493454840034], [-0.000124662634335, -0.00069518975215, -0.00191873591393, 0.00217414461076, -0.000907307316083, -0.000991017557681, 0.00275402795523, -0.00193864107132, 0.0083622764796, -0.00992357451469, 0.0204527825117, -0.0111580081284, 0.00883818697184], [0.000619207217824, -0.000605509849265, 0.0025985147804, -0.00242272857577, 0.00288617680781, -0.00129923119675, 0.000845489266794, 0.00107986200601, -0.00336195039563, 0.0084661077708, -0.0111580081284, 0.0201216563582, -0.0089791752398], [0.000362648133887, -0.00100124825258, 0.000432971690316, -0.00112527492456, -0.000597225443926, -0.000592478900217, 0.00192942307331, -0.000128085288452, 0.00335510051809, -0.00493454840034, 0.00883818697184, -0.0089791752398, 0.0150289041921]], "mean": [-86.3499526978, 125.233062744, -135.00050354, 54.6902694702, -42.5967216492, -37.6839141846, -32.6892280579, 3.56338572502, -23.5049476624, -4.80156755447, -15.7207832336, -7.12183618546, -18.1788673401], "cov": [[19606.4023438, 1573.18457031, -3328.98364258, 326.46963501, -875.243347168, -1084.53808594, -196.333694458, 165.874191284, 48.9636497498, -59.0450248718, -295.840637207, -316.640930176, -344.382904053], [1573.18457031, 1511.8059082, 338.654632568, -172.09916687, -135.516021729, -509.672485352, 18.0692825317, 76.9583740234, -20.8862476349, -214.102462769, 5.91806650162, -28.5138492584, -73.1773452759], [-3328.98364258, 338.654632568, 1281.76672363, 111.900054932, 87.5123672485, -182.528137207, -24.6018486023, 93.5011749268, 4.92549419403, -181.253112793, 26.7576351166, 31.894405365, 17.2873153687], [326.46963501, -172.09916687, 111.900054932, 416.651855469, 28.7559947968, -118.208770752, -72.8062591553, -9.41612052917, 22.0633792877, 11.7515258789, -56.3989524841, 0.689637184143, 46.8907661438], [-875.243347168, -135.516021729, 87.5123672485, 28.7559947968, 372.747497559, 205.957626343, -72.6644744873, -96.0701904297, 0.261423230171, 50.4495735168, 26.1099147797, -5.27583551407, 41.1643562317], [-1084.53808594, -509.672485352, -182.528137207, -118.208770752, 205.957626343, 542.356750488, 103.083206177, -158.76953125, -3.56476545334, 149.17427063, 44.0056266785, 14.1205883026, 35.9340324402], [-196.333694458, 18.0692825317, -24.6018486023, -72.8062591553, -72.6644744873, 103.083206177, 216.660125732, 69.8678283691, -25.502363205, -6.6279258728, -2.79390478134, -8.9773607254, -25.0480537415], [165.874191284, 76.9583740234, 93.5011749268, -9.41612052917, -96.0701904297, -158.76953125, 69.8678283691, 306.359130859, 40.2938613892, -125.460395813, -43.8738021851, -21.6631679535, -56.0399551392], [48.9636497498, -20.8862476349, 4.92549419403, 22.0633792877, 0.261423230171, -3.56476545334, -25.502363205, 40.2938613892, 151.601043701, 36.8881492615, -49.1818847656, -19.9707107544, -2.31662583351], [-59.0450248718, -214.102462769, -181.253112793, 11.7515258789, 50.4495735168, 149.17427063, -6.6279258728, -125.460395813, 36.8881492615, 189.022262573, 28.4611721039, -15.0190582275, 29.0471572876], [-295.840637207, 5.91806650162, 26.7576351166, -56.3989524841, 26.1099147797, 44.0056266785, -2.79390478134, -43.8738021851, -49.1818847656, 28.4611721039, 118.709411621, 36.1610221863, -22.5849990845], [-316.640930176, -28.5138492584, 31.894405365, 0.689637184143, -5.27583551407, 14.1205883026, -8.9773607254, -21.6631679535, -19.9707107544, -15.0190582275, 36.1610221863, 100.699768066, 44.6142044067], [-344.382904053, -73.1773452759, 17.2873153687, 46.8907661438, 41.1643562317, 35.9340324402, -25.0480537415, -56.0399551392, -2.31662583351, 29.0471572876, -22.5849990845, 44.6142044067, 128.768035889]]}, "spectral_skewness": {"mean": 1.10796999931, "dvar": 0.103268548846, "min": -0.32867205143, "dmean": 0.351398557425, "dmean2": 0.590099573135, "dvar2": 0.274705767632, "max": 5.09850645065, "median": 0.952014565468, "var": 0.438355773687}, "spectral_energyband_low": {"mean": 0.0054930979386, "dvar": 2.16384451051e-05, "min": 9.5474428031e-23, "dmean": 0.00212144944817, "dmean2": 0.0030564442277, "dvar2": 3.90205605072e-05, "max": 0.138239502907, "median": 0.00241849408485, "var": 8.50714932312e-05}, "spectral_energyband_middle_low": {"mean": 0.0108021404594, "dvar": 1.87705536518e-05, "min": 4.78808529646e-22, "dmean": 0.00332612474449, "dmean2": 0.00512415636331, "dvar2": 4.5920474804e-05, "max": 0.0621187202632, "median": 0.00885014049709, "var": 7.76668966864e-05}, "mfcc": {"icov": [[0.000413735921029, -0.000275223486824, 0.00104397372343, -0.000751929008402, 0.000704715785105, -0.000327734393068, 0.000778995861765, -0.000670323672239, 0.000600702071097, -0.000771330611315, 0.000361665879609, -5.83031614951e-05, 0.000299504376017], [-0.000275223486824, 0.00102357391734, -0.000787276076153, 0.000311398442136, -0.000502294453327, 0.000798867549747, -0.000909515132662, 0.00104755500797, -0.0006971374969, 0.00162075681146, -0.00103284313809, 0.000494940963108, -0.000295092002489], [0.00104397372343, -0.000787276076153, 0.00451760692522, -0.00237473566085, 0.00142471073195, -0.000499175221194, 0.00156736001372, -0.00201852642931, 0.00124519306701, -0.00124257337302, 0.000634139869362, 0.00057918089442, 0.000223148133955], [-0.000751929008402, 0.000311398442136, -0.00237473566085, 0.00368844671175, -0.00158105592709, 0.00146554142702, -0.000604812346864, 0.00188112992328, -0.00131134188268, 0.00134793040343, 6.65438128635e-05, -0.00017119300901, -0.000496546796057], [0.000704715785105, -0.000502294453327, 0.00142471073195, -0.00158105592709, 0.00405662925914, -0.00165582145564, 0.0019110776484, -0.00154933787417, 0.00155892723706, -0.00176684744656, 0.00111870956607, 0.000509402016178, 0.000850714161061], [-0.000327734393068, 0.000798867549747, -0.000499175221194, 0.00146554142702, -0.00165582145564, 0.00473163742572, -0.00285330438055, 0.00439941277727, -0.00229889480397, 0.00224500591867, -0.00181382941082, 4.68984108011e-05, -0.00179782835767], [0.000778995861765, -0.000909515132662, 0.00156736001372, -0.000604812346864, 0.0019110776484, -0.00285330438055, 0.00844289083034, -0.00518831331283, 0.00455802213401, -0.00459453044459, 0.00356923858635, -0.00224893260747, 0.00183147424832], [-0.000670323672239, 0.00104755500797, -0.00201852642931, 0.00188112992328, -0.00154933787417, 0.00439941277727, -0.00518831331283, 0.0110499728471, -0.00602114712819, 0.00600610859692, -0.00532116182148, 0.00348481326364, -0.00344159989618], [0.000600702071097, -0.0006971374969, 0.00124519306701, -0.00131134188268, 0.00155892723706, -0.00229889480397, 0.00455802213401, -0.00602114712819, 0.0104919495061, -0.00727290054783, 0.00529953790829, -0.00377456424758, 0.00254853186198], [-0.000771330611315, 0.00162075681146, -0.00124257337302, 0.00134793040343, -0.00176684744656, 0.00224500591867, -0.00459453044459, 0.00600610859692, -0.00727290054783, 0.0138785410672, -0.0059310356155, 0.00433531403542, -0.00304710818455], [0.000361665879609, -0.00103284313809, 0.000634139869362, 6.65438128635e-05, 0.00111870956607, -0.00181382941082, 0.00356923858635, -0.00532116182148, 0.00529953790829, -0.0059310356155, 0.0092466333881, -0.00203707907349, 0.00358174741268], [-5.83031614951e-05, 0.000494940963108, 0.00057918089442, -0.00017119300901, 0.000509402016178, 4.68984108011e-05, -0.00224893260747, 0.00348481326364, -0.00377456424758, 0.00433531403542, -0.00203707907349, 0.0100169219077, -0.00283760996535], [0.000299504376017, -0.000295092002489, 0.000223148133955, -0.000496546796057, 0.000850714161061, -0.00179782835767, 0.00183147424832, -0.00344159989618, 0.00254853186198, -0.00304710818455, 0.00358174741268, -0.00283760996535, 0.0107889445499]], "mean": [-716.255493164, 144.94720459, -30.2553691864, 75.1552124023, -0.751676619053, -15.8679265976, -8.51366519928, -1.95559680462, -8.95893764496, -3.74157905579, 4.25498390198, -3.64173722267, -6.85404348373], "cov": [[9675.86328125, 773.528198242, -1374.71923828, 796.344604492, -705.301513672, -326.102416992, -463.558654785, -143.14074707, 5.8987531662, 98.4875488281, 27.7804737091, 24.2977180481, -124.470275879], [773.528198242, 1839.66271973, 333.644958496, 304.818695068, -33.7697677612, -445.608673096, -80.2829589844, 120.049369812, -121.000823975, -167.726470947, 131.766662598, -125.086044312, -79.1281051636], [-1374.71923828, 333.644958496, 733.742675781, 221.596832275, 63.0706558228, -230.358108521, -26.0076789856, 134.334472656, -19.385766983, -63.8377990723, 23.1285362244, -92.5905609131, 0.737502634525], [796.344604492, 304.818695068, 221.596832275, 667.256652832, 44.8853874207, -242.479553223, -146.640228271, -6.40373754501, 24.4562835693, -43.3065910339, -60.1702690125, -32.2782440186, -15.2602796555], [-705.301513672, -33.7697677612, 63.0706558228, 44.8853874207, 412.828979492, 100.929893494, -18.494972229, -37.7157859802, -12.2061777115, 6.25466394424, -20.477602005, -29.7326049805, -1.57963371277], [-326.102416992, -445.608673096, -230.358108521, -242.479553223, 100.929893494, 598.184814453, 114.667022705, -207.86239624, 19.2359371185, 43.1952171326, -57.334602356, 111.140258789, 52.3392372131], [-463.558654785, -80.2829589844, -26.0076789856, -146.640228271, -18.494972229, 114.667022705, 242.790863037, 30.6697006226, -31.4964904785, 14.8885202408, -11.921544075, 28.502954483, 16.695514679], [-143.14074707, 120.049369812, 134.334472656, -6.40373754501, -37.7157859802, -207.86239624, 30.6697006226, 269.554107666, 24.7498245239, -22.0827064514, 74.5089569092, -64.7607040405, -0.551512598991], [5.8987531662, -121.000823975, -19.385766983, 24.4562835693, -12.2061777115, 19.2359371185, -31.4964904785, 24.7498245239, 206.84954834, 59.4735832214, -58.0928421021, 36.253112793, 12.219288826], [98.4875488281, -167.726470947, -63.8377990723, -43.3065910339, 6.25466394424, 43.1952171326, 14.8885202408, -22.0827064514, 59.4735832214, 153.758804321, 31.034866333, -14.2426815033, 4.46692180634], [27.7804737091, 131.766662598, 23.1285362244, -60.1702690125, -20.477602005, -57.334602356, -11.921544075, 74.5089569092, -58.0928421021, 31.034866333, 220.888015747, -38.7549476624, -43.598991394], [24.2977180481, -125.086044312, -92.5905609131, -32.2782440186, -29.7326049805, 111.140258789, 28.502954483, -64.7607040405, 36.253112793, -14.2426815033, -38.7549476624, 162.667648315, 34.7645988464], [-124.470275879, -79.1281051636, 0.737502634525, -15.2602796555, -1.57963371277, 52.3392372131, 16.695514679, -0.551512598991, 12.219288826, 4.46692180634, -43.598991394, 34.7645988464, 121.089828491]]}, "silence_rate_20dB": {"mean": 1, "dvar": 0, "min": 1, "dmean": 0, "dmean2": 0, "dvar2": 0, "max": 1, "median": 1, "var": 0}, "dynamic_complexity": 3.02646327019, "silence_rate_60dB": {"mean": 0.0906057059765, "dvar": 0.0189834628254, "min": 0, "dmean": 0.0193591453135, "dmean2": 0.0387247540057, "dvar2": 0.0418975539505, "max": 1, "median": 0, "var": 0.0823960080743}, "dissonance": {"mean": 0.463544100523, "dvar": 0.000251575111179, "min": 0.22988730669, "dmean": 0.0148565992713, "dmean2": 0.0246814265847, "dvar2": 0.000651240639854, "max": 0.5, "median": 0.471008569002, "var": 0.000827733194456}, "barkbands": {"mean": [7.13611416359e-06, 0.000604099303018, 0.00349015649408, 0.00186685123481, 0.0032773334533, 0.00170839752536, 0.00060438492801, 0.00258034747094, 0.000724480254576, 0.000129942040076, 9.50179091888e-05, 0.000159655101015, 0.000247804360697, 0.000392235757317, 0.000470551633043, 0.000356385658961, 0.000576180871576, 0.0010411812691, 0.000947427528445, 0.000359468656825, 0.000160258976393, 3.29549948219e-05, 7.01419685356e-06, 2.64584355136e-06, 9.7916949926e-07, 6.17031844286e-07, 5.20344620725e-08], "dvar": [6.68133950943e-11, 3.19172528407e-07, 1.12806810648e-05, 3.16346131513e-06, 9.70058044913e-06, 2.39990913542e-06, 5.52381720809e-07, 5.7179072428e-06, 8.93095545962e-07, 3.5324685399e-08, 3.05797591693e-08, 1.27233306557e-07, 4.68447069579e-07, 5.85212319493e-07, 1.08432732304e-06, 3.46091240999e-07, 5.93638276314e-07, 1.13660462375e-06, 1.74356102889e-06, 3.08366224999e-07, 2.85069159389e-08, 1.39680500499e-09, 1.35219710429e-10, 2.3650256753e-10, 4.27919331913e-12, 2.04747959039e-12, 1.166748159e-14], "min": [2.83625432698e-24, 1.46043980862e-23, 7.94144443129e-23, 3.11787143815e-23, 6.71114138113e-23, 3.11302814773e-23, 1.80594962018e-22, 7.04089786128e-23, 8.62870383845e-23, 5.29046442197e-23, 5.02429833493e-23, 2.48440748534e-22, 1.18770430884e-22, 3.57453638975e-23, 1.1920116156e-22, 8.55897863185e-23, 2.0141259741e-22, 1.64272205577e-22, 2.42140286878e-22, 4.63249163369e-22, 3.93662771043e-22, 6.02091459478e-22, 6.63603324014e-22, 9.39748968514e-22, 1.15702928215e-21, 1.5910464663e-21, 2.51341333284e-21], "dmean": [5.63133698961e-06, 0.000293073302601, 0.00145393621642, 0.000855166697875, 0.0018817211967, 0.000916333403438, 0.000370777503122, 0.00116881716531, 0.000335429067491, 8.00284105935e-05, 5.98015067226e-05, 9.17628858588e-05, 0.000153089858941, 0.000199639369384, 0.000228274671827, 0.000187938901945, 0.000306735280901, 0.000496039516293, 0.000452483916888, 0.000179917216883, 7.01284443494e-05, 1.5499021174e-05, 3.42139037457e-06, 1.91431445273e-06, 5.08689424805e-07, 2.91838773592e-07, 2.99157605355e-08], "dmean2": [9.39823621593e-06, 0.000466383440653, 0.00210650381632, 0.00126555503812, 0.00302138412371, 0.00142843474168, 0.000589850416873, 0.00177088135388, 0.000504256749991, 0.000124634083477, 9.26604407141e-05, 0.00014027756697, 0.000229193974519, 0.000298641622066, 0.000343922554748, 0.000274135178188, 0.000463717005914, 0.000739245966543, 0.000679318967741, 0.000262943853159, 0.000102170139144, 2.30895493587e-05, 5.23233075e-06, 2.98312647828e-06, 7.71855752646e-07, 4.32435030007e-07, 4.88360569761e-08], "dvar2": [1.6822143678e-10, 7.99014401309e-07, 2.00790273084e-05, 6.38727669866e-06, 2.47581938311e-05, 5.83768769502e-06, 1.35587356453e-06, 1.3148569451e-05, 1.88119486211e-06, 8.86899869101e-08, 7.49693569446e-08, 2.69788387186e-07, 9.50736250616e-07, 1.30074568006e-06, 2.5145136533e-06, 5.98413407715e-07, 1.44272939906e-06, 2.18308628064e-06, 3.5902860418e-06, 7.33541526188e-07, 6.79492302424e-08, 2.96691737844e-09, 3.07830538837e-10, 6.03791017184e-10, 1.0968199439e-11, 4.85614933682e-12, 3.2802187751e-14], "max": [0.000200957991183, 0.0121568301693, 0.103349901736, 0.0358064733446, 0.050125323236, 0.0478088632226, 0.0194882098585, 0.0439061895013, 0.0291486810893, 0.00656622787938, 0.00426211347803, 0.0137053085491, 0.025297889486, 0.0231151431799, 0.0437922775745, 0.0314821489155, 0.0228172652423, 0.0539908185601, 0.0579043775797, 0.0231982767582, 0.00574682746083, 0.00105844100472, 0.000483528361656, 0.000626183056738, 6.88683867338e-05, 8.16888787085e-05, 4.76501008961e-06], "median": [3.86658257412e-06, 0.000183469077456, 0.00126959430054, 0.000600332627073, 0.00192839209922, 0.000860269297846, 0.000287238683086, 0.000459739414509, 0.000125506863697, 4.117474964e-05, 1.77099609573e-05, 1.91843155335e-05, 2.45249084401e-05, 3.44983054674e-05, 3.8778380258e-05, 7.18541487004e-05, 0.00021519359143, 0.000513667764608, 0.000423399789724, 0.000109723310743, 4.4944928959e-05, 1.31969227368e-05, 2.35925381276e-06, 6.32818625945e-07, 3.83336356435e-07, 2.64986141474e-07, 2.43204745232e-08], "var": [1.05539854633e-10, 9.98847099254e-07, 4.53879110864e-05, 1.13505693662e-05, 1.68042515725e-05, 6.89998478265e-06, 1.08638437268e-06, 2.78243696812e-05, 4.66682104161e-06, 6.23388345389e-08, 6.97166129271e-08, 3.23767153532e-07, 1.14513579774e-06, 2.18416084863e-06, 5.17016906088e-06, 1.26223255847e-06, 1.17129059163e-06, 3.11348730975e-06, 3.87401223634e-06, 6.30901752174e-07, 8.13467124772e-08, 4.08096889615e-09, 4.6212694782e-10, 2.17914353229e-10, 6.43953640411e-12, 3.40435904293e-12, 2.18407919788e-14]}, "spectral_complexity": {"mean": 15.9219093323, "dvar": 8.81828784943, "min": 0, "dmean": 2.90287041664, "dmean2": 4.0811214447, "dvar2": 14.9819011688, "max": 47, "median": 16, "var": 83.5343322754}, "spectral_energyband_high": {"mean": 0.000367418193491, "dvar": 1.4418996841e-07, "min": 7.93089946882e-21, "dmean": 0.000143296929309, "dmean2": 0.000208812285564, "dvar2": 3.66473869917e-07, "max": 0.0140533670783, "median": 0.000126111190184, "var": 4.23541365535e-07}, "hfc": {"mean": 17.45611763, "dvar": 38.0608482361, "min": 1.21825850363e-16, "dmean": 4.3073925972, "dmean2": 5.69606351852, "dvar2": 65.7269897461, "max": 243.336761475, "median": 14.4951839447, "var": 249.339233398}, "melbands_kurtosis": {"mean": 18.2623119354, "dvar": 224.035614014, "min": -1.85956668854, "dmean": 8.32207107544, "dmean2": 12.321310997, "dvar2": 493.497070313, "max": 335.194061279, "median": 7.53453731537, "var": 890.698791504}, "spectral_strongpeak": {"mean": 1.26256859303, "dvar": 1.38887906075, "min": 0, "dmean": 0.600864589214, "dmean2": 1.02909243107, "dvar2": 3.5819144249, "max": 24.1697978973, "median": 0.679086208344, "var": 2.95090103149}, "silence_rate_30dB": {"mean": 0.999165713787, "dvar": 0.00100031495094, "min": 0, "dmean": 0.00100133509841, "dmean2": 0.00200300454162, "dvar2": 0.00233276211657, "max": 1, "median": 1, "var": 0.000833559955936}, "melbands_spread": {"mean": 26.4308433533, "dvar": 83.1455078125, "min": 0.38650432229, "dmean": 7.85377120972, "dmean2": 11.2368841171, "dvar2": 162.28352356, "max": 162.947036743, "median": 20.8750953674, "var": 429.90435791}, "melbands_crest": {"mean": 13.9261655807, "dvar": 6.66832780838, "min": 2.73555064201, "dmean": 2.94568991661, "dmean2": 4.7041182518, "dvar2": 16.7356624603, "max": 36.5830001831, "median": 13.032989502, "var": 26.0171298981}, "average_loudness": 0.897370398045, "spectral_flux": {"mean": 0.065165348351, "dvar": 0.00036603762419, "min": 1.05327226108e-10, "dmean": 0.0173582993448, "dmean2": 0.0276897381991, "dvar2": 0.000892607029527, "max": 0.274212121964, "median": 0.0631474778056, "var": 0.00104873767123}, "spectral_rolloff": {"mean": 1712.51928711, "dvar": 512310.59375, "min": 21.533203125, "dmean": 433.827301025, "dmean2": 724.835266113, "dvar2": 954632.1875, "max": 18690.8203125, "median": 1614.99023438, "var": 1622308.375}, "melbands": {"mean": [0.000102015153971, 0.00110086833593, 0.00111260428093, 0.000586090493016, 0.000647828448564, 0.000299595849356, 0.000127929728478, 0.000411670742324, 0.000356072094291, 9.66418883763e-05, 2.15461514017e-05, 1.52836837515e-05, 1.49144625539e-05, 1.52533575601e-05, 2.79179785139e-05, 2.1327754439e-05, 3.29512331518e-05, 3.73509101337e-05, 3.68118744518e-05, 2.36495707213e-05, 2.68936491921e-05, 3.28805508616e-05, 4.21859294875e-05, 4.79708469356e-05, 4.88808509544e-05, 3.33487441821e-05, 1.79270264198e-05, 9.65250092122e-06, 8.00330690254e-06, 3.17263425131e-06, 1.27363728097e-06, 8.6759257556e-07, 4.35222119677e-07, 1.67689890418e-07, 1.14013460006e-07, 7.27646565224e-08, 4.55244659747e-08, 2.0028078751e-08, 1.24197025997e-08, 9.47772882398e-09], "dvar": [1.0864254385e-08, 8.58329940456e-07, 8.97493521279e-07, 4.51625908227e-07, 2.85240901121e-07, 8.12008451589e-08, 2.32878321071e-08, 1.68143714063e-07, 9.26374426058e-08, 1.7906014449e-08, 2.04635064449e-09, 3.76730979745e-10, 7.37058358791e-10, 1.18349818834e-09, 6.91671697695e-09, 2.99241520452e-09, 5.31335198062e-09, 5.59046897664e-09, 8.69844818396e-09, 2.1121662197e-09, 1.9843702237e-09, 2.78275780197e-09, 1.95972416073e-09, 3.47645312537e-09, 2.34069563732e-09, 4.99827423894e-09, 9.36996258361e-10, 2.30717056571e-10, 1.5581382018e-10, 8.88761807205e-12, 2.95230181448e-12, 1.09958526659e-12, 2.59239732545e-13, 4.73662416527e-14, 7.97818435665e-14, 6.91880634816e-14, 1.40911845452e-13, 5.8907554297e-15, 7.10483030525e-16, 4.18324346949e-16], "min": [2.50826883956e-24, 2.83671857163e-23, 2.35169643706e-23, 1.48626948124e-23, 4.816576428e-24, 8.74660257172e-24, 3.07299535006e-23, 2.91868626839e-23, 7.39885816984e-24, 1.04996779062e-23, 1.29712012104e-23, 5.67082995796e-24, 1.35016462714e-23, 3.30236864894e-23, 1.30460388667e-23, 9.19176703573e-24, 4.17120932144e-24, 3.39397070393e-24, 1.11143094142e-23, 5.94674155374e-24, 7.01611469154e-24, 1.28726385623e-23, 7.78174206538e-24, 9.53189467021e-24, 7.41227353839e-24, 9.89111431631e-24, 1.27007891584e-23, 1.5937476775e-23, 1.22537203842e-23, 6.67600993403e-24, 1.03076667953e-23, 9.060450094e-24, 1.54625572665e-23, 1.02138672894e-23, 1.19997205833e-23, 8.09277414309e-24, 7.73901420331e-24, 1.56326530327e-23, 1.13447309514e-23, 8.28942060068e-24], "dmean": [5.16143591085e-05, 0.000452274805866, 0.000444161036285, 0.000356098549673, 0.000362646474969, 0.000161032876349, 7.30763640604e-05, 0.000207428383874, 0.000146687933011, 4.44415236416e-05, 1.26477370941e-05, 9.20551519812e-06, 8.92794832907e-06, 8.85324880073e-06, 1.5790166799e-05, 1.30530743263e-05, 1.77797628567e-05, 1.84501259355e-05, 1.76645971806e-05, 1.20821550809e-05, 1.4645702322e-05, 1.81701325346e-05, 2.12126233237e-05, 2.3159540433e-05, 2.26729880524e-05, 1.67204416357e-05, 9.47752505454e-06, 4.8200126912e-06, 3.71922078557e-06, 1.45927378981e-06, 6.9046416229e-07, 4.24250742981e-07, 2.18870610524e-07, 8.55350492657e-08, 5.90695528047e-08, 4.67677629956e-08, 3.81448792552e-08, 1.32791742047e-08, 7.11401337838e-09, 5.38391375926e-09], "dmean2": [8.34525926621e-05, 0.000670377514325, 0.000631402712315, 0.000579448533244, 0.000572574324906, 0.000248184049269, 0.00011555859237, 0.000315959652653, 0.000219603185542, 6.59325960441e-05, 1.9779025024e-05, 1.38063314807e-05, 1.37459319376e-05, 1.38289688039e-05, 2.28446788242e-05, 1.97108256543e-05, 2.63816546067e-05, 2.64492973656e-05, 2.69806114375e-05, 1.81958348549e-05, 2.19398243644e-05, 2.77387298411e-05, 3.1925712392e-05, 3.40316510119e-05, 3.32040835929e-05, 2.52300815191e-05, 1.38485465868e-05, 7.2128868851e-06, 5.53737118025e-06, 2.17336537389e-06, 1.07797245619e-06, 6.49957826226e-07, 3.23608929875e-07, 1.32631839733e-07, 9.16360178849e-08, 7.51234665586e-08, 6.19991240569e-08, 2.04760830513e-08, 1.08279740729e-08, 8.27786905688e-09], "dvar2": [2.86887384959e-08, 1.62581852692e-06, 1.63716310908e-06, 1.18069544897e-06, 7.01777821632e-07, 1.91695377794e-07, 5.86385091594e-08, 3.85251013313e-07, 2.11108570625e-07, 3.98950064096e-08, 5.32448352075e-09, 7.97170884859e-10, 1.82323478537e-09, 3.03125347045e-09, 1.20722747354e-08, 6.42338804369e-09, 1.13987539407e-08, 1.2405860339e-08, 1.97615488418e-08, 3.68728159117e-09, 4.20176871074e-09, 6.98890723072e-09, 4.40801439794e-09, 5.95848081986e-09, 5.1335300455e-09, 8.95637075615e-09, 2.10301820402e-09, 5.64702173911e-10, 3.58084589758e-10, 2.03801732435e-11, 7.49901356289e-12, 2.42773769837e-12, 5.37216647035e-13, 1.13216144901e-13, 1.91893511714e-13, 1.77622659961e-13, 3.7469737057e-13, 1.45733001133e-14, 1.71520836627e-15, 1.01909869076e-15], "max": [0.00318439048715, 0.026407957077, 0.0266756694764, 0.0116418963298, 0.00791358482093, 0.00696712639183, 0.00419047707692, 0.00709779281169, 0.00550682423636, 0.00344042642973, 0.00258409394883, 0.000489508907776, 0.000702010758687, 0.000881854386535, 0.00408513611183, 0.00221186876297, 0.00226159766316, 0.00299382582307, 0.00460784975439, 0.00295145111158, 0.00132810208015, 0.00197268044576, 0.00137096701656, 0.00359246274456, 0.00128388276789, 0.00336092617363, 0.00138191634323, 0.000613027601503, 0.000558758154511, 7.87605822552e-05, 5.4429849115e-05, 2.71089702437e-05, 1.16833316497e-05, 8.65521724336e-06, 1.56593159772e-05, 8.6040381575e-06, 1.69459326571e-05, 2.96187999993e-06, 9.48553292801e-07, 7.20639093288e-07], "median": [3.81782083423e-05, 0.000515394785907, 0.000455591944046, 0.00032109656604, 0.000392216577893, 0.000145302023157, 6.76812123857e-05, 9.95610462269e-05, 6.21409708401e-05, 1.73326643562e-05, 7.94809602667e-06, 4.46946978627e-06, 2.83164035864e-06, 2.08315213968e-06, 2.35942229665e-06, 2.36155369748e-06, 2.7748649245e-06, 3.21163747685e-06, 3.23016297443e-06, 4.26670430898e-06, 6.56428755974e-06, 1.21540660984e-05, 1.82526873687e-05, 2.22437302e-05, 2.21629452426e-05, 1.35489535751e-05, 5.13265285917e-06, 2.6259463084e-06, 1.54767189997e-06, 9.5076990192e-07, 5.10838049195e-07, 3.28754964585e-07, 1.58533666195e-07, 6.44033590902e-08, 3.24367590565e-08, 1.63169708856e-08, 8.90233664563e-09, 5.63504531925e-09, 4.60714577599e-09, 3.63652041813e-09], "var": [2.69298894295e-08, 3.25451696881e-06, 3.53583573087e-06, 6.58837734591e-07, 6.32615126506e-07, 2.11437551911e-07, 4.45133068183e-08, 6.27124961738e-07, 4.92002698138e-07, 9.1516227485e-08, 2.537654753e-09, 9.08651043297e-10, 1.7592717283e-09, 2.54657184229e-09, 2.2127442989e-08, 6.26287377514e-09, 1.61277515787e-08, 2.48472993292e-08, 3.75674247266e-08, 1.2563335261e-08, 3.99210708935e-09, 4.48408821185e-09, 5.05049069233e-09, 9.46679090674e-09, 5.90192161809e-09, 9.7315426828e-09, 2.11612549705e-09, 5.09719211284e-10, 3.10588110786e-10, 2.84755344304e-11, 5.38580855261e-12, 3.11781828653e-12, 7.29383242172e-13, 1.19097521558e-13, 2.17542374089e-13, 1.07503246485e-13, 1.1076458083e-13, 7.14630516764e-15, 9.33249783977e-16, 5.68203147666e-16]}, "spectral_energy": {"mean": 0.0198435150087, "dvar": 3.36114280799e-05, "min": 1.10938240659e-20, "dmean": 0.00466737197712, "dmean2": 0.00685540633276, "dvar2": 7.01859753462e-05, "max": 0.145321711898, "median": 0.018972190097, "var": 0.000180170711246}, "spectral_decrease": {"mean": -4.8381303408e-09, "dvar": 2.20870913391e-18, "min": -3.79945923612e-08, "dmean": 1.17097720409e-09, "dmean2": 1.72810810106e-09, "dvar2": 4.63018359703e-18, "max": -1.16242345549e-29, "median": -4.54478099599e-09, "var": 1.13286553879e-17}, "erbbands_spread": {"mean": 41.3345413208, "dvar": 66.6692581177, "min": 0.373552441597, "dmean": 7.96074867249, "dmean2": 11.8749065399, "dvar2": 146.231018066, "max": 149.653640747, "median": 40.1139793396, "var": 424.857513428}, "spectral_contrast_coeffs": {"mean": [-0.577045857906, -0.705273032188, -0.77813243866, -0.772792041302, -0.717833757401, -0.707334518433], "dvar": [0.00162016740069, 0.0013705304591, 0.000890347233508, 0.000747895101085, 0.000792027334683, 0.000344944332028], "min": [-0.942735731602, -0.964708805084, -0.972413778305, -0.965194940567, -0.960529983044, -0.958933591843], "dmean": [0.04951492697, 0.0455678775907, 0.0359646305442, 0.0310120806098, 0.0307225883007, 0.0202970318496], "dmean2": [0.0807190388441, 0.0738483816385, 0.0582722686231, 0.0495578199625, 0.04656862095, 0.0316825807095], "dvar2": [0.00422847038135, 0.00350837921724, 0.00224898965098, 0.00175850582309, 0.00158488203306, 0.000803322647698], "max": [-0.308787196875, -0.389605998993, -0.378608465195, -0.397544443607, -0.402647227049, -0.547994673252], "median": [-0.56835436821, -0.704737126827, -0.782560348511, -0.779695153236, -0.71590846777, -0.694395124912], "var": [0.0109785692766, 0.00767607102171, 0.0050034862943, 0.00656067859381, 0.00670781778172, 0.00372036662884]}, "spectral_energyband_middle_high": {"mean": 0.00459902966395, "dvar": 5.19000468557e-06, "min": 1.48997159916e-21, "dmean": 0.00142371165566, "dmean2": 0.00191359443124, "dvar2": 9.77619129117e-06, "max": 0.06147178635, "median": 0.00294981291518, "var": 3.02488533634e-05}, "erbbands_crest": {"mean": 11.3666324615, "dvar": 6.43954563141, "min": 2.50726437569, "dmean": 2.73828744888, "dmean2": 4.35595560074, "dvar2": 15.1188411713, "max": 33.4325942993, "median": 10.0196704865, "var": 28.5294456482}, "barkbands_crest": {"mean": 10.7910165787, "dvar": 5.19627809525, "min": 2.71649765968, "dmean": 2.48727560043, "dmean2": 3.93399310112, "dvar2": 12.5577392578, "max": 26.2841510773, "median": 9.77161026001, "var": 22.4317111969}, "pitch_salience": {"mean": 0.544093191624, "dvar": 0.0038518991787, "min": 0.112492568791, "dmean": 0.0671747028828, "dmean2": 0.106989018619, "dvar2": 0.0094130448997, "max": 0.892505407333, "median": 0.552420437336, "var": 0.0175613090396}, "melbands_skewness": {"mean": 2.70337104797, "dvar": 0.635890901089, "min": -10.8849143982, "dmean": 0.743600010872, "dmean2": 1.08199906349, "dvar2": 1.32882106304, "max": 13.3104352951, "median": 2.39561295509, "var": 5.16128635406}, "spectral_spread": {"mean": 2862500.25, "dvar": 203604459520, "min": 1403255.25, "dmean": 223833.5, "dmean2": 347020.78125, "dvar2": 256868237312, "max": 41630720, "median": 2670133, "var": 1770216095740.0}, "spectral_entropy": {"mean": 7.02491235733, "dvar": 0.0254236869514, "min": 4.82229661942, "dmean": 0.14747351408, "dmean2": 0.217459321022, "dvar2": 0.0507467798889, "max": 9.81130886078, "median": 7.12305784225, "var": 0.230727002025}, "erbbands_flatness_db": {"mean": 0.233000382781, "dvar": 0.000173613225343, "min": 0.0269174166024, "dmean": 0.01365941111, "dmean2": 0.0206537116319, "dvar2": 0.000378980999812, "max": 0.53135830164, "median": 0.226371243596, "var": 0.00275663239881}, "spectral_kurtosis": {"mean": 5.96393299103, "dvar": 10.1391763687, "min": -1.23770463467, "dmean": 3.24312829971, "dmean2": 5.67676401138, "dvar2": 29.8564300537, "max": 41.6667137146, "median": 4.74051237106, "var": 22.8206653595}, "erbbands_skewness": {"mean": 0.0172401722521, "dvar": 0.226922571659, "min": -5.00500392914, "dmean": 0.485383749008, "dmean2": 0.687034845352, "dvar2": 0.441397726536, "max": 8.07961368561, "median": -0.130980879068, "var": 1.74370718002}, "erbbands_kurtosis": {"mean": 1.40350914001, "dvar": 11.6462755203, "min": -1.9091578722, "dmean": 1.561404109, "dmean2": 2.41965293884, "dvar2": 24.481842041, "max": 102.581672668, "median": -0.625996649265, "var": 52.8717460632}, "barkbands_spread": {"mean": 22.1277828217, "dvar": 27.6806907654, "min": 0.242017552257, "dmean": 5.05626058578, "dmean2": 7.32415866852, "dvar2": 53.2987251282, "max": 68.1582946777, "median": 21.2476177216, "var": 181.303390503}, "zerocrossingrate": {"mean": 0.0561865642667, "dvar": 0.000110602981295, "min": 0, "dmean": 0.00846327003092, "dmean2": 0.0092850048095, "dvar2": 0.000132066503284, "max": 0.49755859375, "median": 0.05322265625, "var": 0.000886823865585}, "spectral_centroid": {"mean": 1634.81384277, "dvar": 90437.0234375, "min": 156.447998047, "dmean": 280.52230835, "dmean2": 391.985046387, "dvar2": 147671.59375, "max": 10586.234375, "median": 1645.26635742, "var": 599154.3125}, "barkbands_skewness": {"mean": 1.50484204292, "dvar": 0.486626535654, "min": -11.5139417648, "dmean": 0.619024813175, "dmean2": 0.878609359264, "dvar2": 0.996047139168, "max": 18.9184646606, "median": 1.27823841572, "var": 3.99233222008}, "melbands_flatness_db": {"mean": 0.26182192564, "dvar": 0.000606535119005, "min": 0.011332581751, "dmean": 0.0263553485274, "dmean2": 0.0356746055186, "dvar2": 0.00103457411751, "max": 0.573134601116, "median": 0.251506745815, "var": 0.00670359376818}, "spectral_contrast_valleys": {"mean": [-8.03022289276, -7.20074510574, -8.55390548706, -8.64878463745, -7.92309570313, -12.0010519028], "dvar": [0.121700875461, 0.122932299972, 0.10659840703, 0.104824721813, 0.0929503291845, 0.0639877915382], "min": [-27.4428577423, -27.1018791199, -26.7814807892, -26.9293613434, -27.2563457489, -27.2770423889], "dmean": [0.409052819014, 0.374826997519, 0.353135973215, 0.330036848783, 0.300463438034, 0.233359336853], "dmean2": [0.678298652172, 0.59324747324, 0.540908873081, 0.497446000576, 0.431848406792, 0.31489533186], "dvar2": [0.286711871624, 0.256081014872, 0.220285832882, 0.20590467751, 0.165681988001, 0.0916642993689], "max": [-5.86198711395, -4.97017192841, -5.72491073608, -6.15550994873, -5.67855644226, -9.27720069885], "median": [-7.83488845825, -6.8779001236, -8.31666851044, -8.41668605804, -7.55925512314, -11.8507566452], "var": [1.71696174145, 2.54662203789, 2.1352918148, 2.11423182487, 2.28372716904, 1.21916270256]}, "barkbands_flatness_db": {"mean": 0.202740415931, "dvar": 0.000388033950003, "min": 0.0701244696975, "dmean": 0.0206007640809, "dmean2"