{"metadata": {"audio_properties": {"downmix": "mix", "bit_rate": 191147, "lossless": false, "md5_encoded": "83966717776905094e4a320de7b5b89e", "analysis_sample_rate": 44100, "sample_rate": 44100, "replay_gain": -14.6272182465, "equal_loudness": 0, "codec": "mp3", "length": 191.686523438}, "tags": {"language": ["English"], "album": ["Nothing Means Everything"], "artist": ["The Dykeenies"], "musicbrainz_recordingid": ["e743aaad-9842-4bc1-8a92-579b00175717"], "albumartist": ["The Dykeenies"], "encodedby": ["LAME 3.97 Final"], "title": ["Lose Ourselves"], "genre": ["New Wave"], "tracknumber": ["10"], "date": ["2007"], "file_name": "80989.mp3"}, "version": {"essentia_build_sha": "70f2e5ece6736b2c40cc944ad0e695b16b925413", "essentia_git_sha": "v2.1_beta2", "extractor": "music 1.0", "essentia": "2.1-beta2"}}, "tonal": {"chords_scale": "major", "hpcp": {"dmean": [0.205815166235, 0.197745278478, 0.150285869837, 0.114640317857, 0.106968522072, 0.120261326432, 0.160676524043, 0.163217499852, 0.128535419703, 0.0984522774816, 0.0816723033786, 0.0830398574471, 0.10696323961, 0.122144728899, 0.137699514627, 0.180965170264, 0.194931402802, 0.178968608379, 0.135482743382, 0.107502147555, 0.0942105203867, 0.0992343053222, 0.109420225024, 0.151264935732, 0.199015170336, 0.132251024246, 0.0909868106246, 0.146995827556, 0.160571873188, 0.148567453027, 0.181543514132, 0.177841216326, 0.1395650208, 0.117233268917, 0.121065169573, 0.155827581882], "dvar2": [0.151693552732, 0.140680983663, 0.108512811363, 0.1067590639, 0.104948818684, 0.105569459498, 0.12884002924, 0.128205806017, 0.108521230519, 0.0882821604609, 0.0733939483762, 0.0817100033164, 0.0958774760365, 0.0979955792427, 0.113698020577, 0.13595739007, 0.130221858621, 0.142946943641, 0.107643567026, 0.106364838779, 0.086480461061, 0.0761370584369, 0.0845547094941, 0.10200497508, 0.220516875386, 0.0917870998383, 0.0686676725745, 0.1095597893, 0.11169167608, 0.10377471149, 0.15056142211, 0.15220965445, 0.119059450924, 0.107435539365, 0.106117703021, 0.129026904702], "mean": [0.284714758396, 0.313488453627, 0.171417176723, 0.0970537588, 0.0885874032974, 0.111820146441, 0.231875792146, 0.278121232986, 0.167129665613, 0.0894003733993, 0.0698029398918, 0.0719715952873, 0.109685324132, 0.130849018693, 0.138856723905, 0.22831068933, 0.286126315594, 0.208314418793, 0.121884159744, 0.0846317112446, 0.0813838541508, 0.11361566186, 0.130070820451, 0.142840281129, 0.157681956887, 0.110311754048, 0.0960557535291, 0.193892136216, 0.223345726728, 0.167991936207, 0.212038323283, 0.229399576783, 0.145122855902, 0.101239129901, 0.104371398687, 0.146897524595], "var": [0.0930999219418, 0.113597095013, 0.0463115796447, 0.0339378677309, 0.0327402204275, 0.0346006266773, 0.0872126668692, 0.117803454399, 0.0584595426917, 0.0267078597099, 0.0202015507966, 0.0206424184144, 0.0291322879493, 0.0381367132068, 0.0389767289162, 0.074806034565, 0.0982438996434, 0.0674341768026, 0.0365906991065, 0.0274927057326, 0.0234086755663, 0.0325523093343, 0.0371097736061, 0.0395816415548, 0.070187151432, 0.0340400114655, 0.0256658680737, 0.0655494779348, 0.0725587010384, 0.0510434508324, 0.0800739601254, 0.0991846993566, 0.0463584214449, 0.0331633538008, 0.0345760583878, 0.044990260154], "dmean2": [0.356071203947, 0.339104324579, 0.262267917395, 0.208444580436, 0.193912312388, 0.214042127132, 0.276037395, 0.277208387852, 0.222577720881, 0.176281288266, 0.147139176726, 0.150586947799, 0.189870834351, 0.214236751199, 0.24297966063, 0.314175993204, 0.328678250313, 0.309899777174, 0.240044593811, 0.196428269148, 0.172477662563, 0.174111634493, 0.19122043252, 0.26923340559, 0.364896655083, 0.238628923893, 0.161350026727, 0.253611892462, 0.277628868818, 0.258464246988, 0.321173995733, 0.312242537737, 0.24508087337, 0.213213533163, 0.217288419604, 0.276800483465], "dvar": [0.0585988275707, 0.0576528720558, 0.0401606522501, 0.0395314693451, 0.0386859849095, 0.0380264297128, 0.0487318783998, 0.0524196177721, 0.0390139706433, 0.0314711779356, 0.0264499373734, 0.0284038223326, 0.0339427441359, 0.0368361026049, 0.0412009954453, 0.0518117062747, 0.0534128174186, 0.0536554306746, 0.0398654937744, 0.0380867794156, 0.0309381745756, 0.0274937599897, 0.0315767452121, 0.039427511394, 0.0854257494211, 0.0359166972339, 0.0250479411334, 0.041992507875, 0.0435521639884, 0.0391602739692, 0.0556695908308, 0.0604921244085, 0.0436402857304, 0.0395830199122, 0.0392213761806, 0.047599799931], "min": [0, 0, 0, 0, 0, 0, 0, 0, 0, 0, 0, 0, 0, 0, 0, 0, 0, 0, 0, 0, 0, 0, 0, 0, 0, 0, 0, 0, 0, 0, 0, 0, 0, 0, 0, 0], "median": [0.150692433119, 0.160107791424, 0.084477737546, 0.025641342625, 0.0196440145373, 0.031627766788, 0.0750570967793, 0.0877748504281, 0.0586662851274, 0.0288395155221, 0.0212812889367, 0.0247604493052, 0.0440024808049, 0.0553891137242, 0.0628362447023, 0.11185285449, 0.150938212872, 0.100613325834, 0.0424016341567, 0.0245328824967, 0.0251847971231, 0.0463509485126, 0.0554904639721, 0.0565923862159, 0.0375147238374, 0.0296491719782, 0.0325892455876, 0.0894729867578, 0.10747820884, 0.0783128365874, 0.0732163265347, 0.06615434587, 0.0470372363925, 0.0293273553252, 0.0296487417072, 0.0573881007731], "max": [1, 1, 1, 1, 1, 1, 1, 1, 1, 1, 1, 1, 1, 1, 1, 1, 1, 1, 1, 1, 1, 1, 1, 1, 1, 1, 1, 1, 1, 1, 1, 1, 1, 1, 1, 1]}, "tuning_equal_tempered_deviation": 0.194264709949, "chords_key": "D", "chords_strength": {"dmean": 0.00931910984218, "dvar2": 8.12159050838e-05, "mean": 0.527107536793, "var": 0.00651895627379, "dmean2": 0.0104254819453, "dvar": 6.06973044341e-05, "min": 0.239880532026, "median": 0.535273015499, "max": 0.731362342834}, "tuning_diatonic_strength": 0.641613483429, "thpcp": [1, 0.546805381775, 0.309592783451, 0.282585859299, 0.356696218252, 0.739662945271, 0.887181758881, 0.533128619194, 0.285179167986, 0.22266510129, 0.229582920671, 0.349886327982, 0.417396605015, 0.442940473557, 0.728290557861, 0.912717223167, 0.664504289627, 0.388799518347, 0.269967556, 0.259607195854, 0.362423747778, 0.414914220572, 0.455647677183, 0.502991259098, 0.351884573698, 0.306409209967, 0.618498504162, 0.712452828884, 0.535879194736, 0.676383197308, 0.731764018536, 0.46292886138, 0.322943717241, 0.332935392857, 0.468589901924, 0.908214509487], "chords_histogram": [24.0494060516, 3.58440303802, 6.9508357048, 0, 1.08985221386, 0, 9.5664806366, 0, 0.847662866116, 0, 0.871881783009, 0, 0, 0, 0, 7.16880607605, 0.096875756979, 8.76725578308, 0.581254541874, 0.0242189392447, 0, 4.91644477844, 12.9813518524, 18.5032691956], "tuning_nontempered_energy_ratio": 0.921879470348, "tuning_frequency": 434.193115234, "key_strength": 0.771143496037, "chords_changes_rate": 0.0707193017006, "key_scale": "major", "hpcp_entropy": {"dmean": 0.677360832691, "dvar2": 0.784997522831, "mean": 2.12656283379, "var": 0.610422670841, "dmean2": 1.14521980286, "dvar": 0.287889629602, "min": 0, "median": 2.16669535637, "max": 4.43883752823}, "key_key": "D", "chords_number_rate": 0.00242189387791}, "lowlevel": {"melbands_skewness": {"dmean": 0.82283192873, "dvar2": 2.54151582718, "mean": 2.38123679161, "var": 4.18818855286, "dmean2": 1.32593977451, "dvar": 0.991748273373, "min": -1.45688354969, "median": 1.95395851135, "max": 20.1365184784}, "melbands_kurtosis": {"dmean": 8.718542099, "dvar2": 1419.42614746, "mean": 14.0567903519, "var": 1251.60473633, "dmean2": 14.8598718643, "dvar": 490.187713623, "min": -1.84259498119, "median": 4.76347208023, "max": 599.130493164}, "barkbands_kurtosis": {"dmean": 3.51505589485, "dvar2": 288.511627197, "mean": 4.52969884872, "var": 185.816299438, "dmean2": 5.8985543251, "dvar": 97.4032363892, "min": -1.95989823341, "median": 0.832860946655, "max": 299.629638672}, "hfc": {"dmean": 5.72293663025, "dvar2": 151.056365967, "mean": 22.2649974823, "var": 517.393981934, "dmean2": 8.70146369934, "dvar": 69.4165649414, "min": 1.20854184458e-16, "median": 13.1212282181, "max": 180.74458313}, "silence_rate_20dB": {"dmean": 0, "dvar2": 0, "mean": 1, "var": 0, "dmean2": 0, "dvar": 0, "min": 1, "median": 1, "max": 1}, "erbbands_flatness_db": {"dmean": 0.018981186673, "dvar2": 0.000653063587379, "mean": 0.156740054488, "var": 0.00245379051194, "dmean2": 0.027454379946, "dvar": 0.000352819508407, "min": 0.0347637720406, "median": 0.151980832219, "max": 0.304302990437}, "spectral_flux": {"dmean": 0.0270448513329, "dvar2": 0.002494195709, "mean": 0.0863161608577, "var": 0.00346474954858, "dmean2": 0.0420341677964, "dvar": 0.00137615355197, "min": 7.30689467265e-11, "median": 0.0754916891456, "max": 0.337614625692}, "spectral_energyband_low": {"dmean": 0.00795851647854, "dvar2": 0.000875322264619, "mean": 0.00979484431446, "var": 0.000272225064691, "dmean2": 0.0138193694875, "dvar": 0.000320644729072, "min": 2.39612145449e-23, "median": 0.00558626418933, "max": 0.149494543672}, "spectral_rolloff": {"dmean": 572.819213867, "dvar2": 3212505, "mean": 1740.47412109, "var": 4066369, "dmean2": 962.979309082, "dvar": 1675748.375, "min": 64.599609375, "median": 1335.05859375, "max": 18906.1523438}, "spectral_entropy": {"dmean": 0.165438696742, "dvar2": 0.0581897720695, "mean": 7.62641954422, "var": 0.203597545624, "dmean2": 0.236343055964, "dvar": 0.0314305238426, "min": 5.80251455307, "median": 7.66456747055, "max": 9.81821346283}, "spectral_energy": {"dmean": 0.0106775937602, "dvar2": 0.000957217358518, "mean": 0.0255220383406, "var": 0.000561809400097, "dmean2": 0.0179822444916, "dvar": 0.000357308948878, "min": 1.10621424022e-20, "median": 0.0191007554531, "max": 0.169441118836}, "spectral_centroid": {"dmean": 217.906066895, "dvar2": 144267.40625, "mean": 1287.18493652, "var": 347544.09375, "dmean2": 336.89151001, "dvar": 75334.0625, "min": 173.425460815, "median": 1291.87548828, "max": 11421.9423828}, "barkbands_flatness_db": {"dmean": 0.0230139270425, "dvar2": 0.00126926612575, "mean": 0.127974167466, "var": 0.00296254991554, "dmean2": 0.0363491997123, "dvar": 0.000527482014149, "min": 0.0237978287041, "median": 0.121104076505, "max": 0.393763184547}, "spectral_rms": {"dmean": 0.000881813291926, "dvar2": 3.88331682188e-06, "mean": 0.0044603459537, "var": 5.0048988669e-06, "dmean2": 0.00143663049676, "dvar": 1.51085532707e-06, "min": 3.28516879498e-12, "median": 0.00431681377813, "max": 0.0128572313115}, "melbands": {"dmean": [0.00147888227366, 0.00165188661776, 0.000496545748319, 0.000292713491945, 0.000201535105589, 0.000157528862474, 0.000135491034598, 0.00010312665836, 0.000133311812533, 8.73708413565e-05, 0.000116583061754, 0.000175529741682, 5.7773784647e-05, 6.35047254036e-05, 5.15206447744e-05, 4.38236857008e-05, 4.50741463283e-05, 5.22288391949e-05, 3.89144697692e-05, 3.36750017595e-05, 2.41378565988e-05, 1.59414194059e-05, 1.35466998472e-05, 5.96712015977e-06, 3.8964376472e-06, 3.84597478842e-06, 2.81981988337e-06, 1.94926246877e-06, 1.85428632449e-06, 1.45450167111e-06, 1.39210078487e-06, 1.28336716898e-06, 1.05740241452e-06, 9.88964529824e-07, 8.25508266189e-07, 9.00736608855e-07, 1.45215130942e-06, 1.81342409178e-06, 1.58128921157e-06, 1.07536709493e-06], "dvar2": [3.64175684808e-05, 4.23582750955e-05, 1.60323213549e-06, 8.39440019718e-07, 3.31344750748e-07, 2.07331652291e-07, 1.68257486166e-07, 1.42455789387e-07, 3.52283052507e-07, 1.99675483259e-07, 2.17065888819e-07, 5.16424336183e-07, 8.46029735158e-08, 5.70922544796e-08, 4.93981318073e-08, 2.96415549883e-08, 3.06993790389e-08, 5.7220859162e-08, 3.77391700113e-08, 2.17953211035e-08, 7.62177343461e-09, 4.01893629487e-09, 2.11615103218e-09, 3.3881450423e-10, 1.44510348132e-10, 1.52986109891e-10, 7.59257726135e-11, 4.48812584319e-11, 3.671284457e-11, 1.78875473461e-11, 1.6299758418e-11, 1.39739643468e-11, 1.38594006063e-11, 1.11935946623e-11, 8.89065817494e-12, 1.2798553016e-11, 6.91211948789e-11, 9.08000549749e-11, 5.39474680206e-11, 2.45026603174e-11], "mean": [0.00139818014577, 0.0018728650175, 0.000866517424583, 0.000444828096079, 0.000313714641379, 0.000239951128606, 0.000224207673455, 0.000163270480698, 0.000188528458239, 0.000127527717268, 0.000203284260351, 0.000307803886244, 0.000109549931949, 0.000101184334198, 8.2488397311e-05, 7.53687636461e-05, 7.34688001103e-05, 7.68815880292e-05, 6.16486067884e-05, 4.85301898152e-05, 4.65392367914e-05, 2.85542337224e-05, 2.27411383094e-05, 1.11951439976e-05, 7.50945946493e-06, 7.52022242523e-06, 6.1656996877e-06, 4.14791247749e-06, 3.80619826501e-06, 3.30407260662e-06, 3.15118472827e-06, 2.91989363177e-06, 2.25044550461e-06, 1.98691691367e-06, 1.65689220921e-06, 1.65820108577e-06, 2.41568136516e-06, 2.9431821531e-06, 2.58286581811e-06, 1.74151705323e-06], "var": [1.03268621388e-05, 1.09406910269e-05, 8.46044088121e-07, 3.42163502864e-07, 2.65507736685e-07, 1.16356090984e-07, 1.04229911813e-07, 7.2496881387e-08, 1.72439769131e-07, 8.91603946229e-08, 1.45343733493e-07, 5.41030033219e-07, 9.69952083096e-08, 4.72413184127e-08, 4.38846257111e-08, 2.95134778838e-08, 3.05517744437e-08, 3.34169776295e-08, 3.12665591196e-08, 1.43987852752e-08, 9.39195743399e-09, 3.15039994092e-09, 1.60418778261e-09, 2.92269791702e-10, 1.15331855177e-10, 1.31403249393e-10, 8.38226155153e-11, 4.18264485547e-11, 3.64715237178e-11, 2.35935663367e-11, 2.05523740388e-11, 1.91453276843e-11, 1.35898445275e-11, 1.10202316023e-11, 1.0255716415e-11, 1.33953308515e-11, 6.00883717783e-11, 9.03945668318e-11, 6.13495573787e-11, 2.69775850964e-11], "dmean2": [0.00258828094229, 0.0029775982257, 0.00084986560978, 0.000501820759382, 0.000331854593242, 0.000264227855951, 0.000221876674914, 0.000173664084286, 0.000215296633542, 0.000142593067721, 0.000188454403542, 0.000271013181191, 9.05004781089e-05, 0.000100444493, 8.03078146419e-05, 6.77500138409e-05, 7.04557678546e-05, 8.30290009617e-05, 6.14330492681e-05, 5.35267536179e-05, 3.75702948077e-05, 2.53886937571e-05, 2.19089506572e-05, 9.78092975856e-06, 6.45942827759e-06, 6.33965055385e-06, 4.61312765765e-06, 3.2248988191e-06, 3.07981349579e-06, 2.36360256167e-06, 2.29811530517e-06, 2.0944296466e-06, 1.73817431914e-06, 1.58676209594e-06, 1.27853320464e-06, 1.36016137731e-06, 2.10018265534e-06, 2.67955078925e-06, 2.33880950873e-06, 1.58140767326e-06], "dvar": [1.32189343276e-05, 1.49028674059e-05, 5.95933840941e-07, 3.05589736627e-07, 1.32233623162e-07, 7.85380649404e-08, 6.35347063849e-08, 5.15048732552e-08, 1.40003535876e-07, 8.01861759214e-08, 8.36860749587e-08, 2.21541696988e-07, 3.38102204012e-08, 2.37097221856e-08, 2.1898264535e-08, 1.30385364727e-08, 1.39359990214e-08, 2.32717614068e-08, 1.49051349041e-08, 9.21400555853e-09, 3.49100992558e-09, 1.63674029885e-09, 8.54287307561e-10, 1.32039684742e-10, 5.49410655859e-11, 5.82305384467e-11, 2.90029493477e-11, 1.66976085736e-11, 1.35137517496e-11, 7.16085003793e-12, 6.46525584805e-12, 5.70896411742e-12, 5.40649339534e-12, 4.44693327301e-12, 3.79299456427e-12, 6.11356885255e-12, 3.32358585098e-11, 4.42822133129e-11, 2.78574247004e-11, 1.23216376338e-11], "min": [2.75802713253e-24, 3.7195722537e-24, 4.12129651424e-24, 2.55443297973e-24, 4.05121411142e-24, 2.90053485506e-24, 4.41108535664e-24, 4.31743652314e-24, 1.84434693565e-24, 3.83837233945e-24, 8.9096687983e-24, 7.21180031655e-24, 1.00605703162e-23, 6.52652552565e-24, 6.01430709584e-24, 5.56549967217e-24, 7.082348242e-24, 7.65794139036e-24, 7.25766705616e-24, 7.27613192337e-24, 5.37145763886e-24, 3.93061029522e-24, 7.97065689724e-24, 4.13160219311e-24, 5.1340274669e-24, 9.88588416851e-24, 7.93382892588e-24, 7.72783604428e-24, 8.15750018036e-24, 9.9102031725e-24, 7.7316351984e-24, 8.97499752531e-24, 7.23905546082e-24, 8.69075043077e-24, 7.67984490225e-24, 1.07057804395e-23, 1.1238604705e-23, 7.98303175826e-24, 9.1887228215e-24, 1.12948915083e-23], "median": [0.000336670113029, 0.00109299342148, 0.000666341220494, 0.000270736927632, 0.000152290798724, 0.000124715093989, 0.000107370266051, 6.88424697728e-05, 6.43083330942e-05, 5.16610816703e-05, 6.49803259876e-05, 6.23151427135e-05, 2.50495322689e-05, 3.11127478199e-05, 2.26549200306e-05, 2.60236374743e-05, 2.26111387747e-05, 1.90625378309e-05, 1.21302973639e-05, 1.10081809908e-05, 1.11400322567e-05, 8.50291144161e-06, 7.90013018559e-06, 4.48554783361e-06, 2.68799112746e-06, 2.73819773611e-06, 1.69747954715e-06, 1.11047313567e-06, 1.01236537375e-06, 1.04565140191e-06, 1.04247362742e-06, 8.94454842637e-07, 5.92062974647e-07, 5.73259228531e-07, 4.79508742046e-07, 4.91905382205e-07, 5.06223386765e-07, 5.25141388152e-07, 4.15758364625e-07, 2.81585329276e-07], "max": [0.0337873771787, 0.0326530411839, 0.0086779948324, 0.00900641828775, 0.00732679106295, 0.00479540601373, 0.00461098924279, 0.00383398821577, 0.00812802370638, 0.00729674100876, 0.00692729000002, 0.0111049748957, 0.00534812454134, 0.00319700245745, 0.00295726279728, 0.00366956554353, 0.00294268201105, 0.00311867124401, 0.00229993206449, 0.0017968241591, 0.00143078435212, 0.00119949353393, 0.000695691152941, 0.000261081731878, 0.000136731672683, 0.000175022141775, 0.000148720195284, 0.000107717707579, 0.000107645573735, 6.13557567704e-05, 5.13778832101e-05, 4.59149632661e-05, 3.67251122952e-05, 3.45064072462e-05, 6.40824873699e-05, 0.000104919745354, 0.000278861174593, 0.000291948526865, 0.000104805585579, 6.83787147864e-05]}, "barkbands_crest": {"dmean": 2.86466240883, "dvar2": 21.050409317, "mean": 9.22481918335, "var": 17.3925628662, "dmean2": 4.7921538353, "dvar": 7.89016151428, "min": 2.45640873909, "median": 8.27058410645, "max": 25.1254844666}, "mfcc": {"icov": [[0.000126182145323, 5.44532213098e-06, -3.06523688778e-05, 7.89521509432e-05, 0.000209143996472, -0.00014022855612, 0.000157831571414, 4.02469459004e-06, -0.000313771830406, -1.34493438964e-05, 0.000238645152422, -0.000126276790979, -0.000157305446919], [5.44532213098e-06, 0.001077489811, 0.00064818712417, -0.000686106912326, -0.000435181398643, 0.000208444689633, -0.000273682497209, -5.8051187807e-05, 0.00102121871896, -0.000291319738608, -0.000301427440718, 1.84521850315e-05, 0.000412077526562], [-3.06523688778e-05, 0.00064818712417, 0.00187434104737, -0.000648978806566, -0.000842955370899, -0.000137359849759, -0.000420125725213, 0.000347960769432, 0.000753692758735, -0.000146767386468, 0.000330127717461, -0.000761395611335, 0.000475183041999], [7.89521509432e-05, -0.000686106912326, -0.000648978806566, 0.00408495543525, 0.000139310577651, -0.00176698889118, -7.50430481276e-05, 7.84278454375e-05, -0.000842744717374, -0.000460382143501, 0.000111701585411, -2.0282683181e-05, -0.00218655820936], [0.000209143996472, -0.000435181398643, -0.000842955370899, 0.000139310577651, 0.00392620032653, 0.0009235930047, -0.000252209429163, 7.81142152846e-05, -0.00144196604379, -0.000647301552817, 7.66278608353e-05, 0.000106107720057, -0.000624494976364], [-0.00014022855612, 0.000208444689633, -0.000137359849759, -0.00176698889118, 0.0009235930047, 0.00765489134938, -0.00160724541638, -0.000769666163251, -0.00158908369485, -0.000255621998804, -0.00210046465509, -0.000792469654698, 0.00101803115103], [0.000157831571414, -0.000273682497209, -0.000420125725213, -7.50430481276e-05, -0.000252209429163, -0.00160724541638, 0.00878029875457, -0.00266871252097, -0.000754823617171, 0.000289100687951, -0.000527033174876, -0.00131302396767, 0.000426835700637], [4.02469459004e-06, -5.8051187807e-05, 0.000347960769432, 7.84278454375e-05, 7.81142152846e-05, -0.000769666163251, -0.00266871252097, 0.0108657078817, -0.00228408700787, -0.00113681401126, 0.000935516844038, -0.000409472646425, -0.00075995340012], [-0.000313771830406, 0.00102121871896, 0.000753692758735, -0.000842744717374, -0.00144196604379, -0.00158908369485, -0.000754823617171, -0.00228408700787, 0.0115496739745, -0.00126767053735, -0.000231404308579, 0.000453191110864, -0.00100597378332], [-1.34493438964e-05, -0.000291319738608, -0.000146767386468, -0.000460382143501, -0.000647301552817, -0.000255621998804, 0.000289100687951, -0.00113681401126, -0.00126767053735, 0.0123885925859, -0.0047190207988, 0.000726027297787, 0.000117056290037], [0.000238645152422, -0.000301427440718, 0.000330127717461, 0.000111701585411, 7.66278608353e-05, -0.00210046465509, -0.000527033174876, 0.000935516844038, -0.000231404308579, -0.0047190207988, 0.0175752490759, -0.00504653947428, -0.000698025687598], [-0.000126276790979, 1.84521850315e-05, -0.000761395611335, -2.0282683181e-05, 0.000106107720057, -0.000792469654698, -0.00131302396767, -0.000409472646425, 0.000453191110864, 0.000726027297787, -0.00504653947428, 0.0191879346967, -0.00307948002592], [-0.000157305446919, 0.000412077526562, 0.000475183041999, -0.00218655820936, -0.000624494976364, 0.00101803115103, 0.000426835700637, -0.00075995340012, -0.00100597378332, 0.000117056290037, -0.000698025687598, -0.00307948002592, 0.015500378795]], "mean": [-655.437133789, 124.48349762, -4.00934743881, 8.81066989899, 13.5798606873, 3.97969484329, 0.921280860901, 4.9242310524, 1.30048763752, 0.649918913841, -0.732410609722, -0.970677912235, -4.38805389404], "cov": [[10721.4375, -850.1875, 29.5608615875, -84.5137405396, -600.490478516, 275.004730225, -140.049835205, 64.4726028442, 324.961883545, -44.0253982544, -118.317527771, 59.6639823914, 111.290977478], [-850.1875, 1436.17016602, -374.178497314, 155.017593384, 97.1785507202, -36.3255119324, 31.8640804291, 1.86083984375, -99.6851959229, 45.8556976318, 45.4704284668, -11.3016624451, -14.9689855576], [29.5608615875, -374.178497314, 765.641479492, 77.4417724609, 116.411087036, 38.5465545654, 37.0824508667, -11.5770616531, 9.18982696533, 5.35369491577, -4.4756064415, 33.5072021484, 5.28121471405], [-84.5137405396, 155.017593384, 77.4417724609, 366.115570068, 30.6932811737, 103.722625732, 47.1362113953, 28.3733177185, 40.396697998, 37.6559371948, 31.6810436249, 24.2594680786, 47.3942642212], [-600.490478516, 97.1785507202, 116.411087036, 30.6932811737, 341.593963623, -34.4498405457, 25.0354003906, 3.4969792366, 13.7855882645, 26.2598991394, 10.5714588165, 2.01419520378, 9.16317558289], [275.004730225, -36.3255119324, 38.5465545654, 103.722625732, -34.4498405457, 202.586257935, 53.3478012085, 38.3397598267, 53.9145469666, 25.0274028778, 33.3210716248, 25.0948257446, 12.7200336456], [-140.049835205, 31.8640804291, 37.0824508667, 47.1362113953, 25.0354003906, 53.3478012085, 149.192138672, 45.1511573792, 25.2606239319, 14.784239769, 19.6322612762, 18.6104946136, 4.96352052689], [64.4726028442, 1.86083984375, -11.5770616531, 28.3733177185, 3.4969792366, 38.3397598267, 45.1511573792, 116.52557373, 38.8619537354, 17.7572517395, 7.33489084244, 9.33919525146, 11.6285018921], [324.961883545, -99.6851959229, 9.18982696533, 40.396697998, 13.7855882645, 53.9145469666, 25.2606239319, 38.8619537354, 128.850128174, 20.3554782867, 9.10390663147, 9.14482021332, 20.0244026184], [-44.0253982544, 45.8556976318, 5.35369491577, 37.6559371948, 26.2598991394, 25.0274028778, 14.784239769, 17.7572517395, 20.3554782867, 100.595108032, 33.2016029358, 7.75928020477, 6.95776700974], [-118.317527771, 45.4704284668, -4.4756064415, 31.6810436249, 10.5714588165, 33.3210716248, 19.6322612762, 7.33489084244, 9.10390663147, 33.2016029358, 79.1658935547, 22.5885925293, 8.64604568481], [59.6639823914, -11.3016624451, 33.5072021484, 24.2594680786, 2.01419520378, 25.0948257446, 18.6104946136, 9.33919525146, 9.14482021332, 7.75928020477, 22.5885925293, 64.3755111694, 16.020980835], [111.290977478, -14.9689855576, 5.28121471405, 47.3942642212, 9.16317558289, 12.7200336456, 4.96352052689, 11.6285018921, 20.0244026184, 6.95776700974, 8.64604568481, 16.020980835, 77.3521957397]]}, "spectral_decrease": {"dmean": 2.74719114124e-09, "dvar2": 6.58848828503e-17, "mean": -6.22710505382e-09, "var": 3.53020733841e-17, "dmean2": 4.6365933315e-09, "dvar": 2.45445067998e-17, "min": -4.40165450755e-08, "median": -4.70252370377e-09, "max": 1.37377979232e-28}, "zerocrossingrate": {"dmean": 0.0127371856943, "dvar2": 0.000386124331271, "mean": 0.0661391913891, "var": 0.00228719622828, "dmean2": 0.01466263365, "dvar": 0.000373185030185, "min": 0.0029296875, "median": 0.05615234375, "max": 0.50048828125}, "spectral_contrast_coeffs": {"dmean": [0.0490578040481, 0.0463262610137, 0.0404724963009, 0.0301063265651, 0.0219021495432, 0.0187232047319], "dvar2": [0.0040222783573, 0.00372824515216, 0.00260816747323, 0.00153216999024, 0.000823686248623, 0.000635902688373], "mean": [-0.654055416584, -0.75729393959, -0.756601989269, -0.783838629723, -0.789556026459, -0.783143758774], "var": [0.00596300326288, 0.00421226536855, 0.00504300417379, 0.00353289255872, 0.00219126325101, 0.0021693254821], "dmean2": [0.0806552171707, 0.0766047015786, 0.0640888810158, 0.0487225875258, 0.0350809134543, 0.0288647711277], "dvar": [0.00157103396486, 0.00135895330459, 0.00108945800457, 0.000643929641228, 0.000353157054633, 0.000295673991786], "min": [-0.977389574051, -0.965948581696, -0.971723616123, -0.966115057468, -0.961871027946, -0.963613927364], "median": [-0.656272351742, -0.761167705059, -0.76300907135, -0.795187532902, -0.793857514858, -0.779866755009], "max": [-0.336282908916, -0.453873038292, -0.516976833344, -0.544580221176, -0.534572482109, -0.546141624451]}, "spectral_skewness": {"dmean": 0.231221392751, "dvar2": 0.147630706429, "mean": 1.6905053854, "var": 0.285595417023, "dmean2": 0.355085670948, "dvar": 0.064619243145, "min": -0.0974596366286, "median": 1.64859902859, "max": 4.40900945663}, "spectral_energyband_middle_high": {"dmean": 0.0023128525354, "dvar2": 3.40349979524e-05, "mean": 0.00781097076833, "var": 9.61504629231e-05, "dmean2": 0.00350772263482, "dvar": 1.47411274156e-05, "min": 1.33322016626e-21, "median": 0.00357619882561, "max": 0.0774480178952}, "gfcc": {"icov": [[0.000101301753602, -4.11939436162e-05, 0.000142480697832, -9.00313243619e-05, 0.000221350506763, -0.000194937849301, 1.48113513205e-05, -0.000173856475158, -5.50339382244e-06, -0.000278298859484, 0.000267211988103, -0.000321015919326, 0.000184057338629], [-4.11939436162e-05, 0.0018310083542, -9.46521540754e-05, 0.000112932335469, -0.00100742082577, 0.0014277251903, -0.000727475620806, 0.000993551453575, -0.000738824368455, 0.00180225563236, -0.00296205095947, 0.0028168449644, -0.00175754656084], [0.000142480697832, -9.46521540754e-05, 0.00198144325987, -0.00149762211367, -8.31952056615e-05, -0.00102169474121, 0.000799145491328, -0.00116987014189, 0.00143555179238, -0.00136439863127, 0.000531680649146, -0.00128989527002, 0.00179952860344], [-9.00313243619e-05, 0.000112932335469, -0.00149762211367, 0.00450747087598, -0.000350921822246, 1.85364733625e-05, -0.001082135248, 0.0013735932298, -0.00222201785073, 5.58519104743e-07, -0.000104033817479, 0.00107304903213, -0.00148785486817], [0.000221350506763, -0.00100742082577, -8.31952056615e-05, -0.000350921822246, 0.00416562799364, -0.000300500250887, -0.00093405158259, -0.00182231760118, -0.000407397426898, -0.000828434072901, 0.00113728898577, -0.000787506287452, 0.000387790962122], [-0.000194937849301, 0.0014277251903, -0.00102169474121, 1.85364733625e-05, -0.000300500250887, 0.00695952353999, -0.00123483897187, -0.000878548657056, -0.000625860353466, 0.00119000673294, -0.00225620088167, 0.0022184678819, -0.00297063519247], [1.48113513205e-05, -0.000727475620806, 0.000799145491328, -0.001082135248, -0.00093405158259, -0.00123483897187, 0.00472862320021, 0.000655089039356, -0.00063765438972, -0.000947190157603, 0.00141638878267, -0.00302882748656, 0.00281696487218], [-0.000173856475158, 0.000993551453575, -0.00116987014189, 0.0013735932298, -0.00182231760118, -0.000878548657056, 0.000655089039356, 0.0104117617011, -0.00175028573722, 0.00106915167999, -0.000805697054602, 0.00107250828296, -0.00191139336675], [-5.50339382244e-06, -0.000738824368455, 0.00143555179238, -0.00222201785073, -0.000407397426898, -0.000625860353466, -0.00063765438972, -0.00175028573722, 0.0112759135664, -0.00359255890362, -0.000448762206361, -5.17187691003e-05, -0.000261144421529], [-0.000278298859484, 0.00180225563236, -0.00136439863127, 5.58519104743e-07, -0.000828434072901, 0.00119000673294, -0.000947190157603, 0.00106915167999, -0.00359255890362, 0.0157060306519, -0.00469662668183, 0.00216070236638, -0.00164366548415], [0.000267211988103, -0.00296205095947, 0.000531680649146, -0.000104033817479, 0.00113728898577, -0.00225620088167, 0.00141638878267, -0.000805697054602, -0.000448762206361, -0.00469662668183, 0.0187329296023, -0.00491280388087, 0.00283300457522], [-0.000321015919326, 0.0028168449644, -0.00128989527002, 0.00107304903213, -0.000787506287452, 0.0022184678819, -0.00302882748656, 0.00107250828296, -5.17187691003e-05, 0.00216070236638, -0.00491280388087, 0.0199562124908, -0.00842600502074], [0.000184057338629, -0.00175754656084, 0.00179952860344, -0.00148785486817, 0.000387790962122, -0.00297063519247, 0.00281696487218, -0.00191139336675, -0.000261144421529, -0.00164366548415, 0.00283300457522, -0.00842600502074, 0.0175887197256]], "mean": [-17.3902664185, 95.3106689453, -118.932044983, 24.3768959045, -50.3654441833, 21.0319862366, -41.3500137329, 10.3666715622, -22.502407074, -2.66084313393, -15.5735292435, -3.93189311028, -9.21734714508], "cov": [[15249.015625, -1600.59362793, -543.912353516, 3.22883653641, -947.816833496, 484.790771484, -23.2095527649, 173.265014648, 56.4873390198, 224.731491089, -207.038742065, 277.698822021, 49.9522666931], [-1600.59362793, 1783.57226562, -425.280517578, 26.6086006165, 385.677246094, -294.636291504, 212.340957642, -152.509002686, 136.662338257, -98.2468414307, 169.946487427, -155.547866821, 22.8454933167], [-543.912353516, -425.280517578, 1074.13525391, 243.146453857, 34.9916305542, 170.873275757, -91.2202453613, 112.903785706, -71.9312591553, 74.5445785522, -25.0932540894, 37.3816680908, -43.317527771], [3.22883653641, 26.6086006165, 243.146453857, 364.097808838, 77.260597229, 50.5205230713, 88.9639892578, -2.8442966938, 66.1459197998, 40.9255867004, 5.58456754684, 3.30111193657, 6.30830574036], [-947.816833496, 385.677246094, 34.9916305542, 77.260597229, 417.815643311, -33.6513900757, 126.977752686, 18.8488445282, 59.8332862854, -0.715451598167, 30.2159938812, -24.3574714661, 2.5151321888], [484.790771484, -294.636291504, 170.873275757, 50.5205230713, -33.6513900757, 238.304351807, -0.205593526363, 59.3808822632, -0.986338973045, 27.1610221863, -13.3317375183, 27.9734573364, 17.8246841431], [-23.2095527649, 212.340957642, -91.2202453613, 88.9639892578, 126.977752686, -0.205593526363, 334.45199585, -34.9673271179, 65.0708465576, 11.8777227402, 12.5386838913, 11.7879714966, -16.1761741638], [173.265014648, -152.509002686, 112.903785706, -2.8442966938, 18.8488445282, 59.3808822632, -34.9673271179, 135.882110596, 2.01849675179, 12.1270608902, -10.1645469666, 13.9762544632, 10.6316843033], [56.4873390198, 136.662338257, -71.9312591553, 66.1459197998, 59.8332862854, -0.986338973045, 65.0708465576, 2.01849675179, 135.111175537, 25.3451499939, 20.6647815704, -6.47220373154, 12.2771081924], [224.731491089, -98.2468414307, 74.5445785522, 40.9255867004, -0.715451598167, 27.1610221863, 11.8777227402, 12.1270608902, 25.3451499939, 90.0172424316, 8.24235248566, 10.658449173, 0.251709491014], [-207.038742065, 169.946487427, -25.0932540894, 5.58456754684, 30.2159938812, -13.3317375183, 12.5386838913, -10.1645469666, 20.6647815704, 8.24235248566, 80.2291259766, -4.2426700592, 2.27965044975], [277.698822021, -155.547866821, 37.3816680908, 3.30111193657, -24.3574714661, 27.9734573364, 11.7879714966, 13.9762544632, -6.47220373154, 10.658449173, -4.2426700592, 83.9516448975, 24.6990509033], [49.9522666931, 22.8454933167, -43.317527771, 6.30830574036, 2.5151321888, 17.8246841431, -16.1761741638, 10.6316843033, 12.2771081924, 0.251709491014, 2.27965044975, 24.6990509033, 81.9522476196]]}, "erbbands_spread": {"dmean": 8.5270986557, "dvar2": 209.074432373, "mean": 36.3040390015, "var": 507.6690979, "dmean2": 12.7950658798, "dvar": 103.456199646, "min": 4.25811910629, "median": 30.8928222656, "max": 179.250640869}, "erbbands_kurtosis": {"dmean": 0.990059375763, "dvar2": 4.39010667801, "mean": 0.76991212368, "var": 4.71913528442, "dmean2": 1.56799447536, "dvar": 1.80199849606, "min": -1.79934442043, "median": 0.165602207184, "max": 26.5454826355}, "dynamic_complexity": 4.68015289307, "erbbands_crest": {"dmean": 2.80129337311, "dvar2": 17.595872879, "mean": 9.27538394928, "var": 20.8511161804, "dmean2": 4.57510566711, "dvar": 7.06343746185, "min": 2.02405118942, "median": 8.10711765289, "max": 30.5966358185}, "erbbands": {"dmean": [0.146016687155, 1.42322492599, 2.91110181808, 2.97030329704, 3.46906781197, 4.62122011185, 6.19892787933, 7.04230737686, 8.97056293488, 9.20139026642, 16.7842235565, 13.1685609818, 22.129234314, 40.1424255371, 16.0241279602, 23.2790222168, 20.7330875397, 22.4713897705, 30.4030857086, 24.3424243927, 19.4660930634, 13.5457649231, 8.25683879852, 4.54078006744, 4.60568761826, 2.91069555283, 2.59026312828, 2.18921494484, 1.97658860683, 1.70451176167, 1.39527285099, 1.99716711044, 2.3912730217, 1.37842619419, 0.526407182217, 0.156498044729, 0.0237927939743, 0.00443078298122, 0.000811339181382, 3.33962561854e-05], "dvar2": [0.311761170626, 38.7750701904, 118.241783142, 65.3963317871, 81.1570510864, 241.263122559, 329.896331787, 447.012664795, 743.781494141, 1233.4284668, 5158.09814453, 4641.50097656, 8120.18554688, 26800.1601562, 4521.35449219, 8755.73632812, 8534.84082031, 6525.37158203, 16984.1191406, 9984.25683594, 4496.56591797, 2327.57519531, 702.817260742, 179.069747925, 213.110748291, 93.0615081787, 60.1483840942, 39.5196113586, 33.5431976318, 34.3655548096, 25.4182357788, 111.965812683, 135.074676514, 38.4728813171, 7.04831266403, 0.59875446558, 0.0083622103557, 0.000552432553377, 3.20512117469e-05, 2.74784426324e-08], "mean": [0.149384513497, 1.21126663685, 3.713565588, 4.84091997147, 5.70147705078, 6.46671438217, 9.50567245483, 10.5489320755, 14.6232767105, 14.8194875717, 24.172750473, 19.93608284, 39.4423141479, 72.0753555298, 32.5232048035, 37.748210907, 36.1750869751, 40.577747345, 48.5888710022, 39.6115837097, 39.3202476501, 27.0651702881, 16.5986442566, 10.0684480667, 10.0214490891, 6.93324422836, 6.0056347847, 5.47994089127, 4.88669252396, 3.72771048546, 2.9379222393, 3.571382761, 4.04463911057, 2.32468104362, 0.894762337208, 0.256162285805, 0.041601203382, 0.00710353814065, 0.00104294146877, 6.15567987552e-05], "var": [0.108047656715, 8.83822631836, 32.8359489441, 32.516242981, 46.0833892822, 89.4077529907, 286.026885986, 244.307693481, 455.772949219, 629.265075684, 2569.53540039, 2069.85913086, 5240.03222656, 28094.3515625, 5416.24804688, 6387.55908203, 8675.68652344, 7763.97607422, 11046.6796875, 8373.94140625, 5975.27734375, 2151.8840332, 585.243347168, 180.414428711, 221.467803955, 101.790733337, 79.4162445068, 59.9311676025, 52.6640777588, 35.852268219, 30.9834861755, 107.967468262, 154.663223267, 46.9315376282, 8.11711120605, 0.663456618786, 0.0100884223357, 0.000302170345094, 1.10016071631e-05, 1.10451994217e-08], "dmean2": [0.245336741209, 2.6086359024, 5.21131134033, 5.10586357117, 5.83701181412, 8.01087188721, 10.1428108215, 11.8740711212, 14.7090167999, 15.5219640732, 27.1257209778, 21.4334468842, 35.8229026794, 61.7753257751, 25.0010280609, 36.6183166504, 31.7619285583, 35.2400550842, 48.0518569946, 38.348941803, 29.9515705109, 21.4147472382, 13.2959403992, 7.42070627213, 7.55505514145, 4.79831933975, 4.23501968384, 3.54596590996, 3.20459318161, 2.72654151917, 2.09626841545, 2.84340119362, 3.50006151199, 2.00240755081, 0.764717042446, 0.227997839451, 0.0341822840273, 0.00664646364748, 0.0012538844021, 5.24377355759e-05], "dvar": [0.117722995579, 13.5645742416, 41.1775093079, 24.1127586365, 30.4693145752, 87.0539779663, 135.369644165, 170.00402832, 283.252593994, 441.106872559, 2034.66540527, 1862.08081055, 3106.51538086, 11484.5712891, 1838.76184082, 3656.78955078, 3772.00341797, 2978.43579102, 6809.45263672, 4068.19726562, 2082.14697266, 963.775878906, 280.6222229, 68.6309890747, 81.9224624634, 34.6844139099, 23.0362415314, 16.1068725586, 14.0525274277, 13.5632982254, 11.2237796783, 55.6401100159, 69.2353057861, 20.190454483, 3.49644684792, 0.289467215538, 0.00419208873063, 0.000225581141422, 1.2061189409e-05, 1.03958326392e-08], "min": [2.26643928499e-22, 1.79194401958e-21, 4.57361852782e-21, 1.07927214372e-20, 2.55281863395e-20, 5.91946472967e-20, 1.17515093933e-19, 1.31503596971e-19, 2.86683093476e-19, 3.50804661146e-19, 2.13994416202e-19, 5.89447612036e-19, 1.73757704229e-18, 1.84684594685e-18, 3.16867498224e-18, 2.73748496087e-18, 2.52430769571e-18, 4.30389103747e-18, 4.74151011336e-18, 5.27525005797e-18, 4.99870248609e-18, 4.17429375576e-18, 6.61913276246e-18, 6.85488709526e-18, 1.24976063501e-17, 1.34740682478e-17, 1.85652102353e-17, 1.3173359971e-17, 1.58319953875e-17, 1.39224787219e-17, 1.46806906694e-17, 1.87162054387e-17, 1.3745201509e-17, 1.31350491009e-17, 9.13202267739e-18, 4.94932187147e-18, 2.8422281535e-18, 1.21948756167e-18, 3.28148985499e-19, 3.72591454644e-20], "median": [0.0311909876764, 0.359836697578, 2.3791372776, 3.36851382256, 3.76400279999, 3.66445827484, 4.13167905807, 5.26484060287, 6.99192428589, 6.17796707153, 8.64469432831, 8.16797065735, 12.9280014038, 16.1731090546, 11.0126972198, 11.8906011581, 11.4233350754, 13.8800888062, 12.7024402618, 9.12025737762, 10.0805530548, 9.13704204559, 7.00830554962, 3.79191231728, 3.32422184944, 1.88713479042, 1.73762464523, 1.84427475929, 1.4990657568, 1.05206871033, 0.882405281067, 0.863837838173, 0.737109720707, 0.387890458107, 0.149042755365, 0.0449697040021, 0.00850309059024, 0.00123271718621, 0.000126429848024, 3.19341525028e-05], "max": [4.00358724594, 27.5968532562, 60.964225769, 58.4233703613, 88.1730194092, 140.784469604, 254.635253906, 221.118713379, 317.570526123, 352.839477539, 1004.35168457, 1204.22021484, 1365.14208984, 2497.30810547, 1017.9151001, 1181.27282715, 1579.64648438, 1394.55603027, 1650.22839355, 1278.41564941, 1156.44958496, 820.953979492, 595.17980957, 159.424102783, 215.327468872, 182.598571777, 112.120323181, 81.0452194214, 73.312538147, 59.2915840149, 115.933303833, 384.22644043, 309.635467529, 91.3463516235, 45.4267883301, 14.4873733521, 2.01884293556, 0.39495959878, 0.104119636118, 0.00314431311563]}, "silence_rate_30dB": {"dmean": 0.000968992244452, "dvar2": 0.00290360511281, "mean": 0.999515533447, "var": 0.000484204851091, "dmean2": 0.00193821929861, "dvar": 0.000968061678577, "min": 0, "median": 1, "max": 1}, "silence_rate_60dB": {"dmean": 0.0208333339542, "dvar2": 0.0440566837788, "mean": 0.112631708384, "var": 0.0999536439776, "dmean2": 0.0416717156768, "dvar": 0.0203939285129, "min": 0, "median": 0, "max": 1}, "spectral_energyband_middle_low": {"dmean": 0.00324756465852, "dvar2": 5.95654237259e-05, "mean": 0.00811010040343, "var": 5.02736365888e-05, "dmean2": 0.00533814216033, "dvar": 2.35695697484e-05, "min": 1.61237034845e-22, "median": 0.00661328947172, "max": 0.0631910786033}, "spectral_spread": {"dmean": 724762.125, "dvar2": 2048594804740.0, "mean": 4865597.5, "var": 5739886149630.0, "dmean2": 1005366.5, "dvar": 1339755986940.0, "min": 1338633.625, "median": 4397387, "max": 41163612}, "barkbands": {"dmean": [0.000184391261428, 0.00588168296963, 0.0023450080771, 0.00102139846422, 0.00126217422076, 0.000851058284752, 0.000632458424661, 0.000681882665958, 0.000619413272943, 0.00123984087259, 0.000387297564885, 0.000556332117412, 0.000462989410153, 0.000538515509106, 0.000562341825571, 0.00042058568215, 0.000312888238113, 0.000129069579998, 9.35679781833e-05, 6.24439562671e-05, 5.77444152441e-05, 5.32891026523e-05, 4.90713209729e-05, 0.000122738449136, 9.51253823587e-05, 2.02473456739e-05, 4.01525858251e-06], "dvar2": [3.97980358002e-07, 0.000612267001998, 6.4086074417e-05, 7.02151646692e-06, 1.34537367558e-05, 5.18807655681e-06, 4.17514002038e-06, 6.97295536156e-06, 7.89359819464e-06, 2.27770451602e-05, 3.88765738535e-06, 4.67138170279e-06, 3.70836619368e-06, 5.48823800273e-06, 6.05556442679e-06, 2.57971669271e-06, 1.16598516797e-06, 1.91200328459e-07, 8.47412522376e-08, 4.07471070218e-08, 2.5158708894e-08, 2.86056991428e-08, 2.81129111102e-08, 3.53728410118e-07, 1.87253391459e-07, 8.8719094