{"tonal": {"chords_number_rate": 0.00262191914953, "thpcp": [1, 0.870762586594, 0.399083822966, 0.205001816154, 0.280495613813, 0.544774413109, 0.754795134068, 0.568135917187, 0.27215269208, 0.179058253765, 0.250279217958, 0.498855173588, 0.641759634018, 0.648872315884, 0.828728735447, 0.82694119215, 0.543666183949, 0.334188789129, 0.220594033599, 0.215903177857, 0.439098507166, 0.701221466064, 0.616323471069, 0.362619996071, 0.235631272197, 0.245224267244, 0.444925129414, 0.599577486515, 0.483413636684, 0.400716453791, 0.430269986391, 0.372132182121, 0.284485220909, 0.24037463963, 0.28418469429, 0.595527768135], "hpcp": {"dvar": [0.0351020395756, 0.0405939854681, 0.0411013141274, 0.0351132042706, 0.0267405956984, 0.0206094104797, 0.0249787978828, 0.0312376357615, 0.0357667244971, 0.033448215574, 0.0286110751331, 0.0245243385434, 0.025528261438, 0.0302176307887, 0.0332291387022, 0.0269546322525, 0.0268924478441, 0.0296392608434, 0.0262809246778, 0.0224702320993, 0.0206019897014, 0.0234822202474, 0.0310665257275, 0.0408921949565, 0.0527656786144, 0.0276435241103, 0.0197895597667, 0.0278512388468, 0.0331635661423, 0.0343299172819, 0.0298968944699, 0.0222921296954, 0.0200688429177, 0.0244387947023, 0.0307551566511, 0.0375626645982], "mean": [0.185775071383, 0.2372687608, 0.236756980419, 0.155654072762, 0.0956797525287, 0.0631570667028, 0.0618140511215, 0.125715881586, 0.200762867928, 0.176456183195, 0.103819735348, 0.0674622952938, 0.0702088102698, 0.127384066582, 0.171661734581, 0.138403505087, 0.114726923406, 0.123188234866, 0.106543123722, 0.0814493969083, 0.0688203424215, 0.0813633576035, 0.17050229013, 0.286304503679, 0.249303251505, 0.114259496331, 0.0586929433048, 0.0803071558475, 0.155971363187, 0.216101244092, 0.162659868598, 0.0779185444117, 0.0512651838362, 0.0716560706496, 0.142824485898, 0.183738678694], "min": [0, 0, 0, 0, 0, 0, 0, 0, 0, 0, 0, 0, 0, 0, 0, 0, 0, 0, 0, 0, 0, 0, 0, 0, 0, 0, 0, 0, 0, 0, 0, 0, 0, 0, 0, 0], "median": [0.0727145075798, 0.059425637126, 0.0613065361977, 0.0487464927137, 0.0259572416544, 0.0142233660445, 0.0115860803053, 0.0277138352394, 0.0511928871274, 0.0521655008197, 0.024513354525, 0.0123129943386, 0.0147822247818, 0.0321852266788, 0.0421453788877, 0.0387900844216, 0.0286911111325, 0.0251059848815, 0.0218981429935, 0.0149077856913, 0.0117297666147, 0.0206360500306, 0.0606501549482, 0.12440264225, 0.093775101006, 0.0320727601647, 0.0108950734138, 0.0133471870795, 0.0339997112751, 0.0562800429761, 0.0449937619269, 0.018275141716, 0.0105839027092, 0.0194654613733, 0.0493504218757, 0.0750815495849], "dvar2": [0.0926446467638, 0.101412318647, 0.10392024368, 0.0911398604512, 0.0702923610806, 0.0558053962886, 0.0687062591314, 0.0832984223962, 0.0880667045712, 0.085653796792, 0.0744502618909, 0.0638054013252, 0.0687045454979, 0.0756406039, 0.077803812921, 0.0687251538038, 0.0672002732754, 0.0724997147918, 0.0661182925105, 0.0558112300932, 0.0537236630917, 0.0634445399046, 0.0800114274025, 0.0991995558143, 0.137870579958, 0.0735437422991, 0.0526895672083, 0.074912391603, 0.0862154960632, 0.079263702035, 0.0728021115065, 0.0605052672327, 0.0565322302282, 0.0679486691952, 0.0789681598544, 0.095915324986], "var": [0.0603712871671, 0.108376584947, 0.103637598455, 0.0572439879179, 0.0378128252923, 0.0209775455296, 0.02080046013, 0.050993103534, 0.0944025814533, 0.0706761777401, 0.0411207154393, 0.0251704193652, 0.0247480906546, 0.0467404536903, 0.0744487792253, 0.0477730929852, 0.0411977469921, 0.0500011891127, 0.0403518863022, 0.0308748949319, 0.0241860449314, 0.0238306839019, 0.0566289499402, 0.112941414118, 0.0974260866642, 0.0357476957142, 0.0180050898343, 0.0283261835575, 0.0608032681048, 0.0987211465836, 0.0615467205644, 0.0228099189699, 0.015260736458, 0.0209627710283, 0.0481970459223, 0.0657243281603], "dmean2": [0.228387027979, 0.223080962896, 0.225948289037, 0.198540776968, 0.143689453602, 0.115089133382, 0.127941727638, 0.169053331017, 0.192767590284, 0.198178261518, 0.158953696489, 0.126099839807, 0.132274538279, 0.166984558105, 0.181110814214, 0.172589480877, 0.16180986166, 0.162424430251, 0.147024720907, 0.124715410173, 0.116265334189, 0.143377050757, 0.201319113374, 0.25461179018, 0.286812931299, 0.183523446321, 0.116692356765, 0.151009306312, 0.190753310919, 0.189952269197, 0.182133749127, 0.136598721147, 0.113099806011, 0.140503868461, 0.184081941843, 0.220897018909], "max": [1, 1, 1, 1, 1, 1, 1, 1, 1, 1, 1, 1, 1, 1, 1, 1, 1, 1, 1, 1, 1, 1, 1, 1, 1, 1, 1, 1, 1, 1, 1, 1, 1, 1, 1, 1], "dmean": [0.133979529142, 0.130224972963, 0.132633909583, 0.115698367357, 0.0823663622141, 0.0651008039713, 0.0717666819692, 0.0979413986206, 0.112105749547, 0.11654856056, 0.0912829563022, 0.0714976042509, 0.0751558616757, 0.0983866453171, 0.109097085893, 0.103040970862, 0.0957039967179, 0.0961085483432, 0.086872279644, 0.0734708309174, 0.0674547404051, 0.0819346755743, 0.118615575135, 0.150539785624, 0.165663987398, 0.104864142835, 0.0657445043325, 0.085756637156, 0.111140839756, 0.113864585757, 0.107569828629, 0.0780214816332, 0.0623720511794, 0.078875772655, 0.108319327235, 0.130186334252]}, "key_strength": 0.909726023674, "chords_strength": {"dvar": 0.000410645356169, "mean": 0.558262705803, "min": -1, "median": 0.571377158165, "dvar2": 0.000739818206057, "var": 0.0231189318001, "dmean2": 0.0105692977086, "max": 0.838531732559, "dmean": 0.0110185565427}, "tuning_equal_tempered_deviation": 0.34614905715, "chords_key": "A", "tuning_frequency": 434.193115234, "chords_scale": "major", "chords_changes_rate": 0.0686942860484, "key_scale": "major", "tuning_diatonic_strength": 0.839347541332, "hpcp_entropy": {"dvar": 0.25864353776, "mean": 1.92233228683, "min": 0, "median": 1.95185410976, "dvar2": 0.696823477745, "var": 0.55227458477, "dmean2": 0.985862374306, "max": 4.4421005249, "dmean": 0.587183594704}, "chords_histogram": [22.51354599, 6.03041410446, 12.4628562927, 0.821534693241, 4.70197534561, 0.0699178501964, 2.63939881325, 0.279671400785, 0.104876771569, 0.664219558239, 1.01380872726, 2.67435765266, 0.314630299807, 0.943890929222, 2.37720680237, 5.97797584534, 4.14263248444, 2.74427556992, 1.03128826618, 0.681698977947, 0, 12.1132669449, 4.03775548935, 11.6588010788], "tuning_nontempered_energy_ratio": 0.936275780201, "key_key": "A"}, "metadata": {"version": {"extractor": "music 1.0", "essentia_build_sha": "2d9f1f26377add8aeb1075a9c2973f962c4f09fd", "essentia": "2.1-beta2", "essentia_git_sha": "v2.1_beta2-1-ge3940c0"}, "audio_properties": {"sample_rate": 44100, "length": 265.613067627, "lossless": false, "analysis_sample_rate": 44100, "downmix": "mix", "bit_rate": 272508, "equal_loudness": 0, "md5_encoded": "a56606c3ee6bc11ad950ebc720e70e91", "codec": "mp3", "replay_gain": -12.9265594482}, "tags": {"genre": ["World"], "catalognumber": ["CRAW51"], "musicbrainz_recordingid": ["f2b98975-d021-4c1d-9b85-ed5d586aa258"], "language": ["mul"], "title": ["Sala Keba"], "artist": ["Staff Benda Bilili"], "discnumber": ["1/1"], "artistsort": ["Staff Benda Bilili"], "originaldate": ["2009-03-23"], "musicbrainz_artistid": ["18a163e6-befd-475b-b9f0-3531c72db7fe"], "tracknumber": ["4/11"], "musicbrainz_albumartistid": ["18a163e6-befd-475b-b9f0-3531c72db7fe"], "musicbrainz album status": ["official"], "date": ["2009-03-23"], "albumartistsort": ["Staff Benda Bilili"], "musicbrainz_releasegroupid": ["d3f1f25e-d927-3103-b7b0-2263998a6947"], "media": ["CD"], "musicip_puid": ["e151c4aa-f3dc-99fe-9c03-f6100e73f938"], "musicbrainz album release country": ["GB"], "label": ["Crammed World"], "musicbrainz album type": ["album"], "asin": ["B001P9277O"], "script": ["Latn"], "musicbrainz_albumid": ["7af0c595-37a1-45c4-90c8-38819da6effa"], "file_name": "1-04 Sala Keba.mp3", "album": ["Très très fort"], "albumartist": ["Staff Benda Bilili"]}}, "lowlevel": {"melbands": {"dvar": [7.17407920092e-06, 2.48397645919e-06, 1.51250802105e-07, 3.75193671687e-08, 2.11268265105e-08, 1.91940543459e-08, 4.35883222849e-08, 1.26849766247e-08, 2.44751845457e-08, 2.7240918854e-08, 1.13120197653e-08, 2.86179542286e-08, 3.22089128701e-08, 1.31255184499e-08, 2.36000663456e-09, 1.44919569678e-08, 6.22695139896e-09, 2.67468402981e-09, 1.00227648403e-09, 2.27897878347e-08, 3.67892272202e-09, 7.70789099214e-10, 7.05992597716e-10, 5.07677677675e-10, 8.33372426623e-10, 4.05176425744e-09, 8.51212789144e-09, 1.66932703771e-10, 7.40208658256e-11, 2.62680346225e-11, 1.40585529329e-11, 1.49514792908e-11, 1.41926956299e-11, 9.37059110862e-12, 8.18168102712e-12, 1.2224447149e-11, 1.21705466885e-11, 1.30274463092e-11, 3.13215143925e-12, 1.23076798319e-12], "mean": [0.000806202937383, 0.000623570580501, 0.0003707469441, 0.000192494422663, 0.000141975440783, 0.00012468919158, 0.000181119030458, 0.000100945268059, 0.000132765824674, 0.000130230662762, 6.38116762275e-05, 8.72539239936e-05, 9.32957846089e-05, 4.94177838846e-05, 4.02073310397e-05, 6.50879592285e-05, 4.31148437201e-05, 2.91594551527e-05, 1.61659645528e-05, 5.37601190445e-05, 2.87723323709e-05, 1.82437470357e-05, 1.88954436453e-05, 1.70741350303e-05, 2.13703679037e-05, 3.50374866684e-05, 3.23433305311e-05, 6.49361481919e-06, 4.11562814406e-06, 3.94678727389e-06, 3.24174152411e-06, 3.13080340675e-06, 2.86364866042e-06, 1.87933051166e-06, 1.18559660223e-06, 1.03889851744e-06, 1.01341458958e-06, 9.65455342339e-07, 6.6867124815e-07, 4.23076443212e-07], "min": [1.76962938336e-24, 1.29460604105e-24, 8.63987087454e-25, 2.32867854081e-24, 1.53325263653e-24, 1.82803210883e-24, 1.98311368255e-24, 2.82282219513e-24, 1.92154821649e-24, 1.80017920521e-24, 1.57193778368e-24, 1.67539896216e-24, 2.19810233948e-24, 1.3056394441e-24, 3.26640735961e-24, 3.08568741205e-24, 2.09792173768e-24, 3.06648002951e-24, 3.89785679044e-24, 3.58518664306e-24, 3.91241837389e-24, 3.89169184246e-24, 3.99986005536e-24, 2.99497412719e-24, 4.62015085146e-24, 5.36345740599e-24, 4.35870420367e-24, 4.3766500004e-24, 4.57825129334e-24, 4.82164880362e-24, 4.64356345427e-24, 5.27327956047e-24, 5.65769779047e-24, 5.29642947259e-24, 5.79061217553e-24, 4.56522167777e-24, 5.91457693362e-24, 6.35237343677e-24, 6.68307733888e-24, 6.45088165345e-24], "median": [0.000159288785653, 0.000231572630582, 0.000174220447661, 0.000108275969978, 7.17058865121e-05, 5.15424108016e-05, 2.59780154011e-05, 1.64312041306e-05, 2.7846719604e-05, 3.00227802654e-05, 8.10456731415e-06, 1.15836883197e-05, 1.04799810288e-05, 1.00878714875e-05, 8.45832983032e-06, 7.00845566826e-06, 5.63147068533e-06, 4.98881900057e-06, 3.14522594635e-06, 3.80727738047e-06, 3.20236949847e-06, 4.93166226079e-06, 4.51671576229e-06, 3.87461386708e-06, 6.25403663435e-06, 1.11784029286e-05, 5.49831474927e-06, 1.61646630659e-06, 1.01963109955e-06, 1.23228596749e-06, 1.18516254588e-06, 1.20050549413e-06, 1.18737682442e-06, 6.71131545005e-07, 2.71880253422e-07, 1.42202893016e-07, 1.29602256038e-07, 1.48852720372e-07, 1.35707765025e-07, 9.43710247725e-08], "dvar2": [1.88431877177e-05, 7.08721972842e-06, 3.59687760465e-07, 8.88242794872e-08, 5.04005726043e-08, 4.50270292163e-08, 9.58360715231e-08, 2.87456707326e-08, 5.68998963502e-08, 6.77890952261e-08, 2.77782934432e-08, 6.1849853239e-08, 6.47896882811e-08, 2.30626149289e-08, 4.59814408771e-09, 3.2229102942e-08, 1.31288304672e-08, 5.93478111099e-09, 1.99999483641e-09, 4.37710347967e-08, 7.71897123997e-09, 1.65400260155e-09, 1.3209587868e-09, 1.03949293617e-09, 1.6939759595e-09, 9.20002385385e-09, 1.7090643567e-08, 3.74578118523e-10, 1.73929107228e-10, 6.11824549357e-11, 3.5180931085e-11, 3.80731869642e-11, 3.88640473969e-11, 2.62239691767e-11, 2.20581938132e-11, 2.80608713349e-11, 2.76857460568e-11, 2.70386421586e-11, 6.90269542913e-12, 2.94435981672e-12], "var": [5.86332544117e-06, 1.96860992219e-06, 2.92373897537e-07, 6.91481432114e-08, 3.93985182257e-08, 4.18043519801e-08, 1.43797677765e-07, 3.95985289003e-08, 5.66739046803e-08, 5.46442429084e-08, 2.25629328554e-08, 1.00384944801e-07, 1.10232100781e-07, 3.90163990005e-08, 7.2057884104e-09, 3.11657650798e-08, 2.00247374238e-08, 5.95877791554e-09, 2.45098075169e-09, 7.76834880867e-08, 1.3657879272e-08, 2.06922101675e-09, 2.29154939468e-09, 1.47678025364e-09, 2.52362686304e-09, 9.85984183188e-09, 2.2060209659e-08, 4.71988892414e-10, 1.84641871237e-10, 8.2836834614e-11, 2.86734212762e-11, 2.99620397937e-11, 2.37753705612e-11, 1.12038026426e-11, 9.16276689938e-12, 2.07124768725e-11, 2.01538074424e-11, 2.22692368018e-11, 5.71259532733e-12, 1.81459871001e-12], "dmean2": [0.00115208071657, 0.000763268966693, 0.000297077494906, 0.000157055997988, 0.00013003667118, 0.000110935805424, 0.000133660170832, 7.42240590625e-05, 0.000112648347567, 0.00012506879284, 6.3102801505e-05, 7.44058852433e-05, 7.50986437197e-05, 4.23932324338e-05, 3.19166829286e-05, 5.58948850085e-05, 3.54849944415e-05, 2.636512545e-05, 1.59043884196e-05, 4.38105380454e-05, 2.37747917708e-05, 1.55960697157e-05, 1.45244302985e-05, 1.34492356665e-05, 1.6115636754e-05, 2.80920794467e-05, 2.73393325187e-05, 6.07202173342e-06, 3.92855736209e-06, 3.44832551491e-06, 2.84305178866e-06, 2.88302362605e-06, 2.80593212665e-06, 2.12365330299e-06, 1.70029261426e-06, 1.62646585977e-06, 1.47383502735e-06, 1.27479904677e-06, 8.94548747965e-07, 6.42243321636e-07], "max": [0.033852968365, 0.0227411556989, 0.00662711448967, 0.00351588171907, 0.00272093224339, 0.0038710818626, 0.00384859950282, 0.00231027696282, 0.00280879857019, 0.00304227112792, 0.00211359909736, 0.00546680018306, 0.00619508745149, 0.00605641445145, 0.00139639154077, 0.00296369986609, 0.00261197285727, 0.00156453123782, 0.00126506981906, 0.00482554873452, 0.00212061405182, 0.000696132075973, 0.001426192699, 0.000653958239127, 0.0010330012301, 0.00182982883416, 0.00315883895382, 0.000552144018002, 0.000365472544217, 0.000183194133569, 8.11231875559e-05, 8.80428196979e-05, 9.64887876762e-05, 4.93988809467e-05, 4.93894258398e-05, 0.000113164336653, 0.000136257571285, 0.000188957244973, 9.67630112427e-05, 5.54225953238e-05], "dmean": [0.000698233547155, 0.000443874450866, 0.000194393593119, 0.000102649559267, 8.26909817988e-05, 7.12660257705e-05, 8.7999018433e-05, 4.83268886455e-05, 7.24712299416e-05, 7.80776899774e-05, 3.92508263758e-05, 4.8520952987e-05, 5.00250716868e-05, 2.88139708573e-05, 2.11946371564e-05, 3.68692053598e-05, 2.33509963437e-05, 1.6708552721e-05, 1.01203877421e-05, 3.0448227335e-05, 1.57081576617e-05, 1.00883480627e-05, 9.61227669904e-06, 8.68692404765e-06, 1.04613527583e-05, 1.84641685337e-05, 1.83906904567e-05, 3.84452278013e-06, 2.49858999268e-06, 2.18644800043e-06, 1.78228651748e-06, 1.7818113065e-06, 1.69887130141e-06, 1.24675000279e-06, 9.84306552709e-07, 9.65544245446e-07, 8.95137361567e-07, 7.8707364537e-07, 5.37676385193e-07, 3.76033000293e-07]}, "spectral_decrease": {"dvar": 8.27360607054e-18, "mean": -3.39004957439e-09, "min": -3.96205273034e-08, "median": -2.51743670354e-09, "dvar2": 2.09851320804e-17, "var": 1.24932214657e-17, "dmean2": 1.95483962351e-09, "max": 1.49424791405e-28, "dmean": 1.29449639896e-09}, "spectral_rolloff": {"dvar": 2655461.75, "mean": 2305.28857422, "min": 64.599609375, "median": 1722.65625, "dvar2": 6683416, "var": 6113804, "dmean2": 1364.69433594, "max": 19724.4140625, "dmean": 781.382385254}, "melbands_crest": {"dvar": 10.6160287857, "mean": 13.4846401215, "min": 1.54996240139, "median": 12.5595235825, "dvar2": 26.5093593597, "var": 30.4769916534, "dmean2": 5.25583076477, "max": 35.8625335693, "dmean": 3.23612570763}, "barkbands_skewness": {"dvar": 0.6527389884, "mean": 1.14887738228, "min": -7.82460355759, "median": 0.983717083931, "dvar2": 1.5830425024, "var": 2.81752133369, "dmean2": 0.932618021965, "max": 13.212471962, "dmean": 0.613041102886}, "spectral_centroid": {"dvar": 147103.734375, "mean": 1853.98901367, "min": 152.752670288, "median": 1819.55029297, "dvar2": 325574.46875, "var": 1392615.875, "dmean2": 456.457977295, "max": 11876.109375, "dmean": 296.546417236}, "spectral_energyband_middle_low": {"dvar": 5.08566881763e-06, "mean": 0.00462852511555, "min": 1.69819942468e-22, "median": 0.00328937871382, "dvar2": 1.10871560537e-05, "var": 1.97258941625e-05, "dmean2": 0.00240638130344, "max": 0.0415975041687, "dmean": 0.00162152212579}, "erbbands_crest": {"dvar": 8.19104290009, "mean": 11.0182609558, "min": 2.55988907814, "median": 9.47894763947, "dvar2": 19.3714447021, "var": 31.586561203, "dmean2": 4.69798612595, "max": 33.3200721741, "dmean": 2.93746066093}, "dynamic_complexity": 4.33073711395, "spectral_energyband_low": {"dvar": 0.000107543091872, "mean": 0.0041733183898, "min": 1.58182609596e-23, "median": 0.00144152133726, "dvar2": 0.000282064051135, "var": 9.78926473181e-05, "dmean2": 0.00471229758114, "max": 0.130134180188, "dmean": 0.00291666481644}, "silence_rate_60dB": {"dvar": 0.0446629785001, "mean": 0.182954549789, "min": 0, "median": 0, "dvar2": 0.0982320308685, "var": 0.149464249611, "dmean2": 0.093722678721, "max": 1, "dmean": 0.0468572415411}, "erbbands_kurtosis": {"dvar": 23.8410835266, "mean": 2.18478274345, "min": -1.87942099571, "median": -0.0140650318936, "dvar2": 49.4411735535, "var": 67.4468841553, "dmean2": 2.93600440025, "max": 130.969985962, "dmean": 1.93406331539}, "spectral_complexity": {"dvar": 16.8512897491, "mean": 12.8562936783, "min": 0, "median": 12, "dvar2": 38.9794273376, "var": 69.7730026245, "dmean2": 4.51057863235, "max": 49, "dmean": 2.85969042778}, "barkbands_crest": {"dvar": 7.00253725052, "mean": 10.0705184937, "min": 2.40374445915, "median": 9.09469795227, "dvar2": 17.721988678, "var": 20.2655715942, "dmean2": 4.30187129974, "max": 26.3726463318, "dmean": 2.67200350761}, "spectral_energy": {"dvar": 0.000124962738482, "mean": 0.0144040649757, "min": 9.8197639742e-21, "median": 0.0108029423282, "dvar2": 0.000313296157401, "var": 0.000209703997825, "dmean2": 0.00809576548636, "max": 0.15219065547, "dmean": 0.00537163158879}, "spectral_spread": {"dvar": 993363689472, "mean": 5112890.5, "min": 1076709.875, "median": 4606565.5, "dvar2": 2064866738180.0, "var": 13740979257300.0, "dmean2": 1020076, "max": 42560132, "dmean": 652682.125}, "spectral_contrast_valleys": {"dvar": [0.164368420839, 0.131878763437, 0.189051046968, 0.178285464644, 0.219396278262, 0.32390999794], "mean": [-8.01509666443, -7.70226097107, -8.27049922943, -8.67513751984, -8.41391658783, -10.7741346359], "min": [-28.1799621582, -27.8610668182, -27.8414745331, -27.7100791931, -27.5091915131, -27.4011745453], "median": [-7.63641023636, -7.39596176147, -8.00880432129, -8.41968536377, -8.12704658508, -10.4732246399], "dvar2": [0.336402177811, 0.29789608717, 0.404725790024, 0.372180491686, 0.474463194609, 0.731850624084], "var": [4.35483360291, 4.23464393616, 4.18073558807, 3.89497351646, 3.97094011307, 3.48733305931], "dmean2": [0.662741482258, 0.60628837347, 0.617734491825, 0.575047552586, 0.562936365604, 0.629746317863], "max": [-5.23237991333, -5.10450220108, -5.23178195953, -5.08395767212, -5.62384128571, -7.70998048782], "dmean": [0.421537488699, 0.378347247839, 0.39414614439, 0.369825422764, 0.372695446014, 0.418547183275]}, "spectral_rms": {"dvar": 8.12486518953e-07, "mean": 0.00331606972031, "min": 3.09519901029e-12, "median": 0.0032464528922, "dvar2": 1.80150550477e-06, "var": 3.05642379317e-06, "dmean2": 0.000876064528711, "max": 0.0121851833537, "dmean": 0.000613280688412}, "barkbands_spread": {"dvar": 128.099517822, "mean": 27.3438243866, "min": 0.440313875675, "median": 24.8707199097, "dvar2": 318.447753906, "var": 292.464416504, "dmean2": 12.90508461, "max": 121.458457947, "dmean": 8.03661823273}, "pitch_salience": {"dvar": 0.00488177593797, "mean": 0.538680493832, "min": 0.109106436372, "median": 0.546079516411, "dvar2": 0.0123094459996, "var": 0.0156795177609, "dmean2": 0.114519923925, "max": 0.934829950333, "dmean": 0.0713862106204}, "erbbands_skewness": {"dvar": 0.294081747532, "mean": -0.0441227629781, "min": -9.90044975281, "median": 0.242862716317, "dvar2": 0.613223433495, "var": 1.94405710697, "dmean2": 0.695953309536, "max": 6.88623428345, "dmean": 0.461607068777}, "spectral_energyband_middle_high": {"dvar": 1.20440981846e-05, "mean": 0.00527733983472, "min": 1.09003643729e-21, "median": 0.00246225763112, "dvar2": 2.42732221523e-05, "var": 5.69954572711e-05, "dmean2": 0.00275903730653, "max": 0.0617589429021, "dmean": 0.00190225418191}, "erbbands": {"dvar": [0.109796606004, 3.47828674316, 4.50585079193, 4.91597366333, 11.2643289566, 5.98262119293, 24.0909938812, 43.7990875244, 180.652236938, 105.495803833, 351.118988037, 756.249389648, 437.286071777, 1662.06103516, 2179.44750977, 689.177185059, 1950.26599121, 1715.31982422, 732.484863281, 2228.06225586, 3752.79980469, 443.840240479, 499.008605957, 1022.83300781, 6206.82714844, 1183.84277344, 145.012680054, 41.381313324, 42.1851730347, 29.2338008881, 24.760307312, 27.8164672852, 16.6103591919, 1.97264873981, 0.848485529423, 0.367052525282, 0.124972507358, 0.0133810853586, 0.000243448812398, 1.99326322559e-07], "mean": [0.093202419579, 0.556759595871, 1.05210888386, 1.84521639347, 3.00196814537, 2.38765287399, 4.36107444763, 5.75764608383, 11.6551809311, 9.12862873077, 15.2951059341, 21.7460002899, 14.064409256, 22.8937625885, 25.8269691467, 15.9885997772, 28.4952392578, 25.4246635437, 17.4223594666, 23.4575386047, 28.7674694061, 17.767791748, 19.101480484, 27.4413700104, 46.8925437927, 17.4267749786, 7.22956132889, 5.93283176422, 5.60357999802, 3.85876655579, 2.07745480537, 1.65651834011, 1.27244567871, 0.577619791031, 0.320808947086, 0.182024180889, 0.0881639048457, 0.0236828867346, 0.00304688699543, 0.000110784560093], "min": [1.19753654495e-22, 6.88243198751e-22, 1.36186482907e-21, 4.85651268172e-21, 2.17742258466e-20, 3.71828606712e-20, 3.6333084457e-20, 7.40174201433e-20, 1.1823266019e-19, 2.45575344809e-19, 2.48898000082e-19, 2.38292019515e-19, 4.03635058357e-19, 5.16099697663e-19, 7.0906480455e-19, 7.51361754594e-19, 1.64787592231e-18, 1.47092885779e-18, 2.46255142516e-18, 3.28610815945e-18, 4.20245057023e-18, 4.94843761539e-18, 4.42491004262e-18, 6.27457233267e-18, 8.60971354166e-18, 7.64897800177e-18, 8.38955032264e-18, 9.41444033649e-18, 1.13605738062e-17, 1.07566285615e-17, 1.0748849755e-17, 1.1397317169e-17, 1.07224287791e-17, 8.79257256941e-18, 6.2310349219e-18, 3.79341968349e-18, 2.25016122235e-18, 9.37435619798e-19, 2.63151743753e-19, 2.53144667799e-20], "median": [0.0163187682629, 0.133252248168, 0.433464765549, 0.767256855965, 1.4690554142, 1.35552310944, 2.03018188477, 2.42872142792, 1.90613722801, 1.54970765114, 3.18615484238, 5.33156394958, 2.82697248459, 3.50919151306, 3.45679759979, 3.98550248146, 3.7124569416, 4.39517879486, 4.28927564621, 3.46052026749, 3.42562365532, 6.15799570084, 5.5228099823, 10.0501976013, 14.1880741119, 4.86344814301, 2.42146492004, 2.39816236496, 2.35453176498, 1.62356519699, 0.504235506058, 0.243977069855, 0.228943347931, 0.139214381576, 0.0667742788792, 0.0348353013396, 0.0155843840912, 0.0032465623226, 0.000423848396167, 3.30200782628e-05], "dvar2": [0.284518331289, 9.87916946411, 12.6075906754, 11.8443212509, 25.490737915, 14.8448495865, 57.4736671448, 101.647171021, 397.329071045, 241.768951416, 783.414428711, 1855.09741211, 1092.67272949, 3632.92456055, 4321.38330078, 1218.39477539, 4415.05224609, 3584.8659668, 1631.7154541, 4345.11328125, 7477.74707031, 958.393493652, 917.071716309, 2068.59667969, 12955.4775391, 2377.85668945, 337.634857178, 101.44002533, 109.172821045, 81.739402771, 63.6140823364, 62.2493057251, 33.1996536255, 4.50561332703, 1.88521587849, 0.943362534046, 0.355369895697, 0.0387890040874, 0.000710088468622, 5.80039341003e-07], "var": [0.0886500626802, 2.5074160099, 4.23126411438, 9.25765705109, 22.2785873413, 10.3674211502, 43.4824028015, 93.386505127, 585.807006836, 321.796661377, 869.837341309, 1528.85327148, 901.54473877, 5964.34765625, 7479.72021484, 2214.20019531, 5061.91259766, 5478.515625, 1654.84960938, 7492.63574219, 13090.1640625, 1287.29260254, 1673.33789063, 3295.34399414, 18145.2402344, 3628.85253906, 453.512237549, 97.1455078125, 84.8066558838, 40.8275909424, 33.8095932007, 48.4979782104, 31.6766204834, 3.3033053875, 1.37111365795, 0.407215088606, 0.0844624266028, 0.00770118134096, 0.000136056245537, 1.15915611332e-07], "dmean2": [0.141790643334, 0.826141238213, 1.17083895206, 1.58737611771, 2.52750682831, 2.04233646393, 4.17076873779, 5.07646608353, 8.6861000061, 6.65004205704, 12.4782152176, 20.534286499, 12.9538555145, 18.6586284637, 19.8026294708, 12.2313337326, 22.192527771, 19.6202430725, 14.4428825378, 19.1015853882, 22.164484024, 13.6340513229, 13.3811035156, 18.9869995117, 34.8531150818, 13.6140470505, 6.04740619659, 4.86410856247, 4.92915010452, 3.92282509804, 2.87274503708, 2.37335777283, 1.63524651527, 0.812116384506, 0.515198945999, 0.341577142477, 0.204413875937, 0.0648746863008, 0.00867176335305, 0.000255254999502], "max": [4.42998075485, 24.6177043915, 38.7406578064, 37.1734809875, 69.6606369019, 53.0889663696, 92.0695953369, 192.187820435, 235.569107056, 218.066864014, 353.529296875, 519.101501465, 420.571502686, 1324.02282715, 1405.7878418, 1114.31994629, 1055.46496582, 1323.00646973, 855.918945313, 1534.94726563, 1607.20703125, 507.907531738, 1034.60119629, 1061.26513672, 2099.5222168, 1669.94030762, 551.130126953, 167.961685181, 104.222183228, 105.001701355, 106.648162842, 177.537475586, 216.448348999, 67.8749847412, 39.1151313782, 16.876914978, 5.37383270264, 2.00309205055, 0.227986052632, 0.0114552937448], "dmean": [0.0853182449937, 0.479427099228, 0.689013242722, 1.02037715912, 1.65600264072, 1.30589067936, 2.64854049683, 3.26610374451, 5.71198368073, 4.32781457901, 8.06883716583, 12.8999490738, 8.10384178162, 12.1521682739, 13.3028020859, 8.3157081604, 14.4835481644, 12.9706010818, 9.24798488617, 12.8638868332, 15.0452356339, 8.86140155792, 8.89999389648, 12.5175514221, 23.3943862915, 9.0880355835, 3.8779091835, 3.09049153328, 3.05882024765, 2.33675742149, 1.67913758755, 1.44531285763, 1.00723993778, 0.483390241861, 0.302527695894, 0.192116126418, 0.110851272941, 0.0343217253685, 0.00455357320607, 0.000136283357278]}, "dissonance": {"dvar": 0.000351288967067, "mean": 0.460696786642, "min": 0.198394596577, "median": 0.466955900192, "dvar2": 0.000952757254709, "var": 0.000937570875976, "dmean2": 0.0307113807648, "max": 0.500000059605, "dmean": 0.0184173248708}, "erbbands_flatness_db": {"dvar": 0.000673167698551, "mean": 0.160706758499, "min": 0.0417413152754, "median": 0.147320523858, "dvar2": 0.00143130810466, "var": 0.00368451070972, "dmean2": 0.0342524200678, "max": 0.445039689541, "dmean": 0.0225470773876}, "melbands_kurtosis": {"dvar": 430.533996582, "mean": 12.9441432953, "min": -1.96631288528, "median": 4.97858715057, "dvar2": 1093.54345703, "var": 688.361328125, "dmean2": 12.5301876068, "max": 579.771972656, "dmean": 7.73400640488}, "melbands_spread": {"dvar": 223.011032104, "mean": 35.1974830627, "min": 0.312100052834, "median": 28.6040916443, "dvar2": 494.538330078, "var": 885.484863281, "dmean2": 16.3518733978, "max": 310.668212891, "dmean": 10.4760866165}, "melbands_skewness": {"dvar": 1.0250262022, "mean": 2.30129909515, "min": -5.06594371796, "median": 1.99034452438, "dvar2": 2.48311758041, "var": 3.77942824364, "dmean2": 1.16587662697, "max": 17.1725902557, "dmean": 0.751873195171}, "spectral_entropy": {"dvar": 0.0836394205689, "mean": 7.40130281448, "min": 4.81699466705, "median": 7.47510719299, "dvar2": 0.186837881804, "var": 0.381785392761, "dmean2": 0.354648023844, "max": 9.83146858215, "dmean": 0.232293128967}, "zerocrossingrate": {"dvar": 0.000267888564849, "mean": 0.0797517374158, "min": 0.00439453125, "median": 0.0712890625, "dvar2": 0.000316360034049, "var": 0.00340985110961, "dmean2": 0.0150668360293, "max": 0.52490234375, "dmean": 0.012554151006}, "average_loudness": 0.710271060467, "spectral_contrast_coeffs": {"dvar": [0.00155679543968, 0.00135068432428, 0.00113965861965, 0.000948630215134, 0.000792562728748, 0.000443867669674], "mean": [-0.673729538918, -0.72313785553, -0.749861180782, -0.748950600624, -0.739987850189, -0.753095209599], "min": [-0.977753043175, -0.988586127758, -0.978358864784, -0.974143445492, -0.969785809517, -0.966169238091], "median": [-0.679543197155, -0.723227739334, -0.755220830441, -0.754517734051, -0.734044075012, -0.747485756874], "dvar2": [0.00395546294749, 0.00359495100565, 0.00288210739382, 0.00219302810729, 0.00170551391784, 0.00099787232466], "var": [0.00653002830222, 0.00619252165779, 0.00746076880023, 0.007371367421, 0.00724330311641, 0.00332138221711], "dmean2": [0.075259834528, 0.0732556059957, 0.0643941536546, 0.0542910024524, 0.0439600385725, 0.0338085666299], "max": [-0.359068155289, -0.426642239094, -0.422675162554, -0.367160350084, -0.452095270157, -0.561831891537], "dmean": [0.0458526797593, 0.044343303889, 0.0401129834354, 0.0343682877719, 0.0287278722972, 0.0215075742453]}, "barkbands_flatness_db": {"dvar": 0.000805313233286, "mean": 0.127934575081, "min": 0.0172338597476, "median": 0.11497835815, "dvar2": 0.00186722062062, "var": 0.00350122549571, "dmean2": 0.037891920656, "max": 0.395648986101, "dmean": 0.0246848259121}, "silence_rate_30dB": {"dvar": 0, "mean": 1, "min": 1, "median": 1, "dvar2": 0, "var": 0, "dmean2": 0, "max": 1, "dmean": 0}, "spectral_energyband_high": {"dvar": 9.00751103927e-07, "mean": 0.00067332823528, "min": 7.05251686103e-21, "median": 0.00030507647898, "dvar2": 2.38369489125e-06, "var": 1.46082652464e-06, "dmean2": 0.000678954645991, "max": 0.0209805350751, "dmean": 0.000410237436881}, "melbands_flatness_db": {"dvar": 0.00119409675244, "mean": 0.191494941711, "min": 0.00273290812038, "median": 0.177950665355, "dvar2": 0.00282068713568, "var": 0.00567164365202, "dmean2": 0.0441878512502, "max": 0.539331138134, "dmean": 0.0292166694999}, "barkbands": {"dvar": [7.57058671752e-07, 8.21257708594e-05, 2.32786214838e-06, 8.18183195861e-07, 6.39784218492e-07, 4.71310329431e-07, 9.43115821883e-07, 5.43031262623e-07, 1.09448592411e-06, 1.01183604784e-06, 1.48600167904e-06, 6.99997485754e-07, 9.44406906456e-07, 5.96089250848e-07, 2.09534164242e-07, 2.792589612e-06, 2.478188037e-07, 2.52459244621e-07, 1.19549747524e-06, 2.13591442844e-06, 4.8580339751e-08, 2.88421180272e-08, 2.9557872594e-08, 5.93485403044e-08, 1.47860967914e-08, 3.01033509231e-08, 6.63764954112e-09], "mean": [0.000184901946341, 0.00272705615498, 0.000961267796811, 0.00070376181975, 0.000871476018801, 0.000658342731185, 0.000825851457193, 0.00054359837668, 0.000879015482496, 0.000545800023247, 0.000640205631498, 0.0003627728438, 0.000569831521716, 0.000475521606859, 0.000223130991799, 0.000681178236846, 0.000319123646477, 0.000402845151257, 0.000734862056561, 0.000509331934154, 0.00016484221851, 0.00014849571744, 8.2167724031e-05, 7.89494952187e-05, 4.72291976621e-05, 4.63926880911e-05, 1.61246043717e-05], "min": [1.21784011282e-24, 4.82689867295e-24, 6.18141051532e-25, 4.0406641322e-25, 1.86280809521e-23, 7.76863356372e-24, 5.68695190828e-24, 9.34216888934e-24, 1.56402245196e-23, 1.16242953676e-23, 1.6404980991e-23, 1.1959183388e-23, 3.27276617015e-23, 1.93252415102e-23, 5.53218623392e-23, 6.31197523873e-23, 6.91939498031e-23, 6.71298163585e-23, 1.2669021572e-22, 1.73253039884e-22, 2.49807812928e-22, 2.90017025144e-22, 3.48328891195e-22, 6.0366150725e-22, 8.73813727379e-22, 1.26319163318e-21, 1.87225687549e-21], "median": [2.1280711735e-05, 0.000594354583882, 0.00034367167973, 0.000268970179604, 0.000518442247994, 0.000284052977804, 9.57557858783e-05, 7.86011223681e-05, 0.000211942344322, 6.70416266075e-05, 6.99013398844e-05, 7.21035248716e-05, 6.40138750896e-05, 7.21624674043e-05, 4.23184537794e-05, 5.33346938028e-05, 8.72582313605e-05, 9.20494130696e-05, 0.000264087575488, 9.21922619455e-05, 5.79077168368e-05, 6.8618930527e-05, 2.21557329496e-05, 1.3088743799e-05, 1.13204914669e-05, 8.67084236233e-06, 2.10987764149e-06], "dvar2": [1.88766819065e-06, 0.000221767826588, 5.84377494306e-06, 2.07782454709e-06, 1.49934191995e-06, 1.11192719032e-06, 2.07199195756e-06, 1.20031631923e-06, 2.76114860753e-06, 2.16527723751e-06, 3.06487550006e-06, 1.32032982947e-06, 2.1536066015e-06, 1.27903786051e-06, 4.63582665589e-07, 5.40473274668e-06, 5.45572277133e-07, 5.03230580762e-07, 2.65874723482e-06, 4.26879887527e-06, 1.1372512887e-07, 7.65570788985e-08, 7.69190862115e-08, 1.23686746178e-07, 3.36173293647e-08, 8.41840304133e-08, 1.93401241688e-08], "var": [6.10037602655e-07, 6.41163860564e-05, 3.53615064341e-06, 1.37926826937e-06, 1.23962786347e-06, 1.01972284483e-06, 3.1366305393e-06, 1.36814185225e-06, 2.26143515647e-06, 2.80433209809e-06, 4.80685957882e-06, 1.91621393242e-06, 2.22266635319e-06, 1.72746172211e-06, 4.00576254833e-07, 9.87679322861e-06, 6.40858615952e-07, 7.84867552284e-07, 3.43780402545e-06, 5.24310917172e-06, 1.39691778145e-07, 5.46136753599e-08, 3.9787558137e-08, 1.14715518862e-07, 2.39499744481e-08, 2.27194245639e-08, 3.72845576635e-09], "dmean2": [0.000365654675988, 0.00393125042319, 0.000906728848349, 0.000670032517519, 0.000691845663823, 0.000592197582591, 0.000610594172031, 0.00045394335757, 0.000851576740388, 0.000474942178698, 0.000551729579456, 0.000322004168993, 0.000492321909405, 0.000401097582653, 0.000236948631937, 0.000536062114406, 0.000277648301562, 0.000300727784634, 0.000562512374017, 0.000450980005553, 0.000138940929901, 0.000131795139168, 0.000107141531771, 0.000104111146356, 7.04962585587e-05, 0.000102054640593, 4.60109695268e-05], "max": [0.00987843237817, 0.109163179994, 0.0342966467142, 0.0169536489993, 0.013800714165, 0.0163418818265, 0.0196097977459, 0.0140037238598, 0.0164282508194, 0.0271037239581, 0.0382242277265, 0.0406187362969, 0.0213366523385, 0.0222358647734, 0.0129211526364, 0.0505778752267, 0.0151925003156, 0.0190173964947, 0.0324145443738, 0.0524065420032, 0.00801731646061, 0.00321081001312, 0.0035905665718, 0.0108268838376, 0.00571480253711, 0.00273194978945, 0.00111240544356], "dmean": [0.000219294306589, 0.00235303211957, 0.000566453672945, 0.000420057651354, 0.00045383584802, 0.00037893440458, 0.000401149649406, 0.000294807396131, 0.000528450589627, 0.000312970543746, 0.00036065938184, 0.000213434977923, 0.000317195663229, 0.000260618253378, 0.000149088838953, 0.000370975903934, 0.000179840062629, 0.000195701504708, 0.000369628221961, 0.000301264051814, 8.91228628461e-05, 8.07617470855e-05, 6.29224523436e-05, 6.42487066216e-05, 4.17135343014e-05, 5.56235972908e-05, 2.42014502874e-05]}, "erbbands_spread": {"dvar": 126.955291748, "mean": 37.8829727173, "min": 0.8270226717, "median": 36.0735931396, "dvar2": 300.370025635, "var": 427.147521973, "dmean2": 13.6633872986, "max": 185.043334961, "dmean": 8.75220775604}, "barkbands_kurtosis": {"dvar": 83.7176361084, "mean": 4.7299246788, "min": -1.96003067493, "median": 0.702985405922, "dvar2": 203.144363403, "var": 159.586914063, "dmean2": 5.54789018631, "max": 362.207519531, "dmean": 3.47692918777}, "spectral_flux": {"dvar": 0.000745164405089, "mean": 0.060404881835, "min": 6.39671440816e-11, "median": 0.0510285533965, "dvar2": 0.00149108772166, "var": 0.00196306081489, "dmean2": 0.0298786293715, "max": 0.345222711563, "dmean": 0.0195101387799}, "silence_rate_20dB": {"dvar": 0, "mean": 1, "min": 1, "median": 1, "dvar2": 0, "var": 0, "dmean2": 0, "max": 1, "dmean": 0}, "gfcc": {"cov": [[20764.4550781, -148.782653809, -2243.29931641, 128.087432861, -764.724731445, 149.62878418, -10.4257802963, 585.124572754, -96.471282959, 289.01953125, -170.324279785, -87.1093826294, -403.618469238], [-148.782653809, 1152.25817871, -88.6983261108, 224.476806641, 220.153701782, -11.8469285965, 88.7249603271, -57.6305503845, -12.2453069687, -30.9241485596, 27.3007946014, -14.1670150757, 30.433177948], [-2243.29931641, -88.6983261108, 1471.43664551, -26.1141891479, -39.0092544556, 184.610870361, -75.5019378662, -27.1536159515, 77.436958313, -13.9068059921, -4.93773555756, 14.9815711975, -27.8908576965], [128.087432861, 224.476806641, -26.1141891479, 658.593444824, 305.061645508, -68.6265487671, 39.2611312866, 12.3654155731, 73.5307388306, 19.2166118622, 44.4444046021, -27.0773715973, 89.4784698486], [-764.724731445, 220.153701782, -39.0092544556, 305.061645508, 522.149475098, 54.9859924316, 92.2316665649, -50.7085075378, -25.626499176, -41.2810516357, 22.8091239929, 23.2936477661, 123.517997742], [149.62878418, -11.8469285965, 184.610870361, -68.6265487671, 54.9859924316, 286.946838379, 79.7589569092, 13.6588764191, -23.8045253754, -4.79323768616, 8.24130249023, 17.2040214539, -26.6962890625], [-10.4257802963, 88.7249603271, -75.5019378662, 39.2611312866, 92.2316665649, 79.7589569092, 222.243728638, 60.9769439697, -27.3005199432, 0.345252692699, 27.9698429108, 1.28983962536, -2.86908340454], [585.124572754, -57.6305503845, -27.1536159515, 12.3654155731, -50.7085075378, 13.6588764191, 60.9769439697, 167.089309692, 78.2444992065, 50.5999603271, 6.21978521347, -22.1575088501, -36.0913162231], [-96.471282959, -12.2453069687, 77.436958313, 73.5307388306, -25.626499176, -23.8045253754, -27.3005199432, 78.2444992065, 206.589675903, 80.2394638062, -9.25998592377, -33.1390151978, -10.4287872314], [289.01953125, -30.9241485596, -13.9068059921, 19.2166118622, -41.2810516357, -4.79323768616, 0.345252692699, 50.5999603271, 80.2394638062, 118.517112732, 31.3841743469, -20.0842208862, -22.6864490509], [-170.324279785, 27.3007946014, -4.93773555756, 44.4444046021, 22.8091239929, 8.24130249023, 27.9698429108, 6.21978521347, -9.25998592377, 31.3841743469, 100.518959045, 22.5723609924, -3.98948574066], [-87.1093826294, -14.1670150757, 14.9815711975, -27.0773715973, 23.2936477661, 17.2040214539, 1.28983962536, -22.1575088501, -33.1390151978, -20.0842208862, 22.5723609924, 106.579795837, 28.3713970184], [-403.618469238, 30.433177948, -27.8908576965, 89.4784698486, 123.517997742, -26.6962890625, -2.86908340454, -36.0913162231, -10.4287872314, -22.6864490509, -3.98948574066, 28.3713970184, 130.687576294]], "mean": [-51.7375335693, 68.3287506104, -109.310798645, 32.3328742981, -48.5484390259, 2.97715830803, -27.1071929932, 4.82662725449, -26.2328891754, 2.17719459534, -14.5677623749, 3.33731293678, -15.5844774246], "icov": [[9.93500361801e-05, -2.8108153856e-05, 0.000173080072273, -0.000205831209314, 0.000175916371518, -0.000253425881965, 0.000232561069424, -0.000387414154829, 0.000342585990438, -0.000305555266095, 0.000387182954, -0.000164533354109, 0.00019316158432], [-2.8108153856e-05, 0.0010370091768, -5.22340087628e-06, -0.00015011895448, -0.000291838892736, 0.000191985818674, -0.000538386113476, 0.000708316394594, -0.000361681944923, 0.00037684084964, -0.000296668818919, 0.000218246714212, 0.000252327678027], [0.000173080072273, -5.22340087628e-06, 0.00113904231694, -0.000454681226984, 0.000448808190413, -0.00116665323731, 0.000765184056945, -0.000393122259993, -1.57489484991e-05, -3.30928778567e-05, 0.000462555821287, -0.000356632313924, 0.000420427997597], [-0.000205831209314, -0.00015011895448, -0.000454681226984, 0.0030832728371, -0.00184996100143, 0.00135753909126, -0.000425141275628, 0.000359592319001, -0.00152267992962, 0.000748107559048, -0.00199247919954, 0.00128645880613, -0.00102480244823], [0.000175916371518, -0.000291838892736, 0.000448808190413, -0.00184996100143, 0.00429143430665, -0.00162294250913, -0.000747336365748, 0.00040673543117, 0.000424378958996, 0.000199318310479, 0.000536773935892, -0.000382251775591, -0.0021501078736], [-0.000253425881965, 0.000191985818674, -0.00116665323731, 0.00135753909126, -0.00162294250913, 0.00569083262235, -0.00228799693286, 0.000870875723194, -0.000437411450548, 0.000223977869609, -0.000679145159665, -0.000220616799197, 0.000911969633307], [0.000232561069424, -0.000538386113476, 0.000765184056945, -0.000425141275628, -0.000747336365748, -0.00228799693286, 0.00785185024142, -0.00469205668196, 0.00259978626855, -0.000481125258375, -0.000365854619304, 2.14234642044e-05, 0.000521680514794], [-0.000387414154829, 0.000708316394594, -0.000393122259993, 0.000359592319001, 0.00040673543117, 0.000870875723194, -0.00469205668196, 0.0118743125349, -0.00505098048598, 0.000169110411662, -0.00128260499332, 0.0007670