{"tonal": {"hpcp": {"dvar": [0.0226227696985, 0.0166430231184, 0.0129539314657, 0.0170050244778, 0.0158170312643, 0.0190169811249, 0.0277307927608, 0.0327783003449, 0.0557883158326, 0.0745028629899, 0.091221511364, 0.103385873139, 0.0784079730511, 0.0827693715692, 0.0830946266651, 0.0760005936027, 0.0599241927266, 0.0352238230407, 0.0216614510864, 0.0204844754189, 0.0204514060169, 0.0223931800574, 0.0207859929651, 0.0300641935319, 0.0289018712938, 0.0198743529618, 0.0163410082459, 0.019311344251, 0.0284739714116, 0.0323957726359, 0.0396578386426, 0.0369926914573, 0.0362377688289, 0.030688136816, 0.0305458307266, 0.0278186276555], "var": [0.0203767754138, 0.0110675748438, 0.00893909111619, 0.0129461549222, 0.0142045039684, 0.0171621348709, 0.0272931866348, 0.0363994166255, 0.0698072984815, 0.0894969329238, 0.0838019698858, 0.0869060754776, 0.112740799785, 0.160194337368, 0.128642603755, 0.0624583549798, 0.037818249315, 0.0205101948231, 0.0122054181993, 0.012068497017, 0.0152783012018, 0.0173437390476, 0.0173786766827, 0.027994543314, 0.0357437282801, 0.0216010957956, 0.0118496604264, 0.0137466844171, 0.0203028582036, 0.0281153637916, 0.0379382707179, 0.0447338335216, 0.0505453981459, 0.0336882844567, 0.0480853132904, 0.0482170954347], "median": [0.00468404265121, 0.0023452269379, 0.00118886155542, 0.00116894231178, 0.00287665310316, 0.00564580177888, 0.00725260889158, 0.00686878664419, 0.00655272137374, 0.00638318154961, 0.00650321925059, 0.016372717917, 0.127018839121, 0.27543976903, 0.160711586475, 0.0252512767911, 0.00408758362755, 0.00179685023613, 0.00113200035412, 0.00236016581766, 0.00370507338084, 0.00319970329292, 0.002250170568, 0.00348575669341, 0.00572777492926, 0.00697453692555, 0.00552953360602, 0.003662787145, 0.00188353774138, 0.00149576447438, 0.006143883802, 0.0214334148914, 0.0269833542407, 0.0209683608264, 0.00773927150294, 0.00533000938594], "max": [1, 1, 1, 1, 1, 1, 1, 1, 1, 1, 1, 1, 1, 1, 1, 1, 1, 1, 1, 1, 1, 1, 1, 1, 1, 1, 1, 1, 1, 1, 1, 1, 1, 1, 1, 1], "dmean": [0.056636121124, 0.0416589528322, 0.0342417173088, 0.0389072932303, 0.0429314151406, 0.0515862107277, 0.0643516331911, 0.0851910114288, 0.122937873006, 0.164379224181, 0.214392364025, 0.252666652203, 0.248254150152, 0.24549408257, 0.259186536074, 0.19825348258, 0.131816476583, 0.0741841197014, 0.0453142821789, 0.04100927338, 0.0440198630095, 0.0456633418798, 0.0481165759265, 0.0698985829949, 0.0716024041176, 0.0550987310708, 0.0448709949851, 0.0486766658723, 0.0620973072946, 0.0776967704296, 0.0940579324961, 0.105682946742, 0.112234130502, 0.100568629801, 0.0760703086853, 0.0661072283983], "dmean2": [0.102581247687, 0.0771317332983, 0.0629285424948, 0.0711798369884, 0.0768936350942, 0.0917424932122, 0.116303779185, 0.151455849409, 0.22358366847, 0.307191073895, 0.407717049122, 0.477346271276, 0.4472643435, 0.436035633087, 0.466128349304, 0.371136575937, 0.254777342081, 0.143617928028, 0.0876142308116, 0.0778522267938, 0.0812131240964, 0.0851103961468, 0.0879389420152, 0.127805292606, 0.128159433603, 0.0989919155836, 0.0821690931916, 0.0901242941618, 0.115305289626, 0.140675783157, 0.170461297035, 0.187528923154, 0.197119310498, 0.180716171861, 0.136858031154, 0.118493154645], "mean": [0.0474577173591, 0.0278197992593, 0.022644456476, 0.0280341617763, 0.0355639755726, 0.0457496494055, 0.05817431584, 0.0768859609962, 0.122256606817, 0.156348779798, 0.158298060298, 0.177120879292, 0.283179104328, 0.411854535341, 0.32442098856, 0.146629318595, 0.0776380896568, 0.0429105237126, 0.0264119785279, 0.0267683304846, 0.0332055389881, 0.0340877212584, 0.0365739911795, 0.0574291050434, 0.0691007003188, 0.0511065088212, 0.0349931679666, 0.034380890429, 0.0421311892569, 0.0585314072669, 0.0785355642438, 0.109811663628, 0.122785359621, 0.0931611359119, 0.0858158841729, 0.0805562511086], "dvar2": [0.06264629215, 0.047143496573, 0.035959366709, 0.0477396324277, 0.0430071465671, 0.050507850945, 0.0750164985657, 0.0878585278988, 0.163153499365, 0.226011916995, 0.287133693695, 0.33802780509, 0.228540897369, 0.212531030178, 0.240407332778, 0.241578772664, 0.190281271935, 0.10630313307, 0.0634696558118, 0.0591021478176, 0.0564292520285, 0.0619022361934, 0.0576923601329, 0.0828869640827, 0.0747466310859, 0.0552058145404, 0.0475786402822, 0.0531571954489, 0.0781026482582, 0.0875824168324, 0.109969936311, 0.10035020113, 0.095523789525, 0.0847652852535, 0.0798222720623, 0.0733645781875], "min": [0, 0, 0, 0, 0, 0, 0, 0, 0, 0, 0, 0, 0, 0, 0, 0, 0, 0, 0, 0, 0, 0, 0, 0, 0, 0, 0, 0, 0, 0, 0, 0, 0, 0, 0, 0]}, "key_key": "F#", "thpcp": [1, 0.787707686424, 0.356022119522, 0.188508525491, 0.104188539088, 0.0641293898225, 0.0649946257472, 0.0806244313717, 0.0827664062381, 0.0888031795621, 0.139440268278, 0.167779386044, 0.124088734388, 0.0849648714066, 0.0834782347083, 0.102296285331, 0.142116695642, 0.1906876266, 0.266627311707, 0.29812797904, 0.226199120283, 0.208364546299, 0.195593938231, 0.115229316056, 0.067547634244, 0.0549816861749, 0.0680681169033, 0.086350813508, 0.111082054675, 0.141249671578, 0.186682328582, 0.296844154596, 0.379621356726, 0.384354293346, 0.430056899786, 0.687570691109], "chords_key": "F#", "tuning_equal_tempered_deviation": 0.256021857262, "tuning_frequency": 437.718536377, "tuning_diatonic_strength": 0.37806931138, "chords_histogram": [9.9967546463, 10.3537817001, 15.2547874451, 0.584225893021, 0.616682887077, 0, 0, 17.4618625641, 4.34923744202, 2.59655952454, 1.9474196434, 1.07108080387, 3.70009732246, 0, 0, 1.33073675632, 0.129827976227, 1.46056473255, 0.551768898964, 5.22557592392, 1.97987663746, 12.0740022659, 8.21161937714, 1.10353779793], "key_strength": 0.498099178076, "key_scale": "minor", "chords_strength": {"dvar": 0.00074187037535, "var": 0.037729434669, "median": 0.364789307117, "max": 0.661732792854, "dmean": 0.0114171337336, "dmean2": 0.014142414555, "mean": 0.360355496407, "dvar2": 0.00145294703543, "min": -1}, "chords_number_rate": 0.00519311893731, "tuning_nontempered_energy_ratio": 0.915702164173, "hpcp_entropy": {"dvar": 0.309605538845, "var": 0.640557050705, "median": 2.42514872551, "max": 4.60484170914, "dmean": 0.685920596123, "dmean2": 1.16558361053, "mean": 2.35457611084, "dvar2": 0.890068769455, "min": 0}, "chords_changes_rate": 0.103862382472, "chords_scale": "major"}, "rhythm": {"bpm_histogram_first_peak_spread": {"dvar": 0, "var": 0, "median": 0.275590538979, "max": 0.275590538979, "dmean": 0, "dmean2": 0, "mean": 0.275590538979, "dvar2": 0, "min": 0.275590538979}, "bpm_histogram_first_peak_weight": {"dvar": 0, "var": 0, "median": 0.425925910473, "max": 0.425925910473, "dmean": 0, "dmean2": 0, "mean": 0.425925910473, "dvar2": 0, "min": 0.425925910473}, "bpm_histogram_first_peak_bpm": {"dvar": 0, "var": 0, "median": 80, "max": 80, "dmean": 0, "dmean2": 0, "mean": 80, "dvar2": 0, "min": 80}, "bpm": 79.7312164307, "bpm_histogram_second_peak_weight": {"dvar": 0, "var": 0, "median": 0.0462962947786, "max": 0.0462962947786, "dmean": 0, "dmean2": 0, "mean": 0.0462962947786, "dvar2": 0, "min": 0.0462962947786}, "beats_loudness": {"dvar": 0.00149221660104, "var": 0.00150997948367, "median": 0.020821755752, "max": 0.21095636487, "dmean": 0.0324702821672, "dmean2": 0.0580680631101, "mean": 0.0339877642691, "dvar2": 0.00433684606105, "min": 0}, "beats_loudness_band_ratio": {"dvar": [0.0299504958093, 0.0165757797658, 0.0011778541375, 7.96273743617e-05, 0.00112605909817, 0.0189316626638], "var": [0.0435837693512, 0.0180026739836, 0.000956232193857, 6.43185194349e-05, 0.000589791801758, 0.0166935008019], "median": [0.835239052773, 0.0710296854377, 0.0109816947952, 0.00405954942107, 0.00160158018116, 0.0611699447036], "max": [0.972212016582, 0.755568027496, 0.232439562678, 0.0639648064971, 0.324283152819, 0.888233780861], "dmean": [0.174541294575, 0.117858842015, 0.0237826444209, 0.00775929307565, 0.00845442805439, 0.101782940328], "dmean2": [0.304318010807, 0.208354055882, 0.0435761101544, 0.0141649246216, 0.0163084659725, 0.183140978217], "mean": [0.763209760189, 0.118578508496, 0.0206288266927, 0.00677996175364, 0.00536864483729, 0.106795489788], "dvar2": [0.0778255164623, 0.0457657314837, 0.003371108789, 0.000247064046562, 0.00333355087787, 0.0533482134342], "min": [0, 0, 0, 0, 0, 0]}, "bpm_histogram_second_peak_bpm": {"dvar": 0, "var": 0, "median": 96, "max": 96, "dmean": 0, "dmean2": 0, "mean": 96, "dvar2": 0, "min": 96}, "onset_rate": 2.60118579865, "beats_count": 217, "beats_position": [0.801088392735, 1.59056687355, 2.39165520668, 3.1811337471, 3.95900225639, 4.74848079681, 5.53795909882, 6.33904743195, 7.11691617966, 7.8831744194, 8.63782310486, 9.4040813446, 10.1587295532, 10.8901586533, 11.6331968307, 12.3762359619, 13.1192741394, 13.8623123169, 14.6169614792, 15.3716096878, 16.1378688812, 16.904127121, 17.6703853607, 18.4250335693, 19.179681778, 19.9343299866, 20.6773700714, 21.43201828, 22.1750564575, 22.918094635, 23.6611328125, 24.4157810211, 25.1704311371, 25.9250793457, 26.6681175232, 27.4227657318, 28.1658039093, 28.9088420868, 29.6518821716, 30.4181404114, 31.1843986511, 31.9506568909, 32.6936950684, 33.4367332458, 34.1797714233, 34.9228096008, 35.6658477783, 36.4088897705, 37.1635360718, 37.9065742493, 38.6612243652, 39.427482605, 40.1821289062, 40.9599990845, 41.6101570129, 42.2603149414, 42.9104766846, 43.5141944885, 44.1063041687, 44.6868019104, 45.2789115906, 45.8478012085, 46.439907074, 47.0320167542, 47.7170066833, 48.4019927979, 49.1566429138, 49.8880729675, 50.6427192688, 51.3857574463, 52.152015686, 52.9182739258, 53.6729240417, 54.4275741577, 55.1706123352, 55.9252586365, 56.668296814, 57.4229469299, 58.1543769836, 58.8858032227, 59.6288414001, 60.3834915161, 61.1497497559, 61.9160079956, 62.6822662354, 63.4369163513, 64.1915664673, 64.9462127686, 65.6892471313, 66.4322891235, 67.1753311157, 67.929977417, 68.6846237183, 69.4276657104, 70.1707000732, 70.9137420654, 71.6683883667, 72.423034668, 73.1660766602, 73.9207229614, 74.6869812012, 75.4532394409, 76.1846694946, 76.9044876099, 77.6475296021, 78.4137878418, 79.1800460815, 79.9463043213, 80.7009506226, 81.4555969238, 82.198638916, 82.9416732788, 83.684715271, 84.4161453247, 85.170791626, 85.9138336182, 86.656867981, 87.4115142822, 88.1661682129, 88.9208145142, 89.6754608154, 90.4301147461, 91.1731491089, 91.9161911011, 92.6592254639, 93.4022674561, 94.1569137573, 94.9115600586, 95.6778182983, 96.4440765381, 97.1058502197, 97.7444000244, 98.3945541382, 99.0447158813, 99.7877502441, 100.542404175, 101.297050476, 102.051696777, 102.806350708, 103.560997009, 104.304031372, 105.058685303, 105.801719666, 106.556373596, 107.299407959, 108.042449951, 108.669387817, 109.296325684, 109.92326355, 110.550201416, 111.188751221, 111.815689087, 112.431015015, 113.046348572, 113.6616745, 114.277008057, 114.84589386, 115.403175354, 115.960449219, 116.517730713, 117.075012207, 117.690338135, 118.305664062, 118.932601929, 119.559547424, 120.186485291, 120.813423157, 121.440361023, 121.916366577, 122.392379761, 122.879997253, 123.344398499, 123.808792114, 124.273193359, 124.749206543, 125.155555725, 125.561904907, 125.956642151, 126.362991333, 126.746116638, 127.140861511, 127.535598755, 127.91872406, 128.301864624, 128.673370361, 129.044891357, 129.416412354, 129.799545288, 130.182678223, 130.554199219, 130.937316895, 131.308837891, 131.680358887, 132.07510376, 132.458221436, 132.84135437, 133.212875366, 133.584396362, 133.990753174, 134.385482788, 134.7918396, 135.233016968, 135.662582397, 136.103759766, 136.533325195, 136.962905884, 137.392471313, 137.822036743, 138.251602173, 138.692779541, 139.122360229, 139.551925659, 140.027938843, 140.550384521, 141.0728302, 141.595275879, 142.117736816], "danceability": 0.9592410326, "bpm_histogram_second_peak_spread": {"dvar": 0, "var": 0, "median": 0.583333313465, "max": 0.583333313465, "dmean": 0, "dmean2": 0, "mean": 0.583333313465, "dvar2": 0, "min": 0.583333313465}}, "lowlevel": {"spectral_flux": {"dvar": 0.000461228162749, "var": 0.00154880178161, "median": 0.0499558933079, "max": 0.328670561314, "dmean": 0.0177142955363, "dmean2": 0.0289774555713, "mean": 0.0560457296669, "dvar2": 0.00111210020259, "min": 6.51494969084e-11}, "spectral_rolloff": {"dvar": 42591628, "var": 64859560, "median": 215.33203125, "max": 22028.4667969, "dmean": 2448.48632812, "dmean2": 4802.0625, "mean": 4086.54199219, "dvar2": 109267848, "min": 86.1328125}, "barkbands_flatness_db": {"dvar": 0.00164506712463, "var": 0.00524916220456, "median": 0.250887036324, "max": 0.503341257572, "dmean": 0.0466292947531, "dmean2": 0.0738328248262, "mean": 0.253430873156, "dvar2": 0.00436329981312, "min": 0.0376066341996}, "spectral_centroid": {"dvar": 80415.78125, "var": 2564497.25, "median": 266.502502441, "max": 11942.5751953, "dmean": 112.523674011, "dmean2": 175.479858398, "mean": 599.80065918, "dvar2": 127921.171875, "min": 120.112052917}, "melbands_skewness": {"dvar": 1.67606317997, "var": 8.96668720245, "median": 5.22728157043, "max": 16.0971870422, "dmean": 1.40848553181, "dmean2": 2.21029019356, "mean": 5.53777122498, "dvar2": 4.0866484642, "min": -5.29079675674}, "melbands": {"dvar": [5.90720389937e-07, 5.93590993958e-06, 8.44874102768e-06, 2.98283225675e-07, 1.5977525436e-07, 4.95994498806e-08, 1.69592357935e-08, 8.09233124954e-09, 7.15280057406e-10, 6.15027306861e-10, 3.7881933701e-10, 4.24720231207e-10, 9.9901906192e-11, 1.22604107422e-10, 3.03028088733e-11, 2.5317366259e-11, 1.79578001774e-11, 7.33145228554e-12, 3.38845097814e-12, 1.3664265032e-11, 1.80350231277e-11, 1.65334117924e-11, 4.62683225066e-11, 5.78942657703e-11, 2.52321469274e-10, 1.5535024378e-09, 5.10503328499e-09, 9.29747612233e-10, 2.69196248626e-10, 1.711842057e-10, 3.14967704695e-11, 1.2070841722e-11, 1.97219649466e-12, 7.75658020886e-13, 2.9181567102e-13, 3.65212959701e-14, 3.08740099967e-15, 1.58419979202e-15, 1.22265351936e-15, 9.5610199174e-16], "var": [9.29968848595e-07, 1.82659423444e-05, 5.21320689586e-05, 1.3798588725e-06, 4.71155374271e-07, 1.37139579692e-07, 2.9669241286e-08, 1.73731766751e-08, 1.30785682284e-09, 8.49571080153e-10, 4.7304421491e-10, 6.16185269475e-10, 2.028549273e-10, 2.66825617157e-10, 4.39235592342e-11, 3.50984276365e-11, 3.81169679153e-11, 1.49756578666e-11, 4.97253974108e-12, 1.59091715496e-11, 1.78527366501e-11, 1.46229226644e-11, 5.75040882966e-11, 1.23276069908e-10, 3.6289163341e-10, 2.198272675e-09, 8.47303116558e-09, 2.0261115008e-09, 4.29372121191e-10, 2.50679671465e-10, 5.10195670433e-11, 1.8488306372e-11, 4.90222923019e-12, 1.6855562085e-12, 6.36997670323e-13, 7.55889694912e-14, 4.40006934561e-15, 1.86405227801e-15, 1.4383696235e-15, 1.1263558259e-15], "median": [0.000538678199518, 0.00149650836829, 0.00120080984198, 0.000200428330572, 5.84544068261e-05, 2.57747160504e-05, 1.44505365824e-05, 7.95083542471e-06, 4.18224044552e-06, 2.4852711249e-06, 1.40030522289e-06, 1.61690638834e-06, 1.79521202881e-06, 1.02621743281e-06, 6.0716297412e-07, 4.54996410326e-07, 4.39852726686e-07, 4.02284172196e-07, 3.09419391442e-07, 2.65618353978e-07, 1.73039012452e-07, 1.13767981702e-07, 1.1498283925e-07, 1.10770855599e-07, 1.24251528177e-07, 9.03043826384e-08, 7.06559575292e-08, 7.66469980817e-08, 1.0664219019e-07, 1.13213445729e-07, 9.43208533499e-08, 8.25507058266e-08, 6.03655934128e-08, 4.3269047012e-08, 3.04145828522e-08, 1.93319849018e-08, 8.62721805106e-09, 4.00297306413e-09, 3.62302410295e-09, 3.32727978503e-09], "max": [0.0136603917927, 0.0446340702474, 0.0651395767927, 0.0142897544429, 0.0154183553532, 0.00874567311257, 0.00474983686581, 0.0031951458659, 0.00121969776228, 0.00100759742782, 0.00079612940317, 0.000859246763866, 0.000322340289131, 0.000389556051232, 0.00017362330982, 0.000232151403907, 0.000172599495272, 8.94188633538e-05, 6.25257234788e-05, 0.000159776333021, 0.000239786706516, 0.000212828555959, 0.00030193888233, 0.000341874780133, 0.000696014089044, 0.00151091266889, 0.00355867599137, 0.0013493305305, 0.000592866970692, 0.000628092850093, 0.000262514164206, 0.000156808149768, 6.1735365307e-05, 4.3810774514e-05, 2.36904270423e-05, 7.05826732883e-06, 1.24234941268e-06, 5.94348250615e-07, 5.25843120158e-07, 4.68473984938e-07], "dmean": [0.000540076754987, 0.00137250451371, 0.00147676526103, 0.000267859053565, 0.000128980580484, 6.36655240669e-05, 3.58332727046e-05, 2.51187557296e-05, 9.15001055546e-06, 6.88647924107e-06, 4.85222835778e-06, 4.76118430015e-06, 3.83172528018e-06, 3.13493319481e-06, 1.72459317582e-06, 1.2796158444e-06, 1.42634212352e-06, 1.00814975212e-06, 6.97897803548e-07, 7.32416879146e-07, 6.46740716093e-07, 5.79003653911e-07, 8.20510138055e-07, 1.00086595012e-06, 1.56030921517e-06, 3.31992805513e-06, 5.45679768038e-06, 2.46952504313e-06, 1.57157762715e-06, 1.21650771234e-06, 5.92875608163e-07, 4.56983030972e-07, 2.60746134018e-07, 1.61836041457e-07, 1.01240409833e-07, 5.49194183463e-08, 2.47076421545e-08, 1.86787865175e-08, 1.64345426157e-08, 1.45578207267e-08], "dmean2": [0.000864028988872, 0.00211691809818, 0.00215805368498, 0.000419522373704, 0.000183497744729, 9.47556764004e-05, 5.57013590878e-05, 3.88163934986e-05, 1.45071198858e-05, 1.12263614938e-05, 7.74856107455e-06, 7.5432894846e-06, 6.17760088062e-06, 4.94265532325e-06, 2.78808852272e-06, 2.07902485272e-06, 2.30534783441e-06, 1.61252557973e-06, 1.11209055831e-06, 1.19820242617e-06, 1.04045375338e-06, 9.16785722893e-07, 1.30301384615e-06, 1.42022986438e-06, 2.35186485043e-06, 4.77540424981e-06, 8.21783396532e-06, 3.33366847372e-06, 2.18352579395e-06, 1.75323089024e-06, 8.72669659202e-07, 6.74027035075e-07, 3.77253968509e-07, 2.30478704566e-07, 1.51431564177e-07, 8.40156388904e-08, 3.98418116276e-08, 3.05325578154e-08, 2.68488999922e-08, 2.37637500788e-08], "mean": [0.000830266159028, 0.0031957172323, 0.00412072474137, 0.000534275604878, 0.000229380224482, 0.000106084014988, 5.63712928852e-05, 3.87077234336e-05, 1.37092392833e-05, 1.01274545159e-05, 6.77098114465e-06, 6.5385634116e-06, 5.90026002101e-06, 4.83990061184e-06, 2.41091629505e-06, 1.84971383987e-06, 2.23104302677e-06, 1.57918339028e-06, 1.00850422768e-06, 1.06487948415e-06, 8.35757703044e-07, 6.90745252996e-07, 1.03205400137e-06, 1.44628404541e-06, 1.98480074687e-06, 3.7557538235e-06, 6.61249987388e-06, 3.44372847394e-06, 2.05709375223e-06, 1.71904957824e-06, 9.03008697151e-07, 7.2516002092e-07, 4.74424297181e-07, 2.79933516367e-07, 1.7268632746e-07, 9.19012848044e-08, 3.05994483085e-08, 1.88541591228e-08, 1.66324127804e-08, 1.48008219014e-08], "dvar2": [1.54339716119e-06, 1.47935315908e-05, 1.79397666216e-05, 6.00577493515e-07, 2.80772098904e-07, 8.81627428839e-08, 3.71552282274e-08, 1.80498975766e-08, 1.61936009047e-09, 1.64858315888e-09, 1.01824182419e-09, 9.9276575849e-10, 2.39952863135e-10, 2.77392747661e-10, 7.46830583487e-11, 5.66755600784e-11, 4.82702940119e-11, 1.94255063424e-11, 7.94897914852e-12, 2.86252670872e-11, 4.22492388297e-11, 4.40729362727e-11, 1.15121204236e-10, 1.06347632089e-10, 6.33259444882e-10, 3.04518033012e-09, 1.04991784156e-08, 1.38554712148e-09, 5.80135828265e-10, 3.77190251255e-10, 5.62788426972e-11, 2.42632736819e-11, 2.86555328077e-12, 1.13377926839e-12, 4.68120822054e-13, 7.41468721816e-14, 7.45611170326e-15, 3.85950774175e-15, 2.98135946269e-15, 2.33155750193e-15], "min": [3.72904312052e-25, 1.02349042375e-24, 5.10271521099e-25, 6.44345137259e-25, 1.53274145466e-24, 1.27748716776e-24, 1.48183063982e-24, 2.11555415942e-24, 1.79782386376e-24, 1.67464855822e-24, 1.24772946087e-24, 9.14690826314e-25, 2.0094567064e-24, 3.5086095484e-24, 2.83912834448e-24, 3.21459438371e-24, 2.57643135215e-24, 2.74991034546e-24, 2.19026559803e-24, 2.8269004088e-24, 2.67039218014e-24, 3.74103637007e-24, 4.34835592632e-24, 3.16306027014e-24, 4.47871676863e-24, 4.0240982011e-24, 3.35697864951e-24, 5.19315929706e-24, 4.92214849965e-24, 5.1485314635e-24, 3.76634657779e-24, 4.6215061145e-24, 4.67995439669e-24, 5.37289809887e-24, 5.56204170039e-24, 5.98270059481e-24, 5.06497294984e-24, 5.63248579594e-24, 5.66922423159e-24, 6.33023090003e-24]}, "spectral_decrease": {"dvar": 1.13006851027e-17, "var": 7.17760036159e-17, "median": -2.93892998826e-09, "max": 6.38990726998e-09, "dmean": 2.12345296902e-09, "dmean2": 3.15588044586e-09, "mean": -6.26578611218e-09, "dvar2": 2.49861964315e-17, "min": -5.79259626932e-08}, "barkbands_kurtosis": {"dvar": 1183.67102051, "var": 2381.68579102, "median": 49.0745239258, "max": 826.155639648, "dmean": 27.0387878418, "dmean2": 43.6348190308, "mean": 61.2403106689, "dvar2": 3047.59472656, "min": -1.76686215401}, "silence_rate_30dB": {"dvar": 0.0194150842726, "var": 0.0442738905549, "median": 1, "max": 1, "dmean": 0.0198084097356, "dmean2": 0.0396232530475, "mean": 0.953571438789, "dvar2": 0.0451980978251, "min": 0}, "gfcc": {"mean": [-155.809143066, 107.372055054, -35.1220970154, 27.8757305145, -22.0322189331, -6.23204135895, -4.86067390442, -21.4544372559, -11.3631191254, -10.690117836, -15.4530143738, -5.84126663208, -13.1153850555], "cov": [[37210.1796875, 1537.17858887, -1833.2121582, 1153.79272461, -1057.89904785, -554.761901855, -43.8863334656, -986.676330566, -186.254730225, -150.10017395, -818.54284668, -61.4472808838, -728.609924316], [1537.17858887, 938.377746582, 276.638000488, -153.088867188, 9.58770847321, 46.8991737366, -50.6460762024, -30.2419662476, 7.43392801285, -59.503364563, 13.3932561874, -64.2894744873, 26.0378875732], [-1833.2121582, 276.638000488, 480.474273682, -95.5489959717, 78.1731796265, 97.1743469238, -50.9451065063, 94.8078842163, -5.89486169815, -12.3610172272, 60.0761680603, -47.1307296753, 69.5219650269], [1153.79272461, -153.088867188, -95.5489959717, 312.679443359, 32.8888015747, -37.8766136169, 98.2809677124, -82.2901382446, -5.68310403824, -3.33408212662, -54.8271636963, 20.8251972198, -63.5189399719], [-1057.89904785, 9.58770847321, 78.1731796265, 32.8888015747, 200.211257935, 58.1514663696, 57.5630569458, 37.4264831543, 5.61633491516, -23.2213077545, 51.073677063, -9.29796600342, 27.394575119], [-554.761901855, 46.8991737366, 97.1743469238, -37.8766136169, 58.1514663696, 192.55078125, -32.0516586304, 95.4580459595, -35.1780204773, 12.3863506317, 6.6841340065, -25.1447467804, 26.0578861237], [-43.8863334656, -50.6460762024, -50.9451065063, 98.2809677124, 57.5630569458, -32.0516586304, 200.159103394, -63.675693512, 68.0448608398, -2.12202692032, -5.80254268646, 41.385055542, -20.6922359467], [-986.676330566, -30.2419662476, 94.8078842163, -82.2901382446, 37.4264831543, 95.4580459595, -63.675693512, 217.701843262, -10.6219167709, 9.16338825226, 43.9013900757, -38.9094276428, 49.3066291809], [-186.254730225, 7.43392801285, -5.89486169815, -5.68310403824, 5.61633491516, -35.1780204773, 68.0448608398, -10.6219167709, 104.21836853, 35.6177978516, 8.78316783905, 25.4998683929, -7.21712398529], [-150.10017395, -59.503364563, -12.3610172272, -3.33408212662, -23.2213077545, 12.3863506317, -2.12202692032, 9.16338825226, 35.6177978516, 74.507194519, 21.6085071564, 13.1218223572, 8.13850498199], [-818.54284668, 13.3932561874, 60.0761680603, -54.8271636963, 51.073677063, 6.6841340065, -5.80254268646, 43.9013900757, 8.78316783905, 21.6085071564, 93.8282623291, 22.8906230927, 40.5158805847], [-61.4472808838, -64.2894744873, -47.1307296753, 20.8251972198, -9.29796600342, -25.1447467804, 41.385055542, -38.9094276428, 25.4998683929, 13.1218223572, 22.8906230927, 73.6061553955, 10.883477211], [-728.609924316, 26.0378875732, 69.5219650269, -63.5189399719, 27.394575119, 26.0578861237, -20.6922359467, 49.3066291809, -7.21712398529, 8.13850498199, 40.5158805847, 10.883477211, 83.9409637451]], "icov": [[7.9850993643e-05, -0.00029552471824, 0.000340620114002, -0.000353815063136, 0.000283231696812, 4.32001115769e-06, 9.57108495641e-05, -3.0085684557e-05, 9.33456176426e-05, -3.61068086931e-05, 0.00011759789777, 1.17519084597e-05, 0.000135665599373], [-0.00029552471824, 0.00299126026221, -0.00182281807065, 0.00126095453743, 0.00041189903277, -0.00171796011273, 0.000165046672919, 0.00220601540059, -0.00308268610388, 0.00364344241098, -0.00282981712371, 0.00290286680683, -0.00151418789756], [0.000340620114002, -0.00182281807065, 0.00501711154357, -0.00232993345708, 0.00182143738493, -0.00184358807746, 0.0010865580989, 0.000351359369233, -0.00189948489424, 0.00213013379835, -0.00254623126239, 0.00308994855732, -0.00189851119649], [-0.000353815063136, 0.00126095453743, -0.00232993345708, 0.00864958763123, -0.00588384596631, 0.00356413889676, -0.00327815418132, -0.00145685242023, 0.00646770559251, -0.00670760218054, 0.0070996764116, -0.00548394909129, 0.00436476990581], [0.000283231696812, 0.00041189903277, 0.00182143738493, -0.00588384596631, 0.0154695417732, -0.00796038750559, -0.00118271121755, 0.0040417262353, -0.00861044041812, 0.0135342041031, -0.014844654128, 0.0114252790809, -0.00524208834395], [4.32001115769e-06, -0.00171796011273, -0.00184358807746, 0.00356413889676, -0.00796038750559, 0.0138347866014, -0.00205195695162, -0.00731347640976, 0.0120449773967, -0.013741357252, 0.0125187570229, -0.0089403046295, 0.00437219906598], [9.57108495641e-05, 0.000165046672919, 0.0010865580989, -0.00327815418132, -0.00118271121755, -0.00205195695162, 0.0110123045743, 0.00270262616687, -0.0090123033151, 0.00528452824801, -0.00128952728119, -0.00103995087557, -0.000980823067948], [-3.0085684557e-05, 0.00220601540059, 0.000351359369233, -0.00145685242023, 0.0040417262353, -0.00731347640976, 0.00270262616687, 0.0118183810264, -0.00862128566951, 0.00855351984501, -0.00995673332363, 0.0106969894841, -0.00581507291645], [9.33456176426e-05, -0.00308268610388, -0.00189948489424, 0.00646770559251, -0.00861044041812, 0.0120449773967, -0.0090123033151, -0.00862128566951, 0.0309064239264, -0.0239310953766, 0.0157075561583, -0.0148496674374, 0.00946856848896], [-3.61068086931e-05, 0.00364344241098, 0.00213013379835, -0.00670760218054, 0.0135342041031, -0.013741357252, 0.00528452824801, 0.00855351984501, -0.0239310953766, 0.0382512845099, -0.0224716309458, 0.0147689366713, -0.00899104773998], [0.00011759789777, -0.00282981712371, -0.00254623126239, 0.0070996764116, -0.014844654128, 0.0125187570229, -0.00128952728119, -0.00995673332363, 0.0157075561583, -0.0224716309458, 0.0366781130433, -0.021657269448, 0.00450266478583], [1.17519084597e-05, 0.00290286680683, 0.00308994855732, -0.00548394909129, 0.0114252790809, -0.0089403046295, -0.00103995087557, 0.0106969894841, -0.0148496674374, 0.0147689366713, -0.021657269448, 0.0352856628597, -0.0118308011442], [0.000135665599373, -0.00151418789756, -0.00189851119649, 0.00436476990581, -0.00524208834395, 0.00437219906598, -0.000980823067948, -0.00581507291645, 0.00946856848896, -0.00899104773998, 0.00450266478583, -0.0118308011442, 0.0230096057057]]}, "silence_rate_20dB": {"dvar": 0, "var": 0, "median": 1, "max": 1, "dmean": 0, "dmean2": 0, "mean": 1, "dvar2": 0, "min": 1}, "barkbands_skewness": {"dvar": 1.69834196568, "var": 6.5654540062, "median": 5.15427207947, "max": 23.1448287964, "dmean": 1.37535977364, "dmean2": 2.17683649063, "mean": 5.30031299591, "dvar2": 4.29042387009, "min": -2.25675582886}, "erbbands_skewness": {"dvar": 0.49356135726, "var": 1.92587828636, "median": 1.88287723064, "max": 9.52083110809, "dmean": 0.68324637413, "dmean2": 1.06091237068, "mean": 1.97345387936, "dvar2": 1.12657809258, "min": -5.6376657486}, "spectral_contrast_valleys": {"dvar": [0.160750046372, 0.205119535327, 0.220129579306, 0.302420258522, 0.341536432505, 0.409327656031], "var": [9.49440002441, 9.32447719574, 8.62805747986, 8.36696529388, 8.48085308075, 6.50469207764], "median": [-7.05791378021, -7.52441120148, -8.34567260742, -8.88566017151, -8.96856594086, -11.6347179413], "max": [-5.4710931778, -4.72287845612, -5.62864685059, -6.62929773331, -5.280813694, -9.11845493317], "dmean": [0.40777823329, 0.466770112514, 0.485100924969, 0.552308082581, 0.608442425728, 0.715378344059], "dmean2": [0.665336668491, 0.751177072525, 0.774313390255, 0.891445696354, 0.97329890728, 1.17088925838], "mean": [-7.69301557541, -8.10816669464, -8.89755344391, -9.47024822235, -9.52692699432, -12.0792179108], "dvar2": [0.324580430984, 0.433865606785, 0.490175515413, 0.715538024902, 0.818742692471, 1.01643848419], "min": [-28.280456543, -27.8800926208, -27.9767227173, -27.7930259705, -27.4961414337, -27.4082336426]}, "spectral_strongpeak": {"dvar": 66.0656585693, "var": 95.1216201782, "median": 0.343579471111, "max": 140.844955444, "dmean": 1.30278968811, "dmean2": 2.38570308685, "mean": 1.72551441193, "dvar2": 160.171020508, "min": 0}, "erbbands_crest": {"dvar": 8.22208595276, "var": 29.6517467499, "median": 12.4017810822, "max": 31.6686019897, "dmean": 3.2897772789, "dmean2": 5.24659109116, "mean": 13.0156478882, "dvar2": 20.8240242004, "min": 2.38415384293}, "barkbands_crest": {"dvar": 6.28070020676, "var": 16.090549469, "median": 13.484462738, "max": 26.214132309, "dmean": 2.78615736961, "dmean2": 4.525370121, "mean": 13.860710144, "dvar2": 16.3453540802, "min": 3.0604159832}, "spectral_energyband_middle_low": {"dvar": 7.47823796701e-05, "var": 0.000467349600513, "median": 0.00380511884578, "max": 0.20958301425, "dmean": 0.00400258088484, "dmean2": 0.00580161251128, "mean": 0.0116567602381, "dvar2": 0.000150182357174, "min": 1.31565300383e-22}, "spectral_contrast_coeffs": {"dvar": [0.00167510239407, 0.00130343879573, 0.000728591170628, 0.000628181442153, 0.000754466163926, 0.00163467461243], "var": [0.011377488263, 0.00533711630851, 0.00238023605198, 0.00214739190415, 0.00336817093194, 0.00844249036163], "median": [-0.632095098495, -0.807907104492, -0.865881741047, -0.882368803024, -0.882812976837, -0.798767328262], "max": [-0.280527472496, -0.466476052999, -0.600708723068, -0.623157739639, -0.518612384796, -0.381507098675], "dmean": [0.0496311895549, 0.0435073971748, 0.0331404022872, 0.0308262314647, 0.0323025211692, 0.0388763472438], "dmean2": [0.0805695354939, 0.0708262771368, 0.0549058094621, 0.0511352829635, 0.0524168983102, 0.0624095834792], "mean": [-0.633935809135, -0.801658272743, -0.863356292248, -0.885548293591, -0.878416240215, -0.782655179501], "dvar2": [0.0043498990126, 0.00332182948478, 0.00203092372976, 0.0016429341631, 0.0018384050345, 0.0040057185106], "min": [-0.978878259659, -0.977849125862, -0.974512338638, -0.989635407925, -0.976073503494, -0.965401768684]}, "hfc": {"dvar": 507.19342041, "var": 2665.84423828, "median": 20.1549339294, "max": 651.668334961, "dmean": 11.6938419342, "dmean2": 16.018196106, "mean": 34.7467346191, "dvar2": 846.929931641, "min": 1.05358265936e-16}, "spectral_energyband_high": {"dvar": 1.23895335946e-06, "var": 2.74813510259e-06, "median": 2.66267998086e-05, "max": 0.049019921571, "dmean": 0.000119464042655, "dmean2": 0.000156753492774, "mean": 0.000205199627089, "dvar2": 1.84729572084e-06, "min": 6.75859753662e-21}, "erbbands_spread": {"dvar": 107.234718323, "var": 464.189453125, "median": 31.1002368927, "max": 124.01348877, "dmean": 10.4100093842, "dmean2": 16.5519313812, "mean": 34.8787269592, "dvar2": 256.649383545, "min": 1.17011356354}, "dissonance": {"dvar": 0.000501457659993, "var": 0.00101407105103, "median": 0.459810823202, "max": 0.499999970198, "dmean": 0.0228127669543, "dmean2": 0.0378397628665, "mean": 0.453675270081, "dvar2": 0.00134235864971, "min": 0.200672924519}, "spectral_kurtosis": {"dvar": 128.32472229, "var": 163.124816895, "median": 9.4567565918, "max": 155.892684937, "dmean": 6.13034582138, "dmean2": 10.2023200989, "mean": 13.3727273941, "dvar2": 351.399200439, "min": -1.27257871628}, "spectral_skewness": {"dvar": 0.631449401379, "var": 1.46129262447, "median": 2.38582086563, "max": 10.452709198, "dmean": 0.568265676498, "dmean2": 0.921951591969, "mean": 2.64187860489, "dvar2": 1.71054124832, "min": -0.0967495962977}, "pitch_salience": {"dvar": 0.00569207686931, "var": 0.0194912608713, "median": 0.481524825096, "max": 0.822460412979, "dmean": 0.0867762044072, "dmean2": 0.141333252192, "mean": 0.473243564367, "dvar2": 0.0145407905802, "min": 0.0908518955112}, "spectral_complexity": {"dvar": 3.74228191376, "var": 15.4133806229, "median": 4, "max": 40, "dmean": 1.27877902985, "dmean2": 2.11627149582, "mean": 4.59318161011, "dvar2": 7.19055986404, "min": 0}, "spectral_spread": {"dvar": 751600205824, "var": 27577594937300.0, "median": 4791033, "max": 43051616, "dmean": 688724.3125, "dmean2": 1116649.125, "mean": 5341045, "dvar2": 1597915660290.0, "min": 1029899.5625}, "dynamic_complexity": 5.98521566391, "melbands_crest": {"dvar": 7.70996904373, "var": 29.8133831024, "median": 19.1532764435, "max": 34.6167793274, "dmean": 3.14077210426, "dmean2": 5.02274370193, "mean": 19.243396759, "dvar2": 19.5834980011, "min": 1.55449533463}, "zerocrossingrate": {"dvar": 0.00145162083209, "var": 0.0137840472162, "median": 0.14111328125, "max": 0.8193359375, "dmean": 0.0359853543341, "dmean2": 0.0450600013137, "mean": 0.163428530097, "dvar2": 0.00207546795718, "min": 0.00732421875}, "spectral_energyband_low": {"dvar": 0.000126351820654, "var": 0.000655131065287, "median": 0.00949133001268, "max": 0.199787378311, "dmean": 0.00714087998495, "dmean2": 0.0107009317726, "mean": 0.0194147136062, "dvar2": 0.000288703478873, "min": 1.13539487911e-23}, "melbands_kurtosis": {"dvar": 1483.49438477, "var": 5529.96582031, "median": 63.323261261, "max": 491.20904541, "dmean": 34.4484596252, "dmean2": 54.4391937256, "mean": 85.5017242432, "dvar2": 3689.16357422, "min": -1.93531370163}, "spectral_energyband_middle_high": {"dvar": 3.03159276882e-06, "var": 6.10509823673e-06, "median": 7.23549746908e-05, "max": 0.0723250508308, "dmean": 0.000263144698692, "dmean2": 0.000377377087716, "mean": 0.000415857997723, "dvar2": 5.41450935998e-06, "min": 1.10847210402e-21}, "barkbands_spread": {"dvar": 31.1360740662, "var": 71.5095062256, "median": 2.95121049881, "max": 107.50428009, "dmean": 2.45260858536, "dmean2": 3.97051334381, "mean": 5.37062644958, "dvar2": 74.6899642944, "min": 0.283277958632}, "mfcc": {"mean": [-811.173461914, 152.699356079, 42.5154533386, 48.0541534424, 7.03322553635, 27.6644992828, 4.43090343475, 6.80640363693, 1.7659740448, -1.59042429924, -1.52137613297, -2.6172580719, -2.02041816711], "cov": [[13463.8691406, 1265.29663086, -708.628356934, 1020.03314209, -852.613708496, 623.727294922, -525.169250488, -47.71043396, -131.758407593, -74.1354675293, -74.566368103, -95.5318222046, -164.025878906], [1265.29663086, 1595.68676758, 469.045898438, 9.15071487427, 135.168228149, 63.782623291, 24.165813446, 7.08182954788, 30.5515117645, -38.0722732544, 24.7505073547, 7.49364900589, 0.189917072654], [-708.628356934, 469.045898438, 471.600341797, -62.0975494385, 148.688400269, -25.4415283203, 64.0701828003, -6.14287376404, 35.0960464478, -10.0174531937, 15.1490831375, 6.74225902557, -5.47741985321], [1020.03314209, 9.15071487427, -62.0975494385, 401.527923584, -104.711502075, 157.774108887, -32.3861808777, 35.2351074219, -21.2580795288, 12.3327760696, -20.0548629761, -22.5267181396, 1.04897284508], [-852.613708496, 135.168228149, 148.688400269, -104.711502075, 271.380737305, -75.6329269409, 124.676368713, 18.4005680084, 21.5992298126, 7.13396978378, 15.5835123062, 12.9523954391, 7.22221040726], [623.727294922, 63.782623291, -25.4415283203, 157.774108887, -75.6329269409, 234.306396484, -10.2565994263, 18.914144516, 1.43359804153, 3.31668376923, -14.3986520767, -2.47598862648, -6.20904445648], [-525.169250488, 24.165813446, 64.0701828003, -32.3861808777, 124.676368713, -10.2565994263, 151.216415405, 45.4601593018, 23.5380687714, 13.9446849823, -6.80008554459, 12.1840963364, 14.3416872025], [-47.71043396, 7.08182954788, -6.14287376404, 35.2351074219, 18.4005680084, 18.914144516, 45.4601593018, 93.3329467773, 27.7940063477, 14.3216276169, 5.61144208908, -0.584200799465, 7.88262987137], [-131.758407593, 30.5515117645, 35.0960464478, -21.2580795288, 21.5992298126, 1.43359804153, 23.5380687714, 27.7940063477, 78.0598526001, 30.6346817017, 15.1236209869, 2.38656020164, -3.98642683029], [-74.1354675293, -38.0722732544, -10.0174531937, 12.3327760696, 7.13396978378, 3.31668376923, 13.9446849823, 14.3216276169, 30.6346817017, 64.6435699463, 19.5451087952, 6.06381225586, 9.17409801483], [-74.566368103, 24.7505073547, 15.1490831375, -20.0548629761, 15.5835123062, -14.3986520767, -6.80008554459, 5.61144208908, 15.1236209869, 19.5451087952, 59.2117385864, 19.9153137207, 4.15181970596], [-95.5318222046, 7.49364900589, 6.74225902557, -22.5267181396, 12.9523954391, -2.47598862648, 12.1840963364, -0.584200799465, 2.38656020164, 6.06381225586, 19.9153137207, 51.3180809021, 23.4967880249], [-164.025878906, 0.189917072654, -5.47741985321, 1.04897284508, 7.22221040726, -6.20904445648, 14.3416872025, 7.88262987137, -3.98642683029, 9.17409801483, 4.15181970596, 23.4967880249, 55.8628921509]], "icov": [[0.000173650943907, -0.000277935119811, 0.000401180936024, -0.000288301933324, 0.000255962397205, -4.74253138236e-05, 0.000145075668115, 7.49924438423e-05, 2.74400954368e-05, -2.24905306823e-05, 9.59102471825e-05, -0.000205561838811, 0.000554368074518], [-0.000277935119811, 0.0014022217365, -0.00156827422325, 0.000400290475227, -0.000706548802555, -0.000337136501912, 0.000248985830694, -0.000323460350046, -0.000212179278606, 0.000674039416481, -0.000462260941276, 0.000425751059083, -0.00121709704399], [0.000401180936024, -0.00156827422325, 0.00458474596962, -0.000720674346667, -0.00059591117315, 5.64856782148e-05, -0.000339133956004, 0.00132789602503, -0.00133318756707, 0.000705532031134, -0.000120545504615, -0.000399072974687, 0.00159518315922], [-0.000288301933324, 0.000400290475227, -0.000720674346667, 0.00448018917814, 0.000234381688642, -0.0021918953862, 0.000268646224868, -0.00184552720748, 0.00187434628606, -0.0015621461207, 0.000288149749395, 0.00189496204257, -0.00151331641246], [0.000255962397205, -0.000706548802555, -0.00059591117315, 0.000234381688642, 0.00853602401912, 0.00159249221906, -0.00626692967489, 0.000926314911339, 0.00069912604522, -1.75935238076e-05, -0.00222370843403, 0.000427744613262, 0.00128089322243], [-4.74253138236e-05, -0.000337136501912, 5.64856782148e-05, -0.0021918953862, 0.00159249221906, 0.00653095170856, -0.00123963039368, -0.000163193399203, -0.000772586849052, -2.45332594204e-05, 0.00108924531378, -0.0018316868227, 0.00140826473944], [0.000145075668115, 0.000248985830694, -0.000339133956004, 0.000268646224868, -0.00626692967489, -0.00123963039368, 0.0149619393051, -0.00568423513323, -0.000616206787527, -0.00207729777321, 0.00589487934485, -0.00339530128986, -0.00069266022183], [7.49924438423e-05, -0.000323460350046, 0.00132789602503, -0.00184552720748, 0.000926314911339, -0.000163193399203, -0.00568423513323, 0.01588036865, -0.00522285467014, 0.00152184208855, -0.00311003997922, 0.00270535796881, -0.00206266297027], [2.74400954368e-05, -0.000212179278606, -0.00133318756707, 0.00187434628606, 0.00069912604522, -0.000772586849052, -0.000616206787527, -0.00522285467014, 0.0198537893593, -0.00896768178791, -0.00117094186135, -0.000135529611725, 0.00366783281788], [-2.24905306823e-05, 0.000674039416481, 0.000705532031134, -0.0015621461207, -1.75935238076e-05, -2.45332594204e-05, -0.00207729777321, 0.00152184208855, -0.00896768178791, 0.0232142806053, -0.00716613605618, 0.00208730320446, -0.00444937264547], [9.59102471825e-05, -0.000462260941276, -0.000120545504615, 0.000288149749395, -0.00222370843403, 0.00108924531378, 0.00589487934485, -0.00311003997922, -0.00117094186135, -0.00716613605618, 0.0252388082445, -0.0108800791204, 0.00339380837977], [-0.000205561838811, 0.000425751059083, -0.000399072974687, 0.00189496204257, 0.000427744613262, -0.0018316868227, -0.00339530128986, 0.00270535796881, -0.000135529611725, 0.00208730320446, -0.0108800791204, 0.0303993076086, -0.0127789406106], [0.000554368074518, -0.00121709704399, 0.00159518315922, -0.00151331641246, 0.00128089322243, 0.00140826473944, -0.00069266022183, -0.00206266297027, 0.00366783281788, -0.00444937264547, 0.00339380837977, -0.0127789406106, 0.0262927152216]]}, "silence_rate_60dB": {"dvar": 0.0392440706491, "var": 0.14299659431, "median": 0, "max": 1, "dmean": 0.