{"tonal": {"hpcp": {"dvar": [0.0596743635833, 0.0496930032969, 0.0413601025939, 0.0321132466197, 0.0289767477661, 0.0285302177072, 0.0317658111453, 0.0374715737998, 0.0318819954991, 0.0317694991827, 0.0299842264503, 0.0292767509818, 0.0292641334236, 0.0270218700171, 0.0239414572716, 0.0257899034768, 0.0227640923113, 0.0278234165162, 0.0308377705514, 0.0329027473927, 0.032430306077, 0.0329081639647, 0.0391806438565, 0.0486829616129, 0.0929563045502, 0.0542117804289, 0.060291338712, 0.0553367733955, 0.0436935015023, 0.0427965074778, 0.0478436984122, 0.0534818209708, 0.0582283437252, 0.0612154491246, 0.0637747347355, 0.0684405788779], "var": [0.0646606236696, 0.0425321497023, 0.0304856207222, 0.0237018670887, 0.0246975589544, 0.0252721272409, 0.0363409295678, 0.0477844774723, 0.0281728263944, 0.0270938314497, 0.0258187316358, 0.0234403163195, 0.0257887560874, 0.0305516030639, 0.0275973249227, 0.0287848412991, 0.019581772387, 0.021233998239, 0.0316165685654, 0.0431815087795, 0.0368070527911, 0.031715720892, 0.0346513614058, 0.0654897391796, 0.157999560237, 0.0960349291563, 0.0756588131189, 0.0666320770979, 0.0411250814795, 0.0346106439829, 0.0418794117868, 0.050620958209, 0.0678213462234, 0.0959235131741, 0.0904678404331, 0.0942912325263], "median": [0.0520762167871, 0.0353970900178, 0.0241415575147, 0.0164529252797, 0.01617641747, 0.0227532144636, 0.0431071296334, 0.049432951957, 0.0374085493386, 0.0271759722382, 0.0231195054948, 0.0189379956573, 0.0272170454264, 0.0368154346943, 0.0400002524257, 0.0306673813611, 0.0238936003298, 0.0160306151956, 0.0231052841991, 0.033030115068, 0.034104205668, 0.0274867005646, 0.0306853279471, 0.166149169207, 0.276632547379, 0.248414382339, 0.0921087637544, 0.0600911788642, 0.0352064967155, 0.0176182053983, 0.0148039041087, 0.0225935205817, 0.054972384125, 0.102061003447, 0.107761718333, 0.0645158886909], "max": [1, 1, 1, 1, 1, 1, 1, 1, 1, 1, 1, 1, 1, 1, 1, 1, 1, 1, 1, 1, 1, 1, 1, 1, 1, 1, 1, 1, 1, 1, 1, 1, 1, 1, 1, 1], "dmean": [0.175357252359, 0.135652661324, 0.102710612118, 0.0815113261342, 0.077268101275, 0.0843225345016, 0.107988774776, 0.119689151645, 0.106935977936, 0.102705128491, 0.0949228182435, 0.0870384797454, 0.0916431248188, 0.0958576798439, 0.0918718576431, 0.0864437073469, 0.0762366130948, 0.0764513239264, 0.0897625461221, 0.100779667497, 0.105220921338, 0.102953873575, 0.115438520908, 0.199890330434, 0.275848656893, 0.23009032011, 0.203166365623, 0.171663150191, 0.128700464964, 0.108435153961, 0.119049355388, 0.139866575599, 0.167981088161, 0.196644112468, 0.207141727209, 0.197941765189], "dmean2": [0.312422484159, 0.246098041534, 0.18923535943, 0.149995177984, 0.141664654016, 0.152201384306, 0.190404266119, 0.211367771029, 0.192541569471, 0.185454756021, 0.170567899942, 0.157596111298, 0.164541468024, 0.168080300093, 0.160321831703, 0.152307376266, 0.13530164957, 0.139204263687, 0.160804316401, 0.178007662296, 0.185398966074, 0.182654350996, 0.206525862217, 0.35094076395, 0.493087053299, 0.397161096334, 0.357228219509, 0.304812967777, 0.230722337961, 0.199226930737, 0.21715515852, 0.253146082163, 0.298651278019, 0.345447063446, 0.36567825079, 0.347814649343], "mean": [0.170821711421, 0.116053193808, 0.0828567519784, 0.065746627748, 0.0674297660589, 0.0772674679756, 0.120002269745, 0.137031108141, 0.101642534137, 0.087428689003, 0.0811974704266, 0.0711309015751, 0.0837716534734, 0.101312965155, 0.101481013, 0.0924463793635, 0.0722294673324, 0.0628625676036, 0.0883554965258, 0.115054711699, 0.111238434911, 0.0964276492596, 0.10201562196, 0.255084276199, 0.425568968058, 0.339693397284, 0.217538610101, 0.178396686912, 0.119496047497, 0.0873054862022, 0.095638141036, 0.12054052949, 0.180039271712, 0.245415881276, 0.250046312809, 0.222172111273], "dvar2": [0.161127239466, 0.13894289732, 0.117916233838, 0.0923250690103, 0.0818909630179, 0.0793052464724, 0.085852496326, 0.100256294012, 0.0909436047077, 0.0886293724179, 0.0835212320089, 0.0819918066263, 0.0817123353481, 0.0716652050614, 0.06467923522, 0.0696409121156, 0.0636241212487, 0.0794077515602, 0.0852761641145, 0.0880137979984, 0.0876228138804, 0.0891507640481, 0.106817983091, 0.133160799742, 0.233388647437, 0.140061974525, 0.158783867955, 0.14858970046, 0.117835573852, 0.116867423058, 0.130277365446, 0.145729675889, 0.155785009265, 0.163152009249, 0.170679286122, 0.182612776756], "min": [0, 0, 0, 0, 0, 0, 0, 0, 0, 0, 0, 0, 0, 0, 0, 0, 0, 0, 0, 0, 0, 0, 0, 0, 0, 0, 0, 0, 0, 0, 0, 0, 0, 0, 0, 0]}, "key_key": "F", "thpcp": [1, 0.798209965229, 0.511171221733, 0.419195711613, 0.280791252851, 0.205150023103, 0.224730059505, 0.283245593309, 0.423055440187, 0.576677083969, 0.587557673454, 0.52205902338, 0.40139606595, 0.272701263428, 0.19469641149, 0.154491126537, 0.158446148038, 0.18156273663, 0.281980782747, 0.321995079517, 0.238839164376, 0.205439537764, 0.190797448158, 0.167143061757, 0.196846246719, 0.238064736128, 0.238459616899, 0.217230081558, 0.169724464417, 0.147714167833, 0.207617342472, 0.270355045795, 0.261387556791, 0.226585239172, 0.239715844393, 0.599395871162], "chords_key": "C#", "tuning_equal_tempered_deviation": 0.172844201326, "tuning_frequency": 434.193115234, "tuning_diatonic_strength": 0.298813968897, "chords_histogram": [8.72888851166, 0.764444470406, 0, 0.853333353996, 0.479999989271, 4.24888896942, 9.84888935089, 2.5955555439, 1.51111114025, 0.19555555284, 0.551111102104, 0.071111112833, 0.657777786255, 0.266666680574, 0.142222225666, 3.80444455147, 3.18222212791, 6.06222200394, 7.87555551529, 0.60444444418, 0, 1.03111112118, 3.5733332634, 42.9511108398], "key_strength": 0.425215184689, "key_scale": "minor", "chords_strength": {"dvar": 0.000346479588188, "var": 0.0148913292214, "median": 0.500559568405, "max": 0.776738166809, "dmean": 0.0117707643658, "dmean2": 0.0138380406424, "mean": 0.496768265963, "dvar2": 0.000631490082014, "min": -1}, "chords_number_rate": 0.00213333335705, "tuning_nontempered_energy_ratio": 0.833236575127, "hpcp_entropy": {"dvar": 0.278462648392, "var": 0.599182963371, "median": 2.45522880554, "max": 4.61718559265, "dmean": 0.659160137177, "dmean2": 1.11476302147, "mean": 2.42607665062, "dvar2": 0.769110202789, "min": 0}, "chords_changes_rate": 0.0760888904333, "chords_scale": "major"}, "rhythm": {"bpm_histogram_first_peak_spread": {"dvar": 0, "var": 0, "median": 0.38877338171, "max": 0.38877338171, "dmean": 0, "dmean2": 0, "mean": 0.38877338171, "dvar2": 0, "min": 0.38877338171}, "bpm_histogram_first_peak_weight": {"dvar": 0, "var": 0, "median": 0.560000002384, "max": 0.560000002384, "dmean": 0, "dmean2": 0, "mean": 0.560000002384, "dvar2": 0, "min": 0.560000002384}, "bpm_histogram_first_peak_bpm": {"dvar": 0, "var": 0, "median": 120, "max": 120, "dmean": 0, "dmean2": 0, "mean": 120, "dvar2": 0, "min": 120}, "bpm": 120.553825378, "bpm_histogram_second_peak_weight": {"dvar": 0, "var": 0, "median": 0.0285714287311, "max": 0.0285714287311, "dmean": 0, "dmean2": 0, "mean": 0.0285714287311, "dvar2": 0, "min": 0.0285714287311}, "beats_loudness": {"dvar": 0.000648343353532, "var": 0.000739079900086, "median": 0.0418165326118, "max": 0.337088823318, "dmean": 0.0199566539377, "dmean2": 0.0353843681514, "mean": 0.0448250882328, "dvar2": 0.00191854860168, "min": 7.22618465065e-10}, "beats_loudness_band_ratio": {"dvar": [0.0242370311171, 0.0107897249982, 0.0254941601306, 0.00313210929744, 0.00133041839581, 0.0106155099347], "var": [0.0417044349015, 0.013159185648, 0.0232491642237, 0.00481740944088, 0.00124558783136, 0.0148061430082], "median": [0.429027676582, 0.0907291173935, 0.0434787981212, 0.0538596622646, 0.0274473745376, 0.220451980829], "max": [0.971379101276, 0.690207898617, 0.841501235962, 0.481660723686, 0.276099711657, 0.752613008022], "dmean": [0.21139729023, 0.0982297733426, 0.100925646722, 0.0496154986322, 0.0286075212061, 0.122427560389], "dmean2": [0.382334262133, 0.17553319037, 0.17680670321, 0.087801143527, 0.0521368719637, 0.216033264995], "mean": [0.436890810728, 0.127786293626, 0.104930013418, 0.0739316344261, 0.0373035520315, 0.240023985505], "dvar2": [0.078381434083, 0.0305051449686, 0.0711147859693, 0.00850091688335, 0.00388172524981, 0.0333437398076], "min": [0.0156132373959, 0.000272619567113, 0.000159739836818, 5.39529428352e-05, 1.93340783881e-05, 0.0100909210742]}, "bpm_histogram_second_peak_bpm": {"dvar": 0, "var": 0, "median": 144, "max": 144, "dmean": 0, "dmean2": 0, "mean": 144, "dvar2": 0, "min": 144}, "onset_rate": 4.15024089813, "beats_count": 526, "beats_position": [0.53405892849, 1.05650794506, 1.57895684242, 2.08979582787, 2.60063481331, 3.11147379875, 3.62231278419, 4.14476203918, 4.65560102463, 5.16644001007, 5.67727899551, 6.19972801208, 6.71056699753, 7.22140598297, 7.74385452271, 8.26630401611, 8.78875255585, 9.31120204926, 9.82204055786, 10.3328800201, 10.8437185287, 11.3429479599, 11.8421764374, 12.3414058685, 12.840634346, 13.3398637772, 13.8390922546, 14.3383216858, 14.8375511169, 15.3367795944, 15.8360090256, 16.3352375031, 16.8344669342, 17.3336963654, 17.8329238892, 18.3321533203, 18.8313827515, 19.3306121826, 19.8298416138, 20.3290691376, 20.8282985687, 21.3159179688, 21.8151473999, 22.3143768311, 22.8136043549, 23.312833786, 23.8120632172, 24.3112926483, 24.8105201721, 25.3097496033, 25.7973690033, 26.2965984344, 26.7958278656, 27.2950553894, 27.7942848206, 28.2935142517, 28.7927436829, 29.2803630829, 29.7795906067, 30.2788200378, 30.7664394379, 31.2540588379, 31.7416782379, 32.2409057617, 32.7401351929, 33.239364624, 33.7385940552, 34.2378234863, 34.7370529175, 35.2362823486, 35.7355079651, 36.2231292725, 36.7107467651, 37.1983680725, 37.6859855652, 38.1852149963, 38.6844444275, 39.1836738586, 39.6829032898, 40.1705207825, 40.6581382751, 41.1573677063, 41.6449890137, 42.1442184448, 42.6434440613, 43.1310653687, 43.6186828613, 44.1063041687, 44.6055335999, 45.1047592163, 45.6039886475, 46.1032180786, 46.6024475098, 47.1016769409, 47.6009063721, 48.1001358032, 48.5993652344, 49.0985946655, 49.5978240967, 50.0854415894, 50.573059082, 51.0606803894, 51.5599098206, 52.0591392517, 52.5467567444, 53.0459861755, 53.5452156067, 54.0328330994, 54.5204544067, 55.0196800232, 55.5189094543, 56.0181388855, 56.5173683167, 57.0049858093, 57.4926071167, 57.9802246094, 58.4794540405, 58.9786834717, 59.4779129028, 59.977142334, 60.4763717651, 60.9756011963, 61.463218689, 61.9624481201, 62.4616775513, 62.9609069824, 63.4601364136, 63.95936203, 64.4585952759, 64.9462127686, 65.4338302612, 65.9214477539, 66.409072876, 66.9082946777, 67.4075241089, 67.90675354, 68.3943786621, 68.8819961548, 69.3812255859, 69.8688430786, 70.3680725098, 70.8673019409, 71.3665313721, 71.8657608032, 72.3649902344, 72.8526077271, 73.3518371582, 73.8394546509, 74.338684082, 74.8379135132, 75.3371429443, 75.8363723755, 76.3239898682, 76.8232192993, 77.3224487305, 77.8216781616, 78.3209075928, 78.8085250854, 79.3077545166, 79.8069839478, 80.2946014404, 80.7938308716, 81.2930603027, 81.7922897339, 82.291519165, 82.8023605347, 83.3015823364, 83.8008117676, 84.3000411987, 84.7992706299, 85.2868881226, 85.7861175537, 86.2853469849, 86.7729721069, 87.2722015381, 87.7714233398, 88.2590484619, 88.7466659546, 89.2458953857, 89.7451248169, 90.2327423096, 90.7203598022, 91.2195892334, 91.7188186646, 92.2180480957, 92.7172775269, 93.216506958, 93.7157363892, 94.2149658203, 94.7141952515, 95.2250289917, 95.7126541138, 96.2002716064, 96.6995010376, 97.1987304688, 97.6863479614, 98.1855773926, 98.6848068237, 99.1956481934, 99.6948699951, 100.194099426, 100.704940796, 101.204170227, 101.703399658, 102.214241028, 102.725074768, 103.235916138, 103.746757507, 104.245986938, 104.74521637, 105.244445801, 105.743675232, 106.254508972, 106.765350342, 107.264579773, 107.763809204, 108.263038635, 108.762268066, 109.273101807, 109.783943176, 110.294784546, 110.794013977, 111.293243408, 111.804077148, 112.314918518, 112.825759888, 113.324989319, 113.82421875, 114.311836243, 114.811065674, 115.310295105, 115.797912598, 116.297142029, 116.79637146, 117.283988953, 117.771606445, 118.259223938, 118.74684906, 119.246078491, 119.745300293, 120.232925415, 120.732154846, 121.231384277, 121.730613708, 122.22983551, 122.729064941, 123.228294373, 123.715919495, 124.203536987, 124.69115448, 125.178771973, 125.666389465, 126.154014587, 126.653244019, 127.15246582, 127.640090942, 128.127700806, 128.615325928, 129.114562988, 129.61378479, 130.101409912, 130.600631714, 131.099868774, 131.587478638, 132.07510376, 132.562713623, 133.061950684, 133.561172485, 134.048797607, 134.548019409, 135.04725647, 135.534866333, 136.022491455, 136.510116577, 136.99772644, 137.485351562, 137.984573364, 138.483810425, 138.971420288, 139.470657349, 139.96987915, 140.457504272, 140.945129395, 141.432739258, 141.931976318, 142.43119812, 142.930435181, 143.429656982, 143.917282104, 144.404891968, 144.904129028, 145.40335083, 145.902587891, 146.401809692, 146.889434814, 147.377044678, 147.8646698, 148.352294922, 148.851516724, 149.350738525, 149.838363647, 150.32598877, 150.825210571, 151.324447632, 151.812057495, 152.299682617, 152.798904419, 153.298141479, 153.785751343, 154.273376465, 154.772598267, 155.271835327, 155.759460449, 156.247070312, 156.734695435, 157.210693359, 157.70993042, 158.22076416, 158.731613159, 159.242446899, 159.741668701, 160.240905762, 160.751739502, 161.262588501, 161.773422241, 162.272644043, 162.771881104, 163.282714844, 163.781951904, 164.292785645, 164.792022705, 165.291244507, 165.790466309, 166.301315308, 166.812149048, 167.322982788, 167.833831787, 168.344665527, 168.855514526, 169.354736328, 169.85395813, 170.364807129, 170.875640869, 171.386474609, 171.88571167, 172.384933472, 172.884170532, 173.383392334, 173.871017456, 174.358642578, 174.846252441, 175.333877563, 175.821487427, 176.320724487, 176.819946289, 177.307571411, 177.806793213, 178.306030273, 178.793640137, 179.292877197, 179.792098999, 180.29133606, 180.790557861, 181.278182983, 181.777404785, 182.276641846, 182.775863647, 183.275100708, 183.77432251, 184.27355957, 184.761169434, 185.260406494, 185.759628296, 186.258865356, 186.758087158, 187.257324219, 187.756546021, 188.255783081, 188.755004883, 189.254241943, 189.753463745, 190.252700806, 190.751922607, 191.251159668, 191.75038147, 192.24961853, 192.748840332, 193.236465454, 193.735687256, 194.234924316, 194.734146118, 195.23336792, 195.73260498, 196.231826782, 196.731063843, 197.230285645, 197.729522705, 198.228744507, 198.716369629, 199.215591431, 199.714828491, 200.202438354, 200.690063477, 201.189300537, 201.688522339, 202.176147461, 202.663757324, 203.162994385, 203.662216187, 204.149841309, 204.64906311, 205.148300171, 205.647521973, 206.146759033, 206.645980835, 207.145217896, 207.644439697, 208.143676758, 208.64289856, 209.142120361, 209.629745483, 210.117370605, 210.604980469, 211.104217529, 211.603439331, 212.091064453, 212.590286255, 213.089523315, 213.577133179, 214.064758301, 214.552383423, 215.039993286, 215.539230347, 216.038452148, 216.526077271, 217.025299072, 217.524536133, 218.023757935, 218.522994995, 219.022216797, 219.521453857, 220.009063721, 220.496688843, 220.984298706, 221.483535767, 221.982757568, 222.47038269, 222.946395874, 223.422393799, 223.910018921, 224.374420166, 224.873641968, 225.372879028, 225.883712769, 226.382949829, 226.882171631, 227.381408691, 227.892242432, 228.391464233, 228.890701294, 229.389923096, 229.900772095, 230.411605835, 230.910827637, 231.410064697, 231.920898438, 232.431747437, 232.930969238, 233.430206299, 233.941040039, 234.451873779, 234.962722778, 235.473556519, 235.97277832, 236.472015381, 236.982849121, 237.49369812, 237.992919922, 238.503753662, 239.014602661, 239.513824463, 240.013061523, 240.512283325, 240.999908447, 241.499130249, 241.99836731, 242.50920105, 243.02003479, 243.542495728, 244.088165283, 244.645431519, 245.179489136, 245.713562012, 246.247619629, 246.770065308, 247.292510986, 247.791748047, 248.302581787, 248.825027466, 249.335861206, 249.846710205, 250.345932007, 250.845169067, 251.297958374, 251.750747681, 252.215148926, 252.633102417, 253.051055908, 253.469024658, 253.898590088, 254.316543579, 254.746124268, 255.164077759, 255.58203125, 256, 256.41796875, 256.824310303, 257.242248535, 257.648620605, 258.066558838, 258.472930908, 258.890869141, 259.308837891, 259.726806641, 260.144744873, 260.562713623], "danceability": 1.004804492, "bpm_histogram_second_peak_spread": {"dvar": 0, "var": 0, "median": 0.25, "max": 0.25, "dmean": 0, "dmean2": 0, "mean": 0.25, "dvar2": 0, "min": 0.25}}, "lowlevel": {"spectral_flux": {"dvar": 0.00103734678123, "var": 0.00259296782315, "median": 0.101460345089, "max": 0.484417378902, "dmean": 0.028978260234, "dmean2": 0.0460792966187, "mean": 0.108028300107, "dvar2": 0.00233579310589, "min": 1.02784107614e-10}, "spectral_rolloff": {"dvar": 66516964, "var": 99720312, "median": 20908.7402344, "max": 22028.4667969, "dmean": 4970.25634766, "dmean2": 9606.22363281, "mean": 13170.5341797, "dvar2": 154371392, "min": 43.06640625}, "barkbands_flatness_db": {"dvar": 0.000746962206904, "var": 0.00357263395563, "median": 0.151360705495, "max": 0.556125462055, "dmean": 0.0315302871168, "dmean2": 0.0479290261865, "mean": 0.159675136209, "dvar2": 0.00167222891469, "min": 0.0299231149256}, "spectral_centroid": {"dvar": 95894.734375, "var": 378129.9375, "median": 766.239807129, "max": 10896.4960938, "dmean": 228.158096313, "dmean2": 334.233825684, "mean": 950.510253906, "dvar2": 172918.46875, "min": 81.2817382812}, "melbands_skewness": {"dvar": 0.978515803814, "var": 4.9376707077, "median": 2.48283267021, "max": 24.7148361206, "dmean": 0.909269452095, "dmean2": 1.4509999752, "mean": 3.01086974144, "dvar2": 2.49449396133, "min": -2.29727721214}, "melbands": {"dvar": [2.27467098739e-05, 4.45249543191e-06, 8.84584551386e-07, 6.94005734658e-07, 3.77403267748e-07, 1.08883568828e-06, 7.47543765556e-07, 1.8980057348e-07, 3.28646869718e-08, 7.51170645685e-08, 4.46490950878e-08, 2.70064912655e-08, 8.80842154771e-09, 8.24081336503e-09, 6.44088826718e-09, 1.92537785715e-09, 4.239075313e-09, 1.30351052174e-09, 1.4653380731e-09, 4.31248176058e-10, 3.16756232355e-10, 2.59016280646e-10, 2.56122345554e-10, 2.11752712587e-10, 2.19649604061e-10, 1.43442924205e-10, 5.55093575272e-11, 5.03473547575e-11, 5.77964620607e-11, 3.2218977486e-11, 1.27457064e-11, 4.86169351305e-12, 1.94620383177e-12, 1.19384536978e-12, 5.53163417849e-13, 3.33083414366e-13, 1.52423389123e-13, 6.37698037822e-14, 5.03085944011e-15, 1.34427485097e-15], "var": [2.31525173149e-05, 7.33273191145e-06, 2.08599840335e-06, 1.1270055893e-06, 8.30740134461e-07, 3.17167814501e-06, 4.0707836888e-06, 5.4122142501e-07, 1.0520492566e-07, 2.36207768012e-07, 9.61051895843e-08, 4.87832885199e-08, 1.94423144251e-08, 2.28583960649e-08, 1.33422339843e-08, 4.91495821819e-09, 1.08873408067e-08, 4.87684870265e-09, 3.18025383805e-09, 9.82194103827e-10, 5.44661704627e-10, 4.22975793279e-10, 4.24895646445e-10, 4.26760182748e-10, 3.88616028246e-10, 2.61305782567e-10, 9.49897244196e-11, 9.00485658262e-11, 1.11649640921e-10, 5.87895496174e-11, 2.18785389111e-11, 7.28821690499e-12, 3.38807454314e-12, 1.70151555606e-12, 7.02823595763e-13, 4.02165659715e-13, 1.93185609653e-13, 8.89848429859e-14, 7.71130917774e-15, 1.43708954496e-15], "median": [0.00210039922968, 0.0016033728607, 0.000605197215918, 0.000336596567649, 0.000192349878489, 0.000152444568812, 9.55592549872e-05, 5.21420952282e-05, 4.50284023827e-05, 4.93403422297e-05, 3.8078691432e-05, 4.78556139569e-05, 4.24575591751e-05, 4.61925956188e-05, 3.5330751416e-05, 2.70534656011e-05, 1.90790469787e-05, 1.41616465044e-05, 1.31350689117e-05, 8.65165293362e-06, 3.88388298234e-06, 2.81350185105e-06, 2.67288214673e-06, 2.09724476008e-06, 1.87243836081e-06, 1.48395474753e-06, 1.17374599995e-06, 9.12293614874e-07, 6.76453737469e-07, 5.607612934e-07, 3.89672351275e-07, 3.0216241953e-07, 2.28856350759e-07, 1.7180329337e-07, 1.15143862445e-07, 8.75736674288e-08, 6.74663951372e-08, 4.57491502459e-08, 2.00276240037e-08, 9.72380398423e-09], "max": [0.0810460522771, 0.0269973296672, 0.0211163964123, 0.0168734807521, 0.0141601720825, 0.0308709926903, 0.0308624338359, 0.0200547184795, 0.00709781236947, 0.00900148786604, 0.00847549550235, 0.00437636720017, 0.00196314719506, 0.00227654143237, 0.0015152549604, 0.000945098814555, 0.00458602188155, 0.00135254417546, 0.000877037004102, 0.000517622567713, 0.000915326701943, 0.000832494173665, 0.000688835629262, 0.000451783213066, 0.000575426791329, 0.000499763409607, 0.000258207030129, 0.000244613387622, 0.00022323957819, 0.000157931295689, 0.000111511428258, 6.27518966212e-05, 4.93671032018e-05, 3.30643779307e-05, 1.9120363504e-05, 1.0081264918e-05, 7.98078963271e-06, 8.03705461294e-06, 2.71335829893e-06, 5.90363015363e-07], "dmean": [0.00257055438124, 0.00162529316731, 0.000607045949437, 0.000434285844676, 0.000312419899274, 0.000381176505471, 0.000303692620946, 0.000135726921144, 7.37576046959e-05, 9.95439404505e-05, 7.96229796833e-05, 6.84804545017e-05, 4.77513203805e-05, 5.22216505487e-05, 4.27616469096e-05, 2.6269854061e-05, 2.21857790166e-05, 1.80994720722e-05, 1.82160820259e-05, 1.06811794467e-05, 6.11142695561e-06, 5.54680673304e-06, 5.19841159985e-06, 4.58187514596e-06, 4.42718646809e-06, 3.41488043887e-06, 2.5102433483e-06, 2.17826550397e-06, 2.02166506824e-06, 1.75313505224e-06, 1.15527404887e-06, 7.8760120914e-07, 5.96435143052e-07, 4.80784308365e-07, 3.5026098999e-07, 2.81778085309e-07, 2.02543489536e-07, 1.24736530438e-07, 4.187613456e-08, 2.28464092089e-08], "dmean2": [0.00432920642197, 0.00274204509333, 0.00098250748124, 0.000693829031661, 0.000490710604936, 0.000552136974875, 0.000437781447545, 0.000201707123779, 0.000115333881695, 0.000151910368004, 0.000123603036627, 0.00010848310194, 7.60550101404e-05, 8.26072864584e-05, 6.87818610459e-05, 4.18687595811e-05, 3.48048342858e-05, 2.83268946077e-05, 2.89361705654e-05, 1.70853800228e-05, 9.55052473728e-06, 8.72364580573e-06, 8.11273275758e-06, 6.99454039932e-06, 6.7467435656e-06, 5.14805424245e-06, 3.81772588298e-06, 3.24963252751e-06, 2.95283462037e-06, 2.58444038082e-06, 1.69759539403e-06, 1.1771469417e-06, 8.80109269019e-07, 7.17548743978e-07, 5.19777131558e-07, 4.21952478291e-07, 3.05088491359e-07, 1.91186146026e-07, 6.73915110383e-08, 3.79745124235e-08], "mean": [0.00360376550816, 0.00250136782415, 0.00103966554161, 0.000661256141029, 0.000526132760569, 0.000734320259653, 0.00070992828114, 0.000240379173192, 0.000134410147439, 0.000180793300387, 0.000132952598506, 0.000112633024401, 8.80147490534e-05, 9.80043114396e-05, 7.38946982892e-05, 4.98700610478e-05, 4.84870688524e-05, 4.08864652854e-05, 3.17215017276e-05, 1.92063980649e-05, 9.73953956418e-06, 8.19947308628e-06, 8.07534070191e-06, 7.1932654464e-06, 6.3936040533e-06, 4.98233794133e-06, 3.67991697203e-06, 3.12232441502e-06, 2.80253425444e-06, 2.32115166909e-06, 1.50187668169e-06, 1.01495345461e-06, 7.83842097007e-07, 5.95154972416e-07, 4.09469919305e-07, 3.16341072448e-07, 2.28724786666e-07, 1.41252343155e-07, 4.65990019904e-08, 2.31825367791e-08], "dvar2": [6.16042234469e-05, 1.22996489154e-05, 2.01458783522e-06, 1.62606420417e-06, 8.76676381267e-07, 2.06668642022e-06, 1.43757779369e-06, 3.48640554648e-07, 7.39428855923e-08, 1.63839288803e-07, 1.08727057579e-07, 6.85967833647e-08, 2.06232826372e-08, 1.83345658655e-08, 1.55512154265e-08, 4.60479698816e-09, 8.654985173e-09, 3.02452662915e-09, 3.60210394845e-09, 1.04066477657e-09, 7.63343610544e-10, 6.12630002284e-10, 6.04333860732e-10, 4.72051897571e-10, 4.92712370903e-10, 3.03580771632e-10, 1.22651805379e-10, 1.0342946638e-10, 1.09309922225e-10, 6.40035247024e-11, 2.56397524739e-11, 1.07947583164e-11, 4.1397072402e-12, 2.63096792616e-12, 1.22281557709e-12, 7.29063294111e-13, 3.37142531774e-13, 1.41825245124e-13, 1.17285890879e-14, 3.40825856239e-15], "min": [8.79140356025e-24, 1.29834561645e-23, 1.23171258683e-23, 9.62359817272e-24, 5.09881311052e-24, 9.89700079639e-24, 1.49340599031e-23, 6.39204209625e-24, 1.17726138396e-23, 6.77784714373e-24, 1.39972907336e-23, 1.71230100756e-23, 1.72648693544e-23, 1.47321683093e-23, 1.68746451082e-23, 6.65105668587e-24, 1.10787286319e-23, 1.16034725952e-23, 5.10579255738e-24, 6.09812080601e-24, 9.5996893764e-24, 1.29718031112e-23, 9.30069847155e-24, 9.19362716974e-24, 9.47720846567e-24, 1.30928664389e-23, 1.19894267374e-23, 1.3556519436e-23, 8.69972609015e-24, 6.38692751657e-24, 5.78029505818e-24, 7.33896153903e-24, 7.20657884622e-24, 1.08291338304e-23, 1.01683042612e-23, 1.23149990993e-23, 1.41033562377e-23, 9.22047605065e-24, 6.95817838008e-24, 8.20857419081e-24]}, "spectral_decrease": {"dvar": 2.66338707285e-17, "var": 5.02579256843e-17, "median": -5.76144465469e-09, "max": 6.35657126935e-09, "dmean": 3.69130614963e-09, "dmean2": 5.91101478875e-09, "mean": -7.64024665756e-09, "dvar2": 6.62505496206e-17, "min": -7.42422301414e-08}, "barkbands_kurtosis": {"dvar": 428.852325439, "var": 1384.55236816, "median": 6.17030334473, "max": 794.924133301, "dmean": 8.03933811188, "dmean2": 12.7700624466, "mean": 14.978603363, "dvar2": 1110.46179199, "min": -1.83143293858}, "silence_rate_30dB": {"dvar": 0.0311491433531, "var": 0.0330508314073, "median": 1, "max": 1, "dmean": 0.0321834981441, "dmean2": 0.0643727183342, "mean": 0.965774714947, "dvar2": 0.0746370777488, "min": 0}, "gfcc": {"mean": [-15.7923250198, 97.8881912231, -76.3193588257, -3.46777391434, -11.3468704224, -6.47578811646, -1.0702008009, -17.5737705231, -3.16567826271, -5.68616771698, -2.94155168533, -1.02797222137, -7.84382295609], "cov": [[15359.1689453, 790.699523926, -994.393737793, -357.240936279, 4.86210536957, -513.712524414, 184.033065796, -319.050109863, 9.33517456055, -125.643371582, -67.993812561, 3.01526904106, -58.8036079407], [790.699523926, 1267.80407715, 17.4539813995, -597.512268066, -34.2513923645, -35.2554168701, -125.407196045, -84.604598999, 14.5476388931, 56.7555465698, 142.011917114, -93.1826782227, 127.443244934], [-994.393737793, 17.4539813995, 386.32522583, 133.194671631, -70.5913467407, 101.236587524, -30.2358188629, 99.5438537598, -15.4747743607, 12.3936815262, -3.65236878395, 16.5000686646, 2.00266814232], [-357.240936279, -597.512268066, 133.194671631, 577.380737305, 114.793922424, 10.4489612579, 159.076034546, 71.0912628174, -14.2048778534, -70.5558242798, -106.124847412, 60.9995536804, -66.7817382812], [4.86210536957, -34.2513923645, -70.5913467407, 114.793922424, 303.193725586, 80.1819076538, 88.8896484375, -72.2954330444, -18.6686248779, -59.8774909973, -17.6400775909, -34.8613929749, -4.68280696869], [-513.712524414, -35.2554168701, 101.236587524, 10.4489612579, 80.1819076538, 220.095550537, 3.75453925133, 9.60427570343, -57.2760543823, -3.35967445374, -1.71929645538, -18.7438011169, 7.38039875031], [184.033065796, -125.407196045, -30.2358188629, 159.076034546, 88.8896484375, 3.75453925133, 194.691696167, 19.2106246948, 19.0086650848, -48.6011238098, -39.2069206238, 21.7197341919, -27.6361122131], [-319.050109863, -84.604598999, 99.5438537598, 71.0912628174, -72.2954330444, 9.60427570343, 19.2106246948, 158.680969238, 50.8143615723, 33.4328308105, -6.00037097931, 10.3214015961, 9.84287452698], [9.33517456055, 14.5476388931, -15.4747743607, -14.2048778534, -18.6686248779, -57.2760543823, 19.0086650848, 50.8143615723, 133.589859009, 62.3992424011, 17.4088859558, 5.82989454269, -13.0465526581], [-125.643371582, 56.7555465698, 12.3936815262, -70.5558242798, -59.8774909973, -3.35967445374, -48.6011238098, 33.4328308105, 62.3992424011, 107.769500732, 58.2235946655, -0.977260172367, 8.75801849365], [-67.993812561, 142.011917114, -3.65236878395, -106.124847412, -17.6400775909, -1.71929645538, -39.2069206238, -6.00037097931, 17.4088859558, 58.2235946655, 89.5808792114, 17.9394493103, 17.1785964966], [3.01526904106, -93.1826782227, 16.5000686646, 60.9995536804, -34.8613929749, -18.7438011169, 21.7197341919, 10.3214015961, 5.82989454269, -0.977260172367, 17.9394493103, 78.6368637085, 6.82576227188], [-58.8036079407, 127.443244934, 2.00266814232, -66.7817382812, -4.68280696869, 7.38039875031, -27.6361122131, 9.84287452698, -13.0465526581, 8.75801849365, 17.1785964966, 6.82576227188, 82.6813201904]], "icov": [[9.67113155639e-05, -0.000217002685531, 0.000348270492395, -0.000127309001982, 4.25882826676e-05, 2.71346980298e-05, 1.02882277133e-05, -6.27869594609e-05, 0.000157244387083, -0.000171295629116, 0.000380581681384, -0.000330559530994, 0.00029407828697], [-0.000217002685531, 0.00352459982969, -0.00339354178868, 0.00351099926047, -0.000973022426479, 0.00204586354084, -0.00186441047117, 0.00141697411891, -0.000611202907749, 0.00134920829441, -0.00342828873545, 0.00370942405425, -0.00353193515912], [0.000348270492395, -0.00339354178868, 0.00875868462026, -0.00650965003297, 0.00460467347875, -0.00569471297786, 0.00335475802422, -0.00182423670776, -0.00203042943031, 0.00323795806617, -0.00153530680109, -0.000441923853941, 0.00180814706255], [-0.000127309001982, 0.00351099926047, -0.00650965003297, 0.0118750911206, -0.00863144081086, 0.00709145935252, -0.00376820634119, -0.00335030443966, 0.00698560709134, -0.00826994888484, 0.00965781416744, -0.0074071586132, 0.00284750713035], [4.25882826676e-05, -0.000973022426479, 0.00460467347875, -0.00863144081086, 0.0143031962216, -0.00855614989996, -0.000667563581374, 0.00713093858212, -0.0102903833613, 0.0135932909325, -0.0138062378392, 0.0127528114244, -0.00629919581115], [2.71346980298e-05, 0.00204586354084, -0.00569471297786, 0.00709145935252, -0.00855614989996, 0.0125845428556, -0.00265115196817, -0.00344780087471, 0.00990768056363, -0.0100384112448, 0.00713498471305, -0.00416385009885, 0.00213593384251], [1.02882277133e-05, -0.00186441047117, 0.00335475802422, -0.00376820634119, -0.000667563581374, -0.00265115196817, 0.010557080619, -0.00261239428073, -0.00328977336176, 0.00445666117594, 0.000806115218438, -0.0036308830604, 0.00293585285544], [-6.27869594609e-05, 0.00141697411891, -0.00182423670776, -0.00335030443966, 0.00713093858212, -0.00344780087471, -0.00261239428073, 0.0149021195248, -0.00907252170146, 0.00489333411679, -0.0067614284344, 0.00874662026763, -0.00809336826205], [0.000157244387083, -0.000611202907749, -0.00203042943031, 0.00698560709134, -0.0102903833613, 0.00990768056363, -0.00328977336176, -0.00907252170146, 0.0246643200517, -0.0225277598947, 0.0159516409039, -0.0123739251867, 0.00924401916564], [-0.000171295629116, 0.00134920829441, 0.00323795806617, -0.00826994888484, 0.0135932909325, -0.0100384112448, 0.00445666117594, 0.00489333411679, -0.0225277598947, 0.0415026023984, -0.0318598523736, 0.0193640645593, -0.00931650493294], [0.000380581681384, -0.00342828873545, -0.00153530680109, 0.00965781416744, -0.0138062378392, 0.00713498471305, 0.000806115218438, -0.0067614284344, 0.0159516409039, -0.0318598523736, 0.0466216132045, -0.0282214600593, 0.0115834278986], [-0.000330559530994, 0.00370942405425, -0.000441923853941, -0.0074071586132, 0.0127528114244, -0.00416385009885, -0.0036308830604, 0.00874662026763, -0.0123739251867, 0.0193640645593, -0.0282214600593, 0.0363101996481, -0.0142234088853], [0.00029407828697, -0.00353193515912, 0.00180814706255, 0.00284750713035, -0.00629919581115, 0.00213593384251, 0.00293585285544, -0.00809336826205, 0.00924401916564, -0.00931650493294, 0.0115834278986, -0.0142234088853, 0.0226143635809]]}, "silence_rate_20dB": {"dvar": 0, "var": 0, "median": 1, "max": 1, "dmean": 0, "dmean2": 0, "mean": 1, "dvar2": 0, "min": 1}, "barkbands_skewness": {"dvar": 0.810169875622, "var": 3.5316529274, "median": 2.1096572876, "max": 20.3247661591, "dmean": 0.78153783083, "dmean2": 1.21310150623, "mean": 2.54744148254, "dvar2": 1.90659821033, "min": -2.3581635952}, "erbbands_skewness": {"dvar": 0.163221746683, "var": 1.01468861103, "median": 0.0667132139206, "max": 7.90229463577, "dmean": 0.406109988689, "dmean2": 0.61018717289, "mean": 0.180976063013, "dvar2": 0.366277188063, "min": -3.76936411858}, "spectral_contrast_valleys": {"dvar": [0.109174966812, 0.116861127317, 0.0912611931562, 0.0989855900407, 0.169634029269, 0.223268374801], "var": [1.68293952942, 1.80637812614, 1.71359193325, 1.60530793667, 1.58884453773, 1.11265146732], "median": [-6.58720350266, -6.53979349136, -6.87197875977, -7.37538099289, -7.79188919067, -10.8751344681], "max": [-5.13580513, -4.43172073364, -5.21029233932, -5.7148900032, -5.37396717072, -9.03007507324], "dmean": [0.395718276501, 0.393359065056, 0.337888330221, 0.329802960157, 0.427503347397, 0.568045318127], "dmean2": [0.652646303177, 0.62887597084, 0.534632086754, 0.505691289902, 0.605021238327, 0.879154384136], "mean": [-6.79245519638, -6.7146115303, -7.11169052124, -7.60953903198, -7.98607158661, -11.0315628052], "dvar2": [0.267327368259, 0.274788171053, 0.203246250749, 0.208256602287, 0.349169492722, 0.548590064049], "min": [-27.4067897797, -27.7752876282, -27.2040977478, -27.2144603729, -27.2826728821, -27.1715221405]}, "spectral_strongpeak": {"dvar": 295.161346436, "var": 251.824829102, "median": 0.282626271248, "max": 207.268447876, "dmean": 5.28901147842, "dmean2": 9.95326519012, "mean": 4.23624515533, "dvar2": 815.59552002, "min": 0}, "erbbands_crest": {"dvar": 5.69361019135, "var": 23.1652069092, "median": 8.22204303741, "max": 31.7574424744, "dmean": 2.5166413784, "dmean2": 3.97574210167, "mean": 9.33730125427, "dvar2": 13.2049398422, "min": 2.25078392029}, "barkbands_crest": {"dvar": 6.14607858658, "var": 18.3174037933, "median": 10.3178882599, "max": 24.941991806, "dmean": 2.86249399185, "dmean2": 4.66656780243, "mean": 11.0879135132, "dvar2": 16.0615444183, "min": 2.71695613861}, "spectral_energyband_middle_low": {"dvar": 5.36621191713e-05, "var": 0.000260461529251, "median": 0.00762303173542, "max": 0.170691817999, "dmean": 0.00492311967537, "dmean2": 0.00733786774799, "mean": 0.0135066639632, "dvar2": 0.000107697662315, "min": 3.04478246554e-22}, "spectral_contrast_coeffs": {"dvar": [0.00172956869937, 0.00155934691429, 0.000943995662965, 0.000593401258811, 0.000433963607065, 0.0011052127229], "var": [0.0053987139836, 0.00796855054796, 0.00364764849655, 0.00312363705598, 0.00142921321094, 0.00491831218824], "median": [-0.696951568127, -0.773689389229, -0.795655608177, -0.800127267838, -0.831526994705, -0.761985421181], "max": [-0.390701264143, -0.386540979147, -0.529110312462, -0.568483114243, -0.655110538006, -0.477131098509], "dmean": [0.052173152566, 0.049134362489, 0.0383047312498, 0.0301386509091, 0.0234994757921, 0.0373954363167], "dmean2": [0.0865364745259, 0.0799723565578, 0.0623657666147, 0.0491646453738, 0.0381160899997, 0.0560604035854], "mean": [-0.692960679531, -0.756470799446, -0.79158270359, -0.797619402409, -0.834802508354, -0.762166023254], "dvar2": [0.0045927981846, 0.00403864309192, 0.00243292655796, 0.00154697266407, 0.00112915458158, 0.002318412764], "min": [-0.961759030819, -0.977983832359, -0.978094696999, -0.983477592468, -0.974937081337, -0.960233986378]}, "hfc": {"dvar": 4379.22314453, "var": 15640.7744141, "median": 149.302566528, "max": 1489.16247559, "dmean": 57.4401283264, "dmean2": 88.1705627441, "mean": 174.800033569, "dvar2": 10410.5234375, "min": 1.18310412169e-16}, "spectral_energyband_high": {"dvar": 4.70239854167e-07, "var": 1.12200302738e-06, "median": 0.0002484623692, "max": 0.0128260608763, "dmean": 0.000343121326296, "dmean2": 0.00047837238526, "mean": 0.000599264574703, "dvar2": 8.69564871664e-07, "min": 7.65459125587e-21}, "erbbands_spread": {"dvar": 59.9160728455, "var": 279.012420654, "median": 27.0411987305, "max": 127.946510315, "dmean": 7.37784290314, "dmean2": 11.1949071884, "mean": 30.2189559937, "dvar2": 134.174530029, "min": 1.06252706051}, "dissonance": {"dvar": 0.000509966397658, "var": 0.00148975767661, "median": 0.472617030144, "max": 0.500000119209, "dmean": 0.0206263419241, "dmean2": 0.0338122472167, "mean": 0.460208714008, "dvar2": 0.00129862211179, "min": 0.152444466949}, "spectral_kurtosis": {"dvar": 76.8871841431, "var": 179.068710327, "median": 15.780872345, "max": 141.42628479, "dmean": 6.271007061, "dmean2": 9.69810390472, "mean": 19.1648445129, "dvar2": 193.455566406, "min": -1.18300795555}, "spectral_skewness": {"dvar": 0.29665735364, "var": 1.09669613838, "median": 2.86442089081, "max": 8.95222568512, "dmean": 0.497553437948, "dmean2": 0.738496661186, "mean": 3.05354166031, "dvar2": 0.710701167583, "min": 0.0409047156572}, "pitch_salience": {"dvar": 0.0045826989226, "var": 0.0130745870993, "median": 0.532909333706, "max": 0.967205822468, "dmean": 0.0790828093886, "dmean2": 0.128642588854, "mean": 0.52010923624, "dvar2": 0.0119591457769, "min": 0.0280325952917}, "spectral_complexity": {"dvar": 14.2408370972, "var": 79.8371353149, "median": 16, "max": 60, "dmean": 3.45181369781, "dmean2": 5.17631387711, "mean": 16.7414875031, "dvar2": 27.5795707703, "min": 0}, "spectral_spread": {"dvar": 369888100352, "var": 1526758375420.0, "median": 4081045, "max": 40054796, "dmean": 622878.3125, "dmean2": 934221.4375, "mean": 4162304, "dvar2": 718481129472, "min": 1161211.625}, "dynamic_complexity": 2.93536281586, "melbands_crest": {"dvar": 13.030380249, "var": 37.1983947754, "median": 16.2950782776, "max": 37.898651123, "dmean": 4.16971683502, "dmean2": 6.85203886032, "mean": 17.092540741, "dvar2": 34.6301879883, "min": 1.62891972065}, "zerocrossingrate": {"dvar": 0.0014404397225, "var": 0.00975657906383, "median": 0.27392578125, "max": 0.75927734375, "dmean": 0.0445874407887, "dmean2": 0.0560060814023, "mean": 0.278232187033, "dvar2": 0.00224026571959, "min": 0.017578125}, "spectral_energyband_low": {"dvar": 0.000301343243336, "var": 0.000369862566004, "median": 0.0126588214189, "max": 0.26895481348, "dmean": 0.0109486533329, "dmean2": 0.0182534009218, "mean": 0.0182466860861, "dvar2": 0.000801577640232, "min": 6.17725357333e-23}, "melbands_kurtosis": {"dvar": 674.102233887, "var": 2733.33959961, "median": 7.80276107788, "max": 1283.44677734, "dmean": 11.0381584167, "dmean2": 18.1152610779, "mean": 20.9451217651, "dvar2": 1725.05578613, "min": -1.85073173046}, "spectral_energyband_middle_high": {"dvar": 4.47069078291e-06, "var": 1.81172290468e-05, "median": 0.00330491713248, "max": 0.0460301302373, "dmean": 0.00148036773317, "dmean2": 0.00223273271695, "mean": 0.0044420491904, "dvar2": 1.02302210507e-05, "min": 1.67644024277e-21}, "barkbands_spread": {"dvar": 80.4485244751, "var": 296.710510254, "median": 18.0786685944, "max": 127.089416504, "dmean": 7.27757787704, "dmean2": 11.112739563, "mean": 22.667640686, "dvar2": 169.698944092, "min": 0.171688303351}, "mfcc": {"mean": [-681.578918457, 163.346221924, -4.23191356659, 24.2283592224, 3.78432798386, 22.6951560974, 4.75187921524, 7.88874101639, -2.83879232407, 6.21954154968, -0.963236153126, 3.33027791977, -0.158190995455], "cov": [[8304.64453125, 461.332733154, -814.59777832, 420.912567139, -386.929351807, 122.286949158, -196.631439209, 96.4263305664, -130.925354004, 121.655014038, -202.102081299, 14.1486434937, -133.261672974], [461.332733154, 1669.6829834, -15.6059741974, -476.567352295, 9.35315418243, -73.611038208, -26.0288028717, -249.339233398, -77.0071640015, -68.3818740845, 83.3553085327, -68.309211731, 66.7014389038], [-814.59777832, -15.6059741974, 486.978790283, -20.8810348511, 18.0958766937, -78.3226318359, 1.85329198837, 13.7114677429, 23.828868866, 5.60385847092, 27.3306732178, 16.3231468201, 26.690530777], [420.912567139, -476.567352295, -20.8810348511, 497.639434814, -14.9943780899, 61.436504364, 14.7344293594, 173.959121704, 57.558216095, 47.8953590393, -52.6627120972, 33.0757064819, -35.6649780273], [-386.929351807, 9.35315418243, 18.0958766937, -14.9943780899, 193.214065552, 78.5508728027, 68.7321929932, -9.27528858185, 15.848897934, -20.2666110992, 14.5579996109, -2.94525766373, 1.63375091553], [122.286949158, -73.611038208, -78.3226318359, 61.436504364, 78.5508728027, 211.572616577, 95.7260284424, 60.248134613, -9.45146179199, -2.2234582901, -33.8714485168, 2.35840725899, -31.6360206604], [-196.631439209, -26.0288028717, 1.85329198837, 14.7344293594, 68.7321929932