{"tonal": {"hpcp": {"dvar": [0.0219232179224, 0.0295197498053, 0.0375585258007, 0.0350034534931, 0.0329973697662, 0.0282413158566, 0.025097720325, 0.0211044102907, 0.0304817911237, 0.0283418484032, 0.0337612740695, 0.0275545604527, 0.028418675065, 0.0237144753337, 0.0145243443549, 0.0217937231064, 0.0305346120149, 0.0352747552097, 0.0365109555423, 0.033232845366, 0.0196610782295, 0.0148065341637, 0.0145559106022, 0.017809683457, 0.0286046732217, 0.0304874200374, 0.0297323763371, 0.0350112095475, 0.0243904460222, 0.016675952822, 0.0235973335803, 0.0388656258583, 0.0453010387719, 0.0420384630561, 0.0430057123303, 0.0219078548253], "var": [0.024760376662, 0.0291061326861, 0.0734036788344, 0.102618604898, 0.0461220033467, 0.0278081391007, 0.0399428196251, 0.0298485513777, 0.042304508388, 0.0603637881577, 0.0494580753148, 0.0736966356635, 0.0748374387622, 0.0304445605725, 0.0135292867199, 0.0224110111594, 0.0294832512736, 0.0680464804173, 0.123917736113, 0.0579390972853, 0.0210256259888, 0.0219759177417, 0.0161330942065, 0.0290140993893, 0.0644531846046, 0.0468094572425, 0.0570684149861, 0.0789491459727, 0.0357018522918, 0.0204993076622, 0.0307258088142, 0.0406505875289, 0.0926165655255, 0.133248209953, 0.072959586978, 0.0224967058748], "median": [0.00370875163935, 0.00717026600614, 0.0306676402688, 0.0462639220059, 0.0247985552996, 0.0045414105989, 0.00139974034391, 0.0033617822919, 0.00884476304054, 0.0105607407168, 0.0134611325338, 0.0174802783877, 0.0221863109618, 0.0133536849171, 0.00408803671598, 0.00279128784314, 0.00837009958923, 0.0433567017317, 0.0616649501026, 0.0338981859386, 0.00507487403229, 0.00139967596624, 0.00327767152339, 0.0159815363586, 0.0256874859333, 0.0228075254709, 0.0244681853801, 0.0230017136782, 0.0152950426564, 0.00523836864159, 0.00477321026847, 0.0115440515801, 0.0522779151797, 0.0864395201206, 0.0426789522171, 0.00921957287937], "max": [1, 1, 1, 1, 1, 1, 1, 1, 1, 1, 1, 1, 1, 1, 1, 1, 1, 1, 1, 1, 1, 1, 1, 1, 1, 1, 1, 1, 1, 1, 1, 1, 1, 1, 1, 1], "dmean": [0.0561142377555, 0.078914642334, 0.111525304615, 0.108912020922, 0.100224271417, 0.0669139400125, 0.0567833706737, 0.0596350841224, 0.0817284360528, 0.0817690715194, 0.0979330688715, 0.0864115953445, 0.08991715312, 0.0725784152746, 0.0434851236641, 0.053071655333, 0.0777207389474, 0.111418887973, 0.108859963715, 0.106858290732, 0.0557152405381, 0.0385598018765, 0.0440229289234, 0.0665444508195, 0.0883095338941, 0.0942616686225, 0.0966054275632, 0.103835240006, 0.0810563862324, 0.0527831874788, 0.0648397579789, 0.106707066298, 0.137094318867, 0.127608299255, 0.131686836481, 0.0692006275058], "dmean2": [0.100692726672, 0.138640806079, 0.186520889401, 0.182171881199, 0.165834009647, 0.12091344595, 0.101746983826, 0.102978140116, 0.139259919524, 0.138766631484, 0.166969299316, 0.143533229828, 0.151139572263, 0.122276134789, 0.0774028226733, 0.0944659635425, 0.136075481772, 0.190247699618, 0.181889563799, 0.179783865809, 0.0993954464793, 0.0688086673617, 0.078029923141, 0.112129241228, 0.148398965597, 0.15863725543, 0.162545621395, 0.173959031701, 0.134737506509, 0.0911182910204, 0.113876260817, 0.187663137913, 0.228628307581, 0.213791877031, 0.220152318478, 0.121343821287], "mean": [0.0557209923863, 0.0737872719765, 0.169302821159, 0.218663215637, 0.12294883281, 0.0620174519718, 0.0696610808372, 0.0658797994256, 0.0960509628057, 0.124667324126, 0.116061195731, 0.153607934713, 0.164233252406, 0.0855846703053, 0.0417146533728, 0.0525485761464, 0.0717516690493, 0.176914185286, 0.258341163397, 0.154447302222, 0.0542630292475, 0.044644434005, 0.043233178556, 0.0918479710817, 0.147061780095, 0.122476771474, 0.1387283355, 0.17295460403, 0.102168247104, 0.0551190786064, 0.0699305534363, 0.100478962064, 0.213565409184, 0.288661360741, 0.177387207747, 0.0678232982755], "dvar2": [0.0604943968356, 0.079581566155, 0.0946951508522, 0.0881404727697, 0.0827650129795, 0.0754976645112, 0.0643459036946, 0.0547945350409, 0.0791041851044, 0.0707784220576, 0.0863863900304, 0.0675107836723, 0.0731103792787, 0.0634581446648, 0.0388767458498, 0.0592563636601, 0.0798428356647, 0.0959955528378, 0.0886658728123, 0.0845295190811, 0.0520658306777, 0.0393073447049, 0.0407508760691, 0.0478440448642, 0.0717885121703, 0.0788100734353, 0.0744507238269, 0.0894122123718, 0.0622299350798, 0.0427536927164, 0.0613970607519, 0.102816604078, 0.112490966916, 0.105071470141, 0.104656010866, 0.0588614679873], "min": [0, 0, 0, 0, 0, 0, 0, 0, 0, 0, 0, 0, 0, 0, 0, 0, 0, 0, 0, 0, 0, 0, 0, 0, 0, 0, 0, 0, 0, 0, 0, 0, 0, 0, 0, 0]}, "key_key": "C#", "thpcp": [1, 0.614516615868, 0.234958007932, 0.193032383919, 0.255618810654, 0.586510181427, 0.757507741451, 0.425927579403, 0.214845001698, 0.241324573755, 0.228225216269, 0.332746177912, 0.431880891323, 0.40206694603, 0.532138884068, 0.568947792053, 0.296488136053, 0.144510686398, 0.182042300701, 0.248566925526, 0.612877964973, 0.894962728024, 0.535046696663, 0.187981620431, 0.154660239816, 0.149771273136, 0.318185895681, 0.509461283684, 0.424292236567, 0.480591982603, 0.599160909653, 0.35393807292, 0.190947204828, 0.242258101702, 0.348085939884, 0.73984760046], "chords_key": "G#", "tuning_equal_tempered_deviation": 0.00487177679315, "tuning_frequency": 441.272583008, "tuning_diatonic_strength": 0.639502584934, "chords_histogram": [14.3455753326, 6.92630004883, 27.1136302948, 2.98249936104, 2.36628055573, 0.838057696819, 2.83460688591, 1.79935908318, 1.87330543995, 0.813408911228, 1.18314027786, 0.492975115776, 2.1937391758, 0.468326359987, 0.147892534733, 5.22553634644, 0.788760185242, 0.468326359987, 0.0492975115776, 1.77471041679, 1.67611539364, 13.2117328644, 1.47892534733, 8.94749832153], "key_strength": 0.76897162199, "key_scale": "major", "chords_strength": {"dvar": 9.41002726904e-05, "var": 0.0125537486747, "median": 0.546024620533, "max": 0.826228022575, "dmean": 0.011408418417, "dmean2": 0.00975737348199, "mean": 0.546482503414, "dvar2": 9.29299785639e-05, "min": 0.236210182309}, "chords_number_rate": 0.00394380092621, "tuning_nontempered_energy_ratio": 0.734982907772, "hpcp_entropy": {"dvar": 0.205392017961, "var": 0.425895541906, "median": 1.75083911419, "max": 4.16486215591, "dmean": 0.526301443577, "dmean2": 0.892741501331, "mean": 1.73931694031, "dvar2": 0.529670715332, "min": 0}, "chords_changes_rate": 0.0613754019141, "chords_scale": "major"}, "rhythm": {"bpm_histogram_first_peak_spread": {"dvar": 0, "var": 0, "median": 0.278431355953, "max": 0.278431355953, "dmean": 0, "dmean2": 0, "mean": 0.278431355953, "dvar2": 0, "min": 0.278431355953}, "bpm_histogram_first_peak_weight": {"dvar": 0, "var": 0, "median": 0.645614027977, "max": 0.645614027977, "dmean": 0, "dmean2": 0, "mean": 0.645614027977, "dvar2": 0, "min": 0.645614027977}, "bpm_histogram_first_peak_bpm": {"dvar": 0, "var": 0, "median": 91, "max": 91, "dmean": 0, "dmean2": 0, "mean": 91, "dvar2": 0, "min": 91}, "bpm": 90.9210128784, "bpm_histogram_second_peak_weight": {"dvar": 0, "var": 0, "median": 0.0280701760203, "max": 0.0280701760203, "dmean": 0, "dmean2": 0, "mean": 0.0280701760203, "dvar2": 0, "min": 0.0280701760203}, "beats_loudness": {"dvar": 0.000340196158504, "var": 0.000487521610921, "median": 0.0216247308999, "max": 0.131160512567, "dmean": 0.0202633272856, "dmean2": 0.0373731926084, "mean": 0.0282261930406, "dvar2": 0.00096514535835, "min": 0.000212730446947}, "beats_loudness_band_ratio": {"dvar": [0.0588703490794, 0.0300941895694, 0.028133308515, 0.0307270847261, 0.00559432944283, 0.000244044320425], "var": [0.0900328084826, 0.0405253060162, 0.0335468202829, 0.0516065247357, 0.0127278668806, 0.00033623870695], "median": [0.248597532511, 0.171157330275, 0.149185806513, 0.0995163619518, 0.0215554609895, 0.0012075046543], "max": [0.996130049229, 0.790288925171, 0.815791428089, 0.929030716419, 0.704890906811, 0.131606787443], "dmean": [0.455700963736, 0.208974614739, 0.18355178833, 0.158027395606, 0.0520170889795, 0.00618712417781], "dmean2": [0.88782542944, 0.391259044409, 0.340499162674, 0.293643534184, 0.0969317033887, 0.0111762899905], "mean": [0.352894723415, 0.223550632596, 0.210227996111, 0.198058634996, 0.0604488998652, 0.00672237901017], "dvar2": [0.203843727708, 0.0979492291808, 0.0839282795787, 0.109675139189, 0.0173536855727, 0.000678961572703], "min": [0.00131001067348, 0.0016594955232, 0.00109200249426, 8.83662723936e-05, 0.000109055516077, 6.05653121966e-06]}, "bpm_histogram_second_peak_bpm": {"dvar": 0, "var": 0, "median": 115, "max": 115, "dmean": 0, "dmean2": 0, "mean": 115, "dvar2": 0, "min": 115}, "onset_rate": 2.42089271545, "beats_count": 286, "beats_position": [0.66176867485, 1.33514738083, 1.99691605568, 2.6470746994, 3.30884337425, 3.94739222527, 4.59755086899, 5.24770975113, 5.88625860214, 6.52480697632, 7.17496585846, 7.8251247406, 8.47528362274, 9.12544155121, 9.77560043335, 10.4257593155, 11.0759181976, 11.7376871109, 12.387845993, 13.0496139526, 13.6881628036, 14.3383216858, 14.9768705368, 15.6270294189, 16.2771873474, 16.9273471832, 17.5775051117, 18.2392749786, 18.8894329071, 19.5512008667, 20.2013607025, 20.8631286621, 21.5248966217, 22.1750564575, 22.8368244171, 23.4985942841, 24.1487522125, 24.7989120483, 25.4374599457, 26.076007843, 26.7261676788, 27.3763256073, 28.0264854431, 28.6766433716, 29.3384113312, 30.0001811981, 30.6619491577, 31.3237190247, 31.9854869843, 32.6356468201, 33.2974128723, 33.9591827393, 34.6209526062, 35.2827186584, 35.9444885254, 36.6062583923, 37.2680282593, 37.94140625, 38.6031723022, 39.2649421692, 39.9151000977, 40.5304298401, 41.1457595825, 41.6798171997, 42.1906585693, 42.7014961243, 43.2239456177, 43.7463951111, 44.2688446045, 44.7912902832, 45.3137397766, 45.83618927, 46.3586387634, 46.8810882568, 47.5544662476, 48.2162361145, 48.8780021667, 49.5397720337, 50.1899299622, 50.8400878906, 51.5018577576, 52.1636276245, 52.813785553, 53.4639434814, 54.1141014099, 54.7758712769, 55.4376411438, 56.1110191345, 56.7727890015, 57.4345550537, 58.0963249207, 58.7580947876, 59.4314727783, 60.0932426453, 60.766620636, 61.4283905029, 62.0901565552, 62.7635345459, 63.4485244751, 64.1219024658, 64.7836685181, 65.4570541382, 66.107208252, 66.7805862427, 67.4539642334, 68.1273422241, 68.8007278442, 69.474105835, 70.1474838257, 70.8324737549, 71.5174560547, 72.2024459839, 72.8758239746, 73.5608139038, 74.303855896, 75.0352783203, 75.7551040649, 76.4865264893, 77.217956543, 77.8913345337, 78.5763244629, 79.2497024536, 79.9230804443, 80.5732421875, 81.2233963013, 81.8851699829, 82.5353240967, 83.1970977783, 83.8472518921, 84.4974136353, 85.1475753784, 85.7977294922, 86.4478912354, 87.1096572876, 87.7830352783, 88.44480896, 89.1065750122, 89.7683410645, 90.4417190552, 91.1150970459, 91.7768707275, 92.4386367798, 93.0887985229, 93.7389526367, 94.3891143799, 95.039276123, 95.6778182983, 96.316368103, 96.9549179077, 97.5934677124, 98.2552337646, 98.9170074463, 99.5671615601, 100.217323303, 100.867477417, 101.529251099, 102.191017151, 102.887619019, 103.595825195, 104.234375, 104.884536743, 105.557914734, 106.219680786, 106.881446838, 107.531608582, 108.193374634, 108.855148315, 109.516914368, 110.167076111, 110.828842163, 111.502220154, 112.152381897, 112.802536011, 113.464309692, 114.126075745, 114.776237488, 115.426391602, 116.076553345, 116.726707458, 117.376869202, 118.050247192, 118.723625183, 119.385391235, 120.047164917, 120.720542908, 121.393920898, 122.067298889, 122.717460632, 123.379226685, 124.029388428, 124.69115448, 125.341316223, 126.003082275, 126.664848328, 127.326622009, 127.988388062, 128.638549805, 129.300308228, 129.962081909, 130.612243652, 131.274017334, 131.935775757, 132.5859375, 133.236099243, 133.886260986, 134.524810791, 135.174957275, 135.836730957, 136.498504639, 137.137054443, 137.787200928, 138.460586548, 139.122360229, 139.772521973, 140.434280396, 141.084442139, 141.734603882, 142.384765625, 143.034912109, 143.685073853, 144.358459473, 145.031829834, 145.705215454, 146.366973877, 147.028747559, 147.678909302, 148.340682983, 149.002441406, 149.664215088, 150.32598877, 150.987747192, 151.649520874, 152.299682617, 152.96144104, 153.611602783, 154.273376465, 154.946762085, 155.620132446, 156.258682251, 156.885620117, 157.512557983, 158.174331665, 158.824493408, 159.486251831, 160.148025513, 160.809799194, 161.471557617, 162.133331299, 162.79510498, 163.456863403, 164.118637085, 164.780410767, 165.453781128, 166.127166748, 166.800537109, 167.462310791, 168.124084473, 168.785842896, 169.459228516, 170.132598877, 170.805984497, 171.490966797, 172.175964355, 172.884170532, 173.592376709, 174.335418701, 175.078460693, 175.78666687, 176.483261108, 177.191467285, 177.888076782, 178.561447144, 179.234832764, 179.884979248, 180.535140991, 181.196914673, 181.858688354, 182.532058716, 183.205444336, 183.878814697, 184.552200317, 185.225570679, 185.88734436, 186.549118042, 187.210876465, 187.872650146], "danceability": 1.00017237663, "bpm_histogram_second_peak_spread": {"dvar": 0, "var": 0, "median": 0.272727280855, "max": 0.272727280855, "dmean": 0, "dmean2": 0, "mean": 0.272727280855, "dvar2": 0, "min": 0.272727280855}}, "lowlevel": {"spectral_flux": {"dvar": 0.00027803244302, "var": 0.000790606369264, "median": 0.03927885741, "max": 0.246099725366, "dmean": 0.0150153785944, "dmean2": 0.0240840911865, "mean": 0.0460863560438, "dvar2": 0.000692176574375, "min": 1.03250345773e-10}, "spectral_rolloff": {"dvar": 107489.125, "var": 541342.25, "median": 839.794921875, "max": 18949.21875, "dmean": 102.077987671, "dmean2": 173.132614136, "mean": 927.378845215, "dvar2": 203390.484375, "min": 86.1328125}, "barkbands_flatness_db": {"dvar": 0.000273557874607, "var": 0.00355467270128, "median": 0.316250056028, "max": 0.595868170261, "dmean": 0.0168942548335, "dmean2": 0.0256758537143, "mean": 0.314556539059, "dvar2": 0.000561763648875, "min": 0.0674528554082}, "spectral_centroid": {"dvar": 23969.0917969, "var": 260775.84375, "median": 745.544128418, "max": 11098.8789063, "dmean": 84.3460769653, "dmean2": 120.324401855, "mean": 862.07244873, "dvar2": 36410.859375, "min": 87.0835952759}, "melbands_skewness": {"dvar": 0.312304317951, "var": 2.66271543503, "median": 1.19308543205, "max": 14.430346489, "dmean": 0.466822654009, "dmean2": 0.680473387241, "mean": 1.33305573463, "dvar2": 0.644936621189, "min": -4.0261297226}, "melbands": {"dvar": [1.03027957721e-06, 9.6480277989e-07, 2.94857187555e-08, 2.9783581823e-08, 3.10444505658e-08, 8.30136528407e-08, 1.99213587848e-07, 7.34099856459e-08, 1.13845146643e-08, 8.97067842232e-09, 2.02753902556e-08, 2.35762804834e-08, 2.46592399833e-08, 6.67709754154e-09, 5.87500359472e-09, 6.09230532689e-09, 4.95589080884e-09, 2.69625299865e-09, 8.22095103103e-09, 3.92046128894e-09, 7.40768557606e-09, 6.2795275646e-09, 6.96684221424e-09, 2.85206569473e-09, 6.42532527184e-10, 9.645698823e-11, 1.64112733819e-11, 1.46959213462e-12, 3.03607941739e-13, 9.18328591339e-14, 4.06542068889e-14, 2.07129845502e-14, 5.19818232851e-15, 3.85541149041e-15, 1.8117075477e-15, 1.46083007853e-15, 8.15931379739e-16, 2.25870202762e-16, 4.80471366047e-17, 3.68608307284e-18], "var": [7.97758730187e-06, 6.18337935521e-06, 1.002473482e-07, 1.38955371654e-07, 2.43920140974e-07, 5.53361417133e-07, 1.3677225752e-06, 4.85103953451e-07, 8.09881868236e-08, 9.67763398307e-08, 2.29487724823e-07, 3.42203861692e-07, 3.88338094126e-07, 4.89072284893e-08, 2.09730988132e-08, 2.38905251138e-08, 2.01528784771e-08, 1.5836274514e-08, 3.49007898137e-08, 1.02597095264e-08, 2.0897008568e-08, 1.85064052971e-08, 2.28869669883e-08, 9.10554476263e-09, 2.8264013352e-09, 5.40744782285e-10, 6.20120760297e-11, 6.2033663796e-12, 1.28235865936e-12, 4.35371628072e-13, 1.49758555708e-13, 6.59029376752e-14, 1.9537446815e-14, 1.01431754977e-14, 5.24335628965e-15, 3.36392506969e-15, 1.59340513433e-15, 4.07926594005e-16, 7.68892834381e-17, 7.51076025731e-18], "median": [6.90625893185e-05, 0.000180299699423, 7.75036314735e-05, 6.46379994578e-05, 0.00014445585839, 0.00019553473976, 0.000124593396322, 7.18310620869e-05, 2.57916890405e-05, 2.59490043391e-05, 3.49051260855e-05, 3.54861222149e-05, 2.09748868656e-05, 1.36854860102e-05, 5.86013175052e-06, 3.1939271139e-06, 2.2897531835e-06, 2.69680390375e-06, 2.73543628282e-06, 1.83284532795e-06, 1.99038800019e-06, 1.85402529951e-06, 1.88130161405e-06, 1.28647025122e-06, 3.737712575e-07, 1.59488877216e-07, 4.96904561942e-08, 1.16434915043e-08, 5.8151914395e-09, 3.60799878862e-09, 2.17763140853e-09, 1.14951159702e-09, 6.47820685984e-10, 3.79112685689e-10, 2.2789513332e-10, 1.4068853027e-10, 8.98653304549e-11, 5.78763391379e-11, 3.45279117797e-11, 2.21055136002e-11], "max": [0.0221620108932, 0.019288001582, 0.00373754883185, 0.00411329837516, 0.00537039060146, 0.0147351846099, 0.0178275182843, 0.0089072631672, 0.00701518263668, 0.00498910015449, 0.0046999217011, 0.00748304324225, 0.00659763207659, 0.00285824062303, 0.00170095195062, 0.00244628451765, 0.00274667353369, 0.00305098877288, 0.0029840557836, 0.00270708603784, 0.00311626936309, 0.00335723906755, 0.00314304884523, 0.00226357160136, 0.00121055112686, 0.000469258520752, 0.000156367445015, 6.02371655987e-05, 2.41107154579e-05, 1.45441736095e-05, 1.25514952742e-05, 5.34791934115e-06, 3.29781323671e-06, 2.27693294619e-06, 1.74576223344e-06, 1.63889149007e-06, 1.62977187301e-06, 8.88246574959e-07, 4.2654866661e-07, 9.24275553871e-08], "dmean": [0.000366430031136, 0.000435785332229, 8.58663333929e-05, 7.83080249676e-05, 9.78294046945e-05, 0.000141343887663, 0.000164061231771, 8.76044141478e-05, 3.77705546271e-05, 3.92503061448e-05, 6.14722375758e-05, 6.53081806377e-05, 5.74408513785e-05, 3.63948965969e-05, 2.39417604462e-05, 2.13554867514e-05, 1.58067759912e-05, 1.24865064208e-05, 1.7974187358e-05, 1.27566108858e-05, 1.43791794471e-05, 1.26212635223e-05, 1.5011850337e-05, 9.77175841399e-06, 4.14667510995e-06, 2.01885086426e-06, 8.30479621072e-07, 2.27752607884e-07, 9.23315468526e-08, 4.41157439468e-08, 2.5668558834e-08, 1.89368680736e-08, 1.0213441648e-08, 8.70208172188e-09, 5.57359980391e-09, 4.2615675433e-09, 2.60124854989e-09, 1.20618559585e-09, 4.72292260856e-10, 1.83886184058e-10], "dmean2": [0.000529934593942, 0.000618925259914, 0.000132268367452, 0.000120950418932, 0.000140090749483, 0.000199077898287, 0.000219771958655, 0.000112412795715, 4.76349086966e-05, 4.97765613545e-05, 8.13523001852e-05, 8.25367023936e-05, 7.23804187146e-05, 4.87547840748e-05, 3.58840406989e-05, 3.26046865666e-05, 2.3265283744e-05, 1.81690702448e-05, 2.77099807136e-05, 1.9924946173e-05, 2.16644639295e-05, 2.00828344532e-05, 2.34455310419e-05, 1.52898119268e-05, 6.13185420661e-06, 2.94710275739e-06, 1.26755162455e-06, 3.48107818127e-07, 1.40066177323e-07, 6.56893845985e-08, 3.77819553421e-08, 2.93984090405e-08, 1.58020725394e-08, 1.3650979902e-08, 8.52877501956e-09, 6.72816291569e-09, 4.03505051594e-09, 1.9370829385e-09, 7.70421837437e-10, 2.8185415113e-10], "mean": [0.00117677031085, 0.00133850984275, 0.000199733607587, 0.000200231195777, 0.000309393159114, 0.000432523491327, 0.000479634734802, 0.000258917280007, 0.000108294247184, 0.000138373041409, 0.000243028975092, 0.000252768892096, 0.000232553706155, 0.00010285024473, 5.20651228726e-05, 4.6229641157e-05, 3.76490570488e-05, 2.97900696751e-05, 4.16122384195e-05, 2.58145191765e-05, 2.8481517802e-05, 2.70036580332e-05, 3.36281918862e-05, 2.12588838622e-05, 9.76396222541e-06, 4.82344194097e-06, 1.74574893208e-06, 4.80908113332e-07, 2.19253152522e-07, 1.06365767749e-07, 5.48348744189e-08, 3.7247996687e-08, 2.11402166883e-08, 1.53524872815e-08, 1.04088533348e-08, 7.38270333756e-09, 4.1377918869e-09, 1.85032533739e-09, 7.34443950101e-10, 3.01283720194e-10], "dvar2": [2.00676686291e-06, 2.02462820198e-06, 7.19527051274e-08, 7.23064772501e-08, 6.51209575153e-08, 1.64449531326e-07, 3.48042789255e-07, 1.08867283188e-07, 1.55450088357e-08, 1.52684922483e-08, 3.82318354752e-08, 4.22066044337e-08, 3.90487890911e-08, 1.22826149251e-08, 1.36912481352e-08, 1.38855273946e-08, 1.13790443734e-08, 4.8240464956e-09, 1.9746954294e-08, 1.03273949392e-08, 1.74998291413e-08, 1.57579744808e-08, 1.74955765431e-08, 6.8851639945e-09, 1.28109656217e-09, 1.91634944025e-10, 3.59119851912e-11, 3.24137678503e-12, 6.59392299877e-13, 1.87501313846e-13, 8.48734467039e-14, 4.7603285517e-14, 1.15305909013e-14, 9.73749838493e-15, 4.02578369742e-15, 3.36775810554e-15, 1.78237225563e-15, 5.10450959015e-16, 1.0266336444e-16, 8.76459401238e-18], "min": [3.31118764054e-24, 3.79415234697e-24, 1.18690489298e-23, 1.33999699893e-23, 1.1642260097e-23, 3.21665054966e-24, 1.31057595816e-23, 5.50735115713e-24, 1.11297395335e-23, 1.0229097038e-23, 9.89144879334e-24, 1.49693661618e-23, 5.31241494998e-24, 6.24715004164e-24, 5.14656641099e-24, 1.65732118899e-23, 1.20299221231e-23, 6.85659281701e-24, 1.11209879106e-23, 9.96534454977e-24, 7.44968605568e-24, 7.70403137761e-24, 8.94537974262e-24, 1.10195940407e-23, 1.39489020057e-23, 6.33805718907e-24, 8.66372090071e-24, 1.3862229858e-23, 1.32119544589e-23, 6.53442793977e-24, 1.1022428418e-23, 9.38473187948e-24, 1.34534026939e-23, 1.28161726875e-23, 9.85111275753e-24, 6.79844272424e-24, 1.12458795803e-23, 1.00637281264e-23, 9.35218347853e-24, 1.09266709593e-23]}, "spectral_decrease": {"dvar": 2.02667873433e-18, "var": 2.19137233817e-17, "median": -3.78463083095e-09, "max": 2.83607297766e-29, "dmean": 1.00414232485e-09, "dmean2": 1.36196043332e-09, "mean": -5.19199039317e-09, "dvar2": 3.69329401983e-18, "min": -3.53245326323e-08}, "barkbands_kurtosis": {"dvar": 278.238128662, "var": 531.32623291, "median": 2.11278152466, "max": 848.201721191, "dmean": 2.98545098305, "dmean2": 4.56901836395, "mean": 5.79566431046, "dvar2": 697.385620117, "min": -1.90873086452}, "silence_rate_30dB": {"dvar": 0.00147694232874, "var": 0.00245889788494, "median": 1, "max": 1, "dmean": 0.00147928996012, "dmean2": 0.00295894453302, "mean": 0.997534811497, "dvar2": 0.00344379316084, "min": 0}, "gfcc": {"mean": [-162.139266968, 215.751724243, -154.475265503, -8.75774860382, -14.8852615356, -27.7627487183, -13.0560684204, -2.28070497513, -5.80376434326, -16.6325721741, 5.49193286896, -0.056374527514, 1.31346678734], "cov": [[5251.81835938, -196.727035522, -1752.82653809, 130.77293396, 323.264221191, -313.467315674, -83.3806762695, 220.664474487, 100.683036804, -58.3632392883, 216.744949341, -79.6910934448, -95.9869003296], [-196.727035522, 723.503417969, 511.53515625, -161.952301025, 129.020248413, -51.3739204407, 71.6625137329, 29.6960010529, 5.65099906921, 3.54435133934, 53.5690765381, 47.5649909973, -1.43026554585], [-1752.82653809, 511.53515625, 1512.70544434, 253.1665802, 39.9545707703, 191.085693359, 81.1965255737, -63.0778465271, 43.3425941467, 114.448699951, 11.955321312, 70.03540802, -16.9020061493], [130.77293396, -161.952301025, 253.1665802, 870.823486328, 183.062545776, -182.392303467, -171.780990601, -42.8302001953, 22.9217662811, 173.436538696, 110.796516418, -120.509880066, -178.954559326], [323.264221191, 129.020248413, 39.9545707703, 183.062545776, 415.749206543, 101.373275757, 40.4238014221, 57.7035484314, 42.6842422485, 15.6258058548, 28.1503887177, -0.412036418915, -22.3456344604], [-313.467315674, -51.3739204407, 191.085693359, -182.392303467, 101.373275757, 578.501220703, 331.193237305, 68.3054962158, 35.871055603, -72.100402832, -130.071228027, 63.2034912109, 124.439956665], [-83.3806762695, 71.6625137329, 81.1965255737, -171.780990601, 40.4238014221, 331.193237305, 439.612945557, 189.011306763, -8.10828018188, -73.1807403564, -106.82611084, -7.4165058136, 100.371154785], [220.664474487, 29.6960010529, -63.0778465271, -42.8302001953, 57.7035484314, 68.3054962158, 189.011306763, 198.414291382, 65.069152832, -29.4622879028, -38.7264976501, -21.8712368011, 17.8081169128], [100.683036804, 5.65099906921, 43.3425941467, 22.9217662811, 42.6842422485, 35.871055603, -8.10828018188, 65.069152832, 141.897598267, 63.7359695435, 2.63996577263, -3.66744422913, -15.4406375885], [-58.3632392883, 3.54435133934, 114.448699951, 173.436538696, 15.6258058548, -72.100402832, -73.1807403564, -29.4622879028, 63.7359695435, 159.515777588, 92.5000228882, -28.4355392456, -70.2728729248], [216.744949341, 53.5690765381, 11.955321312, 110.796516418, 28.1503887177, -130.071228027, -106.82611084, -38.7264976501, 2.63996577263, 92.5000228882, 159.304519653, 38.7415237427, -71.4412765503], [-79.6910934448, 47.5649909973, 70.03540802, -120.509880066, -0.412036418915, 63.2034912109, -7.4165058136, -21.8712368011, -3.66744422913, -28.4355392456, 38.7415237427, 132.211151123, 72.7248458862], [-95.9869003296, -1.43026554585, -16.9020061493, -178.954559326, -22.3456344604, 124.439956665, 100.371154785, 17.8081169128, -15.4406375885, -70.2728729248, -71.4412765503, 72.7248458862, 172.48928833]], "icov": [[0.000578722916543, -0.000525296141859, 0.000884363602381, -0.000601335719693, 0.000118484189443, -0.000201093833311, -0.00040709078894, 0.000595562974922, -0.00170746818185, 0.00193126732484, -0.00217062141746, 0.00101461377926, -0.000576546008233], [-0.000525296141859, 0.00538023700938, -0.00329637015238, 0.00324446009472, -0.00311623350717, 0.00387188768946, -0.00299098808318, 0.00236076721922, -0.00144035776611, 0.00194787082728, -0.00243257475086, 0.00194167916197, -6.64765102556e-05], [0.000884363602381, -0.00329637015238, 0.00368160451762, -0.00279762852006, 0.00168031477369, -0.00169214466587, -0.000297807797324, 0.000711427535862, -0.00142724928446, -0.000366898981156, 0.00116008368786, -0.00278627430089, 0.000839353713673], [-0.000601335719693, 0.00324446009472, -0.00279762852006, 0.00449523935094, -0.00266688433476, 0.00161395932082, 0.000650942034554, -0.00104371691123, 0.00234990683384, -0.00201650941744, -0.000692424189765, 0.00285943597555, 0.000197421715711], [0.000118484189443, -0.00311623350717, 0.00168031477369, -0.00266688433476, 0.00530608883128, -0.00394969619811, 0.0030469566118, -0.00317326025106, 0.000961467158049, -6.03493062954e-05, -0.000477665511426, -0.000117436007713, -0.000557501974981], [-0.000201093833311, 0.00387188768946, -0.00169214466587, 0.00161395932082, -0.00394969619811, 0.0108382664621, -0.0120353838429, 0.0113182310015, -0.00841014832258, 0.00301108369604, 0.0032260667067, -0.00531546445563, 0.00298405485228], [-0.00040709078894, -0.00299098808318, -0.000297807797324, 0.000650942034554, 0.0030469566118, -0.0120353838429, 0.0219846591353, -0.0229818951339, 0.0186235141009, -0.0105228163302, 0.00251677189954, 0.00479275733232, -0.00454608490691], [0.000595562974922, 0.00236076721922, 0.000711427535862, -0.00104371691123, -0.00317326025106, 0.0113182310015, -0.0229818951339, 0.0327914059162, -0.0266487915069, 0.0182617753744, -0.00840449798852, 0.00165338627994, 0.00162543263286], [-0.00170746818185, -0.00144035776611, -0.00142724928446, 0.00234990683384, 0.000961467158049, -0.00841014832258, 0.0186235141009, -0.0266487915069, 0.0363774523139, -0.0292141530663, 0.0208994634449, -0.01048139669, 0.00387191399932], [0.00193126732484, 0.00194787082728, -0.000366898981156, -0.00201650941744, -6.03493062954e-05, 0.00301108369604, -0.0105228163302, 0.0182617753744, -0.0292141530663, 0.0417417101562, -0.0356177873909, 0.0235033202916, -0.00925043970346], [-0.00217062141746, -0.00243257475086, 0.00116008368786, -0.000692424189765, -0.000477665511426, 0.0032260667067, 0.00251677189954, -0.00840449798852, 0.0208994634449, -0.0356177873909, 0.0506758727133, -0.0369019284844, 0.0190885439515], [0.00101461377926, 0.00194167916197, -0.00278627430089, 0.00285943597555, -0.000117436007713, -0.00531546445563, 0.00479275733232, 0.00165338627994, -0.01048139669, 0.0235033202916, -0.0369019284844, 0.0411436930299, -0.0198595952243], [-0.000576546008233, -6.64765102556e-05, 0.000839353713673, 0.000197421715711, -0.000557501974981, 0.00298405485228, -0.00454608490691, 0.00162543263286, 0.00387191399932, -0.00925043970346, 0.0190885439515, -0.0198595952243, 0.0188728384674]]}, "silence_rate_20dB": {"dvar": 0, "var": 0, "median": 1, "max": 1, "dmean": 0, "dmean2": 0, "mean": 1, "dvar2": 0, "min": 1}, "barkbands_skewness": {"dvar": 0.350930482149, "var": 2.76278209686, "median": 0.85623550415, "max": 22.9477958679, "dmean": 0.441454917192, "dmean2": 0.644056916237, "mean": 0.946865320206, "dvar2": 0.727889478207, "min": -5.68094491959}, "erbbands_skewness": {"dvar": 0.152245268226, "var": 1.57963514328, "median": 0.527694761753, "max": 6.40360689163, "dmean": 0.36239656806, "dmean2": 0.520859003067, "mean": 0.414259582758, "dvar2": 0.307036995888, "min": -4.49953365326}, "spectral_contrast_valleys": {"dvar": [0.11056330055, 0.0879892259836, 0.0742661654949, 0.0623586438596, 0.0502777174115, 0.0729762911797], "var": [0.698026418686, 0.91268247366, 0.96967458725, 0.742466807365, 0.807760596275, 0.449754059315], "median": [-8.06214141846, -7.52301883698, -8.42594337463, -9.01732158661, -9.8221282959, -14.0640306473], "max": [-5.86870574951, -5.26228952408, -5.82416915894, -6.14282608032, -6.12119722366, -9.9370059967], "dmean": [0.385591447353, 0.31331372261, 0.286079972982, 0.258048713207, 0.207276701927, 0.283061951399], "dmean2": [0.629694759846, 0.484682798386, 0.446239501238, 0.399026215076, 0.303493708372, 0.490481168032], "mean": [-8.0552110672, -7.578810215, -8.41474819183, -8.98616790771, -9.64651012421, -13.9052257538], "dvar2": [0.251824527979, 0.17322640121, 0.142746627331, 0.108854666352, 0.0716187208891, 0.196778893471], "min": [-26.8325099945, -27.0267028809, -27.2252388, -27.2878017426, -27.4274520874, -27.2114219666]}, "spectral_strongpeak": {"dvar": 1.23321199417, "var": 4.41454362869, "median": 0.883439421654, "max": 28.9537315369, "dmean": 0.555756032467, "dmean2": 0.902034163475, "mean": 1.7443240881, "dvar2": 3.0609023571, "min": 0}, "erbbands_crest": {"dvar": 5.66879701614, "var": 37.2483139038, "median": 13.9508657455, "max": 33.2010421753, "dmean": 2.45996689796, "dmean2": 3.64545655251, "mean": 15.140460968, "dvar2": 13.342634201, "min": 2.73707389832}, "barkbands_crest": {"dvar": 3.92329144478, "var": 23.6382369995, "median": 12.2780704498, "max": 26.7572937012, "dmean": 1.99091970921, "dmean2": 3.02658057213, "mean": 13.0174560547, "dvar2": 9.01654338837, "min": 2.97756266594}, "spectral_energyband_middle_low": {"dvar": 7.54316261009e-06, "var": 7.48303355067e-05, "median": 0.00518420478329, "max": 0.0953551754355, "dmean": 0.00174088904168, "dmean2": 0.00236811907962, "mean": 0.0076545458287, "dvar2": 1.35118298203e-05, "min": 3.06943809225e-22}, "spectral_contrast_coeffs": {"dvar": [0.001232404029, 0.00103838776704, 0.000811435980722, 0.000575413752813, 0.000382115249522, 0.000295071426081], "var": [0.00634837662801, 0.0108464118093, 0.0111388294026, 0.00599777977914, 0.00585896335542, 0.00130903697573], "median": [-0.649972438812, -0.640675187111, -0.653213143349, -0.721084475517, -0.714580476284, -0.777816593647], "max": [-0.323554247618, -0.296253919601, -0.384734362364, -0.491085976362, -0.544659137726, -0.586943745613], "dmean": [0.0426338203251, 0.0371016487479, 0.0318353064358, 0.0282030906528, 0.0213416479528, 0.0201089661568], "dmean2": [0.0697744339705, 0.0569019652903, 0.0484134294093, 0.0431622304022, 0.032079782337, 0.0346889607608], "mean": [-0.647616028786, -0.640472352505, -0.654489696026, -0.721799910069, -0.719671487808, -0.771585822105], "dvar2": [0.00315410341136, 0.00229846383445, 0.00167467701249, 0.00121432414744, 0.000724202196579, 0.00089796714019], "min": [-0.976543486118, -0.974823355675, -0.971355021, -0.972408473492, -0.972041904926, -0.961326956749]}, "hfc": {"dvar": 44.8943328857, "var": 466.166748047, "median": 7.88683271408, "max": 266.75769043, "dmean": 2.72910618782, "dmean2": 3.70793700218, "mean": 14.0199565887, "dvar2": 82.9482803345, "min": 1.187137322e-16}, "spectral_energyband_high": {"dvar": 8.60923554669e-10, "var": 5.36997601941e-09, "median": 4.00382560883e-07, "max": 0.00163831969257, "dmean": 5.0426378948e-06, "dmean2": 7.32059788788e-06, "mean": 1.34414767672e-05, "dvar2": 1.5535263076e-09, "min": 8.06565801504e-21}, "erbbands_spread": {"dvar": 21.0258407593, "var": 121.462379456, "median": 13.3876781464, "max": 131.033279419, "dmean": 3.16422891617, "dmean2": 4.63126182556, "mean": 15.6229753494, "dvar2": 44.4043464661, "min": 0.703489243984}, "dissonance": {"dvar": 0.00135819625575, "var": 0.00419045658782, "median": 0.406957507133, "max": 0.499678790569, "dmean": 0.0369996875525, "dmean2": 0.0615837201476, "mean": 0.399016290903, "dvar2": 0.00357962911949, "min": 0.0976301059127}, "spectral_kurtosis": {"dvar": 191.5340271, "var": 601.208129883, "median": 26.3258914948, "max": 141.917617798, "dmean": 15.5588655472, "dmean2": 27.1967983246, "mean": 32.3769111633, "dvar2": 555.506408691, "min": -1.16818451881}, "spectral_skewness": {"dvar": 0.757961094379, "var": 2.98032283783, "median": 3.0299077034, "max": 9.53722000122, "dmean": 1.06313419342, "dmean2": 1.85287451744, "mean": 3.30140256882, "dvar2": 2.2167198658, "min": -0.561537981033}, "pitch_salience": {"dvar": 0.00237927469425, "var": 0.0150476926938, "median": 0.464657515287, "max": 0.95655143261, "dmean": 0.0491205304861, "dmean2": 0.0753096193075, "mean": 0.469290018082, "dvar2": 0.00545162474737, "min": 0.0526318401098}, "spectral_complexity": {"dvar": 1.97786772251, "var": 35.5011291504, "median": 9, "max": 45, "dmean": 1.37080872059, "dmean2": 2.1546049118, "mean": 10.4371995926, "dvar2": 3.8526725769, "min": 0}, "spectral_spread": {"dvar": 154251329536, "var": 383403294720, "median": 1440100, "max": 39801780, "dmean": 220117.9375, "dmean2": 376866.28125, "mean": 1467927.375, "dvar2": 223617597440, "min": 510943}, "dynamic_complexity": 3.53626680374, "melbands_crest": {"dvar": 5.14526605606, "var": 27.7947921753, "median": 14.2112779617, "max": 31.8216171265, "dmean": 2.27513718605, "dmean2": 3.46238231659, "mean": 14.8459358215, "dvar2": 12.1048307419, "min": 1.52323329449}, "zerocrossingrate": {"dvar": 4.3783646106e-05, "var": 0.00045202189358, "median": 0.0302734375, "max": 0.51318359375, "dmean": 0.0032045263797, "dmean2": 0.00381366256624, "mean": 0.0337699465454, "dvar2": 4.65343655378e-05, "min": 0.0029296875}, "spectral_energyband_low": {"dvar": 2.11820679397e-05, "var": 0.000155107089086, "median": 0.000890053983312, "max": 0.0898532196879, "dmean": 0.00196564174257, "dmean2": 0.00278606638312, "mean": 0.00642169127241, "dvar2": 4.28992134403e-05, "min": 4.44152323912e-23}, "melbands_kurtosis": {"dvar": 62.2727661133, "var": 204.582214355, "median": 3.41627049446, "max": 262.292541504, "dmean": 3.21912765503, "dmean2": 4.83214712143, "mean": 7.59469413757, "dvar2": 132.994262695, "min": -1.90528798103}, "spectral_energyband_middle_high": {"dvar": 9.74843806034e-06, "var": 0.000124041485833, "median": 0.00267480337061, "max": 0.10945829004, "dmean": 0.00146768591367, "dmean2": 0.00200963858515, "mean": 0.00714853871614, "dvar2": 1.76942703547e-05, "min": 1.42829332915e-21}, "barkbands_spread": {"dvar": 7.58994150162, "var": 52.517250061, "median": 7.70665168762, "max": 114.267631531, "dmean": 1.83348858356, "dmean2": 2.68737220764, "mean": 9.58671760559, "dvar2": 14.4711551666, "min": 0.0621307976544}, "mfcc": {"mean": [-788.96472168, 226.566207886, -36.4091072083, 10.1799077988, 18.4892520905, -18.2908916473, 2.30334472656, 10.1625957489, -5.09751844406, -6.66590261459, -1.81461858749, 1.76501297951, 3.39841985703], "cov": [[4987.62109375, 110.733078003, -2328.75610352, 494.854095459, -182.072631836, -330.402679443, -114.524986267, 27.0947284698, -179.084838867, 149.508453369, 211.97845459, 84.4168930054, -86.8115463257], [110.733078003, 835.791381836, 138.164154053, -188.277236938, 75.641456604, -101.309158325, 75.1322631836, 100.12739563, 66.6810302734, -58.1119766235, 7.20873212814, 24.062877655, 69.3203887939], [-2328.75610352, 138.164154053, 1638.2545166, 9.55233287811, 152.418563843, 254.251983643, 72.2455062866, -7.55916118622, 59.9534225464, -48.9390449524, -16.8196811676, 58.0375061035, 103.127838135], [494.854095459, -188.277236938, 9.55233287811, 810.741882324, 275.657928467, -55.7034301758, -48.337890625, -203.624832153, -222.031616211, 63.8154830933, 202.56413269, 139.581619263, -5.18317461014], [-182.072631836, 75.641456604, 152.418563843, 275.657928467, 425.319732666, 116.352172852, -48.9658851624, -59.527797699, -90.982635498, -39.0575752258, 93.8134078979, 66.4723739624, 6.48207569122], [-330.402679443, -101.309158325, 254.251983643, -55.7034301758, 116.352172852, 371.475769043, 125.457374573, 87.8708267212, 103.030014038, 15.2004213333, -18.7162494659, 6.22075796127, -3.06535840034], [-114.524986267, 75.1322631836, 72.2455062866, -48.337890625, -48.9658851624, 125.457374573, 294.276855469, 173.532836914, 141.820785522, 61.1006355286, -34.0035209656, -16.8370456696, -1.55641925335], [27.0947284698, 100.12739563, -7.55916118622, -203.624832153, -59.527797699, 87.8708267212, 173.532836914, 311.115692139, 244.319564819, 45.0101089478, -56.9222297668, -57.0344276428, -9.49322128296], [-179.084838867, 66.6810302734, 59.9534225464, -222.031616211, -90.982635498, 103.030014038, 141.820785522, 244.319564819, 349.816772461, 131.903488159, -85.2459945679, -89.1816101074, -11.5828027725], [149.508453369, -58.1119766235, -48.9390449524, 63.8154830933, -39.0575752258, 15.2004213333, 61.1006355286, 45.0101089478, 131.903488159, 194.133651733, 59.7356643677, -15.0740299225, -3.840498209], [211.97845459, 7.20873212814, -16.8196811676, 202.56413269, 93.8134078979, -18.7162494659, -34.0035209656, -56.9222297668, -85.2459945679, 59.7356643677, 205.230010986, 126.766136169, 6.91830444336], [84.4168930054, 24.062877655, 58.0375061035, 139.581619263, 66.4723739624, 6.22075796127, -16.8370456696, -57.0344276428, -89.1816101074, -15.0740299225, 126.766136169, 178.344467163, 76.8393630981], [-86.8115463257, 69.3203887939, 103.127838135, -5.18317461014, 6.48207569122, -3.06535840034, -1.55641925335, -9.49322128296, -11.5828027725, -3.840498209, 6.91830444336, 76.8393630981, 147.775848389]], "icov": [[0.0033248423133, -0.00415523955598, 0.0048827175051, -0.00495855836198, 0.0052473382093, -0.00553155364469, 0.00591380754486, -0.00636194134131, 0.0057765962556, -0.00517379259691, 0.00393796246499, -0.00284322234802, 0.00124200375285], [-0.00415523955598, 0.00743927434087, -0.00623035151511, 0.00717774685472, -0.00799216795713, 0.00887020863593, -0.00917290616781, 0.0088730705902, -0.00902645662427, 0.00863452721387, -0.0070995031856, 0.00448531238362, -0.00280600250699], [0.0048827175051, -0.00623035151511, 0.00797718949616, -0.00748009094968, 0.0077724433504, -0.00870391353965, 0.00848761852831, -0.00858209561557, 0.00755029963329, -0.00657291803509, 0.00516173336655, -0.00365317217074, 0.00105707033072], [-0.00495855836198, 0.00717774685472, -0.00748009094968, 0.0107951778919, -0.0104171885177, 0.0100648254156, -0.0103225987405, 0.0101109985262, -0.00704832095653, 0.00518623739481, -0.00546151818708, 0.00231170025654, -0.000838670239318], [0.0052473382093, -0.00799216795713, 0.0077724433504, -0.0104171885177, 0.0139405941591, -0.0120892869309, 0.0114588793367, -0.0105355372652, 0.00878834724426, -0.00581563869491, 0.00399143574759, -0.00227646296844, 0.00115826597903], [-0.00553155364469, 0.00887020863593, -0.00870391353965, 0.0100648254156, -0.0120892869309, 0.0155302053317, -0.0131220370531, 0.0117109734565, -0.0116247348487, 0.0094115966931, -0.00683505274355, 0.00338822300546, -0.00162508559879], [0.00591380754486, -0.00917290616781, 0.00848761852831, -0.0103225987405, 0.0114588793367, -0.0131220370531, 0.0188990458846, -0.0170968081802, 0.0143716484308, -0.0145315518603, 0.0122916456312, -0.0083970008418, 0.00435721455142], [-0.00636194134131, 0.0088730705902, -0.00858209561557, 0.0101109985262, -0.0105355372652, 0.0117109734565, -0.0170968081802, 0.0256037563086, -0.0229948107153, 0.0197331011295, -0.0159671176225, 0.0106620900333, -0.0054720309563], [0.0057765962556, -0.00902645662427, 0.00755029963329, -0.00704832095653, 0.00878834724426, -0.0116247348487, 0.0143716484308, -0.0229948107153, 0.0299523267895, -0.0269060507417, 