{"tonal": {"hpcp": {"dvar": [0.0230776146054, 0.0127846859396, 0.0105350911617, 0.0140545535833, 0.0176529511809, 0.026782322675, 0.0369836427271, 0.0264281574637, 0.0196636021137, 0.015015094541, 0.0175296459347, 0.0276533458382, 0.0326405204833, 0.0235636066645, 0.016876578331, 0.0189463607967, 0.015016477555, 0.0169590897858, 0.0177440587431, 0.0177618730813, 0.0257299076766, 0.0355747826397, 0.0310298446566, 0.0254267416894, 0.0246891807765, 0.0271360091865, 0.0307952463627, 0.031850207597, 0.0243950113654, 0.0167575199157, 0.0146850030869, 0.0136420456693, 0.0206524170935, 0.0273013766855, 0.0186802968383, 0.0179865416139], "var": [0.107606835663, 0.0290428865701, 0.00945498701185, 0.0150293326005, 0.01671628654, 0.07153519243, 0.149247869849, 0.0569332838058, 0.0169859174639, 0.0118941888213, 0.017036754638, 0.0585908629, 0.107704289258, 0.0387302003801, 0.0264804046601, 0.0673037543893, 0.0249640997499, 0.0169136766344, 0.0259725060314, 0.0185252726078, 0.0530540794134, 0.138912588358, 0.0662667825818, 0.0215961709619, 0.0197969451547, 0.0230005197227, 0.0540507249534, 0.0902185365558, 0.0403432175517, 0.0216026920825, 0.0190142486244, 0.0169739630073, 0.0390186198056, 0.0629117041826, 0.028846597299, 0.0533816814423], "median": [0.0673468187451, 0.0343396030366, 0.0125937666744, 0.0117286033928, 0.0197063684464, 0.126680225134, 0.218947917223, 0.11659604311, 0.0135549400002, 0.00872879475355, 0.00843897555023, 0.0501906648278, 0.0868792459369, 0.0554355606437, 0.0251906402409, 0.0177778620273, 0.0147764040157, 0.0195266809314, 0.0235134214163, 0.021949518472, 0.0930468589067, 0.159041300416, 0.0926042944193, 0.0195668786764, 0.0112000014633, 0.0111974161118, 0.04242657125, 0.0601280406117, 0.0402964949608, 0.0146577842534, 0.0126397442073, 0.0127338375896, 0.0439586564898, 0.0574179701507, 0.0487442873418, 0.0684997737408], "max": [1, 1, 1, 1, 1, 1, 1, 1, 1, 1, 1, 1, 1, 1, 1, 1, 1, 1, 1, 1, 1, 1, 1, 1, 1, 1, 1, 1, 1, 1, 1, 1, 1, 1, 1, 1], "dmean": [0.0868978500366, 0.0611067116261, 0.038179256022, 0.04461029917, 0.061687245965, 0.11643113941, 0.125972434878, 0.111527264118, 0.0590980499983, 0.0439739972353, 0.052273273468, 0.0948549136519, 0.108844190836, 0.0879109054804, 0.0612083673477, 0.0610974691808, 0.0518999658525, 0.0512743517756, 0.0595522746444, 0.0609914250672, 0.100485816598, 0.116663120687, 0.114248022437, 0.0714151635766, 0.0617049746215, 0.0686966702342, 0.0954054445028, 0.103465609252, 0.0849168375134, 0.054519765079, 0.0487913005054, 0.0484647229314, 0.0779126808047, 0.0947614312172, 0.0775102376938, 0.0840737521648], "dmean2": [0.141362369061, 0.100523762405, 0.0658180117607, 0.0770775675774, 0.108165189624, 0.190694615245, 0.204506382346, 0.181439071894, 0.104184493423, 0.0786042585969, 0.0924343690276, 0.159706696868, 0.178031563759, 0.145737081766, 0.104666933417, 0.101205572486, 0.0903719067574, 0.089087434113, 0.100634999573, 0.105000518262, 0.167060822248, 0.19000081718, 0.190913438797, 0.126665651798, 0.110128089786, 0.122418686748, 0.161853432655, 0.169214934111, 0.142144918442, 0.0941096097231, 0.0823812633753, 0.0828153565526, 0.128220871091, 0.154821783304, 0.12915495038, 0.139172270894], "mean": [0.237862080336, 0.118126392365, 0.0410640910268, 0.0485445223749, 0.0630774274468, 0.244661286473, 0.386862546206, 0.211729362607, 0.0545029602945, 0.0403749383986, 0.0482685305178, 0.16472363472, 0.25046390295, 0.141253724694, 0.0952344015241, 0.13362595439, 0.0812282040715, 0.0616231970489, 0.0822512805462, 0.0707860440016, 0.194923385978, 0.341834545135, 0.217288643122, 0.0679361447692, 0.0550467334688, 0.0617183968425, 0.146729767323, 0.207397311926, 0.126665040851, 0.0645948052406, 0.0577470175922, 0.0556596852839, 0.123122267425, 0.165295600891, 0.113116115332, 0.175567895174], "dvar2": [0.0527713149786, 0.0341693535447, 0.0292986631393, 0.0374013185501, 0.0477918460965, 0.069098316133, 0.0817978531122, 0.0648875832558, 0.0517811924219, 0.0413304753602, 0.0481874272227, 0.0715165883303, 0.0745643153787, 0.0607537291944, 0.0456574633718, 0.0470132865012, 0.0414040088654, 0.0475873611867, 0.0467857420444, 0.0486380644143, 0.066490329802, 0.0839345157146, 0.0827041491866, 0.0685671269894, 0.0664599761367, 0.0742329061031, 0.0792639553547, 0.0720072239637, 0.0637479275465, 0.0423140786588, 0.0374148078263, 0.0352969430387, 0.0510349199176, 0.0627309903502, 0.0479029491544, 0.0454204455018], "min": [0, 0, 0, 0, 0, 0, 0, 0, 0, 0, 0, 0, 0, 0, 0, 0, 0, 0, 0, 0, 0, 0, 0, 0, 0, 0, 0, 0, 0, 0, 0, 0, 0, 0, 0, 0]}, "key_key": "E", "thpcp": [1, 0.547298669815, 0.140884563327, 0.104365073144, 0.124769203365, 0.425793707371, 0.647423505783, 0.365126401186, 0.246171161532, 0.345409393311, 0.209966570139, 0.159289643168, 0.212611123919, 0.182974666357, 0.503856956959, 0.883607208729, 0.561668872833, 0.175607964396, 0.14229016006, 0.159535720944, 0.379281401634, 0.536100804806, 0.327416151762, 0.166970938444, 0.149270117283, 0.143874570727, 0.318258434534, 0.427272170782, 0.292393565178, 0.453824996948, 0.614849090576, 0.305344611406, 0.106146462262, 0.125482603908, 0.163048684597, 0.632424354553], "chords_key": "E", "tuning_equal_tempered_deviation": 0.00732927350327, "tuning_frequency": 441.017791748, "tuning_diatonic_strength": 0.55316478014, "chords_histogram": [30.0405750275, 0.983146071434, 7.10049915314, 0.0312109868973, 0.312109857798, 0, 1.15480649471, 0.0312109868973, 0.421348303556, 0, 0, 0, 0.124843947589, 0.452559292316, 0.234082400799, 1.31086146832, 0, 1.68539321423, 0.109238453209, 11.6260919571, 8.73907661438, 6.78838968277, 18.3676662445, 10.4868917465], "key_strength": 0.789808571339, "key_scale": "major", "chords_strength": {"dvar": 4.57835340057e-05, "var": 0.0061776288785, "median": 0.509979486465, "max": 0.704766392708, "dmean": 0.00827500317246, "dmean2": 0.00650974689052, "mean": 0.508908092976, "dvar2": 4.14623937104e-05, "min": 0.276107758284}, "chords_number_rate": 0.00156054936815, "tuning_nontempered_energy_ratio": 0.61038339138, "hpcp_entropy": {"dvar": 0.212905049324, "var": 0.423251628876, "median": 1.70903849602, "max": 3.97991418839, "dmean": 0.505277812481, "dmean2": 0.839860081673, "mean": 1.71128940582, "dvar2": 0.562371313572, "min": 0}, "chords_changes_rate": 0.0335518084466, "chords_scale": "major"}, "rhythm": {"bpm_histogram_first_peak_spread": {"dvar": 0, "var": 0, "median": 0.456310689449, "max": 0.456310689449, "dmean": 0, "dmean2": 0, "mean": 0.456310689449, "dvar2": 0, "min": 0.456310689449}, "bpm_histogram_first_peak_weight": {"dvar": 0, "var": 0, "median": 0.438184648752, "max": 0.438184648752, "dmean": 0, "dmean2": 0, "mean": 0.438184648752, "dvar2": 0, "min": 0.438184648752}, "bpm_histogram_first_peak_bpm": {"dvar": 0, "var": 0, "median": 129, "max": 129, "dmean": 0, "dmean2": 0, "mean": 129, "dvar2": 0, "min": 129}, "bpm": 129.832443237, "bpm_histogram_second_peak_weight": {"dvar": 0, "var": 0, "median": 0.0375586859882, "max": 0.0375586859882, "dmean": 0, "dmean2": 0, "mean": 0.0375586859882, "dvar2": 0, "min": 0.0375586859882}, "beats_loudness": {"dvar": 0.000131884560687, "var": 0.000433150678873, "median": 0.0293295439333, "max": 0.0997050404549, "dmean": 0.0124133555219, "dmean2": 0.0228238888085, "mean": 0.0301664620638, "dvar2": 0.000417837203713, "min": 8.93948193248e-10}, "beats_loudness_band_ratio": {"dvar": [0.016675779596, 0.0236181542277, 0.014051717706, 0.0125456033275, 0.00293945265003, 0.0103506986052], "var": [0.0471552200615, 0.030693018809, 0.0210115667433, 0.0176322720945, 0.00353141874075, 0.00704249134287], "median": [0.262363374233, 0.198585763574, 0.164143651724, 0.148926481605, 0.0613673254848, 0.0177676584572], "max": [0.989100575447, 0.936983406544, 0.801098108292, 0.641596376896, 0.472818046808, 0.961909115314], "dmean": [0.14242169261, 0.169787704945, 0.129621759057, 0.118386045098, 0.0503725707531, 0.0486775711179], "dmean2": [0.240331500769, 0.29687422514, 0.224339589477, 0.203772082925, 0.0890901461244, 0.0911960825324], "mean": [0.304736822844, 0.244602918625, 0.201215311885, 0.178755044937, 0.0739319548011, 0.0411938242614], "dvar2": [0.0420455783606, 0.06980355829, 0.0406069420278, 0.0349243730307, 0.00831358227879, 0.0308021772653], "min": [6.4998275775e-05, 0.00367733067833, 0.000439099909272, 0.000207771867281, 4.89387348352e-05, 8.12031976238e-06]}, "bpm_histogram_second_peak_bpm": {"dvar": 0, "var": 0, "median": 123, "max": 123, "dmean": 0, "dmean2": 0, "mean": 123, "dvar2": 0, "min": 123}, "onset_rate": 2.65163636208, "beats_count": 640, "beats_position": [0.487619042397, 0.986848056316, 1.48607707024, 1.98530614376, 2.47292518616, 2.97215414047, 3.43655323982, 3.9125623703, 4.3653512001, 4.82975053787, 5.2941493988, 5.75854873657, 6.2229475975, 6.68734693527, 7.1517457962, 7.61614513397, 8.06893444061, 8.52172279358, 8.98612213135, 9.45052146912, 9.91492080688, 10.379319191, 10.8553285599, 11.3313379288, 11.7957363129, 12.2601356506, 12.7361450195, 13.2121543884, 13.6649427414, 14.117732048, 14.5705213547, 15.0233106613, 15.4877090454, 15.9521083832, 16.4165077209, 16.8809070587, 17.3569164276, 17.9258041382, 18.4946937561, 19.0635814667, 19.5512008667, 20.0504302979, 20.5380496979, 21.0488891602, 21.548116684, 22.035736084, 22.5349655151, 23.0341949463, 23.5334243774, 24.0558719635, 24.5783214569, 25.1007709503, 25.6348285675, 26.1572780609, 26.6913375854, 27.2021770477, 27.7130146027, 28.2238540649, 28.7579135895, 29.3035831451, 29.8260307312, 30.3484802246, 30.8825397491, 31.4165973663, 31.9506568909, 32.4847145081, 33.0187759399, 33.5296134949, 34.0520629883, 34.4932403564, 34.9460296631, 35.3988189697, 35.8516082764, 36.3160095215, 36.7804069519, 37.2331962585, 37.6859855652, 38.1271629333, 38.5683441162, 39.0559616089, 39.5319709778, 40.0195922852, 40.5072097778, 40.9948310852, 41.4708366394, 41.9584579468, 42.4692955017, 42.9801368713, 43.4909744263, 44.0018119812, 44.5126533508, 44.9886627197, 45.4646720886, 45.9406776428, 46.3934669495, 46.8462562561, 47.2990455627, 47.7518348694, 48.2162361145, 48.6806335449, 49.14503479, 49.6210403442, 50.0854415894, 50.5498390198, 51.0142402649, 51.4786376953, 51.9430389404, 52.4190483093, 52.8834457397, 53.3478431702, 53.8122444153, 54.2882537842, 54.7642631531, 55.2286605835, 55.7046699524, 56.1806793213, 56.5638084412, 56.946937561, 57.3416786194, 57.736415863, 58.1311569214, 58.525894165, 58.9090232849, 59.280544281, 59.6520614624, 60.0235824585, 60.3950996399, 60.766620636, 61.1381378174, 61.5212669373, 61.8927879333, 62.2643089294, 62.6358261108, 63.0073471069, 63.4020843506, 63.9013137817, 64.3657150269, 64.8301086426, 65.3061218262, 65.7821273804, 66.258140564, 66.7109298706, 67.1753311157, 67.6281204224, 68.0809020996, 68.5336914062, 68.9864807129, 69.450881958, 69.9268951416, 70.3912887573, 70.844078064, 71.3084793091, 71.7612686157, 72.2140579224, 72.6784591675, 73.1428527832, 73.6188659668, 74.0832672119, 74.5592727661, 75.0236740112, 75.4764633179, 75.9292526245, 76.3820419312, 76.8348312378, 77.2992248535, 77.7636260986, 78.2280273438, 78.6924285889, 79.1684341431, 79.6212234497, 80.0740127563, 80.526802063, 80.9912033081, 81.4555969238, 81.9199981689, 82.3960113525, 82.8720169067, 83.3364181519, 83.7892074585, 84.2419967651, 84.6947860718, 85.1475753784, 85.6003646851, 86.0531539917, 86.5175476074, 86.9819488525, 87.4579544067, 87.9339675903, 88.3983688354, 88.8627624512, 89.3271636963, 89.7915649414, 90.244354248, 90.6971435547, 91.1615371704, 91.6259384155, 92.0903396606, 92.5431289673, 93.0075302124, 93.460319519, 93.9247131348, 94.3891143799, 94.8419036865, 95.2946929932, 95.7706985474, 96.2350997925, 96.7111129761, 97.1755065918, 97.6399078369, 98.0810852051, 98.5338745117, 98.9866638184, 99.4278411865, 99.8922424316, 100.345031738, 100.797821045, 101.26222229, 101.726615906, 102.202629089, 102.678634644, 103.154647827, 103.630653381, 104.095054626, 104.559455872, 105.023849487, 105.488250732, 105.941040039, 106.393829346, 106.846618652, 107.299407959, 107.763809204, 108.22820282, 108.692604065, 109.145393372, 109.609794617, 110.062583923, 110.538589478, 111.002990723, 111.479003906, 111.95500946, 112.431015015, 112.907028198, 113.359817505, 113.812606812, 114.265396118, 114.729797363, 115.18258667, 115.635368347, 116.088157654, 116.54094696, 117.005348206, 117.469749451, 117.934150696, 118.398544312, 118.862945557, 119.327346802, 119.791740417, 120.244529724, 120.697319031, 121.161720276, 121.626121521, 122.090522766, 122.554916382, 123.019317627, 123.472106934, 123.92489624, 124.389297485, 124.853691101, 125.318092346, 125.782493591, 126.246894836, 126.711288452, 127.175689697, 127.640090942, 128.104492188, 128.568893433, 129.021682739, 129.474472046, 129.938858032, 130.403259277, 130.856048584, 131.308837891, 131.773239136, 132.237640381, 132.702041626, 133.166442871, 133.630844116, 134.095230103, 134.559631348, 135.024032593, 135.488433838, 135.952835083, 136.40562439, 136.858413696, 137.322814941, 137.787200928, 138.239990234, 138.692779541, 139.145568848, 139.598358154, 140.062759399, 140.527160645, 141.003173828, 141.479187012, 141.931976318, 142.384765625, 142.837554932, 143.290344238, 143.743133545, 144.195922852, 144.660308838, 145.124710083, 145.589111328, 146.053512573, 146.517913818, 146.993927002, 147.446716309, 147.911102295, 148.37550354, 148.839904785, 149.292694092, 149.745483398, 150.209884644, 150.674285889, 151.138687134, 151.603088379, 152.055877686, 152.508651733, 152.973052979, 153.437454224, 153.901855469, 154.366256714, 154.830657959, 155.306671143, 155.782669067, 156.258682251, 156.734695435, 157.210693359, 157.675094604, 158.13949585, 158.603897095, 159.079910278, 159.567520142, 160.055145264, 160.542770386, 161.030380249, 161.506393433, 161.994003296, 162.470016479, 162.957641602, 163.445251465, 163.932876587, 164.420501709, 164.908111572, 165.395736694, 165.883346558, 166.359359741, 166.835372925, 167.29977417, 167.775772095, 168.228561401, 168.681350708, 169.145751953, 169.528884888, 169.900405884, 170.27192688, 170.643447876, 171.026565552, 171.398086548, 171.757995605, 172.129516602, 172.501037598, 172.872558594, 173.24407959, 173.615600586, 174.033554077, 174.451522827, 174.869476318, 175.275817871, 175.751831055, 176.227844238, 176.703857422, 177.191467285, 177.690704346, 178.166702271, 178.665939331, 179.153549194, 179.652786255, 180.163619995, 180.674468994, 181.173690796, 181.649703979, 182.114105225, 182.57850647, 183.031295776, 183.484085083, 183.93687439, 184.389663696, 184.842453003, 185.306838989, 185.759628296, 186.212417603, 186.665206909, 187.129608154, 187.594009399, 188.058410645, 188.511199951, 188.963989258, 189.428390503, 189.892791748, 190.345581055, 190.809967041, 191.274368286, 191.738769531, 192.203170776, 192.67918396, 193.143585205, 193.607971191, 194.060760498, 194.525161743, 194.97795105, 195.442352295, 195.90675354, 196.371154785, 196.83555603, 197.299957275, 197.764343262, 198.217132568, 198.669921875, 199.122711182, 199.587112427, 200.051513672, 200.515914917, 200.980316162, 201.433105469, 201.885894775, 202.338684082, 202.803085327, 203.267486572, 203.731872559, 204.196273804, 204.660675049, 205.136688232, 205.612701416, 206.077087402, 206.541488647, 206.994277954, 207.447067261, 207.911468506, 208.375869751, 208.840270996, 209.304672241, 209.769073486, 210.221862793, 210.6746521, 211.139038086, 211.603439331, 212.067840576, 212.520629883, 212.973419189, 213.437820435, 213.90222168, 214.366622925, 214.831008911, 215.295410156, 215.759811401, 216.224212646, 216.688613892, 217.153015137, 217.605804443, 218.05859375, 218.511383057, 218.964172363, 219.41696167, 219.869750977, 220.334152222, 220.798538208, 221.262939453, 221.727340698, 222.191741943, 222.656143188, 223.132156372, 223.608154297, 224.072555542, 224.536956787, 224.989746094, 225.4425354, 225.906936646, 226.371337891, 226.835739136, 227.300125122, 227.764526367, 228.228927612, 228.681716919, 229.134506226, 229.598907471, 230.063308716, 230.527709961, 230.968887329, 231.433288574, 231.886077881, 232.350479126, 232.803268433, 233.267654419, 233.732055664, 234.196456909, 234.660858154, 235.125259399, 235.589660645, 236.042449951, 236.495239258, 236.959625244, 237.424026489, 237.876815796, 238.329605103, 238.794006348, 239.258407593, 239.711196899, 240.175598145, 240.651611328, 241.115997314, 241.58039856, 242.044799805, 242.50920105, 242.973602295, 243.43800354, 243.902404785, 244.366790771, 244.819580078, 245.272369385, 245.73677063, 246.201171875, 246.66557312, 247.129974365, 247.59437561, 248.047164917, 248.499954224, 248.964355469, 249.428741455, 249.8931427, 250.345932007, 250.798721313, 251.25151062, 251.715911865, 252.191925049, 252.656326294, 253.120727539, 253.585113525, 254.049514771, 254.502304077, 254.955093384, 255.419494629, 255.883895874, 256.348297119, 256.812683105, 257.265472412, 257.718261719, 258.182678223, 258.647064209, 259.111480713, 259.575866699, 260.040252686, 260.504669189, 260.957458496, 261.410247803, 261.874633789, 262.350646973, 262.803436279, 263.267852783, 263.73223877, 264.185028076, 264.637817383, 265.102203369, 265.554992676, 266.007781982, 266.472198486, 266.95980835, 267.424224854, 267.88861084, 268.341400146, 268.805786133, 269.258575439, 269.722991943, 270.17578125, 270.651794434, 271.127807617, 271.603790283, 272.068206787, 272.532592773, 272.9737854, 273.438171387, 273.890960693, 274.34375, 274.808166504, 275.260955811, 275.713745117, 276.178131104, 276.642547607, 277.106933594, 277.57131958, 278.035736084, 278.488525391, 278.941314697, 279.405700684, 279.870117188, 280.334503174, 280.78729248, 281.240081787, 281.704498291, 282.168884277, 282.633270264, 283.097686768, 283.562072754, 284.014862061, 284.467651367, 284.920440674, 285.384857178, 285.849243164, 286.313659668, 286.778045654, 287.254058838, 287.718444824, 288.182861328, 288.635650635, 289.088439941, 289.541229248, 289.994018555, 290.435180664, 290.876373291, 291.422027588, 291.967712402, 292.513366699, 293.082275391, 293.651153564, 294.220031738, 294.742492676, 295.264923096, 295.79901123, 296.333068848, 296.867126465], "danceability": 0.975059807301, "bpm_histogram_second_peak_spread": {"dvar": 0, "var": 0, "median": 0.368421077728, "max": 0.368421077728, "dmean": 0, "dmean2": 0, "mean": 0.368421077728, "dvar2": 0, "min": 0.368421077728}}, "lowlevel": {"spectral_flux": {"dvar": 0.000488052028231, "var": 0.0017673377879, "median": 0.0569619685411, "max": 0.283977806568, "dmean": 0.0165143180639, "dmean2": 0.0263671763241, "mean": 0.0607194565237, "dvar2": 0.00113765557762, "min": 6.78700637358e-11}, "spectral_rolloff": {"dvar": 857703, "var": 2666696.5, "median": 1098.19335938, "max": 20090.4785156, "dmean": 355.62298584, "dmean2": 572.254516602, "mean": 1384.2635498, "dvar2": 1859945.5, "min": 86.1328125}, "barkbands_flatness_db": {"dvar": 0.000291807693429, "var": 0.00448912521824, "median": 0.139576256275, "max": 0.521385073662, "dmean": 0.0151821319014, "dmean2": 0.0220649205148, "mean": 0.15429905057, "dvar2": 0.000583221379202, "min": 0.026121115312}, "spectral_centroid": {"dvar": 66770.8359375, "var": 325535, "median": 970.484313965, "max": 11490.0263672, "dmean": 155.027267456, "dmean2": 231.558944702, "mean": 1035.12731934, "dvar2": 127078.734375, "min": 112.616493225}, "melbands_skewness": {"dvar": 0.337814897299, "var": 2.3553340435, "median": 1.71107625961, "max": 25.8938865662, "dmean": 0.432327657938, "dmean2": 0.646737277508, "mean": 2.01188135147, "dvar2": 0.711054086685, "min": -1.57365584373}, "melbands": {"dvar": [1.46218735608e-06, 1.2937999827e-06, 1.03753768599e-06, 5.38741005585e-07, 2.70904763511e-07, 2.10460768812e-07, 6.9251420598e-08, 1.52030580125e-07, 5.56909256488e-08, 8.63368043724e-08, 9.89394237649e-08, 4.5336268073e-08, 4.89385243441e-08, 1.1333074923e-08, 8.20189605122e-09, 5.51605960908e-09, 2.81091327992e-09, 4.57426851952e-09, 1.08938269516e-09, 7.65266461311e-10, 7.33456295698e-10, 3.34529737245e-10, 2.88017720784e-10, 1.23143370501e-10, 6.63562468861e-11, 9.40765035318e-11, 3.32483485188e-11, 2.57658703401e-11, 1.57440969983e-11, 5.6911762629e-12, 3.87679081545e-12, 5.73410850052e-12, 5.99581495564e-12, 6.30284236261e-12, 6.03253341377e-12, 2.13914302938e-12, 1.69859373962e-12, 1.49674630329e-12, 1.02392085696e-12, 7.7578996829e-13], "var": [1.33858327445e-06, 1.45462911405e-06, 1.28287979351e-06, 1.52821462507e-06, 9.84017674455e-07, 5.86126589042e-07, 2.11879367384e-07, 4.56518193914e-07, 2.37128517711e-07, 3.19069727084e-07, 2.74468703765e-07, 1.95669144887e-07, 1.58388317573e-07, 2.75693832208e-08, 1.86028383808e-08, 1.1331865224e-08, 6.37071151388e-09, 1.14145741748e-08, 2.45209030858e-09, 1.84351334198e-09, 1.71257918957e-09, 8.67896698953e-10, 7.41895045397e-10, 2.40939768137e-10, 1.04750548513e-10, 1.40854786168e-10, 6.53520501603e-11, 5.50198081539e-11, 2.81413468917e-11, 9.47433104193e-12, 6.54719811352e-12, 8.87572827735e-12, 8.44530782113e-12, 7.90863381728e-12, 7.14712187003e-12, 2.95967395557e-12, 2.50878593074e-12, 2.15255395973e-12, 1.68341881233e-12, 1.45031014108e-12], "median": [6.08642440056e-05, 0.000625501270406, 0.000344885513186, 0.000434093002696, 0.000328232272295, 0.000202985887881, 0.000146624035551, 0.000149874365889, 0.000110052365926, 7.80590198701e-05, 0.000108260093839, 0.000104639802885, 6.27602639725e-05, 4.5979359129e-05, 2.98990289593e-05, 2.29519755521e-05, 2.36555297306e-05, 2.74247067864e-05, 1.95989414351e-05, 1.54646131705e-05, 1.17851050163e-05, 9.40239351621e-06, 8.70010080689e-06, 5.26598432771e-06, 3.45909552379e-06, 3.10851396534e-06, 2.3004488412e-06, 1.35459913508e-06, 6.5097958668e-07, 3.02610430936e-07, 3.09204523319e-07, 4.29483151265e-07, 5.83120140618e-07, 5.93386403125e-07, 4.68366067707e-07, 3.29998840698e-07, 2.61281684288e-07, 2.13920088754e-07, 2.05958258448e-07, 1.57177325377e-07], "max": [0.0199390854686, 0.02275329642, 0.0207428466529, 0.0114854527637, 0.01142379269, 0.00832343380898, 0.00568666262552, 0.00911763310432, 0.00642045261338, 0.00600697332993, 0.00750656984746, 0.00820879545063, 0.00715377787128, 0.00294419215061, 0.00354029005393, 0.00242085917853, 0.0012053491082, 0.00126335583627, 0.000875971280038, 0.000710188702215, 0.000745166034903, 0.000519759603776, 0.000327541056322, 0.000255948194535, 0.000198613808607, 0.000301571126329, 0.000166413214174, 0.000137377894134, 0.000118204225146, 6.41431033728e-05, 4.62568168587e-05, 6.15274911979e-05, 6.24184176559e-05, 6.058334111e-05, 6.23491869192e-05, 2.8593274692e-05, 2.61338791461e-05, 2.32132497331e-05, 2.15405434574e-05, 1.87141722563e-05], "dmean": [0.000257785402937, 0.000373905757442, 0.000378908589482, 0.000374597148038, 0.000260658998741, 0.000209091114812, 0.000129253952764, 0.000173625143361, 0.000115182097943, 0.000115177572297, 0.000133780849865, 0.000106487015728, 9.09420050448e-05, 5.21257643413e-05, 3.5912686144e-05, 3.08062299155e-05, 2.59777680185e-05, 3.4803582821e-05, 1.76348530658e-05, 1.4915126485e-05, 1.32134782689e-05, 8.79809795151e-06, 8.8194892669e-06, 5.13725035489e-06, 3.35307527166e-06, 3.47567151948e-06, 2.37688982452e-06, 1.98180146072e-06, 1.26903171349e-06, 7.00563873579e-07, 6.67235667606e-07, 8.50354922477e-07, 9.1385908263e-07, 8.83963991782e-07, 8.06176728929e-07, 5.31956061423e-07, 4.93361540066e-07, 4.45939207339e-07, 3.92592767184e-07, 3.30837224283e-07], "dmean2": [0.000445404759375, 0.000643461069558, 0.000623967382126, 0.000586089328863, 0.000405886530643, 0.000320442137308, 0.000194488820853, 0.000249775097473, 0.000167236459674, 0.000169934777659, 0.000206415032153, 0.000155815316248, 0.000137367736897, 8.08508630143e-05, 5.6501961808e-05, 4.82561554236e-05, 4.11386936321e-05, 5.59697400604e-05, 2.83970166493e-05, 2.40816170844e-05, 2.12556187762e-05, 1.41489426824e-05, 1.4102485693e-05, 8.41443306854e-06, 5.43797705177e-06, 5.57140947421e-06, 3.82342523153e-06, 3.15255397254e-06, 2.00937915906e-06, 1.09428344786e-06, 1.0466827689e-06, 1.31098101974e-06, 1.43570025557e-06, 1.39824294365e-06, 1.28933743326e-06, 8.40866221097e-07, 7.61186242926e-07, 6.81806852754e-07, 6.07480558301e-07, 4.9894691756e-07], "mean": [0.000551843782887, 0.000893427117262, 0.000689993903507, 0.000892895855941, 0.000707817496732, 0.000486859120429, 0.000302294414723, 0.000407551648095, 0.000293740798952, 0.000263235328021, 0.000286235037493, 0.000254966842476, 0.000186655626749, 9.91795022856e-05, 6.71141460771e-05, 5.75779049541e-05, 5.15555111633e-05, 6.4215499151e-05, 3.52455754182e-05, 2.90178086289e-05, 2.44362745434e-05, 1.74439464899e-05, 1.73823500518e-05, 9.89140698948e-06, 6.32514274912e-06, 6.23135474598e-06, 4.59512148154e-06, 3.72097383661e-06, 2.29143961405e-06, 1.19500475648e-06, 1.14054034839e-06, 1.46866921114e-06, 1.59446221915e-06, 1.54063650371e-06, 1.34879735469e-06, 9.42935571402e-07, 8.58360067468e-07, 7.49809657918e-07, 6.92114269896e-07, 5.80157632157e-07], "dvar2": [4.00716908189e-06, 3.53630207428e-06, 2.62999242295e-06, 1.36410710638e-06, 6.80016228216e-07, 5.02531804614e-07, 1.64384900359e-07, 3.49203617134e-07, 1.21709646805e-07, 1.87629069615e-07, 2.33098703006e-07, 1.05280058449e-07, 1.09288130545e-07, 2.66436011032e-08, 1.89253164251e-08, 1.3711233926e-08, 6.9760548449e-09, 1.13497931054e-08, 2.71471045643e-09, 1.92957450018e-09, 1.74630843119e-09, 7.89693366254e-10, 7.02126412566e-10, 3.23207849373e-10, 1.61433824641e-10, 2.24382276648e-10, 8.11565745162e-11, 6.28386023771e-11, 3.89776787235e-11, 1.36945836615e-11, 9.23163975819e-12, 1.36028922501e-11, 1.50331726234e-11, 1.6721946744e-11, 1.63238693396e-11, 5.66099771226e-12, 4.24385483352e-12, 3.76926007767e-12, 2.54407259148e-12, 1.86081423707e-12], "min": [1.72094325487e-24, 1.39743494752e-24, 2.57538137829e-24, 6.18420328014e-24, 5.05352105608e-24, 4.24749453756e-24, 4.48355366927e-24, 3.40882337706e-24, 2.55563914806e-24, 5.07841632295e-24, 4.70524330516e-24, 2.64675909071e-24, 8.1824557951e-24, 7.63306860602e-24, 7.03743760181e-24, 2.97847884845e-24, 6.87118043287e-24, 5.77833710541e-24, 2.71562368951e-24, 5.31131527788e-24, 4.50063408559e-24, 3.18629912633e-24, 5.64839002065e-24, 4.71407578628e-24, 6.25413067179e-24, 5.45279511464e-24, 4.60749042279e-24, 4.54061947272e-24, 6.73160885063e-24, 7.20419333084e-24, 7.32600292094e-24, 7.26271418823e-24, 6.97670398958e-24, 7.71663737487e-24, 5.52809583235e-24, 8.21296972378e-24, 6.45928302209e-24, 6.3105638088e-24, 7.65250219442e-24, 6.95881893513e-24]}, "spectral_decrease": {"dvar": 4.95367863175e-18, "var": 2.34369797884e-17, "median": -5.6186051367e-09, "max": 1.40665770698e-10, "dmean": 1.37654943e-09, "dmean2": 2.14273820909e-09, "mean": -6.13278849926e-09, "dvar2": 1.24492154571e-17, "min": -2.86681078876e-08}, "barkbands_kurtosis": {"dvar": 44.929019928, "var": 255.663497925, "median": 1.21926212311, "max": 380.61315918, "dmean": 1.95031118393, "dmean2": 2.9740896225, "mean": 4.69876813889, "dvar2": 94.8247909546, "min": -1.87782526016}, "silence_rate_30dB": {"dvar": 0, "var": 0, "median": 1, "max": 1, "dmean": 0, "dmean2": 0, "mean": 1, "dvar2": 0, "min": 1}, "gfcc": {"mean": [-36.7260551453, 106.241523743, -120.699737549, 4.07378673553, -57.5178108215, 9.95043087006, -44.5786094666, 5.16765642166, -25.2663936615, -7.58864736557, -16.3451194763, -2.10232520103, -11.1093740463], "cov": [[19625.4277344, -2203.26708984, -1054.63793945, 1366.87683105, -1155.77380371, 827.318664551, -657.218505859, 737.062805176, -140.945053101, 358.213195801, -210.262557983, 242.149505615, -195.23828125], [-2203.26708984, 2028.6060791, -381.513061523, -470.413299561, 474.101013184, -218.713775635, 308.217071533, -159.862197876, 169.822814941, -107.258995056, 103.072280884, -125.551963806, 153.797927856], [-1054.63793945, -381.513061523, 1143.53564453, 308.157531738, 29.2985706329, 276.921813965, 58.0519294739, 94.3620452881, -11.0972728729, 4.22449827194, -36.3318367004, 80.4961776733, -49.672580719], [1366.87683105, -470.413299561, 308.157531738, 658.822509766, -83.2559967041, 189.308883667, 17.1391983032, 147.807220459, 34.5820846558, 54.1412506104, -12.2405233383, 38.0359840393, 2.6525580883], [-1155.77380371, 474.101013184, 29.2985706329, -83.2559967041, 371.232208252, -25.5215682983, 176.644699097, 8.67260551453, 74.7892456055, 19.4618358612, 17.5375118256, -13.0996160507, 61.788936615], [827.318664551, -218.713775635, 276.921813965, 189.308883667, -25.5215682983, 321.941375732, 50.9723587036, 127.152603149, 17.1289958954, 43.0286216736, 9.25569343567, 39.433265686, -14.406244278], [-657.218505859, 308.217071533, 58.0519294739, 17.1391983032, 176.644699097, 50.9723587036, 339.610107422, 70.8137283325, 70.7562942505, 66.1885604858, 18.6682929993, -28.8896217346, 75.4483718872], [737.062805176, -159.862197876, 94.3620452881, 147.807220459, 8.67260551453, 127.152603149, 70.8137283325, 183.338348389, 53.1293029785, 55.742805481, 8.13258743286, 26.4849700928, 2.32161331177], [-140.945053101, 169.822814941, -11.0972728729, 34.5820846558, 74.7892456055, 17.1289958954, 70.7562942505, 53.1293029785, 143.054763794, 45.0770492554, 31.1130237579, 18.6699943542, 40.2511825562], [358.213195801, -107.258995056, 4.22449827194, 54.1412506104, 19.4618358612, 43.0286216736, 66.1885604858, 55.742805481, 45.0770492554, 150.158630371, 26.5454044342, 17.9725074768, 38.6398429871], [-210.262557983, 103.072280884, -36.3318367004, -12.2405233383, 17.5375118256, 9.25569343567, 18.6682929993, 8.13258743286, 31.1130237579, 26.5454044342, 109.078582764, 28.2298316956, 13.1554718018], [242.149505615, -125.551963806, 80.4961776733, 38.0359840393, -13.0996160507, 39.433265686, -28.8896217346, 26.4849700928, 18.6699943542, 17.9725074768, 28.2298316956, 110.006500244, 17.9067077637], [-195.23828125, 153.797927856, -49.672580719, 2.6525580883, 61.788936615, -14.406244278, 75.4483718872, 2.32161331177, 40.2511825562, 38.6398429871, 13.1554718018, 17.9067077637, 117.26550293]], "icov": [[0.000176625500899, -0.000209481382626, 0.000392330519389, -0.000344376079738, 0.000364885956515, -0.000397782074288, 0.000324534339597, -0.000582783250138, 0.000460934446892, -0.000603080145083, 0.000722972443327, -0.000607579539064, 0.000356565433322], [-0.000209481382626, 0.00177266274113, -0.000310705509037, 0.000961807265412, -0.00146006373689, 0.000342158629792, -0.00104577431921, 0.00165032444056, -0.00210043927655, 0.00253207818605, -0.00220290455036, 0.00217489385977, -0.00157385389321], [0.000392330519389, -0.000310705509037, 0.0022407702636, -0.00117542222142, 0.000327768881107, -0.00182632077485, 0.00027234927984, -0.000701238575857, 0.00111168611329, -0.00100210250821, 0.00211750855669, -0.00233742361888, 0.00154603389092], [-0.000344376079738, 0.000961807265412, -0.00117542222142, 0.00311285536736, -0.000476683053421, 0.000298811501125, -0.000625861168373, 0.00020287935331, -0.00179969612509, 0.00164295139257, -0.00166693388019, 0.00201388448477, -0.0017607153859], [0.000364885956515, -0.00146006373689, 0.000327768881107, -0.000476683053421, 0.00563046289608, -0.00024912977824, -0.000708390958607, -0.00171351176687, 0.000494659994729, -0.00194719119463, 0.00227611744776, -0.0020204638131, 0.000689382082783], [-0.000397782074288, 0.000342158629792, -0.00182632077485, 0.000298811501125, -0.00024912977824, 0.00639351038262, -0.00115071434993, -0.00156132108532, -0.000337757985108, 0.000877618498635, -0.00213607680053, 0.000754552776925, -0.000252234051004], [0.000324534339597, -0.00104577431921, 0.00027234927984, -0.000625861168373, -0.000708390958607, -0.00115071434993, 0.00637565553188, -0.00315323797986, 0.00117178517394, -0.00282563711517, 0.00125391990878, 0.00106257526204, -0.00154041708447], [-0.000582783250138, 0.00165032444056, -0.000701238575857, 0.00020287935331, -0.00171351176687, -0.00156132108532, -0.00315323797986, 0.0127178821713, -0.00496095512062, 0.0015057111159, -0.00219010328874, 0.0011802224908, 0.000323856860632], [0.000460934446892, -0.00210043927655, 0.00111168611329, -0.00179969612509, 0.000494659994729, -0.000337757985108, 0.00117178517394, -0.00496095512062, 0.0129374517128, -0.00444367947057, 0.00148658396211, -0.00385710038245, 0.000521668989677], [-0.000603080145083, 0.00253207818605, -0.00100210250821, 0.00164295139257, -0.00194719119463, 0.000877618498635, -0.00282563711517, 0.0015057111159, -0.00444367947057, 0.0130731435493, -0.0053544905968, 0.00346885342151, -0.00457603810355], [0.000722972443327, -0.00220290455036, 0.00211750855669, -0.00166693388019, 0.00227611744776, -0.00213607680053, 0.00125391990878, -0.00219010328874, 0.00148658396211, -0.0053544905968, 0.01520896703, -0.00702296430245, 0.00342267239466], [-0.000607579539064, 0.00217489385977, -0.00233742361888, 0.00201388448477, -0.0020204638131, 0.000754552776925, 0.00106257526204, 0.0011802224908, -0.00385710038245, 0.00346885342151, -0.00702296430245, 0.0162689965218, -0.00596491387114], [0.000356565433322, -0.00157385389321, 0.00154603389092, -0.0017607153859, 0.000689382082783, -0.000252234051004, -0.00154041708447, 0.000323856860632, 0.000521668989677, -0.00457603810355, 0.00342267239466, -0.00596491387114, 0.01432630606]]}, "silence_rate_20dB": {"dvar": 0, "var": 0, "median": 1, "max": 1, "dmean": 0, "dmean2": 0, "mean": 1, "dvar2": 0, "min": 1}, "barkbands_skewness": {"dvar": 0.243497401476, "var": 1.64908444881, "median": 1.11128306389, "max": 17.8146915436, "dmean": 0.358435094357, "dmean2": 0.534077346325, "mean": 1.36477863789, "dvar2": 0.498818904161, "min": -4.19884872437}, "erbbands_skewness": {"dvar": 0.0874563381076, "var": 0.566353499889, "median": 0.413746744394, "max": 9.66279411316, "dmean": 0.277360409498, "dmean2": 0.415705144405, "mean": 0.469195485115, "dvar2": 0.188226282597, "min": -2.35709142685}, "spectral_contrast_valleys": {"dvar": [0.141436830163, 0.0804910212755, 0.0677207633853, 0.0681737959385, 0.0833121910691, 0.142104327679], "var": [2.52452230453, 1.79310321808, 2.02216935158, 2.2733438015, 2.73020386696, 3.14927983284], "median": [-7.67295312881, -6.58081865311, -6.93045949936, -7.46112775803, -7.79385995865, -10.2266330719], "max": [-5.13150596619, -4.66159152985, -4.69286298752, -5.55381584167, -5.76608896255, -7.90982437134], "dmean": [0.39208573103, 0.287307590246, 0.258552074432, 0.236706420779, 0.221345067024, 0.26282414794], "dmean2": [0.651439845562, 0.464321285486, 0.418180525303, 0.3785417974, 0.328511416912, 0.355877697468], "mean": [-8.11140823364, -6.91983032227, -7.3061709404, -7.9474272728, -8.34794425964, -10.7186803818], "dvar2": [0.343010365963, 0.178814128041, 0.143665879965, 0.137156695127, 0.152626723051, 0.246116712689], "min": [-27.7048625946, -27.7957344055, -27.8263244629, -27.6892642975, -27.4202766418, -27.363073349]}, "spectral_strongpeak": {"dvar": 0.501969456673, "var": 1.22827112675, "median": 0.630698204041, "max": 8.98049640656, "dmean": 0.440111279488, "dmean2": 0.7344866395, "mean": 1.03326845169, "dvar2": 1.21184003353, "min": 0}, "erbbands_crest": {"dvar": 4.09501791, "var": 15.9354658127, "median": 8.36811351776, "max": 32.6150856018, "dmean": 2.03542685509, "dmean2": 3.17663216591, "mean": 9.23542690277, "dvar2": 9.76502895355, "min": 2.21526050568}, "barkbands_crest": {"dvar": 3.87216424942, "var": 18.6079025269, "median": 8.64509677887, "max": 26.6954689026, "dmean": 1.84076941013, "dmean2": 2.89574074745, "mean": 9.73048591614, "dvar2": 9.54353523254, "min": 2.68729043007}, "spectral_energyband_middle_low": {"dvar": 3.53130526491e-05, "var": 0.000148038612679, "median": 0.0117512354627, "max": 0.0963179543614, "dmean": 0.00378648843616, "dmean2": 0.00582492770627, "mean": 0.0138429356739, "dvar2": 8.64675239427e-05, "min": 2.31704805683e-22}, "spectral_contrast_coeffs": {"dvar": [0.00150933128316, 0.00121288420632, 0.000756548251957, 0.000511333113536, 0.000355851050699, 0.000198458481464], "var": [0.0111070433632, 0.00593718886375, 0.0037090247497, 0.00267243455164, 0.0024905775208, 0.00133028731216], "median": [-0.580611824989, -0.708341836929, -0.744274973869, -0.765073180199, -0.771401286125, -0.799161911011], "max": [-0.243685215712, -0.390749007463, -0.513597369194, -0.521852731705, -0.576385974884, -0.663757205009], "dmean": [0.0432647429407, 0.0390000417829, 0.0325922034681, 0.0271169953048, 0.0213850531727, 0.014805209823], "dmean2": [0.0708743333817, 0.0618923529983, 0.0520386807621, 0.0441740192473, 0.0340492390096, 0.0235986877233], "mean": [-0.579146146774, -0.706990838051, -0.741489946842, -0.763061404228, -0.770090222359, -0.800991356373], "dvar2": [0.00379439117387, 0.0029022959061, 0.00190925807692, 0.00128891633358, 0.000827601354104, 0.00045859158854], "min": [-0.966441571712, -0.974373221397, -0.973278522491, -0.972985804081, -0.96176224947, -0.963020324707]}, "hfc": {"dvar": 35.7054862976, "var": 245.660980225, "median": 15.9939622879, "max": 116.109977722, "dmean": 3.96749377251, "dmean2": 5.84221029282, "mean": 18.6520023346, "dvar2": 79.3949279785, "min": 1.1251059229e-16}, "spectral_energyband_high": {"dvar": 2.38638250494e-07, "var": 5.35302660865e-07, "median": 0.000201274640858, "max": 0.00779011053964, "dmean": 0.000188389487448, "dmean2": 0.000268901407253, "mean": 0.000437774986494, "dvar2": 5.31108923951e-07, "min": 7.39152681844e-21}, "erbbands_spread": {"dvar": 44.8039741516, "var": 262.41809082, "median": 26.6704902649, "max": 156.457458496, "dmean": 5.0946688652, "dmean2": 7.53225278854, "mean": 29.9278316498, "dvar2": 97.3345108032, "min": 1.18469798565}, "dissonance": {"dvar": 0.000374258554075, "var": 0.00092032138491, "median": 0.460798740387, "max": 0.499999970198, "dmean": 0.0197095368057, "dmean2": 0.033070512116, "mean": 0.454650998116, "dvar2": 0.00102066609543, "min": 0.166600286961}, "spectral_kurtosis": {"dvar": 35.8781394958, "var": 215.297546387, "median": 6.0778131485, "max": 160.002731323, "dmean": 3.03954029083, "dmean2": 5.16190910339, "mean": 10.2042036057, "dvar2": 108.669639587, "min": -1.21104764938}, "spectral_skewness": {"dvar": 0.152422040701, "var": 1.04962193966, "median": 1.97592186928, "max": 9.90789699554, "dmean": 0.278168618679, "dmean2": 0.453155815601, "mean": 2.21442985535, "dvar2": 0.444445580244, "min": -0.0642813518643}, "pitch_salience": {"dvar": 0.00260579329915, "var": 0.0125981261954, "median": 0.568269252777, "max": 0.907561719418, "dmean": 0.0494366660714, "dmean2": 0.0778401345015, "mean": 0.556781888008, "dvar2": 0.00630944268778, "min": 0.0404724664986}, "spectral_complexity": {"dvar": 6.24529504776, "var": 102.936431885, "median": 20, "max": 51, "dmean": 2.33853602409, "dmean2": 3.71841096878, "mean": 18.0387039185, "dvar2": 14.0862016678, "min": 0}, "spectral_spread": {"dvar": 589478166528, "var": 4542551293950.0, "median": 3965256.25, "max": 41223336, "dmean": 490845.25, "dmean2": 688168.75, "mean": 4221229.5, "dvar2": 1017852329980.0, "min": 549312.3125}, "dynamic_complexity": 4.80148410797, "melbands_crest": {"dvar": 5.38119792938, "var": 27.383687973, "median": 11.091299057, "max": 33.6463775635, "dmean": 2.16119647026, "dmean2": 3.4421350956, "mean": 12.4325370789, "dvar2": 13.3521385193, "min": 1.96267390251}, "zerocrossingrate": {"dvar": 0.000204603085876, "var": 0.00183032790665, "median": 0.04638671875, "max": 0.54296875, "dmean": 0.00831476598978, "dmean2": 0.00932943820953, "mean": 0.0546023026109, "dvar2": 0.000182975680218, "min": 0.00341796875}, "spectral_energyband_low": {"dvar": 3.49687907146e-05, "var": 3.64104453183e-05, "median": 0.00300045032054, "max": 0.0990384593606, "dmean": 0.00181654712651, "dmean2": 0.00310692377388, "mean": 0.00435229996219, "dvar2": 9.48897650233e-05, "min": 1.24916013901e-23}, "melbands_kurtosis": {"dvar": 214.628662109, "var": 858.157165527, "median": 3.96566963196, "max": 1160.46606445, "dmean": 3.57070326805, "dmean2": 5.47512674332, "mean": 9.74421977997, "dvar2": 560.536071777, "min": -1.66369867325}, "spectral_energyband_middle_high": {"dvar": 9.14666998142e-06, "var": 5.48621137568e-05, "median": 0.00494113145396, "max": 0.0779107958078, "dmean": 0.00185120315291, "dmean2": 0.00274754688144, "mean": 0.00687984470278, "dvar2": 2.11887690966e-05, "min": 1.53398