{"tonal": {"chords_key": "A", "hpcp_entropy": {"dmean": 0.659523367882, "dmean2": 1.12087392807, "max": 4.471347332, "dvar": 0.295107722282, "mean": 1.90828406811, "dvar2": 0.796448886395, "min": 0, "var": 0.669617295265, "median": 1.92714858055}, "key_key": "A", "chords_strength": {"dmean": 0.0097637809813, "dmean2": 0.0111138764769, "max": 0.879609942436, "dvar": 0.000352760893293, "mean": 0.537173807621, "dvar2": 0.000628570560366, "min": -1, "var": 0.0353148393333, "median": 0.54603266716}, "key_scale": "minor", "chords_number_rate": 0.00156739808153, "thpcp": [1, 0.825686216354, 0.371021658182, 0.206396028399, 0.184093043208, 0.195373401046, 0.217527627945, 0.251894325018, 0.400480479002, 0.607498764992, 0.519835829735, 0.30120036006, 0.217283904552, 0.174983143806, 0.186403945088, 0.24330689013, 0.263092428446, 0.225236162543, 0.197133481503, 0.189376652241, 0.249835923314, 0.381585836411, 0.38312676549, 0.319594740868, 0.316220790148, 0.216176837683, 0.118919722736, 0.119321249425, 0.138395443559, 0.21211181581, 0.279415607452, 0.247569397092, 0.216858074069, 0.264148116112, 0.330999404192, 0.609180927277], "key_strength": 0.683350324631, "tuning_nontempered_energy_ratio": 0.802422642708, "tuning_frequency": 436.708374023, "chords_changes_rate": 0.0616509914398, "tuning_diatonic_strength": 0.572447180748, "chords_scale": "minor", "chords_histogram": [52.4381752014, 4.19714403152, 0.487634956837, 0.208986416459, 0.296064078808, 5.18982934952, 0, 9.16057109833, 0.0348310694098, 0.992685496807, 0, 0.0174155347049, 0, 0, 0.365726232529, 0.0348310694098, 6.13026809692, 1.35841166973, 8.82967567444, 0, 0.139324277639, 0.574712634087, 4.91118097305, 4.63253211975], "tuning_equal_tempered_deviation": 0.105355106294, "hpcp": {"dmean": [0.198565453291, 0.179898023605, 0.135923832655, 0.102327816188, 0.0903181061149, 0.0917383134365, 0.0975371226668, 0.108745731413, 0.135816916823, 0.151700541377, 0.148049235344, 0.116707608104, 0.0968559458852, 0.0840613991022, 0.0802155658603, 0.0906758084893, 0.101828113198, 0.0912133604288, 0.0832381919026, 0.0839174240828, 0.0966086909175, 0.119657002389, 0.11871060729, 0.117792256176, 0.0998022481799, 0.0729643031955, 0.0548512451351, 0.0556538440287, 0.0661695823073, 0.0887619554996, 0.108032368124, 0.105644233525, 0.0964757353067, 0.1096201092, 0.140647023916, 0.191196277738], "dmean2": [0.347045868635, 0.308629482985, 0.237850278616, 0.185422331095, 0.164460211992, 0.166330397129, 0.175875425339, 0.194651678205, 0.238260298967, 0.267784267664, 0.260398745537, 0.207284092903, 0.173079818487, 0.152072072029, 0.143153846264, 0.158500105143, 0.179372623563, 0.161571025848, 0.148634135723, 0.149978250265, 0.171094790101, 0.207367524505, 0.204007804394, 0.208806499839, 0.181451678276, 0.131631970406, 0.0981582701206, 0.10048776865, 0.120716258883, 0.157177954912, 0.190456852317, 0.189087420702, 0.17444743216, 0.198804214597, 0.251923531294, 0.330958008766], "max": [1, 1, 1, 1, 1, 1, 1, 1, 1, 1, 1, 1, 1, 1, 1, 1, 1, 1, 1, 1, 1, 1, 1, 1, 1, 1, 1, 1, 1, 1, 1, 1, 1, 1, 1, 1], "dvar": [0.0698600485921, 0.0525072030723, 0.0426337830722, 0.0401035286486, 0.035616107285, 0.0340215004981, 0.0350614190102, 0.0387339144945, 0.0431039109826, 0.053639691323, 0.0490343421698, 0.0375341065228, 0.0337540581822, 0.0292842239141, 0.0261424258351, 0.0289901439101, 0.0365474186838, 0.0319960787892, 0.0279629062861, 0.0280855726451, 0.0297665875405, 0.0359290130436, 0.0353538766503, 0.0346746183932, 0.0390028953552, 0.0246940571815, 0.0177126470953, 0.0191981308162, 0.0262471158057, 0.0319042615592, 0.0406678169966, 0.0394878089428, 0.0351600721478, 0.0443828888237, 0.0540545582771, 0.0565818063915], "mean": [0.392112642527, 0.323761999607, 0.145482286811, 0.080930493772, 0.0721852108836, 0.0766083821654, 0.0852953344584, 0.0987709462643, 0.157033458352, 0.238207951188, 0.203834190965, 0.118104472756, 0.085199765861, 0.0686131045222, 0.0730913430452, 0.0954037085176, 0.103161871433, 0.0883179455996, 0.0772985294461, 0.074256978929, 0.0979638248682, 0.149624630809, 0.150228843093, 0.125317141414, 0.123994171619, 0.0847656726837, 0.0466299280524, 0.0467873699963, 0.0542666055262, 0.0831717252731, 0.109562397003, 0.0970750898123, 0.0850327908993, 0.10357581079, 0.129789054394, 0.238867551088], "dvar2": [0.173446193337, 0.134348377585, 0.1144785285, 0.111706957221, 0.100016333163, 0.0952723026276, 0.096440680325, 0.104924768209, 0.117513030767, 0.136494472623, 0.130602523685, 0.101794213057, 0.0911967083812, 0.0807874947786, 0.0718237906694, 0.0746179372072, 0.0969999805093, 0.084613904357, 0.0759651586413, 0.0776966810226, 0.0826359316707, 0.0946954786777, 0.0905457064509, 0.0963410064578, 0.105468593538, 0.0683708116412, 0.0496159568429, 0.0537442080677, 0.0743224322796, 0.0862373411655, 0.101461730897, 0.107093669474, 0.0957371592522, 0.118720196187, 0.147137671709, 0.155110150576], "min": [0, 0, 0, 0, 0, 0, 0, 0, 0, 0, 0, 0, 0, 0, 0, 0, 0, 0, 0, 0, 0, 0, 0, 0, 0, 0, 0, 0, 0, 0, 0, 0, 0, 0, 0, 0], "var": [0.162474855781, 0.128177627921, 0.0490927062929, 0.0303672067821, 0.0266624093056, 0.0272163785994, 0.031367123127, 0.0382374227047, 0.0553361400962, 0.115780435503, 0.0869865566492, 0.0411435030401, 0.0299485549331, 0.0231713354588, 0.0227846559137, 0.0338114723563, 0.0401027612388, 0.0331301242113, 0.027988659218, 0.0265395063907, 0.0298769567162, 0.0482397861779, 0.0479272566736, 0.0381724350154, 0.0682738497853, 0.0392904244363, 0.0131090926006, 0.0146145159379, 0.0186914335936, 0.029106805101, 0.0456303171813, 0.0363552644849, 0.0321592092514, 0.049172822386, 0.0576756075025, 0.0847994834185], "median": [0.18449640274, 0.141506075859, 0.0440031215549, 0.0173751860857, 0.0143487956375, 0.0163413584232, 0.0186407007277, 0.0220034904778, 0.0419500358403, 0.0516413040459, 0.0490272417665, 0.0319175198674, 0.021235557273, 0.0143673960119, 0.0172739177942, 0.0239056795835, 0.025345697999, 0.0202105045319, 0.0152405705303, 0.0141878724098, 0.0313593670726, 0.0616212040186, 0.059717476368, 0.0401740334928, 0.0168527327478, 0.010992962867, 0.0107613448054, 0.00964424386621, 0.0126804625615, 0.0213410593569, 0.0284131132066, 0.0244903042912, 0.0161256454885, 0.0148500930518, 0.0239193364978, 0.103096745908]}}, "lowlevel": {"melbands_flatness_db": {"dmean": 0.027762349695, "dmean2": 0.040104739368, "max": 0.503804981709, "dvar": 0.000856232247315, "mean": 0.186759769917, "dvar2": 0.00161949195899, "min": 0.00251956004649, "var": 0.00467054685578, "median": 0.18483749032}, "melbands_crest": {"dmean": 3.25584793091, "dmean2": 5.25732707977, "max": 36.6871833801, "dvar": 9.9384393692, "mean": 15.6359624863, "dvar2": 23.8193626404, "min": 1.45925438404, "var": 30.0348854065, "median": 15.37637043}, "spectral_entropy": {"dmean": 0.143662333488, "dmean2": 0.204802766442, "max": 9.83077907562, "dvar": 0.0279782526195, "mean": 7.75613260269, "dvar2": 0.0525198280811, "min": 5.77826976776, "var": 0.18780490756, "median": 7.75630044937}, "melbands": {"dmean": [0.000638071389403, 0.00107567559462, 0.00053793459665, 0.000182638075785, 9.36172436923e-05, 6.33353920421e-05, 0.000121125340229, 0.00023817710462, 0.000198195921257, 0.000125043094158, 0.000126948827528, 0.000126034297864, 6.21660074103e-05, 4.70683044114e-05, 3.57024509867e-05, 2.23663500947e-05, 2.46912895818e-05, 2.36135983869e-05, 1.62154246937e-05, 1.65923029272e-05, 1.16880237329e-05, 1.18766611195e-05, 1.23873987832e-05, 7.52532150727e-06, 6.73606473356e-06, 1.01518326119e-05, 8.09068569652e-06, 6.90190427122e-06, 4.14024361817e-06, 3.02329453916e-06, 2.6298598641e-06, 2.96470784633e-06, 3.22198502545e-06, 2.798404239e-06, 2.00281829166e-06, 1.52044037804e-06, 9.80652202998e-07, 6.00741259404e-07, 4.22052607973e-07, 2.7999857366e-07], "dmean2": [0.0010669779731, 0.00179439107887, 0.000916038814466, 0.000307434471324, 0.000156764755957, 0.00010249936895, 0.000189706552192, 0.000370964145986, 0.000308528600726, 0.000191760089365, 0.000196524240891, 0.000198070949409, 0.000101182245999, 7.76191227487e-05, 5.76847196498e-05, 3.52071983798e-05, 3.8594884245e-05, 3.75299423467e-05, 2.58456875599e-05, 2.59599491983e-05, 1.77257279574e-05, 1.83524116437e-05, 1.87703426491e-05, 1.17551298899e-05, 1.06034131022e-05, 1.57557460625e-05, 1.22014143926e-05, 1.06120905912e-05, 6.34906109553e-06, 4.66931942356e-06, 3.98591419071e-06, 4.47794491265e-06, 4.74744956591e-06, 4.1908001549e-06, 2.95293511954e-06, 2.27490340876e-06, 1.43921840845e-06, 8.67999460752e-07, 6.16547652044e-07, 4.02697708068e-07], "max": [0.0153928222135, 0.0261859912425, 0.015124659054, 0.00471386918798, 0.00336930761114, 0.00575796235353, 0.0085918745026, 0.0151971606538, 0.0152294524014, 0.0114059336483, 0.0151354465634, 0.0170002728701, 0.00330695672892, 0.00335325417109, 0.00352108338848, 0.00305372779258, 0.0016287646722, 0.0016969392309, 0.000903635984287, 0.0016875610454, 0.000644487212412, 0.0012451648945, 0.000885390560143, 0.00069920765236, 0.000389217108022, 0.00240343413316, 0.00129365513567, 0.000568040413782, 0.000762922281865, 0.000309303984977, 0.000229533063248, 0.000346974964486, 0.000361248123227, 0.000628886336926, 0.000168395126821, 0.00021542426839, 0.000162029158673, 7.16633803677e-05, 6.31352959317e-05, 5.23928538314e-05], "dvar": [1.49109621361e-06, 4.01739362133e-06, 1.34129629714e-06, 1.16914300463e-07, 4.53959181357e-08, 2.67623931904e-08, 8.26536776799e-08, 3.93188997805e-07, 3.13542784625e-07, 1.38048719123e-07, 2.02451147402e-07, 1.84700553518e-07, 2.5105030943e-08, 1.41389895347e-08, 6.99639368662e-09, 2.96078961348e-09, 3.82744591576e-09, 3.45961415071e-09, 1.32706401423e-09, 2.24513985181e-09, 6.79196698883e-10, 1.07857867082e-09, 1.05041531029e-09, 2.79605422149e-10, 1.928312926e-10, 1.41551470545e-09, 5.85176129775e-10, 4.44509540287e-10, 1.38407715844e-10, 4.92411701691e-11, 4.38909880662e-11, 8.10989816968e-11, 9.50755377205e-11, 9.51251993841e-11, 2.75218424439e-11, 2.28719005541e-11, 1.00217065549e-11, 3.14546262301e-12, 2.28437125986e-12, 1.10717088709e-12], "mean": [0.00119031674694, 0.00238612759858, 0.00104047276545, 0.00026944160345, 0.000134092129883, 8.86540146894e-05, 0.000169511869899, 0.000324614316924, 0.000305509398459, 0.000200608352316, 0.000223411640036, 0.000223886760068, 8.89118891791e-05, 6.69434011797e-05, 5.36853622179e-05, 3.23796557495e-05, 3.72436152247e-05, 3.64606894436e-05, 2.57001192949e-05, 2.76657174254e-05, 1.97509525606e-05, 1.88310295925e-05, 2.01386901608e-05, 1.27369658003e-05, 1.14878566819e-05, 1.70340772456e-05, 1.36892303999e-05, 1.07523919723e-05, 6.57886403133e-06, 5.12851556778e-06, 4.34980256614e-06, 4.67641757496e-06, 5.29692215423e-06, 4.68338248538e-06, 3.45860394191e-06, 2.5485619517e-06, 1.59494777563e-06, 9.64459786701e-07, 6.85501504449e-07, 4.56960520978e-07], "dvar2": [4.0582449401e-06, 1.06025072455e-05, 3.68557311958e-06, 3.06867974587e-07, 1.1694501012e-07, 5.99262506285e-08, 1.91808283034e-07, 8.71885220022e-07, 7.34631441901e-07, 2.99514852031e-07, 4.84408872126e-07, 4.29388876455e-07, 6.38766053385e-08, 3.63760577216e-08, 1.61095528028e-08, 6.75910749592e-09, 9.26817467217e-09, 7.99138977214e-09, 3.20691961875e-09, 5.51055112652e-09, 1.49939727301e-09, 2.60036614463e-09, 2.20573115328e-09, 6.59949539461e-10, 4.56941040561e-10, 3.06347436307e-09, 1.15419040991e-09, 1.04247666055e-09, 2.95306168407e-10, 1.12047843226e-10, 9.38612104706e-11, 1.87509882621e-10, 2.08223563392e-10, 2.17394005575e-10, 5.72045466551e-11, 4.92028744137e-11, 1.99164591069e-11, 6.04466606977e-12, 4.47179706459e-12, 2.09108837017e-12], "min": [1.30002827649e-24, 1.37763660956e-24, 9.24938622511e-25, 1.36128204388e-24, 7.33933309251e-25, 1.22412970082e-24, 1.73385533017e-24, 9.12822310652e-25, 2.27316797663e-24, 1.53484514948e-24, 2.47620953237e-24, 2.45479314208e-24, 2.10360232506e-24, 2.4925129207e-24, 1.90891184808e-24, 3.15453860021e-24, 1.98225855732e-24, 3.49476425066e-24, 2.96672008779e-24, 3.42639170385e-24, 2.87186390268e-24, 3.9962573276e-24, 3.79597816554e-24, 4.15390644634e-24, 4.16229400992e-24, 3.53671232372e-24, 4.54282986098e-24, 3.94676813871e-24, 4.81819595944e-24, 4.68938877868e-24, 3.82633550533e-24, 4.56372126433e-24, 4.56013273607e-24, 4.00843812884e-24, 4.60813689431e-24, 5.84937994639e-24, 5.54732707793e-24, 4.50662706188e-24, 5.52613827402e-24, 5.67523416839e-24], "var": [2.40473013946e-06, 6.53018969388e-06, 1.91644176084e-06, 1.37667228728e-07, 5.68706042259e-08, 4.47734507247e-08, 1.43297100408e-07, 8.2041594851e-07, 7.6137536098e-07, 3.51557048361e-07, 6.82237043748e-07, 6.91481943704e-07, 4.44230501273e-08, 2.0421726532e-08, 1.2997961818e-08, 4.30290203468e-09, 7.36321226213e-09, 6.79851108742e-09, 2.56304599766e-09, 5.77716408046e-09, 1.75521153167e-09, 1.85427229127e-09, 2.1870183442e-09, 5.6582899477e-10, 3.57778945359e-10, 2.28460894647e-09, 1.16118525906e-09, 6.8923672325e-10, 2.85418744195e-10, 1.04641573184e-10, 8.93113361045e-11, 1.35712288629e-10, 1.81402462496e-10, 1.34710992361e-10, 5.50292901524e-11, 3.9305017574e-11, 1.95154222643e-11, 6.04657036246e-12, 4.7393521399e-12, 2.59519901229e-12], "median": [0.000559536041692, 0.00175132381264, 0.000624147709459, 0.00015178132162, 5.92733194935e-05, 3.52358947566e-05, 4.91951905133e-05, 5.38703425264e-05, 5.93500153627e-05, 4.29029678344e-05, 3.68875698769e-05, 2.52370227827e-05, 2.1543524781e-05, 2.11341830436e-05, 2.02382943826e-05, 1.39176818266e-05, 1.11044482765e-05, 1.10983346531e-05, 8.56675615069e-06, 5.75357262278e-06, 5.0957496569e-06, 5.90372837905e-06, 5.88087095821e-06, 5.22544723935e-06, 5.12390579388e-06, 7.65011100157e-06, 5.00977557749e-06, 3.14791486744e-06, 2.32919137488e-06, 1.8907762751e-06, 1.51768995238e-06, 1.54268207098e-06, 1.76913499672e-06, 1.6280738464e-06, 1.1876248891e-06, 8.901010915e-07, 5.28400221356e-07, 2.9876514418e-07, 1.90334631611e-07, 1.16369577086e-07]}, "silence_rate_60dB": {"dmean": 0.0221235081553, "dmean2": 0.0442508719862, "max": 1, "dvar": 0.021633580327, "mean": 0.165040940046, "dvar2": 0.0478653535247, "min": 0, "var": 0.137796729803, "median": 0}, "spectral_energyband_middle_high": {"dmean": 0.00220791855827, "dmean2": 0.00327167101204, "max": 0.106504671276, "dvar": 1.59996598086e-05, "mean": 0.0056025236845, "dvar2": 3.57130702469e-05, "min": 1.07335045142e-21, "var": 7.10382373654e-05, "median": 0.00294847483747}, "erbbands_skewness": {"dmean": 0.385931581259, "dmean2": 0.58653485775, "max": 6.09847784042, "dvar": 0.152167439461, "mean": 0.27097505331, "dvar2": 0.322594225407, "min": -3.79124760628, "var": 0.745105624199, "median": 0.178627669811}, "dynamic_complexity": 5.02425146103, "dissonance": {"dmean": 0.0181593615562, "dmean2": 0.0305842384696, "max": 0.499999970198, "dvar": 0.000323658809066, "mean": 0.465691536665, "dvar2": 0.000880724634044, "min": 0.282834768295, "var": 0.000750556238927, "median": 0.472894966602}, "spectral_skewness": {"dmean": 0.165406629443, "dmean2": 0.255321770906, "max": 3.49318575859, "dvar": 0.029215939343, "mean": 1.20613372326, "dvar2": 0.0650765001774, "min": -0.499097406864, "var": 0.134227007627, "median": 1.18742358685}, "spectral_kurtosis": {"dmean": 0.953178584576, "dmean2": 1.5843372345, "max": 19.1632518768, "dvar": 1.23612689972, "mean": 2.71752500534, "dvar2": 3.28712749481, "min": -1.28655052185, "var": 3.17236495018, "median": 2.3639113903}, "gfcc": {"cov": [[33375.375, 2033.91967773, -3121.89599609, 1329.36193848, -1456.30053711, 665.308959961, -365.177154541, 357.564971924, -210.636856079, -218.661224365, -335.448120117, -311.130004883, -325.812561035], [2033.91967773, 1017.07092285, -157.27822876, 60.3402252197, 47.77186203, -31.9124259949, 116.701858521, -13.7280836105, 21.0661525726, -81.6337966919, 57.6685943604, -99.816619873, -39.8667678833], [-3121.89599609, -157.27822876, 855.963317871, 16.0951080322, 262.402954102, 0.755734622478, -4.4749341011, -65.7547607422, -25.4594593048, 64.5795822144, 2.56626677513, 9.77484035492, 24.4894752502], [1329.36193848, 60.3402252197, 16.0951080322, 302.796356201, 59.7746696472, 55.397228241, -49.9614944458, -4.65548563004, 15.2476997375, 0.474417388439, -19.9624423981, -25.4700508118, -8.7572221756], [-1456.30053711, 47.77186203, 262.402954102, 59.7746696472, 428.899017334, 33.3043937683, -0.272294312716, -34.9468078613, 15.0814580917, 13.2929811478, -19.3369541168, -8.45043849945, 26.1076507568], [665.308959961, -31.9124259949, 0.755734622478, 55.397228241, 33.3043937683, 154.975296021, 42.0794029236, 19.5536460876, -22.1923980713, -9.13096523285, -22.0212955475, 4.23352003098, 2.91309952736], [-365.177154541, 116.701858521, -4.4749341011, -49.9614944458, -0.272294312716, 42.0794029236, 213.696777344, 53.8185005188, -6.79843187332, -48.417842865, 34.2811126709, -13.2066698074, 3.27992677689], [357.564971924, -13.7280836105, -65.7547607422, -4.65548563004, -34.9468078613, 19.5536460876, 53.8185005188, 110.32636261, 31.6534881592, -4.9409365654, 5.24555253983, -2.33522033691, 0.602001309395], [-210.636856079, 21.0661525726, -25.4594593048, 15.2476997375, 15.0814580917, -22.1923980713, -6.79843187332, 31.6534881592, 134.733062744, 32.3180084229, 11.4432296753, 1.52170014381, 4.45990133286], [-218.661224365, -81.6337966919, 64.5795822144, 0.474417388439, 13.2929811478, -9.13096523285, -48.417842865, -4.9409365654, 32.3180084229, 115.041908264, 20.595161438, 13.1033401489, 1.93361198902], [-335.448120117, 57.6685943604, 2.56626677513, -19.9624423981, -19.3369541168, -22.0212955475, 34.2811126709, 5.24555253983, 11.4432296753, 20.595161438, 102.017028809, 33.4840240479, 5.01432752609], [-311.130004883, -99.816619873, 9.77484035492, -25.4700508118, -8.45043849945, 4.23352003098, -13.2066698074, -2.33522033691, 1.52170014381, 13.1033401489, 33.4840240479, 105.614524841, 35.9350166321], [-325.812561035, -39.8667678833, 24.4894752502, -8.7572221756, 26.1076507568, 2.91309952736, 3.27992677689, 0.602001309395, 4.45990133286, 1.93361198902, 5.01432752609, 35.9350166321, 70.5377120972]], "mean": [-42.9032402039, 83.2744979858, -117.073997498, 44.1156959534, -57.7323760986, 23.7264080048, -23.38580513, 11.432349205, -18.0838794708, -1.34961402416, -15.4119653702, -4.43413496017, -18.5179347992], "icov": [[0.000162127034855, -0.000409165222663, 0.000386900181184, -0.000551931443624, 0.000443355034804, -0.000618546677288, 0.000480941089336, -0.000536134175491, 0.00048281281488, -0.000331371236825, 0.000520191621035, -0.000162390890182, 0.000182729883818], [-0.000409165222663, 0.00249903602526, -0.000630519818515, 0.00104296638165, -0.00146757252514, 0.00191567093134, -0.00187256617937, 0.00210430030711, -0.00156640086789, 0.00167651288211, -0.00263147684745, 0.00183168367948, -0.000288936222205], [0.000386900181184, -0.000630519818515, 0.0026050307788, -0.00146124244202, 6.064617628e-05, -0.00108267948963, 0.000521088775713, -0.000485492055304, 0.00162003294099, -0.00169887545053, 0.00112459273078, -0.000227353462833, 0.000327091780491], [-0.000551931443624, 0.00104296638165, -0.00146124244202, 0.00614205608144, -0.00183167960495, -9.67393789324e-05, 0.000362962047802, 0.0014788020635, -0.00237037125044, 0.00181245524436, -0.00235242606141, 0.00167970114853, -0.000625897489954], [0.000443355034804, -0.00146757252514, 6.064617628e-05, -0.00183167960495, 0.00448912009597, -0.00242282636464, 0.00125813228078, -0.000722295662854, 0.000540571229067, -0.000926846056245, 0.00211684941314, -0.000267676776275, -0.000666748266667], [-0.000618546677288, 0.00191567093134, -0.00108267948963, -9.67393789324e-05, -0.00242282636464, 0.0114721404389, -0.00495280977339, 0.00108049530536, 0.000158379625645, -0.000112634057587, 0.00100529904012, -0.00145588454325, -0.000103130550997], [0.000480941089336, -0.00187256617937, 0.000521088775713, 0.000362962047802, 0.00125813228078, -0.00495280977339, 0.0100727397949, -0.00524982484058, 0.00147092796396, 0.00260806689039, -0.00248934188858, 0.0017572643701, -0.000540187582374], [-0.000536134175491, 0.00210430030711, -0.000485492055304, 0.0014788020635, -0.000722295662854, 0.00108049530536, -0.00524982484058, 0.0145213799551, -0.00491273077205, 0.000859385938384, -0.00146974169184, 0.00105580675881, -0.000738371629268], [0.00048281281488, -0.00156640086789, 0.00162003294099, -0.00237037125044, 0.000540571229067, 0.000158379625645, 0.00147092796396, -0.00491273077205, 0.0110231274739, -0.00404227338731, 0.00172879046295, -0.000868992879987, -1.13597197924e-05], [-0.000331371236825, 0.00167651288211, -0.00169887545053, 0.00181245524436, -0.000926846056245, -0.000112634057587, 0.00260806689039, 0.000859385938384, -0.00404227338731, 0.0133714918047, -0.00555147137493, 0.00167842057999, -0.000120519427583], [0.000520191621035, -0.00263147684745, 0.00112459273078, -0.00235242606141, 0.00211684941314, 0.00100529904012, -0.00248934188858, -0.00146974169184, 0.00172879046295, -0.00555147137493, 0.0172855183482, -0.00737392483279, 0.00210697576404], [-0.000162390890182, 0.00183168367948, -0.000227353462833, 0.00167970114853, -0.000267676776275, -0.00145588454325, 0.0017572643701, 0.00105580675881, -0.000868992879987, 0.00167842057999, -0.00737392483279, 0.0159313548356, -0.00694190617651], [0.000182729883818, -0.000288936222205, 0.000327091780491, -0.000625897489954, -0.000666748266667, -0.000103130550997, -0.000540187582374, -0.000738371629268, -1.13597197924e-05, -0.000120519427583, 0.00210697576404, -0.00694190617651, 0.0183394867927]]}, "spectral_complexity": {"dmean": 3.97143101692, "dmean2": 5.60766553879, "max": 61, "dvar": 26.8535251617, "mean": 16.938337326, "dvar2": 44.8137283325, "min": 0, "var": 137.962509155, "median": 15}, "spectral_flux": {"dmean": 0.0225585140288, "dmean2": 0.0344344824553, "max": 0.341333091259, "dvar": 0.000683691643644, "mean": 0.0742498338223, "dvar2": 0.00135716830846, "min": 6.25557800005e-11, "var": 0.00236134044826, "median": 0.066691160202}, "spectral_energyband_low": {"dmean": 0.00452514598146, "dmean2": 0.00740439863876, "max": 0.09544660151, "dvar": 6.51869195281e-05, "mean": 0.0109997903928, "dvar2": 0.000166777550476, "min": 1.35888201346e-23, "var": 0.000120012766274, "median": 0.00888371933252}, "spectral_decrease": {"dmean": 1.92598426096e-09, "dmean2": 3.01284042159e-09, "max": 3.27945996669e-20, "dvar": 7.50116578939e-18, "mean": -5.93604987387e-09, "dvar2": 1.74444053207e-17, "min": -3.52440387985e-08, "var": 2.45286861434e-17, "median": -5.22148457804e-09}, "barkbands_spread": {"dmean": 6.61959314346, "dmean2": 9.70223999023, "max": 107.713142395, "dvar": 48.8000602722, "mean": 26.4283847809, "dvar2": 98.5244750977, "min": 0.819057583809, "var": 211.86807251, "median": 24.4528770447}, "spectral_rms": {"dmean": 0.000723346252926, "dmean2": 0.00109219213482, "max": 0.0117696952075, "dvar": 7.3261713851e-07, "mean": 0.00430634059012, "dvar2": 1.57359943387e-06, "min": 3.11594500202e-12, "var": 5.0346907301e-06, "median": 0.00454364763573}, "spectral_centroid": {"dmean": 306.897399902, "dmean2": 451.062469482, "max": 11674.6601562, "dvar": 100190.195312, "mean": 1709.12780762, "dvar2": 198072.234375, "min": 147.685546875, "var": 1695361.25, "median": 1525.9050293}, "barkbands_skewness": {"dmean": 0.557581484318, "dmean2": 0.834714472294, "max": 11.8095197678, "dvar": 0.382335066795, "mean": 1.4964299202, "dvar2": 0.803503096104, "min": -2.18847751617, "var": 1.71412062645, "median": 1.26204442978}, "spectral_rolloff": {"dmean": 575.817260742, "dmean2": 911.337219238, "max": 19681.3476562, "dvar": 773060.9375, "mean": 1848.07763672, "dvar2": 1564616.875, "min": 21.533203125, "var": 6570335, "median": 1119.7265625}, "erbbands_spread": {"dmean": 8.34890270233, "dmean2": 12.811419487, "max": 151.328186035, "dvar": 70.1485061646, "mean": 41.187587738, "dvar2": 156.945388794, "min": 3.07181549072, "var": 287.580230713, "median": 39.7734680176}, "barkbands": {"dmean": [5.93185250182e-05, 0.00269724242389, 0.00233178725466, 0.00106533721555, 0.000761471688747, 0.000321868341416, 0.000731296429876, 0.00120983459055, 0.000933790171985, 0.00106923351996, 0.000455845933175, 0.000382858910598, 0.000263398920652, 0.000252617173828, 0.000255764520261, 0.000211143313209, 0.000217933920794, 0.000173331616679, 0.000217886728933, 0.000212448227103, 0.000114481110359, 0.000147860555444, 0.000117844589113, 6.15997705609e-05, 2.43028225668e-05, 5.65337404623e-06, 8.09521793599e-07], "dmean2": [9.13503827178e-05, 0.0045374869369, 0.00392343942076, 0.0018395568477, 0.00128179101739, 0.000522122776601, 0.00116662331857, 0.00186952203512, 0.00144590833224, 0.0016859928146, 0.000749822531361, 0.000629657821264, 0.000415779999457, 0.000393900001654, 0.000409516564105, 0.000326965411659, 0.0003338776296, 0.000269453477813, 0.00033287104452, 0.00032001856016, 0.00017261877656, 0.000215632055188, 0.000169239734532, 8.71675947565e-05, 3.42711900885e-05, 7.79156107455e-06, 1.23350685044e-06], "max": [0.00252641411498, 0.0584580749273, 0.0696090757847, 0.0366720631719, 0.0170602742583, 0.0246558822691, 0.0456308014691, 0.0564169101417, 0.0671266540885, 0.102924481034, 0.0404270924628, 0.0382427945733, 0.0339136980474, 0.014921634458, 0.0140964146703, 0.0192895103246, 0.0161575041711, 0.00957557279617, 0.0419755727053, 0.0271673388779, 0.013371870853, 0.0193097479641, 0.0142738344148, 0.00993362814188, 0.00340326107107, 0.000389040855225, 5.99907471042e-05], "dvar": [1.87263715645e-08, 2.71140361292e-05, 2.09212066693e-05, 5.41762392459e-06, 2.11510155168e-06, 6.48717616514e-07, 3.13820737574e-06, 8.48319086799e-06, 7.42134352549e-06, 1.16062574307e-05, 1.56917872118e-06, 1.01684179299e-06, 3.71659268694e-07, 3.99383623062e-07, 3.14584895023e-07, 2.99050356034e-07, 3.07150003209e-07, 1.39193886639e-07, 4.54125171245e-07, 3.76844042194e-07, 7.24761406445e-08, 2.03686980171e-07, 1.04605597073e-07, 3.74948783133e-08, 7.10555525529e-09, 2.04752506616e-10, 4.62382172481e-12], "mean": [7.58983806008e-05, 0.00491872476414, 0.00497813196853, 0.00164078373928, 0.00109835993499, 0.000449335668236, 0.000965311191976, 0.00170871382579, 0.00147332262713, 0.00194671389181, 0.000626385561191, 0.00054133462254, 0.00038320638123, 0.000382322788937, 0.000398326694267, 0.000358771794708, 0.000354315969162, 0.000291882577585, 0.000388297310565, 0.000356551696314, 0.000204172247322, 0.000252454658039, 0.000216261309106, 0.000105608392914, 4.16437505919e-05, 1.05984345282e-05, 1.31940805659e-06], "dvar2": [4.41212044677e-08, 7.4262774433e-05, 5.76726233703e-05, 1.49200341184e-05, 5.62282548344e-06, 1.46924867295e-06, 7.53294307287e-06, 1.84295531653e-05, 1.68568712979e-05, 2.81788634311e-05, 3.75458967028e-06, 2.60187084677e-06, 7.73328224568e-07, 9.59744966167e-07, 7.61172714192e-07, 7.23331254449e-07, 7.06521234406e-07, 3.22087743143e-07, 9.04394880763e-07, 8.44140060963e-07, 1.55990505846e-07, 4.42241599785e-07, 2.11089243862e-07, 7.12242567147e-08, 1.3504486418e-08, 3.99390104322e-10, 1.05797957201e-11], "min": [5.64995393739e-25, 1.94811961557e-24, 9.3432537703e-25, 1.05855972833e-24, 8.10084971218e-24, 5.9925881774e-24, 5.32156021445e-24, 3.69013906447e-24, 8.57411813479e-24, 6.90947489665e-24, 1.73059264091e-23, 2.3606604213e-23, 3.21507330117e-23, 2.74125977566e-23, 3.60070195934e-23, 5.5230644775e-23, 6.10234965266e-23, 9.75476365315e-23, 1.1726971452e-22, 1.35614693804e-22, 2.19438738048e-22, 2.88984362043e-22, 3.46453522699e-22, 5.80987448645e-22, 8.15708631238e-22, 1.2840992492e-21, 1.81701146955e-21], "var": [2.32622738849e-08, 3.92791444028e-05, 3.62776481779e-05, 6.28199904895e-06, 2.44878924605e-06, 9.98757741399e-07, 5.18385832038e-06, 1.82820913324e-05, 1.91398612515e-05, 4.24566133006e-05, 2.66918436864e-06, 1.4847357761e-06, 6.09452570188e-07, 7.62916897656e-07, 5.87041881772e-07, 7.91583545379e-07, 6.2372106413e-07, 2.68537121428e-07, 8.29772886846e-07, 6.55167639252e-07, 1.71791128878e-07, 3.84070432347e-07, 2.09144047858e-07, 7.55708668976e-08, 1.58233479652e-08, 5.26841625881e-10, 1.15608269485e-11], "median": [8.87604255695e-06, 0.00260864989832, 0.00308871688321, 0.000628829468042, 0.000584197579883, 0.000184109070688, 0.000247084215516, 0.000266647897661, 0.000300174520817, 0.000260792556219, 0.000124547048472, 0.000157356320415, 0.000167064048583, 0.000116503877507, 0.00013086652325, 7.65559161664e-05, 0.000109512548079, 0.000118486364954, 0.000185407843674, 0.000117229821626, 7.76647502789e-05, 8.83351167431e-05, 7.97673637862e-05, 3.61604033969e-05, 1.08449685285e-05, 2.49596178037e-06, 1.85105051287e-07]}, "melbands_kurtosis": {"dmean": 7.93256235123, "dmean2": 12.4834766388, "max": 441.002166748, "dvar": 226.264648438, "mean": 14.7479219437, "dvar2": 533.649719238, "min": -1.66864657402, "var": 484.812133789, "median": 7.26419496536}, "erbbands_crest": {"dmean": 3.00555729866, "dmean2": 4.80871200562, "max": 32.259349823, "dvar": 8.38836765289, "mean": 9.69449234009, "dvar2": 19.4555168152, "min": 2.15655493736, "var": 30.3592281342, "median": 8.05197715759}, "melbands_skewness": {"dmean": 0.787202358246, "dmean2": 1.20695245266, "max": 18.0091457367, "dvar": 0.753411531448, "mean": 2.76408529282, "dvar2": 1.68389689922, "min": -0.970762133598, "var": 3.06190061569, "median": 2.38985395432}, "spectral_energyband_middle_low": {"dmean": 0.00377218145877, "dmean2": 0.00594732165337, "max": 0.084305241704, "dvar": 3.57070202881e-05, "mean": 0.0078657604754, "dvar2": 8.49569842103e-05, "min": 1.59960455952e-22, "var": 9.04882326722e-05, "median": 0.00475014839321}, "spectral_contrast_coeffs": {"dmean": [0.049684394151, 0.0505823716521, 0.0405380018055, 0.0308616384864, 0.0232703648508, 0.0175061188638], "dmean2": [0.0808805376291, 0.0816455855966, 0.065180696547, 0.0499503575265, 0.0366922281682, 0.0268843453377], "max": [-0.318060398102, -0.350357443094, -0.422074019909, -0.55789899826, -0.581331372261, -0.431836277246], "dvar": [0.00187360250857, 0.00177324027754, 0.0011594381649, 0.000639709818643, 0.000402949313866, 0.000277077720966], "mean": [-0.663565099239, -0.73787021637, -0.762789905071, -0.785190761089, -0.790148079395, -0.753868758678], "dvar2": [0.00492693483829, 0.00441056117415, 0.00281527987681, 0.00157987698913, 0.000918708916288, 0.000590327545069], "min": [-0.98046463728, -0.980138778687, -0.983684659004, -0.972367346287, -0.972161769867, -0.966454863548], "var": [0.0101575432345, 0.00786221306771, 0.00777112832293, 0.00360123929568, 0.00282866344787, 0.00258758524433], "median": [-0.668749332428, -0.746589303017, -0.779220700264, -0.788081884384, -0.792871117592, -0.747064173222]}, "spectral_contrast_valleys": {"dmean": [0.433753371239, 0.44094517827, 0.35620418191, 0.307394176722, 0.26877245307, 0.27297437191], "dmean2": [0.676086544991, 0.697648644447, 0.555853068829, 0.461025893688, 0.37578228116, 0.340654462576], "max": [-5.35616016388, -4.75578260422, -5.19503450394, -5.62053394318, -5.50453329086, -7.43620061874], "dvar": [0.153556212783, 0.183843925595, 0.120911709964, 0.104331947863, 0.105958156288, 0.114251919091], "mean": [-7.8453707695, -7.56197214127, -7.89065980911, -8.24656772614, -8.00360202789, -10.4655780792], "dvar2": [0.326945960522, 0.404471546412, 0.242942839861, 0.192665487528, 0.177007570863, 0.167740568519], "min": [-28.0777664185, -28.0689182281, -28.0741424561, -27.6613140106, -27.5881118774, -27.4073143005], "var": [7.23992395401, 7.28005743027, 7.02248001099, 6.82596683502, 7.00236368179, 5.56819725037], "median": [-7.28616857529, -7.05701065063, -7.37773799896, -7.74066734314, -7.47063446045, -10.0084762573]}, "silence_rate_20dB": {"dmean": 0, "dmean2": 0, "max": 1, "dvar": 0, "mean": 1, "dvar2": 0, "min": 1, "var": 0, "median": 1}, "silence_rate_30dB": {"dmean": 0.00139360688627, "dmean2": 0.00278745638207, "max": 1, "dvar": 0.00139163853601, "mean": 0.999129056931, "dvar2": 0.00382487825118, "min": 0, "var": 0.00087016163161, "median": 1}, "spectral_strongpeak": {"dmean": 0.455100119114, "dmean2": 0.766904652119, "max": 24.684387207, "dvar": 0.803835451603, "mean": 0.815895617008, "dvar2": 1.95124673843, "min": 0, "var": 1.78142225742, "median": 0.349154680967}, "spectral_spread": {"dmean": 412772.59375, "dmean2": 610454.1875, "max": 44404428, "dvar": 402766004224, "mean": 5280823, "dvar2": 854186524672, "min": 2203734.25, "var": 19286563225600.0, "median": 4670288.5}, "barkbands_flatness_db": {"dmean": 0.0215664263815, "dmean2": 0.0314030833542, "max": 0.368280351162, "dvar": 0.000518104759976, "mean": 0.126137271523, "dvar2": 0.00102204177529, "min": 0.0168049819767, "var": 0.00235657417215, "median": 0.121870294213}, "pitch_salience": {"dmean": 0.0716046392918, "dmean2": 0.115910291672, "max": 0.971257984638, "dvar": 0.00471582449973, "mean": 0.502811193466, "dvar2": 0.012076003477, "min": 0.112512022257, "var": 0.0129213267937, "median": 0.496456503868}, "erbbands_kurtosis": {"dmean": 1.0408731699, "dmean2": 1.64031624794, "max": 42.1156387329, "dvar": 3.16945075989, "mean": 0.593911230564, "dvar2": 7.29224872589, "min": -1.70796895027, "var": 6.60919046402, "median": -0.190230965614}, "average_loudness": 0.695010244846, "barkbands_crest": {"dmean": 2.56745767593, "dmean2": 4.10206651688, "max": 25.8749713898, "dvar": 5.87839078903, "mean": 10.3803911209, "dvar2": 14.4815626144, "min": 1.81596541405, "var": 16.6022224426, "median": 9.89599609375}, "hfc": {"dmean": 6.6692905426, "dmean2": 9.22555351257, "max": 287.099914551, "dvar": 124.910949707, "mean": 19.4548778534, "dvar2": 227.500045776, "min": 1.07781124272e-16, "var": 465.656768799, "median": 12.5059394836}, "barkbands_kurtosis": {"dmean": 3.16145396233, "dmean2": 4.87631464005, "max": 214.985931396, "dvar": 54.3422546387, "mean": 4.26456928253, "dvar2": 122.537063599, "min": -1.93916118145, "var": 104.174827576, "median": 1.3302052021}, "erbbands": {"dmean": [0.059804212302, 0.688006341457, 2.39407205582, 3.35155463219, 2.54903149605, 2.82012748718, 2.42422223091, 2.82227420807, 7.52555036545, 20.8825931549, 23.3759994507, 20.8640670776, 24.3532676697, 28.9171695709, 19.073091507, 15.0538825989, 11.9238166809, 12.026350975, 13.7391452789, 10.8265733719, 10.0198087692, 10.934170723, 9.52041053772, 8.14381217957, 12.4902524948, 10.0433597565, 5.59215259552, 4.44709730148, 5.21473884583, 5.03899765015, 3.13174653053, 1.77963268757, 0.779245555401, 0.362990528345, 0.125689655542, 0.0357188917696, 0.0087444903329, 0.00182319269516, 0.000104516664578, 1.05112985693e-05], "dmean2": [0.0978667289019, 1.16322183609, 4.01374959946, 5.74155235291, 4.32056808472, 4.81084680557, 4.00071334839, 4.59314775467, 11.7255115509, 32.8347206116, 36.0489349365, 32.091053009, 37.8143768311, 45.1951370239, 30.9669914246, 24.6821918488, 18.6434326172, 18.7145423889, 21.6846694946, 17.3131408691, 15.1062355042, 16.457775116, 14.4708461761, 12.5229206085, 18.8231906891, 15.1637630463, 8.42045402527, 6.61175012589, 7.70869016647, 7.39327573776, 4.49209880829, 2.58281683922, 1.09893906116, 0.514772832394, 0.176870912313, 0.0503339767456, 0.0121154943481, 0.0025517961476, 0.000158670110977, 1.55932775669e-05], "max": [1.81911325455, 15.5977191925, 59.1002120972, 101.991729736, 67.2451019287, 75.269493103, 123.076896667, 251.468185425, 600.65826416, 1415.23083496, 1546.70043945, 1756.98156738, 2910.72485352, 3933.63452148, 1030.72814941, 1763.20141602, 1832.5559082, 859.90612793, 854.394470215, 660.756896973, 661.856140137, 947.938293457, 628.978881836, 419.055145264, 2851.57714844, 1201.49023438, 743.542236328, 460.708465576, 678.499450684, 1075.8034668, 275.281982422, 297.384735107, 93.7966156006, 59.8140983582, 12.3333559036, 2.91149616241, 0.593725383282, 0.111451663077, 0.00808748044074, 0.000267553230515], "dvar": [0.0136899845675, 1.84186375141, 20.7350120544, 54.9022750854, 26.3836746216, 34.5504455566, 31.6933689117, 53.1593551636, 338.763183594, 3192.61694336, 3926.59619141, 3821.49389648, 7587.07128906, 9281.97265625, 2511.8659668, 1526.63012695, 742.600280762, 825.914978027, 1034.88720703, 684.208984375, 506.183135986, 865.578613281, 447.294616699, 269.946350098, 1834.6171875, 903.700012207, 187.246566772, 119.142059326, 252.179031372, 284.531219482, 69.9850158691, 33.0602645874, 5.68702030182, 1.83866631985, 0.129984036088, 0.00889141578227, 0.000466976925964, 2.01127677428e-05, 8.0812569081e-08, 2.18428386489e-10], "mean": [0.113033898175, 1.24586439133, 5.12595176697, 6.20203447342, 3.9996073246, 3.76709866524, 3.44308066368, 3.96734452248, 10.7150392532, 28.3137302399, 35.9006996155, 34.1619796753, 44.1418037415, 52.2439308167, 28.7021751404, 22.9484138489, 18.5498523712, 19.5332565308, 22.4644737244, 19.1574211121, 18.3503036499, 19.0742969513, 16.9663639069, 15.3067073822, 22.3953819275, 16.8625812531, 9.91763496399, 8.00473022461, 8.75873851776, 8.74584102631, 5.71221446991, 3.08008694649, 1.32815504074, 0.614796161652, 0.213630303741, 0.0630068778992, 0.0164587683976, 0.00355319213122, 0.000179355178261, 3.34044088959e-05], "dvar2": [0.0365896821022, 5.01148509979, 56.1520652771, 151.634017944, 69.7214660645, 93.5259170532, 77.8490447998, 121.191757202, 775.870300293, 7292.56640625, 8957.14257812, 8488.78710938, 18191.8417969, 21331.9492188, 6585.78662109, 3925.64135742, 1549.02734375, 1986.97155762, 2420.06591797, 1663.03918457, 1139.77282715, 2012.15161133, 999.919006348, 603.670349121, 3601.15551758, 2055.51196289, 391.466369629, 247.863922119, 574.643676758, 620.490966797, 136.562042236, 66.564743042, 10.4319295883, 3.41004300117, 0.257284611464, 0.0175271481276, 0.000923834857531, 4.08394189435e-05, 1.85074583214e-07, 4.44524916876e-10], "min": [8.39348444917e-23, 2.77759010201e-22, 2.14596863798e-21, 4.62163296964e-21, 8.47617870576e-21, 1.89876175373e-20, 2.29100401473e-20, 5.16361972078e-20, 1.11297836428e-19, 8.74762109339e-20, 2.54377063514e-19, 3.28917979125e-19, 5.25042915952e-19, 6.98485681503e-19, 9.30595663313e-19, 1.32207212309e-18, 1.51439306308e-18, 1.56965389788e-18, 2.22444914019e-18, 3.1121105108e-18, 3.35111007993e-18, 4.20073499764e-18, 5.55444378063e-18, 5.5772284706e-18, 6.70396633814e-18, 6.90575828934e-18, 9.51157946454e-18, 8.25530139077e-18, 1.07041232721e-17, 8.92242503633e-18, 1.04041958538e-17, 1.04917984166e-17, 8.59718423692e-18, 8.25374050095e-18, 6.08813368081e-18, 4.32783626184e-18, 2.27305861569e-18, 7.95314668527e-19, 2.46874225166e-19, 2.60727636038e-20], "var": [0.0259752832353, 2.50041460991, 33.8590164185, 83.2815093994, 31.2003002167, 36.4574928284, 43.2535629272, 84.1893081665, 593.556335449, 6452.22998047, 9353.7265625, 9527.59960938, 25424.1679688, 34576.3671875, 4326.98632812, 2338.34741211, 1303.75415039, 1628.48156738, 2109.11791992, 1623.60046387, 1432.16821289, 1741.1472168, 961.506896973, 583.72253418, 3382.43310547, 1520.48254395, 435.681793213, 277.112426758, 452.234893799, 457.881958008, 148.787017822, 63.2600250244, 11.929017067, 4.24311828613, 0.279237091541, 0.0205631610006, 0.00123261054978, 6.19488855591e-05, 1.91567053776e-07, 8.42862279971e-10], "median": [0.0333371981978, 0.714577794075, 3.48399543762, 3.23288631439, 2.23367881775, 1.83666217327, 1.48926508427, 1.62598991394, 3.24346160889, 5.14411306381, 7.09417200089, 8.00827789307, 8.36040019989, 7.76240348816, 7.78473615646, 8.13429450989, 8.989402771, 7.00693702698, 7.59297275543, 5.68467473984, 4.83069896698, 6.2952914238, 6.62882614136, 7.47586297989, 10.1976127625, 5.49435043335, 3.92735290527, 3.02855396271, 3.01175737381, 3.12882018089, 2.06897687912, 1.08395671844, 0.429258555174, 0.165710538626, 0.053640447557, 0.0152994766831, 0.00371060403995, 0.000709514599293, 3.90543791582e-05, 2.74394569715e-05]}, "spectral_energy": {"dmean": 0.00771187990904, "dmean2": 0.0119578596205, "max": 0.141988858581, "dvar": 0.000117164032417, "mean": 0.024168793112, "dvar2": 0.000267472671112, "min": 9.95184064578e-21, "var": 0.00040384818567, "median": 0.021160852164}, "zerocrossingrate": {"dmean": 0.0112252803519, "dmean2": 0.0130380876362, "max": 0.53271484375, "dvar": 0.00016783704632, "mean": 0.0708599314094, "dvar2": 0.000214982297621, "min": 0.0048828125, "var": 0.00422982452437, "median": 0.05810546875}, "spectral_energyband_high": {"dmean": 0.000488299760036, "dmean2": 