{"tonal": {"hpcp": {"dvar": [0.0420397818089, 0.041840903461, 0.0329669974744, 0.0313027314842, 0.0378758758307, 0.0320619344711, 0.0236514024436, 0.0271331220865, 0.0342977754772, 0.0421709194779, 0.0332205407321, 0.0224018488079, 0.021782964468, 0.0231388695538, 0.0306662004441, 0.0412277579308, 0.0429012030363, 0.0441361963749, 0.0325942188501, 0.0279145408422, 0.0366961024702, 0.0366091094911, 0.0368166640401, 0.0421886220574, 0.0493993684649, 0.0395834036171, 0.0312663726509, 0.0328535623848, 0.0297983642668, 0.0326737314463, 0.0414085350931, 0.0344385020435, 0.0299768336117, 0.0322584845126, 0.0384979769588, 0.0468855239451], "var": [0.0867447257042, 0.0562800168991, 0.036932900548, 0.0753645449877, 0.0603751465678, 0.0268083773553, 0.0266637932509, 0.0247616916895, 0.0593464337289, 0.129150182009, 0.060866702348, 0.0224250108004, 0.0177590921521, 0.0184927936643, 0.0377655886114, 0.0915419384837, 0.0670355707407, 0.0338593646884, 0.022661967203, 0.0213928446174, 0.038766156882, 0.0596095472574, 0.0456183813512, 0.065938487649, 0.131875604391, 0.068677559495, 0.0283441655338, 0.025316990912, 0.0234586633742, 0.0457566790283, 0.0978708937764, 0.0617656521499, 0.0283160954714, 0.0270888507366, 0.0334745533764, 0.0607905052602], "median": [0.0732033923268, 0.0526570416987, 0.0335655137897, 0.0247566904873, 0.0175565183163, 0.020549505949, 0.0162782780826, 0.0189519487321, 0.0610166788101, 0.103786252439, 0.0726476162672, 0.0161734204739, 0.010023329407, 0.010531000793, 0.0360686555505, 0.0613465756178, 0.0483173653483, 0.0223762430251, 0.0112834153697, 0.00924041308463, 0.0211501661688, 0.0345082692802, 0.0411401167512, 0.127989977598, 0.177325427532, 0.0933193862438, 0.01930866763, 0.0109932944179, 0.0103067839518, 0.0252455864102, 0.0486204922199, 0.0399552509189, 0.019468722865, 0.0119986440986, 0.0119366627187, 0.0405325591564], "max": [1, 1, 1, 1, 1, 1, 1, 1, 1, 1, 1, 1, 1, 1, 1, 1, 1, 1, 1, 1, 1, 1, 1, 1, 1, 1, 1, 1, 1, 1, 1, 1, 1, 1, 1, 1], "dmean": [0.132328808308, 0.127794489264, 0.101350829005, 0.0921151190996, 0.0983684435487, 0.0869398638606, 0.0719153136015, 0.0787957310677, 0.120565935969, 0.130683362484, 0.119582206011, 0.0740111768246, 0.0612904801965, 0.0675577446818, 0.103044398129, 0.125871479511, 0.130647420883, 0.110229246318, 0.0809763893485, 0.0752200335264, 0.0990340262651, 0.106568813324, 0.119011901319, 0.159712314606, 0.162692651153, 0.141111686826, 0.0935298576951, 0.0820107981563, 0.0782769098878, 0.10156237334, 0.119113847613, 0.113249510527, 0.0897845104337, 0.0836128816009, 0.0984429717064, 0.132633566856], "dmean2": [0.220170602202, 0.219405442476, 0.17870952189, 0.155455544591, 0.171586468816, 0.156095281243, 0.125970646739, 0.141393378377, 0.207764908671, 0.221089094877, 0.201536208391, 0.131085470319, 0.111506648362, 0.121597193182, 0.17747233808, 0.2135053128, 0.225218549371, 0.19904178381, 0.148986920714, 0.137327536941, 0.17673227191, 0.185408145189, 0.207814544439, 0.272897452116, 0.272319018841, 0.239563807845, 0.166293367743, 0.150031760335, 0.142145559192, 0.174551203847, 0.202585592866, 0.192372396588, 0.156660377979, 0.149938538671, 0.173715099692, 0.228807359934], "mean": [0.215134009719, 0.157846346498, 0.113580562174, 0.15275618434, 0.1311994344, 0.0803765505552, 0.0745950490236, 0.0750808566809, 0.184949249029, 0.297902464867, 0.194067671895, 0.0699111670256, 0.0535412728786, 0.0567760318518, 0.121845267713, 0.211768820882, 0.174531072378, 0.0919295549393, 0.0627996250987, 0.0573528110981, 0.102854035795, 0.142590641975, 0.133089289069, 0.23272356391, 0.340325713158, 0.21540017426, 0.0828628987074, 0.0665276646614, 0.0629634857178, 0.124005571008, 0.205231666565, 0.16044780612, 0.0833336114883, 0.0694944635034, 0.0808852091432, 0.154899731278], "dvar2": [0.100629940629, 0.110187843442, 0.0882151350379, 0.0740214660764, 0.101533971727, 0.0922069326043, 0.0631242245436, 0.0740727186203, 0.0900965556502, 0.0991620197892, 0.0845304131508, 0.059733338654, 0.0602815970778, 0.0636949911714, 0.0829145386815, 0.0981813073158, 0.114936821163, 0.121488153934, 0.0899210497737, 0.0764359384775, 0.101597927511, 0.0959977135062, 0.0977354943752, 0.114229761064, 0.116427138448, 0.103320918977, 0.0831017121673, 0.0904091522098, 0.0821768417954, 0.0876324474812, 0.101364433765, 0.0866762250662, 0.080744497478, 0.0871401354671, 0.101549588144, 0.119558744133], "min": [0, 0, 0, 0, 0, 0, 0, 0, 0, 0, 0, 0, 0, 0, 0, 0, 0, 0, 0, 0, 0, 0, 0, 0, 0, 0, 0, 0, 0, 0, 0, 0, 0, 0, 0, 0]}, "key_key": "F", "thpcp": [1, 0.632923603058, 0.24348115921, 0.195482328534, 0.185009494424, 0.364373207092, 0.603044867516, 0.471453666687, 0.244864284992, 0.20419986546, 0.237669989467, 0.455151408911, 0.632141530514, 0.463809639215, 0.333740770817, 0.44885289669, 0.385511368513, 0.236175373197, 0.219187229872, 0.220614701509, 0.54344779253, 0.875345170498, 0.570240974426, 0.205424293876, 0.157323613763, 0.166828513145, 0.358025461435, 0.622253358364, 0.512835383415, 0.270122259855, 0.184528008103, 0.168523296714, 0.302222341299, 0.418982863426, 0.391064465046, 0.683825969696], "chords_key": "F", "tuning_equal_tempered_deviation": 0.0318046659231, "tuning_frequency": 436.456176758, "tuning_diatonic_strength": 0.692588508129, "chords_histogram": [28.5454921722, 7.06072235107, 13.1329431534, 0.847286641598, 5.46701622009, 0.90780711174, 0.201734915376, 0.282428890467, 1.59370589256, 0.0403469838202, 0.221908405423, 0, 0.0201734919101, 0, 0.0201734919101, 1.39197099209, 0, 4.05487203598, 0, 1.14988899231, 0, 4.80129098892, 16.1589679718, 14.1012706757], "key_strength": 0.88337635994, "key_scale": "major", "chords_strength": {"dvar": 7.29160674382e-05, "var": 0.00778967933729, "median": 0.538944065571, "max": 0.782789945602, "dmean": 0.0103253303096, "dmean2": 0.00866626668721, "mean": 0.533924818039, "dvar2": 6.66768100928e-05, "min": 0.259540081024}, "chords_number_rate": 0.00221908418462, "tuning_nontempered_energy_ratio": 0.683654367924, "hpcp_entropy": {"dvar": 0.242048859596, "var": 0.527230799198, "median": 1.88019514084, "max": 4.17576026917, "dmean": 0.566744029522, "dmean2": 0.939077556133, "mean": 1.86989736557, "dvar2": 0.613855957985, "min": 0}, "chords_changes_rate": 0.0526528134942, "chords_scale": "major"}, "rhythm": {"bpm_histogram_first_peak_spread": {"dvar": 0, "var": 0, "median": 0.47908744216, "max": 0.47908744216, "dmean": 0, "dmean2": 0, "mean": 0.47908744216, "dvar2": 0, "min": 0.47908744216}, "bpm_histogram_first_peak_weight": {"dvar": 0, "var": 0, "median": 0.490161001682, "max": 0.490161001682, "dmean": 0, "dmean2": 0, "mean": 0.490161001682, "dvar2": 0, "min": 0.490161001682}, "bpm_histogram_first_peak_bpm": {"dvar": 0, "var": 0, "median": 148, "max": 148, "dmean": 0, "dmean2": 0, "mean": 148, "dvar2": 0, "min": 148}, "bpm": 147.376953125, "bpm_histogram_second_peak_weight": {"dvar": 0, "var": 0, "median": 0.0232558138669, "max": 0.0232558138669, "dmean": 0, "dmean2": 0, "mean": 0.0232558138669, "dvar2": 0, "min": 0.0232558138669}, "beats_loudness": {"dvar": 0.000347596622305, "var": 0.000545876624528, "median": 0.0321608148515, "max": 0.148300126195, "dmean": 0.0214164238423, "dmean2": 0.0394455865026, "mean": 0.035372890532, "dvar2": 0.00103239237797, "min": 1.85885454584e-07}, "beats_loudness_band_ratio": {"dvar": [0.0288840271533, 0.0115378927439, 0.0123617751524, 0.0112276030704, 0.00410613510758, 0.00493957987055], "var": [0.0556388869882, 0.0173209067434, 0.0193322189152, 0.0114647289738, 0.00499724829569, 0.00505899265409], "median": [0.466773569584, 0.16657474637, 0.154184222221, 0.036869302392, 0.0394197627902, 0.0270744226873], "max": [0.988034784794, 0.823313653469, 0.71016728878, 0.701413154602, 0.523283064365, 0.894525110722], "dmean": [0.220842778683, 0.124744296074, 0.126657038927, 0.077363781631, 0.0546989627182, 0.0405751764774], "dmean2": [0.378536134958, 0.210453122854, 0.217446506023, 0.13848669827, 0.0942967906594, 0.0710034221411], "mean": [0.48677700758, 0.196500018239, 0.185369327664, 0.0784240663052, 0.0635377466679, 0.0448596067727], "dvar2": [0.079527772963, 0.0327419154346, 0.0351658537984, 0.0309287067503, 0.0123578775674, 0.0128541644663], "min": [0.0226349122822, 0.00650290772319, 0.00262328190729, 0.000208443336305, 0.000134498026455, 2.37926833506e-05]}, "bpm_histogram_second_peak_bpm": {"dvar": 0, "var": 0, "median": 140, "max": 140, "dmean": 0, "dmean2": 0, "mean": 140, "dvar2": 0, "min": 140}, "onset_rate": 3.33285570145, "beats_count": 560, "beats_position": [0.429569154978, 0.859138309956, 1.27709746361, 1.70666658878, 2.13623571396, 2.54258489609, 2.94893407822, 3.36689329147, 3.78485250473, 4.19120168686, 4.59755086899, 5.01551008224, 5.42185926437, 5.8282084465, 6.24616765976, 6.66412687302, 7.08208608627, 7.4884352684, 7.89478445053, 8.3011341095, 8.70748329163, 9.12544155121, 9.52018165588, 9.92653083801, 10.3444900513, 10.7508392334, 11.1571884155, 11.5635375977, 11.9814968109, 12.387845993, 12.7941951752, 13.2121543884, 13.6301136017, 14.0480718613, 14.4776411057, 14.90721035, 15.3251695633, 15.7315187454, 16.1378688812, 16.5558280945, 16.9737873077, 17.391746521, 17.7980957031, 18.2160549164, 18.6340141296, 19.0403633118, 19.458322525, 19.8762817383, 20.2942390442, 20.7005901337, 21.1069393158, 21.5248966217, 21.942855835, 22.3492050171, 22.7555541992, 23.1735134125, 23.5914726257, 23.9978218079, 24.40417099, 24.8221302032, 25.2400894165, 25.6464385986, 26.0527877808, 26.470746994, 26.8887062073, 27.2950553894, 27.7014045715, 28.1193637848, 28.537322998, 28.9552822113, 29.3732414246, 29.7912006378, 30.2091598511, 30.6155090332, 31.0218582153, 31.4282073975, 31.8461666107, 32.2525177002, 32.6588668823, 33.0768241882, 33.4831733704, 33.8895225525, 34.2958717346, 34.7138328552, 35.1317901611, 35.5497512817, 35.9677085876, 36.3856697083, 36.8036270142, 37.2215881348, 37.6395454407, 38.0575065613, 38.4638557434, 38.8702049255, 39.2649421692, 39.6712913513, 40.0776405334, 40.4956016541, 40.91355896, 41.3315200806, 41.7494773865, 42.1674385071, 42.585395813, 43.0033569336, 43.4213142395, 43.8392753601, 44.257232666, 44.6751937866, 45.0931510925, 45.4995002747, 45.9058494568, 46.3238105774, 46.7417678833, 47.1481170654, 47.5544662476, 47.9724235535, 48.3903846741, 48.80834198, 49.2263031006, 49.6442604065, 50.0622215271, 50.480178833, 50.8749198914, 51.2928771973, 51.6992263794, 52.1055755615, 52.5003166199, 52.8950538635, 53.3014030457, 53.7077522278, 54.1141014099, 54.5320625305, 54.9384117126, 55.3447608948, 55.7511100769, 56.1690673828, 56.5870285034, 57.0049858093, 57.4229469299, 57.8409042358, 58.2588653564, 58.6768226624, 59.094783783, 59.5127410889, 59.919090271, 60.3254394531, 60.7550086975, 61.1729698181, 61.6025390625, 62.0204963684, 62.438457489, 62.8564147949, 63.2743759155, 63.6923332214, 64.1102905273, 64.5282516479, 64.9462127686, 65.3409500122, 65.7472991943, 66.1536483765, 66.5716094971, 66.9779586792, 67.3959197998, 67.813873291, 68.2318344116, 68.6381835938, 69.0561447144, 69.474105835, 69.8920593262, 70.2984085083, 70.6931533813, 71.0995025635, 71.5174560547, 71.9238052368, 72.3301544189, 72.7481155396, 73.1660766602, 73.5724258423, 73.9787750244, 74.3851242065, 74.7914733887, 75.1978225708, 75.6041717529, 76.0221328735, 76.4400863647, 76.8348312378, 77.2295684814, 77.6359176636, 78.0422668457, 78.4486160278, 78.85496521, 79.2613143921, 79.6676635742, 80.0856246948, 80.491973877, 80.8983230591, 81.3162765503, 81.7342376709, 82.140586853, 82.5585479736, 82.9765090942, 83.3828582764, 83.77759552, 84.1955566406, 84.6019058228, 85.0082550049, 85.414604187, 85.8209533691, 86.2273025513, 86.6220397949, 87.0283889771, 87.4347381592, 87.8410873413, 88.2474365234, 88.6537857056, 89.0601348877, 89.4664840698, 89.8612213135, 90.2559585571, 90.6623077393, 91.0686569214, 91.4634017944, 91.8581390381, 92.2528762817, 92.6476211548, 93.0423583984, 93.4487075806, 93.8666687012, 94.2962341309, 94.702583313, 95.1089324951, 95.5268936157, 95.9448471069, 96.3511962891, 96.7575454712, 97.1755065918, 97.5818557739, 97.9882049561, 98.3945541382, 98.8009033203, 99.2188644409, 99.6136016846, 100.019950867, 100.426300049, 100.844261169, 101.250610352, 101.656959534, 102.063308716, 102.469657898, 102.864395142, 103.270744324, 103.677093506, 104.071838379, 104.466575623, 104.861312866, 105.25605011, 105.650794983, 106.045532227, 106.451881409, 106.858230591, 107.264579773, 107.670928955, 108.065666199, 108.472015381, 108.878364563, 109.273101807, 109.66784668, 110.085800171, 110.503761292, 110.921722412, 111.339683533, 111.746032715, 112.163986206, 112.581947327, 112.988296509, 113.394645691, 113.800994873, 114.207344055, 114.613693237, 115.020042419, 115.426391602, 115.821128845, 116.215873718, 116.6222229, 117.028572083, 117.423309326, 117.829658508, 118.23600769, 118.630744934, 119.025482178, 119.43183136, 119.838180542, 120.256141663, 120.662490845, 121.068840027, 121.475189209, 121.881538391, 122.276275635, 122.682624817, 123.088973999, 123.495323181, 123.901672363, 124.296417236, 124.69115448, 125.097503662, 125.503852844, 125.921813965, 126.339767456, 126.757728577, 127.164077759, 127.570426941, 127.976776123, 128.383132935, 128.789474487, 129.18421936, 129.590560913, 129.985305786, 130.391647339, 130.79800415, 131.192733765, 131.587478638, 131.993835449, 132.400177002, 132.806533813, 133.212875366, 133.619232178, 134.02557373, 134.420318604, 134.826660156, 135.233016968, 135.627746582, 136.034103394, 136.440444946, 136.835189819, 137.229934692, 137.636276245, 138.042633057, 138.448974609, 138.855331421, 139.261672974, 139.668029785, 140.074371338, 140.480728149, 140.887069702, 141.293426514, 141.699768066, 142.106124878, 142.512466431, 142.918823242, 143.313552856, 143.719909668, 144.126251221, 144.520996094, 144.927337646, 145.333694458, 145.740036011, 146.146392822, 146.541137695, 146.93586731, 147.342224121, 147.748565674, 148.143310547, 148.5496521, 148.96762085, 149.373962402, 149.780319214, 150.175048828, 150.558181763, 150.952926636, 151.34765625, 151.754013062, 152.171966553, 152.578323364, 152.973052979, 153.37940979, 153.785751343, 154.180496216, 154.575241089, 154.969970703, 155.387939453, 155.805892944, 156.223846436, 156.641815186, 157.059768677, 157.466125488, 157.872467041, 158.290420532, 158.720001221, 159.126342773, 159.532699585, 159.939041138, 160.345397949, 160.751739502, 161.158096313, 161.564437866, 161.970794678, 162.37713623, 162.771881104, 163.166610718, 163.561355591, 163.967712402, 164.374053955, 164.792022705, 165.209976196, 165.627929688, 166.045898438, 166.440628052, 166.846984863, 167.253326416, 167.648071289, 168.042816162, 168.449157715, 168.855514526, 169.261856079, 169.668212891, 170.086166382, 170.504119873, 170.898864746, 171.293609619, 171.699951172, 172.106307983, 172.512649536, 172.907394409, 173.313735962, 173.720092773, 174.126434326, 174.521179199, 174.915908813, 175.310653687, 175.70539856, 176.111740112, 176.518096924, 176.924438477, 177.330795288, 177.737136841, 178.143493652, 178.549835205, 178.956192017, 179.362533569, 179.768890381, 180.163619995, 180.558364868, 180.953109741, 181.359451294, 181.754196167, 182.16053772, 182.566894531, 182.973236084, 183.379592896, 183.785934448, 184.180679321, 184.587020874, 184.993377686, 185.399719238, 185.80607605, 186.212417603, 186.618774414, 187.025115967, 187.431472778, 187.826202393, 188.220947266, 188.615692139, 189.010421753, 189.405166626, 189.799911499, 190.194641113, 190.589385986, 191.018951416, 191.448516846, 191.854873657, 192.26121521, 192.667572021, 193.073913574, 193.480270386, 193.875015259, 194.281356812, 194.676101685, 195.082443237, 195.488800049, 195.895141602, 196.301498413, 196.696228027, 197.102584839, 197.508926392, 197.926895142, 198.333236694, 198.739593506, 199.13432312, 199.540679932, 199.935409546, 200.341766357, 200.73651123, 201.131240845, 201.525985718, 201.909118652, 202.292236328, 202.686981201, 203.081726074, 203.476455688, 203.894424438, 204.31237793, 204.707122803, 205.101852417, 205.508209229, 205.914550781, 206.320907593, 206.727249146, 207.133605957, 207.53994751, 207.95791626, 208.375869751, 208.770614624, 209.176956177, 209.583312988, 210.001266479, 210.407608032, 210.813964844, 211.220306396, 211.626663208, 212.044616699, 212.462585449, 212.868927002, 213.263671875, 213.670013428, 214.064758301, 214.459503174, 214.854232788, 215.248977661, 215.655319214, 216.061676025, 216.45640564, 216.87437439, 217.292327881, 217.698684692, 218.105026245, 218.511383057, 218.917724609, 219.312469482, 219.707214355, 220.113555908, 220.531509399, 220.961090088, 221.390655518, 221.831832886, 222.273010254, 222.714187622, 223.190200806, 223.666213989, 224.142211914, 224.606613159, 225.082626343, 225.558639526, 226.057861328, 226.557098389, 227.05632019, 227.555557251, 228.054779053, 228.554016113, 229.053237915, 229.552474976], "danceability": 1.11769425869, "bpm_histogram_second_peak_spread": {"dvar": 0, "var": 0, "median": 0.187499985099, "max": 0.187499985099, "dmean": 0, "dmean2": 0, "mean": 0.187499985099, "dvar2": 0, "min": 0.187499985099}}, "lowlevel": {"spectral_flux": {"dvar": 0.00112397666089, "var": 0.00257810507901, "median": 0.0591541603208, "max": 0.342005163431, "dmean": 0.0238640438765, "dmean2": 0.0367176830769, "mean": 0.0701535269618, "dvar2": 0.00237100431696, "min": 1.07811558292e-10}, "spectral_rolloff": {"dvar": 946812.375, "var": 2541304.25, "median": 796.728515625, "max": 18755.4199219, "dmean": 394.466918945, "dmean2": 653.274414063, "mean": 1345.70593262, "dvar2": 1907731, "min": 107.666015625}, "barkbands_flatness_db": {"dvar": 0.000416979542933, "var": 0.00372159969993, "median": 0.141959100962, "max": 0.49471154809, "dmean": 0.0190775115043, "dmean2": 0.0284550972283, "mean": 0.1547627002, "dvar2": 0.000922178442124, "min": 0.0354747995734}, "spectral_centroid": {"dvar": 76288.96875, "var": 474967.71875, "median": 957.495605469, "max": 10729.2294922, "dmean": 192.723236084, "dmean2": 289.236022949, "mean": 1115.9564209, "dvar2": 147134.75, "min": 134.942947388}, "melbands_skewness": {"dvar": 0.769599556923, "var": 3.77045297623, "median": 2.5399017334, "max": 17.7994842529, "dmean": 0.690169870853, "dmean2": 1.05998671055, "mean": 2.84650039673, "dvar2": 1.74142539501, "min": -1.34621787071}, "melbands": {"dvar": [1.31500519274e-06, 7.14210591468e-06, 7.43384589441e-06, 9.41907558172e-07, 1.92889331174e-07, 1.45762598436e-07, 1.67659521821e-07, 1.42019928262e-07, 3.71466306603e-08, 4.14842844521e-08, 5.57465433815e-08, 1.07867794696e-08, 1.05266568795e-08, 7.37887884128e-09, 4.59257654128e-09, 8.26501800333e-09, 3.23124527135e-09, 1.65126756713e-09, 9.44825218063e-10, 3.68820507468e-09, 6.8328936953e-10, 5.64180646645e-10, 7.31456895053e-10, 1.41836264955e-09, 9.99620386466e-10, 7.09206193772e-10, 1.49115567116e-10, 6.44009776063e-11, 7.74623698518e-11, 9.10649767399e-12, 7.85861133112e-12, 1.26988931523e-11, 6.97254797302e-12, 2.22145262255e-12, 1.66216400452e-12, 1.76621434492e-12, 1.86492292963e-12, 4.08749249725e-12, 4.396782851e-12, 2.44867429285e-12], "var": [1.00114311863e-06, 9.10459766601e-06, 7.54979328121e-06, 1.01801299479e-06, 3.64273233799e-07, 3.4425553963e-07, 2.8728709367e-07, 3.47469352846e-07, 1.2036814212e-07, 1.1321936455e-07, 1.44953077097e-07, 6.37288195549e-08, 3.34575389616e-08, 2.56772061391e-08, 1.25696235642e-08, 2.32775594355e-08, 1.25932571038e-08, 4.81090678406e-09, 2.39118547185e-09, 9.90670478984e-09, 2.32552443968e-09, 2.35829511475e-09, 2.58854893076e-09, 5.65595481561e-09, 4.79132289399e-09, 3.93723498249e-09, 2.9727051376e-10, 1.46645168231e-10, 2.5693050465e-10, 2.61331945667e-11, 1.72414166277e-11, 3.89406562551e-11, 2.09408324015e-11, 6.12409992509e-12, 5.81364947502e-12, 6.1147306836e-12, 7.11444618495e-12, 1.48992328891e-11, 1.28334313662e-11, 7.75342290371e-12], "median": [0.000131317792693, 0.000727809267119, 0.000715660571586, 0.00035984927672, 0.00019677716773, 0.000178519752808, 0.00013341777958, 0.000106503466668, 6.78502692608e-05, 5.40453947906e-05, 3.15107681672e-05, 2.27359560085e-05, 2.17858287215e-05, 1.29506934172e-05, 1.06222041723e-05, 1.16179089673e-05, 1.04763494164e-05, 1.00558318081e-05, 7.75020453148e-06, 7.64393553254e-06, 4.80863491248e-06, 4.85865120936e-06, 6.29811165709e-06, 4.83352687297e-06, 3.09767824547e-06, 3.11005646836e-06, 2.44922080128e-06, 2.07865377888e-06, 1.17020260859e-06, 5.9358467297e-07, 4.41539896201e-07, 4.66762116957e-07, 4.97584778714e-07, 2.96754478768e-07, 2.3931022497e-07, 2.62002913587e-07, 2.33003390804e-07, 1.84151986105e-07, 1.4049075503e-07, 1.20311597129e-07], "max": [0.013505061157, 0.0378042310476, 0.0338350795209, 0.0115741165355, 0.00888806767762, 0.00794474966824, 0.00844740308821, 0.0102814789861, 0.00526362936944, 0.00623224163428, 0.00662502879277, 0.00351174012758, 0.00261320685968, 0.00333580188453, 0.00374192581512, 0.00264787953347, 0.0015937105054, 0.00104729109444, 0.000973131682258, 0.00179677992128, 0.00091628957307, 0.000622586812824, 0.000997239840217, 0.00182292843238, 0.00270478334278, 0.00127363728825, 0.000660558755044, 0.000231297803111, 0.000261321052676, 8.58695275383e-05, 0.000103625519841, 0.000175598252099, 0.000104744431155, 4.39587056462e-05, 4.47183483629e-05, 6.40031503281e-05, 5.5989206885e-05, 8.67164853844e-05, 8.42849476612e-05, 4.97453766002e-05], "dmean": [0.000341716018738, 0.0010969809955, 0.00112956622615, 0.000461085845018, 0.00021435826784, 0.000197485613171, 0.000155431334861, 0.000143004450365, 8.6968029791e-05, 8.51309814607e-05, 7.10422027623e-05, 3.69246517948e-05, 3.68026958313e-05, 2.56859239016e-05, 1.82817038876e-05, 2.50508091995e-05, 2.04197440326e-05, 1.61845982802e-05, 1.16384635476e-05, 1.77122565219e-05, 8.4392786448e-06, 8.02125850896e-06, 9.1999736469e-06, 7.85487736721e-06, 6.57340706312e-06, 5.88586317463e-06, 3.87081081499e-06, 3.03657566292e-06, 2.89400259135e-06, 1.23890720261e-06, 9.52615835104e-07, 1.07306641439e-06, 9.22583524243e-07, 5.78625872549e-07, 5.06725484684e-07, 4.91956541282e-07, 4.90044840262e-07, 6.14657778897e-07, 5.40823691608e-07, 4.16616359189e-07], "dmean2": [0.000594221579377, 0.0018369971076, 0.0018677158514, 0.000773291219957, 0.000345143605955, 0.000299591687508, 0.000241220302996, 0.000213629595237, 0.000127903549583, 0.000126332684886, 0.00010754550749, 5.44361100765e-05, 5.66672970308e-05, 3.90805289499e-05, 2.77612725768e-05, 3.74885421479e-05, 3.06271322188e-05, 2.44640377787e-05, 1.71875526576e-05, 2.77075341728e-05, 1.25429860418e-05, 1.20856939247e-05, 1.40711472341e-05, 1.15734646897e-05, 9.11952065508e-06, 8.41194560053e-06, 5.74173600398e-06, 4.63688184027e-06, 4.53646134702e-06, 1.91224444279e-06, 1.47313596699e-06, 1.64879418207e-06, 1.40627469136e-06, 8.721013387e-07, 7.52000630655e-07, 7.19719764675e-07, 7.21543131021e-07, 8.81170819866e-07, 7.74103739332e-07, 5.83225698847e-07], "mean": [0.000399636395741, 0.00168301910162, 0.00155667681247, 0.000704714795575, 0.000418074807385, 0.000394889793824, 0.0002924753353, 0.000303931883536, 0.000195466913283, 0.000181670868187, 0.000149980725837, 9.30835522013e-05, 7.94245206635e-05, 5.7639885199e-05, 3.95179959014e-05, 4.96227294207e-05, 4.17243318225e-05, 3.14550015901e-05, 2.21583741222e-05, 3.4058408346e-05, 1.93256200873e-05, 1.9037810489e-05, 2.11877395486e-05, 1.72971340362e-05, 1.40228266901e-05, 1.36075368573e-05, 7.44592944102e-06, 6.10263487033e-06, 6.39227437205e-06, 2.52789254773e-06, 1.88092258213e-06, 2.44931493398e-06, 2.02535647986e-06, 1.18056777865e-06, 1.06924244392e-06, 1.045710178e-06, 1.03409377061e-06, 1.26387806176e-06, 1.04553862457e-06, 7.5870798355e-07], "dvar2": [3.64084303328e-06, 1.88013164006e-05, 1.92513252841e-05, 2.54441738434e-06, 4.95353162933e-07, 3.20962641354e-07, 3.89382250887e-07, 3.02500154703e-07, 7.79098172643e-08, 9.04955115288e-08, 1.32936108344e-07, 2.03315462244e-08, 2.59186734297e-08, 1.78583565713e-08, 1.28029968849e-08, 1.98373619753e-08, 6.86097756386e-09, 3.71767105989e-09, 1.98836769272e-09, 9.61838253488e-09, 1.46853262883e-09, 1.17709908487e-09, 1.57866253403e-09, 2.63054333871e-09, 1.47033574205e-09, 1.17109377751e-09, 2.94808955026e-10, 1.46800960277e-10, 1.86927986978e-10, 2.20251750865e-11, 1.91964430463e-11, 3.26790920713e-11, 1.70876628819e-11, 4.91748829157e-12, 3.69595586774e-12, 3.57890301596e-12, 3.83421159406e-12, 7.83631666501e-12, 8.27057693165e-12, 4.3536346403e-12], "min": [6.3489789683e-24, 2.84210787212e-24, 4.02278277554e-24, 4.22479585387e-24, 6.8460094591e-24, 3.74672050733e-24, 5.68948651837e-24, 7.83303537916e-24, 2.72448354411e-23, 1.93660303522e-23, 1.23029476712e-23, 2.44388063197e-24, 2.99222041098e-24, 5.0132761337e-24, 9.3391246751e-24, 7.31411952026e-24, 9.70786350575e-24, 1.08514349281e-23, 1.13994763205e-23, 1.63425158291e-23, 1.64280614834e-23, 1.22649482414e-23, 1.01813575426e-23, 9.33250613211e-24, 9.67903695055e-24, 1.34231546113e-23, 1.15769266368e-23, 1.30559966579e-23, 1.39696932237e-23, 9.76548032855e-24, 1.27392019513e-23, 1.15534359368e-23, 1.19104049628e-23, 8.12974410941e-24, 8.98193161266e-24, 1.21380236772e-23, 1.31260790607e-23, 1.00124782e-23, 1.07450365247e-23, 1.47548370163e-23]}, "spectral_decrease": {"dvar": 1.81246621128e-17, "var": 3.09384607336e-17, "median": -4.31611901774e-09, "max": 5.2249751149e-29, "dmean": 2.22593543597e-09, "dmean2": 3.49654616372e-09, "mean": -5.81247006082e-09, "dvar2": 4.38713634364e-17, "min": -4.97973680069e-08}, "barkbands_kurtosis": {"dvar": 64.296546936, "var": 422.359954834, "median": 2.52407455444, "max": 283.332397461, "dmean": 3.76155161858, "dmean2": 5.93998813629, "mean": 7.80623292923, "dvar2": 151.031600952, "min": -1.95003116131}, "silence_rate_30dB": {"dvar": 0.00959236174822, "var": 0.00651492876932, "median": 1, "max": 1, "dmean": 0.00968620739877, "dmean2": 0.0193743687123, "mean": 0.993442296982, "dvar2": 0.0258614458144, "min": 0}, "gfcc": {"mean": [-33.1365699768, 110.667800903, -110.959320068, 31.3702640533, -58.9402122498, 7.27750825882, -42.4644126892, 9.17842578888, -26.4078540802, -1.2742587328, -17.2211666107, -8.12229824066, -14.7221088409], "cov": [[13413.7021484, -1964.90246582, -1658.28588867, 112.414352417, -889.42779541, 199.703048706, -394.984619141, 230.866439819, -388.026153564, 62.1888122559, -240.578430176, 249.23890686, -12.1569662094], [-1964.90246582, 1544.15576172, -159.667129517, -247.100799561, 407.591827393, -207.853683472, 258.553161621, -126.834732056, 180.607513428, -102.271141052, 151.361434937, -121.572143555, 44.3588218689], [-1658.28588867, -159.667129517, 1138.13354492, -14.1698007584, 2.98201680183, 178.357421875, -146.400131226, 25.4919013977, -14.4739780426, 88.0990447998, -46.1276435852, 19.5870876312, -32.8355903625], [112.414352417, -247.100799561, -14.1698007584, 405.798919678, 24.0321578979, -51.8240966797, 25.9331321716, -8.06895065308, 11.5323171616, -0.611770689487, -3.24965572357, 11.752825737, 21.9413089752], [-889.42779541, 407.591827393, 2.98201680183, 24.0321578979, 320.939758301, -78.1312332153, 76.8019485474, -14.7943916321, 67.2194290161, -13.6149721146, 28.6199703217, -31.5885696411, 3.14183616638], [199.703048706, -207.853683472, 178.357421875, -51.8240966797, -78.1312332153, 231.261077881, 0.592618644238, 15.3228559494, -43.3752403259, 30.1311702728, 0.174564868212, 10.6907186508, -19.9480476379], [-394.984619141, 258.553161621, -146.400131226, 25.9331321716, 76.8019485474, 0.592618644238, 293.828735352, -22.4724655151, -4.50153064728, -48.7713546753, 59.6355743408, -20.5245571136, -14.3218994141], [230.866439819, -126.834732056, 25.4919013977, -8.06895065308, -14.7943916321, 15.3228559494, -22.4724655151, 124.184936523, 4.78288269043, 4.30336332321, -19.4704780579, 14.5068387985, -2.24392461777], [-388.026153564, 180.607513428, -14.4739780426, 11.5323171616, 67.2194290161, -43.3752403259, -4.50153064728, 4.78288269043, 138.198852539, 18.5084037781, 1.06992173195, -23.6418933868, 15.9558858871], [62.1888122559, -102.271141052, 88.0990447998, -0.611770689487, -13.6149721146, 30.1311702728, -48.7713546753, 4.30336332321, 18.5084037781, 96.6508331299, -1.97561538219, 7.31597995758, -3.02109980583], [-240.578430176, 151.361434937, -46.1276435852, -3.24965572357, 28.6199703217, 0.174564868212, 59.6355743408, -19.4704780579, 1.06992173195, -1.97561538219, 93.2945251465, -0.929190695286, 0.355811595917], [249.23890686, -121.572143555, 19.5870876312, 11.752825737, -31.5885696411, 10.6907186508, -20.5245571136, 14.5068387985, -23.6418933868, 7.31597995758, -0.929190695286, 72.2992172241, 13.4847612381], [-12.1569662094, 44.3588218689, -32.8355903625, 21.9413089752, 3.14183616638, -19.9480476379, -14.3218994141, -2.24392461777, 15.9558858871, -3.02109980583, 0.355811595917, 13.4847612381, 72.7196578979]], "icov": [[0.000178207046702, -0.000137169816298, 0.000405042781495, -0.000217415639781, 0.000312225281959, -0.000343464547768, 0.000307256908854, -0.000301533495076, 0.00043293312774, -0.000340452039381, 0.000502552022226, -0.00045382528333, 0.000278017920209], [-0.000137169816298, 0.00363944820128, -0.00086189788999, 0.00297972816043, -0.00263026659377, 0.0023593462538, -0.00193996622693, 0.00239903945476, -0.0031079351902, 0.00275284727104, -0.00390303670429, 0.00299216294661, -0.00281787849963], [0.000405042781495, -0.00086189788999, 0.00217957259156, -0.00103955133818, 0.000620419799816, -0.00206955801696, 0.00153240130749, -0.00100136338733, 0.00146929128096, -0.00168426032178, 0.00203471304849, -0.00165149825625, 0.00147160317283], [-0.000217415639781, 0.00297972816043, -0.00103955133818, 0.00513527635485, -0.00228337757289, 0.00275448639877, -0.00219843653031, 0.00223202141933, -0.00274771614932, 0.00208828249015, -0.00305473338813, 0.00215485692024, -0.00307764997706], [0.000312225281959, -0.00263026659377, 0.000620419799816, -0.00228337757289, 0.00638965982944, -0.000602669548243, 0.000591848685872, -0.00194536813069, 0.00107013795059, -0.0020484298002, 0.00247549125925, -0.00168204272632, 0.00222078617662], [-0.000343464547768, 0.0023593462538, -0.00206955801696, 0.00275448639877, -0.000602669548243, 0.00812826119363, -0.00272095296532, 0.00124165625311, -0.00117599149235, 0.000478525500512, -0.00341658084653, 0.00261661177501, -0.00169460615143], [0.000307256908854, -0.00193996622693, 0.00153240130749, -0.00219843653031, 0.000591848685872, -0.00272095296532, 0.00633352948353, -0.00131800223608, 0.00223202584311, 0.000299570907373, 7.60067268857e-05, -0.00148146576248, 0.00282177538611], [-0.000301533495076, 0.00239903945476, -0.00100136338733, 0.00223202141933, -0.00194536813069, 0.00124165625311, -0.00131800223608, 0.0105675794184, -0.00345274084248, 0.00243090977892, -0.00134545005858, 0.000311619427521, -0.00134088576306], [0.00043293312774, -0.0031079351902, 0.00146929128096, -0.00274771614932, 0.00107013795059, -0.00117599149235, 0.00223202584311, -0.00345274084248, 0.0128740463406, -0.00550235388801, 0.00405112467706, 5.28861928615e-05, 0.000341925275279], [-0.000340452039381, 0.00275284727104, -0.00168426032178, 0.00208828249015, -0.0020484298002, 0.000478525500512, 0.000299570907373, 0.00243090977892, -0.00550235388801, 0.0154512291774, -0.00475278263912, 0.00134143780451, -0.00114923273213], [0.000502552022226, -0.00390303670429, 0.00203471304849, -0.00305473338813, 0.00247549125925, -0.00341658084653, 7.60067268857e-05, -0.00134545005858, 0.00405112467706, -0.00475278263912, 0.0179559886456, -0.00499234395102, 0.00298613822088], [-0.00045382528333, 0.00299216294661, -0.00165149825625, 0.00215485692024, -0.00168204272632, 0.00261661177501, -0.00148146576248, 0.000311619427521, 5.28861928615e-05, 0.00134143780451, -0.00499234395102, 0.019933629781, -0.00641651172191], [0.000278017920209, -0.00281787849963, 0.00147160317283, -0.00307764997706, 0.00222078617662, -0.00169460615143, 0.00282177538611, -0.00134088576306, 0.000341925275279, -0.00114923273213, 0.00298613822088, -0.00641651172191, 0.0181159283966]]}, "silence_rate_20dB": {"dvar": 0, "var": 0, "median": 1, "max": 1, "dmean": 0, "dmean2": 0, "mean": 1, "dvar2": 0, "min": 1}, "barkbands_skewness": {"dvar": 0.447727650404, "var": 2.57159256935, "median": 1.56551146507, "max": 13.4546356201, "dmean": 0.533227980137, "dmean2": 0.81232625246, "mean": 1.83099555969, "dvar2": 1.00873458385, "min": -3.35118031502}, "erbbands_skewness": {"dvar": 0.108827501535, "var": 0.823548197746, "median": 0.435921370983, "max": 5.30976676941, "dmean": 0.308543920517, "dmean2": 0.461657315493, "mean": 0.413140237331, "dvar2": 0.221256300807, "min": -4.89637851715}, "spectral_contrast_valleys": {"dvar": [0.153945818543, 0.0900565236807, 0.0838375836611, 0.0777873918414, 0.110250368714, 0.170783445239], "var": [0.927955746651, 1.13564193249, 1.4290882349, 1.38831317425, 1.7448618412, 2.13472700119], "median": [-7.36067008972, -6.60297203064, -7.47298431396, -7.82622241974, -7.77596855164, -10.4317054749], "max": [-5.02374649048, -4.59781265259, -5.36951160431, -6.1558098793, -5.31081056595, -7.69088554382], "dmean": [0.407555967569, 0.315132439137, 0.297200948, 0.267387866974, 0.274861454964, 0.3359580338], "dmean2": [0.664395451546, 0.499161541462, 0.46251013875, 0.408716052771, 0.383203148842, 0.40076059103], "mean": [-7.44384241104, -6.78046512604, -7.70410299301, -8.10897541046, -8.0586977005, -10.6708402634], "dvar2": [0.356549054384, 0.19232031703, 0.166186764836, 0.143225252628, 0.186702087522, 0.245223000646], "min": [-27.3815574646, -27.7278060913, -27.3083877563, -27.4119338989, -27.3461437225, -27.2738857269]}, "spectral_strongpeak": {"dvar": 1.10494124889, "var": 2.68968892097, "median": 0.438389718533, "max": 22.7143535614, "dmean": 0.495196223259, "dmean2": 0.843586444855, "mean": 0.968891561031, "dvar2": 2.76735901833, "min": 0}, "erbbands_crest": {"dvar": 4.63655471802, "var": 17.7055034637, "median": 8.0182800293, "max": 33.0789413452, "dmean": 2.10890674591, "dmean2": 3.30504727364, "mean": 9.03086471558, "dvar2": 10.957824707, "min": 2.66867661476}, "barkbands_crest": {"dvar": 4.15429449081, "var": 16.289899826, "median": 8.4780292511, "max": 24.683385849, "dmean": 2.06017136574, "dmean2": 3.30570483208, "mean": 9.45640945435, "dvar2": 10.7353944778, "min": 2.520144701}, "spectral_energyband_middle_low": {"dvar": 0.000104032347735, "var": 0.000162828582688, "median": 0.00866115279496, "max": 0.139149785042, "dmean": 0.00518155097961, "dmean2": 0.00810828618705, "mean": 0.0123528838158, "dvar2": 0.000256886269199, "min": 3.61962023224e-22}, "spectral_contrast_coeffs": {"dvar": [0.00194958457723, 0.0012494744733, 0.000877375190612, 0.000589838309679, 0.000413746369304, 0.00033222293132], "var": [0.00583293801174, 0.00498510710895, 0.00577553827316, 0.00425027031451, 0.00346850580536, 0.00254220655188], "median": [-0.610747933388, -0.732318282127, -0.763507127762, -0.782690644264, -0.786448001862, -0.782805204391], "max": [-0.281468659639, -0.443113088608, -0.44554874301, -0.515965640545, -0.497192025185, -0.582183539867], "dmean": [0.049010194838, 0.0413139685988, 0.0344264693558, 0.0278838202357, 0.0218967236578, 0.0178413726389], "dmean2": [0.0809942558408, 0.0666987970471, 0.0538246072829, 0.0437979586422, 0.0338131561875, 0.0272002182901], "mean": [-0.60555690527, -0.727278590202, -0.75143545866, -0.772378623486, -0.779088377953, -0.780295610428], "dvar2": [0.00519267003983, 0.00314982817508, 0.00196640542708, 0.00130694650579, 0.000846329203341, 0.000682467361912], "min": [-0.965838313103, -0.95357722044, -0.965803086758, -0.974347293377, -0.953188598156, -0.959715902805]}, "hfc": {"dvar": 38.1727638245, "var": 277.728851318, "median": 11.4464941025, "max": 127.153488159, "dmean": 4.04272460938, "dmean2": 5.5850944519, "mean": 16.8365325928, "dvar2": 69.8606262207, "min": 1.3032141877e-16}, "spectral_energyband_high": {"dvar": 1.95648155454e-07, "var": 1.27810346839e-06, "median": 0.000186444376595, "max": 0.0122255040333, "dmean": 0.000205894059036, "dmean2": 0.000275797618087, "mean": 0.000613472133409, "dvar2": 3.5482909766e-07, "min": 8.58592473197e-21}, "erbbands_spread": {"dvar": 105.868217468, "var": 459.388427734, "median": 34.9413528442, "max": 186.145568848, "dmean": 7.19541120529, "dmean2": 10.5192184448, "mean": 38.7675590515, "dvar2": 211.72164917, "min": 3.1474211216}, "dissonance": {"dvar": 0.000408193911426, "var": 0.00131566403434, "median": 0.465941309929, "max": 0.500000119209, "dmean": 0.0190736800432, "dmean2": 0.0316414870322, "mean": 0.455708682537, "dvar2": 0.00101648725104, "min": 0.0683320909739}, "spectral_kurtosis": {"dvar": 10.5579185486, "var": 40.8423614502, "median": 4.83252239227, "max": 90.5961303711, "dmean": 2.09948801994, "dmean2": 3.38207387924, "mean": 6.23991680145, "dvar2": 26.3624038696, "min": -1.55018413067}, "spectral_skewness": {"dvar": 0.0900425761938, "var": 0.617149949074, "median": 1.68408751488, "max": 7.70902824402, "dmean": 0.25306609273, "dmean2": 0.38675352931, "mean": 1.77833759785, "dvar2": 0.202906608582, "min": -0.326195657253}, "pitch_salience": {"dvar": 0.00378702068701, "var": 0.0124442940578, "median": 0.57002800703, "max": 0.881591141224, "dmean": 0.0643495097756, "dmean2": 0.10460613668, "mean": 0.557936191559, "dvar2": 0.00998864788562, "min": 0.0494533292949}, "spectral_complexity": {"dvar": 8.97083568573, "var": 80.2603607178, "median": 15, "max": 53, "dmean": 2.59065675735, "dmean2": 3.99979829788, "mean": 16.265335083, "dvar2": 17.6940326691, "min": 0}, "spectral_spread": {"dvar": 850351882240, "var": 4144861020160.0, "median": 3947838.75, "max": 41140772, "dmean": 566758.25, "dmean2": 761239.5625, "mean": 4391255, "dvar2": 1288089763840.0, "min": 1011752.5625}, "dynamic_complexity": 4.09142780304, "melbands_crest": {"dvar": 7.83765888214, "var": 27.0410842896, "median": 13.1823673248, "max": 31.0131435394, "dmean": 2.88446307182, "dmean2": 4.65018224716, "mean": 13.998626709, "dvar2": 20.5448875427, "min": 2.66036868095}, "zerocrossingrate": {"dvar": 0.000220367568545, "var": 0.00161318352912, "median": 0.04443359375, "max": 0.49462890625, "dmean": 0.00897460058331, "dmean2": 0.0102062607184, "mean": 0.053120881319, "dvar2": 0.00023515826615, "min": 0.00439453125}, "spectral_energyband_low": {"dvar": 0.00015234114835, "var": 0.00017985564773, "median": 0.00371160265058, "max": 0.166699782014, "dmean": 0.0051614199765, "dmean2": 0.00856120698154, "mean": 0.00780939124525, "dvar2": 0.000393401132897, "min": 2.45230949241e-23}, "melbands_kurtosis": {"dvar": 303.67980957, "var": 1522.70495605, "median": 8.68049049377, "max": 527.294006348, "dmean": 8.37930583954, "dmean2": 13.2031955719, "mean": 18.780128479, "dvar2": 730.043151855, "min": -1.86769866943}, "spectral_energyband_middle_high": {"dvar": 4.13145380662e-06, "var": 3.43609935953e-05, "median": 0.0020973677747, "max": 0.0461774133146, "dmean": 0.00114526541438, "dmean2": 0.00163720478304, "mean": 0.00447942037135, "dvar2": 8.56938731886e-06, "min": 1.58203936608e-21}, "barkbands_spread": {"dvar": 52.3770828247, "var": 227.813308716, "median": 15.9323091507, "max": 110.774543762, "dmean": 4.53478527069, "dmean2": 6.80292463303, "mean": 19.3669128418, "dvar2": 98.1401824951, "min": 0.327324867249}, "mfcc": {"mean": [-672.90838623, 135.82623291, 5.53865480423, 24.2688617706, 5.99703788757, -2.11361789703, -1.44618332386, -0.0247536338866, -3.25171804428, 1.70605170727, -1.45138835907, -2.73658180237, -3.28699827194], "cov": [[10171.2744141, -1104.16540527, -893.126220703, -167.282287598, -536.179382324, -241.707565308, -163.264266968, -32.1065940857, -97.0442504883, -73.5367507935, -229.766876221, -80.8189239502, -108.111526489], [-1104.16540527, 1528.58239746, -295.957183838, -45.6225547791, 78.51927948, -26.1442642212, 27.8733787537, 23.3822669983, -36.8475646973, 53.2583427429, 59.8360710144, -21.5037155151, 23.776763916], [-893.126220703, -295.957183838, 910.362426758, -115.35798645, 135.471664429, 74.3020248413, -2.47742080688, -50.2063980103, 29.0141220093, -29.0156841278, -11.7062492371, 58.2990760803, 19.1496925354], [-167.282287598, -45.6225547791, -115.35798645, 405.80764