{"tonal": {"chords_number_rate": 0.00261731166393, "thpcp": [1, 0.933727025986, 0.300779879093, 0.0873468369246, 0.0537395104766, 0.0460114516318, 0.0540633760393, 0.0815832689404, 0.103287875652, 0.107165291905, 0.232134789228, 0.539684891701, 0.58610868454, 0.287431269884, 0.104634359479, 0.0755499005318, 0.0823134481907, 0.132106885314, 0.171306788921, 0.174757927656, 0.207088306546, 0.391068279743, 0.474781692028, 0.309726834297, 0.17112827301, 0.113890178502, 0.111971728504, 0.239331260324, 0.40905085206, 0.418105900288, 0.367780655622, 0.284538984299, 0.205373644829, 0.210856422782, 0.205562993884, 0.408224642277], "hpcp": {"dvar": [0.0360621660948, 0.0356333255768, 0.0297295562923, 0.0488891787827, 0.0338525436819, 0.048245459795, 0.0530967414379, 0.0576921179891, 0.0456566177309, 0.0275589507073, 0.0394193343818, 0.0413572527468, 0.0401097536087, 0.0342366062105, 0.020963549614, 0.0121335461736, 0.0088526615873, 0.00777268828824, 0.00783173926175, 0.00989005714655, 0.0103648919612, 0.0145414676517, 0.0179945845157, 0.0321630612016, 0.0226932410151, 0.0187320616096, 0.0111665185541, 0.00983303319663, 0.0121628558263, 0.0220182519406, 0.024960052222, 0.0240356177092, 0.0272104609758, 0.0286761000752, 0.0328725799918, 0.0310270264745], "mean": [0.061585739255, 0.0409868620336, 0.0402964502573, 0.0861306712031, 0.147209450603, 0.150468185544, 0.132357105613, 0.102400049567, 0.0739099830389, 0.075883127749, 0.073978126049, 0.146912112832, 0.359880566597, 0.336030215025, 0.10824482888, 0.0314344279468, 0.0193398054689, 0.0165586266667, 0.0194563586265, 0.0293602328748, 0.0371713005006, 0.0385667048395, 0.0835407972336, 0.19422210753, 0.210929125547, 0.10344093293, 0.0376558713615, 0.0271889399737, 0.0296230111271, 0.0475426986814, 0.0616499856114, 0.0628919824958, 0.0745270550251, 0.140737876296, 0.170864701271, 0.11146466434], "min": [0, 0, 0, 0, 0, 0, 0, 0, 0, 0, 0, 0, 0, 0, 0, 0, 0, 0, 0, 0, 0, 0, 0, 0, 0, 0, 0, 0, 0, 0, 0, 0, 0, 0, 0, 0], "median": [0.00541371433064, 0.00216594198719, 0.00135281111579, 0.00231332750991, 0.00388065911829, 0.00854882784188, 0.00867816992104, 0.00602663680911, 0.00413983687758, 0.00221090111881, 0.00241304375231, 0.0605927668512, 0.173383712769, 0.137495070696, 0.0406990870833, 0.00533519592136, 0.00172372860834, 0.00108272954822, 0.00138829345815, 0.00274963490665, 0.00367537233979, 0.00346750300378, 0.00790053792298, 0.0245438553393, 0.0254426337779, 0.0178801342845, 0.008296280168, 0.0034055125434, 0.00178521266207, 0.00245060096495, 0.00472862413153, 0.00876678340137, 0.0125573286787, 0.0114886621013, 0.00973750744015, 0.010106259957], "dvar2": [0.119612194598, 0.121860928833, 0.0961235687137, 0.14045779407, 0.0935322120786, 0.136941000819, 0.166424572468, 0.199732810259, 0.15271179378, 0.0804161205888, 0.124756917357, 0.12581820786, 0.111223600805, 0.0911479592323, 0.0582828372717, 0.0349217317998, 0.0258876234293, 0.0225895997137, 0.0233945250511, 0.0293320901692, 0.0285263955593, 0.0419437661767, 0.0503591299057, 0.0878387764096, 0.0603870265186, 0.0547534823418, 0.0308169089258, 0.0281809605658, 0.0341381393373, 0.0622217878699, 0.0697829052806, 0.0658928602934, 0.0689964815974, 0.0779486298561, 0.0869874283671, 0.0846668258309], "var": [0.0276810526848, 0.0214814096689, 0.0184558872133, 0.0463248342276, 0.09198795259, 0.0802996531129, 0.0758122205734, 0.0576095432043, 0.0351171381772, 0.0449836961925, 0.0350118391216, 0.0437237396836, 0.141855806112, 0.136436879635, 0.0246572848409, 0.00871827825904, 0.00590095529333, 0.00521130813286, 0.00549912778661, 0.00929751247168, 0.0129135027528, 0.0129408296198, 0.030022367835, 0.0962807610631, 0.116692237556, 0.0366270430386, 0.0100560793653, 0.00808229390532, 0.0102758817375, 0.0221093259752, 0.0305584855378, 0.0272008180618, 0.0296351592988, 0.0792172700167, 0.105245031416, 0.0519355945289], "dmean2": [0.14207573235, 0.119895555079, 0.120730258524, 0.175727844238, 0.143341720104, 0.205445632339, 0.216911315918, 0.221580192447, 0.194281518459, 0.116577669978, 0.170161604881, 0.258000820875, 0.25955748558, 0.214239493012, 0.158663332462, 0.0687388554215, 0.0464527606964, 0.0407318510115, 0.0440402254462, 0.0551747195423, 0.0631554499269, 0.0811831280589, 0.110439673066, 0.166473940015, 0.13160905242, 0.11905656755, 0.0717977881432, 0.0571521632373, 0.065107524395, 0.0952353477478, 0.109080635011, 0.113641299307, 0.13099630177, 0.144167855382, 0.144067913294, 0.139250293374], "max": [1, 1, 1, 1, 1, 1, 1, 1, 1, 1, 1, 1, 1, 1, 1, 1, 1, 1, 1, 1, 1, 1, 1, 1, 1, 1, 1, 1, 1, 1, 1, 1, 1, 1, 1, 1], "dmean": [0.076389119029, 0.0625360012054, 0.0632034763694, 0.0987802967429, 0.0795114859939, 0.116514459252, 0.117433510721, 0.116949796677, 0.101832926273, 0.0635156929493, 0.0919630527496, 0.145079955459, 0.15047518909, 0.129786655307, 0.0910459458828, 0.0377761647105, 0.0252745263278, 0.0220834352076, 0.0243062376976, 0.0307890176773, 0.0358648262918, 0.0446950905025, 0.0622751452029, 0.0931512489915, 0.0749681144953, 0.0681842267513, 0.0404707938433, 0.0315461754799, 0.0358083806932, 0.052439853549, 0.0604091249406, 0.064226269722, 0.0749972015619, 0.0817329585552, 0.0826204791665, 0.0808629915118]}, "key_strength": 0.528547227383, "chords_strength": {"dvar": 5.95067649556e-05, "mean": 0.524057686329, "min": 0.179723128676, "median": 0.520854234695, "dvar2": 8.11327990959e-05, "var": 0.0109613174573, "dmean2": 0.00917823147029, "max": 0.832521378994, "dmean": 0.00851260125637}, "tuning_equal_tempered_deviation": 0.169723585248, "chords_key": "C#", "tuning_frequency": 442.293365479, "chords_scale": "minor", "chords_changes_rate": 0.0566461011767, "key_scale": "major", "tuning_diatonic_strength": 0.52416062355, "hpcp_entropy": {"dvar": 0.27624002099, "mean": 2.40796875954, "min": 0, "median": 2.38587069511, "dvar2": 0.752630710602, "var": 0.550307869911, "dmean2": 1.10933446884, "max": 4.46142911911, "dmean": 0.653487384319}, "chords_histogram": [6.22546291351, 1.53299677372, 0.130865588784, 0.373901665211, 0.0747803300619, 0.037390165031, 0.261731177568, 8.56234836578, 1.00953447819, 0.243036076427, 2.33688545227, 1.00953447819, 5.79547595978, 1.04692471027, 0, 11.0300989151, 8.54365348816, 27.4817714691, 6.28154802322, 0.504767239094, 0, 0, 14.5447750092, 2.97251820564], "tuning_nontempered_energy_ratio": 0.881549656391, "key_key": "C#"}, "metadata": {"version": {"extractor": "music 1.0", "essentia_build_sha": "e76a03f03bb3900de42a1fa0d9be1e72f12def64", "essentia": "2.1-beta1", "essentia_git_sha": "v2.1_beta1-28-g21ef5f4-dirty"}, "audio_properties": {"sample_rate": 44100, "length": 248.321060181, "lossless": false, "analysis_sample_rate": 44100, "downmix": "mix", "bit_rate": 160887, "equal_loudness": 0, "md5_encoded": "c2be7889c42a90f93bcfb5c2eeea6294", "codec": "mp3", "replay_gain": 9.08450126648}, "tags": {"album": ["I’m Like a Virgin Losing a Child"], "replaygain_track_gain": ["+7.17 dB"], "date": ["2006"], "acoustid_id": ["4a331487-863a-41dc-a59a-228fca84c13f"], "musicbrainz_recordingid": ["445fba27-4056-47e1-aefc-648738972493"], "musicbrainz_releasegroupid": ["f3539f03-fcd8-39f0-b6c6-47557bb44fd5"], "title": ["Sleeper 1972"], "discnumber": ["1/1"], "replaygain_album_gain": ["-0.73 dB"], "musicbrainz_albumid": ["53fcfff0-d654-4807-bbf6-1b6411d4e0d6"], "albumartist": ["Manchester Orchestra"], "replaygain_album_peak": ["0.459478"], "musicbrainz_artistid": ["dd91eb4b-6d08-4c14-9eb2-197a02a35f6c"], "file_name": "07 - Manchester Orchestra - Sleeper 1972.mp3", "replaygain_track_peak": ["0.244979"], "tracknumber": ["7/11"], "musicbrainz_albumartistid": ["dd91eb4b-6d08-4c14-9eb2-197a02a35f6c"], "artist": ["Manchester Orchestra"]}}, "lowlevel": {"melbands": {"dvar": [1.22996580103e-05, 3.09535644192e-05, 3.82561756851e-06, 2.11941551242e-06, 2.65124435828e-06, 3.26980313048e-07, 5.44896352039e-07, 5.681297921e-08, 2.79011658222e-08, 2.20751577018e-08, 6.57564447337e-09, 1.16405063366e-08, 1.80012782458e-09, 5.48996847982e-10, 6.13872952471e-10, 1.47729894984e-09, 2.70785671663e-10, 3.97712640599e-10, 1.5183401203e-09, 9.79188841121e-10, 5.7499399686e-10, 1.66448876904e-09, 1.04982111893e-09, 1.10827680366e-10, 1.31338655229e-11, 3.53675075337e-11, 1.27227169772e-11, 6.16150923685e-12, 1.10608596934e-11, 5.59238376094e-12, 1.30733770164e-12, 4.89081268974e-13, 6.72609862772e-13, 1.68277907884e-13, 6.01573302349e-14, 1.75722084046e-14, 1.02912707382e-14, 7.72238243946e-15, 6.07730638952e-15, 4.8559522187e-15], "mean": [0.00756898289546, 0.0105051388964, 0.00321893114597, 0.000706824765075, 0.000722679309547, 0.0002729431435, 0.000249388773227, 0.000100680168543, 5.504044384e-05, 5.00632413605e-05, 3.68740402337e-05, 3.38241407007e-05, 1.96598575712e-05, 1.59959963639e-05, 1.44335008372e-05, 1.49380366565e-05, 5.51499078938e-06, 3.4071583741e-06, 5.08062930749e-06, 6.29788655715e-06, 5.389443686e-06, 6.36716322333e-06, 5.71633972868e-06, 2.23393658416e-06, 1.15037630621e-06, 1.66429413184e-06, 1.4181852066e-06, 1.13218038678e-06, 2.00617500923e-06, 1.44568809901e-06, 5.47117679162e-07, 4.01730517297e-07, 3.76065230512e-07, 2.99055841424e-07, 1.92208233329e-07, 1.01600349467e-07, 6.5949713246e-08, 5.55283712345e-08, 5.00595227493e-08, 4.57286084554e-08], "min": [7.72110553729e-16, 7.36751216285e-16, 6.69364504315e-16, 5.7518407558e-16, 4.5199181549e-16, 3.20760206878e-16, 1.89283620457e-16, 8.21067086082e-17, 2.56631808971e-17, 4.10455953499e-17, 1.40567089595e-16, 3.13206843511e-16, 5.2316651174e-16, 7.02338596979e-16, 7.72302989027e-16, 6.8036867991e-16, 4.42920913188e-16, 1.7001674434e-16, 3.99619655864e-17, 1.7519785959e-16, 5.05649288055e-16, 7.4205311314e-16, 6.12775503658e-16, 2.26525012169e-16, 8.01166444033e-17, 4.24967414596e-16, 7.16714281341e-16, 3.99929544192e-16, 1.07551512169e-16, 5.06969018327e-16, 5.97707793378e-16, 1.54584373142e-16, 4.89155862507e-16, 4.82587122001e-16, 2.33607451688e-16, 5.82738921255e-16, 2.35217687791e-16, 5.4518322738e-16, 2.82877452406e-16, 4.75575436203e-16], "median": [0.00474578049034, 0.00504536321387, 0.00219363369979, 0.000208654353628, 0.000117748451885, 4.96622815263e-05, 2.75475504168e-05, 1.58899238158e-05, 9.72317866399e-06, 7.23944913261e-06, 6.99024212736e-06, 9.61612386163e-06, 3.59518799087e-06, 7.98598739493e-06, 4.80639891975e-06, 1.99850319405e-06, 1.84019029348e-06, 1.22259427826e-06, 9.67854134615e-07, 7.94004392901e-07, 5.5313608982e-07, 5.1257609357e-07, 4.32223998814e-07, 2.96053997317e-07, 2.73031048437e-07, 2.89897229777e-07, 2.48426204053e-07, 2.06739059649e-07, 2.10981397686e-07, 1.78263462658e-07, 1.15563025815e-07, 1.00678597903e-07, 8.70875922487e-08, 8.1210373537e-08, 6.5517674841e-08, 4.55150264145e-08, 2.87133907761e-08, 2.3778476077e-08, 2.18311040356e-08, 2.04411172433e-08], "dvar2": [3.68534274457e-05, 9.56304866122e-05, 8.15181010694e-06, 4.35084439232e-06, 3.90629656977e-06, 6.48884622478e-07, 1.20542608784e-06, 1.19473568816e-07, 6.43375912546e-08, 5.92664335386e-08, 1.63322475544e-08, 2.85090884233e-08, 4.17216394766e-09, 1.3138929944e-09, 1.63157953814e-09, 3.49757467433e-09, 5.83735393356e-10, 1.1686430712e-09, 4.24514068342e-09, 2.41665043532e-09, 1.14865372769e-09, 3.51274676014e-09, 2.36930075559e-09, 2.33112029679e-10, 3.19298545937e-11, 8.63730198475e-11, 2.82429617887e-11, 1.21522306107e-11, 2.44485647005e-11, 1.12540549796e-11, 2.36330399694e-12, 9.24763846229e-13, 1.53120647672e-12, 3.80315028602e-13, 1.394389568e-13, 4.62204093629e-14, 2.78670908913e-14, 2.09232858903e-14, 1.64870033451e-14, 1.32001157102e-14], "var": [8.32288787933e-05, 0.000151960834046, 1.41326690937e-05, 6.91916602591e-06, 1.6212106857e-05, 1.17451986625e-06, 1.32560217025e-06, 1.34519453354e-07, 5.27601073941e-08, 3.41763026768e-08, 1.33451036888e-08, 1.69102225556e-08, 4.83338258306e-09, 1.33086497378e-09, 1.55614987563e-09, 2.79615641752e-09, 6.12947470557e-10, 7.29832416724e-10, 2.65016897316e-09, 1.60127799909e-09, 1.42810585579e-09, 3.06378056258e-09, 2.27349095105e-09, 2.57594390263e-10, 2.8036668473e-11, 6.73030520204e-11, 3.42113073981e-11, 1.89025566033e-11, 3.57172694199e-11, 1.9269353474e-11, 3.79709414952e-12, 1.50211212826e-12, 1.52382414412e-12, 5.22512859803e-13, 1.71450039495e-13, 2.84637730866e-14, 1.13634873944e-14, 8.24688472216e-15, 6.52200673364e-15, 5.24977087016e-15], "dmean2": [0.00330380001105, 0.00515429722145, 0.00181539601181, 0.000549392192625, 0.000471136707347, 0.000220293644816, 0.000220673202421, 9.93617795757e-05, 6.06643916399e-05, 5.73213874304e-05, 3.91318208131e-05, 3.5652628867e-05, 1.78466216312e-05, 1.41815917232e-05, 1.3195426618e-05, 1.55232210091e-05, 5.6586750361e-06, 3.93802702092e-06, 6.02968384555e-06, 7.02160514265e-06, 5.15022929903e-06, 6.75343244438e-06, 5.92335663896e-06, 2.18466038859e-06, 1.20448657981e-06, 1.60598312959e-06, 1.28329315885e-06, 9.66575044004e-07, 1.57172030413e-06, 1.12795646601e-06, 4.94399557738e-07, 3.64144028708e-07, 3.43204135334e-07, 2.63353967966e-07, 1.87271936625e-07, 1.2804355265e-07, 1.02549229553e-07, 8.95212863838e-08, 7.9933464292e-08, 7.20840702684e-08], "max": [0.0788572356105, 0.106768652797, 0.0519140772521, 0.10984737426, 0.080760717392, 0.0250121243298, 0.0257037971169, 0.0109386472031, 0.00922616850585, 0.00575880520046, 0.0025300742127, 0.00766825862229, 0.00216748914681, 0.00104452355299, 0.00110993091948, 0.00182042631786, 0.00126220379025, 0.00174283480737, 0.00286397035234, 0.00144589936826, 0.00113451387733, 0.00237633474171, 0.00148218253162, 0.000506845070049, 0.000201902817935, 0.000388641230529, 0.000179147638846, 0.000123305828311, 0.000137840834213, 9.24902124098e-05, 5.11798207299e-05, 3.31824521709e-05, 5.11788166477e-05, 1.79879971256e-05, 8.80361767486e-06, 3.06108654513e-06, 2.15218324229e-06, 1.80824781637e-06, 1.59291892032e-06, 1.41194493608e-06], "dmean": [0.0020323866047, 0.00314312288538, 0.00121203367598, 0.000367712200386, 0.000342041981639, 0.000146549005876, 0.000147973274579, 6.2723433075e-05, 3.76388379664e-05, 3.4842720197e-05, 2.39800356212e-05, 2.19899484364e-05, 1.14796539492e-05, 8.91726904229e-06, 8.037644875e-06, 9.56087569648e-06, 3.51904895979e-06, 2.4000198664e-06, 3.67815368918e-06, 4.50765674032e-06, 3.60618105333e-06, 4.40280700786e-06, 3.79258381145e-06, 1.45404590057e-06, 7.66437210586e-07, 1.02958767911e-06, 8.35965693113e-07, 6.34761477158e-07, 1.00954548543e-06, 7.3184833127e-07, 3.26019318209e-07, 2.36064778392e-07, 2.2110080522e-07, 1.66027803061e-07, 1.17383308407e-07, 7.7515750263e-08, 6.11033073028e-08, 5.33821555848e-08, 4.76865302801e-08, 4.30398614526e-08]}, "spectral_decrease": {"dvar": 3.31249373206e-17, "mean": -1.1865116889e-08, "min": -1.33612772402e-07, "median": -8.58355342359e-09, "dvar2": 9.27243393939e-17, "var": 1.62952171923e-16, "dmean2": 5.65308022615e-09, "max": 1.00078247911e-08, "dmean": 3.5784450958e-09}, "spectral_rolloff": {"dvar": 48965400, "mean": 14939.78125, "min": 21.533203125, "median": 21899.2675781, "dvar2": 124568584, "var": 98590800, "dmean2": 5692.97314453, "max": 22050, "dmean": 2903.24560547}, "melbands_crest": {"dvar": 6.14756727219, "mean": 21.2471237183, "min": 1.9037719965, "median": 21.5901145935, "dvar2": 16.8236160278, "var": 28.7943401337, "dmean2": 3.8330757618, "max": 38.5215263367, "dmean": 2.43302512169}, "barkbands_skewness": {"dvar": 1.9451944828, "mean": 6.29954910278, "min": -1.955950737, "median": 5.76422595978, "dvar2": 5.15965843201, "var": 11.4364261627, "dmean2": 2.30795049667, "max": 30.1866397858, "dmean": 1.43042874336}, "spectral_centroid": {"dvar": 26001.3554688, "mean": 440.200439453, "min": 91.3557357788, "median": 290.581756592, "dvar2": 42231.7734375, "var": 268524.71875, "dmean2": 156.734848022, "max": 10783.4052734, "dmean": 102.56867218}, "spectral_energyband_middle_low": {"dvar": 9.59891040111e-05, "mean": 0.0126932440326, "min": 7.33867397325e-15, "median": 0.0059324959293, "dvar2": 0.000163620134117, "var": 0.000716224429198, "dmean2": 0.00574543233961, "max": 0.393415361643, "dmean": 0.00401112483814}, "erbbands_crest": {"dvar": 6.962911129, "mean": 11.8628129959, "min": 2.37551760674, "median": 11.2650623322, "dvar2": 18.2703742981, "var": 24.4842605591, "dmean2": 4.87279224396, "max": 29.2284469604, "dmean": 3.02045893669}, "dynamic_complexity": 4.53401279449, "spectral_energyband_low": {"dvar": 0.000441815092927, "mean": 0.0522680878639, "min": 5.20447324221e-15, "median": 0.0378599837422, "dvar2": 0.0013435781002, "var": 0.00228360504843, "dmean2": 0.0216409228742, "max": 0.366540163755, "dmean": 0.0133614148945}, "silence_rate_60dB": {"dvar": 0.00130730937235, "mean": 0.0400149598718, "min": 0, "median": 0, "dvar2": 0.00261143525131, "var": 0.0384137630463, "dmean2": 0.00261829071678, "max": 1, "dmean": 0.00130902288947}, "erbbands_kurtosis": {"dvar": 19.8555755615, "mean": 3.43984174728, "min": -1.82184100151, "median": 1.79218649864, "dvar2": 56.5428390503, "var": 27.0166435242, "dmean2": 4.61432647705, "max": 63.6703948975, "dmean": 2.79839420319}, "spectral_complexity": {"dvar": 4.86770105362, "mean": 7.48644351959, "min": 0, "median": 6, "dvar2": 10.297826767, "var": 36.4053878784, "dmean2": 3.19936418533, "max": 51, "dmean": 1.98653578758}, "barkbands_crest": {"dvar": 4.76549339294, "mean": 15.2033090591, "min": 3.6571097374, "median": 15.0634422302, "dvar2": 13.245762825, "var": 23.3671455383, "dmean2": 3.62269186974, "max": 26.3220062256, "dmean": 2.30506157875}, "spectral_energy": {"dvar": 0.000577406201046, "mean": 0.080190770328, "min": 4.10952034121e-13, "median": 0.0583914443851, "dvar2": 0.00164055312052, "var": 0.00458732293919, "dmean2": 0.0244663078338, "max": 0.520751714706, "dmean": 0.0155183523893}, "spectral_spread": {"dvar": 651704205312, "mean": 4793321, "min": 1070112.75, "median": 4803441.5, "dvar2": 1728789741570.0, "var": 1350349619200.0, "dmean2": 1328214.125, "max": 41368128, "dmean": 800799.3125}, "spectral_contrast_valleys": {"dvar": [0.105273127556, 0.218769311905, 0.210446804762, 0.26218059659, 0.319035172462, 0.302357345819], "mean": [-6.68622684479, -7.13962650299, -7.75574827194, -8.32400798798, -8.39527130127, -10.8831949234], "min": [-26.5336093903, -27.2525367737, -27.6426467896, -27.4282512665, -27.3023319244, -27.2789611816], "median": [-6.45769500732, -7.00168800354, -7.57836151123, -8.16726303101, -8.20435714722, -10.7246303558], "dvar2": [0.260135084391, 0.58823800087, 0.556125402451, 0.724094450474, 0.900515258312, 0.86135917902], "var": [1.4702180624, 1.6615229845, 1.284755826, 1.07198512554, 1.26791453362, 1.16207706928], "dmean2": [0.633429706097, 0.916022121906, 0.863138616085, 0.923623204231, 1.0058068037, 1.07469439507], "max": [-4.65587902069, -3.92146086693, -5.18959331512, -5.34752655029, -5.39848279953, -8.52153682709], "dmean": [0.38262668252, 0.562992691994, 0.52627158165, 0.565649032593, 0.618931412697, 0.658843815327]}, "spectral_rms": {"dvar": 1.02019225778e-06, "mean": 0.00803213845938, "min": 2.00232062042e-08, "median": 0.00754766631871, "dvar2": 2.90996308649e-06, "var": 1.37196439027e-05, "dmean2": 0.00127332948614, "max": 0.0225399751216, "dmean": 0.000815211446024}, "barkbands_spread": {"dvar": 20.431842804, "mean": 6.745429039, "min": 0.163379400969, "median": 2.94611120224, "dvar2": 43.723815918, "var": 178.986694336, "dmean2": 3.71739840508, "max": 139.25668335, "dmean": 2.35157322884}, "pitch_salience": {"dvar": 0.00425469549373, "mean": 0.420043587685, "min": 0.049701012671, "median": 0.430288493633, "dvar2": 0.0122266709805, "var": 0.0208017174155, "dmean2": 0.112986020744, "max": 0.979845881462, "dmean": 0.0690803304315}, "erbbands_skewness": {"dvar": 0.31119787693, "mean": 1.36970067024, "min": -4.05312299728, "median": 1.30661725998, "dvar2": 0.8356782794, "var": 1.29460453987, "dmean2": 0.851055979729, "max": 6.85614824295, "dmean": 0.540699005127}, "spectral_energyband_middle_high": {"dvar": 2.40221879722e-06, "mean": 0.00106984586455, "min": 6.59778492691e-14, "median": 0.0003074798733, "dvar2": 4.85298778585e-06, "var": 8.23472055345e-06, "dmean2": 0.00071602378739, "max": 0.0752950385213, "dmean": 0.000478861446027}, "erbbands": {"dvar": [0.102094471455, 16.0271949768, 147.257583618, 178.040512085, 197.23928833, 645.112670898, 2586.13110352, 590.40838623, 3019.88696289, 501.800506592, 458.800842285, 558.234008789, 253.703765869, 726.94921875, 117.735237122, 61.1652526855, 233.277954102, 98.6392669678, 198.693740845, 479.097290039, 431.161743164, 1145.91870117, 438.306488037, 22.1178531647, 38.9577102661, 12.2990036011, 21.3638534546, 5.22928333282, 1.63417470455, 0.687543749809, 0.123011529446, 0.0309644583613, 0.0153234284371, 0.00725039467216, 0.00295485928655, 0.000993733527139, 0.000278899737168, 0.000169862192706, 3.782841668e-05, 6.57523332848e-06], "mean": [0.68409460783, 7.57937383652, 19.334318161, 20.3669223785, 11.2161436081, 10.6134243011, 21.7068367004, 11.2102632523, 17.3208217621, 10.2870073318, 7.13510465622, 7.8774561882, 7.47608137131, 8.24587726593, 5.57964515686, 6.02429437637, 7.11740970612, 3.59081602097, 2.45954680443, 4.12849140167, 4.98672485352, 6.2434220314, 4.09957647324, 1.65406620502, 2.22311997414, 1.84618282318, 3.08035826683, 1.32102918625, 0.734034597874, 0.574716389179, 0.301071166992, 0.126335173845, 0.0791857764125, 0.0556585676968, 0.0369830466807, 0.0226688291878, 0.015267662704, 0.0126107782125, 0.00725299213082, 0.0100259101018], "min": [8.47019936828e-14, 4.61960114259e-13, 1.49799302736e-12, 3.40916184172e-12, 6.24364058718e-12, 9.62919674552e-12, 1.27015403403e-11, 1.41944190776e-11, 1.28627403867e-11, 8.51602469099e-12, 3.74269408868e-12, 5.89015988761e-12, 2.77147055305e-11, 8.3462597944e-11, 1.7657737772e-10, 2.80295786581e-10, 3.28136823269e-10, 2.5235624701e-10, 9.19733803006e-11, 6.96739263506e-11, 3.78151510105e-10, 6.98909152774e-10, 4.42950509605e-10, 1.59510071818e-10, 7.67003516255e-10, 7.07377822984e-10, 3.70129898952e-10, 1.00595287655e-09, 4.33517166609e-10, 9.34224364535e-10, 6.34265528987e-10, 5.60758162127e-10, 6.38063935021e-10, 5.26640231424e-10, 3.775757762e-10, 2.41653058675e-10, 1.26773758158e-10, 5.01930545738e-11, 1.29429496634e-11, 1.36678645832e-12], "median": [0.469747006893, 3.86533164978, 8.10175228119, 13.5722370148, 5.08818149567, 2.40354299545, 3.41531801224, 2.02379512787, 1.75047767162, 1.53179681301, 1.34049713612, 1.18269586563, 1.40490305424, 2.33264255524, 1.35602879524, 3.13872623444, 1.1046974659, 1.0412722826, 0.789365053177, 0.673836171627, 0.543990492821, 0.506640434265, 0.414049804211, 0.363891035318, 0.382871359587, 0.337545007467, 0.333935141563, 0.248689234257, 0.183245778084, 0.154842615128, 0.11082149297, 0.0586725771427, 0.0344669222832, 0.0248005464673, 0.0171659421176, 0.0110625848174, 0.00824072211981, 0.00551035255194, 0.00342719722539, 0.00667776307091], "dvar2": [0.262482464314, 51.3166046143, 431.717315674, 370.575775146, 402.17098999, 1131.09765625, 3824.01611328, 1199.70446777, 6619.24121094, 1101.82299805, 1027.24206543, 1490.84631348, 626.016479492, 1773.60705566, 276.652160645, 151.406341553, 586.087646484, 221.482345581, 521.111816406, 1271.48754883, 874.988098145, 2455.96704102, 871.41229248, 44.7437362671, 85.6955032349, 20.300157547, 43.5278968811, 8.94104003906, 2.99793338776, 1.42314374447, 0.277934849262, 0.0834354311228, 0.0415253192186, 0.0196976121515, 0.00806324090809, 0.00273601338267, 0.000766107812524, 0.000348379369825, 6.46428379696e-05, 1.79136186489e-05], "var": [0.872696101665, 80.399597168, 727.134399414, 628.5625, 713.983764648, 2216.27514648, 15287.5605469, 1908.34277344, 7184.97851562, 1235.6151123, 924.683349609, 848.182800293, 537.773193359, 1058.25744629, 326.03729248, 168.979904175, 504.385803223, 220.491958618, 456.826324463, 771.538452148, 1095.29138184, 2483.40161133, 1057.65124512, 65.9190979004, 98.3164825439, 47.5115623474, 79.7786178589, 18.772726059, 5.22317123413, 2.22463011742, 0.368303447962, 0.0389888845384, 0.0164508540183, 0.00782890338451, 0.00323593383655, 0.0011112120701, 0.0004312612582, 0.000589603325352, 0.000183592303074, 9.73926507868e-05], "dmean2": [0.309820443392, 3.70595479012, 10.6016111374, 12.1415367126, 7.67715167999, 8.29877567291, 14.2598218918, 9.43390464783, 15.7241287231, 9.79744720459, 7.56406497955, 8.8840637207, 7.68611431122, 8.36578369141, 4.82914686203, 4.87064599991, 7.04800748825, 3.37921023369, 2.54793310165, 4.40041637421, 4.58216381073, 6.19455718994, 3.7711482048, 1.51147890091, 1.91087150574, 1.37671136856, 2.2473757267, 0.99349963665, 0.613727629185, 0.482041984797, 0.291517138481, 0.177559182048, 0.126260578632, 0.0878759026527, 0.0571422427893, 0.0340502224863, 0.0188064258546, 0.0106729231775, 0.00472742971033, 0.00269793020561], "max": [8.63377380371, 75.5267486572, 275.545410156, 355.257080078, 873.317138672, 1678.06237793, 2561.06665039, 1123.51171875, 1797.83630371, 672.54498291, 1208.05517578, 896.622192383, 497.277038574, 1981.03027344, 384.796905518, 429.785308838, 499.159790039, 768.986450195, 1276.86999512, 1229.69311523, 821.309143066, 1632.4798584, 1156.38415527, 265.742980957, 414.096801758, 186.47428894, 204.21987915, 97.6738891602, 70.9885025024, 41.5351676941, 11.8431692123, 3.78830361366, 2.5525226593, 1.72987413406, 1.07977604866, 0.599429666996, 0.303851276636, 0.648391664028, 0.285056501627, 0.076701708138], "dmean": [0.199016422033, 2.21274065971, 6.5405831337, 8.13271999359, 5.0511059761, 5.58962154388, 10.3435487747, 6.16737747192, 10.5292186737, 6.22026872635, 4.71862411499, 5.42882013321, 4.72901725769, 5.1781873703, 3.08887338638, 3.09897589684, 4.2882232666, 2.11112952232, 1.58770692348, 2.78601193428, 3.17400979996, 4.05464267731, 2.55216860771, 1.00024521351, 1.26047372818, 0.937098622322, 1.45922017097, 0.675573766232, 0.406735897064, 0.310536503792, 0.183268025517, 0.106571443379, 0.0753087326884, 0.0524589419365, 0.0341521650553, 0.0203738585114, 0.0113908909261, 0.00680497428402, 0.00304143736139, 0.00172646029387]}, "dissonance": {"dvar": 0.000698861607816, "mean": 0.455956965685, "min": 0, "median": 0.464762151241, "dvar2": 0.00180796696804, "var": 0.00129751698114, "dmean2": 0.0409361980855, "max": 0.500000178814, "dmean": 0.0250047352165}, "erbbands_flatness_db": {"dvar": 0.000972699257545, "mean": 0.141956299543, "min": 0.0288502387702, "median": 0.137502521276, "dvar2": 0.00280669424683, "var": 0.00207753130235, "dmean2": 0.0557590089738, "max": 0.340175062418, "dmean": 0.034260224551}, "melbands_kurtosis": {"dvar": 849.696655273, "mean": 76.5718994141, "min": -1.66122186184, "median": 60.5355644226, "dvar2": 2345.29980469, "var": 3692.93212891, "dmean2": 41.7291030884, "max": 460.258911133, "dmean": 25.670633316}, "melbands_spread": {"dvar": 18.9312057495, "mean": 4.8104352951, "min": 0.287406682968, "median": 1.77641487122, "dvar2": 37.6927642822, "var": 144.526107788, "dmean2": 2.68491363525, "max": 186.108596802, "dmean": 1.7556951046}, "melbands_skewness": {"dvar": 1.29556894302, "mean": 5.49814987183, "min": -1.31418788433, "median": 5.37876605988, "dvar2": 3.60059762001, "var": 5.53800535202, "dmean2": 1.96881628036, "max": 15.6613016129, "dmean": 1.20902121067}, "spectral_entropy": {"dvar": 0.198529735208, "mean": 6.91243696213, "min": 4.41848230362, "median": 7.01014041901, "dvar2": 0.573576450348, "var": 0.443299680948, "dmean2": 0.761232435703, "max": 9.7921257019, "dmean": 0.466112673283}, "zerocrossingrate": {"dvar": 0.00114331464283, "mean": 0.274220764637, "min": 0, "median": 0.2646484375, "dvar2": 0.00196835282259, "var": 0.0146865574643, "dmean2": 0.0486604198813, "max": 0.943359375, "dmean": 0.0378220044076}, "average_loudness": 0.369373053312, "spectral_contrast_coeffs": {"dvar": [0.00160814961419, 0.00148436892778, 0.00117177714128, 0.00085927231703, 0.00058178656036, 0.000944505329244], "mean": [-0.639260530472, -0.806736469269, -0.839856803417, -0.869610190392, -0.890760242939, -0.821610987186], "min": [-0.972229838371, -0.971093893051, -0.961576998234, -0.984318673611, -0.971466124058, -0.958434045315], "median": [-0.635175764561, -0.81622338295, -0.844199895859, -0.872779130936, -0.897487223148, -0.849555373192], "dvar2": [0.00444152439013, 0.00410021329299, 0.00322607392445, 0.00238167261705, 0.00151061778888, 0.00244218367152], "var": [0.00840842723846, 0.00565043650568, 0.00385553902015, 0.00360904820263, 0.00331069109961, 0.00503382924944], "dmean2": [0.0844053849578, 0.0793192610145, 0.0714723020792, 0.0608919225633, 0.0469147004187, 0.0449489541352], "max": [-0.333085387945, -0.401188910007, -0.569982111454, -0.574375271797, -0.6747854352, -0.455377161503], "dmean": [0.0514130145311, 0.0478208623827, 0.0433405227959, 0.0367260202765, 0.0282156318426, 0.0277916640043]}, "barkbands_flatness_db": {"dvar": 0.00175792165101, "mean": 0.257735490799, "min": 0.0307107008994, "median": 0.253733873367, "dvar2": 0.00522303162143, "var": 0.00630305800587, "dmean2": 0.0783843919635, "max": 0.516980111599, "dmean": 0.0484989061952}, "silence_rate_30dB": {"dvar": 0.0340944454074, "mean": 0.714846670628, "min": 0, "median": 1, "dvar2": 0.0827151164412, "var": 0.203840911388, "dmean2": 0.0706938505173, "max": 1, "dmean": 0.0353436172009}, "spectral_energyband_high": {"dvar": 3.64193333269e-08, "mean": 0.000173239706783, "min": 2.92764537656e-13, "median": 5.71253294765e-05, "dvar2": 5.61997381965e-08, "var": 1.79587260618e-07, "dmean2": 0.000121487515571, "max": 0.00910125952214, "dmean": 8.18512999103e-05}, "melbands_flatness_db": {"dvar": 0.00242010573857, "mean": 0.393311858177, "min": 0.0112687116489, "median": 0.392124384642, "dvar2": 0.00720839435235, "var": 0.00924895424396, "dmean2": 0.0919150561094, "max": 0.68560051918, "dmean": 0.0567915588617}, "barkbands": {"dvar": [3.69739109374e-06, 0.000226609423407, 0.000122812925838, 1.42577346196e-05, 4.9441230658e-05, 1.25845772345e-05, 1.01937030195e-05, 1.18239131552e-06, 8.81951791598e-07, 2.80739158143e-07, 1.82006246519e-07, 4.24835668866e-08, 1.36011649943e-07, 1.37734090799e-08, 1.94219637706e-07, 1.64704900385e-07, 3.58159297775e-07, 1.0868474476e-07, 1.20547536397e-08, 6.22306828291e-09, 7.32221439037e-09, 1.18433662877e-09, 2.07061645607e-10, 6.06499434008e-11, 5.81198839056e-11, 8.0011663961e-11, 3.5182099456e-09], "mean": [0.00204119295813, 0.0307552367449, 0.0161786340177, 0.00517272111028, 0.00403172941878, 0.0016350048827, 0.00110814266372, 0.000332145893481, 0.000346520420862, 0.000247043353738, 0.000146127888002, 0.000136816248414, 0.000153738466906, 4.65416269435e-05, 6.11182113062e-05, 9.07161665964e-05, 0.000106911618786, 6.06307730777e-05, 3.8634192606e-05, 3.99181772082e-05, 5.83923174418e-05, 1.96369473997e-05, 1.2087201867e-05, 5.06923879584e-06, 5.08356288265e-06, 8.34781167214e-06, 5.84820772929e-05], "min": [1.5710704637e-15, 2.29603908111e-15, 1.4414565292e-15, 1.33566677277e-15, 2.72870986332e-15, 1.7248121317e-15, 7.99955914837e-16, 2.1395587703e-16, 2.82375929492e-16, 1.48535083532e-15, 3.40019015005e-15, 6.56255928302e-15, 7.17059807256e-15, 4.04250031615e-15, 6.77002570977e-16, 4.69307582975e-15, 1.2466896039e-14, 6.13901273973e-15, 8.60978074181e-15, 1.48412386574e-14, 1.97243022832e-14, 1.85336890556e-14, 2.52689731796e-14, 3.03628717763e-14, 4.69014983914e-14, 6.90313014e-14, 9.31567919592e-14], "median": [0.000864224857651, 0.0172547567636, 0.00749919097871, 0.00325638847426, 0.000911736453418, 0.000325414526742, 0.000127793231513, 6.29417045275e-05, 5.17579428561e-05, 6.70374138281e-05, 2.48668984568e-05, 6.84505503159e-05, 2.09118879866e-05, 1.74702163349e-05, 1.36330627356e-05, 1.05057570181e-05, 8.72989585332e-06, 6.822290743e-06, 7.59154909247e-06, 7.07184335624e-06, 7.47247395338e-06, 4.95021231472e-06, 4.15285649069e-06, 2.23278539124e-06, 2.32561342273e-06, 4.41994598077e-06, 2.94302735711e-05], "dvar2": [9.13231178856e-06, 0.000713556539267, 0.000332908995915, 2.96909165627e-05, 8.55884645716e-05, 2.32772781601e-05, 2.24035775318e-05, 2.45236469709e-06, 2.32890761254e-06, 6.85200632233e-07, 4.47999809694e-07, 1.00267314451e-07, 3.38508840514e-07, 2.65663739896e-08, 5.22363052369e-07, 3.66135623153e-07, 7.78512969646e-07, 2.23240263608e-07, 2.45972788804e-08, 1.09334470366e-08, 1.37743718653e-08, 2.30957963865e-09, 4.73531436285e-10, 1.64372765399e-10, 1.58265067718e-10, 2.16549056464e-10, 6.95502233583e-09], "var": [7.86995406088e-06, 0.00128499197308, 0.000532166159246, 4.86936223751e-05, 0.000238084467128, 4.79188747704e-05, 2.44467228185e-05, 2.5320559871e-06, 1.52972768319e-06, 5.28844736891e-07, 3.44086799942e-07, 1.08120239872e-07, 2.62663888861e-07, 4.07107592082e-08, 3.76738995556e-07, 3.45249333122e-07, 7.25626534859e-07, 2.370403962e-07, 3.10221892619e-08, 2.26468870324e-08, 2.91299322441e-08, 3.5307750057e-09, 6.37422448158e-10, 6.6414922173e-11, 6.3179940446e-11, 1.35531072476e-10, 1.33667956703e-08], "dmean2": [0.00223116856068, 0.0141159910709, 0.0102638090029, 0.00340984854847, 0.00275729456916, 0.00126289436594, 0.000985211925581, 0.000368870561942, 0.000386780127883, 0.000270287069725, 0.00013988930732, 0.000117840856547, 0.00015792879276, 4.90541751788e-05, 7.09470041329e-05, 9.25876374822e-05, 0.000110728979053, 6.01552892476e-05, 3.46369561157e-05, 3.18379352393e-05, 4.13465277234e-05, 1.65664660017e-05, 1.12649995572e-05, 7.89976274973e-06, 7.94347124611e-06, 1.00526276583e-05, 5.09639794473e-05], "max": [0.0316118523479, 0.310110747814, 0.266838222742, 0.118509411812, 0.385758578777, 0.156848624349, 0.108678676188, 0.0715773776174, 0.0308314710855, 0.0228706356138, 0.0298314336687, 0.0103183845058, 0.015786325559, 0.00938737019897, 0.0310691446066, 0.016851708293, 0.0282415952533, 0.0177102014422, 0.00729189813137, 0.00362200452946, 0.00413779681548, 0.00209554377943, 0.0005848792498, 0.000162932643434, 0.000153106855578, 0.000163068936672, 0.00221580290236], "dmean": [0.00139918504283, 0.00850444380194, 0.00648342445493, 0.00224410532974, 0.00192000542302, 0.000856740691233, 0.000661229481921, 0.00023156721727, 0.000235079380218, 0.000164111639606, 8.97537684068e-05, 7.45443394408e-05, 9.64171413216e-05, 3.06117326545e-05, 4.27337472502e-05, 6.09687122051e-05, 7.25493882783e-05, 4.02743571613e-05, 2.26667234529e-05, 2.13434796024e-05, 2.7526402846e-05, 1.09374441308e-05, 7.04879948898e-06, 4.71134535474e-06, 4.7451089813e-06, 6.10063761997e-06, 3.15219185723e-05]}, "erbbands_spread": {"dvar": 84.4155349731, "mean": 34.7014389038, "min": 3.59600615501, "median": 33.3543663025, "dvar2": 225.612442017, "var": 247.556610107, "dmean2": 15.7331075668, "max": 142.192764282, "dmean": 9.70747470856}, "barkbands_kurtosis": {"dvar": 2699.72387695, "mean": 85.6314468384, "min": -1.9123737812, "median": 56.8553085327, "dvar2": 6985.91308594, "var": 8513.62890625, "dmean2": 58.8715209961, "max": 1394.65087891, "dmean": 35.9166603088}, "spectral_flux": {"dvar": 0.000573582248762, "mean": 0.0835023224354, "min": 2.28643020819e-05, "median": 0.0725632533431, "dvar2": 0.0014700704487, "var": 0.00261787534691, "dmean2": 0.0348137691617, "max": 0.388288766146, "dmean": 0.0214699413627}, "silence_rate_20dB": {"dvar": 0.00261119171046, "mean": 0.995792806149, "min": 0, "median": 1, "dvar2": 0.00595724256709, "var": 0.0041894800961, "dmean2": 0.00523658143356, "max": 1, "dmean": 0.00261804577895}, "gfcc": {"cov": [[11733.4560547, 881.532775879, -75.7312011719, 470.746002197, -907.405639648, -500.221496582, 143.569290161, -156.405212402, 33.8740844727, 103.966850281, -262.110351562, 48.1540794373, -58.1493453979], [881.532775879, 676.698791504, 290.163085938, -129.680175781, -47.6777572632, -31.4311580658, 70.520072937, -112.865081787, -26.744726181, -43.2833366394, 38.0339431763, -52.768371582, -0.809657752514], [-75.7312011719, 290.163085938, 757.7421875, -53.9874687195, 118.207649231, 230.033920288, -18.2866210938, 84.7375106812, -23.4603328705, -32.3284568787, 75.5051727295, -38.6137809753, 30.1560668945], [470.746002197, -129.680175781, -53.9874687195, 234.091339111, 70.7577972412, -18.7589550018, 26.876499176, 13.4738140106, 37.6907539368, 7.15242004395, -30.9035339355, 26.823091507, 12.9391622543], [-907.405639648, -47.6777572632, 118.207649231, 70.7577972412, 352.915374756, 137.923797607, 56.855758667, 33.3155021667, 29.5244560242, -53.5908813477, 39.5835380554, -9.64298439026, 27.1014041901], [-500.221496582, -31.4311580658, 230.033920288, -18.7589550018, 137.923797607, 228.126846313, 2.44672846794, 88.4881973267, -26.5166759491, -22.4520282745, 39.3090820312, -6.61831855774, 25.6115550995], [143.569290161, 70.520072937, -18.2866210938, 26.876499176, 56.855758667, 2.44672846794, 148.741470337, -27.064874649, 27.1636657715, -17.2690200806, -5.68553543091, -1.54757153988, -1.91544115543], [-156.405212402, -112.865081787, 84.7375106812, 13.4738140106, 33.3155021667, 88.4881973267, -27.064874649, 165.722564697, 52.3935317993, 25.6753005981, 17.1380882263, 0.345567703247, 27.0827445984], [33.8740844727, -26.744726181, -23.4603328705, 37.6907539368, 29.5244560242, -26.5166759491, 27.1636657715, 52.3935317993, 103.037353516, 40.3494491577, 8.17799282074, -1.53504312038, 1.4347755909], [103.966850281, -43.2833366394, -32.3284568787, 7.15242004395, -53.5908813477, -22.4520282745, -17.2690200806, 25.6753005981, 40.3494491577, 76.3739318848, 22.60987854, 10.5257129669, 2.91204404831], [-262.110351562, 38.0339431763, 75.5051727295, -30.9035339355, 39.5835380554, 39.3090820312, -5.68553543091, 17.1380882263, 8.17799282074, 22.60987854, 64.416305542, 16.0872764587, 16.7676639557], [48.1540794373, -52.768371582, -38.6137809753, 26.823091507, -9.64298439026, -6.61831855774, -1.54757153988, 0.345567703247, -1.53504312038, 10.5257129669, 16.0872764587, 57.8330841064, 24.5195884705], [-58.1493453979, -0.809657752514, 30.1560668945, 12.9391622543, 27.1014041901, 25.6115550995, -1.91544115543, 27.0827445984, 1.4347755909, 2.91204404831, 16.7676639557, 24.5195884705, 54.5662460327]], "mean": [-66.8965682983, 104.699546814, -37.8061561584, 17.3330917358, -9.95226669312, 4.27194595337, -0.985707759857, -11.576956749, -10.9322252274, -8.13401508331, -5.96478748322, -6.8044757843, -6.85098552704], "icov": [[0.000206866185181, -0.000529139419086, 2.3495984351e-05, -0.000684785249177, 0.000456417154055, -4.74649386888e-05, -0.000105520652141, -0.000339176447596, 0.000180273651495, -0.000376540963771, 0.000783352181315, -0.000540506967809, 0.000339741178323], [-0.000529139419086, 0.00537261366844, -0.00173886923585, 0.00231352983974, 0.000989006715827, 0.00129810953513, -0.0015549879754, 0.00411082431674, -0.00249419431202, 0.00475072395056, -0.00658381078392, 0.0060083004646, -0.00413184752688], [2.3495984351e-05, -0.00173886923585, 0.00312827946618, -0.00107726547867, 0.000444839068223, -0.00305403769016, 0.00124836468603, -0.000813721271697, -0.000414231210016, 0.000971527944785, -0.0017323930515, 0.000928940949962, 0.000260026834439], [-0.000684785249177, 0.00231352983974, -0.00107726547867, 0.00980316661298, -0.00494928145781, 0.00202485802583, -0.000422583572799, 0.00083853804972, -0.000617816229351, -0.00322595541365, 0.00582853937522, -0.0036990554072, -0.00128839875106], [0.000456417154055, 0.000989006715827, 0.000444839068223, -0.00494928145781, 0.0107033858076, -0.00533313909546, -0.000836043327581, 0.00415934668854, -0.00779042206705, 0.0112023735419, -0.00966526102275, 0.00625927047804, -0.00371335493401], [-4.74649386888e-05, 0.00129810953513, -0.00305403769016, 0.00202485802583, -0.00533313909546, 0.0151434885338, -0.00344806420617, -0.00831885542721, 0.0108889527619, -0.00347077590413, -0.000827566487715, -0.000215677253436, 0.000975281291176], [-0.000105520652141, -0.0015549879754, 0.00124836468603, -0.000422583572799, -0.000836043327581, -0.00344806420617, 0.010157818906, 0.00318603613414, -0.00595431728289, 0.00230808579363, 0.00179000338539, -0.00182229815982, 0.000385864259442], [-0.000339176447596, 0.00411082431674, -0.000813721271697, 0.00083853804972, 0.00415934668854, -0.00831885542721, 0.00318603613414, 0.0185689404607, -0.0146311828867, 0.00571014173329, -0.00400124490261, 0.0062366896309, -0.00880822259933], [0.000180273651495, -0.00249419431202, -0.000