{"lowlevel": {"barkbands_spread": {"min": 0.0765452682972, "max": 145.662887573, "var": 82.0019378662, "dmean": 1.50875675678, "mean": 5.49873924255, "median": 3.66021871567, "dvar": 8.84934139252, "dmean2": 2.41705584526, "dvar2": 19.9815864563}, "silence_rate_60dB": {"min": 0, "max": 1, "var": 0.203411832452, "dmean": 0.0465372204781, "mean": 0.284153431654, "median": 0, "dvar": 0.0443685613573, "dmean2": 0.0930817574263, "dvar2": 0.0984142869711}, "melbands_crest": {"min": 1.82498705387, "max": 38.4394721985, "var": 31.3185005188, "dmean": 2.5080063343, "mean": 17.1169891357, "median": 16.3082942963, "dvar": 6.768679142, "dmean2": 4.01314592361, "dvar2": 15.9485464096}, "melbands_skewness": {"min": -1.37488591671, "max": 18.4788322449, "var": 2.48516511917, "dmean": 0.648375332355, "mean": 2.45714259148, "median": 2.19646763802, "dvar": 0.561990976334, "dmean2": 1.02263987064, "dvar2": 1.34054458141}, "spectral_rms": {"min": 3.13963547001e-12, "max": 0.0251971874386, "var": 6.82301651977e-06, "dmean": 0.000573687197175, "mean": 0.00319334631786, "median": 0.00256399065256, "dvar": 1.23908114347e-06, "dmean2": 0.000827170268167, "dvar2": 2.50706261795e-06}, "spectral_energyband_middle_high": {"min": 1.44694457579e-21, "max": 0.0602251812816, "var": 3.56165901394e-06, "dmean": 0.000286244612653, "mean": 0.000679400400259, "median": 0.000136373913847, "dvar": 1.77387926215e-06, "dmean2": 0.000408355612308, "dvar2": 4.13344514527e-06}, "mfcc": {"cov": [[8114.10791016, 1265.23791504, -919.951782227, 177.093322754, 42.6526565552, -28.5348854065, 88.4948425293, 2.78333902359, -204.070571899, 62.9009361267, 191.072753906, -59.6171875, -16.0231590271], [1265.23791504, 1687.98144531, 21.4571208954, -34.6312446594, 9.2442741394, -47.1310920715, 59.2225990295, 31.9540958405, 0.176474303007, -83.4302444458, -45.5730056763, -3.68838739395, -17.1469306946], [-919.951782227, 21.4571208954, 665.485839844, 125.338409424, 83.089515686, 70.6322479248, 65.5237197876, 73.5484695435, 107.115081787, 52.2687644958, -17.2469444275, 24.8495826721, 20.1286830902], [177.093322754, -34.6312446594, 125.338409424, 283.3644104, 85.8653335571, 66.2599029541, 26.9601650238, 28.5539531708, 34.6332168579, 59.3215751648, 62.0602111816, 20.4193687439, 18.0966587067], [42.6526565552, 9.2442741394, 83.089515686, 85.8653335571, 150.605789185, 60.0723838806, 36.5582466125, 23.6699943542, 22.9301185608, 31.1724777222, 22.9355392456, 12.5783376694, 7.63399267197], [-28.5348854065, -47.1310920715, 70.6322479248, 66.2599029541, 60.0723838806, 155.371170044, 94.8095703125, 39.4391403198, 39.5144577026, 48.8775787354, 25.0533657074, 2.69346833229, 30.4732131958], [88.4948425293, 59.2225990295, 65.5237197876, 26.9601650238, 36.5582466125, 94.8095703125, 162.209503174, 79.7979354858, 39.0082511902, 29.2786045074, 7.81568861008, 6.3519115448, 25.6921920776], [2.78333902359, 31.9540958405, 73.5484695435, 28.5539531708, 23.6699943542, 39.4391403198, 79.7979354858, 126.248703003, 65.0279541016, 6.63593435287, -1.49473559856, 1.06980025768, 9.10837841034], [-204.070571899, 0.176474303007, 107.115081787, 34.6332168579, 22.9301185608, 39.5144577026, 39.0082511902, 65.0279541016, 123.302337646, 47.4479217529, -17.2628669739, 8.6847743988, 9.77645969391], [62.9009361267, -83.4302444458, 52.2687644958, 59.3215751648, 31.1724777222, 48.8775787354, 29.2786045074, 6.63593435287, 47.4479217529, 127.16318512, 63.9477157593, 5.85027599335, 23.2624416351], [191.072753906, -45.5730056763, -17.2469444275, 62.0602111816, 22.9355392456, 25.0533657074, 7.81568861008, -1.49473559856, -17.2628669739, 63.9477157593, 134.692718506, 41.1106719971, 15.4762926102], [-59.6171875, -3.68838739395, 24.8495826721, 20.4193687439, 12.5783376694, 2.69346833229, 6.3519115448, 1.06980025768, 8.6847743988, 5.85027599335, 41.1106719971, 89.0751800537, 29.7776222229], [-16.0231590271, -17.1469306946, 20.1286830902, 18.0966587067, 7.63399267197, 30.4732131958, 25.6921920776, 9.10837841034, 9.77645969391, 23.2624416351, 15.4762926102, 29.7776222229, 70.9109954834]], "mean": [-826.354797363, 191.225280762, 25.8344497681, 17.0685825348, 6.13101911545, -7.34073066711, -3.7710711956, -8.17573070526, -9.465092659, -3.01871752739, -1.76973056793, -6.92687988281, -5.52080631256], "icov": [[0.000210104073631, -0.000174333777977, 0.000338704761816, -0.00025032076519, -5.74305558985e-05, 9.57846350502e-05, -0.00010456545715, -0.000251158606261, 0.000415307615185, -0.000398711796151, 1.04974633359e-05, 7.70845435909e-05, 4.71036655654e-05], [-0.000174333777977, 0.000797914282884, -0.000309054041281, 0.000206919983611, -0.000138082148624, 0.000459131464595, -0.000575804209802, 0.000486554461531, -0.000688653904945, 0.000984718906693, -0.000226931646466, 0.000130300672026, -8.11271020211e-05], [0.000338704761816, -0.000309054041281, 0.00250342790969, -0.00102232652716, -0.000560708984267, 3.82883263228e-05, -0.000243772214162, -0.000773963693064, -0.000141935961437, -0.00115745130461, 0.000984743004665, -0.000580953608733, 0.00021204155928], [-0.00025032076519, 0.000206919983611, -0.00102232652716, 0.00542088225484, -0.00183139462024, -0.00119573995471, 0.00111219228711, -0.000205873613595, -0.00090641254792, 0.000198852285394, -0.00196791859344, 0.000206293523661, -0.000362657097867], [-5.74305558985e-05, -0.000138082148624, -0.000560708984267, -0.00183139462024, 0.00923382304609, -0.00287992553785, 0.000355055235559, -0.000760983501095, 0.000868358532898, -0.00102004979271, 0.00062458118191, -0.00151015480515, 0.00150556862354], [9.57846350502e-05, 0.000459131464595, 3.82883263228e-05, -0.00119573995471, -0.00287992553785, 0.0137337427586, -0.00775571120903, 0.00303016393445, -0.00309030571952, 0.000650393194519, -0.00233461637981, 0.0033347310964, -0.00342225562781], [-0.00010456545715, -0.000575804209802, -0.000243772214162, 0.00111219228711, 0.000355055235559, -0.00775571120903, 0.0147941224277, -0.00878188945353, 0.00405580364168, -0.00356019521132, 0.00281530362554, -0.00240265228786, -0.00031166311237], [-0.000251158606261, 0.000486554461531, -0.000773963693064, -0.000205873613595, -0.000760983501095, 0.00303016393445, -0.00878188945353, 0.0187333337963, -0.0118501894176, 0.00842704065144, -0.0058688824065, 0.0044553456828, -0.0018323311815], [0.000415307615185, -0.000688653904945, -0.000141935961437, -0.00090641254792, 0.000868358532898, -0.00309030571952, 0.00405580364168, -0.0118501894176, 0.0216766670346, -0.0131138870493, 0.0103382579982, -0.00684538949281, 0.00341785908677], [-0.000398711796151, 0.000984718906693, -0.00115745130461, 0.000198852285394, -0.00102004979271, 0.000650393194519, -0.00356019521132, 0.00842704065144, -0.0131138870493, 0.0212598964572, -0.0125237908214, 0.00773483561352, -0.00521748652682], [1.04974633359e-05, -0.000226931646466, 0.000984743004665, -0.00196791859344, 0.00062458118191, -0.00233461637981, 0.00281530362554, -0.0058688824065, 0.0103382579982, -0.0125237908214, 0.0183176733553, -0.00983542576432, 0.00365551724099], [7.70845435909e-05, 0.000130300672026, -0.000580953608733, 0.000206293523661, -0.00151015480515, 0.0033347310964, -0.00240265228786, 0.0044553456828, -0.00684538949281, 0.00773483561352, -0.00983542576432, 0.0190939400345, -0.00827624462545], [4.71036655654e-05, -8.11271020211e-05, 0.00021204155928, -0.000362657097867, 0.00150556862354, -0.00342225562781, -0.00031166311237, -0.0018323311815, 0.00341785908677, -0.00521748652682, 0.00365551724099, -0.00827624462545, 0.019700454548]]}, "gfcc": {"cov": [[15579.4082031, 1547.65185547, -737.43371582, -134.941940308, -15.1497478485, -17.639093399, -268.146270752, 44.0053405762, -217.79359436, 31.6243457794, 177.219100952, 73.8601303101, -173.235610962], [1547.65185547, 1199.20080566, 22.5763015747, -283.078643799, 80.2375564575, -162.582794189, 55.8544502258, -114.890556335, -4.67572021484, -97.6816253662, 46.6979904175, -31.779296875, 53.9433555603], [-737.43371582, 22.5763015747, 1036.4732666, 153.459701538, 134.333206177, 174.040557861, 116.406936646, 140.647079468, -9.33115768433, 19.5295715332, -106.92212677, 44.5336303711, -14.2116060257], [-134.941940308, -283.078643799, 153.459701538, 426.937255859, 61.435634613, 114.580253601, 28.9648838043, 62.9737472534, 43.3266067505, 52.2089500427, -19.4605998993, -35.2736701965, -38.8690986633], [-15.1497478485, 80.2375564575, 134.333206177, 61.435634613, 233.626220703, 80.236946106, 91.5456619263, 30.8328819275, 19.3497924805, 24.1736907959, 13.3718137741, 8.96126747131, -13.6035404205], [-17.639093399, -162.582794189, 174.040557861, 114.580253601, 80.236946106, 251.113952637, 77.9870223999, 80.0522689819, -19.7823867798, 29.846786499, -32.6391639709, -5.39801549911, -27.2961101532], [-268.146270752, 55.8544502258, 116.406936646, 28.9648838043, 91.5456619263, 77.9870223999, 175.057113647, 47.955039978, 23.6544151306, 3.89481806755, -5.11413526535, 1.4401692152, -10.4942407608], [44.0053405762, -114.890556335, 140.647079468, 62.9737472534, 30.8328819275, 80.0522689819, 47.955039978, 140.245574951, 32.7710762024, 33.2648124695, -18.5887088776, 15.7125349045, -22.6323032379], [-217.79359436, -4.67572021484, -9.33115768433, 43.3266067505, 19.3497924805, -19.7823867798, 23.6544151306, 32.7710762024, 121.763778687, 55.501335144, 35.2342147827, -10.3729810715, -5.79333686829], [31.6243457794, -97.6816253662, 19.5295715332, 52.2089500427, 24.1736907959, 29.846786499, 3.89481806755, 33.2648124695, 55.501335144, 130.438796997, 50.0188369751, 6.68900346756, -40.1521682739], [177.219100952, 46.6979904175, -106.92212677, -19.4605998993, 13.3718137741, -32.6391639709, -5.11413526535, -18.5887088776, 35.2342147827, 50.0188369751, 132.512878418, 35.3603401184, -4.27329015732], [73.8601303101, -31.779296875, 44.5336303711, -35.2736701965, 8.96126747131, -5.39801549911, 1.4401692152, 15.7125349045, -10.3729810715, 6.68900346756, 35.3603401184, 102.298965454, 25.9012680054], [-173.235610962, 53.9433555603, -14.2116060257, -38.8690986633, -13.6035404205, -27.2961101532, -10.4942407608, -22.6323032379, -5.79333686829, -40.1521682739, -4.27329015732, 25.9012680054, 85.153755188]], "mean": [-171.883483887, 152.899612427, -78.4919662476, 2.59933328629, -52.5405540466, -7.19624042511, -42.1890525818, -0.563240528107, -26.9123706818, -1.82372963428, -13.0795660019, -7.08078813553, -13.0657348633], "icov": [[0.000117462470371, -0.000307538401103, 0.000180839851964, -0.000174041007995, 5.2253188187e-05, -0.000159208939294, 0.000315133191179, -0.000352882925654, 0.000302804546664, -0.000135878071887, 6.69635701342e-05, -0.000355730036972, 0.000354976480594], [-0.000307538401103, 0.00225470517762, -0.000879445986357, 0.00134326971602, -0.000863784051035, 0.00118788622785, -0.00135363731533, 0.00146405794658, -0.000872852047905, 0.00122394890059, -0.00125411967747, 0.00231318711303, -0.00137130869552], [0.000180839851964, -0.000879445986357, 0.00180563912727, -0.00078660500003, -0.000187301251572, -0.000645590247586, 0.000271443481324, -0.00132760230917, 0.000659610086586, -0.000798355962615, 0.00175641931128, -0.00193259911612, 0.000655455340166], [-0.000174041007995, 0.00134326971602, -0.00078660500003, 0.00387654639781, -0.000879330211319, -0.000474060914712, -0.000156964437338, 0.000597838312387, -0.00160636566579, 0.000430448591942, -0.000615794386249, 0.0022962463554, -0.000355361349648], [5.2253188187e-05, -0.000863784051035, -0.000187301251572, -0.000879330211319, 0.0063917376101, -0.00152077653911, -0.00206704274751, 0.000421065109549, -0.000281578308204, -0.0006129903486, -0.000437384325778, -0.00120479834732, 0.00064795819344], [-0.000159208939294, 0.00118788622785, -0.000645590247586, -0.000474060914712, -0.00152077653911, 0.00777763407677, -0.00270296330564, -0.00220494321547, 0.00338182738051, -0.00154870550614, -0.000119214470033, 0.00233267364092, -0.00128518301062], [0.000315133191179, -0.00135363731533, 0.000271443481324, -0.000156964437338, -0.00206704274751, -0.00270296330564, 0.00967208202928, -0.00224061543122, -0.00152655655984, 0.00146286224481, 0.000125493068481, -0.00134180404712, 0.00187242391985], [-0.000352882925654, 0.00146405794658, -0.00132760230917, 0.000597838312387, 0.000421065109549, -0.00220494321547, -0.00224061543122, 0.0134801184759, -0.00541968876496, 0.000299437786452, 0.00223454181105, -0.00247291987762, 0.00170986889862], [0.000302804546664, -0.000872852047905, 0.000659610086586, -0.00160636566579, -0.000281578308204, 0.00338182738051, -0.00152655655984, -0.00541968876496, 0.015362303704, -0.00615930883214, -0.00250287423842, 0.0033211724367, -0.00303863617592], [-0.000135878071887, 0.00122394890059, -0.000798355962615, 0.000430448591942, -0.0006129903486, -0.00154870550614, 0.00146286224481, 0.000299437786452, -0.00615930883214, 0.0149957835674, -0.00480453623459, -0.00038227281766, 0.00520398607478], [6.69635701342e-05, -0.00125411967747, 0.00175641931128, -0.000615794386249, -0.000437384325778, -0.000119214470033, 0.000125493068481, 0.00223454181105, -0.00250287423842, -0.00480453623459, 0.0139514673501, -0.00695142894983, 0.00182282901369], [-0.000355730036972, 0.00231318711303, -0.00193259911612, 0.0022962463554, -0.00120479834732, 0.00233267364092, -0.00134180404712, -0.00247291987762, 0.0033211724367, -0.00038227281766, -0.00695142894983, 0.0176499597728, -0.00740254390985], [0.000354976480594, -0.00137130869552, 0.000655455340166, -0.000355361349648, 0.00064795819344, -0.00128518301062, 0.00187242391985, 0.00170986889862, -0.00303863617592, 0.00520398607478, 0.00182282901369, -0.00740254390985, 0.0182484518737]]}, "erbbands_crest": {"min": 2.69553041458, "max": 32.3430557251, "var": 27.3121242523, "dmean": 2.26292681694, "mean": 13.2617120743, "median": 12.4436454773, "dvar": 5.10270547867, "dmean2": 3.4904191494, "dvar2": 11.6851119995}, "dissonance": {"min": 0.175674363971, "max": 0.499999463558, "var": 0.00321873277426, "dmean": 0.0347082726657, "mean": 0.407475858927, "median": 0.415184020996, "dvar": 0.000913907890208, "dmean2": 0.0579589121044, "dvar2": 0.00246009929106}, "silence_rate_30dB": {"min": 0, "max": 1, "var": 0.0263807401061, "dmean": 0.0144642712548, "mean": 0.972881615162, "median": 1, "dvar": 0.0142547786236, "dmean2": 0.0289308167994, "dvar2": 0.0328080207109}, "spectral_energyband_low": {"min": 3.25198378738e-23, "max": 0.352000743151, "var": 0.00019345821056, "dmean": 0.00203862274066, "mean": 0.00489623937756, "median": 0.00145841063932, "dvar": 7.25982172298e-05, "dmean2": 0.00299613317475, "dvar2": 0.000148374587297}, "barkbands_kurtosis": {"min": -1.78021025658, "max": 1617.2779541, "var": 2373.28540039, "dmean": 7.69907045364, "mean": 16.7429275513, "median": 9.95883655548, "dvar": 804.098754883, "dmean2": 11.7671051025, "dvar2": 1424.8614502}, "spectral_energyband_middle_low": {"min": 1.95055262038e-22, "max": 0.643313288689, "var": 0.00110139965545, "dmean": 0.00489558046684, "mean": 0.0123458849266, "median": 0.00370772974566, "dvar": 0.000316931022098, "dmean2": 0.00697988690808, "dvar2": 0.000586649228353}, "melbands": {"min": [3.71158819248e-24, 1.79021806134e-24, 4.4374025453e-24, 2.03912892049e-24, 5.68330500431e-25, 2.74522332839e-24, 6.73905964188e-24, 3.24531006356e-24, 4.00886608588e-24, 3.27324106442e-24, 3.14232939998e-24, 3.6006159735e-24, 2.10520055725e-24, 3.65710117533e-24, 5.41255689759e-24, 9.1154155553e-24, 4.61659939967e-24, 7.67095680643e-24, 8.07704267892e-24, 7.43283283131e-24, 5.37740249464e-24, 5.74552167505e-24, 3.94070140392e-24, 4.7275463751e-24, 6.60640518649e-24, 6.3300881162e-24, 5.95493387424e-24, 5.9655736357e-24, 8.02982462058e-24, 6.41451634901e-24, 6.89651470084e-24, 5.61009516244e-24, 7.73831606141e-24, 1.05429169501e-23, 8.92123428803e-24, 6.65567467761e-24, 7.85134799621e-24, 6.97046409982e-24, 5.5981281425e-24, 7.93561254039e-24], "max": [0.00703539233655, 0.105794839561, 0.0551829636097, 0.12192979455, 0.0213975906372, 0.0677857622504, 0.0603662841022, 0.00963216368109, 0.0184300653636, 0.02819894813, 0.00430468935519, 0.000847848830745, 0.00192243407946, 0.00110155611765, 0.000484246324049, 0.000442081509391, 0.00543356221169, 0.00193333008792, 0.00164939463139, 0.00116822426207, 0.000320031540468, 0.000300948915537, 0.000280417327303, 0.000148941660882, 0.000123070596601, 8.59616120579e-05, 7.84498406574e-05, 0.000110952620162, 5.99905652052e-05, 3.25554574374e-05, 1.66629670275e-05, 9.09538357519e-06, 1.216135297e-05, 4.19115076511e-06, 2.48579431172e-06, 2.89185686597e-06, 3.42490261573e-06, 1.3207793927e-05, 4.53109396403e-06, 1.39755832151e-06], "var": [2.9849064731e-07, 1.67132966453e-05, 3.95910501538e-06, 1.26954637381e-05, 8.23325819965e-07, 1.53913242684e-05, 1.24516263895e-05, 1.5757656513e-07, 1.88238473697e-07, 3.30420334649e-07, 1.61058011372e-08, 1.64887614673e-09, 4.18312673389e-09, 3.61341201405e-09, 4.02884753337e-10, 2.2195348337e-10, 1.41570746237e-08, 1.26538579615e-09, 8.64583793447e-10, 4.8991116719e-10, 2.46318174191e-11, 2.16043242324e-11, 8.77765082841e-11, 3.24558505072e-11, 2.983703562e-11, 8.1959924958e-12, 3.28049458258e-12, 7.87823972725e-12, 6.363824398e-13, 2.27809551822e-13, 8.48366244876e-14, 6.0618522734e-14, 9.85563017373e-14, 1.36833361482e-14, 6.31172021657e-15, 5.75770010621e-15, 5.46558935941e-15, 2.65721994375e-14, 7.61627546919e-15, 1.50535563595e-15], "dmean": [6.38906858512e-05, 0.000573382654693, 0.000361184793292, 0.000450244522654, 0.000128928659251, 0.000430929590948, 0.000347832450643, 5.55385086045e-05, 4.84514130221e-05, 3.9056634705e-05, 1.43335628309e-05, 6.99373549651e-06, 8.33267131384e-06, 6.0178649619e-06, 2.34757226281e-06, 2.19635489884e-06, 1.0529465726e-05, 3.67693087355e-06, 2.3823513402e-06, 1.47872071921e-06, 4.94512278237e-07, 4.68808110554e-07, 1.32193531499e-06, 9.63108959695e-07, 9.0862675961e-07, 4.49350380904e-07, 1.91857395748e-07, 2.72088129805e-07, 9.18696656527e-08, 5.50923928699e-08, 6.31090770753e-08, 4.47554171501e-08, 4.51156054737e-08, 2.27388490259e-08, 2.54706211678e-08, 2.70249476131e-08, 1.76452150669e-08, 2.91897812588e-08, 2.76110334596e-08, 1.46642538112e-08], "mean": [0.000190179838683, 0.00123952806462, 0.000781719223596, 0.000696660368703, 0.00031818903517, 0.00111386517528, 0.000854341371451, 0.00010973380995, 9.27304499783e-05, 7.60076654842e-05, 2.78350289591e-05, 1.55253183038e-05, 1.8936696506e-05, 1.4479886886e-05, 5.16140516993e-06, 3.8103978568e-06, 1.83401571121e-05, 6.10830647929e-06, 4.06565914091e-06, 2.38762231675e-06, 6.25940401733e-07, 6.15875023868e-07, 1.70780640474e-06, 1.31553395022e-06, 1.15888349228e-06, 5.67531287743e-07, 2.58651567719e-07, 3.42943110354e-07, 1.00867993069e-07, 5.53652625968e-08, 6.03635896823e-08, 4.73244163857e-08, 4.75468269201e-08, 2.21866258698e-08, 2.27155663168e-08, 2.23926690524e-08, 1.51350434408e-08, 2.38414585851e-08, 2.32248833498e-08, 1.13596536622e-08], "median": [4.50010120403e-05, 0.000317531870678, 0.000300407235045, 0.000154471345013, 7.98723194748e-05, 0.000131277309265, 5.28526143171e-05, 1.74085180333e-05, 1.77384608833e-05, 8.05463059805e-06, 3.94211019739e-06, 3.28067767441e-06, 2.53716461884e-06, 1.39572182434e-06, 7.49419541535e-07, 6.11885297985e-07, 7.09447817826e-07, 4.21446429755e-07, 3.48727922983e-07, 2.22883713263e-07, 9.62113588798e-08, 7.49775281861e-08, 7.73427615286e-08, 6.70576554285e-08, 7.13531704832e-08, 3.97392980744e-08, 2.08403179158e-08, 1.68294391756e-08, 1.05632800285e-08, 7.99212074298e-09, 6.40373176708e-09, 4.79522732633e-09, 3.33996252877e-09, 2.49532083885e-09, 2.47825071575e-09, 2.54943888223e-09, 1.99426564151e-09, 2.31028307596e-09, 2.64358046564e-09, 1.88935089795e-09], "dvar": [4.6388329622e-08, 6.27049985269e-06, 1.72836337242e-06, 5.11176176587e-06, 2.34191134041e-07, 3.74623255084e-06, 3.28570217789e-06, 7.59486908919e-08, 8.18631917809e-08, 1.33690079451e-07, 6.73133504492e-09, 7.37470418066e-10, 1.81391235365e-09, 8.93653484546e-10, 1.12895526261e-10, 1.52493628836e-10, 1.004849981e-08, 1.04352049224e-09, 4.13039907832e-10, 2.04710109974e-10, 2.10679772239e-11, 1.79699449765e-11, 7.06442612741e-11, 2.3210898481e-11, 2.06886712623e-11, 6.32019263314e-12, 1.91066346772e-12, 5.85415093138e-12, 6.82877474185e-13, 2.74882330439e-13, 8.8284590684e-14, 5.69793913658e-14, 9.98406273021e-14, 1.31361638757e-14, 7.36943990396e-15, 7.33238221252e-15, 6.62435330114e-15, 4.14324743134e-14, 9.65538023476e-15, 2.13410289874e-15], "dmean2": [8.48642666824e-05, 0.000841664965264, 0.000553339661565, 0.000718736147974, 0.000207882301765, 0.000590353505686, 0.000482865900267, 9.0537017968e-05, 7.01013632352e-05, 4.81970637338e-05, 2.07880711969e-05, 1.08360973172e-05, 1.18314619613e-05, 7.87048429629e-06, 3.22825371768e-06, 3.54172198058e-06, 1.60376730491e-05, 5.68881250729e-06, 3.53579775947e-06, 2.15926206693e-06, 7.90465662703e-07, 7.36234824217e-07, 2.16575995182e-06, 1.5165634295e-06, 1.49940763094e-06, 7.56281224312e-07, 3.01657678392e-07, 4.25155832318e-07, 1.52413448973e-07, 9.56667705054e-08, 1.10702551126e-07, 7.45174375538e-08, 7.49786934762e-08, 3.89654850608e-08, 4.58103066592e-08, 4.87705236196e-08, 3.07065164407e-08, 5.11544833159e-08, 4.91675891112e-08, 2.64859973953e-08], "dvar2": [8.92032332445e-08, 1.25030164781e-05, 3.39255916515e-06, 1.07967907752e-05, 5.25565837961e-07, 6.02800628258e-06, 5.89249020777e-06, 1.97965093207e-07, 1.54267965513e-07, 2.04687253813e-07, 1.3055891479e-08, 1.78627279634e-09, 3.79165321363e-09, 1.4775073387e-09, 1.85231302519e-10, 3.91879390049e-10, 2.51243523763e-08, 2.6895852212e-09, 8.27526436264e-10, 3.58035323611e-10, 4.85814860562e-11, 3.9681535835e-11, 1.78244266569e-10, 5.6024247741e-11, 5.036546874e-11, 1.69398991362e-11, 3.98858073306e-12, 1.35538247292e-11, 1.71788072049e-12, 7.19594468648e-13, 2.26350459643e-13, 1.39443822158e-13, 2.52904793462e-13, 3.3068942143e-14, 2.06712326022e-14, 2.04196248533e-14, 1.75099938346e-14, 1.18169823969e-13, 2.67395036912e-14, 5.89108916068e-15]}, "spectral_contrast_coeffs": {"min": [-0.976877808571, -0.970695018768, -0.974589943886, -0.964949667454, -0.964321017265, -0.962738215923], "max": [-0.200618326664, -0.225102677941, -0.41828045249, -0.514246761799, -0.563111007214, -0.679435372353], "var": [0.00832834001631, 0.0120704993606, 0.00590954581276, 0.0043802363798, 0.00309228850529, 0.000992782181129], "dmean": [0.0440317466855, 0.0405148267746, 0.0322474725544, 0.0279554445297, 0.0215155519545, 0.0177425071597], "mean": [-0.599890768528, -0.690845906734, -0.754697024822, -0.792506635189, -0.815073609352, -0.832051217556], "median": [-0.607812941074, -0.711462676525, -0.762464702129, -0.80348443985, -0.827269136906, -0.835225045681], "dvar": [0.00150440330617, 0.00151320500299, 0.000939778983593, 0.000650248373859, 0.000424161698902, 0.000276850478258], "dmean2": [0.0730943009257, 0.0648809149861, 0.0506701469421, 0.0449291169643, 0.0345214121044, 0.0286155045033], "dvar2": [0.00384114426561, 0.00356937991455, 0.00210514990613, 0.00149076979142, 0.000944586354308, 0.000703609897755]}, "pitch_salience": {"min": 0.0476462841034, "max": 0.883948206902, "var": 0.0196683183312, "dmean": 0.0653323382139, "mean": 0.483125269413, "median": 0.499681532383, "dvar": 0.00447809882462, "dmean2": 0.104461632669, "dvar2": 0.0107576726004}, "erbbands_spread": {"min": 0.894870221615, "max": 89.2607421875, "var": 112.178527832, "dmean": 4.74094390869, "mean": 17.1007843018, "median": 14.977771759, "dvar": 47.4241714478, "dmean2": 7.80075740814, "dvar2": 125.533218384}, "spectral_rolloff": {"min": 21.533203125, "max": 19530.6152344, "var": 1167250.5, "dmean": 94.4073562622, "mean": 529.276428223, "median": 387.59765625, "dvar": 167468.734375, "dmean2": 162.504394531, "dvar2": 397267.875}, "erbbands_flatness_db": {"min": 0.046567235142, "max": 0.482237428427, "var": 0.00350493262522, "dmean": 0.0246797669679, "mean": 0.238623350859, "median": 0.234849080443, "dvar": 0.000706704100594, "dmean2": 0.037728920579, "dvar2": 0.00158877542708}, "spectral_strongpeak": {"min": 0, "max": 11.0105085373, "var": 1.21209347248, "dmean": 0.233508855104, "mean": 0.784937500954, "median": 0.395421713591, "dvar": 0.248153194785, "dmean2": 0.355610966682, "dvar2": 0.463135868311}, "spectral_skewness": {"min": -0.0326044559479, "max": 9.5937166214, "var": 1.53458333015, "dmean": 0.662456929684, "mean": 3.67273044586, "median": 3.6002035141, "dvar": 0.404360473156, "dmean2": 1.09199476242, "dvar2": 0.998441398144}, "melbands_kurtosis": {"min": -1.25414967537, "max": 719.65423584, "var": 951.146972656, "dmean": 7.98167276382, "mean": 17.9150409698, "median": 10.7023868561, "dvar": 274.391021729, "dmean2": 12.6091117859, "dvar2": 586.069152832}, "spectral_entropy": {"min": 4.02001523972, "max": 9.81122684479, "var": 0.409307003021, "dmean": 0.28531396389, "mean": 6.1804189682, "median": 6.1502623558, "dvar": 0.116155445576, "dmean2": 0.452808052301, "dvar2": 0.272039949894}, "spectral_complexity": {"min": 0, "max": 22, "var": 10.0360774994, "dmean": 1.07129943371, "mean": 6.49127483368, "median": 6, "dvar": 1.34259295464, "dmean2": 1.79402518272, "dvar2": 3.07594680786}, "hfc": {"min": 1.11657458059e-16, "max": 193.903793335, "var": 197.464614868, "dmean": 2.19151592255, "mean": 5.91392803192, "median": 1.89803409576, "dvar": 60.0182380676, "dmean2": 3.06036448479, "dvar2": 114.761505127}, "erbbands": {"min": [3.3814044337e-22, 9.57711167242e-22, 2.09492577807e-21, 1.14909313445e-20, 1.58873397546e-20, 2.64361963919e-20, 1.6678751268e-20, 9.7378913497e-20, 4.00991104776e-19, 2.54683766576e-19, 5.87511078824e-19, 5.2631186271e-19, 6.69520659885e-19, 9.85548683525e-19, 7.10882740741e-19, 1.68327077392e-18, 3.4741978638e-18, 3.38049215567e-18, 5.41984081545e-18, 6.43927888188e-18, 5.1071367654e-18, 5.87469957608e-18, 5.09586601597e-18, 9.73974565599e-18, 8.61954789196e-18, 9.15679921828e-18, 1.21791393327e-17, 1.22387012999e-17, 1.09580247068e-17, 1.77326810729e-17, 1.60177818075e-17, 1.36568751632e-17, 9.95059647567e-18, 8.41874814391e-18, 7.32049051845e-18, 4.84147943988e-18, 2.16863512836e-18, 9.85315625387e-19, 2.79770370946e-19, 2.89047828364e-20], "max": [0.657205700874, 20.3308353424, 281.570526123, 201.690109253, 1479.31152344, 1593.15100098, 782.373474121, 2561.4230957, 4535.62353516, 1077.2791748, 1101.88952637, 5254.38427734, 856.295715332, 191.749511719, 427.20993042, 441.770385742, 135.774719238, 2309.40283203, 773.192260742, 1570.58361816, 173.293258667, 188.810577393, 270.516693115, 133.513397217, 64.9041824341, 162.625305176, 104.367324829, 19.3518466949, 16.5002994537, 8.46715736389, 3.21715736389, 5.77354288101, 16.3689861298, 1.47174322605, 1.27005922794, 0.953964233398, 0.15738196671, 0.0453188382089, 0.00248933280818, 0.000716713431757], "var": [0.00179668841884, 0.834512114525, 120.895645142, 89.8600158691, 1516.07006836, 2237.8737793, 780.691650391, 23405.484375, 68211.6953125, 1380.61694336, 1886.46252441, 11360.0351562, 675.729675293, 97.6976470947, 283.449310303, 347.84286499, 28.8124141693, 2720.56567383, 428.747802734, 747.299743652, 12.9374227524, 17.0221138, 53.8630867004, 38.9274864197, 7.26736545563, 15.8557701111, 1.94564282894, 0.188502386212, 0.227116897702, 0.0723187178373, 0.0170936398208, 0.0149705018848, 0.0431556999683, 0.00286327861249, 0.000739070295822, 0.000171887877514, 1.04100645331e-05, 5.87241800076e-07, 3.18435899871e-09, 1.72251179986e-09], "dmean": [0.00434056809172, 0.12043710053, 1.5332095623, 1.65874707699, 5.13340902328, 5.5301618576, 3.68989634514, 17.902097702, 24.7248134613, 5.67035198212, 5.46500825882, 7.01899290085, 3.1022105217, 1.7685021162, 2.26446914673, 1.85638058186, 0.873617768288, 4.85988330841, 2.19706940651, 1.72987425327, 0.459373086691, 0.595980703831, 1.13018023968, 1.07653212547, 0.434086829424, 0.380961507559, 0.14691285789, 0.0941552370787, 0.0818961188197, 0.0501710772514, 0.0459704212844, 0.0330438688397, 0.0423992276192, 0.0203532408923, 0.010747754015, 0.00428683916107, 0.00124815106392, 0.000207329605473, 1.29015425046e-05, 7.46022396925e-06], "mean": [0.0146687887609, 0.30627143383, 3.13642096519, 4.01388692856, 7.42324304581, 9.46839618683, 9.65707778931, 46.2937393188, 61.4249229431, 12.0159225464, 10.6784362793, 13.6567401886, 6.15820026398, 4.09505271912, 5.32222652435, 4.52846908569, 1.74433851242, 8.57287025452, 3.81176304817, 2.89916920662, 0.686736524105, 0.817865967751, 1.56605637074, 1.43770694733, 0.6010851264, 0.505460083485, 0.165306329727, 0.0951370969415, 0.0884601101279, 0.0520206056535, 0.0409940294921, 0.0286210719496, 0.0354402214289, 0.0166613068432, 0.0084919007495, 0.00352442055009, 0.00115715409629, 0.000233484490309, 1.75231652975e-05, 1.97014596779e-05], "median": [0.00436946516857, 0.0644251331687, 0.805020928383, 1.39295935631, 1.9275790453, 2.21357870102, 2.30967950821, 6.02616691589, 3.85314702988, 1.95348608494, 2.40015506744, 1.56532800198, 1.02392554283, 0.981357872486, 0.863341152668, 0.506646156311, 0.362317442894, 0.402159690857, 0.300182849169, 0.247961610556, 0.11567568779, 0.0830673724413, 0.0804473906755, 0.0903869718313, 0.0458539873362, 0.0283700041473, 0.0175673142076, 0.0119293704629, 0.00845410116017, 0.00505609437823, 0.00463232025504, 0.00367186497897, 0.00360850710422, 0.00256818532944, 0.00159378803801, 0.000886492955033, 0.000456672743894, 0.000121237528219, 6.8896074481e-06, 7.73797910369e-06], "dvar": [0.000201645088964, 0.206448912621, 46.2773323059, 36.3674278259, 730.256164551, 757.309204102, 198.352508545, 5840.88378906, 17360.6269531, 740.704040527, 825.009887695, 4638.44970703, 283.861968994, 42.0183944702, 109.15423584, 87.7304916382, 14.4586572647, 1905.8717041, 290.765808105, 329.174621582, 8.92259311676, 12.7406930923, 45.3159675598, 26.5537567139, 4.97833299637, 10.24629879, 2.1583507061, 0.195590689778, 0.211845695972, 0.0673073530197, 0.0197046175599, 0.0181888900697, 0.0652587562799, 0.00370047939941, 0.00104565895163, 0.000260789616732, 1.53113123815e-05, 8.49763637234e-07, 4.1302397058e-09, 5.23447618583e-10], "dmean2": [0.00517632625997, 0.173577859998, 2.24540305138, 2.56646990776, 8.04418468475, 8.98490715027, 5.78993082047, 24.8975257874, 33.9450798035, 9.07185459137, 8.31649303436, 8.65153503418, 4.42653465271, 2.6882545948, 3.17480039597, 2.38759994507, 1.34329473972, 7.42488288879, 3.36398363113, 2.51422190666, 0.717557072639, 0.947183251381, 1.81770634651, 1.7617623806, 0.718916833401, 0.591578006744, 0.242807760835, 0.16402374208, 0.135734274983, 0.0840278863907, 0.0822585225105, 0.0578933954239, 0.0743904560804, 0.0364060662687, 0.0192649606615, 0.00771329551935, 0.00226953183301, 0.000373418006347, 2.25095845963e-05, 1.06838224383e-05], "dvar2": [0.00027484819293, 0.398379832506, 92.1149139404, 78.4786682129, 1379.49304199, 1700.72363281, 412.933227539, 9776.15625, 30166.7519531, 1967.64233398, 1894.03967285, 7112.73974609, 551.561889648, 100.061264038, 220.365737915, 134.834411621, 33.8886413574, 4762.67480469, 713.686462402, 600.16809082, 19.9904384613, 28.7349815369, 116.629135132, 64.9678268433, 12.6996955872, 22.4965648651, 5.48192548752, 0.504653036594, 0.515844941139, 0.169128760695, 0.0555143877864, 0.0485929623246, 0.185627609491, 0.0100650563836, 0.00287984474562, 0.00073415011866, 4.3243086111e-05, 2.41261841438e-06, 1.12626352688e-08, 1.00579122808e-09]}, "erbbands_skewness": {"min": -1.65454947948, "max": 10.6390190125, "var": 1.2309281826, "dmean": 0.423449248075, "mean": 1.48793566227, "median": 1.36703681946, "dvar": 0.21381944418, "dmean2": 0.639623463154, "dvar2": 0.46552926302}, "melbands_spread": {"min": 0.208890721202, "max": 154.672622681, "var": 73.894569397, "dmean": 1.59677433968, "mean": 6.26366376877, "median": 4.50849723816, "dvar": 13.7941207886, "dmean2": 2.56146669388, "dvar2": 35.3687171936}, "spectral_kurtosis": {"min": -1.24444508553, "max": 134.644882202, "var": 253.105361938, "dmean": 8.42279243469, "mean": 23.1451053619, "median": 19.6894569397, "dvar": 72.0879821777, "dmean2": 13.8109989166, "dvar2": 176.942703247}, "spectral_centroid": {"min": 120.50592041, "max": 11324.4580078, "var": 212221.71875, "dmean": 67.2922286987, "mean": 456.639221191, "median": 372.344055176, "dvar": 23374.9472656, "dmean2": 110.168258667, "dvar2": 50808.2773438}, "melbands_flatness_db": {"min": 0.00457054842263, "max": 0.675102233887, "var": 0.0064130271785, "dmean": 0.0312885679305, "mean": 0.365793406963, "median": 0.366113364697, "dvar": 0.00133479968645, "dmean2": 0.0490224733949, "dvar2": 0.00308138970286}, "spectral_flux": {"min": 6.4614993911e-11, "max": 0.580998539925, "var": 0.00189196120482, "dmean": 0.0177925657481, "mean": 0.0361685678363, "median": 0.0235483571887, "dvar": 0.00116232398432, "dmean2": 0.0283673573285, "dvar2": 0.00290139508434}, "spectral_energyband_high": {"min": 7.21151244543e-21, "max": 0.00252737221308, "var": 4.29717994521e-09, "dmean": 1.30227781483e-05, "mean": 1.44927398651e-05, "median": 1.96058817892e-06, "dvar": 4.23004031802e-09, "dmean2": 2.19570883928e-05, "dvar2": 1.07846638286e-08}, "barkbands": {"min": [1.92004622533e-24, 6.85599012728e-24, 1.37109813594e-24, 6.07577000998e-24, 9.85618197771e-24, 3.33638543558e-24, 2.82645454462e-23, 1.77265975309e-23, 1.90530087673e-23, 2.63508083331e-23, 1.81802146395e-23, 3.37573807738e-23, 9.72741542329e-23, 4.88965776444e-23, 1.31713757695e-22, 9.26844037141e-23, 9.00265924849e-23, 1.12211487909e-22, 1.91962826315e-22, 2.1636127175e-22, 3.31478014466e-22, 3.82344169531e-22, 5.81702446926e-22, 6.1346120442e-22, 9.58377092064e-22, 1.28448042679e-21, 2.14448552899e-21], "max": [0.00188120361418, 0.0482433885336, 0.29548856616, 0.0650444701314, 0.430002987385, 0.287308782339, 0.201049074531, 0.0585182644427, 0.201301291585, 0.0226582512259, 0.0121362013742, 0.00864751264453, 0.0028174740728, 0.0533870644867, 0.023779226467, 0.00115024659317, 0.00622264808044, 0.00420089717954, 0.00196179444902, 0.00260324846022, 0.00167438585777, 0.000405134895118, 0.000115297749289, 0.000607890367974, 0.00011570101924, 0.000204101903364, 1.58746861416e-05], "var": [3.07025377344e-10, 7.23925450075e-06, 0.000134848960442, 5.26978055859e-06, 0.000179143826244, 0.000281341024674, 0.000105186969449, 4.34907542513e-06, 1.60926083481e-05, 3.63469013109e-07, 1.81683503797e-07, 1.98902995407e-07, 1.04866826334e-08, 1.07192772703e-06, 2.40742707547e-07, 1.93229343637e-09, 1.30928201614e-08, 1.9017399211e-08, 6.6146190747e-09, 4.10038714094e-09, 4.79078832161e-10, 1.81800893784e-10, 1.98999237228e-11, 8.57060949988e-11, 1.43685471507e-11, 6.5177923822e-12, 8.83160596521e-14], "dmean": [1.33518653911e-06, 0.000338051351719, 0.00168001500424, 0.000419614254497, 0.00178455421701, 0.00194779410958, 0.00106167141348, 0.000226286429097, 0.000276885548374, 8.09213452158e-05, 5.412788596e-05, 4.43886165158e-05, 1.66155914485e-05, 9.31098984438e-05, 4.08136074839e-05, 8.13781480247e-06, 1.24927109937e-05, 2.28588523896e-05, 1.46014590428e-05, 6.54439281789e-06, 2.71002727459e-06, 2.28894100474e-06, 1.49816060002e-06, 2.12909094444e-06, 1.59893602358e-06, 7.56506437938e-07, 8.24798576105e-08], "mean": [2.32066736316e-06, 0.000910282833502, 0.00352765666321, 0.000873191747814, 0.00285255583003, 0.00505087943748, 0.00251124822535, 0.000450218765764, 0.000531126745045, 0.000153187706019, 0.000121040044178, 0.000106903571577, 2.71461449302e-05, 0.000162946991622, 6.90301385475e-05, 1.20032282211e-05, 1.63874483405e-05, 3.07579794026e-05, 1.83384763659e-05, 8.35491846374e-06, 2.81822303805e-06, 2.49044887823e-06, 1.34586275635e-06, 1.82699704965e-06, 1.26873544559e-06, 6.80185110014e-07, 7.60887743922e-08], "median": [7.00026760114e-07, 0.000183710857527, 0.00094635883579, 0.000326449924614, 0.000694068614393, 0.000643697509076, 0.000134324029204, 7.85333540989e-05, 5.73101860937e-05, 2.59274966083e-05, 1.39944922921e-05, 9.9618700915e-06, 5.65502796235e-06, 7.48626371205e-06, 4.97654491483e-06, 2.18395780394e-06, 1.57666841005e-06, 1.31818796945e-06, 1.30189459924e-06, 5.59346858608e-07, 3.70457200916e-07, 2.16496488292e-07, 1.60683654826e-07, 2.00327875177e-07, 2.25790984132e-07, 2.37046663187e-07, 3.17109112302e-08], "dvar": [4.57832521894e-10, 1.46274749113e-06, 5.60251792194e-05, 2.19444086724e-06, 7.50896870159e-05, 6.98161020409e-05, 3.24340835505e-05, 1.72533157183e-06, 6.6971429078e-06, 1.52198538217e-07, 7.58529807854e-08, 4.9134872171e-08, 6.93809409924e-09, 8.15090800188e-07, 1.15681935142e-07, 1.11022080418e-09, 1.03571116128e-08, 1.52906771689e-08, 4.69660532687e-09, 2.72841460536e-09, 5.37683730872e-10, 1.65988556233e-10, 2.22263249472e-11, 1.17950815781e-10, 1.9565899248e-11, 1.01824260829e-11, 1.29233998719e-13], "dmean2": [2.26462429964e-06, 0.000481783674331, 0.00249037821777, 0.000690755201504, 0.00284409127198, 0.0026885275729, 0.00153768644668, 0.000358291086741, 0.000345636421116, 0.000120841781609, 7.64588039601e-05, 5.81649110245e-05, 2.68782641797e-05, 0.000142258140841, 5.98752376391e-05, 1.3236457562e-05, 1.9671564587e-05, 3.69811423298e-05, 2.40651825152e-05, 1.02495469037e-05, 4.62892239739e-06, 3.74285764337e-06, 2.67961854661e-06, 3.71723967874e-06, 2.86433169094e-06, 1.36688356633e-06, 1.49126165638e-07], "dvar2": [1.24836185833e-09, 3.01148065773e-06, 0.000117720643175, 4.70206623504e-06, 0.000158798749908, 0.000112933383207, 6.7905675678e-05, 4.24176732849e-06, 1.03208467408e-05, 2.99222762123e-07, 1.53871340558e-07, 7.8799857306e-08, 1.77182197802e-08, 2.07609218705e-06, 2.35371118151e-07, 2.63205124362e-09, 2.26818777094e-08, 3.94399499726e-08, 1.16269456285e-08, 6.03680128108e-09, 1.36864020117e-09, 4.05340955245e-10, 6.09960693065e-11, 3.26667692896e-10, 5.36996246081e-11, 2.8970232463e-11, 3.57746791175e-13]}, "barkbands_flatness_db": {"min": 0.0222876612097, "max": 0.522331595421, "var": 0.00447500497103, "dmean": 0.0279497914016, "mean": 0.266991794109, "median": 0.265050888062, "dvar": 0.000997212599032, "dmean2": 0.0434762388468, "dvar2": 0.00227443524636}, "erbbands_kurtosis": {"min": -1.67459189892, "max": 153.51322937, "var": 80.3132629395, "dmean": 2.50648140907, "mean": 5.10676193237, "median": 2.81656956673, "dvar": 22.4421977997, "dmean2": 3.86314487457, "dvar2": 46.8455238342}, "spectral_energy": {"min": 1.01037438027e-20, "max": 0.65077072382, "var": 0.00137789908331, "dmean": 0.0065260832198, "mean": 0.0174460560083, "median": 0.00673839915544, "dvar": 0.00041262205923, "dmean2": 0.00927135162055, "dvar2": 0.000782861025073}, "spectral_spread": {"min": 717763, "max": 42551008, "var": 2719615811580.0, "dmean": 674545.3125, "mean": 2868348.75, "median": 2508516, "dvar": 800695386112, "dmean2": 1106149.25, "dvar2": 1890624208900.0}, "spectral_contrast_valleys": {"min": [-27.5814437866, -27.7246875763, -27.7309322357, -27.6047420502, -27.4862136841, -27.3247814178], "max": [-5.91211462021, -4.5867190361, -5.99504184723, -6.86463165283, -7.11786174774, -9.47864341736], "var": [2.34782409668, 1.89231204987, 1.69887804985, 1.49086070061, 1.31565320492, 1.26451420784], "dmean": [0.386555612087, 0.334770947695, 0.335712462664, 0.355443060398, 0.376701235771, 0.418222784996], "mean": [-8.29345607758, -7.54815006256, -8.92158699036, -9.73708724976, -10.0646743774, -12.4594573975], "median": [-7.8994846344, -7.29609584808, -8.67103672028, -9.56695747375, -9.97365570068, -12.409362793], "dvar": [0.13090531528, 0.11543918401, 0.123968623579, 0.148314744234, 0.204759806395, 0.227789252996], "dmean2": [0.657892942429, 0.552108883858, 0.541567385197, 0.57577174902, 0.612444937229, 0.654499232769], "dvar2": [0.328501522541, 0.269679158926, 0.291716128588, 0.345639407635, 0.485792309046, 0.522796809673]}, "zerocrossingrate": {"min": 0, "max": 0.5166015625, "var": 0.000745495723095, "dmean": 0.00334726576693, "mean": 0.0219560749829, "median": 0.01806640625, "dvar": 4.22653574788e-05, "dmean2": 0.00451195659116, "dvar2": 7.23299381207e-05}, "spectral_decrease": {"min": -1.68116287114e-07, "max": 9.24154113437e-29, "var": 9.06437154555e-17, "dmean": 1.6778949341e-09, "mean": -4.48030190725e-09, "median": -1.73743819332e-09, "dvar": 2.71827596589e-17, "dmean2": 2.38532082975e-09, "dvar2": 5.15820598652e-17}, "barkbands_s