{"metadata": {"audio_properties": {"downmix": "mix", "bit_rate": 0, "lossless": true, "md5_encoded": "18698a93a201d7b02bbde953add60de7", "analysis_sample_rate": 44100, "sample_rate": 44100, "replay_gain": -11.9360046387, "equal_loudness": 0, "codec": "flac", "length": 180.866668701}, "tags": {"releasestatus": ["official"], "musicbrainz_albumid": ["7a3a87b7-ca82-4f4b-98b5-64d194be4dab"], "musicbrainz_recordingid": ["1ca3a403-0048-4b62-ac5c-83eac6085007"], "tracknumber": ["5"], "artist": ["Lennie Hibbert"], "acoustid_id": ["30f2bcc4-2f46-4a2d-b90d-7ac13f235bb0"], "barcode": ["5026328100487"], "originaldate": ["2001-01-29"], "albumartist": ["Various Artists"], "asin": ["B000050XFT"], "releasetype": ["album", "compilation"], "media": ["CD"], "compilation": ["1"], "musicbrainz_albumartistid": ["89ad4ac3-39f7-470e-963a-56509c546377"], "file_name": "05 - Lennie Hibbert - Village Soul.flac", "catalognumber": ["SJR CD 48"], "musicbrainz_artistid": ["4062c824-e095-44da-ad73-67e418df23aa"], "albumartistsort": ["Various Artists"], "script": ["Latn"], "label": ["Soul Jazz Records"], "releasecountry": ["GB"], "album": ["Studio One Rockers"], "date": ["2001-01-29"], "title": ["Village Soul"], "discnumber": ["1"], "artistsort": ["Hibbert, Lennie"], "disctotal": ["1"], "musicbrainz_releasegroupid": ["2d1c28ac-d896-32df-a984-53f539b92771"], "tracktotal": ["15"], "genre": ["Jamaica - Reggae"]}, "version": {"essentia_build_sha": "2d9f1f26377add8aeb1075a9c2973f962c4f09fd", "essentia_git_sha": "v2.1_beta2-1-ge3940c0", "extractor": "music 1.0", "essentia": "2.1-beta2"}}, "tonal": {"chords_scale": "major", "hpcp": {"dmean": [0.128892049193, 0.14155779779, 0.181242197752, 0.184841364622, 0.122470669448, 0.0675657838583, 0.0659191757441, 0.0787391290069, 0.104711569846, 0.133214727044, 0.108404777944, 0.0657771155238, 0.0538397096097, 0.0606762766838, 0.0833710134029, 0.112591318786, 0.155397057533, 0.183886244893, 0.177054822445, 0.159595012665, 0.107986778021, 0.0941096991301, 0.0917555838823, 0.113171964884, 0.120012819767, 0.0826940089464, 0.0364283174276, 0.0251841135323, 0.0273830033839, 0.0452139303088, 0.0558328814805, 0.0477699898183, 0.0676294118166, 0.0929556190968, 0.116180308163, 0.136881187558], "dvar2": [0.148004695773, 0.147140532732, 0.163501217961, 0.15725196898, 0.103906139731, 0.0783233195543, 0.089276060462, 0.11556045711, 0.104159772396, 0.12014631182, 0.104360364377, 0.0735369920731, 0.0636319220066, 0.0802154392004, 0.0990284606814, 0.122615762055, 0.156416088343, 0.130071148276, 0.137178227305, 0.133991211653, 0.102044865489, 0.0975354686379, 0.0930008590221, 0.0849109217525, 0.0971687138081, 0.0541899316013, 0.0223009176552, 0.0157343670726, 0.0227409172803, 0.0415120609105, 0.0476471893489, 0.0323036275804, 0.0508108660579, 0.0820202901959, 0.11507807672, 0.17024461925], "mean": [0.0999649688601, 0.12674228847, 0.236114814878, 0.254617094994, 0.125529959798, 0.0469976849854, 0.0418273992836, 0.0490586087108, 0.0967224314809, 0.14352209866, 0.100303545594, 0.0435915216804, 0.035440556705, 0.0380375236273, 0.0608767271042, 0.111051984131, 0.162793502212, 0.306281656027, 0.362107336521, 0.195935741067, 0.0888673588634, 0.0734991729259, 0.0686296224594, 0.142300724983, 0.193760856986, 0.106229111552, 0.0315248444676, 0.0228959713131, 0.0207157060504, 0.0395858809352, 0.0548968426883, 0.044295348227, 0.0744576975703, 0.114475131035, 0.121703632176, 0.117120280862], "var": [0.0477443635464, 0.060773473233, 0.106220722198, 0.112450808287, 0.0407436266541, 0.0201385039836, 0.0204325728118, 0.0248469915241, 0.0357763469219, 0.0634265318513, 0.0389957241714, 0.0173343773931, 0.0158225893974, 0.0173860434443, 0.0261226817966, 0.0555853098631, 0.0716824010015, 0.117889791727, 0.159744828939, 0.0682223513722, 0.035268124193, 0.0307441614568, 0.0248061753809, 0.049859277904, 0.0924387127161, 0.0321151576936, 0.00737230293453, 0.00774517469108, 0.00531052332371, 0.0119486814365, 0.019109711051, 0.0109504591674, 0.0270669516176, 0.0543557852507, 0.0564981773496, 0.0605580173433], "dmean2": [0.234058722854, 0.247360408306, 0.313108086586, 0.317050337791, 0.21261510253, 0.125604316592, 0.124121330678, 0.148918449879, 0.183122754097, 0.229101777077, 0.190771833062, 0.122490279377, 0.101587891579, 0.114873975515, 0.151917636395, 0.198962897062, 0.272493839264, 0.312414556742, 0.301378190517, 0.276415288448, 0.192644685507, 0.168633118272, 0.165595561266, 0.195369660854, 0.20585514605, 0.141875132918, 0.0649809986353, 0.04454895854, 0.0500809773803, 0.0806505605578, 0.0973832160234, 0.0835688188672, 0.116495810449, 0.157575547695, 0.202567443252, 0.24607385695], "dvar": [0.056782156229, 0.0571309477091, 0.0680479258299, 0.0660352408886, 0.0384876541793, 0.0285425186157, 0.0314677394927, 0.0404116101563, 0.0395556055009, 0.0495769418776, 0.0404467210174, 0.026403054595, 0.0226912647486, 0.0279826447368, 0.0356794707477, 0.0479568205774, 0.0597039721906, 0.055885642767, 0.0634719878435, 0.048496440053, 0.0380748584867, 0.035754006356, 0.0338241718709, 0.0328625179827, 0.0391388498247, 0.0202954672277, 0.0080559886992, 0.00609121844172, 0.00798696838319, 0.0153120225295, 0.0185788627714, 0.0121921524405, 0.0208450518548, 0.0341939665377, 0.046114243567, 0.0645988360047], "min": [0, 0, 0, 0, 0, 0, 0, 0, 0, 0, 0, 0, 0, 0, 0, 0, 0, 0, 0, 0, 0, 0, 0, 0, 0, 0, 0, 0, 0, 0, 0, 0, 0, 0, 0, 0], "median": [0.00908435881138, 0.0115367807448, 0.0471489056945, 0.0695196092129, 0.0344876162708, 0.00387704838067, 0.00149493757635, 0.00324053689837, 0.0182636976242, 0.0277671888471, 0.0152631914243, 0.00275278813206, 0.00137534271926, 0.00202022911981, 0.00452753109857, 0.00761958863586, 0.0305414032191, 0.136819094419, 0.138409301639, 0.0658018141985, 0.00969296321273, 0.00502225290984, 0.00939497817308, 0.0306480415165, 0.0375996828079, 0.0197620019317, 0.00461991969496, 0.00202871952206, 0.00225535500795, 0.00674564950168, 0.00942714978009, 0.0088830627501, 0.00797187257558, 0.0100563829765, 0.0164744369686, 0.0114880073816], "max": [1, 1, 1, 1, 1, 1, 1, 1, 1, 1, 1, 1, 1, 1, 1, 1, 1, 1, 1, 1, 1, 1, 1, 1, 1, 1, 1, 1, 1, 1, 1, 1, 1, 1, 1, 1]}, "tuning_equal_tempered_deviation": 0.0618207491934, "chords_key": "G#", "chords_strength": {"dmean": 0.00907958392054, "dvar2": 0.00102774170227, "mean": 0.461893111467, "var": 0.0288744308054, "dmean2": 0.00976935401559, "dvar": 0.000535128405318, "min": -1, "median": 0.478563666344, "max": 0.754370391369}, "tuning_diatonic_strength": 0.66655343771, "thpcp": [1, 0.541098535061, 0.245417177677, 0.202976211905, 0.189528390765, 0.392979413271, 0.535092353821, 0.293363600969, 0.0870593935251, 0.06322979182, 0.0572087429464, 0.10932084918, 0.151603788137, 0.122326567769, 0.205623283982, 0.316135913134, 0.336098223925, 0.323440790176, 0.276064455509, 0.350013047457, 0.652057528496, 0.703153669834, 0.34666505456, 0.129789382219, 0.11551105231, 0.135480850935, 0.267109841108, 0.396352350712, 0.276999473572, 0.120382875204, 0.097873069346, 0.10504488647, 0.168117910624, 0.306682497263, 0.449572503567, 0.845831096172], "chords_histogram": [26.6427097321, 0, 12.2433261871, 0, 7.62320327759, 0.179671451449, 0, 0, 0.616016447544, 0.308008223772, 0, 0, 1.59137582779, 0, 0.077002055943, 0, 0.077002055943, 3.56776189804, 0.0256673507392, 0.770020544529, 0.0256673507392, 8.82956886292, 31.6735115051, 5.74948644638], "tuning_nontempered_energy_ratio": 0.693948566914, "tuning_frequency": 442.804626465, "key_strength": 0.807915568352, "chords_changes_rate": 0.0646817237139, "key_scale": "major", "hpcp_entropy": {"dmean": 0.564205408096, "dvar2": 0.652672290802, "mean": 1.74181008339, "var": 0.53171312809, "dmean2": 0.944991707802, "dvar": 0.247436031699, "min": 0, "median": 1.75180459023, "max": 4.22796678543}, "key_key": "D#", "chords_number_rate": 0.00205338816158}, "lowlevel": {"melbands_skewness": {"dmean": 0.899828314781, "dvar2": 2.32256698608, "mean": 2.81186485291, "var": 3.75765228271, "dmean2": 1.38615250587, "dvar": 0.971820473671, "min": -2.60101127625, "median": 2.47026920319, "max": 13.8636064529}, "melbands_kurtosis": {"dmean": 10.5346279144, "dvar2": 839.487426758, "mean": 19.1413879395, "var": 748.241882324, "dmean2": 16.634727478, "dvar": 334.52532959, "min": -1.85012388229, "median": 8.89609146118, "max": 310.4168396}, "barkbands_kurtosis": {"dmean": 7.03317689896, "dvar2": 539.623779297, "mean": 10.5110206604, "var": 370.010314941, "dmean2": 11.2934989929, "dvar": 211.302230835, "min": -1.9177697897, "median": 3.70093417168, "max": 289.78137207}, "hfc": {"dmean": 5.74900865555, "dvar2": 177.090438843, "mean": 13.9479141235, "var": 191.175704956, "dmean2": 7.72156333923, "dvar": 84.8081893921, "min": 1.18796145859e-16, "median": 10.1826448441, "max": 236.416732788}, "silence_rate_20dB": {"dmean": 0, "dvar2": 0, "mean": 1, "var": 0, "dmean2": 0, "dvar": 0, "min": 1, "median": 1, "max": 1}, "erbbands_flatness_db": {"dmean": 0.023281449452, "dvar2": 0.00128451187629, "mean": 0.239253818989, "var": 0.00335582578555, "dmean2": 0.0325728319585, "dvar": 0.000659628422, "min": 0.0363083407283, "median": 0.240250915289, "max": 0.443039387465}, "spectral_flux": {"dmean": 0.0365281552076, "dvar2": 0.00381875503808, "mean": 0.0885722488165, "var": 0.00342593388632, "dmean2": 0.0575484968722, "dvar": 0.0015186641831, "min": 1.0282096008e-10, "median": 0.0770428702235, "max": 0.350111961365}, "spectral_energyband_low": {"dmean": 0.0146397445351, "dvar2": 0.00103851046879, "mean": 0.0295464396477, "var": 0.000988622894511, "dmean2": 0.0227240994573, "dvar": 0.000411718414398, "min": 1.25397569308e-22, "median": 0.0199224464595, "max": 0.20706152916}, "spectral_rolloff": {"dmean": 258.349609375, "dvar2": 594568.625, "mean": 914.257873535, "var": 3080319.25, "dmean2": 435.854309082, "dvar": 266973.875, "min": 64.599609375, "median": 495.263671875, "max": 18561.6210938}, "spectral_entropy": {"dmean": 0.323161661625, "dvar2": 0.287324339151, "mean": 6.60648775101, "var": 0.718197524548, "dmean2": 0.450546622276, "dvar": 0.158069074154, "min": 3.72304725647, "median": 6.62883710861, "max": 9.8041343689}, "spectral_energy": {"dmean": 0.018342345953, "dvar2": 0.00112187699415, "mean": 0.0453989803791, "var": 0.00140217877924, "dmean2": 0.0271869134158, "dvar": 0.000478051631944, "min": 1.05721493648e-20, "median": 0.0383868962526, "max": 0.220863759518}, "spectral_centroid": {"dmean": 203.295944214, "dvar2": 170062.796875, "mean": 811.593261719, "var": 475813.5, "dmean2": 296.047485352, "dvar": 88523.9140625, "min": 101.714759827, "median": 597.251464844, "max": 11130.8886719}, "barkbands_flatness_db": {"dmean": 0.0374176353216, "dvar2": 0.00301585230045, "mean": 0.266398370266, "var": 0.00956152938306, "dmean2": 0.0538106039166, "dvar": 0.00173481507227, "min": 0.0535463728011, "median": 0.252511948347, "max": 0.620701730251}, "spectral_rms": {"dmean": 0.00131271895953, "dvar2": 3.9833576011e-06, "mean": 0.005964377895, "var": 8.71779957379e-06, "dmean2": 0.00187631556764, "dvar": 1.83338670467e-06, "min": 3.21158724614e-12, "median": 0.00611969223246, "max": 0.0146791292354}, "melbands": {"dmean": [0.00281705474481, 0.00294325174764, 0.00124871265143, 0.00039235202712, 0.000338803278282, 0.000391038454836, 0.000128194893477, 0.000164080411196, 0.000113069065264, 9.40214740695e-05, 6.23883897788e-05, 6.82721074554e-05, 4.69617953058e-05, 2.67741033895e-05, 2.92835629807e-05, 6.80125594954e-05, 2.34457202168e-05, 1.72805557668e-05, 1.25238211695e-05, 1.79536273208e-05, 1.03999136627e-05, 1.36913731694e-05, 5.98141468799e-06, 6.3220136326e-06, 4.99028510603e-06, 2.9122286378e-06, 3.53413088305e-06, 1.91108892977e-06, 1.32395734909e-06, 1.31790977775e-06, 1.55902432653e-06, 1.06474396944e-06, 6.86839882746e-07, 5.23981952938e-07, 2.43999011218e-07, 2.08264026469e-07, 7.00093707451e-08, 3.92170242947e-08, 1.91652400616e-08, 1.13091882525e-08], "dvar2": [5.76938400627e-05, 4.24945646955e-05, 1.00360102806e-05, 1.08012000055e-06, 2.12520762943e-06, 1.77538936441e-06, 1.53260060642e-07, 4.3966807084e-07, 1.32422471211e-07, 1.07941126259e-07, 5.8655427182e-08, 7.6709866903e-08, 3.42405392928e-08, 2.39806610125e-08, 9.20239440205e-09, 8.16094143374e-08, 1.19684342437e-08, 2.08443697858e-08, 3.55539508945e-09, 4.55100401808e-09, 1.7441534883e-09, 2.50178566752e-09, 4.57116677843e-10, 6.03512240183e-10, 4.88893536765e-10, 1.76880635139e-10, 2.18764811821e-10, 1.60394725279e-10, 7.07448474802e-11, 6.18092937943e-11, 8.69040395202e-11, 5.37223703023e-11, 3.07155585688e-11, 1.30386717048e-11, 2.6743871874e-12, 3.05470145706e-12, 2.83904789868e-13, 8.30635134784e-14, 5.56589144348e-14, 1.56914733892e-14], "mean": [0.00448944605887, 0.00598474498838, 0.00210393755697, 0.000711973232683, 0.000610484741628, 0.000592356896959, 0.00023103512649, 0.000244403985562, 0.000218331508222, 0.000210825382965, 0.000119543161418, 0.000125882186694, 7.85713928053e-05, 4.37060480181e-05, 5.11272082804e-05, 0.00010567647405, 3.44035979651e-05, 2.36362066062e-05, 1.56697478815e-05, 2.44055481744e-05, 1.2299879927e-05, 1.70177354448e-05, 7.73557167122e-06, 8.69137420523e-06, 6.10170036452e-06, 3.30937041326e-06, 4.5634324124e-06, 1.79310916337e-06, 1.3130915022e-06, 1.24945495372e-06, 1.56299131504e-06, 1.15526074751e-06, 6.66872097099e-07, 4.91696994231e-07, 2.44742949462e-07, 1.96121888507e-07, 7.35392760021e-08, 4.54550459494e-08, 2.07502157679e-08, 1.19401910581e-08], "var": [3.59321275027e-05, 4.29350657214e-05, 7.51444440539e-06, 1.38183327181e-06, 2.13391922443e-06, 1.54982444656e-06, 1.7164667554e-07, 3.94068081278e-07, 2.56724518977e-07, 2.01498167485e-07, 5.98324945145e-08, 1.21447300216e-07, 4.99169416912e-08, 5.36903179693e-08, 8.72427907694e-09, 7.51511137764e-08, 1.81962427348e-08, 9.5548973178e-09, 2.88949397742e-09, 3.02850566847e-09, 8.18997036856e-10, 1.89623583502e-09, 3.37765565517e-10, 4.32671870554e-10, 3.50205392463e-10, 9.33905938694e-11, 1.46441525573e-10, 4.80424866556e-11, 2.36857703589e-11, 2.16579844337e-11, 3.51420732791e-11, 2.16659485491e-11, 8.36929050368e-12, 3.90571212525e-12, 8.61880662326e-13, 1.2768845226e-12, 8.82650818212e-14, 3.43532507671e-14, 1.32067623778e-14, 3.88743865318e-15], "dmean2": [0.00466520152986, 0.00451401760802, 0.00196461798623, 0.000598893791903, 0.00050197634846, 0.000569558702409, 0.000188974328921, 0.000229865123401, 0.000154266905156, 0.000132068918901, 9.10326562007e-05, 9.44913044805e-05, 6.82506361045e-05, 4.01106735808e-05, 4.5445656724e-05, 9.97767638182e-05, 3.5461387597e-05, 2.72061188298e-05, 1.96711498575e-05, 2.73656060017e-05, 1.65622805071e-05, 2.06714667002e-05, 8.88455451786e-06, 9.3043436209e-06, 7.58795476941e-06, 4.49993740403e-06, 5.33751153853e-06, 3.07272875943e-06, 2.0941429284e-06, 2.09817108043e-06, 2.4768548883e-06, 1.65449625911e-06, 1.09842244456e-06, 8.57935390286e-07, 3.90755673152e-07, 3.37010277462e-07, 1.09325711151e-07, 5.83956989431e-08, 2.95619688728e-08, 1.7900454452e-08], "dvar": [2.13668354263e-05, 1.76308094524e-05, 4.22927178079e-06, 5.49271646832e-07, 8.77044726622e-07, 7.57920929573e-07, 6.86622385615e-08, 2.23088193252e-07, 7.01745506149e-08, 4.84756164099e-08, 2.60791122031e-08, 3.91363563779e-08, 1.7438866351e-08, 1.52977044365e-08, 4.12406375716e-09, 3.80832823055e-08, 6.47096554118e-09, 8.33024316194e-09, 1.616107137e-09, 1.9611636759e-09, 7.03452407436e-10, 1.19706333734e-09, 2.14668269272e-10, 2.70591049567e-10, 2.203798255e-10, 7.56983087324e-11, 9.73792782522e-11, 6.05605635084e-11, 2.71908381227e-11, 2.41802446121e-11, 3.43435939409e-11, 2.09142494989e-11, 1.11271139872e-11, 4.81173998215e-12, 9.99146186793e-13, 1.30492925493e-12, 1.06034938588e-13, 3.32852133713e-14, 1.96583251928e-14, 5.60548405043e-15], "min": [5.70607153004e-24, 1.35735430543e-23, 2.85212250075e-23, 1.14132979524e-23, 7.15994612267e-24, 6.01162063003e-24, 7.4356719417e-24, 8.02698077701e-24, 5.78617088863e-24, 8.61109283428e-24, 7.33460308253e-24, 7.01790540579e-24, 7.37348051452e-24, 4.92545303799e-24, 1.73499069823e-23, 7.15505439619e-24, 5.32232817054e-24, 9.49761393071e-24, 1.15826269458e-23, 1.00124655782e-23, 1.23580898374e-23, 1.06737203434e-23, 1.13852342257e-23, 1.1268436269e-23, 1.26579824102e-23, 9.17771032326e-24, 1.22348027108e-23, 1.15044642407e-23, 1.03112032587e-23, 1.04548990058e-23, 9.76527522471e-24, 7.99146862564e-24, 9.34617472501e-24, 8.58704046528e-24, 6.57219031687e-24, 6.53031994661e-24, 5.57560774138e-24, 8.9985032137e-24, 1.20210316607e-23, 1.28203126296e-23], "median": [0.00190141052008, 0.00386440544389, 0.00120830954984, 0.000252081023064, 0.000139369498356, 0.000123323246953, 8.36982799228e-05, 4.92086874146e-05, 3.62791106454e-05, 4.9324495194e-05, 2.48649230343e-05, 1.95680768229e-05, 1.67409107235e-05, 8.86256657395e-06, 1.21957327792e-05, 1.02825015347e-05, 5.50450522496e-06, 3.45552689396e-06, 1.83040435786e-06, 2.75944353234e-06, 1.45125454765e-06, 1.51474114318e-06, 8.5866236077e-07, 8.04506044005e-07, 4.24713675784e-07, 3.60831876378e-07, 3.48269992401e-07, 9.99130946866e-08, 6.91223220883e-08, 5.52829391154e-08, 5.62421718087e-08, 4.33924043364e-08, 2.20478266755e-08, 1.19892087369e-08, 6.66478738864e-09, 4.00420985258e-09, 2.44387510229e-09, 1.43144973652e-09, 9.16633713377e-10, 7.59955320895e-10], "max": [0.0469343960285, 0.0459574460983, 0.0454343557358, 0.0112464558333, 0.0187511853874, 0.0130006782711, 0.00757442973554, 0.00931641273201, 0.00603306479752, 0.00478914519772, 0.00341861462221, 0.00842270068824, 0.00545257283375, 0.00941589288414, 0.00108778581489, 0.00660933833569, 0.00379897281528, 0.00454009883106, 0.00148158962838, 0.00101059442386, 0.00040226225974, 0.0006385773886, 0.000285841902951, 0.00043681228999, 0.000282587949187, 0.000200514230528, 0.000232880629483, 0.000324751541484, 0.000199378890102, 0.000146870137542, 0.000119452197396, 0.000170215294929, 0.000148022401845, 5.30461256858e-05, 3.77949290851e-05, 5.88979237364e-05, 1.43625793498e-05, 6.83193138684e-06, 7.81518338044e-06, 3.87573982152e-06]}, "barkbands_crest": {"dmean": 3.14280867577, "dvar2": 20.81873703, "mean": 13.8625011444, "var": 27.3794994354, "dmean2": 5.03347587585, "dvar": 8.35006046295, "min": 2.68741464615, "median": 13.5002164841, "max": 25.9680805206}, "mfcc": {"icov": [[0.000267032388365, -0.000195428830921, 0.000379216129659, -0.000468995247502, 0.000595781253651, -0.000582950597163, 0.000592542230152, -0.000607932801358, 0.000519447552506, -0.000446211925009, 0.000328853202518, -0.000234570747125, 0.000137364389957], [-0.000195428830921, 0.000663781713229, -0.000336634140695, 0.000182326039067, -0.000702182529494, 0.000679485441651, -0.000843528017867, 0.00078090839088, -0.000684657541569, 0.000832107500173, -0.000696388771757, 0.000494599924423, -0.00034053370473], [0.000379216129659, -0.000336634140695, 0.0014048574958, -0.000987961539067, 0.000738528207876, -0.000993816414848, 0.000776164641138, -0.000636939075775, -9.42782862694e-05, -0.000859894207679, 0.000768575526308, -0.000178653484909, 0.000230807825574], [-0.000468995247502, 0.000182326039067, -0.000987961539067, 0.00475397752598, -0.00159532472026, -0.000985223799944, -0.000143358323839, -0.000533407961484, 0.000213522653212, -6.68553911964e-05, -4.08787636843e-05, -0.000617043813691, 0.000479743437609], [0.000595781253651, -0.000702182529494, 0.000738528207876, -0.00159532472026, 0.00500903790817, -0.00203147740103, -0.000719309609849, -0.000123762409203, -0.00062808371149, 0.00038358749589, 0.000164037643117, -0.000695877475664, 0.000396285991883], [-0.000582950597163, 0.000679485441651, -0.000993816414848, -0.000985223799944, -0.00203147740103, 0.00675041088834, -0.00315408152528, 0.00257493555546, -0.000811035337392, 1.0320165984e-06, 0.000229187702644, 2.86541671812e-05, -0.000130173852085], [0.000592542230152, -0.000843528017867, 0.000776164641138, -0.000143358323839, -0.000719309609849, -0.00315408152528, 0.0108185103163, -0.00703973369673, 0.00256923702545, -0.000133023655508, -0.00183645042125, 0.00236391625367, -0.00170371041168], [-0.000607932801358, 0.00078090839088, -0.000636939075775, -0.000533407961484, -0.000123762409203, 0.00257493555546, -0.00703973369673, 0.0132572287694, -0.00731152761728, 0.00168524472974, 0.000118229225336, 0.00045869621681, 0.00133972847834], [0.000519447552506, -0.000684657541569, -9.42782862694e-05, 0.000213522653212, -0.00062808371149, -0.000811035337392, 0.00256923702545, -0.00731152761728, 0.0146590135992, -0.00737375114113, 0.00375254405662, -0.00397653365508, 0.00183910923079], [-0.000446211925009, 0.000832107500173, -0.000859894207679, -6.68553911964e-05, 0.00038358749589, 1.0320165984e-06, -0.000133023655508, 0.00168524472974, -0.00737375114113, 0.014176659286, -0.00825987197459, 0.00482789659873, -0.00227325572632], [0.000328853202518, -0.000696388771757, 0.000768575526308, -4.08787636843e-05, 0.000164037643117, 0.000229187702644, -0.00183645042125, 0.000118229225336, 0.00375254405662, -0.00825987197459, 0.0144693059847, -0.0078523401171, 0.00451634684578], [-0.000234570747125, 0.000494599924423, -0.000178653484909, -0.000617043813691, -0.000695877475664, 2.86541671812e-05, 0.00236391625367, 0.00045869621681, -0.00397653365508, 0.00482789659873, -0.0078523401171, 0.0119849527255, -0.00502306269482], [0.000137364389957, -0.00034053370473, 0.000230807825574, 0.000479743437609, 0.000396285991883, -0.000130173852085, -0.00170371041168, 0.00133972847834, 0.00183910923079, -0.00227325572632, 0.00451634684578, -0.00502306269482, 0.00980947352946]], "mean": [-743.342102051, 194.595046997, -7.71060085297, 33.2162208557, 6.00988674164, 13.8263092041, 3.48604440689, 10.6229276657, 1.73653793335, 2.46306490898, 4.5437707901, 1.71718966961, -0.647528231144], "cov": [[11975.1220703, 42.0772628784, -1789.02270508, 583.406860352, -925.247436523, 329.682617188, -443.374847412, -3.33107447624, -314.440887451, 62.7961463928, -42.4407234192, 91.7685241699, -47.4290428162], [42.0772628784, 2507.63305664, 282.395477295, 102.085388184, 385.50012207, 27.2468414307, 231.802062988, 23.9889965057, 44.9038887024, -71.193145752, 52.908744812, -24.7558631897, 34.6435775757], [-1789.02270508, 282.395477295, 1504.22631836, 232.963180542, 201.403320313, 162.394805908, 93.1501159668, 93.4765396118, 177.395187378, 89.2322769165, -17.3193244934, -24.6233386993, -31.7151088715], [583.406860352, 102.085388184, 232.963180542, 402.289916992, 124.155632019, 173.01751709, 45.6353988647, 59.2113113403, 39.6394424438, 33.4124984741, 10.8240232468, 22.9885559082, -25.5626411438], [-925.247436523, 385.50012207, 201.403320313, 124.155632019, 457.75201416, 126.750648499, 151.213348389, 46.1155700684, 64.4844589233, -12.0679197311, 23.8302288055, 11.3623552322, -1.35739576817], [329.682617188, 27.2468414307, 162.394805908, 173.01751709, 126.750648499, 290.824584961, 76.4325256348, 21.9691085815, 20.0089092255, 22.72473526, -0.141603380442, 3.24654889107, -3.69764852524], [-443.374847412, 231.802062988, 93.1501159668, 45.6353988647, 151.213348389, 76.4325256348, 227.952972412, 100.277832031, 35.9984207153, 4.14869213104, 16.3144721985, -33.717590332, 0.0685531497002], [-3.33107447624, 23.9889965057, 93.4765396118, 59.2113113403, 46.1155700684, 21.9691085815, 100.277832031, 180.516174316, 92.190574646, 32.4875488281, 3.7387778759, -13.998251915, -31.6697826385], [-314.440887451, 44.9038887024, 177.395187378, 39.6394424438, 64.4844589233, 20.0089092255, 35.9984207153, 92.190574646, 165.20753479, 72.9207305908, 18.0960216522, 17.7627696991, -22.1395606995], [62.7961463928, -71.193145752, 89.2322769165, 33.4124984741, -12.0679197311, 22.72473526, 4.14869213104, 32.4875488281, 72.9207305908, 150.508712769, 64.5400772095, 3.17050480843, -16.8953495026], [-42.4407234192, 52.908744812, -17.3193244934, 10.8240232468, 23.8302288055, -0.141603380442, 16.3144721985, 3.7387778759, 18.0960216522, 64.5400772095, 148.690063477, 64.2036361694, -20.3502826691], [91.7685241699, -24.7558631897, -24.6233386993, 22.9885559082, 11.3623552322, 3.24654889107, -33.717590332, -13.998251915, 17.7627696991, 3.17050480843, 64.2036361694, 159.361663818, 42.3982849121], [-47.4290428162, 34.6435775757, -31.7151088715, -25.5626411438, -1.35739576817, -3.69764852524, 0.0685531497002, -31.6697826385, -22.1395606995, -16.8953495026, -20.3502826691, 42.3982849121, 141.463867188]]}, "spectral_decrease": {"dmean": 4.75366901398e-09, "dvar2": 7.70164376419e-17, "mean": -1.16935128247e-08, "var": 9.5068972914e-17, "dmean2": 7.06360747671e-09, "dvar": 3.26510687087e-17, "min": -5.78997401135e-08, "median": -9.83698011936e-09, "max": 5.3789152972e-29}, "zerocrossingrate": {"dmean": 0.00619352469221, "dvar2": 0.000100178738649, "mean": 0.0316156931221, "var": 0.00172700814437, "dmean2": 0.00721840048209, "dvar": 7.29649618734e-05, "min": 0.0029296875, "median": 0.02294921875, "max": 0.51025390625}, "spectral_contrast_coeffs": {"dmean": [0.0536237172782, 0.0502886548638, 0.0400148816407, 0.0319105423987, 0.0236355308443, 0.0287676826119], "dvar2": [0.00482644373551, 0.00439364509657, 0.00268943537958, 0.00177225132938, 0.00106737145688, 0.00228174543008], "mean": [-0.638515710831, -0.709735691547, -0.744507193565, -0.775201380253, -0.798260509968, -0.75625282526], "var": [0.00957951508462, 0.00927230715752, 0.00782208330929, 0.00538636511192, 0.00341879110783, 0.00427573313937], "dmean2": [0.0845609158278, 0.0787035599351, 0.0628661587834, 0.0504770278931, 0.0366746969521, 0.0415275283158], "dvar": [0.00212895520963, 0.00182340294123, 0.00117362826131, 0.00079940672731, 0.000494273612276, 0.00118995073717], "min": [-0.957843542099, -0.969901442528, -0.970211565495, -0.958097934723, -0.95659583807, -0.95739543438], "median": [-0.640808284283, -0.717111349106, -0.75629067421, -0.789892613888, -0.807192504406, -0.751346647739], "max": [-0.284691810608, -0.364878594875, -0.459528356791, -0.533430218697, -0.586846530437, -0.552232503891]}, "spectral_skewness": {"dmean": 0.758869767189, "dvar2": 1.4047524929, "mean": 2.80509281158, "var": 2.42075014114, "dmean2": 1.18762433529, "dvar": 0.673196017742, "min": -0.00598919112235, "median": 2.50785136223, "max": 10.3187799454}, "spectral_energyband_middle_high": {"dmean": 0.00203445320949, "dvar2": 2.80464792013e-05, "mean": 0.0041453470476, "var": 3.7475816498e-05, "dmean2": 0.00277029583231, "dvar": 1.42240323839e-05, "min": 1.62528287813e-21, "median": 0.00176509085577, "max": 0.0735129490495}, "gfcc": {"icov": [[0.00073026138125, -0.00219421065412, 0.00131783040706, -0.00179488549475, 0.00128980958834, -0.00124676572159, 0.00099406868685, -0.000746502715629, 3.37016099365e-05, 0.000564443995245, -0.000533297716174, 0.000910088187084, -0.000696084287483], [-0.00219421065412, 0.00755144422874, -0.00407951511443, 0.00599249685183, -0.00443882774562, 0.00458327960223, -0.00366286351345, 0.00327205308713, -0.00100686075166, -0.000604168977588, 0.000737636350095, -0.00197578733787, 0.00189204106573], [0.00131783040706, -0.00407951511443, 0.0029648214113, -0.00325897359289, 0.00210886518471, -0.00260027754121, 0.00164860812947, -0.00135084474459, 1.09319498733e-05, 0.00093831383856, -0.000341131206369, 0.00162087811623, -0.00136498874053], [-0.00179488549475, 0.00599249685183, -0.00325897359289, 0.00713233789429, -0.0034287723247, 0.00204031798057, -0.00282338168472, 0.00370466220193, -0.00232493900694, 0.000825379509479, -0.000219029810978, -0.000924423104152, 0.00190722511616], [0.00128980958834, -0.00443882774562, 0.00210886518471, -0.0034287723247, 0.00424401136115, -0.00292339082807, 0.00177002628334, -0.0020100902766, 0.00138234265614, -5.86094502069e-05, -0.000577669183258, 0.00115881615784, -0.000863562279847], [-0.00124676572159, 0.00458327960223, -0.00260027754121, 0.00204031798057, -0.00292339082807, 0.00905571505427, -0.00407956819981, 0.00157336390112, -1.06513755327e-06, -0.00160629721358, 0.00163567473646, -0.00133791577537, 0.000292056414764], [0.00099406868685, -0.00366286351345, 0.00164860812947, -0.00282338168472, 0.00177002628334, -0.00407956819981, 0.0086216153577, -0.00388608477078, -9.61832993198e-05, 0.00243393238634, -0.00296648475341, 0.00322777195834, -0.00193404441234], [-0.000746502715629, 0.00327205308713, -0.00135084474459, 0.00370466220193, -0.0020100902766, 0.00157336390112, -0.00388608477078, 0.00798250827938, -0.00323954620399, 0.00110416160896, 0.00131405156571, -0.00219275266863, 0.00242786342278], [3.37016099365e-05, -0.00100686075166, 1.09319498733e-05, -0.00232493900694, 0.00138234265614, -1.06513755327e-06, -9.61832993198e-05, -0.00323954620399, 0.0109542654827, -0.00643154792488, 0.00237789493985, 0.00164928997401, -0.00148436520249], [0.000564443995245, -0.000604168977588, 0.00093831383856, 0.000825379509479, -5.86094502069e-05, -0.00160629721358, 0.00243393238634, 0.00110416160896, -0.00643154792488, 0.0134433088824, -0.00759135466069, 0.000973770103883, 0.00192663935013], [-0.000533297716174, 0.000737636350095, -0.000341131206369, -0.000219029810978, -0.000577669183258, 0.00163567473646, -0.00296648475341, 0.00131405156571, 0.00237789493985, -0.00759135466069, 0.0155257154256, -0.00762201612815, 0.000983444857411], [0.000910088187084, -0.00197578733787, 0.00162087811623, -0.000924423104152, 0.00115881615784, -0.00133791577537, 0.00322777195834, -0.00219275266863, 0.00164928997401, 0.000973770103883, -0.00762201612815, 0.0176168922335, -0.00934523809701], [-0.000696084287483, 0.00189204106573, -0.00136498874053, 0.00190722511616, -0.000863562279847, 0.000292056414764, -0.00193404441234, 0.00242786342278, -0.00148436520249, 0.00192663935013, 0.000983444857411, -0.00934523809701, 0.0149171380326]], "mean": [-103.554618835, 166.53843689, -110.745254517, 24.2345314026, -30.6309280396, 3.49127054214, -14.8848724365, -0.387674897909, -9.92712306976, -4.93122434616, -8.28553199768, -4.36864757538, -8.74557876587], "cov": [[21300.6894531, 3550.74047852, -3035.39379883, 1060.46875, -836.787353516, -261.213470459, 55.5481643677, -599.379455566, 222.027099609, -339.493041992, 222.724884033, -289.966461182, 61.2864761353], [3550.74047852, 2079.27954102, 461.941711426, -268.965698242, 439.041809082, -180.734939575, 125.221138, -130.842910767, -21.0225448608, -97.2112960815, 23.4161987305, -63.7329025269, 14.09724617], [-3035.39379883, 461.941711426, 2237.99707031, 63.4329071045, 415.114044189, 174.423400879, 167.288314819, 46.7187194824, 19.2710189819, -87.0496902466, -142.599197388, -94.4464111328, -5.46070623398], [1060.46875, -268.965698242, 63.4329071045, 689.572570801, -50.0600967407, 151.686599731, 54.7726364136, -89.4867858887, 83.8114242554, -47.7099380493, -15.2030801773, -83.1045074463, -19.5215206146], [-836.787353516, 439.041809082, 415.114044189, -50.0600967407, 742.948059082, 61.4524230957, 74.1558990479, 26.9139404297, -54.4489746094, -1.25533795357, -1.82242810726, -4.33269643784, -11.1581344604], [-261.213470459, -180.734939575, 174.423400879, 151.686599731, 61.4524230957, 233.783355713, 83.0249328613, 24.0306911469, 19.3439483643, -9.25255298615, -21.362745285, -21.7846355438, 4.01577425003], [55.5481643677, 125.221138, 167.288314819, 54.7726364136, 74.1558990479, 83.0249328613, 229.907958984, 76.888092041, 20.9050178528, -42.4846343994, -9.84889602661, -36.0005111694, 0.638863801956], [-599.379455566, -130.842910767, 46.7187194824, -89.4867858887, 26.9139404297, 24.0306911469, 76.888092041, 238.796981812, 41.315738678, -3.35917878151, -30.4900093079, -4.28293895721, -19.5945529938], [222.027099609, -21.0225448608, 19.2710189819, 83.8114242554, -54.4489746094, 19.3439483643, 20.9050178528, 41.315738678, 164.124145508, 58.039806366, -5.96063995361, -34.3546066284, -15.7641763687], [-339.493041992, -97.2112960815, -87.0496902466, -47.7099380493, -1.25533795357, -9.25255298615, -42.4846343994, -3.35917878151, 58.039806366, 168.060577393, 71.3058242798, 27.9227428436, -13.3691940308], [222.724884033, 23.4161987305, -142.599197388, -15.2030801773, -1.82242810726, -21.362745285, -9.84889602661, -30.4900093079, -5.96063995361, 71.3058242798, 139.107696533, 70.17603302, 25.3065700531], [-289.966461182, -63.7329025269, -94.4464111328, -83.1045074463, -4.33269643784, -21.7846355438, -36.0005111694, -4.28293895721, -34.3546066284, 27.9227428436, 70.17603302, 143.215881348, 70.8110275269], [61.2864761353, 14.09724617, -5.46070623398, -19.5215206146, -11.1581344604, 4.01577425003, 0.638863801956, -19.5945529938, -15.7641763687, -13.3691940308, 25.3065700531, 70.8110275269, 115.50353241]]}, "erbbands_spread": {"dmean": 6.96065616608, "dvar2": 163.357147217, "mean": 24.9881134033, "var": 214.57635498, "dmean2": 10.5434074402, "dvar": 70.3137359619, "min": 0.639524161816, "median": 22.1860084534, "max": 172.012252808}, "erbbands_kurtosis": {"dmean": 1.93619585037, "dvar2": 39.1807441711, "mean": 2.18115139008, "var": 43.9714202881, "dmean2": 2.9669752121, "dvar": 17.9599189758, "min": -1.90975725651, "median": 0.371652305126, "max": 114.136245728}, "dynamic_complexity": 3.27062034607, "erbbands_crest": {"dmean": 2.79952979088, "dvar2": 16.8399085999, "mean": 11.1121339798, "var": 25.9415569305, "dmean2": 4.30644035339, "dvar": 7.58677911758, "min": 2.73136544228, "median": 10.1183261871, "max": 34.2853050232}, "erbbands": {"dmean": [0.247140541673, 2.79593300819, 5.01619529724, 7.45288228989, 6.40881299973, 5.24342060089, 11.4572649002, 17.6336345673, 8.74587631226, 13.4262742996, 13.0980434418, 15.2015676498, 12.5513124466, 17.4940471649, 11.3089857101, 10.1092309952, 23.8641986847, 14.9245967865, 9.52876281738, 9.75743198395, 10.2963504791, 11.8657083511, 6.88546323776, 6.00487375259, 4.28478431702, 3.26621699333, 2.14312601089, 2.52413368225, 1.68324005604, 1.04753553867, 0.430024534464, 0.179432138801, 0.0510760322213, 0.0155687127262, 0.00384987727739, 0.00099161232356, 0.000236071093241, 4.38970673713e-05, 1.15227012429e-05, 2.03742929443e-05], "dvar2": [0.447743952274, 54.2364807129, 139.81690979, 381.203887939, 333.026641846, 208.904098511, 2952.62182617, 3266.33666992, 671.873291016, 2447.61303711, 1962.06018066, 2750.22338867, 2293.63183594, 5464.80859375, 1684.68261719, 1966.72753906, 8822.23828125, 3640.56860352, 4347.10644531, 1348.87524414, 1353.18945313, 1860.83544922, 644.789733887, 629.979125977, 318.197967529, 337.587646484, 176.98248291, 214.071640015, 141.202468872, 54.9691009521, 8.09327888489, 1.67854785919, 0.14975361526, 0.0326041691005, 0.00423316657543, 0.000907909590751, 6.86944331392e-05, 2.36648088503e-06, 2.69146518406e-08, 1.41377420881e-09], "mean": [0.364586085081, 4.88744544983, 10.1203689575, 12.2118139267, 10.0866174698, 10.1524686813, 19.9368495941, 25.9010543823, 15.5383892059, 21.7320747375, 23.8801593781, 33.946231842, 24.6926612854, 32.0492477417, 18.7839889526, 18.2509441376, 37.9023361206, 23.6959171295, 13.5394001007, 13.2953805923, 13.6526374817, 14.9247045517, 9.75601577759, 7.72976160049, 5.54686975479, 3.51451730728, 2.14953756332, 2.48345017433, 1.79256701469, 0.996351361275, 0.427719056606, 0.180260241032, 0.0586108453572, 0.0169638581574, 0.00432300660759, 0.00119234982412, 0.000343820458511, 6.18542981101e-05, 2.45599130722e-05, 5.06443175254e-05], "var": [0.256914019585, 40.4784927368, 170.627548218, 255.231719971, 270.130187988, 323.92401123, 2945.69995117, 2766.45703125, 662.232055664, 2497.9987793, 2674.90307617, 4761.84960938, 2210.38012695, 8423.6875, 2193.53759766, 2781.7746582, 7179.80419922, 5615.55322266, 2041.78759766, 888.141296387, 831.026489258, 1434.61987305, 537.066162109, 465.318084717, 223.850494385, 116.845901489, 61.2638206482, 81.5881271362, 49.3103752136, 16.2306423187, 2.66246700287, 0.620448291302, 0.0555661953986, 0.00786620844156, 0.000894850876648, 0.00017262113397, 1.29436193674e-05, 4.7634779321e-07, 5.91203797029e-09, 1.71349612277e-09], "dmean2": [0.409987360239, 4.56432199478, 7.48442363739, 12.0058202744, 9.82262802124, 8.10930728912, 16.9109630585, 25.7216892242, 13.0074119568, 18.7093524933, 18.0172462463, 21.3640136719, 18.2263469696, 24.2445831299, 16.8751544952, 15.2540426254, 35.553276062, 21.8993320465, 14.7601585388, 14.7809782028, 15.8833475113, 17.7842216492, 9.89954376221, 8.95526981354, 6.39757156372, 5.07177495956, 3.34185886383, 3.98186612129, 2.59068226814, 1.6810400486, 0.679939985275, 0.282399117947, 0.0757081061602, 0.02405054681, 0.00608585495502, 0.00165025470778, 0.000400240620365, 7.34763088985e-05, 1.75795903488e-05, 3.01431537082e-05], "dvar": [0.169206440449, 20.2281551361, 66.8422393799, 151.094024658, 155.467636108, 108.828300476, 1226.55383301, 1426.15148926, 293.534484863, 1244.35302734, 1004.46166992, 1218.35852051, 1011.24346924, 2787.24731445, 833.955444336, 1018.18341064, 3953.49267578, 1923.28527832, 1744.07421875, 583.745239258, 579.690002441, 894.24822998, 307.0390625, 286.794433594, 146.15838623, 130.311401367, 68.5615005493, 84.6566085815, 53.8007049561, 20.2139511108, 3.05632376671, 0.671770513058, 0.0582316406071, 0.011570061557, 0.00147326639853, 0.000311040523229, 2.34369199461e-05, 8.19602121283e-07, 9.40696764928e-09, 6.01732885741e-10], "min": [3.6003929783e-22, 4.18908092107e-21, 3.17078362072e-20, 1.9813714414e-19, 1.07588997668e-19, 1.87893688401e-19, 2.25543641161e-19, 2.21900970388e-19, 4.78921651441e-19, 8.28085082854e-19, 6.18194102876e-19, 1.38303212891e-18, 1.52422400126e-18, 1.78407431209e-18, 1.93812532745e-18, 3.76234209428e-18, 5.39138952469e-18, 2.95447987134e-18, 6.57299138713e-18, 7.01627085995e-18, 1.00585137671e-17, 1.03658022657e-17, 1.20303394667e-17, 1.52578427069e-17, 1.37718176995e-17, 1.89842582792e-17, 1.69912559288e-17, 1.68862436957e-17, 1.49694759648e-17, 1.59290302908e-17, 1.1597379072e-17, 9.83413192696e-18, 1.37695272364e-17, 1.52132742155e-17, 9.71762932795e-18, 7.79293224377e-18, 3.58262924799e-18, 1.28928878407e-18, 3.71221908506e-19, 3.43263669091e-20], "median": [0.166535004973, 2.16535782814, 5.47177314758, 6.63939619064, 4.47084140778, 3.27656817436, 3.51783800125, 5.44068002701, 6.30337715149, 5.25939702988, 5.21003723145, 8.16862106323, 6.31168460846, 5.61352491379, 4.95631551743, 4.59807014465, 5.99769639969, 3.88456821442, 2.46356678009, 2.09466099739, 1.82410287857, 1.43552803993, 1.0930492878, 0.70889467001, 0.604705750942, 0.283509880304, 0.120389908552, 0.0992060750723, 0.0712233185768, 0.0289355311543, 0.0117764985189, 0.00503404950723, 0.00199601543136, 0.000994106638245, 0.000625264598057, 0.000375555857318, 0.000182592004421, 3.16680343531e-05, 1.97564531845e-05, 4.31065491284e-05], "max": [4.17535305023, 49.8748817444, 116.227622986, 208.520843506, 305.76272583, 148.765884399, 700.43536377, 516.282714844, 474.393096924, 658.593261719, 580.970397949, 687.820739746, 674.328186035, 2292.17260742, 935.227661133, 1805.70776367, 1785.31237793, 1645.43115234, 2020.31811523, 577.619262695, 503.936553955, 592.274169922, 472.480804443, 318.683990479, 307.125549316, 437.474243164, 318.01260376, 220.783660889, 314.163665771, 128.169113159, 66.2746734619, 29.7329845428, 10.5757226944, 5.97667455673, 2.25259518623, 1.05492913723, 0.293161422014, 0.0568201877177, 0.00621584476903, 0.000444200937636]}, "silence_rate_30dB": {"dmean": 0.0613607205451, "dvar2": 0.132070720196, "mean": 0.934539854527, "var": 0.0611709132791, "dmean2": 0.122737191617, "dvar": 0.0575923286378, "min": 0, "median": 1, "max": 1}, "silence_rate_60dB": {"dmean": 0.0202824138105, "dvar2": 0.0453449338675, "mean": 0.0799640640616, "var": 0.0735757723451, "dmean2": 0.0405700355768, "dvar": 0.0198716148734, "min": 0, "median": 0, "max": 1}, "spectral_energyband_middle_low": {"dmean": 0.00629526237026, "dvar2": 0.000172265950823, "mean": 0.0140536101535, "var": 0.000207543213037, "dmean2": 0.00898598041385, "dvar": 8.09432967799e-05, "min": 2.87990649738e-22, "median": 0.0101796062663, "max": 0.160851806402}, "spectral_spread": {"dmean": 414063.84375, "dvar2": 598866984960, "mean": 2580755.5, "var": 2334475943940.0, "dmean2": 644003.1875, "dvar": 333831700480, "min": 744187.125, "median": 2194836, "max": 40520436}, "barkbands": {"dmean": [7.35783251002e-05, 0.0111699821427, 0.00448006158695, 0.00274739228189, 0.00140809267759, 0.002152