{"tonal": {"chords_key": "D", "hpcp_entropy": {"dmean": 0.364214450121, "dmean2": 0.624231696129, "max": 3.01141262054, "dvar": 0.173860147595, "mean": 1.15487396717, "dvar2": 0.437371402979, "min": 0, "var": 0.429147839546, "median": 1.16649651527}, "key_key": "D", "chords_strength": {"dmean": 0.00989045761526, "dmean2": 0.00700929947197, "max": 0.669597625732, "dvar": 0.00116456882097, "mean": 0.422413498163, "dvar2": 0.00218367902562, "min": -1, "var": 0.0357467345893, "median": 0.447306215763}, "key_scale": "major", "chords_number_rate": 0.0123167159036, "thpcp": [1, 0.537068367004, 0.155940383673, 0.248000189662, 0.148532822728, 0.339066952467, 0.605551123619, 0.306488275528, 0.246128708124, 0.476689755917, 0.260910481215, 0.18547450006, 0.382904261351, 0.238113313913, 0.348024576902, 0.686010062695, 0.38615578413, 0.105480059981, 0.174468770623, 0.123384021223, 0.503735363483, 0.911595344543, 0.472826480865, 0.129994675517, 0.220065370202, 0.197653859854, 0.561374425888, 0.906646490097, 0.46427449584, 0.385228723288, 0.64614546299, 0.334252148867, 0.260487347841, 0.522660672665, 0.328248113394, 0.531965970993], "key_strength": 0.616276621819, "tuning_nontempered_energy_ratio": 0.585541605949, "tuning_frequency": 441.017791748, "chords_changes_rate": 0.0604105554521, "tuning_diatonic_strength": 0.235017105937, "chords_scale": "major", "chords_histogram": [14.1348972321, 5.04398822784, 8.680352211, 1.17302048206, 9.67741966248, 1.1143695116, 3.40175962448, 0.17595307529, 4.51612901688, 1.1143695116, 1.87683284283, 2.93255138397, 2.81524920464, 3.63636374474, 0.469208210707, 2.58064508438, 0, 7.39002943039, 7.80058670044, 5.45454549789, 5.86510276794, 4.28152513504, 3.63636374474, 2.22873902321], "tuning_equal_tempered_deviation": 0.000776395609137, "hpcp": {"dmean": [0.0675378963351, 0.0495813190937, 0.0218778643757, 0.0216599330306, 0.0199787262827, 0.0375577881932, 0.0475128106773, 0.0314335003495, 0.0247848872095, 0.0333104766905, 0.0252518169582, 0.0204646997154, 0.0291707944125, 0.0252638421953, 0.0375592596829, 0.0469331890345, 0.0374948494136, 0.0166207719594, 0.0200973972678, 0.0183675307781, 0.0415113084018, 0.0487390123308, 0.0469230636954, 0.0246975496411, 0.0282188132405, 0.0373680517077, 0.075955234468, 0.0893678888679, 0.0700003728271, 0.0412638485432, 0.0412858910859, 0.0373540446162, 0.0347780920565, 0.045218873769, 0.041647516191, 0.0495614558458], "dmean2": [0.101010248065, 0.0781050622463, 0.0360827147961, 0.0324639715254, 0.0320395082235, 0.0616895146668, 0.0722286775708, 0.0475327707827, 0.0359727218747, 0.0472009144723, 0.0382767654955, 0.0339594557881, 0.0465382449329, 0.0405340269208, 0.0608042404056, 0.0743056461215, 0.0600375421345, 0.0279894061387, 0.0319784283638, 0.0304978936911, 0.061309568584, 0.0749577060342, 0.0734281688929, 0.0417296253145, 0.0451281107962, 0.0627931654453, 0.122823596001, 0.142641559243, 0.110215872526, 0.067720271647, 0.0639729872346, 0.0633758082986, 0.0558843910694, 0.0690177977085, 0.0671926662326, 0.0795346498489], "max": [1, 1, 0.919663131237, 1, 1, 1, 1, 1, 0.987380802631, 1, 1, 1, 1, 1, 1, 1, 1, 0.566500127316, 1, 0.884509325027, 1, 1, 1, 1, 1, 1, 1, 1, 1, 1, 1, 1, 1, 1, 1, 1], "dvar": [0.0260065831244, 0.0122115183622, 0.00537624722347, 0.00841138698161, 0.00502535700798, 0.00913922861218, 0.0149480830878, 0.00553588243201, 0.00479926820844, 0.0129053937271, 0.00589256174862, 0.0053160735406, 0.0118937697262, 0.00742361787707, 0.00939937122166, 0.0161406416446, 0.00853075273335, 0.00250084279105, 0.00660855649039, 0.00295330444351, 0.00839965138584, 0.0170816313475, 0.00975050684065, 0.00437094271183, 0.00711475126445, 0.0110736591741, 0.0234378334135, 0.0371672697365, 0.0187482014298, 0.00949358288199, 0.0159267093986, 0.0098579172045, 0.00919701997191, 0.018667973578, 0.012587887235, 0.0117475092411], "mean": [0.245047017932, 0.131606996059, 0.0382127277553, 0.0607717074454, 0.036397524178, 0.0830873474479, 0.148388490081, 0.0751040354371, 0.0603131055832, 0.116811402142, 0.0639353320003, 0.0454499721527, 0.093829549849, 0.0583489574492, 0.0852823853493, 0.168104723096, 0.0946263223886, 0.0258475746959, 0.0427530519664, 0.0302348863333, 0.123438850045, 0.223383724689, 0.11586471647, 0.0318548083305, 0.0539263635874, 0.0484344884753, 0.137563124299, 0.222171023488, 0.113769084215, 0.0943991467357, 0.158336013556, 0.0819074958563, 0.0638316497207, 0.128076434135, 0.0804362222552, 0.130356669426], "dvar2": [0.0465179048479, 0.027933832258, 0.0139740630984, 0.017448483035, 0.0129372486845, 0.0238887798041, 0.0311854947358, 0.0123383784667, 0.00949077680707, 0.020881075412, 0.0121493395418, 0.0133265797049, 0.0239740125835, 0.0166868250817, 0.0240626055747, 0.0353075191379, 0.0219940729439, 0.0057828258723, 0.0132280196995, 0.00674740364775, 0.0171970129013, 0.032702639699, 0.0221254285425, 0.0121245253831, 0.0157811623067, 0.0297718215734, 0.0598893798888, 0.0772597193718, 0.0445932559669, 0.0223381500691, 0.0281798336655, 0.026303594932, 0.0251220017672, 0.0335976406932, 0.0323255769908, 0.0291158817708], "min": [0, 0, 0, 0, 0, 0, 0, 0, 0, 0, 0, 0, 0, 0, 0, 0, 0, 0, 0, 0, 0, 0, 0, 0, 0, 0, 0, 0, 0, 0, 0, 0, 0, 0, 0, 0], "var": [0.142253786325, 0.0429563559592, 0.0129922153428, 0.0376832783222, 0.0131834400818, 0.0269577987492, 0.0798090100288, 0.0219882521778, 0.0221861414611, 0.0815244093537, 0.0241662114859, 0.0159047413617, 0.0647502988577, 0.02293202281, 0.026603974402, 0.0978916212916, 0.0331413000822, 0.00603397749364, 0.0231111999601, 0.00740774953738, 0.0465032868087, 0.132393598557, 0.0365819856524, 0.00630917213857, 0.0218617934734, 0.0152943413705, 0.0569755211473, 0.129897192121, 0.0382407419384, 0.0361976996064, 0.105661273003, 0.0297487191856, 0.0213437639177, 0.0844959840178, 0.0308994054794, 0.0405848063529], "median": [0.0102882161736, 0.00674597220495, 0.000318028702168, 0.000158418784849, 0.000231340658502, 0.00308907101862, 0.00368374586105, 0.00344169535674, 0.000716547889169, 0.000593100558035, 0.000500883266795, 0.000686567043886, 0.000493370462209, 0.000884018198121, 0.00366402510554, 0.00251380540431, 0.00210676132701, 0.00109099037945, 0.000513772771228, 0.00154427834786, 0.00165669119451, 0.00105823145714, 0.00210366747342, 0.00209718779661, 0.000718047085684, 0.00123479322065, 0.00744079006836, 0.00929456483573, 0.00884639658034, 0.00201438413933, 0.00059014436556, 0.000779452151619, 0.00118393346202, 0.00141274381895, 0.00193187897094, 0.0129413194954]}}, "lowlevel": {"melbands_flatness_db": {"dmean": 0.0452233999968, "dmean2": 0.0690463036299, "max": 0.76330780983, "dvar": 0.00287403631955, "mean": 0.503895401955, "dvar2": 0.00656325323507, "min": 0.00264734402299, "var": 0.01602066122, "median": 0.522924125195}, "melbands_crest": {"dmean": 2.3570561409, "dmean2": 3.71537780762, "max": 33.4200744629, "dvar": 5.76942968369, "mean": 17.9168300629, "dvar2": 15.2534637451, "min": 1.65891671181, "var": 38.6727371216, "median": 17.2154693604}, "spectral_entropy": {"dmean": 0.335128933191, "dmean2": 0.531772971153, "max": 9.82409191132, "dvar": 0.202747285366, "mean": 5.18156194687, "dvar2": 0.474117934704, "min": 3.04026532173, "var": 1.1082649231, "median": 5.04211235046}, "melbands": {"dmean": [8.90818046173e-06, 8.55162943481e-05, 0.000238473134232, 0.000371142145013, 0.000208456272958, 0.000220369984163, 0.000224464107305, 0.000135978349135, 0.000137312497827, 7.90401609265e-05, 6.3599763962e-05, 3.76839379896e-05, 1.57233116624e-05, 1.62174856086e-05, 1.85357603186e-05, 1.33800194817e-05, 1.45372896441e-05, 1.01253381217e-05, 2.82782184513e-06, 2.09142467611e-06, 1.92508082364e-06, 5.43663645658e-07, 4.58426256955e-07, 7.59638339787e-07, 2.48885783094e-07, 1.37180791171e-07, 1.20952947213e-07, 2.11801108208e-07, 1.87539313856e-07, 1.12002808805e-07, 3.47631790021e-08, 2.42715021415e-08, 1.82707289298e-08, 1.59223922935e-08, 1.22982912742e-08, 8.95689922231e-09, 5.68408298207e-09, 3.44937012287e-09, 1.71611347355e-09, 1.61003477217e-09], "dmean2": [1.34661859192e-05, 0.000118392898003, 0.000339621561579, 0.000572931661736, 0.000306673930027, 0.000319208018482, 0.000289116898784, 0.000191618222743, 0.00018583102792, 0.000106129475171, 8.14835293568e-05, 4.85553064209e-05, 2.49300010182e-05, 2.52807731158e-05, 2.88949922833e-05, 1.95126995095e-05, 2.02244191314e-05, 1.34939818963e-05, 3.89566775993e-06, 3.01001932712e-06, 2.9411532978e-06, 8.63590059907e-07, 7.96718950369e-07, 1.35115590183e-06, 4.46206854576e-07, 2.41825034664e-07, 2.12906883235e-07, 3.71941325739e-07, 3.12268440439e-07, 1.95520641455e-07, 6.07120824725e-08, 4.38797727043e-08, 3.13242907168e-08, 2.74117546439e-08, 2.28742447206e-08, 1.57336721429e-08, 1.0132946926e-08, 6.1377956051e-09, 3.14456283235e-09, 3.02130231944e-09], "max": [0.000849628238939, 0.00881142355502, 0.00966692622751, 0.0128225116059, 0.00939207524061, 0.00652234395966, 0.0220052357763, 0.00851721316576, 0.0135874608532, 0.00742259016261, 0.0102838091552, 0.00702800462022, 0.00487080262974, 0.00265772105195, 0.00225262530148, 0.00190867716447, 0.00192313245498, 0.00240397243761, 0.000385013670893, 0.00032566653681, 0.000651483249385, 0.000218482571654, 0.000104722523247, 0.000113892478112, 2.56716521108e-05, 6.19512939011e-05, 1.97257104446e-05, 5.92072865402e-05, 6.03245425737e-05, 3.29404865624e-05, 7.53377844376e-06, 1.17641120596e-05, 2.16898320105e-06, 1.96310202227e-06, 2.73923296845e-06, 4.72622832604e-06, 1.59775277098e-06, 1.15918180654e-06, 4.11729701e-07, 4.05678036941e-07], "dvar": [1.13863274365e-09, 1.03374382832e-07, 2.46204905352e-07, 6.32344608675e-07, 2.52259496847e-07, 1.47583136823e-07, 3.02023806853e-07, 1.42667687442e-07, 2.92661297863e-07, 7.6128458204e-08, 1.33947807512e-07, 4.0101298282e-08, 1.3440389246e-08, 5.32041966039e-09, 1.08220818973e-08, 4.16318890473e-09, 4.98508390123e-09, 3.37028205344e-09, 1.65603794566e-10, 1.21839191514e-10, 2.97261021354e-10, 1.42002546874e-11, 1.23971258606e-11, 2.10947266599e-11, 1.62199474772e-12, 2.36541819118e-12, 8.28510112079e-13, 3.82484799041e-12, 2.7352807519e-12, 7.89564702681e-13, 5.89857752486e-14, 7.78532918471e-14, 7.68299117225e-15, 1.16559441542e-14, 1.03003483903e-14, 1.19132050009e-14, 3.56268452714e-15, 1.19321848917e-15, 2.34660366581e-16, 2.76281977422e-16], "mean": [1.7906904759e-05, 0.000228698350838, 0.000857952807564, 0.00105933833402, 0.000641402264591, 0.000689523585606, 0.000957179174293, 0.000578703009523, 0.000505985168274, 0.000240029970882, 0.000211252772715, 0.000128016108647, 2.39068285737e-05, 2.66573952103e-05, 2.44839757215e-05, 2.90440802928e-05, 2.77615363302e-05, 2.34684703173e-05, 6.55108078718e-06, 4.06670551456e-06, 3.2641269172e-06, 1.01402645214e-06, 3.79644461646e-07, 5.35035269422e-07, 1.81588745818e-07, 1.02459516427e-07, 9.20575899954e-08, 1.67641431403e-07, 1.58955913321e-07, 9.16608300372e-08, 2.7330369079e-08, 1.72141252364e-08, 1.55210244657e-08, 1.28012480616e-08, 8.00666555278e-09, 6.42468567236e-09, 4.28025392907e-09, 2.43475284378e-09, 1.13890386011e-09, 9.90331816553e-10], "dvar2": [2.84177881227e-09, 2.31387431882e-07, 6.61238630073e-07, 1.92598190552e-06, 6.76537922573e-07, 3.54836288352e-07, 4.11875163309e-07, 3.04927255002e-07, 5.5621995898e-07, 1.3767325413e-07, 2.23889870199e-07, 6.63698074277e-08, 3.5573766155e-08, 1.19365095586e-08, 2.53070933098e-08, 8.97999985483e-09, 1.09136530924e-08, 6.01733018968e-09, 3.36406347223e-10, 2.32128385957e-10, 7.49631468011e-10, 2.94856500327e-11, 3.42130733466e-11, 5.76230833882e-11, 4.51118049166e-12, 6.803134011e-12, 2.34253133384e-12, 1.05970301978e-11, 5.9377832512e-12, 1.80326955625e-12, 1.56876939282e-13, 2.23738291349e-13, 1.87680969534e-14, 3.13230175033e-14, 3.0135111393e-14, 3.08484757649e-14, 9.44871436003e-15, 3.27383083377e-15, 6.73019239724e-16, 8.1418739184e-16], "min": [1.30231035248e-24, 8.02793569314e-25, 8.96226550751e-25, 1.50810345505e-24, 1.01647981689e-24, 1.43120203996e-24, 1.20354023398e-24, 1.80015652546e-24, 1.77662973503e-24, 2.09953929696e-24, 2.17925783296e-24, 2.32651134269e-24, 2.1088744797e-24, 2.6759092761e-24, 3.47724522767e-24, 3.30102060398e-24, 2.91483749492e-24, 3.16750589577e-24, 3.6186986376e-24, 3.0312017754e-24, 4.07117741992e-24, 3.26671974853e-24, 3.95488788401e-24, 5.11149523286e-24, 4.11821877342e-24, 4.31001886404e-24, 5.08289981391e-24, 4.1961199711e-24, 6.04652733065e-24, 4.58859089323e-24, 5.64073057569e-24, 5.9666460921e-24, 4.88883569249e-24, 5.31116026671e-24, 5.89932549131e-24, 5.60618477893e-24, 5.8886241987e-24, 5.21584220353e-24, 5.96859418411e-24, 6.15303617463e-24], "var": [3.62655572239e-09, 5.88266118484e-07, 1.61484069849e-06, 2.63264951172e-06, 1.24101336496e-06, 9.32570230816e-07, 2.70457576335e-06, 1.27758062263e-06, 1.52487314153e-06, 4.47919518365e-07, 9.07501771508e-07, 3.79102914394e-07, 1.3714315017e-08, 9.69408642248e-09, 1.28610375683e-08, 8.81394246477e-09, 8.57090221018e-09, 1.07512017067e-08, 4.85658346872e-10, 3.08082420686e-10, 4.89068507914e-10, 6.80573444822e-11, 8.19072587532e-12, 1.40600951021e-11, 1.04937358716e-12, 1.36852302494e-12, 5.26974460163e-13, 2.57170673645e-12, 2.99098397959e-12, 8.09768647535e-13, 5.02830097709e-14, 4.66909802108e-14, 7.62395297582e-15, 8.65956171516e-15, 5.71123738444e-15, 8.84767926241e-15, 2.58969989821e-15, 7.92856084673e-16, 1.39519005437e-16, 1.48246832926e-16], "median": [3.52969095729e-07, 2.73325690614e-06, 0.000250708399108, 0.000305117224343, 0.000211657868931, 0.000279816886177, 0.000279802130535, 7.4393232353e-05, 2.07498669624e-05, 1.07392461359e-05, 1.41693601563e-06, 1.0621167803e-06, 1.25303120058e-06, 1.79844391823e-06, 1.38006748784e-06, 2.12099303099e-06, 1.66729773809e-06, 6.77239256675e-07, 2.26371838608e-07, 7.2126361772e-08, 3.10318135632e-08, 1.53148231874e-08, 1.10829114774e-08, 1.48719925264e-08, 6.95970525655e-09, 4.33810320999e-09, 2.89018409205e-09, 2.26666574399e-09, 1.35883937435e-09, 7.99208588198e-10, 4.36302771689e-10, 4.39780628581e-10, 3.81784853731e-10, 1.55464238705e-10, 1.00845602702e-10, 6.58021970246e-11, 4.55934838495e-11, 3.87231496868e-11, 2.93500466986e-11, 2.36331891557e-11]}, "silence_rate_60dB": {"dmean": 0.0275821592659, "dmean2": 0.0551805123687, "max": 1, "dvar": 0.0268218051642, "mean": 0.155764147639, "dvar2": 0.0615291595459, "min": 0, "var": 0.13150164485, "median": 0}, "spectral_energyband_middle_high": {"dmean": 0.000871633237693, "dmean2": 0.00118920963723, "max": 0.0837772861123, "dvar": 8.29907639854e-06, "mean": 0.00242205383256, "dvar2": 1.57944396051e-05, "min": 1.16374729735e-21, "var": 3.89746019209e-05, "median": 0.000451783940662}, "erbbands_skewness": {"dmean": 0.508480370045, "dmean2": 0.770606040955, "max": 7.49139499664, "dvar": 0.394417107105, "mean": 1.35933184624, "dvar2": 0.893935739994, "min": -5.43319559097, "var": 2.78144359589, "median": 1.19091808796}, "dynamic_complexity": 4.92259263992, "dissonance": {"dmean": 0.0497197620571, "dmean2": 0.0837688446045, "max": 0.499961286783, "dvar": 0.00223477720283, "mean": 0.351791292429, "dvar2": 0.00592416757718, "min": 0.0954369977117, "var": 0.00576026504859, "median": 0.356156349182}, "spectral_skewness": {"dmean": 1.80174028873, "dmean2": 2.99258971214, "max": 19.3289489746, "dvar": 2.59859871864, "mean": 7.29622983932, "dvar2": 6.26574897766, "min": -0.07597450912, "var": 10.2681741714, "median": 7.34595346451}, "spectral_kurtosis": {"dmean": 38.4248466492, "dmean2": 63.3935775757, "max": 615.467102051, "dvar": 1483.82678223, "mean": 102.371650696, "dvar2": 3756.00244141, "min": -1.24691486359, "var": 4767.85546875, "median": 97.338180542}, "gfcc": {"cov": [[34406.6328125, 5532.59912109, -5308.19384766, -634.136901855, -1612.58837891, -1128.34313965, -340.774505615, -829.169189453, -285.902648926, -1355.32336426, -1587.86499023, -1488.04553223, -611.290344238], [5532.59912109, 2132.2097168, -302.936431885, -359.347808838, 127.182922363, -272.550842285, -146.060852051, -336.886474609, -178.425323486, -194.506668091, -106.881126404, -265.59197998, -133.352264404], [-5308.19384766, -302.936431885, 1487.88635254, 245.080886841, 461.000335693, 335.110778809, 158.660766602, 117.308174133, -164.430847168, 72.9769210815, 285.268676758, 234.958999634, 48.023021698], [-634.136901855, -359.347808838, 245.080886841, 806.797180176, 254.236404419, 364.500030518, 345.04888916, 135.327148438, -284.712341309, -368.140441895, -225.048843384, -50.6809120178, -73.7270355225], [-1612.58837891, 127.182922363, 461.000335693, 254.236404419, 586.513916016, 175.362823486, 92.9279251099, -55.0228309631, -133.942367554, -51.3432350159, 34.1534614563, -8.51383781433, -50.9825973511], [-1128.34313965, -272.550842285, 335.110778809, 364.500030518, 175.362823486, 482.1043396, 275.63482666, 135.15335083, -205.169784546, -199.670547485, -23.2154083252, 63.7180671692, -29.8106269836], [-340.774505615, -146.060852051, 158.660766602, 345.04888916, 92.9279251099, 275.63482666, 620.89465332, 358.565612793, -168.629486084, -504.820983887, -388.110870361, -145.654052734, -106.567398071], [-829.169189453, -336.886474609, 117.308174133, 135.327148438, -55.0228309631, 135.15335083, 358.565612793, 557.051391602, 186.195037842, -243.832321167, -291.388641357, -92.4378585815, -37.7589378357], [-285.902648926, -178.425323486, -164.430847168, -284.712341309, -133.942367554, -205.169784546, -168.629486084, 186.195037842, 659.207824707, 462.08404541, 61.0230255127, -43.1943817139, 54.1211585999], [-1355.32336426, -194.506668091, 72.9769210815, -368.140441895, -51.3432350159, -199.670547485, -504.820983887, -243.832321167, 462.08404541, 1041.25134277, 677.02166748, 196.904708862, 142.916183472], [-1587.86499023, -106.881126404, 285.268676758, -225.048843384, 34.1534614563, -23.2154083252, -388.110870361, -291.388641357, 61.0230255127, 677.02166748, 777.755004883, 362.866455078, 130.290756226], [-1488.04553223, -265.59197998, 234.958999634, -50.6809120178, -8.51383781433, 63.7180671692, -145.654052734, -92.4378585815, -43.1943817139, 196.904708862, 362.866455078, 366.900146484, 155.891281128], [-611.290344238, -133.352264404, 48.023021698, -73.7270355225, -50.9825973511, -29.8106269836, -106.567398071, -37.7589378357, 54.1211585999, 142.916183472, 130.290756226, 155.891281128, 184.613006592]], "mean": [-257.395324707, 198.267501831, -108.419624329, -41.1310272217, -50.947429657, -29.725019455, -43.5356407166, -35.9764099121, -12.5740699768, -1.94882082939, -0.76241093874, -17.5074920654, -6.30074119568], "icov": [[0.00031830635271, -0.000825548486318, 0.00085709663108, -0.00050371105317, 0.000670043518767, -0.000262958114035, 9.6834897704e-05, 6.42992454232e-05, -9.12255345611e-05, 8.70159055921e-05, -2.81115317193e-05, 0.000102604979475, 0.000137742114021], [-0.000825548486318, 0.0029518851079, -0.00217818887904, 0.00178702222183, -0.00207581277937, 0.000826391158625, -0.000232498539845, 0.000282181455987, 0.0001622512209, 0.000489567406476, -0.000556953658815, 0.000732632062864, -0.000489480909891], [0.00085709663108, -0.00217818887904, 0.00360190239735, -0.00121076300275, 0.000808361452073, -0.000882667081896, 0.000170338913449, -0.00069382955553, 0.000383484410122, -0.000141234981129, -0.000326209468767, -0.000174826054717, 0.000256039202213], [-0.00050371105317, 0.00178702222183, -0.00121076300275, 0.00351861864328, -0.0019400868332, -0.000722417084035, -0.000367486063624, -0.000165325414855, 0.00101771915797, -0.000363044877304, 0.000731685140636, 5.26956646354e-05, -0.000133474182803], [0.000670043518767, -0.00207581277937, 0.000808361452073, -0.0019400868332, 0.00451603392139, -0.000960725650657, -3.0841161788e-05, 0.00127092190087, -0.000960103003308, 0.000455331959529, -0.000272230594419, 0.000647665467113, 0.000642493134364], [-0.000262958114035, 0.000826391158625, -0.000882667081896, -0.000722417084035, -0.000960725650657, 0.00480628293008, -0.00134974578395, -0.000721364340279, 0.00083321070997, -0.000198294233996, -0.000570372852962, -0.000971861882135, 0.000383881066227], [9.6834897704e-05, -0.000232498539845, 0.000170338913449, -0.000367486063624, -3.0841161788e-05, -0.00134974578395, 0.00533214397728, -0.00277198851109, 0.00125627173111, 0.00039864552673, 0.000700611330103, 0.000781407754403, 0.000414980604546], [6.42992454232e-05, 0.000282181455987, -0.00069382955553, -0.000165325414855, 0.00127092190087, -0.000721364340279, -0.00277198851109, 0.0066637811251, -0.00444942805916, 0.00263819098473, -0.000718521361705, 0.000412078050431, -5.0291801017e-05], [-9.12255345611e-05, 0.0001622512209, 0.000383484410122, 0.00101771915797, -0.000960103003308, 0.00083321070997, 0.00125627173111, -0.00444942805916, 0.00705045182258, -0.00542030343786, 0.0036823307164, -0.00119750667363, 0.000347907101968], [8.70159055921e-05, 0.000489567406476, -0.000141234981129, -0.000363044877304, 0.000455331959529, -0.000198294233996, 0.00039864552673, 0.00263819098473, -0.00542030343786, 0.0085669439286, -0.00754760345444, 0.00488182809204, -0.0024416455999], [-2.81115317193e-05, -0.000556953658815, -0.000326209468767, 0.000731685140636, -0.000272230594419, -0.000570372852962, 0.000700611330103, -0.000718521361705, 0.0036823307164, -0.00754760345444, 0.0108980117366, -0.00788422487676, 0.00370157696307], [0.000102604979475, 0.000732632062864, -0.000174826054717, 5.26956646354e-05, 0.000647665467113, -0.000971861882135, 0.000781407754403, 0.000412078050431, -0.00119750667363, 0.00488182809204, -0.00788422487676, 0.012295152992, -0.00675340788439], [0.000137742114021, -0.000489480909891, 0.000256039202213, -0.000133474182803, 0.000642493134364, 0.000383881066227, 0.000414980604546, -5.0291801017e-05, 0.000347907101968, -0.0024416455999, 0.00370157696307, -0.00675340788439, 0.010746547021]]}, "spectral_complexity": {"dmean": 1.02816903591, "dmean2": 1.76401531696, "max": 28, "dvar": 3.00461578369, "mean": 5.92226457596, "dvar2": 7.25982141495, "min": 0, "var": 11.0355587006, "median": 6}, "spectral_flux": {"dmean": 0.0156738124788, "dmean2": 0.0250850766897, "max": 0.28541597724, "dvar": 0.000468414189527, "mean": 0.0368580669165, "dvar2": 0.0011303559877, "min": 6.51319900791e-11, "var": 0.00092535908334, "median": 0.0296401996166}, "spectral_energyband_low": {"dmean": 0.000425425590947, "dmean2": 0.00058505195193, "max": 0.0342251360416, "dvar": 1.48839467329e-06, "mean": 0.00145025562961, "dvar2": 3.2166165056e-06, "min": 9.27523719697e-24, "var": 1.00665292848e-05, "median": 9.5461095043e-05}, "spectral_decrease": {"dmean": 1.13243991962e-09, "dmean2": 1.60370761115e-09, "max": 3.68935629357e-22, "dvar": 2.72932565131e-18, "mean": -5.63192248393e-09, "dvar2": 5.81490723909e-18, "min": -2.93389845751e-08, "var": 2.26622308462e-17, "median": -4.58401760994e-09}, "barkbands_spread": {"dmean": 1.29111969471, "dmean2": 2.03584384918, "max": 113.297523499, "dvar": 10.9999113083, "mean": 4.40962076187, "dvar2": 28.5409660339, "min": 0.0356842242181, "var": 34.0758132935, "median": 3.04022264481}, "spectral_rms": {"dmean": 0.00045688948012, "dmean2": 0.000638973433524, "max": 0.010597047396, "dvar": 3.07422595824e-07, "mean": 0.00412206724286, "dvar2": 6.36176707758e-07, "min": 3.12698283066e-12, "var": 4.65749144496e-06, "median": 0.00418511033058}, "spectral_centroid": {"dmean": 64.2784957886, "dmean2": 101.431549072, "max": 11716.6464844, "dvar": 46273.2148438, "mean": 731.710632324, "dvar2": 94284.8671875, "min": 164.041213989, "var": 2929605.75, "median": 425.374450684}, "barkbands_skewness": {"dmean": 0.665519595146, "dmean2": 1.02056241035, "max": 15.4222393036, "dvar": 0.981197059155, "mean": 2.10670804977, "dvar2": 2.4195857048, "min": -6.20882558823, "var": 4.14578771591, "median": 2.00705862045}, "spectral_rolloff": {"dmean": 102.054733276, "dmean2": 178.509124756, "max": 19702.8808594, "dvar": 131047.117188, "mean": 1053.19970703, "dvar2": 215615.515625, "min": 129.19921875, "var": 8968911, "median": 473.73046875}, "erbbands_spread": {"dmean": 2.72410988808, "dmean2": 4.23584651947, "max": 114.249557495, "dvar": 15.7192716599, "mean": 11.8571224213, "dvar2": 36.8644294739, "min": 0.324567884207, "var": 91.4185256958, "median": 9.37440776825}, "barkbands": {"dmean": [2.18554845333e-07, 5.54170437681e-05, 0.000248140888289, 0.000472196319606, 0.00173376093153, 0.000980197801255, 0.000983136938885, 0.000724397657905, 0.000597814156208, 0.000399609096348, 0.000114278162073, 0.000171765088453, 0.000113279798825, 0.000183358381037, 4.10909124184e-05, 2.85424066533e-05, 9.80870936473e-06, 1.39056010084e-05, 3.69668305211e-06, 5.66213975617e-06, 4.28098019256e-06, 1.03906893401e-06, 8.27264216241e-07, 3.04179309296e-07, 1.25125751538e-07, 2.42678481754e-08, 2.75850431386e-09], "dmean2": [3.64545002185e-07, 8.44924070407e-05, 0.000330473878421, 0.000646458298434, 0.00265987403691, 0.00143204373308, 0.0013232990168, 0.00100115907844, 0.000782764225733, 0.000505454896484, 0.000181113689905, 0.000270565506071, 0.000178953123395, 0.000247465039138, 5.63275971217e-05, 4.37913404312e-05, 1.49998459165e-05, 2.4833218049e-05, 6.6048055487e-06, 9.71598910837e-06, 7.47485364627e-06, 1.82059238796e-06, 1.46531499468e-06, 5.46108196886e-07, 2.30068607721e-07, 4.58841142859e-08, 5.25127674678e-09], "max": [9.18435671338e-06, 0.00393460784107, 0.0307998135686, 0.0223155766726, 0.0489320680499, 0.0277124606073, 0.0888070613146, 0.0658163130283, 0.0643393993378, 0.0822866633534, 0.0319518893957, 0.0245160534978, 0.012967005372, 0.024952750653, 0.0067537361756, 0.00728359399363, 0.00469802226871, 0.00186217855662, 0.00110793067142, 0.00105810409877, 0.001559797558, 0.000288792623905, 0.000140999996802, 6.89066728228e-05, 2.549549572e-05, 5.68822269997e-06, 3.2269238659e-07], "dvar": [2.07169093621e-13, 4.62051517047e-08, 9.26749748942e-07, 1.05923652427e-06, 1.18525240396e-05, 2.84027237285e-06, 5.95306755713e-06, 8.73996850714e-06, 5.60297303309e-06, 5.44162503502e-06, 6.24415292805e-07, 6.74405555401e-07, 2.3553253925e-07, 6.92703679306e-07, 3.13124317586e-08, 4.40769305499e-08, 5.37921263088e-09, 6.95997526279e-09, 9.37784405686e-10, 1.8253655254e-09, 1.35706501592e-09, 5.27438544229e-11, 3.27715042603e-11, 7.90894433278e-12, 1.29244585954e-12, 4.03050666843e-14, 2.32545245902e-16], "mean": [3.02535170249e-07, 0.00010166157881, 0.000711044413038, 0.00176884781104, 0.0050915107131, 0.00312162702903, 0.00405308930203, 0.00285790278576, 0.00181229400914, 0.00146581849549, 0.0001716271654, 0.000253451638855, 0.00021944756736, 0.000368319160771, 0.00010550339357, 4.64589647891e-05, 1.8800403268e-05, 9.73339683696e-06, 2.81462098428e-06, 4.64315462523e-06, 3.50026516571e-06, 8.15265821075e-07, 6.02366526437e-07, 2.28112739364e-07, 8.16489631461e-08, 1.50804240207e-08, 1.85206039394e-09], "dvar2": [4.82055855736e-13, 1.17834659363e-07, 1.9686124233e-06, 2.65945072897e-06, 3.48075955117e-05, 6.88574937158e-06, 9.29274392547e-06, 1.82726853382e-05, 1.00125262179e-05, 8.79140043253e-06, 1.63345885085e-06, 1.54915187522e-06, 5.6201724874e-07, 1.39034909807e-06, 5.91934572469e-08, 1.11402279401e-07, 1.03372945759e-08, 1.91999145471e-08, 2.66894151224e-09, 4.82328710305e-09, 2.90843460427e-09, 1.43861922375e-10, 8.9584485663e-11, 2.13558493806e-11, 3.78944185059e-12, 1.18551029453e-13, 6.91056488699e-16], "min": [9.58119985729e-25, 3.42336839443e-24, 5.56944624467e-25, 8.28326038587e-25, 7.38016137752e-24, 5.97054306497e-24, 4.78951337136e-24, 5.70062207891e-24, 1.21539476234e-23, 6.42636267323e-24, 1.73692829838e-23, 1.8817256108e-23, 3.62697386738e-23, 3.51033983591e-23, 4.68862413581e-23, 6.2164334546e-23, 6.57981939069e-23, 1.08935960725e-22, 1.3701107858e-22, 1.3680622718e-22, 2.72706968259e-22, 3.17109537855e-22, 3.89695318182e-22, 5.59159048931e-22, 9.15233039602e-22, 1.27150655528e-21, 1.89466729047e-21], "var": [4.53704375502e-13, 1.15412362334e-07, 6.47801516607e-06, 7.78713911131e-06, 5.65066475247e-05, 1.89731672435e-05, 4.96521679452e-05, 4.72287938464e-05, 3.08649941871e-05, 4.24664285674e-05, 7.38268568057e-07, 9.67460664469e-07, 4.35091521922e-07, 1.6324720491e-06, 1.40592703701e-07, 6.2559536218e-08, 2.82396985796e-08, 4.47420722693e-09, 5.64460922448e-10, 1.43790701568e-09, 1.47631507019e-09, 3.84484249993e-11, 2.25026525191e-11, 5.47336958742e-12, 7.32406865191e-13, 2.16419018665e-14, 1.21932550044e-16], "median": [8.62266915647e-08, 1.39413680245e-06, 8.35123228171e-06, 0.000288130162517, 0.00145047402475, 0.00136748631485, 0.00110016646795, 4.35284164269e-05, 7.53405620344e-05, 8.3248505689e-06, 6.36766071693e-06, 1.51209651449e-05, 1.84787240869e-05, 1.42652315844e-05, 3.60030117008e-06, 9.11218990041e-07, 2.70008314374e-07, 3.22417179177e-07, 1.28703248947e-07, 8.62755058506e-08, 3.73957362854e-08, 2.34744117478e-08, 6.86596868249e-09, 3.56492901865e-09, 2.60633603588e-09, 1.21766208228e-09, 3.68971020404e-10]}, "melbands_kurtosis": {"dmean": 5.83668899536, "dmean2": 9.20045471191, "max": 154.021011353, "dvar": 97.4692840576, "mean": 15.8413438797, "dvar2": 232.282394409, "min": -1.91852343082, "var": 365.880706787, "median": 9.62361240387}, "erbbands_crest": {"dmean": 2.34622359276, "dmean2": 3.70113229752, "max": 33.8304672241, "dvar": 6.28645706177, "mean": 16.6037464142, "dvar2": 15.4519910812, "min": 2.7975063324, "var": 36.166934967, "median": 16.2009716034}, "melbands_skewness": {"dmean": 0.598669290543, "dmean2": 0.89909350872, "max": 9.10403823853, "dvar": 0.530703246593, "mean": 2.20939731598, "dvar2": 1.21275639534, "min": -3.34783816338, "var": 3.31671857834, "median": 2.15338277817}, "spectral_energyband_middle_low": {"dmean": 0.00396266020834, "dmean2": 0.00571105536073, "max": 0.114646539092, "dvar": 3.38824065693e-05, "mean": 0.0191824119538, "dvar2": 7.38133167033e-05, "min": 1.52084569648e-22, "var": 0.000274196267128, "median": 0.0150885330513}, "spectral_contrast_coeffs": {"dmean": [0.0387628376484, 0.0460300184786, 0.0417707934976, 0.0332615859807, 0.0235984027386, 0.0315724089742], "dmean2": [0.0644185394049, 0.0733315423131, 0.0683835744858, 0.0530503168702, 0.0379452332854, 0.052516721189], "max": [-0.194760873914, -0.254745215178, -0.317422628403, -0.487532109022, -0.576056003571, -0.619859457016], "dvar": [0.00110864627641, 0.00232832645997, 0.00185606756713, 0.00121852767188, 0.000555093516596, 0.000823429785669], "mean": [-0.463514983654, -0.562957763672, -0.74646127224, -0.711601734161, -0.809052467346, -0.83213365078], "dvar2": [0.00286664767191, 0.00535669922829, 0.00440496113151, 0.00270879990421, 0.00129584257957, 0.00214800005779], "min": [-0.985825300217, -0.976558625698, -0.99082171917, -0.972908914089, -0.96598470211, -0.965722441673], "var": [0.0308413766325, 0.0195151399821, 0.0146491490304, 0.00836693961173, 0.00352437933907, 0.00387188675813], "median": [-0.414857923985, -0.551605165005, -0.752367019653, -0.705136656761, -0.8072463274, -0.836539983749]}, "spectral_contrast_valleys": {"dmean": [0.449632585049, 0.443186759949, 0.568500041962, 0.463298767805, 0.473123282194, 0.603339493275], "dmean2": [0.765482842922, 0.717037796974, 0.93756633997, 0.761129438877, 0.760615468025, 1.01767385006], "max": [-6.72666883469, -4.89937257767, -5.52379226685, -6.38037490845, -6.94180059433, -9.67701625824], "dvar": [0.165169656277, 0.264892339706, 0.410800725222, 0.347479760647, 0.408042967319, 0.325483858585], "mean": [-10.5331106186, -8.61284446716, -9.424284935, -10.4949893951, -11.5806398392, -14.2921495438], "dvar2": [0.381298094988, 0.575296998024, 0.921536624432, 0.745204269886, 0.863072216511, 0.806418836117], "min": [-27.9773044586, -28.0389938354, -27.7041797638, -27.7057952881, -27.48087883, -27.397102356], "var": [8.80260753632, 11.8376665115, 10.3665857315, 9.40146255493, 8.29610347748, 5.39987230301], "median": [-10.2626647949, -8.00769710541, -8.79104423523, -9.88242340088, -11.1241998672, -14.0325336456]}, "silence_rate_20dB": {"dmean": 0, "dmean2": 0, "max": 1, "dvar": 0, "mean": 1, "dvar2": 0, "min": 1, "var": 0, "median": 1}, "silence_rate_30dB": {"dmean": 0, "dmean2": 0, "max": 1, "dvar": 0, "mean": 1, "dvar2": 0, "min": 1, "var": 0, "median": 1}, "spectral_strongpeak": {"dmean": 0.31667932868, "dmean2": 0.491190701723, "max": 9.62912940979, "dvar": 0.376548558474, "mean": 1.44967341423, "dvar2": 0.851501107216, "min": 0, "var": 1.76362335682, "median": 1.01227617264}, "spectral_spread": {"dmean": 465776.375, "dmean2": 794242.875, "max": 42230332, "dvar": 672618381312, "mean": 2266418, "dvar2": 1396776501250.0, "min": 206615.21875, "var": 41013481570300.0, "median": 1074087.75}, "barkbands_flatness_db": {"dmean": 0.0410988666117, "dmean2": 0.0643209442496, "max": 0.663811862469, "dvar": 0.00215799082071, "mean": 0.423322677612, "dvar2": 0.00495394738391, "min": 0.0563070774078, "var": 0.0104526253417, "median": 0.437860786915}, "pitch_salience": {"dmean": 0.052344456315, "dmean2": 0.0830330625176, "max": 0.909170985222, "dvar": 0.00281045492738, "mean": 0.468461722136, "dvar2": 0.00773999933153, "min": 0.044256772846, "var": 0.0174958091229, "median": 0.469693630934}, "erbbands_kurtosis": {"dmean": 3.28658747673, "dmean2": 5.08141708374, "max": 109.258094788, "dvar": 46.1289329529, "mean": 6.61208486557, "dvar2": 101.74332428, "min": -1.88797271252, "var": 149.63520813, "median": 2.48013162613}, "average_loudness": 0.826793730259, "barkbands_crest": {"dmean": 1.95286154747, "dmean2": 3.07124972343, "max": 26.6441612244, "dvar": 3.79605460167, "mean": 15.007850647, "dvar2": 10.0461969376, "min": 4.04061698914, "var": 22.668920517, "median": 14.4803085327}, "hfc": {"dmean": 2.29636263847, "dmean2": 3.11866855621, "max": 88.6171646118, "dvar": 20.7315998077, "mean": 10.2975730896, "dvar2": 39.995174408, "min": 1.07607475901e-16, "var": 121.422683716, "median": 6.43840312958}, "barkbands_kurtosis": {"dmean": 7.86162424088, "dmean2": 12.2844934464, "max": 772.486816406, "dvar": 640.405090332, "mean": 16.2021045685, "dvar2": 1614.31921387, "min": -1.86160457134, "var": 1129.22949219, "median": 7.26102733612}, "erbbands": {"dmean": [0.000437214155681, 0.0197597667575, 0.227145180106, 0.879047811031, 4.17707443237, 5.64797306061, 5.38162755966, 10.2990207672, 14.9610462189, 12.1104812622, 16.8323287964, 13.4067935944, 12.4548406601, 8.3453207016, 4.94471597672, 6.93386411667, 5.45578241348, 7.86649084091, 5.08353376389, 2.03347277641, 1.62427055836, 0.534630477428, 0.684687912464, 0.368708074093, 0.186023563147, 0.275794118643, 0.280138194561, 0.0920054838061, 0.0408465825021, 0.0292026866227, 0.0204723943025, 0.00966800749302, 0.00408638827503, 0.0019932850264, 0.000601512088906, 0.000145470083226, 3.84111044696e-05, 7.79765105108e-06, 2.29758347814e-06, 5.03978253619e-06], "dmean2": [0.000633712450508, 0.0295258592814, 0.312221974134, 1.2128880024, 6.36819458008, 8.63551521301, 7.94123029709, 15.0140142441, 18.9931468964, 17.1622982025, 22.9419078827, 17.9244403839, 16.0004673004, 10.7883243561, 7.599817276, 10.7703151703, 8.38282585144, 10.9103412628, 6.75159263611, 2.7660176754, 2.47902584076, 0.867266654968, 1.20519924164, 0.653358221054, 0.329103380442, 0.4836833179, 0.475543826818, 0.160436183214, 0.0725069120526, 0.0499579906464, 0.0372993163764, 0.0169524271041, 0.00724075548351, 0.00370248313993, 0.00108861445915, 0.00026991480263, 7.25476274965e-05, 1.48733988681e-05, 3.3248904856e-06, 7.0945607149e-06], "max": [0.0554432086647, 1.25883078575, 23.6520805359, 54.5557670593, 206.485855103, 251.408325195, 221.287582397, 324.248474121, 1511.04443359, 664.880615234, 1801.61486816, 1032.46813965, 2079.07983398, 1583.17285156, 1072.94226074, 1261.00341797, 414.408569336, 1129.85461426, 1044.61035156, 332.940216064, 495.199157715, 130.286300659, 114.124885559, 32.3244743347, 72.8596343994, 63.5336761475, 102.620040894, 16.0166473389, 14.2085733414, 2.83679008484, 3.19087409973, 2.80019235611, 0.96170091629, 0.456265896559, 0.156038880348, 0.0295470003039, 0.00757610239089, 0.00185912707821, 6.66451305733e-05, 0.00013067079999], "dvar": [1.96970404431e-06, 0.00527859060094, 0.73260986805, 3.40703821182, 101.114234924, 153.087371826, 170.599655151, 335.910583496, 1383.89025879, 813.930297852, 4754.78613281, 1702.53051758, 4777.78759766, 1612.57714844, 828.551086426, 1276.09472656, 445.477355957, 1572.28869629, 672.18762207, 95.9807281494, 182.701644897, 8.53151988983, 19.0391578674, 3.34349822998, 3.3615963459, 4.81937551498, 6.18108224869, 0.331837356091, 0.114254176617, 0.0257010478526, 0.021587844938, 0.00770495878533, 0.00127734185662, 0.000377131946152, 2.72444704024e-05, 1.38941618388e-06, 8.66767848606e-08, 4.15019574262e-09, 1.49254844595e-11, 5.63419068345e-11], "mean": [0.00113186682574, 0.0419947952032, 0.640456497669, 3.43970346451, 11.9595031738, 16.8277988434, 16.3054924011, 31.2545795441, 63.6932220459, 51.7074966431, 62.9129219055, 43.1928024292, 41.9794998169, 28.2910060883, 8.30579185486, 10.3852367401, 10.7433233261, 15.357254982, 12.2071123123, 4.574634552, 2.8100168705, 0.906679332256, 0.52265381813, 0.270095169544, 0.140321388841, 0.220347195864, 0.236549958587, 0.0744330734015, 0.0320740155876, 0.0244254451245, 0.0140400538221, 0.0074674943462, 0.00293725542724, 0.00127338035963, 0.000440737290774, 0.000106689476524, 2.95278350677e-05, 5.82678876526e-06, 1.08524209281e-05, 2.49614749919e-05], "dvar2": [4.38065126218e-06, 0.0132071319968, 1.6424434185, 7.81607341766, 292.799560547, 431.500366211, 460.974212646, 835.393920898, 1913.06762695, 1748.69580078, 9406.1796875, 2968.04882812, 8036.45214844, 2767.62744141, 2067.65136719, 2986.27050781, 1027.73205566, 3432.09912109, 1207.99755859, 163.511993408, 463.557617188, 20.0521602631, 52.3209724426, 9.23784637451, 9.70712375641, 13.3556432724, 13.0762147903, 0.87380450964, 0.313813954592, 0.0671899989247, 0.061542455107, 0.0197047349066, 0.00353909679689, 0.00110883091111, 7.83390059951e-05, 4.09044650951e-06, 2.5499758749e-07, 1.22803367475e-08, 3.4395059717e-11, 1.17668708111e-10], "min": [6.53173926515e-23, 5.36880051867e-22, 1.94572186339e-21, 4.80335057539e-21, 3.25708182306e-21, 2.22462810201e-20, 3.4603391635e-20, 5.78141991767e-20, 9.04919240391e-20, 1.6436608684e-19, 2.33259943807e-19, 3.50587086795e-19, 4.42933659627e-19, 5.99172981293e-19, 8.13248409496e-19, 1.00036431548e-18, 1.96465383687e-18, 1.97060229945e-18, 2.28762898859e-18, 3.25824685526e-18, 4.14231495328e-18, 4.5523368024e-18, 5.51965173688e-18, 6.18483068083e-18, 6.43743757783e-18, 7.38036681427e-18, 1.02739422043e-17, 1.10641519794e-17, 1.12562547505e-17, 9.95126980069e-18, 1.12295293721e-17, 1.08326332249e-17, 9.93406278958e-18, 7.96936738688e-18, 6.52056013041e-18, 4.02792993664e-18, 1.92326999083e-18, 7.75755724449e-19, 2.58906963042e-19, 2.68431272481e-20], "var": [1.1210358025e-05, 0.0149231897667, 4.18247842789, 27.9872398376, 458.678527832, 794.868286133, 711.777954102, 1797.2520752, 12022.8115234, 8494.41992188, 23105.3671875, 12430.6416016, 33410.609375, 16910.9824219, 1007.07635498, 1783.20178223, 848.579284668, 2602.46459961, 2230.30322266, 297.914215088, 278.578857422, 28.6745014191, 12.4058837891, 2.19110321999, 1.92140424252, 3.22778940201, 6.84264039993, 0.283006131649, 0.081146299839, 0.0209048185498, 0.013072504662, 0.00604504207149, 0.00083121919306, 0.000204695592402, 1.7527028831e-05, 7.66593075241e-07, 4.66717260394e-08, 2.18975748645e-09, 9.07090305646e-11, 4.58760168742e-10], "median": [0.000162338736118, 0.00164180377033, 0.0324624665082, 0.940028846264, 3.04500389099, 4.08701133728, 6.37469863892, 13.6194972992, 17.6983375549, 10.2010612488, 3.20041275024, 3.75243210793, 1.09992837906, 0.499646067619, 0.682953178883, 0.970665276051, 1.38572025299, 1.4760928154, 0.698357582092, 0.220868974924, 0.082271233201, 0.0331602320075, 0.0254517290741, 0.0132806384936, 0.00776844471693, 0.0047965911217, 0.00287007703446, 0.00119275739416, 0.000930854235776, 0.000489123282023, 0.000200205875444, 0.000104368664324, 6.95952767273e-05, 4.55194458482e-05, 3.1299485272e-05, 1.98068919417e-05, 7.8622597357e-06, 1.44275952607e-06, 8.64720914251e-06, 2.00539925572e-05]}, "spectral_energy": {"dmean": 0.00446923077106, "dmean2": 0.00631254073232, "max": 0.115104839206, "dvar": 4.3282310