{"metadata": {"audio_properties": {"downmix": "mix", "bit_rate": 320050, "lossless": false, "md5_encoded": "7d87613b193269cd91f45433700f18e8", "analysis_sample_rate": 44100, "sample_rate": 44100, "replay_gain": -4.97336006165, "equal_loudness": 0, "codec": "mp3", "length": 168.15020752}, "tags": {"album": ["The Reiki Effect, Vol. 1"], "artist": ["Aeoliah &amp; Mike Rowland"], "musicbrainz_recordingid": ["7d44642f-f560-4735-917a-3c0db620ab1b"], "albumartist": ["Aeoliah &amp; Mike Rowland"], "title": ["The Healing Heart"], "genre": ["Meditative"], "tracknumber": ["6"], "date": ["2000"], "file_name": "130446.mp3"}, "version": {"essentia_build_sha": "70f2e5ece6736b2c40cc944ad0e695b16b925413", "essentia_git_sha": "v2.1_beta2", "extractor": "music 1.0", "essentia": "2.1-beta2"}}, "tonal": {"chords_scale": "minor", "hpcp": {"dmean": [0.0341215059161, 0.0387304984033, 0.0470882803202, 0.0374718606472, 0.0325760506094, 0.0217823237181, 0.019521061331, 0.0538013353944, 0.10452773422, 0.100048191845, 0.0756417810917, 0.0326622612774, 0.0229857284576, 0.0212052240968, 0.0284379757941, 0.0206016339362, 0.029807087034, 0.0242238957435, 0.0208656825125, 0.0283584501594, 0.0569123663008, 0.0583705864847, 0.054097302258, 0.0821717604995, 0.0741775780916, 0.0482939295471, 0.00675238855183, 0.00560111599043, 0.0273981355131, 0.0574201382697, 0.05669798702, 0.0489841587842, 0.059536319226, 0.0538424961269, 0.0384973175824, 0.0387372262776], "dvar2": [0.0274043548852, 0.0189029518515, 0.0361737757921, 0.0332657583058, 0.0158886760473, 0.0131345530972, 0.013567273505, 0.0319857373834, 0.0704339444637, 0.0756878331304, 0.040905829519, 0.0259018521756, 0.0198206212372, 0.0109998853877, 0.0205119755119, 0.0195023622364, 0.0172630120069, 0.0198049359024, 0.0183786358684, 0.0124193914235, 0.0393596924841, 0.0415613055229, 0.0216150078923, 0.057566370815, 0.0550147555768, 0.0249993465841, 0.00184017745778, 0.00249520107172, 0.0163675136864, 0.042917534709, 0.0422155670822, 0.0230402164161, 0.0415805652738, 0.042528975755, 0.0160339903086, 0.0276850629598], "mean": [0.123902156949, 0.0641019642353, 0.100532136858, 0.134554103017, 0.0586631149054, 0.0420791693032, 0.0541823767126, 0.0683295801282, 0.229990467429, 0.279492616653, 0.112212799489, 0.061733122915, 0.0650815144181, 0.0279316436499, 0.0655707120895, 0.095670811832, 0.0479249842465, 0.0440022610128, 0.0561091117561, 0.0384187661111, 0.0880092978477, 0.105387113988, 0.072184138, 0.183526843786, 0.220892816782, 0.0794888362288, 0.00535304564983, 0.00413985550404, 0.0340974889696, 0.142111077905, 0.161492034793, 0.0701564103365, 0.114001914859, 0.140986636281, 0.0610275305808, 0.0891167297959], "var": [0.0867092236876, 0.019165745005, 0.053295828402, 0.0938067138195, 0.0175112038851, 0.0205804742873, 0.0382486283779, 0.017288479954, 0.104304619133, 0.142526507378, 0.0307272914797, 0.0367050617933, 0.0454044006765, 0.00694903032854, 0.0360160171986, 0.0739577636123, 0.0160923022777, 0.0238530859351, 0.0391616858542, 0.00979039538652, 0.0352410897613, 0.052238933742, 0.0138543238863, 0.0900793895125, 0.122907087207, 0.0243534594774, 0.000513588427566, 0.000485368975205, 0.00934664625674, 0.0811107754707, 0.0965016558766, 0.0164617169648, 0.0552121959627, 0.085331954062, 0.0150641025975, 0.0469873733819], "dmean2": [0.0563758015633, 0.0637502148747, 0.0803533121943, 0.0658582225442, 0.0539084002376, 0.0379490666091, 0.0341918170452, 0.0928436890244, 0.177708387375, 0.172989502549, 0.126698642969, 0.058618798852, 0.0401733443141, 0.0365436263382, 0.0480561442673, 0.0354233495891, 0.0499062649906, 0.0411828048527, 0.0363428071141, 0.0482120290399, 0.0955493301153, 0.0989390909672, 0.0912627652287, 0.140476807952, 0.127616286278, 0.0795036703348, 0.0122424159199, 0.0104867415503, 0.0457697287202, 0.0969824492931, 0.0961402654648, 0.082045532763, 0.0999111458659, 0.0905421450734, 0.0640762001276, 0.0652511268854], "dvar": [0.0110322013497, 0.00715555762872, 0.0133436629549, 0.0127762630582, 0.00604140153155, 0.00466809188947, 0.00538706686348, 0.0111642051488, 0.026661220938, 0.0296042524278, 0.0149248382077, 0.00903612840921, 0.0073770545423, 0.00388920633122, 0.00727565865964, 0.00726255401969, 0.00614471035078, 0.00733584212139, 0.00690970290452, 0.00470532989129, 0.0145948464051, 0.0160506255925, 0.00789282191545, 0.0212444923818, 0.0208133086562, 0.00945156812668, 0.000630022201221, 0.000814756378531, 0.00602443050593, 0.0158660840243, 0.0162754841149, 0.00854860618711, 0.0163369309157, 0.0176306851208, 0.00618284149095, 0.0102562494576], "min": [0, 0, 0, 0, 0, 0, 0, 0, 0, 0, 0, 0, 0, 0, 0, 0, 0, 0, 0, 0, 0, 0, 0, 0, 0, 0, 0, 0, 0, 0, 0, 0, 0, 0, 0, 0], "median": [0.000610036076978, 0.00267132371664, 0.00182819960173, 0.00160363630857, 0.00556272594258, 0.00445597665384, 0.00239703385159, 0.00989050045609, 0.050412684679, 0.0578541383147, 0.0240518674254, 0.000791104976088, 0.000162890268257, 0.000639768084511, 0.000875144090969, 0.000980112003163, 0.00146926788148, 0.0011862515239, 0.00110504368786, 0.00538837816566, 0.00560980895534, 0.00632884353399, 0.0217655189335, 0.0211614631116, 0.0222502090037, 0.00604347418994, 0.000489870202728, 0.00021067140915, 0.00132907566149, 0.00756606040522, 0.0101778563112, 0.0142826195806, 0.00248528923839, 0.00152544560842, 0.00637084338814, 0.000800990965217], "max": [1, 1, 1, 1, 1, 1, 1, 1, 1, 1, 1, 1, 1, 1, 1, 1, 0.921737074852, 1, 1, 1, 1, 1, 1, 1, 1, 1, 0.422385692596, 0.512248158455, 1, 1, 1, 1, 1, 1, 0.944039702415, 1]}, "tuning_equal_tempered_deviation": 0.0999461039901, "chords_key": "F", "chords_strength": {"dmean": 0.00654544681311, "dvar2": 2.40650570049e-05, "mean": 0.575008749962, "var": 0.0152656044811, "dmean2": 0.00525980396196, "dvar": 3.27468005707e-05, "min": 0.216834917665, "median": 0.598515748978, "max": 0.790422379971}, "tuning_diatonic_strength": 0.467152655125, "thpcp": [1, 0.401487529278, 0.220875680447, 0.232855930924, 0.0999369621277, 0.234606236219, 0.342301756144, 0.171471372247, 0.157436221838, 0.200753465295, 0.137458965182, 0.314889520407, 0.377065837383, 0.258268505335, 0.656642913818, 0.790335059166, 0.284404069185, 0.0191527269781, 0.0148120392114, 0.121997818351, 0.508460938931, 0.577804267406, 0.251013457775, 0.407888829708, 0.504437804222, 0.218351140618, 0.318851828575, 0.443311005831, 0.229351192713, 0.359695136547, 0.481422752142, 0.209891468287, 0.150555565953, 0.193859770894, 0.24447722733, 0.82288569212], "chords_histogram": [4.05853128433, 12.7001657486, 14.2738819122, 1.87741577625, 0.579790174961, 0.635008275509, 0.165654331446, 0, 2.8989508152, 0.552181124687, 3.61678624153, 1.8221976757, 1.32523465157, 0, 0, 1.15958034992, 10.767531395, 15.5438985825, 1.51849806309, 4.33462190628, 9.63556003571, 0.331308662891, 8.00662612915, 4.19657659531], "tuning_nontempered_energy_ratio": 0.783301353455, "tuning_frequency": 440.508575439, "key_strength": 0.752743601799, "chords_changes_rate": 0.0350635014474, "key_scale": "major", "hpcp_entropy": {"dmean": 0.549961388111, "dvar2": 0.56377851963, "mean": 1.43535101414, "var": 0.41200581193, "dmean2": 0.945687651634, "dvar": 0.208766371012, "min": 0, "median": 1.52936720848, "max": 3.09886980057}, "key_key": "F", "chords_number_rate": 0.00441744877025}, "lowlevel": {"melbands_skewness": {"dmean": 0.661244511604, "dvar2": 0.795674681664, "mean": 1.32198047638, "var": 1.79186522961, "dmean2": 0.999630212784, "dvar": 0.353033453226, "min": -3.27504873276, "median": 1.05882823467, "max": 8.32619953156}, "melbands_kurtosis": {"dmean": 6.42009830475, "dvar2": 235.731613159, "mean": 10.2010650635, "var": 289.844329834, "dmean2": 10.0930070877, "dvar": 101.867538452, "min": -1.50507175922, "median": 3.79147434235, "max": 169.882751465}, "barkbands_kurtosis": {"dmean": 8.66384792328, "dvar2": 857.797058105, "mean": 12.972076416, "var": 879.802368164, "dmean2": 13.5481739044, "dvar": 390.267456055, "min": -1.49747538567, "median": 3.94500207901, "max": 592.13494873}, "hfc": {"dmean": 2.96876072884, "dvar2": 38.6073684692, "mean": 8.3964509964, "var": 111.604057312, "dmean2": 4.07463026047, "dvar": 22.0621757507, "min": 1.10242866715e-16, "median": 5.38292217255, "max": 133.369338989}, "silence_rate_20dB": {"dmean": 0, "dvar2": 0, "mean": 1, "var": 0, "dmean2": 0, "dvar": 0, "min": 1, "median": 1, "max": 1}, "erbbands_flatness_db": {"dmean": 0.0216193739325, "dvar2": 0.000752295076381, "mean": 0.398586034775, "var": 0.00192780222278, "dmean2": 0.0323861390352, "dvar": 0.000327750225551, "min": 0.095592059195, "median": 0.394303828478, "max": 0.566333174706}, "spectral_flux": {"dmean": 0.0152003960684, "dvar2": 0.000847011106089, "mean": 0.0394598320127, "var": 0.000597718695644, "dmean2": 0.0266179013997, "dvar": 0.000286856258754, "min": 1.02900701848e-10, "median": 0.0363413393497, "max": 0.209411382675}, "spectral_energyband_low": {"dmean": 1.03658214812e-06, "dvar2": 3.24983768195e-12, "mean": 1.33687053676e-05, "var": 4.24106201546e-11, "dmean2": 1.74785850504e-06, "dvar": 1.13069699003e-12, "min": 2.3222747652e-23, "median": 1.43945162563e-05, "max": 3.26605950249e-05}, "spectral_rolloff": {"dmean": 125.742645264, "dvar2": 200829.859375, "mean": 808.337402344, "var": 193082.5625, "dmean2": 231.238357544, "dvar": 115559.484375, "min": 366.064453125, "median": 775.1953125, "max": 18798.4863281}, "spectral_entropy": {"dmean": 0.199036806822, "dvar2": 0.0615152269602, "mean": 5.7226395607, "var": 0.269287854433, "dmean2": 0.286697804928, "dvar": 0.0303188320249, "min": 3.78088665009, "median": 5.80732679367, "max": 9.80143356323}, "spectral_energy": {"dmean": 0.00533412862569, "dvar2": 0.000127994164359, "mean": 0.0152112832293, "var": 0.000455650297226, "dmean2": 0.00706147914752, "dvar": 7.95165251475e-05, "min": 1.05371622098e-20, "median": 0.00880234222859, "max": 0.308015108109}, "spectral_centroid": {"dmean": 62.294303894, "dvar2": 27294.109375, "mean": 641.585998535, "var": 43507.15625, "dmean2": 92.8579711914, "dvar": 24322.9609375, "min": 353.054626465, "median": 621.648742676, "max": 11147.1083984}, "barkbands_flatness_db": {"dmean": 0.0279290433973, "dvar2": 0.00125031603966, "mean": 0.362411201, "var": 0.00354738300666, "dmean2": 0.0424288809299, "dvar": 0.000531444209628, "min": 0.0446102023125, "median": 0.354054093361, "max": 0.586844265461}, "spectral_rms": {"dmean": 0.00059980090009, "dvar2": 7.84397570897e-07, "mean": 0.00323455431499, "var": 4.37788867202e-06, "dmean2": 0.000805452757049, "dvar": 4.41076650759e-07, "min": 3.20626858397e-12, "median": 0.0029304693453, "max": 0.0173350088298}, "melbands": {"dmean": [2.17999428287e-07, 1.7892472215e-07, 7.00250438967e-06, 2.1999287128e-05, 5.1930641348e-05, 0.000270222080871, 0.000389386288589, 0.00036788530997, 0.00023774796864, 0.000181965559023, 8.40905559016e-05, 5.53625541215e-05, 4.7774919949e-05, 2.63341607933e-05, 1.14747881526e-05, 9.80138156592e-06, 1.43516342632e-06, 6.6788481945e-07, 5.73404804527e-07, 4.39362878524e-07, 3.43892793353e-07, 4.35291639178e-07, 4.20991227656e-07, 1.97536223823e-07, 1.83061871439e-07, 1.64006038972e-07, 6.43629576302e-08, 4.09290557002e-08, 2.14702566836e-08, 1.37469289285e-08, 5.29195220977e-09, 2.5804662851e-09, 1.03583364108e-09, 3.93444860025e-10, 1.93315322083e-10, 1.22075807796e-10, 6.63903446108e-11, 2.3883115971e-11, 1.00696647201e-11, 6.02520507445e-12], "dvar2": [1.21040953953e-13, 1.05020030487e-13, 2.91195956237e-10, 2.20857376831e-09, 3.22830757682e-08, 1.06588242943e-06, 1.66967924997e-06, 1.52109453211e-06, 1.24396513002e-06, 9.66071524999e-07, 9.08484665274e-08, 4.81002899733e-08, 2.50602223417e-08, 1.13407434554e-08, 3.04886960123e-09, 4.05897138123e-09, 2.30739698182e-11, 4.21276728779e-12, 2.69343293328e-12, 1.48772248861e-12, 1.3952947955e-12, 1.16931236829e-12, 1.3881258339e-12, 2.4451458653e-13, 2.24064717518e-13, 2.5123701947e-13, 2.28373262412e-14, 1.36676651916e-14, 3.85841845738e-15, 1.54417176779e-15, 1.86371468244e-16, 5.28330812062e-17, 8.90704361284e-18, 9.54445865312e-19, 2.40255100055e-19, 1.43379816766e-19, 6.2273975761e-20, 1.07105534834e-20, 2.12732011764e-21, 4.47335781562e-22], "mean": [3.75342415282e-06, 1.39697874602e-06, 1.84161872312e-05, 7.24124911358e-05, 0.000130761342007, 0.000603314081673, 0.00106476037763, 0.000819144130219, 0.000495949934702, 0.000305654655676, 0.00014290062245, 8.77339625731e-05, 7.21928008716e-05, 3.96552932216e-05, 1.72533764271e-05, 1.3861653315e-05, 2.4483845209e-06, 1.01902992355e-06, 8.95608138762e-07, 6.69299879519e-07, 4.98463123222e-07, 6.61329011109e-07, 6.59921113311e-07, 3.25491328113e-07, 3.19997042197e-07, 2.75345712453e-07, 1.19869412174e-07, 7.86984770684e-08, 4.34035349883e-08, 2.68485234045e-08, 1.07749107414e-08, 5.80111825244e-09, 2.46073295074e-09, 9.93036652908e-10, 5.11649389523e-10, 2.97530139415e-10, 1.36827785213e-10, 3.39729459842e-11, 1.09585665195e-11, 5.56607364366e-12], "var": [3.43449249075e-12, 5.01340668198e-13, 1.38197508992e-09, 1.53258117308e-08, 1.18606870103e-07, 3.61177376362e-06, 1.02821868495e-05, 4.30840282206e-06, 2.97059318655e-06, 1.06015977508e-06, 1.16951781592e-07, 4.47640751133e-08, 1.93410194527e-08, 9.0694722843e-09, 2.15599005315e-09, 2.58631871475e-09, 2.14778680951e-11, 2.4597979903e-12, 1.80084994226e-12, 7.93457801632e-13, 5.98522208357e-13, 6.5504730546e-13, 8.86634190546e-13, 1.46920886915e-13, 1.35187000483e-13, 1.4891720127e-13, 1.58743037568e-14, 1.01353870297e-14, 2.60320837965e-15, 1.05496450097e-15, 1.38675241508e-16, 4.33135558447e-17, 8.06120511439e-18, 1.02993995148e-18, 3.80826742038e-19, 2.77831795632e-19, 1.12377785341e-19, 1.35588909538e-20, 1.64307463241e-21, 1.3996329901e-22], "dmean2": [3.54770435251e-07, 3.15220830771e-07, 1.0421755178e-05, 2.44869934249e-05, 5.73865763727e-05, 0.000322793377563, 0.000487189274281, 0.000497140747029, 0.000322047038935, 0.000273817073321, 0.000123462537886, 8.60053405631e-05, 7.71722770878e-05, 4.25368416472e-05, 1.91985272977e-05, 1.61356783792e-05, 2.40310851041e-06, 1.1414074379e-06, 9.54003212428e-07, 7.58846113058e-07, 6.08583661688e-07, 7.50292997509e-07, 7.04318608769e-07, 3.33009666065e-07, 3.18173420055e-07, 2.88128831016e-07, 1.11663233326e-07, 7.19395956139e-08, 3.74779887125e-08, 2.39484077014e-08, 9.09489372702e-09, 4.44340741979e-09, 1.77552361702e-09, 6.8159017319e-10, 3.33982758116e-10, 2.07788314333e-10, 1.14326777212e-10, 4.19152733355e-11, 1.79753070068e-11, 1.0881345304e-11], "dvar": [4.56389991717e-14, 3.50414650367e-14, 1.59554078283e-10, 2.02707339803e-09, 2.7472770725e-08, 8.35410673972e-07, 1.21135974496e-06, 8.85963402197e-07, 7.52588334763e-07, 4.30549448538e-07, 4.46828742895e-08, 2.13666524473e-08, 1.01258299523e-08, 4.5226213885e-09, 1.17534981747e-09, 1.56105228744e-09, 8.53252364597e-12, 1.52275718077e-12, 1.02913576099e-12, 5.1149254103e-13, 4.51519057603e-13, 4.16436389495e-13, 5.23023193765e-13, 9.0808084793e-14, 7.62848443268e-14, 8.66445587153e-14, 7.88985694676e-15, 4.59452989909e-15, 1.29834067776e-15, 5.16662092798e-16, 6.56629800704e-17, 1.87854156405e-17, 3.08691851845e-18, 3.30394212175e-19, 8.17523666642e-20, 5.01107436801e-20, 2.09674000164e-20, 3.76019383191e-21, 7.28532660209e-22, 1.45236171518e-22], "min": [3.95041307052e-24, 2.84407489678e-24, 2.24050854351e-24, 1.23630849046e-23, 9.5689963763e-24, 3.95154193048e-24, 7.62138399829e-24, 2.34111729957e-24, 3.31280322767e-24, 2.69393810044e-24, 1.17581469194e-23, 6.81477608928e-24, 7.76691542467e-24, 1.23770406429e-23, 1.71255391636e-23, 1.41215836578e-23, 1.0245759358e-23, 7.12865279942e-24, 2.72968888223e-24, 8.31462707319e-24, 8.70171480849e-24, 9.60787538602e-24, 7.28552489017e-24, 4.82684542483e-24, 1.04043866643e-23, 6.72738923365e-24, 8.05472580391e-24, 7.67062785144e-24, 9.72114082365e-24, 6.20739145202e-24, 9.93217689301e-24, 7.34585854992e-24, 1.01232311156e-23, 8.50687799782e-24, 8.83496367058e-24, 9.2164536489e-24, 8.51493700082e-24, 1.11920942549e-23, 7.28936979822e-24, 6.45819794392e-24], "median": [4.04122010877e-06, 1.47756929891e-06, 4.15618387706e-06, 3.15469515044e-05, 4.85867276439e-05, 9.75856819423e-05, 0.000160329684149, 0.000195407003048, 5.97994658165e-05, 5.18165943504e-05, 1.62822689163e-05, 1.11047938844e-05, 1.86762990779e-05, 5.92163178226e-06, 2.57271085502e-06, 1.6967276224e-06, 7.40462269277e-07, 4.68652871177e-07, 3.84171784162e-07, 3.53200562131e-07, 2.35322175968e-07, 4.16758581423e-07, 3.43317196894e-07, 1.99738963147e-07, 2.13457880704e-07, 1.3930031173e-07, 8.5287837237e-08, 4.55095090501e-08, 2.65268891297e-08, 1.59951927259e-08, 6.99028790407e-09, 3.58007179457e-09, 1.47540368811e-09, 6.36730945747e-10, 2.98361529927e-10, 1.11273844305e-10, 2.65495958551e-11, 5.42163189343e-12, 2.19718167271e-12, 1.56705833206e-12], "max": [9.66175412032e-06, 3.74150340576e-06, 0.000381089397706, 0.00253559695557, 0.00878955982625, 0.0460168607533, 0.062449529767, 0.0361237600446, 0.0260385740548, 0.0167301185429, 0.00548580428585, 0.00291936006397, 0.00217386288568, 0.00171438872349, 0.000944803119637, 0.00137090089265, 7.55967048462e-05, 2.10474627238e-05, 1.78518948815e-05, 1.08629192255e-05, 1.40364518302e-05, 1.0335926163e-05, 1.36621038109e-05, 5.00079795529e-06, 6.05971672485e-06, 3.84128907172e-06, 1.52261895892e-06, 1.57047645644e-06, 5.42317593499e-07, 3.35751877856e-07, 1.05140365747e-07, 7.82693447832e-08, 2.466319593e-08, 8.05160560446e-09, 5.59485213714e-09, 8.23892953861e-09, 4.87055507037e-09, 2.30875141227e-09, 9.91064563749e-10, 1.86968829308e-10]}, "barkbands_crest": {"dmean": 2.89442610741, "dvar2": 14.3383512497, "mean": 15.3236913681, "var": 28.5098552704, "dmean2": 4.52958631516, "dvar": 6.24677276611, "min": 4.76214742661, "median": 14.5742855072, "max": 26.8214530945}, "mfcc": {"icov": [[0.906509518623, -1.26532375813, 1.24914300442, -1.16994571686, 1.09109210968, -0.976524293423, 0.889024913311, -0.75944507122, 0.633829593658, -0.481606811285, 0.366036713123, -0.21886458993, 0.101914800704], [-1.26532375813, 1.7693849802, -1.74194276333, 1.63414716721, -1.5238904953, 1.36906778812, -1.24286007881, 1.0631878376, -0.884698450565, 0.67498010397, -0.510511636734, 0.306079447269, -0.141383439302], [1.24914300442, -1.74194276333, 1.72704005241, -1.61328911781, 1.50728726387, -1.3483068943, 1.23555195332, -1.05593109131, 0.884899795055, -0.671517670155, 0.512601852417, -0.307049125433, 0.144931614399], [-1.16994571686, 1.63414716721, -1.61328911781, 1.52680337429, -1.42148125172, 1.27806544304, -1.16786527634, 1.00476253033, -0.839937508106, 0.64369148016, -0.487944632769, 0.292041778564, -0.134471923113], [1.09109210968, -1.5238904953, 1.50728726387, -1.42148125172, 1.33965551853, -1.20027589798, 1.10621929169, -0.951521873474, 0.796885311604, -0.611395776272, 0.46662992239, -0.279422879219, 0.128311440349], [-0.976524293423, 1.36906778812, -1.3483068943, 1.27806544304, -1.20027589798, 1.09661448002, -1.0035084486, 0.86646181345, -0.720303535461, 0.558102846146, -0.422709435225, 0.25379511714, -0.113100975752], [0.889024913311, -1.24286007881, 1.23555195332, -1.16786527634, 1.10621929169, -1.0035084486, 0.946206629276, -0.813444435596, 0.681109964848, -0.525263786316, 0.40394949913, -0.2454752177, 0.113460958004], [-0.75944507122, 1.0631878376, -1.05593109131, 1.00476253033, -0.951521873474, 0.86646181345, -0.813444435596, 0.718585371971, -0.598794519901, 0.46617218852, -0.354240894318, 0.216131061316, -0.0975395739079], [0.633829593658, -0.884698450565, 0.884899795055, -0.839937508106, 0.796885311604, -0.720303535461, 0.681109964848, -0.598794519901, 0.517735123634, -0.398916244507, 0.30604121089, -0.185907512903, 0.0862692967057], [-0.481606811285, 0.67498010397, -0.671517670155, 0.64369148016, -0.611395776272, 0.558102846146, -0.525263786316, 0.46617218852, -0.398916244507, 0.325918495655, -0.247662216425, 0.152704894543, -0.0679575130343], [0.366036713123, -0.510511636734, 0.512601852417, -0.487944632769, 0.46662992239, -0.422709435225, 0.40394949913, -0.354240894318, 0.30604121089, -0.247662216425, 0.20625577867, -0.129001572728, 0.0598265342414], [-0.21886458993, 0.306079447269, -0.307049125433, 0.292041778564, -0.279422879219, 0.25379511714, -0.2454752177, 0.216131061316, -0.185907512903, 0.152704894543, -0.129001572728, 0.0895504876971, -0.0426660552621], [0.101914800704, -0.141383439302, 0.144931614399, -0.134471923113, 0.128311440349, -0.113100975752, 0.113460958004, -0.0975395739079, 0.0862692967057, -0.0679575130343, 0.0598265342414, -0.0426660552621, 0.0295028407127]], "mean": [-831.962646484, 198.226760864, -26.5249080658, -5.17442369461, -34.3560752869, -39.6709709167, -7.06563186646, -12.0540189743, -10.9948806763, -8.35495090485, -0.513369083405, 5.82177448273, 2.35300087929], "cov": [[3766.88232422, 1524.47814941, -999.284301758, 336.121795654, -277.110931396, -292.503448486, 65.8353042603, -59.7915344238, 32.2753868103, -183.078170776, -152.91204834, -5.99636363983, 152.544586182], [1524.47814941, 895.286499023, -219.504776001, 95.11328125, -53.4884529114, -237.912063599, -43.2836265564, -11.2558879852, -36.0447235107, -91.7016677856, -135.757873535, -67.890335083, 57.1572036743], [-999.284301758, -219.504776001, 453.813049316, -70.0352401733, 77.9132995605, -3.83341622353, -70.4271011353, 8.52161884308, -51.4105453491, 18.6759033203, -4.02112388611, -39.7502403259, -59.0459327698], [336.121795654, 95.11328125, -70.0352401733, 141.13079834, 10.0832138062, -44.3498268127, -11.1080741882, -13.5261449814, 10.0354909897, -24.6293792725, -12.8894968033, 8.29463672638, 18.1960468292], [-277.110931396, -53.4884529114, 77.9132995605, 10.0832138062, 161.953155518, 8.88727283478, -48.4703521729, 11.3950605392, -16.2797546387, 9.60445976257, -25.2258892059, -27.0789375305, -0.346575707197], [-292.503448486, -237.912063599, -3.83341622353, -44.3498268127, 8.88727283478, 166.908782959, 62.0178184509, -19.7858486176, -7.05963659286, 2.81131577492, 41.9357948303, 26.0371856689, -35.9899749756], [65.8353042603, -43.2836265564, -70.4271011353, -11.1080741882, -48.4703521729, 62.0178184509, 109.282104492, 36.3157196045, -2.43586468697, -18.5741291046, 5.39977741241, 15.7536020279, -14.9905519485], [-59.7915344238, -11.2558879852, 8.52161884308, -13.5261449814, 11.3950605392, -19.7858486176, 36.3157196045, 102.431907654, 37.1455497742, -18.8077125549, -25.0063209534, -22.4879455566, -11.0815219879], [32.2753868103, -36.0447235107, -51.4105453491, 10.0354909897, -16.2797546387, -7.05963659286, -2.43586468697, 37.1455497742, 100.598396301, 42.5222434998, -9.24612617493, -16.2799491882, -11.0254430771], [-183.078170776, -91.7016677856, 18.6759033203, -24.6293792725, 9.60445976257, 2.81131577492, -18.5741291046, -18.8077125549, 42.5222434998, 112.353973389, 52.2482643127, -10.486333847, -19.4279346466], [-152.91204834, -135.757873535, -4.02112388611, -12.8894968033, -25.2258892059, 41.9357948303, 5.39977741241, -25.0063209534, -9.24612617493, 52.2482643127, 156.399337769, 112.433876038, -1.48543322086], [-5.99636363983, -67.890335083, -39.7502403259, 8.29463672638, -27.0789375305, 26.0371856689, 15.7536020279, -22.4879455566, -16.2799491882, -10.486333847, 112.433876038, 187.372665405, 77.5265731812], [152.544586182, 57.1572036743, -59.0459327698, 18.1960468292, -0.346575707197, -35.9899749756, -14.9905519485, -11.0815219879, -11.0254430771, -19.4279346466, -1.48543322086, 77.5265731812, 141.018280029]]}, "spectral_decrease": {"dmean": 1.34332089896e-09, "dvar2": 8.14400506653e-18, "mean": -3.82851084169e-09, "var": 2.92528684773e-17, "dmean2": 1.77523695744e-09, "dvar": 5.07960116358e-18, "min": -7.84049944969e-08, "median": -2.19701656867e-09, "max": -1.23117825173e-29}, "zerocrossingrate": {"dmean": 0.00272916979156, "dvar2": 6.51427617413e-05, "mean": 0.0299295578152, "var": 0.000134739384521, "dmean2": 0.00349983223714, "dvar": 5.24730712641e-05, "min": 0.01513671875, "median": 0.029296875, "max": 0.48876953125}, "spectral_contrast_coeffs": {"dmean": [0.0309160239995, 0.0425401516259, 0.0421081669629, 0.0284365899861, 0.018435286358, 0.0515439882874], "dvar2": [0.00149310100824, 0.00262649077922, 0.00269039324485, 0.00137287180405, 0.000547552306671, 0.00491511588916], "mean": [-0.605519235134, -0.602748513222, -0.613862752914, -0.693073928356, -0.738665223122, -0.716775476933], "var": [0.00742171239108, 0.0112465899438, 0.00623276131228, 0.00347990868613, 0.0013831872493, 0.00462390715256], "dmean2": [0.0465946681798, 0.0630446895957, 0.0672697797418, 0.0476506128907, 0.0311603136361, 0.0915951505303], "dvar": [0.000628195470199, 0.00115305907093, 0.00104445079342, 0.000484859570861, 0.000190308186575, 0.00162734801415], "min": [-0.969391405582, -0.962232708931, -0.959916234016, -0.967648506165, -0.958112478256, -0.960919439793], "median": [-0.597624540329, -0.60570782423, -0.613410294056, -0.697593688965, -0.736223697662, -0.716263532639], "max": [-0.281991422176, -0.26752564311, -0.287676006556, -0.442227602005, -0.614685893059, -0.525697946548]}, "spectral_skewness": {"dmean": 1.04832673073, "dvar2": 1.95484888554, "mean": 4.02365207672, "var": 2.31645798683, "dmean2": 1.82558083534, "dvar": 0.684287726879, "min": -0.031935095787, "median": 3.81195282936, "max": 10.5593605042}, "spectral_energyband_middle_high": {"dmean": 0.000930759008043, "dvar2": 4.34872208643e-06, "mean": 0.00172106618993, "var": 4.84103020426e-06, "dmean2": 0.00145262246951, "dvar": 1.95183883989e-06, "min": 1.6039147188e-21, "median": 0.000945558072999, "max": 0.0224927160889}, "gfcc": {"icov": [[0.000628344947472, 0.000413186207879, 0.000495334446896, 0.00118152319919, -0.000408241612604, 0.00237843417563, -0.00129736145027, 0.00200256332755, -0.00239965971559, 0.00307295261882, -0.00205469294451, 0.00132894853596, -0.000242876296397], [0.000413186207879, 0.0110258692876, -0.00213400670327, 0.00203286809847, -0.00605861702934, 0.00872141122818, -0.00369046325795, 0.00836727395654, -0.00183024420403, 0.00882955174893, -0.00241261860356, 0.00161012797616, -0.00112657400314], [0.000495334446896, -0.00213400670327, 0.00900179613382, 0.00203071604483, 0.00354001182131, 0.00217416509986, 0.00769697222859, -0.00555076403543, 0.00311824120581, -3.59594851034e-05, 0.00131328578573, 0.000484605319798, 0.00237163924612], [0.00118152319919, 0.00203286809847, 0.00203071604483, 0.0105977868661, -0.00486644124612, 0.00593844149262, -0.00398308504373, 0.00984313618392, -0.00773708894849, 0.00968569796532, -0.00411867629737, 0.00354336784221, -0.000285266694846], [-0.000408241612604, -0.00605861702934, 0.00354001182131, -0.00486644124612, 0.0170365925878, -0.0076195099391, 0.00832686573267, -0.0108672380447, 0.00598774803802, -0.0115181719884, 0.00919249188155, -0.00669614272192, 0.00234958343208], [0.00237843417563, 0.00872141122818, 0.00217416509986, 0.00593844149262, -0.0076195099391, 0.0214308723807, -0.00792970787734, 0.0122785158455, -0.00657539535314, 0.0179748758674, -0.0116077037528, 0.00998297613114, -0.00062574777985], [-0.00129736145027, -0.00369046325795, 0.00769697222859, -0.00398308504373, 0.00832686573267, -0.00792970787734, 0.0209309458733, -0.0137389525771, 0.00847262330353, -0.0110740251839, 0.0119798965752, -0.00805789604783, 0.00515933381394], [0.00200256332755, 0.00836727395654, -0.00555076403543, 0.00984313618392, -0.0108672380447, 0.0122785158455, -0.0137389525771, 0.029855992645, -0.0179457012564, 0.016460834071, -0.00744870305061, 0.00534757552668, -0.00380521151237], [-0.00239965971559, -0.00183024420403, 0.00311824120581, -0.00773708894849, 0.00598774803802, -0.00657539535314, 0.00847262330353, -0.0179457012564, 0.0284869726747, -0.0180460475385, 0.00817365478724, -0.00525929266587, 0.0018443102017], [0.00307295261882, 0.00882955174893, -3.59594851034e-05, 0.00968569796532, -0.0115181719884, 0.0179748758674, -0.0110740251839, 0.016460834071, -0.0180460475385, 0.0318651087582, -0.0174158290029, 0.0118746636435, -0.00107006647158], [-0.00205469294451, -0.00241261860356, 0.00131328578573, -0.00411867629737, 0.00919249188155, -0.0116077037528, 0.0119798965752, -0.00744870305061, 0.00817365478724, -0.0174158290029, 0.0256193764508, -0.0157400071621, 0.00431270804256], [0.00132894853596, 0.00161012797616, 0.000484605319798, 0.00354336784221, -0.00669614272192, 0.00998297613114, -0.00805789604783, 0.00534757552668, -0.00525929266587, 0.0118746636435, -0.0157400071621, 0.0208093132824, -0.006546812132], [-0.000242876296397, -0.00112657400314, 0.00237163924612, -0.000285266694846, 0.00234958343208, -0.00062574777985, 0.00515933381394, -0.00380521151237, 0.0018443102017, -0.00107006647158, 0.00431270804256, -0.006546812132, 0.0116568924859]], "mean": [-222.837097168, 197.125610352, -174.757156372, -34.922088623, -63.8703804016, -55.6791763306, -1.34039247036, -15.4408893585, -6.36437368393, -4.87226438522, 5.4092798233, 0.873179614544, -0.226377427578], "cov": [[6802.28173828, 283.059753418, -517.148620605, 64.7281341553, -344.997406006, -464.083465576, 207.472503662, -141.823196411, 274.504943848, -272.095855713, 213.410018921, 206.725265503, 151.125427246], [283.059753418, 259.019287109, 89.4766311646, 9.41980171204, 15.127954483, -116.269081116, -47.313293457, -36.9723892212, -45.7112083435, -81.9121246338, -27.9110183716, 37.8971328735, 43.8610267639], [-517.148620605, 89.4766311646, 445.132629395, -162.719848633, -17.4932975769, -104.349197388, -175.258544922, 69.7544784546, -55.826839447, -3.04600167274, -21.0674972534, -24.9936561584, 3.900837183], [64.7281341553, 9.41980171204, -162.719848633, 231.490783691, 30.4496231079, 41.2389221191, 50.1293067932, -75.0098190308, 7.67775440216, -38.3616065979, -13.5174531937, -1.34692406654, -10.0583620071], [-344.997406006, 15.127954483, -17.4932975769, 30.4496231079, 125.531234741, 18.9138832092, -4.58101129532, 18.1396541595, -2.10584425926, 24.9758243561, -29.5783538818, 3.02906370163, -2.48971486092], [-464.083465576, -116.269081116, -104.349197388, 41.2389221191, 18.9138832092, 215.075057983, 42.3274116516, -38.2430038452, -31.692035675, -16.9337368011, -1.16337192059, -50.7766304016, -46.7789230347], [207.472503662, -47.313293457, -175.258544922, 50.1293067932, -4.58101129532, 42.3274116516, 162.097579956, 11.3932819366, 27.8837127686, 3.56784296036, -21.6597080231, 6.08587503433, -20.8483276367], [-141.823196411, -36.9723892212, 69.7544784546, -75.0098190308, 18.1396541595, -38.2430038452, 11.3932819366, 126.072212219, 43.5251502991, 27.4709587097, -16.668806076, 6.09181499481, 13.0705699921], [274.504943848, -45.7112083435, -55.826839447, 7.67775440216, -2.10584425926, -31.692035675, 27.8837127686, 43.5251502991, 107.14100647, 54.2260398865, 15.3475980759, 7.962038517, 0.257629424334], [-272.095855713, -81.9121246338, -3.04600167274, -38.3616065979, 24.9758243561, -16.9337368011, 3.56784296036, 27.4709587097, 54.2260398865, 152.662368774, 37.1288490295, -13.4309234619, -28.3047351837], [213.410018921, -27.9110183716, -21.0674972534, -13.5174531937, -29.5783538818, -1.16337192059, -21.6597080231, -16.668806076, 15.3475980759, 37.1288490295, 119.914894104, 52.1790771484, 1.66942417622], [206.725265503, 37.8971328735, -24.9936561584, -1.34692406654, 3.02906370163, -50.7766304016, 6.08587503433, 6.09181499481, 7.962038517, -13.4309234619, 52.1790771484, 126.283035278, 58.1070137024], [151.125427246, 43.8610267639, 3.900837183, -10.0583620071, -2.48971486092, -46.7789230347, -20.8483276367, 13.0705699921, 0.257629424334, -28.3047351837, 1.66942417622, 58.1070137024, 132.996627808]]}, "erbbands_spread": {"dmean": 2.02405786514, "dvar2": 9.19242095947, "mean": 6.88788366318, "var": 12.3989210129, "dmean2": 3.17124581337, "dvar": 3.8464486599, "min": 0.436903178692, "median": 6.66431665421, "max": 38.9232254028}, "erbbands_kurtosis": {"dmean": 4.88495826721, "dvar2": 143.068450928, "mean": 7.41151762009, "var": 152.607406616, "dmean2": 7.87518358231, "dvar": 60.4786605835, "min": -1.54192662239, "median": 3.15484762192, "max": 158.656021118}, "dynamic_complexity": 5.35337495804, "erbbands_crest": {"dmean": 3.84834623337, "dvar2": 26.8949317932, "mean": 18.4167079926, "var": 34.0169754028, "dmean2": 6.14586496353, "dvar": 10.7919521332, "min": 3.10363197327, "median": 17.6933574677, "max": 33.3868141174}, "erbbands": {"dmean": [2.5752118745e-05, 0.000184586067917, 0.000380194484023, 0.0126604549587, 0.198070272803, 0.438257962465, 1.61444091797, 12.033159256, 26.3244190216, 31.3812179565, 31.6647319794, 29.5007686615, 17.6459064484, 13.263759613, 15.1376562119, 6.76688051224, 4.98799610138, 1.1763201952, 0.432233452797, 0.345010101795, 0.264437794685, 0.406195014715, 0.289775729179, 0.208835944533, 0.162600249052, 0.058217395097, 0.0279362034053, 0.00982370227575, 0.00358152296394, 0.000856785394717, 0.000263889902271, 0.000112012647151, 2.77088165603e-05, 9.20143884287e-06, 5.58378178539e-06, 3.69413146473e-06, 2.03966897061e-06, 5.51688060568e-07, 2.58206500803e-06, 6.03943817623e-06], "dvar2": [1.67916358595e-09, 9.16214446534e-08, 5.43711621503e-07, 0.00111694354564, 0.151972159743, 1.37544846535, 29.9037761688, 2354.38867188, 8625.45019531, 9044.78027344, 19841.8125, 22798.7148438, 3822.06298828, 2513.97827148, 2741.17553711, 1393.07019043, 747.735961914, 25.530708313, 1.63811433315, 0.788155853748, 0.544808745384, 1.18077075481, 0.441106945276, 0.260879784822, 0.212371051311, 0.0252262465656, 0.00606159539893, 0.000649507157505, 9.00547383935e-05, 4.7246289796e-06, 4.44354952833e-07, 1.39897466056e-07, 1.22354020249e-08, 8.46918202235e-10, 2.57474402909e-10, 9.41086236717e-11, 2.50398226459e-11, 2.29581002646e-12, 2.96193417015e-11, 1.63384569762e-10], "mean": [0.000441372132627, 0.00242536538281, 0.00149610254448, 0.0311110559851, 0.608558654785, 1.36896300316, 4.00026607513, 26.7295970917, 71.2383956909, 73.7357254028, 67.0020141602, 51.6111717224, 30.4951095581, 21.5666866302, 23.0081729889, 10.3971633911, 7.46760988235, 1.9699691534, 0.725162446499, 0.577318906784, 0.432819366455, 0.650472462177, 0.501710295677, 0.402119845152, 0.301201075315, 0.129222854972, 0.0639725029469, 0.0247540697455, 0.00936844106764, 0.00257419073023, 0.000868407601956, 0.000315274228342, 5.93480181124e-05, 1.91007493413e-05, 1.33522162287e-05, 9.84997132036e-06, 5.74136856812e-06, 1.39317137382e-06, 7.45674833524e-06, 1.72493528225e-05], "var": [4.74397978678e-08, 1.43941736042e-06, 1.55860493578e-06, 0.00368437170982, 1.04190289974, 9.93585300446, 105.910118103, 8162.49023438, 53519.2421875, 29693.8359375, 48914.78125, 25394.2558594, 4850.23681641, 2329.34667969, 2113.11962891, 987.461181641, 499.494689941, 17.477350235, 1.02347934246, 0.498290508986, 0.25913003087, 0.669228136539, 0.355139911175, 0.169626057148, 0.126295745373, 0.0205281227827, 0.00478293886408, 0.000650521542411, 9.45571446209e-05, 6.27194867775e-06, 1.05143089968e-06, 3.74768376332e-07, 2.25803553633e-08, 7.26966875586e-10, 3.38587158311e-10, 1.82138124027e-10, 6.08305211758e-11, 3.1752747133e-12, 1.05478049905e-10, 5.76343528458e-10], "dmean2": [4.19382013206e-05, 0.000312980700983, 0.000635291391518, 0.0199439805001, 0.250901699066, 0.473916977644, 1.80614578724, 14.1687812805, 32.9108734131, 42.0465087891, 42.6265220642, 44.136592865, 26.0347061157, 20.7658939362, 24.4140262604, 11.1219081879, 8.26605129242, 1.94471621513, 0.732617020607, 0.585859835148, 0.465408205986, 0.695217967033, 0.479418873787, 0.362213373184, 0.283627986908, 0.101563930511, 0.0487405769527, 0.016945052892, 0.00615259259939, 0.00147379306145, 0.000451638072263, 0.000190074351849, 4.77551002405e-05, 1.54930658027e-05, 8.9214900072e-06, 5.58170359e-06, 2.97380256598e-06, 8.7040859853e-07, 3.42016005561e-06, 8.00979887572e-06], "dvar": [6.41658504108e-10, 3.14322115003e-08, 2.17416811665e-07, 0.0005343487137, 0.104726493359, 1.51322042942, 25.0956535339, 1963.18237305, 6275.80566406, 5527.08740234, 12105.4912109, 10150.5126953, 1860.42932129, 1113.86254883, 1115.05554199, 545.47064209, 286.921142578, 9.71056461334, 0.593478441238, 0.279891103506, 0.178986117244, 0.426354080439, 0.182240560651, 0.0890669748187, 0.0728232041001, 0.00845755450428, 0.00200951658189, 0.000222748611122, 3.17426711263e-05, 1.6472496327e-06, 1.51620213273e-07, 4.76769166369e-08, 4.21821333418e-09, 3.00310498691e-10, 1.01179051248e-10, 4.19073005464e-11, 1.22720158688e-11, 9.22751566997e-13, 1.83406189541e-11, 1.01076556847e-10], "min": [4.80313953932e-22, 1.85899431876e-21, 4.90298100666e-21, 1.03782013606e-20, 6.30542138738e-20, 1.50229091958e-19, 2.7594520345e-19, 1.65391881273e-19, 5.68883023128e-19, 2.3127755377e-19, 5.18609208545e-19, 5.51980931479e-19, 2.27632039564e-18, 1.59703285237e-18, 2.93848137112e-18, 5.34160896825e-18, 7.47822310792e-18, 6.08797899804e-18, 4.7239896008e-18, 4.03002518513e-18, 7.54140978055e-18, 9.22830071042e-18, 1.14260360527e-17, 1.29503702758e-17, 1.17600019532e-17, 1.22845982434e-17, 1.27171194051e-17, 1.61862189412e-17, 1.41249493748e-17, 1.72144689627e-17, 1.55559701802e-17, 1.46815608634e-17, 1.42482274103e-17, 8.10991860785e-18, 7.57005173644e-18, 5.98796624454e-18, 3.75273439147e-18, 1.27127868399e-18, 3.0332428719e-19, 2.91427523589e-20], "median": [0.000475578912301, 0.00260058464482, 0.00119825068396, 0.0096168871969, 0.205224871635, 0.5788590312, 1.49474585056, 4.76000165939, 10.845957756, 18.8601436615, 9.35938262939, 9.91550350189, 5.21507453918, 5.14589500427, 6.47561359406, 2.26130843163, 1.32946395874, 0.728271126747, 0.392069607973, 0.326753020287, 0.290490329266, 0.410107314587, 0.339157044888, 0.292968958616, 0.190545469522, 0.0871601179242, 0.0416378006339, 0.0172377973795, 0.00622378569096, 0.00170556723606, 0.000530066376086, 0.000116989373055, 2.36783289438e-05, 1.10483633762e-05, 7.93814979261e-06, 5.86019450566e-06, 3.44161799148e-06, 8.79949311638e-07, 4.41041265731e-06, 1.00810420918e-05], "max": [0.00114753504749, 0.00626455852762, 0.0103091653436, 0.646327197552, 9.76774692535, 83.853729248, 270.223999023, 2377.70092773, 4847.12841797, 2797.26293945, 3218.63183594, 2482.57348633, 1110.46337891, 650.802307129, 761.801330566, 670.025756836, 468.224212646, 103.692939758, 13.7554178238, 6.80397081375, 8.65688514709, 12.8520174026, 6.42318058014, 6.43074846268, 3.92238283157, 1.68339085579, 0.752641141415, 0.301658600569, 0.0920940190554, 0.0185198895633, 0.00930355861783, 0.00863099098206, 0.00304184434935, 0.000412734720157, 0.000316471385304, 0.000224173869356, 0.000126475380966, 2.8720975024e-05, 0.000148123013787, 0.000344744941685]}, "silence_rate_30dB": {"dmean": 0.0071803368628, "dvar2": 0.0160896088928, "mean": 0.987850368023, "var": 0.0120003726333, "dmean2": 0.0143626574427, "dvar": 0.00712991505861, "min": 0, "median": 1, "max": 1}, "silence_rate_60dB": {"dmean": 0.0375586859882, "dvar2": 0.0857778787613, "mean": 0.217865526676, "var": 0.170414119959, "dmean2": 0.0751277431846, "dvar": 0.0361435487866, "min": 0, "median": 0, "max": 1}, "spectral_energyband_middle_low": {"dmean": 0.00507655413821, "dvar2": 0.000126910861582, "mean": 0.0136362332851, "var": 0.000448116566986, "dmean2": 0.00667728437111, "dvar": 7.90410122136e-05, "min": 3.01740659399e-22, "median": 0.00658039795235, "max": 0.297007411718}, "spectral_spread": {"dmean": 308046.09375, "dvar2": 394195369984, "mean": 1511289, "var": 602424737792, "dmean2": 528063.9375, "dvar": 380519514112, "min": 490408.59375, "median": 1482122.375, "max": 44301100}, "barkbands": {"dmean": [4.82623008224e-08, 7.98067333108e-07, 2.91661763185e-07, 9.05524575501e-06, 0.000110660672362, 0.00106088607572, 0.00182722404134, 0.00180548382923, 0.00108668138273, 0.000559046980925, 0.000390335306292, 0.000144195422763, 0.000102111560409, 1.16470246212e-05, 8.63958484842e-06, 4.65657603854e-06, 8.83074699232e-06, 4.69400401926e-06, 3.85940029446e-06, 1.23254073969e-06, 4.75140865319e-07, 8.89373623636e-08, 1.0774590109e-08, 3.35125593942e-09, 6.50936082813e-10, 5.75381908785e-10, 6.14033213164e-10], "dvar2": [6.45126127134e-15, 1.66919570613e-12, 4.85334970997e-13, 7.0991829082e-10, 6.2519632138e-08, 1.66996087501e-05, 3.41752675013e-05, 5.10530917381e-05, 3.11773910653e-05, 3.76075286113e-06, 1.57130602929e-06, 6.4463893068e-07, 