{"tonal": {"hpcp": {"dvar": [0.0870166793466, 0.100805170834, 0.0803046301007, 0.0559013597667, 0.0467067100108, 0.0484061986208, 0.0426327213645, 0.0454453751445, 0.0505015179515, 0.0499534271657, 0.04584511742, 0.0482787452638, 0.0412870049477, 0.0394574254751, 0.0381389707327, 0.0478574186563, 0.0378032661974, 0.030528139323, 0.0290184412152, 0.0268759895116, 0.0302773844451, 0.0232303608209, 0.021731922403, 0.0365435220301, 0.0845432877541, 0.0486999861896, 0.0504576973617, 0.0307602584362, 0.0208132266998, 0.0263566728681, 0.0348313599825, 0.0478567406535, 0.053224761039, 0.0521078594029, 0.0880762934685, 0.0935897529125], "var": [0.0993817299604, 0.077230617404, 0.0594919323921, 0.0437648817897, 0.0597818605602, 0.0688947290182, 0.0396752990782, 0.0353796333075, 0.0357517339289, 0.0359576493502, 0.0410705730319, 0.0490576848388, 0.0346602909267, 0.0332350432873, 0.0316401720047, 0.0365798957646, 0.0314206704497, 0.027115881443, 0.0239196531475, 0.0321628563106, 0.042706232518, 0.0255170930177, 0.0190800540149, 0.0470294766128, 0.129763841629, 0.0863323062658, 0.076461866498, 0.0335746146739, 0.0163191333413, 0.0189945232123, 0.0252802073956, 0.0450233593583, 0.0679272785783, 0.046775367111, 0.0879966318607, 0.126123398542], "median": [0.0942870303988, 0.0405884236097, 0.0265096258372, 0.0300913415849, 0.0580275245011, 0.0644779354334, 0.0435197763145, 0.0228107403964, 0.0214409362525, 0.0268353559077, 0.0519180223346, 0.0537217743695, 0.0369316339493, 0.0183679610491, 0.0170178674161, 0.0192263424397, 0.0238654930145, 0.0256482735276, 0.0242302659899, 0.0264005344361, 0.029879450798, 0.0212791170925, 0.0159390978515, 0.0632912963629, 0.125889316201, 0.137084081769, 0.0570396259427, 0.0413791425526, 0.0191068314016, 0.0126078892499, 0.0124412374571, 0.0330651402473, 0.0454965084791, 0.0504448600113, 0.0776131078601, 0.118764445186], "max": [1, 1, 1, 1, 1, 1, 1, 1, 1, 1, 1, 1, 1, 1, 1, 1, 1, 1, 1, 1, 1, 1, 1, 1, 1, 1, 1, 1, 1, 1, 1, 1, 1, 1, 1, 1], "dmean": [0.252903938293, 0.252264887094, 0.192980632186, 0.150922834873, 0.15503744781, 0.161945477128, 0.136019423604, 0.124378375709, 0.127973824739, 0.132364362478, 0.138786897063, 0.144723117352, 0.12728382647, 0.11307721585, 0.110366649926, 0.117417469621, 0.108899787068, 0.0963673293591, 0.0884906947613, 0.089880630374, 0.0971968993545, 0.0876572728157, 0.0758968517184, 0.149742737412, 0.243358790874, 0.192568913102, 0.161578863859, 0.119102150202, 0.0769631415606, 0.0798028409481, 0.0994285419583, 0.137815207243, 0.152837738395, 0.15874043107, 0.247129261494, 0.267406493425], "dmean2": [0.464147537947, 0.476096689701, 0.362401425838, 0.276453882456, 0.272912025452, 0.278422474861, 0.242712214589, 0.225876122713, 0.23903785646, 0.244274556637, 0.246395379305, 0.254391014576, 0.228280037642, 0.202086359262, 0.197091981769, 0.214703738689, 0.194883644581, 0.171698883176, 0.160643398762, 0.158303156495, 0.16859832406, 0.155788898468, 0.136617511511, 0.265358120203, 0.430610775948, 0.329270094633, 0.279250711203, 0.212304264307, 0.138737335801, 0.147444233298, 0.182488203049, 0.247192874551, 0.272478699684, 0.287713676691, 0.450996518135, 0.488235622644], "mean": [0.251124948263, 0.174156397581, 0.13252133131, 0.117661967874, 0.166107162833, 0.183892950416, 0.12836676836, 0.0963639989495, 0.0930287241936, 0.0997511073947, 0.131355956197, 0.143437311053, 0.11123919487, 0.0918745845556, 0.0887941196561, 0.091149687767, 0.0942126512527, 0.0887084081769, 0.0788357332349, 0.0946600362659, 0.107907496393, 0.0837206095457, 0.0653878748417, 0.173601210117, 0.301783025265, 0.265350878239, 0.190401121974, 0.121553182602, 0.0652249827981, 0.0611736886203, 0.0747821703553, 0.129445075989, 0.162215322256, 0.144326135516, 0.222399443388, 0.304861038923], "dvar2": [0.243712857366, 0.294932663441, 0.22210560739, 0.153564751148, 0.122047714889, 0.122453659773, 0.117299124599, 0.126883208752, 0.146972239017, 0.145851761103, 0.123074732721, 0.123601712286, 0.113164648414, 0.106196835637, 0.103233009577, 0.131287500262, 0.102550111711, 0.0834029838443, 0.0806559100747, 0.071053288877, 0.0753851756454, 0.0626813620329, 0.0598165504634, 0.0921054631472, 0.19352068007, 0.115180440247, 0.127751380205, 0.0870079919696, 0.0577832125127, 0.0742635056376, 0.0978080332279, 0.13321365416, 0.137359187007, 0.146715119481, 0.258687406778, 0.255843788385], "min": [0, 0, 0, 0, 0, 0, 0, 0, 0, 0, 0, 0, 0, 0, 0, 0, 0, 0, 0, 0, 0, 0, 0, 0, 0, 0, 0, 0, 0, 0, 0, 0, 0, 0, 0, 0]}, "key_key": "F", "thpcp": [1, 0.823735773563, 0.571264863014, 0.434694230556, 0.385952800512, 0.544861912727, 0.603202521801, 0.421066492796, 0.316091537476, 0.305151253939, 0.327201873064, 0.430871576071, 0.470500618219, 0.364884912968, 0.301365464926, 0.291260957718, 0.298987656832, 0.309034734964, 0.290979802608, 0.258595645428, 0.310502231121, 0.353956341743, 0.274618923664, 0.214484199882, 0.569443762302, 0.989903569221, 0.870399415493, 0.624550521374, 0.398716688156, 0.213949874043, 0.200660899282, 0.245299205184, 0.424603551626, 0.532095968723, 0.473416149616, 0.729510903358], "chords_key": "F", "tuning_equal_tempered_deviation": 0.296889364719, "tuning_frequency": 434.193115234, "tuning_diatonic_strength": 0.443718731403, "chords_histogram": [37.3209457397, 3.31010460854, 0.212930694222, 3.79403805733, 5.34262466431, 14.7890052795, 2.55516839027, 3.91018199921, 0, 7.02671289444, 0, 0, 0, 0, 0.116144016385, 0.0193573366851, 0.290360033512, 0.309717386961, 1.2195122242, 0, 0, 0, 9.36895084381, 10.4142465591], "key_strength": 0.456465989351, "key_scale": "minor", "chords_strength": {"dvar": 9.03591499082e-05, "var": 0.00675426796079, "median": 0.399685502052, "max": 0.69952082634, "dmean": 0.0123378960416, "dmean2": 0.0145496819168, "mean": 0.405312240124, "dvar2": 0.000143108176417, "min": 0.217585980892}, "chords_number_rate": 0.00212930701673, "tuning_nontempered_energy_ratio": 0.914381623268, "hpcp_entropy": {"dvar": 0.321242362261, "var": 0.681787252426, "median": 2.18337249756, "max": 4.61462450027, "dmean": 0.709784269333, "dmean2": 1.19853579998, "mean": 2.21668457985, "dvar2": 0.866278350353, "min": 0}, "chords_changes_rate": 0.114595428109, "chords_scale": "minor"}, "rhythm": {"bpm_histogram_first_peak_spread": {"dvar": 0, "var": 0, "median": 0.307888031006, "max": 0.307888031006, "dmean": 0, "dmean2": 0, "mean": 0.307888031006, "dvar2": 0, "min": 0.307888031006}, "bpm_histogram_first_peak_weight": {"dvar": 0, "var": 0, "median": 0.685138523579, "max": 0.685138523579, "dmean": 0, "dmean2": 0, "mean": 0.685138523579, "dvar2": 0, "min": 0.685138523579}, "bpm_histogram_first_peak_bpm": {"dvar": 0, "var": 0, "median": 99, "max": 99, "dmean": 0, "dmean2": 0, "mean": 99, "dvar2": 0, "min": 99}, "bpm": 99.9459609985, "bpm_histogram_second_peak_weight": {"dvar": 0, "var": 0, "median": 0.00755667500198, "max": 0.00755667500198, "dmean": 0, "dmean2": 0, "mean": 0.00755667500198, "dvar2": 0, "min": 0.00755667500198}, "beats_loudness": {"dvar": 0.00034748975304, "var": 0.000623123953119, "median": 0.0518170818686, "max": 0.123590387404, "dmean": 0.023504788056, "dmean2": 0.0415682680905, "mean": 0.0531001165509, "dvar2": 0.000992725836113, "min": 7.12401870828e-09}, "beats_loudness_band_ratio": {"dvar": [0.0258381199092, 0.0159543137997, 0.0129523770884, 0.00750092230737, 0.0036936965771, 0.000959856377449], "var": [0.0359664149582, 0.017576854676, 0.0130725614727, 0.00859932415187, 0.00430307956412, 0.00122636801098], "median": [0.529773592949, 0.0886147469282, 0.0624748691916, 0.0993819236755, 0.0855790376663, 0.049259327352], "max": [0.988694190979, 0.57727855444, 0.910661160946, 0.503778338432, 0.32884067297, 0.345016270876], "dmean": [0.265893697739, 0.174415379763, 0.0896847248077, 0.0934433341026, 0.0966842919588, 0.0375564023852], "dmean2": [0.501349925995, 0.33608981967, 0.158683791757, 0.162618249655, 0.1888461411, 0.0683410540223], "mean": [0.536971688271, 0.147444754839, 0.103702574968, 0.12107001245, 0.0883167907596, 0.0516244322062], "dvar2": [0.0845461115241, 0.0464778617024, 0.0381259284914, 0.020694328472, 0.0120030585676, 0.00288642547093], "min": [0.00183256389573, 0.00768988160416, 0.000379392382456, 0.000427696912084, 0.000874391756952, 0.00277809496038]}, "bpm_histogram_second_peak_bpm": {"dvar": 0, "var": 0, "median": 94, "max": 94, "dmean": 0, "dmean2": 0, "mean": 94, "dvar2": 0, "min": 94}, "onset_rate": 4.60658979416, "beats_count": 398, "beats_position": [0.638548731804, 1.28870749474, 1.92725622654, 2.53097510338, 3.13469386101, 3.73841261864, 4.34213161469, 4.94585037231, 5.53795909882, 6.13006782532, 6.73378658295, 7.33750534058, 7.94122457504, 8.54494285583, 9.14866161346, 9.75238037109, 10.3444900513, 10.9365987778, 11.5403175354, 12.144036293, 12.7477550507, 13.3398637772, 13.9319725037, 14.5356912613, 15.1394100189, 15.7431287766, 16.3468475342, 16.9505672455, 17.5542850494, 18.1463947296, 18.7385025024, 19.3422222137, 19.9459400177, 20.549659729, 21.153377533, 21.7454872131, 22.3375968933, 22.9413146973, 23.5450344086, 24.1487522125, 24.7524719238, 25.3445796967, 25.9366893768, 26.5404071808, 27.1441268921, 27.747844696, 28.3515644073, 28.9552822113, 29.5473918915, 30.1394996643, 30.7432193756, 31.3469390869, 31.9506568909, 32.5543746948, 33.146484375, 33.7385940552, 34.3423118591, 34.9460296631, 35.5497512817, 36.1534690857, 36.7571868896, 37.3492965698, 37.94140625, 38.545124054, 39.1488418579, 39.7525634766, 40.3562812805, 40.9599990845, 41.5521087646, 42.1442184448, 42.7479362488, 43.3516540527, 43.9553718567, 44.5590934753, 45.1628112793, 45.7549209595, 46.347026825, 46.9391365051, 47.5312461853, 48.1349639893, 48.7386856079, 49.3424034119, 49.9461212158, 50.5498390198, 51.1535606384, 51.7572784424, 52.3493881226, 52.941493988, 53.5452156067, 54.1489334106, 54.7526512146, 55.3563690186, 55.9600906372, 56.5522003174, 57.1443061829, 57.7480278015, 58.3517456055, 58.9554634094, 59.5591812134, 60.162902832, 60.7550086975, 61.3587303162, 61.9508361816, 62.5545578003, 63.1582756042, 63.7619934082, 64.3657150269, 64.957824707, 65.5499343872, 66.1536483765, 66.7573699951, 67.3610839844, 67.9531936646, 68.5453033447, 69.1490249634, 69.7527389526, 70.3564605713, 70.9601821899, 71.5522918701, 72.1444015503, 72.7481155396, 73.3518371582, 73.9555511475, 74.5592727661, 75.1629943848, 75.7551040649, 76.3472061157, 76.9509277344, 77.554649353, 78.1583633423, 78.7620849609, 79.3541946411, 79.9579086304, 80.5500183105, 81.1537399292, 81.7574615479, 82.3611755371, 82.9648971558, 83.5570068359, 84.1491165161, 84.7528305054, 85.356552124, 85.9602737427, 86.5639877319, 87.1560974121, 87.7482070923, 88.3519287109, 88.9556427002, 89.5593643188, 90.1630859375, 90.7667999268, 91.3589096069, 91.9510192871, 92.5547409058, 93.158454895, 93.7621765137, 94.3658905029, 94.9580001831, 95.5501098633, 96.1538314819, 96.7575454712, 97.3612670898, 97.9649887085, 98.5570983887, 99.1492080688, 99.7529220581, 100.356643677, 100.960357666, 101.564079285, 102.167800903, 102.759910583, 103.352012634, 103.955734253, 104.559455872, 105.163169861, 105.766891479, 106.370613098, 106.962722778, 107.554824829, 108.158546448, 108.762268066, 109.365982056, 109.969703674, 110.561813354, 111.153923035, 111.757637024, 112.361358643, 112.965080261, 113.56879425, 114.160903931, 114.753013611, 115.356735229, 115.960449219, 116.564170837, 117.167892456, 117.771606445, 118.363716125, 118.955825806, 119.559547424, 120.163261414, 120.766983032, 121.359092712, 121.962806702, 122.554916382, 123.158638, 123.762359619, 124.366073608, 124.969795227, 125.573509216, 126.165618896, 126.757728577, 127.361450195, 127.965164185, 128.568893433, 129.160995483, 129.753097534, 130.356826782, 130.960540771, 131.564254761, 132.167984009, 132.771697998, 133.363800049, 133.967529297, 134.559631348, 135.163360596, 135.767074585, 136.370788574, 136.962905884, 137.566619873, 138.158721924, 138.762451172, 139.366165161, 139.96987915, 140.573608398, 141.177322388, 141.769424438, 142.361541748, 142.965255737, 143.568969727, 144.172698975, 144.776412964, 145.368530273, 145.960632324, 146.564346313, 147.168075562, 147.771789551, 148.37550354, 148.96762085, 149.5597229, 150.16343689, 150.767166138, 151.370880127, 151.974594116, 152.566711426, 153.158813477, 153.762542725, 154.366256714, 154.969970703, 155.573699951, 156.17741394, 156.769515991, 157.361633301, 157.96534729, 158.569061279, 159.172790527, 159.776504517, 160.380218506, 160.972335815, 161.564437866, 162.168167114, 162.771881104, 163.375595093, 163.979324341, 164.571426392, 165.163528442, 165.76725769, 166.37097168, 166.974685669, 167.578414917, 168.170516968, 168.774230957, 169.366348267, 169.970062256, 170.573776245, 171.177505493, 171.781219482, 172.373336792, 172.977050781, 173.569152832, 174.17288208, 174.776596069, 175.380310059, 175.972427368, 176.564529419, 177.168243408, 177.771972656, 178.375686646, 178.979400635, 179.583129883, 180.175231934, 180.767349243, 181.371063232, 181.974777222, 182.57850647, 183.182220459, 183.77432251, 184.366439819, 184.970153809, 185.573867798, 186.177597046, 186.781311035, 187.373413086, 187.977142334, 188.580856323, 189.172973633, 189.776687622, 190.380401611, 190.984130859, 191.57623291, 192.168334961, 192.772064209, 193.375778198, 193.979492188, 194.583221436, 195.186935425, 195.779037476, 196.371154785, 196.974868774, 197.578598022, 198.182312012, 198.786026001, 199.378143311, 199.970245361, 200.573959351, 201.177688599, 201.781402588, 202.385116577, 202.977233887, 203.569335938, 204.173049927, 204.776779175, 205.380493164, 205.984207153, 206.587936401, 207.180038452, 207.772155762, 208.375869751, 208.97958374, 209.583312988, 210.187026978, 210.779129028, 211.371246338, 211.974960327, 212.578674316, 213.182403564, 213.786117554, 214.389831543, 214.981948853, 215.574050903, 216.177780151, 216.781494141, 217.38520813, 217.988937378, 218.581039429, 219.173141479, 219.776870728, 220.380584717, 220.984298706, 221.588027954, 222.191741943, 222.783843994, 223.375961304, 223.979675293, 224.583404541, 225.18711853, 225.79083252, 226.382949829, 226.97505188, 227.578765869, 228.182495117, 228.786209106, 229.389923096, 229.982040405, 230.574142456, 231.177871704, 231.781585693, 232.385299683, 232.989013672, 233.59274292, 234.184844971, 234.788574219, 235.392288208, 236.007614136, 236.622940063, 237.24987793, 237.876815796, 238.515365601, 239.153915405], "danceability": 1.30472707748, "bpm_histogram_second_peak_spread": {"dvar": 0, "var": 0, "median": 0.25, "max": 0.25, "dmean": 0, "dmean2": 0, "mean": 0.25, "dvar2": 0, "min": 0.25}}, "lowlevel": {"spectral_flux": {"dvar": 0.00128744356334, "var": 0.00338917737827, "median": 0.0953107625246, "max": 0.360369294882, "dmean": 0.0348594449461, "dmean2": 0.0530038252473, "mean": 0.103978842497, "dvar2": 0.00257780216634, "min": 1.03384273364e-10}, "spectral_rolloff": {"dvar": 1533063.25, "var": 3391892, "median": 968.994140625, "max": 21081.0058594, "dmean": 640.181152344, "dmean2": 1089.83007812, "mean": 1376.01708984, "dvar2": 3627786.25, "min": 64.599609375}, "barkbands_flatness_db": {"dvar": 0.0010191751644, "var": 0.00374138611369, "median": 0.120138391852, "max": 0.579780757427, "dmean": 0.0320039764047, "dmean2": 0.0483382493258, "mean": 0.128587886691, "dvar2": 0.00211333530024, "min": 0.0140099739656}, "spectral_centroid": {"dvar": 113625.140625, "var": 334714.875, "median": 1324.7355957, "max": 11085.2060547, "dmean": 305.041381836, "dmean2": 472.000152588, "mean": 1367.22705078, "dvar2": 248813.046875, "min": 86.803894043}, "melbands_skewness": {"dvar": 1.82387959957, "var": 6.6700258255, "median": 2.63666272163, "max": 32.7832527161, "dmean": 1.15290236473, "dmean2": 1.79499280453, "mean": 3.0502269268, "dvar2": 4.13353633881, "min": -1.6344345808}, "melbands": {"dvar": [1.37907736644e-05, 9.85609221971e-06, 2.11329938793e-06, 2.98628287965e-06, 2.29857150202e-07, 6.4626348717e-08, 3.07599350435e-07, 5.61799765819e-07, 1.98058955903e-07, 1.39774812169e-07, 1.61801622767e-07, 7.31645357632e-08, 4.74237999981e-08, 3.77415645403e-08, 2.38708821598e-08, 3.90036660747e-08, 8.39214386872e-09, 3.6648353241e-09, 3.72588226938e-09, 2.99190405784e-09, 2.00803884631e-09, 1.72518577202e-09, 1.66119584755e-09, 1.73717207286e-09, 2.9667066026e-10, 1.13240652966e-10, 1.70211011952e-10, 8.26116605679e-11, 3.8374445982e-11, 1.88252313044e-11, 1.62023155309e-11, 1.59950594436e-11, 3.58091195585e-11, 3.15847140109e-11, 2.70956781317e-11, 1.93217976341e-11, 2.29212013952e-11, 1.28886120526e-11, 4.46852017194e-12, 2.44291501091e-12], "var": [4.25895450462e-05, 1.09784514279e-05, 2.21225855057e-06, 2.25860640057e-06, 2.44928429538e-07, 7.35725578238e-08, 3.77816434138e-07, 6.24098845492e-07, 2.24571792273e-07, 1.75591779339e-07, 2.90589667884e-07, 1.10400229403e-07, 7.71403776412e-08, 3.22203561609e-08, 2.95892785829e-08, 6.26808187576e-08, 1.16416867257e-08, 4.57959048461e-09, 4.81123141327e-09, 4.18733003826e-09, 2.74547895529e-09, 2.13974327146e-09, 1.61325208747e-09, 1.64555291615e-09, 4.21213147694e-10, 1.70818789669e-10, 2.03192837556e-10, 1.12137896191e-10, 5.58156090791e-11, 2.3986989478e-11, 1.92127529164e-11, 2.23452090164e-11, 3.84033777001e-11, 3.31529283193e-11, 3.03546944525e-11, 2.52568105319e-11, 2.94511880161e-11, 1.73250216257e-11, 6.31315139055e-12, 3.50287138705e-12], "median": [0.00194619875401, 0.00163186562713, 0.00054253207054, 0.000276393519016, 0.000137131806696, 7.62018098612e-05, 0.000118228133942, 8.51790100569e-05, 3.34299511451e-05, 2.74626327155e-05, 6.32103110547e-05, 8.31694560475e-05, 5.57198218303e-05, 2.26291595027e-05, 1.95932479983e-05, 2.18313834921e-05, 1.67338566825e-05, 1.34998417707e-05, 1.62058622664e-05, 9.35586740525e-06, 8.56475071487e-06, 9.13200074137e-06, 6.64063190925e-06, 5.15474312124e-06, 3.74089563593e-06, 3.00991359836e-06, 3.89281467505e-06, 2.91781884698e-06, 2.20231390813e-06, 1.41202053783e-06, 9.0162836841e-07, 8.32481418911e-07, 8.99687279343e-07, 7.34786112844e-07, 6.50676497571e-07, 6.37365019429e-07, 5.42037128071e-07, 5.00932742398e-07, 4.51237440302e-07, 3.45328942331e-07], "max": [0.0637257024646, 0.0363425798714, 0.0203725174069, 0.027210906148, 0.0092837261036, 0.00412322208285, 0.0117339314893, 0.0210044775158, 0.0102617135271, 0.00671061268076, 0.00755283702165, 0.00541061488912, 0.00672874553129, 0.00241644214839, 0.00382025842555, 0.00242428621277, 0.00121140782721, 0.00152084499132, 0.00133474147879, 0.00102842389606, 0.000761577102821, 0.000473589869216, 0.000474219588796, 0.000431435211794, 0.000184641947271, 0.000118041862152, 0.000125969119836, 0.000149556974065, 7.84448347986e-05, 0.000121640216094, 9.83368518064e-05, 0.000128711690195, 0.000203043338843, 9.41576436162e-05, 0.000109727465315, 0.000110076871351, 0.000187603378436, 0.000156611509738, 3.95901806769e-05, 3.53446048393e-05], "dmean": [0.00249206880108, 0.00168008648325, 0.000846957438625, 0.000631651666481, 0.000239790329942, 0.000129246443976, 0.000259772554273, 0.000277875282336, 0.000152310312842, 0.000135232141474, 0.000172911575646, 0.000133048481075, 9.96298476821e-05, 7.49327518861e-05, 6.56922566122e-05, 9.10207818379e-05, 4.57591013401e-05, 2.51231213042e-05, 2.95493828162e-05, 2.35800271184e-05, 2.10026882996e-05, 2.18323093577e-05, 1.80567240022e-05, 1.63580989465e-05, 8.16446026874e-06, 5.30277566213e-06, 6.93353922543e-06, 4.87469196742e-06, 3.75860008717e-06, 2.24761470236e-06, 2.07489642889e-06, 2.0075754037e-06, 2.21949926527e-06, 2.83932240563e-06, 2.60744309344e-06, 2.10510961551e-06, 1.80152062512e-06, 1.65350468251e-06, 1.20265656278e-06, 8.45299837238e-07], "dmean2": [0.00371393491514, 0.00274074682966, 0.00138406106271, 0.00107891869266, 0.000400297052693, 0.000221625887207, 0.000437535753008, 0.000448717328254, 0.000246930809226, 0.000220129717491, 0.000261077104369, 0.000213120496483, 0.000155372021254, 0.000129622974782, 0.000111607478175, 0.000154967361595, 7.74950312916e-05, 4.10043903685e-05, 4.82928880956e-05, 3.74649243895e-05, 3.27098314301e-05, 3.47170571331e-05, 3.01742093143e-05, 2.61679106188e-05, 1.27079738377e-05, 8.38591404317e-06, 1.11416566142e-05, 7.8434295574e-06, 5.98330643697e-06, 3.49570404978e-06, 3.20332628689e-06, 3.04164950649e-06, 3.37104006576e-06, 4.59918101114e-06, 4.11493556385e-06, 3.27194129568e-06, 2.80769427263e-06, 2.5564659154e-06, 1.85222938853e-06, 1.30127148168e-06], "mean": [0.00438713701442, 0.00256407796405, 0.00106827833224, 0.000645669759251, 0.000305008841679, 0.00015827860625, 0.000323409534758, 0.000317201338476, 0.000167627964402, 0.00014633241517, 0.000284968438791, 0.000193949526874, 0.000141803902807, 7.69783800934e-05, 7.40160467103e-05, 0.000116279727081, 5.81087406317e-05, 3.33966891048e-05, 3.89708693547e-05, 3.14571043418e-05, 2.75714664895e-05, 2.72184752248e-05, 2.11170990951e-05, 1.8058475689e-05, 1.1078600437e-05, 7.62913941799e-06, 9.34024228627e-06, 6.93307583788e-06, 5.33650882062e-06, 3.23698486682e-06, 2.71462977253e-06, 2.74919375443e-06, 2.92973891192e-06, 3.03556157633e-06, 2.88125079351e-06, 2.4860216854e-06, 2.12599957194e-06, 1.95771895051e-06, 1.50603000293e-06, 1.08607378024e-06], "dvar2": [2.86736285489e-05, 2.51575947914e-05, 5.4250122048e-06, 7.77639797889e-06, 5.87143745179e-07, 1.66492171161e-07, 7.69382154431e-07, 1.33727132834e-06, 4.72618609137e-07, 3.3123205867e-07, 3.69374305365e-07, 1.72676962507e-07, 1.02049362738e-07, 1.02414276171e-07, 6.21042488547e-08, 1.05683056972e-07, 2.25931149345e-08, 8.89362983258e-09, 9.06588848437e-09, 6.82458134449e-09, 4.46310632896e-09, 4.18215595488e-09, 4.44178960279e-09, 4.47835279971e-09, 6.73721356481e-10, 2.56693860612e-10, 4.32258201455e-10, 2.1386560578e-10, 9.53931864056e-11, 4.52732816514e-11, 3.96114738233e-11, 3.41326134023e-11, 8.9905083378e-11, 7.90569831821e-11, 6.49847398115e-11, 4.41952655028e-11, 5.0536887175e-11, 2.81994184947e-11, 1.03819834674e-11, 5.64449745624e-12], "min": [1.39555390869e-24, 8.7613238995e-25, 5.87705160922e-24, 6.16812747818e-24, 4.73579786017e-24, 6.92506199928e-24, 5.6283198215e-24, 2.77249898305e-23, 1.15470240754e-23, 7.17266334932e-24, 7.03686804423e-24, 4.21900600926e-24, 1.01181571623e-23, 1.04022441181e-23, 7.4061251565e-24, 6.40354329382e-24, 1.4884464218e-23, 1.45789636329e-23, 5.59197739403e-24, 1.04883151537e-23, 9.83038149294e-24, 1.36190429736e-23, 6.09591199547e-24, 6.86716986402e-24, 1.20263990703e-23, 1.205653829e-23, 1.35306479537e-23, 1.52182438888e-23, 1.52497872809e-23, 6.15456893137e-24, 6.09346297679e-24, 8.40508969749e-24, 9.51347476807e-24, 9.60047508186e-24, 1.13875045674e-23, 1.47591315751e-23, 1.21248828323e-23, 1.40978910094e-23, 8.67420407328e-24, 7.41050096794e-24]}, "spectral_decrease": {"dvar": 2.2185539894e-17, "var": 5.48358575228e-17, "median": -7.3400507894e-09, "max": 3.84188866235e-16, "dmean": 3.79442122167e-09, "dmean2": 5.71756775258e-09, "mean": -9.03526142793e-09, "dvar2": 4.94616452307e-17, "min": -5.32009210019e-08}, "barkbands_kurtosis": {"dvar": 954.41595459, "var": 1424.2902832, "median": 1.67239904404, "max": 1314.39196777, "dmean": 6.48529672623, "dmean2": 10.3416099548, "mean": 7.86369466782, "dvar2": 2325.90209961, "min": -1.93634653091}, "silence_rate_30dB": {"dvar": 0.0228784717619, "var": 0.0240746699274, "median": 1, "max": 1, "dmean": 0.023426912725, "dmean2": 0.0468583591282, "mean": 0.975317001343, "dvar2": 0.0560882166028, "min": 0}, "gfcc": {"mean": [2.94294810295, 77.8288192749, -97.3780517578, 28.8636932373, -42.8876419067, 26.0110168457, -28.9350681305, 18.2424583435, -23.3990821838, 7.15491962433, -15.2382984161, 6.68538618088, -10.0359592438], "cov": [[14388.5859375, -4.97497653961, -650.650695801, 98.018196106, -639.116088867, 285.61050415, -392.343231201, 183.354446411, -102.524856567, -51.8161048889, -272.101013184, 106.328605652, -186.794021606], [-4.97497653961, 926.855957031, -24.4652290344, -117.26927948, 74.2538452148, -95.5604095459, 136.28352356, 6.14316558838, 76.5810775757, -10.326215744, 23.5790081024, 5.81202793121, 79.9977264404], [-650.650695801, -24.4652290344, 642.614929199, 95.4683380127, 31.2156791687, -34.5350914001, -6.23256635666, -8.50839424133, -21.6635398865, -20.1992416382, -23.8406143188, 21.034330368, -11.1983070374], [98.018196106, -117.26927948, 95.4683380127, 386.058776855, 66.9227981567, -6.34082078934, -52.6527328491, -16.1009178162, -27.4604816437, -34.2573242188, 7.49571990967, -12.9914512634, 11.7693853378], [-639.116088867, 74.2538452148, 31.2156791687, 66.9227981567, 287.769165039, 57.1693496704, 48.1655197144, -61.8324737549, -23.1908588409, 30.626033783, 25.1328697205, -50.7050247192, 10.0927524567], [285.61050415, -95.5604095459, -34.5350914001, -6.34082078934, 57.1693496704, 214.609420776, 65.1894989014, -21.4842720032, -5.27622270584, 21.6830005646, 19.5468235016, -16.2216110229, 2.90038299561], [-392.343231201, 136.28352356, -6.23256635666, -52.6527328491, 48.1655197144, 65.1894989014, 206.968917847, 49.0537910461, 33.232963562, 17.9133758545, 45.392578125, 11.7067041397, 49.3812217712], [183.354446411, 6.14316558838, -8.50839424133, -16.1009178162, -61.8324737549, -21.4842720032, 49.0537910461, 166.880004883, 57.2462081909, 22.7496299744, 10.1589593887, 36.8602294922, 37.826625824], [-102.524856567, 76.5810775757, -21.6635398865, -27.4604816437, -23.1908588409, -5.27622270584, 33.232963562, 57.2462081909, 150.213821411, 15.9804754257, 18.028181076, 21.4423999786, 32.5912742615], [-51.8161048889, -10.326215744, -20.1992416382, -34.2573242188, 30.626033783, 21.6830005646, 17.9133758545, 22.7496299744, 15.9804754257, 112.681716919, 44.1480369568, -3.0821158886, 4.97218227386], [-272.101013184, 23.5790081024, -23.8406143188, 7.49571990967, 25.1328697205, 19.5468235016, 45.392578125, 10.1589593887, 18.028181076, 44.1480369568, 103.423072815, 21.1385383606, 30.8405857086], [106.328605652, 5.81202793121, 21.034330368, -12.9914512634, -50.7050247192, -16.2216110229, 11.7067041397, 36.8602294922, 21.4423999786, -3.0821158886, 21.1385383606, 87.8794784546, 41.7236747742], [-186.794021606, 79.9977264404, -11.1983070374, 11.7693853378, 10.0927524567, 2.90038299561, 49.3812217712, 37.826625824, 32.5912742615, 4.97218227386, 30.8405857086, 41.7236747742, 107.552429199]], "icov": [[0.000121360848425, -0.000173993743374, 0.000132878834847, -0.000163028002135, 0.000255317718256, -0.000448432430858, 0.000309215596644, -0.000241631540121, 0.000167826190591, -0.000141749536851, 0.00032312553958, -0.000329763715854, 0.000293982011499], [-0.000173993743374, 0.00184026523493, -0.00015370255278, 0.000709879270289, -0.000814225932118, 0.00186707405373, -0.0015320709208, 0.000929582922254, -0.000869285780936, 0.000560604908969, -0.000404173508286, 0.000891733157914, -0.00135465757921], [0.000132878834847, -0.00015370255278, 0.00187433429528, -0.000650886504445, -2.66042497969e-05, -0.000129965439555, -5.34119462827e-05, -0.000128739819047, 0.000291904230835, -0.00026793818688, 0.00102508161217, -0.00141150050331, 0.000864853616804], [-0.000163028002135, 0.000709879270289, -0.000650886504445, 0.00367630366236, -0.00143292208668, 0.000722524360754, 0.00084087398136, -0.000330451061018, -1.14649401439e-05, 0.00199245172553, -0.00180760608055, 0.00143177399877, -0.00156183796935], [0.000255317718256, -0.000814225932118, -2.66042497969e-05, -0.00143292208668, 0.00595537293702, -0.00166703562718, -0.000556474551558, 0.0014483401319, 0.000766937911976, -0.00210208445787, 0.000454861758044, 0.0020638636779, -0.000631008297205], [-0.000448432430858, 0.00186707405373, -0.000129965439555, 0.000722524360754, -0.00166703562718, 0.0082555571571, -0.00407116673887, 0.00247892574407, -0.00095846306067, -0.000194985506823, -0.000982957659289, 0.00176518387161, -0.00143244245555], [0.000309215596644, -0.0015320709208, -5.34119462827e-05, 0.00084087398136, -0.000556474551558, -0.00407116673887, 0.00941041111946, -0.00372144719586, 0.0005677214358, 0.00122334051412, -0.00211878423579, -7.78271933086e-05, -0.00086162640946], [-0.000241631540121, 0.000929582922254, -0.000128739819047, -0.000330451061018, 0.0014483401319, 0.00247892574407, -0.00372144719586, 0.0100228758529, -0.00268743676133, -0.00253631034866, 0.00137348461431, -0.00091404595878, -0.00221515749581], [0.000167826190591, -0.000869285780936, 0.000291904230835, -1.14649401439e-05, 0.000766937911976, -0.00095846306067, 0.0005677214358, -0.00268743676133, 0.00856485404074, -0.000666457985062, -0.000160620737006, -0.000664667633828, -0.000652564223856], [-0.000141749536851, 0.000560604908969, -0.00026793818688, 0.00199245172553, -0.00210208445787, -0.000194985506823, 0.00122334051412, -0.00253631034866, -0.000666457985062, 0.0129936197773, -0.00638809148222, 0.00220428220928, 0.000201684844797], [0.00032312553958, -0.000404173508286, 0.00102508161217, -0.00180760608055, 0.000454861758044, -0.000982957659289, -0.00211878423579, 0.00137348461431, -0.000160620737006, -0.00638809148222, 0.0157817527652, -0.00473637320101, -0.000704061530996], [-0.000329763715854, 0.000891733157914, -0.00141150050331, 0.00143177399877, 0.0020638636779, 0.00176518387161, -7.78271933086e-05, -0.00091404595878, -0.000664667633828, 0.00220428220928, -0.00473637320101, 0.0190506856889, -0.00735653471202], [0.000293982011499, -0.00135465757921, 0.000864853616804, -0.00156183796935, -0.000631008297205, -0.00143244245555, -0.00086162640946, -0.00221515749581, -0.000652564223856, 0.000201684844797, -0.000704061530996, -0.00735653471202, 0.0155936423689]]}, "silence_rate_20dB": {"dvar": 0, "var": 0, "median": 1, "max": 1, "dmean": 0, "dmean2": 0, "mean": 1, "dvar2": 0, "min": 1}, "barkbands_skewness": {"dvar": 1.17112827301, "var": 3.63444137573, "median": 1.45464718342, "max": 27.2352352142, "dmean": 0.844940125942, "dmean2": 1.29891490936, "mean": 1.79463338852, "dvar2": 2.69665408134, "min": -3.19993019104}, "erbbands_skewness": {"dvar": 0.166902676225, "var": 0.514864504337, "median": 0.256880491972, "max": 4.86364173889, "dmean": 0.439145445824, "dmean2": 0.66989672184, "mean": 0.282268196344, "dvar2": 0.386931717396, "min": -3.68494296074}, "spectral_contrast_valleys": {"dvar": [0.131486520171, 0.215732127428, 0.229963481426, 0.229685485363, 0.230229943991, 0.274069845676], "var": [1.39257967472, 1.47902441025, 1.64135551453, 1.55691611767, 1.48551750183, 1.65516388416], "median": [-6.69179725647, -6.74383592606, -7.10536909103, -7.510014534, -7.52084350586, -9.75792217255], "max": [-5.15908622742, -4.56400156021, -4.59882068634, -5.44047498703, -5.41022825241, -7.41734409332], "dmean": [0.393402218819, 0.44271543622, 0.446850657463, 0.425430864096, 0.419037252665, 0.465599149466], "dmean2": [0.632448613644, 0.699781537056, 0.690189301968, 0.663850188255, 0.588201701641, 0.577230513096], "mean": [-6.91114044189, -6.97762489319, -7.3451333046, -7.68078994751, -7.64401054382, -9.89503097534], "dvar2": [0.289115101099, 0.463256508112, 0.465638548136, 0.461569160223, 0.452303498983, 0.498734116554], "min": [-27.3751487732, -26.9649238586, -27.5249919891, -27.0042953491, -27.2118339539, -27.2548274994]}, "spectral_strongpeak": {"dvar": 0.871734261513, "var": 0.953756988049, "median": 0.346977800131, "max": 9.67847251892, "dmean": 0.505419790745, "dmean2": 0.877242147923, "mean": 0.673630595207, "dvar2": 2.23146939278, "min": 0}, "erbbands_crest": {"dvar": 9.49449539185, "var": 24.4917068481, "median": 8.15041255951, "max": 32.670337677, "dmean": 3.25778222084, "dmean2": 5.25066566467, "mean": 9.53447246552, "dvar2": 21.477268219, "min": 2.22521972656}, "barkbands_crest": {"dvar": 9.13447093964, "var": 25.9924526215, "median": 11.0488967896, "max": 26.1659946442, "dmean": 3.56128883362, "dmean2": 5.74073123932, "mean": 11.7513723373, "dvar2": 22.7724952698, "min": 2.23598647118}, "spectral_energyband_middle_low": {"dvar": 0.000104603728687, "var": 0.000139675175888, "median": 0.00673774909228, "max": 0.13762883842, "dmean": 0.00617774110287, "dmean2": 0.00976962223649, "mean": 0.010261092335, "dvar2": 0.000241673362325, "min": 3.07936158378e-22}, "spectral_contrast_coeffs": {"dvar": [0.00262143602595, 0.00219260295853, 0.00167663383763, 0.00109339528717, 0.00048215201241, 0.000264813075773], "var": [0.0063821002841, 0.00681780138984, 0.00719249201939, 0.00426928978413, 0.00185916607734, 0.000993719790131], "median": [-0.704551756382, -0.762061536312, -0.770600914955, -0.795511543751, -0.801875591278, -0.793991744518], "max": [-0.369512617588, -0.315050750971, -0.438035458326, -0.511226773262, -0.572564840317, -0.618978917599], "dmean": [0.0586488060653, 0.0539168678224, 0.0462964475155, 0.0373462699354, 0.0249993018806, 0.0179277323186], "dmean2": [0.093753926456, 0.0866693556309, 0.0722057372332, 0.0591597817838, 0.0397352203727, 0.0281421169639], "mean": [-0.700986325741, -0.749945282936, -0.756627261639, -0.784156680107, -0.797451496124, -0.796045541763], "dvar2": [0.00623998790979, 0.00507724378258, 0.00351522793062, 0.00240312935784, 0.00111942156218, 0.000630855269264], "min": [-0.955540895462, -0.970168352127, -0.958598017693, -0.966206729412, -0.958996772766, -0.960795462132]}, "hfc": {"dvar": 314.469848633, "var": 474.054016113, "median": 17.2047080994, "max": 245.70930481, "dmean": 11.0936107635, "dmean2": 16.4623641968, "mean": 22.7113761902, "dvar2": 759.375244141, "min": 1.18833177081e-16}, "spectral_energyband_high": {"dvar": 1.32911554829e-06, "var": 1.89075399248e-06, "median": 0.000405973463785, "max": 0.0234545916319, "dmean": 0.000655543350149, "dmean2": 0.000971502624452, "mean": 0.000949425098952, "dvar2": 3.06427182295e-06, "min": 7.95868514414e-21}, "erbbands_spread": {"dvar": 142.746170044, "var": 474.733764648, "median": 34.9274902344, "max": 174.561172485, "dmean": 11.447224617, "dmean2": 17.4526729584, "mean": 38.6017990112, "dvar2": 308.027862549, "min": 1.49503695965}, "dissonance": {"dvar": 0.000570469885133, "var": 0.00122325483244, "median": 0.475607484579, "max": 0.500000178814, "dmean": 0.0218288619071, "dmean2": 0.0360813438892, "mean": 0.464133322239, "dvar2": 0.00135837413836, "min": 0.190932184458}, "spectral_kurtosis": {"dvar": 3.09704232216, "var": 7.18808841705, "median": 4.12427806854, "max": 27.0969676971, "dmean": 1.47634017467, "dmean2": 2.26694941521, "mean": 4.55224847794, "dvar2": 7.0113325119, "min": -1.25662279129}, "spectral_skewness": {"dvar": 0.0627948865294, "var": 0.190211668611, "median": 1.63840997219, "max": 4.3362121582, "dmean": 0.236161336303, "dmean2": 0.352044552565, "mean": 1.68628680706, "dvar2": 0.133317768574, "min": 0.00370281445794}, "pitch_salience": {"dvar": 0.00783327128738, "var": 0.0197350494564, "median": 0.504834473133, "max": 0.904461920261, "dmean": 0.0987701416016, "dmean2": 0.158519104123, "mean": 0.501189172268, "dvar2": 0.0191056467593, "min": 0.0255994796753}, "spectral_complexity": {"dvar": 41.1382827759, "var": 132.705215454, "median": 17, "max": 59, "dmean": 5.42497587204, "dmean2": 7.91925668716, "mean": 18.8725204468, "dvar2": 76.9141693115, "min": 0}, "spectral_spread": {"dvar": 1035872501760.0, "var": 3009876066300.0, "median": 4959456.5, "max": 42084044, "dmean": 795681.75, "dmean2": 1152623.25, "mean": 5379146, "dvar2": 1888274350080.0, "min": 2011810.375}, "dynamic_complexity": 4.35504150391, "melbands_crest": {"dvar": 16.579788208, "var": 47.3224830627, "median": 16.7325515747, "max": 36.6581916809, "dmean": 4.73472738266, "dmean2": 7.63504171371, "mean": 17.589925766, "dvar2": 40.7692718506, "min": 1.74675273895}, "zerocrossingrate": {"dvar": 0.000253786944086, "var": 0.00207310495898, "median": 0.0537109375, "max": 0.7802734375, "dmean": 0.0141326934099, "dmean2": 0.0164531264454, "mean": 0.0600319355726, "dvar2": 0.000315179553581, "min": 0.001953125}, "spectral_energyband_low": {"dvar": 0.000214814281208, "var": 0.000505272066221, "median": 0.0130459666252, "max": 0.197123855352, "dmean": 0.0103311818093, "dmean2": 0.0156867355108, "mean": 0.0196582432836, "dvar2": 0.000488021032652, "min": 9.03525703213e-24}, "melbands_kurtosis": {"dvar": 1797.39672852, "var": 4685.03027344, "median": 8.23551368713, "max": 1771.10327148, "dmean": 14.415933609, "dmean2": 23.0570297241, "mean": 22.0818595886, "dvar2": 4118.32861328, "min": -1.92169630527}, "spectral_energyband_middle_high": {"dvar": 3.46309898305e-05, "var": 5.54130492674e-05, "median": 0.00506724882871, "max": 0.0598669461906, "dmean": 0.00362312793732, "dmean2": 0.00573000125587, "mean": 0.00708381272852, "dvar2": 8.79745130078e-05, "min": 1.55120941973e-21}, "barkbands_spread": {"dvar": 85.1697235107, "var": 227.56703186, "median": 23.1851062775, "max": 142.05255127, "dmean": 8.02796554565, "dmean2": 12.2080879211, "mean": 24.8889923096, "dvar2": 183.816848755, "min": 0.0818074569106}, "mfcc": {"mean": [-646.912475586, 115.319343567, 7.72467136383, 18.3667602539, 12.1721973419, 10.7847795486, 10.3979511261, 11.4521894455, 4.88903522491, 5.79844999313, -1.06866180897, 2.3918607235, 3.26298952103], "cov": [[11017.4238281, 186.909225464, -297.305938721, -265.978668213, -139.815414429, -146.077407837, -237.195373535, 80.1811599731, -47.4020195007, -94.907333374, -37.5697631836, -6.60102701187, -70.8869171143], [186.909225464, 1109.21447754, -64.3470306396, -7.78815031052, -66.850402832, -14.6975688934, 24.1233119965, 19.4157714844, 72.7169723511, 30.8030738831, -9.05426979065, 4.83092164993, 55.9827461243], [-297.305938721, -64.3470306396, 515.691772461, 100.10256958, 25.3848838806, -22.544916153, -22.0390510559, 36.4139595032, 1.18134856224, -28.4216213226, -17.6898937225, -41.9343032837, 8.75326538086], [-265.978668213, -7.78815031052, 100.10256958, 340.878448486, 110.457221985, -10.0534906387, 23.0968036652, -11.2648925781, -5.62163829803, -6.21291732788, -39.6017532349, -6.21473503113, 3.05243134499], [-139.815414429, -66.850402832, 25.3848838806, 110.457221985, 204.754821777, 76.6646270752, 16.227640152, -31.2577533722, -18.3301258087, 12.4213552475, -14.9541368484, -4.21381044388, -16.5255508423], [-146.077407837, -14.6975688934, -22.544916153, -10.0534906387, 76.6646270752, 212.641647339, 81.9314880371, -7.40087747574, -14.1177349091, 18.0562381744, 13.1651153564, -9.37749767303, -25.1023674011], [-237.195373535, 24.1233119965, -22.0390510559, 23.0968036652, 16.227640152, 81.9314880371, 187.443817139, 8.13882827759, 0.0508185625076, 30.8980903625, -1.45840632915, 17.8442268372, -8.67364501953], [80.1811599731, 19.4157714844, 36.4139595032, -11.2648925781, -31.2577533722, -7.40087747574, 8.13882827759, 116.984992981, 52.2479743958, -11.281920433, 10.335231781, -2.58499193192, 7.35151195526], [-47.4020195007, 72.7169723511, 1.18134856224, -5.62163829803, -18.3301258087, -14.1177349091, 0.0508185625076, 52.2479743958, 109.584510803, 35.2987556458, -5.32439184189, -0.284476310015, 25.2427825928], [-94.907333374, 30.8030738831, -28.4216213226, -6.21291732788, 12.4213552475, 18.0562381744, 30.8980903625, -11.281920433, 35.2987556458, 106.617774963, 23.0883293152, 9.68451595306, 13.3828773499], [-37.5697631836, -9.05426979065, -17.6898937225, -39.6017532349, -14.9541368484, 13.1651153564, -1.45840632915, 10.335231781, -5.32439184189, 23.0883293152, 98.6865844727, 22.6100177765, -12.1270446777], [-6.60102701187, 4.83092164993, -41.9343032837, -6.21473503113, -4.21381044388, -9.37749767303, 17.8442268372, -2.58499193192, -0.284476310015, 9.68451595306, 22.6100177765, 82.222946167, 30.3391304016], [-70.8869171143, 55.9827461243, 8.75326538086, 3.05243134499, -16.5255508423, -25.1023674011, -8.67364501953, 7.35151195526, 25.2427825928, 13.3828773499, -12.1270446777, 30.3391304016, 78.0712966919]], "icov": [[0.000100776895124, -2.7047461117e-05, 5.48551142856e-05, 5.92841570324e-05, 9.01125986275e-06, 2.88492938125e-05, 0.000147471742821, -0.000168914892129, 0.000130339089083, -3.80981618946e-05, 0.000143304365338, -8.7325257482e-05, 0.000166486337548], [-2.7047461117e-05, 0.00100466376171, 0.000131606910145, -0.000134397341753, 0.000327629590174, -7.63249990996e-05, -0.000217141394387, 0.0002448472369, -0.00061914906837, 7.05809579813e-05, -0.00013818651496, 0.000354885210982, -0.000728132145014], [5.4