{"metadata": {"audio_properties": {"downmix": "mix", "bit_rate": 221303, "lossless": false, "md5_encoded": "1eb11064a88d5f547762442cc165a526", "analysis_sample_rate": 44100, "sample_rate": 44100, "replay_gain": -10.8230285645, "equal_loudness": 0, "codec": "mp3", "length": 191.817138672}, "tags": {"album": ["Never Never Love"], "artist": ["Pop Levi"], "musicbrainz_recordingid": ["737527d6-02d2-4046-bdd6-2416ffa3224f"], "albumartist": ["Pop Levi"], "discnumber": ["1"], "title": ["You Don't Gotta Run"], "tracknumber": ["7"], "date": ["2008"], "file_name": "2024522.mp3"}, "version": {"essentia_build_sha": "70f2e5ece6736b2c40cc944ad0e695b16b925413", "essentia_git_sha": "v2.1_beta2", "extractor": "music 1.0", "essentia": "2.1-beta2"}}, "tonal": {"chords_scale": "minor", "hpcp": {"dmean": [0.107209421694, 0.102152511477, 0.0659041404724, 0.055010676384, 0.0581573285162, 0.0898232683539, 0.138071447611, 0.162121325731, 0.197441190481, 0.169913887978, 0.167863190174, 0.119992554188, 0.0891614481807, 0.0847787931561, 0.0998572483659, 0.104243092239, 0.0971931219101, 0.080866061151, 0.0639418363571, 0.061907466501, 0.0867992043495, 0.109183162451, 0.116306833923, 0.14942368865, 0.119000948966, 0.0904116854072, 0.0798364430666, 0.0649635568261, 0.0583303235471, 0.0847878456116, 0.0977007001638, 0.0753664001822, 0.0550695173442, 0.0526518188417, 0.0660035312176, 0.101699858904], "dvar2": [0.090799972415, 0.0870437175035, 0.0652984455228, 0.0675492137671, 0.0714437663555, 0.0938601270318, 0.155543833971, 0.148168355227, 0.144015237689, 0.131423830986, 0.132613107562, 0.127459868789, 0.0984549671412, 0.0868714749813, 0.0920076593757, 0.0958194732666, 0.098251901567, 0.102887578309, 0.0833697617054, 0.0736564323306, 0.0834609121084, 0.102310568094, 0.101056307554, 0.143178597093, 0.10375276953, 0.0844497606158, 0.0774222761393, 0.064871199429, 0.0496037229896, 0.0719139575958, 0.0755181089044, 0.0579393953085, 0.0516057759523, 0.0535548999906, 0.0627212673426, 0.0855579152703], "mean": [0.185651704669, 0.120056144893, 0.0488970056176, 0.0361270681024, 0.0410843491554, 0.0875224247575, 0.154055938125, 0.175979673862, 0.294223368168, 0.391948103905, 0.245680943131, 0.0984930694103, 0.0646118968725, 0.0605524629354, 0.109254837036, 0.159702718258, 0.122856713831, 0.0638836175203, 0.0418591946363, 0.0414598025382, 0.090621188283, 0.149628430605, 0.147853165865, 0.154006704688, 0.173064544797, 0.123038209975, 0.072112031281, 0.0588165968657, 0.0476671792567, 0.0901601612568, 0.135251909494, 0.0906265676022, 0.0408985614777, 0.0352515429258, 0.0476949512959, 0.126086384058], "var": [0.0924282893538, 0.0428911745548, 0.0159435328096, 0.0142558356747, 0.0179191417992, 0.038074683398, 0.0775434672832, 0.0720755010843, 0.0934449508786, 0.1631539464, 0.0840360224247, 0.0390148125589, 0.0251933578402, 0.0220253523439, 0.042134616524, 0.0839172527194, 0.0579482913017, 0.0285179261118, 0.0182419233024, 0.0155654847622, 0.0300682149827, 0.0666402503848, 0.0663198754191, 0.0628022029996, 0.0933651551604, 0.0627577155828, 0.0240885429084, 0.021348753944, 0.0140296882018, 0.0274268053472, 0.0572020113468, 0.0336160734296, 0.012308716774, 0.0112474802881, 0.0150187592953, 0.0473996661603], "dmean2": [0.183233126998, 0.178798407316, 0.121455594897, 0.103974945843, 0.109017811716, 0.162553355098, 0.24799028039, 0.286658376455, 0.340709656477, 0.289705008268, 0.285327225924, 0.216383144259, 0.165656745434, 0.156021654606, 0.176015228033, 0.178592652082, 0.171335712075, 0.149848148227, 0.119962193072, 0.116537868977, 0.155923783779, 0.189203828573, 0.205602899194, 0.26338621974, 0.210209175944, 0.159010320902, 0.141535103321, 0.116222716868, 0.106306374073, 0.150421902537, 0.166791573167, 0.13281622529, 0.102143876255, 0.0990357622504, 0.121779285371, 0.178010344505], "dvar": [0.0382961370051, 0.0326135493815, 0.0232468098402, 0.0231746081263, 0.0249095410109, 0.0336621515453, 0.0563756115735, 0.0543129555881, 0.0535443723202, 0.0571993812919, 0.0491880178452, 0.0461704619229, 0.035556036979, 0.0308219697326, 0.0343869887292, 0.0398538783193, 0.0376423858106, 0.0367539934814, 0.0296879597008, 0.0257223583758, 0.0293945614249, 0.0390558838844, 0.0392411313951, 0.0522125922143, 0.0418759696186, 0.0322327576578, 0.0270737931132, 0.0234782900661, 0.0181448254734, 0.0256581045687, 0.0307681597769, 0.0225374661386, 0.0177566334605, 0.0184506755322, 0.0219284947962, 0.0311137977988], "min": [0, 0, 0, 0, 0, 0, 0, 0, 0, 0, 0, 0, 0, 0, 0, 0, 0, 0, 0, 0, 0, 0, 0, 0, 0, 0, 0, 0, 0, 0, 0, 0, 0, 0, 0, 0], "median": [0.0393144972622, 0.027585491538, 0.00862266495824, 0.00373842241243, 0.00302475015633, 0.0085758222267, 0.0176968164742, 0.0394104123116, 0.187631875277, 0.19145873189, 0.113697715104, 0.0167233645916, 0.00746654067189, 0.00709029845893, 0.0149814896286, 0.0164656192064, 0.0121386032552, 0.00643846904859, 0.003871191293, 0.00512783043087, 0.0225598029792, 0.0350725054741, 0.0332143418491, 0.0261377133429, 0.0202466882765, 0.0102534117177, 0.009028961882, 0.00630815606564, 0.00766730681062, 0.022211316973, 0.0332728624344, 0.0208639875054, 0.00700152851641, 0.00546682486311, 0.0069131469354, 0.0288687385619], "max": [1, 1, 1, 1, 1, 1, 1, 1, 1, 1, 1, 1, 1, 1, 1, 1, 1, 1, 1, 1, 1, 1, 1, 1, 1, 1, 1, 1, 1, 1, 1, 1, 1, 1, 1, 1]}, "tuning_equal_tempered_deviation": 0.0113547667861, "chords_key": "A", "chords_strength": {"dmean": 0.00961552467197, "dvar2": 8.07220349088e-05, "mean": 0.507908523083, "var": 0.00771097140387, "dmean2": 0.00916837807745, "dvar": 6.79367440171e-05, "min": 0.293479770422, "median": 0.502669394016, "max": 0.74242246151}, "tuning_diatonic_strength": 0.592307806015, "thpcp": [1, 0.626820087433, 0.25129109621, 0.164848089218, 0.154491022229, 0.278748214245, 0.407458841801, 0.313451468945, 0.162989988923, 0.106797799468, 0.105778805912, 0.231207102537, 0.381755709648, 0.377226382494, 0.39292627573, 0.441549628973, 0.31391453743, 0.183983623981, 0.150062203407, 0.121616050601, 0.230030864477, 0.345076054335, 0.231220841408, 0.104346878827, 0.0899393111467, 0.121686905622, 0.321691513062, 0.473663985729, 0.30630621314, 0.124753773212, 0.0921730920672, 0.104820892215, 0.223301053047, 0.393051862717, 0.448987185955, 0.750669181347], "chords_histogram": [22.5556640625, 33.1316566467, 21.0793800354, 4.45304918289, 2.4685382843, 2.54114222527, 0.0726040676236, 0.0484027117491, 0.750241994858, 0.0242013558745, 3.41239118576, 0.0968054234982, 0.0242013558745, 0, 0.338818967342, 0.847047448158, 0, 0.0484027117491, 0.169409483671, 3.94482088089, 0, 0, 0.411423027515, 3.58180069923], "tuning_nontempered_energy_ratio": 0.670664966106, "tuning_frequency": 440.508575439, "key_strength": 0.789058923721, "chords_changes_rate": 0.0634075477719, "key_scale": "major", "hpcp_entropy": {"dmean": 0.618272960186, "dvar2": 0.779167771339, "mean": 1.69012629986, "var": 0.754276931286, "dmean2": 1.03147089481, "dvar": 0.301204204559, "min": 0, "median": 1.70952129364, "max": 4.65165948868}, "key_key": "F", "chords_number_rate": 0.00217812205665}, "lowlevel": {"melbands_skewness": {"dmean": 1.32779693604, "dvar2": 26.8167648315, "mean": 4.64303302765, "var": 61.034828186, "dmean2": 1.96188151836, "dvar": 14.2903213501, "min": -1.13389015198, "median": 3.36790537834, "max": 167.281524658}, "melbands_kurtosis": {"dmean": 62.1892089844, "dvar2": 603375.125, "mean": 98.1245422363, "var": 747823.5625, "dmean2": 89.8658294678, "dvar": 340616.78125, "min": -1.85518968105, "median": 16.1192245483, "max": 30366.6914062}, "barkbands_kurtosis": {"dmean": 30.2842159271, "dvar2": 146399.0625, "mean": 44.4049224854, "var": 178907.59375, "dmean2": 42.9644508362, "dvar": 83977.8359375, "min": -1.8741890192, "median": 5.07360935211, "max": 14409.25}, "hfc": {"dmean": 13.1248874664, "dvar2": 1298.89428711, "mean": 25.7329673767, "var": 1058.22167969, "dmean2": 18.6701145172, "dvar": 615.686584473, "min": 1.17602345564e-16, "median": 15.5686473846, "max": 302.660949707}, "silence_rate_20dB": {"dmean": 0, "dvar2": 0, "mean": 1, "var": 0, "dmean2": 0, "dvar": 0, "min": 1, "median": 1, "max": 1}, "erbbands_flatness_db": {"dmean": 0.0188459772617, "dvar2": 0.000582638313062, "mean": 0.124510273337, "var": 0.00201293709688, "dmean2": 0.0244493931532, "dvar": 0.00032966103754, "min": 0.0321707390249, "median": 0.121149510145, "max": 0.321520924568}, "spectral_flux": {"dmean": 0.0365687198937, "dvar2": 0.00652862805873, "mean": 0.0913166254759, "var": 0.00541354622692, "dmean2": 0.0566463284194, "dvar": 0.00303451227956, "min": 1.02918874811e-10, "median": 0.0722095444798, "max": 0.492353230715}, "spectral_energyband_low": {"dmean": 0.0123623227701, "dvar2": 0.00181496271398, "mean": 0.0230847559869, "var": 0.00080370681826, "dmean2": 0.0204405914992, "dvar": 0.000691977562383, "min": 3.34589925586e-23, "median": 0.0172346960753, "max": 0.224694266915}, "spectral_rolloff": {"dmean": 521.480224609, "dvar2": 3504126.5, "mean": 1058.61865234, "var": 2909211.5, "dmean2": 848.603271484, "dvar": 1681696.125, "min": 21.533203125, "median": 602.9296875, "max": 19336.8164062}, "spectral_entropy": {"dmean": 0.203213572502, "dvar2": 0.0827285647392, "mean": 7.53417539597, "var": 0.256979733706, "dmean2": 0.268291443586, "dvar": 0.0464065559208, "min": 5.09334516525, "median": 7.52634429932, "max": 9.78880882263}, "spectral_energy": {"dmean": 0.0179464872926, "dvar2": 0.00277228560299, "mean": 0.0412625148892, "var": 0.00134602491744, "dmean2": 0.0291849784553, "dvar": 0.00107872975059, "min": 1.05922949286e-20, "median": 0.0353905074298, "max": 0.283805817366}, "spectral_centroid": {"dmean": 222.476806641, "dvar2": 181700.21875, "mean": 1034.68383789, "var": 320302.1875, "dmean2": 342.259521484, "dvar": 86590.7578125, "min": 132.158004761, "median": 924.186035156, "max": 10137.6152344}, "barkbands_flatness_db": {"dmean": 0.0247766897082, "dvar2": 0.00148516602349, "mean": 0.149120688438, "var": 0.00509725837037, "dmean2": 0.0358011201024, "dvar": 0.000735369161703, "min": 0.0191113054752, "median": 0.139335095882, "max": 0.674792587757}, "spectral_rms": {"dmean": 0.00117383094039, "dvar2": 7.37944174034e-06, "mean": 0.00569488946348, "var": 7.82453571446e-06, "dmean2": 0.00183243048377, "dvar": 3.0981323107e-06, "min": 3.21464556363e-12, "median": 0.00587599538267, "max": 0.016639823094}, "melbands": {"dmean": [0.00187613780145, 0.00268259644508, 0.0012669529533, 0.000622726453003, 0.000476459797937, 0.000347103545209, 0.000229709708947, 0.000220609770622, 0.000191281404113, 6.6815475293e-05, 9.13228723221e-05, 8.47311675898e-05, 7.80238406151e-05, 6.89309963491e-05, 2.84892503259e-05, 1.79858434421e-05, 2.20294659812e-05, 1.89655766007e-05, 1.28320616568e-05, 1.4154747987e-05, 7.89478417573e-06, 6.32183491689e-06, 7.52255618863e-06, 5.65238224226e-06, 5.05390607941e-06, 4.8067095122e-06, 4.7614757932e-06, 3.90444438381e-06, 4.65138737127e-06, 4.33594414062e-06, 3.77201831725e-06, 4.6687032409e-06, 3.81253266823e-06, 3.7347979287e-06, 2.73461887446e-06, 3.78646700483e-06, 1.82875521659e-06, 1.1668046227e-06, 1.1887805158e-06, 1.17770343877e-06], "dvar2": [4.29278625234e-05, 9.2648959253e-05, 1.95610336959e-05, 3.72825502382e-06, 2.01841999115e-06, 2.7574330943e-06, 1.56552425779e-06, 4.98997394516e-07, 5.79824359193e-07, 5.63888278293e-08, 1.0446205323e-07, 1.58455961241e-07, 5.55581856077e-08, 9.72586420289e-08, 8.7597582521e-09, 2.02802730165e-09, 5.3363100605e-09, 2.86475043687e-09, 1.24145127511e-09, 2.93728530387e-09, 9.2133811691e-10, 3.01186381391e-10, 6.91347423754e-10, 6.22445484044e-10, 5.395665581e-10, 6.68540389714e-10, 4.14572376428e-10, 1.87613674596e-10, 3.86101400851e-10, 3.22449511536e-10, 1.8598610152e-10, 3.94913046708e-10, 3.61000118687e-10, 2.57237925405e-10, 1.26945981505e-10, 4.11313261228e-10, 1.143032613e-10, 3.40373770835e-11, 5.01443400691e-11, 3.26306620613e-11], "mean": [0.00280055892654, 0.00471820821986, 0.00209785602055, 0.000903179228771, 0.000784495379776, 0.000408174819313, 0.000272483244771, 0.000381425372325, 0.000304276501993, 0.000113379035611, 0.000149801300722, 0.000130462067318, 0.000138260395033, 9.623853839e-05, 4.08040723414e-05, 3.0102846722e-05, 3.82342586818e-05, 3.23074200423e-05, 2.14897772821e-05, 2.08626843232e-05, 1.16432565846e-05, 1.00172728708e-05, 1.14633676276e-05, 7.36829679227e-06, 6.23501955488e-06, 6.12113035459e-06, 6.08476375419e-06, 5.24124197909e-06, 4.92643812322e-06, 4.47818729299e-06, 4.31674743595e-06, 4.89553167426e-06, 3.51252560904e-06, 3.83655742553e-06, 3.17605554301e-06, 5.64716901863e-06, 2.62802973339e-06, 1.8240676809e-06, 1.75336117536e-06, 1.61127331921e-06], "var": [1.8983551854e-05, 3.66668864444e-05, 7.57876341595e-06, 1.65354754245e-06, 1.60197544119e-06, 7.82970005275e-07, 5.04032243498e-07, 5.77138337121e-07, 5.23937274011e-07, 8.61542375219e-08, 1.82050200692e-07, 1.54331473823e-07, 9.37186399597e-08, 4.63768472514e-08, 5.95212501509e-09, 2.0247470367e-09, 5.55285373238e-09, 2.09605621748e-09, 7.95887411531e-10, 1.07141795436e-09, 3.96727956042e-10, 1.74535191855e-10, 3.02749547654e-10, 2.00154032237e-10, 1.60718868769e-10, 2.01308095193e-10, 1.43218478743e-10, 6.64453908561e-11, 1.00168255635e-10, 8.45002887107e-11, 7.12515879631e-11, 1.19621562655e-10, 8.35073607486e-11, 8.00867080986e-11, 5.40806531502e-11, 3.16353887531e-10, 1.37123257193e-10, 5.40925151893e-11, 4.92044946454e-11, 2.17342741027e-11], "dmean2": [0.00314563536085, 0.00448638759553, 0.0021175860893, 0.00104211724829, 0.000769267848227, 0.000610160292126, 0.000403843732784, 0.000338711804943, 0.00029685505433, 0.000102828700619, 0.000138400268042, 0.00013105320977, 0.00011847334099, 0.000111360335723, 4.52293934359e-05, 2.85077949229e-05, 3.47340210283e-05, 3.08691087412e-05, 2.1009835109e-05, 2.30863552133e-05, 1.29215868583e-05, 1.05707813418e-05, 1.28097435663e-05, 9.50312005443e-06, 8.64554112923e-06, 8.0540912677e-06, 7.95397318143e-06, 6.65245443088e-06, 8.18722310214e-06, 7.5750558608e-06, 6.23525056653e-06, 7.90441572462e-06, 6.68434176987e-06, 6.17783734924e-06, 4.43911221737e-06, 5.56808709007e-06, 2.66580354946e-06, 1.65140022546e-06, 1.71448652964e-06, 1.70580619852e-06], "dvar": [1.69617960637e-05, 3.47088171111e-05, 7.23159382687e-06, 1.39693759138e-06, 8.11490622254e-07, 9.7304166502e-07, 5.55046085537e-07, 2.16087144622e-07, 2.43732500849e-07, 2.87133143928e-08, 5.44419336279e-08, 6.78087488382e-08, 2.79929714964e-08, 3.74879718379e-08, 3.99217769953e-09, 8.94159801756e-10, 2.19662177336e-09, 1.12298137456e-09, 4.85937068362e-10, 1.09595699183e-09, 3.62983754165e-10, 1.13888766473e-10, 2.49552573051e-10, 2.27241336859e-10, 1.95938140712e-10, 2.44569725583e-10, 1.58215079926e-10, 7.03991587248e-11, 1.3949340294e-10, 1.16270604256e-10, 7.11674122411e-11, 1.46031478576e-10, 1.27790153459e-10, 9.62991006381e-11, 4.94008098317e-11, 1.83912662877e-10, 5.88624773923e-11, 1.87327618695e-11, 2.33942587524e-11, 1.41221583039e-11], "min": [6.4212177224e-24, 6.52383629883e-24, 4.74875647826e-24, 1.30016717517e-23, 4.42052289408e-24, 3.75496607594e-24, 6.19305706051e-24, 7.17530682221e-24, 6.25098351121e-24, 4.17406894222e-24, 4.58987989195e-24, 3.6194796099e-24, 4.87968845586e-24, 8.8105113491e-24, 4.03494858842e-24, 5.59774554497e-24, 8.1539763387e-24, 6.65252475602e-24, 1.06123004222e-23, 1.34408929376e-23, 6.04233256279e-24, 7.08109079772e-24, 6.45476521569e-24, 8.74056384149e-24, 8.60328942221e-24, 7.46804284895e-24, 6.85805142082e-24, 7.13788089429e-24, 9.83927511079e-24, 9.63888708592e-24, 1.1547695396e-23, 1.26666969566e-23, 1.14104864522e-23, 8.07025453083e-24, 1.10056872118e-23, 9.53503670319e-24, 1.024670678e-23, 7.71688113289e-24, 7.05689485603e-24, 7.86628113315e-24], "median": [0.00161634408869, 0.00338998902589, 0.00127955630887, 0.000441317795776, 0.00031016106368, 0.000142303702887, 7.86745076766e-05, 8.81805026438e-05, 5.62432105653e-05, 3.15721736115e-05, 2.93462926493e-05, 2.23230927077e-05, 3.51750131813e-05, 2.30487858062e-05, 1.81442992471e-05, 1.47591254063e-05, 1.45839539982e-05, 1.86684483197e-05, 1.2280406736e-05, 1.18664229376e-05, 6.20673199592e-06, 5.82693519391e-06, 5.74454770685e-06, 3.50467439603e-06, 3.01845238937e-06, 2.69719407697e-06, 2.67713130597e-06, 2.74871399597e-06, 2.01482612283e-06, 1.49691493334e-06, 1.19193521186e-06, 1.09459529085e-06, 7.76489628151e-07, 6.70587724017e-07, 6.36028858025e-07, 7.06742696366e-07, 5.42446230156e-07, 3.93031200474e-07, 3.35826143782e-07, 3.48899334313e-07], "max": [0.0414548330009, 0.054333679378, 0.0341011807323, 0.0200811624527, 0.0139195313677, 0.0134868519381, 0.00950077921152, 0.00685126846656, 0.010580541566, 0.00442303763703, 0.00715184910223, 0.00475741643459, 0.00337740126997, 0.00366381020285, 0.00171560444869, 0.000625007785857, 0.00117819744628, 0.000606847053859, 0.000340247555869, 0.000592908472754, 0.000463487231173, 0.000195959364646, 0.000560688669793, 0.000313420488965, 0.000246396230068, 0.000353208248271, 0.000204388692509, 0.000169707825989, 0.000145862388308, 0.000119926298794, 8.27443946037e-05, 0.000124752172269, 0.0001461419306, 0.000112000561785, 0.000103330618003, 0.000320697348798, 0.000286792754196, 0.000194421008928, 0.000181861047167, 0.000148060746142]}, "barkbands_crest": {"dmean": 2.58195948601, "dvar2": 15.5330762863, "mean": 11.259771347, "var": 18.3255577087, "dmean2": 4.22348642349, "dvar": 6.14950180054, "min": 2.24244713783, "median": 10.6083126068, "max": 26.9454040527}, "mfcc": {"icov": [[8.07515534689e-05, -0.000115607232146, -0.000134025540319, -5.13902487e-05, 0.000188170597539, -1.37342503876e-05, 5.34288774361e-05, -9.95534574031e-05, 6.90592205501e-05, 4.52158528788e-05, 1.28129140649e-05, 4.94442465424e-05, 5.37684754818e-05], [-0.000115607232146, 0.00113067368511, 0.00071352935629, 3.30194816343e-05, -0.000558583065867, -0.000248645374086, -4.63091819256e-05, 0.000505109026562, -6.12421426922e-05, -0.000477889436297, 7.77169407229e-05, -0.000348716479493, 0.000167488469742], [-0.000134025540319, 0.00071352935629, 0.00396684603766, -9.71343761194e-05, -0.00134598847944, -0.000872157746926, 0.000685522740241, -0.00085505185416, -5.72944954911e-05, -0.000113277943456, -0.00162084761541, -1.99244768737e-05, -0.000345475360518], [-5.13902487e-05, 3.30194816343e-05, -9.71343761194e-05, 0.00373143120669, -0.00211476348341, -0.000995379406959, 0.000279499945464, 0.000348083645804, -0.00108526891563, -0.00079549633665, 0.00082971615484, -0.000302188680507, -0.00123906694353], [0.000188170597539, -0.000558583065867, -0.00134598847944, -0.00211476348341, 0.00653887260705, -0.00135288736783, 0.000122295037727, 0.000465950317448, -0.00112111587077, -0.000616177276243, 0.00170638191048, -0.00123178260401, 0.000821989728138], [-1.37342503876e-05, -0.000248645374086, -0.000872157746926, -0.000995379406959, -0.00135288736783, 0.00851752888411, -0.00323301763274, -0.00118035636842, 0.000805309740826, 0.000737091118935, -0.000896770274267, 0.000972821202595, -0.00108185096178], [5.34288774361e-05, -4.63091819256e-05, 0.000685522740241, 0.000279499945464, 0.000122295037727, -0.00323301763274, 0.00809973943979, -0.0031136199832, -0.000354280346073, -0.00110273913015, -0.000924167921767, 0.000328239926603, -0.00102100998629], [-9.95534574031e-05, 0.000505109026562, -0.00085505185416, 0.000348083645804, 0.000465950317448, -0.00118035636842, -0.0031136199832, 0.0131579572335, -0.00525754271075, 0.00100563303567, 0.000539728382137, -0.00151370640378, 0.000894186785445], [6.90592205501e-05, -6.12421426922e-05, -5.72944954911e-05, -0.00108526891563, -0.00112111587077, 0.000805309740826, -0.000354280346073, -0.00525754271075, 0.0121808312833, -0.00291568180546, -0.00107318395749, 0.000799071509391, -0.000251438759733], [4.52158528788e-05, -0.000477889436297, -0.000113277943456, -0.00079549633665, -0.000616177276243, 0.000737091118935, -0.00110273913015, 0.00100563303567, -0.00291568180546, 0.0115667879581, -0.00480832858011, 0.00187790335622, 0.000794018153101], [1.28129140649e-05, 7.77169407229e-05, -0.00162084761541, 0.00082971615484, 0.00170638191048, -0.000896770274267, -0.000924167921767, 0.000539728382137, -0.00107318395749, -0.00480832858011, 0.0154762370512, -0.00552406953648, 8.28201009426e-05], [4.94442465424e-05, -0.000348716479493, -1.99244768737e-05, -0.000302188680507, -0.00123178260401, 0.000972821202595, 0.000328239926603, -0.00151370640378, 0.000799071509391, 0.00187790335622, -0.00552406953648, 0.0169901866466, -0.00407179957256], [5.37684754818e-05, 0.000167488469742, -0.000345475360518, -0.00123906694353, 0.000821989728138, -0.00108185096178, -0.00102100998629, 0.000894186785445, -0.000251438759733, 0.000794018153101, 8.28201009426e-05, -0.00407179957256, 0.0147009985521]], "mean": [-659.795593262, 116.665626526, 16.550037384, 21.8182086945, 11.9470720291, 13.400188446, 2.85756897926, 2.37989878654, 1.24943637848, 2.66375994682, -2.93039941788, -0.36881634593, -0.0824940875173], "cov": [[15598.8632812, 1248.37976074, 186.812957764, -66.6493148804, -352.66116333, -16.3252792358, -128.032958984, 17.7330932617, -130.785827637, -69.2286300659, -14.5883369446, -50.5631980896, -76.3763198853], [1248.37976074, 1201.39233398, -158.914825439, 63.6018486023, 74.5403442383, 25.2955265045, 1.38040030003, -51.2996177673, -3.84733200073, 47.2862052917, -14.7738704681, 7.61009454727, -16.1461639404], [186.812957764, -158.914825439, 371.102416992, 104.27444458, 102.878044128, 78.112701416, 26.4723472595, 54.372631073, 47.6031303406, 28.1017532349, 46.0901374817, 20.7006397247, 21.9345645905], [-66.6493148804, 63.6018486023, 104.27444458, 471.241973877, 220.276901245, 115.591743469, 48.1066169739, 34.5816497803, 85.4712371826, 57.640750885, 0.860963344574, 21.8212070465, 43.5032691956], [-352.66116333, 74.5403442383, 102.878044128, 220.276901245, 295.910461426, 93.2470703125, 39.2499008179, 26.5221920013, 65.3336029053, 43.1040382385, -1.96886837482, 19.9540119171, 17.1807174683], [-16.3252792358, 25.2955265045, 78.112701416, 115.591743469, 93.2470703125, 196.435836792, 95.365196228, 49.620136261, 37.3752593994, 21.1876296997, 19.2666759491, 9.23495864868, 26.1410655975], [-128.032958984, 1.38040030003, 26.4723472595, 48.1066169739, 39.2499008179, 95.365196228, 196.116531372, 68.0307235718, 47.8423538208, 33.6059379578, 27.6728286743, 8.95371341705, 20.7625370026], [17.7330932617, -51.2996177673, 54.372631073, 34.5816497803, 26.5221920013, 49.620136261, 68.0307235718, 124.113815308, 62.1628074646, 14.9613265991, 16.5997371674, 10.9574432373, 7.2528424263], [-130.785827637, -3.84733200073, 47.6031303406, 85.4712371826, 65.3336029053, 37.3752593994, 47.8423538208, 62.1628074646, 135.976669312, 49.179889679, 23.3388729095, 6.99253463745, 8.95853805542], [-69.2286300659, 47.2862052917, 28.1017532349, 57.640750885, 43.1040382385, 21.1876296997, 33.6059379578, 14.9613265991, 49.179889679, 124.654426575, 40.4654769897, 1.94553041458, 0.225461184978], [-14.5883369446, -14.7738704681, 46.0901374817, 0.860963344574, -1.96886837482, 19.2666759491, 27.6728286743, 16.5997371674, 23.3388729095, 40.4654769897, 95.752784729, 27.2343788147, 9.0349187851], [-50.5631980896, 7.61009454727, 20.7006397247, 21.8212070465, 19.9540119171, 9.23495864868, 8.95371341705, 10.9574432373, 6.99253463745, 1.94553041458, 27.2343788147, 75.0171890259, 22.5820789337], [-76.3763198853, -16.1461639404, 21.9345645905, 43.5032691956, 17.1807174683, 26.1410655975, 20.7625370026, 7.2528424263, 8.95853805542, 0.225461184978, 9.0349187851, 22.5820789337, 80.9767379761]]}, "spectral_decrease": {"dmean": 4.51663506595e-09, "dvar2": 1.79669280344e-16, "mean": -1.03142934194e-08, "var": 8.58579726861e-17, "dmean2": 7.42218153604e-09, "dvar": 6.95401608899e-17, "min": -7.26077828972e-08, "median": -8.88239704011e-09, "max": 1.07653982954e-28}, "zerocrossingrate": {"dmean": 0.0137149048969, "dvar2": 0.00039819497033, "mean": 0.0557246394455, "var": 0.00194038276095, "dmean2": 0.0150199094787, "dvar": 0.000380347337341, "min": 0, "median": 0.04345703125, "max": 0.5166015625}, "spectral_contrast_coeffs": {"dmean": [0.0505506470799, 0.0507134906948, 0.0412984117866, 0.0310637429357, 0.021315664053, 0.023426791653], "dvar2": [0.00484325550497, 0.00491824140772, 0.00294073228724, 0.00155529309995, 0.000812508224044, 0.00174846779555], "mean": [-0.631229460239, -0.700082421303, -0.748833060265, -0.766988813877, -0.795208513737, -0.780942499638], "var": [0.00904662627727, 0.00829263683408, 0.00713757798076, 0.00349944084883, 0.0020854617469, 0.00184906029608], "dmean2": [0.0827721953392, 0.0816991999745, 0.0652000755072, 0.0490007437766, 0.0337154977024, 0.0379168838263], "dvar": [0.00188982393593, 0.00192956556566, 0.00121962395497, 0.000662362959702, 0.000333405536367, 0.000683981226757], "min": [-0.973907470703, -0.978957951069, -0.981863439083, -0.990518033504, -0.967373907566, -0.959577858448], "median": [-0.633891761303, -0.699871301651, -0.756185948849, -0.76463675499, -0.795731782913, -0.780441224575], "max": [-0.29505905509, -0.399489849806, -0.443143755198, -0.587418854237, -0.6128911376, -0.624401092529]}, "spectral_skewness": {"dmean": 0.21391671896, "dvar2": 0.136032894254, "mean": 1.65554261208, "var": 0.180374264717, "dmean2": 0.327777028084, "dvar": 0.0588169544935, "min": -0.149439632893, "median": 1.6452190876, "max": 4.08464670181}, "spectral_energyband_middle_high": {"dmean": 0.00199441821314, "dvar2": 3.55069496436e-05, "mean": 0.00441259332001, "var": 2.82063920167e-05, "dmean2": 0.00312534742989, "dvar": 1.39646599564e-05, "min": 1.36975485176e-21, "median": 0.00258200382814, "max": 0.0562163479626}, "gfcc": {"icov": [[4.27089835284e-05, -3.85975654353e-05, 2.61357672571e-06, -8.69813902682e-06, 7.48800157453e-05, 5.73007764615e-06, 3.63276485587e-05, -3.49933834514e-05, 0.000122401615954, -6.02672953391e-05, 0.000227972966968, -7.02441902831e-05, 0.000217029155465], [-3.85975654353e-05, 0.00131298194174, 0.000913795141969, -0.000441430747742, -0.000334960786859, -0.000323949760059, 0.000102041463833, 0.000503270537592, -0.00101180630736, 0.000807019649073, -0.00118212413508, 0.00164103228599, -0.000584896362852], [2.61357672571e-06, 0.000913795141969, 0.00300584058277, -0.000838732637931, -0.00126351206563, -0.000708319945261, -8.14703016658e-05, 0.000329781149048, -0.0018130185781, 0.00023228948703, 0.000195865082787, -0.000631698407233, 0.00116619153414], [-8.69813902682e-06, -0.000441430747742, -0.000838732637931, 0.00415407167748, -0.00250144349411, 0.000496552675031, 0.000479570648167, 3.09754432237e-05, -0.00034611200681, -0.000856625381857, -0.000194885607925, 0.000242756490479, -0.000631997303572], [7.48800157453e-05, -0.000334960786859, -0.00126351206563, -0.00250144349411, 0.00632949359715, -0.000645525520667, -0.00209883973002, 0.000674427254125, -0.000481446739286, 0.000871808093507, 0.000360165489838, 0.000587815593462, -0.00129797169939], [5.73007764615e-06, -0.000323949760059, -0.000708319945261, 0.000496552675031, -0.000645525520667, 0.00677799293771, -0.00173422100488, -0.00191997026559, 0.00220598722808, -0.000546760158613, -0.00107780098915, -1.25211408886e-05, 0.000462645548396], [3.63276485587e-05, 0.000102041463833, -8.14703016658e-05, 0.000479570648167, -0.00209883973002, -0.00173422100488, 0.00637380126864, -0.00218988535926, 0.000634939351585, -0.000554436584935, 0.000510524783749, -0.000417711562477, 0.000861450331286], [-3.49933834514e-05, 0.000503270537592, 0.000329781149048, 3.09754432237e-05, 0.000674427254125, -0.00191997026559, -0.00218988535926, 0.0112400073558, -0.00454984931275, 0.000120756572869, 0.000359955243766, 0.00167552370112, -0.000754738925025], [0.000122401615954, -0.00101180630736, -0.0018130185781, -0.00034611200681, -0.000481446739286, 0.00220598722808, 0.000634939351585, -0.00454984931275, 0.0148944938555, -0.00525957345963, 0.00217605638318, 0.000964328530245, -0.000582379347179], [-6.02672953391e-05, 0.000807019649073, 0.00023228948703, -0.000856625381857, 0.000871808093507, -0.000546760158613, -0.000554436584935, 0.000120756572869, -0.00525957345963, 0.0180351994932, -0.00727100390941, 3.7679750676e-05, 0.00264687114395], [0.000227972966968, -0.00118212413508, 0.000195865082787, -0.000194885607925, 0.000360165489838, -0.00107780098915, 0.000510524783749, 0.000359955243766, 0.00217605638318, -0.00727100390941, 0.0170711688697, -0.00303396256641, -0.00155025965068], [-7.02441902831e-05, 0.00164103228599, -0.000631698407233, 0.000242756490479, 0.000587815593462, -1.25211408886e-05, -0.000417711562477, 0.00167552370112, 0.000964328530245, 3.7679750676e-05, -0.00303396256641, 0.0133993122727, -0.00392888300121], [0.000217029155465, -0.000584896362852, 0.00116619153414, -0.000631997303572, -0.00129797169939, 0.000462645548396, 0.000861450331286, -0.000754738925025, -0.000582379347179, 0.00264687114395, -0.00155025965068, -0.00392888300121, 0.0157247632742]], "mean": [-15.1068496704, 79.6337203979, -85.7625656128, 28.9644393921, -45.1378974915, 17.2316970825, -33.3877296448, 4.51766204834, -22.7040882111, 3.246945858, -17.8321495056, -0.224382430315, -11.8887071609], "cov": [[31529.8183594, 207.078491211, -833.594665527, -812.671813965, -1103.56933594, -220.63885498, -464.280731201, -107.252029419, -371.657104492, -107.277694702, -436.983703613, -60.8771247864, -516.616699219], [207.078491211, 1505.3236084, -437.436676025, 137.052902222, 56.6459121704, -14.9685535431, -68.7964782715, -27.2362213135, 42.9365501404, -30.5267028809, 64.946105957, -176.032546997, 67.8105163574], [-833.594665527, -437.436676025, 742.104736328, 246.939437866, 274.260314941, 85.3261260986, 134.683364868, 46.2809524536, 88.6086425781, 33.2067070007, -21.6240634918, 46.6921691895, -27.6801280975], [-812.671813965, 137.052902222, 246.939437866, 485.999206543, 290.904693604, 24.3502082825, 64.7110137939, 17.0361480713, 74.1422958374, 22.5809326172, 15.129940033, -23.4521961212, 32.6786689758], [-1103.56933594, 56.6459121704, 274.260314941, 290.904693604, 405.734344482, 72.4873580933, 139.242095947, 29.9806175232, 62.479511261, 6.2542347908, 4.69356489182, -16.4242897034, 31.4791736603], [-220.63885498, -14.9685535431, 85.3261260986, 24.3502082825, 72.4873580933, 202.962493896, 95.950843811, 43.1696624756, -5.55664348602, 9.92260169983, 13.1037721634, 0.279880613089, -6.54773616791], [-464.280731201, -68.7964782715, 134.683364868, 64.7110137939, 139.242095947, 95.950843811, 250.994995117, 61.8003005981, 19.818365097, 11.9627513885, -2.92848086357, 1.08608305454, -6.9493060112], [-107.252029419, -27.2362213135, 46.2809524536, 17.0361480713, 29.9806175232, 43.1696624756, 61.8003005981, 124.954185486, 41.228061676, 11.9616765976, -6.47664022446, -15.8333673477, -3.54511785507], [-371.657104492, 42.9365501404, 88.6086425781, 74.1422958374, 62.479511261, -5.55664348602, 19.818365097, 41.228061676, 111.594413757, 28.1246109009, -0.573194265366, -18.7195720673, 4.01409339905], [-107.277694702, -30.5267028809, 33.2067070007, 22.5809326172, 6.2542347908, 9.92260169983, 11.9627513885, 11.9616765976, 28.1246109009, 78.6055374146, 28.9388160706, 4.53378582001, -9.27080535889], [-436.983703613, 64.946105957, -21.6240634918, 15.129940033, 4.69356489182, 13.1037721634, -2.92848086357, -6.47664022446, -0.573194265366, 28.9388160706, 86.7243499756, 13.7441682816, 17.6016941071], [-60.8771247864, -176.032546997, 46.6921691895, -23.4521961212, -16.4242897034, 0.279880613089, 1.08608305454, -15.8333673477, -18.7195720673, 4.53378582001, 13.7441682816, 110.109184265, 15.1134290695], [-516.616699219, 67.8105163574, -27.6801280975, 32.6786689758, 31.4791736603, -6.54773616791, -6.9493060112, -3.54511785507, 4.01409339905, -9.27080535889, 17.6016941071, 15.1134290695, 86.8348770142]]}, "erbbands_spread": {"dmean": 11.4795427322, "dvar2": 339.617340088, "mean": 49.9018440247, "var": 699.567077637, "dmean2": 16.4888019562, "dvar": 165.745895386, "min": 3.35350847244, "median": 45.9309463501, "max": 187.925827026}, "erbbands_kurtosis": {"dmean": 0.948732554913, "dvar2": 8.89380931854, "mean": 0.498597681522, "var": 6.65374994278, "dmean2": 1.46552693844, "dvar": 3.28345751762, "min": -1.80186784267, "median": -0.254066228867, "max": 58.7143058777}, "dynamic_complexity": 5.58756828308, "erbbands_crest": {"dmean": 2.75353050232, "dvar2": 16.9931793213, "mean": 9.60231399536, "var": 26.8438987732, "dmean2": 4.32989358902, "dvar": 7.43706035614, "min": 2.25008511543, "median": 8.17175674438, "max": 31.1677341461}, "erbbands": {"dmean": [0.183925718069, 1.94686853886, 5.23931312561, 7.85054349899, 6.82177066803, 11.788687706, 12.4216222763, 15.64590168, 15.6438322067, 18.3830013275, 25.7753314972, 11.9275798798, 18.0876941681, 20.3379268646, 26.5228614807, 15.9566106796, 10.082072258, 10.8907613754, 11.6257305145, 8.78325843811, 7.46282720566, 6.1828546524, 6.34227657318, 6.13710975647, 6.73947525024, 6.08473920822, 7.12997198105, 6.80781412125, 7.58236122131, 6.76312923431, 5.14790868759, 3.73638534546, 1.6717351675, 1.35380494595, 0.998570919037, 1.05370342731, 0.342931121588, 0.127930477262, 0.0172342490405, 0.000501663307659], "dvar2": [0.42713406682, 52.6137237549, 360.295654297, 758.959716797, 588.562988281, 1411.65429688, 1545.1048584, 5737.20947266, 7530.81445312, 3671.13525391, 10901.4003906, 1792.70324707, 4093.42578125, 8524.79101562, 6222.45361328, 4857.58349609, 666.280822754, 1187.1673584, 965.923461914, 812.184448242, 847.127746582, 299.648986816, 711.607666016, 787.883117676, 1137.56982422, 472.827392578, 897.800720215, 682.928894043, 1115.85253906, 932.625305176, 442.015686035, 353.470703125, 62.9553184509, 49.1552886963, 17.4837703705, 38.8863792419, 1.52926146984, 0.233342498541, 0.00382219743915, 2.80333892988e-06], "mean": [0.239650532603, 3.01337885857, 8.96682834625, 12.7784566879, 9.40613079071, 17.0460853577, 20.6859512329, 18.1352519989, 18.4982776642, 31.5359039307, 40.8793106079, 20.7893104553, 30.4045295715, 32.8007583618, 47.9676933289, 22.1275787354, 16.6231994629, 19.9021205902, 20.558391571, 14.6121778488, 11.6813001633, 10.3021459579, 9.37856864929, 8.06798458099, 8.6460723877, 8.38956451416, 7.76254940033, 7.56757450104, 7.92109870911, 6.88460016251, 6.91754102707, 5.64208745956, 2.70221066475, 1.94497811794, 1.27373230457, 1.19607794285, 0.341340571642, 0.116731375456, 0.0163482092321, 0.000520940986462], "var": [0.171809986234, 20.4051761627, 141.315917969, 291.732299805, 214.330734253, 664.329101562, 1466.98632812, 1587.05578613, 2315.02514648, 3931.8894043, 9550.58398438, 2688.25146484, 7316.80566406, 8210.984375, 11070.6435547, 2414.51171875, 597.860412598, 1275.44458008, 776.777893066, 354.288421631, 332.517272949, 171.569763184, 241.082580566, 242.44178772, 343.977630615, 170.579956055, 235.049514771, 221.525436401, 316.737731934, 265.542602539, 284.513580322, 378.999023438, 112.494789124, 37.3495826721, 10.0451450348, 19.7683849335, 0.745386362076, 0.0996698513627, 0.00180690386333, 1.46516197219e-06], "dmean2": [0.31731942296, 3.22710227966, 8.90596961975, 13.1440572739, 11.5179433823, 19.4365673065, 20.0056934357, 27.6292610168, 27.6042194366, 28.5188293457, 40.1402397156, 18.2571392059, 27.3005027771, 31.3764095306, 40.3013572693, 26.0160217285, 15.99792099, 17.1596450806, 18.8623065948, 14.4111366272, 12.140712738, 10.3454761505, 10.6623973846, 10.413564682, 11.2659864426, 10.2783269882, 12.4911870956, 11.4410953522, 12.8803510666, 11.3407993317, 7.98399972916, 5.41622018814, 2.27610898018, 1.91794300079, 1.47522652149, 1.57066333294, 0.514455020428, 0.195295736194, 0.0255131423473, 0.000731448584702], "dvar": [0.161722302437, 20.3014221191, 131.582611084, 277.160369873, 216.900024414, 542.780944824, 628.325561523, 2022.88952637, 2655.76074219, 1548.90917969, 4576.80908203, 913.547424316, 2153.19824219, 3638.81298828, 3018.7019043, 1970.8260498, 304.982147217, 489.251403809, 384.643371582, 307.409057617, 324.131072998, 112.689529419, 257.741027832, 287.465484619, 418.468170166, 178.177246094, 324.58694458, 254.843093872, 408.258392334, 342.943634033, 189.497558594, 171.239089966, 36.1844940186, 21.706609726, 7.41892766953, 16.8639678955, 0.668602466583, 0.0991612151265, 0.00167411228176, 1.26287602598e-06], "min": [4.28838369107e-22, 2.52450817554e-21, 8.00820450538e-21, 1.26885240816e-20, 1.47318850843e-19, 1.54881633937e-19, 1.11715174896e-19, 1.71138628105e-19, 3.98697307088e-19, 6.21546717597e-19, 6.51974091141e-19, 6.6886382678e-19, 9.34372776785e-19, 9.21775229646e-19, 1.82970593738e-18, 2.58218635035e-18, 2.64317230897e-18, 4.09138916528e-18, 4.70550294129e-18, 9.05362580765e-18, 6.28988716812e-18, 6.70218128237e-18, 8.19997624268e-18, 1.09956837585e-17, 1.13210461535e-17, 1.43835359605e-17, 1.6160048601e-17, 1.88352301114e-17, 2.27223420613e-17, 1.70094886439e-17, 2.09704413527e-17, 1.61766683139e-17, 1.14954935816e-17, 9.25473822998e-18, 8.2063322985e-18, 5.02901906913e-18, 3.00081728849e-18, 1.13978105823e-18, 2.97642590357e-19, 3.49555379314e-20], "median": [0.108349166811, 1.82982611656, 5.41234970093, 7.4144153595, 4.35347080231, 7.62050533295, 6.85853338242, 6.48733234406, 5.73038768768, 7.61985492706, 7.40691995621, 6.33406972885, 6.71554803848, 7.63524723053, 13.1018543243, 7.15750694275, 8.76379203796, 8.19939041138, 12.068151474, 8.97752571106, 6.78150177002, 6.06934928894, 5.2387638092, 4.2780790329, 3.89087200165, 4.43122386932, 3.19667196274, 2.24852967262, 1.83624505997, 1.31326007843, 1.22529840469, 1.01057255268, 0.575391590595, 0.420251190662, 0.207641646266, 0.0811434239149, 0.0212440062314, 0.00523298233747, 0.000666338484734, 6.0826248955e-05], "max": [3.59987807274, 44.9275741577, 110.50138092, 216.512664795, 186.040908813, 392.108276367, 496.415618896, 617.629150391, 598.014709473, 546.966125488, 1419.93310547, 823.504333496, 1430.41833496, 1130.96679688, 1272.7401123, 902.149353027, 369.669433594, 526.171142578, 337.580627441, 249.713989258, 329.035095215, 235.085906982, 470.517944336, 284.390563965, 357.744903564, 255.431091309, 190.471343994, 148.567565918, 240.526504517, 208.377822876, 244.893417358, 497.831939697, 223.927032471, 197.191574097, 104.373207092, 70.0523223877, 9.78169727325, 3.49631214142, 0.520583212376, 0.0128897828981]}, "silence_rate_30dB": {"dmean": 0.0704515203834, "dvar2": 0.150120154023, "mean": 0.943476140499, "var": 0.0533317960799, "dmean2": 0.140920102596, "dvar": 0.0654898583889, "min": 0, "median": 1, "max": 1}, "silence_rate_60dB": {"dmean": 0.0108945649117, "dvar2": 0.0227679070085, "mean": 0.0957395285368, "var": 0.0865769013762, "dmean2": 0.021791767329, "dvar": 0.0107758557424, "min": 0, "median": 0, "max": 1}, "spectral_energyband_middle_low": {"dmean": 0.00772365136072, "dvar2": 0.000581975909881, "mean": 0.0148123120889, "var": 0.000240943671088, "dmean2": 0.0127874379978, "dvar": 0.000216394211748, "min": 2.34105972061e-22, "median": 0.0107555100694, "max": 0.152194306254}, "spectral_spread": {"dmean": 803176.0625, "dvar2": 1867899076610.0, "mean": 5809444.5, "var": 4102747586560.0, "dmean2": 1013529.375, "dvar": 1117615423490.0, "min": 1891560.625, "median": 5264495.5, "max": 48140600}, "barkbands": {"dmean": [0.000365551561117, 0.00771378306672, 0.00498860003427, 0.00242919404991, 0.00296646612696, 0.00174022093415, 0.000980478711426, 0.00130650179926, 0.000452908017905, 0.000760619179346, 0.000529711018316, 0.000477997964481, 0.000226167612709, 0.000215896463487, 0.000210558777326, 0.000168030994246, 0.000124114696519, 0.00011533851648, 0.000125134960399, 0.000132380853756, 0.000172046537045, 0.000207911070902, 0.000208662357181, 0.000114775190013, 0.000123068457469, 0.000221704875003, 9.52186965151e-05], "dvar2": [2.01045122594e-06, 0.000787589815445, 0.000319337734254, 7.85838492448e-05, 7.52011474106e-05, 5.48912466911e-05, 2.34703275055e-05, 2.0600431526e-05, 2.85223541141e-06, 7.41014855521e-06, 2.95869017464e-06, 4.90017646371e-06, 3.74277391302e-07, 4.97598705351e-07, 2.66406203764e-07, 4.40014048309e-07, 1.09563067952e-07, 2.57563300465e-07, 4.15679068055e-07, 2.54705241787e-07, 4.78349647892e-07, 8.77316438164e-07, 7.08498191671e-07, 3.09682377519e-07, 3.29686599798e-07, 8.