{"tonal": {"chords_number_rate": 0.00217100861482, "thpcp": [1, 0.646546542645, 0.294576257467, 0.246105417609, 0.264226734638, 0.441581785679, 0.609436392784, 0.437372028828, 0.217971637845, 0.200852572918, 0.242433518171, 0.442462950945, 0.62489926815, 0.472732931376, 0.369406461716, 0.405393213034, 0.281905293465, 0.213025838137, 0.248681783676, 0.289908498526, 0.508742213249, 0.751582443714, 0.572153508663, 0.268207401037, 0.188679069281, 0.235532894731, 0.445333808661, 0.628598570824, 0.512682914734, 0.33285471797, 0.26672449708, 0.205560520291, 0.222064718604, 0.28393548727, 0.344128906727, 0.71179664135], "hpcp": {"dvar": [0.0440732501447, 0.0374264419079, 0.0257197488099, 0.0265952385962, 0.0312527641654, 0.0353243388236, 0.0378614962101, 0.0401006303728, 0.0346513576806, 0.0314824767411, 0.0243937112391, 0.021780082956, 0.0298575386405, 0.0338223800063, 0.0350555330515, 0.0400361530483, 0.0396668761969, 0.027251014486, 0.0201327726245, 0.0258016008884, 0.0327230393887, 0.0364002995193, 0.0351972617209, 0.0316707715392, 0.0297172684222, 0.0242432896048, 0.0235854499042, 0.0282906927168, 0.0330695621669, 0.0407414585352, 0.0501744933426, 0.0379774719477, 0.0338749848306, 0.0308223441243, 0.0403657704592, 0.0426167622209], "mean": [0.205532357097, 0.14750367403, 0.073510915041, 0.0677375122905, 0.0817606821656, 0.149220585823, 0.210747212172, 0.159429132938, 0.1245822981, 0.136718824506, 0.09507253021, 0.0718429461122, 0.0838679075241, 0.09777161479, 0.171573266387, 0.253471106291, 0.192958712578, 0.0904529169202, 0.0636319965124, 0.0794334486127, 0.150188788772, 0.211994811893, 0.17290225625, 0.112255223095, 0.0899528115988, 0.0693252682686, 0.0748913064599, 0.0957572162151, 0.116057440639, 0.240053355694, 0.337249904871, 0.218047767878, 0.099345818162, 0.0829990282655, 0.0891104415059, 0.148923411965], "min": [0, 0, 0, 0, 0, 0, 0, 0, 0, 0, 0, 0, 0, 0, 0, 0, 0, 0, 0, 0, 0, 0, 0, 0, 0, 0, 0, 0, 0, 0.000124354904983, 0.000102380799945, 0, 0, 0, 0, 0], "median": [0.0592714846134, 0.0459153428674, 0.021722573787, 0.0163699947298, 0.0178202353418, 0.0533987134695, 0.0822033658624, 0.0580970570445, 0.0261259265244, 0.019359331578, 0.0176907330751, 0.0171619430184, 0.0197956711054, 0.0249435640872, 0.0631495565176, 0.0894805341959, 0.0645047947764, 0.0287029407918, 0.0149367609993, 0.0156188495457, 0.0381241068244, 0.0602245144546, 0.0481778234243, 0.0295092966408, 0.0170103162527, 0.011865882203, 0.0163571015, 0.0230452027172, 0.0306476429105, 0.103159159422, 0.151153489947, 0.0976235121489, 0.0282385461032, 0.0188028141856, 0.0183941014111, 0.0388934090734], "dvar2": [0.0983079299331, 0.0969491153955, 0.0722512751818, 0.072559684515, 0.0866599977016, 0.0968342646956, 0.0876219943166, 0.10305929929, 0.0949938371778, 0.0761928260326, 0.0661825090647, 0.0577835440636, 0.0780183300376, 0.0899993777275, 0.0940797999501, 0.0970007479191, 0.101189978421, 0.0716274604201, 0.0535579174757, 0.0691735073924, 0.0819417014718, 0.0895112007856, 0.0873743966222, 0.0828445851803, 0.0758178308606, 0.0640897676349, 0.0621977448463, 0.074399843812, 0.0882563367486, 0.104758121073, 0.117225408554, 0.0984526947141, 0.0910446122289, 0.0837704017758, 0.110697798431, 0.11519574374], "var": [0.0923896208405, 0.0525004528463, 0.0223691239953, 0.0232011321932, 0.0304100140929, 0.0525284744799, 0.08184132725, 0.0559691004455, 0.0473377220333, 0.071339815855, 0.0334507599473, 0.0222648140043, 0.0301180481911, 0.0346988216043, 0.0579996854067, 0.104854598641, 0.071103900671, 0.0271803345531, 0.0188583899289, 0.0263445824385, 0.0583815015852, 0.0909498333931, 0.0669896006584, 0.0380459986627, 0.0377388373017, 0.0258150380105, 0.0285541769117, 0.0367190912366, 0.041950520128, 0.0787074267864, 0.136275857687, 0.0668526813388, 0.0328094549477, 0.0276606492698, 0.0345281548798, 0.0559910237789], "dmean2": [0.214050918818, 0.195496618748, 0.137728467584, 0.130066901445, 0.150510162115, 0.1898034513, 0.206264972687, 0.213470473886, 0.182559087873, 0.146466299891, 0.135432481766, 0.123247250915, 0.145847037435, 0.168536841869, 0.205350145698, 0.219451770186, 0.222885847092, 0.157739266753, 0.119322948158, 0.142842963338, 0.185132682323, 0.203797832131, 0.202710539103, 0.183401405811, 0.148035302758, 0.126722857356, 0.12701715529, 0.149274706841, 0.188351169229, 0.258138120174, 0.26704081893, 0.243270590901, 0.184374585748, 0.162235364318, 0.183100312948, 0.214339539409], "max": [1, 1, 1, 1, 1, 1, 1, 1, 1, 1, 1, 1, 1, 1, 1, 1, 1, 1, 1, 1, 1, 1, 1, 1, 1, 1, 1, 1, 1, 1, 1, 1, 1, 1, 1, 1], "dmean": [0.125871390104, 0.11404542625, 0.0774661153555, 0.0730899572372, 0.084562279284, 0.110626123846, 0.125093266368, 0.124385848641, 0.104247242212, 0.0847888812423, 0.078740619123, 0.0705851465464, 0.0833581462502, 0.0963347032666, 0.121412135661, 0.132272914052, 0.131868124008, 0.0911234393716, 0.0674937739968, 0.0808795318007, 0.109014749527, 0.121454432607, 0.120029240847, 0.105689533055, 0.0846779569983, 0.07129252702, 0.0715236216784, 0.0852551832795, 0.107603050768, 0.151598259807, 0.157779574394, 0.143351435661, 0.103335894644, 0.0907903835177, 0.101569011807, 0.122065335512]}, "key_strength": 0.835577845573, "chords_strength": {"dvar": 8.2137521531e-05, "mean": 0.546965837479, "min": 0.243660211563, "median": 0.54807305336, "dvar2": 8.33481972222e-05, "var": 0.0106342528015, "dmean2": 0.00959235988557, "max": 0.808404326439, "dmean": 0.0103808548301}, "tuning_equal_tempered_deviation": 0.039664324373, "chords_key": "G", "tuning_frequency": 440.254241943, "chords_scale": "major", "chords_changes_rate": 0.0529392100871, "key_scale": "major", "tuning_diatonic_strength": 0.68570381403, "hpcp_entropy": {"dvar": 0.30923473835, "mean": 2.03656291962, "min": 0.0390771180391, "median": 2.03686571121, "dvar2": 0.78207975626, "var": 0.698855638504, "dmean2": 1.05733752251, "max": 4.58263874054, "dmean": 0.639637887478}, "chords_histogram": [41.2658653259, 1.82030725479, 2.50501012802, 0.0668002665043, 4.6760187149, 0.634602546692, 4.90981960297, 0.985303938389, 0, 0.100200399756, 0.85170340538, 0, 0, 0, 0.634602546692, 1.73680698872, 0.0334001332521, 2.10420846939, 1.1857047081, 2.28790926933, 1.97060787678, 8.23313331604, 6.31262540817, 17.6853713989], "tuning_nontempered_energy_ratio": 0.70928221941, "key_key": "G"}, "metadata": {"version": {"extractor": "music 1.0", "essentia_build_sha": "c0e182ba78c2de26e491b7b7a4a2c98c1ed34208", "essentia": "2.1-beta2", "essentia_git_sha": "v2.1_beta2-2-gbb40004"}, "audio_properties": {"sample_rate": 44100, "length": 278.013336182, "lossless": true, "analysis_sample_rate": 44100, "downmix": "mix", "bit_rate": 0, "equal_loudness": 0, "md5_encoded": "638b0cbfb414f3eb39005e2647c12da1", "codec": "flac", "replay_gain": -13.3801498413}, "tags": {"musicbrainz_albumid": ["c15cb71b-d5f8-4064-81a7-d1e03042ffe0"], "artist": ["The Boo Radleys"], "date": ["1996-00-00"], "musicbrainz_artistid": ["1b5189d8-28fd-4c97-a04a-37c49b1ccfa6"], "file_name": "05-Everything_Is_Sorrow.flac", "musicbrainz_recordingid": ["4a8f5da4-465c-492c-bdd5-c386f2af5227"], "tracknumber": ["5"], "album": ["C'mon Kids"], "title": ["Everything Is Sorrow"]}}, "lowlevel": {"melbands": {"dvar": [1.40882491451e-06, 5.23419657839e-06, 1.05411220375e-06, 3.81799509341e-07, 1.27618719148e-07, 1.35836472737e-07, 8.34608826494e-08, 4.3274990702e-08, 1.594232657e-08, 2.12906385855e-08, 3.23772084698e-08, 7.46522221817e-09, 2.02858032594e-08, 1.37337972106e-08, 9.35206312391e-09, 5.17376408382e-09, 7.73965336265e-09, 5.02542185643e-09, 1.70420610957e-09, 4.32238111969e-09, 2.24653740055e-09, 1.27289234708e-09, 8.90062523684e-10, 2.45654108166e-10, 9.46419387304e-10, 2.94789415101e-10, 1.23188056977e-10, 9.60258816907e-11, 3.3949610484e-11, 2.13517224734e-11, 4.6125558234e-11, 1.67402151169e-11, 7.12357646829e-12, 1.07114785791e-11, 2.05866192149e-11, 1.16613298878e-11, 3.43929095273e-12, 1.83154099526e-12, 6.50241904591e-13, 4.31410603855e-13], "mean": [0.000530465214979, 0.0019628428854, 0.00141959264874, 0.000576247926801, 0.000322861335007, 0.000278228486422, 0.000176878937054, 0.000112697234727, 9.48871602304e-05, 7.30648898752e-05, 6.36999320704e-05, 4.80801681988e-05, 7.72847124608e-05, 5.96750214754e-05, 4.73102481919e-05, 3.43786232406e-05, 5.17833141203e-05, 3.50093650923e-05, 3.01292511722e-05, 3.66478598153e-05, 4.6619643399e-05, 3.38193785865e-05, 2.81935645035e-05, 1.98008565349e-05, 3.06364927383e-05, 2.30797977565e-05, 1.60276413226e-05, 1.32854993353e-05, 7.34891227694e-06, 5.90139688939e-06, 8.94413005881e-06, 5.26824123881e-06, 2.58567501987e-06, 2.19982939598e-06, 2.25994131142e-06, 1.98886300495e-06, 1.21319487789e-06, 7.15136025065e-07, 4.858273428e-07, 3.40996734849e-07], "min": [2.02443286744e-13, 1.99176612703e-13, 1.92767419323e-13, 1.83345526261e-13, 1.69951902486e-13, 1.5382412412e-13, 1.3418372045e-13, 1.11944247004e-13, 8.86054061068e-14, 6.47660568297e-14, 4.27182635511e-14, 2.43391647846e-14, 1.08917451e-14, 3.3851260926e-15, 1.54264139101e-15, 3.75647677162e-15, 7.44706454435e-15, 9.88187345673e-15, 9.32955800017e-15, 6.13823346942e-15, 2.4774036582e-15, 8.04231313638e-16, 1.65428626269e-15, 3.06310915353e-15, 2.80648887546e-15, 1.25752216003e-15, 7.57556674811e-16, 1.56273618889e-15, 1.39712695402e-15, 3.60128365973e-16, 7.04254532566e-16, 1.07757816308e-15, 2.73631028995e-16, 5.28642897381e-16, 4.96782441284e-16, 5.93353091117e-16, 1.26163418735e-15, 3.3105139249e-16, 1.35309728145e-16, 1.12505986549e-16], "median": [0.000198855806957, 0.00112672988325, 0.00103297457099, 0.000357336743036, 0.000140260730404, 0.000106812061858, 6.12017611274e-05, 3.70483321603e-05, 2.94726705761e-05, 1.9813025574e-05, 1.55952657224e-05, 1.54089775606e-05, 1.98012294277e-05, 9.74431441136e-06, 1.2070541743e-05, 7.75233911554e-06, 1.52409857037e-05, 1.24280823002e-05, 1.137059553e-05, 1.09429302029e-05, 1.0841031326e-05, 1.05464951048e-05, 1.01832347355e-05, 8.59323063196e-06, 7.07029630576e-06, 6.18351123194e-06, 5.91237585468e-06, 4.87749548483e-06, 3.02187822854e-06, 2.58890736404e-06, 2.20893184633e-06, 1.61811499311e-06, 1.18164780361e-06, 8.65658307703e-07, 7.10895562861e-07, 7.69207190388e-07, 4.70455944424e-07, 2.550961824e-07, 1.78117005589e-07, 9.61374766462e-08], "dvar2": [3.60383592124e-06, 1.45430358316e-05, 2.90832986138e-06, 1.06901165964e-06, 3.04254626826e-07, 3.40220395856e-07, 1.99699499603e-07, 1.05320054899e-07, 3.87611791552e-08, 4.81632866922e-08, 8.04489346251e-08, 1.89553173158e-08, 4.77817749811e-08, 3.38820811407e-08, 2.22724008125e-08, 1.20748664401e-08, 1.70307234981e-08, 1.25211139235e-08, 3.88208531987e-09, 9.92451720805e-09, 5.18645615344e-09, 2.97360580603e-09, 2.0276114121e-09, 6.02877303635e-10, 2.20941620555e-09, 7.29815430311e-10, 3.17685266982e-10, 2.30406957402e-10, 7.98441313066e-11, 5.03644695393e-11, 1.13017477321e-10, 3.80364247043e-11, 1.56102995114e-11, 2.16075022458e-11, 4.89991415498e-11, 2.52757380997e-11, 7.25431910722e-12, 3.98039370561e-12, 1.37979081286e-12, 9.77380719761e-13], "var": [1.28233477881e-06, 6.38818892185e-06, 2.25349663197e-06, 5.13859220064e-07, 3.15174020216e-07, 2.93665891604e-07, 1.62917629609e-07, 1.12330532431e-07, 3.76071547237e-08, 3.71834971702e-08, 4.12731928634e-08, 1.59842237224e-08, 4.95235212838e-08, 3.57308955756e-08, 2.0263678735e-08, 9.38106214932e-09, 2.05733510228e-08, 7.68253727301e-09, 4.62730387341e-09, 7.57239515536e-09, 9.7549319733e-09, 4.18214307629e-09, 3.03386227252e-09, 8.10762013082e-10, 3.8262384372e-09, 1.44324163731e-09, 5.13405984393e-10, 4.10680822682e-10, 1.09946725335e-10, 6.56323675963e-11, 2.13705886321e-10, 8.16711628882e-11, 1.69684075818e-11, 2.50792928091e-11, 3.76239664424e-11, 2.29984434275e-11, 8.49922909829e-12, 4.07042802242e-12, 1.37878261326e-12, 6.62655260525e-13], "dmean2": [0.000655150623061, 0.00185876328032, 0.00116544985212, 0.000602470128797, 0.00026727054501, 0.000255898892647, 0.000152877124492, 9.77741874522e-05, 8.35131140775e-05, 7.09673840902e-05, 6.71833622619e-05, 4.28851963079e-05, 6.58788485453e-05, 5.10801437485e-05, 4.12897607021e-05, 3.17689627991e-05, 4.22999328293e-05, 3.04800541926e-05, 2.38632328546e-05, 3.09483184537e-05, 3.23862805089e-05, 2.46661802521e-05, 2.19452394958e-05, 1.42418848554e-05, 2.14215342567e-05, 1.39805097206e-05, 1.02722060547e-05, 8.85576901055e-06, 4.97841392644e-06, 3.95660208596e-06, 5.58205056223e-06, 3.13180930789e-06, 1.92769675778e-06, 1.74809360942e-06, 1.76807168373e-06, 1.53132521064e-06, 9.44247290136e-07, 6.00353700975e-07, 4.33852022752e-07, 3.39882916478e-07], "max": [0.0144758448005, 0.0315205901861, 0.0180211663246, 0.00756276445463, 0.00970313884318, 0.0122676687315, 0.00869085919112, 0.00753335701302, 0.00410051690415, 0.00632813246921, 0.00656927935779, 0.00356035958976, 0.00424685375765, 0.00370854721405, 0.00373888318427, 0.00192951713689, 0.00310223642737, 0.00335747143254, 0.00147433870006, 0.00237534055486, 0.00141768762842, 0.000973192974925, 0.00158802932128, 0.000497141911183, 0.00102907256223, 0.000435847789049, 0.000230883437325, 0.000376747309929, 0.000150558014866, 0.000104872407974, 0.000201831149752, 0.000103647587821, 7.57249072194e-05, 0.000145633661305, 0.000217910419451, 0.00014473326155, 5.20235662407e-05, 4.79098780488e-05, 2.98686827591e-05, 1.9071456336e-05], "dmean": [0.000399205920985, 0.00109850196168, 0.000708126462996, 0.000355984870112, 0.000169391845702, 0.000164089811733, 9.9261313153e-05, 6.26189430477e-05, 5.32282720087e-05, 4.49609506177e-05, 4.20873220719e-05, 2.71651078947e-05, 4.33044078818e-05, 3.2596046367e-05, 2.62323701463e-05, 2.02401806746e-05, 2.72412435152e-05, 1.9583001631e-05, 1.52194525072e-05, 1.97306799237e-05, 2.05120686587e-05, 1.5439294657e-05, 1.37095757964e-05, 8.71971587912e-06, 1.33007688419e-05, 8.75687783264e-06, 6.38267920294e-06, 5.53176096219e-06, 3.18341335515e-06, 2.57814895122e-06, 3.54532221536e-06, 2.04174830287e-06, 1.29411887428e-06, 1.19848982649e-06, 1.21548634979e-06, 1.05807896489e-06, 6.42056363631e-07, 4.02098436325e-07, 2.92759636977e-07, 2.30519120237e-07]}, "spectral_decrease": {"dvar": 5.78493434959e-18, "mean": -5.30927923847e-09, "min": -3.07104777164e-08, "median": -5.05318054067e-09, "dvar2": 1.48754652339e-17, "var": 1.44665518068e-17, "dmean2": 2.63540944623e-09, "max": 5.12551092835e-18, "dmean": 1.6281365145e-09}, "spectral_rolloff": {"dvar": 678521.375, "mean": 1801.49279785, "min": 107.666015625, "median": 1442.72460938, "dvar2": 1404122.875, "var": 2347944.75, "dmean2": 777.827453613, "max": 19207.6171875, "dmean": 473.510986328}, "melbands_crest": {"dvar": 8.69007015228, "mean": 15.2383966446, "min": 2.77512359619, "median": 14.562743187, "dvar2": 23.2370262146, "var": 31.2044773102, "dmean2": 5.2388510704, "max": 32.2529220581, "dmean": 3.17441391945}, "barkbands_skewness": {"dvar": 0.401761651039, "mean": 1.61714184284, "min": -6.070540905, "median": 1.31161010265, "dvar2": 0.873676478863, "var": 3.02597570419, "dmean2": 0.841151058674, "max": 11.6449508667, "dmean": 0.554959058762}, "spectral_centroid": {"dvar": 85333.65625, "mean": 1591.8671875, "min": 175.578277588, "median": 1462.44689941, "dvar2": 165581.40625, "var": 698078.4375, "dmean2": 375.731018066, "max": 10957.9609375, "dmean": 248.998825073}, "spectral_energyband_middle_low": {"dvar": 2.01310413104e-05, "mean": 0.00853585544974, "min": 3.76126603821e-12, "median": 0.00683535682037, "dvar2": 5.35749022674e-05, "var": 5.40538385394e-05, "dmean2": 0.00526723777875, "max": 0.0649300441146, "dmean": 0.00324131431989}, "erbbands_crest": {"dvar": 5.60500144958, "mean": 8.87856578827, "min": 2.40036582947, "median": 7.55036067963, "dvar2": 13.4817848206, "var": 20.3381023407, "dmean2": 3.64788651466, "max": 33.0102081299, "dmean": 2.29033780098}, "dynamic_complexity": 3.73242950439, "spectral_energyband_low": {"dvar": 7.39499446354e-05, "mean": 0.00882137846202, "min": 1.3984802899e-12, "median": 0.0059524863027, "dvar2": 0.000194812993868, "var": 0.000105407474621, "dmean2": 0.0073926942423, "max": 0.11113832891, "dmean": 0.00451911101118}, "silence_rate_60dB": {"dvar": 0.0182003732771, "mean": 0.134947806597, "min": 0, "median": 0, "dvar2": 0.0410520657897, "var": 0.116722092032, "dmean2": 0.0370834395289, "max": 1, "dmean": 0.0185401700437}, "erbbands_kurtosis": {"dvar": 3.39124965668, "mean": 0.786830663681, "min": -1.8723282814, "median": 0.0416173934937, "dvar2": 8.77653980255, "var": 9.15603733063, "dmean2": 1.49996864796, "max": 62.1228179932, "dmean": 0.959620296955}, "spectral_complexity": {"dvar": 13.8986492157, "mean": 18.9524002075, "min": 0, "median": 17, "dvar2": 25.2554779053, "var": 171.112091064, "dmean2": 4.74350643158, "max": 58, "dmean": 3.13963580132}, "barkbands_crest": {"dvar": 4.54006576538, "mean": 9.47237682343, "min": 2.24015974998, "median": 8.71624279022, "dvar2": 12.1767034531, "var": 14.8507804871, "dmean2": 3.74580788612, "max": 25.5181369781, "dmean": 2.28043651581}, "spectral_energy": {"dvar": 8.52396406117e-05, "mean": 0.0218466538936, "min": 6.16153742611e-12, "median": 0.02106240578, "dvar2": 0.000217788212467, "var": 0.000233745915466, "dmean2": 0.0102448593825, "max": 0.117739543319, "dmean": 0.00636251550168}, "spectral_spread": {"dvar": 389507514368, "mean": 4430354.5, "min": 1126533, "median": 4184233.75, "dvar2": 615333822464, "var": 2036963082240.0, "dmean2": 623813.625, "max": 39599076, "dmean": 459692.84375}, "spectral_contrast_valleys": {"dvar": [0.153542906046, 0.0946015268564, 0.0863680765033, 0.0818545371294, 0.085538841784, 0.11715465039], "mean": [-7.59879302979, -7.19215250015, -7.82689714432, -7.97170877457, -7.48231744766, -10.3148040771], "min": [-27.7779216766, -27.6679496765, -27.1183776855, -27.3012905121, -27.4058990479, -27.2092895508], "median": [-7.3302564621, -7.01933670044, -7.64215517044, -7.69882535934, -7.31021785736, -10.1085662842], "dvar2": [0.334333091974, 0.193125039339, 0.158901825547, 0.14298248291, 0.129033267498, 0.171776354313], "var": [1.27494490147, 0.804151773453, 0.909069001675, 0.968115627766, 1.32966887951, 1.19623863697], "dmean2": [0.683927297592, 0.520049870014, 0.473676651716, 0.411231994629, 0.33066701889, 0.360158473253], "max": [-5.22300386429, -4.98826026917, -5.03884887695, -6.06751966476, -5.54257440567, -7.7417216301], "dmean": [0.425242185593, 0.323367118835, 0.300580888987, 0.261761635542, 0.230563268065, 0.295858263969]}, "spectral_rms": {"dvar": 5.62963407447e-07, "mean": 0.00424358434975, "min": 7.75322916979e-08, "median": 0.00453306594864, "dvar2": 1.34956508191e-06, "var": 3.30578086505e-06, "dmean2": 0.000969162443653, "max": 0.0107176415622, "dmean": 0.000618135964032}, "barkbands_spread": {"dvar": 48.628616333, "mean": 26.6036300659, "min": 0.806048691273, "median": 23.5128154755, "dvar2": 103.676773071, "var": 260.022216797, "dmean2": 8.83923816681, "max": 99.7893829346, "dmean": 5.78383874893}, "pitch_salience": {"dvar": 0.00388724636286, "mean": 0.523901641369, "min": 0.0358563140035, "median": 0.529573559761, "dvar2": 0.0102090826258, "var": 0.013205553405, "dmean2": 0.108880482614, "max": 0.928280591965, "dmean": 0.0671128109097}, "erbbands_skewness": {"dvar": 0.126122012734, "mean": -0.14521664381, "min": -5.53171157837, "median": -0.0972314849496, "dvar2": 0.260789215565, "var": 1.02501344681, "dmean2": 0.499450296164, "max": 4.4811000824, "dmean": 0.336573004723}, "spectral_energyband_middle_high": {"dvar": 5.32967533218e-06, "mean": 0.00518711656332, "min": 7.46342983075e-13, "median": 0.00315796420909, "dvar2": 1.19420301417e-05, "var": 3.50864393113e-05, "dmean2": 0.00197950075381, "max": 0.0566401556134, "dmean": 0.00131574855186}, "erbbands": {"dvar": [0.0118811894208, 1.99857032299, 24.4878559113, 39.7991828918, 70.3312911987, 73.0140914917, 143.250610352, 289.249694824, 400.25213623, 518.98840332, 228.512939453, 544.532470703, 1265.45996094, 441.805664062, 1457.21350098, 2403.36572266, 1589.42321777, 1613.15637207, 1167.38513184, 1681.38134766, 1219.3515625, 660.59777832, 469.379699707, 962.811401367, 307.016693115, 151.034576416, 63.7673721313, 81.9413909912, 30.6825046539, 25.0223865509, 50.114982605, 11.7026395798, 2.67755126953, 0.609403312206, 0.245290786028, 0.721601903439, 0.00475677894428, 0.000132269618916, 2.50418179348e-06, 1.50892347506e-08], "mean": [0.0394789800048, 0.765351951122, 4.59176063538, 8.00849056244, 8.63359451294, 7.36052131653, 9.51165962219, 12.0578727722, 11.5365276337, 11.3449163437, 11.4551048279, 12.2339324951, 13.2107095718, 12.9357175827, 20.9858226776, 23.4531154633, 18.8514080048, 25.7842350006, 21.3026294708, 27.417755127, 36.8491897583, 30.8196659088, 25.9456176758, 35.7962303162, 28.0934143066, 20.6562099457, 11.5277090073, 13.5222864151, 8.16233730316, 4.19776248932, 3.84955382347, 2.34905767441, 0.978841245174, 0.452058434486, 0.268099248409, 0.184402987361, 0.0264231264591, 0.00507941050455, 0.00070549082011, 7.62373092584e-05], "min": [2.23096575935e-11, 1.22770529853e-10, 4.08299116739e-10, 9.69791913441e-10, 1.89473414736e-09, 3.21840598616e-09, 4.90549734167e-09, 6.82655620921e-09, 8.73543370972e-09, 1.02716555261e-08, 1.10061941783e-08, 1.05471080758e-08, 8.72634497995e-09, 5.82993475717e-09, 2.75586042875e-09, 8.6404339239e-10, 1.28496757679e-09, 3.79981468512e-09, 6.22320683874e-09, 5.81962877888e-09, 2.72482214569e-09, 1.00750563448e-09, 2.75181477605e-09, 3.36657390854e-09, 1.38804912009e-09, 2.06877248665e-09, 1.72738789939e-09, 9.88910731081e-10, 1.49490786416e-09, 7.37580163612e-10, 8.191207157e-10, 1.74168957034e-09, 4.30825347619e-10, 1.55935847568e-10, 2.11518330628e-10, 1.46790787858e-10, 1.04169735338e-10, 1.48883943368e-11, 5.39049751017e-12, 5.73231512171e-13], "median": [0.0118038048968, 0.353779554367, 2.38000392914, 5.21690988541, 5.76374912262, 3.96797776222, 3.63135480881, 4.49742984772, 4.05622196198, 3.62442517281, 3.83387637138, 3.46303081512, 3.77579379082, 4.53845262527, 6.03290319443, 4.94281578064, 4.54886054993, 8.6874704361, 8.83508396149, 9.39719295502, 9.50787067413, 10.9035892487, 10.8558673859, 9.73688793182, 8.87358856201, 8.11333560944, 5.21545934677, 4.01818227768, 2.84853696823, 1.95913541317, 1.34059667587, 0.953766942024, 0.37420296669, 0.146556720138, 0.0701381266117, 0.0301308948547, 0.00486464751884, 0.00100177375134, 0.000157117377967, 4.27168197348e-05], "dvar2": [0.0284672603011, 5.54429674149, 67.9550018311, 109.378257751, 197.958404541, 191.73866272, 341.898406982, 732.724853516, 961.866455078, 1264.65100098, 565.311462402, 1240.05065918, 3137.66210938, 1111.48022461, 3367.45239258, 6000.08300781, 3654.69970703, 3542.01245117, 2894.47753906, 3847.93481445, 2854.55712891, 1582.8203125, 1112.69372559, 2248.56079102, 770.947875977, 362.168792725, 142.421432495, 196.901031494, 67.5243759155, 49.003490448, 115.474914551, 23.9814529419, 5.52238607407, 1.31273126602, 0.524266660213, 1.61528968811, 0.0108166793361, 0.000313417549478, 5.89814590057e-06, 3.59096077318e-08], "var": [0.011208483018, 1.71555435658, 35.0168876648, 88.7675704956, 95.5701370239, 130.625152588, 342.543640137, 600.823364258, 720.799682617, 1335.82800293, 545.448486328, 1008.69396973, 1636.1920166, 1011.04559326, 3333.66992188, 6043.25146484, 3306.19165039, 4306.88623047, 1984.59155273, 3814.30102539, 5237.28955078, 2612.796875, 1658.24304199, 4373.0546875, 1678.60546875, 840.782653809, 240.097457886, 403.992858887, 154.381729126, 63.5507659912, 95.998298645, 28.942155838, 6.50951910019, 1.10208809376, 0.398168683052, 0.80314207077, 0.00609255349264, 0.000173905224074, 3.4659949506e-06, 2.00780476689e-08], "dmean2": [0.0537448115647, 0.888798296452, 4.30104637146, 6.8197350502, 8.93603897095, 7.29771614075, 8.10815525055, 11.3736143112, 10.0632038116, 9.74390602112, 9.88418102264, 11.4187269211, 13.4741439819, 10.818022728, 17.119228363, 19.5995750427, 15.9052658081, 20.2354984283, 16.8462276459, 21.5370426178, 24.297460556, 19.6321563721, 16.7986278534, 22.5159912109, 15.3628387451, 11.6939563751, 6.62874221802, 7.71986341476, 4.34081029892, 2.92531609535, 2.79825234413, 1.66655611992, 0.761615633965, 0.410853296518, 0.2592048347, 0.234000355005, 0.0306867063046, 0.00581924105063, 0.000801879505161, 6.2652710767e-05], "max": [1.20305347443, 19.390045166, 73.5513916016, 101.180931091, 122.126052856, 165.692474365, 290.557830811, 596.284851074, 621.246948242, 848.981567383, 441.108093262, 1125.5637207, 1360.22485352, 860.309936523, 1148.5657959, 2059.54980469, 1426.83630371, 1495.45837402, 1542.07189941, 1041.60290527, 1244.59741211, 668.588256836, 930.941589355, 997.379150391, 380.195892334, 401.489593506, 196.507797241, 236.044616699, 126.346847534, 193.503768921, 343.162109375, 119.161140442, 54.2713508606, 25.2780990601, 10.5171909332, 19.9265632629, 1.42553544044, 0.269182413816, 0.0310423504561, 0.0025923489593], "dmean": [0.0337817594409, 0.513240814209, 2.5525803566, 4.16044378281, 5.29968976974, 4.37500238419, 5.12675142288, 7.27243852615, 6.54760980606, 6.25603914261, 6.29603290558, 7.24836778641, 8.45217132568, 6.92470741272, 11.2293834686, 12.3730945587, 10.1593494415, 13.0333471298, 10.8117589951, 13.7532892227, 15.3558320999, 12.3503866196, 10.5444612503, 14.0044813156, 9.65602970123, 7.40147352219, 4.37533903122, 4.98703098297, 2.90689778328, 2.04890727997, 1.9651081562, 1.1665071249, 0.525065600872, 0.283332079649, 0.185052767396, 0.161171987653, 0.0211572889239, 0.00397847453132, 0.000539945438504, 4.20338001277e-05]}, "dissonance": {"dvar": 0.000279502070043, "mean": 0.469435274601, "min": 0, "median": 0.477255105972, "dvar2": 0.00072745437501, "var": 0.000711561471689, "dmean2": 0.0228896643966, "max": 0.499999970198, "dmean": 0.0137313297018}, "erbbands_flatness_db": {"dvar": 0.000228924123803, "mean": 0.150408282876, "min": 0.0468293987215, "median": 0.148202687502, "dvar2": 0.000437637063442, "var": 0.00169620558154, "dmean2": 0.0213440395892, "max": 0.455125749111, "dmean": 0.0156785845757}, "melbands_kurtosis": {"dvar": 371.117462158, "mean": 22.9814147949, "min": -1.92847824097, "median": 7.5876493454, "dvar2": 877.509887695, "var": 3398.49145508, "dmean2": 13.9679489136, "max": 883.466918945, "dmean": 8.8906211853}, "melbands_spread": {"dvar": 136.98034668, "mean": 29.8788337708, "min": 0.510408639908, "median": 22.5225448608, "dvar2": 286.447998047, "var": 642.519714355, "dmean2": 13.0007696152, "max": 250.763946533, "dmean": 8.4189453125}, "melbands_skewness": {"dvar": 0.829840540886, "mean": 3.1493127346, "min": -4.33811616898, "median": 2.57764172554, "dvar2": 1.88099169731, "var": 6.4544878006, "dmean2": 1.18147265911, "max": 22.2416229248, "dmean": 0.772324740887}, "spectral_entropy": {"dvar": 0.0269295200706, "mean": 7.57910346985, "min": 5.34362077713, "median": 7.64781570435, "dvar2": 0.0486872121692, "var": 0.172324359417, "dmean2": 0.205585077405, "max": 9.79284000397, "dmean": 0.148958563805}, "zerocrossingrate": {"dvar": 0.00015610846458, "mean": 0.0660604760051, "min": 0.00048828125, "median": 0.060546875, "dvar2": 0.000165651392308, "var": 0.0013627683511, "dmean2": 0.0117396712303, "max": 0.34619140625, "dmean": 0.0103887608275}, "average_loudness": 0.901315867901, "spectral_contrast_coeffs": {"dvar": [0.00166215887293, 0.00134635809809, 0.00088048010366, 0.000595555175096, 0.000314974662615, 0.000272322271485], "mean": [-0.600606441498, -0.724817752838, -0.763658285141, -0.770266652107, -0.783271074295, -0.737248897552], "min": [-0.996413469315, -0.984037995338, -0.961755990982, -0.962680160999, -0.97204220295, -0.958764731884], "median": [-0.603898346424, -0.730871200562, -0.770534157753, -0.77709043026, -0.789778590202, -0.744787037373], "dvar2": [0.00451280036941, 0.00345068634488, 0.00212523038499, 0.00143676740117, 0.000721417367458, 0.000562734319828], "var": [0.00471065053716, 0.00603489205241, 0.00416171364486, 0.00337489810772, 0.00206934800372, 0.00313984812237], "dmean2": [0.0818222910166, 0.0713056996465, 0.0566485710442, 0.0465943440795, 0.0329626947641, 0.0269656404853], "max": [-0.321580916643, -0.422926515341, -0.467128783464, -0.523277163506, -0.532397031784, -0.568826675415], "dmean": [0.0494701676071, 0.0440436862409, 0.03531973809, 0.0289599001408, 0.0206639990211, 0.0178069565445]}, "barkbands_flatness_db": {"dvar": 0.000397303403588, "mean": 0.131211921573, "min": 0.0229348074645, "median": 0.121338091791, "dvar2": 0.000880151230376, "var": 0.00263278209604, "dmean2": 0.0292425211519, "max": 0.38250759244, "dmean": 0.0198686271906}, "silence_rate_30dB": {"dvar": 0, "mean": 1, "min": 1, "median": 1, "dvar2": 0, "var": 0, "dmean2": 0, "max": 1, "dmean": 0}, "spectral_energyband_high": {"dvar": 4.00613345164e-07, "mean": 0.00100163021125, "min": 2.7546660699e-13, "median": 0.000485081633087, "dvar2": 7.81101789471e-07, "var": 1.66249049016e-06, "dmean2": 0.000470083614346, "max": 0.0155073897913, "dmean": 0.000335698190611}, "melbands_flatness_db": {"dvar": 0.000676852767356, "mean": 0.193088307977, "min": 0.0326127968729, "median": 0.182103410363, "dvar2": 0.00145792076364, "var": 0.00529413670301, "dmean2": 0.0380173847079, "max": 0.512674629688, "dmean": 0.0257625877857}, "barkbands": {"dvar": [7.71849162362e-09, 2.73064579233e-05, 1.98440229724e-05, 6.45137106403e-06, 5.74741443415e-06, 3.24595862367e-06, 2.10341090678e-06, 3.67949780866e-07, 9.41098221574e-07, 9.42088547617e-07, 9.82969254437e-07, 1.06517484255e-06, 6.80937944253e-07, 8.58043165408e-07, 3.27290905489e-07, 6.15899239165e-07, 3.65298376437e-07, 1.74143750087e-07, 2.8044931355e-07, 5.98980562927e-08, 4.05335569553e-08, 2.81004091107e-08, 5.0824748854e-08, 1.33466899754e-08, 3.82324882864e-09, 1.23026175913e-08, 1.11268681768e-10], "mean": [3.13947784889e-05, 0.00262330193073, 0.00456745550036, 0.00264336075634, 0.00243335729465, 0.00151953729801, 0.000797242333647, 0.000441934796982, 0.000506630924065, 0.000382476282539, 0.000536638137419, 0.000484178890474, 0.000371745671146, 0.000529481272679, 0.000438129500253, 0.000550777127501, 0.000615727447439, 0.000470654165838, 0.000689818407409, 0.000416612339905, 0.000298701983411, 0.000214521074668, 0.000134265486849, 7.9546640336e-05, 3.74644550902e-05, 2.69470165222e-05, 4.55635654362e-06], "min": [4.07318303435e-13, 6.05464138027e-13, 3.9538088515e-13, 3.85264384414e-13, 9.01146182414e-13, 7.84839641194e-13, 6.45242973635e-13, 4.97090270422e-13, 4.60436268106e-13, 2.36276140797e-13, 8.9528638138e-14, 2.30866724121e-14, 2.98109925417e-14, 9.11291644901e-14, 1.24804382324e-13, 6.67317289209e-14, 1.50445892452e-14, 5.93269059096e-14, 4.3399647347e-14, 4.30757182311e-14, 2.57639233298e-14, 3.39201187754e-14, 2.95148223895e-14, 5.81940433884e-14, 2.18832029185e-14, 4.34546604429e-14, 3.51978002137e-14], "median": [2.35883749156e-06, 0.00103737134486, 0.0023573897779, 0.00154704437591, 0.00150309852324, 0.000599415332545, 0.000251812918577, 0.000141779935802, 0.000127894178149, 0.000100040299003, 0.000137418188388, 7.82111965236e-05, 7.20366515452e-05, 0.000171133753611, 0.000168550148373, 0.000118877389468, 0.000206271040952, 0.000181008697837, 0.000169108330738, 0.000162929049111, 0.000110596069135, 8.06076495792e-05, 4.82474861201e-05, 3.28184942191e-05, 1.08211588667e-05, 4.62225398223e-06, 9.95554955807e-07], "dvar2": [1.57129367295e-08, 7.2922630352e-05, 5.44504619029e-05, 1.81008435902e-05, 1.57217800734e-05, 8.17403270048e-06, 5.17386251886e-06, 9.01499163319e-07, 2.16155058297e-06, 2.37205176745e-06, 2.29977604249e-06, 2.64992650045e-06, 1.57765589393e-06, 1.995356115e-06, 7.53159554279e-07, 1.41204213833e-06, 8.31513830235e-07, 3.96633851096e-07, 6.48180446206e-07, 1.48037983649e-07, 9.20828782114e-08, 6.0701466964e-08, 1.095533122e-07, 2.6893397731e-08, 8.17796497188e-09, 2.75055231924e-08, 2.64463367872e-10], "var": [1.00901349498e-08, 2.45208429988e-05, 3.29706126649e-05, 1.23321433421e-05, 8.8047254394e-06, 7.25363679521e-06, 4.41514202976e-06, 8.69050325036e-07, 1.70162456925e-06, 1.23022232401e-06, 2.41602401729e-06, 2.67624386652e-06, 1.41635632644e-06, 1.88483886632e-06, 8.26282928301e-07, 1.44032071603e-06, 1.39777966979e-06, 6.08773234489e-07, 1.47923390159e-06, 3.25033028048e-07, 1.73457650021e-07, 1.15159473069e-07, 1.10621492411e-07, 3.5010188526e-08, 6.9050178908e-09, 1.39186742132e-08, 1.50485290895e-10], "dmean2": [4.30984582636e-05, 0.0031142171938, 0.00419313646853, 0.00260096904822, 0.00238558347337, 0.00136234168895, 0.0007125682896, 0.00040122208884, 0.000495452899486, 0.000390633096686, 0.000465639401227, 0.000425591948442, 0.000341481470969, 0.000444922479801, 0.000355945550837, 0.000445309153292, 0.000434696004959, 0.000331488234224, 0.000395313225454, 0.000236200925428, 0.000172443615156, 0.00012856622925, 9.53193302848e-05, 5.75023586862e-05, 3.41740160366e-05, 3.3435451769e-05, 5.18113620274e-06], "max": [0.00101268081926, 0.0708580166101, 0.0702185705304, 0.05072619766, 0.031434379518, 0.0549194738269, 0.0392180122435, 0.0197874698788, 0.0417438223958, 0.0329774022102, 0.0302939154208, 0.0412583425641, 0.0292238947004, 0.0272028334439, 0.0159961599857, 0.0248402692378, 0.0138880508021, 0.0193288139999, 0.0144339092076, 0.00612592464313, 0.00461656413972, 0.00376902660355, 0.0100424094126, 0.00393576174974, 0.00174668699037, 0.00260834838264, 0.000250121287536], "dmean": [2.8797721825e-05, 0.00185170944314, 0.00253292638808, 0.00155625387561, 0.00143117061816, 0.000870494171977, 0.000456279492937, 0.000254921382293, 0.000315943936585, 0.000245171802817, 0.000305228371872, 0.000268989562755, 0.000216877102503, 0.000287021772237, 0.000225702708121, 0.000282866356429, 0.000273221114185, 0.000207095785299, 0.000249570148299, 0.000149548228364, 0.00011396719492, 8.62798187882e-05, 6.77922362229e-05, 3.99535965698e-05, 2.42805381276e-05, 2.31642970903e-05, 3.48963067154e-06]}, "erbbands_spread": {"dvar": 80.2297973633, "mean": 43.3137512207, "min": 0.830597758293, "median": 39.6891212463, "dvar2": 171.017944336, "var": 457.998718262, "dmean2": 12.347951889, "max": 166.788879395, "dmean": 8.21409606934}, "barkbands_kurtosis": {"dvar": 45.3088569641, "mean": 6.09802770615, "min": -1.93732094765, "median": 1.12016010284, "dvar2": 101.735458374, "var": 223.743087769, "dmean2": 4.95731210709, "max": 151.042602539, "dmean": 3.20842194557}, "spectral_flux": {"dvar": 0.000534875551239, "mean": 0.0686071515083, "min": 9.10437956918e-05, "median": 0.0656407848001, "dvar2": 0.00112879660446, "var": 0.00173419143539, "dmean2": 0.0287672542036, "max": 0.320433557034, "dmean": 0.0186834726483}, "silence_rate_20dB": {"dvar": 0, "mean": 1, "min": 1, "median": 1, "dvar2": 0, "var": 0, "dmean2": 0, "max": 1, "dmean": 0}, "gfcc": {"cov": [[7914.56005859, -478.496398926, -759.955566406, 757.678161621, -291.726379395, 315.876434326, 29.629447937, 147.674209595, -172.020050049, 89.2845153809, -40.9654655457, -77.0579452515, -89.9229812622], [-478.496398926, 982.190185547, -8.01212310791, -85.4566421509, 142.757888794, -73.9422149658, 47.3411178589, -35.1952629089, 29.9000072479, -24.9335079193, 90.8039474487, -35.6621627808, 31.0414276123], [-759.955566406, -8.01212310791, 1009.48840332, 36.2266807556, 64.3926391602, 159.767456055, 10.0748758316, 74.3333129883, 19.5471534729, 34.8470344543, -32.39427948, 55.3329086304, -9.51358318329], [757.678161621, -85.4566421509, 36.2266807556, 688.553466797, 122.165618896, -32.8001251221, 64.3608779907, 60.1727027893, 56.6804542542, 11.4457759857, -74.2449035645, -36.1978645325, 56.7153205872], [-291.726379395, 142.757888794, 64.3926391602, 122.165618896, 297.806488037, 5.08532810211, 52.7390174866, 28.6171398163, 31.2097740173, 6.53878307343, -13.5287084579, 4.29329156876, 11.280544281], [315.876434326, -73.9422149658, 159.767456055, -32.8001251221, 5.08532810211, 269.710174561, 67.0462112427, 32.1174087524, -32.5347213745, 6.1194653511, 21.0464897156, -10.4187650681, -36.8540344238], [29.629447937, 47.3411178589, 10.0748758316, 64.3608779907, 52.7390174866, 67.0462112427, 141.500991821, 36.722984314, 0.0598554387689, -2.46143484116, 3.46953368187, -12.9113864899, -10.4020700455], [147.674209595, -35.1952629089, 74.3333129883, 60.1727027893, 28.6171398163, 32.1174087524, 36.722984314, 107.042938232, 35.6131973267, 14.1364688873, -23.6103534698, 6.50865030289, 4.94884443283], [-172.020050049, 29.9000072479, 19.5471534729, 56.6804542542, 31.2097740173, -32.5347213745, 0.0598554387689, 35.6131973267, 116.989334106, 21.8101844788, -7.03025054932, -4.15212631226, 14.6298904419], [89.2845153809, -24.9335079193, 34.8470344543, 11.4457759857, 6.53878307343, 6.1194653511, -2.46143484116, 14.1364688873, 21.8101844788, 89.3238754272, 20.1389293671, 13.1653461456, -2.2015414238], [-40.9654655457, 90.8039474487, -32.39427948, -74.2449035645, -13.5287084579, 21.0464897156, 3.46953368187, -23.6103534698, -7.03025054932, 20.1389293671, 109.450172424, 22.3650035858, -11.6145620346], [-77.0579452515, -35.6621627808, 55.3329086304, -36.1978645325, 4.29329156876, -10.4187650681, -12.9113864899, 6.50865030289, -4.15212631226, 13.1653461456, 22.3650035858, 82.2362442017, 20.0464420319], [-89.9229812622, 31.0414276123, -9.51358318329, 56.7153205872, 11.280544281, -36.8540344238, -10.4020700455, 4.94884443283, 14.6298904419, -2.2015414238, -11.6145620346, 20.0464420319, 68.9848022461]], "mean": [-14.163189888, 80.041015625, -115.998153687, 45.3260192871, -50.3563156128, 4.5562915802, -37.3093490601, -0.0899363011122, -25.374704361, -5.75919055939, -19.0178604126, -4.79066944122, -14.7695264816], "icov": [[0.000262442743406, -0.000127571925987, 0.000347263528965, -0.000491012702696, 0.000374620285584, -0.000538155843969, 0.000439752737293, -0.000530420336872, 0.000500646419823, -0.000370668713003, 0.000239070344833, -0.000371559144696, 0.000636896467768], [-0.000127571925987, 0.00167239760049, -0.000458513211925, 0.000716282229405, -0.00104581739288, 0.0010956840124, -0.000946637766901, 0.000439431809355, -0.000405438389862, 0.000803366885521, -0.0021012944635, 0.00211155158468, -0.00184460903984], [0.000347263528965, -0.000458513211925, 0.00178393721581, -0.00081099581439, 0.000444742297987, -0.00176240492146, 0.00115017092321, -0.00107226078399, 0.000423808523919, -0.000858649320435, 0.00136510818265, -0.00198948662728, 0.00149853271432], [-0.000491012702696, 0.000716282229405, -0.00081099581439, 0.00303878937848, -0.00146324920934, 0.0015313354088, -0.00181375746615, 0.000626039225608, -0.00120004825294, 0.000378105702111, -0.000231408121181, 0.00241822726093, -0.00330866454169], [0.000374620285584, -0.00104581739288, 0.000444742297987, -0.00146324920934, 0.00493882456794, -0.00102740502916, -0.000384420040064, -0.000723774486687, 3.19645259879e-05, -0.000846565410029, 0.00159103458282, -0.00215174816549, 0.00172008166555], [-0.000538155843969, 0.0010956840124, -0.00176240492146, 0.0015313354088, -0.00102740502916, 0.00708309467882, -0.00338397780433, -0.000371111585991, 0.000705431215465, 0.000889271614142, -0.00289536709897, 0.00314343767241, -0.000750316074118], [0.000439752737293, -0.000946637766901, 0.00115017092321, -0.00181375746615, -0.000384420040064, -0.00338397780433, 0.010964801535, -0.00397918699309, 0.00158337992616, 3.82086800528e-05, -6.67567510391e-05, -0.000494658772368, 0.00264074746519], [-0.000530420336872, 0.000439431809355, -0.00107226078399, 0.000626039225608, -0.000723774486687, -0.000371111585991, -0.00397918699309, 0.01483749412, -0.00507013872266, -0.000566807109863, 0.00285808346234, -0.00175619754009, -0.00124735629652], [0.000500646419823, -0.000405438389862, 0.000423808523919, -0.00120004825294, 3.19645259879e-05, 0.000705431215465, 0.00158337992616, -0.00507013872266, 0.0122493505478, -0.00294999522157, -0.000459346338175, 0.00152013404295, -0.000356779288268], [-0.000370668713003, 0.000803366885521, -0.000858649320435, 0.000378105702111, -0.000846565410029, 0.000889271614142, 3.82086800528e-05, -0.000566807109863, -0.00294999522157, 0.0138081628829, -0.00387668563053, -0.00032653863309, -0.000105527178675], [0.000239070344833, -0.0021012944635, 0.00136510818265, -0.000231408121181, 0.00159103458282, -0.00289536709897, -6.67567510391e-05, 0.0