{"tonal": {"chords_key": "C#", "hpcp_entropy": {"dmean": 0.769648611546, "dmean2": 1.2929071188, "max": 4.55739212036, "dvar": 0.349276840687, "mean": 2.30655026436, "dvar2": 0.943423569202, "min": 0, "var": 0.664827108383, "median": 2.29473924637}, "key_key": "C#", "chords_strength": {"dmean": 0.0131840799004, "dmean2": 0.0202594846487, "max": 0.716550529003, "dvar": 0.000290212366963, "mean": 0.497845202684, "dvar2": 0.000626085035037, "min": -1, "var": 0.0122125232592, "median": 0.499465316534}, "key_scale": "major", "chords_number_rate": 0.000486003118567, "thpcp": [1, 0.53323495388, 0.0678223595023, 0.0539065413177, 0.0596596933901, 0.118207007647, 0.284535139799, 0.463797777891, 0.706775069237, 0.918822288513, 0.934474766254, 0.772487223148, 0.492182374001, 0.300699919462, 0.207152456045, 0.159308433533, 0.141407087445, 0.127334803343, 0.120588026941, 0.125253334641, 0.156947493553, 0.185365334153, 0.163082465529, 0.137468144298, 0.150741025805, 0.155394941568, 0.142299115658, 0.144584864378, 0.162930682302, 0.23497094214, 0.23691830039, 0.139886006713, 0.0848290845752, 0.0704352632165, 0.0657742470503, 0.536959648132], "key_strength": 0.427125871181, "tuning_nontempered_energy_ratio": 0.836114227772, "tuning_frequency": 434.193115234, "chords_changes_rate": 0.0901049748063, "tuning_diatonic_strength": 0.437324136496, "chords_scale": "major", "chords_histogram": [27.4980564117, 19.4790039063, 18.9930019379, 0.0486003123224, 0.00972006190568, 0.243001550436, 0, 24.8930797577, 0.631804049015, 0.0583203732967, 0.0972006246448, 0, 0.456842929125, 0, 0, 0.00972006190568, 0.34992223978, 6.66796255112, 0.0194401238114, 0.544323503971, 0, 0, 0, 0], "tuning_equal_tempered_deviation": 0.174910604954, "hpcp": {"dmean": [0.218091487885, 0.141293406487, 0.0991934388876, 0.0772398933768, 0.0677477940917, 0.0600225552917, 0.054490391165, 0.0562982186675, 0.0692871585488, 0.0770486220717, 0.0728176161647, 0.0683582723141, 0.0673978626728, 0.0673402920365, 0.0662833526731, 0.0715426132083, 0.0754889696836, 0.0833757072687, 0.0796837210655, 0.0544859841466, 0.0374502688646, 0.0318914838135, 0.0281250029802, 0.190162792802, 0.354688972235, 0.190982148051, 0.0333541333675, 0.0258714798838, 0.0288943443447, 0.053243175149, 0.12594768405, 0.20444047451, 0.300928294659, 0.367805570364, 0.349948108196, 0.322871357203], "dmean2": [0.418553113937, 0.274038434029, 0.192154735327, 0.150341048837, 0.13114708662, 0.115448884666, 0.103886157274, 0.106946483254, 0.131384894252, 0.144956454635, 0.139104574919, 0.133732199669, 0.129942938685, 0.127536118031, 0.12754496932, 0.139655843377, 0.146009743214, 0.151072129607, 0.141116157174, 0.0991734787822, 0.070701032877, 0.0604966208339, 0.0524391382933, 0.363624453545, 0.686054050922, 0.363783746958, 0.0647764056921, 0.0498777925968, 0.0559500083327, 0.101070076227, 0.239502966404, 0.392973661423, 0.575228214264, 0.693426072598, 0.642527878284, 0.614841938019], "max": [1, 1, 1, 1, 1, 1, 1, 1, 1, 1, 1, 1, 1, 1, 1, 1, 1, 1, 1, 1, 1, 1, 1, 1, 1, 1, 1, 1, 1, 1, 1, 1, 1, 1, 1, 1], "dvar": [0.103394977748, 0.0813812017441, 0.0582468397915, 0.0463643930852, 0.0396111980081, 0.0306795295328, 0.0258552450687, 0.0274193920195, 0.0353343896568, 0.0381517596543, 0.0368802584708, 0.0353695563972, 0.0354961492121, 0.0328054130077, 0.0338106155396, 0.0352800525725, 0.0353714115918, 0.0403577275574, 0.0398298129439, 0.0219428613782, 0.0139680914581, 0.0099030174315, 0.00848811678588, 0.0545776933432, 0.196530371904, 0.0542749874294, 0.0156545024365, 0.0111731803045, 0.0101612797007, 0.0170610621572, 0.0678443610668, 0.101143151522, 0.129565313458, 0.151769429445, 0.131958380342, 0.142363414168], "mean": [0.132322728634, 0.0808428674936, 0.0556927286088, 0.0428299121559, 0.0380171500146, 0.0342338345945, 0.0324199683964, 0.0336742326617, 0.0421951748431, 0.0498352833092, 0.0438445545733, 0.0369581691921, 0.0405265726149, 0.0417777709663, 0.0382569730282, 0.0388714931905, 0.0438037477434, 0.0631716996431, 0.0636952444911, 0.0376082099974, 0.0228062141687, 0.0189364496619, 0.0176833402365, 0.144361048937, 0.268848985434, 0.143359676003, 0.0182339735329, 0.0144927185029, 0.0160394478589, 0.031779833138, 0.0764969810843, 0.124691560864, 0.190015763044, 0.247024446726, 0.251232594252, 0.207682400942], "dvar2": [0.285743415356, 0.229296326637, 0.166458129883, 0.133823662996, 0.114996656775, 0.0893700867891, 0.0743192061782, 0.0789180397987, 0.102096781135, 0.106904283166, 0.104659616947, 0.102648384869, 0.102089010179, 0.093576207757, 0.0975714847445, 0.102137722075, 0.10183750838, 0.103024020791, 0.0966946184635, 0.0607157088816, 0.0400683954358, 0.0286131557077, 0.0242718663067, 0.129722997546, 0.464622020721, 0.13034658134, 0.0457898229361, 0.0327796787024, 0.0298650246114, 0.0489175878465, 0.194673031569, 0.281087338924, 0.376165270805, 0.419289529324, 0.337851107121, 0.374540001154], "min": [0, 0, 0, 0, 0, 0, 0, 0, 0, 0, 0, 0, 0, 0, 0, 0, 0, 0, 0, 0, 0, 0, 0, 0, 0, 0, 0, 0, 0, 0, 0, 0, 0, 0, 0, 0], "var": [0.0756169334054, 0.0516007393599, 0.0349571928382, 0.0264121480286, 0.022298373282, 0.0173950847238, 0.0155700203031, 0.0165162533522, 0.0215329006314, 0.0249671284109, 0.0222627036273, 0.0197372008115, 0.0211846269667, 0.0203347038478, 0.0193084795028, 0.0197654478252, 0.0205904208124, 0.0337677486241, 0.0367575138807, 0.0159479174763, 0.00822499766946, 0.00569358235225, 0.00520201493055, 0.0508161149919, 0.179105132818, 0.0497628338635, 0.00839322246611, 0.00597700383514, 0.00545946555212, 0.0106717441231, 0.0447194948792, 0.0721975564957, 0.106963187456, 0.138446122408, 0.129846155643, 0.120666563511], "median": [0.00198803143576, 0.000483561278088, 0.000362986465916, 0.000467660545837, 0.000378871394787, 0.000310841365717, 0.00033062856528, 0.000477289548144, 0.000745326746255, 0.000745124241803, 0.000684277852997, 0.000469289603643, 0.000467148725875, 0.000475154753076, 0.000642827595584, 0.000642179511487, 0.00132743443828, 0.000996039249003, 0.00086585979443, 0.000784019939601, 0.000566511997022, 0.000566140864976, 0.000480457558297, 0.00166985532269, 0.00179324462079, 0.00134921749122, 0.000219449400902, 0.000241168309003, 0.000466524012154, 0.00157679163385, 0.00255418475717, 0.00363971316256, 0.00458073895425, 0.00809415616095, 0.0127009525895, 0.00593698583543]}}, "lowlevel": {"melbands_flatness_db": {"dmean": 0.103876836598, "dmean2": 0.14723084867, "max": 0.98838865757, "dvar": 0.00855394732207, "mean": 0.519964337349, "dvar2": 0.0177470967174, "min": 0.0105505082756, "var": 0.028223445639, "median": 0.524369597435}, "melbands_crest": {"dmean": 5.08460140228, "dmean2": 8.34815216064, "max": 38.9892082214, "dvar": 28.4673805237, "mean": 28.3418388367, "dvar2": 64.2983703613, "min": 3.16425037384, "var": 56.0627441406, "median": 31.4626426697}, "spectral_entropy": {"dmean": 0.607657670975, "dmean2": 0.883355855942, "max": 9.81338119507, "dvar": 0.33729621768, "mean": 6.65148735046, "dvar2": 0.632657825947, "min": 3.46732473373, "var": 1.17239153385, "median": 6.75621461868}, "melbands": {"dmean": [0.0154792414978, 0.00716382917017, 0.00285704410635, 0.000582120846957, 0.000424417754402, 0.000338370940881, 0.00013932386355, 0.000118257397844, 0.000121620571008, 2.98268569168e-05, 2.3041611712e-05, 2.89319177682e-05, 1.16131841423e-05, 9.38090761338e-06, 7.78453431849e-06, 4.61462605017e-06, 3.98609699914e-06, 5.29983844899e-06, 3.78310437554e-06, 2.19806383939e-06, 2.83674080492e-06, 2.29780812333e-06, 2.17688648263e-06, 2.17634510591e-06, 2.80508720607e-06, 2.71078306469e-06, 2.49712638833e-06, 2.51892492997e-06, 2.2740082386e-06, 1.52813515797e-06, 1.3016012872e-06, 1.37170900416e-06, 1.38140023864e-06, 1.02481430986e-06, 8.3833606368e-07, 1.15868022021e-06, 7.5938351074e-07, 7.44760654925e-07, 8.05178217433e-07, 6.30673355317e-07], "dmean2": [0.0243682749569, 0.0120139997452, 0.00510582374409, 0.000985744874924, 0.000746072852053, 0.000601685722359, 0.000252244411968, 0.000220442889258, 0.000223350114538, 5.1441926189e-05, 4.03100675612e-05, 5.02217881149e-05, 2.03931449505e-05, 1.67265407072e-05, 1.27824050651e-05, 7.66553239373e-06, 6.75846695231e-06, 9.46417821979e-06, 6.75352112012e-06, 3.73378315999e-06, 4.73687941849e-06, 3.88196394852e-06, 3.62502373719e-06, 3.60948752132e-06, 4.98988765685e-06, 4.81950746689e-06, 4.4222319957e-06, 4.52536050943e-06, 4.02554951506e-06, 2.62101593762e-06, 2.22677044803e-06, 2.32808724832e-06, 2.33153946283e-06, 1.69386169091e-06, 1.4078610775e-06, 1.96505175154e-06, 1.23059760426e-06, 1.22245421608e-06, 1.35690038405e-06, 1.0777080206e-06], "max": [0.171862900257, 0.0937764719129, 0.056846767664, 0.0181189980358, 0.00807636696845, 0.00768569391221, 0.00638617575169, 0.00289265206084, 0.00382202677429, 0.00148880132474, 0.000625787768513, 0.00193479424343, 0.000609287933912, 0.000464291631943, 0.000891320058145, 0.000726008147467, 0.000314442906529, 0.000686140556354, 0.000380154990125, 0.000163850811077, 0.000265254930127, 0.00020944091375, 0.00012215654715, 0.000118083902635, 0.000126350365463, 0.00024792944896, 0.000247565854806, 0.000146191639942, 0.000175634559128, 0.000118682713946, 9.71735571511e-05, 5.39403517905e-05, 7.63882417232e-05, 0.000126331433421, 0.000189677113667, 0.000223260416533, 0.000152059088578, 2.97522965411e-05, 3.60369958798e-05, 1.67128764588e-05], "dvar": [0.000539799570106, 0.000165653225849, 4.91920764034e-05, 1.95901725419e-06, 1.10482562832e-06, 7.2648248306e-07, 1.6412305115e-07, 9.4920935112e-08, 1.17809463518e-07, 5.09204989285e-09, 2.69805289221e-09, 7.16243819809e-09, 1.20203091925e-09, 6.86007251005e-10, 4.12947065431e-10, 2.33841945807e-10, 2.36175218271e-10, 1.28921995302e-09, 4.46307796276e-10, 9.62022198014e-11, 1.47895515279e-10, 1.01300648425e-10, 8.10656472505e-11, 4.05149698512e-11, 7.26147197927e-11, 1.25714577637e-10, 9.45120856577e-11, 5.37264017997e-11, 5.30727441161e-11, 1.80644769976e-11, 1.85373973116e-11, 1.32484648252e-11, 1.44132414337e-11, 5.96151209994e-12, 6.52658135869e-12, 1.02726585918e-11, 3.6816209803e-12, 2.64998548279e-12, 3.52550974525e-12, 1.82568955613e-12], "mean": [0.0243620350957, 0.00792428385466, 0.00225293706171, 0.000453310232842, 0.000304665474687, 0.000234592531342, 9.9344215414e-05, 7.48922902858e-05, 8.21007561171e-05, 2.48654159805e-05, 1.90641239897e-05, 2.3214815883e-05, 9.78426669462e-06, 6.74780903864e-06, 8.29803502711e-06, 4.02372234021e-06, 3.25144878843e-06, 3.61128195436e-06, 2.51925416705e-06, 1.71966439666e-06, 2.20088259084e-06, 1.74661772689e-06, 1.68573717474e-06, 1.68428937286e-06, 1.88442993476e-06, 1.84359771538e-06, 1.70957707724e-06, 1.6640975673e-06, 1.5980903072e-06, 1.18127809401e-06, 1.11241661216e-06, 1.176130354e-06, 1.09682434868e-06, 8.85278666374e-07, 6.89479975335e-07, 8.88015506462e-07, 6.37783216462e-07, 6.08287336945e-07, 6.24054564469e-07, 4.61148545128e-07], "dvar2": [0.00110824161675, 0.000425185629865, 0.000135894253617, 5.19963987244e-06, 3.01855720863e-06, 1.97810641112e-06, 4.58041967022e-07, 2.67531675036e-07, 3.30955998606e-07, 1.21637135919e-08, 6.98651714259e-09, 1.93119529257e-08, 3.25330273832e-09, 1.8322735551e-09, 8.2891060682e-10, 5.49826795204e-10, 6.36077635008e-10, 3.63074170728e-09, 1.25575350118e-09, 2.56365512152e-10, 3.86145893039e-10, 2.63906424491e-10, 2.14954706812e-10, 1.01595114266e-10, 1.93382060365e-10, 3.54271362246e-10, 2.6831933897e-10, 1.48318760052e-10, 1.49036616381e-10, 4.83907774962e-11, 5.16452679233e-11, 3.5434329082e-11, 3.82960642364e-11, 1.5057202013e-11, 1.45656212786e-11, 2.17336149078e-11, 8.05443819279e-12, 6.43050716842e-12, 9.08769066943e-12, 4.74087349239e-12], "min": [3.13158333951e-24, 5.42234429484e-24, 3.17353989283e-24, 3.30775751555e-23, 3.22910051024e-23, 9.1174776377e-24, 1.41965680423e-23, 1.73068951303e-23, 1.0132252529e-23, 7.31277530128e-24, 7.30949285105e-24, 7.02468960958e-24, 5.57993267129e-24, 1.33308405305e-23, 2.10581133281e-23, 1.46601326869e-23, 1.11448115099e-23, 8.85264598777e-24, 4.90935948666e-24, 8.40345202225e-24, 4.58142645848e-24, 9.89347853245e-24, 8.02643094096e-24, 4.71191904057e-24, 7.41208105633e-24, 6.94042822085e-24, 5.28557395768e-24, 5.31497677577e-24, 5.25666102221e-24, 1.08071656319e-23, 9.89399760292e-24, 1.39024191657e-23, 1.1535173018e-23, 1.22955229124e-23, 1.49352794821e-23, 1.0247699167e-23, 1.19110305295e-23, 8.65343099907e-24, 1.15626435213e-23, 7.53821833736e-24], "var": [0.00107153737918, 0.000169513863511, 3.43551400874e-05, 1.45007231822e-06, 7.49996161176e-07, 4.92329036206e-07, 1.05173313614e-07, 5.68006619517e-08, 7.7305209345e-08, 5.88266635404e-09, 2.4220903061e-09, 5.50187984061e-09, 9.77096403787e-10, 4.95874175055e-10, 7.53480944304e-10, 2.73580214039e-10, 1.83708492862e-10, 7.79077025115e-10, 2.72461664341e-10, 7.09781886044e-11, 1.15197344719e-10, 7.57957099862e-11, 6.25423809963e-11, 3.53646174844e-11, 5.13000128488e-11, 7.75283726107e-11, 5.84340423271e-11, 3.53274076659e-11, 3.41605771448e-11, 1.38565903543e-11, 1.44969730664e-11, 1.29157162396e-11, 1.10280656135e-11, 6.82472134361e-12, 1.06613580811e-11, 1.47489919583e-11, 5.54261758018e-12, 2.55429054644e-12, 2.88350138038e-12, 1.44288107937e-12], "median": [0.0112436581403, 0.00292917154729, 0.000146638529259, 3.13335185638e-05, 1.44511141116e-05, 7.72039857111e-06, 3.28163287122e-06, 1.3716853573e-06, 8.57675900079e-07, 5.330799695e-07, 4.87592558329e-07, 4.15567200207e-07, 2.82292262455e-07, 1.67626510006e-07, 1.75681321934e-07, 8.74343228929e-08, 6.6185442904e-08, 6.05562888722e-08, 4.23797317239e-08, 2.93178281652e-08, 3.24828128839e-08, 3.29121370157e-08, 3.58328904326e-08, 3.43486199483e-08, 3.39244685676e-08, 3.56638878429e-08, 3.11268806286e-08, 3.56835343496e-08, 4.72186734157e-08, 4.22033963332e-08, 4.01324129484e-08, 3.4097780599e-08, 3.27496820773e-08, 2.78966130196e-08, 2.27314682633e-08, 2.76450791148e-08, 3.27482325702e-08, 3.23921156564e-08, 3.10799315173e-08, 2.40308324351e-08]}, "silence_rate_60dB": {"dmean": 0.0483157522976, "dmean2": 0.0966362059116, "max": 1, "dvar": 0.0459698289633, "mean": 0.0629435181618, "dvar2": 0.106475777924, "min": 0, "var": 0.0589852593839, "median": 0}, "spectral_energyband_middle_high": {"dmean": 0.000723067671061, "dmean2": 0.00121914257761, "max": 0.0291817430407, "dvar": 4.37000335296e-06, "mean": 0.000598723418079, "dvar2": 1.134116701e-05, "min": 1.22208059517e-21, "var": 3.56316786565e-06, "median": 2.1152991394e-05}, "erbbands_skewness": {"dmean": 1.73237299919, "dmean2": 2.52528762817, "max": 16.818157196, "dvar": 3.37081289291, "mean": 2.8578722477, "dvar2": 6.48075962067, "min": -9.26881408691, "var": 8.83214664459, "median": 2.0959405899}, "dynamic_complexity": 4.63563013077, "dissonance": {"dmean": 0.0395755842328, "dmean2": 0.0688649863005, "max": 0.500000119209, "dvar": 0.00243890611455, "mean": 0.445340871811, "dvar2": 0.00689468812197, "min": 0.05110662058, "var": 0.00279696588404, "median": 0.460445165634}, "spectral_skewness": {"dmean": 0.747215688229, "dmean2": 1.04981029034, "max": 12.9127006531, "dvar": 0.637792825699, "mean": 2.40528702736, "dvar2": 1.35942745209, "min": -1.16133642197, "var": 2.34349679947, "median": 2.01073980331}, "spectral_kurtosis": {"dmean": 6.39473438263, "dmean2": 9.39564418793, "max": 223.506988525, "dvar": 122.823699951, "mean": 10.3850955963, "dvar2": 287.596130371, "min": -1.23480606079, "var": 261.80065918, "median": 4.56283664703}, "gfcc": {"cov": [[22286.2207031, -307.418426514, -2916.59912109, 119.27419281, -2084.1472168, -20.8761005402, -1403.32861328, 219.011077881, -1046.46728516, 104.166465759, -793.662841797, 53.2255249023, -417.954406738], [-307.418426514, 2126.59643555, -27.4768486023, -819.504699707, 206.208908081, -221.206634521, 30.1618843079, -227.06413269, 89.8891906738, -294.777770996, 119.375167847, -143.807662964, 13.2948236465], [-2916.59912109, -27.4768486023, 1668.62084961, 367.560150146, 394.430908203, 97.4973373413, 207.644287109, -34.1191864014, 129.350891113, 66.2658920288, 54.2026748657, -15.7055549622, 61.2991065979], [119.27419281, -819.504699707, 367.560150146, 924.098876953, 210.454498291, 132.511444092, 79.7387161255, -9.94579982758, 20.4442481995, 91.8310623169, -31.9063205719, -3.35546326637, 38.0986404419], [-2084.1472168, 206.208908081, 394.430908203, 210.454498291, 869.121398926, 126.47644043, 256.942504883, -105.443199158, 191.975219727, -50.6190338135, 111.286125183, -40.5481681824, 76.5926361084], [-20.8761005402, -221.206634521, 97.4973373413, 132.511444092, 126.47644043, 226.791763306, 106.210845947, 49.7408332825, 6.98873996735, 14.9250869751, -3.794028759, 6.53158187866, 8.13736724854], [-1403.32861328, 30.1618843079, 207.644287109, 79.7387161255, 256.942504883, 106.210845947, 336.068817139, 21.1706562042, 142.336395264, -5.54275846481, 89.2438278198, -0.702145218849, 42.0730895996], [219.011077881, -227.06413269, -34.1191864014, -9.94579982758, -105.443199158, 49.7408332825, 21.1706562042, 172.276245117, -3.60543775558, 41.8656387329, -11.3548707962, 15.9497251511, -6.85389375687], [-1046.46728516, 89.8891906738, 129.350891113, 20.4442481995, 191.975219727, 6.98873996735, 142.336395264, -3.60543775558, 203.539123535, 35.6800384521, 86.0382385254, 0.0329937674105, 36.9499015808], [104.166465759, -294.777770996, 66.2658920288, 91.8310623169, -50.6190338135, 14.9250869751, -5.54275846481, 41.8656387329, 35.6800384521, 148.486572266, 11.6871623993, 55.295211792, 1.72102689743], [-793.662841797, 119.375167847, 54.2026748657, -31.9063205719, 111.286125183, -3.794028759, 89.2438278198, -11.3548707962, 86.0382385254, 11.6871623993, 139.758621216, 47.6011199951, 56.2379150391], [53.2255249023, -143.807662964, -15.7055549622, -3.35546326637, -40.5481681824, 6.53158187866, -0.702145218849, 15.9497251511, 0.0329937674105, 55.295211792, 47.6011199951, 108.280632019, 39.5038909912], [-417.954406738, 13.2948236465, 61.2991065979, 38.0986404419, 76.5926361084, 8.13736724854, 42.0730895996, -6.85389375687, 36.9499015808, 1.72102689743, 56.2379150391, 39.5038909912, 91.0487213135]], "mean": [-161.414016724, 100.820274353, -16.6349220276, 59.1339111328, -34.7446174622, 33.1569595337, -11.6939992905, 17.6115341187, -12.7019557953, 8.28058338165, -1.38168346882, 2.36500000954, -0.913323760033], "icov": [[0.000151972693857, -0.000352142436896, 0.000250329379924, -0.000410029577324, 0.000158063601702, -0.000342073995853, 0.00032299241866, -0.000277458922938, 0.000219070163439, -0.000377657852368, 0.000584500900004, -0.000562618894037, 0.000280859530903], [-0.000352142436896, 0.00236103637144, -0.000783280527685, 0.00220907130279, -0.000452248525107, 0.00126097153407, -0.000697890878655, 0.00189865077846, -0.000835961429402, 0.00235726567917, -0.0024800056126, 0.00302628683858, -0.00111162185203], [0.000250329379924, -0.000783280527685, 0.00118915527128, -0.00100599380676, 6.06253743172e-05, -0.000590834592003, 0.000236235006014, -0.000506685173605, 0.00047567661386, -0.00131879001856, 0.00114875752479, -0.000794062274508, 0.000205202857614], [-0.000410029577324, 0.00220907130279, -0.00100599380676, 0.00364745897241, -0.000773116888013, 0.000773970386945, -0.00104215147439, 0.00214400701225, -0.00036459529656, 0.000791261787526, -0.0016915226588, 0.00358936889097, -0.00220912089571], [0.000158063601702, -0.000452248525107, 6.06253743172e-05, -0.000773116888013, 0.00248641637154, -0.0015543452464, -7.53216154408e-05, 0.00100174604449, -0.0011704225326, 0.000408012128901, -2.53323178185e-05, 0.000107554616989, -0.000331943738274], [-0.000342073995853, 0.00126097153407, -0.000590834592003, 0.000773970386945, -0.0015543452464, 0.00779962353408, -0.00296222371981, -0.00110209500417, 0.00128592748661, 0.000863933586515, -0.000288472278044, 0.00072418525815, -0.000458357448224], [0.00032299241866, -0.000697890878655, 0.000236235006014, -0.00104215147439, -7.53216154408e-05, -0.00296222371981, 0.00685179047287, -0.0015950310044, -0.00275151128881, 0.00107146124355, -0.000822734436952, -0.00121633219533, 0.00103577948175], [-0.000277458922938, 0.00189865077846, -0.000506685173605, 0.00214400701225, 0.00100174604449, -0.00110209500417, -0.0015950310044, 0.0094056436792, -0.000911609618925, -0.000128725150716, -0.0013965460239, 0.00289778504521, -0.00142831646372], [0.000219070163439, -0.000835961429402, 0.00047567661386, -0.00036459529656, -0.0011704225326, 0.00128592748661, -0.00275151128881, -0.000911609618925, 0.0115704135969, -0.005874264054, -0.0029075727798, 0.00311963539571, -0.00110965059139], [-0.000377657852368, 0.00235726567917, -0.00131879001856, 0.000791261787526, 0.000408012128901, 0.000863933586515, 0.00107146124355, -0.000128725150716, -0.005874264054, 0.0151863880455, -0.0015753491316, -0.00476673943922, 0.00269180117175], [0.000584500900004, -0.0024800056126, 0.00114875752479, -0.0016915226588, -2.53323178185e-05, -0.000288472278044, -0.000822734436952, -0.0013965460239, -0.0029075727798, -0.0015753491316, 0.0184716898948, -0.00957211572677, -0.002744727768], [-0.000562618894037, 0.00302628683858, -0.000794062274508, 0.00358936889097, 0.000107554616989, 0.00072418525815, -0.00121633219533, 0.00289778504521, 0.00311963539571, -0.00476673943922, -0.00957211572677, 0.0228470098227, -0.00854321848601], [0.000280859530903, -0.00111162185203, 0.000205202857614, -0.00220912089571, -0.000331943738274, -0.000458357448224, 0.00103577948175, -0.00142831646372, -0.00110965059139, 0.00269180117175, -0.002744727768, -0.00854321848601, 0.0187564883381]]}, "spectral_complexity": {"dmean": 3.30170607567, "dmean2": 5.0032081604, "max": 58, "dvar": 31.3773422241, "mean": 4.66350746155, "dvar2": 66.4036636353, "min": 0, "var": 41.7954940796, "median": 2}, "spectral_flux": {"dmean": 0.0888785421848, "dmean2": 0.138367757201, "max": 0.654816746712, "dvar": 0.00978250335902, "mean": 0.14979544282, "dvar2": 0.01875153929, "min": 1.03542063812e-10, "var": 0.0171973016113, "median": 0.104378610849}, "spectral_energyband_low": {"dmean": 0.0561112426221, "dmean2": 0.0881400406361, "max": 0.581106841564, "dvar": 0.00637823995203, "mean": 0.0885757282376, "dvar2": 0.0133214388043, "min": 2.76588264887e-23, "var": 0.0123845813796, "median": 0.0435453429818}, "spectral_decrease": {"dmean": 1.55944714919e-08, "dmean2": 2.43142466161e-08, "max": 9.03939691145e-16, "dvar": 4.75844051526e-16, "mean": -2.50444074368e-08, "dvar2": 9.61610882271e-16, "min": -1.5528129893e-07, "var": 9.39307551858e-16, "median": -1.25976313825e-08}, "barkbands_spread": {"dmean": 3.85765028, "dmean2": 6.40260791779, "max": 155.931503296, "dvar": 55.2872161865, "mean": 4.99770832062, "dvar2": 134.849563599, "min": 0.0364178977907, "var": 180.255157471, "median": 0.881219863892}, "spectral_rms": {"dmean": 0.00293811690062, "dmean2": 0.00440011452883, "max": 0.0239990651608, "dvar": 1.04805512819e-05, "mean": 0.00807455461472, "dvar2": 1.81010309461e-05, "min": 3.23411089576e-12, "var": 2.79615378531e-05, "median": 0.0068581411615}, "spectral_centroid": {"dmean": 293.27911377, "dmean2": 474.990142822, "max": 11241.7490234, "dvar": 253189.6875, "mean": 526.113037109, "dvar2": 571699.75, "min": 50.3890266418, "var": 568792.3125, "median": 249.653671265}, "barkbands_skewness": {"dmean": 5.10300159454, "dmean2": 8.25590991974, "max": 44.7254486084, "dvar": 28.8812637329, "mean": 8.84034347534, "dvar2": 75.0647735596, "min": -4.96713161469, "var": 55.7377586365, "median": 6.40827178955}, "spectral_rolloff": {"dmean": 132.627746582, "dmean2": 241.73588562, "max": 21317.8710938, "dvar": 274560.9375, "mean": 329.899108887, "dvar2": 661342.9375, "min": 43.06640625, "var": 3269461.5, "median": 64.599609375}, "erbbands_spread": {"dmean": 24.5737667084, "dmean2": 37.2158813477, "max": 206.430084229, "dvar": 743.585632324, "mean": 42.7969703674, "dvar2": 1636.90979004, "min": 0.687233746052, "var": 1550.64697266, "median": 29.6781196594}, "barkbands": {"dmean": [0.00476622534916, 0.0486034527421, 0.00783189851791, 0.00633928412572, 0.00238855648786, 0.00180060055573, 0.000588616065215, 0.000684064405505, 0.000247727875831, 0.000204660216696, 9.6384632343e-05, 8.8122455054e-05, 4.78315560031e-05, 4.35763904534e-05, 6.06612629781e-05, 3.75041963707e-05, 3.59704499715e-05, 5.19242239534e-05, 6.70509252814e-05, 7.89268960943e-05, 6.81297751726e-05, 6.96591159794e-05, 6.2415470893e-05, 6.34313037153e-05, 7.75721928221e-05, 3.10256436933e-05, 1.16037733733e-06], "dmean2": [0.007762638852, 0.077494494617, 0.0135259311646, 0.0114659834653, 0.00405027577654, 0.00322679895908, 0.00106670102105, 0.00128497800324, 0.000422281533247, 0.000356217788067, 0.000168014477822, 0.000151767744683, 7.81046037446e-05, 7.46646910557e-05, 0.00010888138786, 6.29775386187e-05, 6.01125830144e-05, 8.70974035934e-05, 0.000117869538371, 0.000140837248182, 0.000117685762234, 0.000116913448437, 0.000104940540041, 0.000103822610981, 0.000132180735818, 5.35833351023e-05, 1.85095279903e-06], "max": [0.0561596862972, 0.567387461662, 0.172997564077, 0.135509952903, 0.0626134872437, 0.0354617536068, 0.0253366511315, 0.0213918089867, 0.00972334761173, 0.0101332403719, 0.0052993777208, 0.00475922739133, 0.00838520936668, 0.00384050491266, 0.00682542705908, 0.00277842208743, 0.00290253898129, 0.00252932496369, 0.00511203845963, 0.00543254148215, 0.00483041023836, 0.00331764179282, 0.0103494413197, 0.00825799815357, 0.00156146613881, 0.00073095964035, 1.72646832652e-05], "dvar": [4.15265203628e-05, 0.00580505793914, 0.000301833992125, 0.000263183377683, 2.89695108222e-05, 2.0332980057e-05, 2.9922482554e-06, 3.41954819305e-06, 3.94702198037e-07, 2.65158689672e-07, 9.20560552231e-08, 4.97170162816e-08, 2.46189237885e-08, 3.47427970837e-08, 1.47916352944e-07, 2.58810413101e-08, 2.10752624241e-08, 2.73193965228e-08, 6.07806498465e-08, 5.74588696622e-08, 4.45911183533e-08, 3.41404877702e-08, 2.61386432499e-08, 2.20212292845e-08, 3.02264098195e-08, 5.9175895295e-09, 5.82936693708e-12], "mean": [0.00567434821278, 0.07356518507, 0.0063461875543, 0.00487792957574, 0.00179964711424, 0.00123989372514, 0.000424151134212, 0.000421385833761, 0.000211347054574, 0.000163637247169, 8.25109236757e-05, 7.45380020817e-05, 4.47036472906e-05, 3.44796790159e-05, 3.99232521886e-05, 2.94227429549e-05, 2.78932147921e-05, 3.92472611566e-05, 4.67132158519e-05, 5.29873250343e-05, 5.27536794834e-05, 5.83634755458e-05, 5.06545839016e-05, 5.20917201356e-05, 5.66408489249e-05, 2.21104146476e-05, 9.38095126912e-07], "dvar2": [0.000102094178146, 0.0132340826094, 0.000799803412519, 0.000736573943868, 7.62610579841e-05, 5.56257145945e-05, 8.35114315123e-06, 9.69575376075e-06, 9.37100082865e-07, 7.02089209881e-07, 2.48272897352e-07, 1.25918930394e-07, 5.41585940539e-08, 9.59215142871e-08, 4.16871785092e-07, 6.75618068158e-08, 5.37051789706e-08, 7.02427627175e-08, 1.65576494737e-07, 1.59667123967e-07, 1.23209844105e-07, 9.07510369075e-08, 5.779206802e-08, 5.16389739857e-08, 7.76957591597e-08, 1.56087711645e-08, 1.29775235697e-11], "min": [2.62873894384e-24, 1.08675032359e-23, 1.18389239096e-23, 6.0563198555e-24, 1.90903493405e-22, 4.20220271977e-23, 8.47244816361e-23, 5.46948441373e-23, 6.00334634688e-23, 5.53011121419e-23, 3.45935985769e-23, 1.58290090317e-22, 1.50839343243e-22, 1.30179581006e-22, 5.58041592749e-23, 1.07840453809e-22, 1.74858100458e-22, 9.96991883862e-23, 1.85366623861e-22, 1.63234405413e-22, 3.57496717091e-22, 6.45934505811e-22, 8.15348557255e-22, 8.21271501637e-22, 1.10669223187e-21, 1.55150951504e-21, 2.85165891559e-21], "var": [6.10416391282e-05, 0.0100665716454, 0.000240638211835, 0.00018078663561, 2.16292210098e-05, 1.35929212774e-05, 1.95702750716e-06, 1.99623605113e-06, 4.74772349435e-07, 2.13967922491e-07, 7.54262430291e-08, 4.86766857932e-08, 3.44685098241e-08, 2.45044073921e-08, 8.90844162882e-08, 2.01730010474e-08, 1.68097091802e-08, 2.24957439343e-08, 4.09204439222e-08, 3.74789408397e-08, 3.13411590014e-08, 2.95016793217e-08, 3.81400262484e-08, 2.57304915152e-08, 2.3825627693e-08, 4.25880486432e-09, 5.66802074026e-12], "median": [0.00271232170053, 0.0334090739489, 0.000635118456557, 0.000219649562496, 0.000125469523482, 3.96520445065e-05, 1.1969256775e-05, 5.2109508033e-06, 3.93141817767e-06, 3.10171253659e-06, 2.01948046197e-06, 1.68085466612e-06, 1.06918423626e-06, 7.67317828831e-07, 6.10007873547e-07, 4.45631883395e-07, 5.92145340761e-07, 7.59637771353e-07, 9.64203650256e-07, 1.13995588436e-06, 1.90586865756e-06, 1.70958298895e-06, 1.54491817739e-06, 2.8747072065e-06, 2.75937532024e-06, 9.23289235288e-07, 3.04026421816e-08]}, "melbands_kurtosis": {"dmean": 224.791519165, "dmean2": 358.195831299, "max": 4151.3671875, "dvar": 103786.75, "mean": 300.953765869, "dvar2": 262350.8125, "min": -1.75898647308, "var": 164777.515625, "median": 124.974075317}, "erbbands_crest": {"dmean": 4.3556728363, "dmean2": 6.94951248169, "max": 30.4665431976, "dvar": 15.7089834213, "mean": 14.0022544861, "dvar2": 30.8409614563, "min": 2.42212557793, "var": 40.7118530273, "median": 13.5596847534}, "melbands_skewness": {"dmean": 4.44434309006, "dmean2": 6.99904584885, "max": 42.1201095581, "dvar": 23.7211914063, "mean": 8.70616912842, "dvar2": 60.4075088501, "min": -2.01373267174, "var": 47.8642578125, "median": 6.36596536636}, "spectral_energyband_middle_low": {"dmean": 0.0115401921794, "dmean2": 0.0202303081751, "max": 0.189495414495, "dvar": 0.000661128142383, "mean": 0.00900030694902, "dvar2": 0.00180712435395, "min": 4.51877499917e-22, "var": 0.000471188250231, "median": 0.000734857632779}, "spectral_contrast_coeffs": {"dmean": [0.07060623914, 0.0600739493966, 0.0375536158681, 0.0292894076556, 0.0241263527423, 0.0244581773877], "dmean2": [0.120318613946, 0.0965606048703, 0.0590832605958, 0.0457454770803, 0.0370903946459, 0.0375313982368], "max": [-0.390251487494, -0.456733465195, -0.493408679962, -0.570333778858, -0.520084261894, -0.502816796303], "dvar": [0.00311038433574, 0.00251692696474, 0.00103449984454, 0.000817480729893, 0.000485925702378, 0.000561140361242], "mean": [-0.680194377899, -0.778552055359, -0.852687239647, -0.86160838604, -0.854423522949, -0.833755612373], "dvar2": [0.00867496710271, 0.00609923154116, 0.00248442520387, 0.0017120167613, 0.00109760882333, 0.0012681275839], "min": [-0.959543943405, -0.977369010448, -0.969520568848, -0.968015670776, -0.961834251881, -0.962067365646], "var": [0.00550941051915, 0.00602663075551, 0.00314094196074, 0.00246860412881, 0.0015622273786, 0.00211533647962], "median": [-0.678365528584, -0.789052128792, -0.86176097393, -0.876064062119, -0.858760356903, -0.843733668327]}, "spectral_contrast_valleys": {"dmean": [0.71109688282, 1.03929758072, 1.02866137028, 0.887285411358, 0.865424156189, 0.880819678307], "dmean2": [1.04699981213, 1.45677673817, 1.46878433228, 1.29575097561, 1.15830266476, 1.10007178783], "max": [-4.3861451149, -4.26082372665, -5.24716854095, -5.56413030624, -5.43819046021, -7.77061748505], "dvar": [0.481458693743, 0.975036501884, 0.966367602348, 0.891507744789, 0.851668834686, 0.716168582439], "mean": [-7.23340368271, -8.39488887787, -9.19510555267, -9.96605110168, -9.63614749908, -11.2105026245], "dvar2": [0.968544244766, 2.03756976128, 2.06058144569, 1.92323720455, 1.8089684248, 1.38833200932], "min": [-27.4489593506, -26.9804458618, -27.3507080078, -27.249797821, -27.105091095, -27.2497291565], "var": [2.24069356918, 2.95634150505, 2.77040910721, 2.73984789848, 2.6932015419, 2.64460468292], "median": [-7.16556930542, -8.52233505249, -9.26492023468, -10.0224838257, -9.73882007599, -11.1706819534]}, "silence_rate_20dB": {"dmean": 0.0704807266593, "dmean2": 0.140968307853, "max": 1, "dvar": 0.0655163452029, "mean": 0.930397570133, "dvar2": 0.163366362453, "min": 0, "var": 0.0647603869438, "median": 1}, "silence_rate_30dB": {"dmean": 0.148155346513, "dmean2": 0.296325087547, "max": 1, "dvar": 0.126215368509, "mean": 0.692961990833, "dvar2": 0.242174729705, "min": 0, "var": 0.212754920125, "median": 1}, "spectral_strongpeak": {"dmean": 0.226658284664, "dmean2": 0.345689743757, "max": 8.86945915222, "dvar": 0.0700733289123, "mean": 0.53364777565, "dvar2": 0.151006147265, "min": 0, "var": 0.153717949986, "median": 0.439543008804}, "spectral_spread": {"dmean": 1647567.125, "dmean2": 2407555.5, "max": 41389476, "dvar": 2120285814780.0, "mean": 6187937, "dvar2": 5039833743360.0, "min": 494581.5, "var": 7701271150590.0, "median": 5835693}, "barkbands_flatness_db": {"dmean": 0.0940613672137, "dmean2": 0.132810115814, "max": 0.818402647972, "dvar": 0.00674214633182, "mean": 0.397970378399, "dvar2": 0.0137151898816, "min": 0.0460982136428, "var": 0.0223091766238, "median": 0.400056064129}, "pitch_salience": {"dmean": 0.125760957599, "dmean2": 0.202079102397, "max": 0.9034486413, "dvar": 0.0216898284853, "mean": 0.260112583637, "dvar2": 0.0487197525799, "min": 0.00845390465111, "var": 0.0432533845305, "median": 0.181094586849}, "erbbands_kurtosis": {"dmean": 19.9501171112, "dmean2": 30.9537563324, "max": 386.355987549, "dvar": 1201.88330078, "mean": 22.8460006714, "dvar2": 2660.13232422, "min": -1.96961319447, "var": 1782.8548584, "median": 5.52273750305}, "average_loudness": 0.961676418781, "barkbands_crest": {"dmean": 3.56258916855, "dmean2": 5.92992210388, "max": 26.7395401001, "dvar": 16.9492416382, "mean": 20.1820907593, "dvar2": 38.1508140564, "min": 3.11529946327, "var": 31.8181533813, "median": 22.8723316193}, "hfc": {"dmean": 9.22491550446, "dmean2": 14.8376264572, "max": 180.728363037, "dvar": 245.277084351, "mean": 10.65001297, "dvar2": 598.045959473, "min": 1.22998488069e-16, "var": 256.561279297, "median": 4.21168851852}, "barkbands_kurtosis": {"dmean": 219.447875977, "dmean2": 361.580413818, "max": 4451.30517578, "dvar": 107424.882813, "mean": 277.301239014, "dvar2": 283930.53125, "min": -1.98423790932, "var": 146431.359375, "median": 103.648002625}, "erbbands": {"dmean": [2.11434650421, 9.24854755402, 9.44575881958, 17.9236450195, 11.0639476776, 7.90956115723, 12.4478902817, 15.3876686096, 9.45904922485, 10.3099765778, 15.7214002609, 5.84087848663, 4.48994064331, 6.70353651047, 3.17156481743, 3.38535261154, 2.48707675934, 2.29350543022, 3.35375094414, 2.11359119415, 2.21853232384, 2.14257836342, 2.31594705582, 3.39703464508, 3.53153824806, 3.80402970314, 3.30208992958, 2.28341984749, 2.40507459641, 2.05541300774, 1.68949818611, 1.41544747353, 1.11257696152, 0.798515319824, 0.595805585384, 0.217514544725, 0.0369645468891, 0.00399888539687, 0.000195872358745, 6.94144910085e-05], "dmean2": [3.24582719803, 15.3599510193, 16.0326461792, 32.2285995483, 19.5449810028, 13.1306581497, 22.2853965759, 27.3531894684, 17.0367279053, 19.0566196442, 29.1619167328, 10.1404085159, 7.83854484558, 11.6272220612, 5.54209470749, 5.81362104416, 4.06498146057, 3.90902686119, 5.99032115936, 3.68638682365, 3.67999005318, 3.5706512928, 3.80790185928, 5.98351144791, 6.22370624542, 6.79730510712, 5.78028249741, 3.88061356544, 4.08448553085, 3.39828824997, 2.84986829758, 2.325922966, 1.83844912052, 1.34932792187, 1.03229403496, 0.378523409367, 0.0622074976563, 0.00639363285154, 0.000311063195113, 0.000108611377073], "max": [25.2901382446, 124.758102417, 200.188903809, 357.636993408, 326.124176025, 156.410095215, 249.731414795, 345.274383545, 449.944000244, 266.291625977, 469.247161865, 258.004516602, 129.615005493, 453.630310059, 153.877624512, 188.575958252, 356.209350586, 181.806671143, 421.24609375, 183.264953613, 169.551467896, 170.530548096, 133.607116699, 154.716537476, 404.723571777, 236.49520874, 227.337463379, 151.957962036, 99.5911026001, 187.84614563, 353.495330811, 301.331604004, 46.9539985657, 25.8931484222, 14.1104316711, 5.60896682739, 0.75687879324, 0.0665209442377, 0.0026198187843, 0.000665120314807], "dvar": [9.29093360901, 272.494995117, 373.361572266, 1937.17822266, 850.667480469, 290.673919678, 1036.09716797, 1525.68811035, 752.940734863, 757.66192627, 1942.06225586, 200.495132446, 99.1442947388, 396.127044678, 82.2234954834, 69.7865447998, 55.853679657, 82.9763946533, 500.171356201, 99.8333129883, 88.3761138916, 76.8549194336, 67.1460876465, 104.45891571, 230.7212677, 129.326904297, 97.8395080566, 48.6138267517, 43.382396698, 24.2692565918, 22.6568851471, 13.5843763351, 6.09896707535, 2.97439050674, 2.11943531036, 0.312111437321, 0.00714059406891, 7.02347970218e-05, 1.39432358992e-07, 9.14753783832e-09], "mean": [3.34668636322, 11.505947113, 8.60489749908, 14.1011018753, 8.32009887695, 6.26536607742, 8.64728164673, 10.6391611099, 6.84096336365, 6.73946046829, 10.2291231155, 4.72511053085, 3.72306251526, 5.38578748703, 2.58802127838, 2.89556717873, 2.45561647415, 1.86668801308, 2.26728177071, 1.5153554678, 1.75305509567, 1.65739238262, 1.8427195549, 2.3282699585, 2.44013524055, 2.54732751846, 2.39573717117, 1.91796433926, 2.02166676521, 1.73853850365, 1.35959219933, 1.1528185606, 0.896591544151, 0.598369896412, 0.41913869977, 0.152606889606, 0.0279054548591, 0.00323284231126, 0.00018523815379, 0.000108716660179], "dvar2": [16.7062854767, 737.284790039, 949.397827148, 5375.23095703, 2374.65600586, 723.988891602, 2874.08203125, 4146.53808594, 2098.2199707, 2131.71459961, 5488.33105469, 495.95791626, 255.819076538, 1071.60925293, 221.01902771, 174.239562988, 121.615180969, 224.381484985, 1409.35058594, 274.412445068, 229.250045776, 196.28918457, 172.978317261, 276.256591797, 654.027038574, 357.602844238, 270.302703857, 133.296768188, 116.193397522, 61.9363441467, 49.9117774963, 28.9503269196, 14.990363121, 7.65346765518, 5.58496236801, 0.831300497055, 0.0176125839353, 0.000160523137311, 3.06916888348e-07, 1.87677589025e-08], "min": [3.83398870251e-22, 2.35400032112e-21, 1.32631068379e-20, 1.82985340817e-20, 8.36765374031e-20, 9.26306731837e-19, 6.42228766152e-19, 4.75006450506e-19, 7.24569891542e-19, 1.58508236726e-18, 1.15899305174e-18, 1.15298616953e-18, 1.38779606886e-18, 1.66506597621e-18, 2.14253199657e-18, 7.14244320032e-18, 7.61344149547e-18, 6.13027811943e-18, 4.83236101439e-18, 5.33161579927e-18, 4.74969837424e-18, 9.40702052639e-18, 5.94302014518e-18, 8.912549327e-18, 9.15029013404e-18, 7.78282657823e-18, 1.14214559537e-17, 1.79316874934e-17, 2.33741322598e-17, 2.1493444493e-17, 2.37257369597e-17, 1.82039622638e-17, 1.40094236761e-17, 1.05448761149e-17, 8.62232225574e-18, 4.89310626345e-18, 2.85473181564e-18, 1.50972828141e-18, 3.84244342137e-19, 4.33498346422e-20], "var": [20.5852355957, 311.039459229, 329.952362061, 1345.12646484, 561.802978516, 243.184341431, 671.405883789, 1036.1505127, 487.553131104, 462.708129883, 1201.05786133, 212.752166748, 90.5351104736, 302.071411133, 65.3054580688, 71.555847168, 80.853843689, 62.5097885132, 301.530517578, 66.2978057861, 70.0552520752, 60.8720283508, 55.7442398071, 75.6134872437, 140.852325439, 85.3835296631, 66.3440475464, 38.1697311401, 37.7665901184, 24.0200519562, 34.9206047058, 20.385383606, 5.67474937439, 2.42667388916, 1.53345763683, 0.218305855989, 0.0059506315738, 6.73369140713e-05, 1.42280384807e-07, 1.72024261502e-08], "median": [1.52674365044, 4.52381420135, 1.87428677082, 0.965845882893, 0.46692699194, 0.465934991837, 0.336816102266, 0.340946555138, 0.229583591223, 0.159577935934, 0.115515075624, 0.0894292145967, 0.103665672243, 0.105154402554, 0.0829542800784, 0.0684627145529, 0.055967181921, 0.0391648113728, 0.0380099192262, 0.0271901488304, 0.0286547616124, 0.0351419374347, 0.0410738661885, 0.0457579903305, 0.0466151311994, 0.0536899603903, 0.0774580314755, 0.0721661001444, 0.0616055428982, 0.0543907508254, 0.0447263009846, 0.0539067834616, 0.0470567643642, 0.0318132676184, 0.0189124904573, 0.00666807591915, 0.001343696611, 0.000135809823405, 3.59000769095e-05, 5.76512611588e-05]}, "spectral_energy": {"dmean": 0.0594725683331, "dmean2": 0.092711225152, "max": 0.590353965759, "dvar": 0.00690644793212, "mean": 0.0954899862409, "dvar2": 0.0139552084729, "min": 1.07209594801e-20, "var": 0.0136103322729, "median": 0.0482099577785}, "zerocrossingrate": {"dmean": 0.00631141429767, "dmean2": 0.00840858649462, "max": 0.7626953125, "dvar": 9.60227189353e-05, "mean": 0.0171966664493, "dvar2": 0.000124636077089, "min": 0.00146484375, "var": 0.00338972592726, "median": 0.0068359375}, "