{"tonal": {"hpcp": {"dvar": [0.058182861656, 0.0418380945921, 0.0396874025464, 0.0400891564786, 0.0418346226215, 0.0445779487491, 0.0567944124341, 0.0525119937956, 0.0563996583223, 0.0623712688684, 0.0589786171913, 0.0529633052647, 0.0589687898755, 0.055412273854, 0.0491542704403, 0.0502363406122, 0.0541262738407, 0.0488626137376, 0.0329051688313, 0.0266568269581, 0.0259880255908, 0.0308409351856, 0.0286418013275, 0.0307907070965, 0.0611422173679, 0.0324020013213, 0.0296303555369, 0.0443226732314, 0.04929349944, 0.0547166094184, 0.0607173778117, 0.058455158025, 0.0579591393471, 0.0536881573498, 0.0547492392361, 0.0602408610284], "var": [0.0773956105113, 0.0580105558038, 0.0346192754805, 0.0296171288937, 0.0316965617239, 0.0410231351852, 0.0753041282296, 0.0958680137992, 0.0688381716609, 0.073168374598, 0.0631966814399, 0.053281199187, 0.0734274312854, 0.070588901639, 0.0505069158971, 0.0677517130971, 0.101538352668, 0.0650060102344, 0.0255740731955, 0.0197676233947, 0.0262821018696, 0.0428919233382, 0.0355653911829, 0.0345526747406, 0.0681669935584, 0.03326221928, 0.0284085515887, 0.0662572458386, 0.0702484920621, 0.0520868748426, 0.0655711889267, 0.060476038605, 0.0489333160222, 0.0527278110385, 0.0582468770444, 0.0623151212931], "median": [0.0435970202088, 0.0354522541165, 0.0242778919637, 0.0177165232599, 0.0163510460407, 0.020162243396, 0.0260877385736, 0.0320061407983, 0.0358230024576, 0.0301054939628, 0.0280601158738, 0.0336394868791, 0.0452476143837, 0.0519173406065, 0.0468345880508, 0.0509377792478, 0.0520728230476, 0.0454268157482, 0.0326500833035, 0.0257542543113, 0.0244372803718, 0.0328788347542, 0.031843688339, 0.0637290924788, 0.0691446065903, 0.0534755438566, 0.0301988609135, 0.0464952029288, 0.0502168163657, 0.0417981632054, 0.0237329974771, 0.0190747864544, 0.0214656069875, 0.0218466296792, 0.0293218269944, 0.044716257602], "max": [1, 1, 1, 1, 1, 1, 1, 1, 1, 1, 1, 1, 1, 1, 1, 1, 1, 1, 1, 1, 1, 1, 1, 1, 1, 1, 1, 1, 1, 1, 1, 1, 1, 1, 1, 1], "dmean": [0.16789624095, 0.132670879364, 0.115074723959, 0.109088785946, 0.111293457448, 0.125535055995, 0.149717584252, 0.140334531665, 0.162836164236, 0.157801747322, 0.149405628443, 0.149830490351, 0.157180324197, 0.158352404833, 0.147316083312, 0.148748099804, 0.145942568779, 0.139403089881, 0.10143006593, 0.079525321722, 0.086496822536, 0.101866140962, 0.0974767506123, 0.125576466322, 0.174545571208, 0.122653879225, 0.099136851728, 0.134152844548, 0.148796826601, 0.156445607543, 0.153639823198, 0.144436731935, 0.139770612121, 0.137041077018, 0.146124273539, 0.172831684351], "dmean2": [0.297901123762, 0.23231305182, 0.210083991289, 0.202946558595, 0.206106856465, 0.227679640055, 0.268050283194, 0.24926649034, 0.290043562651, 0.284216165543, 0.269543468952, 0.267324090004, 0.276630222797, 0.280277043581, 0.26141834259, 0.259357780218, 0.255001366138, 0.247100204229, 0.184151798487, 0.144129499793, 0.154753729701, 0.180569753051, 0.17277097702, 0.222906947136, 0.310391545296, 0.216665461659, 0.177096858621, 0.232298597693, 0.260342597961, 0.280631363392, 0.275918722153, 0.260471284389, 0.255424141884, 0.247619777918, 0.260840773582, 0.31110906601], "mean": [0.187383338809, 0.155193418264, 0.101668104529, 0.0838295295835, 0.0861502364278, 0.110155269504, 0.165085569024, 0.194321021438, 0.170327037573, 0.156538307667, 0.143628448248, 0.139087632298, 0.17201988399, 0.173495933414, 0.145394593477, 0.174334004521, 0.212950706482, 0.162203550339, 0.0929993912578, 0.0721523463726, 0.0845133066177, 0.114209279418, 0.107430130243, 0.138072818518, 0.187283366919, 0.127079188824, 0.0979214757681, 0.16780385375, 0.179526895285, 0.144868060946, 0.143287152052, 0.132092237473, 0.11465485394, 0.125239387155, 0.140810266137, 0.162358090281], "dvar2": [0.150287628174, 0.109789259732, 0.11160620302, 0.111818604171, 0.117001503706, 0.123122513294, 0.155554875731, 0.135066062212, 0.157867848873, 0.157729655504, 0.157822668552, 0.139041632414, 0.143802970648, 0.144972234964, 0.137637555599, 0.131305620074, 0.132442578673, 0.130672842264, 0.0935289338231, 0.0747510269284, 0.0699067935348, 0.0838952809572, 0.0784669071436, 0.0844703018665, 0.162831798196, 0.0884126201272, 0.0818498581648, 0.112363964319, 0.130844712257, 0.152636408806, 0.157964453101, 0.15569640696, 0.160259023309, 0.143686190248, 0.145492509007, 0.166264742613], "min": [0, 0, 0, 0, 0, 0, 0, 0, 0, 0, 0, 0, 0, 0, 0, 0, 0, 0, 0, 0, 0, 0, 0, 0, 0, 0, 0, 0, 0, 0, 0, 0, 0, 0, 0, 0]}, "key_key": "F#", "thpcp": [1, 0.76169526577, 0.436717927456, 0.338821828365, 0.396867930889, 0.536317944527, 0.504483580589, 0.648379266262, 0.879468142986, 0.596754014492, 0.459831655025, 0.787993907928, 0.843044400215, 0.680289149284, 0.672865331173, 0.620294928551, 0.538410305977, 0.588114440441, 0.661234080791, 0.762421011925, 0.879937648773, 0.728776276112, 0.477425545454, 0.39365696907, 0.4045548141, 0.517280578613, 0.775229036808, 0.912516415119, 0.799842536449, 0.735091745853, 0.674468040466, 0.653144717216, 0.807792007923, 0.814723432064, 0.682761728764, 0.818658947945], "chords_key": "B", "tuning_equal_tempered_deviation": 0.177625834942, "tuning_frequency": 434.193115234, "tuning_diatonic_strength": 0.46722227335, "chords_histogram": [3.6997885704, 9.76744174957, 3.97463011742, 5.983086586, 1.50105702877, 1.45877373219, 0.0422832965851, 1.22621560097, 1.22621560097, 4.14376306534, 1.64904856682, 3.23467230797, 10.08456707, 0, 0.25369977951, 1.03594076633, 9.66173362732, 2.3044397831, 1.7336152792, 2.8329808712, 1.52219867706, 3.53065538406, 20.8245239258, 8.3086681366], "key_strength": 0.526712417603, "key_scale": "minor", "chords_strength": {"dvar": 0.000552186742425, "var": 0.0143681271002, "median": 0.446898251772, "max": 0.791264295578, "dmean": 0.0151334516704, "dmean2": 0.0173125378788, "mean": 0.451495289803, "dvar2": 0.00101255928166, "min": -1}, "chords_number_rate": 0.00443974649534, "tuning_nontempered_energy_ratio": 0.883765518665, "hpcp_entropy": {"dvar": 0.266714602709, "var": 0.582430779934, "median": 2.65172147751, "max": 4.49298810959, "dmean": 0.635737001896, "dmean2": 1.07616317272, "mean": 2.63518381119, "dvar2": 0.741505980492, "min": 0}, "chords_changes_rate": 0.119873151183, "chords_scale": "minor"}, "rhythm": {"bpm_histogram_first_peak_spread": {"dvar": 0, "var": 0, "median": 0.035714302212, "max": 0.035714302212, "dmean": 0, "dmean2": 0, "mean": 0.035714302212, "dvar2": 0, "min": 0.035714302212}, "bpm_histogram_first_peak_weight": {"dvar": 0, "var": 0, "median": 0.681388020515, "max": 0.681388020515, "dmean": 0, "dmean2": 0, "mean": 0.681388020515, "dvar2": 0, "min": 0.681388020515}, "bpm_histogram_first_peak_bpm": {"dvar": 0, "var": 0, "median": 81, "max": 81, "dmean": 0, "dmean2": 0, "mean": 81, "dvar2": 0, "min": 81}, "bpm": 80.9130477905, "bpm_histogram_second_peak_weight": {"dvar": 0, "var": 0, "median": 0.164037853479, "max": 0.164037853479, "dmean": 0, "dmean2": 0, "mean": 0.164037853479, "dvar2": 0, "min": 0.164037853479}, "beats_loudness": {"dvar": 0.000272351724561, "var": 0.000448229751782, "median": 0.057141803205, "max": 0.120492950082, "dmean": 0.0200272426009, "dmean2": 0.0347252935171, "mean": 0.0584575012326, "dvar2": 0.000721437798347, "min": 2.78118153507e-11}, "beats_loudness_band_ratio": {"dvar": [0.0284878704697, 0.00777153996751, 0.00216639973223, 0.0014672530815, 0.00296931038611, 0.0052373255603], "var": [0.0455314777792, 0.00827924720943, 0.00242647668347, 0.00245582358912, 0.00510834436864, 0.00648756464943], "median": [0.652604162693, 0.0737534984946, 0.0502078235149, 0.0385646894574, 0.0577689260244, 0.0789458602667], "max": [0.967314064503, 0.542464673519, 0.282176584005, 0.269029349089, 0.502970457077, 0.546497762203], "dmean": [0.215673550963, 0.107884570956, 0.0491757877171, 0.0390323810279, 0.0461685061455, 0.0714909806848], "dmean2": [0.381153762341, 0.197182551026, 0.0888343751431, 0.0677794218063, 0.0794462710619, 0.122684307396], "mean": [0.622291445732, 0.104207322001, 0.0620708875358, 0.0536615252495, 0.0756182968616, 0.102271154523], "dvar2": [0.084731169045, 0.0229499544948, 0.00616790400818, 0.00376099999994, 0.00739200972021, 0.0137652540579], "min": [0, 0, 0, 0, 0, 0]}, "bpm_histogram_second_peak_bpm": {"dvar": 0, "var": 0, "median": 108, "max": 108, "dmean": 0, "dmean2": 0, "mean": 108, "dvar2": 0, "min": 108}, "onset_rate": 3.90726208687, "beats_count": 318, "beats_position": [0.766258478165, 1.55573689938, 2.35682535172, 3.13469386101, 3.92417216301, 4.71365070343, 5.51473903656, 6.29260778427, 7.03564596176, 7.77868461609, 8.52172279358, 9.26476192474, 10.0078001022, 10.7508392334, 11.4938774109, 12.2253055573, 12.9567346573, 13.6997728348, 14.4428119659, 15.1858501434, 15.9288883209, 16.6719264984, 17.4149665833, 18.1580047607, 18.8894329071, 19.6208610535, 20.363899231, 21.1069393158, 21.8499774933, 22.5814056396, 23.312833786, 24.0442619324, 24.7873020172, 25.5419502258, 26.2849884033, 27.0396366119, 27.7942848206, 28.537322998, 29.2803630829, 30.0001811981, 30.7316093445, 31.474647522, 32.2060775757, 32.9258956909, 33.6689338684, 34.4235839844, 35.1666221619, 35.9212684631, 36.6759185791, 37.4073448181, 38.1503829956, 38.8934249878, 39.6364631653, 40.3795013428, 41.1225395203, 41.8655776978, 42.5970077515, 43.3284339905, 44.0598640442, 44.7912902832, 45.5343284607, 46.2773704529, 47.0204086304, 47.7634468079, 48.5064849854, 49.2495231628, 49.9809532166, 50.7123794556, 51.4554176331, 52.1984558105, 52.941493988, 53.6845359802, 54.4275741577, 55.1706123352, 55.9136505127, 56.6334686279, 57.3765068054, 58.1195449829, 58.8625831604, 59.6056213379, 60.3486595154, 61.0916976929, 61.8463478088, 62.5893859863, 63.3440361023, 64.0870742798, 64.8185043335, 65.5499343872, 66.29296875, 67.0360107422, 67.7674331665, 68.4988632202, 69.2419052124, 69.9733352661, 70.7047576904, 71.4594116211, 72.2140579224, 72.9570999146, 73.7001342773, 74.4431762695, 75.1745986938, 75.9060287476, 76.6606826782, 77.3921051025, 78.1235351563, 78.85496521, 79.5979995728, 80.3410415649, 81.0840835571, 81.8271179199, 82.5701599121, 83.3131942749, 84.0562362671, 84.7760543823, 85.5190887451, 86.2621307373, 87.0051651001, 87.7482070923, 88.4912490845, 89.2342834473, 89.9773254395, 90.7203598022, 91.451789856, 92.1832199097, 92.9262542725, 93.6692962646, 94.4123306274, 95.1553726196, 95.8984146118, 96.6414489746, 97.3844909668, 98.1159133911, 98.8473434448, 99.590385437, 100.3334198, 101.076461792, 101.819496155, 102.562538147, 103.305580139, 104.048614502, 104.780044556, 105.523078918, 106.266120911, 106.997550964, 107.740585327, 108.483627319, 109.226661682, 109.969703674, 110.712738037, 111.455780029, 112.198822021, 112.941856384, 113.684898376, 114.427932739, 115.159362793, 115.890792847, 116.633827209, 117.376869202, 118.131515503, 118.862945557, 119.605987549, 120.349021912, 121.092063904, 121.835098267, 122.578140259, 123.309570313, 124.040992737, 124.784034729, 125.527069092, 126.270111084, 127.013153076, 127.756187439, 128.499221802, 129.242263794, 129.985305786, 130.71673584, 131.448165894, 132.191192627, 132.922622681, 133.654052734, 134.397094727, 135.140136719, 135.883178711, 136.626205444, 137.369247437, 138.112289429, 138.855331421, 139.609970093, 140.364624023, 141.107666016, 141.850692749, 142.570526123, 143.290344238, 144.033370972, 144.776412964, 145.507843018, 146.239273071, 146.982315063, 147.725341797, 148.468383789, 149.211425781, 149.954467773, 150.685897827, 151.417327881, 152.171966553, 152.926620483, 153.669662476, 154.412689209, 155.155731201, 155.898773193, 156.641815186, 157.373245239, 158.104675293, 158.847702026, 159.590744019, 160.333786011, 161.076828003, 161.819854736, 162.562896729, 163.294326782, 164.037368774, 164.768798828, 165.51184082, 166.254867554, 166.997909546, 167.740951538, 168.48399353, 169.227020264, 169.970062256, 170.724716187, 171.305206299, 171.897323608, 172.477813721, 173.058319092, 173.638824463, 174.196090698, 174.753372192, 175.310653687, 175.867935181, 176.425216675, 176.982498169, 177.539764404, 178.097045898, 178.654327393, 179.211608887, 179.768890381, 180.326171875, 180.871826172, 181.429107666, 181.98638916, 182.532058716, 183.08934021, 183.635009766, 184.180679321, 184.737960815, 185.29524231, 185.852508545, 186.409790039, 186.967071533, 187.524353027, 188.081634521, 188.638900757, 189.196182251, 189.753463745, 190.299133301, 190.844802856, 191.402084351, 191.970977783, 192.539855957, 193.097137451, 193.642807007, 194.200088501, 194.757369995, 195.303039551, 195.860321045, 196.394378662, 196.951644897, 197.508926392, 198.066207886, 198.62348938, 199.180770874, 199.738052368, 200.295318604, 200.852600098, 201.409881592, 201.967163086, 202.52444458, 203.070114136, 203.615783691, 204.173049927, 204.730331421, 205.287612915, 205.844894409, 206.402175903, 206.971069336, 207.516723633, 208.074005127, 208.631286621, 209.188568115, 209.745849609, 210.303131104, 210.860397339, 211.406066895, 211.95173645, 212.485794067, 213.019866943, 213.565536499, 214.018310547, 214.482711792, 214.947113037, 215.411514282, 215.875915527, 216.351928711, 216.827926636, 217.303939819, 217.779953003, 218.255966187, 218.731964111], "danceability": 1.22982478142, "bpm_histogram_second_peak_spread": {"dvar": 0, "var": 0, "median": 0.277777791023, "max": 0.277777791023, "dmean": 0, "dmean2": 0, "mean": 0.277777791023, "dvar2": 0, "min": 0.277777791023}}, "lowlevel": {"spectral_flux": {"dvar": 0.00341863743961, "var": 0.00533576356247, "median": 0.110226333141, "max": 0.547846734524, "dmean": 0.0406866036355, "dmean2": 0.0665661171079, "mean": 0.127451092005, "dvar2": 0.0064797392115, "min": 6.4746513706e-11}, "spectral_rolloff": {"dvar": 965098.625, "var": 3619611, "median": 861.328125, "max": 19530.6152344, "dmean": 641.147644043, "dmean2": 1049.34460449, "mean": 1495.47363281, "dvar2": 2109911, "min": 64.599609375}, "barkbands_flatness_db": {"dvar": 0.000793668325059, "var": 0.0030826262664, "median": 0.117167495191, "max": 0.529919803143, "dmean": 0.0278380531818, "dmean2": 0.0417223200202, "mean": 0.129379376769, "dvar2": 0.00184983364306, "min": 0.0142913777381}, "spectral_centroid": {"dvar": 126621.03125, "var": 853028.75, "median": 1680.50476074, "max": 11466.6542969, "dmean": 331.162231445, "dmean2": 501.926330566, "mean": 1720.94372559, "dvar2": 259523.65625, "min": 100.490280151}, "melbands_skewness": {"dvar": 2.77768492699, "var": 6.43707513809, "median": 3.78487801552, "max": 19.7283744812, "dmean": 1.35028755665, "dmean2": 2.14928603172, "mean": 4.37796354294, "dvar2": 7.02490568161, "min": -0.819520354271}, "melbands": {"dvar": [5.19108143635e-05, 0.000145726298797, 9.13573603611e-06, 5.58257454486e-07, 2.94607133355e-07, 2.81398939705e-07, 4.11797707045e-08, 2.69560409549e-08, 3.69992569915e-08, 3.43709771755e-08, 1.01357615634e-08, 6.62551435937e-09, 3.90231980063e-09, 5.80511239079e-09, 3.4123253112e-09, 4.19338075375e-09, 5.1862683037e-09, 3.19925952397e-09, 2.40243847038e-09, 2.09448880462e-09, 3.14045434102e-09, 1.46976331106e-09, 6.42644715221e-10, 2.09082182123e-10, 1.5628362493e-10, 1.87527993134e-10, 3.10825309935e-10, 2.24366997204e-10, 1.31104418988e-10, 1.54064302982e-10, 1.83619605632e-10, 1.55169363469e-10, 1.28674584876e-10, 1.35395930578e-10, 1.22763799126e-10, 7.07974234793e-11, 2.47493830985e-11, 2.11067986006e-11, 1.69925132992e-11, 7.26060487774e-12], "var": [4.22032317147e-05, 0.000111862595077, 8.97570316738e-06, 7.44702902011e-07, 2.5684079219e-07, 1.98945357965e-07, 4.99529875242e-08, 3.97315496059e-08, 6.42034834186e-08, 8.43953813501e-08, 1.74657621699e-08, 2.1013534024e-08, 9.22026455186e-09, 1.6243831169e-08, 7.46466799484e-09, 1.1747112616e-08, 1.14277582952e-08, 6.64454091748e-09, 6.26501828194e-09, 4.53621895602e-09, 7.88810794461e-09, 2.91435209299e-09, 1.50874901461e-09, 4.10469214174e-10, 3.0132452089e-10, 3.13912396077e-10, 6.69310162849e-10, 4.91878093811e-10, 2.89440665879e-10, 3.00168973011e-10, 3.56797286161e-10, 3.42499750783e-10, 3.26536020445e-10, 3.1219543617e-10, 2.77872752585e-10, 1.69270222838e-10, 6.69003741294e-11, 4.48562090249e-11, 3.41753361721e-11, 1.47498714631e-11], "median": [0.00450650183484, 0.00495261885226, 0.00189064373262, 0.000606716726907, 0.000171180377947, 9.20762831811e-05, 7.14205525583e-05, 8.62028027768e-05, 0.000116125927889, 0.000112147186883, 3.87528489227e-05, 3.38212339557e-05, 3.28461683239e-05, 2.76924438367e-05, 2.21924346988e-05, 3.45134249073e-05, 3.69579611288e-05, 3.09325114358e-05, 1.91060571524e-05, 2.71865501418e-05, 3.61941056326e-05, 3.05898684019e-05, 1.78844529728e-05, 1.48914978126e-05, 1.19324049592e-05, 1.14712729555e-05, 9.81252378551e-06, 9.43820668908e-06, 1.01566511148e-05, 1.04227055999e-05, 6.97356153978e-06, 6.24309723207e-06, 6.0572788243e-06, 5.00046917296e-06, 3.60974490832e-06, 2.13239945879e-06, 1.58966327035e-06, 1.18373532132e-06, 9.47316038946e-07, 6.28042357675e-07], "max": [0.0599995069206, 0.102679990232, 0.0316547006369, 0.00978656299412, 0.00713173532858, 0.00705796433613, 0.00318180536851, 0.00358775234781, 0.00404352368787, 0.00350249558687, 0.00163248088211, 0.00223072269, 0.00136514054611, 0.00247754249722, 0.00147302472033, 0.00191639445256, 0.00256290100515, 0.00129592407029, 0.00195500883274, 0.00168866699096, 0.0020674332045, 0.00093610183103, 0.000590854673646, 0.000289542920655, 0.000321308791172, 0.000310363451717, 0.000347961788066, 0.000324066350004, 0.000192851934116, 0.000339965656167, 0.00025045737857, 0.000232434103964, 0.000176118133822, 0.000240675246459, 0.000255147868302, 0.000212630387978, 0.000102944075479, 8.8511435024e-05, 9.16704011615e-05, 5.54813123017e-05], "dmean": [0.00387936434709, 0.00618280237541, 0.00192434235942, 0.000523565860931, 0.00024296855554, 0.000180585411726, 9.55165305641e-05, 9.27617875277e-05, 0.000116642921057, 0.00011476301006, 4.89513768116e-05, 3.98065749323e-05, 3.30901311827e-05, 3.22238338413e-05, 2.63410438492e-05, 3.23917083733e-05, 3.50312839146e-05, 3.12270058203e-05, 2.06955719477e-05, 2.26264946832e-05, 2.99628427456e-05, 2.29025063163e-05, 1.50470086737e-05, 9.76957198873e-06, 8.04678347777e-06, 8.58740895637e-06, 9.58561213338e-06, 8.80914376467e-06, 7.28258282834e-06, 7.95705273049e-06, 7.7573249655e-06, 6.98079793438e-06, 6.27006647846e-06, 5.84589542996e-06, 4.80225253341e-06, 3.47171771864e-06, 2.20729452849e-06, 1.89057220723e-06, 1.72814611687e-06, 1.1889636653e-06], "dmean2": [0.00662941951305, 0.0106977419928, 0.00330131337978, 0.000864563859068, 0.000410319888033, 0.000310824689222, 0.00016153632896, 0.000157836562721, 0.000194880543859, 0.000191003724467, 8.1443839008e-05, 6.39684658381e-05, 5.44692738913e-05, 5.32235644641e-05, 4.32389460912e-05, 5.16336076544e-05, 5.67991373828e-05, 5.07817312609e-05, 3.24729226122e-05, 3.66606655007e-05, 4.88868281536e-05, 3.74589653802e-05, 2.44006660068e-05, 1.62409596669e-05, 1.31036413222e-05, 1.38287659865e-05, 1.52432667164e-05, 1.41072996485e-05, 1.12325669761e-05, 1.24874813991e-05, 1.21916991702e-05, 1.0795358321e-05, 9.7037100204e-06, 9.04407625058e-06, 7.38464495953e-06, 5.26356552655e-06, 3.30696184392e-06, 2.84502471004e-06, 2.58902832684e-06, 1.78435027465e-06], "mean": [0.00587340258062, 0.0079618440941, 0.00280640204437, 0.000859811494593, 0.000310686969897, 0.000201349510462, 0.000138300660183, 0.000145037585753, 0.00019482645439, 0.000202603274374, 8.23384325486e-05, 7.4341573054e-05, 5.94872617512e-05, 5.80727646593e-05, 4.56114503322e-05, 6.11855066381e-05, 6.46494227112e-05, 5.70783740841e-05, 3.79320517823e-05, 4.16686925746e-05, 5.74167679588e-05, 4.51559208159e-05, 3.06059482682e-05, 1.99642345251e-05, 1.63704753504e-05, 1.65810324688e-05, 1.84318305401e-05, 1.66415629792e-05, 1.45791773321e-05, 1.5361178157e-05, 1.35347381729e-05, 1.27649464048e-05, 1.23973304653e-05, 1.08867989184e-05, 8.81675077835e-06, 6.4101868702e-06, 4.43269891548e-06, 3.54053167939e-06, 3.04586546918e-06, 2.07670882446e-06], "dvar2": [0.000144887002534, 0.000415566348238, 2.56818384514e-05, 1.47473429024e-06, 7.83886378031e-07, 7.75117541707e-07, 1.14435621867e-07, 7.51036495217e-08, 9.90578001847e-08, 9.00102961054e-08, 2.71155240483e-08, 1.54744661529e-08, 9.68402780188e-09, 1.56999906409e-08, 8.84191919681e-09, 1.01757917648e-08, 1.25415606789e-08, 8.34331803645e-09, 5.24126564372e-09, 5.17535969635e-09, 7.20388193542e-09, 3.69304520298e-09, 1.62626323519e-09, 5.46133749335e-10, 3.95839222511e-10, 4.64852351056e-10, 7.68265229212e-10, 5.49556011809e-10, 2.82518786143e-10, 3.66070646018e-10, 4.35679464728e-10, 3.50019235817e-10, 2.98655711273e-10, 3.03369274146e-10, 2.73391809191e-10, 1.61106530894e-10, 5.34542930752e-11, 4.81393709617e-11, 3.84896073347e-11, 1.63685610205e-11], "min": [2.48091824311e-24, 8.76501083816e-25, 4.60233531539e-25, 3.38680232489e-24, 2.91853606927e-24, 1.52964438675e-24, 1.89176378694e-24, 1.82198351784e-24, 1.76181729382e-24, 1.30095804767e-24, 3.02720402555e-24, 2.24882353188e-24, 2.04832427763e-24, 3.20483104672e-24, 3.64429599068e-24, 4.9039084578e-24, 2.34826773203e-24, 5.37731611437e-24, 2.23012535906e-24, 4.06042051262e-24, 2.35083409377e-24, 4.94496669577e-24, 3.67833888862e-24, 4.3666184507e-24, 4.19919573977e-24, 4.96560053604e-24, 6.62856389488e-24, 4.98761172744e-24, 5.3419684405e-24, 5.10826918619e-24, 5.72926364622e-24, 4.94987814376e-24, 7.74537242221e-24, 6.03500877815e-24, 5.54788914132e-24, 6.49871975647e-24, 5.20888050604e-24, 6.19088729859e-24, 6.70581388789e-24, 5.8858679187e-24]}, "spectral_decrease": {"dvar": 1.79471445212e-16, "var": 1.38112427819e-16, "median": -1.20424497041e-08, "max": 1.46761254366e-28, "dmean": 7.12252568036e-09, "dmean2": 1.23013270681e-08, "mean": -1.45240592886e-08, "dvar2": 5.0959762626e-16, "min": -1.13543237035e-07}, "barkbands_kurtosis": {"dvar": 109.854377747, "var": 250.039093018, "median": 2.3636136055, "max": 318.011138916, "dmean": 5.54553318024, "dmean2": 8.77191352844, "mean": 7.51581811905, "dvar2": 254.071594238, "min": -1.89412045479}, "silence_rate_30dB": {"dvar": 0.0879895836115, "var": 0.0879822745919, "median": 1, "max": 1, "dmean": 0.09749391675, "dmean2": 0.195008456707, "mean": 0.902516365051, "dvar2": 0.171801880002, "min": 0}, "gfcc": {"mean": [33.745765686, 86.4775619507, -111.583976746, 64.9681015015, -51.7093391418, 29.6109447479, -29.8157348633, 12.4087953568, -13.7903642654, -0.370904445648, -17.9459056854, -8.19175434113, -9.41866207123], "cov": [[15039.7851563, 211.088989258, -408.879882813, 853.903381348, -686.185546875, 704.158630371, -296.363128662, 236.722290039, -114.681388855, 139.866134644, -177.955093384, 16.9029026031, -53.9752655029], [211.088989258, 1104.30944824, -273.443695068, -11.7927465439, 133.665939331, -160.110839844, 90.6007919312, -90.9788284302, 102.159362793, -121.659591675, 78.5046920776, -82.6223983765, 58.2758026123], [-408.879882813, -273.443695068, 719.762084961, 59.2124137878, 72.0022735596, 55.5899467468, -24.8101711273, 23.0035057068, -37.8876419067, 29.2216587067, -24.2861270905, 7.6521062851, -59.4498634338], [853.903381348, -11.7927465439, 59.2124137878, 308.613830566, -42.0979499817, 84.3602828979, 2.37268567085, -21.9278469086, 32.6954650879, -9.12618350983, 8.44894218445, -21.4538345337, 12.1318273544], [-686.185546875, 133.665939331, 72.0022735596, -42.0979499817, 212.980865479, -39.4542732239, 45.0348739624, -7.04523277283, 26.3365535736, -9.4629535675, 1.32452499866, -14.6129770279, -3.92759609222], [704.158630371, -160.110839844, 55.5899467468, 84.3602828979, -39.4542732239, 188.113204956, 13.3093576431, 28.5707321167, -9.45572090149, 21.895029068, 0.208937495947, 1.005854249, -12.7730922699], [-296.363128662, 90.6007919312, -24.8101711273, 2.37268567085, 45.0348739624, 13.3093576431, 132.660263062, -0.620671987534, 18.7528362274, -10.3541965485, 10.9713182449, -15.519821167, 3.39807105064], [236.722290039, -90.9788284302, 23.0035057068, -21.9278469086, -7.04523277283, 28.5707321167, -0.620671987534, 81.935218811, 6.94806909561, 18.8255748749, -12.1335611343, 4.47646856308, -13.1373100281], [-114.681388855, 102.159362793, -37.8876419067, 32.6954650879, 26.3365535736, -9.45572090149, 18.7528362274, 6.94806909561, 86.0032424927, 0.962760388851, 14.0962219238, -9.88479042053, 12.3626947403], [139.866134644, -121.659591675, 29.2216587067, -9.12618350983, -9.4629535675, 21.895029068, -10.3541965485, 18.8255748749, 0.962760388851, 70.8977279663, 1.37662696838, 13.047662735, -2.96712970734], [-177.955093384, 78.5046920776, -24.2861270905, 8.44894218445, 1.32452499866, 0.208937495947, 10.9713182449, -12.1335611343, 14.0962219238, 1.37662696838, 71.9295730591, 14.2567195892, 6.11724710464], [16.9029026031, -82.6223983765, 7.6521062851, -21.4538345337, -14.6129770279, 1.005854249, -15.519821167, 4.47646856308, -9.88479042053, 13.047662735, 14.2567195892, 71.2761230469, 13.157169342], [-53.9752655029, 58.2758026123, -59.4498634338, 12.1318273544, -3.92759609222, -12.7730922699, 3.39807105064, -13.1373100281, 12.3626947403, -2.96712970734, 6.11724710464, 13.157169342, 59.9355888367]], "icov": [[0.000243372342084, -0.000682736688759, 0.000195843400434, -0.000760762428399, 0.000501275702845, -0.00079293793533, 0.000542483641766, -0.000878805934917, 0.000827151234262, -0.00104831764475, 0.00123722525313, -0.000885126471985, 0.000717244052794], [-0.000682736688759, 0.00398063845932, -0.000172647851286, 0.0023247001227, -0.00212129508145, 0.0031029144302, -0.00188514217734, 0.00327929039486, -0.00362155493349, 0.00533197913319, -0.00552872847766, 0.00462097860873, -0.00321827130392], [0.000195843400434, -0.000172647851286, 0.00204521114938, -0.0012781585101, -0.000768750382122, -0.000670346897095, 0.000760756491218, -0.000853451550938, 0.00135954155121, -0.00102335517295, 0.00104828982148, -0.000980025157332, 0.00198520766571], [-0.000760762428399, 0.0023247001227, -0.0012781585101, 0.0071977940388, -0.000437813898316, 0.000178542308277, -0.00143189774826, 0.00489939749241, -0.00531136849895, 0.00450011482462, -0.00425322866067, 0.00444589229301, -0.00372925889678], [0.000501275702845, -0.00212129508145, -0.000768750382122, -0.000437813898316, 0.00753915403038, -0.00102465192322, -0.000733219145332, -0.00123423978221, -0.000131061082357, -0.00249565276317, 0.0033746890258, -0.00172212254256, 0.00182388385292], [-0.00079293793533, 0.0031029144302, -0.000670346897095, 0.000178542308277, -0.00102465192322, 0.0104935569689, -0.00342313735746, 0.000462575117126, -0.00143122021109, 0.00259342859499, -0.00531856110319, 0.00349504384212, -0.00176828645635], [0.000542483641766, -0.00188514217734, 0.000760756491218, -0.00143189774826, -0.000733219145332, -0.00342313735746, 0.0102499052882, -0.00229402212426, 0.00113101850729, -0.00161645410117, 0.0017396035837, -0.000661761208903, 0.00115879252553], [-0.000878805934917, 0.00327929039486, -0.000853451550938, 0.00489939749241, -0.00123423978221, 0.000462575117126, -0.00229402212426, 0.0192645899951, -0.00727660255507, 0.00222895620391, -0.00212089391425, 0.0026514173951, -0.000202072245884], [0.000827151234262, -0.00362155493349, 0.00135954155121, -0.00531136849895, -0.000131061082357, -0.00143122021109, 0.00113101850729, -0.00727660255507, 0.0191967822611, -0.00644105998799, 0.00243063620292, -0.00221189390868, 0.00067605584627], [-0.00104831764475, 0.00533197913319, -0.00102335517295, 0.00450011482462, -0.00249565276317, 0.00259342859499, -0.00161645410117, 0.00222895620391, -0.00644105998799, 0.0236529465765, -0.00824089348316, 0.00413761660457, -0.00465265382081], [0.00123722525313, -0.00552872847766, 0.00104828982148, -0.00425322866067, 0.0033746890258, -0.00531856110319, 0.0017396035837, -0.00212089391425, 0.00243063620292, -0.00824089348316, 0.0245340950787, -0.0109685501084, 0.00590916862711], [-0.000885126471985, 0.00462097860873, -0.000980025157332, 0.00444589229301, -0.00172212254256, 0.00349504384212, -0.000661761208903, 0.0026514173951, -0.00221189390868, 0.00413761660457, -0.0109685501084, 0.0231575351208, -0.00921445712447], [0.000717244052794, -0.00321827130392, 0.00198520766571, -0.00372925889678, 0.00182388385292, -0.00176828645635, 0.00115879252553, -0.000202072245884, 0.00067605584627, -0.00465265382081, 0.00590916862711, -0.00921445712447, 0.0238661859185]]}, "silence_rate_20dB": {"dvar": 0, "var": 0, "median": 1, "max": 1, "dmean": 0, "dmean2": 0, "mean": 1, "dvar2": 0, "min": 1}, "barkbands_skewness": {"dvar": 0.780512213707, "var": 2.53307437897, "median": 1.81114506721, "max": 12.3829746246, "dmean": 0.781383395195, "dmean2": 1.21654331684, "mean": 2.15477848053, "dvar2": 1.92037606239, "min": -2.17554354668}, "erbbands_skewness": {"dvar": 0.109053246677, "var": 0.4197229743, "median": -0.257987558842, "max": 7.85141944885, "dmean": 0.31645449996, "dmean2": 0.477617204189, "mean": -0.230811163783, "dvar2": 0.220736563206, "min": -3.66124010086}, "spectral_contrast_valleys": {"dvar": [0.10880702734, 0.120570629835, 0.086747571826, 0.0724259242415, 0.0733645707369, 0.140299469233], "var": [2.95018792152, 2.63188171387, 2.51946663857, 2.46230578423, 2.53992676735, 2.64696145058], "median": [-6.24662590027, -6.43566226959, -6.89356994629, -6.99936676025, -6.72062206268, -9.31599235535], "max": [-4.98478126526, -4.20109939575, -5.20137310028, -5.51296520233, -5.47302293777, -7.27902793884], "dmean": [0.358659625053, 0.359678030014, 0.305695235729, 0.259767204523, 0.225652620196, 0.294844865799], "dmean2": [0.596389293671, 0.598447322845, 0.494511276484, 0.404854983091, 0.328096330166, 0.385868787766], "mean": [-6.51843070984, -6.63294267654, -7.12126207352, -7.24495124817, -7.00005102158, -9.53737449646], "dvar2": [0.25797560811, 0.281817555428, 0.18293197453, 0.13548335433, 0.115405976772, 0.2280959934], "min": [-28.0365562439, -27.9356327057, -27.7961177826, -27.6145362854, -27.4684791565, -27.3926773071]}, "spectral_strongpeak": {"dvar": 0.421403884888, "var": 0.386526286602, "median": 0.305843830109, "max": 15.0511379242, "dmean": 0.285563856363, "dmean2": 0.500686109066, "mean": 0.443145692348, "dvar2": 1.16551923752, "min": 0}, "erbbands_crest": {"dvar": 3.64182209969, "var": 9.87140083313, "median": 5.78978824615, "max": 29.0040855408, "dmean": 1.96101248264, "dmean2": 3.19785284996, "mean": 6.61012649536, "dvar2": 8.84458732605, "min": 2.20467662811}, "barkbands_crest": {"dvar": 5.91461277008, "var": 13.1199741364, "median": 10.6179084778, "max": 23.0165863037, "dmean": 2.85766196251, "dmean2": 4.67773723602, "mean": 10.7707099915, "dvar2": 15.9204387665, "min": 2.30806899071}, "spectral_energyband_middle_low": {"dvar": 6.14919699728e-05, "var": 7.74879372329e-05, "median": 0.010082452558, "max": 0.0822145566344, "dmean": 0.00586089445278, "dmean2": 0.00989928748459, "mean": 0.0121731990948, "dvar2": 0.000164912737091, "min": 1.63387873569e-22}, "spectral_contrast_coeffs": {"dvar": [0.00202902522869, 0.00125922355801, 0.000768468307797, 0.000529502751306, 0.000323219224811, 0.000423667836003], "var": [0.00557299051434, 0.00334432930686, 0.00274927006103, 0.00187791418284, 0.00139818689786, 0.00210982817225], "median": [-0.659162759781, -0.781253397465, -0.804047346115, -0.803999722004, -0.798842906952, -0.729497015476], "max": [-0.397308170795, -0.537746846676, -0.582419574261, -0.557699203491, -0.571394622326, -0.574503362179], "dmean": [0.0560857951641, 0.0454816110432, 0.0360192209482, 0.0283268503845, 0.0212241653353, 0.020735969767], "dmean2": [0.0930081903934, 0.0759615600109, 0.0602889023721, 0.0466057397425, 0.0343846939504, 0.0319931395352], "mean": [-0.657292306423, -0.778420329094, -0.798406898975, -0.800091147423, -0.795603275299, -0.730448126793], "dvar2": [0.00560985133052, 0.00349371694028, 0.00212610792369, 0.00136567943264, 0.000777540844865, 0.000887406466063], "min": [-0.977314054966, -0.979602575302, -0.974910676479, -0.970360279083, -0.966478466988, -0.965074539185]}, "hfc": {"dvar": 190.216934204, "var": 693.656311035, "median": 28.0954818726, "max": 244.070037842, "dmean": 9.96073055267, "dmean2": 14.9724035263, "mean": 34.9109458923, "dvar2": 410.939117432, "min": 1.09392710334e-16}, "spectral_energyband_high": {"dvar": 2.77477533928e-06, "var": 1.0469299923e-05, "median": 0.00151880388148, "max": 0.0274702906609, "dmean": 0.00101990497205, "dmean2": 0.00142725545447, "mean": 0.00260894116946, "dvar2": 5.15945293955e-06, "min": 7.19205673737e-21}, "erbbands_spread": {"dvar": 224.947952271, "var": 492.045715332, "median": 51.4429588318, "max": 157.070373535, "dmean": 12.4258546829, "dmean2": 19.7968349457, "mean": 54.8748397827, "dvar2": 575.255493164, "min": 3.85229158401}, "dissonance": {"dvar": 0.000141606273246, "var": 0.000220447851461, "median": 0.486090004444, "max": 0.500000178814, "dmean": 0.010644855909, "dmean2": 0.0180847086012, "mean": 0.482444375753, "dvar2": 0.000393206079025, "min": 0.0758752673864}, "spectral_kurtosis": {"dvar": 1.65513074398, "var": 3.69047951698, "median": 1.89142131805, "max": 30.9111919403, "dmean": 0.928617179394, "dmean2": 1.54581034184, "mean": 2.29205918312, "dvar2": 4.1223654747, "min": -1.25146079063}, "spectral_skewness": {"dvar": 0.0354748740792, "var": 0.141876146197, "median": 1.06050682068, "max": 4.34377574921, "dmean": 0.170345425606, "dmean2": 0.261124998331, "mean": 1.09209084511, "dvar2": 0.0762784853578, "min": -0.0702869519591}, "pitch_salience": {"dvar": 0.00505411997437, "var": 0.0125783989206, "median": 0.538443624973, "max": 0.92804569006, "dmean": 0.0853453800082, "dmean2": 0.1384832412, "mean": 0.529518067837, "dvar2": 0.0134466532618, "min": 0.0908667296171}, "spectral_complexity": {"dvar": 19.8763771057, "var": 142.539535522, "median": 30, "max": 62, "dmean": 4.72729206085, "dmean2": 6.96637058258, "mean": 28.9529495239, "dvar2": 38.4714775085, "min": 0}, "spectral_spread": {"dvar": 601576308736, "var": 6635792105470.0, "median": 4887918, "max": 42448844, "dmean": 518192.46875, "dmean2": 742691.1875, "mean": 5154931.5, "dvar2": 1027240689660.0, "min": 1647051.75}, "dynamic_complexity": 1.9270824194, "melbands_crest": {"dvar": 8.2947101593, "var": 23.8521537781, "median": 16.7044677734, "max": 32.8460617065, "dmean": 3.52965807915, "dmean2": 5.78218793869, "mean": 16.8024921417, "dvar2": 21.8778018951, "min": 1.63701450825}, "zerocrossingrate": {"dvar": 0.000147494574776, "var": 0.00207954761572, "median": 0.056640625, "max": 0.52685546875, "dmean": 0.0115975700319, "dmean2": 0.0136431129649, "mean": 0.0645379498601, "dvar2": 0.000198024790734, "min": 0.00244140625}, "spectral_energyband_low": {"dvar": 0.00256799324416, "var": 0.00196447758935, "median": 0.0298286695033, "max": 0.415184766054, "dmean": 0.0259147658944, "dmean2": 0.0446953289211, "mean": 0.0402596592903, "dvar2": 0.00728070456535, "min": 2.0241932592e-23}, "melbands_kurtosis": {"dvar": 1336.88537598, "var": 2373.63525391, "median": 16.6031570435, "max": 691.063842773, "dmean": 20.9910202026, "dmean2": 34.1877708435, "mean": 33.3614273071, "dvar2": 3293.71875, "min": -1.61347186565}, "spectral_energyband_middle_high": {"dvar": 4.56527959614e-06, "var": 2.09756490221e-05, "median": 0.00458610011265, "max": 0.0326387435198, "dmean": 0.00165335112251, "dmean2": 0.00257203122601, "mean": 0.00577541766688, "dvar2": 1.1255672689e-05, "min": 1.2080977895e-21}, "barkbands_spread": {"dvar": 86.6286010742, "var": 319.741729736, "median": 27.1514930725, "max": 101.912536621, "dmean": 8.31743621826, "dmean2": 12.5036354065, "mean": 29.291852951, "dvar2": 190.977767944, "min": 0.274926185608}, "mfcc": {"mean": [-596.952636719, 97.6493453979, 10.8061923981, 36.6203918457, 12.7868394852, 19.1828403473, 2.9746966362, 11.9885320663, 10.0735816956, 8.27015018463, 4.09015035629, 2.71385669708, -1.61361467838], "cov": [[7859.34667969, 133.629547119, 159.579833984, 130.599456787, -29.7186813354, 278.053985596, 2.63800406456, 122.301986694, 105.439620972, 80.6957702637, 19.8688182831, 63.8704719543, -7.70200538635], [133.629547119, 1117.35168457, -254.289657593, 133.093902588, 30.0799407959, -32.3999595642, -11.6637077332, 29.5200157166, 13.0588607788, -31.6586894989, 20.7001457214, 27.8013801575, -5.41454029083], [159.579833984, -254.289657593, 511.319274902, 53.1502342224, 81.2528915405, 59.1395606995, 29.9638404846, 13.0037183762, -24.4989261627, 30.6177902222, -1.20415961742, -27.4488945007, 33.2341270447], [130.599456787, 133.093902588, 53.1502342224, 213.730194092, 40.9951019287, 46.7769584656, -11.1852273941, 12.185880661, 16.3246364594, 7.87047386169, -3.43065047264, -9.81443214417, 18.2231369019], [-29.7186813354, 30.0799407959, 81.2528915405, 40.9951019287, 150.760879517, 19.6653347015, -2.40944695473, 7.17382621765, 0.805814445019, 18.950056076, 5.00693321228, -14.9434576035, 16.8692817688], [278.053985596, -32.3999595642, 59.1395606995, 46.7769584656, 19.6653347015, 133.871520996, 34.6313934326, 23.4636096954, 12.6675729752, 15.312541008, 11.4473896027, 7.06483793259, -2.7711455822], [2.63800406456, -11.6637077332, 29.9638404846, -11.1852273941, -2.40944695473, 34.6313934326, 102.537864685, 16.1288070679, 7.63483333588, 8.29669857025, 9.79191589355, 13.959810257, -8.03003311157], [122.301986694, 29.5200157166, 13.0037183762, 12.185880661, 7.17382621765, 23.4636096954, 16.1288070679, 85.254699707, 7.07182359695, 4.85978746414, 18.7736167908, -0.900893628597, 4.60354232788], [105.439620972, 13.0588607788, -24.4989261627, 16.3246364594, 0.805814445019, 12.6675729752, 7.63483333588, 7.07182359695, 84.5294723511, 18.5731163025, -1.68541908264, 12.1098680496, -10.0726051331], [80.6957702637, -31.6586894989, 30.6177902222, 7.87047386169, 18.950056076, 15.312541008, 8.29669857025, 4.85978746414, 18.5731163025, 71.2706298828, 22.0567970276, -6.68724918365, -3.32696604729], [19.8688182831, 20.7001457214, -1.20415961742, -3.43065047264, 5.00693321228, 11.4473896027, 9.79191589355, 18.7736167908, -1.68541908264, 22.0567970276, 57.5599479675, 13.1554069519, 1.09657716751], [63.8704719543, 27.8013801575, -27.4488945007, -9.81443214417, -14.9434576035, 7.06483793259, 13.959810257, -0.900893628597, 12.1098680496, -6.68724918365, 13.1554069519, 54.2702941895, 9.75110626221], [-7.70200538635, -5.41454029083, 33.2341270447, 18.2231369019, 16.8692817688, -2.7711455822, -8.03003311157, 4.60354232788, -10.0726051331, -3.32696604729, 1.09657716751, 9.75110626221, 50.8693809509]], "icov": [[0.00014678905427, -4.03573503718e-05, -6.45315158181e-05, 1.5237682419e-05, 0.000107155683509, -0.000296759448247, 0.000181512878044, -0.000173066742718, -7.73603969719e-05, -0.000176545378054, 0.000152138542035, -0.000215247375309, 5.83608925808e-05], [-4.03573503718e-05, 0.00127402739599, 0.000714879541192, -0.00108695495874, -0.000592459633481, 0.000677402189467, -0.000258786807535, -0.000403457088396, 0.000245477625867, 0.000545352988411, -0.000477619556477, -0.000591222255025, 0.000488768913783], [-6.45315158181e-05, 0.000714879541192, 0.00292624300346, -0.000755839108024, -0.00117994355969, -0.00039143426693, -0.00102017633617, -0.0001037638649, 0.000957689364441, -0.00055121735204, 0.000216594809899, 0.00095557293389, -0.00139063620009], [1.5237682419e-05, -0.00108695495874, -0.000755839108024, 0.00668818410486, -0.000349703681422, -0.00265516480431, 0.00128895777743, 0.000189281156054, -0.00163719896227, -0.000126615734189, 0.000651796872262, 0.00194172770716, -0.00257656909525], [0.000107155683509, -0.000592459633481, -0.00117994355969, -0.000349703681422, 0.00836628861725, -0.0010019231122, 0.000428983534221, 0.000178000322194, -0.00063008221332, -0.00149941258132, -0.000467288977234, 0.00237980508246, -0.00259701022878], [-0.000296759448247, 0.000677402189467, -0.00039143426693, -0.00265516480431, -0.0010019231122, 0.0108026191592, -0.00297741824761, -0.00163917499594, 4.74051121273e-05, -0.000330931885401, -0.000814436178189, -0.00186799792573, 0.0021965240594], [0.000181512878044, -0.000258786807535, -0.00102017633617, 0.00128895777743, 0.000428983534221, -0.00297741824761, 0.012247488834, -0.0019280371489, -0.000138781178975, -0.00110929983202, 0.000406161620049, -0.00371396448463, 0.00261119846255], [-0.000173066742718, -0.0004