{"tonal": {"chords_key": "E", "hpcp_entropy": {"dmean": 0.427066862583, "dmean2": 0.718366861343, "max": 4.54918241501, "dvar": 0.190671131015, "mean": 1.51424670219, "dvar2": 0.480657190084, "min": 0, "var": 0.581800639629, "median": 1.43083357811}, "key_key": "E", "chords_strength": {"dmean": 0.00575364567339, "dmean2": 0.00533923041075, "max": 0.679688334465, "dvar": 0.000727979815565, "mean": 0.513151824474, "dvar2": 0.00140525877941, "min": -1, "var": 0.0306810513139, "median": 0.550176262856}, "key_scale": "minor", "chords_number_rate": 0.00211864407174, "thpcp": [1, 0.592358231544, 0.0616762749851, 0.0237080231309, 0.0581757538021, 0.18824800849, 0.259066909552, 0.163621097803, 0.105648428202, 0.151153668761, 0.146453127265, 0.102183699608, 0.0967316776514, 0.0931890159845, 0.196072533727, 0.325188219547, 0.229162231088, 0.0879705995321, 0.0600753091276, 0.0692398324609, 0.39861574769, 0.959098637104, 0.70647329092, 0.115447506309, 0.0213673170656, 0.0285168662667, 0.0737753212452, 0.105177670717, 0.0650449246168, 0.0858398377895, 0.161202132702, 0.110446318984, 0.0499024875462, 0.0469979979098, 0.0383399426937, 0.479396879673], "key_strength": 0.770111918449, "tuning_nontempered_energy_ratio": 0.625785470009, "tuning_frequency": 451.326080322, "chords_changes_rate": 0.0372276045382, "tuning_diatonic_strength": 0.587164700031, "chords_scale": "minor", "chords_histogram": [49.1222763062, 0, 6.26513338089, 5.23607730865, 1.81598067284, 12.863196373, 0, 22.5786933899, 0, 0, 0, 0, 0, 0, 0, 0, 0, 0, 0, 0, 0, 0, 1.96731233597, 0.151331722736], "tuning_equal_tempered_deviation": 0.0423631109297, "hpcp": {"dmean": [0.100237205625, 0.102402798831, 0.0756960436702, 0.0564609505236, 0.0633685588837, 0.116465739906, 0.127234429121, 0.13462972641, 0.0569822825491, 0.0180425681174, 0.022676775232, 0.0321203917265, 0.033555150032, 0.0281507596374, 0.0283651668578, 0.0380200408399, 0.0320366919041, 0.0186242032796, 0.017555590719, 0.0231233499944, 0.09713473171, 0.129820480943, 0.118547052145, 0.038726657629, 0.0179077349603, 0.0356890894473, 0.053701043129, 0.0799444317818, 0.0834012255073, 0.0697077214718, 0.0876238942146, 0.0915802940726, 0.0703161805868, 0.0686249881983, 0.0762102529407, 0.101026922464], "dmean2": [0.176498427987, 0.185409456491, 0.144846826792, 0.108505740762, 0.120212510228, 0.19549484551, 0.210797950625, 0.216694235802, 0.0970744416118, 0.0345002636313, 0.0421708859503, 0.0550800599158, 0.0568422153592, 0.0471503287554, 0.0473311729729, 0.0612069666386, 0.0509909689426, 0.0300701409578, 0.029269028455, 0.0422885194421, 0.162553697824, 0.213137164712, 0.198546901345, 0.0706804022193, 0.0336562171578, 0.0629138052464, 0.0872400030494, 0.136670917273, 0.149900600314, 0.127196267247, 0.151820868254, 0.157009854913, 0.125642374158, 0.12647664547, 0.143292024732, 0.182584434748], "max": [1, 1, 1, 1, 1, 1, 1, 1, 1, 1, 1, 1, 1, 0.942646086216, 0.965147435665, 1, 1, 1, 0.998910844326, 0.924537360668, 1, 1, 1, 1, 1, 1, 1, 1, 1, 1, 1, 1, 1, 1, 1, 1], "dvar": [0.0438013896346, 0.0431771315634, 0.0351495221257, 0.0271919500083, 0.0257641989738, 0.0271187536418, 0.0351031497121, 0.0294590480626, 0.0123030524701, 0.00667448574677, 0.00760471122339, 0.00990222394466, 0.00979904364794, 0.00664120027795, 0.00527664786205, 0.0100510530174, 0.00656668609008, 0.00289903115481, 0.00338738458231, 0.00422296021134, 0.0171185936779, 0.0376839824021, 0.0240793339908, 0.00928221270442, 0.00573137914762, 0.01210863702, 0.0189630575478, 0.0276224575937, 0.0293910950422, 0.0212863367051, 0.0235044974834, 0.027131870389, 0.0222283061594, 0.0281467568129, 0.0348432660103, 0.0417890176177], "mean": [0.186101526022, 0.131146937609, 0.0503445751965, 0.0343804173172, 0.0396251678467, 0.228123262525, 0.548881232738, 0.404306620359, 0.0660692974925, 0.0122282728553, 0.0163198783994, 0.0422207787633, 0.0601919852197, 0.0372244715691, 0.0491251647472, 0.0922541469336, 0.0632071718574, 0.028558626771, 0.0268964208663, 0.0219415128231, 0.274353384972, 0.572288632393, 0.338999867439, 0.0352966301143, 0.0135678322986, 0.0332933217287, 0.107732199132, 0.148261040449, 0.0936384946108, 0.0604613944888, 0.0865035280585, 0.0838134586811, 0.0584785714746, 0.0553584396839, 0.0533310137689, 0.112210080028], "dvar2": [0.100102156401, 0.12460116297, 0.105869583786, 0.0787671133876, 0.0739716738462, 0.0764780640602, 0.0816385224462, 0.0743715018034, 0.0350339747965, 0.019501619041, 0.0221511851996, 0.0269675329328, 0.0240203235298, 0.0170972775668, 0.0131566952914, 0.0212987829, 0.0149769065902, 0.00793702341616, 0.00978140253574, 0.0121160587296, 0.0423791855574, 0.0764893740416, 0.0614856146276, 0.0260724276304, 0.0163155477494, 0.0332207158208, 0.037930291146, 0.0689906552434, 0.0812674686313, 0.0602634288371, 0.060976665467, 0.0687694251537, 0.0589800439775, 0.0795287787914, 0.103871583939, 0.127806633711], "min": [0, 0, 0, 0, 0, 0, 0, 0, 0, 0, 0, 0, 0, 0, 0, 0, 0, 0, 0, 0, 0, 0, 0, 0, 0, 0, 0, 0, 0, 0, 0, 0, 0, 0, 0, 0], "var": [0.100580386817, 0.0550120919943, 0.0231206603348, 0.0164851937443, 0.0159742888063, 0.0401443317533, 0.147721737623, 0.0967125296593, 0.0104954671115, 0.00404284242541, 0.00492382748052, 0.0150630492717, 0.0283143948764, 0.0108290147036, 0.0120783206075, 0.0408354029059, 0.0180492028594, 0.00305762304924, 0.00298243598081, 0.00315446523018, 0.0435166582465, 0.150710150599, 0.0602327249944, 0.00754766259342, 0.00421353802085, 0.0115156974643, 0.0577941723168, 0.0624149255455, 0.0272662229836, 0.0162483658642, 0.0240257252008, 0.0258966051042, 0.0179433766752, 0.0200899392366, 0.0226502362639, 0.0453385226429], "median": [0.0154645740986, 0.0112615190446, 0.00191018613987, 0.0010658162646, 0.00215914659202, 0.199863106012, 0.552707672119, 0.375730335712, 0.0322817638516, 0.000422954792157, 0.000884720531758, 0.00280730053782, 0.0039271498099, 0.00391078740358, 0.00879050977528, 0.0121786016971, 0.0118806865066, 0.0124840494245, 0.0117198862135, 0.00686965417117, 0.266495645046, 0.584388256073, 0.347735524178, 0.00746122561395, 0.000846049108077, 0.00119597103912, 0.0193045176566, 0.0479305759072, 0.0339464768767, 0.0150777520612, 0.0202952791005, 0.0151547621936, 0.0115127470344, 0.0109833478928, 0.00571496598423, 0.00953986309469]}}, "lowlevel": {"melbands_flatness_db": {"dmean": 0.0295198597014, "dmean2": 0.0450330078602, "max": 0.737903773785, "dvar": 0.001294376445, "mean": 0.311036974192, "dvar2": 0.00235846219584, "min": 0.00323953921907, "var": 0.0131423352286, "median": 0.317234128714}, "melbands_crest": {"dmean": 2.55321335793, "dmean2": 4.31180953979, "max": 37.0138168335, "dvar": 6.04186296463, "mean": 15.4630470276, "dvar2": 15.9853477478, "min": 1.51444542408, "var": 24.0665855408, "median": 15.4114990234}, "spectral_entropy": {"dmean": 0.209266215563, "dmean2": 0.316871017218, "max": 9.82424736023, "dvar": 0.0789443254471, "mean": 6.6810297966, "dvar2": 0.16271288693, "min": 4.19595861435, "var": 0.731025993824, "median": 6.60663795471}, "melbands": {"dmean": [0.000462064956082, 0.00153922114987, 0.00105967384297, 0.000897708057892, 0.000179563721758, 0.0001243314764, 3.86692227039e-05, 6.53636816423e-05, 1.85585904546e-05, 4.41901574959e-05, 2.66262504738e-05, 2.455066533e-05, 6.8475936132e-05, 3.40983933711e-05, 4.09819258493e-05, 5.45418006368e-05, 2.79326759483e-05, 2.15911004489e-05, 1.40559495776e-05, 3.14819881169e-05, 8.76568265085e-06, 1.37135102705e-05, 1.20921940834e-05, 5.76516322326e-06, 4.76929108117e-06, 2.6952625376e-06, 1.65199116964e-06, 2.08799087886e-06, 1.14329793632e-06, 1.57997419592e-06, 1.18400043903e-06, 1.09290374439e-06, 1.07608036615e-06, 7.29788666831e-07, 5.36320101219e-07, 3.36736491136e-07, 2.64013209517e-07, 2.37193006569e-07, 1.5803396991e-07, 1.08039181157e-07], "dmean2": [0.000688426196575, 0.00274245906621, 0.00182341772597, 0.00153396930546, 0.00025657567312, 0.000173019143404, 6.35872056591e-05, 8.79112121766e-05, 2.68642288574e-05, 6.30994545645e-05, 3.88503176509e-05, 3.54641852027e-05, 0.000102166297438, 5.39531101822e-05, 6.18823614786e-05, 8.43871821417e-05, 4.45895821031e-05, 3.59076184395e-05, 2.335454883e-05, 5.23847702425e-05, 1.48587250806e-05, 2.26831143664e-05, 2.0483530534e-05, 9.50051799009e-06, 7.80004938861e-06, 4.34356388723e-06, 2.76605760519e-06, 3.4681888792e-06, 1.79061419203e-06, 2.42535952566e-06, 1.85464716651e-06, 1.64044956819e-06, 1.66874451679e-06, 1.04683590507e-06, 7.5659193044e-07, 4.37324274571e-07, 3.52377298896e-07, 3.29404514332e-07, 2.26748028354e-07, 1.51388988456e-07], "max": [0.013430046849, 0.0437189415097, 0.0289882272482, 0.0283817220479, 0.00555691076443, 0.0042023351416, 0.00178860826418, 0.00281030498445, 0.00206726044416, 0.00124895700719, 0.00112667982467, 0.00214690132998, 0.00436363369226, 0.00164399424102, 0.00248919380829, 0.00414614006877, 0.00202031619847, 0.00376370945014, 0.000629324931651, 0.00357962423004, 0.000798698689323, 0.00098176766187, 0.00176652742084, 0.000553132500499, 0.000521622947417, 0.000506496755406, 0.000227537791943, 0.000419382122345, 0.00029019251815, 0.000303735083435, 0.000236937456066, 0.000158360329806, 0.00014795489551, 9.75656294031e-05, 7.29117600713e-05, 5.279443576e-05, 3.96011055273e-05, 2.89275994874e-05, 2.0693129045e-05, 1.31103815875e-05], "dvar": [1.93374421542e-06, 6.43332441541e-06, 2.58218119598e-06, 4.27901068178e-06, 7.77929685114e-08, 3.79885385371e-08, 6.95892898861e-09, 1.40283136218e-08, 2.07056261026e-09, 7.39068894973e-09, 3.08384917602e-09, 4.2581471682e-09, 1.9427066178e-08, 6.82130929519e-09, 9.42446032326e-09, 2.10927382227e-08, 4.7699169059e-09, 5.49229328684e-09, 1.23383803174e-09, 1.22060503926e-08, 6.88401613491e-10, 1.56878599e-09, 1.63003444076e-09, 2.82476930735e-10, 2.32222935326e-10, 9.88963425042e-11, 3.25435511872e-11, 9.64931953784e-11, 3.47272870183e-11, 6.88971518725e-11, 2.98964707157e-11, 2.60915924283e-11, 2.04543777749e-11, 8.81933068242e-12, 5.03349055145e-12, 2.07651474141e-12, 1.38318208883e-12, 1.15298721091e-12, 4.69986191892e-13, 2.44960627303e-13], "mean": [0.000511726888362, 0.00220887013711, 0.0028957745526, 0.00184299540706, 0.000678759359289, 0.000414613779867, 9.59149183473e-05, 0.000182181727723, 4.27799059253e-05, 0.000102506834082, 7.02681572875e-05, 5.62301756872e-05, 0.0001316859707, 7.21451069694e-05, 0.000108402709884, 0.000104395250673, 5.22059090144e-05, 3.84732265957e-05, 2.48607066169e-05, 4.8478214012e-05, 1.59577211889e-05, 2.52084228123e-05, 2.31174308283e-05, 1.13156265797e-05, 9.29321140575e-06, 5.31856130692e-06, 2.772312655e-06, 3.60589501724e-06, 2.1641708372e-06, 3.26258827954e-06, 2.56077805716e-06, 2.64011032414e-06, 2.4270088943e-06, 1.86202328223e-06, 1.36920505156e-06, 8.79341257587e-07, 6.64496951686e-07, 5.19243542385e-07, 4.3586643983e-07, 3.26715138499e-07], "dvar2": [3.41617464983e-06, 1.71323135874e-05, 6.81606343278e-06, 1.24749003589e-05, 1.65824289411e-07, 7.8821173588e-08, 1.9031537235e-08, 2.57609773513e-08, 4.08623623827e-09, 1.60270445804e-08, 6.16093753791e-09, 8.47297876305e-09, 4.86394426957e-08, 1.75680590075e-08, 2.32228654085e-08, 5.51868346577e-08, 1.20322729558e-08, 1.38817357609e-08, 3.47192052885e-09, 3.56901033172e-08, 2.02694638851e-09, 4.55942528177e-09, 4.94632645953e-09, 6.86204926215e-10, 5.72629887952e-10, 2.5514668156e-10, 8.36827551698e-11, 2.51656445682e-10, 7.56056398044e-11, 1.27372348779e-10, 7.7297349077e-11, 5.15613801655e-11, 4.54691527485e-11, 1.61637075252e-11, 9.15686103331e-12, 3.2084111843e-12, 2.11188727096e-12, 2.21624476583e-12, 1.02832998193e-12, 4.85574200206e-13], "min": [7.9112404855e-25, 1.21826659075e-24, 9.6295521004e-25, 2.00898082606e-24, 1.31462220323e-24, 1.51344739604e-24, 6.84650456793e-25, 2.00932910815e-24, 1.8613423522e-24, 2.27747732654e-24, 2.31888976306e-24, 1.43778202738e-24, 2.86347732518e-24, 3.25019685965e-24, 2.48075494891e-24, 3.53848410531e-24, 2.52420856301e-24, 2.28573275592e-24, 2.96578528762e-24, 3.73053663143e-24, 3.5065565379e-24, 3.43867387371e-24, 3.68171955203e-24, 4.11074904951e-24, 3.97919150521e-24, 3.10429604916e-24, 3.78616434145e-24, 4.69701943022e-24, 4.27682399158e-24, 4.33507071981e-24, 4.81159437695e-24, 5.3427947723e-24, 4.51580821953e-24, 5.67109264864e-24, 5.98764990813e-24, 4.79116997926e-24, 5.11820173385e-24, 6.13671345921e-24, 5.8209355943e-24, 5.77829529579e-24], "var": [2.59590024143e-06, 9.3996668511e-06, 6.09169592281e-06, 6.33006538919e-06, 4.62975748405e-07, 2.00449434828e-07, 2.47189717584e-08, 6.09398327356e-08, 6.21122220323e-09, 1.95403107028e-08, 1.08931912379e-08, 1.37046782811e-08, 4.29932995871e-08, 1.79094357122e-08, 2.79741740883e-08, 3.71743098526e-08, 1.00055874697e-08, 8.81084183391e-09, 2.33712804665e-09, 2.0510444898e-08, 1.43734069091e-09, 2.82863443779e-09, 3.18455994908e-09, 9.35188371187e-10, 8.05389310798e-10, 4.01124133909e-10, 1.1432929603e-10, 3.00865304892e-10, 1.0277741852e-10, 2.54148840861e-10, 1.28368676799e-10, 1.44457987239e-10, 1.05064706934e-10, 6.34084174056e-11, 3.63978847062e-11, 1.73839883461e-11, 9.04862556411e-12, 5.01652885898e-12, 3.27538235249e-12, 1.90576656019e-12], "median": [4.19828429585e-05, 0.00135178654455, 0.00257678329945, 0.00101816863753, 0.000526810763404, 0.000295786070637, 4.53262691735e-05, 0.000101743826235, 2.12010018004e-05, 5.51859229745e-05, 3.33664938807e-05, 1.37863389682e-05, 6.16857942077e-05, 2.61839031737e-05, 6.11026771367e-05, 4.99159505125e-05, 2.12553277379e-05, 1.53176515596e-05, 8.73099088494e-06, 1.61694806593e-05, 3.62037440027e-06, 9.37425375014e-06, 1.16667297334e-05, 3.06824586005e-06, 2.48702326644e-06, 1.82628821221e-06, 3.51549601874e-07, 3.59638761438e-07, 1.0668633621e-07, 1.65679651332e-07, 8.4117502297e-08, 8.16607652609e-08, 3.16699910741e-08, 1.20837650996e-08, 3.16887738272e-09, 1.51257428804e-09, 7.92498344726e-10, 4.56183896214e-10, 2.51728582423e-10, 1.2586010012e-10]}, "silence_rate_60dB": {"dmean": 0.00696442089975, "dmean2": 0.0139309512451, "max": 1, "dvar": 0.0069153313525, "mean": 0.150620654225, "dvar2": 0.0146455150098, "min": 0, "var": 0.12792596221, "median": 0}, "spectral_energyband_middle_high": {"dmean": 0.00138498307206, "dmean2": 0.00213404768147, "max": 0.0482684671879, "dvar": 5.57794737688e-06, "mean": 0.00527328485623, "dvar2": 1.43835741255e-05, "min": 1.10900888285e-21, "var": 3.04790537484e-05, "median": 0.0039281998761}, "erbbands_skewness": {"dmean": 0.279233574867, "dmean2": 0.426524698734, "max": 6.08883428574, "dvar": 0.126130759716, "mean": 0.0339290685952, "dvar2": 0.287103652954, "min": -5.0418639183, "var": 0.783821821213, "median": -0.0683978050947}, "dynamic_complexity": 4.9940905571, "dissonance": {"dmean": 0.0186423044652, "dmean2": 0.0305865462869, "max": 0.500000059605, "dvar": 0.000339880993124, "mean": 0.441453546286, "dvar2": 0.000863735913299, "min": 0.232070162892, "var": 0.00179764011409, "median": 0.450718820095}, "spectral_skewness": {"dmean": 0.674499094486, "dmean2": 1.11629199982, "max": 11.6301317215, "dvar": 0.614778578281, "mean": 2.39400029182, "dvar2": 1.59582602978, "min": -0.117081940174, "var": 2.47832632065, "median": 1.99788165092}, "spectral_kurtosis": {"dmean": 9.41595172882, "dmean2": 15.7745685577, "max": 194.006240845, "dvar": 177.996795654, "mean": 17.5354385376, "dvar2": 452.378448486, "min": -1.25200212002, "var": 532.31652832, "median": 9.0993938446}, "gfcc": {"cov": [[45549.0390625, 1997.15332031, -5328.85986328, 1859.0826416, -2108.31860352, 691.234680176, -897.764709473, -309.008239746, -533.179199219, -618.317871094, -445.888153076, -292.926727295, -76.7554016113], [1997.15332031, 4055.98120117, -911.847595215, -964.187744141, 940.447021484, -1238.53430176, 365.216247559, -661.605224609, 93.6929244995, -414.084777832, 166.073272705, -236.813217163, 9.78509616852], [-5328.85986328, -911.847595215, 1580.27075195, -61.2262001038, 7.77625322342, 336.813903809, -109.342979431, 220.655975342, -47.7427101135, 165.41015625, 20.7502765656, 137.704452515, 8.69727802277], [1859.0826416, -964.187744141, -61.2262001038, 776.568725586, -282.628479004, 348.491912842, -49.5017089844, 105.490036011, 54.2308998108, 69.5539093018, -16.6399860382, 47.5397834778, 26.8115024567], [-2108.31860352, 940.447021484, 7.77625322342, -282.628479004, 673.609069824, -387.801239014, 198.067077637, -85.5297393799, 86.8908309937, -31.3157501221, 82.2505645752, -18.65883255, 23.4461574554], [691.234680176, -1238.53430176, 336.813903809, 348.491912842, -387.801239014, 632.060180664, -170.490692139, 238.289413452, -49.6797943115, 115.2865448, -52.2879600525, 85.6069335938, -0.385020524263], [-897.764709473, 365.216247559, -109.342979431, -49.5017089844, 198.067077637, -170.490692139, 271.331573486, -68.6365661621, 95.1612625122, -11.5920610428, 47.1454849243, -16.7429828644, 28.0449810028], [-309.008239746, -661.605224609, 220.655975342, 105.490036011, -85.5297393799, 238.289413452, -68.6365661621, 279.102935791, -4.68597078323, 104.942863464, -13.972823143, 50.2986450195, -14.2979631424], [-533.179199219, 93.6929244995, -47.7427101135, 54.2308998108, 86.8908309937, -49.6797943115, 95.1612625122, -4.68597078323, 193.401519775, 6.7175617218, 39.9509658813, -18.1914997101, -2.98647499084], [-618.317871094, -414.084777832, 165.41015625, 69.5539093018, -31.3157501221, 115.2865448, -11.5920610428, 104.942863464, 6.7175617218, 171.799850464, -7.58872175217, 29.291387558, -6.79669570923], [-445.888153076, 166.073272705, 20.7502765656, -16.6399860382, 82.2505645752, -52.2879600525, 47.1454849243, -13.972823143, 39.9509658813, -7.58872175217, 94.7969360352, -7.08888864517, 2.69714379311], [-292.926727295, -236.813217163, 137.704452515, 47.5397834778, -18.65883255, 85.6069335938, -16.7429828644, 50.2986450195, -18.1914997101, 29.291387558, -7.08888864517, 94.9146575928, 13.5933246613], [-76.7554016113, 9.78509616852, 8.69727802277, 26.8115024567, 23.4461574554, -0.385020524263, 28.0449810028, -14.2979631424, -2.98647499084, -6.79669570923, 2.69714379311, 13.5933246613, 86.8003997803]], "mean": [-122.831321716, 170.9324646, -139.470535278, 25.8181171417, -28.3836135864, -6.05728816986, -30.2216930389, -22.3849372864, -23.2569274902, -20.858915329, -12.2246303558, -10.7991991043, -11.7780885696], "icov": [[0.000121527904412, -0.000369781686459, 0.000346958317095, -0.000374919211026, 0.000334543379722, -0.000354877935024, 0.00026961666299, -0.000318936276017, 0.000252398691373, -9.25359709072e-05, 0.000283965462586, -0.000165022080182, 1.7062679035e-05], [-0.000369781686459, 0.0022357669659, -0.000784560572356, 0.00175615877379, -0.00170428899582, 0.00169816508424, -0.000747701560613, 0.00196426874027, -0.000787177763414, 0.0011845814297, -0.00159425311722, 0.00102865858935, -5.57264866075e-05], [0.000346958317095, -0.000784560572356, 0.00199596188031, -0.000558891391847, 0.00050555128837, -0.00146844051778, 0.00106282532215, -0.000733738357667, 0.000717916875146, -0.000565783702768, 0.000153259577928, -0.00116716744378, -8.10178607935e-05], [-0.000374919211026, 0.00175615877379, -0.000558891391847, 0.00359516008757, -0.00100474082865, 0.000310680479743, -0.000815530598629, 0.00171571678948, -0.00173241575249, 0.000396755436668, -0.00158272287808, 0.000243286063778, -0.000782574352343], [0.000334543379722, -0.00170428899582, 0.00050555128837, -0.00100474082865, 0.00442068977281, 0.000444965524366, -0.000258068990661, -0.00217937049456, 0.000194776454009, -0.000935313524678, 0.000240112451138, -0.00144769251347, -0.000567365612369], [-0.000354877935024, 0.00169816508424, -0.00146844051778, 0.000310680479743, 0.000444965524366, 0.00626886636019, -0.000126290819026, -0.00077052693814, -0.000656804942992, 0.000458440714283, -0.000942732265685, -0.000324594264384, -0.000539153756108], [0.00026961666299, -0.000747701560613, 0.00106282532215, -0.000815530598629, -0.000258068990661, -0.000126290819026, 0.00668470514938, 2.83052304439e-05, -0.00159303634427, -0.00094395596534, -0.000378106400603, -0.00075018760981, -0.00161737552844], [-0.000318936276017, 0.00196426874027, -0.000733738357667, 0.00171571678948, -0.00217937049456, -0.00077052693814, 2.83052304439e-05, 0.00826657190919, -0.00117141834926, -0.00130495696794, -0.00144859764259, -4.45562727691e-05, 0.000887408212293], [0.000252398691373, -0.000787177763414, 0.000717916875146, -0.00173241575249, 0.000194776454009, -0.000656804942992, -0.00159303634427, -0.00117141834926, 0.00775076122954, -0.000362723949365, -0.00106321123894, 0.000963195168879, 0.00116180558689], [-9.25359709072e-05, 0.0011845814297, -0.000565783702768, 0.000396755436668, -0.000935313524678, 0.000458440714283, -0.00094395596534, -0.00130495696794, -0.000362723949365, 0.00897395983338, -0.000104347302113, 0.000270685588475, 0.000714538618922], [0.000283965462586, -0.00159425311722, 0.000153259577928, -0.00158272287808, 0.000240112451138, -0.000942732265685, -0.000378106400603, -0.00144859764259, -0.00106321123894, -0.000104347302113, 0.0140379955992, -9.17159195524e-05, 0.000252269644989], [-0.000165022080182, 0.00102865858935, -0.00116716744378, 0.000243286063778, -0.00144769251347, -0.000324594264384, -0.00075018760981, -4.45562727691e-05, 0.000963195168879, 0.000270685588475, -9.17159195524e-05, 0.0144153535366, -0.00179575954098], [1.7062679035e-05, -5.57264866075e-05, -8.10178607935e-05, -0.000782574352343, -0.000567365612369, -0.000539153756108, -0.00161737552844, 0.000887408212293, 0.00116180558689, 0.000714538618922, 0.000252269644989, -0.00179575954098, 0.0129808168858]]}, "spectral_complexity": {"dmean": 1.65510976315, "dmean2": 2.72350096703, "max": 53, "dvar": 4.17977571487, "mean": 15.3198604584, "dvar2": 9.83720016479, "min": 0, "var": 73.9880523682, "median": 16}, "spectral_flux": {"dmean": 0.0232998225838, "dmean2": 0.0370833091438, "max": 0.316930323839, "dvar": 0.000863396737259, "mean": 0.0663884654641, "dvar2": 0.00207107630558, "min": 6.32827956704e-11, "var": 0.00229912530631, "median": 0.059881195426}, "spectral_energyband_low": {"dmean": 0.00575808389112, "dmean2": 0.00986029952765, "max": 0.139553651214, "dvar": 8.36538893054e-05, "mean": 0.0106950104237, "dvar2": 0.00020064014825, "min": 1.38821280855e-23, "var": 0.000150472042151, "median": 0.00739963538945}, "spectral_decrease": {"dmean": 2.37647324042e-09, "dmean2": 3.92085786061e-09, "max": 1.95536537617e-28, "dvar": 1.21304456916e-17, "mean": -7.85648790469e-09, "dvar2": 2.87434641863e-17, "min": -4.51690240766e-08, "var": 3.42821034406e-17, "median": -7.24266158159e-09}, "barkbands_spread": {"dmean": 3.29672265053, "dmean2": 5.38230848312, "max": 104.331466675, "dvar": 29.4636096954, "mean": 15.6932353973, "dvar2": 71.340461731, "min": 0.0612485893071, "var": 139.593063354, "median": 12.921125412}, "spectral_rms": {"dmean": 0.000717773975339, "dmean2": 0.00116753869224, "max": 0.0131183797494, "dvar": 7.93041351699e-07, "mean": 0.00495666777715, "dvar2": 1.76299829491e-06, "min": 3.11878604539e-12, "var": 5.84201143283e-06, "median": 0.00530839851126}, "spectral_centroid": {"dmean": 151.970840454, "dmean2": 245.223144531, "max": 11667.7861328, "dvar": 66907.859375, "mean": 1048.41821289, "dvar2": 138537.21875, "min": 79.1283798218, "var": 2213570.75, "median": 695.879150391}, "barkbands_skewness": {"dmean": 0.527826070786, "dmean2": 0.824901461601, "max": 28.0902709961, "dvar": 0.974812507629, "mean": 1.8618735075, "dvar2": 1.86112082005, "min": -3.07409644127, "var": 2.6218996048, "median": 1.72898006439}, "spectral_rolloff": {"dmean": 300.109161377, "dmean2": 516.938720703, "max": 19638.28125, "dvar": 364221.0625, "mean": 1366.49353027, "dvar2": 794803, "min": 43.06640625, "var": 6952282.5, "median": 775.1953125}, "erbbands_spread": {"dmean": 5.86593532562, "dmean2": 9.42410945892, "max": 156.504867554, "dvar": 66.39087677, "mean": 33.0550231934, "dvar2": 157.36769104, "min": 2.39334344864, "var": 209.233108521, "median": 31.1532478333}, "barkbands": {"dmean": [4.33068162238e-05, 0.00178034114651, 0.00416570389643, 0.0020750593394, 0.00347671285272, 0.000602653890382, 0.000200370181119, 0.000206806886126, 0.000251954013947, 0.000185970609891, 0.000436985836131, 0.000312878546538, 0.000497238710523, 0.000304985034745, 0.000175681896508, 0.00034010692616, 0.000203085000976, 0.00018395241932, 6.2527746195e-05, 4.56535090052e-05, 4.95145613968e-05, 4.71424500574e-05, 2.81899920083e-05, 1.63294262165e-05, 7.74445925344e-06, 1.62620938227e-06, 2.40536994767e-08], "dmean2": [6.62595994072e-05, 0.00278740702197, 0.00766045041382, 0.00348099670373, 0.00583591358736, 0.000835194950923, 0.000288179580821, 0.000291719246889, 0.000359764177119, 0.000266493065283, 0.000655212032143, 0.000493163242936, 0.000763375835959, 0.000488753954414, 0.00029387808172, 0.00056386803044, 0.000335685006576, 0.000308836461045, 0.00010244987061, 7.55518631195e-05, 7.82274873927e-05, 7.22826953279e-05, 4.07807783631e-05, 2.23984079639e-05, 1.10879745989e-05, 2.15220052269e-06, 3.55145033382e-08], "max": [0.00902429502457, 0.0485297217965, 0.111399054527, 0.0506674200296, 0.10937255621, 0.021681945771, 0.00871589127928, 0.00813030637801, 0.00657424656674, 0.00681300926954, 0.0272043477744, 0.0231269337237, 0.0370016396046, 0.021240785718, 0.0158395990729, 0.0343949943781, 0.0155365010723, 0.0221638381481, 0.0098925922066, 0.00674133328721, 0.0081449886784, 0.00599465705454, 0.00422327034175, 0.00190462719183, 0.00101425300818, 0.000223073628149, 1.25605356516e-05], "dvar": [3.54874565289e-08, 2.49060540227e-05, 4.05420505558e-05, 1.14065287562e-05, 6.19175407337e-05, 8.7294512241e-07, 1.2670096794e-07, 1.39113325304e-07, 2.14692974509e-07, 1.37792156352e-07, 7.81842175002e-07, 7.7344697047e-07, 1.6868318653e-06, 5.24077620412e-07, 2.44587596399e-07, 1.14462613965e-06, 3.41334896348e-07, 3.17781001513e-07, 3.94612200694e-08, 3.38209282802e-08, 4.77033808011e-08, 3.67252894762e-08, 1.24496066789e-08, 3.96440258399e-09, 9.75167946393e-10, 5.54892069793e-11, 2.85548901148e-14], "mean": [3.9425205614e-05, 0.00213695270941, 0.00628323759884, 0.00579412747175, 0.00733631057665, 0.00201081414707, 0.000602539046668, 0.000498627370689, 0.000620922481176, 0.000471553357784, 0.000843374640681, 0.000667575513944, 0.00102178228553, 0.000595132820308, 0.000280023610685, 0.000574283185415, 0.00037244631676, 0.000391958397813, 0.000127047809656, 8.9295572252e-05, 0.000116709758004, 0.000129648818984, 8.58683924889e-05, 4.79696936964e-05, 2.97107853839e-05, 3.61045999853e-06, 3.27860441018e-08], "dvar2": [7.05061466988e-08, 4.47095299023e-05, 0.00011653736874, 3.15581637551e-05, 0.000178170361323, 1.79377889253e-06, 2.53879591128e-07, 2.80814049347e-07, 4.65741322841e-07, 2.81420028614e-07, 1.9580420485e-06, 1.90817945622e-06, 4.36711934526e-06, 1.30915043428e-06, 6.67184053782e-07, 3.34040510097e-06, 9.83801669463e-07, 8.80698962646e-07, 1.01940294428e-07, 9.00737404663e-08, 9.87093358162e-08, 7.70484405166e-08, 2.34289760925e-08, 6.54408527367e-09, 1.91588411802e-09, 7.76914990674e-11, 5.45327333095e-14], "min": [4.4923720495e-25, 2.94779452582e-24, 7.48518509224e-25, 1.03811511608e-24, 8.71336391748e-24, 7.15319741762e-24, 3.59755046002e-24, 7.30177226937e-24, 1.34225897869e-23, 1.25038815878e-23, 1.9822209681e-23, 3.17406641805e-23, 2.90739640666e-23, 3.67162339462e-23, 4.29214674692e-23, 5.16439308972e-23, 5.07830785458e-23, 9.92330410109e-23, 9.127053778e-23, 1.6100561461e-22, 2.30219904402e-22, 3.10204518445e-22, 3.3212240654e-22, 5.65885495476e-22, 8.52468186269e-22, 1.28044055019e-21, 1.8101751126e-21], "var": [4.94112697424e-08, 3.4365864849e-05, 6.27119225101e-05, 2.73163350357e-05, 9.80695840553e-05, 4.42543432655e-06, 7.37607820156e-07, 4.56879888588e-07, 6.15185513198e-07, 5.04999547957e-07, 1.72740794824e-06, 2.24245536629e-06, 3.11203825731e-06, 1.0999638107e-06, 4.19295275833e-07, 2.09263907891e-06, 6.8144765919e-07, 1.00908789591e-06, 1.63000692055e-07, 1.41330644965e-07, 2.34768904761e-07, 2.77415182381e-07, 1.21777716799e-07, 3.46252981842e-08, 1.34571074284e-08, 2.86229012714e-10, 8.54165100195e-14], "median": [4.83643759708e-07, 0.000267535535386, 0.00431475974619, 0.00496614910662, 0.00378081900999, 0.00151325121988, 0.000319011451211, 0.000277530605672, 0.000366221414879, 0.000214674961171, 0.000397380266804, 0.00020826808759, 0.000504265655763, 0.000299655483104, 5.09280180268e-05, 0.00023653365497, 0.000139330746606, 0.000163631833857, 4.19164425693e-05, 9.93284993456e-06, 5.91332309341e-06, 3.26857389155e-06, 4.00455149929e-07, 5.55198411689e-08, 1.25817365415e-08, 2.95414448459e-09, 5.640261036e-10]}, "melbands_kurtosis": {"dmean": 8.69772911072, "dmean2": 14.2367649078, "max": 984.276489258, "dvar": 1507.93066406, "mean": 16.3859672546, "dvar2": 3440.50268555, "min": -1.89924871922, "var": 1853.984375, "median": 8.96815299988}, "erbbands_crest": {"dmean": 2.03655409813, "dmean2": 3.23641014099, "max": 26.6433830261, "dvar": 4.73556804657, "mean": 9.05283927917, "dvar2": 11.7201318741, "min": 2.54279541969, "var": 14.7132978439, "median": 8.22396469116}, "melbands_skewness": {"dmean": 0.690783262253, "dmean2": 1.11012303829, "max": 26.086435318, "dvar": 1.34751045704, "mean": 2.95300269127, "dvar2": 2.9240603447, "min": -2.42056083679, "var": 3.11406040192, "median": 2.76959848404}, "spectral_energyband_middle_low": {"dmean": 0.00520983012393, "dmean2": 0.00863459985703, "max": 0.157293364406, "dvar": 8.66900154506e-05, "mean": 0.0170363262296, "dvar2": 0.000237756074057, "min": 1.42185526491e-22, "var": 0.000191258004634, "median": 0.0155939273536}, "spectral_contrast_coeffs": {"dmean": [0.0504774786532, 0.0376902781427, 0.0369451791048, 0.0345210656524, 0.028738418594, 0.0275825802237], "dmean2": [0.0825215280056, 0.0588031895459, 0.0581652596593, 0.0552219972014, 0.043488573283, 0.0435184687376], "max": [-0.285845160484, -0.365128397942, -0.448779374361, -0.429956972599, -0.502747952938, -0.450748056173], "dvar": [0.001850257162, 0.00114019075409, 0.00125448696781, 0.000965592160355, 0.000899422739167, 0.000827531446703], "mean": [-0.535723805428, -0.640709161758, -0.698328912258, -0.697699487209, -0.725217521191, -0.735883057117], "dvar2": [0.00453502591699, 0.00273616681807, 0.00300658424385, 0.00233722780831, 0.00180179846939, 0.00190688995644], "min": [-0.980597019196, -0.983061790466, -0.980337619781, -0.976984024048, -0.967760443687, -0.964294910431], "var": [0.0131414253265, 0.0125631215051, 0.00910003576428, 0.0084390277043, 0.00765790836886, 0.00627872161567], "median": [-0.512821614742, -0.641033172607, -0.693638563156, -0.687875151634, -0.716409862041, -0.737569868565]}, "spectral_contrast_valleys": {"dmean": [0.554431319237, 0.365168631077, 0.370207130909, 0.372497349977, 0.42820045352, 0.481142878532], "dmean2": [0.87272298336, 0.579416513443, 0.583417773247, 0.589014410973, 0.618144094944, 0.659814953804], "max": [-5.1556854248, -5.22738409042, -5.64684009552, -5.58681869507, -5.23162603378, -8.39860630035], "dvar": [0.23162971437, 0.143144950271, 0.175346717238, 0.155571982265, 0.279663294554, 0.373725146055], "mean": [-8.1841840744, -8.48778152466, -8.75510883331, -9.05111217499, -9.56289577484, -12.9372825623], "dvar2": [0.518338978291, 0.313637077808, 0.383674174547, 0.327542454004, 0.504989743233, 0.538403153419], "min": [-28.6340122223, -27.9702186584, -27.8024654388, -27.6247177124, -27.5259284973, -27.4386234283], "var": [9.06359863281, 9.47472667694, 9.18657588959, 8.69192504883, 8.71452331543, 7.23917770386], "median": [-7.58414840698, -7.63630390167, -7.97049427032, -8.38449859619, -9.16667079926, -13.132484436]}, "silence_rate_20dB": {"dmean": 0, "dmean2": 0, "max": 1, "dvar": 0, "mean": 1, "dvar2": 0, "min": 1, "var": 0, "median": 1}, "silence_rate_30dB": {"dmean": 0.00817562453449, "dmean2": 0.0163537245244, "max": 1, "dvar": 0.00810932554305, "mean": 0.994550406933, "dvar2": 0.0218420419842, "min": 0, "var": 0.00542011391371, "median": 1}, "spectral_strongpeak": {"dmean": 0.370936334133, "dmean2": 0.667915165424, "max": 13.7690057755, "dvar": 0.99548137188, "mean": 0.659084439278, "dvar2": 2.89901232719, "min": 0, "var": 0.970577716827, "median": 0.400132775307}, "spectral_spread": {"dmean": 425031.59375, "dmean2": 644355.9375, "max": 42632584, "dvar": 564983496704, "mean": 3320375, "dvar2": 1072150740990.0, "min": 513376.8125, "var": 27793505124400.0, "median": 2138493}, "barkbands_flatness_db": {"dmean": 0.0251462142915, "dmean2": 0.0381876304746, "max": 0.607246994972, "dvar": 0.000863085442688, "mean": 0.239601239562, "dvar2": 0.00157859059982, "min": 0.0210405513644, "var": 0.00713210878894, "median": 0.243481427431}, "pitch_salience": {"dmean": 0.0586991719902, "dmean2": 0.0966829657555, "max": 0.955680012703, "dvar": 0.00352987158112, "mean": 0.489192724228, "dvar2": 0.00839163456112, "min": 0.0264165718108, "var": 0.012040973641, "median": 0.489176988602}, "erbbands_kurtosis": {"dmean": 0.750094711781, "dmean2": 1.20930683613, "max": 40.7617950439, "dvar": 3.58849835396, "mean": 0.284241110086, "dvar2": 9.13884067535, "min": -1.78898632526, "var": 8.43451881409, "median": -0.53405213356}, "average_loudness": 0.843170821667, "barkbands_crest": {"dmean": 2.00423073769, "dmean2": 3.42630672455, "max": 25.8930416107, "dvar": 4.06436729431, "mean": 10.1522941589, "dvar2": 10.8453636169, "min": 2.64778447151, "var": 12.8302564621, "median": 9.61814880371}, "hfc": {"dmean": 3.23444795609, "dmean2": 5.03535699844, "max": 105.48664856, "dvar": 22.6366844177, "mean": 16.7439250946, "dvar2": 55.8637161255, "min": 1.06961381668e-16, "var": 254.109268188, "median": 12.5132255554}, "barkbands_kurtosis": {"dmean": 4.93944692612, "dmean2": 7.78818035126, "max": 1086.00732422, "dvar": 1145.92822266, "mean": 7.64395475388, "dvar2": 2360.14624023, "min": -1.94163668156, "var": 1343.1439209, "median": 2.68030977249}, "erbbands": {"dmean": [0.0524441637099, 0.492685288191, 3.98423218727, 4.87956047058, 12.6928825378, 10.7769565582, 3.67854642868, 5.79781484604, 2.64794301987, 6.20640325546, 2.37982654572, 7.12318372726, 5.45605373383, 6.86817455292, 19.1922092438, 14.0772895813, 27.2072868347, 14.9936037064, 12.1760969162, 16.0622081757, 8.55120658875, 11.7273025513, 8.09103107452, 5.60223293304, 2.8220911026, 2.49942326546, 1.92692565918, 1.94390380383, 1.60179328918, 1.34998977184, 0.751969695091, 0.379441946745, 0.294618695974, 0.120877616107, 0.0482686534524, 0.0127355987206, 0.00152374932077, 0.00010310626385, 7.11681923349e-06, 1.0153526091e-05], "dmean2": [0.0772202536464, 0.794231951237, 7.22074985504, 8.51525020599, 21.7129135132, 17.6976242065, 5.14104509354, 7.9606590271, 4.41289997101, 8.2964630127, 3.42553186417, 10.1268186569, 7.93709135056, 9.94434928894, 28.8250465393, 21.9169960022, 41.5712623596, 23.8798503876, 20.1113700867, 26.4717884064, 14.3367538452, 19.331949234, 13.7876300812, 9.12049007416, 4.63712787628, 4.13446187973, 2.95633864403, 3.02073812485, 2.40549111366, 1.98202764988, 1.05924999714, 0.499466985464, 0.412257015705, 0.172634616494, 0.0664350166917, 0.0159244406968, 0.00197237497196, 0.000141749304021, 1.04467135316e-05, 1.66375375557e-05], "max": [1.72765755653, 14.4982671738, 115.985221863, 76.8200378418, 525.28125, 289.156677246, 118.894760132, 201.260147095, 127.542114258, 271.1484375, 234.536468506, 210.192749023, 225.785369873, 550.422119141, 1224.33447266, 1059.25524902, 1998.26953125, 890.07409668, 1866.43005371, 1421.91784668, 800.485046387, 760.258911133, 1006.3651123, 608.685241699, 373.198669434, 437.719146729, 388.125701904, 284.624267578, 242.136657715, 181.156417847, 97.0894851685, 53.8599205017, 42.4308586121, 13.7095746994, 5.71637105942, 1.49703896046, 0.32599696517, 0.0315210074186, 0.000971425324678, 0.000208631769056], "dvar": [0.0288377478719, 1.43485629559, 40.2664794922, 54.827091217, 797.517944336, 496.886474609, 32.8051490784, 84.0758895874, 34.8166122437, 125.38193512, 28.8992042542, 204.108200073, 119.664154053, 268.039642334, 1566.6607666, 1516.72033691, 4932.90820312, 1135.98986816, 1427.41516113, 2068.60351562, 583.362304688, 971.110351562, 664.926025391, 312.861633301, 72.5975341797, 117.186920166, 79.1968765259, 66.9879379272, 48.8761749268, 27.139875412, 8.50001239777, 2.25972676277, 1.76817309856, 0.265050321817, 0.043894443661, 0.00316874287091, 4.94364321639e-05, 1.93692955008e-07, 2.77112416347e-10, 2.1412124851e-10], "mean": [0.0503916926682, 0.616831243038, 5.56434059143, 13.7996397018, 24.6945056915, 25.9108924866, 14.2522134781, 19.7378540039, 6.50113725662, 17.8813304901, 6.02190494537, 16.2638015747, 15.3746299744, 16.7676277161, 37.6872291565, 34.1633644104, 57.442276001, 31.274105072, 23.2476272583, 28.1955947876, 17.6594696045, 24.0441989899, 17.1467018127, 11.6089458466, 5.97237491608, 4.93289756775, 4.36533689499, 4.63562917709, 4.48434877396, 3.64804053307, 2.22085309029, 1.16737627983, 0.761521697044, 0.418467402458, 0.168665930629, 0.0339438840747, 0.00347507512197, 0.000220208821702, 2.55149316217e-05, 3.68786495528e-05], "dvar2": [0.0572101399302, 2.89044809341, 111.158912659, 157.858016968, 2153.08984375, 1417.53027344, 69.1867675781, 167.323150635, 99.5783538818, 225.6040802, 58.084854126, 442.424957275, 239.732131958, 531.428649902, 3977.60546875, 3688.00610352, 12711.6914062, 2856.48071289, 3664.61132812, 5916.33349609, 1692.88085938, 2749.92236328, 1991.48449707, 761.890319824, 195.436080933, 308.937561035, 148.39793396, 159.847045898, 96.086769104, 56.6863594055, 16.2534599304, 3.47328400612, 3.50258255005, 0.536486983299, 0.0836661607027, 0.00427373964339, 7.43802374927e-05, 3.01420953974e-07, 4.62229976517e-10, 5.04488117947e-10], "min": [6.91684348859e-23, 7.42081933169e-22, 2.28650997639e-21, 4.72449376738e-21, 1.09998267831e-20, 3.05409977868e-20, 3.15411722385e-20, 6.77518630453e-20, 6.17988768213e-20, 1.61507182622e-19, 2.65561605221e-19, 3.78240561853e-19, 5.59736835396e-19, 5.04946614669e-19, 8.47761176386e-19, 1.08027316797e-18, 1.94659090063e-18, 2.17808318532e-18, 2.02134197182e-18, 2.22627534819e-18, 3.86810209868e-18, 3.58112295209e-18, 5.93690438532e-18, 5.85046649285e-18, 5.99038781578e-18, 9.10196706983e-18, 7.96591225347e-18, 9.46902929383e-18, 1.07485999465e-17, 1.0785942188e-17, 1.02868602839e-17, 1.02504271138e-17, 9.00514806067e-18, 8.36417986608e-18, 5.73800136241e-18, 4.58699236134e-18, 2.24233754133e-18, 9.40681890112e-19, 2.53161780098e-19, 2.60265723521e-20], "var": [0.0332198999822, 1.90561318398, 59.8262901306, 123.899505615, 1322.10009766, 1113.2244873, 180.332183838, 462.799224854, 108.211120605, 585.514160156, 92.5310516357, 528.968933105, 444.163604736, 884.301818848, 3334.14379883, 4774.48828125, 9375.41015625, 2496.83813477, 2460.49414062, 4106.42529297, 1454.90026855, 2047.48754883, 1673.62780762, 1162.07250977, 361.046600342, 439.623596191, 344.981079102, 355.582061768, 350.378479004, 218.8487854, 83.5214691162, 24.138053894, 9.48460960388, 2.75364804268, 0.457855165005, 0.0226855929941, 0.000288713607006, 1.37045356041e-06, 2.00978900189e-09, 7.52410134197e-10], "median": [0.00290080555715, 0.156594932079, 3.47288274765, 12.0149745941, 15.7628726959, 13.5167713165, 11.4888381958, 13.7137622833, 3.20135521889, 9.86157989502, 3.31953001022, 8.39900875092, 8.30682754517, 7.15622711182, 19.3078079224, 15.7892360687, 29.8729553223, 16.3705368042, 9.96426677704, 11.6004037857, 7.15954399109, 10.8569908142, 7.49585056305, 3.35531568527, 1.7344506979, 0.600218594074, 0.293306559324, 0.186533227563, 0.113249257207, 0.033603079617, 0.00629929453135, 0.00187517295126, 0.000658255245071, 0.000231725774938, 9.11342795007e-05, 4.17347364419e-05, 1.55452216859e-05, 3.22759615301e-06, 1.56039823196e-05, 3.34520591423e-05]}, "spectral_energy": {"dmean": 0.00917373877019, "dmean2": 0.0151066128165, "max": 0.176394179463, "dvar": 0.000178596004844, "mean": 0.0311709325761, "dvar2": 0.000423074845457, "min": 9.96999661399e-21, "var": 0.0005293986178, "median": 0.0288835726678}, "zerocrossingrate": {"dmean": 0.00579239800572, "dmean2": 0.00737471785396, "max": 0.5458984375, "dvar": 8.79779327079e-05, "mean": 0.0482355505228, "dvar2": 0.00011204706243, "min": 0.00244140625, "var": 0.00494557712227, "med