{"tonal": {"hpcp": {"dvar": [0.0280854385346, 0.0209893006831, 0.0189432706684, 0.0201193317771, 0.0246485937387, 0.0276282150298, 0.0336254425347, 0.0354514755309, 0.0359689928591, 0.0446691922843, 0.0359138920903, 0.0283771045506, 0.032687664032, 0.036024518311, 0.0387652181089, 0.0375914014876, 0.032265458256, 0.0282843187451, 0.0277248546481, 0.02979721874, 0.0301847886294, 0.0388486161828, 0.0291158426553, 0.0261694211513, 0.0307743120939, 0.0252423305064, 0.0308964457363, 0.0346481017768, 0.0314263887703, 0.0321035757661, 0.0373098738492, 0.0308962389827, 0.025889782235, 0.028514796868, 0.0307837985456, 0.0314491018653], "var": [0.0517438389361, 0.0286826174706, 0.0215825084597, 0.0248648114502, 0.0294064823538, 0.036241389811, 0.0613516718149, 0.0582190304995, 0.0542404018342, 0.12129971385, 0.0681594610214, 0.0394404679537, 0.062132563442, 0.0706805214286, 0.0802611038089, 0.109380140901, 0.0550471693277, 0.0413743108511, 0.0442838184536, 0.0505488850176, 0.055263094604, 0.0946225002408, 0.0573132522404, 0.0360494591296, 0.053426489234, 0.0385356657207, 0.0497285909951, 0.0730497390032, 0.0494015552104, 0.0516977496445, 0.0917521342635, 0.0572764277458, 0.0373858436942, 0.0400557629764, 0.0417864844203, 0.0475568883121], "median": [0.0784821435809, 0.0466173291206, 0.0218198783696, 0.020355599001, 0.0215944666415, 0.0375051759183, 0.0506647676229, 0.0509265065193, 0.0941418111324, 0.0882515534759, 0.0817144587636, 0.0529897063971, 0.0535936318338, 0.0599935315549, 0.110044762492, 0.127094462514, 0.0900613963604, 0.0360865741968, 0.0251825936139, 0.0278506409377, 0.0966982394457, 0.128235578537, 0.0861368402839, 0.0384593717754, 0.0252917744219, 0.0298526808619, 0.0525810420513, 0.0657784864306, 0.0594400428236, 0.0686390027404, 0.0794151052833, 0.0659430399537, 0.0299526825547, 0.0229659248143, 0.0281511675566, 0.0655411556363], "max": [1, 1, 1, 1, 1, 1, 1, 1, 1, 1, 1, 1, 1, 1, 1, 1, 1, 1, 1, 1, 1, 1, 1, 1, 1, 1, 1, 1, 1, 1, 1, 1, 1, 1, 1, 1], "dmean": [0.112453728914, 0.0856038630009, 0.066590115428, 0.0687968209386, 0.0795005634427, 0.097218491137, 0.114391610026, 0.126369863749, 0.145022109151, 0.141123279929, 0.140960246325, 0.114261455834, 0.1202140674, 0.132395148277, 0.150690734386, 0.143845200539, 0.13526417315, 0.101108461618, 0.0945240184665, 0.100155808032, 0.127013012767, 0.147816732526, 0.127075240016, 0.0983520075679, 0.0979909896851, 0.0943682715297, 0.113277360797, 0.122557744384, 0.118596218526, 0.125919640064, 0.129648670554, 0.121811233461, 0.0919317901134, 0.0882284343243, 0.0978366881609, 0.114070549607], "dmean2": [0.186810791492, 0.146227642894, 0.115584105253, 0.117536269128, 0.137345865369, 0.166830033064, 0.193105742335, 0.21402028203, 0.247494384646, 0.23569688201, 0.237894907594, 0.1980651021, 0.206130743027, 0.22782471776, 0.258252948523, 0.240599378943, 0.229821488261, 0.175498753786, 0.161167040467, 0.1703260988, 0.213568359613, 0.243669241667, 0.211910277605, 0.169031962752, 0.167533650994, 0.15921792388, 0.193017348647, 0.208173826337, 0.204088136554, 0.213936164975, 0.218957439065, 0.203381791711, 0.156971782446, 0.150973439217, 0.166581258178, 0.193844422698], "mean": [0.168492421508, 0.112671807408, 0.0727891102433, 0.0775367468596, 0.0873954594135, 0.117234326899, 0.163952186704, 0.163414344192, 0.192936211824, 0.272051990032, 0.207549735904, 0.135844305158, 0.171253025532, 0.188202783465, 0.24306383729, 0.285076200962, 0.196624055505, 0.118364401162, 0.118151798844, 0.129826843739, 0.192842006683, 0.264266431332, 0.193538323045, 0.119920447469, 0.131321579218, 0.120534688234, 0.153661906719, 0.192350655794, 0.159284487367, 0.170038402081, 0.227155819535, 0.179932117462, 0.11098293215, 0.106290079653, 0.115404471755, 0.152839720249], "dvar2": [0.0693689510226, 0.0547527298331, 0.0491647943854, 0.0511688776314, 0.0629209801555, 0.0716048851609, 0.0836267322302, 0.0889784693718, 0.0942021086812, 0.100268997252, 0.0932982191443, 0.0769491270185, 0.0838577374816, 0.092542514205, 0.102120228112, 0.0900241956115, 0.0871742665768, 0.0758976563811, 0.0713413655758, 0.0780615434051, 0.0783854573965, 0.09272467345, 0.0723873302341, 0.0685303136706, 0.0779946371913, 0.0652196481824, 0.0768198519945, 0.0862784311175, 0.0824717730284, 0.0835662484169, 0.0916574522853, 0.0798919424415, 0.0663126111031, 0.0736349001527, 0.0781519263983, 0.0792621970177], "min": [0, 0, 0, 0, 0, 0, 0, 0, 0, 0, 0, 0, 0, 0, 0, 0, 0, 0, 0, 0, 0, 0, 0, 0, 0, 0, 0, 0, 0, 0, 0, 0, 0, 0, 0, 0]}, "key_key": "G", "thpcp": [1, 0.689724564552, 0.41520267725, 0.414456903934, 0.455411016941, 0.676457762718, 0.92700278759, 0.678900301456, 0.4206610322, 0.460654318333, 0.422815680504, 0.539020478725, 0.674734175205, 0.558743536472, 0.596466481686, 0.796824932098, 0.631172001362, 0.389309704304, 0.372847944498, 0.404819726944, 0.536136388779, 0.59104347229, 0.395233988762, 0.255332112312, 0.271986037493, 0.306568771601, 0.41123855114, 0.575117051601, 0.57323038578, 0.676788210869, 0.954313218594, 0.72805005312, 0.476519286633, 0.600727200508, 0.660184144974, 0.852627575397], "chords_key": "C", "tuning_equal_tempered_deviation": 0.0617121681571, "tuning_frequency": 435.197479248, "tuning_diatonic_strength": 0.520770788193, "chords_histogram": [13.0748548508, 8.7873210907, 10.1598978043, 3.01400876045, 2.617800951, 3.46681761742, 3.38191604614, 2.0659403801, 4.35828495026, 0.665062963963, 4.8393945694, 0.594311594963, 1.44332814217, 2.87250590324, 0.212254136801, 1.88198673725, 0.0990519300103, 1.68388283253, 1.24522423744, 1.17447292805, 3.82057452202, 10.8532619476, 16.9944820404, 0.693363547325], "key_strength": 0.668817400932, "key_scale": "major", "chords_strength": {"dvar": 9.88505998976e-05, "var": 0.0109380278736, "median": 0.487222969532, "max": 0.775205492973, "dmean": 0.0114827118814, "dmean2": 0.0115337967873, "mean": 0.492856264114, "dvar2": 0.000144033809192, "min": 0.231559678912}, "chords_number_rate": 0.00268855248578, "tuning_nontempered_energy_ratio": 0.733862817287, "hpcp_entropy": {"dvar": 0.298499256372, "var": 0.661433696747, "median": 1.84764814377, "max": 4.39966440201, "dmean": 0.624736249447, "dmean2": 1.06009447575, "mean": 1.86832952499, "dvar2": 0.782853901386, "min": 0}, "chords_changes_rate": 0.0809395760298, "chords_scale": "major"}, "rhythm": {"bpm_histogram_first_peak_spread": {"dvar": 0, "var": 0, "median": 0, "max": 0, "dmean": 0, "dmean2": 0, "mean": 0, "dvar2": 0, "min": 0}, "bpm_histogram_first_peak_weight": {"dvar": 0, "var": 0, "median": 0.21798029542, "max": 0.21798029542, "dmean": 0, "dmean2": 0, "mean": 0.21798029542, "dvar2": 0, "min": 0.21798029542}, "bpm_histogram_first_peak_bpm": {"dvar": 0, "var": 0, "median": 167, "max": 167, "dmean": 0, "dmean2": 0, "mean": 167, "dvar2": 0, "min": 167}, "bpm": 164.219116211, "bpm_histogram_second_peak_weight": {"dvar": 0, "var": 0, "median": 0.199507385492, "max": 0.199507385492, "dmean": 0, "dmean2": 0, "mean": 0.199507385492, "dvar2": 0, "min": 0.199507385492}, "beats_loudness": {"dvar": 0.000131054883241, "var": 0.000177323454409, "median": 0.0414829552174, "max": 0.0967751145363, "dmean": 0.013506998308, "dmean2": 0.0234115477651, "mean": 0.0416231155396, "dvar2": 0.00039236273733, "min": 8.79447179614e-05}, "beats_loudness_band_ratio": {"dvar": [0.0135128125548, 0.0178647823632, 0.025728078559, 0.0412025041878, 0.00917757954448, 1.6201116523e-05], "var": [0.0189993195236, 0.0256188549101, 0.0454663261771, 0.0535539388657, 0.00957417208701, 1.1652212379e-05], "median": [0.0721272006631, 0.174023747444, 0.339577764273, 0.163328021765, 0.0231741704047, 0.000404913327657], "max": [0.688605308533, 0.914189875126, 0.970939517021, 0.980291366577, 0.805220544338, 0.0427376739681], "dmean": [0.106973290443, 0.154182717204, 0.199772238731, 0.188931852579, 0.0684893876314, 0.00170001678634], "dmean2": [0.181853413582, 0.266727536917, 0.33665600419, 0.334728270769, 0.117948822677, 0.00306094181724], "mean": [0.126950711012, 0.20875389874, 0.375602573156, 0.268601238728, 0.0682304725051, 0.00135680043604], "dvar2": [0.0356943532825, 0.0523981042206, 0.0728225037456, 0.119073405862, 0.0247068479657, 4.32768138126e-05], "min": [0.000341696402756, 0.000787828932516, 0.00693264603615, 0.010131767951, 0.000755132001359, 3.068220758e-05]}, "bpm_histogram_second_peak_bpm": {"dvar": 0, "var": 0, "median": 161, "max": 161, "dmean": 0, "dmean2": 0, "mean": 161, "dvar2": 0, "min": 161}, "onset_rate": 2.62689232826, "beats_count": 813, "beats_position": [0.394739210606, 0.789478421211, 1.19582760334, 1.60217678547, 2.00852608681, 2.42648530006, 2.83283448219, 3.28562355042, 3.75002264977, 4.21442174911, 4.66721057892, 5.13160991669, 5.5727891922, 6.01396799088, 6.45514726639, 6.8963265419, 7.33750534058, 7.81351470947, 8.3011341095, 8.77714252472, 9.25315189362, 9.74077033997, 10.2167797089, 10.6463489532, 11.0875282288, 11.5170974731, 11.9698867798, 12.4226751328, 12.8754644394, 13.3166437149, 13.7694330215, 14.2106122971, 14.6750106812, 15.1858501434, 15.696688652, 16.2075271606, 16.6719264984, 17.1363258362, 17.6123352051, 18.1115646362, 18.6107940674, 19.1100215912, 19.6092510223, 20.0968704224, 20.5960998535, 20.9908390045, 21.3855781555, 21.7803173065, 22.1750564575, 22.5581855774, 22.9413146973, 23.3244438171, 23.707572937, 24.0907020569, 24.4738311768, 24.8685703278, 25.3213596344, 25.774148941, 26.2385482788, 26.6797275543, 27.132516861, 27.5853061676, 28.0497055054, 28.537322998, 29.0133323669, 29.4893417358, 30.0930614471, 30.68516922, 31.2772789001, 31.869386673, 32.4614944458, 33.0419960022, 33.6341018677, 34.2726516724, 34.9228096008, 35.572971344, 36.2231292725, 36.8732872009, 37.5118370056, 38.1503829956, 38.7076644897, 39.2649421692, 39.8338317871, 40.402721405, 40.9599990845, 41.5172767639, 42.0513381958, 42.6086158752, 43.0962333679, 43.5722427368, 44.0482521057, 44.5126533508, 44.919002533, 45.3253517151, 45.7200889587, 46.1148300171, 46.5211791992, 46.9275283813, 47.322265625, 47.7053947449, 48.076915741, 48.4600448608, 48.8431739807, 49.2263031006, 49.6094322205, 49.9925613403, 50.3756904602, 50.7588195801, 51.1419487, 51.5250778198, 51.8965988159, 52.2681159973, 52.6396369934, 53.0111541748, 53.3826751709, 53.73097229, 54.0792732239, 54.4159622192, 54.7526512146, 55.1473922729, 55.5305213928, 55.9136505127, 56.2967796326, 56.6915168762, 57.0862579346, 57.4693870544, 57.8525161743, 58.2240333557, 58.6071662903, 59.0019035339, 59.3966445923, 59.7913818359, 60.1861228943, 60.5808601379, 60.952381134, 61.3355102539, 61.6954193115, 62.0669364929, 62.4616775513, 62.8564147949, 63.2395439148, 63.6226730347, 64.0058059692, 64.4005432129, 64.7836685181, 65.1784133911, 65.5615386963, 65.9330596924, 66.316192627, 66.6993179321, 67.0824508667, 67.4655761719, 67.8487091064, 68.2434463501, 68.6614074707, 69.0909729004, 69.508934021, 69.9036712646, 70.3100204468, 70.7163696289, 71.0995025635, 71.4826278687, 71.8541488647, 72.2256698608, 72.608795166, 72.9803161621, 73.3634490967, 73.7581863403, 74.152923584, 74.5476608276, 74.9540100098, 75.3487548828, 75.7434921265, 76.1266174316, 76.4981384277, 76.8812713623, 77.252784729, 77.6359176636, 78.0190429688, 78.3905639648, 78.7620849609, 79.1452102661, 79.5399551392, 79.9230804443, 80.2946014404, 80.6661224365, 81.0376434326, 81.4091567993, 81.7806777954, 82.1521987915, 82.5237197876, 82.8952331543, 83.2667541504, 83.6382751465, 84.0214080811, 84.4045333862, 84.7876663208, 85.170791626, 85.5539245605, 85.9254379272, 86.2853469849, 86.656867981, 87.0167770386, 87.3766860962, 87.7249908447, 88.0732879639, 88.421585083, 88.7814941406, 89.1297912598, 89.4897003174, 89.8380050659, 90.1979141235, 90.5578231812, 90.9061203003, 91.2544174194, 91.602722168, 91.9742355347, 92.3457565308, 92.7288894653, 93.1120147705, 93.4835357666, 93.8550567627, 94.2265777588, 94.5980911255, 94.9812240601, 95.3527450562, 95.7358703613, 96.1073913574, 96.467300415, 96.8388214111, 97.1987304688, 97.5702438354, 97.9301605225, 98.2900695801, 98.6615829468, 99.0331039429, 99.3930130005, 99.7529220581, 100.124443054, 100.484352112, 100.855873108, 101.215782166, 101.575691223, 101.935600281, 102.295509338, 102.655418396, 103.003715515, 103.352012634, 103.711929321, 104.071838379, 104.420135498, 104.768432617, 105.116729736, 105.453422546, 105.790107727, 106.138412476, 106.486709595, 106.823402405, 107.160087585, 107.508384705, 107.856689453, 108.216598511, 108.576507568, 108.936416626, 109.296325684, 109.656234741, 110.016143799, 110.387664795, 110.747573853, 111.10748291, 111.479003906, 111.850517273, 112.222038269, 112.593559265, 112.965080261, 113.324989319, 113.684898376, 114.056411743, 114.427932739, 114.799453735, 115.147750854, 115.519271851, 115.879180908, 116.239089966, 116.587387085, 116.958908081, 117.330429077, 117.701950073, 118.061859131, 118.421768188, 118.770065308, 119.129974365, 119.501495361, 119.861404419, 120.221313477, 120.569610596, 120.929519653, 121.301040649, 121.672561646, 122.032470703, 122.392379761, 122.752288818, 123.112197876, 123.472106934, 123.832015991, 124.191925049, 124.551834106, 124.923355103, 125.294876099, 125.654785156, 126.026298523, 126.397819519, 126.757728577, 127.117637634, 127.477546692, 127.849067688, 128.197372437, 128.545669556, 128.893966675, 129.265487671, 129.648620605, 130.020126343, 130.3800354, 130.739959717, 131.099868774, 131.471374512, 131.842895508, 132.214416504, 132.562713623, 132.911010742, 133.2709198, 133.630844116, 133.979141235, 134.339050293, 134.698959351, 135.058868408, 135.418777466, 135.790298462, 136.161804199, 136.521713257, 136.881637573, 137.229934692, 137.578231812, 137.926528931, 138.298049927, 138.657958984, 139.017868042, 139.3777771, 139.726074219, 140.085983276, 140.457504272, 140.840637207, 141.212158203, 141.572067261, 141.943572998, 142.315093994, 142.68661499, 143.069747925, 143.441268921, 143.801177979, 144.149475098, 144.497772217, 144.834457397, 145.171157837, 145.496231079, 145.844528198, 146.204437256, 146.58757019, 146.959091187, 147.319000244, 147.678909302, 148.050430298, 148.421951294, 148.79347229, 149.176589966, 149.5597229, 149.942855835, 150.337600708, 150.732330322, 151.115463257, 151.498596191, 151.870117188, 152.241622925, 152.613143921, 152.973052979, 153.332962036, 153.704483032, 154.087615967, 154.470748901, 154.830657959, 155.190567017, 155.550476074, 155.92199707, 156.270294189, 156.60697937, 156.966888428, 157.315185547, 157.663482666, 158.011795044, 158.371704102, 158.731613159, 159.079910278, 159.416595459, 159.75328064, 160.101577759, 160.449890137, 160.809799194, 161.169708252, 161.518005371, 161.877914429, 162.226211548, 162.574508667, 162.934417725, 163.294326782, 163.65423584, 164.014144897, 164.362442017, 164.699142456, 165.059051514, 165.407348633, 165.755645752, 166.103942871, 166.463851929, 166.812149048, 167.160446167, 167.508743286, 167.857055664, 168.228561401, 168.588470459, 168.948379517, 169.308303833, 169.668212891, 170.051330566, 170.434463501, 170.794372559, 171.154281616, 171.514190674, 171.874099731, 172.234008789, 172.593917847, 172.953826904, 173.313735962, 173.662033081, 174.021942139, 174.381851196, 174.730148315, 175.078460693, 175.449981689, 175.821487427, 176.193008423, 176.55291748, 176.912826538, 177.272735596, 177.632644653, 177.980941772, 178.352462769, 178.700775146, 179.060684204, 179.420593262, 179.780502319, 180.140411377, 180.488708496, 180.848617554, 181.196914673, 181.55682373, 181.916732788, 182.276641846, 182.624938965, 182.984848022, 183.34475708, 183.693054199, 184.052963257, 184.412872314, 184.772781372, 185.13269043, 185.492599487, 185.852508545, 186.200805664, 186.549118042, 186.9090271, 187.268936157, 187.640457153, 188.023574829, 188.406707764, 188.801452637, 189.172973633, 189.54447937, 189.916000366, 190.287521362, 190.659042358, 191.030563354, 191.402084351, 191.761993408, 192.133514404, 192.493423462, 192.864944458, 193.236465454, 193.607971191, 193.967880249, 194.339401245, 194.699310303, 195.047622681, 195.3959198, 195.755828857, 196.104125977, 196.440811157, 196.800720215, 197.160629272, 197.532150269, 197.903671265, 198.275192261, 198.646713257, 199.029830933, 199.494232178, 199.947021484, 200.399810791, 200.782943726, 201.16607666, 201.537597656, 201.920715332, 202.28062439, 202.640533447, 203.012054443, 203.371963501, 203.720275879, 204.080184937, 204.440093994, 204.788391113, 205.148300171, 205.519821167, 205.891326904, 206.251235962, 206.611160278, 206.982666016, 207.354187012, 207.725708008, 208.097229004, 208.46875, 208.840270996, 209.211791992, 209.583312988, 209.954818726, 210.314727783, 210.6746521, 211.046157837, 211.417678833, 211.789199829, 212.172332764, 212.54385376, 212.926986694, 213.298492432, 213.670013428, 214.041534424, 214.41305542, 214.796188354, 215.179321289, 215.562438965, 215.933959961, 216.293869019, 216.665390015, 217.013687134, 217.373596191, 217.733505249, 218.093414307, 218.453323364, 218.82484436, 219.196365356, 219.556274414, 219.939407349, 220.310928345, 220.682449341, 221.042358398, 221.402267456, 221.750564575, 222.098861694, 222.458770752, 222.81867981, 223.190200806, 223.561721802, 223.921630859, 224.281539917, 224.653060913, 225.036193848, 225.419311523, 225.79083252, 226.162353516, 226.533874512, 226.905395508, 227.276916504, 227.6484375, 228.019943237, 228.391464233, 228.762985229, 229.146118164, 229.540863037, 229.935592651, 230.330337524, 230.713470459, 231.108200073, 231.514556885, 231.886077881, 232.257598877, 232.617507935, 232.977416992, 233.325714111, 233.685623169, 234.045532227, 234.405441284, 234.753738403, 235.113647461, 235.473556519, 235.833465576, 236.193374634, 236.56489563, 236.936416626, 237.296325684, 237.644622803, 238.00453186, 238.376052856, 238.747573853, 239.10748291, 239.467391968, 239.827301025, 240.187210083, 240.535507202, 240.883804321, 241.23210144, 241.592010498, 241.951919556, 242.300216675, 242.648529053, 242.996826172, 243.345123291, 243.69342041, 244.041717529, 244.390014648, 244.738311768, 245.086624146, 245.423309326, 245.759994507, 246.096679688, 246.444976807, 246.781677246, 247.129974365, 247.466659546, 247.814956665, 248.163253784, 248.511566162, 248.848251343, 249.184936523, 249.521621704, 249.869934082, 250.218231201, 250.56652832, 250.914825439, 251.274734497, 251.634643555, 251.982940674, 252.331237793, 252.691146851, 253.03944397, 253.387756348, 253.736053467, 254.095962524, 254.444259644, 254.792556763, 255.140853882, 255.489151001, 255.83744812, 256.185760498, 256.545654297, 256.905578613, 257.253875732, 257.602172852, 257.950469971, 258.29876709, 258.647064209, 258.995361328, 259.343658447, 259.691955566, 260.040252686, 260.388580322, 260.725250244, 261.073547363, 261.410247803, 261.758544922, 262.106842041, 262.45513916, 262.803436279, 263.151733398, 263.500030518, 263.836730957, 264.173431396, 264.510101318, 264.881622314, 265.253143311, 265.636291504, 266.007781982, 266.379302979, 266.750823975, 267.122344971, 267.493865967, 267.865386963, 268.260131836, 268.654876709, 269.061218262, 269.467559814, 269.873931885, 270.280273438, 270.814331055, 271.348388672, 271.882446289, 272.46295166, 273.043426514, 273.635559082, 274.216064453, 274.796539307, 275.377044678, 275.945922852, 276.526428223, 277.106933594, 277.687438965, 278.267944336, 278.848419189, 279.417327881, 279.986206055, 280.555084229, 281.147216797, 281.716094971, 282.284973145, 282.853881836, 283.42276001, 284.003265381, 284.583770752, 285.164245605, 285.744750977, 286.313659668, 286.882537842, 287.451416016, 288.020324707, 288.600799561, 289.181304932, 289.750213623, 290.319091797, 290.899597168, 291.433654785, 291.967712402, 292.50177002, 293.035827637, 293.569885254, 294.103942871, 294.649597168, 295.195281982, 295.752563477, 296.309844971, 296.867126465, 297.412780762, 297.958465576, 298.52734375, 299.142669678, 299.734771729, 300.326873779, 300.90737915, 301.499481201, 302.068389893, 302.637268066, 303.206176758, 303.775054932, 304.343933105, 304.936035156, 305.528167725, 306.108642578, 306.689147949, 307.26965332, 307.850158691, 308.419036865, 308.987945557, 309.56842041, 310.148925781, 310.729431152, 311.309936523, 311.890411377, 312.459320068, 313.028198242, 313.585479736, 314.14276123, 314.711639404, 315.199279785, 315.686889648, 316.174499512, 316.638916016, 317.103302002, 317.556091309, 318.008880615, 318.461669922, 318.914459229, 319.355651855, 319.808441162, 320.261230469, 320.714019775, 321.155181885, 321.596374512, 322.037536621, 322.559997559, 323.082427979, 323.616516113, 324.15057373, 324.696228027, 325.230285645, 325.764343262, 326.298400879, 326.832458496, 327.38973999], "danceability": 1.27949917316, "bpm_histogram_second_peak_spread": {"dvar": 0, "var": 0, "median": 0.336065590382, "max": 0.336065590382, "dmean": 0, "dmean2": 0, "mean": 0.336065590382, "dvar2": 0, "min": 0.336065590382}}, "lowlevel": {"spectral_flux": {"dvar": 0.000633563555311, "var": 0.00166493083816, "median": 0.0866491124034, "max": 0.368205010891, "dmean": 0.0246058460325, "dmean2": 0.0391926728189, "mean": 0.0933454334736, "dvar2": 0.00151862646453, "min": 6.4509501907e-11}, "spectral_rolloff": {"dvar": 75115.375, "var": 915667.25, "median": 947.4609375, "max": 19530.6152344, "dmean": 148.417114258, "dmean2": 245.831802368, "mean": 1127.3260498, "dvar2": 152482.484375, "min": 86.1328125}, "barkbands_flatness_db": {"dvar": 0.000230376695981, "var": 0.00123621663079, "median": 0.276067078114, "max": 0.456619113684, "dmean": 0.0162409860641, "dmean2": 0.0255591776222, "mean": 0.27560532093, "dvar2": 0.000511597492732, "min": 0.0326698310673}, "spectral_centroid": {"dvar": 18150.5839844, "var": 329124.25, "median": 708.944946289, "max": 11577.8125, "dmean": 93.465423584, "dmean2": 136.13420105, "mean": 826.619995117, "dvar2": 34582.875, "min": 289.414215088}, "melbands_skewness": {"dvar": 0.203931346536, "var": 1.08676922321, "median": 0.644715487957, "max": 8.35484409332, "dmean": 0.433245837688, "dmean2": 0.655545651913, "mean": 0.660178661346, "dvar2": 0.46178406477, "min": -5.96678447723}, "melbands": {"dvar": [1.30674127075e-09, 1.24502349763e-07, 3.39409808703e-07, 2.59985910134e-07, 3.50103931623e-07, 1.88706437143e-07, 2.05889776339e-07, 4.53005441159e-07, 4.76329432786e-07, 5.67556639908e-07, 4.84339693685e-07, 2.25842214263e-07, 1.29532509163e-07, 2.20896552605e-07, 1.92614862726e-07, 4.58577282814e-08, 4.91057079444e-08, 1.84128339242e-08, 1.32296307243e-08, 6.51056408785e-09, 2.07957895348e-09, 5.33437738426e-10, 1.72923203534e-10, 5.39865617488e-11, 2.35745607063e-11, 1.11799328475e-12, 4.15990267406e-13, 1.79857119324e-13, 2.1785265581e-14, 8.42279652464e-15, 2.24189313523e-15, 1.60215077598e-16, 9.74836074206e-18, 2.86073383816e-18, 1.61065000301e-18, 1.00854823366e-18, 6.14027490733e-19, 4.35302504886e-19, 3.73920481857e-19, 2.94925974129e-19], "var": [1.79893722141e-09, 3.97749232661e-07, 1.20964182315e-06, 7.97523341589e-07, 9.27702899389e-07, 4.15024430822e-07, 4.8431434152e-07, 8.9973826789e-07, 1.11319400276e-06, 1.41617908866e-06, 1.36228868541e-06, 6.91733248459e-07, 2.8346767067e-07, 5.32975661827e-07, 4.77012690681e-07, 1.22420757975e-07, 1.35906617516e-07, 4.02662720944e-08, 2.63357566865e-08, 1.22320304996e-08, 4.26667057241e-09, 1.54852031198e-09, 7.06510516757e-10, 2.27603783043e-10, 7.20925749653e-11, 2.95761136936e-12, 9.89985545798e-13, 3.6554678555e-13, 6.59709374802e-14, 2.40622798786e-14, 5.81914345269e-15, 3.56942516239e-16, 2.31365411725e-17, 3.88951408243e-18, 1.66945117083e-18, 7.90637117259e-19, 4.38534816527e-19, 3.04127582962e-19, 2.28212591107e-19, 1.70418334738e-19], "median": [2.38564098254e-05, 0.000146845719428, 0.000460924580693, 0.000518375250977, 0.000535329629201, 0.000288067822112, 0.000218873363337, 0.000328259397065, 0.000426022947067, 0.000376815878553, 0.000281413318589, 0.000151398882736, 8.75966652529e-05, 0.000110832006612, 8.95516059245e-05, 4.5423857955e-05, 3.45875851053e-05, 2.10699545278e-05, 1.54502904479e-05, 9.1893998615e-06, 5.71061309529e-06, 3.1773995488e-06, 1.54466454205e-06, 1.11621284304e-06, 6.1127718709e-07, 2.74179058124e-07, 1.28099813423e-07, 7.05629759068e-08, 2.86192989307e-08, 1.31008341953e-08, 7.33511074102e-09, 4.68276883936e-09, 3.45021611281e-09, 2.59726085083e-09, 2.1104746839e-09, 1.63714586332e-09, 1.17805176725e-09, 9.23050302859e-10, 6.27763452332e-10, 4.45238151903e-10], "max": [0.000606191519182, 0.00818503089249, 0.0101245455444, 0.00983302760869, 0.0122948214412, 0.0136498445645, 0.010391886346, 0.0156650692225, 0.013811650686, 0.0156220356002, 0.0150159224868, 0.0126619739458, 0.0136253545061, 0.0125267775729, 0.0147047936916, 0.00801805686206, 0.00710985762998, 0.00633211154491, 0.00329709774815, 0.00380554166622, 0.00209443341009, 0.00103522452991, 0.000758477137424, 0.000198842972168, 0.000150427673361, 3.59512305295e-05, 4.0477814764e-05, 2.80414515146e-05, 7.01548060533e-06, 3.83553560823e-06, 3.0176281598e-06, 7.85973270467e-07, 1.73658875724e-07, 9.92669271227e-08, 8.5295084773e-08, 7.56633227184e-08, 6.06213887977e-08, 5.17392493293e-08, 4.98895680323e-08, 4.47614212362e-08], "dmean": [2.73500099865e-05, 0.00020592904184, 0.000395177747123, 0.000359150115401, 0.000402803736506, 0.0002395050833, 0.000226697491598, 0.000348787696566, 0.000382530561183, 0.000380716839572, 0.000331931601977, 0.000193021958694, 0.000130808897666, 0.000197337300051, 0.000166825862834, 7.9277997429e-05, 7.71956547396e-05, 4.72548381367e-05, 3.91509165638e-05, 2.38544507738e-05, 1.20923505165e-05, 6.81085339238e-06, 3.5736090922e-06, 2.62634307546e-06, 1.53955215865e-06, 4.18234719746e-07, 2.06481175269e-07, 1.34283169473e-07, 5.3637574382e-08, 2.57081715915e-08, 1.07784261516e-08, 3.73553366018e-09, 1.82194648257e-09, 1.029073049e-09, 8.08667466323e-10, 5.67402347329e-10, 4.00090460762e-10, 3.22378457263e-10, 2.2386295595e-10, 1.67850566779e-10], "dmean2": [4.69305377919e-05, 0.000327110436046, 0.000624656560831, 0.000570133386645, 0.000639689038508, 0.000377558433684, 0.000356917444151, 0.000554942642339, 0.000591158401221, 0.000574414909352, 0.000488973630127, 0.000280180654954, 0.000198066787561, 0.000309917260893, 0.000257398438407, 0.000124486483401, 0.000121412667795, 7.43865894037e-05, 6.08161717537e-05, 3.68245782738e-05, 1.86993711395e-05, 9.92881541606e-06, 5.25900441062e-06, 3.75719355361e-06, 2.27461327995e-06, 6.45141938094e-07, 3.19148028893e-07, 2.05723836189e-07, 8.31164612691e-08, 3.87258900503e-08, 1.65805555952e-08, 5.99478955365e-09, 3.02126812457e-09, 1.73529646208e-09, 1.36422939612e-09, 9.64542556936e-10, 6.79192757591e-10, 5.47894729586e-10, 3.81135678573e-10, 2.8494739901e-10], "mean": [3.75501149392e-05, 0.00039143874892, 0.000889040878974, 0.00081931456225, 0.0008441953687, 0.000500287336763, 0.000417759496486, 0.000622892519459, 0.000764918804634, 0.000765586388297, 0.000675091752782, 0.000381695543183, 0.000234708350035, 0.000378459313652, 0.000300734478515, 0.000142403194332, 0.000139602329, 8.16084284452e-05, 6.48984860163e-05, 3.85154598916e-05, 2.09097233892e-05, 1.26556606119e-05, 7.729686331e-06, 5.67532561035e-06, 3.03152273773e-06, 7.85734528108e-07, 4.11063240335e-07, 2.58077875515e-07, 1.07980447694e-07, 5.14974871635e-08, 2.11659063609e-08, 7.93619037154e-09, 4.26861035407e-09, 2.90602431008e-09, 2.27562280131e-09, 1.72155778522e-09, 1.2324066212e-09, 9.56053569645e-10, 6.48807618742e-10, 4.53832083025e-10], "dvar2": [3.57225915515e-09, 2.90476720011e-07, 8.10964877473e-07, 6.57746340949e-07, 8.15636781226e-07, 4.47624898925e-07, 4.74342073176e-07, 1.03363515791e-06, 1.04243758869e-06, 1.17935712751e-06, 9.38180619414e-07, 4.24288828071e-07, 2.58620531213e-07, 5.27340830558e-07, 4.32329784417e-07, 1.05483564994e-07, 1.19991184988e-07, 3.98078725539e-08, 3.07755811946e-08, 1.38284645956e-08, 5.33374500122e-09, 1.04164243897e-09, 3.77506775839e-10, 1.03714453692e-10, 5.03684351172e-11, 2.45425381407e-12, 1.01323951399e-12, 4.20113949054e-13, 4.85605106744e-14, 1.81638338132e-14, 5.2348762193e-15, 3.57382496916e-16, 2.12026474943e-17, 7.11569135213e-18, 4.14975254776e-18, 2.58230029448e-18, 1.56739238608e-18, 1.10586623952e-18, 9.37288691841e-19, 7.41185623602e-19], "min": [2.22978299343e-24, 1.61476573248e-24, 1.45461838985e-24, 2.11662957405e-24, 3.41927302304e-24, 3.13782244041e-24, 1.97154977054e-24, 2.77461608851e-24, 3.84220265357e-24, 3.09133960043e-24, 3.53866988206e-24, 4.13105709022e-24, 2.88304245613e-24, 2.46871101504e-24, 5.37889028631e-24, 5.57451950776e-24, 3.84746830012e-24, 4.54411807083e-24, 4.68050738818e-24, 4.0701073301e-24, 4.07562777872e-24, 4.26717109512e-24, 5.84860765156e-24, 4.97095256285e-24, 5.24585007793e-24, 5.7338031463e-24, 6.37647037642e-24, 6.03004920964e-24, 4.2432299555e-24, 5.67508034052e-24, 5.98154057485e-24, 7.44553664732e-24, 5.79527473791e-24, 5.58368449376e-24, 4.58588786133e-24, 5.88718216096e-24, 5.24896252864e-24, 6.21382974029e-24, 6.19493573275e-24, 7.69983463759e-24]}, "spectral_decrease": {"dvar": 3.14894217514e-18, "var": 1.15600699177e-17, "median": -8.51563886073e-09, "max": 1.2525686631e-20, "dmean": 1.66737912366e-09, "dmean2": 2.48531240032e-09, "mean": -8.74365824188e-09, "dvar2": 6.66889801607e-18, "min": -2.79834377892e-08}, "barkbands_kurtosis": {"dvar": 17.088098526, "var": 27.5058765411, "median": 0.409588634968, "max": 178.713790894, "dmean": 1.58914589882, "dmean2": 2.53188109398, "mean": 1.52503955364, "dvar2": 38.8148574829, "min": -1.85757625103}, "silence_rate_30dB": {"dvar": 0.0004242293071, "var": 0.00028287479654, "median": 1, "max": 1, "dmean": 0.000424568366725, "dmean2": 0.000849196803756, "mean": 0.999716997147, "dvar2": 0.0011317464523, "min": 0}, "gfcc": {"mean": [-90.2356491089, 207.122802734, -164.386749268, -36.6094360352, -36.2542648315, -14.2906837463, -29.5370941162, -12.2473745346, -15.213177681, -20.3285675049, -8.17687892914, -19.083240509, -3.58521175385], "cov": [[3031.68432617, 556.980163574, -715.567138672, -46.1834449768, 57.7859954834, -164.865966797, -24.9833564758, -75.5865020752, -67.3599319458, -58.6601028442, 17.0783061981, -64.8469390869, 40.2714729309], [556.980163574, 540.59375, 402.528167725, -33.6204528809, -89.5690689087, 29.2307300568, -94.9821853638, -32.1701011658, 35.7089920044, -63.8158683777, -32.141254425, -20.0376720428, -42.64402771], [-715.567138672, 402.528167725, 1045.31201172, -13.1448869705, -242.50592041, 174.541519165, -81.5585098267, 25.8467617035, 74.7484359741, -46.0376930237, -88.7313690186, 10.2069606781, -93.3420791626], [-46.1834449768, -33.6204528809, -13.1448869705, 341.440551758, 83.2709655762, -169.566818237, -39.4180107117, 36.814743042, -36.0885391235, -14.2734212875, -24.8052425385, 7.48761892319, 10.7600669861], [57.7859954834, -89.5690689087, -242.50592041, 83.2709655762, 189.480789185, -40.5649642944, -13.2344226837, -9.5886592865, -21.5687866211, -13.1022510529, 9.00699806213, -5.89065027237, 17.4606800079], [-164.865966797, 29.2307300568, 174.541519165, -169.566818237, -40.5649642944, 246.274658203, 66.5081787109, -34.2176055908, 5.06228923798, 7.95806789398, -12.4318113327, -13.1367311478, -30.3369693756], [-24.9833564758, -94.9821853638, -81.5585098267, -39.4180107117, -13.2344226837, 66.5081787109, 162.427352905, 20.8775062561, -28.3665866852, 9.05087661743, 8.74959850311, -11.1712827682, 5.84253311157], [-75.5865020752, -32.1701011658, 25.8467617035, 36.814743042, -9.5886592865, -34.2176055908, 20.8775062561, 105.854026794, 39.4486885071, -17.8675918579, -21.7336540222, 1.01619899273, -9.65765285492], [-67.3599319458, 35.7089920044, 74.7484359741, -36.0885391235, -21.5687866211, 5.06228923798, -28.3665866852, 39.4486885071, 107.610435486, 22.1675186157, -18.445268631, -8.01340866089, -10.004070282], [-58.6601028442, -63.8158683777, -46.0376930237, -14.2734212875, -13.1022510529, 7.95806789398, 9.05087661743, -17.8675918579, 22.1675186157, 93.7525024414, 39.4646530151, -3.761302948, 2.48013591766], [17.0783061981, -32.141254425, -88.7313690186, -24.8052425385, 9.00699806213, -12.4318113327, 8.74959850311, -21.7336540222, -18.445268631, 39.4646530151, 92.3091201782, 29.9447193146, 1.53456616402], [-64.8469390869, -20.0376720428, 10.2069606781, 7.48761892319, -5.89065027237, -13.1367311478, -11.1712827682, 1.01619899273, -8.01340866089, -3.761302948, 29.9447193146, 67.1066055298, 27.2774295807], [40.2714729309, -42.64402771, -93.3420791626, 10.7600669861, 17.4606800079, -30.3369693756, 5.84253311157, -9.65765285492, -10.004070282, 2.48013591766, 1.53456616402, 27.2774295807, 75.2585372925]], "icov": [[0.00204808544368, -0.00500388862565, 0.00428000465035, -0.000873161770869, 0.00236978498287, -0.00138210400473, 0.000332088617142, -0.00130009918939, 0.00143931992352, -0.00137257087044, 0.00229931925423, -0.00134470046032, 0.000879450119101], [-0.00500388862565, 0.0159526709467, -0.011876177974, 0.00224162265658, -0.00523829692975, 0.00407236674801, -2.25729072554e-05, 0.00546682067215, -0.00535243330523, 0.00721825286746, -0.00812987238169, 0.0062797954306, -0.00283290399238], [0.00428000465035, -0.011876177974, 0.0125981448218, -0.00455310149118, 0.00900210160762, -0.00697363680229, 0.00263061840087, -0.00347893196158, 0.00190013076644, -0.00223480141722, 0.00595861440524, -0.00496884947643, 0.00371192651801], [-0.000873161770869, 0.00224162265658, -0.00455310149118, 0.00916904583573, -0.00711920531467, 0.0082042068243, -0.0020107938908, -0.00112836051267, 0.0046412749216, -0.00454924721271, 0.00421582534909, -0.00187458854634, 0.00110986060463], [0.00236978498287, -0.00523829692975, 0.00900210160762, -0.00711920531467, 0.0155644090846, -0.00783673208207, 0.00423766393214, -0.00044944792171, -0.00175184872933, 0.00466176122427, -0.00140105362516, 0.00140385876875, -7.67626770539e-05], [-0.00138210400473, 0.00407236674801, -0.00697363680229, 0.0082042068243, -0.00783673208207, 0.0150311859325, -0.00687384931371, 0.00482608750463, 0.000950756715611, -0.00305829243734, 0.00383841176517, -0.00197607348673, 0.00312021607533], [0.000332088617142, -2.25729072554e-05, 0.00263061840087, -0.0020107938908, 0.00423766393214, -0.00687384931371, 0.0121781704947, -0.00618634233251, 0.00378285651095, 0.000572398421355, -0.00287456880324, 0.00433812011033, -0.00316337542608], [-0.00130009918939, 0.00546682067215, -0.00347893196158, -0.00112836051267, -0.00044944792171, 0.00482608750463, -0.00618634233251, 0.0198786780238, -0.0113365380093, 0.0077858781442, -0.000742248143069, -0.00139420491178, 0.00347766885534], [0.00143931992352, -0.00535243330523, 0.00190013076644, 0.0046412749216, -0.00175184872933, 0.000950756715611, 0.00378285651095, -0.0113365380093, 0.0209493394941, -0.0126817347482, 0.00865850783885, -0.00262237573043, 0.000907941372134], [-0.00137257087044, 0.00721825286746, -0.00223480141722, -0.00454924721271, 0.00466176122427, -0.00305829243734, 0.000572398421355, 0.0077858781442, -0.0126817347482, 0.0258581358939, -0.0167008154094, 0.0107881911099, -0.00476403161883], [0.00229931925423, -0.00812987238169, 0.00595861440524, 0.00421582534909, -0.00140105362516, 0.00383841176517, -0.00287456880324, -0.000742248143069, 0.00865850783885, -0.0167008154094, 0.0301167722791, -0.0192379225045, 0.0110108498484], [-0.00134470046032, 0.0062797954306, -0.00496884947643, -0.00187458854634, 0.00140385876875, -0.00197607348673, 0.00433812011033, -0.00139420491178, -0.00262237573043, 0.0107881911099, -0.0192379225045, 0.0319557115436, -0.0151490103453], [0.000879450119101, -0.00283290399238, 0.00371192651801, 0.00110986060463, -7.67626770539e-05, 0.00312021607533, -0.00316337542608, 0.00347766885534, 0.000907941372134, -0.00476403161883, 0.0110108498484, -0.0151490103453, 0.0231682397425]]}, "silence_rate_20dB": {"dvar": 0, "var": 0, "median": 1, "max": 1, "dmean": 0, "dmean2": 0, "mean": 1, "dvar2": 0, "min": 1}, "barkbands_skewness": {"dvar": 0.217644006014, "var": 0.999995291233, "median": 0.36450061202, "max": 10.7920160294, "dmean": 0.424486786127, "dmean2": 0.6452678442, "mean": 0.361983239651, "dvar2": 0.494359463453, "min": -8.67977428436}, "erbbands_skewness": {"dvar": 0.184469506145, "var": 0.65947830677, "median": 0.00623030029237, "max": 5.73873329163, "dmean": 0.39474260807, "dmean2": 0.603669166565, "mean": 0.00972343422472, "dvar2": 0.420314073563, "min": -7.72641181946}, "spectral_contrast_valleys": {"dvar": [0.128989398479, 0.0869413763285, 0.0657527446747, 0.0578220039606, 0.0518011935055, 0.0456981956959], "var": [1.1941729784, 1.31553852558, 1.22341287136, 1.25853002071, 1.13780391216, 0.50777810812], "median": [-8.04652404785, -6.00045681, -6.39561128616, -7.31900787354, -8.9169883728, -12.8909349442], "max": [-6.34283542633, -4.4999165535, -4.88134336472, -5.1626200676, -6.58806753159, -10.2844514847], "dmean": [0.443783521652, 0.336581975222, 0.286598682404, 0.256220340729, 0.228029817343, 0.209391593933], "dmean2": [0.743109047413, 0.555080473423, 0.467329591513, 0.40736758709, 0.351243823767, 0.360847145319], "mean": [-8.13913726807, -6.12888145447, -6.45353221893, -7.26013374329, -8.94081401825, -12.9683065414], "dvar2": [0.339234769344, 0.210072234273, 0.151312604547, 0.122488588095, 0.0973951295018, 0.120904892683], "min": [-27.93034935, -27.9393920898, -27.6070594788, -27.5584430695, -27.4808063507, -27.3458137512]}, "spectral_strongpeak": {"dvar": 1.31955909729, "var": 4.3643693924, "median": 1.51345026493, "max": 18.6815471649, "dmean": 0.963228344917, "dmean2": 1.56303739548, "mean": 2.23288440704, "dvar2": 3.14188933372, "min": 0}, "erbbands_crest": {"dvar": 8.35923194885, "var": 29.6883029938, "median": 10.8515844345, "max": 33.3691329956, "dmean": 2.99408149719, "dmean2": 4.73844909668, "mean": 12.1273756027, "dvar2": 19.7804222107, "min": 2.81180310249}, "barkbands_crest": {"dvar": 5.84582185745, "var": 18.1412277222, "median": 9.04077148438, "max": 26.6900615692, "dmean": 2.51173210144, "dmean2": 4.00048828125, "mean": 10.1124267578, "dvar2": 14.0020227432, "min": 3.20540618896}, "spectral_energyband_middle_low": {"dvar": 4.44567085651e-05, "var": 0.000133005625685, "median": 0.0210123602301, "max": 0.0868415609002, "dmean": 0.00569331459701, "dmean2": 0.00868275109679, "mean": 0.0215656813234, "dvar2": 9.64881910477e-05, "min": 1.94146986524e-22}, "spectral_contrast_coeffs": {"dvar": [0.0016592774773, 0.00161810475402, 0.00115141097922, 0.000659644254483, 0.000342894170899, 0.000359557074262], "var": [0.0064865401946, 0.00552673172206, 0.00593599397689, 0.00348433316685, 0.00247079040855, 0.00183785427362], "median": [-0.525308489799, -0.729151070118, -0.745733499527, -0.776379883289, -0.765425205231, -0.79840439558], "max": [-0.303757488728, -0.39642226696, -0.42285323143, -0.500773847103, -0.522961735725, -0.493067622185], "dmean": [0.0511277802289, 0.0486183390021, 0.0407253541052, 0.0313581451774, 0.0218924917281, 0.0205034073442], "dmean2": [0.0847299769521, 0.0791967213154, 0.0655293166637, 0.0504709519446, 0.0344051979482, 0.0334888286889], "mean": [-0.532676100731, -0.721980035305, -0.732392966747, -0.763765752316, -0.758039414883, -0.786873698235], "dvar2": [0.00443711644039, 0.00410146359354, 0.00278324866667, 0.00162390177138, 0.000760604278184, 0.000873532961123], "min": [-0.976202428341, -0.98215419054, -0.978159725666, -0.969238936901, -0.966106235981, -0.963414549828]}, "hfc": {"dvar": 49.459236145, "var": 281.115875244, "median": 21.3141174316, "max": 174.824401855, "dmean": 5.47882413864, "dmean2": 7.983253479, "mean": 26.0212593079, "dvar2": 103.711608887, "min": 1.06517529786e-16}, "spectral_energyband_high": {"dvar": 6.77808989491e-11, "var": 1.82769716028e-10, "median": 2.1663863663e-06, "max": 0.000431198859587, "dmean": 2.84157499664e-06, "dmean2": 4.30083173342e-06, "mean": 6.52010203339e-06, "dvar2": 1.52409584953e-10, "min": 7.21203185669e-21}, "erbbands_spread": {"dvar": 7.99719810486, "var": 57.2187309265, "median": 11.2350111008, "max": 69.0210723877, "dmean": 2.66529989243, "dmean2": 4.00084114075, "mean": 12.7188825607, "dvar2": 17.4208087921, "min": 0.413790434599}, "dissonance": {"dvar": 0.0010051028803, "var": 0.00202468247153, "median"