{"lowlevel": {"erbbands": {"mean": [0.00523652508855, 0.175514772534, 1.47364771366, 3.19757342339, 11.9290771484, 23.8122615814, 23.0891571045, 31.3646430969, 67.4286880493, 38.6286697388, 16.183681488, 20.5059661865, 8.36908626556, 2.785384655, 3.59352445602, 7.91165924072, 4.67806816101, 9.15171337128, 2.72355151176, 3.6601896286, 17.8127746582, 6.91567277908, 5.58225011826, 7.94147586823, 4.94904279709, 5.61547994614, 6.72919845581, 1.00555860996, 0.210996687412, 0.0889672487974, 0.0410960838199, 0.0144248250872, 0.00393079267815, 0.00108124210965, 0.000417707051383, 0.000185089942534, 7.40132018109e-05, 1.90138562175e-05, 1.09294069262e-05, 2.35675561271e-05], "dvar": [1.93035066332e-05, 0.0319228060544, 2.99993944168, 12.5192146301, 285.093017578, 1442.80688477, 806.143554688, 879.204284668, 2522.31323242, 817.606994629, 133.50112915, 569.999267578, 78.619468689, 8.67466926575, 22.448102951, 53.8722953796, 26.6950683594, 102.518310547, 9.76373386383, 30.6185474396, 10129.2128906, 1063.73803711, 82.4009399414, 124.720672607, 362.706176758, 7332.03417969, 67.1189117432, 1.00946569443, 0.0410586632788, 0.019043924287, 0.0406360030174, 0.0148816825822, 0.000114567643323, 9.81437437986e-07, 9.68659179534e-08, 1.87151467657e-08, 1.10995279634e-09, 4.21106566284e-10, 4.01552749385e-11, 1.85703757927e-10], "min": [8.56703952812e-23, 2.92119105953e-22, 1.24569088652e-21, 3.77424257373e-21, 7.63384630927e-21, 2.27316227822e-20, 3.669529263e-20, 6.87622189271e-20, 9.27673104961e-20, 1.65356609774e-19, 1.75720808033e-19, 2.4103011659e-19, 4.36114537754e-19, 6.74639770503e-19, 6.17547299336e-19, 1.11901107004e-18, 1.03196075372e-18, 1.54107222277e-18, 2.34648847264e-18, 3.69517833726e-18, 3.90766366584e-18, 3.92961869366e-18, 4.49161099209e-18, 6.44271623091e-18, 7.37084513824e-18, 8.47643737419e-18, 9.44071076556e-18, 8.58314698193e-18, 9.49035318284e-18, 9.89684627946e-18, 9.77361043026e-18, 9.91441642285e-18, 9.05121953925e-18, 7.69765923518e-18, 6.64848692086e-18, 4.24074282873e-18, 2.31225808453e-18, 9.28007725369e-19, 2.42228106761e-19, 2.74159675937e-20], "dmean": [0.00297690159641, 0.10172598809, 0.90819299221, 1.4024361372, 8.43305397034, 16.2932662964, 11.1702871323, 14.4805269241, 27.5402946472, 16.5356082916, 6.9377951622, 10.1927223206, 4.22452688217, 1.53109717369, 1.87251484394, 3.87396097183, 2.4395942688, 4.83981132507, 1.46510398388, 2.01774954796, 15.0141887665, 4.97451543808, 3.31961488724, 4.81767463684, 3.407964468, 5.31206893921, 3.60539245605, 0.509273290634, 0.0902168005705, 0.0375456809998, 0.0208822004497, 0.00719737354666, 0.00144164275844, 0.000311378127662, 0.000107150364784, 4.37707021774e-05, 1.67006637639e-05, 4.99582529301e-06, 3.90109062209e-06, 8.75011392054e-06], "dmean2": [0.00464660022408, 0.149542555213, 1.33902263641, 1.92114198208, 13.2692499161, 26.0803127289, 16.1208057404, 21.1904277802, 36.0012283325, 21.2513160706, 10.0886077881, 15.0214614868, 6.14631080627, 2.28333711624, 2.68649053574, 5.7691988945, 3.73027873039, 7.22944021225, 2.30140805244, 3.08696293831, 24.5385665894, 7.97700119019, 4.99548101425, 7.00343942642, 5.16272211075, 8.90488052368, 5.28090763092, 0.758249104023, 0.138265877962, 0.0594259537756, 0.0340193249285, 0.0122459027916, 0.002380450489, 0.000503407092765, 0.000170817336766, 6.90233282512e-05, 2.62700450548e-05, 8.06453772384e-06, 5.52609981241e-06, 1.23109202832e-05], "dvar2": [3.84723425668e-05, 0.0592508353293, 6.19912433624, 13.4520435333, 653.380310059, 3634.75415039, 1550.41040039, 1976.67492676, 4872.69775391, 1389.85693359, 306.447540283, 1170.32958984, 158.948043823, 21.0670795441, 44.009223938, 113.987838745, 60.5387954712, 224.115921021, 22.1701984406, 73.6926193237, 26203.78125, 2834.14624023, 211.771606445, 280.513397217, 857.420410156, 21014.1953125, 152.468734741, 2.32320928574, 0.0973989740014, 0.0472983941436, 0.0994415357709, 0.0429029501975, 0.000318015401717, 2.43511863118e-06, 2.51273206686e-07, 5.25507672933e-08, 3.0583799937e-09, 1.23137255947e-09, 9.03654998052e-11, 4.01610772416e-10], "max": [0.198944583535, 6.3854060173, 34.1717567444, 281.692169189, 309.497680664, 1154.3828125, 821.630737305, 662.876159668, 1076.33227539, 645.473144531, 201.695480347, 431.75869751, 178.093399048, 91.7284545898, 166.386428833, 185.826400757, 173.971282959, 246.754257202, 107.26914978, 160.38734436, 2917.97900391, 1374.95031738, 399.937896729, 381.107269287, 708.535644531, 5343.38623047, 283.230377197, 20.6248264313, 5.43912649155, 7.24957275391, 13.3279924393, 7.86925888062, 0.533024668694, 0.0463728047907, 0.0181690119207, 0.00875758286566, 0.00202342146076, 0.00131152640097, 0.000177067209734, 0.000263982248725], "median": [0.00295147229917, 0.0633053258061, 0.456875920296, 1.19299137592, 4.53702735901, 9.49528408051, 11.1080083847, 14.1125440598, 34.379360199, 20.7459163666, 10.6719484329, 8.7326669693, 3.13417029381, 1.74380528927, 1.47351694107, 4.02422475815, 2.51454234123, 4.3616938591, 1.54168975353, 1.43884980679, 2.38941144943, 1.70584666729, 2.38179302216, 3.25068593025, 1.61232340336, 1.25397324562, 1.83767175674, 0.473711341619, 0.1469424963, 0.068263746798, 0.0298178624362, 0.0108278151602, 0.00328444782645, 0.000970351335127, 0.000386419676943, 0.000173725056811, 6.96790884831e-05, 1.72440650203e-05, 8.2703136286e-06, 1.73312801053e-05], "var": [8.04787050583e-05, 0.106161147356, 7.01234912872, 168.848495483, 519.987548828, 1842.2779541, 2176.59423828, 2390.68115234, 8694.34179688, 2733.60327148, 331.976837158, 1339.01281738, 195.776428223, 13.2918806076, 51.8478965759, 123.895248413, 54.7418746948, 226.041748047, 18.9840698242, 52.6561470032, 10564.6533203, 1088.81274414, 106.809638977, 210.524475098, 364.175842285, 4309.05664062, 167.901397705, 2.1734213829, 0.0711522102356, 0.0212915744632, 0.0348115228117, 0.00851467065513, 7.94578663772e-05, 1.10621306249e-06, 1.04727106987e-07, 1.73856822272e-08, 1.660685367e-09, 3.09802905551e-10, 9.65228869054e-11, 4.97117402798e-10]}, "gfcc": {"icov": [[0.000668264459819, -0.00225272844546, 0.000965644139796, -0.0017436115304, 0.00102401804179, -0.000659105309751, 0.00144634232856, -0.00017229092191, 0.00104197324254, 1.36244661917e-05, 7.99098688731e-06, 0.000357532699127, -0.000127275925479], [-0.00225272844546, 0.0100117800757, -0.00228984677233, 0.00500409724191, -0.00192260649055, 0.00138830009382, -0.00563613045961, 0.0037803214509, -0.00712540419772, 0.004447335843, -0.00223097042181, 0.00182758248411, 0.000359497498721], [0.000965644139796, -0.00228984677233, 0.00326737086289, -0.00322306249291, 0.00152432860341, -0.00393820740283, 0.0018768615555, 0.00126954319421, -0.0007517337217, 0.0031864719931, -0.00142091850284, 0.00228951289319, 0.000433032982983], [-0.0017436115304, 0.00500409724191, -0.00322306249291, 0.0100144464523, -0.00504363328218, 0.00285425386392, -0.00233839266002, -0.00370209105313, 0.00374960131012, -0.00519868684933, 0.00441712746397, -0.00215527950786, 0.00232646032237], [0.00102401804179, -0.00192260649055, 0.00152432860341, -0.00504363328218, 0.0092919934541, -0.00412253197283, 2.240217691e-05, 0.0033710564021, -0.00395005661994, 0.0076635312289, -0.00584718585014, 0.00509867025539, -0.00504762865603], [-0.000659105309751, 0.00138830009382, -0.00393820740283, 0.00285425386392, -0.00412253197283, 0.012142797932, -0.00320353475399, -0.00260042515583, 0.003371397499, -0.00698392884806, 0.00964191555977, -0.0070661730133, 0.00537197850645], [0.00144634232856, -0.00563613045961, 0.0018768615555, -0.00233839266002, 2.240217691e-05, -0.00320353475399, 0.0206809397787, -0.0111747272313, 0.0111616458744, -0.00571002764627, -0.00501233199611, 0.00727738486603, -0.00846618134528], [-0.00017229092191, 0.0037803214509, 0.00126954319421, -0.00370209105313, 0.0033710564021, -0.00260042515583, -0.0111747272313, 0.0272718481719, -0.0174908898771, 0.010709178634, -0.00299613713287, -0.00603629043326, 0.00589589728042], [0.00104197324254, -0.00712540419772, -0.0007517337217, 0.00374960131012, -0.00395005661994, 0.003371397499, 0.0111616458744, -0.0174908898771, 0.0308448076248, -0.0189395658672, 0.0102912867442, -0.00612338585779, -0.000421257864218], [1.36244661917e-05, 0.004447335843, 0.0031864719931, -0.00519868684933, 0.0076635312289, -0.00698392884806, -0.00571002764627, 0.010709178634, -0.0189395658672, 0.0293761398643, -0.0185272842646, 0.0111647956073, -0.00269895209931], [7.99098688731e-06, -0.00223097042181, -0.00142091850284, 0.00441712746397, -0.00584718585014, 0.00964191555977, -0.00501233199611, -0.00299613713287, 0.0102912867442, -0.0185272842646, 0.035128004849, -0.0185154657811, 0.014854343608], [0.000357532699127, 0.00182758248411, 0.00228951289319, -0.00215527950786, 0.00509867025539, -0.0070661730133, 0.00727738486603, -0.00603629043326, -0.00612338585779, 0.0111647956073, -0.0185154657811, 0.0375343225896, -0.0159606244415], [-0.000127275925479, 0.000359497498721, 0.000433032982983, 0.00232646032237, -0.00504762865603, 0.00537197850645, -0.00846618134528, 0.00589589728042, -0.000421257864218, -0.00269895209931, 0.014854343608, -0.0159606244415, 0.0295279417187]], "mean": [-123.001907349, 159.206420898, -127.33405304, 36.1580352783, -60.8402023315, -33.3503799438, -26.4927272797, -17.7117881775, -15.2881908417, -3.5803732872, -6.55765867233, -11.7950344086, -11.7362060547], "cov": [[28182.4492188, 4810.87451172, -5798.18164062, -31.1462841034, -1718.33728027, -1904.79187012, -508.518066406, -590.541503906, -215.935745239, 44.1284065247, 145.992431641, -266.15524292, -41.0538902283], [4810.87451172, 1070.26062012, -891.185852051, -121.563194275, -252.028579712, -326.946685791, -75.2978286743, -123.335227966, -2.37559533119, -35.3370742798, 21.2142276764, -61.3829269409, 2.67410755157], [-5798.18164062, -891.185852051, 2486.40185547, 336.893218994, 547.107971191, 796.196716309, 48.2897720337, 84.4896316528, -32.5091667175, -176.929702759, -176.436828613, -24.4874019623, -72.6132202148], [-31.1462841034, -121.563194275, 336.893218994, 325.880828857, 114.956085205, 127.839416504, 16.977186203, 17.1789455414, -57.3006591797, -20.4731464386, -42.4600105286, -22.5047340393, -24.9327888489], [-1718.33728027, -252.028579712, 547.107971191, 114.956085205, 341.472442627, 201.771728516, 43.2142868042, 16.0736522675, -16.6496009827, -73.6640167236, -45.4959640503, -6.22824859619, 21.9766311646], [-1904.79187012, -326.946685791, 796.196716309, 127.839416504, 201.771728516, 382.524383545, 36.2329978943, 47.2937965393, -10.5158443451, -41.0038642883, -73.090965271, 1.11251711845, -26.6608886719], [-508.518066406, -75.2978286743, 48.2897720337, 16.977186203, 43.2142868042, 36.2329978943, 107.565834045, 30.436542511, -14.9091997147, 21.0018005371, 19.0915184021, -2.12137389183, 13.1942529678], [-590.541503906, -123.335227966, 84.4896316528, 17.1789455414, 16.0736522675, 47.2937965393, 30.436542511, 92.581161499, 39.5190391541, 10.8176813126, 6.5103635788, 26.8686790466, -6.45128917694], [-215.935745239, -2.37559533119, -32.5091667175, -57.3006591797, -16.6496009827, -10.5158443451, -14.9091997147, 39.5190391541, 97.3867874146, 39.4772834778, 8.99473190308, 19.9254455566, 2.23400306702], [44.1284065247, -35.3370742798, -176.929702759, -20.4731464386, -73.6640167236, -41.0038642883, 21.0018005371, 10.8176813126, 39.4772834778, 122.745742798, 55.7436294556, 3.76202201843, -10.6692504883], [145.992431641, 21.2142276764, -176.436828613, -42.4600105286, -45.4959640503, -73.090965271, 19.0915184021, 6.5103635788, 8.99473190308, 55.7436294556, 84.6900787354, 17.1872291565, -12.0927705765], [-266.15524292, -61.3829269409, -24.4874019623, -22.5047340393, -6.22824859619, 1.11251711845, -2.12137389183, 26.8686790466, 19.9254455566, 3.76202201843, 17.1872291565, 55.8511314392, 16.6629981995], [-41.0538902283, 2.67410755157, -72.6132202148, -24.9327888489, 21.9766311646, -26.6608886719, 13.1942529678, -6.45128917694, 2.23400306702, -10.6692504883, -12.0927705765, 16.6629981995, 64.5111846924]]}, "spectral_skewness": {"mean": 1.7655428648, "dvar": 0.119833633304, "min": -0.136594220996, "dmean": 0.38977009058, "dmean2": 0.632924735546, "dvar2": 0.290888696909, "max": 11.6707696915, "median": 1.54776251316, "var": 1.37392890453}, "spectral_energyband_low": {"mean": 0.00251911720261, "dvar": 5.23168000655e-06, "min": 8.77382852814e-24, "dmean": 0.00128818664234, "dmean2": 0.00186108925845, "dvar2": 1.05233948489e-05, "max": 0.088139899075, "median": 0.000960428733379, "var": 2.71136614174e-05}, "spectral_energyband_middle_low": {"mean": 0.0174580495805, "dvar": 0.000115260678285, "min": 1.0836517884e-22, "dmean": 0.00689906440675, "dmean2": 0.00975609943271, "dvar2": 0.000250820041401, "max": 0.226413860917, "median": 0.012255249545, "var": 0.000306347181322}, "mfcc": {"icov": [[0.00643126666546, -0.00859736837447, 0.00930557027459, -0.00924237724394, 0.00937819294631, -0.0103125143796, 0.0106932120398, -0.0109548447654, 0.0107230562717, -0.0104890866205, 0.00935382395983, -0.00669057341293, 0.00416595302522], [-0.00859736837447, 0.0127836856991, -0.0123638156801, 0.011178843677, -0.0115516716614, 0.0123385731131, -0.0124359717593, 0.0140649704263, -0.0135031435639, 0.0140469791368, -0.0123132420704, 0.0093749621883, -0.00501744775102], [0.00930557027459, -0.0123638156801, 0.0157662238926, -0.0133001692593, 0.0128557840362, -0.017386386171, 0.0159601140767, -0.017196983099, 0.0150805357844, -0.0150757338852, 0.0114544210956, -0.00803484767675, 0.00535978795961], [-0.00924237724394, 0.011178843677, -0.0133001692593, 0.0190257783979, -0.0161125157028, 0.0179746393114, -0.0191797912121, 0.0174392107874, -0.0150845684111, 0.0141381518915, -0.0118406452239, 0.00781077658758, -0.00539538450539], [0.00937819294631, -0.0115516716614, 0.0128557840362, -0.0161125157028, 0.0236994698644, -0.0230013523251, 0.0187656227499, -0.0212719514966, 0.0148321408778, -0.0142126530409, 0.0133439172059, -0.00613479688764, 0.00508397025988], [-0.0103125143796, 0.0123385731131, -0.017386386171, 0.0179746393114, -0.0230013523251, 0.0370914079249, -0.0272493157536, 0.0252766665071, -0.021807320416, 0.0166832208633, -0.0137038016692, 0.00680969748646, -0.00418009934947], [0.0106932120398, -0.0124359717593, 0.0159601140767, -0.0191797912121, 0.0187656227499, -0.0272493157536, 0.0320072136819, -0.0259498283267, 0.0228990148753, -0.0214184783399, 0.0176974926144, -0.0110808033496, 0.0086612701416], [-0.0109548447654, 0.0140649704263, -0.017196983099, 0.0174392107874, -0.0212719514966, 0.0252766665071, -0.0259498283267, 0.038104314357, -0.0276059079915, 0.0258285030723, -0.0209349170327, 0.0152903953567, -0.00917649548501], [0.0107230562717, -0.0135031435639, 0.0150805357844, -0.0150845684111, 0.0148321408778, -0.021807320416, 0.0228990148753, -0.0276059079915, 0.0392666384578, -0.0278695896268, 0.0269126519561, -0.0195285957307, 0.0105294184759], [-0.0104890866205, 0.0140469791368, -0.0150757338852, 0.0141381518915, -0.0142126530409, 0.0166832208633, -0.0214184783399, 0.0258285030723, -0.0278695896268, 0.0419423356652, -0.0284029897302, 0.0218434501439, -0.0151789365336], [0.00935382395983, -0.0123132420704, 0.0114544210956, -0.0118406452239, 0.0133439172059, -0.0137038016692, 0.0176974926144, -0.0209349170327, 0.0269126519561, -0.0284029897302, 0.0369421057403, -0.0215241350234, 0.0118629820645], [-0.00669057341293, 0.0093749621883, -0.00803484767675, 0.00781077658758, -0.00613479688764, 0.00680969748646, -0.0110808033496, 0.0152903953567, -0.0195285957307, 0.0218434501439, -0.0215241350234, 0.0251974649727, -0.0119145382196], [0.00416595302522, -0.00501744775102, 0.00535978795961, -0.00539538450539, 0.00508397025988, -0.00418009934947, 0.0086612701416, -0.00917649548501, 0.0105294184759, -0.0151789365336, 0.0118629820645, -0.0119145382196, 0.0193906314671]], "mean": [-746.015625, 176.567337036, -13.4159574509, 55.4199447632, -17.9131660461, -3.18876004219, -13.8396921158, -12.9854440689, -14.3347043991, -3.00828146935, -0.849737167358, 5.89539718628, -6.45268583298], "cov": [[10458.8007812, 2813.25219727, -2720.91821289, 501.042114258, -1419.17407227, -833.891174316, -758.374450684, -684.323059082, -500.267883301, -160.061508179, -81.1331176758, 344.888916016, -12.4256019592], [2813.25219727, 1270.12927246, -344.973907471, 151.201431274, -233.771896362, -124.801300049, -189.618133545, -133.912322998, -110.19405365, -45.9953460693, -12.8554058075, 16.4226074219, -40.8293647766], [-2720.91821289, -344.973907471, 1227.0333252, -10.5275936127, 512.463745117, 354.867767334, 237.361694336, 248.007278442, 150.712982178, 65.0473480225, 27.9370536804, -147.73034668, -32.0886764526], [501.042114258, 151.201431274, -10.5275936127, 264.773956299, 50.1585464478, 18.3232212067, 62.3709793091, 2.85570549965, -5.8595290184, 0.628761470318, -22.5232620239, -6.82178497314, -14.3859109879], [-1419.17407227, -233.771896362, 512.463745117, 50.1585464478, 434.497711182, 232.175033569, 160.038330078, 169.15914917, 111.283599854, 19.9808120728, -27.4548110962, -98.5800323486, -27.1475105286], [-833.891174316, -124.801300049, 354.867767334, 18.3232212067, 232.175033569, 223.563796997, 144.188522339, 80.7037506104, 75.4372253418, 21.520942688, -12.1327056885, -39.9298553467, -26.2486858368], [-758.374450684, -189.618133545, 237.361694336, 62.3709793091, 160.038330078, 144.188522339, 216.531509399, 91.3709182739, 40.9001998901, 23.7055969238, -10.5931243896, -43.2158279419, -22.4686069489], [-684.323059082, -133.912322998, 248.007278442, 2.85570549965, 169.15914917, 80.7037506104, 91.3709182739, 153.671417236, 66.6821975708, -2.81871986389, -9.50846290588, -47.0109710693, -11.912853241], [-500.267883301, -110.19405365, 150.712982178, -5.8595290184, 111.283599854, 75.4372253418, 40.9001998901, 66.6821975708, 113.438278198, 16.0190219879, -26.8219928741, -7.05462217331, -0.934560596943], [-160.061508179, -45.9953460693, 65.0473480225, 0.628761470318, 19.9808120728, 21.520942688, 23.7055969238, -2.81871986389, 16.0190219879, 78.3423156738, 24.2146015167, -20.1539421082, 17.5895729065], [-81.1331176758, -12.8554058075, 27.9370536804, -22.5232620239, -27.4548110962, -12.1327056885, -10.5931243896, -9.50846290588, -26.8219928741, 24.2146015167, 88.2294311523, 32.534828186, 4.46304941177], [344.888916016, 16.4226074219, -147.73034668, -6.82178497314, -98.5800323486, -39.9298553467, -43.2158279419, -47.0109710693, -7.05462217331, -20.1539421082, 32.534828186, 131.58039856, 32.3819313049], [-12.4256019592, -40.8293647766, -32.0886764526, -14.3859109879, -27.1475105286, -26.2486858368, -22.4686069489, -11.912853241, -0.934560596943, 17.5895729065, 4.46304941177, 32.3819313049, 85.8436050415]]}, "silence_rate_20dB": {"mean": 1, "dvar": 0, "min": 1, "dmean": 0, "dmean2": 0, "dvar2": 0, "max": 1, "median": 1, "var": 0}, "dynamic_complexity": 3.31920647621, "silence_rate_60dB": {"mean": 0.087420836091, "dvar": 0.0349471867085, "min": 0, "dmean": 0.0362642817199, "dmean2": 0.0725375711918, "dvar2": 0.0826718434691, "max": 1, "median": 0, "var": 0.0797722116113}, "dissonance": {"mean": 0.430513978004, "dvar": 0.000445607991423, "min": 0.228351429105, "dmean": 0.0237951744348, "dmean2": 0.0383557938039, "dvar2": 0.00112879381049, "max": 0.499996870756, "median": 0.437087714672, "var": 0.00175652105827}, "barkbands": {"mean": [1.25080905491e-05, 0.000525374547578, 0.00139111455064, 0.00136700784788, 0.00608219951391, 0.00357073545456, 0.00499124638736, 0.000602147367317, 0.000775362830609, 0.000123735866509, 6.48999266559e-05, 0.00018123369955, 7.62341878726e-05, 0.000151081490912, 5.15042156621e-05, 0.000281125336187, 0.000112630616059, 0.000118653042591, 0.000127606326714, 9.84129874269e-05, 9.99005860649e-05, 4.7639141485e-06, 1.60283809691e-06, 3.98666088586e-07, 7.01356555055e-08, 3.82090519224e-08, 6.14472916993e-09], "dvar": [3.56071366836e-10, 2.8857996881e-07, 2.96492271445e-06, 3.41146846949e-06, 6.89053922542e-05, 1.00041279438e-05, 1.53995551955e-05, 2.32839312275e-07, 7.30213855604e-07, 1.60315263287e-08, 1.32696493793e-08, 2.98535987042e-08, 1.45808947138e-08, 2.93905344506e-08, 4.72364947157e-09, 2.2662882202e-06, 4.56853740616e-07, 3.00364959571e-08, 7.23873441189e-08, 1.70382418219e-06, 1.08939586241e-08, 2.7329407834e-11, 3.92818867712e-11, 1.18876965563e-11, 2.2466727304e-15, 4.7763552621e-16, 7.59591022957e-17], "min": [8.9492011081e-26, 1.94465336076e-24, 7.07847848483e-25, 1.22893800525e-24, 6.88498076554e-24, 5.58519516239e-24, 3.60188446184e-24, 2.68117156998e-24, 1.05801851059e-23, 1.36727691344e-23, 1.19944738694e-23, 1.45627336087e-23, 2.09729084617e-23, 3.0505102899e-23, 5.04001307525e-23, 5.14102608308e-23, 5.72068738712e-23, 6.78255979877e-23, 1.35997752037e-22, 1.96721462487e-22, 2.2546596353e-22, 2.50577741172e-22, 3.74310006176e-22, 5.17184277657e-22, 8.36132631349e-22, 1.22314375248e-21, 1.93527991984e-21], "dmean": [7.79782658356e-06, 0.000306650006678, 0.000891231407877, 0.000579519488383, 0.00403974065557, 0.00163657078519, 0.00211219396442, 0.000274157238891, 0.000381252873922, 6.57926648273e-05, 3.85896091757e-05, 9.04174667085e-05, 4.71532985102e-05, 8.25889510452e-05, 3.23183339788e-05, 0.000234003542573, 9.2975620646e-05, 7.49548853491e-05, 8.04058290669e-05, 9.26318607526e-05, 5.17024782312e-05, 2.07748394132e-06, 7.79750109814e-07, 1.93611313648e-07, 1.84932407166e-08, 8.07396904889e-09, 2.65052690906e-09], "dmean2": [1.32822433443e-05, 0.000457007845398, 0.00134401535615, 0.000756629451644, 0.00643222918734, 0.00233511999249, 0.00267595076002, 0.000404831604101, 0.000564920715988, 9.71730187302e-05, 5.69973126403e-05, 0.000134946414619, 7.19610252418e-05, 0.000123197547509, 5.14904240845e-05, 0.000379924895242, 0.000156269103172, 0.000114674679935, 0.000117165327538, 0.000153643108206, 7.4776558904e-05, 3.21579727824e-06, 1.27555290419e-06, 3.3309754599e-07, 2.96409350398e-08, 1.26291830327e-08, 4.56352378109e-09], "dvar2": [9.40008626493e-10, 5.40807945981e-07, 6.61647300149e-06, 2.70090231425e-06, 0.000167764068465, 2.01005022973e-05, 2.75554284599e-05, 5.34327000423e-07, 1.47806554196e-06, 3.42404469222e-08, 2.7803087832e-08, 6.30771523902e-08, 3.15048467314e-08, 6.43538271561e-08, 1.07998001653e-08, 5.8687105593e-06, 1.15663021916e-06, 7.19010131434e-08, 1.65519765005e-07, 4.87603620059e-06, 2.25899370321e-08, 6.36231900497e-11, 9.8157704187e-11, 3.46714532085e-11, 5.55408778525e-15, 1.35596062339e-15, 2.21148179369e-16], "max": [0.000592708296608, 0.0228257775307, 0.0322021655738, 0.156399816275, 0.204997748137, 0.0593001618981, 0.0891874283552, 0.00905471947044, 0.0171472653747, 0.00296737905592, 0.00346533628181, 0.0043073692359, 0.0049203899689, 0.00395825039595, 0.002138762502, 0.0450091734529, 0.0349645540118, 0.00491321226582, 0.0105805480853, 0.0806221142411, 0.00282371346839, 0.000221458991291, 0.00039145356277, 0.000219139270484, 1.97646841116e-06, 1.3943246131e-06, 5.02216948917e-07], "median": [9.96250309981e-06, 0.000198659472517, 0.000413991045207, 0.000350356043782, 0.00256703607738, 0.00179436150938, 0.00229417951778, 0.00037672687904, 0.000336054974468, 5.96080099058e-05, 1.71281717485e-05, 9.24856358324e-05, 2.36955038417e-05, 6.94901464158e-05, 2.40955523623e-05, 4.67588470201e-05, 2.0346371457e-05, 4.76215027447e-05, 4.8220033932e-05, 1.76466273842e-05, 2.90600764856e-05, 3.39098664881e-06, 1.19979551982e-06, 3.07062435922e-07, 6.41267234869e-08, 3.57907907755e-08, 4.52963799802e-09], "var": [3.10927145142e-10, 1.0598262179e-06, 6.34407979305e-06, 5.24125316588e-05, 0.000100525008747, 2.73327113973e-05, 5.41530935152e-05, 5.80020696361e-07, 1.79581604698e-06, 3.74539439463e-08, 2.60315413669e-08, 6.73802702522e-08, 3.19899662315e-08, 6.40137756136e-08, 8.12865685873e-09, 2.24348946176e-06, 5.62924014957e-07, 4.68581973223e-08, 9.22217751054e-08, 1.02188857909e-06, 3.46669004614e-08, 4.61289513531e-11, 3.32720517804e-11, 6.57228438339e-12, 2.88176278765e-15, 5.37224664626e-16, 9.69388577021e-17]}, "spectral_complexity": {"mean": 11.2699613571, "dvar": 6.15491819382, "min": 0, "dmean": 2.11872816086, "dmean2": 3.14147305489, "dvar2": 10.9768285751, "max": 39, "median": 11, "var": 31.8017883301}, "spectral_energyband_high": {"mean": 0.000150524501805, "dvar": 1.99339368123e-07, "min": 6.76856611313e-21, "dmean": 8.84404726094e-05, "dmean2": 0.000135506663355, "dvar2": 5.48770458408e-07, "max": 0.0250158365816, "median": 5.60726548429e-05, "var": 1.62145255445e-07}, "hfc": {"mean": 9.54865646362, "dvar": 73.556930542, "min": 1.04836341439e-16, "dmean": 3.56394481659, "dmean2": 5.03242826462, "dvar2": 182.976821899, "max": 343.768585205, "median": 7.05292224884, "var": 113.558273315}, "melbands_kurtosis": {"mean": 18.1857948303, "dvar": 533.72479248, "min": -1.90925955772, "dmean": 7.51768636703, "dmean2": 11.6094608307, "dvar2": 1399.56201172, "max": 1075.3548584, "median": 14.084444046, "var": 705.681518555}, "spectral_strongpeak": {"mean": 1.00908100605, "dvar": 0.474807739258, "min": 0, "dmean": 0.388358294964, "dmean2": 0.610696196556, "dvar2": 1.1803290844, "max": 21.6986141205, "median": 0.817402124405, "var": 0.824072122574}, "silence_rate_30dB": {"mean": 0.996026337147, "dvar": 0.00321847689338, "min": 0, "dmean": 0.00322901131585, "dmean2": 0.0064588249661, "dvar2": 0.00790784601122, "max": 1, "median": 1, "var": 0.00395737076178}, "melbands_spread": {"mean": 11.718996048, "dvar": 26.7725505829, "min": 0.065629824996, "dmean": 3.0381937027, "dmean2": 4.68872737885, "dvar2": 63.0648536682, "max": 159.292160034, "median": 7.61561584473, "var": 339.581542969}, "melbands_crest": {"mean": 15.0676755905, "dvar": 8.56236553192, "min": 1.49593031406, "dmean": 3.21791124344, "dmean2": 5.13907909393, "dvar2": 22.0643138885, "max": 37.6737976074, "median": 14.1795320511, "var": 30.0585384369}, "average_loudness": 0.860192716122, "spectral_flux": {"mean": 0.0566279962659, "dvar": 0.000867167953402, "min": 6.37351144084e-11, "dmean": 0.0233058240265, "dmean2": 0.0372149832547, "dvar2": 0.00201673666015, "max": 0.393901318312, "median": 0.0469761230052, "var": 0.001579917036}, "spectral_rolloff": {"mean": 991.683959961, "dvar": 212727.78125, "min": 21.533203125, "dmean": 165.300628662, "dmean2": 286.26348877, "dvar2": 471450.25, "max": 19573.6816406, "median": 473.73046875, "var": 6653049.5}, "melbands": {"mean": [9.12679679459e-05, 0.000574306934141, 0.00074238202069, 0.00139597058296, 0.00084799923934, 0.000661690719426, 0.00110124738421, 0.000350114889443, 0.000126668805024, 0.000126837388962, 3.64454754163e-05, 9.93171488517e-06, 1.00842071333e-05, 1.84666205314e-05, 1.40435522553e-05, 1.22404753711e-05, 1.69075410668e-05, 3.46803494722e-06, 4.06827120969e-06, 5.61840761293e-06, 2.63457986875e-05, 6.91591185387e-06, 5.53237759959e-06, 5.50855384063e-06, 6.73877002555e-06, 4.20852666139e-06, 3.37452206622e-06, 3.37878418577e-06, 4.37204516857e-06, 1.85546753073e-06, 2.69141423814e-07, 1.15932216715e-07, 6.68353337119e-08, 4.0591420003e-08, 2.63017287949e-08, 1.30266588627e-08, 6.79790534974e-09, 2.93968360765e-09, 1.32631350347e-09, 7.07906344655e-10], "dvar": [7.51302753343e-09, 4.26466101544e-07, 5.69510575588e-07, 4.60366982225e-06, 8.80769675859e-07, 3.59886996648e-07, 6.87376029873e-07, 6.51425082765e-08, 8.97905927388e-09, 2.58290828725e-08, 1.80099779534e-09, 1.34458860712e-10, 2.62367905179e-10, 2.85465484584e-10, 2.1583110299e-10, 2.52917881083e-10, 3.93250737529e-10, 1.84952782256e-11, 2.87394847504e-11, 1.10317463498e-10, 2.57130405856e-08, 1.39024902701e-09, 3.32353644605e-10, 7.14963643844e-11, 1.03123530548e-10, 1.2797859994e-10, 1.09311859564e-09, 3.11733749925e-09, 2.06058451552e-11, 4.33950922071e-12, 1.19158480825e-13, 1.50525987887e-14, 6.67953241546e-15, 7.60154810734e-15, 3.05881520471e-14, 4.76884250337e-15, 4.39955265551e-15, 5.17120264831e-17, 2.56000198671e-18, 1.82519625208e-19], "min": [7.44678580857e-25, 6.92341702707e-25, 9.87570431296e-25, 1.40391534125e-24, 1.21367157458e-24, 1.65174260133e-24, 1.63755326162e-24, 1.7376714448e-24, 1.67688833155e-24, 1.26681930314e-24, 2.12220701786e-24, 2.67127945144e-24, 2.22805045767e-24, 1.44706899099e-24, 2.30029078949e-24, 2.96878986159e-24, 2.44125806389e-24, 3.41408310714e-24, 3.76849504046e-24, 4.03250982493e-24, 3.13170778232e-24, 2.6162498952e-24, 3.7860653394e-24, 2.82320321495e-24, 4.3031380248e-24, 4.10910190794e-24, 4.46339945643e-24, 5.16294355781e-24, 4.90947860466e-24, 4.71651849407e-24, 4.02318154473e-24, 4.27264618423e-24, 6.1619313702e-24, 4.1934646653e-24, 4.59629727541e-24, 5.90817414408e-24, 4.80133405759e-24, 5.50828240743e-24, 4.82285615524e-24, 5.39995247805e-24], "dmean": [5.1371382142e-05, 0.000349354813807, 0.000360772857675, 0.00100572023075, 0.000414546986576, 0.00030892144423, 0.000453696964541, 0.000149556712131, 5.64980800846e-05, 6.50326692266e-05, 1.94613348867e-05, 5.94495213591e-06, 5.64061201658e-06, 9.29662292037e-06, 7.05296633896e-06, 6.80013044985e-06, 9.25821132114e-06, 2.01716784431e-06, 2.43175099968e-06, 3.44588829648e-06, 2.28468888963e-05, 5.47567606191e-06, 3.51553376277e-06, 3.57957469532e-06, 4.20965170633e-06, 2.73565524367e-06, 3.10101336254e-06, 3.42377984452e-06, 2.33750142797e-06, 1.00393219782e-06, 1.47069386003e-07, 5.54295631616e-08, 3.05300886794e-08, 1.92055296111e-08, 1.54090820104e-08, 6.46949294136e-09, 3.71644914843e-09, 1.17920517795e-09, 4.68022343103e-10, 2.23660451271e-10], "dmean2": [7.73180727265e-05, 0.000515417254064, 0.000508602941409, 0.00161504279822, 0.000619440281298, 0.000450219173217, 0.000583726388868, 0.000193364612642, 8.25239549158e-05, 9.61206751526e-05, 2.84621655737e-05, 8.94841650734e-06, 8.17278942122e-06, 1.39363428389e-05, 1.05746121335e-05, 1.01737523437e-05, 1.38977338793e-05, 3.20365575135e-06, 3.82599364457e-06, 5.31893556399e-06, 3.75171475753e-05, 8.98979760677e-06, 5.39629809282e-06, 5.42950419913e-06, 6.15767248746e-06, 4.05873788623e-06, 5.02875127495e-06, 5.8000032368e-06, 3.39559323947e-06, 1.49443678765e-06, 2.2731974525e-07, 8.75960282087e-08, 4.88346252325e-08, 3.1492344732e-08, 2.53727368005e-08, 1.08272866228e-08, 6.42899333769e-09, 1.96144744891e-09, 7.71117836251e-10, 3.64925145657e-10], "dvar2": [1.38235121128e-08, 8.71836220995e-07, 7.80564505476e-07, 1.14265139928e-05, 1.84114026069e-06, 7.96135225301e-07, 1.27718169551e-06, 1.09719010766e-07, 2.04682439886e-08, 5.25894598979e-08, 3.64650731832e-09, 3.29061194959e-10, 5.37137223589e-10, 6.03292527046e-10, 4.7136522463e-10, 5.48175393966e-10, 8.55719717308e-10, 4.23808314831e-11, 6.49265294306e-11, 2.6352325877e-10, 6.64268995365e-08, 3.56837737137e-09, 9.42264710702e-10, 1.70559386059e-10, 2.35132802118e-10, 2.9421196035e-10, 3.01425440163e-09, 8.93700224935e-09, 4.33127492205e-11, 9.22211612631e-12, 2.86769956739e-13, 3.59771213472e-14, 1.5927963294e-14, 1.99036123818e-14, 7.53181086835e-14, 1.32761335291e-14, 1.278157132e-14, 1.43159592749e-16, 6.25308921139e-18, 4.40323853096e-19], "max": [0.0041653746739, 0.0125585524365, 0.0508938208222, 0.0505209490657, 0.0245895162225, 0.0128092607483, 0.0184077303857, 0.00583388097584, 0.00172024650965, 0.00310508860275, 0.000896652345546, 0.00035107092117, 0.000488384335767, 0.000354379037162, 0.000366604421288, 0.000655557378195, 0.000481575407321, 0.000139006107929, 0.000152712294948, 0.000248747557634, 0.00488578947261, 0.00166433886625, 0.00111487926915, 0.00023861414229, 0.000390123197576, 0.000455599976704, 0.00193219748326, 0.00348126702011, 0.000115739952889, 5.98172082391e-05, 8.24481321615e-06, 3.64218703908e-06, 3.98937982027e-06, 4.18909303335e-06, 1.18027328426e-05, 4.48424225397e-06, 4.23103074354e-06, 4.17664637098e-07, 9.52014360678e-08, 1.76299117527e-08], "median": [4.06483341067e-05, 0.000189036072697, 0.000307860958856, 0.000585237808991, 0.000401713099563, 0.000298953906167, 0.000538229418453, 0.00019145400438, 7.96903404989e-05, 4.68611906399e-05, 1.14547119665e-05, 5.30546594746e-06, 3.01243244394e-06, 1.02495150713e-05, 7.04764443071e-06, 5.63549792787e-06, 7.82829465606e-06, 1.71847784713e-06, 1.85306703315e-06, 1.88254648492e-06, 2.63424476543e-06, 1.20628294553e-06, 1.96954829335e-06, 1.99743817575e-06, 2.67224254458e-06, 1.45876038005e-06, 5.90229717545e-07, 5.31334080733e-07, 1.19796345643e-06, 5.98459735102e-07, 1.47666199268e-07, 8.0473057551e-08, 5.01368049299e-08, 3.08961247697e-08, 1.79593975247e-08, 9.84122117131e-09, 5.06893149677e-09, 2.44649722703e-09, 1.15120291078e-09, 6.39120922852e-10], "var": [3.21244293389e-08, 1.0110607036e-06, 5.8323785197e-06, 5.80304322284e-06, 2.26167298933e-06, 9.85316660262e-07, 2.4176538318e-06, 2.1699474928e-07, 2.23276863665e-08, 6.15864337306e-08, 4.36317781904e-09, 2.0361073938e-10, 5.57724921801e-10, 6.34970576119e-10, 4.61230359461e-10, 5.5344395733e-10, 8.45422509776e-10, 3.52757267841e-11, 5.19939022392e-11, 1.61972366075e-10, 2.70775135647e-08, 1.63135049913e-09, 2.70465955188e-10, 1.13762263498e-10, 1.67101429915e-10, 1.41925304842e-10, 7.56417539716e-10, 1.82169190843e-09, 6.33081712054e-11, 1.2232021819e-11, 1.84626185867e-13, 2.46327108288e-14, 9.21307826443e-15, 6.72341253377e-15, 2.51831568836e-14, 3.06892212889e-15, 2.45001590664e-15, 3.71211262692e-17, 2.71219763595e-18, 2.7519642405e-19]}, "spectral_energy": {"mean": 0.0208115447313, "dvar": 0.000142538323416, "min": 9.82258075037e-21, "dmean": 0.00776306353509, "dmean2": 0.0109213367105, "dvar2": 0.000306022586301, "max": 0.238275468349, "median": 0.0152528500184, "var": 0.000391436507925}, "spectral_decrease": {"mean": -5.28465937677e-09, "dvar": 9.18258574669e-18, "min": -6.13209749645e-08, "dmean": 1.97748550868e-09, "dmean2": 2.78275602561e-09, "dvar2": 1.96771477737e-17, "max": 2.11535671e-28, "median": -3.86633391969e-09, "var": 2.54523160154e-17}, "erbbands_spread": {"mean": 28.6666316986, "dvar": 44.7485466003, "min": 0.453918933868, "dmean": 6.25474786758, "dmean2": 9.14395713806, "dvar2": 92.5153961182, "max": 104.922607422, "median": 28.0450878143, "var": 214.946655273}, "spectral_contrast_coeffs": {"mean": [-0.564071416855, -0.669616401196, -0.744792521, -0.774577915668, -0.786713778973, -0.713950097561], "dvar": [0.00227178097703, 0.00130624184385, 0.000971459143329, 0.000581112166401, 0.000477602356113, 0.000291850650683], "min": [-0.978986978531, -0.980290055275, -0.979296088219, -0.972077846527, -0.967829048634, -0.964582800865], "dmean": [0.0568027682602, 0.0418933667243, 0.0358955971897, 0.0287377387285, 0.0235801637173, 0.0181446373463], "dmean2": [0.0926843285561, 0.0659283474088, 0.0565200746059, 0.0453918203712, 0.0353563427925, 0.0275281835347], "dvar2": [0.00574595294893, 0.00312430714257, 0.00220386497676, 0.00138540391345, 0.000935225456487, 0.000593567790929], "max": [-0.251947909594, -0.419772833586, -0.494013845921, -0.610298037529, -0.562096714973, -0.537910342216], "median": [-0.558444917202, -0.661780595779, -0.7389498353, -0.766984462738, -0.779200553894, -0.705742716789], "var": [0.0102988472208, 0.00834776088595, 0.00548745272681, 0.00366534572095, 0.003495559562, 0.00380174745806]}, "spectral_energyband_middle_high": {"mean": 0.00130904337857, "dvar": 6.23671621724e-06, "min": 1.19937210437e-21, "dmean": 0.000653415394481, "dmean2": 0.000983517849818, "dvar2": 1.60347135534e-05, "max": 0.0787741392851, "median": 0.000733186374418, "var": 7.33053184376e-06}, "erbbands_crest": {"mean": 11.5532407761, "dvar": 5.33434247971, "min": 2.62627243996, "dmean": 2.34887981415, "dmean2": 3.60730624199, "dvar2": 12.4493732452, "max": 31.6434173584, "median": 10.7737369537, "var": 21.5745334625}, "barkbands_crest": {"mean": 12.5472669601, "dvar": 5.80886268616, "min": 3.62406039238, "dmean": 2.62737822533, "dmean2": 4.15038537979, "dvar2": 14.30864048, "max": 25.9471683502, "median": 11.856751442, "var": 18.7914447784}, "pitch_salience": {"mean": 0.573787748814, "dvar": 0.00366234709509, "min": 0.0712105110288, "dmean": 0.0668402835727, "dmean2": 0.106151759624, "dvar2": 0.00936620961875, "max": 0.834506928921, "median": 0.578895032406, "var": 0.0121348863468}, "melbands_skewness": {"mean": 2.63038921356, "dvar": 0.497731864452, "min": -1.02535450459, "dmean": 0.640933215618, "dmean2": 0.978303670883, "dvar2": 1.14529645443, "max": 14.0073671341, "median": 2.64919304848, "var": 1.66903746128}, "spectral_spread": {"mean": 3658821.5, "dvar": 381034823680, "min": 701968.8125, "dmean": 289608.09375, "dmean2": 461211.84375, "dvar2": 876548915200, "max": 42784316, "median": 2851520, "var": 27661854310400.0}, "spectral_entropy": {"mean": 6.70446014404, "dvar": 0.0272732432932, "min": 2.96555709839, "dmean": 0.169832140207, "dmean2": 0.251743197441, "dvar2": 0.0558534413576, "max": 9.82346153259, "median": 6.77135181427, "var": 0.632712721825}, "erbbands_flatness_db": {"mean": 0.246678724885, "dvar": 0.00020358376787, "min": 0.0321459583938, "dmean": 0.0144211072475, "dmean2": 0.0204979628325, "dvar2": 0.000380921526812, "max": 0.524377942085, "median": 0.243005037308, "var": 0.00244308821857}, "spectral_kurtosis": {"mean": 7.8230304718, "dvar": 17.847574234, "min": -1.26587867737, "dmean": 3.8937022686, "dmean2": 6.62031936646, "dvar2": 48.3134918213, "max": 170.261871338, "median": 5.24655437469, "var": 151.279800415}, "erbbands_skewness": {"mean": 1.6693751812, "dvar": 0.24372407794, "min": -4.53199148178, "dmean": 0.441765606403, "dmean2": 0.628159463406, "dvar2": 0.456449657679, "max": 15.6434488297, "median": 1.38544559479, "var": 3.52028441429}, "erbbands_kurtosis": {"mean": 10.0581626892, "dvar": 99.1479110718, "min": -1.84078717232, "dmean": 3.29328322411, "dmean2": 4.26657772064, "dvar2": 126.958862305, "max": 402.909454346, "median": 1.2927646637, "var": 1614.74255371}, "barkbands_spread": {"mean": 9.12560844421, "dvar": 14.6947212219, "min": 0.125995546579, "dmean": 2.72178411484, "dmean2": 4.07333707809, "dvar2": 31.6857280731, "max": 125.402404785, "median": 7.02710056305, "var": 52.5140457153}, "zerocrossingrate": {"mean": 0.0406228415668, "dvar": 6.1674421886e-05, "min": 0.0029296875, "dmean": 0.00516952294856, "dmean2": 0.00640836544335, "dvar2": 9.91931738099e-05, "max": 0.529296875, "median": 0.02880859375, "var": 0.00451604789123}, "spectral_centroid": {"mean": 955.389526367, "dvar": 57039.1132812, "min": 100.977386475, "dmean": 164.016036987, "dmean2": 247.127334595, "dvar2": 111911.554688, "max": 11752.5693359, "median": 653.469177246, "var": 2192605.5}, "barkbands_skewness": {"mean": 2.31600809097, "dvar": 0.426509201527, "min": -2.26530909538, "dmean": 0.57978862524, "dmean2": 0.879907846451, "dvar2": 0.980067670345, "max": 17.9239807129, "median": 2.33913660049, "var": 1.64016270638}, "melbands_flatness_db": {"mean": 0.301885545254, "dvar": 0.000464288459625, "min": 0.00317916506901, "dmean": 0.0212273597717, "dmean2": 0.0313753224909, "dvar2": 0.00101158907637, "max": 0.800441324711, "median": 0.290968984365, "var": 0.0105055375025}, "spectral_contrast_valleys": {"mean": [-8.30624008179, -7.30979013443, -8.78649330139, -9.21014308929, -8.81367301941, -12.7025327682], "dvar": [0.146898806095, 0.110196866095, 0.118150770664, 0.119871228933, 0.101450048387, 0.029025953263], "min": [-27.9948482513, -28.4194469452, -27.8731021881, -27.8194198608, -27.7042922974, -27.3813304901], "dmean": [0.453679323196, 0.335788160563, 0.345679163933, 0.335189431906, 0.278085947037, 0.118365049362], "dmean2": [0.74486720562, 0.533079743385, 0.547468245029, 0.522343814373, 0.420407354832, 0.18803691864], "dvar2": [0.355378031731, 0.227743461728, 0.243616804481, 0.235236316919, 0.189950600266, 0.0540644824505], "max": [-5.93975448608, -4.92288208008, -6.08336830139, -6.43996429443, -6.20361471176, -10.4711036682], "median": [-7.88829803467, -6.67197704315, -8.23331165314, -8.69771385193, -8.30834197998, -12.3858156204], "var": [7.76825284958, 9.53881072998, 8.01581382751, 7.66563892365, 7.86060523987, 4.36497020721]}, "barkbands_flatness_db": {"mean": 0.2342376858, "dvar": 0.000367082102457, "min": 0.0567231252789, "dmean": 0.0192026067525, "dmean2": 0.0286215543747, "dvar2": 0.000835846120026, "max": 0.660289764404, "median": 0.224134236574, "var": 0.00642617465928}, "barkbands_kurtosi