{"metadata": {"audio_properties": {"downmix": "mix", "bit_rate": 222260, "lossless": false, "md5_encoded": "cb345ca2bfd6fadec2fd1b677bdd7cbd", "analysis_sample_rate": 44100, "sample_rate": 44100, "replay_gain": -14.7758922577, "equal_loudness": 0, "codec": "mp3", "length": 242.573059082}, "tags": {"album": ["Echo Echo"], "artist": ["Carbon Leaf"], "musicbrainz_recordingid": ["27b90eb7-59dc-4eba-b1b8-42c930e58415"], "albumartist": ["Carbon Leaf"], "title": ["Lonesome Pine"], "genre": ["Celtic"], "tracknumber": ["9"], "date": ["2001"], "file_name": "204792.mp3"}, "version": {"essentia_build_sha": "70f2e5ece6736b2c40cc944ad0e695b16b925413", "essentia_git_sha": "v2.1_beta2", "extractor": "music 1.0", "essentia": "2.1-beta2"}}, "tonal": {"chords_scale": "major", "hpcp": {"dmean": [0.202346891165, 0.174887150526, 0.098725065589, 0.0732070282102, 0.0693989619613, 0.0787273719907, 0.084940649569, 0.0739193186164, 0.0667919814587, 0.0607227534056, 0.0591080375016, 0.0800709873438, 0.0978824272752, 0.101480916142, 0.142481252551, 0.159968987107, 0.150628089905, 0.099620372057, 0.076287008822, 0.0764975994825, 0.116218365729, 0.130920022726, 0.13026855886, 0.138904571533, 0.100459061563, 0.0574045591056, 0.0878811702132, 0.102600462735, 0.107964552939, 0.116524130106, 0.120639771223, 0.107862472534, 0.0856737717986, 0.0888494774699, 0.135838374496, 0.20272937417], "dvar2": [0.128790214658, 0.113177761436, 0.0925452485681, 0.0742561742663, 0.0684055685997, 0.0584728643298, 0.0644847601652, 0.0565887056291, 0.0558040887117, 0.048521567136, 0.0436084158719, 0.0570950247347, 0.07347458601, 0.0762034803629, 0.0972342863679, 0.10430572927, 0.10560554266, 0.0792779773474, 0.0619759261608, 0.0558467470109, 0.0834247693419, 0.0888450890779, 0.0799786970019, 0.145814239979, 0.0881449356675, 0.0514774210751, 0.0684943795204, 0.0869282111526, 0.0909435898066, 0.10169236362, 0.100144669414, 0.0974430143833, 0.0786457359791, 0.0815063863993, 0.114858619869, 0.129196241498], "mean": [0.530867338181, 0.288391858339, 0.0791660472751, 0.0603477358818, 0.0612283498049, 0.096947081387, 0.117455936968, 0.084507368505, 0.0851156413555, 0.0885534659028, 0.064585968852, 0.101653218269, 0.12860019505, 0.104010246694, 0.215365156531, 0.334546327591, 0.218860179186, 0.0922066569328, 0.0692367181182, 0.0700341537595, 0.179019927979, 0.267330616713, 0.184845030308, 0.117636099458, 0.0810066089034, 0.0484181828797, 0.125150486827, 0.171478509903, 0.125193268061, 0.152824267745, 0.181966871023, 0.11802777648, 0.0781862661242, 0.0772295743227, 0.120395600796, 0.37210214138], "var": [0.136472329497, 0.0587601587176, 0.0247862748802, 0.0189556963742, 0.0196423940361, 0.0302212685347, 0.0424374714494, 0.0221804548055, 0.0307957585901, 0.0397911816835, 0.015817373991, 0.0278744641691, 0.0413045883179, 0.0263125803322, 0.0578609667718, 0.113079048693, 0.0583426058292, 0.0259724184871, 0.0207626260817, 0.0182868223637, 0.0608675219119, 0.110357321799, 0.048190575093, 0.0490479208529, 0.0276636499912, 0.0138112688437, 0.0459119789302, 0.0790824890137, 0.0403862260282, 0.061623249203, 0.0846549421549, 0.0385454110801, 0.021973028779, 0.0228391680866, 0.0375785045326, 0.0931308791041], "dmean2": [0.341659814119, 0.300076067448, 0.180267199874, 0.133968487382, 0.125602155924, 0.135621249676, 0.143545046449, 0.129465922713, 0.116330109537, 0.103869646788, 0.104942210019, 0.138482898474, 0.168476447463, 0.179930374026, 0.242410823703, 0.265736073256, 0.260239988565, 0.178531289101, 0.134695023298, 0.136035650969, 0.197201147676, 0.218511909246, 0.220064356923, 0.244677186012, 0.178802520037, 0.104193985462, 0.151486262679, 0.175578221679, 0.187407180667, 0.201544836164, 0.206944957376, 0.19225884974, 0.156114593148, 0.161932215095, 0.244249939919, 0.344391405582], "dvar": [0.0535935163498, 0.0412098504603, 0.0330977290869, 0.0265745595098, 0.0244537964463, 0.0224473495036, 0.0256597921252, 0.02006229572, 0.0201505478472, 0.0183926410973, 0.0157359000295, 0.0216538812965, 0.028573770076, 0.0282935686409, 0.0363352447748, 0.0440059565008, 0.0393145643175, 0.0292857754976, 0.0231811311096, 0.0204309001565, 0.0323194935918, 0.0377756841481, 0.0305044725537, 0.0555905550718, 0.0331525169313, 0.0185176525265, 0.0263791866601, 0.0354360975325, 0.0330020822585, 0.0388131961226, 0.0407436229289, 0.0356984883547, 0.0283031370491, 0.0292975213379, 0.041763689369, 0.0507202483714], "min": [0, 0, 0, 0, 0, 0, 0, 0, 0, 0, 0, 0, 0, 0, 0, 0, 0, 0, 0, 0, 0, 0, 0, 0, 0, 0, 0, 0, 0, 0, 0, 0, 0, 0, 0, 0], "median": [0.487774968147, 0.22410929203, 0.0210826937109, 0.0153783131391, 0.0167975500226, 0.0303213298321, 0.0345930606127, 0.0291248206049, 0.0203052517027, 0.0168731380254, 0.0184881817549, 0.0389314517379, 0.0467601194978, 0.0438737235963, 0.118447557092, 0.198105588555, 0.119706496596, 0.0304346345365, 0.0174236483872, 0.0198611337692, 0.0563605315983, 0.0919278934598, 0.0848305821419, 0.0259480141103, 0.0152327604592, 0.0122424578294, 0.0330893099308, 0.0403951108456, 0.0347931720316, 0.0305570568889, 0.0305488705635, 0.0307396557182, 0.0248859748244, 0.0217494294047, 0.0363275110722, 0.30901491642], "max": [1, 1, 1, 1, 1, 1, 1, 1, 1, 1, 1, 1, 1, 1, 1, 1, 1, 1, 1, 1, 1, 1, 1, 1, 1, 1, 1, 1, 1, 1, 1, 1, 1, 1, 1, 1]}, "tuning_equal_tempered_deviation": 0.0377993062139, "chords_key": "D", "chords_strength": {"dmean": 0.00820728205144, "dvar2": 0.000318535749102, "mean": 0.500212192535, "var": 0.0064788213931, "dmean2": 0.00711177615449, "dvar": 0.000409757660236, "min": -1, "median": 0.509258031845, "max": 0.708352148533}, "tuning_diatonic_strength": 0.664443612099, "thpcp": [1, 0.543246567249, 0.149125859141, 0.113677620888, 0.115336440504, 0.182620167732, 0.221252903342, 0.159187361598, 0.160333171487, 0.166809037328, 0.121661223471, 0.19148516655, 0.242245450616, 0.195925116539, 0.405685454607, 0.630188167095, 0.412269055843, 0.173690587282, 0.130421876907, 0.131924018264, 0.337221592665, 0.503573298454, 0.348194390535, 0.221592277288, 0.152592942119, 0.0912058055401, 0.235747203231, 0.323015749454, 0.235827788711, 0.287876576185, 0.342772781849, 0.222330078483, 0.147280231118, 0.145478099585, 0.226790368557, 0.700932443142], "chords_histogram": [53.9904289246, 1.51196169853, 17.2440185547, 0.0382775105536, 0, 0, 0, 0, 0, 0, 0, 0, 0, 0, 0, 0.17224881053, 0, 8.74641132355, 0, 10.0095691681, 1.24401915073, 0.593301415443, 6.41148328781, 0.0382775105536], "tuning_nontempered_energy_ratio": 0.632875621319, "tuning_frequency": 441.272583008, "key_strength": 0.851648330688, "chords_changes_rate": 0.0511004775763, "key_scale": "major", "hpcp_entropy": {"dmean": 0.565473973751, "dvar2": 0.670014679432, "mean": 1.95208227634, "var": 0.558015286922, "dmean2": 0.948347747326, "dvar": 0.254941880703, "min": 0, "median": 1.951390028, "max": 4.51780557632}, "key_key": "D", "chords_number_rate": 0.00133971287869}, "lowlevel": {"melbands_skewness": {"dmean": 0.658641695976, "dvar2": 1.72124183178, "mean": 2.62192440033, "var": 1.99623787403, "dmean2": 1.04474258423, "dvar": 0.679803133011, "min": -0.895231306553, "median": 2.51002192497, "max": 11.7920217514}, "melbands_kurtosis": {"dmean": 6.27999210358, "dvar2": 359.335540771, "mean": 12.0591669083, "var": 193.211486816, "dmean2": 10.4098339081, "dvar": 134.446258545, "min": -1.85311257839, "median": 8.3082408905, "max": 237.061691284}, "barkbands_kurtosis": {"dmean": 2.38169622421, "dvar2": 48.9827194214, "mean": 3.58754920959, "var": 51.2508811951, "dmean2": 3.93727445602, "dvar": 18.350812912, "min": -1.90435528755, "median": 1.82059812546, "max": 118.627624512}, "hfc": {"dmean": 7.36109209061, "dvar2": 540.291381836, "mean": 24.4256439209, "var": 876.360046387, "dmean2": 10.7588968277, "dvar": 294.916259766, "min": 1.10895525453e-16, "median": 18.5401954651, "max": 366.7237854}, "silence_rate_20dB": {"dmean": 0, "dvar2": 0, "mean": 1, "var": 0, "dmean2": 0, "dvar": 0, "min": 1, "median": 1, "max": 1}, "erbbands_flatness_db": {"dmean": 0.0149150770158, "dvar2": 0.000425849779276, "mean": 0.147773057222, "var": 0.00276634353213, "dmean2": 0.0209691338241, "dvar": 0.000221427122597, "min": 0.0348468758166, "median": 0.13687838614, "max": 0.40809944272}, "spectral_flux": {"dmean": 0.0295963548124, "dvar2": 0.00328940153122, "mean": 0.0845837816596, "var": 0.00338468607515, "dmean2": 0.046286739409, "dvar": 0.00175300368574, "min": 6.62629673354e-11, "median": 0.0693839490414, "max": 0.34546020627}, "spectral_energyband_low": {"dmean": 0.00764004141092, "dvar2": 0.00088927266188, "mean": 0.00828822981566, "var": 0.000238124805037, "dmean2": 0.0135738570243, "dvar": 0.000319933547871, "min": 7.67826339391e-23, "median": 0.00355873722583, "max": 0.123267129064}, "spectral_rolloff": {"dmean": 543.269104004, "dvar2": 2042502.625, "mean": 1649.74133301, "var": 2810633, "dmean2": 882.032958984, "dvar": 978104.0625, "min": 21.533203125, "median": 1141.25976562, "max": 18820.0195312}, "spectral_entropy": {"dmean": 0.12866742909, "dvar2": 0.0328592061996, "mean": 7.65981960297, "var": 0.281495392323, "dmean2": 0.185089066625, "dvar": 0.0171781796962, "min": 4.34387779236, "median": 7.73983049393, "max": 9.80931091309}, "spectral_energy": {"dmean": 0.0118017178029, "dvar2": 0.00105768907815, "mean": 0.0282623209059, "var": 0.000508764234837, "dmean2": 0.0197944287211, "dvar": 0.000390347617213, "min": 1.04276892178e-20, "median": 0.0229433812201, "max": 0.152228668332}, "spectral_centroid": {"dmean": 236.65007019, "dvar2": 176035.921875, "mean": 1364.01464844, "var": 484360, "dmean2": 360.09979248, "dvar": 90416.3984375, "min": 207.830947876, "median": 1204.8605957, "max": 11172.6650391}, "barkbands_flatness_db": {"dmean": 0.018288269639, "dvar2": 0.000858272484038, "mean": 0.13495118916, "var": 0.00310766906478, "dmean2": 0.0297185387462, "dvar": 0.000326986366417, "min": 0.0418332256377, "median": 0.124546393752, "max": 0.477916896343}, "spectral_rms": {"dmean": 0.000944849802181, "dvar2": 4.64871527583e-06, "mean": 0.00483064679429, "var": 4.23778419645e-06, "dmean2": 0.0015237898333, "dvar": 1.79418634616e-06, "min": 3.18956970211e-12, "median": 0.00473115080968, "max": 0.0121867042035}, "melbands": {"dmean": [0.00129817728885, 0.00143398111686, 0.00065561151132, 0.000644101877697, 0.000294882251183, 0.000203278032131, 0.000209084697417, 0.000113245048851, 0.000164258352015, 0.000124261510791, 7.37402515369e-05, 7.48454913264e-05, 3.68283945136e-05, 5.62817731407e-05, 3.10190880555e-05, 2.28981261898e-05, 2.78365241684e-05, 2.51764504355e-05, 1.49386742123e-05, 1.28199990286e-05, 1.43257711898e-05, 9.97505958367e-06, 1.07596488306e-05, 4.92629942528e-06, 4.82806945001e-06, 6.02839691055e-06, 5.3281005421e-06, 3.51607786797e-06, 3.16854152516e-06, 3.20189656122e-06, 4.22291896029e-06, 6.08746222497e-06, 4.80723974761e-06, 3.54037592842e-06, 2.76069295069e-06, 1.90973787539e-06, 1.8100346324e-06, 1.22406243008e-06, 1.04615344299e-06, 8.00055829586e-07], "dvar2": [2.7585447242e-05, 3.82128600904e-05, 3.2262582863e-06, 3.81732252208e-06, 7.57781037919e-07, 3.41328217246e-07, 3.40490913686e-07, 1.48294134306e-07, 3.87760906051e-07, 2.25991357183e-07, 1.01155343657e-07, 9.10330513193e-08, 2.01262118082e-08, 7.38655927535e-08, 2.43302427094e-08, 7.18235648733e-09, 1.79236891995e-08, 5.42876321674e-09, 2.08243089439e-09, 1.52581691726e-09, 1.30576227608e-09, 4.67162863949e-10, 7.01426805527e-10, 1.73274630755e-10, 2.00501337755e-10, 3.75874026348e-10, 2.37508984702e-10, 8.41170258448e-11, 8.55550769119e-11, 1.45285061759e-10, 4.91804985625e-10, 1.62196944764e-09, 9.31520083292e-10, 4.63397431538e-10, 3.44420825193e-10, 1.62489688371e-10, 1.23631008209e-10, 4.07352103438e-11, 3.68188014799e-11, 2.15744765802e-11], "mean": [0.00113891321234, 0.00135587656405, 0.00101384986192, 0.00100850127637, 0.000553206482437, 0.000411477230955, 0.000543374044355, 0.000233143771766, 0.000330720155034, 0.000269734533504, 0.000146186095662, 0.000158582784934, 6.75684786984e-05, 0.000103485268482, 5.51307493879e-05, 4.21575714427e-05, 5.07492877659e-05, 5.09491765115e-05, 2.85448713839e-05, 2.55530449067e-05, 2.8600821679e-05, 2.14435003727e-05, 2.04561729333e-05, 9.26910524868e-06, 9.26792199607e-06, 1.1721905139e-05, 1.07295800262e-05, 7.44646013118e-06, 6.27772260486e-06, 5.74357591177e-06, 7.4772087828e-06, 9.89222553471e-06, 8.04296996648e-06, 5.9026638155e-06, 4.55667168353e-06, 3.23509470945e-06, 3.09470146931e-06, 2.12646614273e-06, 1.70670296029e-06, 1.21380230667e-06], "var": [7.34047716833e-06, 8.44511851028e-06, 1.26662166622e-06, 1.72646491592e-06, 5.5824904166e-07, 3.92456769305e-07, 7.18862906979e-07, 1.37210960816e-07, 3.91441659531e-07, 3.34510900757e-07, 1.7947871811e-07, 1.53116985757e-07, 2.42025404162e-08, 9.74223084427e-08, 2.06291144167e-08, 7.24474213953e-09, 1.53192214469e-08, 5.4476516631e-09, 1.81481729644e-09, 1.40035760765e-09, 1.13191422901e-09, 4.69329020092e-10, 5.58951163132e-10, 1.04943796708e-10, 1.32514388351e-10, 3.27517207799e-10, 2.23159449253e-10, 1.01122353546e-10, 8.38675240367e-11, 1.31600549902e-10, 4.63779487037e-10, 1.35578015481e-09, 8.908068172e-10, 4.87089368839e-10, 3.35578093091e-10, 1.32058655677e-10, 9.35746688469e-11, 3.43889985932e-11, 2.51338030249e-11, 1.73942943382e-11], "dmean2": [0.00234239432029, 0.00261776545085, 0.00112552125938, 0.00105434271973, 0.000494047417305, 0.00033572234679, 0.00031541250064, 0.000177491645445, 0.000243025831878, 0.000181498369784, 0.000105879626062, 0.000109488413727, 5.65647096664e-05, 8.49610369187e-05, 4.90815145895e-05, 3.63678154827e-05, 4.36429036199e-05, 3.9635142457e-05, 2.38649336097e-05, 2.0743938876e-05, 2.34910366999e-05, 1.61749685503e-05, 1.75362092705e-05, 8.11302015791e-06, 7.89232854004e-06, 9.87036764855e-06, 8.63494096848e-06, 5.62706554774e-06, 5.04280797031e-06, 5.02109878653e-06, 6.4319615376e-06, 9.1529727797e-06, 7.14684301784e-06, 5.16399450134e-06, 4.07459720009e-06, 2.88998262477e-06, 2.69504539574e-06, 1.8386397187e-06, 1.55895270382e-06, 1.17605020478e-06], "dvar": [9.90413718682e-06, 1.34007823362e-05, 1.17287106605e-06, 1.46995569139e-06, 2.72272046686e-07, 1.34525848239e-07, 1.44577242622e-07, 5.98833054255e-08, 1.7103383243e-07, 1.00256805524e-07, 5.57862733785e-08, 4.59110793827e-08, 8.88072548832e-09, 3.29933982357e-08, 9.64266178016e-09, 2.94106650145e-09, 7.92329313271e-09, 2.17122786417e-09, 8.08999311985e-10, 5.98526450624e-10, 4.83123319128e-10, 1.81856210646e-10, 2.70617583897e-10, 6.50332149243e-11, 7.6008671579e-11, 1.4385410918e-10, 9.54528192598e-11, 3.51093529249e-11, 3.59682526818e-11, 6.585893636e-11, 2.31072980195e-10, 7.58985374549e-10, 4.63798194295e-10, 2.46581643992e-10, 1.78888417968e-10, 7.47628139952e-11, 5.69658382965e-11, 1.93154190559e-11, 1.65651537626e-11, 1.06183733681e-11], "min": [2.78000420571e-24, 1.09349192889e-23, 7.30320247419e-24, 7.27920611432e-24, 4.17260876069e-24, 6.09040535192e-24, 5.9711922975e-24, 7.12862203384e-24, 5.55642343303e-24, 9.80424179799e-24, 1.18702314323e-23, 6.63369780165e-24, 6.55873866072e-24, 8.09092741971e-24, 5.5874165947e-24, 1.16966820331e-23, 7.99481970677e-24, 1.1708808403e-23, 9.58306728827e-24, 1.3062291768e-23, 1.17767238049e-23, 1.00470105861e-23, 8.56535073469e-24, 1.39358006037e-23, 1.3329510511e-23, 9.35272384825e-24, 1.09501490375e-23, 8.45183128385e-24, 1.13834088016e-23, 1.27718521153e-23, 7.81867732182e-24, 1.09850916313e-23, 6.83711741898e-24, 7.23080476462e-24, 1.10386647531e-23, 1.04707361773e-23, 8.68326019648e-24, 9.29237756672e-24, 8.82509107635e-24, 1.0725808829e-23], "median": [0.000226545904297, 0.000597315607592, 0.00067728664726, 0.000626559194643, 0.000307956215693, 0.000184948235983, 0.000232323480304, 0.000101527650259, 0.000105872895801, 5.35551153007e-05, 3.59331461368e-05, 3.79391858587e-05, 1.77918554982e-05, 2.00491995201e-05, 1.83968950296e-05, 1.69129016285e-05, 1.95652355615e-05, 2.56839375652e-05, 1.42577682709e-05, 1.41288746818e-05, 1.86074248631e-05, 1.51054009621e-05, 1.30342741613e-05, 6.26083237876e-06, 5.92970673097e-06, 6.35006654193e-06, 5.56265240448e-06, 3.76318166673e-06, 3.14351473207e-06, 2.52611425822e-06, 2.44336251853e-06, 2.93170432997e-06, 2.40088138526e-06, 1.67605685419e-06, 1.2039433841e-06, 9.55929976953e-07, 9.1761432941e-07, 7.83401674198e-07, 6.00019916419e-07, 3.6251765323e-07], "max": [0.020936248824, 0.0281546190381, 0.0115695614368, 0.0204054471105, 0.0119312377647, 0.00716239167377, 0.0105726616457, 0.00618378818035, 0.00934548582882, 0.00924419332296, 0.00899801403284, 0.00564922485501, 0.00332882348448, 0.0056975367479, 0.00286891567521, 0.00202288315631, 0.00377047946677, 0.00112708588131, 0.000532948470209, 0.00055620301282, 0.000602744228672, 0.000401423167204, 0.000452876993222, 0.000158979499247, 0.000169749589986, 0.000294351775665, 0.000262908317382, 0.000123602090753, 0.000125165752252, 0.000269896525424, 0.00057145440951, 0.00100289704278, 0.000594661629293, 0.000438643794041, 0.000651852111332, 0.000435085763456, 0.00026108106249, 0.000128307845443, 0.000190222970559, 0.000130063301185]}, "barkbands_crest": {"dmean": 2.24258065224, "dvar2": 12.8741769791, "mean": 8.81319713593, "var": 13.7737054825, "dmean2": 3.67910218239, "dvar": 4.80740499496, "min": 2.05342769623, "median": 7.95540571213, "max": 25.7511997223}, "mfcc": {"icov": [[0.000129338804982, -2.35038214669e-06, 8.09884077171e-05, 4.39063151134e-05, 0.00018989398086, -0.000354826624971, 0.000229370503803, -0.000235923391301, -0.000104921258753, -0.000101368976175, -2.0077886802e-06, -5.33695992999e-06, -0.000183169337106], [-2.35038214669e-06, 0.00112482672557, 0.000539027969353, 5.89691917412e-05, -0.0005056388909, 0.000828901189379, -0.000221068490646, -0.000157525166287, -1.20621316455e-05, 0.000266975490376, -0.000765628938098, -0.000168170823599, 1.27890880322e-05], [8.09884077171e-05, 0.000539027969353, 0.00269837933592, -0.0011014000047, 0.000493178726174, -0.00132534594741, -0.000276803009911, 0.000926084525418, -0.00107614242006, 0.000409683299949, -0.000863628578372, 0.000168056052644, -0.00026751976111], [4.39063151134e-05, 5.89691917412e-05, -0.0011014000047, 0.00593025516719, -0.00242115184665, -0.00154508510605, 0.00206325785257, -0.000852282042615, 0.000995250651613, -0.00114303187001, 0.00149342755321, -0.000215101536014, -0.000977717339993], [0.00018989398086, -0.0005056388909, 0.000493178726174, -0.00242115184665, 0.00762107549235, -0.00203945045359, -0.000572813674808, 0.00315657653846, -0.00395301124081, 0.000989569700323, -0.000131814042106, -0.000715051370207, -0.000700444565155], [-0.000354826624971, 0.000828901189379, -0.00132534594741, -0.00154508510605, -0.00203945045359, 0.0117104910314, -0.00375165930018, -0.000168344995473, 0.00115173112135, 0.000145489248098, -0.00125766964629, -0.000300372048514, 0.000870172050782], [0.000229370503803, -0.000221068490646, -0.000276803009911, 0.00206325785257, -0.000572813674808, -0.00375165930018, 0.0131097976118, -0.00787310767919, 0.000255877617747, 0.00176105403807, -0.00105483364314, 0.000748934457079, 0.00018074986292], [-0.000235923391301, -0.000157525166287, 0.000926084525418, -0.000852282042615, 0.00315657653846, -0.000168344995473, -0.00787310767919, 0.0184213370085, -0.00855165999383, 0.00175028224476, -0.000282166089164, 0.000310356845148, -0.00132998032495], [-0.000104921258753, -1.20621316455e-05, -0.00107614242006, 0.000995250651613, -0.00395301124081, 0.00115173112135, 0.000255877617747, -0.00855165999383, 0.0215282570571, -0.00790974870324, 0.00174028787296, 0.000356660922989, 6.55459516565e-05], [-0.000101368976175, 0.000266975490376, 0.000409683299949, -0.00114303187001, 0.000989569700323, 0.000145489248098, 0.00176105403807, 0.00175028224476, -0.00790974870324, 0.0202574729919, -0.0105257360265, 0.00222126301378, 0.000886254361831], [-2.0077886802e-06, -0.000765628938098, -0.000863628578372, 0.00149342755321, -0.000131814042106, -0.00125766964629, -0.00105483364314, -0.000282166089164, 0.00174028787296, -0.0105257360265, 0.0225943960249, -0.00884357839823, 0.00402832310647], [-5.33695992999e-06, -0.000168170823599, 0.000168056052644, -0.000215101536014, -0.000715051370207, -0.000300372048514, 0.000748934457079, 0.000310356845148, 0.000356660922989, 0.00222126301378, -0.00884357839823, 0.0230053365231, -0.00958414003253], [-0.000183169337106, 1.27890880322e-05, -0.00026751976111, -0.000977717339993, -0.000700444565155, 0.000870172050782, 0.00018074986292, -0.00132998032495, 6.55459516565e-05, 0.000886254361831, 0.00402832310647, -0.00958414003253, 0.0201766286045]], "mean": [-629.254333496, 108.374214172, 7.19184875488, 23.4391536713, 4.35150527954, 3.90526342392, -8.31646156311, -0.955941796303, -1.63585627079, -0.0584177598357, -2.24325561523, -2.57472395897, -2.92504835129], "cov": [[9476.55078125, -99.9082489014, -193.812149048, -124.80960083, -252.635894775, 208.989776611, 15.5052556992, 220.279556274, 101.659461975, 93.1325454712, 46.5049552917, 31.8849468231, 75.5138473511], [-99.9082489014, 1200.55358887, -340.680725098, -102.951011658, 35.6865386963, -126.114479065, 11.2299871445, 22.1271419525, 6.59609794617, 0.327764749527, 37.1749038696, 23.4630756378, 0.549382984638], [-193.812149048, -340.680725098, 568.15814209, 148.597793579, 39.8508453369, 108.682411194, 2.84423232079, -25.256149292, 14.5333213806, 9.71860313416, 9.81520652771, 3.26578211784, 7.31383275986], [-124.80960083, -102.951011658, 148.597793579, 270.500457764, 99.7814025879, 58.1567153931, -38.0848388672, -29.147108078, 1.38945484161, 6.49532318115, -10.8873567581, 9.57914829254, 19.8201122284], [-252.635894775, 35.6865386963, 39.8508453369, 99.7814025879, 202.94859314, 36.9447288513, -9.1843328476, -28.5241374969, 20.987077713, 3.07175683975, 1.41819572449, 13.503068924, 12.629524231], [208.989776611, -126.114479065, 108.682411194, 58.1567153931, 36.9447288513, 138.799865723, 36.2524032593, 13.0275974274, 8.4156255722, 3.67168498039, 8.09816551208, 4.01190900803, 2.16704893112], [15.5052556992, 11.2299871445, 2.84423232079, -38.0848388672, -9.1843328476, 36.2524032593, 134.436141968, 67.9112243652, 20.3525085449, -8.16271686554, 5.70353984833, -3.9918756485, -3.02680397034], [220.279556274, 22.1271419525, -25.256149292, -29.147108078, -28.5241374969, 13.0275974274, 67.9112243652, 109.205612183, 38.5323448181, 2.67384147644, 3.58401703835, -2.43674731255, 3.16082596779], [101.659461975, 6.59609794617, 14.5333213806, 1.38945484161, 20.987077713, 8.4156255722, 20.3525085449, 38.5323448181, 75.9178771973, 28.9977092743, 10.1800479889, -0.448312103748, 0.136202350259], [93.1325454712, 0.327764749527, 9.71860313416, 6.49532318115, 3.07175683975, 3.67168498039, -8.16271686554, 2.67384147644, 28.9977092743, 81.5593261719, 38.3929824829, 3.3852725029, -8.24735927582], [46.5049552917, 37.1749038696, 9.81520652771, -10.8873567581, 1.41819572449, 8.09816551208, 5.70353984833, 3.58401703835, 10.1800479889, 38.3929824829, 74.251449585, 22.1462001801, -6.13797235489], [31.8849468231, 23.4630756378, 3.26578211784, 9.57914829254, 13.503068924, 4.01190900803, -3.9918756485, -2.43674731255, -0.448312103748, 3.3852725029, 22.1462001801, 63.6257972717, 26.607175827], [75.5138473511, 0.549382984638, 7.31383275986, 19.8201122284, 12.629524231, 2.16704893112, -3.02680397034, 3.16082596779, 0.136202350259, -8.24735927582, -6.13797235489, 26.607175827, 66.1113586426]]}, "spectral_decrease": {"dmean": 3.00432945188e-09, "dvar2": 7.18938272223e-17, "mean": -6.90122581304e-09, "var": 3.25388533868e-17, "dmean2": 5.06343855733e-09, "dvar": 2.64869485625e-17, "min": -3.91423178314e-08, "median": -5.51480816569e-09, "max": -5.37478959415e-29}, "zerocrossingrate": {"dmean": 0.0113623188809, "dvar2": 0.000260381348198, "mean": 0.0699609145522, "var": 0.00178568158299, "dmean2": 0.013161203824, "dvar": 0.000236668929574, "min": 0.005859375, "median": 0.0595703125, "max": 0.525390625}, "spectral_contrast_coeffs": {"dmean": [0.0505902469158, 0.0451533049345, 0.0349706821144, 0.0285374037921, 0.020132265985, 0.0196291767061], "dvar2": [0.00474212318659, 0.00382094783708, 0.00204890873283, 0.00138439086732, 0.000689464563038, 0.000702118559275], "mean": [-0.616046726704, -0.703142166138, -0.757350385189, -0.774156451225, -0.790349841118, -0.75351279974], "var": [0.00517666526139, 0.00537024857476, 0.00491035170853, 0.0025284413714, 0.00139733275864, 0.00188872078434], "dmean2": [0.082052692771, 0.0744152292609, 0.055899515748, 0.0465436987579, 0.032825384289, 0.0315161943436], "dvar": [0.00182065309491, 0.00147447327618, 0.00082558352733, 0.000540387874935, 0.000263862864813, 0.000289941905066], "min": [-0.961741149426, -0.996465981007, -0.998758077621, -0.988525152206, -0.989197432995, -0.963344871998], "median": [-0.618344664574, -0.705212593079, -0.769523501396, -0.776881754398, -0.789884328842, -0.755151033401], "max": [-0.311106204987, -0.420665442944, -0.494942724705, -0.560234308243, -0.635531365871, -0.589916229248]}, "spectral_skewness": {"dmean": 0.190593972802, "dvar2": 0.117414869368, "mean": 1.47718727589, "var": 1.07776510715, "dmean2": 0.295318365097, "dvar": 0.0467972308397, "min": -0.103160329163, "median": 1.36219906807, "max": 10.5465393066}, "spectral_energyband_middle_high": {"dmean": 0.00151107448619, "dvar2": 1.56602545758e-05, "mean": 0.00522683467716, "var": 3.74259798264e-05, "dmean2": 0.00230181473307, "dvar": 6.92503408573e-06, "min": 1.85048340574e-21, "median": 0.00317928800359, "max": 0.0560624264181}, "gfcc": {"icov": [[0.000276197184576, -0.00058757700026, 0.000780797447078, -0.000696705712471, 0.000808960176073, -0.000963225727901, 0.000596429337747, -0.000919754907954, 0.00072567188181, -0.00113361503463, 0.000846674083732, -0.00113749143202, 0.000732226297259], [-0.00058757700026, 0.00352804805152, -0.00189532339573, 0.00286936573684, -0.00305528054014, 0.00266661518253, -0.00146996811964, 0.0026023380924, -0.00329928798601, 0.00442421110347, -0.00416179699823, 0.00463039334863, -0.00277451379225], [0.000780797447078, -0.00189532339573, 0.00352201610804, -0.00236312882043, 0.0021764873527, -0.00278349011205, 0.00161951780319, -0.00237996387295, 0.00240707350895, -0.00448198476806, 0.00361636304297, -0.00366406701505, 0.00234322948381], [-0.000696705712471, 0.00286936573684, -0.00236312882043, 0.00556314736605, -0.00268056010827, 0.000773673469666, -0.000674301059917, 0.00399586046115, -0.0045021334663, 0.00410999497399, -0.00378049048595, 0.00408156448975, -0.00394091801718], [0.000808960176073, -0.00305528054014, 0.0021764873527, -0.00268056010827, 0.00734404567629, -0.00245683826506, 0.00111287250184, -0.00381508585997, 0.00300448597409, -0.00497161969543, 0.00394201092422, -0.00444797985256, 0.00154819176532], [-0.000963225727901, 0.00266661518253, -0.00278349011205, 0.000773673469666, -0.00245683826506, 0.0106083219871, -0.00452866591513, 0.000257910025539, -9.78671450866e-05, 0.00254896539263, -0.00281702028587, 0.00378503534012, -0.0024420984555], [0.000596429337747, -0.00146996811964, 0.00161951780319, -0.000674301059917, 0.00111287250184, -0.00452866591513, 0.0109012406319, -0.00481982436031, 0.000806759519037, 0.00249908282422, -0.00171053910162, -0.0017776186578, 0.00288183381781], [-0.000919754907954, 0.0026023380924, -0.00237996387295, 0.00399586046115, -0.00381508585997, 0.000257910025539, -0.00481982436031, 0.0167896505445, -0.00679640518501, 0.00223288056441, 0.00127932510804, 0.00093862862559, -0.00129567447584], [0.00072567188181, -0.00329928798601, 0.00240707350895, -0.0045021334663, 0.00300448597409, -9.78671450866e-05, 0.000806759519037, -0.00679640518501, 0.0186108276248, -0.0103512946516, -0.000696805247571, 0.00267015211284, -0.00154069135897], [-0.00113361503463, 0.00442421110347, -0.00448198476806, 0.00410999497399, -0.00497161969543, 0.00254896539263, 0.00249908282422, 0.00223288056441, -0.0103512946516, 0.0251144785434, -0.00833739992231, 0.000967742817011, 0.00436357967556], [0.000846674083732, -0.00416179699823, 0.00361636304297, -0.00378049048595, 0.00394201092422, -0.00281702028587, -0.00171053910162, 0.00127932510804, -0.000696805247571, -0.00833739992231, 0.0225598271936, -0.00910623185337, -5.0199785619e-05], [-0.00113749143202, 0.00463039334863, -0.00366406701505, 0.00408156448975, -0.00444797985256, 0.00378503534012, -0.0017776186578, 0.00093862862559, 0.00267015211284, 0.000967742817011, -0.00910623185337, 0.0248527489603, -0.0103639140725], [0.000732226297259, -0.00277451379225, 0.00234322948381, -0.00394091801718, 0.00154819176532, -0.0024420984555, 0.00288183381781, -0.00129567447584, -0.00154069135897, 0.00436357967556, -5.0199785619e-05, -0.0103639140725, 0.025842346251]], "mean": [-0.378443479538, 91.3465576172, -117.050186157, 40.9523620605, -67.7381896973, 13.3236637115, -47.4784469604, 6.20082092285, -23.945980072, 0.942454695702, -19.5092697144, -3.67217421532, -10.7419948578], "cov": [[18955.0585938, -1591.38513184, -1644.97009277, 715.717773438, -703.646911621, 1087.21887207, -197.028442383, 494.131866455, -213.99887085, 333.144317627, -143.786331177, 360.940734863, -182.527526855], [-1591.38513184, 1385.50671387, -174.031677246, -301.035461426, 210.126754761, -286.985809326, 93.5555953979, -97.0438232422, 138.748352051, -136.514434814, 128.98274231, -143.322692871, 82.8036117554], [-1644.97009277, -174.031677246, 920.972900391, 93.3897857666, 32.5446739197, 59.5176239014, -48.226764679, 17.7223720551, -22.8106193542, 83.7910308838, -61.9477348328, 32.5392951965, -33.9796600342], [715.717773438, -301.035461426, 93.3897857666, 479.678466797, -30.6521434784, 107.393005371, -38.5849914551, -22.7003231049, 38.4473609924, 28.2186393738, 17.4482707977, 13.922870636, 30.3773040771], [-703.646911621, 210.126754761, 32.5446739197, -30.6521434784, 258.662689209, -30.2105770111, 23.0041179657, 14.4167194366, 16.8298854828, -0.814896464348, 5.77211475372, -3.10656309128, 14.5845489502], [1087.21887207, -286.985809326, 59.5176239014, 107.393005371, -30.2105770111, 249.119628906, 38.6779022217, 66.6038131714, -37.4283103943, 29.7435798645, -24.9244041443, 37.2337493896, -18.6287498474], [-197.028442383, 93.5555953979, -48.226764679, -38.5849914551, 23.0041179657, 38.6779022217, 157.020431519, 32.8321495056, 4.24396371841, -37.7007865906, 19.1013469696, -9.60320568085, 3.33334112167], [494.131866455, -97.0438232422, 17.7223720551, -22.7003231049, 14.4167194366, 66.6038131714, 32.8321495056, 119.145820618, 4.27540159225, 24.4706001282, -24.5727577209, 19.4554481506, -17.8681201935], [-213.99887085, 138.748352051, -22.8106193542, 38.4473609924, 16.8298854828, -37.4283103943, 4.24396371841, 4.27540159225, 115.03200531, 19.2331829071, 34.6178588867, -30.3967227936, 15.5746278763], [333.144317627, -136.514434814, 83.7910308838, 28.2186393738, -0.814896464348, 29.7435798645, -37.7007865906, 24.4706001282, 19.2331829071, 98.9888763428, -0.117618493736, 23.6367549896, -25.1885356903], [-143.786331177, 128.98274231, -61.9477348328, 17.4482707977, 5.77211475372, -24.9244041443, 19.1013469696, -24.5727577209, 34.6178588867, -0.117618493736, 87.1770858765, 2.49412703514, 23.3900184631], [360.940734863, -143.322692871, 32.5392951965, 13.922870636, -3.10656309128, 37.2337493896, -9.60320568085, 19.4554481506, -30.3967227936, 23.6367549896, 2.49412703514, 84.7005691528, 7.47932577133], [-182.527526855, 82.8036117554, -33.9796600342, 30.3773040771, 14.5845489502, -18.6287498474, 3.33334112167, -17.8681201935, 15.5746278763, -25.1885356903, 23.3900184631, 7.47932577133, 64.7965393066]]}, "erbbands_spread": {"dmean": 7.22188472748, "dvar2": 143.898544312, "mean": 44.7353210449, "var": 374.840576172, "dmean2": 10.8736314774, "dvar": 64.8224105835, "min": 1.88881015778, "median": 44.9859352112, "max": 129.919021606}, "erbbands_kurtosis": {"dmean": 0.601762056351, "dvar2": 2.02086234093, "mean": 0.223831057549, "var": 5.61105728149, "dmean2": 0.907278001308, "dvar": 1.02675819397, "min": -1.70062088966, "median": -0.559952378273, "max": 42.2797546387}, "dynamic_complexity": 3.50118160248, "erbbands_crest": {"dmean": 1.96351444721, "dvar2": 9.53751659393, "mean": 8.11408996582, "var": 15.7187070847, "dmean2": 3.07805967331, "dvar": 3.97655081749, "min": 2.39787507057, "median": 7.10095310211, "max": 26.1991481781}, "erbbands": {"dmean": [0.153383687139, 0.990662813187, 2.81090402603, 3.7561852932, 6.46023368835, 9.73032474518, 8.89642238617, 8.70487594604, 13.9270381927, 10.309296608, 18.8998985291, 21.059545517, 14.4954185486, 17.4067516327, 12.5614070892, 13.9295148849, 13.2124700546, 13.2281684875, 15.198515892, 9.34247303009, 11.0884552002, 8.67926025391, 6.61891412735, 5.54110860825, 7.17415714264, 5.28413724899, 4.66943740845, 6.16001605988, 9.43922424316, 6.577293396, 4.19409036636, 2.87865638733, 1.66717100143, 0.969311356544, 0.539837419987, 0.192302718759, 0.0478361919522, 0.00389508972876, 8.06626776466e-05, 1.71694700839e-05], "dvar2": [0.373192846775, 20.7072277069, 134.188262939, 127.652763367, 277.284210205, 1141.98779297, 711.571105957, 710.120483398, 1571.60705566, 1252.81311035, 5816.671875, 6479.39892578, 3872.4284668, 4731.22412109, 3079.29785156, 3781.4777832, 3280.70605469, 3679.16186523, 1976.70825195, 1213.07531738, 837.149902344, 358.023132324, 292.083221436, 247.311630249, 453.751586914, 173.151199341, 200.822280884, 854.961730957, 3526.09375, 1712.73254395, 790.19317627, 301.862640381, 73.4818344116, 29.2018890381, 7.22331905365, 0.761106908321, 0.0313107855618, 0.000225653217058, 8.43347152113e-08, 1.83813009258e-09], "mean": [0.127062678337, 0.800930261612, 2.81599450111, 5.37762737274, 10.2088384628, 14.8913230896, 16.30327034, 17.8842086792, 35.7905235291, 22.2697544098, 37.2917976379, 46.902053833, 30.3349380493, 37.7787628174, 24.9725837708, 27.3035926819, 24.7705974579, 25.8604240417, 31.4721393585, 19.1896438599, 23.8803024292, 20.8799362183, 14.4906082153, 11.9985437393, 15.5657958984, 12.3472661972, 9.99450111389, 11.9083490372, 16.5091590881, 11.6265306473, 7.36363506317, 5.1671872139, 3.0154800415, 1.58496069908, 0.78500443697, 0.26419994235, 0.060483455658, 0.00462879240513, 0.00011566808098, 4.1662449803e-05], "var": [0.0999697297812, 4.39935207367, 30.8620662689, 44.1888694763, 136.094970703, 456.075561523, 562.079650879, 777.521972656, 3158.71044922, 1261.60400391, 5696.04541016, 9960.55273438, 7134.59960938, 7986.11035156, 4265.69238281, 4052.93457031, 3451.29199219, 3247.23046875, 1984.52990723, 1049.63598633, 759.780822754, 383.695007324, 219.850097656, 189.064804077, 474.697113037, 244.90385437, 234.461242676, 976.16204834, 3504.6394043, 1848.18798828, 786.432678223, 264.320831299, 67.7191009521, 24.8615856171, 6.32834482193, 0.657217502594, 0.0218499824405, 0.000129654290504, 6.18796747176e-08, 1.45166356713e-09], "dmean2": [0.277014791965, 1.83367526531, 5.08881187439, 6.52259969711, 10.6886816025, 16.1023807526, 14.8848600388, 14.3882455826, 21.0914955139, 16.2306671143, 28.1352100372, 30.652639389, 20.7697200775, 25.357837677, 19.0875492096, 21.4531097412, 20.7882575989, 20.7251701355, 23.7691707611, 15.1578416824, 18.2081432343, 14.1062355042, 10.7855596542, 8.96023750305, 11.5696487427, 8.33648300171, 7.25294446945, 9.2482585907, 14.0030832291, 9.53674793243, 6.10759496689, 4.24281454086, 2.4593038559, 1.39854860306, 0.798590004444, 0.28831166029, 0.0732042640448, 0.00607921741903, 0.000122654440929, 2.74251833616e-05], "dvar": [0.133072063327, 7.27229785919, 46.9953689575, 45.940952301, 104.7967453, 428.922027588, 247.326507568, 282.05645752, 666.035583496, 500.084289551, 2596.47485352, 2904.40136719, 2142.91479492, 2377.74365234, 1350.87915039, 1563.06665039, 1348.68969727, 1612.38464355, 791.840576172, 469.07711792, 308.340057373, 138.132034302, 111.432411194, 94.8108215332, 179.992355347, 74.8734741211, 92.111946106, 432.855895996, 1758.26208496, 915.884094238, 409.612854004, 144.388916016, 36.0361289978, 14.4975471497, 3.43186926842, 0.359154522419, 0.0141118951142, 9.70790497377e-05, 3.83164646678e-08, 7.74413977389e-10], "min": [2.84654588524e-22, 3.50602360556e-21, 1.25533786022e-20, 2.27078817293e-20, 1.07565823686e-19, 1.05255695644e-19, 1.09709817673e-19, 2.98155674982e-19, 2.62495324238e-19, 7.55633470374e-19, 5.62039447728e-19, 1.57091948421e-18, 2.37417420774e-18, 1.57641372124e-18, 3.005377742e-18, 2.61297091083e-18, 4.41017299283e-18, 4.76962556879e-18, 7.42142805988e-18, 8.2739576223e-18, 1.0760047299e-17, 9.74684369282e-18, 1.4037433666e-17, 1.64284025353e-17, 1.31049000219e-17, 1.52794039968e-17, 2.22630152846e-17, 1.68661564417e-17, 1.79708131363e-17, 1.24349358382e-17, 1.87500387801e-17, 1.53318191234e-17, 1.34214628696e-17, 1.24887720611e-17, 7.36996998115e-18, 4.72564809793e-18, 2.68918733247e-18, 1.09431952196e-18, 3.25996506449e-19, 3.54468670594e-20], "median": [0.0157453306019, 0.27045571804, 1.28747534752, 3.27169036865, 6.79144001007, 8.60087203979, 8.53608608246, 8.06694793701, 15.0430965424, 9.82614707947, 12.5910282135, 9.7276802063, 8.17680644989, 9.58211898804, 5.84256649017, 7.7284488678, 8.64519882202, 11.1111850739, 16.1814537048, 10.1961803436, 16.0550117493, 15.5484323502, 10.3157491684, 8.11542320251, 8.84426689148, 6.7380771637, 5.04847288132, 4.36924266815, 5.1142373085, 3.45577096939, 2.11189603806, 1.58176338673, 1.11273741722, 0.523771941662, 0.177709177136, 0.0565559789538, 0.0121380593628, 0.000798828434199, 3.73962866433e-05, 3.27132584061e-05], "max": [2.43897795677, 19.8746185303, 56.8924598694, 77.4085922241, 257.111572266, 328.918151855, 445.288085938, 337.743438721, 685.166320801, 633.064697266, 1096.86816406, 1534.25476074, 1825.43334961, 1306.51220703, 1146.60095215, 1025.44567871, 1513.88928223, 1646.50158691, 735.318359375, 544.245056152, 463.964874268, 281.981109619, 211.433334351, 186.788375854, 307.053192139, 178.946014404, 253.93977356, 771.343139648, 1372.4309082, 846.561279297, 1042.0222168, 443.494171143, 160.814620972, 154.000061035, 61.604598999, 17.2914505005, 2.0273103714, 0.22221416235, 0.0047423527576, 0.000445317273261]}, "silence_rate_30dB": {"dmean": 0.000382885045838, "dvar2": 0.00114819454029, "mean": 0.999808549881, "var": 0.000191387545783, "dmean2": 0.00076584337512, "dvar": 0.000382742437068, "min": 0, "median": 1, "max": 1}, "silence_rate_60dB": {"dmean": 0.00402029277757, "dvar2": 0.00988803245127, "mean": 0.0562787130475, "var": 0.0531180687249, "dmean2": 0.00804135575891, "dvar": 0.00400327891111, "min": 0, "median": 0, "max": 1}, "spectral_energyband_middle_low": {"dmean": 0.00496315862983, "dvar2": 0.000133595342049, "mean": 0.0142963826656, "var": 0.000130727232317, "dmean2": 0.0078808311373, "dvar": 5.29537901457e-05, "min": 2.74280777319e-22, "median": 0.0115212965757, "max": 0.102127343416}, "spectral_spread": {"dmean": 519296.65625, "dvar2": 810584178688, "mean": 4917809.5, "var": 2155801608190.0, "dmean2": 748256.875, "dvar": 429513474048, "min": 648137.25, "median": 4847691.5, "max": 41235764}, "barkbands": {"dmean": [0.00082257273607, 0.00455342652276, 0.0025848983787, 0.00125727953855, 0.00253367680125, 0.00117612734903, 0.000930987356696, 0.000719783012755, 0.00088829518063, 0.000565251975786, 0.000229288023547, 0.000452860433143, 0.000280524574919, 0.00027656275779, 0.00026399732451, 0.000187555691809, 0.000201687100343, 0.000104935803392, 0.000134133631946, 0.000118193565868, 0.0001259099663, 0.000253054575296, 0.000153331522597, 0.000113477020932, 7.93776780483e-05, 3.1198731449e-05, 1.96884819559e-08], "dvar2": [6.17473097009e-06, 0.000383174628951, 0.000104909551737, 1.11823273983e-05, 5.82405809837e-05, 1.02634485302e-05, 7.17647344572e-06, 8.53202982398e-06, 1.02097083072e-05, 5.1452648222e-06, 1.02670196611e-06, 4.71469638796e-06, 1.432138788e-06, 1.2927298485e-06, 6.50254719403e-07, 2.44898131996e-07, 1.92449746805e-07, 7.73429107426e-08, 1.62718038155e-07, 9.38131989869e-08, 2.16972551925e-07, 2.4626197046e-06, 8.73235478593e-07, 4.12175580777e-07, 1.75173397565e-07, 1.55995660833e-08, 5.52127381358e-14], "mean": [0.000932640803512, 0.00380317424424, 0.00267244176939, 0.00189565098844, 0.00424011377618, 0.00233397562988, 0.00232647801749, 0