{"tonal": {"hpcp": {"dvar": [0.0427942238748, 0.0303855128586, 0.0291313435882, 0.037124235183, 0.0391969494522, 0.0329533293843, 0.0236739311367, 0.0181947983801, 0.020838111639, 0.0255459118634, 0.0264908112586, 0.0249423589557, 0.0247288681567, 0.0246805660427, 0.0331436805427, 0.0575917363167, 0.0699779167771, 0.0701937451959, 0.0733712762594, 0.0699342414737, 0.0515597574413, 0.0448592528701, 0.0362071953714, 0.0470456853509, 0.111253708601, 0.04989765957, 0.0401472523808, 0.0442753359675, 0.053165268153, 0.0539388991892, 0.0432406924665, 0.051129207015, 0.0521817840636, 0.055226046592, 0.0583675950766, 0.0543381981552], "var": [0.0300107579678, 0.0218628309667, 0.0260456837714, 0.0454709716141, 0.0597447417676, 0.0365492329001, 0.0192855689675, 0.0136873582378, 0.0152335390449, 0.0271122101694, 0.0314771942794, 0.0210753325373, 0.0236480422318, 0.026705801487, 0.0252598300576, 0.039670843631, 0.0501125045121, 0.0642630830407, 0.103668875992, 0.10818451643, 0.0511238873005, 0.0308922622353, 0.0238151047379, 0.0553738102317, 0.165286689997, 0.0671332031488, 0.035443905741, 0.0518780648708, 0.0647917240858, 0.0470281504095, 0.034613262862, 0.0378990210593, 0.04042288661, 0.0639248937368, 0.11378698796, 0.0619472227991], "median": [0.00575307803228, 0.00486640445888, 0.009356607683, 0.0246804840863, 0.029612949118, 0.0185651779175, 0.00447117583826, 0.00242975959554, 0.00601443182677, 0.0097860423848, 0.0127761550248, 0.0114850644022, 0.0068815452978, 0.00799124315381, 0.00845253840089, 0.00736758578569, 0.00887880288064, 0.0270708296448, 0.1064196527, 0.116140075028, 0.0434106588364, 0.00567353330553, 0.00362024386413, 0.03816793859, 0.0754221826792, 0.0943946167827, 0.0228730328381, 0.0269682258368, 0.022846031934, 0.0167674832046, 0.00673997355625, 0.00608640071005, 0.0102509502321, 0.0116250049323, 0.0108597911894, 0.00945981033146], "max": [1, 1, 1, 1, 1, 1, 1, 1, 1, 1, 1, 1, 1, 1, 1, 1, 1, 1, 1, 1, 1, 1, 1, 1, 1, 1, 1, 1, 1, 1, 1, 1, 1, 1, 1, 1], "dmean": [0.104620911181, 0.0803679376841, 0.0868695676327, 0.112583734095, 0.116792947054, 0.10068269819, 0.0694820657372, 0.0536535382271, 0.0556806921959, 0.0713250488043, 0.0764634460211, 0.0739560797811, 0.0709378048778, 0.0737777203321, 0.0898497402668, 0.123162582517, 0.154680117965, 0.181511089206, 0.209402501583, 0.209186732769, 0.152369126678, 0.105458535254, 0.0855452865362, 0.158800020814, 0.246471375227, 0.176963925362, 0.110406570137, 0.126558050513, 0.143253490329, 0.13138756156, 0.111136652529, 0.117010898888, 0.122452184558, 0.142296209931, 0.128932341933, 0.137577787042], "dmean2": [0.195972830057, 0.148685529828, 0.157093390822, 0.193710118532, 0.196443110704, 0.173907026649, 0.124932229519, 0.0973110944033, 0.101244479418, 0.128137528896, 0.136413350701, 0.1328894943, 0.126232847571, 0.131949365139, 0.163643285632, 0.230528861284, 0.291389256716, 0.329572111368, 0.364821583033, 0.358257353306, 0.267712265253, 0.194991528988, 0.160003691912, 0.285826742649, 0.444495528936, 0.312944591045, 0.196978002787, 0.217228084803, 0.247948437929, 0.233435079455, 0.200118526816, 0.214436307549, 0.225485578179, 0.257905989885, 0.234516993165, 0.250508874655], "mean": [0.0708710774779, 0.0560899302363, 0.0694410279393, 0.115418463945, 0.138213768601, 0.0977798253298, 0.0529174730182, 0.0380630642176, 0.0421153753996, 0.0710243806243, 0.0799617767334, 0.06054167822, 0.0602242685854, 0.0659080669284, 0.0668802782893, 0.0812454298139, 0.102299682796, 0.147574365139, 0.256212592125, 0.267848551273, 0.144554391503, 0.0710674449801, 0.0553550310433, 0.185771688819, 0.336073994637, 0.225592777133, 0.0981731042266, 0.136943459511, 0.156181499362, 0.107466362417, 0.0819548368454, 0.0830202922225, 0.088763974607, 0.142173498869, 0.187180384994, 0.133846476674], "dvar2": [0.120651096106, 0.0851462632418, 0.0799692124128, 0.0963912308216, 0.0903931409121, 0.087227538228, 0.0642286390066, 0.0497175343335, 0.058556497097, 0.0703765079379, 0.0709369406104, 0.0686783716083, 0.0661820098758, 0.0653506368399, 0.0915298610926, 0.15761937201, 0.194062873721, 0.193333998322, 0.182098597288, 0.169806227088, 0.135522171855, 0.125382840633, 0.101270958781, 0.122750408947, 0.26569801569, 0.124645084143, 0.107967816293, 0.112610466778, 0.132287666202, 0.142454355955, 0.1133043468, 0.138814136386, 0.140389129519, 0.151593223214, 0.146889358759, 0.152935683727], "min": [0, 0, 0, 0, 0, 0, 0, 0, 0, 0, 0, 0, 0, 0, 0, 0, 0, 0, 0, 0, 0, 0, 0, 0, 0, 0, 0, 0, 0, 0, 0, 0, 0, 0, 0, 0]}, "key_key": "D#", "thpcp": [1, 0.671259224415, 0.292117536068, 0.407480090857, 0.464723557234, 0.319769948721, 0.243859499693, 0.247029796243, 0.264120340347, 0.423042237759, 0.556961834431, 0.398264914751, 0.210879385471, 0.166897565126, 0.206624224782, 0.343431711197, 0.411259919405, 0.290947318077, 0.157457798719, 0.113257989287, 0.125315785408, 0.211335539818, 0.237929075956, 0.180143892765, 0.179199427366, 0.196111768484, 0.199004620314, 0.241748631001, 0.304396301508, 0.439112722874, 0.762369573116, 0.796992778778, 0.430126667023, 0.211463689804, 0.164710849524, 0.552770197392], "chords_key": "A#", "tuning_equal_tempered_deviation": 0.209503501654, "tuning_frequency": 434.193115234, "tuning_diatonic_strength": 0.495806097984, "chords_histogram": [12.8180780411, 0.626661598682, 11.4887962341, 11.5647554398, 4.74743652344, 13.6726169586, 2.48765659332, 1.27231299877, 0, 34.2764892578, 1.04443597794, 1.42423093319, 0.816559076309, 0.0949487313628, 0, 0, 0.0189897455275, 0, 0, 0, 0.493733376265, 0, 2.33573865891, 0.816559076309], "key_strength": 0.496471434832, "key_scale": "minor", "chords_strength": {"dvar": 9.73505739239e-05, "var": 0.00758739653975, "median": 0.445911616087, "max": 0.674402594566, "dmean": 0.0122357262298, "dmean2": 0.0141680464149, "mean": 0.449930250645, "dvar2": 0.000147984246723, "min": 0.239427834749}, "chords_number_rate": 0.00208887201734, "tuning_nontempered_energy_ratio": 0.855793952942, "hpcp_entropy": {"dvar": 0.446496933699, "var": 0.914035916328, "median": 2.0396695137, "max": 4.65384960175, "dmean": 0.786233186722, "dmean2": 1.30255448818, "mean": 2.12085866928, "dvar2": 1.09339797497, "min": 0}, "chords_changes_rate": 0.093049749732, "chords_scale": "major"}, "rhythm": {"bpm_histogram_first_peak_spread": {"dvar": 0, "var": 0, "median": 0.121281482279, "max": 0.121281482279, "dmean": 0, "dmean2": 0, "mean": 0.121281482279, "dvar2": 0, "min": 0.121281482279}, "bpm_histogram_first_peak_weight": {"dvar": 0, "var": 0, "median": 0.876712322235, "max": 0.876712322235, "dmean": 0, "dmean2": 0, "mean": 0.876712322235, "dvar2": 0, "min": 0.876712322235}, "bpm_histogram_first_peak_bpm": {"dvar": 0, "var": 0, "median": 108, "max": 108, "dmean": 0, "dmean2": 0, "mean": 108, "dvar2": 0, "min": 108}, "bpm": 107.94493866, "bpm_histogram_second_peak_weight": {"dvar": 0, "var": 0, "median": 0.00228310492821, "max": 0.00228310492821, "dmean": 0, "dmean2": 0, "mean": 0.00228310492821, "dvar2": 0, "min": 0.00228310492821}, "beats_loudness": {"dvar": 0.00357831711881, "var": 0.0040531149134, "median": 0.0656231939793, "max": 0.307663053274, "dmean": 0.0782140940428, "dmean2": 0.155564174056, "mean": 0.0817548707128, "dvar2": 0.0112091610208, "min": 5.0217717984e-08}, "beats_loudness_band_ratio": {"dvar": [0.0568258352578, 0.00766772124916, 0.00966110080481, 0.00404073670506, 0.00296577787958, 0.0152628095821], "var": [0.0968770906329, 0.00936592463404, 0.00934877526015, 0.00430692872033, 0.00345829455182, 0.0192844048142], "median": [0.684092760086, 0.113831304014, 0.0418325439095, 0.0335189513862, 0.0195259675384, 0.0451576709747], "max": [0.985146582127, 0.828714311123, 0.728594124317, 0.418650537729, 0.494454354048, 0.898028075695], "dmean": [0.496713042259, 0.116381876171, 0.0990383699536, 0.0818432122469, 0.0754937157035, 0.204456970096], "dmean2": [0.98863697052, 0.222902417183, 0.192454054952, 0.160606622696, 0.148711875081, 0.406565099955], "mean": [0.605010926723, 0.126604363322, 0.075665101409, 0.0549521781504, 0.0453134290874, 0.122264906764], "dvar2": [0.188561931252, 0.0219988618046, 0.0271067544818, 0.0122744888067, 0.00921534840018, 0.0463070571423], "min": [0.00128014758229, 0.00169227691367, 6.94857371855e-05, 5.85717934882e-05, 4.6385666792e-05, 0.000116412462376]}, "bpm_histogram_second_peak_bpm": {"dvar": 0, "var": 0, "median": 115, "max": 115, "dmean": 0, "dmean2": 0, "mean": 115, "dvar2": 0, "min": 115}, "onset_rate": 4.30234622955, "beats_count": 439, "beats_position": [0.510838985443, 1.03328800201, 1.5673469305, 2.10140585899, 2.63546490669, 3.16952371597, 3.7151927948, 4.27247142792, 4.82975053787, 5.38702917099, 5.94430828094, 6.48997735977, 7.03564596176, 7.59292507172, 8.15020370483, 8.70748329163, 9.26476192474, 9.82204055786, 10.379319191, 10.9365987778, 11.4938774109, 12.051156044, 12.6084346771, 13.1657142639, 13.722992897, 14.2802715302, 14.8375511169, 15.3832197189, 15.9404983521, 16.4861679077, 17.0434455872, 17.600725174, 18.1580047607, 18.7152824402, 19.272562027, 19.8298416138, 20.3871192932, 20.94439888, 21.5016784668, 22.0589561462, 22.616235733, 23.1735134125, 23.7307929993, 24.2880725861, 24.8453502655, 25.4026298523, 25.9599094391, 26.5171871185, 27.0744667053, 27.620136261, 28.1774139404, 28.7230834961, 29.2803630829, 29.8376407623, 30.3949203491, 30.9521980286, 31.5094776154, 32.0667572021, 32.6240348816, 33.1813163757, 33.7385940552, 34.2958717346, 34.8531494141, 35.4104309082, 35.9677085876, 36.5249862671, 37.0822677612, 37.6395454407, 38.1852149963, 38.730884552, 39.2881622314, 39.8454399109, 40.402721405, 40.9599990845, 41.5172767639, 42.0745582581, 42.6318359375, 43.1891136169, 43.7463951111, 44.3036727905, 44.86095047, 45.4182319641, 45.9755096436, 46.532787323, 47.0900688171, 47.6473464966, 48.204624176, 48.7619056702, 49.3191833496, 49.8764610291, 50.4221305847, 50.9678001404, 51.5250778198, 52.0823554993, 52.6396369934, 53.1969146729, 53.7541923523, 54.3114738464, 54.8687515259, 55.4260292053, 55.9833106995, 56.5405883789, 57.0978660583, 57.6551475525, 58.2124252319, 58.7697029114, 59.3269844055, 59.8726501465, 60.4183197021, 60.9756011963, 61.5328788757, 62.0901565552, 62.6474380493, 63.2047157288, 63.7619934082, 64.3192749023, 64.8765487671, 65.4338302612, 65.9911117554, 66.5483856201, 67.1056671143, 67.6629486084, 68.2202224731, 68.7775039673, 69.3347854614, 69.8920593262, 70.4493408203, 70.995010376, 71.5522918701, 72.1095657349, 72.6552352905, 73.2125167847, 73.7697982788, 74.3270721436, 74.8843536377, 75.4416275024, 75.9989089966, 76.5561904907, 77.1134643555, 77.6707458496, 78.2280273438, 78.7853012085, 79.3425827026, 79.8998641968, 80.4571380615, 81.0144195557, 81.5717010498, 82.1173706055, 82.6630401611, 83.2203140259, 83.77759552, 84.3348770142, 84.8921508789, 85.449432373, 86.0067138672, 86.5639877319, 87.1212692261, 87.6785507202, 88.235824585, 88.7931060791, 89.3503875732, 89.907661438, 90.4649429321, 91.0222167969, 91.579498291, 92.1367797852, 92.6940536499, 93.251335144, 93.7970046997, 94.3426742554, 94.8999557495, 95.4572296143, 96.0145111084, 96.5717926025, 97.1290664673, 97.6863479614, 98.2436294556, 98.8009033203, 99.3581848145, 99.9154663086, 100.472740173, 101.030021667, 101.587303162, 102.144577026, 102.701858521, 103.247528076, 103.804801941, 104.362083435, 104.907752991, 105.465034485, 106.02230835, 106.579589844, 107.136871338, 107.694145203, 108.251426697, 108.808708191, 109.365982056, 109.92326355, 110.480545044, 111.037818909, 111.595100403, 112.152381897, 112.709655762, 113.266937256, 113.82421875, 114.381492615, 114.938774109, 115.484443665, 116.03011322, 116.587387085, 117.144668579, 117.701950073, 118.259223938, 118.816505432, 119.373786926, 119.931060791, 120.488342285, 121.045623779, 121.602897644, 122.160179138, 122.717460632, 123.274734497, 123.832015991, 124.389297485, 124.94657135, 125.492240906, 126.0495224, 126.595191956, 127.15246582, 127.709747314, 128.267028809, 128.824310303, 129.381591797, 129.938858032, 130.496139526, 131.053421021, 131.610702515, 132.167984009, 132.725265503, 133.282531738, 133.839813232, 134.397094727, 134.954376221, 135.511657715, 136.068939209, 136.626205444, 137.171875, 137.717544556, 138.27482605, 138.832107544, 139.389389038, 139.946670532, 140.503936768, 141.061218262, 141.618499756, 142.17578125, 142.733062744, 143.290344238, 143.847610474, 144.404891968, 144.9737854, 145.531066895, 146.088348389, 146.634017944, 147.19128418, 147.748565674, 148.305847168, 148.863128662, 149.408798218, 149.954467773, 150.511749268, 151.069015503, 151.626296997, 152.183578491, 152.740859985, 153.298141479, 153.855422974, 154.412689209, 154.969970703, 155.527252197, 156.084533691, 156.641815186, 157.19909668, 157.756362915, 158.313644409, 158.870925903, 159.428207397, 159.973876953, 160.531158447, 161.076828003, 161.622497559, 162.191375732, 162.748657227, 163.305938721, 163.863220215, 164.420501709, 164.977767944, 165.535049438, 166.092330933, 166.649612427, 167.206893921, 167.764175415, 168.32144165, 168.878723145, 169.436004639, 169.993286133, 170.538955688, 171.084625244, 171.641906738, 172.199172974, 172.756454468, 173.313735962, 173.871017456, 174.42829895, 174.985580444, 175.54284668, 176.100128174, 176.657409668, 177.214691162, 177.771972656, 178.32925415, 178.886520386, 179.44380188, 180.001083374, 180.558364868, 181.115646362, 181.661315918, 182.206985474, 182.764266968, 183.321533203, 183.878814697, 184.436096191, 184.993377686, 185.55065918, 186.107940674, 186.665206909, 187.222488403, 187.779769897, 188.337051392, 188.894332886, 189.451599121, 190.008880615, 190.554550171, 191.111831665, 191.669113159, 192.226394653, 192.772064209, 193.329345703, 193.886611938, 194.443893433, 195.001174927, 195.558456421, 196.115737915, 196.673019409, 197.230285645, 197.787567139, 198.344848633, 198.902130127, 199.459411621, 200.016693115, 200.573959351, 201.131240845, 201.688522339, 202.245803833, 202.803085327, 203.360351563, 203.917633057, 204.463302612, 205.008972168, 205.566253662, 206.123535156, 206.68081665, 207.238098145, 207.79536438, 208.352645874, 208.909927368, 209.467208862, 210.024490356, 210.581771851, 211.139038086, 211.69631958, 212.253601074, 212.810882568, 213.368164063, 213.925445557, 214.482711792, 215.028381348, 215.574050903, 216.131332397, 216.688613892, 217.245895386, 217.80317688, 218.360443115, 218.917724609, 219.475006104, 220.032287598, 220.589569092, 221.146850586, 221.704116821, 222.261398315, 222.81867981, 223.375961304, 223.933242798, 224.478912354, 225.036193848, 225.593460083, 226.139129639, 226.696411133, 227.253692627, 227.810974121, 228.368255615, 228.925521851, 229.482803345, 230.040084839, 230.597366333, 231.154647827, 231.711929321, 232.269195557, 232.826477051, 233.383758545, 233.941040039, 234.498321533, 235.055603027, 235.612869263, 236.170150757, 236.715820313, 237.261489868, 237.818771362, 238.376052856, 238.933334351, 239.490600586, 240.04788208, 240.605163574, 241.162445068, 241.719726563, 242.277008057, 242.834274292, 243.391555786, 243.94883728], "danceability": 1.46605539322, "bpm_histogram_second_peak_spread": {"dvar": 0, "var": 0, "median": 0, "max": 0, "dmean": 0, "dmean2": 0, "mean": 0, "dvar2": 0, "min": 0}}, "lowlevel": {"spectral_flux": {"dvar": 0.00528628984466, "var": 0.0101560214534, "median": 0.0605766884983, "max": 0.667685508728, "dmean": 0.0478185042739, "dmean2": 0.0735457018018, "mean": 0.096865400672, "dvar2": 0.0113587006927, "min": 6.82506620664e-11}, "spectral_rolloff": {"dvar": 2631092.25, "var": 6412459, "median": 409.130859375, "max": 19767.4804688, "dmean": 704.263183594, "dmean2": 1168.09240723, "mean": 1395.78564453, "dvar2": 5356024.5, "min": 43.06640625}, "barkbands_flatness_db": {"dvar": 0.00241121649742, "var": 0.00923401769251, "median": 0.190395921469, "max": 0.629228591919, "dmean": 0.0458861328661, "dmean2": 0.0637130513787, "mean": 0.198664024472, "dvar2": 0.0047768894583, "min": 0.0135558135808}, "spectral_centroid": {"dvar": 283239.25, "var": 766276.8125, "median": 792.749267578, "max": 10951.6494141, "dmean": 363.915618896, "dmean2": 540.582641602, "mean": 1069.04162598, "dvar2": 550122.375, "min": 79.817779541}, "melbands_skewness": {"dvar": 6.81610822678, "var": 15.6902894974, "median": 3.03754878044, "max": 38.6396903992, "dmean": 1.87400364876, "dmean2": 2.73734474182, "mean": 4.29518079758, "dvar2": 15.0987138748, "min": -4.70447635651}, "melbands": {"dvar": [0.000112504618301, 0.000188144505955, 1.67005771345e-06, 2.33742426303e-07, 2.31120040439e-07, 4.4837716473e-07, 1.90703772773e-07, 2.42141471318e-08, 3.33485985493e-08, 4.33482831852e-08, 4.06551272647e-08, 2.83523426958e-08, 3.28229781132e-08, 2.37643416057e-08, 2.21828369007e-08, 6.35515151615e-09, 4.12238643221e-09, 4.20768797582e-09, 2.01022154478e-09, 2.1440753617e-09, 1.43890510618e-09, 1.5423899935e-09, 9.31877464083e-10, 8.94968432696e-10, 2.33951236162e-09, 1.63537361431e-09, 2.90014873228e-10, 1.31862215591e-10, 1.65068986258e-10, 8.98565735707e-11, 2.10084963315e-10, 4.51645693067e-10, 3.74846043094e-10, 3.02746216985e-10, 4.41978786903e-10, 9.43178729562e-11, 7.32077246046e-11, 5.09129995108e-11, 2.3634918675e-11, 1.03992578437e-11], "var": [0.000129189764266, 0.000175668857992, 1.33323101181e-06, 2.50410607805e-07, 4.30908642102e-07, 8.43011264351e-07, 3.87323638051e-07, 6.72861375506e-08, 7.97368144845e-08, 7.16616384011e-08, 7.61053229326e-08, 7.54802087499e-08, 5.82042609665e-08, 4.59819808896e-08, 5.28385939447e-08, 8.66844640512e-09, 1.18206351374e-08, 9.54430312561e-09, 2.81342837916e-09, 4.79977968482e-09, 4.31091384812e-09, 1.52492141137e-09, 7.7277506616e-10, 9.03994101797e-10, 1.70674696598e-09, 1.34664901452e-09, 2.63842558912e-10, 1.42063819042e-10, 1.50259762965e-10, 9.31863614051e-11, 1.83581455593e-10, 3.32358612853e-10, 3.08229552992e-10, 2.63662508493e-10, 3.51935369736e-10, 9.59269122469e-11, 7.44205877479e-11, 4.78169691343e-11, 2.30320641031e-11, 1.1671686187e-11], "median": [0.00224609882571, 0.000824759074021, 0.000138191258884, 0.000181471696123, 0.00033309290302, 0.000268803298241, 5.98744300078e-05, 6.79056620356e-06, 7.94526749814e-06, 1.23635281852e-05, 6.31007378615e-06, 5.90477293372e-06, 4.75390470456e-06, 2.8904280498e-06, 2.53857751886e-06, 1.91337903743e-06, 1.39444705383e-06, 1.12452323719e-06, 1.04991136141e-06, 8.96794801974e-07, 8.96236940662e-07, 5.83378039209e-07, 4.72382822636e-07, 6.23174571501e-07, 6.99858901498e-07, 5.34249466e-07, 4.10150846619e-07, 3.70274563011e-07, 3.28821272433e-07, 2.55039424246e-07, 1.82135693194e-07, 3.27976351855e-07, 2.71383868267e-07, 1.9556095765e-07, 3.58695956493e-07, 3.02673413444e-07, 1.57940846179e-07, 5.69090126135e-08, 6.46659685799e-08, 1.1863316729e-07], "max": [0.0941215828061, 0.124913990498, 0.0135992951691, 0.00675308797508, 0.00783671531826, 0.0126038435847, 0.0087488219142, 0.00421782629564, 0.0045743053779, 0.00743154529482, 0.00890925433487, 0.00645500281826, 0.00599024398252, 0.00322697777301, 0.00583374779671, 0.00190927973017, 0.00210561277345, 0.00240705325268, 0.00111470511183, 0.00237497105263, 0.00194834091235, 0.000683161371853, 0.00044869267731, 0.00061844731681, 0.00057600333821, 0.000453957996797, 0.000209107922274, 0.000129808220663, 0.000173179068952, 0.000102644764411, 0.000342067127349, 0.00048312760191, 0.000610907969531, 0.000214185900404, 0.000224933042773, 0.000188193123904, 0.000286568712909, 0.000188545294804, 0.000154440596816, 7.52712949179e-05], "dmean": [0.00433551380411, 0.00495346216485, 0.000551736156922, 0.000257777777733, 0.000267443072516, 0.000349797017407, 0.000186889068573, 5.91070165683e-05, 6.69165965519e-05, 7.47220547055e-05, 5.56663289899e-05, 5.28231976205e-05, 6.00837338425e-05, 4.88793084514e-05, 4.10496359109e-05, 2.4473083613e-05, 1.8262418962e-05, 1.55004854605e-05, 1.42535363921e-05, 1.11580011435e-05, 1.00911920526e-05, 1.14050808406e-05, 9.15031159821e-06, 8.52001994645e-06, 1.30655726025e-05, 1.1403643839e-05, 5.35345088792e-06, 4.37976541434e-06, 4.55821236756e-06, 3.28468217958e-06, 3.90621289625e-06, 5.89568207943e-06, 5.01951535625e-06, 6.65073685013e-06, 7.51884363126e-06, 3.72725776288e-06, 3.07507821162e-06, 2.52221070696e-06, 1.67164068898e-06, 1.29046759412e-06], "dmean2": [0.00669922726229, 0.00794034358114, 0.00098413345404, 0.000424186495366, 0.000418203620939, 0.000564755639061, 0.000301250023767, 9.16511708056e-05, 9.98299656203e-05, 0.000115732938866, 8.56042315718e-05, 8.06961397757e-05, 9.84302096185e-05, 7.49827959226e-05, 6.15189346718e-05, 3.96971954615e-05, 2.60726956185e-05, 2.2419337256e-05, 2.27285618166e-05, 1.64119719557e-05, 1.54523095262e-05, 1.9447892555e-05, 1.52911052282e-05, 1.38566438181e-05, 2.18454370042e-05, 1.83247611858e-05, 8.47041519592e-06, 6.91585955792e-06, 7.40050427339e-06, 5.05143225382e-06, 6.11795849181e-06, 1.00250299511e-05, 7.86580130807e-06, 1.06930383481e-05, 1.24988400785e-05, 5.85403768127e-06, 4.95000813316e-06, 4.18440095018e-06, 2.71113344752e-06, 2.02548153538e-06], "mean": [0.00570285925642, 0.00494255777448, 0.000553740654141, 0.000331372284563, 0.00049928057706, 0.000651512353215, 0.000289332558168, 8.18230473669e-05, 0.000106013656477, 0.000112331319542, 7.91182028479e-05, 7.40172399674e-05, 6.77177449688e-05, 6.277407374e-05, 5.34696227987e-05, 2.8179056244e-05, 2.59364132944e-05, 1.97233166546e-05, 1.56085607159e-05, 1.4299472241e-05, 1.23978934425e-05, 1.01786536106e-05, 8.00514862931e-06, 8.37929837871e-06, 1.08365948108e-05, 9.70794917521e-06, 5.07588811161e-06, 4.51114101452e-06, 4.41597467216e-06, 3.22152186527e-06, 3.5336813653e-06, 4.61155786979e-06, 4.44420038548e-06, 5.33804177394e-06, 6.00580278842e-06, 3.54335952579e-06, 2.7171658985e-06, 1.97407825908e-06, 1.40358440603e-06, 1.2291989151e-06], "dvar2": [0.000250404234976, 0.000466531550046, 4.9313512136e-06, 6.0675529312e-07, 5.67242807392e-07, 1.14936210593e-06, 4.83513304061e-07, 5.42591251929e-08, 6.88942947136e-08, 1.00738006381e-07, 9.45100779859e-08, 5.61916557729e-08, 7.96945442971e-08, 5.39424149792e-08, 4.72549501751e-08, 1.52498618178e-08, 8.06225486372e-09, 7.52298667805e-09, 4.67579441832e-09, 4.24657908837e-09, 2.90196822128e-09, 4.08400335772e-09, 2.45096520857e-09, 2.30000796186e-09, 6.28161789251e-09, 4.13748368899e-09, 7.26416760077e-10, 3.26839832976e-10, 4.29727226026e-10, 1.98740829349e-10, 5.08479036654e-10, 1.18483201028e-09, 9.3252683353e-10, 7.38345662388e-10, 1.13707776528e-09, 2.21406726286e-10, 1.7992883572e-10, 1.30402091902e-10, 5.66265472013e-11, 2.4119381839e-11], "min": [5.72214299326e-24, 1.12958302528e-23, 4.88739404918e-24, 2.61493790119e-23, 1.00174606455e-23, 1.24209336525e-23, 1.28392934118e-23, 1.09256817277e-23, 7.11788642578e-24, 7.1815017469e-24, 2.71173578854e-24, 7.89816058005e-24, 5.46583222439e-24, 5.50877347334e-24, 7.77219763729e-24, 5.93914442879e-24, 8.30134581099e-24, 8.53450154013e-24, 4.86925103722e-24, 6.97558617367e-24, 1.32281150634e-23, 8.65593721016e-24, 8.85854272303e-24, 8.58387161103e-24, 7.87558811411e-24, 8.13160266571e-24, 8.37227071725e-24, 7.55834375677e-24, 1.23064565245e-23, 6.69800968695e-24, 9.70364467763e-24, 1.15727070199e-23, 1.06862411437e-23, 8.20159040522e-24, 8.98178725112e-24, 1.00330477481e-23, 8.45927734193e-24, 7.48927425135e-24, 8.06309877356e-24, 1.03486504859e-23]}, "spectral_decrease": {"dvar": 2.10888995721e-16, "var": 2.693644711e-16, "median": -5.41012035171e-09, "max": 1.37445315258e-15, "dmean": 6.67347377359e-09, "dmean2": 9.90983117788e-09, "mean": -1.00493835475e-08, "dvar2": 4.58019990157e-16, "min": -1.35456900807e-07}, "barkbands_kurtosis": {"dvar": 2097.31518555, "var": 2857.33398438, "median": 6.36983919144, "max": 738.344482422, "dmean": 18.6817359924, "dmean2": 29.3468933105, "mean": 22.8028640747, "dvar2": 5163.93896484, "min": -1.9528260231}, "silence_rate_30dB": {"dvar": 0.0663203522563, "var": 0.0842382311821, "median": 1, "max": 1, "dmean": 0.0714150071144, "dmean2": 0.142843574286, "mean": 0.907131314278, "dvar2": 0.127561464906, "min": 0}, "gfcc": {"mean": [-85.1332778931, 81.6805725098, -68.2873687744, 33.4685211182, -55.3056411743, 18.9585189819, -33.1748352051, 9.78733158112, -20.417760849, 9.27016448975, -7.04377269745, 12.7545948029, -6.1488199234], "cov": [[25467.3554688, -279.499938965, -1675.3671875, 288.630828857, -552.744140625, 450.65802002, -329.1980896, 282.537994385, -304.338470459, 441.974182129, -30.3827152252, 363.931304932, -179.671112061], [-279.499938965, 2247.30737305, -28.8669013977, -307.513977051, 294.671661377, -180.168533325, 90.761680603, -59.6085128784, 18.7280960083, 5.4401049614, 250.353744507, -86.7483062744, 219.191146851], [-1675.3671875, -28.8669013977, 1884.45092773, 546.792419434, 141.801239014, 228.958877563, 98.4748840332, -93.6585083008, 92.4156036377, 14.0445241928, 22.2128124237, 76.5461120605, -52.9913215637], [288.630828857, -307.513977051, 546.792419434, 826.864196777, 184.20199585, 38.6332397461, 13.0063095093, -9.88449478149, 28.9575710297, -5.97020530701, -42.0767822266, 19.5912284851, -10.0073041916], [-552.744140625, 294.671661377, 141.801239014, 184.20199585, 463.837219238, 87.9618835449, 91.7984237671, 0.664436817169, 57.1476135254, -2.56206703186, 73.5195159912, -29.9204826355, 46.7390060425], [450.65802002, -180.168533325, 228.958877563, 38.6332397461, 87.9618835449, 387.419799805, 144.402053833, 37.1431541443, 6.70611476898, 53.374458313, -21.4833698273, 13.1497793198, -73.5637283325], [-329.1980896, 90.761680603, 98.4748840332, 13.0063095093, 91.7984237671, 144.402053833, 279.572784424, 39.3901901245, 25.5039539337, -10.2141695023, 22.1168193817, -45.1029281616, -17.2717494965], [282.537994385, -59.6085128784, -93.6585083008, -9.88449478149, 0.664436817169, 37.1431541443, 39.3901901245, 187.65663147, 48.9798355103, 3.043643713, -48.8572731018, 8.18938922882, -32.8309059143], [-304.338470459, 18.7280960083, 92.4156036377, 28.9575710297, 57.1476135254, 6.70611476898, 25.5039539337, 48.9798355103, 152.972000122, 14.5648269653, -2.96147537231, -3.78269600868, 8.11803817749], [441.974182129, 5.4401049614, 14.0445241928, -5.97020530701, -2.56206703186, 53.374458313, -10.2141695023, 3.043643713, 14.5648269653, 140.549179077, 47.7325439453, 31.6111755371, 8.08055305481], [-30.3827152252, 250.353744507, 22.2128124237, -42.0767822266, 73.5195159912, -21.4833698273, 22.1168193817, -48.8572731018, -2.96147537231, 47.7325439453, 218.988479614, 54.3732261658, 67.1971130371], [363.931304932, -86.7483062744, 76.5461120605, 19.5912284851, -29.9204826355, 13.1497793198, -45.1029281616, 8.18938922882, -3.78269600868, 31.6111755371, 54.3732261658, 142.677627563, 27.5492076874], [-179.671112061, 219.191146851, -52.9913215637, -10.0073041916, 46.7390060425, -73.5637283325, -17.2717494965, -32.8309059143, 8.11803817749, 8.08055305481, 67.1971130371, 27.5492076874, 143.33493042]], "icov": [[5.83050423302e-05, -5.4684245697e-05, 9.77711024461e-05, -0.00012218329357, 0.000108906468085, -0.000150571999256, 7.89057085058e-05, -3.75188537873e-05, 5.25687792106e-05, -0.000108105494292, -1.55711643401e-06, -0.000148122620885, 0.000104766266304], [-5.4684245697e-05, 0.000808076059911, -0.000283615634544, 0.000543559785001, -0.000568185641896, 0.000553716963623, -0.000219311972614, -0.000221775553655, 0.000219905195991, -3.32113195327e-05, -0.000502407783642, 0.000863830267917, -0.00092002202291], [9.77711024461e-05, -0.000283615634544, 0.00104044179898, -0.000814293161966, 0.00039056915557, -0.000763236894272, -3.35627055392e-06, 0.000735724810511, -0.000662460224703, 7.87946191849e-05, 1.51161812028e-05, -0.000942982442211, 0.000740344228689], [-0.00012218329357, 0.000543559785001, -0.000814293161966, 0.00224771001376, -0.00132869277149, 0.000993718509562, -0.00027476096875, -0.000119539843581, 0.000353965966497, -0.000132313507493, 0.000567296054214, 0.000253290665569, -0.000572944816668], [0.000108906468085, -0.000568185641896, 0.00039056915557, -0.00132869277149, 0.00379311293364, -0.00171260477509, 0.000221820315346, -0.000154758119606, -0.00107246974949, 0.000736102228984, -0.00132555200253, 0.00080798153067, -0.000582136795856], [-0.000150571999256, 0.000553716963623, -0.000763236894272, 0.000993718509562, -0.00171260477509, 0.00540462788194, -0.00269196042791, 1.47062189626e-06, 0.000880520034116, -0.0020905775018, 0.00126746867318, -0.000985861872323, 0.00142319838051], [7.89057085058e-05, -0.000219311972614, -3.35627055392e-06, -0.00027476096875, 0.000221820315346, -0.00269196042791, 0.00587563728914, -0.00148904789239, -0.000320378167089, 0.00137719034683, -0.00185569480527, 0.00239845947362, -0.000323631189531], [-3.75188537873e-05, -0.000221775553655, 0.000735724810511, -0.000119539843581, -0.000154758119606, 1.47062189626e-06, -0.00148904789239, 0.00769799668342, -0.00272792181931, -0.000207148885238, 0.00215049716644, -0.00256414921023, 0.0018416197272], [5.25687792106e-05, 0.000219905195991, -0.000662460224703, 0.000353965966497, -0.00107246974949, 0.000880520034116, -0.000320378167089, -0.00272792181931, 0.00845880340785, -0.00150031317025, 0.000354355259333, 0.000678769894876, -0.00104348931927], [-0.000108105494292, -3.32113195327e-05, 7.87946191849e-05, -0.000132313507493, 0.000736102228984, -0.0020905775018, 0.00137719034683, -0.000207148885238, -0.00150031317025, 0.00941449403763, -0.00256014568731, -2.77855669992e-05, -0.000499508983921], [-1.55711643401e-06, -0.000502407783642, 1.51161812028e-05, 0.000567296054214, -0.00132555200253, 0.00126746867318, -0.00185569480527, 0.00215049716644, 0.000354355259333, -0.00256014568731, 0.00827571097761, -0.00390709005296, -0.000841301050968], [-0.000148122620885, 0.000863830267917, -0.000942982442211, 0.000253290665569, 0.00080798153067, -0.000985861872323, 0.00239845947362, -0.00256414921023, 0.000678769894876, -2.77855669992e-05, -0.00390709005296, 0.0117107853293, -0.00336136878468], [0.000104766266304, -0.00092002202291, 0.000740344228689, -0.000572944816668, -0.000582136795856, 0.00142319838051, -0.000323631189531, 0.0018416197272, -0.00104348931927, -0.000499508983921, -0.000841301050968, -0.00336136878468, 0.0111794276163]]}, "silence_rate_20dB": {"dvar": 0.00132788193878, "var": 0.000759000249673, "median": 1, "max": 1, "dmean": 0.0013295346871, "dmean2": 0.00265932176262, "mean": 0.999240338802, "dvar2": 0.00379222654738, "min": 0}, "barkbands_skewness": {"dvar": 3.27726912498, "var": 8.25293731689, "median": 2.14764809608, "max": 25.1331386566, "dmean": 1.38356137276, "dmean2": 2.01416969299, "mean": 2.87206149101, "dvar2": 7.33457517624, "min": -7.53328275681}, "erbbands_skewness": {"dvar": 0.58131313324, "var": 1.87099373341, "median": 0.745568931103, "max": 10.361787796, "dmean": 0.69576561451, "dmean2": 0.997374355793, "mean": 0.804494261742, "dvar2": 1.16782534122, "min": -4.69437551498}, "spectral_contrast_valleys": {"dvar": [0.369464814663, 0.509507596493, 0.535431265831, 0.504904866219, 0.52292317152, 0.580149173737], "var": [3.14530539513, 2.62385129929, 2.62759327888, 2.63742494583, 2.80713939667, 2.93512129784], "median": [-6.9286570549, -7.94460296631, -8.43133831024, -8.91700553894, -8.74468326569, -10.6531639099], "max": [-4.91658258438, -4.96577978134, -4.7597489357, -5.64545059204, -5.19169139862, -7.31012439728], "dmean": [0.536171555519, 0.693916261196, 0.673901736736, 0.633509516716, 0.635492503643, 0.693807065487], "dmean2": [0.783774018288, 1.01231539249, 0.946609973907, 0.872305810452, 0.81379109621, 0.806038141251], "mean": [-7.56569051743, -8.09508228302, -8.5922908783, -9.07679367065, -8.83941841125, -10.7372274399], "dvar2": [0.669027268887, 0.973004996777, 1.06218206882, 0.96484041214, 1.02938723564, 1.02715873718], "min": [-27.5067386627, -27.4394245148, -27.3987236023, -27.457775116, -27.1831512451, -27.2206077576]}, "spectral_strongpeak": {"dvar": 0.633459210396, "var": 1.07892858982, "median": 0.257620424032, "max": 13.2602958679, "dmean": 0.370225638151, "dmean2": 0.615372538567, "mean": 0.594626784325, "dvar2": 1.55488467216, "min": 0}, "erbbands_crest": {"dvar": 10.1466646194, "var": 27.6308994293, "median": 9.57227325439, "max": 31.6053237915, "dmean": 3.29180288315, "dmean2": 5.12394142151, "mean": 10.61693573, "dvar2": 22.3063011169, "min": 2.27525901794}, "barkbands_crest": {"dvar": 10.665640831, "var": 28.242269516, "median": 12.7940320969, "max": 26.4979763031, "dmean": 3.48125624657, "dmean2": 5.43581914902, "mean": 13.3218669891, "dvar2": 25.0754528046, "min": 1.98020756245}, "spectral_energyband_middle_low": {"dvar": 3.55862539436e-05, "var": 7.20405223547e-05, "median": 0.00612376863137, "max": 0.0765103623271, "dmean": 0.00389906903729, "dmean2": 0.00617581326514, "mean": 0.00808612909168, "dvar2": 8.82092863321e-05, "min": 3.22665062381e-22}, "spectral_contrast_coeffs": {"dvar": [0.00241030100733, 0.00337640265934, 0.00204891804606, 0.00152494129725, 0.000890656025149, 0.000502511335071], "var": [0.00627896282822, 0.0194584243, 0.0114899883047, 0.00878495443612, 0.00425250409171, 0.00188106577843], "median": [-0.719225227833, -0.660297453403, -0.799738645554, -0.826963245869, -0.826951384544, -0.795498490334], "max": [-0.291891157627, -0.298269599676, -0.399063408375, -0.406750619411, -0.537220776081, -0.592022299767], "dmean": [0.0556146390736, 0.0626911818981, 0.0486042201519, 0.0392653495073, 0.0298320185393, 0.0232644919306], "dmean2": [0.0895195454359, 0.0960016101599, 0.0725807994604, 0.0586874037981, 0.0443617366254, 0.0355935841799], "mean": [-0.71140563488, -0.647185325623, -0.771898210049, -0.797220885754, -0.81227260828, -0.795723795891], "dvar2": [0.00625622319058, 0.00682377582416, 0.00374682969414, 0.00286654382944, 0.00170477549545, 0.00110882672016], "min": [-0.970651805401, -0.996542870998, -0.999052286148, -0.988138794899, -0.988839745522, -0.962281346321]}, "hfc": {"dvar": 1311.01257324, "var": 1297.49914551, "median": 6.69038057327, "max": 401.469482422, "dmean": 15.614736557, "dmean2": 24.1546535492, "mean": 19.1834278107, "dvar2": 3212.68310547, "min": 1.14615032413e-16}, "spectral_energyband_high": {"dvar": 1.13791056719e-05, "var": 1.07297801151e-05, "median": 0.000126465340145, "max": 0.0471194460988, "dmean": 0.00129943503998, "dmean2": 0.00203576567583, "mean": 0.00119656103197, "dvar2": 2.73350779025e-05, "min": 7.72134246948e-21}, "erbbands_spread": {"dvar": 417.725311279, "var": 1183.21276855, "median": 41.5658378601, "max": 216.922653198, "dmean": 17.4670658112, "dmean2": 25.0858230591, "mean": 48.3967094421, "dvar2": 821.509521484, "min": 0.529051840305}, "dissonance": {"dvar": 0.000999625888653, "var": 0.00267731864005, "median": 0.453478753567, "max": 0.5, "dmean": 0.0309698432684, "dmean2": 0.0490623228252, "mean": 0.438999652863, "dvar2": 0.00242903665639, "min": 0.116181865335}, "spectral_kurtosis": {"dvar": 26.616186142, "var": 69.4095993042, "median": 3.36538910866, "max": 143.515213013, "dmean": 2.82378149033, "dmean2": 4.15848922729, "mean": 5.89798974991, "dvar2": 52.9214057922, "min": -1.24947750568}, "spectral_skewness": {"dvar": 0.28558781743, "var": 0.971086084843, "median": 1.60569810867, "max": 10.4984273911, "dmean": 0.416003108025, "dmean2": 0.57894974947, "mean": 1.82309818268, "dvar2": 0.540367841721, "min": -0.289798468351}, "pitch_salience": {"dvar": 0.0106727676466, "var": 0.0252746194601, "median": 0.45095255971, "max": 0.996096491814, "dmean": 0.101373195648, "dmean2": 0.162238672376, "mean": 0.455270141363, "dvar2": 0.0261882357299, "min": 0.0203630886972}, "spectral_complexity": {"dvar": 62.1241531372, "var": 106.857574463, "median": 7, "max": 62, "dmean": 4.31832838058, "dmean2": 6.2632727623, "mean": 9.1431016922, "dvar2": 109.832061768, "min": 0}, "spectral_spread": {"dvar": 1615020556290.0, "var": 6658905341950.0, "median": 5669844.5, "max": 39799636, "dmean": 1107402.5, "dmean2": 1478494.75, "mean": 6099545.5, "dvar2": 2866044207100.0, "min": 558623.3125}, "dynamic_complexity": 6.78570890427, "melbands_crest": {"dvar": 15.4360847473, "var": 41.1531410217, "median": 18.3208580017, "max": 38.6882705688, "dmean": 4.11106538773, "dmean2": 6.52967834473, "mean": 18.3777256012, "dvar2": 37.5177497864, "min": 1.00123083591}, "zerocrossingrate": {"dvar": 0.000569260795601, "var": 0.00405340734869, "median": 0.0380859375, "max": 0.68896484375, "dmean": 0.01814875938, "dmean2": 0.0199048463255, "mean": 0.0583065599203, "dvar2": 0.000629264453892, "min": 0.00146484375}, "spectral_energyband_low": {"dvar": 0.00297067221254, "var": 0.0034776350949, "median": 0.00919271167368, "max": 0.486364156008, "dmean": 0.0217029750347, "dmean2": 0.032607819885, "mean": 0.027651226148, "dvar2": 0.0065395468846, "min": 6.02773098409e-23}, "melbands_kurtosis": {"dvar": 13077.8662109, "var": 16052.1679688, "median": 15.6592473984, "max": 2873.82958984, "dmean": 45.6998023987, "dmean2": 71.8881988525, "mean": 57.4597625732, "dvar2": 32324.2890625, "min": -1.90197014809}, "spectral_energyband_middle_high": {"dvar": 3.30522052536e-05, "var": 4.81227725686e-05, "median": 0.000438945484348, "max": 0.0625363513827, "dmean": 0.00220631528646, "dmean2": 0.00340772536583, "mean": 0.00314463232644, "dvar2": 8.30302742543e-05, "min": 1.36920858136e-21}, "barkbands_spread": {"dvar": 174.325866699, "var": 440.566223145, "median": 12.19947052, "max": 126.712165833, "dmean": 8.84646511078, "dmean2": 13.1745252609, "mean": 19.7146186829, "dvar2": 349.530273438, "min": 0.173127546906}, "mfcc": {"mean": [-742.385070801, 115.271888733, 37.9919128418, 26.5717697144, 9.5740480423, 12.6095991135, 3.49441075325, 7.1348733902, -5.00509977341, 2.1136276722, -1.19198620319, 0.727734744549, 5.46145343781], "cov": [[20227.8769531, 50.3314933777, -849.755065918, -124.814414978, -377.389312744, 56.9026527405, -135.379776001, 74.561164856, -364.716064453, -38.7114219666, -47.6374893188, -84.1236801147, 121.281364441], [50.3314933777, 2208.21386719, -55.8935317993, -50.3756065369, 89.9269256592, -72.004447937, 112.341369629, -105.584457397, -80.8275909424, 8.12176990509, -47.7004356384, -35.0047187805, 76.0678253174], [-849.755065918, -55.8935317993, 1438.55224609, 335.260742188, 168.256134033, 292.096191406, 56.1325073242, 87.2179870605, 30.1042709351, -45.0129318237, 28.5955905914, 105.768875122, -8.44291114807], [-124.814414978, -50.3756065369, 335.260742188, 623.929504395, 246.361679077, 96.6388473511, 33.2071838379, 13.150724411, 46.2718200684, -43.9924964905, -47.8703575134, 52.6190643311, 5.40959739685], [-377.389312744, 89.9269256592, 168.256134033, 246.361679077, 392.291259766, 139.145889282, 47.6243667603, 27.9011039734, 17.4565238953, -1.94325721264, -2.19226288795, 16.9650917053, 31.9196338654], [56.9026527405, -72.004447937, 292.096191406, 96.6388473511, 139.145889282, 337.151672363, 136.835418701, 43.6791419983, 18.0527591705, 36.0420761108, 26.7980613708, 17.2465286255, 17.2591533661], [-135.379776001, 112.341369629, 56.1325073242, 33.2071838379, 47.6243667603, 136.835418701, 250.008590698, 46.9689483643, -9.54821968079, 29.1051425934, 22.7182178497, 4.48552465439, 33.7068595886], [74.561164856, -105.584457397, 87.2179870605, 13.150724411, 27.9011039734, 43.6791419983, 46.9689483643, 201.073623657, 78.8592910767, 37.0797348022, 53.8060646057, 15.8707714081, -7.45179986954], [-364.716064453, -80.8275909424, 30.1042709351, 46.2718200684, 17.4565238953, 18.0527591705, -9.54821968079, 78.8592910767, 192.073913574, 75.1686706543, 19.4648323059, 24.0941257477, -33.1021652222], [-38.7114219666, 8.12176990509, -45.0129318237, -43.9924964905, -1.94325721264, 36.0420761108, 29.1051425934, 37.0797348022, 75.1686706543, 138.822570801, 51.7304954529, 1.17045259476, -11.0296888351], [-47.6374893188, -47.7004356384, 28.5955905914, -47.8703575134, -2.19226288795, 26.7980613708, 22.7182178497, 53.8060646057, 19.4648323059, 51.7304954529, 123.272331238, 34.2435379028, 9.89992427826], [-84.1236801147, -35.0047187805, 105.768875122, 52.6190643311, 16.9650917053, 17.2465286255, 4.48552465439, 15.8707714081, 24.0941257477, 1.17045259476, 34.2435379028, 115.982185364, 34.8049163818], [121.281364441, 76.0678253174, -8.44291114807, 5.4095973968