{"metadata": {"audio_properties": {"downmix": "mix", "bit_rate": 178487, "lossless": false, "md5_encoded": "628138cda431051b2aa60eb0d9945a67", "analysis_sample_rate": 44100, "sample_rate": 44100, "replay_gain": -9.06795692444, "equal_loudness": 0, "codec": "mp3", "length": 229.590209961}, "tags": {"date": ["2006"], "musicbrainz_recordingid": ["92a155fb-7bbe-490b-beb2-74bcb01d3597"], "label": ["Ipecac Records"], "encoding": ["LAME"], "album": ["Music for Moviebikers"], "artist": ["Kaada"], "title": ["Daily Living"], "albumartist": ["Kaada"], "file_name": "56218.mp3", "tracknumber": ["8"], "language": ["eng"], "genre": ["Indie"]}, "version": {"essentia_build_sha": "70f2e5ece6736b2c40cc944ad0e695b16b925413", "essentia_git_sha": "v2.1_beta2", "extractor": "music 1.0", "essentia": "2.1-beta2"}}, "tonal": {"chords_scale": "minor", "hpcp": {"dmean": [0.0724591240287, 0.0512170493603, 0.027414707467, 0.0264950208366, 0.0451706126332, 0.092872440815, 0.0827431604266, 0.0722330361605, 0.0307700708508, 0.0247227456421, 0.0232808012515, 0.0358226113021, 0.0419134199619, 0.0377614051104, 0.0725651979446, 0.0734956488013, 0.0518943965435, 0.0234483052045, 0.0173738952726, 0.0195909813046, 0.0400120951235, 0.0419431142509, 0.0348247922957, 0.017964810133, 0.016396664083, 0.040872938931, 0.0907420963049, 0.092211201787, 0.0866038799286, 0.0646772459149, 0.0641784146428, 0.0495399534702, 0.0277929026634, 0.0275757759809, 0.0462186262012, 0.0794392973185], "dvar2": [0.0527264401317, 0.0305644664913, 0.0173605456948, 0.0174603182822, 0.0287038944662, 0.0535005442798, 0.0597159899771, 0.0350782163441, 0.0249810386449, 0.0193206649274, 0.0134428199381, 0.022554256022, 0.0285826902837, 0.0258232243359, 0.0453470721841, 0.0445371381938, 0.0273024272174, 0.0178019888699, 0.0117926048115, 0.0126816993579, 0.0220567733049, 0.029466688633, 0.0204792823642, 0.0156340412796, 0.0190634112805, 0.0271592866629, 0.0597930252552, 0.0593663156033, 0.0530413985252, 0.0508952774107, 0.0558933131397, 0.0386083126068, 0.0236641988158, 0.0275906138122, 0.037387855351, 0.0555874146521], "mean": [0.190842807293, 0.0861867591739, 0.0328391231596, 0.0363334007561, 0.0559378862381, 0.276650190353, 0.400837272406, 0.178053170443, 0.0533344261348, 0.0657910108566, 0.0433131493628, 0.0619839653373, 0.071492664516, 0.0499903261662, 0.170659482479, 0.239031523466, 0.104919597507, 0.0272126793861, 0.0221274234354, 0.0223853122443, 0.0962839126587, 0.142139270902, 0.0710557848215, 0.0163205023855, 0.012329316698, 0.0407290123403, 0.184043943882, 0.233129039407, 0.118500553071, 0.12119987607, 0.145230606198, 0.0749625116587, 0.0305384676903, 0.0272665582597, 0.0506928861141, 0.155615061522], "var": [0.100938253105, 0.0302855372429, 0.0112864756957, 0.0166023038328, 0.0174539387226, 0.0953087508678, 0.184363156557, 0.0421150848269, 0.0249662697315, 0.0438128262758, 0.0129236904904, 0.0248379204422, 0.0288274511695, 0.0111431013793, 0.061209268868, 0.117291562259, 0.027720939368, 0.0084245223552, 0.00761481747031, 0.00493397470564, 0.0400399267673, 0.0834034010768, 0.0244712885469, 0.00494062248617, 0.00419084168971, 0.0100256660953, 0.0777202025056, 0.105920560658, 0.0323414616287, 0.064947783947, 0.0861065238714, 0.0320869609714, 0.0107996035367, 0.0105227576569, 0.0181406941265, 0.0692265629768], "dmean2": [0.119019158185, 0.0815109163523, 0.046340662986, 0.0440855324268, 0.0756455436349, 0.1503008008, 0.13743391633, 0.115835160017, 0.0528016872704, 0.0405287817121, 0.0388838872313, 0.0585858859122, 0.0686471164227, 0.0642679855227, 0.117734789848, 0.118702240288, 0.083230137825, 0.0398189760745, 0.0284088551998, 0.0332785248756, 0.0633236393332, 0.0684176236391, 0.057081066072, 0.0318284705281, 0.0304737649858, 0.0698387920856, 0.146128892899, 0.150627195835, 0.140744194388, 0.106960229576, 0.107006162405, 0.0799749195576, 0.0478524379432, 0.0481863170862, 0.077054515481, 0.125384062529], "dvar": [0.0223867427558, 0.0123067013919, 0.00706431921571, 0.00754468422383, 0.0109092202038, 0.0220089685172, 0.0266565773636, 0.0139345694333, 0.00946325063705, 0.00809931382537, 0.00506293494254, 0.00934882927686, 0.0118307238445, 0.00934607256204, 0.0182709470391, 0.0198359917849, 0.0106544923037, 0.00685087125748, 0.00491646444425, 0.00467067258433, 0.00917987711728, 0.0128001617268, 0.0080349650234, 0.00554985133931, 0.0065058041364, 0.00988522358239, 0.0240590274334, 0.0255338065326, 0.0202719960362, 0.0212678909302, 0.0232848655432, 0.0154579374939, 0.00908816885203, 0.0102265160531, 0.0143899088725, 0.0235337261111], "min": [0, 0, 0, 0, 0, 0, 0, 0, 0, 0, 0, 0, 0, 0, 0, 0, 0, 0, 0, 0, 0, 0, 0, 0, 0, 0, 0, 0, 0, 0, 0, 0, 0, 0, 0, 0], "median": [0.0217055492103, 0.00970337726176, 0.00363130611368, 0.00320737576112, 0.00960996281356, 0.108807601035, 0.150391459465, 0.0722883567214, 0.00304045109078, 0.00119777710643, 0.00422738865018, 0.0111133204773, 0.0131378024817, 0.0140533596277, 0.0438703894615, 0.0591291636229, 0.0272843707353, 0.00370465149172, 0.00239425175823, 0.00316005526111, 0.00906251557171, 0.0105171576142, 0.00591721432284, 0.00130086299032, 0.000760097464081, 0.00478166062385, 0.049700088799, 0.0699695199728, 0.0427548140287, 0.00787579454482, 0.00448196614161, 0.004149899818, 0.00211539468728, 0.00137275503948, 0.00465170294046, 0.0191557575017], "max": [1, 1, 1, 1, 1, 1, 1, 1, 1, 1, 1, 1, 1, 1, 1, 1, 1, 1, 1, 1, 1, 1, 1, 1, 1, 1, 1, 1, 1, 1, 1, 1, 1, 1, 1, 1]}, "tuning_equal_tempered_deviation": 0.104866378009, "chords_key": "B", "chords_strength": {"dmean": 0.00805381685495, "dvar2": 0.000836670747958, "mean": 0.533444583416, "var": 0.0264091528952, "dmean2": 0.00630680145696, "dvar": 0.000447110651294, "min": -1, "median": 0.548050701618, "max": 0.749231636524}, "tuning_diatonic_strength": 0.509918034077, "thpcp": [1, 0.444203138351, 0.133057549596, 0.164133965969, 0.108056694269, 0.154636234045, 0.178358331323, 0.124714761972, 0.425757527351, 0.596330583096, 0.261751115322, 0.0678895935416, 0.0552030093968, 0.0558463856578, 0.240206986666, 0.354605913162, 0.177268400788, 0.0407160297036, 0.0307589080185, 0.101609840989, 0.45914876461, 0.581605195999, 0.295632570982, 0.302366793156, 0.362318128347, 0.187014818192, 0.0761866942048, 0.0680240094662, 0.126467496157, 0.388225018978, 0.476110428572, 0.215016826987, 0.0819263234735, 0.0906437709928, 0.139552608132, 0.690180778503], "chords_histogram": [39.7977752686, 16.1779575348, 2.85136508942, 2.54802823067, 0.121334679425, 1.25379168987, 0, 3.53892827034, 0.101112231612, 1.73913037777, 0.707785665989, 0.0606673397124, 0.990899920464, 0, 1.15267944336, 0, 0.262891799212, 0.323559165001, 1.11223459244, 2.2649140358, 3.98382210732, 1.7795753479, 6.00606679916, 13.2254800797], "tuning_nontempered_energy_ratio": 0.699018955231, "tuning_frequency": 441.527557373, "key_strength": 0.657822072506, "chords_changes_rate": 0.0412537902594, "key_scale": "minor", "hpcp_entropy": {"dmean": 0.492789566517, "dvar2": 0.533232927322, "mean": 1.57913732529, "var": 0.477066963911, "dmean2": 0.829232633114, "dvar": 0.204781278968, "min": 0, "median": 1.62523400784, "max": 4.05742549896}, "key_key": "B", "chords_number_rate": 0.00283114262857}, "lowlevel": {"melbands_skewness": {"dmean": 0.468206226826, "dvar2": 0.559409976006, "mean": 1.9000980854, "var": 1.62075996399, "dmean2": 0.68583470583, "dvar": 0.262906014919, "min": -2.37176513672, "median": 1.73141252995, "max": 16.6212406158}, "melbands_kurtosis": {"dmean": 3.87010288239, "dvar2": 152.099533081, "mean": 9.29131507874, "var": 279.344970703, "dmean2": 5.74040126801, "dvar": 79.3597869873, "min": -1.83230376244, "median": 5.68385314941, "max": 633.527038574}, "barkbands_kurtosis": {"dmean": 3.43687343597, "dvar2": 95.4110794067, "mean": 8.08138942719, "var": 128.981552124, "dmean2": 5.17292928696, "dvar": 40.4709892273, "min": -1.98785483837, "median": 4.29930448532, "max": 160.545959473}, "hfc": {"dmean": 2.26136469841, "dvar2": 28.7895526886, "mean": 10.0794897079, "var": 86.2817153931, "dmean2": 3.2900223732, "dvar": 12.9756307602, "min": 1.16856678638e-16, "median": 8.3064031601, "max": 105.215888977}, "silence_rate_20dB": {"dmean": 0, "dvar2": 0, "mean": 1, "var": 0, "dmean2": 0, "dvar": 0, "min": 1, "median": 1, "max": 1}, "erbbands_flatness_db": {"dmean": 0.0166853331029, "dvar2": 0.000557293591555, "mean": 0.268375366926, "var": 0.00395907601342, "dmean2": 0.0231985431165, "dvar": 0.000284621637547, "min": 0.0190961565822, "median": 0.264047712088, "max": 0.486756950617}, "spectral_flux": {"dmean": 0.0147263118997, "dvar2": 0.00137659395114, "mean": 0.0455887839198, "var": 0.00142743834294, "dmean2": 0.0241553988308, "dvar": 0.000541605171748, "min": 1.02816276326e-10, "median": 0.0376716032624, "max": 0.330900937319}, "spectral_energyband_low": {"dmean": 0.00190194218885, "dvar2": 9.8888631328e-05, "mean": 0.0094978036359, "var": 0.000306387955789, "dmean2": 0.00277752359398, "dvar": 4.87227480335e-05, "min": 4.72096112203e-23, "median": 0.00118826166727, "max": 0.152055442333}, "spectral_rolloff": {"dmean": 101.191871643, "dvar2": 203469.96875, "mean": 867.053894043, "var": 4103335.75, "dmean2": 175.654098511, "dvar": 95868.3046875, "min": 21.533203125, "median": 559.86328125, "max": 18712.3535156}, "spectral_entropy": {"dmean": 0.162684634328, "dvar2": 0.060307353735, "mean": 6.32388162613, "var": 0.44520264864, "dmean2": 0.228534936905, "dvar": 0.0301631111652, "min": 4.32447052002, "median": 6.36200141907, "max": 9.8035030365}, "spectral_energy": {"dmean": 0.00581608014181, "dvar2": 0.00024157713051, "mean": 0.0269719753414, "var": 0.000785211101174, "dmean2": 0.00841163471341, "dvar": 0.00011758893379, "min": 1.05711872827e-20, "median": 0.019351746887, "max": 0.249747529626}, "spectral_centroid": {"dmean": 68.2517700195, "dvar2": 28190.6074219, "mean": 629.90637207, "var": 232992, "dmean2": 102.956474304, "dvar": 14995.2949219, "min": 130.745559692, "median": 543.986816406, "max": 11163.4580078}, "barkbands_flatness_db": {"dmean": 0.0187827125192, "dvar2": 0.000794910069089, "mean": 0.259763121605, "var": 0.00462914863601, "dmean2": 0.0264587402344, "dvar": 0.000403166835895, "min": 0.0462428070605, "median": 0.251632452011, "max": 0.523229122162}, "spectral_rms": {"dmean": 0.000494202657137, "dvar2": 1.04634102627e-06, "mean": 0.00439584488049, "var": 6.99074007571e-06, "dmean2": 0.000699660624377, "dvar": 5.19425441325e-07, "min": 3.21144109569e-12, "median": 0.00434508360922, "max": 0.0156094888225}, "melbands": {"dmean": [0.000167640129803, 0.000371035741409, 0.000407602492487, 0.000271586759482, 0.000149967978359, 0.000442227465101, 0.000373721646611, 0.000235553656239, 0.000124242622405, 5.56320519536e-05, 6.84026745148e-05, 4.6388944611e-05, 2.54643000517e-05, 2.32778220379e-05, 1.35976169986e-05, 7.32439320927e-06, 5.16811223861e-06, 6.33336185274e-06, 5.00099713463e-06, 3.38397831001e-06, 4.66201754534e-06, 2.24184782383e-06, 1.80104052561e-06, 1.80296228791e-06, 7.13791109774e-07, 3.87253038525e-07, 2.30619747299e-07, 1.53852781182e-07, 1.0336621159e-07, 1.29613525246e-07, 8.11012697e-08, 7.74565691586e-08, 6.55095746538e-08, 7.21350588151e-08, 5.04470811791e-08, 7.48460990962e-08, 3.23900408716e-08, 2.51083349667e-08, 1.84533757164e-08, 1.95143634585e-08], "dvar2": [1.20512413559e-06, 4.07318157158e-06, 3.76611660613e-06, 1.27355531276e-06, 4.00521315669e-07, 2.00581575882e-06, 1.09951315608e-06, 6.7747527055e-07, 1.45064134927e-07, 6.73578526289e-08, 1.5077520743e-07, 7.74896875555e-08, 5.09272410909e-08, 7.60690177515e-09, 1.783055259e-09, 6.9492411825e-10, 4.7278236881e-10, 4.52869713952e-10, 3.61520174907e-10, 1.0107847892e-10, 2.63202792894e-10, 5.93237473034e-11, 4.60656825185e-11, 5.40597636101e-11, 7.22406509612e-12, 2.53118402974e-12, 1.75201444064e-12, 1.00958184954e-12, 5.08745389566e-13, 2.50927447223e-12, 1.01690216577e-12, 1.2563532029e-12, 6.78368711031e-13, 1.62451345778e-12, 4.29977939104e-13, 1.33269545573e-12, 1.7243772057e-13, 1.54310958e-13, 4.02289353631e-14, 1.80028924711e-14], "mean": [0.00113780528773, 0.00164067361038, 0.00142797175795, 0.000629635935184, 0.00035802644561, 0.000928925932385, 0.000945409701671, 0.000656199408695, 0.000296173733659, 0.000108440712211, 0.000124290920212, 8.77784041222e-05, 4.80374728795e-05, 4.31691441918e-05, 2.90754069283e-05, 1.50349924297e-05, 9.91259548755e-06, 1.19576843645e-05, 1.04955952338e-05, 7.76814340497e-06, 9.54697316047e-06, 5.31500336365e-06, 3.90670038541e-06, 3.12395468427e-06, 1.56525220518e-06, 8.33605554362e-07, 4.69170146289e-07, 2.5620150268e-07, 1.73676738768e-07, 2.00814938012e-07, 1.04441788551e-07, 8.47449825869e-08, 7.03855960182e-08, 6.76045317505e-08, 5.18028357988e-08, 7.40856052062e-08, 4.06143314535e-08, 3.27845057768e-08, 3.03732363705e-08, 4.08434708277e-08], "var": [5.32062631464e-06, 1.0706278772e-05, 1.01877685665e-05, 2.33110858971e-06, 6.87969645696e-07, 2.71389558293e-06, 2.06823483495e-06, 1.59681030709e-06, 2.12615390183e-07, 5.69488527447e-08, 1.16629280456e-07, 6.94605404306e-08, 7.24437043687e-08, 7.87114995404e-09, 2.44054798593e-09, 9.11006881044e-10, 6.10997918926e-10, 4.49609849351e-10, 5.36337918522e-10, 1.37814801238e-10, 2.64766375491e-10, 7.48583764421e-11, 5.10946389365e-11, 3.87087514819e-11, 8.07259120661e-12, 3.17366987725e-12, 1.46569464465e-12, 5.53375813055e-13, 2.98443751266e-13, 1.21931132725e-12, 3.00602668842e-13, 3.58628843853e-13, 2.19466317949e-13, 4.12176992841e-13, 1.27326372102e-13, 4.21050781046e-13, 5.19688154001e-14, 4.48266742465e-14, 1.32263779668e-14, 1.06274894551e-14], "dmean2": [0.000257715320913, 0.000562730128877, 0.00056189217139, 0.000391706678784, 0.000210438432987, 0.000656615768094, 0.000553311314434, 0.000338936690241, 0.000185333527043, 8.58408529893e-05, 0.000107275023765, 7.13554763934e-05, 3.68730907212e-05, 3.70235575247e-05, 2.13231669477e-05, 1.13725154733e-05, 8.23598566058e-06, 1.02613003037e-05, 7.89174919191e-06, 5.37605455975e-06, 7.78136563895e-06, 3.68505652659e-06, 2.93689004138e-06, 3.12638576361e-06, 1.12846669253e-06, 5.87114129758e-07, 3.54285901949e-07, 2.40738813773e-07, 1.62350858091e-07, 2.09158756093e-07, 1.31654914526e-07, 1.26729190697e-07, 1.02970240334e-07, 1.1961894586e-07, 8.25177224328e-08, 1.22513583278e-07, 5.26891383856e-08, 4.13799057242e-08, 3.04390148642e-08, 3.23780184885e-08], "dvar": [5.36622280833e-07, 1.89707475329e-06, 2.09357585845e-06, 6.9007694492e-07, 1.93612123667e-07, 8.76578098996e-07, 4.83759038161e-07, 3.04531937445e-07, 6.07356298588e-08, 2.69618460891e-08, 5.79057726213e-08, 3.20697743916e-08, 2.92992154982e-08, 3.2023346197e-09, 7.28430149532e-10, 2.75974632036e-10, 1.91885188294e-10, 1.7446119549e-10, 1.85514867357e-10, 4.24318011283e-11, 9.88592263607e-11, 2.31616115176e-11, 1.76393656626e-11, 1.88326038791e-11, 3.05694120191e-12, 1.19106612594e-12, 7.6610294714e-13, 4.08718550541e-13, 2.18005274206e-13, 1.0584283016e-12, 3.838174353e-13, 4.7286501971e-13, 2.65794087044e-13, 5.96818872534e-13, 1.62192592798e-13, 5.21944521024e-13, 6.5027241133e-14, 5.70405539208e-14, 1.49528216957e-14, 6.78926849839e-15], "min": [8.11764219427e-24, 2.14108485375e-24, 4.13635586892e-24, 1.45794290609e-23, 4.88654397267e-23, 8.89132304909e-24, 2.79989395292e-24, 1.23041175519e-23, 9.94362405361e-24, 1.05553138993e-23, 1.20695978823e-23, 1.019627648e-23, 2.25218636704e-23, 1.26003805758e-23, 7.36653222766e-24, 5.67211264579e-24, 4.68145007696e-24, 9.6751376111e-24, 6.70992937523e-24, 6.44931970886e-24, 9.20825186207e-24, 1.7338713046e-23, 1.36267012353e-23, 1.07859870831e-23, 1.20727580591e-23, 1.08589543503e-23, 9.58551906796e-24, 6.5354242711e-24, 6.90769995961e-24, 7.33803778291e-24, 6.62810320011e-24, 7.4736997705e-24, 1.06081525916e-23, 6.66595905723e-24, 1.31682894301e-23, 1.22792786886e-23, 8.20470246149e-24, 8.44667450011e-24, 1.06870694477e-23, 9.96222539375e-24], "median": [9.42299811868e-06, 0.000184604199603, 0.000191152736079, 0.000201178874704, 0.000133128429297, 0.000337520788889, 0.000412889348809, 0.000272913952358, 0.000143283890793, 3.98927331844e-05, 3.65849882655e-05, 2.16713779082e-05, 1.27978491946e-05, 1.43562483572e-05, 1.09342008727e-05, 4.17543833464e-06, 2.95001768791e-06, 4.38992810814e-06, 4.50577317679e-06, 3.28976784658e-06, 2.83859208139e-06, 1.91941876437e-06, 1.18901914448e-06, 5.99984502969e-07, 4.16799167624e-07, 2.27495362992e-07, 1.02704305505e-07, 5.03337638236e-08, 3.79263092043e-08, 3.87573315663e-08, 2.15391882108e-08, 1.2678790462e-08, 6.47931752695e-09, 4.85288964569e-09, 3.36072703e-09, 4.43446390719e-09, 4.2196655059e-09, 2.93195778767e-09, 2.13573536634e-09, 1.70198655169e-09], "max": [0.0178026016802, 0.0364189185202, 0.0425987318158, 0.0376676768064, 0.013203616254, 0.0222399421036, 0.0144122606143, 0.0168900191784, 0.00653356686234, 0.00827808119357, 0.00776445446536, 0.00640488555655, 0.0135073196143, 0.00146457972005, 0.000671754416544, 0.000451763102319, 0.000470814818982, 0.000388438667869, 0.000620439706836, 0.000133726251079, 0.000187225756235, 0.000107020423457, 0.000104127488157, 0.000127867504489, 5.30250727024e-05, 3.87364816561e-05, 2.51066139754e-05, 1.74174674612e-05, 1.39492431117e-05, 5.14437779202e-05, 2.00160047825e-05, 3.12622614729e-05, 1.59322353284e-05, 4.15090871684e-05, 1.14440617835e-05, 3.3157022699e-05, 1.26489439936e-05, 1.59076116688e-05, 5.75878448217e-06, 2.43545332523e-06]}, "barkbands_crest": {"dmean": 1.85113167763, "dvar2": 9.24894237518, "mean": 12.7252092361, "var": 20.9228744507, "dmean2": 2.85198640823, "dvar": 3.79272389412, "min": 3.40480685234, "median": 11.9000778198, "max": 26.3992595673}, "mfcc": {"icov": [[0.000138424074976, -0.000121125223814, 0.000187106968951, -0.000177427675226, 2.94560104521e-05, -5.4561158322e-05, -0.000183991491213, -2.73964142252e-05, -6.60375371808e-05, 6.5686974267e-05, -2.01771326829e-05, -0.00030585701461, 0.000157561589731], [-0.000121125223814, 0.000845661619678, -6.98280637152e-05, 0.000201501883566, -0.000669724366162, 0.000345877575455, 0.000427318300353, -0.000121611883515, -8.8450826297e-05, 3.52775622048e-08, -5.1988827181e-05, 0.000487874087412, -4.30802465416e-05], [0.000187106968951, -6.98280637152e-05, 0.00167331134435, -6.51396330795e-05, 0.000134460613481, -0.00107292155735, -0.000625717337243, -0.000151770480443, -0.000640750222374, 0.000432473811088, 3.80923643206e-06, -0.000529473298229, 8.11688078102e-05], [-0.000177427675226, 0.000201501883566, -6.51396330795e-05, 0.00349080795422, -0.00125082361046, -0.000233674392803, 1.08834810817e-05, -0.00120004231576, 0.000862613436766, -0.000807437754702, 0.000607770867646, 0.000713500776328, -0.000255479564657], [2.94560104521e-05, -0.000669724366162, 0.000134460613481, -0.00125082361046, 0.00474696746096, -0.000467591744382, -0.000170320519828, -0.00136744359042, -0.000710025837179, 0.000191864499357, -0.000594226643443, -0.00116332108155, -6.05372370046e-05], [-5.4561158322e-05, 0.000345877575455, -0.00107292155735, -0.000233674392803, -0.000467591744382, 0.00471737422049, -0.00122652668506, 0.00077695940854, 0.000210419471841, -0.00135808240157, 0.000102595280623, 0.00112766819075, 7.75721200625e-05], [-0.000183991491213, 0.000427318300353, -0.000625717337243, 1.08834810817e-05, -0.000170320519828, -0.00122652668506, 0.00673076277599, -0.00157196656801, -0.00112632871605, 0.000957315671258, -0.000249277451076, -0.00149532197975, 0.000337333738571], [-2.73964142252e-05, -0.000121611883515, -0.000151770480443, -0.00120004231576, -0.00136744359042, 0.00077695940854, -0.00157196656801, 0.00763549236581, -0.000815426290501, -0.00216829893179, -3.91147077607e-05, 0.00155967252795, -0.00253928010352], [-6.60375371808e-05, -8.8450826297e-05, -0.000640750222374, 0.000862613436766, -0.000710025837179, 0.000210419471841, -0.00112632871605, -0.000815426290501, 0.00873415637761, -0.00252764881589, 0.000125705744722, -0.00157001800835, 0.00120114348829], [6.5686974267e-05, 3.52775622048e-08, 0.000432473811088, -0.000807437754702, 0.000191864499357, -0.00135808240157, 0.000957315671258, -0.00216829893179, -0.00252764881589, 0.0081510907039, -0.00351007375866, 0.000780894130003, -0.00156315264758], [-2.01771326829e-05, -5.1988827181e-05, 3.80923643206e-06, 0.000607770867646, -0.000594226643443, 0.000102595280623, -0.000249277451076, -3.91147077607e-05, 0.000125705744722, -0.00351007375866, 0.0101661188528, -0.00455721281469, 0.000742476782762], [-0.00030585701461, 0.000487874087412, -0.000529473298229, 0.000713500776328, -0.00116332108155, 0.00112766819075, -0.00149532197975, 0.00155967252795, -0.00157001800835, 0.000780894130003, -0.00455721281469, 0.0147391455248, -0.00625156844035], [0.000157561589731, -4.30802465416e-05, 8.11688078102e-05, -0.000255479564657, -6.05372370046e-05, 7.75721200625e-05, 0.000337333738571, -0.00253928010352, 0.00120114348829, -0.00156315264758, 0.000742476782762, -0.00625156844035, 0.0112619930878]], "mean": [-771.123413086, 195.50958252, -8.33270931244, 1.58797311783, 1.94492065907, -18.2357444763, -13.1839885712, -7.131336689, -3.50164556503, -5.7799243927, -2.08495759964, 1.96433436871, 0.7442304492], "cov": [[12175.8085938, 1868.24377441, -1210.72595215, 772.350036621, 650.218261719, -191.604309082, 241.079544067, 417.566925049, 169.799530029, 222.417953491, 226.97605896, 278.02746582, 106.922554016], [1868.24377441, 1775.33996582, -273.363372803, 132.212646484, 313.590301514, -162.482192993, -76.5385284424, 137.092712402, 45.811088562, 61.2063865662, 44.4248809814, 4.61698818207, 24.8745365143], [-1210.72595215, -273.363372803, 978.104187012, -30.428565979, -6.15182876587, 253.705123901, 145.929946899, 24.1090526581, 87.1170501709, 22.2774009705, 19.4049777985, 35.2795944214, 19.5426845551], [772.350036621, 132.212646484, -30.428565979, 467.654083252, 202.593185425, 46.8130226135, 53.2214355469, 171.993270874, 25.1159648895, 115.310462952, 31.4162807465, 19.4915237427, 60.5553970337], [650.218261719, 313.590301514, -6.15182876587, 202.593185425, 394.726959229, 30.8036231995, 64.0739440918, 172.955978394, 77.893661499, 116.473487854, 80.7151184082, 69.8380966187, 77.0348892212], [-191.604309082, -162.482192993, 253.705123901, 46.8130226135, 30.8036231995, 319.548828125, 91.3821411133, 23.9431247711, 36.5335273743, 60.8626556396, 17.7041606903, 1.77916252613, 6.29004907608], [241.079544067, -76.5385284424, 145.929946899, 53.2214355469, 64.0739440918, 91.3821411133, 226.630706787, 78.7735824585, 62.8374938965, 42.1781311035, 41.282787323, 54.5127563477, 33.868850708], [417.566925049, 137.092712402, 24.1090526581, 171.993270874, 172.955978394, 23.9431247711, 78.7735824585, 276.694213867, 74.6744384766, 141.831390381, 66.7530899048, 47.7325401306, 93.0200805664], [169.799530029, 45.811088562, 87.1170501709, 25.1159648895, 77.893661499, 36.5335273743, 62.8374938965, 74.6744384766, 170.659973145, 90.5754547119, 53.8572502136, 48.8402481079, 30.7943058014], [222.417953491, 61.2063865662, 22.2774009705, 115.310462952, 116.473487854, 60.8626556396, 42.1781311035, 141.831390381, 90.5754547119, 255.719665527, 107.518478394, 54.7321929932, 79.6272583008], [226.97605896, 44.4248809814, 19.4049777985, 31.4162807465, 80.7151184082, 17.7041606903, 41.282787323, 66.7530899048, 53.8572502136, 107.518478394, 171.640838623, 80.7272491455, 54.3690643311], [278.02746582, 4.61698818207, 35.2795944214, 19.4915237427, 69.8380966187, 1.77916252613, 54.5127563477, 47.7325401306, 48.8402481079, 54.7321929932, 80.7272491455, 141.421356201, 81.3775558472], [106.922554016, 24.8745365143, 19.5426845551, 60.5553970337, 77.0348892212, 6.29004907608, 33.868850708, 93.0200805664, 30.7943058014, 79.6272583008, 54.3690643311, 81.3775558472, 158.312515259]]}, "spectral_decrease": {"dmean": 1.49148526862e-09, "dvar2": 1.61661333416e-17, "mean": -6.90412749194e-09, "var": 5.23111831793e-17, "dmean2": 2.15616324795e-09, "dvar": 7.87930975205e-18, "min": -6.47950884058e-08, "median": -4.89708451568e-09, "max": 2.63891695937e-15}, "zerocrossingrate": {"dmean": 0.00334843993187, "dvar2": 7.24630081095e-05, "mean": 0.034718234092, "var": 0.00637110508978, "dmean2": 0.00426647299901, "dvar": 5.35900326213e-05, "min": 0.0029296875, "median": 0.02490234375, "max": 0.7841796875}, "spectral_contrast_coeffs": {"dmean": [0.0386817753315, 0.0391379222274, 0.034023988992, 0.0268245693296, 0.0197568256408, 0.0139892185107], "dvar2": [0.00296977604739, 0.00289955944754, 0.00205378630199, 0.00120872247498, 0.000695216702297, 0.000394541333662], "mean": [-0.577935218811, -0.648817718029, -0.716698467731, -0.738499283791, -0.755976319313, -0.805252075195], "var": [0.0176101829857, 0.00891809165478, 0.00509712146595, 0.0040891407989, 0.00473961653188, 0.00198455504142], "dmean2": [0.0632734149694, 0.0615462176502, 0.0537954121828, 0.0427613370121, 0.0312529429793, 0.0218976810575], "dvar": [0.00115338666365, 0.00113101908937, 0.000813710386865, 0.000501453469042, 0.000297647900879, 0.000170188694028], "min": [-0.968675732613, -0.97402125597, -0.962567806244, -0.955657601357, -0.961475253105, -0.962692916393], "median": [-0.590294897556, -0.656011343002, -0.716940641403, -0.734594583511, -0.753300607204, -0.80626219511], "max": [-0.191752061248, -0.287714153528, -0.439149528742, -0.498505026102, -0.490376412868, -0.614591956139]}, "spectral_skewness": {"dmean": 0.583226203918, "dvar2": 1.04559457302, "mean": 3.49129271507, "var": 2.13016033173, "dmean2": 0.983958363533, "dvar": 0.361786395311, "min": 0.0101575991139, "median": 3.13736271858, "max": 12.617143631}, "spectral_energyband_middle_high": {"dmean": 0.000661588856019, "dvar2": 7.62166655477e-06, "mean": 0.00203491467983, "var": 1.10192841021e-05, "dmean2": 0.00100007827859, "dvar": 3.45611670127e-06, "min": 1.58522459709e-21, "median": 0.00108671630733, "max": 0.0985900610685}, "gfcc": {"icov": [[0.000230257050134, -0.000407473737141, 0.000304337270791, -0.000459396280348, 0.000330488604959, -0.000437382812379, 0.000590931624174, -0.000664335908368, 0.000415166345192, -0.000357446522685, 0.000114269430924, 5.38431413588e-06, 0.000271187338512], [-0.000407473737141, 0.00143747392576, -0.000539050262887, 0.000903313746676, -0.000909466587473, 0.000871087540872, -0.00060558313271, 0.000986330327578, -0.000989601947367, 0.00138954038266, -0.00074129429413, 0.000981779186986, -0.000801441899966], [0.000304337270791, -0.000539050262887, 0.00165204086807, -0.000382778875064, -4.11552900914e-05, -0.00146043393761, 0.000249129516305, -0.000749652972445, 0.000766880926676, -0.000749504484702, 0.000821855559479, -0.000653481576592, 0.00119174376596], [-0.000459396280348, 0.000903313746676, -0.000382778875064, 0.00297642289661, -0.0011567492038, -0.000260243716184, -0.00103602767922, 0.00107406347524, -0.00100742653012, 0.00167292600963, -0.000599607534241, 0.000466811354272, -0.000479537062347], [0.000330488604959, -0.000909466587473, -4.11552900914e-05, -0.0011567492038, 0.00382410781458, -0.000394126836909, -3.52748102159e-05, -0.00181608495768, -0.00057764200028, 0.000437268172391, -0.000203509203857, 0.000213977895328, 0.000701404002029], [-0.000437382812379, 0.000871087540872, -0.00146043393761, -0.000260243716184, -0.000394126836909, 0.00556647405028, -0.00214612227865, 0.000337721925462, 0.000131663735374, -0.00178061588667, 0.000589953036979, -0.000476690212963, -0.000892426527571], [0.000590931624174, -0.00060558313271, 0.000249129516305, -0.00103602767922, -3.52748102159e-05, -0.00214612227865, 0.00752991670743, -0.00157382711768, -0.000706389546394, 0.000458317837911, -0.00117299100384, 0.00142071570735, 2.91624814963e-06], [-0.000664335908368, 0.000986330327578, -0.000749652972445, 0.00107406347524, -0.00181608495768, 0.000337721925462, -0.00157382711768, 0.00631592981517, -0.00222781975754, -0.000357348966645, -0.000957992626354, -0.00120824784972, -0.000643482722808], [0.000415166345192, -0.000989601947367, 0.000766880926676, -0.00100742653012, -0.00057764200028, 0.000131663735374, -0.000706389546394, -0.00222781975754, 0.00716558704153, -0.00210424861871, -0.00129252288025, 0.0011153210653, 0.000663966173306], [-0.000357446522685, 0.00138954038266, -0.000749504484702, 0.00167292600963, 0.000437268172391, -0.00178061588667, 0.000458317837911, -0.000357348966645, -0.00210424861871, 0.0097437761724, -0.00324852531776, 0.00110213423613, -0.00147428980563], [0.000114269430924, -0.00074129429413, 0.000821855559479, -0.000599607534241, -0.000203509203857, 0.000589953036979, -0.00117299100384, -0.000957992626354, -0.00129252288025, -0.00324852531776, 0.0129245175049, -0.00746129639447, 0.00198982632719], [5.38431413588e-06, 0.000981779186986, -0.000653481576592, 0.000466811354272, 0.000213977895328, -0.000476690212963, 0.00142071570735, -0.00120824784972, 0.0011153210653, 0.00110213423613, -0.00746129639447, 0.0159041974694, -0.00574508029968], [0.000271187338512, -0.000801441899966, 0.00119174376596, -0.000479537062347, 0.000701404002029, -0.000892426527571, 2.91624814963e-06, -0.000643482722808, 0.000663966173306, -0.00147428980563, 0.00198982632719, -0.00574508029968, 0.011073266156]], "mean": [-132.373825073, 160.449188232, -117.434867859, -14.7082519531, -50.4860649109, -14.4482269287, -40.3451538086, 2.31790757179, -13.7096042633, -4.43819761276, -9.08977413177, -6.81967353821, -8.46812057495], "cov": [[20902.3242188, 2699.2277832, -1489.453125, 1323.80285645, -314.402923584, 552.110351562, -838.070556641, 991.435180664, -213.17779541, 226.067626953, 96.5669021606, -49.9129257202, 22.962644577], [2699.2277832, 2133.88891602, -222.855072021, 34.50938797, 337.719696045, -277.322723389, -39.0236587524, 25.6303215027, 161.536437988, -247.158599854, -2.48719120026, -166.099060059, -56.7471923828], [-1489.453125, -222.855072021, 1261.92419434, 63.763217926, 199.778549194, 354.92755127, 179.743164062, 110.827407837, 20.5046329498, 102.839790344, -11.7076721191, 28.4495735168, -61.0337409973], [1323.80285645, 34.50938797, 63.763217926, 641.359375, 178.229248047, 164.643676758, 70.4091415405, 115.088981628, 68.438369751, -16.9205532074, 24.3675346375, -12.301735878, -17.4789619446], [-314.402923584, 337.719696045, 199.778549194, 178.229248047, 550.742492676, 37.5050849915, 148.900466919, 160.004089355, 181.43409729, -42.2114677429, 47.9642524719, -28.4252128601, -44.109210968], [552.110351562, -277.322723389, 354.92755127, 164.643676758, 37.5050849915, 447.386138916, 90.4969024658, 151.37159729, 4.21861982346, 147.780990601, 29.1594581604, 53.222454071, 19.5874233246], [-838.070556641, -39.0236587524, 179.743164062, 70.4091415405, 148.900466919, 90.4969024658, 255.201828003, 68.9256134033, 101.441207886, 9.60945701599, 35.5517692566, -3.4782102108, -9.79162597656], [991.435180664, 25.6303215027, 110.827407837, 115.088981628, 160.004089355, 151.37159729, 68.9256134033, 382.686798096, 123.436706543, 105.334213257, 90.2431640625, 56.1623764038, 14.4604511261], [-213.17779541, 161.536437988, 20.5046329498, 68.438369751, 181.43409729, 4.21861982346, 101.441207886, 123.436706543, 267.847198486, 29.8648834229, 65.7719497681, -8.31968212128, -14.5565519333], [226.067626953, -247.158599854, 102.839790344, -16.9205532074, -42.2114677429, 147.780990601, 9.60945701599, 105.334213257, 29.8648834229, 214.611495972, 61.7362136841, 54.7161827087, 29.5536823273], [96.5669021606, -2.48719120026, -11.7076721191, 24.3675346375, 47.9642524719, 29.1594581604, 35.5517692566, 90.2431640625, 65.7719497681, 61.7362136841, 146.994552612, 69.4892272949, 18.2310676575], [-49.9129257202, -166.099060059, 28.4495735168, -12.301735878, -28.4252128601, 53.222454071, -3.4782102108, 56.1623764038, -8.31968212128, 54.7161827087, 69.4892272949, 131.807067871, 58.6421165466], [22.962644577, -56.7471923828, -61.0337409973, -17.4789619446, -44.109210968, 19.5874233246, -9.79162597656, 14.4604511261, -14.5565519333, 29.5536823273, 18.2310676575, 58.6421165466, 128.621765137]]}, "erbbands_spread": {"dmean": 3.25333976746, "dvar2": 32.5385894775, "mean": 17.139465332, "var": 94.0342712402, "dmean2": 4.88868284225, "dvar": 14.1653518677, "min": 0.6803150177, "median": 16.0421352386, "max": 173.539840698}, "erbbands_kurtosis": {"dmean": 1.70671975613, "dvar2": 19.1159477234, "mean": 2.98975896835, "var": 35.9284515381, "dmean2": 2.59387087822, "dvar": 8.32368278503, "min": -1.79831910133, "median": 1.23273181915, "max": 80.0333480835}, "dynamic_complexity": 5.86587429047, "erbbands_crest": {"dmean": 2.59030890465, "dvar2": 14.3643922806, "mean": 13.6219682693, "var": 30.6049900055, "dmean2": 3.94089627266, "dvar": 5.98680496216, "min": 2.81950259209, "median": 12.5579433441, "max": 32.8857917786}, "erbbands": {"dmean": [0.0142812915146, 0.198416531086, 0.800612986088, 2.21960282326, 3.44067192078, 4.29129314423, 4.23554706573, 19.9020290375, 24.1581497192, 24.8975486755, 16.7077484131, 7.80409669876, 13.3810949326, 10.7998008728, 6.32453632355, 7.9823846817, 3.9883954525, 2.8456120491, 4.13949966431, 2.80686402321, 3.82046699524, 2.13688087463, 1.44343316555, 0.917672872543, 0.389291465282, 0.235480323434, 0.179928198457, 0.148782223463, 0.128241866827, 0.124559126794, 0.0982668921351, 0.0713072866201, 0.0324149727821, 0.0212674643844, 0.00909021217376, 0.0050898543559, 0.00144818716217, 0.000332873431034, 4.76319437439e-05, 7.37092750569e-06], "dvar2": [0.00982471648604, 1.47312903404, 21.0009708405, 125.112594604, 384.42074585, 203.052856445, 419.626525879, 4189.36132812, 5131.04101562, 8186.00976562, 2555.14257812, 1069.70593262, 5931.64257812, 3865.3359375, 2036.64147949, 762.309204102, 222.581802368, 129.442230225, 189.768478394, 77.5586395264, 174.209686279, 56.9225692749, 28.0596675873, 10.7491540909, 3.32641100883, 2.14064264297, 2.58357167244, 2.63782215118, 2.94798398018, 3.82258200645, 1.40233814716, 0.966775357723, 0.231625765562, 0.0268643517047, 0.00964446738362, 0.00788043066859, 0.000567299779505, 2.48743854172e-05, 5.08435732627e-07, 1.44840472949e-09], "mean": [0.105989843607, 1.08584654331, 3.1404812336, 8.11803627014, 8.52999019623, 9.76365184784, 9.71366882324, 41.7567062378, 59.6717643738, 68.6131973267, 42.4397392273, 17.3005924225, 24.682220459, 21.3983345032, 12.7757511139, 16.1981697083, 8.95100021362, 5.91067552567, 8.14414978027, 6.54118585587, 8.16656494141, 5.35441637039, 3.32529520988, 2.14354252815, 0.91840672493, 0.455530017614, 0.316120535135, 0.219936996698, 0.145726203918, 0.124334953725, 0.102907657623, 0.0817211866379, 0.0459178984165, 0.0439946129918, 0.0169003047049, 0.00699667772278, 0.00172325177118, 0.000390661822166, 5.36464831384e-05, 3.12497832056e-05], "var": [0.0558969005942, 4.26638793945, 52.3046150208, 378.416992188, 772.993774414, 454.214874268, 656.513427734, 5096.9609375, 9891.7421875, 19150.3476562, 3824.72070312, 963.565063477, 4533.64501953, 3751.15673828, 2871.17553711, 1016.35351562, 293.631713867, 179.039916992, 199.143890381, 124.624053955, 183.064727783, 76.4822998047, 30.8313312531, 13.4895181656, 3.92558884621, 1.40998876095, 1.45736694336, 0.949375450611, 0.9157320261, 1.05362701416, 0.438368588686, 0.306979507208, 0.0673524439335, 0.0135760558769, 0.00311332405545, 0.00173771113623, 0.000125486825709, 6.28979478279e-06, 1.32442764311e-07, 1.23766186189e-09], "dmean2": [0.0212929565459, 0.314179241657, 1.20185637474, 3.06740689278, 4.88769721985, 6.15405511856, 5.96138000488, 29.656255722, 35.8286590576, 35.6693153381, 24.8257236481, 12.0004415512, 20.9605712891, 16.4684200287, 9.40984630585, 12.5278186798, 6.13327503204, 4.52872180939, 6.69331026077, 4.39309597015, 6.33158254623, 3.46805691719, 2.40059733391, 1.46691000462, 0.586625874043, 0.359168291092, 0.281424850225, 0.236404791474, 0.204223453999, 0.202457219362, 0.159807488322, 0.114768072963, 0.0525797903538, 0.034968778491, 0.014916928485, 0.00857757031918, 0.00246218428947, 0.000554786645807, 7.94358493295e-05, 1.08688782348e-05], "dvar": [0.00455639930442, 0.615790486336, 9.94150924683, 68.7912902832, 224.764205933, 101.920593262, 208.379333496, 1786.90771484, 2309.97119141, 3680.65405273, 1058.77026367, 428.048248291, 2284.98266602, 1639.49475098, 1156.36242676, 335.355316162, 88.5462493896, 52.2634963989, 74.8456497192, 35.7672653198, 66.393699646, 22.5058898926, 10.2886419296, 4.4051451683, 1.55583310127, 0.90665769577, 1.12645077705, 1.03384661674, 1.13671326637, 1.43510627747, 0.54045176506, 0.374603509903, 0.0854479670525, 0.0102324131876, 0.00347471167333, 0.00275381561369, 0.000197938061319, 8.9109489636e-06, 1.85928641372e-07, 5.39735034444e-10], "min": [1.0023156095e-21, 5.08361455344e-22, 5.32277234025e-21, 2.79593250898e-20, 4.50165486465e-20, 5.10495187121e-19, 1.47542851353e-18, 3.35071840991e-19, 2.22817977646e-19, 1.00566716359e-18, 1.14641277199e-18, 1.83907561897e-18, 2.42926216179e-18, 2.70857582564e-18, 6.6685551497e-18, 3.45318788983e-18, 2.83985538591e-18, 2.48561322063e-18, 5.62298231182e-18, 4.89224723638e-18, 7.54791721043e-18, 1.53527385211e-17, 1.48279437077e-17, 1.46226308622e-17, 1.40794577499e-17, 1.05445204273e-17, 1.19265729676e-17, 1.1299953875e-17, 1.45297252445e-17, 1.43398542067e-17, 2.31558690747e-17, 1.47740396559e-17, 1.41274573865e-17, 1.15206415266e-17, 1.2370473653e-17, 7.0709789313e-18, 3.37698594385e-18, 1.19898806154e-18, 3.26650185928e-19, 3.40890242345e-20], "median": [0.000840132357553, 0.0400264114141, 0.384294748306, 0.909632086754, 1.82570910454, 3.05601811409, 3.97594404221, 16.0937519073, 23.289516449, 26.4367923737, 22.5807590485, 7.97518348694, 7.69149112701, 5.94321393967, 4.52642869949, 6.42078542709, 2.90259003639, 2.11295771599, 3.31564092636, 2.93160367012, 2.66341662407, 1.93026673794, 0.997290790081, 0.579893767834, 0.266697108746, 0.109602153301, 0.0738583132625, 0.0483885146677, 0.0228503029794, 0.0107272900641, 0.00727578764781, 0.00762131391093, 0.00430876761675, 0.0022659804672, 0.0008908326854, 0.000366574327927, 0.000101214449387, 3.11915937345e-05, 1.4395335711e-05, 2.23561510211e-05], "max": [2.11136770248, 20.293844223, 89.7189865112, 307.888214111, 716.341247559, 319.589508057, 480.911407471, 933.637756348, 1085.08666992, 1862.4744873, 836.174865723, 907.257507324, 1544.81982422, 1352.98339844, 2645.09570312, 602.610839844, 247.845977783, 281.99105835, 263.924591064, 197.952453613, 166.358978271, 120.146987915, 95.17578125, 60.1605949402, 43.1516189575, 28.4755916595, 45.6977233887, 33.7774009705, 41.2338905334, 56.5540428162, 21.4868812561, 25.2191448212, 18.5494670868, 2.7930867672, 2.21731948853, 2.10904550552, 0.540433466434, 0.165465533733, 0.027620492503, 0.00145069393329]}, "silence_rate_30dB": {"dmean": 0.0131472488865, "dvar2": 0.0318761132658, "mean": 0.977651953697, "var": 0.0218479856849, "dmean2": 0.0262971576303, "dvar": 0.0129745062441, "min": 0, "median": 1, "max": 1}, "silence_rate_60dB": {"dmean": 0.0143608413637, "dvar2": 0.0307305101305, "mean": 0.184447363019, "var": 0.150439962745, "dmean2": 0.0287245884538, "dvar": 0.0141567215323, "min": 0, "median": 0, "max": 1}, "spectral_energyband_middle_low": {"dmean": 0.00477072782815, "dvar2": 0.000134492205689, "mean": 0.0171345621347, "var": 0.000332189316396, "dmean2": 0.00688164308667, "dvar": 6.45224645268e-05, "min": 4.24463460123e-22, "median": 0.0125812822953, "max": 0.218829482794}, "spectral_spread": {"dmean": 332796.4375, "dvar2": 500521861120, "mean": 2506699.5, "var": 4980082212860.0, "dmean2": 523793.90625, "dvar": 242171723776, "min": 472113.375, "median": 2208855.25, "max": 39972864}, "barkbands": {"dmean": [8.95664925338e-06, 0.000742186210118, 0.000878301158082, 0.000857289938722, 0.00117544981185, 0.00198952876963, 0.00174156937283, 0.000733309658244, 0.000444972160039, 0.00038898238563, 0.000184990334674, 0.000196085966309, 8.55946927913e-05, 4.51315790997e-05, 8.67139096954e-05, 6.11473369645e-05, 4.17388437199e-05, 2.74261274171e-05, 1.2238002455e-05, 5.05567049913e-06, 4.41711517851e-06, 3.48868911715e-06, 4.10074108004e-06, 2.29424017562e-06, 1.51749179622e-06, 9.38953235163e-07, 2.50585003414e-07], "dvar2": [5.72369840413e-09, 2.20819983952e-05, 2.80175900116e-05, 2.09540194192e-05, 2.1702478989e-05, 4.03599515266e-05, 2.62413632299e-05