{"tonal": {"hpcp": {"dvar": [0.057778801769, 0.0486697219312, 0.0447977297008, 0.0516786202788, 0.0643975138664, 0.0291822459549, 0.0218715369701, 0.02518668212, 0.0257685221732, 0.0250989105552, 0.0247112810612, 0.0308583639562, 0.0362081453204, 0.0443008728325, 0.025384677574, 0.0216591097414, 0.0299892537296, 0.0318739153445, 0.0517779476941, 0.0531094819307, 0.0315377525985, 0.0195787344128, 0.0189200472087, 0.039922837168, 0.101676538587, 0.0353505052626, 0.0199893862009, 0.0214606579393, 0.0241575073451, 0.0239331293851, 0.0352179147303, 0.0449516735971, 0.0491407699883, 0.0508318059146, 0.0687119737267, 0.0689912736416], "var": [0.0440245196223, 0.0353815294802, 0.0333678759634, 0.0895917788148, 0.157990291715, 0.0394026339054, 0.0144876344129, 0.0160521157086, 0.0176441948861, 0.0172986313701, 0.0161714795977, 0.0201843883842, 0.0439770147204, 0.0603980086744, 0.0211441200227, 0.0237262360752, 0.0391515530646, 0.0276358649135, 0.137512460351, 0.154996886849, 0.0271385777742, 0.0138694029301, 0.0137233259156, 0.0417494438589, 0.118826463819, 0.0424374826252, 0.015045505017, 0.0177852343768, 0.0216452144086, 0.0199265815318, 0.0288686174899, 0.0342930480838, 0.0387794077396, 0.0520487464964, 0.0756984502077, 0.0606857016683], "median": [0.0108684645966, 0.00907823164016, 0.0184384081513, 0.0539249591529, 0.0548319779336, 0.0333087034523, 0.0070135644637, 0.00603290321305, 0.00645320536569, 0.00734567316249, 0.0074071045965, 0.00902032759041, 0.0123860845342, 0.0126816695556, 0.0112046273425, 0.00913682673126, 0.00926493760198, 0.0287123546004, 0.0394115895033, 0.0402819365263, 0.0257072709501, 0.00609717937186, 0.00549937831238, 0.0197828784585, 0.0408202037215, 0.0441243611276, 0.0139720868319, 0.00895769614726, 0.00943552982062, 0.00866447761655, 0.00724479556084, 0.0079275239259, 0.0123848952353, 0.0230696965009, 0.0256299450994, 0.0174758601934], "max": [1, 1, 1, 1, 1, 1, 1, 1, 1, 1, 1, 1, 1, 1, 1, 1, 1, 1, 1, 1, 1, 1, 1, 1, 1, 1, 1, 1, 1, 1, 1, 1, 1, 1, 1, 1], "dmean": [0.139289662242, 0.116261839867, 0.122327245772, 0.152483955026, 0.152242511511, 0.105802386999, 0.061852067709, 0.0642255619168, 0.0699335411191, 0.0674470365047, 0.0728997141123, 0.0859919264913, 0.102605231106, 0.103542491794, 0.0756731703877, 0.0666874423623, 0.0753500536084, 0.100570596755, 0.137369856238, 0.128989428282, 0.0970950350165, 0.0588457249105, 0.0542121119797, 0.131796568632, 0.212684094906, 0.135053426027, 0.0633385181427, 0.0638761296868, 0.0658252313733, 0.0714663937688, 0.0871627703309, 0.103596672416, 0.121474690735, 0.144446328282, 0.169932067394, 0.168160453439], "dmean2": [0.257491767406, 0.216199964285, 0.226190254092, 0.262455880642, 0.261767029762, 0.183324292302, 0.114260718226, 0.118523754179, 0.12821097672, 0.124041125178, 0.134805053473, 0.159897238016, 0.181108132005, 0.18207642436, 0.13551440835, 0.120537273586, 0.136848270893, 0.182234808803, 0.236653551459, 0.222636565566, 0.175872161984, 0.107615292072, 0.0993845686316, 0.237454637885, 0.381198704243, 0.236676707864, 0.115322932601, 0.115246593952, 0.116735346615, 0.130563557148, 0.158247172832, 0.192094773054, 0.223390579224, 0.259590685368, 0.305200964212, 0.30949613452], "mean": [0.0997204482555, 0.0819139927626, 0.0897680670023, 0.229887112975, 0.298419475555, 0.143005922437, 0.0438759326935, 0.0442090034485, 0.0495053380728, 0.0487868748605, 0.0503434240818, 0.0603610165417, 0.102480903268, 0.112777337432, 0.0668716132641, 0.0629276931286, 0.0758726894855, 0.100597307086, 0.267516225576, 0.282882302999, 0.102913834155, 0.0417174138129, 0.0391993746161, 0.128042936325, 0.226840183139, 0.14969047904, 0.0523435734212, 0.0517832972109, 0.0555456280708, 0.0553631149232, 0.065908126533, 0.0749140456319, 0.0889971479774, 0.12744641304, 0.153660029173, 0.133475214243], "dvar2": [0.161416649818, 0.134086892009, 0.125855639577, 0.133914843202, 0.139873594046, 0.0774970576167, 0.0627828761935, 0.0719869285822, 0.0727335363626, 0.0710557028651, 0.0706947445869, 0.087128341198, 0.0870105922222, 0.0976951792836, 0.069370277226, 0.0599014721811, 0.0801035687327, 0.0900122150779, 0.115304887295, 0.112059615552, 0.0897164493799, 0.0541646555066, 0.0524908266962, 0.110187865794, 0.275926828384, 0.0960096418858, 0.0575825385749, 0.0601235106587, 0.0642465502024, 0.06544059515, 0.0943203866482, 0.124798074365, 0.136663511395, 0.132261157036, 0.174002125859, 0.190811231732], "min": [0, 0, 0, 0, 0, 0, 0, 0, 0, 0, 0, 0, 0, 0, 0, 0, 0, 0, 0, 0, 0, 0, 0, 0, 0, 0, 0, 0, 0, 0, 0, 0, 0, 0, 0, 0]}, "key_key": "D#", "thpcp": [1, 0.479211091995, 0.147027716041, 0.148143827915, 0.165891781449, 0.163484215736, 0.1687002033, 0.202269032598, 0.34341225028, 0.377915471792, 0.224085956812, 0.210869923234, 0.254248440266, 0.337100327015, 0.896443605423, 0.94793510437, 0.344862997532, 0.139794543386, 0.131356626749, 0.429070293903, 0.760138690472, 0.501610934734, 0.175402671099, 0.173525199294, 0.186132714152, 0.185521125793, 0.220857322216, 0.251036047935, 0.298228353262, 0.427071362734, 0.514912843704, 0.447273790836, 0.334161996841, 0.274492770433, 0.300811678171, 0.770348906517], "chords_key": "A#", "tuning_equal_tempered_deviation": 0.224488735199, "tuning_frequency": 434.193115234, "tuning_diatonic_strength": 0.501070141792, "chords_histogram": [6.36586999893, 1.02747380733, 10.8554840088, 0, 0.469064116478, 0, 0, 0.0223363861442, 0, 0, 0, 0.0446727722883, 0.156354695559, 0, 0, 1.85391998291, 1.20616483688, 20.5494747162, 1.9209291935, 29.9530944824, 1.60821974277, 0.670091569424, 22.2247047424, 1.07214653492], "key_strength": 0.715724289417, "key_scale": "major", "chords_strength": {"dvar": 0.000513306818902, "var": 0.00730530451983, "median": 0.439368188381, "max": 0.725608050823, "dmean": 0.0123738460243, "dmean2": 0.0148332016543, "mean": 0.439163506031, "dvar2": 0.000950845365878, "min": -1}, "chords_number_rate": 0.00245700241067, "tuning_nontempered_energy_ratio": 0.938418269157, "hpcp_entropy": {"dvar": 0.309092789888, "var": 0.551126778126, "median": 2.0256998539, "max": 4.23240613937, "dmean": 0.694047152996, "dmean2": 1.18663716316, "mean": 2.0292775631, "dvar2": 0.862014889717, "min": 0}, "chords_changes_rate": 0.0904623642564, "chords_scale": "minor"}, "rhythm": {"bpm_histogram_first_peak_spread": {"dvar": 0, "var": 0, "median": 0.450171768665, "max": 0.450171768665, "dmean": 0, "dmean2": 0, "mean": 0.450171768665, "dvar2": 0, "min": 0.450171768665}, "bpm_histogram_first_peak_weight": {"dvar": 0, "var": 0, "median": 0.507936537266, "max": 0.507936537266, "dmean": 0, "dmean2": 0, "mean": 0.507936537266, "dvar2": 0, "min": 0.507936537266}, "bpm_histogram_first_peak_bpm": {"dvar": 0, "var": 0, "median": 91, "max": 91, "dmean": 0, "dmean2": 0, "mean": 91, "dvar2": 0, "min": 91}, "bpm": 89.9960861206, "bpm_histogram_second_peak_weight": {"dvar": 0, "var": 0, "median": 0.0253968257457, "max": 0.0253968257457, "dmean": 0, "dmean2": 0, "mean": 0.0253968257457, "dvar2": 0, "min": 0.0253968257457}, "beats_loudness": {"dvar": 0.00233385828324, "var": 0.00212874868885, "median": 0.0359336137772, "max": 0.186783358455, "dmean": 0.0495873317122, "dmean2": 0.0883630514145, "mean": 0.0549321845174, "dvar2": 0.00594261521474, "min": 0}, "beats_loudness_band_ratio": {"dvar": [0.0525117293, 0.0112702222541, 0.0224434621632, 0.00979465804994, 0.00344822811894, 0.0036936562974], "var": [0.0695766434073, 0.0145506979898, 0.0202319268137, 0.00995385553688, 0.00383771327324, 0.00397750828415], "median": [0.590724229813, 0.113956660032, 0.0587552785873, 0.0484257787466, 0.0331933125854, 0.0422028414905], "max": [0.986144065857, 0.5921215415, 0.760674059391, 0.552247464657, 0.388853162527, 0.436589330435], "dmean": [0.347997874022, 0.136579185724, 0.14091669023, 0.10895281285, 0.0645606145263, 0.0688743069768], "dmean2": [0.61724281311, 0.239219203591, 0.2604162395, 0.203589051962, 0.116611033678, 0.129937306046], "mean": [0.579396665096, 0.144019275904, 0.117454782128, 0.0834151059389, 0.053144775331, 0.0578332319856], "dvar2": [0.177554130554, 0.0289113968611, 0.0632395222783, 0.0275434143841, 0.00991756934673, 0.0113795893267], "min": [0, 0, 0, 0, 0, 0]}, "bpm_histogram_second_peak_bpm": {"dvar": 0, "var": 0, "median": 112, "max": 112, "dmean": 0, "dmean2": 0, "mean": 112, "dvar2": 0, "min": 112}, "onset_rate": 6.50975847244, "beats_count": 316, "beats_position": [0.53405892849, 1.09133780003, 1.6137868166, 2.13623571396, 2.65868473053, 3.20435357094, 3.73841261864, 4.27247142792, 4.80653047562, 5.34058952332, 5.88625860214, 6.420317173, 6.94276618958, 7.46521520615, 7.99927425385, 8.53333282471, 9.05578231812, 9.58984088898, 10.1006803513, 10.6115188599, 11.110748291, 11.6215867996, 12.1208162308, 12.6084346771, 13.0960540771, 13.7578229904, 14.4195919037, 15.0929698944, 15.7663488388, 16.4281177521, 17.0898857117, 17.7632656097, 18.4250335693, 19.0868015289, 19.760181427, 20.4219493866, 21.0837192535, 21.7570972443, 22.430475235, 23.0922451019, 23.7540130615, 24.4273910522, 25.0891609192, 25.7509288788, 26.4243087769, 27.0976867676, 27.7710647583, 28.4212245941, 29.0946025848, 29.7679805756, 30.4297504425, 31.0915184021, 31.7648983002, 32.4382743835, 33.1000442505, 33.7618141174, 34.4235839844, 35.0853500366, 35.7587280273, 36.4204978943, 37.093875885, 37.755645752, 38.4290237427, 39.0907936096, 39.7525634766, 40.4259414673, 41.099319458, 41.761089325, 42.4344673157, 43.0962333679, 43.7463951111, 44.4197731018, 45.0931510925, 45.7665290833, 46.4282989502, 47.0900688171, 47.7634468079, 48.4368247986, 49.0985946655, 49.7603607178, 50.4221305847, 51.0955085754, 51.7688865662, 52.4306564331, 53.1040344238, 53.7774124146, 54.4391822815, 55.1009521484, 55.7627182007, 56.4244880676, 57.0978660583, 57.7596359253, 58.433013916, 59.094783783, 59.7681617737, 60.4299316406, 61.0916976929, 61.7650794983, 62.438457489, 63.0886154175, 63.7619934082, 64.4353713989, 65.0971450806, 65.7589111328, 66.4206771851, 67.0824508667, 67.7558288574, 68.4292068481, 69.0909729004, 69.7527389526, 70.4261245728, 71.0995025635, 71.7612686157, 72.423034668, 73.0964126587, 73.7697982788, 74.4315643311, 75.0933303833, 75.766708374, 76.4284820557, 77.1018600464, 77.7636260986, 78.4370040894, 79.098777771, 79.7721557617, 80.433921814, 81.1072998047, 81.7574615479, 82.4308395386, 83.1042175293, 83.7659835815, 84.4277572632, 85.1011352539, 85.7745132446, 86.4362792969, 87.0980453491, 87.7598190308, 88.421585083, 89.0949630737, 89.7683410645, 90.4301147461, 91.0918807983, 91.7652587891, 92.4386367798, 93.100402832, 93.7621765137, 94.4355545044, 95.0973205566, 95.7590942383, 96.432472229, 97.1058502197, 97.767616272, 98.4293823242, 99.1027679443, 99.7645339966, 100.426300049, 101.09967804, 101.77305603, 102.423217773, 103.096595764, 103.746757507, 104.420135498, 105.093513489, 105.766891479, 106.428657532, 107.090431213, 107.763809204, 108.437187195, 109.098953247, 109.760726929, 110.434104919, 111.10748291, 111.769248962, 112.431015015, 113.104400635, 113.766166687, 114.427932739, 115.10131073, 115.763084412, 116.424850464, 117.098228455, 117.771606445, 118.433380127, 119.095146179, 119.76852417, 120.430290222, 121.092063904, 121.765441895, 122.438819885, 123.100585938, 123.762359619, 124.43573761, 125.097503662, 125.759269714, 126.432647705, 127.094421387, 127.756187439, 128.42956543, 129.10295105, 129.776321411, 130.438095093, 131.099868774, 131.761627197, 132.423400879, 133.09677124, 133.77015686, 134.44354248, 135.105300903, 135.767074585, 136.440444946, 137.113830566, 137.76399231, 138.437362671, 139.110748291, 139.772521973, 140.434280396, 141.107666016, 141.769424438, 142.43119812, 143.10458374, 143.766342163, 144.428115845, 145.101501465, 145.774871826, 146.436645508, 147.098403931, 147.771789551, 148.445159912, 149.106933594, 149.768707275, 150.430480957, 151.09223938, 151.777236938, 152.438995361, 153.112380981, 153.774139404, 154.435913086, 155.109298706, 155.771057129, 156.432830811, 157.106216431, 157.779586792, 158.441360474, 159.103118896, 159.764892578, 160.438278198, 161.11164856, 161.773422241, 162.435195923, 163.096954346, 163.770339966, 164.443710327, 165.105484009, 165.76725769, 166.440628052, 167.114013672, 167.775772095, 168.437545776, 169.110931396, 169.772689819, 170.434463501, 171.107849121, 171.769607544, 172.431381226, 173.093154907, 173.766525269, 174.439910889, 175.101669312, 175.763442993, 176.425216675, 177.098587036, 177.771972656, 178.433731079, 179.107116699, 179.780502319, 180.442260742, 181.104034424, 181.765808105, 182.439178467, 183.112564087, 183.77432251, 184.436096191, 185.109481812, 185.771240234, 186.433013916, 187.106384277, 187.779769897, 188.441543579, 189.103302002, 189.776687622, 190.438461304, 191.100219727, 191.773605347, 192.446975708, 193.10874939, 193.770523071, 194.443893433, 195.105667114, 195.767440796, 196.440811157, 197.102584839, 197.764343262, 198.437728882, 199.111114502, 199.772872925, 200.434646606, 201.108016968, 201.769790649, 202.44317627, 203.104934692, 203.778320312, 204.440093994, 205.101852417, 205.775238037, 206.448608398, 207.121994019], "danceability": 1.86507630348, "bpm_histogram_second_peak_spread": {"dvar": 0, "var": 0, "median": 0.529411792755, "max": 0.529411792755, "dmean": 0, "dmean2": 0, "mean": 0.529411792755, "dvar2": 0, "min": 0.529411792755}}, "lowlevel": {"spectral_flux": {"dvar": 0.00228367256932, "var": 0.00532521307468, "median": 0.0972159877419, "max": 0.422641009092, "dmean": 0.0436264052987, "dmean2": 0.067307241261, "mean": 0.11197014153, "dvar2": 0.00409598601982, "min": 6.60291890608e-11}, "spectral_rolloff": {"dvar": 5126386, "var": 6208798, "median": 559.86328125, "max": 19401.4160156, "dmean": 1231.78662109, "dmean2": 2210.36816406, "mean": 1556.03955078, "dvar2": 13192804, "min": 21.533203125}, "barkbands_flatness_db": {"dvar": 0.00121417525224, "var": 0.00513824401423, "median": 0.155759453773, "max": 0.616973817348, "dmean": 0.0386502407491, "dmean2": 0.055098824203, "mean": 0.164626345038, "dvar2": 0.00221446389332, "min": 0.0241116471589}, "spectral_centroid": {"dvar": 176040.90625, "var": 896570.1875, "median": 913.499023438, "max": 11903.5058594, "dmean": 357.775177002, "dmean2": 541.491088867, "mean": 1111.74572754, "dvar2": 363289.0625, "min": 145.3125}, "melbands_skewness": {"dvar": 3.88753914833, "var": 11.2100000381, "median": 3.60517668724, "max": 57.6546401978, "dmean": 1.68575537205, "dmean2": 2.5218205452, "mean": 4.31179571152, "dvar2": 7.96275758743, "min": -1.43241429329}, "melbands": {"dvar": [1.00505239971e-05, 4.24151512561e-05, 1.10043420136e-05, 5.97034045313e-07, 7.80731639338e-08, 2.83827262137e-07, 1.31110175516e-06, 2.88076279276e-07, 1.79715925697e-07, 1.18035643482e-07, 4.77406985055e-08, 7.58566969239e-08, 2.84231077785e-07, 3.8134209035e-07, 4.21890504754e-08, 1.88240019128e-08, 8.45640979463e-09, 4.79092276962e-09, 6.11575901033e-09, 2.85869683481e-09, 1.39545208722e-09, 7.27057081207e-10, 1.53984591744e-09, 1.49552537021e-09, 2.34302161006e-10, 2.51487525249e-10, 6.96508517528e-10, 4.26483320881e-10, 1.23639626315e-10, 2.35538585164e-11, 7.6075312716e-11, 6.29331239899e-11, 2.68208406873e-11, 6.78374717511e-11, 1.03961360354e-10, 1.74690643895e-11, 1.42090514701e-11, 8.17627215932e-12, 1.31087128999e-11, 1.46352843039e-11], "var": [2.63701167569e-05, 4.92394610774e-05, 1.05071494545e-05, 8.76561159657e-07, 1.07543556283e-07, 3.86623298709e-07, 1.67775272075e-06, 2.89901834094e-07, 2.44599164034e-07, 1.33465661634e-07, 6.41551949343e-08, 9.38516819815e-08, 2.13147487216e-07, 2.35276900185e-07, 4.49482762122e-08, 2.40371225146e-08, 1.0476605361e-08, 6.296554389e-09, 6.73871980439e-09, 4.11214973184e-09, 2.0768640141e-09, 1.00001373848e-09, 1.72172809343e-09, 1.28336119509e-09, 2.59558541327e-10, 2.71661776408e-10, 5.06947206436e-10, 2.76027506407e-10, 9.15941489321e-11, 2.40757847686e-11, 6.1677461749e-11, 5.49130428629e-11, 2.99719797592e-11, 5.72598010673e-11, 7.81018999474e-11, 1.76336063806e-11, 1.5468010553e-11, 9.80173667925e-12, 1.27689560314e-11, 1.4711291213e-11], "median": [0.000149330488057, 0.00169562734663, 0.00139991682954, 0.0006710793823, 0.000235068611801, 0.000179467198905, 0.000142511999002, 3.94110029447e-05, 4.24665267929e-05, 3.26888402924e-05, 1.63665245054e-05, 1.445678663e-05, 1.06034221972e-05, 6.98428311807e-06, 5.83824248679e-06, 6.52692233416e-06, 5.62447166885e-06, 4.76536115457e-06, 7.46489240555e-06, 6.02770523983e-06, 8.49142816151e-06, 7.75510670792e-06, 4.8932761274e-06, 3.52843812834e-06, 2.33776404457e-06, 2.35826155404e-06, 2.60723163592e-06, 1.32370655592e-06, 1.07163123175e-06, 8.01086798674e-07, 1.26524105326e-06, 1.4052784536e-06, 1.60280160344e-06, 1.36096423375e-06, 1.03552542896e-06, 1.03633828985e-06, 8.5975705133e-07, 6.87612327965e-07, 4.61598574475e-07, 3.07004796696e-07], "max": [0.0317918732762, 0.062124311924, 0.0337674915791, 0.00992432516068, 0.00627461122349, 0.0092650949955, 0.0161631125957, 0.00982958357781, 0.00896336324513, 0.0105937262997, 0.00464300066233, 0.00648808572441, 0.00721775367856, 0.00633040582761, 0.00336310267448, 0.00261812959798, 0.00183681515045, 0.00152463081758, 0.00149860745296, 0.00101101200562, 0.000964208797086, 0.000370741588995, 0.000479352340335, 0.000384573999327, 0.000305358698824, 0.000413614092395, 0.000239482382312, 0.000201637449209, 0.000105370047095, 7.00099481037e-05, 0.000106201187009, 0.000164002834936, 7.35549692763e-05, 5.37710220669e-05, 7.55578876124e-05, 5.35711697012e-05, 8.34600141388e-05, 4.83968069602e-05, 5.45123439224e-05, 8.01388669061e-05], "dmean": [0.00149010098539, 0.00243635894731, 0.00123300263658, 0.000517107546329, 0.000160323746968, 0.000287950708298, 0.00057585752802, 0.000200117225177, 0.000166564452229, 0.000104892351374, 7.22738841432e-05, 8.47446644912e-05, 0.00018126462237, 0.000185591183254, 6.89701846568e-05, 4.51075538876e-05, 3.11311850965e-05, 2.74635258393e-05, 3.24505745084e-05, 2.47918815148e-05, 1.93626256078e-05, 1.62987325893e-05, 1.90659648069e-05, 1.5071856069e-05, 6.85798204358e-06, 6.86032808517e-06, 9.54852112045e-06, 6.51237360216e-06, 3.98946485802e-06, 2.14797910303e-06, 3.53080986315e-06, 3.48741104972e-06, 3.63583330909e-06, 5.53505151402e-06, 6.345204838e-06, 2.90673506242e-06, 2.35648235503e-06, 1.94640551854e-06, 2.36913751905e-06, 2.45559976975e-06], "dmean2": [0.0020959363319, 0.00380456540734, 0.00220225914381, 0.000904307758901, 0.00026998683461, 0.00046537281014, 0.000917684577871, 0.000325840257574, 0.000260714296019, 0.000167442427482, 0.000112093388452, 0.000133367575472, 0.000316165649565, 0.000335398915922, 0.000112611247459, 7.13144836482e-05, 4.95421336382e-05, 4.39887371613e-05, 5.22814807482e-05, 3.84945160476e-05, 3.00952815451e-05, 2.59736825683e-05, 3.09637871396e-05, 2.53406051343e-05, 1.08937083496e-05, 1.12043908302e-05, 1.64029988809e-05, 1.14216400107e-05, 6.75898945701e-06, 3.48679986928e-06, 6.00972816756e-06, 5.83080645811e-06, 6.11175073573e-06, 9.51930633164e-06, 1.11711633508e-05, 4.97207656736e-06, 3.97310986955e-06, 3.26887698066e-06, 4.13719408243e-06, 4.25932921644e-06], "mean": [0.00291502801701, 0.00361441425048, 0.00256489869207, 0.000969278684352, 0.000315275450703, 0.00038303527981, 0.000645611900836, 0.000194343519979, 0.000196412263904, 0.000122883400763, 8.52429366205e-05, 9.46268555708e-05, 0.000147808459587, 0.000133961235406, 6.70737936161e-05, 4.80445778521e-05, 3.32567069563e-05, 2.8608368666e-05, 3.38718491548e-05, 2.85403311864e-05, 2.47013558692e-05, 2.05179840123e-05, 2.13309103856e-05, 1.58133716468e-05, 7.75895114202e-06, 7.54444954509e-06, 9.05623164726e-06, 5.71633290747e-06, 3.86544616049e-06, 2.40823487729e-06, 3.60777971764e-06, 3.62459059033e-06, 3.75883655579e-06, 4.62653815703e-06, 4.78201627629e-06, 2.7701057661e-06, 2.38908478423e-06, 1.93630785361e-06, 1.98486986847e-06, 1.96119299289e-06], "dvar2": [1.86882734852e-05, 9.03448744793e-05, 3.06876499963e-05, 1.69952988927e-06, 2.10165978842e-07, 6.62486002057e-07, 3.03755814457e-06, 7.06402545347e-07, 4.11748231954e-07, 2.91604777658e-07, 1.0687421792e-07, 1.73084657717e-07, 7.75737703407e-07, 1.08932044895e-06, 1.03697992415e-07, 4.30729016898e-08, 1.96866771773e-08, 1.11084146326e-08, 1.45326870538e-08, 6.35362562562e-09, 3.21410720261e-09, 1.77076042718e-09, 3.91668919519e-09, 4.08054567913e-09, 5.74443381751e-10, 6.40266339946e-10, 1.89949878049e-09, 1.19966192536e-09, 3.33270633313e-10, 5.80529756211e-11, 2.05267747244e-10, 1.65568753152e-10, 6.72295621951e-11, 1.7331211466e-10, 2.72430134007e-10, 4.47075224064e-11, 3.6101139439e-11, 1.98225255654e-11, 3.27978373627e-11, 3.55209923975e-11], "min": [1.09288651759e-24, 1.09058491729e-24, 2.47636237417e-24, 1.17991976632e-24, 2.30643483265e-24, 1.34464615068e-24, 1.52668753886e-24, 1.12928100988e-24, 8.21912254301e-25, 1.49324486547e-24, 2.32202114642e-24, 1.75490075862e-24, 3.1736288369e-24, 1.76099924506e-24, 2.58504098007e-24, 1.67804637935e-24, 4.37591359875e-24, 3.60879488337e-24, 3.62996396576e-24, 4.06001543254e-24, 3.40648834878e-24, 4.0644160931e-24, 4.26099707524e-24, 5.69050414894e-24, 3.46053044838e-24, 4.90722995665e-24, 5.01376286088e-24, 5.35100405331e-24, 6.42749705521e-24, 4.40093863324e-24, 6.17146278209e-24, 4.90926087905e-24, 5.61525707377e-24, 5.09071939763e-24, 4.55280540155e-24, 4.98854455546e-24, 5.99327764183e-24, 6.61077074274e-24, 6.2297532921e-24, 5.24305869362e-24]}, "spectral_decrease": {"dvar": 3.22262684508e-17, "var": 6.95962569704e-17, "median": -7.91944287926e-09, "max": 1.9627337434e-28, "dmean": 3.93342203253e-09, "dmean2": 5.90494675379e-09, "mean": -1.00850465756e-08, "dvar2": 6.3824190656e-17, "min": -5.33682893433e-08}, "barkbands_kurtosis": {"dvar": 1587.80407715, "var": 8998.81738281, "median": 4.46091127396, "max": 3917.23950195, "dmean": 11.1616048813, "dmean2": 17.1683235168, "mean": 15.4130325317, "dvar2": 2400.86572266, "min": -1.90281772614}, "silence_rate_30dB": {"dvar": 0.0400338768959, "var": 0.0429885573685, "median": 1, "max": 1, "dmean": 0.0417830422521, "dmean2": 0.0835754200816, "mean": 0.954982101917, "dvar2": 0.0799383372068, "min": 0}, "gfcc": {"mean": [-3.44166779518, 69.8502502441, -84.3981246948, 33.741558075, -56.0702323914, 8.65262126923, -46.3592071533, 5.5137720108, -24.0603637695, -3.32884430885, -21.9585933685, 2.25947475433, -17.6596012115], "cov": [[13225.0800781, -472.474639893, -668.610046387, -23.3732357025, -370.076507568, 515.549682617, -270.895629883, 217.109542847, -168.614242554, 117.269706726, -257.627563477, 182.068817139, -339.919433594], [-472.474639893, 2067.52758789, -178.917556763, 338.892181396, 250.781417847, -36.4663619995, 231.485443115, -50.9282989502, 181.886245728, -121.709526062, 211.973403931, -147.682174683, 163.009963989], [-668.610046387, -178.917556763, 1911.14758301, 372.443878174, 385.958892822, 205.045135498, 90.1499557495, 81.7790603638, -38.1543159485, 68.6871261597, -85.9053573608, 139.621673584, -8.86443328857], [-23.3732357025, 338.892181396, 372.443878174, 795.25177002, 334.797485352, -72.4580078125, -20.4756355286, 48.2776260376, 114.759994507, -2.26376533508, 23.1384124756, -28.0897731781, 98.7151107788], [-370.076507568, 250.781417847, 385.958892822, 334.797485352, 481.289031982, 88.2366485596, 75.6815109253, 26.1858482361, 76.0722732544, 62.1052818298, 10.0921831131, -1.77239596844, 44.9675598145], [515.549682617, -36.4663619995, 205.045135498, -72.4580078125, 88.2366485596, 367.249847412, 161.857055664, 23.5216159821, -13.8966741562, 57.341884613, 16.9760856628, 31.4501037598, 9.80571079254], [-270.895629883, 231.485443115, 90.1499557495, -20.4756355286, 75.6815109253, 161.857055664, 329.848022461, 70.6561660767, -17.3262042999, -6.90734291077, 41.6621131897, 49.7248725891, 60.4162788391], [217.109542847, -50.9282989502, 81.7790603638, 48.2776260376, 26.1858482361, 23.5216159821, 70.6561660767, 166.313705444, 58.4889755249, 20.6672039032, 14.9710521698, 57.4673271179, 35.6565093994], [-168.614242554, 181.886245728, -38.1543159485, 114.759994507, 76.0722732544, -13.8966741562, -17.3262042999, 58.4889755249, 206.881759644, 68.3826370239, 44.2253417969, -12.6512184143, 47.2423171997], [117.269706726, -121.709526062, 68.6871261597, -2.26376533508, 62.1052818298, 57.341884613, -6.90734291077, 20.6672039032, 68.3826370239, 157.035583496, 42.4021148682, 27.1419734955, 6.52880239487], [-257.627563477, 211.973403931, -85.9053573608, 23.1384124756, 10.0921831131, 16.9760856628, 41.6621131897, 14.9710521698, 44.2253417969, 42.4021148682, 158.898803711, 31.4991130829, 45.2494773865], [182.068817139, -147.682174683, 139.621673584, -28.0897731781, -1.77239596844, 31.4501037598, 49.7248725891, 57.4673271179, -12.6512184143, 27.1419734955, 31.4991130829, 146.114486694, 25.329990387], [-339.919433594, 163.009963989, -8.86443328857, 98.7151107788, 44.9675598145, 9.80571079254, 60.4162788391, 35.6565093994, 47.2423171997, 6.52880239487, 45.2494773865, 25.329990387, 127.405677795]], "icov": [[0.000182290663361, -0.000257546431385, 0.00022784981411, -0.000325853063259, 0.000296623300528, -0.000621170911472, 0.000511988124344, -0.000576018588617, 0.000476796121802, -0.000544296228327, 0.00073849700857, -0.000712239940185, 0.000676149036735], [-0.000257546431385, 0.00149990082718, -0.000390072993468, 0.000453374639619, -0.000848488183692, 0.00118627143092, -0.0016593222972, 0.00167060166132, -0.00183090369683, 0.0023356822785, -0.00263561028987, 0.002155642258, -0.00139042118099], [0.00022784981411, -0.000390072993468, 0.00112220912706, -0.000799480709247, -7.67433448345e-06, -0.0011680261232, 0.000744168530218, -0.000890740775503, 0.000999121577479, -0.00100099958945, 0.00162266613916, -0.00185271096416, 0.00126637250651], [-0.000325853063259, 0.000453374639619, -0.000799480709247, 0.0030492960941, -0.00200770352967, 0.0017809207784, -0.000329448026605, 0.000507444201503, -0.00130031420849, 0.00185514439363, -0.00182711903471, 0.00211834325455, -0.00266708456911], [0.000296623300528, -0.000848488183692, -7.67433448345e-06, -0.00200770352967, 0.00452678883448, -0.00163776311092, 0.000221108814003, -0.000563346664421, 0.000519633002114, -0.00267796567641, 0.00219179340638, -0.00122894893866, 0.00142363272607], [-0.000621170911472, 0.00118627143092, -0.0011680261232, 0.0017809207784, -0.00163776311092, 0.00644336966798, -0.00395303219557, 0.00240026344545, -0.00161099387333, 0.000775075750425, -0.00297016859986, 0.00319436681457, -0.00237384135835], [0.000511988124344, -0.0016593222972, 0.000744168530218, -0.000329448026605, 0.000221108814003, -0.00395303219557, 0.00748283462599, -0.00433499319479, 0.00339167006314, -0.0013155300403, 0.00228172377683, -0.00308331032284, 0.000299484992865], [-0.000576018588617, 0.00167060166132, -0.000890740775503, 0.000507444201503, -0.000563346664421, 0.00240026344545, -0.00433499319479, 0.011630252935, -0.00560940057039, 0.00299297878519, -0.0023561117705, -0.000371709902538, -0.0024772696197], [0.000476796121802, -0.00183090369683, 0.000999121577479, -0.00130031420849, 0.000519633002114, -0.00161099387333, 0.00339167006314, -0.00560940057039, 0.0107330912724, -0.00618426594883, 0.00247561535798, -0.000734195346013, 0.000197570596356], [-0.000544296228327, 0.0023356822785, -0.00100099958945, 0.00185514439363, -0.00267796567641, 0.000775075750425, -0.0013155300403, 0.00299297878519, -0.00618426594883, 0.0135229052976, -0.00644621485844, 0.00207750243135, -0.00179931800812], [0.00073849700857, -0.00263561028987, 0.00162266613916, -0.00182711903471, 0.00219179340638, -0.00297016859986, 0.00228172377683, -0.0023561117705, 0.00247561535798, -0.00644621485844, 0.0137881599367, -0.00652810139582, 0.00171666569076], [-0.000712239940185, 0.002155642258, -0.00185271096416, 0.00211834325455, -0.00122894893866, 0.00319436681457, -0.00308331032284, -0.000371709902538, -0.000734195346013, 0.00207750243135, -0.00652810139582, 0.0144152082503, -0.00505611440167], [0.000676149036735, -0.00139042118099, 0.00126637250651, -0.00266708456911, 0.00142363272607, -0.00237384135835, 0.000299484992865, -0.0024772696197, 0.000197570596356, -0.00179931800812, 0.00171666569076, -0.00505611440167, 0.0142324874178]]}, "silence_rate_20dB": {"dvar": 0, "var": 0, "median": 1, "max": 1, "dmean": 0, "dmean2": 0, "mean": 1, "dvar2": 0, "min": 1}, "barkbands_skewness": {"dvar": 1.75320887566, "var": 6.54385757446, "median": 2.05665445328, "max": 60.729309082, "dmean": 1.15042185783, "dmean2": 1.72522807121, "mean": 2.50974106789, "dvar2": 3.48758387566, "min": -2.85690522194}, "erbbands_skewness": {"dvar": 0.363472253084, "var": 0.939632117748, "median": 0.429280102253, "max": 8.63210868835, "dmean": 0.611295640469, "dmean2": 0.950890898705, "mean": 0.523341834545, "dvar2": 0.836059868336, "min": -3.07630491257}, "spectral_contrast_valleys": {"dvar": [0.45312204957, 0.240693092346, 0.30251288414, 0.25966578722, 0.223261743784, 0.382395386696], "var": [4.49670791626, 2.81286740303, 2.9721288681, 2.76634407043, 2.73805308342, 2.69278526306], "median": [-7.66881847382, -7.14102458954, -7.9306936264, -8.1633348465, -7.87985229492, -9.72698402405], "max": [-4.96990251541, -4.81973457336, -5.06055402756, -5.64946460724, -5.2870593071, -7.74070501328], "dmean": [0.573836266994, 0.573620438576, 0.595505058765, 0.572412073612, 0.478479832411, 0.696566104889], "dmean2": [0.87103664875, 0.881034135818, 0.874905943871, 0.816263616085, 0.671624541283, 1.03411138058], "mean": [-8.07900428772, -7.30021858215, -8.01434707642, -8.2943572998, -7.99169874191, -9.86002159119], "dvar2": [0.837828218937, 0.55529075861, 0.630716145039, 0.537626326084, 0.432365477085, 0.784376442432], "min": [-27.9320220947, -28.0673713684, -27.6493644714, -27.6411457062, -27.4944725037, -27.4103431702]}, "spectral_strongpeak": {"dvar": 0.5194683671, "var": 0.643531143665, "median": 0.568262219429, "max": 7.34446907043, "dmean": 0.419717401266, "dmean2": 0.708132266998, "mean": 0.807596623898, "dvar2": 1.31131505966, "min": 0}, "erbbands_crest": {"dvar": 8.83875274658, "var": 17.8552436829, "median": 8.77261734009, "max": 30.4148864746, "dmean": 3.26385545731, "dmean2": 5.36314678192, "mean": 9.63604640961, "dvar2": 22.508895874, "min": 1.96268808842}, "barkbands_crest": {"dvar": 7.18159723282, "var": 22.0840358734, "median": 11.3466777802, "max": 26.9170227051, "dmean": 3.02791905403, "dmean2": 4.70744085312, "mean": 12.0315799713, "dvar2": 16.7674427032, "min": 2.52110123634}, "spectral_energyband_middle_low": {"dvar": 8.75503174029e-05, "var": 0.000131184322527, "median": 0.012669922784, "max": 0.0949608907104, "dmean": 0.0069121341221, "dmean2": 0.0115506015718, "mean": 0.0152650345117, "dvar2": 0.000230781995924, "min": 1.49112558276e-22}, "spectral_contrast_coeffs": {"dvar": [0.0027792758774, 0.00313313328661, 0.00213985797018, 0.00148473586887, 0.000717409537174, 0.000557465536986], "var": [0.0193591360003, 0.00915307365358, 0.00636691879481, 0.00500620016828, 0.00256536784582, 0.00184188957792], "median": [-0.540331423283, -0.672176718712, -0.761152029037, -0.767801642418, -0.780038833618, -0.792761683464], "max": [-0.239111885428, -0.32552832365, -0.425180137157, -0.507645905018, -0.578852236271, -0.637391865253], "dmean": [0.0549162477255, 0.0684294328094, 0.0557634793222, 0.0458471663296, 0.0320240557194, 0.0279035549611], "dmean2": [0.0864746943116, 0.108651086688, 0.0879466086626, 0.0701969563961, 0.0499600917101, 0.042903508991], "mean": [-0.531955778599, -0.669161438942, -0.752585411072, -0.761256754398, -0.776670098305, -0.790373802185], "dvar2": [0.00652618892491, 0.00754803977907, 0.00536342151463, 0.00320656155236, 0.00160404178314, 0.0012140130857], "min": [-0.97344315052, -0.973770976067, -0.981018602848, -0.983653366566, -0.972554028034, -0.96506613493]}, "hfc": {"dvar": 859.16583252, "var": 807.56451416, "median": 18.3568458557, "max": 236.61277771, "dmean": 21.3114738464, "dmean2": 35.8494529724, "mean": 26.9581317902, "dvar2": 2249.06542969, "min": 1.07901336776e-16}, "spectral_energyband_high": {"dvar": 5.02965031046e-06, "var": 4.30761929238e-06, "median": 0.000494771113154, "max": 0.0150494696572, "dmean": 0.00157049228437, "dmean2": 0.00272460910492, "mean": 0.00138994690496, "dvar2": 1.28133842736e-05, "min": 7.01331302364e-21}, "erbbands_spread": {"dvar": 668.35144043, "var": 1178.91394043, "median": 47.8305435181, "max": 202.491592407, "dmean": 22.2578735352, "dmean2": 35.541595459, "mean": 55.4366188049, "dvar2": 1539.78100586, "min": 1.34365260601}, "dissonance": {"dvar": 0.000903572479729, "var": 0.00191926013213, "median": 0.457696557045, "max": 0.500000178814, "dmean": 0.0283235739917, "dmean2": 0.0464017540216, "mean": 0.445429086685, "dvar2": 0.00222110445611, "min": 0.169153064489}, "spectral_kurtosis": {"dvar": 16.0348548889, "var": 89.9495849609, "median": 3.33472490311, "max": 240.911193848, "dmean": 2.17665314674, "dmean2": 3.49362301826, "mean": 4.36592102051, "dvar2": 32.6922531128, "min": -1.38434350491}, "spectral_skewness": {"dvar": 0.137315645814, "var": 0.59857416153, "median": 1.50881636143, "max": 13.5970849991, "dmean": 0.357129842043, "dmean2": 0.568140089512, "mean": 1.59626984596, "dvar2": 0.299418717623, "min": -0.0691596418619}, "pitch_salience": {"dvar": 0.00559970410541, "var": 0.0181093253195, "median": 0.511813879013, "max": 0.857599437237, "dmean": 0.0794866755605, "dmean2": 0.124549865723, "mean": 0.501025140285, "dvar2": 0.0127120260149, "min": 0.00471057230607}, "spectral_complexity": {"dvar": 45.0276870728, "var": 83.7053833008, "median": 12, "max": 58, "dmean": 5.00234603882, "dmean2": 7.37988805771, "mean": 13.9817914963, "dvar2": 95.1591186523, "min": 0}, "spectral_spread": {"dvar": 5646502592510.0, "var": 14864515858400.0, "median": 5301896.5, "max": 42494120, "dmean": 2117729.75, "dmean2": 3323402.75, "mean": 6543724, "dvar2": 11887051800600.0, "min": 571980.5625}, "dynamic_complexity": 2.27360844612, "melbands_crest": {"dvar": 13.0531511307, "var": 45.7153053284, "median": 17.6636390686, "max": 39.9439888, "dmean": 3.93347144127, "dmean2": 6.24285459518, "mean": 18.2272853851, "dvar2": 30.8068847656, "min": 1.51847136021}, "zerocrossingrate": {"dvar": 0.000614274817053, "var": 0.00289265578613, "median": 0.05078125, "max": 0.52001953125, "dmean": 0.0236848313361, "dmean2": 0.0315484255552, "mean": 0.0638865157962, "dvar2": 0.00094126194017, "min": 0}, "spectral_energyband_low": {"dvar": 0.000431124091847, "var": 0.000821639667265, "median": 0.0137012042105, "max": 0.196810409427, "dmean": 0.00929777231067, "dmean2": 0.0133903380483, "mean": 0.0221353825182, "dvar2": 0.000815632229205, "min": 2.59839012375e-23}, "melbands_kurtosis": {"dvar": 4205.33056641, "var": 12318.6660156, "median": 18.6221351624, "max": 3870.92626953, "dmean": 29.3742523193, "dmean2": 45.1616401672, "mean": 43.43151474, "dvar2": 8325.80273438, "min": -1.75881910324}, "spectral_energyband_middle_high": {"dvar": 8.52373414091e-05, "var": 7.86521850387e-05, "median": 0.00195088307373, "max": 0.0896290019155, "dmean": 0.00434827478603, "dmean2": 0.00701781501994, "mean": 0.00528176501393, "dvar2": 0.000232202219195, "min": 1.08153027005e-21}, "barkbands_spread": {"dvar": 249.049346924, "var": 357.683044434, "median": 17.655954361, "max": 117.860832214, "dmean": 13.4199981689, "dmean2": 21.649564743, "mean": 22.887046814, "dvar2": 596.715515137, "min": 0.129547402263}, "mfcc": {"mean": [-655.532775879, 106.208610535, 24.241394043, 25.6605701447, 12.4490909576, 2.91109800339, -8.6590013504, 4.88787603378, -5.05859136581, -4.08905553818, -5.67557382584, -3.98075413704, -0.253162056208], "cov": [[6849.234375, -263.977722168, -561.767883301, -478.109924316, -98.566192627, 103.058082581, -20.8992977142, 186.124938965, 38.9492149353, 65.8866500854, 44.6979789734, 108.317314148, 162.123809814], [-263.977722168, 1463.24304199, 31.0591449738, 154.60005188, 45.8146286011, 116.070632935, 135.473403931, 80.8925323486, 40.1034851074, 29.498544693, 31.1858310699, 74.1372528076, 7.3525223732], [-561.767883301, 31.0591449738, 1194.29870605, 293.987945557, 278.586120605, 170.613586426, 143.314407349, 110.934776306, 82.9906234741, -11.8752775192, 10.5801620483, -24.7654418945, 35.2392120361], [-478.109924316, 154.60005188, 293.987945557, 864.464538574, 378.067657471, 35.2310447693, -6.77112102509, 43.7621688843, 68.5874710083, 58.9525413513, 0.0517708845437, -28.1341381073, -13.6048564911], [-98.566192627, 45.8146286011, 278.586120605, 378.067657471, 485.310913086, 143.804748535, -18.2810153961, -15.2332019806, 47.1436233521, 94.9893188477, 42.5492782593, -10.633887291, 4.27804040909], [103.058082581, 116.070632935, 170.613586426, 35.2310447693, 143.804748535, 308.472595215, 150.653671265, 22.7367572784, 62.8577957153, 50.013885498, 45.5745277405, 31.4488945007, -1.27365541458], [-20.8992977142, 135.473403931, 143.314407349, -6.77112102509, -18.2810153961, 150.653671265, 308.375244141, 109.875801086, 58.8965263367, -11.9021911621, 15.2428445816, 47.5508270264, 14.5193729401], [186.124938965, 80.8925323486, 110.934776306, 43.7621688843, -15.2332019806, 22.7367572784, 109.875801086, 201.030502319, 76.4571228027, -7.6567363739, -2.03413701057, 24.9983100891, 36.4223823547], [38.9492149353, 40.1034851074, 82.9906234741, 68.5874710083, 47.1436233521, 62.8577957153, 58.8965263367, 76.4571228027, 171.121124268, 62.3598556519, 24.6760444641, 24.679889679, 5.43829965591], [65.8866500854, 29.498544693, -11.8752775192, 58.9525413513, 94.9893188477, 50.013885498, -11.9021911621, -7.6567363739, 62.3598556519, 152.970184326, 67.0801849365, 32.8147888184, 3.4513926506], [44.6979789734, 31.1858310699, 10.5801620483, 0.0517708845437, 42.5492782593, 45.5745277405, 15.2428445816, -2.03413701057, 24.6760444641, 67.0801849365, 123.573928833, 50.1200218201, 22.0778884888], [108.317314148, 74.1372528076, -24.7654418945, -28.1341381073, -10.633887291, 31.4488945007, 47.5508270264, 24.9983100891, 24.679889679, 32.8147888184, 50.1200218201, 126.919197083, 52.9781455994], [162.123809814, 7.3525223732, 35.2392120361, -13.6048564911, 4.27804040909, -1.27365541458, 14.5193729401, 36.4223823547, 5.43829965591, 3.4513926506, 22.0778884888, 52.9781455994, 140.777984619]], "icov": [[0.000177935929969, 4.0266495489e-05, 0.000107797241071, 0.000101157696918, -6.16945762886e-05, -0.000162319338415, 0.000130885760882, -0.000310532574076, 5.20518806297e-05, -5.57238745387e-05, 3.5673729144e-05, -3.13368327625e-05, -0.000151424232172], [4.0266495489e-05, 0.00076853740029, 7.88783363532e-05, -0.000170025945408, 7.52773121349e-05, -0.000267872441327, -0.000115724658826, -0.000287025875878, 0.000162178315804, -6.56746997265e-05, 1.25230544654e-05, -0.000394530303311, 0.000100649682281], [0.000107797241071, 7.88783363532e-05, 0.00122319790535, -7.79511610745e-05, -0.000611285620835, -0.000363813393051, -0.000238284323132, -0.000540352251846, -0.000224169445573, 0.000604162807576, -0.000191823608475, 0.000451534870081, -0.000408314081142], [0.000101157696918, -0.000170025945408, -7.79511610745e-05, 0.00207835272886, -0.00177657685708, 0.000777750276029, -0.000116593422717, -0.000507167773321, -0.000368356151739, -3.4585071262e-05, 0.00035102374386, 0.000102978316136, 0.000238288586843], [-6.16945762886e-05, 7.52773121349e-05, -0.000611285620835, -0.00177657685708, 0.00479809846729, -0.00214378070086, 0.00115820998326, 0.000519517052453, 0.000426100043114, -0.00168899795972, -0.000241347108386, 0.000557793013286, -0.000517736247275], [-0.000162319338415, -0.000267872441327, -0.000363813393051, 0.000777750276029, -0.00214378070086, 0.0063997246325, -0.00327451271005, 0.00148553622421, -0.00109396281186, -0.000397031690227, -0.000667111831717, -0.000126307553728, 0.000647728738841], [0.000130885760882, -0.000115724658826, -0.000238284323132, -0.000116593422717, 0.00115820998326, -0.00327451271005, 0.00631865113974, -0.0027351542376, -9.31092072278e-05, 0.00106435862835, -6.15932949586e-05, -0.00144749076571, 0.000426717684604], [-0.000310532574076, -0.000287025875878, -0.000540352251846, -0.000507167773321, 0.000519517052453, 0.00148553622421, -0.0027351542376, 0.00877160299569, 