{"tonal": {"hpcp": {"dvar": [0.0607249140739, 0.0530345365405, 0.0403952859342, 0.0405824035406, 0.0406033620238, 0.0410810001194, 0.0441743172705, 0.0493559241295, 0.0520612820983, 0.0537232495844, 0.0529739744961, 0.0600217916071, 0.0631821900606, 0.0798717886209, 0.0807131826878, 0.0885034501553, 0.0907580330968, 0.0755071565509, 0.0613530240953, 0.0563079528511, 0.0509396679699, 0.0418150648475, 0.0513476803899, 0.0599576234818, 0.0455795936286, 0.0301414206624, 0.0264782682061, 0.0302943885326, 0.0294596161693, 0.0255964938551, 0.0238242391497, 0.0291359312832, 0.0368009656668, 0.0399307012558, 0.0530134625733, 0.0658614337444], "var": [0.0786568969488, 0.05058497563, 0.0363184437156, 0.0339259691536, 0.0356721542776, 0.0373542383313, 0.037870503962, 0.041618257761, 0.0473213158548, 0.0455795451999, 0.044267449528, 0.0510610789061, 0.0616459026933, 0.0862944275141, 0.102696269751, 0.118339948356, 0.114901356399, 0.0824451372027, 0.0535612590611, 0.0445890910923, 0.038997028023, 0.0324376598001, 0.0432926528156, 0.0504940263927, 0.0381363630295, 0.0250923931599, 0.0328098721802, 0.0462171584368, 0.0296483151615, 0.0206531342119, 0.0217061322182, 0.0264695268124, 0.0341238677502, 0.0394892245531, 0.0577629134059, 0.0892791673541], "median": [0.189371868968, 0.113985955715, 0.0657457485795, 0.0563757643104, 0.0595596060157, 0.0579959899187, 0.0536786392331, 0.0608840994537, 0.0700353831053, 0.0695355534554, 0.0658667087555, 0.0775571018457, 0.0939963012934, 0.134650975466, 0.231821358204, 0.28594648838, 0.20957608521, 0.109487317502, 0.0694709122181, 0.0543784797192, 0.0530419498682, 0.0508702807128, 0.0629108399153, 0.0775915533304, 0.0662261843681, 0.0637784227729, 0.0767405629158, 0.0771526619792, 0.0607453435659, 0.0440573692322, 0.0433046445251, 0.0541940778494, 0.0697948485613, 0.0839217454195, 0.129103630781, 0.204766601324], "max": [1, 1, 1, 1, 1, 1, 1, 1, 1, 1, 1, 1, 1, 1, 1, 1, 1, 1, 1, 1, 1, 1, 1, 1, 1, 1, 1, 1, 1, 1, 1, 1, 1, 1, 1, 1], "dmean": [0.263716608286, 0.20428673923, 0.156171917915, 0.145559176803, 0.144978836179, 0.145814687014, 0.142369151115, 0.158389955759, 0.173528537154, 0.167816519737, 0.173809722066, 0.190440326929, 0.21407802403, 0.275859415531, 0.322741746902, 0.352392703295, 0.329993277788, 0.266470611095, 0.195797130466, 0.16696561873, 0.1502789855, 0.133070215583, 0.1638905406, 0.191319316626, 0.155297398567, 0.125070780516, 0.124124981463, 0.128570094705, 0.121091209352, 0.0988598912954, 0.096525028348, 0.11842327565, 0.149307012558, 0.160693004727, 0.216217234731, 0.279544472694], "dmean2": [0.46815481782, 0.366718292236, 0.285704493523, 0.269446909428, 0.266434907913, 0.268201977015, 0.2591624856, 0.292944431305, 0.317734658718, 0.306353420019, 0.319834828377, 0.347798794508, 0.385531008244, 0.498722225428, 0.57637065649, 0.62926620245, 0.593097388744, 0.479016929865, 0.354653477669, 0.306653439999, 0.276679486036, 0.244263648987, 0.299012750387, 0.351969718933, 0.28597933054, 0.225891306996, 0.218154251575, 0.22891677916, 0.216158002615, 0.178543403745, 0.174889460206, 0.21506652236, 0.270920276642, 0.286923706532, 0.385289490223, 0.495277106762], "mean": [0.294558167458, 0.196010902524, 0.138968467712, 0.127562090755, 0.131278321147, 0.134504333138, 0.128821223974, 0.140205606818, 0.158216655254, 0.151546135545, 0.14928804338, 0.166047021747, 0.199803888798, 0.265974283218, 0.345499962568, 0.391656458378, 0.350248664618, 0.245547518134, 0.165952190757, 0.136412918568, 0.125629588962, 0.115893743932, 0.142257779837, 0.166723415256, 0.14261174202, 0.120529577136, 0.144345641136, 0.161577641964, 0.123026072979, 0.0917899906635, 0.0917433947325, 0.111036077142, 0.140914693475, 0.158675983548, 0.220778644085, 0.312249213457], "dvar2": [0.168674603105, 0.149097084999, 0.115246765316, 0.11757555604, 0.116670168936, 0.114213101566, 0.125194251537, 0.138934910297, 0.14223138988, 0.145811453462, 0.143858984113, 0.165280774236, 0.170560881495, 0.219712600112, 0.229145333171, 0.249976694584, 0.250741332769, 0.206676274538, 0.169613450766, 0.158316358924, 0.143545493484, 0.119191989303, 0.143980056047, 0.172234132886, 0.128924995661, 0.0837786197662, 0.0720179453492, 0.0830841809511, 0.0793027803302, 0.0709025710821, 0.0655910149217, 0.0770758017898, 0.102621346712, 0.11239695549, 0.141362220049, 0.184635028243], "min": [0, 0, 0, 0, 0, 0, 0, 0, 0, 0, 0, 0, 0, 0, 0, 0, 0, 0, 0, 0, 0, 0, 0, 0, 0, 0, 0, 0, 0, 0, 0, 0, 0, 0, 0, 0]}, "key_key": "D", "thpcp": [1, 0.894275188446, 0.626946151257, 0.423718750477, 0.348297387362, 0.320764750242, 0.295906633139, 0.36322081089, 0.425687909126, 0.364124566317, 0.307743102312, 0.368551671505, 0.41254940629, 0.314117312431, 0.234363526106, 0.234244555235, 0.283503770828, 0.359791576862, 0.405140727758, 0.563704848289, 0.797252833843, 0.752083003521, 0.500466406345, 0.35482236743, 0.325698941946, 0.33518743515, 0.343424260616, 0.328913837671, 0.357981085777, 0.403967946768, 0.38693639636, 0.381170898676, 0.423960894346, 0.510150909424, 0.679100990295, 0.882150530815], "chords_key": "D", "tuning_equal_tempered_deviation": 0.231701359153, "tuning_frequency": 444.855529785, "tuning_diatonic_strength": 0.570033013821, "chords_histogram": [25.0615768433, 0.431034475565, 0, 16.3793106079, 0.246305420995, 0.677339911461, 0, 0.554187178612, 0.184729069471, 0, 4.55665016174, 0.800492584705, 0.246305420995, 0, 1.97044336796, 0, 2.0935959816, 26.1699504852, 1.35467982292, 2.64778327942, 0.554187178612, 0.369458138943, 11.6379308701, 4.06403923035], "key_strength": 0.666809618473, "key_scale": "major", "chords_strength": {"dvar": 0.000143254714203, "var": 0.0100352521986, "median": 0.508798956871, "max": 0.798701882362, "dmean": 0.0137515272945, "dmean2": 0.0175840053707, "mean": 0.509707689285, "dvar2": 0.000255248247413, "min": 0.258605092764}, "chords_number_rate": 0.00615763524547, "tuning_nontempered_energy_ratio": 0.890034794807, "hpcp_entropy": {"dvar": 0.298666268587, "var": 0.672780811787, "median": 2.68157577515, "max": 4.53566884995, "dmean": 0.680020391941, "dmean2": 1.15857994556, "mean": 2.60610938072, "dvar2": 0.864946365356, "min": 0}, "chords_changes_rate": 0.0966748744249, "chords_scale": "minor"}, "rhythm": {"bpm_histogram_first_peak_spread": {"dvar": 0, "var": 0, "median": 0.377952754498, "max": 0.377952754498, "dmean": 0, "dmean2": 0, "mean": 0.377952754498, "dvar2": 0, "min": 0.377952754498}, "bpm_histogram_first_peak_weight": {"dvar": 0, "var": 0, "median": 0.526666641235, "max": 0.526666641235, "dmean": 0, "dmean2": 0, "mean": 0.526666641235, "dvar2": 0, "min": 0.526666641235}, "bpm_histogram_first_peak_bpm": {"dvar": 0, "var": 0, "median": 123, "max": 123, "dmean": 0, "dmean2": 0, "mean": 123, "dvar2": 0, "min": 123}, "bpm": 121.965301514, "bpm_histogram_second_peak_weight": {"dvar": 0, "var": 0, "median": 0.0533333346248, "max": 0.0533333346248, "dmean": 0, "dmean2": 0, "mean": 0.0533333346248, "dvar2": 0, "min": 0.0533333346248}, "beats_loudness": {"dvar": 0.000133609195473, "var": 0.000258307933109, "median": 0.0437920764089, "max": 0.0814328044653, "dmean": 0.0121233751997, "dmean2": 0.0216123349965, "mean": 0.041104990989, "dvar2": 0.000367471686332, "min": 6.61278898306e-09}, "beats_loudness_band_ratio": {"dvar": [0.0184156708419, 0.0136779733002, 0.0113139608875, 0.00696341739967, 0.00307592959143, 0.00314799509943], "var": [0.0349481739104, 0.0178230684251, 0.0114590693265, 0.0121998917311, 0.00329911429435, 0.00316973892041], "median": [0.527442157269, 0.119448579848, 0.116729974747, 0.108279123902, 0.0710283219814, 0.028197741136], "max": [0.90534555912, 0.687217593193, 0.82976359129, 0.816354036331, 0.407729238272, 0.574474751949], "dmean": [0.172826603055, 0.14515812695, 0.1037947312, 0.0697833672166, 0.0481647253036, 0.0239403750747], "dmean2": [0.305297106504, 0.264657974243, 0.188792571425, 0.116920903325, 0.0829672440886, 0.0382323302329], "mean": [0.496630221605, 0.162738159299, 0.13469094038, 0.136488199234, 0.0857559964061, 0.0377655476332], "dvar2": [0.0547116436064, 0.0437698848546, 0.0321406126022, 0.0142059307545, 0.00899037346244, 0.00349372951314], "min": [2.21025020437e-05, 7.77721288614e-05, 0.00967179425061, 0.0231140870601, 0.00758746406063, 0.000306790025206]}, "bpm_histogram_second_peak_bpm": {"dvar": 0, "var": 0, "median": 115, "max": 115, "dmean": 0, "dmean2": 0, "mean": 115, "dvar2": 0, "min": 115}, "onset_rate": 4.45720386505, "beats_count": 151, "beats_position": [0.49922901392, 1.01006805897, 1.52090704441, 2.04335594177, 2.55419492722, 3.06503391266, 3.5758728981, 4.08671188354, 4.60916090012, 5.13160991669, 5.65405893326, 6.17650794983, 6.71056699753, 7.22140598297, 7.72063493729, 8.2198638916, 8.70748329163, 9.19510173798, 9.682721138, 10.1703395844, 10.6695690155, 11.1687984467, 11.656416893, 12.144036293, 12.6316547394, 13.1308841705, 13.6301136017, 14.117732048, 14.6053514481, 15.0929698944, 15.5921993256, 16.0914287567, 16.5790481567, 17.0666656494, 17.5542850494, 18.0419044495, 18.5295238495, 19.0287532806, 19.5163707733, 20.0156002045, 20.5032196045, 20.9908390045, 21.4784584045, 21.9776859283, 22.4769153595, 22.9761447906, 23.4637641907, 23.9629936218, 24.4506111145, 24.9498405457, 25.4374599457, 25.9250793457, 26.4126987457, 26.9119262695, 27.4111557007, 27.9103851318, 28.3980045319, 28.8856239319, 29.3732414246, 29.8608608246, 30.3484802246, 30.8360996246, 31.3237190247, 31.8113365173, 32.3105659485, 32.8097953796, 33.2974128723, 33.7966423035, 34.2958717346, 34.783493042, 35.2711105347, 35.7587280273, 36.2463493347, 36.7339668274, 37.2215881348, 37.7208137512, 38.2200431824, 38.7076644897, 39.1952819824, 39.6945114136, 40.1937408447, 40.6813583374, 41.1805877686, 41.6682090759, 42.1674385071, 42.6550559998, 43.1426734924, 43.6302947998, 44.129524231, 44.6171417236, 45.1163711548, 45.6039886475, 46.0916099548, 46.5792274475, 47.0784568787, 47.5660743713, 48.0536956787, 48.5413131714, 49.0405426025, 49.5281639099, 50.0157814026, 50.5150108337, 51.0142402649, 51.5018577576, 52.0010871887, 52.5003166199, 52.9879341125, 53.4755554199, 53.9631729126, 54.45079422, 54.9500198364, 55.4376411438, 55.936870575, 56.4244880676, 56.912109375, 57.3997268677, 57.8989562988, 58.3865737915, 58.8741950989, 59.37342453, 59.8610420227, 60.3602714539, 60.8478889465, 61.3471183777, 61.8347396851, 62.3223571777, 62.8215866089, 63.32081604, 63.8084335327, 64.2960510254, 64.7836685181, 65.2712936401, 65.7705230713, 66.2697525024, 66.7573699951, 67.2449874878, 67.7326049805, 68.2202224731, 68.7194519043, 69.2070770264, 69.7062988281, 70.2171401978, 70.7511978149, 71.2852630615, 71.8193206787, 72.3417663574, 72.8758239746, 73.3982772827, 73.9207229614, 74.4547805786, 74.9888458252], "danceability": 1.00736773014, "bpm_histogram_second_peak_spread": {"dvar": 0, "var": 0, "median": 0.652173936367, "max": 0.652173936367, "dmean": 0, "dmean2": 0, "mean": 0.652173936367, "dvar2": 0, "min": 0.652173936367}}, "lowlevel": {"spectral_flux": {"dvar": 0.000723692763131, "var": 0.00212722457945, "median": 0.118059776723, "max": 0.281629174948, "dmean": 0.0290815643966, "dmean2": 0.0465753264725, "mean": 0.118555627763, "dvar2": 0.00151406717487, "min": 6.34854044335e-11}, "spectral_rolloff": {"dvar": 251280.9375, "var": 3654683.5, "median": 1313.52539063, "max": 20951.8066406, "dmean": 439.030181885, "dmean2": 699.129516602, "mean": 1580.26184082, "dvar2": 515321.03125, "min": 107.666015625}, "barkbands_flatness_db": {"dvar": 0.000275341502856, "var": 0.00192187831271, "median": 0.0954028666019, "max": 0.349482178688, "dmean": 0.019907368347, "dmean2": 0.0310232415795, "mean": 0.105276629329, "dvar2": 0.000665777362883, "min": 0.0208083689213}, "spectral_centroid": {"dvar": 55470.5703125, "var": 610554.4375, "median": 1469.42504883, "max": 11497.3740234, "dmean": 228.925415039, "dmean2": 355.766906738, "mean": 1524.62475586, "dvar2": 124952.492188, "min": 290.462188721}, "melbands_skewness": {"dvar": 0.41307464242, "var": 1.01924026012, "median": 2.16391658783, "max": 8.11323642731, "dmean": 0.737505495548, "dmean2": 1.15248191357, "mean": 2.27238059044, "dvar2": 1.0359005928, "min": -0.355303227901}, "melbands": {"dvar": [6.17995783614e-06, 7.9334649854e-06, 2.21985942517e-06, 7.83621317169e-07, 1.00507008938e-07, 2.17910582023e-07, 2.54786840514e-07, 3.57575714816e-07, 1.154416438e-07, 4.32457873956e-08, 4.03056326093e-08, 5.6118111047e-08, 1.76172250121e-08, 1.56064388079e-08, 7.73408892485e-09, 1.10952989019e-08, 8.37955660415e-09, 7.6535879856e-09, 4.88050222458e-09, 2.59984722639e-09, 1.46579370863e-09, 1.48430268077e-09, 1.01894392923e-09, 5.50446743741e-10, 3.40080519301e-10, 1.16004872375e-10, 8.32380553373e-11, 1.7155840637e-10, 5.51967117846e-11, 6.54433660041e-11, 4.79003919862e-11, 2.23812825911e-11, 2.32036161119e-11, 1.68800824013e-11, 5.26618765956e-12, 8.24956682827e-12, 4.1806428111e-12, 5.49193394754e-13, 4.67743953379e-13, 1.80810092376e-13], "var": [7.088365237e-06, 8.89072271093e-06, 2.61413879343e-06, 1.0206015304e-06, 1.11997707108e-07, 2.39029333216e-07, 3.28766759594e-07, 3.97234742877e-07, 1.38461743404e-07, 7.11165810685e-08, 1.05920712201e-07, 1.66444380056e-07, 4.02328197424e-08, 2.28907595101e-08, 1.25812675833e-08, 1.76606658187e-08, 1.48981342818e-08, 1.12928892904e-08, 1.03453459133e-08, 5.08110531428e-09, 2.66415778327e-09, 2.31615371327e-09, 1.7845790401e-09, 1.0279495033e-09, 8.19790235695e-10, 2.95033331099e-10, 1.19785986685e-10, 2.55870796773e-10, 1.14784966254e-10, 6.21707269e-11, 3.99562050113e-11, 2.38081759169e-11, 2.31041782928e-11, 3.42761513616e-11, 1.42494878744e-11, 2.09817996311e-11, 8.32302889803e-12, 1.17967322109e-12, 1.17798988879e-12, 4.35241523811e-13], "median": [0.00161810603458, 0.00233400403522, 0.00143163313624, 0.000643949373625, 0.000267615454504, 0.000195307671675, 0.000172896630829, 0.000176333778654, 0.000123455363791, 0.000121802324429, 0.000154934532475, 0.000146502585267, 0.000109228712972, 8.83097745827e-05, 6.2177387008e-05, 6.58614590066e-05, 4.02700388804e-05, 3.43353967764e-05, 3.58271427103e-05, 4.35551228293e-05, 3.48726061929e-05, 3.62192477041e-05, 3.4498887544e-05, 2.4563201805e-05, 2.32312395383e-05, 1.26662716866e-05, 5.15084957442e-06, 4.39674295194e-06, 5.54766938876e-06, 4.37710104961e-06, 3.62300283996e-06, 3.35508457283e-06, 2.52029303738e-06, 1.25098438275e-06, 1.03365346149e-06, 8.72804264418e-07, 5.77730133955e-07, 4.47453743391e-07, 5.10135805598e-07, 3.64565352129e-07], "max": [0.0209733005613, 0.0252009779215, 0.0105672888458, 0.00870933290571, 0.00437175948173, 0.00517150294036, 0.0105639901012, 0.00664661778137, 0.00417800899595, 0.00473390845582, 0.00417004385963, 0.00430987169966, 0.00222709891386, 0.00196431856602, 0.00131085247267, 0.0036153125111, 0.0018298632931, 0.00306291668676, 0.00205542775802, 0.00112860882655, 0.000749271770474, 0.000682783720549, 0.000665299419779, 0.000480205053464, 0.00021587604715, 0.000146451362525, 0.000173262917087, 0.00033186233486, 0.000152827327838, 6.6423061071e-05, 4.58603062725e-05, 4.61229028588e-05, 5.52957826585e-05, 0.000100888944871, 5.97280923103e-05, 8.38008418214e-05, 5.83426772209e-05, 1.5465211618e-05, 1.56817513925e-05, 8.01044461696e-06], "dmean": [0.00208315998316, 0.00231749913655, 0.00132450065576, 0.000722937635146, 0.000227196636843, 0.000257729378063, 0.00026415582397, 0.000301412510453, 0.000195098633412, 0.000132430781377, 0.000143928133184, 0.000149649291416, 9.5324619906e-05, 8.57905179146e-05, 5.96621648583e-05, 6.67174026603e-05, 4.77194589621e-05, 3.80448982469e-05, 3.69726658391e-05, 3.45588814525e-05, 2.59174030361e-05, 2.64004393102e-05, 2.4202368877e-05, 1.68949864019e-05, 1.4992636352e-05, 8.11419613456e-06, 5.48869365957e-06, 4.89859075969e-06, 5.05733214595e-06, 5.712208349e-06, 4.83442909172e-06, 3.2786160773e-06, 3.20417120747e-06, 1.84148973403e-06, 9.73663077275e-07, 1.03864181256e-06, 6.22351194579e-07, 4.01976592457e-07, 3.81044287678e-07, 2.77723017916e-07], "dmean2": [0.00348114967346, 0.00386066315696, 0.00231128721498, 0.00121499691159, 0.000386989908293, 0.000437289651018, 0.000432075728895, 0.000506660668179, 0.000327454938088, 0.000217016175156, 0.000240669920458, 0.000247339194175, 0.00015884055756, 0.000145076817716, 9.98832474579e-05, 0.000112078385428, 7.80979025876e-05, 6.1555801949e-05, 6.19203565293e-05, 5.76934980927e-05, 4.31069529441e-05, 4.40558542323e-05, 4.09006715927e-05, 2.8486500014e-05, 2.53906491707e-05, 1.34901620186e-05, 9.27539986151e-06, 8.16930969449e-06, 8.542498108e-06, 1.04258051579e-05, 8.85523877514e-06, 5.90552372159e-06, 5.72301087232e-06, 3.18880370287e-06, 1.57990632488e-06, 1.70027908553e-06, 1.03261140794e-06, 6.40494135951e-07, 6.08516927514e-07, 4.48360282235e-07], "mean": [0.00246522668749, 0.00311237433925, 0.00183551025111, 0.000963722472079, 0.000346082495525, 0.000348357774783, 0.000361014826922, 0.000384421262424, 0.000255685561569, 0.000208056837437, 0.000250284967478, 0.000265708600637, 0.000166752608493, 0.000134278918267, 9.6500669315e-05, 0.00010456272139, 7.7779070125e-05, 6.26147884759e-05, 6.48697532597e-05, 6.22290826868e-05, 4.73747386422e-05, 4.80187591165e-05, 4.47413731308e-05, 3.20098770317e-05, 3.0003635402e-05, 1.706799776e-05, 8.28599058877e-06, 7.36763649911e-06, 8.09295761428e-06, 7.10615813659e-06, 5.63248386243e-06, 4.76179548059e-06, 3.93070922655e-06, 2.43254658017e-06, 1.76782737071e-06, 1.6745875655e-06, 1.02850333406e-06, 7.06267428541e-07, 7.45406794067e-07, 5.39285963441e-07], "dvar2": [1.59906503541e-05, 2.12782106246e-05, 6.28595898888e-06, 2.06651952794e-06, 2.7788286161e-07, 5.89929754824e-07, 6.38646554307e-07, 9.30990097459e-07, 3.05962998937e-07, 1.06898959018e-07, 1.10011548315e-07, 1.52838154577e-07, 4.57073312532e-08, 4.18566763472e-08, 1.93116242997e-08, 2.72952238589e-08, 2.02135961302e-08, 1.85848954004e-08, 1.14913838445e-08, 6.47957376643e-09, 3.67439167981e-09, 3.82888964978e-09, 2.80595147117e-09, 1.33154187676e-09, 9.12696918043e-10, 2.89133328391e-10, 2.09874728707e-10, 4.4045903036e-10, 1.18175122465e-10, 1.79210049578e-10, 1.29821903228e-10, 6.10719669281e-11, 6.16092246664e-11, 3.29329341575e-11, 1.08303591789e-11, 1.45756844094e-11, 9.45520051143e-12, 1.166794634e-12, 1.04346338427e-12, 4.48369368976e-13], "min": [1.09564171291e-24, 2.37604687716e-24, 3.55575227053e-24, 1.93273465856e-24, 3.96132577786e-24, 2.48801246923e-24, 3.35916063877e-24, 3.19800739989e-24, 1.03771220537e-24, 3.48438402443e-24, 1.52875701684e-24, 2.0043742728e-24, 3.1496204469e-24, 2.92973789413e-24, 3.57552980228e-24, 5.42023330306e-24, 3.56666852774e-24, 4.17404212095e-24, 5.017950529e-24, 3.32538437582e-24, 4.62661753873e-24, 7.80067314938e-24, 6.52561281359e-24, 4.5085364997e-24, 4.82359255689e-24, 5.71426266725e-24, 6.85281732872e-24, 3.84894662545e-24, 6.58523452637e-24, 5.75743860231e-24, 4.6223091749e-24, 5.32304090637e-24, 6.94750666975e-24, 6.90616010313e-24, 6.38244757549e-24, 5.69731044083e-24, 6.68543918843e-24, 5.59253985185e-24, 8.39436040032e-24, 7.16737798125e-24]}, "spectral_decrease": {"dvar": 1.46217987185e-17, "var": 2.56161259008e-17, "median": -9.50808498601e-09, "max": 2.95316217263e-17, "dmean": 3.70830055552e-09, "dmean2": 6.31994101497e-09, "mean": -9.90396209488e-09, "dvar2": 3.94455600387e-17, "min": -3.22653441742e-08}, "barkbands_kurtosis": {"dvar": 4.22978925705, "var": 7.20646810532, "median": 0.752327263355, "max": 31.671339035, "dmean": 1.59974718094, "dmean2": 2.58750462532, "mean": 1.46575880051, "dvar2": 10.9033460617, "min": -1.722859025}, "silence_rate_30dB": {"dvar": 0, "var": 0, "median": 1, "max": 1, "dmean": 0, "dmean2": 0, "mean": 1, "dvar2": 0, "min": 1}, "gfcc": {"mean": [29.7450962067, 91.7386322021, -121.873634338, 27.6280937195, -42.8637313843, 11.7753782272, -26.3266162872, 8.2283000946, -18.8796443939, -2.90871596336, -17.5540866852, 2.90293502808, -11.8436689377], "cov": [[19417.9707031, 695.088195801, -636.365783691, 971.822387695, -258.430847168, 437.978485107, -183.89994812, 239.01713562, -386.540557861, 38.7373580933, -216.491027832, 53.6143264771, -213.750396729], [695.088195801, 1171.43713379, -144.349975586, 362.804748535, 4.00498151779, -165.342071533, 83.7611694336, -121.30695343, -11.1278266907, -66.4024124146, 7.37190055847, -35.8151779175, 3.60593318939], [-636.365783691, -144.349975586, 575.641784668, 240.24546814, 65.1119384766, 42.4898719788, 75.0117340088, 30.963054657, -42.5606613159, 16.7329082489, 35.3229484558, -7.54955911636, -40.059589386], [971.822387695, 362.804748535, 240.24546814, 633.821777344, 98.2284164429, 0.444540917873, 138.345001221, -77.1676101685, -52.6359367371, -7.90998601913, -11.2242126465, -16.4546432495, -33.3895988464], [-258.430847168, 4.00498151779, 65.1119384766, 98.2284164429, 205.534942627, 28.1852474213, 56.6228370667, -44.8407516479, 3.86781144142, 20.5073833466, -25.3348522186, 9.9376745224, 12.6696825027], [437.978485107, -165.342071533, 42.4898719788, 0.444540917873, 28.1852474213, 136.618896484, 22.0794773102, 42.1871376038, -7.97951030731, 12.813914299, -1.72593295574, 12.8152770996, -6.01562070847], [-183.89994812, 83.7611694336, 75.0117340088, 138.345001221, 56.6228370667, 22.0794773102, 140.873825073, -8.89175224304, -4.41894245148, -8.68642902374, -0.277991116047, 12.5110759735, -1.851115942], [239.01713562, -121.30695343, 30.963054657, -77.1676101685, -44.8407516479, 42.1871376038, -8.89175224304, 126.704925537, 14.5710382462, 20.8516025543, 35.1422576904, -5.89935398102, -16.8457736969], [-386.540557861, -11.1278266907, -42.5606613159, -52.6359367371, 3.86781144142, -7.97951030731, -4.41894245148, 14.5710382462, 86.5140457153, 30.4140453339, 14.0400590897, 8.04654502869, 13.8304786682], [38.7373580933, -66.4024124146, 16.7329082489, -7.90998601913, 20.5073833466, 12.813914299, -8.68642902374, 20.8516025543, 30.4140453339, 79.8753662109, 31.3057613373, -4.61220121384, -12.7453556061], [-216.491027832, 7.37190055847, 35.3229484558, -11.2242126465, -25.3348522186, -1.72593295574, -0.277991116047, 35.1422576904, 14.0400590897, 31.3057613373, 85.6483230591, 4.09589767456, -12.5904464722], [53.6143264771, -35.8151779175, -7.54955911636, -16.4546432495, 9.9376745224, 12.8152770996, 12.5110759735, -5.89935398102, 8.04654502869, -4.61220121384, 4.09589767456, 65.7690505981, 28.1074523926], [-213.750396729, 3.60593318939, -40.059589386, -33.3895988464, 12.6696825027, -6.01562070847, -1.851115942, -16.8457736969, 13.8304786682, -12.7453556061, -12.5904464722, 28.1074523926, 62.9531555176]], "icov": [[0.000141114345752, -0.000134355097543, 0.000317061087117, -0.000409766100347, 0.000195751854335, -0.000464679294964, 0.000509056902956, -0.000611866184045, 0.000675001065247, -0.00053819315508, 0.000665891391691, -0.000686928746291, 0.000421317818109], [-0.000134355097543, 0.00186906126328, 0.000588460476138, -0.000796025036834, -0.000260827189777, 0.00201262929477, -0.00103447155561, 0.000907721871044, -0.000968191132415, 0.0019448910607, -0.00198262673803, 0.00157621921971, -0.000647501496132], [0.000317061087117, 0.000588460476138, 0.00358273345046, -0.00232485542074, -0.000287559523713, -0.000390477769542, 0.00064218393527, -0.00226958817802, 0.00232216250151, -0.00053130480228, -0.000106680156023, -0.00124389352277, 0.00143802457023], [-0.000409766100347, -0.000796025036834, -0.00232485542074, 0.00469339685515, -0.000680933473632, 0.000435182679212, -0.00322370883077, 0.00323071936145, -0.000925942265894, 0.000215352833038, -0.000980702694505, 0.00202050292864, -0.000238676628214], [0.000195751854335, -0.000260827189777, -0.000287559523713, -0.000680933473632, 0.00762550206855, -0.00225117406808, -0.00153901882004, 0.00191207975149, 0.000574046920519, -0.00433390820399, 0.00333763356321, -0.0008676428115, -0.00109658378642], [-0.000464679294964, 0.00201262929477, -0.000390477769542, 0.000435182679212, -0.00225117406808, 0.0127311609685, -0.00321713718586, -0.00198731478304, -0.000475653505418, 0.00130900414661, -0.00125670013949, 0.00036461482523, -0.000712098029908], [0.000509056902956, -0.00103447155561, 0.00064218393527, -0.00322370883077, -0.00153901882004, -0.00321713718586, 0.0126443020999, -0.00326462183148, 0.00103624339681, 0.000605967477895, 0.00172937242314, -0.00474455906078, 0.00234631588683], [-0.000611866184045, 0.000907721871044, -0.00226958817802, 0.00323071936145, 0.00191207975149, -0.00198731478304, -0.00326462183148, 0.0157581716776, -0.00484893936664, 0.00177124131005, -0.00635954970494, 0.00494539830834, -0.000370196125004], [0.000675001065247, -0.000968191132415, 0.00232216250151, -0.000925942265894, 0.000574046920519, -0.000475653505418, 0.00103624339681, -0.00484893936664, 0.0193415656686, -0.00950919184834, 0.00310011929832, -0.00412229215726, -0.00180803297553], [-0.00053819315508, 0.0019448910607, -0.00053130480228, 0.000215352833038, -0.00433390820399, 0.00130900414661, 0.000605967477895, 0.00177124131005, -0.00950919184834, 0.0232036150992, -0.010086229071, 0.00445179129019, 0.00210846075788], [0.000665891391691, -0.00198262673803, -0.000106680156023, -0.000980702694505, 0.00333763356321, -0.00125670013949, 0.00172937242314, -0.00635954970494, 0.00310011929832, -0.010086229071, 0.02113892138, -0.00717334356159, 0.00405114330351], [-0.000686928746291, 0.00157621921971, -0.00124389352277, 0.00202050292864, -0.0008676428115, 0.00036461482523, -0.00474455906078, 0.00494539830834, -0.00412229215726, 0.00445179129019, -0.00717334356159, 0.0244891289622, -0.0113109238446], [0.000421317818109, -0.000647501496132, 0.00143802457023, -0.000238676628214, -0.00109658378642, -0.000712098029908, 0.00234631588683, -0.000370196125004, -0.00180803297553, 0.00210846075788, 0.00405114330351, -0.0113109238446, 0.0249479431659]]}, "silence_rate_20dB": {"dvar": 0, "var": 0, "median": 1, "max": 1, "dmean": 0, "dmean2": 0, "mean": 1, "dvar2": 0, "min": 1}, "barkbands_skewness": {"dvar": 0.175546586514, "var": 0.49710854888, "median": 1.17446684837, "max": 5.39856100082, "dmean": 0.485817551613, "dmean2": 0.757229268551, "mean": 1.22355353832, "dvar2": 0.43450564146, "min": -2.35324621201}, "erbbands_skewness": {"dvar": 0.0739622563124, "var": 0.273957818747, "median": -0.0591409765184, "max": 4.28562688828, "dmean": 0.299656540155, "dmean2": 0.46884855628, "mean": 0.00787207763642, "dvar2": 0.19054363668, "min": -2.06885290146}, "spectral_contrast_valleys": {"dvar": [0.126610547304, 0.117564022541, 0.0919935777783, 0.0766554102302, 0.0880705416203, 0.112144529819], "var": [3.95942044258, 3.44152832031, 3.28285264969, 3.14968085289, 3.24890732765, 2.8781774044], "median": [-6.4369392395, -6.10415458679, -6.28513240814, -6.7353014946, -6.80820274353, -9.65476417542], "max": [-5.35679912567, -4.35749435425, -5.22835493088, -5.61146783829, -5.84565401077, -8.39470291138], "dmean": [0.427770167589, 0.391436129808, 0.323270022869, 0.285423666239, 0.275956422091, 0.292791128159], "dmean2": [0.721049487591, 0.64073497057, 0.527987480164, 0.463341623545, 0.440915256739, 0.458637416363], "mean": [-6.90034770966, -6.4115152359, -6.57965564728, -7.02112340927, -7.1411356926, -10.0982618332], "dvar2": [0.31218034029, 0.261717379093, 0.186696052551, 0.152226001024, 0.168277785182, 0.240726754069], "min": [-28.0959091187, -27.6386299133, -27.4968643188, -27.6081962585, -27.565114975, -27.4081420898]}, "spectral_strongpeak": {"dvar": 0.620720744133, "var": 0.788870751858, "median": 0.356578797102, "max": 11.353302002, "dmean": 0.440498352051, "dmean2": 0.775520265102, "mean": 0.636376619339, "dvar2": 1.69733715057, "min": 0}, "erbbands_crest": {"dvar": 4.26601600647, "var": 11.8489923477, "median": 5.96986436844, "max": 27.6453418732, "dmean": 2.14614963531, "dmean2": 3.56884217262, "mean": 6.95108366013, "dvar2": 10.8888082504, "min": 2.13346648216}, "barkbands_crest": {"dvar": 7.55109405518, "var": 13.5964727402, "median": 7.80205535889, "max": 25.7751941681, "dmean": 3.20093154907, "dmean2": 5.21148633957, "mean": 8.68397808075, "dvar2": 19.3033027649, "min": 2.54358959198}, "spectral_energyband_middle_low": {"dvar": 6.0214108089e-05, "var": 8.87117785169e-05, "median": 0.0132015179843, "max": 0.0767672136426, "dmean": 0.00663511222228, "dmean2": 0.0112194279209, "mean": 0.0146543234587, "dvar2": 0.000161957505043, "min": 1.8865371259e-22}, "spectral_contrast_coeffs": {"dvar": [0.00206372141838, 0.00144632044248, 0.00088570616208, 0.000554901256692, 0.000358389923349, 0.000488642428536], "var": [0.00524420524016, 0.00374168879353, 0.00314458366483, 0.00207723118365, 0.00142376660369, 0.00268108141609], "median": [-0.662993133068, -0.774163007736, -0.803464770317, -0.802507698536, -0.785031676292, -0.735162556171], "max": [-0.424507111311, -0.516201674938, -0.522621273994, -0.425044506788, -0.575958013535, -0.580730319023], "dmean": [0.0589784756303, 0.0493507273495, 0.0371039547026, 0.0288943313062, 0.0225910507143, 0.0235478281975], "dmean2": [0.0994681939483, 0.0833175703883, 0.0628277808428, 0.0490852817893, 0.0375246480107, 0.0395123139024], "mean": [-0.663930237293, -0.769335448742, -0.796390652657, -0.799717843533, -0.783641159534, -0.737563669682], "dvar2": [0.00570067530498, 0.00402907980606, 0.00251714978367, 0.00149396550842, 0.000928385881707, 0.00131552922539], "min": [-0.981889724731, -0.986550331116, -0.997684061527, -0.988005578518, -0.989447832108, -0.96514248848]}, "hfc": {"dvar": 105.99471283, "var": 256.203277588, "median": 27.1963596344, "max": 99.636756897, "dmean": 8.86083126068, "dmean2": 14.9953269958, "mean": 28.391916275, "dvar2": 270.842346191, "min": 1.08681480591e-16}, "spectral_energyband_high": {"dvar": 5.77865023388e-07, "var": 1.22167080008e-06, "median": 0.000704326841515, "max": 0.0133159914985, "dmean": 0.000523807597347, "dmean2": 0.000914825883228, "mean": 0.000939007150009, "dvar2": 1.30452337999e-06, "min": 6.97076330529e-21}, "erbbands_spread": {"dvar": 31.1315879822, "var": 111.952590942, "median": 35.4622154236, "max": 72.8755874634, "dmean": 6.41351127625, "dmean2": 10.4173679352, "mean": 35.1719245911, "dvar2": 81.8788909912, "min": 2.41526508331}, "dissonance": {"dvar": 0.000173849854036, "var": 0.000341490813298, "median": 0.486376792192, "max": 0.499999970198, "dmean": 0.0121847521514, "dmean2": 0.0208905804902, "mean": 0.481702804565, "dvar2": 0.000457372545497, "min": 0.251606106758}, "spectral_kurtosis": {"dvar": 2.68446469307, "var": 9.84660148621, "median": 4.28856706619, "max": 33.4642372131, "dmean": 1.41391205788, "dmean2": 2.44072818756, "mean": 4.87257242203, "dvar2": 7.6364979744, "min": -1.24529719353}, "spectral_skewness": {"dvar": 0.0361482389271, "var": 0.228331372142, "median": 1.49908339977, "max": 4.76142692566, "dmean": 0.204653203487, "dmean2": 0.344799429178, "mean": 1.55021071434, "dvar2": 0.0982890948653, "min": -0.0526049844921}, "pitch_salience": {"dvar": 0.0052733742632, "var": 0.00969045888633, "median": 0.62278854847, "max": 0.996010363102, "dmean": 0.0858614444733, "dmean2": 0.139696285129, "mean": 0.609407842159, "dvar2": 0.013812973164, "min": 0.220941931009}, "spectral_complexity": {"dvar": 17.8695335388, "var": 105.551979065, "median": 33, "max": 56, "dmean": 4.79544067383, "dmean2": 7.64869022369, "mean": 31.7548503876, "dvar2": 44.4496765137, "min": 0}, "spectral_spread": {"dvar": 348076113920, "var": 6958763474940.0, "median": 4021049.5, "max": 41761648, "dmean": 344135.5, "dmean2": 529919.5625, "mean": 4181407.75, "dvar2": 685778796544, "min": 1562851.125}, "dynamic_complexity": 2.31507468224, "melbands_crest": {"dvar": 8.42610931396, "var": 16.6952514648, "median": 12.336186409, "max": 32.6086006165, "dmean": 3.61998176575, "dmean2": 5.87835502625, "mean": 12.7130632401, "dvar2": 21.6599674225, "min": 1.00507080555}, "zerocrossingrate": {"dvar": 0.000115955568617, "var": 0.00223403587006, "median": 0.0546875, "max": 0.5986328125, "dmean": 0.00821097753942, "dmean2": 0.0102754235268, "mean": 0.0606971047819, "dvar2": 0.000173947555595, "min": 0.0126953125}, "spectral_energyband_low": {"dvar": 0.000153689819854, "var": 0.0002083171712, "median": 0.0145621132106, "max": 0.0918629541993, "dmean": 0.0112800272182, "dmean2": 0.0185264442116, "mean": 0.0176299531013, "dvar2": 0.000404053396778, "min": 2.78448335793e-23}, "melbands_kurtosis": {"dvar": 31.8147392273, "var": 48.9807624817, "median": 5.38269805908, "max": 80.7880096436, "dmean": 4.71171712875, "dmean2": 7.56966304779, "mean": 7.24967384338, "dvar2": 80.9206771851, "min": -1.48927938938}, "spectral_energyband_middle_high": {"dvar": 1.09363845695e-05, "var": 3.7088386307e-05, "median": 0.00869688764215, "max": 0.0395971387625, "dmean": 0.00310849654488, "dmean2": 0.00513381324708, "mean": 0.00965552125126, "dvar2": 2.80248059426e-05, "min": 1.28962243674e-21}, "barkbands_spread": {"dvar": 21.5925998688, "var": 111.434211731, "median": 24.6253871918, "max": 115.05670929, "dmean": 5.00040245056, "dmean2": 7.93519353867, "mean": 25.0273609161, "dvar2": 48.0352478027, "min": 1.50793731213}, "mfcc": {"mean": [-607.020568848, 124.835296631, -15.2950220108, 22.513551712, 4.11097240448, 8.18279075623, 1.70310413837, 11.6714878082, 5.21957397461, -3.31072831154, 2.52278614044, 0.249225318432, -2.20247268677], "cov": [[10275.9892578, 555.894470215, 86.3378601074, 736.750305176, 116.491325378, 383.364959717, 243.903686523, 257.369018555, 44.9234313965, -3.52784967422, 123.491020203, 76.1328430176, -17.2184410095], [555.894470215, 783.413330078, -101.768539429, 234.031738281, -34.5461273193, 22.9383335114, -21.3090267181, 8.8421497345, -4.13121891022, -63.5121154785, 24.3483943939, -3.70541024208, -36.4766197205], [86.3378601074, -101.768539429, 463.701049805, 190.201461792, 21.9002590179, 5.43435430527, 96.8402481079, 33.3490600586, -44.9595336914, 27.1846351624, 22.4358215332, 47.6113739014, 3.42746424675], [736.750305176, 234.031738281, 190.201461792, 619.702148438, 17.7419128418, 210.05796814, 89.6351242065, 46.7047576904, -4.14994335175, -44.9552764893, 35.214012146, 11.1502695084, -17.6974430084], [116.491325378, -34.5461273193, 21.9002590179, 17.7419128418, 120.79283905, 33.1680679321, 15.9996290207, -14.4236917496, 6.85849761963, 20.9019393921, 11.6745042801, -1.46336555481, 1.32532846928], [383.364959717, 22.9383335114, 5.43435430527, 210.05796814, 33.1680679321, 220.861297607, 45.3162651062, 35.1183242798, 31.793838501, -30.0480518341, -5.81446409225, -3.53876304626, -7.00472927094], [243.903686523, -21.3090267181, 96.8402481079, 89.6351242065, 15.9996290207, 45.3162651062, 131.836532593, 40.358341217, -6.4828119278, 8.51193141937, 27.624414444, 14.3080749512, -4.73493099213], [257.369018555, 8.8421497345, 33.3490600586, 46.7047576904, -14.4236917496, 35.1183242798, 40.358341217, 96.7867965698, 21.7276287079, -11.9908456802, -4.88777256012, 2.81232261658, -0.446051925421], [44.9234313965, -4.13121891022, -44.9595336914, -4.14994335175, 6.85849761963, 31.793838501, -6.4828119278, 21.7276287079, 72.2107086182, 5.99680089951, -10.093993187, -10.8757991791, -2.4597556591], [-3.52784967422, -63.5121154785, 27.1846351624, -44.9552764893, 20.9019393921, -30.0480518341, 8.51193141937, -11.9908456802, 5.99680089951, 78.9123764038, 27.9798126221, 14.035779953, 7.1941447258], [123.491020203, 24.3483943939, 22.4358215332, 35.214012146, 11.6745042801, -5.81446409225, 27.624414444, -4.88777256012, -10.093993187, 27.9798126221, 83.829826355, 31.9242534637, 2.54030489922], [76.1328430176, -3.70541024208, 47.6113739014, 11.1502695084, -1.46336555481, -3.53876304626, 14.3080749512, 2.81232261658, -10.8757991791, 14.035779953, 31.9242534637, 59.6656036377, 23.436170578], [-17.2184410095, -36.4766197205, 3.42746424675, -17.6974430084, 1.32532846928, -7.00472927094, -4.73493099213, -0.446051925421, -2.4597556591, 7.1941447258, 2.54030489922, 23.436170578, 59.4721336365]], "icov": [[0.000119989905215, -6.0937134549e-05, 6.7965425842e-05, -8.43209199957e-05, -0.000120118893392, -7.6078933489e-05, -6.26031978754e-05, -0.000290303170914, 7.42565462133e-05, -0.000124862242956, -2.9238373827e-05, -0.000124816113384, 2.35208190134e-05], [-6.0937134549e-05, 0.00191848084796, 0.000861575070303, -0.00120033451822, 8.23599693831e-05, 0.00112126523163, 0.000380714627681, -0.000134608140797, -3.10584073304e-05, 0.00107210699935, -0.000357649318175, -0.000783118361142, 0.00110463076271], [6.7965425842e-05, 0.000861575070303, 0.00411594472826, -0.00206863880157, -0.000830315053463, 0.00189959909767, -0.00163521768991, -0.00118577317335, 0.00184169283602, -0.00134476495441, 0.00203079520725, -0.00331968278624, 0.00125877698883], [-8.43209199957e-05, -0.00120033451822, -0.00206863880157, 0.00417203316465, 0.000620984355919, -0.00371790397912, -0.000148990773596, 0.000453769520391, 0.000252334022662, 0.00104141095653, -0.00198444561101, 0.00181385502219, -0.00060567172477], [-0.000120118893392, 8.23599693831e-05, -0.000830315053463, 0.000620984355919, 0.0101525476202, -0.00237328489311, -0.000764485856052, 0.00279402127489, -0.000918146281037, -0.00218638288788, -0.00125425017904, 0.0022356538102, -0.00089823192684], [-7.6078933489e-05, 0.00112126523163, 0.00189959909767, -0.00371790397912, -0.00237328489311, 0.0096970461309, -0.00184479658492, -0.000693058012985, -0.00313534168527, 0.00236451602541, 0.00207031005993, -0.00224008248188, 0.000871418858878], [-6.26031978754e-05, 0.000380714627681, -0.00163521768991, -0.000148990773596, -0.000764485856052, -0.00184479658492, 0.0120061291382, -0.00443527381867, 0.00204259552993, -0.000807306671049, -0.00352752581239, 0.000673166650813, 0.00105519313365], [-0.000290303170914, -0.000134608140797, -0.00118577317335, 0.000453769520391, 0.00279402127489, -0.000693058012985, -0.00443527381867, 0.0154770864174, -0.00568395154551, 0.00253150193021, 0.00114728941116, -0.000347120134393, -0.000797702930868], [7.42565462133e-05, -3.10584073304e-05, 0.00184169283602, 0.000252334022662, -0.000918146281037, -0.00313534168527, 0.00204259552993, -0.00568395154551, 0.019197916612, -0.00486947642639, 0.0015109248925, 0.00162778841332, 0.000419631920522], [-0.000124862242956, 0.00107210699935, -0.00134476495441, 0.00104141095653, -0.00218638288788, 0.00236451602541, -0.000807306671049, 0.00253150193021, -0.00486947642639, 0.01923722215, -0.00607689842582, -0.000605828943662, -0.000739407434594], [-2.9238373827e-05, -0.000357649318175, 0.00203079520725, -0.00198444561101, -0.00125425017904, 0.00207031005993, -0.00352752581239, 0.00114728941116, 0.0015109248925, -0.00607689842582, 0.0200815163553, -0.0106472680345, 0.00319976173341], [-0.000124816113384, -0.000783118361142, -0.00331968278624, 0.00181385502219, 0.0022356538102, -0.00224008248188, 0.000673166650813, -0.000347120134393, 0.00162778841332, -0.000605828943662, -0.0106472680345, 0.0294348821044, -0.0110520459712], [2.35208190134e-05, 0.00110463076271, 0.00125877698883, -0.00060567172477, -0.00089823192684, 0.000871418858878, 0.00105519313365, -0.000797702930868, 0.000419631920522, -0.000739407434594, 0.00319976173341, -0.0110520459712, 0.0217722263187]]}, "silence_rate_60dB": {"dvar": 0.0024585116189, "var": 0.0432225428522, "median": 0, "max": 1, "dmean": 0.00246457173489, "dmean2": 0.0049306624569, "mean": 0.0452725589275, "dvar2": 0.00552267720923, "min": 0}, "melbands_flatness_db": {"dvar": 0.000509028090164, "var": 0.00228631356731, "median": 0.173595920205, "max": 0.404386430979, "dmean": 0.0278695877641, "dmean2": 0.0426409244537, "mean": 0.179229170084, "dvar2": 0.00122639455367, "min": 5.34978653377e-07}, "spectral_rms": {"dvar": 1.02547460301e-06, "var": 3.48945923179e-06, "median": 0.00612740777433, "max": 0.0111814839765, "dmean": 0.00107807444874, "dmean2": 0.0018146506045, "mean": 0.00595743907616, "dvar2": 2.77250683212e-06, "min": 3.13100630492e-12}, "melbands_spread": {"dvar": 42.3454284668, "var": 219.553604126, "median": 23.9175243378, "max": 178.624450684, "dmean": 7.26625537872, "dmean2": 11.4056072235, "mean": 25.7900714874, "dvar2": 100.383605957, "min": 2.90790057182}, "average_loudness": 0.968511044979, "erbbands_kurtosis": {"dvar": 0.927657306194, "var": 2.21647930145, "median": -0.27821925282