{"tonal": {"chords_key": "G#", "hpcp_entropy": {"dmean": 0.636965692043, "dmean2": 1.08621895313, "max": 4.78307771683, "dvar": 0.286415487528, "mean": 3.22944545746, "dvar2": 0.793307065964, "min": 0, "var": 0.571955740452, "median": 3.34715008736}, "key_key": "E", "chords_strength": {"dmean": 0.0140225607902, "dmean2": 0.0165240038186, "max": 0.774343967438, "dvar": 0.00013470108388, "mean": 0.470219761133, "dvar2": 0.000196283261175, "min": 0.230471879244, "var": 0.00866728741676, "median": 0.46741849184}, "key_scale": "minor", "chords_number_rate": 0.00349040143192, "thpcp": [1, 0.73346143961, 0.616214513779, 0.529669761658, 0.385647982359, 0.359224021435, 0.361247867346, 0.324864804745, 0.39794126153, 0.512690961361, 0.468579083681, 0.382028907537, 0.321122795343, 0.286766827106, 0.359948724508, 0.436826378107, 0.511732876301, 0.621350049973, 0.535175681114, 0.395948857069, 0.494351655245, 0.55518245697, 0.424616664648, 0.345978438854, 0.349723786116, 0.328525573015, 0.296358376741, 0.28092160821, 0.333531171083, 0.449549347162, 0.465042501688, 0.371605247259, 0.352715849876, 0.426275074482, 0.584977805614, 0.918063282967], "key_strength": 0.547092378139, "tuning_nontempered_energy_ratio": 0.895159780979, "tuning_frequency": 434.193115234, "chords_changes_rate": 0.106651157141, "tuning_diatonic_strength": 0.274136304855, "chords_scale": "minor", "chords_histogram": [2.26876091957, 11.1692848206, 13.5156097412, 0.620515823364, 0.0969555974007, 6.41846036911, 5.41012239456, 6.86445617676, 14.6402950287, 3.78126811981, 0, 0.795035898685, 2.30754303932, 6.43785142899, 6.0500292778, 2.21058750153, 3.49040150642, 0, 0.717471420765, 1.57068061829, 1.53189837933, 3.85883259773, 1.90032958984, 4.34361076355], "tuning_equal_tempered_deviation": 0.194561064243, "hpcp": {"dmean": [0.135869115591, 0.137692317367, 0.125339984894, 0.13386297226, 0.165664821863, 0.198136910796, 0.214835673571, 0.229423984885, 0.226335212588, 0.191821470857, 0.146009996533, 0.116619564593, 0.108514778316, 0.10486766696, 0.0992815792561, 0.109231904149, 0.121082276106, 0.127318114042, 0.112331129611, 0.0981236174703, 0.0966309905052, 0.113052293658, 0.118864357471, 0.15152913332, 0.179395258427, 0.154446542263, 0.148857980967, 0.152888387442, 0.150272443891, 0.151313334703, 0.126990780234, 0.105050615966, 0.0975098907948, 0.0907986089587, 0.0921028777957, 0.113978877664], "dmean2": [0.239527598023, 0.241875633597, 0.223827466369, 0.244255453348, 0.300848275423, 0.350564539433, 0.374367177486, 0.39557787776, 0.397125601768, 0.340348213911, 0.257761329412, 0.207296207547, 0.192803457379, 0.183253914118, 0.175693526864, 0.190045267344, 0.20953476429, 0.221210852265, 0.197878733277, 0.173161745071, 0.171346396208, 0.196958005428, 0.205595627427, 0.266092330217, 0.316468864679, 0.276680320501, 0.268638670444, 0.269000083208, 0.26424780488, 0.271334379911, 0.228957027197, 0.188507154584, 0.174344047904, 0.161956816912, 0.165203228593, 0.203420802951], "max": [1, 1, 1, 1, 1, 1, 1, 1, 1, 1, 1, 1, 1, 1, 1, 1, 1, 1, 1, 1, 1, 1, 1, 1, 1, 1, 1, 1, 1, 1, 1, 1, 1, 1, 1, 1], "dvar": [0.0446941778064, 0.0483142957091, 0.0415837317705, 0.0470482185483, 0.059164930135, 0.0642581731081, 0.0648555010557, 0.0705239400268, 0.0632950216532, 0.0569977499545, 0.0435249246657, 0.0323640182614, 0.0327247418463, 0.0307331047952, 0.0278935674578, 0.032680619508, 0.0403777435422, 0.0387959256768, 0.0296837668866, 0.026538733393, 0.0261348430067, 0.0331726334989, 0.0363774895668, 0.0435947105289, 0.0590875707567, 0.0500910766423, 0.0484099276364, 0.0491209253669, 0.0535985641181, 0.0550827980042, 0.0435368865728, 0.036481115967, 0.0317727103829, 0.02822393924, 0.028684893623, 0.0377915911376], "mean": [0.151563480496, 0.15678691864, 0.125284984708, 0.118916511536, 0.143716663122, 0.197222560644, 0.30952078104, 0.337145358324, 0.247283115983, 0.207753866911, 0.178575709462, 0.130019426346, 0.121110707521, 0.121793046594, 0.109526656568, 0.134164050221, 0.172851368785, 0.157979264855, 0.128799274564, 0.108265064657, 0.0966821089387, 0.121355041862, 0.147273987532, 0.172528356314, 0.209485292435, 0.180431991816, 0.133492320776, 0.166668370366, 0.187177196145, 0.143157541752, 0.116645023227, 0.117907755077, 0.110760875046, 0.0999158546329, 0.0947114154696, 0.112448491156], "dvar2": [0.116964563727, 0.122824192047, 0.116034328938, 0.134236052632, 0.168106004596, 0.178099602461, 0.169730320573, 0.175650939345, 0.167146921158, 0.150978535414, 0.113645374775, 0.0900379419327, 0.0903161093593, 0.0833222344518, 0.0773613601923, 0.0885586217046, 0.100869424641, 0.103263087571, 0.083658836782, 0.0728017613292, 0.0723919942975, 0.0887916684151, 0.0934433713555, 0.117967791855, 0.16025044024, 0.136698663235, 0.13865506649, 0.133353367448, 0.137629494071, 0.155627191067, 0.124299868941, 0.101167552173, 0.0893949270248, 0.0801166072488, 0.0824838131666, 0.106607139111], "min": [0, 0, 0, 0, 0, 0, 0, 0, 0, 0, 0, 0, 0, 0, 0, 0, 0, 0, 0, 0, 0, 0, 0, 0, 0, 0, 0, 0, 0, 0, 0, 0, 0, 0, 0, 0], "var": [0.0503382273018, 0.0588539205492, 0.0389663390815, 0.0380944535136, 0.0509734936059, 0.0695843696594, 0.115340441465, 0.126528963447, 0.0761034786701, 0.0718137994409, 0.0681654438376, 0.0365098193288, 0.0329746156931, 0.0356254689395, 0.0273315366358, 0.0430851951241, 0.07408618927, 0.0541154965758, 0.0321741364896, 0.0289029125124, 0.0243626721203, 0.0372102186084, 0.0561364255846, 0.0557779967785, 0.0844575539231, 0.0755696892738, 0.0436454936862, 0.0608549490571, 0.0805715098977, 0.0545303784311, 0.0391783677042, 0.0464407987893, 0.035445638001, 0.0291955899447, 0.0240100827068, 0.0314495638013], "median": [0.0597454123199, 0.0513502843678, 0.0438471138477, 0.0438617989421, 0.0467210188508, 0.0689185634255, 0.147626921535, 0.16797748208, 0.128582090139, 0.0803184583783, 0.0554424934089, 0.0515286140144, 0.0501731000841, 0.0488535165787, 0.0463474206626, 0.0462373010814, 0.0497533157468, 0.0582765676081, 0.0562080852687, 0.0447716601193, 0.0378712676466, 0.04388102144, 0.0484222322702, 0.0707949623466, 0.0686386227608, 0.0514478310943, 0.0448325909674, 0.0533824600279, 0.0520719848573, 0.0425408482552, 0.0354329794645, 0.0333433933556, 0.0378853976727, 0.0396198406816, 0.0402018502355, 0.048149023205]}}, "lowlevel": {"melbands_flatness_db": {"dmean": 0.0266086589545, "dmean2": 0.0419819802046, "max": 0.513519108295, "dvar": 0.000552799261641, "mean": 0.179739579558, "dvar2": 0.00135112449061, "min": 0.0078098801896, "var": 0.00264177587815, "median": 0.178589761257}, "melbands_crest": {"dmean": 3.70903301239, "dmean2": 6.15789651871, "max": 30.1211357117, "dvar": 9.39206027985, "mean": 15.5313472748, "dvar2": 25.6708087921, "min": 1.93062913418, "var": 21.1474475861, "median": 15.2667837143}, "spectral_entropy": {"dmean": 0.0699705183506, "dmean2": 0.107782512903, "max": 9.80434608459, "dvar": 0.00546063249931, "mean": 7.87392711639, "dvar2": 0.0116601027548, "min": 5.29086828232, "var": 0.0449819713831, "median": 7.9028172493}, "melbands": {"dmean": [0.00186166458298, 0.00250833947212, 0.0012752271723, 0.000561451830436, 0.000337721721735, 0.000132415880216, 7.30699248379e-05, 6.01792271482e-05, 6.05947207077e-05, 4.20690194005e-05, 3.66234162357e-05, 3.44950167346e-05, 4.23324199801e-05, 4.24186400778e-05, 3.18741040246e-05, 2.24076302402e-05, 2.19852590817e-05, 2.13949697354e-05, 1.79722119356e-05, 1.95008069568e-05, 2.29765737458e-05, 2.03902891371e-05, 1.82688436325e-05, 1.21151842905e-05, 1.60434137797e-05, 1.46386173583e-05, 1.25389669847e-05, 8.82217682374e-06, 7.77598779678e-06, 6.3035090534e-06, 5.85875932302e-06, 4.19553089159e-06, 2.57048418462e-06, 1.96000019059e-06, 1.15657962851e-06, 8.24475819172e-07, 5.03297314935e-07, 3.91352386941e-07, 2.89344882276e-07, 2.06654704016e-07], "dmean2": [0.0032323799096, 0.00418926449493, 0.00218179216608, 0.000957888085395, 0.000558453029953, 0.000230089281104, 0.00012388615869, 0.00010493080481, 0.000102411577245, 6.97108771419e-05, 6.09799790254e-05, 5.80014529987e-05, 6.99680240359e-05, 6.97169307387e-05, 5.31481855433e-05, 3.74288574676e-05, 3.67269785784e-05, 3.55740303348e-05, 2.98258801195e-05, 3.21772713505e-05, 3.82401995012e-05, 3.41966333508e-05, 3.07482296193e-05, 2.05055730476e-05, 2.73854147963e-05, 2.50032662734e-05, 2.11310980376e-05, 1.51433387146e-05, 1.31976648845e-05, 1.07107916847e-05, 1.00354754977e-05, 7.20450498193e-06, 4.33627565144e-06, 3.30837724505e-06, 1.95412007997e-06, 1.39680321354e-06, 8.56476731315e-07, 6.48605691822e-07, 4.7473585596e-07, 3.34889733722e-07], "max": [0.031929794699, 0.0337434746325, 0.0234478469938, 0.0134763447568, 0.0096577508375, 0.00405923556536, 0.00465328805149, 0.00483677722514, 0.00557926576585, 0.00337009364739, 0.00203798268922, 0.0043183779344, 0.00455635413527, 0.00271427980624, 0.00149663281627, 0.000596031663008, 0.000672866415698, 0.00090713048121, 0.00079093768727, 0.000794916646555, 0.00110364193097, 0.000776570173912, 0.000653134018648, 0.000418954499764, 0.00028623896651, 0.000263983820332, 0.000221243390115, 0.000216097847442, 0.000102679055999, 9.59692697506e-05, 0.000168004771695, 7.46787191019e-05, 5.58277170057e-05, 6.4629544795e-05, 3.41177255905e-05, 2.32308684645e-05, 1.64441753441e-05, 1.44134683069e-05, 1.18271700558e-05, 1.89198290172e-05], "dvar": [1.46520569615e-05, 1.00774395833e-05, 3.49667857336e-06, 9.35372099775e-07, 4.47995972763e-07, 7.62692948797e-08, 3.35414824804e-08, 3.70381023629e-08, 4.0582833094e-08, 1.51680197291e-08, 9.14675890584e-09, 1.23421752818e-08, 1.60209463473e-08, 9.4183922883e-09, 4.23713020226e-09, 1.59165258751e-09, 1.0111192994e-09, 1.06661390831e-09, 1.02720865147e-09, 9.71729363641e-10, 1.14346720981e-09, 8.59833093614e-10, 6.4668637112e-10, 3.24736432189e-10, 3.34959421311e-10, 2.55673732186e-10, 2.21645410359e-10, 1.2224453394e-10, 7.36480043617e-11, 5.21677319398e-11, 4.59455945512e-11, 3.13840134436e-11, 1.97998822199e-11, 1.33122809651e-11, 5.12951486842e-12, 2.19539013704e-12, 1.0557721147e-12, 4.81066900725e-13, 2.74061020189e-13, 2.03526675764e-13], "mean": [0.00223462795839, 0.00407182052732, 0.00204773270525, 0.000896426558029, 0.000568370160181, 0.00019931231509, 0.000109554399387, 6.99832307873e-05, 6.58673088765e-05, 5.89480914641e-05, 4.70437880722e-05, 4.45063051302e-05, 6.13794400124e-05, 7.22143013263e-05, 5.60412772757e-05, 3.94406597479e-05, 3.97710246034e-05, 4.1417319153e-05, 3.33774914907e-05, 3.7961974158e-05, 4.64074037154e-05, 4.31536427641e-05, 3.82064936275e-05, 2.37126841967e-05, 3.58231845894e-05, 3.59292971552e-05, 2.99472449115e-05, 2.23419046961e-05, 2.01909151656e-05, 1.65626515809e-05, 1.55199359142e-05, 1.02377098301e-05, 5.25586528966e-06, 3.52197184839e-06, 2.0129780296e-06, 1.55003419877e-06, 9.50611195094e-07, 8.09505252164e-07, 5.84017641359e-07, 3.91777604136e-07], "dvar2": [4.01752258767e-05, 2.73294936051e-05, 9.69916982285e-06, 2.59341913988e-06, 1.22741835185e-06, 2.23997034254e-07, 9.19775970942e-08, 1.04707183368e-07, 1.09489469935e-07, 4.13777208053e-08, 2.3811246308e-08, 3.35583152378e-08, 4.10125160499e-08, 2.33084271883e-08, 1.10486402249e-08, 4.29762003762e-09, 2.63594879257e-09, 2.65304489488e-09, 2.47872122827e-09, 2.3069823829e-09, 2.86927925863e-09, 2.18471574165e-09, 1.63680391463e-09, 8.49750880771e-10, 9.23005782916e-10, 7.19935555615e-10, 6.00344163271e-10, 3.39458655629e-10, 2.03453309755e-10, 1.43903736149e-10, 1.2714324038e-10, 8.6770562957e-11, 5.23202974001e-11, 3.57381312044e-11, 1.37744919637e-11, 5.9939774498e-12, 2.94817165472e-12, 1.29312890691e-12, 6.9471755822e-13, 4.94333849028e-13], "min": [1.51390548756e-23, 9.10746383737e-24, 6.97387513437e-24, 1.69758543846e-23, 4.38073629989e-24, 2.95262472114e-24, 4.13551770421e-24, 2.42546487135e-24, 3.95837701579e-24, 6.23961326455e-24, 6.21295647127e-24, 1.5207931899e-23, 1.0130136804e-23, 5.65758695551e-24, 8.41684688043e-24, 7.76778553824e-24, 1.21518019218e-23, 1.88671168504e-23, 1.93828599107e-23, 9.38080177445e-24, 4.52129040839e-24, 7.28423273601e-24, 8.15674524048e-24, 1.34112223013e-23, 6.69816588141e-24, 8.26228772985e-24, 1.27188177855e-23, 1.02418892064e-23, 9.39366809581e-24, 1.27361198717e-23, 1.38422259232e-23, 1.24530103146e-23, 1.35916395235e-23, 6.81886238877e-24, 1.24219394502e-23, 1.21367638663e-23, 1.23266063986e-23, 1.4082172167e-23, 1.17811303819e-23, 1.32431759958e-23], "var": [1.14357681014e-05, 1.39375379149e-05, 4.0487948354e-06, 9.77037075245e-07, 4.94531605e-07, 6.27599803238e-08, 3.56454172845e-08, 2.99265963122e-08, 3.3298697133e-08, 1.50692880396e-08, 1.03901305337e-08, 1.21048060464e-08, 2.10678585688e-08, 2.22599574329e-08, 1.02071631147e-08, 3.52494566869e-09, 2.0034032211e-09, 2.97820346162e-09, 1.99241534382e-09, 1.89593363231e-09, 2.17336237895e-09, 1.469071087e-09, 1.05655684202e-09, 4.61032545473e-10, 5.34997934842e-10, 5.19863652126e-10, 4.46919279362e-10, 2.16871715031e-10, 1.44032771821e-10, 8.71977282046e-11, 1.19825316336e-10, 4.7193735031e-11, 2.55578839342e-11, 1.69876473999e-11, 6.43669926387e-12, 2.81418269764e-12, 1.36123968e-12, 8.26722804798e-13, 5.06131432338e-13, 3.13004396707e-13], "median": [0.00128561072052, 0.00311718508601, 0.00149898405652, 0.0006259107613, 0.000369666086044, 0.000138054776471, 6.4168300014e-05, 3.15574034175e-05, 2.1732348614e-05, 2.44250277319e-05, 1.62009237101e-05, 1.18088173622e-05, 1.08810454549e-05, 1.28279807541e-05, 1.70723724295e-05, 1.63774566317e-05, 2.46073614107e-05, 2.51120909525e-05, 1.8810176698e-05, 2.52999398072e-05, 3.39848156727e-05, 3.39995895047e-05, 3.04605528072e-05, 1.79191411007e-05, 3.07878799504e-05, 3.13431955874e-05, 2.47786774707e-05, 1.92210482055e-05, 1.73840089701e-05, 1.47293412738e-05, 1.34261617859e-05, 8.55286816659e-06, 3.81205495614e-06, 2.1635887606e-06, 1.17161107482e-06, 1.04779394405e-06, 5.72666522203e-07, 5.30393833742e-07, 3.54225761612e-07, 2.21515819021e-07]}, "silence_rate_60dB": {"dmean": 0.00135777320247, "dmean2": 0.00271580996923, "max": 1, "dvar": 0.00135599274654, "mean": 0.0178432893008, "dvar2": 0.00329064251855, "min": 0, "var": 0.0175268966705, "median": 0}, "spectral_energyband_middle_high": {"dmean": 0.00174268032424, "dmean2": 0.00277441646904, "max": 0.0564984567463, "dvar": 6.56620204609e-06, "mean": 0.00594651186839, "dvar2": 1.53854598466e-05, "min": 1.52696299095e-21, "var": 2.04429015866e-05, "median": 0.00448190141469}, "erbbands_skewness": {"dmean": 0.253889203072, "dmean2": 0.404073387384, "max": 2.20668005943, "dvar": 0.0527229495347, "mean": -0.799263656139, "dvar2": 0.132414489985, "min": -2.90487551689, "var": 0.238590359688, "median": -0.813197374344}, "dynamic_complexity": 1.69068193436, "dissonance": {"dmean": 0.00557976961136, "dmean2": 0.00958081148565, "max": 0.500000059605, "dvar": 3.21314691973e-05, "mean": 0.489139020443, "dvar2": 9.02336760191e-05, "min": 0.400403797626, "var": 6.04124397796e-05, "median": 0.490774989128}, "spectral_skewness": {"dmean": 0.151689469814, "dmean2": 0.253563135862, "max": 3.15685248375, "dvar": 0.0202854592353, "mean": 0.745612978935, "dvar2": 0.0519557073712, "min": -0.349323153496, "var": 0.0811541154981, "median": 0.769211292267}, "spectral_kurtosis": {"dmean": 0.996745049953, "dmean2": 1.75860130787, "max": 22.4196033478, "dvar": 1.02972495556, "mean": 2.35632920265, "dvar2": 3.12319207191, "min": -1.2088341713, "var": 1.58448302746, "median": 2.20404434204}, "gfcc": {"cov": [[3790.71582031, -391.743103027, 720.599121094, -274.576965332, -123.500991821, 467.904998779, -220.982681274, 238.299606323, -216.12727356, 96.3063430786, -6.47727251053, 180.18560791, -129.339675903], [-391.743103027, 662.238830566, -182.677429199, 146.491699219, 57.1824684143, -100.367195129, 114.687080383, -102.721466064, 97.5608673096, -80.4815673828, 30.8082695007, -78.1658401489, 87.8086395264], [720.599121094, -182.677429199, 565.942138672, 50.5497016907, 19.4250507355, 110.291519165, -86.6829147339, 126.046066284, -26.8761882782, 59.2046356201, 9.92973327637, 46.1698455811, -55.9018821716], [-274.576965332, 146.491699219, 50.5497016907, 294.765411377, 45.6197547913, -58.1410140991, 0.730366170406, -39.5908050537, 63.140537262, -21.9623718262, 23.6727409363, -63.0300941467, 27.8531475067], [-123.500991821, 57.1824684143, 19.4250507355, 45.6197547913, 135.853805542, 43.10597229, 54.1996574402, -17.8450126648, 7.95842885971, -0.985432446003, 13.5397920609, 2.19926166534, 11.5499000549], [467.904998779, -100.367195129, 110.291519165, -58.1410140991, 43.10597229, 215.434371948, 2.0938129425, 47.33436203, -79.6663742065, 11.0535831451, 32.9357337952, 52.566532135, -15.0138368607], [-220.982681274, 114.687080383, -86.6829147339, 0.730366170406, 54.1996574402, 2.0938129425, 126.723381042, -2.21805071831, 33.5378036499, -21.3121871948, -9.09173488617, -15.9841928482, 21.4835968018], [238.299606323, -102.721466064, 126.046066284, -39.5908050537, -17.8450126648, 47.33436203, -2.21805071831, 130.213378906, 21.7023696899, 22.5494689941, -30.2882537842, 6.68355989456, -16.1184501648], [-216.12727356, 97.5608673096, -26.8761882782, 63.140537262, 7.95842885971, -79.6663742065, 33.5378036499, 21.7023696899, 109.574157715, 7.86766242981, -14.8511390686, -46.052318573, 11.9255056381], [96.3063430786, -80.4815673828, 59.2046356201, -21.9623718262, -0.985432446003, 11.0535831451, -21.3121871948, 22.5494689941, 7.86766242981, 68.3352737427, 23.7941360474, 22.8184242249, -23.9845256805], [-6.47727251053, 30.8082695007, 9.92973327637, 23.6727409363, 13.5397920609, 32.9357337952, -9.09173488617, -30.2882537842, -14.8511390686, 23.7941360474, 79.8283920288, 32.7254104614, 1.81537353992], [180.18560791, -78.1658401489, 46.1698455811, -63.0300941467, 2.19926166534, 52.566532135, -15.9841928482, 6.68355989456, -46.052318573, 22.8184242249, 32.7254104614, 74.5391235352, 0.967900156975], [-129.339675903, 87.8086395264, -55.9018821716, 27.8531475067, 11.5499000549, -15.0138368607, 21.4835968018, -16.1184501648, 11.9255056381, -23.9845256805, 1.81537353992, 0.967900156975, 55.1303405762]], "mean": [26.8364830017, 86.0421142578, -129.540206909, 80.245765686, -45.3124465942, 8.46887969971, -31.0799999237, -0.89940726757, -25.800163269, 1.5841139555, -18.0300750732, -2.38005328178, -8.30027866364], "icov": [[0.000635624164715, -0.000497869332321, -0.000469571532449, 8.14620580059e-05, 0.000887230620719, -0.00155345816165, 0.000707046478055, 0.000259780237684, -0.000281873799395, -0.000463769567432, 0.00150997599121, -0.00120654620696, 0.000789060024545], [-0.000497869332321, 0.00392674375325, -0.000265243957983, 0.000634958094452, -0.000697288603988, 0.00149132788647, -0.00232111220248, 0.0017096666852, -0.00207369751297, 0.00329647376202, -0.00483087683097, 0.00422403495759, -0.00408788817003], [-0.000469571532449, -0.000265243957983, 0.00428278790787, -0.00236992607825, -0.00196651159786, 0.000671607733238, 0.00186302361544, -0.00421766331419, 0.00127476360649, -0.00062037166208, 0.000343076186255, -0.00264964974485, 0.00298623833805], [8.14620580059e-05, 0.000634958094452, -0.00236992607825, 0.00771084660664, -0.00194774498232, 0.000866779766511, 0.00125744298566, 0.00199287035502, -0.00240942207165, 0.00264003849588, -0.00591177493334, 0.0083535593003, -0.00466449791566], [0.000887230620719, -0.000697288603988, -0.00196651159786, -0.00194774498232, 0.0138722788543, -0.00672070449218, -0.0046762325801, 0.00596453621984, -0.00337870069779, -0.00316044222564, 0.00523361004889, -0.00393332680687, 0.000264332047664], [-0.00155345816165, 0.00149132788647, 0.000671607733238, 0.000866779766511, -0.00672070449218, 0.0159697085619, -0.00330332154408, -0.00856629386544, 0.0108472099528, 0.00286059384234, -0.0111020198092, 0.00535895396024, -0.00206733401865], [0.000707046478055, -0.00232111220248, 0.00186302361544, 0.00125744298566, -0.0046762325801, -0.00330332154408, 0.0155711760744, -0.00225934223272, -0.0043688644655, 0.00216531031765, 0.00314839510247, -0.00299233081751, 0.00179708271753], [0.000259780237684, 0.0017096666852, -0.00421766331419, 0.00199287035502, 0.00596453621984, -0.00856629386544, -0.00225934223272, 0.0215464159846, -0.0127781340852, -0.00205990415998, 0.00894487090409, -0.00225165230222, -0.00218672282062], [-0.000281873799395, -0.00207369751297, 0.00127476360649, -0.00240942207165, -0.00337870069779, 0.0108472099528, -0.0043688644655, -0.0127781340852, 0.0296250041574, -0.0102066621184, -0.00401537539437, 0.0115830264986, -0.00413995375857], [-0.000463769567432, 0.00329647376202, -0.00062037166208, 0.00264003849588, -0.00316044222564, 0.00286059384234, 0.00216531031765, -0.00205990415998, -0.0102066621184, 0.0313438847661, -0.0127852549776, -0.00447278143838, 0.00803733803332], [0.00150997599121, -0.00483087683097, 0.000343076186255, -0.00591177493334, 0.00523361004889, -0.0111020198092, 0.00314839510247, 0.00894487090409, -0.00401537539437, -0.0127852549776, 0.0349386818707, -0.0203682240099, 0.00635338807479], [-0.00120654620696, 0.00422403495759, -0.00264964974485, 0.0083535593003, -0.00393332680687, 0.00535895396024, -0.00299233081751, -0.00225165230222, 0.0115830264986, -0.00447278143838, -0.0203682240099, 0.0430683530867, -0.018211286515], [0.000789060024545, -0.00408788817003, 0.00298623833805, -0.00466449791566, 0.000264332047664, -0.00206733401865, 0.00179708271753, -0.00218672282062, -0.00413995375857, 0.00803733803332, 0.00635338807479, -0.018211286515, 0.0344303287566]]}, "spectral_complexity": {"dmean": 4.69459819794, "dmean2": 7.25412225723, "max": 66, "dvar": 16.6125793457, "mean": 34.3446464539, "dvar2": 35.9945907593, "min": 0, "var": 117.832305908, "median": 35}, "spectral_flux": {"dmean": 0.0276808906347, "dmean2": 0.0441343449056, "max": 0.326008141041, "dvar": 0.00119108718354, "mean": 0.101399555802, "dvar2": 0.00226826476865, "min": 1.04027605974e-10, "var": 0.00247298670001, "median": 0.0904113948345}, "spectral_energyband_low": {"dmean": 0.011615854688, "dmean2": 0.019529607147, "max": 0.147300079465, "dvar": 0.000290189811494, "mean": 0.0197021905333, "dvar2": 0.000778773799539, "min": 7.07573332777e-23, "var": 0.000330128474161, "median": 0.0151374861598}, "spectral_decrease": {"dmean": 3.7466945102e-09, "dmean2": 6.30230045928e-09, "max": -2.40514163871e-29, "dvar": 2.84380293995e-17, "mean": -8.73034977644e-09, "dvar2": 7.59977614088e-17, "min": -4.56592204046e-08, "var": 3.43580750167e-17, "median": -7.5377188935e-09}, "barkbands_spread": {"dmean": 6.97502803802, "dmean2": 11.2867355347, "max": 74.3054504395, "dvar": 40.7895317078, "mean": 35.3268051147, "dvar2": 102.265808105, "min": 0.93936419487, "var": 151.2056427, "median": 35.1364707947}, "spectral_rms": {"dmean": 0.0010856653098, "dmean2": 0.00178302521817, "max": 0.0132172023878, "dvar": 1.67052087363e-06, "mean": 0.00559896416962, "dvar2": 4.36584150521e-06, "min": 3.2492764989e-12, "var": 3.18979596159e-06, "median": 0.00547389220446}, "spectral_centroid": {"dmean": 270.062011719, "dmean2": 429.494232178, "max": 11078.2138672, "dvar": 65846.46875, "mean": 2184.01074219, "dvar2": 151911.921875, "min": 189.605255127, "var": 285007.03125, "median": 2179.2565918}, "barkbands_skewness": {"dmean": 0.538046121597, "dmean2": 0.85855692625, "max": 8.71852397919, "dvar": 0.25379639864, "mean": 1.40867233276, "dvar2": 0.629621982574, "min": -2.0253007412, "var": 0.980267703533, "median": 1.35741579533}, "spectral_rolloff": {"dmean": 707.423461914, "dmean2": 1182.81787109, "max": 18776.953125, "dvar": 638867.4375, "mean": 2002.2644043, "dvar2": 1467416.75, "min": 86.1328125, "var": 1856434, "median": 2067.1875}, "erbbands_spread": {"dmean": 9.08059978485, "dmean2": 14.5640668869, "max": 105.097885132, "dvar": 67.5456848145, "mean": 50.6539306641, "dvar2": 170.52015686, "min": 8.61641025543, "var": 298.220031738, "median": 49.1942024231}, "barkbands": {"dmean": [0.000427545252023, 0.00713184429333, 0.00539342593402, 0.00269484263845, 0.00246983231045, 0.000733465014491, 0.000327654473949, 0.000321966042975, 0.000303875975078, 0.000252506928518, 0.000301194115309, 0.000355198251782, 0.000242755922955, 0.000240521898377, 0.000239779910771, 0.000315490295179, 0.000336204102496, 0.000271708559012, 0.000354009593138, 0.000285693968181, 0.000221709284233, 0.00015844128211, 7.56266963435e-05, 3.29258364218e-05, 1.76029607246e-05, 9.2293621492e-06, 2.36635696638e-06], "dmean2": [0.000735790410545, 0.0122110741213, 0.00902761053294, 0.00467733480036, 0.00419453904033, 0.00124227453489, 0.000556797720492, 0.000562094093766, 0.000503583869431, 0.00042763815145, 0.000501726288348, 0.000584931345657, 0.000407592917327, 0.000398326694267, 0.000397845957195, 0.000520524627063, 0.000560737447813, 0.000457938265754, 0.000603456341196, 0.000482361123431, 0.000374813418603, 0.000267486902885, 0.000126909726532, 5.47699492017e-05, 2.80430394923e-05, 1.42272947414e-05, 3.75415561393e-06], "max": [0.00881309621036, 0.113682761788, 0.0778549313545, 0.0645906403661, 0.0603748559952, 0.0198214575648, 0.0246068481356, 0.021523213014, 0.0258719120175, 0.0138065796345, 0.0341455489397, 0.0187562592328, 0.00741101661697, 0.00933768041432, 0.00966653600335, 0.0141827212647, 0.0127324424684, 0.00886921025813, 0.00506314169616, 0.00468534557149, 0.00402531120926, 0.00297488039359, 0.00214345986024, 0.00113331549801, 0.00126337318216, 0.00149567285553, 0.000433841516497], "dvar": [1.09307313778e-06, 0.000170206854818, 4.53758657386e-05, 1.88739304576e-05, 2.16206881305e-05, 1.75522518475e-06, 7.74234706569e-07, 1.16187584354e-06, 8.13130668575e-07, 4.57944196341e-07, 9.20061609122e-07, 6.0890891973e-07, 1.9588267719e-07, 1.20381287161e-07, 1.67976921261e-07, 2.26265655101e-07, 2.32862205962e-07, 1.48608307882e-07, 1.49275393824e-07, 1.13836570392e-07, 6.5925021886e-08, 5.41723821357e-08, 2.00508889492e-08, 4.10949008156e-09, 1.48658707566e-09, 1.14560227971e-09, 1.61285776401e-10], "mean": [0.000396306393668, 0.00925813987851, 0.00803033262491, 0.00351647799835, 0.00405011558905, 0.00117806706112, 0.000467982463306, 0.000322865642374, 0.000421642296715, 0.000313738826662, 0.000402446952648, 0.000625017390121, 0.000422956974944, 0.000446516787633, 0.000461057061329, 0.000651040289085, 0.000736517889891, 0.000565979920793, 0.000940118392464, 0.000815303472336, 0.000709019135684, 0.000397730385885, 0.000145683225128, 7.1492358984e-05, 3.66610256606e-05, 1.59521878231e-05, 2.62806997853e-06], "dvar2": [2.91258129437e-06, 0.000466001714813, 0.000121199191199, 5.23473718204e-05, 5.99215672992e-05, 5.05305388288e-06, 2.1488517632e-06, 3.23906874655e-06, 2.19124831347e-06, 1.22234177979e-06, 2.40739154833e-06, 1.5059473526e-06, 5.23269818586e-07, 3.07352507889e-07, 4.11074438489e-07, 5.40742007615e-07, 5.93045399455e-07, 3.80240948061e-07, 4.19174796207e-07, 3.09760594064e-07, 1.80265587346e-07, 1.46784074673e-07, 5.39081028705e-08, 1.12289653131e-08, 3.44034489785e-09, 2.55603560539e-09, 3.36923516864e-10], "min": [2.11567382962e-23, 4.51206475899e-23, 1.32564225481e-23, 5.17755641722e-24, 7.2125514699e-23, 1.31046614872e-23, 1.99570701859e-23, 1.1549498732e-23, 4.54080643275e-23, 7.81706567899e-23, 7.77123475367e-23, 7.41792541123e-23, 7.17636610464e-23, 1.52942850313e-22, 2.50133833363e-22, 9.39136761964e-23, 1.09994347003e-22, 2.55731994243e-22, 1.86526123174e-22, 3.78825723676e-22, 5.03125943288e-22, 6.38706318487e-22, 6.08706178075e-22, 1.04679837785e-21, 1.37277175878e-21, 1.76290586034e-21, 2.01873731416e-21], "var": [8.45371687319e-07, 0.0001503166568, 6.66534833726e-05, 2.03854633583e-05, 2.20236343011e-05, 1.8424876771e-06, 7.68248014538e-07, 9.06535888134e-07, 7.93416006672e-07, 4.75897024899e-07, 1.05129208805e-06, 1.5556654489e-06, 4.56527573078e-07, 2.32542433309e-07, 4.2540659706e-07, 4.52939588058e-07, 4.09189254924e-07, 2.29460056289e-07, 3.04572182586e-07, 2.76940369304e-07, 1.41781484331e-07, 8.27704411677e-08, 2.67903264017e-08, 6.3964669117e-09, 2.87666090948e-09, 1.85166681987e-09, 2.6642799078e-10], "median": [0.000139478826895, 0.00565870851278, 0.00559118390083, 0.00208721333183, 0.00275654578581, 0.000807648175396, 0.000255984487012, 0.000101949255622, 0.00017366107204, 9.75814909907e-05, 7.39634851925e-05, 0.000125674647279, 0.000156629204866, 0.000288739538519, 0.00025838057627, 0.000466590630822, 0.000585422269069, 0.000444087898359, 0.000840299064294, 0.000683094374835, 0.000639504694846, 0.000324623077177, 9.3268303317e-05, 4.6539487812e-05, 2.02899082069e-05, 5.81394579058e-06, 1.02370620425e-07]}, "melbands_kurtosis": {"dmean": 8.35173034668, "dmean2": 13.5966110229, "max": 199.166000366, "dvar": 107.835754395, "mean": 15.951997757, "dvar2": 273.887756348, "min": -1.74163258076, "var": 254.274032593, "median": 11.2260894775}, "erbbands_crest": {"dmean": 1.33496773243, "dmean2": 2.22590827942, "max": 27.9766693115, "dvar": 1.6741412878, "mean": 5.80177402496, "dvar2": 4.37881135941, "min": 2.44930267334, "var": 6.45248031616, "median": 5.19848537445}, "melbands_skewness": {"dmean": 0.90023291111, "dmean2": 1.44184958935, "max": 10.5543689728, "dvar": 0.720810949802, "mean": 3.48349285126, "dvar2": 1.79906451702, "min": -1.08634519577, "var": 2.71967887878, "median": 3.31163311005}, "spectral_energyband_middle_low": {"dmean": 0.00517012551427, "dmean2": 0.00880856905133, "max": 0.0954639688134, "dvar": 6.92616667948e-05, "mean": 0.010052125901, "dvar2": 0.000190186765394, "min": 1.75265493473e-22, "var": 7.59121758165e-05, "median": 0.00784649327397}, "spectral_contrast_coeffs": {"dmean": [0.0533420965075, 0.0458521731198, 0.0347871631384, 0.0265957135707, 0.0183136388659, 0.0179182384163], "dmean2": [0.0896816924214, 0.0765555724502, 0.0578264594078, 0.0450652427971, 0.0310627091676, 0.0287376549095], "max": [-0.36415630579, -0.440559089184, -0.430250406265, -0.537174463272, -0.637885868549, -0.464877009392], "dvar": [0.0018242491642, 0.00131291965954, 0.000781173119321, 0.000425883656135, 0.000202113238629, 0.000329877017066], "mean": [-0.642021298409, -0.756000220776, -0.803051173687, -0.809486567974, -0.802000939846, -0.661890804768], "dvar2": [0.00517539028078, 0.00352481775917, 0.00210780906491, 0.00120868464001, 0.000576300604735, 0.000728105020244], "min": [-0.947001755238, -0.945046544075, -0.965801894665, -0.958694338799, -0.957574009895, -0.960751771927], "var": [0.00401117419824, 0.00364441564307, 0.0028927968815, 0.00123444711789, 0.000540299341083, 0.00234765559435], "median": [-0.645211577415, -0.759417593479, -0.810994625092, -0.813705980778, -0.804304361343, -0.673439800739]}, "spectral_contrast_valleys": {"dmean": [0.407691508532, 0.381974816322, 0.336336135864, 0.250263869762, 0.158321857452, 0.238833531737], "dmean2": [0.678885102272, 0.612536430359, 0.532613754272, 0.403008490801, 0.260661125183, 0.358308941126], "max": [-4.99929618835, -4.31942367554, -5.07121896744, -5.48921298981, -5.43786811829, -8.21369457245], "dvar": [0.141688674688, 0.149603158236, 0.116646170616, 0.0695465281606, 0.0424228943884, 0.12797357142], "mean": [-6.64226150513, -6.92626094818, -7.3746380806, -7.08726167679, -6.41610336304, -10.029211998], "dvar2": [0.335040539503, 0.321178764105, 0.240174055099, 0.140350982547, 0.0718531087041, 0.258408129215], "min": [-27.7998027802, -28.0759506226, -27.2114753723, -27.3148326874, -27.2283172607, -27.1972751617], "var": [0.825729072094, 0.689921498299, 0.721617400646, 0.476963281631, 0.286000549793, 0.996871232986], "median": [-6.47222232819, -6.88475990295, -7.44710636139, -7.0767364502, -6.35199642181, -9.80261039734]}, "silence_rate_20dB": {"dmean": 0, "dmean2": 0, "max": 1, "dvar": 0, "mean": 1, "dvar2": 0, "min": 1, "var": 0, "median": 1}, "silence_rate_30dB": {"dmean": 0.00368538452312, "dmean2": 0.00737148383632, "max": 1, "dvar": 0.00367166544311, "mean": 0.997575640678, "dvar2": 0.0102263838053, "min": 0, "var": 0.00241836975329, "median": 1}, "spectral_strongpeak": {"dmean": 0.240279152989, "dmean2": 0.413948684931, "max": 8.26160240173, "dvar": 0.154516384006, "mean": 0.438609480858, "dvar2": 0.432461470366, "min": 0, "var": 0.235323667526, "median": 0.318461179733}, "spectral_spread": {"dmean": 303773.84375, "dmean2": 475084.84375, "max": 40133608, "dvar": 212702920704, "mean": 3822011.25, "dvar2": 334107148288, "min": 1887930.875, "var": 531030048768, "median": 3794479}, "barkbands_flatness_db": {"dmean": 0.0194982066751, "dmean2": 0.0306249987334, "max": 0.421807706356, "dvar": 0.000313692522468, "mean": 0.123167917132, "dvar2": 0.000732960936148, "min": 0.0282574724406, "var": 0.00188393646386, "median": 0.119060084224}, "pitch_salience": {"dmean": 0.0810774490237, "dmean2": 0.1347733289, "max": 0.849121809006, "dvar": 0.00483282934874, "mean": 0.592488765717, "dvar2": 0.0130200274289, "min": 0.132811278105, "var": 0.0113543933257, "median": 0.608474731445}, "erbbands_kurtosis": {"dmean": 0.669666051865, "dmean2": 1.08168125153, "max": 13.0349464417, "dvar": 0.509843885899, "mean": 0.135854318738, "dvar2": 1.27349448204, "min": -1.80418217182, "var": 1.64896142483, "median": -0.0739314556122}, "average_loudness": 0.953132629395, "barkbands_crest": {"dmean": 2.68943786621, "dmean2": 4.45431280136, "max": 23.9655151367, "dvar": 6.13328170776, "mean": 9.37380599976, "dvar2": 16.5983295441, "min": 2.51173496246, "var": 12.9937419891, "median": 8.95449066162}, "hfc": {"dmean": 6.71013736725, "dmean2": 10.9376010895, "max": 111.867004395, "dvar": 102.921989441, "mean": 27.026227951, "dvar2": 267.312866211, "min": 1.18308837217e-16, "var": 197.112945557, "median": 24.3795604706}, "barkbands_kurtosis": {"dmean": 1.93060624599, "dmean2": 3.16468000412, "max": 120.552520752, "dvar": 8.74983978271, "mean": 1.64897656441, "dvar2": 23.1403408051, "min": -1.85056197643, "var": 14.9844703674, "median": 0.441054821014}, "erbbands": {"dmean": [0.198676675558, 1.67817461491, 5.51380872726, 7.73455619812, 6.78029060364, 10.7008399963, 7.93671894073, 6.13610506058, 4.95620822906, 5.36328840256, 7.17710208893, 6.93175363541, 7.17055988312, 8.42728328705, 12.7033586502, 13.6634283066, 10.9839000702, 10.858704567, 12.1857213974, 12.6543979645, 17.9728088379, 18.29322052, 14.5292892456, 17.5144348145, 16.6710414886, 12.2083902359, 10.179649353, 8.80650043488, 6.08914613724, 3.53936076164, 1.81377708912, 0.899131834507, 0.499095708132, 0.249990269542, 0.102098666131, 0.0453202947974, 0.0163550321013, 0.00392501056194, 0.000419780553784, 2.76676510111e-05], "dmean2": [0.351033002138, 2.85394501686, 9.26728248596, 13.2341432571, 11.6956157684, 18.0251064301, 13.0725498199, 10.7426233292, 8.38260936737, 9.31270503998, 12.2863235474, 11.4818048477, 11.8497638702, 14.1037511826, 20.8404159546, 22.344209671, 18.2276077271, 18.0309314728, 20.1521396637, 20.7982788086, 29.7001190186, 30.5562534332, 24.3596420288, 29.793428421, 28.0809440613, 20.7980766296, 17.2823848724, 14.9957895279, 10.3781528473, 5.9200463295, 3.0383002758, 1.51767444611, 0.82058018446, 0.402961701155, 0.161141440272, 0.0708652213216, 0.0252617169172, 0.00604949845001, 0.000660643097945, 4.50907973573e-05], "max": [3.91212654114, 26.9617862701, 80.0630722046, 130.129592896, 269.37411499, 329.69631958, 233.102371216, 187.570541382, 286.793884277, 436.825805664, 574.863586426, 577.586608887, 399.64175415, 1101.8347168, 961.524963379, 762.845703125, 358.406097412, 318.867889404, 429.80178833, 629.97442627, 936.581542969, 713.128967285, 510.790496826, 350.600585938, 239.185317993, 267.369689941, 147.130355835, 191.132446289, 114.864685059, 111.77494812, 46.2968482971, 26.7335071564, 15.3657598495, 14.826218605, 11.3577394485, 7.82561445236, 2.5918469429, 0.470137804747, 0.0975006744266, 0.00321220885962], "dvar": [0.203427746892, 7.71123886108, 46.7483024597, 122.684463501, 149.1431427, 490.185974121, 202.56072998, 180.488082886, 148.604995728, 283.886901855, 580.690795898, 426.069885254, 343.305145264, 780.194458008, 1079.40283203, 854.716918945, 394.829925537, 243.72177124, 349.971008301, 510.657073975, 730.50769043, 696.358032227, 429.51763916, 418.30859375, 342.787414551, 218.646789551, 128.436248779, 111.554115295, 78.5877914429, 42.8215293884, 12.1120443344, 3.18624305725, 0.797792196274, 0.261253803968, 0.0651242062449, 0.0244624987245, 0.00378402811475, 0.000233922430198, 5.97864891461e-06, 7.86363063554e-09], "mean": [0.209544062614, 2.29917669296, 8.32827377319, 11.8726415634, 9.96688556671, 16.638584137, 13.3911266327, 8.85798549652, 7.40490293503, 6.52995967865, 7.74993467331, 9.52909469604, 9.58332252502, 11.5362634659, 20.1910934448, 25.2185878754, 20.4069480896, 21.2849025726, 25.4127788544, 25.532207489, 39.0090141296, 42.1816711426, 32.8256340027, 42.6339416504, 45.7028617859, 35.8310546875, 31.1013412476, 26.6682891846, 16.158575058, 7.28157138824, 3.48447990417, 1.83832168579, 1.10317218304, 0.518653571606, 0.208728700876, 0.0839948430657, 0.0261493586004, 0.00548206409439, 0.000458135036752, 5.59065629204e-05], "dvar2": [0.561223626137, 21.1315193176, 126.097648621, 343.098632812, 418.93951416, 1337.68676758, 546.847595215, 530.885498047, 408.493682861, 803.90802002, 1585.28540039, 1166.76940918, 889.57824707, 2115.59448242, 2642.38134766, 2157.69311523, 1045.35046387, 624.178344727, 853.599975586, 1211.28442383, 1757.32983398, 1744.73522949, 1092.1015625, 1142.12670898, 942.653259277, 599.331542969, 350.292175293, 307.710510254, 214.497817993, 113.591087341, 32.5327453613, 8.80451583862, 2.11035132408, 0.630111753941, 0.153671473265, 0.0572941564023, 0.00843910127878, 0.000490983191412, 1.25056676552e-05, 1.72863163783e-08], "min": [1.839940488e-21, 8.33655643448e-21, 1.64708526689e-20, 2.13891894274e-20, 1.8477846159e-19, 2.11290207683e-19, 1.03492321061e-19, 1.16061272308e-19, 2.8581636329e-19, 2.27172902625e-19, 3.68640872351e-19, 1.0070660294e-18, 1.27183775469e-18, 3.81967356895e-18, 2.6703747638e-18, 3.1822574947e-18, 2.99098273139e-18, 6.53131099683e-18, 1.1984894991e-17, 1.05585039155e-17, 4.89688482449e-18, 6.88235238673e-18, 1.25124013025e-17, 9.55974536443e-18, 1.37517751133e-17, 1.58584966e-17, 1.63695569066e-17, 2.43085204429e-17, 2.30267693421e-17, 1.59191918046e-17, 2.12672337565e-17, 2.06164775337e-17, 1.84910137887e-17, 1.52281154901e-17, 8.99176510554e-18, 6.75863346405e-18, 3.0503263229e-18, 1.03905589542e-18, 2.79571692503e-19, 3.09645659592e-20], "var": [0.145808815956, 7.62143564224, 64.6433105469, 146.218734741, 143.145736694, 525.140625, 270.625946045, 141.567169189, 159.838134766, 227.92855835, 466.3699646, 406.176971436, 401.784240723, 780.281494141, 1870.17028809, 2312.46484375, 1027.67285156, 566.252380371, 1145.81311035, 984.450561523, 1498.72338867, 1245.8404541, 719.587646484, 699.582885742, 794.450134277, 465.121124268, 270.660797119, 241.786392212, 116.908035278, 57.135887146, 15.8723545074, 4.2166223526, 1.48883533478, 0.458769351244, 0.12145793438, 0.0388645157218, 0.00610214658082, 0.000418354029534, 9.64850914897e-06, 1.06434647762e-08], "median": [0.102434284985, 1.4824795723, 6.09668207169, 8.43336296082, 6.61251068115, 9.7572555542, 8.77797317505, 5.90369367599, 4.27603530884, 3.1490278244, 2.57842302322, 3.83163642883, 3.47060108185, 3.03671383858, 3.50477027893, 5.80997991562, 7.54918289185, 12.8446369171, 15.1584014893, 16.1750831604, 28.7773399353, 33.6855926514, 26.0269317627, 37.188659668, 39.7648696899, 31.2581214905, 27.920091629, 23.6561164856, 13.4613494873, 4.94226694107, 2.21313810349, 1.19160461426, 0.718241333961, 0.308335661888, 0.107477366924, 0.0379200093448, 0.00756963342428, 0.000806618481874, 4.3440493755e-05, 4.17655828642e-05]}, "spectral_energy": {"dmean": 0.0145649192855, "dmean2": 0.0245008077472, "max": 0.179061800241, "dvar": 0.000431307882536, "mean": 0.035401776433, "dvar2": 0.00115274568088, "min": 1.08217430367e-20, "var": 0.000521632318851, "median": 0.0307125803083}, "zerocrossingrate": {"dmean": 0.009063818492, "dmean2": 0.0114158829674, "max": 0.50048828125, "dvar": 7.95081796241e-05, "mean": 0.0714677199721, "dvar2": 0.000107245912659, "min": 0.01220703125, "var": 0.000719735806342, "median": 0.068359375}, "spectral_energyband_high": {"dmean": 0.000496504537296, "dmean2": 0.00082427560119, "max": 0.00866473466158, "dvar": 5