{"lowlevel": {"erbbands": {"mean": [0.361975491047, 1.64556205273, 4.36424636841, 4.00531435013, 6.42052078247, 11.6443500519, 12.4077196121, 18.6880989075, 15.913611412, 28.346113205, 28.1836795807, 37.1385612488, 64.2536087036, 118.510612488, 85.9113540649, 118.655586243, 76.5286483765, 43.8217582703, 42.9887161255, 37.1011505127, 29.2300624847, 25.8082752228, 25.5947151184, 20.470293045, 15.5611000061, 11.2664489746, 7.10918140411, 4.01459884644, 2.08575510979, 1.29478621483, 0.667984068394, 0.305866718292, 0.121337585151, 0.0319424010813, 0.0182366427034, 0.0252492781729, 0.0599579885602, 0.0788606330752, 0.0737534314394, 0.0286777801812], "dvar": [0.95966553688, 8.42939567566, 29.5742359161, 31.3493804932, 88.4910202026, 131.70350647, 124.163665771, 361.065246582, 246.946151733, 929.380371094, 770.534484863, 1040.55957031, 2925.64453125, 10628.2519531, 4335.91796875, 10699.2314453, 4281.85498047, 899.732910156, 932.446594238, 817.731994629, 430.158874512, 427.700500488, 363.626953125, 197.32472229, 104.674636841, 90.088180542, 66.1066741943, 33.0063705444, 13.9049682617, 5.12876319885, 1.72021472454, 0.16559304297, 0.0208885762841, 0.00210327538662, 0.000811914913356, 0.000723206670955, 0.00736161042005, 0.0144002856687, 0.00576657336205, 0.000148322360474], "min": [3.19660097003e-13, 1.15846850342e-12, 1.78159375273e-12, 1.45764932243e-12, 3.90100061629e-12, 7.74948161197e-12, 1.14755401362e-11, 6.70801122982e-11, 2.17520168544e-10, 2.34940150667e-10, 7.17420081675e-11, 6.91230336858e-11, 2.47718151547e-10, 7.67906849219e-10, 2.4994503689e-10, 3.02536162788e-10, 1.19665166665e-09, 3.88001131224e-10, 1.31475375031e-09, 7.11246839202e-10, 1.73992098507e-09, 1.14442832988e-09, 1.4935833681e-09, 2.05918282425e-09, 2.25960405942e-09, 2.38686426179e-09, 2.48909848288e-09, 2.53576204479e-09, 2.65052380044e-09, 2.67344457683e-09, 2.60930566043e-09, 2.43288900137e-09, 2.1474853007e-09, 1.76340353431e-09, 1.31470945242e-09, 8.58386028924e-10, 4.63878574442e-10, 1.88379270516e-10, 4.77269335164e-11, 5.07561267321e-12], "dmean": [0.407183170319, 1.45946395397, 3.42355680466, 3.28034901619, 5.16410112381, 7.7521033287, 7.46942090988, 11.0961332321, 9.26092243195, 17.5898914337, 17.3645210266, 21.4106674194, 37.3398170471, 70.0199661255, 44.0021705627, 67.587890625, 40.2974433899, 21.7791347504, 21.5013637543, 18.5339221954, 15.0859727859, 14.0521020889, 13.7366046906, 10.5723180771, 7.66824197769, 5.33622360229, 3.49206519127, 2.15335702896, 1.09693491459, 0.699542343616, 0.38119712472, 0.167326942086, 0.0732624828815, 0.0286111421883, 0.0174883361906, 0.0158657003194, 0.0307700783014, 0.0377084463835, 0.0298184715211, 0.0083636008203], "dmean2": [0.717241883278, 2.54073786736, 5.91342449188, 5.7018866539, 8.74859333038, 12.6962766647, 12.1826572418, 17.4540805817, 14.9598846436, 29.201374054, 29.4716491699, 36.4792327881, 62.2791404724, 115.100578308, 71.9245681763, 112.811599731, 66.5442657471, 35.9729919434, 35.4179382324, 30.1999835968, 24.9990978241, 23.0122127533, 22.1939754486, 16.4317741394, 11.6946344376, 8.11264801025, 5.33515977859, 3.31586027145, 1.6161352396, 0.975464880466, 0.525159716606, 0.24041980505, 0.109901331365, 0.0475659817457, 0.0292366500944, 0.0244913548231, 0.0422779843211, 0.0519519671798, 0.043599396944, 0.0126605192199], "dvar2": [2.63999438286, 22.5549507141, 84.96849823, 87.7303161621, 234.788009644, 336.798156738, 308.662322998, 787.380432129, 592.917663574, 2461.69897461, 2118.75512695, 2966.46484375, 8015.03759766, 28245.4726562, 11065.1484375, 28809.3398438, 11301.9804688, 2340.37988281, 2284.14892578, 2169.08911133, 1154.83374023, 1169.56811523, 973.171569824, 498.811981201, 249.469039917, 197.076950073, 147.68977356, 70.5115203857, 27.8729686737, 9.44313240051, 3.28262138367, 0.317323833704, 0.0418290570378, 0.00530358590186, 0.00205154111609, 0.00156097288709, 0.0136871729046, 0.0254327896982, 0.0115900514647, 0.000365978572518], "max": [9.32057189941, 50.3130607605, 72.0596389771, 89.7717285156, 147.075134277, 177.042739868, 249.110961914, 658.783813477, 549.930908203, 801.887145996, 648.269775391, 446.535369873, 835.701049805, 1299.97790527, 1473.66589355, 1668.40209961, 1495.58642578, 646.028991699, 1472.02929688, 891.374633789, 270.896514893, 294.12600708, 223.722442627, 200.176391602, 221.342651367, 421.271209717, 234.852371216, 134.606307983, 142.040267944, 88.1115951538, 51.2713813782, 11.9691076279, 6.02156162262, 0.682132899761, 0.431760698557, 0.615818500519, 2.45066022873, 2.50168132782, 2.1625392437, 0.279990553856], "median": [0.102161176503, 0.790621578693, 2.4393427372, 2.27870726585, 2.93208265305, 6.54005765915, 7.93143987656, 9.37837505341, 10.1255397797, 16.1820716858, 17.5893363953, 24.1948299408, 43.8072814941, 71.8772735596, 59.3959655762, 79.2130355835, 49.6751174927, 32.0135536194, 32.1194038391, 25.4268417358, 21.2449645996, 17.2987232208, 17.4807415009, 13.1431484222, 10.7694988251, 7.32771253586, 4.21156311035, 2.26219344139, 0.999773263931, 0.534599483013, 0.256534129381, 0.147423937917, 0.0634122490883, 0.014255576767, 0.00769546302035, 0.0135000618175, 0.0275141950697, 0.0346253439784, 0.0430440157652, 0.0189045611769], "var": [0.687325656414, 7.41830396652, 34.2888641357, 29.8477172852, 111.091903687, 225.452255249, 223.505996704, 849.759216309, 489.534667969, 1575.01220703, 1198.80224609, 1856.38366699, 5100.51074219, 20805.8359375, 9523.92480469, 18857.6914062, 9288, 2031.54309082, 2085.23168945, 1981.65380859, 809.956420898, 693.38293457, 651.949462891, 438.667022705, 272.48324585, 227.63092041, 158.801681519, 68.063835144, 29.5733757019, 13.5397558212, 4.27055168152, 0.481930375099, 0.0567037574947, 0.00236484361812, 0.000860959524289, 0.00174781342503, 0.0209564864635, 0.0405776277184, 0.017122650519, 0.000862038927153]}, "gfcc": {"icov": [[0.000115078029921, -0.00014790611749, 0.000222286849748, -0.000147034370457, 0.000124746002257, 2.72910219792e-05, -0.000238750726567, 9.10493417905e-06, 6.69809160172e-05, 7.79760594014e-05, -2.24275527216e-06, -3.59737568942e-05, -1.6435427824e-05], [-0.00014790611749, 0.00276995450258, -0.00313051161356, 0.00313625857234, -0.00255392352119, 0.00113793963101, -0.000409848667914, 0.000374492577976, -0.00141125591472, 0.00345289567485, -0.00377646624111, 0.00283689098433, -0.000800472625997], [0.000222286849748, -0.00313051161356, 0.0103037897497, -0.00874265283346, 0.00672074267641, -0.00565983401611, 0.00186361675151, 0.00119893543888, -0.000644721731078, -0.00331598008052, 0.00246707093902, -0.000747065641917, -0.00251926993951], [-0.000147034370457, 0.00313625857234, -0.00874265283346, 0.0141810663044, -0.0124487476423, 0.00753030180931, -0.0005910982145, -0.00566221959889, 0.00522907683626, -0.00450815213844, 0.00537031004205, -0.00772227952257, 0.00799839012325], [0.000124746002257, -0.00255392352119, 0.00672074267641, -0.0124487476423, 0.0175680108368, -0.00792336743325, -0.00183278380428, 0.00573318311945, -0.00900089927018, 0.0104869380593, -0.0117469346151, 0.0127765228972, -0.00948816537857], [2.72910219792e-05, 0.00113793963101, -0.00565983401611, 0.00753030180931, -0.00792336743325, 0.0110487490892, -0.000326718931319, -0.00511955935508, 0.0082032782957, -0.00794330518693, 0.0075078937225, -0.00782745424658, 0.00568414898589], [-0.000238750726567, -0.000409848667914, 0.00186361675151, -0.0005910982145, -0.00183278380428, -0.000326718931319, 0.0102208098397, -0.000904004904442, -0.00453523918986, 0.00106665561907, 0.00135431380477, -0.00526581518352, 0.00124962313566], [9.10493417905e-06, 0.000374492577976, 0.00119893543888, -0.00566221959889, 0.00573318311945, -0.00511955935508, -0.000904004904442, 0.0133408717811, -0.00743263913319, 0.0044063446112, -0.00845849979669, 0.00952428486198, -0.00786582566798], [6.69809160172e-05, -0.00141125591472, -0.000644721731078, 0.00522907683626, -0.00900089927018, 0.0082032782957, -0.00453523918986, -0.00743263913319, 0.0301354657859, -0.0252469405532, 0.0183486770838, -0.0146157946438, 0.0100912638009], [7.79760594014e-05, 0.00345289567485, -0.00331598008052, -0.00450815213844, 0.0104869380593, -0.00794330518693, 0.00106665561907, 0.0044063446112, -0.0252469405532, 0.0509563311934, -0.0353019312024, 0.0200503878295, -0.0115474499762], [-2.24275527216e-06, -0.00377646624111, 0.00246707093902, 0.00537031004205, -0.0117469346151, 0.0075078937225, 0.00135431380477, -0.00845849979669, 0.0183486770838, -0.0353019312024, 0.050364587456, -0.0285354033113, 0.00707554165274], [-3.59737568942e-05, 0.00283689098433, -0.000747065641917, -0.00772227952257, 0.0127765228972, -0.00782745424658, -0.00526581518352, 0.00952428486198, -0.0146157946438, 0.0200503878295, -0.0285354033113, 0.0396624691784, -0.0129961501807], [-1.6435427824e-05, -0.000800472625997, -0.00251926993951, 0.00799839012325, -0.00948816537857, 0.00568414898589, 0.00124962313566, -0.00786582566798, 0.0100912638009, -0.0115474499762, 0.00707554165274, -0.0129961501807, 0.0236758999527]], "mean": [22.0381755829, 95.0992279053, -110.999778748, -12.1627693176, -9.63324165344, -19.0121955872, 7.10920715332, -17.8661556244, -6.78255319595, -11.8619194031, -3.40211892128, -1.48845684528, -6.93253707886], "cov": [[12074.0810547, 1061.86401367, -732.739318848, -226.977279663, 320.432434082, -471.169006348, 499.186340332, -161.765594482, 79.8469696045, -194.105804443, 54.5441169739, -33.9154281616, 40.8150672913], [1061.86401367, 1019.96014404, -33.8804626465, -193.196228027, 172.57598877, -57.2621421814, 41.4551010132, -51.0351295471, 8.98871898651, -43.9042053223, 53.487033844, -68.59740448, 81.7643890381], [-732.739318848, -33.8804626465, 404.64642334, 206.255157471, -32.9631690979, 149.155151367, -66.8799362183, 74.6069030762, -5.10702037811, 58.3048744202, 0.850508153439, 31.6438217163, -1.24938821793], [-226.977279663, -193.196228027, 206.255157471, 412.830169678, 130.175491333, 9.89213943481, 38.2613220215, 83.3488998413, 37.2413825989, 32.0336875916, 6.11303710938, 34.4270553589, -31.9222564697], [320.432434082, 172.57598877, -32.9631690979, 130.175491333, 251.016372681, -13.3901576996, 74.0258102417, 13.1694974899, 34.5833282471, -9.73867416382, 28.3849525452, -17.8610286713, 25.0737113953], [-471.169006348, -57.2621421814, 149.155151367, 9.89213943481, -13.3901576996, 232.574645996, -38.0037307739, 49.3378143311, -28.1390094757, 30.7928314209, -0.355058282614, 16.771812439, 3.78504490852], [499.186340332, 41.4551010132, -66.8799362183, 38.2613220215, 74.0258102417, -38.0037307739, 174.080001831, 7.78299951553, 54.5213775635, -3.54720401764, 13.8830184937, 24.9453620911, -1.53080558777], [-161.765594482, -51.0351295471, 74.6069030762, 83.3488998413, 13.1694974899, 49.3378143311, 7.78299951553, 144.198562622, 27.7712993622, 39.606338501, 21.2018909454, 6.17247343063, 23.4044342041], [79.8469696045, 8.98871898651, -5.10702037811, 37.2413825989, 34.5833282471, -28.1390094757, 54.5213775635, 27.7712993622, 87.9147720337, 32.4584960938, 11.2020635605, 13.3790073395, -3.44574975967], [-194.105804443, -43.9042053223, 58.3048744202, 32.0336875916, -9.73867416382, 30.7928314209, -3.54720401764, 39.606338501, 32.4584960938, 69.9839630127, 34.3079032898, 15.5059280396, 14.3702640533], [54.5441169739, 53.487033844, 0.850508153439, 6.11303710938, 28.3849525452, -0.355058282614, 13.8830184937, 21.2018909454, 11.2020635605, 34.3079032898, 64.3415298462, 26.145067215, 24.7247467041], [-33.9154281616, -68.59740448, 31.6438217163, 34.4270553589, -17.8610286713, 16.771812439, 24.9453620911, 6.17247343063, 13.3790073395, 15.5059280396, 26.145067215, 67.4671020508, 10.0242404938], [40.8150672913, 81.7643890381, -1.24938821793, -31.9222564697, 25.0737113953, 3.78504490852, -1.53080558777, 23.4044342041, -3.44574975967, 14.3702640533, 24.7247467041, 10.0242404938, 79.2681350708]]}, "spectral_skewness": {"mean": 2.83341479301, "dvar": 0.104533754289, "min": 0.920537829399, "dmean": 0.280821859837, "dmean2": 0.422349750996, "dvar2": 0.227566450834, "max": 8.21362304688, "median": 2.77587842941, "var": 0.469904214144}, "spectral_energyband_low": {"mean": 0.0155133372173, "dvar": 0.000570533040445, "min": 1.22620106275e-14, "dmean": 0.012848123908, "dmean2": 0.0219675675035, "dvar2": 0.00150759518147, "max": 0.211792513728, "median": 0.00879343505949, "var": 0.000506618176587}, "spectral_energyband_middle_low": {"mean": 0.0112152518705, "dvar": 2.50048542512e-05, "min": 3.55494849053e-14, "dmean": 0.00422802520916, "dmean2": 0.00683248834684, "dvar2": 6.44248357276e-05, "max": 0.0866950750351, "median": 0.00962638389319, "var": 6.82630488882e-05}, "mfcc": {"icov": [[0.000235323008383, -0.000157769434736, 0.000238829408772, -0.000156253838213, 0.000275873171631, 4.27964749861e-07, -0.000188124889974, -0.000248144613579, 0.00010914318409, -0.000362133578165, 0.000297629507259, -0.000283863191726, 0.000108068612462], [-0.000157769434736, 0.00124000385404, 0.000288003357127, 0.000364593899576, -0.00024097901769, -0.000182011091965, -0.000406378676416, 0.000697340350598, -0.000711142842192, 0.000684218481183, -0.000320146296872, 0.000388645159546, -0.000455989415059], [0.000238829408772, 0.000288003357127, 0.00269688921981, 0.000292095675832, -0.00083973800065, -0.000518628279679, 0.000292499695206, -0.000301813706756, -3.98664597014e-05, -0.000211530554225, 0.000100905483123, -0.000738750037272, -0.000211140402826], [-0.000156253838213, 0.000364593899576, 0.000292095675832, 0.00332609098405, -0.00170731265098, 0.000442989665316, 0.000189306985703, -0.00122058717534, -0.000350767571945, -0.000718636962119, -0.000464595272206, -0.00186148972716, 0.0017534471117], [0.000275873171631, -0.00024097901769, -0.00083973800065, -0.00170731265098, 0.00735205225646, -0.00162368745077, -0.00272556697018, 0.00165243004449, -0.00138988450635, 0.00106102833524, -0.00226707826369, 0.00195459695533, -0.00129257247318], [4.27964749861e-07, -0.000182011091965, -0.000518628279679, 0.000442989665316, -0.00162368745077, 0.00994771160185, -0.00230293138884, -0.00275955232792, 0.00229247496463, -0.00278972950764, 0.00433435291052, -0.0028803863097, -0.000262319721514], [-0.000188124889974, -0.000406378676416, 0.000292499695206, 0.000189306985703, -0.00272556697018, -0.00230293138884, 0.0154277775437, -0.00458785146475, -0.00316944764927, 0.00526958610862, -0.00326335802674, 0.00142230081838, -0.00300340936519], [-0.000248144613579, 0.000697340350598, -0.000301813706756, -0.00122058717534, 0.00165243004449, -0.00275955232792, -0.00458785146475, 0.0164561867714, -0.003548493376, -0.00291690253653, 0.00171711400617, -0.00421321857721, 0.00361362076364], [0.00010914318409, -0.000711142842192, -3.98664597014e-05, -0.000350767571945, -0.00138988450635, 0.00229247496463, -0.00316944764927, -0.003548493376, 0.0195354241878, -0.00658768229187, -0.00367972138338, 0.0049231685698, -0.00391358276829], [-0.000362133578165, 0.000684218481183, -0.000211530554225, -0.000718636962119, 0.00106102833524, -0.00278972950764, 0.00526958610862, -0.00291690253653, -0.00658768229187, 0.022089054808, -0.00553067773581, -0.000903539184947, 5.60986482014e-05], [0.000297629507259, -0.000320146296872, 0.000100905483123, -0.000464595272206, -0.00226707826369, 0.00433435291052, -0.00326335802674, 0.00171711400617, -0.00367972138338, -0.00553067773581, 0.0243460126221, -0.0107460590079, -0.000324362132233], [-0.000283863191726, 0.000388645159546, -0.000738750037272, -0.00186148972716, 0.00195459695533, -0.0028803863097, 0.00142230081838, -0.00421321857721, 0.0049231685698, -0.000903539184947, -0.0107460590079, 0.0300402026623, -0.00996254105121], [0.000108068612462, -0.000455989415059, -0.000211140402826, 0.0017534471117, -0.00129257247318, -0.000262319721514, -0.00300340936519, 0.00361362076364, -0.00391358276829, 5.60986482014e-05, -0.000324362132233, -0.00996254105121, 0.027128694579]], "mean": [-635.604858398, 163.21144104, -39.3880996704, 24.7113189697, -7.74964046478, 13.744351387, 7.18220758438, 9.63510608673, -2.36516284943, 2.56660318375, -4.76409292221, 3.16452431679, -0.97589045763], "cov": [[6575.62304688, 670.685058594, -730.828613281, 282.493713379, -312.181671143, 45.15883255, 52.2744750977, 187.618270874, 9.29109668732, 116.006004333, -47.9715003967, 71.0611419678, -45.8866996765], [670.685058594, 1079.95202637, -176.381484985, -114.772476196, 21.4132194519, -8.42670822144, 60.6925773621, -46.9737968445, 37.534324646, -39.2629089355, 5.30961561203, -25.7141933441, 31.5573787689], [-730.828613281, -176.381484985, 495.28125, -14.5165815353, 87.3664550781, 37.6993408203, 3.76692771912, 3.49452447891, 4.65058040619, 3.30155801773, 13.9330091476, 14.2930927277, 15.2979001999], [282.493713379, -114.772476196, -14.5165815353, 440.019073486, 82.4895172119, 14.5580263138, 25.4197006226, 66.8142929077, 31.9571781158, 44.3206634521, 40.2167282104, 41.2763557434, -13.4650497437], [-312.181671143, 21.4132194519, 87.3664550781, 82.4895172119, 226.420394897, 28.4672107697, 58.0688896179, -0.404337495565, 34.9730186462, -4.186191082, 35.017993927, 2.86552190781, 21.0226078033], [45.15883255, -8.42670822144, 37.6993408203, 14.5580263138, 28.4672107697, 137.111373901, 27.5384559631, 36.0833969116, -4.35621976852, 12.3309869766, -11.931552887, 15.8893032074, 4.99391508102], [52.2744750977, 60.6925773621, 3.76692771912, 25.4197006226, 58.0688896179, 27.5384559631, 104.599365234, 29.0529193878, 28.3388309479, -7.1335401535, 19.0278205872, 6.87990808487, 16.7984352112], [187.618270874, -46.9737968445, 3.49452447891, 66.8142929077, -0.404337495565, 36.0833969116, 29.0529193878, 99.7160949707, 21.0387401581, 26.4927120209, 7.16669511795, 21.0317897797, -4.77512645721], [9.29109668732, 37.534324646, 4.65058040619, 31.9571781158, 34.9730186462, -4.35621976852, 28.3388309479, 21.0387401581, 79.6317520142, 24.1110839844, 25.7997722626, 1.80553841591, 12.9330396652], [116.006004333, -39.2629089355, 3.30155801773, 44.3206634521, -4.186191082, 12.3309869766, -7.1335401535, 26.4927120209, 24.1110839844, 69.5921325684, 19.7712593079, 15.4472646713, 0.88360273838], [-47.9715003967, 5.30961561203, 13.9330091476, 40.2167282104, 35.017993927, -11.931552887, 19.0278205872, 7.16669511795, 25.7997722626, 19.7712593079, 69.4367752075, 24.8916053772, 14.1466445923], [71.0611419678, -25.7141933441, 14.2930927277, 41.2763557434, 2.86552190781, 15.8893032074, 6.87990808487, 21.0317897797, 1.80553841591, 15.4472646713, 24.8916053772, 55.5053405762, 15.8879375458], [-45.8866996765, 31.5573787689, 15.2979001999, -13.4650497437, 21.0226078033, 4.99391508102, 16.7984352112, -4.77512645721, 12.9330396652, 0.88360273838, 14.1466445923, 15.8879375458, 49.9772720337]]}, "silence_rate_20dB": {"mean": 1, "dvar": 0, "min": 1, "dmean": 0, "dmean2": 0, "dvar2": 0, "max": 1, "median": 1, "var": 0}, "dynamic_complexity": 2.90143918991, "silence_rate_60dB": {"mean": 0.0206126868725, "dvar": 0.00204592500813, "min": 0, "dmean": 0.00205011386424, "dmean2": 0.00410069478676, "dvar2": 0.00408394355327, "max": 1, "median": 0, "var": 0.0201879646629}, "dissonance": {"mean": 0.475281924009, "dvar": 0.000259784806985, "min": 0.283527612686, "dmean": 0.0166834015399, "dmean2": 0.0284698903561, "dvar2": 0.000713300891221, "max": 0.500000059605, "median": 0.480726599693, "var": 0.000422483630246}, "barkbands": {"mean": [0.00291596353054, 0.00899140257388, 0.00379925244488, 0.00107865245081, 0.00318967108615, 0.00196017022245, 0.0013675771188, 0.0012825767044, 0.0015981256729, 0.00336759560741, 0.00188506476115, 0.00279168784618, 0.00149256491568, 0.000744669348933, 0.000818416941911, 0.000557329214644, 0.00046180683421, 0.00045045799925, 0.000343668827554, 0.000235116240219, 0.000135232956382, 5.51537159481e-05, 2.61671793851e-05, 9.96968810796e-06, 2.44592820309e-06, 2.74378962786e-05, 0.00103382207453], "dvar": [4.93411134812e-05, 0.00035256598494, 2.40832123382e-05, 4.08086225434e-06, 8.53015717439e-06, 3.39895154866e-06, 1.71868612142e-06, 2.39062114815e-06, 1.92719653569e-06, 8.29447071737e-06, 2.40463145929e-06, 5.70572319702e-06, 2.2211409032e-06, 2.78443735624e-07, 3.99401756113e-07, 1.97056124307e-07, 1.43913453599e-07, 1.11950605231e-07, 5.15396259004e-08, 4.07257907398e-08, 3.13944354957e-08, 8.47975734075e-09, 2.44195086374e-09, 1.37129529953e-10, 1.63061994463e-11, 1.66449576344e-09, 3.01761900801e-07], "min": [7.90479860795e-15, 6.96562118152e-15, 1.29722354718e-15, 4.95762295979e-16, 2.05858440578e-15, 5.86355423715e-15, 1.78193099382e-14, 4.92549743532e-15, 2.69798586074e-15, 1.72728347738e-14, 1.09688005342e-14, 4.74702505223e-15, 2.58644932457e-14, 5.47086044544e-15, 2.60352533938e-14, 2.73700468756e-14, 1.79665988033e-14, 3.16077527107e-14, 4.52621609897e-14, 3.72085446221e-14, 6.27844063089e-14, 8.48694080508e-14, 9.039301832e-14, 1.22436173071e-13, 1.68790396699e-13, 2.3780004116e-13, 3.5010381638e-13], "dmean": [0.00303490785882, 0.00873637199402, 0.00304885301739, 0.00106858473737, 0.00204648589715, 0.00113350024913, 0.000827612413559, 0.000880758219864, 0.000931505288463, 0.00204436667264, 0.00109329377301, 0.00160484632943, 0.000860680476762, 0.000409718311857, 0.000440071016783, 0.000302495405776, 0.000262468965957, 0.000244004550041, 0.000175548557309, 0.00011211684614, 7.05884449417e-05, 2.90689240501e-05, 1.47062646647e-05, 5.60552280149e-06, 2.45139995059e-06, 1.43833067341e-05, 0.000356144184479], "dmean2": [0.00513219973072, 0.0152316624299, 0.00529992766678, 0.00186047377065, 0.00335342762992, 0.00180637743324, 0.00134055304807, 0.0014836974442, 0.00159096345305, 0.00338355731219, 0.00179774570279, 0.00265054800548, 0.00142440688796, 0.00067924708128, 0.000723312841728, 0.000503565825056, 0.000433008477557, 0.000391331821447, 0.000270869408268, 0.000169615697814, 0.000109980646812, 4.2151845264e-05, 2.01063685381e-05, 8.27682106319e-06, 4.11312157667e-06, 1.96133260033e-05, 0.000541917863302], "dvar2": [0.000129948355607, 0.000953860813752, 7.00091623003e-05, 1.11946155812e-05, 2.19357079914e-05, 7.46058231016e-06, 4.27791610491e-06, 6.60132900521e-06, 5.51292669115e-06, 2.23529932555e-05, 6.17938849246e-06, 1.52156471813e-05, 5.8358195929e-06, 7.3893085073e-07, 1.01322655155e-06, 5.17670287081e-07, 3.91752251971e-07, 2.99716077734e-07, 1.2609511657e-07, 9.10370090423e-08, 7.02846563172e-08, 1.64544093906e-08, 4.6132035969e-09, 2.69019112542e-10, 4.12267893435e-11, 2.9840032667e-09, 7.32901469291e-07], "max": [0.0817696154118, 0.190750330687, 0.0713258013129, 0.0376998484135, 0.0386220142245, 0.069952942431, 0.0311611816287, 0.0333897657692, 0.0203160010278, 0.0354466587305, 0.0291095450521, 0.062626041472, 0.037826936692, 0.0115178702399, 0.0226471293718, 0.00868468731642, 0.0049295979552, 0.00385110732168, 0.00364837376401, 0.00907944142818, 0.0053618568927, 0.00315320631489, 0.0017193503445, 0.000425243342761, 6.08523187111e-05, 0.00134612107649, 0.0134110674262], "median": [0.000607917434536, 0.00383432884701, 0.00196512322873, 0.000486323144287, 0.00195277156308, 0.00109323463403, 0.000838686304633, 0.000707867846359, 0.0010510890279, 0.00202631112188, 0.00118847819977, 0.00183580315206, 0.000913244846743, 0.000554879952688, 0.000571281067096, 0.000384707847843, 0.000306307687424, 0.000303355423966, 0.000228822114877, 0.000152756125317, 7.83575960668e-05, 2.55083923548e-05, 1.01426167021e-05, 5.23857033841e-06, 9.5175619208e-07, 1.208573849e-05, 0.000668759457767], "var": [4.25820471719e-05, 0.000276528997347, 2.90444222628e-05, 3.39906569025e-06, 1.40789961733e-05, 8.1551297626e-06, 3.32825106852e-06, 3.44247951034e-06, 3.34497167387e-06, 1.61248171935e-05, 5.00495207234e-06, 1.08677786557e-05, 4.49513481726e-06, 5.24341601249e-07, 8.74439820109e-07, 3.85435612316e-07, 2.29381797112e-07, 2.03943187671e-07, 1.24512538946e-07, 1.00976215833e-07, 6.85446082116e-08, 1.96948590769e-08, 6.44789599491e-09, 3.98573923865e-10, 1.69940901629e-11, 4.94625140846e-09, 1.33900800847e-06]}, "spectral_complexity": {"mean": 27.9644680023, "dvar": 16.300245285, "min": 0, "dmean": 4.45148086548, "dmean2": 6.3105134964, "dvar2": 30.0281715393, "max": 58, "median": 29, "var": 118.493217468}, "spectral_energyband_high": {"mean": 0.00103343569208, "dvar": 4.33798760469e-07, "min": 1.10733958895e-12, "dmean": 0.000369899440557, "dmean2": 0.000530459627043, "dvar2": 8.36428114326e-07, "max": 0.0156909674406, "median": 0.000697254261468, "var": 1.70456985416e-06}, "hfc": {"mean": 134.543319702, "dvar": 2902.98095703, "min": 1.67787259642e-08, "dmean": 36.732334137, "dmean2": 55.3396339417, "dvar2": 6851.62060547, "max": 990.440185547, "median": 97.1780929565, "var": 13170.96875}, "melbands_kurtosis": {"mean": 5.24750900269, "dvar": 135.030654907, "min": -1.69079446793, "dmean": 4.26865053177, "dmean2": 7.10823440552, "dvar2": 339.618804932, "max": 608.614746094, "median": 1.37172174454, "var": 219.49597168}, "spectral_strongpeak": {"mean": 3.53803515434, "dvar": 210.826217651, "min": 0, "dmean": 3.82012486458, "dmean2": 7.09986162186, "dvar2": 543.355285645, "max": 159.103057861, "median": 0.394612550735, "var": 215.147583008}, "silence_rate_30dB": {"mean": 0.95968568325, "dvar": 0.0524875707924, "min": 0, "dmean": 0.0555808655918, "dmean2": 0.11117438972, "dvar2": 0.131401970983, "max": 1, "median": 1, "var": 0.0386889539659}, "melbands_spread": {"mean": 26.7791442871, "dvar": 52.8920402527, "min": 0.520957052708, "dmean": 6.707695961, "dmean2": 10.653588295, "dvar2": 126.338790894, "max": 219.199951172, "median": 25.4197311401, "var": 324.929962158}, "melbands_crest": {"mean": 13.0527429581, "dvar": 18.3003158569, "min": 2.37141156197, "dmean": 4.40494203568, "dmean2": 7.39312362671, "dvar2": 48.814617157, "max": 37.2606239319, "median": 11.627204895, "var": 35.9012451172}, "average_loudness": 0.913641214371, "spectral_flux": {"mean": 0.122331567109, "dvar": 0.00160040601622, "min": 6.0503871282e-06, "dmean": 0.0310997068882, "dmean2": 0.0486024990678, "dvar2": 0.00327085750178, "max": 0.408596843481, "median": 0.114388339221, "var": 0.00363365327939}, "spectral_rolloff": {"mean": 7014.72607422, "dvar": 41796184, "min": 43.06640625, "dmean": 3586.3762207, "dmean2": 6726.14355469, "dvar2": 101734496, "max": 21942.3339844, "median": 2153.3203125, "var": 70130848}, "melbands": {"mean": [0.00297150504775, 0.0022641972173, 0.000771202961914, 0.00065574265318, 0.000483064970467, 0.000402598758228, 0.000256735656876, 0.000305811379803, 0.000232508857152, 0.000234958919464, 0.000324264838127, 0.000490662176162, 0.00026591407368, 0.00031695747748, 0.000234251754591, 0.000138853705721, 7.44575663703e-05, 6.7811793997e-05, 5.84297449677e-05, 4.29739848187e-05, 3.25782457367e-05, 2.71839089692e-05, 2.39065720962e-05, 2.12714821828e-05, 1.6252781279e-05, 1.20133481687e-05, 9.6998655863e-06, 6.94418940839e-06, 4.64419099444e-06, 3.41143800142e-06, 1.9094657091e-06, 1.24786424749e-06, 8.58724320096e-07, 6.42326483558e-07, 3.99430092557e-07, 2.69907673101e-07, 1.53673951786e-07, 9.57855306183e-08, 4.00681763324e-08, 2.22202345412e-08], "dvar": [4.8199613957e-05, 7.44149883758e-06, 9.66264792623e-07, 4.7682098625e-07, 1.70492867824e-07, 1.57131751166e-07, 5.94671334397e-08, 1.17631593355e-07, 4.81719837353e-08, 4.47704771034e-08, 7.66885932535e-08, 2.02555824558e-07, 4.65081626544e-08, 7.40994892112e-08, 3.36043299853e-08, 2.88952008987e-08, 2.99737834553e-09, 2.78849876523e-09, 2.5951241156e-09, 1.38283640094e-09, 6.24052809428e-10, 5.31744814847e-10, 4.29076246755e-10, 2.70332645158e-10, 1.49390319559e-10, 7.2771205728e-11, 6.03193120452e-11, 4.55143492339e-11, 3.12416308101e-11, 2.39568538618e-11, 9.75914488111e-12, 6.69366038292e-12, 2.15249758122e-12, 1.74267327999e-12, 7.54404134648e-13, 2.4627405692e-13, 4.08827736476e-14, 1.4852565182e-14, 2.72823171322e-15, 1.38272485282e-15], "min": [2.77683573428e-15, 1.15157549075e-15, 3.20512899727e-16, 4.29455445137e-16, 3.90441319345e-16, 1.5054881966e-15, 3.46902047086e-15, 2.29519797739e-15, 4.66513983612e-16, 4.13165836891e-16, 1.29246544548e-15, 3.21310174783e-15, 1.14715980211e-15, 4.21989087935e-16, 1.87112140323e-15, 2.3199645855e-15, 4.61388004913e-16, 1.88658991891e-15, 1.73381566842e-15, 8.31443252921e-16, 2.25630730665e-15, 7.79503086716e-16, 2.08406569793e-15, 1.03032388902e-15, 1.75064017797e-15, 1.47588248927e-15, 1.29519130338e-15, 1.61073945184e-15, 1.54088993863e-15, 1.44669595737e-15, 1.47132714608e-15, 1.48120111503e-15, 1.48119687986e-15, 1.4789393253e-15, 1.48067680163e-15, 1.52809878822e-15, 1.45570679974e-15, 1.49406648671e-15, 1.47945463897e-15, 1.49586960809e-15], "dmean": [0.00303019420244, 0.00172750290949, 0.000598967832047, 0.000450561317848, 0.000284032954369, 0.000234491788433, 0.000149758561747, 0.000192080333363, 0.000144907724462, 0.000139266208862, 0.000193993677385, 0.000301926484099, 0.000147866638144, 0.00018105279014, 0.000128676183522, 8.16035026219e-05, 4.16806578869e-05, 3.60400954378e-05, 3.1813444366e-05, 2.3464910555e-05, 1.8342756448e-05, 1.57660051627e-05, 1.40338161145e-05, 1.18751713671e-05, 9.04047374206e-06, 6.34203388472e-06, 5.08185439685e-06, 3.54210419573e-06, 2.4123617095e-06, 1.94010203813e-06, 1.08832739443e-06, 7.08292702711e-07, 4.85053988086e-07, 3.69886834051e-07, 2.42139776674e-07, 1.58309845233e-07, 8.7033178886e-08, 5.756233179e-08, 3.16516981513e-08, 2.24508269753e-08], "dmean2": [0.0052908337675, 0.00297963758931, 0.00103013322223, 0.000744622666389, 0.000460335199023, 0.000369878922356, 0.000241786881816, 0.000320744147757, 0.000246897718171, 0.000237927102717, 0.000323428685078, 0.00049712281907, 0.000244549999479, 0.000299669860397, 0.000213634790271, 0.000135112524731, 6.92571411491e-05, 5.9827867517e-05, 5.22970476595e-05, 3.89801825804e-05, 3.06943002215e-05, 2.60451106442e-05, 2.33187874983e-05, 1.91154358617e-05, 1.429173426e-05, 9.88360170595e-06, 7.86561031418e-06, 5.50864206161e-06, 3.77056494472e-06, 3.04893046632e-06, 1.69638599345e-06, 1.07296523311e-06, 6.99826159689e-07, 5.24294534898e-07, 3.44094473803e-07, 2.26900851885e-07, 1.3055264958e-07, 8.59095834471e-08, 5.14831697274e-08, 3.7719630086e-08], "dvar2": [0.00013095579925, 2.03719246201e-05, 2.66101415036e-06, 1.24685755054e-06, 4.18548580683e-07, 3.41430592243e-07, 1.42961013694e-07, 3.1766921893e-07, 1.34052100975e-07, 1.27923613036e-07, 2.10414142998e-07, 5.38834058261e-07, 1.20373201185e-07, 1.96166567434e-07, 8.90329800995e-08, 7.68223955561e-08, 7.89427456738e-09, 6.8479701909e-09, 6.75813760509e-09, 3.63549945703e-09, 1.70432568058e-09, 1.45860956646e-09, 1.18030230034e-09, 7.20338011462e-10, 3.83354431532e-10, 1.7790643958e-10, 1.42539299808e-10, 1.04010022817e-10, 7.1688016634e-11, 5.65054322776e-11, 2.04668868659e-11, 1.46449952859e-11, 4.02358571808e-12, 3.50286921864e-12, 1.49511295271e-12, 4.96788211696e-13, 8.67429636149e-14, 2.95838725154e-14, 6.62396790115e-15, 3.49608211474e-15], "max": [0.0652199536562, 0.0460715331137, 0.0146068055183, 0.00908387918025, 0.00978175643831, 0.0152069265023, 0.00789018440992, 0.0078534251079, 0.00447881175205, 0.00280767609365, 0.00419950159267, 0.00564641645178, 0.00395605526865, 0.00805525295436, 0.00345661118627, 0.00502521451563, 0.00131027761381, 0.00280443090014, 0.00178818462882, 0.000820436398499, 0.000327895832015, 0.000316068675602, 0.000230578516494, 0.000211744016269, 0.00018144347996, 0.000191024286323, 0.000193036088604, 0.000318906037137, 0.000137026465381, 0.000182894771569, 7.86147356848e-05, 0.00012035749387, 4.61151685158e-05, 5.79363149882e-05, 3.41981722158e-05, 1.85647259059e-05, 8.06341631687e-06, 5.62039758734e-06, 1.08369056306e-06, 5.58825888675e-07], "median": [0.00112651940435, 0.00134012731723, 0.000452731590485, 0.000372344860807, 0.000307959184283, 0.000211917504203, 0.000162953336257, 0.000175593479071, 0.000146284117363, 0.000151101878146, 0.00021632714197, 0.000285243906546, 0.000172559375642, 0.00021003409347, 0.000157473201398, 8.12481084722e-05, 5.33601814823e-05, 4.94359301229e-05, 3.98793781642e-05, 2.79822379525e-05, 2.32736474572e-05, 1.79748531082e-05, 1.52616976266e-05, 1.41332284329e-05, 9.94728088699e-06, 8.05073887022e-06, 6.344002486e-06, 4.31454509453e-06, 2.65162339019e-06, 1.9471547148e-06, 1.0156246617e-06, 5.75408989789e-07, 3.68949542917e-07, 2.51521129258e-07, 1.43311353895e-07, 1.0981850096e-07, 8.0196876695e-08, 5.00064416542e-08, 1.91289029061e-08, 8.54934167904e-09], "var": [3.63723811461e-05, 8.24238304631e-06, 9.79047854344e-07, 7.00874863924e-07, 3.30163771878e-07, 3.77024861109e-07, 1.2044311859e-07, 1.89372471482e-07, 7.78893820552e-08, 7.71386581278e-08, 1.33417472625e-07, 3.83267376947e-07, 9.49288789798e-08, 1.41363457828e-07, 6.60264731778e-08, 5.48452163684e-08, 5.66541524805e-09, 5.58921353644e-09, 5.00832086914e-09, 3.01458591423e-09, 1.02078490105e-09, 8.20010226388e-10, 6.4987509818e-10, 4.7405390724e-10, 3.02624925119e-10, 1.65542843322e-10, 1.40244788005e-10, 1.00650078549e-10, 7.09300188029e-11, 4.65208913059e-11, 1.88129893608e-11, 1.21490716792e-11, 5.21171517401e-12, 4.06983518067e-12, 1.69612436075e-12, 5.85565125034e-13, 1.05200218111e-13, 3.96952639487e-14, 4.22426681037e-15, 1.43158308965e-15]}, "spectral_energy": {"mean": 0.0447969287634, "dvar": 0.000640989805106, "min": 1.52378175182e-12, "dmean": 0.016839498654, "dmean2": 0.0272188261151, "dvar2": 0.00161718577147, "max": 0.243117973208, "median": 0.03947275877, "var": 0.000989179010503}, "spectral_decrease": {"mean": -8.63577565013e-09, "dvar": 4.38070915028e-17, "min": -6.03644281227e-08, "dmean": 4.26854018798e-09, "dmean2": 7.01230407074e-09, "dvar2": 1.12381340357e-16, "max": 4.74468819789e-09, "median": -7.03350533371e-09, "var": 5.25738163325e-17}, "erbbands_spread": {"mean": 23.5292930603, "dvar": 29.178560257, "min": 2.02589726448, "dmean": 5.28441810608, "dmean2": 8.35123920441, "dvar2": 70.9524154663, "max": 117.148757935, "median": 21.1855564117, "var": 125.389831543}, "spectral_contrast_coeffs": {"mean": [-0.666185617447, -0.771177828312, -0.784709274769, -0.798246502876, -0.803626537323, -0.720575094223], "dvar": [0.00199785409495, 0.00141808215994, 0.000922581297345, 0.000472979940241, 0.000279671075987, 0.00104255566839], "min": [-0.968170046806, -0.95590364933, -0.965005278587, -0.953113257885, -0.968499183655, -0.933774352074], "dmean": [0.0568274445832, 0.0483317524195, 0.0395851135254, 0.0281773675233, 0.020421853289, 0.0382604748011], "dmean2": [0.0939187705517, 0.0811228826642, 0.0657419860363, 0.0472823567688, 0.0337988846004, 0.0604044422507], "dvar2": [0.00533505436033, 0.00390722416341, 0.00258919526823, 0.00130889751017, 0.000749884056859, 0.00264428905211], "max": [-0.346719175577, -0.464762747288, -0.584717929363, -0.600328147411, -0.688284635544, -0.520718216896], "median": [-0.670731306076, -0.774026632309, -0.786594986916, -0.799744844437, -0.800877511501, -0.713421463966], "var": [0.0065383464098, 0.00337067805231, 0.00254924269393, 0.0015168604441, 0.0010058375774, 0.00389987556264]}, "spectral_energyband_middle_high": {"mean": 0.0126598356292, "dvar": 1.89460188267e-05, "min": 2.26437602393e-13, "dmean": 0.00387834757566, "dmean2": 0.00607054401189, "dvar2": 4.85224154545e-05, "max": 0.0837416127324, "median": 0.0108993416652, "var": 8.87278583832e-05}, "erbbands_crest": {"mean": 8.50865077972, "dvar": 5.75248432159, "min": 2.64114165306, "dmean": 2.63863348961, "dmean2": 4.38796472549, "dvar2": 14.8092842102, "max": 30.1075267792, "median": 7.69518613815, "var": 13.1684970856}, "barkbands_crest": {"mean": 7.98203516006, "dvar": 6.42321491241, "min": 2.55746531487, "dmean": 2.64121294022, "dmean2": 4.45554542542, "dvar2": 17.306810379, "max": 25.6080169678, "median": 7.17186450958, "var": 11.4855232239}, "pitch_salience": {"mean": 0.597679555416, "dvar": 0.00580236781389, "min": 0.101775638759, "dmean": 0.0803411602974, "dmean2": 0.134103342891, "dvar2": 0.0160377174616, "max": 0.978781163692, "median": 0.613827705383, "var": 0.0109231509268}, "melbands_skewness": {"mean": 1.59226322174, "dvar": 0.656753838062, "min": -2.19380259514, "dmean": 0.699537932873, "dmean2": 1.13844287395, "dvar2": 1.6871355772, "max": 21.7156505585, "median": 1.24073636532, "var": 2.07389974594}, "spectral_spread": {"mean": 3439271.75, "dvar": 127294455808, "min": 948350.625, "dmean": 358901.90625, "dmean2": 543143.3125, "dvar2": 274139840512, "max": 10733130, "median": 3301130.25, "var": 869127815168}, "spectral_entropy": {"mean": 7.57969331741, "dvar": 0.0162420999259, "min": 5.88268041611, "dmean": 0.121329255402, "dmean2": 0.180402263999, "dvar2": 0.0326369777322, "max": 8.8788728714, "median": 7.61925268173, "var": 0.087893024087}, "erbbands_flatness_db": {"mean": 0.160440087318, "dvar": 0.000279301486444, "min": 0.0453291013837, "dmean": 0.0188949257135, "dmean2": 0.0292696841061, "dvar2": 0.000612800300587, "max": 0.390880078077, "median": 0.158676952124, "var": 0.00134626147337}, "spectral_kurtosis": {"mean": 19.389831543, "dvar": 25.5436420441, "min": 1.03481435776, "dmean": 3.71840214729, "dmean2": 5.70778417587, "dvar2": 60.3349914551, "max": 140.361083984, "median": 18.4857978821, "var": 67.9831466675}, "erbbands_skewness": {"mean": 0.0346196554601, "dvar": 0.0830493047833, "min": -3.01030540466, "dmean": 0.335363268852, "dmean2": 0.527590751648, "dvar2": 0.200714021921, "max": 3.85660839081, "median": 0.0598243176937, "var": 0.342881292105}, "erbbands_kurtosis": {"mean": 0.977326512337, "dvar": 1.2785359621, "min": -1.73292148113, "dmean": 0.940049648285, "dmean2": 1.51766884327, "dvar2": 3.15533208847, "max": 29.4325675964, "median": 0.589543104172, "var": 3.14054322243}, "barkbands_spread": {"mean": 29.4597187042, "dvar": 53.4723167419, "min": 0.770621478558, "dmean": 6.84793281555, "dmean2": 10.7355031967, "dvar2": 121.627502441, "max": 128.1849823, "median": 26.7603149414, "var": 248.094177246}, "zerocrossingrate": {"mean": 0.211623579264, "dvar": 0.000746482226532, "min": 0.00537109375, "dmean": 0.0295537505299, "dmean2": 0.0373266227543, "dvar2": 0.00112449633889, "max": 0.69091796875, "median": 0.20068359375, "var": 0.00718679791316}, "spectral_centroid": {"mean": 1347.22961426, "dvar": 46846.1875, "min": 161.123809814, "dmean": 213.354476929, "dmean2": 311.054016113, "dvar2": 90343.0859375, "max": 4460.43847656, "median": 1264.58007812, "var": 301441.40625}, "barkbands_skewness": {"mean": 1.36921989918, "dvar": 0.334732532501, "min": -1.95278167725, "dmean": 0.490750402212, "dmean2": 0.801672399044, "dvar2": 0.852174580097, "max": 12.67740345, "median": 1.16992223263, "var": 0.923077106476}, "melbands_flatness_db": {"mean": 0.211393117905, "dvar": 0.000803423114121, "min": 0.00517004868016, "dmean": 0.0301933661103, "dmean2": 0.047358315438, "dvar2": 0.00201816484332, "max": 0.537463724613, "median": 0.204764887691, "var": 0.00307634472847}, "spectral_contrast_valleys": {"mean": [-7.01713752747, -6.3359708786, -6.3365650177, -6.90405845642, -7.22752094269, -11.0576124191], "dvar": [0.156745553017, 0.082523137331, 0.0659841820598, 0.0589425414801, 0.0737025812268, 0.208141237497], "min": [-19.3850383759, -19.0794811249, -19.0786476135, -18.5504016876, -17.9502601624, -19.2124176025], "dmean": [0.461065173149, 0.348178714514, 0.294644445181, 0.268693983555, 0.265616565943, 0.524421453476], "dmean2": [0.726997256279, 0.566043376923, 0.465483307838, 0.41218662262, 0.377583324909, 0.820724606514], "dvar2": [0.349441915751, 0.199592426419, 0.142507359385, 0.120168179274, 0.144573733211, 0.536776721478], "max": [-4.89443540573, -4.56366920471, -4.73391246796, -5.44704389572, -5.6376991272, -9.02389431], "median": [-6.76257276535, -6.12195253372, -6.05441617966, -6.67197608948, -6.9929857254, -10.9606151581], "var": [1.78471636772, 1.38285267353, 1.51834690571, 1.315122962, 1.26355803013, 0.85696542263]}, "barkbands_flatness_db": {"mean": 0.116283893585, "dvar": 0.0004495238245, "min": 0.0276235677302, "dmean": 0.0221411623061, "dmean2": 0.035300180316, "dvar2": 0.00115126930177, "max": 0.390128135681, "median": 0.109802916646, "var": 0.00145170849282}, "barkbands_kurtosis": {"mean": 3.67843151093, "dvar": 33.4895248413, "min": -1.83008694649, "dmean": 2.443795681, "dmean