{"tonal": {"hpcp": {"dvar": [0.0336868800223, 0.0348059907556, 0.033353947103, 0.0387621745467, 0.0428145155311, 0.0338372178376, 0.0376472137868, 0.0386637412012, 0.0366638489068, 0.0374735146761, 0.0287620313466, 0.0298804510385, 0.0346710979939, 0.0410522148013, 0.0245077610016, 0.0201849546283, 0.0235626529902, 0.0241176150739, 0.030481563881, 0.0386005714536, 0.0136392572895, 0.00752331689, 0.0104187149554, 0.0285433288664, 0.0995130687952, 0.0335674956441, 0.0164331048727, 0.0249424874783, 0.0326142832637, 0.0239281952381, 0.0243653412908, 0.0398421697319, 0.0473572202027, 0.0560137964785, 0.0528121180832, 0.0406809821725], "var": [0.026864701882, 0.0252640843391, 0.0241627078503, 0.0483051016927, 0.0702921822667, 0.0445636510849, 0.0534379407763, 0.0622810870409, 0.0378615744412, 0.0328200720251, 0.0266965739429, 0.0273674502969, 0.0641451328993, 0.0927901417017, 0.0325808636844, 0.0168893206865, 0.022707439959, 0.0220201164484, 0.0522601157427, 0.0725103989244, 0.0158537961543, 0.00997759588063, 0.016848705709, 0.0505103990436, 0.185627043247, 0.0566037558019, 0.0150851095095, 0.0444304719567, 0.0795520246029, 0.03510177508, 0.0200858172029, 0.0291548930109, 0.0347902476788, 0.05762469396, 0.0650692805648, 0.0375205948949], "median": [0.0038703144528, 0.00301554379985, 0.00645893486217, 0.0194842983037, 0.0264185480773, 0.0284496601671, 0.0314747877419, 0.026562301442, 0.0128740202636, 0.00498658185825, 0.00512690655887, 0.0119626242667, 0.0692048445344, 0.0931955054402, 0.0474006831646, 0.00836249813437, 0.00518253771588, 0.00854130554944, 0.0250633768737, 0.0250376239419, 0.0128841130063, 0.00384837458842, 0.00284407637082, 0.173891574144, 0.340139865875, 0.237341091037, 0.0182955805212, 0.0673586949706, 0.08918043226, 0.0402982793748, 0.00554884364828, 0.00304017378949, 0.00812059082091, 0.0279890783131, 0.0338638685644, 0.0152218043804], "max": [1, 1, 1, 1, 1, 1, 1, 1, 1, 1, 1, 1, 1, 1, 1, 1, 1, 1, 1, 1, 1, 1, 1, 1, 1, 1, 1, 1, 1, 1, 1, 1, 1, 1, 1, 1], "dmean": [0.0753044560552, 0.0728255361319, 0.0774554312229, 0.103361129761, 0.117311380804, 0.105627059937, 0.113676406443, 0.111555062234, 0.0972175747156, 0.0862104147673, 0.0743973776698, 0.0851915180683, 0.124584034085, 0.139861360192, 0.0993296802044, 0.0627353712916, 0.0632277056575, 0.073824480176, 0.102078296244, 0.108599379659, 0.0605824403465, 0.0296368040144, 0.0288216266781, 0.114662095904, 0.211641177535, 0.130506634712, 0.0610146522522, 0.100721903145, 0.117620125413, 0.0899209827185, 0.0686593875289, 0.0830617472529, 0.107645943761, 0.132708266377, 0.130504012108, 0.0998932868242], "dmean2": [0.137602299452, 0.135711833835, 0.141673967242, 0.177463024855, 0.198265433311, 0.182346209884, 0.192922532558, 0.190258160233, 0.172633931041, 0.157217890024, 0.133724451065, 0.152144789696, 0.207975432277, 0.225961714983, 0.165643692017, 0.112922035158, 0.112868018448, 0.13300845027, 0.16482667625, 0.171111866832, 0.102800160646, 0.051509860903, 0.0504164621234, 0.200501471758, 0.372256428003, 0.226092427969, 0.105569399893, 0.163047537208, 0.186852023005, 0.150498360395, 0.123749420047, 0.153836295009, 0.197872057557, 0.235860958695, 0.226404294372, 0.175241425633], "mean": [0.05623671785, 0.051980484277, 0.0580159761012, 0.117737114429, 0.153857260942, 0.119499608874, 0.138476833701, 0.145226031542, 0.091616384685, 0.0686641782522, 0.0613491386175, 0.0740295127034, 0.185001015663, 0.237264871597, 0.124535426497, 0.0533632263541, 0.0554930530488, 0.0630797073245, 0.134223848581, 0.153175532818, 0.0667322427034, 0.0313543863595, 0.0338068678975, 0.248569488525, 0.485365271568, 0.279889792204, 0.0605450384319, 0.155255734921, 0.214885592461, 0.118018314242, 0.0543709732592, 0.0596015788615, 0.0777211785316, 0.135514780879, 0.150624066591, 0.0906330421567], "dvar2": [0.0900680050254, 0.0967622846365, 0.0927010402083, 0.100259006023, 0.10358389467, 0.0876966714859, 0.0955045446754, 0.0964976102114, 0.0980247184634, 0.100629597902, 0.0756877064705, 0.0789168402553, 0.0843134596944, 0.0901009440422, 0.0623402930796, 0.0554418377578, 0.064078181982, 0.064711228013, 0.0695085301995, 0.0761845633388, 0.0352051407099, 0.0196496602148, 0.0264024864882, 0.0607019551098, 0.202579692006, 0.0747116357088, 0.0445517785847, 0.0609503164887, 0.074334718287, 0.0610363036394, 0.0659328326583, 0.110135242343, 0.1306527704, 0.148091048002, 0.133220925927, 0.104632109404], "min": [0, 0, 0, 0, 0, 0, 0, 0, 0, 0, 0, 0, 0, 0, 0, 0, 0, 0, 0, 0, 0, 0, 0, 0, 0, 0, 0, 0, 0, 0, 0, 0, 0, 0, 0, 0]}, "key_key": "A#", "thpcp": [1, 0.576658070087, 0.124741181731, 0.319874018431, 0.442729651928, 0.243153601885, 0.112020730972, 0.122797369957, 0.160129249096, 0.27920165658, 0.310331374407, 0.186731621623, 0.115864731371, 0.107095599174, 0.119530543685, 0.242574244738, 0.316992729902, 0.24620552361, 0.285304367542, 0.29920977354, 0.1887575984, 0.141469076276, 0.126397877932, 0.152523294091, 0.381158322096, 0.488837748766, 0.25658082962, 0.109944470227, 0.114332556725, 0.129963368177, 0.276541918516, 0.315588146448, 0.1374887079, 0.0645995661616, 0.0696524232626, 0.512128710747], "chords_key": "C#", "tuning_equal_tempered_deviation": 0.202024891973, "tuning_frequency": 434.193115234, "tuning_diatonic_strength": 0.510821998119, "chords_histogram": [10.8060894012, 32.2435722351, 1.67207384109, 0.0748689770699, 0.0748689770699, 0.648864507675, 0.14973795414, 3.71849274635, 0.549039185047, 0.748689770699, 0, 0, 0.399301230907, 0, 0.324432253838, 0.174694284797, 0.573995530605, 0, 0.324432253838, 4.79161453247, 0.723733484745, 5.39056634903, 4.51709508896, 32.0938339233], "key_strength": 0.475158423185, "key_scale": "minor", "chords_strength": {"dvar": 6.5518754127e-05, "var": 0.0128564760089, "median": 0.466922849417, "max": 0.765501856804, "dmean": 0.00969728175551, "dmean2": 0.00870223622769, "mean": 0.458754807711, "dvar2": 6.40911821392e-05, "min": 0.213324368}, "chords_number_rate": 0.00199650600553, "tuning_nontempered_energy_ratio": 0.843774199486, "hpcp_entropy": {"dvar": 0.251544803381, "var": 0.43462190032, "median": 1.78381860256, "max": 3.95906853676, "dmean": 0.549866497517, "dmean2": 0.920502543449, "mean": 1.78572416306, "dvar2": 0.678696870804, "min": 0}, "chords_changes_rate": 0.0601447485387, "chords_scale": "major"}, "rhythm": {"bpm_histogram_first_peak_spread": {"dvar": 0, "var": 0, "median": 0.440180599689, "max": 0.440180599689, "dmean": 0, "dmean2": 0, "mean": 0.440180599689, "dvar2": 0, "min": 0.440180599689}, "bpm_histogram_first_peak_weight": {"dvar": 0, "var": 0, "median": 0.533333361149, "max": 0.533333361149, "dmean": 0, "dmean2": 0, "mean": 0.533333361149, "dvar2": 0, "min": 0.533333361149}, "bpm_histogram_first_peak_bpm": {"dvar": 0, "var": 0, "median": 152, "max": 152, "dmean": 0, "dmean2": 0, "mean": 152, "dvar2": 0, "min": 152}, "bpm": 150.116699219, "bpm_histogram_second_peak_weight": {"dvar": 0, "var": 0, "median": 0.0129032256082, "max": 0.0129032256082, "dmean": 0, "dmean2": 0, "mean": 0.0129032256082, "dvar2": 0, "min": 0.0129032256082}, "beats_loudness": {"dvar": 0.000694043585099, "var": 0.00109903339762, "median": 0.0838531404734, "max": 0.171367317438, "dmean": 0.0388296842575, "dmean2": 0.0746155679226, "mean": 0.0793939307332, "dvar2": 0.00232417369261, "min": 0.00018487260968}, "beats_loudness_band_ratio": {"dvar": [0.069066464901, 0.0276155695319, 0.010364449583, 0.00688173621893, 0.000520253262948, 0.00212228111923], "var": [0.0751112103462, 0.0304935965687, 0.00980257894844, 0.00739712733775, 0.000621611077804, 0.00187792710494], "median": [0.6119094491, 0.15847954154, 0.0931141600013, 0.0747105777264, 0.0186346322298, 0.0134634952992], "max": [0.997982442379, 0.745287716389, 0.567096590996, 0.706661045551, 0.224086403847, 0.545577824116], "dmean": [0.405995845795, 0.254188716412, 0.129368558526, 0.0778457969427, 0.0235264189541, 0.0530403293669], "dmean2": [0.799613237381, 0.498590171337, 0.249516874552, 0.13969168067, 0.0432908572257, 0.10574349761], "mean": [0.544168055058, 0.222923412919, 0.122189193964, 0.10070052743, 0.0254363715649, 0.03176465258], "dvar2": [0.261059969664, 0.103511162102, 0.0363420881331, 0.0199612807482, 0.00147559831385, 0.00686413096264], "min": [0.0212275795639, 0.000144227407873, 0.00193865934853, 5.18869228472e-06, 1.95575762518e-06, 5.51435596208e-06]}, "bpm_histogram_second_peak_bpm": {"dvar": 0, "var": 0, "median": 144, "max": 144, "dmean": 0, "dmean2": 0, "mean": 144, "dvar2": 0, "min": 144}, "onset_rate": 4.10668182373, "beats_count": 466, "beats_position": [0.336689323187, 0.696598649025, 1.09133780003, 1.48607707024, 1.88081634045, 2.27555561066, 2.68190479279, 3.08825397491, 3.48299312592, 3.87773227692, 4.28408145905, 4.69043064117, 5.08516979218, 5.47990942001, 5.88625860214, 6.29260778427, 6.68734693527, 7.08208608627, 7.47682523727, 7.8831744194, 8.28952407837, 8.68426322937, 9.07900238037, 9.4853515625, 9.89170074463, 10.2864398956, 10.6811790466, 11.0875282288, 11.4938774109, 11.8886165619, 12.2833557129, 12.6780948639, 13.0728340149, 13.479183197, 13.8855323792, 14.2802715302, 14.6866207123, 15.0929698944, 15.4877090454, 15.8824491501, 16.2771873474, 16.6835365295, 17.0898857117, 17.4846248627, 17.8793640137, 18.2857131958, 18.6920623779, 19.0868015289, 19.4815406799, 19.8762817383, 20.2826309204, 20.6889801025, 21.0837192535, 21.4900684357, 21.8964176178, 22.2911567688, 22.6858959198, 23.0806350708, 23.4753742218, 23.8817234039, 24.2880725861, 24.6828117371, 25.0775508881, 25.4839000702, 25.8786392212, 26.2849884033, 26.6797275543, 27.0744667053, 27.4808158875, 27.8871650696, 28.2819042206, 28.6882534027, 29.0829925537, 29.4893417358, 29.8840808868, 30.2788200378, 30.68516922, 31.0915184021, 31.4862575531, 31.8809967041, 32.2873458862, 32.6936950684, 33.0884361267, 33.4831733704, 33.8895225525, 34.2958717346, 34.690612793, 35.0853500366, 35.480091095, 35.8864402771, 36.2927894592, 36.6875267029, 37.0822677612, 37.4886169434, 37.8949661255, 38.2897033691, 38.6844444275, 39.0791816711, 39.4855308533, 39.8918800354, 40.2866210938, 40.6813583374, 41.0877075195, 41.4940567017, 41.88879776, 42.2835350037, 42.678276062, 43.0846252441, 43.4909744263, 43.8857116699, 44.2804527283, 44.6868019104, 45.0931510925, 45.4878921509, 45.8826293945, 46.2889785767, 46.683719635, 47.0900688171, 47.4848060608, 47.8795471191, 48.2742843628, 48.6806335449, 49.0869827271, 49.4933319092, 49.8996810913, 50.2944221497, 50.6891593933, 51.0839004517, 51.4786376953, 51.8849868774, 52.2913360596, 52.6860771179, 53.0808143616, 53.4871635437, 53.8819046021, 54.2882537842, 54.6829910278, 55.0777320862, 55.4840812683, 55.8904304504, 56.2851676941, 56.6915168762, 57.0978660583, 57.4926071167, 57.8873443604, 58.2820854187, 58.6884346008, 59.094783783, 59.4895210266, 59.884262085, 60.2789993286, 60.6853485107, 61.0916976929, 61.4864387512, 61.8811798096, 62.2875289917, 62.6938781738, 63.100227356, 63.5065765381, 63.9013137817, 64.2960510254, 64.6907958984, 65.0855331421, 65.4802703857, 65.8866195679, 66.29296875, 66.6877059937, 67.0824508667, 67.4888000488, 67.895149231, 68.2898864746, 68.6846237183, 69.0793609619, 69.485710144, 69.8920593262, 70.2868041992, 70.6815414429, 71.087890625, 71.4942398071, 71.8889770508, 72.2837142944, 72.6784591675, 73.0848083496, 73.4911575317, 73.8858947754, 74.280632019, 74.6869812012, 75.0933303833, 75.488067627, 75.8828125, 76.2891616821, 76.6955108643, 77.0902481079, 77.4849853516, 77.8797302246, 78.2860794067, 78.6924285889, 79.0871658325, 79.4819030762, 79.8882522583, 80.282989502, 80.6893386841, 81.0840835571, 81.4788208008, 81.8851699829, 82.291519165, 82.6862564087, 83.0809936523, 83.4873428345, 83.8936920166, 84.2884368896, 84.6947860718, 85.1011352539, 85.4958724976, 85.8906097412, 86.2853469849, 86.6800918579, 87.0748291016, 87.4927902222, 87.8875274658, 88.2822647095, 88.6886138916, 89.0949630737, 89.4897003174, 89.8844451904, 90.2791824341, 90.6855316162, 91.0918807983, 91.486618042, 91.8813552856, 92.2877044678, 92.6940536499, 93.0887985229, 93.4835357666, 93.8782730103, 94.2962341309, 94.6909713745, 95.0857162476, 95.4804534912, 95.8868026733, 96.2931518555, 96.6878890991, 97.0826263428, 97.4773712158, 97.8837203979, 98.2900695801, 98.6848068237, 99.0795440674, 99.4858932495, 99.8922424316, 100.286979675, 100.681724548, 101.08807373, 101.494422913, 101.889160156, 102.2838974, 102.690246582, 103.096595764, 103.491333008, 103.886077881, 104.292427063, 104.698776245, 105.093513489, 105.488250732, 105.882987976, 106.277732849, 106.684082031, 107.090431213, 107.485168457, 107.891517639, 108.297866821, 108.692604065, 109.087341309, 109.482086182, 109.888435364, 110.294784546, 110.68952179, 111.084259033, 111.479003906, 111.885353088, 112.291702271, 112.686439514, 113.081176758, 113.48752594, 113.882263184, 114.288612366, 114.683357239, 115.089706421, 115.496055603, 115.890792847, 116.28553009, 116.691879272, 117.086616516, 117.492965698, 117.887710571, 118.294059753, 118.700408936, 119.095146179, 119.489883423, 119.884620667, 120.27936554, 120.685714722, 121.092063904, 121.486801147, 121.881538391, 122.276275635, 122.682624817, 123.088973999, 123.483718872, 123.890068054, 124.296417236, 124.69115448, 125.085891724, 125.492240906, 125.886978149, 126.293327332, 126.699676514, 127.094421387, 127.500770569, 127.895507812, 128.290252686, 128.6849823, 129.091339111, 129.497680664, 129.892425537, 130.28717041, 130.681900024, 131.088256836, 131.48298645, 131.889343262, 132.284072876, 132.690429688, 133.085174561, 133.491516113, 133.886260986, 134.280990601, 134.687347412, 135.093688965, 135.488433838, 135.883178711, 136.289520264, 136.695877075, 137.090606689, 137.485351562, 137.880081177, 138.286437988, 138.692779541, 139.087524414, 139.493881226, 139.900222778, 140.294967651, 140.689697266, 141.096054077, 141.50239563, 141.897140503, 142.291885376, 142.68661499, 143.081359863, 143.487701416, 143.894058228, 144.288803101, 144.683532715, 145.089889526, 145.496231079, 145.890975952, 146.285705566, 146.680450439, 147.086807251, 147.493148804, 147.887893677, 148.282623291, 148.688980103, 149.095321655, 149.490066528, 149.896408081, 150.291152954, 150.697509766, 151.09223938, 151.486984253, 151.881713867, 152.288070679, 152.694412231, 153.089157104, 153.483901978, 153.878631592, 154.284988403, 154.691329956, 155.086074829, 155.480819702, 155.887161255, 156.293518066, 156.688247681, 157.082992554, 157.477722168, 157.884078979, 158.290420532, 158.685165405, 159.091522217, 159.486251831, 159.892608643, 160.287338257, 160.68208313, 161.088439941, 161.494781494, 161.889526367, 162.284255981, 162.690612793, 163.096954346, 163.491699219, 163.886444092, 164.292785645, 164.699142456, 165.09387207, 165.488616943, 165.883346558, 166.289703369, 166.696044922, 167.090789795, 167.485534668, 167.880264282, 168.286621094, 168.692962646, 169.08770752, 169.482452393, 169.877182007, 170.283538818, 170.689880371, 171.084625244, 171.490966797, 171.897323608, 172.292053223, 172.686798096, 173.081542969, 173.49949646, 173.882629395, 174.288970947, 174.68371582, 175.078460693, 175.496414185, 175.891159058, 176.285888672, 176.680633545, 177.086975098, 177.493331909, 177.888076782, 178.306030273, 178.712371826, 179.118728638, 179.536682129, 179.931427002, 180.326171875, 180.720901489, 181.104034424, 181.440719604, 181.777404785, 182.114105225, 182.439178467, 182.764266968, 183.100952148, 183.437637329, 183.785934448, 184.134231567, 184.482528687, 184.830841064, 185.179138184, 185.527435303], "danceability": 1.46796679497, "bpm_histogram_second_peak_spread": {"dvar": 0, "var": 0, "median": 0, "max": 0, "dmean": 0, "dmean2": 0, "mean": 0, "dvar2": 0, "min": 0}}, "lowlevel": {"spectral_flux": {"dvar": 0.0023640061263, "var": 0.00438459124416, "median": 0.0728654712439, "max": 0.400056272745, "dmean": 0.03682076931, "dmean2": 0.0552427954972, "mean": 0.0905891656876, "dvar2": 0.00511416140944, "min": 6.94934179646e-11}, "spectral_rolloff": {"dvar": 685915.5, "var": 1392764.625, "median": 753.662109375, "max": 19315.2832031, "dmean": 269.888641357, "dmean2": 463.350860596, "mean": 861.922973633, "dvar2": 1607583.875, "min": 64.599609375}, "barkbands_flatness_db": {"dvar": 0.00066191732185, "var": 0.00839440803975, "median": 0.160431951284, "max": 0.603704154491, "dmean": 0.0241560954601, "dmean2": 0.0350127033889, "mean": 0.179241850972, "dvar2": 0.00131266622338, "min": 0.0360609255731}, "spectral_centroid": {"dvar": 68896.4140625, "var": 203986.828125, "median": 805.146728516, "max": 11149.6777344, "dmean": 150.640289307, "dmean2": 229.091705322, "mean": 854.078430176, "dvar2": 136888.484375, "min": 95.513420105}, "melbands_skewness": {"dvar": 0.705888926983, "var": 4.49317121506, "median": 2.45942091942, "max": 20.7982940674, "dmean": 0.726122260094, "dmean2": 1.10356211662, "mean": 2.72359204292, "dvar2": 1.49196958542, "min": -2.16977763176}, "melbands": {"dvar": [1.76125086e-05, 8.58705243445e-06, 3.75132776753e-06, 3.08693779516e-06, 8.99519875475e-07, 2.78016784705e-07, 1.0512819415e-07, 7.24097048987e-08, 7.83040974284e-08, 1.41864788361e-07, 2.25720839353e-07, 1.51967100237e-07, 9.87685950804e-08, 2.74988103399e-08, 1.97616252251e-08, 1.59070232542e-08, 6.95421542574e-09, 3.30370064638e-09, 2.86648704773e-09, 7.60488672036e-10, 8.04938171672e-10, 6.54464926697e-10, 1.23574095401e-10, 9.70382871279e-11, 3.3380118114e-11, 5.05757866143e-11, 1.90171524361e-11, 1.60200464006e-11, 1.76598648899e-11, 7.69695505248e-12, 5.50217423706e-12, 4.65616651138e-12, 3.365387179e-12, 4.73281353344e-12, 4.47909070944e-12, 8.79189950009e-12, 7.52214783517e-12, 3.28400761446e-12, 2.71560486771e-12, 2.17574959785e-12], "var": [5.52115343453e-05, 9.58104919846e-06, 3.55152064913e-06, 2.51625124292e-06, 1.4032962099e-06, 4.33120391108e-07, 1.88166708881e-07, 1.29935656901e-07, 1.16638481984e-07, 3.38484596796e-07, 6.67242147756e-07, 4.71829366688e-07, 5.23635208083e-07, 9.2775778171e-08, 5.97207545638e-08, 4.05213711474e-08, 2.35723476294e-08, 8.08883005021e-09, 7.13204206804e-09, 1.92378601938e-09, 1.35008959568e-09, 2.35642816371e-09, 3.52424561756e-10, 2.12950060363e-10, 7.02780472706e-11, 1.16106596559e-10, 5.00626207156e-11, 2.90940205955e-11, 2.55740584959e-11, 1.26314653182e-11, 1.09549851829e-11, 8.98685379586e-12, 7.36712687383e-12, 9.00950494764e-12, 7.68866133954e-12, 9.03496895355e-12, 1.05698965205e-11, 4.97755482665e-12, 4.57428886436e-12, 3.24395176519e-12], "median": [0.002527696779, 0.00161089468747, 0.000541169836652, 0.000381333753467, 0.000405531027354, 0.00026359243202, 0.000137959053973, 0.000104124163045, 5.41418266948e-05, 7.68115278333e-05, 8.11230565887e-05, 6.40631769784e-05, 5.08153825649e-05, 5.44725007785e-05, 2.13659641304e-05, 2.46640938713e-05, 1.63028689713e-05, 5.49453443455e-06, 7.66954144638e-06, 5.48492744201e-06, 4.96128404848e-06, 2.56360590356e-06, 2.23150823331e-06, 1.88710032489e-06, 1.43467923408e-06, 1.3050699863e-06, 1.09804454951e-06, 7.47660521938e-07, 6.3459839339e-07, 4.39813618414e-07, 3.06345611989e-07, 2.75159749208e-07, 2.34954399048e-07, 1.96689427412e-07, 1.77919275757e-07, 1.83732382197e-07, 1.68281559354e-07, 1.84796419944e-07, 2.03549973321e-07, 2.19744407559e-07], "max": [0.0491706877947, 0.0286516360939, 0.0170957949013, 0.0162839759141, 0.0125244110823, 0.00652970187366, 0.00555093353614, 0.00517786806449, 0.0125151509419, 0.00820492394269, 0.00830009486526, 0.00744961434975, 0.00981979072094, 0.00392183987424, 0.00488697737455, 0.00470854248852, 0.00210145581514, 0.00171801552642, 0.00138714571949, 0.000860215630382, 0.00121798703913, 0.00101544568315, 0.000586358539294, 0.000559332082048, 0.000168205588125, 0.000197248198674, 0.000154011679115, 0.000208610596019, 0.000241018467932, 8.02443464636e-05, 3.59662153642e-05, 3.31196242769e-05, 3.43145511579e-05, 6.20071368758e-05, 7.67219316913e-05, 0.000133469278808, 0.000130761967739, 6.20780119789e-05, 4.109407746e-05, 3.86355422961e-05], "dmean": [0.00269905757159, 0.00138914689887, 0.000900367333088, 0.00067308061989, 0.00051706697559, 0.000280510634184, 0.00016582486569, 0.000134111265652, 9.75517177721e-05, 0.00015353638446, 0.000201320814085, 0.000169765698956, 0.000125039558043, 8.22075089673e-05, 4.84247393615e-05, 4.33066197729e-05, 3.62585560651e-05, 1.8551139874e-05, 1.97677309188e-05, 1.04419004856e-05, 9.30930309551e-06, 6.85350232743e-06, 3.29799718202e-06, 2.61202944785e-06, 2.21769300879e-06, 2.51509959526e-06, 1.80117342552e-06, 1.31395620429e-06, 1.2398668332e-06, 1.14673241569e-06, 1.08212009309e-06, 9.67868800217e-07, 8.55388520904e-07, 8.68965571499e-07, 7.0608302849e-07, 6.41173528493e-07, 6.05779405305e-07, 5.50364404717e-07, 5.65557400023e-07, 5.24519919054e-07], "dmean2": [0.00403793575242, 0.00234923046082, 0.00153871637303, 0.00112518260721, 0.000828666496091, 0.000437563343439, 0.000261845620116, 0.000215715364902, 0.000154075270984, 0.000235765590332, 0.000303322216496, 0.000250045268331, 0.000185752724065, 0.000125914782984, 7.49482787796e-05, 6.54708273942e-05, 5.52666497242e-05, 2.78541374428e-05, 2.97670139844e-05, 1.57116210175e-05, 1.43346960613e-05, 9.71076406131e-06, 4.9978516472e-06, 4.02585737902e-06, 3.35340769198e-06, 3.76642947231e-06, 2.65172070613e-06, 1.9485703433e-06, 1.85358305771e-06, 1.68050019056e-06, 1.51980384544e-06, 1.33103503686e-06, 1.18042487429e-06, 1.20527408853e-06, 9.99037297333e-07, 9.20191496334e-07, 8.90112914931e-07, 7.95525181729e-07, 8.2822054992e-07, 7.69055361616e-07], "mean": [0.00565726589411, 0.00241026934236, 0.00125055690296, 0.00085312128067, 0.000832720834296, 0.000500303634908, 0.000295703794109, 0.000231221565627, 0.000144691293826, 0.000267243362032, 0.000393381895265, 0.000333342992235, 0.000298000522889, 0.000152105203597, 7.82619972597e-05, 7.5031639426e-05, 6.52135277051e-05, 3.02223452309e-05, 3.39575235557e-05, 1.85746539501e-05, 1.56721998792e-05, 1.34752699523e-05, 6.03046191827e-06, 4.75523984278e-06, 3.98530482926e-06, 4.62150637759e-06, 3.35496065418e-06, 2.28287490245e-06, 2.01512216336e-06, 1.75285629211e-06, 1.59858655024e-06, 1.45402600538e-06, 1.32991704049e-06, 1.30354567318e-06, 1.077404022e-06, 9.57845827543e-07, 9.13710493933e-07, 8.43639043069e-07, 8.51484003306e-07, 8.0400184288e-07], "dvar2": [4.53589054814e-05, 2.29205707001e-05, 1.01225059552e-05, 8.30144290376e-06, 2.29878014579e-06, 6.97867619692e-07, 2.60293035126e-07, 1.82315133657e-07, 1.7848878997e-07, 3.19944007288e-07, 4.80871051423e-07, 3.18648091024e-07, 1.94073123794e-07, 5.97243428047e-08, 4.18301731031e-08, 3.40397718901e-08, 1.50732386572e-08, 7.12640613187e-09, 6.03108141206e-09, 1.70204805805e-09, 1.92918969688e-09, 1.230713087e-09, 2.8410646058e-10, 2.02602712385e-10, 7.42835237766e-11, 1.10014976296e-10, 4.03015849859e-11, 3.80653009113e-11, 3.86804130392e-11, 1.78413585988e-11, 1.08861279366e-11, 9.22333303482e-12, 6.82881702574e-12, 1.02009815525e-11, 1.00159212521e-11, 2.33346449802e-11, 1.97857008555e-11, 7.62586348235e-12, 6.15421992881e-12, 5.25829033093e-12], "min": [5.85961226119e-24, 6.2815999918e-24, 8.72205637579e-24, 1.21767646363e-23, 8.47537720415e-24, 1.01646392134e-23, 5.0428513179e-24, 1.09472263079e-23, 1.01890197486e-23, 9.76793210824e-24, 4.87536904798e-24, 5.26137407169e-24, 5.18005907844e-24, 7.01760327207e-24, 1.16721105937e-23, 9.1626020592e-24, 6.89468454354e-24, 7.88490219482e-24, 5.8590399426e-24, 3.58102461292e-24, 4.29923907977e-24, 6.69005165814e-24, 5.47872852247e-24, 8.47740852098e-24, 5.47299468698e-24, 5.92856619848e-24, 9.53952532174e-24, 8.98532923658e-24, 9.71195927157e-24, 8.04419135538e-24, 7.31084495864e-24, 8.49702275853e-24, 7.61932980449e-24, 6.98765653438e-24, 6.74458719024e-24, 8.15354483178e-24, 8.8392006425e-24, 7.85936597845e-24, 7.1265323413e-24, 9.13391749897e-24]}, "spectral_decrease": {"dvar": 3.67691940058e-17, "var": 8.50823154995e-17, "median": -8.76406147654e-09, "max": 3.82086398111e-16, "dmean": 4.16688861193e-09, "dmean2": 6.63179511307e-09, "mean": -1.13639977428e-08, "dvar2": 8.76011797264e-17, "min": -4.80243222967e-08}, "barkbands_kurtosis": {"dvar": 108.702850342, "var": 1376.25732422, "median": 4.03120470047, "max": 669.101379395, "dmean": 4.04433679581, "dmean2": 6.34627485275, "mean": 10.860707283, "dvar2": 224.85786438, "min": -1.89918982983}, "silence_rate_30dB": {"dvar": 0.0624278336763, "var": 0.0632801800966, "median": 1, "max": 1, "dmean": 0.0668996497989, "dmean2": 0.133816003799, "mean": 0.932110309601, "dvar2": 0.148863509297, "min": 0}, "gfcc": {"mean": [-14.1745519638, 109.051948547, -88.2913513184, 6.54171323776, -46.5687446594, 22.5749320984, -27.5952014923, 13.294760704, -24.2013549805, 7.48230314255, -10.2532100677, 6.99870729446, -2.09275794029], "cov": [[11562.0654297, -1649.96191406, -1320.13562012, 54.0557327271, -530.311279297, -140.206436157, -1041.56201172, -359.360168457, -863.253845215, -18.2209815979, -296.506439209, 294.630950928, 0.425427734852], [-1649.96191406, 1730.3137207, 103.228340149, 28.828962326, 527.610900879, 39.8594474792, 361.297607422, 67.0316543579, 239.414794922, -108.594566345, 116.321166992, -184.170074463, 37.4358139038], [-1320.13562012, 103.228340149, 990.302368164, 109.509666443, 79.6758422852, 21.1859855652, 172.270217896, 95.1447982788, 161.302246094, -66.0684738159, -90.2923812866, -87.4745483398, -101.042602539], [54.0557327271, 28.828962326, 109.509666443, 402.083770752, -54.436378479, 4.04422998428, -13.3431167603, -35.9166488647, 48.4815063477, -34.485118866, -30.1514854431, -24.8643054962, -49.5126953125], [-530.311279297, 527.610900879, 79.6758422852, -54.436378479, 583.827758789, 54.9404945374, 189.757827759, 119.016334534, 90.241973877, -23.0328865051, 32.6305007935, -96.0984954834, 16.0218257904], [-140.206436157, 39.8594474792, 21.1859855652, 4.04422998428, 54.9404945374, 243.29888916, 42.4222412109, 0.997839093208, 1.21109318733, 35.0439987183, 35.6462097168, -5.67500352859, -6.63501739502], [-1041.56201172, 361.297607422, 172.270217896, -13.3431167603, 189.757827759, 42.4222412109, 297.738342285, 61.496673584, 124.738548279, -3.75998044014, 32.5955963135, -69.703414917, -6.93954515457], [-359.360168457, 67.0316543579, 95.1447982788, -35.9166488647, 119.016334534, 0.997839093208, 61.496673584, 242.101638794, 45.4744987488, -16.6818370819, -8.67010593414, -19.4351215363, 27.3821163177], [-863.253845215, 239.414794922, 161.302246094, 48.4815063477, 90.241973877, 1.21109318733, 124.738548279, 45.4744987488, 231.979690552, -9.51479816437, 14.9197406769, -30.9792938232, -11.4989995956], [-18.2209815979, -108.594566345, -66.0684738159, -34.485118866, -23.0328865051, 35.0439987183, -3.75998044014, -16.6818370819, -9.51479816437, 126.895866394, 38.5219993591, 12.9562368393, 17.6728153229], [-296.506439209, 116.321166992, -90.2923812866, -30.1514854431, 32.6305007935, 35.6462097168, 32.5955963135, -8.67010593414, 14.9197406769, 38.5219993591, 123.925254822, 27.1787796021, 23.8172721863], [294.630950928, -184.170074463, -87.4745483398, -24.8643054962, -96.0984954834, -5.67500352859, -69.703414917, -19.4351215363, -30.9792938232, 12.9562368393, 27.1787796021, 119.072525024, 25.1080665588], [0.425427734852, 37.4358139038, -101.042602539, -49.5126953125, 16.0218257904, -6.63501739502, -6.93954515457, 27.3821163177, -11.4989995956, 17.6728153229, 23.8172721863, 25.1080665588, 100.299201965]], "icov": [[0.000177904148586, 2.71985500149e-05, 0.000169560167706, -7.82547649578e-05, -0.000131269509438, -1.09593029265e-05, 0.000306985282805, 8.17622130853e-05, 0.000347809778759, 1.07728765215e-05, 0.000450265535619, -0.000244779716013, 0.000132774875965], [2.71985500149e-05, 0.00131229078397, 0.000128098137793, -0.000120318778499, -0.000621859682724, 2.89366362267e-05, -0.000555833103135, 0.000423316378146, -0.000567164679524, 0.00139868201222, -0.00129395141266, 0.00144725444261, -0.000839540385641], [0.000169560167706, 0.000128098137793, 0.00167210656218, -0.000223515497055, -3.86273095501e-05, -0.000194884996745, -0.000393937021727, -0.00035847624531, -0.000335667689797, 0.000348582601873, 0.00130706920754, -4.38732422481e-05, 0.00119021814317], [-7.82547649578e-05, -0.000120318778499, -0.000223515497055, 0.00295867584646, 0.000416090158978, -0.000258700398263, 0.000387792999391, 0.000311433133902, -0.000922898412682, 0.00052330858307, 3.52221177309e-05, 0.000592007127125, 0.00078426906839], [-0.000131269509438, -0.000621859682724, -3.86273095501e-05, 0.000416090158978, 0.00299650547095, -0.000416274968302, -0.000893816410098, -0.00105574773625, -0.000204403520911, 3.32966883434e-05, -0.000388112763176, 0.00118011562154, -0.000113227812108], [-1.09593029265e-05, 2.89366362267e-05, -0.000194884996745, -0.000258700398263, -0.000416274968302, 0.00465307570994, -0.000520849367604, 2.74994818028e-05, 0.000565731199458, -0.00120398658328, -0.00112434278708, -0.00012557701848, 0.000571400101762], [0.000306985282805, -0.000555833103135, -0.000393937021727, 0.000387792999391, -0.000893816410098, -0.000520849367604, 0.00687256921083, -0.000260762812104, -0.00120596087072, -0.00052453961689, -0.000402065954404, 0.00115388841368, 0.000416535127442], [8.17622130853e-05, 0.000423316378146, -0.00035847624531, 0.000311433133902, -0.00105574773625, 2.74994818028e-05, -0.000260762812104, 0.00532590085641, -0.000508787692524, 0.000847350689583, 0.0004660677223, 0.000219350098632, -0.00204053008929], [0.000347809778759, -0.000567164679524, -0.000335667689797, -0.000922898412682, -0.000204403520911, 0.000565731199458, -0.00120596087072, -0.000508787692524, 0.00721492711455, -0.000754727865569, 0.000611251278315, -0.00143549428321, 0.000716362206731], [1.07728765215e-05, 0.00139868201222, 0.000348582601873, 0.00052330858307, 3.32966883434e-05, -0.00120398658328, -0.00052453961689, 0.000847350689583, -0.000754727865569, 0.0109802745283, -0.00380175071768, 0.00218662037514, -0.00193105230574], [0.000450265535619, -0.00129395141266, 0.00130706920754, 3.52221177309e-05, -0.000388112763176, -0.00112434278708, -0.000402065954404, 0.0004660677223, 0.000611251278315, -0.00380175071768, 0.0141041250899, -0.00540311727673, 0.00039107791963], [-0.000244779716013, 0.00144725444261, -4.38732422481e-05, 0.000592007127125, 0.00118011562154, -0.00012557701848, 0.00115388841368, 0.000219350098632, -0.00143549428321, 0.00218662037514, -0.00540311727673, 0.0143129788339, -0.00331777334213], [0.000132774875965, -0.000839540385641, 0.00119021814317, 0.00078426906839, -0.000113227812108, 0.000571400101762, 0.000416535127442, -0.00204053008929, 0.000716362206731, -0.00193105230574, 0.00039107791963, -0.00331777334213, 0.0136709902436]]}, "silence_rate_20dB": {"dvar": 0, "var": 0, "median": 1, "max": 1, "dmean": 0, "dmean2": 0, "mean": 1, "dvar2": 0, "min": 1}, "barkbands_skewness": {"dvar": 0.453770935535, "var": 3.17162322998, "median": 1.81381738186, "max": 19.0503540039, "dmean": 0.580994963646, "dmean2": 0.895863294601, "mean": 1.99685072899, "dvar2": 0.999464392662, "min": -13.5670795441}, "erbbands_skewness": {"dvar": 0.168148621917, "var": 0.712999641895, "median": 0.564891993999, "max": 7.25200653076, "dmean": 0.363843142986, "dmean2": 0.547752141953, "mean": 0.492516726255, "dvar2": 0.366618305445, "min": -3.76663756371}, "spectral_contrast_valleys": {"dvar": [0.221712037921, 0.203690513968, 0.194927155972, 0.21478061378, 0.189149737358, 0.200699627399], "var": [1.39720058441, 1.19870686531, 1.3750180006, 1.4072817564, 1.48390340805, 1.81707680225], "median": [-6.6527299881, -6.72299909592, -7.2274851799, -8.08447170258, -8.22398471832, -10.3206796646], "max": [-4.95763349533, -4.62688684464, -5.12500762939, -5.4096455574, -5.83936548233, -7.81860637665], "dmean": [0.404563903809, 0.412560045719, 0.387411743402, 0.406243413687, 0.366865873337, 0.401624858379], "dmean2": [0.629178881645, 0.641046702862, 0.588463664055, 0.577895700932, 0.484171181917, 0.468758314848], "mean": [-6.89956951141, -6.84782409668, -7.37739849091, -8.21263504028, -8.37721157074, -10.472035408], "dvar2": [0.38593634963, 0.390518575907, 0.370496124029, 0.383456528187, 0.310888439417, 0.326713591814], "min": [-27.3835830688, -27.9169502258, -27.2635746002, -27.3376140594, -27.3748435974, -27.2838821411]}, "spectral_strongpeak": {"dvar": 0.98807233572, "var": 2.44472813606, "median": 0.423406153917, "max": 10.3887710571, "dmean": 0.550355374813, "dmean2": 0.927537322044, "mean": 1.06432044506, "dvar2": 2.23561644554, "min": 0}, "erbbands_crest": {"dvar": 7.41731405258, "var": 27.8174610138, "median": 9.27758312225, "max": 30.5360183716, "dmean": 2.53601622581, "dmean2": 3.90984463692, "mean": 10.6257667542, "dvar2": 16.0061836243, "min": 2.85471320152}, "barkbands_crest": {"dvar": 6.3786149025, "var": 22.6140708923, "median": 11.448931694, "max": 26.3449897766, "dmean": 2.60194349289, "dmean2": 4.25149488449, "mean": 12.3107700348, "dvar2": 17.8999423981, "min": 3.21406054497}, "spectral_energyband_middle_low": {"dvar": 0.000186086588656, "var": 0.000236736246734, "median": 0.00970021262765, "max": 0.127382189035, "dmean": 0.00713123194873, "dmean2": 0.0112939337268, "mean": 0.0141929350793, "dvar2": 0.000468982616439, "min": 3.50423802837e-22}, "spectral_contrast_coeffs": {"dvar": [0.00242308876477, 0.0013984296238, 0.00134252640419, 0.000938547775149, 0.000478278787341, 0.000254277256317], "var": [0.00721816997975, 0.00479685887694, 0.00665202317759, 0.00497479876503, 0.00303463661112, 0.00117932155263], "median": [-0.689114272594, -0.711297214031, -0.712260365486, -0.753834426403, -0.805059492588, -0.802729129791], "max": [-0.315660208464, -0.417307376862, -0.407337874174, -0.432320028543, -0.538313150406, -0.617136597633], "dmean": [0.0507427416742, 0.0444584451616, 0.0401163175702, 0.0345724225044, 0.0233192145824, 0.0175146088004], "dmean2": [0.0826816260815, 0.0717249289155, 0.0630937069654, 0.0541064925492, 0.0355001576245, 0.0277203768492], "mean": [-0.678419947624, -0.709467589855, -0.702475786209, -0.747768819332, -0.796419680119, -0.803275883198], "dvar2": [0.00580886332318, 0.00360137736425, 0.0029901668895, 0.00210925517604, 0.000993781606667, 0.000598368176725], "min": [-0.973929822445, -0.961890697479, -0.972259104252, -0.981944799423, -0.963806033134, -0.966539025307]}, "hfc": {"dvar": 283.66229248, "var": 494.083496094, "median": 14.423869133, "max": 226.966552734, "dmean": 8.48026275635, "dmean2": 12.3614654541, "mean": 21.4460811615, "dvar2": 669.009155273, "min": 1.11592210052e-16}, "spectral_energyband_high": {"dvar": 9.04121066014e-07, "var": 1.32840318656e-06, "median": 0.000153924091137, "max": 0.0150329051539, "dmean": 0.00036549862125, "dmean2": 0.000508347526193, "mean": 0.000556628161576, "dvar2": 2.07381572181e-06, "min": 7.34841810695e-21}, "erbbands_spread": {"dvar": 81.8477859497, "var": 325.030395508, "median": 24.646024704, "max": 176.981567383, "dmean": 6.7774438858, "dmean2": 9.81641578674, "mean": 28.6556892395, "dvar2": 152.229995728, "min": 1.83777737617}, "dissonance": {"dvar": 0.000783411087468, "var": 0.00198226212524, "median": 0.445645153522, "max": 0.499999940395, "dmean": 0.0290660914034, "dmean2": 0.0490260906518, "mean": 0.435420930386, "dvar2": 0.00208348152228, "min": 0.176917970181}, "spectral_kurtosis": {"dvar": 18.3177623749, "var": 97.1460189819, "median": 6.87151145935, "max": 93.3224868774, "dmean": 2.79957032204, "dmean2": 4.29704856873, "mean": 9.18592166901, "dvar2": 47.0094261169, "min": -1.48976051807}, "spectral_skewness": {"dvar": 0.123108938336, "var": 0.877859890461, "median": 2.23584342003, "max": 8.03013515472, "dmean": 0.317393273115, "dmean2": 0.457866579294, "mean": 2.34896111488, "dvar2": 0.274394243956, "min": -0.272393137217}, "pitch_salience": {"dvar": 0.00442173657939, "var": 0.0212539173663, "median": 0.491312712431, "max": 0.913738489151, "dmean": 0.0660541430116, "dmean2": 0.10476859659, "mean": 0.483346819878, "dvar2": 0.0104495724663, "min": 0.0378177948296}, "spectral_complexity": {"dvar": 10.2105398178, "var": 42.9920158386, "median": 14, "max": 43, "dmean": 2.7161757946, "dmean2": 3.95655965805, "mean": 14.5632095337, "dvar2": 18.3525314331, "min": 0}, "spectral_spread": {"dvar": 1055252086780.0, "var": 4842481778690.0, "median": 4631194.5, "max": 41055468, "dmean": 747530, "dmean2": 1037665.5, "mean": 4894580.5, "dvar2": 1910670884860.0, "min": 1004452.75}, "dynamic_complexity": 3.31289315224, "melbands_crest": {"dvar": 10.3975133896, "var": 58.184337616, "median": 15.589299202, "max": 36.8089828491, "dmean": 3.22134065628, "dmean2": 5.08263969421, "mean": 17.4035797119, "dvar2": 25.6021842957, "min": 1.82950353622}, "zerocrossingrate": {"dvar": 0.000212237602682, "var": 0.0015536454739, "median": 0.03759765625, "max": 0.787109375, "dmean": 0.00918525736779, "dmean2": 0.0104767447338, "mean": 0.0435271076858, "dvar2": 0.000261880340986, "min": 0.001953125}, "spectral_energyband_low": {"dvar": 0.000284296256723, "var": 0.000757553090807, "median": 0.013959842734, "max": 0.163366004825, "dmean": 0.0103383455426, "dmean2": 0.0165074039251, "mean": 0.0237544942647, "dvar2": 0.000703177356627, "min": 8.86073875402e-23}, "melbands_kurtosis": {"dvar": 289.32824707, "var": 1300.53796387, "median": 8.72508049011, "max": 647.466796875, "dmean": 7.2398686409, "dmean2": 11.2521133423, "mean": 17.6045436859, "dvar2": 610.518859863, "min": -1.84955334663}, "spectral_energyband_middle_high": {"dvar": 2.18009172386e-05, "var": 9.98267132672e-05, "median": 0.00324990018271, "max": 0.0749316886067, "dmean": 0.00271196989343, "dmean2": 0.0040183882229, "mean": 0.00785463862121, "dvar2": 4.54197943327e-05, "min": 1.34073991658e-21}, "barkbands_spread": {"dvar": 44.8871002197, "var": 114.539474487, "median": 13.7973623276, "max": 108.655067444, "dmean": 4.29832410812, "dmean2": 6.70414543152, "mean": 15.0818719864, "dvar2": 99.8471679688, "min": 0.224955543876}, "mfcc": {"mean": [-670.890686035, 153.196517944, 15.4500427246, 5.49338245392, 5.32908582687, 7.2185177803, 11.7504367828, 5.64331817627, 3.72816777229, 0.77557271719, -0.0404075570405, 0.54662156105, 3.57483625412], "cov": [[8977.64453125, -1054.73547363, -817.147094727, -215.505050659, -150.718856812, -202.43196106, -310.562683105, -426.938903809, -441.385009766, -510.853607178, -581.145507812, -395.330078125, -20.3739376068], [-1054.73547363, 1510.49658203, -214.376174927, 52.9821014404, 239.18536377, 66.3763656616, 239.835845947, 139.589584351, 138.15763855, 84.4078903198, 97.2568740845, 59.5745773315, 32.7539596558], [-817.147094727, -214.376174927, 779.997253418, 114.636222839, -50.5405769348, 70.7292709351, -97.7449035645, 77.3559951782, 44.812297821, 46.1552810669, 73.9852600098, 50.9357948303, -63.6956291199], [-215.505050659, 52.9821014404, 114.636222839, 351.394683838, 65.7317276001, 5.05342626572, -14.0878152847, 54.0650978088, 60.4088745117, 53.5023231506, 29.9298534393, 5.78147411346, -22.9227466583], [-150.718856812, 239.18536377, -50.5405769348, 65.7317276001, 294.917144775, 10.1890058517, 89.2861862183, 76.4588165283, 83.8774108887, 49.8246803284, 17.7070713043, 22.3461761475, 15.9905986786], [-202.43196106, 66.3763656616, 70.7292709351, 5.05342626572, 10.1890058517, 258.626312256, 29.8225078583, 12.2770290375, -4.5209903717, 30.134393692, 56.7411575317, 24.5912055969, 3.91178774834], [-310.562683105, 239.835845947, -97.7449035645, -14.0878152847, 89.2861862183, 29.8225078583, 248.738723755, 30.558008194, 43.9130363464, 46.4625091553, 18.1625995636, 18.4722919464, 31.0764751434], [-426.938903809, 139.589584351, 77.3559951782, 54.0650978088, 76.4588165283, 12.2770290375, 30.558008194, 182.787033081, 71.6801681519, 40.3653373718, 43.7189292908, 40.538105011, -3.4527349472], [-441.385009766, 138.15763855, 44.812297821, 60.4088745117, 83.8774108887, -4.5209903717, 43.9130363464, 71.6801681519, 163.992797852, 88.2359695435, 42.168964386, 13.2473497391, -2.29552578926], [-510.853607178, 84.4078903198, 46.1552810669, 53.5023231506, 49.8246803284, 30.134393692, 46.4625091553, 40.3653373718, 88.2359695435, 152.691635132, 72.5056686401, 16.9941310883, -10.4914131165], [-581.145507812, 97.2568740845, 73.9