{"tonal": {"chords_key": "F#", "hpcp_entropy": {"dmean": 0.618072748184, "dmean2": 1.04243528843, "max": 4.14057207108, "dvar": 0.260648727417, "mean": 1.69097697735, "dvar2": 0.698712170124, "min": 0, "var": 0.582352638245, "median": 1.73121833801}, "key_key": "F#", "chords_strength": {"dmean": 0.0103045701981, "dmean2": 0.00971502810717, "max": 0.808085739613, "dvar": 0.000400450488087, "mean": 0.543779671192, "dvar2": 0.000718406226952, "min": -1, "var": 0.0185670629144, "median": 0.556444525719}, "key_scale": "minor", "chords_number_rate": 0.00171850831248, "thpcp": [1, 0.967354476452, 0.459587991238, 0.264158129692, 0.220403164625, 0.208708420396, 0.38163793087, 0.480511188507, 0.372543364763, 0.374983876944, 0.373681217432, 0.237818464637, 0.155661284924, 0.131590560079, 0.131329610944, 0.180346831679, 0.200336918235, 0.150688275695, 0.136382713914, 0.148595765233, 0.196918010712, 0.565475225449, 0.852705359459, 0.522582232952, 0.228674322367, 0.238303169608, 0.248807311058, 0.264849185944, 0.247398495674, 0.244792297482, 0.381943583488, 0.525271356106, 0.429890334606, 0.302497714758, 0.278805077076, 0.488182127476], "key_strength": 0.753782272339, "tuning_nontempered_energy_ratio": 0.943090736866, "tuning_frequency": 432.441040039, "chords_changes_rate": 0.0443375147879, "tuning_diatonic_strength": 0.64339530468, "chords_scale": "minor", "chords_histogram": [43.9078865051, 4.65715742111, 25.6916999817, 1.92472934723, 0.326516598463, 1.11703038216, 0.10311049968, 5.25863552094, 0.343701660633, 5.67107772827, 0.240591168404, 0.378071844578, 0.120295584202, 0, 0, 0, 0.635848104954, 0, 0.309331506491, 1.30606639385, 0.378071844578, 0, 1.56384253502, 6.06633424759], "tuning_equal_tempered_deviation": 0.26411229372, "hpcp": {"dmean": [0.104072198272, 0.0958563089371, 0.0765698924661, 0.0558534264565, 0.0462524145842, 0.0472554899752, 0.0504691340029, 0.0525369085371, 0.0470427088439, 0.0464257746935, 0.0500586852431, 0.0736547037959, 0.12336666137, 0.142403826118, 0.120734140277, 0.0763170570135, 0.0751540288329, 0.0852513983846, 0.0912416130304, 0.0876322388649, 0.0922192409635, 0.119950003922, 0.166409790516, 0.155860260129, 0.113993674517, 0.114185996354, 0.149336367846, 0.167676255107, 0.170080050826, 0.130397081375, 0.0955010131001, 0.082352861762, 0.0841677710414, 0.108188159764, 0.122982181609, 0.113006934524], "dmean2": [0.175760656595, 0.161105588078, 0.133891254663, 0.0972453728318, 0.0807262957096, 0.0829632207751, 0.085081666708, 0.0885913148522, 0.0801321789622, 0.0791718438268, 0.0874195098877, 0.129649043083, 0.204832702875, 0.231880232692, 0.202082425356, 0.133830621839, 0.132254168391, 0.146493718028, 0.156338781118, 0.151935651898, 0.162890404463, 0.205577671528, 0.282688766718, 0.267887145281, 0.202111035585, 0.206063777208, 0.253946453333, 0.279829412699, 0.288830906153, 0.224869385362, 0.168795347214, 0.144872158766, 0.150382131338, 0.185059666634, 0.21000944078, 0.195741713047], "max": [1, 1, 1, 1, 1, 1, 1, 1, 1, 1, 1, 1, 1, 1, 1, 1, 1, 1, 1, 1, 1, 1, 1, 1, 1, 1, 1, 1, 1, 1, 1, 1, 1, 1, 1, 1], "dvar": [0.0357455387712, 0.0310105271637, 0.0261146780103, 0.0191324315965, 0.0145066827536, 0.0152962589636, 0.014002979733, 0.0156415142119, 0.0125050637871, 0.0138801541179, 0.0139159942046, 0.0219010617584, 0.0305280368775, 0.0381745845079, 0.0293810889125, 0.0251900032163, 0.027591727674, 0.0285294633359, 0.0304591134191, 0.027362704277, 0.0314756631851, 0.0371689870954, 0.0599475651979, 0.0543446093798, 0.0436395294964, 0.0443859547377, 0.0489088557661, 0.0554273352027, 0.0507296510041, 0.0384710095823, 0.0373881794512, 0.0315164215863, 0.029511326924, 0.0355527587235, 0.0378675162792, 0.0328746847808], "mean": [0.135354697704, 0.134884491563, 0.0858432799578, 0.0561877116561, 0.0474991090596, 0.0474049188197, 0.0650982409716, 0.0723138898611, 0.0543926469982, 0.0492288917303, 0.053637329489, 0.0710797980428, 0.204114720225, 0.307793706656, 0.188632011414, 0.0825425982475, 0.0860182419419, 0.0898098275065, 0.0956003218889, 0.0893013030291, 0.0883605629206, 0.13786688447, 0.189602673054, 0.155173808336, 0.109189987183, 0.100637860596, 0.176214888692, 0.360961377621, 0.349177598953, 0.165893509984, 0.0953508839011, 0.0795570313931, 0.0753356814384, 0.137756556273, 0.173445984721, 0.134473770857], "dvar2": [0.0884213373065, 0.0768481269479, 0.0725678652525, 0.0504051819444, 0.0377513840795, 0.0408315956593, 0.0348944477737, 0.0374941118062, 0.0318046472967, 0.0358590371907, 0.036189571023, 0.0597934685647, 0.0775564089417, 0.088753528893, 0.0780248716474, 0.0672079920769, 0.0723890960217, 0.0733474865556, 0.0772248208523, 0.0707545503974, 0.0859652981162, 0.0940412729979, 0.143209591508, 0.134677320719, 0.118702962995, 0.122582115233, 0.128502354026, 0.122096285224, 0.127546355128, 0.104091390967, 0.0975093096495, 0.0826062336564, 0.0822924897075, 0.092212125659, 0.0973128527403, 0.0875126495957], "min": [0, 0, 0, 0, 0, 0, 0, 0, 0, 0, 0, 0, 0, 0, 0, 0, 0, 0, 0, 0, 0, 0, 0, 0, 0, 0, 0, 0, 0, 0, 0, 0, 0, 0, 0, 0], "var": [0.0597450993955, 0.0569271109998, 0.0302080214024, 0.018626479432, 0.0139153366908, 0.0148893408477, 0.0226401407272, 0.0290981139988, 0.0163942649961, 0.0158515684307, 0.0196383092552, 0.0211447384208, 0.0585840903223, 0.117025144398, 0.0542147271335, 0.0327086150646, 0.0420698188245, 0.0338053964078, 0.0348616540432, 0.030028577894, 0.0302522350103, 0.0535860136151, 0.0820216089487, 0.0590016804636, 0.0432034172118, 0.0395036116242, 0.0611209087074, 0.145835042, 0.134804949164, 0.0543662980199, 0.0433407314122, 0.0360526740551, 0.0284326355904, 0.0556010976434, 0.0693183615804, 0.0431937947869], "median": [0.0287299696356, 0.0281608179212, 0.0209394618869, 0.0143717881292, 0.0139575526118, 0.0118124550208, 0.0141113819554, 0.0138028468937, 0.0116753252223, 0.0100777652115, 0.0102724526078, 0.019781107083, 0.0955543443561, 0.144040495157, 0.0820645168424, 0.0138363083825, 0.00975723937154, 0.0139917936176, 0.0207876618952, 0.0227312408388, 0.0226245746017, 0.035657864064, 0.0469550155103, 0.0395247638226, 0.026376478374, 0.022777820006, 0.0533672571182, 0.181124180555, 0.189939633012, 0.0599720701575, 0.012144304812, 0.00711946794763, 0.0114686721936, 0.0318413414061, 0.0517663806677, 0.0467755943537]}}, "lowlevel": {"melbands_flatness_db": {"dmean": 0.0244487449527, "dmean2": 0.037496984005, "max": 0.597177505493, "dvar": 0.000576790014748, "mean": 0.192614287138, "dvar2": 0.00130656559486, "min": 0.00358951673843, "var": 0.00358918355778, "median": 0.188868403435}, "melbands_crest": {"dmean": 3.09504127502, "dmean2": 4.97068548203, "max": 36.6202735901, "dvar": 7.80406618118, "mean": 13.4711818695, "dvar2": 19.438741684, "min": 1.57953476906, "var": 25.4581851959, "median": 12.6130104065}, "spectral_entropy": {"dmean": 0.177538514137, "dmean2": 0.278653711081, "max": 9.82794094086, "dvar": 0.0326060838997, "mean": 7.43261098862, "dvar2": 0.0787154659629, "min": 4.30517864227, "var": 0.203076973557, "median": 7.40026760101}, "melbands": {"dmean": [0.00015580606123, 0.000257378356764, 0.000990817090496, 0.00060037872754, 0.000213485545828, 0.000251276534982, 0.000172183150426, 0.000110583474452, 0.00010579105583, 0.000119212832942, 0.00010151990864, 6.49282519589e-05, 2.81979864667e-05, 5.02959555888e-05, 2.06701606658e-05, 4.03552221542e-05, 3.1202333048e-05, 2.03615581995e-05, 1.21984321595e-05, 8.2189353634e-06, 8.8720680651e-06, 8.04359842732e-06, 1.09321936179e-05, 7.20434854884e-06, 2.9830814583e-06, 3.5214370655e-06, 5.49322840016e-06, 4.78807396576e-06, 2.40719668909e-06, 1.83063468739e-06, 1.94969243239e-06, 1.95132338376e-06, 1.60700767537e-06, 1.1752994169e-06, 8.666222584e-07, 7.28048462406e-07, 6.3095438918e-07, 4.84699000936e-07, 3.90035296505e-07, 5.00837927575e-07], "dmean2": [0.000256522907875, 0.000424024066888, 0.00157189893071, 0.000943997001741, 0.000338795827702, 0.000388862536056, 0.000266028306214, 0.000172566215042, 0.000162339114468, 0.000182093077456, 0.000155565488967, 0.000102253063233, 4.45319637947e-05, 8.0428115325e-05, 3.18201782648e-05, 6.00095409027e-05, 4.7425597586e-05, 3.15683791996e-05, 1.89755701285e-05, 1.29992831717e-05, 1.44976320371e-05, 1.24400612549e-05, 1.65520013979e-05, 1.09910724859e-05, 4.82293853565e-06, 5.57418661629e-06, 8.26992800285e-06, 7.16061458661e-06, 3.73277316612e-06, 2.79598316411e-06, 2.94649385069e-06, 2.91655624096e-06, 2.40252779804e-06, 1.80631718649e-06, 1.30755017835e-06, 1.10464065983e-06, 9.65091317084e-07, 7.38058417937e-07, 5.7467644865e-07, 7.08112168013e-07], "max": [0.0115875089541, 0.0164203681052, 0.0430898331106, 0.0260443780571, 0.00564673589543, 0.0110878329724, 0.00893774908036, 0.00598197756335, 0.00500934338197, 0.00737672997639, 0.00717389769852, 0.00791413709521, 0.00476534990594, 0.00421638553962, 0.00213999557309, 0.00382507801987, 0.00304279662669, 0.00177590141539, 0.00100853783078, 0.000758696871344, 0.000936229829676, 0.000363761180779, 0.000791892118286, 0.000528752279934, 0.000137170063681, 0.00025443881168, 0.000547551433556, 0.000863712630235, 0.000360580655979, 0.000393182708649, 0.000346119370079, 0.000460891984403, 0.000318240228808, 0.000306336092763, 0.000128064697492, 9.82287820079e-05, 8.27597104944e-05, 4.9122118071e-05, 4.66486417281e-05, 4.29076862929e-05], "dvar": [3.24718314459e-07, 7.99088354597e-07, 7.27365750208e-06, 1.72200122961e-06, 1.13679703873e-07, 1.65120397355e-07, 1.36264503681e-07, 5.59468240624e-08, 4.65539180539e-08, 7.32937479597e-08, 5.79684673596e-08, 3.02389082663e-08, 6.93468438229e-09, 1.80936705618e-08, 3.45903994337e-09, 1.45398573181e-08, 8.0754052334e-09, 2.68418243188e-09, 1.04278663482e-09, 5.1238074894e-10, 4.86342688344e-10, 3.76727177231e-10, 7.59022678043e-10, 2.49239073824e-10, 3.58604153317e-11, 5.7281696747e-11, 2.81768525179e-10, 3.70016212115e-10, 6.50162770843e-11, 6.48966366756e-11, 6.22877027734e-11, 6.6073785332e-11, 4.74745034951e-11, 2.53827670688e-11, 1.25170603049e-11, 1.0126479516e-11, 6.52250259012e-12, 2.97257119093e-12, 1.78644143749e-12, 3.09548567334e-12], "mean": [0.000187170342542, 0.000393807626097, 0.00149875425268, 0.000986443832517, 0.000392961548641, 0.000441996700829, 0.000302501837723, 0.000183738418855, 0.000178711095941, 0.000220883259317, 0.000198984096642, 0.000112782756332, 4.74030712212e-05, 7.88705074228e-05, 3.46286942658e-05, 8.25856841402e-05, 6.015247709e-05, 3.24175452988e-05, 2.07441225939e-05, 1.37954875754e-05, 1.49295128722e-05, 1.48861854541e-05, 2.16743937926e-05, 1.52142920342e-05, 5.8682812778e-06, 6.80401035424e-06, 1.04733835542e-05, 9.14909560379e-06, 4.47929005531e-06, 3.19922742165e-06, 3.39493453794e-06, 3.41997952091e-06, 2.88804540105e-06, 2.08852998185e-06, 1.5716281041e-06, 1.2005091321e-06, 1.08022072709e-06, 8.70992153068e-07, 6.37423454464e-07, 6.99561894635e-07], "dvar2": [8.63258378558e-07, 2.05185710911e-06, 1.8050926883e-05, 3.98371366828e-06, 2.91441438094e-07, 3.93978496049e-07, 3.06915183046e-07, 1.28394688659e-07, 1.07445124797e-07, 1.67552400399e-07, 1.31682142523e-07, 6.81209826325e-08, 1.50213939065e-08, 4.57359057293e-08, 7.28258564564e-09, 3.00336857606e-08, 1.70705654057e-08, 6.12368600272e-09, 2.32104468978e-09, 1.17993925741e-09, 1.17932097421e-09, 8.54898818403e-10, 1.59676905032e-09, 5.46508727162e-10, 8.69999211561e-11, 1.27709107178e-10, 6.14503725682e-10, 8.39521840934e-10, 1.31899477451e-10, 1.21924831342e-10, 1.2104062197e-10, 1.32011596099e-10, 9.84213474609e-11, 5.27940018091e-11, 2.67920997887e-11, 2.1933631994e-11, 1.42359145305e-11, 6.42281887397e-12, 3.63269895935e-12, 6.38307288969e-12], "min": [8.9575067041e-25, 1.74298540907e-24, 1.2171118956e-24, 1.43574449826e-24, 2.96412236883e-24, 1.69462803837e-24, 2.35039193723e-24, 2.68866693187e-24, 2.55286255488e-24, 1.96438533579e-24, 1.63333019337e-24, 2.70522926379e-24, 1.40184832846e-24, 3.23494068418e-24, 1.48362076243e-24, 3.27599004746e-24, 3.10827013318e-24, 3.56657780873e-24, 3.0739714471e-24, 3.8773412793e-24, 4.1727385283e-24, 3.6620473332e-24, 4.06189844352e-24, 4.12469966019e-24, 4.00790564773e-24, 3.84008258989e-24, 4.89977758767e-24, 4.46572383509e-24, 4.65082610219e-24, 4.95924152828e-24, 4.70780631424e-24, 4.79792105088e-24, 5.44665974895e-24, 5.30710473279e-24, 4.41164505345e-24, 5.50503663923e-24, 6.07546235423e-24, 5.21265638876e-24, 5.6697969446e-24, 5.52053538944e-24], "var": [2.97890352385e-07, 7.32763567157e-07, 9.0106841526e-06, 2.69968995781e-06, 2.5496981948e-07, 4.09621890185e-07, 2.97449560094e-07, 1.30047624225e-07, 9.79041061555e-08, 2.377671251e-07, 2.05140921139e-07, 9.66439088756e-08, 1.5005257481e-08, 4.2851599602e-08, 7.26447346722e-09, 6.52380833799e-08, 3.24515276873e-08, 5.14733988766e-09, 2.6791482366e-09, 1.19244703001e-09, 1.05254804872e-09, 9.3493535136e-10, 2.46925635494e-09, 9.73568559104e-10, 8.08062783353e-11, 1.50247675412e-10, 6.32918328858e-10, 7.98098254151e-10, 1.56423152209e-10, 1.67878488888e-10, 1.62164892625e-10, 1.74865538716e-10, 1.3519906028e-10, 7.22252674334e-11, 2.9976309629e-11, 1.85981282458e-11, 1.11414653545e-11, 6.13090828105e-12, 3.93526964487e-12, 5.42233749221e-12], "median": [3.44944201061e-05, 0.00017806411779, 0.000616407080088, 0.000450825900771, 0.00022004020866, 0.00020394405874, 0.000114139074867, 6.74144248478e-05, 6.9107642048e-05, 6.12325093243e-05, 5.56154773221e-05, 4.02182158723e-05, 1.72451691469e-05, 2.89618910756e-05, 1.10788068923e-05, 1.55719371833e-05, 1.25474307424e-05, 1.17780618893e-05, 6.79163622408e-06, 4.40099302068e-06, 5.91054413235e-06, 4.57149781141e-06, 5.65876507608e-06, 3.821498467e-06, 2.68449389296e-06, 3.21682091453e-06, 2.98752820527e-06, 2.18650757233e-06, 1.52345887727e-06, 7.64918581808e-07, 7.39076767786e-07, 7.29496491658e-07, 5.50823870071e-07, 4.36657899172e-07, 3.16520299748e-07, 2.88052063979e-07, 2.65478178108e-07, 1.74930150365e-07, 1.14711092181e-07, 8.51657375733e-08]}, "silence_rate_60dB": {"dmean": 0.0146110868081, "dmean2": 0.0292246863246, "max": 1, "dvar": 0.0143977580592, "mean": 0.0520797520876, "dvar2": 0.0323249399662, "min": 0, "var": 0.0493711940944, "median": 0}, "spectral_energyband_middle_high": {"dmean": 0.00149933958892, "dmean2": 0.00216173008084, "max": 0.0562221221626, "dvar": 6.31756574876e-06, "mean": 0.00456788996235, "dvar2": 1.27102048282e-05, "min": 1.18291876305e-21, "var": 3.49467845808e-05, "median": 0.00233701243997}, "erbbands_skewness": {"dmean": 0.343266010284, "dmean2": 0.526648402214, "max": 6.04379081726, "dvar": 0.10147845, "mean": 0.471509575844, "dvar2": 0.229997679591, "min": -4.44366693497, "var": 0.596625387669, "median": 0.520832836628}, "dynamic_complexity": 3.08150577545, "dissonance": {"dmean": 0.0220334138721, "dmean2": 0.0370725207031, "max": 0.500000059605, "dvar": 0.000490345875733, "mean": 0.45039665699, "dvar2": 0.00141385418829, "min": 0, "var": 0.000937816803344, "median": 0.455558776855}, "spectral_skewness": {"dmean": 0.207425296307, "dmean2": 0.336794644594, "max": 5.70200061798, "dvar": 0.0367366522551, "mean": 1.51795685291, "dvar2": 0.0931040495634, "min": -0.0802549496293, "var": 0.178081721067, "median": 1.52211666107}, "spectral_kurtosis": {"dmean": 1.41077363491, "dmean2": 2.41858053207, "max": 44.0914268494, "dvar": 2.02030181885, "mean": 4.24224185944, "dvar2": 5.82933998108, "min": -1.26632273197, "var": 5.56464672089, "median": 3.94848632813}, "gfcc": {"cov": [[15332.6875, 293.144317627, -1266.80444336, 282.339080811, -717.974975586, 202.186599731, -464.766479492, 164.248565674, -386.675811768, 9.54820346832, -203.890182495, -88.3489761353, -204.196731567], [293.144317627, 1272.70336914, -158.594436646, 35.3333206177, 75.6969680786, -108.222343445, 62.4797821045, -104.002113342, 21.9003715515, -147.508117676, 63.9739189148, -113.281341553, 46.1106414795], [-1266.80444336, -158.594436646, 741.654418945, 114.331359863, 127.691482544, 141.098144531, 54.9270629883, 25.9100513458, 34.7676086426, 79.2264099121, 21.4140625, 97.3441696167, 22.3181934357], [282.339080811, 35.3333206177, 114.331359863, 280.8230896, 65.9380187988, 10.0412054062, -1.41857242584, 3.17115592957, 38.9980545044, 8.80710315704, -9.88341140747, 24.95362854, 55.1278991699], [-717.974975586, 75.6969680786, 127.691482544, 65.9380187988, 245.218475342, 33.1543540955, 44.9359893799, 46.3034439087, 41.7991943359, 20.0130004883, 14.0301580429, 10.3490839005, 33.5884208679], [202.186599731, -108.222343445, 141.098144531, 10.0412054062, 33.1543540955, 239.43572998, 102.181091309, 41.4842185974, -15.0769166946, 38.9576072693, 17.1598320007, 38.7985954285, -3.66637778282], [-464.766479492, 62.4797821045, 54.9270629883, -1.41857242584, 44.9359893799, 102.181091309, 201.905197144, 31.7801246643, -1.65530240536, 9.84952735901, 39.6995315552, -4.02504110336, 8.05313873291], [164.248565674, -104.002113342, 25.9100513458, 3.17115592957, 46.3034439087, 41.4842185974, 31.7801246643, 131.830871582, 35.8988075256, 47.4198875427, 11.1080245972, 19.0718593597, 0.46783170104], [-386.675811768, 21.9003715515, 34.7676086426, 38.9980545044, 41.7991943359, -15.0769166946, -1.65530240536, 35.8988075256, 119.907592773, 35.90026474, 12.8898706436, 20.9960079193, 20.1423892975], [9.54820346832, -147.508117676, 79.2264099121, 8.80710315704, 20.0130004883, 38.9576072693, 9.84952735901, 47.4198875427, 35.90026474, 120.315864563, 32.9233055115, 36.3943939209, -5.95040082932], [-203.890182495, 63.9739189148, 21.4140625, -9.88341140747, 14.0301580429, 17.1598320007, 39.6995315552, 11.1080245972, 12.8898706436, 32.9233055115, 98.4325332642, 25.4982013702, 4.94097709656], [-88.3489761353, -113.281341553, 97.3441696167, 24.95362854, 10.3490839005, 38.7985954285, -4.02504110336, 19.0718593597, 20.9960079193, 36.3943939209, 25.4982013702, 119.085456848, 38.2594261169], [-204.196731567, 46.1106414795, 22.3181934357, 55.1278991699, 33.5884208679, -3.66637778282, 8.05313873291, 0.46783170104, 20.1423892975, -5.95040082932, 4.94097709656, 38.2594261169, 97.7149200439]], "mean": [-26.668794632, 91.0863723755, -124.260765076, 23.5642261505, -69.0830535889, 2.10035634041, -42.3808937073, -1.85760974884, -30.6289710999, -7.17027568817, -18.7662849426, -7.50662088394, -13.3645458221], "icov": [[0.000215433305129, -0.000310794071993, 0.000409897358622, -0.000600783561822, 0.000604617700446, -0.000624198117293, 0.00071126036346, -0.000812493555713, 0.000882527441718, -0.00054514844669, 0.000438681890955, -0.000257812440395, 0.000419845455326], [-0.000310794071993, 0.00176301272586, -0.000483333715238, 0.000740247720387, -0.00131485436577, 0.0011103147408, -0.00132883992046, 0.0019583790563, -0.001966325799, 0.00229546590708, -0.00215722038411, 0.00155708740931, -0.00115035800263], [0.000409897358622, -0.000483333715238, 0.00271160015836, -0.00167990080081, 0.000290603289614, -0.0019064375665, 0.00118272425607, -0.000849661999382, 0.00155391416047, -0.00165772950277, 0.00102934532333, -0.00166192743927, 0.00132564059459], [-0.000600783561822, 0.000740247720387, -0.00167990080081, 0.00617642793804, -0.00226373900659, 0.00156809086911, -0.00167852861341, 0.00259219389409, -0.00334566622041, 0.00125381082762, -0.00035370211117, 0.000897291756701, -0.0033101902809], [0.000604617700446, -0.00131485436577, 0.000290603289614, -0.00226373900659, 0.00724431639537, -0.00185240560677, 0.00152699660975, -0.00409944355488, 0.00170669378713, -0.0016965852119, 0.00127743498888, 0.000102926154796, -0.000131185515784], [-0.000624198117293, 0.0011103147408, -0.0019064375665, 0.00156809086911, -0.00185240560677, 0.00862135738134, -0.00538559583947, 0.00142545765266, -0.000862016633619, 0.000664169027004, -0.000479300681036, -0.00111955380999, -0.000199605055968], [0.00071126036346, -0.00132883992046, 0.00118272425607, -0.00167852861341, 0.00152699660975, -0.00538559583947, 0.0100315855816, -0.00391045305878, 0.00305445678532, -0.00104780949187, -0.00135615118779, 0.00126441323664, 0.00013532108278], [-0.000812493555713, 0.0019583790563, -0.000849661999382, 0.00259219389409, -0.00409944355488, 0.00142545765266, -0.00391045305878, 0.0138840498403, -0.00588291324675, -0.000229474113439, -0.00145151349716, 0.000749089871533, -0.00119317695498], [0.000882527441718, -0.001966325799, 0.00155391416047, -0.00334566622041, 0.00170669378713, -0.000862016633619, 0.00305445678532, -0.00588291324675, 0.0149632608518, -0.00553096970543, 0.00221442640759, -0.00229477812536, 0.000827442912851], [-0.00054514844669, 0.00229546590708, -0.00165772950277, 0.00125381082762, -0.0016965852119, 0.000664169027004, -0.00104780949187, -0.000229474113439, -0.00553096970543, 0.0157337728888, -0.00615644454956, 0.000126731058117, 0.000504326657392], [0.000438681890955, -0.00215722038411, 0.00102934532333, -0.00035370211117, 0.00127743498888, -0.000479300681036, -0.00135615118779, -0.00145151349716, 0.00221442640759, -0.00615644454956, 0.0157224573195, -0.00470877019688, 0.00177806382999], [-0.000257812440395, 0.00155708740931, -0.00166192743927, 0.000897291756701, 0.000102926154796, -0.00111955380999, 0.00126441323664, 0.000749089871533, -0.00229477812536, 0.000126731058117, -0.00470877019688, 0.0146290343255, -0.00659436918795], [0.000419845455326, -0.00115035800263, 0.00132564059459, -0.0033101902809, -0.000131185515784, -0.000199605055968, 0.00013532108278, -0.00119317695498, 0.000827442912851, 0.000504326657392, 0.00177806382999, -0.00659436918795, 0.015603158623]]}, "spectral_complexity": {"dmean": 2.48904156685, "dmean2": 3.89788556099, "max": 50, "dvar": 6.52801942825, "mean": 15.0165863037, "dvar2": 14.1163454056, "min": 0, "var": 47.0019760132, "median": 14}, "spectral_flux": {"dmean": 0.0211369246244, "dmean2": 0.0339565724134, "max": 0.354645848274, "dvar": 0.000738996779546, "mean": 0.0690213963389, "dvar2": 0.00181426282506, "min": 6.44919603832e-11, "var": 0.0016135192709, "median": 0.0620568618178}, "spectral_energyband_low": {"dmean": 0.00173799553886, "dmean2": 0.0028379438445, "max": 0.066844932735, "dvar": 1.95490447368e-05, "mean": 0.00270390580408, "dvar2": 5.03454612044e-05, "min": 1.70048276679e-23, "var": 2.13792918657e-05, "median": 0.00121648574714}, "spectral_decrease": {"dmean": 1.82698345341e-09, "dmean2": 2.79611667153e-09, "max": 2.02687876613e-28, "dvar": 1.04959219119e-17, "mean": -5.0126356399e-09, "dvar2": 2.4478621864e-17, "min": -5.63724711355e-08, "var": 2.15940329642e-17, "median": -3.84068954418e-09}, "barkbands_spread": {"dmean": 5.00696563721, "dmean2": 7.62317323685, "max": 106.14226532, "dvar": 45.1557159424, "mean": 19.6575870514, "dvar2": 91.7241897583, "min": 0.296397536993, "var": 190.785491943, "median": 16.1904468536}, "spectral_rms": {"dmean": 0.000703193538357, "dmean2": 0.001049182727, "max": 0.0145669626072, "dvar": 7.61986029829e-07, "mean": 0.00409613642842, "dvar2": 1.67781593063e-06, "min": 3.14570418325e-12, "var": 3.15632928505e-06, "median": 0.00392973516136}, "spectral_centroid": {"dmean": 242.030471802, "dmean2": 367.449798584, "max": 11622.4492188, "dvar": 104861.625, "mean": 1271.54504395, "dvar2": 218326.546875, "min": 118.218429565, "var": 1064323.75, "median": 1088.64453125}, "barkbands_skewness": {"dmean": 0.510834991932, "dmean2": 0.774950623512, "max": 21.6173858643, "dvar": 0.295202225447, "mean": 1.58361113071, "dvar2": 0.639592170715, "min": -4.23384475708, "var": 1.43506276608, "median": 1.4572892189}, "spectral_rolloff": {"dmean": 498.015350342, "dmean2": 813.675109863, "max": 21317.8710938, "dvar": 1111518.5, "mean": 1660.65466309, "dvar2": 2288388, "min": 64.599609375, "var": 4990857.5, "median": 1098.19335938}, "erbbands_spread": {"dmean": 7.399330616, "dmean2": 11.4996337891, "max": 123.75012207, "dvar": 56.2061576843, "mean": 37.2683868408, "dvar2": 126.604782104, "min": 1.78121399879, "var": 239.380691528, "median": 34.71484375}, "barkbands": {"dmean": [6.23061669103e-06, 0.000690248969477, 0.000543851172552, 0.00239544315264, 0.00239077839069, 0.00121979834512, 0.000772239698563, 0.000595220539253, 0.000875659403391, 0.000601399166044, 0.000159936811542, 0.000387800944736, 0.000374429713702, 0.00028991344152, 0.000188739097212, 0.000129975320306, 0.000148377672303, 0.000160583047546, 8.38850537548e-05, 0.000144718025695, 7.77601308073e-05, 8.33269223222e-05, 5.19362765772e-05, 4.0879156586e-05, 3.80360870622e-05, 2.51359197136e-05, 1.25691758512e-06], "dmean2": [9.38963512453e-06, 0.00114776159171, 0.000905771332327, 0.00388348801062, 0.00375935179181, 0.00190383195877, 0.00120595400222, 0.000919618119951, 0.00134087668266, 0.000932533061132, 0.000255174614722, 0.000620380742475, 0.000561891298275, 0.000449561572168, 0.000295895093586, 0.000209291756619, 0.000230529782129, 0.000246630894253, 0.000133241017465, 0.000213073464693, 0.000116831484775, 0.000121521690744, 7.65883669374e-05, 6.05387213e-05, 5.31551122549e-05, 3.94796479668e-05, 1.91113599612e-06], "max": [0.000414124602685, 0.053134329617, 0.0297624655068, 0.0958029925823, 0.0978284701705, 0.0459398254752, 0.0382397659123, 0.0435701087117, 0.0539174824953, 0.0510077513754, 0.0310895200819, 0.0304464101791, 0.038184646517, 0.0219915192574, 0.0170660205185, 0.0120219951496, 0.00687664886937, 0.0120422812179, 0.00520488619804, 0.0172794368118, 0.0149439107627, 0.0185388606042, 0.00841467361897, 0.00537949800491, 0.00366314942949, 0.00164769240655, 0.000142569071613], "dvar": [2.7403521119e-10, 7.00912005414e-06, 2.73221553471e-06, 4.80360613437e-05, 2.31743833865e-05, 3.6778624235e-06, 2.9868826914e-06, 1.66353379427e-06, 3.66674839825e-06, 2.58688851318e-06, 3.19966517282e-07, 9.58090140557e-07, 1.18646619285e-06, 5.07394815941e-07, 2.23427889523e-07, 1.05487139024e-07, 1.23602319491e-07, 1.45399852158e-07, 2.83750321017e-08, 2.32808417877e-07, 9.27653616145e-08, 1.15015609481e-07, 4.55922766207e-08, 2.5797001868e-08, 1.64450391082e-08, 1.47036391951e-08, 1.90365587877e-11], "mean": [8.59017472976e-06, 0.000824441027362, 0.000878074788488, 0.00330120930448, 0.00415349006653, 0.00209889281541, 0.00125826965086, 0.000922779669054, 0.00163794250693, 0.00107229046989, 0.000240306952037, 0.000618957041297, 0.000759900722187, 0.000489907630254, 0.000311771756969, 0.000216399770579, 0.000268891017186, 0.000338638201356, 0.000165125689819, 0.000293126358883, 0.000148896593601, 0.000158478462254, 9.71459885477e-05, 7.72103303461e-05, 6.05636305409e-05, 2.98347786156e-05, 1.90633772945e-06], "dvar2": [5.83543713351e-10, 1.88572303159e-05, 7.39882989365e-06, 0.000124267404317, 5.34271675861e-05, 8.83541179064e-06, 6.74922648614e-06, 3.89618207919e-06, 8.42148619995e-06, 5.76767934035e-06, 7.09241589902e-07, 2.37988706431e-06, 2.42333248934e-06, 1.11014560389e-06, 4.98596250509e-07, 2.48132266734e-07, 2.77309027297e-07, 3.15380333404e-07, 6.40444000055e-08, 4.90531476771e-07, 1.62283541272e-07, 2.21564491198e-07, 9.01813592691e-08, 5.3774225961e-08, 2.93580733057e-08, 3.15566452969e-08, 3.99692258457e-11], "min": [2.21911207196e-25, 2.50853902442e-24, 1.62633141942e-24, 1.28637220675e-24, 9.05721339771e-24, 7.51519069867e-24, 3.44278936105e-24, 8.24434193312e-24, 1.41704094147e-23, 9.84744218774e-24, 7.82441786263e-24, 2.60683156653e-23, 2.57855453183e-23, 3.34152297111e-23, 5.13531441458e-23, 5.97991086711e-23, 6.11491526025e-23, 8.53118927097e-23, 1.30917967435e-22, 1.69736260103e-22, 1.92230938049e-22, 2.866517319e-22, 3.21075375128e-22, 5.05566691551e-22, 8.00079895688e-22, 1.43433431237e-21, 2.00252550312e-21], "var": [5.47624834368e-10, 5.91279331275e-06, 2.77791400549e-06, 5.30334691575e-05, 3.81148092856e-05, 8.36242907098e-06, 6.36886670691e-06, 3.3008027458e-06, 1.25080214275e-05, 8.33561080071e-06, 6.3682699647e-07, 2.35528796111e-06, 5.37785081178e-06, 1.38368727676e-06, 5.24881897945e-07, 2.27304440159e-07, 2.94845875715e-07, 5.37141829682e-07, 7.61670193583e-08, 5.91475497913e-07, 2.6600028491e-07, 3.54046079565e-07, 1.25322088707e-07, 5.1834746273e-08, 3.70803938665e-08, 1.72399481357e-08, 3.31317057123e-11], "median": [2.04531215786e-06, 0.000174049608177, 0.000341943115927, 0.00114928628318, 0.00222733104602, 0.00100355758332, 0.000364805862773, 0.000315539247822, 0.000457804620964, 0.000335704535246, 7.31108448235e-05, 0.000227444514167, 0.000145183905261, 0.000144083765917, 0.000100627352367, 8.23404989205e-05, 8.48178824526e-05, 8.13709775684e-05, 8.00895213615e-05, 7.91393467807e-05, 4.431407433e-05, 3.45953230863e-05, 2.1101848688e-05, 1.96121163754e-05, 8.71393058333e-06, 2.19491994358e-06, 3.48425828633e-07]}, "melbands_kurtosis": {"dmean": 5.58637619019, "dmean2": 8.73431301117, "max": 276.816436768, "dvar": 82.3890609741, "mean": 11.154592514, "dvar2": 187.582046509, "min": -1.87666797638, "var": 218.296585083, "median": 7.01099777222}, "erbbands_crest": {"dmean": 2.60117220879, "dmean2": 4.25959300995, "max": 28.9913730621, "dvar": 5.49361610413, "mean": 9.13761138916, "dvar2": 14.1029644012, "min": 2.51971387863, "var": 15.2883176804, "median": 8.28767967224}, "melbands_skewness": {"dmean": 0.641298890114, "dmean2": 0.988758265972, "max": 11.6749973297, "dvar": 0.432821661234, "mean": 2.41027259827, "dvar2": 0.982917904854, "min": -1.90638256073, "var": 1.86519479752, "median": 2.23535108566}, "spectral_energyband_middle_low": {"dmean": 0.00586203671992, "dmean2": 0.00907938089222, "max": 0.213206455112, "dvar": 0.000131282708026, "mean": 0.0135613065213, "dvar2": 0.000312280404614, "min": 1.83310713503e-22, "var": 0.000223922048463, "median": 0.00968367233872}, "spectral_contrast_coeffs": {"dmean": [0.05038016662, 0.050099927932, 0.0430709086359, 0.0345965921879, 0.0256417486817, 0.0166822113097], "dmean2": [0.0805074051023, 0.0811427533627, 0.0695863962173, 0.0561802536249, 0.0411699302495, 0.0263991784304], "max": [-0.22649538517, -0.370315462351, -0.44803327322, -0.47999805212, -0.57175052166, -0.590628623962], "dvar": [0.0020969226025, 0.00173891359009, 0.00122108822688, 0.000813642691355, 0.00048361858353, 0.000242571113631], "mean": [-0.543394863605, -0.688581585884, -0.725872635841, -0.75170058012, -0.772044897079, -0.763892591], "dvar2": [0.00499248504639, 0.00434157624841, 0.00311036896892, 0.00207911268808, 0.00117708917242, 0.000554935482796], "min": [-0.98131942749, -0.982357740402, -0.977197110653, -0.97254127264, -0.968551337719, -0.964601933956], "var": [0.0119884870946, 0.00641623605043, 0.0055972635746, 0.00399354333058, 0.00290082558058, 0.00165772868786], "median": [-0.537518620491, -0.690331220627, -0.732786297798, -0.75666987896, -0.779499471188, -0.76580286026]}, "spectral_contrast_valleys": {"dmean": [0.433261990547, 0.376208335161, 0.34429448843, 0.327318578959, 0.274718016386, 0.263873785734], "dmean2": [0.682828187943, 0.614396870136, 0.560066759586, 0.533701717854, 0.446626543999, 0.392153471708], "max": [-5.61502408981, -4.87568378448, -5.40172052383, -6.029047966, -5.71740674973, -7.53675794601], "dvar": [0.217944979668, 0.145779728889, 0.125462695956, 0.12458088994, 0.111436270177, 0.11367251724], "mean": [-8.35286521912, -7.14475154877, -7.75086259842, -8.25588512421, -7.96830224991, -10.5066289902], "dvar2": [0.444779634476, 0.351217657328, 0.309887170792, 0.301709711552, 0.267893791199, 0.233467265964], "min": [-27.9558525085, -27.9496479034, -27.8299446106, -27.642534256, -27.565908432, -27.3870429993], "var": [3.94229722023, 3.45106005669, 3.3058423996, 3.1104850769, 3.14831638336, 2.80808138847], "median": [-8.06908416748, -6.9240860939, -7.47519922256, -8.02799415588, -7.75350904465, -10.3986682892]}, "silence_rate_20dB": {"dmean": 0, "dmean2": 0, "max": 1, "dvar": 0, "mean": 1, "dvar2": 0, "min": 1, "var": 0, "median": 1}, "silence_rate_30dB": {"dmean": 0.00584443472326, "dmean2": 0.0116898743436, "max": 1, "dvar": 0.00581029104069, "mean": 0.996218621731, "dvar2": 0.0158514790237, "min": 0, "var": 0.00376672414131, "median": 1}, "spectral_strongpeak": {"dmean": 0.503036737442, "dmean2": 0.835649311543, "max": 13.1614093781, "dvar": 0.637803018093, "mean": 1.04779911041, "dvar2": 1.58604073524, "min": 0, "var": 1.55353534222, "median": 0.638019025326}, "spectral_spread": {"dmean": 467625.6875, "dmean2": 708491, "max": 42199628, "dvar": 797987176448, "mean": 4718187, "dvar2": 1699918118910.0, "min": 1786525.125, "var": 10525642588200.0, "median": 4027160.5}, "barkbands_flatness_db": {"dmean": 0.0201635155827, "dmean2": 0.0316529236734, "max": 0.464259207249, "dvar": 0.000367552769603, "mean": 0.13755106926, "dvar2": 0.000877404119819, "min": 0.0245093051344, "var": 0.00209246133454, "median": 0.134245872498}, "pitch_salience": {"dmean": 0.0693095698953, "dmean2": 0.112403653562, "max": 0.963549554348, "dvar": 0.00373957306147, "mean": 0.552805185318, "dvar2": 0.00948490668088, "min": 0.0420089587569, "var": 0.0109139420092, "median": 0.558132231236}, "erbbands_kurtosis": {"dmean": 0.883557140827, "dmean2": 1.41455841064, "max": 61.0856056213, "dvar": 1.85970568657, "mean": 0.485758990049, "dvar2": 4.32464790344, "min": -1.75929713249, "var": 5.78671503067, "median": -0.0479595661163}, "average_loudness": 0.70918661356, "barkbands_crest": {"dmean": 2.38763689995, "dmean2": 3.8761651516, "max": 25.5961914063, "dvar": 4.60127401352, "mean": 9.51710319519, "dvar2": 11.5514965057, "min": 2.29424738884, "var": 13.3998327255, "median": 8.86874771118}, "hfc": {"dmean": 5.00711393356, "dmean2": 7.04612970352, "max": 231.559997559, "dvar": 63.9292907715, "mean": 16.6941242218, "dvar2": 116.545974731, "min": 1.07880617556e-16, "var": 305.701934814, "median": 10.9779748917}, "barkbands_kurtosis": {"dmean": 2.91917300224, "dmean2": 4.56325054169, "max": 759.531799316, "dvar": 79.8651504517, "mean": 4.64147567749, "dvar2": 175.979553223, "min": -1.92284059525, "var": 136.713027954, "median": 2.17891836166}, "erbbands": {"dmean": [0.0122859925032, 0.181292980909, 0.539419412613, 3.89212751389, 11.9107141495, 5.06920862198, 6.41660928726, 11.6268320084, 11.7580213547, 9.28482055664, 12.6969461441, 17.5065593719, 19.1406593323, 13.8545770645, 10.7577819824, 11.1172399521, 12.9142160416, 17.1532001495, 11.1358308792, 7.20707941055, 7.1686797142, 8.03593635559, 9.41182899475, 3.85388970375, 5.32127046585, 7.06818389893, 3.44103956223, 3.11821460724, 3.19712519646, 2.19921278954, 1.37981593609, 1.01927471161, 0.629063606262, 0.532640576363, 0.2305649966, 0.121353387833, 0.0541832670569, 0.00306360214017, 0.00024871743517, 1.69344039023e-05], "dmean2": [0.0199659783393, 0.302528202534, 0.900982558727, 6.34568405151, 18.6612148285, 8.10273933411, 10.1645488739, 17.9762840271, 18.138502121, 14.5066022873, 19.4354228973, 26.6627902985, 29.267791748, 21.814458847, 17.0032444, 17.4955940247, 19.2615356445, 25.9226970673, 17.3051509857, 11.1601877213, 11.5930223465, 12.2865924835, 14.13509655, 6.05929088593, 8.05058670044, 10.4193277359, 5.16702842712, 4.61829519272, 4.7114944458, 3.27181982994, 2.0384042263, 1.53322279453, 0.920709252357, 0.748992323875, 0.331763893366, 0.189363881946, 0.0812849402428, 0.00473522348329, 0.000371252361219, 2.50715002039e-05], "max": [0.893039643764, 13.8728504181, 30.9243831635, 127.438301086, 616.110351563, 166.99887085, 174.687530518, 561.20703125, 677.094299316, 598.941650391, 757.554260254, 1280.2746582, 1311.80883789, 1737.92675781, 1011.96069336, 815.572021484, 1407.71008301, 1849.57666016, 1090.50048828, 710.855773926, 796.791992188, 353.038604736, 844.178710938, 180.499450684, 487.008270264, 1070.46447754, 658.579956055, 585.757507324, 789.69732666, 569.626281738, 193.169113159, 131.344055176, 63.5361709595, 45.415184021, 22.3895740509, 7.87228107452, 4.13751935959, 0.186611860991, 0.0300459302962, 0.00144402158912], "dvar": [0.00172467622906, 0.507102847099, 3.01568818092, 105.429618835, 938.505554199, 86.8648223877, 108.552993774, 371.884307861, 665.462890625, 446.027404785, 710.240112305, 1494.3260498, 2039.46008301, 1328.46411133, 717.394958496, 866.260437012, 1049.31115723, 2594.32666016, 762.446350098, 404.137939453, 299.911132813, 344.029418945, 473.901794434, 54.263343811, 176.681335449, 663.397827148, 153.587234497, 162.509399414, 183.238510132, 89.556098938, 32.3926506042, 18.7513103485, 4.89227485657, 3.19749307632, 0.758116483688, 0.341035217047, 0.0699957087636, 0.000148860170157, 7.73300314449e-07, 1.45933021223e-09], "mean": [0.0149626731873, 0.219217151403, 0.843190193176, 5.76466035843, 18.0043716431, 8.92489147186, 11.546959877, 20.4387817383, 20.7398395538, 15.9623031616, 21.6139774323, 32.4482498169, 38.3573188782, 25.0867462158, 18.7381839752, 19.1997718811, 26.4893722534, 35.4038200378, 19.7834262848, 13.1466140747, 13.0081853867, 16.5260848999, 20.6010913849, 8.78575897217, 11.1092023849, 14.3422861099, 6.81962108612, 5.81888151169, 5.93361711502, 4.14306592941, 2.60520672798, 1.83619999886, 1.16212558746, 0.800765395164, 0.360100835562, 0.144455313683, 0.0597320646048, 0.004185766913, 0.000380255572964, 4.09219755966e-05], "dvar2": [0.00439584394917, 1.37321388721, 7.87071847916, 276.291595459, 2189.66992188, 215.353912354, 276.370758057, 889.961425781, 1494.99902344, 1027.3190918, 1678.36791992, 3354.6652832, 4644.48583984, 2998.00585938, 1630.76806641, 2117.67211914, 2039.8729248, 5483.04931641, 1726.54870605, 900.76940918, 712.40045166, 749.331420898, 1005.76141357, 125.061584473, 380.58895874, 1434.77783203, 295.762054443, 297.329284668, 366.863983154, 182.201782227, 66.2072296143, 39.7995681763, 10.0544271469, 6.40688276291, 1.47947955132, 0.795800328255, 0.155517891049, 0.000305553752696, 1.63744186921e-06, 2.94973534487e-09], "min": [7.63154326457e-23, 7.65710147438e-22, 2.94295675427e-21, 6.39409280644e-21, 1.59399044976e-20, 3.34666612964e-20, 7.33887434907e-20, 6.42728706359e-20, 1.47465908046e-19, 2.87934695291e-19, 3.24959868195e-19, 3.40761137545e-19, 4.3299327511e-19, 9.04667170024e-19, 8.29032825041e-19, 1.06226772078e-18, 1.08921199187e-18, 2.285913416e-18, 2.42676035403e-18, 4.05272632986e-18, 4.20131030175e-18, 4.51532956897e-18, 5.4253808576e-18, 5.60570457678e-18, 7.08751261738e-18, 7.952074349e-18, 7.86213086509e-18, 9.89579162418e-18, 9.86856331996e-18, 1.19530137958e-17, 8.89590893462e-18, 1.13711989412e-17, 8.30550711805e-18, 7.08863923738e-18, 6.13776989424e-18, 4.6142235607e-18, 2.4145888049e-18, 1.01481981367e-18, 2.44652624835e-19, 2.7537456515e-20], "var": [0.00190914061386, 0.407933294773, 2.77318310738, 118.108695984, 1336.98046875, 154.492034912, 232.533477783, 949.233825684, 1452.83605957, 1069.65136719, 1422.5703125, 4352.96435547, 7318.15722656, 4319.89111328, 1730.87878418, 1983.68688965, 4004.59960938, 11391.1210938, 1613.1385498, 1132.87341309, 690.452209473, 1017.3012085, 1833.02270508, 170.11479187, 448.774841309, 1581.61157227, 390.584014893, 466.179840088, 517.671142578, 272.281280518, 80.7999267578, 34.2007598877, 10.9972543716, 6.28413057327, 1.51911962032, 0.368735253811, 0.0797047615051, 0.000207979028346, 1.3017964875e-06, 3.26633586845e-09], "median": [0.00217173155397, 0.0538617894053, 0.395474046469, 2.42810964584, 6.60558795929, 4.67720890045, 6.19216871262, 8.98123168945, 7.94716644287, 6.10093975067, 9.09804344177, 10.1801509857, 11.3552961349, 9.80510139465, 7.3915719986, 8.00639820099, 6.97388076782, 7.67764759064, 7.54189968109, 4.21945381165, 5.36473846436, 5.4876871109, 5.49688625336, 3.90660858154, 4.59420204163, 3.85527563095, 2.41681623459, 1.4180970192, 1.26560938358, 0.89397829771, 0.566111922264, 0.470450103283, 0.246568009257, 0.119498610497, 0.0460404604673, 0.013823159039, 0.00314156082459, 0.000566106522456, 7.19966774341e-05, 2.62641187874e-05]}, "spectral_energy": {"dmean": 0.00722661428154, "dmean2": 0.0110122133046, "max": 0.217501297593, "dvar": 0.000156525056809, "mean": 0.0204330161214, "dvar2": 0.000363968196325, "min": 1.01428418191e-20, "var": 0.00033906797762, "median": 0.0158288870007}, "zerocrossingrate": {"dmean": 0.0104073779657, "dmean2": 0.0120152691379, "max": 0.529296875, "dvar": 0.0002338012564, "mean": 0.062409106642, "dvar2": 0.000280620530248, "min": 0.00341796875, "var": 0.00312701310031, "median": 0.048828125}, "spectral_energyband_high": {"dmean": 0.000322080391925, "dmean2": 0.000450649560662, "max": 0.0357612743974, "dvar": 9.9116596175e-07, "mean"