{"metadata": {"audio_properties": {"downmix": "mix", "bit_rate": 256000, "lossless": false, "md5_encoded": "46ae3bc10f059103b55d9563b7e115f8", "analysis_sample_rate": 44100, "sample_rate": 44100, "replay_gain": -10.1660346985, "equal_loudness": 0, "codec": "mp3", "length": 311.875915527}, "tags": {"album": ["The Boy Who Never"], "artist": ["Landon Pigg"], "musicbrainz_recordingid": ["b3501f2e-44fd-4845-b0ef-d74b8ec9c492"], "discnumber": ["1"], "title": ["The Boy Who Never"], "genre": ["Pop"], "tracknumber": ["6"], "date": ["2009"], "file_name": "1640175.mp3"}, "version": {"essentia_build_sha": "70f2e5ece6736b2c40cc944ad0e695b16b925413", "essentia_git_sha": "v2.1_beta2", "extractor": "music 1.0", "essentia": "2.1-beta2"}}, "tonal": {"chords_scale": "major", "hpcp": {"dmean": [0.0542286969721, 0.0539904348552, 0.0461022406816, 0.0385015569627, 0.0442105010152, 0.0576223693788, 0.0857593119144, 0.110073976219, 0.121569558978, 0.118703424931, 0.103651925921, 0.072715356946, 0.0515842325985, 0.044206134975, 0.0588903725147, 0.096795745194, 0.0966783314943, 0.0785229951143, 0.0492026619613, 0.0429407693446, 0.0583267435431, 0.0860481709242, 0.0907860323787, 0.136045977473, 0.180949211121, 0.0935845151544, 0.0234805680811, 0.0420397035778, 0.0581623204052, 0.113009430468, 0.195791855454, 0.153722479939, 0.13800932467, 0.0645398423076, 0.0447005778551, 0.0500105209649], "dvar2": [0.0548904463649, 0.0565341487527, 0.0528305582702, 0.0418137796223, 0.0464636683464, 0.0538653023541, 0.07054374367, 0.0925999507308, 0.104665406048, 0.106201797724, 0.0956904962659, 0.0769196376204, 0.0700642392039, 0.0599926188588, 0.0646079331636, 0.0816394612193, 0.0767827257514, 0.0729003921151, 0.0625521764159, 0.0618984922767, 0.0798275470734, 0.0957121774554, 0.0988496020436, 0.11094097048, 0.21018460393, 0.0619747899473, 0.0183902680874, 0.0398303642869, 0.0547789484262, 0.075989857316, 0.16340662539, 0.119658574462, 0.116301938891, 0.0726990029216, 0.056270070374, 0.0610649958253], "mean": [0.0559735819697, 0.0566703788936, 0.0369611755013, 0.0287122223526, 0.032913222909, 0.0453543961048, 0.0980072468519, 0.142493695021, 0.156071662903, 0.19165712595, 0.159291476011, 0.0733326897025, 0.0398256741464, 0.035368848592, 0.0523293465376, 0.141793757677, 0.185648366809, 0.101224176586, 0.0396123714745, 0.0323767960072, 0.0413386337459, 0.0903756916523, 0.123074233532, 0.184731438756, 0.233778938651, 0.113922581077, 0.0207362510264, 0.0492939539254, 0.0592742227018, 0.117232225835, 0.336228787899, 0.383669883013, 0.169772550464, 0.04269393906, 0.0267350152135, 0.0366669557989], "var": [0.0243881810457, 0.0246651787311, 0.014652214013, 0.0120671326295, 0.0134819624946, 0.016149520874, 0.0373271107674, 0.0607704035938, 0.0648538097739, 0.100535236299, 0.0830316841602, 0.0332005023956, 0.0231150034815, 0.0206273589283, 0.0220823958516, 0.0575553327799, 0.082660548389, 0.0348061062396, 0.0189610607922, 0.0181548725814, 0.0192776937038, 0.0445134490728, 0.0705839022994, 0.0740291625261, 0.1310839504, 0.0343826115131, 0.00564554193988, 0.0219452958554, 0.0241364762187, 0.0351085923612, 0.128728568554, 0.162624523044, 0.0601646341383, 0.0167182311416, 0.0118301026523, 0.0172790307552], "dmean2": [0.0958612337708, 0.0946996212006, 0.084480471909, 0.0709229037166, 0.0812718868256, 0.104586534202, 0.147663339972, 0.186876684427, 0.207833558321, 0.201338395476, 0.175171241164, 0.12640248239, 0.093971401453, 0.0804948732257, 0.105319440365, 0.160970956087, 0.159754350781, 0.134770870209, 0.0913587510586, 0.0817329734564, 0.109115429223, 0.148809030652, 0.156928151846, 0.239195257425, 0.324535608292, 0.166759625077, 0.0422515682876, 0.0748237445951, 0.10375020653, 0.195222988725, 0.339968085289, 0.253548204899, 0.245120599866, 0.121146447957, 0.0852115526795, 0.0930027365685], "dvar": [0.0205105338246, 0.021147409454, 0.018800271675, 0.0150695545599, 0.016848186031, 0.019683079794, 0.0271241106093, 0.0367342866957, 0.040342990309, 0.0445964112878, 0.0385074168444, 0.0295047722757, 0.0263211913407, 0.021936269477, 0.0239165294915, 0.0316891409457, 0.0310213696212, 0.0262770596892, 0.0214513987303, 0.0213131904602, 0.0276852101088, 0.0370697118342, 0.0406388528645, 0.0448418520391, 0.0884778723121, 0.0252980515361, 0.00663139112294, 0.0147462747991, 0.0201797056943, 0.0292894355953, 0.0634840577841, 0.0535958819091, 0.0423383675516, 0.0253158006817, 0.019259672612, 0.0219173487276], "min": [0, 0, 0, 0, 0, 0, 0, 0, 0, 0, 0, 0, 0, 0, 0, 0, 0, 0, 0, 0, 0, 0, 0, 0, 0, 0, 0, 0, 0, 0, 0, 0, 0, 0, 0, 0], "median": [0.00316084316, 0.00420150952414, 0.00223031127825, 0.00077141833026, 0.000798521272372, 0.00297221634537, 0.01509608794, 0.0237396992743, 0.0248889159411, 0.0113459043205, 0.00480313878506, 0.00169744819868, 0.000529170036316, 0.000406077335356, 0.00388838700019, 0.0316193923354, 0.0535362623632, 0.0227564759552, 0.00116737105418, 0.000317821337376, 0.000938234850764, 0.00337221007794, 0.00408969260752, 0.0224088989198, 0.00671134004369, 0.00347294844687, 0.00111809989903, 0.00322559056804, 0.00489269895479, 0.0306558646262, 0.169293493032, 0.180248647928, 0.0301804579794, 0.00107033399399, 0.000376939191483, 0.000685202656314], "max": [1, 1, 1, 1, 1, 1, 1, 1, 1, 1, 1, 1, 1, 1, 1, 1, 1, 1, 1, 1, 1, 1, 1, 1, 1, 1, 1, 1, 1, 1, 1, 1, 1, 1, 1, 1]}, "tuning_equal_tempered_deviation": 0.180346623063, "chords_key": "C", "chords_strength": {"dmean": 0.00916375592351, "dvar2": 0.000646821339615, "mean": 0.508644998074, "var": 0.0101589364931, "dmean2": 0.00816883798689, "dvar": 0.000359135912731, "min": -1, "median": 0.506504356861, "max": 0.79591101408}, "tuning_diatonic_strength": 0.650749027729, "thpcp": [1, 0.442496418953, 0.111277796328, 0.0696823373437, 0.0955690219998, 0.145889952779, 0.147706091404, 0.0963358804584, 0.0748357474804, 0.0857852622867, 0.118212029338, 0.255446821451, 0.3713966012, 0.406786322594, 0.499536544085, 0.415178477764, 0.191134855151, 0.103801928461, 0.0921856239438, 0.136391595006, 0.369572281837, 0.483875274658, 0.263831436634, 0.103245973587, 0.0843871161342, 0.107745319605, 0.235555872321, 0.320781588554, 0.481485366821, 0.609323143959, 0.29692864418, 0.0540471151471, 0.128480121493, 0.154492765665, 0.305554926395, 0.876349210739], "chords_histogram": [44.2012786865, 5.70195007324, 26.9763278961, 6.14857816696, 5.49352407455, 0.193538784981, 0.0893255919218, 0.0297751966864, 0.208426386118, 0.0148875983432, 0.0744379907846, 0, 0, 0, 0, 0.297751963139, 0, 0.640166759491, 0, 1.14634513855, 1.69718623161, 2.72443056107, 1.87583744526, 2.48622894287], "tuning_nontempered_energy_ratio": 0.931034445763, "tuning_frequency": 434.193115234, "key_strength": 0.816774606705, "chords_changes_rate": 0.0406431443989, "key_scale": "major", "hpcp_entropy": {"dmean": 0.509782493114, "dvar2": 0.507093906403, "mean": 1.82381534576, "var": 0.400303721428, "dmean2": 0.858404099941, "dvar": 0.187192618847, "min": 0, "median": 1.83501648903, "max": 4.44353961945}, "key_key": "C", "chords_number_rate": 0.00148875988089}, "lowlevel": {"melbands_skewness": {"dmean": 1.04861927032, "dvar2": 5.00594425201, "mean": 3.67451000214, "var": 4.28228998184, "dmean2": 1.67791175842, "dvar": 1.99280798435, "min": -2.10392713547, "median": 3.35705304146, "max": 22.3277835846}, "melbands_kurtosis": {"dmean": 22.1560153961, "dvar2": 5202.89306641, "mean": 41.0906410217, "var": 2817.68579102, "dmean2": 36.0480575562, "dvar": 2039.16052246, "min": -1.89335238934, "median": 26.2562446594, "max": 1119.56335449}, "barkbands_kurtosis": {"dmean": 15.0218544006, "dvar2": 2240.30908203, "mean": 28.7013912201, "var": 1270.21948242, "dmean2": 24.4481983185, "dvar": 853.52331543, "min": -1.94728350639, "median": 18.0810508728, "max": 574.11114502}, "hfc": {"dmean": 3.18565130234, "dvar2": 84.3869628906, "mean": 9.21521186829, "var": 118.248550415, "dmean2": 4.85419178009, "dvar": 39.6761703491, "min": 1.21107910531e-16, "median": 6.57206010818, "max": 226.188400269}, "silence_rate_20dB": {"dmean": 0.00119118520524, "dvar2": 0.00356749934144, "mean": 0.999404430389, "var": 0.000595225428697, "dmean2": 0.00238254782744, "dvar": 0.00118959369138, "min": 0, "median": 1, "max": 1}, "erbbands_flatness_db": {"dmean": 0.0202962569892, "dvar2": 0.00105380686, "mean": 0.192099809647, "var": 0.00226056855172, "dmean2": 0.0302226934582, "dvar": 0.000470613886137, "min": 0.0371213778853, "median": 0.189134508371, "max": 0.505962193012}, "spectral_flux": {"dmean": 0.0376854538918, "dvar2": 0.00848641805351, "mean": 0.0883631035686, "var": 0.00540968077257, "dmean2": 0.0613369680941, "dvar": 0.0033796003554, "min": 1.04234156029e-10, "median": 0.0708658099174, "max": 0.578919291496}, "spectral_energyband_low": {"dmean": 0.0174633674324, "dvar2": 0.00268904818222, "mean": 0.0370291396976, "var": 0.00197231560014, "dmean2": 0.0287973359227, "dvar": 0.0011600269936, "min": 6.89431740767e-23, "median": 0.0255409311503, "max": 0.418378144503}, "spectral_rolloff": {"dmean": 111.311096191, "dvar2": 524331.5625, "mean": 479.290008545, "var": 3255606.5, "dmean2": 188.917007446, "dvar": 251608.78125, "min": 64.599609375, "median": 215.33203125, "max": 20650.3417969}, "spectral_entropy": {"dmean": 0.266345858574, "dvar2": 0.217979580164, "mean": 6.40283966064, "var": 0.449792712927, "dmean2": 0.402293682098, "dvar": 0.0973051339388, "min": 3.10231614113, "median": 6.41142034531, "max": 9.81286621094}, "spectral_energy": {"dmean": 0.02202228643, "dvar2": 0.00367808528244, "mean": 0.0524899214506, "var": 0.00260626664385, "dmean2": 0.0358997955918, "dvar": 0.00155926484149, "min": 1.08647588519e-20, "median": 0.0398202687502, "max": 0.427680492401}, "spectral_centroid": {"dmean": 89.1954040527, "dvar2": 88114.640625, "mean": 416.471740723, "var": 200192.203125, "dmean2": 136.323059082, "dvar": 49282.6601562, "min": 103.117477417, "median": 318.806091309, "max": 11130.4091797}, "barkbands_flatness_db": {"dmean": 0.0287111308426, "dvar2": 0.00207228306681, "mean": 0.278387874365, "var": 0.00588319636881, "dmean2": 0.0444796569645, "dvar": 0.00091004249407, "min": 0.0468156412244, "median": 0.273993462324, "max": 0.620828330517}, "spectral_rms": {"dmean": 0.00131299765781, "dvar2": 7.61217143008e-06, "mean": 0.006441780366, "var": 9.71288045548e-06, "dmean2": 0.00209904112853, "dvar": 3.3350436297e-06, "min": 3.25572793551e-12, "median": 0.00623290007934, "max": 0.0204266794026}, "melbands": {"dmean": [0.00402831798419, 0.00302135106176, 0.00173468713183, 0.00124545325525, 0.000335983524565, 0.000116431467177, 7.84494550317e-05, 6.96041024639e-05, 4.97333385283e-05, 3.53597424692e-05, 2.7033562219e-05, 1.18129519251e-05, 7.14458110451e-06, 4.74601529277e-06, 2.63271635959e-06, 3.49994388671e-06, 4.66154733658e-06, 4.09448239225e-06, 2.4332355224e-06, 1.3683867337e-06, 9.48418005464e-07, 8.70582084644e-07, 1.26228667341e-06, 6.94926939104e-07, 5.00072815157e-07, 7.47651029087e-07, 7.38266408007e-07, 5.33157162863e-07, 5.18937781635e-07, 3.9684923081e-07, 3.5812129795e-07, 4.57479615079e-07, 5.53136487724e-07, 4.59969498934e-07, 3.37160116715e-07, 2.56758113437e-07, 2.14434450641e-07, 2.14035694057e-07, 2.1513125148e-07, 1.71151455675e-07], "dvar2": [0.000166347032064, 9.82224009931e-05, 4.22720004281e-05, 3.83791739296e-05, 9.63832917478e-07, 1.60367562785e-07, 7.28638980263e-08, 7.24086817172e-08, 5.60740289757e-08, 2.66285962169e-08, 1.52074690618e-08, 7.01555036287e-09, 1.47957801566e-09, 5.26167720505e-10, 1.43072012571e-10, 5.55707313499e-10, 1.4267185211e-09, 1.87464066492e-09, 9.05130803641e-10, 1.40256847803e-10, 4.13654353826e-11, 4.43092576519e-11, 1.28320451487e-10, 2.36056573594e-11, 2.02225441254e-11, 5.25047644251e-11, 3.96614650844e-11, 3.92651015868e-11, 3.22194076974e-11, 1.28030242658e-11, 1.55165567894e-11, 2.98702937385e-11, 3.52556074612e-11, 2.77820943334e-11, 3.45283697467e-11, 1.2477631775e-11, 4.14008844568e-12, 4.68880056309e-12, 5.11544756207e-12, 3.19625445902e-12], "mean": [0.0070293918252, 0.00570842856541, 0.00295691960491, 0.00182399165351, 0.000730684725568, 0.000300321058603, 0.000189835700439, 0.000155426372658, 0.000122196273878, 8.8241242338e-05, 6.21633735136e-05, 2.42367514147e-05, 1.3597978068e-05, 8.98070720723e-06, 4.67630161438e-06, 6.22023253527e-06, 8.27327676234e-06, 7.97431675892e-06, 4.46981584901e-06, 2.74325043392e-06, 1.66527877354e-06, 1.66638596966e-06, 2.41630755227e-06, 1.2793678934e-06, 8.80570041772e-07, 1.26809334233e-06, 1.3354232351e-06, 8.17878003545e-07, 7.42496467865e-07, 5.38938536465e-07, 4.68062609116e-07, 6.13212023381e-07, 8.09822381598e-07, 6.53619679269e-07, 4.48440630407e-07, 3.59444612741e-07, 3.00806249243e-07, 2.76554771972e-07, 2.8944936048e-07, 2.34565462165e-07], "var": [0.00011014957272, 5.11232537974e-05, 2.15994023165e-05, 2.02729333978e-05, 1.27894429625e-06, 3.38106048048e-07, 1.28165211777e-07, 1.30522991526e-07, 1.35394330414e-07, 5.38388498228e-08, 2.43782913856e-08, 7.7741653115e-09, 1.36379196825e-09, 6.02810301675e-10, 1.60847543618e-10, 7.57452933708e-10, 2.01700944835e-09, 3.59466167943e-09, 8.25019497164e-10, 3.23183535489e-10, 4.23379907522e-11, 8.61326218682e-11, 2.18655427098e-10, 1.8993515094e-11, 1.04883757929e-11, 4.61723402567e-11, 5.34739058589e-11, 2.63958768038e-11, 2.28348728815e-11, 1.20015082941e-11, 2.21394638733e-11, 4.38220050525e-11, 4.5728865139e-11, 3.05878621043e-11, 1.63834328049e-11, 9.31796220044e-12, 4.80976760156e-12, 4.1824586329e-12, 5.51997163256e-12, 3.48627290231e-12], "dmean2": [0.00671641202644, 0.00494382390752, 0.00283003668301, 0.00196872442029, 0.000523872615304, 0.000174805361894, 0.000118219439173, 0.000101874960819, 6.97152790963e-05, 5.07026379637e-05, 3.90410787077e-05, 1.80575443665e-05, 1.10411383503e-05, 7.35051071388e-06, 4.14921441916e-06, 5.2499958656e-06, 7.06668015482e-06, 6.00961766395e-06, 3.69786857846e-06, 2.11411725104e-06, 1.54245174144e-06, 1.37705501402e-06, 1.97495410248e-06, 1.08472261218e-06, 8.14598251964e-07, 1.12285056275e-06, 1.08164215362e-06, 8.10356709735e-07, 7.83184475495e-07, 6.07158710864e-07, 5.17797332122e-07, 6.75435103403e-07, 8.2631532905e-07, 6.97905534253e-07, 5.28194391336e-07, 3.69512548559e-07, 3.07555268364e-07, 3.19418290928e-07, 3.15899200132e-07, 2.55038287378e-07], "dvar": [6.72851456329e-05, 4.17080555053e-05, 1.64090633916e-05, 1.56155365403e-05, 3.91621171048e-07, 6.52490967923e-08, 3.25615445718e-08, 3.45187238793e-08, 3.1062278083e-08, 1.19114877961e-08, 7.1934334045e-09, 2.69656696972e-09, 6.11994510624e-10, 2.24873050736e-10, 6.28471441555e-11, 2.75535483318e-10, 7.10232872514e-10, 9.36542066121e-10, 3.81750075995e-10, 7.74188352315e-11, 1.91187239651e-11, 1.93296142981e-11, 6.11057801581e-11, 1.01557113413e-11, 8.03920385123e-12, 2.5193085465e-11, 2.11976859676e-11, 1.62846090779e-11, 1.44733209792e-11, 6.60653433002e-12, 9.49639238773e-12, 1.74792819108e-11, 1.91755968743e-11, 1.2754184861e-11, 1.37042235199e-11, 5.66558345377e-12, 2.22391376148e-12, 2.34143975909e-12, 2.64188063787e-12, 1.62247819346e-12], "min": [3.33358340164e-24, 1.05663658405e-23, 1.74887985664e-23, 4.16226561093e-24, 7.76286777936e-24, 9.88970935504e-24, 8.73147931931e-24, 5.18155002555e-24, 4.85011721597e-24, 7.3283040282e-24, 1.22680705529e-23, 1.73051517477e-23, 1.97903791435e-23, 2.79305732933e-23, 1.63879163519e-23, 1.4912855322e-23, 6.79860049642e-24, 6.44184051862e-24, 4.61814004501e-24, 1.37519218599e-23, 1.46359588333e-23, 1.24772733095e-23, 1.51711094497e-23, 8.18584316383e-24, 6.26282746884e-24, 1.08404918497e-23, 8.63218934147e-24, 1.3890002495e-23, 6.24882873765e-24, 6.65242378182e-24, 1.09017618873e-23, 1.16382826603e-23, 8.3306543602e-24, 9.48178307006e-24, 9.43739544465e-24, 9.04490716759e-24, 8.98896746308e-24, 8.24149020094e-24, 1.21600991608e-23, 1.14888408505e-23], "median": [0.00370496022515, 0.00415482232347, 0.00166380032897, 0.000555280712433, 0.000328097841702, 9.70019900706e-05, 6.63125465508e-05, 4.08976447943e-05, 2.33200662478e-05, 1.84015570994e-05, 1.44406258187e-05, 4.21661434302e-06, 3.21045035889e-06, 2.0902846245e-06, 1.07424580165e-06, 6.96996323768e-07, 1.17872889405e-06, 7.50596029775e-07, 6.29238115835e-07, 6.12378130427e-07, 4.11735044281e-07, 3.6011414295e-07, 3.48311118614e-07, 2.61413049429e-07, 2.38393653262e-07, 2.8944918995e-07, 1.7764017457e-07, 1.19747127769e-07, 1.19179702551e-07, 8.38668512415e-08, 5.76063570179e-08, 5.86145390002e-08, 7.16749184448e-08, 6.44458708621e-08, 5.3457160476e-08, 3.52135991477e-08, 2.77186273934e-08, 2.55622154555e-08, 2.33089796353e-08, 1.8307273919e-08], "max": [0.0990478694439, 0.0765946805477, 0.0543833784759, 0.0644647106528, 0.0156476963311, 0.00794017873704, 0.00644804863259, 0.00865933671594, 0.00866295676678, 0.0048190462403, 0.00378003530204, 0.0021538885776, 0.000906520872377, 0.000758496520575, 0.000362745049642, 0.000581410829909, 0.00199910369702, 0.00182732730173, 0.00129574211314, 0.000983142410405, 0.000388494663639, 0.00039330375148, 0.000716245558579, 0.000154164779815, 0.000172866173671, 0.000263347232249, 0.000219250941882, 0.000281427433947, 0.00025164874387, 0.000190984035726, 0.000290641299216, 0.000366142805433, 0.000297510181554, 0.000259245192865, 0.00023091318144, 0.000141713244375, 8.28244810691e-05, 8.58109997353e-05, 0.000119063559396, 6.08065201959e-05]}, "barkbands_crest": {"dmean": 2.82990121841, "dvar2": 19.7748756409, "mean": 14.1150178909, "var": 16.9427852631, "dmean2": 4.69956111908, "dvar": 6.63990068436, "min": 3.69804620743, "median": 13.8181362152, "max": 25.8908939362}, "mfcc": {"icov": [[0.000144662408275, -1.61768693943e-05, 5.07217519043e-05, 5.05501229782e-05, 0.000115100330731, 2.18909808609e-05, 8.57579580043e-05, -0.00018556357827, 0.000143848374137, -0.000239256754867, -7.38193148209e-06, 1.68549817658e-07, -7.18892408713e-07], [-1.61768693943e-05, 0.000829356838949, 0.000110016466351, -6.91840687068e-05, -0.000436203554273, 0.000568060087971, -0.000383172213333, -0.000390847388189, -1.70363346115e-05, -0.000201273913262, -3.5634075175e-05, 0.000155898160301, -0.000139639174449], [5.07217519043e-05, 0.000110016466351, 0.00241884496063, -0.00124359654728, 0.000613731623162, -0.00162196182646, 0.000104705104604, 0.000108420965262, -0.000617939746007, 0.00118303287309, -0.000314327771775, 0.00012549519306, 0.000143568788189], [5.05501229782e-05, -6.91840687068e-05, -0.00124359654728, 0.00592264020815, -0.00268286885694, -0.000702426303178, 4.8760680329e-06, 0.0002578755375, -0.000800045789219, -0.000903029402252, 0.00133461132646, -0.000622306193691, -0.000222113187192], [0.000115100330731, -0.000436203554273, 0.000613731623162, -0.00268286885694, 0.00942169129848, -0.00386161403731, 0.00162642099895, -0.000938096025493, -0.000463032920379, -0.000461918767542, 0.000466503581265, -0.000565079564694, 0.00050436280435], [2.18909808609e-05, 0.000568060087971, -0.00162196182646, -0.000702426303178, -0.00386161403731, 0.0105884568766, -0.00350187974982, 0.000418015755713, -0.000470861064969, -0.000114461225166, -0.000664668390527, -5.89277151448e-05, -0.000307746930048], [8.57579580043e-05, -0.000383172213333, 0.000104705104604, 4.8760680329e-06, 0.00162642099895, -0.00350187974982, 0.0110441930592, -0.00465751485899, 0.000808408483863, -0.00113159581088, -0.00077490019612, -0.000237204847508, -0.000269029842457], [-0.00018556357827, -0.000390847388189, 0.000108420965262, 0.0002578755375, -0.000938096025493, 0.000418015755713, -0.00465751485899, 0.0114508736879, -0.00557765970007, 0.00241433666088, -0.00139837083407, 0.000245413917582, -1.75946952368e-05], [0.000143848374137, -1.70363346115e-05, -0.000617939746007, -0.000800045789219, -0.000463032920379, -0.000470861064969, 0.000808408483863, -0.00557765970007, 0.0127076702192, -0.00589003181085, 0.00286065787077, -0.000553360732738, -7.1873095294e-05], [-0.000239256754867, -0.000201273913262, 0.00118303287309, -0.000903029402252, -0.000461918767542, -0.000114461225166, -0.00113159581088, 0.00241433666088, -0.00589003181085, 0.0135656893253, -0.00576209556311, 0.00224990793504, -0.00115434115287], [-7.38193148209e-06, -3.5634075175e-05, -0.000314327771775, 0.00133461132646, 0.000466503581265, -0.000664668390527, -0.00077490019612, -0.00139837083407, 0.00286065787077, -0.00576209556311, 0.0125341136009, -0.00528117641807, 0.00416723033413], [1.68549817658e-07, 0.000155898160301, 0.00012549519306, -0.000622306193691, -0.000565079564694, -5.89277151448e-05, -0.000237204847508, 0.000245413917582, -0.000553360732738, 0.00224990793504, -0.00528117641807, 0.0140911228955, -0.00733959674835], [-7.18892408713e-07, -0.000139639174449, 0.000143568788189, -0.000222113187192, 0.00050436280435, -0.000307746930048, -0.000269029842457, -1.75946952368e-05, -7.1873095294e-05, -0.00115434115287, 0.00416723033413, -0.00733959674835, 0.0131059288979]], "mean": [-752.570678711, 168.563400269, 50.8049659729, 40.4151725769, 14.170425415, 8.59020614624, 3.04876685143, 7.27281904221, 3.57382845879, 5.9234161377, 0.926505744457, -3.83325171471, -0.721045434475], "cov": [[7900.68310547, 304.005981445, -510.116760254, -310.860748291, -214.334793091, -212.918273926, -17.6149921417, 82.8426208496, -62.2466621399, 168.726043701, 122.841690063, -23.0892791748, -30.4796733856], [304.005981445, 1399.07202148, -132.229309082, 13.2397508621, 55.20104599, -50.2580413818, 72.6444015503, 108.270965576, 60.6385421753, 63.7992477417, 20.2933197021, -7.14986896515, 10.4234666824], [-510.116760254, -132.229309082, 647.010070801, 200.881240845, 79.6258010864, 160.173156738, 32.1671943665, 21.6218891144, 53.698764801, -39.1660346985, -23.564907074, 11.9315443039, 7.28565979004], [-310.860748291, 13.2397508621, 200.881240845, 301.557952881, 123.928009033, 104.102310181, 22.3617992401, 26.9629173279, 65.2307128906, 13.8030042648, -30.6017742157, 17.0853099823, 22.0765399933], [-214.334793091, 55.20104599, 79.6258010864, 123.928009033, 182.688171387, 90.378868103, 15.5017576218, 30.8876476288, 47.0240135193, 16.0606822968, -10.1126289368, 11.5650949478, 8.62045478821], [-212.918273926, -50.2580413818, 160.173156738, 104.102310181, 90.378868103, 181.578918457, 55.2602615356, 32.7725906372, 42.0766448975, 10.2415399551, 4.26374816895, 15.127289772, 9.67516899109], [-17.6149921417, 72.6444015503, 32.1671943665, 22.3617992401, 15.5017576218, 55.2602615356, 140.463851929, 72.4143295288, 34.5765609741, 22.744260788, 23.1537857056, 11.1524934769, 5.55764818192], [82.8426208496, 108.270965576, 21.6218891144, 26.9629173279, 30.8876476288, 32.7725906372, 72.4143295288, 156.053314209, 74.6920700073, 20.2886562347, 14.3056631088, 6.902821064, 4.1687040329], [-62.2466621399, 60.6385421753, 53.698764801, 65.2307128906, 47.0240135193, 42.0766448975, 34.5765609741, 74.6920700073, 145.717102051, 52.1212654114, -5.6894826889, 3.79918575287, 10.474858284], [168.726043701, 63.7992477417, -39.1660346985, 13.8030042648, 16.0606822968, 10.2415399551, 22.744260788, 20.2886562347, 52.1212654114, 123.29434967, 46.8944587708, -0.414269298315, -2.52896642685], [122.841690063, 20.2933197021, -23.564907074, -30.6017742157, -10.1126289368, 4.26374816895, 23.1537857056, 14.3056631088, -5.6894826889, 46.8944587708, 127.497299194, 28.1954269409, -19.7042675018], [-23.0892791748, -7.14986896515, 11.9315443039, 17.0853099823, 11.5650949478, 15.127289772, 11.1524934769, 6.902821064, 3.79918575287, -0.414269298315, 28.1954269409, 110.847053528, 53.3256187439], [-30.4796733856, 10.4234666824, 7.28565979004, 22.0765399933, 8.62045478821, 9.67516899109, 5.55764818192, 4.1687040329, 10.474858284, -2.52896642685, -19.7042675018, 53.3256187439, 112.683631897]]}, "spectral_decrease": {"dmean": 5.77286574099e-09, "dvar2": 2.5309942681e-16, "mean": -1.36860114353e-08, "var": 1.79117186916e-16, "dmean2": 9.41345401628e-09, "dvar": 1.07372073533e-16, "min": -1.12520169182e-07, "median": -1.03430766174e-08, "max": 9.0189018905e-16}, "zerocrossingrate": {"dmean": 0.00457367440686, "dvar2": 8.71388983796e-05, "mean": 0.0219906847924, "var": 0.00372019736096, "dmean2": 0.00568879814819, "dvar": 8.87814676389e-05, "min": 0.001953125, "median": 0.0126953125, "max": 0.85009765625}, "spectral_contrast_coeffs": {"dmean": [0.0498358309269, 0.0391006879508, 0.032843451947, 0.0258187316358, 0.019596895203, 0.0141909373924], "dvar2": [0.00500020664185, 0.00271945190616, 0.00188461178914, 0.00120436190628, 0.000710460881237, 0.000377342686988], "mean": [-0.641089618206, -0.699632465839, -0.749305605888, -0.795152664185, -0.807765841484, -0.809457182884], "var": [0.00747066922486, 0.00588668975979, 0.00518644414842, 0.00287599256262, 0.00209765299223, 0.000829765282106], "dmean2": [0.0813906118274, 0.063391558826, 0.0523762218654, 0.0418433435261, 0.0310069359839, 0.022102419287], "dvar": [0.00202287686989, 0.00105254945811, 0.000766548444517, 0.000484138523461, 0.000317695608828, 0.00016865580983], "min": [-0.966611385345, -0.965053856373, -0.966494739056, -0.95311832428, -0.957086861134, -0.958114802837], "median": [-0.651639699936, -0.70458316803, -0.753450632095, -0.800668001175, -0.812725067139, -0.811820745468], "max": [-0.218574613333, -0.352100580931, -0.45444893837, -0.502591907978, -0.590303778648, -0.670247912407]}, "spectral_skewness": {"dmean": 0.43864133954, "dvar2": 0.555375635624, "mean": 2.75382184982, "var": 0.812097132206, "dmean2": 0.664948046207, "dvar": 0.246301993728, "min": -0.097671829164, "median": 2.70265889168, "max": 8.28952217102}, "spectral_energyband_middle_high": {"dmean": 0.000226698728511, "dvar2": 8.96891094726e-07, "mean": 0.000721862365026, "var": 2.66117604042e-06, "dmean2": 0.000331569986884, "dvar": 4.23800173621e-07, "min": 1.77310385022e-21, "median": 0.000237885047682, "max": 0.0307731907815}, "gfcc": {"icov": [[0.000521839945577, -0.00136612798087, 0.000892019830644, -0.0015441311989, 0.00125193060376, -0.00151072605513, 0.0011033359915, -0.00124746887013, 0.00100426829886, -0.000666519103106, 0.000585362140555, -0.000227593569434, 0.000208313475014], [-0.00136612798087, 0.00518030347303, -0.00243957247585, 0.0048468937166, -0.00375208654441, 0.00436885328963, -0.00363155221567, 0.00361583824269, -0.00390066113323, 0.00345594482496, -0.00321979704313, 0.00208676722832, -0.0013469591504], [0.000892019830644, -0.00243957247585, 0.00361635698937, -0.00384391844273, 0.00223146588542, -0.00292949215509, 0.00069708772935, -0.000230203178944, 0.00107204914093, -0.00086220423691, 0.0016181623796, -0.000908247660846, 0.000113371388579], [-0.0015441311989, 0.0048468937166, -0.00384391844273, 0.00872855260968, -0.00456375954673, 0.00307268230245, -0.00254246895202, 0.00377218751237, -0.00393306883052, 0.00201752153225, -0.00164074043278, 0.00151193118654, -0.00129497167654], [0.00125193060376, -0.00375208654441, 0.00223146588542, -0.00456375954673, 0.008475295268, -0.00369771476835, -3.51933231286e-05, -0.000884904235136, -0.000591794203501, 0.000209388177609, 0.000554250786081, 0.000211142745684, -9.37495569815e-05], [-0.00151072605513, 0.00436885328963, -0.00292949215509, 0.00307268230245, -0.00369771476835, 0.0119560677558, -0.0055086184293, 0.00142798898742, -0.00189591362141, 0.000969331304077, -0.00113072688691, 2.51908804785e-05, 0.000410147826187], [0.0011033359915, -0.00363155221567, 0.00069708772935, -0.00254246895202, -3.51933231286e-05, -0.0055086184293, 0.0124521329999, -0.0076417257078, 0.00293789058924, -0.000966655672528, 0.000160996467457, 0.000139378738822, 0.000233877886785], [-0.00124746887013, 0.00361583824269, -0.000230203178944, 0.00377218751237, -0.000884904235136, 0.00142798898742, -0.0076417257078, 0.0162573382258, -0.00838758423924, 0.00299612479284, -0.00181516888551, 0.000321168918163, -0.00114464887884], [0.00100426829886, -0.00390066113323, 0.00107204914093, -0.00393306883052, -0.000591794203501, -0.00189591362141, 0.00293789058924, -0.00838758423924, 0.0174835249782, -0.00799979548901, 0.00287041137926, -0.000966340245213, -0.000768092402723], [-0.000666519103106, 0.00345594482496, -0.00086220423691, 0.00201752153225, 0.000209388177609, 0.000969331304077, -0.000966655672528, 0.00299612479284, -0.00799979548901, 0.0172523166984, -0.00913770031184, 0.00368466693908, 0.000760446593631], [0.000585362140555, -0.00321979704313, 0.0016181623796, -0.00164074043278, 0.000554250786081, -0.00113072688691, 0.000160996467457, -0.00181516888551, 0.00287041137926, -0.00913770031184, 0.0184150170535, -0.00816339440644, 0.00252157496288], [-0.000227593569434, 0.00208676722832, -0.000908247660846, 0.00151193118654, 0.000211142745684, 2.51908804785e-05, 0.000139378738822, 0.000321168918163, -0.000966340245213, 0.00368466693908, -0.00816339440644, 0.017189797014, -0.00659198127687], [0.000208313475014, -0.0013469591504, 0.000113371388579, -0.00129497167654, -9.37495569815e-05, 0.000410147826187, 0.000233877886785, -0.00114464887884, -0.000768092402723, 0.000760446593631, 0.00252157496288, -0.00659198127687, 0.014810403809]], "mean": [-90.6420211792, 138.388290405, -52.2480316162, 39.3347969055, -46.0852203369, 9.10040378571, -27.2382335663, 6.61959409714, -15.204325676, -3.95567035675, -12.329832077, -5.72709560394, -5.74635124207], "cov": [[10727.8369141, 1042.43615723, -978.185241699, 273.375579834, -505.350067139, 408.197937012, -114.237922668, 378.083099365, -16.3582687378, 68.2020950317, 39.1234474182, -78.478263855, -54.1132202148], [1042.43615723, 1201.58752441, 12.9394512177, -188.551925659, 255.859786987, -69.1296768188, 184.401535034, 47.821434021, 109.627883911, -83.8586502075, 64.5524291992, -41.2835922241, 62.976726532], [-978.185241699, 12.9394512177, 798.42010498, 284.640014648, 130.01121521, 86.1125488281, 88.4044418335, -70.6666717529, 33.0289154053, -32.7387962341, -42.2275619507, 4.92785310745, 38.0688972473], [273.375579834, -188.551925659, 284.640014648, 416.016082764, 71.9563064575, 99.9711303711, 19.7001934052, -12.9692687988, 31.881937027, 9.33796024323, -32.0321350098, -6.26736831665, 13.4144897461], [-505.350067139, 255.859786987, 130.01121521, 71.9563064575, 333.244873047, 32.1944885254, 130.476196289, 17.0467185974, 80.7019500732, -30.0146274567, 9.93658638, -14.021941185, 33.9425354004], [408.197937012, -69.1296768188, 86.1125488281, 99.9711303711, 32.1944885254, 195.432723999, 73.4181747437, 50.4439811707, 18.8732337952, 12.9589366913, -3.20598173141, 2.36795330048, -4.50249624252], [-114.237922668, 184.401535034, 88.4044418335, 19.7001934052, 130.476196289, 73.4181747437, 211.237945557, 80.542640686, 54.1654396057, -12.8803606033, 17.0345630646, -4.43735599518, 19.7003555298], [378.083099365, 47.821434021, -70.6666717529, -12.9692687988, 17.0467185974, 50.4439811707, 80.542640686, 145.272201538, 56.2686805725, 12.3558607101, 15.6398277283, 4.1940202713, 8.59268188477], [-16.3582687378, 109.627883911, 33.0289154053, 31.881937027, 80.7019500732, 18.8732337952, 54.1654396057, 56.2686805725, 123.041679382, 32.3273468018, 16.804851532, -2.64451289177, 16.8999595642], [68.2020950317, -83.8586502075, -32.7387962341, 9.33796024323, -30.0146274567, 12.9589366913, -12.8803606033, 12.3558607101, 32.3273468018, 109.200363159, 41.5131950378, 0.0150139201432, -17.901014328], [39.1234474182, 64.5524291992, -42.2275619507, -32.0321350098, 9.93658638, -3.20598173141, 17.0345630646, 15.6398277283, 16.804851532, 41.5131950378, 97.9427871704, 31.2427597046, -0.0950995087624], [-78.478263855, -41.2835922241, 4.92785310745, -6.26736831665, -14.021941185, 2.36795330048, -4.43735599518, 4.1940202713, -2.64451289177, 0.0150139201432, 31.2427597046, 89.866859436, 31.5451087952], [-54.1132202148, 62.976726532, 38.0688972473, 13.4144897461, 33.9425354004, -4.50249624252, 19.7003555298, 8.59268188477, 16.8999595642, -17.901014328, -0.0950995087624, 31.5451087952, 91.4350509644]]}, "erbbands_spread": {"dmean": 7.82077217102, "dvar2": 447.497344971, "mean": 26.0724411011, "var": 370.469604492, "dmean2": 12.4660100937, "dvar": 181.520233154, "min": 0.413633704185, "median": 21.6583156586, "max": 162.823547363}, "erbbands_kurtosis": {"dmean": 3.90669250488, "dvar2": 189.350311279, "mean": 7.77536153793, "var": 261.4034729, "dmean2": 6.01519012451, "dvar": 90.5861434937, "min": -1.89297008514, "median": 3.39622116089, "max": 372.792724609}, "dynamic_complexity": 3.8947968483, "erbbands_crest": {"dmean": 2.67002463341, "dvar2": 15.169503212, "mean": 12.3254041672, "var": 25.2040233612, "dmean2": 4.21016693115, "dvar": 6.29313230515, "min": 2.42311906815, "median": 11.3383779526, "max": 31.501039505}, "erbbands": {"dmean": [0.483264476061, 3.05822706223, 5.13650751114, 8.36264419556, 19.1233768463, 14.2505941391, 8.35086154938, 5.032766819, 4.97242927551, 6.70114612579, 6.2213101387, 5.69846010208, 5.43703603745, 2.87918186188, 1.94037342072, 1.58229124546, 1.08465778828, 2.40783429146, 2.56103682518, 1.2794034481, 0.761111676693, 0.868968844414, 0.904281079769, 0.614088237286, 1.03602468967, 0.812566161156, 0.771181404591, 0.579409480095, 0.806586384773, 0.851556539536, 0.55695015192, 0.360448002815, 0.297946304083, 0.210243761539, 0.0624571628869, 0.0199489686638, 0.00403293035924, 0.000491047394462, 4.78640395158e-05, 2.45956598519e-05], "dvar2": [2.1595454216, 125.404403687, 255.829238892, 692.553344727, 11988.5029297, 2984.00146484, 596.081726074, 329.292388916, 287.829223633, 697.774414062, 965.720397949, 737.89074707, 623.726928711, 375.687255859, 100.795097351, 64.158454895, 32.427028656, 356.96472168, 853.81439209, 198.190719604, 21.6708717346, 52.0069885254, 44.6962013245, 26.7217559814, 87.2579421997, 65.9287872314, 65.401550293, 26.3718757629, 66.880821228, 66.9859161377, 79.6733322144, 12.1713027954, 8.0633687973, 3.90921521187, 0.240970820189, 0.0514673180878, 0.0015259886859, 1.20458862511e-05, 4.91939253777e-08, 4.45674430694e-09], "mean": [0.863419294357, 4.66036272049, 10.0240535736, 14.6246261597, 26.9631061554, 22.0956993103, 19.772233963, 12.7394742966, 12.0391530991, 15.1356744766, 15.2698249817, 14.7191638947, 12.9446048737, 6.26444196701, 3.95982027054, 3.03847503662, 2.08236813545, 4.54788160324, 5.05671977997, 2.74070906639, 1.5414981842, 1.83240127563, 1.88384914398, 1.21715891361, 1.85626208782, 1.40083801746, 1.13501989841, 0.819691061974, 1.16202390194, 1.29385650158, 0.77770781517, 0.520872056484, 0.405670881271, 0.292982846498, 0.0878263115883, 0.0275614485145, 0.0056390943937, 0.000758257694542, 9.58127566264e-05, 6.0328082327e-05], "var": [1.88036882877, 48.6196250916, 147.717437744, 330.854827881, 6573.12841797, 1529.22412109, 1154.15063477, 659.473083496, 519.027038574, 1298.05603027, 2317.99804688, 1623.8067627, 1013.36181641, 424.289031982, 96.5650100708, 77.8594284058, 44.1977005005, 528.85534668, 1368.88171387, 371.274597168, 27.8043861389, 126.557746887, 51.3649635315, 16.6399040222, 92.2079772949, 60.4115600586, 50.5242881775, 42.0509490967, 120.196243286, 110.730171204, 45.6159744263, 14.561674118, 8.87631893158, 5.21389198303, 0.373147428036, 0.0448859296739, 0.00157529907301, 1.45218991747e-05, 4.17257801644e-08, 3.21527049429e-09], "dmean2": [0.779475688934, 5.13813638687, 8.3688583374, 14.2074432373, 29.3876457214, 23.5129547119, 12.502779007, 7.58275127411, 7.49943637848, 9.76634120941, 8.70817375183, 8.05659770966, 7.84601259232, 4.37809419632, 3.00936293602, 2.44440889359, 1.67612361908, 3.63754963875, 3.75222444534, 1.9810552597, 1.21841192245, 1.37043178082, 1.39735603333, 0.975265920162, 1.51563572884, 1.1929847002, 1.15095543861, 0.836855888367, 1.17307090759, 1.23868954182, 0.83583432436, 0.506353914738, 0.433558672667, 0.304675161839, 0.0919942334294, 0.0297819394618, 0.00592807494104, 0.000739738636184, 7.37579975976e-05, 3.98855590902e-05], "dvar": [0.940653443336, 47.488910675, 109.521484375, 240.263473511, 5059.70361328, 1083.95092773, 272.887390137, 133.427963257, 129.453659058, 332.860992432, 549.493286133, 336.831268311, 295.097351074, 146.377868652, 41.6797294617, 27.6416416168, 15.5113391876, 176.130691528, 404.292572021, 88.7865066528, 9.48986148834, 23.4645442963, 19.4922904968, 11.0821695328, 44.221118927, 30.3574371338, 30.5433216095, 16.985332489, 42.6613769531, 37.791015625, 33.0741157532, 6.5470328331, 4.32096910477, 2.15241312981, 0.143187776208, 0.0247416943312, 0.000767958466895, 6.50776337352e-06, 2.291598733e-08, 1.88599535988e-09], "min": [5.19099000846e-22, 1.02596962268e-21, 2.80188820939e-20, 9.86620386481e-20, 7.77595787721e-20, 6.4514226429e-20, 2.25830698683e-19, 4.6827320032e-19, 5.38266328622e-19, 5.1462442104e-19, 5.34025115127e-19, 1.15403131223e-18, 2.47609340576e-18, 4.44925644959e-18, 7.38541757909e-18, 1.06325208639e-17, 6.08812044592e-18, 4.2829319351e-18, 3.90087085865e-18, 5.83267094274e-18, 1.25868483848e-17, 1.2492215614e-17, 1.29422101391e-17, 8.53318858165e-18, 1.4089589058e-17, 1.88445755979e-17, 1.02926621287e-17, 1.72379311136e-17, 1.98889622588e-17, 1.57731133628e-17, 1.726658465e-17, 1.49914673886e-17, 1.42100612968e-17, 1.36033764299e-17, 1.29372950319e-17, 4.52790395505e-18, 3.56385514322e-18, 1.28217192887e-18, 3.12584289804e-19, 3.53366517051e-20], "median": [0.392554551363, 2.96712112427, 6.96568202972, 9.39056777954, 5.91011190414, 8.96662044525, 8.01252365112, 3.93987822533, 4.22582292557, 4.14009141922, 3.45033621788, 3.06005072594, 3.18936610222, 1.32228147984, 1.07841587067, 0.747439086437, 0.367772161961, 0.641192793846, 0.510333776474, 0.530376732349, 0.425319045782, 0.395138680935, 0.362191349268, 0.350668877363, 0.379186093807, 0.222037985921, 0.191725686193, 0.120606221259, 0.116992324591, 0.124878823757, 0.0925181880593, 0.0520186051726, 0.0379014536738, 0.0235650166869, 0.0112601872534, 0.00343482126482, 0.000881301937625, 0.0001924510143, 5.21840811416e-05, 4.62657772005e-05], "max": [13.206911087, 88.7025299072, 135.497039795, 245.748687744, 1069.11352539, 666.278747559, 462.606872559, 362.698638916, 414.141693115, 766.355041504, 1194.04187012, 889.810302734, 778.407226562, 538.531616211, 206.381713867, 248.238601685, 129.532653809, 911.17578125, 1181.41137695, 1005.68890381, 239.193054199, 503.705474854, 224.03427124, 201.931655884, 405.004974365, 383.300872803, 405.993560791, 353.152526855, 549.639099121, 411.846801758, 358.003875732, 143.644638062, 115.039588928, 92.2926559448, 24.9798927307, 12.7254552841, 1.81073796749, 0.179317697883, 0.00543381087482, 0.000465120596346]}, "silence_rate_30dB": {"dmean": 0.0677486583591, "dvar2": 0.133511945605, "mean": 0.897714555264, "var": 0.0918222591281, "dmean2": 0.135507404804, "dvar": 0.0631520599127, "min": 0, "median": 1, "max": 1}, "silence_rate_60dB": {"dmean": 0.00804049987346, "dvar2": 0.0177601054311, "mean": 0.0628303438425, "var": 0.058873783797, "dmean2": 0.0160821974277, "dvar": 0.00797285232693, "min": 0, "median": 0, "max": 1}, "spectral_energyband_middle_low": {"dmean": 0.00817895773798, "dvar2": 0.0011909349123, "mean": 0.0172304846346, "var": 0.000700385833625, "dmean2": 0.0129715017974, "dvar": 0.000480531714857, "min": 2.51322047213e-22, "median": 0.00982397142798, "max": 0.341358304024}, "spectral_spread": {"dmean": 723012.375, "dvar2": 2200639111170.0, "mean": 3917831.25, "var": 2735450619900.0, "dmean2": 1097074.375, "dvar": 1009511563260.0, "min": 940686.6875, "median": 3527641.25, "max": 41710640}, "barkbands": {"dmean": [0.000995703507215, 0.0140782957897, 0.0045037958771, 0.00339777651243, 0.00508883362636, 0.000715540139936, 0.000374320399715, 0.000298254308291, 0.000246483687079, 0.000135512571433, 5.63979410799e-05, 3.60270896635e-05, 3.27470515913e-05, 4.09169006161e-05, 4.81612987642e-05, 1.51461308633e-05, 1.93905289052e-05, 1.56895166583e-05, 1.65611199918e-05, 1.82337225851e-05, 1.63979293575e-05, 2.48733067565e-05, 2.05676915357e-05, 1.70767398231e-05, 1.34851416078e-05, 2.98675286103e-06, 2.22979565478e-07], "dvar2": [1.56903115567e-05, 0.00225851219147, 0.000179507260327, 0.000191585131688, 0.000586552603636, 5.00254100189e-06, 1.85712667644e-06, 1.71303997831e-06, 1.13379348932e-06, 5.1427997505e-07, 9.16310938237e-08, 3.20648219088e-08, 4.45862973208e-08, 1.06098312358e-07, 3.19621477729e-07, 1.65664673091e-08, 2.57498662393e-08, 1.45512641936e-08, 1.9615722379