{"tonal": {"hpcp": {"dvar": [0.0696450397372, 0.0288490261883, 0.0203664693981, 0.0291131194681, 0.0276105292141, 0.0238538067788, 0.0173956844956, 0.0136130545288, 0.0215670634061, 0.0263952873647, 0.0179839283228, 0.0235522463918, 0.024188125506, 0.00873306207359, 0.0125678703189, 0.0237220507115, 0.0169654469937, 0.0158929377794, 0.0152992932126, 0.0176276471466, 0.0306475851685, 0.0539922602475, 0.0210399273783, 0.0144779225811, 0.0117067666724, 0.0193617045879, 0.0215157195926, 0.0208558458835, 0.0272826515138, 0.0256314612925, 0.0103996451944, 0.00802421942353, 0.00719269411638, 0.012032546103, 0.0134579110891, 0.0315823182464], "var": [0.159943059087, 0.0599676780403, 0.025823796168, 0.0301237758249, 0.0381551869214, 0.0390257164836, 0.0581933483481, 0.0214817170054, 0.0265543870628, 0.0586897730827, 0.022834694013, 0.0213584881276, 0.0270465519279, 0.0078747048974, 0.0209469757974, 0.0563307516277, 0.0225312355906, 0.0104784239084, 0.0102633750066, 0.0148408077657, 0.079732298851, 0.178394630551, 0.0536179691553, 0.0148624666035, 0.014052933082, 0.0439329594374, 0.0823024809361, 0.0386930629611, 0.0251628533006, 0.0250734500587, 0.015008228831, 0.00858666747808, 0.00798546615988, 0.0127980690449, 0.0115905208513, 0.0639578476548], "median": [0.299664765596, 0.19247956574, 0.0297446716577, 0.0220463704318, 0.0163574069738, 0.0155576271936, 0.0132424589247, 0.0105780698359, 0.0113037815318, 0.0120207853615, 0.0154938297346, 0.0198003333062, 0.021777767688, 0.0163079295307, 0.0137550421059, 0.0150249879807, 0.0161965154111, 0.00975511409342, 0.00680472096428, 0.025443483144, 0.326333254576, 0.502377986908, 0.240648716688, 0.0113149657845, 0.00800463277847, 0.0117294490337, 0.0105381738394, 0.00994005426764, 0.0113017177209, 0.0126359621063, 0.00995438545942, 0.00706586940214, 0.0111648142338, 0.0131600480527, 0.0184543356299, 0.171391844749], "max": [1, 1, 1, 1, 1, 1, 1, 1, 1, 1, 1, 1, 1, 1, 1, 1, 1, 1, 1, 1, 1, 1, 1, 1, 1, 1, 1, 1, 1, 1, 1, 1, 1, 1, 1, 1], "dmean": [0.220195025206, 0.157128319144, 0.0896135494113, 0.102855466306, 0.0883744955063, 0.0811077803373, 0.0610495097935, 0.057925272733, 0.0771778821945, 0.0825235322118, 0.0691668465734, 0.0706850811839, 0.0713916569948, 0.0470243021846, 0.0598434284329, 0.079043366015, 0.0692839473486, 0.0558104775846, 0.0561254918575, 0.0783099532127, 0.154094651341, 0.162754938006, 0.126620724797, 0.0535157620907, 0.0485788546503, 0.0649423375726, 0.0578769519925, 0.0644221901894, 0.0661007910967, 0.0646601170301, 0.0446003749967, 0.0332755334675, 0.0369802452624, 0.0526988022029, 0.0651457756758, 0.161607921124], "dmean2": [0.383961707354, 0.267803817987, 0.154777660966, 0.180282503366, 0.15351973474, 0.140878692269, 0.112527012825, 0.102042645216, 0.135683223605, 0.139080926776, 0.1194081828, 0.123942613602, 0.124313369393, 0.0839701741934, 0.103387027979, 0.13427400589, 0.122696615756, 0.104513853788, 0.104408018291, 0.141021728516, 0.26048091054, 0.284808754921, 0.216444775462, 0.0954319760203, 0.0863999575377, 0.10663086921, 0.103554263711, 0.106819629669, 0.117729969323, 0.117107570171, 0.0779350250959, 0.0601181983948, 0.0655449107289, 0.0952668786049, 0.118395358324, 0.278010010719], "mean": [0.436961829662, 0.261920928955, 0.0914409980178, 0.0928865298629, 0.0927240625024, 0.0986493676901, 0.100742600858, 0.0659172385931, 0.0828270837665, 0.119518235326, 0.0795607566833, 0.0672890841961, 0.075473152101, 0.0456468462944, 0.0756805166602, 0.119630619884, 0.0814858824015, 0.0408424064517, 0.0397656522691, 0.0692742839456, 0.339202195406, 0.527208685875, 0.265740871429, 0.0505216307938, 0.0472276210785, 0.0941786915064, 0.126349166036, 0.0844927430153, 0.0589893721044, 0.0636481270194, 0.0494341030717, 0.0319722890854, 0.0388743542135, 0.0523458980024, 0.0577986203134, 0.254334539175], "dvar2": [0.173000440001, 0.0735754221678, 0.0531104914844, 0.0797935128212, 0.0671713426709, 0.0652724280953, 0.0506747364998, 0.0369923226535, 0.05904815346, 0.0627974048257, 0.0486117117107, 0.0643008127809, 0.0645265430212, 0.0242279004306, 0.0334197543561, 0.0613657794893, 0.0487861931324, 0.0468486472964, 0.0436741262674, 0.0492355152965, 0.0819585546851, 0.134974762797, 0.0578405633569, 0.0393901467323, 0.0322633385658, 0.0453567057848, 0.060530539602, 0.052413392812, 0.0731554999948, 0.0713801309466, 0.0280602592975, 0.022542335093, 0.0197318866849, 0.0344854481518, 0.0388843491673, 0.083832487464], "min": [0, 0, 0, 0, 0, 0, 0, 0, 0, 0, 0, 0, 0, 0, 0, 0, 0, 0, 0, 0, 0, 0, 0, 0, 0, 0, 0, 0, 0, 0, 0, 0, 0, 0, 0, 0]}, "key_key": "A", "thpcp": [1, 0.504052519798, 0.095828525722, 0.0895805060863, 0.178636461496, 0.239656835794, 0.160264328122, 0.111889988184, 0.120726630092, 0.0937657207251, 0.0606444664299, 0.0737361758947, 0.0992887616158, 0.10963138938, 0.482417196035, 0.828821361065, 0.496806919575, 0.173443645239, 0.176185503602, 0.175877347589, 0.187116354704, 0.191086769104, 0.125030636787, 0.157104924321, 0.226700052619, 0.150909423828, 0.12763273716, 0.143156126142, 0.0865821242332, 0.143549442291, 0.22691321373, 0.15456096828, 0.0774691477418, 0.0754267796874, 0.13139821589, 0.643392682076], "chords_key": "A", "tuning_equal_tempered_deviation": 0.0741933435202, "tuning_frequency": 445.627075195, "tuning_diatonic_strength": 0.5891097188, "chords_histogram": [39.291973114, 0, 3.29477739334, 0, 0.455660700798, 4.03084468842, 1.36698210239, 30.6344203949, 0, 3.43498063087, 0, 0.0350508242846, 0, 0.560813188553, 2.66386270523, 0, 0.525762379169, 0, 0.876270592213, 0.105152472854, 0, 0.385559052229, 1.50718545914, 10.830704689], "key_strength": 0.761294901371, "key_scale": "minor", "chords_strength": {"dvar": 0.000703855592292, "var": 0.0310117807239, "median": 0.554300606251, "max": 0.767024457455, "dmean": 0.00677182199433, "dmean2": 0.00763733219355, "mean": 0.543978154659, "dvar2": 0.00122969178483, "min": -1}, "chords_number_rate": 0.00315457419492, "tuning_nontempered_energy_ratio": 0.658897042274, "hpcp_entropy": {"dvar": 0.212485834956, "var": 0.474927842617, "median": 1.64382040501, "max": 3.92989826202, "dmean": 0.568809509277, "dmean2": 0.960501372814, "mean": 1.63007843494, "dvar2": 0.599315047264, "min": 0}, "chords_changes_rate": 0.0375043824315, "chords_scale": "minor"}, "rhythm": {"bpm_histogram_first_peak_spread": {"dvar": 0, "var": 0, "median": 0.491452991962, "max": 0.491452991962, "dmean": 0, "dmean2": 0, "mean": 0.491452991962, "dvar2": 0, "min": 0.491452991962}, "bpm_histogram_first_peak_weight": {"dvar": 0, "var": 0, "median": 0.483739823103, "max": 0.483739823103, "dmean": 0, "dmean2": 0, "mean": 0.483739823103, "dvar2": 0, "min": 0.483739823103}, "bpm_histogram_first_peak_bpm": {"dvar": 0, "var": 0, "median": 112, "max": 112, "dmean": 0, "dmean2": 0, "mean": 112, "dvar2": 0, "min": 112}, "bpm": 112.568519592, "bpm_histogram_second_peak_weight": {"dvar": 0, "var": 0, "median": 0.0284552853554, "max": 0.0284552853554, "dmean": 0, "dmean2": 0, "mean": 0.0284552853554, "dvar2": 0, "min": 0.0284552853554}, "beats_loudness": {"dvar": 8.75155819813e-05, "var": 0.000470981991384, "median": 0.0367258936167, "max": 0.0786627605557, "dmean": 0.00940761528909, "dmean2": 0.0161032006145, "mean": 0.0331472940743, "dvar2": 0.000268860254437, "min": 0}, "beats_loudness_band_ratio": {"dvar": [0.0160456988961, 0.0217243097723, 0.0232802014798, 0.0256656873971, 7.10601598257e-05, 0.00181729474571], "var": [0.0468113720417, 0.036959156394, 0.0453897863626, 0.0560889095068, 0.000179225389729, 0.000942313286941], "median": [0.119284644723, 0.236088320613, 0.264207571745, 0.208987161517, 0.0126346135512, 0.0034296689555], "max": [0.940035164356, 0.860301017761, 0.86060076952, 0.901841580868, 0.0699672996998, 0.481332838535], "dmean": [0.113798156381, 0.173968777061, 0.146016716957, 0.142216280103, 0.00778951775283, 0.00634277053177], "dmean2": [0.194251000881, 0.298963397741, 0.264619588852, 0.251471430063, 0.013660271652, 0.0121343554929], "mean": [0.202924609184, 0.267235636711, 0.280083864927, 0.256613492966, 0.0157650094479, 0.00693122297525], "dvar2": [0.0479421876371, 0.060607444495, 0.0735468715429, 0.083014190197, 0.000201251372346, 0.00544768245891], "min": [0, 0, 0, 0, 0, 0]}, "bpm_histogram_second_peak_bpm": {"dvar": 0, "var": 0, "median": 117, "max": 117, "dmean": 0, "dmean2": 0, "mean": 117, "dvar2": 0, "min": 117}, "onset_rate": 2.92973875999, "beats_count": 247, "beats_position": [0.545668900013, 1.10294783115, 1.66022670269, 2.21750569344, 2.76317453384, 3.32045340538, 3.86612248421, 4.42340135574, 4.98067998886, 5.52634906769, 6.07201814651, 6.6176867485, 7.16335582733, 7.70902490616, 8.25469398499, 8.80036258698, 9.33442115784, 9.85687065125, 10.379319191, 10.8901586533, 11.412607193, 11.9582767487, 12.4923353195, 13.0031747818, 13.5256233215, 14.0596818924, 14.5937414169, 15.1161899567, 15.6502494812, 16.1843090057, 16.7183666229, 17.2524261475, 17.786485672, 18.3205432892, 18.8546028137, 19.3770523071, 19.8994998932, 20.4335594177, 20.9676189423, 21.4900684357, 22.0125160217, 22.5465755463, 23.0806350708, 23.6030826569, 24.1371421814, 24.6712017059, 25.2052612305, 25.7160987854, 26.2385482788, 26.7726078033, 27.3066654205, 27.8407249451, 28.3631744385, 28.8856239319, 29.3964614868, 29.9421310425, 30.4878005981, 31.0334682465, 31.5559177399, 32.0783653259, 32.6124267578, 33.1348762512, 33.6689338684, 34.2029914856, 34.7370529175, 35.2711105347, 35.8051681519, 36.3276176453, 36.8500671387, 37.3841247559, 37.9181861877, 38.4406356812, 38.9746932983, 39.4971427917, 40.0195922852, 40.5420417786, 41.0760993958, 41.5985488892, 42.1558265686, 42.7014961243, 43.2355537415, 43.7696151733, 44.3036727905, 44.8377304077, 45.3950119019, 45.9522895813, 46.4863471985, 47.0204086304, 47.5544662476, 48.076915741, 48.5993652344, 49.14503479, 49.6674804688, 50.2015419006, 50.723991394, 51.234828949, 51.7572784424, 52.2913360596, 52.8253974915, 53.3594551086, 53.8935127258, 54.4275741577, 54.9616317749, 55.4840812683, 56.0181388855, 56.5522003174, 57.0746459961, 57.608707428, 58.1427650452, 58.6768226624, 59.2108840942, 59.7449417114, 60.2557830811, 60.7782287598, 61.3006782532, 61.8347396851, 62.3687973022, 62.9028549194, 63.4369163513, 63.9709739685, 64.5050354004, 65.0390930176, 65.5731506348, 66.107208252, 66.6412658691, 67.1637191772, 67.686164856, 68.2202224731, 68.7542877197, 69.2883453369, 69.8224029541, 70.3448486328, 70.8905181885, 71.4245758057, 71.9470291138, 72.4694747925, 73.0035324097, 73.5259857178, 74.060043335, 74.5824966431, 75.1165542603, 75.638999939, 76.1614532471, 76.6955108643, 77.2295684814, 77.7520141602, 78.2976837158, 78.8433532715, 79.3890228271, 79.9114761353, 80.433921814, 80.9679794312, 81.5020370483, 82.0360946655, 82.5701599121, 83.1042175293, 83.6150588989, 84.1491165161, 84.6831741333, 85.205619812, 85.7512893677, 86.2853469849, 86.8194122314, 87.3534698486, 87.8875274658, 88.421585083, 88.9556427002, 89.4897003174, 90.035369873, 90.5694351196, 91.1150970459, 91.6491622925, 92.1948318481, 92.7521057129, 93.309387207, 93.8318328857, 94.3658905029, 94.9115600586, 95.4572296143, 95.9912872314, 96.525352478, 97.0477981567, 97.5702438354, 98.104309082, 98.6383666992, 99.1840362549, 99.7297058105, 100.263763428, 100.786209106, 101.308662415, 101.831108093, 102.353561401, 102.887619019, 103.421676636, 103.967346191, 104.513015747, 105.047073364, 105.569519043, 106.091972351, 106.61441803, 107.160087585, 107.694145203, 108.22820282, 108.750656128, 109.284713745, 109.818771362, 110.34122467, 110.863670349, 111.386123657, 111.920181274, 112.454238892, 112.97668457, 113.499137878, 114.033195496, 114.567253113, 115.089706421, 115.6121521, 116.146209717, 116.680267334, 117.202720642, 117.725166321, 118.247619629, 118.770065308, 119.292518616, 119.838180542, 120.372245789, 120.906303406, 121.428749084, 121.951202393, 122.473648071, 122.99609375, 123.530158997, 124.064216614, 124.598274231, 125.132331848, 125.666389465, 126.200454712, 126.734512329, 127.268569946, 127.802627563, 128.336685181, 128.882354736, 129.451248169, 130.020126343, 130.589019775, 131.169525146, 131.750015259], "danceability": 0.924094557762, "bpm_histogram_second_peak_spread": {"dvar": 0, "var": 0, "median": 0, "max": 0, "dmean": 0, "dmean2": 0, "mean": 0, "dvar2": 0, "min": 0}}, "lowlevel": {"spectral_flux": {"dvar": 0.000411100190831, "var": 0.00145130988676, "median": 0.0741559714079, "max": 0.216408014297, "dmean": 0.0197317618877, "dmean2": 0.033454567194, "mean": 0.0702404007316, "dvar2": 0.00110951508395, "min": 6.41881964247e-11}, "spectral_rolloff": {"dvar": 140332.84375, "var": 7445455, "median": 882.861328125, "max": 21683.9355469, "dmean": 83.6814498901, "dmean2": 151.440628052, "mean": 1176.22607422, "dvar2": 264604.1875, "min": 107.666015625}, "barkbands_flatness_db": {"dvar": 0.000661388912704, "var": 0.00516272662207, "median": 0.210239976645, "max": 0.522463202477, "dmean": 0.0243163257837, "dmean2": 0.0370867885649, "mean": 0.232966527343, "dvar2": 0.00153431796934, "min": 0.0443813316524}, "spectral_centroid": {"dvar": 26976.7773438, "var": 1541150.375, "median": 798.69934082, "max": 11789.2460938, "dmean": 89.5394058228, "dmean2": 142.864303589, "mean": 890.94708252, "dvar2": 49644.6289062, "min": 188.407562256}, "melbands_skewness": {"dvar": 0.395325064659, "var": 2.43693852425, "median": 0.523311555386, "max": 12.0690069199, "dmean": 0.584433853626, "dmean2": 0.889721572399, "mean": 0.805036842823, "dvar2": 0.903183281422, "min": -4.3289475441}, "melbands": {"dvar": [2.08703543336e-08, 8.47210941401e-08, 6.55802594451e-08, 7.95016319444e-07, 2.91440244382e-07, 1.27562600483e-07, 1.24981681893e-07, 7.60893215102e-08, 1.83428625178e-07, 7.11637824224e-07, 1.47578758103e-08, 8.36764286305e-07, 5.57342048069e-07, 8.42222735997e-09, 5.60235280389e-09, 1.19606777815e-08, 4.01032540509e-10, 1.14529809248e-10, 7.28075794099e-11, 4.544975854e-11, 3.58573934434e-11, 3.23991562745e-11, 1.78809633766e-10, 6.34877081462e-11, 1.15842361745e-11, 9.77076666103e-12, 2.09192450688e-12, 3.04537623418e-12, 5.12001628161e-13, 5.41983958527e-14, 2.50064116007e-14, 1.30956867122e-14, 6.49136997546e-15, 6.33540071668e-15, 1.04317689401e-14, 4.17574241041e-15, 3.49652172484e-15, 1.42172817894e-15, 2.45675617131e-15, 1.02576155781e-15], "var": [2.04370778079e-07, 4.21753412638e-07, 1.00489330634e-07, 1.11307622319e-06, 5.22024436123e-07, 3.96196327301e-07, 1.78799766104e-07, 3.07529546717e-07, 6.81958226778e-07, 2.55436611951e-06, 5.14589082456e-08, 2.30626710618e-06, 2.63271408585e-06, 2.52153693481e-08, 1.02022763571e-08, 2.07723758194e-08, 1.03812780594e-09, 2.29369453986e-10, 1.62084748401e-10, 9.46573444627e-11, 8.763406667e-11, 8.80372996725e-11, 2.91660501306e-10, 1.2940998273e-10, 2.88003874221e-11, 2.78611161919e-11, 7.02870530875e-12, 1.02680849934e-11, 2.00681398582e-12, 1.53649960593e-13, 6.70510738945e-14, 4.19652953067e-14, 2.14296540447e-14, 2.11357641052e-14, 2.44885068576e-14, 6.23738333457e-15, 4.89871086539e-15, 2.30270035997e-15, 3.93093294799e-15, 2.04917365797e-15], "median": [0.000245008355705, 0.000550607743207, 0.000196347202291, 0.000273050944088, 0.000350924383383, 0.000214746512938, 0.000108421583718, 0.000120455399156, 0.000423582445364, 0.000296753627481, 0.000144779711263, 0.00077544443775, 6.32798182778e-05, 2.15118361666e-05, 2.35394909396e-05, 1.61042189575e-05, 8.77086586115e-06, 7.4936888268e-06, 6.87724332238e-06, 5.50567619939e-06, 4.13385805587e-06, 4.16321108787e-06, 5.36552943231e-06, 2.39955761572e-06, 2.17161505134e-06, 1.3615356238e-06, 8.02557622137e-07, 6.50704123473e-07, 3.99974112497e-07, 1.48519063714e-07, 1.96260657503e-07, 1.30448682967e-07, 6.59321273133e-08, 6.71456774626e-08, 5.46495009246e-08, 3.36173826554e-08, 2.93569488719e-08, 1.71231633317e-08, 1.54264014895e-08, 9.8311918606e-09], "max": [0.00235934508964, 0.00349530065432, 0.00472435448319, 0.0134372366592, 0.00882129184902, 0.00578129012138, 0.00778594752774, 0.0065372637473, 0.00623531080782, 0.0128049133345, 0.00171989807859, 0.0101654706523, 0.0120218899101, 0.00213546655141, 0.00334470206872, 0.00263516465202, 0.000636081560515, 0.000176087371074, 0.000195067434106, 0.000123526493553, 0.000140821590321, 0.000155622488819, 0.000229245299124, 0.000105317296402, 4.42134441982e-05, 8.96520505194e-05, 4.27322192991e-05, 6.64323815727e-05, 2.3794505978e-05, 3.64743891623e-06, 2.18883656089e-06, 1.85982582934e-06, 1.47451055454e-06, 1.72859120084e-06, 2.32115530707e-06, 1.4994503772e-06, 2.03801596399e-06, 7.70715473664e-07, 1.46311845128e-06, 7.20160414858e-07], "dmean": [0.000103597980342, 0.000250816054177, 0.000166598183569, 0.000483583396999, 0.000337562174536, 0.000241012749029, 0.000185685697943, 0.000156514812261, 0.000302640808513, 0.000503066752572, 8.99581646081e-05, 0.000679670018144, 0.00018885442114, 3.65297819371e-05, 2.92637378152e-05, 4.19144816988e-05, 1.08468293547e-05, 6.92206640451e-06, 5.35688559467e-06, 4.07342577091e-06, 3.28894793711e-06, 3.35198069479e-06, 6.87189140081e-06, 3.63096978617e-06, 2.07347829928e-06, 1.62080164046e-06, 6.85376392084e-07, 6.85440113557e-07, 3.32678069981e-07, 1.42778489476e-07, 1.09004467674e-07, 7.57370486326e-08, 4.92542291397e-08, 4.28352571191e-08, 4.5059405096e-08, 2.69452424817e-08, 2.2506251085e-08, 1.53314392293e-08, 1.82310344599e-08, 1.18595382403e-08], "dmean2": [0.000146502323332, 0.000390727625927, 0.000273101148196, 0.000814911210909, 0.000545346003491, 0.000387349107768, 0.000317692931276, 0.000236449224758, 0.000425949547207, 0.000678557378706, 0.000133215435199, 0.000948885513935, 0.000298431725241, 5.84598965361e-05, 4.67072313768e-05, 6.87943174853e-05, 1.773524491e-05, 1.14239701361e-05, 8.7454691311e-06, 6.7821229095e-06, 5.45992406842e-06, 5.58473857382e-06, 1.18307689263e-05, 6.18584772383e-06, 3.5155412661e-06, 2.74403237199e-06, 1.12196255486e-06, 1.10717462576e-06, 5.5678009403e-07, 2.38641462147e-07, 1.8274414515e-07, 1.26195686789e-07, 8.139730312e-08, 7.08293086404e-08, 7.47069961449e-08, 4.40077023711e-08, 3.65893555454e-08, 2.48788261104e-08, 3.03090139653e-08, 1.90918996168e-08], "mean": [0.000429134786827, 0.000705384532921, 0.000283164175926, 0.000646484608296, 0.000591546413489, 0.000444516568677, 0.000261370179942, 0.000323084066622, 0.000684153637849, 0.00100828253198, 0.000205820586416, 0.00127240247093, 0.000464159791591, 6.34550378891e-05, 5.35447834409e-05, 6.8114597525e-05, 1.89619586308e-05, 1.19320629892e-05, 1.00417064459e-05, 7.88254601503e-06, 6.34697062196e-06, 6.69722157909e-06, 1.09455968413e-05, 6.46714897812e-06, 4.17980754719e-06, 3.32778699885e-06, 1.55027862547e-06, 1.47378057136e-06, 7.6887187106e-07, 3.23658298385e-07, 2.46723203645e-07, 1.8123863299e-07, 1.18422875062e-07, 1.06195592764e-07, 9.66972919514e-08, 5.4620137746e-08, 4.59170266254e-08, 3.0553284347e-08, 3.33747038894e-08, 2.22050360321e-08], "dvar2": [4.03069329025e-08, 2.16669661768e-07, 1.63394503261e-07, 2.13760836232e-06, 7.55452617796e-07, 3.02694928678e-07, 3.54610875775e-07, 1.50894592821e-07, 3.69216479612e-07, 1.30498483486e-06, 3.39279324635e-08, 1.62986827945e-06, 1.38675579819e-06, 1.96890663773e-08, 1.33629631804e-08, 3.27968763258e-08, 9.94269000465e-10, 2.97706109764e-10, 1.71572284158e-10, 1.17812426481e-10, 9.67441474153e-11, 8.8839227641e-11, 5.16641729398e-10, 1.79409098688e-10, 3.23506429978e-11, 2.60893494308e-11, 5.24884215952e-12, 7.42159372152e-12, 1.30429879137e-12, 1.42246959112e-13, 6.80020072912e-14, 3.58379911034e-14, 1.74491955038e-14, 1.72981068488e-14, 2.77659602396e-14, 1.09188510013e-14, 9.33992314235e-15, 3.60695173951e-15, 6.60445988534e-15, 2.63617405493e-15], "min": [7.41671788213e-25, 1.27984063567e-24, 1.05205310498e-24, 1.60433127207e-24, 9.26425723925e-25, 1.02240219014e-24, 1.86876158902e-24, 1.44100136873e-24, 2.30394222941e-24, 1.58030345636e-24, 1.56856707964e-24, 2.49244626195e-24, 1.77662164921e-24, 2.05998383902e-24, 2.52391865663e-24, 2.92267818067e-24, 3.37327691024e-24, 2.19595407402e-24, 4.39101239647e-24, 3.83096256896e-24, 2.95323648277e-24, 4.52145054715e-24, 3.08367128079e-24, 3.85512103976e-24, 2.55624913475e-24, 3.6768077096e-24, 3.86795225681e-24, 3.66814601686e-24, 5.15612858845e-24, 5.92609588056e-24, 3.43235864774e-24, 4.24124281488e-24, 5.33541892283e-24, 5.15810350172e-24, 5.32533018072e-24, 5.75925810999e-24, 5.57322656474e-24, 6.42506696919e-24, 5.95052690279e-24, 6.2968396012e-24]}, "spectral_decrease": {"dvar": 2.93690311051e-18, "var": 2.53560586619e-17, "median": -8.41294411913e-09, "max": 9.59244907491e-16, "dmean": 1.53696277927e-09, "dmean2": 2.36722574876e-09, "mean": -7.54870299602e-09, "dvar2": 7.04349420109e-18, "min": -2.37117134816e-08}, "barkbands_kurtosis": {"dvar": 121.721420288, "var": 454.546020508, "median": 2.5085978508, "max": 427.324951172, "dmean": 4.13659524918, "dmean2": 6.39243555069, "mean": 7.97865962982, "dvar2": 248.645187378, "min": -1.94967901707}, "silence_rate_30dB": {"dvar": 0, "var": 0, "median": 1, "max": 1, "dmean": 0, "dmean2": 0, "mean": 1, "dvar2": 0, "min": 1}, "gfcc": {"mean": [-104.887779236, 150.385757446, -116.426719666, -1.84541153908, -55.5450935364, -4.76912403107, -21.8556156158, 6.12613153458, -22.0375919342, -12.3174886703, -11.8304071426, -2.89443016052, -4.04878854752], "cov": [[37991.78125, 2888.06689453, -5983.74560547, 288.258056641, -1516.32836914, 1028.88586426, 599.852722168, 1465.36669922, -87.9047164917, -72.131439209, 111.227844238, 341.253082275, 301.300170898], [2888.06689453, 1201.5994873, -168.395965576, -200.304290771, 13.540646553, -77.3775558472, -27.7300624847, -86.5219802856, -50.4500083923, -97.8899230957, -25.0302581787, 4.23605632782, 49.7488327026], [-5983.74560547, -168.395965576, 1501.85791016, 40.8583374023, 198.708602905, -239.05178833, -256.988952637, -325.146759033, -36.9126777649, 21.2004032135, -62.4772148132, -44.1287651062, -67.8177490234], [288.258056641, -200.304290771, 40.8583374023, 290.926330566, -60.8570556641, 22.7419033051, -0.92808163166, 60.3228874207, 16.421869278, 77.8218460083, 17.5015144348, 5.00821352005, -6.55135297775], [-1516.32836914, 13.540646553, 198.708602905, -60.8570556641, 279.403198242, 36.1000366211, 67.2077713013, -44.5643539429, -32.4989891052, -70.3440856934, -10.7330055237, 31.6065921783, 42.5039825439], [1028.88586426, -77.3775558472, -239.05178833, 22.7419033051, 36.1000366211, 196.102554321, 137.939666748, 110.682380676, 12.694644928, -22.0223369598, 29.4173679352, 51.7246513367, 38.2224388123], [599.852722168, -27.7300624847, -256.988952637, -0.92808163166, 67.2077713013, 137.939666748, 251.710281372, 147.493591309, 25.3532905579, -46.1655921936, 62.1222648621, 85.4868011475, 81.8541259766], [1465.36669922, -86.5219802856, -325.146759033, 60.3228874207, -44.5643539429, 110.682380676, 147.493591309, 229.122085571, 73.3400039673, 23.6514339447, 35.3339042664, 45.9176139832, 37.3438606262], [-87.9047164917, -50.4500083923, -36.9126777649, 16.421869278, -32.4989891052, 12.694644928, 25.3532905579, 73.3400039673, 149.975753784, 96.6204605103, 22.8789615631, -32.622467041, -14.0199041367], [-72.131439209, -97.8899230957, 21.2004032135, 77.8218460083, -70.3440856934, -22.0223369598, -46.1655921936, 23.6514339447, 96.6204605103, 174.173355103, 42.7460441589, -56.4574623108, -49.0595207214], [111.227844238, -25.0302581787, -62.4772148132, 17.5015144348, -10.7330055237, 29.4173679352, 62.1222648621, 35.3339042664, 22.8789615631, 42.7460441589, 111.639442444, 51.5950088501, 16.2181510925], [341.253082275, 4.23605632782, -44.1287651062, 5.00821352005, 31.6065921783, 51.7246513367, 85.4868011475, 45.9176139832, -32.622467041, -56.4574623108, 51.5950088501, 131.087509155, 76.7986755371], [301.300170898, 49.7488327026, -67.8177490234, -6.55135297775, 42.5039825439, 38.2224388123, 81.8541259766, 37.3438606262, -14.0199041367, -49.0595207214, 16.2181510925, 76.7986755371, 102.045555115]], "icov": [[0.000493848812766, -0.00132884446066, 0.00129767297767, -0.000689622596838, 0.00138062750921, -0.00179661833681, 0.0015016264515, -0.00176349654794, 0.0014204691397, -0.000783806201071, 0.000904702988919, -0.00116052979138, 9.45232604863e-05], [-0.00132884446066, 0.00464086420834, -0.00322791538201, 0.00231847423129, -0.00373068219051, 0.00533954938874, -0.00386643246748, 0.00515309674665, -0.00397342536598, 0.0024964378681, -0.00259027886204, 0.00334498146549, -0.00101724918932], [0.00129767297767, -0.00322791538201, 0.00493460055441, -0.00249602738768, 0.0023370704148, -0.00353492097929, 0.00441081868485, -0.00286719738506, 0.00260376697406, -0.00207067304291, 0.00297632883303, -0.00460501201451, 0.00107805454172], [-0.000689622596838, 0.00231847423129, -0.00249602738768, 0.00621175207198, -0.00088634446729, 0.00179782963824, -0.00215381360613, 0.00046559504699, 0.000631352246273, -0.00237620971166, -0.00032505884883, 0.00127312878612, -0.00106322485954], [0.00138062750921, -0.00373068219051, 0.0023370704148, -0.00088634446729, 0.0100838262588, -0.00672821747139, 0.00120557728224, -0.0033417174127, 0.00444206269458, -0.00183190591633, 0.00342289521359, -0.00235797511414, -0.00122533203103], [-0.00179661833681, 0.00533954938874, -0.00353492097929, 0.00179782963824, -0.00672821747139, 0.0166762582958, -0.00891283899546, 0.00544162094593, -0.00514823757112, 0.00266149546951, -0.00218747998588, 0.00197305018082, 0.00161679054145], [0.0015016264515, -0.00386643246748, 0.00441081868485, -0.00215381360613, 0.00120557728224, -0.00891283899546, 0.0189310405403, -0.0112807070836, 0.00240181642585, 0.00290361675434, -0.00453343056142, -0.000916974619031, -0.00483988597989], [-0.00176349654794, 0.00515309674665, -0.00286719738506, 0.00046559504699, -0.0033417174127, 0.00544162094593, -0.0112807070836, 0.0203564483672, -0.0105739282444, 0.00164186104666, 0.00107670691796, -0.00102190882899, 0.00170644873288], [0.0014204691397, -0.00397342536598, 0.00260376697406, 0.000631352246273, 0.00444206269458, -0.00514823757112, 0.00240181642585, -0.0105739282444, 0.0193729959428, -0.0109934480861, 0.00323354708962, 0.000238647859078, -0.00178201473318], [-0.000783806201071, 0.0024964378681, -0.00207067304291, -0.00237620971166, -0.00183190591633, 0.00266149546951, 0.00290361675434, 0.00164186104666, -0.0109934480861, 0.0202807039022, -0.012227261439, 0.00935120042413, -0.00044983252883], [0.000904702988919, -0.00259027886204, 0.00297632883303, -0.00032505884883, 0.00342289521359, -0.00218747998588, -0.00453343056142, 0.00107670691796, 0.00323354708962, -0.012227261439, 0.0225466806442, -0.0153078660369, 0.00568784261122], [-0.00116052979138, 0.00334498146549, -0.00460501201451, 0.00127312878612, -0.00235797511414, 0.00197305018082, -0.000916974619031, -0.00102190882899, 0.000238647859078, 0.00935120042413, -0.0153078660369, 0.0279431324452, -0.0138986185193], [9.45232604863e-05, -0.00101724918932, 0.00107805454172, -0.00106322485954, -0.00122533203103, 0.00161679054145, -0.00483988597989, 0.00170644873288, -0.00178201473318, -0.00044983252883, 0.00568784261122, -0.0138986185193, 0.0229220446199]]}, "silence_rate_20dB": {"dvar": 0, "var": 0, "median": 1, "max": 1, "dmean": 0, "dmean2": 0, "mean": 1, "dvar2": 0, "min": 1}, "barkbands_skewness": {"dvar": 0.391595065594, "var": 3.32364559174, "median": 0.408925175667, "max": 12.6223745346, "dmean": 0.561463832855, "dmean2": 0.8512789011, "mean": 0.622557520866, "dvar2": 0.839020729065, "min": -18.8188934326}, "erbbands_skewness": {"dvar": 0.322224140167, "var": 1.29784941673, "median": 1.08323740959, "max": 8.4384355545, "dmean": 0.538975000381, "dmean2": 0.853155791759, "mean": 1.06908655167, "dvar2": 0.789426028728, "min": -4.08537626266}, "spectral_contrast_valleys": {"dvar": [0.132788032293, 0.136554419994, 0.131534472108, 0.13524594903, 0.186806455255, 0.166526064277], "var": [7.45583534241, 7.73970985413, 7.60604476929, 7.3380613327, 7.11432027817, 4.89673519135], "median": [-7.44582986832, -6.36458015442, -7.09162139893, -7.74796390533, -8.36479568481, -11.6503276825], "max": [-5.97659778595, -4.82608032227, -5.2144317627, -6.42753219604, -6.9792599678, -9.54911422729], "dmean": [0.399537354708, 0.389514476061, 0.36018127203, 0.322903901339, 0.311757832766, 0.333639860153], "dmean2": [0.669056713581, 0.633259773254, 0.583950579166, 0.514125704765, 0.489920347929, 0.503613650799], "mean": [-8.10798454285, -7.02150440216, -7.84808349609, -8.66469573975, -9.11591148376, -12.2229671478], "dvar2": [0.325609624386, 0.316987752914, 0.304711222649, 0.300560891628, 0.418947577477, 0.356915712357], "min": [-28.1073570251, -28.1172122955, -27.609041214, -27.645942688, -27.5592880249, -27.3923969269]}, "spectral_strongpeak": {"dvar": 1.28944683075, "var": 4.94396734238, "median": 2.41357374191, "max": 11.4421472549, "dmean": 0.959323227406, "dmean2": 1.53282773495, "mean": 2.57793927193, "dvar2": 2.99974679947, "min": 0}, "erbbands_crest": {"dvar": 12.1447582245, "var": 47.4432754517, "median": 16.7394962311, "max": 33.7424545288, "dmean": 4.131919384, "dmean2": 6.54500055313, "mean": 17.5757751465, "dvar2": 29.2064208984, "min": 2.71014332771}, "barkbands_crest": {"dvar": 5.7198433876, "var": 21.0046081543, "median": 11.3956890106, "max": 26.5630817413, "dmean": 2.83421707153, "dmean2": 4.5496969223, "mean": 12.2003803253, "dvar2": 14.5833482742, "min": 3.75249814987}, "spectral_energyband_middle_low": {"dvar": 3.87521758967e-05, "var": 0.000184330376214, "median": 0.0141794672236, "max": 0.0839749127626, "dmean": 0.00514749996364, "dmean2": 0.00757673894987, "mean": 0.0157539341599, "dvar2": 8.25365132187e-05, "min": 1.34954574998e-22}, "spectral_contrast_coeffs": {"dvar": [0.00179154472426, 0.00148708513007, 0.00113641645294, 0.000510970829055, 0.000378318072762, 0.00027844341821], "var": [0.00862908083946, 0.00569679355249, 0.0137438476086, 0.00357903447002, 0.00397464074194, 0.0025898120366], "median": [-0.631073474884, -0.722300052643, -0.650835394859, -0.796469330788, -0.779247939587, -0.772545695305], "max": [-0.302752554417, -0.459831476212, -0.396458178759, -0.598540008068, -0.599842131138, -0.654120445251], "dmean": [0.0518711172044, 0.0480656661093, 0.0407749973238, 0.0272125639021, 0.0217792149633, 0.0179292429239], "dmean2": [0.085427172482, 0.0791892930865, 0.065342374146, 0.0454217419028, 0.0359411165118, 0.0287774261087], "mean": [-0.625934302807, -0.726407289505, -0.681875109673, -0.802488088608, -0.789520561695, -0.786489009857], "dvar2": [0.00477989530191, 0.00407177535817, 0.00285587552935, 0.00138468877412, 0.00100006780121, 0.000683512305841], "min": [-0.977638542652, -0.97785282135, -0.975440919399, -0.975097417831, -0.970653772354, -0.966089725494]}, "hfc": {"dvar": 32.9486732483, "var": 238.908676147, "median": 21.9772491455, "max": 78.8476638794, "dmean": 4.45700025558, "dmean2": 6.77067279816, "mean": 20.5499076843, "dvar2": 78.414024353, "min": 1.08831623798e-16}, "spectral_energyband_high": {"dvar": 1.38970202013e-09, "var": 7.15268644313e-09, "median": 4.14486567024e-05, "max": 0.00144571159035, "dmean": 1.8838671167e-05, "dmean2": 2.98480845231e-05, "mean": 6.02361724305e-05, "dvar2": 3.36528982459e-09, "min": 7.07445007196e-21}, "erbbands_spread": {"dvar": 15.2496919632, "var": 73.0637512207, "median": 9.94424819946, "max": 137.274368286, "dmean": 3.64584565163, "dmean2": 5.61968851089, "mean": 11.6827373505, "dvar2": 36.0075912476, "min": 0.703731358051}, "dissonance": {"dvar": 0.00167119712569, "var": 0.00297175417654, "median": 0.423537254333, "max": 0.49998319149, "dmean": 0.0435766726732, "dmean2": 0.0735264569521, "mean": 0.415625661612, "dvar2": 0.004715829622, "min": 0.158835589886}, "spectral_kurtosis": {"dvar": 117.784477234, "var": 310.179901123, "median": 12.1623163223, "max": 140.540908813, "dmean": 8.2212934494, "dmean2": 13.7951936722, "mean": 19.4185333252, "dvar2": 296.254333496, "min": -1.31437325478}, "spectral_skewness": {"dvar": 0.508125662804, "var": 1.93940162659, "median": 2.53704595566, "max": 9.85989379883, "dmean": 0.6023914814, "dmean2": 1.01054632664, "mean": 3.00433778763, "dvar2": 1.30285644531, "min": -0.0833460018039}, "pitch_salience": {"dvar": 0.00442485837266, "var": 0.0165075995028, "median": 0.530049800873, "max": 0.861043572426, "dmean": 0.0737781375647, "dmean2": 0.118863858283, "mean": 0.517150402069, "dvar2": 0.0110041070729, "min": 0.0721725970507}, "spectral_complexity": {"dvar": 3.27608203888, "var": 54.5955734253, "median": 16, "max": 31, "dmean": 1.90741717815, "dmean2": 3.14556288719, "mean": 13.4770336151, "dvar2": 8.81552410126, "min": 0}, "spectral_spread": {"dvar": 599805198336, "var": 21586379800600.0, "median": 2520611, "max": 50756164, "dmean": 377113.78125, "dmean2": 610450.25, "mean": 3028042.75, "dvar2": 1407697420290.0, "min": 740634.875}, "dynamic_complexity": 5.23233747482, "melbands_crest": {"dvar": 8.25247383118, "var": 32.2728805542, "median": 12.6545543671, "max": 34.5652236938, "dmean": 3.32232284546, "dmean2": 5.32545614243, "mean": 13.8126106262, "dvar2": 20.7648887634, "min": 1.62672257423}, "zerocrossingrate": {"dvar": 6.40229991404e-05, "var": 0.00561822392046, "median": 0.03564453125, "max": 0.87841796875, "dmean": 0.00320871756412, "dmean2": 0.00414199847728, "mean": 0.0435822680593, "dvar2": 5.76715610805e-05, "min": 0.005859375}, "spectral_energyband_low": {"dvar": 1.22790686419e-06, "var": 7.31227282813e-06, "median": 0.0025177532807, "max": 0.0152868600562, "dmean": 0.000961680489127, "dmean2": 0.00148750748485, "mean": 0.00308567355387, "dvar2": 3.09315441882e-06, "min": 1.66955484391e-23}, "melbands_kurtosis": {"dvar": 144.514801025, "var": 350.817626953, "median": 1.60895633698, "max": 309.769165039, "dmean": 4.35849189758, "dmean2": 6.91738033295, "mean": 6.81258630753, "dvar2": 332.110900879, "min": -1.7747194767}, "spectral_energyband_middle_high": {"dvar": 4.40037583758e-05, "var": 0.000170790866832, "median": 0.00854989979416, "max": 0.0770897939801, "dmean": 0.00483789015561, "dmean2": 0.00694530876353, "mean": 0.0117975380272, "dvar2": 9.66427614912e-05, "min": 1.14171573755e-21}, "barkbands_spread": {"dvar": 9.67831325531, "var": 55.8837547302, "median": 7.79620361328, "max": 134.449859619, "dmean": 1.88637900352, "dmean2": 2.88317704201, "mean": 8.43358039856, "dvar2": 21.3560409546, "min": 0.219056606293}, "mfcc": {"mean": [-734.836364746, 181.649185181, -3.99352359772, 10.8154668808, -11.1412534714, -8.99581813812, 0.736985981464, 7.58508062363, -0.16769734025, -0.856393873692, -4.82524108887, -5.08357048035, -5.43556690216], "cov": [[18258.0078125, 2159.38623047, -3140.29223633, -148.470092773, -950.592346191, -333.112518311, 467.501312256, 1039.78930664, 504.739318848, 591.158081055, 466.158782959, 218.015975952, -111.006210327], [2159.38623047, 1870.81933594, -114.625282288, -86.9200286865, -27.8369617462, -21.814491272, 42.3722763062, 131.184753418, 64.6829452515, -62.6047897339, -77.6292877197, -8.44966983795, 16.5747776031], [-3140.29223633, -114.625282288, 1056.95776367, 150.142913818, 217.894927979, 54.2690963745, -149.481307983, -251.198684692, -132.837844849, -110.006851196, -117.911582947, -47.6374282837, 34.0076141357], [-148.470092773, -86.9200286865, 150.142913818, 222.741607666, 35.0146942139, -5.4585943222, 5.78468370438, -32.9985771179, -12.3552036285, 12.1843214035, 6.19468164444, -17.1173744202, 3.69184041023], [-950.592346191, -27.8369617462, 217.894927979, 35.0146942139, 158.960067749, 52.7143821716, -22.6662921906, -64.7361831665, -25.517118454, -34.6752662659, -35.2342910767, -23.502161026, 3.54101967812], [-333.112518311, -21.814491272, 54.2690963745, -5.4585943222, 52.7143821716, 101.002326965, 34.8993606567, 3.91222333908, 1.1140692234, -28.6090812683, -27.4802436829, -19.6406059265, 9.53005313873], [467.501312256, 42.3722763062, -149.481307983, 5.78468370438, -22.6662921906, 34.8993606567, 170.275634766, 140.379714966, 45.4902381897, -21.8663253784, -10.9784135818, -17.8115444183, 5.53183174133], [1039.78930664, 131.184753418, -251.198684692, -32.9985771179, -64.7361831665, 3.91222333908, 140.379714966, 251.804702759, 112.904373169, -3.95450782776, -14.6222658157, -5.09911632538, -5.75741195679], [504.739318848, 64.6829452515, -132.837844849, -12.3552036285, -25.517118454, 1.1140692234, 45.4902381897, 112.904373169, 135.526184082, 42.0750961304, 2.87306642532, 6.80000305176, -8.06704235077], [591.158081055, -62.6047897339, -110.006851196, 12.1843214035, -34.6752662659, -28.6090812683, -21.8663253784, -3.95450782776, 42.0750961304, 153.372573853, 92.2008666992, 48.4946861267, 12.7621908188], [466.158782959, -77.6292877197, -117.911582947, 6.19468164444, -35.2342910767, -27.4802436829, -10.9784135818, -14.6222658157, 2.87306642532, 92.2008666992, 132.642684937, 81.7052459717, 9.09454441071], [218.015975952, -8.44966983795, -47.6374282837, -17.1173744202, -23.502161026, -19.6406059265, -17.8115444183, -5.09911632538, 6.80000305176, 48.4946861267, 81.7052459717, 117.754211426, 34.0827064514], [-111.006210327, 16.5747776031, 34.0076141357, 3.69184041023, 3.54101967812, 9.53005313873, 5.53183174133, -5.75741195679, -8.06704235077, 12.7621908188, 9.09454441071, 34.0827064514, 80.0976715088]], "icov": [[0.000217214124859, -0.000236748790485, 0.000460180628579, -0.000377563323127, 0.000480387941934, -0.000111962275696, 0.00021486543119, -0.000535024446435, 0.000384583836421, -0.000578813953325, 4.22909943154e-06, -6.60851001157e-05, 0.00026942990371], [-0.000236748790485, 0.000846868846565, -0.000454258435639, 0.000555447884835, -0.000609954819083, 0.000400346092647, -0.000137140552397, 0.00034147646511, -0.000559040403459, 0.000806933676358, 0.000380653742468, -7.93486906332e-05, -0.000517067790497], [0.000460180628579, -0.000454258435639, 0.00305414688773, -0.00194412318524, -0.00054758641636, -0.000423860386945, 0.00144478154834, -0.000275845988654, 0.00120371731464, -0.000766974582803, 0.00185964605771, -0.000921236292925, -9.60381148616e-05], [-0.000377563323127, 0.000555447884835, -0.00194412318524, 0.00647572474554, -0.00144927797373, 0.00189675320871, -0.00243960157968, 0.00158912339248, -0.00117950688582, 0.000317105819704, -0.00179280492011, 0.00204070587642, -0.000824247661512], [0.000480387941934, -0.000609954819083, -0.00054758641636, -0.00144927797373, 0.0119326291606, -0.004977773875, 0.000475609238492, 0.000652838440146, -0.000345616834238, -0.000583506480325, -2.45021801675e-05, 0.000236209918512, 0.001130517805], [-0.000111962275696, 0.000400346092647, -0.000423860386945, 0.00189675320871, -0.004977773875, 0.0150401201099, -0.00483152223751, 0.00206239335239, -0.00175251450855, 0.00124086486176, 0.000399707088945, 0.00114616984501, -0.00214027706534], [0.00021486543119, -0.000137140552397, 0.00144478154834, -0.00243960157968, 0.000475609238492, -0.00483152223751, 0.0149437505752, -0.00895986147225, 0.00220856163651, 0.00199116044678, -0.00307876407169, 0.0028215458151, -0.00224294723012], [-0.000535024446435, 0.00034147646511, -0.000275845988654, 0.00158912339248, 0.000652838440146, 0.00206239335239, -0.00895986147225, 0.0151250511408, -0.00874761492014, 0.00306960823946, 0.00209963531233, -0.00117908418179, -0.000443319324404], [0.000384583836421, -0.000559040403459, 0.00120371731464, -0.00117950688582, -0.000345616834238, -0.00175251450855, 0.00220856163651, -0.00874761492014, 0.0164558719844, -0.00787168182433, 0.00486340234056, -0.0028543213848, 0.00320837344043], [-0.000578813953325, 0.000806933676358, -0.000766974582803, 0.000317105819704, -0.000583506480325, 0.00124086486176, 0.00199116044678, 0.00306960823946, -0.00787168182433, 0.0171711910516, -0.011604655534, 0.00418166955933, -0.00468730553985], [4.22909943154e-06, 0.000380653742468, 0.00185964605771, -0.00179280492011, -2.45021801675e-05, 0.000399707088945, -0.00307876407169, 0.00209963531233, 0.00486340234056, -0.011604655534, 0.0265335254371, -0.0152652179822, 0.00535892928019], [-6.60851001157e-05, -7.93486906332e-05, -0.000921236292925, 0.00204070587642, 0.000236209918512, 0.00114616984501, 0.0028215458151, -0.00117908418179, -0.0028543213848, 0.00418166955933, -0.0152652179822, 0.0205455739051, -0.008