{"tonal": {"hpcp": {"dvar": [0.0614117644727, 0.0530954040587, 0.0495852343738, 0.0479158982635, 0.0425069630146, 0.0348431318998, 0.0379922538996, 0.0421830527484, 0.0462025888264, 0.0548828542233, 0.0558329485357, 0.0514474548399, 0.0511763803661, 0.0595294199884, 0.061077337712, 0.0642789974809, 0.0710268393159, 0.0676378086209, 0.0617603212595, 0.0537121407688, 0.0487295463681, 0.0489796288311, 0.0484667904675, 0.0558385848999, 0.0625941157341, 0.0339756347239, 0.0207768436521, 0.0216105040163, 0.022310860455, 0.0244553014636, 0.0346308648586, 0.0376266427338, 0.0335314422846, 0.0399122685194, 0.0446307212114, 0.0620818883181], "var": [0.104801647365, 0.10014475137, 0.0492780506611, 0.0328648276627, 0.0265386719257, 0.0233602356166, 0.0328845493495, 0.0395369008183, 0.038255546242, 0.0642781853676, 0.0650688037276, 0.0414028614759, 0.0369639731944, 0.0438798069954, 0.053602065891, 0.0949872210622, 0.129035964608, 0.0794301480055, 0.0492832548916, 0.0405133739114, 0.0421160981059, 0.0664945021272, 0.0717311799526, 0.0505797043443, 0.0669142603874, 0.0386740453541, 0.0154083380476, 0.016554273665, 0.016114866361, 0.0212548542768, 0.0537547394633, 0.0599592775106, 0.028240993619, 0.0269970856607, 0.0324078164995, 0.0617706216872], "median": [0.0976887866855, 0.104147426784, 0.0363483317196, 0.00486013200134, 0.00329406862147, 0.00641537457705, 0.0147616053, 0.0170027781278, 0.0245516579598, 0.040031529963, 0.0388940013945, 0.0174004789442, 0.00977331586182, 0.00990887917578, 0.0273677315563, 0.0886237621307, 0.116382226348, 0.061306335032, 0.0135889509693, 0.0072198160924, 0.0176783073694, 0.0469045117497, 0.0466378517449, 0.0418474376202, 0.0331509187818, 0.0240049473941, 0.0122146317735, 0.0133441900834, 0.0143386991695, 0.0176668781787, 0.0367479510605, 0.0344423316419, 0.0169040579349, 0.00728739751503, 0.00852445606142, 0.0265540927649], "max": [1, 1, 1, 1, 1, 1, 1, 1, 1, 1, 1, 1, 1, 1, 1, 1, 1, 1, 1, 1, 1, 1, 1, 1, 1, 1, 1, 1, 1, 1, 1, 1, 1, 1, 1, 1], "dmean": [0.19833534956, 0.179044604301, 0.146126464009, 0.107406005263, 0.0897721797228, 0.0832796618342, 0.0946152508259, 0.105859778821, 0.12496124208, 0.154490053654, 0.151114761829, 0.130098983645, 0.120226949453, 0.13563452661, 0.166634112597, 0.207862570882, 0.212772279978, 0.211222097278, 0.161072477698, 0.12674356997, 0.1308722049, 0.145984619856, 0.140152335167, 0.15990935266, 0.167204618454, 0.109766751528, 0.0691927745938, 0.0693003237247, 0.0684765949845, 0.0829797685146, 0.113462455571, 0.113749064505, 0.0978978201747, 0.10063932091, 0.119242794812, 0.171439602971], "dmean2": [0.344132095575, 0.306672990322, 0.261232197285, 0.201618462801, 0.171009391546, 0.156896114349, 0.173110708594, 0.193377614021, 0.22851318121, 0.274975836277, 0.269001334906, 0.23957234621, 0.225555360317, 0.255045264959, 0.304601609707, 0.364299982786, 0.37559774518, 0.380252808332, 0.296055048704, 0.237199619412, 0.238530263305, 0.259299099445, 0.247898504138, 0.292538285255, 0.303344815969, 0.198298797011, 0.126027032733, 0.123947121203, 0.123551271856, 0.148454248905, 0.194829925895, 0.196238264441, 0.177779167891, 0.189020499587, 0.221947029233, 0.308881700039], "mean": [0.26206445694, 0.256598681211, 0.135200247169, 0.0691665038466, 0.0545660294592, 0.0565336160362, 0.0823620259762, 0.0947218760848, 0.103456258774, 0.156233251095, 0.155524551868, 0.0995396971703, 0.0829402580857, 0.0922697633505, 0.131752803922, 0.245722100139, 0.302628099918, 0.206711739302, 0.113554365933, 0.08647570014, 0.104877583683, 0.166623994708, 0.16885560751, 0.139639362693, 0.152875736356, 0.109047412872, 0.0554436258972, 0.0563842467964, 0.0556331276894, 0.0710740610957, 0.134196788073, 0.138825729489, 0.0823585540056, 0.0665126889944, 0.0810635015368, 0.147273212671], "dvar2": [0.160662278533, 0.126658558846, 0.136076658964, 0.134184628725, 0.12062510848, 0.098724834621, 0.106351487339, 0.116906151175, 0.129870638251, 0.14746542275, 0.150196447968, 0.144593283534, 0.146857261658, 0.170600906014, 0.168648287654, 0.168697699904, 0.17750094831, 0.18084384501, 0.17107950151, 0.150211542845, 0.140837311745, 0.133825197816, 0.127186208963, 0.16457529366, 0.168875068426, 0.0915942788124, 0.0574743710458, 0.0587995015085, 0.0616185739636, 0.0667832717299, 0.0867177248001, 0.089569889009, 0.0941364318132, 0.113399907947, 0.125567942858, 0.173474669456], "min": [0, 0, 0, 0, 0, 0, 0, 0, 0, 0, 0, 0, 0, 0, 0, 0, 0, 0, 0, 0, 0, 0, 0, 0, 0, 0, 0, 0, 0, 0, 0, 0, 0, 0, 0, 0]}, "key_key": "D", "thpcp": [1, 0.683055341244, 0.375227421522, 0.285749077797, 0.346556007862, 0.550589978695, 0.557964086533, 0.461422324181, 0.505160391331, 0.360334724188, 0.183207124472, 0.18631529808, 0.183833315969, 0.234856113791, 0.443437963724, 0.458733767271, 0.272144436836, 0.219783589244, 0.267865091562, 0.486647516489, 0.865962088108, 0.847901046276, 0.446753770113, 0.228552818298, 0.180307209492, 0.186808884144, 0.27215591073, 0.312997609377, 0.341859400272, 0.516254961491, 0.513913094997, 0.328917562962, 0.274066627026, 0.304894894361, 0.435362100601, 0.811960637569], "chords_key": "A", "tuning_equal_tempered_deviation": 0.18570305407, "tuning_frequency": 434.193115234, "tuning_diatonic_strength": 0.577620565891, "chords_histogram": [14.83244133, 3.45032715797, 28.1776714325, 14.9910764694, 1.03113222122, 10.0931987762, 1.05096173286, 13.2659130096, 1.42772161961, 8.48701190948, 0.158635735512, 0, 0.257783055305, 0, 0, 0, 0, 0, 0, 0.277612537146, 1.50703942776, 0, 0.991473317146, 0], "key_strength": 0.713788449764, "key_scale": "minor", "chords_strength": {"dvar": 0.000463767821202, "var": 0.0108370743692, "median": 0.459884315729, "max": 0.774451553822, "dmean": 0.0120647978038, "dmean2": 0.0133324433118, "mean": 0.466493189335, "dvar2": 0.00077774527017, "min": -1}, "chords_number_rate": 0.00218124128878, "tuning_nontempered_energy_ratio": 0.905105531216, "hpcp_entropy": {"dvar": 0.278945714235, "var": 0.521066188812, "median": 2.17304706573, "max": 4.26550579071, "dmean": 0.642244756222, "dmean2": 1.07933938503, "mean": 2.11810278893, "dvar2": 0.750328779221, "min": 0}, "chords_changes_rate": 0.100931987166, "chords_scale": "minor"}, "rhythm": {"bpm_histogram_first_peak_spread": {"dvar": 0, "var": 0, "median": 0.243353784084, "max": 0.243353784084, "dmean": 0, "dmean2": 0, "mean": 0.243353784084, "dvar2": 0, "min": 0.243353784084}, "bpm_histogram_first_peak_weight": {"dvar": 0, "var": 0, "median": 0.732673287392, "max": 0.732673287392, "dmean": 0, "dmean2": 0, "mean": 0.732673287392, "dvar2": 0, "min": 0.732673287392}, "bpm_histogram_first_peak_bpm": {"dvar": 0, "var": 0, "median": 129, "max": 129, "dmean": 0, "dmean2": 0, "mean": 129, "dvar2": 0, "min": 129}, "bpm": 129.952728271, "bpm_histogram_second_peak_weight": {"dvar": 0, "var": 0, "median": 0.0118811884895, "max": 0.0118811884895, "dmean": 0, "dmean2": 0, "mean": 0.0118811884895, "dvar2": 0, "min": 0.0118811884895}, "beats_loudness": {"dvar": 0.00128350604791, "var": 0.00152125768363, "median": 0.0538393184543, "max": 0.279232770205, "dmean": 0.0412167869508, "dmean2": 0.0789273828268, "mean": 0.0600891113281, "dvar2": 0.00413228198886, "min": 0}, "beats_loudness_band_ratio": {"dvar": [0.0438482537866, 0.0180252939463, 0.00473128538579, 0.00579420663416, 0.000237852946157, 0.00642101047561], "var": [0.0628831237555, 0.0220630634576, 0.00594336679205, 0.00515155820176, 0.0001820223697, 0.00539792655036], "median": [0.588576793671, 0.221007198095, 0.0869187042117, 0.0465973652899, 0.00836274307221, 0.0238027311862], "max": [0.965613305569, 0.749792039394, 0.529656171799, 0.585792124271, 0.141744032502, 0.672889530659], "dmean": [0.3853777349, 0.187042117119, 0.0845095142722, 0.076748304069, 0.0137108499184, 0.0914611294866], "dmean2": [0.756762087345, 0.350747853518, 0.153461381793, 0.147279202938, 0.026401117444, 0.180080682039], "mean": [0.551376223564, 0.244070380926, 0.104891441762, 0.0682168975472, 0.0122007625178, 0.0586090274155], "dvar2": [0.14055134356, 0.0581677854061, 0.0144988205284, 0.0172329843044, 0.000695254944731, 0.0196825619787], "min": [0, 0, 0, 0, 0, 0]}, "bpm_histogram_second_peak_bpm": {"dvar": 0, "var": 0, "median": 136, "max": 136, "dmean": 0, "dmean2": 0, "mean": 136, "dvar2": 0, "min": 136}, "onset_rate": 4.27973222733, "beats_count": 506, "beats_position": [0.394739210606, 0.812698423862, 1.24226760864, 1.67183673382, 2.12462592125, 2.57741498947, 3.04181408882, 3.50621318817, 3.97061228752, 4.43501138687, 4.88780021667, 5.34058952332, 5.80498838425, 6.26938772202, 6.73378658295, 7.19818592072, 7.66258478165, 8.12698364258, 8.57977294922, 9.04417228699, 9.49696159363, 9.96135997772, 10.4257593155, 10.8901586533, 11.354557991, 11.8189563751, 12.2717456818, 12.7361450195, 13.1889343262, 13.6533327103, 14.117732048, 14.5821313858, 15.0349206924, 15.4877090454, 15.9521083832, 16.4165077209, 16.8809070587, 17.3453063965, 17.8097057343, 18.2741031647, 18.7268924713, 19.1912918091, 19.6440811157, 20.1084804535, 20.5728797913, 21.037279129, 21.5016784668, 21.9660758972, 22.430475235, 22.8948745728, 23.3592739105, 23.8236732483, 24.2764625549, 24.7292518616, 25.1936511993, 25.6580486298, 26.1224479675, 26.5868473053, 27.0512466431, 27.5040359497, 27.9568252563, 28.4212245941, 28.8856239319, 29.3500213623, 29.8028106689, 30.2555999756, 30.7199993134, 31.1843986511, 31.6487979889, 32.1131973267, 32.5775947571, 33.0419960022, 33.5063934326, 33.9591827393, 34.4119720459, 34.8763694763, 35.3407707214, 35.8051681519, 36.269569397, 36.7339668274, 37.186756134, 37.6627655029, 38.1155548096, 38.5683441162, 39.0327415466, 39.4971427917, 39.9615402222, 40.4259414673, 40.8787307739, 41.3431282043, 41.795917511, 42.2603149414, 42.7247161865, 43.1891136169, 43.6535148621, 44.1179122925, 44.5707015991, 45.0351028442, 45.4995002747, 45.9638977051, 46.4166870117, 46.8810882568, 47.3454856873, 47.8098869324, 48.2742843628, 48.7386856079, 49.1914749146, 49.655872345, 50.1086616516, 50.573059082, 51.0374603271, 51.513469696, 51.9894790649, 52.4306564331, 52.8950538635, 53.3594551086, 53.8122444153, 54.2650337219, 54.7294311523, 55.1938323975, 55.6582298279, 56.122631073, 56.5870285034, 57.0398178101, 57.4926071167, 57.9570045471, 58.4214057922, 58.8858032227, 59.3502044678, 59.8029937744, 60.2557830811, 60.7201805115, 61.1845779419, 61.648979187, 62.1133766174, 62.5777778625, 63.042175293, 63.5065765381, 63.9709739685, 64.4353713989, 64.8881607056, 65.3525619507, 65.8169631958, 66.2697525024, 66.7341461182, 67.1985473633, 67.6629486084, 68.1273422241, 68.5685272217, 69.0329208374, 69.4973220825, 69.9617233276, 70.4261245728, 70.8905181885, 71.3433074951, 71.8077087402, 72.2604980469, 72.724899292, 73.1892929077, 73.6536941528, 74.1180953979, 74.5824966431, 75.0352783203, 75.488067627, 75.9524688721, 76.4168701172, 76.8812713623, 77.345664978, 77.8100662231, 78.2744674683, 78.738861084, 79.2032623291, 79.6676635742, 80.1088409424, 80.5732421875, 81.0376434326, 81.5020370483, 81.9664382935, 82.4308395386, 82.8952331543, 83.3480224609, 83.8008117676, 84.2652130127, 84.7296142578, 85.1940155029, 85.6584091187, 86.1228103638, 86.5755996704, 87.0283889771, 87.4927902222, 87.9571838379, 88.421585083, 88.8859863281, 89.3503875732, 89.814781189, 90.2791824341, 90.7319717407, 91.1847610474, 91.6491622925, 92.1135559082, 92.5779571533, 93.0423583984, 93.4951477051, 93.9595413208, 94.4123306274, 94.8767318726, 95.3411331177, 95.8055343628, 96.2699279785, 96.7343292236, 97.1987304688, 97.6631240845, 98.1159133911, 98.5687026978, 99.0331039429, 99.497505188, 99.9619064331, 100.426300049, 100.890701294, 101.343490601, 101.796279907, 102.260681152, 102.725074768, 103.189476013, 103.653877258, 104.118278503, 104.582672119, 105.047073364, 105.499862671, 105.952651978, 106.417053223, 106.881446838, 107.345848083, 107.810249329, 108.274642944, 108.739044189, 109.203445435, 109.66784668, 110.120635986, 110.573425293, 111.037818909, 111.502220154, 111.966621399, 112.431015015, 112.89541626, 113.359817505, 113.82421875, 114.288612366, 114.741401672, 115.194190979, 115.658592224, 116.122993469, 116.575782776, 117.028572083, 117.492965698, 117.957366943, 118.421768188, 118.886169434, 119.350563049, 119.814964294, 120.27936554, 120.743759155, 121.196548462, 121.660949707, 122.125350952, 122.578140259, 123.042533875, 123.50693512, 123.971336365, 124.424125671, 124.876914978, 125.341316223, 125.805709839, 126.270111084, 126.734512329, 127.198905945, 127.66330719, 128.127700806, 128.592102051, 129.056503296, 129.509292603, 129.962081909, 130.426483154, 130.890884399, 131.355285645, 131.81968689, 132.272476196, 132.736862183, 133.189651489, 133.654052734, 134.118453979, 134.582855225, 135.04725647, 135.511657715, 135.964447021, 136.428848267, 136.881637573, 137.34602356, 137.810424805, 138.27482605, 138.739227295, 139.20362854, 139.668029785, 140.13243103, 140.596817017, 141.037994385, 141.50239563, 141.966796875, 142.43119812, 142.895599365, 143.348388672, 143.812789917, 144.265579224, 144.729980469, 145.194366455, 145.6587677, 146.123168945, 146.58757019, 147.040359497, 147.493148804, 147.957550049, 148.421951294, 148.886352539, 149.350738525, 149.815139771, 150.279541016, 150.743942261, 151.208343506, 151.661132812, 152.113922119, 152.578323364, 153.042724609, 153.507110596, 153.971511841, 154.435913086, 154.900314331, 155.353103638, 155.805892944, 156.270294189, 156.734695435, 157.19909668, 157.663482666, 158.116271973, 158.580673218, 159.033462524, 159.49786377, 159.962265015, 160.42666626, 160.867843628, 161.35546875, 161.808258057, 162.272644043, 162.72543335, 163.189834595, 163.65423584, 164.118637085, 164.58303833, 165.047439575, 165.51184082, 165.964630127, 166.417419434, 166.88180542, 167.346206665, 167.81060791, 168.275009155, 168.7394104, 169.192199707, 169.656600952, 170.109390259, 170.573776245, 171.03817749, 171.502578735, 171.96697998, 172.431381226, 172.895782471, 173.360183716, 173.812973022, 174.265762329, 174.730148315, 175.194549561, 175.658950806, 176.123352051, 176.587753296, 177.052154541, 177.504943848, 177.957733154, 178.422134399, 178.886520386, 179.350921631, 179.815322876, 180.279724121, 180.744125366, 181.196914673, 181.649703979, 182.114105225, 182.57850647, 183.042892456, 183.507293701, 183.960083008, 184.412872314, 184.87727356, 185.341674805, 185.80607605, 186.270477295, 186.73487854, 187.199264526, 187.663665771, 188.128067017, 188.569244385, 189.03364563, 189.498046875, 189.96244812, 190.426849365, 190.89125061, 191.344039917, 191.808425903, 192.26121521, 192.725616455, 193.1900177, 193.654418945, 194.11882019, 194.583221436, 195.047622681, 195.512008667, 195.964797974, 196.41758728, 196.881988525, 197.346389771, 197.810791016, 198.275192261, 198.739593506, 199.203994751, 199.656768799, 200.109558105, 200.573959351, 201.038360596, 201.502761841, 201.967163086, 202.431564331, 202.895965576, 203.360351562, 203.813140869, 204.265930176, 204.730331421, 205.194732666, 205.659133911, 206.111923218, 206.576324463, 207.02911377, 207.493515015, 207.95791626, 208.422302246, 208.886703491, 209.351104736, 209.815505981, 210.279907227, 210.732696533, 211.18548584, 211.649887085, 212.11428833, 212.578674316, 213.043075562, 213.507476807, 213.971878052, 214.436279297, 214.900680542, 215.353469849, 215.806259155, 216.2706604, 216.735046387, 217.199447632, 217.663848877, 218.116638184, 218.56942749, 219.033828735, 219.49822998, 219.962631226, 220.427032471, 220.891418457, 221.344207764, 221.79699707, 222.261398315, 222.725799561, 223.190200806, 223.654602051, 224.119003296, 224.583404541, 225.047790527, 225.500579834, 225.953369141, 226.417770386, 226.882171631, 227.346572876, 227.810974121, 228.275375366, 228.739776611, 229.204162598, 229.668563843, 230.132965088, 230.608978271, 231.096588135, 231.584213257, 232.083435059, 232.582672119, 233.070297241, 233.557907104], "danceability": 1.43190348148, "bpm_histogram_second_peak_spread": {"dvar": 0, "var": 0, "median": 0.25, "max": 0.25, "dmean": 0, "dmean2": 0, "mean": 0.25, "dvar2": 0, "min": 0.25}}, "lowlevel": {"spectral_flux": {"dvar": 0.00236474373378, "var": 0.00556088378653, "median": 0.100782349706, "max": 0.476581603289, "dmean": 0.0407564230263, "dmean2": 0.063040137291, "mean": 0.115903899074, "dvar2": 0.00465345336124, "min": 6.52057643991e-11}, "spectral_rolloff": {"dvar": 626701.8125, "var": 2760054.25, "median": 366.064453125, "max": 20801.0742188, "dmean": 264.876037598, "dmean2": 447.731750488, "mean": 694.197265625, "dvar2": 1432194.5, "min": 86.1328125}, "barkbands_flatness_db": {"dvar": 0.000955996336415, "var": 0.00441880850121, "median": 0.206533864141, "max": 0.423562258482, "dmean": 0.0333673134446, "dmean2": 0.0477259233594, "mean": 0.204648122191, "dvar2": 0.00173325987998, "min": 0.0348427034914}, "spectral_centroid": {"dvar": 72824.5234375, "var": 523417.53125, "median": 480.564178467, "max": 11470.2617188, "dmean": 153.362792969, "dmean2": 231.46144104, "mean": 622.078125, "dvar2": 131600.59375, "min": 158.646606445}, "melbands_skewness": {"dvar": 1.13198065758, "var": 2.8382127285, "median": 2.78112697601, "max": 15.1756248474, "dmean": 1.00579869747, "dmean2": 1.55879747868, "mean": 3.0936870575, "dvar2": 2.55159020424, "min": -0.793186306953}, "melbands": {"dvar": [3.80030396627e-05, 6.5575390181e-05, 1.20816584968e-05, 1.41766076922e-06, 9.99480107566e-07, 4.57038993318e-07, 1.49653530457e-07, 1.58909003289e-07, 1.74516827656e-07, 6.12156298985e-08, 1.16597085764e-07, 5.68302169768e-08, 1.53938746195e-08, 4.15794110253e-09, 3.79300546527e-09, 1.90096649533e-09, 6.56768284202e-09, 8.02197142047e-10, 5.93356086487e-10, 3.67802871493e-10, 1.18870358001e-10, 7.30202703858e-11, 4.82286155457e-11, 3.87235347954e-11, 3.47699681547e-11, 1.80414520129e-11, 1.06007581185e-11, 1.36169174894e-11, 3.76013838121e-11, 3.48483915336e-11, 3.14508835642e-11, 3.46469658519e-11, 8.55465628891e-11, 5.62773647128e-11, 5.90389959143e-11, 4.54945386918e-11, 6.46014214345e-11, 2.99264918402e-11, 5.85445303347e-11, 1.19183196298e-11], "var": [4.4379830797e-05, 5.91081079619e-05, 1.08538079076e-05, 2.75980733022e-06, 2.028701374e-06, 7.97420682375e-07, 2.71984021083e-07, 2.93652789196e-07, 3.0569952969e-07, 9.68599351836e-08, 1.37186447091e-07, 1.14720364763e-07, 4.83585793631e-08, 1.57978021775e-08, 7.2049326505e-09, 2.79600831377e-09, 5.57844792581e-09, 1.14186993194e-09, 8.63160876108e-10, 4.83573459054e-10, 1.87297385934e-10, 9.05567426601e-11, 8.91453577623e-11, 6.6094518747e-11, 5.77780601141e-11, 2.18052086803e-11, 2.07154831483e-11, 2.31661686362e-11, 3.78326536765e-11, 3.41970410322e-11, 4.39689742948e-11, 4.89834180162e-11, 9.41955957678e-11, 7.95583668389e-11, 9.35483426834e-11, 7.96766680411e-11, 9.33474478271e-11, 3.98867952556e-11, 5.28251227483e-11, 1.31569347431e-11], "median": [0.00303064053878, 0.00386771629564, 0.00168029544875, 0.000956251751631, 0.000623658124823, 0.000376048585167, 0.000145364669152, 0.000108195279608, 9.7833442851e-05, 6.73793038004e-05, 6.76686322549e-05, 4.10536413256e-05, 2.85858295683e-05, 1.76158828253e-05, 1.25281185319e-05, 7.9417568486e-06, 6.21878916718e-06, 3.73598436454e-06, 2.23744609684e-06, 1.77653805622e-06, 1.40946292504e-06, 1.29475449739e-06, 1.05714707388e-06, 8.60365162225e-07, 9.70201881501e-07, 9.42146755278e-07, 7.05268689671e-07, 5.83609448768e-07, 4.21893247449e-07, 2.87119604536e-07, 2.9205057217e-07, 2.28377615485e-07, 1.96857783408e-07, 1.78899142611e-07, 1.22424339111e-07, 7.98161678972e-08, 5.92480233763e-08, 5.18000540239e-08, 4.62769733645e-08, 3.50207685074e-08], "max": [0.0685038864613, 0.0806490629911, 0.0485509634018, 0.01676591672, 0.0175037551671, 0.0169749706984, 0.00922026671469, 0.0124115003273, 0.0115468762815, 0.0102007836103, 0.00812356732786, 0.00544113432989, 0.00377568253316, 0.00233132112771, 0.000944613944739, 0.00132963981014, 0.00149427598808, 0.000781545997597, 0.000925641623326, 0.000748350110371, 0.00025675908546, 0.000284622656181, 0.000310940609779, 0.000202659517527, 0.000212551138247, 0.000147672719322, 0.000134505011374, 0.000129654159537, 0.00021521972667, 0.00034290048643, 0.000270888442174, 0.000252800295129, 0.000584744673688, 0.000351422757376, 0.000390334724216, 0.000320756895235, 0.000364935898688, 0.000256870116573, 0.000384342856705, 0.00010106863192], "dmean": [0.0038701063022, 0.00443240301684, 0.00176058791112, 0.000876842881553, 0.000628933950793, 0.000395470444346, 0.000165892459336, 0.000163922144566, 0.000163080578204, 0.000107998472231, 0.00013420333562, 9.64784121606e-05, 4.98382214573e-05, 2.74741887551e-05, 2.58282598224e-05, 1.71430292539e-05, 2.6619854907e-05, 9.94057245407e-06, 6.88095951773e-06, 4.98945155414e-06, 3.6735714275e-06, 2.89536205855e-06, 2.10002917811e-06, 2.02966907636e-06, 2.14348392547e-06, 1.66458960393e-06, 1.29884381295e-06, 1.55584871209e-06, 2.1425084924e-06, 1.74449598944e-06, 2.08994470086e-06, 2.10685743696e-06, 2.36249547925e-06, 2.22417361329e-06, 1.84548605375e-06, 1.47758282765e-06, 1.4964031152e-06, 1.25080350699e-06, 1.25052656585e-06, 9.95612936094e-07], "dmean2": [0.0065160789527, 0.00761625776067, 0.00307477475144, 0.00149636063725, 0.00102050998248, 0.000660596531816, 0.000269161886536, 0.000257530220551, 0.000245736795478, 0.000172054074937, 0.000222920280066, 0.000151639251271, 8.24371600174e-05, 4.39211726189e-05, 4.28511484643e-05, 2.8124299206e-05, 4.54370056104e-05, 1.57641698024e-05, 1.08113617898e-05, 7.67262918089e-06, 5.7123284023e-06, 4.60446608486e-06, 3.19743867294e-06, 3.09871643367e-06, 3.39260100191e-06, 2.66725442089e-06, 2.01589296012e-06, 2.3487702947e-06, 3.44680029229e-06, 2.67252880803e-06, 3.11049620905e-06, 3.18144475386e-06, 3.60945159628e-06, 3.31254750563e-06, 2.76576247416e-06, 2.18877994485e-06, 2.29445686273e-06, 1.8637337007e-06, 1.92751804207e-06, 1.51683002514e-06], "mean": [0.00520363124087, 0.00574465189129, 0.00250363023952, 0.00149471743498, 0.00113351759501, 0.000666832434945, 0.000323167565512, 0.000276257342193, 0.00026488918229, 0.000169229242601, 0.000178812828381, 0.000148085557157, 8.25418319437e-05, 4.9757247325e-05, 3.9555834519e-05, 2.35689039982e-05, 2.74545145658e-05, 1.24313291963e-05, 9.42508086155e-06, 6.60668138153e-06, 4.97508472108e-06, 3.9918895709e-06, 3.30113880409e-06, 3.01195882457e-06, 3.07283289658e-06, 2.32376805798e-06, 1.85904821137e-06, 2.05125274988e-06, 2.18275181396e-06, 1.78130733275e-06, 2.2729605007e-06, 2.29189708989e-06, 2.56651924246e-06, 2.49607933256e-06, 2.04473440135e-06, 1.71278225025e-06, 1.6813929733e-06, 1.32723380375e-06, 1.21417349419e-06, 9.52851166858e-07], "dvar2": [9.86844606814e-05, 0.000179337992449, 3.40675942425e-05, 3.95894494432e-06, 2.46084277933e-06, 1.25473104617e-06, 3.73412092358e-07, 3.664735857e-07, 3.79304964326e-07, 1.48295768554e-07, 3.02127830309e-07, 1.33854527462e-07, 4.06223179539e-08, 9.25304988186e-09, 1.02272501579e-08, 4.63652671812e-09, 1.77440160343e-08, 1.82344916944e-09, 1.44327605422e-09, 8.32473090462e-10, 2.70876571173e-10, 1.83323384251e-10, 9.78061798218e-11, 8.52016443509e-11, 8.32167598719e-11, 4.59898230609e-11, 2.4591436526e-11, 3.01976083028e-11, 9.19510093067e-11, 8.5305561226e-11, 6.36301358825e-11, 7.54985449158e-11, 2.17743156838e-10, 1.23320464951e-10, 1.17826526314e-10, 9.73571362417e-11, 1.5478762716e-10, 7.41681577265e-11, 1.54006432607e-10, 2.90225066202e-11], "min": [9.0015793768e-25, 5.20658551245e-25, 1.07231637784e-24, 2.66123606883e-24, 1.54197911447e-24, 2.21108797605e-24, 1.52531206127e-24, 2.10993115888e-24, 2.4207133649e-24, 2.68933687199e-24, 3.42855357716e-24, 2.48226916741e-24, 2.32822514301e-24, 2.37600763133e-24, 3.47638181941e-24, 4.42801549496e-24, 2.94629805668e-24, 4.18370842805e-24, 4.98163334507e-24, 4.28559454713e-24, 3.96212016079e-24, 4.56767503519e-24, 2.28057735269e-24, 5.29457012744e-24, 4.84875879749e-24, 5.50128363347e-24, 5.11776549377e-24, 5.78721731262e-24, 5.10748348073e-24, 5.74202978225e-24, 6.68547626489e-24, 5.5655647532e-24, 5.51345181294e-24, 5.43494161464e-24, 5.93300787981e-24, 5.70129616055e-24, 6.41019063024e-24, 5.70127446688e-24, 5.26181504493e-24, 6.95805610664e-24]}, "spectral_decrease": {"dvar": 8.75723144318e-17, "var": 1.28838608187e-16, "median": -1.13756986053e-08, "max": 1.97942947464e-17, "dmean": 6.41915587352e-09, "dmean2": 1.04540207602e-08, "mean": -1.3547297506e-08, "dvar2": 2.20486501053e-16, "min": -9.75264526915e-08}, "barkbands_kurtosis": {"dvar": 92.3936233521, "var": 142.963699341, "median": 6.69509792328, "max": 198.544342041, "dmean": 6.24133205414, "dmean2": 10.1115865707, "mean": 10.164686203, "dvar2": 231.666427612, "min": -1.93564319611}, "silence_rate_30dB": {"dvar": 0.0806310549378, "var": 0.0875060409307, "median": 1, "max": 1, "dmean": 0.0884657353163, "dmean2": 0.1769490242, "mean": 0.90311384201, "dvar2": 0.171798437834, "min": 0}, "gfcc": {"mean": [-43.597442627, 138.62953186, -80.2897033691, 26.4417915344, -57.2455635071, 16.6066169739, -25.1151676178, 4.15313386917, -22.9960403442, -0.551773905754, -11.368391037, -0.981603264809, -6.45351028442], "cov": [[21296.609375, -658.877624512, -373.046966553, 840.096130371, -997.284118652, 629.335571289, -503.848022461, 247.890579224, -91.1514587402, 237.101303101, -349.124511719, 164.274108887, -30.0206069946], [-658.877624512, 1871.49890137, -222.018676758, -274.157714844, 500.366455078, -360.659545898, 255.335906982, -98.8029022217, 55.9910011292, -122.845558167, 183.370178223, -137.235824585, 59.8395271301], [-373.046966553, -222.018676758, 618.765197754, 120.838165283, -19.7396507263, 98.0063552856, -30.1130390167, -6.57084178925, 11.4617519379, 26.4917869568, -27.736738205, 8.97440624237, 0.130066305399], [840.096130371, -274.157714844, 120.838165283, 338.046722412, -77.3099517822, 79.3917160034, -28.1781597137, 11.1269741058, 36.5803565979, -9.13292598724, -34.2403907776, 14.8609695435, -7.86098670959], [-997.284118652, 500.366455078, -19.7396507263, -77.3099517822, 345.776611328, -119.706718445, 120.657875061, -2.16252923012, 27.728843689, -39.428352356, 56.4811706543, -45.3120155334, 16.5815601349], [629.335571289, -360.659545898, 98.0063552856, 79.3917160034, -119.706718445, 228.62600708, -16.5007667542, 11.1059560776, 1.79954326153, 39.5609817505, -50.3014183044, 11.0856132507, -12.8203144073], [-503.848022461, 255.335906982, -30.1130390167, -28.1781597137, 120.657875061, -16.5007667542, 160.483718872, 6.04325819016, 17.6053161621, -18.0641117096, 38.4202537537, -26.6166172028, 0.94207161665], [247.890579224, -98.8029022217, -6.57084178925, 11.1269741058, -2.16252923012, 11.1059560776, 6.04325819016, 98.4072723389, 14.006526947, 7.43073272705, -6.53518533707, 9.44381141663, -3.51357841492], [-91.1514587402, 55.9910011292, 11.4617519379, 36.5803565979, 27.728843689, 1.79954326153, 17.6053161621, 14.006526947, 99.3749160767, 11.7535686493, 7.9317111969, -1.8505269289, 13.1115550995], [237.101303101, -122.845558167, 26.4917869568, -9.13292598724, -39.428352356, 39.5609817505, -18.0641117096, 7.43073272705, 11.7535686493, 79.999710083, 2.40523934364, 12.572640419, 0.846046864986], [-349.124511719, 183.370178223, -27.736738205, -34.2403907776, 56.4811706543, -50.3014183044, 38.4202537537, -6.53518533707, 7.9317111969, 2.40523934364, 94.7151794434, 4.38700723648, 0.204669848084], [164.274108887, -137.235824585, 8.97440624237, 14.8609695435, -45.3120155334, 11.0856132507, -26.6166172028, 9.44381141663, -1.8505269289, 12.572640419, 4.38700723648, 71.0817718506, 13.8610296249], [-30.0206069946, 59.8395271301, 0.130066305399, -7.86098670959, 16.5815601349, -12.8203144073, 0.94207161665, -3.51357841492, 13.1115550995, 0.846046864986, 0.204669848084, 13.8610296249, 72.8436584473]], "icov": [[0.000106296582089, -0.000318451726343, 0.00013754198153, -0.000379978242563, 0.000241186207859, -0.000352917821147, 0.000350111164153, -0.00045844662236, 0.000344000873156, -0.000486579199787, 0.000405970000429, -0.000353053095751, 0.000130274740513], [-0.000318451726343, 0.00268605118617, -0.00029900672962, 0.00176403217483, -0.00153036275879, 0.0022650398314, -0.00205090153031, 0.00265011773445, -0.00188452517614, 0.00267587299459, -0.0027433547657, 0.00308465631679, -0.00151664938312], [0.00013754198153, -0.00029900672962, 0.00207226211205, -0.00105596426874, -0.000278749619611, -0.00112745712977, 0.000841786095407, -0.000232872756897, 0.000498017703649, -0.00106357922778, 0.000526011455804, -0.000429041130701, 3.04338882415e-05], [-0.000379978242563, 0.00176403217483, -0.00105596426874, 0.00546472240239, -0.000515098916367, 0.000820780929644, -0.00140535633545, 0.00195448868908, -0.00340398331173, 0.00398063100874, -0.00158178736456, 0.0014029199956, -0.000335980119416], [0.000241186207859, -0.00153036275879, -0.000278749619611, -0.000515098916367, 0.00640895869583, 0.000788713688962, -0.00184540497139, -0.00188889855053, 0.000125609163661, -0.000582277076319, 0.000792752136476, 0.000239764543949, -0.000149544721353], [-0.000352917821147, 0.0022650398314, -0.00112745712977, 0.000820780929644, 0.000788713688962, 0.00918756611645, -0.00410015834495, 0.00227341451682, -0.00162948970683, -0.000464193115477, 0.000543366128113, 0.00249424437061, -0.000492853054311], [0.000350111164153, -0.00205090153031, 0.000841786095407, -0.00140535633545, -0.00184540497139, -0.00410015834495, 0.0115999449044, -0.00309295463376, 0.000889967719559, -0.000655887706671, -0.00103992002551, -0.000353859475581, 0.000992829794995], [-0.00045844662236, 0.00265011773445, -0.000232872756897, 0.00195448868908, -0.00188889855053, 0.00227341451682, -0.00309295463376, 0.013800073415, -0.00361716584302, 0.00212854612619, -0.00143385201227, 0.000895340461284, -0.000158874390763], [0.000344000873156, -0.00188452517614, 0.000498017703649, -0.00340398331173, 0.000125609163661, -0.00162948970683, 0.000889967719559, -0.00361716584302, 0.0136092081666, -0.00489295041189, 0.00132565014064, -0.00123721931595, -0.00134079775307], [-0.000486579199787, 0.00267587299459, -0.00106357922778, 0.00398063100874, -0.000582277076319, -0.000464193115477, -0.000655887706671, 0.00212854612619, -0.00489295041189, 0.0190561171621, -0.00549172703177, 0.00189746194519, -0.0014914770145], [0.000405970000429, -0.0027433547657, 0.000526011455804, -0.00158178736456, 0.000792752136476, 0.000543366128113, -0.00103992002551, -0.00143385201227, 0.00132565014064, -0.00549172703177, 0.0174057483673, -0.00642303610221, 0.00310721434653], [-0.000353053095751, 0.00308465631679, -0.000429041130701, 0.0014029199956, 0.000239764543949, 0.00249424437061, -0.000353859475581, 0.000895340461284, -0.00123721931595, 0.00189746194519, -0.00642303610221, 0.0212977230549, -0.00592907890677], [0.000130274740513, -0.00151664938312, 3.04338882415e-05, -0.000335980119416, -0.000149544721353, -0.000492853054311, 0.000992829794995, -0.000158874390763, -0.00134079775307, -0.0014914770145, 0.00310721434653, -0.00592907890677, 0.0162962432951]]}, "silence_rate_20dB": {"dvar": 0, "var": 0, "median": 1, "max": 1, "dmean": 0, "dmean2": 0, "mean": 1, "dvar2": 0, "min": 1}, "barkbands_skewness": {"dvar": 0.626367866993, "var": 1.64732170105, "median": 2.0619995594, "max": 12.0949888229, "dmean": 0.767603039742, "dmean2": 1.20181381702, "mean": 2.25707292557, "dvar2": 1.43717038631, "min": -2.94649720192}, "erbbands_skewness": {"dvar": 0.159040391445, "var": 0.570855081081, "median": 0.89165186882, "max": 6.22330617905, "dmean": 0.421592772007, "dmean2": 0.65584731102, "mean": 0.900917649269, "dvar2": 0.361969292164, "min": -3.45283699036}, "spectral_contrast_valleys": {"dvar": [0.138553187251, 0.111700825393, 0.131167754531, 0.166720151901, 0.196861937642, 0.37460309267], "var": [3.27751612663, 2.91228675842, 2.75864696503, 2.70681881905, 2.81328773499, 3.52008056641], "median": [-6.23096990585, -6.36026191711, -7.14304256439, -8.18090248108, -8.3119764328, -10.8929262161], "max": [-4.742374897, -4.70416069031, -4.86662006378, -5.89201259613, -5.94786834717, -7.3086514473], "dmean": [0.411826312542, 0.351419240236, 0.338887631893, 0.375289708376, 0.392598181963, 0.600878119469], "dmean2": [0.674464285374, 0.570399940014, 0.524418652058, 0.533759891987, 0.500661790371, 0.637195885181], "mean": [-6.59527921677, -6.63304567337, -7.36922645569, -8.40277481079, -8.53356456757, -10.904917717], "dvar2": [0.29642495513, 0.229134351015, 0.24998369813, 0.287964254618, 0.32820981741, 0.545094370842], "min": [-27.7506408691, -27.9867534637, -27.5003566742, -27.5397777557, -27.5346984863, -27.3854446411]}, "spectral_strongpeak": {"dvar": 0.26047796011, "var": 0.417562097311, "median": 0.460161209106, "max": 6.45792531967, "dmean": 0.339336395264, "dmean2": 0.585739016533, "mean": 0.608159422874, "dvar2": 0.675652563572, "min": 0}, "erbbands_crest": {"dvar": 6.33464002609, "var": 18.6993560791, "median": 8.44685554504, "max": 30.2101650238, "dmean": 2.73737406731, "dmean2": 4.46070098877, "mean": 9.51812171936, "dvar2": 15.2855138779, "min": 2.51074433327}, "barkbands_crest": {"dvar": 7.66820716858, "var": 15.6603689194, "median": 10.9586410522, "max": 25.0688247681, "dmean": 3.3125371933, "dmean2": 5.5606637001, "mean": 11.5514602661, "dvar2": 20.8052864075, "min": 3.40536165237}, "spectral_energyband_middle_low": {"dvar": 0.000111004068458, "var": 0.000239682776737, "median": 0.0173284541816, "max": 0.137018024921, "dmean": 0.00825378205627, "dmean2": 0.0135373985395, "mean": 0.0202707592398, "dvar2": 0.000289771065582, "min": 1.82837586286e-22}, "spectral_contrast_coeffs": {"dvar": [0.00199230900034, 0.00149176164996, 0.000892975192983, 0.000663483922835, 0.000356932723662, 0.000266241317149], "var": [0.00610197568312, 0.00531763862818, 0.00384243973531, 0.00284990365617, 0.00185120804235, 0.00133771286346], "median": [-0.657799243927, -0.72582757473, -0.778475642204, -0.803308665752, -0.8274345994, -0.786328673363], "max": [-0.358720004559, -0.454723924398, -0.486231863499, -0.545858919621, -0.60170263052, -0.570447742939], "dmean": [0.0546076223254, 0.0478458441794, 0.0361570827663, 0.0301941297948, 0.0206705704331, 0.0173944085836], "dmean2": [0.0926661267877, 0.080019004643, 0.0594084449112, 0.0488960631192, 0.0323078855872, 0.0262964814901], "mean": [-0.654688596725, -0.72491133213, -0.772518694401, -0.79666531086, -0.821440637112, -0.788831889629], "dvar2": [0.00552877457812, 0.00390906212851, 0.00224860361777, 0.00161250587553, 0.000772864732426, 0.000558985688258], "min": [-0.984557926655, -0.978676080704, -0.986443221569, -0.969854295254, -0.972248613834, -0.96426320076]}, "hfc": {"dvar": 148.595153809, "var": 320.305847168, "median": 11.7289600372, "max": 233.673339844, "dmean": 7.56206130981, "dmean2": 11.1189546585, "mean": 16.7097625732, "dvar2": 296.04498291, "min": 1.10646570559e-16}, "spectral_energyband_high": {"dvar": 1.53397570557e-06, "var": 2.96756547868e-06, "median": 6.32865485386e-05, "max": 0.0306967832148, "dmean": 0.000494138919748, "dmean2": 0.000712554901838, "mean": 0.000600484025199, "dvar2": 3.04846844301e-06, "min": 7.24988829441e-21}, "erbbands_spread": {"dvar": 189.779022217, "var": 482.99420166, "median": 26.0255622864, "max": 164.84513855, "dmean": 10.8960599899, "dmean2": 15.6408176422, "mean": 32.6869926453, "dvar2": 379.920288086, "min": 2.538854599}, "dissonance": {"dvar": 0.000596368161496, "var": 0.00125417369418, "median": 0.449809849262, "max": 0.5, "dmean": 0.0279465895146, "dmean2": 0.0466589704156, "mean": 0.443563848734, "dvar2": 0.0016056150198, "min": 0.227322697639}, "spectral_kurtosis": {"dvar": 32.7909660339, "var": 87.7397766113, "median": 7.0654168129, "max": 82.8968200684, "dmean": 4.57376337051, "dmean2": 6.60871934891, "mean": 9.77135848999, "dvar2": 67.8402786255, "min": -1.42717564106}, "spectral_skewness": {"dvar": 0.250130861998, "var": 0.971282660961, "median": 2.18628954887, "max": 7.58757829666, "dmean": 0.487344682217, "dmean2": 0.658413767815, "mean": 2.33323788643, "dvar2": 0.45638436079, "min": -0.126572951674}, "pitch_salience": {"dvar": 0.00590652460232, "var": 0.0121802091599, "median": 0.563905239105, "max": 0.98372220993, "dmean": 0.090671569109, "dmean2": 0.152303189039, "mean": 0.556109547615, "dvar2": 0.016676241532, "min": 0.144648998976}, "spectral_complexity": {"dvar": 11.7561731339, "var": 38.1909408569, "median": 13, "max": 52, "dmean": 2.76088476181, "dmean2": 4.21999597549, "mean": 12.9683656693, "dvar2": 24.3069648743, "min": 0}, "spectral_spread": {"dvar": 1368077369340.0, "var": 9236157300740.0, "median": 3607993.75, "max": 42654776, "dmean": 971296.125, "dmean2": 1133484.25, "mean": 4341405.5, "dvar2": 2174670995460.0, "min": 1029439.4375}, "dynamic_complexity": 3.54688477516, "melbands_crest": {"dvar": 8.30803394318, "var": 18.7444229126, "median": 14.4781503677, "max": 30.9216518402, "dmean": 3.50507593155, "dmean2": 5.91458320618, "mean": 14.7374105453, "dvar2": 22.9083652496, "min": 1.61550819874}, "zerocrossingrate": {"dvar": 0.000187086989172, "var": 0.0020502761472, "median": 0.021484375, "max": 0.5244140625, "dmean": 0.00916814245284, "dmean2": 0.0105976210907, "mean": 0.0330137498677, "dvar2": 0.000223066308536, "min": 0.0029296875}, "spectral_energyband_low": {"dvar": 0.00113071862143, "var": 0.00133375090081, "median": 0.0226303115487, "max": 0.318458050489, "dmean": 0.0208909679204, "dmean2": 0.0350284203887, "mean": 0.0319461263716, "dvar2": 0.00292622321285, "min": 2.24948499175e-23}, "melbands_kurtosis": {"dvar": 452.838928223, "var": 723.896179199, "median": 13.2906551361, "max": 341.627075195, "dmean": 13.0122423172, "dmean2": 20.7130336761, "mean": 21.5786018372, "dvar2": 1071.70739746, "min": -1.4313659668}, "spectral_energyband_middle_high": {"dvar": 1.17820118248e-05, "var": 2.14388965105e-05, "median": 0.00142950378358, "max": 0.0571485236287, "dmean": 0.0015955530107, "dmean2": 0.00249918643385, "mean": 0.00302829872817, "dvar2": 3.0266612157e-05, "min": 1.12603808001e-21}, "barkbands_spread": {"dvar": 49.5202102661, "var": 134.436828613, "median": 7.47156238556, "max": 111.230865479, "dmean": 4.28569936752, "dmean2": 6.273853302, "mean": 10.8380699158, "dvar2": 93.3544845581, "min": 0.937462329865}, "mfcc": {"mean": [-689.816040039, 165.674865723, 31.9408226013, 21.9090499878, -0.581725716591, 10.9048175812, 7.04479169846, 6.30947685242, -0.669628739357, 1.47873067856, 0.590768456459, -3.59195113182, -0.366691768169], "cov": [[11686.9150391, -324.395477295, 320.399139404, -2.40245199203, -232.856491089, 250.773605347, -206.01675415, 86.6193313599, 160.904388428, 30.7119312286, -9.0416765213, -10.2637348175, 4.67970943451], [-324.395477295, 2462.34423828, -470.232513428, 224.423934937, 49.7201271057, -76.0364761353, 179.9871521, 14.9671602249, -77.2522735596, 48.7472267151, 27.723154068, -21.5079078674, 52.9600067139], [320.399139404, -470.232513428, 656.588989258, -12.4243927002, 33.0809059143, 115.438308716, -45.0999641418, -7.62868738174, 31.6694812775, -3.96877241135, -19.6896514893, 4.17045354843, 3.10341906548], [-2.40245199203, 224.423934937, -12.4243927002, 265.525970459, 61.2761077881, -7.12903594971, 16.8434753418, 41.3636169434, 3.26541543007, 4.9282374382, -5.4977145195, 15.5741453171, 22.4804840088], [-232.856491089, 49.7201271057, 33.0809059143, 61.2761077881, 134.034240723, 7.44436168671, 0.00815135892481, 10.1950149536, 14.931397438, 18.4905929565, -10.6898231506, 3.91168308258, 1.92760980129], [250.773605347, -76.0364761353, 115.438308716, -7.12903594971, 7.44436168671, 155.43296814, 11.5030355453, 1.94799315929, 29.7797908783, 11.5097799301, 11.2754058838, -8.10576438904, 0.534635543823], [-206.01675415, 179.9871521, -45.0999641418, 16.8434753418, 0.00815135892481, 11.5030355453, 128.834609985, 23.4945163727, -12.1310796738, 12.6833868027, 19.1990299225, 0.477006852627, -5.56971693039], [86.6193313599, 14.9671602249, -7.62868738174, 41.3636169434, 10.1950149536, 1.94799315929, 23.4945163727, 93.0601348877, 15.2941570282, -0.473496258259, 14.7281732559, 12.7221851349, 5.83269262314], [160.904388428, -77.2522735596, 31.6694812775, 3.26541543007, 14.931397438, 29.7797908783, -12.1310796738, 15.2941570282, 101.62326