{"tonal": {"chords_key": "G", "hpcp_entropy": {"dmean": 0.798272550106, "dmean2": 1.3393805027, "max": 4.64711332321, "dvar": 0.400689154863, "mean": 2.30011940002, "dvar2": 1.10286188126, "min": 0, "var": 0.714196622372, "median": 2.25507807732}, "key_key": "G#", "chords_strength": {"dmean": 0.017842842266, "dmean2": 0.022136028856, "max": 0.751220226288, "dvar": 0.000205447155167, "mean": 0.467172861099, "dvar2": 0.000332226831233, "min": 0.215659722686, "var": 0.00688424147666, "median": 0.469335287809}, "key_scale": "major", "chords_number_rate": 0.00207468890585, "thpcp": [1, 0.872323513031, 0.631660401821, 0.520382940769, 0.472255110741, 0.427858769894, 0.50028949976, 0.770302057266, 0.693152248859, 0.367790311575, 0.312388449907, 0.345722705126, 0.366133362055, 0.354386657476, 0.307152956724, 0.284237444401, 0.317147314548, 0.323292315006, 0.316380381584, 0.337876558304, 0.336405932903, 0.33820477128, 0.327826648951, 0.266633689404, 0.209230482578, 0.183298140764, 0.252160906792, 0.4511064291, 0.488358974457, 0.350088208914, 0.304675459862, 0.302327513695, 0.306858301163, 0.382726371288, 0.544000267982, 0.807513833046], "key_strength": 0.508585393429, "tuning_nontempered_energy_ratio": 0.935586512089, "tuning_frequency": 431.193908691, "chords_changes_rate": 0.142738595605, "tuning_diatonic_strength": 0.484557032585, "chords_scale": "minor", "chords_histogram": [5.56016588211, 1.03734445572, 6.59751033783, 41.0165977478, 10.6431531906, 0.373443990946, 0.207468882203, 0.207468882203, 0.663900434971, 0.0414937771857, 0.746887981892, 0, 0.186721995473, 0.165975108743, 0.850622415543, 0.892116189003, 0.767634868622, 2.0539419651, 0.0207468885928, 0, 2.55186724663, 10.1659755707, 6.74273872375, 8.50622367859], "tuning_equal_tempered_deviation": 0.311516523361, "hpcp": {"dmean": [0.207315444946, 0.177221760154, 0.15847247839, 0.160808697343, 0.192650437355, 0.180044144392, 0.122567079961, 0.117202952504, 0.132534310222, 0.142596691847, 0.136121943593, 0.114743612707, 0.109054751694, 0.124340631068, 0.125408262014, 0.111596301198, 0.111285708845, 0.114327169955, 0.112857587636, 0.111088730395, 0.0936911776662, 0.0773865431547, 0.0693745240569, 0.0925629585981, 0.15827819705, 0.154666975141, 0.11192971468, 0.109282791615, 0.110299497843, 0.11215595901, 0.133971095085, 0.183940500021, 0.235685050488, 0.24102640152, 0.279466807842, 0.246335998178], "dmean2": [0.387663066387, 0.329397827387, 0.293790876865, 0.290923237801, 0.334813177586, 0.309830158949, 0.221185609698, 0.213788241148, 0.244656011462, 0.26326957345, 0.25016862154, 0.210064202547, 0.201532751322, 0.23008954525, 0.23054023087, 0.201015636325, 0.199857085943, 0.208164930344, 0.202949360013, 0.19739754498, 0.166990205646, 0.14030072093, 0.126583322883, 0.167981088161, 0.284880161285, 0.272808641195, 0.198421880603, 0.198723569512, 0.200810626149, 0.203300759196, 0.242121145129, 0.333198130131, 0.414468497038, 0.410719186068, 0.502622902393, 0.460035830736], "max": [1, 1, 1, 1, 1, 1, 1, 1, 1, 1, 1, 1, 1, 1, 1, 1, 1, 1, 1, 1, 1, 1, 1, 1, 1, 1, 1, 1, 1, 1, 1, 1, 1, 1, 1, 1], "dvar": [0.0886452719569, 0.0722212865949, 0.0650210604072, 0.055963780731, 0.0708218365908, 0.0634056776762, 0.043566532433, 0.0463280826807, 0.0537321642041, 0.0619107671082, 0.0603873133659, 0.0479183383286, 0.0460880883038, 0.0537358298898, 0.0559983327985, 0.0413394533098, 0.0391883738339, 0.0430095270276, 0.0455340929329, 0.0466768853366, 0.0375158414245, 0.0311793982983, 0.027224779129, 0.0313604958355, 0.0643468797207, 0.0562981255352, 0.0405766665936, 0.0436987131834, 0.046213015914, 0.0452579371631, 0.0505967177451, 0.0691614076495, 0.0810804069042, 0.0904004871845, 0.106551110744, 0.0940771624446], "mean": [0.144154161215, 0.130822002888, 0.118523523211, 0.138587966561, 0.213385641575, 0.192013949156, 0.101883627474, 0.0865364521742, 0.095770560205, 0.101424627006, 0.0981706082821, 0.0850861445069, 0.0787381902337, 0.0878547355533, 0.089556992054, 0.0876422822475, 0.0935970544815, 0.0931896716356, 0.0936879739165, 0.0908130779862, 0.0738616734743, 0.0579600930214, 0.0507764331996, 0.0698524862528, 0.124963492155, 0.135283023119, 0.0969798713923, 0.0843998342752, 0.0837494209409, 0.0850045159459, 0.106021150947, 0.150696530938, 0.223693877459, 0.277015537024, 0.241647168994, 0.174979746342], "dvar2": [0.255428224802, 0.208090394735, 0.184148669243, 0.151560291648, 0.170571506023, 0.153718546033, 0.121085956693, 0.129071310163, 0.150120139122, 0.172482356429, 0.168452054262, 0.133527114987, 0.127286612988, 0.145050659776, 0.150879547, 0.1108712852, 0.109732612967, 0.121145054698, 0.122749693692, 0.124434620142, 0.102832593024, 0.0857981741428, 0.0759264081717, 0.0852537900209, 0.171390160918, 0.144398063421, 0.107345424592, 0.119564257562, 0.124571338296, 0.121884852648, 0.132515281439, 0.179846301675, 0.197319552302, 0.170465603471, 0.284884721041, 0.257989168167], "min": [0, 0, 0, 0, 0, 0, 0, 0, 0, 0, 0, 0, 0, 0, 0, 0, 0, 0, 0, 0, 0, 0, 0, 0, 0, 0, 0, 0, 0, 0, 0, 0, 0, 0, 0, 0], "var": [0.0689967498183, 0.0576704852283, 0.0518687106669, 0.0500156283379, 0.0947292596102, 0.0820243880153, 0.0353500694036, 0.0338337644935, 0.0399350896478, 0.045255664736, 0.0439418144524, 0.0348471514881, 0.0328569859266, 0.0390557870269, 0.0403671078384, 0.0326799862087, 0.0318467542529, 0.0343342646956, 0.0402958579361, 0.0414969958365, 0.0301789529622, 0.0229673273861, 0.018956720829, 0.023971805349, 0.0542779564857, 0.0547601096332, 0.0363290794194, 0.035421166569, 0.0361312590539, 0.0362642370164, 0.0424880832434, 0.0615543164313, 0.0893853008747, 0.131395533681, 0.109845377505, 0.0789587721229], "median": [0.0227092541754, 0.0224202275276, 0.0215592943132, 0.0340857729316, 0.0547794774175, 0.054217427969, 0.0262515526265, 0.0175459738821, 0.0169165916741, 0.0163672715425, 0.0174739155918, 0.017344975844, 0.0153775028884, 0.0136714000255, 0.0135497422889, 0.018698554486, 0.0218727495521, 0.0210881177336, 0.0171800237149, 0.0152909681201, 0.0132159842178, 0.0104622095823, 0.0093827471137, 0.0147455967963, 0.025134511292, 0.0307833999395, 0.020915646106, 0.013507341966, 0.0126126343384, 0.0134877972305, 0.0211446546018, 0.0433990508318, 0.0690442174673, 0.0612840764225, 0.0551298186183, 0.0296466685832]}}, "lowlevel": {"melbands_flatness_db": {"dmean": 0.0330037400126, "dmean2": 0.0454396158457, "max": 0.887292087078, "dvar": 0.00109978730325, "mean": 0.226750940084, "dvar2": 0.00209423177876, "min": 0.00579021638259, "var": 0.0164190009236, "median": 0.199086382985}, "melbands_crest": {"dmean": 4.3912320137, "dmean2": 6.76294994354, "max": 39.9855079651, "dvar": 14.4736709595, "mean": 19.2419490814, "dvar2": 33.6881256104, "min": 1.90029597282, "var": 57.952796936, "median": 18.894329071}, "spectral_entropy": {"dmean": 0.212633565068, "dmean2": 0.296218067408, "max": 9.79797267914, "dvar": 0.0523531809449, "mean": 7.76107740402, "dvar2": 0.09764932096, "min": 4.50660324097, "var": 0.576869368553, "median": 7.89763593674}, "melbands": {"dmean": [0.00198331126012, 0.00211995188147, 0.00129102182109, 0.000607041118201, 0.000211604201468, 0.000486892851768, 0.000712843961082, 0.000299573264783, 0.000220097062993, 0.000142258475535, 8.30740536912e-05, 8.21859139251e-05, 7.62192139518e-05, 6.31300863461e-05, 4.37803100795e-05, 3.37880810548e-05, 2.7526568374e-05, 1.88738104043e-05, 1.56956684805e-05, 1.0514528185e-05, 9.49204240897e-06, 1.25143251353e-05, 8.34510137793e-06, 7.27734959582e-06, 8.10484652902e-06, 6.8734452725e-06, 5.85964471611e-06, 5.00379064761e-06, 4.5708216021e-06, 4.51974528914e-06, 2.85004034595e-06, 3.84801342079e-06, 4.40576377514e-06, 4.78497076983e-06, 5.05353000335e-06, 5.17967555425e-06, 4.45792602477e-06, 4.30843192589e-06, 3.27949237544e-06, 2.786667892e-06], "dmean2": [0.00206994265318, 0.0028135557659, 0.00211678096093, 0.0010485566454, 0.000350187940057, 0.000745603756513, 0.00110088067595, 0.000475340086268, 0.000342449173331, 0.000226821386605, 0.000129916530568, 0.000129058971652, 0.00011848116992, 0.00010056031897, 6.99489391991e-05, 5.38400599908e-05, 4.46802550869e-05, 3.03457854898e-05, 2.51034034591e-05, 1.6481946659e-05, 1.4626481061e-05, 2.06891018024e-05, 1.29996888063e-05, 1.16119408631e-05, 1.24632706502e-05, 1.05441613414e-05, 8.90652154339e-06, 8.14854411146e-06, 7.74039563112e-06, 7.26896996639e-06, 4.39748191639e-06, 5.75710964767e-06, 6.74497232467e-06, 7.32624039301e-06, 7.59855311117e-06, 7.90395097283e-06, 6.63100900056e-06, 6.37715584162e-06, 4.86986118631e-06, 3.95701999878e-06], "max": [0.0410399660468, 0.0400738939643, 0.0217154603451, 0.0144703052938, 0.0126346796751, 0.0189367383718, 0.0196084044874, 0.0167937669903, 0.0146906925365, 0.0101439384744, 0.00563569646329, 0.00638126442209, 0.00591112161055, 0.00438708811998, 0.00277941231616, 0.0014361422509, 0.00142290722579, 0.00141744525172, 0.0010083289817, 0.000412516819779, 0.000373122107703, 0.000403550162446, 0.000411561253713, 0.000242508103838, 0.000294651050353, 0.000340051017702, 0.000258321670117, 9.48237357079e-05, 9.60296965786e-05, 9.52549453359e-05, 0.000144839650602, 0.000110188600956, 0.00017281100736, 0.000186386299902, 0.000269607437076, 0.000189943239093, 0.000181167779374, 0.000310138362693, 0.000282170047285, 0.000220200512558], "dvar": [1.08283838927e-05, 1.93697505892e-05, 7.64810374676e-06, 2.04322032005e-06, 1.64923548596e-07, 1.13771125143e-06, 2.35326911024e-06, 5.72850069602e-07, 4.58663606651e-07, 1.4227228462e-07, 4.38540403991e-08, 6.4491658236e-08, 4.92840435129e-08, 3.88375021032e-08, 1.44354350695e-08, 4.96562568841e-09, 3.67650576649e-09, 1.91258964222e-09, 1.15934661871e-09, 3.73816644306e-10, 3.03868152862e-10, 6.71748878744e-10, 3.00913793883e-10, 2.37250163959e-10, 2.22954876783e-10, 2.26598170783e-10, 1.30899069362e-10, 6.30863000728e-11, 6.75966088659e-11, 7.31106841734e-11, 2.10471015616e-11, 3.2392942495e-11, 4.67622468525e-11, 7.32188962238e-11, 8.64203500428e-11, 8.30247398609e-11, 8.60577720196e-11, 1.32833868904e-10, 9.98770996463e-11, 7.71509245379e-11], "mean": [0.00527969794348, 0.00324389245361, 0.00131736812182, 0.000631138740573, 0.00026119168615, 0.000665380561259, 0.000949701468926, 0.000386961473851, 0.000272833014606, 0.000182643096196, 0.000110785927973, 0.000106389365101, 9.69878819888e-05, 7.23731936887e-05, 4.98707086081e-05, 4.2162839236e-05, 3.58871948265e-05, 2.55392315012e-05, 2.17627111851e-05, 1.59615647135e-05, 1.52326692842e-05, 1.74119704752e-05, 1.2399964362e-05, 1.08085605461e-05, 1.24447906273e-05, 1.04091568573e-05, 9.56090843829e-06, 7.74839463702e-06, 6.82808286001e-06, 7.12279734216e-06, 4.39320774603e-06, 6.08606887909e-06, 7.76202887209e-06, 7.85857537267e-06, 7.91135698819e-06, 8.02810609457e-06, 6.9087391239e-06, 6.54915766063e-06, 4.94411051477e-06, 4.0738818825e-06], "dvar2": [1.19588512462e-05, 3.43971478287e-05, 1.87989862752e-05, 5.61123852094e-06, 3.98524719003e-07, 2.50978996519e-06, 5.22690925209e-06, 1.35708023663e-06, 1.07247308279e-06, 3.1495511621e-07, 9.74641096718e-08, 1.53421666482e-07, 1.15485654817e-07, 9.14494151516e-08, 3.35664545048e-08, 1.18712453201e-08, 9.1726235496e-09, 4.48493198135e-09, 2.72997868755e-09, 8.41617553426e-10, 6.67249033803e-10, 1.76630254867e-09, 5.89116644356e-10, 4.82218764919e-10, 4.83678652685e-10, 4.85414930473e-10, 2.65325178495e-10, 1.58633009506e-10, 1.73738190501e-10, 1.82140288962e-10, 4.675191137e-11, 7.01507046896e-11, 1.03830014031e-10, 1.62168223294e-10, 1.89449969601e-10, 1.73271577641e-10, 1.74955994137e-10, 2.90772961264e-10, 2.17570086947e-10, 1.7270083974e-10], "min": [9.08527318011e-24, 4.77880695115e-24, 1.63789059827e-23, 1.67088344345e-23, 4.23381450617e-24, 8.68759262057e-24, 8.47354152482e-24, 6.41671450993e-24, 1.46469208445e-23, 1.92014739674e-23, 8.00579670626e-24, 9.29399867588e-24, 7.38211933029e-24, 9.64211983791e-24, 4.83404496389e-24, 5.91799980109e-24, 1.9766817446e-23, 1.05574130581e-23, 6.73909198517e-24, 9.11866171792e-24, 8.44680702874e-24, 1.07310563317e-23, 1.05144879808e-23, 1.70199248879e-23, 1.32882830624e-23, 9.87280643242e-24, 6.11857320827e-24, 7.25295282339e-24, 4.38636561131e-24, 8.64045108173e-24, 1.93764969587e-23, 1.65043537993e-23, 1.25136169203e-23, 1.15502939038e-23, 8.69143279545e-24, 1.13591260852e-23, 9.1166745773e-24, 1.06237783484e-23, 1.25519476716e-23, 7.64936331687e-24], "var": [6.30087015452e-05, 3.6308705603e-05, 6.91604827807e-06, 1.6929936919e-06, 2.82311305e-07, 2.09284394259e-06, 3.68349105884e-06, 8.07444280326e-07, 6.57121006498e-07, 2.35465677179e-07, 7.91751588736e-08, 7.85601130815e-08, 6.85676582179e-08, 4.95925718269e-08, 1.92540472455e-08, 7.17621340129e-09, 4.33375468845e-09, 2.57589216623e-09, 1.83187409686e-09, 7.0420869136e-10, 6.07657868468e-10, 8.86965667579e-10, 5.17377918285e-10, 3.56251528277e-10, 4.16376599865e-10, 4.23368645697e-10, 2.57955073968e-10, 1.04266532908e-10, 9.63829294154e-11, 1.46057665962e-10, 3.8830296617e-11, 6.1196825385e-11, 9.94960711043e-11, 1.41815489907e-10, 1.76559850074e-10, 1.88844467841e-10, 2.01076794104e-10, 2.59141430536e-10, 1.7265103236e-10, 1.22200138897e-10], "median": [0.000870281597599, 0.00105351698585, 0.000417949428083, 0.000205026735784, 0.000118681637105, 0.000160897965543, 0.000232444057474, 0.000123846548377, 5.21787515027e-05, 4.80155285913e-05, 3.5201162973e-05, 3.48772700818e-05, 2.93432094622e-05, 1.61926382134e-05, 1.28578249132e-05, 1.49912448251e-05, 1.49975494423e-05, 1.04854534584e-05, 9.23152765608e-06, 5.86820988246e-06, 6.22854167887e-06, 6.02705586061e-06, 4.5078304538e-06, 3.76845855499e-06, 3.72049748876e-06, 3.59807927452e-06, 4.04598267778e-06, 3.97888470616e-06, 3.25428618453e-06, 2.48741457654e-06, 2.53061512012e-06, 3.73660941477e-06, 5.07900131197e-06, 4.29772353527e-06, 4.00601038564e-06, 4.13353973272e-06, 3.00322835756e-06, 2.297887022e-06, 1.6194719592e-06, 1.12986265322e-06]}, "silence_rate_60dB": {"dmean": 0.0114143406972, "dmean2": 0.0228310506791, "max": 1, "dvar": 0.0112834917381, "mean": 0.0365221016109, "dvar2": 0.0256283916533, "min": 0, "var": 0.0351838469505, "median": 0}, "spectral_energyband_middle_high": {"dmean": 0.00186706113163, "dmean2": 0.00272453692742, "max": 0.0503954291344, "dvar": 7.82816096034e-06, "mean": 0.00420112116262, "dvar2": 1.62569322129e-05, "min": 1.49731484658e-21, "var": 2.24892373808e-05, "median": 0.00265953270718}, "erbbands_skewness": {"dmean": 0.5427313447, "dmean2": 0.791261911392, "max": 6.4823179245, "dvar": 0.309797376394, "mean": 0.405889958143, "dvar2": 0.614228129387, "min": -5.53401851654, "var": 1.18971145153, "median": 0.345906585455}, "dynamic_complexity": 2.71971583366, "dissonance": {"dmean": 0.0248012878001, "dmean2": 0.0407584272325, "max": 0.500000119209, "dvar": 0.000766084587667, "mean": 0.454427629709, "dvar2": 0.00198460253887, "min": 0.174964174628, "var": 0.00201124092564, "median": 0.46921736002}, "spectral_skewness": {"dmean": 0.317238152027, "dmean2": 0.474577695131, "max": 12.6172189713, "dvar": 0.31766924262, "mean": 1.57307600975, "dvar2": 0.695394814014, "min": -0.377391368151, "var": 3.06843161583, "median": 1.17689275742}, "spectral_kurtosis": {"dmean": 3.25787138939, "dmean2": 4.93124437332, "max": 251.795013428, "dvar": 144.256607056, "mean": 8.00054073334, "dvar2": 330.129730225, "min": -1.28293764591, "var": 741.022460938, "median": 1.73302149773}, "gfcc": {"cov": [[16521.9941406, -2854.87207031, -1818.44934082, 773.74810791, -996.662841797, 408.31652832, -1008.45379639, 576.331787109, -640.701843262, 293.953308105, -413.652282715, 156.060714722, -467.537567139], [-2854.87207031, 2973.64892578, 368.961547852, -300.351776123, 537.352050781, -345.76663208, 615.765563965, -233.651260376, 447.40145874, -91.2429733276, 270.624786377, -128.208648682, 214.93107605], [-1818.44934082, 368.961547852, 886.149963379, -40.9025154114, 160.545791626, 114.831680298, 111.707427979, -89.0503921509, 53.057723999, -75.2111434937, 26.1100406647, -22.4881267548, 69.0860977173], [773.74810791, -300.351776123, -40.9025154114, 593.722900391, 163.009033203, 51.6237945557, -26.1921672821, 73.3988952637, 46.991443634, 53.8636932373, 8.45241165161, 47.9592666626, 41.0131454468], [-996.662841797, 537.352050781, 160.545791626, 163.009033203, 463.775695801, 3.41764092445, 195.262939453, 15.9351568222, 157.474212646, 41.0100440979, 63.1827583313, -11.9460449219, 90.3615264893], [408.31652832, -345.76663208, 114.831680298, 51.6237945557, 3.41764092445, 358.002868652, 65.8740310669, 47.6048088074, -24.2577705383, 43.3649635315, -40.262638092, 11.8678836823, -4.6476187706], [-1008.45379639, 615.765563965, 111.707427979, -26.1921672821, 195.262939453, 65.8740310669, 419.578277588, 45.5535812378, 158.479003906, 40.2548294067, 95.7389526367, 7.1116771698, 83.0052642822], [576.331787109, -233.651260376, -89.0503921509, 73.3988952637, 15.9351568222, 47.6048088074, 45.5535812378, 213.670822144, 53.0384407043, 70.394203186, 3.67634177208, 46.9816474915, 16.6287975311], [-640.701843262, 447.40145874, 53.057723999, 46.991443634, 157.474212646, -24.2577705383, 158.479003906, 53.0384407043, 264.599914551, 81.7945709229, 106.690292358, 16.4762573242, 80.4214859009], [293.953308105, -91.2429733276, -75.2111434937, 53.8636932373, 41.0100440979, 43.3649635315, 40.2548294067, 70.394203186, 81.7945709229, 167.729980469, 78.0767974854, 50.8025627136, 26.9574890137], [-413.652282715, 270.624786377, 26.1100406647, 8.45241165161, 63.1827583313, -40.262638092, 95.7389526367, 3.67634177208, 106.690292358, 78.0767974854, 172.260253906, 59.2445411682, 50.9957504272], [156.060714722, -128.208648682, -22.4881267548, 47.9592666626, -11.9460449219, 11.8678836823, 7.1116771698, 46.9816474915, 16.4762573242, 50.8025627136, 59.2445411682, 113.314254761, 35.7568664551], [-467.537567139, 214.93107605, 69.0860977173, 41.0131454468, 90.3615264893, -4.6476187706, 83.0052642822, 16.6287975311, 80.4214859009, 26.9574890137, 50.9957504272, 35.7568664551, 117.26386261]], "mean": [6.60823059082, 68.9486465454, -87.4613876343, 34.3477058411, -68.2786865234, 24.7009315491, -35.1177940369, 12.4793272018, -16.434425354, 8.95831680298, -11.2784700394, 4.05408573151, -13.5017223358], "icov": [[0.000175480803591, -0.00028265779838, 0.00022362350137, -0.000336099154083, 0.000340398371918, -0.000377842807211, 0.000448504608357, -0.00054992682999, 0.000422177661676, -0.0004545575066, 0.000295879959594, -0.000253986800089, 0.000450498046121], [-0.00028265779838, 0.00188638968393, -0.000336146709742, 0.00114482408389, -0.00128095434047, 0.00157901865896, -0.00198902003467, 0.00209932611324, -0.00193418504205, 0.00190813653171, -0.00151093374006, 0.0016415034188, -0.0015825976152], [0.00022362350137, -0.000336146709742, 0.00184828368947, -0.000185542652616, -8.44133173814e-05, -0.00133139116224, 0.000718881143257, -0.000194990367163, 0.000243267219048, 0.000664721010253, -0.000203352668905, -0.000260542903561, -0.000137003851705], [-0.000336099154083, 0.00114482408389, -0.000185542652616, 0.00312836281955, -0.00208539096639, 0.000679990742356, -0.000585395086091, 0.00112839275971, -0.00149217981379, 0.00143774866592, -0.000838749925606, 0.000168433674844, -0.00152869836893], [0.000340398371918, -0.00128095434047, -8.44133173814e-05, -0.00208539096639, 0.00486319232732, -0.000749283644836, 0.000226429401664, -0.00141299958341, 0.000614685122855, -0.0021425629966, 0.00135709368624, 0.00022164497932, 0.000160260751727], [-0.000377842807211, 0.00157901865896, -0.00133139116224, 0.000679990742356, -0.000749283644836, 0.00550847873092, -0.00317603116855, 0.00175568053965, -0.000872932258062, -0.000583850836847, 0.000883687927853, 0.000798093620688, -0.000953948125243], [0.000448504608357, -0.00198902003467, 0.000718881143257, -0.000585395086091, 0.000226429401664, -0.00317603116855, 0.00659662857652, -0.00341477128677, 0.00100490462501, -0.000882443622686, -0.000427201273851, -0.00086516403826, 0.000692795321811], [-0.00054992682999, 0.00209932611324, -0.000194990367163, 0.00112839275971, -0.00141299958341, 0.00175568053965, -0.00341477128677, 0.00966989994049, -0.00391888152808, 0.000298500293866, 0.0011532221688, -0.00115934258793, -0.0016448671231], [0.000422177661676, -0.00193418504205, 0.000243267219048, -0.00149217981379, 0.000614685122855, -0.000872932258062, 0.00100490462501, -0.00391888152808, 0.00994700938463, -0.00418478623033, -0.00118683371693, 0.000890399212949, -0.000672077236231], [-0.0004545575066, 0.00190813653171, 0.000664721010253, 0.00143774866592, -0.0021425629966, -0.000583850836847, -0.000882443622686, 0.000298500293866, -0.00418478623033, 0.0135067161173, -0.00633443053812, 0.000448491540737, -0.0016110901488], [0.000295879959594, -0.00151093374006, -0.000203352668905, -0.000838749925606, 0.00135709368624, 0.000883687927853, -0.000427201273851, 0.0011532221688, -0.00118683371693, -0.00633443053812, 0.0145036811009, -0.00730394758284, 0.00168030383065], [-0.000253986800089, 0.0016415034188, -0.000260542903561, 0.000168433674844, 0.00022164497932, 0.000798093620688, -0.00086516403826, -0.00115934258793, 0.000890399212949, 0.000448491540737, -0.00730394758284, 0.0167439933866, -0.00593220908195], [0.000450498046121, -0.0015825976152, -0.000137003851705, -0.00152869836893, 0.000160260751727, -0.000953948125243, 0.000692795321811, -0.0016448671231, -0.000672077236231, -0.0016110901488, 0.00168030383065, -0.00593220908195, 0.0153310382739]]}, "spectral_complexity": {"dmean": 4.55764245987, "dmean2": 6.84163570404, "max": 60, "dvar": 28.8957500458, "mean": 17.4810123444, "dvar2": 52.4664306641, "min": 0, "var": 118.928031921, "median": 15}, "spectral_flux": {"dmean": 0.0344806388021, "dmean2": 0.0473211705685, "max": 0.346919059753, "dvar": 0.00110117706936, "mean": 0.1153729707, "dvar2": 0.00190748262685, "min": 1.03232040971e-10, "var": 0.00423895521089, "median": 0.101208403707}, "spectral_energyband_low": {"dmean": 0.0081900395453, "dmean2": 0.0095246322453, "max": 0.139322787523, "dvar": 0.000153448214405, "mean": 0.0237824097276, "dvar2": 0.000181478186278, "min": 5.62703382045e-23, "var": 0.000920575868804, "median": 0.00902577396482}, "spectral_decrease": {"dmean": 2.93222068848e-09, "dmean2": 3.54085116783e-09, "max": 2.87116499928e-18, "dvar": 9.81327043191e-18, "mean": -1.08163300538e-08, "dvar2": 1.37977092799e-17, "min": -3.73449466906e-08, "var": 6.87765673054e-17, "median": -8.73318839467e-09}, "barkbands_spread": {"dmean": 9.51794147491, "dmean2": 14.1909704208, "max": 126.631011963, "dvar": 138.661315918, "mean": 28.2328128815, "dvar2": 289.902282715, "min": 0.057239998132, "var": 496.588928223, "median": 22.129737854}, "spectral_rms": {"dmean": 0.000890751427505, "dmean2": 0.00111979688518, "max": 0.0118120750412, "dvar": 8.32162072584e-07, "mean": 0.00603142287582, "dvar2": 1.25322901567e-06, "min": 3.22442723563e-12, "var": 6.24017002337e-06, "median": 0.00596563378349}, "spectral_centroid": {"dmean": 376.38861084, "dmean2": 564.380371094, "max": 11748.6894531, "dvar": 230064.78125, "mean": 1444.11645508, "dvar2": 431126.375, "min": 74.3522415161, "var": 812688.8125, "median": 1302.34155273}, "barkbands_skewness": {"dmean": 0.893537163734, "dmean2": 1.26070952415, "max": 65.0321807861, "dvar": 1.99578309059, "mean": 2.28560590744, "dvar2": 4.98366737366, "min": -6.86515140533, "var": 6.39273738861, "median": 1.86493587494}, "spectral_rolloff": {"dmean": 954.046203613, "dmean2": 1555.00793457, "max": 18863.0859375, "dvar": 2951699.75, "mean": 1995.67773438, "dvar2": 5871382, "min": 21.533203125, "var": 7758028, "median": 796.728515625}, "erbbands_spread": {"dmean": 14.5622081757, "dmean2": 21.8328495026, "max": 195.565185547, "dvar": 230.403213501, "mean": 55.0467567444, "dvar2": 495.241943359, "min": 1.8359926939, "var": 766.668579102, "median": 54.6561508179}, "barkbands": {"dmean": [0.000445761164883, 0.00703411316499, 0.00489047681913, 0.00279362872243, 0.00238782516681, 0.00204321276397, 0.0032345475629, 0.00115181319416, 0.000995945418254, 0.000596424390096, 0.000584964524023, 0.000522672547959, 0.000349543261109, 0.000271907018032, 0.000208066136111, 0.000139629613841, 0.00018799873942, 0.000153147004312, 0.000187939760508, 0.000153630127897, 0.000150079911691, 0.000187766563613, 0.000289260584395, 0.000334535638103, 0.000255770923104, 6.54626273899e-05, 5.4803549574e-06], "dmean2": [0.000648678920697, 0.0082502476871, 0.00809266138822, 0.0049892985262, 0.00416411831975, 0.00315430993214, 0.00506378198043, 0.00185097253416, 0.00158373953309, 0.000945413077716, 0.000925688073039, 0.000832675548736, 0.000564244925044, 0.000445242156275, 0.000331603689119, 0.00021431632922, 0.000300908926874, 0.00024031229259, 0.000288286129944, 0.000244238704909, 0.000240879642661, 0.000276788836345, 0.000427882856457, 0.000483296433231, 0.000365615851479, 9.21242244658e-05, 8.30927638162e-06], "max": [0.00562617229298, 0.134681656957, 0.0925435125828, 0.0558855235577, 0.0563461892307, 0.0786018669605, 0.0846372321248, 0.0737507045269, 0.05411830917, 0.0424683205783, 0.0371391810477, 0.0306548513472, 0.0142154842615, 0.0117239365354, 0.0101141920313, 0.00521530816332, 0.00494175450876, 0.00492457300425, 0.0073053073138, 0.00382799655199, 0.00361986365169, 0.00725830346346, 0.0100019304082, 0.0158893000335, 0.0173291862011, 0.00628130929545, 0.000659910961986], "dvar": [3.37186520483e-07, 0.000175809720531, 0.000150072140968, 4.54976034234e-05, 3.10093564622e-05, 2.04368170671e-05, 4.9970461987e-05, 1.22506553453e-05, 6.72585110806e-06, 2.84591237687e-06, 2.50146081271e-06, 2.42681562668e-06, 6.27065389835e-07, 3.41914727642e-07, 1.8972957605e-07, 6.35000887428e-08, 1.31111491442e-07, 1.03220372694e-07, 1.28846906478e-07, 6.00392269234e-08, 5.80655274973e-08, 7.78709718929e-08, 2.51847581012e-07, 5.74697992306e-07, 4.86084672957e-07, 2.67525059883e-08, 3.50247802983e-10], "mean": [0.000779957510531, 0.0174827929586, 0.00429923972115, 0.00236871116795, 0.00252936594188, 0.00278037972748, 0.00421145511791, 0.00137216539588, 0.0012801992707, 0.000742987729609, 0.000741539872251, 0.000596953148488, 0.000425233505666, 0.000360704987543, 0.000288940675091, 0.000222196686082, 0.000280104082776, 0.000221977956244, 0.000311845040414, 0.000256345898379, 0.000254545593634, 0.000354462797986, 0.000476431014249, 0.000550923112314, 0.000384675280657, 0.000102432299173, 7.13883264325e-06], "dvar2": [7.22766174022e-07, 0.000262325716903, 0.000372998038074, 0.000126168131828, 8.61944135977e-05, 4.55381014035e-05, 0.000112198955321, 2.89781564788e-05, 1.53505880007e-05, 6.46749413136e-06, 5.91473053646e-06, 5.71680675421e-06, 1.53198618591e-06, 8.4133165501e-07, 4.40506596533e-07, 1.38109513159e-07, 3.15961216302e-07, 2.08610657637e-07, 2.73971920706e-07, 1.43439606859e-07, 1.41404683518e-07, 1.59691580848e-07, 5.25302823462e-07, 1.14365036552e-06, 1.02076251096e-06, 5.57138051249e-08, 7.3751543761e-10], "min": [1.35914927953e-23, 2.35092666659e-23, 1.20977641609e-23, 2.56494273691e-23, 6.70839803844e-23, 4.1048191032e-23, 4.72361705893e-23, 2.53934672489e-23, 1.49933301783e-22, 5.13219872955e-23, 4.67659716245e-23, 7.24359219989e-23, 5.53415586183e-23, 2.0036742613e-22, 9.38225469846e-23, 1.38040194963e-22, 2.05044159608e-22, 2.96863706712e-22, 2.37161829881e-22, 2.15167453832e-22, 3.97132850258e-22, 8.66698378719e-22, 6.12454037304e-22, 9.18399388436e-22, 8.44976052397e-22, 1.55482066087e-21, 2.55034020212e-21], "var": [1.02240176147e-06, 0.000729332095943, 0.00012309954036, 3.10529612761e-05, 2.59142598225e-05, 3.70652996935e-05, 7.56465524319e-05, 1.75224831764e-05, 1.09376733235e-05, 4.30640784543e-06, 3.43512806467e-06, 3.07506775243e-06, 8.85343467871e-07, 4.2731332428e-07, 2.96691467838e-07, 1.35220460606e-07, 2.07771051919e-07, 1.55182192429e-07, 2.65459988213e-07, 1.09806073567e-07, 1.2302619723e-07, 1.85547790466e-07, 5.7270040088e-07, 1.35593961659e-06, 8.62637307364e-07, 4.57272157917e-08, 5.59532975508e-10], "median": [0.000325638393406, 0.00280412705615, 0.000766870100051, 0.000564441666938, 0.000944142462686, 0.000741552736145, 0.00107242842205, 0.000245500385063, 0.000318928767228, 0.000211055274121, 0.000233382277656, 0.000144466845086, 0.000135420588776, 0.000153416127432, 0.000120353921375, 8.64062749315e-05, 0.000103246660728, 8.43576126499e-05, 0.000109695945866, 0.000131689172122, 0.000114290480269, 0.000242370006163, 0.00025649392046, 0.000240379129536, 0.000123350822832, 3.5053006286e-05, 2.16354237637e-06]}, "melbands_kurtosis": {"dmean": 24.8715667725, "dmean2": 38.7901115417, "max": 18486.9980469, "dvar": 57162.5078125, "mean": 41.0443687439, "dvar2": 132862.59375, "min": -1.89922380447, "var": 90379.0859375, "median": 15.5792303085}, "erbbands_crest": {"dmean": 3.43851542473, "dmean2": 5.55504131317, "max": 30.6086292267, "dvar": 11.659034729, "mean": 9.56017494202, "dvar2": 27.4786224365, "min": 2.26331496239, "var": 28.7400856018, "median": 7.99406051636}, "melbands_skewness": {"dmean": 1.32895767689, "dmean2": 1.91707491875, "max": 129.927429199, "dvar": 3.79895877838, "mean": 4.09731292725, "dvar2": 7.73178052902, "min": -3.11113238335, "var": 14.0263671875, "median": 3.33074617386}, "spectral_energyband_middle_low": {"dmean": 0.00831272639334, "dmean2": 0.0130261415616, "max": 0.0898261368275, "dvar": 0.000125413265778, "mean": 0.0148021401837, "dvar2": 0.000295181584079, "min": 3.61514025961e-22, "var": 0.000220199173782, "median": 0.00981049705297}, "spectral_contrast_coeffs": {"dmean": [0.0618046149611, 0.0623656436801, 0.0443345271051, 0.0331439487636, 0.025996144861, 0.024658145383], "dmean2": [0.0930453315377, 0.098794169724, 0.0703529193997, 0.0522783473134, 0.0408236943185, 0.037631355226], "max": [-0.269014179707, -0.302060902119, -0.436335891485, -0.541950285435, -0.53792989254, -0.483804792166], "dvar": [0.00255384668708, 0.00270217237994, 0.00135089934338, 0.000774441752583, 0.000518567976542, 0.000600749102887], "mean": [-0.652995049953, -0.706013739109, -0.784109950066, -0.803697109222, -0.803853452206, -0.780413746834], "dvar2": [0.00582303432748, 0.00615264475346, 0.00321133225225, 0.00182085065171, 0.00114330579527, 0.00125758897047], "min": [-0.977067470551, -0.963222384453, -0.973177850246, -0.961686134338, -0.95894920826, -0.958161234856], "var": [0.010592202656, 0.010230191052, 0.00487118493766, 0.00290136504918, 0.00229649432003, 0.00234631914645], "median": [-0.659985244274, -0.722126245499, -0.797424435616, -0.813257694244, -0.807598233223, -0.787726283073]}, "spectral_contrast_valleys": {"dmean": [0.44132655859, 0.449610412121, 0.397801727057, 0.360347867012, 0.340557277203, 0.38831743598], "dmean2": [0.71520537138, 0.729382872581, 0.639025390148, 0.547922551632, 0.500933468342, 0.506385207176], "max": [-5.47755670547, -4.83500957489, -5.04994869232, -5.84665727615, -5.62694120407, -7.08374261856], "dvar": [0.169732898474, 0.174435868859, 0.163116380572, 0.157738953829, 0.186314344406, 0.172304660082], "mean": [-7.28492355347, -6.78009366989, -7.36258649826, -7.84215164185, -7.75497770309, -9.50932407379], "dvar2": [0.380244165659, 0.391051441431, 0.359395951033, 0.307181298733, 0.332252860069, 0.274540185928], "min": [-27.270072937, -27.6027832031, -27.0275287628, -27.074754715, -27.3647060394, -27.3095283508], "var": [1.45908260345, 1.34213161469, 1.40039646626, 1.74693834782, 2.26671004295, 2.9911096096], "median": [-7.04026412964, -6.56146287918, -7.13460493088, -7.59945583344, -7.48292064667, -9.03436851501]}, "silence_rate_20dB": {"dmean": 0, "dmean2": 0, "max": 1, "dvar": 0, "mean": 1, "dvar2": 0, "min": 1, "var": 0, "median": 1}, "silence_rate_30dB": {"dmean": 0.0371484905481, "dmean2": 0.0743046924472, "max": 1, "dvar": 0.0357648059726, "mean": 0.953206062317, "dvar2": 0.0789489746094, "min": 0, "var": 0.0446095056832, "median": 1}, "spectral_strongpeak": {"dmean": 0.498416304588, "dmean2": 0.804390907288, "max": 13.3277273178, "dvar": 0.689284682274, "mean": 0.923954188824, "dvar2": 1.73343229294, "min": 0, "var": 1.05549013615, "median": 0.561425328255}, "spectral_spread": {"dmean": 991271.75, "dmean2": 1379771.25, "max": 41097508, "dvar": 1052639690750.0, "mean": 6569506.5, "dvar2": 1859926360060.0, "min": 381300.6875, "var": 6217392979970.0, "median": 6450868}, "barkbands_flatness_db": {"dmean": 0.0278725903481, "dmean2": 0.0388792529702, "max": 0.724825620651, "dvar": 0.000810383993667, "mean": 0.153536349535, "dvar2": 0.00157752772793, "min": 0.0221419259906, "var": 0.0112089067698, "median": 0.128068223596}, "pitch_salience": {"dmean": 0.0947174504399, "dmean2": 0.139947488904, "max": 0.868677020073, "dvar": 0.00732946675271, "mean": 0.476977318525, "dvar2": 0.0167000256479, "min": 0.00421910174191, "var": 0.0308058224618, "median": 0.49762776494}, "erbbands_kurtosis": {"dmean": 1.57509815693, "dmean2": 2.42021584511, "max": 58.9301834106, "dvar": 7.67681026459, "mean": 0.916636526585, "dvar2": 17.6449222565, "min": -1.86272442341, "var": 13.525601387, "median": -0.424203246832}, "average_loudness": 0.978605270386, "barkbands_crest": {"dmean": 3.23522853851, "dmean2": 4.89856243134, "max": 26.7712135315, "dvar": 8.49489688873, "mean": 13.3060569763, "dvar2": 18.5336112976, "min": 2.31434965134, "var": 35.6445274353, "median": 12.5266466141}, "hfc": {"dmean": 11.0087881088, "dmean2": 15.4202632904, "max": 292.487762451, "dvar": 260.807922363, "mean": 31.5355491638, "dvar2": 495.556182861, "min": 1.18641800574e-16, "var": 792.265014648, "median": 25.9558143616}, "barkbands_kurtosis": {"dmean": 10.7302331924, "dmean2": 16.431930542, "max": 5682.37597656, "dvar": 9174.68554688, "mean": 14.6113510132, "dvar2": 29769.8671875, "min": -1.97404813766, "var": 9034.43847656, "median": 3.52101063728}, "erbbands": {"dmean": [0.251889258623, 1.74636030197, 4.90486383438, 7.72191572189, 9.30613422394, 6.83791732788, 6.09203767776, 21.6192474365, 48.243309021, 30.0117378235, 26.4307689667, 23.4842739105, 16.5599422455, 19.9752788544, 22.3228168488, 19.3031272888, 15.2499856949, 14.536907196, 10.9553642273, 8.62558078766, 7.72902107239, 10.3349981308, 8.21233272552, 9.28945064545, 8.71867847443, 7.09680223465, 7.07763433456, 4.92720031738, 6.49980735779, 7.92310905457, 8.39820384979, 7.31820964813, 5.56675291061, 3.28877496719, 1.70742499828, 0.397455066442, 0.106933355331, 0.0164795089513, 0.000760367838666, 2.86233171209e-05], "dmean2": [0.24102935195, 2.11443185806, 7.45802688599, 13.2051830292, 15.9369421005, 11.797296524, 9.97453594208, 33.1055412292, 74.5420455933, 47.399181366, 41.1838531494, 37.2585449219, 25.746137619, 31.3052158356, 34.502204895, 30.5183010101, 24.1865577698, 23.1167755127, 17.3696479797, 13.4898166656, 11.6922359467, 16.5695705414, 12.7793741226, 14.2059316635, 13.1001796722, 11.1751976013, 11.8150348663, 7.59179449081, 9.5987739563, 11.875535965, 12.4273900986, 10.8092765808, 8.06954097748, 4.62717962265, 2.53985834122, 0.575360715389, 0.150789380074, 0.0233238209039, 0.00112063507549, 3.79686243832e-05], "max": [5.1114153862, 34.5143547058, 97.6248245239, 135.54914856, 228.534927368, 251.022918701, 344.262664795, 950.559265137, 1352.01159668, 1733.9597168, 1998.03088379, 1722.50146484, 1117.99963379, 1435.08874512, 1662.08642578, 1299.72839355, 724.468688965, 630.653564453, 703.294799805, 349.074859619, 333.886566162, 293.335449219, 224.613479614, 297.792694092, 474.95123291, 131.404067993, 143.490142822, 201.747894287, 175.86541748, 313.013427734, 384.650115967, 284.814941406, 328.60168457, 275.351287842, 92.6933746338, 44.4279823303, 6.31194400787, 1.19029355049, 0.1331782341, 0.00227597355843], "dvar": [0.149301931262, 12.4450874329, 134.666503906, 330.565124512, 429.712219238, 274.70022583, 148.107940674, 2553.71118164, 11659.5917969, 5778.1015625, 6823.74121094, 3871.96020508, 1656.4074707, 3498.13427734, 4631.41943359, 3368.06665039, 1198.203125, 952.153259277, 564.204345703, 271.108703613, 194.6615448, 445.109741211, 304.624816895, 283.920959473, 344.948425293, 115.507278442, 150.034561157, 55.5763931274, 88.9499282837, 175.664413452, 223.0521698, 200.554153442, 210.757141113, 103.417121887, 15.6579427719, 1.16622078419, 0.0602512322366, 0.00156214670278, 1.16457922559e-05, 3.95689836452e-09], "mean": [0.655797183514, 3.30205464363, 5.02440452576, 7.0676150322, 9.4397983551, 7.20384407043, 7.78239202499, 29.4809093475, 63.3032836914, 39.849407196, 33.4241981506, 30.8493423462, 23.0289115906, 27.0300521851, 28.6864624023, 23.2533779144, 19.5452270508, 19.9772319794, 16.0357685089, 13.6568889618, 13.2340536118, 15.7419281006, 12.8556213379, 15.0788526535, 14.4520015717, 12.1942996979, 11.6327114105, 8.6211271286, 11.4458637238, 14.2454748154, 13.8949584961, 11.9302253723, 8.80412864685, 5.08986902237, 2.36763978004, 0.588341236115, 0.17444178462, 0.0265917349607, 0.00102801725734, 8.29250493553e-05], "dvar2": [0.133471772075, 20.198802948, 303.250793457, 867.732299805, 1158.48596191, 759.66809082, 345.077789307, 5639.53515625, 26110.5214844, 13754.2636719, 16073.8994141, 8575.10351563, 3701.67871094, 8336.98339844, 10815.4628906, 7938.91552734, 2894.859375, 2324.36914063, 1293.64208984, 612.997375488, 412.282501221, 1094.32385254, 602.538146973, 591.096679688, 687.10144043, 271.572174072, 379.644287109, 128.852859497, 186.218185425, 373.356933594, 462.484680176, 389.774139404, 441.780212402, 223.973327637, 33.7673416138, 2.47507810593, 0.124811589718, 0.00319601874799, 2.48032974923e-05, 8.237019955e-09], "min": [1.30437547357e-21, 2.69213745758e-21, 9.34231516308e-21, 6.07486740985e-20, 2.66201894714e-19, 1.35377245005e-19, 1.28871081746e-19, 4.22915294268e-19, 4.70681640071e-19, 6.98784397102e-19, 1.30850274213e-18, 3.08003410101e-18, 1.70272378719e-18, 2.31036714965e-18, 2.66233539542e-18, 2.52657355021e-18, 2.59493154923e-18, 9.50224555851e-18, 6.1937191501e-18, 6.1882237757e-18, 7.3394619058e-18, 1.16425489237e-17, 1.31832993732e-17, 1.69497116097e-17, 1.00492303191e-17, 1.06429168699e-17, 9.62908377928e-18, 2.60608645202e-17, 2.54023956654e-17, 2.28198534206e-17, 1.74160131733e-17, 1.51620237591e-17, 1.6584198695e-17, 1.02819675106e-17, 6.32261332828e-18, 5.22434660384e-18, 3.31957030356e-18, 1.27933945566e-18, 3.65670751114e-19, 3.76206524727e-20], "var": [0.991223573685, 33.8910446167, 142.672149658, 252.806915283, 360.710845947, 245.555023193, 260.662384033, 4570.83203125, 17728.6914063, 7727.9296875, 9447.19238281, 6498.46240234, 3042.72729492, 4362.58691406, 6439.48339844, 4270.55175781, 1733.74206543, 1233.99450684, 849.994445801, 505.621276855, 431.364105225, 673.25604248, 487.965454102, 563.882080078, 702.525512695, 231.110061646, 272.794830322, 116.025276184, 191.688751221, 390.67980957, 511.634429932, 503.18951416, 437.882446289, 177.488327026, 26.1142673492, 1.83466279507, 0.112006440759, 0.0030133840628, 1.76814955921e-05, 7.92882293155e-09], "median": [0.104721426964, 0.566230475903, 1.23568606377, 1.96308660507, 2.95889091492, 2.57853031158, 3.49901580811, 7.32782125473, 14.3596668243, 14.8420333862, 7.54989862442, 8.11338615417, 7.81908607483, 9.3029384613, 8.02171707153, 6.38663959503, 6.589884758, 8.65525817871, 6.98004007339, 5.94120740891, 5.63638591766, 5.90037441254, 4.95055627823, 4.88712978363, 5.89993810654, 6.2663693428, 5.08948326111, 4.87672519684, 7.58399009705, 8.62467575073, 7.40312480927, 5.74920797348, 3.20949435234, 1.58476781845, 0.696297287941, 0.199553489685, 0.0585323981941, 0.0097697339952, 0.000288409995846, 7.1807357017e-05]}, "spectral_energy": {"dmean": 0.0113962478936, "dmean2": 0.0139491017908, "max": 0.143013238907, "dvar": 0.00014622710296, "mean": 0.0436838418245, "dvar2": 0.000208470446523, "min": 1.06568545982e-20, "var": 0.000996087910607, "median": 0.0364785045385}, "zerocrossingrate": {"dmean": 0.0185838211328, "dmean2": 0.0199359208345, "max": 0.52734375, "dvar": 0.000608089612797, "mean": 0.0757832452655, "dvar2": 0.000589504372329, "min": 0, "var": 0.00464994227514, "median": 0.05615234375}, "spectral_energyband_high": {"dmean": 0.00108775403351, "dmean2": 0.00153579097241, "max": 0.0285474490374, "dvar": 3.40423025591e-06, "mean": 0.00226161093451, "dvar2": 6.17190016783e-06, "min": 7.6929