{"tonal": {"chords_number_rate": 0.00226836511865, "thpcp": [1, 0.621417999268, 0.351884931326, 0.249617770314, 0.202665552497, 0.18293081224, 0.181046798825, 0.171374708414, 0.150645449758, 0.141769945621, 0.139329880476, 0.126870647073, 0.116610817611, 0.12448631227, 0.129019021988, 0.13472110033, 0.148961603642, 0.166621565819, 0.200455084443, 0.238293841481, 0.303983032703, 0.376804769039, 0.349338531494, 0.256538242102, 0.198274627328, 0.155546143651, 0.130771994591, 0.139443382621, 0.153056398034, 0.162562146783, 0.169964075089, 0.185251995921, 0.226063787937, 0.312156677246, 0.54659640789, 0.952260375023], "hpcp": {"dvar": [0.0178022347391, 0.0141473663971, 0.0151863945648, 0.0167474746704, 0.0216905344278, 0.0260109566152, 0.0254810173064, 0.0286985039711, 0.0383953973651, 0.0480114482343, 0.046806871891, 0.0451587997377, 0.042155623436, 0.0351436212659, 0.0282987486571, 0.0263638794422, 0.030524071306, 0.0331605747342, 0.0352737754583, 0.0351463891566, 0.0395785309374, 0.0490112788975, 0.0653787180781, 0.0798932164907, 0.0951207131147, 0.0837943330407, 0.0764083489776, 0.0702982470393, 0.0551162473857, 0.0427972748876, 0.035894613713, 0.0290000289679, 0.0250098723918, 0.021574081853, 0.0201955698431, 0.0217235144228], "mean": [0.0540388152003, 0.0496687814593, 0.0530232414603, 0.0549538880587, 0.0573826059699, 0.0634481534362, 0.0709701776505, 0.0853810980916, 0.101498000324, 0.129477411509, 0.160494834185, 0.148795962334, 0.109268955886, 0.0844523608685, 0.0662527531385, 0.0557005405426, 0.0593940019608, 0.0651922747493, 0.0692411214113, 0.0723938718438, 0.0789055526257, 0.0962887778878, 0.132958859205, 0.232815265656, 0.405602276325, 0.425936311483, 0.26468449831, 0.149880573153, 0.106321275234, 0.0863226205111, 0.0779168754816, 0.0771144032478, 0.0729947090149, 0.0641653686762, 0.0603849701583, 0.0593456551433], "min": [0, 0, 0, 0, 0, 0, 0, 0, 0, 0, 0, 0, 0, 0, 0, 0, 0, 0, 0, 0, 0, 0, 0, 0, 0, 0, 0, 0, 0, 0, 0, 0, 0, 0, 0, 0], "median": [0.00963980797678, 0.00987075362355, 0.00855505187064, 0.00889751780778, 0.00870981719345, 0.00861136149615, 0.00891121011227, 0.0104926638305, 0.0160658657551, 0.0252687595785, 0.0316933616996, 0.0245030634105, 0.0143588352948, 0.00927812233567, 0.00817109178752, 0.00727210380137, 0.00735261011869, 0.00837085209787, 0.0100714797154, 0.00999451894313, 0.00904315337539, 0.01081316825, 0.0187767650932, 0.0906210616231, 0.274174302816, 0.321690678596, 0.119914129376, 0.0291753821075, 0.0126119935885, 0.00900360569358, 0.00832269061357, 0.00824008602649, 0.0078832115978, 0.00725411437452, 0.00675601931289, 0.00762300007045], "dvar2": [0.0476659201086, 0.0395286865532, 0.0407631732523, 0.0450689122081, 0.0601017735898, 0.0735524594784, 0.0717046037316, 0.0800634026527, 0.110046468675, 0.13417071104, 0.123523265123, 0.123097449541, 0.119400717318, 0.0978561118245, 0.0784900858998, 0.0744674652815, 0.0872465893626, 0.0933098345995, 0.0978818312287, 0.0971923321486, 0.108279027045, 0.129795789719, 0.174500152469, 0.217814967036, 0.247499033809, 0.21505895257, 0.207095712423, 0.1932156533, 0.148636415601, 0.117010571063, 0.0989936664701, 0.0789393186569, 0.0691282302141, 0.0587588511407, 0.0544536076486, 0.0580295883119], "var": [0.0188836026937, 0.0141416341066, 0.0196650903672, 0.0200172420591, 0.0201120525599, 0.0248020421714, 0.0274486970156, 0.0379272773862, 0.0419725701213, 0.0520761981606, 0.0701150968671, 0.0676524713635, 0.0441066920757, 0.0371070466936, 0.0262545589358, 0.0200559962541, 0.0227781590074, 0.025748398155, 0.0282235275954, 0.0298951230943, 0.0339615792036, 0.0442396774888, 0.0596800558269, 0.0885985270143, 0.14819355309, 0.150290161371, 0.0980996340513, 0.0637389943004, 0.048771109432, 0.0389222130179, 0.0340620726347, 0.029908651486, 0.0279597621411, 0.0247079599649, 0.024250023067, 0.02462897636], "dmean2": [0.097928635776, 0.0883910655975, 0.0878068134189, 0.0955047234893, 0.111350409687, 0.125829964876, 0.127279579639, 0.14467266202, 0.194593906403, 0.245833814144, 0.243350759149, 0.224172487855, 0.200702741742, 0.164910107851, 0.135832518339, 0.124357707798, 0.133903577924, 0.146188691258, 0.15141440928, 0.155458465219, 0.173095464706, 0.206140324473, 0.290515005589, 0.446140050888, 0.547821581364, 0.49184024334, 0.444768100977, 0.340634316206, 0.239670664072, 0.189786195755, 0.16172452271, 0.142118424177, 0.126881048083, 0.109137967229, 0.10273437947, 0.10569639504], "max": [1, 1, 1, 1, 1, 1, 1, 1, 1, 1, 1, 1, 1, 1, 1, 1, 1, 1, 1, 1, 1, 1, 1, 1, 1, 1, 1, 1, 1, 1, 1, 1, 1, 1, 1, 1], "dmean": [0.0553926974535, 0.049907039851, 0.0495898127556, 0.0543022751808, 0.0621422566473, 0.0697119086981, 0.0713957324624, 0.0808288305998, 0.10765594244, 0.137602806091, 0.138394400477, 0.126727640629, 0.112519025803, 0.0909924060106, 0.07588788867, 0.0681750550866, 0.0734250918031, 0.0799486935139, 0.0830080062151, 0.0856695771217, 0.0951803177595, 0.114030733705, 0.160470873117, 0.249585494399, 0.303651183844, 0.279715329409, 0.25124579668, 0.185380473733, 0.130007475615, 0.103299148381, 0.0888080149889, 0.0795527249575, 0.0712335854769, 0.0615655593574, 0.0581652037799, 0.0599685758352]}, "key_strength": 0.621581673622, "chords_strength": {"dvar": 7.35228895792e-05, "mean": 0.560789585114, "min": 0.277684628963, "median": 0.567591547966, "dvar2": 0.000113073794637, "var": 0.00711145624518, "dmean2": 0.0117028933018, "max": 0.797616958618, "dmean": 0.00952897593379}, "tuning_equal_tempered_deviation": 0.277776360512, "chords_key": "F", "tuning_frequency": 433.942382812, "chords_scale": "major", "chords_changes_rate": 0.0682254433632, "key_scale": "minor", "tuning_diatonic_strength": 0.724680483341, "hpcp_entropy": {"dvar": 0.400271803141, "mean": 2.1209590435, "min": 0, "median": 2.07975697517, "dvar2": 1.11816418171, "var": 0.806454539299, "dmean2": 1.30217003822, "max": 4.47968864441, "dmean": 0.759638428688}, "chords_histogram": [13.7672309875, 1.18652939796, 2.3556098938, 0.139591693878, 0, 5.00785207748, 0.575815737247, 43.3083229065, 1.23887634277, 8.44529724121, 1.552957654, 0.261734426022, 3.83877158165, 0, 0.209387540817, 0.296632349491, 0, 0, 0.506019890308, 1.22142732143, 0.0523468852043, 2.25091600418, 8.35805225372, 5.42662715912], "tuning_nontempered_energy_ratio": 0.913985192776, "key_key": "F"}, "metadata": {"version": {"extractor": "music 1.0", "essentia_build_sha": "70f2e5ece6736b2c40cc944ad0e695b16b925413", "essentia": "2.1-beta2", "essentia_git_sha": "v2.1_beta2"}, "audio_properties": {"sample_rate": 44100, "length": 266.083251953, "lossless": false, "analysis_sample_rate": 44100, "downmix": "mix", "bit_rate": 319725, "equal_loudness": 0, "md5_encoded": "dfd4d08132a8646460053ec2ef1a8939", "codec": "mp3", "replay_gain": -8.44811439514}, "tags": {"genre": ["Other"], "albumartist": ["Psyche"], "date": ["1990"], "musicbrainz_recordingid": ["b030eae0-e466-402b-bd13-0e39b40c61bd"], "file_name": "241842.mp3", "title": ["16-psychic vampire"], "tracknumber": ["16"], "album": ["Tales From The Darkside"], "artist": ["Psyche"]}}, "lowlevel": {"melbands": {"dvar": [5.63398543818e-07, 1.48468905081e-06, 5.59225873076e-06, 3.17370199809e-06, 3.94589619646e-07, 4.10372450688e-07, 2.27184017376e-07, 4.03508153113e-07, 5.64908987144e-07, 6.22189816113e-07, 4.7108818535e-07, 8.81354722537e-08, 2.75556661933e-08, 8.17825007715e-09, 3.5422040856e-09, 3.68059072109e-09, 2.67608446514e-09, 1.16197629296e-09, 1.43011125164e-09, 1.0172875875e-09, 1.96667918062e-10, 1.35449776395e-10, 1.55240292843e-10, 7.12661943347e-11, 3.00335138703e-11, 1.25821939673e-11, 9.27950685042e-12, 3.37580332611e-12, 1.01400745439e-12, 8.5377831107e-13, 5.46659072176e-13, 1.56617134626e-12, 4.75112310605e-12, 7.68949313945e-12, 1.84344206566e-11, 1.01679060137e-12, 2.06085840125e-13, 2.53487958705e-14, 9.09589040914e-15, 1.70142724609e-15], "mean": [0.00091291195713, 0.00175915879663, 0.0011404871475, 0.000827902869787, 0.000203438496101, 0.000207937511732, 0.000114605973067, 0.000197818735614, 0.000210944228456, 0.000196034365217, 0.000124875674373, 0.000101049190562, 5.73944926145e-05, 3.57353492291e-05, 2.08943401958e-05, 2.31124104175e-05, 1.75196837517e-05, 1.74900415004e-05, 1.53966302605e-05, 1.33700623337e-05, 8.38684536575e-06, 6.68628945277e-06, 8.00078669272e-06, 5.40646715308e-06, 2.95243285109e-06, 2.30357090913e-06, 1.90766468222e-06, 1.30542048282e-06, 1.00221723187e-06, 9.52640107243e-07, 8.1265721974e-07, 1.46411753121e-06, 2.58952240983e-06, 3.70889824808e-06, 5.85410589338e-06, 1.19999549497e-06, 5.89644798765e-07, 2.00585645871e-07, 9.08479549366e-08, 3.00377109852e-08], "min": [2.84148388314e-24, 3.86637137956e-24, 4.54898968135e-24, 2.40176354545e-24, 4.74408957714e-24, 3.2284156212e-24, 2.39952949137e-24, 4.80234419398e-24, 6.3839487778e-24, 5.55583573165e-24, 7.43512604996e-24, 6.20652686046e-24, 8.61392563379e-24, 6.35330547593e-24, 1.1517467035e-23, 7.58412609773e-24, 4.38164270107e-24, 5.50866184952e-24, 6.336186011e-24, 4.1537025258e-24, 8.36795959241e-24, 7.08024198339e-24, 8.53552705931e-24, 6.17429203172e-24, 6.59784880668e-24, 6.87284808482e-24, 6.61656019292e-24, 6.14067906298e-24, 5.53056457255e-24, 7.79942280485e-24, 1.0326231059e-23, 8.24804879051e-24, 7.20267161815e-24, 7.09289925661e-24, 7.12033110573e-24, 5.17847149587e-24, 7.38534182709e-24, 9.93208459629e-24, 1.0199123479e-23, 8.84529064869e-24], "median": [0.000481989991385, 0.000924373220187, 0.000408549502026, 0.000151859218022, 3.95575916627e-05, 2.87274924631e-05, 9.40607060329e-06, 9.56016174314e-06, 7.1678432505e-06, 8.47488354339e-06, 5.42558791494e-06, 5.05951766172e-06, 5.09302435603e-06, 3.84014356314e-06, 3.15381498694e-06, 4.03915055358e-06, 3.78273284696e-06, 3.46656133843e-06, 3.16762020702e-06, 3.42745192938e-06, 2.59711691797e-06, 2.03022432288e-06, 2.23497613661e-06, 1.34515028094e-06, 1.00648026091e-06, 9.86409759207e-07, 7.8368651657e-07, 5.96234770001e-07, 5.69081521462e-07, 5.07174377162e-07, 4.47916846724e-07, 7.98216035491e-07, 1.42555188631e-06, 2.17584056372e-06, 3.53428526978e-06, 6.50820993542e-07, 3.53816602683e-07, 1.32249070361e-07, 5.8280651416e-08, 1.7729334445e-08], "dvar2": [1.56106420945e-06, 3.63502840628e-06, 1.4243500118e-05, 6.37566836303e-06, 7.91935690359e-07, 8.34422507978e-07, 5.08770881424e-07, 7.93454830728e-07, 1.06018785573e-06, 1.37687948154e-06, 1.0494208027e-06, 2.15661458469e-07, 6.22622238211e-08, 1.62547255655e-08, 7.57336238166e-09, 8.33438118519e-09, 6.89234225248e-09, 2.7845858952e-09, 3.38408767675e-09, 2.60116550521e-09, 5.16412856921e-10, 3.65540625547e-10, 4.07240963174e-10, 1.73301775708e-10, 8.29184429452e-11, 3.40657398124e-11, 2.33122497001e-11, 8.50626773879e-12, 2.33586565888e-12, 2.03516370423e-12, 1.25047661028e-12, 3.1116042902e-12, 9.75975290168e-12, 1.69503508451e-11, 4.45375888947e-11, 1.95224088631e-12, 4.01350773362e-13, 5.22516159843e-14, 2.16375667519e-14, 3.94770420035e-15], "var": [1.30101386731e-06, 4.75442402603e-06, 7.23909761291e-06, 8.76521971804e-06, 7.09801327048e-07, 9.9626345218e-07, 3.43314269458e-07, 9.22099559375e-07, 1.39078224493e-06, 1.3136382222e-06, 7.80904485964e-07, 3.12113257905e-07, 1.07873439958e-07, 2.30577050786e-08, 6.40226449633e-09, 7.10187286757e-09, 3.37157790575e-09, 2.26001817261e-09, 2.63843591419e-09, 1.66950353542e-09, 4.13898443297e-10, 2.16533263542e-10, 2.95785895776e-10, 1.82593343223e-10, 4.10192296796e-11, 1.73940237214e-11, 1.60031553981e-11, 6.17423560195e-12, 1.93080404096e-12, 1.52175461902e-12, 1.09710981619e-12, 2.68677983507e-12, 8.33486231422e-12, 1.56584294142e-11, 3.9143410735e-11, 1.76637209633e-12, 3.80339531571e-13, 4.93269772359e-14, 1.38734205059e-14, 2.62905220191e-15], "dmean2": [0.000827038893476, 0.00124086206779, 0.00116820179392, 0.000726115016732, 0.000235640676692, 0.000204200972803, 0.000135203648824, 0.000193360814592, 0.00021277484484, 0.000187451383681, 0.000131532855448, 7.89500554674e-05, 4.72470201203e-05, 3.10118048219e-05, 2.13916882785e-05, 2.28633089137e-05, 1.91377293959e-05, 1.75358909473e-05, 1.61371572176e-05, 1.45110470839e-05, 8.5307901827e-06, 6.77403886584e-06, 7.55256360208e-06, 4.82413861391e-06, 2.77993035525e-06, 2.16673720388e-06, 1.68823044078e-06, 1.21269999909e-06, 1.03893194137e-06, 1.07793732695e-06, 8.61587466261e-07, 1.59622004503e-06, 2.72704278359e-06, 3.44435625266e-06, 5.37298456038e-06, 1.26622467178e-06, 5.87299666677e-07, 1.89269954376e-07, 8.71498144761e-08, 3.07125027632e-08], "max": [0.0121589414775, 0.0340723246336, 0.0817092955112, 0.0711266100407, 0.0268095154315, 0.030367154628, 0.0151567598805, 0.0178768001497, 0.0252750106156, 0.0316614918411, 0.0410740561783, 0.0131423529238, 0.0114688230678, 0.00389274815097, 0.00194048846606, 0.0024682530202, 0.00248776376247, 0.000902932311874, 0.00181062321644, 0.00125188671518, 0.000454692810308, 0.00033891518251, 0.00033041043207, 0.000292667828035, 0.000179226335604, 0.000130650936626, 0.000117121067888, 6.72592796036e-05, 4.46474186901e-05, 1.52591346705e-05, 1.39472958836e-05, 1.10946530185e-05, 1.76641915459e-05, 2.1656136596e-05, 3.32606141455e-05, 1.01255545815e-05, 7.45710212868e-06, 5.78952176511e-06, 4.90749243909e-06, 1.17722913728e-06], "dmean": [0.000502675306052, 0.000795022875536, 0.000725214136764, 0.000476592336781, 0.000152079228428, 0.000133935332997, 8.85703411768e-05, 0.000132824439788, 0.000146334001329, 0.000123174555483, 8.54108220665e-05, 5.21845649928e-05, 3.15196448355e-05, 2.06058375625e-05, 1.40163274409e-05, 1.48123526742e-05, 1.20177528515e-05, 1.11626823127e-05, 1.00012402982e-05, 8.80262086866e-06, 5.27734755451e-06, 4.18504032496e-06, 4.66803658128e-06, 3.00574765788e-06, 1.71130591298e-06, 1.35281345592e-06, 1.08709775759e-06, 7.68422808051e-07, 6.57973373563e-07, 6.83006760482e-07, 5.51009861738e-07, 1.07595235477e-06, 1.82764415513e-06, 2.33630339608e-06, 3.53351879312e-06, 8.65123411131e-07, 3.99683472097e-07, 1.28337589445e-07, 5.86811630399e-08, 2.02317806952e-08]}, "spectral_decrease": {"dvar": 1.10005732231e-17, "mean": -4.93164753479e-09, "min": -8.20855134975e-08, "median": -3.04837333154e-09, "dvar2": 2.39374786529e-17, "var": 3.93723810243e-17, "dmean2": 2.59446109041e-09, "max": 3.80943555451e-20, "dmean": 1.7324580659e-09}, "spectral_rolloff": {"dvar": 1373002.125, "mean": 1430.60827637, "min": 21.533203125, "median": 559.86328125, "dvar2": 3267536.75, "var": 3768223.75, "dmean2": 1027.14672852, "max": 20155.078125, "dmean": 599.068115234}, "melbands_crest": {"dvar": 8.66780281067, "mean": 17.2079410553, "min": 1.80810141563, "median": 17.257648468, "dvar2": 22.0393047333, "var": 32.0250396729, "dmean2": 5.46873664856, "max": 39.9823989868, "dmean": 3.39068865776}, "barkbands_skewness": {"dvar": 1.21131062508, "mean": 2.49959158897, "min": -3.42785716057, "median": 2.18177509308, "dvar2": 2.63755655289, "var": 6.28979587555, "dmean2": 1.48834586143, "max": 62.4296073914, "dmean": 1.00051140785}, "spectral_centroid": {"dvar": 110907.132812, "mean": 1289.74255371, "min": 108.441688538, "median": 1097.1282959, "dvar2": 241098.578125, "var": 690986.1875, "dmean2": 476.679199219, "max": 11095.1708984, "dmean": 318.160461426}, "spectral_energyband_middle_low": {"dvar": 0.000150438034325, "mean": 0.00995941180736, "min": 2.0634498493e-22, "median": 0.0024332718458, "dvar2": 0.000316577294143, "var": 0.000476627465105, "dmean2": 0.00686714751646, "max": 0.284105360508, "dmean": 0.00464906357229}, "erbbands_crest": {"dvar": 7.51076364517, "mean": 9.18660068512, "min": 2.47266721725, "median": 7.94422721863, "dvar2": 18.0644836426, "var": 22.7178726196, "dmean2": 4.45539903641, "max": 32.061050415, "dmean": 2.7538383007}, "dynamic_complexity": 5.56556034088, "spectral_energyband_low": {"dvar": 3.58218312613e-05, "mean": 0.00760130397975, "min": 3.44369844436e-23, "median": 0.00474021397531, "dvar2": 9.37455552048e-05, "var": 7.89364203229e-05, "dmean2": 0.0056003369391, "max": 0.215419650078, "dmean": 0.00353471306153}, "silence_rate_60dB": {"dvar": 0.0338413827121, "mean": 0.188639730215, "min": 0, "median": 0, "dvar2": 0.0741563737392, "var": 0.153102770448, "dmean2": 0.0701631903648, "max": 1, "dmean": 0.0350785329938}, "erbbands_kurtosis": {"dvar": 9.38530445099, "mean": 0.926173627377, "min": -1.95384168625, "median": -0.420587539673, "dvar2": 22.1691493988, "var": 19.2175331116, "dmean2": 2.38549304008, "max": 111.253715515, "dmean": 1.51054179668}, "spectral_complexity": {"dvar": 5.20241546631, "mean": 8.36209774017, "min": 0, "median": 6, "dvar2": 10.0257968903, "var": 42.7581291199, "dmean2": 3.17148089409, "max": 37, "dmean": 2.09022688866}, "barkbands_crest": {"dvar": 7.6992726326, "mean": 12.2609024048, "min": 2.22828507423, "median": 11.6657962799, "dvar2": 19.6172142029, "var": 24.4574184418, "dmean2": 5.20640945435, "max": 26.9160423279, "dmean": 3.17607736588}, "spectral_energy": {"dvar": 0.000165092526004, "mean": 0.0195595808327, "min": 1.02840837165e-20, "median": 0.0121372817084, "dvar2": 0.000357032986358, "var": 0.000605745299254, "dmean2": 0.0100738350302, "max": 0.314775168896, "dmean": 0.00674491468817}, "spectral_spread": {"dvar": 404049854464, "mean": 5008655.5, "min": 1140777.875, "median": 4955403.5, "dvar2": 777537323008, "var": 3025383718910.0, "dmean2": 887020.25, "max": 41809776, "dmean": 624373.0625}, "spectral_contrast_valleys": {"dvar": [0.124080508947, 0.14330381155, 0.120138160884, 0.0986196473241, 0.112247489393, 0.0911008790135], "mean": [-7.65065002441, -7.73627662659, -8.04128456116, -8.20886993408, -8.21720027924, -10.6936292648], "min": [-27.5281982422, -27.4229125977, -27.2111778259, -27.5354309082, -27.2765636444, -27.2424793243], "median": [-7.4628200531, -7.61175489426, -7.94882774353, -8.09219360352, -8.06002235413, -10.5497674942], "dvar2": [0.308100551367, 0.354495882988, 0.248065814376, 0.190880656242, 0.200107619166, 0.162959486246], "var": [1.107853055, 1.16007232666, 1.28801894188, 1.10741639137, 0.912748873234, 0.694648981094], "dmean2": [0.720659732819, 0.694679319859, 0.57887750864, 0.494950145483, 0.482084482908, 0.503850400448], "max": [-5.5522813797, -4.94034481049, -5.07903289795, -5.94113206863, -6.39774894714, -9.07865905762], "dmean": [0.433912873268, 0.426964193583, 0.372689276934, 0.327859312296, 0.332580894232, 0.36222872138]}, "spectral_rms": {"dvar": 7.45033275962e-07, "mean": 0.0037318454124, "min": 3.16753090771e-12, "median": 0.00344111188315, "dvar2": 1.5140551568e-06, "var": 5.15585634275e-06, "dmean2": 0.00101886794437, "max": 0.0175242051482, "dmean": 0.000685995852109}, "barkbands_spread": {"dvar": 83.0073165894, "mean": 24.5959262848, "min": 0.12725675106, "median": 20.0158119202, "dvar2": 187.051528931, "var": 334.458251953, "dmean2": 13.1480226517, "max": 118.487991333, "dmean": 8.62059783936}, "pitch_salience": {"dvar": 0.00614703400061, "mean": 0.491549760103, "min": 0.00299358391203, "median": 0.508955478668, "dvar2": 0.0151164066046, "var": 0.0191163886338, "dmean2": 0.141241252422, "max": 0.961720168591, "dmean": 0.0878781154752}, "erbbands_skewness": {"dvar": 0.256280630827, "mean": 0.147558763623, "min": -5.22546052933, "median": -0.00216292357072, "dvar2": 0.567560374737, "var": 1.20927584171, "dmean2": 0.774391829967, "max": 9.42677497864, "dmean": 0.518550336361}, "spectral_energyband_middle_high": {"dvar": 9.87129078567e-06, "mean": 0.00248425663449, "min": 1.37132823168e-21, "median": 0.000550265249331, "dvar2": 2.15654872591e-05, "var": 4.46789381385e-05, "dmean2": 0.00141558924224, "max": 0.1539901793, "dmean": 0.000971855770331}, "erbbands": {"dvar": [0.00219263578765, 1.02240109444, 5.51147174835, 136.340103149, 652.008422852, 823.808227539, 302.137329102, 927.393127441, 1046.7121582, 2525.05712891, 8130.47265625, 14053.2802734, 18511.7617188, 4446.00195312, 2113.41845703, 489.519775391, 608.980773926, 618.378601074, 394.798950195, 399.588653564, 172.335693359, 105.921859741, 97.5471115112, 34.4292068481, 23.2718067169, 6.1457734108, 2.33602619171, 1.54970872402, 6.53493261337, 19.8001594543, 27.0791797638, 1.14281260967, 0.0416695550084, 0.00349813373759, 6.27338085906e-05, 5.06506751208e-07, 4.56573623353e-09, 8.28231511152e-11, 3.40504777152e-11, 1.99018038161e-10], "mean": [0.0485775880516, 1.36224627495, 2.92664527893, 4.71452236176, 12.8925256729, 8.82595825195, 4.89671707153, 9.85662460327, 7.7469830513, 15.3767585754, 25.8917140961, 30.5494918823, 25.4093036652, 24.5919265747, 17.052696228, 9.9532327652, 10.1263875961, 9.84737110138, 10.9208459854, 10.2786006927, 8.34236335754, 7.05047702789, 7.46000003815, 3.95430803299, 2.98104548454, 2.15480399132, 1.68464934826, 1.49356722832, 3.12881112099, 5.96981525421, 7.19991922379, 1.42787075043, 0.282258421183, 0.0564250648022, 0.0074669579044, 0.000851375458296, 0.000111475521408, 1.62420619745e-05, 1.19134465422e-05, 2.30697041843e-05], "min": [1.86168081297e-22, 1.47866390286e-21, 9.13983443538e-21, 2.06492731383e-20, 3.05361381007e-20, 6.40956601144e-20, 1.12432805777e-19, 1.42936318711e-19, 1.55598049895e-19, 3.39819806008e-19, 8.24375332903e-19, 9.15198730186e-19, 1.43849758751e-18, 1.49311177387e-18, 2.5259891471e-18, 3.58528987443e-18, 4.53528364689e-18, 3.11549285232e-18, 3.65667266616e-18, 4.02327125543e-18, 6.46185553593e-18, 7.85063470894e-18, 9.23291885978e-18, 1.03842268866e-17, 1.02634105407e-17, 9.78043715186e-18, 1.01664782078e-17, 1.70683905209e-17, 1.52782277459e-17, 1.48448843666e-17, 1.23425124668e-17, 1.3684426895e-17, 1.56340676106e-17, 1.11099794397e-17, 5.81564425702e-18, 4.49590447306e-18, 2.57900211859e-18, 1.31803341375e-18, 2.81298974869e-19, 2.78628551508e-20], "median": [0.0264966916293, 0.675707161427, 1.56637966633, 1.76888728142, 2.72104072571, 1.24780929089, 1.04660093784, 1.39369511604, 0.668852210045, 0.867316365242, 0.945058643818, 1.38835692406, 1.15228056908, 1.30086278915, 1.62985146046, 1.27695858479, 1.83283019066, 2.16486096382, 2.31347203255, 2.52982139587, 2.51353526115, 2.235414505, 2.06838989258, 1.41454994678, 1.32741653919, 1.03961372375, 0.983124554157, 0.843855857849, 1.72312879562, 3.58388280869, 4.3771033287, 0.852973639965, 0.186602666974, 0.0360577143729, 0.00461075175554, 0.000549774151295, 7.86721939221e-05, 1.19073501992e-05, 8.85527424543e-06, 1.48790504682e-05], "dvar2": [0.00610608421266, 2.69015288353, 13.6952505112, 357.566864014, 1548.06774902, 1422.6184082, 676.751708984, 1826.02319336, 2400.32324219, 4857.34863281, 15328.1455078, 30603.5996094, 41448.0859375, 10565.3017578, 4558.28808594, 964.426330566, 1322.3182373, 1547.7310791, 951.167053223, 920.580078125, 453.352111816, 278.7109375, 248.472442627, 92.8204498291, 62.9782524109, 14.7080192566, 5.26823091507, 3.45831203461, 12.6631212234, 42.3883514404, 63.8994178772, 2.18159842491, 0.0820072591305, 0.00784358661622, 0.000132168686832, 1.04642560927e-06, 9.61397628174e-09, 1.74626826888e-10, 7.21336185228e-11, 4.27439417194e-10], "var": [0.00369417807087, 3.0431933403, 13.4068441391, 145.972229004, 1243.64978027, 2225.62939453, 412.177947998, 2424.84985352, 1577.51123047, 5469.55126953, 18497.7480469, 31616.4472656, 30988.4003906, 16617.734375, 8846.35058594, 1307.57324219, 1234.79089355, 936.76965332, 795.168395996, 1047.05334473, 390.297576904, 209.830551147, 261.068023682, 62.1178436279, 30.2695846558, 13.7615690231, 4.44913339615, 3.41898036003, 11.7459154129, 39.3122177124, 57.655330658, 2.18288612366, 0.0864011272788, 0.00609990209341, 0.000136029921123, 1.13676185265e-06, 9.54251433427e-09, 1.66409941382e-10, 1.44216721898e-10, 7.62635177232e-10], "dmean2": [0.0518751963973, 1.08706605434, 2.14354085922, 5.35738611221, 12.1624898911, 8.74489307404, 5.72698163986, 9.50922870636, 8.95231437683, 15.0292396545, 26.1811027527, 28.3695793152, 25.6786804199, 18.4713096619, 13.0906114578, 8.21721363068, 9.44889640808, 9.5783290863, 10.2117490768, 9.53409004211, 8.11044788361, 6.44541120529, 6.31118059158, 3.2944457531, 2.5370388031, 1.8199146986, 1.73552811146, 1.48328053951, 3.25858163834, 5.58411836624, 6.47865438461, 1.37474274635, 0.254253804684, 0.0523425117135, 0.00711471121758, 0.00078582536662, 9.11725510377e-05, 1.20136510304e-05, 5.54244388695e-06, 1.13595096991e-05], "max": [0.5994104743, 21.175983429, 66.4588928223, 486.2784729, 716.761047363, 1360.58227539, 939.135192871, 1558.38659668, 1005.62738037, 1994.49316406, 3009.49365234, 4708.66650391, 8161.07861328, 2961.82373047, 3680.46313477, 1014.79278564, 780.014099121, 1143.56164551, 510.640075684, 911.681152344, 404.261413574, 244.726837158, 297.896972656, 189.810974121, 222.808425903, 81.4366226196, 50.5383491516, 25.5662994385, 21.8241386414, 31.2784786224, 38.7403526306, 11.5934934616, 5.67399311066, 1.92761147022, 0.253636807203, 0.0253745391965, 0.0013272537617, 0.000137248382089, 0.000141621829243, 0.000343170599081], "dmean": [0.0306937359273, 0.678986907005, 1.3533924818, 3.28645467758, 7.78041648865, 5.70296859741, 3.68287873268, 6.25158977509, 5.81896209717, 10.2630147934, 17.9060249329, 18.9392528534, 16.7071456909, 12.3476076126, 8.87667655945, 5.59182834625, 6.22247838974, 6.14837598801, 6.55432939529, 6.00485801697, 5.00470209122, 4.02210950851, 3.94412589073, 2.05358076096, 1.6191906929, 1.17611396313, 1.10846209526, 0.971202135086, 2.22007369995, 3.80161809921, 4.34014797211, 0.944341242313, 0.174881786108, 0.0354684107006, 0.00484953960404, 0.00053724553436, 6.25783141004e-05, 8.19596334622e-06, 3.7951961076e-06, 7.65540244174e-06]}, "dissonance": {"dvar": 0.000525190262124, "mean": 0.463589847088, "min": 0.179174900055, "median": 0.477043032646, "dvar2": 0.00131180451717, "var": 0.00153700774536, "dmean2": 0.0299069862813, "max": 0.499999880791, "dmean": 0.0181741099805}, "erbbands_flatness_db": {"dvar": 0.000347306078766, "mean": 0.173083499074, "min": 0.0405497290194, "median": 0.159763991833, "dvar2": 0.000694539863616, "var": 0.00223019486293, "dmean2": 0.0264707412571, "max": 0.397933036089, "dmean": 0.0178839564323}, "melbands_kurtosis": {"dvar": 3977.08691406, "mean": 56.0521240234, "min": -1.85021460056, "median": 23.9008216858, "dvar2": 7547.10888672, "var": 12678.8251953, "dmean2": 46.4578399658, "max": 5386.95214844, "dmean": 30.807226181}, "melbands_spread": {"dvar": 177.04133606, "mean": 23.9556732178, "min": 0.154249981046, "median": 13.1431331635, "dvar2": 400.771270752, "var": 828.38104248, "dmean2": 14.032075882, "max": 246.387954712, "dmean": 9.20802974701}, "melbands_skewness": {"dvar": 2.69220924377, "mean": 5.02526760101, "min": -2.12269735336, "median": 4.2746424675, "dvar2": 5.83079433441, "var": 15.9125413895, "dmean2": 2.25340914726, "max": 70.4608001709, "dmean": 1.50872921944}, "spectral_entropy": {"dvar": 0.0558077171445, "mean": 7.59822463989, "min": 4.03914499283, "median": 7.71015930176, "dvar2": 0.105991244316, "var": 0.255000710487, "dmean2": 0.338107675314, "max": 9.82265663147, "dmean": 0.23553532362}, "zerocrossingrate": {"dvar": 0.000235146566411, "mean": 0.0647737160325, "min": 0, "median": 0.052734375, "dvar2": 0.000347248453181, "var": 0.00221886462532, "dmean2": 0.0178038366139, "max": 0.515625, "dmean": 0.0149276861921}, "average_loudness": 0.248731583357, "spectral_contrast_coeffs": {"dvar": [0.00198297644965, 0.00162932474632, 0.000978268915787, 0.000713867484592, 0.00042800794472, 0.00029569628532], "mean": [-0.639124453068, -0.75898706913, -0.806595802307, -0.810531973839, -0.816912710667, -0.736831724644], "min": [-0.981253743172, -0.987723350525, -0.978797018528, -0.97973048687, -0.969528138638, -0.962578237057], "median": [-0.644325911999, -0.779240608215, -0.827526926994, -0.822983801365, -0.828685283661, -0.730151712894], "dvar2": [0.00505001330748, 0.00391918839887, 0.00229119090363, 0.00177266495302, 0.000996109214611, 0.000626426306553], "var": [0.00841134693474, 0.00864998623729, 0.00589826423675, 0.00308690220118, 0.00226050056517, 0.00197107507847], "dmean2": [0.0869711041451, 0.0777411535382, 0.0581955127418, 0.0492921248078, 0.0359900072217, 0.0301141887903], "max": [-0.176182225347, -0.339756935835, -0.424633055925, -0.591335713863, -0.564341306686, -0.584705770016], "dmean": [0.0526792928576, 0.0485889017582, 0.0365033857524, 0.0306016337126, 0.0226709283888, 0.0197785869241]}, "barkbands_flatness_db": {"dvar": 0.000790245016105, "mean": 0.181675672531, "min": 0.053134676069, "median": 0.175326377153, "dvar2": 0.00167050189339, "var": 0.00409784913063, "dmean2": 0.0444212295115, "max": 0.580231070518, "dmean": 0.0300727784634}, "silence_rate_30dB": {"dvar": 0.00933613721281, "mean": 0.984643578529, "min": 0, "median": 1, "dvar2": 0.0211113747209, "var": 0.0151184415445, "dmean2": 0.018849812448, "max": 1, "dmean": 0.00942408386618}, "spectral_energyband_high": {"dvar": 8.22462240535e-08, "mean": 0.000437865121057, "min": 7.20994209473e-21, "median": 0.000292693002848, "dvar2": 1.76056133228e-07, "var": 1.74110780904e-07, "dmean2": 0.000372949289158, "max": 0.00200388254598, "dmean": 0.000257836596575}, "melbands_flatness_db": {"dvar": 0.00116932252422, "mean": 0.234723895788, "min": 0.00370269292034, "median": 0.233443289995, "dvar2": 0.00244837556966, "var": 0.0072931824252, "dmean2": 0.0560695938766, "max": 0.608773589134, "dmean": 0.0386017635465}, "barkbands": {"dvar": [1.81035422764e-10, 1.367367895e-05, 4.88169371238e-06, 3.88073021895e-05, 4.53976681456e-05, 8.58971361595e-06, 5.08203356731e-06, 1.66317640833e-05, 2.75133952528e-05, 1.16711889859e-05, 1.69937027295e-06, 4.69607755349e-07, 3.62677212706e-07, 2.47778643825e-07, 2.07302761623e-07, 1.27633811076e-07, 3.56877443153e-08, 2.66230735235e-08, 1.16121769977e-08, 2.4809838628e-09, 1.10391462638e-09, 7.40118277776e-09, 2.76532805543e-08, 7.68596741807e-10, 8.82503965738e-12, 2.99643347278e-15, 4.38974742196e-18], "mean": [4.9485683121e-05, 0.00491434661672, 0.00181404245086, 0.00252821506001, 0.00316701619886, 0.000959748576861, 0.000530087272637, 0.00118447805289, 0.00137512385845, 0.000772364262957, 0.000429094070569, 0.000273458426818, 0.00023082975531, 0.000186097648111, 0.000208307028515, 0.00017051253235, 0.000118733485579, 0.000119967291539, 6.40854705125e-05, 4.66849196528e-05, 3.82377875212e-05, 0.000106921841507, 0.000232617021538, 3.66672611563e-05, 2.44787247539e-06, 7.14815016067e-08, 2.4870356885e-09], "min": [1.32056005787e-24, 5.4045771751e-24, 7.24722727094e-24, 5.94406139881e-24, 1.66495389157e-23, 1.6794299625e-23, 1.30663607125e-23, 3.4298135458e-23, 4.30870020415e-23, 2.72470158526e-23, 5.46666912693e-23, 6.98113628346e-23, 9.45016678716e-23, 4.84383125673e-23, 8.11340285576e-23, 7.54440568898e-23, 1.42131593649e-22, 1.5381231387e-22, 2.39099297508e-22, 1.91443995653e-22, 3.41151140482e-22, 4.59147742994e-22, 3.692567273e-22, 7.85738025778e-22, 8.90081175205e-22, 1.35541893933e-21, 2.08211316235e-21], "median": [4.6160796046e-05, 0.00249632401392, 0.000953017326538, 0.000714478315786, 0.000555737875402, 0.0001392892882, 3.40854894603e-05, 4.42657619715e-05, 5.74728146603e-05, 3.44055624737e-05, 3.57083263225e-05, 3.18366910506e-05, 3.93516675103e-05, 3.82260477636e-05, 4.26543156209e-05, 4.69477345177e-05, 3.65217747458e-05, 3.26890403812e-05, 2.65284106717e-05, 2.24367086048e-05, 2.1063913664e-05, 6.0472619225e-05, 0.000141595111927, 2.20685469685e-05, 1.48739820816e-06, 4.61082834136e-08, 1.88157822656e-09], "dvar2": [4.92773155614e-10, 3.62488353858e-05, 1.28058572955e-05, 9.95169248199e-05, 9.03042964637e-05, 1.76365138032e-05, 1.01994464785e-05, 3.23718777508e-05, 6.10317656538e-05, 2.65353719442e-05, 3.93641903429e-06, 1.00229908639e-06, 8.10990911759e-07, 6.246070825e-07, 5.04599938722e-07, 3.37685349905e-07, 9.31720123276e-08, 6.67561081968e-08, 3.22206794579e-08, 5.69715563614e-09, 2.4819715172e-09, 1.48427554691e-08, 6.40797495066e-08, 1.47401857387e-09, 1.9927618583e-11, 6.45926319159e-15, 1.22619442479e-17], "var": [6.68352762023e-10, 3.92026558984e-05, 6.74103830534e-06, 4.63083306386e-05, 0.000126526269014, 1.96595974558e-05, 8.73257613421e-06, 3.6395733332e-05, 6.21882354608e-05, 2.50644316111e-05, 5.94043785895e-06, 1.13734381557e-06, 6.94472078067e-07, 3.35435430543e-07, 4.0269955548e-07, 2.1891160884e-07, 6.45715232395e-08, 7.15331793799e-08, 1.43727278967e-08, 6.19736173491e-09, 2.25858998171e-09, 1.33399185032e-08, 5.89249253835e-08, 1.45299561272e-09, 1.50966530943e-11, 6.02051410096e-15, 4.95520726153e-18], "dmean2": [1.94512267626e-05, 0.00399713171646, 0.00169389788061, 0.00293132779188, 0.00288002379239, 0.000960932753514, 0.000629905378446, 0.00123656459618, 0.00131210475229, 0.000724467681721, 0.000392768415622, 0.000255564460531, 0.000232361053349, 0.000205136369914, 0.000212791652302, 0.000185179684195, 0.00011756769527, 0.000104099381133, 5.84482913837e-05, 3.92818110413e-05, 3.96378563892e-05, 0.000109762586362, 0.000207663470064, 3.56516720785e-05, 2.38197162616e-06, 6.76520315324e-08, 2.64947330741e-09], "max": [0.000267969095148, 0.0724529400468, 0.0843529999256, 0.215855643153, 0.251708000898, 0.127360865474, 0.0950740426779, 0.128482311964, 0.178048670292, 0.217191815376, 0.0781275779009, 0.0213088169694, 0.0182064585388, 0.0196824166924, 0.0176197551191, 0.0128611372784, 0.00481735123321, 0.00439979461953, 0.00370137114078, 0.00134644389618, 0.00059560110094, 0.00065107998671, 0.00119187007658, 0.000438126648078, 7.96576277935e-05, 1.53963924276e-06, 4.54262973903e-08], "dmean": [1.20838758448e-05, 0.00248700962402, 0.00102514086757, 0.0018011109205, 0.00188643333968, 0.000626447494142, 0.000417832110543, 0.000844893103931, 0.000868726579938, 0.000469343940495, 0.0002550657955, 0.000167363119544, 0.000151338113938, 0.000128934232634, 0.000131983309984, 0.000111614681373, 7.22860495443e-05, 6.48989444016e-05, 3.6338748032e-05, 2.53089510807e-05, 2.56017192442e-05, 7.41583353374e-05, 0.000140541087603, 2.44214134e-05, 1.59609362527e-06, 4.54014710272e-08, 1.55542578817e-09]}, "erbbands_spread": {"dvar": 239.005828857, "mean": 62.6523246765, "min": 1.72848951817, "median": 56.2284889221, "dvar2": 520.700439453, "var": 1475.83093262, "dmean2": 22.7750358582, "max": 179.507141113, "dmean": 15.0017328262}, "barkbands_kurtosis": {"dvar": 1137.59863281, "mean": 14.4563407898, "min": -1.93791639805, "median": 4.71955394745, "dvar2": 1633.13781738, "var": 4715.89599609, "dmean2": 14.953163147, "max": 4075.43212891, "dmean": 9.92760658264}, "spectral_flux": {"dvar": 0.000756099820137, "mean": 0.0610801130533, "min": 6.69506533546e-11, "median": 0.0500683784485, "dvar2": 0.00176850927528, "var": 0.00210819020867, "dmean2": 0.0336306840181, "max": 0.520806372166, "dmean": 0.0210711285472}, "silence_rate_20dB": {"dvar": 0, "mean": 1, "min": 1, "median": 1, "dvar2": 0, "var": 0, "dmean2": 0, "max": 1, "dmean": 0}, "gfcc": {"cov": [[7931.15722656, 1223.43884277, -1023.63482666, -249.668960571, -542.563476562, 33.6983680725, 99.1409912109, -205.920272827, 311.763183594, -391.192718506, 185.756210327, -156.744598389, -15.6034164429], [1223.43884277, 952.050720215, 36.6389389038, -357.9140625, 36.0136451721, -202.392456055, 58.3850021362, -20.2757911682, 74.2703704834, -109.078781128, 63.5673980713, -126.990829468, 13.2534503937], [-1023.63482666, 36.6389389038, 1142.62683105, 313.573455811, -106.66607666, 115.451911926, -27.3391494751, -96.2011032104, 60.9909210205, 47.1272697449, -32.8606681824, -30.489736557, -58.0296401978], [-249.668960571, -357.9140625, 313.573455811, 598.707824707, 73.9938354492, 158.493255615, -11.0998334885, -57.2611198425, 38.1641426086, 53.590385437, -5.57248401642, 57.6275215149, -6.32621479034], [-542.563476562, 36.0136451721, -106.66607666, 73.9938354492, 408.946899414, 31.3288154602, 39.8388442993, 78.1987533569, -7.87978029251, 33.8959274292, 30.1627178192, 28.7483997345, 62.0178070068], [33.6983680725, -202.392456055, 115.451911926, 158.493255615, 31.3288154602, 343.426757812, 112.609947205, -23.5474643707, 37.8254737854, -2.48076748848, 15.6683235168, 63.7895011902, -8.88594245911], [99.1409912109, 58.3850021362, -27.3391494751, -11.0998334885, 39.8388442993, 112.609947205, 210.519500732, 31.4961624146, 5.89129114151, -18.6410446167, 33.718044281, 8.48139190674, 5.93176555634], [-205.920272827, -20.2757911682, -96.2011032104, -57.2611198425, 78.1987533569, -23.5474643707, 31.4961624146, 144.752044678, 15.2016897202, 28.9946327209, -3.55214905739, -3.05638670921, 11.7014579773], [311.763183594, 74.2703704834, 60.9909210205, 38.1641426086, -7.87978029251, 37.8254737854, 5.89129114151, 15.2016897202, 202.994934082, 3.9009718895, 18.0309658051, -8.4723482132, -27.0529346466], [-391.192718506, -109.078781128, 47.1272697449, 53.590385437, 33.8959274292, -2.48076748848, -18.6410446167, 28.9946327209, 3.9009718895, 97.5932235718, 6.43906879425, 6.95868396759, 3.63461875916], [185.756210327, 63.5673980713, -32.8606681824, -5.57248401642, 30.1627178192, 15.6683235168, 33.718044281, -3.55214905739, 18.0309658051, 6.43906879425, 79.2166290283, 28.8346195221, 8.73835277557], [-156.744598389, -126.990829468, -30.489736557, 57.6275215149, 28.7483997345, 63.7895011902, 8.48139190674, -3.05638670921, -8.4723482132, 6.95868396759, 28.8346195221, 91.6427612305, 26.5184726715], [-15.6034164429, 13.2534503937, -58.0296401978, -6.32621479034, 62.0178070068, -8.88594245911, 5.93176555634, 11.7014579773, -27.0529346466, 3.63461875916, 8.73835277557, 26.5184726715, 71.301902771]], "mean": [-83.2182006836, 109.767776489, -122.728424072, 71.6018829346, -65.0542907715, 33.4442863464, -32.6923370361, -7.80870866776, -0.473229438066, -22.7228012085, -5.55560874939, -11.0750055313, -8.21967887878], "icov": [[0.000661611498799, -0.00141562789213, 0.00120482093189, -0.00126345304307, 0.00167401391082, -0.00132317945827, 0.000848117982969, -0.000339263613569, -0.000289407471428, 0.000860783504322, -0.00109246943612, 0.00115727866068, -0.000809660588857], [-0.00141562789213, 0.00674330815673, -0.0035636939574, 0.00455575296655, -0.00482671661302, 0.00459766807035, -0.00293972808868, 0.00217011407949, -0.00107442901935, 0.00169147283304, -0.00151063757949, 0.00189839163795, -0.000414504349465], [0.00120482093189, -0.0035636939574, 0.00364855630323, -0.00332889845595, 0.00364978122525, -0.00315906433389, 0.00187108723912, -0.000475325330626, -0.000258922169451, 2.73476744042e-05, -0.000757124216761, 0.00170558411628, -0.00068695738446], [-0.00126345304307, 0.00455575296655, -0.00332889845595, 0.00597241334617, -0.00458606658503, 0.00276020844467, -0.0020196409896, 0.00256758369505, -0.000695234979503, -0.00110856385436, 0.00123395293485, -0.00158080959227, 0.00100633746479], [0.00167401391082, -0.00482671661302, 0.00364978122525, -0.00458606658503, 0.00816756952554, -0.00435958243906, 0.00258804485202, -0.00321026914753, 5.28814853169e-05, 0.000737093097996, -0.00285965576768, 0.00242764339782, -0.00407876539975], [-0.00132317945827, 0.00459766807035, -0.00315906433389, 0.00276020844467, -0.00435958243906, 0.00876800715923, -0.00539967417717, 0.00262537715025, -0.00112440844532, -0.000111284702143, 0.00220898049884, -0.00429414678365, 0.00233810185455], [0.000848117982969, -0.00293972808868, 0.00187108723912, -0.0020196409896, 0.00258804485202, -0.00539967417717, 0.00896602217108, -0.0034437130671, 0.00096948503051, 0.00209893356077, -0.00418525980785, 0.00290517718531, -0.00133582716808], [-0.000339263613569, 0.00217011407949, -0.000475325330626, 0.00256758369505, -0.00321026914753, 0.00262537715025, -0.0034437130671, 0.0112151363865, -0.00213668146171, -0.00298791611567, 0.00252513494343, -0.000254715385381, 5.56392660656e-05], [-0.000289407471428, -0.00107442901935, -0.000258922169451, -0.000695234979503, 5.28814853169e-05, -0.00112440844532, 0.00096948503051, -0.00213668146171, 0.00672187795863, -0.00136606325395, -0.000277263665339, -0.00108497345354, 0.00300535582937], [0.000860783504322, 0.00169147283304, 2.73476744042e-05, -0.00110856385436, 0.000737093097996, -0.000111284702143, 0.00209893356077, -0.00298791611567, -0.00136606325395, 0.0174673255533, -0.00765204196796, 0.00596455531195, -0.00323062413372], [-0.00109246943612, -0.00151063757949, -0.000757124216761, 0.00123395293485, -0.00285965576768, 0.00220898049884, -0.0041852598078