{"metadata": {"audio_properties": {"downmix": "mix", "bit_rate": 0, "lossless": true, "md5_encoded": "c3ac5c843f54d339577d2c4c23e86e55", "analysis_sample_rate": 44100, "sample_rate": 44100, "replay_gain": -7.04964447021, "equal_loudness": 0, "codec": "flac", "length": 219.386672974}, "tags": {"releasestatus": ["official"], "musicbrainz_albumid": ["f700fca2-d57d-3f3b-93a0-48dfdde31f07"], "musicbrainz_recordingid": ["601cfc3e-3bff-4db9-8384-d008da3062cb"], "tracknumber": ["14"], "artist": ["Dirty Three"], "acoustid_id": ["cda9b0cd-78f4-4eee-9845-74fda9836424"], "composer": ["Warren Ellis/Mick Turner"], "barcode": ["9332727005510"], "totaltracks": ["19"], "originaldate": ["2005-10-11"], "albumartist": ["Dirty Three"], "asin": ["B000BB18G8"], "releasetype": ["album"], "media": ["CD"], "musicbrainz_albumartistid": ["af8bb921-4d67-4f0d-ba17-6215315f92e4"], "file_name": "14_Rain_On.flac", "tracktotal": ["19"], "catalognumber": ["AH009CD"], "musicbrainz_artistid": ["af8bb921-4d67-4f0d-ba17-6215315f92e4"], "albumartistsort": ["Dirty Three"], "musicbrainz_releasetrackid": ["b591b6d0-2a5e-3665-a06f-5697c78dfe82"], "script": ["Latn"], "label": ["Anchor & Hope"], "releasecountry": ["AU"], "album": ["Cinder"], "date": ["2005-10"], "title": ["Rain On"], "language": ["eng"], "discnumber": ["1"], "artistsort": ["Dirty Three"], "disctotal": ["1"], "musicbrainz_releasegroupid": ["d13b060f-c7ca-3fcf-aa40-6a46d6b9bb81"], "totaldiscs": ["1"], "genre": ["Alternative; Australia; Instrumental"]}, "version": {"essentia_build_sha": "70f2e5ece6736b2c40cc944ad0e695b16b925413", "essentia_git_sha": "v2.1_beta2", "extractor": "music 1.0", "essentia": "2.1-beta2"}}, "tonal": {"chords_scale": "minor", "hpcp": {"dmean": [0.0676268339157, 0.0588730834424, 0.0491081625223, 0.0596977323294, 0.0911051332951, 0.188020244241, 0.174697577953, 0.222343310714, 0.138609439135, 0.057185292244, 0.033283893019, 0.0336972586811, 0.0426771193743, 0.0492421612144, 0.0944871157408, 0.111838974059, 0.0743127390742, 0.0454772375524, 0.0388729535043, 0.0418854057789, 0.0618479512632, 0.0645012781024, 0.059914316982, 0.0409772545099, 0.032780405134, 0.0358417443931, 0.0773390755057, 0.0786498859525, 0.064611159265, 0.0348685048521, 0.027958361432, 0.0400098003447, 0.0749521180987, 0.077591009438, 0.0864205509424, 0.0834803581238], "dvar2": [0.0630020201206, 0.0667009502649, 0.0444703362882, 0.0648579820991, 0.0925181955099, 0.120647355914, 0.125993356109, 0.132572799921, 0.112204425037, 0.0672080889344, 0.0421721190214, 0.0308562554419, 0.0425716415048, 0.0432511232793, 0.0726322084665, 0.0869193896651, 0.0489150285721, 0.0385605059564, 0.03476151824, 0.0346720293164, 0.0517510958016, 0.0518351010978, 0.0398364551365, 0.0328974872828, 0.0297299996018, 0.0261989459395, 0.0585750229657, 0.0586569756269, 0.0448505915701, 0.0271399468184, 0.0287872236222, 0.0363727100194, 0.0702455639839, 0.063975982368, 0.0818601548672, 0.100679032505], "mean": [0.0871373265982, 0.0626807287335, 0.0535663627088, 0.0609966777265, 0.0721626356244, 0.306854724884, 0.65070861578, 0.490223824978, 0.132235899568, 0.0438367053866, 0.0249133650213, 0.0327840968966, 0.0496950894594, 0.0654569044709, 0.181534051895, 0.239263489842, 0.118787057698, 0.0413431227207, 0.0379081144929, 0.0384804233909, 0.0838732346892, 0.13597291708, 0.0894703939557, 0.0362721085548, 0.0276234615594, 0.0311199612916, 0.113618142903, 0.187382221222, 0.11473878473, 0.0305899307132, 0.0221093371511, 0.0328342914581, 0.104854099452, 0.175057083368, 0.129520431161, 0.0833079665899], "var": [0.039106272161, 0.0279053132981, 0.0201591029763, 0.0269759427756, 0.0253837462515, 0.0638532042503, 0.13449421525, 0.101080924273, 0.0440318658948, 0.0194236319512, 0.0102980807424, 0.00914728268981, 0.0183650646359, 0.0242241565138, 0.0691541209817, 0.101097650826, 0.0309977326542, 0.0104657867923, 0.012002308853, 0.0112760113552, 0.026432313025, 0.0619639456272, 0.0273367464542, 0.0126048382372, 0.00968527700752, 0.00794679578394, 0.03878762573, 0.0887467414141, 0.0400807447731, 0.00912084151059, 0.00926480069757, 0.0103976698592, 0.0313789583743, 0.0811606049538, 0.0458612926304, 0.0335107706487], "dmean2": [0.117389313877, 0.105124369264, 0.0846513807774, 0.105428099632, 0.166288301349, 0.325689047575, 0.296664863825, 0.376493066549, 0.243596836925, 0.105435788631, 0.0618991516531, 0.0604550167918, 0.0748759955168, 0.0859432667494, 0.158558547497, 0.185797736049, 0.124086566269, 0.0811665579677, 0.0692097246647, 0.0739208832383, 0.10882371664, 0.109813950956, 0.10257640481, 0.0735985785723, 0.0593641251326, 0.0640230104327, 0.132215976715, 0.131995752454, 0.110002018511, 0.0620859824121, 0.0510215125978, 0.0721261873841, 0.134035274386, 0.133163586259, 0.153557673097, 0.152586773038], "dvar": [0.024548124522, 0.0243669766933, 0.0164600126445, 0.0233909953386, 0.03246980533, 0.0434029623866, 0.0526942834258, 0.0504288524389, 0.0415284186602, 0.0235725510865, 0.0141496192664, 0.0106934001669, 0.015454204753, 0.0156703423709, 0.0270061157644, 0.0359397605062, 0.0181248579174, 0.0133501114324, 0.012937775813, 0.0128096519038, 0.0183112937957, 0.0201992020011, 0.0145750707015, 0.012335345149, 0.0109113818035, 0.00927557609975, 0.0215256568044, 0.0238903686404, 0.0174076892436, 0.00964759383351, 0.0107664000243, 0.0130014736205, 0.0234067905694, 0.0245200656354, 0.0274042934179, 0.0322922244668], "min": [0, 0, 0, 0, 0, 0, 0, 0, 0, 0, 0, 0, 0, 0, 0, 0, 0, 0, 0, 0, 0, 0, 0, 0, 0, 0, 0, 0, 0, 0, 0, 0, 0, 0, 0, 0], "median": [0.0103402007371, 0.00751689402387, 0.00487435096875, 0.00423952657729, 0.0101720318198, 0.264614880085, 0.773058176041, 0.490867227316, 0.0408980064094, 0.0024055452086, 0.00215651746839, 0.00495395343751, 0.00779152102768, 0.0117161814123, 0.0522289462388, 0.0836064815521, 0.0388493984938, 0.00564341479912, 0.00526954000816, 0.00508736073971, 0.0171238146722, 0.0249545350671, 0.0191319286823, 0.00349656189792, 0.00158980558626, 0.00311687868088, 0.0247149206698, 0.0397047735751, 0.0239522717893, 0.0036094468087, 0.00101301213726, 0.00308645004407, 0.0253976210952, 0.0343761667609, 0.0283061042428, 0.0139363277704], "max": [1, 1, 1, 1, 1, 1, 1, 1, 1, 1, 1, 1, 1, 1, 1, 1, 1, 1, 1, 1, 1, 1, 1, 1, 1, 1, 1, 1, 1, 1, 1, 1, 1, 1, 1, 1]}, "tuning_equal_tempered_deviation": 0.060697466135, "chords_key": "B", "chords_strength": {"dmean": 0.00707624480128, "dvar2": 4.21342811023e-05, "mean": 0.53456223011, "var": 0.00723537895828, "dmean2": 0.00645551085472, "dvar": 3.83869337384e-05, "min": 0.255176454782, "median": 0.531116366386, "max": 0.766995251179}, "tuning_diatonic_strength": 0.509893655777, "thpcp": [1, 0.753369212151, 0.20321829617, 0.0673676431179, 0.0382865145802, 0.0503821484745, 0.0763707235456, 0.100593268871, 0.278979033232, 0.36769682169, 0.182550311089, 0.063535541296, 0.0582566671073, 0.0591361820698, 0.128895223141, 0.208961293101, 0.137496858835, 0.0557424761355, 0.042451351881, 0.0478247255087, 0.174606785178, 0.287966400385, 0.176328971982, 0.0470101833344, 0.0339773222804, 0.0504592843354, 0.16113832593, 0.269025295973, 0.199045211077, 0.128026530147, 0.133911430836, 0.096326880157, 0.0823200419545, 0.0937388539314, 0.110898539424, 0.471570104361], "chords_histogram": [28.2479896545, 4.40118503571, 5.58611917496, 1.22725343704, 3.17393136024, 2.24291157722, 0.105797715485, 0, 0, 0, 0, 0.444350391626, 0, 0.42319086194, 0, 1.12145578861, 0, 0.846381723881, 3.17393136024, 46.0643234253, 0.761743545532, 0, 1.50232756138, 0.677105367184], "tuning_nontempered_energy_ratio": 0.704344034195, "tuning_frequency": 440, "key_strength": 0.576668083668, "chords_changes_rate": 0.034278459847, "key_scale": "major", "hpcp_entropy": {"dmean": 0.562311530113, "dvar2": 0.707026898861, "mean": 1.77424001694, "var": 0.620626568794, "dmean2": 0.936378955841, "dvar": 0.272378742695, "min": 0, "median": 1.79205584526, "max": 4.27368021011}, "key_key": "E", "chords_number_rate": 0.00211595417932}, "lowlevel": {"melbands_skewness": {"dmean": 0.628841519356, "dvar2": 1.24194180965, "mean": 3.07440423965, "var": 2.30613565445, "dmean2": 1.00972950459, "dvar": 0.501068115234, "min": -0.852934002876, "median": 2.88705015182, "max": 12.3989171982}, "melbands_kurtosis": {"dmean": 7.85821008682, "dvar2": 414.603546143, "mean": 22.3713169098, "var": 705.716674805, "dmean2": 12.8608808517, "dvar": 159.145996094, "min": -1.64193344116, "median": 15.5623693466, "max": 308.751159668}, "barkbands_kurtosis": {"dmean": 6.14368152618, "dvar2": 331.746063232, "mean": 16.2620868683, "var": 643.133789062, "dmean2": 9.81691837311, "dvar": 142.788116455, "min": -1.775354743, "median": 9.77247238159, "max": 612.850769043}, "hfc": {"dmean": 2.65132927895, "dvar2": 122.499221802, "mean": 7.32459497452, "var": 140.529769897, "dmean2": 3.93276357651, "dvar": 56.8910217285, "min": 5.73552938476e-08, "median": 3.73085641861, "max": 164.929199219}, "silence_rate_20dB": {"dmean": 0.000423325225711, "dvar2": 0.00126951106358, "mean": 0.999788343906, "var": 0.000211577164009, "dmean2": 0.000846740033012, "dvar": 0.000423175573815, "min": 0, "median": 1, "max": 1}, "erbbands_flatness_db": {"dmean": 0.0202015712857, "dvar2": 0.00112657621503, "mean": 0.229256421328, "var": 0.00438154302537, "dmean2": 0.0267942622304, "dvar": 0.000648839923088, "min": 0.0214069802314, "median": 0.230933785439, "max": 0.43376776576}, "spectral_flux": {"dmean": 0.0189711358398, "dvar2": 0.00360513199121, "mean": 0.0500695444643, "var": 0.00356969516724, "dmean2": 0.0299249105155, "dvar": 0.001591927954, "min": 9.02375904843e-05, "median": 0.0319966077805, "max": 0.624288022518}, "spectral_energyband_low": {"dmean": 0.00431986246258, "dvar2": 0.000958302174695, "mean": 0.00731635373086, "var": 0.000344486586982, "dmean2": 0.00772686535493, "dvar": 0.000328004127368, "min": 1.18903697652e-11, "median": 0.00193986715749, "max": 0.554066836834}, "spectral_rolloff": {"dmean": 157.709838867, "dvar2": 604304.3125, "mean": 630.294555664, "var": 1421148.75, "dmean2": 276.207550049, "dvar": 244125.84375, "min": 86.1328125, "median": 387.59765625, "max": 17334.2285156}, "spectral_entropy": {"dmean": 0.238318383694, "dvar2": 0.165734127164, "mean": 6.37263917923, "var": 0.675764203072, "dmean2": 0.331375092268, "dvar": 0.0887626856565, "min": 4.03287315369, "median": 6.44827032089, "max": 9.78994274139}, "spectral_energy": {"dmean": 0.00915994960815, "dvar2": 0.00234393775463, "mean": 0.0207205154002, "var": 0.00121866236441, "dmean2": 0.0153608042747, "dvar": 0.000869510637131, "min": 2.83946356011e-11, "median": 0.0102676190436, "max": 0.666690051556}, "spectral_centroid": {"dmean": 101.511352539, "dvar2": 60587.9023438, "mean": 529.91027832, "var": 145686.796875, "dmean2": 158.831710815, "dvar": 32097.7304688, "min": 142.470916748, "median": 420.804321289, "max": 11320.3945312}, "barkbands_flatness_db": {"dmean": 0.0260396506637, "dvar2": 0.00172600580845, "mean": 0.257651150227, "var": 0.0074682389386, "dmean2": 0.0375188067555, "dvar": 0.000871377822477, "min": 0.0343337468803, "median": 0.248972043395, "max": 0.520405232906}, "spectral_rms": {"dmean": 0.000684065103997, "dvar2": 4.5632768888e-06, "mean": 0.00365697033703, "var": 6.84178621668e-06, "dmean2": 0.00110159232281, "dvar": 1.79842970738e-06, "min": 1.66439434679e-07, "median": 0.00316499429755, "max": 0.0255035161972}, "melbands": {"dmean": [0.000201907867449, 0.000806925876532, 0.00102440582123, 0.00101488642395, 0.000374751049094, 0.000189308513654, 0.00013165382552, 8.91423333087e-05, 4.39274917881e-05, 3.21546322084e-05, 2.61657933152e-05, 1.68472997757e-05, 8.23184927867e-06, 7.21711285223e-06, 8.04398314358e-06, 6.21345452601e-06, 4.46543390353e-06, 1.10970731839e-05, 8.65398851602e-06, 5.9214621615e-06, 8.28978409118e-06, 4.94559208164e-06, 1.56317605615e-06, 1.3573663864e-06, 1.32063803449e-06, 1.02902731669e-06, 6.89720366154e-07, 4.84958889047e-07, 4.13015015965e-07, 3.3887855011e-07, 2.22084679535e-07, 1.79509214604e-07, 1.54413854148e-07, 1.27724533172e-07, 1.21687264709e-07, 1.00997425534e-07, 9.76060405833e-08, 1.04987329053e-07, 9.97992017915e-08, 8.72797016882e-08], "dvar2": [1.57695412781e-05, 4.09312706324e-05, 2.86465074169e-05, 5.11990365339e-05, 3.07528148369e-06, 7.97086613602e-07, 4.43512959691e-07, 1.61312541991e-07, 3.20203810134e-08, 2.38838762101e-08, 1.68056484284e-08, 6.98502500285e-09, 2.30077290553e-09, 1.25912025251e-09, 1.42679723591e-09, 1.2632763724e-09, 3.74102387957e-10, 2.74864042638e-09, 1.09587128261e-09, 5.20456233666e-10, 1.62146773786e-09, 4.95541274681e-10, 4.88996274028e-11, 5.05278076324e-11, 3.76359186871e-11, 1.83404368082e-11, 1.1433506919e-11, 5.67823175632e-12, 7.84810150894e-12, 6.77350796979e-12, 2.40092667969e-12, 1.41421520761e-12, 9.29742285764e-13, 6.83372520897e-13, 7.60285823014e-13, 4.45882805504e-13, 4.91479036288e-13, 5.69065627953e-13, 5.64441505688e-13, 5.13819943624e-13], "mean": [0.00017958569515, 0.00152538577095, 0.00165659561753, 0.001475145109, 0.000812054844573, 0.000404171471018, 0.000249854143476, 0.00016564289399, 8.71431839187e-05, 5.65887457924e-05, 4.76480890939e-05, 2.76460687019e-05, 1.17278432299e-05, 1.11142971946e-05, 1.21973334899e-05, 9.23911466089e-06, 7.22739196135e-06, 2.0733286874e-05, 1.7095819203e-05, 1.05568087747e-05, 1.36127609949e-05, 7.92598166299e-06, 2.59052285401e-06, 2.17861133933e-06, 2.16484431803e-06, 1.71548913386e-06, 1.05079948298e-06, 7.25196514395e-07, 5.52165488443e-07, 4.10863890465e-07, 2.87668029841e-07, 2.31835684872e-07, 1.95951216142e-07, 1.64210220532e-07, 1.49887270595e-07, 1.27646615056e-07, 1.18773648694e-07, 1.23942598407e-07, 1.19908563079e-07, 1.04960228953e-07], "var": [3.56552732228e-06, 1.51768863361e-05, 1.27752491608e-05, 1.53895907715e-05, 2.07425409826e-06, 6.91357286087e-07, 3.19937356608e-07, 1.34318767664e-07, 3.17354711399e-08, 1.61651030339e-08, 1.60188218246e-08, 5.3850688353e-09, 1.11426545768e-09, 6.73503197657e-10, 9.57614432195e-10, 6.23746554407e-10, 2.53832260766e-10, 3.30775318247e-09, 1.31214628052e-09, 5.83781856189e-10, 1.97112792755e-09, 5.58206869616e-10, 4.63596938616e-11, 3.68248626037e-11, 3.16030465686e-11, 1.8675238439e-11, 8.882740897e-12, 4.98732695767e-12, 5.13647804845e-12, 3.76588430578e-12, 1.73813155709e-12, 1.04636373351e-12, 7.41581871865e-13, 5.28918163607e-13, 4.75673103337e-13, 3.23342101791e-13, 2.82012586027e-13, 3.27089348445e-13, 3.25336437478e-13, 3.22928559978e-13], "dmean2": [0.000358737277566, 0.00143912574276, 0.00181447423529, 0.00173316779546, 0.000589017523453, 0.000295487086987, 0.000211457663681, 0.000136986462167, 6.89964363119e-05, 5.19149070897e-05, 4.1257320845e-05, 2.75093316304e-05, 1.35543441502e-05, 1.15808934424e-05, 1.25015376398e-05, 9.85182941804e-06, 7.12460678187e-06, 1.75748300535e-05, 1.33156227093e-05, 9.37606637308e-06, 1.25828173623e-05, 7.77199966251e-06, 2.34313802139e-06, 2.09887798519e-06, 2.01385273613e-06, 1.56073940616e-06, 1.05383696791e-06, 7.24237509075e-07, 6.14050236436e-07, 4.99854536429e-07, 3.2055390875e-07, 2.59638909483e-07, 2.1879222345e-07, 1.81566292667e-07, 1.755021799e-07, 1.46139683466e-07, 1.45445312683e-07, 1.54666807362e-07, 1.46525394484e-07, 1.29241627178e-07], "dvar": [5.57882094654e-06, 1.39170588227e-05, 9.93892172119e-06, 1.82389576366e-05, 1.24188238715e-06, 3.30523477032e-07, 1.77486469966e-07, 6.8568922984e-08, 1.30904682649e-08, 9.51461665011e-09, 7.00604330106e-09, 2.70053912566e-09, 8.751110947e-10, 5.06976904902e-10, 6.1169197485e-10, 4.99515817598e-10, 1.55704144023e-10, 1.06782072073e-09, 4.55225690477e-10, 2.14220099992e-10, 7.79663000827e-10, 2.12092718388e-10, 2.22012807444e-11, 2.13544772143e-11, 1.65049692663e-11, 8.40890811843e-12, 4.99057739578e-12, 2.69111989637e-12, 3.49761257283e-12, 2.98672219769e-12, 1.14375869886e-12, 6.71503000774e-13, 4.56566154241e-13, 3.31254961612e-13, 3.36161789594e-13, 2.06320231082e-13, 2.10566739284e-13, 2.45192890514e-13, 2.39514544266e-13, 2.13843713245e-13], "min": [1.963025879e-12, 1.61192522004e-12, 1.1256295375e-12, 7.39070534373e-13, 5.41664098557e-13, 4.65143114997e-13, 3.46648843528e-13, 1.68662745445e-13, 4.54799941468e-14, 8.81787640816e-15, 1.29131841464e-14, 4.65981318473e-14, 5.76731384546e-14, 3.24190645845e-14, 1.46796874515e-14, 4.17718151938e-15, 5.72139754464e-15, 1.02074974856e-14, 1.94675293274e-14, 9.8729440354e-15, 1.24670425757e-14, 7.76061581263e-15, 3.25606876463e-15, 6.35965974029e-15, 7.84981939341e-15, 3.48042619302e-15, 5.70260018948e-15, 7.63332370132e-15, 5.63710675496e-15, 6.92227172935e-15, 4.36968923841e-15, 1.20546827965e-15, 2.36836362459e-15, 2.27140143377e-15, 3.67146981559e-15, 4.90378543978e-15, 2.24393469639e-15, 5.15073027226e-15, 6.77896053094e-15, 4.44537205576e-15], "median": [6.54980340187e-06, 0.000409742235206, 0.000443207565695, 0.000421231088694, 0.00027151487302, 0.000122150508105, 6.37024495518e-05, 4.26807127951e-05, 1.97692206712e-05, 1.59375977091e-05, 1.20481918202e-05, 6.13509291725e-06, 2.75022739515e-06, 2.30746013585e-06, 2.52241397902e-06, 1.96113978745e-06, 1.98895895664e-06, 4.86009321321e-06, 4.2756860239e-06, 1.97779058908e-06, 1.80996937615e-06, 9.7453721537e-07, 4.05675137927e-07, 3.01347284903e-07, 3.24285622355e-07, 2.70028465366e-07, 1.16791781579e-07, 7.44901100802e-08, 3.72144803862e-08, 1.94909262063e-08, 8.98196894639e-09, 6.18691142762e-09, 5.76363223814e-09, 5.69131763939e-09, 5.00060792774e-09, 4.58186732999e-09, 4.15984091617e-09, 3.30636673596e-09, 2.92305779581e-09, 2.49657050588e-09], "max": [0.073466964066, 0.123548597097, 0.0719954520464, 0.0887580737472, 0.0234473329037, 0.0174518506974, 0.00820431578904, 0.00909633748233, 0.00345109659247, 0.00215877569281, 0.00219447328709, 0.00121565908194, 0.000665272993501, 0.000475599779747, 0.000574349367525, 0.000851916847751, 0.000387224921724, 0.00084792234702, 0.000571442185901, 0.000309232011205, 0.00111367995851, 0.000477378373034, 0.000116242968943, 0.000149204177433, 9.53036360443e-05, 7.23168632248e-05, 6.30287977401e-05, 3.75984091079e-05, 5.40767978237e-05, 4.80683083879e-05, 3.94523922296e-05, 2.26773809118e-05, 1.56814403454e-05, 1.16083328976e-05, 1.33943958645e-05, 1.28170331664e-05, 1.17558720376e-05, 1.09155098471e-05, 1.32016411953e-05, 2.29288889386e-05]}, "barkbands_crest": {"dmean": 2.1433391571, "dvar2": 11.6908988953, "mean": 12.6780633926, "var": 17.0147171021, "dmean2": 3.48807239532, "dvar": 4.39874649048, "min": 3.1665687561, "median": 12.2289409637, "max": 25.8552894592}, "mfcc": {"icov": [[0.000125644219224, -5.3287105402e-05, 0.000258806394413, -0.000136640912388, 0.000362908700481, -0.000157159433002, 5.88610964769e-05, 0.000128415907966, -0.000234647130128, 0.000407983810874, -0.000262361776549, 9.02180108824e-05, -0.000104782549897], [-5.3287105402e-05, 0.00074572651647, -9.95024238364e-05, 0.000219315421418, -0.00101880007423, 0.00071974057937, -0.000181867711945, -0.000270827236818, 0.000744448159821, -0.00104526651558, 0.000901167921256, -0.000430713262176, 0.000718428113032], [0.000258806394413, -9.95024238364e-05, 0.00194339151494, -0.00121467746794, 0.0011515164515, -0.00183533702511, 0.000377439107979, 0.000541968620382, -0.001143437461, 0.00341338827275, -0.00205758563243, 0.000808295677416, 0.000945968669839], [-0.000136640912388, 0.000219315421418, -0.00121467746794, 0.00556729082018, -0.00314642000012, 0.0025245253928, -0.00294350553304, 0.000380913639674, 0.000307854905259, -0.000412869412685, 0.000958716787864, -0.00131495587993, -7.53059939598e-05], [0.000362908700481, -0.00101880007423, 0.0011515164515, -0.00314642000012, 0.00898539740592, -0.00471098162234, 0.00368414237164, -0.0019815156702, -0.000950698216911, 0.000628786568996, -0.00135975133162, 0.00360477948561, -0.00181206222624], [-0.000157159433002, 0.00071974057937, -0.00183533702511, 0.0025245253928, -0.00471098162234, 0.0122803347185, -0.0083971451968, 0.00473500508815, -0.00466942181811, 0.00152296223678, -0.00144577841274, -0.000669242464937, 0.000630560389254], [5.88610964769e-05, -0.000181867711945, 0.000377439107979, -0.00294350553304, 0.00368414237164, -0.0083971451968, 0.0211189892143, -0.0144127551466, 0.00828658044338, -0.00719950487837, 0.00402133446187, -0.00186916522216, -0.000807156029623], [0.000128415907966, -0.000270827236818, 0.000541968620382, 0.000380913639674, -0.0019815156702, 0.00473500508815, -0.0144127551466, 0.0247075911611, -0.0170775353909, 0.014953979291, -0.00939826667309, 0.00454842438921, -0.000944947707467], [-0.000234647130128, 0.000744448159821, -0.001143437461, 0.000307854905259, -0.000950698216911, -0.00466942181811, 0.00828658044338, -0.0170775353909, 0.0315161831677, -0.019717855379, 0.0128744654357, -0.00820874329656, 0.00113645964302], [0.000407983810874, -0.00104526651558, 0.00341338827275, -0.000412869412685, 0.000628786568996, 0.00152296223678, -0.00719950487837, 0.014953979291, -0.019717855379, 0.0314632430673, -0.0211977567524, 0.0132739469409, -0.00806660111994], [-0.000262361776549, 0.000901167921256, -0.00205758563243, 0.000958716787864, -0.00135975133162, -0.00144577841274, 0.00402133446187, -0.00939826667309, 0.0128744654357, -0.0211977567524, 0.0333313159645, -0.0180989354849, 0.0103544713929], [9.02180108824e-05, -0.000430713262176, 0.000808295677416, -0.00131495587993, 0.00360477948561, -0.000669242464937, -0.00186916522216, 0.00454842438921, -0.00820874329656, 0.0132739469409, -0.0180989354849, 0.0268091503531, -0.0132084945217], [-0.000104782549897, 0.000718428113032, 0.000945968669839, -7.53059939598e-05, -0.00181206222624, 0.000630560389254, -0.000807156029623, -0.000944947707467, 0.00113645964302, -0.00806660111994, 0.0103544713929, -0.0132084945217, 0.0233399737626]], "mean": [-791.172607422, 182.527572632, 6.94543504715, 24.2824878693, 18.5897407532, -9.6556892395, -11.6237363815, -11.5763607025, -7.83539915085, -2.72321128845, -12.7185125351, -13.8311452866, -8.48410987854], "cov": [[13812.1542969, 485.710540771, -2649.49658203, -371.562774658, -500.811462402, -425.328521729, -160.627670288, -190.647598267, 32.0383033752, 234.025604248, -13.0359354019, 115.617630005, 263.113861084], [485.710540771, 1858.21887207, -354.553436279, 4.64869260788, 196.190246582, -126.047584534, -44.5823936462, -27.5276565552, -15.6678981781, 88.4965057373, -40.3594398499, -72.8907394409, -16.6481761932], [-2649.49658203, -354.553436279, 1688.73242188, 243.663482666, 35.8648757935, 253.638565063, 93.777671814, 102.547409058, -42.6694869995, -249.995788574, 25.2262592316, 4.73221302032, -158.149780273], [-371.562774658, 4.64869260788, 243.663482666, 280.217773438, 84.8600158691, 28.7084312439, 49.1634292603, 41.6507911682, -0.108559884131, -35.7566986084, -2.82951188087, 4.02602815628, -10.4025468826], [-500.811462402, 196.190246582, 35.8648757935, 84.8600158691, 222.027282715, 56.6064338684, 9.59223651886, 24.3015766144, 22.3812828064, 15.2552881241, -7.10618782043, -30.6961288452, -2.47934150696], [-425.328521729, -126.047584534, 253.638565063, 28.7084312439, 56.6064338684, 184.789276123, 69.1346054077, 36.0034446716, 23.4012527466, -20.2277069092, 14.2809820175, 8.49775791168, -14.62292099], [-160.627670288, -44.5823936462, 93.777671814, 49.1634292603, 9.59223651886, 69.1346054077, 116.644142151, 69.2603683472, 14.4232854843, -8.85263347626, 7.27616500854, 10.8656368256, 1.88308572769], [-190.647598267, -27.5276565552, 102.547409058, 41.6507911682, 24.3015766144, 36.0034446716, 69.2603683472, 116.299438477, 34.5650672913, -30.7881317139, 4.53596544266, 7.86256980896, -5.89922475815], [32.0383033752, -15.6678981781, -42.6694869995, -0.108559884131, 22.3812828064, 23.4012527466, 14.4232854843, 34.5650672913, 74.5102081299, 38.6451683044, 2.39509749413, 8.10399913788, 18.6106681824], [234.025604248, 88.4965057373, -249.995788574, -35.7566986084, 15.2552881241, -20.2277069092, -8.85263347626, -30.7881317139, 38.6451683044, 126.602645874, 28.8568458557, -6.07408666611, 34.1562538147], [-13.0359354019, -40.3594398499, 25.2262592316, -2.82951188087, -7.10618782043, 14.2809820175, 7.27616500854, 4.53596544266, 2.39509749413, 28.8568458557, 68.4185256958, 30.381072998, -3.6531419754], [115.617630005, -72.8907394409, 4.73221302032, 4.02602815628, -30.6961288452, 8.49775791168, 10.8656368256, 7.86256980896, 8.10399913788, -6.07408666611, 30.381072998, 80.4462280273, 30.2190971375], [263.113861084, -16.6481761932, -158.149780273, -10.4025468826, -2.47934150696, -14.62292099, 1.88308572769, -5.89922475815, 18.6106681824, 34.1562538147, -3.6531419754, 30.2190971375, 80.5645599365]]}, "spectral_decrease": {"dmean": 2.37264097258e-09, "dvar2": 1.58821483407e-16, "mean": -5.31398969272e-09, "var": 8.10834861904e-17, "dmean2": 3.98966548687e-09, "dvar": 5.87101101229e-17, "min": -1.7405152164e-07, "median": -2.60344457104e-09, "max": -6.14492128423e-18}, "zerocrossingrate": {"dmean": 0.00485888682306, "dvar2": 7.42504707887e-05, "mean": 0.0275306403637, "var": 0.000765453558415, "dmean2": 0.00612460123375, "dvar": 5.21560941706e-05, "min": 0.00537109375, "median": 0.02099609375, "max": 0.3486328125}, "spectral_contrast_coeffs": {"dmean": [0.0424730144441, 0.0402906611562, 0.0311457570642, 0.0270958114415, 0.0203948263079, 0.0125255426392], "dvar2": [0.00452584819868, 0.00317517062649, 0.00182333344128, 0.00133424205706, 0.000758724519983, 0.000360471836757], "mean": [-0.523834764957, -0.69746363163, -0.766410291195, -0.77357506752, -0.797102272511, -0.831168532372], "var": [0.00863179285079, 0.00666282232851, 0.0052674417384, 0.00563191063702, 0.00302052195184, 0.00107379537076], "dmean2": [0.0710787400603, 0.0660568028688, 0.050445202738, 0.0434403792024, 0.0316322892904, 0.0200997609645], "dvar": [0.00169284502044, 0.0012163479114, 0.000738168368116, 0.000570490083192, 0.000359205296263, 0.000157461763592], "min": [-0.996174991131, -0.97270321846, -0.960661172867, -0.966599166393, -0.962827682495, -0.958928525448], "median": [-0.522654175758, -0.701648592949, -0.773822486401, -0.780614495277, -0.795575082302, -0.829793095589], "max": [-0.209957063198, -0.384999394417, -0.520015001297, -0.537359774113, -0.607731699944, -0.678804516792]}, "spectral_skewness": {"dmean": 0.631626665592, "dvar2": 1.29091906548, "mean": 3.36064887047, "var": 2.74823880196, "dmean2": 1.00474333763, "dvar": 0.58506911993, "min": 0.0101051963866, "median": 2.91814422607, "max": 12.8355236053}, "spectral_energyband_middle_high": {"dmean": 0.000513711711392, "dvar2": 2.97633300761e-06, "mean": 0.0013016294688, "var": 5.3846197261e-06, "dmean2": 0.000743245822378, "dvar": 1.44643001931e-06, "min": 1.84626706284e-12, "median": 0.000427098595537, "max": 0.0265015158802}, "gfcc": {"icov": [[0.000118225543702, -0.00013486937678, 0.000238689099206, -0.000148459570482, 0.000220100017032, -0.000182485498954, 9.24492269405e-05, -2.52565205301e-05, 0.000169439081219, -0.000186502511497, 0.000332911120495, -0.000296089361655, 0.000217528286157], [-0.00013486937678, 0.00184680789243, -0.000472136773169, 0.000825186434668, -0.000792508129962, 0.000476356392028, 0.000128068699269, 0.000296769721899, -0.00142684148159, 0.00312471366487, -0.00381582113914, 0.00401593791321, -0.00212461082265], [0.000238689099206, -0.000472136773169, 0.00147743511479, -0.000880363339093, 0.000495549174957, -0.00055254047038, -0.000466167577542, 0.00138288596645, 9.32345428737e-05, 0.000129217776703, 0.00144637457561, -0.00281405472197, 0.00193006650079], [-0.000148459570482, 0.000825186434668, -0.000880363339093, 0.00394097995013, -0.000439462077338, -0.000657272525132, -0.000167637161212, -0.000551664736122, -0.000310720322886, 0.00160359416623, -0.00215224153362, 0.00185374100693, -0.000916664663237], [0.000220100017032, -0.000792508129962, 0.000495549174957, -0.000439462077338, 0.00444572046399, -0.000750108913053, -0.000484915653942, -0.000560333603062, -0.00235070288181, 0.00160888279788, 0.000288487761281, 0.000696002563927, 2.38811735471e-05], [-0.000182485498954, 0.000476356392028, -0.00055254047038, -0.000657272525132, -0.000750108913053, 0.00839720852673, -0.00385292456485, 0.000881419982761, 0.00123340496793, -0.0041085658595, 0.00481866672635, -0.00240982254036, 0.000785687880125], [9.24492269405e-05, 0.000128068699269, -0.000466167577542, -0.000167637161212, -0.000484915653942, -0.00385292456485, 0.0113858701661, -0.00316479615867, -0.0015055447584, 0.0049124439247, -0.00689758406952, 0.00341273006052, -0.000534302613232], [-2.52565205301e-05, 0.000296769721899, 0.00138288596645, -0.000551664736122, -0.000560333603062, 0.000881419982761, -0.00316479615867, 0.0137188583612, -0.00330880586989, -0.00158125918824, 0.00355905527249, -0.00544344820082, 0.00339851062745], [0.000169439081219, -0.00142684148159, 9.32345428737e-05, -0.000310720322886, -0.00235070288181, 0.00123340496793, -0.0015055447584, -0.00330880586989, 0.020811997354, -0.0102948900312, 0.00280040409416, 0.001097990782, -0.00248139468022], [-0.000186502511497, 0.00312471366487, 0.000129217776703, 0.00160359416623, 0.00160888279788, -0.0041085658595, 0.0049124439247, -0.00158125918824, -0.0102948900312, 0.0234195496887, -0.013676260598, 0.00800204556435, -0.000698815390933], [0.000332911120495, -0.00381582113914, 0.00144637457561, -0.00215224153362, 0.000288487761281, 0.00481866672635, -0.00689758406952, 0.00355905527249, 0.00280040409416, -0.013676260598, 0.0330083370209, -0.0167428143322, 0.00292629539035], [-0.000296089361655, 0.00401593791321, -0.00281405472197, 0.00185374100693, 0.000696002563927, -0.00240982254036, 0.00341273006052, -0.00544344820082, 0.001097990782, 0.00800204556435, -0.0167428143322, 0.0297708101571, -0.0117430686951], [0.000217528286157, -0.00212461082265, 0.00193006650079, -0.000916664663237, 2.38811735471e-05, 0.000785687880125, -0.000534302613232, 0.00339851062745, -0.00248139468022, -0.000698815390933, 0.00292629539035, -0.0117430686951, 0.0238040070981]], "mean": [-140.702392578, 148.272521973, -91.0896530151, 6.81487226486, -37.114780426, -17.7865200043, -51.9667854309, -5.0672712326, -26.8455314636, -10.255147934, -21.6958580017, -13.9154624939, -10.0887174606], "cov": [[16326.8515625, -558.510925293, -2994, -144.335113525, -697.311767578, 141.783752441, -364.737365723, 246.20072937, -53.2786026001, 329.64630127, -128.658554077, -94.9036865234, -36.0447731018], [-558.510925293, 2055.4777832, -167.070449829, -231.380325317, 491.559844971, -300.989868164, 86.9031906128, -105.135780334, 123.530517578, -186.390151978, 106.065536499, -198.236343384, 116.174438477], [-2994, -167.070449829, 1910.47265625, 316.410125732, -68.56275177, 155.139556885, 117.171661377, -134.703414917, -100.363555908, -132.74029541, -2.99937295914, 145.470184326, -55.6878585815], [-144.335113525, -231.380325317, 316.410125732, 360.798858643, -29.2316684723, 85.033241272, 38.8084335327, 1.29071116447, -26.9419803619, -14.773100853, -3.58840465546, 36.4097938538, -18.0235881805], [-697.311767578, 491.559844971, -68.56275177, -29.2316684723, 416.561126709, -53.1840744019, 61.6644897461, 1.886028409, 71.7351608276, -54.6418418884, 17.1606311798, -65.7551116943, 28.4575653076], [141.783752441, -300.989868164, 155.139556885, 85.033241272, -53.1840744019, 214.239059448, 39.8286094666, 13.6202497482, -21.0110549927, 30.777551651, -26.8576316833, 34.9185600281, -26.2921447754], [-364.737365723, 86.9031906128, 117.171661377, 38.8084335327, 61.6644897461, 39.8286094666, 140.524505615, 13.315114975, 9.57757472992, -27.4829387665, 20.6051254272, 0.351222753525, 0.792090475559], [246.20072937, -105.135780334, -134.703414917, 1.29071116447, 1.886028409, 13.6202497482, 13.315114975, 106.455406189, 20.9442100525, 26.2914237976, -4.93703556061, 9.04827690125, -7.98751592636], [-53.2786026001, 123.530517578, -100.363555908, -26.9419803619, 71.7351608276, -21.0110549927, 9.57757472992, 20.9442100525, 86.4593963623, 29.5587558746, 10.1394109726, -26.3002929688, 12.1184463501], [329.64630127, -186.390151978, -132.74029541, -14.773100853, -54.6418418884, 30.777551651, -27.4829387665, 26.2914237976, 29.5587558746, 107.229934692, 10.5634145737, 0.821722984314, -9.45017623901], [-128.658554077, 106.065536499, -2.99937295914, -3.58840465546, 17.1606311798, -26.8576316833, 20.6051254272, -4.93703556061, 10.1394109726, 10.5634145737, 62.9110145569, 16.4031639099, 14.5094623566], [-94.9036865234, -198.236343384, 145.470184326, 36.4097938538, -65.7551116943, 34.9185600281, 0.351222753525, 9.04827690125, -26.3002929688, 0.821722984314, 16.4031639099, 90.9893417358, 10.5636110306], [-36.0447731018, 116.174438477, -55.6878585815, -18.0235881805, 28.4575653076, -26.2921447754, 0.792090475559, -7.98751592636, 12.1184463501, -9.45017623901, 14.5094623566, 10.5636110306, 62.9402236938]]}, "erbbands_spread": {"dmean": 5.6304974556, "dvar2": 111.479385376, "mean": 25.9808101654, "var": 236.680389404, "dmean2": 8.30805301666, "dvar": 52.2028808594, "min": 1.03503084183, "median": 25.0947875977, "max": 126.323860168}, "erbbands_kurtosis": {"dmean": 1.90284442902, "dvar2": 27.2154216766, "mean": 3.86460447311, "var": 76.0295028687, "dmean2": 2.84544205666, "dvar": 13.142952919, "min": -1.83129692078, "median": 0.455374360085, "max": 129.872558594}, "dynamic_complexity": 6.12588691711, "erbbands_crest": {"dmean": 2.16597509384, "dvar2": 11.939953804, "mean": 11.1265735626, "var": 20.7748699188, "dmean2": 3.41930174828, "dvar": 4.87445878983, "min": 2.03251552582, "median": 10.393907547, "max": 31.2394790649}, "erbbands": {"dmean": [0.017378076911, 0.247925952077, 1.90462756157, 5.85621833801, 10.1750574112, 16.0382881165, 9.65400600433, 8.43033123016, 8.22288131714, 9.08437156677, 5.76943397522, 4.93992519379, 5.10904502869, 3.78820466995, 2.42089295387, 2.60347604752, 3.2838075161, 2.51378178596, 6.52554988861, 5.73194789886, 6.03566217422, 3.8029718399, 1.45226621628, 1.54659938812, 1.1173555851, 0.770529150963, 0.638356804848, 0.427231520414, 0.303638488054, 0.237887427211, 0.203780338168, 0.158496856689, 0.147533327341, 0.106285557151, 0.055090226233, 0.0259516406804, 0.00899624172598, 0.00296016363427, 0.000602580199484, 5.46670671611e-05], "dvar2": [0.104296065867, 20.4059562683, 160.298721313, 1095.72546387, 4916.66015625, 10723.8017578, 1935.39880371, 1576.0291748, 1615.64111328, 1785.92297363, 574.538818359, 543.909118652, 646.214294434, 361.249908447, 177.702713013, 181.664215088, 294.660369873, 125.797401428, 785.430053711, 441.638122559, 761.739501953, 260.943450928, 44.7980804443, 50.045627594, 23.6533336639, 13.4118328094, 18.5118656158, 9.42606544495, 3.62669754028, 2.10250329971, 1.93925738335, 1.16509890556, 1.0831823349, 0.660924077034, 0.184682682157, 0.0611771568656, 0.00778945768252, 0.00110471085645, 0.000107237370685, 8.26246775887e-07], "mean": [0.0171895418316, 0.265978574753, 3.90608429909, 9.09213447571, 13.7323083878, 25.496515274, 20.7082710266, 17.89544487, 15.749756813, 16.7795143127, 11.6013832092, 9.27005195618, 9.3709526062, 6.21338891983, 3.70695018768, 4.11877584457, 5.06756734848, 4.45309495926, 12.8016223907, 11.2291917801, 10.5050706863, 6.54014444351, 2.61211872101, 2.6591758728, 1.89664471149, 1.21050739288, 0.854454994202, 0.552019953728, 0.401251852512, 0.311557263136, 0.255273997784, 0.198304563761, 0.177188292146, 0.128757983446, 0.0685108080506, 0.0305346995592, 0.0100549962372, 0.00293492409401, 0.000537968357094, 6.42350205453e-05], "var": [0.0269607454538, 4.22082281113, 80.2745361328, 446.575073242, 1535.59814453, 3491.13330078, 1544.79406738, 1424.21264648, 1269.47253418, 1485.78930664, 570.967102051, 422.604156494, 579.439880371, 240.382827759, 95.7279968262, 100.387931824, 191.281829834, 89.6913299561, 943.953308105, 525.971618652, 975.599365234, 319.383605957, 41.8604393005, 45.0240478516, 24.405954361, 12.5154132843, 12.225520134, 6.44246816635, 3.03997921944, 1.83594954014, 1.31920719147, 0.768283605576, 0.659740149975, 0.430159598589, 0.142613992095, 0.0409442931414, 0.00481283897534, 0.000552194309421, 4.09499843954e-05, 3.45270223079e-07], "dmean2": [0.0301576759666, 0.44647654891, 3.38443613052, 10.4838657379, 17.6782608032, 26.7829017639, 15.1511249542, 13.1704244614, 13.1992435455, 13.9068584442, 9.03122997284, 7.93405866623, 8.04627895355, 6.15972709656, 3.9261879921, 4.04939889908, 5.10360622406, 3.98024082184, 10.2010755539, 9.10998249054, 9.12688732147, 5.89337396622, 2.16755151749, 2.32373833656, 1.66027677059, 1.14537644386, 0.931787371635, 0.608277320862, 0.422832220793, 0.330961942673, 0.284627079964, 0.22875444591, 0.215683102608, 0.153870373964, 0.0811823382974, 0.0386389195919, 0.0136779621243, 0.00467934878543, 0.000975531118456, 8.78057617228e-05], "dvar": [0.0378791615367, 7.06172132492, 54.4256286621, 374.591827393, 1751.01330566, 3825.15917969, 813.943908691, 655.290222168, 650.33782959, 765.528259277, 234.154876709, 219.373825073, 269.902679443, 140.913757324, 70.2346115112, 74.8050689697, 123.577575684, 52.0395698547, 307.038238525, 173.66734314, 369.538482666, 112.464523315, 19.9868488312, 22.4902019501, 11.122086525, 6.43660449982, 8.44452762604, 4.41428661346, 1.81175899506, 1.0732254982, 0.882871747017, 0.520489037037, 0.473049551249, 0.28248295188, 0.0857071578503, 0.0281133688986, 0.00348428217694, 0.000475631706649, 4.36831978732e-05, 3.32569612738e-07], "min": [2.18019075016e-10, 1.1015686141e-09, 3.14832293569e-09, 5.98101568272e-09, 8.86454110116e-09, 1.15985052673e-08, 1.53764858624e-08, 2.06444958906e-08, 2.3183959641e-08, 1.72923648734e-08, 6.98421720458e-09, 1.79705494929e-09, 2.63746868789e-09, 1.21730767688e-08, 1.60000972471e-08, 9.29554033746e-09, 3.14866821505e-09, 3.09359560191e-09, 8.13025557989e-09, 9.91934534511e-09, 1.00678283488e-08, 6.39490416177e-09, 4.94382623728e-09, 9.16634146364e-09, 6.17752693444e-09, 1.1164509317e-08, 9.39455091498e-09, 9.37343003216e-09, 2.94566104841e-09, 4.44682957124e-09, 7.63635465972e-09, 4.85998086219e-09, 8.11286238189e-09, 5.92458082593e-09, 2.13638795543e-09, 1.78613657198e-09, 1.40368805468e-09, 4.60983001771e-10, 1.74619929627e-10, 1.72031156681e-11], "median": [0.00086655060295, 0.0423840358853, 1.08731555939, 2.38785552979, 2.88304924965, 8.2559337616, 6.57045459747, 5.13761281967, 4.04336452484, 4.12967967987, 2.98618364334, 2.6065955162, 2.50255584717, 1.54457736015, 1.0376329422, 1.01437473297, 1.0212802887, 1.3784134388, 3.41446614265, 2.57140851021, 1.76242208481, 0.987718462944, 0.465454280376, 0.433320403099, 0.284465253353, 0.141274303198, 0.0604195147753, 0.0222407113761, 0.0117596779019, 0.010341563262, 0.00893367640674, 0.00708270352334, 0.0047813677229, 0.00313460081816, 0.00196579378098, 0.00103586784098, 0.000271550408797, 3.65712730854e-05, 1.13852220238e-05, 1.39873045555e-05], "max": [5.85159063339, 83.4467926025, 244.350158691, 466.682250977, 748.23614502, 1371.6439209, 677.041992188, 756.130187988, 495.038391113, 985.082885742, 474.260650635, 326.029724121, 396.717376709, 221.03578186, 206.055343628, 189.18548584, 305.437347412, 252.004196167, 396.368774414, 275.194976807, 807.81463623, 369.309020996, 138.715332031, 114.494255066, 81.7772750854, 52.8244285583, 61.158164978, 77.7546157837, 35.5453491211, 23.1389369965, 24.1589260101, 16.3116531372, 12.8588504791, 23.0615901947, 14.8394861221, 10.6283311844, 3.57156634331, 1.28749108315, 0.395644456148, 0.0337599106133]}, "silence_rate_30dB": {"dmean": 0.0228595621884, "dvar2": 0.0502026937902, "mean": 0.971216917038, "var": 0.0279525704682, "dmean2": 0.0457239635289, "dvar": 0.0223348643631, "min": 0, "median": 1, "max": 1}, "silence_rate_60dB": {"dmean": 0.0251878499985, "dvar2": 0.0544022805989, "mean": 0.227407410741, "var": 0.175697550178, "dmean2": 0.0503810346127, "dvar": 0.0245554484427, "min": 0, "median": 0, "max": 1}, "spectral_energyband_middle_low": {"dmean": 0.00645555276424, "dvar2": 0.00135147536639, "mean": 0.0135413184762, "var": 0.0006289773155, "dmean2": 0.0105815725401, "dvar": 0.000510731246322, "min": 1.00355574545e-11, "median": 0.00655173556879, "max": 0.455215573311}, "spectral_spread": {"dmean": 511299.0625, "dvar2": 1202593202180.0, "mean": 2927054, "var": 2982478610430.0, "dmean2": 756298.8125, "dvar": 662