{"metadata": {"audio_properties": {"downmix": "mix", "bit_rate": 160012, "lossless": false, "md5_encoded": "5f128d75f0b98a9fd30af3ed48f8f9ec", "analysis_sample_rate": 44100, "sample_rate": 44100, "replay_gain": 0.910688400269, "equal_loudness": 0, "codec": "mp3", "length": 350.432647705}, "tags": {"date": ["1998"], "bpm": ["0"], "musicbrainz_recordingid": ["f1241c39-9756-4893-aee6-32898f8b5725"], "musicbrainz_artistid": ["054f2808-5352-43df-9a6b-3051bb687f06"], "encoding": ["Lavf56.36.100"], "album": ["Tantra Drums"], "artist": ["Al Gromer Khan"], "title": ["Blue Raga"], "discnumber": ["0/0"], "artistsort": ["Khan, Al Gromer"], "tracknumber": ["8/0"], "file_name": "Al Gromer Khan - Blue Raga.mp3"}, "version": {"essentia_build_sha": "70f2e5ece6736b2c40cc944ad0e695b16b925413", "essentia_git_sha": "v2.1_beta2", "extractor": "music 1.0", "essentia": "2.1-beta2"}}, "tonal": {"chords_scale": "minor", "hpcp": {"dmean": [0.148395746946, 0.119203858078, 0.0858903676271, 0.0471143387258, 0.0519186742604, 0.0810740962625, 0.0901016816497, 0.0956454500556, 0.0843393579125, 0.0771555379033, 0.0703324005008, 0.0698963403702, 0.118445143104, 0.13082049787, 0.0973384454846, 0.0490053296089, 0.0518711693585, 0.0624927915633, 0.0592701360583, 0.0406432934105, 0.0564726553857, 0.064842261374, 0.0582724995911, 0.058178704232, 0.0702693238854, 0.0505164340138, 0.0771979987621, 0.120664149523, 0.116327501833, 0.0675963610411, 0.0392588041723, 0.0319010056555, 0.0357195213437, 0.0520531013608, 0.0678644701838, 0.0859475433826], "dvar2": [0.101542726159, 0.0752010494471, 0.0667912438512, 0.0525355413556, 0.0560713224113, 0.0716926157475, 0.0888734310865, 0.0837221220136, 0.119341090322, 0.125782638788, 0.124417379498, 0.0692436248064, 0.066562756896, 0.0795172974467, 0.0590777471662, 0.04078380391, 0.0484119430184, 0.065709233284, 0.072409786284, 0.0431865416467, 0.0607611909509, 0.0596657507122, 0.0481529571116, 0.0341992788017, 0.0565122440457, 0.0275579579175, 0.0371868759394, 0.0581053644419, 0.0550481006503, 0.0432241782546, 0.0364980772138, 0.0345123410225, 0.0400528647006, 0.0528085082769, 0.066280849278, 0.0665720254183], "mean": [0.259208232164, 0.306974232197, 0.134964466095, 0.0430293679237, 0.0545244179666, 0.108099915087, 0.176521420479, 0.13709333539, 0.0694397687912, 0.0585786364973, 0.0514439865947, 0.0647978186607, 0.252028524876, 0.342107474804, 0.153639659286, 0.0539503917098, 0.0625450834632, 0.0582750961185, 0.0805787965655, 0.0877042636275, 0.0620004199445, 0.088352188468, 0.0994628742337, 0.111897528172, 0.14605666697, 0.0853664502501, 0.118814483285, 0.30510649085, 0.27754214406, 0.0959278568625, 0.0298010520637, 0.0231359452009, 0.0308228190988, 0.0624546743929, 0.0767153128982, 0.103258885443], "var": [0.0904353410006, 0.131452724338, 0.0397879742086, 0.0138826686889, 0.0212580282241, 0.0443359464407, 0.0992241352797, 0.0620184466243, 0.0326537527144, 0.0331187359989, 0.0303513500839, 0.0200209189206, 0.080168902874, 0.135990992188, 0.0367319770157, 0.0233682021499, 0.0333101376891, 0.0237431041896, 0.0453832149506, 0.0589714944363, 0.025540702045, 0.0415167808533, 0.0526245646179, 0.0359730422497, 0.0773517265916, 0.0231833700091, 0.0299337692559, 0.116095721722, 0.092769689858, 0.0320312641561, 0.00928504765034, 0.00854036677629, 0.0129090044647, 0.0272591002285, 0.0280511826277, 0.0318078063428], "dmean2": [0.246421530843, 0.190762087703, 0.148244693875, 0.0863338261843, 0.0916092470288, 0.132472023368, 0.149645492435, 0.159241512418, 0.15467235446, 0.146371930838, 0.13259974122, 0.123796492815, 0.186889201403, 0.204677000642, 0.162307083607, 0.0844743028283, 0.0896922796965, 0.109960928559, 0.104333266616, 0.0713329315186, 0.0994513034821, 0.110091559589, 0.0965309068561, 0.0947460532188, 0.117696881294, 0.0854880437255, 0.124354854226, 0.184686124325, 0.179091855884, 0.113605283201, 0.0714239105582, 0.0587508231401, 0.0653679892421, 0.0931027531624, 0.120198853314, 0.150036245584], "dvar": [0.0395179577172, 0.0322036333382, 0.0229847803712, 0.017381310463, 0.0199240427464, 0.0274307057261, 0.0343565456569, 0.0347675681114, 0.0417105220258, 0.0415759310126, 0.0408349595964, 0.0236895047128, 0.0271610412747, 0.0353879705071, 0.0217624530196, 0.0153272422031, 0.0187168326229, 0.0236472655088, 0.0244660098106, 0.0162664055824, 0.0210048202425, 0.0228565894067, 0.0195033568889, 0.01340588741, 0.0224498026073, 0.0104874186218, 0.0149452583864, 0.0282593294978, 0.0240634661168, 0.0166855249554, 0.0130705554038, 0.0123295299709, 0.0141370920464, 0.0188348591328, 0.0228702817112, 0.0229206755757], "min": [0, 0, 0, 0, 0, 0, 0, 0, 0, 0, 0, 0, 0, 0, 0, 0, 0, 0, 0, 0, 0, 0, 0, 0, 0, 0, 0, 0, 0, 0, 0, 0, 0, 0, 0, 0], "median": [0.123350128531, 0.121446795762, 0.0321522131562, 0.00810768827796, 0.00715193990618, 0.00777626596391, 0.0136433430016, 0.0155616821721, 0.00645817397162, 0.00228483043611, 0.00191071163863, 0.0149111775681, 0.123160406947, 0.16980625689, 0.068012394011, 0.00270679360256, 0.00208538025618, 0.0031795068644, 0.00347023108043, 0.00234838295728, 0.00475429790094, 0.00859369337559, 0.00885449256748, 0.0154842799529, 0.00821574870497, 0.00943257194012, 0.0382761247456, 0.150993138552, 0.142008185387, 0.0252085849643, 0.00241144467145, 0.0015492355451, 0.00239417143166, 0.00935380719602, 0.0166892446578, 0.0298025775701], "max": [1, 1, 1, 1, 1, 1, 1, 1, 1, 1, 1, 1, 1, 1, 1, 1, 1, 1, 1, 1, 1, 1, 1, 1, 1, 1, 1, 1, 1, 1, 1, 1, 1, 1, 1, 1]}, "tuning_equal_tempered_deviation": 0.211502194405, "chords_key": "F#", "chords_strength": {"dmean": 0.00685939285904, "dvar2": 2.80515178019e-05, "mean": 0.512978076935, "var": 0.00995560828596, "dmean2": 0.00590777397156, "dvar": 3.21780862578e-05, "min": 0.24118694663, "median": 0.511761188507, "max": 0.870044350624}, "tuning_diatonic_strength": 0.504952967167, "thpcp": [1, 0.449097633362, 0.157700121403, 0.182822912931, 0.170341491699, 0.235536500812, 0.256364643574, 0.181230828166, 0.258258581161, 0.29073575139, 0.327082961798, 0.426932126284, 0.24953109026, 0.347301632166, 0.89184397459, 0.81127178669, 0.280402690172, 0.0871102064848, 0.0676277130842, 0.0900968909264, 0.182558640838, 0.224243313074, 0.30183172226, 0.75768071413, 0.897303521633, 0.394508957863, 0.125777333975, 0.159378036857, 0.315982311964, 0.515982329845, 0.400731772184, 0.202976480126, 0.17122875154, 0.150373756886, 0.189407780766, 0.73669397831], "chords_histogram": [33.0727424622, 22.2340011597, 7.71167373657, 0.530011951923, 0, 6.46614551544, 5.94938373566, 7.28766393661, 0.715516090393, 11.1170005798, 0.119252681732, 0.0132502978668, 0, 0.119252681732, 0, 1.6827878952, 0.463760435581, 0, 0.543262243271, 0.039750892669, 0.238505363464, 0, 1.48403334618, 0.212004765868], "tuning_nontempered_energy_ratio": 0.939491808414, "tuning_frequency": 434.193115234, "key_strength": 0.704810202122, "chords_changes_rate": 0.0398833975196, "key_scale": "minor", "hpcp_entropy": {"dmean": 0.552645027637, "dvar2": 0.55380666256, "mean": 1.94309222698, "var": 0.575254976749, "dmean2": 0.919493198395, "dvar": 0.209503516555, "min": 0, "median": 1.9734994173, "max": 4.35910415649}, "key_key": "F#", "chords_number_rate": 0.00119252677541}, "lowlevel": {"melbands_skewness": {"dmean": 0.811658143997, "dvar2": 2.21913170815, "mean": 4.08099031448, "var": 5.91253662109, "dmean2": 1.26644694805, "dvar": 0.921487867832, "min": -1.3123626709, "median": 3.67438769341, "max": 21.5822525024}, "melbands_kurtosis": {"dmean": 14.8867120743, "dvar2": 2137.84033203, "mean": 41.22133255, "var": 2625.15307617, "dmean2": 23.7801074982, "dvar": 823.507629395, "min": -1.38979494572, "median": 25.2677841187, "max": 857.17791748}, "barkbands_kurtosis": {"dmean": 7.54568147659, "dvar2": 468.479675293, "mean": 19.8081455231, "var": 436.462768555, "dmean2": 12.1718664169, "dvar": 164.17124939, "min": -1.82903063297, "median": 14.3088855743, "max": 477.749908447}, "hfc": {"dmean": 2.38697361946, "dvar2": 36.4550056458, "mean": 9.35310459137, "var": 106.8829422, "dmean2": 3.55172181129, "dvar": 17.4622764587, "min": 1.11488210288e-16, "median": 6.56962060928, "max": 113.281829834}, "silence_rate_20dB": {"dmean": 0.000132520537591, "dvar2": 0.000397465599235, "mean": 0.999933719635, "var": 6.62482270855e-05, "dmean2": 0.000265058653895, "dvar": 0.000132489949465, "min": 0, "median": 1, "max": 1}, "erbbands_flatness_db": {"dmean": 0.0137894824147, "dvar2": 0.000411473098211, "mean": 0.188268408179, "var": 0.00331682758406, "dmean2": 0.019426593557, "dvar": 0.000212486513192, "min": 0.0453672222793, "median": 0.186341017485, "max": 0.479579120874}, "spectral_flux": {"dmean": 0.021137714386, "dvar2": 0.00224999687634, "mean": 0.0665418803692, "var": 0.00250986358151, "dmean2": 0.0353089831769, "dvar": 0.00084394874284, "min": 6.39433020422e-11, "median": 0.0544414557517, "max": 0.382453113794}, "spectral_energyband_low": {"dmean": 0.00897270068526, "dvar2": 0.00081161345588, "mean": 0.0158701315522, "var": 0.000584205496125, "dmean2": 0.0155298467726, "dvar": 0.000285246380372, "min": 1.21650808174e-23, "median": 0.00642189383507, "max": 0.353007167578}, "spectral_rolloff": {"dmean": 134.252731323, "dvar2": 495573.125, "mean": 503.114898682, "var": 955430.6875, "dmean2": 219.325378418, "dvar": 222093.03125, "min": 21.533203125, "median": 301.46484375, "max": 19616.7480469}, "spectral_entropy": {"dmean": 0.16434751451, "dvar2": 0.0577191077173, "mean": 6.85433244705, "var": 0.369913309813, "dmean2": 0.241653308272, "dvar": 0.0264042876661, "min": 4.37273645401, "median": 6.84812164307, "max": 9.81150913239}, "spectral_energy": {"dmean": 0.0117469793186, "dvar2": 0.000991775421426, "mean": 0.0331469736993, "var": 0.00111892493442, "dmean2": 0.0195240937173, "dvar": 0.000362933729775, "min": 1.03554328911e-20, "median": 0.0227949656546, "max": 0.425062924623}, "spectral_centroid": {"dmean": 86.9426651001, "dvar2": 38769.6796875, "mean": 529.609802246, "var": 209255.921875, "dmean2": 130.32572937, "dvar": 19159.7578125, "min": 118.923606873, "median": 432.906555176, "max": 11321.1894531}, "barkbands_flatness_db": {"dmean": 0.0210774857551, "dvar2": 0.00104495347477, "mean": 0.230479344726, "var": 0.00403949897736, "dmean2": 0.0329987183213, "dvar": 0.000396618735977, "min": 0.031911868602, "median": 0.227862536907, "max": 0.460138350725}, "spectral_rms": {"dmean": 0.000856509548612, "dvar2": 3.33618595505e-06, "mean": 0.00502884574234, "var": 7.04938383933e-06, "dmean2": 0.00140633096453, "dvar": 1.2072842992e-06, "min": 3.17849978108e-12, "median": 0.0047158235684, "max": 0.0203640740365}, "melbands": {"dmean": [0.00117710616905, 0.00135914550629, 0.00153994350694, 0.000651453912724, 0.000267619616352, 0.000110082852188, 0.000154242108692, 0.000118448806461, 5.86866372032e-05, 4.01696452172e-05, 2.52562913374e-05, 2.04475472856e-05, 1.3129087165e-05, 1.38239392982e-05, 6.29493433735e-06, 4.16064312958e-06, 2.73184355137e-06, 2.26558358918e-06, 3.66872063751e-06, 1.22309631934e-06, 1.48823426116e-06, 1.506565809e-06, 9.92622403828e-07, 9.92020545709e-07, 1.03510933513e-06, 5.16877491918e-07, 5.57270482204e-07, 5.41022643574e-07, 5.57960049719e-07, 3.95399297304e-07, 4.11871184269e-07, 3.68680730389e-07, 3.24478094171e-07, 2.72373483767e-07, 2.41090447162e-07, 1.92587748415e-07, 1.46668554635e-07, 1.63558780741e-07, 1.60219926215e-07, 1.63314552992e-07], "dvar2": [3.29663889715e-05, 2.427995787e-05, 2.29849811149e-05, 2.31367653214e-06, 6.04659589953e-07, 2.34806321942e-07, 7.0897220894e-07, 5.44556087334e-07, 6.43249009613e-08, 5.91220299384e-08, 9.97707783057e-09, 4.69854644081e-09, 4.03513578107e-09, 3.22308557621e-09, 1.18075982325e-09, 2.38269404207e-10, 2.26107216283e-10, 1.02255322265e-10, 2.73105177362e-10, 2.58565755612e-11, 4.86801779442e-11, 5.54815325626e-11, 2.10881850177e-11, 1.6627125024e-11, 2.93913192395e-11, 4.07994645013e-12, 6.37970318934e-12, 7.81443399572e-12, 8.67741729166e-12, 5.45180567357e-12, 3.46897510717e-12, 3.49780751238e-12, 2.83151258516e-12, 1.42509691114e-12, 1.31264270287e-12, 8.17105660477e-13, 3.40915040338e-13, 5.69600844356e-13, 5.66491460945e-13, 7.74279620454e-13], "mean": [0.00173181574792, 0.00231257337146, 0.00289021083154, 0.00174097809941, 0.000704379053786, 0.000288432464004, 0.000417114963057, 0.0003528893576, 0.000162477139384, 7.72105777287e-05, 5.43657952221e-05, 4.51045380032e-05, 2.66454098892e-05, 2.29096222029e-05, 1.06209072328e-05, 7.48330421629e-06, 5.51993298359e-06, 4.25890311817e-06, 6.22438119535e-06, 2.35267361859e-06, 2.59206126429e-06, 2.68677013082e-06, 2.00867862077e-06, 1.9392109607e-06, 1.90579987702e-06, 1.12960185561e-06, 1.14178328658e-06, 1.07583605313e-06, 1.15126340461e-06, 9.05776744275e-07, 9.30550470457e-07, 8.29330645047e-07, 7.21559047179e-07, 5.95960273131e-07, 4.90031311529e-07, 4.12866569377e-07, 3.26160858322e-07, 3.40960639278e-07, 3.09230870243e-07, 3.00979365875e-07], "var": [2.04727948585e-05, 1.3842251974e-05, 1.75274508365e-05, 5.76633647142e-06, 9.71332156041e-07, 2.77577299812e-07, 2.63533752332e-06, 1.91976846509e-06, 2.18729908852e-07, 7.64661436392e-08, 2.02971417451e-08, 7.31573646107e-09, 4.97075758332e-09, 4.25479518285e-09, 9.55812318182e-10, 3.20565018974e-10, 2.03022015866e-10, 9.0139028186e-11, 1.99791044819e-10, 2.2733825239e-11, 3.33890970428e-11, 3.78287123848e-11, 3.6854339025e-11, 1.81491696671e-11, 2.04410828542e-11, 3.87256633011e-12, 5.75924637841e-12, 7.98606406699e-12, 8.7651544009e-12, 5.77264017837e-12, 6.14673546437e-12, 5.01782469742e-12, 4.33266486924e-12, 3.27672155902e-12, 2.09591892453e-12, 1.759946789e-12, 9.60258673792e-13, 9.98465199409e-13, 9.19494840511e-13, 1.0183711513e-12], "dmean2": [0.001957092667, 0.00239642872475, 0.00262583279982, 0.00092277181102, 0.000404561083997, 0.000163462929777, 0.000222827395191, 0.000164109762409, 8.04250885267e-05, 6.08225491305e-05, 3.70335183106e-05, 3.09071801894e-05, 2.06790791708e-05, 2.14824667637e-05, 9.78882962954e-06, 6.59478337184e-06, 4.3180443754e-06, 3.73974785361e-06, 6.10863162365e-06, 2.0011077595e-06, 2.48038145401e-06, 2.50612424679e-06, 1.59058595273e-06, 1.60269678418e-06, 1.72206853222e-06, 8.61015962528e-07, 9.02186968688e-07, 8.51125150803e-07, 8.76597539445e-07, 5.90731644934e-07, 5.94155267208e-07, 5.54183145596e-07, 4.78044228203e-07, 3.51001659737e-07, 3.3472659311e-07, 2.46110943181e-07, 1.97253058332e-07, 2.17055742269e-07, 2.25728655323e-07, 2.28882896636e-07], "dvar": [1.21681105156e-05, 8.30452154332e-06, 7.98790642875e-06, 1.07714345177e-06, 2.25087120498e-07, 1.02375182109e-07, 3.76941727609e-07, 2.66701647433e-07, 3.51663018705e-08, 2.68590358843e-08, 4.82716000505e-09, 1.99014782432e-09, 1.93390725656e-09, 1.59702895353e-09, 5.43518008378e-10, 1.05337349954e-10, 9.06179228877e-11, 4.10329999145e-11, 1.01450715884e-10, 1.08569394794e-11, 1.78814341806e-11, 2.02692064522e-11, 1.0743740099e-11, 6.7364395312e-12, 1.04440614143e-11, 1.52607809202e-12, 2.55655154165e-12, 3.41278632958e-12, 3.7394406148e-12, 2.23701330897e-12, 1.74913425757e-12, 1.53742546038e-12, 1.25316608219e-12, 7.84012991247e-13, 6.08951094844e-13, 4.54699917041e-13, 2.00786449641e-13, 2.97257552774e-13, 2.69220436959e-13, 3.45809535521e-13], "min": [1.29528396839e-24, 2.2812303323e-24, 2.92933320848e-24, 2.45442533569e-24, 3.1347888758e-24, 2.15501475683e-24, 3.44354548423e-24, 3.28223644532e-24, 3.23300836939e-24, 4.22219221845e-24, 2.45616142132e-24, 4.75820111544e-24, 5.24422975763e-24, 3.65252814866e-24, 2.56546303012e-24, 3.23439124256e-24, 4.7008880041e-24, 3.87008691442e-24, 6.52152533081e-24, 4.25834019171e-24, 4.12265651044e-24, 4.58495661104e-24, 5.38557469919e-24, 5.61007938522e-24, 6.28407267631e-24, 5.69285732102e-24, 6.42177268605e-24, 6.58735143461e-24, 5.37047590146e-24, 6.74252826328e-24, 7.18895253815e-24, 7.81602201602e-24, 6.7722462313e-24, 6.02492595249e-24, 7.48390841947e-24, 7.86095789976e-24, 8.45648635205e-24, 5.99025236026e-24, 7.39392463374e-24, 7.84200867196e-24], "median": [9.63676138781e-05, 0.000759775517508, 0.00131158530712, 0.00096239708364, 0.000366513122572, 0.000127614694065, 7.77910972829e-05, 4.84909905936e-05, 4.25721409556e-05, 1.9493218133e-05, 1.94543717953e-05, 1.97490808205e-05, 8.49159459904e-06, 6.63488708597e-06, 2.4774940357e-06, 3.10869472742e-06, 1.59618718953e-06, 1.6384628907e-06, 1.52476707171e-06, 9.12193002023e-07, 7.98710289018e-07, 8.7117092562e-07, 6.53694371522e-07, 5.32488286353e-07, 5.0637959248e-07, 4.632513253e-07, 3.74882034748e-07, 3.20699655276e-07, 3.87649549793e-07, 2.89085619443e-07, 2.25466678216e-07, 1.49398829308e-07, 8.51130508295e-08, 5.74066802983e-08, 4.03978503982e-08, 2.61837111992e-08, 1.99269845069e-08, 1.47520644589e-08, 9.30789045839e-09, 6.61101884347e-09], "max": [0.0795518383384, 0.0450044162571, 0.0518622882664, 0.028969174251, 0.0134115070105, 0.0115479752421, 0.0329373404384, 0.0237669609487, 0.0118370195851, 0.00708488980308, 0.00426122266799, 0.00274921907112, 0.00286284950562, 0.00202969624661, 0.000672748486977, 0.000545885646716, 0.000417322647991, 0.000353262061253, 0.000299866311252, 9.42788392422e-05, 9.97861061478e-05, 0.000151121901581, 0.00023161797435, 6.65137922624e-05, 9.24495470827e-05, 3.33148163918e-05, 5.98933875153e-05, 6.09472917859e-05, 0.00010713996744, 6.33791278233e-05, 3.64079969586e-05, 4.17152732552e-05, 3.78201511921e-05, 2.70897053269e-05, 2.05601918424e-05, 2.16866810661e-05, 1.36942999234e-05, 1.43497727549e-05, 1.25494452732e-05, 1.64250068337e-05]}, "barkbands_crest": {"dmean": 2.28934049606, "dvar2": 13.0928764343, "mean": 13.0891036987, "var": 15.834151268, "dmean2": 3.71788859367, "dvar": 4.51562356949, "min": 2.21583724022, "median": 12.6047353745, "max": 24.9536209106}, "mfcc": {"icov": [[0.000184567979886, 5.63758003409e-05, -3.58576398867e-05, 5.07313452545e-05, 0.000102723955933, -0.000140946751344, 2.60340748355e-05, -6.6915890784e-05, 0.00037932471605, -0.00023889647855, -2.17055985559e-05, 0.000239195549511, -0.000161609510542], [5.63758003409e-05, 0.000901263556443, 0.000259382970398, -0.000443256401923, 0.000570682634134, 0.000394001108361, -0.000868306960911, 0.00017602306616, 0.000471860199468, -0.000810196099337, 5.91139541939e-05, 0.000103581180156, -0.000414988666307], [-3.58576398867e-05, 0.000259382970398, 0.00205232948065, 0.000316509656841, -0.000362452905392, 0.000301149062579, -0.000499387737364, -0.000878104299773, -0.00112521089613, 0.000275420112303, -0.00135405058973, 0.000655597366858, -0.00137332337908], [5.07313452545e-05, -0.000443256401923, 0.000316509656841, 0.00372710358351, -0.00163727335166, -0.00117140286602, 0.000177131136297, 9.34013005462e-05, -0.00196457840502, 0.000261002685875, -7.72612256696e-05, -0.00214829551987, 0.00266543915495], [0.000102723955933, 0.000570682634134, -0.000362452905392, -0.00163727335166, 0.00712218414992, -0.00377272628248, -0.000274004269158, -0.0002418581862, 0.00193460297305, -0.00383376539685, 6.06823487033e-05, 0.000787060125731, -0.00156316719949], [-0.000140946751344, 0.000394001108361, 0.000301149062579, -0.00117140286602, -0.00377272628248, 0.0103540373966, -0.00572250457481, -0.000515637744684, -0.00160011916887, 0.00337573420256, -0.000905110500753, 0.00089963019127, -0.000694777118042], [2.60340748355e-05, -0.000868306960911, -0.000499387737364, 0.000177131136297, -0.000274004269158, -0.00572250457481, 0.0140180392191, -0.00463184295222, -0.000808667973615, -0.00218260311522, 0.00194536196068, -0.00322589767165, 0.0013393444242], [-6.6915890784e-05, 0.00017602306616, -0.000878104299773, 9.34013005462e-05, -0.0002418581862, -0.000515637744684, -0.00463184295222, 0.01732275635, -0.00649181008339, 0.00130031630397, -0.00146181695163, 0.00207470636815, -0.00459769926965], [0.00037932471605, 0.000471860199468, -0.00112521089613, -0.00196457840502, 0.00193460297305, -0.00160011916887, -0.000808667973615, -0.00649181008339, 0.020779741928, -0.0121909575537, 0.00477384775877, -0.00163842434995, 0.00061009300407], [-0.00023889647855, -0.000810196099337, 0.000275420112303, 0.000261002685875, -0.00383376539685, 0.00337573420256, -0.00218260311522, 0.00130031630397, -0.0121909575537, 0.0288633871824, -0.0123280650005, 0.00249017798342, -0.00144278921653], [-2.17055985559e-05, 5.91139541939e-05, -0.00135405058973, -7.72612256696e-05, 6.06823487033e-05, -0.000905110500753, 0.00194536196068, -0.00146181695163, 0.00477384775877, -0.0123280650005, 0.0218976661563, -0.0105742597952, 0.00203102338128], [0.000239195549511, 0.000103581180156, 0.000655597366858, -0.00214829551987, 0.000787060125731, 0.00089963019127, -0.00322589767165, 0.00207470636815, -0.00163842434995, 0.00249017798342, -0.0105742597952, 0.0180530920625, -0.0071782078594], [-0.000161609510542, -0.000414988666307, -0.00137332337908, 0.00266543915495, -0.00156316719949, -0.000694777118042, 0.0013393444242, -0.00459769926965, 0.00061009300407, -0.00144278921653, 0.00203102338128, -0.0071782078594, 0.0216627977788]], "mean": [-729.509399414, 157.041290283, 21.2499046326, 34.2602958679, -4.68429613113, 3.61196994781, -2.39437651634, -2.06515574455, -3.0119342804, -7.57148742676, -8.759557724, -6.48256111145, -9.15096282959], "cov": [[6381.73486328, -598.93737793, 107.477264404, -514.601989746, -182.595932007, -106.177284241, -168.648544312, -59.8551826477, -211.589447021, -88.4824523926, -83.3690567017, -200.639816284, 28.8070373535], [-598.93737793, 1483.19226074, -238.366134644, 194.367630005, -85.7853927612, -44.2941055298, 74.09715271, -20.8725032806, 10.3439512253, 46.7902793884, 24.3577442169, 56.6186828613, -12.401268959], [107.477264404, -238.366134644, 806.415527344, 65.4674301147, 197.534912109, 156.65461731, 151.023986816, 163.889678955, 142.245803833, 101.929901123, 105.527397156, 70.7478485107, 100.359924316], [-514.601989746, 194.367630005, 65.4674301147, 645.815734863, 296.519378662, 264.990478516, 198.335861206, 103.362220764, 154.347259521, 108.532104492, 96.787109375, 134.311157227, 2.45524454117], [-182.595932007, -85.7853927612, 197.534912109, 296.519378662, 405.878631592, 269.929321289, 180.363265991, 116.126266479, 116.21245575, 101.846115112, 82.5032501221, 82.5055999756, 47.5873947144], [-106.177284241, -44.2941055298, 156.65461731, 264.990478516, 269.929321289, 335.128570557, 203.229934692, 118.684585571, 114.099357605, 69.9910202026, 59.6512145996, 72.6471405029, 38.4641189575], [-168.648544312, 74.09715271, 151.023986816, 198.335861206, 180.363265991, 203.229934692, 227.708526611, 114.876472473, 107.688209534, 75.0054550171, 57.7371139526, 77.5447006226, 37.4123153687], [-59.8551826477, -20.8725032806, 163.889678955, 103.362220764, 116.126266479, 118.684585571, 114.876472473, 141.725296021, 92.47265625, 55.9589576721, 42.6375389099, 43.4759979248, 43.5202331543], [-211.589447021, 10.3439512253, 142.245803833, 154.347259521, 116.21245575, 114.099357605, 107.688209534, 92.47265625, 144.547302246, 79.8929138184, 47.5536460876, 55.187702179, 28.7384185791], [-88.4824523926, 46.7902793884, 101.929901123, 108.532104492, 101.846115112, 69.9910202026, 75.0054550171, 55.9589576721, 79.8929138184, 101.85660553, 69.4266738892, 53.3131217957, 25.8678855896], [-83.3690567017, 24.3577442169, 105.527397156, 96.787109375, 82.5032501221, 59.6512145996, 57.7371139526, 42.6375389099, 47.5536460876, 69.4266738892, 118.339660645, 82.4841461182, 27.4935417175], [-200.639816284, 56.6186828613, 70.7478485107, 134.311157227, 82.5055999756, 72.6471405029, 77.5447006226, 43.4759979248, 55.187702179, 53.3131217957, 82.4841461182, 134.264144897, 39.0164299011], [28.8070373535, -12.401268959, 100.359924316, 2.45524454117, 47.5873947144, 38.4641189575, 37.4123153687, 43.5202331543, 28.7384185791, 25.8678855896, 27.4935417175, 39.0164299011, 75.0551376343]]}, "spectral_decrease": {"dmean": 3.06846259512e-09, "dvar2": 6.83273420584e-17, "mean": -8.55772785968e-09, "var": 7.58279445378e-17, "dmean2": 5.10511899421e-09, "dvar": 2.50005298172e-17, "min": -1.12372376293e-07, "median": -5.85371617845e-09, "max": 7.62561366498e-19}, "zerocrossingrate": {"dmean": 0.00490985997021, "dvar2": 8.19423294161e-05, "mean": 0.0272401273251, "var": 0.000833874742966, "dmean2": 0.00594146177173, "dvar": 6.5858301241e-05, "min": 0.0009765625, "median": 0.02099609375, "max": 0.51806640625}, "spectral_contrast_coeffs": {"dmean": [0.042212408036, 0.0372445322573, 0.0318671762943, 0.0229153931141, 0.015524293296, 0.0132212303579], "dvar2": [0.00378798623569, 0.00247250893153, 0.00168247835245, 0.000928006018512, 0.00045633839909, 0.000400585180614], "mean": [-0.531692147255, -0.708760142326, -0.764093279839, -0.818990051746, -0.835239052773, -0.767007350922], "var": [0.0197633802891, 0.00791189074516, 0.0047966549173, 0.00229337788187, 0.00143851642497, 0.00177557463758], "dmean2": [0.068586923182, 0.061099153012, 0.051999732852, 0.0385170169175, 0.0262798964977, 0.0217447374016], "dvar": [0.00141809810884, 0.0009315929492, 0.000651682668831, 0.000339371501468, 0.000170791739947, 0.000174001470441], "min": [-0.968036592007, -0.971427559853, -0.973404347897, -0.975003838539, -0.961825251579, -0.963173210621], "median": [-0.521709740162, -0.717786133289, -0.768187105656, -0.825782895088, -0.844581723213, -0.761283874512], "max": [-0.18695923686, -0.306659936905, -0.480227231979, -0.594750285149, -0.621459901333, -0.568379580975]}, "spectral_skewness": {"dmean": 0.273575782776, "dvar2": 0.206841096282, "mean": 2.09040737152, "var": 0.643929123878, "dmean2": 0.451040506363, "dvar": 0.0786307528615, "min": -0.0260825771838, "median": 1.93691027164, "max": 7.32372236252}, "spectral_energyband_middle_high": {"dmean": 0.000352108560037, "dvar2": 9.86358941191e-07, "mean": 0.00111777835991, "var": 2.40172062149e-06, "dmean2": 0.000517776759807, "dvar": 4.87859438181e-07, "min": 1.19475990602e-21, "median": 0.000699480471667, "max": 0.0424756407738}, "gfcc": {"icov": [[0.000232695456361, -0.000303426175378, 0.000176755973371, -0.000322876410792, 0.000456439971458, -0.000550674740225, 0.000450353458291, -0.00028647162253, 0.000486238917802, -0.000171253865119, 0.000105874765723, 0.000311930023599, 0.000180293398444], [-0.000303426175378, 0.00382406753488, -0.000404972117394, 0.00171214528382, -0.00169590464793, 0.00224314630032, -0.00394284259528, 0.00277607515454, -0.0030004971195, 0.00296689895913, -0.00383722642437, 0.00326984212734, -0.00166277750395], [0.000176755973371, -0.000404972117394, 0.00216510682367, -0.000831350567751, 0.000497650820762, -0.00142756255809, 0.000133289358928, -0.00129132019356, 0.000396191695472, -0.000268277653959, 1.08115218609e-05, 0.000834847334772, -0.000123787933262], [-0.000322876410792, 0.00171214528382, -0.000831350567751, 0.00419776747003, -0.0028398509603, -8.50667856866e-05, -0.00201308703981, 0.00159446732141, -0.0029472571332, 0.00102059554774, -0.000106074716314, 0.000730595202185, -0.000191140468814], [0.000456439971458, -0.00169590464793, 0.000497650820762, -0.0028398509603, 0.0050706542097, -0.00165760994423, -0.000322914449498, 0.000749329803512, 0.00138704327401, -0.00224165921099, 0.00140650372487, 0.000594595097937, 0.00081877305638], [-0.000550674740225, 0.00224314630032, -0.00142756255809, -8.50667856866e-05, -0.00165760994423, 0.00708299316466, -0.00161064090207, -0.00100414233748, -0.000248506752541, 0.00182705838233, -0.00387375988066, -0.00057359150378, -0.00229067332111], [0.000450353458291, -0.00394284259528, 0.000133289358928, -0.00201308703981, -0.000322914449498, -0.00161064090207, 0.0116745084524, -0.00534433173016, 0.0022218474187, -0.00272102258168, 0.00186951970682, -0.00251248013228, -0.000814390135929], [-0.00028647162253, 0.00277607515454, -0.00129132019356, 0.00159446732141, 0.000749329803512, -0.00100414233748, -0.00534433173016, 0.0159200280905, -0.00862051919103, -0.000531158351805, 0.000245853210799, 0.000711181899533, 0.00159484311007], [0.000486238917802, -0.0030004971195, 0.000396191695472, -0.0029472571332, 0.00138704327401, -0.000248506752541, 0.0022218474187, -0.00862051919103, 0.0193096064031, -0.00635821651667, -0.00380376470275, 0.00335806375369, -0.00238097645342], [-0.000171253865119, 0.00296689895913, -0.000268277653959, 0.00102059554774, -0.00224165921099, 0.00182705838233, -0.00272102258168, -0.000531158351805, -0.00635821651667, 0.0189130082726, -0.00506512029096, -0.00453049968928, 0.00385918025859], [0.000105874765723, -0.00383722642437, 1.08115218609e-05, -0.000106074716314, 0.00140650372487, -0.00387375988066, 0.00186951970682, 0.000245853210799, -0.00380376470275, -0.00506512029096, 0.0199715569615, -0.00496326386929, -0.00023811768915], [0.000311930023599, 0.00326984212734, 0.000834847334772, 0.000730595202185, 0.000594595097937, -0.00057359150378, -0.00251248013228, 0.000711181899533, 0.00335806375369, -0.00453049968928, -0.00496326386929, 0.0216521993279, -0.0106861628592], [0.000180293398444, -0.00166277750395, -0.000123787933262, -0.000191140468814, 0.00081877305638, -0.00229067332111, -0.000814390135929, 0.00159484311007, -0.00238097645342, 0.00385918025859, -0.00023811768915, -0.0106861628592, 0.0175612401217]], "mean": [-78.2980499268, 128.554077148, -90.2315979004, 30.8306369781, -60.4542236328, -2.35704565048, -33.8834495544, -6.1326174736, -29.956363678, -8.06823444366, -20.9737014771, -5.87186098099, -9.13912200928], "cov": [[7519.98242188, -474.543670654, -227.24055481, -52.7531433105, -696.463439941, 349.095062256, -437.444976807, 19.3942699432, -206.81817627, -130.088516235, -82.472076416, -138.947875977, -153.474456787], [-474.543670654, 1454.85632324, 30.5197048187, -5.36162900925, 372.321350098, -220.416397095, 344.32824707, -85.276512146, 173.01574707, -70.4391403198, 157.569015503, -161.419723511, 63.231880188], [-227.24055481, 30.5197048187, 880.581787109, 427.72442627, 240.065246582, 326.203033447, 191.564437866, 165.606277466, 141.909393311, 72.9030609131, 82.7245407104, 5.49490880966, 48.9709472656], [-52.7531433105, -5.36162900925, 427.72442627, 808.280639648, 486.780883789, 291.27166748, 218.269485474, 100.636955261, 145.174606323, 82.1463394165, 51.0880203247, -6.30680274963, 26.6125183105], [-696.463439941, 372.321350098, 240.065246582, 486.780883789, 664.509338379, 124.789352417, 253.034805298, 18.9850139618, 118.289375305, 57.238079071, 59.0182952881, -38.2408561707, 25.6891670227], [349.095062256, -220.416397095, 326.203033447, 291.27166748, 124.789352417, 418.223602295, 82.2017211914, 114.506835938, 59.8597679138, 56.729801178, 63.2647094727, 65.8557662964, 59.7439689636], [-437.444976807, 344.32824707, 191.564437866, 218.269485474, 253.034805298, 82.2017211914, 286.069488525, 69.7840576172, 110.390113831, 44.1338233948, 73.1166229248, 0.97484010458, 53.5260276794], [19.3942699432, -85.276512146, 165.606277466, 100.636955261, 18.9850139618, 114.506835938, 69.7840576172, 154.764129639, 80.9275436401, 53.9814796448, 29.9720726013, 17.6482982635, 7.47643041611], [-206.81817627, 173.01574707, 141.909393311, 145.174606323, 118.289375305, 59.8597679138, 110.390113831, 80.9275436401, 154.996932983, 54.4983139038, 68.2606201172, -9.52349853516, 25.317150116], [-130.088516235, -70.4391403198, 72.9030609131, 82.1463394165, 57.238079071, 56.729801178, 44.1338233948, 53.9814796448, 54.4983139038, 103.305725098, 34.4933357239, 32.7857818604, 3.05454349518], [-82.472076416, 157.569015503, 82.7245407104, 51.0880203247, 59.0182952881, 63.2647094727, 73.1166229248, 29.9720726013, 68.2606201172, 34.4933357239, 109.336746216, 20.9728965759, 38.99401474], [-138.947875977, -161.419723511, 5.49490880966, -6.30680274963, -38.2408561707, 65.8557662964, 0.97484010458, 17.6482982635, -9.52349853516, 32.7857818604, 20.9728965759, 116.455429077, 57.5806427002], [-153.474456787, 63.231880188, 48.9709472656, 26.6125183105, 25.6891670227, 59.7439689636, 53.5260276794, 7.47643041611, 25.317150116, 3.05454349518, 38.99401474, 57.5806427002, 111.867958069]]}, "erbbands_spread": {"dmean": 5.89666843414, "dvar2": 96.6869125366, "mean": 35.6702003479, "var": 517.208679199, "dmean2": 8.61551094055, "dvar": 50.0526390076, "min": 0.586658358574, "median": 30.2192687988, "max": 157.113433838}, "erbbands_kurtosis": {"dmean": 1.66061878204, "dvar2": 24.3677883148, "mean": 3.25636482239, "var": 43.9917526245, "dmean2": 2.53742814064, "dvar": 11.1319990158, "min": -1.76396048069, "median": 1.54247760773, "max": 257.78237915}, "dynamic_complexity": 4.29755735397, "erbbands_crest": {"dmean": 2.1755669117, "dvar2": 10.8283395767, "mean": 10.605799675, "var": 22.1332435608, "dmean2": 3.3895804882, "dvar": 4.06559658051, "min": 2.17222571373, "median": 9.66651916504, "max": 33.5073127747}, "erbbands": {"dmean": [0.140495568514, 0.704386591911, 3.13084959984, 9.67878723145, 9.55702114105, 8.00541591644, 7.91319847107, 4.72920417786, 10.2420444489, 10.6826410294, 7.70158052444, 7.00767278671, 4.78942632675, 4.51974105835, 4.04970741272, 3.19963860512, 2.07016158104, 1.50052440166, 1.59927523136, 1.57750606537, 1.23202681541, 1.2626978159, 0.951179206371, 1.17945790291, 0.666549384594, 0.734109818935, 0.742666602135, 0.657654523849, 0.578873753548, 0.474227517843, 0.384833216667, 0.246190994978, 0.218804821372, 0.179003417492, 0.0983527824283, 0.0658652633429, 0.0320204161108, 0.00403638649732, 0.000225637966651, 1.62228698173e-05], "dvar2": [0.509263753891, 10.750784874, 147.111495972, 977.728088379, 686.807556152, 370.822357178, 602.702087402, 349.4140625, 3709.54736328, 4911.26513672, 1307.31738281, 1885.62609863, 356.342102051, 220.915145874, 359.951507568, 125.716003418, 56.1412582397, 74.6831817627, 51.4444541931, 44.7272605896, 33.179397583, 35.7201271057, 16.0838031769, 36.009929657, 6.90980100632, 12.630730629, 17.1680870056, 8.15014457703, 7.50305891037, 4.2728395462, 2.91070318222, 0.896033406258, 0.947713315487, 0.812424659729, 0.518064141273, 0.448881626129, 0.0991877391934, 0.00480093527585, 2.92944150715e-05, 7.35998817447e-09], "mean": [0.200914740562, 1.04233908653, 5.25604200363, 15.8118019104, 22.2331104279, 22.4869594574, 19.2629947662, 13.2174158096, 26.754196167, 31.7596111298, 22.808380127, 13.9590568542, 10.7227592468, 10.1771011353, 8.12478637695, 5.86451244354, 3.84534072876, 3.20252108574, 3.14899730682, 3.0701751709, 2.29006075859, 2.51363945007, 2.09745073318, 2.33196139336, 1.58714222908, 1.63797700405, 1.72028648853, 1.59915828705, 1.43115890026, 1.13449764252, 0.844400763512, 0.577867686749, 0.478249818087, 0.353448003531, 0.194705724716, 0.108619347215, 0.0462375283241, 0.00438622711226, 0.000210399739444, 4.17264964199e-05], "var": [0.297765851021, 6.32437086105, 72.7063369751, 614.743774414, 1006.14898682, 1005.51373291, 844.675476074, 530.478149414, 11437.0263672, 19397.703125, 4869.11621094, 2478.72924805, 711.431762695, 311.17388916, 387.358398438, 167.056365967, 69.2306900024, 67.3555603027, 45.945854187, 38.1038398743, 23.4964828491, 28.5135993958, 26.2574748993, 26.947807312, 7.66041231155, 14.947268486, 19.0352497101, 16.1060314178, 14.8114366531, 11.0146312714, 6.18145036697, 3.08022809029, 2.01077580452, 1.32384967804, 0.614911615849, 0.316378384829, 0.063034132123, 0.00143694586586, 6.74260672895e-06, 3.32942939885e-09], "dmean2": [0.235447481275, 1.17116856575, 5.52510023117, 16.7231006622, 14.5547380447, 11.5636100769, 11.9598264694, 6.91316795349, 14.7964715958, 14.9975442886, 10.3603391647, 10.5872449875, 7.05902671814, 6.89543485641, 6.46893930435, 4.90296936035, 3.25367307663, 2.36238980293, 2.64665675163, 2.56012058258, 2.0439081192, 2.09111166, 1.51340055466, 1.94396901131, 1.0821480751, 1.13484466076, 1.11538183689, 0.912766993046, 0.831392586231, 0.594863533974, 0.502682030201, 0.301093488932, 0.275217801332, 0.245828285813, 0.12541012466, 0.0953194499016, 0.0499640926719, 0.006671234034, 0.000394956819946, 2.69219144684e-05], "dvar": [0.183622017503, 3.96008896828, 48.961139679, 337.727996826, 270.623504639, 161.186645508, 222.466308594, 155.531066895, 1896.42138672, 2394.32861328, 727.506103516, 865.96697998, 171.06211853, 91.3129272461, 162.175827026, 62.9904174805, 25.89320755, 30.1124801636, 20.0628738403, 17.7158470154, 12.2242059708, 13.403342247, 7.49102878571, 12.9386005402, 2.73934817314, 5.6875295639, 7.36864566803, 4.24597835541, 3.66979265213, 2.38212633133, 1.5451669693, 0.597789466381, 0.527452707291, 0.387531042099, 0.238638624549, 0.188071608543, 0.0399960651994, 0.00175042601768, 1.03010161183e-05, 2.67989563874e-09], "min": [1.36802655218e-22, 1.03351835258e-21, 3.61854359488e-21, 1.30004640688e-20, 2.62495395324e-20, 5.31651048608e-20, 6.68359931615e-20, 1.05103591346e-19, 2.54861326064e-19, 3.42626998513e-19, 3.62870098506e-19, 6.57493143585e-19, 5.41191446063e-19, 1.14335085956e-18, 1.38173107721e-18, 1.46833730093e-18, 1.61725369603e-18, 2.69810165113e-18, 3.4905090383e-18, 3.32057057172e-18, 3.63194162021e-18, 4.96742678712e-18, 7.20946633663e-18, 8.18903843344e-18, 9.62245309949e-18, 1.0779562144e-17, 1.26611449203e-17, 1.44493431413e-17, 1.45275646488e-17, 1.34413118955e-17, 1.45198569798e-17, 1.37687306615e-17, 1.00195246089e-17, 9.54227779143e-18, 6.36573714875e-18, 4.31162393542e-18, 2.90624200674e-18, 1.14980989937e-18, 2.84088072798e-19, 2.900553085e-20], "median": [0.00955808535218, 0.224278315902, 1.78297495842, 6.37468671799, 11.6887903214, 12.5607452393, 9.2116727829, 5.93592453003, 5.22893428802, 4.13726377487, 5.26298713684, 3.85273599625, 4.15477275848, 4.748442173, 2.7500333786, 2.13897013664, 1.68073105812, 1.16153240204, 1.13695394993, 1.00432062149, 0.753687679768, 0.847969591618, 0.673208653927, 0.65802526474, 0.634566128254, 0.559860229492, 0.600815713406, 0.447050899267, 0.255667924881, 0.126549959183, 0.0698968470097, 0.0375693775713, 0.0205809623003, 0.0087639382109, 0.0036896916572, 0.00144317850936, 0.000503264309373, 0.00011770320998, 1.75449167727e-05, 2.74771537079e-05], "max": [10.4797945023, 50.213684082, 118.361923218, 334.545562744, 449.691101074, 440.013580322, 461.134429932, 408.310913086, 2216.84008789, 2431.53344727, 1806.87719727, 1300.52856445, 751.686035156, 488.052886963, 628.382324219, 353.802764893, 208.093063354, 243.516067505, 248.958221436, 102.011428833, 68.5790710449, 110.460487366, 167.887741089, 101.414207458, 51.3293800354, 77.6898117065, 153.218460083, 55.0148010254, 58.9168701172, 51.3723258972, 34.8531074524, 25.8811759949, 19.2498188019, 17.5274887085, 16.3318748474, 15.4296197891, 6.58604860306, 1.59879863262, 0.185597389936, 0.00269527523778]}, "silence_rate_30dB": {"dmean": 0.024516299367, "dvar2": 0.057751134038, "mean": 0.966474533081, "var": 0.0324050225317, "dmean2": 0.0490358509123, "dvar": 0.0239200815558, "min": 0, "median": 1, "max": 1}, "silence_rate_60dB": {"dmean": 0.013119533658, "dvar2": 0.0292652621865, "mean": 0.0895779505372, "var": 0.0815481394529, "dmean2": 0.026240805164, "dvar": 0.0129485335201, "min": 0, "median": 0, "max": 1}, "spectral_energyband_middle_low": {"dmean": 0.00573066202924, "dvar2": 0.000195444925339, "mean": 0.018691925332, "var": 0.000423113640863, "dmean2": 0.00888410862535, "dvar": 7.5788324466e-05, "min": 1.97525658849e-22, "median": 0.012653324753, "max": 0.24163107574}, "spectral_spread": {"dmean": 392799.53125, "dvar2": 574599004160, "mean": 4137206.25, "var": 4250902724610.0, "dmean2": 560175.875, "dvar": 380071346176, "min": 1031423.5, "median": 3718417.25, "max": 42295756}, "barkbands": {"dmean": [0.00142760330345, 0.0035166637972, 0.00399367883801, 0.00336457369849, 0.00255192141049, 0.000626308086794, 0.00076507718768, 0.00045754306484, 0.000273178971838, 0.000179312439286, 9.19278681977e-05, 0.000117505907838, 4.03139893024e-05, 2.86094837065e-05, 4.2758660129e-05, 2.06506720133e-05, 2.12574941543e-05, 2.21958780457e-05, 1.46065312947e-05, 1.70500879904e-05, 1.66436675499e-05, 1.57457125169e-05, 1.31451197376e-05, 1.20727800095e-05, 1.48906929098e-05, 1.60524996318e-05, 9.06699142433e-07], "dvar2": [0.000121160235722, 0.000295389880193, 0.000238545922912, 0.000122051860671, 3.43888023053e-05, 4.5963302e-06, 1.59024202731e-05, 7.15961505193e-06, 2.43198564931e-06, 4.75784503351e-07, 1.78594305567e-07, 1.99145588908e-07, 2.09411670227e-08, 2.2