{"tonal": {"hpcp": {"dvar": [0.0234337002039, 0.0232187174261, 0.0229308847338, 0.0197681058198, 0.0176780540496, 0.0102293668315, 0.0109288813546, 0.00954735651612, 0.0151592148468, 0.0339564494789, 0.0231891032308, 0.0340742990375, 0.0170296244323, 0.0161342546344, 0.0281164813787, 0.0329110249877, 0.02842476964, 0.0238135959953, 0.0186381489038, 0.0213216990232, 0.0235302895308, 0.0220135543495, 0.0197145286947, 0.0260076485574, 0.0292391236871, 0.0252560637891, 0.0183508340269, 0.0124706346542, 0.0104262605309, 0.0233505740762, 0.0277388300747, 0.0199280455709, 0.0167121402919, 0.0133370487019, 0.0152448602021, 0.0181889683008], "var": [0.0914024338126, 0.0555151700974, 0.042834687978, 0.0537382028997, 0.0272783637047, 0.0106096137315, 0.0145359700546, 0.0126026859507, 0.0282106250525, 0.0690364167094, 0.0658165737987, 0.0414044484496, 0.0161263905466, 0.0140445800498, 0.0415576994419, 0.0837408602238, 0.0584048889577, 0.0284031424671, 0.0205756220967, 0.0262086782604, 0.0393016636372, 0.0667190551758, 0.0463512986898, 0.0676998272538, 0.176328226924, 0.0723287239671, 0.019505918026, 0.00978225562721, 0.00866597052664, 0.0560488849878, 0.140280142426, 0.0570820234716, 0.0172492247075, 0.0117717999965, 0.0131830861792, 0.0351079627872], "median": [0.038364302367, 0.0398320741951, 0.032392770052, 0.025679782033, 0.0192763879895, 0.0119727943093, 0.00821283459663, 0.00832154601812, 0.0409039221704, 0.0956435725093, 0.0760941505432, 0.0255711004138, 0.0123081114143, 0.0129580143839, 0.0388097986579, 0.0742797851562, 0.055090688169, 0.0309656150639, 0.0227871909738, 0.0158361159265, 0.0306121222675, 0.025867652148, 0.0315112546086, 0.170102328062, 0.225966125727, 0.124182343483, 0.0101905930787, 0.00568845309317, 0.010525573045, 0.0418247543275, 0.0711185410619, 0.0636375695467, 0.0157209150493, 0.00745353195816, 0.00394474714994, 0.0206161253154], "max": [1, 1, 1, 1, 1, 1, 1, 1, 1, 1, 1, 1, 1, 1, 1, 1, 1, 1, 1, 1, 1, 1, 1, 1, 1, 1, 1, 1, 1, 1, 1, 1, 1, 1, 1, 1], "dmean": [0.0765295177698, 0.0849137231708, 0.081677287817, 0.0724767819047, 0.0665262416005, 0.0471870750189, 0.0378667712212, 0.0386774763465, 0.0711913183331, 0.116364553571, 0.0997666344047, 0.0936176255345, 0.0576455555856, 0.0552246384323, 0.0997606739402, 0.117643222213, 0.109728366137, 0.0834016650915, 0.0633897408843, 0.0654328092933, 0.0821164250374, 0.0821151435375, 0.0796002820134, 0.123823300004, 0.0956639051437, 0.108555532992, 0.0516978502274, 0.0340320058167, 0.0380633324385, 0.0823862850666, 0.0829517841339, 0.0828125178814, 0.0538917146623, 0.0411533415318, 0.0413855686784, 0.0610900372267], "dmean2": [0.124560594559, 0.142965137959, 0.141148462892, 0.122041009367, 0.115661732852, 0.0829873383045, 0.0658429861069, 0.0671681389213, 0.116932548583, 0.201053574681, 0.169266968966, 0.166427880526, 0.0992088317871, 0.097146064043, 0.17354798317, 0.200565055013, 0.186051532626, 0.143809780478, 0.109918296337, 0.112879835069, 0.135168895125, 0.133588641882, 0.132408231497, 0.205080717802, 0.15561580658, 0.179789677262, 0.0896034911275, 0.0602341853082, 0.0667732432485, 0.137372642756, 0.136170014739, 0.135372489691, 0.0912968814373, 0.0718962773681, 0.0727042406797, 0.102688856423], "mean": [0.180689647794, 0.149161279202, 0.122306771576, 0.134817644954, 0.086968190968, 0.0479020550847, 0.0427165701985, 0.0419655591249, 0.108083918691, 0.204762771726, 0.186084702611, 0.104557693005, 0.0574925914407, 0.0519528202713, 0.129177212715, 0.212250247598, 0.168500199914, 0.0935125499964, 0.0698754638433, 0.0736146569252, 0.115276776254, 0.148759663105, 0.124709293246, 0.264196813107, 0.427037119865, 0.244722783566, 0.0518058240414, 0.0321341566741, 0.0383463092148, 0.166651651263, 0.282760262489, 0.178477659822, 0.0623543858528, 0.0406801216304, 0.0366297252476, 0.100695386529], "dvar2": [0.0542128644884, 0.0605997629464, 0.0642767548561, 0.0499851927161, 0.0481266863644, 0.0275186244398, 0.0298454090953, 0.0257867518812, 0.0374830402434, 0.0972577035427, 0.0610099285841, 0.101761907339, 0.047135874629, 0.0457294285297, 0.0784552097321, 0.0868356749415, 0.0744386464357, 0.0633406788111, 0.050390817225, 0.0576603189111, 0.0602255165577, 0.0522861294448, 0.0480282828212, 0.0664976760745, 0.0636378228664, 0.0612853355706, 0.04611248523, 0.0336900614202, 0.0283894408494, 0.0593576617539, 0.0611328221858, 0.0492331013083, 0.0431771203876, 0.0354316309094, 0.0414381437004, 0.0452757664025], "min": [0, 0, 0, 0, 0, 0, 0, 0, 0, 0, 0, 0, 0, 0, 0, 0, 0, 0, 0, 0, 0, 0, 0, 0, 0, 0, 0, 0, 0, 0, 0, 0, 0, 0, 0, 0]}, "key_key": "F", "thpcp": [1, 0.573071479797, 0.121314570308, 0.0752490982413, 0.0897962003946, 0.390250980854, 0.662144482136, 0.417944133282, 0.146016314626, 0.0952613279223, 0.0857764407992, 0.235800072551, 0.423123985529, 0.349293470383, 0.286407828331, 0.315704733133, 0.203654870391, 0.112173050642, 0.100030109286, 0.0982714518905, 0.253101915121, 0.47949641943, 0.435757666826, 0.244844511151, 0.134631365538, 0.121658794582, 0.30249646306, 0.497029960155, 0.394579738379, 0.218979910016, 0.163628548384, 0.172384679317, 0.269945561886, 0.348352998495, 0.292033851147, 0.618674099445], "chords_key": "A#", "tuning_equal_tempered_deviation": 0.0514769218862, "tuning_frequency": 438.984558105, "tuning_diatonic_strength": 0.63844949007, "chords_histogram": [15.1781682968, 9.81055450439, 15.290933609, 1.28552103043, 4.66847085953, 0.135317996144, 0.157870993018, 0.0225529987365, 3.67613887787, 0, 0, 0, 0, 0, 0, 2.616147995, 0, 3.27018499374, 2.88678383827, 4.37528181076, 0.0676589980721, 9.81055450439, 18.5160121918, 8.23184490204], "key_strength": 0.780523300171, "key_scale": "major", "chords_strength": {"dvar": 5.31948899152e-05, "var": 0.00796133838594, "median": 0.498299866915, "max": 0.733318865299, "dmean": 0.00855288747698, "dmean2": 0.00687366398051, "mean": 0.495354175568, "dvar2": 4.98111148772e-05, "min": 0.268490970135}, "chords_number_rate": 0.00293188984506, "tuning_nontempered_energy_ratio": 0.675578832626, "hpcp_entropy": {"dvar": 0.207494676113, "var": 0.518130242825, "median": 1.63562750816, "max": 3.88763356209, "dmean": 0.495271503925, "dmean2": 0.841023385525, "mean": 1.59528362751, "dvar2": 0.538981080055, "min": 0}, "chords_changes_rate": 0.0561569705606, "chords_scale": "major"}, "rhythm": {"bpm_histogram_first_peak_spread": {"dvar": 0, "var": 0, "median": 0.514285683632, "max": 0.514285683632, "dmean": 0, "dmean2": 0, "mean": 0.514285683632, "dvar2": 0, "min": 0.514285683632}, "bpm_histogram_first_peak_weight": {"dvar": 0, "var": 0, "median": 0.183288410306, "max": 0.183288410306, "dmean": 0, "dmean2": 0, "mean": 0.183288410306, "dvar2": 0, "min": 0.183288410306}, "bpm_histogram_first_peak_bpm": {"dvar": 0, "var": 0, "median": 115, "max": 115, "dmean": 0, "dmean2": 0, "mean": 115, "dvar2": 0, "min": 115}, "bpm": 113.809867859, "bpm_histogram_second_peak_weight": {"dvar": 0, "var": 0, "median": 0.0862533673644, "max": 0.0862533673644, "dmean": 0, "dmean2": 0, "mean": 0.0862533673644, "dvar2": 0, "min": 0.0862533673644}, "beats_loudness": {"dvar": 0.000162014810485, "var": 0.000393209746107, "median": 0.0202212668955, "max": 0.098894238472, "dmean": 0.013497681357, "dmean2": 0.0235436726362, "mean": 0.023469729349, "dvar2": 0.000487675511977, "min": 1.19845608992e-08}, "beats_loudness_band_ratio": {"dvar": [0.0184044651687, 0.0169433988631, 0.027141969651, 0.00459734769538, 0.00110010127537, 0.039826836437], "var": [0.0448765717447, 0.0270560588688, 0.0578460283577, 0.00632167654112, 0.00122916814871, 0.0228872243315], "median": [0.241195648909, 0.22241024673, 0.330327391624, 0.0816774070263, 0.0152093125507, 0.00430686585605], "max": [0.844349205494, 0.806114375591, 0.995976209641, 0.495132565498, 0.2942879498, 0.876763641834], "dmean": [0.151195049286, 0.141685277224, 0.18767054379, 0.0638359338045, 0.0202821977437, 0.0789755657315], "dmean2": [0.251842677593, 0.237159565091, 0.328834623098, 0.107210718095, 0.03576041013, 0.155039921403], "mean": [0.277636915445, 0.253021538258, 0.389966666698, 0.10010034591, 0.0244284365326, 0.0468798093498], "dvar2": [0.0474263802171, 0.0426175519824, 0.0796256810427, 0.0125671168789, 0.00330887828022, 0.122566491365], "min": [0.000358243967639, 0.00250308890827, 0.0260247215629, 0.000616287637968, 0.000174274027813, 2.72491324722e-05]}, "bpm_histogram_second_peak_bpm": {"dvar": 0, "var": 0, "median": 110, "max": 110, "dmean": 0, "dmean2": 0, "mean": 110, "dvar2": 0, "min": 110}, "onset_rate": 1.26301574707, "beats_count": 372, "beats_position": [0.359909296036, 0.731428563595, 1.09133780003, 1.45124709606, 1.8111563921, 2.17106580734, 2.54258489609, 2.97215414047, 3.39011335373, 3.80807256699, 4.22603178024, 4.67882061005, 5.13160991669, 5.58439922333, 6.09523820877, 6.6176867485, 7.14013576508, 7.66258478165, 8.18503379822, 8.70748329163, 9.22993183136, 9.75238037109, 10.2632198334, 10.774058342, 11.2965078354, 11.8189563751, 12.3646259308, 12.9102945328, 13.4559631348, 14.0016326904, 14.5356912613, 15.0465307236, 15.5689792633, 16.0914287567, 16.6254863739, 17.1595458984, 17.693605423, 18.2044448853, 18.7152824402, 19.2261219025, 19.7485713959, 20.2710208893, 20.7934684753, 21.339138031, 21.8848075867, 22.4072551727, 22.9297046661, 23.4521541595, 23.9862117767, 24.5202713013, 25.0659408569, 25.5883903503, 26.1108379364, 26.6332874298, 27.1441268921, 27.6549663544, 28.1658039093, 28.6766433716, 29.1874828339, 29.7215423584, 30.2555999756, 30.778049469, 31.3004989624, 31.8113365173, 32.3337860107, 32.8562355042, 33.3786849976, 33.901134491, 34.4235839844, 34.9460296631, 35.4568710327, 35.9793205261, 36.5017662048, 37.0242156982, 37.5698852539, 38.1155548096, 38.6612243652, 39.2068939209, 39.7525634766, 40.2750091553, 40.7974586487, 41.3315200806, 41.88879776, 42.4460754395, 42.9917449951, 43.5374145508, 44.071472168, 44.6171417236, 45.1628112793, 45.7200889587, 46.2773704529, 46.8346481323, 47.3919258118, 47.9375953674, 48.4832649231, 49.0289344788, 49.5746040344, 50.0970497131, 50.6194992065, 51.1187286377, 51.6295700073, 52.2565078735, 52.871837616, 53.4987754822, 54.1257133484, 54.7526512146, 55.4608612061, 56.1690673828, 56.8888893127, 57.5854873657, 58.2936935425, 59.0019035339, 59.7101135254, 60.4183197021, 61.0452613831, 61.6721992493, 62.2991371155, 62.8564147949, 63.4136962891, 63.9709739685, 64.5166397095, 65.0623092651, 65.5963668823, 66.1188201904, 66.6412658691, 67.1753311157, 67.6977767944, 68.2202224731, 68.7310638428, 69.2419052124, 69.7527389526, 70.2751922607, 70.7976379395, 71.3200912476, 71.8657608032, 72.4114303589, 72.9570999146, 73.5143737793, 74.0716552734, 74.6057128906, 75.1281585693, 75.6506118774, 76.1614532471, 76.6722869873, 77.1947402954, 77.7287979126, 78.2512435913, 78.7853012085, 79.2961425781, 79.8302001953, 80.3642578125, 80.8983230591, 81.4323806763, 81.9664382935, 82.5004959106, 83.0345535278, 83.5686187744, 84.1026763916, 84.6367340088, 85.1475753784, 85.6468048096, 86.1460266113, 86.6452560425, 87.1444854736, 87.6785507202, 88.2126083374, 88.7350540161, 89.2575073242, 89.7799530029, 90.3023986816, 90.8248519897, 91.3472976685, 91.8813552856, 92.4154205322, 92.9610900879, 93.4951477051, 93.9827651978, 94.4819946289, 94.9696121216, 95.4456253052, 95.9216308594, 96.3976364136, 96.8736495972, 97.3496551514, 97.825668335, 98.2900695801, 98.7660751343, 99.2420806885, 99.7064819336, 100.170883179, 100.623672485, 101.08807373, 101.552467346, 102.005256653, 102.469657898, 102.934059143, 103.38684845, 103.839637756, 104.292427063, 104.74521637, 105.198005676, 105.662399292, 106.126800537, 106.602806091, 107.090431213, 107.578048706, 108.077278137, 108.611335754, 109.133781433, 109.656234741, 110.167076111, 110.68952179, 111.200363159, 111.711196899, 112.222038269, 112.732879639, 113.336593628, 113.940315247, 114.532424927, 115.124534607, 115.728248596, 116.320358276, 116.912467957, 117.492965698, 118.085075378, 118.700408936, 119.246078491, 119.791740417, 120.325805664, 120.859863281, 121.405532837, 121.951202393, 122.48526001, 123.007705688, 123.553375244, 124.087432861, 124.621498108, 125.155555725, 125.689613342, 126.223670959, 126.746116638, 127.268569946, 127.791015625, 128.313461304, 128.835922241, 129.35836792, 129.86920166, 130.391647339, 130.890884399, 131.378494263, 131.854507446, 132.33052063, 132.806533813, 133.294143677, 133.816589355, 134.339050293, 134.861495972, 135.372329712, 135.883178711, 136.394012451, 136.835189819, 137.276367188, 137.717544556, 138.158721924, 138.599899292, 139.052688599, 139.482269287, 139.853790283, 140.225296021, 140.596817017, 140.968338013, 141.363082886, 141.757827759, 142.152557373, 142.558914185, 143.011703491, 143.464492798, 143.917282104, 144.370071411, 144.811248779, 145.264038086, 145.705215454, 146.158004761, 146.599182129, 147.028747559, 147.446716309, 147.8646698, 148.282623291, 148.747024536, 149.211425781, 149.675827026, 150.16343689, 150.651062012, 151.138687134, 151.637908936, 152.137145996, 152.636367798, 153.170425415, 153.716094971, 154.250152588, 154.73777771, 155.225387573, 155.713012695, 156.17741394, 156.653427124, 157.129425049, 157.617050171, 158.093063354, 158.569061279, 159.045074463, 159.521087646, 159.985488892, 160.449890137, 160.949111938, 161.436737061, 161.924346924, 162.446792603, 162.96925354, 163.596191406, 164.223129272, 164.850067139, 165.546661377, 166.243255615, 166.951477051, 167.659683228, 168.367889404, 169.076095581, 169.795913696, 170.504119873, 171.165893555, 171.839263916, 172.524261475, 173.209243774, 173.917449951, 174.625671387, 175.333877563, 176.053695679, 176.773513794, 177.493331909, 178.213150024, 179.049072266, 179.873382568, 180.697677612, 181.521987915, 182.346298218, 183.158996582, 183.971694946, 184.830841064, 185.701583862, 186.57232666, 187.431472778, 188.290603638, 189.138137817, 189.985671997, 190.809967041, 191.634277344, 192.458587646, 193.282897949, 194.107208252, 194.919906616, 195.744216919, 196.568527222, 197.392837524, 198.217132568, 199.05305481, 199.888977051, 200.713287354, 201.549209595, 202.385116577, 203.20942688, 204.033737183, 204.869659424], "danceability": 0.849605321884, "bpm_histogram_second_peak_spread": {"dvar": 0, "var": 0, "median": 0.255813956261, "max": 0.255813956261, "dmean": 0, "dmean2": 0, "mean": 0.255813956261, "dvar2": 0, "min": 0.255813956261}}, "lowlevel": {"spectral_flux": {"dvar": 0.000255664170254, "var": 0.00123894424178, "median": 0.0414983816445, "max": 0.226471319795, "dmean": 0.0121594183147, "dmean2": 0.0195279475302, "mean": 0.0484362915158, "dvar2": 0.000613793148659, "min": 1.03756787884e-10}, "spectral_rolloff": {"dvar": 756816.75, "var": 1916737, "median": 710.595703125, "max": 18820.0195312, "dmean": 233.239059448, "dmean2": 392.074737549, "mean": 1041.3581543, "dvar2": 1666439.375, "min": 193.798828125}, "barkbands_flatness_db": {"dvar": 0.000225490221055, "var": 0.00442620227113, "median": 0.201360404491, "max": 0.495130002499, "dmean": 0.0161712542176, "dmean2": 0.0257646515965, "mean": 0.208087533712, "dvar2": 0.000571288634092, "min": 0.0431786030531}, "spectral_centroid": {"dvar": 63273.4453125, "var": 322096.03125, "median": 576.07800293, "max": 11162.4492188, "dmean": 102.816169739, "dmean2": 152.04598999, "mean": 716.272949219, "dvar2": 89098.484375, "min": 225.606262207}, "melbands_skewness": {"dvar": 0.244716614485, "var": 1.59230816364, "median": 1.62601172924, "max": 10.8204746246, "dmean": 0.474337786436, "dmean2": 0.762640714645, "mean": 1.78182983398, "dvar2": 0.608754694462, "min": -1.90967094898}, "melbands": {"dvar": [1.0564537023e-09, 5.92328319726e-08, 7.84801557074e-07, 7.67767460275e-07, 9.0591598223e-08, 2.45467418836e-07, 2.9347845043e-07, 1.56867912438e-07, 1.64845005202e-07, 1.68372835674e-07, 2.83114474087e-08, 5.75486591714e-09, 3.34709038263e-09, 5.4299174046e-09, 5.99189675654e-09, 5.06330888328e-09, 4.7826551608e-09, 3.90057347532e-10, 1.97675376068e-10, 6.35712316122e-10, 1.03334549251e-10, 1.01314005796e-10, 1.75895298327e-10, 8.51096623733e-12, 9.85935812159e-12, 7.71343267036e-11, 2.12319203885e-10, 9.97274970937e-11, 3.54623483356e-11, 7.438349936e-11, 8.23735385458e-11, 7.55361537208e-11, 3.93503320206e-11, 5.10144322619e-11, 3.58272161938e-11, 2.7161408539e-11, 1.55938040258e-11, 7.64598367259e-12, 2.33673171958e-12, 2.61399474115e-12], "var": [4.04358591055e-09, 1.93005035953e-07, 1.97717531591e-06, 1.82782002867e-06, 3.09319290182e-07, 9.41253688325e-07, 1.26788222587e-06, 7.70533404193e-07, 8.77705133462e-07, 9.99925873657e-07, 1.55889878783e-07, 2.76906959584e-08, 1.30896982142e-08, 1.34798296969e-08, 1.72839058621e-08, 1.601550359e-08, 1.17535217115e-08, 1.27398613881e-09, 5.76127701102e-10, 2.87607826444e-09, 4.29995011819e-10, 4.99156882494e-10, 5.69783775717e-10, 2.37403725151e-11, 1.4284856284e-11, 1.25325222422e-10, 2.78630535311e-10, 1.82630729983e-10, 8.5368476177e-11, 1.46920003941e-10, 2.41451636462e-10, 1.86198903518e-10, 1.1371652231e-10, 1.33036290317e-10, 1.03598803147e-10, 7.3605802009e-11, 4.51236374654e-11, 2.3700675103e-11, 6.75892761898e-12, 8.3906284698e-12], "median": [3.27146221935e-06, 6.89527805662e-05, 0.000534472055733, 0.000460639654193, 8.74674587976e-05, 0.000144606921822, 0.000151306463522, 0.00012133862765, 0.000109318061732, 0.000105583356344, 4.4131262257e-05, 2.78641709883e-05, 1.55978541443e-05, 1.74616834556e-05, 1.34887795866e-05, 9.13178882911e-06, 7.99115150585e-06, 4.52401673101e-06, 3.19166042573e-06, 2.20505489779e-06, 1.84482018994e-06, 1.29358636514e-06, 1.24395728562e-06, 4.60190477725e-07, 2.07200869795e-07, 1.33957087201e-07, 1.42318413054e-07, 1.33303174721e-07, 8.39329103997e-08, 7.44153254573e-08, 1.1505599673e-07, 1.13430495219e-07, 2.222430453e-07, 1.65452718193e-07, 1.29346091171e-07, 6.55438014974e-08, 6.36100665474e-08, 7.06529093009e-08, 3.57570506537e-08, 1.28860975224e-08], "max": [0.000887741160113, 0.00556323956698, 0.0144507093355, 0.0184740703553, 0.00817642733455, 0.010005319491, 0.0171895790845, 0.0124378278852, 0.0106481825933, 0.00955237820745, 0.00717018079013, 0.0025711003691, 0.00209040869959, 0.00264318007976, 0.00320001062937, 0.00228408700787, 0.00441833119839, 0.000584980298299, 0.000719479867257, 0.00124598480761, 0.000564345798921, 0.000464145967271, 0.000682470505126, 9.46701620705e-05, 0.000105596889625, 0.000587651680689, 0.000843252695631, 0.000381380319595, 0.000188387115486, 0.000514016137458, 0.000412527559092, 0.000298480561469, 0.000165325080161, 0.000178429385414, 0.000144636331243, 0.000173055712366, 0.000100757322798, 7.81840572017e-05, 6.67919957777e-05, 7.5620264397e-05], "dmean": [9.56547137321e-06, 0.000104401769931, 0.000504591560457, 0.000407279701903, 0.000121669145301, 0.00020686876087, 0.000215253166971, 0.000174862536369, 0.000184866978088, 0.000181589770364, 5.94401390117e-05, 3.3082698792e-05, 2.38333286688e-05, 2.77606577583e-05, 2.36668292928e-05, 2.23303832172e-05, 1.69642717083e-05, 7.07304161551e-06, 4.34029971075e-06, 5.44628619537e-06, 2.94373899123e-06, 2.63128140432e-06, 3.10952918881e-06, 9.64569721873e-07, 6.89622766004e-07, 9.02475960629e-07, 1.42586327456e-06, 1.38276629968e-06, 9.41891755701e-07, 1.09584448182e-06, 1.43862496316e-06, 1.29743682464e-06, 1.28422914258e-06, 1.33043442929e-06, 1.1698691651e-06, 9.22420440475e-07, 7.55397934427e-07, 5.74368698381e-07, 2.70644505918e-07, 2.30143967883e-07], "dmean2": [1.56363712449e-05, 0.00016726567992, 0.000864742673002, 0.000678588810842, 0.000193734507775, 0.000317297584843, 0.000328832946252, 0.000266953837126, 0.000275326834526, 0.000257431849604, 8.74058314366e-05, 4.95488748129e-05, 3.85072016797e-05, 4.4186534069e-05, 3.75698618882e-05, 3.59356527042e-05, 2.62765006482e-05, 1.13885143946e-05, 6.84813403495e-06, 8.66284699441e-06, 4.61780246042e-06, 4.09916628996e-06, 4.84147631141e-06, 1.5514548295e-06, 1.13828059511e-06, 1.34544757202e-06, 2.1565674615e-06, 2.08548908631e-06, 1.37396170885e-06, 1.60391368809e-06, 2.08819506042e-06, 1.89849072285e-06, 1.89288562069e-06, 1.9101523776e-06, 1.70228361185e-06, 1.35284324188e-06, 1.08212111627e-06, 8.14807492588e-07, 3.7544504039e-07, 3.21242026757e-07], "mean": [2.4562677936e-05, 0.000255636376096, 0.00105392560363, 0.000903319509234, 0.000273434561677, 0.0005219548475, 0.000554885889869, 0.000423206656706, 0.000489661877509, 0.000502994807903, 0.000163169170264, 8.24165035738e-05, 5.36703992111e-05, 6.05808490945e-05, 4.99757879879e-05, 4.80752132717e-05, 3.93598493247e-05, 1.56394289661e-05, 9.91154502117e-06, 1.33076800921e-05, 7.56763756726e-06, 6.60888872517e-06, 6.55885196466e-06, 2.24578548114e-06, 1.21596212921e-06, 1.40717679642e-06, 2.06614731724e-06, 2.22592575483e-06, 1.68145993484e-06, 1.9489607439e-06, 2.70968121185e-06, 2.32317893278e-06, 2.56705607171e-06, 2.49397226071e-06, 2.1875607672e-06, 1.67202654211e-06, 1.39192650295e-06, 1.10759651761e-06, 5.25646896676e-07, 4.35565965518e-07], "dvar2": [2.75480949163e-09, 1.49867375399e-07, 2.36987420976e-06, 2.18740456148e-06, 2.20367795123e-07, 5.75664330427e-07, 6.36211723304e-07, 3.57551982688e-07, 3.60598107818e-07, 3.47600234818e-07, 6.06574488415e-08, 1.25077947999e-08, 8.33057356431e-09, 1.46543381874e-08, 1.57458099892e-08, 1.31933752812e-08, 1.22192194141e-08, 9.81307590742e-10, 4.16940454384e-10, 1.5114072216e-09, 2.44249842574e-10, 2.39050779172e-10, 4.16606277254e-10, 2.10814872503e-11, 2.32183525878e-11, 1.46647763377e-10, 4.74175254617e-10, 2.11107617498e-10, 7.04714203659e-11, 1.62808100335e-10, 1.74398537278e-10, 1.60352370271e-10, 8.01044230947e-11, 1.04921661637e-10, 7.39209457534e-11, 5.58466953238e-11, 3.02513500361e-11, 1.4201606037e-11, 4.0610457705e-12, 4.57332869491e-12], "min": [5.8744389019e-24, 5.32348148519e-24, 2.03739382093e-24, 1.58143971189e-23, 1.12304368392e-23, 6.89587256806e-24, 1.19604297882e-23, 3.4522093069e-23, 1.4005018415e-23, 1.62768510474e-23, 1.61532949192e-23, 1.84371150819e-23, 9.47675881496e-24, 1.41647580152e-23, 1.23677612721e-23, 6.2879116679e-24, 3.98258952356e-24, 9.99413955053e-24, 4.66878530956e-24, 8.94101181979e-24, 6.10556883624e-24, 9.38037421184e-24, 9.74858923884e-24, 7.0789443072e-24, 7.59616017084e-24, 9.19628563099e-24, 1.58727176056e-23, 9.85942261831e-24, 1.44636574121e-23, 1.78762949317e-23, 1.48653043643e-23, 1.24896505371e-23, 9.7730360383e-24, 1.1073657834e-23, 1.29965015573e-23, 9.61373820026e-24, 8.02234937464e-24, 1.42024702996e-23, 9.60294184991e-24, 1.2397530516e-23]}, "spectral_decrease": {"dvar": 2.7394888059e-18, "var": 2.38544115215e-17, "median": -3.82089826445e-09, "max": -7.655776159e-29, "dmean": 1.12733355984e-09, "dmean2": 1.77203163254e-09, "mean": -5.13987430395e-09, "dvar2": 6.59135521031e-18, "min": -2.60926054096e-08}, "barkbands_kurtosis": {"dvar": 421.508880615, "var": 1163.77807617, "median": 4.41275644302, "max": 761.747680664, "dmean": 5.02094268799, "dmean2": 8.31593322754, "mean": 11.5416221619, "dvar2": 1273.19140625, "min": -1.91326057911}, "silence_rate_30dB": {"dvar": 0, "var": 0, "median": 1, "max": 1, "dmean": 0, "dmean2": 0, "mean": 1, "dvar2": 0, "min": 1}, "gfcc": {"mean": [-111.524803162, 122.998939514, -106.018959045, -21.66173172, -74.2381134033, 0.588940083981, -46.7973937988, -3.89719581604, -21.7729606628, -7.25890827179, -28.4539718628, -8.94411659241, -21.943157196], "cov": [[30911.8886719, -2337.47290039, -2325.69970703, 3039.04858398, -448.362854004, 1297.06445312, -1245.37536621, -839.277526855, -1409.77709961, -737.409667969, -816.390808105, 369.895141602, -751.124084473], [-2337.47290039, 2762.92211914, -414.989135742, -636.681152344, 1224.52233887, -383.399963379, 203.93838501, -44.5159034729, 8.41975688934, -359.063323975, 178.312652588, -137.605514526, 122.929496765], [-2325.69970703, -414.989135742, 800.290466309, -100.928443909, -333.761657715, 67.8800735474, -12.0772895813, 52.0928344727, 54.1893081665, 145.868408203, -35.1783752441, 28.6000213623, 27.3983001709], [3039.04858398, -636.681152344, -100.928443909, 774.737792969, -103.585479736, 129.691177368, -99.0564193726, -105.916465759, -189.97668457, -37.6607971191, -95.3574676514, 41.8998031616, -35.7498054504], [-448.362854004, 1224.52233887, -333.761657715, -103.585479736, 854.457092285, -175.067153931, 71.305305481, 3.30564045906, -58.3225784302, -216.943450928, 72.5912475586, -70.1071548462, 53.7576980591], [1297.06445312, -383.399963379, 67.8800735474, 129.691177368, -175.067153931, 323.214813232, -59.5655822754, -33.8796234131, -69.8869857788, -22.5761966705, -57.2425613403, 42.4316291809, -47.527545929], [-1245.37536621, 203.93838501, -12.0772895813, -99.0564193726, 71.305305481, -59.5655822754, 194.465545654, 25.1155853271, 45.0586624146, 11.0800218582, 66.6579360962, -29.5054683685, 34.6076698303], [-839.277526855, -44.5159034729, 52.0928344727, -105.916465759, 3.30564045906, -33.8796234131, 25.1155853271, 141.585250854, 82.3397140503, 51.3371009827, 36.3194541931, -14.5951375961, 11.3570098877], [-1409.77709961, 8.41975688934, 54.1893081665, -189.97668457, -58.3225784302, -69.8869857788, 45.0586624146, 82.3397140503, 236.814910889, 116.298202515, 52.1043930054, -29.5414943695, 15.564863205], [-737.409667969, -359.063323975, 145.868408203, -37.6607971191, -216.943450928, -22.5761966705, 11.0800218582, 51.3371009827, 116.298202515, 225.311279297, 8.30142307281, -13.0776920319, 19.9701538086], [-816.390808105, 178.312652588, -35.1783752441, -95.3574676514, 72.5912475586, -57.2425613403, 66.6579360962, 36.3194541931, 52.1043930054, 8.30142307281, 144.438613892, -12.3149814606, 7.67001199722], [369.895141602, -137.605514526, 28.6000213623, 41.8998031616, -70.1071548462, 42.4316291809, -29.5054683685, -14.5951375961, -29.5414943695, -13.0776920319, -12.3149814606, 88.2281723022, -6.56073236465], [-751.124084473, 122.929496765, 27.3983001709, -35.7498054504, 53.7576980591, -47.527545929, 34.6076698303, 11.3570098877, 15.564863205, 19.9701538086, 7.67001199722, -6.56073236465, 91.9382858276]], "icov": [[0.00022934723529, -0.000201084054424, 0.000681478588376, -0.000539800617844, 0.00030465159216, -0.000433798442828, 0.0007296827971, -3.46395245288e-05, 0.000544464855921, -0.000278655177681, 0.000445785874035, -0.00027548262733, 0.000968345440924], [-0.000201084054424, 0.00223704450764, -0.000711551285349, 0.00181280297693, -0.00246258010156, 0.000961051788181, -0.00092453887919, 0.00195589195937, -0.000876131176483, 0.00169439869933, -0.000925098836888, 0.000996069516987, -0.00174533529207], [0.000681478588376, -0.000711551285349, 0.00372726796195, -0.00133475696202, 0.00155688123778, -0.00156150222756, 0.00219514127821, -0.000685241597239, 0.00198647403158, -0.00149441102985, 0.00167418050114, -0.00109141634312, 0.00220077321865], [-0.000539800617844, 0.00181280297693, -0.00133475696202, 0.00401101959869, -0.00198936741799, 0.00111589790322, -0.00157929200213, 0.00179808295798, -0.000180736329639, 0.00095660466468, -0.00100349215791, 0.00100418133661, -0.00278591178358], [0.00030465159216, -0.00246258010156, 0.00155688123778, -0.00198936741799, 0.00517041562125, -0.000388607004425, 0.00128724542446, -0.00263575464487, 0.00144438620191, 0.000387603417039, 0.000583072018344, 0.00029418754275, 0.000804689363576], [-0.000433798442828, 0.000961051788181, -0.00156150222756, 0.00111589790322, -0.000388607004425, 0.00526493461803, -0.00131535308901, 0.000484329590108, -0.000566023460124, 0.00179743370973, -0.000366148364265, 5.91156822338e-05, -0.000805435643997], [0.0007296827971, -0.00092453887919, 0.00219514127821, -0.00157929200213, 0.00128724542446, -0.00131535308901, 0.00923977699131, -0.000260687957052, 0.00154508766718, -0.000880373525433, -0.00112803350203, 0.00055183848599, 0.00111396610737], [-3.46395245288e-05, 0.00195589195937, -0.000685241597239, 0.00179808295798, -0.00263575464487, 0.000484329590108, -0.000260687957052, 0.0113549586385, -0.00265131611377, 0.000247343152296, -0.0017443849938, 0.00086595263565, -0.000905353808776], [0.000544464855921, -0.000876131176483, 0.00198647403158, -0.000180736329639, 0.00144438620191, -0.000566023460124, 0.00154508766718, -0.00265131611377, 0.00960176438093, -0.00427820207551, 0.000166183395777, 0.000107807114546, 0.0028637163341], [-0.000278655177681, 0.00169439869933, -0.00149441102985, 0.00095660466468, 0.000387603417039, 0.00179743370973, -0.000880373525433, 0.000247343152296, -0.00427820207551, 0.0106594450772, -0.00116164144129, 0.00271745421924, -0.00402168417349], [0.000445785874035, -0.000925098836888, 0.00167418050114, -0.00100349215791, 0.000583072018344, -0.000366148364265, -0.00112803350203, -0.0017443849938, 0.000166183395777, -0.00116164144129, 0.0105282021686, -0.00180468591861, 0.00331680104136], [-0.00027548262733, 0.000996069516987, -0.00109141634312, 0.00100418133661, 0.00029418754275, 5.91156822338e-05, 0.00055183848599, 0.00086595263565, 0.000107807114546, 0.00271745421924, -0.00180468591861, 0.0144352093339, -0.00275077903643], [0.000968345440924, -0.00174533529207, 0.00220077321865, -0.00278591178358, 0.000804689363576, -0.000805435643997, 0.00111396610737, -0.000905353808776, 0.0028637163341, -0.00402168417349, 0.00331680104136, -0.00275077903643, 0.0181040186435]]}, "silence_rate_20dB": {"dvar": 0, "var": 0, "median": 1, "max": 1, "dmean": 0, "dmean2": 0, "mean": 1, "dvar2": 0, "min": 1}, "barkbands_skewness": {"dvar": 0.500788152218, "var": 2.17180776596, "median": 1.55847799778, "max": 20.8794670105, "dmean": 0.481424868107, "dmean2": 0.77303314209, "mean": 1.76266002655, "dvar2": 1.47395992279, "min": -2.41693329811}, "erbbands_skewness": {"dvar": 0.174873828888, "var": 1.61059117317, "median": 0.8327293396, "max": 12.2870550156, "dmean": 0.36600252986, "dmean2": 0.566982924938, "mean": 1.01542699337, "dvar2": 0.41251245141, "min": -3.58191776276}, "spectral_contrast_valleys": {"dvar": [0.11015149951, 0.080250389874, 0.0635972693563, 0.0530627891421, 0.0621194392443, 0.0520948730409], "var": [2.49377894402, 1.61614227295, 2.4298813343, 2.74104142189, 3.1839594841, 3.69914031029], "median": [-8.80218982697, -6.60240364075, -7.54018354416, -8.2972946167, -9.17305374146, -11.0658445358], "max": [-6.03408908844, -4.64043664932, -5.43781805038, -6.2703742981, -6.00731515884, -7.36919641495], "dmean": [0.334524512291, 0.308614879847, 0.251717060804, 0.196932837367, 0.172751829028, 0.150100141764], "dmean2": [0.563000440598, 0.518614649773, 0.4249612391, 0.327146947384, 0.271586924791, 0.212893173099], "mean": [-9.00512504578, -6.84070587158, -7.87176704407, -8.74990558624, -9.65064907074, -11.6636276245], "dvar2": [0.259897857904, 0.193807423115, 0.143625915051, 0.103120230138, 0.104957357049, 0.0750733837485], "min": [-27.6964435577, -27.1154899597, -27.4822940826, -27.5437431335, -27.3224105835, -27.3046798706]}, "spectral_strongpeak": {"dvar": 0.41686975956, "var": 1.57749831676, "median": 0.545981764793, "max": 13.3799505234, "dmean": 0.380695253611, "dmean2": 0.63081908226, "mean": 1.09638214111, "dvar2": 1.08620727062, "min": 0}, "erbbands_crest": {"dvar": 5.08626651764, "var": 25.1529006958, "median": 10.667432785, "max": 30.3669281006, "dmean": 2.4821703434, "dmean2": 4.00118255615, "mean": 11.7978582382, "dvar2": 13.2735500336, "min": 2.09415864944}, "barkbands_crest": {"dvar": 4.32792282104, "var": 17.2993984222, "median": 9.91225814819, "max": 25.2691326141, "dmean": 2.303150177, "dmean2": 3.81953477859, "mean": 10.8228626251, "dvar2": 12.1723823547, "min": 3.05457615852}, "spectral_energyband_middle_low": {"dvar": 3.73404582206e-05, "var": 0.000270388176432, "median": 0.0116523057222, "max": 0.0974026024342, "dmean": 0.00414942577481, "dmean2": 0.00650424929336, "mean": 0.0165273789316, "dvar2": 9.04392218217e-05, "min": 4.41758067956e-22}, "spectral_contrast_coeffs": {"dvar": [0.00122615264263, 0.00108825194184, 0.000635237141978, 0.000357004522812, 0.000241382600507, 0.00017579786072], "var": [0.0124583877623, 0.00818312913179, 0.00501347100362, 0.00399294914678, 0.00411967327818, 0.0035708679352], "median": [-0.51379686594, -0.731834828854, -0.742521047592, -0.773877263069, -0.773163676262, -0.788979232311], "max": [-0.250975728035, -0.389138013124, -0.433916896582, -0.535782933235, -0.578279018402, -0.62672996521], "dmean": [0.0411627963185, 0.0409810803831, 0.0313994511962, 0.0227956045419, 0.0169538408518, 0.0128389270976], "dmean2": [0.0698032602668, 0.0678808614612, 0.0515242815018, 0.0375824719667, 0.0276658758521, 0.0205373447388], "mean": [-0.529849350452, -0.721749842167, -0.732096016407, -0.773512482643, -0.779935777187, -0.798797369003], "dvar2": [0.00358325848356, 0.00287068565376, 0.00166782643646, 0.000958113116212, 0.000553675869014, 0.000371473433916], "min": [-0.953630149364, -0.977913796902, -0.96032333374, -0.955389261246, -0.958052158356, -0.960517823696]}, "hfc": {"dvar": 63.7892684937, "var": 382.626953125, "median": 8.59037876129, "max": 175.441864014, "dmean": 3.21792030334, "dmean2": 4.62367200851, "mean": 14.7379236221, "dvar2": 107.414146423, "min": 1.15503715558e-16}, "spectral_energyband_high": {"dvar": 1.11031420147e-06, "var": 4.97252040077e-06, "median": 5.70317861275e-05, "max": 0.0247203912586, "dmean": 0.000211505743209, "dmean2": 0.000273971498245, "mean": 0.00055001716828, "dvar2": 1.68414317159e-06, "min": 8.00100383353e-21}, "erbbands_spread": {"dvar": 49.1480445862, "var": 260.265441895, "median": 17.8264579773, "max": 133.893615723, "dmean": 4.15597438812, "dmean2": 6.39981794357, "mean": 21.3081760406, "dvar2": 101.52368927, "min": 0.455317139626}, "dissonance": {"dvar": 0.00150136312004, "var": 0.00260304962285, "median": 0.434276521206, "max": 0.500000238419, "dmean": 0.0377735570073, "dmean2": 0.06502866745, "mean": 0.424356520176, "dvar2": 0.00428985245526, "min": 0.120536342263}, "spectral_kurtosis": {"dvar": 63.8578186035, "var": 466.631713867, "median": 10.2373323441, "max": 156.160018921, "dmean": 5.14959192276, "dmean2": 8.89267063141, "mean": 19.1747665405, "dvar2": 191.538772583, "min": -1.14684283733}, "spectral_skewness": {"dvar": 0.209859773517, "var": 2.74438357353, "median": 2.66395711899, "max": 10.8216466904, "dmean": 0.375372678041, "dmean2": 0.623796582222, "mean": 3.09197378159, "dvar2": 0.597330272198, "min": -0.18033157289}, "pitch_salience": {"dvar": 0.00343189621344, "var": 0.0118266297504, "median": 0.600087285042, "max": 0.865453600883, "dmean": 0.0655602663755, "dmean2": 0.10946188122, "mean": 0.591716468334, "dvar2": 0.00967507995665, "min": 0.201722130179}, "spectral_complexity": {"dvar": 3.24469089508, "var": 50.0332641602, "median": 12, "max": 43, "dmean": 1.6448956728, "dmean2": 2.72495484352, "mean": 11.7838935852, "dvar2": 7.31487941742, "min": 0}, "spectral_spread": {"dvar": 299904303104, "var": 4314504888320.0, "median": 3564259.5, "max": 38950472, "dmean": 338783.75, "dmean2": 511707.375, "mean": 3651546.25, "dvar2": 460284297216, "min": 615100.3125}, "dynamic_complexity": 7.26970148087, "melbands_crest": {"dvar": 7.4165520668, "var": 25.6446723938, "median": 13.6081504822, "max": 31.6370658875, "dmean": 2.98771047592, "dmean2": 4.97672557831, "mean": 14.4246511459, "dvar2": 21.3745326996, "min": 3.06434226036}, "zerocrossingrate": {"dvar": 0.000152828841237, "var": 0.00154833891429, "median": 0.0322265625, "max": 0.48974609375, "dmean": 0.0060864132829, "dmean2": 0.00689366739243, "mean": 0.0421288795769, "dvar2": 0.000122976125567, "min": 0.0078125}, "spectral_energyband_low": {"dvar": 3.07035020342e-06, "var": 7.19263289284e-06, "median": 0.000629553338513, "max": 0.0272911358625, "dmean": 0.000862385437358, "dmean2": 0.00145373155829, "mean": 0.00175074557774, "dvar2": 8.82420226844e-06, "min": 3.43699344221e-23}, "melbands_kurtosis": {"dvar": 69.3647689819, "var": 258.398193359, "median": 5.77807855606, "max": 335.787780762, "dmean": 4.17080497742, "dmean2": 6.77353000641, "mean": 10.2743854523, "dvar2": 196.600784302, "min": -1.88334715366}, "spectral_energyband_middle_high": {"dvar": 2.23582628678e-06, "var": 1.73455900949e-05, "median": 0.00145858200267, "max": 0.0451772101223, "dmean": 0.000742730160709, "dmean2": 0.00114824995399, "mean": 0.00296947010793, "dvar2": 5.47631589143e-06, "min": 1.43004967431e-21}, "barkbands_spread": {"dvar": 29.985124588, "var": 126.946632385, "median": 7.85095834732, "max": 112.811485291, "dmean": 2.38779973984, "dmean2": 3.65587115288, "mean": 10.5156135559, "dvar2": 59.0986747742, "min": 0.133346021175}, "mfcc": {"mean": [-748.079711914, 159.69291687, 9.66724300385, -14.32147789, -11.7108211517, -6.04110622406, -21.3671588898, -3.66013813019, -6.19351196289, -4.65378236771, -4.58229732513, -4.81050348282, -10.5730733871], "cov": [[18556.765625, -206.349533081, -821.572998047, 230.141906738, 26.1311511993, 854.670410156, -317.411499023, 226.6875, -579.225769043, -393.286956787, -320.055541992, -122.265792847, -217.051620483], [-206.349533081, 3305.08300781, -905.426391602, -80.4818115234, 612.645202637, -61.3495140076, 227.650177002, 196.010498047, -25.2028579712, -129.432357788, -89.9083175659, -206.245315552, -43.1073989868], [-821.572998047, -905.426391602, 976.47442627, -126.440086365, -303.520080566, 59.1435432434, -135.667678833, -102.611686707, 31.2488689423, 48.9887428284, -13.4896364212, 53.088054657, -31.2559890747], [230.141906738, -80.4818115234, -126.440086365, 418.165802002, 77.4887924194, -1.36754751205, 68.4092254639, -54.2447662354, 7.42173290253, -10.8095264435, -58.111289978, 5.0067615509, 28.1644248962], [26.1311511993, 612.645202637, -303.520080566, 77.4887924194, 392.599212646, 7.68764257431, 95.468536377, 71.869934082, 4.38450956345, -16.0024623871, -49.3483772278, -41.4747619629, -4.09718799591], [854.670410156, -61.3495140076, 59.1435432434, -1.36754751205, 7.68764257431, 219.731063843, 12.6047391891, 20.0769691467, -3.84533619881, -39.9212837219, -37.9346084595, -16.9444885254, -30.6306362152], [-317.411499023, 227.650177002, -135.667678833, 68.4092254639, 95.468536377, 12.6047391891, 228.842712402, 58.5284996033, -20.034450531, 14.8652763367, -24.5515861511, -33.3303833008, 19.1337566376], [226.6875, 196.010498047, -102.611686707, -54.2447662354, 71.869934082, 20.0769691467, 58.5284996033, 167.725952148, -57.0995750427, -18.4582767487, -8.29990768433, -40.6784858704, 12.9457025528], [-579.225769043, -25.2028579712, 31.2488689423, 7.42173290253, 4.38450956345, -3.84533619881, -20.034450531, -57.0995750427, 173.40007019, 5.4234213829, 10.939696312, 30.8325786591, -9.33393383026], [-393.286956787, -129.432357788, 48.9887428284, -10.8095264435, -16.0024623871, -39.9212837219, 14.8652763367, -18.4582767487, 5.4234213829, 153.78125, 53.7265472412, 26.3680744171, 14.8948354721], [-320.055541992, -89.9083175659, -13.4896364212, -58.111289978, -49.3483772278, -37.9346084595, -24.5515861511, -8.29990768433, 10.939696312, 53.7265472412, 131.760025024, 34.6367111206, 16.232170105], [-122.265792847, -206.245315552, 53.088054657, 5.0067615509, -41.4747619629, -16.9444885254, -33.3303833008, -40.6784858704, 30.8325786591, 26.3680744171, 34.6367111206, 91.2006149292, 19.1574897766], [-217.051620483, -43.1073989868, -31.2559890747, 28.1644248962, -4.09718799591, -30.6306362152, 19.1337566376, 12.9457025528, -9.33393383026, 14.8948354721, 16.232170105, 19.1574897766, 89.5759353638]], "icov": [[0.000100896504591, 2.2268102839e-05, 0.0001777933212, -5.40656437806e-05, 7.32370972401e-05, -0.000388728833059, 0.00026430960861, -6.72115784255e-05, 0.000325405795593, 1.33062694658e-05, 0.000189789905562, -0.000110721528472, 0.00017889837909], [2.2268102839e-05, 0.000592464581132, 0.000365273910575, 0.000367404369172, -0.000593545846641, 0.000156448528287, -0.000153350440087, 0.000101836798422, -2.4173023121e-05, 0.000284809066216, 0.000132982560899, 0.000725818565115, 0.000166194178746], [0.0001777933212, 0.000365273910575, 0.00213105836883, 0.000521723239217, 0.000885626301169, -0.0010475727031, 0.000759084592573, 0.000321338622598, 0.00038216233952, -0.000667095358949, 0.00154859409668, -0.000221615555347, 0.000577378435992], [-5.40656437806e-05, 0.000367404369172, 0.000521723239217, 0.00352826248854, -0.00077144842362, 0.000227