{"tonal": {"hpcp": {"dvar": [0.0391056314111, 0.0310355592519, 0.0156573858112, 0.0112606892362, 0.0123788528144, 0.0206290651113, 0.0434161014855, 0.0408682785928, 0.0321256518364, 0.032381799072, 0.0218065828085, 0.0184332784265, 0.0193214267492, 0.0182780344039, 0.0240131318569, 0.0346098318696, 0.0289507154375, 0.0233952123672, 0.0215605832636, 0.0272041652352, 0.0341452173889, 0.0364037826657, 0.0227141994983, 0.0211032032967, 0.0181363690645, 0.0154900476336, 0.0164240580052, 0.022512499243, 0.0287298187613, 0.0476866774261, 0.0501518286765, 0.0446069426835, 0.0419683530927, 0.0306937713176, 0.0338406227529, 0.047412302345], "var": [0.131167814136, 0.0478623211384, 0.0116445533931, 0.00767567474395, 0.00960780959576, 0.0305569916964, 0.0843412429094, 0.0593250915408, 0.0488931983709, 0.0635570511222, 0.0264773461968, 0.0141087686643, 0.0208240505308, 0.0165810231119, 0.0459590256214, 0.145962283015, 0.0718413740396, 0.0178016014397, 0.0155957918614, 0.0250866506249, 0.0651475042105, 0.0895721837878, 0.0285656191409, 0.0278553757817, 0.0368236266077, 0.0178500749171, 0.017172427848, 0.0271024629474, 0.0249897632748, 0.0892814621329, 0.146269470453, 0.0697654038668, 0.0344455689192, 0.0226129684597, 0.0305068977177, 0.0938114672899], "median": [0.147503256798, 0.0731140002608, 0.01229993999, 0.0087032802403, 0.0112822577357, 0.0603746287525, 0.100418560207, 0.08359477669, 0.0686008259654, 0.0618459433317, 0.0360049232841, 0.0179281849414, 0.0180585980415, 0.020664088428, 0.121060915291, 0.212057128549, 0.124589823186, 0.0241906922311, 0.0130945313722, 0.0199848078191, 0.0910678878427, 0.123370297253, 0.0725610107183, 0.0206956546754, 0.0140840895474, 0.00959370844066, 0.0157531239092, 0.0190183464438, 0.0344270579517, 0.170843809843, 0.328599512577, 0.186367183924, 0.0220103617758, 0.0116291921586, 0.0245702918619, 0.101658076048], "max": [1, 1, 1, 1, 1, 1, 1, 1, 1, 1, 1, 1, 1, 1, 1, 1, 1, 1, 1, 1, 1, 1, 1, 1, 1, 1, 1, 1, 1, 1, 1, 1, 1, 1, 1, 1], "dmean": [0.1381765306, 0.120731629431, 0.0608230605721, 0.0408799014986, 0.0484013147652, 0.0933807343245, 0.149429529905, 0.142394557595, 0.122007332742, 0.113896034658, 0.0838251337409, 0.0585590898991, 0.0558149851859, 0.0606906227767, 0.112434864044, 0.130373895168, 0.118510000408, 0.0716380774975, 0.0575895868242, 0.0832133442163, 0.127898678184, 0.138925388455, 0.0994006916881, 0.0662524327636, 0.0544449277222, 0.0497795902193, 0.0573966614902, 0.0712837278843, 0.106474608183, 0.17860236764, 0.177602857351, 0.176078915596, 0.116162739694, 0.086816214025, 0.111055977643, 0.160934209824], "dmean2": [0.233553901315, 0.206061333418, 0.111501328647, 0.0752453356981, 0.087926261127, 0.159604504704, 0.252550989389, 0.241680920124, 0.206290528178, 0.194855570793, 0.147618070245, 0.105913311243, 0.101379290223, 0.108804784715, 0.189041599631, 0.21329022944, 0.20237262547, 0.130715399981, 0.103791281581, 0.148263454437, 0.215695932508, 0.229016751051, 0.171163588762, 0.11655202508, 0.0950020030141, 0.0883383303881, 0.101580157876, 0.125017762184, 0.191861018538, 0.309528112411, 0.298548012972, 0.304231733084, 0.212280020118, 0.159784004092, 0.196631938219, 0.277344822884], "mean": [0.324394971132, 0.169990435243, 0.0493270494044, 0.0333294682205, 0.041552901268, 0.130585223436, 0.234360978007, 0.189609155059, 0.161290317774, 0.175772473216, 0.101828046143, 0.0552198775113, 0.0599808730185, 0.0627196878195, 0.206549376249, 0.38329076767, 0.249547198415, 0.0654284209013, 0.0483782589436, 0.0766667872667, 0.207216873765, 0.260864764452, 0.139011308551, 0.082363858819, 0.0804083421826, 0.0525076910853, 0.0624459683895, 0.0819782614708, 0.0980492904782, 0.289499431849, 0.43532705307, 0.264235049486, 0.0966370925307, 0.0662969276309, 0.0984668731689, 0.254413723946], "dvar2": [0.100099571049, 0.083441965282, 0.0443097576499, 0.0322909913957, 0.0349428988993, 0.0568735636771, 0.11342048645, 0.105984643102, 0.083084076643, 0.0863486155868, 0.0612825602293, 0.0524940118194, 0.0546825937927, 0.0511532016098, 0.0640081390738, 0.0817747116089, 0.0782103613019, 0.0678041428328, 0.0605592057109, 0.0738769248128, 0.0880154892802, 0.0909451320767, 0.062476195395, 0.0576227866113, 0.046021707356, 0.0420446656644, 0.0448832586408, 0.0610266141593, 0.0807713195682, 0.131932541728, 0.121763825417, 0.125022679567, 0.119273848832, 0.0883721634746, 0.0927398353815, 0.128264680505], "min": [0, 0, 0, 0, 0, 0, 0, 0, 0, 0, 0, 0, 0, 0, 0, 0, 0, 0, 0, 0, 0, 0, 0, 0, 0, 0, 0, 0, 0, 0, 0, 0, 0, 0, 0, 0]}, "key_key": "G", "thpcp": [1, 0.60698056221, 0.221987336874, 0.152292236686, 0.226190567017, 0.584419727325, 0.745175302029, 0.390489012003, 0.113310322165, 0.0765619054437, 0.095452144742, 0.299970388412, 0.538356125355, 0.435555636883, 0.370503783226, 0.403771072626, 0.233911603689, 0.126846879721, 0.13778346777, 0.144074872136, 0.474469423294, 0.880466222763, 0.573240756989, 0.150297164917, 0.111130833626, 0.176113083959, 0.476002752781, 0.599238574505, 0.319326132536, 0.189199954271, 0.184707894921, 0.120616652071, 0.143446102738, 0.188314184546, 0.225231334567, 0.665015935898], "chords_key": "G", "tuning_equal_tempered_deviation": 0.0269976705313, "tuning_frequency": 440.508575439, "tuning_diatonic_strength": 0.614078164101, "chords_histogram": [27.287273407, 0, 11.0690908432, 0.538181841373, 7.14181804657, 0, 0.436363637447, 0.552727282047, 0.0290909092873, 0, 0, 0.0581818185747, 0, 0.218181818724, 0, 0.159999996424, 0, 1.20727276802, 0, 2.34181809425, 3.24363636971, 12.8872728348, 14.6036367416, 18.2254543304], "key_strength": 0.830241501331, "key_scale": "major", "chords_strength": {"dvar": 4.36596965301e-05, "var": 0.00877683702856, "median": 0.532622933388, "max": 0.766363739967, "dmean": 0.00785838719457, "dmean2": 0.00685836514458, "mean": 0.527168691158, "dvar2": 3.95701208618e-05, "min": 0.229096189141}, "chords_number_rate": 0.00130909087602, "tuning_nontempered_energy_ratio": 0.645043253899, "hpcp_entropy": {"dvar": 0.214246988297, "var": 0.497717946768, "median": 2.1591656208, "max": 4.24274015427, "dmean": 0.545257627964, "dmean2": 0.914777219296, "mean": 2.15298986435, "dvar2": 0.589682638645, "min": 0}, "chords_changes_rate": 0.0433454550803, "chords_scale": "major"}, "rhythm": {"bpm_histogram_first_peak_spread": {"dvar": 0, "var": 0, "median": 0.309782624245, "max": 0.309782624245, "dmean": 0, "dmean2": 0, "mean": 0.309782624245, "dvar2": 0, "min": 0.309782624245}, "bpm_histogram_first_peak_weight": {"dvar": 0, "var": 0, "median": 0.602848112583, "max": 0.602848112583, "dmean": 0, "dmean2": 0, "mean": 0.602848112583, "dvar2": 0, "min": 0.602848112583}, "bpm_histogram_first_peak_bpm": {"dvar": 0, "var": 0, "median": 117, "max": 117, "dmean": 0, "dmean2": 0, "mean": 117, "dvar2": 0, "min": 117}, "bpm": 117.002883911, "bpm_histogram_second_peak_weight": {"dvar": 0, "var": 0, "median": 0.0316455699503, "max": 0.0316455699503, "dmean": 0, "dmean2": 0, "mean": 0.0316455699503, "dvar2": 0, "min": 0.0316455699503}, "beats_loudness": {"dvar": 0.000248768104939, "var": 0.000482266535982, "median": 0.0297365561128, "max": 0.140687793493, "dmean": 0.0153320971876, "dmean2": 0.0262816771865, "mean": 0.0325732417405, "dvar2": 0.000712697277777, "min": 6.8087313565e-09}, "beats_loudness_band_ratio": {"dvar": [0.0176406633109, 0.0144357625395, 0.00585341919214, 0.00506488932297, 0.00146292417776, 0.000926564389374], "var": [0.0355269387364, 0.0261917393655, 0.00853234156966, 0.00465761637315, 0.0018380349502, 0.00223256275058], "median": [0.472608566284, 0.358868986368, 0.112415969372, 0.0448045022786, 0.029158975929, 0.0201174002141], "max": [0.988779723644, 0.875791490078, 0.544067323208, 0.894259333611, 0.329757601023, 0.740930020809], "dmean": [0.176667109132, 0.158767133951, 0.0814529284835, 0.0516442544758, 0.03055460006, 0.0211374554783], "dmean2": [0.298540651798, 0.277924209833, 0.139422222972, 0.0936283245683, 0.0551414787769, 0.0361386053264], "mean": [0.476213008165, 0.371149092913, 0.134349480271, 0.0653584375978, 0.0421944633126, 0.0317184142768], "dvar2": [0.0533433780074, 0.0420092567801, 0.0164319332689, 0.0149035127833, 0.00424607144669, 0.0021222261712], "min": [0.00503555173054, 0.00411065947264, 0.00102213409264, 0.000168082799064, 1.98268480744e-05, 8.24542621558e-06]}, "bpm_histogram_second_peak_bpm": {"dvar": 0, "var": 0, "median": 112, "max": 112, "dmean": 0, "dmean2": 0, "mean": 112, "dvar2": 0, "min": 112}, "onset_rate": 3.9156973362, "beats_count": 633, "beats_position": [0.359909296036, 0.719818592072, 1.07972788811, 1.43963718414, 1.8111563921, 2.18267560005, 2.55419492722, 2.91410422325, 3.27401351929, 3.63392281532, 3.99383211136, 4.35374164581, 4.71365070343, 5.07355976105, 5.4334692955, 5.79337835312, 6.28099775314, 6.78022670746, 7.2910656929, 7.8251247406, 8.35918331146, 8.88163280487, 9.4040813446, 9.91492080688, 10.4373693466, 10.95981884, 11.4822673798, 12.0047159195, 12.5271654129, 13.0496139526, 13.5604534149, 14.0829019547, 14.5937414169, 15.1045799255, 15.6038093567, 16.114648819, 16.6138763428, 17.1247158051, 17.6239452362, 18.1347846985, 18.6456241608, 19.1564617157, 19.667301178, 20.1897506714, 20.7121982574, 21.2230377197, 21.733877182, 22.2447166443, 22.7555541992, 23.2663936615, 23.7772331238, 24.2764625549, 24.7756919861, 25.286529541, 25.7973690033, 26.3082084656, 26.830657959, 27.353105545, 27.8639450073, 28.3863945007, 28.9088420868, 29.4196815491, 29.9305210114, 30.4413604736, 30.9521980286, 31.4630374908, 31.9738769531, 32.4847145081, 32.9955558777, 33.5063934326, 34.028842926, 34.539680481, 35.0621299744, 35.572971344, 36.0838088989, 36.5946464539, 37.1054878235, 37.6163253784, 38.1271629333, 38.638004303, 39.1604537964, 39.6829032898, 40.1937408447, 40.7045783997, 41.2154197693, 41.7262573242, 42.2370948792, 42.7479362488, 43.2587738037, 43.7696151733, 44.2804527283, 44.7912902832, 45.3137397766, 45.8245811462, 46.3354187012, 46.8462562561, 47.3570976257, 47.8795471191, 48.3903846741, 48.9128341675, 49.4236717224, 49.9229011536, 50.4337387085, 50.9561882019, 51.4786376953, 51.9894790649, 52.4887046814, 52.9879341125, 53.510383606, 54.0212249756, 54.5436706543, 55.0545120239, 55.5653495789, 56.0761909485, 56.5870285034, 57.0978660583, 57.608707428, 58.1195449829, 58.6303825378, 59.1412239075, 59.6520614624, 60.1745109558, 60.6853485107, 61.2077980042, 61.7186393738, 62.2294769287, 62.7287063599, 63.2395439148, 63.7619934082, 64.2844467163, 64.806892395, 65.3293380737, 65.8285675049, 66.3394088745, 66.8502502441, 67.3610839844, 67.871925354, 68.3827667236, 68.8936004639, 69.4044418335, 69.9152832031, 70.4261245728, 70.936958313, 71.4477996826, 71.9702453613, 72.4926986694, 73.0035324097, 73.5143737793, 74.0252151489, 74.5360565186, 75.0468902588, 75.5693435669, 76.0917892456, 76.6026306152, 77.1250762939, 77.6243057251, 78.1351470947, 78.6459884644, 79.1568222046, 79.6676635742, 80.1785049438, 80.6893386841, 81.2001800537, 81.6994094849, 82.198638916, 82.7094802856, 83.2319259644, 83.7543716431, 84.2884368896, 84.7992706299, 85.3101119995, 85.8325576782, 86.3433990479, 86.865852356, 87.3766860962, 87.8875274658, 88.3983688354, 88.9092025757, 89.4200439453, 89.9308853149, 90.4301147461, 90.9409484863, 91.451789856, 91.9626312256, 92.4850769043, 92.9959182739, 93.5183639526, 94.0408172607, 94.551651001, 95.0624923706, 95.5733337402, 96.0957794189, 96.6066207886, 97.1174621582, 97.6282958984, 98.1391372681, 98.6499786377, 99.1724243164, 99.6716537476, 100.170883179, 100.681724548, 101.192558289, 101.703399658, 102.214241028, 102.725074768, 103.235916138, 103.735145569, 104.245986938, 104.768432617, 105.290885925, 105.801719666, 106.324172974, 106.835006714, 107.345848083, 107.856689453, 108.39074707, 108.913192749, 109.435646057, 109.934875488, 110.434104919, 110.933334351, 111.455780029, 111.966621399, 112.477455139, 112.988296509, 113.499137878, 114.021583557, 114.544036865, 115.054870605, 115.577323914, 116.088157654, 116.587387085, 117.086616516, 117.609069824, 118.119903564, 118.630744934, 119.129974365, 119.652427673, 120.163261414, 120.685714722, 121.2081604, 121.71900177, 122.22983551, 122.74067688, 123.25151825, 123.762359619, 124.273193359, 124.784034729, 125.294876099, 125.817321777, 126.339767456, 126.850608826, 127.361450195, 127.883895874, 128.406341553, 128.92880249, 129.451248169, 129.996917725, 130.54258728, 131.065032959, 131.587478638, 132.109924316, 132.632385254, 133.166442871, 133.68888855, 134.234558105, 134.768615723, 135.291061401, 135.81350708, 136.324356079, 136.835189819, 137.357635498, 137.880081177, 138.390930176, 138.901763916, 139.412597656, 139.923446655, 140.434280396, 140.945129395, 141.455963135, 141.966796875, 142.489242554, 143.000091553, 143.510925293, 144.021759033, 144.544219971, 145.055053711, 145.565887451, 146.07673645, 146.58757019, 147.110015869, 147.632461548, 148.143310547, 148.654144287, 149.164993286, 149.675827026, 150.186660767, 150.697509766, 151.208343506, 151.719177246, 152.230026245, 152.752471924, 153.274917603, 153.785751343, 154.30821228, 154.807434082, 155.318267822, 155.829116821, 156.339950562, 156.850784302, 157.361633301, 157.872467041, 158.383300781, 158.89414978, 159.404983521, 159.915817261, 160.438278198, 160.960723877, 161.471557617, 161.982406616, 162.493240356, 163.004074097, 163.514923096, 164.025756836, 164.536590576, 165.047439575, 165.558273315, 166.069107056, 166.579956055, 167.090789795, 167.613235474, 168.124084473, 168.646530151, 169.157363892, 169.668212891, 170.179046631, 170.70149231, 171.21232605, 171.723175049, 172.234008789, 172.756454468, 173.267303467, 173.778137207, 174.288970947, 174.799819946, 175.310653687, 175.821487427, 176.332336426, 176.843170166, 177.354003906, 177.876464844, 178.398910522, 178.909744263, 179.420593262, 179.931427002, 180.442260742, 180.953109741, 181.463943481, 181.974777222, 182.485626221, 182.996459961, 183.507293701, 184.0181427, 184.52897644, 185.051422119, 185.573867798, 186.084716797, 186.595550537, 187.106384277, 187.617233276, 188.128067017, 188.638900757, 189.161361694, 189.672195435, 190.194641113, 190.705490112, 191.216323853, 191.727157593, 192.238006592, 192.748840332, 193.259674072, 193.770523071, 194.281356812, 194.815414429, 195.361083984, 195.895141602, 196.440811157, 196.974868774, 197.508926392, 198.042984009, 198.588653564, 199.122711182, 199.645172119, 200.179229736, 200.701675415, 201.224121094, 201.746566772, 202.245803833, 202.756637573, 203.267486572, 203.778320312, 204.289154053, 204.800003052, 205.310836792, 205.821670532, 206.332519531, 206.843353271, 207.354187012, 207.865036011, 208.375869751, 208.886703491, 209.39755249, 209.90838623, 210.430831909, 210.953277588, 211.464126587, 211.974960327, 212.485794067, 212.996643066, 213.519088745, 214.041534424, 214.552383423, 215.063217163, 215.574050903, 216.084899902, 216.595733643, 217.118179321, 217.62902832, 218.151473999, 218.662307739, 219.173141479, 219.683990479, 220.194824219, 220.705657959, 221.216506958, 221.727340698, 222.238174438, 222.749023438, 223.271469116, 223.793914795, 224.304763794, 224.815597534, 225.326431274, 225.825668335, 226.324890137, 226.835739136, 227.334960938, 227.845794678, 228.368255615, 228.890701294, 229.401535034, 229.923980713, 230.434829712, 230.945663452, 231.456497192, 231.967346191, 232.466567993, 232.977416992, 233.499862671, 234.010696411, 234.521530151, 235.03237915, 235.554824829, 236.065658569, 236.588119507, 237.098953247, 237.609786987, 238.120635986, 238.631469727, 239.142303467, 239.653152466, 240.175598145, 240.698043823, 241.208877563, 241.719726562, 242.230560303, 242.741394043, 243.252243042, 243.763076782, 244.273925781, 244.784759521, 245.3072052, 245.829650879, 246.340499878, 246.851333618, 247.362167358, 247.873016357, 248.383850098, 248.894683838, 249.405532837, 249.927978516, 250.450424194, 250.961257935, 251.472106934, 251.982940674, 252.493789673, 253.004623413, 253.515457153, 254.026306152, 254.537139893, 255.047973633, 255.558822632, 256.081268311, 256.603729248, 257.114562988, 257.625396729, 258.136230469, 258.647064209, 259.157897949, 259.668762207, 260.202819824, 260.713653564, 261.224487305, 261.723724365, 262.222930908, 262.733795166, 263.244628906, 263.755462646, 264.266296387, 264.777130127, 265.287963867, 265.810424805, 266.332885742, 266.866943359, 267.389373779, 267.90020752, 268.39944458, 268.91027832, 269.421142578, 269.931976318, 270.419586182, 270.930419922, 271.452880859, 271.975311279, 272.497772217, 273.020233154, 273.531066895, 274.041900635, 274.552734375, 275.063568115, 275.574401855, 276.085266113, 276.596099854, 277.106933594, 277.629394531, 278.128601074, 278.639465332, 279.161895752, 279.661132812, 280.171966553, 280.682800293, 281.182037354, 281.681274414, 282.215332031, 282.737762451, 283.260223389, 283.771057129, 284.281890869, 284.792724609, 285.303588867, 285.826019287, 286.348480225, 286.859313965, 287.370147705, 287.880981445, 288.391845703, 288.902679443, 289.413513184, 289.924346924, 290.435180664, 290.946014404, 291.456878662, 291.967712402, 292.478546143, 292.989379883, 293.500213623, 294.011047363, 294.54510498, 295.055969238, 295.566802979, 296.077636719, 296.588470459, 297.099304199, 297.610168457, 298.132598877, 298.655059814, 299.165893555, 299.653503418, 300.164337158, 300.675201416, 301.186035156, 301.696868896, 302.207702637, 302.718536377, 303.252593994, 303.786651611, 304.320709229, 304.773498535, 305.214691162, 305.667480469, 306.131866455, 306.584655762, 307.037445068, 307.501861572, 307.954650879, 308.419036865, 308.883453369, 309.243347168, 309.603271484, 309.963165283, 310.311462402, 310.694610596, 311.077728271, 311.460845947, 311.843994141, 312.169067383, 312.505767822, 312.842437744, 313.179138184, 313.597106934, 314.026672363, 314.456237793, 314.874176025, 315.245697021, 315.617218018, 315.988739014, 316.36026001, 316.731781006, 317.103302002, 317.474822998, 317.846343994, 318.21786499, 318.600982666], "danceability": 1.0016374588, "bpm_histogram_second_peak_spread": {"dvar": 0, "var": 0, "median": 0.230769217014, "max": 0.230769217014, "dmean": 0, "dmean2": 0, "mean": 0.230769217014, "dvar2": 0, "min": 0.230769217014}}, "lowlevel": {"spectral_flux": {"dvar": 0.000572608085349, "var": 0.00198593107052, "median": 0.0656268447638, "max": 0.382119476795, "dmean": 0.0201912838966, "dmean2": 0.0319562368095, "mean": 0.0723147168756, "dvar2": 0.0012262793025, "min": 4.08210180467e-05}, "spectral_rolloff": {"dvar": 317819.6875, "var": 2608124.75, "median": 516.796875, "max": 21856.2011719, "dmean": 288.705535889, "dmean2": 491.55569458, "mean": 946.4765625, "dvar2": 787452.5, "min": 86.1328125}, "barkbands_flatness_db": {"dvar": 0.000321131577948, "var": 0.00562601163983, "median": 0.143568366766, "max": 0.468998581171, "dmean": 0.0195753872395, "dmean2": 0.0300695449114, "mean": 0.161222711205, "dvar2": 0.000732642773073, "min": 0.0328089632094}, "spectral_centroid": {"dvar": 46170.6484375, "var": 249011.765625, "median": 844.131652832, "max": 10649.1621094, "dmean": 182.887878418, "dmean2": 289.750549316, "mean": 928.627319336, "dvar2": 105031.21875, "min": 143.808547974}, "melbands_skewness": {"dvar": 0.358484059572, "var": 1.96236288548, "median": 3.07321238518, "max": 11.5204524994, "dmean": 0.605426490307, "dmean2": 0.962671160698, "mean": 3.16615438461, "dvar2": 0.880763828754, "min": -1.13456964493}, "melbands": {"dvar": [5.55210078801e-07, 2.16985813495e-06, 3.20572075907e-06, 3.01660656987e-06, 2.80554985466e-07, 1.06605689609e-07, 1.15554172453e-07, 9.33518933266e-08, 2.47705926881e-08, 1.59598041449e-08, 1.83811046384e-08, 3.90918053483e-09, 1.29185968589e-08, 3.97952160114e-09, 4.33013624956e-09, 3.49697559798e-09, 3.90269816464e-09, 1.4533017012e-09, 2.10061501527e-09, 1.71147118699e-09, 5.77306646932e-10, 4.93272367397e-10, 4.60396470947e-10, 1.65313499001e-10, 1.030101629e-10, 8.74701630571e-11, 6.54345674866e-11, 4.41435429877e-11, 6.50537679281e-11, 4.14446497954e-11, 3.04270844631e-11, 2.17498623278e-11, 1.33280574077e-11, 6.64413142559e-12, 3.11910978816e-12, 1.48079833985e-12, 8.43503652342e-13, 6.03492841637e-13, 3.77034612298e-13, 3.80246723865e-13], "var": [1.67469568169e-06, 2.97980409414e-06, 3.96918358092e-06, 4.44834813607e-06, 8.02400393241e-07, 2.882067065e-07, 3.30964724071e-07, 1.96103457029e-07, 5.80376635639e-08, 3.24560538445e-08, 4.71460559481e-08, 8.4394873312e-09, 2.52546765722e-08, 7.35324512391e-09, 6.62913457461e-09, 5.74496894501e-09, 8.34228064406e-09, 2.82553869191e-09, 3.83018416983e-09, 3.92249344117e-09, 1.10774522888e-09, 7.99028065934e-10, 6.40580311018e-10, 2.40183845035e-10, 1.31138003234e-10, 1.59631974306e-10, 1.14689709119e-10, 7.75312591905e-11, 1.40288211603e-10, 9.48861336725e-11, 7.96728238939e-11, 5.0901078491e-11, 3.05769402853e-11, 1.67235131993e-11, 7.79435804094e-12, 3.38339577709e-12, 1.76950685007e-12, 1.14042521086e-12, 6.78700368476e-13, 6.03841250005e-13], "median": [0.000407937419368, 0.00119944429025, 0.00102621712722, 0.00116546649951, 0.000532449397724, 0.000285529211396, 0.000270352582447, 0.000126675222418, 5.19276291016e-05, 4.20220421802e-05, 2.3010194127e-05, 2.29748475249e-05, 1.72584532265e-05, 1.71810625034e-05, 1.54171702889e-05, 1.20048280223e-05, 1.46754164234e-05, 8.05066792964e-06, 6.82096515447e-06, 8.91093532118e-06, 1.02467565739e-05, 8.35697574075e-06, 5.74999467062e-06, 5.50132335775e-06, 4.3675327106e-06, 3.73662783204e-06, 3.43940109815e-06, 2.90836737804e-06, 2.34848948821e-06, 1.49252900883e-06, 1.24118287204e-06, 9.45830890942e-07, 7.37157392905e-07, 6.59879731302e-07, 4.42601418627e-07, 3.75517458906e-07, 2.31492762737e-07, 1.81299611768e-07, 1.50428732582e-07, 1.25421607322e-07], "max": [0.0110966674984, 0.030179919675, 0.0267855674028, 0.0336438715458, 0.0105419838801, 0.00840063020587, 0.0129500217736, 0.00784702319652, 0.00486727245152, 0.00507884658873, 0.00653243577108, 0.00250619486906, 0.00424004765227, 0.00230796332471, 0.00302139180712, 0.00287567125633, 0.00247332430445, 0.00132886692882, 0.0021205462981, 0.00207064836286, 0.00053158623632, 0.000459886359749, 0.000884099921677, 0.000271640834399, 0.00029698695289, 0.000193094820133, 0.000131961904117, 0.000124212514493, 0.000136792528792, 0.000174403816345, 0.00015804306895, 0.000140081014251, 0.000113331887405, 7.28774321033e-05, 5.22421869391e-05, 2.79887663055e-05, 2.04440129892e-05, 1.55273846758e-05, 1.50521873366e-05, 1.66133722814e-05], "dmean": [0.000375829316908, 0.000798239081632, 0.000999059062451, 0.00111042195931, 0.000360670441296, 0.000196216744371, 0.000192039835383, 0.000146243779454, 6.29250062048e-05, 5.27142619831e-05, 4.78863476019e-05, 2.68557469099e-05, 4.09009699069e-05, 2.55331997323e-05, 2.08381025004e-05, 1.84123327926e-05, 2.43499343924e-05, 1.40937472679e-05, 1.40461161209e-05, 1.42812132253e-05, 1.12534808068e-05, 1.01079040178e-05, 7.53383710617e-06, 5.99160466663e-06, 4.29078090747e-06, 4.38983670392e-06, 3.79651373805e-06, 3.08260814563e-06, 3.64086895388e-06, 2.80304016087e-06, 2.29549209507e-06, 1.89031470654e-06, 1.54661915985e-06, 1.08278015887e-06, 7.69471569129e-07, 5.25359268977e-07, 3.62693327816e-07, 3.12790319867e-07, 2.3799657356e-07, 2.28873929586e-07], "dmean2": [0.000536685052793, 0.0013423061464, 0.0016760150902, 0.00183767045382, 0.000581881555263, 0.000310093484586, 0.000299825274851, 0.000231627098401, 9.69822140178e-05, 8.34705060697e-05, 7.24318160792e-05, 4.1529921873e-05, 6.44974788884e-05, 4.18471390731e-05, 3.40552505804e-05, 2.99739840557e-05, 3.90472523577e-05, 2.29944962484e-05, 2.28295957641e-05, 2.31982248806e-05, 1.83776701306e-05, 1.66801564774e-05, 1.25336673591e-05, 1.00315392046e-05, 7.22119011698e-06, 7.18306273484e-06, 6.16978695689e-06, 5.08876428285e-06, 6.0058832787e-06, 4.62437174065e-06, 3.80423216484e-06, 3.10559380523e-06, 2.51244159699e-06, 1.77709478066e-06, 1.25961719277e-06, 8.48707202294e-07, 5.80292748964e-07, 4.99806162679e-07, 3.73938547682e-07, 3.63371015055e-07], "mean": [0.000930865702685, 0.00152793980669, 0.00163522013463, 0.00181365816388, 0.00080821645679, 0.000458602036815, 0.000446418387583, 0.00026997376699, 0.00012559251627, 9.43313134485e-05, 8.82322856341e-05, 5.08981211169e-05, 6.76011404721e-05, 4.48829450761e-05, 3.7073619751e-05, 3.14093995257e-05, 4.28319908679e-05, 2.43239628617e-05, 2.35802326642e-05, 2.67603463726e-05, 2.02827941393e-05, 1.76164376171e-05, 1.25350325106e-05, 1.02165404314e-05, 7.72267958382e-06, 8.07456763141e-06, 6.89825446898e-06, 6.1485156948e-06, 7.03968544258e-06, 5.44805516256e-06, 4.83104986415e-06, 3.80024675906e-06, 2.95252971227e-06, 2.25150961342e-06, 1.51350343458e-06, 1.04828802705e-06, 7.16093325082e-07, 5.78979324928e-07, 4.29439097616e-07, 3.88416822261e-07], "dvar2": [1.21752191262e-06, 6.37965013084e-06, 8.86036923475e-06, 8.08691675047e-06, 7.42556892419e-07, 2.67843404345e-07, 2.84203764522e-07, 2.36877085058e-07, 6.15943847038e-08, 4.13592822213e-08, 4.23700043939e-08, 8.97505714192e-09, 3.07752543449e-08, 1.04541850732e-08, 1.20981598073e-08, 8.90272211507e-09, 9.68499147547e-09, 3.62787289099e-09, 5.48683187773e-09, 4.53792470267e-09, 1.49738477173e-09, 1.3288689038e-09, 1.34323852041e-09, 4.54489362811e-10, 2.83549267399e-10, 2.29125496354e-10, 1.66183150574e-10, 1.18782608749e-10, 1.71321803966e-10, 1.08157052758e-10, 7.82811593325e-11, 5.5644686775e-11, 3.39124665849e-11, 1.71519291825e-11, 8.03828271306e-12, 3.81878860131e-12, 2.15557823327e-12, 1.55134976046e-12, 9.01222184987e-13, 9.4073436107e-13], "min": [6.9286587846e-18, 1.52490613575e-17, 1.64869751945e-17, 7.26103277602e-18, 1.43071423154e-18, 6.98837253943e-18, 9.53146157774e-18, 4.41568367007e-18, 7.18940058934e-18, 8.12635799534e-18, 1.89512082779e-18, 5.00189002658e-18, 2.63604304606e-18, 2.22406594878e-18, 3.34126766462e-18, 1.16507239497e-17, 4.46014669595e-18, 5.77706992992e-18, 7.03609672487e-18, 2.99767048664e-18, 2.70326966881e-18, 3.9814130213e-18, 5.03156513105e-18, 5.46222265491e-18, 4.81454850708e-18, 5.65653937491e-18, 6.90192099848e-18, 1.01697290276e-17, 9.20497918023e-18, 5.12447281668e-18, 2.71164156379e-18, 3.08343608807e-18, 3.88711856737e-18, 3.98124386287e-18, 6.08266353542e-18, 6.14239838336e-18, 5.04673810503e-18, 1.31780790364e-17, 1.49003567529e-17, 1.16190487225e-17]}, "spectral_decrease": {"dvar": 1.00091732707e-17, "var": 2.61254937959e-17, "median": -6.32551167001e-09, "max": 1.29201291813e-15, "dmean": 2.1629127378e-09, "dmean2": 3.54380991219e-09, "mean": -7.0393006979e-09, "dvar2": 2.70084346535e-17, "min": -4.73027768066e-08}, "barkbands_kurtosis": {"dvar": 178.647232056, "var": 269.965881348, "median": 4.53302764893, "max": 1461.88708496, "dmean": 3.11604142189, "dmean2": 4.87745332718, "mean": 7.42836856842, "dvar2": 364.072875977, "min": -1.95923388004}, "silence_rate_30dB": {"dvar": 0.00217720447108, "var": 0.00123494688887, "median": 1, "max": 1, "dmean": 0.00218213559128, "dmean2": 0.00436458876356, "mean": 0.998763561249, "dvar2": 0.0062364898622, "min": 0}, "gfcc": {"mean": [-32.9070777893, 114.341972351, -101.317298889, 31.1419830322, -57.2951889038, -0.845271885395, -40.1211395264, -6.13640928268, -25.3290328979, -2.25092601776, -15.8185777664, -3.50154924393, -10.8901281357], "cov": [[21568.5332031, -3334.75170898, -2348.01049805, 2157.43676758, -538.479187012, 1031.88220215, -287.525665283, 796.816711426, -82.8525238037, 656.393554688, -367.882598877, 332.13861084, -180.644195557], [-3334.75170898, 2083.13134766, -69.7857589722, -704.840698242, 223.086212158, -287.138519287, 116.29851532, -190.329864502, 85.8876800537, -216.548751831, 162.304550171, -167.914138794, 111.330963135], [-2348.01049805, -69.7857589722, 942.475036621, -3.81875300407, 35.3071746826, 5.78702354431, 9.14175033569, -7.64854478836, 26.9692630768, 42.642906189, 50.0272331238, 38.9479179382, -8.4031047821], [2157.43676758, -704.840698242, -3.81875300407, 764.445800781, -15.9440813065, 181.461273193, -20.9805622101, 208.952178955, 51.3249931335, 125.398506165, 33.8888702393, 59.1031417847, 1.73726522923], [-538.479187012, 223.086212158, 35.3071746826, -15.9440813065, 234.57598877, -20.4965019226, 28.7636451721, 27.5857143402, 54.0759239197, -8.13876533508, 33.9740943909, -19.1152591705, 18.9914894104], [1031.88220215, -287.138519287, 5.78702354431, 181.461273193, -20.4965019226, 216.013717651, 31.8822898865, 83.6631240845, 12.3048629761, 67.7122268677, -6.20660829544, 36.8150215149, -4.29838418961], [-287.525665283, 116.29851532, 9.14175033569, -20.9805622101, 28.7636451721, 31.8822898865, 115.120109558, 19.8788661957, 13.9558763504, -14.0809574127, 18.0126781464, 3.68323850632, 14.7116136551], [796.816711426, -190.329864502, -7.64854478836, 208.952178955, 27.5857143402, 83.6631240845, 19.8788661957, 194.412368774, 61.9725646973, 48.5823059082, 27.244758606, 31.0479869843, 12.1152276993], [-82.8525238037, 85.8876800537, 26.9692630768, 51.3249931335, 54.0759239197, 12.3048629761, 13.9558763504, 61.9725646973, 99.3999557495, 36.0419158936, 35.5682640076, -3.89670491219, 19.104631424], [656.393554688, -216.548751831, 42.642906189, 125.398506165, -8.13876533508, 67.7122268677, -14.0809574127, 48.5823059082, 36.0419158936, 112.402267456, 14.7484645844, 28.215297699, -14.8207845688], [-367.882598877, 162.304550171, 50.0272331238, 33.8888702393, 33.9740943909, -6.20660829544, 18.0126781464, 27.244758606, 35.5682640076, 14.7484645844, 97.7328872681, 6.14488649368, 21.4925994873], [332.13861084, -167.914138794, 38.9479179382, 59.1031417847, -19.1152591705, 36.8150215149, 3.68323850632, 31.0479869843, -3.89670491219, 28.215297699, 6.14488649368, 72.867729187, 11.6188297272], [-180.644195557, 111.330963135, -8.4031047821, 1.73726522923, 18.9914894104, -4.29838418961, 14.7116136551, 12.1152276993, 19.104631424, -14.8207845688, 21.4925994873, 11.6188297272, 62.0195159912]], "icov": [[0.000236474195844, -0.000165193938301, 0.000576474296395, -0.000424496131018, 0.000174488974153, -0.000443185621407, 0.000450993538834, -0.000501940143295, 0.000528510543518, -0.000943665858358, 0.000887007801794, -0.00070962565951, 0.00041948191938], [-0.000165193938301, 0.00191769294906, -0.000224641640671, 0.00144584220834, -0.000627930799965, 0.000590279814787, -0.00108386448119, 0.00111780210864, -0.00179538468365, 0.00214400864206, -0.00346187711693, 0.00292031699792, -0.0020045908168], [0.000576474296395, -0.000224641640671, 0.00258133979514, -0.000874361488968, 0.000204617652344, -0.0010507494444, 0.000978930620477, -0.000793295446783, 0.000823958951514, -0.00236000819132, 0.00132137525361, -0.00231996108778, 0.00140278751496], [-0.000424496131018, 0.00144584220834, -0.000874361488968, 0.00376463797875, -0.00054307206301, 1.3864229004e-05, -0.00041804171633, -0.000557692721486, -0.00120922399219, 0.00144609191921, -0.00392165826634, 0.00283625768498, -0.0021346618887], [0.000174488974153, -0.000627930799965, 0.000204617652344, -0.00054307206301, 0.00556470360607, -4.87590659759e-06, -0.000277426384855, -0.000985081191175, -0.00166990060825, -0.000393881113268, 0.000757327536121, -8.04613446235e-05, 0.000405154627515], [-0.000443185621407, 0.000590279814787, -0.0010507494444, 1.3864229004e-05, -4.87590659759e-06, 0.00880059786141, -0.00402826722711, -0.000733512802981, 0.000451379630249, -0.00195903889835, -0.000209404315683, 0.00104077695869, -0.00151257123798], [0.000450993538834, -0.00108386448119, 0.000978930620477, -0.00041804171633, -0.000277426384855, -0.00402826722711, 0.0121271824464, -0.00194123224355, 0.000491819519084, 0.000750040111598, 0.000973897112999, -0.00306275580078, 0.000975907489192], [-0.000501940143295, 0.00111780210864, -0.000793295446783, -0.000557692721486, -0.000985081191175, -0.000733512802981, -0.00194123224355, 0.0114121967927, -0.00719896191731, 0.00400413107127, -0.00349612603895, -0.000456009700429, -0.000607007124927], [0.000528510543518, -0.00179538468365, 0.000823958951514, -0.00120922399219, -0.00166990060825, 0.000451379630249, 0.000491819519084, -0.00719896191731, 0.0218517445028, -0.0110323112458, 0.0018785293214, 0.00224231719039, -0.00369867566042], [-0.000943665858358, 0.00214400864206, -0.00236000819132, 0.00144609191921, -0.000393881113268, -0.00195903889835, 0.000750040111598, 0.00400413107127, -0.0110323112458, 0.0225876793265, -0.00780929578468, -0.00079782505054, 0.00371908256784], [0.000887007801794, -0.00346187711693, 0.00132137525361, -0.00392165826634, 0.000757327536121, -0.000209404315683, 0.000973897112999, -0.00349612603895, 0.0018785293214, -0.00780929578468, 0.0212749540806, -0.00658374838531, 0.00070820102701], [-0.00070962565951, 0.00292031699792, -0.00231996108778, 0.00283625768498, -8.04613446235e-05, 0.00104077695869, -0.00306275580078, -0.000456009700429, 0.00224231719039, -0.00079782505054, -0.00658374838531, 0.0250201784074, -0.0100777242333], [0.00041948191938, -0.0020045908168, 0.00140278751496, -0.0021346618887, 0.000405154627515, -0.00151257123798, 0.000975907489192, -0.000607007124927, -0.00369867566042, 0.00371908256784, 0.00070820102701, -0.0100777242333, 0.0245229080319]]}, "silence_rate_20dB": {"dvar": 0, "var": 0, "median": 1, "max": 1, "dmean": 0, "dmean2": 0, "mean": 1, "dvar2": 0, "min": 1}, "barkbands_skewness": {"dvar": 0.222449555993, "var": 1.31582891941, "median": 1.99011814594, "max": 7.62406301498, "dmean": 0.448297411203, "dmean2": 0.711475968361, "mean": 2.09385037422, "dvar2": 0.51774597168, "min": -35.1774215698}, "erbbands_skewness": {"dvar": 0.0706102848053, "var": 0.543287754059, "median": 0.454444110394, "max": 5.39601182938, "dmean": 0.294547080994, "dmean2": 0.455413967371, "mean": 0.56991571188, "dvar2": 0.167044788599, "min": -2.30259513855}, "spectral_contrast_valleys": {"dvar": [0.133662194014, 0.0900352522731, 0.0819805040956, 0.0834638774395, 0.0809680297971, 0.0978357568383], "var": [1.86657595634, 1.42292261124, 1.72478747368, 2.26553916931, 2.97958707809, 2.99583172798], "median": [-6.7834982872, -6.48920536041, -7.34775066376, -7.620885849, -7.37547540665, -10.2829856873], "max": [-5.22352838516, -4.64061355591, -5.11431407928, -5.41425323486, -5.43711328506, -7.98076629639], "dmean": [0.379077553749, 0.326620876789, 0.300171494484, 0.280330330133, 0.245352521539, 0.270990520716], "dmean2": [0.614918529987, 0.534882068634, 0.483573228121, 0.437973052263, 0.36768886447, 0.374625235796], "mean": [-7.24215507507, -6.70871400833, -7.58424854279, -7.97574710846, -7.94260549545, -10.7681999207], "dvar2": [0.304217755795, 0.206809669733, 0.176178917289, 0.170625850558, 0.162200912833, 0.181754022837], "min": [-27.1409873962, -27.0579223633, -27.3787879944, -27.5273227692, -27.2508392334, -27.2745437622]}, "spectral_strongpeak": {"dvar": 0.26264038682, "var": 0.339180707932, "median": 0.381507128477, "max": 13.6791791916, "dmean": 0.311533421278, "dmean2": 0.537759959698, "mean": 0.556055486202, "dvar2": 0.718759596348, "min": 1.83679221664e-05}, "erbbands_crest": {"dvar": 3.40844917297, "var": 12.2953767776, "median": 7.20826482773, "max": 26.8733940125, "dmean": 2.00955915451, "dmean2": 3.25678944588, "mean": 8.00377845764, "dvar2": 8.64049911499, "min": 2.08390593529}, "barkbands_crest": {"dvar": 4.16389656067, "var": 11.4704008102, "median": 9.43391895294, "max": 26.8149299622, "dmean": 2.26224541664, "dmean2": 3.75279760361, "mean": 9.894490242, "dvar2": 11.4645252228, "min": 2.56596279144}, "spectral_energyband_middle_low": {"dvar": 8.64974281285e-05, "var": 0.000198292793357, "median": 0.0147159183398, "max": 0.142962768674, "dmean": 0.00651638815179, "dmean2": 0.0106053398922, "mean": 0.0173787940294, "dvar2": 0.000225585201406, "min": 2.09269177559e-16}, "spectral_contrast_coeffs": {"dvar": [0.00175134616438, 0.00119648454711, 0.000714795896783, 0.000426486891229, 0.000225851414143, 0.000209146368434], "var": [0.0076449457556, 0.00390344671905, 0.00307070766576, 0.00227568787523, 0.00143915275112, 0.00243801390752], "median": [-0.597189068794, -0.714279532433, -0.788206934929, -0.806047320366, -0.81011068821, -0.750334501266], "max": [-0.273928999901, -0.460933566093, -0.502299964428, -0.54063975811, -0.655451416969, -0.62857311964], "dmean": [0.05093447119, 0.0426901392639, 0.0328331999481, 0.0258004385978, 0.0183598157018, 0.0160353016108], "dmean2": [0.0819537043571, 0.0702083259821, 0.0539721399546, 0.0427076146007, 0.0299762003124, 0.0260123480111], "mean": [-0.590733170509, -0.713938772678, -0.783624053001, -0.802604675293, -0.811043918133, -0.756653189659], "dvar2": [0.00464913155884, 0.003309402382, 0.00187652581371, 0.0011490843026, 0.000582958513405, 0.000528740696609], "min": [-0.955827891827, -0.967200577259, -0.968225538731, -0.966084480286, -0.965178787708, -0.958366513252]}, "hfc": {"dvar": 72.6695098877, "var": 237.94052124, "median": 11.9917469025, "max": 139.61882019, "dmean": 4.45014429092, "dmean2": 6.88207817078, "mean": 16.2241268158, "dvar2": 184.509552002, "min": 1.23487557957e-08}, "spectral_energyband_high": {"dvar": 4.07577147143e-07, "var": 1.32627076255e-06, "median": 0.000263708701823, "max": 0.0135359931737, "dmean": 0.000288971379632, "dmean2": 0.000450977764558, "mean": 0.000744600663893, "dvar2": 1.01322200408e-06, "min": 2.53898410543e-13}, "erbbands_spread": {"dvar": 46.5874824524, "var": 442.874633789, "median": 44.3069152832, "max": 139.007064819, "dmean": 6.38377571106, "dmean2": 9.78537464142, "mean": 43.8493118286, "dvar2": 102.09551239, "min": 1.65320646763}, "dissonance": {"dvar": 0.000434097251855, "var": 0.00151018379256, "median": 0.466377079487, "max": 0.500000178814, "dmean": 0.0182944983244, "dmean2": 0.0306929796934, "mean": 0.45556935668, "dvar2": 0.00120066408999, "min": 0.163369357586}, "spectral_kurtosis": {"dvar": 73.507270813, "var": 563.58807373, "median": 3.92355966568, "max": 217.230270386, "dmean": 3.40829157829, "dmean2": 5.74788665771, "mean": 11.053861618, "dvar2": 205.703582764, "min": -1.16991150379}, "spectral_skewness": {"dvar": 0.20780621469, "var": 2.64501404762, "median": 1.52218770981, "max": 12.9986467361, "dmean": 0.288633733988, "dmean2": 0.473123252392, "mean": 2.01357936859, "dvar2": 0.56645989418, "min": 0.0169290099293}, "pitch_salience": {"dvar": 0.00288153905421, "var": 0.00750090135261, "median": 0.61079376936, "max": 0.934180140495, "dmean": 0.061805408448, "dmean2": 0.100960798562, "mean": 0.604081571102, "dvar2": 0.00766681553796, "min": 0.211702540517}, "spectral_complexity": {"dvar": 14.7151699066, "var": 119.898262024, "median": 17, "max": 60, "dmean": 3.28716897964, "dmean2": 5.08081769943, "mean": 18.1373195648, "dvar2": 31.2403964996, "min": 0}, "spectral_spread": {"dvar": 300202229760, "var": 3170048933890.0, "median": 4247026.5, "max": 40532940, "dmean": 426596.1875, "dmean2": 641184.6875, "mean": 4185342, "dvar2": 521457958912, "min": 391364.8125}, "dynamic_complexity": 4.32583522797, "melbands_crest": {"dvar": 6.05245923996, "var": 14.6723470688, "median": 12.8717288971, "max": 29.0497589111, "dmean": 2.84406852722, "dmean2": 4.69651174545, "mean": 13.2826194763, "dvar2": 16.5648212433, "min": 2.53342556953}, "zerocrossingrate": {"dvar": 5.26617659489e-05, "var": 0.00218413677067, "median": 0.03955078125, "max": 0.8857421875, "dmean": 0.00667547388002, "dmean2": 0.00842904113233, "mean": 0.0468491464853, "dvar2": 7.43353448343e-05, "min": 0.005859375}, "spectral_energyband_low": {"dvar": 4.72854699183e-05, "var": 7.09329615347e-05, "median": 0.00644609192386, "max": 0.132935419679, "dmean": 0.00364674022421, "dmean2": 0.00609427131712, "mean": 0.00806341040879, "dvar2": 0.000141894910485, "min": 8.32869696108e-17}, "melbands_kurtosis": {"dvar": 70.4918746948, "var": 293.83883667, "median": 13.3428955078, "max": 234.981216431, "dmean": 6.39755916595, "dmean2": 10.2198390961, "mean": 18.1517982483, "dvar2": 170.799087524, "min": -1.77003908157}, "spectral_energyband_middle_high": {"dvar": 5.72483895667e-06, "var": 1.79948710866e-05, "median": 0.00195686053485, "max": 0.0559997297823, "dmean": 0.00113044329919, "dmean2": 0.00175909965765, "mean": 0.00344375404529, "dvar2": 1.45370213431e-05, "min": 7.5713405831e-16}