{"metadata": {"audio_properties": {"downmix": "mix", "bit_rate": 208255, "lossless": false, "md5_encoded": "454ac46dedfec6dcb53163d04e82e6d0", "analysis_sample_rate": 44100, "sample_rate": 44100, "replay_gain": -11.3919906616, "equal_loudness": 0, "codec": "mp3", "length": 231.653884888}, "tags": {"date": ["2005"], "musicbrainz_recordingid": ["d29f73c1-ac97-4e53-ac2e-200ed14633e8"], "label": ["Image Entertainment"], "encoding": ["LAME"], "album": ["Livin' the Luxury Brown"], "length": ["231000"], "artist": ["Mint Condition"], "title": ["Love Your Tears"], "albumartist": ["Mint Condition"], "file_name": "118070.mp3", "tracknumber": ["6"], "language": ["eng"], "genre": ["R&B"]}, "version": {"essentia_build_sha": "70f2e5ece6736b2c40cc944ad0e695b16b925413", "essentia_git_sha": "v2.1_beta2", "extractor": "music 1.0", "essentia": "2.1-beta2"}}, "tonal": {"chords_scale": "major", "hpcp": {"dmean": [0.0990821868181, 0.0956031754613, 0.126255050302, 0.155657976866, 0.153635531664, 0.127822548151, 0.0961725860834, 0.0946186557412, 0.0992380529642, 0.103073894978, 0.112169526517, 0.116640947759, 0.116899803281, 0.118402123451, 0.0989639088511, 0.0752396732569, 0.0686476752162, 0.0936207920313, 0.111908502877, 0.114340513945, 0.0834935456514, 0.0585296750069, 0.0520569011569, 0.107259482145, 0.17961589992, 0.133436948061, 0.0915946513414, 0.123811200261, 0.127950966358, 0.101551435888, 0.0806037262082, 0.0763435512781, 0.0962413474917, 0.137584730983, 0.141397848725, 0.126574620605], "dvar2": [0.105985172093, 0.103842131793, 0.127293094993, 0.118444629014, 0.113948181272, 0.11294875294, 0.0997546836734, 0.105612173676, 0.103169471025, 0.103166729212, 0.116030804813, 0.12129893899, 0.103696286678, 0.106765784323, 0.0936237052083, 0.0783412754536, 0.0751889646053, 0.0948923900723, 0.0891103446484, 0.084560804069, 0.0696997046471, 0.0563444383442, 0.0500217117369, 0.0840379223228, 0.218659475446, 0.104916483164, 0.0749547854066, 0.104120112956, 0.105195790529, 0.0870128646493, 0.0805428698659, 0.0764743313193, 0.0892479494214, 0.110479347408, 0.114104799926, 0.111849397421], "mean": [0.0764922574162, 0.0714926794171, 0.113036252558, 0.247562900186, 0.270505547523, 0.137241795659, 0.0936551764607, 0.102217048407, 0.0919871330261, 0.132571876049, 0.140509113669, 0.105178557336, 0.156755328178, 0.171329021454, 0.0975656509399, 0.0722001418471, 0.0782067254186, 0.0974472910166, 0.190081521869, 0.187142342329, 0.0827931091189, 0.0517778843641, 0.0499808713794, 0.106474593282, 0.195541858673, 0.152547195554, 0.088786713779, 0.146210253239, 0.161798655987, 0.0952137038112, 0.0687278434634, 0.0669042542577, 0.0839660093188, 0.177850306034, 0.212906211615, 0.131934046745], "var": [0.0321462675929, 0.0296847689897, 0.044251717627, 0.097605034709, 0.109141170979, 0.0422178097069, 0.0421269834042, 0.0537125468254, 0.0369400046766, 0.0645736083388, 0.0688148215413, 0.0402299463749, 0.0713247209787, 0.0811673849821, 0.0321088768542, 0.0292986854911, 0.044214669615, 0.0363132096827, 0.0923667028546, 0.0813440233469, 0.0260207094252, 0.0195677541196, 0.0197465382516, 0.0321216732264, 0.0895366966724, 0.0496502667665, 0.0293772760779, 0.0566814951599, 0.0661413669586, 0.0310743674636, 0.0284866914153, 0.0283308308572, 0.0269471034408, 0.0705396831036, 0.0952429696918, 0.0500035360456], "dmean2": [0.178977817297, 0.17428290844, 0.226249083877, 0.266589522362, 0.259851515293, 0.226965278387, 0.169500261545, 0.170307889581, 0.179414525628, 0.182830035686, 0.198832049966, 0.209174379706, 0.201728001237, 0.203251481056, 0.17461258173, 0.135085105896, 0.123962171376, 0.167058497667, 0.190667778254, 0.191772580147, 0.145729854703, 0.105531409383, 0.0934551879764, 0.193823412061, 0.324427932501, 0.23456145823, 0.160293474793, 0.210973501205, 0.219499796629, 0.180073752999, 0.145305559039, 0.137372300029, 0.172360360622, 0.237546131015, 0.241101518273, 0.223246723413], "dvar": [0.0391572751105, 0.0383624136448, 0.0466980487108, 0.0489682294428, 0.0486111268401, 0.0411299839616, 0.0381071865559, 0.0408742018044, 0.037879370153, 0.0385638736188, 0.0440980009735, 0.0443639196455, 0.04059561342, 0.042227640748, 0.0335952155292, 0.0285137500614, 0.0287311337888, 0.0337565466762, 0.0371963642538, 0.0349696576595, 0.0260477401316, 0.0212951432914, 0.0180434565991, 0.0308354552835, 0.0823426991701, 0.0403640158474, 0.0288619156927, 0.0410550944507, 0.0425924882293, 0.0320403911173, 0.0306893084198, 0.0292493067682, 0.0318429842591, 0.0441971458495, 0.047794111073, 0.0426915436983], "min": [0, 0, 0, 0, 0, 0, 0, 0, 0, 0, 0, 0, 0, 0, 0, 0, 0, 0, 0, 0, 0, 0, 0, 0, 0, 0, 0, 0, 0, 0, 0, 0, 0, 0, 0, 0], "median": [0.00783817470074, 0.00644249282777, 0.022460328415, 0.0947795063257, 0.114114299417, 0.049691721797, 0.00994430109859, 0.00738624576479, 0.0144973099232, 0.0163713395596, 0.0169142149389, 0.0199332777411, 0.0291907768697, 0.0327373966575, 0.0228475369513, 0.00812552496791, 0.00607260875404, 0.0138770416379, 0.0401550866663, 0.0466447621584, 0.0228291973472, 0.00565373897552, 0.00479766353965, 0.0248216278851, 0.049686409533, 0.049886405468, 0.0236511081457, 0.0418384298682, 0.0456633195281, 0.0223588682711, 0.0081893010065, 0.00722665153444, 0.0184169169515, 0.0487018600106, 0.0558560863137, 0.0282645262778], "max": [1, 1, 1, 1, 1, 1, 1, 1, 1, 1, 1, 1, 1, 1, 1, 1, 1, 1, 1, 1, 1, 1, 1, 1, 1, 1, 1, 1, 1, 1, 1, 1, 1, 1, 1, 1]}, "tuning_equal_tempered_deviation": 0.196343168616, "chords_key": "F#", "chords_strength": {"dmean": 0.0117391264066, "dvar2": 0.000121199496789, "mean": 0.484563857317, "var": 0.0110287480056, "dmean2": 0.0123873502016, "dvar": 9.554366261e-05, "min": 0.191273868084, "median": 0.479419112206, "max": 0.763473808765}, "tuning_diatonic_strength": 0.546455204487, "thpcp": [1, 0.507353007793, 0.346222758293, 0.377874135971, 0.340056359768, 0.490089297295, 0.519431531429, 0.388822168112, 0.579490244389, 0.633365988731, 0.360678941011, 0.266908168793, 0.28911319375, 0.360241383314, 0.702689945698, 0.691824436188, 0.306068062782, 0.191411539912, 0.184768378735, 0.39361333847, 0.722875595093, 0.563933730125, 0.328225106001, 0.540507435799, 0.598134338856, 0.351984292269, 0.254071831703, 0.24733042717, 0.310404032469, 0.657473802567, 0.787067830563, 0.487731397152, 0.282775193453, 0.264292836189, 0.417870372534, 0.915186047554], "chords_histogram": [15.9519033432, 2.60521030426, 16.7334671021, 1.10220444202, 3.74749493599, 0.581162333488, 5.65130281448, 0.641282558441, 0.140280559659, 0.120240479708, 0, 0, 0, 0.320641279221, 0.100200399756, 1.22244489193, 0.180360719562, 0.280561119318, 0, 2.86573147774, 1.50300598145, 19.9398803711, 20.5210418701, 5.79158306122], "tuning_nontempered_energy_ratio": 0.925168991089, "tuning_frequency": 434.193115234, "key_strength": 0.549943268299, "chords_changes_rate": 0.0713426843286, "key_scale": "major", "hpcp_entropy": {"dmean": 0.59696906805, "dvar2": 0.662555754185, "mean": 1.99428832531, "var": 0.423625439405, "dmean2": 1.01594781876, "dvar": 0.241613700986, "min": 0, "median": 2.01480197906, "max": 4.24872589111}, "key_key": "C#", "chords_number_rate": 0.0024048096966}, "lowlevel": {"melbands_skewness": {"dmean": 1.0777618885, "dvar2": 5.66484451294, "mean": 3.7972946167, "var": 6.15259599686, "dmean2": 1.61488628387, "dvar": 2.73466181755, "min": -2.37874507904, "median": 3.22377300262, "max": 30.5416164398}, "melbands_kurtosis": {"dmean": 21.1154708862, "dvar2": 9737.45507812, "mean": 33.0735168457, "var": 4156.70068359, "dmean2": 33.461566925, "dvar": 4045.6015625, "min": -1.88065421581, "median": 16.2208976746, "max": 1355.36010742}, "barkbands_kurtosis": {"dmean": 9.56855392456, "dvar2": 2731.90527344, "mean": 12.2078866959, "var": 935.539001465, "dmean2": 15.6449575424, "dvar": 1062.57165527, "min": -1.9321488142, "median": 4.88967132568, "max": 671.093566895}, "hfc": {"dmean": 7.17328691483, "dvar2": 903.554138184, "mean": 20.1879768372, "var": 554.355712891, "dmean2": 10.8847761154, "dvar": 343.796295166, "min": 1.13472729074e-16, "median": 13.0533628464, "max": 320.310668945}, "silence_rate_20dB": {"dmean": 0.0306705422699, "dvar2": 0.0818462222815, "mean": 0.981459200382, "var": 0.0181987155229, "dmean2": 0.0613472349942, "dvar": 0.029732408002, "min": 0, "median": 1, "max": 1}, "erbbands_flatness_db": {"dmean": 0.0164207946509, "dvar2": 0.000678606738802, "mean": 0.135843649507, "var": 0.00232584052719, "dmean2": 0.0240243151784, "dvar": 0.000343086983776, "min": 0.0456715673208, "median": 0.129972040653, "max": 0.464322239161}, "spectral_flux": {"dmean": 0.0367599315941, "dvar2": 0.0102565111592, "mean": 0.0959163755178, "var": 0.0092273876071, "dmean2": 0.0573511384428, "dvar": 0.00483205076307, "min": 1.03436426091e-10, "median": 0.0702726989985, "max": 0.665699660778}, "spectral_energyband_low": {"dmean": 0.0189338959754, "dvar2": 0.00973995216191, "mean": 0.0260175969452, "var": 0.00466138590127, "dmean2": 0.0295132230967, "dvar": 0.00432750023901, "min": 4.83926848526e-23, "median": 0.0110612716526, "max": 0.572245776653}, "spectral_rolloff": {"dmean": 483.453338623, "dvar2": 2459359.5, "mean": 1216.96801758, "var": 2747975.75, "dmean2": 808.233642578, "dvar": 1166509.5, "min": 43.06640625, "median": 624.462890625, "max": 18583.1542969}, "spectral_entropy": {"dmean": 0.21368265152, "dvar2": 0.131830558181, "mean": 7.39897871017, "var": 0.385095328093, "dmean2": 0.315379619598, "dvar": 0.0647216364741, "min": 4.65780687332, "median": 7.48847961426, "max": 9.80421829224}, "spectral_energy": {"dmean": 0.0227923728526, "dvar2": 0.00965397432446, "mean": 0.0420051068068, "var": 0.00506851635873, "dmean2": 0.03560321033, "dvar": 0.00432563945651, "min": 1.06990949316e-20, "median": 0.0255941599607, "max": 0.587186217308}, "spectral_centroid": {"dmean": 242.230453491, "dvar2": 177967.1875, "mean": 1161.51025391, "var": 493485.9375, "dmean2": 366.326477051, "dvar": 90790.6015625, "min": 155.09362793, "median": 1016.90771484, "max": 11053.1572266}, "barkbands_flatness_db": {"dmean": 0.025539431721, "dvar2": 0.00205072411336, "mean": 0.157065019011, "var": 0.00477621797472, "dmean2": 0.0380218289793, "dvar": 0.00094705511583, "min": 0.0218795500696, "median": 0.145865350962, "max": 0.446164220572}, "spectral_rms": {"dmean": 0.00118521449622, "dvar2": 1.10634064185e-05, "mean": 0.00543749378994, "var": 1.1414292203e-05, "dmean2": 0.00179758260492, "dvar": 5.52381334273e-06, "min": 3.23081123486e-12, "median": 0.00499699031934, "max": 0.0239345896989}, "melbands": {"dmean": [0.00530162453651, 0.00248779146932, 0.000731968379114, 0.000691950961482, 0.000302191765513, 0.000179021357326, 0.000190526145161, 0.000126243379782, 0.000149528292241, 7.47523663449e-05, 6.737147487e-05, 5.68623945583e-05, 3.25206201524e-05, 2.11655114981e-05, 2.06270960916e-05, 2.53463786066e-05, 1.91844774236e-05, 2.01731218112e-05, 1.69207796716e-05, 1.3715393834e-05, 1.30677717607e-05, 7.88217585068e-06, 8.35916853248e-06, 7.78530829848e-06, 6.24936001259e-06, 6.15344924881e-06, 5.874384442e-06, 4.72680312669e-06, 4.24306790592e-06, 2.93368339044e-06, 2.34996582549e-06, 2.20014430852e-06, 2.08139431379e-06, 2.2409765279e-06, 2.02104433811e-06, 1.9329454517e-06, 1.59561966484e-06, 1.18838943308e-06, 9.25381584693e-07, 7.30329247745e-07], "dvar2": [0.000905166380107, 0.000223014081712, 9.09437221708e-06, 3.58589591087e-06, 8.36638946566e-07, 3.10409546955e-07, 7.0795732654e-07, 6.9267349545e-07, 1.28279668843e-06, 7.78093323106e-08, 6.48052207453e-08, 6.23719316195e-08, 5.49392105142e-08, 2.3384648884e-08, 1.71273502048e-08, 2.31064660738e-08, 1.45637919502e-08, 2.0920081667e-08, 1.07485851331e-08, 4.62185179018e-09, 3.55158746856e-09, 1.7672570074e-09, 1.61101465501e-09, 9.27244170335e-10, 6.18839035571e-10, 6.5018851414e-10, 1.0136073092e-09, 7.65845331596e-10, 6.42983055688e-10, 1.80956846729e-10, 1.10430400935e-10, 1.26659988053e-10, 1.1902412389e-10, 1.52385590257e-10, 6.26287494088e-11, 4.25228983969e-11, 3.13360622173e-11, 2.45953778177e-11, 1.22374480341e-11, 8.0704288738e-12], "mean": [0.00595630193129, 0.00331485760398, 0.00124035531189, 0.00115257198922, 0.000534768158104, 0.000300882849842, 0.000300332758343, 0.000167946505826, 0.000191844927031, 0.000137272305437, 0.000127963619889, 0.000117672556371, 4.99190246046e-05, 3.02310636471e-05, 3.07560949295e-05, 3.75208473997e-05, 2.70820528385e-05, 2.74096128123e-05, 2.49893982982e-05, 2.40919434873e-05, 2.04837488127e-05, 1.24434436657e-05, 1.3263845176e-05, 1.38054028866e-05, 1.15008115245e-05, 1.0956735423e-05, 9.45794818108e-06, 7.59547128837e-06, 6.98420626577e-06, 5.26670874024e-06, 4.08471032642e-06, 3.51386825059e-06, 3.28379337589e-06, 3.54858889295e-06, 3.58954798685e-06, 3.48266939909e-06, 2.8912477319e-06, 2.14933561438e-06, 1.77914944288e-06, 1.3391347693e-06], "var": [0.000382742611691, 5.88733382756e-05, 3.56183704753e-06, 2.27789564633e-06, 6.31819546015e-07, 2.07416888998e-07, 3.14570343107e-07, 2.20043460786e-07, 3.60310821179e-07, 8.60234692368e-08, 1.64524720958e-07, 1.643204115e-07, 2.45581350811e-08, 9.60993595811e-09, 1.23068453206e-08, 2.10236184017e-08, 9.6891428214e-09, 9.38443811549e-09, 6.61097221411e-09, 8.05359334777e-09, 3.52922913116e-09, 1.13863318774e-09, 1.01983643752e-09, 9.40634237168e-10, 5.51102996571e-10, 5.41370559493e-10, 4.27727020469e-10, 3.03749386754e-10, 2.58712995471e-10, 1.2104726943e-10, 5.8121656793e-11, 5.24688174852e-11, 4.82917490718e-11, 6.40184918965e-11, 4.52145647312e-11, 3.5225534295e-11, 2.46373269008e-11, 1.87658135559e-11, 1.29169773835e-11, 8.23821219575e-12], "dmean2": [0.00850226636976, 0.00431285379454, 0.00126216071658, 0.0011659526499, 0.000493431696668, 0.000295651814668, 0.000312549556838, 0.000211861290154, 0.000246191309998, 0.000113472415251, 0.000102768768556, 8.72543532751e-05, 5.29614408151e-05, 3.39020734827e-05, 3.23051426676e-05, 3.88391817978e-05, 3.01718137052e-05, 3.22070372931e-05, 2.68694129772e-05, 2.1046575057e-05, 1.94149142771e-05, 1.23696854644e-05, 1.33687899506e-05, 1.19393507703e-05, 9.64461833064e-06, 9.58599957812e-06, 9.54774532147e-06, 7.72733619669e-06, 6.94381287758e-06, 4.67095560452e-06, 3.81832523999e-06, 3.67128177459e-06, 3.43183660334e-06, 3.63430035577e-06, 3.13125565299e-06, 3.02105127048e-06, 2.47544039667e-06, 1.84589794117e-06, 1.36394510264e-06, 1.09467316634e-06], "dvar": [0.000389941007597, 8.13244259916e-05, 3.24869370161e-06, 1.28871170091e-06, 3.21348494481e-07, 1.16303191078e-07, 2.56275313859e-07, 2.46235771328e-07, 4.54173118669e-07, 3.33117426976e-08, 3.07818766032e-08, 2.89284400878e-08, 1.97981968597e-08, 8.5613365286e-09, 7.27253501864e-09, 9.99289895276e-09, 5.9505769201e-09, 7.98117838485e-09, 4.12876444145e-09, 2.11059991706e-09, 1.75579573103e-09, 6.91612545012e-10, 6.27206453441e-10, 4.00258520772e-10, 2.53738668965e-10, 2.63541799495e-10, 3.72884667588e-10, 2.76383027575e-10, 2.32558264313e-10, 6.95914367799e-11, 4.07977297778e-11, 4.62542712465e-11, 4.3698135388e-11, 5.70121727606e-11, 2.61861574091e-11, 1.79941391648e-11, 1.33027885582e-11, 1.04729974693e-11, 6.1404622706e-12, 4.04322452255e-12], "min": [1.00357967311e-24, 6.1754406132e-24, 1.41892442577e-23, 4.28723734996e-24, 1.56750811276e-23, 1.56306793027e-23, 4.00314155895e-23, 1.17448901119e-23, 4.92511737767e-24, 5.18192710106e-24, 3.63296715922e-24, 6.76180092405e-24, 9.87536707492e-24, 6.77205690468e-24, 1.45075527884e-23, 1.18342727857e-23, 8.49755681736e-24, 6.11329020678e-24, 1.31331827532e-23, 1.13818500125e-23, 1.44855972116e-23, 1.65128277431e-23, 1.3787259673e-23, 1.07348665299e-23, 1.07013320528e-23, 1.16557306858e-23, 1.43717677385e-23, 8.21260527004e-24, 5.56267555013e-24, 1.05315912741e-23, 8.23796162611e-24, 1.06461954087e-23, 1.52020091313e-23, 1.58716747315e-23, 1.13604592602e-23, 1.15254818618e-23, 1.20299268562e-23, 1.00479083098e-23, 8.81014452878e-24, 1.2602041128e-23], "median": [0.00186348473653, 0.00175327120814, 0.000765168922953, 0.000665863568429, 0.000312832504278, 0.000145383848576, 0.000114655485959, 4.60214796476e-05, 4.46600388386e-05, 4.84020201839e-05, 3.55664087692e-05, 2.86868726107e-05, 1.26463573906e-05, 6.55585472487e-06, 6.53890128888e-06, 6.69725068292e-06, 4.87616398459e-06, 4.19891603087e-06, 3.90990771848e-06, 2.49656977758e-06, 2.97427277474e-06, 2.34763547269e-06, 2.75966795016e-06, 2.6773409445e-06, 2.63628749053e-06, 3.06611013912e-06, 3.13245936923e-06, 1.94678887055e-06, 1.44820694459e-06, 1.22907465538e-06, 1.15599141282e-06, 9.7379916042e-07, 9.34260469876e-07, 9.95217760646e-07, 1.07703237973e-06, 1.10698624667e-06, 9.3332164397e-07, 7.42297174838e-07, 6.69563064548e-07, 4.789995387e-07], "max": [0.175908371806, 0.0886101871729, 0.0344002991915, 0.0188975669444, 0.0102936252952, 0.00554172601551, 0.0119540747255, 0.00924813654274, 0.0124107757583, 0.00509904511273, 0.00836538150907, 0.00853027589619, 0.0044793561101, 0.00320729496889, 0.00354148703627, 0.0036239863839, 0.00231698993593, 0.00291818403639, 0.00210704770871, 0.00169549474958, 0.00142504426185, 0.000646814820357, 0.000594640092459, 0.000435208930867, 0.000341263657901, 0.000393263442675, 0.000462815980427, 0.000397314259317, 0.000385640421882, 0.000162307216669, 0.0001237209799, 0.000169012622791, 0.000119101132441, 0.000182443138328, 0.000121641249279, 8.22109286673e-05, 9.11696479307e-05, 7.35347202863e-05, 7.77243985794e-05, 5.12268197781e-05]}, "barkbands_crest": {"dmean": 2.68183159828, "dvar2": 17.3227024078, "mean": 10.9623918533, "var": 17.1153144836, "dmean2": 4.34906339645, "dvar": 7.19775009155, "min": 2.64489197731, "median": 10.2149124146, "max": 25.0058231354}, "mfcc": {"icov": [[0.00014190391812, 0.000125489576021, 0.000117846182548, -3.60229387297e-05, -5.86589958402e-05, -0.000111787980131, 1.01226100924e-06, -0.00016372326354, 0.000115620852739, -0.000135358044645, 6.6350621637e-05, -0.000100500401459, 7.64193537179e-05], [0.000125489576021, 0.000885576591827, 7.00077944202e-05, -2.72627021332e-05, -0.000466076453449, 0.000270180229563, -0.000511690275744, -0.00011798725609, 2.95313748211e-05, -3.07743357553e-05, -0.000320788210956, 0.000454488472315, -0.000279967207462], [0.000117846182548, 7.00077944202e-05, 0.00153339188546, 5.6812823459e-05, -0.000244843045948, -0.00100154313259, -2.93947105092e-05, -0.000701711280271, 0.000161887481227, 0.000128906598547, 0.00013803265756, -0.000432494940469, -9.09988957574e-05], [-3.60229387297e-05, -2.72627021332e-05, 5.6812823459e-05, 0.00326996971853, -0.00109253043775, -0.000721845484804, -5.3039989325e-06, -0.000465386721771, -0.00108647835441, 0.000768538273405, 0.000553547870368, -0.000843730289489, -0.000456032110378], [-5.86589958402e-05, -0.000466076453449, -0.000244843045948, -0.00109253043775, 0.00406810548156, -0.000553458929062, 0.000959459459409, -0.000868518080097, 0.000554206548259, -0.00151109218132, 0.000659366021864, 0.000193870393559, -0.00145504029933], [-0.000111787980131, 0.000270180229563, -0.00100154313259, -0.000721845484804, -0.000553458929062, 0.00521582737565, -0.00190405652393, 0.0007355173002, -0.00138061388861, 0.00110031128861, -0.00210185954347, 0.000632027920801, 0.000293746648822], [1.01226100924e-06, -0.000511690275744, -2.93947105092e-05, -5.3039989325e-06, 0.000959459459409, -0.00190405652393, 0.00565464934334, -0.00183195271529, 0.00135116372257, -0.0016824422637, 0.000335899268975, -0.00162126834039, 0.00137760338839], [-0.00016372326354, -0.00011798725609, -0.000701711280271, -0.000465386721771, -0.000868518080097, 0.0007355173002, -0.00183195271529, 0.00886137690395, -0.00279885856435, 0.00062641716795, -0.00186232908163, 0.00229119858705, -0.00247735041194], [0.000115620852739, 2.95313748211e-05, 0.000161887481227, -0.00108647835441, 0.000554206548259, -0.00138061388861, 0.00135116372257, -0.00279885856435, 0.00796498171985, -0.0021910276264, 0.00241847964935, -0.00215266970918, 0.000767128483858], [-0.000135358044645, -3.07743357553e-05, 0.000128906598547, 0.000768538273405, -0.00151109218132, 0.00110031128861, -0.0016824422637, 0.00062641716795, -0.0021910276264, 0.00984167959541, -0.00346508529037, 0.000900986371562, -4.64071563329e-05], [6.6350621637e-05, -0.000320788210956, 0.00013803265756, 0.000553547870368, 0.000659366021864, -0.00210185954347, 0.000335899268975, -0.00186232908163, 0.00241847964935, -0.00346508529037, 0.0101601621136, -0.00329984445125, 0.000905755674466], [-0.000100500401459, 0.000454488472315, -0.000432494940469, -0.000843730289489, 0.000193870393559, 0.000632027920801, -0.00162126834039, 0.00229119858705, -0.00215266970918, 0.000900986371562, -0.00329984445125, 0.011453489773, -0.00418509123847], [7.64193537179e-05, -0.000279967207462, -9.09988957574e-05, -0.000456032110378, -0.00145504029933, 0.000293746648822, 0.00137760338839, -0.00247735041194, 0.000767128483858, -4.64071563329e-05, 0.000905755674466, -0.00418509123847, 0.0114759961143]], "mean": [-663.872497559, 113.603752136, 33.4006919861, 26.342300415, 6.97001457214, 1.2011525631, 3.62362599373, 5.47297668457, -2.7224714756, 4.9002494812, -3.69482946396, -4.49423646927, -3.31415748596], "cov": [[9030.4609375, -1298.01367188, -482.54800415, 150.073257446, 42.4859695435, 162.283752441, 10.6631994247, 74.5690307617, 4.16665267944, 94.9441299438, 3.39344525337, 78.2608947754, -45.2351837158], [-1298.01367188, 1556.13757324, 59.9817085266, 43.1893730164, 196.819229126, -33.9850234985, 110.035102844, 79.0788726807, -9.91844367981, 48.5939903259, 46.1760025024, -39.3591842651, 61.3469161987], [-482.54800415, 59.9817085266, 912.661437988, 119.742874146, 120.517227173, 231.035812378, 88.75756073, 108.221298218, 55.0560112, -4.71798801422, 41.30909729, 54.2608985901, 51.5741157532], [150.073257446, 43.1893730164, 119.742874146, 464.982910156, 176.002670288, 111.656562805, 10.9470367432, 82.5620651245, 102.902046204, -12.3782253265, -17.1491031647, 55.2265968323, 70.0123214722], [42.4859695435, 196.819229126, 120.517227173, 176.002670288, 390.703094482, 57.8303527832, -15.7193250656, 81.6696395874, 42.1901321411, 39.0895042419, -1.9847496748, 16.5291099548, 83.5647583008], [162.283752441, -33.9850234985, 231.035812378, 111.656562805, 57.8303527832, 327.47543335, 109.232460022, 48.7577476501, 52.7064628601, 7.49021196365, 58.7178001404, 34.5071182251, 5.17905378342], [10.6631994247, 110.035102844, 88.75756073, 10.9470367432, -15.7193250656, 109.232460022, 263.784179688, 48.2201423645, -4.11936092377, 40.0654373169, 49.9929733276, 26.3820476532, -16.1799507141], [74.5690307617, 79.0788726807, 108.221298218, 82.5620651245, 81.6696395874, 48.7577476501, 48.2201423645, 174.554901123, 59.8357925415, 18.1131954193, 21.7251701355, 7.56314134598, 43.6885070801], [4.16665267944, -9.91844367981, 55.0560112, 102.902046204, 42.1901321411, 52.7064628601, -4.11936092377, 59.8357925415, 182.750335693, 19.5937824249, -16.4642467499, 29.9212970734, 21.7417926788], [94.9441299438, 48.5939903259, -4.71798801422, -12.3782253265, 39.0895042419, 7.49021196365, 40.0654373169, 18.1131954193, 19.5937824249, 134.896194458, 45.6789550781, 5.5883808136, 1.55743312836], [3.39344525337, 46.1760025024, 41.30909729, -17.1491031647, -1.9847496748, 58.7178001404, 49.9929733276, 21.7251701355, -16.4642467499, 45.6789550781, 145.081787109, 32.9610748291, -0.461154699326], [78.2608947754, -39.3591842651, 54.2608985901, 55.2265968323, 16.5291099548, 34.5071182251, 26.3820476532, 7.56314134598, 29.9212970734, 5.5883808136, 32.9610748291, 125.781356812, 42.1128768921], [-45.2351837158, 61.3469161987, 51.5741157532, 70.0123214722, 83.5647583008, 5.17905378342, -16.1799507141, 43.6885070801, 21.7417926788, 1.55743312836, -0.461154699326, 42.1128768921, 127.910507202]]}, "spectral_decrease": {"dmean": 5.92025406476e-09, "dvar2": 6.67794528747e-16, "mean": -1.06442961112e-08, "var": 3.48082048685e-16, "dmean2": 9.25536713936e-09, "dvar": 2.99229291103e-16, "min": -1.54613786663e-07, "median": -6.37487929112e-09, "max": -1.07775761912e-28}, "zerocrossingrate": {"dmean": 0.0117440521717, "dvar2": 0.000258858228335, "mean": 0.0578752271831, "var": 0.00178127211984, "dmean2": 0.0134297413751, "dvar": 0.000241579575231, "min": 0.0029296875, "median": 0.048828125, "max": 0.501953125}, "spectral_contrast_coeffs": {"dmean": [0.0488753914833, 0.0472027510405, 0.0405800268054, 0.0351377725601, 0.0276094954461, 0.0175360441208], "dvar2": [0.00441421801224, 0.00409088563174, 0.00277897063643, 0.00200364808552, 0.00128560187295, 0.000713679415639], "mean": [-0.638100802898, -0.692517459393, -0.718040943146, -0.75085246563, -0.766710042953, -0.789678096771], "var": [0.00969765614718, 0.00661043915898, 0.00614460371435, 0.00534694734961, 0.00399614684284, 0.00208129570819], "dmean2": [0.0805920735002, 0.0768278241158, 0.063465975225, 0.0539508573711, 0.0414847396314, 0.027397479862], "dvar": [0.00176657433622, 0.00162518047728, 0.00120701477863, 0.000949372246396, 0.000663370010443, 0.000305002729874], "min": [-0.955489397049, -0.947829067707, -0.959742128849, -0.957043588161, -0.961909532547, -0.960615336895], "median": [-0.655425429344, -0.69608938694, -0.722350239754, -0.762088418007, -0.77858799696, -0.789647400379], "max": [-0.27846249938, -0.410131126642, -0.441073507071, -0.464865624905, -0.550124645233, -0.596504032612]}, "spectral_skewness": {"dmean": 0.23087978363, "dvar2": 0.233641967177, "mean": 1.58662903309, "var": 0.583911120892, "dmean2": 0.344711571932, "dvar": 0.113103143871, "min": -0.188094198704, "median": 1.40205430984, "max": 9.66164970398}, "spectral_energyband_middle_high": {"dmean": 0.00148898176849, "dvar2": 4.16442089772e-05, "mean": 0.00376818142831, "var": 4.3014260882e-05, "dmean2": 0.00229908921756, "dvar": 1.5863464796e-05, "min": 1.75269272432e-21, "median": 0.00161788403057, "max": 0.0829248651862}, "gfcc": {"icov": [[0.000131278458866, 9.08877773327e-05, 8.96139463293e-05, -0.000142957651406, -5.17551461598e-06, -0.000164140743436, 4.9579761253e-05, -3.88114895031e-05, -6.35551041341e-05, 5.45846232853e-05, -1.46566744661e-05, 2.38412412727e-05, 9.67214436969e-05], [9.08877773327e-05, 0.00109106511809, -0.000169591585291, 0.000102649421024, -0.000882475287654, 0.000392950576497, -0.00034593892633, 0.000117150608276, -0.000319327169564, 0.0013369313674, -0.00148451048881, 0.00149531231727, -0.000866038142703], [8.96139463293e-05, -0.000169591585291, 0.0013714437373, -0.000549824384507, 0.000296873156913, -0.00130459549837, 0.000227269600146, 0.000311500538373, -0.000630632508546, 0.000283158326056, 0.000210307000089, -0.000869023555424, 0.000471938517876], [-0.000142957651406, 0.000102649421024, -0.000549824384507, 0.00271919486113, -0.00125169125386, 0.00025447801454, -0.00039179075975, -9.84882353805e-05, -6.35598462395e-06, -0.000164419354405, 0.000240800378378, -0.000449077953817, -0.000504731433466], [-5.17551461598e-06, -0.000882475287654, 0.000296873156913, -0.00125169125386, 0.00480408919975, -0.00138756306842, 0.000338454701705, -0.000239602653892, -0.00170330749825, -0.000248926575296, 0.000417895324063, -0.000503874151036, 0.00014700491738], [-0.000164140743436, 0.000392950576497, -0.00130459549837, 0.00025447801454, -0.00138756306842, 0.00648556509987, -0.00232426915318, -0.000419453339418, 0.00142402166966, -0.0010225516744, -0.00105754565448, 0.000535116356332, 0.00017326764646], [4.9579761253e-05, -0.00034593892633, 0.000227269600146, -0.00039179075975, 0.000338454701705, -0.00232426915318, 0.00512497453019, -0.000289958901703, -2.97079186566e-05, -0.00103237805888, -0.000209853227716, -0.00048890785547, -0.000566156173591], [-3.88114895031e-05, 0.000117150608276, 0.000311500538373, -9.84882353805e-05, -0.000239602653892, -0.000419453339418, -0.000289958901703, 0.00716937566176, -0.00249660154805, 0.00179243437015, -0.00192853354383, 0.000866217713337, -0.00110447383486], [-6.35551041341e-05, -0.000319327169564, -0.000630632508546, -6.35598462395e-06, -0.00170330749825, 0.00142402166966, -2.97079186566e-05, -0.00249660154805, 0.00900962855667, -0.00361521169543, 0.00252856570296, -0.00170251890086, 0.000519201974384], [5.45846232853e-05, 0.0013369313674, 0.000283158326056, -0.000164419354405, -0.000248926575296, -0.0010225516744, -0.00103237805888, 0.00179243437015, -0.00361521169543, 0.0130381863564, -0.00547861261293, 0.00238329218701, -0.00116021605209], [-1.46566744661e-05, -0.00148451048881, 0.000210307000089, 0.000240800378378, 0.000417895324063, -0.00105754565448, -0.000209853227716, -0.00192853354383, 0.00252856570296, -0.00547861261293, 0.012638467364, -0.00412832712755, 0.00365581805818], [2.38412412727e-05, 0.00149531231727, -0.000869023555424, -0.000449077953817, -0.000503874151036, 0.000535116356332, -0.00048890785547, 0.000866217713337, -0.00170251890086, 0.00238329218701, -0.00412832712755, 0.013680703938, -0.00583302462474], [9.67214436969e-05, -0.000866038142703, 0.000471938517876, -0.000504731433466, 0.00014700491738, 0.00017326764646, -0.000566156173591, -0.00110447383486, 0.000519201974384, -0.00116021605209, 0.00365581805818, -0.00583302462474, 0.0128230573609]], "mean": [-9.08111763, 82.2803649902, -81.5894699097, 36.5495948792, -60.0715179443, 13.0282993317, -35.951374054, 10.305560112, -23.6956119537, -2.13603377342, -13.2139520645, -1.98809063435, -8.63304328918], "cov": [[9578.15332031, -1236.42736816, -308.539703369, 485.128204346, 36.7618255615, 243.405258179, -1.33994615078, 73.8540802002, 52.4436454773, 91.2315979004, -39.7000312805, 44.2396888733, -85.1353302002], [-1236.42736816, 1752.94555664, 164.629348755, 38.5290031433, 309.47164917, -7.20970821381, 87.8823547363, 60.5329704285, 54.4806747437, -93.002281189, 106.251716614, -92.0651779175, 46.0250320435], [-308.539703369, 164.629348755, 1153.86035156, 276.900787354, 131.395202637, 248.286865234, 100.935829163, -3.80465817451, 82.6476516724, 12.4999351501, 25.4723072052, 83.8889160156, 9.82841682434], [485.128204346, 38.5290031433, 276.900787354, 555.944763184, 190.113388062, 95.108215332, 74.4633178711, 31.100944519, 71.0369415283, 20.3461761475, -0.468204319477, 55.9848327637, 37.7012443542], [36.7618255615, 309.47164917, 131.395202637, 190.113388062, 360.50213623, 83.8406982422, 53.4305839539, 46.2225723267, 88.9785614014, 10.9023933411, 18.563785553, 14.2203149796, 22.9053382874], [243.405258179, -7.20970821381, 248.286865234, 95.108215332, 83.8406982422, 284.483734131, 129.54095459, 15.8726415634, 3.26721787453, 43.4198112488, 45.1187973022, 18.753742218, -5.97197437286], [-1.33994615078, 87.8823547363, 100.935829163, 74.4633178711, 53.4305839539, 129.54095459, 271.614746094, 21.6431407928, 13.4588346481, 37.6474189758, 38.9145622253, 18.5350265503, 16.853263855], [73.8540802002, 60.5329704285, -3.80465817451, 31.100944519, 46.2225723267, 15.8726415634, 21.6431407928, 167.146865845, 48.3380393982, -3.46988081932, 18.3031730652, 3.19040560722, 13.4651966095], [52.4436454773, 54.4806747437, 82.6476516724, 71.0369415283, 88.9785614014, 3.26721787453, 13.4588346481, 48.3380393982, 166.416976929, 29.3532352448, -9.28870105743, 21.2859344482, 14.9802532196], [91.2315979004, -93.002281189, 12.4999351501, 20.3461761475, 10.9023933411, 43.4198112488, 37.6474189758, -3.46988081932, 29.3532352448, 116.379570007, 39.7319488525, 4.60212182999, -5.86948537827], [-39.7000312805, 106.251716614, 25.4723072052, -0.468204319477, 18.563785553, 45.1187973022, 38.9145622253, 18.3031730652, -9.28870105743, 39.7319488525, 125.694122314, 11.5493059158, -17.6187610626], [44.2396888733, -92.0651779175, 83.8889160156, 55.9848327637, 14.2203149796, 18.753742218, 18.5350265503, 3.19040560722, 21.2859344482, 4.60212182999, 11.5493059158, 113.336936951, 41.0585632324], [-85.1353302002, 46.0250320435, 9.82841682434, 37.7012443542, 22.9053382874, -5.97197437286, 16.853263855, 13.4651966095, 14.9802532196, -5.86948537827, -17.6187610626, 41.0585632324, 107.141723633]]}, "erbbands_spread": {"dmean": 10.9172992706, "dvar2": 406.967987061, "mean": 51.5099449158, "var": 688.838134766, "dmean2": 16.4051208496, "dvar": 190.187774658, "min": 1.22709476948, "median": 46.270488739, "max": 213.761199951}, "erbbands_kurtosis": {"dmean": 1.11308026314, "dvar2": 11.4584169388, "mean": 0.770080029964, "var": 14.204949379, "dmean2": 1.75183880329, "dvar": 4.90233898163, "min": -1.91313946247, "median": -0.251625180244, "max": 70.4691085815}, "dynamic_complexity": 3.5221145153, "erbbands_crest": {"dmean": 2.50240111351, "dvar2": 13.9674940109, "mean": 8.90392971039, "var": 16.5607643127, "dmean2": 4.10398769379, "dvar": 5.47388219833, "min": 2.34948635101, "median": 7.96680736542, "max": 30.2397708893}, "erbbands": {"dmean": [0.711967945099, 3.11293840408, 3.49039387703, 3.69423151016, 7.71205472946, 11.2799921036, 7.42830848694, 8.10724449158, 12.857884407, 10.8020858765, 18.5821285248, 11.9208250046, 12.9220151901, 13.4672698975, 8.36781311035, 6.87479114532, 10.2994346619, 10.1878700256, 11.5840473175, 9.54590511322, 10.7611808777, 7.07834815979, 8.3416261673, 7.14435148239, 7.83584737778, 6.8385386467, 6.00575637817, 3.97684431076, 3.65692996979, 3.75288200378, 3.35917520523, 2.64317536354, 1.53872776031, 0.86464202404, 0.357414245605, 0.12122117728, 0.0396518670022, 0.0124292755499, 0.00237353309058, 8.49532079883e-05], "dvar2": [17.0978546143, 361.39440918, 430.939117432, 241.557907104, 709.392211914, 1107.33410645, 514.350036621, 695.922973633, 3179.83007812, 4324.91259766, 21936.5039062, 2348.4453125, 2375.58276367, 3754.94433594, 4698.50585938, 1830.3963623, 4299.52783203, 3874.09545898, 7134.57666016, 2307.13842773, 2047.35949707, 1286.98742676, 1359.00671387, 794.522155762, 1316.13330078, 1563.96777344, 1106.14001465, 341.722717285, 356.084716797, 427.906829834, 161.821090698, 86.6726608276, 37.1770515442, 10.8425350189, 2.52554368973, 0.307584017515, 0.0256150998175, 0.00197698338889, 8.69183277246e-05, 7.96991272978e-08], "mean": [0.738657295704, 3.50015187263, 4.87363100052, 6.30598211288, 11.9534044266, 18.2764968872, 13.1514377594, 13.4606761932, 20.0576877594, 15.3944673538, 22.9909610748, 21.7430210114, 25.3748130798, 28.1857891083, 12.6883707047, 10.7574777603, 15.9774217606, 15.4580612183, 17.1284999847, 16.4630622864, 18.7509918213, 12.6726284027, 15.4909257889, 14.565738678, 14.2411193848, 11.9141025543, 10.7549467087, 7.51094913483, 6.19680929184, 6.24433374405, 6.26453495026, 5.02339601517, 3.01543188095, 1.71019351482, 0.67181456089, 0.230396956205, 0.0725072771311, 0.0203069746494, 0.00338696059771, 0.000141306416481], "var": [7.08577537537, 105.063842773, 98.1067581177, 95.3556976318, 309.779052734, 737.765991211, 449.220489502, 455.647613525, 1458.19677734, 1510.93652344, 5892.33691406, 2100.69580078, 5754.28320312, 9826.50585938, 1454.91687012, 1061.08374023, 3178.96679688, 2797.04638672, 2936.56616211, 2079.06542969, 2551.12475586, 909.976074219, 1119.85180664, 766.781616211, 761.208679199, 627.439575195, 521.128662109, 192.208740234, 151.417312622, 182.678619385, 125.831016541, 70.6687393188, 34.0907974243, 12.1538047791, 2.87691640854, 0.294165998697, 0.0226124152541, 0.00172191637103, 6.30488430033e-05, 5.79261723033e-08], "dmean2": [1.14704036713, 5.30930995941, 6.23552322388, 6.35337924957, 13.0851354599, 18.8617267609, 12.036901474, 13.455956459, 21.0979042053, 17.9583721161, 30.8503570557, 18.2514724731, 19.748550415, 20.7110500336, 13.5518741608, 10.8397102356, 15.8472118378, 15.8375320435, 18.6813144684, 14.9795074463, 15.8446617126, 11.000790596, 13.1161260605, 10.9418640137, 12.3970451355, 11.1074857712, 9.71715545654, 6.37058591843, 6.02062082291, 6.05390357971, 5.15811014175, 4.05936050415, 2.32920312881, 1.26468610764, 0.528728783131, 0.177392840385, 0.0569086819887, 0.0178904850036, 0.00341929029673, 0.000122361554531], "dvar": [7.32790899277, 138.248474121, 147.181259155, 86.0888366699, 252.871383667, 414.493225098, 207.158630371, 259.455352783, 1155.67822266, 1559.66052246, 7766.81494141, 955.039367676, 1096.57385254, 1690.13977051, 1674.4498291, 719.289428711, 1763.35888672, 1594.0213623, 2643.56201172, 904.597351074, 1018.75732422, 499.228973389, 542.28918457, 323.438293457, 501.174438477, 565.068481445, 405.50668335, 126.965995789, 130.265029907, 159.9609375, 68.4502105713, 36.8718032837, 16.9863262177, 5.59885978699, 1.38190031052, 0.152966335416, 0.0118691148236, 0.000961193116382, 4.12475565099e-05, 3.79038986864e-08], "min": [1.34160526544e-22, 9.67501120403e-22, 1.65028412941e-20, 8.9472772901e-20, 5.3038879038e-20, 1.13111533319e-19, 5.10616575876e-19, 6.7802071616e-19, 2.61431425214e-18, 1.34389614618e-18, 5.84867047695e-19, 9.19836111495e-19, 6.88357733782e-19, 1.67328473938e-18, 2.93909989542e-18, 3.37371609889e-18, 6.17994121623e-18, 4.57455983673e-18, 4.06650302296e-18, 1.12594327784e-17, 1.0885091365e-17, 1.54667074659e-17, 1.3372574841e-17, 1.32748831563e-17, 1.91818270598e-17, 1.41148991304e-17, 1.19383189323e-17, 1.62929318577e-17, 2.11320426659e-17, 2.72601771468e-17, 2.04287770178e-17, 1.82778162576e-17, 1.36406665591e-17, 1.38042282903e-17, 8.63874840834e-18, 5.36647070874e-18, 3.52669115906e-18, 1.2775329966e-18, 2.69185018196e-19, 3.09774034146e-20], "median": [0.170352980494, 1.47931277752, 2.37405943871, 3.54839134216, 6.8030796051, 10.0865058899, 7.34675598145, 6.34093761444, 7.6359796524, 5.11755943298, 5.9032793045, 8.1004486084, 7.926425457, 7.37917327881, 3.79150795937, 3.01269841194, 3.41834425926, 3.3068356514, 3.07948613167, 2.77817583084, 2.84044027328, 2.73411107063, 3.52416133881, 3.71551203728, 4.69351291656, 3.71305513382, 2.54060506821, 2.23758745193, 1.83043968678, 1.83742117882, 1.95604038239, 1.67174315453, 1.09149205685, 0.652288913727, 0.204605534673, 0.0700936540961, 0.0185014754534, 0.0039787418209, 0.000503394054249, 5.23533017258e-05], "max": [24.3685855865, 106.775535583, 122.496902466, 153.262710571, 373.932189941, 390.49130249, 335.79119873, 280.20892334, 774.345275879, 781.525634766, 1588.14013672, 782.774047852, 1593.81799316, 2213.83276367, 1421.02709961, 825.081848145, 1526.49511719, 1333.24975586, 1905.05419922, 707.379333496, 974.052124023, 514.055786133, 707.953796387, 357.897613525, 435.162475586, 571.362548828, 436.662506104, 243.475112915, 232.346481323, 241.834213257, 178.5753479, 148.095169067, 97.9856338501, 62.8075523376, 36.4350318909, 14.0790433884, 3.60029292107, 0.660662591457, 0.109638564289, 0.00419880216941]}, "silence_rate_30dB": {"dmean": 0.0443018935621, "dvar2": 0.0857775658369, "mean": 0.933353364468, "var": 0.0622112900019, "dmean2": 0.0886126682162, "dvar": 0.0423373803496, "min": 0, "median": 1, "max": 1}, "silence_rate_60dB": {"dmean": 0.0100230528042, "dvar2": 0.023052142933, "mean": 0.0597314089537, "var": 0.0561657212675, "dmean2": 0.0200481154025, "dvar": 0.00992180686444, "min": 0, "median": 0, "max": 1}, "spectral_energyband_middle_low": {"dmean": 0.0054854308255, "dvar2": 0.000331219605869, "mean": 0.012126326561, "var": 0.000148380495375, "dmean2": 0.00914619956166, "dvar": 0.000119326301501, "min": 3.86050528365e-22, "median": 0.00937700085342, "max": 0.158021301031}, "spectral_spread": {"dmean": 705432.875, "dvar2": 1849921765380.0, "mean": 5857018, "var": 4043439341570.0, "dmean2": 995037.4375, "dvar": 1066800578560.0, "min": 810221.25, "median": 5573186, "max": 41361168}, "barkbands": {"dmean": [0.00187745143194, 0.016641350463, 0.00262287678197, 0.00144474429544, 0.00289755198173, 0.000892499228939, 0.000880059495103, 0.000765152915847, 0.000578275416046, 0.000419611256802, 0.000303070934024, 0.000187599100173, 0.000245255592745, 0.00022737083782, 0.000216048458242, 0.000205620002816, 0.000133541121613, 0.000161702249898, 0.000155914924107, 0.000156573747518, 0.000120800235891, 0.000101494770206, 0.000118471391033, 0.000106165090983, 6.08499904047e-05, 2.33169284911e-05, 1.14858503366e-05], "dvar2": [8.4018218331e-05, 0.00890601612628, 0.000208918718272, 4.54025284853e-05, 6.06342691754e-05, 6.89873422743e-06, 1.63084314408e-05, 4.01001852879e-05, 4.57042369817e-06, 3.04406239593e-06, 3.53751784132e-06, 1.33029948302e-06, 2.34596745941e-06, 1.89519175819e-06, 2.22737230615e-06, 7.60333136895e-07, 4.74592582123e-07, 4.15773399709e-07, 4