{"metadata": {"audio_properties": {"downmix": "mix", "bit_rate": 256025, "lossless": false, "md5_encoded": "85f9e1a4f0ca795c7923f708eb174694", "analysis_sample_rate": 44100, "sample_rate": 44100, "replay_gain": -6.63866996765, "equal_loudness": 0, "codec": "mp3", "length": 272.431030273}, "tags": {"album": ["Able Bodies"], "length": ["272"], "artist": ["Spokane"], "musicbrainz_recordingid": ["eea3ad26-a555-4898-9cbc-d27681f138f3"], "discnumber": ["1"], "title": ["Addition"], "genre": ["Rock"], "tracknumber": ["2"], "date": ["2003"], "file_name": "2083266.mp3"}, "version": {"essentia_build_sha": "70f2e5ece6736b2c40cc944ad0e695b16b925413", "essentia_git_sha": "v2.1_beta2", "extractor": "music 1.0", "essentia": "2.1-beta2"}}, "tonal": {"chords_scale": "minor", "hpcp": {"dmean": [0.0110914856195, 0.011441571638, 0.0187633577734, 0.0201746132225, 0.0364464633167, 0.0645769685507, 0.0606354251504, 0.0549710802734, 0.022140359506, 0.0113915391266, 0.0142586100847, 0.0265156459063, 0.0341769121587, 0.0290019586682, 0.0150102227926, 0.0153093365952, 0.0377326570451, 0.0921497941017, 0.0846680253744, 0.0857297480106, 0.0412048362195, 0.0253333393484, 0.0313135758042, 0.021224912256, 0.0121816787869, 0.0155242038891, 0.0329134277999, 0.0366923697293, 0.0317436493933, 0.0159822609276, 0.00893901754171, 0.011620211415, 0.0278343539685, 0.0265019815415, 0.0276480447501, 0.0145888747647], "dvar2": [0.013878652826, 0.0116002243012, 0.0140891028568, 0.017652509734, 0.0340588651597, 0.0527486093342, 0.0444459617138, 0.0390450395644, 0.0161106437445, 0.0100549580529, 0.0118234977126, 0.0170413218439, 0.022539595142, 0.0220059547573, 0.0148303154856, 0.0149511694908, 0.0307860784233, 0.0456163920462, 0.0600880123675, 0.0393936559558, 0.0320308506489, 0.02565516904, 0.0252351555973, 0.0211052875966, 0.0122600998729, 0.010266456753, 0.0183641910553, 0.0231303647161, 0.0196986161172, 0.0159942042083, 0.00756769999862, 0.00856512412429, 0.0218821316957, 0.0192690342665, 0.0184529945254, 0.0137730883434], "mean": [0.00783738866448, 0.00796994101256, 0.0359961986542, 0.0736365988851, 0.0603208579123, 0.133619874716, 0.214972525835, 0.112566530704, 0.0164482463151, 0.00770217226818, 0.0115585653111, 0.0425898320973, 0.0745182856917, 0.0468640215695, 0.0116902049631, 0.0105674900115, 0.0345081873238, 0.305141419172, 0.512474954128, 0.251589894295, 0.0936062559485, 0.186919182539, 0.128912940621, 0.0251861438155, 0.0098376898095, 0.0122015094385, 0.0683764740825, 0.129790455103, 0.0787973254919, 0.0141198262572, 0.00739087769762, 0.0101909153163, 0.0823308303952, 0.153996780515, 0.0873027741909, 0.0122263934463], "var": [0.00296916835941, 0.00247822911479, 0.0124560957775, 0.0550498068333, 0.0263683609664, 0.0560689978302, 0.11684255302, 0.0373001210392, 0.00360269099474, 0.00205622753128, 0.00339258951135, 0.014939785935, 0.0400423891842, 0.0180346406996, 0.00396784720942, 0.00343723944388, 0.00996338576078, 0.0811831057072, 0.188086256385, 0.0544967539608, 0.0322582386434, 0.138506084681, 0.0728468969464, 0.007068161387, 0.0036042034626, 0.00275503238663, 0.0184562839568, 0.0746549591422, 0.0358232334256, 0.00349172251299, 0.0014683555346, 0.00218829326332, 0.0312681533396, 0.104266196489, 0.035829719156, 0.00355421751738], "dmean2": [0.0205766838044, 0.0214288234711, 0.0326313972473, 0.0356612242758, 0.064831443131, 0.110233850777, 0.0976409167051, 0.0923304259777, 0.0409576930106, 0.021113248542, 0.0249320827425, 0.0421699769795, 0.052725803107, 0.0467472784221, 0.0270260889083, 0.0282922964543, 0.067622102797, 0.148745507002, 0.13445109129, 0.137782588601, 0.0724906548858, 0.0426951684058, 0.0534169301391, 0.038496054709, 0.0221435315907, 0.0284230876714, 0.055633675307, 0.0599927417934, 0.0537737570703, 0.0294036064297, 0.0163711067289, 0.0208674129099, 0.046257738024, 0.0414021424949, 0.0455366373062, 0.0264930687845], "dvar": [0.00480789458379, 0.00396041246131, 0.00513182068244, 0.00750711048022, 0.0122123640031, 0.0200550127774, 0.0196083895862, 0.014039077796, 0.00533242011443, 0.00345826009288, 0.00434868549928, 0.00687471171841, 0.0106030609459, 0.00872566737235, 0.00535594392568, 0.00517250597477, 0.0110659142956, 0.0177816171199, 0.0281004793942, 0.0153782535344, 0.0114376265556, 0.0109615903348, 0.00941405352205, 0.00720890285447, 0.00430781813338, 0.00349643826485, 0.00697026355192, 0.0106401145458, 0.00764858303592, 0.00541120907292, 0.00255884625949, 0.00306491577066, 0.00838359352201, 0.00921696145087, 0.00687102973461, 0.00492050126195], "min": [0, 0, 0, 0, 0, 0, 0, 0, 0, 0, 0, 0, 0, 0, 0, 0, 0, 0, 0, 0, 0, 0, 0, 0, 0, 0, 0, 0, 0, 0, 0, 0, 0, 0, 0, 0], "median": [0.000304061133647, 0.00029050570447, 0.00164255255368, 0.00300978287123, 0.00351267214864, 0.018211601302, 0.0306281931698, 0.0162335895002, 0.000468412763439, 0.000203191273613, 0.000354771269485, 0.00149062275887, 0.00180173816625, 0.00096616015071, 0.000315516837873, 0.000160527502885, 0.00228498433717, 0.240426778793, 0.446518540382, 0.20213316381, 0.00404670089483, 0.000369634944946, 0.000515331048518, 0.000608660513535, 0.000422286742833, 0.000931858608965, 0.0112105738372, 0.0157303959131, 0.00728536583483, 0.000943515624385, 0.000735457928386, 0.000650717120152, 0.00322809396312, 0.00557921268046, 0.00385676510632, 0.000705522368662], "max": [1, 1, 1, 1, 1, 1, 1, 1, 1, 1, 1, 1, 1, 1, 1, 1, 1, 1, 1, 1, 1, 1, 1, 1, 1, 1, 1, 1, 1, 1, 1, 1, 1, 1, 1, 1]}, "tuning_equal_tempered_deviation": 0.00812916830182, "chords_key": "G#", "chords_strength": {"dmean": 0.0059046857059, "dvar2": 0.000662537175231, "mean": 0.446239680052, "var": 0.0260283350945, "dmean2": 0.00411209370941, "dvar": 0.000345210923115, "min": -1, "median": 0.467157542706, "max": 0.679068982601}, "tuning_diatonic_strength": 0.509079873562, "thpcp": [1, 0.490931093693, 0.182655274868, 0.364738166332, 0.251549750566, 0.0491460971534, 0.0191964302212, 0.0238089859486, 0.133424028754, 0.253262042999, 0.153758391738, 0.0275522265583, 0.0144219296053, 0.0198856852949, 0.160653367639, 0.300496220589, 0.170355200768, 0.023857543245, 0.0152932126075, 0.0155518641695, 0.0702399164438, 0.143688187003, 0.117704987526, 0.260734438896, 0.419479072094, 0.219652742147, 0.032095707953, 0.0150293633342, 0.0225544013083, 0.083106175065, 0.145408645272, 0.0914464592934, 0.0228112712502, 0.0206205006689, 0.0673363357782, 0.595426976681], "chords_histogram": [32.7027931213, 22.8527603149, 13.7014312744, 0.511247456074, 0, 0.443081110716, 0.0170415807515, 10.003408432, 0.800954341888, 5.26584863663, 0, 0, 0, 0, 0, 0, 0.477164268494, 0, 0.0681663230062, 0, 0, 0.783912718296, 6.59509181976, 5.77709627151], "tuning_nontempered_energy_ratio": 0.608322620392, "tuning_frequency": 440.763122559, "key_strength": 0.698740363121, "chords_changes_rate": 0.045501023531, "key_scale": "minor", "hpcp_entropy": {"dmean": 0.374619543552, "dvar2": 0.482813477516, "mean": 1.25788235664, "var": 0.502087831497, "dmean2": 0.627682983875, "dvar": 0.197626471519, "min": 0, "median": 1.16996622086, "max": 4.09690380096}, "key_key": "G#", "chords_number_rate": 0.00119291071314}, "lowlevel": {"melbands_skewness": {"dmean": 0.755385696888, "dvar2": 2.34647870064, "mean": 3.48829245567, "var": 4.73006105423, "dmean2": 1.10492181778, "dvar": 1.09639132023, "min": -2.28444743156, "median": 3.05984210968, "max": 18.7688999176}, "melbands_kurtosis": {"dmean": 12.8825216293, "dvar2": 1397.39819336, "mean": 36.3106765747, "var": 1869.03857422, "dmean2": 19.3639183044, "dvar": 619.906311035, "min": -1.89571344852, "median": 23.0344238281, "max": 552.088745117}, "barkbands_kurtosis": {"dmean": 7.33214521408, "dvar2": 478.318389893, "mean": 23.8625335693, "var": 819.92791748, "dmean2": 11.1850814819, "dvar": 198.775314331, "min": -1.97566831112, "median": 16.3395309448, "max": 436.731781006}, "hfc": {"dmean": 2.56348800659, "dvar2": 72.9658813477, "mean": 9.72223854065, "var": 181.195648193, "dmean2": 3.59740328789, "dvar": 35.6105499268, "min": 1.15969755733e-16, "median": 5.52301740646, "max": 182.545776367}, "silence_rate_20dB": {"dmean": 0, "dvar2": 0, "mean": 1, "var": 0, "dmean2": 0, "dvar": 0, "min": 1, "median": 1, "max": 1}, "erbbands_flatness_db": {"dmean": 0.0185461565852, "dvar2": 0.00102618616074, "mean": 0.213395819068, "var": 0.00501890666783, "dmean2": 0.0246964152902, "dvar": 0.00059826951474, "min": 0.0150619633496, "median": 0.207022458315, "max": 0.407499015331}, "spectral_flux": {"dmean": 0.0145496977493, "dvar2": 0.00114898255561, "mean": 0.0413099490106, "var": 0.00122204329818, "dmean2": 0.0241599585861, "dvar": 0.000459914823296, "min": 1.03023013731e-10, "median": 0.0328661203384, "max": 0.330277353525}, "spectral_energyband_low": {"dmean": 0.0035601707641, "dvar2": 0.000124852900626, "mean": 0.0153983104974, "var": 0.000214018524275, "dmean2": 0.00569840846583, "dvar": 5.24316565134e-05, "min": 8.28690555434e-23, "median": 0.0124665182084, "max": 0.203345805407}, "spectral_rolloff": {"dmean": 140.80027771, "dvar2": 1408220.625, "mean": 725.124938965, "var": 5366261, "dmean2": 249.366622925, "dvar": 566298.4375, "min": 64.599609375, "median": 322.998046875, "max": 19056.8847656}, "spectral_entropy": {"dmean": 0.217438206077, "dvar2": 0.161278173327, "mean": 6.28615570068, "var": 0.818700671196, "dmean2": 0.302949845791, "dvar": 0.0901017487049, "min": 4.03127336502, "median": 6.292304039, "max": 9.80619621277}, "spectral_energy": {"dmean": 0.0059480634518, "dvar2": 0.000254438869888, "mean": 0.0297346618026, "var": 0.000728729006369, "dmean2": 0.00882937945426, "dvar": 0.000111009350803, "min": 1.06137418478e-20, "median": 0.0245547704399, "max": 0.270342797041}, "spectral_centroid": {"dmean": 81.0014724731, "dvar2": 95061.5703125, "mean": 477.258483887, "var": 327298.40625, "dmean2": 117.748771667, "dvar": 52971.4414062, "min": 103.706123352, "median": 349.624023438, "max": 11281.9023438}, "barkbands_flatness_db": {"dmean": 0.0206235777587, "dvar2": 0.00123514980078, "mean": 0.281126827002, "var": 0.0081492094323, "dmean2": 0.0286285001785, "dvar": 0.000716251670383, "min": 0.036092415452, "median": 0.267199754715, "max": 0.538438379765}, "spectral_rms": {"dmean": 0.000491347338539, "dvar2": 9.88427473203e-07, "mean": 0.00481507275254, "var": 5.82436041441e-06, "dmean2": 0.000715862959623, "dvar": 4.69888902899e-07, "min": 3.21789838699e-12, "median": 0.00489447358996, "max": 0.0162403527647}, "melbands": {"dmean": [0.000200366834179, 0.000751810264774, 0.000762927928008, 0.00021388719324, 0.000471858686069, 0.00023584086739, 2.4413864594e-05, 3.82732650905e-05, 0.000148588966113, 5.187365241e-05, 6.4338496486e-06, 1.32559625854e-05, 5.90570516579e-06, 2.24038080887e-06, 5.66160315429e-06, 2.37681979343e-06, 3.85845623896e-06, 1.54276517605e-06, 2.33841115005e-06, 1.24743166907e-06, 1.33329660912e-06, 1.28814770051e-06, 8.84120311184e-07, 1.28189287807e-06, 9.73826558948e-07, 8.13043811831e-07, 5.64786034829e-07, 4.13444865899e-07, 3.93757431993e-07, 8.08068364222e-07, 1.20635706935e-06, 1.02057447293e-06, 7.07904405317e-07, 5.06340427364e-07, 3.10667843451e-07, 3.15537192819e-07, 2.51851844268e-07, 2.85393724653e-07, 3.92150184325e-07, 4.47847185114e-07], "dvar2": [9.08826223167e-07, 6.83981897964e-06, 6.0554511947e-06, 5.72518786157e-07, 1.70288728896e-06, 6.5096361368e-07, 6.51719345157e-09, 2.34222650164e-08, 3.3900789731e-07, 3.22006066256e-08, 1.90734006367e-09, 4.55645299269e-09, 7.48025030806e-10, 2.03507322105e-10, 2.51739740165e-09, 5.41410360988e-10, 4.1300873832e-10, 1.16823870022e-10, 1.46672035628e-10, 5.41971675871e-11, 6.83369680288e-11, 4.95417040725e-11, 1.2351569767e-10, 6.60055010648e-10, 4.88844464908e-10, 7.67887003983e-11, 7.648048167e-11, 7.35700528276e-11, 1.19757181602e-11, 2.78604278536e-10, 2.44320924603e-10, 1.34536506935e-10, 6.18282439135e-11, 3.06309873299e-11, 5.18538467373e-12, 1.04408270224e-11, 4.17863139923e-12, 2.98441393126e-12, 2.07531578728e-11, 4.63473660492e-12], "mean": [0.00116703973617, 0.00349984364584, 0.00220909551717, 0.000576216727495, 0.00137292896397, 0.000672808964737, 8.29474520287e-05, 0.00011448089208, 0.000397990545025, 0.000137298324262, 1.45787344081e-05, 2.7653946745e-05, 1.32938412207e-05, 4.10925440519e-06, 1.13531241368e-05, 4.66387518827e-06, 7.00212558513e-06, 2.82166251964e-06, 4.67029531137e-06, 2.3281063477e-06, 2.47592129199e-06, 2.21650043386e-06, 1.40520876357e-06, 1.81111238362e-06, 1.48621938934e-06, 1.33864034524e-06, 7.32721787244e-07, 4.86396857013e-07, 4.72991615652e-07, 8.95965968084e-07, 1.44750731579e-06, 1.34597473789e-06, 1.24450866679e-06, 7.39028337193e-07, 3.65108206779e-07, 3.85046320162e-07, 3.65315315776e-07, 5.30482566319e-07, 7.85896645539e-07, 1.00005752302e-06], "var": [2.10378493648e-06, 1.26761187857e-05, 7.31327736503e-06, 5.44020224424e-07, 4.87880924993e-06, 1.30305068069e-06, 1.95492084742e-08, 8.32776905213e-08, 1.45938884089e-06, 1.95642570588e-07, 2.92375146316e-09, 5.6104316748e-09, 1.14085163538e-09, 1.96677243935e-10, 4.18746903819e-09, 7.43666572767e-10, 3.34965749582e-10, 9.65109520079e-11, 1.83914411478e-10, 3.46032751064e-11, 4.40124880985e-11, 3.31753687022e-11, 1.15155281144e-10, 5.92776550068e-10, 4.25014606842e-10, 7.20244697217e-11, 2.49386188783e-11, 1.68587695887e-11, 5.44154912102e-12, 7.13438128019e-11, 1.61871557824e-10, 1.07931025228e-10, 1.5420414945e-10, 6.72817981884e-11, 3.83472116908e-12, 4.61110576805e-12, 3.37895531867e-12, 3.6278840175e-12, 1.47169967185e-11, 7.54159582006e-12], "dmean2": [0.000342997082043, 0.00122949387878, 0.00119317113422, 0.000338224723237, 0.000622874125838, 0.000341055594618, 3.59592995665e-05, 5.18261404068e-05, 0.000157887174282, 5.35766339453e-05, 9.63807724474e-06, 1.98220623133e-05, 8.74763645697e-06, 3.45216994901e-06, 8.07469587016e-06, 3.6066494431e-06, 6.05575678492e-06, 2.43134036282e-06, 3.57196745426e-06, 1.929674454e-06, 2.08724350159e-06, 2.06898539545e-06, 1.35339621465e-06, 1.94509993889e-06, 1.58024909069e-06, 1.28568967739e-06, 9.31725935516e-07, 6.8608261472e-07, 6.23735559202e-07, 1.3255853446e-06, 1.87073749203e-06, 1.62351466315e-06, 1.02850708572e-06, 7.74544844262e-07, 4.89895853661e-07, 4.95214806051e-07, 3.88542105156e-07, 4.41583921429e-07, 6.09305800481e-07, 6.9296129368e-07], "dvar": [3.48016385487e-07, 2.76879018202e-06, 2.53158805208e-06, 2.29818809316e-07, 7.98225130438e-07, 2.4523853881e-07, 3.04980574128e-09, 1.27702088903e-08, 2.5258842129e-07, 2.89471717707e-08, 8.7759000067e-10, 1.86241622124e-09, 3.05802522194e-10, 8.70351568594e-11, 1.37823652491e-09, 2.45170744817e-10, 1.67718228195e-10, 5.09459210929e-11, 6.56764989615e-11, 2.28044284845e-11, 2.81007474234e-11, 2.03606003585e-11, 5.71550827499e-11, 2.71125899509e-10, 1.88480397956e-10, 3.30423813311e-11, 2.75695039714e-11, 2.55157821955e-11, 4.81066879041e-12, 9.86199177877e-11, 1.11487034882e-10, 5.70620564688e-11, 3.73674806375e-11, 1.53510901907e-11, 2.13498901717e-12, 4.07739337085e-12, 1.94603729832e-12, 1.40622452918e-12, 8.00796061406e-12, 2.07746103306e-12], "min": [8.61998724099e-24, 2.01940850226e-23, 5.59465833781e-24, 4.56370548711e-24, 1.01299277559e-23, 1.54204115838e-23, 1.03686078779e-23, 1.50399124148e-23, 1.61326362298e-23, 5.64747296985e-24, 6.21640773773e-24, 8.67476731997e-24, 1.07133527153e-23, 1.01433817786e-23, 8.97214894858e-24, 8.51585917922e-24, 9.54697847958e-24, 6.75595704247e-24, 9.96839349717e-24, 1.35601986832e-23, 1.15290246361e-23, 6.94912541233e-24, 2.1331650847e-23, 1.21628002205e-23, 9.85955751352e-24, 9.15610578965e-24, 1.17010120907e-23, 1.02281085953e-23, 1.02623530472e-23, 1.10306759587e-23, 9.94044731074e-24, 1.17316198938e-23, 1.24002197429e-23, 9.41813540565e-24, 6.75664019601e-24, 1.02882048079e-23, 9.58844653078e-24, 7.01919361565e-24, 9.8413592813e-24, 1.3008685514e-23], "median": [0.000296241254546, 0.00284269265831, 0.00128312618472, 0.000340024154866, 0.000461841584183, 0.000229226599913, 3.45667212969e-05, 2.19710127567e-05, 4.92131148349e-05, 1.51472613652e-05, 2.17868409891e-06, 3.74674982595e-06, 2.11956012208e-06, 6.74760940456e-07, 1.18066498089e-06, 4.75714529102e-07, 1.29704721985e-06, 5.49332185074e-07, 1.0773392205e-06, 6.33372792436e-07, 5.84112456181e-07, 4.6510433549e-07, 2.1215595325e-07, 9.31568919782e-08, 9.3639769716e-08, 2.19178531324e-07, 1.08082360839e-07, 5.46019514047e-08, 3.6522418867e-08, 2.56288252842e-08, 2.01659737797e-08, 3.02583949008e-08, 3.40731496351e-08, 1.97225347165e-08, 9.55110834866e-09, 2.07994705903e-08, 2.93053261657e-08, 5.33908490752e-08, 5.86231649891e-08, 6.84377141624e-08], "max": [0.0215910300612, 0.0465570986271, 0.0399264767766, 0.0153253870085, 0.0209615845233, 0.0126141542569, 0.00176508363802, 0.00443418789655, 0.0197725463659, 0.00730529008433, 0.00213616644032, 0.00210369331762, 0.000494047533721, 0.000386536092265, 0.001966845477, 0.00123827240895, 0.000281725369859, 0.000430947897257, 0.000424947298598, 0.00010458676843, 0.000150840292918, 0.000209211182664, 0.000592693919316, 0.00100119691342, 0.0011082404526, 0.000397512922063, 0.000274133053608, 0.000379487988539, 6.83531034156e-05, 0.000689354143105, 0.000596196041442, 0.000278724532109, 0.000499739137013, 0.000382591941161, 5.76776656089e-05, 0.000139253897942, 8.04979572422e-05, 4.85001073685e-05, 0.000200047405087, 7.13180997991e-05]}, "barkbands_crest": {"dmean": 1.58106470108, "dvar2": 6.52028751373, "mean": 14.0390024185, "var": 21.8855133057, "dmean2": 2.44168162346, "dvar": 2.831635952, "min": 3.30903148651, "median": 13.1991195679, "max": 26.4892959595}, "mfcc": {"icov": [[0.000103618367575, 6.95896278557e-06, 1.93302821572e-05, 4.80639137095e-05, 0.000112040499516, 5.99834129389e-05, 2.62708144874e-05, -3.17245940096e-05, -0.000188285266631, 0.00011596497643, -0.000326472043525, 0.000248975789873, -0.000189033933566], [6.95896278557e-06, 0.000533630663995, 3.15535289701e-05, -4.30038562627e-05, -0.000573446392082, 0.000305765744997, 7.97827815404e-05, 0.000375329575036, 0.000104648788692, -0.000243836329901, 9.07938272121e-07, -0.000226664415095, -7.09458763595e-05], [1.93302821572e-05, 3.15535289701e-05, 0.00126506062225, -0.000175162713276, -0.000110716799099, -0.000589656236116, -0.000689105247147, 0.000645340012852, -0.00118344952352, 0.000826908799354, -0.000665922358166, 0.00037432150566, -0.000124846439576], [4.80639137095e-05, -4.30038562627e-05, -0.000175162713276, 0.00283184461296, -0.00100079900585, -0.000401095545385, 0.001335054636, -0.00146443629637, 0.000276017031865, -0.00153303530533, 0.0013174591586, -0.00173595384695, 0.000787831901107], [0.000112040499516, -0.000573446392082, -0.000110716799099, -0.00100079900585, 0.00525561114773, 0.000506536744069, -0.00138082110789, -0.00034214585321, -0.000691045715939, -0.000130193249788, 6.89777516527e-05, 0.00152864935808, -0.00209712143987], [5.99834129389e-05, 0.000305765744997, -0.000589656236116, -0.000401095545385, 0.000506536744069, 0.00452232174575, -0.0011995327659, -0.000223833412747, 0.00142318231519, -0.00118027126882, 0.000856208556797, -0.00104071502574, -0.000124730620882], [2.62708144874e-05, 7.97827815404e-05, -0.000689105247147, 0.001335054636, -0.00138082110789, -0.0011995327659, 0.00698155537248, -0.00212810211815, 0.000188488775166, 0.00112727645319, -0.00205571204424, 0.00279636727646, -0.00185082305688], [-3.17245940096e-05, 0.000375329575036, 0.000645340012852, -0.00146443629637, -0.00034214585321, -0.000223833412747, -0.00212810211815, 0.0110500529408, -0.00386737287045, 0.000478989706608, 0.0010023888899, -0.0027545564808, 0.000182893811143], [-0.000188285266631, 0.000104648788692, -0.00118344952352, 0.000276017031865, -0.000691045715939, 0.00142318231519, 0.000188488775166, -0.00386737287045, 0.0129405846819, -0.0039402176626, -0.000367825181456, -0.000400834251195, -0.000412092835177], [0.00011596497643, -0.000243836329901, 0.000826908799354, -0.00153303530533, -0.000130193249788, -0.00118027126882, 0.00112727645319, 0.000478989706608, -0.0039402176626, 0.0119066881016, -0.00551419984549, 0.0031436434947, -0.000972044130322], [-0.000326472043525, 9.07938272121e-07, -0.000665922358166, 0.0013174591586, 6.89777516527e-05, 0.000856208556797, -0.00205571204424, 0.0010023888899, -0.000367825181456, -0.00551419984549, 0.0144966384396, -0.00700475694612, 0.00293910945766], [0.000248975789873, -0.000226664415095, 0.00037432150566, -0.00173595384695, 0.00152864935808, -0.00104071502574, 0.00279636727646, -0.0027545564808, -0.000400834251195, 0.0031436434947, -0.00700475694612, 0.0143739245832, -0.00586755992845], [-0.000189033933566, -7.09458763595e-05, -0.000124846439576, 0.000787831901107, -0.00209712143987, -0.000124730620882, -0.00185082305688, 0.000182893811143, -0.000412092835177, -0.000972044130322, 0.00293910945766, -0.00586755992845, 0.0160917080939]], "mean": [-779.598632812, 167.597198486, 50.5184249878, 26.1852741241, 23.8918190002, -2.68591666222, -2.82593250275, -7.50213432312, 4.48225736618, -0.224942773581, -2.77626276016, -7.78253078461, -1.79827845097], "cov": [[12236.5556641, -504.074920654, 86.0104064941, -718.211791992, -299.304016113, -269.880645752, 152.381057739, -26.6406078339, 208.133773804, -19.0085964203, 298.41595459, -156.961166382, 46.5289993286], [-504.074920654, 2461.1875, -157.46206665, 174.996017456, 314.141571045, -196.053543091, -77.2561721802, -57.156703949, 4.46303749084, 81.9561462402, 6.57818889618, 31.6970405579, 41.7455673218], [86.0104064941, -157.46206665, 1092.8873291, -67.0291595459, 53.8780479431, 141.087692261, 190.035217285, -11.2350378036, 75.3746414185, -34.8900642395, 44.8448028564, -34.9867591858, 21.0516815186], [-718.211791992, 174.996017456, -67.0291595459, 626.902709961, 97.4939193726, 44.5606956482, -131.657669067, 90.2516860962, 24.9607620239, 80.6008987427, -24.9914340973, 101.370628357, 5.04012870789], [-299.304016113, 314.141571045, 53.8780479431, 97.4939193726, 290.327941895, -21.5481433868, 51.6756324768, 22.5954971313, 27.4391174316, 23.5425186157, -11.3591432571, -12.6935348511, 36.4410476685], [-269.880645752, -196.053543091, 141.087692261, 44.5606956482, -21.5481433868, 289.553161621, 52.1553840637, 17.8062095642, -16.6269721985, 4.9952507019, -5.50952386856, 18.7707252502, 7.83746385574], [152.381057739, -77.2561721802, 190.035217285, -131.657669067, 51.6756324768, 52.1553840637, 245.552444458, 16.5945396423, 13.9158811569, -24.0136947632, 18.2866802216, -47.0948143005, 22.9560527802], [-26.6406078339, -57.156703949, -11.2350378036, 90.2516860962, 22.5954971313, 17.8062095642, 16.5945396423, 131.813095093, 41.3400802612, 13.5329093933, 4.34189081192, 37.3347854614, 13.1191015244], [208.133773804, 4.46303749084, 75.3746414185, 24.9607620239, 27.4391174316, -16.6269721985, 13.9158811569, 41.3400802612, 115.934120178, 40.7768669128, 27.2350082397, 10.5721740723, 10.7179012299], [-19.0085964203, 81.9561462402, -34.8900642395, 80.6008987427, 23.5425186157, 4.9952507019, -24.0136947632, 13.5329093933, 40.7768669128, 131.242599487, 41.7533149719, 10.7279644012, 1.37005865574], [298.41595459, 6.57818889618, 44.8448028564, -24.9914340973, -11.3591432571, -5.50952386856, 18.2866802216, 4.34189081192, 27.2350082397, 41.7533149719, 117.496665955, 38.2704620361, 1.35075080395], [-156.961166382, 31.6970405579, -34.9867591858, 101.370628357, -12.6935348511, 18.7707252502, -47.0948143005, 37.3347854614, 10.5721740723, 10.7279644012, 38.2704620361, 133.061965942, 28.1591300964], [46.5289993286, 41.7455673218, 21.0516815186, 5.04012870789, 36.4410476685, 7.83746385574, 22.9560527802, 13.1191015244, 10.7179012299, 1.37005865574, 1.35075080395, 28.1591300964, 80.4703674316]]}, "spectral_decrease": {"dmean": 1.53020762728e-09, "dvar2": 1.68946892097e-17, "mean": -7.64471952408e-09, "var": 4.78561339838e-17, "dmean2": 2.27726970614e-09, "dvar": 7.34533654251e-18, "min": -6.95170498943e-08, "median": -6.35358166079e-09, "max": 6.06588033858e-16}, "zerocrossingrate": {"dmean": 0.00661404058337, "dvar2": 0.000180341172381, "mean": 0.0366451889277, "var": 0.00678071100265, "dmean2": 0.0081292251125, "dvar": 0.00014797890617, "min": 0.00341796875, "median": 0.02001953125, "max": 0.7548828125}, "spectral_contrast_coeffs": {"dmean": [0.0373998098075, 0.0372415408492, 0.0309850778431, 0.024195831269, 0.0171664785594, 0.0136728333309], "dvar2": [0.00274768075906, 0.00251962291077, 0.00170941033866, 0.00105721282307, 0.000627797970083, 0.000434119370766], "mean": [-0.561249256134, -0.64035487175, -0.787704944611, -0.790038406849, -0.811621069908, -0.814214408398], "var": [0.00811582431197, 0.00994999613613, 0.00436957227066, 0.00366570195183, 0.00264255632646, 0.00131201685872], "dmean2": [0.0613003782928, 0.0601897165179, 0.0508722513914, 0.0394435115159, 0.0277111697942, 0.0220251176506], "dvar": [0.00103523756843, 0.00100768078119, 0.00065253849607, 0.000429975800216, 0.000273228273727, 0.000195786880795], "min": [-0.973105788231, -0.959522724152, -0.96975338459, -0.956559598446, -0.956654071808, -0.963819503784], "median": [-0.563540101051, -0.642276287079, -0.793355822563, -0.790386915207, -0.812773704529, -0.819489777088], "max": [-0.286622077227, -0.337414413691, -0.514033734798, -0.55251455307, -0.598556518555, -0.582524418831]}, "spectral_skewness": {"dmean": 0.478252649307, "dvar2": 0.890514135361, "mean": 3.08962774277, "var": 2.57250380516, "dmean2": 0.758845508099, "dvar": 0.373726129532, "min": -0.261805176735, "median": 2.64331555367, "max": 10.3266057968}, "spectral_energyband_middle_high": {"dmean": 0.000238898399402, "dvar2": 1.18829905205e-06, "mean": 0.000649759429507, "var": 2.14909050555e-06, "dmean2": 0.000339577207342, "dvar": 5.76643230943e-07, "min": 1.63048537162e-21, "median": 0.000203055125894, "max": 0.0323773883283}, "gfcc": {"icov": [[0.000157197471708, -0.00026678739232, 0.00014245492639, -0.000203980191145, 0.000312679621857, -0.000397275463911, 0.000371381436707, -0.000393759575672, 0.000185772194527, -0.000217972730752, 0.00035407874384, -0.000360523117706, 0.000473261519801], [-0.00026678739232, 0.00120505550876, -0.000287500588456, 0.000520528061315, -0.000806670403108, 0.000979502918199, -0.000336502853315, 0.000902141910046, -0.000806411262602, 0.000855909776874, -0.0014080342371, 0.00213707587682, -0.00151149916928], [0.00014245492639, -0.000287500588456, 0.00114002439659, -0.000327283458319, 6.84914220983e-06, -0.000861989625264, -4.51567939308e-05, -0.000462926836917, 0.000653126102407, -0.000764046621043, 0.000688559841365, -0.000355305237463, 0.00027325755218], [-0.000203980191145, 0.000520528061315, -0.000327283458319, 0.00230008852668, -0.000438684772234, 0.000504587544128, -0.000692023371812, 0.000599034421612, -0.00121143751312, 0.000919473008253, -0.000141861761222, 0.000533349113539, -0.000462744210381], [0.000312679621857, -0.000806670403108, 6.84914220983e-06, -0.000438684772234, 0.00356865325011, -1.96467935893e-05, -0.000132939152536, -0.000621392275207, 1.45920184877e-05, 0.000277543149423, -0.000333178613801, -0.0011264354689, 0.000835295533761], [-0.000397275463911, 0.000979502918199, -0.000861989625264, 0.000504587544128, -1.96467935893e-05, 0.00523436442018, -0.00156910426449, -0.000103970342025, 0.00130870647263, -0.00129707099404, -0.00141715747304, 0.000462770753074, -0.00180306879338], [0.000371381436707, -0.000336502853315, -4.51567939308e-05, -0.000692023371812, -0.000132939152536, -0.00156910426449, 0.00705250399187, 0.000463018222945, -0.00225099315867, 0.000983648234978, -0.000308435031911, -0.000191686965991, 0.00230973167345], [-0.000393759575672, 0.000902141910046, -0.000462926836917, 0.000599034421612, -0.000621392275207, -0.000103970342025, 0.000463018222945, 0.00539823062718, -0.00161438004579, 0.000436174857896, -0.00145357148722, 0.00186026934534, -0.00203438755125], [0.000185772194527, -0.000806411262602, 0.000653126102407, -0.00121143751312, 1.45920184877e-05, 0.00130870647263, -0.00225099315867, -0.00161438004579, 0.00819473620504, -0.00251504289918, 0.000597530626692, -0.00041868671542, 0.00139667384792], [-0.000217972730752, 0.000855909776874, -0.000764046621043, 0.000919473008253, 0.000277543149423, -0.00129707099404, 0.000983648234978, 0.000436174857896, -0.00251504289918, 0.0113291721791, -0.00265268119983, -9.8931210232e-05, 0.000337465142366], [0.00035407874384, -0.0014080342371, 0.000688559841365, -0.000141861761222, -0.000333178613801, -0.00141715747304, -0.000308435031911, -0.00145357148722, 0.000597530626692, -0.00265268119983, 0.0135932248086, -0.0037416939158, -0.000912725867238], [-0.000360523117706, 0.00213707587682, -0.000355305237463, 0.000533349113539, -0.0011264354689, 0.000462770753074, -0.000191686965991, 0.00186026934534, -0.00041868671542, -9.8931210232e-05, -0.0037416939158, 0.0135713387281, -0.00455632200465], [0.000473261519801, -0.00151149916928, 0.00027325755218, -0.000462744210381, 0.000835295533761, -0.00180306879338, 0.00230973167345, -0.00203438755125, 0.00139667384792, 0.000337465142366, -0.000912725867238, -0.00455632200465, 0.0149418665096]], "mean": [-120.788383484, 132.653625488, -52.4382629395, 22.4426898956, -46.2349205017, 1.77226769924, -46.6377372742, 6.13047266006, -22.4186763763, 0.19715307653, -20.1520843506, -10.7038488388, -6.04347991943], "cov": [[21757.9511719, -172.484268188, -308.406890869, -14.5819940567, -1785.62365723, 1515.80505371, -1220.69482422, 1185.76574707, -656.041137695, 501.583435059, -184.799942017, 156.456954956, 17.8846626282], [-172.484268188, 2983.85522461, -343.866027832, -27.6476688385, 564.300231934, -658.002380371, 147.166290283, -230.850616455, 312.835571289, -253.327041626, 101.344551086, -334.086151123, 28.4044437408], [-308.406890869, -343.866027832, 1263.53845215, 21.5306358337, -29.9274482727, 312.045898438, 11.2150917053, 86.2093963623, -122.75957489, 106.701965332, -5.92813205719, 58.2805480957, 28.3495159149], [-14.5819940567, -27.6476688385, 21.5306358337, 576.953613281, 64.3011932373, -74.314239502, 91.7140045166, -38.9096946716, 104.048248291, -42.3066482544, -26.0956058502, -19.0391845703, -33.06798172], [-1785.62365723, 564.300231934, -29.9274482727, 64.3011932373, 552.416931152, -249.520492554, 147.078048706, -112.735244751, 130.740127563, -95.1403656006, 46.4057159424, -53.7748718262, -6.5324845314], [1515.80505371, -658.002380371, 312.045898438, -74.314239502, -249.520492554, 546.315856934, -95.4510040283, 163.384719849, -175.074508667, 139.283737183, 7.75118589401, 102.851455688, 39.3485298157], [-1220.69482422, 147.166290283, 11.2150917053, 91.7140045166, 147.078048706, -95.4510040283, 263.701202393, -91.6597595215, 113.455406189, -46.4596824646, 11.8224811554, -32.6926498413, -35.6001701355], [1185.76574707, -230.850616455, 86.2093963623, -38.9096946716, -112.735244751, 163.384719849, -91.6597595215, 308.18850708, -38.5380744934, 59.3175239563, 7.36572980881, 24.0099906921, 28.4905986786], [-656.041137695, 312.835571289, -122.75957489, 104.048248291, 130.740127563, -175.074508667, 113.455406189, -38.5380744934, 236.946609497, -29.6895751953, 7.93832111359, -51.0371818542, -29.8840026855], [501.583435059, -253.327041626, 106.701965332, -42.3066482544, -95.1403656006, 139.283737183, -46.4596824646, 59.3175239563, -29.6895751953, 144.556091309, 13.8310918808, 42.1424636841, 5.81569433212], [-184.799942017, 101.344551086, -5.92813205719, -26.0956058502, 46.4057159424, 7.75118589401, 11.8224811554, 7.36572980881, 7.93832111359, 13.8310918808, 101.07484436, 18.9577789307, 23.8225440979], [156.456954956, -334.086151123, 58.2805480957, -19.0391845703, -53.7748718262, 102.851455688, -32.6926498413, 24.0099906921, -51.0371818542, 42.1424636841, 18.9577789307, 134.839370728, 29.4278297424], [17.8846626282, 28.4044437408, 28.3495159149, -33.06798172, -6.5324845314, 39.3485298157, -35.6001701355, 28.4905986786, -29.8840026855, 5.81569433212, 23.8225440979, 29.4278297424, 95.2768936157]]}, "erbbands_spread": {"dmean": 7.58213329315, "dvar2": 412.552520752, "mean": 28.1548976898, "var": 535.43182373, "dmean2": 11.2064676285, "dvar": 194.119262695, "min": 1.15245354176, "median": 21.9647865295, "max": 169.21333313}, "erbbands_kurtosis": {"dmean": 2.59869837761, "dvar2": 35.4550437927, "mean": 7.41778421402, "var": 84.7944488525, "dmean2": 3.82843923569, "dvar": 16.8582801819, "min": -1.86700677872, "median": 4.95931148529, "max": 116.550971985}, "dynamic_complexity": 5.26081085205, "erbbands_crest": {"dmean": 2.03420448303, "dvar2": 9.60562610626, "mean": 12.5633773804, "var": 21.8729782104, "dmean2": 3.02824664116, "dvar": 4.3509850502, "min": 2.66433572769, "median": 11.8691940308, "max": 29.0282287598}, "erbbands": {"dmean": [0.0128875263035, 0.299960702658, 1.79107367992, 4.70911550522, 4.01658582687, 3.10414481163, 16.9041957855, 8.69896507263, 1.60079693794, 3.4856030941, 14.166759491, 9.61880683899, 1.37757956982, 3.34233593941, 1.09562897682, 1.42081212997, 1.35231769085, 1.86293566227, 1.02069675922, 1.28164601326, 1.12083506584, 1.13421070576, 1.15719079971, 1.17974686623, 0.920897006989, 0.649823188782, 0.80078959465, 1.82624745369, 1.5984159708, 0.980486214161, 0.554455339909, 0.421296238899, 0.437251210213, 0.472676962614, 0.289847671986, 0.0890617147088, 0.028535541147, 0.00664624804631, 0.000727648439351, 3.37656529155e-05], "dvar2": [0.00427843909711, 1.63146018982, 42.014339447, 260.691162109, 139.076812744, 165.584060669, 2138.44970703, 966.419799805, 31.0585708618, 153.953552246, 3096.3215332, 1161.5970459, 62.1150588989, 288.263031006, 33.8944282532, 115.686416626, 148.710449219, 98.6504974365, 38.284614563, 40.6180419922, 44.0464515686, 39.2319335938, 323.124786377, 558.64263916, 112.726722717, 188.242050171, 102.565917969, 569.207275391, 279.006530762, 101.001647949, 14.7838602066, 8.83666706085, 8.59045219421, 8.72957611084, 1.26981556416, 0.167902186513, 0.019597183913, 0.00152416247874, 2.74720441666e-05, 5.23444683154e-08], "mean": [0.0622430443764, 1.81975543499, 7.31910657883, 12.4552965164, 10.7391958237, 8.54510879517, 48.7879714966, 24.156167984, 5.71261644363, 11.1069869995, 38.5574226379, 25.54596138, 3.57129144669, 6.91235160828, 2.60469818115, 2.83954739571, 2.99611163139, 3.53236150742, 2.12286663055, 2.64866662025, 2.21930289268, 2.05350089073, 1.82978153229, 1.89340627193, 1.48272645473, 0.8225248456, 0.971737205982, 2.21598172188, 2.33415222168, 1.65713953972, 0.702864408493, 0.62427264452, 0.891017735004, 1.09268462658, 0.66647028923, 0.134390249848, 0.03578049317, 0.00632168026641, 0.000565171649214, 5.52582387172e-05], "var": [0.0065231109038, 4.25951147079, 76.4615325928, 274.974578857, 167.154525757, 178.055038452, 6703.13818359, 1554.36694336, 87.0584411621, 631.960998535, 12295.4023438, 6730.66699219, 100.378578186, 335.613189697, 41.5845222473, 188.751342773, 227.999176025, 85.3733673096, 37.032409668, 43.2023887634, 30.7660160065, 33.8192405701, 370.254058838, 586.475646973, 94.1490325928, 44.5304527283, 34.571723938, 319.624572754, 290.143676758, 296.358276367, 14.2681751251, 8.11971092224, 10.6602172852, 11.6432065964, 2.12921595573, 0.124140672386, 0.00913832616061, 0.000471592851682, 6.94890013619e-06, 1.46405056967e-08], "dmean2": [0.022157965228, 0.510937273502, 2.90994715691, 7.30167579651, 6.55889558792, 4.40828371048, 22.1502838135, 13.083656311, 2.4133708477, 4.68266439438, 15.4408864975, 9.937458992, 1.96842908859, 4.9883055687, 1.64301097393, 2.06759095192, 1.93923342228, 2.88549304008, 1.56719338894, 1.9459862709, 1.73828411102, 1.78888821602, 1.71077013016, 1.8928822279, 1.47202146053, 1.05899453163, 1.26274418831, 2.82037782669, 2.43121242523, 1.43788075447, 0.860756695271, 0.639409840107, 0.657729685307, 0.721284210682, 0.451340645552, 0.139180138707, 0.0458921827376, 0.0111174220219, 0.00126998068299, 5.71750024392e-05], "dvar": [0.00159279815853, 0.636604130268, 17.1022033691, 110.179855347, 53.7841491699, 70.0997543335, 1039.11730957, 342.053131104, 13.8600006104, 89.3394012451, 2170.81616211, 1019.31799316, 28.4251689911, 114.42993927, 13.3658885956, 63.3146896362, 70.3305587769, 40.5077781677, 17.2001838684, 18.3028774261, 18.5218868256, 16.9624462128, 138.223388672, 226.676574707, 46.7852058411, 65.4871902466, 38.0481681824, 244.104934692, 126.941841125, 53.4683418274, 6.33149909973, 4.12206888199, 3.78300380707, 3.88072347641, 0.546770632267, 0.0740000233054, 0.0080082770437, 0.000596169033088, 1.02673502624e-05, 1.96273628461e-08], "min": [7.82524723943e-22, 8.64650036376e-21, 4.72091459565e-20, 2.10454974984e-20, 6.53760387674e-20, 9.39136277288e-20, 2.97804717757e-19, 6.90049007942e-19, 7.38993077991e-19, 1.18909891052e-18, 1.97757687958e-18, 1.02495494752e-18, 1.27685243375e-18, 2.21432155436e-18, 2.90855046104e-18, 4.34715837377e-18, 4.28715551931e-18, 4.90845335894e-18, 4.71053592173e-18, 7.49723171839e-18, 1.13477516796e-17, 1.02722349035e-17, 1.77929841939e-17, 1.26159717598e-17, 1.39249619181e-17, 1.6118491047e-17, 1.70857629681e-17, 1.7470401953e-17, 2.16863380487e-17, 1.85231530642e-17, 1.33268524326e-17, 1.64188088946e-17, 1.15999540852e-17, 1.44461452611e-17, 1.01889940641e-17, 6.42149698025e-18, 3.70895213523e-18, 1.14788401611e-18, 2.91638293086e-19, 3.44849755604e-20], "median": [0.0168371386826, 0.963697493076, 4.52861881256, 6.47444009781, 6.08491706848, 4.01495170593, 14.7964010239, 8.97621917725, 2.61416435242, 2.59345436096, 5.48356771469, 3.00256586075, 0.761366486549, 0.98370295763, 0.547411561012, 0.41925495863, 0.371890246868, 0.692674040794, 0.531420052052, 0.704393148422, 0.61776381731, 0.472892284393, 0.187508806586, 0.15082462132, 0.268474459648, 0.114732645452, 0.063369601965, 0.04293487221, 0.0607199072838, 0.0479110255837, 0.0267599262297, 0.0515122711658, 0.0843481421471, 0.0819542631507, 0.0463813841343, 0.00851846672595, 0.00166580954101, 0.000174796892679, 2.22043563554e-05, 3.20475082844e-05], "max": [1.28979361057, 28.3198223114, 115.179740906, 266.672332764, 173.911102295, 241.004302979, 808.620117188, 443.953765869, 132.978729248, 371.562713623, 1788.25537109, 1357.81140137, 347.398040771, 389.524810791, 183.5284729, 416.428527832, 601.809082031, 185.606536865, 227.383346558, 154.760238647, 121.553863525, 257.01675415, 896.937255859, 1246.57836914, 404.196594238, 612.50958252, 382.183227539, 705.608703613, 447.49810791, 748.066162109, 106.132591248, 92.2478790283, 118.575813293, 128.035888672, 20.4793643951, 9.75225162506, 1.26774191856, 0.327161192894, 0.0533213168383, 0.00292112771422]}, "silence_rate_30dB": {"dmean": 0.00920480675995, "dvar2": 0.020969254896, "mean": 0.977160394192, "var": 0.0223172474653, "dmean2": 0.0184111837298, "dvar": 0.00911948923022, "min": 0, "median": 1, "max": 1}, "silence_rate_60dB": {"dmean": 0.0177277754992, "dvar2": 0.037095900625, "mean": 0.117606952786, "var": 0.103784628212, "dmean2": 0.0354585759342, "dvar": 0.0174162015319, "min": 0, "median": 0, "max": 1}, "spectral_energyband_middle_low": {"dmean": 0.00411542877555, "dvar2": 0.000119389595056, "mean": 0.0158129371703, "var": 0.000349812384229, "dmean2": 0.0058578774333, "dvar": 5.30328943569e-05, "min": 3.15841655365e-22, "median": 0.00958723761141, "max": 0.195355504751}, "spectral_spread": {"dmean": 751943.6875, "dvar2": 2015537528830.0, "mean": 5081945, "var": 10310782025700.0, "dmean2": 1077621, "dvar": 1181518528510.0, "min": 565681.0625, "median": 4466881.5, "max": 40256352}, "barkbands": {"dmean": [5.39064467375e-06, 0.00101909576915, 0.00194149150047, 0.00177910283674, 0.00100593396928, 0.00189115596004, 0.000145494399476, 0.000299475213978, 0.00063768576365, 5.10104400746e-05, 7.28426093701e-05, 3.92184447264e-05, 2.44946822932e-05, 3.48207213392e-05, 2.59979860857e-05, 1.86344386748e-05, 1.85996723303e-05, 2.34255039686e-05, 2.01747207029e-05, 1.39100757224e-05, 3.49521360477e-05, 4.20900978497e-05, 2.16340467887e-05, 2.20629372052e-05, 3.91875946661e-05, 1.705649629e-05, 4.13460202253e-06], "dvar2": [1.17909637609e-08, 2.10742909985e-05, 4.65772354801e-05, 3.60615631507e-05, 1.13030600914e-05, 3.32144154527e-05, 2.37339875753e-07, 1.7245017716e-06, 5.1043334679e-06, 1.31592670982e-07, 1.27647069803e-07, 9.19456013548e-08, 5.44552456461e-08, 3.36146257