{"tonal": {"chords_key": "F", "hpcp_entropy": {"dmean": 0.414148062468, "dmean2": 0.699664413929, "max": 3.97378945351, "dvar": 0.147111490369, "mean": 1.6416721344, "dvar2": 0.399683117867, "min": 0, "var": 0.332466006279, "median": 1.6350594759}, "key_key": "F", "chords_strength": {"dmean": 0.00494514452294, "dmean2": 0.00435417285189, "max": 0.763182342052, "dvar": 1.97116714844e-05, "mean": 0.544660866261, "dvar2": 1.66209683812e-05, "min": 0.229989260435, "var": 0.0096795456484, "median": 0.557615041733}, "key_scale": "major", "chords_number_rate": 0.000860955682583, "thpcp": [1, 0.524181902409, 0.0709162726998, 0.0269612167031, 0.0401065684855, 0.196153640747, 0.368477165699, 0.270619064569, 0.0975133925676, 0.0462698973715, 0.0523867979646, 0.343423783779, 0.678881168365, 0.50064176321, 0.355646252632, 0.389390349388, 0.196432739496, 0.0567057579756, 0.0432324148715, 0.0783009380102, 0.482421606779, 0.788493990898, 0.396707683802, 0.046205420047, 0.0290013626218, 0.0402839258313, 0.101656846702, 0.14327301085, 0.0938027054071, 0.0420421622694, 0.0259883664548, 0.0591611750424, 0.178092733026, 0.205875217915, 0.200041562319, 0.653322458267], "key_strength": 0.859891533852, "tuning_nontempered_energy_ratio": 0.996719062328, "tuning_frequency": 434.193115234, "chords_changes_rate": 0.0190845169127, "tuning_diatonic_strength": 0.650802612305, "chords_scale": "major", "chords_histogram": [69.5795669556, 6.01234054565, 14.1196727753, 0, 0.545271933079, 0, 0, 0, 0, 0, 0, 0, 0, 0, 0, 1.10489308834, 0, 2.36762809753, 0.0717463046312, 0.459176361561, 0, 0.272635966539, 5.16573381424, 0.30133447051], "tuning_equal_tempered_deviation": 0.307236552238, "hpcp": {"dmean": [0.104646116495, 0.150465026498, 0.146648526192, 0.0994839817286, 0.0703892558813, 0.0724368393421, 0.0337857045233, 0.0222661793232, 0.0438712202013, 0.108780600131, 0.123863734305, 0.101139090955, 0.025682490319, 0.0165023077279, 0.0197857506573, 0.0306223202497, 0.0359596498311, 0.0309627670795, 0.0210072044283, 0.015234653838, 0.0280228555202, 0.0576435104012, 0.0694289654493, 0.0747277662158, 0.143823280931, 0.136403560638, 0.12877266109, 0.0379338413477, 0.0163704510778, 0.0237250570208, 0.0558850616217, 0.0735333934426, 0.0699537098408, 0.0436468161643, 0.0282964892685, 0.0328018516302], "dmean2": [0.167962789536, 0.236674189568, 0.244700282812, 0.176205843687, 0.123422920704, 0.128889814019, 0.0611708685756, 0.039163172245, 0.0806769579649, 0.181036651134, 0.196416899562, 0.170602753758, 0.0461126752198, 0.0293949171901, 0.034672871232, 0.0500964857638, 0.0567063242197, 0.0509729497135, 0.037031788379, 0.0275401324034, 0.0487456396222, 0.0936680808663, 0.114365532994, 0.129889458418, 0.24005459249, 0.223131582141, 0.204219654202, 0.0676937997341, 0.030211372301, 0.042176797986, 0.0911754444242, 0.121418014169, 0.115841843188, 0.0763374269009, 0.0515425615013, 0.0602643974125], "max": [1, 1, 1, 1, 1, 1, 1, 1, 1, 1, 1, 1, 1, 1, 1, 1, 1, 1, 1, 1, 1, 1, 1, 1, 1, 1, 1, 1, 1, 1, 1, 1, 1, 1, 1, 1], "dvar": [0.0197208151221, 0.0332887731493, 0.0326265320182, 0.030148524791, 0.0244570411742, 0.0249826852232, 0.0106339156628, 0.00615660473704, 0.0116471908987, 0.0224606599659, 0.0270700342953, 0.0200959667563, 0.00732778478414, 0.00542248692364, 0.00672612385824, 0.00792923383415, 0.00790600012988, 0.00739106396213, 0.00546129094437, 0.00451890239492, 0.00791605468839, 0.016456194222, 0.0194945354015, 0.0148821249604, 0.0314941629767, 0.0390002392232, 0.0261750016361, 0.00909109227359, 0.00444566318765, 0.0063975835219, 0.0156991034746, 0.0213538985699, 0.0184384733438, 0.0133964298293, 0.009476413019, 0.0101907206699], "mean": [0.165331199765, 0.326827228069, 0.241019129753, 0.171215355396, 0.187460452318, 0.0945667251945, 0.0272993072867, 0.0208129659295, 0.0376956649125, 0.232247591019, 0.379597067833, 0.19098316133, 0.0222442299128, 0.0139618469402, 0.0193935018033, 0.0489396750927, 0.0689745470881, 0.0451585315168, 0.0202399529517, 0.0125113287941, 0.0284813940525, 0.0857374668121, 0.0991125255823, 0.0963040813804, 0.314522743225, 0.481420367956, 0.252351850271, 0.0341405384243, 0.0129796788096, 0.0193081181496, 0.094432361424, 0.177392408252, 0.13028152287, 0.0469449348748, 0.0222752708942, 0.0252200718969], "dvar2": [0.0529418513179, 0.0761962011456, 0.0919988974929, 0.0868797972798, 0.0675306171179, 0.0720614045858, 0.030791927129, 0.0162688978016, 0.0355266444385, 0.068161085248, 0.0626967772841, 0.0593405626714, 0.020450104028, 0.0141661204398, 0.0179170407355, 0.0200028251857, 0.0179510712624, 0.0186011958867, 0.0150615209714, 0.0126396948472, 0.0220203753561, 0.0393535494804, 0.0480819866061, 0.0408686883748, 0.0846900269389, 0.0882546082139, 0.0634076297283, 0.0240241978317, 0.0127827785909, 0.0172210149467, 0.0381868854165, 0.052158523351, 0.0442153885961, 0.0340111143887, 0.0263212732971, 0.0280884113163], "min": [0, 0, 0, 0, 0, 0, 0, 0, 0, 0, 0, 0, 0, 0, 0, 0, 0, 0, 0, 0, 0, 0, 0, 0, 0, 0, 0, 0, 0, 0, 0, 0, 0, 0, 0, 0], "var": [0.0381848737597, 0.103369258344, 0.065542794764, 0.0837489515543, 0.115031056106, 0.0419652126729, 0.00762613397092, 0.00566435744986, 0.0100313313305, 0.0591770298779, 0.117228165269, 0.0405620373785, 0.00731591042131, 0.00532746128738, 0.00746379233897, 0.0181634016335, 0.0246036518365, 0.0128326555714, 0.00500272866338, 0.0030838327948, 0.00755486171693, 0.0344101041555, 0.0361330509186, 0.0202094409615, 0.0933216661215, 0.16407468915, 0.0636234804988, 0.00943785440177, 0.00301880482584, 0.00502791022882, 0.0349803715944, 0.0886953696609, 0.0522601827979, 0.0191283933818, 0.00771281775087, 0.00850242003798], "median": [0.0879556164145, 0.196802318096, 0.140631347895, 0.0203358586878, 0.00519908685237, 0.00368743902072, 0.00350941019133, 0.00171314855106, 0.00590046262369, 0.135441109538, 0.239532276988, 0.111424684525, 0.00219029793516, 0.000791213999037, 0.00123894866556, 0.00770405866206, 0.0137565480545, 0.01081559062, 0.00300677074119, 0.00171472097281, 0.00171447987668, 0.0143236266449, 0.0248106084764, 0.0412904284894, 0.206627964973, 0.378727316856, 0.178049311042, 0.00654352130368, 0.00140105141327, 0.00179103075061, 0.0115919690579, 0.0298405513167, 0.0249940827489, 0.00583509542048, 0.00164630392101, 0.00251889205538]}}, "lowlevel": {"melbands_flatness_db": {"dmean": 0.0185851510614, "dmean2": 0.0288708843291, "max": 0.642052292824, "dvar": 0.000412908993894, "mean": 0.322665184736, "dvar2": 0.000862251210492, "min": 0.00433051306754, "var": 0.00378815154545, "median": 0.326275676489}, "melbands_crest": {"dmean": 2.68208909035, "dmean2": 4.39282894135, "max": 35.209022522, "dvar": 5.92651987076, "mean": 15.3029518127, "dvar2": 15.9775619507, "min": 1.67748272419, "var": 23.8525409698, "median": 14.6774692535}, "spectral_entropy": {"dmean": 0.164725229144, "dmean2": 0.252225726843, "max": 9.81077766418, "dvar": 0.0368585847318, "mean": 6.55429458618, "dvar2": 0.0762896537781, "min": 3.52231955528, "var": 0.273773014545, "median": 6.47772979736}, "melbands": {"dmean": [0.00111109681893, 0.000493768078741, 0.000415423535742, 0.000614078366198, 0.000216841202928, 0.000342906656442, 0.000277276441921, 0.000138126779348, 4.58362192148e-05, 3.38046374964e-05, 2.21274476644e-05, 1.92002935364e-05, 9.5713603514e-06, 5.05105572302e-06, 4.85754026158e-06, 3.61660772796e-06, 2.06648473977e-06, 2.45599471782e-06, 1.47497792113e-06, 1.00745887721e-06, 5.55068822905e-07, 2.93907987725e-07, 3.24818159925e-07, 1.7186265211e-07, 1.21033167488e-07, 1.96918406914e-07, 3.36623031671e-07, 3.66454543155e-07, 5.11910911882e-07, 4.48792917496e-07, 3.80760781127e-07, 2.64669239414e-07, 2.78752509075e-07, 3.09934932829e-07, 2.90029419148e-07, 2.37099953893e-07, 1.50276179056e-07, 1.67125520534e-07, 1.48031432445e-07, 1.38137593808e-07], "dmean2": [0.00186641921755, 0.000845809467137, 0.000703481957316, 0.000990266678855, 0.000337984383805, 0.000512200931553, 0.000410357286455, 0.0001941620867, 6.59000215819e-05, 5.07447584823e-05, 3.25381624862e-05, 2.91487740469e-05, 1.51052945512e-05, 7.79790389061e-06, 7.88963006926e-06, 5.85296584177e-06, 3.5078539895e-06, 3.82141433874e-06, 2.32178240367e-06, 1.49175070874e-06, 8.12094981484e-07, 4.68715114721e-07, 5.37494372566e-07, 2.77293594309e-07, 1.90306707282e-07, 3.06449749132e-07, 5.22322295637e-07, 5.34318701284e-07, 7.3395739264e-07, 6.53464155675e-07, 5.88150271597e-07, 3.88230716908e-07, 4.10803750128e-07, 4.90086733862e-07, 4.39894790816e-07, 3.42836386835e-07, 2.11761630453e-07, 2.46876453502e-07, 2.1531414518e-07, 2.06331321806e-07], "max": [0.113040357828, 0.058021645993, 0.0240404419601, 0.0353635363281, 0.0142762418836, 0.0164072681218, 0.0166232120246, 0.0120527362451, 0.00780472857878, 0.00456194160506, 0.00353250815533, 0.00137320987415, 0.000595854362473, 0.000536338775419, 0.000295956706395, 0.00018345261924, 0.000138353338116, 0.00025179219665, 0.000105517254269, 9.71047920757e-05, 6.43188250251e-05, 3.16914192808e-05, 2.57939063886e-05, 1.90583705262e-05, 3.24761567754e-05, 7.43581040297e-05, 0.000144235149492, 0.000228586839512, 0.000443557917606, 0.000208555793506, 8.90435330803e-05, 8.31622019177e-05, 0.000153306726133, 0.000124679281726, 5.69690237171e-05, 8.00615453045e-05, 7.2460337833e-05, 7.2763148637e-05, 4.28644561907e-05, 2.68863623205e-05], "dvar": [1.82998192031e-05, 3.60281637768e-06, 7.9393072383e-07, 2.3115762815e-06, 2.36965021827e-07, 4.67342346155e-07, 4.178831432e-07, 8.09737059626e-08, 2.4036317825e-08, 9.47973610721e-09, 4.73506878151e-09, 1.72931025055e-09, 4.1575456966e-10, 1.18428239437e-10, 1.03172935473e-10, 5.39372123354e-11, 3.21151508165e-11, 3.35108364669e-11, 1.0657303165e-11, 6.84693621245e-12, 2.20904956653e-12, 8.0537437613e-13, 6.73924403696e-13, 2.77727737726e-13, 3.77613522048e-13, 1.36976562905e-12, 5.11627155572e-12, 1.13119721923e-11, 2.86462069343e-11, 1.42646961951e-11, 6.27843567066e-12, 2.8635021871e-12, 3.81763023971e-12, 3.99862825143e-12, 3.73805934123e-12, 2.33024320326e-12, 8.57958181496e-13, 9.84453187372e-13, 7.26329478333e-13, 6.27272593676e-13], "mean": [0.00246378732845, 0.0017607944319, 0.000946166750509, 0.0013426321093, 0.000551890290808, 0.000784632284194, 0.000660656252876, 0.000406148988986, 0.000122115059639, 7.31434120098e-05, 4.84262673126e-05, 3.40607330145e-05, 1.81313334906e-05, 1.09499751488e-05, 9.44100702327e-06, 6.26961082162e-06, 3.33761113325e-06, 4.428961347e-06, 3.00286183119e-06, 2.05511241802e-06, 1.2374915741e-06, 6.34971172531e-07, 6.06626542776e-07, 3.76131509938e-07, 2.12497880625e-07, 3.47394404798e-07, 5.39919369658e-07, 5.77516686917e-07, 7.77695447596e-07, 7.23764344457e-07, 5.57965449843e-07, 4.08941758678e-07, 4.57782846297e-07, 5.02273621805e-07, 4.29412438052e-07, 3.96031083483e-07, 2.91136075248e-07, 3.31290266331e-07, 2.84926898075e-07, 2.34067186966e-07], "dvar2": [4.72095271107e-05, 1.00986799225e-05, 2.24542691285e-06, 6.10608822171e-06, 6.11364555425e-07, 1.14748968372e-06, 1.11023200589e-06, 1.91347439227e-07, 6.24504821189e-08, 2.37824426819e-08, 1.17657918963e-08, 4.04512601193e-09, 1.00362651523e-09, 2.89135659859e-10, 2.73768063774e-10, 1.41270536935e-10, 8.84806602985e-11, 8.04210517624e-11, 2.67285724803e-11, 1.58498093122e-11, 4.71048113709e-12, 1.92568877511e-12, 1.65618690637e-12, 6.66182332822e-13, 9.31864286256e-13, 3.01435178901e-12, 1.09688534297e-11, 2.26062727565e-11, 5.18445113229e-11, 3.07918551767e-11, 1.4826952166e-11, 5.86907605848e-12, 7.36592557782e-12, 9.81432209807e-12, 8.59688101956e-12, 4.44029752203e-12, 1.32182426896e-12, 1.77831328222e-12, 1.37995723789e-12, 1.37108878938e-12], "min": [4.41072563607e-24, 8.88308103035e-24, 3.51826599474e-24, 6.13265595315e-24, 4.26808262389e-24, 1.9294129625e-24, 9.5446836832e-24, 6.85192591589e-24, 5.56670702379e-24, 1.69951444003e-24, 3.54898344953e-24, 8.25068674138e-24, 5.1166287452e-24, 4.9462312398e-24, 7.40675782294e-24, 6.86214560892e-24, 7.5806259219e-24, 1.08438011212e-23, 1.68306897785e-23, 1.08537462906e-23, 9.03892681306e-24, 9.61189463233e-24, 6.13492116724e-24, 9.89976969816e-24, 1.22458909397e-23, 9.22593417926e-24, 9.39106248824e-24, 8.8636403422e-24, 7.40437388529e-24, 1.09166918688e-23, 8.37254997401e-24, 1.03798160137e-23, 1.05564474924e-23, 1.36010159242e-23, 9.01893865545e-24, 7.99002816563e-24, 1.02709839743e-23, 1.05292467795e-23, 9.76492970364e-24, 1.09872799315e-23], "var": [3.01093950839e-05, 1.15759439723e-05, 2.06349568543e-06, 7.22249797036e-06, 9.10776520868e-07, 1.36244455007e-06, 1.12071029434e-06, 3.80346534712e-07, 5.82646144665e-08, 2.41970727899e-08, 1.16168799025e-08, 3.95788513075e-09, 1.20609799925e-09, 4.36560870787e-10, 2.43731035354e-10, 1.09470002507e-10, 4.72816820418e-11, 9.53202725085e-11, 2.79039326367e-11, 1.97441611671e-11, 7.59176228826e-12, 1.6320766353e-12, 1.3209224296e-12, 5.69904963065e-13, 4.85662508473e-13, 2.03587580822e-12, 9.85603699349e-12, 2.45319042858e-11, 6.44939657235e-11, 3.12880207853e-11, 1.09998034986e-11, 6.42243333168e-12, 7.88733141299e-12, 5.93383588793e-12, 5.67302585117e-12, 5.39552213671e-12, 2.38023164546e-12, 2.48710535673e-12, 1.79649947262e-12, 1.14561853927e-12], "median": [0.000297727005091, 0.00030824681744, 0.000398036965635, 0.000268315256108, 0.000205233081942, 0.000379041593987, 0.000315868121106, 0.000186355813639, 5.04422423546e-05, 2.47624338954e-05, 1.36630133056e-05, 1.15033508337e-05, 5.95298024564e-06, 4.04599268222e-06, 3.55249312634e-06, 2.60276897279e-06, 1.12448219625e-06, 1.17948047773e-06, 1.01789987639e-06, 6.18294620836e-07, 3.79808227535e-07, 2.43417844104e-07, 2.53385792348e-07, 1.40512554481e-07, 5.98840443899e-08, 1.22306715866e-07, 1.33294392413e-07, 5.57779102905e-08, 4.13247605024e-08, 5.32336699166e-08, 5.28093266894e-08, 3.26956381969e-08, 5.03189525602e-08, 7.37594660905e-08, 3.66075703084e-08, 5.41204272508e-08, 5.79273873313e-08, 7.43598604913e-08, 5.01067844993e-08, 3.21346860233e-08]}, "silence_rate_60dB": {"dmean": 0.0317186936736, "dmean2": 0.063441939652, "max": 1, "dvar": 0.0307135432959, "mean": 0.130453497171, "dvar2": 0.0665966421366, "min": 0, "var": 0.113409757614, "median": 0}, "spectral_energyband_middle_high": {"dmean": 0.000234009261476, "dmean2": 0.000350169517333, "max": 0.0184842757881, "dvar": 2.47975265211e-07, "mean": 0.000729985069484, "dvar2": 6.06792355029e-07, "min": 1.61875620903e-21, "var": 1.06339541617e-06, "median": 0.000323856482282}, "erbbands_skewness": {"dmean": 0.39572712779, "dmean2": 0.604178011417, "max": 5.98473548889, "dvar": 0.15152220428, "mean": 1.84212267399, "dvar2": 0.344656556845, "min": -3.0294315815, "var": 0.986980736256, "median": 1.77283036709}, "dynamic_complexity": 4.46033906937, "dissonance": {"dmean": 0.0307775102556, "dmean2": 0.0515788383782, "max": 0.500000178814, "dvar": 0.000753958534915, "mean": 0.414297223091, "dvar2": 0.00210031587631, "min": 0.175215393305, "var": 0.00209591025487, "median": 0.417958855629}, "spectral_skewness": {"dmean": 0.367662191391, "dmean2": 0.598783612251, "max": 8.9059047699, "dvar": 0.183980405331, "mean": 3.05267429352, "dvar2": 0.460197925568, "min": -0.00200734566897, "var": 1.26295685768, "median": 2.96606826782}, "spectral_kurtosis": {"dmean": 4.46884012222, "dmean2": 7.57188224792, "max": 113.804878235, "dvar": 41.3334770203, "mean": 15.0145921707, "dvar2": 111.779273987, "min": -1.20809662342, "var": 169.500747681, "median": 11.3720760345}, "gfcc": {"cov": [[7070.60400391, -189.279174805, 125.0050354, 644.340148926, 70.4993286133, 537.87713623, -358.027893066, 286.295593262, 62.0922355652, -40.5179252625, -91.0463485718, -30.4593582153, 182.295852661], [-189.279174805, 1312.33740234, -154.38885498, -356.168060303, 471.805236816, -112.770385742, 235.725494385, -44.7071609497, 244.201934814, -86.5012741089, 184.254089355, -19.159040451, 71.729347229], [125.0050354, -154.38885498, 344.836730957, 63.5199050903, -53.6895713806, 69.282699585, 17.1452045441, 33.8033981323, -15.0651531219, 39.4015846252, -16.7028999329, 39.97082901, 3.3321917057], [644.340148926, -356.168060303, 63.5199050903, 421.349975586, -33.4875679016, 97.5261306763, -48.124420166, 75.4993286133, -15.4954996109, 19.5658454895, -7.56664896011, -18.0418586731, 3.14128994942], [70.4993286133, 471.805236816, -53.6895713806, -33.4875679016, 470.32232666, -3.14403247833, 138.850967407, 56.8479995728, 113.030021667, 24.677614212, 73.123664856, 28.687997818, -13.523982048], [537.87713623, -112.770385742, 69.282699585, 97.5261306763, -3.14403247833, 178.045761108, -16.4044837952, 61.0352897644, 6.97360420227, 20.0119190216, -1.06059324741, -1.39308536053, 22.9727535248], [-358.027893066, 235.725494385, 17.1452045441, -48.124420166, 138.850967407, -16.4044837952, 203.837692261, 24.2388858795, 68.4968490601, 53.9769744873, 61.0844192505, 13.7595376968, 6.53022146225], [286.295593262, -44.7071609497, 33.8033981323, 75.4993286133, 56.8479995728, 61.0352897644, 24.2388858795, 122.480484009, 47.9751434326, 39.7109336853, 16.5584487915, -2.16863656044, 4.01358795166], [62.0922355652, 244.201934814, -15.0651531219, -15.4954996109, 113.030021667, 6.97360420227, 68.4968490601, 47.9751434326, 151.899475098, 22.2218074799, 62.1866607666, 3.76050448418, 21.7325153351], [-40.5179252625, -86.5012741089, 39.4015846252, 19.5658454895, 24.677614212, 20.0119190216, 53.9769744873, 39.7109336853, 22.2218074799, 131.597518921, 24.3368206024, 20.8715496063, 0.159516617656], [-91.0463485718, 184.254089355, -16.7028999329, -7.56664896011, 73.123664856, -1.06059324741, 61.0844192505, 16.5584487915, 62.1866607666, 24.3368206024, 115.199325562, 11.2292976379, 31.4977531433], [-30.4593582153, -19.159040451, 39.97082901, -18.0418586731, 28.687997818, -1.39308536053, 13.7595376968, -2.16863656044, 3.76050448418, 20.8715496063, 11.2292976379, 71.4312820435, 13.3415880203], [182.295852661, 71.729347229, 3.3321917057, 3.14128994942, -13.523982048, 22.9727535248, 6.53022146225, 4.01358795166, 21.7325153351, 0.159516617656, 31.4977531433, 13.3415880203, 79.3823547363]], "mean": [-94.2380905151, 145.373687744, -74.3212738037, 12.0055580139, -75.5756378174, 10.5880222321, -40.1728553772, -0.672205269337, -10.2044658661, -0.178124457598, -1.24887871742, -6.81026601791, -2.75009202957], "icov": [[0.000282509921817, -0.000447095691925, 4.83927688038e-05, -0.000484278629301, 0.000111466026283, -0.000587737187743, 0.000695117516443, -0.00048454766511, 0.000187376106624, -0.000316802819725, 0.000620902923401, -0.000309524504701, -0.000316250429023], [-0.000447095691925, 0.00621262425557, -0.000670674839057, 0.00403764052317, -0.00447567505762, 0.00185735314153, -0.0029154503718, 0.00378956645727, -0.00463824346662, 0.00483684195206, -0.00424286164343, 0.00562081532553, -0.00397143606097], [4.83927688038e-05, -0.000670674839057, 0.00386980711482, -0.000755249348003, 0.00129329087213, -0.00147313077468, -0.00071994762402, -0.000951604102738, 0.00067458616104, -0.00073353969492, 0.00112619658466, -0.00314143975265, 0.00101422483567], [-0.000484278629301, 0.00403764052317, -0.000755249348003, 0.00585358217359, -0.00272862520069, 0.000618397491053, -0.00150291493628, 0.00100571126677, -0.00223644077778, 0.0029105390422, -0.00344537501223, 0.00440172292292, -0.00207353383303], [0.000111466026283, -0.00447567505762, 0.00129329087213, -0.00272862520069, 0.00684374663979, -0.00133638014086, -0.000108550091682, -0.00358564266935, 0.0020936562214, -0.00262051518075, 0.00205943314359, -0.00607164949179, 0.00522017851472], [-0.000587737187743, 0.00185735314153, -0.00147313077468, 0.000618397491053, -0.00133638014086, 0.00958050135523, -0.000736118992791, -0.00165887770709, -0.000655764655676, 0.000945903768297, -0.00135523406789, 0.0025484089274, -0.00285994983278], [0.000695117516443, -0.0029154503718, -0.00071994762402, -0.00150291493628, -0.000108550091682, -0.000736118992791, 0.0104208206758, -0.0020349828992, 0.000715189729817, -0.00479663582519, 0.000479717738926, -0.00128995394334, 0.000408260064432], [-0.00048454766511, 0.00378956645727, -0.000951604102738, 0.00100571126677, -0.00358564266935, -0.00165887770709, -0.0020349828992, 0.0160976946354, -0.00636036042124, 0.000103096826933, -0.00219394196756, 0.00477328291163, -0.00127928878646], [0.000187376106624, -0.00463824346662, 0.00067458616104, -0.00223644077778, 0.0020936562214, -0.000655764655676, 0.000715189729817, -0.00636036042124, 0.0145312380046, -0.00337858567946, -0.000477091729408, -0.0032543616835, 0.00139500526711], [-0.000316802819725, 0.00483684195206, -0.00073353969492, 0.0029105390422, -0.00262051518075, 0.000945903768297, -0.00479663582519, 0.000103096826933, -0.00337858567946, 0.0139342416078, -0.0045203724876, 0.00142295158003, -0.00160679488908], [0.000620902923401, -0.00424286164343, 0.00112619658466, -0.00344537501223, 0.00205943314359, -0.00135523406789, 0.000479717738926, -0.00219394196756, -0.000477091729408, -0.0045203724876, 0.0169627033174, -0.00422707526013, -0.00256887893192], [-0.000309524504701, 0.00562081532553, -0.00314143975265, 0.00440172292292, -0.00607164949179, 0.0025484089274, -0.00128995394334, 0.00477328291163, -0.0032543616835, 0.00142295158003, -0.00422707526013, 0.0229681562632, -0.00761242955923], [-0.000316250429023, -0.00397143606097, 0.00101422483567, -0.00207353383303, 0.00522017851472, -0.00285994983278, 0.000408260064432, -0.00127928878646, 0.00139500526711, -0.00160679488908, -0.00256887893192, -0.00761242955923, 0.0206196419895]]}, "spectral_complexity": {"dmean": 1.37452459335, "dmean2": 2.27630257607, "max": 32, "dvar": 2.03005576134, "mean": 9.15190887451, "dvar2": 4.81431484222, "min": 0, "var": 15.8530035019, "median": 8}, "spectral_flux": {"dmean": 0.0139464074746, "dmean2": 0.0224974043667, "max": 0.556789338589, "dvar": 0.000536760664545, "mean": 0.0504310727119, "dvar2": 0.00124177499674, "min": 1.01197758506e-10, "var": 0.00185284996405, "median": 0.0388530269265}, "spectral_energyband_low": {"dmean": 0.00405626744032, "dmean2": 0.00675735250115, "max": 0.429880529642, "dvar": 0.000213747247471, "mean": 0.0119298724458, "dvar2": 0.00053596199723, "min": 4.10328745087e-23, "var": 0.000493660452776, "median": 0.0025128708221}, "spectral_decrease": {"dmean": 1.75835002114e-09, "dmean2": 2.80247336448e-09, "max": 2.90471903799e-20, "dvar": 1.77828049093e-17, "mean": -7.10025993556e-09, "dvar2": 4.22876930665e-17, "min": -1.23705532928e-07, "var": 8.39217811001e-17, "median": -3.88422938258e-09}, "barkbands_spread": {"dmean": 1.88101398945, "dmean2": 2.84437823296, "max": 111.689735413, "dvar": 22.7278251648, "mean": 7.00955486298, "dvar2": 48.0578079224, "min": 0.0820510089397, "var": 72.8517837524, "median": 5.19352722168}, "spectral_rms": {"dmean": 0.000535559433047, "dmean2": 0.000835866783746, "max": 0.021457478404, "dvar": 5.86596570429e-07, "mean": 0.00442239828408, "dvar2": 1.32417630994e-06, "min": 3.16088691679e-12, "var": 7.28467739464e-06, "median": 0.00385054666549}, "spectral_centroid": {"dmean": 60.123714447, "dmean2": 87.376701355, "max": 11026.5136719, "dvar": 32388.8632813, "mean": 476.837188721, "dvar2": 49320.9765625, "min": 216.477905273, "var": 118276.648438, "median": 415.387268066}, "barkbands_skewness": {"dmean": 0.527260959148, "dmean2": 0.829764544964, "max": 11.5278530121, "dvar": 0.314512491226, "mean": 2.02114462852, "dvar2": 0.746129512787, "min": -2.52121400833, "var": 1.88353228569, "median": 1.84868609905}, "spectral_rolloff": {"dmean": 118.853935242, "dmean2": 200.934356689, "max": 19401.4160156, "dvar": 426492.65625, "mean": 547.281311035, "dvar2": 1001408.75, "min": 64.599609375, "var": 679416.5, "median": 452.197265625}, "erbbands_spread": {"dmean": 4.36093473434, "dmean2": 6.43562173843, "max": 133.91633606, "dvar": 56.4938468933, "mean": 19.0612373352, "dvar2": 108.971008301, "min": 0.510669291019, "var": 283.664398193, "median": 14.319026947}, "barkbands": {"dmean": [0.000460141833173, 0.00341169233434, 0.000674358743709, 0.000932693248615, 0.0024022590369, 0.00150478107389, 0.00126587052364, 0.000481411785586, 0.000217253240407, 0.000173463093233, 6.77195203025e-05, 3.53587784048e-05, 4.53484753962e-05, 1.99757068913e-05, 2.7683985536e-05, 1.26076320157e-05, 5.73177158003e-06, 3.40789938491e-06, 4.65267521577e-06, 1.19173209896e-05, 1.77635411092e-05, 1.37298893605e-05, 1.63154545589e-05, 1.25176384245e-05, 1.33926896524e-05, 1.25005281006e-05, 1.06827815216e-06], "dmean2": [0.00070074753603, 0.00581387197599, 0.00113259383943, 0.0015881358413, 0.00385783403181, 0.0022692270577, 0.00191153108608, 0.000619226542767, 0.000330835871864, 0.000256735977018, 0.000106262756162, 5.69352378079e-05, 7.34112836653e-05, 3.37959863828e-05, 4.27221966675e-05, 1.8284044927e-05, 9.23786228668e-06, 5.42055522601e-06, 7.16115073374e-06, 1.71089395735e-05, 2.62453340838e-05, 2.00251488423e-05, 2.39974779106e-05, 1.7029204173e-05, 1.97829886019e-05, 2.14102765312e-05, 1.87752709735e-06], "max": [0.0436390601099, 0.394111573696, 0.0510004796088, 0.039102870971, 0.129326313734, 0.0657457634807, 0.102963276207, 0.0375892370939, 0.0438193827868, 0.0199786908925, 0.00396399432793, 0.00385139603168, 0.00280033284798, 0.00144287676085, 0.00250350451097, 0.00095558911562, 0.000535628874786, 0.000394652073737, 0.00260045798495, 0.0080265533179, 0.00731328269467, 0.00628573354334, 0.00349076651037, 0.00579173583537, 0.00341406650841, 0.00707530044019, 0.000463472446427], "dvar": [3.83842370866e-06, 0.000178474088898, 2.99250064018e-06, 4.68456119052e-06, 3.29183421854e-05, 8.719050129e-06, 9.44544899539e-06, 1.06327070171e-06, 5.70188035454e-07, 1.94621051719e-07, 1.98783762784e-08, 6.73007294338e-09, 8.58614335186e-09, 3.05396508082e-09, 3.81080189626e-09, 1.02943908953e-09, 2.44473608024e-10, 1.1888053042e-10, 9.16436093679e-10, 1.14734044487e-08, 1.77884427188e-08, 7.95680676902e-09, 1.00029637906e-08, 5.38644373549e-09, 8.25983015318e-09, 2.68215991639e-08, 1.35093020104e-10], "mean": [0.000668770051561, 0.0086054187268, 0.0020019642543, 0.0016141544329, 0.00554703408852, 0.00346228783019, 0.00280969310552, 0.00140542699955, 0.000464551383629, 0.000361280108336, 0.000126624319819, 7.56411536713e-05, 7.44076387491e-05, 3.22000050801e-05, 5.20601424796e-05, 2.6713240004e-05, 1.19395444926e-05, 7.47944341128e-06, 8.45932754601e-06, 1.9230410544e-05, 2.90913922072e-05, 2.30744590226e-05, 2.69081247097e-05, 2.64238024101e-05, 2.08997626032e-05, 1.07543519334e-05, 8.75051455296e-07], "dvar2": [7.3757832979e-06, 0.000471635925351, 8.20273362478e-06, 1.35343025249e-05, 8.8005726866e-05, 2.18204604607e-05, 2.53755861195e-05, 2.26766769629e-06, 1.4722686501e-06, 4.79939842535e-07, 4.82716338013e-08, 1.75770704658e-08, 2.23895764151e-08, 8.29769408739e-09, 9.09093689216e-09, 2.30312902083e-09, 5.91951487827e-10, 2.78432110701e-10, 2.00633687442e-09, 2.1483485213e-08, 3.80602749317e-08, 1.47533372186e-08, 2.13064232923e-08, 7.97115706774e-09, 1.91889366619e-08, 7.28924476334e-08, 3.80025316771e-10], "min": [3.17501723209e-24, 1.31877064524e-23, 2.41193937781e-23, 1.72164396057e-24, 3.33090458778e-23, 1.12142454691e-23, 6.58034066997e-23, 2.17005521829e-23, 1.56708717658e-23, 4.99776073853e-23, 3.79221403684e-23, 6.59343071229e-23, 6.56769933174e-23, 8.5146149878e-23, 2.06440708467e-22, 1.6052236473e-22, 1.54654160985e-22, 1.91167414709e-22, 2.61810363155e-22, 2.97034832731e-22, 4.09583170557e-22, 5.26739415325e-22, 6.57489184993e-22, 8.56169395419e-22, 1.07807230774e-21, 1.46769699448e-21, 2.22364748101e-21], "var": [7.30431656848e-06, 0.000315241108183, 1.37075394377e-05, 7.71806116973e-06, 0.00011004179396, 2.56460098171e-05, 2.44343536906e-05, 4.87947590955e-06, 1.19916080621e-06, 4.97931296195e-07, 5.70722065163e-08, 2.17067164243e-08, 1.75713026351e-08, 4.54371917868e-09, 1.10162989841e-08, 3.18727266801e-09, 5.04592034822e-10, 2.47685538746e-10, 1.30360811035e-09, 2.58760497474e-08, 4.34263718319e-08, 1.89019875307e-08, 1.91823001927e-08, 1.62072151255e-08, 1.07967554897e-08, 1.98653857808e-08, 9.03672969788e-11], "median": [6.12242001807e-05, 0.000957076903433, 0.00041404023068, 0.000601976935286, 0.00126246304717, 0.00172677519731, 0.00125485728495, 0.000612006755546, 0.000148444902152, 0.000109783490188, 4.18527342845e-05, 2.75630809483e-05, 2.89443451038e-05, 1.05494727904e-05, 1.5032961528e-05, 8.25771894597e-06, 4.98433064422e-06, 2.73562545772e-06, 3.07521304421e-06, 2.10803841583e-06, 2.40296503762e-06, 2.56385919783e-06, 3.32799254465e-06, 6.176676834e-06, 2.60900560534e-06, 1.37183008064e-07, 8.46879686378e-08]}, "melbands_kurtosis": {"dmean": 5.78348064423, "dmean2": 9.14555263519, "max": 255.335098267, "dvar": 79.3178329468, "mean": 15.5568771362, "dvar2": 192.374206543, "min": -1.80442810059, "var": 335.365783691, "median": 9.75924682617}, "erbbands_crest": {"dmean": 2.46622562408, "dmean2": 3.87497353554, "max": 31.0135059357, "dvar": 5.22880172729, "mean": 12.4241228104, "dvar2": 14.3247652054, "min": 2.58739185333, "var": 17.6337909698, "median": 11.8395957947}, "melbands_skewness": {"dmean": 0.531350493431, "dmean2": 0.835868895054, "max": 12.7356796265, "dvar": 0.319499433041, "mean": 2.0900580883, "dvar2": 0.754374682903, "min": -1.04872500896, "var": 2.13959765434, "median": 1.84721887112}, "spectral_energyband_middle_low": {"dmean": 0.00449589965865, "dmean2": 0.00703664403409, "max": 0.172306239605, "dvar": 6.63420432829e-05, "mean": 0.0154499802738, "dvar2": 0.000169524253579, "min": 2.07462983848e-22, "var": 0.000339230231475, "median": 0.00878821779042}, "spectral_contrast_coeffs": {"dmean": [0.0450643524528, 0.0364577919245, 0.0286107175052, 0.0224534571171, 0.0153327826411, 0.0108115877956], "dmean2": [0.0753282085061, 0.0586381740868, 0.0465477667749, 0.0370018482208, 0.0248877611011, 0.0178485251963], "max": [-0.270693153143, -0.382182627916, -0.465444982052, -0.603574573994, -0.546146690845, -0.671070754528], "dvar": [0.00142445659731, 0.000933751638513, 0.000532999401912, 0.000308102782583, 0.000180652248673, 0.000105984232505], "mean": [-0.643719673157, -0.675161004066, -0.766221404076, -0.796316623688, -0.817353010178, -0.807272195816], "dvar2": [0.0038991253823, 0.00253706681542, 0.00141038524453, 0.000829834549222, 0.000427615275839, 0.000263135618297], "min": [-0.961829185486, -0.970537185669, -0.975729525089, -0.970535695553, -0.965668916702, -0.964478671551], "var": [0.00958827417344, 0.0038298079744, 0.00230928463861, 0.00163877964951, 0.00117726321332, 0.000582490232773], "median": [-0.657382547855, -0.677508533001, -0.770242273808, -0.796322524548, -0.820928096771, -0.805791497231]}, "spectral_contrast_valleys": {"dmean": [0.348943054676, 0.24635450542, 0.242801815271, 0.2100507617, 0.174235641956, 0.190399840474], "dmean2": [0.581558167934, 0.398084163666, 0.39869338274, 0.345852732658, 0.271490991116, 0.266674250364], "max": [-4.60744714737, -4.34130907059, -5.7841091156, -6.40352725983, -6.48354959488, -7.4314250946], "dvar": [0.109970510006, 0.0711757317185, 0.0731535553932, 0.0708576962352, 0.0722494199872, 0.134822115302], "mean": [-7.34342384338, -6.72123098373, -8.00522232056, -8.98593044281, -9.50665664673, -11.3527364731], "dvar2": [0.257199704647, 0.14662784338, 0.151516929269, 0.134042486548, 0.121198423207, 0.236744627357], "min": [-26.9880008698, -26.9114837646, -27.3687553406, -27.3901519775, -27.2855510712, -27.2055091858], "var": [1.33794867992, 0.744541585445, 0.752432227135, 0.768495976925, 0.809440791607, 1.43111026287], "median": [-7.27938842773, -6.70525121689, -8.0226650238, -8.95403671265, -9.49982357025, -11.2517433167]}, "silence_rate_20dB": {"dmean": 0.000430570507888, "dmean2": 0.000861202832311, "max": 1, "dvar": 0.000430393498391, "mean": 0.999784708023, "dvar2": 0.00129109609406, "min": 0, "var": 0.00021520727023, "median": 1}, "silence_rate_30dB": {"dmean": 0.0170792974532, "dmean2": 0.0341610461473, "max": 1, "dvar": 0.0167862176895, "mean": 0.956371963024, "dvar2": 0.0383005551994, "min": 0, "var": 0.0417204238474, "median": 1}, "spectral_strongpeak": {"dmean": 0.230358615518, "dmean2": 0.383578389883, "max": 5.5099196434, "dvar": 0.112817108631, "mean": 0.649513781071, "dvar2": 0.292388826609, "min": 0, "var": 0.28780952096, "median": 0.499585330486}, "spectral_spread": {"dmean": 487947.75, "dmean2": 752472.5, "max": 50479232, "dvar": 810497671168, "mean": 3801050.5, "dvar2": 1445249679360.0, "min": 715826.375, "var": 3554069184510.0, "median": 3442430.75}, "barkbands_flatness_db": {"dmean": 0.0169291906059, "dmean2": 0.0262461248785, "max": 0.556023299694, "dvar": 0.000318528909702, "mean": 0.224725022912, "dvar2": 0.0007113989559, "min": 0.0437962561846, "var": 0.00236994726583, "median": 0.228133112192}, "pitch_salience": {"dmean": 0.0573774985969, "dmean2": 0.0939223468304, "max": 0.878645300865, "dvar": 0.00271361926571, "mean": 0.566713154316, "dvar2": 0.00747400382534, "min": 0.124985568225, "var": 0.0152720175683, "median": 0.576596260071}, "erbbands_kurtosis": {"dmean": 2.577647686, "dmean2": 3.98877644539, "max": 67.8865890503, "dvar": 9.30767822266, "mean": 7.44247150421, "dvar2": 22.0583591461, "min": -1.86478447914, "var": 44.2214317322, "median": 5.77980327606}, "average_loudness": 0.198672190309, "barkbands_crest": {"dmean": 2.2389318943, "dmean2": 3.66743469238, "max": 25.7339267731, "dvar": 4.1832113266, "mean": 12.1964817047, "dvar2": 11.5124530792, "min": 3.5186316967, "var": 16.8829898834, "median": 11.5223903656}, "hfc": {"dmean": 2.07317018509, "dmean2": 3.04326581955, "max": 188.948440552, "dvar": 28.4221229553, "mean": 7.88652658463, "dvar2": 63.8781661987, "min": 1.10512110696e-16, "var": 93.5340194702, "median": 4.6446146965}, "barkbands_kurtosis": {"dmean": 4.5997543335, "dmean2": 7.28604984283, "max": 359.947784424, "dvar": 55.4819831848, "mean": 12.3689804077, "dvar2": 137.24407959, "min": -1.90594744682, "var": 182.577407837, "median": 8.77648544312}, "erbbands": {"dmean": [0.156070187688, 0.607129573822, 0.751557290554, 1.85418462753, 6.30258607864, 9.08615493774, 5.42004442215, 16.9249305725, 17.8335189819, 12.9351024628, 6.04533195496, 5.65629863739, 4.36444807053, 4.37371110916, 3.07749295235, 1.51387214661, 2.32552456856, 0.997248291969, 1.6057009697, 0.644707143307, 0.550377249718, 0.279079079628, 0.223076552153, 0.148652508855, 0.329609185457, 0.514271259308, 0.746870219707, 0.65374404192, 0.452776551247, 0.532621085644, 0.464523762465, 0.271372586489, 0.225511148572, 0.156359523535, 0.0979888364673, 0.0881394073367, 0.0115350596607, 0.0015812732745, 0.000181412528036, 1.96234923351e-05], "dmean2": [0.265057206154, 1.04317653179, 1.28854608536, 3.10013127327, 10.5417041779, 14.2623414993, 8.42934131622, 25.164232254, 26.0928821564, 18.6966934204, 8.43065071106, 8.38530063629, 6.37123680115, 6.62143850327, 4.78461742401, 2.46752858162, 3.75081729889, 1.68495166302, 2.47058486938, 1.00726246834, 0.794260144234, 0.442473709583, 0.354267060757, 0.227957874537, 0.508790671825, 0.735875785351, 1.05345749855, 0.960218966007, 0.648010849953, 0.812546253204, 0.676433801651, 0.367709726095, 0.322349190712, 0.227394595742, 0.151181817055, 0.148024633527, 0.0199691727757, 0.00275331712328, 0.000315929093631, 3.3049564081e-05], "max": [12.782286644, 83.1378631592, 82.6390304565, 87.7081604004, 513.299133301, 593.891479492, 323.444702148, 851.435119629, 1152.10742188, 1328.84692383, 796.361938477, 855.777587891, 682.800231934, 300.348999023, 180.938476563, 106.594177246, 136.77583313, 65.1182479858, 150.839141846, 49.0623168945, 55.1395339966, 28.7409515381, 26.4678611755, 38.1676445007, 183.028686523, 264.955749512, 519.88684082, 160.251678467, 158.38444519, 279.806610107, 110.790931702, 119.081382751, 98.8350906372, 31.8846111298, 33.3423728943, 54.44972229, 4.57505893707, 0.523518204689, 0.06652212888, 0.0068742223084], "dvar": [0.355206549168, 6.35863733292, 5.77938938141, 18.6703701019, 203.9296875, 660.651855469, 132.865097046, 1181.31298828, 1714.4041748, 783.047363281, 308.836639404, 300.083770752, 179.383483887, 85.8879241943, 40.5563812256, 11.1151866913, 20.9717884064, 7.61984062195, 13.5252742767, 2.36694979668, 1.97591257095, 0.659765064716, 0.403592705727, 0.508303701878, 4.67813491821, 17.1819458008, 47.4615058899, 18.4223022461, 8.03740024567, 13.8214092255, 8.83519172668, 2.73400115967, 1.73041927814, 0.793840825558, 0.799817442894, 1.51841843128, 0.0127209769562, 0.000185241093277, 3.40472570315e-06, 3.17575334918e-08], "mean": [0.275547385216, 1.77687942982, 2.55463647842, 4.21996164322, 13.4693775177, 19.6729679108, 13.6663408279, 38.5139389038, 43.7661933899, 37.4196853638, 17.095916748, 12.8155078888, 10.01304245, 8.17193222046, 6.04489040375, 3.43877053261, 4.01469898224, 1.90327060223, 2.93002605438, 1.57682836056, 1.26107215881, 0.651149213314, 0.521611392498, 0.304861903191, 0.593317508698, 0.880745172501, 1.22716069221, 1.03714740276, 0.756574571133, 0.889604568481, 0.745354235172, 0.531828939915, 0.46182602644, 0.287511527538, 0.124291352928, 0.0802316442132, 0.00951523799449, 0.00127791985869, 0.00016146354028, 4.13332127209e-05], "dvar2": [0.93287062645, 17.6602916718, 16.1907196045, 52.042930603, 577.641174316, 1744.71606445, 325.496520996, 2875.35961914, 4576.77783203, 1936.17980957, 775.966064453, 750.960388184, 441.178985596, 197.662567139, 97.7163772583, 29.1045398712, 54.2466163635, 20.9843025208, 32.2004623413, 5.76927900314, 4.205991745, 1.57960617542, 0.933346748352, 1.2097363472, 10.0380678177, 29.8908309937, 90.1485671997, 38.7647132874, 14.9587049484, 31.7020931244, 18.6921234131, 4.17598867416, 2.86895871162, 1.6305243969, 2.00924324989, 4.08046197891, 0.0342493876815, 0.000505009957124, 9.50844332692e-06, 8.95373801768e-08], "min": [4.23836915238e-22, 2.25940628079e-21, 2.1197092886e-20, 1.58910006751e-20, 4.51372588548e-20, 1.23006164408e-19, 8.47046518186e-20, 8.86314332828e-20, 4.83493995675e-19, 7.97400611236e-19, 6.37047720385e-19, 3.21133692573e-19, 6.43199979588e-19, 1.95704294806e-18, 1.60024500148e-18, 2.93382082875e-18, 2.81107198214e-18, 4.85306906744e-18, 8.03813918301e-18, 9.6848812475e-18, 8.54844179215e-18, 8.43457955365e-18, 1.06700707278e-17, 1.46500949129e-17, 1.10085670966e-17, 1.49517759541e-17, 1.39691383259e-17, 1.56416015716e-17, 1.91071127982e-17, 2.2641758126e-17, 1.59783600338e-17, 1.65209541197e-17, 1.51394665438e-17, 1.2476002874e-17, 7.43247588414e-18, 4.77125759613e-18, 2.94264850025e-18, 1.28635125892e-18, 3.44199649804e-19, 2.93542294835e-20], "var": [0.485361218452, 12.6317272186, 27.12748909, 42.0045089722, 675.059204102, 1880.44677734, 519.015686035, 3347.26269531, 4613.26025391, 3361.39501953, 895.776855469, 762.333679199, 458.395599365, 210.109054565, 119.786201477, 34.3941078186, 46.4748840332, 11.7998685837, 37.7801856995, 7.90643072128, 6.98563337326, 1.46686053276, 0.953463613987, 0.756619632244, 7.83256196976, 44.4776954651, 116.343093872, 42.6687812805, 20.3796596527, 22.5457019806, 16.5550880432, 7.89230251312, 4.76421737671, 1.66702973843, 0.761259734631, 1.15386652946, 0.00968276988715, 0.00013655606017, 2.33044715969e-06, 2.21355129781e-08], "median": [0.0327490493655, 0.191292360425, 0.486098259687, 1.73541665077, 3.25131416321, 3.64178371429, 5.55234193802, 18.6054725647, 21.5569763184, 17.7105789185, 7.53238677979, 4.44771099091, 2.99004554749, 2.93164730072, 2.13605093956, 1.3771250248, 1.6222140789, 0.767260789871, 0.818014502525, 0.568430781364, 0.393971592188, 0.26560819149, 0.220222741365, 0.0980848670006, 0.195515871048, 0.114448964596, 0.0821600928903, 0.0961982533336, 0.0765038430691, 0.126088470221, 0.0844956338406, 0.103317089379, 0.101621173322, 0.0456181615591, 0.009730970487, 0.00123595376499, 0.000218321452849, 6.93228867021e-05, 2.26840602409e-05, 1.9361890736e-05]}, "spectral_energy": {"dmean": 0.00677785975859, "dmean2": 0.0107830399647, "max": 0.471933990717, "dvar": 0.00025913718855, "mean": 0.027513358742, "dvar2": 0.000615615339484, "min": 1.02409863141e-20, "var": 0.00123947975226, "median": 0.0151973785833}, "zerocrossingrate": {"dmean": 0.00476725073531, "dmean2": 0.00571601651609, "max": 0.51123046875, "dvar": 9.24698033486e-05, "mean": 0.0264844223857, "dvar2": 9.1319