{"lowlevel": {"erbbands": {"mean": [0.0691429302096, 0.800198376179, 2.79172730446, 4.44987487793, 5.31006765366, 7.78520727158, 11.647026062, 17.8091392517, 25.3962879181, 40.185092926, 47.4013671875, 41.9711341858, 44.5481948853, 39.0046653748, 34.3484268188, 25.0581436157, 18.6693973541, 20.863986969, 16.3225917816, 15.706404686, 14.3857965469, 11.7923803329, 9.44411087036, 7.53447246552, 7.36197328568, 4.95070123672, 4.05473089218, 2.32020974159, 1.15937709808, 0.729277253151, 0.313247710466, 0.129519015551, 0.0514046885073, 0.0215592645109, 0.00880757719278, 0.00348085979931, 0.0015682245139, 0.000327469751937, 1.83591309906e-05, 2.63145266217e-05], "dvar": [0.00655320333317, 1.02553236485, 19.8098392487, 69.5421829224, 171.567962646, 140.646591187, 267.050109863, 495.112823486, 960.309753418, 5331.16259766, 6106.28173828, 4540.26318359, 6846.71826172, 3044.90258789, 3889.92651367, 1487.79211426, 526.309204102, 871.213928223, 449.379180908, 393.267700195, 251.076766968, 191.783187866, 88.3475646973, 51.7449684143, 64.2332000732, 29.5631160736, 32.4037017822, 10.9450712204, 3.04991889, 1.86586213112, 0.358985632658, 0.073395550251, 0.0194077026099, 0.00500070303679, 0.00166548194829, 0.000451939209597, 0.000146199716255, 7.69841608417e-06, 3.32548966142e-09, 1.37261632616e-10], "min": [5.45988934076e-22, 1.79383667991e-21, 1.20242915873e-20, 4.00267722406e-20, 2.63517270342e-20, 4.24218026184e-20, 1.44089537732e-19, 2.83140744201e-19, 1.41353624931e-19, 2.23404939838e-19, 1.04492898117e-18, 1.38210620362e-18, 8.56595723822e-19, 2.45883965895e-18, 1.4245081022e-18, 1.38598113119e-18, 3.65388548109e-18, 2.54485134661e-18, 7.92151912435e-18, 4.46497039969e-18, 8.19247702324e-18, 8.47783944532e-18, 1.0100029962e-17, 1.24685441864e-17, 1.37862255314e-17, 1.0435614655e-17, 1.58114746909e-17, 1.63317233197e-17, 1.44670448064e-17, 1.33832537427e-17, 1.46116740278e-17, 1.65811612878e-17, 1.50528541162e-17, 1.09998395139e-17, 9.44199124115e-18, 5.33937392623e-18, 2.95388988477e-18, 1.27002643594e-18, 3.64802211471e-19, 2.72051593221e-20], "dmean": [0.0423723012209, 0.48976713419, 1.97738742828, 3.40470600128, 4.9512553215, 5.24655294418, 6.22794151306, 9.63247489929, 14.5911960602, 24.8799190521, 29.3371562958, 24.9024906158, 25.7792472839, 20.805431366, 18.0600624084, 12.7217702866, 9.65135288239, 10.431883812, 8.15368556976, 8.06850147247, 6.97926998138, 5.6142039299, 4.52084207535, 3.33092260361, 3.30183529854, 2.21706914902, 1.9647667408, 1.14394330978, 0.646804213524, 0.431983441114, 0.183884128928, 0.0855645239353, 0.0374377258122, 0.0165128819644, 0.00769349932671, 0.00354279205203, 0.00163890735712, 0.000358957797289, 1.04516311694e-05, 8.55578855408e-06], "dmean2": [0.0598046667874, 0.671063601971, 2.84491229057, 5.46623849869, 8.33706760406, 8.31428527832, 9.17070102692, 14.7876615524, 21.8252067566, 37.6561393738, 44.5101356506, 38.2032699585, 37.6253585815, 30.867269516, 25.9092826843, 17.988697052, 14.584728241, 15.9782314301, 11.8668756485, 11.8579349518, 10.3921928406, 8.48026275635, 6.93110322952, 5.04537820816, 4.84024477005, 3.25433444977, 2.87599945068, 1.64261484146, 0.939307153225, 0.628147244453, 0.270948141813, 0.125612586737, 0.0563914254308, 0.0245867278427, 0.011784363538, 0.00557540496811, 0.00269944500178, 0.000605963577982, 1.64789544215e-05, 1.14806889542e-05], "dvar2": [0.0131774526089, 2.09925198555, 38.2874298096, 180.057861328, 444.470001221, 335.372589111, 473.561279297, 1135.77233887, 2026.81384277, 11334.0097656, 13654.7880859, 9502.34667969, 13562.4667969, 6321.12207031, 6628.55029297, 2871.50244141, 1077.73864746, 2115.7565918, 988.932312012, 874.124450684, 542.127258301, 419.841827393, 207.270614624, 110.208229065, 130.064437866, 57.0062599182, 67.0172576904, 22.50481987, 6.32476806641, 3.6498363018, 0.742729961872, 0.153051137924, 0.0417798236012, 0.0103559680283, 0.00328359333798, 0.00106493348721, 0.000391874986235, 2.0825302272e-05, 9.07125752292e-09, 2.50126391821e-10], "max": [1.34369254112, 15.9920806885, 72.09009552, 101.522102356, 178.146133423, 287.749023438, 545.602233887, 638.293334961, 792.846374512, 1853.27282715, 2064.50390625, 1707.23168945, 2243.82641602, 1384.8951416, 2292.24291992, 1512.7902832, 987.958557129, 1014.59197998, 376.482086182, 508.700164795, 352.864776611, 379.454559326, 270.961151123, 195.254577637, 240.6118927, 146.983123779, 145.127090454, 79.1287002563, 37.9419708252, 38.872833252, 21.1282253265, 7.46385383606, 4.19759130478, 1.68229818344, 1.78650677204, 0.730270504951, 0.451999902725, 0.101247347891, 0.00187865074258, 0.000156345413416], "median": [0.0151612311602, 0.158921003342, 0.448018848896, 0.93293428421, 1.41333413124, 2.41850996017, 3.4453163147, 6.41109800339, 9.32241344452, 10.0208501816, 15.296049118, 12.2555322647, 9.74682998657, 10.2724094391, 7.78752756119, 5.61037921906, 6.35763978958, 4.63144445419, 3.40094089508, 4.14426708221, 3.91886639595, 3.24991202354, 3.07038903236, 2.25389242172, 1.70474898815, 0.978983581066, 0.609401941299, 0.301137328148, 0.170484960079, 0.0907506719232, 0.0365087501705, 0.00890983082354, 0.00187941105105, 0.000493853644002, 0.000250763288932, 0.000152660722961, 9.33445699047e-05, 2.25660878641e-05, 9.32369675866e-06, 1.82405656233e-05], "var": [0.0144737390801, 2.17961549759, 37.9771003723, 83.3204650879, 151.649658203, 309.144592285, 1094.14672852, 1725.32141113, 2548.53027344, 12537.2890625, 12527.5214844, 10480.0693359, 17818.7871094, 9373.84765625, 14442.5996094, 4951.60546875, 1445.7677002, 3075.16870117, 1370.26574707, 1198.70788574, 850.078674316, 605.868713379, 323.947235107, 200.102615356, 260.122436523, 113.665931702, 98.3475418091, 41.1868209839, 8.62929725647, 4.91635656357, 0.915111124516, 0.152865916491, 0.0364969074726, 0.00886412337422, 0.00236038235016, 0.000470917322673, 0.000115487993753, 5.83906012253e-06, 2.67822053424e-09, 6.52715603788e-10]}, "gfcc": {"icov": [[0.000173804801307, -0.00034649510053, 0.000397859344957, -0.000358983466867, 0.000305659457808, -0.000246596493525, 0.000127383333165, 6.17891491856e-05, 0.000106764047814, -5.95053461439e-05, 0.000377956195734, -0.000170478670043, 0.000231458732742], [-0.00034649510053, 0.00398604711518, -0.00237038452178, 0.00251680146903, -0.00294548389502, 0.00284120650031, -0.00205565453507, 0.00159638479818, -0.00130688573699, 0.00213731103577, -0.00242676539347, 0.00256219459698, -0.00190901639871], [0.000397859344957, -0.00237038452178, 0.00293156784028, -0.00172947032843, 0.00143617379945, -0.00182910112198, 0.00184318481479, -0.00134196504951, 0.00110185786616, -0.000818831205834, 0.00193276302889, -0.00166381383315, 0.00188829749823], [-0.000358983466867, 0.00251680146903, -0.00172947032843, 0.00437951320782, -0.00191551970784, 0.000558522879146, -0.000778754765633, 0.00156216009054, -0.00184558425099, 0.00179577933159, -0.00102465366945, 0.00187620683573, -0.00142598536331], [0.000305659457808, -0.00294548389502, 0.00143617379945, -0.00191551970784, 0.00633993651718, -0.00146783643868, -0.000663227809127, -0.000689982145559, 0.00167800893541, -0.00339408125728, 0.00230653164908, -0.00162259757053, 0.00157497823238], [-0.000246596493525, 0.00284120650031, -0.00182910112198, 0.000558522879146, -0.00146783643868, 0.00653643719852, -0.00259084254503, -0.000159632792929, 9.75330112851e-05, 0.00151408766396, -0.00253988057375, 0.00348965986632, -0.00177256704774], [0.000127383333165, -0.00205565453507, 0.00184318481479, -0.000778754765633, -0.000663227809127, -0.00259084254503, 0.00705322716385, -0.00201847963035, -0.000740515766665, 0.000843221030664, 0.00169936195016, -0.00362965138629, 0.00254973443225], [6.17891491856e-05, 0.00159638479818, -0.00134196504951, 0.00156216009054, -0.000689982145559, -0.000159632792929, -0.00201847963035, 0.00690309423953, -0.000367071421351, -0.00107276951894, -0.000561271852348, 0.00243713334203, -0.00241875322536], [0.000106764047814, -0.00130688573699, 0.00110185786616, -0.00184558425099, 0.00167800893541, 9.75330112851e-05, -0.000740515766665, -0.000367071421351, 0.00637056631967, -0.00137912784703, -0.00053927663248, 0.00122136226855, 0.00146502780262], [-5.95053461439e-05, 0.00213731103577, -0.000818831205834, 0.00179577933159, -0.00339408125728, 0.00151408766396, 0.000843221030664, -0.00107276951894, -0.00137912784703, 0.00771226640791, -0.00110176880844, -0.000732804706786, -9.1221940238e-05], [0.000377956195734, -0.00242676539347, 0.00193276302889, -0.00102465366945, 0.00230653164908, -0.00253988057375, 0.00169936195016, -0.000561271852348, -0.00053927663248, -0.00110176880844, 0.00781441573054, -0.00151954044122, -0.00032292099786], [-0.000170478670043, 0.00256219459698, -0.00166381383315, 0.00187620683573, -0.00162259757053, 0.00348965986632, -0.00362965138629, 0.00243713334203, 0.00122136226855, -0.000732804706786, -0.00151954044122, 0.0112606035545, -0.00149632943794], [0.000231458732742, -0.00190901639871, 0.00188829749823, -0.00142598536331, 0.00157497823238, -0.00177256704774, 0.00254973443225, -0.00241875322536, 0.00146502780262, -9.1221940238e-05, -0.00032292099786, -0.00149632943794, 0.00912357028574]], "mean": [-93.9765777588, 161.676879883, -145.376647949, 21.5759162903, -48.8235282898, -12.0388765335, -11.0294494629, -0.810328066349, -8.6248922348, -2.30527377129, -9.27852058411, -2.343075037, -9.20765018463], "cov": [[11266.4902344, 33.3528137207, -1429.03283691, 752.186218262, -314.840332031, 27.194890976, 149.203063965, -592.61529541, 280.63293457, -475.230743408, -134.264389038, -141.374923706, -82.439704895], [33.3528137207, 1212.33850098, 303.419677734, -311.254119873, 295.951446533, -278.145294189, 160.799240112, -106.007591248, 39.1939430237, -65.6963195801, 33.5109100342, 15.6438770294, -39.9919509888], [-1429.03283691, 303.419677734, 968.338256836, -20.5412025452, 84.4296798706, 22.1622276306, -67.5562515259, 94.9637756348, -100.936515808, 37.7374954224, -76.0478515625, 14.7905397415, -53.7795944214], [752.186218262, -311.254119873, -20.5412025452, 529.808349609, -90.2102355957, 143.792785645, -36.5433692932, -52.0976524353, 85.7237167358, -97.467628479, -3.97848916054, -81.4119110107, 14.5273189545], [-314.840332031, 295.951446533, 84.4296798706, -90.2102355957, 385.274536133, -74.2551498413, 126.777763367, 9.28755664825, -41.9786300659, 105.592147827, -67.716217041, 67.2094955444, -59.1426315308], [27.194890976, -278.145294189, 22.1622276306, 143.792785645, -74.2551498413, 336.503997803, 6.23386716843, 77.6784896851, -1.29597938061, -43.6164932251, 41.6390533447, -77.9332504272, 44.5097465515], [149.203063965, 160.799240112, -67.5562515259, -36.5433692932, 126.777763367, 6.23386716843, 273.349090576, 10.3948965073, 28.3797168732, -11.4384012222, -31.874912262, 48.674747467, -53.9961090088], [-592.61529541, -106.007591248, 94.9637756348, -52.0976524353, 9.28755664825, 77.6784896851, 10.3948965073, 241.723831177, -22.7407493591, 63.9604873657, 8.14960193634, -20.6744556427, 40.9116592407], [280.63293457, 39.1939430237, -100.936515808, 85.7237167358, -41.9786300659, -1.29597938061, 28.3797168732, -22.7407493591, 226.949920654, -22.0475635529, 41.6178207397, -47.8224449158, -14.6279287338], [-475.230743408, -65.6963195801, 37.7374954224, -97.467628479, 105.592147827, -43.6164932251, -11.4384012222, 63.9604873657, -22.0475635529, 234.717086792, -16.439655304, 53.9425544739, -17.1310443878], [-134.264389038, 33.5109100342, -76.0478515625, -3.97848916054, -67.716217041, 41.6390533447, -31.874912262, 8.14960193634, 41.6178207397, -16.439655304, 201.793685913, -26.3261795044, 52.36120224], [-141.374923706, 15.6438770294, 14.7905397415, -81.4119110107, 67.2094955444, -77.9332504272, 48.674747467, -20.6744556427, -47.8224449158, 53.9425544739, -26.3261795044, 155.072357178, -22.0334510803], [-82.439704895, -39.9919509888, -53.7795944214, 14.5273189545, -59.1426315308, 44.5097465515, -53.9961090088, 40.9116592407, -14.6279287338, -17.1310443878, 52.36120224, -22.0334510803, 161.941680908]]}, "spectral_skewness": {"mean": 1.83297848701, "dvar": 0.174131885171, "min": -0.146250426769, "dmean": 0.430972129107, "dmean2": 0.725617647171, "dvar2": 0.466648489237, "max": 10.434466362, "median": 1.67962419987, "var": 0.780701041222}, "spectral_energyband_low": {"mean": 0.00680882297456, "dvar": 5.42279012734e-05, "min": 7.57109695548e-23, "dmean": 0.00382836419158, "dmean2": 0.00537439342588, "dvar2": 0.000111231478513, "max": 0.098425924778, "median": 0.00159686990082, "var": 0.00012343848357}, "spectral_energyband_middle_low": {"mean": 0.0122206276283, "dvar": 5.53445497644e-05, "min": 1.95740510796e-22, "dmean": 0.00505076115951, "dmean2": 0.0075184898451, "dvar2": 0.000121791454148, "max": 0.100413106382, "median": 0.00733483769, "var": 0.000193674408365}, "mfcc": {"icov": [[0.000216615837417, -5.92311298533e-05, 0.000258397107245, -0.000220047324547, 0.000201153190574, -0.000279014464468, 0.000258654152276, -0.000186756456969, 0.000108240485133, -3.17844860547e-05, 0.000253326521488, -4.21585755248e-05, 0.000236565378145], [-5.92311298533e-05, 0.000736316200346, -2.32431902987e-05, -0.000134726273245, -0.000147234488395, 0.000475301203551, -0.000284098816337, 2.44327202381e-05, 6.1425336753e-05, 0.000443925731815, -0.000520128814969, 0.000567582377698, -0.000481746159494], [0.000258397107245, -2.32431902987e-05, 0.00170966330916, -7.16475915397e-05, -0.000828559219372, 2.39149539993e-05, 0.00041644833982, -0.000841489178129, 0.000533351616468, -0.000165059333085, 0.000426842743764, 0.000436051806901, 0.00012690089352], [-0.000220047324547, -0.000134726273245, -7.16475915397e-05, 0.00370016717352, -0.000772232131567, -0.00114543724339, 0.000772270723246, -0.000137783878017, -0.000655223440845, 0.000138321775012, 0.00057277403539, -8.22470537969e-05, -0.000988058163784], [0.000201153190574, -0.000147234488395, -0.000828559219372, -0.000772232131567, 0.00586397200823, -0.000253034522757, -0.00110841961578, 0.0018827462336, -0.000656380492728, -0.000590438896324, 7.49537430238e-05, -0.000521668232977, 8.58398198034e-05], [-0.000279014464468, 0.000475301203551, 2.39149539993e-05, -0.00114543724339, -0.000253034522757, 0.00538151571527, -0.000715024652891, -0.000741758092772, 0.000712534121703, -0.000815225881524, -0.00071599567309, 0.0012421910651, 0.0002171357919], [0.000258654152276, -0.000284098816337, 0.00041644833982, 0.000772270723246, -0.00110841961578, -0.000715024652891, 0.0057369787246, -0.00177979120053, -0.00173876166809, 0.00211094529368, -0.000378429482225, -0.00124492798932, 0.000792013830505], [-0.000186756456969, 2.44327202381e-05, -0.000841489178129, -0.000137783878017, 0.0018827462336, -0.000741758092772, -0.00177979120053, 0.00691037857905, -0.00102831993718, -0.00123480916955, 0.0006665296969, 0.000104789389297, -0.000106868676085], [0.000108240485133, 6.1425336753e-05, 0.000533351616468, -0.000655223440845, -0.000656380492728, 0.000712534121703, -0.00173876166809, -0.00102831993718, 0.00843467190862, -0.00272663286887, -0.00022711258498, 0.00206157122739, -0.00102060788777], [-3.17844860547e-05, 0.000443925731815, -0.000165059333085, 0.000138321775012, -0.000590438896324, -0.000815225881524, 0.00211094529368, -0.00123480916955, -0.00272663286887, 0.00907259527594, -0.00227627926506, -0.00107185787056, 0.000859809690155], [0.000253326521488, -0.000520128814969, 0.000426842743764, 0.00057277403539, 7.49537430238e-05, -0.00071599567309, -0.000378429482225, 0.0006665296969, -0.00022711258498, -0.00227627926506, 0.00874164979905, -0.00196237093769, 0.000635829288512], [-4.21585755248e-05, 0.000567582377698, 0.000436051806901, -8.22470537969e-05, -0.000521668232977, 0.0012421910651, -0.00124492798932, 0.000104789389297, 0.00206157122739, -0.00107185787056, -0.00196237093769, 0.00947630498558, -0.00335539318621], [0.000236565378145, -0.000481746159494, 0.00012690089352, -0.000988058163784, 8.58398198034e-05, 0.0002171357919, 0.000792013830505, -0.000106868676085, -0.00102060788777, 0.000859809690155, 0.000635829288512, -0.00335539318621, 0.011487361975]], "mean": [-722.680541992, 180.073043823, -27.9368534088, 32.0468673706, -14.7846240997, 0.350097119808, -2.50384879112, 5.31252670288, 0.709180593491, 4.3820476532, 1.97618222237, 2.9410777092, 1.25996172428], "cov": [[9409.68847656, -43.3805122375, -1302.91442871, 686.613098145, -566.754821777, 612.96282959, -472.659851074, 223.74180603, -122.894180298, 57.9231147766, -246.874725342, -131.300552368, -134.77041626], [-43.3805122375, 1676.53625488, 0.903432846069, 17.8995685577, 51.5645828247, -139.244857788, 92.1223449707, -35.2034187317, 3.28693771362, -116.057350159, 49.041721344, -49.2953796387, 60.1650047302], [-1302.91442871, 0.903432846069, 877.032531738, -50.695930481, 150.893676758, -62.2116546631, 20.2587966919, 29.460351944, -9.4833688736, 5.6448931694, -14.5239639282, -26.947183609, 3.41382074356], [686.613098145, 17.8995685577, -50.695930481, 371.754272461, 5.61759662628, 106.428451538, -65.1896133423, 21.5509929657, 13.7657814026, 13.741065979, -37.8773345947, -17.4672603607, 18.9768257141], [-566.754821777, 51.5645828247, 150.893676758, 5.61759662628, 242.15524292, -25.8784980774, 52.694190979, -49.6340103149, 23.4287872314, 4.74946260452, 17.9921894073, 15.2539224625, 12.420800209], [612.96282959, -139.244857788, -62.2116546631, 106.428451538, -25.8784980774, 268.529571533, -17.7442760468, 50.0732765198, -0.915126442909, 35.881690979, -8.14719963074, -30.2135829926, -22.9555644989], [-472.659851074, 92.1223449707, 20.2587966919, -65.1896133423, 52.694190979, -17.7442760468, 260.285949707, 36.6793746948, 46.8897590637, -35.6138076782, 25.6954746246, 21.6381721497, 1.83295416832], [223.74180603, -35.2034187317, 29.460351944, 21.5509929657, -49.6340103149, 50.0732765198, 36.6793746948, 194.1378479, 31.0276527405, 26.5016555786, -15.062420845, -14.5715646744, -8.50365352631], [-122.894180298, 3.28693771362, -9.4833688736, 13.7657814026, 23.4287872314, -0.915126442909, 46.8897590637, 31.0276527405, 155.79107666, 41.3049278259, 13.1818857193, -17.400560379, 5.79306316376], [57.9231147766, -116.057350159, 5.6448931694, 13.741065979, 4.74946260452, 35.881690979, -35.6138076782, 26.5016555786, 41.3049278259, 154.371231079, 33.7232666016, 9.60880851746, -9.896692276], [-246.874725342, 49.041721344, -14.5239639282, -37.8773345947, 17.9921894073, -8.14719963074, 25.6954746246, -15.062420845, 13.1818857193, 33.7232666016, 145.649993896, 33.9523391724, 2.65355539322], [-131.300552368, -49.2953796387, -26.947183609, -17.4672603607, 15.2539224625, -30.2135829926, 21.6381721497, -14.5715646744, -17.400560379, 9.60880851746, 33.9523391724, 141.212371826, 35.3644790649], [-134.77041626, 60.1650047302, 3.41382074356, 18.9768257141, 12.420800209, -22.9555644989, 1.83295416832, -8.50365352631, 5.79306316376, -9.896692276, 2.65355539322, 35.3644790649, 105.519203186]]}, "silence_rate_20dB": {"mean": 1, "dvar": 0, "min": 1, "dmean": 0, "dmean2": 0, "dvar2": 0, "max": 1, "median": 1, "var": 0}, "dynamic_complexity": 4.94493675232, "silence_rate_60dB": {"mean": 0.173834472895, "dvar": 0.0557641088963, "min": 0, "dmean": 0.0592806786299, "dmean2": 0.11858279258, "dvar2": 0.117894731462, "max": 1, "median": 0, "var": 0.143613368273}, "dissonance": {"mean": 0.44492956996, "dvar": 0.000643976847641, "min": 0.218093678355, "dmean": 0.028002075851, "dmean2": 0.0471407212317, "dvar2": 0.00172069424298, "max": 0.499999970198, "median": 0.454421043396, "var": 0.00160283478908}, "barkbands": {"mean": [0.000138384639286, 0.00312371598557, 0.00273134023882, 0.00128020776901, 0.00240121060051, 0.00196039746515, 0.0019014228601, 0.00228799390607, 0.0018547498621, 0.00139335810672, 0.000785230833571, 0.000717825838365, 0.000401933561079, 0.000358201068593, 0.000342994841048, 0.000258939195191, 0.000214088577195, 0.000164720884641, 0.000149904415593, 0.00010901006317, 7.77347886469e-05, 3.04690274788e-05, 1.25940969156e-05, 4.18966737925e-06, 1.53804307956e-06, 8.33844978843e-07, 5.67638167581e-08], "dvar": [2.41364066511e-08, 1.44786572491e-05, 1.98749257834e-05, 6.69048313284e-06, 1.49445841089e-05, 5.00837722939e-06, 9.06489822228e-06, 1.61617772392e-05, 8.60178806761e-06, 6.25066422799e-06, 2.35164043261e-06, 2.26946826842e-06, 3.11218940396e-07, 3.11414254384e-07, 2.34137445432e-07, 1.16448816811e-07, 9.34830168831e-08, 3.04229708092e-08, 2.48667380021e-08, 1.78877677115e-08, 1.2163340557e-08, 2.40386666128e-09, 5.4334403643e-10, 9.58270962581e-11, 3.15715717458e-11, 3.55333089341e-11, 2.56954640942e-13], "min": [1.20758531548e-24, 1.15900856256e-23, 5.18661056826e-24, 7.45509527491e-24, 1.08252195025e-23, 2.39983146732e-23, 1.36331336071e-23, 1.74423772576e-23, 5.72180567634e-23, 3.7752301771e-23, 5.76695439475e-23, 2.42089547344e-23, 7.75285681893e-23, 5.25052250108e-23, 1.5609328309e-22, 1.25442591177e-22, 1.36050031427e-22, 1.99454190259e-22, 2.74809150043e-22, 2.14227055903e-22, 4.09138783121e-22, 4.3795623802e-22, 5.08503324089e-22, 9.13350072797e-22, 1.15566825096e-21, 1.55563118074e-21, 2.18748922732e-21], "dmean": [0.000119649681437, 0.00190435140394, 0.0020363307558, 0.00108247844037, 0.00174871773925, 0.00102241174318, 0.0011841597734, 0.00147054670379, 0.00112915667705, 0.000791571335867, 0.000466232420877, 0.000405314698583, 0.000228076474741, 0.000198807145352, 0.000184541844646, 0.000144345132867, 0.000110934000986, 8.29995478853e-05, 6.8267196184e-05, 5.21704168932e-05, 3.87101717934e-05, 1.76144494617e-05, 7.51017296352e-06, 2.92958156933e-06, 1.24207338104e-06, 8.63852164912e-07, 7.04814127062e-08], "dmean2": [0.00020067692094, 0.00262509705499, 0.00303534581326, 0.0017863928806, 0.00280515966006, 0.00157112325542, 0.001793990843, 0.00225633848459, 0.00172863400076, 0.00117656029761, 0.00069216376869, 0.000595521181822, 0.000349120382452, 0.000312611460686, 0.000268974312348, 0.000219793073484, 0.000167237536516, 0.000128371801111, 0.000101748373709, 7.79305555625e-05, 5.57296043553e-05, 2.58571326412e-05, 1.10487408165e-05, 4.33827108282e-06, 1.8732174567e-06, 1.40644874591e-06, 1.23870620428e-07], "dvar2": [6.32076151419e-08, 2.97512087855e-05, 4.42224372819e-05, 1.73127027665e-05, 3.55031879735e-05, 1.12080406325e-05, 1.98433299374e-05, 3.53361792804e-05, 1.83903684956e-05, 1.22739857034e-05, 3.83523820346e-06, 4.87691659146e-06, 6.22954360097e-07, 7.68545930896e-07, 4.93953734804e-07, 2.62811283847e-07, 1.84957258398e-07, 6.9385428958e-08, 5.04079231689e-08, 3.76733630958e-08, 2.55499017499e-08, 4.94466112499e-09, 1.09909281676e-09, 2.02725614074e-10, 6.3756659674e-11, 9.2884665237e-11, 7.28309990441e-13], "max": [0.00270604062825, 0.0556627772748, 0.0641404315829, 0.0386747941375, 0.0573849752545, 0.0690972357988, 0.0610501952469, 0.0939785242081, 0.0771092325449, 0.0615477450192, 0.0550563707948, 0.0412757955492, 0.0225197561085, 0.0177074242383, 0.0108052035794, 0.00723819574341, 0.010723833926, 0.00521683180705, 0.00463389372453, 0.00377178844064, 0.00279741501436, 0.000986954080872, 0.000840933236759, 0.000236764841247, 0.00018256471958, 0.000221990980208, 1.7642718376e-05], "median": [8.86623383849e-05, 0.000623345957138, 0.000372160749976, 0.000276384758763, 0.000791115686297, 0.000708810985088, 0.000553132616915, 0.000629732734524, 0.000483246345539, 0.000268824864179, 0.00019086926477, 0.000128963234602, 0.000119024851301, 6.19546044618e-05, 5.34595528734e-05, 6.62499223836e-05, 5.24357055838e-05, 5.16446889378e-05, 3.79840348614e-05, 2.09200097743e-05, 1.0413851669e-05, 4.44754550699e-06, 1.53031828631e-06, 1.85567415656e-07, 3.46667903273e-08, 4.49271375658e-08, 3.81517129e-09], "var": [3.3347671291e-08, 3.11993499054e-05, 3.1461888284e-05, 8.03921557235e-06, 2.68975200015e-05, 1.93031737581e-05, 1.93456526176e-05, 3.58391298505e-05, 2.03628660529e-05, 1.73067383002e-05, 6.90764090905e-06, 6.42302393317e-06, 8.26551456612e-07, 9.84835537565e-07, 7.35365006221e-07, 2.96391732491e-07, 2.71548998398e-07, 1.03143364072e-07, 9.89952084751e-08, 5.94871352178e-08, 3.97428046028e-08, 6.21054407901e-09, 1.47406198359e-09, 1.85458592927e-10, 5.00026617334e-11, 2.97675738226e-11, 1.7933380204e-13]}, "spectral_complexity": {"mean": 13.7280445099, "dvar": 10.2534646988, "min": 0, "dmean": 2.77896261215, "dmean2": 4.00036144257, "dvar2": 17.8598327637, "max": 50, "median": 13, "var": 70.7728042603}, "spectral_energyband_high": {"mean": 0.000181824812898, "dvar": 4.10599945155e-08, "min": 7.63427686324e-21, "dmean": 8.11980644357e-05, "dmean2": 0.000115973380161, "dvar2": 7.7524994424e-08, "max": 0.0047370325774, "median": 3.02509124595e-05, "var": 1.57809978418e-07}, "hfc": {"mean": 13.0845766068, "dvar": 26.4640445709, "min": 1.13298941736e-16, "dmean": 3.59460735321, "dmean2": 4.67474031448, "dvar2": 42.262638092, "max": 89.6107177734, "median": 8.09039783478, "var": 199.901657104}, "melbands_kurtosis": {"mean": 7.5811214447, "dvar": 58.1399459839, "min": -1.7325180769, "dmean": 4.31356620789, "dmean2": 6.70335388184, "dvar2": 135.577072144, "max": 277.005249023, "median": 3.99642562866, "var": 187.114807129}, "spectral_strongpeak": {"mean": 1.05241298676, "dvar": 0.550536572933, "min": 0, "dmean": 0.509610950947, "dmean2": 0.829954564571, "dvar2": 1.25418949127, "max": 9.53461742401, "median": 0.576846957207, "var": 1.70590889454}, "silence_rate_30dB": {"mean": 0.997289478779, "dvar": 0.00360163720325, "min": 0, "dmean": 0.00361467548646, "dmean2": 0.00723065808415, "dvar2": 0.0100707355887, "max": 1, "median": 1, "var": 0.00270314770751}, "melbands_spread": {"mean": 16.8891811371, "dvar": 31.7540855408, "min": 1.22386789322, "dmean": 4.3518075943, "dmean2": 6.62785339355, "dvar2": 67.6669845581, "max": 147.165634155, "median": 13.5888252258, "var": 149.681762695}, "melbands_crest": {"mean": 13.5994491577, "dvar": 9.03043937683, "min": 1.00115954876, "dmean": 3.4482357502, "dmean2": 5.53203201294, "dvar2": 22.654592514, "max": 33.774848938, "median": 12.6944713593, "var": 27.3856048584}, "average_loudness": 0.909284770489, "spectral_flux": {"mean": 0.0738481357694, "dvar": 0.000719402392861, "min": 6.62720919808e-11, "dmean": 0.023068016395, "dmean2": 0.0358080863953, "dvar2": 0.00158681871835, "max": 0.28555727005, "median": 0.0653980672359, "var": 0.00233567412943}, "spectral_rolloff": {"mean": 972.051940918, "dvar": 187947.3125, "min": 64.599609375, "dmean": 214.696182251, "dmean2": 357.424835205, "dvar2": 393166.5, "max": 18906.1523438, "median": 732.12890625, "var": 753319.375}, "melbands": {"mean": [0.000774439016823, 0.00135983806103, 0.000777553359512, 0.000463907636004, 0.000411427870858, 0.000408525840612, 0.000386062281905, 0.000460803450551, 0.000388152257074, 0.000254863931332, 0.000218564775423, 0.000156945781782, 0.000111387220386, 8.72129749041e-05, 5.31073928869e-05, 3.65841551684e-05, 3.88715488953e-05, 2.3219614377e-05, 2.7073565434e-05, 1.80171718966e-05, 1.67344041984e-05, 1.2684050489e-05, 1.02598378362e-05, 6.97414407114e-06, 6.00039811616e-06, 5.39604798178e-06, 4.6140808081e-06, 3.0055687148e-06, 2.77739559351e-06, 1.86830709481e-06, 1.13619535114e-06, 6.46647038138e-07, 5.48391540178e-07, 3.40216928407e-07, 1.90041845372e-07, 1.11508747125e-07, 6.57125056591e-08, 3.83188911712e-08, 2.40122570716e-08, 1.57549582269e-08], "dvar": [7.5691565371e-07, 3.56626901521e-06, 1.70288296886e-06, 7.41197709431e-07, 3.07661167653e-07, 2.25740166115e-07, 2.32364840258e-07, 6.66422977247e-07, 4.23128767579e-07, 1.8614657904e-07, 1.78059536893e-07, 5.80884567114e-08, 3.97829040821e-08, 2.90739379238e-08, 9.40812583394e-09, 2.02327976595e-09, 3.742611554e-09, 1.12322739998e-09, 1.51618584354e-09, 7.93423271528e-10, 4.42994196881e-10, 3.70519143145e-10, 1.60351218415e-10, 4.3565498431e-11, 4.44278155931e-11, 3.5447408897e-11, 3.21687329552e-11, 1.72302727641e-11, 1.85317768076e-11, 8.14164621138e-12, 3.41272409637e-12, 1.08365389145e-12, 1.27050898014e-12, 4.55908694044e-13, 1.68934568483e-13, 4.51627091573e-14, 2.5790560822e-14, 1.17377099387e-14, 6.24935318067e-15, 3.23944701359e-15], "min": [7.08145682918e-24, 1.08482282086e-23, 7.65695136992e-24, 2.166041849e-24, 6.34611579764e-24, 5.87177018546e-24, 2.43012230613e-24, 1.99067688647e-24, 1.10523144134e-23, 9.35643464995e-24, 4.00383985862e-24, 9.92318861186e-24, 6.46101299406e-24, 2.35621530843e-24, 6.81287020134e-24, 7.79793422432e-24, 3.91052510771e-24, 1.10544640593e-23, 7.66484786758e-24, 6.20869386137e-24, 9.76046159547e-24, 8.52538230807e-24, 5.04386776518e-24, 1.03234526909e-23, 9.33565842028e-24, 1.09661289929e-23, 7.35448868822e-24, 6.23310595094e-24, 9.46318961853e-24, 9.18776751094e-24, 9.45558421054e-24, 7.04260858504e-24, 7.89427701781e-24, 6.71065118296e-24, 7.60335063799e-24, 9.1838437168e-24, 9.60855065095e-24, 1.09559700421e-23, 8.35032066257e-24, 8.50934161042e-24], "dmean": [0.000456829555333, 0.000858658691868, 0.00057874515187, 0.000376561132725, 0.000221344380407, 0.00021841864509, 0.000222174159717, 0.000285173213342, 0.000242351452471, 0.000156688285642, 0.000130277243443, 8.73668686836e-05, 6.11021896475e-05, 4.68551443191e-05, 3.04386685457e-05, 1.99027817871e-05, 2.07297216548e-05, 1.29252493934e-05, 1.44626801557e-05, 1.06194338514e-05, 8.83169741428e-06, 6.85415625412e-06, 5.22666414327e-06, 3.6193100641e-06, 2.90967363981e-06, 2.57003853221e-06, 2.22031871999e-06, 1.50710434355e-06, 1.42719761698e-06, 9.85371457318e-07, 6.12212488704e-07, 3.85586048424e-07, 3.4197904597e-07, 2.14149167732e-07, 1.17987212889e-07, 7.27719751126e-08, 4.7095184641e-08, 2.94925737165e-08, 1.86601099017e-08, 1.27261046146e-08], "dmean2": [0.000626179680694, 0.00121734652203, 0.000921092927456, 0.000619353842922, 0.00032864062814, 0.000334286800353, 0.000332709343638, 0.000432954315329, 0.000372368784156, 0.000240788824158, 0.000190693128388, 0.000130745960632, 8.85530316737e-05, 6.75250194035e-05, 4.52883796243e-05, 3.06517977151e-05, 3.21036750393e-05, 1.9294613594e-05, 2.09249446925e-05, 1.61482985277e-05, 1.3390015738e-05, 1.04514792838e-05, 8.11058089312e-06, 5.65397249375e-06, 4.48993523605e-06, 3.86800638807e-06, 3.26630947711e-06, 2.27974305744e-06, 2.1451385237e-06, 1.43301519984e-06, 8.97450945558e-07, 5.75541889702e-07, 4.99470957038e-07, 3.17459097232e-07, 1.77976716031e-07, 1.05833478869e-07, 7.10325238629e-08, 4.54031869879e-08, 2.83921419708e-08, 1.90899971386e-08], "dvar2": [1.50892572037e-06, 6.81434403305e-06, 4.36963637185e-06, 1.87325872503e-06, 5.54929272312e-07, 5.19738875937e-07, 4.93562765769e-07, 1.41117766361e-06, 9.70829887592e-07, 3.87013898262e-07, 3.51217892103e-07, 1.20459361597e-07, 6.28846876793e-08, 6.18341360337e-08, 1.76203442948e-08, 4.56449633646e-09, 9.3287484404e-09, 2.58814414344e-09, 3.12468961816e-09, 1.83608506177e-09, 9.77531389168e-10, 7.86602505354e-10, 3.83279380456e-10, 1.0255270938e-10, 9.60125590144e-11, 7.76249550749e-11, 6.79861861252e-11, 3.3102617869e-11, 3.88677111329e-11, 1.76248061284e-11, 7.41184717767e-12, 2.28423074726e-12, 2.63636616878e-12, 9.02425866239e-13, 3.7864489647e-13, 9.03463027589e-14, 5.63653263603e-14, 2.59739959711e-14, 1.38869577865e-14, 6.63993574276e-15], "max": [0.0129946470261, 0.0313547104597, 0.0169850159436, 0.0127655807883, 0.0175243914127, 0.0130053330213, 0.0116146765649, 0.0190026015043, 0.0179090984166, 0.0113334162161, 0.0114376312122, 0.00530216284096, 0.00826373137534, 0.00589316803962, 0.00394858140498, 0.00109480821993, 0.0018947905628, 0.000721671443898, 0.00105480628554, 0.000716203765478, 0.000550099706743, 0.000571799871977, 0.000402660865802, 0.000134708869155, 0.000190509934328, 0.000188618956599, 0.000204684271012, 0.000136562084663, 0.000101340308902, 6.92164467182e-05, 4.97358196299e-05, 2.590987242e-05, 3.2579908293e-05, 2.21668979066e-05, 1.42317339851e-05, 6.7203081926e-06, 3.67556117453e-06, 3.09587062475e-06, 2.1437920168e-06, 1.47051468957e-06], "median": [0.00016152029275, 0.000264865666395, 0.000199337286176, 0.000150356674567, 0.000127540086396, 0.000154750436195, 0.00013413085253, 0.000113634057925, 0.000118085838039, 6.88604777679e-05, 4.17736664531e-05, 3.69719018636e-05, 2.71335375146e-05, 1.4154747987e-05, 1.37403485496e-05, 1.08451649794e-05, 6.94299433235e-06, 4.52806852991e-06, 4.64967888547e-06, 4.52686344943e-06, 3.88808848584e-06, 3.07877121486e-06, 2.83668009615e-06, 2.27124974117e-06, 1.61933530762e-06, 1.29209581701e-06, 8.69408495419e-07, 5.4405040828e-07, 4.07333658359e-07, 2.27329479685e-07, 1.44941793678e-07, 9.17248001997e-08, 6.62741470592e-08, 3.93394401499e-08, 2.19451639083e-08, 9.2171017485e-09, 2.67834243672e-09, 9.49944012341e-10, 3.25276500179e-10, 1.91183374687e-10], "var": [1.75238812972e-06, 7.30420515538e-06, 2.09200675272e-06, 9.0200444447e-07, 1.26843599446e-06, 7.99691406428e-07, 6.17923319624e-07, 1.65002722952e-06, 8.79305503076e-07, 3.97565230514e-07, 4.67391686243e-07, 1.68904279008e-07, 1.38391783366e-07, 1.08263058962e-07, 2.22746479039e-08, 5.50455370174e-09, 1.20396839165e-08, 2.7947908432e-09, 4.93763208098e-09, 1.72293745937e-09, 1.38799050031e-09, 9.29784804704e-10, 5.31346300292e-10, 1.45223166825e-10, 1.45967266052e-10, 1.3040681035e-10, 1.24143043068e-10, 5.05021024999e-11, 5.08741104799e-11, 2.44169493652e-11, 1.15655722846e-11, 2.94875430497e-12, 2.90940166923e-12, 1.19126355915e-12, 3.65988381094e-13, 1.16034650421e-13, 4.55128454726e-14, 2.06490284805e-14, 1.10424720718e-14, 5.41369757996e-15]}, "spectral_energy": {"mean": 0.0227030143142, "dvar": 0.000106488165329, "min": 1.05993469664e-20, "dmean": 0.00755318393931, "dmean2": 0.0101551674306, "dvar2": 0.000198185793124, "max": 0.138483196497, "median": 0.0156314596534, "var": 0.000493260915391}, "spectral_decrease": {"mean": -5.70082470119e-09, "dvar": 7.01242116138e-18, "min": -3.5523861186e-08, "dmean": 1.92680005284e-09, "dmean2": 2.5978879048e-09, "dvar2": 1.31533446817e-17, "max": 7.03889742743e-28, "median": -3.88366583337e-09, "var": 3.16083215198e-17}, "erbbands_spread": {"mean": 23.4235076904, "dvar": 43.4042816162, "min": 2.05111598969, "dmean": 5.61102819443, "dmean2": 8.45446777344, "dvar2": 92.4506912231, "max": 118.784339905, "median": 20.4413375854, "var": 181.135421753}, "spectral_contrast_coeffs": {"mean": [-0.66872626543, -0.722829163074, -0.747488439083, -0.774746894836, -0.801608860493, -0.667722463608], "dvar": [0.00239020283334, 0.0017934696516, 0.00116406427696, 0.000685182225425, 0.000333411124302, 0.00130248279311], "min": [-0.981987297535, -0.98623996973, -0.997914373875, -0.987670838833, -0.98915553093, -0.965327441692], "dmean": [0.0555258877575, 0.0509740076959, 0.0409969836473, 0.0307606924325, 0.0211344473064, 0.0386727638543], "dmean2": [0.0878105387092, 0.0828959643841, 0.0659595504403, 0.0487697869539, 0.0330053418875, 0.0577631518245], "dvar2": [0.00541021442041, 0.00437545310706, 0.00269264983945, 0.00158635224216, 0.000747531361412, 0.00292075867765], "max": [-0.320374667645, -0.324993103743, -0.345243245363, -0.538966715336, -0.60571628809, -0.318378210068], "median": [-0.671425223351, -0.733205378056, -0.758579850197, -0.780568480492, -0.807591080666, -0.676852226257], "var": [0.00863876286894, 0.00717466603965, 0.00595649145544, 0.00366153474897, 0.00227497564629, 0.00864430703223]}, "spectral_energyband_middle_high": {"mean": 0.0045996424742, "dvar": 9.1342626547e-06, "min": 1.44705887858e-21, "dmean": 0.00152361602522, "dmean2": 0.00206873100251, "dvar2": 1.64651009982e-05, "max": 0.0610487870872, "median": 0.00189909269102, "var": 5.50011827727e-05}, "erbbands_crest": {"mean": 11.1111507416, "dvar": 8.37993049622, "min": 2.31584119797, "dmean": 3.13712573051, "dmean2": 5.02942609787, "dvar2": 20.4835834503, "max": 32.2816505432, "median": 9.82641792297, "var": 27.3384170532}, "barkbands_crest": {"mean": 10.1974868774, "dvar": 5.55402088165, "min": 2.93249106407, "dmean": 2.70257019997, "dmean2": 4.39230108261, "dvar2": 14.0492677689, "max": 25.4621810913, "median": 9.28171348572, "var": 17.3480949402}, "pitch_salience": {"mean": 0.569988250732, "dvar": 0.00459498073906, "min": 0.139759987593, "dmean": 0.0768921375275, "dmean2": 0.125741705298, "dvar2": 0.0119307516143, "max": 0.996073901653, "median": 0.580408573151, "var": 0.013831618242}, "melbands_skewness": {"mean": 1.73288178444, "dvar": 0.434687554836, "min": -1.57071626186, "dmean": 0.618060529232, "dmean2": 0.936380028725, "dvar2": 1.01634347439, "max": 13.5571603775, "median": 1.47083163261, "var": 1.92481017113}, "spectral_spread": {"mean": 2642379, "dvar": 272309305344, "min": 655904.625, "dmean": 312525.3125, "dmean2": 469711.21875, "dvar2": 523429675008, "max": 41112756, "median": 2470242, "var": 1488397926400.0}, "spectral_entropy": {"mean": 7.09072113037, "dvar": 0.0263171996921, "min": 5.15657234192, "dmean": 0.161443769932, "dmean2": 0.23838147521, "dvar2": 0.0554213598371, "max": 9.80883979797, "median": 7.12784290314, "var": 0.174999982119}, "erbbands_flatness_db": {"mean": 0.236338332295, "dvar": 0.000364503997844, "min": 0.0526274070144, "dmean": 0.0197660550475, "dmean2": 0.0284205842763, "dvar2": 0.000720424694009, "max": 0.413475424051, "median": 0.238134428859, "var": 0.00214632134885}, "spectral_kurtosis": {"mean": 9.11384773254, "dvar": 30.3450775146, "min": -1.21206724644, "dmean": 4.80799674988, "dmean2": 8.31554317474, "dvar2": 84.039894104, "max": 163.597671509, "median": 6.64382648468, "var": 87.4946670532}, "erbbands_skewness": {"mean": 0.695508778095, "dvar": 0.126480683684, "min": -2.56889843941, "dmean": 0.391092509031, "dmean2": 0.602934420109, "dvar2": 0.294937968254, "max": 4.43864011765, "median": 0.657664597034, "var": 0.610405385494}, "erbbands_kurtosis": {"mean": 1.3440015316, "dvar": 2.51921796799, "min": -1.77608120441, "dmean": 1.22286617756, "dmean2": 1.91635143757, "dvar2": 6.08765172958, "max": 26.1066055298, "median": 0.590062737465, "var": 6.66023731232}, "barkbands_spread": {"mean": 13.2637004852, "dvar": 13.066034317, "min": 0.991135537624, "dmean": 3.24583292007, "dmean2": 4.9785695076, "dvar2": 28.1182384491, "max": 79.1302108765, "median": 11.5167541504, "var": 62.9288711548}, "zerocrossingrate": {"mean": 0.0370904058218, "dvar": 5.79494590056e-05, "min": 0.00634765625, "dmean": 0.00499127060175, "dmean2": 0.00595302414149, "dvar2": 7.56933732191e-05, "max": 0.50927734375, "median": 0.03173828125, "var": 0.000533841026481}, "spectral_centroid": {"mean": 971.429992676, "dvar": 47517.0976563, "min": 230.68888855, "dmean": 161.10295105, "dmean2": 244.24911499, "dvar2": 98620.421875, "max": 11306.2421875, "median": 815.25012207, "var": 327555.71875}, "barkbands_skewness": {"mean": 1.17485809326, "dvar": 0.234579384327, "min": -2.01251959801, "dmean": 0.490112006664, "dmean2": 0.745157599449, "dvar2": 0.558766245842, "max": 8.86134815216, "median": 1.02885580063, "var": 1.13758993149}, "melbands_flatness_db": {"mean": 0.274565815926, "dvar": 0.000612722476944, "min": 2.15716440266e-08, "dmean": 0.0262996200472, "dmean2": 0.0377508439124, "dvar2": 0.00130655628163, "max": 0.506972193718, "median": 0.275619447231, "var": 0.00477536767721}, "spectral_contrast_valleys": {"mean": [-7.65500068665, -6.79594135284, -7.57549476624, -8.21957492828, -8.22701454163, -13.0560741425], "dvar": [0.144634485245, 0.124485850334, 0.113004535437, 0.108198232949, 0.116492509842, 0.361471354961], "min": [-27.7641429901, -27.3406639099, -27.4592819214, -27.3584461212, -27.467962265, -27.3808078766], "dmean": [0.433681696653, 0.384683459997, 0.34553489089, 0.317562669516, 0.274522542953, 0.620036840439], "dmean2": [0.657187700272, 0.596829891205, 0.523013651371, 0.463034838438, 0.3808606565, 0.899321675301], "dvar2": [0.28656744957, 0.234410017729, 0.196491539478, 0.17220300436, 0.178345039487, 0.79743462801], "max": [-5.26014566422, -4.72925186157, -5.27613544464, -5.95118284225, -5.78448963165, -8.86960220337], "median": [-7.56596040726, -6.6029548645, -7.40953874588, -8.04445075989, -8.09552097321, -13.2868099213], "var": [1.45149970055, 1.33830630779, 1.33930194378, 1.36643528938, 1.40562057495, 1.98161399364]}, "barkbands_flatness_db": {"mean": 0.197911798954, "dvar": 0.000394895876525, "min": 0.0601333454251, "dmean": 0.