{"tonal": {"chords_number_rate": 0.00229560304433, "thpcp": [1, 0.669487416744, 0.376541137695, 0.699672281742, 0.935548245907, 0.609106481075, 0.285987228155, 0.205319449306, 0.198255851865, 0.344148606062, 0.422710925341, 0.427044987679, 0.69487041235, 0.686804294586, 0.331500917673, 0.215212315321, 0.226423338056, 0.224465891719, 0.334078431129, 0.418543249369, 0.292954027653, 0.194441944361, 0.172315701842, 0.166846454144, 0.297416806221, 0.416608422995, 0.337069034576, 0.320233166218, 0.411277294159, 0.383482664824, 0.328124374151, 0.345488637686, 0.424253046513, 0.530068099499, 0.59688436985, 0.809236705303], "hpcp": {"dvar": [0.0413463637233, 0.0449779108167, 0.0321321710944, 0.0319654233754, 0.0451752543449, 0.0348057411611, 0.033749230206, 0.0326942130923, 0.0247049741447, 0.02145707421, 0.0182119049132, 0.0206879638135, 0.0264495369047, 0.0337915346026, 0.037126287818, 0.0367605127394, 0.0515264980495, 0.0472895093262, 0.0450619608164, 0.0518895089626, 0.0636444613338, 0.0595056451857, 0.054363232106, 0.0574967488647, 0.0851285457611, 0.0503230243921, 0.0475493781269, 0.0554588958621, 0.0636288672686, 0.0506612285972, 0.0409553945065, 0.0361693948507, 0.027965573594, 0.0363176390529, 0.0323517546058, 0.034869544208], "mean": [0.187443241477, 0.185267388821, 0.0894232988358, 0.0580541230738, 0.0610783286393, 0.0605503022671, 0.0901185944676, 0.112903214991, 0.0790251716971, 0.0524512603879, 0.0464826412499, 0.0450072996318, 0.0802290141582, 0.112381286919, 0.0909253135324, 0.0863837972283, 0.110943205655, 0.103445522487, 0.0885124653578, 0.0931965261698, 0.114443443716, 0.14298735559, 0.161011233926, 0.218293875456, 0.269752800465, 0.180596098304, 0.10157302767, 0.188738554716, 0.252366751432, 0.164308175445, 0.0771458521485, 0.0553854964674, 0.0534800700843, 0.0928350538015, 0.114027455449, 0.115196578205], "min": [0, 0, 0, 0, 0, 0, 0, 0, 0, 0, 0, 0, 0, 0, 0, 0, 0, 0, 0, 0, 0, 0, 0, 0, 0, 0, 0, 0, 0, 0, 0, 0, 0, 0, 0, 0], "median": [0.0301197674125, 0.0292579866946, 0.0163449998945, 0.00610901834443, 0.00435001589358, 0.00512564601377, 0.0158885717392, 0.0211309958249, 0.0144125819206, 0.00542806787416, 0.00367679190822, 0.00499504804611, 0.0187608860433, 0.0249719284475, 0.0199477169663, 0.00751700159162, 0.00641240319237, 0.00676963105798, 0.00697143934667, 0.00602637976408, 0.0101860165596, 0.0211664550006, 0.0203397460282, 0.058312676847, 0.0512429252267, 0.0284603200853, 0.0112739372998, 0.0527132488787, 0.0682803764939, 0.0363642349839, 0.00670155696571, 0.0029764669016, 0.00398455187678, 0.00785063300282, 0.0110992919654, 0.0214374400675], "dvar2": [0.103910177946, 0.113343276083, 0.0874444842339, 0.0891435518861, 0.125418335199, 0.0945546999574, 0.091984398663, 0.084758117795, 0.0688631236553, 0.0590098947287, 0.0491841733456, 0.05637672171, 0.0720986276865, 0.0883209779859, 0.103195674717, 0.0998689308763, 0.131419941783, 0.125731095672, 0.122739218175, 0.138878315687, 0.159861043096, 0.154888063669, 0.131983295083, 0.142060428858, 0.194299429655, 0.122247293591, 0.126374736428, 0.148708045483, 0.15315079689, 0.136715456843, 0.113601177931, 0.100008480251, 0.0800492316484, 0.100277476013, 0.0811665281653, 0.0994907766581], "var": [0.096523925662, 0.0881094187498, 0.0291279610246, 0.0216297116131, 0.029589632526, 0.0247331168503, 0.0326991640031, 0.0435195192695, 0.022773059085, 0.0159329921007, 0.0144790578634, 0.0152090657502, 0.0237587206066, 0.0376184135675, 0.0306661967188, 0.0350008234382, 0.0595134273171, 0.0498371832073, 0.0396918728948, 0.0455986186862, 0.0606151521206, 0.0628770515323, 0.082567833364, 0.0848383978009, 0.139338716865, 0.0737730786204, 0.0435247719288, 0.0725037306547, 0.120078474283, 0.0638214275241, 0.0326593257487, 0.0255859307945, 0.0200861748308, 0.0449132658541, 0.0636563152075, 0.0371473357081], "dmean2": [0.211133614182, 0.217821672559, 0.175402879715, 0.157097190619, 0.168924242258, 0.156751468778, 0.172278508544, 0.177476465702, 0.15214972198, 0.121497265995, 0.10337010771, 0.109279848635, 0.148889809847, 0.181575983763, 0.183623880148, 0.178239420056, 0.204370051622, 0.204555407166, 0.199387520552, 0.216750636697, 0.250473052263, 0.273988991976, 0.240486815572, 0.298883706331, 0.349746763706, 0.249579876661, 0.221744984388, 0.285760700703, 0.296581834555, 0.255128860474, 0.188346251845, 0.148891359568, 0.142581999302, 0.16799941659, 0.153944179416, 0.199343726039], "max": [1, 1, 1, 1, 1, 1, 1, 1, 1, 1, 1, 1, 1, 1, 1, 1, 1, 1, 1, 1, 1, 1, 1, 1, 1, 1, 1, 1, 1, 1, 1, 1, 1, 1, 1, 1], "dmean": [0.119982808828, 0.125594615936, 0.0991474539042, 0.0849747434258, 0.0908466130495, 0.0857254564762, 0.0965886861086, 0.1014790833, 0.085850790143, 0.0676279887557, 0.0574201047421, 0.0599709711969, 0.0843063592911, 0.103613443673, 0.10176295042, 0.0987867712975, 0.113358743489, 0.115584589541, 0.111818440259, 0.120163649321, 0.140437617898, 0.155475392938, 0.136445552111, 0.172911003232, 0.202050507069, 0.144255906343, 0.123000562191, 0.163628011942, 0.17013412714, 0.145505681634, 0.10330209136, 0.0804336443543, 0.0771013051271, 0.0928268656135, 0.0872356370091, 0.109878920019]}, "key_strength": 0.473103553057, "chords_strength": {"dvar": 0.000432325701695, "mean": 0.47816208005, "min": -1, "median": 0.487411230803, "dvar2": 0.000802697788458, "var": 0.0151890087873, "dmean2": 0.0130511820316, "max": 0.721980154514, "dmean": 0.0117964800447}, "tuning_equal_tempered_deviation": 0.225787088275, "chords_key": "F#", "tuning_frequency": 434.193115234, "chords_scale": "minor", "chords_changes_rate": 0.0752251446247, "key_scale": "major", "tuning_diatonic_strength": 0.508906900883, "hpcp_entropy": {"dvar": 0.314549833536, "mean": 2.00841569901, "min": 0, "median": 2.02447104454, "dvar2": 0.836781561375, "var": 0.571708679199, "dmean2": 1.1520036459, "max": 4.3901848793, "dmean": 0.674741566181}, "chords_histogram": [15.1333217621, 7.32827138901, 3.79657435417, 0.40614515543, 3.86720824242, 0.476779103279, 7.20466184616, 3.24916124344, 2.96662545204, 0.618046998978, 0.229560300708, 0.0353169701993, 0.15892636776, 0, 1.05950903893, 3.79657435417, 2.11901807785, 0.776973307133, 0, 0.6533639431, 0, 4.59120607376, 2.54282188416, 38.9899330139], "tuning_nontempered_energy_ratio": 0.923721015453, "key_key": "A"}, "metadata": {"version": {"extractor": "music 1.0", "essentia_build_sha": "2d9f1f26377add8aeb1075a9c2973f962c4f09fd", "essentia": "2.1-beta2", "essentia_git_sha": "v2.1_beta2-1-ge3940c0"}, "audio_properties": {"sample_rate": 44100, "length": 262.919555664, "lossless": false, "analysis_sample_rate": 44100, "downmix": "mix", "bit_rate": 127322, "equal_loudness": 0, "md5_encoded": "d4ca979598af0052c72a72e4f57e82e4", "codec": "aac", "replay_gain": -12.7055454254}, "tags": {"genre": ["Hip hop/rap"], "catalognumber": ["3P 491960 2"], "musicbrainz_recordingid": ["24f6a3a6-6751-4531-a241-3f4f393ad749"], "language": ["German"], "title": ["Letzte Bitte"], "discnumber": ["1/1"], "artistsort": ["Sabrina Setlur"], "musicbrainz_artistid": ["2a13e454-9966-4dbc-a459-5a398609d9b1"], "encodedby": ["iTunes v6.0.0.18, QuickTime 7.0.3"], "tracknumber": ["14/15"], "musicbrainz_albumartistid": ["2a13e454-9966-4dbc-a459-5a398609d9b1"], "barcode": ["5099749196025"], "date": ["1999"], "albumartistsort": ["Sabrina Setlur"], "musicbrainz_releasegroupid": ["5ec8dd58-4b1f-3629-a891-84e04ec87cc3"], "media": ["CD"], "bpm": ["0"], "label": ["Pelham Power Productions"], "artist": ["Sabrina Setlur"], "script": ["Latin"], "musicbrainz_albumid": ["ae6c97df-99bc-4e48-97eb-a4dace20df33"], "file_name": "14. Letzte Bitte_4-23.m4a", "album": ["Aus Der Sicht Und Mit Den Worten Von..."]}}, "lowlevel": {"melbands": {"dvar": [2.156600749e-05, 7.51977495383e-05, 1.96805576707e-05, 1.00894192201e-06, 3.54465612418e-07, 4.67951792871e-07, 1.41866792092e-07, 7.92416514628e-08, 2.33276878703e-07, 1.35811447421e-07, 2.12905888475e-08, 1.37326665595e-08, 4.01587785248e-09, 8.02493005381e-09, 2.57963144179e-08, 6.12837647296e-09, 6.93672896901e-09, 5.37229682962e-09, 2.32579111525e-09, 4.20479651098e-09, 1.19372589591e-09, 3.24243387695e-09, 2.52342924334e-09, 1.51761336831e-09, 4.88145190936e-10, 1.45708861643e-10, 3.45305103955e-11, 3.17464943222e-11, 4.11434462888e-11, 2.51906186882e-11, 3.6138283338e-11, 5.3863007804e-11, 5.6295530737e-11, 8.55231649388e-11, 9.94105769925e-11, 2.20472945456e-10, 6.55936485683e-11, 1.39871475513e-10, 1.37416328316e-10, 2.27443029688e-11], "mean": [0.00269618676975, 0.00443566637114, 0.00187041366007, 0.000569407478906, 0.000405168975703, 0.000565568858292, 0.000229354234762, 0.000164008728461, 0.000147408529301, 0.000118902695249, 5.95748570049e-05, 4.52775639133e-05, 2.99618295685e-05, 2.68880867225e-05, 3.58328215952e-05, 1.84595537576e-05, 1.92241623154e-05, 1.9708306354e-05, 1.46303837028e-05, 1.52801476361e-05, 9.18148271012e-06, 1.73217267729e-05, 1.27314469864e-05, 1.02718522612e-05, 6.55053008813e-06, 4.12806457462e-06, 2.55458485299e-06, 2.50515699918e-06, 2.81116535916e-06, 2.30455771089e-06, 2.52616337093e-06, 2.35424909079e-06, 2.7101368687e-06, 2.82516884909e-06, 3.47270656675e-06, 3.53449740942e-06, 2.45039564106e-06, 3.4555455386e-06, 3.1903909985e-06, 2.20731180889e-06], "min": [9.83271139363e-25, 8.66094923792e-25, 1.49586999735e-24, 8.15655354728e-25, 1.94863947491e-24, 1.24914950911e-24, 1.30459893657e-24, 2.79852764584e-24, 2.18633352085e-24, 1.68797399663e-24, 2.33863672645e-24, 1.8378352833e-24, 1.50883916645e-24, 2.14447596957e-24, 3.64334896317e-24, 3.03978576534e-24, 3.05155675334e-24, 3.22955651128e-24, 2.62934143635e-24, 4.4895549286e-24, 3.9167886633e-24, 4.31638812699e-24, 3.66141545562e-24, 4.00515488975e-24, 3.08353086355e-24, 5.06056124522e-24, 5.23782617924e-24, 4.59821262969e-24, 5.08027566811e-24, 6.37704940032e-24, 5.3003126404e-24, 6.37465599633e-24, 4.94342605042e-24, 5.05253300779e-24, 5.97354468072e-24, 5.57232016356e-24, 6.24776850859e-24, 6.0125968454e-24, 6.63885300767e-24, 7.16869616783e-24], "median": [0.00114137586206, 0.00128803681582, 0.00065468653338, 0.00021244015079, 0.000151142536197, 0.000164191500517, 8.61580047058e-05, 3.27976522385e-05, 1.65878336702e-05, 1.13668738777e-05, 9.14978318178e-06, 7.42617248761e-06, 3.4445683923e-06, 2.66641836788e-06, 1.88009130397e-06, 2.17515275835e-06, 1.5416419501e-06, 1.29205420762e-06, 8.52951075103e-07, 6.06030425843e-07, 5.52890924155e-07, 6.18628916982e-07, 5.50566483071e-07, 4.737575523e-07, 5.03952946929e-07, 6.61438832594e-07, 4.69748897558e-07, 5.48162006453e-07, 3.85281595072e-07, 3.08874462007e-07, 2.43948250045e-07, 2.90377386136e-07, 2.9486940889e-07, 2.33563412166e-07, 2.62049127286e-07, 2.91180015211e-07, 3.63160552297e-07, 4.1328394218e-07, 4.1879559376e-07, 3.50825501982e-07], "dvar2": [5.957398389e-05, 0.000192749095731, 5.13649538334e-05, 2.45705723501e-06, 9.44519626955e-07, 1.13662053991e-06, 3.13601020707e-07, 1.76494324933e-07, 4.68508716267e-07, 2.95049289889e-07, 5.29356398715e-08, 3.06343892476e-08, 7.85067566511e-09, 2.09605683921e-08, 6.46037605634e-08, 1.75812395753e-08, 1.91467055544e-08, 1.18646861225e-08, 3.9807579455e-09, 1.0431548958e-08, 3.06001668449e-09, 5.08984321357e-09, 5.03147656872e-09, 3.10505710033e-09, 1.10606868109e-09, 3.64151986343e-10, 8.25310028651e-11, 7.32972432749e-11, 8.6716737957e-11, 5.57435833604e-11, 8.28525789642e-11, 1.43992137658e-10, 1.43463185776e-10, 1.90171448033e-10, 2.30886462727e-10, 6.08861683293e-10, 1.75246941958e-10, 3.27338656181e-10, 3.53915619034e-10, 5.53255115332e-11], "var": [2.25334479182e-05, 7.5438474596e-05, 1.60264080478e-05, 1.28648184727e-06, 4.47308366347e-07, 9.64721266428e-07, 2.9886291486e-07, 1.35500286547e-07, 2.81955720993e-07, 1.57258241984e-07, 2.90734227804e-08, 2.08934913815e-08, 6.71195543589e-09, 8.55812576361e-09, 2.43538735845e-08, 4.30103241911e-09, 6.20136031415e-09, 6.64205801471e-09, 3.43980510742e-09, 4.5311696617e-09, 1.44306655514e-09, 5.54655343876e-09, 3.21741144838e-09, 1.91850557663e-09, 5.65618385462e-10, 1.5680776122e-10, 5.3910879233e-11, 5.32606216075e-11, 5.99349944674e-11, 3.51655995989e-11, 4.78854143837e-11, 4.78017660177e-11, 5.06073447037e-11, 8.66246588349e-11, 9.49218550983e-11, 1.46253675837e-10, 4.96489828417e-11, 1.29999788712e-10, 1.07687088413e-10, 2.44501571767e-11], "dmean2": [0.00355236022733, 0.00600231578574, 0.00288231368177, 0.000721586635336, 0.000487280776724, 0.000558378058486, 0.000256458006334, 0.000198355104658, 0.000214095838601, 0.000162619791809, 7.2125440056e-05, 5.81054118811e-05, 3.50175942003e-05, 4.2848794692e-05, 5.83119144721e-05, 3.48661997123e-05, 3.40388942277e-05, 2.72132656391e-05, 2.00797276193e-05, 2.39941891778e-05, 1.43319111885e-05, 2.08363053389e-05, 1.80776241905e-05, 1.39240310091e-05, 9.53954167926e-06, 6.52745166008e-06, 3.62815990229e-06, 3.26639792547e-06, 3.8314046833e-06, 3.084582886e-06, 3.86616648029e-06, 4.27025224781e-06, 4.76089508084e-06, 4.72652254757e-06, 6.21816843704e-06, 8.37606057758e-06, 4.78169204143e-06, 6.19581987849e-06, 6.12271833234e-06, 3.32535728376e-06], "max": [0.0414124764502, 0.0690629184246, 0.0353572033346, 0.0195342265069, 0.0102139795199, 0.0128915729001, 0.0130451889709, 0.00647968472913, 0.0101253539324, 0.00534927705303, 0.00526572531089, 0.00499493675306, 0.00185816583689, 0.00159583694767, 0.00187207909767, 0.000807336240541, 0.00132500671316, 0.00104268745054, 0.000676284136716, 0.000817292311694, 0.000367380562238, 0.000840954890009, 0.000723593228031, 0.000451952917501, 0.000319239305099, 0.000350528949639, 0.000171118241269, 0.00015521136811, 0.000130538930534, 0.000101222736703, 0.000223634327995, 0.00015021643776, 0.000108083579107, 9.6927593404e-05, 8.69083814905e-05, 0.000130528802401, 0.000104058046418, 0.000127722363686, 0.000120306154713, 6.83464604663e-05], "dmean": [0.00215277448297, 0.00366203999147, 0.00172630965244, 0.000440248142695, 0.000292243785225, 0.000351159047568, 0.000158817099873, 0.000124110782053, 0.000142411430716, 0.000108392741822, 4.52007188869e-05, 3.56737727998e-05, 2.28879580391e-05, 2.52423906204e-05, 3.64655898011e-05, 1.93771466002e-05, 1.96297642105e-05, 1.84696364158e-05, 1.41031578096e-05, 1.49609195432e-05, 8.49747539178e-06, 1.48174876813e-05, 1.30523503685e-05, 9.781283552e-06, 6.38800520392e-06, 4.0496620386e-06, 2.21365712605e-06, 2.08335245588e-06, 2.52496556641e-06, 2.06558547688e-06, 2.52200288742e-06, 2.54162728197e-06, 2.95096037917e-06, 2.91013270726e-06, 3.8983689592e-06, 4.76237346447e-06, 2.88032742901e-06, 3.78364188691e-06, 3.7244806208e-06, 2.11643282455e-06]}, "spectral_decrease": {"dvar": 9.06058372009e-17, "mean": -8.50383319317e-09, "min": -7.19707102803e-08, "median": -4.61618121506e-09, "dvar2": 2.02991829621e-16, "var": 1.29873285401e-16, "dmean2": 7.60460761029e-09, "max": 4.96319096932e-11, "dmean": 5.04410158086e-09}, "spectral_rolloff": {"dvar": 5971372, "mean": 1728.41687012, "min": 64.599609375, "median": 387.59765625, "dvar2": 12803851, "var": 11182336, "dmean2": 1763.56152344, "max": 19573.6816406, "dmean": 1004.60186768}, "melbands_crest": {"dvar": 10.5204563141, "mean": 16.5688972473, "min": 1.57815563679, "median": 16.560749054, "dvar2": 24.7706203461, "var": 30.0300273895, "dmean2": 5.47938776016, "max": 37.0619506836, "dmean": 3.43664765358}, "barkbands_skewness": {"dvar": 1.78723788261, "mean": 2.71233224869, "min": -5.83826160431, "median": 2.42119693756, "dvar2": 3.85912060738, "var": 4.81015825272, "dmean2": 1.7897721529, "max": 17.5454730988, "dmean": 1.20364427567}, "spectral_centroid": {"dvar": 377104.125, "mean": 998.490539551, "min": 103.021896362, "median": 617.807922363, "dvar2": 813628.75, "var": 1500716, "dmean2": 580.166564941, "max": 12030.9755859, "dmean": 374.556396484}, "spectral_energyband_middle_low": {"dvar": 0.000147333892528, "mean": 0.0109052117914, "min": 1.85298352683e-22, "median": 0.00530678313226, "dvar2": 0.000348987377947, "var": 0.000208635610761, "dmean2": 0.0104583790526, "max": 0.115285687149, "dmean": 0.00671335449442}, "erbbands_crest": {"dvar": 9.31017589569, "mean": 10.4111747742, "min": 2.11927175522, "median": 9.09367275238, "dvar2": 21.5236339569, "var": 27.7062206268, "dmean2": 5.13196325302, "max": 31.7054729462, "dmean": 3.1922955513}, "dynamic_complexity": 4.24352741241, "spectral_energyband_low": {"dvar": 0.00106872257311, "mean": 0.0213364027441, "min": 1.26223258973e-23, "median": 0.00842642132193, "dvar2": 0.00246315519325, "var": 0.00136277731508, "dmean2": 0.023090519011, "max": 0.260848701, "dmean": 0.0147675778717}, "silence_rate_60dB": {"dvar": 0.0452568903565, "mean": 0.120717063546, "min": 0, "median": 0, "dvar2": 0.0994313284755, "var": 0.106157526374, "dmean2": 0.0950362160802, "max": 1, "dmean": 0.0475139096379}, "erbbands_kurtosis": {"dvar": 34.2085800171, "mean": 4.12722206116, "min": -1.95570707321, "median": 1.0186855793, "dvar2": 71.8693618774, "var": 90.5410614014, "dmean2": 5.2579460144, "max": 132.06060791, "dmean": 3.39977574348}, "spectral_complexity": {"dvar": 32.8180198669, "mean": 9.76969242096, "min": 0, "median": 7, "dvar2": 55.5235214233, "var": 88.2015762329, "dmean2": 4.97279644012, "max": 56, "dmean": 3.43460202217}, "barkbands_crest": {"dvar": 6.90471458435, "mean": 11.6643676758, "min": 2.81888198853, "median": 11.1865406036, "dvar2": 16.5366096497, "var": 18.8471565247, "dmean2": 4.45942401886, "max": 25.2688865662, "dmean": 2.81832289696}, "spectral_energy": {"dvar": 0.00136060698424, "mean": 0.0338391438127, "min": 1.01346604859e-20, "median": 0.0186602734029, "dvar2": 0.00303149363026, "var": 0.00196641520597, "dmean2": 0.0301080066711, "max": 0.275070041418, "dmean": 0.0200369469821}, "spectral_spread": {"dvar": 4402618302460.0, "mean": 7474703.5, "min": 472078.5625, "median": 6180266.5, "dvar2": 7285066694660.0, "var": 26080385695700.0, "dmean2": 2227933.75, "max": 42963532, "dmean": 1649848}, "spectral_contrast_valleys": {"dvar": [0.255997657776, 0.324880570173, 0.358048498631, 0.417405098677, 0.443943738937, 0.473315119743], "mean": [-7.38971138, -7.45714855194, -8.46204376221, -9.10276603699, -8.86265182495, -10.4049749374], "min": [-27.9913311005, -28.2879638672, -27.8435878754, -27.6965351105, -27.5070095062, -27.4485797882], "median": [-6.99353599548, -7.21752071381, -8.19200134277, -8.82025909424, -8.52288627625, -10.07289505], "dvar2": [0.470620721579, 0.70492708683, 0.721920609474, 0.777824342251, 0.790750920773, 0.89544993639], "var": [4.50851774216, 4.21327590942, 4.38417863846, 4.53702354431, 4.86977624893, 4.71380758286], "dmean2": [0.696432113647, 0.772479116917, 0.717299520969, 0.722871005535, 0.701177716255, 0.70580124855], "max": [-4.83106231689, -4.48042821884, -5.12301826477, -5.50900697708, -5.49854803085, -7.32849597931], "dmean": [0.443787425756, 0.495063751936, 0.491055428982, 0.517582714558, 0.53711360693, 0.578895449638]}, "spectral_rms": {"dvar": 4.22813855039e-06, "mean": 0.00481149693951, "min": 3.14443544987e-12, "median": 0.00426674913615, "dvar2": 8.23944264994e-06, "var": 9.86322356766e-06, "dmean2": 0.00200118939392, "max": 0.0163817275316, "dmean": 0.00140836730134}, "barkbands_spread": {"dvar": 273.624725342, "mean": 21.3900623322, "min": 0.236102476716, "median": 11.3130264282, "dvar2": 554.08984375, "var": 599.91595459, "dmean2": 16.8430347443, "max": 134.720962524, "dmean": 11.1448640823}, "pitch_salience": {"dvar": 0.00637243594974, "mean": 0.509280145168, "min": 0.0978236198425, "median": 0.508054792881, "dvar2": 0.0155714340508, "var": 0.0169821362942, "dmean2": 0.135315343738, "max": 0.956742227077, "dmean": 0.0847110748291}, "erbbands_skewness": {"dvar": 0.730586886406, "mean": 0.984861493111, "min": -5.25938796997, "median": 0.887688875198, "dvar2": 1.52105557919, "var": 2.28781676292, "dmean2": 1.14780211449, "max": 7.79666137695, "dmean": 0.773372411728}, "spectral_energyband_middle_high": {"dvar": 3.97045951104e-05, "mean": 0.0022811521776, "min": 1.23392658491e-21, "median": 0.000345293956343, "dvar2": 8.41858200147e-05, "var": 5.45296425116e-05, "dmean2": 0.00259842956439, "max": 0.0808549150825, "dmean": 0.0017976280069}, "erbbands": {"dvar": [0.20975252986, 19.1540260315, 521.473571777, 836.975280762, 229.207138062, 307.621582031, 275.239440918, 1107.95043945, 682.676208496, 689.544921875, 2016.63098145, 4393.59521484, 877.146850586, 736.445922852, 302.544586182, 3681.67700195, 1291.8651123, 1606.42919922, 1376.25683594, 1017.82000732, 1214.09338379, 3013.36181641, 1693.94006348, 821.951538086, 163.545852661, 62.1327171326, 81.0860443115, 86.8399429321, 166.705596924, 180.337493896, 358.464233398, 234.836242676, 309.827331543, 49.9100952148, 14.1907920837, 2.27259874344, 0.12564752996, 0.0127048846334, 0.000682184298057, 2.89042475288e-07], "mean": [0.268470734358, 2.62324428558, 9.03935909271, 10.6095724106, 9.29854774475, 7.02075767517, 12.3753757477, 26.1549720764, 15.3033065796, 16.0424365997, 15.5418453217, 20.0481147766, 12.153131485, 10.8760242462, 8.54791164398, 13.5591812134, 9.11087226868, 10.1802120209, 11.6733703613, 10.5203962326, 9.0481338501, 16.25258255, 11.9091644287, 8.46441364288, 4.94253730774, 3.74147057533, 4.24696588516, 4.24881839752, 4.5043797493, 4.90653085709, 6.21892309189, 4.48474264145, 4.99618816376, 2.86116957664, 1.78311741352, 0.726548612118, 0.160735145211, 0.0430640764534, 0.00757077755406, 0.000198037960217], "min": [9.69374368441e-23, 3.87568019067e-22, 1.62748340878e-21, 5.0475809019e-21, 1.17349472018e-20, 2.46150613382e-20, 6.34229942553e-20, 6.38728706486e-20, 6.2383926159e-20, 2.44994689868e-19, 2.53707047218e-19, 2.86806395086e-19, 4.85641098051e-19, 5.41119119458e-19, 5.41335995875e-19, 1.34339808006e-18, 1.71973496328e-18, 2.54739451341e-18, 2.83673319269e-18, 2.65266875599e-18, 4.63132717422e-18, 4.89804866761e-18, 5.91270190778e-18, 4.6638564654e-18, 7.99888863577e-18, 7.89852681205e-18, 9.60078841206e-18, 1.03215158429e-17, 1.13135841572e-17, 1.04443232125e-17, 1.2095892703e-17, 1.1041741175e-17, 9.49742557708e-18, 8.78579547866e-18, 6.32928784864e-18, 3.98924104503e-18, 2.38089174149e-18, 9.61246840911e-19, 2.56689679561e-19, 2.63369185626e-20], "median": [0.0932122319937, 0.82924926281, 2.37313747406, 3.30301189423, 3.05114984512, 2.62500762939, 4.25178813934, 7.52862501144, 5.84895324707, 3.38905906677, 2.59936141968, 1.85626983643, 1.90267372131, 1.87746310234, 1.04132676125, 0.803695201874, 1.05773758888, 0.940361618996, 0.880827724934, 0.610429167747, 0.530586242676, 0.650844812393, 0.622001051903, 0.711338937283, 0.861308634281, 0.87603366375, 0.648008942604, 0.494763851166, 0.549527525902, 0.482299745083, 0.486308246851, 0.606953024864, 0.623726844788, 0.458652168512, 0.212423399091, 0.0745301246643, 0.0185150504112, 0.00334218889475, 0.000225413299631, 3.37710152962e-05], "dvar2": [0.590852200985, 48.7050552368, 1433.51867676, 2204.97094727, 584.296569824, 810.23059082, 716.658203125, 2696.07006836, 1508.62145996, 1542.80407715, 4038.49633789, 9499.46679688, 2162.37915039, 1593.33654785, 574.69342041, 9706.28125, 3495.93359375, 4432.35302734, 2557.359375, 1739.99853516, 3089.27514648, 4761.61132813, 3134.22143555, 1828.54077148, 405.500915527, 140.070373535, 171.815826416, 194.555007935, 438.662750244, 409.028320313, 871.172790527, 633.710449219, 737.065124512, 125.91129303, 32.344493866, 5.02417182922, 0.305119276047, 0.0252402685583, 0.00128061254509, 5.41825670552e-07], "var": [0.217822551727, 22.6434516907, 410.225616455, 644.026733398, 282.781097412, 279.976470947, 440.187469482, 2227.29101563, 1373.29577637, 1267.0534668, 2551.90527344, 4967.37353516, 1166.79492188, 1135.7857666, 523.809448242, 3287.38989258, 1063.94421387, 1446.06494141, 2045.09338379, 1648.77990723, 1435.6237793, 4985.69238281, 2436.80883789, 970.977233887, 199.418777466, 111.24432373, 122.266197205, 120.447769165, 152.039245605, 184.288101196, 320.482543945, 171.485671997, 278.117858887, 46.4502105713, 19.0858325958, 3.30373048782, 0.143450200558, 0.0153100360185, 0.000861740438268, 3.73946079435e-07], "dmean2": [0.362368255854, 3.25327563286, 15.2208490372, 18.1851863861, 11.6234197617, 10.8554677963, 14.1654014587, 26.3949546814, 17.1278419495, 18.8126678467, 21.4762248993, 28.1847457886, 14.332734108, 13.3058843613, 9.69449710846, 23.4326305389, 14.9417314529, 17.0155029297, 14.4787969589, 13.5453090668, 13.8216981888, 19.4015045166, 15.3539209366, 11.9835624695, 7.32337141037, 4.61162185669, 5.56301832199, 6.16902160645, 7.86711502075, 8.13617610931, 11.4404325485, 9.1689119339, 9.01785755157, 4.5143122673, 2.47708582878, 0.951513707638, 0.217275455594, 0.0638863444328, 0.0109008243307, 0.000249645090662], "max": [3.86590623856, 46.0757484436, 174.206970215, 226.695739746, 213.940261841, 332.76083374, 322.306976318, 633.037963867, 826.363952637, 486.851013184, 1501.88439941, 973.902648926, 1082.51049805, 1168.80969238, 411.117401123, 689.648925781, 401.250823975, 608.217102051, 458.715087891, 375.685699463, 388.241729736, 769.696228027, 467.970245361, 347.702545166, 341.635620117, 233.193237305, 197.370895386, 313.093963623, 226.856719971, 132.003250122, 161.170455933, 117.397377014, 183.281707764, 81.5961151123, 82.328163147, 25.7579746246, 5.88303565979, 1.10585606098, 0.247302502394, 0.00489026075229], "dmean": [0.21532894671, 2.0080473423, 8.85936355591, 10.7050380707, 7.04707765579, 6.35440635681, 8.54601192474, 16.6049461365, 10.6046581268, 11.8253555298, 14.1135978699, 18.7853965759, 9.13177776337, 8.25872707367, 6.4036860466, 13.9180746078, 8.84386920929, 9.88529872894, 10.0162611008, 8.97647857666, 8.31758975983, 14.6338863373, 10.9316282272, 8.1588602066, 4.55709981918, 2.98621916771, 3.66836547852, 4.08499860764, 4.79445743561, 5.05916309357, 7.15699577332, 5.45689105988, 5.5264954567, 2.86942768097, 1.62328696251, 0.6314920187, 0.143762230873, 0.0424441322684, 0.0076011037454, 0.000177646725206]}, "dissonance": {"dvar": 0.000910508155357, "mean": 0.433705598116, "min": 0.150913387537, "median": 0.447860836983, "dvar2": 0.0021094318945, "var": 0.00284042721614, "dmean2": 0.0476583503187, "max": 0.499999880791, "dmean": 0.0298139024526}, "erbbands_flatness_db": {"dvar": 0.000770625192672, "mean": 0.150652870536, "min": 0.0393750444055, "median": 0.140470445156, "dvar2": 0.00153169524856, "var": 0.00373923475854, "dmean2": 0.0372938960791, "max": 0.456433236599, "dmean": 0.0259051136672}, "melbands_kurtosis": {"dvar": 3358.3828125, "mean": 49.8490524292, "min": -1.92295849323, "median": 22.2778625488, "dvar2": 7114.29980469, "var": 6618.51074219, "dmean2": 48.5842666626, "max": 989.108093262, "dmean": 31.9704227448}, "melbands_spread": {"dvar": 654.013183594, "mean": 17.8306674957, "min": 0.318876236677, "median": 7.62040328979, "dvar2": 1519.26538086, "var": 978.630065918, "dmean2": 16.9650878906, "max": 287.534332275, "dmean": 10.6785364151}, "melbands_skewness": {"dvar": 3.59618997574, "mean": 4.33006381989, "min": -1.72202038765, "median": 3.41181945801, "dvar2": 7.36919736862, "var": 11.1329336166, "dmean2": 2.35288000107, "max": 25.1739768982, "dmean": 1.62017655373}, "spectral_entropy": {"dvar": 0.181073650718, "mean": 7.27999734879, "min": 3.72594451904, "median": 7.39204978943, "dvar2": 0.360580205917, "var": 0.804570019245, "dmean2": 0.527216434479, "max": 9.81602191925, "dmean": 0.37339246273}, "zerocrossingrate": {"dvar": 0.00111371115781, "mean": 0.071029484272, "min": 0.001953125, "median": 0.0419921875, "dvar2": 0.00127804919612, "var": 0.00667751114815, "dmean2": 0.0273584127426, "max": 0.53955078125, "dmean": 0.0241948682815}, "average_loudness": 0.94944024086, "spectral_contrast_coeffs": {"dvar": [0.00229926360771, 0.00224464247003, 0.0012776319636, 0.000672702037264, 0.000505392148625, 0.000519523047842], "mean": [-0.651575267315, -0.69696778059, -0.779376447201, -0.799936115742, -0.814324975014, -0.81765204668], "min": [-0.977715969086, -0.979263424873, -0.983337938786, -0.983323395252, -0.981323540211, -0.98096126318], "median": [-0.65789526701, -0.707298755646, -0.783393621445, -0.804424405098, -0.817909359932, -0.822126090527], "dvar2": [0.00570886395872, 0.00533231487498, 0.00292689912021, 0.00159073481336, 0.00114853610285, 0.00103730987757], "var": [0.00743464706466, 0.00872221495956, 0.00414366647601, 0.00262355757877, 0.00187362334691, 0.00198814435862], "dmean2": [0.085908703506, 0.0843907818198, 0.0628856420517, 0.0485809370875, 0.0390347316861, 0.0347295254469], "max": [-0.27720400691, -0.362595289946, -0.483685225248, -0.56406223774, -0.58578312397, -0.536982119083], "dmean": [0.0528987124562, 0.0527198314667, 0.0400186218321, 0.0306285433471, 0.0249773878604, 0.0234387014061]}, "barkbands_flatness_db": {"dvar": 0.00157267088071, "mean": 0.193823441863, "min": 0.0213485900313, "median": 0.181978881359, "dvar2": 0.0032314194832, "var": 0.00753503106534, "dmean2": 0.0526884123683, "max": 0.580648303032, "dmean": 0.0371220782399}, "silence_rate_30dB": {"dvar": 0.0865626111627, "mean": 0.906216859818, "min": 0, "median": 1, "dvar2": 0.187479168177, "var": 0.0849830284715, "dmean2": 0.191485598683, "max": 1, "dmean": 0.0957343429327}, "spectral_energyband_high": {"dvar": 5.55457654627e-06, "mean": 0.00115239981096, "min": 7.24248648196e-21, "median": 0.000192079314729, "dvar2": 1.34892479764e-05, "var": 5.61137676414e-06, "dmean2": 0.0016928773839, "max": 0.0199110936373, "dmean": 0.00109545642044}, "melbands_flatness_db": {"dvar": 0.0025083750952, "mean": 0.288378506899, "min": 0.00280104577541, "median": 0.281602442265, "dvar2": 0.00504135759547, "var": 0.012660484761, "dmean2": 0.0656172633171, "max": 0.752345085144, "dmean": 0.0468771085143}, "barkbands": {"dvar": [1.65742946479e-07, 0.000324019551044, 0.00063722213963, 6.5381944296e-05, 1.70671301021e-05, 1.00362694866e-05, 3.03514684674e-06, 2.04639718504e-06, 1.07155947262e-05, 8.8815397703e-07, 2.94745490237e-07, 1.91657636606e-06, 5.375195542e-07, 1.00460749763e-06, 3.43890150134e-07, 6.54628365737e-07, 1.00480792753e-06, 5.91321224874e-07, 9.33199970632e-08, 3.07279144351e-08, 4.51521593448e-08, 1.12684048759e-07, 4.69627281063e-07, 6.43532303002e-07, 2.6951079235e-07, 6.14839663626e-08, 1.65949849418e-08], "mean": [0.00041500327643, 0.0109313987195, 0.00819268357009, 0.00314644398168, 0.00231896620244, 0.00281671225093, 0.000995033304207, 0.000556768674869, 0.000985913909972, 0.000351671682438, 0.000231379497563, 0.000334162992658, 0.000173637934495, 0.000217773282202, 0.000191127939615, 0.000189585131011, 0.000286826689262, 0.00020275686984, 0.000118295836728, 8.22300717118e-05, 0.00010473535076, 0.000125818536617, 0.00021584899514, 0.000248957105214, 0.000250905985013, 0.000116709263239, 3.78386466764e-05], "min": [2.23376590284e-25, 3.16202055147e-24, 2.80734346228e-25, 1.10527261987e-24, 9.36111180625e-24, 6.76569000832e-24, 9.18004535154e-24, 8.44442466881e-24, 9.13783577108e-24, 1.19645081991e-23, 1.40684948966e-23, 1.58617587499e-23, 3.67501707423e-23, 2.47358696429e-23, 3.12532712033e-23, 6.42486060318e-23, 7.79757197939e-23, 9.98318747904e-23, 1.49465412603e-22, 1.61334096291e-22, 2.78212207636e-22, 3.10754474403e-22, 3.46343486069e-22, 6.21344158917e-22, 8.80003142663e-22, 1.26006325064e-21, 2.01897460352e-21], "median": [0.000123641337268, 0.00446454714984, 0.00182562507689, 0.000808841316029, 0.000909912399948, 0.000845657312311, 0.000260124535998, 0.000109865271952, 8.53178498801e-05, 5.10908503202e-05, 2.50347184192e-05, 1.94486710825e-05, 2.14507272176e-05, 1.69687646121e-05, 1.2818210962e-05, 9.19035664992e-06, 1.03700522232e-05, 1.05619355963e-05, 1.62578362506e-05, 1.81822779268e-05, 1.40897882375e-05, 1.48343369801e-05, 1.67470279848e-05, 3.4792254155e-05, 3.60424310202e-05, 1.2334989151e-05, 1.2368507214e-06], "dvar2": [4.00818521484e-07, 0.000865277426783, 0.00178308342583, 0.000178749221959, 4.27118393418e-05, 2.43102404056e-05, 6.80814127918e-06, 4.31194803241e-06, 2.26550509979e-05, 2.12833265323e-06, 5.58028375508e-07, 4.89823105454e-06, 1.53010603299e-06, 2.7181497444e-06, 5.43616920368e-07, 1.65949393249e-06, 1.62707272011e-06, 1.26003192236e-06, 2.12982499193e-07, 6.62114274519e-08, 9.83825785283e-08, 2.91101230232e-07, 1.1473377981e-06, 1.57805993695e-06, 6.52634923881e-07, 1.43120132634e-07, 3.12886108134e-08], "var": [4.16210923504e-07, 0.000366645457689, 0.000444976816652, 4.87405777676e-05, 2.04580846912e-05, 2.1757594368e-05, 6.2580447775e-06, 2.79430469163e-06, 1.23328254631e-05, 1.31916533519e-06, 4.77329479054e-07, 1.84567556971e-06, 3.82277619337e-07, 8.82975541572e-07, 5.50958702661e-07, 7.06555169927e-07, 1.6044119775e-06, 7.24271728814e-07, 1.21882649751e-07, 5.48219531993e-08, 6.54113350151e-08, 1.0705701925e-07, 4.14146626326e-07, 5.60846217468e-07, 3.12032568672e-07, 7.83335423193e-08, 2.05765573469e-08], "dmean2": [0.000357753888238, 0.0135819399729, 0.016240619123, 0.00540131377056, 0.00300676841289, 0.00272582028992, 0.00118612509686, 0.00078491930617, 0.00136862671934, 0.000476167042507, 0.000275598664302, 0.000553266669158, 0.000331594172167, 0.000393290712964, 0.000247301592026, 0.000301693624351, 0.000346719461959, 0.000280684733298, 0.000165401041158, 9.91927663563e-05, 0.000146571415826, 0.000215307096369, 0.000399979238864, 0.000450757012004, 0.000367991102394, 0.000157295842655, 5.59769578103e-05], "max": [0.00588788418099, 0.173641085625, 0.185179516673, 0.0912448093295, 0.0706533193588, 0.0559128113091, 0.0582788176835, 0.0630677193403, 0.0496436953545, 0.0298368930817, 0.0134650003165, 0.0158887822181, 0.00769275519997, 0.0153986727819, 0.0082995807752, 0.0094349514693, 0.0142682893202, 0.00881565082818, 0.00694925757125, 0.00461062137038, 0.00509763229638, 0.00606530485675, 0.00606833072379, 0.00817490182817, 0.00723976176232, 0.00382650317624, 0.00111136795022], "dmean": [0.000235303057707, 0.00835717469454, 0.00916257034987, 0.00312155811116, 0.00182525604032, 0.00171187415253, 0.000733989814762, 0.000483897485537, 0.000915558310226, 0.000288939365419, 0.000183839525562, 0.000333534844685, 0.000185276643606, 0.000230551479035, 0.000174557339051, 0.000183224794455, 0.000266319024377, 0.000196873268578, 0.00010772323003, 6.52996095596e-05, 9.65744620771e-05, 0.000132888570079, 0.000247691437835, 0.000278525607428, 0.000237027692492, 0.000103694794234, 3.85732091672e-05]}, "erbbands_spread": {"dvar": 680.505493164, "mean": 53.2283592224, "min": 1.11933386326, "median": 37.6075668335, "dvar2": 1387.77709961, "var": 1814.98693848, "dmean2": 31.6305065155, "max": 247.668121338, "dmean": 21.2139644623}, "barkbands_kurtosis": {"dvar": 571.136230469, "mean": 17.5738124847, "min": -1.98027455807, "median": 8.6229095459, "dvar2": 1330.68005371, "var": 830.236999512, "dmean2": 19.6499881744, "max": 554.784301758, "dmean": 12.5058135986}, "spectral_flux": {"dvar": 0.00384326511994, "mean": 0.0953876525164, "min": 6.33785177118e-11, "median": 0.0620344951749, "dvar2": 0.00738537870347, "var": 0.00803465954959, "dmean2": 0.0681997016072, "max": 0.452823877335, "dmean": 0.0447392910719}, "silence_rate_20dB": {"dvar": 0, "mean": 1, "min": 1, "median": 1, "dvar2": 0, "var": 0, "dmean2": 0, "max": 1, "dmean": 0}, "gfcc": {"cov": [[22697.0332031, -1941.96020508, -1409.79858398, 1203.31726074, -551.159851074, 339.661346436, -307.865081787, 457.535400391, -212.192260742, 68.4328155518, -396.933288574, 134.492355347, -324.02456665], [-1941.96020508, 2873.80224609, -510.861022949, -479.558166504, 334.696075439, -212.84803772, 132.112350464, -121.735694885, 90.7469940186, -162.338699341, 232.072036743, -214.690292358, 163.041122437], [-1409.79858398, -510.861022949, 1790.49243164, 219.838317871, -46.1568565369, 156.755172729, -71.0466308594, 6.42153549194, -37.5925865173, 39.2134246826, 29.0153255463, 26.3425598145, -31.7773990631], [1203.31726074, -479.558166504, 219.838317871, 722.144775391, 6.84993886948, 61.0161552429, 51.8426055908, 37.7429504395, 39.4762153625, 40.1104240417, -11.5996246338, 49.951587677, -32.4142341614], [-551.159851074, 334.696075439, -46.1568565369, 6.84993886948, 457.772155762, 1.35895144939, 143.595703125, 45.2131652832, 71.6393432617, 10.3613147736, 6.89161109924, -1.07533085346, 28.5397357941], [339.661346436, -212.84803772, 156.755172729, 61.0161552429, 1.35895144939, 323.397155762, 87.3044128418, 12.91680336, 25.1474838257, 56.8181228638, -24.0456695557, 25.1982879639, -7.71905136108], [-307.865081787, 132.112350464, -71.0466308594, 51.8426055908, 143.595703125, 87.3044128418, 283.826202393, 8.57104301453, 53.2665252686, 10.4797277451, 3.63598370552, 3.25254487991, 7.13930845261], [457.535400391, -121.735694885, 6.42153549194, 37.7429504395, 45.2131652832, 12.91680336, 8.57104301453, 194.075241089, 18.4265041351, 31.4345359802, -18.0780715942, 8.79051399231, -11.932964325], [-212.192260742, 90.7469940186, -37.5925865173, 39.4762153625, 71.6393432617, 25.1474838257, 53.2665252686, 18.4265041351, 163.419128418, 21.967256546, 8.42004108429, 15.4523277283, 2.82446670532], [68.4328155518, -162.338699341, 39.2134246826, 40.1104240417, 10.3613147736, 56.8181228638, 10.4797277451, 31.4345359802, 21.967256546, 123.86832428, -5.31360626221, 18.2291297913, -8.02127075195], [-396.933288574, 232.072036743, 29.0153255463, -11.5996246338, 6.89161109924, -24.0456695557, 3.63598370552, -18.0780715942, 8.42004108429, -5.31360626221, 116.582122803, -7.21224021912, 15.3272180557], [134.492355347, -214.690292358, 26.3425598145, 49.951587677, -1.07533085346, 25.1982879639, 3.25254487991, 8.79051399231, 15.4523277283, 18.2291297913, -7.21224021912, 109.210876465, -1.23946630955], [-324.02456665, 163.041122437, -31.7773990631, -32.4142341614, 28.5397357941, -7.71905136108, 7.13930845261, -11.932964325, 2.82446670532, -8.02127075195, 15.3272180557, -1.23946630955, 88.1648864746]], "mean": [-63.2992134094, 86.4645462036, -52.1162528992, 28.9848117828, -59.0751266479, 17.6701850891, -40.4127197266, 12.7774572372, -25.2458572388, 6.41902446747, -11.3538408279, -0.15569704771, -11.1317672729], "icov": [[6.95514900144e-05, -1.24725511341e-05, 8.82157983142e-05, -0.000137169277878, 5.01072572661e-05, -0.000122688506963, 0.000116369286843, -0.000148982042447, 0.0001142439869, 4.55301014881e-05, 0.000138566945679, -4.39613868366e-05, 0.000179271795787], [-1.24725511341e-05, 0.000778080080636, 0.000101082769106, 0.000348220259184, -0.000422164215706, 0.000179394293809, -0.000180678413017, 0.000269579293672, -0.000434336427134, 0.00058014516253, -0.00123438611627, 0.00117322069127, -0.000818998087198], [8.82157983142e-05, 0.000101082769106, 0.000768409983721, -0.000314055941999, -6.51319860481e-05, -0.000517455104273, 0.000433543056715, -0.000140976917464, 0.000279540807242, 0.000126383994939, -0.000307104201056, 8.77805505297e-05, 0.000277534563793], [-0.000137169277878, 0.000348220259184, -0.000314055941999, 0.00196574628353, -0.000176706453203, 0.000321111147059, -0.000622506893706, 0.000212496350287, -0.000664560764562, -6.76006748108e-05, -0.000680046330672, 1.33911917146e-05, -0.000240523731918], [5.01072572661e-05, -0.000422164215706, -6.51319860481e-05, -0.000176706453203, 0.00312298210338, 0.00030239415355, -0.00126682058908, -0.000842338777147, -0.000513639126439, -0.000395243987441, 0.000819999317173, -0.000539049971849, -0.000289114366751], [-0.000122688506963, 0.000179394293809, -0.000517455104273, 0.000321111147059, 0.00030239415355, 0.00431147031486, -0.00173050479498, 0.000376678217435, -0.000526429212186, -0.00149440567475, 0.000405844679335, -0.000144664561958, -0.000572084507439], [0.000116369286843, -0.000180678413017, 0.000433543056715, -0.000622506893706, -0.00126682058908, -0.00173050479498, 0.00518133165315, -7.32986809453e-05, -0.000414812297095, 0.000366768799722, 0.000101581157651, -6.95634880685e-05, 0.000546303403098], [-0.000148982042447, 0.000269579293672, -0.000140976917464, 0.000212496350287, -0.000842338777147, 0.000376678217435, -7.32986809453e-05, 0.00605346215889, -0.000658882956486, -0.00115211692173, 9.60741890594e-05, 0.000362026505172, 1.68339829543e-05], [0.0001142439869, -0.000434336427134, 0.000279540807242, -0.000664560764562, -0.000513639126439, -0.000526429212186, -0.000414812297095, -0.0006588