{"metadata": {"audio_properties": {"downmix": "mix", "bit_rate": 320044, "lossless": false, "md5_encoded": "4f6706926c0394885812e70c32ab7a03", "analysis_sample_rate": 44100, "sample_rate": 44100, "replay_gain": -12.6627635956, "equal_loudness": 0, "codec": "mp3", "length": 189.257141113}, "tags": {"musicbrainz_recordingid": ["1c0caf17-9109-4a95-8465-6514c3baeb72"], "file_name": "2085599.mp3"}, "version": {"essentia_build_sha": "70f2e5ece6736b2c40cc944ad0e695b16b925413", "essentia_git_sha": "v2.1_beta2", "extractor": "music 1.0", "essentia": "2.1-beta2"}}, "tonal": {"chords_scale": "major", "hpcp": {"dmean": [0.133658453822, 0.0930594056845, 0.048277605325, 0.0387892648578, 0.0358613207936, 0.0398864746094, 0.0422573275864, 0.0383540987968, 0.0367392338812, 0.0409332476556, 0.0587057732046, 0.0775489211082, 0.0904882103205, 0.099120862782, 0.117393523455, 0.10303093493, 0.102203041315, 0.0572632811964, 0.0514501146972, 0.0793582573533, 0.110373668373, 0.101657681167, 0.0947725698352, 0.0792622789741, 0.0696486309171, 0.0956295356154, 0.134660735726, 0.119106091559, 0.100369945168, 0.0863687545061, 0.0748834609985, 0.057808175683, 0.0551024749875, 0.0833454877138, 0.132097110152, 0.131718739867], "dvar2": [0.100911065936, 0.0730292350054, 0.049021743238, 0.0445309281349, 0.0330989696085, 0.0332947410643, 0.0357111208141, 0.0398147143424, 0.0428029969335, 0.0500070378184, 0.0600166805089, 0.0685962960124, 0.0842527747154, 0.0863153636456, 0.0826881751418, 0.0803501307964, 0.0874163657427, 0.0613664127886, 0.0628809034824, 0.079113945365, 0.103457428515, 0.0913747623563, 0.0909900739789, 0.0927587300539, 0.0768889188766, 0.094826631248, 0.116854436696, 0.0955771952868, 0.0873845145106, 0.0878444612026, 0.0695217102766, 0.0563699305058, 0.0567251332104, 0.0986399427056, 0.136285066605, 0.0999395474792], "mean": [0.265852749348, 0.105184301734, 0.0378908887506, 0.030358729884, 0.0331384390593, 0.0503723472357, 0.0523629188538, 0.034719415009, 0.0277811642736, 0.0320438146591, 0.0574722364545, 0.114627473056, 0.12540923059, 0.105950586498, 0.246063888073, 0.317980527878, 0.15416136384, 0.0423898994923, 0.0385873354971, 0.083883009851, 0.184215396643, 0.193955168128, 0.105831824243, 0.0636596158147, 0.0580071844161, 0.0977437719703, 0.203781306744, 0.205251634121, 0.117124423385, 0.128619387746, 0.120761185884, 0.0583563745022, 0.0451969727874, 0.0666049867868, 0.135823309422, 0.277761787176], "var": [0.108308419585, 0.0291395746171, 0.0140753332525, 0.012395423837, 0.0117889354005, 0.0164471641183, 0.0167915262282, 0.0120774405077, 0.0110957948491, 0.0140939587727, 0.0230014268309, 0.0552745386958, 0.0588458664715, 0.0341933779418, 0.0934451669455, 0.156945630908, 0.0537924617529, 0.0179920345545, 0.0171969402581, 0.0331017039716, 0.08599601686, 0.0935494080186, 0.041532676667, 0.0286659933627, 0.0261492487043, 0.040191475302, 0.0878251492977, 0.0879172235727, 0.0397182479501, 0.0683648064733, 0.0636607408524, 0.0212603472173, 0.0180048570037, 0.029893156141, 0.0535856187344, 0.121596731246], "dmean2": [0.227618798614, 0.164327174425, 0.0880475193262, 0.0708784610033, 0.0639497041702, 0.069632075727, 0.0730620920658, 0.068801805377, 0.0675919428468, 0.0752336755395, 0.104645654559, 0.133831888437, 0.157727763057, 0.174809813499, 0.197565302253, 0.17283192277, 0.173901379108, 0.104096613824, 0.0946967154741, 0.140962049365, 0.188250511885, 0.17418153584, 0.166256055236, 0.144030511379, 0.125149205327, 0.166249886155, 0.226757094264, 0.198612943292, 0.174864500761, 0.152746602893, 0.131637886167, 0.103347435594, 0.100377999246, 0.15329952538, 0.236398935318, 0.225302264094], "dvar": [0.0391969047487, 0.0257919188589, 0.0175793208182, 0.0162147954106, 0.012312036939, 0.0125127937645, 0.0134127782658, 0.0145819205791, 0.0150311002508, 0.0174321588129, 0.0220222044736, 0.0272976011038, 0.0317657664418, 0.0316566117108, 0.0324250981212, 0.0362967252731, 0.0329365208745, 0.022476952523, 0.0224478431046, 0.0285994354635, 0.0397597365081, 0.0355940796435, 0.0337734594941, 0.0338843986392, 0.028425976634, 0.0348641015589, 0.0477691702545, 0.0387230925262, 0.0326574854553, 0.0344127863646, 0.0268529709429, 0.020532252267, 0.0204903148115, 0.0346871651709, 0.0467045344412, 0.0399426184595], "min": [0, 0, 0, 0, 0, 0, 0, 0, 0, 0, 0, 0, 0, 0, 0, 0, 0, 0, 0, 0, 0, 0, 0, 0, 0, 0, 0, 0, 0, 0, 0, 0, 0, 0, 0, 0], "median": [0.104348570108, 0.0355394333601, 0.00347893312573, 0.00230960268527, 0.00344153260812, 0.00736930640414, 0.00736476434395, 0.0046780994162, 0.00193079153541, 0.00177462445572, 0.00424873270094, 0.0117655182257, 0.014954386279, 0.0319616794586, 0.0751476287842, 0.0715301781893, 0.0265338867903, 0.00277014123276, 0.0018802563427, 0.00740120140836, 0.024331536144, 0.0301013700664, 0.0164264962077, 0.00524499127641, 0.00420431047678, 0.0113474549726, 0.0506576932967, 0.0572434403002, 0.0310420691967, 0.00806179549545, 0.00527138961479, 0.00469002919272, 0.0038496227935, 0.00521209230646, 0.0241638794541, 0.0921642482281], "max": [1, 1, 1, 1, 1, 1, 1, 1, 1, 1, 1, 1, 1, 1, 1, 1, 1, 1, 1, 1, 1, 1, 1, 1, 1, 1, 1, 1, 1, 1, 1, 1, 1, 1, 1, 1]}, "tuning_equal_tempered_deviation": 0.11673720181, "chords_key": "D", "chords_strength": {"dmean": 0.00937883928418, "dvar2": 0.00103089213371, "mean": 0.580594837666, "var": 0.0450876913965, "dmean2": 0.00823863781989, "dvar": 0.000555671402253, "min": -1, "median": 0.608828663826, "max": 0.824249863625}, "tuning_diatonic_strength": 0.682591795921, "thpcp": [1, 0.484813839197, 0.133309736848, 0.121351249516, 0.263799190521, 0.579329192638, 0.609959244728, 0.332824856043, 0.200199723244, 0.182423695922, 0.307389169931, 0.640860974789, 0.645484924316, 0.368338346481, 0.404488265514, 0.37977540493, 0.183521851897, 0.142137542367, 0.209462463856, 0.427143484354, 0.873518228531, 0.836066126823, 0.330788493156, 0.11916103214, 0.0954735502601, 0.104215309024, 0.158413305879, 0.164673343301, 0.109187237918, 0.0873675048351, 0.100772880018, 0.180741369724, 0.360485821962, 0.39439278841, 0.333198338747, 0.773833215237], "chords_histogram": [33.2106933594, 6.91685056686, 22.3693885803, 1.39808678627, 1.79053223133, 1.37355899811, 0.171694874763, 0.0245278384537, 3.40936970711, 0.490556776524, 2.55089521408, 2.67353439331, 3.89992642403, 0, 0, 0, 0, 1.54525387287, 0.0981113538146, 0.171694874763, 0.122639194131, 6.5979886055, 6.76968336105, 4.41501092911], "tuning_nontempered_energy_ratio": 0.784941077232, "tuning_frequency": 444.085327148, "key_strength": 0.821708202362, "chords_changes_rate": 0.0488104000688, "key_scale": "major", "hpcp_entropy": {"dmean": 0.524512052536, "dvar2": 0.589556276798, "mean": 1.79184186459, "var": 0.501469373703, "dmean2": 0.896425008774, "dvar": 0.217298477888, "min": 0, "median": 1.81154763699, "max": 4.15760755539}, "key_key": "D", "chords_number_rate": 0.00343389739282}, "lowlevel": {"melbands_skewness": {"dmean": 0.630910038948, "dvar2": 1.01828849316, "mean": 3.34602451324, "var": 2.82398152351, "dmean2": 0.98173558712, "dvar": 0.422405838966, "min": -0.328301101923, "median": 3.17214727402, "max": 12.2117319107}, "melbands_kurtosis": {"dmean": 7.89797830582, "dvar2": 367.369354248, "mean": 22.3725681305, "var": 638.823486328, "dmean2": 12.5368452072, "dvar": 140.508682251, "min": -1.37941801548, "median": 15.0619211197, "max": 280.343902588}, "barkbands_kurtosis": {"dmean": 4.02750253677, "dvar2": 97.2028045654, "mean": 10.3449306488, "var": 145.266067505, "dmean2": 6.45753335953, "dvar": 35.2068099976, "min": -1.91059792042, "median": 6.88804340363, "max": 154.416091919}, "hfc": {"dmean": 4.28651857376, "dvar2": 165.36730957, "mean": 14.1983194351, "var": 250.576461792, "dmean2": 6.0655503273, "dvar": 79.4733810425, "min": 1.06446326079e-16, "median": 9.09656143188, "max": 283.526641846}, "silence_rate_20dB": {"dmean": 0, "dvar2": 0, "mean": 1, "var": 0, "dmean2": 0, "dvar": 0, "min": 1, "median": 1, "max": 1}, "erbbands_flatness_db": {"dmean": 0.0157325770706, "dvar2": 0.000461007031845, "mean": 0.14401511848, "var": 0.00209641666152, "dmean2": 0.0216979105026, "dvar": 0.00025614441256, "min": 0.0287485904992, "median": 0.140689074993, "max": 0.345941454172}, "spectral_flux": {"dmean": 0.0195753891021, "dvar2": 0.00110864161979, "mean": 0.0673898011446, "var": 0.00177755695768, "dmean2": 0.0309370812029, "dvar": 0.000473077467177, "min": 6.31694835329e-11, "median": 0.0631291717291, "max": 0.307719945908}, "spectral_energyband_low": {"dmean": 0.00531258340925, "dvar2": 0.000145159647218, "mean": 0.0136700933799, "var": 0.000121860284708, "dmean2": 0.00879059080034, "dvar": 5.32872836629e-05, "min": 1.23355284155e-23, "median": 0.0114614712074, "max": 0.103208586574}, "spectral_rolloff": {"dmean": 237.251831055, "dvar2": 1049415.75, "mean": 1017.77307129, "var": 7160541.5, "dmean2": 400.045684814, "dvar": 483821.1875, "min": 86.1328125, "median": 430.6640625, "max": 19789.0136719}, "spectral_entropy": {"dmean": 0.17553602159, "dvar2": 0.0781869366765, "mean": 7.1531996727, "var": 0.463385760784, "dmean2": 0.260821759701, "dvar": 0.0384942367673, "min": 4.85330057144, "median": 7.17010450363, "max": 9.83286857605}, "spectral_energy": {"dmean": 0.00838908273727, "dvar2": 0.000286765367491, "mean": 0.0312376730144, "var": 0.000472824147437, "dmean2": 0.0132682500407, "dvar": 0.000116029987112, "min": 9.69319241579e-21, "median": 0.0266145169735, "max": 0.165305197239}, "spectral_centroid": {"dmean": 150.737075806, "dvar2": 115464.328125, "mean": 944.688781738, "var": 2201237.25, "dmean2": 232.451019287, "dvar": 60217.1210938, "min": 170.762023926, "median": 654.00012207, "max": 12000.6894531}, "barkbands_flatness_db": {"dmean": 0.0203006342053, "dvar2": 0.000816519313958, "mean": 0.171296328306, "var": 0.00424468005076, "dmean2": 0.0305102970451, "dvar": 0.000386157596949, "min": 0.0388199687004, "median": 0.163375139236, "max": 0.470048427582}, "spectral_rms": {"dmean": 0.000690853921697, "dvar2": 1.39392545861e-06, "mean": 0.00510619813576, "var": 4.40264966528e-06, "dmean2": 0.00108480779454, "dvar": 5.83597909554e-07, "min": 3.07518658975e-12, "median": 0.00509562389925, "max": 0.0126993451267}, "melbands": {"dmean": [0.00047060821089, 0.00132655294146, 0.00111136469059, 0.000628917536233, 0.00020029854204, 0.000264744012384, 0.000181092240382, 0.000126290819026, 0.000113992900879, 7.39505921956e-05, 4.25767175329e-05, 3.88992666558e-05, 2.01039347303e-05, 1.8332108084e-05, 1.54496137839e-05, 1.89750335267e-05, 1.33834200824e-05, 1.3304523236e-05, 8.48723720992e-06, 5.30598163095e-06, 6.34668140265e-06, 4.19761954618e-06, 4.67829431727e-06, 2.66721986009e-06, 1.64067625974e-06, 2.09074642044e-06, 1.96527048502e-06, 1.08692279355e-06, 1.0722847037e-06, 1.05878211798e-06, 9.81055904958e-07, 8.05195725206e-07, 6.42160841835e-07, 5.43092482985e-07, 6.20580181021e-07, 6.80417997501e-07, 6.12746987372e-07, 7.15180362931e-07, 6.12676615219e-07, 4.93529967116e-07], "dvar2": [1.34139111196e-06, 1.03023148768e-05, 7.73516057961e-06, 3.10159271066e-06, 4.2309036985e-07, 6.65187087634e-07, 3.67316033589e-07, 3.0010357932e-07, 7.86475368386e-07, 1.49852866116e-07, 4.63329037359e-08, 2.33607480027e-08, 9.47313161248e-09, 5.48250111976e-09, 4.48332571068e-09, 1.67569638165e-08, 2.77039458041e-09, 3.07763770024e-09, 1.6022497773e-09, 5.34025157428e-10, 4.55395998689e-10, 2.22709697906e-10, 2.07834111032e-10, 4.00105948373e-10, 4.68490211902e-11, 8.10205583179e-11, 7.35966287913e-11, 2.8097588492e-11, 1.86504787308e-11, 2.11069564604e-11, 2.38915970341e-11, 1.2303841973e-11, 7.54966141686e-12, 7.92387509774e-12, 1.5669019901e-11, 2.05553109256e-11, 2.78261112069e-11, 4.7791350738e-11, 2.9820323294e-11, 1.65135041058e-11], "mean": [0.00138114625588, 0.00288948905654, 0.00217833463103, 0.00116950110532, 0.000456799461972, 0.000615754281171, 0.000410065607866, 0.000301072577713, 0.000256684899796, 0.000161939140526, 0.000100869889138, 9.38154626056e-05, 4.17399605794e-05, 4.05073988077e-05, 3.36110861099e-05, 3.56897835445e-05, 2.48546039074e-05, 2.43279464485e-05, 1.61464304256e-05, 1.00244242276e-05, 1.140252607e-05, 8.57267878018e-06, 9.85105725704e-06, 5.18807291883e-06, 3.11283952215e-06, 3.8041650896e-06, 3.57634371539e-06, 1.82224698619e-06, 1.83060853942e-06, 1.85898306881e-06, 1.71651527126e-06, 1.37939571232e-06, 1.03400327589e-06, 8.00967370651e-07, 8.72015505138e-07, 9.93690491669e-07, 9.84629878076e-07, 1.0809729929e-06, 8.86169402747e-07, 6.42040845378e-07], "var": [1.29132070015e-06, 8.33613103168e-06, 5.66302105653e-06, 2.30958949032e-06, 5.78084382141e-07, 8.44417456847e-07, 5.9290914578e-07, 5.43437181477e-07, 5.1251191735e-07, 1.83904404594e-07, 7.87600455965e-08, 5.81999515248e-08, 1.2229832258e-08, 1.06388089449e-08, 8.69182503749e-09, 1.37737306005e-08, 2.91987256595e-09, 3.29467431115e-09, 1.86963178272e-09, 5.30685828615e-10, 3.71358915841e-10, 2.13784004388e-10, 3.06149466889e-10, 1.51883811084e-10, 4.41065899082e-11, 5.7947948523e-11, 8.19826220799e-11, 1.92915908942e-11, 1.4200699644e-11, 1.72691218964e-11, 1.55027466558e-11, 9.10432666756e-12, 4.80889807142e-12, 4.69261738842e-12, 1.42117298832e-11, 2.05457265784e-11, 2.87122010195e-11, 4.55759249784e-11, 2.47465312131e-11, 9.98530858692e-12], "dmean2": [0.000789159443229, 0.00219347537495, 0.00179761624895, 0.00100904947612, 0.000311893672915, 0.000404310878366, 0.000274414807791, 0.000185606026207, 0.000169282167917, 0.000113310372399, 6.44381871098e-05, 5.80089181312e-05, 3.11533476633e-05, 2.77137078228e-05, 2.287166717e-05, 2.9988341339e-05, 2.08619203477e-05, 2.10550570046e-05, 1.36908056447e-05, 8.55059715832e-06, 1.00198767541e-05, 6.68553457217e-06, 7.31919226382e-06, 4.33824652646e-06, 2.58236445916e-06, 3.29963199874e-06, 3.02759076476e-06, 1.712320568e-06, 1.68117469457e-06, 1.64201549069e-06, 1.54711142386e-06, 1.23488609916e-06, 9.87803446151e-07, 8.29639986932e-07, 9.21256628317e-07, 9.96905555439e-07, 8.84487235453e-07, 9.94075321614e-07, 8.85906104031e-07, 7.32930232061e-07], "dvar": [5.11342534537e-07, 3.83027827411e-06, 2.87755165118e-06, 1.20401807635e-06, 1.80002473371e-07, 2.87681018563e-07, 1.73312372453e-07, 1.49146430317e-07, 3.15168534826e-07, 5.82218682155e-08, 1.88965572079e-08, 1.05429078801e-08, 3.60419405432e-09, 2.62494581627e-09, 2.21826423896e-09, 5.90630522268e-09, 1.17334464367e-09, 1.30959310063e-09, 6.17198958608e-10, 2.05065298076e-10, 1.92104179786e-10, 9.16552875263e-11, 9.05556740705e-11, 1.41709380341e-10, 2.10992473493e-11, 3.27425239699e-11, 3.26411640772e-11, 1.21553600518e-11, 8.11988410537e-12, 9.60224001006e-12, 9.88802529439e-12, 5.38851949172e-12, 3.24827599714e-12, 3.34682867358e-12, 8.08689920584e-12, 1.06563707511e-11, 1.43533015334e-11, 2.42186670024e-11, 1.39791997422e-11, 7.20450045108e-12], "min": [6.64660179113e-25, 8.91940768061e-25, 1.21785421371e-24, 1.01400841428e-24, 1.37065548637e-24, 1.45012799637e-24, 1.74573044781e-24, 1.37649512783e-24, 1.30040978934e-24, 1.94484781497e-24, 2.67880202904e-24, 2.13424286591e-24, 2.00293539051e-24, 2.26339517331e-24, 2.50012306185e-24, 1.56054968904e-24, 3.98860301024e-24, 3.13432482838e-24, 3.34617322726e-24, 3.08719038929e-24, 3.41903281489e-24, 3.23677557464e-24, 3.85843386113e-24, 2.24034012171e-24, 3.87235646724e-24, 3.48854842115e-24, 3.9295855649e-24, 3.84781500448e-24, 4.58944246857e-24, 3.43815401438e-24, 4.7182815982e-24, 4.61428685392e-24, 4.95962412582e-24, 5.79926558523e-24, 5.16841825249e-24, 5.70602893155e-24, 6.23430778053e-24, 6.02454769368e-24, 6.26018123493e-24, 6.53863966814e-24], "median": [0.00119175075088, 0.00210953503847, 0.00142725650221, 0.000680248020217, 0.000205725649721, 0.000312130432576, 0.000159518007422, 5.62888890272e-05, 5.18578417541e-05, 3.52285642293e-05, 3.25886212522e-05, 3.04940895148e-05, 1.09467737275e-05, 1.49560946738e-05, 1.15834282042e-05, 1.03694719655e-05, 9.07677440409e-06, 7.88389479567e-06, 5.2931418395e-06, 3.22316031998e-06, 4.63940477857e-06, 3.54549842996e-06, 3.66446238331e-06, 1.9462106593e-06, 1.29362570078e-06, 1.67003679508e-06, 1.10769269668e-06, 6.03491457696e-07, 6.84896008352e-07, 6.26781570645e-07, 5.16459124356e-07, 4.44902468644e-07, 3.49581512182e-07, 2.47484138072e-07, 2.05824633781e-07, 1.97782640043e-07, 1.69900800984e-07, 1.45797883988e-07, 1.29084156697e-07, 1.06901190122e-07], "max": [0.0109436810017, 0.0320905447006, 0.0207831654698, 0.0154054928571, 0.0121047664434, 0.0109615772963, 0.0132463453338, 0.0114484447986, 0.0280066970736, 0.00635265558958, 0.00611154455692, 0.00371063197963, 0.00219227722846, 0.00260094390251, 0.00259692152031, 0.00308010401204, 0.00101363414433, 0.00100787333213, 0.000899344158825, 0.000558788015042, 0.000291425501928, 0.000244616036071, 0.000283946545096, 0.000684660393745, 0.000137850394822, 0.00020727631636, 0.000187683792319, 9.60177421803e-05, 6.53860188322e-05, 8.8623186457e-05, 9.97500537778e-05, 5.82923312322e-05, 3.51829476131e-05, 4.88556142955e-05, 0.000136460497743, 0.000131369393785, 0.000148298466229, 0.00025754791568, 0.000198078763788, 0.000146977399709]}, "barkbands_crest": {"dmean": 1.96810817719, "dvar2": 8.8644952774, "mean": 10.5382013321, "var": 14.6585493088, "dmean2": 3.2815258503, "dvar": 3.23390269279, "min": 3.38929462433, "median": 9.70213127136, "max": 25.2145347595}, "mfcc": {"icov": [[0.000100207682408, -9.36297947192e-05, 5.98998594796e-05, -3.31584160449e-05, 3.46355191141e-05, 9.37117729336e-05, 5.90382187511e-05, 0.000124303071061, 0.000159774455824, -1.34010524562e-05, 0.000123287230963, -9.10534508876e-05, 0.000315349170705], [-9.36297947192e-05, 0.000861024833284, -7.06911305315e-05, -6.23699452262e-05, 0.000102480677015, -0.000425045174779, 0.000216059721424, -0.00054816622287, -0.000193330488401, -3.28508795064e-05, -0.000360827049008, 0.000160977870109, -0.000507127668243], [5.98998594796e-05, -7.06911305315e-05, 0.00262129679322, -0.000485455529997, -0.00051189714577, 0.000266610237304, -0.000850420736242, -0.000245792325586, -8.25390816317e-06, 0.000259488500888, 6.23049418209e-05, -2.19099310925e-05, 0.000689260021318], [-3.31584160449e-05, -6.23699452262e-05, -0.000485455529997, 0.0055239116773, -0.00286746351048, -0.000350601039827, 0.000744678080082, 0.000554056314286, -0.000863726367243, 0.00093757500872, 0.000157599759405, 0.000702600402292, -0.00105862447526], [3.46355191141e-05, 0.000102480677015, -0.00051189714577, -0.00286746351048, 0.00831539928913, -0.003510650713, 0.000532893580385, 0.000607381458394, -0.000233016544371, -0.000880614854395, 0.00106095336378, 0.000237322426983, -0.00015790775069], [9.37117729336e-05, -0.000425045174779, 0.000266610237304, -0.000350601039827, -0.003510650713, 0.0110503835604, -0.00362471980043, 0.000117519986816, 0.000797073706053, 0.00107196264435, -0.00126670498867, 0.00177686335519, 0.000219252411625], [5.90382187511e-05, 0.000216059721424, -0.000850420736242, 0.000744678080082, 0.000532893580385, -0.00362471980043, 0.0121421869844, -0.00526095414534, 0.00137479719706, -0.0011107075261, 0.00187099922914, -0.000931201037019, 0.00105499464553], [0.000124303071061, -0.00054816622287, -0.000245792325586, 0.000554056314286, 0.000607381458394, 0.000117519986816, -0.00526095414534, 0.0126945972443, -0.00274932011962, -0.000407411978813, -0.00107191083953, 0.00110037368722, -0.00142761773895], [0.000159774455824, -0.000193330488401, -8.25390816317e-06, -0.000863726367243, -0.000233016544371, 0.000797073706053, 0.00137479719706, -0.00274932011962, 0.0128111923113, -0.00302119250409, 0.0016096996842, -0.00320995203219, 0.00245943875052], [-1.34010524562e-05, -3.28508795064e-05, 0.000259488500888, 0.00093757500872, -0.000880614854395, 0.00107196264435, -0.0011107075261, -0.000407411978813, -0.00302119250409, 0.0100688105449, -0.00214001745917, 0.00371663761325, -0.00333229685202], [0.000123287230963, -0.000360827049008, 6.23049418209e-05, 0.000157599759405, 0.00106095336378, -0.00126670498867, 0.00187099922914, -0.00107191083953, 0.0016096996842, -0.00214001745917, 0.0103428307921, -0.00337762990966, 0.00480072153732], [-9.10534508876e-05, 0.000160977870109, -2.19099310925e-05, 0.000702600402292, 0.000237322426983, 0.00177686335519, -0.000931201037019, 0.00110037368722, -0.00320995203219, 0.00371663761325, -0.00337762990966, 0.0115511156619, -0.00586405163631], [0.000315349170705, -0.000507127668243, 0.000689260021318, -0.00105862447526, -0.00015790775069, 0.000219252411625, 0.00105499464553, -0.00142761773895, 0.00245943875052, -0.00333229685202, 0.00480072153732, -0.00586405163631, 0.0148537801579]], "mean": [-684.756530762, 142.105773926, 20.9943981171, 24.2084503174, 11.2479019165, 8.27612113953, 1.58145272732, 3.37396478653, 1.17456114292, 0.164287894964, 1.29701304436, 0.695114850998, -2.50952029228], "cov": [[12636.9345703, 1032.84448242, -293.543365479, -17.8195476532, -142.16217041, -144.007888794, -207.523620605, -223.05368042, -147.532928467, -118.251274109, 3.4444129467, -4.19180059433, -231.623840332], [1032.84448242, 1367.36987305, 10.7850475311, 21.6426239014, 0.741705596447, 46.5050086975, 1.49818527699, 57.9207382202, 13.647444725, 22.1756725311, 37.9058876038, -7.943338871, 17.9083137512], [-293.543365479, 10.7850475311, 429.576873779, 60.2791061401, 56.303527832, 29.0047950745, 44.2493515015, 24.2838382721, 5.93091058731, -8.78788661957, -7.62246179581, -15.751206398, -16.3840923309], [-17.8195476532, 21.6426239014, 60.2791061401, 262.665802002, 116.48349762, 40.9591445923, -13.955532074, -18.7425899506, 8.072473526, -14.3587665558, -26.2400665283, -18.2530021667, 13.5806312561], [-142.16217041, 0.741705596447, 56.303527832, 116.48349762, 198.840087891, 69.7417678833, 7.67593336105, -7.79501390457, 3.00826573372, 5.56517410278, -25.7060070038, -26.3979282379, 7.15959692001], [-144.007888794, 46.5050086975, 29.0047950745, 40.9591445923, 69.7417678833, 136.090637207, 42.5836715698, 14.8588018417, -9.97817707062, -1.8376749754, 0.668981313705, -30.4316749573, -7.63580083847], [-207.523620605, 1.49818527699, 44.2493515015, -13.955532074, 7.67593336105, 42.5836715698, 125.724769592, 55.1991424561, -0.476989924908, 13.4305019379, -10.4584321976, -10.235039711, -0.330838680267], [-223.05368042, 57.9207382202, 24.2838382721, -18.7425899506, -7.79501390457, 14.8588018417, 55.1991424561, 115.095306396, 21.6852912903, 21.8316497803, 4.74295759201, -5.14691877365, 8.83188056946], [-147.532928467, 13.647444725, 5.93091058731, 8.072473526, 3.00826573372, -9.97817707062, -0.476989924908, 21.6852912903, 95.7244415283, 23.9409637451, -3.04877877235, 17.3441696167, 3.54932546616], [-118.251274109, 22.1756725311, -8.78788661957, -14.3587665558, 5.56517410278, -1.8376749754, 13.4305019379, 21.8316497803, 23.9409637451, 127.312995911, 8.60099315643, -24.9653224945, 15.8442649841], [3.4444129467, 37.9058876038, -7.62246179581, -26.2400665283, -25.7060070038, 0.668981313705, -10.4584321976, 4.74295759201, -3.04877877235, 8.60099315643, 125.781448364, 17.8700122833, -30.543094635], [-4.19180059433, -7.943338871, -15.751206398, -18.2530021667, -26.3979282379, -30.4316749573, -10.235039711, -5.14691877365, 17.3441696167, -24.9653224945, 17.8700122833, 129.173309326, 36.3962745667], [-231.623840332, 17.9083137512, -16.3840923309, 13.5806312561, 7.15959692001, -7.63580083847, -0.330838680267, 8.83188056946, 3.54932546616, 15.8442649841, -30.543094635, 36.3962745667, 102.848106384]]}, "spectral_decrease": {"dmean": 2.16119788732e-09, "dvar2": 1.9168789039e-17, "mean": -7.93535726018e-09, "var": 3.05142031062e-17, "dmean2": 3.42856520952e-09, "dvar": 7.70497647488e-18, "min": -4.10259488604e-08, "median": -6.75202604938e-09, "max": 3.07570046139e-21}, "zerocrossingrate": {"dmean": 0.00892151147127, "dvar2": 0.000218236542423, "mean": 0.0474132336676, "var": 0.00487190578133, "dmean2": 0.0108277415857, "dvar": 0.000163125441759, "min": 0.00341796875, "median": 0.03271484375, "max": 0.52783203125}, "spectral_contrast_coeffs": {"dmean": [0.0459536015987, 0.0401944033802, 0.0331796705723, 0.0275051612407, 0.0197067763656, 0.0162833761424], "dvar2": [0.00397782260552, 0.00303054321557, 0.00194066297263, 0.00134176504798, 0.000715486472473, 0.000545957300346], "mean": [-0.627458930016, -0.676148891449, -0.733107447624, -0.76253849268, -0.785078823566, -0.781168282032], "var": [0.00737493485212, 0.00738607300445, 0.00611333735287, 0.00467415060848, 0.00339665682986, 0.00213577225804], "dmean2": [0.0762876421213, 0.0652615502477, 0.0530833266675, 0.0443828068674, 0.0318015962839, 0.0256646703929], "dvar": [0.00146472558845, 0.00118005729746, 0.000771191669628, 0.000550312979612, 0.000308608810883, 0.000241721325438], "min": [-0.977028250694, -0.979271233082, -0.976588666439, -0.974297463894, -0.968287467957, -0.964447617531], "median": [-0.622211754322, -0.676733195782, -0.738579630852, -0.765025377274, -0.789974212646, -0.7785820961], "max": [-0.340730845928, -0.400338172913, -0.465995669365, -0.513918936253, -0.53686106205, -0.576215863228]}, "spectral_skewness": {"dmean": 0.225050270557, "dvar2": 0.146816208959, "mean": 2.07154631615, "var": 0.689541339874, "dmean2": 0.361291587353, "dvar": 0.0598220825195, "min": -0.120941206813, "median": 1.99829626083, "max": 8.32091140747}, "spectral_energyband_middle_high": {"dmean": 0.000726914091501, "dvar2": 4.41729252998e-06, "mean": 0.00269202049822, "var": 1.61569769261e-05, "dmean2": 0.00107598828617, "dvar": 1.85295687061e-06, "min": 1.12827940423e-21, "median": 0.00158688053489, "max": 0.0528464093804}, "gfcc": {"icov": [[7.30670581106e-05, -8.00794150564e-05, 0.000151422384079, -4.9587648391e-05, 0.000100141020084, -0.000181682698894, 0.000310796080157, -0.00019135887851, 0.000310149072902, -0.000212033060961, 0.00034875626443, -0.000193131083506, 0.000285287474981], [-8.00794150564e-05, 0.000978819211014, 0.000131032924401, 3.18924539897e-05, 5.54675898456e-05, 0.000201456379727, -0.000458604044979, 0.00064433994703, -0.00114015117288, 0.00109139108099, -0.000768618891016, 0.000616405217443, -0.000635645294096], [0.000151422384079, 0.000131032924401, 0.00211055506952, 0.000136866801768, -0.00102118612267, 0.000210212732782, -4.94342566526e-05, -2.54681308434e-05, 0.000987607054412, 0.000174267785042, 0.0011246050708, -5.55083424842e-05, 0.000758740701713], [-4.9587648391e-05, 3.18924539897e-05, 0.000136866801768, 0.00373767665587, -0.00113352038898, -0.000633966177702, 0.0015385056613, -0.000150982988998, 0.000202389011974, 0.000498467241414, -0.000959097757004, 0.00067357980879, -0.00165071687661], [0.000100141020084, 5.54675898456e-05, -0.00102118612267, -0.00113352038898, 0.00608396623284, -0.000627064204309, -0.00105057901237, 0.00242919311859, -0.00227195117623, 0.00016945169773, 0.000772975676227, -0.000996368355118, -0.00033944673487], [-0.000181682698894, 0.000201456379727, 0.000210212732782, -0.000633966177702, -0.000627064204309, 0.00910028535873, -0.00332138803788, -3.0097175113e-05, 0.00108607427683, 0.00208196672611, -0.00235167145729, 0.00255608698353, 0.000430870655691], [0.000310796080157, -0.000458604044979, -4.94342566526e-05, 0.0015385056613, -0.00105057901237, -0.00332138803788, 0.0109204044566, -0.00374513864517, -0.000392142857891, 0.00176623545121, -0.00105358834844, -0.000804202340078, 0.000662285892759], [-0.00019135887851, 0.00064433994703, -2.54681308434e-05, -0.000150982988998, 0.00242919311859, -3.0097175113e-05, -0.00374513864517, 0.0134413875639, -0.0055415793322, 0.00124073086772, 6.70163863106e-05, 0.00112211483065, -0.00110139918979], [0.000310149072902, -0.00114015117288, 0.000987607054412, 0.000202389011974, -0.00227195117623, 0.00108607427683, -0.000392142857891, -0.0055415793322, 0.0151855340227, -0.00624589668587, -0.00115033856127, 0.0010663238354, -0.00100733328145], [-0.000212033060961, 0.00109139108099, 0.000174267785042, 0.000498467241414, 0.00016945169773, 0.00208196672611, 0.00176623545121, 0.00124073086772, -0.00624589668587, 0.0170329809189, -0.00406951783225, -0.000650714384392, 0.00194154621568], [0.00034875626443, -0.000768618891016, 0.0011246050708, -0.000959097757004, 0.000772975676227, -0.00235167145729, -0.00105358834844, 6.70163863106e-05, -0.00115033856127, -0.00406951783225, 0.0161984842271, -0.00579871144146, -0.000193599218619], [-0.000193131083506, 0.000616405217443, -5.55083424842e-05, 0.00067357980879, -0.000996368355118, 0.00255608698353, -0.000804202340078, 0.00112211483065, 0.0010663238354, -0.000650714384392, -0.00579871144146, 0.0174080785364, -0.00376011617482], [0.000285287474981, -0.000635645294096, 0.000758740701713, -0.00165071687661, -0.00033944673487, 0.000430870655691, 0.000662285892759, -0.00110139918979, -0.00100733328145, 0.00194154621568, -0.000193599218619, -0.00376011617482, 0.0143218580633]], "mean": [-42.3622665405, 105.31098175, -79.9862289429, 24.4870891571, -43.276889801, 10.1563205719, -31.711265564, 4.49332618713, -19.5967102051, 0.498347908258, -14.9555864334, -0.24758887291, -11.8305234909], "cov": [[36684.7617188, 893.82043457, -2582.72216797, 277.578155518, -1463.0144043, 208.176971436, -1205.87182617, 28.8460941315, -780.393371582, 171.373245239, -581.244812012, -87.57396698, -614.187316895], [893.82043457, 1413.77844238, -276.589904785, 37.6290512085, -31.1208496094, 29.2004051208, 50.6121635437, 16.3856220245, 99.2765884399, -43.1542205811, 69.3251953125, -16.6116199493, 70.645362854], [-2582.72216797, -276.589904785, 817.625732422, -42.5567855835, 196.979553223, -22.894197464, 70.2996520996, -44.4440803528, -24.5734043121, -42.8225135803, -40.8088340759, -9.5656375885, -9.34729862213], [277.578155518, 37.6290512085, -42.5567855835, 331.444854736, 48.0725479126, 18.5490322113, -47.698059082, -14.2336006165, -4.59738826752, -7.73342895508, 14.2212553024, 0.770534574986, 39.4092216492], [-1463.0144043, -31.1208496094, 196.979553223, 48.0725479126, 271.481201172, 5.32557916641, 54.7526397705, -32.3682250977, 42.1922492981, -10.2107591629, 15.8969306946, 12.2301874161, 31.897611618], [208.176971436, 29.2004051208, -22.894197464, 18.5490322113, 5.32557916641, 147.870574951, 45.6083221436, 11.0499105453, -14.6505708694, -26.2030963898, 9.58746623993, -17.9597930908, -7.14559650421], [-1205.87182617, 50.6121635437, 70.2996520996, -47.698059082, 54.7526397705, 45.6083221436, 175.415756226, 40.1997756958, 42.8185272217, -23.2086830139, 33.5512046814, 0.57642942667, 18.7131767273], [28.8460941315, 16.3856220245, -44.4440803528, -14.2336006165, -32.3682250977, 11.0499105453, 40.1997756958, 108.896842957, 42.003162384, 3.65573096275, 9.47946166992, -6.20314455032, 7.24087381363], [-780.393371582, 99.2765884399, -24.5734043121, -4.59738826752, 42.1922492981, -14.6505708694, 42.8185272217, 42.003162384, 133.384628296, 33.7982292175, 41.6133613586, 5.22982263565, 30.1496276855], [171.373245239, -43.1542205811, -42.8225135803, -7.73342895508, -10.2107591629, -26.2030963898, -23.2086830139, 3.65573096275, 33.7982292175, 88.4579238892, 20.7213077545, 11.9015579224, -8.26085567474], [-581.244812012, 69.3251953125, -40.8088340759, 14.2212553024, 15.8969306946, 9.58746623993, 33.5512046814, 9.47946166992, 41.6133613586, 20.7213077545, 102.915061951, 29.1726303101, 26.8900852203], [-87.57396698, -16.6116199493, -9.5656375885, 0.770534574986, 12.2301874161, -17.9597930908, 0.57642942667, -6.20314455032, 5.22982263565, 11.9015579224, 29.1726303101, 75.0981521606, 20.7945575714], [-614.187316895, 70.645362854, -9.34729862213, 39.4092216492, 31.897611618, -7.14559650421, 18.7131767273, 7.24087381363, 30.1496276855, -8.26085567474, 26.8900852203, 20.7945575714, 99.9566116333]]}, "erbbands_spread": {"dmean": 6.59388160706, "dvar2": 142.395004272, "mean": 38.5476989746, "var": 300.632446289, "dmean2": 9.89394950867, "dvar": 66.2494354248, "min": 4.2875418663, "median": 36.5276260376, "max": 140.573287964}, "erbbands_kurtosis": {"dmean": 0.784397184849, "dvar2": 2.60004425049, "mean": 0.74022513628, "var": 3.86687111855, "dmean2": 1.23329079151, "dvar": 1.05262494087, "min": -1.6800069809, "median": 0.136526465416, "max": 18.9033527374}, "dynamic_complexity": 3.81980991364, "erbbands_crest": {"dmean": 2.16798782349, "dvar2": 11.0619211197, "mean": 9.39227104187, "var": 16.5290126801, "dmean2": 3.43520832062, "dvar": 4.41748380661, "min": 2.14996147156, "median": 8.55135536194, "max": 29.5419807434}, "erbbands": {"dmean": [0.0306052900851, 0.697258114815, 2.9433567524, 5.64217567444, 10.7344064713, 6.29874563217, 6.12865209579, 12.2736692429, 12.0130977631, 11.1277685165, 14.8067817688, 11.6197013855, 8.36853218079, 9.02359580994, 5.58113479614, 5.7210817337, 8.03343200684, 7.20320558548, 7.92906713486, 4.86713075638, 4.77707386017, 3.76633501053, 3.57515931129, 2.01461005211, 2.70353555679, 1.79898703098, 1.64425158501, 1.61053717136, 1.30724895, 0.991197645664, 1.07258069515, 0.993363201618, 0.965179204941, 0.601960897446, 0.303925037384, 0.141088843346, 0.0796518400311, 0.033788792789, 0.00515868514776, 0.000209815567359], "dvar2": [0.00682129850611, 2.84108901024, 57.9188728333, 218.549728394, 930.633117676, 370.558624268, 421.752746582, 1508.43994141, 1684.07873535, 2476.96728516, 11714.6367188, 3874.47094727, 1783.63024902, 1232.79370117, 560.18548584, 374.63684082, 1970.47644043, 923.025878906, 1037.34545898, 560.934387207, 260.918243408, 149.769485474, 289.288360596, 72.1433944702, 103.632194519, 66.8130187988, 42.3668937683, 63.0112075806, 31.9039516449, 22.4152946472, 41.5317344666, 56.4635658264, 82.9445419312, 24.931219101, 2.52134728432, 0.433396190405, 0.147722393274, 0.0231765843928, 0.000476286018966, 7.22507479622e-07], "mean": [0.102107085288, 1.74059736729, 5.89053964615, 10.8458881378, 18.4485931396, 12.671710968, 13.5702705383, 28.2559165955, 27.1450214386, 25.8826541901, 33.500541687, 26.374710083, 20.4028301239, 22.293920517, 12.6813745499, 13.9767942429, 16.5698204041, 14.3160009384, 15.1963405609, 9.9298248291, 9.3093252182, 8.56124687195, 8.07325458527, 4.27968025208, 5.25604248047, 3.36885285378, 3.02951574326, 2.99561810493, 2.3181476593, 1.57299220562, 1.59019207954, 1.60384953022, 1.4718413353, 0.833867907524, 0.384246081114, 0.165537327528, 0.0843563228846, 0.0327617786825, 0.00482274545357, 0.000224668969167], "var": [0.00696614803746, 2.40325164795, 48.7399177551, 156.143249512, 623.269836426, 390.123474121, 530.761535645, 1960.3338623, 2661.84155273, 4140.72412109, 8426.95507812, 4738.39257812, 2987.58496094, 2996.66503906, 815.610778809, 763.355102539, 2503.27441406, 1012.05957031, 1177.4810791, 627.031799316, 239.403579712, 171.914169312, 243.593078613, 65.65625, 109.464179993, 58.2232170105, 37.496887207, 45.0719795227, 24.0918521881, 14.4456453323, 43.0272216797, 65.777305603, 78.2178726196, 17.571472168, 1.56065177917, 0.221733480692, 0.0638922452927, 0.0099190287292, 0.0002048874303, 3.2109991821e-07], "dmean2": [0.0517219267786, 1.16965901852, 4.82722043991, 9.23795318604, 17.1757354736, 10.00436306, 9.5123796463, 18.7025680542, 18.3050918579, 16.3046684265, 21.9701461792, 17.6841640472, 12.6206064224, 13.435628891, 8.52742195129, 8.51234436035, 12.244515419, 11.3012075424, 12.5583496094, 7.85118675232, 7.49603652954, 5.94136762619, 5.59533977509, 3.12938022614, 4.18253326416, 2.77000808716, 2.53783178329, 2.50070309639, 1.97073364258, 1.48363792896, 1.56714963913, 1.38832092285, 1.32745754719, 0.877222537994, 0.45776873827, 0.212459519506, 0.120392285287, 0.0511958524585, 0.00785094685853, 0.000316942256177], "dvar": [0.00268867635168, 1.04372787476, 21.8262290955, 77.9654846191, 369.071868896, 147.565887451, 182.414840698, 657.394287109, 795.037536621, 1244.01428223, 4707.40283203, 1524.15185547, 723.929138184, 559.104675293, 230.463699341, 180.835525513, 819.865722656, 367.704742432, 441.914794922, 213.179214478, 110.319671631, 62.5370674133, 110.862213135, 31.1417732239, 45.9800758362, 30.0164546967, 19.5114707947, 27.0194911957, 14.1277647018, 9.70885848999, 21.913187027, 30.7726478577, 41.549659729, 11.2571773529, 1.09382820129, 0.185005053878, 0.0619702711701, 0.00994208827615, 0.000206216223887, 3.15063289236e-07], "min": [6.11092804169e-23, 5.2667095482e-22, 2.38164725789e-21, 4.96552401968e-21, 5.0122968828e-21, 2.09095038359e-20, 4.41354332731e-20, 6.54187807406e-20, 9.5318367817e-20, 1.37613049577e-19, 1.5953314194e-19, 2.30551418439e-19, 5.72471746216e-19, 5.5139637328e-19, 6.98155481342e-19, 1.13808544137e-18, 9.38358236374e-19, 2.58421149529e-18, 2.22448057306e-18, 3.34838803533e-18, 3.65019832351e-18, 4.3675723641e-18, 3.93695289056e-18, 5.08657677769e-18, 5.79745372817e-18, 7.09906833054e-18, 9.942262631e-18, 9.34298185773e-18, 9.98648287936e-18, 1.07868843468e-17, 9.93974882911e-18, 1.14191861701e-17, 9.44714623073e-18, 8.13722632141e-18, 6.11706266838e-18, 3.87076810179e-18, 2.10940858291e-18, 9.23401983718e-19, 2.35838058981e-19, 2.68729881451e-20], "median": [0.0902663916349, 1.38356494904, 3.58348703384, 6.89974689484, 10.1598968506, 6.65144062042, 6.05322122574, 13.4194688797, 11.0832557678, 5.23729324341, 6.77246189117, 5.73167514801, 6.95790576935, 7.85574388504, 4.3756942749, 5.76527881622, 5.06925439835, 5.35144996643, 5.46871089935, 3.19072699547, 4.13447570801, 4.15625667572, 3.12661933899, 1.94958901405, 2.11060428619, 1.17566657066, 1.19484615326, 0.982016324997, 0.77524960041, 0.540431261063, 0.38551735878, 0.309896439314, 0.216828256845, 0.138913691044, 0.0700743049383, 0.0299694892019, 0.0116086089984, 0.00285146059468, 0.000310194620397, 5.31590521859e-05], "max": [1.24387919903, 14.0039491653, 82.6051483154, 112.545204163, 286.884399414, 253.228027344, 369.473602295, 557.908203125, 970.29095459, 1067.05456543, 3380.85888672, 1065.57446289, 1200.07592773, 845.06652832, 394.468322754, 680.229614258, 1225.68798828, 673.729919434, 728.593017578, 719.817443848, 224.773635864, 198.468307495, 494.16192627, 160.182388306, 210.994155884, 179.513702393, 115.549476624, 180.781539917, 85.72996521, 77.4924316406, 177.541152954, 218.373687744, 346.756408691, 188.105621338, 25.846282959, 8.89176273346, 5.91253995895, 2.32524180412, 0.225488916039, 0.00857913214713]}, "silence_rate_30dB": {"dmean": 0.00220831809565, "dvar2": 0.00636049360037, "mean": 0.998773336411, "var": 0.00122546008788, "dmean2": 0.00441717775539, "dvar": 0.00220398232341, "min": 0, "median": 1, "max": 1}, "silence_rate_60dB": {"dmean": 0.00588884809986, "dvar2": 0.0126211736351, "mean": 0.0596172735095, "var": 0.0560632608831, "dmean2": 0.011779140681, "dvar": 0.00585397146642, "min": 0, "median": 0, "max": 1}, "spectral_energyband_middle_low": {"dmean": 0.00540313497186, "dvar2": 0.000162170239491, "mean": 0.0166866667569, "var": 0.000242197274929, "dmean2": 0.00845182128251, "dvar": 6.71662564855e-05, "min": 1.6282275886e-22, "median": 0.0114791691303, "max": 0.142845571041}, "spectral_spread": {"dmean": 641021.8125, "dvar2": 1575368130560.0, "mean": 5383648.5, "var": 26995897401300.0, "dmean2": 893046.4375, "dvar": 854696984576, "min": 896147, "median": 4442017, "max": 42879308}, "barkbands": {"dmean": [2.31870562857e-05, 0.00246181571856, 0.00276192137972, 0.0026450776495, 0.00241610500962, 0.00128120218869, 0.000795822765213, 0.00069042906398, 0.000521394307725, 0.000278823252302, 0.000145362326293, 0.00015199786867, 0.000194545791601, 0.000134881280246, 0.000146299193148, 7.35277717467e-05, 8.88064168976e-05, 5.86229580222e-05, 4.82423238282e-05, 4.11855435232e-05, 4.21167460445e-05, 3.50144146068e-05, 3.67107095371e-05, 5.23857270309e-05, 4.72671708849e-05, 4.07581064792e-05, 2.94990986731e-05], "dvar2": [1.75475758368e-08, 3.59941950592e-05, 5.728713586e-05, 4.86642384203e-05, 4.51946179965e-05, 1.43295910675e-05, 8.4211678768e-06, 1.75522800419e-05, 6.72694477544e-06, 1.18844752706e-06, 6.46084231448e-07, 3.10697743089e-07, 1.3598763644e-06, 2.60599676949e-07, 3.73156609612e-07, 7.20772845852e-08, 7.7869543702e-08, 9.54096819328e-08, 3.57230049985e-08, 3.33960556986e-08, 3.35602621249e-08, 2.18637445926e-08, 4.26786392893e-08, 1.9565872833e-07, 9.364632092e-08, 3.46764146286e-08, 1.61221151984e-08], "mean": [3.83746919397e-05, 0.00638139620423, 0.00506490282714, 0.00454524764791, 0.0046319053