{"tonal": {"chords_key": "A", "hpcp_entropy": {"dmean": 0.589936614037, "dmean2": 0.978639006615, "max": 4.12947368622, "dvar": 0.255115568638, "mean": 1.87304663658, "dvar2": 0.676344871521, "min": 0, "var": 0.52450555563, "median": 1.91342926025}, "key_key": "D", "chords_strength": {"dmean": 0.0114136552438, "dmean2": 0.0107085276395, "max": 0.769829213619, "dvar": 9.33520859689e-05, "mean": 0.541726768017, "dvar2": 0.000100501914858, "min": 0.253279775381, "var": 0.00909377541393, "median": 0.541647076607}, "key_scale": "minor", "chords_number_rate": 0.0018648984842, "thpcp": [1, 0.986724495888, 0.54398226738, 0.665654599667, 0.634258747101, 0.271628558636, 0.176817640662, 0.158503592014, 0.100244052708, 0.119584605098, 0.127525955439, 0.120146110654, 0.251677364111, 0.343786865473, 0.292916417122, 0.494430780411, 0.568318128586, 0.271775186062, 0.111504659057, 0.0983873978257, 0.209389597178, 0.517892479897, 0.556960105896, 0.402426689863, 0.511817395687, 0.450385808945, 0.241482451558, 0.153150677681, 0.106158845127, 0.189912289381, 0.466101199389, 0.477830171585, 0.20875120163, 0.130257844925, 0.173049047589, 0.428478062153], "key_strength": 0.82298374176, "tuning_nontempered_energy_ratio": 0.909977674484, "tuning_frequency": 434.193115234, "chords_changes_rate": 0.0629921257496, "tuning_diatonic_strength": 0.642564535141, "chords_scale": "major", "chords_histogram": [18.8147525787, 2.34148359299, 2.03066730499, 0.642353892326, 0.0828843787313, 0.704517185688, 0, 5.13883113861, 5.15955257416, 34.1483612061, 0, 0, 0, 0, 0, 0.165768757463, 4.26854515076, 0, 0, 0, 0, 0, 19.7886447906, 6.71363449097], "tuning_equal_tempered_deviation": 0.196089729667, "hpcp": {"dmean": [0.182870596647, 0.201574549079, 0.171582117677, 0.159416422248, 0.144625514746, 0.100138232112, 0.0693687200546, 0.0609247945249, 0.0447917245328, 0.044864680618, 0.0453191995621, 0.0486452244222, 0.0710235014558, 0.0826468989253, 0.0829291269183, 0.114699721336, 0.123281225562, 0.0915752127767, 0.0593216568232, 0.0548094622791, 0.0807631760836, 0.117463290691, 0.120632447302, 0.135486260056, 0.156224191189, 0.126988083124, 0.0941166952252, 0.0653121620417, 0.0493750460446, 0.0698114410043, 0.106428921223, 0.109324172139, 0.0756088495255, 0.0653606578708, 0.0864136219025, 0.140627995133], "dmean2": [0.312325686216, 0.345349341631, 0.303844064474, 0.277754992247, 0.253067731857, 0.181690052152, 0.122855737805, 0.106478691101, 0.0824551954865, 0.0807704329491, 0.0805929750204, 0.088416069746, 0.124508924782, 0.142334029078, 0.144871816039, 0.193876355886, 0.206260770559, 0.162056028843, 0.111507445574, 0.104167580605, 0.147774294019, 0.200036734343, 0.205205082893, 0.242026463151, 0.281221330166, 0.220515921712, 0.16736651957, 0.116369940341, 0.0916078016162, 0.125270441175, 0.180987730622, 0.185902684927, 0.135188981891, 0.123127371073, 0.161817789078, 0.2521507442], "max": [1, 1, 1, 1, 1, 1, 1, 1, 1, 1, 1, 1, 1, 1, 1, 1, 1, 1, 1, 1, 1, 1, 1, 1, 1, 1, 1, 1, 1, 1, 1, 1, 1, 1, 1, 1], "dvar": [0.0633796304464, 0.0630469098687, 0.0467396974564, 0.0574321039021, 0.0565783642232, 0.0293248817325, 0.02296532318, 0.0204248428345, 0.0134462155402, 0.0133945476264, 0.0140857435763, 0.0159585252404, 0.0232965443283, 0.028922393918, 0.0242458414286, 0.0393028706312, 0.0464668124914, 0.0306757539511, 0.0249287020415, 0.0251044239849, 0.0283954814076, 0.040864944458, 0.0437299199402, 0.0397276878357, 0.0628149956465, 0.0379234850407, 0.0350022017956, 0.0212348531932, 0.0173694193363, 0.0212901495397, 0.0377544611692, 0.0401361957192, 0.0243326053023, 0.0249613616616, 0.0336285084486, 0.0438477545977], "mean": [0.335052669048, 0.330604672432, 0.182262703776, 0.223029345274, 0.212510094047, 0.0910098701715, 0.0592432245612, 0.0531070493162, 0.033587038517, 0.040067140013, 0.0427279137075, 0.0402552746236, 0.0843251720071, 0.115186706185, 0.0981424227357, 0.165660351515, 0.190416499972, 0.0910589993, 0.0373599343002, 0.0329649597406, 0.0701565444469, 0.173521250486, 0.186610966921, 0.134834140539, 0.17148578167, 0.150902971625, 0.0809093415737, 0.0513135455549, 0.0355688035488, 0.063630618155, 0.156168445945, 0.160098269582, 0.0699426457286, 0.0436432361603, 0.0579805448651, 0.143562719226], "dvar2": [0.142972618341, 0.149222016335, 0.129457131028, 0.138514131308, 0.131403028965, 0.0831681787968, 0.0611184984446, 0.0531093105674, 0.0380795411766, 0.0360940843821, 0.0370496474206, 0.0455215349793, 0.0592433065176, 0.0673736482859, 0.0642292127013, 0.0925105065107, 0.105914562941, 0.0850074589252, 0.0709866881371, 0.0719180032611, 0.0807369276881, 0.101264730096, 0.104679778218, 0.109745800495, 0.161356776953, 0.0948147624731, 0.0901988074183, 0.0532531924546, 0.0481700263917, 0.0593036822975, 0.088465988636, 0.0935525894165, 0.0682803317904, 0.0709224641323, 0.0951143056154, 0.121726483107], "min": [0, 0, 0, 0, 0, 0, 0, 0, 0, 0, 0, 0, 0, 0, 0, 0, 0, 0, 0, 0, 0, 0, 0, 0, 0, 0, 0, 0, 0, 0, 0, 0, 0, 0, 0, 0], "var": [0.142169445753, 0.128843083978, 0.05197012797, 0.111784912646, 0.116313628852, 0.0256111267954, 0.0197360813618, 0.0185116026551, 0.00875985901803, 0.012721799314, 0.015217686072, 0.0110269086435, 0.0298095457256, 0.0580972619355, 0.0336203463376, 0.0730871632695, 0.0916768237948, 0.0301070511341, 0.0153177911416, 0.0148558234796, 0.0233037713915, 0.0758814737201, 0.0848033502698, 0.0424052104354, 0.0836519226432, 0.0647841468453, 0.0320850946009, 0.01796345599, 0.0127589935437, 0.0192775949836, 0.0769740566611, 0.0831388384104, 0.0224916674197, 0.0159871485084, 0.0225990638137, 0.0464452989399], "median": [0.138402462006, 0.158873975277, 0.093323558569, 0.0296488404274, 0.01802854985, 0.0156384259462, 0.00965453777462, 0.00786461867392, 0.00598993711174, 0.00499592348933, 0.00562351383269, 0.00877202488482, 0.014569609426, 0.0165721923113, 0.0216132421046, 0.0296369157732, 0.0286494679749, 0.0147401494905, 0.00292546744458, 0.00205399165861, 0.00855257734656, 0.0328346267343, 0.0396089032292, 0.0420911535621, 0.0257811192423, 0.0278180278838, 0.0115155819803, 0.00501000415534, 0.00393132679164, 0.0103024058044, 0.0221667848527, 0.0194142851979, 0.00837308168411, 0.00464606564492, 0.00698135700077, 0.0406841933727]}}, "lowlevel": {"melbands_flatness_db": {"dmean": 0.0334902592003, "dmean2": 0.0513679534197, "max": 0.84118270874, "dvar": 0.00124559772667, "mean": 0.258180558681, "dvar2": 0.00298676174134, "min": 0.00387548445724, "var": 0.010067355819, "median": 0.238640516996}, "melbands_crest": {"dmean": 3.286267519, "dmean2": 5.45200014114, "max": 39.6089401245, "dvar": 9.16027450562, "mean": 14.9402923584, "dvar2": 24.158618927, "min": 1.6173363924, "var": 22.4043827057, "median": 14.3161773682}, "spectral_entropy": {"dmean": 0.278432935476, "dmean2": 0.40424284339, "max": 9.810505867, "dvar": 0.0743753388524, "mean": 7.26842832565, "dvar2": 0.155716612935, "min": 4.07311916351, "var": 0.510249614716, "median": 7.38276195526}, "melbands": {"dmean": [0.00164026941638, 0.00181888777297, 0.000630969181657, 0.000714046473149, 0.000302226020722, 0.000333301635692, 0.000247836636845, 0.000120269178296, 7.2996095696e-05, 5.42823399883e-05, 9.54643037403e-05, 8.43269299367e-05, 4.13803063566e-05, 6.77277057548e-05, 2.64494647126e-05, 3.37815545208e-05, 2.21945265366e-05, 1.29096151795e-05, 9.20461388887e-06, 4.36702384832e-06, 9.01364455785e-06, 5.56677923669e-06, 6.06524599789e-06, 4.78895208289e-06, 3.40449332725e-06, 3.40515089192e-06, 3.60305784852e-06, 5.04944819113e-06, 2.82611767943e-06, 2.6657505714e-06, 3.34353944709e-06, 3.40366273122e-06, 2.05933747566e-06, 1.57440183557e-06, 1.19753406125e-06, 8.43833674935e-07, 7.99718122835e-07, 7.0518819939e-07, 6.6793370479e-07, 7.11212010174e-07], "dmean2": [0.00287366146222, 0.00320726726204, 0.00105862086639, 0.00117446831428, 0.000492256076541, 0.000515882042237, 0.000374639057554, 0.000182577568921, 0.000108053442091, 8.87538262759e-05, 0.000150552790728, 0.000122353390907, 6.09456546954e-05, 9.73111673375e-05, 4.0668186557e-05, 4.98602385051e-05, 3.15335964842e-05, 1.88653084479e-05, 1.34226165756e-05, 6.64239314574e-06, 1.2720628547e-05, 8.10090023151e-06, 9.15939472179e-06, 7.25459085515e-06, 5.34547780262e-06, 5.24692950421e-06, 5.56651229999e-06, 7.90179910837e-06, 4.40263465862e-06, 4.29197143603e-06, 5.32037256562e-06, 5.46244427824e-06, 3.44037266586e-06, 2.56376256402e-06, 1.95735174202e-06, 1.36995629418e-06, 1.33766604904e-06, 1.15781642762e-06, 1.05782987703e-06, 1.10477981252e-06], "max": [0.0600258260965, 0.0584346689284, 0.0121449045837, 0.0432493202388, 0.0140071790665, 0.0194799676538, 0.0126435859129, 0.00800100993365, 0.00595295242965, 0.0074164760299, 0.00922452751547, 0.00682662334293, 0.00417544925585, 0.0131892655045, 0.00634858151898, 0.010152569972, 0.00342618697323, 0.0011171103688, 0.00235699745826, 0.000451743457234, 0.0018813284114, 0.00181185209658, 0.00112154241651, 0.000684444792569, 0.000273956073215, 0.000485759868752, 0.000434727524407, 0.00121896562632, 0.000524676754139, 0.000460878014565, 0.000347778288415, 0.000436852715211, 0.000407326471759, 0.00013716617832, 0.000381382444175, 0.000199243455427, 7.92392384028e-05, 4.58521717519e-05, 4.09571548516e-05, 3.0384200727e-05], "dvar": [2.79400483123e-05, 2.00773592951e-05, 1.12583836653e-06, 2.32540833167e-06, 4.00148934432e-07, 6.59839543005e-07, 4.16252731839e-07, 1.32762721705e-07, 4.27128554747e-08, 5.23451646472e-08, 1.4949513627e-07, 9.01218868421e-08, 2.2324050164e-08, 1.22103116951e-07, 1.9521733563e-08, 7.10145400262e-08, 1.00656176727e-08, 1.67135760787e-09, 2.48405407355e-09, 1.8242429789e-10, 2.22965490515e-09, 1.00649188983e-09, 7.30047133857e-10, 3.86366688643e-10, 1.09643849555e-10, 1.99743444007e-10, 2.34449931691e-10, 8.86910100917e-10, 1.16706727615e-10, 8.49218889654e-11, 1.19463300363e-10, 1.22096582844e-10, 7.33322708113e-11, 1.45321706058e-11, 4.2181692167e-11, 1.32553620857e-11, 6.84498638326e-12, 3.86531995647e-12, 2.37652193931e-12, 2.25994591964e-12], "mean": [0.001807934721, 0.00269927293994, 0.00123162870295, 0.00114942819346, 0.000504579395056, 0.000465644465294, 0.000509495614097, 0.000256253144471, 0.000142927092384, 7.11528482498e-05, 0.000154994224431, 0.000164253506227, 7.74462750996e-05, 0.000138402247103, 4.23966012022e-05, 5.63373760087e-05, 3.99312084483e-05, 2.53034613706e-05, 1.60882646014e-05, 6.85290842739e-06, 1.4420570551e-05, 8.87214901013e-06, 9.8426526165e-06, 7.35511275707e-06, 4.74472517453e-06, 5.05736943524e-06, 4.93139941682e-06, 7.28390250515e-06, 4.09184349337e-06, 3.60922649634e-06, 4.46956391897e-06, 4.2905526243e-06, 2.34876097238e-06, 2.11478118217e-06, 1.51923131853e-06, 1.10042526558e-06, 9.92870809569e-07, 9.84266876003e-07, 1.13074236197e-06, 1.19256719699e-06], "dvar2": [7.65072036302e-05, 5.78176986892e-05, 3.03163142235e-06, 5.5303157751e-06, 1.01222258309e-06, 1.49907486957e-06, 8.5076266032e-07, 2.5500324341e-07, 9.37303425985e-08, 1.43014105447e-07, 3.47870980022e-07, 1.43800704677e-07, 3.71661670329e-08, 1.71383419456e-07, 3.08215533096e-08, 1.05731146505e-07, 1.58558872698e-08, 3.26147686636e-09, 4.21920809401e-09, 3.57231744186e-10, 3.21117399338e-09, 1.64749724973e-09, 1.2107940206e-09, 7.36575855864e-10, 2.51656695482e-10, 5.11643338807e-10, 5.2029008879e-10, 2.08826578252e-09, 2.34883806849e-10, 1.85317539092e-10, 2.69551464482e-10, 3.26684235219e-10, 2.06545267001e-10, 3.67714296512e-11, 1.06942892042e-10, 3.45583665851e-11, 1.79445971971e-11, 9.83262256338e-12, 5.63044446136e-12, 5.31026221259e-12], "min": [1.20967895233e-24, 1.15162036742e-24, 1.0523939915e-24, 3.68985152467e-24, 3.2640305217e-24, 2.23920771188e-24, 4.21177807121e-24, 3.26297443417e-24, 2.23832162387e-24, 1.4477089544e-24, 2.68342002078e-24, 3.27760385965e-24, 2.71313719994e-24, 4.54250721687e-24, 4.68362299433e-24, 3.78160866972e-24, 4.51677654629e-24, 4.94018777641e-24, 4.96202739057e-24, 5.65421457514e-24, 5.02311993451e-24, 4.48501818954e-24, 3.19728933925e-24, 4.69504175593e-24, 4.76532058511e-24, 5.54773610231e-24, 7.59893459465e-24, 6.33495026039e-24, 4.73497231723e-24, 4.93070487946e-24, 4.09811307553e-24, 5.5144292116e-24, 5.27525762919e-24, 5.73229642197e-24, 4.72041901682e-24, 6.23459887021e-24, 7.27446032711e-24, 6.24143277223e-24, 6.46205705147e-24, 7.9829299952e-24], "var": [1.89478741959e-05, 1.46426318679e-05, 1.56889325353e-06, 5.46314822714e-06, 6.96366669217e-07, 9.33096146127e-07, 1.38192513077e-06, 3.96315783746e-07, 1.14520084082e-07, 5.01797750019e-08, 3.5581754787e-07, 2.76591265447e-07, 6.16389783659e-08, 3.88990997635e-07, 5.2680199758e-08, 1.99677018031e-07, 3.91551857604e-08, 5.68591884686e-09, 6.41291775239e-09, 4.62117816236e-10, 5.09453812469e-09, 1.76361902859e-09, 1.72664316178e-09, 9.03300767519e-10, 1.61137853061e-10, 2.43166042857e-10, 3.26491000902e-10, 1.35802458168e-09, 2.15567508288e-10, 1.36590766475e-10, 1.58771176761e-10, 1.07453559939e-10, 5.07529088201e-11, 1.84781114021e-11, 3.78348949392e-11, 1.11330302616e-11, 6.43731118757e-12, 4.97959312673e-12, 4.44752871684e-12, 4.32172873877e-12], "median": [0.00100617483258, 0.00178554200102, 0.000901682768017, 0.000530353863724, 0.000235721789068, 0.000144625941175, 9.14905758691e-05, 5.976418106e-05, 2.83043736999e-05, 1.2036131011e-05, 1.89254769793e-05, 1.85722292372e-05, 9.59511362453e-06, 7.45992247175e-06, 5.97786765866e-06, 3.53343352799e-06, 2.51532765105e-06, 3.38643758369e-06, 2.14332999349e-06, 2.18937407226e-06, 2.43517820309e-06, 2.10388975574e-06, 2.44864486376e-06, 1.44758553233e-06, 1.41504870044e-06, 1.46065190165e-06, 1.49043364672e-06, 1.47523985561e-06, 1.2363635733e-06, 1.14533895612e-06, 1.52397194597e-06, 1.60185197728e-06, 8.20665150059e-07, 7.60162038205e-07, 5.02105535816e-07, 4.21319811039e-07, 3.64954388488e-07, 3.13388113682e-07, 4.67606071197e-07, 4.82574762373e-07]}, "silence_rate_60dB": {"dmean": 0.0194818656892, "dmean2": 0.038967769593, "max": 1, "dvar": 0.0191032234579, "mean": 0.0614444091916, "dvar2": 0.0449163243175, "min": 0, "var": 0.0576666295528, "median": 0}, "spectral_energyband_middle_high": {"dmean": 0.00191121862736, "dmean2": 0.00267204083502, "max": 0.116741426289, "dvar": 2.36511132243e-05, "mean": 0.00439913524315, "dvar2": 3.52088281943e-05, "min": 1.23389841311e-21, "var": 7.82786737545e-05, "median": 0.00124633638188}, "erbbands_skewness": {"dmean": 0.458175748587, "dmean2": 0.702256202698, "max": 7.14922046661, "dvar": 0.223687157035, "mean": 0.897611618042, "dvar2": 0.498843491077, "min": -2.73050498962, "var": 0.851227998734, "median": 0.845716714859}, "dynamic_complexity": 3.56930470467, "dissonance": {"dmean": 0.027571413666, "dmean2": 0.0456513501704, "max": 0.500000238419, "dvar": 0.000680603436194, "mean": 0.439662724733, "dvar2": 0.00176785583608, "min": 0.136758387089, "var": 0.0017051739851, "median": 0.44672369957}, "spectral_skewness": {"dmean": 0.314863532782, "dmean2": 0.472327977419, "max": 19.5530071259, "dvar": 0.288302153349, "mean": 1.8301192522, "dvar2": 0.625934541225, "min": -0.0664176791906, "var": 1.90135598183, "median": 1.53567135334}, "spectral_kurtosis": {"dmean": 3.04361438751, "dmean2": 4.63557291031, "max": 493.384979248, "dvar": 137.843063354, "mean": 7.36915206909, "dvar2": 327.192352295, "min": -1.24110269547, "var": 550.547119141, "median": 3.03182458878}, "gfcc": {"cov": [[16660.578125, -1563.45812988, -1210.00134277, -14.6762561798, -628.200073242, 431.848846436, -523.016052246, 149.813461304, -315.878540039, 466.18081665, -281.248291016, 191.363967896, -327.592285156], [-1563.45812988, 2233.01757812, -87.6734619141, 127.08808136, 127.201644897, -183.469863892, 203.710601807, -153.46812439, 104.59928894, -285.108276367, 116.621902466, -110.319984436, 183.027557373], [-1210.00134277, -87.6734619141, 1274.41467285, 44.3593673706, 168.5703125, -71.4427642822, 58.4144477844, 20.9492721558, -0.200781002641, -36.4630508423, -24.7707061768, 34.6926956177, -29.0317134857], [-14.6762561798, 127.08808136, 44.3593673706, 459.932006836, 11.7318429947, 15.104970932, 8.80184173584, -2.77882218361, 22.6457099915, -20.4712867737, 18.2923259735, -63.3627929688, 2.42140412331], [-628.200073242, 127.201644897, 168.5703125, 11.7318429947, 310.727722168, 60.0376815796, 91.7520828247, -32.1421127319, 1.01216578484, -42.8524780273, 3.86854600906, 15.3891029358, 12.7571487427], [431.848846436, -183.469863892, -71.4427642822, 15.104970932, 60.0376815796, 245.690124512, 1.82724416256, 18.1829795837, -12.3883237839, 7.09525966644, -23.725353241, -18.5992851257, 4.55928325653], [-523.016052246, 203.710601807, 58.4144477844, 8.80184173584, 91.7520828247, 1.82724416256, 167.460723877, -3.09132885933, 15.6853055954, -45.5444335938, 9.96294021606, 9.0562543869, 20.9430522919], [149.813461304, -153.46812439, 20.9492721558, -2.77882218361, -32.1421127319, 18.1829795837, -3.09132885933, 126.523262024, 24.3093204498, 12.559431076, -28.0663986206, -2.66220331192, -7.4298119545], [-315.878540039, 104.59928894, -0.200781002641, 22.6457099915, 1.01216578484, -12.3883237839, 15.6853055954, 24.3093204498, 104.136856079, 15.3504400253, -7.36468982697, -44.7585716248, 6.98866271973], [466.18081665, -285.108276367, -36.4630508423, -20.4712867737, -42.8524780273, 7.09525966644, -45.5444335938, 12.559431076, 15.3504400253, 151.13104248, 6.41084480286, -7.42634296417, -58.5119171143], [-281.248291016, 116.621902466, -24.7707061768, 18.2923259735, 3.86854600906, -23.725353241, 9.96294021606, -28.0663986206, -7.36468982697, 6.41084480286, 111.670547485, 33.4955711365, -1.35189306736], [191.363967896, -110.319984436, 34.6926956177, -63.3627929688, 15.3891029358, -18.5992851257, 9.0562543869, -2.66220331192, -44.7585716248, -7.42634296417, 33.4955711365, 151.045196533, 17.9614582062], [-327.592285156, 183.027557373, -29.0317134857, 2.42140412331, 12.7571487427, 4.55928325653, 20.9430522919, -7.4298119545, 6.98866271973, -58.5119171143, -1.35189306736, 17.9614582062, 107.449058533]], "mean": [-25.5134754181, 88.087272644, -72.2483901978, 33.8340377808, -54.7089080811, 11.0798015594, -29.4714107513, 3.14706778526, -25.5930252075, 0.474283844233, -15.7279281616, 2.25402832031, -8.21459674835], "icov": [[0.000108926593384, -9.34833296924e-05, 7.74403888499e-05, -8.13306614873e-05, 0.000155141955474, -0.000232231148402, 0.000181171097211, -8.94582917681e-05, 0.000299141334835, -0.000326369423419, 0.000467496487545, -0.000386210245779, 0.000337287347065], [-9.34833296924e-05, 0.00113346916623, 5.12617734785e-05, 7.32210901333e-05, -0.000285497866571, 0.000901652208995, -0.000770046841353, 0.000911763054319, -0.00111311546061, 0.00180224282667, -0.00153440714348, 0.00140882050619, -0.00119576614816], [7.74403888499e-05, 5.12617734785e-05, 0.000996039016172, -0.000195080487174, -0.000501816044562, 0.000359545869287, 4.53610628028e-05, -0.000265097565716, 0.000130134401843, 0.000111173430923, 0.000555673323106, -0.000430304382462, 0.000570447999053], [-8.13306614873e-05, 7.32210901333e-05, -0.000195080487174, 0.0024792982731, -0.00010230371845, -2.23143542826e-05, -0.000102973688627, -1.18084435599e-05, -0.000362181017408, 0.000652727263514, -0.00123937346507, 0.00149450905155, -0.000335336255375], [0.000155141955474, -0.000285497866571, -0.000501816044562, -0.00010230371845, 0.0049713300541, -0.00195957254618, -0.00176212389488, 0.00129814899992, -0.000101202735095, 2.12512850339e-06, 0.000882889667992, -0.00129509775434, 0.000987509381957], [-0.000232231148402, 0.000901652208995, 0.000359545869287, -2.23143542826e-05, -0.00195957254618, 0.00588910840452, -0.000547506439034, -0.000473696331028, 0.000273888552329, 0.000885389454197, -0.000969144690316, 0.00239198422059, -0.00203723181039], [0.000181171097211, -0.000770046841353, 4.53610628028e-05, -0.000102973688627, -0.00176212389488, -0.000547506439034, 0.00852957461029, -0.00110224459786, -0.000532025063876, 0.000490327889565, 0.000638412253466, -0.00165337731596, 0.000958367716521], [-8.94582917681e-05, 0.000911763054319, -0.000265097565716, -1.18084435599e-05, 0.00129814899992, -0.000473696331028, -0.00110224459786, 0.010359457694, -0.00382418720983, 0.00145883881487, 0.00111175852362, -0.000417937786551, 2.69535339612e-05], [0.000299141334835, -0.00111311546061, 0.000130134401843, -0.000362181017408, -0.000101202735095, 0.000273888552329, -0.000532025063876, -0.00382418720983, 0.0147378109396, -0.00488014286384, 0.00161982886493, 0.00256125140004, -0.00133276474662], [-0.000326369423419, 0.00180224282667, 0.000111173430923, 0.000652727263514, 2.12512850339e-06, 0.000885389454197, 0.000490327889565, 0.00145883881487, -0.00488014286384, 0.0130249876529, -0.00384121085517, 0.00177457369864, 0.00298311351798], [0.000467496487545, -0.00153440714348, 0.000555673323106, -0.00123937346507, 0.000882889667992, -0.000969144690316, 0.000638412253466, 0.00111175852362, 0.00161982886493, -0.00384121085517, 0.0141507172957, -0.00579881388694, 0.00305608892813], [-0.000386210245779, 0.00140882050619, -0.000430304382462, 0.00149450905155, -0.00129509775434, 0.00239198422059, -0.00165337731596, -0.000417937786551, 0.00256125140004, 0.00177457369864, -0.00579881388694, 0.0120706204325, -0.00467251660302], [0.000337287347065, -0.00119576614816, 0.000570447999053, -0.000335336255375, 0.000987509381957, -0.00203723181039, 0.000958367716521, 2.69535339612e-05, -0.00133276474662, 0.00298311351798, 0.00305608892813, -0.00467251660302, 0.0148485451937]]}, "spectral_complexity": {"dmean": 2.56062173843, "dmean2": 4.00103616714, "max": 47, "dvar": 9.07371997833, "mean": 10.6945390701, "dvar2": 21.3040180206, "min": 0, "var": 28.6073246002, "median": 10}, "spectral_flux": {"dmean": 0.0337958931923, "dmean2": 0.0522875748575, "max": 0.539462029934, "dvar": 0.00210648938082, "mean": 0.0815523415804, "dvar2": 0.00416725734249, "min": 6.43837136383e-11, "var": 0.00401683710515, "median": 0.0657961815596}, "spectral_energyband_low": {"dmean": 0.00919133238494, "dmean2": 0.0157628022134, "max": 0.323386728764, "dvar": 0.000619192025624, "mean": 0.0135690141469, "dvar2": 0.00169844995253, "min": 9.78514110889e-24, "var": 0.000464667420601, "median": 0.00903842970729}, "spectral_decrease": {"dmean": 3.4307225949e-09, "dmean2": 5.52012791033e-09, "max": 4.30626441717e-16, "dvar": 4.82650126693e-17, "mean": -7.74695152472e-09, "dvar2": 1.25855000804e-16, "min": -8.94683651609e-08, "var": 5.61200818935e-17, "median": -6.061033897e-09}, "barkbands_spread": {"dmean": 6.9897069931, "dmean2": 10.9762926102, "max": 153.973999023, "dvar": 94.2360076904, "mean": 19.2960700989, "dvar2": 226.574279785, "min": 0.368331432343, "var": 286.884033203, "median": 15.145529747}, "spectral_rms": {"dmean": 0.00104327057488, "dmean2": 0.00159014191013, "max": 0.0182452909648, "dvar": 2.29046213462e-06, "mean": 0.00501033477485, "dvar2": 5.39184611625e-06, "min": 3.14006438039e-12, "var": 5.13164741278e-06, "median": 0.00486773345619}, "spectral_centroid": {"dmean": 228.002380371, "dmean2": 355.954711914, "max": 11481.7353516, "dvar": 100559.78125, "mean": 971.600952148, "dvar2": 218406.265625, "min": 127.209518433, "var": 606440.4375, "median": 812.868469238}, "barkbands_skewness": {"dmean": 0.73690199852, "dmean2": 1.15751242638, "max": 14.0860881805, "dvar": 0.813587427139, "mean": 2.27084088326, "dvar2": 2.02948331833, "min": -11.8755073547, "var": 2.2251226902, "median": 2.12821388245}, "spectral_rolloff": {"dmean": 476.137084961, "dmean2": 838.747070312, "max": 21210.2050781, "dvar": 1685553.5, "mean": 1090.05102539, "dvar2": 4303538.5, "min": 43.06640625, "var": 4317971.5, "median": 516.796875}, "erbbands_spread": {"dmean": 13.1236114502, "dmean2": 20.081861496, "max": 178.361083984, "dvar": 228.043731689, "mean": 46.4535903931, "dvar2": 526.293579102, "min": 1.78664946556, "var": 816.096679688, "median": 41.3181877136}, "barkbands": {"dmean": [0.000841963978019, 0.00590738141909, 0.00321542215534, 0.00117992132436, 0.00287754973397, 0.00154251349159, 0.00115401227959, 0.000441063399194, 0.000372807233362, 0.000633646675851, 0.000370357418433, 0.000475830165669, 0.00033901821007, 0.00018380759866, 0.000150168809341, 9.03683539946e-05, 0.000116141185572, 0.000103656690044, 8.29736163723e-05, 0.000132644418045, 0.000113091693493, 0.000135241585667, 7.11165557732e-05, 5.94452176301e-05, 0.000105574639747, 0.000129404710606, 4.19744683313e-05], "dmean2": [0.00130920822266, 0.0105471955612, 0.00548151740804, 0.00196679425426, 0.00474114343524, 0.00240020081401, 0.0017525885487, 0.000650963163935, 0.000626780209132, 0.000944044091739, 0.000533427693881, 0.000692811852787, 0.000502749637235, 0.000265345355729, 0.000218797664274, 0.000131406297442, 0.000169917519088, 0.000155604633619, 0.000128657236928, 0.000206818600418, 0.00017660127196, 0.000219675755943, 0.000115020702651, 9.67257365119e-05, 0.000161753690918, 0.000215900989133, 6.71832167427e-05], "max": [0.0345922894776, 0.222606152296, 0.0833308175206, 0.0274707376957, 0.155588567257, 0.0822026282549, 0.0725032240152, 0.0279712453485, 0.0569271743298, 0.0370701774955, 0.0505188666284, 0.0865959376097, 0.107174694538, 0.0272530652583, 0.0214726477861, 0.0187343005091, 0.0283132046461, 0.0106458701193, 0.00878032296896, 0.0204724278301, 0.0124944401905, 0.0176520422101, 0.0122361555696, 0.00544539652765, 0.00396649399772, 0.00606072787195, 0.00167092564516], "dvar": [6.08298660154e-06, 0.000340816070093, 4.38198949269e-05, 3.677840823e-06, 3.53559225914e-05, 1.26768873088e-05, 1.22738701975e-05, 1.33508740419e-06, 3.00510328088e-06, 3.2947004911e-06, 3.26678537022e-06, 5.47433364773e-06, 6.4296009441e-06, 6.43454598048e-07, 3.41352631494e-07, 1.93975239426e-07, 3.13282555453e-07, 1.44693743209e-07, 1.02539686964e-07, 3.80829646929e-07, 1.36901505243e-07, 2.0988645133e-07, 6.97569504382e-08, 2.97682447581e-08, 5.32370449946e-08, 1.40964630191e-07, 1.14865992273e-08], "mean": [0.000834811944515, 0.00672098202631, 0.00505539448932, 0.00215555704199, 0.00464383186772, 0.00223293364979, 0.00241036922671, 0.000873899203725, 0.000424565892899, 0.00121951161418, 0.000667393091135, 0.000945045903791, 0.000564896443393, 0.000325027212966, 0.000278225343209, 0.000137815091875, 0.000192221195903, 0.000159773422638, 0.000120663760754, 0.000196770590264, 0.000158210634254, 0.000172666666913, 9.9330136436e-05, 8.47604533192e-05, 0.000149547850015, 0.000123133781017, 4.22363409598e-05], "dvar2": [1.47942046169e-05, 0.000955317460466, 0.0001229478803, 9.77964009508e-06, 8.4341976617e-05, 2.95067075058e-05, 2.38912907662e-05, 2.93256653094e-06, 8.40505799715e-06, 6.19861339146e-06, 4.73361023978e-06, 7.88974830357e-06, 9.52558275458e-06, 1.04413470581e-06, 6.06043784046e-07, 2.87445203639e-07, 5.16920806604e-07, 2.57381799429e-07, 2.64082387957e-07, 8.49321111218e-07, 2.90717991902e-07, 5.73888769395e-07, 1.7333742619e-07, 7.73508403995e-08, 1.2399385696e-07, 3.73887928617e-07, 2.81482535058e-08], "min": [8.41239790213e-25, 4.8071653174e-24, 6.30875928948e-25, 1.63635922203e-24, 1.72565153174e-23, 8.47348472684e-24, 2.04089880882e-23, 6.25198812557e-24, 9.77004388888e-24, 2.4000891093e-23, 1.94984958754e-23, 4.98603700331e-23, 3.23262798066e-23, 4.80502876653e-23, 5.57935822278e-23, 6.50228130568e-23, 8.42616348549e-23, 1.23807175236e-22, 1.47520334047e-22, 2.21520750236e-22, 2.83399226834e-22, 3.68578104973e-22, 3.91988947042e-22, 6.38708842842e-22, 9.61066943668e-22, 1.2820080736e-21, 2.01603342714e-21], "var": [5.79829884373e-06, 0.000219036781345, 4.55881636299e-05, 6.1413147705e-06, 8.08205804788e-05, 1.83582251339e-05, 4.06924409617e-05, 3.80163578484e-06, 2.36053733715e-06, 1.16642913781e-05, 9.68215681496e-06, 1.72752042999e-05, 1.83012725756e-05, 2.54043288805e-06, 1.03103923266e-06, 4.60643235556e-07, 5.7982049384e-07, 3.35286927111e-07, 1.17502693797e-07, 6.12444921444e-07, 2.24075336064e-07, 1.71310077235e-07, 7.22994357716e-08, 3.41399761794e-08, 9.14440150268e-08, 1.23249719763e-07, 1.24948300595e-08], "median": [0.000106796163891, 0.00413352437317, 0.00275847013108, 0.00157871737611, 0.00215979688801, 0.000761237344705, 0.00030799896922, 0.000165486388141, 7.09705709596e-05, 0.000166366618942, 4.96570173709e-05, 5.00452151755e-05, 3.73815164494e-05, 2.68179883278e-05, 3.30827460857e-05, 3.09176029987e-05, 4.37125381723e-05, 3.44609870808e-05, 3.75611234631e-05, 5.11053840455e-05, 5.38993517694e-05, 6.67295898893e-05, 3.64277402696e-05, 3.06305155391e-05, 4.32672350144e-05, 8.63222157932e-06, 2.59098646893e-06]}, "melbands_kurtosis": {"dmean": 15.1727294922, "dmean2": 24.5565700531, "max": 392.713317871, "dvar": 691.58026123, "mean": 28.7838249207, "dvar2": 1785.07678223, "min": -1.74919593334, "var": 1316.37255859, "median": 16.983581543}, "erbbands_crest": {"dmean": 3.09748077393, "dmean2": 4.90898609161, "max": 33.445526123, "dvar": 9.74052238464, "mean": 11.0068225861, "dvar2": 22.1153392792, "min": 2.22173023224, "var": 26.6532554626, "median": 9.96003818512}, "melbands_skewness": {"dmean": 1.06888329983, "dmean2": 1.66737902164, "max": 15.3540039062, "dvar": 1.61810839176, "mean": 3.50827503204, "dvar2": 3.90433430672, "min": -1.9204570055, "var": 5.08211278915, "median": 3.13388442993}, "spectral_energyband_middle_low": {"dmean": 0.00560277979821, "dmean2": 0.00870334263891, "max": 0.161545872688, "dvar": 6.9444446126e-05, "mean": 0.0132905365899, "dvar2": 0.000160086710821, "min": 2.15906307267e-22, "var": 0.00017820695939, "median": 0.00953419227153}, "spectral_contrast_coeffs": {"dmean": [0.046856533736, 0.0521547421813, 0.0445918403566, 0.0331628210843, 0.0257601123303, 0.0212142486125], "dmean2": [0.0778025910258, 0.0838279947639, 0.0697703510523, 0.0515063256025, 0.0395724102855, 0.0337295532227], "max": [-0.279509454966, -0.368277072906, -0.391019284725, -0.456476449966, -0.528093993664, -0.590389251709], "dvar": [0.00163738755509, 0.00209453771822, 0.00153379514813, 0.000873722601682, 0.000562885892577, 0.000387915119063], "mean": [-0.648711383343, -0.687378764153, -0.736208021641, -0.780075013638, -0.789873719215, -0.769933581352], "dvar2": [0.00435145338997, 0.00513797812164, 0.00355240143836, 0.00192894681823, 0.00118675536942, 0.000943908758927], "min": [-0.979360222816, -0.977650821209, -0.984449267387, -0.983821213245, -0.981528997421, -0.980536222458], "var": [0.00631832936779, 0.008176648058, 0.00841461773962, 0.00478463573381, 0.00284601189196, 0.00180281978101], "median": [-0.658551216125, -0.689846873283, -0.749779164791, -0.79246455431, -0.797410964966, -0.769853591919]}, "spectral_contrast_valleys": {"dmean": [0.419043064117, 0.42068067193, 0.445455253124, 0.395877361298, 0.371643185616, 0.405680179596], "dmean2": [0.665671050549, 0.670590937138, 0.691000580788, 0.600224435329, 0.55213701725, 0.536914169788], "max": [-4.73774194717, -4.84636163712, -4.65121841431, -5.94488620758, -5.94910430908, -7.65006542206], "dvar": [0.196531191468, 0.160423800349, 0.181521937251, 0.152571797371, 0.146080732346, 0.179143413901], "mean": [-7.01644086838, -7.24923276901, -8.03961467743, -8.74021339417, -8.39329051971, -10.3326473236], "dvar2": [0.417209655046, 0.376824319363, 0.431184262037, 0.34016802907, 0.31611508131, 0.335235148668], "min": [-28.0680561066, -27.9088363647, -27.7406482697, -27.7135944366, -27.5743331909, -27.3667736053], "var": [2.41425013542, 2.06648445129, 2.07580041885, 2.17426896095, 2.23814892769, 2.5054705143], "median": [-6.6614279747, -7.07193565369, -7.86453437805, -8.51116943359, -8.10807132721, -9.97344017029]}, "silence_rate_20dB": {"dmean": 0, "dmean2": 0, "max": 1, "dvar": 0, "mean": 1, "dvar2": 0, "min": 1, "var": 0, "median": 1}, "silence_rate_30dB": {"dmean": 0.0281865280122, "dmean2": 0.0563789010048, "max": 1, "dvar": 0.0273913480341, "mean": 0.976064682007, "dvar2": 0.0658407509327, "min": 0, "var": 0.0233651697636, "median": 1}, "spectral_strongpeak": {"dmean": 0.568891108036, "dmean2": 0.931611180305, "max": 17.9009628296, "dvar": 1.37379264832, "mean": 1.06883895397, "dvar2": 2.91860246658, "min": 0, "var": 2.98286509514, "median": 0.394743829966}, "spectral_spread": {"dmean": 1030915, "dmean2": 1478891.25, "max": 42619640, "dvar": 1426836815870.0, "mean": 6198990, "dvar2": 3140625104900.0, "min": 241462.203125, "var": 9191654686720.0, "median": 5818224}, "barkbands_flatness_db": {"dmean": 0.0294413231313, "dmean2": 0.0437927357852, "max": 0.644715726376, "dvar": 0.000821381050628, "mean": 0.168732449412, "dvar2": 0.00194020348135, "min": 0.0198706462979, "var": 0.00678450195119, "median": 0.151261717081}, "pitch_salience": {"dmean": 0.0755546763539, "dmean2": 0.125181809068, "max": 0.931602299213, "dvar": 0.00451125018299, "mean": 0.530116021633, "dvar2": 0.0119088105857, "min": 0.143310725689, "var": 0.0104950889945, "median": 0.532245278358}, "erbbands_kurtosis": {"dmean": 1.68469977379, "dmean2": 2.61153149605, "max": 68.8933944702, "dvar": 8.04570388794, "mean": 1.84156191349, "dvar2": 18.5741004944, "min": -1.83385920525, "var": 20.068157196, "median": 0.547383546829}, "average_loudness": 0.897829711437, "barkbands_crest": {"dmean": 2.61117124557, "dmean2": 4.31519317627, "max": 25.9766941071, "dvar": 6.06972312927, "mean": 10.768904686, "dvar2": 15.7504663467, "min": 3.17404174805, "var": 13.9578380585, "median": 10.2266759872}, "hfc": {"dmean": 8.85620594025, "dmean2": 12.7810373306, "max": 309.975799561, "dvar": 240.472900391, "mean": 19.3170452118, "dvar2": 512.614624023, "min": 1.07569610881e-16, "var": 543.030334473, "median": 11.5185585022}, "barkbands_kurtosis": {"dmean": 6.09362745285, "dmean2": 9.94065380096, "max": 343.0390625, "dvar": 134.003768921, "mean": 10.0654478073, "dvar2": 347.031738281, "min": -1.94282650948, "var": 205.400665283, "median": 5.81690120697}, "erbbands": {"dmean": [0.190329924226, 1.29415261745, 3.63105034828, 3.49181556702, 6.25594806671, 12.4561681747, 7.30076408386, 16.3700027466, 15.2025032043, 11.7913722992, 10.2425870895, 7.57162237167, 19.0289726257, 20.9613399506, 13.4254598618, 17.1662502289, 16.4760150909, 11.7786407471, 8.52679824829, 4.04938173294, 6.46162748337, 5.1446146965, 5.76235342026, 4.21373081207, 4.40947246552, 7.11450147629, 4.32216453552, 4.94529485703, 5.25865221024, 2.82995867729, 1.83337938786, 1.27221286297, 0.99250382185, 0.812081217766, 0.99649310112, 0.432257473469, 0.258858710527, 0.0745331048965, 0.00717217940837, 0.000361948186764], "dmean2": [0.3327049613, 2.35578727722, 6.29522609711, 5.87159490585, 10.5797948837, 20.2794933319, 11.8976268768, 25.3604831696, 22.9526100159, 18.0046615601, 15.1877832413, 12.0870923996, 29.9632835388, 30.2817649841, 19.8419189453, 24.861825943, 24.5254421234, 16.8533782959, 12.354475975, 5.99734210968, 9.18437099457, 7.50984239578, 8.65630626678, 6.53527832031, 6.77507972717, 11.0374450684, 6.72894620895, 7.74492263794, 8.46108055115, 4.60924291611, 2.97798705101, 2.08591604233, 1.59511864185, 1.24406409264, 1.55197775364, 0.705243349075, 0.439330607653, 0.12198690325, 0.011467945762, 0.000592318363488], "max": [6.75269317627, 49.3441238403, 100.497245789, 72.8961410522, 207.357315063, 826.280822754, 295.090423584, 987.72479248, 860.865539551, 899.63684082, 774.991943359, 845.642089844, 1860.69677734, 1839.35900879, 1260.07104492, 2574.20605469, 6022.37207031, 1557.8815918, 705.507568359, 734.007873535, 1235.9519043, 1146.89013672, 740.863708496, 298.923400879, 607.377075195, 1280.5958252, 546.30645752, 441.271881104, 781.333862305, 186.953582764, 434.448303223, 197.21824646, 65.1931762695, 32.0339736938, 41.2295227051, 36.2479743958, 10.8634500504, 2.95476531982, 0.309743404388, 0.0178389623761], "dvar": [0.396958649158, 15.3861913681, 61.794002533, 39.4332199097, 110.446907043, 934.490234375, 240.408935547, 1677.95458984, 1394.57739258, 1610.12976074, 804.090087891, 768.91796875, 6076.46484375, 5966.30615234, 1972.03869629, 5300.99023438, 15091.5400391, 2636.36962891, 719.89654541, 265.001373291, 943.229919434, 482.845428467, 469.262542725, 153.392868042, 378.352233887, 1379.84509277, 232.889694214, 221.753967285, 362.010925293, 47.360332489, 73.8728027344, 19.9670066833, 6.72230052948, 2.88241696358, 5.36754703522, 1.36616134644, 0.633965492249, 0.0430371947587, 0.000325490749674, 1.04826710867e-06], "mean": [0.188398912549, 1.55807292461, 5.70891141891, 6.51710128784, 10.5033884048, 19.0570144653, 12.306022644, 22.6679058075, 30.922624588, 24.9847240448, 20.4467258453, 11.2052907944, 31.4200057983, 41.2852249146, 26.8707084656, 33.9934425354, 27.9879779816, 21.4359111786, 16.8418979645, 7.05131578445, 10.6012020111, 8.61024570465, 9.40037631989, 6.43281936646, 6.61378002167, 10.3315229416, 6.46600294113, 6.94291734695, 6.6464509964, 3.7923309803, 2.46320772171, 1.68900632858, 1.51328158379, 1.4105206728, 1.21792864799, 0.449512392282, 0.232219770551, 0.0732837840915, 0.0072650522925, 0.000349813140929], "dvar2": [1.07995712757, 44.3328323364, 176.028015137, 106.904403687, 294.477233887, 2160.27197266, 631.620361328, 3788.10693359, 2958.47143555, 3058.99853516, 1778.91223145, 2016.94250488, 14137.1201172, 9377.7421875, 3277.07275391, 7950.70507812, 22550.1347656, 4136.390625, 1354.33105469, 460.36605835, 1404.52575684, 825.67010498, 816.949645996, 350.722717285, 997.023193359, 3176.77124023, 498.901855469, 493.844848633, 991.639770508, 120.244400024, 186.50479126, 52.201713562, 16.4634304047, 6.69145822525, 12.5795755386, 3.55107474327, 1.70018792152, 0.111277595162, 0.000796714797616, 2.65811104327e-06], "min": [9.52378328684e-23, 1.21708025202e-21, 1.40316115472e-21, 5.15680509347e-21, 2.78179159791e-20, 3.46751592466e-20, 9.54079165807e-20, 8.48526654495e-20, 2.59694180492e-19, 3.32979254987e-19, 2.05217008852e-19, 2.46087757349e-19, 6.74400456812e-19, 8.89929603243e-19, 9.35228184936e-19, 2.05555188721e-18, 1.67168424829e-18, 2.72074303207e-18, 3.40208984147e-18, 4.65477898536e-18, 4.91481024195e-18, 5.17433939991e-18, 8.22823769549e-18, 6.7534730978e-18, 8.94907431413e-18, 1.12522247265e-17, 1.10199482746e-17, 1.1121741948e-17, 1.09982984764e-17, 1.00617116474e-17, 1.10393241533e-17, 1.41335586707e-17, 9.68523693516e-18, 9.38052344983e-18, 6.61313818456e-18, 4.28419049041e-18, 2.20352622698e-18, 9.95422014714e-19, 2.75188126395e-19, 2.73852908252e-20], "var": [0.270385950804, 9.37615966797, 56.3866119385, 48.3059539795, 208.646224976, 2119.20239258, 389.920959473, 2329.44702148, 4516.45556641, 4811.1171875, 2174.88183594, 899.014099121, 14507.8886719, 18071.1816406, 5716.27929688, 16405.9082031, 42632.9453125, 9401.3671875, 2509.80249023, 674.704040527, 2168.8815918, 876.889160156, 1112.74194336, 245.228347778, 402.495544434, 2058.81176758, 408.394104004, 326.381866455, 289.401062012, 53.9642219543, 68.7662811279, 18.2238426208, 10.2830657959, 5.87856531143, 8.15627574921, 1.40512609482, 0.49847728014, 0.0423943959177, 0.000364685984096, 9.14760846626e-07], "median": [0.0781524032354, 1.03103160858, 3.45664024353, 4.70444393158, 6.4407749176, 6.9561252594, 5.88129329681, 7.14496088028, 6.38025140762, 5.09265089035, 4.64966249466, 2.61980342865, 4.18070697784, 5.23429250717, 4.17404603958, 3.34732604027, 2.86266756058, 2.06206321716, 2.36244559288, 2.02582001686, 2.38436937332, 2.49484229088, 2.3648891449, 2.04841685295, 2.13991904259, 2.43266963959, 2.10470199585, 2.52742147446, 2.500446558, 1.49098885059, 0.887587368488, 0.667667925358, 0.546142101288, 0.578243076801, 0.220372051001, 0.0495374426246, 0.0132152307779, 0.00364868086763, 0.000464559270767, 5.8649940911e-05]}, "spectral_energy": {"dmean": 0.0134855406359, "dmean2": 0.0215255077928, "max": 0.341212898493, "dvar": 0.000710584281478, "mean": 0.030990915373, "dvar2": 0.00183779746294, "min": 1.01065048411e-20, "var": 0.000866423361003, "median": 0.0242872014642}, "zerocrossingrate": {"dmean": 0.0132903074846, "dmean2": 0.0164696872234, "max": 0.8046875, "dvar": 0.000260794826318, "mean": 0.059511423111, "dvar2": 0.000339468359016, "min": 0.0029296875, "var": 0.00262425257824, "median": 0.0498046875}, "spectral_energyband_high": {"dmean": 0.000614888966084, "dmean2": 0.000941722129937, "max": 0.0460142046213, "dvar": 2.18167156163e-06, "mean": 0.000932594644837, "dvar2": 5.18081105838e-06, "min