{"tonal": {"chords_key": "C", "hpcp_entropy": {"dmean": 0.510042905807, "dmean2": 0.850585460663, "max": 4.35056781769, "dvar": 0.19264036417, "mean": 1.83078408241, "dvar2": 0.506323516369, "min": 0, "var": 0.411762863398, "median": 1.85844326019}, "key_key": "F", "chords_strength": {"dmean": 0.00834013521671, "dmean2": 0.00660249078646, "max": 0.831149816513, "dvar": 5.51567645743e-05, "mean": 0.578373610973, "dvar2": 4.13990201196e-05, "min": 0.237218096852, "var": 0.0100464010611, "median": 0.578962206841}, "key_scale": "major", "chords_number_rate": 0.00139275763649, "thpcp": [1, 0.406625121832, 0.111473880708, 0.105477698147, 0.164835125208, 0.323964655399, 0.348483473063, 0.199174106121, 0.157070562243, 0.173379167914, 0.208358034492, 0.358363717794, 0.377765804529, 0.260559767485, 0.402020365, 0.515775620937, 0.29298505187, 0.121472768486, 0.112065769732, 0.286330491304, 0.853057980537, 0.907256186008, 0.360320001841, 0.129454597831, 0.108491003513, 0.178839862347, 0.426147550344, 0.549554884434, 0.419274747372, 0.568768799305, 0.702087402344, 0.374189049006, 0.128953129053, 0.112204447389, 0.250277727842, 0.8522798419], "key_strength": 0.703394591808, "tuning_nontempered_energy_ratio": 0.724124729633, "tuning_frequency": 443.572570801, "chords_changes_rate": 0.0441884025931, "tuning_diatonic_strength": 0.625804066658, "chords_scale": "major", "chords_histogram": [17.6247158051, 7.10306406021, 25.1582679749, 1.35477340221, 0.595087349415, 1.67130923271, 0.974930346012, 1.27880477905, 0.860977470875, 0, 0.974930346012, 0.443150162697, 4.10230445862, 0, 0.303874403238, 0.443150162697, 0, 0.265890091658, 0.0886300355196, 1.84856927395, 9.11623191833, 13.775639534, 11.4965810776, 0.519118785858], "tuning_equal_tempered_deviation": 0.0689702183008, "hpcp": {"dmean": [0.111674003303, 0.127299338579, 0.116808228195, 0.0992023646832, 0.0888763442636, 0.0433620177209, 0.0374041572213, 0.0710757747293, 0.124110087752, 0.130317047238, 0.0858582109213, 0.0425782725215, 0.042163040489, 0.0521490685642, 0.0695935189724, 0.0736839026213, 0.0577143840492, 0.0458828657866, 0.0496131367981, 0.0613340511918, 0.0763789787889, 0.082720041275, 0.07588788867, 0.0860216617584, 0.094720184803, 0.0723980292678, 0.0485122837126, 0.0485289134085, 0.0899356156588, 0.137493729591, 0.141076371074, 0.0979219302535, 0.0533709973097, 0.0461276657879, 0.0673329010606, 0.0998202338815], "dmean2": [0.190978184342, 0.218649715185, 0.199262470007, 0.167099490762, 0.150163844228, 0.076428361237, 0.064717695117, 0.122718587518, 0.20373518765, 0.210549756885, 0.143470466137, 0.0740039721131, 0.07508687675, 0.0889312922955, 0.115213230252, 0.120983414352, 0.0973990634084, 0.0786780267954, 0.0836914181709, 0.104145921767, 0.127342090011, 0.135674357414, 0.127849817276, 0.142490774393, 0.154825344682, 0.123773932457, 0.0859978422523, 0.0865634307265, 0.156945243478, 0.225798130035, 0.232682868838, 0.169512405992, 0.0961648821831, 0.0823516622186, 0.118584699929, 0.168676868081], "max": [1, 1, 1, 1, 1, 1, 1, 1, 1, 1, 1, 1, 1, 1, 1, 1, 1, 1, 1, 1, 1, 1, 1, 1, 1, 1, 1, 1, 1, 1, 1, 1, 1, 1, 1, 1], "dvar": [0.0387380495667, 0.0407935902476, 0.034855324775, 0.0351653285325, 0.0247490368783, 0.0102029088885, 0.00894602388144, 0.0153985740617, 0.0313552394509, 0.0339119061828, 0.0177552942187, 0.0119300382212, 0.0145236244425, 0.0158817041665, 0.0183009374887, 0.0185943488032, 0.0150833195075, 0.0139525635168, 0.0164311621338, 0.0185557417572, 0.0224220883101, 0.0250676944852, 0.0216461122036, 0.0234453827143, 0.0262527354062, 0.0198488291353, 0.0177549049258, 0.0176540501416, 0.0233534667641, 0.0400266759098, 0.0400735586882, 0.0254100318998, 0.0178341660649, 0.0147304115817, 0.0214981567115, 0.0319942906499], "mean": [0.199491903186, 0.15219938755, 0.206466674805, 0.254862159491, 0.135832995176, 0.0468108020723, 0.0407309234142, 0.0908523947001, 0.309382975101, 0.363006323576, 0.14760749042, 0.0404657237232, 0.0382890701294, 0.0598361939192, 0.11760122329, 0.126501709223, 0.0723014622927, 0.057017609477, 0.0629377365112, 0.0756352841854, 0.130088299513, 0.137131378055, 0.0945848450065, 0.145935937762, 0.187229812145, 0.106355421245, 0.0440953820944, 0.0406805835664, 0.103939779103, 0.309665441513, 0.329339742661, 0.130798444152, 0.0469928383827, 0.0393829196692, 0.0649200007319, 0.154694259167], "dvar2": [0.0921629667282, 0.108731590211, 0.0947520881891, 0.0828100144863, 0.0651351884007, 0.0278453174978, 0.0243596378714, 0.0419153869152, 0.072010666132, 0.0754294246435, 0.045730765909, 0.0320709384978, 0.0388610176742, 0.0408044494689, 0.0455440022051, 0.045467697084, 0.0397071018815, 0.0372323915362, 0.0425967685878, 0.0475449003279, 0.0541364774108, 0.0584555231035, 0.0552444532514, 0.0585206225514, 0.0622007995844, 0.0538500063121, 0.0470358505845, 0.0481937341392, 0.0640507638454, 0.090368501842, 0.0886008888483, 0.0670685172081, 0.0495676212013, 0.0408884696662, 0.0590980611742, 0.0816108509898], "min": [0, 0, 0, 0, 0, 0, 0, 0, 0, 0, 0, 0, 0, 0, 0, 0, 0, 0, 0, 0, 0, 0, 0, 0, 0, 0, 0, 0, 0, 0, 0, 0, 0, 0, 0, 0], "var": [0.100090250373, 0.0553882531822, 0.0886740535498, 0.138780474663, 0.0474910847843, 0.0109004462138, 0.00873630307615, 0.0198862589896, 0.110214427114, 0.137417599559, 0.0329328589141, 0.0107281720266, 0.0124853253365, 0.0209351312369, 0.0420970022678, 0.0414417013526, 0.0182945411652, 0.0200426578522, 0.0233934465796, 0.0251168683171, 0.0522395372391, 0.0568774193525, 0.0294018816203, 0.0487793684006, 0.0741885527968, 0.0309612359852, 0.0161537341774, 0.0145756537095, 0.0261772852391, 0.120251394808, 0.127714812756, 0.0351214595139, 0.0144951408729, 0.0109007740393, 0.0211000982672, 0.0683803409338], "median": [0.0294745378196, 0.0376624688506, 0.0317642986774, 0.022039655596, 0.016942627728, 0.0142188686877, 0.0128473676741, 0.0331809967756, 0.167699217796, 0.20411914587, 0.0707397013903, 0.00935188680887, 0.00631013419479, 0.00977890472859, 0.036001868546, 0.0461591407657, 0.0244433395565, 0.00850596278906, 0.00751593196765, 0.0181835852563, 0.036982037127, 0.0381859280169, 0.0267117507756, 0.0447433888912, 0.0507259443402, 0.0258019268513, 0.00685749668628, 0.00553813576698, 0.0363468825817, 0.137175306678, 0.152343511581, 0.0551338642836, 0.00872242078185, 0.00768839381635, 0.0102506708354, 0.0202454533428]}}, "lowlevel": {"melbands_flatness_db": {"dmean": 0.0222755391151, "dmean2": 0.0335170291364, "max": 0.496794700623, "dvar": 0.000540608132724, "mean": 0.230261415243, "dvar2": 0.00121637317352, "min": 0.00412320671603, "var": 0.00358044030145, "median": 0.222321435809}, "melbands_crest": {"dmean": 2.84489822388, "dmean2": 4.57874536514, "max": 35.6398544312, "dvar": 7.42247581482, "mean": 14.3244132996, "dvar2": 18.827287674, "min": 1.65953695774, "var": 30.3852424622, "median": 13.4607219696}, "spectral_entropy": {"dmean": 0.167644515634, "dmean2": 0.251495331526, "max": 9.80768680573, "dvar": 0.0341562107205, "mean": 7.08865451813, "dvar2": 0.0763984769583, "min": 4.61030435562, "var": 0.190200582147, "median": 7.11985445023}, "melbands": {"dmean": [1.19121223179e-05, 0.000152105261805, 0.000299784092931, 0.000523291470017, 0.000148295774125, 8.75807236298e-05, 0.000164015684277, 0.000123661622638, 9.56424482865e-05, 9.46722939261e-05, 3.31298579113e-05, 4.89872691105e-05, 3.42404564435e-05, 3.37917444995e-05, 2.23657098104e-05, 2.97994774883e-05, 1.38107807288e-05, 6.83722055328e-06, 5.28561713509e-06, 4.06028630096e-06, 6.1442506194e-06, 7.38638436815e-06, 5.85660973229e-06, 3.547422466e-06, 3.65132609659e-06, 3.20621552419e-06, 4.16226203015e-06, 2.38894040194e-06, 8.77711045177e-07, 2.56809539678e-06, 1.00180079698e-06, 5.46219723674e-07, 5.27890733792e-07, 3.46611784607e-07, 2.76250347042e-07, 2.61684078851e-07, 2.66225185896e-07, 1.20703077755e-07, 5.57626087527e-08, 3.24676356911e-08], "dmean2": [1.96014716494e-05, 0.000252694124356, 0.000500894035213, 0.000812868762296, 0.000221919777687, 0.000127668346977, 0.000239275657805, 0.000174374174094, 0.000137831011671, 0.000135761743877, 4.6981858759e-05, 7.56187655497e-05, 5.33571837877e-05, 5.38292333658e-05, 3.58025317837e-05, 4.59836992377e-05, 2.1058933271e-05, 1.06086172309e-05, 8.30519820738e-06, 6.46975058771e-06, 9.39051369642e-06, 1.10459741336e-05, 8.79017989064e-06, 5.40018618267e-06, 5.47962827113e-06, 4.66916935693e-06, 5.9582744143e-06, 3.59490240953e-06, 1.36827861752e-06, 4.3033574002e-06, 1.62328490205e-06, 8.58755015543e-07, 8.53569076753e-07, 5.45931015949e-07, 4.2473737949e-07, 3.86320579082e-07, 3.95621412963e-07, 1.76487588988e-07, 8.46264498477e-08, 5.18854790243e-08], "max": [0.000530465797056, 0.00534559739754, 0.0316065773368, 0.0260121989995, 0.010777387768, 0.00639602309093, 0.0160758662969, 0.0076542920433, 0.00978570897132, 0.0082256551832, 0.00865805707872, 0.00922942720354, 0.0106842536479, 0.00468490319327, 0.00199758866802, 0.00254177115858, 0.00145922088996, 0.000717374321539, 0.0007289283094, 0.000402865640353, 0.000503647839651, 0.000583582906984, 0.000784755160566, 0.000543770729564, 0.000480403308757, 0.000316663528793, 0.000431412801845, 0.0013832001714, 0.000108250067569, 0.00166765984613, 0.000290806143312, 0.000118333780847, 0.000283936504275, 4.67633617518e-05, 3.35727163474e-05, 5.31613804924e-05, 8.4407729446e-05, 3.15376273647e-05, 2.97651004075e-05, 1.44770938277e-05], "dvar": [7.30942195659e-10, 8.10730185208e-08, 5.84362055633e-07, 1.04224523056e-06, 8.23580563747e-08, 2.98740339133e-08, 1.51835024553e-07, 6.18056148483e-08, 7.30175102603e-08, 6.36154808831e-08, 1.13439790894e-08, 3.89067338347e-08, 1.99225720365e-08, 1.25065229284e-08, 2.89586732372e-09, 5.96427041089e-09, 1.28521593368e-09, 3.12745634945e-10, 2.42738135148e-10, 9.97449553508e-11, 2.06514208512e-10, 3.0147734309e-10, 3.19331949772e-10, 1.6922736823e-10, 1.40398845327e-10, 6.22218179758e-11, 1.42504716361e-10, 2.40171271759e-10, 9.801769639e-12, 8.03640876068e-10, 3.85277608428e-11, 3.57220720018e-12, 1.20665083828e-11, 1.23925392517e-12, 8.30993639785e-13, 1.49547908779e-12, 2.83619959116e-12, 4.3598951489e-13, 2.09433924196e-13, 8.18216683101e-14], "mean": [1.95065949811e-05, 0.000281543791061, 0.000568147108424, 0.00102776265703, 0.000356215517968, 0.000238135267864, 0.000354632560629, 0.000317404599627, 0.000232802238315, 0.000235440122196, 9.39777455642e-05, 0.000111657333036, 8.28755437396e-05, 7.47763187974e-05, 4.56211164419e-05, 6.13680167589e-05, 3.08917660732e-05, 1.50331070472e-05, 1.19745263873e-05, 9.05034357856e-06, 1.49284105646e-05, 1.95891061594e-05, 1.44828445627e-05, 8.54590962263e-06, 7.92169157648e-06, 7.72391013015e-06, 1.05644194264e-05, 5.14433395438e-06, 1.46493107422e-06, 2.68486678578e-06, 1.42249245982e-06, 1.04686648683e-06, 9.06766899789e-07, 5.71333657717e-07, 4.7966659622e-07, 4.42613867335e-07, 4.47878903742e-07, 2.04916759117e-07, 8.57968416312e-08, 4.72070027513e-08], "dvar2": [1.90138016443e-09, 2.19796675083e-07, 1.55244254074e-06, 2.44311877395e-06, 1.78221071678e-07, 6.60490044879e-08, 3.48596131516e-07, 1.21829089039e-07, 1.53677206072e-07, 1.41401329756e-07, 2.37592789887e-08, 1.06589119753e-07, 4.82807500646e-08, 3.19655768521e-08, 7.41261985127e-09, 1.49807029004e-08, 2.89856449953e-09, 7.13438252919e-10, 5.54269630193e-10, 2.48904286071e-10, 4.9692416848e-10, 6.82187306644e-10, 7.23241855294e-10, 3.76226161336e-10, 3.41213557409e-10, 1.26401999978e-10, 2.9515032085e-10, 6.46469655585e-10, 2.45666681442e-11, 2.11406536721e-09, 1.02137152902e-10, 7.78777389798e-12, 3.47351071517e-11, 3.07746775112e-12, 1.9673284269e-12, 3.20982780286e-12, 5.54778705614e-12, 8.08441313026e-13, 4.98843750595e-13, 2.0079952783e-13], "min": [3.4280321401e-24, 2.66278854709e-24, 3.19604431952e-24, 4.38518863084e-24, 5.94649542914e-24, 1.73312109788e-24, 3.95381779419e-24, 2.460226816e-24, 1.53047663501e-24, 3.75920502001e-24, 3.2996582412e-24, 4.99543288889e-24, 4.05884515739e-24, 5.19271674609e-24, 5.37745732047e-24, 5.7753903155e-24, 5.30504225596e-24, 5.13526913396e-24, 4.93817184236e-24, 8.29672781925e-24, 3.1274189428e-24, 3.68525167673e-24, 5.79971602481e-24, 8.58971549261e-24, 7.15965739958e-24, 5.22512236322e-24, 5.90653883543e-24, 6.58822154819e-24, 6.12287920552e-24, 4.84260292142e-24, 5.17928165602e-24, 6.74005676206e-24, 6.28663568539e-24, 7.69325553764e-24, 8.67189665514e-24, 8.52584536942e-24, 7.73079506154e-24, 8.62335094389e-24, 1.00058454575e-23, 8.0188271107e-24], "var": [1.44543499392e-09, 1.53767217626e-07, 7.31181842184e-07, 2.50398738899e-06, 2.81212010123e-07, 1.32662904662e-07, 4.48907002237e-07, 2.80420920262e-07, 2.79761906086e-07, 2.84255690985e-07, 8.42514751298e-08, 1.26102008835e-07, 7.16023151881e-08, 4.12669542982e-08, 7.9276478715e-09, 1.57378767796e-08, 4.91246554546e-09, 1.26962573788e-09, 1.02796804402e-09, 3.31018823463e-10, 9.02126262581e-10, 1.56845170185e-09, 1.49151524464e-09, 7.81395337324e-10, 3.38328282057e-10, 2.60402199803e-10, 6.78215261729e-10, 2.70210132047e-10, 1.35106066959e-11, 6.46252329428e-10, 3.77491926606e-11, 7.75235431405e-12, 8.95236749315e-12, 2.02857175502e-12, 1.71464903907e-12, 3.32757909768e-12, 6.52993241076e-12, 1.04133368595e-12, 3.63937097689e-13, 1.28644070765e-13], "median": [5.27018710272e-06, 0.000139332667459, 0.000330616196152, 0.000464477809146, 0.000184140022611, 9.12964896997e-05, 7.80123882578e-05, 0.000100475939689, 5.15469146194e-05, 3.26115296048e-05, 1.49236730067e-05, 1.10086339191e-05, 9.40731115406e-06, 1.06840852823e-05, 1.41099062603e-05, 1.31175420393e-05, 5.6498770391e-06, 3.62824312106e-06, 3.03890328723e-06, 2.79281471194e-06, 2.849602879e-06, 2.97020460494e-06, 2.00893191504e-06, 1.51942754201e-06, 2.2989036097e-06, 1.56552493991e-06, 1.37704785175e-06, 9.01970679479e-07, 4.23820949891e-07, 2.88726994313e-07, 2.86840815988e-07, 3.05725109229e-07, 2.86970873731e-07, 1.96320371515e-07, 1.45499981841e-07, 8.30271531527e-08, 4.75340584671e-08, 2.90879675902e-08, 1.33635360555e-08, 7.34902805277e-09]}, "silence_rate_60dB": {"dmean": 0.0548344217241, "dmean2": 0.109675787389, "max": 1, "dvar": 0.0518251247704, "mean": 0.216221347451, "dvar2": 0.113244153559, "min": 0, "var": 0.169443950057, "median": 0}, "spectral_energyband_middle_high": {"dmean": 0.000951063644607, "dmean2": 0.00139650562778, "max": 0.110460862517, "dvar": 4.4024750423e-06, "mean": 0.00388280232437, "dvar2": 1.07495698103e-05, "min": 1.17104238008e-21, "var": 3.74437004211e-05, "median": 0.00129500287585}, "erbbands_skewness": {"dmean": 0.311375677586, "dmean2": 0.474947184324, "max": 8.64232254028, "dvar": 0.124581500888, "mean": 0.604421496391, "dvar2": 0.285763025284, "min": -5.03170442581, "var": 0.619475841522, "median": 0.584573030472}, "dynamic_complexity": 5.0666217804, "dissonance": {"dmean": 0.0191963966936, "dmean2": 0.0315843597054, "max": 0.500000059605, "dvar": 0.000381049874704, "mean": 0.446438640356, "dvar2": 0.00100160820875, "min": 0.0608529672027, "var": 0.0012469261419, "median": 0.45415776968}, "spectral_skewness": {"dmean": 0.28795593977, "dmean2": 0.467636525631, "max": 5.96481847763, "dvar": 0.0814244374633, "mean": 1.62996780872, "dvar2": 0.202550441027, "min": -0.478982657194, "var": 0.428164929152, "median": 1.51450777054}, "spectral_kurtosis": {"dmean": 2.53919100761, "dmean2": 4.31034326553, "max": 54.8442573547, "dvar": 8.24097156525, "mean": 5.77527046204, "dvar2": 23.0224685669, "min": -1.24283611774, "var": 24.6682453156, "median": 4.45492553711}, "gfcc": {"cov": [[9495.16210938, 345.963226318, -1956.06994629, 152.982635498, -755.307983398, -16.5643863678, -276.667144775, 11.0519218445, 62.8064155579, -81.3634643555, 334.0703125, -143.391571045, 4.92045021057], [345.963226318, 774.067138672, -111.574035645, -305.247039795, 189.708435059, -150.777603149, 86.2603912354, -52.2278022766, 93.6620330811, -18.1290893555, 60.9870262146, -6.46650886536, -18.8495960236], [-1956.06994629, -111.574035645, 851.515869141, 129.556152344, 127.866081238, 122.601623535, 10.2988071442, -32.5442276001, -64.1298370361, 57.9599456787, -81.9105224609, 35.5295181274, -4.68391704559], [152.982635498, -305.247039795, 129.556152344, 440.027923584, -29.4427433014, 72.8221969604, -89.0371551514, -27.2289543152, -41.7156677246, -8.47587680817, -15.2803688049, -1.84479296207, -8.24629497528], [-755.307983398, 189.708435059, 127.866081238, -29.4427433014, 282.970428467, -32.6690597534, 2.81981444359, -14.2890710831, 38.799697876, 5.70036649704, -10.7187995911, 22.1809978485, -11.5608272552], [-16.5643863678, -150.777603149, 122.601623535, 72.8221969604, -32.6690597534, 180.090759277, -3.57632350922, 18.7408981323, -25.1840820312, 8.59187793732, 1.76183462143, 9.5330619812, 2.30111265182], [-276.667144775, 86.2603912354, 10.2988071442, -89.0371551514, 2.81981444359, -3.57632350922, 201.583221436, 55.6204833984, -13.6410293579, -9.82730484009, -24.4985847473, -7.25319290161, 14.349647522], [11.0519218445, -52.2278022766, -32.5442276001, -27.2289543152, -14.2890710831, 18.7408981323, 55.6204833984, 123.04523468, 8.93729686737, -19.1750087738, -4.41499328613, -3.6249256134, 13.15366745], [62.8064155579, 93.6620330811, -64.1298370361, -41.7156677246, 38.799697876, -25.1840820312, -13.6410293579, 8.93729686737, 101.429344177, 32.655330658, 17.0743637085, -0.611800551414, -22.9141941071], [-81.3634643555, -18.1290893555, 57.9599456787, -8.47587680817, 5.70036649704, 8.59187793732, -9.82730484009, -19.1750087738, 32.655330658, 122.534507751, 20.7108879089, -11.2962408066, -21.9786396027], [334.0703125, 60.9870262146, -81.9105224609, -15.2803688049, -10.7187995911, 1.76183462143, -24.4985847473, -4.41499328613, 17.0743637085, 20.7108879089, 102.194488525, 16.9917430878, -14.3624391556], [-143.391571045, -6.46650886536, 35.5295181274, -1.84479296207, 22.1809978485, 9.5330619812, -7.25319290161, -3.6249256134, -0.611800551414, -11.2962408066, 16.9917430878, 78.6547927856, 20.0341873169], [4.92045021057, -18.8495960236, -4.68391704559, -8.24629497528, -11.5608272552, 2.30111265182, 14.349647522, 13.15366745, -22.9141941071, -21.9786396027, -14.3624391556, 20.0341873169, 76.5242004395]], "mean": [-76.7416000366, 121.571548462, -137.620147705, 27.4118080139, -71.5843582153, -7.76390552521, -40.1160011292, -13.0363302231, -27.5820140839, -16.1709194183, -15.8581809998, -13.293469429, -20.4091873169], "icov": [[0.000560247281101, -0.0013455436565, 0.00130980694667, -0.00100150308572, 0.00143053312786, -0.00101345474832, 0.00109447934665, -0.000858907878865, 0.0009493076941, -0.000884537643287, 0.000283784349449, -7.8585529991e-05, -0.000102173587948], [-0.0013455436565, 0.0069498331286, -0.00351027003489, 0.00421172101051, -0.00522281415761, 0.00382456579246, -0.0045003076084, 0.00497310515493, -0.00506931124255, 0.00462664104998, -0.00391882099211, 0.00219383602962, -0.00037652804167], [0.00130980694667, -0.00351027003489, 0.00509304413572, -0.00281970226206, 0.00247700186446, -0.00362064410001, 0.00261109927669, -0.00211866758764, 0.00405182782561, -0.00385070499033, 0.00276949699037, -0.00162323284894, 0.000468699843623], [-0.00100150308572, 0.00421172101051, -0.00281970226206, 0.00556530430913, -0.00319768977351, 0.00165873393416, -0.00151317508426, 0.003017420182, -0.00223689409904, 0.00312471506186, -0.00170203985181, 0.00134309462737, 0.000317658967106], [0.00143053312786, -0.00522281415761, 0.00247700186446, -0.00319768977351, 0.00908228941262, -0.00218314747326, 0.00350585579872, -0.00312752928585, 0.0014427145943, -0.00259095313959, 0.00233728042804, -0.00210678670555, 0.000424560101237], [-0.00101345474832, 0.00382456579246, -0.00362064410001, 0.00165873393416, -0.00218314747326, 0.00955724343657, -0.00251927948557, 0.000918504199944, -0.00191623170394, 0.00210709893145, -0.00271377735771, 0.000252585159615, 0.000117623370897], [0.00109447934665, -0.0045003076084, 0.00261109927669, -0.00151317508426, 0.00350585579872, -0.00251927948557, 0.0097147366032, -0.00603824993595, 0.00488342624158, -0.00339739094488, 0.0034684385173, -0.000854839978274, 7.65989966567e-07], [-0.000858907878865, 0.00497310515493, -0.00211866758764, 0.003017420182, -0.00312752928585, 0.000918504199944, -0.00603824993595, 0.0141206365079, -0.00638896320015, 0.00533272046596, -0.0033341862727, 0.00268910662271, -0.00203058402985], [0.0009493076941, -0.00506931124255, 0.00405182782561, -0.00223689409904, 0.0014427145943, -0.00191623170394, 0.00488342624158, -0.00638896320015, 0.0186146944761, -0.00787868723273, 0.00352162588388, -0.00335540086962, 0.00400576367974], [-0.000884537643287, 0.00462664104998, -0.00385070499033, 0.00312471506186, -0.00259095313959, 0.00210709893145, -0.00339739094488, 0.00533272046596, -0.00787868723273, 0.0142941819504, -0.00562874833122, 0.00415369030088, 0.000165600213222], [0.000283784349449, -0.00391882099211, 0.00276949699037, -0.00170203985181, 0.00233728042804, -0.00271377735771, 0.0034684385173, -0.0033341862727, 0.00352162588388, -0.00562874833122, 0.0162643175572, -0.00645620934665, 0.00354066700675], [-7.8585529991e-05, 0.00219383602962, -0.00162323284894, 0.00134309462737, -0.00210678670555, 0.000252585159615, -0.000854839978274, 0.00268910662271, -0.00335540086962, 0.00415369030088, -0.00645620934665, 0.0175283756107, -0.00564942648634], [-0.000102173587948, -0.00037652804167, 0.000468699843623, 0.000317658967106, 0.000424560101237, 0.000117623370897, 7.65989966567e-07, -0.00203058402985, 0.00400576367974, 0.000165600213222, 0.00354066700675, -0.00564942648634, 0.0168445967138]]}, "spectral_complexity": {"dmean": 1.80586338043, "dmean2": 2.80838394165, "max": 43, "dvar": 3.80775856972, "mean": 13.091047287, "dvar2": 8.17072963715, "min": 0, "var": 68.6731033325, "median": 11}, "spectral_flux": {"dmean": 0.0130764041096, "dmean2": 0.0210877768695, "max": 0.331081151962, "dvar": 0.000239980348852, "mean": 0.047733630985, "dvar2": 0.00058216729667, "min": 6.52160617176e-11, "var": 0.00108969595749, "median": 0.0410645902157}, "spectral_energyband_low": {"dmean": 0.000712457404006, "dmean2": 0.00118122796994, "max": 0.0224330630153, "dvar": 1.55243787958e-06, "mean": 0.0014366726391, "dvar2": 4.33890772911e-06, "min": 3.36786808544e-23, "var": 3.23138624481e-06, "median": 0.000806652591564}, "spectral_decrease": {"dmean": 9.3668039991e-10, "dmean2": 1.40856171171e-09, "max": 1.65532619459e-28, "dvar": 2.27972445065e-18, "mean": -3.99455535316e-09, "dvar2": 5.23547342385e-18, "min": -4.46059509329e-08, "var": 1.67279097459e-17, "median": -2.67444710822e-09}, "barkbands_spread": {"dmean": 3.57782149315, "dmean2": 5.46011734009, "max": 120.222198486, "dvar": 26.8245449066, "mean": 14.8445701599, "dvar2": 58.6549453735, "min": 0.333497822285, "var": 108.502960205, "median": 12.483669281}, "spectral_rms": {"dmean": 0.00042978359852, "dmean2": 0.000640040030703, "max": 0.0130047872663, "dvar": 2.59788436097e-07, "mean": 0.0034825252369, "dvar2": 5.8672162595e-07, "min": 3.17799063974e-12, "var": 3.64330594493e-06, "median": 0.00323786307126}, "spectral_centroid": {"dmean": 193.670059204, "dmean2": 293.694213867, "max": 11675.6484375, "dvar": 72091.7890625, "mean": 1026.49682617, "dvar2": 158490.21875, "min": 183.639938354, "var": 357122.59375, "median": 915.73840332}, "barkbands_skewness": {"dmean": 0.469524592161, "dmean2": 0.726720333099, "max": 8.4793176651, "dvar": 0.288789331913, "mean": 1.89078021049, "dvar2": 0.700360655785, "min": -4.54156827927, "var": 1.54306411743, "median": 1.62144601345}, "spectral_rolloff": {"dmean": 304.080627441, "dmean2": 513.058898926, "max": 19229.1503906, "dvar": 408358.28125, "mean": 1104.01416016, "dvar2": 924722.125, "min": 43.06640625, "var": 1238018.875, "median": 839.794921875}, "erbbands_spread": {"dmean": 6.37660217285, "dmean2": 9.54772281647, "max": 132.100463867, "dvar": 60.2360572815, "mean": 36.6660461426, "dvar2": 134.779693604, "min": 0.736103892326, "var": 330.623687744, "median": 33.3566131592}, "barkbands": {"dmean": [1.40308929986e-06, 7.89387340774e-05, 0.000472483661724, 0.00063586741453, 0.00201099226251, 0.00043011730304, 0.000826981209684, 0.000554574828129, 0.000588552618865, 0.00030791037716, 0.000290279800538, 0.000253808597336, 0.000288746814476, 0.000125564882183, 7.05205529812e-05, 6.37909979559e-05, 0.000140496194945, 7.53729327698e-05, 8.69122304721e-05, 9.2076988949e-05, 6.62570309942e-05, 2.50191769737e-05, 1.57291397045e-05, 1.42494600368e-05, 3.27273824041e-06, 3.05371258946e-07, 5.31604307241e-08], "dmean2": [2.57748502008e-06, 0.000129088119138, 0.000780938426033, 0.00107202108484, 0.00310922437347, 0.000627467350569, 0.00120168831199, 0.000777759181801, 0.000838961568661, 0.000462964933831, 0.000453346263384, 0.000401391793275, 0.000451235391665, 0.000189880927792, 0.000111758112325, 9.8995406006e-05, 0.000210697689909, 0.00011444894335, 0.000127862324007, 0.00013462624338, 0.000109049324237, 3.94666603825e-05, 2.35537627304e-05, 2.04816260521e-05, 5.22115851709e-06, 4.71136218039e-07, 8.9455781449e-08], "max": [1.50615414896e-05, 0.00344835221767, 0.017155231908, 0.0603975728154, 0.10073338449, 0.026854544878, 0.0683453604579, 0.0444588512182, 0.0517240203917, 0.06692956388, 0.0793322473764, 0.031719673425, 0.0193972177804, 0.01171748247, 0.00681705400348, 0.00459714280441, 0.0111062433571, 0.0117354094982, 0.00738142989576, 0.0269399471581, 0.0333357453346, 0.00723672611639, 0.00166132696904, 0.00410919962451, 0.00443760911003, 5.1021710533e-05, 3.04583245452e-05], "dvar": [1.92291755435e-12, 3.29928759868e-08, 7.02021679899e-07, 2.84500720227e-06, 1.43309089253e-05, 7.71918905684e-07, 3.68679434359e-06, 2.17037950279e-06, 2.36007895182e-06, 1.28758335904e-06, 1.26211534734e-06, 6.41065753371e-07, 4.69498672828e-07, 1.08520119113e-07, 3.11626742189e-08, 2.34999557591e-08, 1.13275582692e-07, 7.88651988159e-08, 5.02199561936e-08, 1.28728217419e-07, 3.61058170029e-07, 1.13669749169e-08, 2.55940357796e-09, 7.11954717403e-09, 2.45583153813e-09, 1.78291582886e-12, 3.55335633964e-13], "mean": [1.67273731222e-06, 0.000126211569295, 0.000894094060641, 0.00101264752448, 0.00416809041053, 0.00114554795437, 0.00174127414357, 0.00133656524122, 0.00149157061242, 0.000763436255511, 0.000649359310046, 0.000522022543009, 0.000584065157454, 0.000271038879873, 0.000159579940373, 0.000144158446346, 0.000366605818272, 0.000183184587513, 0.000195272965357, 0.000220309259021, 8.10911005829e-05, 4.83184194309e-05, 2.88381124847e-05, 2.54597216554e-05, 4.52891617897e-06, 5.16911427439e-07, 5.88447655048e-08], "dvar2": [6.01984391155e-12, 8.48179766422e-08, 1.91773460756e-06, 7.70946735429e-06, 3.36532648362e-05, 1.66042332239e-06, 8.36797698867e-06, 4.36550317318e-06, 5.13088752996e-06, 3.45269017998e-06, 3.11629082717e-06, 1.56350984071e-06, 1.20134711779e-06, 2.411831872e-07, 7.49419939439e-08, 5.66931745993e-08, 2.59455788409e-07, 1.76815746045e-07, 1.07795735005e-07, 3.16757905239e-07, 9.44668613556e-07, 2.99238429591e-08, 5.66453106643e-09, 1.31724346986e-08, 6.48295150896e-09, 4.36199687481e-12, 9.32168079705e-13], "min": [8.08482439732e-25, 7.04145763698e-24, 1.53609648009e-24, 5.58726986657e-24, 2.28984863769e-23, 9.76858449621e-24, 1.66627933566e-23, 1.65104169842e-23, 2.66272993473e-23, 4.11850899535e-23, 3.10596374055e-23, 4.7966488549e-23, 5.56234217751e-23, 5.9362786549e-23, 7.50633399952e-23, 1.3157366862e-22, 5.43800697034e-23, 1.74993999104e-22, 1.62146547292e-22, 2.30031789475e-22, 2.65282259906e-22, 3.52119942135e-22, 5.79834323328e-22, 8.16182048755e-22, 1.10432297334e-21, 1.37708295305e-21, 2.28280543509e-21], "var": [1.76826923329e-12, 6.66129125193e-08, 1.54359747739e-06, 3.32489548782e-06, 3.59720324923e-05, 3.29651129505e-06, 1.08240483314e-05, 8.83678512764e-06, 1.15064585771e-05, 5.38659560334e-06, 4.2027731979e-06, 1.94029962586e-06, 1.2324896943e-06, 4.22925069188e-07, 1.27812725736e-07, 8.74801884265e-08, 5.61512024433e-07, 3.70776376712e-07, 1.55590868189e-07, 3.03103718124e-07, 3.07672621602e-07, 1.46035779025e-08, 6.15170270279e-09, 1.86709581129e-08, 2.12055306648e-09, 2.65769372655e-12, 2.69779207654e-13], "median": [1.33139951686e-06, 2.9662533052e-05, 0.000438407645561, 0.000466123980004, 0.00207764282823, 0.000442429125542, 0.000368141219951, 0.000250140641583, 0.000197575776838, 9.21512910281e-05, 6.74859038554e-05, 8.33947706269e-05, 0.000155611967784, 4.57350106444e-05, 4.40441945102e-05, 3.66893655155e-05, 5.70186421101e-05, 2.71151402558e-05, 5.23553499079e-05, 3.48480898538e-05, 1.32731984195e-05, 1.60806594067e-05, 9.27049404709e-06, 3.24864868162e-06, 6.9563100169e-07, 1.62011474458e-07, 2.03091587991e-08]}, "melbands_kurtosis": {"dmean": 6.14378976822, "dmean2": 9.79287910461, "max": 358.459869385, "dvar": 125.921760559, "mean": 15.4136428833, "dvar2": 319.292724609, "min": -1.91210818291, "var": 388.813201904, "median": 8.03413391113}, "erbbands_crest": {"dmean": 2.17840003967, "dmean2": 3.46207499504, "max": 32.6870536804, "dvar": 4.89281797409, "mean": 9.84510231018, "dvar2": 11.7801465988, "min": 2.55259871483, "var": 22.6002197266, "median": 8.641746521}, "melbands_skewness": {"dmean": 0.587401032448, "dmean2": 0.902221441269, "max": 14.6128616333, "dvar": 0.453472584486, "mean": 2.77838230133, "dvar2": 1.09824419022, "min": -3.75363373756, "var": 2.95888972282, "median": 2.35157966614}, "spectral_energyband_middle_low": {"dmean": 0.00323228910565, "dmean2": 0.00491553591564, "max": 0.166349381208, "dvar": 2.8858306905e-05, "mean": 0.0111300712451, "dvar2": 6.73398390063e-05, "min": 2.21841469526e-22, "var": 0.000134472298669, "median": 0.00760452123359}, "spectral_contrast_coeffs": {"dmean": [0.0486277900636, 0.0379007719457, 0.0326267741621, 0.0265043862164, 0.0228453222662, 0.0184011179954], "dmean2": [0.0809989795089, 0.0606032051146, 0.0518165752292, 0.0427580736578, 0.035007044673, 0.0283253137022], "max": [-0.269323140383, -0.410013049841, -0.451138287783, -0.570277929306, -0.545172572136, -0.506346583366], "dvar": [0.00160085759126, 0.0010828563245, 0.000723867327906, 0.000458403403172, 0.000409141444834, 0.000322287785821], "mean": [-0.512625157833, -0.701707541943, -0.728736937046, -0.76105850935, -0.756268799305, -0.738467812538], "dvar2": [0.00435583619401, 0.00263965968043, 0.00172689009923, 0.00115055730566, 0.000867328024469, 0.000752851483412], "min": [-0.974842250347, -0.990380942822, -0.971727967262, -0.97423517704, -0.964133441448, -0.962231278419], "var": [0.00621082633734, 0.0060261930339, 0.00586300436407, 0.00255659525283, 0.00350754102692, 0.00196086196229], "median": [-0.508032441139, -0.706230342388, -0.735627412796, -0.761506676674, -0.760241866112, -0.737769246101]}, "spectral_contrast_valleys": {"dmean": [0.452357918024, 0.292594134808, 0.286253809929, 0.256894677877, 0.262464106083, 0.27431511879], "dmean2": [0.753940820694, 0.472644895315, 0.458376169205, 0.401854902506, 0.384671509266, 0.375931888819], "max": [-6.16844177246, -4.92325401306, -5.66329479218, -6.14588069916, -6.10332965851, -7.87723064423], "dvar": [0.14257311821, 0.0728258341551, 0.0723709464073, 0.0638546049595, 0.0797770619392, 0.0894300788641], "mean": [-8.60129165649, -7.23244571686, -8.12052822113, -8.48058605194, -8.51355552673, -11.5103178024], "dvar2": [0.367483019829, 0.168539255857, 0.163451686502, 0.133636489511, 0.161112487316, 0.164536207914], "min": [-27.6303596497, -27.7757396698, -27.7799873352, -27.4455108643, -27.459066391, -27.4206695557], "var": [1.19151628017, 1.37881684303, 1.36293447018, 1.37084341049, 1.38860535622, 1.08986186981], "median": [-8.52253341675, -7.08976602554, -8.02163887024, -8.31379890442, -8.32297039032, -11.4758796692]}, "silence_rate_20dB": {"dmean": 0, "dmean2": 0, "max": 1, "dvar": 0, "mean": 1, "dvar2": 0, "min": 1, "var": 0, "median": 1}, "silence_rate_30dB": {"dmean": 0.000759830290917, "dmean2": 0.00151975685731, "max": 1, "dvar": 0.00075937533984, "mean": 0.99917691946, "dvar2": 0.00164379610214, "min": 0, "var": 0.000822474132292, "median": 1}, "spectral_strongpeak": {"dmean": 0.372760802507, "dmean2": 0.624600172043, "max": 14.2297210693, "dvar": 0.438187777996, "mean": 0.901195764542, "dvar2": 1.15035903454, "min": 0, "var": 1.01752007008, "median": 0.530777335167}, "spectral_spread": {"dmean": 346963.59375, "dmean2": 510947.9375, "max": 41774432, "dvar": 280082513920, "mean": 3540338.5, "dvar2": 540552003584, "min": 1259413.5, "var": 1856817201150.0, "median": 3331448.5}, "barkbands_flatness_db": {"dmean": 0.0183258503675, "dmean2": 0.0282671991736, "max": 0.388364225626, "dvar": 0.000343082618201, "mean": 0.174003824592, "dvar2": 0.000803898961749, "min": 0.0637275874615, "var": 0.0017511008773, "median": 0.169754594564}, "pitch_salience": {"dmean": 0.059534240514, "dmean2": 0.0950196236372, "max": 0.957144141197, "dvar": 0.00296277296729, "mean": 0.542166531086, "dvar2": 0.00764975650236, "min": 0.0651387423277, "var": 0.012000634335, "median": 0.552333474159}, "erbbands_kurtosis": {"dmean": 0.883865773678, "dmean2": 1.3562233448, "max": 126.450408936, "dvar": 4.76415395737, "mean": 0.693721354008, "dvar2": 9.5832195282, "min": -1.86293518543, "var": 18.1587772369, "median": -0.222097873688}, "average_loudness": 0.194398775697, "barkbands_crest": {"dmean": 2.26351714134, "dmean2": 3.63131213188, "max": 26.6541404724, "dvar": 4.5552110672, "mean": 11.2413692474, "dvar2": 11.4024381638, "min": 2.5685646534, "var": 21.8216323853, "median": 10.264799118}, "hfc": {"dmean": 2.52392411232, "dmean2": 3.59220314026, "max": 190.039321899, "dvar": 23.7274856567, "mean": 12.0079088211, "dvar2": 54.3174591064, "min": 1.12760930231e-16, "var": 205.343948364, "median": 6.25372409821}, "barkbands_kurtosis": {"dmean": 3.11279416084, "dmean2": 4.98199272156, "max": 190.687942505, "dvar": 35.4075965881, "mean": 6.29686641693, "dvar2": 91.6296081543, "min": -1.9169447422, "var": 88.8812103271, "median": 2.98801207542}, "erbbands": {"dmean": [0.000505285861436, 0.0290706902742, 0.410458117723, 1.276242733, 5.09719848633, 8.15208053589, 3.22768354416, 4.03991365433, 9.94897842407, 11.3560876846, 11.3397092819, 15.6103076935, 6.75843191147, 11.9001235962, 11.2509298325, 9.95625686646, 12.9334831238, 7.29709625244, 3.87884807587, 2.93300127983, 4.17617368698, 6.48735713959, 4.20652103424, 4.08506965637, 4.66195058823, 3.92255830765, 2.05201077461, 2.46621322632, 0.967835187912, 0.67104947567, 0.451154708862, 0.410028636456, 0.148936122656, 0.0439939275384, 0.0237513780594, 0.0030608358793, 0.000432002329035, 0.000101201636426, 7.54868415243e-06, 4.38216602561e-06], "dmean2": [0.00084310118109, 0.0477506294847, 0.686195671558, 2.13043117523, 8.3251953125, 12.2645425797, 4.81967401505, 5.90265703201, 14.5447721481, 16.1463069916, 16.2989749908, 22.316865921, 9.56844520569, 18.3360214233, 17.6122646332, 15.9239587784, 20.2901229858, 11.1417512894, 6.01919364929, 4.60566949844, 6.33510446548, 9.59781932831, 6.26787757874, 6.05459499359, 6.62822151184, 5.77609586716, 3.31049156189, 4.03845024109, 1.5108755827, 1.0571706295, 0.674420118332, 0.599829912186, 0.214435607195, 0.0682524442673, 0.0383289456367, 0.00481898570433, 0.000658279866911, 0.00016220001271, 1.23195841297e-05, 6.54204586681e-06], "max": [0.0198762286454, 1.18363022804, 13.8555526733, 77.9087982178, 545.041687012, 433.203643799, 271.821289062, 331.011413574, 1085.33630371, 668.056213379, 1226.22290039, 1490.08740234, 1705.73388672, 1965.24291992, 3970.35717773, 1604.6965332, 837.96484375, 703.749145508, 294.406219482, 281.37701416, 305.189819336, 520.55859375, 624.013244629, 505.451507568, 445.589233398, 1808.97290039, 859.536437988, 1010.09832764, 194.103561401, 154.509002686, 47.7282905579, 104.310089111, 45.5736083984, 18.0309505463, 66.2015380859, 4.19844484329, 0.100255809724, 0.0446170642972, 0.0022693767678, 0.000200571288588], "dvar": [1.06457900984e-06, 0.00406871410087, 0.585848689079, 8.04414653778, 146.360748291, 252.927398682, 60.7647781372, 66.1351394653, 592.439941406, 517.545288086, 1177.40161133, 1833.10327148, 445.471099854, 2203.37304688, 2628.33789062, 1014.26086426, 943.407958984, 313.344268799, 83.6858978271, 54.0538520813, 88.2055053711, 237.34425354, 239.18951416, 164.378326416, 125.834785461, 442.130218506, 230.511184692, 410.388458252, 12.9480199814, 6.86463451385, 2.30965733528, 5.32373571396, 0.790803253651, 0.138155907393, 0.454891681671, 0.00193496840075, 3.7963975501e-06, 7.62694014611e-07, 3.20090931538e-09, 4.99389904429e-11], "mean": [0.000960077508353, 0.0502967014909, 0.732837736607, 2.49514317513, 8.81200504303, 16.7852420807, 7.76131391525, 11.2721385956, 21.7226600647, 28.6762104034, 27.9354858398, 39.7735595703, 20.3232631683, 27.9183750153, 28.4367828369, 21.9351520538, 26.9133853912, 18.1708621979, 9.51964759827, 7.48603487015, 11.2462377548, 18.046377182, 11.6135978699, 10.021232605, 12.3301553726, 9.63440132141, 3.06609535217, 3.16735076904, 1.89593780041, 1.18672442436, 0.825216293335, 0.724033117294, 0.262048691511, 0.0683195218444, 0.0284870099276, 0.00434825010598, 0.000771287828684, 0.000158014852786, 1.66464469658e-05, 1.94244366867e-05], "dvar2": [2.82979567601e-06, 0.010530943051, 1.60781407356, 22.5502719879, 372.083587646, 559.212097168, 125.807029724, 147.47668457, 1367.05700684, 1045.58947754, 2458.89135742, 4026.68945312, 916.829101562, 5980.20019531, 6456.88037109, 2623.55444336, 2434.80908203, 713.268371582, 198.581466675, 126.16040802, 207.349319458, 524.190795898, 521.085083008, 393.919494629, 239.84854126, 1162.63427734, 600.296142578, 1081.45471191, 31.0645427704, 18.5718135834, 5.18350362778, 10.1918964386, 1.49052238464, 0.336838006973, 1.21883285046, 0.00511077325791, 9.60487159318e-06, 1.95659254132e-06, 8.38198577213e-09, 1.14416205677e-10], "min": [3.99640620143e-22, 1.72859381884e-21, 2.77309614445e-21, 1.48690497244e-20, 4.3635034239e-20, 7.58718492167e-20, 1.74844862539e-19, 7.60585464659e-20, 2.63468941669e-19, 2.7144655584e-19, 2.84732420646e-19, 6.08863919156e-19, 7.02511931436e-19, 1.22797371097e-18, 1.26200547233e-18, 2.17238308372e-18, 2.63021948775e-18, 2.68118539402e-18, 4.04091336353e-18, 4.80971280922e-18, 5.27609709091e-18, 4.21141224498e-18, 9.13432058513e-18, 9.73458735769e-18, 8.88087575417e-18, 1.00197727631e-17, 9.93766681551e-18, 1.19639441605e-17, 1.19265771035e-17, 1.46802291026e-17, 1.61430533482e-17, 1.3070670461e-17, 1.3209659965e-17, 1.11031899412e-17, 7.62400293753e-18, 4.63690568027e-18, 2.56474979663e-18, 1.17852516414e-18, 2.84703469324e-19, 3.13161144884e-20], "var": [2.03972763302e-06, 0.00787603855133, 1.02038395405, 11.4416904449, 201.557296753, 747.077026367, 195.235321045, 300.339691162, 1745.31298828, 2162.11352539, 4423.11669922, 8513.47558594, 3365.33959961, 7139.12744141, 9377.47167969, 2976.97021484, 2443.22314453, 1302.02075195, 373.948791504, 229.642211914, 452.212158203, 1344.1159668, 1209.4263916, 470.659973145, 673.967102051, 684.585083008, 199.897766113, 361.597167969, 22.654001236, 8.37019538879, 5.397544384, 13.7567777634, 1.95822584629, 0.227481663227, 0.319770544767, 0.00152397691272, 4.90010552312e-06, 6.33515298887e-07, 2.68184496832e-09, 3.95642352213e-10], "median": [0.000445499259513, 0.0185480415821, 0.369069874287, 1.40318250656, 4.77141094208, 6.60019683838, 3.82057118416, 4.2970790863, 5.34747600555, 9.28037071228, 7.52593564987, 5.99358034134, 3.58445310593, 3.20145058632, 3.31175255775, 4.42228078842, 8.00860118866, 3.96501898766, 2.60590004921, 2.30794024467, 2.58306193352, 2.83274555206, 1.94107174873, 2.90370988846, 2.4225165844, 1.64218425751, 0.7477222085, 0.55586206913, 0.581092119217, 0.424529850483, 0.244441404939, 0.101871453226, 0.0389799773693, 0.0115642491728, 0.00356812542304, 0.00091745168902, 0.000269636046141, 6.27322369837e-05, 1.04076316347e-05, 1.27719304146e-05]}, "spectral_energy": {"dmean": 0.00371184875257, "dmean2": 0.00556495273486, "max": 0.173352599144, "dvar": 3.5280798329e-05, "mean": 0.0161654874682, "dvar2": 8.0539022747e-05, "min": 1.03521152829e-20, "var": 0.000275495956885, "median": 0.0107458522543}, "zerocrossingrate": {"dmean": 0.00667312555015, "dmean2": 0.00806690566242, "max": 0.5166015625, "dvar": 7.90983176557e-05, "mean": 0.0448065