{"metadata": {"audio_properties": {"downmix": "mix", "bit_rate": 128003, "lossless": false, "md5_encoded": "03348f0634cd6964730251ad646166a0", "analysis_sample_rate": 44100, "sample_rate": 48000, "replay_gain": -11.5415267944, "equal_loudness": 0, "codec": "mp3", "length": 960.311950684}, "tags": {"musicbrainz_albumid": ["7c71dc4f-93b1-4419-bf43-530dba6d15f5"], "musicbrainz_recordingid": ["1f40ca61-ff88-456e-84e2-b5876b7562c9"], "artist": ["Anugama"], "acoustid_id": ["5fa23cb2-3acc-480e-a54d-09b52d67a764"], "encoding": ["Lame3.96"], "originalartist": ["Various Artists"], "musicbrainz album type": ["Album", "Compilation"], "albumartist": ["Various Artists"], "script": ["Latn", "Latin"], "musicbrainz_albumartistid": ["89ad4ac3-39f7-470e-963a-56509c546377"], "file_name": "03 Anugama - Magic Flow.mp3", "originalalbum": ["Reiki Wellness"], "bpm": ["103.40"], "musicbrainz_artistid": ["11fc6114-e99b-4389-9c4f-e7ae8f534d1f"], "albumartistsort": ["Various Artists"], "tracknumber": ["03/07"], "musicbrainz album status": ["Official"], "album": ["Reiki Wellness"], "date": ["2002"], "title": ["Magic Flow"], "discnumber": ["01/01"], "artistsort": ["Anugama"], "acoustid_fingerprint": ["AQADtEoUTYmcMAifcFCRr_hyXIbxCz_4GFY1hNSGUTmhI5J--Du6PvjxoJmOHmEcHieoC-XSQi_y-GiCC9eTwh3M4xo8GfHx5FD2Q3MY7MpxQ9OPo5-FnBeeo_HRTccZhOsHRZG3CWesIrR2NFqSC0-FP7hINNqDUN2g5_iRPg8-l_giHXYk41KOHz6DZ0byI-RqNNkxUTqM5gs-D2gehB6ah0Q_4yihRweuYsdh7hF-AAaK4j-MH9hxHD_w0MCFC_5xGCcuaA56HMqPCw_cG8dl9NB5nOmDS_jhHBe-Q-cxbSKeIz8OvAWQH0ePH3lR_vCOXzj-w8fRGz1yQTvOI9dx_WhGBu1xIEwcJehp6DkaXUFPhGuGlB0qPcePPkPzHFeO9-iNRheeCC_0HD9iHz2aJzhwHyF04UN5HGEP78gFvMzxQJt-lD-c49FRSsGPasJ26Dk-PMdhHWhx_KhhHMcN94Re-OhD7OhxvIRws8BRPHhwPMEf5CR8HTmOEnoO7Q-O8EFz3MGz4_iR54GOnhCPXslxIM9xnmieacgDP4eWDx_yJMGTB7kx5cuh4cGV4MMNVblwKRbySLFwCUWz4DdyNtjTw4XuA3dylPgP4wNwIAcO_DhgOEd-aLuGWMGl40VsmvASMRXI_PihnYeWL8dVqH-CSx_8HPmGB-cR5g96cOehG-Rz5AmPH8-H8niq4UfOo7mKL8IV6ChDePoiWMfRPHhyxA-Of7iy480T_PCTHI-OH89RPWh0gc9x67ij4yhvtCMefrgR5oHmbQjY5MKPXoR5nDl6Hu8l9DuaZ8Fz5Ie2BlqidMiPH02FWj2-HKh8-Aj3VMJ96MiTHD_K40_wkMd_PEdzjcEb41KQ4xlUP-gKP0cf4YF6_HiO6lPxC-qJ5smRC_iFB82PUF_w4wcePEdz49Vkwwj3CGeHH1d2hHkcQXyDdD-OB--NHqeDG3izI40yptCPD75wJQc0podHPA9-fJTA6-il4cWTM-gNUc_R48ePJ8mwn9CD0ocpXOKFH9-AF38F1_jhfeiO-vBOCj-hL4ePncMJ_GiPoz9SHQ9wNDMeJkL8QzpyBiWaR8dx4zz-C0cONSHS5cXxHP5xHCWjizCn4z_YDz4Jf8dzGV1F4hyO4-Bf5DM0N9LgBxf4N0C0afii4BFx3EmHI-U1aIvwGhc5hA-aiQ-iJzquyIdmSziFI_rx_XiO58eNHH4-aBeuXHiMZqzRA3uSC1omESQu4spx-PhxvDiPV_ia44d_5Ifx7CBLHSfeHvx69Mdz9MePJ7iC5scZVXiC48kQZk9Ankh-MF_w4Dp-nHiy41nCLRH6PwN1rphO5DmSfUXz40yZo1KOZx2aF0_wHSfRHD1xHfOSHOFm4zp4HHqL9OCBX_jx4w9u_IPPow8uNEf4QAqpHI9hR8d38Dfyh1grXPGJrzh--Ed3K_jx5MF5PMSFo5su-MR_9MITHHP24jpC3bCaJSIqP_jx4zyeHOfR5LOg7cip4z9-fMZznAz6MDWabji25biO5MoROksYWNWO8iX-cHg__MF74yyO5iN67JKLJwgpayGu4HnBQy-y6ziuG-_x4z9-wPoHNM_xo28RpgOfB3ULfQPFHM8v5CN-ltgzfLjxH_eDRr_w7LiPkxlyJD--o09GpXBP_Eh25McvvPlwU7DT41vgJzny_Lh07M2QN0EtS7h6vJIJ60T54_gjIkF4o2GcCu-GH8-xnTieKcfVPHhK1D--DT7yqDkSUsLRPMdrfIcVTbhTnCzRa-Fg5njwskYtKfiOxknwZ4VHFmGP8oMf3PiPB77xE2Z05IeP_DgPHeiL_MQcHj--41WODw-R8-CocEKyJ_gPnxL64FKOT8i1CEn5CwejJDvR7KNxGf6EM8eHBqVzfDlOSUaYHl1zIuE7PEF_PKg14Q86-DqmMsf54O5x5CGe8Oi14zx89EOeFDeOT3gTMsH_wdeEJ8ec4F-GY8qJilRinMeVfJiDXM8g80LtoFFJ5AGfJ7ivoI2KxgmO-PCmBfqN49_QR7Hgw8d_3Hijw8d7_PiQHj9eHn6O49zRD5cu5Dp0pHxw-ciro9JzPKihMWvhSTnuJ-DRPXh0cA-OQ8_iobqKHz-aDz-Ap8eZ5Ghyo3zwIewIK0-KfPAL6jR6GXp2AEUQMcQBIIgnSAgFNAEKOCoKYAIIhRhRQBBmHCMCGcAQAQwgQgRjSEFiADGAGGYAI4wwgZAiahkEpUAGAYKo6N4gJhghxBFkIJAIOKGVAAAZgCBCRjhEnCNOWEUcEYAY4IgAwiruFDHAAUEcGEgBAQAzAgnAiFGCCcAINAo5YBgTAkBGhANAIOQMBdAQa4CUIkk1OMBECM6IsNBRQZwzwjnACDELCSgcwYJxpQSBghGEGEECCeCkAAgxwphBRDAhEBDAAAAtBYRaSQUgBgMBhUDCCAKQQMAQYgRRgBBAFECOGMEEZIAhhgikiCmBiQRGECAMcIIgwiRhACCgoBCIKuWMEoQIIAwhgDABBYAEGGIsQYQpghQ0QAAAEBUEMWUQEgRagggDAgJClGEgKEAJs4IQJIAjAiigFAKWIM6oIACC4oBgBkihhCBEKEKsc5QgBqAgQEBICTACGkMMQMYKh6AgAhkQixHYIkQxMcAA6oVoRAEHAQQGUOKEAEZWixATBhhhVaFIIQUIMEBrQwQAiBBChCjAEGS0UMwBrhjRzAhhgGOACMKU8gwwYABkBBAvwDCIMeIQJAQygxUhBAgBhHAGAEcEowghyqBCTElDnCJGSMOJYkYzKZRigxpDkCJEIEIQN54YgqyxTFGiFAJIGEcOYQZAJAkURBEEjAIMIAEMGADACiRxjFBAiCBKMKuUUJYBQghzSAhgJIHAEYOQQlYaAKAQQiMgJDEAEiMAAkgRArhwAFmnGDNKOCQEMAI44IgEgDEDQKBCIcGMYMUAgpCAFAgiBFMCMWAcYUQQphAVQEhCmBAQAOgEVsIKwZATEhKhKGEGKOI0JYQaAQZDSBoEjABMYOaIYYgKBCwSBBCgFHUQAQEIAAoRBIIyyAhFFCHAiEOEYIAAa4RgQhAmnDGKCAEAwUgoYpiAQAgihBAFGEIcEYwAIyBAgjEiiDACDAmEYQI"], "musicbrainz_releasegroupid": ["0df35e8c-6d16-3b2b-b81a-14f695f126f6"]}, "version": {"essentia_build_sha": "2d9f1f26377add8aeb1075a9c2973f962c4f09fd", "essentia_git_sha": "v2.1_beta2-1-ge3940c0", "extractor": "music 1.0", "essentia": "2.1-beta2"}}, "tonal": {"chords_scale": "major", "hpcp": {"dmean": [0.13390339911, 0.138504818082, 0.0654911473393, 0.0286026131362, 0.0407426357269, 0.0795667171478, 0.0757349804044, 0.0901448652148, 0.0821811407804, 0.0685092583299, 0.0607063546777, 0.0412928983569, 0.0395463816822, 0.0343836583197, 0.0534531138837, 0.0603287257254, 0.0674292966723, 0.0411044619977, 0.0260766576976, 0.0301480032504, 0.0686174482107, 0.0997779071331, 0.104933775961, 0.0371740162373, 0.00970099959522, 0.00720871472731, 0.00777895841748, 0.0122324386612, 0.0197087135166, 0.0363888517022, 0.0374608412385, 0.0264551062137, 0.0200912356377, 0.0404184684157, 0.0698887109756, 0.116127990186], "dvar2": [0.0890631452203, 0.0882044583559, 0.0588988438249, 0.0312477331609, 0.0511165559292, 0.118507713079, 0.0756765455008, 0.106575615704, 0.0771459490061, 0.0685934796929, 0.0514679960907, 0.0344659201801, 0.0272938460112, 0.0226717349142, 0.0421274527907, 0.0619894750416, 0.0606260038912, 0.04376225546, 0.027779461816, 0.0290926210582, 0.0358610600233, 0.0538436919451, 0.0533243641257, 0.0172702670097, 0.00866702198982, 0.00737246638164, 0.00911402795464, 0.0155675876886, 0.0244665574282, 0.0323853828013, 0.0308712441474, 0.0179488733411, 0.0175913963467, 0.046273496002, 0.064220495522, 0.0597276687622], "mean": [0.477773576975, 0.315338104963, 0.0647845417261, 0.0183066036552, 0.0247456543148, 0.0663432106376, 0.118025951087, 0.101245142519, 0.0988375321031, 0.144263997674, 0.092524163425, 0.036941871047, 0.0446493402123, 0.0340038761497, 0.0911159515381, 0.170899435878, 0.11644898355, 0.0381139330566, 0.0209768228233, 0.0237843561918, 0.130830779672, 0.335576117039, 0.269963920116, 0.0531796440482, 0.00606700591743, 0.00475042127073, 0.00545443641022, 0.00845481175929, 0.015591584146, 0.0493409745395, 0.0707363411784, 0.0378269404173, 0.0144179426134, 0.0265663843602, 0.069506905973, 0.267515867949], "var": [0.165042042732, 0.091458581388, 0.0189815890044, 0.00681681232527, 0.0108631756157, 0.0334635861218, 0.0636472627521, 0.0470693483949, 0.0353931821883, 0.0923173129559, 0.0366849899292, 0.00918639078736, 0.0127108609304, 0.00763372331858, 0.0347211062908, 0.111845776439, 0.0501621440053, 0.0191928315908, 0.00972940400243, 0.0112472381443, 0.0420380905271, 0.147091299295, 0.102621562779, 0.008574411273, 0.00174523098394, 0.00150929787196, 0.00180059508421, 0.00301576894708, 0.00647146860138, 0.0203553065658, 0.0388857014477, 0.0117472354323, 0.00369469285943, 0.00971731636673, 0.022758577019, 0.0766308158636], "dmean2": [0.216208353639, 0.225137889385, 0.115725263953, 0.0533574968576, 0.0772283747792, 0.14450417459, 0.130335211754, 0.158455908298, 0.146693408489, 0.116603784263, 0.104720048606, 0.0738173872232, 0.06601382792, 0.0593397393823, 0.0912212133408, 0.102967828512, 0.112863078713, 0.0720372572541, 0.0447612963617, 0.0508077815175, 0.108922697604, 0.151969045401, 0.161027148366, 0.0622050948441, 0.0185439866036, 0.013746351935, 0.0146407159045, 0.0229761488736, 0.0356990620494, 0.0613637156785, 0.0630726069212, 0.0446555390954, 0.0375083945692, 0.0759583488107, 0.12433629483, 0.186634451151], "dvar": [0.0400335602462, 0.034473773092, 0.0206665154546, 0.0108932582662, 0.0174618270248, 0.038183439523, 0.0299758855253, 0.036595094949, 0.027010301128, 0.0297082122415, 0.0192976854742, 0.011737386696, 0.0103756338358, 0.00812748260796, 0.015613110736, 0.0259004142135, 0.0240043886006, 0.0178609155118, 0.0109744276851, 0.0121526019648, 0.0159650761634, 0.027461156249, 0.0247938856483, 0.00636195158586, 0.00298744696192, 0.00257380260155, 0.00314452359453, 0.00532792741433, 0.00901296548545, 0.0133805479854, 0.0126471873373, 0.00669727334753, 0.00600885227323, 0.0155632551759, 0.0223878119141, 0.0244393330067], "min": [0, 0, 0, 0, 0, 0, 0, 0, 0, 0, 0, 0, 0, 0, 0, 0, 0, 0, 0, 0, 0, 0, 0, 0, 0, 0, 0, 0, 0, 0, 0, 0, 0, 0, 0, 0], "median": [0.359986066818, 0.217691242695, 0.00988167431206, 0.000629732385278, 0.000474384403788, 0.00243079499342, 0.00941635202616, 0.0108842998743, 0.0107213594019, 0.00593663332984, 0.00638947123662, 0.00692343898118, 0.00734884478152, 0.00602324679494, 0.00712089752778, 0.00868396088481, 0.00901802256703, 0.00300536700524, 0.000996076036245, 0.000771720253397, 0.0337539091706, 0.123670518398, 0.103092953563, 0.0121660735458, 0.000318822916597, 0.000365323066944, 0.000699064694345, 0.00100879883394, 0.00184769229963, 0.0071876430884, 0.00965053774416, 0.00447164941579, 0.00121662858874, 0.00149028655142, 0.00705539155751, 0.168054580688], "max": [1, 1, 1, 1, 1, 1, 1, 1, 1, 1, 1, 1, 1, 1, 1, 1, 1, 1, 1, 1, 1, 1, 1, 1, 1, 1, 1, 1, 1, 1, 1, 1, 1, 1, 1, 1]}, "tuning_equal_tempered_deviation": 0.0871150866151, "chords_key": "A", "chords_strength": {"dmean": 0.0064659989439, "dvar2": 2.94370729534e-05, "mean": 0.538398146629, "var": 0.0112767303362, "dmean2": 0.00575441448018, "dvar": 3.19479513564e-05, "min": 0.191072180867, "median": 0.535373687744, "max": 0.805713891983}, "tuning_diatonic_strength": 0.562563717365, "thpcp": [1, 0.660015761852, 0.135596737266, 0.0383164845407, 0.0517936870456, 0.13885910809, 0.247033238411, 0.211910307407, 0.206871077418, 0.301950544119, 0.193656921387, 0.0773208737373, 0.0934529304504, 0.0711715295911, 0.190709486604, 0.357699632645, 0.243732571602, 0.0797740519047, 0.0439053624868, 0.0497816465795, 0.273834258318, 0.702374815941, 0.565045714378, 0.11130721122, 0.0126984957606, 0.00994282960892, 0.0114163625985, 0.0176962725818, 0.0326338335872, 0.103272713721, 0.148054108024, 0.0791733637452, 0.0301773548126, 0.0556045509875, 0.145480856299, 0.559921860695], "chords_histogram": [30.0435199738, 6.19439077377, 3.49129605293, 4.91295957565, 0, 6.48452615738, 0.0822050273418, 37.9932289124, 0.0193423591554, 1.52804636955, 0.0531914904714, 0, 0, 0, 0, 0, 0, 0, 1.48936164379, 0, 0.749516427517, 0, 6.89071559906, 0.0676982626319], "tuning_nontempered_energy_ratio": 0.732315957546, "tuning_frequency": 451.326080322, "key_strength": 0.784042239189, "chords_changes_rate": 0.0392166338861, "key_scale": "minor", "hpcp_entropy": {"dmean": 0.480850696564, "dvar2": 0.57777684927, "mean": 1.52999544144, "var": 0.770781219006, "dmean2": 0.81678545475, "dvar": 0.218145221472, "min": 0, "median": 1.67371296883, "max": 3.93621969223}, "key_key": "A", "chords_number_rate": 0.000435203080997}, "lowlevel": {"melbands_skewness": {"dmean": 0.553161680698, "dvar2": 0.657007277012, "mean": 2.42807793617, "var": 2.51016449928, "dmean2": 0.81309223175, "dvar": 0.309659153223, "min": -1.87535440922, "median": 2.16802501678, "max": 16.3078117371}, "melbands_kurtosis": {"dmean": 6.72929000854, "dvar2": 232.804092407, "mean": 18.6544132233, "var": 499.177062988, "dmean2": 9.98101520538, "dvar": 110.078155518, "min": -1.60370695591, "median": 11.5978240967, "max": 570.78918457}, "barkbands_kurtosis": {"dmean": 5.67918348312, "dvar2": 191.300186157, "mean": 15.77688694, "var": 459.992370605, "dmean2": 8.38672828674, "dvar": 91.2242202759, "min": -1.62984442711, "median": 9.50513839722, "max": 543.670837402}, "hfc": {"dmean": 1.03817284107, "dvar2": 5.17112445831, "mean": 6.4441113472, "var": 56.5458259583, "dmean2": 1.42004239559, "dvar": 2.87254905701, "min": 1.14099281992e-16, "median": 2.78592705727, "max": 50.7514686584}, "silence_rate_20dB": {"dmean": 0, "dvar2": 0, "mean": 1, "var": 0, "dmean2": 0, "dvar": 0, "min": 1, "median": 1, "max": 1}, "erbbands_flatness_db": {"dmean": 0.0131088541821, "dvar2": 0.000276837818092, "mean": 0.252481877804, "var": 0.00357476109639, "dmean2": 0.0182886254042, "dvar": 0.000146015823702, "min": 0.081612855196, "median": 0.246606037021, "max": 0.469347655773}, "spectral_flux": {"dmean": 0.012611954473, "dvar2": 0.000973794725724, "mean": 0.0369667522609, "var": 0.00063223822508, "dmean2": 0.0209087897092, "dvar": 0.000380061101168, "min": 1.03541029917e-10, "median": 0.0304048638791, "max": 0.276083230972}, "spectral_energyband_low": {"dmean": 0.00159193284344, "dvar2": 2.62493449554e-05, "mean": 0.00461249798536, "var": 4.17176015617e-05, "dmean2": 0.00249396055005, "dvar": 1.18182388178e-05, "min": 9.92970586511e-23, "median": 0.00164288724773, "max": 0.0616751015186}, "spectral_rolloff": {"dmean": 53.5254440308, "dvar2": 32467.6894531, "mean": 400.304412842, "var": 294404.65625, "dmean2": 90.9461517334, "dvar": 17256.140625, "min": 86.1328125, "median": 344.53125, "max": 18884.6191406}, "spectral_entropy": {"dmean": 0.145167082548, "dvar2": 0.0364157371223, "mean": 6.20636224747, "var": 0.320265620947, "dmean2": 0.208480164409, "dvar": 0.0182853154838, "min": 4.3014292717, "median": 6.22229480743, "max": 9.79998207092}, "spectral_energy": {"dmean": 0.00371952191927, "dvar2": 5.41328226973e-05, "mean": 0.0209107864648, "var": 0.000380310666515, "dmean2": 0.00532743521035, "dvar": 2.685657455e-05, "min": 1.07207454148e-20, "median": 0.0137341404334, "max": 0.123109683394}, "spectral_centroid": {"dmean": 34.4537506104, "dvar2": 8531.65332031, "mean": 381.372283936, "var": 31563.7617188, "dmean2": 50.2271461487, "dvar": 4701.81982422, "min": 129.087188721, "median": 360.835266113, "max": 11197.9521484}, "barkbands_flatness_db": {"dmean": 0.0160652007908, "dvar2": 0.00048820063239, "mean": 0.278903186321, "var": 0.00326469866559, "dmean2": 0.0233990997076, "dvar": 0.000241483532591, "min": 0.059235420078, "median": 0.284192025661, "max": 0.462707042694}, "spectral_rms": {"dmean": 0.000394250499085, "dvar2": 3.98609216745e-07, "mean": 0.0040098647587, "var": 4.3217428356e-06, "dmean2": 0.000561678083614, "dvar": 2.07303941124e-07, "min": 3.23407858653e-12, "median": 0.00366048654541, "max": 0.0109593346715}, "melbands": {"dmean": [0.000274410209386, 0.000376512471121, 0.000124786485685, 0.000221120295464, 0.00040598292253, 0.000236885185586, 0.000141017822898, 4.23124693043e-05, 6.61154554109e-05, 3.17824560625e-05, 2.2808664653e-05, 2.25778203458e-05, 4.68588223157e-06, 2.63029369307e-06, 3.87367981602e-06, 3.62650303032e-06, 1.01297700894e-06, 7.27371684661e-07, 7.29299244995e-07, 4.48174859002e-07, 2.43774053388e-07, 2.37661836877e-07, 1.65919502138e-07, 6.9085871246e-08, 6.91980091005e-08, 7.66551124798e-08, 1.1220988938e-07, 9.95891085154e-08, 8.394397355e-08, 4.2500722941e-08, 3.41973951379e-08, 3.92535675076e-08, 2.64628940982e-08, 1.6078859133e-08, 1.29314514652e-08, 8.94484841751e-09, 4.16534629011e-09, 6.46099973522e-09, 4.32766267267e-09, 1.46416556657e-09], "dvar2": [6.22517518423e-07, 1.73341788923e-06, 3.1885201679e-07, 2.91869554303e-07, 1.40496672429e-06, 5.20152298122e-07, 5.27074689671e-07, 3.11057881675e-08, 7.42424290934e-08, 1.68451066429e-08, 1.13697522508e-08, 9.52957268652e-09, 4.00146082935e-10, 1.42986109064e-10, 3.43444744866e-10, 5.27942245476e-10, 9.81671254702e-12, 5.42279459184e-12, 6.37697403563e-12, 1.53802328946e-12, 4.39163896221e-13, 9.67410288162e-13, 2.32630971778e-12, 1.24111373847e-13, 2.35911333871e-13, 3.37634027724e-13, 4.06791001708e-13, 4.21960507984e-13, 8.72494513703e-13, 4.45157115109e-14, 2.26181191967e-14, 3.6494377263e-14, 1.95598271195e-14, 7.78536018612e-15, 9.71441504305e-15, 4.51678116838e-15, 6.52757152835e-16, 2.77074302629e-15, 2.02993288106e-15, 5.4553061015e-17], "mean": [0.000705086742528, 0.000968096894212, 0.000313161581289, 0.000978641910478, 0.0016826922074, 0.00103225593921, 0.000512376660481, 0.000116974799312, 0.000165571866091, 8.29188647913e-05, 4.85428099637e-05, 5.57607090741e-05, 9.50095545704e-06, 5.13272971148e-06, 8.13522092358e-06, 7.5194711826e-06, 1.85088424587e-06, 1.37805636768e-06, 1.3515284536e-06, 8.16404963189e-07, 4.93393827128e-07, 4.32947928175e-07, 2.60543288277e-07, 1.32814946596e-07, 1.23687655673e-07, 1.33095056754e-07, 1.81837421565e-07, 1.59393053423e-07, 1.31267000825e-07, 7.91702987613e-08, 7.09451271064e-08, 7.48980113485e-08, 5.49094032465e-08, 3.50597524346e-08, 2.8438105204e-08, 1.95011420345e-08, 9.54025036748e-09, 1.25326646838e-08, 8.53111359334e-09, 3.84161680245e-09], "var": [1.16837645692e-06, 2.16487023863e-06, 1.96804933239e-07, 3.20492085848e-06, 8.34891216073e-06, 4.46545254817e-06, 4.10840584664e-06, 1.43172627531e-07, 2.98019926959e-07, 9.23712022427e-08, 2.68844146945e-08, 3.38812569112e-08, 6.15391015923e-10, 2.59642640721e-10, 8.34523894433e-10, 1.29837685048e-09, 1.28802168584e-11, 5.69175782894e-12, 6.96827621646e-12, 1.26375711111e-12, 3.77689578831e-13, 6.78054563451e-13, 6.5916440058e-13, 1.20638064425e-13, 1.64339760333e-13, 1.25195047471e-13, 2.28943681504e-13, 2.84608870759e-13, 4.87318898342e-13, 3.33127487184e-14, 2.23680005318e-14, 2.91963515539e-14, 1.99733096409e-14, 8.6647972258e-15, 1.06296917408e-14, 5.42137339253e-15, 8.55850295537e-16, 2.34246283937e-15, 1.46542745573e-15, 9.09686187653e-17], "dmean2": [0.000430284795584, 0.000587291957345, 0.000196410212084, 0.000291072967229, 0.000586360925809, 0.000301740335999, 0.000183231648407, 5.8707275457e-05, 8.71772572282e-05, 4.14579262724e-05, 3.15165889333e-05, 2.94413530355e-05, 6.89111584506e-06, 4.02350315198e-06, 5.64152696825e-06, 5.19702871316e-06, 1.631426926e-06, 1.17271042654e-06, 1.16929265914e-06, 7.41377789382e-07, 4.01183825716e-07, 3.96583573092e-07, 2.78703851109e-07, 1.11242393075e-07, 1.13283569192e-07, 1.20650398117e-07, 1.74235523787e-07, 1.54167594246e-07, 1.32206892545e-07, 6.72554563153e-08, 5.49167360475e-08, 6.37495745082e-08, 4.25183515063e-08, 2.59035335404e-08, 2.1077621426e-08, 1.45581386946e-08, 6.74343780815e-09, 1.040345321e-08, 6.80858258661e-09, 2.3015827022e-09], "dvar": [2.81951969328e-07, 7.5304302527e-07, 1.25607172663e-07, 1.89230348724e-07, 7.30812587335e-07, 3.3689352108e-07, 3.64636946415e-07, 1.76107466388e-08, 4.76730619425e-08, 1.14596128142e-08, 6.78553169209e-09, 6.34073105132e-09, 1.8770787702e-10, 6.94196644613e-11, 1.99437605319e-10, 3.13038650557e-10, 4.37260644359e-12, 2.41484566718e-12, 2.89046412673e-12, 6.11393531288e-13, 1.70458265558e-13, 4.24946373662e-13, 8.35154536673e-13, 5.93770909177e-14, 9.75064010111e-14, 1.2693589669e-13, 1.63719745768e-13, 1.91302797713e-13, 4.06578660713e-13, 1.82438411573e-14, 9.18659577933e-15, 1.40090584329e-14, 7.59068829792e-15, 3.06183098081e-15, 3.63307254154e-15, 1.70842003247e-15, 2.54880048884e-16, 1.18747158238e-15, 8.19231896557e-16, 2.34714699112e-17], "min": [1.22391730002e-23, 1.05022006834e-23, 6.46567200656e-24, 3.16432027822e-24, 1.68769233385e-23, 9.37155080261e-24, 3.20203532367e-24, 6.18521893855e-24, 7.84057610055e-24, 3.90148002857e-24, 1.45143953678e-23, 7.77066961371e-24, 8.21040908128e-24, 9.46081593606e-24, 8.97078185263e-24, 5.4859627714e-24, 4.84687026448e-24, 1.55985221767e-23, 7.47855442051e-24, 4.40860912226e-24, 8.26722599911e-24, 9.95137303428e-24, 1.16499830453e-23, 1.5619158778e-23, 1.29210130907e-23, 5.58980092679e-24, 7.69003304084e-24, 1.16693969122e-23, 7.76514364307e-24, 6.34220935844e-24, 7.5422147067e-24, 6.52133166545e-24, 1.09290335977e-23, 9.60438625423e-24, 5.46898332928e-24, 1.06266198253e-23, 9.95816433781e-24, 5.4183518698e-24, 1.09994228674e-23, 1.08474961456e-23], "median": [0.000167189558852, 0.000322737614624, 0.000165689794812, 0.000224352916121, 0.000302478147205, 0.000133859895868, 4.09236636187e-05, 3.32245836034e-05, 2.58800337178e-05, 1.42597391459e-05, 6.82327663526e-06, 5.29490534973e-06, 2.71082603831e-06, 1.90063133232e-06, 1.64944935932e-06, 1.05062099465e-06, 8.49613854825e-07, 7.65022150517e-07, 6.89348325977e-07, 4.63205992673e-07, 3.05110745558e-07, 2.54570693414e-07, 1.2610475153e-07, 6.82822474118e-08, 5.00866299546e-08, 4.7243560175e-08, 5.23194501056e-08, 4.05326048281e-08, 2.58580516999e-08, 2.25296403755e-08, 2.05903809558e-08, 1.64195075314e-08, 9.84112613622e-09, 5.69165337083e-09, 3.00442004608e-09, 1.89750926083e-09, 1.41924383357e-09, 1.41555067668e-09, 1.30894584061e-09, 1.06858011328e-09], "max": [0.00818949285895, 0.0166563279927, 0.0075092301704, 0.0193530004472, 0.0195490587503, 0.0171860102564, 0.0204485394061, 0.00635239575058, 0.0112352594733, 0.00594513118267, 0.00527398800477, 0.00672964705154, 0.000579738582019, 0.000423328223405, 0.00064072542591, 0.00120351044461, 8.34706661408e-05, 8.97369391168e-05, 7.61195915402e-05, 2.84840443783e-05, 1.46403081089e-05, 5.47997187823e-05, 0.000106536070234, 2.58723794104e-05, 2.65200342255e-05, 4.07382431149e-05, 3.04910208797e-05, 3.69240224245e-05, 8.36305771372e-05, 6.03412308919e-06, 3.37158917318e-06, 4.33947479905e-06, 4.18297622673e-06, 2.68678104476e-06, 3.04485229208e-06, 1.69907605141e-06, 9.39991878113e-07, 2.50073844654e-06, 2.46574700213e-06, 2.66468873633e-07]}, "barkbands_crest": {"dmean": 1.93111562729, "dvar2": 7.79415512085, "mean": 14.9323787689, "var": 24.1185588837, "dmean2": 2.90732645988, "dvar": 3.33750391006, "min": 3.47997188568, "median": 14.6040554047, "max": 26.7293167114}, "mfcc": {"icov": [[0.000728027487639, -0.000236671156017, 0.000457151152659, -0.000622955267318, 0.00151122454554, -0.00125876953825, 0.00094136671396, -0.00121624895837, 0.00116781890392, -0.000693070876878, 0.000492689781822, -0.000373190443497, -8.76943522599e-05], [-0.000236671156017, 0.00206481083296, 0.000283845583908, 0.000709844811354, -0.00123307120521, 0.00147300946992, -0.00199387059547, 0.00245344592258, -0.00232084211893, 0.0011561694555, -0.00086884375196, 0.000738266971894, -0.000370529160136], [0.000457151152659, 0.000283845583908, 0.0048138750717, -0.000572846853174, 0.000686177925672, -0.00207054032944, 0.0023183808662, -0.0030503293965, 0.0021135895513, -0.0025839637965, 0.000654760631733, -0.000396246818127, 0.0003438112617], [-0.000622955267318, 0.000709844811354, -0.000572846853174, 0.0044807526283, -0.00235583889298, 0.00149037898518, -0.00342990620993, 0.00311915343627, -0.00313558406197, 0.00240461039357, -0.00243966164999, 0.00206078169867, -0.000361740036169], [0.00151122454554, -0.00123307120521, 0.000686177925672, -0.00235583889298, 0.00776448845863, -0.00491154147312, 0.00366130005568, -0.00427239248529, 0.00161868962459, -0.00257760030217, 0.00206472398713, -0.00330772227608, 0.000914369593374], [-0.00125876953825, 0.00147300946992, -0.00207054032944, 0.00149037898518, -0.00491154147312, 0.0131005132571, -0.00664864899591, 0.00387622206472, -0.00356600806117, 0.00353187741712, -0.00382010545582, 0.00359275657684, -0.00286186113954], [0.00094136671396, -0.00199387059547, 0.0023183808662, -0.00342990620993, 0.00366130005568, -0.00664864899591, 0.0145206460729, -0.0068970141001, 0.00473575014621, -0.00580300576985, 0.00438417028636, -0.00398953445256, 0.001095112646], [-0.00121624895837, 0.00245344592258, -0.0030503293965, 0.00311915343627, -0.00427239248529, 0.00387622206472, -0.0068970141001, 0.0141819724813, -0.00887615047395, 0.00603596866131, -0.00625185761601, 0.00336010172032, -0.00121501495596], [0.00116781890392, -0.00232084211893, 0.0021135895513, -0.00313558406197, 0.00161868962459, -0.00356600806117, 0.00473575014621, -0.00887615047395, 0.0187386889011, -0.011280560866, 0.00690872501582, -0.0032039124053, 0.00101524067577], [-0.000693070876878, 0.0011561694555, -0.0025839637965, 0.00240461039357, -0.00257760030217, 0.00353187741712, -0.00580300576985, 0.00603596866131, -0.011280560866, 0.0214747451246, -0.0114296805114, 0.00577949918807, -0.00372906308621], [0.000492689781822, -0.00086884375196, 0.000654760631733, -0.00243966164999, 0.00206472398713, -0.00382010545582, 0.00438417028636, -0.00625185761601, 0.00690872501582, -0.0114296805114, 0.0221200697124, -0.0124937640503, 0.00590242445469], [-0.000373190443497, 0.000738266971894, -0.000396246818127, 0.00206078169867, -0.00330772227608, 0.00359275657684, -0.00398953445256, 0.00336010172032, -0.0032039124053, 0.00577949918807, -0.0124937640503, 0.0212692413479, -0.0112988930196], [-8.76943522599e-05, -0.000370529160136, 0.0003438112617, -0.000361740036169, 0.000914369593374, -0.00286186113954, 0.001095112646, -0.00121501495596, 0.00101524067577, -0.00372906308621, 0.00590242445469, -0.0112988930196, 0.0191581510007]], "mean": [-796.286010742, 204.429367065, 21.8775081635, 25.6645889282, -2.2339758873, 5.38925170898, -8.63617038727, -7.89243030548, 1.86836659908, -3.18178629875, -4.78120183945, -3.93091058731, -0.248837471008], "cov": [[2786.69628906, -144.240020752, -133.321762085, 44.0252075195, -524.485595703, 48.5044517517, -6.90405130386, -19.7224559784, -168.001724243, -75.9862594604, -26.5448379517, -52.6028175354, 15.8788719177], [-144.240020752, 793.409484863, -174.275924683, 22.4965190887, 60.8803787231, -41.2242393494, 56.0114364624, -109.679130554, 68.4922790527, 10.0857181549, -29.2585144043, 3.6963634491, 8.54349327087], [-133.321762085, -174.275924683, 317.878509521, -5.74388837814, 59.2990646362, 46.9743804932, -15.0847845078, 91.782913208, 10.8673200607, 37.3222351074, 38.0215988159, 8.56009674072, 1.09928023815], [44.0252075195, 22.4965190887, -5.74388837814, 337.135681152, 81.5790405273, 38.7521591187, 62.9641494751, -2.78568053246, 42.5945930481, 14.3804101944, 15.6431875229, -3.186668396, -0.932124137878], [-524.485595703, 60.8803787231, 59.2990646362, 81.5790405273, 340.899841309, 74.4800109863, 27.2936458588, 72.6739120483, 80.3841934204, 46.4333610535, 38.4700508118, 47.734336853, 18.2356719971], [48.5044517517, -41.2242393494, 46.9743804932, 38.7521591187, 74.4800109863, 139.725753784, 50.4753990173, 35.6105766296, 20.6771068573, 17.0766277313, 21.8479595184, 12.5866575241, 18.9244880676], [-6.90405130386, 56.0114364624, -15.0847845078, 62.9641494751, 27.2936458588, 50.4753990173, 130.200424194, 37.442440033, 24.1119499207, 24.1490192413, 11.5131349564, 16.7479572296, 13.4339294434], [-19.7224559784, -109.679130554, 91.782913208, -2.78568053246, 72.6739120483, 35.6105766296, 37.442440033, 175.415786743, 55.2132415771, 26.7543487549, 39.5675582886, 18.5567436218, 7.95997095108], [-168.001724243, 68.4922790527, 10.8673200607, 42.5945930481, 80.3841934204, 20.6771068573, 24.1119499207, 55.2132415771, 125.969436646, 55.141658783, 10.3595151901, 10.8426856995, 9.80119228363], [-75.9862594604, 10.0857181549, 37.3222351074, 14.3804101944, 46.4333610535, 17.0766277313, 24.1490192413, 26.7543487549, 55.141658783, 97.9480209351, 42.9354171753, 15.6862974167, 12.2666015625], [-26.5448379517, -29.2585144043, 38.0215988159, 15.6431875229, 38.4700508118, 21.8479595184, 11.5131349564, 39.5675582886, 10.3595151901, 42.9354171753, 99.8703384399, 51.6612014771, 9.71196365356], [-52.6028175354, 3.6963634491, 8.56009674072, -3.186668396, 47.734336853, 12.5866575241, 16.7479572296, 18.5567436218, 10.8426856995, 15.6862974167, 51.6612014771, 105.17150116, 48.0277862549], [15.8788719177, 8.54349327087, 1.09928023815, -0.932124137878, 18.2356719971, 18.9244880676, 13.4339294434, 7.95997095108, 9.80119228363, 12.2666015625, 9.71196365356, 48.0277862549, 81.2926559448]]}, "spectral_decrease": {"dmean": 9.62660617887e-10, "dvar2": 3.62770604188e-18, "mean": -5.38557287655e-09, "var": 2.49739343061e-17, "dmean2": 1.38023825702e-09, "dvar": 1.79412993321e-18, "min": -3.14025072612e-08, "median": -3.56839180427e-09, "max": -8.47998148982e-29}, "zerocrossingrate": {"dmean": 0.0021409499459, "dvar2": 1.67405360116e-05, "mean": 0.0172015633434, "var": 0.000294149882393, "dmean2": 0.00281895441003, "dvar": 1.09649081423e-05, "min": 0.0029296875, "median": 0.015625, "max": 0.64208984375}, "spectral_contrast_coeffs": {"dmean": [0.040631018579, 0.0404105372727, 0.0332426764071, 0.0236684326082, 0.0176743734628, 0.0146397510543], "dvar2": [0.00292210117914, 0.00256457179785, 0.00168534717523, 0.000929237343371, 0.000548600335605, 0.000349276902853], "mean": [-0.621353328228, -0.693315982819, -0.749223053455, -0.824534773827, -0.839305400848, -0.780511975288], "var": [0.0102765113115, 0.0135866776109, 0.0055789873004, 0.00186225224752, 0.000686614657752, 0.00123924843501], "dmean2": [0.0668546557426, 0.0643869116902, 0.0522822737694, 0.0394993834198, 0.0297190304846, 0.0233665630221], "dvar": [0.00109845551196, 0.0010409350507, 0.000690428772941, 0.000340913102264, 0.000198232897674, 0.000148603445268], "min": [-0.969879508018, -0.968054711819, -0.964060544968, -0.963006317616, -0.9567283988, -0.960977196693], "median": [-0.636429846287, -0.724662065506, -0.764216721058, -0.833104968071, -0.842293381691, -0.785911381245], "max": [-0.261082530022, -0.298222661018, -0.431105852127, -0.580921471119, -0.649137735367, -0.588536918163]}, "spectral_skewness": {"dmean": 0.506628155708, "dvar2": 0.579914033413, "mean": 3.40750646591, "var": 1.10054266453, "dmean2": 0.862699508667, "dvar": 0.201500609517, "min": -0.0238060932606, "median": 3.32023906708, "max": 8.3594827652}, "spectral_energyband_middle_high": {"dmean": 0.000249723467277, "dvar2": 6.15944827587e-07, "mean": 0.000728167360649, "var": 2.12972895497e-06, "dmean2": 0.000334596872563, "dvar": 3.80384818754e-07, "min": 1.76157643407e-21, "median": 0.000187128433026, "max": 0.0391366407275}, "gfcc": {"icov": [[0.000406558130635, -0.000553584657609, 0.000240749723162, -0.000517181062605, 0.000792791892309, -0.000189713508007, -7.69852704252e-06, 2.97234091704e-05, 0.000314454839099, 2.22912040044e-05, -0.00032577116508, -0.000139557305374, -5.59101717954e-05], [-0.000553584657609, 0.00714093027636, -0.00122733018361, 0.00373423611745, -0.00559714855626, 0.00296454271302, -0.00320019060746, 0.00186525552999, -0.00367764616385, 0.00219639390707, -0.000844868132845, 0.00261816359125, -0.00139054574538], [0.000240749723162, -0.00122733018361, 0.00406532594934, -0.00149805867113, 0.000157382397447, -0.000951488793362, 0.0011500979308, -0.000725486839656, -0.000309287279379, 0.000463910779217, -0.000171145162312, -2.07094381039e-05, -4.44360266556e-05], [-0.000517181062605, 0.00373423611745, -0.00149805867113, 0.00545888952911, -0.00369161716662, 0.000739988056011, -0.002428061096, 0.000956800649874, -0.00167480611708, 0.00121352670249, 0.000407193612773, 0.00124015088659, 0.000684546073899], [0.000792791892309, -0.00559714855626, 0.000157382397447, -0.00369161716662, 0.00800718646497, -0.00221931072883, 0.0015251529403, -0.00181314419024, 0.00335703301243, -0.00367795280181, 0.00203700945713, -0.00196650484577, 0.000496585271321], [-0.000189713508007, 0.00296454271302, -0.000951488793362, 0.000739988056011, -0.00221931072883, 0.00696431659162, -0.00223854044452, -0.00015479902504, -0.00375102669932, 0.00273497472517, -0.00108463747893, -0.00131469068583, 0.0020564137958], [-7.69852704252e-06, -0.00320019060746, 0.0011500979308, -0.002428061096, 0.0015251529403, -0.00223854044452, 0.010748591274, -0.00466724392027, 0.00251378747635, -0.000900257029571, -0.00326697528362, 0.00313006038778, -0.00433317385614], [2.97234091704e-05, 0.00186525552999, -0.000725486839656, 0.000956800649874, -0.00181314419024, -0.00015479902504, -0.00466724392027, 0.0128737734631, -0.00677516544238, 0.00100726005621, 0.00299020600505, -0.00379960448481, 0.00461039924994], [0.000314454839099, -0.00367764616385, -0.000309287279379, -0.00167480611708, 0.00335703301243, -0.00375102669932, 0.00251378747635, -0.00677516544238, 0.017098294571, -0.00732139870524, -0.000452268781373, 3.3203381463e-05, -0.00235674646683], [2.22912040044e-05, 0.00219639390707, 0.000463910779217, 0.00121352670249, -0.00367795280181, 0.00273497472517, -0.000900257029571, 0.00100726005621, -0.00732139870524, 0.0178526397794, -0.00797429587692, 0.00285715493374, 0.00096467154799], [-0.00032577116508, -0.000844868132845, -0.000171145162312, 0.000407193612773, 0.00203700945713, -0.00108463747893, -0.00326697528362, 0.00299020600505, -0.000452268781373, -0.00797429587692, 0.0158076807857, -0.00815550144762, 0.000982327270322], [-0.000139557305374, 0.00261816359125, -2.07094381039e-05, 0.00124015088659, -0.00196650484577, -0.00131469068583, 0.00313006038778, -0.00379960448481, 3.3203381463e-05, 0.00285715493374, -0.00815550144762, 0.0224038846791, -0.00764608709142], [-5.59101717954e-05, -0.00139054574538, -4.44360266556e-05, 0.000684546073899, 0.000496585271321, 0.0020564137958, -0.00433317385614, 0.00461039924994, -0.00235674646683, 0.00096467154799, 0.000982327270322, -0.00764608709142, 0.0152564719319]], "mean": [-138.419769287, 169.510314941, -82.2894134521, 9.36876487732, -52.6662216187, -7.76361942291, -29.6025466919, -7.64301681519, -15.4907426834, 1.93387401104, -15.4560747147, -0.262168556452, -0.520963668823], "cov": [[3760.48852539, 7.67643976212, -277.32409668, -6.71965885162, -472.370666504, -75.7880706787, 123.881011963, -153.93397522, -65.5903701782, -26.4546070099, 186.92628479, 47.3216705322, 124.488983154], [7.67643976212, 561.934448242, 41.9969291687, -139.112701416, 250.174453735, -134.512191772, 102.248573303, -30.3716659546, 32.6865463257, 40.276184082, 19.7966499329, -29.7939395905, 92.1125717163], [-277.32409668, 41.9969291687, 351.338867188, 133.228134155, 136.175460815, 81.2869491577, 0.0876893103123, 63.6638031006, 43.2063446045, -3.55205869675, -29.4492607117, -7.29589796066, -31.6073379517], [-6.71965885162, -139.112701416, 133.228134155, 410.905059814, 126.161598206, 108.829368591, 32.1255950928, 65.4617080688, 18.3044242859, -12.0660791397, -41.9305992126, -17.4664840698, -62.6495170593], [-472.370666504, 250.174453735, 136.175460815, 126.161598206, 427.759216309, 33.9803352356, 44.422454834, 62.9599533081, 31.9357833862, 36.8409080505, -43.8698043823, -20.5005702972, -13.9514532089], [-75.7880706787, -134.512191772, 81.2869491577, 108.829368591, 33.9803352356, 276.966247559, 27.2191352844, 91.9349136353, 62.1678581238, -4.04432010651, 8.42610740662, 25.5343704224, -53.5599517822], [123.881011963, 102.248573303, 0.0876893103123, 32.1255950928, 44.422454834, 27.2191352844, 172.159866333, 40.2893257141, 28.0762519836, 24.6573848724, 42.8549423218, 1.6554800272, 40.7878112793], [-153.93397522, -30.3716659546, 63.6638031006, 65.4617080688, 62.9599533081, 91.9349136353, 40.2893257141, 162.67300415, 69.4104537964, 12.5241622925, -13.4599819183, 10.9957561493, -41.9331893921], [-65.5903701782, 32.6865463257, 43.2063446045, 18.3044242859, 31.9357833862, 62.1678581238, 28.0762519836, 69.4104537964, 121.467384338, 48.3940467834, 27.7231884003, 12.8292016983, -0.0284598264843], [-26.4546070099, 40.276184082, -3.55205869675, -12.0660791397, 36.8409080505, -4.04432010651, 24.6573848724, 12.5241622925, 48.3940467834, 104.470962524, 57.024848938, 7.42146396637, 7.5872502327], [186.92628479, 19.7966499329, -29.4492607117, -41.9305992126, -43.8698043823, 8.42610740662, 42.8549423218, -13.4599819183, 27.7231884003, 57.024848938, 136.529830933, 43.717502594, 34.612361908], [47.3216705322, -29.7939395905, -7.29589796066, -17.4664840698, -20.5005702972, 25.5343704224, 1.6554800272, 10.9957561493, 12.8292016983, 7.42146396637, 43.717502594, 75.6136932373, 29.1861667633], [124.488983154, 92.1125717163, -31.6073379517, -62.6495170593, -13.9514532089, -53.5599517822, 40.7878112793, -41.9331893921, -0.0284598264843, 7.5872502327, 34.612361908, 29.1861667633, 120.961181641]]}, "erbbands_spread": {"dmean": 2.98256826401, "dvar2": 27.1703891754, "mean": 15.6650562286, "var": 107.501220703, "dmean2": 4.33689928055, "dvar": 13.1390752792, "min": 0.962442815304, "median": 13.024515152, "max": 91.7875518799}, "erbbands_kurtosis": {"dmean": 2.3553109169, "dvar2": 29.1293792725, "mean": 5.57754039764, "var": 56.6257705688, "dmean2": 3.43596124649, "dvar": 15.1057052612, "min": -1.88473439217, "median": 3.23831319809, "max": 130.79838562}, "dynamic_complexity": 5.26551485062, "erbbands_crest": {"dmean": 2.30618977547, "dvar2": 10.1505699158, "mean": 14.4749469757, "var": 37.1252441406, "dmean2": 3.44798898697, "dvar": 4.53237867355, "min": 2.57994532585, "median": 13.7308740616, "max": 31.459985733}, "erbbands": {"dmean": [0.0279524661601, 0.259696602821, 0.844037055969, 0.729829728603, 1.20828151703, 5.42821598053, 12.844329834, 9.92878818512, 10.1695423126, 3.77701711655, 7.80162096024, 5.74881649017, 4.70210886002, 5.40714931488, 1.21622824669, 1.19235050678, 2.05950903893, 0.611468613148, 0.459834814072, 0.347837746143, 0.209795668721, 0.201704233885, 0.10185547173, 0.0785643234849, 0.116739526391, 0.146549612284, 0.108279064298, 0.0558835677803, 0.0576526708901, 0.0315518528223, 0.0197457503527, 0.0077009992674, 0.00863188970834, 0.00213830475695, 0.000784099509474, 0.000277095445199, 0.000144012956298, 2.8330285204e-05, 2.24837663154e-06, 4.08796722695e-06], "dvar2": [0.005871840287, 0.617846548557, 10.8228855133, 13.9814863205, 8.77673530579, 184.475997925, 1606.0489502, 945.469238281, 2946.48999023, 231.066223145, 965.926940918, 489.679382324, 424.886383057, 566.872192383, 29.2803554535, 46.2845420837, 174.045379639, 3.4209485054, 2.3878030777, 0.908328592777, 0.295013874769, 1.03213441372, 0.613880336285, 0.26145491004, 0.860923230648, 0.682948708534, 0.82425236702, 0.057200089097, 0.0763508230448, 0.0269139464945, 0.0219110157341, 0.00212370604277, 0.00580189470202, 0.000186073608347, 1.87680634554e-05, 1.37381346121e-06, 1.49826894358e-06, 3.55855966916e-08, 2.58191884539e-10, 6.52816273261e-11], "mean": [0.0690386220813, 0.657797217369, 1.9266064167, 1.60522294044, 4.80331325531, 23.2139034271, 51.7122497559, 42.6725997925, 37.7539291382, 11.8101053238, 19.5747337341, 15.6167430878, 10.7460842133, 13.465921402, 2.54283308983, 2.56153821945, 4.39505815506, 1.2776709795, 0.931780457497, 0.733564078808, 0.472203373909, 0.389619827271, 0.200839862227, 0.156567916274, 0.210945770144, 0.249269455671, 0.187510058284, 0.124961026013, 0.122025072575, 0.0755515471101, 0.0478632561862, 0.0200957451016, 0.017446346581, 0.00578141398728, 0.00234360154718, 0.000969700049609, 0.000483109644847, 9.01259991224e-05, 1.19727928904e-05, 2.31889189308e-05], "var": [0.0113400397822, 1.08733558655, 10.4944429398, 6.55174064636, 68.7909393311, 1491.8861084, 9796.78613281, 8128.75146484, 21987.25, 1591.80834961, 3866.33105469, 2769.95288086, 1012.95526123, 2003.91687012, 38.1788825989, 109.983039856, 431.635345459, 6.22891044617, 2.85537958145, 0.873437345028, 0.289275079966, 0.542934060097, 0.242096409202, 0.201023638248, 0.3212274611, 0.498201876879, 0.501749575138, 0.0620010122657, 0.0720250532031, 0.0371955409646, 0.0283789969981, 0.00366351567209, 0.00487671932206, 0.000271466880804, 2.83578210656e-05, 2.71577869171e-06, 2.4115515771e-06, 2.56365453311e-08, 1.46888542996e-10, 4.70105065986e-10], "dmean2": [0.0434150137007, 0.416018217802, 1.29363751411, 1.17956805229, 1.69367241859, 7.44433927536, 18.5668411255, 12.6174964905, 13.2367839813, 5.12736606598, 10.3840560913, 7.39830112457, 6.4295630455, 7.04205703735, 1.80194818974, 1.78048169613, 2.9344022274, 0.946788311005, 0.733295440674, 0.564519107342, 0.341589003801, 0.33519589901, 0.163339391351, 0.12622217834, 0.18074862659, 0.222128376365, 0.168163359165, 0.0874895751476, 0.09230812639, 0.0498356744647, 0.031780809164, 0.0122796455398, 0.0138603476807, 0.00327107310295, 0.00124329235405, 0.000443146534963, 0.000234087114222, 4.6168188419e-05, 3.43349347531e-06, 5.84801773584e-06], "dvar": [0.00268665701151, 0.274037688971, 4.57969999313, 5.35674858093, 5.02006244659, 105.38444519, 854.908935547, 599.939086914, 2027.57055664, 142.173202515, 619.648803711, 337.552337646, 253.400192261, 376.25958252, 12.8209295273, 24.9806270599, 104.370040894, 1.71021652222, 1.10849392414, 0.375634014606, 0.118826240301, 0.416408121586, 0.232054010034, 0.111038923264, 0.323335498571, 0.304149001837, 0.382210493088, 0.0239561460912, 0.0299523789436, 0.0106894951314, 0.00831122789532, 0.000835064682178, 0.00248652207665, 8.37943443912e-05, 7.3655305641