{"tonal": {"chords_key": "F", "hpcp_entropy": {"dmean": 0.458129882812, "dmean2": 0.765338122845, "max": 3.25973534584, "dvar": 0.168938681483, "mean": 1.55956888199, "dvar2": 0.435619175434, "min": 0, "var": 0.328403264284, "median": 1.6138573885}, "key_key": "F", "chords_strength": {"dmean": 0.00471605500206, "dmean2": 0.00393828330562, "max": 0.734783113003, "dvar": 1.84180753422e-05, "mean": 0.585221350193, "dvar2": 1.34308902489e-05, "min": 0.236116170883, "var": 0.00600031018257, "median": 0.600846111774}, "key_scale": "major", "chords_number_rate": 0.000739508250263, "thpcp": [1, 0.369372069836, 0.0275486782193, 0.0291007123888, 0.0424292907119, 0.0860623493791, 0.0833471342921, 0.131808385253, 0.606022536755, 0.733500778675, 0.23817384243, 0.0122378394008, 0.0103433178738, 0.0621184036136, 0.208068609238, 0.184441030025, 0.0369771011174, 0.00229581492022, 0.00421723583713, 0.0869241729379, 0.349364638329, 0.39385586977, 0.314709603786, 0.607870638371, 0.591211736202, 0.177616819739, 0.0123179033399, 0.00662241177633, 0.0387882478535, 0.182593181729, 0.211372897029, 0.0671285688877, 0.00285724550486, 0.00648163259029, 0.128680482507, 0.766400873661], "key_strength": 0.697510242462, "tuning_nontempered_energy_ratio": 0.9663413167, "tuning_frequency": 435.952270508, "chords_changes_rate": 0.0175633206964, "tuning_diatonic_strength": 0.519695699215, "chords_scale": "major", "chords_histogram": [58.8463668823, 26.0676651001, 0.979848384857, 1.36809027195, 0, 0.57311886549, 0.0739508196712, 0, 0, 0, 0.129413932562, 0, 0, 0, 0, 0.0184877049178, 0, 0.647069692612, 0, 0, 0, 0.295803278685, 0, 11.0001850128], "tuning_equal_tempered_deviation": 0.238842770457, "hpcp": {"dmean": [0.151474118233, 0.161724343896, 0.0946443676949, 0.0142651433125, 0.0126545382664, 0.0123572871089, 0.0229990743101, 0.026855815202, 0.0432691983879, 0.144620031118, 0.173648387194, 0.0734000280499, 0.00598844746128, 0.00489437067881, 0.0185514967889, 0.0399685204029, 0.0398529544473, 0.0129374796525, 0.00109927821904, 0.00241299089976, 0.0293680112809, 0.0943724811077, 0.117002725601, 0.083386644721, 0.11362849921, 0.131686538458, 0.0556818656623, 0.00556982308626, 0.00302114104852, 0.0143410442397, 0.0546855852008, 0.0645757466555, 0.0240469593555, 0.00158783968072, 0.00487244129181, 0.0475931353867], "dmean2": [0.242235630751, 0.261953532696, 0.152555167675, 0.0244243852794, 0.0199244394898, 0.01959554106, 0.037195943296, 0.0425321273506, 0.0699529647827, 0.230678513646, 0.276366949081, 0.115652993321, 0.0104757687077, 0.00845409464091, 0.0291954446584, 0.0632005110383, 0.0623203143477, 0.0205606333911, 0.00191087613348, 0.00426338985562, 0.0485170520842, 0.149904459715, 0.187105372548, 0.131663501263, 0.182115390897, 0.208460971713, 0.0865435823798, 0.009377441369, 0.00509788515046, 0.0228603407741, 0.0869168937206, 0.101348489523, 0.0383351966739, 0.00279740989208, 0.00911584496498, 0.0791380256414], "max": [1, 1, 1, 1, 1, 1, 1, 1, 1, 1, 1, 0.663802862167, 1, 0.64388936758, 0.668478488922, 1, 1, 0.648121416569, 0.110898777843, 0.301890164614, 1, 1, 1, 1, 1, 1, 0.770741283894, 1, 0.607462644577, 0.926584422588, 1, 1, 0.704003989697, 0.223511219025, 0.36814853549, 1], "dvar": [0.0248782001436, 0.0370590575039, 0.0108150234446, 0.00185253215022, 0.00264137214981, 0.00177866360173, 0.00538069149479, 0.00533395353705, 0.00445032212883, 0.0257492512465, 0.0376145243645, 0.00652712257579, 0.000461141607957, 0.000216954023927, 0.00254739890806, 0.0107567701489, 0.0104760369286, 0.0014355245512, 1.77568563231e-05, 0.000143272729474, 0.00455106794834, 0.0210424289107, 0.0258843377233, 0.0105538470671, 0.0252633597702, 0.0250876042992, 0.00564073724672, 0.00106623000465, 0.000335307064233, 0.00183331628796, 0.0105058178306, 0.0133368745446, 0.00197642087005, 5.4369080317e-05, 0.00045379193034, 0.00646070670336], "mean": [0.423798292875, 0.552972078323, 0.204252436757, 0.0152336498722, 0.0160918813199, 0.0234622135758, 0.0475900769234, 0.0460886396468, 0.0728863552213, 0.335113555193, 0.405605465174, 0.131703481078, 0.00676718354225, 0.00571956578642, 0.0343497432768, 0.11505613476, 0.101990737021, 0.0204473044723, 0.00126952154096, 0.00233201356605, 0.0480666421354, 0.193188890815, 0.217791303992, 0.17402562499, 0.336135476828, 0.326923578978, 0.0982171446085, 0.0068114567548, 0.00366200879216, 0.0214488171041, 0.100968927145, 0.116883307695, 0.0371202230453, 0.00157997698989, 0.00358416186646, 0.0711567103863], "dvar2": [0.0603968314826, 0.0816464051604, 0.0298656374216, 0.00468154810369, 0.00625862227753, 0.00402832450345, 0.0134275564924, 0.012764503248, 0.0111580817029, 0.0602253377438, 0.0848415121436, 0.0156052540988, 0.00136263924651, 0.000633909134194, 0.00621892232448, 0.0236751306802, 0.0235702153295, 0.00359837641008, 5.18961569469e-05, 0.000387554551708, 0.011483724229, 0.04896299541, 0.0568578504026, 0.0248803086579, 0.0603980347514, 0.0562826097012, 0.0128194186836, 0.00216236850247, 0.000743062584661, 0.0043643717654, 0.0233064796776, 0.0298062618822, 0.00473885983229, 0.000146244696225, 0.00135146162938, 0.0165745671839], "min": [0, 0, 0, 0, 0, 0, 0, 0, 0, 0, 0, 0, 0, 0, 0, 0, 0, 0, 0, 0, 0, 0, 0, 0, 0, 0, 0, 0, 0, 0, 0, 0, 0, 0, 0, 0], "var": [0.0957188978791, 0.137725502253, 0.0279573034495, 0.00292573496699, 0.00470708869398, 0.00847066380084, 0.0235128123313, 0.0173369981349, 0.0153136756271, 0.0891743153334, 0.116583064198, 0.0162335000932, 0.00027723662788, 0.000145685698953, 0.00818045064807, 0.0672478452325, 0.0551948584616, 0.00348903937265, 1.38284976856e-05, 0.000150321051478, 0.0140717942268, 0.0751706957817, 0.0770892873406, 0.0402800403535, 0.124802492559, 0.0962496325374, 0.0164161715657, 0.00223110802472, 0.000627083005384, 0.00450870161876, 0.0356008112431, 0.0412451848388, 0.00454680016264, 5.64611073059e-05, 0.000304191547912, 0.0168643929064], "median": [0.401486724615, 0.534478127956, 0.163651868701, 0.00161443685647, 0.000820771500003, 0.00177988619544, 0.0039904108271, 0.0044105630368, 0.0268915444613, 0.230560004711, 0.294183284044, 0.0839738324285, 0.00346242613159, 0.00293849851005, 0.00200049253181, 0.00405151769519, 0.00470919813961, 0.00183225562796, 0.000530658406205, 0.000323349318933, 0.00530934100971, 0.0656733810902, 0.0902685523033, 0.084396764636, 0.16733430326, 0.211833953857, 0.0446022897959, 0.000446157413535, 0.000215993291931, 0.00276608299464, 0.0280049387366, 0.0367741882801, 0.0122704366222, 0.00030232561403, 0.000347406923538, 0.0220496281981]}}, "lowlevel": {"melbands_flatness_db": {"dmean": 0.0159315019846, "dmean2": 0.0224722251296, "max": 0.558555185795, "dvar": 0.000178837246494, "mean": 0.407438904047, "dvar2": 0.00034874654375, "min": 0.00492156902328, "var": 0.00145453668665, "median": 0.406578361988}, "melbands_crest": {"dmean": 2.67084121704, "dmean2": 3.88699030876, "max": 35.6603240967, "dvar": 5.61957359314, "mean": 14.9359750748, "dvar2": 11.8179063797, "min": 1.91859543324, "var": 35.2374229431, "median": 13.4759168625}, "spectral_entropy": {"dmean": 0.110724784434, "dmean2": 0.155973821878, "max": 9.81216049194, "dvar": 0.00913096126169, "mean": 5.86336374283, "dvar2": 0.0173898264766, "min": 4.43571186066, "var": 0.0847081393003, "median": 5.88952493668}, "melbands": {"dmean": [2.11885790691e-07, 1.34549827635e-06, 4.75477145301e-06, 3.50489572156e-05, 3.83850747312e-05, 0.00010833574197, 0.000188538833754, 0.000168656988535, 0.000174945118488, 0.000287784700049, 7.7205375419e-05, 0.000120528624393, 7.29292223696e-05, 4.4296230044e-05, 3.20555664075e-05, 2.3125208827e-05, 1.22373567137e-05, 6.88883619659e-06, 2.33904370361e-06, 1.11180065687e-06, 2.76130890597e-07, 9.8311993213e-08, 1.37578112458e-07, 3.84983067647e-08, 2.63456882976e-08, 1.99641387866e-08, 6.38597619229e-09, 4.67191707543e-09, 3.05450398308e-09, 1.27042421028e-09, 7.16703030257e-10, 4.34335178934e-10, 3.72354536093e-10, 3.61628366141e-10, 3.49587331305e-10, 3.16235176934e-10, 3.01241753764e-10, 2.80044376577e-10, 2.79353817856e-10, 2.91386942353e-10], "dmean2": [3.64760637694e-07, 2.63604442807e-06, 4.88622936246e-06, 3.66122330888e-05, 6.20878709015e-05, 0.000173716660356, 0.000210192316445, 0.000195699001779, 0.000179923110409, 0.000364350737073, 0.000101089266536, 0.00017023368855, 0.000102569290902, 6.28069828963e-05, 4.70047780254e-05, 3.3413318306e-05, 1.59932787938e-05, 1.02390195025e-05, 3.61539332516e-06, 1.73504304257e-06, 4.44387808329e-07, 1.59226985375e-07, 2.2557547652e-07, 6.34559569335e-08, 4.41054268663e-08, 3.30814486915e-08, 1.03579465005e-08, 7.75593633762e-09, 5.13695308513e-09, 2.13034612173e-09, 1.1663108257e-09, 6.96407265188e-10, 5.96707183664e-10, 5.93653792791e-10, 5.75367642419e-10, 5.20031351314e-10, 4.94398466611e-10, 4.6267761844e-10, 4.60143895209e-10, 4.77797801324e-10], "max": [1.05337039713e-05, 2.63923993771e-05, 0.000225298950681, 0.0023738425225, 0.00142319966108, 0.00445129582658, 0.0108788562939, 0.0126478569582, 0.0384482555091, 0.04169844836, 0.0225910022855, 0.0353431813419, 0.00597014511004, 0.00327600631863, 0.00207971269265, 0.00202825013548, 0.00268829450943, 0.00067822879646, 0.000228962337133, 0.000112355264719, 1.88649719348e-05, 1.67076505022e-05, 2.81346965494e-05, 5.11381904289e-06, 4.3403674681e-06, 2.66623783318e-06, 4.00078704388e-07, 5.15162355441e-07, 6.21992455763e-07, 1.18735371757e-07, 8.85123156991e-08, 8.74124026495e-08, 6.26078175969e-08, 3.58522278532e-08, 3.31173417578e-08, 2.33206289835e-08, 2.20409734908e-08, 1.78225487701e-08, 1.12755715875e-08, 1.17314531423e-08], "dvar": [4.51686011185e-14, 4.56996853554e-12, 3.21357940258e-11, 2.95976509967e-09, 3.49567885749e-09, 3.25265610002e-08, 1.15043910398e-07, 1.03788572403e-07, 4.07748018461e-07, 1.04291757452e-06, 7.371016153e-08, 3.88399570284e-07, 2.57246242086e-08, 9.61924051524e-09, 6.09545836028e-09, 3.32097616074e-09, 2.86664292304e-09, 4.03476141386e-10, 5.90860901872e-11, 1.18041618147e-11, 4.68945140965e-13, 9.16378450444e-14, 3.27465647914e-13, 1.77034646301e-14, 7.26563686331e-15, 4.61553589266e-15, 1.8526712257e-16, 2.07813048513e-16, 1.95912884114e-16, 9.70331910335e-18, 3.97240006135e-18, 1.93645711095e-18, 1.28615438993e-18, 6.9916758852e-19, 4.76450811253e-19, 3.05128497353e-19, 2.71659916739e-19, 1.97620776642e-19, 1.77410466606e-19, 1.60769854504e-19], "mean": [9.84617827271e-07, 1.80640120107e-06, 2.95186637231e-05, 0.000190397928236, 0.000118202835438, 0.00024461542489, 0.000491244194563, 0.000487519719172, 0.000528795120772, 0.000869811628945, 0.000190985927475, 0.000251180259511, 0.000140130519867, 9.27591318032e-05, 6.51551963529e-05, 4.52990025224e-05, 2.77752460534e-05, 1.35650188895e-05, 4.38665711044e-06, 2.02137266569e-06, 5.21974129697e-07, 1.96061790803e-07, 2.29552199471e-07, 7.30350606659e-08, 4.71636987243e-08, 3.59363596658e-08, 1.33893465204e-08, 9.17424358704e-09, 6.07512884443e-09, 2.85834178548e-09, 1.66157576587e-09, 9.19060494375e-10, 7.77565067889e-10, 7.93300369839e-10, 8.00436716908e-10, 7.6344131017e-10, 7.14581949168e-10, 6.66258492821e-10, 6.90367152334e-10, 7.97451993328e-10], "dvar2": [1.30210512511e-13, 1.76201865598e-11, 3.83909536106e-11, 5.73261305092e-09, 1.09079447697e-08, 9.18649050163e-08, 1.61922471875e-07, 1.41373575957e-07, 3.26689132635e-07, 1.59540593359e-06, 9.63765600659e-08, 6.32993817362e-07, 4.63013805074e-08, 1.73132086445e-08, 1.23029009202e-08, 6.13510309222e-09, 3.86349663373e-09, 9.51407508332e-10, 1.41047812319e-10, 2.85525145194e-11, 1.1859300434e-12, 2.20942987755e-13, 7.98185790466e-13, 4.44369916569e-14, 1.90011919502e-14, 1.19334050427e-14, 4.39666956712e-16, 5.5025377836e-16, 5.47957048524e-16, 2.52772895609e-17, 1.01240711394e-17, 4.75695440257e-18, 3.22684521805e-18, 1.80336354359e-18, 1.25772429568e-18, 7.95433110451e-19, 7.15062380978e-19, 4.93761219932e-19, 4.70378064786e-19, 4.17096518098e-19], "min": [7.39949241401e-24, 3.3024947878e-24, 7.24152144001e-24, 6.70511890143e-24, 4.10324737673e-24, 2.6100573371e-24, 4.46620740682e-24, 4.94617838612e-24, 4.06515288919e-24, 5.73202071509e-24, 3.62789872791e-24, 3.87260535286e-24, 3.91796248833e-24, 1.91907099603e-24, 3.14453604115e-24, 4.6284149583e-24, 1.10282588889e-23, 7.10312526052e-24, 4.09597841792e-24, 4.79724539152e-24, 4.26300512068e-24, 5.50712080974e-24, 6.44835414311e-24, 5.71617526051e-24, 4.23573498804e-24, 6.61978229529e-24, 6.38557067582e-24, 7.10247839458e-24, 7.0603540111e-24, 7.65291871297e-24, 8.0408978611e-24, 9.92137186519e-24, 6.67210586141e-24, 8.45011235594e-24, 9.38102659981e-24, 9.84298827907e-24, 9.22771148288e-24, 9.02345251755e-24, 9.41535309323e-24, 7.37012391137e-24], "var": [1.07150962094e-13, 5.49677187447e-12, 8.72220629056e-10, 5.20328811149e-08, 1.66862808015e-08, 1.2954242834e-07, 6.47958245281e-07, 7.07958349722e-07, 3.28104124492e-06, 9.45539886743e-06, 5.14506496074e-07, 2.2551175789e-06, 9.22442779938e-08, 3.7441427736e-08, 2.18061497748e-08, 1.13358185061e-08, 1.58602482259e-08, 1.19685361621e-09, 1.606234451e-10, 2.89431013878e-11, 1.00713079369e-12, 2.75687269237e-13, 8.55486092122e-13, 4.47936331853e-14, 8.79291350018e-15, 1.0758884594e-14, 5.11846181098e-16, 4.56890312903e-16, 3.65486484639e-16, 1.83917306085e-17, 1.07098754861e-17, 4.56409682917e-18, 3.17330884803e-18, 2.0106163344e-18, 1.57496853331e-18, 1.16666494512e-18, 1.01697679051e-18, 8.46225205386e-19, 7.71096681347e-19, 8.1840526023e-19], "median": [1.00974557427e-06, 9.68165522863e-07, 2.11113856494e-05, 0.000118033771287, 7.77573732194e-05, 0.000117922609206, 0.00021836112137, 0.000219371242565, 8.11553109088e-05, 0.00011223686306, 5.23991839145e-05, 5.28020755155e-05, 4.52241874882e-05, 2.87324710371e-05, 1.17585350381e-05, 9.54020197241e-06, 2.05426886168e-06, 2.59923263002e-06, 1.02730314211e-06, 5.09867334131e-07, 2.3359373813e-07, 9.33908026468e-08, 7.40748333783e-08, 3.07716945258e-08, 2.38695356813e-08, 1.05226654057e-08, 6.08355099629e-09, 3.61893537359e-09, 2.40641195859e-09, 1.44882272846e-09, 6.91929680219e-10, 2.02851221931e-10, 1.68697236735e-10, 2.80577172607e-10, 3.53515883234e-10, 3.7090228111e-10, 3.62093299788e-10, 3.37774253012e-10, 3.81384146486e-10, 5.046835172e-10]}, "silence_rate_60dB": {"dmean": 0.0262573957443, "dmean2": 0.0525196492672, "max": 1, "dvar": 0.0255665332079, "mean": 0.165850058198, "dvar2": 0.0595530197024, "min": 0, "var": 0.138357236981, "median": 0}, "spectral_energyband_middle_high": {"dmean": 0.00147184298839, "dmean2": 0.00202653091401, "max": 0.235850289464, "dvar": 1.83701431524e-05, "mean": 0.00418150192127, "dvar2": 2.91949691018e-05, "min": 1.20227521347e-21, "var": 0.000110901477456, "median": 0.00206655426882}, "erbbands_skewness": {"dmean": 0.399472385645, "dmean2": 0.554698944092, "max": 5.36393451691, "dvar": 0.116692356765, "mean": 0.180275201797, "dvar2": 0.24451443553, "min": -3.8742377758, "var": 0.88566672802, "median": 0.120180733502}, "dynamic_complexity": 4.63030433655, "dissonance": {"dmean": 0.0461159385741, "dmean2": 0.0777244269848, "max": 0.499820291996, "dvar": 0.00161664676853, "mean": 0.372203528881, "dvar2": 0.00437908945605, "min": 0.102949723601, "var": 0.00356212398037, "median": 0.377342015505}, "spectral_skewness": {"dmean": 0.881868064404, "dmean2": 1.52083277702, "max": 11.0335187912, "dvar": 0.469293862581, "mean": 6.8541264534, "dvar2": 1.3801254034, "min": -0.045640680939, "var": 1.41732299328, "median": 6.83462667465}, "spectral_kurtosis": {"dmean": 16.5389499664, "dmean2": 28.0947551727, "max": 180.895645142, "dvar": 173.24520874, "mean": 82.2697677612, "dvar2": 486.609466553, "min": -1.22513830662, "var": 582.278381348, "median": 80.4799118042}, "gfcc": {"cov": [[5723.72021484, -552.416259766, -791.58581543, -307.716888428, -317.827209473, 42.3116607666, -92.7235031128, -29.7737140656, 135.125137329, 5.36707353592, -91.1933288574, -197.895507812, -261.529937744], [-552.416259766, 358.705444336, 134.801620483, -41.8751068115, 54.7405395508, -82.6294021606, -16.8538036346, -39.7577819824, -97.1386032104, -32.6838645935, 0.530020296574, 18.5487651825, 47.294719696], [-791.58581543, 134.801620483, 419.363891602, 86.223815918, 43.5305900574, -31.2032241821, -0.758318841457, 22.3280677795, -79.1172332764, -4.37047481537, -34.944694519, 28.6502914429, 44.6679916382], [-307.716888428, -41.8751068115, 86.223815918, 173.550933838, 38.9051017761, 2.2010345459, -2.43544983864, -6.72293567657, -18.6160182953, -19.432598114, -21.3869132996, 4.65771722794, 1.87992882729], [-317.827209473, 54.7405395508, 43.5305900574, 38.9051017761, 126.441566467, 16.1077213287, -16.7339916229, -33.4892959595, -50.441318512, 16.331659317, 3.63203525543, 13.4754056931, 9.51629543304], [42.3116607666, -82.6294021606, -31.2032241821, 2.2010345459, 16.1077213287, 115.232818604, 14.7449493408, -26.4932365417, 5.44604110718, 10.3306646347, 14.6148719788, -3.77655601501, -26.6191978455], [-92.7235031128, -16.8538036346, -0.758318841457, -2.43544983864, -16.7339916229, 14.7449493408, 78.7424240112, 37.9586105347, 0.851741075516, -15.5844945908, -14.7750797272, 0.48906943202, 8.08843517303], [-29.7737140656, -39.7577819824, 22.3280677795, -6.72293567657, -33.4892959595, -26.4932365417, 37.9586105347, 98.5670547485, 41.5885124207, -14.0023460388, -31.251039505, -17.6381664276, 11.1427726746], [135.125137329, -97.1386032104, -79.1172332764, -18.6160182953, -50.441318512, 5.44604110718, 0.851741075516, 41.5885124207, 123.618583679, 32.7260322571, -15.4798879623, -43.7451515198, -31.3626022339], [5.36707353592, -32.6838645935, -4.37047481537, -19.432598114, 16.331659317, 10.3306646347, -15.5844945908, -14.0023460388, 32.7260322571, 86.2563705444, 33.9472961426, -1.28402590752, -18.9186992645], [-91.1933288574, 0.530020296574, -34.944694519, -21.3869132996, 3.63203525543, 14.6148719788, -14.7750797272, -31.251039505, -15.4798879623, 33.9472961426, 90.514175415, 47.4452362061, -2.16901946068], [-197.895507812, 18.5487651825, 28.6502914429, 4.65771722794, 13.4754056931, -3.77655601501, 0.48906943202, -17.6381664276, -43.7451515198, -1.28402590752, 47.4452362061, 86.8143997192, 43.6585502625], [-261.529937744, 47.294719696, 44.6679916382, 1.87992882729, 9.51629543304, -26.6191978455, 8.08843517303, 11.1427726746, -31.3626022339, -18.9186992645, -2.16901946068, 43.6585502625, 80.1808929443]], "mean": [-180.689285278, 170.690353394, -122.562179565, -100.087722778, -50.4012680054, -23.4193153381, -40.0431556702, -9.55317687988, -30.5024032593, -1.09715509415, -12.6059894562, -3.93367815018, -9.44440460205], "icov": [[0.000556962681003, 0.000765910721384, 0.000960230536293, 0.000753361207899, 0.0014078252716, 0.000234464838286, 0.00124480109662, -0.000222241127631, 0.00211102003232, -0.000920936348848, 0.00204398389906, -0.000314770382829, 0.0014634776162], [0.000765910721384, 0.00891303271055, -0.00201631663367, 0.00567165575922, -0.00242908089422, 0.00713863829151, -0.00128654984292, 0.00623117620125, 0.00244192429818, 0.00452481629327, -0.00138590473216, 0.0043279803358, -0.000218065557419], [0.000960230536293, -0.00201631663367, 0.00705670192838, -0.00245163310319, 0.0052373772487, -0.00282734492794, 0.00498077366501, -0.00611138390377, 0.00826914701611, -0.00762043660507, 0.00843044556677, -0.00384004320949, 0.00298960367218], [0.000753361207899, 0.00567165575922, -0.00245163310319, 0.0113082118332, -0.00351356971078, 0.00460823439062, -0.000610380258877, 0.00512405345216, -1.98848392756e-05, 0.00545999966562, 0.00114633759949, 0.0007217390812, 0.0024274031166], [0.0014078252716, -0.00242908089422, 0.0052373772487, -0.00351356971078, 0.0190083272755, -0.00582620454952, 0.00771294673905, -0.00491809425876, 0.0134251201525, -0.0126712992787, 0.0111633408815, -0.00319499475881, 0.00320769217797], [0.000234464838286, 0.00713863829151, -0.00282734492794, 0.00460823439062, -0.00582620454952, 0.0179245080799, -0.00771471625194, 0.0107634263113, -0.00292223924771, 0.0064499033615, -0.00490534957498, 0.00386284478009, 0.00208855955862], [0.00124480109662, -0.00128654984292, 0.00498077366501, -0.000610380258877, 0.00771294673905, -0.00771471625194, 0.0236418899149, -0.013341313228, 0.0105909742415, -0.00610305462033, 0.0100412750617, -0.00500162830576, 0.00374881597236], [-0.000222241127631, 0.00623117620125, -0.00611138390377, 0.00512405345216, -0.00491809425876, 0.0107634263113, -0.013341313228, 0.0273832790554, -0.0121226068586, 0.0104220006615, -0.00501774437726, 0.00617749802768, -0.00520053505898], [0.00211102003232, 0.00244192429818, 0.00826914701611, -1.98848392756e-05, 0.0134251201525, -0.00292223924771, 0.0105909742415, -0.0121226068586, 0.0308953803033, -0.0167236607522, 0.0138958217576, 0.00114375038538, 0.00678367866203], [-0.000920936348848, 0.00452481629327, -0.00762043660507, 0.00545999966562, -0.0126712992787, 0.0064499033615, -0.00610305462033, 0.0104220006615, -0.0167236607522, 0.0293927080929, -0.0179233402014, 0.00657139439136, -0.00241226144135], [0.00204398389906, -0.00138590473216, 0.00843044556677, 0.00114633759949, 0.0111633408815, -0.00490534957498, 0.0100412750617, -0.00501774437726, 0.0138958217576, -0.0179233402014, 0.0375340022147, -0.0214111227542, 0.0133720077574], [-0.000314770382829, 0.0043279803358, -0.00384004320949, 0.0007217390812, -0.00319499475881, 0.00386284478009, -0.00500162830576, 0.00617749802768, 0.00114375038538, 0.00657139439136, -0.0214111227542, 0.0341366492212, -0.0173182860017], [0.0014634776162, -0.000218065557419, 0.00298960367218, 0.0024274031166, 0.00320769217797, 0.00208855955862, 0.00374881597236, -0.00520053505898, 0.00678367866203, -0.00241226144135, 0.0133720077574, -0.0173182860017, 0.0281845554709]]}, "spectral_complexity": {"dmean": 1.11224114895, "dmean2": 1.87184464931, "max": 18, "dvar": 0.993558704853, "mean": 9.6560049057, "dvar2": 2.45119833946, "min": 0, "var": 8.93046283722, "median": 10}, "spectral_flux": {"dmean": 0.0102867018431, "dmean2": 0.017459327355, "max": 0.211132749915, "dvar": 0.000143561002915, "mean": 0.0360202975571, "dvar2": 0.000423210556619, "min": 6.52974757598e-11, "var": 0.000419561372837, "median": 0.0329348295927}, "spectral_energyband_low": {"dmean": 6.17747855358e-06, "dmean2": 1.11371718958e-05, "max": 0.00018854541122, "dvar": 8.08125372176e-11, "mean": 2.00093618332e-05, "dvar2": 2.69220784554e-10, "min": 4.32331053921e-23, "var": 3.47954970392e-10, "median": 1.43904790093e-05}, "spectral_decrease": {"dmean": 9.36099087134e-10, "dmean2": 1.15863685313e-09, "max": 2.13383227632e-29, "dvar": 3.27462068869e-18, "mean": -4.0288372638e-09, "dvar2": 4.75795322316e-18, "min": -5.93734945653e-08, "var": 3.12020104029e-17, "median": -2.29363816828e-09}, "barkbands_spread": {"dmean": 0.886246442795, "dmean2": 1.28469538689, "max": 99.8893127441, "dvar": 2.01544761658, "mean": 4.54342508316, "dvar2": 5.27425956726, "min": 0.1714861691, "var": 5.39259576797, "median": 4.32396125793}, "spectral_rms": {"dmean": 0.000399811164243, "dmean2": 0.00050340272719, "max": 0.0154009265825, "dvar": 2.16659756802e-07, "mean": 0.00341279781424, "dvar2": 3.27142174683e-07, "min": 3.23927625175e-12, "var": 4.17040246248e-06, "median": 0.00299746962264}, "spectral_centroid": {"dmean": 50.6217651367, "dmean2": 71.1463394165, "max": 11494.3076172, "dvar": 17323.2441406, "mean": 649.006225586, "dvar2": 21929.0371094, "min": 152.113174438, "var": 80168.46875, "median": 632.256408691}, "barkbands_skewness": {"dmean": 0.415167808533, "dmean2": 0.574781000614, "max": 30.7724552155, "dvar": 0.186693757772, "mean": 0.713681101799, "dvar2": 0.332880526781, "min": -4.34713363647, "var": 1.61512315273, "median": 0.626321017742}, "spectral_rolloff": {"dmean": 97.9649276733, "dmean2": 168.688858032, "max": 18669.2871094, "dvar": 64379.859375, "mean": 931.963195801, "dvar2": 92717.46875, "min": 64.599609375, "var": 268157.875, "median": 882.861328125}, "erbbands_spread": {"dmean": 1.571220994, "dmean2": 2.28225564957, "max": 82.4539413452, "dvar": 2.32914829254, "mean": 8.09208011627, "dvar2": 5.0720000267, "min": 0.379815340042, "var": 13.6071596146, "median": 7.9150018692}, "barkbands": {"dmean": [6.68379342983e-08, 7.76675335601e-07, 4.57907708551e-06, 8.85546523932e-06, 0.000147153798025, 0.000467216654215, 0.000853744859342, 0.00108299846761, 0.00156125042122, 0.000869545794558, 0.000526855175849, 0.000227941491175, 0.000313030992402, 9.76752344286e-05, 6.21270228294e-05, 1.00093056972e-05, 2.379145144e-06, 8.58097052969e-07, 5.03284809383e-07, 1.42014442872e-07, 4.84205386897e-08, 1.83493416017e-08, 1.78513417382e-08, 1.96982981038e-08, 2.83931864686e-08, 6.40588666556e-08, 9.25005849695e-08], "dmean2": [1.18489722922e-07, 1.29245540847e-06, 8.97988502402e-06, 9.83035261015e-06, 0.000160587631399, 0.000757725443691, 0.000975424714852, 0.00112247851212, 0.00197467952967, 0.0011906606378, 0.000743135286029, 0.000319031474646, 0.000459358008811, 0.000129546708195, 9.57063311944e-05, 1.58440834639e-05, 3.85755129173e-06, 1.40748727517e-06, 8.3391176986e-07, 2.32217018947e-07, 7.92210244072e-08, 2.89275607912e-08, 2.8787283668e-08, 3.17140340655e-08, 4.52733317502e-08, 9.98287816856e-08, 1.45988806821e-07], "max": [1.47093066971e-06, 3.42713028658e-05, 9.24161649891e-05, 0.000605121720582, 0.00991546176374, 0.0180629249662, 0.0453150235116, 0.190546661615, 0.209875389934, 0.235106244683, 0.0387781448662, 0.0313761495054, 0.0178073178977, 0.0219106711447, 0.00700618792325, 0.00106677238364, 0.000473930966109, 0.000118600619317, 5.84341287322e-05, 1.37430870382e-05, 4.74612670587e-06, 3.90854438592e-06, 1.89770878478e-06, 1.61420371114e-06, 1.24710766158e-06, 2.20875608647e-06, 4.31759917774e-06], "dvar": [5.60247623643e-15, 5.96290215555e-13, 5.38524190519e-11, 1.260632293e-10, 4.96169292319e-08, 6.16466650172e-07, 2.22909625336e-06, 1.03123520603e-05, 2.8357242627e-05, 1.71383526322e-05, 1.31404044623e-06, 4.77342325667e-07, 6.04049319008e-07, 1.85816631415e-07, 4.21388257621e-08, 1.06195341409e-09, 8.03202365729e-11, 9.4296714534e-12, 2.3011681536e-12, 1.77175995771e-13, 1.38188563375e-14, 3.66983588903e-15, 1.37393116852e-15, 1.0985144882e-15, 1.43059354341e-15, 6.80461758243e-15, 1.56152658349e-14], "mean": [8.10297464682e-08, 3.28321084453e-06, 5.40184328202e-06, 5.79790103075e-05, 0.000789473415352, 0.00102867779788, 0.00220736628398, 0.00307468650863, 0.0046748528257, 0.0019439390162, 0.000988690531813, 0.000482595671201, 0.000599040708039, 0.000216295462451, 0.00011407819693, 1.80957977136e-05, 4.52955055152e-06, 1.6866426904e-06, 9.66151333159e-07, 3.02158412069e-07, 1.2512428782e-07, 4.39422329634e-08, 4.8058428348e-08, 5.72809462085e-08, 1.03461282208e-07, 2.9474287544e-07, 3.92250598225e-07], "dvar2": [1.60834565203e-14, 1.61566105546e-12, 2.07025674381e-10, 1.62255500702e-10, 1.00385570079e-07, 1.78087111635e-06, 3.23678159475e-06, 8.81018058863e-06, 4.37864582636e-05, 2.6584506486e-05, 2.40384474637e-06, 8.43478915158e-07, 1.23168319988e-06, 2.50915860533e-07, 1.03937523477e-07, 2.64740851463e-09, 1.95214247545e-10, 2.44762630303e-11, 5.87304293739e-12, 4.64453725046e-13, 3.40246697462e-14, 8.97842218595e-15, 3.50176612933e-15, 2.66826749802e-15, 3.44070521823e-15, 1.63919764128e-14, 3.88101212951e-14], "min": [5.35354221327e-24, 2.10354698646e-23, 3.90830091439e-24, 9.94752812623e-24, 4.0982930147e-23, 1.31671858137e-23, 1.55250950037e-23, 2.44605461429e-23, 3.70740580973e-23, 2.23484057791e-23, 4.59424481711e-23, 1.73500537104e-23, 4.14954467663e-23, 1.24105541363e-22, 8.05753067774e-23, 6.38632317024e-23, 8.28045645867e-23, 1.32812760843e-22, 1.36286487751e-22, 2.33985004974e-22, 3.59473741359e-22, 4.92378451829e-22, 5.89889232779e-22, 8.02882283033e-22, 1.0573213027e-21, 1.50011274058e-21, 2.38338340822e-21], "var": [5.93170269644e-15, 1.38672873098e-12, 6.87696705137e-11, 3.93198318349e-09, 8.00704924586e-07, 2.36752430283e-06, 1.27281746245e-05, 8.48774579936e-05, 0.000249620905379, 0.000104402686702, 4.62461866846e-06, 1.94304925571e-06, 1.93932555703e-06, 1.01344005543e-06, 1.10805160602e-07, 2.45070785887e-09, 2.29819122066e-10, 2.37011313353e-11, 4.28975605038e-12, 3.99515002244e-13, 4.20160359684e-14, 9.36128531328e-15, 5.40462924523e-15, 5.91784100225e-15, 1.1460423539e-14, 6.62089808434e-14, 1.15526322233e-13], "median": [5.9117617468e-08, 3.30781745106e-06, 2.38632173932e-06, 3.98009433411e-05, 0.000509177218191, 0.000479835289298, 0.000999110750854, 0.000700658303685, 0.000616442470346, 0.000485687400214, 0.000299305858789, 0.000102546851849, 0.000110652821604, 1.68546393979e-05, 2.18238819798e-05, 5.54869166081e-06, 1.92090737983e-06, 7.2740874657e-07, 3.83649904734e-07, 1.29279342787e-07, 6.29105372241e-08, 1.06723723192e-08, 2.15282742744e-08, 3.00839992917e-08, 6.98285802514e-08, 2.21980101855e-07, 3.04605890733e-07]}, "melbands_kurtosis": {"dmean": 1.66336095333, "dmean2": 2.39276909828, "max": 668.088745117, "dvar": 51.4334831238, "mean": 2.79157805443, "dvar2": 105.801338196, "min": -1.81754040718, "var": 353.780181885, "median": 0.674827575684}, "erbbands_crest": {"dmean": 3.02402591705, "dmean2": 4.57383918762, "max": 33.4795799255, "dvar": 7.15096855164, "mean": 15.0612010956, "dvar2": 16.579908371, "min": 2.5311331749, "var": 37.3928375244, "median": 13.5223340988}, "melbands_skewness": {"dmean": 0.387102842331, "dmean2": 0.537943184376, "max": 15.0224437714, "dvar": 0.124303482473, "mean": 0.71251553297, "dvar2": 0.250367313623, "min": -4.35941076279, "var": 0.889284074306, "median": 0.681481719017}, "spectral_energyband_middle_low": {"dmean": 0.00312152109109, "dmean2": 0.00375375850126, "max": 0.213350787759, "dvar": 3.81859244953e-05, "mean": 0.0122434040532, "dvar2": 5.28361415491e-05, "min": 2.45506059749e-22, "var": 0.00036337034544, "median": 0.00618076929823}, "spectral_contrast_coeffs": {"dmean": [0.0225670523942, 0.035150591284, 0.0327627435327, 0.0277315713465, 0.016581794247, 0.0218600407243], "dmean2": [0.0349668115377, 0.0549292191863, 0.0503756031394, 0.0442920774221, 0.0278929341584, 0.0379360765219], "max": [-0.321638941765, -0.370153665543, -0.362898886204, -0.517623305321, -0.712734639645, -0.718802809715], "dvar": [0.000347438588506, 0.000774244836066, 0.000658942037262, 0.000478668400319, 0.000159370174515, 0.000337767298333], "mean": [-0.518826246262, -0.657645106316, -0.679856300354, -0.726870417595, -0.823588609695, -0.83444082737], "dvar2": [0.000827752170153, 0.00184884597547, 0.00157120684162, 0.00120386003982, 0.000455585424788, 0.00104068953078], "min": [-0.978695750237, -0.966608524323, -0.975581407547, -0.96659386158, -0.963128149509, -0.962684392929], "var": [0.00425815209746, 0.00489967223257, 0.00549798365682, 0.00389341567643, 0.000570949632674, 0.000765624863561], "median": [-0.513036429882, -0.658951640129, -0.688437700272, -0.734415888786, -0.823747038841, -0.83573114872]}, "spectral_contrast_valleys": {"dmean": [0.223408609629, 0.259305775166, 0.232907831669, 0.197066128254, 0.157216474414, 0.33792579174], "dmean2": [0.388560682535, 0.423017024994, 0.374630123377, 0.331354171038, 0.253570944071, 0.575049936771], "max": [-8.72358989716, -5.1707277298, -6.03496408463, -7.76853752136, -8.22676563263, -11.3647346497], "dvar": [0.0523842535913, 0.0643060132861, 0.0565745569766, 0.0438348278403, 0.0366759337485, 0.0998018682003], "mean": [-9.98845005035, -7.08719873428, -7.59516143799, -9.1214056015, -10.4628572464, -13.7687711716], "dvar2": [0.103959426284, 0.127629548311, 0.10493272543, 0.0814863070846, 0.0620058141649, 0.272813379765], "min": [-27.8481121063, -27.6531066895, -27.2857608795, -27.6848678589, -27.3999080658, -27.3147506714], "var": [0.422290235758, 0.840125977993, 0.76137650013, 0.611010313034, 0.670243382454, 0.871843874454], "median": [-9.90536594391, -6.97567749023, -7.45878505707, -8.99003314972, -10.3715801239, -13.7013998032]}, "silence_rate_20dB": {"dmean": 0, "dmean2": 0, "max": 1, "dvar": 0, "mean": 1, "dvar2": 0, "min": 1, "var": 0, "median": 1}, "silence_rate_30dB": {"dmean": 0.00721153849736, "dmean2": 0.0144244106486, "max": 1, "dvar": 0.00716008245945, "mean": 0.983267068863, "dvar2": 0.0155130866915, "min": 0, "var": 0.0164512842894, "median": 1}, "spectral_strongpeak": {"dmean": 0.543365180492, "dmean2": 0.820697784424, "max": 15.8998155594, "dvar": 0.496737867594, "mean": 1.79435348511, "dvar2": 1.04518258572, "min": 0, "var": 3.38805913925, "median": 1.19338428974}, "spectral_spread": {"dmean": 198193, "dmean2": 344297.90625, "max": 41608788, "dvar": 194043592704, "mean": 1140012.625, "dvar2": 341296381952, "min": 465394.3125, "var": 1066805952510.0, "median": 1078744.375}, "barkbands_flatness_db": {"dmean": 0.015354658477, "dmean2": 0.0218191295862, "max": 0.484164059162, "dvar": 0.000166096098837, "mean": 0.312859475613, "dvar2": 0.000340130267432, "min": 0.0498529709876, "var": 0.0012917437125, "median": 0.308878988028}, "pitch_salience": {"dmean": 0.0563029497862, "dmean2": 0.0855363234878, "max": 0.944429755211, "dvar": 0.00215281033888, "mean": 0.535107791424, "dvar2": 0.00502087827772, "min": 0.045739710331, "var": 0.0131524093449, "median": 0.550018310547}, "erbbands_kurtosis": {"dmean": 1.32766199112, "dmean2": 1.93332481384, "max": 72.6687774658, "dvar": 5.07445764542, "mean": 1.63875508308, "dvar2": 9.26193809509, "min": -1.81486487389, "var": 28.9759922028, "median": 0.175045490265}, "average_loudness": 0.0426639392972, "barkbands_crest": {"dmean": 2.20156788826, "dmean2": 3.27322697639, "max": 26.6744174957, "dvar": 3.72381544113, "mean": 12.1984090805, "dvar2": 8.25875377655, "min": 3.66307711601, "var": 22.8759841919, "median": 10.9633359909}, "hfc": {"dmean": 2.70415186882, "dmean2": 3.42783284187, "max": 209.801055908, "dvar": 29.7727241516, "mean": 11.1059303284, "dvar2": 44.9094238281, "min": 1.15686780554e-16, "var": 268.388458252, "median": 5.94755315781}, "barkbands_kurtosis": {"dmean": 2.1364607811, "dmean2": 3.03562355042, "max": 1126.11682129, "dvar": 111.251777649, "mean": 3.98260951042, "dvar2": 193.292816162, "min": -1.78966593742, "var": 874.184265137, "median": 0.89585018158}, "erbbands": {"dmean": [2.57354040514e-05, 0.000215505424421, 0.00365180312656, 0.015145634301, 0.19365927577, 0.686617851257, 1.08611595631, 5.45288419724, 12.1515665054, 13.7045049667, 21.2508087158, 47.2101097107, 16.4017333984, 27.4364948273, 25.8505516052, 11.8474674225, 14.841137886, 6.22666454315, 4.26152992249, 0.933219134808, 0.361322879791, 0.101631596684, 0.0738500580192, 0.0308939833194, 0.0191960595548, 0.00666218902916, 0.00346500915475, 0.00130146066658, 0.000673619855661, 0.000592365744524, 0.000528472883161, 0.000442843826022, 0.000356322125299, 0.000303466134937, 0.000252228841418, 0.000187808414921, 0.000137546303449, 9.92501081782e-05, 1.63581644301e-05, 4.500373052e-06], "dmean2": [4.57287533209e-05, 0.000377352873329, 0.00713747972623, 0.0191117189825, 0.189506039023, 0.757933497429, 1.81165647507, 8.69741725922, 13.4866781235, 16.1516723633, 21.3587913513, 59.3550224304, 21.3101844788, 38.788394928, 36.4807090759, 16.6422920227, 21.9643363953, 8.14806842804, 6.35850095749, 1.4221957922, 0.572784423828, 0.162844017148, 0.120725259185, 0.051147647202, 0.0312569402158, 0.0108512826264, 0.00573692424223, 0.00208316277713, 0.00106182182208, 0.000951393856667, 0.000856258731801, 0.000715547066648, 0.000579291605391, 0.000489800586365, 0.00040845933836, 0.000302661646856, 0.000217323060497, 0.000157987771672, 2.55910708802e-05, 5.60168518859e-06], "max": [0.00131053954829, 0.00679612671956, 0.0711340680718, 0.80305236578, 12.3773365021, 44.869354248, 44.0086364746, 232.970306396, 744.491516113, 988.506652832, 5177.37548828, 6291.97753906, 4516.86669922, 7641.59960938, 1733.38903809, 1631.33691406, 813.184448242, 1169.00939941, 439.205169678, 96.2892684937, 30.6483135223, 21.8811702728, 8.48689556122, 4.49486923218, 2.61778259277, 0.56462085247, 0.612623631954, 0.172596618533, 0.144078359008, 0.0787217468023, 0.0536957867444, 0.0372237861156, 0.0229041650891, 0.0135077321902, 0.00948023051023, 0.00665452331305, 0.00465207220986, 0.00486496230587, 0.000672092137393, 0.000294163182843], "dvar": [6.91221635485e-10, 5.81237600272e-08, 3.37648452842e-05, 0.000357908807928, 0.0683555528522, 1.21553111076, 3.15325379372, 80.861869812, 490.984039307, 641.898742676, 6879.33740234, 25450.6308594, 2706.14868164, 18578.9511719, 2970.43334961, 1191.39660645, 1341.84387207, 569.694824219, 168.05871582, 6.54619693756, 0.998104393482, 0.149209141731, 0.0727015137672, 0.00817826483399, 0.00369928055443, 0.000297574879369, 0.000183124531759, 1.1328805158e-05, 4.92343360747e-06, 2.4061446311e-06, 1.10157304789e-06, 6.14162956936e-07, 3.17833212193e-07, 1.76421011133e-07, 1.1544571521e-07, 5.99343010776e-08, 3.05708809378e-08, 1.90130471367e-08, 4.83677320418e-10, 7.33868590896e-11], "mean": [0.000118048475997, 0.000792229780927, 0.00565529428422, 0.0960699543357, 1.14959692955, 3.35886287689, 2.95877385139, 12.6532773972, 32.1856498718, 40.4088516235, 66.1350097656, 142.871780396, 44.837600708, 59.205242157, 50.0928993225, 27.1594142914, 28.9916591644, 14.905834198, 8.49821662903, 1.9390450716, 0.720435321331, 0.222229793668, 0.144124478102, 0.0632509961724, 0.0385945774615, 0.0151260588318, 0.00808938033879, 0.0034883688204, 0.00165026367176, 0.00144587806426, 0.00139703636523, 0.00120546983089, 0.000986253726296, 0.000931739341468, 0.000885252491571, 0.000760599679779, 0.000597425852902, 0.000384344690247, 7.55052024033e-05, 2.12569193536e-05], "dvar2": [2.08691885994e-09, 1.82790785175e-07, 0.000130051092128, 0.000604729575571, 0.102405965328, 2.52938437462, 9.98901367188, 228.241470337, 683.607421875, 930.384094238, 5368.16699219, 39044.0195312, 3554.91308594, 30735.9804688, 5442.77929688, 2107.99121094, 2831.76293945, 763.175170898, 403.327636719, 15.0356025696, 2.51650762558, 0.362597823143, 0.182726755738, 0.0213462077081, 0.00914011057466, 0.000760766444728, 0.000508877041284, 2.7854777727e-05, 1.20043232528e-05, 5.96579184275e-06, 2.80744893644e-06, 1.55163968429e-06, 7.71873544636e-07, 4.4268892907e-07, 2.91717128675e-07, 1.53029333205e-07, 7.45632604549e-08, 4.71374299593e-08, 1.1536128719e-09, 1.07035720565e-10], "min": [4.54815142198e-22, 2.76196050818e-21, 6.46570330225e-21, 2.85365872974e-20, 7.09766654375e-20, 1.06633797931e-19, 1.04621525995e-19, 1.19095797309e-19, 2.70384068192e-19, 3.17862529293e-19, 4.89843227262e-19, 9.3653316575e-19, 7.73992588973e-19, 1.12326484634e-18, 8.22231384153e-19, 9.50715590942e-19, 1.9815268738e-18, 6.32875555792e-18, 5.1809659438e-18, 4.10835877555e-18, 4.02417412307e-18, 5.24792249207e-18, 7.08637772558e-18, 5.90739016748e-18, 9.95533622058e-18, 1.12348208464e-17, 1.36890591064e-17, 1.47474639972e-17, 1.66929084255e-17, 1.67780947937e-17, 1.7395947426e-17, 1.62986956522e-17, 1.30715365191e-17, 9.70181363464e-18, 7.84943033397e-18, 4.52031002344e-18, 2.71618836882e-18, 1.34298262859e-18, 3.30792732285e-19, 2.92269664538e-20], "var": [1.51874401944e-09, 1.24708378735e-07, 4.79415539303e-05, 0.00873625464737, 1.74421405792, 15.6111764908, 13.1691188812, 326.464355469, 2775.44848633, 4224.58496094, 56123.7578125, 229264.984375, 20394.9257812, 106630.179688, 9817.59863281, 5009.34179688, 4089.29248047, 3197.95654297, 482.189300537, 18.3144645691, 2.23359560966, 0.433433532715, 0.189955800772, 0.0117544587702, 0.00970741081983, 0.000799059867859, 0.000386095489375, 3.49663714587e-05, 1.31999386213e-05, 7.4959466474e-06, 4.40414714831e-06, 2.77970138995e-06, 1.69586724041e-06, 1.12543409614e-06, 7.72317548581e-07, 4.636423796e-07, 2.70609945119e-07, 1.34620279368e-07, 4.39464553637e-09, 7.31106841734e-10], "median": [0.000121163699077, 0.000750725157559, 0.00337615865283, 0.0707022696733, 0.720993578434, 2.09345936775, 1.83215689659, 6.43657302856, 14.5651769638, 20.2548065186, 10.8529081345, 19.8193302155, 12.2691812515, 15.8061923981, 17.7563381195, 7.84743309021, 6.94110679626, 2.45122981071, 1.83391475677, 0.629390776157, 0.300300717354, 0.107767134905, 0.0570051707327, 0.0325607657433, 0.013448596932, 0.00658241985366, 0.00359917548485, 0.00159344868734, 0.000398981268518, 0.000470438099001, 0.000642928294837, 0.000617027748376