{"lowlevel": {"erbbands": {"mean": [0.0258124247193, 0.299367129803, 1.03245401382, 1.8009288311, 4.22065544128, 5.32034683228, 7.60314416885, 13.1932039261, 23.3457145691, 21.9809417725, 45.2696304321, 19.6632785797, 29.9304065704, 23.1309680939, 14.8846559525, 24.8406467438, 16.4510612488, 25.4737224579, 24.4110355377, 25.8694515228, 28.825510025, 32.456111908, 25.0680561066, 22.2252807617, 25.4854125977, 27.2859210968, 22.9971103668, 20.3943977356, 18.9078807831, 15.7537622452, 11.536192894, 6.44850206375, 3.35846781731, 1.68115985394, 0.847609102726, 0.353709310293, 0.110066950321, 0.0202491432428, 0.00235251314007, 0.00017142703291], "dvar": [0.00553180184215, 0.302086979151, 3.5353884697, 10.5624961853, 54.382019043, 77.4490203857, 86.6399230957, 248.475128174, 844.186035156, 1457.17797852, 4284.01660156, 658.678833008, 1351.43554688, 864.267883301, 404.68536377, 1364.61413574, 408.097595215, 1060.00244141, 843.434143066, 1035.44018555, 900.281799316, 1678.95935059, 641.757995605, 419.900695801, 403.295410156, 507.24798584, 358.038116455, 246.021621704, 197.699142456, 252.834030151, 160.968734741, 95.6699295044, 17.3980197906, 3.41119527817, 1.56556499004, 0.398722618818, 0.0427477546036, 0.00120795657858, 2.68297171715e-05, 1.10134173781e-07], "min": [4.76759499934e-11, 3.78472253537e-10, 1.17393228471e-09, 1.32209299064e-09, 4.18749285247e-10, 7.85671527836e-10, 1.29331900744e-09, 1.87642013039e-09, 2.7382638379e-09, 6.13578921005e-09, 6.5423679807e-09, 1.6429909655e-09, 2.63473087792e-09, 2.96803848165e-09, 1.68975899939e-09, 2.78096567996e-09, 2.18787121753e-09, 1.04241404397e-09, 3.98625399356e-09, 4.8775379291e-09, 1.40469191834e-08, 7.84509435192e-09, 1.86111996925e-08, 1.13615890029e-08, 7.18837211977e-09, 1.39971101376e-08, 2.99640454671e-08, 6.01278848933e-09, 1.20551657545e-08, 1.98362979376e-08, 6.91018087196e-08, 4.30987547873e-08, 4.72212740021e-08, 1.78189214495e-08, 1.21250831597e-08, 1.05305284492e-08, 3.32069349795e-09, 1.12651488138e-09, 1.68207461848e-10, 1.56510689825e-11], "dmean": [0.021725686267, 0.209532320499, 0.685656487942, 1.22967886925, 2.54504323006, 3.17909789085, 3.96089720726, 7.65745687485, 13.2369232178, 12.6342964172, 24.9939098358, 10.6941194534, 16.055524826, 12.3570318222, 8.25564575195, 15.3690795898, 8.92279243469, 14.274430275, 13.812297821, 13.2332983017, 14.08086586, 15.5969133377, 11.4117631912, 9.72183036804, 11.111032486, 11.6383399963, 9.19252872467, 7.86152601242, 7.0418586731, 6.12233781815, 4.59799051285, 2.61123609543, 1.45381772518, 0.773639857769, 0.431497067213, 0.189562469721, 0.0653482601047, 0.0123995151371, 0.00165012106299, 0.000115492381155], "dmean2": [0.0332181565464, 0.336182206869, 1.12027478218, 2.00496768951, 3.95683217049, 5.19620609283, 6.02364778519, 12.3307352066, 20.4027900696, 19.4575710297, 35.4707946777, 16.2556858063, 23.9476242065, 18.8525085449, 13.0879735947, 24.4082584381, 14.0351657867, 22.7463817596, 22.4340820312, 21.2629356384, 22.6656551361, 25.2948551178, 18.5044307709, 15.8109750748, 17.7239131927, 19.0573806763, 15.0238380432, 12.4258108139, 11.0138673782, 9.5514421463, 7.08006334305, 3.92008733749, 2.24381685257, 1.17293810844, 0.654935002327, 0.286985307932, 0.100239671767, 0.0185846947134, 0.00246077519841, 0.000170014463947], "dvar2": [0.0123100820929, 0.759730756283, 9.60094261169, 27.9224185944, 136.538452148, 210.646194458, 194.518722534, 656.365112305, 2096.19580078, 3694.5690918, 8827.24804688, 1566.15979004, 3181.98657227, 2017.20141602, 1039.87548828, 3692.13232422, 958.295837402, 2638.43139648, 2158.30932617, 2605.23242188, 2171.23217773, 3971.53491211, 1527.6739502, 1020.56390381, 962.880310059, 1257.05493164, 939.633300781, 628.588012695, 465.229980469, 560.893005371, 344.739257812, 215.817153931, 41.2787704468, 7.67856788635, 3.66391968727, 0.977944374084, 0.108590997756, 0.00269140023738, 6.02140389674e-05, 2.42555728391e-07], "max": [1.21214544773, 7.78354549408, 36.3507614136, 80.4089584351, 145.571487427, 197.896850586, 282.271362305, 283.711883545, 535.422546387, 1536.51599121, 1636.3326416, 769.16204834, 1089.49255371, 770.928588867, 506.062469482, 1054.6439209, 601.059692383, 843.477539062, 718.8828125, 731.249267578, 1071.91552734, 1461.24743652, 685.51953125, 689.45111084, 580.325073242, 620.667480469, 587.101257324, 396.112030029, 362.649047852, 460.666442871, 419.971984863, 461.139587402, 190.693984985, 47.9232711792, 41.6598815918, 27.9399776459, 6.96326732635, 1.16484975815, 0.150779440999, 0.00822094082832], "median": [0.00336616486311, 0.0456704199314, 0.178521364927, 0.47613504529, 1.64982819557, 2.06559681892, 2.60851621628, 5.55000257492, 9.45888614655, 7.25737571716, 9.89373970032, 7.09308576584, 10.41929245, 8.29601097107, 6.69368362427, 9.73514175415, 7.99199390411, 10.4746847153, 10.3078556061, 9.84274673462, 12.3895359039, 13.0112380981, 12.573682785, 10.5777244568, 14.0144901276, 14.3417434692, 12.7993125916, 10.8951416016, 9.38636398315, 6.76442718506, 4.60637664795, 2.34326529503, 1.21684885025, 0.612854897976, 0.267838597298, 0.116397254169, 0.0383643247187, 0.00636389758438, 0.000535443192348, 5.51306220586e-05], "var": [0.00629374524578, 0.424071282148, 4.19697523117, 11.922036171, 70.8166351318, 116.450469971, 216.425842285, 438.558197021, 1522.83374023, 2204.33325195, 11426.0302734, 1423.28369141, 3541.69067383, 2223.70629883, 789.453918457, 2292.07421875, 809.646118164, 2195.5690918, 1700.28759766, 2621.42407227, 2932.58276367, 4465.49853516, 1648.54040527, 1149.94824219, 1190.31298828, 1424.8092041, 960.150390625, 710.772949219, 713.880371094, 785.88659668, 480.689422607, 191.199615479, 38.548286438, 8.95480632782, 3.43143963814, 0.63767516613, 0.0594411343336, 0.00218702363782, 4.01930592488e-05, 1.57355032115e-07]}, "gfcc": {"icov": [[9.93638677755e-05, -4.43339486083e-05, 0.000132254077471, -9.83556674328e-05, -7.14777852409e-05, -1.19614187497e-05, -2.47822608799e-05, 5.70135634916e-05, 0.000168619808392, -0.000209791993257, 0.000406644947361, -3.53265641024e-05, 0.000104435028334], [-4.43339486083e-05, 0.00145570607856, 0.000143362718518, -0.000443796772743, -0.000658474280499, 0.000304973276798, -0.000385315273888, -6.12068324699e-05, 0.000476989138406, 0.000715591013432, -9.52625414357e-05, 0.000623989733867, 4.73835680168e-05], [0.000132254077471, 0.000143362718518, 0.00167683616746, -0.000389613676816, -0.000697166484315, -0.00036530350917, 1.78955197043e-05, 0.000301307271002, 0.000797268759925, -0.000759032787755, 0.00120151124429, -0.000460504728835, 0.000737559807021], [-9.83556674328e-05, -0.000443796772743, -0.000389613676816, 0.00442460319027, -0.00220089498907, -0.00120801234152, 0.000876184611116, 0.000839882122818, -0.0015657589538, 0.0013683878351, -0.000505257688928, 0.000266439717961, 0.000323700747686], [-7.14777852409e-05, -0.000658474280499, -0.000697166484315, -0.00220089498907, 0.00517318770289, -0.00103398226202, -0.000259834399913, -0.00135118607432, -0.000254451297224, 0.000605582608841, -0.000873748154845, -0.00013870553812, -0.000364906416507], [-1.19614187497e-05, 0.000304973276798, -0.00036530350917, -0.00120801234152, -0.00103398226202, 0.00697026355192, -0.00310289673507, -0.000897021440323, 0.000603469379712, -0.000739039853215, 9.52747432166e-05, 0.000515771156643, 0.00108023616485], [-2.47822608799e-05, -0.000385315273888, 1.78955197043e-05, 0.000876184611116, -0.000259834399913, -0.00310289673507, 0.00634757755324, -0.00108647567686, -9.85680453596e-05, 6.04447741352e-05, -0.00120887090452, 0.000983848585747, -2.37956719502e-05], [5.70135634916e-05, -6.12068324699e-05, 0.000301307271002, 0.000839882122818, -0.00135118607432, -0.000897021440323, -0.00108647567686, 0.00838395673782, -0.00373795558698, -0.000265739799943, 0.00124161189888, -0.00105863891076, 0.000585977046285], [0.000168619808392, 0.000476989138406, 0.000797268759925, -0.0015657589538, -0.000254451297224, 0.000603469379712, -9.85680453596e-05, -0.00373795558698, 0.0114757129923, -0.0038775310386, -0.000292336102575, 0.00103156967089, -0.000831676647067], [-0.000209791993257, 0.000715591013432, -0.000759032787755, 0.0013683878351, 0.000605582608841, -0.000739039853215, 6.04447741352e-05, -0.000265739799943, -0.0038775310386, 0.0127261606976, -0.00565526774153, 0.000909255817533, -0.00120256084483], [0.000406644947361, -9.52625414357e-05, 0.00120151124429, -0.000505257688928, -0.000873748154845, 9.52747432166e-05, -0.00120887090452, 0.00124161189888, -0.000292336102575, -0.00565526774153, 0.0124695552513, -0.00441189669073, -0.000149475905346], [-3.53265641024e-05, 0.000623989733867, -0.000460504728835, 0.000266439717961, -0.00013870553812, 0.000515771156643, 0.000983848585747, -0.00105863891076, 0.00103156967089, 0.000909255817533, -0.00441189669073, 0.0111805638298, -0.00259564886801], [0.000104435028334, 4.73835680168e-05, 0.000737559807021, 0.000323700747686, -0.000364906416507, 0.00108023616485, -2.37956719502e-05, 0.000585977046285, -0.000831676647067, -0.00120256084483, -0.000149475905346, -0.00259564886801, 0.0111196022481]], "mean": [-10.1748189926, 36.3279190063, -124.928161621, 23.5470294952, -78.7125854492, 2.70485591888, -39.3438415527, 3.3419508934, -20.6797180176, 5.81717395782, -16.0367279053, 2.40808343887, -12.1085119247], "cov": [[14969.5244141, 1315.49560547, -313.954315186, 760.468322754, 578.175109863, 278.323791504, 108.75919342, -89.4320678711, -292.403717041, -316.427764893, -636.300292969, -348.095092773, -296.531768799], [1315.49560547, 1135.25732422, 108.162101746, 369.21194458, 358.129211426, 137.816833496, 104.981887817, 17.408662796, -67.2496032715, -154.757995605, -112.154342651, -119.065155029, -88.5114517212], [-313.954315186, 108.162101746, 889.708190918, 228.955825806, 241.764160156, 152.588088989, 44.1743202209, -2.15630626678, -53.3368339539, -41.6117630005, -75.1407318115, -25.1034908295, -85.2323532104], [760.468322754, 369.21194458, 228.955825806, 543.625244141, 359.788024902, 179.523666382, 56.31300354, 26.7526454926, 10.4305438995, -82.8750457764, -54.7652244568, -59.9508018494, -69.5631713867], [578.175109863, 358.129211426, 241.764160156, 359.788024902, 493.241760254, 193.863525391, 102.875610352, 75.2606124878, 14.7326698303, -57.4240455627, -30.966047287, -43.3195533752, -55.4955787659], [278.323791504, 137.816833496, 152.588088989, 179.523666382, 193.863525391, 288.931640625, 147.458938599, 62.0042419434, 10.2287435532, -11.4333534241, -16.3095436096, -41.7369651794, -53.6406784058], [108.75919342, 104.981887817, 44.1743202209, 56.31300354, 102.875610352, 147.458938599, 250.598815918, 62.6707572937, 19.5520820618, 7.59748411179, 12.4827127457, -29.8102111816, -24.2604846954], [-89.4320678711, 17.408662796, -2.15630626678, 26.7526454926, 75.2606124878, 62.0042419434, 62.6707572937, 174.089141846, 67.392036438, 22.4627132416, 10.333439827, 2.08036637306, -4.36939334869], [-292.403717041, -67.2496032715, -53.3368339539, 10.4305438995, 14.7326698303, 10.2287435532, 19.5520820618, 67.392036438, 143.961700439, 61.4691581726, 45.6922340393, 9.73936748505, 22.5500831604], [-316.427764893, -154.757995605, -41.6117630005, -82.8750457764, -57.4240455627, -11.4333534241, 7.59748411179, 22.4627132416, 61.4691581726, 148.833831787, 85.6490936279, 33.6840362549, 36.5705604553], [-636.300292969, -112.154342651, -75.1407318115, -54.7652244568, -30.966047287, -16.3095436096, 12.4827127457, 10.333439827, 45.6922340393, 85.6490936279, 167.706680298, 67.887298584, 43.8643455505], [-348.095092773, -119.065155029, -25.1034908295, -59.9508018494, -43.3195533752, -41.7369651794, -29.8102111816, 2.08036637306, 9.73936748505, 33.6840362549, 67.887298584, 133.43711853, 46.0787010193], [-296.531768799, -88.5114517212, -85.2323532104, -69.5631713867, -55.4955787659, -53.6406784058, -24.2604846954, -4.36939334869, 22.5500831604, 36.5705604553, 43.8643455505, 46.0787010193, 121.327575684]]}, "spectral_skewness": {"mean": 1.12820053101, "dvar": 0.0159662812948, "min": -0.175723254681, "dmean": 0.130923867226, "dmean2": 0.204008325934, "dvar2": 0.0365643128753, "max": 2.34504556656, "median": 1.10700500011, "var": 0.0839207991958}, "spectral_energyband_low": {"mean": 0.00248366734013, "dvar": 1.31394490381e-05, "min": 3.19886109788e-12, "dmean": 0.00148193887435, "dmean2": 0.00235394202173, "dvar2": 3.34930846293e-05, "max": 0.0590868107975, "median": 0.000548104639165, "var": 2.0783752916e-05}, "spectral_energyband_middle_low": {"mean": 0.00850259885192, "dvar": 3.03339984384e-05, "min": 1.40494994111e-12, "dmean": 0.0031505189836, "dmean2": 0.00480057764798, "dvar2": 7.71163322497e-05, "max": 0.0996745303273, "median": 0.00659737829119, "var": 7.05149577698e-05}, "mfcc": {"icov": [[0.000106230472738, -2.8885258871e-05, 9.59667086136e-05, -0.000184848584468, 8.3081991761e-05, -0.000198469613679, 0.000115977716632, -3.59984369425e-05, 2.55571885646e-05, -7.3077811976e-05, 3.39119696946e-06, 0.000181893017725, 0.000111266170279], [-2.8885258871e-05, 0.00169982819352, -1.44605292007e-05, -0.000604130967986, -9.27114233491e-05, 0.000341445178492, -0.000839641492348, -9.11211682251e-05, -8.03942966741e-05, 0.00042414892232, -7.15098794899e-05, -6.79618897266e-05, 0.000728466548026], [9.59667086136e-05, -1.44605292007e-05, 0.0022549002897, -9.42214392126e-05, -0.000255812599789, -0.00083103828365, -0.000135415393743, 0.000310647388687, -0.000324828200974, 0.000721828895621, 7.98246583145e-06, 0.000372622278519, 0.000158910130267], [-0.000184848584468, -0.000604130967986, -9.42214392126e-05, 0.00542718544602, -0.00260235997848, -0.000732386717573, 0.000270710937912, -0.000686413317453, -0.000355867174221, 0.000762516574468, 0.000366899068467, 8.54972095112e-05, 0.000119841010019], [8.3081991761e-05, -9.27114233491e-05, -0.000255812599789, -0.00260235997848, 0.00451219361275, -0.000877215526998, 4.25553553214e-05, -0.000593866978306, -0.000647748296615, -0.000146270162077, 4.49001090601e-05, -0.000173215725226, -0.000565125723369], [-0.000198469613679, 0.000341445178492, -0.00083103828365, -0.000732386717573, -0.000877215526998, 0.00706676766276, -0.003212161595, -0.000350433838321, 0.00049602414947, -0.000528835051227, -0.000589753268287, 0.00063899543602, 0.000627351400908], [0.000115977716632, -0.000839641492348, -0.000135415393743, 0.000270710937912, 4.25553553214e-05, -0.003212161595, 0.00748575339094, -0.00238387729041, -0.000200778566068, -0.00121008523274, 0.000362009508535, -0.00123812933452, -0.000226410556934], [-3.59984369425e-05, -9.11211682251e-05, 0.000310647388687, -0.000686413317453, -0.000593866978306, -0.000350433838321, -0.00238387729041, 0.00819671805948, -0.00196045567282, 0.000646626984235, -0.0026257080026, 0.00255372002721, -0.000437829061411], [2.55571885646e-05, -8.03942966741e-05, -0.000324828200974, -0.000355867174221, -0.000647748296615, 0.00049602414947, -0.000200778566068, -0.00196045567282, 0.00962921231985, -0.00369729637168, 0.000834681442939, -0.00201052427292, 0.00168794812635], [-7.3077811976e-05, 0.00042414892232, 0.000721828895621, 0.000762516574468, -0.000146270162077, -0.000528835051227, -0.00121008523274, 0.000646626984235, -0.00369729637168, 0.0103469416499, -0.00402585370466, 0.00120264152065, -0.00123786355834], [3.39119696946e-06, -7.15098794899e-05, 7.98246583145e-06, 0.000366899068467, 4.49001090601e-05, -0.000589753268287, 0.000362009508535, -0.0026257080026, 0.000834681442939, -0.00402585370466, 0.0128498747945, -0.0044464529492, 0.00150997017045], [0.000181893017725, -6.79618897266e-05, 0.000372622278519, 8.54972095112e-05, -0.000173215725226, 0.00063899543602, -0.00123812933452, 0.00255372002721, -0.00201052427292, 0.00120264152065, -0.0044464529492, 0.0130496323109, -0.00598062388599], [0.000111266170279, 0.000728466548026, 0.000158910130267, 0.000119841010019, -0.000565125723369, 0.000627351400908, -0.000226410556934, -0.000437829061411, 0.00168794812635, -0.00123786355834, 0.00150997017045, -0.00598062388599, 0.0110562602058]], "mean": [-650.422302246, 73.1182785034, -1.95193183422, 13.8737125397, -15.2582578659, -2.13529396057, -12.9184541702, -4.24193572998, -4.26318454742, -0.181317850947, -2.97109389305, 3.69097113609, 1.33861327171], "cov": [[13311.3261719, 638.459228516, -220.943099976, 804.037231445, 317.94833374, 590.08190918, 118.124282837, 348.441619873, 63.02891922, 66.8086242676, -22.2471313477, -465.527618408, -433.500213623], [638.459228516, 777.58782959, 62.5362854004, 212.359588623, 155.541244507, 104.028640747, 135.20552063, 105.524665833, 41.6506271362, -18.6771717072, 4.7257809639, -49.2852935791, -87.6189193726], [-220.943099976, 62.5362854004, 524.165222168, 77.1287841797, 98.6376113892, 100.14138031, 57.6646690369, 23.9395637512, 16.7640991211, -33.5404853821, -11.9161834717, -25.838060379, -27.4418678284], [804.037231445, 212.359588623, 77.1287841797, 398.295928955, 263.927703857, 144.005950928, 84.5485839844, 109.933296204, 47.5807685852, -7.29222202301, -0.424559026957, -46.7391052246, -49.4101638794], [317.94833374, 155.541244507, 98.6376113892, 263.927703857, 425.602111816, 145.327346802, 100.579978943, 110.797431946, 63.9783058167, 16.6872062683, 15.7855224609, -15.5068941116, -16.2142906189], [590.08190918, 104.028640747, 100.14138031, 144.005950928, 145.327346802, 278.850616455, 147.463012695, 100.890388489, 36.6544532776, 31.4203014374, 24.5230522156, -37.5134391785, -42.8913230896], [118.124282837, 135.20552063, 57.6646690369, 84.5485839844, 100.579978943, 147.463012695, 250.159683228, 110.914161682, 49.9995307922, 45.6157875061, 33.6469841003, 2.86696219444, -11.1242485046], [348.441619873, 105.524665833, 23.9395637512, 109.933296204, 110.797431946, 100.890388489, 110.914161682, 210.995346069, 59.3330993652, 31.6868171692, 39.3431777954, -34.5224494934, -30.9876003265], [63.02891922, 41.6506271362, 16.7640991211, 47.5807685852, 63.9783058167, 36.6544532776, 49.9995307922, 59.3330993652, 146.587646484, 58.2586364746, 24.8942661285, 10.376329422, -13.2151565552], [66.8086242676, -18.6771717072, -33.5404853821, -7.29222202301, 16.6872062683, 31.4203014374, 45.6157875061, 31.6868171692, 58.2586364746, 146.902526855, 52.9207649231, 15.2846574783, 10.9717788696], [-22.2471313477, 4.7257809639, -11.9161834717, -0.424559026957, 15.7855224609, 24.5230522156, 33.6469841003, 39.3431777954, 24.8942661285, 52.9207649231, 112.574768066, 36.2000846863, 8.08231067657], [-465.527618408, -49.2852935791, -25.838060379, -46.7391052246, -15.5068941116, -37.5134391785, 2.86696219444, -34.5224494934, 10.376329422, 15.2846574783, 36.2000846863, 142.180221558, 80.930015564], [-433.500213623, -87.6189193726, -27.4418678284, -49.4101638794, -16.2142906189, -42.8913230896, -11.1242485046, -30.9876003265, -13.2151565552, 10.9717788696, 8.08231067657, 80.930015564, 147.58140564]]}, "silence_rate_20dB": {"mean": 1, "dvar": 0, "min": 1, "dmean": 0, "dmean2": 0, "dvar2": 0, "max": 1, "median": 1, "var": 0}, "dynamic_complexity": 5.26902294159, "silence_rate_60dB": {"mean": 0.195984899998, "dvar": 0.0311668924987, "min": 0, "dmean": 0.0322035588324, "dmean2": 0.0644135177135, "dvar2": 0.0672238320112, "max": 1, "median": 0, "var": 0.15756726265}, "dissonance": {"mean": 0.465693950653, "dvar": 0.000261314271484, "min": 0.264667242765, "dmean": 0.0157121419907, "dmean2": 0.0262115895748, "dvar2": 0.000695680500939, "max": 0.500000119209, "median": 0.47349563241, "var": 0.000745396537241}, "barkbands": {"mean": [4.3223357352e-05, 0.00118917634245, 0.000906011729967, 0.000668250839226, 0.00167689519003, 0.00159568607341, 0.00150941638276, 0.00183781341184, 0.000714195193723, 0.00102147017606, 0.000332113704644, 0.000526764371898, 0.000340331462212, 0.000438698858488, 0.000524031172972, 0.000441837444669, 0.000647240784019, 0.000427915481851, 0.000457257498056, 0.000560191983823, 0.000545658287592, 0.00051908713067, 0.000431861291872, 0.000246553274337, 0.000129172447487, 6.515980931e-05, 1.49584811879e-05], "dvar": [2.18900675364e-09, 5.68861878492e-06, 3.8303137444e-06, 1.26430779801e-06, 5.98323822487e-06, 2.84387260763e-06, 4.81900406157e-06, 6.47121623842e-06, 1.03151057829e-06, 1.31996887376e-06, 2.71133302476e-07, 7.11635493644e-07, 2.40634932425e-07, 3.44542542052e-07, 3.86694750887e-07, 2.88492941536e-07, 6.69408791509e-07, 2.19287954906e-07, 1.42350003784e-07, 1.99380991717e-07, 1.85689316368e-07, 1.63341852044e-07, 1.84015476634e-07, 1.09513166535e-07, 2.46742661858e-08, 1.18943042082e-08, 1.03688602149e-09], "min": [3.71663366316e-13, 1.66391921942e-12, 1.06847549471e-12, 3.28345965868e-13, 1.87016878763e-13, 2.05286254575e-13, 2.20334316656e-13, 3.80703037454e-13, 5.48442720275e-14, 1.0707414637e-13, 5.20773270969e-14, 6.58553547524e-14, 4.26717004559e-14, 2.99403717422e-14, 9.10883036207e-14, 2.22406321875e-13, 1.1190178016e-13, 3.35077668737e-13, 1.97613965664e-13, 3.28853047224e-13, 4.24030602297e-13, 2.84022019228e-13, 1.77328095784e-12, 2.56496083054e-12, 1.65420834582e-12, 2.16813763124e-12, 1.37452386712e-12], "dmean": [1.99035239348e-05, 0.000856727710925, 0.000661104102619, 0.000475005130284, 0.000927297980525, 0.000879382016137, 0.000898859114386, 0.00102893274743, 0.000422438431997, 0.00055340497056, 0.000206932090805, 0.000335966527928, 0.000213161358261, 0.000259571272181, 0.000298950704746, 0.000240671099164, 0.000341667910106, 0.000209045960219, 0.000208735000342, 0.000238747728872, 0.000210466940189, 0.000194406398805, 0.00016473843425, 0.000100655888673, 6.06431203778e-05, 3.56203745469e-05, 1.07395080704e-05], "dmean2": [2.87757866317e-05, 0.00134328845888, 0.00110163027421, 0.000765858276282, 0.00146095233504, 0.00139386986848, 0.00139921740629, 0.00146935961675, 0.000659136218019, 0.000828215968795, 0.000325522589264, 0.000536627077963, 0.000339626625646, 0.000415471877204, 0.000481883005705, 0.000384031009162, 0.000558916246518, 0.000341317499988, 0.000337766279699, 0.000389694236219, 0.000338261568686, 0.000304184795823, 0.000251738267252, 0.000152923676069, 9.09462032723e-05, 5.36301849934e-05, 1.59714163601e-05], "dvar2": [4.39019576248e-09, 1.3588622096e-05, 1.05350536614e-05, 3.2319278489e-06, 1.58847196872e-05, 7.30446345187e-06, 1.23405206978e-05, 1.38060677273e-05, 2.46154013439e-06, 3.07993877868e-06, 6.76705553815e-07, 1.94511676455e-06, 5.90867614392e-07, 8.53914116306e-07, 9.69170514509e-07, 6.63229457132e-07, 1.64672030678e-06, 5.23585129031e-07, 3.37631547609e-07, 4.8853246426e-07, 4.86688747969e-07, 3.87536715607e-07, 3.6851480445e-07, 2.47344900117e-07, 5.50902186092e-08, 2.90294011052e-08, 2.29256125195e-09], "max": [0.000906678964384, 0.0341681502759, 0.0413672551513, 0.0249664355069, 0.0477500930429, 0.0255648083985, 0.0482578575611, 0.0595937669277, 0.0267848521471, 0.028404392302, 0.0134412571788, 0.0288592185825, 0.0153189916164, 0.0155658656731, 0.0119423475116, 0.0181297548115, 0.0242863092571, 0.0130808660761, 0.00766095612198, 0.0121422456577, 0.0112729547545, 0.0120459236205, 0.0133887361735, 0.0123041020706, 0.00375972408801, 0.00482116034254, 0.000874912657309], "median": [2.6583991712e-05, 0.000174414075445, 0.000132404034957, 0.000191475701286, 0.000800741720013, 0.000730357714929, 0.000552242621779, 0.000397345342208, 0.000216399814235, 0.000327726418618, 0.00010260851559, 0.000195095490199, 0.000136179907713, 0.000168764934642, 0.000184096978046, 0.000167103571584, 0.000254704500549, 0.000209946301766, 0.00023462579702, 0.000299165549222, 0.000304744404275, 0.000258218351519, 0.000175621840754, 9.04914631974e-05, 4.47384663858e-05, 2.35377701756e-05, 3.39978782904e-06], "var": [3.90715992893e-09, 7.65773620515e-06, 3.76486264031e-06, 1.58177931553e-06, 8.27340863907e-06, 5.67373535887e-06, 7.48782304072e-06, 1.67736907315e-05, 2.20257447836e-06, 3.69851545656e-06, 5.23050346146e-07, 1.16475075629e-06, 4.01026454711e-07, 7.06049490873e-07, 8.42365352582e-07, 8.03358489065e-07, 1.68221015429e-06, 5.17130274602e-07, 4.2050962179e-07, 5.88500199683e-07, 5.0427718179e-07, 5.56703128041e-07, 6.42887528102e-07, 2.38912576833e-07, 6.41542499125e-08, 1.92783993214e-08, 1.56885737734e-09]}, "spectral_complexity": {"mean": 20.7441864014, "dvar": 14.2216444016, "min": 0, "dmean": 3.19073653221, "dmean2": 5.07634210587, "dvar2": 33.4738235474, "max": 63, "median": 21, "var": 197.49647522}, "spectral_energyband_high": {"mean": 0.00220977491699, "dvar": 1.50802236476e-06, "min": 1.03893465012e-11, "dmean": 0.000610171991866, "dmean2": 0.00089758093236, "dvar2": 3.09992447001e-06, "max": 0.025331215933, "median": 0.00123058445752, "var": 7.82777078712e-06}, "hfc": {"mean": 28.1991214752, "dvar": 104.289993286, "min": 1.14347898261e-07, "dmean": 6.04623222351, "dmean2": 8.87622737885, "dvar2": 215.1927948, "max": 245.49810791, "median": 22.4945869446, "var": 722.010314941}, "melbands_kurtosis": {"mean": 9.02573776245, "dvar": 83.5932312012, "min": -1.89153134823, "dmean": 4.66893053055, "dmean2": 7.24663448334, "dvar2": 215.460891724, "max": 269.167572021, "median": 4.83714675903, "var": 195.478637695}, "spectral_strongpeak": {"mean": 1.15771043301, "dvar": 1.08737635612, "min": 0, "dmean": 0.629998385906, "dmean2": 1.06298065186, "dvar2": 2.75129771233, "max": 15.1085653305, "median": 0.732989668846, "var": 1.88476037979}, "silence_rate_30dB": {"mean": 1, "dvar": 0, "min": 1, "dmean": 0, "dmean2": 0, "dvar2": 0, "max": 1, "median": 1, "var": 0}, "melbands_spread": {"mean": 41.9338378906, "dvar": 198.057312012, "min": 2.04939317703, "dmean": 10.8144569397, "dmean2": 16.4561691284, "dvar2": 434.919189453, "max": 264.916168213, "median": 36.8882675171, "var": 763.736083984}, "melbands_crest": {"mean": 12.9908828735, "dvar": 8.76358795166, "min": 2.70549201965, "dmean": 3.1612174511, "dmean2": 5.0145406723, "dvar2": 21.9652996063, "max": 39.4236183167, "median": 11.8668689728, "var": 33.6888160706}, "average_loudness": 0.832805037498, "spectral_flux": {"mean": 0.0656492710114, "dvar": 0.000366155582014, "min": 6.83010657667e-05, "dmean": 0.0155885722488, "dmean2": 0.0247995313257, "dvar2": 0.000815875886474, "max": 0.314042329788, "median": 0.0661137551069, "var": 0.00156494614203}, "spectral_rolloff": {"mean": 3125.7409668, "dvar": 1353656.125, "min": 21.533203125, "dmean": 820.41192627, "dmean2": 1319.578125, "dvar2": 3090995, "max": 13888.9160156, "median": 2928.515625, "var": 4118472.25}, "melbands": {"mean": [0.000279569678241, 0.000501926173456, 0.0003735908831, 0.00035803753417, 0.000251496996498, 0.000316080375342, 0.000351823313395, 0.000248650554568, 0.000345053733326, 0.000108554348117, 0.000147481405293, 9.41055113799e-05, 4.81298739032e-05, 6.02939799137e-05, 4.63052128907e-05, 3.43370884366e-05, 4.92237522849e-05, 3.65912273992e-05, 3.24315151374e-05, 3.42164275935e-05, 3.46305314451e-05, 3.51420167135e-05, 2.80183267023e-05, 2.06732529477e-05, 1.70219718711e-05, 1.80770712177e-05, 1.93833730009e-05, 1.73739299498e-05, 1.39612702696e-05, 1.3174997548e-05, 1.16000910566e-05, 1.12244433694e-05, 9.14081556402e-06, 8.57131726661e-06, 7.1228341767e-06, 5.03579758515e-06, 3.45255466527e-06, 2.44457987719e-06, 1.86302884231e-06, 1.25074757307e-06], "dvar": [4.35943718458e-07, 6.61056049012e-07, 3.31777300744e-07, 3.86942929254e-07, 8.32442879073e-08, 1.25137560758e-07, 1.94925320329e-07, 1.52220749783e-07, 2.43963654611e-07, 2.33125430071e-08, 3.36189707184e-08, 1.65865401414e-08, 5.44386802304e-09, 1.10180415902e-08, 4.13840073321e-09, 1.82370163415e-09, 4.99708896484e-09, 1.96968397148e-09, 1.40208544774e-09, 1.72816283506e-09, 1.73341518916e-09, 2.91214385939e-09, 1.58299373609e-09, 6.04838013007e-10, 3.54371088029e-10, 2.91984103562e-10, 3.19152620998e-10, 2.52317028382e-10, 1.68472721884e-10, 1.38213995804e-10, 9.56637477567e-11, 8.51192241691e-11, 8.82085723908e-11, 9.259055328e-11, 7.23221829646e-11, 4.31198965423e-11, 3.75688785637e-11, 1.34629390969e-11, 4.00314156823e-12, 2.59942501551e-12], "min": [4.61093890933e-13, 5.93811241498e-13, 2.04684766315e-13, 3.30853271483e-14, 4.68440458407e-14, 4.24365268403e-14, 4.21399230072e-14, 7.53038988588e-14, 4.54702329391e-14, 7.87334065132e-15, 1.36206209817e-14, 1.2817563444e-14, 6.50317041496e-15, 5.92994891472e-15, 8.47623159812e-15, 2.68560795652e-15, 1.68831549371e-15, 5.72335630833e-15, 7.19451404783e-15, 9.68040412912e-15, 1.72535173404e-14, 5.33254801197e-15, 1.81169522337e-14, 1.27991481007e-14, 8.90834969133e-15, 7.76527788197e-15, 2.92760251669e-15, 1.07708396171e-14, 2.4586132487e-14, 7.80005027852e-15, 1.43611969224e-15, 6.64984136956e-15, 6.22751370667e-15, 1.06619797897e-14, 5.08433390062e-14, 1.75426571192e-14, 3.00164149721e-14, 3.77840662404e-14, 2.29860652268e-14, 1.19064888767e-14], "dmean": [0.000215707055759, 0.000319411425153, 0.000238620268647, 0.000212910628761, 0.000131270004204, 0.000178644186235, 0.000200088950805, 0.000142184333527, 0.000192378312931, 6.10812494415e-05, 8.07000687928e-05, 5.25918585481e-05, 2.92020249617e-05, 3.83247315767e-05, 2.74506692222e-05, 2.02962164622e-05, 2.96996859106e-05, 2.17739325308e-05, 1.75637978828e-05, 1.85605476872e-05, 1.88696503756e-05, 1.86243978533e-05, 1.51994008775e-05, 1.06757524918e-05, 8.49625575938e-06, 8.99029782886e-06, 9.14134852792e-06, 8.23911523185e-06, 6.20209721092e-06, 5.82942766414e-06, 5.04314675709e-06, 4.62571506432e-06, 3.87742102248e-06, 3.70224461221e-06, 3.16669525091e-06, 2.21139384848e-06, 1.58265959271e-06, 1.1476806776e-06, 9.40084817103e-07, 6.26518840363e-07], "dmean2": [0.00033371229074, 0.000516747357324, 0.000381928635761, 0.000338871206623, 0.000202570372494, 0.000284574256511, 0.000310091651045, 0.000216258573346, 0.000274274701951, 9.43490958889e-05, 0.000120276199596, 8.06258176453e-05, 4.59808252344e-05, 6.12326621194e-05, 4.35301590187e-05, 3.23224921885e-05, 4.74221160403e-05, 3.53215255018e-05, 2.81324591924e-05, 2.97876995319e-05, 3.05081812257e-05, 3.02370535792e-05, 2.45304345299e-05, 1.76630892383e-05, 1.38094201247e-05, 1.45211788549e-05, 1.48620720211e-05, 1.35672617034e-05, 1.01605237433e-05, 9.50695175561e-06, 8.08180811873e-06, 7.29869771021e-06, 6.14331611359e-06, 5.85997440794e-06, 4.99749785376e-06, 3.35948561769e-06, 2.43508407038e-06, 1.80811923656e-06, 1.4790904288e-06, 9.70824089563e-07], "dvar2": [1.01254272522e-06, 1.77667311618e-06, 8.50257606544e-07, 1.02701619653e-06, 1.95762680733e-07, 3.24705553112e-07, 4.88765806494e-07, 3.81479480893e-07, 5.03171406763e-07, 5.59437758341e-08, 7.9212775006e-08, 3.85918532686e-08, 1.37813822576e-08, 3.0619307978e-08, 1.01642303463e-08, 4.50486270509e-09, 1.23933610041e-08, 5.02898567234e-09, 3.46320727651e-09, 4.09466327511e-09, 4.0458600914e-09, 6.79783607183e-09, 3.65739638575e-09, 1.55063661911e-09, 8.58430548867e-10, 6.93810953134e-10, 8.02701294322e-10, 6.39665598268e-10, 4.38893477117e-10, 3.66676883301e-10, 2.44539333227e-10, 2.1085529156e-10, 2.08765310594e-10, 2.05381892049e-10, 1.65279470665e-10, 9.16465653367e-11, 8.74983696608e-11, 3.42600045555e-11, 9.35815921282e-12, 6.11074385537e-12], "max": [0.00988379493356, 0.0148996002972, 0.0122374370694, 0.0135507071391, 0.00775120873004, 0.00554956914857, 0.00773922400549, 0.0148508120328, 0.0124294888228, 0.00419529201463, 0.00545591441914, 0.00340205361135, 0.00213003531098, 0.0043971138075, 0.00211427127942, 0.00109101645648, 0.00193143764045, 0.00104140222538, 0.000914162723348, 0.00133646233007, 0.00171082164161, 0.00213430938311, 0.00107651529834, 0.000813086167909, 0.000631500442978, 0.000397044350393, 0.000428244791692, 0.000425727950642, 0.000393986701965, 0.00035896175541, 0.000216388143599, 0.000247436284553, 0.000350044952938, 0.000250186334597, 0.000265122449491, 0.000218725646846, 0.000276132952422, 0.000176069152076, 4.58336799056e-05, 4.46053491032e-05], "median": [3.94045200665e-05, 8.99218503037e-05, 0.000139293464599, 0.000144493838889, 9.123327618e-05, 0.000133725829073, 0.000146112550283, 7.87386015872e-05, 7.37351801945e-05, 3.63388171536e-05, 4.87824727315e-05, 2.96719081234e-05, 1.68086116901e-05, 2.33760692936e-05, 1.90280479728e-05, 1.49105489982e-05, 1.73673070094e-05, 1.39970270538e-05, 1.19823225759e-05, 1.24022935779e-05, 1.37865081342e-05, 1.29273266793e-05, 1.18674252008e-05, 9.18648038351e-06, 7.15703390597e-06, 8.79184790392e-06, 9.57578049565e-06, 8.29445798445e-06, 6.9647339842e-06, 7.47977810533e-06, 5.74829346078e-06, 5.45995999346e-06, 4.06733943237e-06, 3.45538842339e-06, 2.81562370219e-06, 1.88269109458e-06, 1.171709755e-06, 7.81815629125e-07, 7.16917952559e-07, 3.81755853596e-07], "var": [5.28093892171e-07, 9.21924538488e-07, 4.11087825114e-07, 5.1189857686e-07, 1.98842883492e-07, 2.40876119051e-07, 3.39212760991e-07, 2.48771073075e-07, 6.50966455851e-07, 4.99369150475e-08, 8.78117560887e-08, 4.23002539662e-08, 1.05514406101e-08, 1.63739741765e-08, 7.60002549782e-09, 3.30724381215e-09, 9.98757432313e-09, 3.91127175092e-09, 3.36995964467e-09, 4.29034630045e-09, 5.26251842103e-09, 6.84154688457e-09, 3.27673288503e-09, 1.34456423773e-09, 8.3378792759e-10, 7.52029771789e-10, 8.18997647478e-10, 6.31674601514e-10, 4.31264218781e-10, 2.91724783219e-10, 2.62243449178e-10, 2.64953087248e-10, 2.37482228327e-10, 2.6711052814e-10, 1.87674820129e-10, 1.09019848704e-10, 6.4662733501e-11, 2.47490517663e-11, 9.19205076638e-12, 6.01104062359e-12]}, "spectral_energy": {"mean": 0.0178110226989, "dvar": 5.10671161464e-05, "min": 1.63384878543e-11, "dmean": 0.00460861902684, "dmean2": 0.00707714026794, "dvar2": 0.00012643399532, "max": 0.125265389681, "median": 0.0166596472263, "var": 0.000208609053516}, "spectral_decrease": {"mean": -4.04143341015e-09, "dvar": 3.13959358665e-18, "min": -3.06060918831e-08, "dmean": 1.12412512632e-09, "dmean2": 1.7304420119e-09, "dvar2": 7.85202519955e-18, "max": -1.58093002399e-18, "median": -3.73554476241e-09, "var": 1.11520912047e-17}, "erbbands_spread": {"mean": 47.1513786316, "dvar": 60.5874595642, "min": 3.09354090691, "dmean": 7.96598339081, "dmean2": 12.431851387, "dvar2": 140.714874268, "max": 132.954467773, "median": 46.7175521851, "var": 246.631515503}, "spectral_contrast_coeffs": {"mean": [-0.624527931213, -0.696036994457, -0.738073647022, -0.761119365692, -0.76727104187, -0.723576068878], "dvar": [0.00161817634944, 0.00150723767001, 0.00106392486487, 0.000649436551612, 0.000400710647227, 0.000326690933434], "min": [-0.970289051533, -0.966334819794, -0.970246613026, -0.966213226318, -0.95710670948, -0.961452960968], "dmean": [0.0464157424867, 0.0457486920059, 0.0391076058149, 0.0313495621085, 0.0236163195223, 0.0185524299741], "dmean2": [0.073671631515, 0.0729262530804, 0.0615201964974, 0.0500217489898, 0.0382439419627, 0.0289079491049], "dvar2": [0.00383140984923, 0.00370355159976, 0.00255437823944, 0.00155713583808, 0.000950003159232, 0.000732390501071], "max": [-0.270038694143, -0.407332807779, -0.439651608467, -0.53962212801, -0.538608968258, -0.583468914032], "median": [-0.63457608223, -0.699235022068, -0.747252225876, -0.766328930855, -0.774344742298, -0.721331000328], "var": [0.0127172600478, 0.00633930694312, 0.0058888788335, 0.00325342267752, 0.00223840284161, 0.0017243095208]}, "spectral_energyband_middle_high": {"mean": 0.00519860209897, "dvar": 3.94655080527e-06, "min": 1.28782976037e-12, "dmean": 0.00136000791099, "dmean2": 0.00211043772288, "dvar2": 9.72072120931e-06, "max": 0.0357823707163, "median": 0.00383334187791, "var": 2.77264662145e-05}, "erbbands_crest": {"mean": 8.96122360229, "dvar": 6.80854892731, "min": 2.4205300808, "dmean": 2.63078069687, "dmean2": 4.21371746063, "dvar2": 16.7325801849, "max": 32.3486862183, "median": 7.71981048584, "var": 21.7666816711}, "barkbands_crest": {"mean": 8.50149726868, "dvar": 5.41508340836, "min": 1.99645423889, "dmean": 2.42416191101, "dmean2": 3.89888453484, "dvar2": 14.0348939896, "max": 25.7738399506, "median": 7.56569099426, "var": 16.9645214081}, "pitch_salience": {"mean": 0.555116593838, "dvar": 0.00332060363144, "min": 0.0447503812611, "dmean": 0.0633738413453, "dmean2": 0.101027473807, "dvar2": 0.0083369333297, "max": 0.869222402573, "median": 0.572700202465, "var": 0.0142486104742}, "melbands_skewness": {"mean": 2.31283712387, "dvar": 0.482644885778, "min": -2.00638341904, "dmean": 0.599816262722, "dmean2": 0.915702342987, "dvar2": 1.1634105444, "max": 15.8526716232, "median": 2.04957866669, "var": 1.94715166092}, "spectral_spread": {"mean": 5516364.5, "dvar": 453459673088, "min": 2053132.875, "dmean": 487631.53125, "dmean2": 747039.6875, "dvar2": 899222274048, "max": 40897292, "median": 5388885, "var": 1868230688770.0}, "spectral_entropy": {"mean": 7.76517391205, "dvar": 0.0190883800387, "min": 5.12973928452, "dmean": 0.12518325448, "dmean2": 0.185860127211, "dvar2": 0.0410988889635, "max": 9.80648136139, "median": 7.85759782791, "var": 0.189675763249}, "erbbands_flatness_db": {"mean": 0.145548179746, "dvar": 0.00021442756406, "min": 0.0223068576306, "dmean": 0.0145442811772, "dmean2": 0.0212205443531, "dvar2": 0.000445482262876, "max": 0.349223077297, "median": 0.138819843531, "var": 0.0016326457262}, "spectral_kurtosis": {"mean": 2.37710046768, "dvar": 0.485264897346, "min": -1.22184598446, "dmean": 0.651807248592, "dmean2": 1.07438528538, "dvar2": 1.33274328709, "max": 10.4500436783, "median": 2.17362451553, "var": 1.57309603691}, "erbbands_skewness": {"mean": 0.113287694752, "dvar": 0.142073526978, "min": -5.24325990677, "dmean": 0.356384724379, "dmean2": 0.537897706032, "dvar2": 0.316857784986, "max": 7.07301902771, "median": 0.0608002990484, "var": 0.799112021923}, "erbbands_kurtosis": {"mean": 0.0071465568617, "dvar": 2.7575969696, "min": -1.82144773006, "dmean": 0.818991065025, "dmean2": 1.29912161827, "dvar2": 6.21912336349, "max": 64.2055282593, "median": -0.653965473175, "var": 6.11290836334}, "barkbands_spread": {"mean": 34.5253105164, "dvar": 58.7730140686, "min": 1.91154837608, "dmean": 6.63214063644, "dmean2": 10.1560058594, "dvar2": 152.182373047, "max": 120.611793518, "median": 33.3700790405, "var": 229.347000122}, "zerocrossingrate": {"mean": 0.106245040894, "dvar": 0.000246010546107, "min": 0.01171875, "dmean": 0.0139550594613, "dmean2": 0.0156402885914, "dvar2": 0.000282227672869, "max": 0.45556640625, "median": 0.10009765625, "var": 0.00203656731173}, "spectral_centroid": {"mean": 2052.30810547, "dvar": 100142.679688, "min": 330.384246826, "dmean": 300.335876465, "dmean2": 452.18447876, "dvar2": 203595.296875, "max": 10964.1455078, "median": 2064.72509766, "var": 573337.1875}, "barkbands_skewness": {"mean": 0.983107566833, "dvar": 0.271572679281, "min": -4.35439252853, "dmean": 0.457012325525, "dmean2": 0.689610183239, "dvar2": 0.668509542942, "max": 9.06863307953, "median": 0.837443709373, "var": 1.1805934906}, "melbands_flatness_db": {"mean": 0.135581895709, "dvar": 0.000415795802837, "min": 0.021688926965, "dmean": 0.0205097999424, "dmean2": 0.0306468289346, "dvar2": 0.00095199723728, "max": 0.356627672911, "median": 0.126079633832, "var": 0.00301687349565}, "spectral_contrast_valleys": {"mean": [-8.71017456055, -7.17857503891, -7.8909239769, -8.17985057831, -7.70947313309, -9.92179775238], "dvar": [0.196822047234, 0.0959903895855, 0.100923299789, 0.102356918156, 0.101560756564, 0.0902844667435], "min": [-27.9957637787, -27.1684074402, -26.9739608765, -27.0781803131, -27.2464618683, -27.2629508972], "dmean": [0.438447833061, 0.324254840612, 0.316378057003, 0.287908673286, 0.242703184485, 0.222573399544], "dmean2": [0.690072119236, 0.528463065624, 0.506773531437, 0.452758401632, 0.377349585295, 0.311053395271], "dvar2": [0.398438245058, 0.214925274253, 0.217490106821, 0.219868242741, 0.211586296558, 0.156335711479], "max": [-5.5079574585, -4.60459661484, -5.33546257019, -5.97857236862, -5.49763345718, -7.39955043793], "median": [-8.11064243317, -6.86369466782, -7.44518041611, -7.62219619751, -7.16192913055, -9.61850166321], "var": [3.75047898293, 1.7084903717, 2.11567807198, 2.30068683624, 2.30276107788, 1.77162003517]}, "barkbands_flatness_db": {"mean": 0.0946770459414, "dvar": 0.000292057404295, "min": 0.0162916686386, "dmean": 0.0163053292781, "dmean2": 0.0250210389495, "dvar2": 0.00072876131162, "max": 0.357239753008, "median": 0.0833258554