{"lowlevel": {"spectral_strongpeak": {"max": 8.71801567078, "dmean": 0.217209339142, "dvar2": 0.320537775755, "dmean2": 0.380691200495, "var": 0.100016877055, "median": 0.282832354307, "min": 0, "dvar": 0.114717200398, "mean": 0.356445938349}, "barkbands_flatness_db": {"max": 0.48602309823, "dmean": 0.0210282467306, "dvar2": 0.00105714320671, "dmean2": 0.0343889482319, "var": 0.00362731283531, "median": 0.0994632616639, "min": 0.0318568982184, "dvar": 0.000410083099268, "mean": 0.116783611476}, "barkbands_skewness": {"max": 28.4030361176, "dmean": 0.620421588421, "dvar2": 1.57706940174, "dmean2": 1.02044987679, "var": 6.05705308914, "median": 1.4487657547, "min": -0.458439528942, "dvar": 0.617279827595, "mean": 2.08204960823}, "spectral_energyband_middle_high": {"max": 0.0232283212245, "dmean": 0.00148176949006, "dvar2": 6.0609436332e-06, "dmean2": 0.00238532549702, "var": 1.33196836032e-05, "median": 0.00775148440152, "min": 1.23253718343e-09, "dvar": 2.41419343183e-06, "mean": 0.00762052135542}, "erbbands_kurtosis": {"max": 19.3427829742, "dmean": 0.580951571465, "dvar2": 1.38526070118, "dmean2": 0.958472907543, "var": 1.30817675591, "median": -0.322418183088, "min": -1.6749638319, "dvar": 0.514190852642, "mean": -0.141248881817}, "erbbands_crest": {"max": 23.144405365, "dmean": 1.44447565079, "dvar2": 5.12063598633, "dmean2": 2.45716762543, "var": 4.8543510437, "median": 5.0541434288, "min": 2.07304215431, "dvar": 1.91785824299, "mean": 5.61098241806}, "dynamic_complexity": 1.66178834438, "barkbands_crest": {"max": 26.6765270233, "dmean": 3.16092371941, "dvar2": 21.7934341431, "dmean2": 5.34509325027, "var": 19.8582572937, "median": 9.9988527298, "min": 2.66892957687, "dvar": 7.88255405426, "mean": 10.7432355881}, "dissonance": {"max": 0.500000119209, "dmean": 0.00732030440122, "dvar2": 0.000134322181111, "dmean2": 0.0125572951511, "var": 8.69274299475e-05, "median": 0.488748550415, "min": 0.385074555874, "dvar": 4.68931284558e-05, "mean": 0.486971825361}, "spectral_energyband_low": {"max": 0.228083580732, "dmean": 0.0151939801872, "dvar2": 0.00107925932389, "dmean2": 0.0253832116723, "var": 0.000500962720253, "median": 0.0221405215561, "min": 6.52058540496e-09, "dvar": 0.000423621153459, "mean": 0.0276756267995}, "spectral_contrast_coeffs": {"max": [-0.411874204874, -0.539165377617, -0.60363638401, -0.642483472824, -0.67006534338, -0.558649361134], "dmean": [0.0535443909466, 0.0473983176053, 0.0354481972754, 0.027396004647, 0.0186491478235, 0.0170285347849], "dvar2": [0.00516842864454, 0.00384442042559, 0.00211428338662, 0.00126581464428, 0.000596473109908, 0.000547576521058], "dmean2": [0.0903279185295, 0.0794825926423, 0.0601523593068, 0.0467755571008, 0.0315950103104, 0.0276592392474], "var": [0.00416944688186, 0.00331293186173, 0.00210597692057, 0.00124261691235, 0.000801367743406, 0.00170643115416], "median": [-0.689909636974, -0.758007407188, -0.804743647575, -0.803789079189, -0.797163069248, -0.715629935265], "min": [-0.910061597824, -0.940121769905, -0.931411385536, -0.932655513287, -0.908906877041, -0.898104608059], "dvar": [0.00186373305041, 0.00137756520417, 0.000754796259571, 0.000446815305622, 0.000206227981835, 0.00022359736613], "mean": [-0.686948239803, -0.756889104843, -0.80094575882, -0.802427113056, -0.798841655254, -0.71759557724]}, "silence_rate_60dB": {"max": 1, "dmean": 0.000918442325201, "dvar2": 0.00275264121592, "dmean2": 0.0018370533362, "var": 0.00756717799231, "median": 0, "min": 0, "dvar": 0.000917708151974, "mean": 0.00762237142771}, "mfcc": {"icov": [[0.000663676764816, 0.00129495910369, 0.0011403550161, -0.00035388264223, 0.000973380054347, 0.000208084689802, 0.000695736205671, -0.000213652398088, 0.000941046979278, -4.10011089116e-05, 0.00055110239191, -0.000419406947913, 0.000272844859865], [0.00129495910369, 0.0061128474772, 0.00283418456092, -0.00219319597818, 0.00143802375533, -0.000435244000982, 0.000538023537956, -0.000150830979692, -0.000653663475532, 0.0011507574236, -0.000526779971551, 0.00025778557756, 0.000688471540343], [0.0011403550161, 0.00283418456092, 0.00784721411765, 0.00180302618537, -0.00278842682019, -0.000797472835984, 0.00244214874692, -0.00289654126391, 0.00187796121463, -0.00112934003118, -0.00149287143722, 0.00206119660288, -0.000880341103766], [-0.00035388264223, -0.00219319597818, 0.00180302618537, 0.0113494610414, -0.0033850108739, -0.00246056215838, 0.00155422405805, 0.00294639612548, -0.00258336542174, 0.00137040670961, 0.00111567974091, -0.00252287043259, 0.00337399356067], [0.000973380054347, 0.00143802375533, -0.00278842682019, -0.0033850108739, 0.020897815004, -0.00649366062135, -7.9943005403e-05, 0.00094088766491, 0.000683870399371, -0.00275509851053, 0.0011204041075, -0.000768407597207, -0.000956494768616], [0.000208084689802, -0.000435244000982, -0.000797472835984, -0.00246056215838, -0.00649366062135, 0.0265536680818, -0.0106641631573, -0.00095377501566, 0.000940933008678, 0.00116807257291, -0.0014074400533, 0.000740423100069, 0.000810352212284], [0.000695736205671, 0.000538023537956, 0.00244214874692, 0.00155422405805, -7.9943005403e-05, -0.0106641631573, 0.0277629066259, -0.0123760458082, -0.000812347454485, 0.00548236863688, 6.41277292743e-05, -0.00324423564598, 0.000765461532865], [-0.000213652398088, -0.000150830979692, -0.00289654126391, 0.00294639612548, 0.00094088766491, -0.00095377501566, -0.0123760458082, 0.0308669507504, -0.00925070606172, -0.00489061558619, 0.00584688782692, -0.000345695210854, -1.21210496218e-05], [0.000941046979278, -0.000653663475532, 0.00187796121463, -0.00258336542174, 0.000683870399371, 0.000940933008678, -0.000812347454485, -0.00925070606172, 0.0302566122264, -0.0106399357319, -0.00231899018399, 0.00418293522671, -0.00111470406409], [-4.10011089116e-05, 0.0011507574236, -0.00112934003118, 0.00137040670961, -0.00275509851053, 0.00116807257291, 0.00548236863688, -0.00489061558619, -0.0106399357319, 0.0366728119552, -0.0154430447146, 9.57732117968e-05, 0.00147044414189], [0.00055110239191, -0.000526779971551, -0.00149287143722, 0.00111567974091, 0.0011204041075, -0.0014074400533, 6.41277292743e-05, 0.00584688782692, -0.00231899018399, -0.0154430447146, 0.0404960289598, -0.0186290238053, 0.00280246278271], [-0.000419406947913, 0.00025778557756, 0.00206119660288, -0.00252287043259, -0.000768407597207, 0.000740423100069, -0.00324423564598, -0.000345695210854, 0.00418293522671, 9.57732117968e-05, -0.0186290238053, 0.0441857948899, -0.0193889904767], [0.000272844859865, 0.000688471540343, -0.000880341103766, 0.00337399356067, -0.000956494768616, 0.000810352212284, 0.000765461532865, -1.21210496218e-05, -0.00111470406409, 0.00147044414189, 0.00280246278271, -0.0193889904767, 0.0363846123219]], "cov": [[5337.72167969, -748.316101074, -655.270385742, 31.4797019958, -349.265411377, -243.125778198, -218.038391113, -184.341537476, -244.24432373, -125.74394989, -126.498519897, 28.6785507202, -21.2573928833], [-748.316101074, 373.515380859, -46.8516235352, 76.1868743896, 22.8332805634, 35.1307792664, 29.676902771, 7.61592197418, 42.5546112061, -2.47990965843, 10.2167739868, -6.17854881287, -13.1340723038], [-655.270385742, -46.8516235352, 304.196166992, -70.2121582031, 74.5601501465, 33.4182434082, 19.6408157349, 44.8246192932, 22.3833312988, 36.8591537476, 25.1708869934, -7.06851100922, 13.9795227051], [31.4797019958, 76.1868743896, -70.2121582031, 132.921081543, 7.68065404892, 10.5840539932, -5.56223583221, -20.3595142365, 4.37163114548, -11.4282894135, -5.0312628746, 1.52958977222, -13.8275938034], [-349.265411377, 22.8332805634, 74.5601501465, 7.68065404892, 84.7429580688, 34.1892127991, 18.9217586517, 14.833776474, 15.2401351929, 13.9908361435, 10.4239311218, 0.462103098631, 3.696849823], [-243.125778198, 35.1307792664, 33.4182434082, 10.5840539932, 34.1892127991, 65.0235824585, 35.1605110168, 18.9407081604, 12.4487953186, 2.61662864685, 4.61487913132, -0.830788731575, -0.819816350937], [-218.038391113, 29.676902771, 19.6408157349, -5.56223583221, 18.9217586517, 35.1605110168, 68.7397613525, 33.5631828308, 15.9801568985, -0.88425552845, 0.944266140461, 1.05682110786, 1.35963189602], [-184.341537476, 7.61592197418, 44.8246192932, -20.3595142365, 14.833776474, 18.9407081604, 33.5631828308, 60.1405220032, 24.8271007538, 12.7507581711, 0.962246537209, -3.31093215942, 1.8996450901], [-244.24432373, 42.5546112061, 22.3833312988, 4.37163114548, 15.2401351929, 12.4487953186, 15.9801568985, 24.8271007538, 56.7569580078, 21.8401641846, 11.2913484573, -2.84869647026, -0.57354581356], [-125.74394989, -2.47990965843, 36.8591537476, -11.4282894135, 13.9908361435, 2.61662864685, -0.88425552845, 12.7507581711, 21.8401641846, 47.3977622986, 22.8872108459, 5.58428478241, 3.24036359787], [-126.498519897, 10.2167739868, 25.1708869934, -5.0312628746, 10.4239311218, 4.61487913132, 0.944266140461, 0.962246537209, 11.2913484573, 22.8872108459, 44.7703895569, 18.6888179779, 7.91424274445], [28.6785507202, -6.17854881287, -7.06851100922, 1.52958977222, 0.462103098631, -0.830788731575, 1.05682110786, -3.31093215942, -2.84869647026, 5.58428478241, 18.6888179779, 39.9672050476, 19.1419868469], [-21.2573928833, -13.1340723038, 13.9795227051, -13.8275938034, 3.696849823, -0.819816350937, 1.35963189602, 1.8996450901, -0.57354581356, 3.24036359787, 7.91424274445, 19.1419868469, 39.0425033569]], "mean": [-587.276672363, 103.870315552, -5.63679647446, 51.1071624756, 13.6678905487, 12.8712472916, 7.10475540161, 7.50666666031, 4.39611339569, 2.38073682785, -3.9517865181, 3.7448246479, 1.61348736286]}, "melbands_spread": {"max": 77.7704925537, "dmean": 8.16695404053, "dvar2": 163.782653809, "dmean2": 13.5404911041, "var": 172.901016235, "median": 25.1918582916, "min": 0.164476245642, "dvar": 61.4447784424, "mean": 25.5038566589}, "barkbands_kurtosis": {"max": 1180.08789063, "dmean": 5.69586849213, "dvar2": 1426.34265137, "dmean2": 9.41464805603, "var": 2614.95214844, "median": 0.760018050671, "min": -1.67254090309, "dvar": 553.097106934, "mean": 11.4703464508}, "spectral_energyband_high": {"max": 0.010136757046, "dmean": 0.000487667944981, "dvar2": 1.28725696413e-06, "dmean2": 0.000822125235572, "var": 1.02095555121e-06, "median": 0.00186141894665, "min": 1.34185051959e-09, "dvar": 4.7475381848e-07, "mean": 0.00182375335135}, "hfc": {"max": 93.7562637329, "dmean": 5.46534967422, "dvar2": 114.195739746, "dmean2": 8.7668390274, "var": 187.896850586, "median": 34.3934211731, "min": 1.77720703505e-05, "dvar": 45.7616462708, "mean": 32.3214073181}, "spectral_skewness": {"max": 3.38867235184, "dmean": 0.140419960022, "dvar2": 0.0516212619841, "dmean2": 0.234269753098, "var": 0.0933313444257, "median": 1.0528948307, "min": 0.114590898156, "dvar": 0.0199027881026, "mean": 1.09431886673}, "erbbands": {"max": [7.41448020935, 44.0186920166, 69.7717971802, 114.540420532, 183.546951294, 166.80329895, 191.257675171, 171.336624146, 235.032424927, 286.099639893, 192.835922241, 300.488739014, 265.436279297, 420.354248047, 278.711334229, 176.441955566, 210.073242188, 279.276611328, 350.510070801, 396.636688232, 976.358703613, 366.511260986, 274.226623535, 239.811737061, 409.755218506, 199.892303467, 215.212188721, 232.4793396, 86.8285369873, 83.6892547607, 53.5805778503, 39.3433990479, 14.5692043304, 9.37732887268, 9.450050354, 2.51965618134, 1.18463182449, 0.138754427433, 0.0138600897044, 0.000458439695649], "dmean": [0.513112485409, 2.46830630302, 4.09013557434, 6.30524349213, 9.14916038513, 9.42491340637, 10.2804107666, 7.77101373672, 7.95603466034, 10.400188446, 6.07650136948, 8.415599823, 7.64187335968, 10.8484811783, 11.4956865311, 11.0201101303, 9.67255210876, 9.93207931519, 12.7854146957, 17.7096557617, 30.5595092773, 22.0482997894, 18.5033588409, 20.2344665527, 17.9058475494, 14.2790374756, 12.4576730728, 8.67240810394, 4.37495708466, 2.75774168968, 2.00045514107, 1.14729523659, 0.506636559963, 0.263100773096, 0.181754827499, 0.0697078853846, 0.0191737636924, 0.0031036499422, 0.000326377747115, 2.46131785389e-05], "dvar2": [1.33954656124, 38.5764465332, 92.969871521, 210.28125, 597.600219727, 419.047485352, 410.09576416, 346.383605957, 492.530303955, 839.37487793, 233.250549316, 361.820068359, 382.667816162, 1069.93139648, 776.619995117, 419.167266846, 346.094665527, 448.803100586, 671.99987793, 1168.82763672, 3528.71533203, 1499.50891113, 1013.2956543, 1177.51550293, 948.556640625, 608.191955566, 644.570556641, 411.139892578, 112.515785217, 58.4074134827, 22.0134334564, 9.22301769257, 1.38333797455, 0.390247642994, 0.227923423052, 0.0387324728072, 0.00396586628631, 9.81304547167e-05, 1.57696001679e-06, 2.34688379841e-09], "dmean2": [0.875254809856, 4.2112121582, 6.93895292282, 10.6415939331, 15.8219203949, 15.9686555862, 16.8192844391, 12.9505300522, 13.0996828079, 17.082075119, 9.91243934631, 13.9870672226, 12.4663572311, 18.041009903, 18.7307281494, 18.2447223663, 16.0526771545, 16.4387054443, 21.403553009, 29.5661659241, 51.6705474854, 37.3373222351, 31.1074676514, 34.6710243225, 30.3983745575, 24.0564212799, 21.0109462738, 14.8032817841, 7.44283533096, 4.65983915329, 3.35035943985, 1.91145300865, 0.817449986935, 0.425953298807, 0.291183531284, 0.107905231416, 0.0286674536765, 0.00464267283678, 0.000537820102181, 3.9890903281e-05], "var": [0.564250528812, 12.9679107666, 40.3330802917, 96.6802749634, 209.520477295, 259.607757568, 397.108001709, 175.973190308, 300.064666748, 508.926940918, 211.856872559, 258.792633057, 391.427581787, 970.028930664, 799.008605957, 305.374176025, 259.874633789, 346.824401855, 530.122436523, 990.431884766, 2480.50317383, 1305.05969238, 965.76776123, 970.438232422, 815.192565918, 542.557495117, 418.214111328, 207.432815552, 63.7828712463, 32.6866111755, 22.602022171, 9.42244338989, 1.86271178722, 0.40587490797, 0.178915768862, 0.0301062036306, 0.00324960565194, 8.50676151458e-05, 1.18330035548e-06, 1.77686043656e-09], "median": [0.509516060352, 2.58013701439, 4.63215065002, 6.48631048203, 8.33002185822, 11.0993890762, 12.5170192719, 9.77851390839, 7.9741973877, 9.02788066864, 6.78462123871, 10.5204629898, 9.17510318756, 10.5011405945, 14.0918416977, 17.1911296844, 17.0696258545, 16.8931236267, 22.4184017181, 34.8207092285, 63.0429725647, 51.136806488, 45.3587646484, 54.6571121216, 48.5907897949, 40.3641166687, 30.9704017639, 20.4779911041, 9.95581626892, 5.66008472443, 4.69292354584, 2.89196276665, 1.44617557526, 0.746940791607, 0.440998792648, 0.116165190935, 0.0183977410197, 0.00211736769415, 0.000112793459266, 5.93287695665e-05], "min": [1.31711558993e-07, 1.11834958716e-06, 1.8588009425e-06, 8.16168039819e-07, 3.4331230836e-06, 9.48137039813e-06, 3.6094600091e-06, 7.02368595284e-07, 1.79556298008e-06, 2.24832297135e-06, 3.56533382728e-06, 9.32013335841e-06, 3.70588759324e-06, 1.08917276975e-06, 4.39327124013e-07, 1.31222873279e-06, 9.09694847451e-07, 9.67870278146e-07, 1.19073692986e-05, 7.98524979473e-06, 1.16170667752e-05, 1.95659249584e-05, 5.98258247919e-06, 5.40488917977e-06, 2.76723017123e-06, 1.04822029243e-05, 1.45647970839e-06, 4.30259888162e-06, 1.61524246778e-06, 3.16261730404e-06, 4.62069147034e-06, 6.7900537033e-06, 4.93525067213e-06, 1.43848103562e-06, 8.03364855528e-07, 2.52153699876e-06, 8.8998638148e-07, 6.72234605759e-08, 1.90923921117e-09, 1.21249094098e-10], "dvar": [0.50457650423, 14.1241359711, 34.3755836487, 78.1509399414, 212.986862183, 150.249969482, 157.913650513, 127.442054749, 196.130691528, 327.712493896, 93.3226318359, 138.32800293, 154.028396606, 393.684295654, 300.058776855, 157.98576355, 131.830581665, 179.819198608, 259.29699707, 451.313598633, 1304.15759277, 560.87512207, 375.301361084, 416.814056396, 340.344268799, 222.550567627, 236.78326416, 146.153167725, 41.1403541565, 21.5153141022, 8.5030632019, 3.58158993721, 0.561714828014, 0.150071904063, 0.0877620428801, 0.0167568419129, 0.00186368287541, 4.77102767036e-05, 6.51687344089e-07, 9.59364365727e-10], "mean": [0.712750196457, 3.45435118675, 6.42752885818, 9.436627388, 12.5004014969, 16.2289962769, 18.8718147278, 13.155163765, 12.5200405121, 15.9408435822, 11.1308002472, 14.6193408966, 14.4412508011, 20.5807647705, 22.9660568237, 21.3524665833, 20.4211025238, 21.0021400452, 27.1725444794, 40.9253616333, 70.1992874146, 55.8840446472, 49.6795120239, 55.6734199524, 49.9983482361, 41.3943901062, 32.7186965942, 21.8335514069, 10.9310874939, 6.50878763199, 5.28015232086, 3.21837329865, 1.57112503052, 0.794717013836, 0.486071676016, 0.152500271797, 0.0343083888292, 0.00500611774623, 0.000458401977085, 7.08565276e-05]}, "spectral_contrast_valleys": {"max": [-4.88401269913, -4.83335781097, -5.38537216187, -5.6270904541, -5.54019594193, -8.1664981842], "dmean": [0.358839541674, 0.348012417555, 0.29124134779, 0.225006982684, 0.168621316552, 0.193491563201], "dvar2": [0.231715664268, 0.21530534327, 0.150784492493, 0.0960920602083, 0.0786221921444, 0.173080146313], "dmean2": [0.605719029903, 0.583526313305, 0.485490918159, 0.372394859791, 0.273310750723, 0.292131334543], "var": [0.302091598511, 0.561590075493, 0.497859179974, 0.533959448338, 0.684359192848, 0.608274817467], "median": [-6.14968585968, -6.42267942429, -6.83966255188, -6.78941726685, -6.21010637283, -9.3273229599], "min": [-13.4437713623, -13.6333417892, -15.0760040283, -15.4535951614, -15.1791191101, -17.685300827], "dvar": [0.0832940414548, 0.0842302143574, 0.0581313557923, 0.0406747497618, 0.0352278649807, 0.0794297009706], "mean": [-6.24466276169, -6.55993795395, -6.98389577866, -6.96495294571, -6.44892549515, -9.61885643005]}, "average_loudness": 0.961840569973, "erbbands_spread": {"max": 157.540847778, "dmean": 7.82908201218, "dvar2": 131.156326294, "dmean2": 12.8023586273, "var": 164.100128174, "median": 46.6154937744, "min": 15.6266050339, "dvar": 49.1746063232, "mean": 48.5582122803}, "melbands_flatness_db": {"max": 0.62884503603, "dmean": 0.0277665928006, "dvar2": 0.00174773856997, "dmean2": 0.0455422699451, "var": 0.00580982491374, "median": 0.171456739306, "min": 0.0691550225019, "dvar": 0.000674745242577, "mean": 0.189943596721}, "barkbands_spread": {"max": 67.010307312, "dmean": 6.48964738846, "dvar2": 96.3779144287, "dmean2": 10.8139305115, "var": 151.918365479, "median": 34.5868492126, "min": 0.142265409231, "dvar": 36.9076385498, "mean": 32.2749977112}, "spectral_decrease": {"max": -2.82351593176e-15, "dmean": 4.35375380192e-09, "dvar2": 7.48905437629e-17, "dmean2": 7.23663928781e-09, "var": 4.06708196667e-17, "median": -1.05118980187e-08, "min": -6.36784136532e-08, "dvar": 2.99464561122e-17, "mean": -1.18146141759e-08}, "melbands_crest": {"max": 38.6185569763, "dmean": 4.09471082687, "dvar2": 35.4101715088, "dmean2": 6.92845821381, "var": 37.1853866577, "median": 15.6835784912, "min": 4.51062870026, "dvar": 12.686425209, "mean": 16.7858562469}, "erbbands_flatness_db": {"max": 0.24407799542, "dmean": 0.0104948058724, "dvar2": 0.000224835952395, "dmean2": 0.0159484893084, "var": 0.000497644243296, "median": 0.120719246566, "min": 0.0255373585969, "dvar": 0.000105001927295, "mean": 0.122637972236}, "melbands_kurtosis": {"max": 1456.66259766, "dmean": 14.0424995422, "dvar2": 4480.71386719, "dmean2": 23.3354415894, "var": 6268.79589844, "median": 11.1454000473, "min": -0.948822379112, "dvar": 1640.62561035, "mean": 30.4339103699}, "spectral_rms": {"max": 0.0154137331992, "dmean": 0.00110798573587, "dvar2": 3.33280445375e-06, "dmean2": 0.00182373414282, "var": 2.81037750938e-06, "median": 0.00644906098023, "min": 3.45967464455e-06, "dvar": 1.34974209232e-06, "mean": 0.0065994807519}, "melbands_skewness": {"max": 31.5082740784, "dmean": 0.945514857769, "dvar2": 3.16686654091, "dmean2": 1.55056166649, "var": 6.20782375336, "median": 3.24722766876, "min": 0.652795314789, "dvar": 1.20903074741, "mean": 3.89024806023}, "barkbands": {"max": [0.0211312007159, 0.207852900028, 0.0615851059556, 0.0428825169802, 0.0475693307817, 0.019814029336, 0.0171570703387, 0.0121777709574, 0.0104947779328, 0.00773540884256, 0.0101352483034, 0.00539365457371, 0.00553134083748, 0.00924219191074, 0.00564842578024, 0.0149780698121, 0.00812141317874, 0.00530206598341, 0.00621397094801, 0.00398697750643, 0.00605466822162, 0.00212289672345, 0.00147544615902, 0.00131288066041, 0.00102244084701, 0.000628210429568, 7.12988039595e-05], "dmean": [0.00145832914859, 0.0125629920512, 0.00374201592058, 0.0024481092114, 0.00272575439885, 0.00102174538188, 0.000633740506601, 0.000354723044438, 0.000353075854946, 0.00025809140061, 0.000373270915588, 0.000265277078142, 0.000236852516537, 0.000223042094149, 0.000309697148623, 0.000519284047186, 0.000469701248221, 0.000374583149096, 0.000361968908692, 0.000300676387269, 0.000265073991613, 0.000114339323773, 6.89134612912e-05, 3.97633339162e-05, 2.31269750657e-05, 1.18090947581e-05, 1.76774005922e-06], "dvar2": [1.07345558717e-05, 0.00085029983893, 7.26444195607e-05, 3.26372100972e-05, 4.12995104853e-05, 5.0166490837e-06, 3.05935304823e-06, 9.22726030694e-07, 6.66775406444e-07, 4.56319497744e-07, 1.05039407572e-06, 2.48831923955e-07, 2.11497464875e-07, 2.47237721851e-07, 3.8672871483e-07, 9.66674974734e-07, 7.04291153397e-07, 3.80145877443e-07, 3.50687997752e-07, 2.61051411599e-07, 3.521652161e-07, 7.3079654328e-08, 2.79683742832e-08, 9.7076924277e-09, 3.34144600878e-09, 1.24253429767e-09, 4.15651228713e-11], "dmean2": [0.00253097573295, 0.0213034562767, 0.00627627689391, 0.00420112721622, 0.00465075112879, 0.00168218649924, 0.00104220048524, 0.000585256377235, 0.000586401671171, 0.000424086902058, 0.000610753078945, 0.000439594092313, 0.000396462710341, 0.000372635375243, 0.00051356467884, 0.000881769112311, 0.000795234460384, 0.000632351788227, 0.000616183504462, 0.000507558288518, 0.000450573628768, 0.000192931925994, 0.00011622771126, 6.54507311992e-05, 3.69974986825e-05, 1.77797483047e-05, 2.85398550659e-06], "var": [4.35250876762e-06, 0.000338065321557, 3.68334112864e-05, 1.28095025502e-05, 1.85849166883e-05, 3.57906969839e-06, 2.02977707886e-06, 6.43207158646e-07, 5.35374340416e-07, 4.53822394775e-07, 1.0496695495e-06, 1.78272244966e-07, 1.56651708494e-07, 1.89739438383e-07, 3.0832134712e-07, 6.43305952508e-07, 5.75019100779e-07, 3.51413916633e-07, 3.21321664387e-07, 2.31088023384e-07, 1.95414571635e-07, 4.42340208906e-08, 2.53846099696e-08, 1.21644587736e-08, 3.13648795824e-09, 1.06200048755e-09, 3.17747980705e-11], "median": [0.00132221868262, 0.0138291027397, 0.00399327278137, 0.00195878418162, 0.0035898515489, 0.0013690367341, 0.000559194944799, 0.000309259776259, 0.000422072189394, 0.000264777307166, 0.000327006389853, 0.000386535015423, 0.000366875407053, 0.000324847147567, 0.000479099981021, 0.000981940771453, 0.000944227387663, 0.000890468130819, 0.00100489740726, 0.000844822323415, 0.000633138581179, 0.000252172467299, 0.000161016636412, 0.000112099303806, 6.66359701427e-05, 1.38809527925e-05, 4.8748916015e-07], "min": [3.65984853534e-10, 4.94524687866e-09, 1.23260435192e-09, 1.92103333241e-10, 2.22078844203e-09, 9.09254407877e-11, 1.70245498254e-10, 8.69083485733e-11, 4.03894306888e-10, 3.6631975231e-11, 1.36499847883e-11, 3.02051370027e-11, 1.81240630143e-11, 3.84424055089e-11, 3.13814529918e-10, 1.32838434697e-10, 4.05973560325e-10, 4.62754175257e-11, 7.54454207441e-11, 1.57780497001e-10, 6.3335073297e-11, 5.41057650072e-11, 2.52340537354e-10, 2.3905769031e-10, 1.51054682651e-10, 5.25405885465e-10, 4.28377255543e-12], "dvar": [3.73834086531e-06, 0.000323308719089, 2.72803499684e-05, 1.18801081044e-05, 1.45442418216e-05, 1.88302703918e-06, 1.20227832667e-06, 3.61426373274e-07, 2.5491993938e-07, 1.78964882025e-07, 3.98258919176e-07, 9.43756575111e-08, 8.00021240366e-08, 9.79209460183e-08, 1.50162577484e-07, 3.54994313057e-07, 2.61802654222e-07, 1.38071911238e-07, 1.24155150161e-07, 9.55112113843e-08, 1.272549639e-07, 2.69424056398e-08, 1.0748868462e-08, 3.87619358833e-09, 1.29319399633e-09, 5.78067815837e-10, 1.77653378119e-11], "mean": [0.00189180322923, 0.0185120031238, 0.00574454525486, 0.00310186552815, 0.00473348097876, 0.00188616442028, 0.000977211399004, 0.000557566352654, 0.000617934914771, 0.000461538729724, 0.000677194562741, 0.000490406004246, 0.000455886154668, 0.000420868716901, 0.000615339318756, 0.00111592421308, 0.00106368726119, 0.00096210592892, 0.00102150649764, 0.00086089229444, 0.000676596653648, 0.000281401007669, 0.00017973438662, 0.000122146579088, 6.98704461684e-05, 2.26937481784e-05, 2.34864342019e-06]}, "spectral_kurtosis": {"max": 16.964466095, "dmean": 0.899344623089, "dvar2": 2.62459158897, "dmean2": 1.56631278992, "var": 1.7183675766, "median": 2.91169404984, "min": 0.0687576383352, "dvar": 0.892345309258, "mean": 3.15712022781}, "erbbands_skewness": {"max": 4.08527851105, "dmean": 0.233382359147, "dvar2": 0.126168057323, "dmean2": 0.381601601839, "var": 0.310104012489, "median": -0.659123837948, "min": -2.47779202461, "dvar": 0.0490830130875, "mean": -0.563388466835}, "melbands": {"max": [0.0591710545123, 0.0325806885958, 0.0175977051258, 0.0126148900017, 0.00557629112154, 0.00366551382467, 0.00329668982886, 0.00332904583775, 0.00196152413264, 0.00174586195499, 0.00129890523385, 0.0017064192798, 0.00136933627073, 0.000674110022373, 0.000539560278412, 0.000552848738153, 0.000615719764028, 0.000802209950052, 0.000496471009683, 0.000485121039674, 0.00116148113739, 0.000496795633808, 0.000482807197841, 0.000275630416581, 0.000213067556615, 0.000226514530368, 0.000265394017333, 0.000140196701977, 0.000171206935192, 0.000170210754732, 0.000114649636089, 5.16888067068e-05, 4.48740611318e-05, 4.19032039645e-05, 3.1425319321e-05, 2.84898414975e-05, 2.6030045774e-05, 1.4150203242e-05, 7.20631533113e-06, 1.04258633655e-05], "dmean": [0.00389967905357, 0.00233286642469, 0.00111108319834, 0.00065437174635, 0.000351994298398, 0.000174812725163, 0.000122516430565, 0.000107315150672, 4.92570870847e-05, 5.42637390026e-05, 3.86805259041e-05, 4.32690940215e-05, 4.62447751488e-05, 2.69331922027e-05, 2.9767426895e-05, 2.41987272602e-05, 1.95150678337e-05, 2.15960790229e-05, 2.56322437053e-05, 3.10272880597e-05, 4.08429732488e-05, 2.92646491289e-05, 1.77004931174e-05, 1.93813048099e-05, 1.85615172086e-05, 1.39718104037e-05, 1.32366421894e-05, 1.07828063847e-05, 8.44269379741e-06, 7.64087144489e-06, 5.29196495336e-06, 2.79316373053e-06, 2.02921000891e-06, 1.53211533416e-06, 1.34235551741e-06, 8.70556846166e-07, 7.66940786434e-07, 4.33331223348e-07, 2.89845246471e-07, 2.33582440501e-07], "dvar2": [7.7938530012e-05, 3.15855140798e-05, 5.80851565246e-06, 2.61721197603e-06, 4.49248204859e-07, 1.70122078202e-07, 1.11784615342e-07, 8.44229859354e-08, 1.60926543202e-08, 1.49600314359e-08, 9.70152491675e-09, 1.65029163668e-08, 1.52205554826e-08, 2.66424682316e-09, 3.38104677589e-09, 2.35779373803e-09, 1.82652704073e-09, 2.23597806936e-09, 2.99454705477e-09, 3.13191139689e-09, 5.86881654385e-09, 2.73385269978e-09, 1.03511377247e-09, 1.07166531205e-09, 1.00862784791e-09, 5.34083000048e-10, 5.59233936936e-10, 3.38965827629e-10, 2.78275291699e-10, 2.83956552716e-10, 1.27941379713e-10, 4.17347337245e-11, 2.55389095288e-11, 1.72505794371e-11, 9.248215041e-12, 5.64488646798e-12, 3.79166793449e-12, 1.07700794897e-12, 3.81184450324e-13, 3.3049805297e-13], "dmean2": [0.00664223078638, 0.00394133245572, 0.00186893355567, 0.00111919047777, 0.000580872641876, 0.000290110707283, 0.000200936425244, 0.000176516667125, 8.05672389106e-05, 9.01361199794e-05, 6.29578353255e-05, 7.2055401688e-05, 7.53607891966e-05, 4.45405094069e-05, 4.98157642141e-05, 4.06128347095e-05, 3.24235479638e-05, 3.63470753655e-05, 4.24909303547e-05, 5.27975898876e-05, 6.93094625603e-05, 4.98261833854e-05, 2.97901679005e-05, 3.28174719471e-05, 3.19447208312e-05, 2.37832718994e-05, 2.24484429054e-05, 1.83289539564e-05, 1.43240222314e-05, 1.29630152514e-05, 9.03714044398e-06, 4.77129697174e-06, 3.44402360497e-06, 2.60419938058e-06, 2.25463872994e-06, 1.47514708715e-06, 1.28872432015e-06, 7.08840047992e-07, 4.76222737689e-07, 3.80630268637e-07], "var": [3.25230103044e-05, 1.18352554637e-05, 2.64373989012e-06, 1.18630157431e-06, 3.77471650381e-07, 9.27330745526e-08, 7.26127566963e-08, 5.26704369008e-08, 1.55516701739e-08, 1.10841948953e-08, 1.00058317187e-08, 1.50737378135e-08, 1.55430672777e-08, 2.04451300334e-09, 2.09918393779e-09, 1.76123549078e-09, 1.35371247545e-09, 1.66238756094e-09, 2.32251573529e-09, 2.1984085663e-09, 3.98246369215e-09, 2.03421413048e-09, 8.21837264908e-10, 9.38527922045e-10, 7.2756595193e-10, 4.42996889172e-10, 4.08687944597e-10, 2.58043086898e-10, 1.77696357628e-10, 1.44877984609e-10, 6.74870992423e-11, 2.30266743173e-11, 1.44504295682e-11, 9.39257005506e-12, 9.2966337753e-12, 4.41684796376e-12, 3.7406284667e-12, 1.18818626813e-12, 4.31971678479e-13, 2.6729687257e-13], "median": [0.0042623989284, 0.00293826847337, 0.00127434637398, 0.000725875026546, 0.000497431610711, 0.000229744022363, 0.000122385972645, 9.54035640461e-05, 5.15344363521e-05, 6.5399959567e-05, 4.28436833317e-05, 4.00131029892e-05, 4.53735992778e-05, 4.08176783822e-05, 4.31210100942e-05, 3.46516208083e-05, 2.90138868877e-05, 3.26370136463e-05, 3.71346104657e-05, 5.57858547836e-05, 7.71639097366e-05, 5.63081157452e-05, 3.60410740541e-05, 4.32350534538e-05, 4.34661451436e-05, 3.48199246218e-05, 3.02080061374e-05, 2.5706282031e-05, 1.96490636881e-05, 1.46285819937e-05, 1.06659272205e-05, 5.6613612287e-06, 3.72431509277e-06, 2.75977095043e-06, 2.88629439638e-06, 1.74625165528e-06, 1.72008412846e-06, 1.02913747924e-06, 7.3336582318e-07, 5.5296101209e-07], "min": [1.30638400098e-09, 1.19772003426e-09, 1.92586363523e-10, 5.06830799551e-10, 1.98185357014e-10, 1.45164288576e-11, 3.00767466488e-11, 2.11347692819e-11, 3.5692570427e-11, 5.96050223067e-11, 1.65226703847e-11, 3.82728267481e-12, 1.26659403452e-12, 3.92085018966e-12, 1.81654409397e-12, 1.85754623488e-12, 1.39556194292e-12, 1.45445157654e-11, 2.75836558455e-11, 5.1718666242e-13, 1.83295652961e-11, 1.83124435754e-11, 1.6853598378e-11, 2.0388842524e-12, 4.748841511e-12, 2.5607304905e-12, 3.73316481894e-12, 6.83622993283e-12, 6.44381331063e-14, 2.35290020974e-12, 2.49129059396e-12, 1.31598887603e-12, 8.52158851838e-14, 2.81043612861e-12, 1.11101503431e-12, 6.04566440313e-12, 3.86720169776e-12, 3.40477819549e-12, 2.48058214594e-12, 6.6485375148e-13], "dvar": [2.97446276818e-05, 1.15925076898e-05, 2.15167574424e-06, 9.22606488984e-07, 1.69860101096e-07, 6.29287555398e-08, 4.44976109293e-08, 3.30472396115e-08, 6.40098241078e-09, 5.75604941488e-09, 3.91078369688e-09, 6.09028116827e-09, 5.83241854812e-09, 1.01947661424e-09, 1.27480603851e-09, 8.98212948464e-10, 7.3356487551e-10, 8.63202287427e-10, 1.16538279027e-09, 1.16589393695e-09, 2.16446305323e-09, 1.00787078683e-09, 3.92834542673e-10, 3.91710164305e-10, 3.56427276582e-10, 1.91780064052e-10, 2.03188826875e-10, 1.21712709356e-10, 1.00950060811e-10, 1.03768875437e-10, 4.55423684875e-11, 1.51599566234e-11, 9.46207261848e-12, 6.3323916423e-12, 3.53721696031e-12, 2.17285326017e-12, 1.45883337962e-12, 4.28969468454e-13, 1.46020999112e-13, 1.2511443704e-13], "mean": [0.00574486702681, 0.00380136701278, 0.00173008418642, 0.00105042930227, 0.000667703163344, 0.000306372152409, 0.00019532564329, 0.000166201629327, 8.76667691045e-05, 9.27647197386e-05, 6.9910674938e-05, 7.94429506641e-05, 8.67992494022e-05, 5.17354346812e-05, 5.38514032087e-05, 4.49994840892e-05, 3.75358358724e-05, 4.1443239752e-05, 4.9437629059e-05, 6.46512125968e-05, 8.69430950843e-05, 6.37328921584e-05, 4.05585924454e-05, 4.74493790534e-05, 4.52228159702e-05, 3.60267913493e-05, 3.23294989357e-05, 2.69854735961e-05, 2.0824103558e-05, 1.6559879441e-05, 1.17652607514e-05, 6.37124185232e-06, 4.37502467321e-06, 3.27691395796e-06, 3.33413231601e-06, 2.07094967664e-06, 1.9730709937e-06, 1.16991498089e-06, 7.96349240773e-07, 6.115759561e-07]}, "spectral_centroid": {"max": 3863.58837891, "dmean": 245.941955566, "dvar2": 134502.90625, "dmean2": 407.086395264, "var": 289948.53125, "median": 2118.50927734, "min": 111.31741333, "dvar": 50084.03125, "mean": 2000.07348633}, "pitch_salience": {"max": 0.843785941601, "dmean": 0.0845562964678, "dvar2": 0.0153261134401, "dmean2": 0.143778756261, "var": 0.0187955833972, "median": 0.57205581665, "min": 0.0416946262121, "dvar": 0.0055362409912, "mean": 0.547431409359}, "gfcc": {"icov": [[0.00107507989742, -0.000163452787092, 0.00126434664708, -0.00108184898272, 0.00107478816062, -0.00057846843265, 0.000742731906939, -0.000650784815662, 0.00112994923256, -0.00155375420582, 0.00198789872229, -0.0021924986504, 0.00198282906786], [-0.000163452787092, 0.00906942039728, 0.00218636589125, -0.000708251609467, -0.00247677252628, 0.00549507141113, -0.00412730779499, 0.00347059778869, -0.00305977300741, 0.00630771694705, -0.00725725479424, 0.00813720747828, -0.00455050449818], [0.00126434664708, 0.00218636589125, 0.00588066456839, 0.000528349250089, -0.00233116862364, -0.00187761394773, 0.000996225979179, 0.00111384654883, -0.00299614970572, 0.00100553396624, 0.00193615339231, -0.00328653492033, 0.00328507041559], [-0.00108184898272, -0.000708251609467, 0.000528349250089, 0.0104621322826, -0.00165320921224, -0.00248189247213, 0.00254911580123, 0.000801435671747, -0.000978944590315, 0.00213093520142, -0.00428853789344, 0.00774734746665, -0.00394601840526], [0.00107478816062, -0.00247677252628, -0.00233116862364, -0.00165320921224, 0.0138069214299, -0.000464186945464, -0.00726360548288, 0.00337189109996, 0.00181837484706, -0.00618353532627, 0.00567172793671, -0.00354974041693, 0.00130333565176], [-0.00057846843265, 0.00549507141113, -0.00187761394773, -0.00248189247213, -0.000464186945464, 0.0182021316141, -0.00497565418482, -0.00629611499608, 0.00213877204806, 0.0087924329564, -0.0108670238405, 0.00571004766971, -0.00148178136442], [0.000742731906939, -0.00412730779499, 0.000996225979179, 0.00254911580123, -0.00726360548288, -0.00497565418482, 0.0216563940048, -0.00591024244204, -0.00241942424327, 0.00157096458133, 0.00290089147165, -0.0046174293384, 0.00127362937201], [-0.000650784815662, 0.00347059778869, 0.00111384654883, 0.000801435671747, 0.00337189109996, -0.00629611499608, -0.00591024244204, 0.0282747894526, -0.0100538209081, -0.00390325253829, 0.00301037379541, 1.1982570868e-05, -0.00189689116087], [0.00112994923256, -0.00305977300741, -0.00299614970572, -0.000978944590315, 0.00181837484706, 0.00213877204806, -0.00241942424327, -0.0100538209081, 0.029176004231, -0.011846457608, -0.00417055888101, 0.00876073725522, -0.00201951595955], [-0.00155375420582, 0.00630771694705, 0.00100553396624, 0.00213093520142, -0.00618353532627, 0.0087924329564, 0.00157096458133, -0.00390325253829, -0.011846457608, 0.0372839979827, -0.0148774925619, -0.00467882445082, 0.00700122537091], [0.00198789872229, -0.00725725479424, 0.00193615339231, -0.00428853789344, 0.00567172793671, -0.0108670238405, 0.00290089147165, 0.00301037379541, -0.00417055888101, -0.0148774925619, 0.0389303863049, -0.0185315590352, -2.04893167393e-05], [-0.0021924986504, 0.00813720747828, -0.00328653492033, 0.00774734746665, -0.00354974041693, 0.00571004766971, -0.0046174293384, 1.1982570868e-05, 0.00876073725522, -0.00467882445082, -0.0185315590352, 0.0484293736517, -0.0201360862702], [0.00198282906786, -0.00455050449818, 0.00328507041559, -0.00394601840526, 0.00130333565176, -0.00148178136442, 0.00127362937201, -0.00189689116087, -0.00201951595955, 0.00700122537091, -2.04893167393e-05, -0.0201360862702, 0.0362070798874]], "cov": [[4079.69213867, -202.022140503, -1100.48339844, 369.609954834, -633.994506836, -1.16950285435, -386.300048828, 67.8721542358, -236.541427612, 56.8998718262, -41.4391174316, -5.95548009872, -96.2931900024], [-202.022140503, 441.887207031, -191.382141113, 101.750564575, 47.2629051208, -78.9667358398, 52.9638977051, -65.994682312, 24.4663219452, -66.8759078979, 29.8889007568, -69.0160293579, 60.730381012], [-1100.48339844, -191.382141113, 657.921020508, -191.333389282, 216.858535767, 53.8960075378, 103.008346558, 14.7000770569, 71.9366226196, 27.2850017548, -17.3241500854, 48.7355690002, -26.9556884766], [369.609954834, 101.750564575, -191.333389282, 203.143966675, -68.6096878052, 11.9900979996, -43.5515403748, -10.5473718643, -15.5614061356, -28.8203639984, 16.0813541412, -43.3561973572, 16.5879917145], [-633.994506836, 47.2629051208, 216.858535767, -68.6096878052, 218.049133301, -7.36190366745, 101.618339539, -18.5570411682, 36.6668052673, 4.00970315933, -6.98791313171, 9.80254364014, 7.52713298798], [-1.16950285435, -78.9667358398, 53.8960075378, 11.9900979996, -7.36190366745, 109.032188416, 12.6945905685, 32.3019676208, -0.715253651142, -7.16490221024, 11.8123168945, 5.43098926544, -3.09820795059], [-386.300048828, 52.9638977051, 103.008346558, -43.5515403748, 101.618339539, 12.6945905685, 112.578720093, 6.91394853592, 31.5009441376, -6.389793396, 2.25983929634, 3.83786725998, 12.1112451553], [67.8721542358, -65.994682312, 14.7000770569, -10.5473718643, -18.5570411682, 32.3019676208, 6.91394853592, 63.7870635986, 17.6798667908, 18.6171665192, 1.68332016468, 8.54379940033, -7.2671456337], [-236.541427612, 24.4663219452, 71.9366226196, -15.5614061356, 36.6668052673, -0.715253651142, 31.5009441376, 17.6798667908, 70.8121337891, 18.3562774658, 13.8159313202, -6.04655504227, 3.3203189373], [56.8998718262, -66.8759078979, 27.2850017548, -28.8203639984, 4.00970315933, -7.16490221024, -6.389793396, 18.6171665192, 18.3562774658, 62.6517219543, 13.0410833359, 22.2501811981, -15.0843372345], [-41.4391174316, 29.8889007568, -17.3241500854, 16.0813541412, -6.98791313171, 11.8123168945, 2.25983929634, 1.68332016468, 13.8159313202, 13.0410833359, 52.742980957, 13.1221399307, 15.6703481674], [-5.95548009872, -69.0160293579, 48.7355690002, -43.3561973572, 9.80254364014, 5.43098926544, 3.83786725998, 8.54379940033, -6.04655504227, 22.2501811981, 13.1221399307, 54.3734512329, 8.29408836365], [-96.2931900024, 60.730381012, -26.9556884766, 16.5879917145, 7.52713298798, -3.09820795059, 12.1112451553, -7.2671456337, 3.3203189373, -15.0843372345, 15.6703481674, 8.29408836365, 51.2974014282]], "mean": [50.0811271667, 86.188873291, -117.370765686, 65.5723190308, -42.4729423523, 15.0357208252, -31.8401660919, 13.18820858, -23.6114749908, 4.64920949936, -13.9796257019, 3.20000076294, -4.14811372757]}, "spectral_flux": {"max": 0.369902938604, "dmean": 0.0279573500156, "dvar2": 0.0021917547565, "dmean2": 0.0447275154293, "var": 0.00236067012884, "median": 0.10784124583, "min": 0.000110763634439, "dvar": 0.000977761927061, "mean": 0.115314930677}, "zerocrossingrate": {"max": 0.12060546875, "dmean": 0.00813588313758, "dvar2": 7.8640456195e-05, "dmean2": 0.010798833333, "var": 0.000431041029515, "median": 0.06396484375, "min": 0.00146484375, "dvar": 4.55196350231e-05, "mean": 0.061185464263}, "spectral_energyband_middle_low": {"max": 0.0739166140556, "dmean": 0.00493917195126, "dvar2": 0.00010682867287, "dmean2": 0.00833743810654, "var": 5.47250783711e-05, "median": 0.0109705561772, "min": 3.18822146461e-09, "dvar": 3.9417816879e-05, "mean": 0.0120321512222}, "silence_rate_20dB": {"max": 1, "dmean": 0, "dvar2": 0, "dmean2": 0, "var": 0, "median": 1, "min": 1, "dvar": 0, "mean": 1}, "silence_rate_30dB": {"max": 1, "dmean": 0.0363703146577, "dvar2": 0.093733727932, "dmean2": 0.0727473124862, "var": 0.0233975704759, "median": 1, "min": 0, "dvar": 0.0350448526442, "mean": 0.976030886173}, "spectral_entropy": {"max": 8.49752807617, "dmean": 0.080046236515, "dvar2": 0.0254353154451, "dmean2": 0.130674868822, "var": 0.0462251268327, "median": 7.9615983963, "min": 5.98917675018, "dvar": 0.010315829888, "mean": 7.90496301651}, "spectral_rolloff": {"max": 4651.171875, "dmean": 639.527099609, "dvar2": 1022256.1875, "dmean2": 1090.67248535, "var": 981213.375, "median": 1808.7890625, "min": 43.06640625, "dvar": 404092.75, "mean": 1594.35559082}, "spectral_complexity": {"max": 63, "dmean": 4.09937524796, "dvar2": 37.2206764221, "dmean2": 6.71038866043, "var": 170.323135376, "median": 43, "min": 0, "dvar": 15.40695858, "mean": 39.4159240723}, "spectral_spread": {"max": 14259732, "dmean": 318289.96875, 