{"metadata": {"audio_properties": {"downmix": "mix", "bit_rate": 128000, "lossless": false, "md5_encoded": "cae7c14a80a959611bdd682a94c1f435", "analysis_sample_rate": 44100, "sample_rate": 44100, "replay_gain": -8.12911224365, "equal_loudness": 0, "codec": "mp3", "length": 212.479995728}, "tags": {"date": ["1993"], "musicbrainz album release country": ["DE"], "musicbrainz_albumid": ["1f1421be-46f0-46e2-8b3f-83b3ac543ae6"], "musicbrainz_recordingid": ["1c2691dc-3eb5-477b-94bd-547787be45e3"], "musicbrainz_artistid": ["88536d90-c0a4-4054-8ba2-bae894b487ee"], "musicbrainz album status": ["official"], "albumartistsort": ["Keimzeit"], "album": ["Bunte Scherben"], "artist": ["Keimzeit"], "musicbrainz album type": ["album"], "albumartist": ["Keimzeit"], "asin": ["B00000AQ0I"], "artistsort": ["Keimzeit"], "title": ["Alfred"], "file_name": "12 - Keimzeit - Alfred.mp3", "tracknumber": ["12/14"], "musicbrainz_albumartistid": ["88536d90-c0a4-4054-8ba2-bae894b487ee"], "genre": ["Alternative Rock", "90S", "Deutsch", "German", "Ddr", "Ostrock", "Soundtrack Of My Life", "Keimzeit", "Pop", "Singer-Songwriter", "Rock", "Deutschrock", "Dt", "Schatz", "Alternative", "Cool"]}, "version": {"essentia_build_sha": "81dca3489dfd3c4275b86ac4d56d870715677d3f", "essentia_git_sha": "v2.1_beta1-28-g21ef5f4", "extractor": "music 1.0", "essentia": "2.1-beta1"}}, "tonal": {"chords_scale": "minor", "hpcp": {"dmean": [0.186353772879, 0.155790895224, 0.13032335043, 0.0990776047111, 0.0865633636713, 0.0857688263059, 0.0961901247501, 0.113259285688, 0.11852093786, 0.128994181752, 0.124435693026, 0.12899106741, 0.148408636451, 0.16620452702, 0.166138216853, 0.142940312624, 0.122494980693, 0.108766384423, 0.101084321737, 0.0939290300012, 0.0983842164278, 0.0970596671104, 0.0928027182817, 0.145904630423, 0.209169879556, 0.178129255772, 0.139159172773, 0.125814750791, 0.124744385481, 0.138708487153, 0.154815867543, 0.167170107365, 0.177726879716, 0.198554724455, 0.202777132392, 0.204895585775], "dvar2": [0.149930551648, 0.125163421035, 0.118445411325, 0.0893423780799, 0.0810587480664, 0.0718123018742, 0.0863946303725, 0.112186782062, 0.113272376359, 0.12546184659, 0.117343097925, 0.120862871408, 0.121827960014, 0.115590550005, 0.123944312334, 0.119314722717, 0.106924518943, 0.0996475964785, 0.0990224704146, 0.0884205624461, 0.0857987552881, 0.0828101411462, 0.0845792964101, 0.105705626309, 0.199539661407, 0.123465687037, 0.110534988344, 0.115261375904, 0.126496016979, 0.146102741361, 0.162313699722, 0.15655952692, 0.155546173453, 0.166692405939, 0.154758930206, 0.167458176613], "mean": [0.19479124248, 0.186744987965, 0.141829848289, 0.0857506841421, 0.0735667198896, 0.0759048238397, 0.0890222489834, 0.0993590950966, 0.102277316153, 0.11134506762, 0.107176117599, 0.109738267958, 0.162966042757, 0.225149080157, 0.203031644225, 0.148012861609, 0.129380241036, 0.111344739795, 0.0889667645097, 0.0824088677764, 0.0943045839667, 0.0917104706168, 0.0837168395519, 0.165744915605, 0.265435039997, 0.231172576547, 0.150460526347, 0.115768022835, 0.108973897994, 0.116706676781, 0.134130597115, 0.154704615474, 0.177225202322, 0.203291282058, 0.232241764665, 0.224640399218], "var": [0.068441003561, 0.077388882637, 0.0583097450435, 0.0299529787153, 0.0267885457724, 0.0252801440656, 0.0310196913779, 0.0379755012691, 0.0368249490857, 0.0419573634863, 0.0401836074889, 0.0424656383693, 0.0657537207007, 0.0900624394417, 0.0739065557718, 0.0546512566507, 0.0514064542949, 0.0432733595371, 0.0324751995504, 0.0273720975965, 0.0316616147757, 0.0314872674644, 0.0272530019283, 0.0459636151791, 0.111718714237, 0.0760069862008, 0.0555829592049, 0.039837166667, 0.0429287627339, 0.0476493127644, 0.0571355074644, 0.0611968040466, 0.0707372128963, 0.07297770679, 0.0875982269645, 0.0857819244266], "dmean2": [0.32767957449, 0.270517379045, 0.227399706841, 0.178300842643, 0.154799491167, 0.15339666605, 0.170751556754, 0.203074008226, 0.211715966463, 0.231254696846, 0.222627520561, 0.232224807143, 0.258481234312, 0.282867223024, 0.283798396587, 0.252544492483, 0.216523393989, 0.191583767533, 0.181582570076, 0.167989730835, 0.172357454896, 0.169422328472, 0.166199803352, 0.258515954018, 0.373152524233, 0.310290247202, 0.242127791047, 0.223474696279, 0.224858552217, 0.25123745203, 0.278715491295, 0.297243028879, 0.315883517265, 0.351045876741, 0.353834092617, 0.355825662613], "dvar": [0.0570110715926, 0.0502125546336, 0.0449811182916, 0.0322779379785, 0.0299028549343, 0.0270084161311, 0.0318873599172, 0.0410032607615, 0.0407178774476, 0.0462779961526, 0.0434019230306, 0.0450643077493, 0.0469134002924, 0.0480609275401, 0.0483784675598, 0.0450541526079, 0.0395946018398, 0.0372962169349, 0.0357778817415, 0.0317692756653, 0.0320849120617, 0.0315326191485, 0.0305132269859, 0.038575001061, 0.0772607848048, 0.0485217086971, 0.0418558418751, 0.0422150194645, 0.04656573385, 0.052641607821, 0.0590465925634, 0.0578327253461, 0.0595246441662, 0.0611047819257, 0.0596309155226, 0.0660682618618], "min": [0, 0, 0, 0, 0, 0, 0, 0, 0, 0, 0, 0, 0, 0, 0, 0, 0, 0, 0, 0, 0, 0, 0, 0, 0, 0, 0, 0, 0, 0, 0, 0, 0, 0, 0, 0], "median": [0.0739272534847, 0.0523982681334, 0.0301255267113, 0.0163912400603, 0.0155417677015, 0.018570382148, 0.0233418177813, 0.0254347883165, 0.0268122348934, 0.0265645105392, 0.0236123725772, 0.0215606093407, 0.0450256615877, 0.0768615603447, 0.0764639899135, 0.0427263341844, 0.0275108348578, 0.0207763519138, 0.0175866279751, 0.0212279427797, 0.0270105302334, 0.0258410777897, 0.022647369653, 0.0649681389332, 0.0901722684503, 0.105924636126, 0.0480155386031, 0.0339078567922, 0.0248256977648, 0.0224604047835, 0.0251904968172, 0.0388838648796, 0.0504337921739, 0.0758677944541, 0.0911157056689, 0.0884063914418], "max": [1, 1, 1, 1, 1, 1, 1, 1, 1, 1, 1, 1, 1, 1, 1, 1, 1, 1, 1, 1, 1, 1, 1, 1, 1, 1, 1, 1, 1, 1, 1, 1, 1, 1, 1, 1]}, "tuning_equal_tempered_deviation": 0.28250810504, "chords_key": "D", "chords_strength": {"dmean": 0.0148592293262, "dvar2": 0.0002317653707, "mean": 0.498678654432, "var": 0.0105932233855, "dmean2": 0.0172639098018, "dvar": 0.000156506939675, "min": 0.238086611032, "median": 0.495440334082, "max": 0.771216094494}, "tuning_diatonic_strength": 0.467848539352, "thpcp": [1, 0.870919585228, 0.56684499979, 0.436144471169, 0.410548269749, 0.439680755138, 0.505323648453, 0.58283418417, 0.667678236961, 0.765879571438, 0.874947667122, 0.846310257912, 0.7338565588, 0.703543066978, 0.534329771996, 0.32305714488, 0.277155280113, 0.285963833332, 0.335382431746, 0.374325454235, 0.385319560766, 0.419481426477, 0.403775304556, 0.413427948952, 0.61395829916, 0.848226666451, 0.764901459217, 0.557623684406, 0.487427145243, 0.41948017478, 0.335173398256, 0.31046718359, 0.355283111334, 0.345510035753, 0.315394818783, 0.624427437782], "chords_histogram": [11.3174571991, 5.81166696548, 3.38649773598, 1.20166051388, 0, 0.611754417419, 0, 0.13109023869, 0.633602797985, 19.2047195435, 12.256937027, 0.677299559116, 2.1192920208, 0.349573969841, 0.458815813065, 0.284028828144, 22.503824234, 9.87546443939, 0.30587720871, 2.01005029678, 2.03189873695, 1.35459911823, 0.655451178551, 2.81843996048], "tuning_nontempered_energy_ratio": 0.880752921104, "tuning_frequency": 434.193115234, "key_strength": 0.52247518301, "chords_changes_rate": 0.108804896474, "key_scale": "minor", "hpcp_entropy": {"dmean": 0.682619035244, "dvar2": 0.812322795391, "mean": 2.23812580109, "var": 0.66951996088, "dmean2": 1.14929318428, "dvar": 0.303663015366, "min": 0, "median": 2.24847745895, "max": 4.4859046936}, "key_key": "F#", "chords_number_rate": 0.00284028844908}, "lowlevel": {"melbands_skewness": {"dmean": 1.02312552929, "dvar2": 2.92600274086, "mean": 2.86052942276, "var": 4.94271087646, "dmean2": 1.56324470043, "dvar": 1.28593671322, "min": -2.87324309349, "median": 2.45304632187, "max": 17.9261322021}, "melbands_kurtosis": {"dmean": 12.170674324, "dvar2": 1355.00793457, "mean": 20.0630722046, "var": 1177.60412598, "dmean2": 19.2858924866, "dvar": 568.608215332, "min": -1.80833077431, "median": 9.07089138031, "max": 489.669006348}, "barkbands_kurtosis": {"dmean": 9.45757102966, "dvar2": 1285.64038086, "mean": 15.9701805115, "var": 802.171081543, "dmean2": 14.9509105682, "dvar": 518.565124512, "min": -1.85146248341, "median": 8.68061637878, "max": 834.292785645}, "hfc": {"dmean": 24.3596763611, "dvar2": 3105.5246582, "mean": 67.9580230713, "var": 8244.890625, "dmean2": 32.2658691406, "dvar": 1968.57214355, "min": 1.11404565785e-16, "median": 41.0669593811, "max": 1810.24755859}, "silence_rate_20dB": {"dmean": 0, "dvar2": 0, "mean": 1, "var": 0, "dmean2": 0, "dvar": 0, "min": 1, "median": 1, "max": 1}, "erbbands_flatness_db": {"dmean": 0.0278260298073, "dvar2": 0.00138862198219, "mean": 0.152640983462, "var": 0.00314098317176, "dmean2": 0.0407453030348, "dvar": 0.000666525505949, "min": 0.0423480495811, "median": 0.143475934863, "max": 0.48153463006}, "spectral_flux": {"dmean": 0.0264892801642, "dvar2": 0.0024169520475, "mean": 0.0876567214727, "var": 0.00300740404055, "dmean2": 0.0412336699665, "dvar": 0.00107837282121, "min": 6.37826111372e-11, "median": 0.0774446725845, "max": 0.433011472225}, "spectral_energyband_low": {"dmean": 0.00757503090426, "dvar2": 0.000785878393799, "mean": 0.0115310354158, "var": 0.000332561292453, "dmean2": 0.0122217657045, "dvar": 0.000304934947053, "min": 1.80395654732e-23, "median": 0.00697975698858, "max": 0.234191760421}, "spectral_rolloff": {"dmean": 3303.17211914, "dvar2": 94608008, "mean": 5681.99121094, "var": 68124192, "dmean2": 6166.21337891, "dvar": 40349080, "min": 43.06640625, "median": 925.927734375, "max": 21985.4003906}, "spectral_entropy": {"dmean": 0.262870162725, "dvar2": 0.148584216833, "mean": 7.26047420502, "var": 0.29437687993, "dmean2": 0.389023244381, "dvar": 0.0690989792347, "min": 4.32240247726, "median": 7.32889890671, "max": 9.81600761414}, "spectral_energy": {"dmean": 0.0120381619781, "dvar2": 0.00097765668761, "mean": 0.0295531339943, "var": 0.000866006419528, "dmean2": 0.0180704202503, "dvar": 0.000406438397476, "min": 9.95823433186e-21, "median": 0.0213260836899, "max": 0.294757694006}, "spectral_centroid": {"dmean": 233.027069092, "dvar2": 216496.3125, "mean": 909.424377441, "var": 649812.8125, "dmean2": 339.952575684, "dvar": 129569.460938, "min": 119.0782547, "median": 705.223510742, "max": 11877.0292969}, "barkbands_flatness_db": {"dmean": 0.0321517549455, "dvar2": 0.00202609505504, "mean": 0.164413645864, "var": 0.00383109599352, "dmean2": 0.0485931225121, "dvar": 0.000880646461155, "min": 0.0368710830808, "median": 0.156158283353, "max": 0.49847021699}, "spectral_rms": {"dmean": 0.000999915180728, "dvar2": 2.94916253551e-06, "mean": 0.00478082662448, "var": 5.97595726504e-06, "dmean2": 0.0014256486902, "dvar": 1.37639347031e-06, "min": 3.11694572062e-12, "median": 0.00456135207787, "max": 0.0169578436762}, "melbands": {"dmean": [0.00168260873761, 0.00113891169894, 0.000543410831597, 0.000475877168356, 0.000405042606872, 0.000300512474496, 0.000222597867833, 0.000137003124109, 0.00013686886814, 0.00010764151375, 0.000104382197605, 0.000117230694741, 3.97549665649e-05, 4.08724954468e-05, 2.8084466976e-05, 1.58518887474e-05, 1.26736877064e-05, 1.58498660312e-05, 1.37557617563e-05, 7.29192970539e-06, 5.9906997194e-06, 6.41978385829e-06, 6.13373777014e-06, 4.7232470024e-06, 3.59835689778e-06, 3.48247112925e-06, 2.63403785539e-06, 2.01405168809e-06, 1.60539821081e-06, 1.12604448077e-06, 9.41132157095e-07, 7.2700106557e-07, 4.97348878525e-07, 3.99612900992e-07, 3.65221353604e-07, 3.66949620911e-07, 1.1501634134e-07, 1.84182606944e-08, 1.61481459315e-08, 1.43628007265e-08], "dvar2": [6.47785636829e-05, 1.00032157206e-05, 2.80172048406e-06, 3.37565393238e-06, 2.33229457081e-06, 1.02132526081e-06, 6.37666403236e-07, 3.47802824763e-07, 4.20697375603e-07, 2.02407193228e-07, 1.80280764539e-07, 3.79357913971e-07, 2.86084063106e-08, 9.75782441515e-08, 1.47387408944e-08, 8.15193512693e-09, 2.01422061252e-08, 2.87458874482e-08, 3.1755458707e-08, 5.1923882971e-09, 2.91945467801e-09, 4.08078060232e-09, 1.26154207081e-08, 9.20635456758e-10, 2.85859669269e-10, 3.12409348391e-10, 1.80854178855e-10, 1.15745760199e-10, 8.69723390529e-11, 3.11553838284e-11, 2.01576099562e-11, 1.3497002127e-11, 4.15927665573e-12, 1.93089533078e-12, 2.11141000517e-12, 2.29753065531e-12, 2.53216067905e-13, 3.69737250663e-15, 2.84869631546e-15, 2.23595458724e-15], "mean": [0.00215883320197, 0.00158178200945, 0.000846546958201, 0.000698319461662, 0.000636308512185, 0.000507350079715, 0.000369069806766, 0.000203343559406, 0.000205967982765, 0.000160969459102, 0.000181138762855, 0.000227793192607, 6.51158843539e-05, 6.7325301643e-05, 4.51570231235e-05, 2.28204826271e-05, 1.74163906195e-05, 2.08080291486e-05, 1.75047171069e-05, 9.6477660918e-06, 7.90326521383e-06, 7.88643683336e-06, 7.43121881897e-06, 6.30673548585e-06, 4.8572023843e-06, 4.89614330945e-06, 3.76748403141e-06, 2.89195645564e-06, 2.15580575968e-06, 1.65420067333e-06, 1.35805419177e-06, 1.00135514458e-06, 6.83635789755e-07, 5.21285869581e-07, 3.87672827173e-07, 3.56360004616e-07, 1.08755862982e-07, 1.74313719015e-08, 1.53648294088e-08, 1.38076163836e-08], "var": [2.32462043641e-05, 4.17182582169e-06, 2.15692853089e-06, 2.54837732427e-06, 1.83110353191e-06, 1.03304410004e-06, 7.00536702425e-07, 2.90482205401e-07, 3.23115244782e-07, 1.73537742398e-07, 2.16632074057e-07, 5.8182746443e-07, 3.53889504368e-08, 5.67120324035e-08, 1.27498278601e-08, 3.58768836861e-09, 5.51134959892e-09, 9.35201249774e-09, 1.07530357951e-08, 1.80432979668e-09, 1.22879162401e-09, 1.51145462812e-09, 2.89634072281e-09, 4.89520091129e-10, 1.94644175777e-10, 2.25884172478e-10, 1.45221293324e-10, 1.00442085205e-10, 4.85972581621e-11, 2.08874150615e-11, 1.5100023662e-11, 9.500421283e-12, 3.10068832589e-12, 1.4844962282e-12, 9.87312553762e-13, 9.78059864001e-13, 9.66468794101e-14, 1.5075306048e-15, 1.1597594172e-15, 9.15471938843e-16], "dmean2": [0.00272717303596, 0.00190284685232, 0.000889787857886, 0.000748692895286, 0.000624505337328, 0.000452776788734, 0.000336983473971, 0.00021128350636, 0.000210314407013, 0.000167324746144, 0.000160326133482, 0.000175545967068, 6.05565546721e-05, 6.4784901042e-05, 4.40326875832e-05, 2.52238660323e-05, 2.03317613341e-05, 2.56694056588e-05, 2.22327926167e-05, 1.14004569696e-05, 9.31730846787e-06, 1.00290844784e-05, 9.95450955088e-06, 7.16867816664e-06, 5.33563115823e-06, 5.17030730407e-06, 3.8891425902e-06, 2.96873713523e-06, 2.37119843405e-06, 1.69648330939e-06, 1.39063081406e-06, 1.06437937575e-06, 7.26532960016e-07, 5.84271788284e-07, 5.53046447749e-07, 5.65694733723e-07, 1.83224543093e-07, 3.12109449396e-08, 2.73684381824e-08, 2.4312702962e-08], "dvar": [2.47695188591e-05, 3.53010432264e-06, 1.11434474093e-06, 1.37436336445e-06, 9.96081780613e-07, 4.61989571932e-07, 3.03787231815e-07, 1.54926638629e-07, 1.79165610348e-07, 8.81786874629e-08, 8.16713665586e-08, 1.75498385602e-07, 1.41595224434e-08, 3.73710520307e-08, 6.11661254979e-09, 3.14456993777e-09, 7.36579686134e-09, 1.11668496672e-08, 1.26542500922e-08, 1.99227367936e-09, 1.0897537317e-09, 1.51515677782e-09, 4.38788427815e-09, 4.0740158469e-10, 1.32254582286e-10, 1.53802748315e-10, 9.00233776413e-11, 6.14951492506e-11, 3.79604923884e-11, 1.36174214266e-11, 9.95754780714e-12, 6.71057653889e-12, 2.06402126293e-12, 9.34115632067e-13, 9.10003843113e-13, 9.87289677096e-13, 1.05548260561e-13, 1.49013551268e-15, 1.14496397508e-15, 8.98201466444e-16], "min": [1.41678984704e-24, 1.82607829759e-24, 1.31061922718e-24, 2.85571670881e-24, 1.65034947297e-24, 2.87687060563e-24, 2.10120241297e-24, 2.46203981558e-24, 2.51774483397e-24, 1.91900236513e-24, 2.30263982005e-24, 3.2089755247e-24, 2.86977716837e-24, 3.31763105641e-24, 1.57206725547e-24, 3.56808532192e-24, 4.54102258064e-24, 5.17758008304e-24, 3.46327726205e-24, 4.60890958356e-24, 3.3651177219e-24, 3.88036103885e-24, 6.10132870888e-24, 4.83991211687e-24, 5.13639838835e-24, 4.464567365e-24, 4.83566488975e-24, 4.67488517651e-24, 4.5867824296e-24, 5.33064315891e-24, 4.70651416007e-24, 5.58956900168e-24, 6.0010861815e-24, 7.00421393592e-24, 6.393966128e-24, 6.69207587522e-24, 7.32227555316e-24, 6.17869111456e-24, 6.57848266588e-24, 6.07741162952e-24], "median": [0.000894932541996, 0.000924543011934, 0.000370652676793, 0.000189841608517, 0.000140049378388, 0.00012865892495, 7.78928006184e-05, 3.67016145901e-05, 3.02164953609e-05, 3.11547628371e-05, 3.01932086586e-05, 2.11574406421e-05, 1.22228566397e-05, 1.02535541373e-05, 9.73034002527e-06, 7.02102533978e-06, 5.03859064338e-06, 4.85267537442e-06, 3.75104582417e-06, 2.41275074586e-06, 1.85688918464e-06, 1.70200996763e-06, 1.60313754805e-06, 1.36565711273e-06, 1.03085358205e-06, 1.23685583731e-06, 7.58119824695e-07, 6.0674449287e-07, 4.77435605717e-07, 4.17640535488e-07, 3.45223298837e-07, 2.41603231643e-07, 1.56582345312e-07, 9.06881680862e-08, 5.71911655811e-08, 4.36205809251e-08, 1.71504321855e-08, 4.97719421233e-09, 4.43954073504e-09, 4.07830968996e-09], "max": [0.0696433782578, 0.027250379324, 0.0193142332137, 0.0282438155264, 0.0255137383938, 0.0168957337737, 0.0165293309838, 0.0122445272282, 0.0180653389543, 0.00858865957707, 0.00988910812885, 0.0129099423066, 0.00395435700193, 0.00894517917186, 0.00201921886764, 0.00227004522458, 0.00461510336027, 0.00500054936856, 0.00585631839931, 0.00209495634772, 0.00160484598018, 0.00155224930495, 0.00387752847746, 0.00111236446537, 0.000350000045728, 0.00046545668738, 0.000383365782909, 0.000316945865052, 0.000258042855421, 0.000130413798615, 0.000104322178231, 0.000112637295388, 4.47751881438e-05, 2.20774982154e-05, 2.06297663681e-05, 1.72984746314e-05, 6.63127093503e-06, 7.47273304569e-07, 6.44065778488e-07, 5.71068710542e-07]}, "barkbands_crest": {"dmean": 3.00585365295, "dvar2": 16.7613449097, "mean": 11.1125812531, "var": 18.3627433777, "dmean2": 4.85771465302, "dvar": 6.72727584839, "min": 3.09917163849, "median": 10.3407440186, "max": 26.720457077}, "mfcc": {"icov": [[0.000195096290554, -0.000139112642501, 0.00023235885601, -0.000207379533094, 0.000235449915635, 1.93214982573e-05, 4.03837766498e-05, -0.000100504388683, 0.00015861497377, -0.000159513481776, 0.000144106699736, -9.55492869252e-05, 0.000102933052403], [-0.000139112642501, 0.00110941380262, -0.000405037630117, 0.000506122771185, -0.000187009340152, 0.000128391315229, 4.57780373608e-08, -0.000196673005121, -0.000213303035707, 0.000868700677529, -0.0009594761068, 0.000877998070791, -0.000384367944207], [0.00023235885601, -0.000405037630117, 0.00254122912884, -0.00025231949985, -0.000778881891165, 0.000874944380485, -0.000619531609118, -7.33689957997e-05, -0.000147294733324, -0.000534967402928, 0.000314578908728, -0.00117843644693, 0.000585380883422], [-0.000207379533094, 0.000506122771185, -0.00025231949985, 0.00325409532525, -0.000259224703768, -0.00185663206503, 0.00132284068968, -0.00110132107511, 0.000262881774688, -0.000201164701139, -0.00146498286631, 0.000694207439665, 0.000435621099314], [0.000235449915635, -0.000187009340152, -0.000778881891165, -0.000259224703768, 0.00541999889538, -0.000691707944497, -0.00183994194958, 0.00106391019654, -0.00138453452382, 0.000191839062609, 0.00104592647403, -0.00103075080551, -4.6731911425e-05], [1.93214982573e-05, 0.000128391315229, 0.000874944380485, -0.00185663206503, -0.000691707944497, 0.00700033036992, -0.00345628382638, -0.000662576290779, 0.00114118517376, -0.00260043144226, 0.00206678570248, 0.000330067472532, -0.00196001515724], [4.03837766498e-05, 4.57780373608e-08, -0.000619531609118, 0.00132284068968, -0.00183994194958, -0.00345628382638, 0.00990833155811, -0.00264562666416, -0.00309268152341, 0.00437694229186, -0.00304242526181, 0.00246634962969, -4.30522923125e-05], [-0.000100504388683, -0.000196673005121, -7.33689957997e-05, -0.00110132107511, 0.00106391019654, -0.000662576290779, -0.00264562666416, 0.0100980410352, -0.00239067105576, -0.00305957742967, 0.0046866373159, -0.00438236165792, 0.00185733335093], [0.00015861497377, -0.000213303035707, -0.000147294733324, 0.000262881774688, -0.00138453452382, 0.00114118517376, -0.00309268152341, -0.00239067105576, 0.0128952749074, -0.00528747914359, -0.00221140892245, 0.00441522663459, -0.00328990607522], [-0.000159513481776, 0.000868700677529, -0.000534967402928, -0.000201164701139, 0.000191839062609, -0.00260043144226, 0.00437694229186, -0.00305957742967, -0.00528747914359, 0.0163744222373, -0.00558350794017, -0.000371274072677, 0.0019460322801], [0.000144106699736, -0.0009594761068, 0.000314578908728, -0.00146498286631, 0.00104592647403, 0.00206678570248, -0.00304242526181, 0.0046866373159, -0.00221140892245, -0.00558350794017, 0.0155680840835, -0.00956411380321, 0.00374434725381], [-9.55492869252e-05, 0.000877998070791, -0.00117843644693, 0.000694207439665, -0.00103075080551, 0.000330067472532, 0.00246634962969, -0.00438236165792, 0.00441522663459, -0.000371274072677, -0.00956411380321, 0.0209209825844, -0.0106235230342], [0.000102933052403, -0.000384367944207, 0.000585380883422, 0.000435621099314, -4.6731911425e-05, -0.00196001515724, -4.30522923125e-05, 0.00185733335093, -0.00328990607522, 0.0019460322801, 0.00374434725381, -0.0106235230342, 0.0187284890562]], "mean": [-715.835998535, 166.119445801, -4.4792175293, 35.477684021, -8.57380390167, 16.7430496216, -1.34981870651, 9.86536979675, -1.7785769701, 3.66472697258, -0.502402842045, -0.859017968178, -0.237975031137], "cov": [[8441.64355469, 70.4946670532, -1003.43438721, 682.233947754, -679.248168945, 120.349906921, -378.593688965, 143.682998657, -254.581329346, 115.207107544, -64.7754135132, -24.3685722351, -91.2373504639], [70.4946670532, 1282.32824707, 218.638153076, -281.373138428, 78.6808700562, -133.196975708, 79.4393920898, -52.8414268494, 41.46352005, -90.5667114258, 42.2079620361, -34.2331352234, 6.15784883499], [-1003.43438721, 218.638153076, 619.346618652, -110.063491821, 173.991851807, -69.7153244019, 92.8180465698, -4.72814083099, 67.9502410889, -5.31712532043, 42.2648353577, 32.1204605103, 9.28304672241], [682.233947754, -281.373138428, -110.063491821, 535.749328613, -50.4098358154, 159.867507935, -51.526599884, 84.8007507324, -13.215760231, 83.4672546387, 15.2593479156, 12.0476408005, -17.6800689697], [-679.248168945, 78.6808700562, 173.991851807, -50.4098358154, 304.318572998, 44.3271789551, 120.709823608, 1.9385061264, 69.9658279419, -13.9485340118, 0.23426347971, 1.29198861122, 20.9915962219], [120.349906921, -133.196975708, -69.7153244019, 159.867507935, 44.3271789551, 271.813201904, 79.9183654785, 74.1108398438, 23.42786026, 37.5588684082, -31.4337844849, -8.54816246033, 18.1049003601], [-378.593688965, 79.4393920898, 92.8180465698, -51.526599884, 120.709823608, 79.9183654785, 214.349777222, 41.6348457336, 73.9677658081, -21.6568279266, -0.213521569967, -20.7079124451, 10.5773077011], [143.682998657, -52.8414268494, -4.72814083099, 84.8007507324, 1.9385061264, 74.1108398438, 41.6348457336, 159.798843384, 39.0199012756, 41.8010749817, -18.9998970032, 11.7619142532, 1.2915583849], [-254.581329346, 41.46352005, 67.9502410889, -13.215760231, 69.9658279419, 23.42786026, 73.9677658081, 39.0199012756, 138.313232422, 38.8362960815, 22.7435150146, -9.20622062683, 9.852435112], [115.207107544, -90.5667114258, -5.31712532043, 83.4672546387, -13.9485340118, 37.5588684082, -21.6568279266, 41.8010749817, 38.8362960815, 115.624191284, 41.9338340759, 21.2101554871, -6.11116123199], [-64.7754135132, 42.2079620361, 42.2648353577, 15.2593479156, 0.23426347971, -31.4337844849, -0.213521569967, -18.9998970032, 22.7435150146, 41.9338340759, 127.221878052, 51.1552505493, 1.36093890667], [-24.3685722351, -34.2331352234, 32.1204605103, 12.0476408005, 1.29198861122, -8.54816246033, -20.7079124451, 11.7619142532, -9.20622062683, 21.2101554871, 51.1552505493, 101.408470154, 39.5160942078], [-91.2373504639, 6.15784883499, 9.28304672241, -17.6800689697, 20.9915962219, 18.1049003601, 10.5773077011, 1.2915583849, 9.852435112, -6.11116123199, 1.36093890667, 39.5160942078, 80.4955291748]]}, "spectral_decrease": {"dmean": 2.92439050753e-09, "dvar2": 6.59075542165e-17, "mean": -6.1970575338e-09, "var": 4.55735886405e-17, "dmean2": 4.50647341665e-09, "dvar": 2.66275328707e-17, "min": -7.32755154331e-08, "median": -4.42377245946e-09, "max": 1.19934098208e-08}, "zerocrossingrate": {"dmean": 0.0355272516608, "dvar2": 0.00143905391451, "mean": 0.197316840291, "var": 0.00908072385937, "dmean2": 0.0430748909712, "dvar": 0.00108866696246, "min": 0.00830078125, "median": 0.18212890625, "max": 0.8525390625}, "spectral_contrast_coeffs": {"dmean": [0.0546964593232, 0.0512309484184, 0.0430269241333, 0.0325934924185, 0.0251578316092, 0.0510682314634], "dvar2": [0.00493053160608, 0.00438658427447, 0.00317079760134, 0.00187675561756, 0.00121634593233, 0.00463578710333], "mean": [-0.679968178272, -0.753789424896, -0.773507595062, -0.813037872314, -0.830874025822, -0.733531117439], "var": [0.00775915104896, 0.00706758443266, 0.00579610466957, 0.00253361510113, 0.00165627349634, 0.00836973171681], "dmean2": [0.088664509356, 0.0829439088702, 0.0683479458094, 0.0525082796812, 0.0404688343406, 0.0777678564191], "dvar": [0.00193260668311, 0.0017871898599, 0.00132914970163, 0.000763325020671, 0.000497022294439, 0.00211830204353], "min": [-0.975623369217, -0.985788941383, -0.973100662231, -0.983849585056, -0.971299529076, -0.963694810867], "median": [-0.687595129013, -0.765411257744, -0.784871935844, -0.818197250366, -0.830037891865, -0.739578604698], "max": [-0.295358598232, -0.365549683571, -0.378231406212, -0.503679513931, -0.544880628586, -0.419402480125]}, "spectral_skewness": {"dmean": 0.443398594856, "dvar2": 0.637172698975, "mean": 3.06324791908, "var": 0.772569537163, "dmean2": 0.678745865822, "dvar": 0.262272506952, "min": -0.089799746871, "median": 2.88552284241, "max": 8.35254669189}, "spectral_energyband_middle_high": {"dmean": 0.00168046460021, "dvar2": 2.97269689327e-05, "mean": 0.00389084662311, "var": 5.39036918781e-05, "dmean2": 0.00240024155937, "dvar": 1.41704340422e-05, "min": 1.25322992291e-21, "median": 0.00118179875426, "max": 0.0983715727925}, "gfcc": {"icov": [[0.000123836449347, -0.000308739923639, 0.000696482311469, -0.000533666403499, 0.000269275245955, 3.7652811443e-05, 0.000123239369714, -0.00036232417915, 0.000438710150775, -0.000462685129605, 0.000655844050925, -0.000661974772811, 0.000333228061209], [-0.000308739923639, 0.00351909385063, -0.00565552245826, 0.00465849833563, -0.00183950108476, 0.0006600402412, -0.00187360355631, 0.0027352005709, -0.00307224574499, 0.00397903192788, -0.00514855934307, 0.0050159310922, -0.00314985192381], [0.000696482311469, -0.00565552245826, 0.0144115788862, -0.0110244099051, 0.00510498415679, -0.00234476337209, 0.00404270319268, -0.0065260133706, 0.0056738439016, -0.0061640930362, 0.00780976237729, -0.00816406682134, 0.0053144400008], [-0.000533666403499, 0.00465849833563, -0.0110244099051, 0.0124462367967, -0.00651957653463, 0.00155794946477, -0.00292740599252, 0.00353485881351, -0.00227067084052, 0.00123925332446, -0.00190208398271, 0.00354028632864, -0.00263464008458], [0.000269275245955, -0.00183950108476, 0.00510498415679, -0.00651957653463, 0.00856658164412, -0.00243793847039, -0.00101703091059, 0.00107433216181, -0.00162539666053, 0.00231799925677, -0.0017471362371, 0.00104477535933, 0.000137255832669], [3.7652811443e-05, 0.0006600402412, -0.00234476337209, 0.00155794946477, -0.00243793847039, 0.00559890456498, -0.00113243842497, -0.00215054443106, 0.00241753412411, -0.000813704507891, -0.000630869762972, 0.00102171767503, -0.00255314516835], [0.000123239369714, -0.00187360355631, 0.00404270319268, -0.00292740599252, -0.00101703091059, -0.00113243842497, 0.00772860273719, -0.00202981499024, 0.000139453462907, -0.00218878360465, 0.00568110961467, -0.00550800422207, 0.00332847121172], [-0.00036232417915, 0.0027352005709, -0.0065260133706, 0.00353485881351, 0.00107433216181, -0.00215054443106, -0.00202981499024, 0.012149900198, -0.00855491589755, 0.00615179678425, -0.00771747017279, 0.00832072366029, -0.00427216151729], [0.000438710150775, -0.00307224574499, 0.0056738439016, -0.00227067084052, -0.00162539666053, 0.00241753412411, 0.000139453462907, -0.00855491589755, 0.0195836685598, -0.0150450300425, 0.0112420022488, -0.0106351329014, 0.0055192373693], [-0.000462685129605, 0.00397903192788, -0.0061640930362, 0.00123925332446, 0.00231799925677, -0.000813704507891, -0.00218878360465, 0.00615179678425, -0.0150450300425, 0.0266915280372, -0.0204174257815, 0.0129629466683, -0.00432828906924], [0.000655844050925, -0.00514855934307, 0.00780976237729, -0.00190208398271, -0.0017471362371, -0.000630869762972, 0.00568110961467, -0.00771747017279, 0.0112420022488, -0.0204174257815, 0.0327771604061, -0.0189628880471, 0.00483393622562], [-0.000661974772811, 0.0050159310922, -0.00816406682134, 0.00354028632864, 0.00104477535933, 0.00102171767503, -0.00550800422207, 0.00832072366029, -0.0106351329014, 0.0129629466683, -0.0189628880471, 0.0246474407613, -0.00798748712987], [0.000333228061209, -0.00314985192381, 0.0053144400008, -0.00263464008458, 0.000137255832669, -0.00255314516835, 0.00332847121172, -0.00427216151729, 0.0055192373693, -0.00432828906924, 0.00483393622562, -0.00798748712987, 0.0130497040227]], "mean": [-44.5771217346, 97.7950592041, -73.8061752319, -6.23081159592, -15.1652183533, -23.005487442, 6.31598138809, -19.9924526215, -2.30523514748, -8.58632087708, -9.1105670929, 3.2032957077, -12.3886947632], "cov": [[13477.2402344, -410.292327881, -694.518554688, 139.36517334, -157.710037231, -708.187438965, 300.92300415, -267.385162354, 74.1033859253, -41.8619842529, -187.83102417, 206.925491333, -282.381286621], [-410.292327881, 1236.01086426, 233.168838501, -290.622650146, -33.7612113953, 151.540802002, -87.4574890137, 85.4476318359, -51.1843795776, -38.6256027222, 92.8577423096, -73.7541351318, 164.765960693], [-694.518554688, 233.168838501, 486.353851318, 226.357070923, -30.2110385895, 173.581390381, -60.4223251343, 138.548568726, -21.1367073059, 30.3553543091, 5.45748329163, -17.0674705505, 23.2365684509], [139.36517334, -290.622650146, 226.357070923, 489.672821045, 184.096725464, 46.2261161804, 114.227256775, -4.37288808823, 28.3652000427, 21.8544120789, -59.7198524475, 19.8549213409, -60.9613418579], [-157.710037231, -33.7612113953, -30.2110385895, 184.096725464, 320.448608398, 75.2926254272, 126.726509094, -48.9041137695, 16.9074802399, -21.5925693512, -19.7611579895, -2.23754930496, 0.0144231170416], [-708.187438965, 151.540802002, 173.581390381, 46.2261161804, 75.2926254272, 381.066619873, -13.9291496277, 118.957794189, -54.4946136475, 2.00100660324, 27.9688072205, -30.5354194641, 104.224815369], [300.92300415, -87.4574890137, -60.4223251343, 114.227256775, 126.726509094, -13.9291496277, 258.677124023, -30.2553882599, 57.6659317017, -8.91545391083, -43.3704872131, 31.739107132, -52.9209480286], [-267.385162354, 85.4476318359, 138.548568726, -4.37288808823, -48.9041137695, 118.957794189, -30.2553882599, 208.206436157, 34.1778182983, 30.2303905487, 25.141658783, -26.9394302368, 39.5826644897], [74.1033859253, -51.1843795776, -21.1367073059, 28.3652000427, 16.9074802399, -54.4946136475, 57.6659317017, 34.1778182983, 143.235534668, 62.6070976257, 4.35938119888, 22.9561653137, -41.649559021], [-41.8619842529, -38.6256027222, 30.3553543091, 21.8544120789, -21.5925693512, 2.00100660324, -8.91545391083, 30.2303905487, 62.6070976257, 111.152015686, 48.5746574402, 5.79097938538, -7.47594165802], [-187.83102417, 92.8577423096, 5.45748329163, -59.7198524475, -19.7611579895, 27.9688072205, -43.3704872131, 25.141658783, 4.35938119888, 48.5746574402, 98.9950561523, 31.7632255554, 34.9417572021], [206.925491333, -73.7541351318, -17.0674705505, 19.8549213409, -2.23754930496, -30.5354194641, 31.739107132, -26.9394302368, 22.9561653137, 5.79097938538, 31.7632255554, 104.538093567, 9.43928432465], [-282.381286621, 164.765960693, 23.2365684509, -60.9613418579, 0.0144231170416, 104.224815369, -52.9209480286, 39.5826644897, -41.649559021, -7.47594165802, 34.9417572021, 9.43928432465, 156.657913208]]}, "erbbands_spread": {"dmean": 8.49637794495, "dvar2": 184.540634155, "mean": 30.5749454498, "var": 328.696258545, "dmean2": 12.6851882935, "dvar": 86.5559616089, "min": 0.45981708169, "median": 27.2032604218, "max": 124.145011902}, "erbbands_kurtosis": {"dmean": 1.77711355686, "dvar2": 52.7914466858, "mean": 2.14377498627, "var": 39.3315086365, "dmean2": 2.75522637367, "dvar": 20.5025863647, "min": -1.71773898602, "median": 0.63829100132, "max": 187.569107056}, "dynamic_complexity": 4.30717563629, "erbbands_crest": {"dmean": 3.04313158989, "dvar2": 18.6897506714, "mean": 10.6712656021, "var": 31.8875236511, "dmean2": 4.76230812073, "dvar": 8.40221786499, "min": 2.23978543282, "median": 9.21275997162, "max": 33.0287704468}, "erbbands": {"dmean": [0.21927896142, 0.959868550301, 2.1721599102, 2.997423172, 5.11734771729, 8.02455329895, 12.2523031235, 13.3916482925, 15.4863424301, 12.5254011154, 17.3694953918, 16.4307003021, 20.1257762909, 26.4383544922, 12.0295801163, 14.5073490143, 8.6838350296, 6.53553056717, 9.79756736755, 7.39890813828, 4.91367101669, 6.0940656662, 5.55002784729, 4.41649961472, 4.18078327179, 3.09268951416, 2.27972531319, 1.64018464088, 1.15034818649, 0.758048117161, 0.632251679897, 0.321544706821, 0.033060580492, 0.0177151653916, 0.0113282073289, 0.0153973288834, 0.206625252962, 0.191027760506, 0.0634332597256, 0.00753227667883], "dvar2": [1.34411692619, 11.003200531, 35.5160636902, 92.4605636597, 332.711791992, 1213.05688477, 2206.84741211, 2201.95288086, 3093.8671875, 3093.3425293, 6674.06005859, 4462.36865234, 6728.14111328, 19254.1679688, 2552.04394531, 8906.80175781, 1533.08703613, 4312.78808594, 9899.69433594, 9216.75683594, 1652.51672363, 5259.79638672, 4064.20947266, 406.190887451, 409.433074951, 263.872009277, 156.151535034, 53.7398033142, 28.9549007416, 7.00128173828, 5.81693792343, 1.82053363323, 0.00890472531319, 0.00335250957869, 0.00132392067462, 0.0024598960299, 0.83917850256, 1.0085644722, 0.0960770100355, 0.00116256112233], "mean": [0.257628172636, 1.24883162975, 2.90927386284, 4.51136636734, 7.5910525322, 11.4496469498, 18.8287754059, 22.4675312042, 25.6905384064, 18.9103107452, 26.3312397003, 25.5283279419, 35.1639709473, 51.9264259338, 21.2855014801, 24.643404007, 13.6388940811, 9.77580738068, 13.4063854218, 9.751080513, 7.01018619537, 7.70047521591, 7.5160946846, 6.28893756866, 6.18769693375, 4.61447048187, 3.25411891937, 2.47833824158, 1.64143252373, 1.03623056412, 0.677489459515, 0.312155365944, 0.0338789150119, 0.0173081997782, 0.0113724274561, 0.016350204125, 0.20264531672, 0.23241366446, 0.0936858505011, 0.01526610367], "var": [0.440866202116, 3.91374278069, 15.6235198975, 67.4930801392, 334.466766357, 738.088012695, 1797.40258789, 2248.37915039, 3508.20654297, 2480.63378906, 5524.41162109, 4008.82519531, 7453.34521484, 29674.1367188, 3088.99707031, 7063.27050781, 992.176452637, 1288.21166992, 3758.07080078, 2654.37231445, 846.438232422, 1705.12927246, 1367.02416992, 301.722320557, 339.755126953, 238.466156006, 99.3370361328, 44.9399299622, 22.0839633942, 5.9141254425, 2.8829369545, 0.756482958794, 0.0040888809599, 0.00138108374085, 0.000556474202313, 0.00122909201309, 0.394708245993, 0.727990031242, 0.0944790020585, 0.00126025744248], "dmean2": [0.358088940382, 1.59462308884, 3.64724373817, 4.94248104095, 8.09808731079, 12.6833524704, 18.9069328308, 20.1449375153, 23.454334259, 19.3008136749, 26.5652103424, 25.379611969, 30.774723053, 39.5637817383, 18.0301475525, 22.7073078156, 13.7306938171, 10.3041715622, 15.6227083206, 11.7301778793, 7.53777217865, 9.45514392853, 8.57199668884, 6.38675165176, 6.04779911041, 4.48994493484, 3.30530405045, 2.39893603325, 1.64909553528, 1.08914089203, 0.94925570488, 0.501179933548, 0.0545797273517, 0.0299397818744, 0.0190747436136, 0.0242557004094, 0.315377444029, 0.270503103733, 0.086103528738, 0.00991410762072], "dvar": [0.505437135696, 3.97123742104, 12.4217815399, 35.2544555664, 151.667404175, 483.740905762, 960.041992188, 991.127746582, 1499.81713867, 1340.44873047, 2913.81689453, 1963.46166992, 3017.74658203, 8923.12011719, 1256.69030762, 3545.60742188, 639.095153809, 1602.33056641, 3984.71850586, 3385.72680664, 671.749023438, 1920.15979004, 1561.91247559, 193.002059937, 211.470275879, 140.590286255, 70.3803710938, 26.937456131, 14.7500610352, 3.56674408913, 2.56642985344, 0.779882013798, 0.0036905342713, 0.00134824076667, 0.000533424783498, 0.00108030065894, 0.368615567684, 0.521132111549, 0.0554501526058, 0.000578510283958], "min": [1.21202672071e-22, 1.07480680225e-21, 2.32111403526e-21, 7.20501616956e-21, 1.04160925334e-20, 4.2225644491e-20, 6.23878617292e-20, 1.10686989395e-19, 1.39112676329e-19, 2.22077289106e-19, 3.77608182275e-19, 4.12575717556e-19, 6.34222898593e-19, 7.76868230674e-19, 9.34113662458e-19, 1.03551897452e-18, 1.58533962043e-18, 2.76474511154e-18, 3.16257349125e-18, 3.25539597728e-18, 5.47058379654e-18, 4.97778515635e-18, 6.73790142277e-18, 7.66892546224e-18, 9.3669229462e-18, 8.63812471416e-18, 8.15666672017e-18, 1.0079007994e-17, 1.17348713791e-17, 1.45616891577e-17, 1.11138357557e-17, 1.26526795539e-17, 9.46298591228e-18, 8.22977873297e-18, 6.799398579e-18, 4.44686755198e-18, 2.6441310113e-18, 9.35521213668e-19, 2.68204628224e-19, 3.07680556338e-20], "median": [0.0787890851498, 0.650450706482, 1.56453382969, 1.85650753975, 2.32035064697, 2.7723698616, 4.02819156647, 5.5081577301, 5.51764583588, 4.0985045433, 3.90533876419, 5.43831062317, 6.46070766449, 5.88348150253, 4.42022228241, 4.18516778946, 4.09110832214, 3.18588662148, 3.2604637146, 2.46634292603, 1.84996581078, 1.76904761791, 1.74507808685, 1.42164349556, 1.54847216606, 0.974602460861, 0.761303067207, 0.652635097504, 0.404066234827, 0.206746846437, 0.100377127528, 0.0431976765394, 0.0106446258724, 0.00552350934595, 0.00384819088504, 0.00430492917076, 0.0192881673574, 0.0370387583971, 0.0205006096512, 0.00567588210106], "max": [10.1800441742, 34.5038299561, 48.1409988403, 118.345535278, 368.994445801, 497.04385376, 802.140869141, 800.685546875, 1230.92431641, 1272.40759277, 1808.80456543, 1070.26074219, 2003.7598877, 2955.76245117, 1182.27856445, 2295.07055664, 707.300048828, 2167.66748047, 3636.38525391, 3082.74487305, 1267.82409668, 2189.09448242, 2447.01953125, 392.062591553, 509.161590576, 404.087921143, 323.460021973, 165.921188354, 151.972793579, 54.4692115784, 26.3259773254, 16.7103366852, 1.10468637943, 0.699338495731, 0.433751642704, 0.649978935719, 15.2510595322, 25.4131793976, 8.58986949921, 1.20155382156]}, "silence_rate_30dB": {"dmean": 0.0301606375724, "dvar2": 0.0704613924026, "mean": 0.97290211916, "var": 0.026362368837, "dmean2": 0.0603278689086, "dvar": 0.0292511060834, "min": 0, "median": 1, "max": 1}, "silence_rate_60dB": {"dmean": 0.0343131907284, "dvar2": 0.0720023363829, "mean": 0.0893793702126, "var": 0.0813961923122, "dmean2": 0.0686338767409, "dvar": 0.0331391245127, "min": 0, "median": 0, "max": 1}, "spectral_energyband_middle_low": {"dmean": 0.00520795816556, "dvar2": 0.000155767862452, "mean": 0.0118099078536, "var": 0.000218999761273, "dmean2": 0.00758094992489, "dvar": 7.26516518625e-05, "min": 1.99911855802e-22, "median": 0.00572744151577, "max": 0.136178001761}, "spectral_spread": {"dmean": 614800.9375, "dvar2": 1045974024190.0, "mean": 4347134, "var": 4904259682300.0, "dmean2": 938458.5, "dvar": 556164644864, "min": 1235037.625, "median": 4245582.5, "max": 41993908}, "barkbands": {"dmean": [0.001616714173, 0.00518658710644, 0.00185013841838, 0.00120956136379, 0.00221131974831, 0.00161414826289, 0.00103206350468, 0.000750470324419, 0.000733405177016, 0.000916376709938, 0.000284777954221, 0.000339183257893, 0.000180313640158, 0.00013898438192, 0.000193184940144, 9.23091356526e-05, 0.000110193010187, 9.99038820737e-05, 8.58146959217e-05, 6.50996516924e-05, 4.75010965602e-05, 3.0685121601e-05, 2.23149236263e-05, 7.07951130607e