{"lowlevel": {"erbbands": {"mean": [0.0621796622872, 0.858087897301, 4.87796783447, 9.23309516907, 12.0850152969, 11.7750082016, 5.7915968895, 6.58400821686, 4.4363117218, 4.4428691864, 18.5767822266, 39.040813446, 57.0339317322, 32.827381134, 35.135848999, 33.7119674683, 39.8631019592, 45.0410728455, 43.7214775085, 40.1346282959, 39.7821235657, 40.7882347107, 19.3369846344, 13.6738033295, 13.4244213104, 12.367316246, 9.95247936249, 9.99787521362, 8.35339546204, 6.15631151199, 5.3660402298, 4.16882514954, 2.74147605896, 1.82239329815, 1.03473436832, 0.394268155098, 0.078547142446, 0.00817676912993, 0.00065864197677, 5.55924234504e-05], "dvar": [0.0049165179953, 1.15622711182, 22.9923458099, 74.7109069824, 188.581329346, 256.891723633, 28.8817749023, 73.7644882202, 39.315322876, 70.563583374, 1478.86071777, 6568.11523438, 17762.4746094, 5856.10742188, 4951.79296875, 5611.08691406, 8080.62207031, 6335.69384766, 6486.19287109, 4235.07373047, 1574.7935791, 1813.91601562, 229.26159668, 86.4632034302, 128.24407959, 78.7255249023, 53.8928184509, 55.1472740173, 34.9812774658, 22.1095848083, 24.479637146, 16.5569553375, 8.3376121521, 7.86158466339, 2.10109162331, 0.238207191229, 0.0100734634325, 0.00012242118828, 9.29283942241e-07, 1.51292944839e-09], "min": [1.01443031753e-09, 6.42464614842e-09, 1.49087906465e-08, 1.42682825555e-08, 1.74152372523e-08, 2.52264840128e-08, 1.56551269725e-08, 4.31381419475e-09, 3.60269680755e-09, 1.37895161956e-08, 4.90763945038e-08, 4.06462135061e-08, 4.01890822843e-08, 2.06273877978e-08, 3.48552688934e-08, 1.19312645097e-07, 8.40151130888e-08, 7.43935757441e-08, 1.00818290605e-07, 2.56329599324e-07, 9.57292272119e-08, 1.18601434451e-07, 2.149121201e-07, 9.02913868117e-08, 6.3158353214e-08, 6.40933706109e-08, 1.05539264439e-07, 3.10431062189e-07, 2.08939454183e-07, 1.2079493672e-07, 1.51161557937e-07, 1.29540566718e-07, 9.31976131824e-08, 6.11779853443e-08, 4.63377922699e-08, 5.08286603917e-08, 1.1255855803e-08, 4.40335989893e-09, 7.97082067017e-10, 2.59473362935e-11], "dmean": [0.0361233763397, 0.476753085852, 2.22345066071, 4.27195215225, 8.41613578796, 9.19532012939, 3.11997890472, 3.7956635952, 2.93426346779, 2.86508703232, 10.9484300613, 24.5689296722, 32.6926383972, 17.7750453949, 21.4607086182, 21.0539188385, 26.0888175964, 28.7831783295, 27.8072357178, 22.2890510559, 20.1851139069, 20.3654308319, 8.6934223175, 6.14938545227, 7.02858877182, 6.22810840607, 4.72719097137, 4.84068870544, 3.79432940483, 3.07229351997, 2.86174917221, 2.36996388435, 1.67325878143, 1.21751511097, 0.699767827988, 0.269903808832, 0.055915441364, 0.00583288446069, 0.000468366313726, 2.28162516578e-05], "dmean2": [0.0545780099928, 0.803026974201, 3.84146761894, 7.30526924133, 14.3877820969, 15.9371967316, 5.10340499878, 5.99271440506, 4.67143630981, 4.53926134109, 17.2110137939, 37.4446105957, 47.8241729736, 26.4348011017, 34.0245819092, 32.8044166565, 41.0025138855, 44.7910346985, 43.6673698425, 34.494972229, 31.2308082581, 32.2168006897, 13.59400177, 9.46159172058, 11.2347869873, 9.88864421844, 7.18042612076, 7.12736701965, 5.65690135956, 4.39902591705, 4.07785129547, 3.27734279633, 2.31319904327, 1.68492949009, 0.971866130829, 0.383650660515, 0.0807395130396, 0.00838278234005, 0.000665384926833, 3.10656578222e-05], "dvar2": [0.0117576150224, 3.21247911453, 64.6243667603, 208.256332397, 513.458984375, 716.434265137, 71.8286895752, 163.696395874, 84.383392334, 166.076248169, 3565.86035156, 13670.2128906, 37429.3945312, 12555.7597656, 13047.4990234, 12806.8798828, 20338.078125, 13671.1337891, 17249.5585938, 9744.75976562, 3508.55200195, 4485.04345703, 524.332092285, 200.899108887, 339.065124512, 199.414657593, 123.088691711, 124.29826355, 83.698928833, 47.1123123169, 54.4568519592, 31.5282936096, 15.7925024033, 15.5778551102, 4.1149058342, 0.510840773582, 0.0224200673401, 0.000267333060037, 1.9071034103e-06, 2.95344348977e-09], "max": [0.749160349369, 14.8189086914, 54.9743881226, 120.094436646, 162.13885498, 188.038024902, 120.750328064, 287.829681396, 178.993804932, 212.149093628, 943.262939453, 1806.45080566, 3340.16186523, 2549.90429688, 1592.18395996, 1895.91369629, 3547.23486328, 1721.16162109, 1951.30126953, 2029.78942871, 658.036804199, 879.256103516, 236.415100098, 136.946762085, 213.566604614, 143.874557495, 120.791229248, 160.012084961, 120.653434753, 116.678329468, 151.742996216, 116.275878906, 65.3644561768, 62.4665641785, 29.6718769073, 12.2687921524, 2.44551610947, 0.274639427662, 0.0198099017143, 0.000791109516285], "median": [0.0378805287182, 0.656655311584, 3.32998228073, 6.2576084137, 8.45522117615, 6.95932674408, 3.58423137665, 2.69752597809, 2.11424350739, 1.51607894897, 2.37501549721, 5.78358840942, 3.77604365349, 4.84234285355, 6.65967655182, 6.92944526672, 8.35117530823, 12.3813877106, 13.919295311, 13.2376804352, 12.6124210358, 11.7436637878, 7.69560146332, 6.01040124893, 7.07781410217, 7.98642444611, 5.61351680756, 5.84636592865, 5.11206102371, 4.06697463989, 3.33392000198, 2.41083788872, 1.45724451542, 0.845443248749, 0.471007823944, 0.187181174755, 0.036392480135, 0.00342564377934, 0.000257837527897, 4.22498851549e-05], "var": [0.006878123153, 1.09591436386, 28.5487594604, 116.000404358, 197.475814819, 248.880264282, 62.1778831482, 201.879653931, 76.9902954102, 127.147102356, 3381.59912109, 12048.7841797, 42591.859375, 17027.6328125, 9878.453125, 8634.18554688, 15734.1162109, 11063.7392578, 10692.9101562, 9910.63378906, 3882.39526367, 4071.58422852, 684.82623291, 310.235717773, 304.853942871, 197.471328735, 178.975921631, 158.663879395, 108.684822083, 55.7673683167, 52.666305542, 41.1608810425, 18.6382331848, 13.9826498032, 3.85970401764, 0.401586920023, 0.0156192239374, 0.000198673224077, 1.58277930495e-06, 3.36059402528e-09]}, "gfcc": {"icov": [[0.000173223903403, -0.000355709664291, 0.000466960191261, -0.000566187605727, 0.000615138327703, -0.000735339766834, 0.00066558358958, -0.000354692194378, 0.000803214905318, -0.000523191585671, 0.000924134626985, -0.000309990224196, 0.000442094489699], [-0.000355709664291, 0.00286272331141, -0.00114877521992, 0.00185503787361, -0.00202177627943, 0.00109870673623, -0.00222258619033, 0.00205936073326, -0.00355537445284, 0.00386530929245, -0.00425790576264, 0.00275772390887, -0.00203948072158], [0.000466960191261, -0.00114877521992, 0.00354116875678, -0.00376674626023, 0.00253193918616, -0.00382599397562, 0.00207378948107, -0.0028230722528, 0.00424254219979, -0.00305576366372, 0.00283726816997, -0.00174982415047, 0.00122405786533], [-0.000566187605727, 0.00185503787361, -0.00376674626023, 0.00881589390337, -0.00445226253942, 0.00222644791938, 0.000917917117476, 0.00283146370202, -0.00539953587577, 0.00503553403541, -0.00527016771957, 0.00278819934465, -0.0028907074593], [0.000615138327703, -0.00202177627943, 0.00253193918616, -0.00445226253942, 0.00820443127304, -0.00289345439523, 0.00329429935664, -0.00296410243027, 0.00239486875944, -0.00170715572312, 0.00155434792396, 0.000936249503866, -0.000516817555763], [-0.000735339766834, 0.00109870673623, -0.00382599397562, 0.00222644791938, -0.00289345439523, 0.0101225720719, -0.00678064348176, 0.00224497937597, -0.00298814824782, -0.000769643054809, -0.00014744552027, -0.000828308868222, -0.00109893491026], [0.00066558358958, -0.00222258619033, 0.00207378948107, 0.000917917117476, 0.00329429935664, -0.00678064348176, 0.0122284721583, -0.0043885614723, 0.00361546035856, 0.000238793028984, 0.000764776545111, 0.00137643271592, -0.000668719934765], [-0.000354692194378, 0.00205936073326, -0.0028230722528, 0.00283146370202, -0.00296410243027, 0.00224497937597, -0.0043885614723, 0.0136691424996, -0.00803446490318, 0.0058300467208, -0.00183846091386, -0.0015877118567, 0.00370050501078], [0.000803214905318, -0.00355537445284, 0.00424254219979, -0.00539953587577, 0.00239486875944, -0.00298814824782, 0.00361546035856, -0.00803446490318, 0.0179748870432, -0.0108532346785, 0.00544887268916, -0.00109703815542, -0.000671074958518], [-0.000523191585671, 0.00386530929245, -0.00305576366372, 0.00503553403541, -0.00170715572312, -0.000769643054809, 0.000238793028984, 0.0058300467208, -0.0108532346785, 0.0210092682391, -0.00689994264394, 0.000626029446721, 4.85534947074e-05], [0.000924134626985, -0.00425790576264, 0.00283726816997, -0.00527016771957, 0.00155434792396, -0.00014744552027, 0.000764776545111, -0.00183846091386, 0.00544887268916, -0.00689994264394, 0.0245697144419, -0.0141272712499, 0.0104212230071], [-0.000309990224196, 0.00275772390887, -0.00174982415047, 0.00278819934465, 0.000936249503866, -0.000828308868222, 0.00137643271592, -0.0015877118567, -0.00109703815542, 0.000626029446721, -0.0141272712499, 0.0263067502528, -0.0136536099017], [0.000442094489699, -0.00203948072158, 0.00122405786533, -0.0028907074593, -0.000516817555763, -0.00109893491026, -0.000668719934765, 0.00370050501078, -0.000671074958518, 4.85534947074e-05, 0.0104212230071, -0.0136536099017, 0.0237253308296]], "mean": [-8.17252159119, 70.0472946167, -111.375007629, 45.464263916, -45.6072845459, 24.0086174011, -40.8370857239, 5.22032213211, -30.1667881012, -4.00572967529, -25.5166988373, -3.74769830704, -12.2443752289], "cov": [[17180.6132812, -256.849182129, 272.418182373, 80.8946304321, -816.075134277, 862.182495117, -265.416473389, -233.906417847, -424.873596191, 144.880645752, -506.1875, -60.3898773193, -119.985961914], [-256.849182129, 1044.3927002, -399.294036865, -53.4984817505, 211.959442139, -98.1231994629, 137.937911987, -16.0537204742, 100.116645813, -147.15171814, 79.1635665894, -83.7086257935, 35.2984542847], [272.418182373, -399.294036865, 1427.96716309, 302.302185059, -148.11630249, 454.899658203, -11.3196411133, 75.4606704712, -110.953697205, 124.318687439, -44.2916183472, 104.281654358, 5.58933925629], [80.8946304321, -53.4984817505, 302.302185059, 379.611999512, 135.993621826, 0.527911782265, -144.199493408, -6.55266475677, 33.9840278625, 3.21009135246, 20.5629901886, 13.7813024521, 24.3472194672], [-816.075134277, 211.959442139, -148.11630249, 135.993621826, 313.150421143, -99.6113739014, -56.9957885742, 10.935634613, 73.8630828857, -41.4728851318, 41.5685348511, -27.6009120941, 24.5652275085], [862.182495117, -98.1231994629, 454.899658203, 0.527911782265, -99.6113739014, 383.612670898, 118.981903076, 26.9839076996, -44.8268623352, 61.7728767395, -50.7937507629, 35.2233200073, 8.02471256256], [-265.416473389, 137.937911987, -11.3196411133, -144.199493408, -56.9957885742, 118.981903076, 237.310180664, 43.026096344, -16.0716724396, -23.2964248657, -3.9271876812, -9.31519603729, 0.0226252414286], [-233.906417847, -16.0537204742, 75.4606704712, -6.55266475677, 10.935634613, 26.9839076996, 43.026096344, 125.741333008, 33.1766586304, -5.14896345139, 5.14543676376, 6.21836805344, -16.3570270538], [-424.873596191, 100.116645813, -110.953697205, 33.9840278625, 73.8630828857, -44.8268623352, -16.0716724396, 33.1766586304, 138.068328857, 19.1158123016, 16.9689178467, -6.55157756805, 12.9356460571], [144.880645752, -147.15171814, 124.318687439, 3.21009135246, -41.4728851318, 61.7728767395, -23.2964248657, -5.14896345139, 19.1158123016, 105.579681396, 0.869575977325, 25.8270721436, -4.46189117432], [-506.1875, 79.1635665894, -44.2916183472, 20.5629901886, 41.5685348511, -50.7937507629, -3.9271876812, 5.14543676376, 16.9689178467, 0.869575977325, 95.1853256226, 25.7926883698, -7.82072353363], [-60.3898773193, -83.7086257935, 104.281654358, 13.7813024521, -27.6009120941, 35.2233200073, -9.31519603729, 6.21836805344, -6.55157756805, 25.8270721436, 25.7926883698, 80.2630615234, 24.6491203308], [-119.985961914, 35.2984542847, 5.58933925629, 24.3472194672, 24.5652275085, 8.02471256256, 0.0226252414286, -16.3570270538, 12.9356460571, -4.46189117432, -7.82072353363, 24.6491203308, 71.5514526367]]}, "spectral_skewness": {"mean": 1.363915205, "dvar": 0.0565560087562, "min": 0.0338349938393, "dmean": 0.195686757565, "dmean2": 0.31054982543, "dvar2": 0.155422285199, "max": 4.35431432724, "median": 1.32687091827, "var": 0.133760973811}, "spectral_energyband_low": {"mean": 0.00995863135904, "dvar": 6.40127836959e-05, "min": 5.16513949667e-11, "dmean": 0.00399951497093, "dmean2": 0.00656894873828, "dvar2": 0.00017293417477, "max": 0.0954993963242, "median": 0.00854660198092, "var": 8.62290107762e-05}, "spectral_energyband_middle_low": {"mean": 0.010980640538, "dvar": 5.0117389037e-05, "min": 1.61144951549e-11, "dmean": 0.00490103242919, "dmean2": 0.00792088080198, "dvar2": 0.000124531943584, "max": 0.0808257237077, "median": 0.00855631567538, "var": 0.000111103916424}, "mfcc": {"icov": [[0.000103714955912, -3.814529191e-05, -3.21274965245e-05, 3.12823067361e-05, 5.36306652066e-05, -0.000204964671866, 0.000128211133415, 6.03630287515e-05, -2.61598815996e-05, 0.000137347102282, 0.000119972602988, 2.69537886197e-05, 0.000195166547201], [-3.814529191e-05, 0.0014201363083, 0.000557945284527, -0.000389258639188, -3.5734679841e-05, -0.000390420318581, -0.000411710963817, -0.00119480676949, 5.02564544149e-05, 2.60253273154e-05, 4.86061362608e-05, -0.000548609008547, 0.000507650023792], [-3.21274965245e-05, 0.000557945284527, 0.00132899580058, -0.000304308457999, -0.000141444601468, -0.00116722029634, -0.00122631038539, -0.000166714147781, -0.000383441685699, 0.000189172962564, -0.000156535257702, -0.000138839444844, -0.000397145020543], [3.12823067361e-05, -0.000389258639188, -0.000304308457999, 0.0072273183614, -0.00427318364382, 0.000568609626498, 0.00180080358405, -0.00112620275468, 0.00228205672465, -0.000734671251848, 0.0017060006503, 0.00160461256746, -0.0014294317225], [5.36306652066e-05, -3.5734679841e-05, -0.000141444601468, -0.00427318364382, 0.00591371068731, -0.00108628626913, 0.000603613909334, 3.38775498676e-05, -0.000480800692458, -0.000510946032591, -0.000830822507851, 0.00021286206902, -0.000630110152997], [-0.000204964671866, -0.000390420318581, -0.00116722029634, 0.000568609626498, -0.00108628626913, 0.00757754640654, -0.0022838965524, 0.00281922775321, -0.00334901711904, 0.000623275351245, -0.000203921910725, -0.000284944777377, 0.00119896512479], [0.000128211133415, -0.000411710963817, -0.00122631038539, 0.00180080358405, 0.000603613909334, -0.0022838965524, 0.0113076874986, -0.00669716205448, 0.00393340643495, -0.000537802698091, 0.00104003131855, 0.000643932784442, 0.0021079168655], [6.03630287515e-05, -0.00119480676949, -0.000166714147781, -0.00112620275468, 3.38775498676e-05, 0.00281922775321, -0.00669716205448, 0.0151114063337, -0.00669752806425, 0.00224078097381, -0.00361813604832, -5.68466675759e-05, -0.00123596459161], [-2.61598815996e-05, 5.02564544149e-05, -0.000383441685699, 0.00228205672465, -0.000480800692458, -0.00334901711904, 0.00393340643495, -0.00669752806425, 0.0153016373515, -0.00710467156023, 0.00548578146845, -0.00317637645639, 0.00159040489234], [0.000137347102282, 2.60253273154e-05, 0.000189172962564, -0.000734671251848, -0.000510946032591, 0.000623275351245, -0.000537802698091, 0.00224078097381, -0.00710467156023, 0.0192316714674, -0.0105189690366, 0.00797979626805, -0.00107350561302], [0.000119972602988, 4.86061362608e-05, -0.000156535257702, 0.0017060006503, -0.000830822507851, -0.000203921910725, 0.00104003131855, -0.00361813604832, 0.00548578146845, -0.0105189690366, 0.0234003588557, -0.0145343737677, 0.00643406575546], [2.69537886197e-05, -0.000548609008547, -0.000138839444844, 0.00160461256746, 0.00021286206902, -0.000284944777377, 0.000643932784442, -5.68466675759e-05, -0.00317637645639, 0.00797979626805, -0.0145343737677, 0.0266835410148, -0.0120606161654], [0.000195166547201, 0.000507650023792, -0.000397145020543, -0.0014294317225, -0.000630110152997, 0.00119896512479, 0.0021079168655, -0.00123596459161, 0.00159040489234, -0.00107350561302, 0.00643406575546, -0.0120606161654, 0.0207596067339]], "mean": [-648.088745117, 95.5270614624, 1.0298807621, 26.9875774384, 17.0695610046, 16.1827793121, 3.41332316399, 6.55624914169, 1.28610002995, -0.214669570327, -6.4296002388, -4.79410028458, -6.48002672195], "cov": [[11968.2509766, 89.4329376221, 652.566833496, -244.927963257, -208.218841553, 563.620422363, 39.8688430786, -119.875862122, 128.746383667, -113.124961853, -158.504592896, -114.173095703, -202.059677124], [89.4329376221, 968.560058594, -352.629547119, 32.9766998291, 12.9187631607, -17.7699184418, 47.365322113, 108.451095581, 13.5751247406, 1.05458521843, 22.5025520325, 17.6807079315, -23.6230964661], [652.566833496, -352.629547119, 1383.03393555, -30.6257095337, 42.7431793213, 299.518371582, 194.377639771, 47.4189109802, 81.4541549683, -1.26335203648, -3.23941779137, 3.47546100616, -9.35974311829], [-244.927963257, 32.9766998291, -30.6257095337, 333.729400635, 241.294967651, -40.138633728, -74.5770568848, -19.5987586975, -37.8719329834, 4.92093849182, -29.6382045746, -24.9418048859, 37.7889022827], [-208.218841553, 12.9187631607, 42.7431793213, 241.294967651, 358.200317383, 12.773645401, -56.5021057129, -13.2498073578, -6.27092456818, 18.8186588287, -9.46385669708, -12.619304657, 31.2122840881], [563.620422363, -17.7699184418, 299.518371582, -40.138633728, 12.773645401, 246.61541748, 68.6586074829, 2.3657886982, 58.3011360168, 5.20886325836, -5.62773799896, -6.89193534851, -29.0410919189], [39.8688430786, 47.365322113, 194.377639771, -74.5770568848, -56.5021057129, 68.6586074829, 183.975601196, 75.3091964722, 12.05768013, -2.95882296562, 11.6195030212, -0.608121275902, -27.8583431244], [-119.875862122, 108.451095581, 47.4189109802, -19.5987586975, -13.2498073578, 2.3657886982, 75.3091964722, 128.969680786, 39.0885314941, 6.09181880951, 22.7692718506, 16.3799858093, -2.69487404823], [128.746383667, 13.5751247406, 81.4541549683, -37.8719329834, -6.27092456818, 58.3011360168, 12.05768013, 39.0885314941, 116.179512024, 31.7592906952, 0.211012199521, 2.94431948662, -10.6595287323], [-113.124961853, 1.05458521843, -1.26335203648, 4.92093849182, 18.8186588287, 5.20886325836, -2.95882296562, 6.09181880951, 31.7592906952, 83.7434844971, 28.4376182556, -10.9069662094, -10.9670286179], [-158.504592896, 22.5025520325, -3.23941779137, -29.6382045746, -9.46385669708, -5.62773799896, 11.6195030212, 22.7692718506, 0.211012199521, 28.4376182556, 86.2262268066, 39.0672874451, -3.52246594429], [-114.173095703, 17.6807079315, 3.47546100616, -24.9418048859, -12.619304657, -6.89193534851, -0.608121275902, 16.3799858093, 2.94431948662, -10.9069662094, 39.0672874451, 79.5093765259, 33.3364982605], [-202.059677124, -23.6230964661, -9.35974311829, 37.7889022827, 31.2122840881, -29.0410919189, -27.8583431244, -2.69487404823, -10.6595287323, -10.9670286179, -3.52246594429, 33.3364982605, 79.0722122192]]}, "silence_rate_20dB": {"mean": 1, "dvar": 0, "min": 1, "dmean": 0, "dmean2": 0, "dvar2": 0, "max": 1, "median": 1, "var": 0}, "dynamic_complexity": 4.24205732346, "silence_rate_60dB": {"mean": 0.0915775373578, "dvar": 0.0260294694453, "min": 0, "dmean": 0.0267439261079, "dmean2": 0.05349977687, "dvar2": 0.051086883992, "max": 1, "median": 0, "var": 0.083195194602}, "dissonance": {"mean": 0.470963150263, "dvar": 0.000365913001588, "min": 0.285401821136, "dmean": 0.0153611423448, "dmean2": 0.0254536513239, "dvar2": 0.000972575391643, "max": 0.499944210052, "median": 0.480954408646, "var": 0.000847039336804}, "barkbands": {"mean": [9.54372080741e-05, 0.00314947054721, 0.00470424629748, 0.00320210424252, 0.00364560028538, 0.000785392185207, 0.000258940941421, 0.000606701476499, 0.00173177709803, 0.00152493629139, 0.000707448052708, 0.000799928500783, 0.000779448717367, 0.000971189176198, 0.000658411474433, 0.000755248474889, 0.000701154873241, 0.000335122109391, 0.000257495732512, 0.000253567413893, 0.000244464637944, 0.000224114395678, 0.000191513521713, 0.000179028313141, 0.000153776069055, 5.7920042309e-05, 3.52868914888e-06], "dvar": [1.69519811521e-08, 1.47559085235e-05, 2.37265394389e-05, 8.77570073499e-06, 2.2785323381e-05, 8.02821830348e-07, 1.53456142016e-07, 1.82711141861e-06, 1.0932690202e-05, 1.37779898068e-05, 2.09688141695e-06, 3.30984494212e-06, 3.32863169206e-06, 3.02398848362e-06, 1.65209144143e-06, 7.39183974474e-07, 4.96439724884e-07, 9.36627557735e-08, 4.05541236148e-08, 3.31866374381e-08, 3.2971730235e-08, 2.30460628359e-08, 2.80679728348e-08, 3.16973185477e-08, 5.01613790505e-08, 5.05138686435e-09, 3.04060839007e-11], "min": [1.09236023005e-11, 3.07910537345e-11, 1.23794949985e-11, 3.95010109691e-12, 6.95007940088e-12, 7.91407575324e-13, 2.93592895221e-13, 1.93527160443e-12, 1.80854550086e-12, 1.00975651451e-12, 4.88748581537e-13, 2.7424872269e-12, 1.90103531875e-12, 1.052768441e-12, 4.20020268566e-12, 2.04660182031e-12, 1.76000587802e-12, 4.10303388487e-12, 1.01698564934e-12, 1.43430395599e-12, 5.99384994762e-12, 4.40515245809e-12, 4.70736036956e-12, 6.48770707296e-12, 5.4748640517e-12, 9.73271723631e-12, 3.85279395193e-12], "dmean": [6.85809063725e-05, 0.00174441456329, 0.00228209095076, 0.00157239090186, 0.00283642951399, 0.000445810554083, 0.000182522489922, 0.000373441056581, 0.00107811251655, 0.000923737185076, 0.000452962471172, 0.000527474447154, 0.000529145647306, 0.000646470696665, 0.000447653292213, 0.000413379864767, 0.000361430866178, 0.000165671255672, 0.000131053762743, 0.000130378291942, 0.000116964729386, 0.000101891055238, 0.000100823788671, 0.000105052065919, 0.000102392965346, 4.01705947297e-05, 2.600994776e-06], "dmean2": [0.000109586173494, 0.00288300891407, 0.00393154192716, 0.00269244262017, 0.00486215855926, 0.000706795661245, 0.000293441524263, 0.000586632872, 0.00164474279154, 0.00136649736669, 0.000715221627615, 0.000824596558232, 0.000834775739349, 0.00100227829535, 0.000703653204255, 0.000642245984636, 0.000575913698412, 0.000263362802798, 0.00020511157345, 0.000207629156648, 0.000173617896507, 0.000149803701788, 0.000142383694765, 0.000143139375723, 0.000140090283821, 5.77205537411e-05, 3.74361911781e-06], "dvar2": [4.11724840887e-08, 4.01579345635e-05, 6.72543101246e-05, 2.41583857132e-05, 6.26944747637e-05, 1.8607435095e-06, 3.49044569248e-07, 4.47404318038e-06, 2.31374087889e-05, 2.86847716779e-05, 5.33470665687e-06, 7.71287704993e-06, 8.30446697364e-06, 6.95225753589e-06, 4.12654435422e-06, 1.69339330114e-06, 1.21611390114e-06, 2.22277975581e-07, 1.01062965996e-07, 8.32858404465e-08, 7.18732664495e-08, 5.24189900375e-08, 6.10418453562e-08, 5.90869859707e-08, 9.77006351377e-08, 1.100335556e-08, 6.56803292309e-11], "max": [0.00203298265114, 0.054148696363, 0.0529717057943, 0.0433594211936, 0.0516885779798, 0.0292069781572, 0.00873405579478, 0.0348475575447, 0.0691051781178, 0.0972152128816, 0.0334608703852, 0.0382005125284, 0.0673606917262, 0.0291174594313, 0.0302110332996, 0.0188186559826, 0.0130431987345, 0.00586294243112, 0.00349168479443, 0.00319566298276, 0.00349045009352, 0.00342457462102, 0.00457004224882, 0.00437341211364, 0.00469720456749, 0.00177244038787, 0.000119945274491], "median": [4.68711041322e-05, 0.00220905616879, 0.00330904265866, 0.00180395063944, 0.00233960337937, 0.000379229721148, 0.000119728174468, 6.82553363731e-05, 0.000222907110583, 0.000118726246001, 9.97143288259e-05, 0.000142132194014, 0.000120957556646, 0.000231356811128, 0.000191261147847, 0.000230585981626, 0.000198658177396, 0.000123925390653, 0.000126984610688, 0.000162591953995, 0.000134632922709, 0.000142124103149, 0.000122076336993, 9.84335347312e-05, 7.04906415194e-05, 2.72371216852e-05, 1.30228954731e-06], "var": [2.34721291292e-08, 1.55305897351e-05, 2.83655190287e-05, 1.65737728821e-05, 2.20264955715e-05, 1.96051269086e-06, 2.59521101498e-07, 4.30299633081e-06, 2.29383749684e-05, 3.17308040394e-05, 4.39010000264e-06, 4.93381412525e-06, 6.91673176334e-06, 5.62418699701e-06, 2.6387779144e-06, 1.8456877342e-06, 1.15032332815e-06, 2.35539090454e-07, 1.12413687248e-07, 8.14649965264e-08, 1.05461047895e-07, 7.21280812854e-08, 6.25283362865e-08, 7.72685595507e-08, 9.22349769894e-08, 8.27347257371e-09, 4.87217696743e-11]}, "spectral_complexity": {"mean": 17.3674240112, "dvar": 20.7231349945, "min": 0, "dmean": 3.83418774605, "dmean2": 5.54792690277, "dvar2": 35.0308532715, "max": 57, "median": 15, "var": 123.635345459}, "spectral_energyband_high": {"mean": 0.00118782941718, "dvar": 6.95272831308e-07, "min": 4.1784471716e-11, "dmean": 0.000545886752661, "dmean2": 0.000737613125239, "dvar2": 1.29880334043e-06, "max": 0.0200611948967, "median": 0.000791031925473, "var": 1.98974339582e-06}, "hfc": {"mean": 24.7751407623, "dvar": 90.9140777588, "min": 4.53601472827e-07, "dmean": 7.77439928055, "dmean2": 10.518283844, "dvar2": 166.641921997, "max": 203.77230835, "median": 20.3969421387, "var": 432.509094238}, "melbands_kurtosis": {"mean": 18.1411933899, "dvar": 302.679534912, "min": -1.67998075485, "dmean": 9.38195800781, "dmean2": 14.7527952194, "dvar2": 686.333374023, "max": 445.467315674, "median": 7.22433710098, "var": 796.279846191}, "spectral_strongpeak": {"mean": 1.23606061935, "dvar": 1.67381632328, "min": 0, "dmean": 0.719100236893, "dmean2": 1.20569658279, "dvar2": 4.06440258026, "max": 14.2005558014, "median": 0.50059479475, "var": 3.19776511192}, "silence_rate_30dB": {"mean": 0.99732619524, "dvar": 0.00355289177969, "min": 0, "dmean": 0.00356585695408, "dmean2": 0.0071333036758, "dvar2": 0.00886474084109, "max": 1, "median": 1, "var": 0.00266627385281}, "melbands_spread": {"mean": 28.5501174927, "dvar": 89.362121582, "min": 0.845869481564, "dmean": 8.19044971466, "dmean2": 12.8465471268, "dvar2": 218.951934814, "max": 162.638519287, "median": 25.3353595734, "var": 333.189788818}, "melbands_crest": {"mean": 14.8804225922, "dvar": 9.24272441864, "min": 2.71519589424, "dmean": 3.20843362808, "dmean2": 5.26940059662, "dvar2": 23.8934612274, "max": 39.2461166382, "median": 14.4102287292, "var": 31.4196186066}, "average_loudness": 0.901993155479, "spectral_flux": {"mean": 0.079224191606, "dvar": 0.000742764095776, "min": 8.83725297172e-05, "dmean": 0.0246682334691, "dmean2": 0.0372880622745, "dvar2": 0.00141827692278, "max": 0.286280065775, "median": 0.0720377117395, "var": 0.0020971656777}, "spectral_rolloff": {"mean": 1691.10534668, "dvar": 927972.6875, "min": 21.533203125, "dmean": 556.988098145, "dmean2": 943.225830078, "dvar2": 2178498.75, "max": 11735.5957031, "median": 1528.85742188, "var": 1928501.875}, "melbands": {"mean": [0.000701703305822, 0.0020765454974, 0.00162820611149, 0.000973291578703, 0.000232211168623, 0.000147191181895, 6.31890143268e-05, 5.62059176445e-05, 0.000164914148627, 0.000258806860074, 0.000276329432381, 0.00012728398724, 0.00010837327136, 9.83238933259e-05, 7.02404649928e-05, 9.2719514214e-05, 8.17411782918e-05, 7.49858954805e-05, 4.95072199556e-05, 4.7544202971e-05, 4.89707344968e-05, 4.45897167083e-05, 2.62170542555e-05, 1.33728972287e-05, 1.06210582089e-05, 1.03922629933e-05, 8.69677660376e-06, 8.01033274911e-06, 6.2291201175e-06, 5.61422530154e-06, 5.87905469729e-06, 5.08902166985e-06, 3.59199157174e-06, 3.34108699462e-06, 3.1087838579e-06, 2.8836329875e-06, 2.40599115386e-06, 1.96277255782e-06, 1.65496646787e-06, 1.50257403675e-06], "dvar": [6.69541293519e-07, 4.20433070758e-06, 1.96577980205e-06, 1.67891766978e-06, 4.04367419549e-08, 3.19377875257e-08, 7.716492334e-09, 1.28241595121e-08, 1.13688436443e-07, 2.90419762905e-07, 4.51814486269e-07, 1.04378813148e-07, 4.85901310299e-08, 3.94984134289e-08, 3.60720662229e-08, 4.68181404756e-08, 2.71518256767e-08, 2.42267859107e-08, 9.23698006972e-09, 5.12399767061e-09, 3.18575987812e-09, 2.553893097e-09, 7.48666406647e-10, 1.60573276897e-10, 6.15911627255e-11, 1.05019853924e-10, 5.38701167008e-11, 4.1053736799e-11, 2.59177852791e-11, 2.39162370463e-11, 2.03838630003e-11, 1.66607144747e-11, 6.91353788454e-12, 8.62115500516e-12, 8.3464988393e-12, 1.05400401948e-11, 6.37780366713e-12, 4.31669457124e-12, 4.87326151655e-12, 6.55015668441e-12], "min": [9.34687830606e-12, 8.28375736062e-12, 2.57515168044e-12, 1.60870286276e-12, 6.76656810011e-13, 1.04340120528e-13, 5.29709604088e-14, 2.03567577291e-13, 3.969256293e-13, 2.54464282761e-13, 2.01064439078e-13, 8.53415238868e-14, 8.62885338269e-14, 2.56109559558e-13, 2.8836704075e-13, 1.78900839455e-13, 1.21902881127e-13, 1.14699848469e-13, 3.53400278876e-13, 2.25043237084e-13, 9.85431083522e-14, 1.30904415454e-13, 1.29012320033e-13, 2.13432746411e-13, 5.4587993739e-14, 4.52188132316e-14, 3.08263986982e-14, 4.65801374794e-14, 5.39434999219e-14, 1.25793066285e-13, 1.81540031488e-13, 1.11973290069e-13, 8.51244056255e-14, 6.23910306557e-14, 9.99526795966e-14, 7.23407810976e-14, 8.16788314501e-14, 4.44650792694e-14, 1.04994937983e-13, 3.28492489015e-14], "dmean": [0.000389749096939, 0.000947163207456, 0.000750851468183, 0.000767853518482, 0.000128008279717, 8.34455859149e-05, 4.24155005021e-05, 3.65612577298e-05, 0.000100195364212, 0.000163152217283, 0.00016123878595, 7.27136648493e-05, 6.73838512739e-05, 6.14063756075e-05, 5.07120021211e-05, 6.20214050286e-05, 5.52906749363e-05, 4.9647216656e-05, 3.09907554765e-05, 2.63143738266e-05, 2.72416491498e-05, 2.43592912739e-05, 1.43205325003e-05, 6.86855219101e-06, 5.187786428e-06, 5.900175438e-06, 4.89039121021e-06, 4.26418682764e-06, 3.19617743116e-06, 2.96994562632e-06, 2.97310907627e-06, 2.42958185481e-06, 1.81544828592e-06, 1.79093001407e-06, 1.69197130617e-06, 1.70093915131e-06, 1.42363751365e-06, 1.2337153521e-06, 1.05627361791e-06, 1.04793991795e-06], "dmean2": [0.00062242441345, 0.00162365287542, 0.00128059869166, 0.00132330390625, 0.000212646147702, 0.00013138842769, 6.75169067108e-05, 5.7477671362e-05, 0.000155999572598, 0.000249327713391, 0.000235830782913, 0.000108493011794, 0.0001061367293, 9.61907280725e-05, 8.0637895735e-05, 9.64833889157e-05, 8.6311265477e-05, 7.79425899964e-05, 4.84526171931e-05, 4.115072079e-05, 4.25028119935e-05, 3.88660664612e-05, 2.29106190091e-05, 1.08781568997e-05, 8.12843063613e-06, 9.45198917179e-06, 7.90282865637e-06, 6.77515072312e-06, 4.97305973113e-06, 4.53479060525e-06, 4.47222782896e-06, 3.7523670926e-06, 2.68307712759e-06, 2.62362505055e-06, 2.49537970376e-06, 2.46089689426e-06, 2.01767556973e-06, 1.75527588908e-06, 1.49092204538e-06, 1.48201081629e-06], "dvar2": [1.74373485606e-06, 1.17011868497e-05, 5.48864045413e-06, 4.64546656076e-06, 1.05088744817e-07, 7.09363519036e-08, 1.6661831026e-08, 2.99784872482e-08, 2.68152092531e-07, 6.06570381478e-07, 9.5184697102e-07, 2.24296982765e-07, 1.24410178159e-07, 9.58819654784e-08, 8.76886758761e-08, 1.14083889002e-07, 5.89202429069e-08, 6.3828082375e-08, 2.17282440929e-08, 1.17988090409e-08, 7.16591630479e-09, 6.40956487885e-09, 1.85256188168e-09, 3.91839921621e-10, 1.47670792261e-10, 2.77862011178e-10, 1.43867168179e-10, 1.05272054962e-10, 6.01159608205e-11, 5.74775921303e-11, 4.63045886356e-11, 4.3161446639e-11, 1.48217792206e-11, 1.96650525724e-11, 1.89904220821e-11, 2.37885613985e-11, 1.27482746581e-11, 8.53943391693e-12, 9.37224950426e-12, 1.35182256014e-11], "max": [0.0114774638787, 0.0245633702725, 0.0184926763177, 0.0142587991431, 0.00361604196951, 0.00558305112645, 0.00228231726214, 0.00238899164833, 0.00725830439478, 0.0122465807945, 0.0172699987888, 0.0105567798018, 0.00534651288763, 0.00527386320755, 0.00489819608629, 0.00807246472687, 0.00332526909187, 0.0040817563422, 0.00299878953956, 0.00212818477303, 0.000947407505009, 0.000928270863369, 0.000459527858766, 0.000247819029028, 0.000131147215143, 0.000199946473003, 0.000150712337927, 0.000111814813863, 8.41309811221e-05, 0.000112836976768, 8.25216775411e-05, 8.87202986632e-05, 6.31830844213e-05, 7.87813623901e-05, 7.25569552742e-05, 0.000119509124488, 6.28500783932e-05, 3.94149647036e-05, 5.61666311114e-05, 6.07454894634e-05], "median": [0.000467495585326, 0.00157619069796, 0.00121836690232, 0.000627255474683, 0.000152156673721, 6.48476416245e-05, 2.95120662486e-05, 1.43667166412e-05, 1.87103178177e-05, 3.4387481719e-05, 1.46629836308e-05, 1.52856846398e-05, 1.71577958099e-05, 1.87825025932e-05, 1.539139339e-05, 1.56086680363e-05, 1.95509819605e-05, 1.91408689716e-05, 1.62163305504e-05, 1.35937170853e-05, 1.38311952469e-05, 1.15800403364e-05, 8.68075767357e-06, 5.02587499795e-06, 4.53328948424e-06, 4.94590221933e-06, 4.84545853396e-06, 4.99240013596e-06, 3.355720537e-06, 2.94317578664e-06, 3.43941519532e-06, 2.86523390969e-06, 2.32934144151e-06, 2.11085148294e-06, 1.91023946172e-06, 1.70787052411e-06, 1.30354328576e-06, 1.03723505163e-06, 8.13848600956e-07, 6.64578692522e-07], "var": [7.98537143964e-07, 4.7829344112e-06, 2.86838576358e-06, 1.59932039878e-06, 7.57654774475e-08, 8.64552234248e-08, 1.53819232906e-08, 2.61894772535e-08, 2.47598620717e-07, 5.49551884887e-07, 1.07454604859e-06, 2.99748876387e-07, 1.01902145389e-07, 6.50185612017e-08, 4.46523102937e-08, 9.70775673181e-08, 4.52552342267e-08, 4.13492458051e-08, 1.54446944123e-08, 1.37887052887e-08, 6.94301949267e-09, 5.20411669314e-09, 1.65699776122e-09, 3.8050215756e-10, 2.0487719854e-10, 2.21859378091e-10, 1.15038666093e-10, 9.38650546178e-11, 7.73468095128e-11, 6.11486278279e-11, 5.46945544411e-11, 4.53917251009e-11, 1.87613657249e-11, 1.81800581533e-11, 1.76236716193e-11, 1.94182829538e-11, 1.49228060464e-11, 9.2109358335e-12, 9.58214497332e-12, 1.07378654579e-11]}, "spectral_energy": {"mean": 0.0269779954106, "dvar": 0.000118755197036, "min": 1.32283933807e-10, "dmean": 0.00813106168061, "dmean2": 0.0123919164762, "dvar2": 0.000270299467957, "max": 0.159509435296, "median": 0.0237591285259, "var": 0.000377332355129}, "spectral_decrease": {"mean": -6.55253851178e-09, "dvar": 7.71645939614e-18, "min": -3.94574435347e-08, "dmean": 2.03850469838e-09, "dmean2": 3.14751824604e-09, "dvar2": 1.80452378848e-17, "max": -2.41481946422e-17, "median": -5.80141268358e-09, "var": 2.27606438324e-17}, "erbbands_spread": {"mean": 45.1208229065, "dvar": 127.772521973, "min": 3.9301700592, "dmean": 11.0116157532, "dmean2": 16.438041687, "dvar2": 273.187347412, "max": 147.664352417, "median": 38.8358459473, "var": 774.768188477}, "spectral_contrast_coeffs": {"mean": [-0.620290637016, -0.748118817806, -0.753635704517, -0.764133870602, -0.784252405167, -0.778127789497], "dvar": [0.00235831225291, 0.00153738702647, 0.00129452964757, 0.000895382952876, 0.000339048739988, 0.000256380211795], "min": [-0.974933862686, -0.961895346642, -0.966897368431, -0.955078721046, -0.968286991119, -0.962833404541], "dmean": [0.0529536269605, 0.0469548925757, 0.0417527481914, 0.0350488312542, 0.021792339161, 0.0166657883674], "dmean2": [0.0871587246656, 0.0765602961183, 0.0661596134305, 0.0549446605146, 0.034263599664, 0.0261135064065], "dvar2": [0.00601208070293, 0.00394079973921, 0.00289238383994, 0.00207020831294, 0.000790759338997, 0.000555351376534], "max": [-0.329921722412, -0.464007228613, -0.402687698603, -0.532677233219, -0.581634938717, -0.572619020939], "median": [-0.614308714867, -0.752808690071, -0.776616752148, -0.772627353668, -0.791138291359, -0.783120632172], "var": [0.00668950146064, 0.0056774225086, 0.00932517740875, 0.005042264238, 0.00286527839489, 0.00165882881265]}, "spectral_energyband_middle_high": {"mean": 0.00724111031741, "dvar": 2.13924813579e-05, "min": 2.04785927799e-11, "dmean": 0.00273482501507, "dmean2": 0.00400346983224, "dvar2": 4.59888324258e-05, "max": 0.105894096196, "median": 0.00447029806674, "var": 8.35105238366e-05}, "erbbands_crest": {"mean": 9.79350948334, "dvar": 8.44108200073, "min": 2.1874499321, "dmean": 3.00811338425, "dmean2": 4.763671875, "dvar2": 19.8447113037, "max": 31.7903308868, "median": 8.41520214081, "var": 26.8182544708}, "barkbands_crest": {"mean": 9.49597930908, "dvar": 5.79316663742, "min": 2.55006742477, "dmean": 2.49877691269, "dmean2": 4.09495449066, "dvar2": 15.3464889526, "max": 26.3371753693, "median": 8.79445934296, "var": 14.3134288788}, "pitch_salience": {"mean": 0.54092413187, "dvar": 0.00443841423839, "min": 0.0344108976424, "dmean": 0.0713438466191, "dmean2": 0.115479715168, "dvar2": 0.0109511921182, "max": 0.853047788143, "median": 0.548441946507, "var": 0.0123917078599}, "melbands_skewness": {"mean": 2.96752095222, "dvar": 1.00622296333, "min": -1.79985916615, "dmean": 0.892796218395, "dmean2": 1.36661100388, "dvar2": 2.22495293617, "max": 19.7466239929, "median": 2.59311938286, "var": 5.67281103134}, "spectral_spread": {"mean": 5477030, "dvar": 640515244032, "min": 1408067.375, "dmean": 651721.375, "dmean2": 893844.1875, "dvar2": 999413186560, "max": 40401268, "median": 5581407.5, "var": 3922481119230.0}, "spectral_entropy": {"mean": 7.74361419678, "dvar": 0.0252797305584, "min": 5.57689142227, "dmean": 0.170834898949, "dmean2": 0.236080959439, "dvar2": 0.0452442839742, "max": 9.80574893951, "median": 7.79901075363, "var": 0.173502489924}, "erbbands_flatness_db": {"mean": 0.144746512175, "dvar": 0.000369800342014, "min": 0.0392941609025, "dmean": 0.0188022516668, "dmean2": 0.0271557122469, "dvar2": 0.00070276594488, "max": 0.331545948982, "median": 0.13490664959, "var": 0.00314685399644}, "spectral_kurtosis": {"mean": 3.7452454567, "dvar": 6.71490287781, "min": -1.21621990204, "dmean": 1.46439027786, "dmean2": 2.40668702126, "dvar2": 19.2308235168, "max": 39.288066864, "median": 2.63415575027, "var": 14.47356987}, "erbbands_skewness": {"mean": -0.144644469023, "dvar": 0.165043562651, "min": -3.21865677834, "dmean": 0.3901899755, "dmean2": 0.596245825291, "dvar2": 0.356998771429, "max": 4.2169084549, "median": -0.19073073566, "var": 0.914753675461}, "erbbands_kurtosis": {"mean": 1.19454705715, "dvar": 2.93750405312, "min": -1.78705120087, "dmean": 1.25449931622, "dmean2": 1.94687068462, "dvar2": 6.63975524902, "max": 30.6278266907, "median": 0.37004160881, "var": 8.04579353333}, "barkbands_spread": {"mean": 27.6770381927, "dvar": 65.7581939697, "min": 1.28695356846, "dmean": 7.50506830215, "dmean2": 11.3319044113, "dvar2": 154.145111084, "max": 105.423629761, "median": 26.2662639618, "var": 196.234039307}, "zerocrossingrate": {"mean": 0.0730693116784, "dvar": 0.000151860615006, "min": 0.00634765625, "dmean": 0.0125561300665, "dmean2": 0.0149542931467, "dvar2": 0.000226206379011, "max": 0.3134765625, "median": 0.0693359375, "var": 0.00106993282679}, "spectral_centroid": {"mean": 1541.98950195, "dvar": 89643.765625, "min": 180.519592285, "dmean": 272.470397949, "dmean2": 429.458984375, "dvar2": 198395.15625, "max": 10735.0449219, "median": 1485.54016113, "var": 422154.78125}, "barkbands_skewness": {"mean": 1.36358559132, "dvar": 0.578563570976, "min": -2.7956943512, "dmean": 0.617137670517, "dmean2": 0.950279355049, "dvar2": 1.5052690506, "max": 13.2531757355, "median": 1.19485092163, "var": 2.34995341301}, "melbands_flatness_db": {"mean": 0.186810478568, "dvar": 0.000647796550766, "min": 0.0165877602994, "dmean": 0.0253852996975, "dmean2": 0.0378333181143, "dvar2": 0.00140204979107, "max": 0.496023535728, "median": 0.180300250649, "var": 0.00364990835078}, "spectral_contrast_valleys": {"mean": [-7.38851261139, -7.46024465561, -7.76002597809, -7.80931377411, -7.55626821518, -9.80694293976], "dvar": [0.167451605201, 0.172153145075, 0.153187349439, 0.158463150263, 0.136695310473, 0.163480639458], "min": [-26.6753368378, -27.4357051849, -27.1861534119, -27.3926563263, -26.9409198761, -27.165309906], "dmean": [0.392328232527, 0.395928472281, 0.371979475021, 0.340540409088, 0.286819607019, 0.350853264332], "dmean2": [0.615496516228, 0.625688314438, 0.557474792004, 0.505734860897, 0.385195374489, 0.424214154482], "dvar2": [0.317988336086, 0.3239184618, 0.271831572056, 0.251939713955, 0.186505138874, 0.221599161625], "max": [-5.48038625717, -5.65481090546, -4.87454748154, -5.93204784393, -5.59922599792, -7.39700937271], "median": [-6.94711589813, -7.24184513092, -7.56812858582, -7.59160041809, -7.31588077545, -9.29593849182], "var": [2.02626514435, 1.45584189892, 1.48886537552, 1.4722982645, 1.48965096474, 2.22609853745]}, "barkbands_flatness_db": {"mean": 0.123152025044, "dvar": 0.000497967994306, "min": 0.015619231388, "dmean": 0.0219108350575, "dmean2": 0.0326343253255, "dvar2": 0.0011546544265, "max": 0.376047968864, "median": 0.117099009454, "var": 0.00226251059212}, "barkbands_kurtosis": {"me