{"tonal": {"chords_number_rate": 0.00281398114748, "thpcp": [1, 0.582649052143, 0.287293255329, 0.462934911251, 0.839078605175, 0.939015686512, 0.762897908688, 0.489294856787, 0.281725794077, 0.256511956453, 0.477466344833, 0.708273589611, 0.773449122906, 0.724471986294, 0.558171570301, 0.443537175655, 0.412926793098, 0.352760344744, 0.283920913935, 0.406131565571, 0.768664062023, 0.795498609543, 0.537765920162, 0.474314033985, 0.676258027554, 0.905654668808, 0.696583092213, 0.343506455421, 0.282470524311, 0.499525547028, 0.66149687767, 0.506144165993, 0.311288446188, 0.27495008707, 0.478206992149, 0.924487769604], "hpcp": {"dvar": [0.0318835787475, 0.0273052919656, 0.025437798351, 0.0273329820484, 0.0363240465522, 0.0383346155286, 0.0331520475447, 0.0315086431801, 0.0351551622152, 0.0457195863128, 0.0397208854556, 0.0305157005787, 0.0270967166871, 0.0311671420932, 0.0328987054527, 0.0279774293303, 0.0256735943258, 0.0249049086124, 0.0337943546474, 0.046256557107, 0.0454078689218, 0.03451417014, 0.0244645923376, 0.0288030058146, 0.0558315441012, 0.0384835377336, 0.032841000706, 0.0267408490181, 0.0195176880807, 0.0230172779411, 0.0362991243601, 0.0386331789196, 0.0400294065475, 0.0440239645541, 0.0366206131876, 0.0336942672729], "mean": [0.0869858488441, 0.074311375618, 0.0598098784685, 0.0855543836951, 0.16192433238, 0.167577207088, 0.113284058869, 0.09991748631, 0.142458364367, 0.190782338381, 0.146739974618, 0.0723619759083, 0.0595043450594, 0.105228461325, 0.139348834753, 0.106622725725, 0.0655750334263, 0.0579201094806, 0.100737564266, 0.194749653339, 0.210656821728, 0.122738994658, 0.0605202838778, 0.0975203961134, 0.176757633686, 0.197810053825, 0.160709649324, 0.103073298931, 0.0593474619091, 0.0540359951556, 0.100581541657, 0.149202659726, 0.16293233633, 0.152614966035, 0.117582648993, 0.0934341326356], "min": [0, 0, 0, 0, 0, 0, 0, 0, 0, 0, 0, 0, 0, 0, 0, 0, 0, 0, 0, 0, 0, 0, 0, 0, 0, 0, 0, 0, 0, 0, 0, 0, 0, 0, 0, 0], "median": [0.0124133508652, 0.0114138703793, 0.00846247002482, 0.0136754382402, 0.02668960765, 0.0345694795251, 0.0254510864615, 0.0166499018669, 0.0256814379245, 0.0240227654576, 0.0129786487669, 0.00641271285713, 0.00873580109328, 0.0180687140673, 0.0219286717474, 0.0183659717441, 0.0103257736191, 0.00691644800827, 0.0147297233343, 0.0349308922887, 0.0476742982864, 0.0290627628565, 0.00893034692854, 0.0167278312147, 0.0396818071604, 0.0680664852262, 0.0383044853806, 0.0157542526722, 0.00667248480022, 0.00630757864565, 0.0146195013076, 0.0276721343398, 0.0365290530026, 0.0256722047925, 0.0146736893803, 0.00978173688054], "dvar2": [0.0858414247632, 0.0718227848411, 0.071944475174, 0.0756839290261, 0.0868676826358, 0.0955495163798, 0.0865437462926, 0.0837651193142, 0.0928984209895, 0.115285389125, 0.105258859694, 0.0884558111429, 0.0807005390525, 0.0843899473548, 0.0828199163079, 0.0788675397635, 0.0738879293203, 0.0706452652812, 0.0930373817682, 0.112802416086, 0.112238913774, 0.0913863778114, 0.0683891773224, 0.0777591839433, 0.143545970321, 0.0935494452715, 0.0810704603791, 0.0703018158674, 0.0526420474052, 0.0627476498485, 0.0995488837361, 0.0993739143014, 0.102198883891, 0.110100157559, 0.098374247551, 0.0951251983643], "var": [0.0370196215808, 0.0322115011513, 0.0226928517222, 0.0314856395125, 0.0777256265283, 0.0741686746478, 0.0453723408282, 0.039651516825, 0.0575852915645, 0.0953594744205, 0.071861602366, 0.029662521556, 0.0227104090154, 0.0426978431642, 0.0679833814502, 0.0408748984337, 0.0245464425534, 0.0204504951835, 0.0377661250532, 0.0931916981936, 0.097654633224, 0.0460026264191, 0.0206968411803, 0.032100610435, 0.0810353010893, 0.074213668704, 0.0690147057176, 0.0459492951632, 0.0221203211695, 0.0199199691415, 0.0425943881273, 0.0682678744197, 0.066909968853, 0.0732028260827, 0.0519385077059, 0.0440223105252], "dmean2": [0.157758578658, 0.133791193366, 0.123313955963, 0.147921353579, 0.182858943939, 0.201642811298, 0.181511476636, 0.169221267104, 0.200186178088, 0.223874166608, 0.193448737264, 0.146048948169, 0.130473747849, 0.161232173443, 0.163895040751, 0.156161725521, 0.128162294626, 0.130170896649, 0.181738242507, 0.224480956793, 0.23650854826, 0.200032576919, 0.129574820399, 0.166405722499, 0.248615011573, 0.22379425168, 0.182975664735, 0.141850039363, 0.114200264215, 0.122855730355, 0.176226869226, 0.193759143353, 0.213152006269, 0.208874821663, 0.183482095599, 0.157784685493], "max": [1, 1, 1, 1, 1, 1, 1, 1, 1, 1, 1, 1, 1, 1, 1, 1, 1, 1, 1, 1, 1, 1, 1, 1, 1, 1, 1, 1, 1, 1, 1, 1, 1, 1, 1, 1], "dmean": [0.0875850617886, 0.0744995847344, 0.067927710712, 0.0830036103725, 0.107183679938, 0.117423638701, 0.103953190148, 0.0970783829689, 0.116367347538, 0.128858566284, 0.1105581671, 0.0810580924153, 0.0716224163771, 0.0912152901292, 0.0953368619084, 0.0887924879789, 0.0710464268923, 0.0710530653596, 0.103020660579, 0.131449192762, 0.137762710452, 0.114549212158, 0.0720975622535, 0.0939323157072, 0.142548114061, 0.132585987449, 0.108813859522, 0.0812839642167, 0.0636818781495, 0.0676283761859, 0.098242379725, 0.111089490354, 0.124049916863, 0.119476795197, 0.103021040559, 0.088185288012]}, "key_strength": 0.516537368298, "chords_strength": {"dvar": 0.000351923139533, "mean": 0.458381444216, "min": -1, "median": 0.460648655891, "dvar2": 0.000602040556259, "var": 0.028610303998, "dmean2": 0.0122222201899, "max": 0.76547563076, "dmean": 0.0118325222284}, "tuning_equal_tempered_deviation": 0.268457382917, "chords_key": "C", "tuning_frequency": 434.193115234, "chords_scale": "minor", "chords_changes_rate": 0.0890106633306, "key_scale": "major", "tuning_diatonic_strength": 0.391146749258, "hpcp_entropy": {"dvar": 0.315882086754, "mean": 2.12008023262, "min": 0, "median": 2.15237998962, "dvar2": 0.818684577942, "var": 0.935013055801, "dmean2": 1.09750258923, "max": 4.52533912659, "dmean": 0.656864762306}, "chords_histogram": [9.61196708679, 16.4099521637, 4.76895713806, 1.89573454857, 6.73874425888, 2.20675349236, 7.0793838501, 1.68838858604, 3.49526071548, 1.17002367973, 4.14691925049, 0.0592417046428, 0, 1.09597158432, 1.91054499149, 0.45912322402, 1.39218008518, 2.7399289608, 2.60663509369, 0.45912322402, 0.607227504253, 11.0485782623, 6.3092417717, 12.1001186371], "tuning_nontempered_energy_ratio": 0.893251240253, "key_key": "G#"}, "metadata": {"version": {"extractor": "music 1.0", "essentia_build_sha": "5a811adb4c06fd6d02ca903f7349a26d851abfa8", "essentia": "2.1-beta1", "essentia_git_sha": "v2.1_beta1-34-gf95df8b"}, "audio_properties": {"sample_rate": 44100, "length": 313.495513916, "lossless": false, "analysis_sample_rate": 44100, "downmix": "mix", "bit_rate": 160000, "equal_loudness": 0, "md5_encoded": "8fed56783f0b6c0dc73557a5b7c1fb7d", "codec": "mp3", "replay_gain": -4.80770492554}, "tags": {"replaygain_track_gain": ["-0.45 dB"], "genre": ["Jazz - Hard Bop"], "catalognumber": ["IMPD224"], "musicbrainz album type": ["soundtrack"], "language": ["eng"], "musicbrainz_recordingid": ["ce20bc35-9612-47a9-8f90-f063aff643e2"], "discnumber": ["1/1"], "replaygain_album_gain": ["0.00 dB"], "artist credit": ["Sonny Rollins"], "artistsort": ["Rollins, Sonny"], "album artist credit": ["Sonny Rollins"], "originaldate": ["1966"], "musicbrainz_artistid": ["3b47247e-5b57-49b6-a0ed-bad80243802a"], "encodedby": ["iTunes v4.0.1"], "composer": ["Sonny Rollins"], "tracknumber": ["2/6"], "musicbrainz_albumartistid": ["3b47247e-5b57-49b6-a0ed-bad80243802a"], "title": ["He's Younger Than You Are"], "musicbrainz album status": ["Official"], "replaygain_track_peak": ["0.768097"], "date": ["1997-03-25"], "albumartistsort": ["Rollins, Sonny"], "musicbrainz_releasegroupid": ["b759d911-1199-33cb-832d-668cef55f1c3"], "media": ["CD"], "replaygain_album_peak": ["0.000000"], "musicbrainz album release country": ["US"], "bpm": ["0"], "label": ["impulse!"], "artist": ["Sonny Rollins"], "asin": ["B000003N9Q"], "script": ["Latn"], "musicbrainz_albumid": ["ef8c0589-44ef-49a3-80cb-f0a6abffcd11"], "file_name": "02 - Sonny Rollins - He's Younger Than You Are.mp3", "album": ["Alfie"], "albumartist": ["Sonny Rollins"]}}, "lowlevel": {"melbands": {"dvar": [4.12367086255e-07, 6.50688150472e-07, 7.13980796263e-07, 7.10973381501e-07, 7.78431626713e-07, 2.80049505363e-07, 1.57928297995e-07, 1.22486355281e-07, 6.10163368719e-08, 2.48034091044e-08, 1.92165465762e-08, 1.99707997695e-07, 6.43168505121e-08, 4.07618649945e-08, 5.94763926998e-09, 7.41567074414e-09, 1.30832489287e-09, 6.52397302847e-10, 4.94200180778e-10, 2.2102296382e-10, 5.16401019168e-11, 7.63623712874e-12, 2.104915851e-12, 1.27995671787e-12, 1.08308566109e-12, 1.41650688575e-12, 1.93029121333e-12, 7.84045896783e-13, 1.62800938637e-13, 4.94848777298e-14, 4.91349548667e-14, 3.14822427567e-14, 2.20680797177e-14, 2.88025286672e-14, 6.67467044634e-14, 1.59496117621e-14, 4.52215559243e-15, 2.40260154335e-15, 8.84419552178e-16, 5.85746152916e-16], "mean": [0.000503283576109, 0.000668584718369, 0.000813852238934, 0.000811365724076, 0.000737977505196, 0.0004192305787, 0.000243181872065, 0.000202322378755, 0.00010002154886, 6.61031299387e-05, 5.54637808818e-05, 0.000122305791592, 7.9288132838e-05, 6.18756603217e-05, 3.32887866534e-05, 3.00105857605e-05, 1.35749651236e-05, 7.11883012627e-06, 5.71599184696e-06, 4.30759109804e-06, 2.07871244129e-06, 1.03561251308e-06, 5.95015308136e-07, 4.62129264633e-07, 4.43643841663e-07, 4.49481774467e-07, 4.85497992031e-07, 3.47897497477e-07, 2.13140864957e-07, 1.29162671669e-07, 9.77211556119e-08, 7.74290498384e-08, 6.1184913136e-08, 5.31276960203e-08, 4.60653346579e-08, 2.970002555e-08, 1.848093234e-08, 1.2923819348e-08, 1.03839949972e-08, 8.82194672869e-09], "min": [7.64319245244e-25, 1.81799937584e-24, 1.46622884466e-24, 1.27218050045e-24, 1.57431442437e-24, 1.83874405107e-24, 1.4862342586e-24, 1.15788974086e-24, 1.79611874091e-24, 1.3489517535e-24, 2.03202010044e-24, 1.76153172617e-24, 2.19833150357e-24, 2.2795283649e-24, 2.70903275665e-24, 2.4900209091e-24, 1.6669469092e-24, 2.85821148142e-24, 2.47076008124e-24, 2.77439007986e-24, 2.71902013014e-24, 3.14653126759e-24, 3.14233571087e-24, 4.06529093985e-24, 4.24552751289e-24, 3.87710146559e-24, 4.24859381523e-24, 4.52928788025e-24, 4.99985090439e-24, 3.8013010045e-24, 5.00173864853e-24, 3.63759698388e-24, 5.98869672655e-24, 5.66591850996e-24, 5.69823853568e-24, 6.05465535899e-24, 5.57908070152e-24, 5.56657015642e-24, 5.74950266161e-24, 5.61018430372e-24], "median": [0.000195403801627, 0.000184928721865, 0.00019625601999, 0.000172151208972, 0.000116762639664, 6.52522212476e-05, 2.50971388596e-05, 1.07293226392e-05, 5.1761562645e-06, 3.86246210837e-06, 2.9229431675e-06, 2.31456851907e-06, 1.22892618037e-06, 9.4100920478e-07, 6.98685823863e-07, 4.81509687233e-07, 3.53307427758e-07, 2.51476478752e-07, 1.8571063265e-07, 1.42801411585e-07, 1.19232751672e-07, 1.00627701727e-07, 7.81006050943e-08, 6.90454768915e-08, 6.22576408205e-08, 5.76048364564e-08, 5.35270743285e-08, 4.49041692718e-08, 3.34233263288e-08, 2.23519887044e-08, 1.50048435898e-08, 1.13536788859e-08, 9.00357122191e-09, 7.2831842779e-09, 6.10001960055e-09, 4.95734786554e-09, 3.24922089234e-09, 2.23401319666e-09, 1.86934445701e-09, 1.62709434814e-09], "dvar2": [1.18328557619e-06, 1.57310967097e-06, 1.80797121629e-06, 1.42359112942e-06, 1.5682595631e-06, 4.53798747913e-07, 2.54733947713e-07, 1.92886631112e-07, 1.1447531989e-07, 5.36971427323e-08, 3.89216907593e-08, 3.13070387392e-07, 1.10034200418e-07, 6.73670257356e-08, 9.80570380449e-09, 1.40429925466e-08, 2.67506861107e-09, 1.13083431508e-09, 1.02061126217e-09, 4.90906981732e-10, 1.06230753361e-10, 1.8317621725e-11, 4.57003532239e-12, 2.87539653546e-12, 2.56161736788e-12, 3.37469440413e-12, 4.15106707688e-12, 2.03496204262e-12, 4.0602826548e-13, 1.25050116746e-13, 1.20244526142e-13, 7.4160173987e-14, 5.4939871554e-14, 7.29351068473e-14, 1.93435301414e-13, 4.55407840074e-14, 1.13227120754e-14, 6.58860342857e-15, 2.30765507919e-15, 1.48472487797e-15], "var": [8.81531263985e-07, 4.41531801698e-06, 3.32742047249e-06, 4.25661028203e-06, 3.77114497496e-06, 1.47974822085e-06, 7.36640856758e-07, 4.93007746627e-07, 2.27330701819e-07, 8.06524980135e-08, 5.01374088913e-08, 8.08453592072e-07, 2.18549345732e-07, 1.59234929242e-07, 2.37083188637e-08, 2.16439950407e-08, 3.64575081235e-09, 2.05805839038e-09, 1.71845015995e-09, 7.95928711828e-10, 1.52100693152e-10, 2.06032534783e-11, 6.03512725905e-12, 3.43726219362e-12, 3.38026199913e-12, 4.02547266354e-12, 4.93280026201e-12, 1.7887936141e-12, 4.69025317716e-13, 1.45448445497e-13, 1.21884517453e-13, 8.05568651607e-14, 4.65622447554e-14, 4.05090694875e-14, 4.83583272981e-14, 1.23826916467e-14, 4.18500810382e-15, 1.86543527106e-15, 8.48899172595e-16, 5.90757252771e-16], "dmean2": [0.000479123496916, 0.000464457058115, 0.000582167762332, 0.000495892192703, 0.000432047032518, 0.00022432867263, 0.000142022909131, 0.000117798532301, 7.17279835953e-05, 4.54090659332e-05, 4.43774079031e-05, 7.47826634324e-05, 5.47323797946e-05, 4.06694089179e-05, 2.18122695514e-05, 2.32899037655e-05, 1.01297910078e-05, 5.33079264642e-06, 4.47739921583e-06, 3.33062666868e-06, 1.70973908098e-06, 9.29908026137e-07, 5.36924801509e-07, 4.43439290621e-07, 3.98797823209e-07, 4.04740234217e-07, 4.27854274676e-07, 3.25478993091e-07, 1.96604119651e-07, 1.22682720871e-07, 9.38470208212e-08, 7.671754787e-08, 6.77795952697e-08, 7.13265180252e-08, 8.43490042257e-08, 5.16235658665e-08, 3.14905435062e-08, 2.37537012282e-08, 1.87870448087e-08, 1.57516151233e-08], "max": [0.0179041903466, 0.0436612963676, 0.0300051309168, 0.0434797257185, 0.0348570533097, 0.0328296646476, 0.0239029694349, 0.0195434559137, 0.0120449280366, 0.00735925929621, 0.00590814789757, 0.0300534311682, 0.0142487678677, 0.0114186583087, 0.00371127016842, 0.00314850569703, 0.00148362608161, 0.00207044603303, 0.0017278600717, 0.000847930728924, 0.000376332754968, 9.63876736932e-05, 5.86397109146e-05, 5.58759784326e-05, 3.75277668354e-05, 4.6535013098e-05, 6.23498272034e-05, 3.6489291233e-05, 1.30920534502e-05, 7.0134769885e-06, 1.13277528726e-05, 1.00860461316e-05, 5.28471400685e-06, 6.19743514108e-06, 7.87189765106e-06, 3.5345010474e-06, 3.20710000778e-06, 2.56699354395e-06, 6.13038309893e-07, 4.64975897785e-07], "dmean": [0.000285800924757, 0.000290394265903, 0.000366499327356, 0.000328463735059, 0.000302673113765, 0.000165853736689, 0.000105836748844, 9.09295486053e-05, 5.01377980981e-05, 3.22304367728e-05, 3.06081892631e-05, 5.61765518796e-05, 3.94287817471e-05, 2.91915930575e-05, 1.59182109201e-05, 1.63530949067e-05, 7.18095543562e-06, 3.81187214771e-06, 3.07055779558e-06, 2.24848076869e-06, 1.16885394164e-06, 5.84992960739e-07, 3.46696765519e-07, 2.78244613128e-07, 2.51171456966e-07, 2.54905728525e-07, 2.82908445115e-07, 2.04589071018e-07, 1.22928469182e-07, 7.59689200436e-08, 5.88034758664e-08, 4.80303512518e-08, 4.20771542053e-08, 4.41296030829e-08, 4.93495306841e-08, 3.04268219509e-08, 1.89140170193e-08, 1.40372504731e-08, 1.11440359163e-08, 9.33865251795e-09]}, "spectral_decrease": {"dvar": 5.89763274497e-18, "mean": -3.98399002677e-09, "min": -1.04015335012e-07, "median": -1.49564716168e-09, "dvar2": 1.03504167063e-17, "var": 4.6319109983e-17, "dmean2": 1.72127168074e-09, "max": 2.31670238549e-09, "dmean": 1.2108298808e-09}, "spectral_rolloff": {"dvar": 17021660, "mean": 3789.36206055, "min": 43.06640625, "median": 366.064453125, "dvar2": 49184408, "var": 58185980, "dmean2": 1974.9822998, "max": 22050, "dmean": 1022.17175293}, "melbands_crest": {"dvar": 9.09126472473, "mean": 17.1570835114, "min": 1.52340841293, "median": 16.4583797455, "dvar2": 24.7420463562, "var": 37.1958389282, "dmean2": 5.50521659851, "max": 38.8812065125, "dmean": 3.31861114502}, "barkbands_skewness": {"dvar": 1.09368944168, "mean": 3.37116241455, "min": -8.93078136444, "median": 3.01468396187, "dvar2": 2.64582920074, "var": 5.6204199791, "dmean2": 1.45823323727, "max": 24.1773204803, "dmean": 0.929351449013}, "spectral_centroid": {"dvar": 29630.4082031, "mean": 602.953796387, "min": 105.579650879, "median": 377.866394043, "dvar2": 58441.6171875, "var": 1394919.625, "dmean2": 136.005447388, "max": 11820.4550781, "dmean": 88.8754196167}, "spectral_energyband_middle_low": {"dvar": 5.01194008393e-05, "mean": 0.0105418460444, "min": 1.52642767625e-22, "median": 0.00304916175082, "dvar2": 9.06317363842e-05, "var": 0.000391829700675, "dmean2": 0.00469603855163, "max": 0.352409809828, "dmean": 0.00334679568186}, "erbbands_crest": {"dvar": 6.77354001999, "mean": 12.5548324585, "min": 2.04205012321, "median": 11.3317184448, "dvar2": 16.2050132751, "var": 33.6909217834, "dmean2": 4.26266336441, "max": 33.6266403198, "dmean": 2.69451546669}, "dynamic_complexity": 7.16303443909, "spectral_energyband_low": {"dvar": 1.35843047246e-05, "mean": 0.00440903101116, "min": 1.39978571357e-23, "median": 0.00181604723912, "dvar2": 3.48237990693e-05, "var": 7.56039371481e-05, "dmean2": 0.00292945187539, "max": 0.149461209774, "dmean": 0.00181326817255}, "silence_rate_60dB": {"dvar": 0.0525992140174, "mean": 0.277345776558, "min": 0, "median": 0, "dvar2": 0.116184107959, "var": 0.200413152575, "dmean2": 0.111399158835, "max": 1, "dmean": 0.0556954517961}, "erbbands_kurtosis": {"dvar": 53.990020752, "mean": 7.33418035507, "min": -1.65187633038, "median": 2.94162988663, "dvar2": 122.612075806, "var": 163.85295105, "dmean2": 5.98599243164, "max": 199.747253418, "dmean": 3.85270881653}, "spectral_complexity": {"dvar": 2.20897388458, "mean": 6.15463209152, "min": 0, "median": 5, "dvar2": 4.58787059784, "var": 23.6455593109, "dmean2": 2.08458638191, "max": 38, "dmean": 1.29728925228}, "barkbands_crest": {"dvar": 5.16242027283, "mean": 12.5975236893, "min": 3.41290163994, "median": 11.901722908, "dvar2": 13.2685852051, "var": 19.4285812378, "dmean2": 4.09956693649, "max": 26.5590610504, "dmean": 2.52722048759}, "spectral_energy": {"dvar": 0.000105219332909, "mean": 0.0175239406526, "min": 1.01003631866e-20, "median": 0.0074585606344, "dvar2": 0.000178769274498, "var": 0.000835920334794, "dmean2": 0.00692025804892, "max": 0.499829947948, "dmean": 0.0049188346602}, "spectral_spread": {"dvar": 490354081792, "mean": 4208178.5, "min": 899721.25, "median": 3750961.5, "dvar2": 1137283170300.0, "var": 16837260607500.0, "dmean2": 1107103.5, "max": 42840848, "dmean": 692480.8125}, "spectral_contrast_valleys": {"dvar": [0.103388741612, 0.145093634725, 0.160288766026, 0.166203126311, 0.15177989006, 0.402079820633], "mean": [-7.88738393784, -7.78483295441, -8.63553237915, -9.30087280273, -9.39424133301, -12.2137889862], "min": [-28.3646335602, -28.6444206238, -27.9869995117, -27.7788696289, -27.4686908722, -27.3891201019], "median": [-7.58108901978, -7.48799753189, -8.42935752869, -9.15856075287, -9.28112602234, -12.0025510788], "dvar2": [0.265990823507, 0.347336530685, 0.374589681625, 0.402282327414, 0.36098280549, 1.03445565701], "var": [5.08860206604, 5.78208780289, 5.43772220612, 4.81154346466, 4.37986421585, 3.7153570652], "dmean2": [0.655599951744, 0.682038605213, 0.698149740696, 0.691799819469, 0.61680239439, 1.2135361433], "max": [-5.5340294838, -4.46434164047, -4.56642055511, -5.71150779724, -6.46429252625, -9.06887149811], "dmean": [0.388114511967, 0.433666408062, 0.443059653044, 0.435270339251, 0.388518214226, 0.743350982666]}, "spectral_rms": {"dvar": 4.84473730467e-07, "mean": 0.00332931266166, "min": 3.13911006564e-12, "median": 0.00269752577879, "dvar2": 8.31389570521e-07, "var": 6.01223882768e-06, "dmean2": 0.000754609412979, "max": 0.0220825485885, "dmean": 0.000533434911631}, "barkbands_spread": {"dvar": 29.9210834503, "mean": 8.95889377594, "min": 0.152337908745, "median": 5.3143620491, "dvar2": 62.889415741, "var": 142.620117188, "dmean2": 4.16173410416, "max": 127.019714355, "dmean": 2.70840668678}, "pitch_salience": {"dvar": 0.00420863507316, "mean": 0.539842426777, "min": 0.0676130130887, "median": 0.554484069347, "dvar2": 0.0109028825536, "var": 0.0189327318221, "dmean2": 0.118258215487, "max": 0.949741661549, "dmean": 0.07254845649}, "erbbands_skewness": {"dvar": 0.319126695395, "mean": 1.59427177906, "min": -6.67117023468, "median": 1.43397378922, "dvar2": 0.717618942261, "var": 2.24799227715, "dmean2": 0.816007137299, "max": 10.3810462952, "dmean": 0.532732009888}, "spectral_energyband_middle_high": {"dvar": 2.51620931522e-05, "mean": 0.00227642105892, "min": 1.1236464052e-21, "median": 7.83625000622e-05, "dvar2": 3.81849931728e-05, "var": 0.000125061735162, "dmean2": 0.00108049437404, "max": 0.320425897837, "dmean": 0.000827289593872}, "erbbands": {"dvar": [0.00817007850856, 0.156636819243, 4.29609060287, 22.5164794922, 87.1954879761, 342.39364624, 707.901245117, 562.234069824, 617.245239258, 1287.57312012, 931.529602051, 598.164489746, 766.036315918, 13372.0039062, 4651.33496094, 3497.63452148, 1373.9675293, 412.776031494, 201.084289551, 132.420776367, 47.4036483765, 4.79691696167, 1.44348108768, 1.43249833584, 2.47095704079, 1.82253718376, 0.285272657871, 0.120231419802, 0.0805557593703, 0.0762773379683, 0.146462857723, 0.015080627054, 0.00362889142707, 0.000902729632799, 0.0003190311254, 0.000208376834053, 0.000687844061758, 0.000363904371625, 0.000120476775919, 1.3711965039e-05], "mean": [0.0560248568654, 0.317375481129, 1.51633739471, 4.09709596634, 7.73477840424, 15.6357164383, 20.0014648438, 18.1109600067, 15.3699607849, 20.0482730865, 12.7564058304, 10.9681549072, 11.5290174484, 30.7924518585, 23.2359981537, 18.9827976227, 14.1773490906, 8.17855739594, 4.3849029541, 3.55291128159, 2.16870069504, 0.95019119978, 0.575390636921, 0.558285653591, 0.644467294216, 0.567819774151, 0.314367979765, 0.182920277119, 0.131474211812, 0.10055963695, 0.0741652399302, 0.035624910146, 0.0181165747344, 0.0109938019887, 0.00661818031222, 0.00460009789094, 0.00564630283043, 0.00648847362027, 0.00651178695261, 0.00294733885676], "min": [6.31166411199e-23, 5.71140142141e-22, 3.34017106546e-21, 8.76231534304e-21, 7.23665421241e-21, 2.17287470688e-20, 3.45136716191e-20, 7.20189065469e-20, 1.05820504906e-19, 1.42169522283e-19, 2.21460677658e-19, 2.22408885134e-19, 4.12871925764e-19, 5.19634705709e-19, 8.18838496075e-19, 1.20551007047e-18, 1.46589784191e-18, 1.40883075485e-18, 2.23337669375e-18, 2.44688876026e-18, 3.0639708739e-18, 4.70146505913e-18, 5.29879906283e-18, 5.93114183159e-18, 7.67316145416e-18, 7.8682486929e-18, 1.02223203438e-17, 1.02474128677e-17, 1.08349071444e-17, 1.15532655299e-17, 1.19065998645e-17, 1.00003621429e-17, 7.74925545307e-18, 8.15369466023e-18, 6.322650965e-18, 3.98731412779e-18, 2.15624148124e-18, 9.82212250524e-19, 2.42084926967e-19, 2.60371285984e-20], "median": [0.0186441726983, 0.114399276674, 0.353337407112, 0.945148706436, 1.84668898582, 2.56963300705, 3.08221197128, 2.92439770699, 1.73780751228, 1.27571451664, 0.752139270306, 0.672883749008, 0.629677176476, 0.595838487148, 0.387345045805, 0.341844171286, 0.267856657505, 0.20872066915, 0.159317940474, 0.125169500709, 0.108457900584, 0.0963226854801, 0.0832532197237, 0.0797214210033, 0.0788261070848, 0.0711586400867, 0.0501531213522, 0.0298606622964, 0.0197641290724, 0.0141406711191, 0.0104045784101, 0.00630636280403, 0.00328791514039, 0.00205072807148, 0.00129416189156, 0.000880131847225, 0.000805139425211, 0.000712135690264, 0.000695554306731, 0.000409457250498], "dvar2": [0.0247710123658, 0.387978702784, 10.3990898132, 60.7750358582, 170.820999146, 723.019836426, 1352.30175781, 937.050048828, 995.29864502, 1978.12329102, 1798.34008789, 1253.00915527, 1544.74987793, 20878.265625, 8084.59863281, 5455.15185547, 2451.76220703, 852.243469238, 356.266540527, 286.990234375, 96.7734680176, 11.0373306274, 3.19508910179, 3.31819987297, 5.5748705864, 4.36762475967, 0.701214432716, 0.293109387159, 0.193278476596, 0.191053628922, 0.424183398485, 0.0394146814942, 0.00975414644927, 0.00230158306658, 0.000813498394564, 0.000552279758267, 0.00190441228915, 0.000949730514549, 0.000249945383985, 2.02088976948e-05], "var": [0.0126269189641, 0.468608349562, 30.8205852509, 90.2817993164, 551.585876465, 1859.69592285, 3185.90478516, 2735.40942383, 3072.28710938, 5142.60107422, 3278.64794922, 2167.97314453, 2020.96679688, 52603.3515625, 15967.9052734, 13184.0244141, 4385.13623047, 1227.14282227, 687.423583984, 514.447509766, 164.506515503, 16.1921463013, 4.72066879272, 4.94225597382, 7.7237906456, 4.9351644516, 0.953510820866, 0.350248843431, 0.210924521089, 0.130600139499, 0.109522402287, 0.0139366677031, 0.00308275502175, 0.000907569599804, 0.000325261993567, 0.000184323682333, 0.000572187418584, 0.000677378789987, 0.000576691003516, 8.71507290867e-05], "dmean2": [0.063564196229, 0.288976728916, 1.03862559795, 3.15930557251, 5.21159505844, 9.61712265015, 12.0729370117, 9.81827640533, 9.05033397675, 11.277050972, 8.96280479431, 7.14503335953, 8.72655010223, 18.5760478973, 15.5135011673, 11.9069757462, 9.90769290924, 5.65593624115, 3.0666475296, 2.6525850296, 1.58690297604, 0.76984757185, 0.488552063704, 0.466097563505, 0.538722991943, 0.485228568316, 0.266059905291, 0.164312675595, 0.128632754087, 0.12254935503, 0.130890771747, 0.0597572289407, 0.0325146205723, 0.0195884089917, 0.0116287060082, 0.0080775776878, 0.00917673297226, 0.00607053795829, 0.00371871748939, 0.00106851570308], "max": [2.7340965271, 15.5396785736, 119.537322998, 140.424301147, 718.182373047, 551.914855957, 1088.32019043, 1361.74658203, 1805.12854004, 2151.86279297, 1655.17089844, 1152.9185791, 1141.81396484, 8030.06982422, 3084.25366211, 3608.48632812, 1353.60559082, 848.546813965, 1197.03393555, 726.975097656, 340.085083008, 84.5275268555, 47.2415618896, 41.8696632385, 54.2545318604, 55.490020752, 19.1698093414, 16.5752925873, 15.8452796936, 9.72653484344, 11.6932821274, 5.15391778946, 2.78137660027, 0.569198787212, 0.358319789171, 0.570179760456, 0.828546881676, 0.725534439087, 0.494369655848, 0.268785923719], "dmean": [0.0374117940664, 0.176991388202, 0.649765789509, 1.9758399725, 3.36682462692, 6.41144943237, 8.54406547546, 7.25027656555, 6.67094802856, 8.81248092651, 6.31038188934, 5.08835506439, 6.05846595764, 14.0704603195, 11.182217598, 8.78180408478, 7.01440763474, 4.03493785858, 2.20532846451, 1.789940238, 1.11746072769, 0.487865269184, 0.315767914057, 0.296271950006, 0.349860072136, 0.313375294209, 0.168684244156, 0.103997893631, 0.0806863605976, 0.0765387043357, 0.0768900588155, 0.0356921739876, 0.0192867089063, 0.0116248587146, 0.00691802892834, 0.00480887200683, 0.00552054215223, 0.00388840213418, 0.00259550334886, 0.000841808447149]}, "dissonance": {"dvar": 0.00138960266486, "mean": 0.421190321445, "min": 0.112098038197, "median": 0.435455471277, "dvar2": 0.00364499376155, "var": 0.00345464213751, "dmean2": 0.0604865662754, "max": 0.500000178814, "dmean": 0.0368598029017}, "erbbands_flatness_db": {"dvar": 0.000820679881144, "mean": 0.186527177691, "min": 0.0221044197679, "median": 0.184698417783, "dvar2": 0.00192460999824, "var": 0.00445500668138, "dmean2": 0.0493194758892, "max": 0.460025280714, "dmean": 0.0318258479238}, "melbands_kurtosis": {"dvar": 725.440795898, "mean": 28.4413070679, "min": -1.916446805, "median": 13.7683067322, "dvar2": 1906.35510254, "var": 1937.67626953, "dmean2": 22.09815979, "max": 668.166137695, "dmean": 13.5217142105}, "melbands_spread": {"dvar": 21.9931983948, "mean": 8.09408950806, "min": 0.247406467795, "median": 4.07142829895, "dvar2": 57.0692138672, "var": 311.475982666, "dmean2": 3.14340639114, "max": 328.27166748, "dmean": 1.996565938}, "melbands_skewness": {"dvar": 1.02560901642, "mean": 2.8098423481, "min": -3.50967693329, "median": 2.32251930237, "dvar2": 2.52190279961, "var": 5.37794733047, "dmean2": 1.37143945694, "max": 22.137676239, "dmean": 0.871325612068}, "spectral_entropy": {"dvar": 0.0957111865282, "mean": 6.70389461517, "min": 4.2742433548, "median": 6.68569135666, "dvar2": 0.23729480803, "var": 0.542470693588, "dmean2": 0.525025725365, "max": 9.82332038879, "dmean": 0.333991706371}, "zerocrossingrate": {"dvar": 0.000561222899705, "mean": 0.127125799656, "min": 0.0009765625, "median": 0.0751953125, "dvar2": 0.000894177763257, "var": 0.0156315341592, "dmean2": 0.0266185067594, "max": 0.6962890625, "dmean": 0.0203809868544}, "average_loudness": 0.0505641661584, "spectral_contrast_coeffs": {"dvar": [0.00167712452821, 0.00149936275557, 0.00103491533082, 0.000734175613616, 0.000339219317539, 0.000909423979465], "mean": [-0.649959206581, -0.735575318336, -0.821395754814, -0.850065588951, -0.874165356159, -0.817736804485], "min": [-0.978902757168, -0.990800738335, -0.978158771992, -0.978094518185, -0.968495547771, -0.965680539608], "median": [-0.659757554531, -0.737652540207, -0.834095537663, -0.870091557503, -0.879339814186, -0.83453142643], "dvar2": [0.00432056142017, 0.00374371604994, 0.00243551307358, 0.00168763520196, 0.000841882603709, 0.00232762703672], "var": [0.0133770750836, 0.0080213341862, 0.0061215730384, 0.0049572782591, 0.0014330901904, 0.00292961625382], "dmean2": [0.081554941833, 0.0749691799283, 0.0585701875389, 0.0480311140418, 0.0325061827898, 0.0487422384322], "max": [-0.241149917245, -0.322957545519, -0.381084561348, -0.526692867279, -0.64413189888, -0.531573116779], "dmean": [0.0496225357056, 0.0471013262868, 0.0370165966451, 0.0301476195455, 0.0199462268502, 0.0296236705035]}, "barkbands_flatness_db": {"dvar": 0.000921494560316, "mean": 0.229762360454, "min": 0.0325077958405, "median": 0.228781208396, "dvar2": 0.00232798024081, "var": 0.00474756537005, "dmean2": 0.0547471642494, "max": 0.493874430656, "dmean": 0.0345732457936}, "silence_rate_30dB": {"dvar": 0.00909915287048, "mean": 0.979782283306, "min": 0, "median": 1, "dvar2": 0.0205485969782, "var": 0.0198106840253, "dmean2": 0.0183690097183, "max": 1, "dmean": 0.00918382499367}, "spectral_energyband_high": {"dvar": 1.32548798604e-08, "mean": 7.80320697231e-05, "min": 7.09965000007e-21, "median": 1.00919496617e-05, "dvar2": 2.71205973235e-08, "var": 7.10513106128e-08, "dmean2": 4.61612653453e-05, "max": 0.00620076898485, "dmean": 3.19608552672e-05}, "melbands_flatness_db": {"dvar": 0.00125260301866, "mean": 0.351437449455, "min": 0.00409703655168, "median": 0.354854762554, "dvar2": 0.00316324830055, "var": 0.00756622757763, "dmean2": 0.0649123340845, "max": 0.654805719852, "dmean": 0.0408872514963}, "barkbands": {"dvar": [1.13990131467e-06, 3.76559273718e-06, 5.21824176758e-06, 4.6336149353e-06, 1.72047730302e-05, 9.00930899661e-06, 4.90949651066e-06, 1.79451330951e-06, 1.28864996896e-06, 2.64747677647e-06, 6.36318009128e-06, 2.34272692978e-06, 6.12667065525e-07, 1.41278604815e-07, 6.05851724345e-08, 2.94004607326e-08, 2.80940937181e-09, 5.13729947471e-10, 7.78370978782e-10, 8.71239469458e-10, 1.00533713299e-10, 5.63065739867e-11, 1.4116649516e-10, 1.79775916376e-11, 6.64376930207e-12, 1.82437689955e-10, 2.08636574683e-08], "mean": [0.000669813831337, 0.00152431707829, 0.00156329013407, 0.00166682561394, 0.00402899319306, 0.00235931994393, 0.00126879930031, 0.000624178152066, 0.000474168802612, 0.000619570957497, 0.000645586580504, 0.000489491911139, 0.000295096921036, 0.000122324432596, 7.01309691067e-05, 5.12583064847e-05, 1.78678783413e-05, 9.70512337517e-06, 1.18045418276e-05, 1.20317727124e-05, 5.84751978749e-06, 3.584136266e-06, 2.66473466581e-06, 1.29607929011e-06, 9.4916379112e-07, 2.89372837869e-06, 8.8369633886e-05], "min": [1.97440285856e-25, 1.04874876386e-24, 4.0509457015e-25, 3.7478690395e-25, 9.37545408637e-24, 7.99838378034e-24, 5.92819701158e-24, 7.03734451622e-24, 5.29382307616e-24, 1.22032861399e-23, 1.3116147302e-23, 1.7687260193e-23, 2.68089708583e-23, 2.30430908917e-23, 3.63371736595e-23, 5.60361285572e-23, 6.80104628077e-23, 9.23185678916e-23, 1.1316412896e-22, 1.53061848403e-22, 2.39316265811e-22, 3.25195374755e-22, 4.07994467803e-22, 4.86276227763e-22, 8.99277501068e-22, 1.31778979452e-21, 1.75844421452e-21], "median": [0.000105512037408, 0.000597980630118, 0.000280390202533, 0.000328242196701, 0.000804803683423, 0.000340100785252, 0.000104750804894, 3.06254696625e-05, 2.68599906121e-05, 1.96841338038e-05, 8.80356310518e-06, 7.97150369181e-06, 5.24054348716e-06, 3.54881103704e-06, 2.49852473644e-06, 1.97085432774e-06, 1.654311518e-06, 1.4935191075e-06, 1.56164753662e-06, 1.49322386278e-06, 9.53735934672e-07, 5.25306688814e-07, 3.73324013481e-07, 2.41927239131e-07, 1.78649571581e-07, 4.05651121582e-07, 7.20221396477e-06], "dvar2": [2.8229221698e-06, 1.00403212855e-05, 1.19164360513e-05, 1.22271276268e-05, 3.53840041498e-05, 1.493194668e-05, 7.718958841e-06, 3.38274480782e-06, 2.64751361101e-06, 4.90055754199e-06, 1.08155873022e-05, 3.8126668187e-06, 1.12954398901e-06, 2.81568617311e-07, 1.25384403304e-07, 6.15908106738e-08, 6.75309497211e-09, 1.15018816693e-09, 1.86586235351e-09, 2.00600736022e-09, 2.50540671543e-10, 1.3326004189e-10, 3.97407523556e-10, 4.64417879154e-11, 1.69126778554e-11, 5.13637965494e-10, 3.47280142421e-08], "var": [2.80431231658e-06, 9.00139366422e-06, 4.17521659983e-05, 1.76920602826e-05, 0.000100270743133, 4.73696527479e-05, 2.02575447474e-05, 6.57121290715e-06, 4.1223674998e-06, 1.16978817459e-05, 2.26371303143e-05, 9.40006793826e-06, 1.92303832591e-06, 3.72573282448e-07, 1.91724780052e-07, 1.1616322837e-07, 6.6082641581e-09, 1.3857045511e-09, 2.58719423663e-09, 2.29773111649e-09, 3.24199195267e-10, 1.55257362522e-10, 1.23111035255e-10, 1.65390548479e-11, 6.74384072891e-12, 1.46808482038e-10, 1.18549138506e-07], "dmean2": [0.000597690523136, 0.00150721566752, 0.00107912020758, 0.00142689468339, 0.00240394985303, 0.00129506853409, 0.000732946733478, 0.000449736980954, 0.000332610536134, 0.000417972973082, 0.000464243552415, 0.000319597718772, 0.000220208152314, 9.53963026404e-05, 5.47143899894e-05, 3.85708699469e-05, 1.60689032782e-05, 9.02002011571e-06, 9.99871372187e-06, 1.02886069726e-05, 5.1320912462e-06, 3.542293598e-06, 4.3493459998e-06, 2.22269204642e-06, 1.68378880971e-06, 4.8374099606e-06, 4.13714587921e-05], "max": [0.0338388346136, 0.0584567822516, 0.13459636271, 0.0766301676631, 0.178162440658, 0.150551915169, 0.0866208970547, 0.0618715211749, 0.0398542135954, 0.0819758400321, 0.171043053269, 0.0799717754126, 0.0283662620932, 0.0161523558199, 0.0177833288908, 0.0112622594461, 0.00190381659195, 0.00100571534131, 0.00114076200407, 0.00121911976021, 0.0003752966295, 0.000360918405931, 0.000423399003921, 0.000159909701324, 5.06101569044e-05, 0.000440047966549, 0.00863486807793], "dmean": [0.000363235303666, 0.000906946370378, 0.000678055454046, 0.000880999257788, 0.00161269225646, 0.000951531459577, 0.000560226792004, 0.000319644575939, 0.00023558094108, 0.000292856537271, 0.000337739911629, 0.000231307072681, 0.000154940818902, 6.69448927511e-05, 3.80608726118e-05, 2.66414172074e-05, 1.01713194454e-05, 5.69568010178e-06, 6.30061686024e-06, 6.68770553602e-06, 3.22152573062e-06, 2.2271447051e-06, 2.59754324361e-06, 1.32783850404e-06, 9.99901772047e-07, 2.89927129415e-06, 3.15312463499e-05]}, "erbbands_spread": {"dvar": 56.534324646, "mean": 23.3031082153, "min": 0.372142136097, "median": 17.5978164673, "dvar2": 121.032707214, "var": 352.65612793, "dmean2": 9.40061759949, "max": 151.107620239, "dmean": 6.10646867752}, "barkbands_kurtosis": {"dvar": 653.926086426, "mean": 32.8301010132, "min": -1.89842653275, "median": 20.6371765137, "dvar2": 1597.72485352, "var": 2006.27832031, "dmean2": 22.3571052551, "max": 965.832702637, "dmean": 14.0360460281}, "spectral_flux": {"dvar": 0.000406466220738, "mean": 0.0451801195741, "min": 6.38216979265e-11, "median": 0.0362979024649, "dvar2": 0.00101195741445, "var": 0.00128264119849, "dmean2": 0.0228325147182, "max": 0.488687843084, "dmean": 0.0142196137458}, "silence_rate_20dB": {"dvar": 0.000740104238503, "mean": 0.998963177204, "min": 0, "median": 1, "dvar2": 0.00177547056228, "var": 0.0010356468847, "dmean2": 0.0014813716989, "max": 1, "dmean": 0.000740631017834}, "gfcc": {"cov": [[21295.703125, 2087.70751953, -2093.79296875, -1735.97265625, -877.040588379, -310.684875488, -324.920257568, -654.733581543, -315.778503418, -222.438232422, -53.9846916199, -226.561691284, -73.9717254639], [2087.70751953, 1315.30908203, -29.3269176483, -388.49130249, -111.629730225, -173.186264038, -14.0202789307, -141.121109009, -21.1588611603, -59.2177238464, 51.3318595886, -89.2111968994, 33.9371261597], [-2093.79296875, -29.3269176483, 754.553222656, 611.346740723, 76.2923355103, 51.0483131409, -60.8071403503, 144.013946533, 21.154088974, 35.7489395142, -5.98089885712, 52.1708869934, 5.47612428665], [-1735.97265625, -388.49130249, 611.346740723, 877.319091797, 246.952087402, 41.6504173279, 24.7946414948, 102.167228699, 47.9359817505, 31.8849754333, -34.02110672, 82.651008606, -41.7659568787], [-877.040588379, -111.629730225, 76.2923355103, 246.952087402, 311.847686768, 36.2995643616, 145.295913696, -28.3912181854, 46.2263145447, -15.835691452, 5.03566789627, 2.45805454254, -12.1109018326], [-310.684875488, -173.186264038, 51.0483131409, 41.6504173279, 36.2995643616, 262.296966553, 2.60402011871, 124.263793945, -33.1988449097, 23.3147735596, -10.736992836, -1.51434016228, 10.6225881577], [-324.920257568, -14.0202789307, -60.8071403503, 24.7946414948, 145.295913696, 2.60402011871, 236.974334717, -0.116693288088, 67.6941070557, -26.0938014984, 4.24907684326, 12.8863306046, -9.35188102722], [-654.733581543, -141.121109009, 144.013946533, 102.167228699, -28.3912181854, 124.263793945, -0.116693288088, 203.345230103, 41.4876747131, 45.6867179871, -6.32884788513, 12.4017286301, 24.8128509521], [-315.778503418, -21.1588611603, 21.154088974, 47.9359817505, 46.2263145447, -33.1988449097, 67.6941070557, 41.4876747131, 109.436210632, 45.8575897217, 17.6984615326, 9.97595024109, -9.84017562866], [-222.438232422, -59.2177238464, 35.7489395142, 31.8849754333, -15.835691452, 23.3147735596, -26.0938014984, 45.6867179871, 45.8575897217, 89.6676483154, 42.559261322, 8.70046520233, -5.8014125824], [-53.9846916199, 51.3318595886, -5.98089885712, -34.02110672, 5.03566789627, -10.736992836, 4.24907684326, -6.32884788513, 17.6984615326, 42.559261322, 72.950843811, 34.2070121765, 16.3063526154], [-226.561691284, -89.2111968994, 52.1708869934, 82.651008606, 2.45805454254, -1.51434016228, 12.8863306046, 12.4017286301, 9.97595024109, 8.70046520233, 34.2070121765, 87.1728744507, 35.4787597656], [-73.9717254639, 33.9371261597, 5.47612428665, -41.7659568787, -12.1109018326, 10.6225881577, -9.35188102722, 24.8128509521, -9.84017562866, -5.8014125824, 16.3063526154, 35.4787597656, 84.4609146118]], "mean": [-152.288375854, 120.117294312, -52.4984397888, 1.15857708454, -25.857252121, -20.6734313965, -11.1889362335, -20.0002365112, -12.8536300659, -8.74830532074, -4.09748983383, -4.23647022247, -4.81767463684], "icov": [[0.000136550675961, -0.000312794290949, 0.000802422757261, -0.000690432207193, 0.000701766111888, -0.000433618755778, 0.000159479124704, 0.000317182624713, -0.000351790018613, 0.000478149333503, -0.000328237074427, 0.000289376534056, -0.000134857735247], [-0.000312794290949, 0.00232909061015, -0.0027885560412, 0.00181787170004, -0.000260723376414, 0.000730208994355, -0.000727827660739, 0.000811460718978, -0.000951580528636, 0.0019419786986, -0.00312424101867, 0.00319626717828, -0.00129518588074], [0.000802422757261, -0.0027885560412, 0.0100597767159, -0.00928238034248, 0.00649940501899, -0.00365972146392, 0.00195340043865, 0.000580478052143, -0.00355592556298, 0.00593554181978, -0.00621829833835, 0.00478734774515, -0.00279818987474], [-0.000690432207193, 0.00181787170004, -0.00928238034248, 0.0132708325982, -0.0125924469903, 0.00689718313515, 6.26870096312e-05, -0.00566096510738, 0.00865142047405, -0.0123127456754, 0.0151935210451, -0.0147758452222, 0.00826171133667], [0.000701766111888, -0.000260723376414, 0.00649940501899, -0.0125924469903, 0.0200526677072, -0.0103609114885, -0.00347786070779, 0.0115470904857, -0.0141945239156, 0.0167309958488, -0.0195097010583, 0.0196190197021, -0.0105070238933], [-0.000433618755778, 0.000730208994355, -0.00365972146392, 0.00689718313515, -0.0103609114885, 0.0135622182861, -0.00135826936457, -0.0113976681605, 0.01