{"tonal": {"hpcp": {"dvar": [0.0268237404525, 0.031212406233, 0.0222498960793, 0.0190370362252, 0.0183311086148, 0.0212384071201, 0.0324272699654, 0.0401673540473, 0.0265660174191, 0.0230156444013, 0.0180799737573, 0.0136863244697, 0.0155291231349, 0.0190400220454, 0.0179345197976, 0.0287906453013, 0.0365302786231, 0.0433392822742, 0.0750991627574, 0.0620267726481, 0.0452294759452, 0.0437879860401, 0.0367315709591, 0.0319624207914, 0.0663611963391, 0.0230153240263, 0.0186708103865, 0.0276110433042, 0.0331673771143, 0.0232650768012, 0.0426958985627, 0.0407403334975, 0.0215946305543, 0.0174587741494, 0.0173735022545, 0.0220287516713], "var": [0.0468653999269, 0.0551014356315, 0.0241218563169, 0.0194997992367, 0.0171323176473, 0.0186070967466, 0.0671805292368, 0.113828346133, 0.0408220440149, 0.0275415126234, 0.0181686840951, 0.0108423670754, 0.0177593305707, 0.0230524744838, 0.016494365409, 0.0663900822401, 0.0990398451686, 0.0482597313821, 0.0729624330997, 0.0596302598715, 0.0406542159617, 0.091351300478, 0.089176684618, 0.0409692563117, 0.0708921030164, 0.0253864936531, 0.0178488623351, 0.0761388540268, 0.107834905386, 0.0359073504806, 0.130031839013, 0.117930181324, 0.0236269589514, 0.0130692897364, 0.0130275711417, 0.0200471524149], "median": [0.0704606324434, 0.0792298465967, 0.0408992953598, 0.0158478617668, 0.0147209363058, 0.0248957872391, 0.123788103461, 0.165715843439, 0.0802055820823, 0.0151358898729, 0.0105052487925, 0.0106129134074, 0.0236352365464, 0.0305382274091, 0.0417262651026, 0.0906136706471, 0.131090834737, 0.0817435830832, 0.0268835313618, 0.0231302361935, 0.0262926854193, 0.0411466658115, 0.0521639436483, 0.0688765868545, 0.0388148054481, 0.0297323204577, 0.0249906349927, 0.0885222926736, 0.117402747273, 0.126443743706, 0.0555821061134, 0.0684390664101, 0.0501057952642, 0.0251818522811, 0.0219642277807, 0.030588446185], "max": [1, 1, 1, 1, 1, 1, 1, 1, 1, 1, 1, 1, 1, 1, 1, 1, 1, 1, 1, 1, 1, 1, 1, 1, 1, 1, 1, 1, 1, 1, 1, 1, 1, 1, 1, 1], "dmean": [0.099265307188, 0.110413864255, 0.0770710259676, 0.056260805577, 0.0543344728649, 0.0725079104304, 0.132151797414, 0.145101562142, 0.109405428171, 0.0654810070992, 0.0518728047609, 0.0413135364652, 0.0533787608147, 0.0669646412134, 0.0740754157305, 0.116417527199, 0.132648900151, 0.144465893507, 0.163780853152, 0.147198945284, 0.125716418028, 0.120888486505, 0.115810260177, 0.130387991667, 0.154131531715, 0.0928796976805, 0.0643263161182, 0.10731986165, 0.120492950082, 0.114600524306, 0.12565612793, 0.129919216037, 0.0904632434249, 0.0619964674115, 0.0589729733765, 0.0714723020792], "dmean2": [0.166632220149, 0.18568494916, 0.133900746703, 0.1016497612, 0.0985015928745, 0.128964960575, 0.220671191812, 0.24227181077, 0.188170745969, 0.117620743811, 0.0918899029493, 0.0733203142881, 0.0926936417818, 0.116380624473, 0.129448309541, 0.193811506033, 0.222588002682, 0.252992838621, 0.289375722408, 0.259435087442, 0.226955965161, 0.211376830935, 0.197697639465, 0.228828787804, 0.277773231268, 0.165006101131, 0.110992625356, 0.177432596684, 0.202600881457, 0.195746034384, 0.215462505817, 0.222212672234, 0.157484278083, 0.111992403865, 0.107060819864, 0.125853061676], "mean": [0.15402571857, 0.173311412334, 0.0963526517153, 0.0608975924551, 0.0569991879165, 0.0716778337955, 0.234111040831, 0.317694365978, 0.167989403009, 0.0690845102072, 0.0519656091928, 0.0394882485271, 0.0669593140483, 0.0863544791937, 0.0839686617255, 0.203354939818, 0.269319325686, 0.17422837019, 0.148019075394, 0.13224619627, 0.115541674197, 0.197277709842, 0.204799443483, 0.159981906414, 0.159987688065, 0.0977317616343, 0.0725918710232, 0.221082255244, 0.277270197868, 0.187707692385, 0.263318508863, 0.259213656187, 0.111055165529, 0.0624101907015, 0.058147802949, 0.0786804780364], "dvar2": [0.066011108458, 0.0780914574862, 0.059309951961, 0.0529448725283, 0.0526468530297, 0.0595752894878, 0.0845587775111, 0.0967006087303, 0.0725423917174, 0.0621397159994, 0.0491437986493, 0.0375073999166, 0.0415802672505, 0.0518708527088, 0.0500926114619, 0.072137080133, 0.0892681106925, 0.11935248971, 0.195512905717, 0.156767010689, 0.128371417522, 0.115199141204, 0.0919738560915, 0.0867235064507, 0.173384428024, 0.06109938398, 0.0518261231482, 0.0684952884912, 0.0842487812042, 0.0643080249429, 0.10320468992, 0.103789292276, 0.0597144886851, 0.0502728745341, 0.0503945089877, 0.0609787553549], "min": [0, 0, 0, 0, 0, 0, 0, 0, 0, 0, 0, 0, 0, 0, 0, 0, 0, 0, 0, 0, 0, 0, 0, 0, 0, 0, 0, 0, 0, 0, 0, 0, 0, 0, 0, 0]}, "key_key": "G", "thpcp": [1, 0.52877676487, 0.217455893755, 0.163571074605, 0.124296344817, 0.210766449571, 0.27181622386, 0.264306426048, 0.640096127987, 0.847730875015, 0.548415064812, 0.465916603804, 0.416268616915, 0.363688141108, 0.620966970921, 0.644643008709, 0.503571748734, 0.50358992815, 0.307628244162, 0.228495940566, 0.695896029472, 0.872757673264, 0.590843617916, 0.828842222691, 0.815921485424, 0.349566042423, 0.196447268128, 0.183030635118, 0.247660920024, 0.484823584557, 0.545528769493, 0.303287267685, 0.191686093807, 0.179415166378, 0.225618839264, 0.736906468868], "chords_key": "B", "tuning_equal_tempered_deviation": 0.252945274115, "tuning_frequency": 434.193115234, "tuning_diatonic_strength": 0.523014426231, "chords_histogram": [24.8016281128, 30.2950153351, 12.2889118195, 3.3570702076, 4.27263498306, 0, 3.96744656563, 0.0406917594373, 6.42929792404, 0.305188208818, 0.528992891312, 0, 0, 0, 0, 0.0203458797187, 1.03763985634, 0.467955231667, 0, 0.834181070328, 0.0203458797187, 1.77009153366, 0.671414017677, 8.89114952087], "key_strength": 0.670766115189, "key_scale": "major", "chords_strength": {"dvar": 0.000419369840529, "var": 0.0157839674503, "median": 0.507124304771, "max": 0.722355246544, "dmean": 0.00747795635834, "dmean2": 0.00725501822308, "mean": 0.500035107136, "dvar2": 0.000814803468529, "min": -1}, "chords_number_rate": 0.00203458801843, "tuning_nontempered_energy_ratio": 0.960947096348, "hpcp_entropy": {"dvar": 0.223219826818, "var": 0.507066726685, "median": 2.10906481743, "max": 4.54348230362, "dmean": 0.532956242561, "dmean2": 0.904608130455, "mean": 2.09008622169, "dvar2": 0.599996626377, "min": 0}, "chords_changes_rate": 0.050661239773, "chords_scale": "minor"}, "rhythm": {"bpm_histogram_first_peak_spread": {"dvar": 0, "var": 0, "median": 0.501945495605, "max": 0.501945495605, "dmean": 0, "dmean2": 0, "mean": 0.501945495605, "dvar2": 0, "min": 0.501945495605}, "bpm_histogram_first_peak_weight": {"dvar": 0, "var": 0, "median": 0.290909081697, "max": 0.290909081697, "dmean": 0, "dmean2": 0, "mean": 0.290909081697, "dvar2": 0, "min": 0.290909081697}, "bpm_histogram_first_peak_bpm": {"dvar": 0, "var": 0, "median": 112, "max": 112, "dmean": 0, "dmean2": 0, "mean": 112, "dvar2": 0, "min": 112}, "bpm": 112.531318665, "bpm_histogram_second_peak_weight": {"dvar": 0, "var": 0, "median": 0.104545451701, "max": 0.104545451701, "dmean": 0, "dmean2": 0, "mean": 0.104545451701, "dvar2": 0, "min": 0.104545451701}, "beats_loudness": {"dvar": 0.000224490577239, "var": 0.000385476247175, "median": 0.0321543626487, "max": 0.0934689417481, "dmean": 0.0171370990574, "dmean2": 0.0289633609354, "mean": 0.0329192578793, "dvar2": 0.000542877300177, "min": 0}, "beats_loudness_band_ratio": {"dvar": [0.0261865202338, 0.0105561930686, 0.00998691935092, 0.00561646837741, 0.00795948784798, 0.00492528872564], "var": [0.063936971128, 0.022298425436, 0.0180367976427, 0.0092381676659, 0.00746775604784, 0.00488355522975], "median": [0.503146529198, 0.13247834146, 0.0950099825859, 0.0489344969392, 0.0764232724905, 0.045894857496], "max": [0.960203230381, 0.986121535301, 0.765705108643, 0.653707027435, 0.760373771191, 0.743246018887], "dmean": [0.187990695238, 0.111084312201, 0.0887274518609, 0.0553531311452, 0.0623953975737, 0.0466873124242], "dmean2": [0.312851846218, 0.187347978354, 0.151193678379, 0.0951940268278, 0.110344529152, 0.0830085352063], "mean": [0.470701098442, 0.167447507381, 0.142540663481, 0.0832602232695, 0.102096900344, 0.0626066178083], "dvar2": [0.062015812844, 0.0250608492643, 0.0229027662426, 0.0144380759448, 0.0231393314898, 0.0134746013209], "min": [0, 0, 0, 0, 0, 0]}, "bpm_histogram_second_peak_bpm": {"dvar": 0, "var": 0, "median": 120, "max": 120, "dmean": 0, "dmean2": 0, "mean": 120, "dvar2": 0, "min": 120}, "onset_rate": 3.6675567627, "beats_count": 441, "beats_position": [0.371519267559, 0.754648506641, 1.13777780533, 1.53251695633, 1.92725622654, 2.32199549675, 2.72834467888, 3.13469386101, 3.56426286697, 4.00544214249, 4.45823097229, 4.88780021667, 5.30575942993, 5.73532867432, 6.17650794983, 6.62929677963, 7.05886602402, 7.47682523727, 7.90639448166, 8.33596324921, 8.76553249359, 9.18349170685, 9.6014509201, 10.0310201645, 10.47219944, 10.9133787155, 11.3313379288, 11.749297142, 12.1788663864, 12.6200447083, 13.0728340149, 13.4907932281, 13.9087524414, 14.3383216858, 14.7795009613, 15.2322902679, 15.6502494812, 16.0682086945, 16.4977779388, 16.9389572144, 17.4033565521, 17.8213157654, 18.2392749786, 18.6688423157, 19.1100215912, 19.5395908356, 19.9575500488, 20.3871192932, 20.8282985687, 21.2694778442, 21.7222671509, 22.2911567688, 22.8368244171, 23.3824939728, 23.9281635284, 24.4738311768, 25.0078907013, 25.5419502258, 26.076007843, 26.6216773987, 27.1673469543, 27.7246246338, 28.2702941895, 28.8159637451, 29.3500213623, 29.8840808868, 30.4181404114, 30.9521980286, 31.4978675842, 32.0435371399, 32.5775947571, 33.111656189, 33.6341018677, 34.1565513611, 34.690612793, 35.2362823486, 35.7819480896, 36.3392295837, 36.8848991394, 37.4305648804, 37.976234436, 38.5219039917, 39.0675735474, 39.613243103, 40.1589126587, 40.7045783997, 41.2618598938, 41.795917511, 42.3299751282, 42.8756446838, 43.4097061157, 43.9321517944, 44.4546012878, 44.9886627197, 45.5111083984, 46.0451698303, 46.5792274475, 47.1016769409, 47.6357345581, 48.1581840515, 48.6806335449, 49.2030830383, 49.7255325317, 50.2595901489, 50.8052597046, 51.3393173218, 51.8733787537, 52.4074363708, 52.941493988, 53.4755554199, 54.0096130371, 54.5436706543, 55.0661201477, 55.5885696411, 56.122631073, 56.6566886902, 57.1907463074, 57.7248077393, 58.2588653564, 58.7929229736, 59.3269844055, 59.8610420227, 60.4067115784, 60.9407691956, 61.463218689, 61.9972763062, 62.531337738, 63.0770072937, 63.6226730347, 64.1567306519, 64.6907958984, 65.2364578247, 65.7705230713, 66.316192627, 66.8502502441, 67.3843078613, 67.9183654785, 68.4524230957, 68.9864807129, 69.508934021, 70.0429916382, 70.5654373169, 71.0995025635, 71.6335601807, 72.1792297363, 72.724899292, 73.2589569092, 73.7930145264, 74.3270721436, 74.8727416992, 75.4184112549, 75.9524688721, 76.4865264893, 77.0205917358, 77.554649353, 78.0887069702, 78.6111526489, 79.133605957, 79.6676635742, 80.1901092529, 80.7241744995, 81.2698364258, 81.8039016724, 82.349571228, 82.8952331543, 83.4292984009, 83.9749679565, 84.5206298828, 85.0546951294, 85.5887527466, 86.1228103638, 86.656867981, 87.2025375366, 87.7365951538, 88.2590484619, 88.7931060791, 89.3271636963, 89.8612213135, 90.3952789307, 90.9293441772, 91.4634017944, 91.9974594116, 92.5315170288, 93.0539703369, 93.5764160156, 94.1104736328, 94.64453125, 95.1785888672, 95.7126541138, 96.246711731, 96.7807693481, 97.3148269653, 97.8488845825, 98.3829498291, 98.9170074463, 99.462677002, 99.9967346191, 100.530792236, 101.064849854, 101.587303162, 102.121360779, 102.643806458, 103.166259766, 103.700317383, 104.222763062, 104.74521637, 105.279273987, 105.801719666, 106.324172974, 106.858230591, 107.392288208, 107.914733887, 108.437187195, 108.959632874, 109.493690491, 110.050971985, 110.608253479, 111.142311096, 111.734420776, 112.326530457, 112.907028198, 113.475914001, 114.056411743, 114.625305176, 115.194190979, 115.774688721, 116.378410339, 116.993736267, 117.655509949, 118.328887939, 118.979042053, 119.629203796, 120.27936554, 120.929519653, 121.568069458, 122.125350952, 122.682624817, 123.25151825, 123.832015991, 124.412513733, 124.94657135, 125.480628967, 126.014694214, 126.548751831, 127.07119751, 127.593650818, 128.104492188, 128.626937866, 129.149383545, 129.683441162, 130.217498779, 130.751556396, 131.285614014, 131.81968689, 132.342132568, 132.864578247, 133.387023926, 133.909469604, 134.44354248, 134.965988159, 135.488433838, 136.022491455, 136.556549072, 137.090606689, 137.624664307, 138.135513306, 138.657958984, 139.180404663, 139.71446228, 140.236907959, 140.759368896, 141.293426514, 141.827484131, 142.361541748, 142.895599365, 143.429656982, 143.9637146, 144.47454834, 144.997009277, 145.519454956, 146.041900635, 146.564346313, 147.098403931, 147.620864868, 148.143310547, 148.677368164, 149.199813843, 149.722259521, 150.233108521, 150.755554199, 151.277999878, 151.800445557, 152.322906494, 152.845352173, 153.367797852, 153.878631592, 154.389480591, 154.900314331, 155.411148071, 155.933609009, 156.456054688, 156.978500366, 157.500946045, 158.035003662, 158.5574646, 159.103118896, 159.648788452, 160.194458008, 160.728515625, 161.262588501, 161.796646118, 162.353912354, 162.899581909, 163.445251465, 164.002532959, 164.536590576, 165.070648193, 165.593109131, 166.127166748, 166.649612427, 167.172058105, 167.682891846, 168.205352783, 168.727798462, 169.250244141, 169.761077881, 170.27192688, 170.78276062, 171.293609619, 171.804443359, 172.3152771, 172.837722778, 173.360183716, 173.871017456, 174.381851196, 174.881088257, 175.391921997, 175.902755737, 176.401992798, 176.912826538, 177.423675537, 177.934509277, 178.445343018, 178.944580078, 179.455413818, 179.954650879, 180.465484619, 180.964706421, 181.463943481, 181.963165283, 182.462402344, 182.961624146, 183.460861206, 183.960083008, 184.459320068, 184.95854187, 185.469390869, 185.968612671, 186.467849731, 186.967071533, 187.477905273, 187.965530396, 188.453155518, 188.952377319, 189.451599121, 189.950836182, 190.450057983, 190.949295044, 191.448516846, 191.947753906, 192.446975708, 192.93460083, 193.422225952, 193.921447754, 194.420669556, 194.919906616, 195.419128418, 195.90675354, 196.405975342, 196.905212402, 197.392837524, 197.892059326, 198.391296387, 198.890518188, 199.378143311, 199.865753174, 200.353378296, 200.840988159, 201.328613281, 201.804626465, 202.292236328, 202.77986145, 203.267486572, 203.755096436, 204.242721558, 204.730331421, 205.229568481, 205.717178345, 206.216415405, 206.715637207, 207.214874268, 207.690887451, 208.178497314, 208.677734375, 209.165344238, 209.65296936, 210.140579224, 210.639816284, 211.139038086, 211.638275146, 212.137496948, 212.613510132, 213.089523315, 213.577133179, 214.064758301, 214.552383423, 215.039993286, 215.550842285, 216.061676025, 216.584121704, 217.106567383, 217.617416382, 218.105026245, 218.604263306, 219.103485107, 219.614334106, 220.125167847, 220.636001587, 221.146850586, 221.646072388, 222.156906128, 222.656143188, 223.190200806, 223.724258423, 224.25831604, 224.780761719, 225.303222656, 225.825668335, 226.359725952, 226.893783569, 227.427841187], "danceability": 0.995641827583, "bpm_histogram_second_peak_spread": {"dvar": 0, "var": 0, "median": 0.574074089527, "max": 0.574074089527, "dmean": 0, "dmean2": 0, "mean": 0.574074089527, "dvar2": 0, "min": 0.574074089527}}, "lowlevel": {"spectral_flux": {"dvar": 0.000843375979457, "var": 0.0020000403747, "median": 0.0642875954509, "max": 0.278283506632, "dmean": 0.0216852426529, "dmean2": 0.0340073034167, "mean": 0.0707127153873, "dvar2": 0.00193445035256, "min": 6.33097949065e-11}, "spectral_rolloff": {"dvar": 609616.125, "var": 4394711, "median": 1464.2578125, "max": 19272.2167969, "dmean": 437.651672363, "dmean2": 707.465209961, "mean": 1828.13671875, "dvar2": 1259298, "min": 64.599609375}, "barkbands_flatness_db": {"dvar": 0.000300377898384, "var": 0.00372498016804, "median": 0.125963866711, "max": 0.480426698923, "dmean": 0.0176548417658, "dmean2": 0.0250109061599, "mean": 0.138895317912, "dvar2": 0.000667382439133, "min": 0.0367678664625}, "spectral_centroid": {"dvar": 64168.3671875, "var": 1052452.875, "median": 1455.00219727, "max": 11717.2773438, "dmean": 213.648269653, "dmean2": 328.055664062, "mean": 1588.69360352, "dvar2": 139213.96875, "min": 183.668838501}, "melbands_skewness": {"dvar": 0.56556469202, "var": 2.59470582008, "median": 2.2840180397, "max": 16.10313797, "dmean": 0.594090104103, "dmean2": 0.898962318897, "mean": 2.47869634628, "dvar2": 1.21629309654, "min": -2.91599965096}, "melbands": {"dvar": [3.74946421289e-06, 2.71624639936e-06, 4.20868036599e-06, 2.66519293746e-07, 6.84302392528e-08, 1.8632582055e-07, 7.30430187446e-08, 3.71732298277e-08, 2.59539145731e-08, 2.90994925933e-08, 3.32977521111e-08, 1.13321876327e-08, 4.76897987767e-09, 1.4392143477e-08, 3.7437928313e-09, 4.52762849434e-09, 3.93397403542e-09, 4.59625804083e-09, 4.97147922829e-09, 5.46480416475e-10, 8.64358362662e-10, 1.06998687688e-09, 1.25860288858e-09, 7.4719685994e-10, 3.7966943478e-10, 3.02152664e-10, 4.11693318325e-11, 2.84909994902e-11, 4.28029174604e-11, 3.62030305907e-12, 2.26811408197e-12, 9.35741067964e-13, 1.20814718906e-12, 3.74043504503e-12, 5.55750931386e-12, 4.9556417997e-12, 1.56736654905e-11, 1.07625557771e-11, 5.46058727749e-12, 5.10078307717e-12], "var": [5.44363092558e-06, 2.48021979132e-06, 5.09817573402e-06, 4.30833154041e-07, 1.67396677853e-07, 3.82209123018e-07, 1.6566050931e-07, 1.36280561946e-07, 2.29072711022e-07, 1.97515973355e-07, 2.1086758295e-07, 4.87996842935e-08, 2.02010319583e-08, 1.33095113597e-07, 3.05389420419e-08, 2.14178061952e-08, 1.80219608126e-08, 1.55350097231e-08, 2.17590585549e-08, 2.06748129727e-09, 3.27392335464e-09, 2.38171415923e-09, 3.16250958754e-09, 2.04501127143e-09, 1.01931307839e-09, 7.64076191206e-10, 1.54233903427e-10, 9.57450160821e-11, 1.060699098e-10, 1.41131091189e-11, 7.46682837088e-12, 3.46184452632e-12, 4.56427864254e-12, 1.21250127993e-11, 1.89186773886e-11, 1.73828174077e-11, 4.91803299474e-11, 2.54640006997e-11, 1.48627325725e-11, 1.20532681058e-11], "median": [0.000845643866342, 0.00107675150502, 0.000406288891099, 0.00027396628866, 0.000260622007772, 0.000188347519725, 0.000124568468891, 0.000105753380922, 6.05716231803e-05, 4.38538700109e-05, 6.14095188212e-05, 3.52972710971e-05, 1.88912599697e-05, 2.33699556702e-05, 1.71556475834e-05, 1.56576297741e-05, 1.66646605066e-05, 2.19011726585e-05, 2.448921623e-05, 1.92846709979e-05, 1.91515155166e-05, 2.04079369723e-05, 2.49352542596e-05, 1.49752750076e-05, 1.10441160359e-05, 1.14494778245e-05, 5.49655396753e-06, 2.20449692279e-06, 1.97524627765e-06, 9.56677240538e-07, 4.07432196425e-07, 4.03008499461e-07, 4.56373044244e-07, 6.85163286107e-07, 8.45879242206e-07, 7.71615646045e-07, 8.41521966777e-07, 7.7513936958e-07, 5.80667403938e-07, 3.56305662308e-07], "max": [0.0219554454088, 0.021925078705, 0.0195907950401, 0.00657624704763, 0.00507487775758, 0.00686094537377, 0.00584957934916, 0.00481227971613, 0.00719934841618, 0.00418703677133, 0.00568953156471, 0.00279292487539, 0.00444878451526, 0.00478249555454, 0.00241469335742, 0.00293772737496, 0.00238733412698, 0.00350123899989, 0.00414018100128, 0.000888284179382, 0.00116334448103, 0.00110375531949, 0.00088816852076, 0.000556839455385, 0.000427204620792, 0.000467225385364, 0.000152268927195, 0.000103648555523, 0.000122792815091, 4.60042792838e-05, 4.43304452347e-05, 2.39680939558e-05, 3.57422395609e-05, 0.000102861362393, 0.000144944366184, 9.64366845437e-05, 0.000319928716635, 0.0002095579257, 8.22402507765e-05, 9.65506915236e-05], "dmean": [0.000750719569623, 0.00070609030081, 0.000919393962249, 0.000296883663395, 0.000176138084498, 0.000212152866879, 0.000137640963658, 0.000106457300717, 6.4302192186e-05, 7.00922319083e-05, 7.44604985812e-05, 4.46147932962e-05, 2.56250787061e-05, 4.14184141846e-05, 2.33555601881e-05, 2.32010570471e-05, 2.63167876255e-05, 2.17752112803e-05, 2.29127417697e-05, 1.45097073982e-05, 1.64705288626e-05, 1.7260257664e-05, 2.10509479075e-05, 1.4927391021e-05, 1.01520863609e-05, 9.57541487878e-06, 4.07218794862e-06, 2.69978363576e-06, 2.9131761039e-06, 1.06083962237e-06, 6.73018632824e-07, 4.79421771615e-07, 5.18463593835e-07, 7.02682541487e-07, 9.29232328417e-07, 9.9090891581e-07, 1.29666489102e-06, 1.13923499612e-06, 1.07976222807e-06, 8.33499143482e-07], "dmean2": [0.00117543537635, 0.00120927405078, 0.00140002602711, 0.000472714047646, 0.000288236769848, 0.000361354119377, 0.000228878459893, 0.000157601185492, 9.49766399572e-05, 9.93197172647e-05, 0.000105143051769, 6.67952699587e-05, 3.75727868231e-05, 5.94261036895e-05, 3.44515792676e-05, 3.37912752002e-05, 3.8936472265e-05, 3.36480952683e-05, 3.61029815394e-05, 2.32461970882e-05, 2.6622272344e-05, 2.73300647677e-05, 3.47328241332e-05, 2.44525253947e-05, 1.64646608027e-05, 1.56026162585e-05, 6.54062569083e-06, 4.36392474512e-06, 4.74767057312e-06, 1.67367625181e-06, 1.06326081095e-06, 7.52622725031e-07, 7.82750817052e-07, 1.01863201962e-06, 1.32237983053e-06, 1.42073213283e-06, 1.89554953067e-06, 1.62253490998e-06, 1.52321865698e-06, 1.18250716241e-06], "mean": [0.00135639030486, 0.00134192383848, 0.00115596107207, 0.000508408120368, 0.000385216495488, 0.000401915371185, 0.000260434579104, 0.000257525622146, 0.000206122582313, 0.000211709542782, 0.000218328277697, 0.000106224892079, 6.18828707957e-05, 0.000128930449137, 6.53899696772e-05, 5.79732695769e-05, 6.13767479081e-05, 4.85745404148e-05, 5.52717210667e-05, 3.24223874486e-05, 3.43057254213e-05, 3.62127320841e-05, 4.28673447459e-05, 3.13280506816e-05, 2.2074644221e-05, 2.08368346648e-05, 9.99037547444e-06, 6.07438687439e-06, 5.90046147408e-06, 2.51908863902e-06, 1.50228902385e-06, 1.1479519344e-06, 1.21809307529e-06, 1.56886926561e-06, 2.06714548767e-06, 2.1516493689e-06, 2.69736210612e-06, 2.18672062147e-06, 1.88644753507e-06, 1.34315530431e-06], "dvar2": [8.03649982117e-06, 7.49911077946e-06, 9.76112823992e-06, 6.5816135475e-07, 1.83304521784e-07, 6.14617022165e-07, 2.05014757171e-07, 8.44036520675e-08, 6.4405533351e-08, 5.86672221914e-08, 6.53147225194e-08, 2.4501096263e-08, 9.39749966733e-09, 2.70496816057e-08, 6.69121247299e-09, 8.06321676095e-09, 7.98287747017e-09, 9.21909304452e-09, 9.26243881594e-09, 1.28284616263e-09, 2.04998373832e-09, 2.56188448233e-09, 3.24378501837e-09, 2.02885819256e-09, 1.00244779144e-09, 8.02026445257e-10, 1.06301495384e-10, 7.4471921685e-11, 1.13366496746e-10, 9.23077066173e-12, 5.53978954723e-12, 2.31332010839e-12, 2.73655859258e-12, 7.35359776544e-12, 1.15370091952e-11, 9.55527670876e-12, 3.17555842733e-11, 2.16609230552e-11, 1.09281993177e-11, 1.03450338573e-11], "min": [9.68130630616e-25, 8.02099568932e-25, 7.04977676687e-25, 2.05334774387e-24, 1.48517284626e-24, 2.26156284664e-24, 1.94266267026e-24, 2.04741255164e-24, 6.21684614718e-25, 1.79868155278e-24, 2.3169876222e-24, 2.74892722756e-24, 4.1137901083e-24, 3.51516024936e-24, 4.04511621663e-24, 3.36504278011e-24, 3.04346836526e-24, 4.0259413746e-24, 3.75947520487e-24, 2.71769444939e-24, 4.38967882711e-24, 4.5389743033e-24, 3.26270405209e-24, 4.41204303378e-24, 5.86633020066e-24, 4.89980440894e-24, 5.62209846997e-24, 4.14091509053e-24, 5.61786544235e-24, 5.68751870484e-24, 5.75474148688e-24, 5.19509516172e-24, 5.71106896387e-24, 5.91903281444e-24, 6.03241815893e-24, 5.57661590562e-24, 6.3726428233e-24, 6.53270703971e-24, 6.50242740272e-24, 5.42188044463e-24]}, "spectral_decrease": {"dvar": 8.52631884666e-18, "var": 2.14006778416e-17, "median": -5.57576429472e-09, "max": 2.16241271559e-28, "dmean": 1.88902227194e-09, "dmean2": 2.88365398227e-09, "mean": -6.33801944261e-09, "dvar2": 1.9416440297e-17, "min": -2.92720052641e-08}, "barkbands_kurtosis": {"dvar": 110.136245728, "var": 320.990783691, "median": 0.79513669014, "max": 492.613342285, "dmean": 2.39715957642, "dmean2": 3.93678569794, "mean": 3.54890298843, "dvar2": 341.654449463, "min": -1.8153963089}, "silence_rate_30dB": {"dvar": 0, "var": 0, "median": 1, "max": 1, "dmean": 0, "dmean2": 0, "mean": 1, "dvar2": 0, "min": 1}, "gfcc": {"mean": [-20.9113426208, 109.185150146, -132.576049805, 40.7723846436, -53.7726554871, 14.8844251633, -47.6560096741, 18.6932697296, -18.2186584473, -7.83875370026, -1.88627696037, -10.5553617477, 0.178567960858], "cov": [[19292.7324219, -638.672546387, -1301.89245605, 1634.56689453, -1165.69091797, 1035.88793945, -476.265808105, 680.336975098, -401.770904541, 58.4263191223, 6.8163356781, -114.000419617, -334.061523438], [-638.672546387, 1558.54919434, -397.858520508, -256.099090576, 327.169311523, -455.785095215, 195.962341309, -170.538314819, 157.36151123, -89.3953323364, 81.4469146729, -43.40026474, 114.209983826], [-1301.89245605, -397.858520508, 1052.85925293, 169.797348022, 146.01133728, 156.229415894, -106.349502563, 132.341934204, -65.924369812, 94.8732147217, -78.9837493896, 52.0278587341, -21.9344406128], [1634.56689453, -256.099090576, 169.797348022, 768.177307129, -15.3259754181, 86.5452575684, 13.3908510208, 99.610496521, -45.5638275146, 84.2835998535, 12.6227416992, -3.77438378334, -24.5898475647], [-1165.69091797, 327.169311523, 146.01133728, -15.3259754181, 346.104034424, -124.105934143, 77.2059707642, -8.77444267273, 52.0802688599, 32.6649551392, -0.737886369228, -2.31911492348, 59.2531433105], [1035.88793945, -455.785095215, 156.229415894, 86.5452575684, -124.105934143, 382.334106445, -24.5018196106, 119.855415344, -49.5721092224, 9.105260849, -27.7774753571, -0.394668668509, -59.1345252991], [-476.265808105, 195.962341309, -106.349502563, 13.3908510208, 77.2059707642, -24.5018196106, 296.01751709, 14.3205862045, 52.3630332947, -3.11303758621, 53.2245330811, 10.0326347351, 14.5651931763], [680.336975098, -170.538314819, 132.341934204, 99.610496521, -8.77444267273, 119.855415344, 14.3205862045, 166.99005127, -15.9937372208, 40.728477478, -2.69906711578, 20.2922782898, -16.774559021], [-401.770904541, 157.36151123, -65.924369812, -45.5638275146, 52.0802688599, -49.5721092224, 52.3630332947, -15.9937372208, 120.571212769, 13.7973632812, 40.3497581482, 7.26758146286, 20.0190010071], [58.4263191223, -89.3953323364, 94.8732147217, 84.2835998535, 32.6649551392, 9.105260849, -3.11303758621, 40.728477478, 13.7973632812, 102.968231201, 24.7806549072, 17.8324928284, 1.18043577671], [6.8163356781, 81.4469146729, -78.9837493896, 12.6227416992, -0.737886369228, -27.7774753571, 53.2245330811, -2.69906711578, 40.3497581482, 24.7806549072, 101.475662231, 35.4716072083, 7.29608869553], [-114.000419617, -43.40026474, 52.0278587341, -3.77438378334, -2.31911492348, -0.394668668509, 10.0326347351, 20.2922782898, 7.26758146286, 17.8324928284, 35.4716072083, 70.5575790405, 16.8227119446], [-334.061523438, 114.209983826, -21.9344406128, -24.5898475647, 59.2531433105, -59.1345252991, 14.5651931763, -16.774559021, 20.0190010071, 1.18043577671, 7.29608869553, 16.8227119446, 76.3721313477]], "icov": [[0.000250824610703, -0.000461059709778, 0.000548366340809, -0.000527615542524, 0.000499851885252, -0.000675074872561, 0.00062388140941, -0.000909417285584, 0.000553562596906, -0.000426655402407, 0.000277102866676, -0.000321410218021, 0.000450814171927], [-0.000461059709778, 0.00244240579195, -0.000820322835352, 0.00113943114411, -0.00195595459081, 0.00243375543505, -0.00143303070217, 0.00149274256546, -0.00163485191297, 0.00229686778039, -0.00175923749339, 0.00195411709137, -0.00140414584894], [0.000548366340809, -0.000820322835352, 0.00289463112131, -0.00131972588133, -0.000226070420467, -0.00190930452663, 0.00187376467511, -0.00227772607468, 0.00152337888721, -0.00167291180696, 0.002075209748, -0.00268112076446, 0.0018900668947], [-0.000527615542524, 0.00113943114411, -0.00131972588133, 0.00272734859027, -0.000953989161644, 0.00155932281632, -0.00156916887499, 0.00131184491329, -0.000512777303811, -4.33900568169e-05, -0.00129156908952, 0.00176809355617, -0.00110877491534], [0.000499851885252, -0.00195595459081, -0.000226070420467, -0.000953989161644, 0.00674286670983, -0.000592367956415, 1.71541305463e-05, -0.00202568038367, 0.000290622876491, -0.00284662283957, 0.0017471696483, 0.000750191800762, -0.00176330062095], [-0.000675074872561, 0.00243375543505, -0.00190930452663, 0.00155932281632, -0.000592367956415, 0.00709857186303, -0.00218322197907, -0.000322902400512, -0.00175429601222, 0.00271913642064, -0.00135593314189, 0.0025817733258, -0.000358623132342], [0.00062388140941, -0.00143303070217, 0.00187376467511, -0.00156916887499, 1.71541305463e-05, -0.00218322197907, 0.00608572270721, -0.0031488344539, 0.000574290927034, -6.37029443169e-05, -0.0010107163107, -0.00121833942831, 0.00156423286535], [-0.000909417285584, 0.00149274256546, -0.00227772607468, 0.00131184491329, -0.00202568038367, -0.000322902400512, -0.0031488344539, 0.0129032554105, -0.00165280234069, -0.00127810344566, 0.000425412668847, -0.00163594738115, -0.000913076160941], [0.000553562596906, -0.00163485191297, 0.00152337888721, -0.000512777303811, 0.000290622876491, -0.00175429601222, 0.000574290927034, -0.00165280234069, 0.0128196021542, -0.00305275409482, -0.00261416984722, -0.000113657129987, 4.38568495156e-05], [-0.000426655402407, 0.00229686778039, -0.00167291180696, -4.33900568169e-05, -0.00284662283957, 0.00271913642064, -6.37029443169e-05, -0.00127810344566, -0.00305275409482, 0.0161929149181, -0.00558968121186, 0.00152388657443, -0.00100188399665], [0.000277102866676, -0.00175923749339, 0.002075209748, -0.00129156908952, 0.0017471696483, -0.00135593314189, -0.0010107163107, 0.000425412668847, -0.00261416984722, -0.00558968121186, 0.0191885065287, -0.0109005235136, 0.00324342469685], [-0.000321410218021, 0.00195411709137, -0.00268112076446, 0.00176809355617, 0.000750191800762, 0.0025817733258, -0.00121833942831, -0.00163594738115, -0.000113657129987, 0.00152388657443, -0.0109005235136, 0.0245271231979, -0.00759391579777], [0.000450814171927, -0.00140414584894, 0.0018900668947, -0.00110877491534, -0.00176330062095, -0.000358623132342, 0.00156423286535, -0.000913076160941, 4.38568495156e-05, -0.00100188399665, 0.00324342469685, -0.00759391579777, 0.019309727475]]}, "silence_rate_20dB": {"dvar": 0, "var": 0, "median": 1, "max": 1, "dmean": 0, "dmean2": 0, "mean": 1, "dvar2": 0, "min": 1}, "barkbands_skewness": {"dvar": 0.323998838663, "var": 1.40414261818, "median": 1.17225253582, "max": 11.0370340347, "dmean": 0.440357804298, "dmean2": 0.673047065735, "mean": 1.29277956486, "dvar2": 0.786667466164, "min": -3.95659184456}, "erbbands_skewness": {"dvar": 0.0709975808859, "var": 0.793214201927, "median": -0.104574993253, "max": 9.16694641113, "dmean": 0.267568200827, "dmean2": 0.414299249649, "mean": -0.00114567833953, "dvar2": 0.171864703298, "min": -2.78914117813}, "spectral_contrast_valleys": {"dvar": [0.133763864636, 0.107287622988, 0.0833333805203, 0.0885699763894, 0.0859059095383, 0.197886049747], "var": [4.54838943481, 4.29303026199, 4.01168251038, 4.05705070496, 4.68095397949, 4.28656816483], "median": [-6.86307525635, -6.66835165024, -7.3452835083, -7.5457868576, -7.31587028503, -9.77150821686], "max": [-5.27729701996, -4.98909759521, -5.61293792725, -6.10924577713, -5.66900444031, -7.70312309265], "dmean": [0.364036858082, 0.343712627888, 0.291984319687, 0.27756023407, 0.248510316014, 0.347084611654], "dmean2": [0.591978788376, 0.560593903065, 0.473300993443, 0.432884007692, 0.351371228695, 0.398362457752], "mean": [-7.35142040253, -7.09542560577, -7.70738124847, -7.95049953461, -7.76398038864, -10.3030071259], "dvar2": [0.299353718758, 0.242171704769, 0.18177010119, 0.174065694213, 0.142522275448, 0.31295466423], "min": [-27.9923648834, -28.0853347778, -27.8225383759, -27.5901050568, -27.4635219574, -27.3667545319]}, "spectral_strongpeak": {"dvar": 0.839907765388, "var": 2.46477103233, "median": 0.317084997892, "max": 14.8821430206, "dmean": 0.447893321514, "dmean2": 0.765388011932, "mean": 0.976440668106, "dvar2": 2.05232310295, "min": 0}, "erbbands_crest": {"dvar": 3.10452032089, "var": 19.115940094, "median": 6.91256475449, "max": 30.9699630737, "dmean": 1.75655293465, "dmean2": 2.77233791351, "mean": 8.2276763916, "dvar2": 7.44853401184, "min": 2.45217418671}, "barkbands_crest": {"dvar": 5.52386379242, "var": 18.3935508728, "median": 8.18180942535, "max": 26.6843738556, "dmean": 2.21468806267, "dmean2": 3.5588183403, "mean": 9.22202301025, "dvar2": 14.0261363983, "min": 2.40140223503}, "spectral_energyband_middle_low": {"dvar": 5.8312289184e-05, "var": 0.000121118238894, "median": 0.00872290320694, "max": 0.0782274156809, "dmean": 0.00444442592561, "dmean2": 0.00670265872031, "mean": 0.0115337055176, "dvar2": 0.000136610164191, "min": 1.67912072902e-22}, "spectral_contrast_coeffs": {"dvar": [0.00170587573666, 0.00122680841014, 0.000768660160247, 0.000613441341557, 0.000367529602954, 0.000333548436174], "var": [0.00787130184472, 0.00533060682938, 0.00623055826873, 0.00448490865529, 0.0021410479676, 0.00224001263268], "median": [-0.679948508739, -0.708342075348, -0.747802317142, -0.762337803841, -0.756090819836, -0.814170956612], "max": [-0.320056796074, -0.421743035316, -0.350726127625, -0.425707757473, -0.524147331715, -0.622063457966], "dmean": [0.0458900928497, 0.0417634434998, 0.0334358327091, 0.0292645934969, 0.0224792808294, 0.0170588828623], "dmean2": [0.0726916491985, 0.0692599490285, 0.0536131337285, 0.0468623712659, 0.0359710119665, 0.0263065621257], "mean": [-0.667488753796, -0.704755008221, -0.73704713583, -0.753457665443, -0.755229473114, -0.807514131069], "dvar2": [0.00399128952995, 0.00334034720436, 0.00193658052012, 0.0014522735728, 0.00084867735859, 0.000718517461792], "min": [-0.978421568871, -0.996609687805, -0.999050021172, -0.988355398178, -0.989115417004, -0.964440822601]}, "hfc": {"dvar": 29.9872550964, "var": 310.210998535, "median": 18.1688556671, "max": 220.902801514, "dmean": 4.32379293442, "dmean2": 6.01312971115, "mean": 22.160861969, "dvar2": 55.2145805359, "min": 1.05699706241e-16}, "spectral_energyband_high": {"dvar": 2.05955103638e-07, "var": 1.05714855181e-06, "median": 0.000326222128933, "max": 0.0246901419014, "dmean": 0.00025991036091, "dmean2": 0.000337726029102, "mean": 0.000721013057046, "dvar2": 3.59472409173e-07, "min": 7.11552475925e-21}, "erbbands_spread": {"dvar": 54.6696243286, "var": 324.44720459, "median": 38.1748046875, "max": 144.598434448, "dmean": 6.46355104446, "dmean2": 9.38515472412, "mean": 39.5760154724, "dvar2": 110.810600281, "min": 0.400801599026}, "dissonance": {"dvar": 0.000302457920043, "var": 0.00114578823559, "median": 0.473401099443, "max": 0.5, "dmean": 0.0148186674342, "dmean2": 0.0249178316444, "mean": 0.463476717472, "dvar2": 0.000852549215779, "min": 0.157979473472}, "spectral_kurtosis": {"dvar": 13.3866968155, "var": 57.8708152771, "median": 3.91724586487, "max": 80.2699584961, "dmean": 2.23777604103, "dmean2": 3.74499344826, "mean": 5.90252161026, "dvar2": 40.4125823975, "min": -1.35794985294}, "spectral_skewness": {"dvar": 0.087132178247, "var": 0.57306855917, "median": 1.49182736874, "max": 7.64724397659, "dmean": 0.238516196609, "dmean2": 0.389875978231, "mean": 1.62152695656, "dvar2": 0.246506780386, "min": -0.0645107850432}, "pitch_salience": {"dvar": 0.0039464100264, "var": 0.0124321701005, "median": 0.559401273727, "max": 0.996093392372, "dmean": 0.0620909743011, "dmean2": 0.101236104965, "mean": 0.548021972179, "dvar2": 0.00988591089845, "min": 0.0682119801641}, "spectral_complexity": {"dvar": 9.08492565155, "var": 128.458267212, "median": 22, "max": 55, "dmean": 2.8734228611, "dmean2": 4.47216844559, "mean": 21.8530883789, "dvar2": 19.2137355804, "min": 0}, "spectral_spread": {"dvar": 835804790784, "var": 13331107676200.0, "median": 3893192.25, "max": 42199932, "dmean": 627403.0625, "dmean2": 810851.5625, "mean": 4541965, "dvar2": 1468154118140.0, "min": 1103289}, "dynamic_complexity": 3.57710337639, "melbands_crest": {"dvar": 10.0671033859, "var": 31.3188991547, "median": 12.5316085815, "max": 33.9130630493, "dmean": 2.98844385147, "dmean2": 4.65943574905, "mean": 13.4329919815, "dvar2": 23.0875453949, "min": 1.00054395199}, "zerocrossingrate": {"dvar": 0.000154988651047, "var": 0.0027969207149, "median": 0.0576171875, "max": 0.52734375, "dmean": 0.00987755972892, "dmean2": 0.0111254788935, "mean": 0.0685276314616, "dvar2": 0.000194726642803, "min": 0.00341796875}, "spectral_energyband_low": {"dvar": 7.31863983674e-05, "var": 0.000108781234303, "median": 0.00626830384135, "max": 0.0831724330783, "dmean": 0.00458684237674, "dmean2": 0.0071735298261, "mean": 0.00892790779471, "dvar2": 0.000162946613273, "min": 5.5035662025e-24}, "melbands_kurtosis": {"dvar": 139.892578125, "var": 321.378662109, "median": 6.06402587891, "max": 314.505249023, "dmean": 5.54785919189, "dmean2": 8.7164068222, "mean": 11.3569164276, "dvar2": 329.612182617, "min": -1.74029445648}, "spectral_energyband_middle_high": {"dvar": 3.47239461007e-06, "var": 4.07440238632e-05, "median": 0.00414853356779, "max": 0.0598681233823, "dmean": 0.00126127363183, "dmean2": 0.00187938474119, "mean": 0.00645961472765, "dvar2": 6.9496973083e-06, "min": 1.21363087252e-21}, "barkbands_spread": {"dvar": 35.2064857483, "var": 192.633026123, "median": 24.3582839966, "max": 115.790885925, "dmean": 5.14650058746, "dmean2": 7.53465175629, "mean": 26.3467330933, "dvar2": 72.1036071777, "min": 0.0944066718221}, "mfcc": {"mean": [-646.228271484, 123.549461365, -8.58101177216, 20.9754257202, 20.1349010468, -9.60106658936, 1.0211199522, 6.06706380844, -3.68538331985, 7.14202928543, -3.38032984734, -0.98558139801, -2.1978085041], "cov": [[10369.4091797, -1137.60290527, 280.343688965, 377.339263916, 32.6987609863, 67.4813079834, 412.38494873, 384.76272583, -112.946235657, 107.716461182, 147.148132324, 498.877838135, 63.3416442871], [-1137.60290527, 1614.77294922, -487.338867188, 95.2948532104, -53.2492218018, -84.3420028687, -87.7582931519, -32.8376846313, 49.5709571838, -0.980117976665, -13.0142297745, -60.9113998413, 10.3108100891], [280.343688965, -487.338867188, 725.929870605, 29.6986160278, 214.873199463, 45.4588851929, 69.3404083252, 14.0068426132, 40.3713989258, -2.05162835121, 3.47307801247, 25.0303783417, 11.7293558121], [377.339263916, 95.2948532104, 29.6986160278, 629.873962402, 99.8404312134, 16.5182666779, 83.9653320312, -38.7773857117, 58.417766571, 2.45122289658, -0.405846118927, 99.8223724365, 20.9710216522], [32.6987609863, -53.2492218018, 214.873199463, 99.8404312134, 299.733398438, 22.9000644684, 14.6799163818, -27.1126441956, 46.5970840454, 24.0885028839, 1.39881014824, -21.6150817871, 5.05565261841], [67.4813079834, -84.3420028687, 45.4588851929, 16.5182666779, 22.9000644684, 123.336540222, 42.8032264709, 22.5685195923, 10.1182346344, 20.743844986, 14.715256691, 0.549565434456, -13.8042459488], [412.38494873, -87.7582931519, 69.3404083252, 83.9653320312, 14.6799163818, 42.8032264709, 190.75553894, 75.1568069458, 38.9898796082, 24.4574146271, 30.6460113525, 51.5825767517, 6.46924352646], [384.76272583, -32.8376846313, 14.0068426132, -38.7773857117, -27.1126441956, 22.5685195923, 75.1568069458, 148.591629028, 17.8114700317, 24.7800712585, 19.3017215729, 27.9679832458, 20.5777492523], [-112.946235657, 49.5709571838, 40.3713989258, 58.417766571, 46.5970840454, 10.1182346344, 38.9898796082, 17.8114700317, 103.273475647, 31.7177715302, 8.86523246765, -2.3063929081, -8.88080310822], [107.716461182, -0.980117976665, -2.05162835121, 2.45122289658, 24.0885028839, 20.743844986, 24.4574146271, 24.7800712585, 31.7177715302, 70.3859100342, 23.5856246948, 4.71438169479, -4.83406019211], [147.148132324, -13.0142297745, 3.47307801247, -0.405846118927, 1.39881014824, 14.715256691, 30.6460113525, 19.3017215729, 8.86523246765, 23.5856246948, 71.8834075928, 43.2790718079, 9.02170562744], [498.877838135, -60.9113998413, 25.0303783417, 99.8223724365, -21.6150817871, 0.549565434456, 51.5825767517, 27.9679832458, -2.3063929081, 4.71438169479, 43.2790718079, 135.962249756, 49.6795349121], [63.3416442871, 10.3108100891, 11.7293558121, 20.9710216522, 5.05565261841, -13.8042459488, 6.46924352646, 20.5777492523, -8.88080310822, -4.83406019211, 9.02170562744, 49.6795349121, 87.4895706177]], "icov": [[0.000150621010107, 7.670658