{"tonal": {"chords_key": "C", "hpcp_entropy": {"dmean": 0.542950510979, "dmean2": 0.918236553669, "max": 3.56338119507, "dvar": 0.216127082705, "mean": 1.56478857994, "dvar2": 0.545902609825, "min": 0, "var": 0.443883240223, "median": 1.62018120289}, "key_key": "C", "chords_strength": {"dmean": 0.0113875884563, "dmean2": 0.00791493616998, "max": 0.80456674099, "dvar": 8.45593967824e-05, "mean": 0.560212850571, "dvar2": 5.83688051847e-05, "min": 0.26219317317, "var": 0.0128756081685, "median": 0.569202661514}, "key_scale": "major", "chords_number_rate": 0.00562355294824, "thpcp": [1, 0.712540626526, 0.258733451366, 0.187588319182, 0.194866910577, 0.344913691282, 0.506477236748, 0.363138377666, 0.187157809734, 0.191185325384, 0.160452827811, 0.196551010013, 0.353588342667, 0.341770797968, 0.461005926132, 0.78870254755, 0.576490163803, 0.195925652981, 0.154804974794, 0.183827117085, 0.363139331341, 0.589519202709, 0.429902821779, 0.162289872766, 0.117827102542, 0.137034341693, 0.445133298635, 0.778336048126, 0.537324905396, 0.408692002296, 0.550985872746, 0.348692089319, 0.203224301338, 0.252302736044, 0.256261646748, 0.574366152287], "key_strength": 0.866819560528, "tuning_nontempered_energy_ratio": 0.708122193813, "tuning_frequency": 440, "chords_changes_rate": 0.0516043677926, "tuning_diatonic_strength": 0.633074820042, "chords_scale": "major", "chords_histogram": [37.8432006836, 4.69732046127, 12.3718156815, 2.38174009323, 2.97717499733, 0.496195822954, 4.43268299103, 1.12471055984, 3.20873308182, 0.297717511654, 1.05855107307, 0.0992391631007, 2.67945742607, 0.496195822954, 0.0330797210336, 2.38174009323, 0, 1.05855107307, 0, 1.32318890095, 5.29275560379, 3.83724784851, 7.0790605545, 4.82963943481], "tuning_equal_tempered_deviation": 0.0556050948799, "hpcp": {"dmean": [0.0848931595683, 0.0768027231097, 0.0486172437668, 0.0389449298382, 0.040642041713, 0.0526792667806, 0.0692564100027, 0.0739745274186, 0.105180472136, 0.113372318447, 0.0937536656857, 0.0529396012425, 0.0445656813681, 0.0526072084904, 0.0798653364182, 0.101084798574, 0.0911613255739, 0.0499059297144, 0.0317129045725, 0.0385795161128, 0.0828339830041, 0.116793178022, 0.103187434375, 0.0823919400573, 0.0752218142152, 0.070757098496, 0.0585075952113, 0.0578734502196, 0.0754417777061, 0.120089374483, 0.133434653282, 0.130101427436, 0.0751939564943, 0.0557082667947, 0.0595903284848, 0.0772806853056], "dmean2": [0.138320952654, 0.125789046288, 0.0813447386026, 0.0664010196924, 0.0709132403135, 0.0879318639636, 0.111910194159, 0.121725261211, 0.176671981812, 0.185992509127, 0.152781486511, 0.0899877101183, 0.0753419175744, 0.0895252525806, 0.13143672049, 0.165359973907, 0.151198372245, 0.0859291628003, 0.0543863177299, 0.0653124898672, 0.131876379251, 0.187520593405, 0.168794959784, 0.132949769497, 0.123898349702, 0.115846820176, 0.099820509553, 0.0971496254206, 0.12941621244, 0.196731850505, 0.217303141952, 0.21850939095, 0.128849074244, 0.0959023609757, 0.104006066918, 0.12914121151], "max": [1, 1, 1, 1, 1, 1, 1, 1, 1, 1, 1, 1, 1, 1, 1, 1, 1, 1, 1, 1, 1, 1, 1, 1, 1, 1, 1, 1, 1, 1, 1, 1, 1, 1, 1, 1], "dvar": [0.0269004423171, 0.0238603465259, 0.0130497589707, 0.0120155643672, 0.0127575406805, 0.0151261333376, 0.0202110949904, 0.0195192750543, 0.0279382318258, 0.0341414622962, 0.0251603517681, 0.0131518999115, 0.0142559651285, 0.0177231226116, 0.0244271475822, 0.0337669588625, 0.0292021390051, 0.0154221290722, 0.0102037712932, 0.0116832489148, 0.0195530802011, 0.0358419157565, 0.0258195698261, 0.0222084056586, 0.0274246037006, 0.0204157531261, 0.0194490402937, 0.0192145891488, 0.0237399078906, 0.0310041457415, 0.0406006202102, 0.0365117751062, 0.0217242967337, 0.0184923540801, 0.0189037714154, 0.0238124150783], "mean": [0.161663115025, 0.115910604596, 0.059739138931, 0.0610246881843, 0.0512151420116, 0.0627373680472, 0.112862311304, 0.109090253711, 0.147149071097, 0.251746982336, 0.184010639787, 0.0625377595425, 0.0494123995304, 0.0586760118604, 0.115910902619, 0.188169389963, 0.137221232057, 0.0518015101552, 0.0376093834639, 0.0437401644886, 0.14208266139, 0.248438075185, 0.171509429812, 0.130450919271, 0.175869882107, 0.111299477518, 0.0648674219847, 0.0805328339338, 0.0817964822054, 0.183332666755, 0.319191277027, 0.227436751127, 0.0825854614377, 0.0598765537143, 0.0621998161077, 0.110093437135], "dvar2": [0.0598643496633, 0.0573133081198, 0.0327359251678, 0.029820650816, 0.0333981998265, 0.0403314866126, 0.0463297739625, 0.0452805534005, 0.0752454847097, 0.0781728848815, 0.059602111578, 0.0335614979267, 0.0363472551107, 0.0471416562796, 0.0593216456473, 0.0746996998787, 0.0696729421616, 0.0392227694392, 0.0244379080832, 0.0285034030676, 0.0450510680676, 0.0775367766619, 0.0631955787539, 0.0534721761942, 0.0608545355499, 0.0505939126015, 0.051529712975, 0.0469501614571, 0.06397921592, 0.0771104320884, 0.0937793850899, 0.0902733281255, 0.0579301863909, 0.0473892427981, 0.0500420555472, 0.0589844286442], "min": [0, 0, 0, 0, 0, 0, 0, 0, 0, 0, 0, 0, 0, 0, 0, 0, 0, 0, 0, 0, 0, 0, 0, 0, 0, 0, 0, 0, 0, 0, 0, 0, 0, 0, 0, 0], "var": [0.0836816206574, 0.0504208542407, 0.0211113747209, 0.0328755751252, 0.0228540636599, 0.0184891819954, 0.0500125810504, 0.0415713749826, 0.04457642138, 0.113022379577, 0.0762462988496, 0.0167550221086, 0.018345374614, 0.0225954670459, 0.0464253276587, 0.0926684290171, 0.0589278936386, 0.0182071253657, 0.0173929352313, 0.0174719821662, 0.0466865450144, 0.112548083067, 0.0574332997203, 0.0519947893918, 0.104095980525, 0.0442934222519, 0.0263931564987, 0.042300786823, 0.0308762080967, 0.0616758689284, 0.138917252421, 0.0882367044687, 0.0271146986634, 0.0247282069176, 0.02285711281, 0.0454780980945], "median": [0.0188684929162, 0.0138076739386, 0.00740374624729, 0.0042280848138, 0.00430184556171, 0.0118840150535, 0.0165959764272, 0.0220794696361, 0.0547939576209, 0.0742657110095, 0.0468537658453, 0.0157055538148, 0.00448629166931, 0.00509057380259, 0.0189829990268, 0.0317190587521, 0.0237640105188, 0.00757108675316, 0.00347512355074, 0.00556177226827, 0.0351865291595, 0.0685785412788, 0.055394012481, 0.0174737386405, 0.00920813158154, 0.00806812103838, 0.00542952120304, 0.00451888050884, 0.0123995877802, 0.0681376457214, 0.124246664345, 0.0741606429219, 0.0170739293098, 0.00618870602921, 0.00662662228569, 0.0130103509873]}}, "lowlevel": {"melbands_flatness_db": {"dmean": 0.0197671167552, "dmean2": 0.0277088973671, "max": 0.547992706299, "dvar": 0.000429522740887, "mean": 0.245825350285, "dvar2": 0.000776075292379, "min": 0.00553615065292, "var": 0.00663503305987, "median": 0.23079161346}, "melbands_crest": {"dmean": 2.64048576355, "dmean2": 4.08510160446, "max": 32.9953308105, "dvar": 5.69906616211, "mean": 13.7422895432, "dvar2": 13.8852233887, "min": 1.89789414406, "var": 25.0225734711, "median": 12.9299669266}, "spectral_entropy": {"dmean": 0.167261227965, "dmean2": 0.236282870173, "max": 9.80379676819, "dvar": 0.0350997298956, "mean": 6.90353870392, "dvar2": 0.0612539239228, "min": 4.61137533188, "var": 0.375626802444, "median": 6.94339179993}, "melbands": {"dmean": [3.71389069187e-05, 0.000150755004142, 0.000324080087012, 0.000293736666208, 0.000179518261575, 0.00018357175577, 0.000221797163249, 0.000158542665304, 0.000149254556163, 0.000171310079168, 9.56442891038e-05, 6.0364658566e-05, 4.2850497266e-05, 3.51661874447e-05, 2.94888031931e-05, 2.5072855351e-05, 3.01190120808e-05, 2.21169630095e-05, 1.38146642712e-05, 1.41533828355e-05, 1.05632225313e-05, 7.91982620285e-06, 3.93911386709e-06, 2.49111462836e-06, 3.15260126627e-06, 3.12066072183e-06, 2.48989113061e-06, 1.39860799209e-06, 8.62250203681e-07, 7.14269162927e-07, 7.98931239387e-07, 6.99951101524e-07, 6.42847965082e-07, 7.62508591379e-07, 1.34615277148e-06, 5.93390495851e-07, 4.12507176861e-07, 1.01129717223e-06, 5.83735754844e-07, 1.92763764062e-07], "dmean2": [5.74477671762e-05, 0.000236436011619, 0.000484085700009, 0.000448372447863, 0.000260397151578, 0.000252388097579, 0.000315773970215, 0.000233323415159, 0.00020956955268, 0.00023039507505, 0.000136284215841, 8.5970008513e-05, 5.83227047173e-05, 4.83082367282e-05, 4.14700916735e-05, 3.55696793122e-05, 4.21464319516e-05, 3.1510113331e-05, 1.95118063857e-05, 2.00682989089e-05, 1.49056450027e-05, 1.12671395982e-05, 5.81737140237e-06, 3.61999309462e-06, 4.64783761345e-06, 4.50862580692e-06, 3.56591590389e-06, 2.03604736271e-06, 1.23992185763e-06, 1.03618879166e-06, 1.12459383672e-06, 1.02692479231e-06, 8.57806412569e-07, 1.03900822523e-06, 1.94907238438e-06, 8.03227351298e-07, 5.52392577902e-07, 1.46019465319e-06, 8.17103000372e-07, 2.63728566097e-07], "max": [0.00295889214613, 0.00640927162021, 0.0119696427137, 0.00942917913198, 0.0158666595817, 0.0103962868452, 0.0117034958676, 0.00796016119421, 0.00868642795831, 0.00924689974636, 0.00550393946469, 0.00578910764307, 0.00456951605156, 0.00297080678865, 0.0030564267654, 0.00244110217318, 0.00354272034019, 0.00210761791095, 0.00117376446724, 0.000888097041752, 0.0010796058923, 0.000840637309011, 0.000491561426315, 0.000363053462934, 0.000576802005526, 0.000399420561735, 0.000645967083983, 0.000332141848048, 0.00014758000907, 0.000173602165887, 0.000216721717152, 0.000340821890859, 0.000561371736694, 0.000650016940199, 0.000524150556885, 0.000293924647849, 9.44820640143e-05, 0.000123568781419, 7.9472665675e-05, 5.64024812775e-05], "dvar": [8.74298322628e-09, 1.05049728916e-07, 4.19599075485e-07, 2.70713826467e-07, 2.44045168074e-07, 1.67078923141e-07, 2.73676079132e-07, 1.61771723128e-07, 1.35591676553e-07, 1.53639462042e-07, 5.62843105456e-08, 4.19347081504e-08, 1.98718144162e-08, 1.24482903985e-08, 1.08344382355e-08, 6.57425003325e-09, 1.19407035371e-08, 5.50681455991e-09, 1.62779278945e-09, 1.65932867446e-09, 9.17913078879e-10, 4.60766813593e-10, 1.61263821741e-10, 7.87089074472e-11, 9.13364453514e-11, 1.06461790772e-10, 1.16910120473e-10, 3.23278105674e-11, 1.44093200913e-11, 8.36341326055e-12, 1.25565530196e-11, 2.98720388703e-11, 5.09679069782e-11, 6.89165599588e-11, 5.49483757106e-11, 1.73580368829e-11, 7.13899078741e-12, 1.12368690741e-11, 4.67158950412e-12, 1.44384580247e-12], "mean": [8.43642483233e-05, 0.000317486352287, 0.000686858897097, 0.000631028204225, 0.00044335363782, 0.000467870850116, 0.000525196781382, 0.000309263850795, 0.000338607322192, 0.000391626817873, 0.000205595875741, 0.000129049425595, 9.75428556558e-05, 7.88065153756e-05, 5.98202022957e-05, 4.49928556918e-05, 6.00211096753e-05, 4.41401316493e-05, 2.95570134767e-05, 3.24027350871e-05, 2.71026165137e-05, 2.00518134079e-05, 1.08028552859e-05, 6.57073314869e-06, 7.42626480132e-06, 6.88199361321e-06, 6.33132822259e-06, 3.16312093673e-06, 1.8441201064e-06, 1.42007479553e-06, 1.53280427639e-06, 1.19914989227e-06, 1.02886963305e-06, 1.29081627165e-06, 2.3703912575e-06, 9.3208529961e-07, 6.40741063762e-07, 1.99571491066e-06, 1.10629900973e-06, 3.09993566816e-07], "dvar2": [2.16434834499e-08, 2.82875163293e-07, 9.53858375397e-07, 6.90716603913e-07, 5.53829181626e-07, 2.92090788889e-07, 5.84246549806e-07, 3.43909675848e-07, 2.89266750997e-07, 2.84763558511e-07, 1.14754087122e-07, 8.45412699846e-08, 3.48434561204e-08, 2.3753864653e-08, 2.35066632825e-08, 1.23439338751e-08, 2.34058763482e-08, 1.09823696803e-08, 3.20139359467e-09, 3.30771565693e-09, 1.78474635071e-09, 8.83938977569e-10, 2.99344549148e-10, 1.39703762447e-10, 1.75232245381e-10, 1.92690571832e-10, 2.06958172821e-10, 7.38069536044e-11, 2.86983665998e-11, 1.80630302382e-11, 2.69562653449e-11, 7.98225721632e-11, 5.73014066751e-11, 8.16325756992e-11, 1.09632684875e-10, 2.54320627058e-11, 1.22547397577e-11, 2.11258736199e-11, 7.90905795717e-12, 2.58836376811e-12], "min": [4.10756205145e-24, 4.46316753132e-24, 3.88247281949e-24, 1.76625341367e-23, 9.78986796343e-24, 4.80873830605e-24, 7.325656611e-24, 4.94409579333e-24, 1.38551222212e-23, 1.31527417705e-23, 5.98523204946e-24, 8.46269074307e-24, 1.21416058946e-23, 8.42451381956e-24, 9.46529587714e-24, 3.60065383882e-24, 4.2923124866e-24, 7.92718513934e-24, 1.14548930103e-23, 6.37675712735e-24, 1.30301370086e-23, 1.71949699673e-23, 8.74897625418e-24, 6.64742319254e-24, 7.43404373279e-24, 9.95062046098e-24, 9.28248998413e-24, 9.92087014966e-24, 1.17383015456e-23, 8.78549656979e-24, 1.36967820604e-23, 1.1427961299e-23, 6.18812391884e-24, 1.26652209979e-23, 1.16879808974e-23, 1.07874212323e-23, 1.01286616341e-23, 1.0139120352e-23, 9.4995592617e-24, 1.11781771708e-23], "var": [2.11618278456e-08, 2.54771180153e-07, 1.27125713334e-06, 8.07610490483e-07, 1.01666830687e-06, 1.03455363387e-06, 1.1519086911e-06, 3.70351813217e-07, 4.50217470416e-07, 5.67696304188e-07, 2.06372533285e-07, 1.67234489368e-07, 8.78058941112e-08, 4.78040149687e-08, 3.44261898988e-08, 1.72494605266e-08, 4.1515640703e-08, 1.58039039633e-08, 5.94306071022e-09, 6.1807181595e-09, 4.60420812587e-09, 2.33243180325e-09, 1.08713049674e-09, 4.86934048638e-10, 5.61854507364e-10, 4.57257870456e-10, 6.60816790177e-10, 1.10029790834e-10, 3.63708958784e-11, 1.93029793538e-11, 2.24372517094e-11, 3.28026633634e-11, 1.25559368458e-10, 1.53683551996e-10, 9.90252393973e-11, 3.97510219186e-11, 1.5958264224e-11, 3.11169146006e-11, 1.23900915569e-11, 3.02310563735e-12], "median": [3.21228690154e-05, 0.000117523464723, 0.00027934051468, 0.00029825544334, 0.000117205090646, 0.000100489945908, 0.000110107910587, 8.64860267029e-05, 8.36544131744e-05, 9.09649606911e-05, 3.64398183592e-05, 1.21431276057e-05, 1.12206298581e-05, 6.46270063953e-06, 5.46319051864e-06, 4.7376843213e-06, 5.68534142076e-06, 4.60033379568e-06, 3.72950330529e-06, 5.51966650164e-06, 4.65018229079e-06, 3.69402732758e-06, 1.93472237697e-06, 8.69052996677e-07, 7.07509798303e-07, 7.01085184573e-07, 6.41180520233e-07, 5.52632684503e-07, 3.57286126018e-07, 2.89276641752e-07, 2.7484571774e-07, 2.33823740814e-07, 1.20988772778e-07, 1.8385978251e-07, 2.03565633683e-07, 1.04166126391e-07, 5.85616639626e-08, 1.3008178712e-07, 1.02013757441e-07, 4.10264533457e-08]}, "silence_rate_60dB": {"dmean": 0.0344142951071, "dmean2": 0.068839982152, "max": 1, "dvar": 0.0332332625985, "mean": 0.190901577473, "dvar2": 0.0717088207603, "min": 0, "var": 0.154455155134, "median": 0}, "spectral_energyband_middle_high": {"dmean": 0.00138598366175, "dmean2": 0.00187604571693, "max": 0.0489579662681, "dvar": 6.95325843481e-06, "mean": 0.00503955967724, "dvar2": 1.28397878143e-05, "min": 1.35887972892e-21, "var": 5.08719094796e-05, "median": 0.00185332889669}, "erbbands_skewness": {"dmean": 0.390060245991, "dmean2": 0.54939520359, "max": 6.0328373909, "dvar": 0.163526326418, "mean": 0.94598454237, "dvar2": 0.31120210886, "min": -5.0288028717, "var": 1.36738681793, "median": 0.807564020157}, "dynamic_complexity": 5.40262746811, "dissonance": {"dmean": 0.0286141708493, "dmean2": 0.0471635609865, "max": 0.5, "dvar": 0.000726277183276, "mean": 0.420184105635, "dvar2": 0.00194314389955, "min": 0.198175385594, "var": 0.00212923553772, "median": 0.427702516317}, "spectral_skewness": {"dmean": 0.303024709225, "dmean2": 0.462475031614, "max": 6.77490377426, "dvar": 0.102266855538, "mean": 2.077688694, "dvar2": 0.226850897074, "min": -0.242890000343, "var": 0.83291888237, "median": 1.93383324146}, "spectral_kurtosis": {"dmean": 2.75393462181, "dmean2": 4.45330190659, "max": 66.6445236206, "dvar": 12.9187250137, "mean": 7.8602514267, "dvar2": 33.6602134705, "min": -1.24675929546, "var": 57.6612892151, "median": 5.97930574417}, "gfcc": {"cov": [[15151.5830078, -996.519836426, -3248.03100586, -60.8909873962, -458.260437012, 451.3230896, 49.2320289612, 610.419616699, 241.798980713, -9.29117393494, 11.507317543, -184.887557983, 259.399810791], [-996.519836426, 1374.59814453, 23.3171062469, -266.367218018, 467.932525635, -330.461761475, 187.373092651, -146.826858521, 109.183509827, -17.7575092316, -6.79979705811, -55.236946106, 12.0461578369], [-3248.03100586, 23.3171062469, 1695.93847656, 478.206451416, -26.7641029358, -51.6976585388, -214.626037598, -93.8998794556, -7.13262319565, -17.2608585358, -33.7550506592, 139.131881714, -29.3487854004], [-60.8909873962, -266.367218018, 478.206451416, 717.760864258, 39.2824897766, -120.122283936, -134.207595825, 42.0017204285, 27.2192440033, -17.7878780365, -35.15965271, 58.9802131653, 90.5307617188], [-458.260437012, 467.932525635, -26.7641029358, 39.2824897766, 388.634735107, -141.160583496, 52.6601791382, -38.1369781494, 36.8878135681, 6.69932937622, -30.9131412506, -8.59775733948, 5.32384538651], [451.3230896, -330.461761475, -51.6976585388, -120.122283936, -141.160583496, 381.70223999, 55.3065948486, 35.5843429565, -70.1550979614, -5.94577503204, 22.3048057556, -37.9936790466, -76.7305679321], [49.2320289612, 187.373092651, -214.626037598, -134.207595825, 52.6601791382, 55.3065948486, 318.737121582, 13.9001607895, -63.7842712402, 2.49111151695, -10.6516551971, -48.6403198242, -51.0322990417], [610.419616699, -146.826858521, -93.8998794556, 42.0017204285, -38.1369781494, 35.5843429565, 13.9001607895, 189.756622314, 63.7797851563, -13.2314071655, -18.1184005737, 1.93549108505, 25.3757953644], [241.798980713, 109.183509827, -7.13262319565, 27.2192440033, 36.8878135681, -70.1550979614, -63.7842712402, 63.7797851563, 203.807327271, 36.2599830627, -19.4069728851, 3.44478702545, 47.7954177856], [-9.29117393494, -17.7575092316, -17.2608585358, -17.7878780365, 6.69932937622, -5.94577503204, 2.49111151695, -13.2314071655, 36.2599830627, 116.789512634, 16.9949531555, -7.93440818787, -5.47967100143], [11.507317543, -6.79979705811, -33.7550506592, -35.15965271, -30.9131412506, 22.3048057556, -10.6516551971, -18.1184005737, -19.4069728851, 16.9949531555, 107.192214966, 31.6042251587, -2.18053483963], [-184.887557983, -55.236946106, 139.131881714, 58.9802131653, -8.59775733948, -37.9936790466, -48.6403198242, 1.93549108505, 3.44478702545, -7.93440818787, 31.6042251587, 130.834152222, 32.0133743286], [259.399810791, 12.0461578369, -29.3487854004, 90.5307617188, 5.32384538651, -76.7305679321, -51.0322990417, 25.3757953644, 47.7954177856, -5.47967100143, -2.18053483963, 32.0133743286, 125.21006012]], "mean": [-75.420211792, 112.019828796, -118.271286011, 18.7297229767, -75.2568893433, 4.57849407196, -51.4440040588, 4.60992622375, -21.3654613495, -7.96173810959, -19.1418247223, -12.3838529587, -8.49234008789], "icov": [[0.000206888798857, -0.000392001442378, 0.000607897352893, -0.000523706956301, 0.000548893294763, -0.000511875376105, 0.000392877263948, -0.000395036768168, 9.23573170439e-05, -0.000248718744842, 0.000378191267373, -0.000374997820472, 8.97322388482e-05], [-0.000392001442378, 0.00458022626117, -0.00229247915559, 0.00320834270678, -0.00445010326803, 0.00336554716341, -0.00330103724264, 0.00278241955675, -0.00294185522944, 0.00314618367702, -0.00320846959949, 0.00326502020471, -0.0017732687993], [0.000607897352893, -0.00229247915559, 0.00308137992397, -0.00284118764102, 0.00276938918978, -0.00231928192079, 0.00223049893975, -0.00111441558693, 0.000880197389051, -0.00146716227755, 0.00241324538365, -0.00286352122203, 0.00170756224543], [-0.000523706956301, 0.00320834270678, -0.00284118764102, 0.00479985587299, -0.00367837538943, 0.00303414580412, -0.00198564887978, 0.00116722553503, -0.00110846420284, 0.00200626230799, -0.00210560834967, 0.00265003764071, -0.00259348354302], [0.000548893294763, -0.00445010326803, 0.00276938918978, -0.00367837538943, 0.00784244015813, -0.00235868198797, 0.00241848523729, -0.0019080392085, 0.00183675275184, -0.00286571332254, 0.00381104578264, -0.00333415297791, 0.00228550448082], [-0.000511875376105, 0.00336554716341, -0.00231928192079, 0.00303414580412, -0.00235868198797, 0.00666923867539, -0.0027329986915, 0.0010027536191, -0.000987325212918, 0.0022518185433, -0.00315650645643, 0.00336702540517, 0.000429021660239], [0.000392877263948, -0.00330103724264, 0.00223049893975, -0.00198564887978, 0.00241848523729, -0.0027329986915, 0.00681492034346, -0.00320873921737, 0.00372807937674, -0.00283981161192, 0.00291511393152, -0.00185492413584, 0.00209004781209], [-0.000395036768168, 0.00278241955675, -0.00111441558693, 0.00116722553503, -0.0019080392085, 0.0010027536191, -0.00320873921737, 0.00950747076422, -0.00489924801514, 0.0033774159383, -0.000966131745372, 0.00100495945662, -0.00134925788734], [9.23573170439e-05, -0.00294185522944, 0.000880197389051, -0.00110846420284, 0.00183675275184, -0.000987325212918, 0.00372807937674, -0.00489924801514, 0.00991280470043, -0.00490053510293, 0.00295458128676, -0.00136341853067, -0.000669659988489], [-0.000248718744842, 0.00314618367702, -0.00146716227755, 0.00200626230799, -0.00286571332254, 0.0022518185433, -0.00283981161192, 0.0033774159383, -0.00490053510293, 0.0121629759669, -0.00428593391553, 0.00298155006021, -0.000356036733137], [0.000378191267373, -0.00320846959949, 0.00241324538365, -0.00210560834967, 0.00381104578264, -0.00315650645643, 0.00291511393152, -0.000966131745372, 0.00295458128676, -0.00428593391553, 0.0140720522031, -0.00608129240572, 0.00138529483229], [-0.000374997820472, 0.00326502020471, -0.00286352122203, 0.00265003764071, -0.00333415297791, 0.00336702540517, -0.00185492413584, 0.00100495945662, -0.00136341853067, 0.00298155006021, -0.00608129240572, 0.0129756899551, -0.00365161383525], [8.97322388482e-05, -0.0017732687993, 0.00170756224543, -0.00259348354302, 0.00228550448082, 0.000429021660239, 0.00209004781209, -0.00134925788734, -0.000669659988489, -0.000356036733137, 0.00138529483229, -0.00365161383525, 0.0127355279401]]}, "spectral_complexity": {"dmean": 1.66710782051, "dmean2": 2.60665225983, "max": 43, "dvar": 3.13373112679, "mean": 11.7574853897, "dvar2": 6.49175882339, "min": 0, "var": 44.9188499451, "median": 12}, "spectral_flux": {"dmean": 0.0157980937511, "dmean2": 0.025212738663, "max": 0.233436986804, "dvar": 0.000356586737325, "mean": 0.0530383698642, "dvar2": 0.000862851331476, "min": 1.02732919394e-10, "var": 0.001376872533, "median": 0.0458550341427}, "spectral_energyband_low": {"dmean": 0.00078694045078, "dmean2": 0.00118178362027, "max": 0.0400875024498, "dvar": 2.69097336059e-06, "mean": 0.00188555545174, "dvar2": 6.16703755441e-06, "min": 2.50283082691e-23, "var": 9.59642420639e-06, "median": 0.000771800405346}, "spectral_decrease": {"dmean": 1.13239195798e-09, "dmean2": 1.53893686683e-09, "max": 3.15892943945e-23, "dvar": 2.43279587737e-18, "mean": -4.89662488334e-09, "dvar2": 4.78837899404e-18, "min": -2.2054186033e-08, "var": 1.84403125802e-17, "median": -3.65875263419e-09}, "barkbands_spread": {"dmean": 3.52146196365, "dmean2": 5.00884199142, "max": 116.785240173, "dvar": 36.6590003967, "mean": 14.8349342346, "dvar2": 68.4744567871, "min": 0.262802481651, "var": 170.142776489, "median": 11.3144464493}, "spectral_rms": {"dmean": 0.0004772003158, "dmean2": 0.000633126765024, "max": 0.0092237284407, "dvar": 3.07275826117e-07, "mean": 0.00389374187216, "dvar2": 5.5128822396e-07, "min": 3.20883727575e-12, "var": 4.32029537478e-06, "median": 0.00381540646777}, "spectral_centroid": {"dmean": 148.727508545, "dmean2": 202.702026367, "max": 11336.4833984, "dvar": 66679.453125, "mean": 950.797180176, "dvar2": 97888.4375, "min": 177.974502563, "var": 367724.5, "median": 823.112182617}, "barkbands_skewness": {"dmean": 0.451642006636, "dmean2": 0.652940809727, "max": 11.4927530289, "dvar": 0.263740360737, "mean": 1.69063699245, "dvar2": 0.550223112106, "min": -4.76113653183, "var": 2.20732688904, "median": 1.38549113274}, "spectral_rolloff": {"dmean": 338.44921875, "dmean2": 566.741333008, "max": 18841.5527344, "dvar": 922652.8125, "mean": 1330.24414063, "dvar2": 1781768, "min": 64.599609375, "var": 2641461.25, "median": 861.328125}, "erbbands_spread": {"dmean": 6.3114566803, "dmean2": 8.94661998749, "max": 154.516174316, "dvar": 85.3908004761, "mean": 29.9808177948, "dvar2": 164.178771973, "min": 1.82974863052, "var": 536.30078125, "median": 23.3112659454}, "barkbands": {"dmean": [7.54856546337e-06, 0.000194939813809, 0.000412119145039, 0.000772265542764, 0.0013739009155, 0.000856915023178, 0.000980757526122, 0.000808119308203, 0.00108228530735, 0.000584162247833, 0.000329603353748, 0.000295696576359, 0.000257692736341, 0.000312205404043, 0.000213356528548, 0.0001852454443, 0.000144941528561, 5.10397767357e-05, 7.94466104708e-05, 5.39932989341e-05, 2.99533785437e-05, 3.41886698152e-05, 5.57610364922e-05, 5.69358635403e-05, 1.64034263435e-05, 2.08170354199e-06, 3.59409426665e-08], "dmean2": [1.28449601107e-05, 0.000303128617816, 0.000652166723739, 0.00114534248132, 0.00207794387825, 0.00118856923655, 0.00143209984526, 0.00118511659093, 0.00147056358401, 0.000829635595437, 0.000454636232462, 0.000413324858528, 0.000367333908798, 0.000442653399659, 0.000307483773213, 0.000264401955064, 0.000206933676964, 7.48832171666e-05, 0.000116658957268, 7.76481974754e-05, 4.13647030655e-05, 4.48012797278e-05, 7.82860661275e-05, 7.80959016993e-05, 2.16318658204e-05, 2.97861220133e-06, 6.19421953729e-08], "max": [0.00185975292698, 0.0107506206259, 0.0180369410664, 0.0315746963024, 0.0444015003741, 0.0460582748055, 0.0586743578315, 0.038832180202, 0.0527312979102, 0.0345011353493, 0.0341980867088, 0.0218237228692, 0.0189478732646, 0.0413412116468, 0.0148483822122, 0.0103405965492, 0.0185064803809, 0.00560150295496, 0.00789306499064, 0.0100252088159, 0.00540044205263, 0.02650292404, 0.0285811852664, 0.00879593193531, 0.00434886058792, 0.000405983650126, 1.56544065248e-05], "dvar": [1.11292430827e-09, 2.32661975019e-07, 8.15243083707e-07, 2.82399014395e-06, 6.65113429932e-06, 3.40991709891e-06, 5.95758092459e-06, 4.39095174443e-06, 5.7919783103e-06, 2.19449225369e-06, 1.16922990401e-06, 8.57518955399e-07, 6.86181977017e-07, 1.25781718907e-06, 3.94837627482e-07, 2.72902354936e-07, 1.70901628849e-07, 2.73836775477e-08, 5.3220748697e-08, 4.77055017711e-08, 9.5503329689e-09, 1.04091846254e-07, 1.53467453856e-07, 4.74484949109e-08, 9.19008957823e-09, 6.77488828926e-11, 6.67528505345e-14], "mean": [9.79640208243e-06, 0.000417177245254, 0.000786682474427, 0.00150297931395, 0.00313543714583, 0.00217490294017, 0.00209128297865, 0.00163333979435, 0.00249634496868, 0.00122548697982, 0.000720399257261, 0.000645421212539, 0.000464918033686, 0.00060093216598, 0.000446143007139, 0.000413657573517, 0.000386913336115, 0.000124086494907, 0.00018274023023, 0.000138386021717, 6.4637955802e-05, 5.86711284996e-05, 0.000102107303974, 0.000112694004201, 2.93449375022e-05, 4.03957255912e-06, 3.21447473084e-08], "dvar2": [2.43108866371e-09, 6.0877556507e-07, 2.09508948501e-06, 6.47471779303e-06, 1.60753443197e-05, 6.02937052463e-06, 1.33215680762e-05, 9.65678373177e-06, 1.08484373413e-05, 4.41732890977e-06, 2.28113253797e-06, 1.72798900167e-06, 1.3493095139e-06, 2.61354875875e-06, 7.67937194723e-07, 5.51412369987e-07, 3.04926317085e-07, 4.99516801256e-08, 1.0373373982e-07, 9.21341154481e-08, 1.4873334564e-08, 1.59168962455e-07, 2.21080171059e-07, 7.73859838432e-08, 1.47812828644e-08, 1.13268464053e-10, 1.6158484327e-13], "min": [1.06366643913e-23, 1.3565723865e-23, 6.60358067001e-24, 6.57586404211e-24, 7.87910990473e-23, 2.46336553577e-23, 3.74832465598e-23, 5.03715866095e-23, 9.3160926188e-23, 4.07735033539e-23, 8.5559197448e-23, 7.77170743912e-23, 4.34167648326e-23, 5.39065638337e-23, 1.45700362518e-22, 1.43216851684e-22, 2.71240419038e-22, 1.25584560897e-22, 2.47817863963e-22, 3.05689760199e-22, 4.49575944584e-22, 4.55263972498e-22, 7.62066443093e-22, 8.32248406469e-22, 1.14458835245e-21, 1.89037750274e-21, 2.57143835645e-21], "var": [1.49469581157e-09, 5.13296981808e-07, 1.98619522962e-06, 8.05165382189e-06, 2.58125019172e-05, 2.07047378353e-05, 1.77811634785e-05, 1.20782715385e-05, 2.15243762796e-05, 8.11777954368e-06, 5.55389442525e-06, 3.30322836817e-06, 1.86115244105e-06, 3.74051160179e-06, 1.41758391692e-06, 9.43033739986e-07, 1.06444849735e-06, 1.39129937793e-07, 2.39974355054e-07, 2.34739545135e-07, 3.14537338397e-08, 2.12224605889e-07, 3.20769572681e-07, 1.30149601318e-07, 2.23456702031e-08, 1.81658077469e-10, 5.80089429725e-14], "median": [5.76578077016e-06, 0.000153602682985, 0.000235456187511, 0.000454266002635, 0.00137538730633, 0.000503360643052, 0.000489768630359, 0.0003025936021, 0.000545477552805, 0.00016538190539, 7.00530363247e-05, 4.29266401625e-05, 4.80568523926e-05, 5.4959065892e-05, 5.21473339177e-05, 6.63671089569e-05, 6.61303347442e-05, 1.83969168575e-05, 2.16672015085e-05, 1.89383099496e-05, 1.34017491291e-05, 1.0321076843e-05, 1.12858097054e-05, 9.56454823609e-06, 4.45947989647e-06, 6.85727684413e-07, 4.02308319991e-09]}, "melbands_kurtosis": {"dmean": 5.20002651215, "dmean2": 7.6995549202, "max": 356.889587402, "dvar": 109.708274841, "mean": 15.7274456024, "dvar2": 231.662628174, "min": -1.90858757496, "var": 1016.83654785, "median": 6.16541242599}, "erbbands_crest": {"dmean": 2.60699152946, "dmean2": 3.93010735512, "max": 31.2171459198, "dvar": 6.0514292717, "mean": 12.4800386429, "dvar2": 13.6577949524, "min": 2.68806171417, "var": 24.9908599854, "median": 11.4647951126}, "melbands_skewness": {"dmean": 0.533204913139, "dmean2": 0.765708684921, "max": 14.8350553513, "dvar": 0.382567465305, "mean": 2.26880550385, "dvar2": 0.755073904991, "min": -1.89454269409, "var": 3.36716866493, "median": 1.82932305336}, "spectral_energyband_middle_low": {"dmean": 0.00377032835968, "dmean2": 0.00521910982206, "max": 0.0779589638114, "dvar": 2.72726992989e-05, "mean": 0.0135977976024, "dvar2": 5.6645632867e-05, "min": 2.9516398283e-22, "var": 0.000165301200468, "median": 0.00987553596497}, "spectral_contrast_coeffs": {"dmean": [0.0447445325553, 0.0422773882747, 0.0366301313043, 0.0310471113771, 0.0234280154109, 0.0174587909132], "dmean2": [0.0725346952677, 0.0665157213807, 0.0570787489414, 0.0483292117715, 0.0360482819378, 0.0267773773521], "max": [-0.288693726063, -0.379050850868, -0.424608767033, -0.493164271116, -0.52738070488, -0.612833678722], "dvar": [0.00134633167181, 0.00133968784939, 0.000963239639532, 0.000732833519578, 0.000453193613794, 0.000265964976279], "mean": [-0.578355967999, -0.664475440979, -0.691596090794, -0.730136752129, -0.764281153679, -0.780242323875], "dvar2": [0.00344794336706, 0.00327824405394, 0.0022612826433, 0.00157786905766, 0.000952706439421, 0.000583088491112], "min": [-0.96961158514, -0.963131725788, -0.974195122719, -0.953758120537, -0.961624026299, -0.961166441441], "var": [0.00623161997646, 0.00773645658046, 0.00847053993493, 0.00656691472977, 0.00506204739213, 0.00239760801196], "median": [-0.579162657261, -0.665287852287, -0.687852203846, -0.727729022503, -0.765950322151, -0.78423845768]}, "spectral_contrast_valleys": {"dmean": [0.373650610447, 0.317363858223, 0.314571946859, 0.29054197669, 0.247777834535, 0.234520033002], "dmean2": [0.610404014587, 0.514327764511, 0.5049290061, 0.458322167397, 0.378674030304, 0.311235427856], "max": [-5.88360404968, -4.96123695374, -5.18402481079, -5.91469335556, -6.4379658699, -7.03441333771], "dvar": [0.111309885979, 0.0847811773419, 0.0861689150333, 0.0844354555011, 0.0677012577653, 0.0770548209548], "mean": [-8.25338172913, -7.35374164581, -8.34856128693, -8.86711025238, -8.83662986755, -11.0335197449], "dvar2": [0.260203152895, 0.19388563931, 0.183991387486, 0.175372511148, 0.121304541826, 0.102222375572], "min": [-27.0370426178, -27.543340683, -27.0587329865, -27.411819458, -27.1914157867, -27.2813129425], "var": [1.33707284927, 1.407371521, 1.82453894615, 1.80882167816, 1.56936597824, 1.720271945], "median": [-8.01667785645, -7.10564470291, -8.16303062439, -8.61950588226, -8.56961345673, -10.8490352631]}, "silence_rate_20dB": {"dmean": 0, "dmean2": 0, "max": 1, "dvar": 0, "mean": 1, "dvar2": 0, "min": 1, "var": 0, "median": 1}, "silence_rate_30dB": {"dmean": 0, "dmean2": 0, "max": 1, "dvar": 0, "mean": 1, "dvar2": 0, "min": 1, "var": 0, "median": 1}, "spectral_strongpeak": {"dmean": 0.559727609158, "dmean2": 0.893588840961, "max": 17.4449234009, "dvar": 0.793528616428, "mean": 1.4669470787, "dvar2": 1.85403239727, "min": 0, "var": 2.27538990974, "median": 1.02877867222}, "spectral_spread": {"dmean": 479980.53125, "dmean2": 648439.8125, "max": 42188412, "dvar": 593283055616, "mean": 4294409, "dvar2": 773583732736, "min": 1061753.125, "var": 4230592856060.0, "median": 3581026}, "barkbands_flatness_db": {"dmean": 0.0170893371105, "dmean2": 0.0251535587013, "max": 0.439486593008, "dvar": 0.000284973182715, "mean": 0.189947158098, "dvar2": 0.000567330687772, "min": 0.0491753853858, "var": 0.0033115837723, "median": 0.179887011647}, "pitch_salience": {"dmean": 0.0585614852607, "dmean2": 0.0898875966668, "max": 0.895667135715, "dvar": 0.00275722541846, "mean": 0.54743629694, "dvar2": 0.00655372394249, "min": 0.159738138318, "var": 0.0124747613445, "median": 0.547404408455}, "erbbands_kurtosis": {"dmean": 1.62481117249, "dmean2": 2.37162470818, "max": 62.3867759705, "dvar": 7.52086830139, "mean": 3.02263402939, "dvar2": 15.7163286209, "min": -1.93883979321, "var": 42.0505065918, "median": 0.881962358952}, "average_loudness": 0.775706708431, "barkbands_crest": {"dmean": 2.11172437668, "dmean2": 3.25305628777, "max": 25.8737277985, "dvar": 3.78693056107, "mean": 10.7843551636, "dvar2": 8.91290378571, "min": 3.00235176086, "var": 17.5443782806, "median": 9.96551799774}, "hfc": {"dmean": 3.84663414955, "dmean2": 5.024122715, "max": 462.802490234, "dvar": 61.4702301025, "mean": 16.4002132416, "dvar2": 87.6813278198, "min": 1.18456062131e-16, "var": 342.469543457, "median": 10.7893676758}, "barkbands_kurtosis": {"dmean": 3.13532280922, "dmean2": 4.74938297272, "max": 256.146575928, "dvar": 48.0472793579, "mean": 8.78072738647, "dvar2": 117.800537109, "min": -1.94236302376, "var": 385.977142334, "median": 2.71065115929}, "erbbands": {"dmean": [0.00245739123784, 0.0566817224026, 0.371302396059, 1.51174342632, 3.85629010201, 4.72890281677, 4.48510694504, 7.73670148849, 14.9344511032, 14.1209945679, 17.4039173126, 27.7540206909, 19.2459697723, 14.4868373871, 12.5048379898, 11.5995101929, 11.737947464, 14.5904188156, 12.2356739044, 9.26282691956, 8.70156574249, 6.33283090591, 2.89153265953, 3.55714607239, 3.61653852463, 2.28269195557, 1.23758637905, 1.25550436974, 1.15357816219, 1.27409934998, 1.88009798527, 0.741243183613, 1.28850567341, 0.305128693581, 0.0814237892628, 0.0170886907727, 0.00251413160004, 0.000284192210529, 8.31652687339e-06, 5.72741510041e-06], "dmean2": [0.00374693702906, 0.0881474614143, 0.581626355648, 2.23959589005, 6.01508331299, 7.00747442245, 6.61991214752, 10.7061195374, 21.1944847107, 20.7660274506, 24.6689586639, 37.446144104, 27.3475761414, 20.7097530365, 16.6697101593, 16.1735954285, 16.5769023895, 20.2338123322, 17.2767810822, 12.740322113, 12.1803646088, 8.98991298676, 4.15399646759, 5.16760492325, 5.06576395035, 3.24531602859, 1.74034786224, 1.70634102821, 1.62229299545, 1.68168568611, 2.65286564827, 0.967655956745, 1.82046282291, 0.407349258661, 0.109428957105, 0.0237671229988, 0.0035820719786, 0.000423048157245, 1.11317567644e-05, 7.63970820117e-06], "max": [0.364074796438, 3.20246720314, 15.0049829483, 85.8328094482, 131.382873535, 259.244110107, 519.526855469, 433.332366943, 870.175964355, 733.476623535, 1067.28662109, 1419.93164063, 1121.64135742, 1520.83740234, 1845.1541748, 969.937866211, 943.609619141, 1444.1270752, 916.168945313, 622.429931641, 632.843200684, 548.285644531, 293.317230225, 622.990356445, 407.005828857, 534.230895996, 230.551040649, 290.989685059, 673.655700684, 1176.97436523, 790.061096191, 222.857788086, 159.580718994, 76.1534729004, 15.1356496811, 2.7899210453, 0.523746371269, 0.110381536186, 0.00245318980888, 0.000363086903235], "dvar": [5.72490716877e-05, 0.0188277345151, 0.631466090679, 11.3076963425, 57.2161407471, 99.4405517578, 184.165435791, 314.506317139, 1267.33239746, 1380.14416504, 2096.27441406, 4163.84228516, 2222.14306641, 2405.4140625, 2080.7644043, 1407.5892334, 1359.06408691, 2534.796875, 1501.9609375, 624.505310059, 525.356323242, 291.884918213, 72.901763916, 108.668373108, 139.307617188, 78.9013824463, 22.9166469574, 21.7022743225, 86.5518417358, 225.704544067, 117.295921326, 20.3579769135, 18.0697689056, 2.49919843674, 0.17890894413, 0.00417166482657, 0.000124324593344, 2.96372741104e-06, 1.3252732245e-09, 7.26173218779e-11], "mean": [0.00594825530425, 0.122578293085, 0.759149312973, 3.20876717567, 7.23752212524, 10.7719278336, 11.0128097534, 19.4631519318, 35.8496894836, 28.1281661987, 39.1247749329, 64.895614624, 43.515499115, 32.6315155029, 30.0107631683, 27.0264778137, 23.2802028656, 30.6976146698, 26.6736602783, 22.4771575928, 23.3027896881, 17.3126277924, 8.77718067169, 9.1478395462, 9.11548709869, 5.8594660759, 2.84074831009, 2.58580899239, 2.05279064178, 2.27061581612, 3.37123227119, 1.3085193634, 2.60438966751, 0.569275140762, 0.156980335712, 0.034894913435, 0.0046186237596, 0.000444077450084, 2.386694905e-05, 2.52357040154e-05], "dvar2": [0.000129842024762, 0.0504455603659, 1.68264746666, 24.7749156952, 146.671936035, 218.737747192, 419.715362549, 565.573059082, 2637.77685547, 2935.7097168, 4562.86816406, 7805.33447266, 4527.88720703, 4900.96972656, 3409.51977539, 2818.25585938, 2685.96191406, 4943.40673828, 2878.56420898, 1172.78625488, 1006.5637207, 555.230773926, 128.618133545, 204.492980957, 237.59475708, 170.545181274, 40.7952003479, 37.1643333435, 187.43119812, 250.952545166, 201.643096924, 29.244052887, 32.2411193848, 4.07263803482, 0.298804283142, 0.00638934597373, 0.000226103467867, 6.21417893854e-06, 2.11424677765e-09, 1.26633023512e-10], "min": [4.38035351303e-22, 2.77518126159e-21, 8.65536347478e-21, 1.103326459e-20, 1.15483254005e-19, 3.23828362666e-19, 2.38322987089e-19, 2.34966805151e-19, 4.50733455816e-19, 4.75295653527e-19, 1.50172189686e-18, 2.14210331021e-18, 1.35256768734e-18, 2.29475287482e-18, 3.56440439114e-18, 3.75379649137e-18, 2.56074934439e-18, 2.28872789803e-18, 5.88067057933e-18, 6.13540043538e-18, 9.73769590243e-18, 1.47212043214e-17, 7.57776850437e-18, 9.44868892257e-18, 1.42594224727e-17, 1.48825277019e-17, 1.68446861417e-17, 2.111714018e-17, 1.74021628612e-17, 1.877376232e-17, 2.0574165591e-17, 1.6632204949e-17, 1.39940678952e-17, 1.27112662751e-17, 7.79222583153e-18, 7.2856306459e-18, 3.37459270355e-18, 1.4136880628e-18, 3.32884439409e-19, 4.04024253298e-20], "var": [0.000139559109812, 0.0415761694312, 1.55685651302, 37.8572769165, 124.158714294, 444.781768799, 664.163330078, 1713.59191895, 5684.22851563, 3029.85107422, 6491.33496094, 15023.6621094, 8280.65917969, 10181.9853516, 8887.32617188, 5773.01904297, 3883.99438477, 8884.26660156, 4956.28320313, 2857.3347168, 2631.76025391, 1530.12670898, 574.931640625, 691.795898438, 691.877319336, 350.797180176, 68.6549987793, 56.6627807617, 133.978729248, 534.283813477, 241.148010254, 53.7124328613, 52.9246902466, 6.08467817307, 0.433680534363, 0.0125088449568, 0.000309398135869, 4.98979943586e-06, 3.32963567828e-09, 5.06132136202e-10], "median": [0.00198386772536, 0.0479833297431, 0.269574552774, 1.13123333454, 3.18970131874, 3.69598221779, 3.16226387024, 4.68965435028, 7.32485198975, 9.22962093353, 10.6525087357, 17.1649532318, 9.7557144165, 3.83144259453, 3.72620511055, 2.54370284081, 2.91682839394, 3.54220700264, 3.26904630661, 4.20398139954, 4.70641851425, 3.65888404846, 1.70311999321, 1.07146286964, 1.13600444794, 0.940018236637, 0.633233368397, 0.516947925091, 0.391350388527, 0.343646973372, 0.323457956314, 0.142352610826, 0.18714620173, 0.0762321576476, 0.0257810447365, 0.00556185282767, 0.000861759821419, 9.23243278521e-05, 1.37635533974e-05, 1.929975042e-05]}, "spectral_energy": {"dmean": 0.00454468466341, "dmean2": 0.00616905745119, "max": 0.0872040987015, "dvar": 3.92276342609e-05, "mean": 0.0199685562402, "dvar2": 7.65269651311e-05, "min": 1.05540523655e-20, "var": 0.000303692213492, "median": 0.0149212600663}, "zerocrossingrate": {"dmean": 0.00834553781897, "dmean2": 0.00858738273382, "max": 0.50439453125, "dvar": 0.00019967269327, "mean": 0.0520497299731, "dvar2": 0.000143590383232, "min": 0.00732421875, "var": 0.00176574208308, "median": 0.04248046875}, "spectral_energyband_high": {