{"tonal": {"chords_number_rate": 0.00188087776769, "thpcp": [1, 0.621156930923, 0.751343309879, 0.971134126186, 0.393784254789, 0.0777217596769, 0.0849209055305, 0.105396315455, 0.334086209536, 0.53164511919, 0.288490504026, 0.0457510314882, 0.051307477057, 0.142442137003, 0.522175014019, 0.794959068298, 0.4118244946, 0.0432893782854, 0.0228764284402, 0.0452013909817, 0.343519181013, 0.664092242718, 0.521578252316, 0.815222561359, 0.993349730968, 0.365295797586, 0.0327585563064, 0.0386947095394, 0.0633274391294, 0.0776007026434, 0.0706084817648, 0.0492017827928, 0.0379290170968, 0.0417909473181, 0.0780717879534, 0.571354806423], "hpcp": {"dvar": [0.00589315220714, 0.00542860338464, 0.00507962005213, 0.00652846693993, 0.0103620840237, 0.0271358974278, 0.0208888594061, 0.0277328491211, 0.0245722979307, 0.0211347471923, 0.0181587636471, 0.0121691068634, 0.0142705189064, 0.0115400385112, 0.0113503010944, 0.0124744344503, 0.00990792457014, 0.00410109758377, 0.00448153819889, 0.00877099297941, 0.0140625005588, 0.0147137725726, 0.00749768782407, 0.00348980957642, 0.00264232163318, 0.00314941280521, 0.0107188485563, 0.0103418696672, 0.0140896132216, 0.0210733637214, 0.0178856253624, 0.00972853507847, 0.00283638038673, 0.0025322875008, 0.0063152667135, 0.00570155819878], "mean": [0.0185954533517, 0.0129577843472, 0.00998898781836, 0.0110060665756, 0.020560991019, 0.150472030044, 0.263360053301, 0.163587927818, 0.197873815894, 0.255757927895, 0.103707045317, 0.0204688068479, 0.0223647747189, 0.027757178992, 0.0879849642515, 0.140014082193, 0.0759768784046, 0.012048994191, 0.0135123403743, 0.0375135689974, 0.137520045042, 0.209360465407, 0.108458124101, 0.0114006930962, 0.00602473737672, 0.0119042405859, 0.0904692336917, 0.174895375967, 0.137362882495, 0.214697062969, 0.261608630419, 0.0962043181062, 0.00862729549408, 0.0101906405762, 0.0166779179126, 0.0204369258136], "min": [0, 0, 0, 0, 0, 0, 0, 0, 0, 0, 0, 0, 0, 0, 0, 0, 0, 0, 0, 0, 0, 0, 0, 0, 0, 0, 0, 0, 0, 0, 0, 0, 0, 0, 0, 0], "median": [0.00114281871356, 0.000959125929512, 0.00059242604766, 0.000413952890085, 0.000563378212973, 0.00758533831686, 0.0149834724143, 0.0417729541659, 0.00577236991376, 0.00155514013022, 0.00147134752478, 0.000755697954446, 0.000613993906882, 0.00115977425594, 0.00840649753809, 0.0143447630107, 0.00790470000356, 0.000886593421455, 0.000629612535704, 0.00170666526537, 0.0166413448751, 0.0170990061015, 0.00752385286614, 0.000564223737456, 0.000169527673279, 0.000260501779849, 0.00188370025717, 0.00383239169605, 0.0236245952547, 0.0573874115944, 0.0559183061123, 0.0166226811707, 0.000776755274273, 0.000684889266267, 0.000657906522974, 0.000987223931588], "dvar2": [0.0167997907847, 0.0157994329929, 0.0148116182536, 0.0184088721871, 0.0301467068493, 0.081253066659, 0.0484141074121, 0.0832897126675, 0.0669700354338, 0.0563924536109, 0.0488931909204, 0.0335922315717, 0.0402668341994, 0.0315384604037, 0.0284185837954, 0.0294775627553, 0.025396456942, 0.0108451060951, 0.0125222802162, 0.0234896019101, 0.0361479371786, 0.0335164256394, 0.0195949431509, 0.0103861335665, 0.0076469136402, 0.00893626734614, 0.0283401943743, 0.0250004418194, 0.0383617095649, 0.0545720905066, 0.0413095057011, 0.0275355968624, 0.00852850545198, 0.00725442543626, 0.0185314472765, 0.0167849753052], "var": [0.0062693268992, 0.00380901060998, 0.00330627872609, 0.00433507794514, 0.00733145838603, 0.0605021938682, 0.158853203058, 0.0545203648508, 0.0944499522448, 0.159826412797, 0.032489977777, 0.00952275563031, 0.0127611439675, 0.0136367445812, 0.0351647734642, 0.0710322856903, 0.0244856122881, 0.00360095384531, 0.00350144971162, 0.0121621238068, 0.0574607364833, 0.114577926695, 0.0421852953732, 0.00227974634618, 0.00173267710488, 0.00333341350779, 0.0382987298071, 0.122255660594, 0.0524460785091, 0.0842934176326, 0.137385249138, 0.0253041684628, 0.00176642788574, 0.00184863083996, 0.005019555334, 0.00640560360625], "dmean2": [0.0336307361722, 0.0288590155542, 0.0255381278694, 0.0286390855908, 0.0543288365006, 0.135656923056, 0.091616101563, 0.160231649876, 0.136987045407, 0.0900495573878, 0.0961975604296, 0.0479518286884, 0.0470441095531, 0.0484470389783, 0.067785859108, 0.0698869973421, 0.0625777989626, 0.0251946765929, 0.026934389025, 0.0503118745983, 0.0876320376992, 0.0810704082251, 0.0645482093096, 0.0237005203962, 0.0150538543239, 0.0237732976675, 0.0660250857472, 0.0511181987822, 0.11103438586, 0.15204924345, 0.101335376501, 0.0769466087222, 0.0207567084581, 0.0218393336982, 0.0349843390286, 0.0373287573457], "max": [1, 1, 1, 1, 1, 1, 1, 1, 1, 1, 1, 1, 1, 1, 1, 1, 1, 1, 1, 1, 1, 1, 1, 1, 1, 1, 1, 1, 1, 1, 1, 1, 1, 0.954629361629, 1, 1], "dmean": [0.0190822388977, 0.0159380882978, 0.0139172244817, 0.0156089197844, 0.0292772594839, 0.076866529882, 0.0551082268357, 0.0912378206849, 0.0789902731776, 0.0514501109719, 0.0567962415516, 0.0262206923217, 0.0257744081318, 0.0272813681513, 0.0412236787379, 0.0429941117764, 0.0384182594717, 0.0143804913387, 0.0151548292488, 0.0294103715569, 0.0525750331581, 0.0502049960196, 0.039220623672, 0.0129794636741, 0.00820840056986, 0.0131534682587, 0.0391173250973, 0.0298206359148, 0.0649196505547, 0.0887764617801, 0.0611403137445, 0.0445148423314, 0.0110918432474, 0.0120531246066, 0.0190784763545, 0.0204177089036]}, "key_strength": 0.768141150475, "chords_strength": {"dvar": 0.000437067268649, "mean": 0.529549598694, "min": -1, "median": 0.546258747578, "dvar2": 0.000719822070096, "var": 0.0159331262112, "dmean2": 0.00475382478908, "max": 0.738100230694, "dmean": 0.00708589190617}, "tuning_equal_tempered_deviation": 0.0424127615988, "chords_key": "C", "tuning_frequency": 441.017791748, "chords_scale": "major", "chords_changes_rate": 0.0346917435527, "key_scale": "major", "tuning_diatonic_strength": 0.527934134007, "hpcp_entropy": {"dvar": 0.167311787605, "mean": 1.40171122551, "min": 0, "median": 1.36638867855, "dvar2": 0.421677082777, "var": 0.514665603638, "dmean2": 0.67461168766, "max": 4.52291536331, "dmean": 0.399942815304}, "chords_histogram": [7.06374073029, 1.14942526817, 0.438871473074, 0.501567423344, 0, 0, 0.229885056615, 0.66875654459, 0, 0.689655184746, 0, 0, 0, 2.52873563766, 26.2068958282, 12.4346914291, 24.7857894897, 15.0470218658, 5.72622776031, 0.334378272295, 0.313479632139, 0.146290495992, 0.626959264278, 1.10762798786], "tuning_nontempered_energy_ratio": 0.640700817108, "key_key": "B"}, "metadata": {"version": {"extractor": "music 1.0", "essentia_build_sha": "70f2e5ece6736b2c40cc944ad0e695b16b925413", "essentia": "2.1-beta2", "essentia_git_sha": "v2.1_beta2"}, "audio_properties": {"sample_rate": 44100, "length": 222.145309448, "lossless": false, "analysis_sample_rate": 44100, "downmix": "mix", "bit_rate": 256030, "equal_loudness": 0, "md5_encoded": "736f00015887ef491b2f6b79b82ffb5f", "codec": "mp3", "replay_gain": -10.3914928436}, "tags": {"genre": ["Rock"], "length": ["222"], "artist": ["Spokane"], "date": ["2003"], "musicbrainz_recordingid": ["ffc3155a-bd14-4fcb-8e6e-067b155af486"], "file_name": "2083272.mp3", "title": ["Able Bodies"], "tracknumber": ["8"], "album": ["Able Bodies"], "discnumber": ["1"]}}, "lowlevel": {"melbands": {"dvar": [3.90923929672e-07, 3.0817818697e-06, 1.33009018555e-06, 1.19595256365e-07, 6.99879194599e-08, 8.29156761029e-07, 2.56507178165e-07, 2.22304734621e-07, 1.60514961323e-08, 1.48003698186e-08, 2.4897377493e-09, 2.70134695862e-11, 1.30022145828e-10, 6.50215645215e-11, 2.08344140551e-11, 6.5441083108e-11, 6.3228144942e-11, 1.47834487707e-11, 1.02070209923e-11, 1.18391954226e-11, 5.45671702268e-11, 3.26490501301e-11, 8.17847471603e-13, 2.17734684449e-12, 3.08182993014e-12, 3.27034558288e-12, 5.74989500457e-11, 1.70395364485e-10, 2.41002939827e-10, 3.02387177797e-11, 2.61480312229e-12, 6.57506384408e-13, 9.32208520446e-13, 2.36226484337e-13, 7.25165980324e-14, 7.94453885273e-14, 1.55179973147e-13, 9.57756755306e-14, 1.72541068753e-14, 2.53595379423e-14], "mean": [0.000647464650683, 0.00301574240439, 0.00167958368547, 0.000242901267484, 0.000315231794957, 0.000783712137491, 0.000552616431378, 0.000692252186127, 0.000107798288809, 0.000103981183202, 4.76072600577e-05, 3.85495422961e-06, 7.21860169506e-06, 6.67121457809e-06, 3.71596502191e-06, 1.20853280805e-06, 5.97832013227e-06, 3.03542628899e-06, 2.34121557696e-06, 2.29154966291e-06, 5.51889070266e-06, 3.97362009608e-06, 4.20328575501e-07, 5.01346164583e-07, 4.50912267524e-07, 5.14088526415e-07, 7.17078989965e-07, 1.00943452708e-06, 1.08849928893e-06, 9.45264844177e-07, 4.20204173679e-07, 2.48908747835e-07, 1.44245476008e-07, 8.05866022802e-08, 6.54671623579e-08, 5.53131620507e-08, 6.48387583624e-08, 6.41394493073e-08, 5.05211232849e-08, 6.73631888048e-08], "min": [1.49189926598e-23, 1.53797820918e-23, 6.07328509813e-24, 1.5435027007e-24, 1.23186207597e-23, 1.01868708915e-23, 5.89539735843e-24, 5.36682781421e-24, 5.74485193214e-24, 1.06489422224e-23, 1.65780223637e-23, 7.23819796902e-24, 4.56837120493e-24, 7.08341399309e-24, 1.09369016963e-23, 8.13234813926e-24, 1.02025258361e-23, 7.65238070984e-24, 7.46738336123e-24, 6.63838126885e-24, 8.35924820143e-24, 8.34421566802e-24, 1.36059494603e-23, 1.45482091017e-23, 1.60722047513e-23, 1.2028969968e-23, 7.74129795563e-24, 9.25843524855e-24, 7.77477326814e-24, 6.75625759847e-24, 1.36494488283e-23, 5.60095502556e-24, 1.09246917072e-23, 1.31329579278e-23, 8.82413576579e-24, 6.94843121473e-24, 8.09712865529e-24, 7.08796572051e-24, 7.06312843491e-24, 8.16829653071e-24], "median": [0.000182066098205, 0.00172453303821, 0.00102567090653, 0.000110351698822, 6.98860530974e-05, 0.000154904148076, 6.43031235086e-05, 1.6516116375e-05, 1.93109844986e-05, 1.22949186334e-05, 3.32652734869e-06, 6.68039092488e-07, 3.43748610021e-07, 3.18502088703e-07, 2.22099345137e-07, 1.98128788043e-07, 7.08209995537e-07, 5.04199419993e-07, 2.04196481945e-07, 1.08144874389e-07, 6.92418666404e-07, 5.2942448292e-07, 5.19127354437e-08, 3.68295260955e-08, 6.91198209779e-08, 9.13610094244e-08, 6.83552627834e-08, 2.54439758152e-08, 5.73301193185e-08, 4.09641529586e-08, 1.11676490278e-08, 5.49869749733e-09, 2.86914803027e-09, 1.08637343565e-09, 5.17693887758e-10, 4.71873040642e-10, 3.29696325796e-10, 3.50529910653e-10, 2.44318759668e-10, 1.94848026602e-10], "dvar2": [1.05975152564e-06, 9.07926369109e-06, 3.91352932638e-06, 3.18916391961e-07, 1.53570496764e-07, 2.39518135459e-06, 5.674806971e-07, 3.30745535848e-07, 4.24652029096e-08, 3.43645361056e-08, 3.88434306942e-09, 7.07785913212e-11, 2.52640103282e-10, 8.3678293461e-11, 2.94180374505e-11, 1.95391924862e-10, 1.16344107959e-10, 3.26488835967e-11, 1.65991109746e-11, 1.83632605649e-11, 1.15833960479e-10, 6.29110930017e-11, 1.69065456079e-12, 3.96199262634e-12, 8.16714664648e-12, 8.0368515662e-12, 1.1387410459e-10, 3.58597457284e-10, 5.46949596725e-10, 5.20660875525e-11, 6.07736777569e-12, 1.40348453345e-12, 1.97678635613e-12, 3.87893303632e-13, 1.47932068071e-13, 2.03073831622e-13, 3.67732943705e-13, 1.96666481386e-13, 2.81791022537e-14, 6.10196233277e-14], "var": [1.14982299237e-06, 1.09136772153e-05, 4.0219388211e-06, 1.97020312953e-07, 5.79112281685e-07, 4.23932760896e-06, 2.42959276875e-06, 5.13535314894e-06, 5.84155905869e-08, 1.08885615191e-07, 2.75460330101e-08, 9.87503967487e-11, 9.84461623332e-10, 8.47645897917e-10, 2.61780763733e-10, 4.91608732889e-11, 5.4651155823e-10, 6.1235211346e-11, 4.78945424986e-11, 5.75745770504e-11, 2.25214555338e-10, 1.20124923897e-10, 3.11803751221e-12, 5.4104862951e-12, 4.05741499426e-12, 3.96775234196e-12, 9.98474497527e-11, 3.17576465125e-10, 2.86193457821e-10, 8.70294045163e-11, 6.16377435203e-12, 2.06704748804e-12, 2.56579848514e-12, 1.07878083636e-12, 2.77626934029e-13, 2.51954327627e-13, 3.82200808545e-13, 3.04383390238e-13, 8.26002474427e-14, 8.99338790288e-14], "dmean2": [0.000265193491941, 0.00128909293562, 0.000842739769723, 0.000173777356395, 0.000151802581968, 0.000428214319982, 0.000239251603489, 0.000174821878318, 6.7016313551e-05, 5.4873577028e-05, 1.94628773897e-05, 2.55987492892e-06, 3.83225960832e-06, 2.28207682085e-06, 1.38765426527e-06, 9.21085529626e-07, 2.34239928432e-06, 1.71264127857e-06, 1.39797123211e-06, 1.32319178192e-06, 3.44883915204e-06, 2.53323764809e-06, 2.70224802534e-07, 3.84842508083e-07, 3.61043191788e-07, 4.27289307936e-07, 7.06499633907e-07, 1.11430802008e-06, 1.14878650948e-06, 7.35642117888e-07, 3.25252955236e-07, 1.92353709849e-07, 1.07720794063e-07, 5.4860173293e-08, 4.84207234308e-08, 4.25002681936e-08, 5.23350962567e-08, 4.81497579585e-08, 3.12841272887e-08, 4.75974353265e-08], "max": [0.0158971082419, 0.0393426939845, 0.0212919563055, 0.00848433468491, 0.0125884972513, 0.0378747396171, 0.0180080141872, 0.0241441763937, 0.00440276879817, 0.00566851953045, 0.00374229042791, 0.000165347097209, 0.000606126268394, 0.00060194847174, 0.000341315870173, 0.000566181377508, 0.000379575882107, 0.000149875326315, 0.000157397342264, 0.000178500340553, 0.000259889930021, 0.000302821601508, 6.97284776834e-05, 0.000100664547062, 0.000130917571369, 8.72768796398e-05, 0.000708665815182, 0.000918886740692, 0.00120452325791, 0.000430546875577, 8.12398866401e-05, 4.16912735091e-05, 8.71902084327e-05, 5.15785177413e-05, 2.27234486374e-05, 1.7036592908e-05, 2.1972504328e-05, 1.83522115549e-05, 1.08982485472e-05, 8.84024575498e-06], "dmean": [0.000159419854754, 0.000758346752264, 0.000522382208146, 0.000110543958726, 0.000103906386357, 0.000274760648608, 0.000163527773111, 0.000140494827065, 4.4215368689e-05, 3.71358546545e-05, 1.46062466229e-05, 1.64146888437e-06, 2.74687272395e-06, 1.79064568329e-06, 1.03309082533e-06, 5.51550385808e-07, 1.80185872978e-06, 1.18074331112e-06, 1.01309126421e-06, 9.84861458164e-07, 2.42586679633e-06, 1.83434372047e-06, 1.84917439583e-07, 2.63146574753e-07, 2.37600545461e-07, 2.80535147112e-07, 4.97923508647e-07, 6.94968321113e-07, 7.64147500831e-07, 5.01092358718e-07, 2.09319296118e-07, 1.24054650996e-07, 7.41769028423e-08, 4.07591436158e-08, 3.2419666951e-08, 2.79855854046e-08, 3.33196013003e-08, 3.15780610549e-08, 2.17480664588e-08, 3.10194891995e-08]}, "spectral_decrease": {"dvar": 6.38423745674e-18, "mean": -6.22830809149e-09, "min": -6.15038970864e-08, "median": -4.51359216669e-09, "dvar2": 1.78348097544e-17, "var": 4.03992066408e-17, "dmean2": 1.99698035885e-09, "max": 2.57204042593e-16, "dmean": 1.26632737629e-09}, "spectral_rolloff": {"dvar": 298030.8125, "mean": 627.20111084, "min": 86.1328125, "median": 366.064453125, "dvar2": 909104.3125, "var": 3988981.75, "dmean2": 153.692565918, "max": 19143.0175781, "dmean": 85.3632888794}, "melbands_crest": {"dvar": 4.09380435944, "mean": 18.2172622681, "min": 1.77399551868, "median": 17.9301166534, "dvar2": 10.6923265457, "var": 27.6996898651, "dmean2": 3.25678610802, "max": 32.4492721558, "dmean": 2.00336241722}, "barkbands_skewness": {"dvar": 0.416058719158, "mean": 2.48385620117, "min": -10.2171211243, "median": 2.2891099453, "dvar2": 1.01039922237, "var": 4.41024827957, "dmean2": 0.899457156658, "max": 16.7011184692, "dmean": 0.573543787003}, "spectral_centroid": {"dvar": 25120.4648438, "mean": 486.202972412, "min": 121.469581604, "median": 394.198150635, "dvar2": 52020.6171875, "var": 236189.828125, "dmean2": 108.943405151, "max": 10570.9589844, "dmean": 69.2358169556}, "spectral_energyband_middle_low": {"dvar": 3.51649614458e-05, "mean": 0.0129027552903, "min": 2.54058801331e-22, "median": 0.00678613223135, "dvar2": 8.82908643689e-05, "var": 0.000324216438457, "dmean2": 0.00448131281883, "max": 0.191060036421, "dmean": 0.00303723104298}, "erbbands_crest": {"dvar": 4.58722925186, "mean": 14.4788589478, "min": 2.27095031738, "median": 12.9891891479, "dvar2": 11.2725687027, "var": 38.0733032227, "dmean2": 3.47881650925, "max": 33.3314628601, "dmean": 2.21490335464}, "dynamic_complexity": 5.62707662582, "spectral_energyband_low": {"dvar": 5.58713327337e-05, "mean": 0.0126745225862, "min": 9.93252115191e-23, "median": 0.00859244354069, "dvar2": 0.000164979719557, "var": 0.000174349654117, "dmean2": 0.00530592771247, "max": 0.18325933814, "dmean": 0.00316229253076}, "silence_rate_60dB": {"dvar": 0.0180558841676, "mean": 0.140781775117, "min": 0, "median": 0, "dvar2": 0.0410819575191, "var": 0.120966337621, "dmean2": 0.036796990782, "max": 1, "dmean": 0.0183965712786}, "erbbands_kurtosis": {"dvar": 13.1766414642, "mean": 6.0112953186, "min": -1.89775502682, "median": 3.1321208477, "dvar2": 27.5759105682, "var": 102.377159119, "dmean2": 3.42397737503, "max": 148.699005127, "dmean": 2.25511550903}, "spectral_complexity": {"dvar": 0.983656167984, "mean": 6.1992058754, "min": 0, "median": 6, "dvar2": 2.36051106453, "var": 9.30226802826, "dmean2": 1.58770644665, "max": 28, "dmean": 0.936761796474}, "barkbands_crest": {"dvar": 2.90240859985, "mean": 13.4351549149, "min": 4.72739315033, "median": 12.8374996185, "dvar2": 7.74341440201, "var": 16.6936893463, "dmean2": 2.7681889534, "max": 26.3045749664, "dmean": 1.70894002914}, "spectral_energy": {"dvar": 9.44084094954e-05, "mean": 0.0241480134428, "min": 1.07063820374e-20, "median": 0.0174963083118, "dvar2": 0.000263000605628, "var": 0.000610884861089, "dmean2": 0.00770181091502, "max": 0.23692175746, "dmean": 0.00489237438887}, "spectral_spread": {"dvar": 311324868608, "mean": 2903793.75, "min": 479369.625, "median": 2041031.75, "dvar2": 602096205824, "var": 5265141268480.0, "dmean2": 588619.9375, "max": 40229072, "dmean": 365814.34375}, "spectral_contrast_valleys": {"dvar": [0.112665861845, 0.0794084891677, 0.068494617939, 0.0641081854701, 0.074702501297, 0.0820890590549], "mean": [-8.20682621002, -7.63890361786, -9.41856765747, -10.2301988602, -10.2666101456, -12.94298172], "min": [-26.8984050751, -27.3709087372, -26.8397827148, -27.5451984406, -27.1795520782, -27.3209075928], "median": [-7.97500896454, -7.42281341553, -9.25314903259, -10.0714235306, -10.2192401886, -13.4159650803], "dvar2": [0.290722876787, 0.20178194344, 0.174970254302, 0.150846213102, 0.172920122743, 0.150851532817], "var": [2.18772315979, 2.29712700844, 1.57078361511, 1.26332211494, 1.19259667397, 1.96260714531], "dmean2": [0.639464199543, 0.550060033798, 0.500173211098, 0.429119795561, 0.386401623487, 0.265391767025], "max": [-5.05058765411, -4.50764656067, -6.45535230637, -7.50542259216, -6.80121898651, -8.1153793335], "dmean": [0.371298521757, 0.320715248585, 0.291123121977, 0.253289729357, 0.229126378894, 0.174618273973]}, "spectral_rms": {"dvar": 4.34476930877e-07, "mean": 0.00423712981865, "min": 3.23191126639e-12, "median": 0.00413153320551, "dvar2": 1.15588204608e-06, "var": 5.60558237339e-06, "dmean2": 0.000698243151419, "max": 0.0152033930644, "dmean": 0.000449367100373}, "barkbands_spread": {"dvar": 12.1592531204, "mean": 5.84218072891, "min": 0.206584498286, "median": 4.21972227097, "dvar2": 30.0187091827, "var": 72.733039856, "dmean2": 2.23526144028, "max": 144.72442627, "dmean": 1.42564249039}, "pitch_salience": {"dvar": 0.00246192119084, "mean": 0.409423261881, "min": 0.102140113711, "median": 0.404541134834, "dvar2": 0.00676787598059, "var": 0.0127682425082, "dmean2": 0.0789027512074, "max": 0.860970377922, "dmean": 0.0482228249311}, "erbbands_skewness": {"dvar": 0.159585565329, "mean": 1.42943036556, "min": -7.7251830101, "median": 1.36721396446, "dvar2": 0.363527834415, "var": 1.58677768707, "dmean2": 0.596871495247, "max": 8.83042144775, "dmean": 0.387113809586}, "spectral_energyband_middle_high": {"dvar": 1.01271830033e-07, "mean": 0.000406476145145, "min": 1.50454772921e-21, "median": 0.000139550073072, "dvar2": 1.90905154795e-07, "var": 5.71043187847e-07, "dmean2": 0.000151332103997, "max": 0.0198544245213, "dmean": 0.000110031658551}, "erbbands": {"dvar": [0.00165301782545, 0.761497914791, 17.1202468872, 61.3224563599, 20.2096252441, 30.9795722961, 80.3106613159, 1683.04284668, 1277.95617676, 2561.9934082, 166.637588501, 458.306793213, 98.6492233276, 2.11689782143, 6.17622280121, 13.7936954498, 3.98138213158, 15.8890047073, 5.96719360352, 11.1028223038, 26.2367305756, 14.1557474136, 1.24771952629, 3.33440709114, 11.9026498795, 257.074279785, 221.700714111, 11.8561697006, 1.80766439438, 0.96648812294, 0.180368617177, 0.253876775503, 0.111409813166, 0.0257127080113, 0.00621611624956, 0.00103524746373, 0.000290378899081, 7.66003086028e-06, 1.02178596251e-07, 3.11057540836e-10], "mean": [0.0349651351571, 1.13137173653, 6.89729356766, 10.3385915756, 5.48362970352, 2.45465016365, 10.6000728607, 32.971660614, 32.7777404785, 74.7046432495, 16.4126148224, 17.1420726776, 10.1032018661, 1.38754713535, 1.84242105484, 2.99176573753, 0.636675834656, 2.7770512104, 1.830727458, 2.13707280159, 3.71469116211, 2.69982194901, 0.547559678555, 0.593275666237, 0.823558807373, 1.45900154114, 1.73622381687, 0.945414364338, 0.410457968712, 0.179382100701, 0.110532730818, 0.100868523121, 0.0871336981654, 0.0722867995501, 0.0444755889475, 0.00898412521929, 0.00261943344958, 0.000461912684841, 4.05020364269e-05, 2.79975338344e-05], "min": [1.81905236e-21, 7.72264947947e-21, 3.50988340478e-20, 3.99993104905e-20, 2.18371303473e-20, 3.87423901627e-20, 4.37124008294e-19, 4.33436488822e-19, 3.86427220075e-19, 4.88202514517e-19, 7.97962266872e-19, 1.53031122339e-18, 3.1763439805e-18, 1.59288536878e-18, 1.82773497277e-18, 2.83808625338e-18, 4.02603486585e-18, 5.60460235861e-18, 5.10858391789e-18, 5.5332572036e-18, 6.96614785073e-18, 9.24443817699e-18, 1.78383897921e-17, 1.9006231505e-17, 1.27153864618e-17, 1.39757723145e-17, 1.1771523752e-17, 2.06713378063e-17, 1.25448185107e-17, 2.3931845553e-17, 1.47157895971e-17, 1.29133928209e-17, 1.04748015094e-17, 9.39294108519e-18, 1.16639149989e-17, 6.42714662383e-18, 3.11634795028e-18, 1.23433183475e-18, 4.28198677786e-19, 4.22024026545e-20], "median": [0.0186913497746, 0.307730168104, 3.9888753891, 5.8851890564, 2.66387844086, 1.03962659836, 2.57556009293, 6.74962329865, 4.90190649033, 1.8539814949, 2.62737083435, 2.70354700089, 1.11300432682, 0.3108086586, 0.1525195539, 0.138498693705, 0.140746384859, 0.404306739569, 0.406842410564, 0.207985311747, 0.689411878586, 0.483459949493, 0.0967691242695, 0.119287356734, 0.152547031641, 0.0751655846834, 0.105196028948, 0.0410409495234, 0.0111277643591, 0.00336712575518, 0.00108984753024, 0.000613713578787, 0.000489309895784, 0.000275104510365, 0.000126674392959, 6.03894004598e-05, 2.64795962721e-05, 6.12229996477e-06, 9.9879962363e-06, 1.9824861738e-05], "dvar2": [0.00431215763092, 2.12026619911, 51.2152519226, 183.816253662, 48.4564208984, 86.0464401245, 175.858139038, 5036.046875, 2844.72924805, 3651.95239258, 402.756744385, 1098.49499512, 155.663909912, 5.36826562881, 12.2754955292, 16.6268081665, 11.8025560379, 33.7300643921, 12.8552370071, 16.046251297, 56.4454460144, 27.3443546295, 2.1977660656, 8.75199890137, 25.3846035004, 481.442443848, 456.120361328, 22.736623764, 3.34516263008, 1.78409552574, 0.339807957411, 0.574070632458, 0.209117412567, 0.0558702535927, 0.0159301850945, 0.00243604904972, 0.000763573567383, 2.02188966796e-05, 2.82926464479e-07, 8.28194290925e-10], "var": [0.00500167580321, 2.68673682213, 58.9970588684, 172.471054077, 74.876625061, 33.4734268188, 645.867736816, 7342.73242188, 10701.1357422, 61045.8710938, 1047.33886719, 3208.08886719, 1075.09765625, 9.40730762482, 46.0532836914, 190.823257446, 4.22854757309, 109.367263794, 23.5646686554, 56.2049980164, 107.980056763, 50.5521354675, 4.51026725769, 5.30347251892, 23.2365837097, 570.367492676, 434.265411377, 44.4677619934, 6.71779537201, 4.76146459579, 0.881603300571, 0.801584005356, 0.431147903204, 0.108596406877, 0.0265400502831, 0.00138287746813, 0.000224077506573, 6.1688401729e-06, 6.50909512956e-08, 9.3804308765e-10], "dmean2": [0.0163204874843, 0.422044426203, 3.21785283089, 5.41016578674, 3.25482177734, 1.94214451313, 5.06463384628, 18.984752655, 15.7896327972, 18.181842804, 7.96061182022, 9.3982925415, 4.06806516647, 0.769065022469, 0.89110326767, 0.936850905418, 0.391406387091, 1.10448431969, 1.03551340103, 1.16085529327, 2.26984238625, 1.67847919464, 0.331812381744, 0.435530841351, 0.66311275959, 1.4246147871, 1.43377244473, 0.630150139332, 0.276648789644, 0.10784394294, 0.0724950358272, 0.0714442506433, 0.0565341860056, 0.0448907613754, 0.0277992095798, 0.00818009767681, 0.00389268691652, 0.000668074353598, 6.86248313286e-05, 1.0586292774e-05], "max": [1.14716959, 20.3507843018, 84.4155960083, 152.399047852, 120.482261658, 157.561019897, 415.095153809, 1742.56188965, 1333.15319824, 2654.4074707, 340.995635986, 1053.13757324, 743.621520996, 42.949886322, 131.903366089, 291.172790527, 135.09602356, 186.949539185, 104.45954895, 189.257019043, 208.523712158, 219.608032227, 87.0860214233, 141.497787476, 231.698287964, 1253.19091797, 1180.29089355, 244.628646851, 77.4411773682, 90.7086334229, 36.5489768982, 28.4982643127, 21.2838153839, 10.2919845581, 3.78160023689, 0.889371573925, 0.435400247574, 0.0628559067845, 0.00672261090949, 0.000379701203201], "dmean": [0.00988674070686, 0.251064538956, 1.88202369213, 3.30776643753, 2.1393032074, 1.17608690262, 3.48405170441, 11.9669837952, 10.6106910706, 14.7990751266, 5.41651821136, 6.28653049469, 3.04559159279, 0.515242040157, 0.645269334316, 0.752625882626, 0.246271088719, 0.83626973629, 0.720254421234, 0.875535666943, 1.58773136139, 1.20674729347, 0.232101246715, 0.29087549448, 0.449730873108, 0.909065365791, 0.968978047371, 0.42642802, 0.187177672982, 0.0806159377098, 0.049979750067, 0.0472982637584, 0.0384609401226, 0.0303148515522, 0.0182870253921, 0.0055681662634, 0.00238452944905, 0.000402708770707, 3.90692439396e-05, 6.61857438899e-06]}, "dissonance": {"dvar": 0.00116555287968, "mean": 0.394562035799, "min": 0.141177043319, "median": 0.402871727943, "dvar2": 0.00328264757991, "var": 0.00396390259266, "dmean2": 0.0613696165383, "max": 0.500000178814, "dmean": 0.0363367572427}, "erbbands_flatness_db": {"dvar": 0.000267564406386, "mean": 0.267598450184, "min": 0.0204898472875, "median": 0.277859091759, "dvar2": 0.000586520764045, "var": 0.00529328268021, "dmean2": 0.0222857054323, "max": 0.475855231285, "dmean": 0.0147911636159}, "melbands_kurtosis": {"dvar": 443.910675049, "mean": 28.3551559448, "min": -1.89095759392, "median": 13.8614282608, "dvar2": 1164.32080078, "var": 1707.15490723, "dmean2": 17.1716213226, "max": 457.344726562, "dmean": 10.6425218582}, "melbands_spread": {"dvar": 15.1524820328, "mean": 6.91103172302, "min": 0.336269259453, "median": 4.4082326889, "dvar2": 31.0970497131, "var": 206.883178711, "dmean2": 2.30053734779, "max": 190.408828735, "dmean": 1.48664784431}, "melbands_skewness": {"dvar": 0.635834693909, "mean": 3.04271531105, "min": -2.40027737617, "median": 2.65543556213, "dvar2": 1.56075072289, "var": 5.76611375809, "dmean2": 1.05998432636, "max": 16.991765976, "dmean": 0.680446982384}, "spectral_entropy": {"dvar": 0.0361143574119, "mean": 5.90908956528, "min": 3.80438160896, "median": 5.76136112213, "dvar2": 0.0914102345705, "var": 0.55007982254, "dmean2": 0.274583131075, "max": 9.80201148987, "dmean": 0.170227408409}, "zerocrossingrate": {"dvar": 4.93292864121e-05, "mean": 0.026700431481, "min": 0.00341796875, "median": 0.0166015625, "dvar2": 5.16279360454e-05, "var": 0.00527400709689, "dmean2": 0.00402655918151, "max": 0.7646484375, "dmean": 0.00320646702312}, "average_loudness": 0.229915812612, "spectral_contrast_coeffs": {"dvar": [0.00104079209268, 0.00114685378503, 0.000647279142868, 0.000383067992516, 0.000347026245436, 0.000257331121247], "mean": [-0.569585382938, -0.661459267139, -0.726847052574, -0.767317950726, -0.765720069408, -0.779720783234], "min": [-0.969834387302, -0.962632596493, -0.969628751278, -0.95345646143, -0.960920035839, -0.957009077072], "median": [-0.562527000904, -0.674523532391, -0.736223638058, -0.768861651421, -0.760459661484, -0.777619183064], "dvar2": [0.00298121268861, 0.00308677158318, 0.00178958871402, 0.00100229831878, 0.000822454399895, 0.000606382091064], "var": [0.0101890312508, 0.0130020044744, 0.01020058617, 0.00489439861849, 0.00497243879363, 0.00243019382469], "dmean2": [0.0671851933002, 0.0682164207101, 0.0525359623134, 0.038508374244, 0.0316323041916, 0.0249794758856], "max": [-0.28622046113, -0.27536174655, -0.378351837397, -0.542126953602, -0.496781349182, -0.608227849007], "dmean": [0.0394241064787, 0.0411429442465, 0.0315468758345, 0.0235386509448, 0.019637985155, 0.0154506154358]}, "barkbands_flatness_db": {"dvar": 0.000416988244979, "mean": 0.324841201305, "min": 0.0754032507539, "median": 0.328955739737, "dvar2": 0.00101890647784, "var": 0.00504940003157, "dmean2": 0.028132641688, "max": 0.533059060574, "dmean": 0.0177757851779}, "silence_rate_30dB": {"dvar": 0.00849845726043, "mean": 0.982232451439, "min": 0, "median": 1, "dvar2": 0.0197761617601, "var": 0.0174533948302, "dmean2": 0.0171440523118, "max": 1, "dmean": 0.00857113022357}, "spectral_energyband_high": {"dvar": 1.56387883976e-07, "mean": 8.08126933407e-05, "min": 7.71920100873e-21, "median": 3.9892456698e-06, "dvar2": 2.9948191127e-07, "var": 4.56228235635e-07, "dmean2": 4.65005250589e-05, "max": 0.0335598178208, "dmean": 3.35553122568e-05}, "melbands_flatness_db": {"dvar": 0.000515593565069, "mean": 0.425237357616, "min": 0.00321610411629, "median": 0.430137634277, "dvar2": 0.00127102958504, "var": 0.00830431841314, "dmean2": 0.0300906803459, "max": 0.669603765011, "dmean": 0.0191042292863}, "barkbands": {"dvar": [2.60955118625e-10, 9.72117595666e-06, 2.11453898373e-05, 4.86467433802e-06, 1.60390038673e-06, 1.69589457073e-05, 5.0110270422e-06, 6.4018388457e-07, 9.21698529055e-07, 1.63005893228e-08, 6.14068129678e-09, 5.41077316285e-09, 4.66623095718e-09, 4.10276523866e-09, 3.03128433465e-09, 4.20362100684e-09, 9.91551107887e-09, 4.68628524875e-10, 1.48038981074e-09, 1.33299906224e-07, 3.31207736792e-08, 1.40239264645e-09, 2.77361772438e-10, 4.87169748986e-10, 1.37796121735e-10, 6.67233351903e-11, 2.98267118469e-12], "mean": [5.17758871865e-06, 0.00368660339154, 0.00710708322003, 0.00272695487365, 0.00097159849247, 0.00384022947401, 0.00345772411674, 0.00103731371928, 0.000778905523475, 0.000102170197351, 5.03029114043e-05, 5.87401591474e-05, 9.2481586762e-06, 5.68156174268e-05, 3.91574430978e-05, 3.07837435685e-05, 7.50176186557e-05, 8.63417517394e-06, 1.34528709168e-05, 2.94914098049e-05, 3.51453199983e-05, 1.02684516605e-05, 3.96211862608e-06, 5.16157115271e-06, 6.31577222521e-06, 1.53879864229e-06, 1.75310219674e-07], "min": [2.95073737142e-23, 4.25988612243e-23, 3.09141020349e-23, 1.10221239177e-23, 1.74291354384e-23, 6.08434090483e-23, 3.33837667827e-23, 2.91995633445e-23, 6.28771808144e-23, 1.01349990271e-22, 2.13540876288e-23, 7.67996354693e-23, 8.48802406441e-23, 1.00033444529e-22, 1.16197545265e-22, 1.15050730835e-22, 1.24326586499e-22, 3.01840876288e-22, 3.69051244811e-22, 2.58435578338e-22, 4.3224690455e-22, 5.1571818282e-22, 4.87571676209e-22, 6.35266985915e-22, 1.28821313989e-21, 1.63175411239e-21, 2.80822506719e-21], "median": [1.11677354653e-06, 0.00069139309926, 0.00454894732684, 0.00131239113398, 0.000452391570434, 0.000824168790132, 0.000179891998414, 7.85290176282e-05, 8.17644468043e-05, 1.06660381789e-05, 2.33005539485e-06, 2.48012020165e-06, 1.66385905231e-06, 7.9494293459e-06, 3.29243971464e-06, 2.48996798291e-06, 1.03830134321e-05, 6.75065507494e-07, 2.95535983241e-06, 1.22838844163e-06, 1.97816916625e-06, 2.4697916956e-07, 3.76910662681e-08, 2.92065944762e-08, 1.95731857389e-08, 1.12637543737e-08, 2.69993183366e-09], "dvar2": [7.18156090151e-10, 2.68810272246e-05, 6.33320814813e-05, 1.31608421725e-05, 4.18581566919e-06, 4.88223740831e-05, 7.87164572102e-06, 1.39627854878e-06, 2.21636491915e-06, 3.0510587834e-08, 1.24916255118e-08, 6.78955913713e-09, 1.40090490319e-08, 6.93275392649e-09, 5.34963096044e-09, 9.28469567896e-09, 1.90570830227e-08, 8.03416777551e-10, 3.71782604702e-09, 3.23333381402e-07, 6.1198896617e-08, 2.64005151074e-09, 5.25980370369e-10, 9.88637838262e-10, 3.32190219776e-10, 1.67890534808e-10, 8.18826430271e-12], "var": [2.91501933702e-10, 3.30497132381e-05, 7.27259830455e-05, 1.75373970706e-05, 2.96201619676e-06, 9.11411407287e-05, 0.000100386459962, 7.95365758677e-06, 5.84641566093e-06, 8.88825155698e-08, 4.34751648015e-08, 7.25886124542e-08, 3.04677949536e-09, 3.97588131307e-08, 1.31683135507e-08, 1.63631383998e-08, 4.00538695544e-08, 1.77133863133e-09, 2.0317705296e-09, 2.03875700322e-07, 1.08500906038e-07, 5.40129452276e-09, 1.39473554928e-09, 1.732478494e-09, 6.10022865555e-10, 6.21162288272e-11, 1.95216911213e-12], "dmean2": [7.09161167833e-06, 0.00140073359944, 0.0036222867202, 0.00156430061907, 0.000702046381775, 0.00205560750328, 0.0010243562283, 0.000446332298452, 0.000421047152486, 5.77343816985e-05, 2.90290226985e-05, 1.93581909116e-05, 8.73533826962e-06, 2.2528336558e-05, 2.39897290157e-05, 2.11543992918e-05, 4.64375007141e-05, 6.06421554039e-06, 1.06677198346e-05, 3.26872032019e-05, 2.46950367e-05, 7.0176065492e-06, 2.57051829067e-06, 3.30992475028e-06, 3.73821012545e-06, 1.90091213881e-06, 3.79752293611e-07], "max": [0.000460351351649, 0.0731133148074, 0.0849008560181, 0.047555193305, 0.0299404449761, 0.165316298604, 0.10154043138, 0.0437267422676, 0.0376012474298, 0.00640463689342, 0.0039208708331, 0.00563727319241, 0.00476155709475, 0.00322735053487, 0.00230624247342, 0.00299548124894, 0.00385690340772, 0.00162331969477, 0.00174993427936, 0.0225116871297, 0.0109922979027, 0.00267733377405, 0.00135222182143, 0.00132976740133, 0.0006767421728, 0.000199666625122, 3.74932897103e-05], "dmean": [4.24988411396e-06, 0.000836738327052, 0.00213174754754, 0.000987795880064, 0.00044895557221, 0.00132921244949, 0.000777997076511, 0.000302972301142, 0.000285543268546, 4.07631523558e-05, 2.02110677492e-05, 1.53166674863e-05, 5.08650327902e-06, 1.70444473042e-05, 1.73525222635e-05, 1.40209194797e-05, 3.3891035855e-05, 4.22387574872e-06, 6.97031600794e-06, 1.99849564524e-05, 1.62945289048e-05, 4.81325105284e-06, 1.83335328074e-06, 2.23965344048e-06, 2.50897937804e-06, 1.22735889363e-06, 2.16200717773e-07]}, "erbbands_spread": {"dvar": 46.7848052979, "mean": 22.9070339203, "min": 0.808803677559, "median": 16.565662384, "dvar2": 112.890586853, "var": 403.725006104, "dmean2": 7.33074188232, "max": 149.516220093, "dmean": 4.78199195862}, "barkbands_kurtosis": {"dvar": 115.119934082, "mean": 17.4944763184, "min": -1.97502815723, "median": 9.6487121582, "dvar2": 306.098846436, "var": 458.828491211, "dmean2": 10.1195669174, "max": 355.98626709, "dmean": 6.25388240814}, "spectral_flux": {"dvar": 0.000359523459338, "mean": 0.0351412110031, "min": 1.03471647916e-10, "median": 0.0281798336655, "dvar2": 0.000879823754076, "var": 0.000883338332642, "dmean2": 0.0195885952562, "max": 0.394737690687, "dmean": 0.011881490238}, "silence_rate_20dB": {"dvar": 0, "mean": 1, "min": 1, "median": 1, "dvar2": 0, "var": 0, "dmean2": 0, "max": 1, "dmean": 0}, "gfcc": {"cov": [[17420.1191406, 1849.81604004, -1134.04077148, 465.596740723, -1366.45422363, 59.8796844482, -625.987915039, 145.459686279, -112.531799316, 96.0299072266, 46.7604408264, -403.2918396, 87.1131134033], [1849.81604004, 2796.05395508, -628.510131836, -514.930236816, 548.790588379, -606.043151855, 267.031890869, 23.5158996582, 452.482635498, -216.646011353, 167.898422241, -275.765716553, 9.34187221527], [-1134.04077148, -628.510131836, 1186.99584961, 150.723068237, -151.078323364, 364.059539795, -149.443389893, -106.514091492, -283.047180176, 97.2076187134, -71.5267791748, 99.8489761353, -9.43040943146], [465.596740723, -514.930236816, 150.723068237, 654.992614746, 6.06397485733, 113.77293396, -54.5381164551, 7.3501162529, -73.0879440308, 24.0021095276, -65.9364471436, 14.4706459045, 67.780128479], [-1366.45422363, 548.790588379, -151.078323364, 6.06397485733, 661.014709473, -180.913787842, 212.907989502, 51.4573402405, 202.556518555, -92.7174224854, 32.6249351501, -30.9578037262, 25.3281078339], [59.8796844482, -606.043151855, 364.059539795, 113.77293396, -180.913787842, 453.778198242, -100.799964905, -50.3864250183, -171.51550293, 76.9590682983, -21.3579311371, 59.9244346619, 0.771874129772], [-625.987915039, 267.031890869, -149.443389893, -54.5381164551, 212.907989502, -100.799964905, 347.739044189, 93.5905990601, 121.588676453, -37.0694198608, -36.0297317505, -53.7095680237, 1.612839818], [145.459686279, 23.5158996582, -106.514091492, 7.3501162529, 51.4573402405, -50.3864250183, 93.5905990601, 201.688980103, 94.1516036987, -23.3020133972, -40.6936225891, -19.0040473938, 2.95874667168], [-112.531799316, 452.482635498, -283.047180176, -73.0879440308, 202.556518555, -171.51550293, 121.588676453, 94.1516036987, 299.904998779, -14.3231449127, 47.9539146423, -80.9926605225, -10.0702018738], [96.0299072266, -216.646011353, 97.2076187134, 24.0021095276, -92.7174224854, 76.9590682983, -37.0694198608, -23.3020133972, -14.3231449127, 165.504272461, 5.34666061401, 1.2435516119, -26.3876724243], [46.7604408264, 167.898422241, -71.5267791748, -65.9364471436, 32.6249351501, -21.3579311371, -36.0297317505, -40.6936225891, 47.9539146423, 5.34666061401, 220.177200317, 30.0325145721, -25.3457679749], [-403.2918396, -275.765716553, 99.8489761353, 14.4706459045, -30.9578037262, 59.9244346619, -53.7095680237, -19.0040473938, -80.9926605225, 1.2435516119, 30.0325145721, 147.269851685, 35.7448616028], [87.1131134033, 9.34187221527, -9.43040943146, 67.780128479, 25.3281078339, 0.771874129772, 1.612839818, 2.95874667168, -10.0702018738, -26.3876724243, -25.3457679749, 35.7448616028, 111.558807373]], "mean": [-174.382720947, 170.247009277, -77.3737411499, 28.1203556061, -38.7372817993, -19.4174137115, -28.6425132751, 2.5501074791, -7.47094869614, 1.30261766911, -18.6077690125, -18.4910964966, -3.31748008728], "icov": [[0.000181389710633, -0.000364824547432, 0.000255757506238, -0.000354264571797, 0.000474313012091, -0.000265353795839, 0.000281917164102, -0.000440816249466, 0.000349352048943, -0.000270063377684, -8.76270769368e-06, 0.000137114766403, -5.07345030201e-05], [-0.000364824547432, 0.00169815402478, -0.000614028307609, 0.00131625158247, -0.00128962204326, 0.00115676643327, -0.00057305971859, 0.00121030455921, -0.0010471243877, 0.00116562726907, -0.000688516593073, 0.00144275999628, -0.00088548718486], [0.000255757506238, -0.000614028307609, 0.00170539133251, -0.00062475289451, 0.00040502185584, -0.00112790998537, 0.000570583331864, -0.000494963664096, 0.0012980105821, -0.000888264912646, 0.000443296972662, -0.000323971849866, 0.000407758983783], [-0.000354264571797, 0.00131625158247, -0.00062475289451, 0.0029120889958, -0.00149278121535, 0.000585348752793, -0.000146432968904, 0.000641820894089, -0.000448841718026, 0.000505509786308, -0.000177804846317, 0.00131140765734, -0.00171727628913], [0.000474313012091, -0.00128962204326, 0.00040502185584, -0.00149278121535, 0.00391290569678, -0.000512127648108, -0.000490035221446, -0.000585369823966, -0.000622811901849, 0.000218125642277, 2.14463557313e-06, -0.000831133744214, 7.87677417975e-05], [-0.000265353795839, 0.00115676643327, -0.00112790998537, 0.000585348752793, -0.000512127648108, 0.00432189786807, -0.000447792583145, 0.000634979980532, 0.000297031307127, -0.000119970405649, -0.00070312077878, 0.000661592755932, -0.000637939316221], [0.000281917164102, -0.00057305971859, 0.000570583331864, -0.000146432968904, -0.000490035221446, -0.000447792583145, 0.00481304200366, -0.00203013699502, 0.000351324124495, -0.000531191588379, 0.000741092546377, 0.000988996238448, -0.00017878311337], [-0.000440816249466, 0.00121030455921, -0.000494963664096, 0.000641820894089, -0.000585369823966, 0.000634979980532, -0.00203013699502, 0.00828535482287, -0.0038206896279, 0.00185378163587, 0.00158763106447, -0.00131313479505, 0.000624240899924], [0.000349352048943, -0.0010471243877, 0.0012980105821, -0.000448841718026, -0.000622811901849, 0.000297031307127, 0.000351324124495, -0.0038206896279, 0.00874904636294, -0.00253961072303, -0.00184442207683, 0.00293120276183, -0.000736275338568], [-0.000270063377684, 0.00116562726907, -0.000888264912646, 0.000505509786308, 0.000218125642277, -0.00011997