{"metadata": {"version": {"essentia_git_sha": "v2.1_beta2", "essentia_build_sha": "70f2e5ece6736b2c40cc944ad0e695b16b925413", "extractor": "music 1.0", "essentia": "2.1-beta2"}, "audio_properties": {"analysis_sample_rate": 44100, "md5_encoded": "b7277f89a9f50d384fe8e3c375107cf2", "downmix": "mix", "sample_rate": 44100, "equal_loudness": 0, "lossless": false, "codec": "mp3", "bit_rate": 219824, "length": 216.424484253, "replay_gain": -13.1734580994}, "tags": {"script": ["Latn"], "musicbrainz album type": ["album"], "title": ["Schussverletzung"], "musicbrainz_artistid": ["abe1815a-f4cf-4c81-8e88-29543337e3e0"], "musicbrainz album status": ["official"], "label": ["Biohazzard Records"], "date": ["2007"], "musicbrainz_albumid": ["c5d7eaff-4be0-41d9-910f-fc38accc14b9"], "musicbrainz album release country": ["DE"], "acoustid_id": ["e1c28a9a-1802-4bfc-be70-9bc265200aba"], "album": ["Eisenfunk"], "discnumber": ["1/1"], "artistsort": ["Eisenfunk"], "language": ["English"], "file_name": "08 - Schutzverletzung.mp3", "artist": ["Eisenfunk"], "asin": ["B000VWOUIU"], "originaldate": ["2007"], "albumartist": ["Eisenfunk"], "tracknumber": ["08/13"], "musicbrainz_recordingid": ["d54a083a-6ba8-4ec7-8f8f-7a734a67a482"], "albumartistsort": ["Eisenfunk"], "media": ["CD"], "barcode": ["4042564023206"], "encodedby": ["Lame 3.97"], "musicbrainz_albumartistid": ["abe1815a-f4cf-4c81-8e88-29543337e3e0"]}}, "rhythm": {"beats_loudness": {"var": 0.000571737880819, "mean": 0.0602970942855, "dmean2": 0.0238738842309, "dvar": 0.000152188309585, "dmean": 0.0143116544932, "max": 0.115376055241, "min": 0, "median": 0.0655132979155, "dvar2": 0.000418526935391}, "beats_position": [0.615328788757, 1.25387752056, 1.86920630932, 2.48453521729, 3.07664394379, 3.66875267029, 4.27247142792, 4.87619018555, 5.4915189743, 5.9675283432, 6.44353723526, 6.91954612732, 7.39555549622, 7.85995435715, 8.33596324921, 8.8119726181, 9.287981987, 9.75238037109, 10.2167797089, 10.6695690155, 11.1223583221, 11.5867567062, 12.0395460129, 12.4923353195, 12.9451246262, 13.3979139328, 13.8507022858, 14.3034915924, 14.756280899, 15.2090702057, 15.6734695435, 16.1262588501, 16.5790481567, 17.031835556, 17.4846248627, 17.9490242004, 18.4018135071, 18.8546028137, 19.3073921204, 19.760181427, 20.2245807648, 20.6773700714, 21.1301574707, 21.5829467773, 22.035736084, 22.4885253906, 22.9413146973, 23.3941040039, 23.8468933105, 24.2996826172, 24.7524719238, 25.2052612305, 25.6580486298, 26.1224479675, 26.5752372742, 27.0280265808, 27.4808158875, 27.9336051941, 28.3863945007, 28.8391838074, 29.3035831451, 29.7447605133, 30.2091598511, 30.6619491577, 31.1147384644, 31.567527771, 32.0203170776, 32.4847145081, 32.9375038147, 33.3902931213, 33.843082428, 34.2958717346, 34.7486610413, 35.2014503479, 35.6658477783, 36.118637085, 36.5714263916, 37.0242156982, 37.4770050049, 37.9297943115, 38.3825836182, 38.8469848633, 39.2997741699, 39.7525634766, 40.2053489685, 40.6581382751, 41.1109275818, 41.5637168884, 42.0281181335, 42.4809074402, 42.9336967468, 43.3980941772, 43.8392753601, 44.3036727905, 44.7448501587, 45.2092514038, 45.6620407104, 46.1148300171, 46.5676193237, 47.0204086304, 47.4848060608, 47.9259872437, 48.3903846741, 48.8431739807, 49.2959632874, 49.7603607178, 50.2131500244, 50.6659393311, 51.1187286377, 51.5715179443, 52.024307251, 52.4770965576, 52.941493988, 53.3942832947, 53.8470726013, 54.299861908, 54.7526512146, 55.2054405212, 55.6582298279, 56.1110191345, 56.5638084412, 57.0282058716, 57.4809951782, 57.9337844849, 58.3865737915, 58.8393630981, 59.2921524048, 59.7449417114, 60.2093429565, 60.6621322632, 61.1149177551, 61.5793190002, 62.0204963684, 62.4848976135, 62.9260749817, 63.3904762268, 63.8432655334, 64.2960510254, 64.748840332, 65.2016296387, 65.6660308838, 66.1188201904, 66.5716094971, 67.0243988037, 67.4771881104, 67.9415893555, 68.3827667236, 68.8471679688, 69.299949646, 69.7527389526, 70.2055282593, 70.6583175659, 71.122718811, 71.5638961792, 72.0282974243, 72.481086731, 72.9338760376, 73.3866653442, 73.8394546509, 74.303855896, 74.7450332642, 75.2094345093, 75.6622238159, 76.1150131226, 76.5794067383, 77.0321960449, 77.4849853516, 77.9377746582, 78.3905639648, 78.8433532715, 79.2961425781, 79.7605438232, 80.2017211914, 80.6661224365, 81.1189117432, 81.5717010498, 82.0244903564, 82.4772796631, 82.9300689697, 83.3828582764, 83.8472518921, 84.3000411987, 84.7528305054, 85.2172317505, 85.6584091187, 86.1228103638, 86.5755996704, 87.0283889771, 87.4811782837, 87.9339675903, 88.386756897, 88.8395462036, 89.3039474487, 89.7567367554, 90.2095184326, 90.6623077393, 91.1150970459, 91.5678863525, 92.0206756592, 92.4850769043, 92.9378662109, 93.3906555176, 93.8434448242, 94.2962341309, 94.7490234375, 95.2018127441, 95.6662139893, 96.1190032959, 96.5717926025, 97.0361862183, 97.4773712158, 97.9417648315, 98.3829498291, 98.8473434448, 99.3001327515, 99.7529220581, 100.205711365, 100.658500671, 101.122901917, 101.575691223, 102.02848053, 102.481269836, 102.934059143, 103.398452759, 103.839637756, 104.304031372, 104.756820679, 105.209609985, 105.662399292, 106.115188599, 106.579589844, 107.03237915, 107.485168457, 107.937957764, 108.39074707, 108.843536377, 109.296325684, 109.760726929, 110.213516235, 110.666305542, 111.119087219, 111.571876526, 112.024665833, 112.477455139, 112.930244446, 113.383033752, 113.847434998, 114.300224304, 114.753013611, 115.205802917, 115.658592224, 116.122993469, 116.575782776, 117.028572083, 117.481361389, 117.934150696, 118.398544312, 118.851333618, 119.304122925, 119.756912231, 120.209701538, 120.662490845, 121.115280151, 121.579681396, 122.032470703, 122.48526001, 122.938049316, 123.390838623, 123.84362793, 124.296417236, 124.760810852, 125.213600159, 125.666389465, 126.119178772, 126.571968079, 127.024757385, 127.477546692, 127.930335999, 128.383132935, 128.847518921, 129.311920166, 129.764709473, 130.217498779, 130.670288086, 131.123077393, 131.575866699, 132.028656006, 132.493057251, 132.945846558, 133.398635864, 133.851425171, 134.304214478, 134.757003784, 135.209793091, 135.662582397, 136.115371704, 136.579772949, 137.032562256, 137.485351562, 137.938140869, 138.390930176, 138.855331421, 139.308120728, 139.760910034, 140.202087402, 140.666488647, 141.107666016, 141.572067261, 142.036453247, 142.477645874, 142.930435181, 143.383224487, 143.847610474, 144.30039978, 144.753189087, 145.217590332, 145.6587677, 146.111557007, 146.564346313, 147.028747559, 147.481536865, 147.934326172, 148.387115479, 148.839904785, 149.30430603, 149.757095337, 150.209884644, 150.66267395, 151.115463257, 151.579864502, 152.032653809, 152.485443115, 152.926620483, 153.391021729, 153.843811035, 154.296600342, 154.761001587, 155.213790894, 155.6665802, 156.119369507, 156.572158813, 157.024932861, 157.477722168, 157.930511475, 158.383300781, 158.847702026, 159.300491333, 159.75328064, 160.206069946, 160.658859253, 161.11164856, 161.576049805, 162.028839111, 162.481628418, 162.934417725, 163.39881897, 163.839996338, 164.304397583, 164.745574951, 165.209976196, 165.662765503, 166.11555481, 166.568344116, 167.021133423, 167.485534668, 167.949935913, 168.40272522, 168.855514526, 169.296691895, 169.761077881, 170.202270508, 170.666656494, 171.107849121, 171.572235107, 172.025024414, 172.477813721, 172.930603027, 173.383392334, 173.847793579, 174.300582886, 174.753372192, 175.206161499, 175.658950806, 176.111740112, 176.564529419, 177.028930664, 177.481719971, 177.934509277, 178.387298584, 178.840087891, 179.292877197, 179.745666504, 180.210067749, 180.662857056, 181.115646362, 181.568435669, 182.021224976, 182.485626221, 182.950012207, 183.391204834, 183.843994141, 184.296783447, 184.749572754, 185.202362061, 185.666748047, 186.119537354, 186.57232666, 187.025115967, 187.477905273, 187.942306519, 188.383483887, 188.847885132, 189.300674438, 189.753463745, 190.206253052, 190.659042358, 191.111831665, 191.564620972, 192.017410278, 192.470199585, 192.93460083, 193.387390137, 193.840179443, 194.29296875, 194.745758057, 195.210159302, 195.662948608, 196.115737915, 196.58013916, 197.021316528, 197.474105835, 197.926895142, 198.391296387, 198.844070435, 199.296859741, 199.761260986, 200.202438354, 200.6668396, 201.108016968, 201.572418213, 202.02520752, 202.477996826, 202.930786133, 203.383575439, 203.847976685, 204.300765991, 204.753555298, 205.206344604, 205.659133911, 206.123535156, 206.564712524, 207.02911377, 207.470291138, 207.934692383, 208.387481689, 208.840270996, 209.304672241, 209.757461548, 210.210250854, 210.663040161, 211.115829468, 211.580215454, 212.079452515, 212.578674316, 213.101135254, 213.623580933, 214.146026611, 214.66847229, 215.190933228, 215.713378906], "bpm_histogram_first_peak_spread": {"var": 0, "mean": 0.295964121819, "dmean2": 0, "dvar": 0, "dmean": 0, "max": 0.295964121819, "min": 0.295964121819, "median": 0.295964121819, "dvar2": 0}, "danceability": 1.29149401188, "bpm_histogram_second_peak_weight": {"var": 0, "mean": 0.0149253727868, "dmean2": 0, "dvar": 0, "dmean": 0, "max": 0.0149253727868, "min": 0.0149253727868, "median": 0.0149253727868, "dvar2": 0}, "bpm_histogram_first_peak_weight": {"var": 0, "mean": 0.669509589672, "dmean2": 0, "dvar": 0, "dmean": 0, "max": 0.669509589672, "min": 0.669509589672, "median": 0.669509589672, "dvar2": 0}, "bpm": 132.004135132, "bpm_histogram_second_peak_spread": {"var": 0, "mean": 0, "dmean2": 0, "dvar": 0, "dmean": 0, "max": 0, "min": 0, "median": 0, "dvar2": 0}, "bpm_histogram_second_peak_bpm": {"var": 0, "mean": 126, "dmean2": 0, "dvar": 0, "dmean": 0, "max": 126, "min": 126, "median": 126, "dvar2": 0}, "beats_count": 470, "beats_loudness_band_ratio": {"var": [0.0330980047584, 0.00637448020279, 0.0118340635672, 0.00328244548291, 0.00133255287074, 0.00436380784959], "mean": [0.496628642082, 0.112409621477, 0.169123098254, 0.116178907454, 0.0630967393517, 0.0523320809007], "dmean2": [0.205757111311, 0.12723185122, 0.139624148607, 0.0972565189004, 0.0660000368953, 0.0783137977123], "dvar": [0.00962354708463, 0.00578132923692, 0.00688321888447, 0.00194176705554, 0.000840776425321, 0.00596651528031], "dmean": [0.115601994097, 0.0720889791846, 0.0820875018835, 0.0534617863595, 0.0350935608149, 0.0419453345239], "max": [0.823010325432, 0.598748266697, 0.851156711578, 0.423843026161, 0.255847722292, 0.824308276176], "min": [0, 0, 0, 0, 0, 0], "median": [0.543202340603, 0.0907202214003, 0.147348076105, 0.108066983521, 0.0547667816281, 0.0399310737848], "dvar2": [0.0245183669031, 0.0170676764101, 0.0182199142873, 0.00615177955478, 0.00271121645346, 0.0163365416229]}, "onset_rate": 5.65040111542, "bpm_histogram_first_peak_bpm": {"var": 0, "mean": 133, "dmean2": 0, "dvar": 0, "dmean": 0, "max": 133, "min": 133, "median": 133, "dvar2": 0}}, "lowlevel": {"hfc": {"var": 854.231445312, "mean": 32.1835632324, "dmean2": 29.4170207977, "dvar": 718.067932129, "dmean": 17.871515274, "max": 176.66468811, "min": 1.06614157717e-16, "median": 23.5045146942, "dvar2": 1822.80322266}, "barkbands_spread": {"var": 254.93687439, "mean": 26.5781841278, "dmean2": 15.3896160126, "dvar": 165.255020142, "dmean": 9.72997760773, "max": 129.534606934, "min": 0.00239169667475, "median": 25.0220108032, "dvar2": 403.653594971}, "spectral_spread": {"var": 23573236285400.0, "mean": 5999466.5, "dmean2": 1389325.875, "dvar": 1796134404100.0, "dmean": 911596.4375, "max": 42675888, "min": 900632.625, "median": 5161318, "dvar2": 3719979073540.0}, "spectral_energy": {"var": 0.000996561953798, "mean": 0.0501361750066, "dmean2": 0.0179132837802, "dvar": 0.00017811942962, "dmean": 0.0112441834062, "max": 0.142894551158, "min": 9.90678111282e-21, "median": 0.0582056678832, "dvar2": 0.000422888580943}, "gfcc": {"icov": [[8.45460963319e-05, -0.000124172642245, 6.71284433338e-05, -9.21855316847e-05, 0.000133515990456, -0.000287525908789, 0.0002748608822, -0.000503360410221, 0.000502386887092, -0.000460435956484, 0.000532631296664, -0.000422376790084, 0.000480558373965], [-0.000124172642245, 0.0012228442356, 9.11466631806e-05, -0.000937270640861, -9.93289140752e-05, 0.000718457100447, -0.00106788414996, 0.000534738122951, -0.00109092274215, 0.0022335704416, -0.00249472912401, 0.00166890304536, -0.00134467869066], [6.71284433338e-05, 9.11466631806e-05, 0.00184223172255, -0.00021185107471, -0.00190417806152, 2.66444494628e-05, 7.46432560845e-05, -0.000497143832035, 0.00112647388596, -0.000145890240674, -0.000876525242347, 0.000113819543913, 0.000344581785612], [-9.21855316847e-05, -0.000937270640861, -0.00021185107471, 0.00833517499268, -0.00135083298665, -0.00391468545422, 0.00186968198977, -0.000261646666331, -0.000877176760696, -0.000589871429838, -0.000431884895079, 0.00235372246243, -0.00228910637088], [0.000133515990456, -9.93289140752e-05, -0.00190417806152, -0.00135083298665, 0.00964056048542, -0.00270343036391, -0.00511162029579, 0.000915166747291, -0.00327405985445, 0.00315178767778, 0.00164554268122, -0.00404293090105, 0.00301079498604], [-0.000287525908789, 0.000718457100447, 2.66444494628e-05, -0.00391468545422, -0.00270343036391, 0.0175940655172, -0.00613109953701, -0.00507401488721, 0.00249730981886, 0.000300216459436, 0.00537582673132, -0.00380757404491, 0.000495429616421], [0.0002748608822, -0.00106788414996, 7.46432560845e-05, 0.00186968198977, -0.00511162029579, -0.00613109953701, 0.0230636876076, -0.00911719817668, -0.00232553016394, 0.000864470435772, -0.00488842278719, 0.00693712942302, -0.00433950871229], [-0.000503360410221, 0.000534738122951, -0.000497143832035, -0.000261646666331, 0.000915166747291, -0.00507401488721, -0.00911719817668, 0.0333013013005, -0.0147473420948, -0.00349987926893, 0.00445463461801, -0.00403983984143, 0.00238132453524], [0.000502386887092, -0.00109092274215, 0.00112647388596, -0.000877176760696, -0.00327405985445, 0.00249730981886, -0.00232553016394, -0.0147473420948, 0.034756116569, -0.0106298997998, -0.0029430584982, 0.00649126293138, -0.00495239812881], [-0.000460435956484, 0.0022335704416, -0.000145890240674, -0.000589871429838, 0.00315178767778, 0.000300216459436, 0.000864470435772, -0.00349987926893, -0.0106298997998, 0.0285795908421, -0.0119923017919, -0.00079519697465, 0.000177863359568], [0.000532631296664, -0.00249472912401, -0.000876525242347, -0.000431884895079, 0.00164554268122, 0.00537582673132, -0.00488842278719, 0.00445463461801, -0.0029430584982, -0.0119923017919, 0.0395249351859, -0.0180223230273, 0.00191043980885], [-0.000422376790084, 0.00166890304536, 0.000113819543913, 0.00235372246243, -0.00404293090105, -0.00380757404491, 0.00693712942302, -0.00403983984143, 0.00649126293138, -0.00079519697465, -0.0180223230273, 0.0402724184096, -0.0172902513295], [0.000480558373965, -0.00134467869066, 0.000344581785612, -0.00228910637088, 0.00301079498604, 0.000495429616421, -0.00433950871229, 0.00238132453524, -0.00495239812881, 0.000177863359568, 0.00191043980885, -0.0172902513295, 0.0330839157104]], "mean": [27.2998371124, 64.0568313599, -100.028343201, 14.8094577789, -46.6619606018, 16.4453334808, -23.3954715729, 12.6847162247, -14.3410511017, 6.83674049377, -13.2131814957, 3.9027929306, -10.2620534897], "cov": [[31013.5957031, 73.4346084595, -1717.57214355, 411.769561768, -828.510681152, 630.13092041, -519.880554199, 377.158966064, -406.691223145, 286.561584473, -493.776733398, 74.3408889771, -425.551361084], [73.4346084595, 1633.06115723, 81.9279022217, 235.682846069, 170.681137085, 40.7995758057, 175.021820068, 43.131477356, 98.0790710449, -73.9719238281, 75.0027694702, -36.8277359009, 75.9722366333], [-1717.57214355, 81.9279022217, 944.223449707, 84.3212661743, 335.807952881, 83.7528762817, 141.327850342, 41.2516860962, 44.9895515442, -34.1757507324, 32.5866012573, 6.04058361053, 16.2256793976], [411.769561768, 235.682846069, 84.3212661743, 205.307601929, 98.1889038086, 84.9597702026, 57.1049461365, 42.5624542236, 29.8838443756, -5.68736934662, -2.8576593399, -6.16525793076, 12.5909128189], [-828.510681152, 170.681137085, 335.807952881, 98.1889038086, 320.818389893, 105.466674805, 141.66104126, 56.9354667664, 58.152256012, -31.6317996979, 8.4461517334, 1.27114760876, 15.0272483826], [630.13092041, 40.7995758057, 83.7528762817, 84.9597702026, 105.466674805, 147.47857666, 68.8634643555, 60.5949249268, 17.5091819763, -1.87196540833, -23.3724746704, 3.50947594643, -3.80909276009], [-519.880554199, 175.021820068, 141.327850342, 57.1049461365, 141.66104126, 68.8634643555, 139.303314209, 55.5032806396, 54.3685112, -7.82976341248, 14.7818784714, -7.45593976974, 20.9286231995], [377.158966064, 43.131477356, 41.2516860962, 42.5624542236, 56.9354667664, 60.5949249268, 55.5032806396, 78.3659057617, 38.264881134, 17.0953350067, -4.71642303467, 1.90214490891, 1.24315845966], [-406.691223145, 98.0790710449, 44.9895515442, 29.8838443756, 58.152256012, 17.5091819763, 54.3685112, 38.264881134, 71.157371521, 17.2338752747, 18.8144111633, -3.15976309776, 18.1368598938], [286.561584473, -73.9719238281, -34.1757507324, -5.68736934662, -31.6317996979, -1.87196540833, -7.82976341248, 17.0953350067, 17.2338752747, 64.2142715454, 15.5826177597, 12.1608381271, 1.13283658028], [-493.776733398, 75.0027694702, 32.5866012573, -2.8576593399, 8.4461517334, -23.3724746704, 14.7818784714, -4.71642303467, 18.8144111633, 15.5826177597, 56.2687683105, 18.8195934296, 20.8621749878], [74.3408889771, -36.8277359009, 6.04058361053, -6.16525793076, 1.27114760876, 3.50947594643, -7.45593976974, 1.90214490891, -3.15976309776, 12.1608381271, 18.8195934296, 46.4412612915, 18.2966365814], [-425.551361084, 75.9722366333, 16.2256793976, 12.5909128189, 15.0272483826, -3.80909276009, 20.9286231995, 1.24315845966, 18.1368598938, 1.13283658028, 20.8621749878, 18.2966365814, 52.6089820862]]}, "silence_rate_60dB": {"var": 0.0467143505812, "mean": 0.0491310879588, "dmean2": 0.055793993175, "dvar": 0.0271160770208, "dmean": 0.0278940033168, "max": 1, "min": 0, "median": 0, "dvar2": 0.0580453500152}, "spectral_centroid": {"var": 1906729.5, "mean": 1645.28393555, "dmean2": 468.698486328, "dvar": 138538.46875, "dmean": 300.935699463, "max": 11856.0322266, "min": 143.767837524, "median": 1471.18334961, "dvar2": 308191.28125}, "spectral_complexity": {"var": 184.746871948, "mean": 26.894443512, "dmean2": 9.11223220825, "dvar": 46.7757148743, "dmean": 6.41218757629, "max": 66, "min": 0, "median": 27, "dvar2": 83.247718811}, "melbands_spread": {"var": 588.589904785, "mean": 26.1713371277, "dmean2": 13.5718984604, "dvar": 177.463180542, "dmean": 8.62348079681, "max": 230.030273438, "min": 7.17560105841e-05, "median": 21.5971317291, "dvar2": 410.357727051}, "spectral_strongpeak": {"var": 0.410537481308, "mean": 0.509969234467, "dmean2": 0.470035135746, "dvar": 0.275293558836, "dmean": 0.280355721712, "max": 11.6687927246, "min": 0, "median": 0.425499618053, "dvar2": 0.661071538925}, "zerocrossingrate": {"var": 0.00515632564202, "mean": 0.0575418658555, "dmean2": 0.0196953900158, "dvar": 0.000389280350646, "dmean": 0.0160450227559, "max": 0.52734375, "min": 0, "median": 0.04248046875, "dvar2": 0.000526828400325}, "erbbands_kurtosis": {"var": 9.44143009186, "mean": 0.232486739755, "dmean2": 1.10752522945, "dvar": 15.7316656113, "dmean": 0.665817499161, "max": 279.643157959, "min": -1.69804024696, "median": 0.0440483093262, "dvar2": 44.9309959412}, "spectral_energyband_middle_low": {"var": 7.80137997936e-05, "mean": 0.0114765195176, "dmean2": 0.00715456530452, "dvar": 3.10026625812e-05, "dmean": 0.00463435379788, "max": 0.0660833641887, "min": 1.2805717914e-22, "median": 0.00951719563454, "dvar2": 6.95154376444e-05}, "erbbands": {"var": [1.54245245457, 15.0493021011, 39.3583145142, 35.6265983582, 49.6483726501, 89.8469314575, 301.195251465, 282.139678955, 443.400848389, 1902.80822754, 11457.0175781, 4931.03613281, 2125.88427734, 2891.4050293, 2326.75073242, 2761.61669922, 3057.97070312, 2206.55981445, 1778.40283203, 1221.67541504, 941.437133789, 836.233703613, 929.666931152, 338.9034729, 409.116241455, 308.744476318, 240.086517334, 156.477813721, 105.040855408, 112.47718811, 72.2047271729, 64.4893722534, 39.5564079285, 18.041469574, 7.48876667023, 3.50281119347, 0.643208026886, 0.06916385144, 0.00254271365702, 2.09928452932e-06], "mean": [1.05985593796, 3.66760659218, 3.5856359005, 4.46195220947, 5.11251544952, 7.97940921783, 12.873087883, 11.2189273834, 12.9349222183, 27.0865478516, 69.1908874512, 47.4499816895, 37.2439460754, 39.5609703064, 37.7380371094, 43.124546051, 41.7597351074, 38.7061004639, 38.7896728516, 31.7161827087, 28.8003120422, 24.599155426, 22.9235038757, 17.7112026215, 16.8189334869, 15.3179712296, 13.1420211792, 10.4205646515, 8.70572566986, 7.94752264023, 6.46934175491, 5.28366231918, 3.50529146194, 2.32732748985, 1.47849488258, 0.885755300522, 0.373639643192, 0.121859498322, 0.0226715318859, 0.000683537509758], "dmean2": [0.562879920006, 2.81585621834, 4.11064338684, 5.64617300034, 6.58206367493, 10.1639547348, 15.3169088364, 12.7119808197, 14.8085651398, 26.3069229126, 64.8086471558, 44.022769928, 36.1197853088, 42.2894096375, 38.0956459045, 46.0349960327, 49.7811546326, 43.5765533447, 37.6897239685, 30.7897262573, 30.0336437225, 26.7616615295, 26.8841400146, 16.6684246063, 17.8735141754, 14.5447864532, 12.0964775085, 10.200676918, 9.2996301651, 9.58966064453, 7.37935400009, 7.09718942642, 5.08488321304, 3.76195764542, 2.6745531559, 1.83833825588, 0.800036907196, 0.265489220619, 0.0489141866565, 0.00138423906174], "dvar": [0.299306601286, 5.70367765427, 26.7311706543, 30.0117340088, 37.7819747925, 64.4048919678, 191.083312988, 175.157485962, 336.541595459, 760.69354248, 4878.63623047, 1662.85131836, 1096.6015625, 1402.18103027, 1080.69042969, 1677.18237305, 2793.60766602, 1786.20153809, 908.458129883, 758.513061523, 685.321960449, 900.672546387, 1143.42297363, 240.768798828, 370.329315186, 200.281219482, 156.39352417, 106.890144348, 78.8689575195, 100.640159607, 55.9088745117, 54.4401245117, 31.7708873749, 17.2260913849, 8.66495418549, 4.967628479, 0.906890869141, 0.0999828130007, 0.00365177518688, 3.04072909785e-06], "dmean": [0.448326379061, 1.76960706711, 2.88273859024, 3.45314073563, 3.88937902451, 6.00560569763, 9.49952507019, 7.83131504059, 9.11168575287, 16.4062919617, 42.2181587219, 27.0907611847, 22.3690776825, 25.6518249512, 23.2211952209, 27.9299564362, 29.1488304138, 26.0917816162, 22.7651615143, 18.3190803528, 17.5377063751, 15.9186344147, 15.7336540222, 9.97662258148, 10.467666626, 8.88974952698, 7.60947132111, 6.23805761337, 5.64756631851, 5.71063137054, 4.52081918716, 4.27889633179, 3.04374814034, 2.26099634171, 1.56942522526, 1.04150366783, 0.452988654375, 0.149662405252, 0.027573723346, 0.000777953595389], "max": [5.3803396225, 18.8359355927, 45.9841079712, 65.4550018311, 99.3989562988, 174.095184326, 216.386398315, 241.826049805, 410.491882324, 845.837768555, 971.296264648, 739.116027832, 749.639587402, 674.931152344, 706.362609863, 544.676879883, 550.447143555, 419.69543457, 361.971557617, 327.61630249, 245.116271973, 430.661224365, 360.838287354, 203.313842773, 249.139175415, 219.493896484, 225.225814819, 204.173538208, 156.133544922, 192.364562988, 161.206100464, 137.11932373, 131.700973511, 83.1522445679, 52.9873428345, 19.0542221069, 5.75807523727, 2.18866324425, 0.377298414707, 0.0110976733267], "min": [4.10624315491e-23, 4.90668100412e-22, 1.79243919704e-21, 3.13314447947e-21, 1.32644784714e-20, 2.08752081522e-20, 4.61147181514e-20, 7.53934027805e-20, 8.69441463919e-20, 1.41234976212e-19, 2.31340600442e-19, 2.30711452038e-19, 4.63980391434e-19, 6.4384972996e-19, 1.01758404448e-18, 9.37505102969e-19, 1.54774022909e-18, 1.77069735402e-18, 2.16876913162e-18, 2.97820134336e-18, 2.81419727729e-18, 4.22668613499e-18, 4.16799725694e-18, 5.42984308342e-18, 5.8807189694e-18, 8.3267822034e-18, 8.70386158462e-18, 1.05588794555e-17, 1.06691674466e-17, 1.13502348758e-17, 1.0951906879e-17, 1.06069146609e-17, 7.85117568506e-18, 7.65177387224e-18, 6.13321750574e-18, 3.79938779161e-18, 2.07134524664e-18, 9.73832083738e-19, 2.39119225977e-19, 2.61524750574e-20], "median": [0.348642230034, 2.47349333763, 1.25752830505, 2.50126171112, 2.93130493164, 5.4272813797, 7.18536090851, 6.79033756256, 7.51539421082, 16.3801269531, 30.5845756531, 28.0263710022, 26.4234447479, 24.9813270569, 25.4314689636, 25.5695400238, 25.2501487732, 24.1332073212, 24.1484470367, 20.9612922668, 18.1582546234, 17.2222995758, 15.2359237671, 12.6606616974, 10.4836750031, 9.48693370819, 8.61968040466, 7.44617652893, 5.89795684814, 5.16027641296, 3.9826169014, 2.78041648865, 1.60522913933, 0.89077436924, 0.508027911186, 0.282167345285, 0.102614432573, 0.0312294438481, 0.00553571712226, 0.000206312310183], "dvar2": [0.497728347778, 14.4625282288, 54.9141044617, 74.1282730103, 100.138153076, 173.616165161, 438.225982666, 393.049804688, 839.49609375, 1837.8717041, 10018.5849609, 4097.29541016, 2542.99072266, 3388.01782227, 2670.74853516, 4175.36474609, 7547.12890625, 4554.69726562, 2371.05688477, 1979.95556641, 1825.88305664, 2492.55932617, 3241.26635742, 641.445068359, 1003.29986572, 494.549133301, 370.542114258, 261.482452393, 191.062698364, 241.927703857, 130.698501587, 128.737945557, 75.4038162231, 42.0399169922, 21.8903388977, 13.3332624435, 2.40701985359, 0.267414361238, 0.00975705496967, 8.18374337541e-06]}, "barkbands_crest": {"var": 36.0693855286, "mean": 12.1883506775, "dmean2": 5.24613237381, "dvar": 12.7818651199, "dmean": 3.36663198471, "max": 26.9359130859, "min": 2.0289375782, "median": 11.4661998749, "dvar2": 26.1202964783}, "melbands_crest": {"var": 84.6076889038, "mean": 18.2739067078, "dmean2": 6.72372055054, "dvar": 21.4807949066, "dmean": 4.43089580536, "max": 39.9983253479, "min": 1.60070693493, "median": 17.304101944, "dvar2": 48.6476402283}, "spectral_flux": {"var": 0.0032785567455, "mean": 0.111758515239, "dmean2": 0.0540405921638, "dvar": 0.00151275098324, "dmean": 0.0342441648245, "max": 0.323492616415, "min": 6.37851646501e-11, "median": 0.105054393411, "dvar2": 0.00340458727442}, "spectral_contrast_valleys": {"var": [8.82209777832, 8.18260765076, 7.94931745529, 7.78446674347, 7.73419046402, 6.54531288147], "mean": [-7.37652873993, -6.62771320343, -6.92117738724, -7.31682682037, -7.41062450409, -9.75780963898], "dmean2": [0.794784426689, 0.747225046158, 0.664764583111, 0.632882535458, 0.602635443211, 0.778876543045], "dvar": [0.329166918993, 0.273850381374, 0.251665353775, 0.278603345156, 0.310843408108, 0.504456996918], "dmean": [0.515294551849, 0.474409222603, 0.433503061533, 0.414857298136, 0.407676428556, 0.551371693611], "max": [-5.26182746887, -4.75601482391, -5.10707902908, -5.31153106689, -5.27952766418, -7.55955839157], "min": [-28.3600788116, -28.0666179657, -27.8073711395, -27.722946167, -27.6786327362, -27.4233760834], "median": [-6.53754854202, -6.10439920425, -6.38213443756, -6.79477453232, -6.87313127518, -9.25392246246], "dvar2": [0.651358664036, 0.5850071311, 0.512303411961, 0.556689739227, 0.625310540199, 1.00891411304]}, "mfcc": {"icov": [[0.000101283563708, -8.39277981868e-06, -4.41041629529e-06, 9.29319139686e-05, 1.30260359583e-05, -0.000363053375622, 6.82637546561e-05, 0.000126033017295, -3.10267546411e-06, -0.00024559762096, 0.000143689700053, -0.000161632415256, 0.000110934175609], [-8.39277981868e-06, 0.00113322969992, -0.000134358982905, -0.00157863029744, 0.000499980407767, 0.000231176411035, -0.000236243125983, -0.00114436552394, 0.000270302029094, 0.000144958583405, -0.000278838328086, -0.000550648081116, 0.000238800697844], [-4.41041629529e-06, -0.000134358982905, 0.0034800444264, -0.00111995183397, -0.0023422758095, 0.00131224724464, -0.00217313575558, 0.00123741582502, -0.000241550369537, 0.0014973487705, -0.00114051636774, 0.000189046681044, 0.00108007411472], [9.29319139686e-05, -0.00157863029744, -0.00111995183397, 0.0118404133245, -0.0031897185836, -0.00234959204681, 8.56611950439e-05, 0.00100976973772, 0.000773239939008, -0.00471379887313, 0.00371736008674, -0.00191009836271, -0.00115836760961], [1.30260359583e-05, 0.000499980407767, -0.0023422758095, -0.0031897185836, 0.0146034434438, -0.00602493481711, -0.000221424124902, -0.00511957518756, 0.00128869642504, -0.00072755193105, 8.17223626655e-05, 0.00249640992843, -0.00245230388828], [-0.000363053375622, 0.000231176411035, 0.00131224724464, -0.00234959204681, -0.00602493481711, 0.0249788500369, -0.00887440517545, -0.00185537338257, -0.00453606527299, 0.00219288119115, -0.000458508468, 0.000908376532607, 0.0011493852362], [6.82637546561e-05, -0.000236243125983, -0.00217313575558, 8.56611950439e-05, -0.000221424124902, -0.00887440517545, 0.0254419744015, -0.00907774269581, -0.000658522883896, -1.75699260581e-05, -0.00310622458346, 0.0012886399636, -0.00188035820611], [0.000126033017295, -0.00114436552394, 0.00123741582502, 0.00100976973772, -0.00511957518756, -0.00185537338257, -0.00907774269581, 0.0247340463102, -0.00803412403911, -0.00147976225708, 0.00210263044573, 0.00261182547547, -0.00215918268077], [-3.10267546411e-06, 0.000270302029094, -0.000241550369537, 0.000773239939008, 0.00128869642504, -0.00453606527299, -0.000658522883896, -0.00803412403911, 0.0267884917557, -0.0149793149903, 1.09091615741e-06, -1.0093360288e-05, -0.00173945038114], [-0.00024559762096, 0.000144958583405, 0.0014973487705, -0.00471379887313, -0.00072755193105, 0.00219288119115, -1.75699260581e-05, -0.00147976225708, -0.0149793149903, 0.0391962714493, -0.0197126176208, 0.00409604888409, 0.00200436543673], [0.000143689700053, -0.000278838328086, -0.00114051636774, 0.00371736008674, 8.17223626655e-05, -0.000458508468, -0.00310622458346, 0.00210263044573, 1.09091615741e-06, -0.0197126176208, 0.0470015928149, -0.0221113748848, 0.00234594894573], [-0.000161632415256, -0.000550648081116, 0.000189046681044, -0.00191009836271, 0.00249640992843, 0.000908376532607, 0.0012886399636, 0.00261182547547, -1.0093360288e-05, 0.00409604888409, -0.0221113748848, 0.0434759519994, -0.0180460345], [0.000110934175609, 0.000238800697844, 0.00108007411472, -0.00115836760961, -0.00245230388828, 0.0011493852362, -0.00188035820611, -0.00215918268077, -0.00173945038114, 0.00200436543673, 0.00234594894573, -0.0180460345, 0.0404916778207]], "mean": [-612.552856445, 110.231414795, 1.68020319939, 11.1551885605, 1.99521946907, 8.15579319, 3.52178573608, 8.95182132721, 5.41115760803, 8.53252792358, 4.48853540421, 4.77320098877, 1.08149075508], "cov": [[10834.4365234, 59.2407608032, -5.89391374588, 15.8662462234, 83.8388214111, 215.821273804, 66.2042541504, 41.3282318115, 111.945739746, 118.564453125, 33.6957054138, 27.3249187469, -16.0259170532], [59.2407608032, 1329.88110352, 180.969711304, 245.941101074, 118.320831299, 86.5741653442, 112.341209412, 136.284744263, 67.2773132324, 57.5517463684, 29.6256542206, 25.3468112946, 21.0171089172], [-5.89391374588, 180.969711304, 417.543212891, 99.543296814, 118.222869873, 46.829750061, 72.5402755737, 45.6627197266, 22.3116073608, 9.84606647491, 8.43189811707, -4.32100296021, 0.350050568581], [15.8662462234, 245.941101074, 99.543296814, 164.63458252, 83.9300537109, 52.9680023193, 50.1958198547, 51.9557991028, 33.3501815796, 30.8328399658, 6.60986804962, 4.34597396851, 10.702041626], [83.8388214111, 118.320831299, 118.222869873, 83.9300537109, 162.118164062, 76.7682189941, 69.4029998779, 77.4459075928, 43.1563148499, 26.7109832764, 4.93713951111, -8.59738254547, 9.72606182098], [215.821273804, 86.5741653442, 46.829750061, 52.9680023193, 76.7682189941, 96.1187286377, 62.6016845703, 60.7844314575, 44.610622406, 24.7731685638, 7.12017393112, -4.2769742012, 5.60505819321], [66.2042541504, 112.341209412, 72.5402755737, 50.1958198547, 69.4029998779, 62.6016845703, 96.6731567383, 69.3735198975, 43.6107978821, 26.0107498169, 11.6780138016, -1.78825759888, 8.38433265686], [41.3282318115, 136.284744263, 45.6627197266, 51.9557991028, 77.4459075928, 60.7844314575, 69.3735198975, 109.504264832, 57.7119216919, 32.9873161316, 8.79325962067, -5.08943748474, 9.44573879242], [111.945739746, 67.2773132324, 22.3116073608, 33.3501815796, 43.1563148499, 44.610622406, 43.6107978821, 57.7119216919, 85.7733764648, 45.6193504333, 18.7502975464, 2.94504904747, 7.75816440582], [118.564453125, 57.5517463684, 9.84606647491, 30.8328399658, 26.7109832764, 24.7731685638, 26.0107498169, 32.9873161316, 45.6193504333, 59.4483642578, 26.4246349335, 7.45446872711, 4.64487600327], [33.6957054138, 29.6256542206, 8.43189811707, 6.60986804962, 4.93713951111, 7.12017393112, 11.6780138016, 8.79325962067, 18.7502975464, 26.4246349335, 42.3396759033, 21.5988483429, 7.47568416595], [27.3249187469, 25.3468112946, -4.32100296021, 4.34597396851, -8.59738254547, -4.2769742012, -1.78825759888, -5.08943748474, 2.94504904747, 7.45446872711, 21.5988483429, 41.6339149475, 16.3227748871], [-16.0259170532, 21.0171089172, 0.350050568581, 10.702041626, 9.72606182098, 5.60505819321, 8.38433265686, 9.44573879242, 7.75816440582, 4.64487600327, 7.47568416595, 16.3227748871, 33.1810379028]]}, "erbbands_flatness_db": {"var": 0.00144007487688, "mean": 0.111337788403, "dmean2": 0.0282796639949, "dvar": 0.000471326289698, "dmean": 0.0190834216774, "max": 0.324134021997, "min": 0.0285433493555, "median": 0.102998673916, "dvar2": 0.000961795682088}, "barkbands": {"var": [2.00065715035e-05, 0.000543260772247, 2.69577922154e-05, 4.16362581745e-06, 6.61197827867e-06, 4.16003695136e-06, 1.85211990811e-06, 2.05147789529e-05, 7.51179641156e-06, 2.87939678856e-06, 1.46712875448e-06, 1.28143585698e-06, 1.45494584558e-06, 7.42793304198e-07, 6.01586350513e-07, 3.21391411262e-07, 3.12215803433e-07, 2.85580995296e-07, 1.38730271715e-07, 1.39551687539e-07, 1.12476385539e-07, 8.10735087953e-08, 9.61576631653e-08, 1.50754189576e-07, 1.37286789936e-07, 1.99739659479e-07, 5.94579319113e-08], "mean": [0.00417874520645, 0.0234177131206, 0.00252590957098, 0.00150096684229, 0.00228572264314, 0.00151632318739, 0.000958983902819, 0.00292145297863, 0.00193955283612, 0.00121165101882, 0.000869332754519, 0.000943780003581, 0.000892100099009, 0.000708086939994, 0.000711122120265, 0.000509667792358, 0.00046978102182, 0.000397939700633, 0.000337285047863, 0.000317936763167, 0.000290007359581, 0.000241434667259, 0.00023383066582, 0.000232227117522, 0.00020559639961, 0.000209753794479, 0.000109251603135], "dmean2": [0.0038689612411, 0.0135584687814, 0.00400250125676, 0.00211362214759, 0.00255917944014, 0.00167650578078, 0.0011350348359, 0.00277048861608, 0.00198800931685, 0.00125873892102, 0.000979905249551, 0.00102502084337, 0.00110167742241, 0.000809584162198, 0.000724966055714, 0.000557301507797, 0.000531430065166, 0.000478566158563, 0.000329526083078, 0.00031441487954, 0.00026771411649, 0.000263829599135, 0.000271786295343, 0.000328476220602, 0.000347578083165, 0.000447014375823, 0.000234960694797], "dvar": [1.00346615e-05, 0.000129631487653, 2.58488635154e-05, 3.85197972719e-06, 4.22526090915e-06, 2.42927580985e-06, 1.37445454129e-06, 8.51123422763e-06, 3.13929035656e-06, 1.25727808609e-06, 7.31630166229e-07, 7.9187037727e-07, 1.36490166369e-06, 5.50535901311e-07, 3.29125441567e-07, 2.25107640972e-07, 3.188964115e-07, 3.49024560364e-07, 1.08211743566e-07, 9.89180719557e-08, 6.97419295648e-08, 6.32066914363e-08, 7.86388625329e-08, 1.23679711805e-07, 1.4344145427e-07, 2.84563981268e-07, 8.66105480668e-08], "dmean": [0.00240306998603, 0.00895573105663, 0.00260739028454, 0.00125648034737, 0.00153670378495, 0.00104536348954, 0.000691617780831, 0.00179612240754, 0.0012149552349, 0.000768255791627, 0.000588805007283, 0.000627133820672, 0.000642175262328, 0.000487359589897, 0.000430236599641, 0.0003259977384, 0.000313999684295, 0.000278238469036, 0.000195693763089, 0.000191981176613, 0.000166291531059, 0.0001592374756, 0.000165364181157, 0.000196638866328, 0.000207390097785, 0.000252562429523, 0.000132636938361], "max": [0.0374435260892, 0.0951911658049, 0.0444581732154, 0.0269498117268, 0.0378104895353, 0.0255300588906, 0.0225225891918, 0.0525390058756, 0.0261362139136, 0.0194407775998, 0.0157575011253, 0.0107887219638, 0.012521549128, 0.00869577005506, 0.00740272412077, 0.00480723707005, 0.00779245235026, 0.00632832990959, 0.0043756403029, 0.00478721410036, 0.0044740322046, 0.00340506597422, 0.00672910036519, 0.00662633264437, 0.00756442174315, 0.00320062716492, 0.00210576411337], "min": [4.79905701059e-25, 9.00610546624e-25, 1.17667320927e-24, 1.13969338218e-24, 6.94632180067e-24, 8.75218770693e-24, 8.79492819077e-24, 6.82029969334e-24, 1.03771528193e-23, 1.90558675992e-23, 1.45537295503e-23, 1.7741699484e-23, 2.28954066639e-23, 2.05586492014e-23, 3.36976545369e-23, 4.28004877608e-23, 5.47941901242e-23, 7.4207034638e-23, 9.65599258802e-23, 1.70462479141e-22, 2.49910200763e-22, 3.20655120525e-22, 3.65902818897e-22, 4.88531486427e-22, 8.94798992558e-22, 1.3131250896e-21, 1.85754029034e-21], "median": [0.0026800413616, 0.0151249226183, 0.000647856853902, 0.00078017328633, 0.00156283914112, 0.000912572955713, 0.000585555157159, 0.0012834694935, 0.00116183096543, 0.000753819360398, 0.00054177234415, 0.000569151306991, 0.000523300492205, 0.000418319221353, 0.000440898933448, 0.000303192879073, 0.000310487404931, 0.000254059676081, 0.000225153227802, 0.000195286949747, 0.000206430908293, 0.000160818017321, 0.000144846562762, 0.000112577487016, 7.46653895476e-05, 6.17211408098e-05, 2.73511868727e-05], "dvar2": [2.56330549746e-05, 0.000300339364912, 5.95603451075e-05, 1.01855857793e-05, 1.08756876216e-05, 5.46688170289e-06, 3.44413251696e-06, 1.8317508875e-05, 7.72553084971e-06, 2.82496739601e-06, 1.86692568604e-06, 1.96575024347e-06, 3.7000975226e-06, 1.39804319588e-06, 8.66060418048e-07, 5.97213784204e-07, 8.89312218533e-07, 9.87248540696e-07, 2.93260825401e-07, 2.46661500114e-07, 1.63067994663e-07, 1.52248574636e-07, 1.86029168958e-07, 2.93007616392e-07, 3.54693980853e-07, 7.59538522743e-07, 2.3291138973e-07]}, "spectral_energyband_low": {"var": 0.000698759919032, "mean": 0.0296652242541, "dmean2": 0.0137732410803, "dvar": 0.000127278850414, "dmean": 0.00903096143156, "max": 0.112577050924, "min": 1.34884722943e-23, "median": 0.0292397234589, "dvar2": 0.00029898545472}, "erbbands_spread": {"var": 163.924911499, "mean": 38.0278205872, "dmean2": 12.825753212, "dvar": 95.0704650879, "dmean": 8.13549995422, "max": 119.305030823, "min": 3.29898738861, "median": 36.5700531006, "dvar2": 219.869766235}, "average_loudness": 0.937145411968, "spectral_energyband_middle_high": {"var": 3.87952895835e-05, "mean": 0.00701552350074, "dmean2": 0.00494468864053, "dvar": 2.39597411564e-05, "dmean": 0.00308515829965, "max": 0.0419277586043, "min": 1.1462246393e-21, "median": 0.005690545775, "dvar2": 6.05837012699e-05}, "barkbands_flatness_db": {"var": 0.00528729753569, "mean": 0.109030865133, "dmean2": 0.0492624491453, "dvar": 0.00220768013969, "dmean": 0.0341021046042, "max": 1, "min": 0.00721777882427, "median": 0.0927332118154, "dvar2": 0.00439981883392}, "spectral_entropy": {"var": 0.173281684518, "mean": 7.99402713776, "dmean2": 0.271956861019, "dvar": 0.0548905208707, "dmean": 0.185138687491, "max": 9.82635307312, "min": 5.33104276657, "median": 8.04296398163, "dvar2": 0.116867721081}, "melbands_skewness": {"var": 101.007850647, "mean": 3.02565312386, "dmean2": 1.75933659077, "dvar": 167.827529907, "dmean": 1.10309040546, "max": 948.350158691, "min": -0.94874471426, "median": 2.46900844574, "dvar2": 476.646942139}, "spectral_contrast_coeffs": {"var": [0.00813737977296, 0.00569646665826, 0.00288494024426, 0.00184633373283, 0.00117072428111, 0.00157483795192], "mean": [-0.692889869213, -0.768214046955, -0.801475405693, -0.818106412888, -0.820396184921, -0.780327677727], "dmean2": [0.0871704816818, 0.0831499323249, 0.0666733011603, 0.0479538217187, 0.0323340818286, 0.0326896011829], "dvar": [0.00201973691583, 0.00185368338134, 0.00107649492566, 0.000556836370379, 0.000294239231152, 0.000349096313585], "dmean": [0.0552005656064, 0.0511427260935, 0.0400548800826, 0.0289647895843, 0.0196730345488, 0.0209149718285], "max": [-0.279018938541, -0.415186196566, -0.518144607544, -0.567125201225, -0.633334994316, -0.