{"tonal": {"chords_key": "C", "hpcp_entropy": {"dmean": 0.671164035797, "dmean2": 1.12075126171, "max": 4.50010824203, "dvar": 0.313484728336, "mean": 2.00883793831, "dvar2": 0.840009629726, "min": 0, "var": 0.67960870266, "median": 2.04675602913}, "key_key": "F", "chords_strength": {"dmean": 0.00865614321083, "dmean2": 0.00842321757227, "max": 0.846305429935, "dvar": 5.55936276214e-05, "mean": 0.554568469524, "dvar2": 5.48597636225e-05, "min": 0.268504530191, "var": 0.00886497087777, "median": 0.561627447605}, "key_scale": "major", "chords_number_rate": 0.00151032058056, "thpcp": [1, 0.664373457432, 0.210706785321, 0.123294226825, 0.12852679193, 0.251185208559, 0.371136248112, 0.276556283236, 0.141579046845, 0.107443399727, 0.123677827418, 0.272762805223, 0.452714651823, 0.395936369896, 0.393676042557, 0.454748898745, 0.26813313365, 0.10834146291, 0.101896330714, 0.16290307045, 0.416343182325, 0.631445467472, 0.42315492034, 0.18107226491, 0.156583309174, 0.171804279089, 0.30205321312, 0.422414600849, 0.322475790977, 0.17599850893, 0.116716004908, 0.108559958637, 0.161412402987, 0.232083365321, 0.266245871782, 0.616108715534], "key_strength": 0.836496114731, "tuning_nontempered_energy_ratio": 0.719482421875, "tuning_frequency": 439.238189697, "chords_changes_rate": 0.041114281863, "tuning_diatonic_strength": 0.708787798882, "chords_scale": "major", "chords_histogram": [16.4457130432, 11.0253400803, 45.0411148071, 3.82614541054, 3.52408123016, 0.0671253576875, 0.151032045484, 0, 2.63467025757, 0.167813390493, 0.167813390493, 0, 0, 0, 0, 0, 0, 5.60496711731, 0.654472231865, 6.2930021286, 0, 0, 0, 4.39671087265], "tuning_equal_tempered_deviation": 0.0869245752692, "hpcp": {"dmean": [0.12932728231, 0.132459521294, 0.0980331748724, 0.0654855072498, 0.0622773654759, 0.076357729733, 0.0949927791953, 0.123886175454, 0.195888757706, 0.200309529901, 0.196322456002, 0.114513754845, 0.0769253149629, 0.0745005756617, 0.0974340215325, 0.118113920093, 0.10177000612, 0.0713119283319, 0.0609027184546, 0.0670473277569, 0.105282537639, 0.142218947411, 0.143503308296, 0.152095466852, 0.136047288775, 0.104481950402, 0.0634567886591, 0.0568409115076, 0.0842206701636, 0.140211984515, 0.162935093045, 0.147760301828, 0.0946149528027, 0.0871786624193, 0.095579251647, 0.1184540838], "dmean2": [0.226893857121, 0.233085528016, 0.177288576961, 0.118380412459, 0.113389179111, 0.13608494401, 0.168047353625, 0.2184830755, 0.33904710412, 0.343227148056, 0.338198333979, 0.205660551786, 0.142072319984, 0.135040342808, 0.167132303119, 0.201236858964, 0.174949243665, 0.127127349377, 0.110422164202, 0.120926268399, 0.180609494448, 0.238849699497, 0.245083615184, 0.266780406237, 0.235947400331, 0.181976512074, 0.116057425737, 0.102496907115, 0.150126561522, 0.242014855146, 0.278458476067, 0.252662181854, 0.168959081173, 0.156006723642, 0.172447174788, 0.208384186029], "max": [1, 1, 1, 1, 1, 1, 1, 1, 1, 1, 1, 1, 1, 1, 1, 1, 1, 1, 1, 1, 1, 1, 1, 1, 1, 1, 1, 1, 1, 1, 1, 1, 1, 1, 1, 1], "dvar": [0.0434100292623, 0.0431368723512, 0.032972715795, 0.0210068803281, 0.0223922580481, 0.0239732265472, 0.0314802378416, 0.0337048433721, 0.0428275205195, 0.0562234707177, 0.0425880141556, 0.0315096974373, 0.0271123889834, 0.0213282443583, 0.0270575620234, 0.0339117832482, 0.0273417439312, 0.023636136204, 0.0220674481243, 0.0239687040448, 0.028429588303, 0.0380982197821, 0.0356518030167, 0.0438584908843, 0.0423920825124, 0.0300904829055, 0.0178030468524, 0.016056984663, 0.0248003341258, 0.0368867516518, 0.0430179946125, 0.0373646244407, 0.0309500675648, 0.0322045050561, 0.0345693305135, 0.0371539629996], "mean": [0.208741009235, 0.15935510397, 0.0869716778398, 0.0576765462756, 0.0536461435258, 0.0797637850046, 0.114686645567, 0.131568446755, 0.30445715785, 0.494161427021, 0.328307747841, 0.104123167694, 0.0609272494912, 0.063512980938, 0.124126046896, 0.183401212096, 0.136663451791, 0.0699629038572, 0.0530943833292, 0.0611168108881, 0.13478885591, 0.223714113235, 0.195656478405, 0.194539517164, 0.224719360471, 0.13250105083, 0.0535381734371, 0.0503532364964, 0.0805004164577, 0.205740734935, 0.312036007643, 0.209106832743, 0.0894789323211, 0.0773774310946, 0.084899045527, 0.149263054132], "dvar2": [0.110093086958, 0.115258730948, 0.0903909131885, 0.0595403946936, 0.0629912391305, 0.0663595497608, 0.085004709661, 0.0925345867872, 0.117432296276, 0.13741736114, 0.117726489902, 0.0875164940953, 0.077358931303, 0.0602298080921, 0.069369122386, 0.0841259658337, 0.0731225535274, 0.0656712949276, 0.0620231702924, 0.0663844645023, 0.0755731910467, 0.096187479794, 0.0935774892569, 0.120974242687, 0.108387805521, 0.081912599504, 0.0500716865063, 0.0437934882939, 0.0676332637668, 0.0977041199803, 0.109776087105, 0.101694203913, 0.0849347412586, 0.0868333876133, 0.0941095650196, 0.09708186239], "min": [0, 0, 0, 0, 0, 0, 0, 0, 0, 0, 0, 0, 0, 0, 0, 0, 0, 0, 0, 0, 0, 0, 0, 0, 0, 0, 0, 0, 0, 0, 0, 0, 0, 0, 0, 0], "var": [0.0940506905317, 0.0567596741021, 0.0260216966271, 0.0152553794906, 0.0165730901062, 0.0236484985799, 0.0414172522724, 0.0383226126432, 0.0732019171119, 0.146553397179, 0.0791603922844, 0.0266626048833, 0.0179426036775, 0.0155432540923, 0.0390404760838, 0.0674104765058, 0.041106428951, 0.0206204429269, 0.0170389246196, 0.020405838266, 0.0371449179947, 0.0714005529881, 0.0557962469757, 0.0653092041612, 0.1026680246, 0.0442122258246, 0.0130902947858, 0.0129350768402, 0.0236811675131, 0.06458915025, 0.103239797056, 0.055493529886, 0.0257843788713, 0.0267319716513, 0.0292258094996, 0.0573278404772], "median": [0.0555530786514, 0.0493155568838, 0.0273940321058, 0.0188804753125, 0.015417878516, 0.0262475106865, 0.0396078974009, 0.0533412247896, 0.232098475099, 0.424474984407, 0.263952076435, 0.0439523756504, 0.0176233947277, 0.0196898020804, 0.0439717955887, 0.0709806159139, 0.05629581213, 0.0236973278224, 0.015527991578, 0.0174651760608, 0.0641634762287, 0.116301551461, 0.101141855121, 0.0736151412129, 0.0549788661301, 0.0321958325803, 0.0170594807714, 0.0147703625262, 0.0255586728454, 0.0983225479722, 0.180746942759, 0.119661219418, 0.0340542569757, 0.0200833566487, 0.0215625278652, 0.0363598540425]}}, "lowlevel": {"melbands_flatness_db": {"dmean": 0.0233421213925, "dmean2": 0.0359773673117, "max": 0.583579003811, "dvar": 0.000662353821099, "mean": 0.174455046654, "dvar2": 0.00145013839938, "min": 0.00603625643998, "var": 0.00496311532333, "median": 0.160271733999}, "melbands_crest": {"dmean": 3.03250670433, "dmean2": 4.98265743256, "max": 39.0460739136, "dvar": 7.78464174271, "mean": 12.6137943268, "dvar2": 19.5071220398, "min": 2.01576709747, "var": 24.1504535675, "median": 11.6045818329}, "spectral_entropy": {"dmean": 0.144056230783, "dmean2": 0.210589975119, "max": 9.81139659882, "dvar": 0.03141695261, "mean": 7.73706769943, "dvar2": 0.0567644126713, "min": 5.16454982758, "var": 0.213629454374, "median": 7.8219909668}, "melbands": {"dmean": [0.000880068342667, 0.00117768580094, 0.000459022936411, 0.000401589786634, 0.000421044533141, 0.000325331551721, 0.000200310852961, 0.000167046484421, 0.000124370897538, 8.55071775732e-05, 0.000114048394607, 3.78115801141e-05, 3.54306830559e-05, 3.51165981556e-05, 2.65423368546e-05, 1.78584159585e-05, 3.27418711095e-05, 2.35133466049e-05, 1.98678117158e-05, 1.80144070328e-05, 1.25205797303e-05, 1.46794973261e-05, 1.8327991711e-05, 8.75864589034e-06, 1.29161435325e-05, 7.00667033016e-06, 7.57693578635e-06, 8.02395788924e-06, 7.13791177986e-06, 6.69242217555e-06, 5.65329810343e-06, 4.74215312352e-06, 6.64569415676e-06, 5.39370057595e-06, 2.61193713413e-06, 2.15597333408e-06, 1.67991220223e-06, 1.45807723584e-06, 1.20037918805e-06, 8.22798824629e-07], "dmean2": [0.00147467490751, 0.002115995856, 0.000799144327175, 0.00067743845284, 0.000669821165502, 0.000532604171894, 0.000325354805682, 0.000266810267931, 0.000204037220101, 0.000136340910103, 0.000183012918569, 5.97845792072e-05, 5.6733344536e-05, 5.64712427149e-05, 4.20306059823e-05, 2.87002276309e-05, 5.31626355951e-05, 3.71337446268e-05, 3.2152642234e-05, 2.9799515687e-05, 2.04622610909e-05, 2.53439666267e-05, 3.14224380418e-05, 1.45392796185e-05, 2.15228028537e-05, 1.161101045e-05, 1.25446904349e-05, 1.35967857204e-05, 1.21015873447e-05, 1.14821914394e-05, 9.77951367531e-06, 8.28519841889e-06, 1.19824508147e-05, 9.57099109655e-06, 4.36265963799e-06, 3.58317151949e-06, 2.68342023446e-06, 2.39369887822e-06, 1.96428914023e-06, 1.28388774101e-06], "max": [0.0329656526446, 0.0493677183986, 0.0144128650427, 0.0188577193767, 0.0136684542522, 0.0107532227412, 0.0162431932986, 0.0117179341614, 0.0134294163436, 0.00722409458831, 0.00828311219811, 0.00520065892488, 0.00278299977072, 0.00321545172483, 0.00270740059204, 0.00155110366177, 0.00231501599774, 0.00188693811651, 0.000990792876109, 0.000750383595005, 0.000985638936982, 0.000537420797627, 0.000699845608324, 0.000394862989197, 0.000707781582605, 0.00037791437353, 0.000339259247994, 0.000260980887106, 0.000320155464578, 0.000342652143445, 0.000374499591999, 0.000222873946768, 0.000369062006939, 0.000291704142001, 0.000116409923066, 0.000143172757817, 0.000117761301226, 6.30909707979e-05, 9.068671352e-05, 4.04215788876e-05], "dvar": [6.96051165505e-06, 1.40987594932e-05, 9.02695205696e-07, 8.23917048365e-07, 5.39532550192e-07, 4.27249830182e-07, 3.60488485285e-07, 2.11787195781e-07, 1.49257346038e-07, 5.66396067825e-08, 8.88157174472e-08, 1.80991133192e-08, 7.05853908656e-09, 8.72477112779e-09, 5.52767520645e-09, 2.44115927472e-09, 5.58457013966e-09, 3.16972892378e-09, 2.06089656452e-09, 1.3407499555e-09, 6.85566714509e-10, 9.11364428369e-10, 1.36472655399e-09, 3.16939086087e-10, 9.15264808388e-10, 2.61031002369e-10, 3.23077203879e-10, 4.45787851078e-10, 3.86927490048e-10, 5.08611153194e-10, 3.55695278786e-10, 2.53489812474e-10, 7.24823312481e-10, 4.15807110965e-10, 5.47492641501e-11, 3.90461725452e-11, 2.15191857389e-11, 1.59678190809e-11, 1.07238905256e-11, 3.64692651078e-12], "mean": [0.00100757402834, 0.001487516216, 0.000800895446446, 0.000635604781564, 0.000751850078814, 0.000540287874173, 0.000314408593113, 0.000250567361945, 0.000196779699763, 0.000143135301187, 0.000193695406779, 6.50090223644e-05, 5.73679099034e-05, 5.84303452342e-05, 4.51339728897e-05, 2.75900692941e-05, 5.31258701812e-05, 4.40556395915e-05, 3.36989869538e-05, 2.88434530376e-05, 2.1675537937e-05, 2.33238934015e-05, 2.79984324152e-05, 1.40680058394e-05, 1.89970924112e-05, 1.07487503556e-05, 1.09911143227e-05, 1.10911705633e-05, 9.69504890236e-06, 8.12107828096e-06, 6.74262537359e-06, 5.62551394978e-06, 6.91529157848e-06, 5.99607983531e-06, 3.93949312638e-06, 3.22711525769e-06, 2.66633310275e-06, 2.3697391498e-06, 1.9201959276e-06, 1.47213154378e-06], "dvar2": [1.79571288754e-05, 4.02168661822e-05, 2.60582328337e-06, 2.29920897254e-06, 1.36308403853e-06, 1.10768064587e-06, 9.57162797022e-07, 5.35002527613e-07, 3.90279552676e-07, 1.45531870999e-07, 2.20796593453e-07, 4.4772107799e-08, 1.71058527343e-08, 2.19853522054e-08, 1.31888349131e-08, 5.22901721922e-09, 1.28945467637e-08, 7.86067833047e-09, 4.78056971787e-09, 3.55433482646e-09, 1.72827019362e-09, 2.57267362969e-09, 3.87136545044e-09, 8.04095068307e-10, 2.43791320464e-09, 6.56565302126e-10, 8.34079416645e-10, 1.19228482642e-09, 1.0424027197e-09, 1.40944855787e-09, 9.89622939152e-10, 7.07211900153e-10, 2.08610861918e-09, 1.19197729465e-09, 1.45977702148e-10, 1.03467810708e-10, 5.21807735909e-11, 4.19049552003e-11, 2.79141137288e-11, 8.96116861271e-12], "min": [1.13896266033e-23, 1.02384403066e-23, 3.03596156489e-24, 4.52596007052e-24, 1.39340177781e-23, 6.2929875934e-24, 6.49956975409e-24, 8.36345283006e-24, 6.18361163446e-24, 1.03067414614e-23, 8.8016792624e-24, 1.89545857476e-23, 1.05724282366e-23, 1.44509330857e-23, 1.85094173393e-23, 2.14211834043e-23, 1.21643227221e-23, 4.17877923069e-24, 1.42351023198e-23, 1.9364783952e-23, 1.58885011346e-23, 7.75428655043e-24, 7.03178146912e-24, 5.78953538039e-24, 5.51343643015e-24, 1.35082616589e-23, 1.1074797738e-23, 1.15028880966e-23, 1.09998251864e-23, 8.65330635904e-24, 1.02052694943e-23, 8.6783826695e-24, 1.13804489955e-23, 1.11853826263e-23, 8.54508410918e-24, 8.55082859429e-24, 8.53326776168e-24, 1.19160618843e-23, 1.16699641032e-23, 1.32677064145e-23], "var": [6.35091464574e-06, 9.34497165872e-06, 9.01180101209e-07, 8.38762844069e-07, 1.02964474991e-06, 6.69988423851e-07, 4.5354033773e-07, 3.26435099396e-07, 2.31321948263e-07, 9.63103090612e-08, 2.15429906802e-07, 4.34424194395e-08, 1.36167406239e-08, 1.55157628967e-08, 1.23504912963e-08, 5.04979791316e-09, 1.25252510585e-08, 7.70318653309e-09, 4.09208356089e-09, 2.18022422338e-09, 1.30826094402e-09, 1.15443898885e-09, 1.97233740451e-09, 4.53466791894e-10, 1.35776245802e-09, 3.52056578334e-10, 3.53237938899e-10, 4.00895844299e-10, 3.54371226807e-10, 3.82745085625e-10, 2.70785616152e-10, 1.93662863524e-10, 4.65274846428e-10, 2.81120848822e-10, 6.13466014099e-11, 4.4825206047e-11, 3.0274605739e-11, 2.28920216117e-11, 1.45977657046e-11, 6.91892897142e-12], "median": [0.00028132731677, 0.00087521673413, 0.000594316865318, 0.000378667667974, 0.000420497555751, 0.000273167563137, 0.000108816268039, 8.86950583663e-05, 6.73241884215e-05, 5.28028576809e-05, 4.7259600251e-05, 2.24756950047e-05, 2.21765658353e-05, 2.05638934858e-05, 1.70270468516e-05, 1.11249300971e-05, 1.89789025171e-05, 1.64664088516e-05, 1.3776157175e-05, 1.26859386e-05, 1.09267266453e-05, 1.15747843665e-05, 1.26989007185e-05, 6.93990023137e-06, 5.86435362493e-06, 4.48820355814e-06, 5.18981460118e-06, 5.40295741303e-06, 3.92274660044e-06, 2.89188665192e-06, 2.260141855e-06, 1.80666404503e-06, 1.91903609448e-06, 1.55512498168e-06, 1.36474261581e-06, 1.13349233288e-06, 1.03928459794e-06, 8.65335664457e-07, 6.99858446751e-07, 5.68944244606e-07]}, "silence_rate_60dB": {"dmean": 0.00788921490312, "dmean2": 0.0157797541469, "max": 1, "dvar": 0.00782583933324, "mean": 0.0993622019887, "dvar2": 0.0177090559155, "min": 0, "var": 0.089489787817, "median": 0}, "spectral_energyband_middle_high": {"dmean": 0.00165974884294, "dmean2": 0.00261483341455, "max": 0.0697668939829, "dvar": 8.68449842528e-06, "mean": 0.0046204123646, "dvar2": 2.11541137105e-05, "min": 1.7446771907e-21, "var": 2.59849548456e-05, "median": 0.00311699416488}, "erbbands_skewness": {"dmean": 0.359057962894, "dmean2": 0.554763317108, "max": 4.85848093033, "dvar": 0.137487843633, "mean": 0.320462077856, "dvar2": 0.303602337837, "min": -4.34013652802, "var": 0.701994776726, "median": 0.2239754498}, "dynamic_complexity": 4.34833478928, "dissonance": {"dmean": 0.0165512524545, "dmean2": 0.0274869166315, "max": 0.500000119209, "dvar": 0.000312742515234, "mean": 0.467211633921, "dvar2": 0.000829378608614, "min": 0.213166579604, "var": 0.000874748569913, "median": 0.475596189499}, "spectral_skewness": {"dmean": 0.176973491907, "dmean2": 0.273625463247, "max": 6.47247505188, "dvar": 0.0532369054854, "mean": 1.54036784172, "dvar2": 0.12036202848, "min": -0.133324623108, "var": 0.256803393364, "median": 1.49497890472}, "spectral_kurtosis": {"dmean": 1.04394578934, "dmean2": 1.6636903286, "max": 77.8276138306, "dvar": 4.27710103989, "mean": 4.1820526123, "dvar2": 11.7134428024, "min": -1.22238528728, "var": 13.7017087936, "median": 3.5417239666}, "gfcc": {"cov": [[16154.0927734, -1090.06555176, -312.076385498, 370.648040771, -717.081054688, 130.907058716, -380.731384277, 107.980895996, -146.383911133, 31.1625938416, -328.641296387, 115.789909363, -39.6453552246], [-1090.06555176, 1260.15222168, -163.843704224, 45.847869873, 217.984283447, -85.5636520386, 24.4193820953, -7.66229009628, -32.2297515869, -16.8871650696, 66.2382583618, -71.0368118286, 7.82617616653], [-312.076385498, -163.843704224, 630.944030762, -24.2024860382, -24.7216739655, 40.6042976379, 15.8999567032, -12.9460000992, 64.8821563721, 10.2294101715, -5.98034143448, -12.1330823898, -16.6123142242], [370.648040771, 45.847869873, -24.2024860382, 379.439453125, 25.4427566528, -16.8464012146, -7.98048830032, 16.7895374298, -17.6547451019, -9.83648872375, -11.0443992615, 9.01231956482, -4.19291210175], [-717.081054688, 217.984283447, -24.7216739655, 25.4427566528, 313.022857666, -42.3811035156, 59.0120162964, 19.7435436249, -10.3868217468, 2.08791255951, 50.621295929, -8.18886852264, 14.9801225662], [130.907058716, -85.5636520386, 40.6042976379, -16.8464012146, -42.3811035156, 172.768356323, 32.8295707703, 4.90475559235, 17.9708938599, 10.6382255554, -18.5847511292, -0.791234195232, 0.648547589779], [-380.731384277, 24.4193820953, 15.8999567032, -7.98048830032, 59.0120162964, 32.8295707703, 129.387207031, 32.9655990601, 14.9777345657, 0.524049162865, 17.9805049896, -15.199845314, -1.49777507782], [107.980895996, -7.66229009628, -12.9460000992, 16.7895374298, 19.7435436249, 4.90475559235, 32.9655990601, 105.228462219, 24.930513382, -0.687453687191, -1.51541209221, 2.39626526833, -0.854051589966], [-146.383911133, -32.2297515869, 64.8821563721, -17.6547451019, -10.3868217468, 17.9708938599, 14.9777345657, 24.930513382, 109.352851868, 20.2847709656, -6.19364261627, -0.555398404598, 7.3182516098], [31.1625938416, -16.8871650696, 10.2294101715, -9.83648872375, 2.08791255951, 10.6382255554, 0.524049162865, -0.687453687191, 20.2847709656, 68.4490585327, 19.5814723969, 9.03267192841, -1.23340308666], [-328.641296387, 66.2382583618, -5.98034143448, -11.0443992615, 50.621295929, -18.5847511292, 17.9805049896, -1.51541209221, -6.19364261627, 19.5814723969, 80.7391815186, 20.0821018219, -0.0207623951137], [115.789909363, -71.0368118286, -12.1330823898, 9.01231956482, -8.18886852264, -0.791234195232, -15.199845314, 2.39626526833, -0.555398404598, 9.03267192841, 20.0821018219, 79.0732421875, 20.9939785004], [-39.6453552246, 7.82617616653, -16.6123142242, -4.19291210175, 14.9801225662, 0.648547589779, -1.49777507782, -0.854051589966, 7.3182516098, -1.23340308666, -0.0207623951137, 20.9939785004, 63.1344909668]], "mean": [7.25319623947, 64.5155487061, -93.0617752075, 24.5441055298, -51.0676574707, 4.91532516479, -37.3439941406, 4.45318651199, -22.848367691, 2.81792235374, -17.3762054443, 1.10207903385, -11.2219352722], "icov": [[8.50789438118e-05, 3.80434721592e-05, 3.53167451976e-05, -6.95499911672e-05, 0.000110069966468, -4.27814702562e-05, 0.000176633737283, -0.000177967987838, 0.000167697799043, -0.00015647483815, 0.00025796983391, -8.23581576697e-05, 3.44645886798e-05], [3.80434721592e-05, 0.00107339106034, 0.000258991698502, -0.000157682196004, -0.00048410607269, 0.000154495224706, 0.000292442709906, 4.56607012893e-05, 4.8305087148e-06, 0.000238005974097, -0.000820213463157, 0.00124411366414, -0.000340541824698], [3.53167451976e-05, 0.000258991698502, 0.001823559287, -3.44883337675e-05, -4.45957193733e-05, -0.000264637026703, -1.70976345544e-05, 0.000496414315421, -0.00110685068648, 0.000159220231581, -0.000160624142154, 0.000317749072565, 0.00051291519776], [-6.95499911672e-05, -0.000157682196004, -3.44883337675e-05, 0.00283118523657, -0.000367951084627, 0.00019434573187, 1.83161228051e-05, -0.000388966465835, 0.000324200664181, 0.000200297683477, 0.000642208789941, -0.000686546089128, 0.00043014480616], [0.000110069966468, -0.00048410607269, -4.45957193733e-05, -0.000367951084627, 0.00462190527469, 0.0008976063109, -0.00158951350022, -0.000718516472261, 0.000710442487616, -0.000343686813721, -0.00152523547877, 0.00041655881796, -0.00128843029961], [-4.27814702562e-05, 0.000154495224706, -0.000264637026703, 0.00019434573187, 0.0008976063109, 0.00699178641662, -0.00266749761067, 0.000416533235693, -0.000249613513006, -0.00134395202622, 0.00177168624941, -0.00044381376938, -0.000294349098112], [0.000176633737283, 0.000292442709906, -1.70976345544e-05, 1.83161228051e-05, -0.00158951350022, -0.00266749761067, 0.0111311851069, -0.00321396486834, -0.000454471912235, 0.000865143549163, -0.00257410504855, 0.0026254823897, -0.000107781990664], [-0.000177967987838, 4.56607012893e-05, 0.000496414315421, -0.000388966465835, -0.000718516472261, 0.000416533235693, -0.00321396486834, 0.0117393862456, -0.00319285830483, 0.0010371847311, 0.000495717511512, -0.00115700159222, 0.00101139757317], [0.000167697799043, 4.8305087148e-06, -0.00110685068648, 0.000324200664181, 0.000710442487616, -0.000249613513006, -0.000454471912235, -0.00319285830483, 0.0119764907286, -0.00406449940056, 0.00204134522937, 0.00016906336532, -0.001908190432], [-0.00015647483815, 0.000238005974097, 0.000159220231581, 0.000200297683477, -0.000343686813721, -0.00134395202622, 0.000865143549163, 0.0010371847311, -0.00406449940056, 0.0178434532136, -0.00560490041971, -0.00037880500895, 0.0010011929553], [0.00025796983391, -0.000820213463157, -0.000160624142154, 0.000642208789941, -0.00152523547877, 0.00177168624941, -0.00257410504855, 0.000495717511512, 0.00204134522937, -0.00560490041971, 0.0193321276456, -0.00677227554843, 0.00246559618972], [-8.23581576697e-05, 0.00124411366414, 0.000317749072565, -0.000686546089128, 0.00041655881796, -0.00044381376938, 0.0026254823897, -0.00115700159222, 0.00016906336532, -0.00037880500895, -0.00677227554843, 0.0180096197873, -0.0062334947288], [3.44645886798e-05, -0.000340541824698, 0.00051291519776, 0.00043014480616, -0.00128843029961, -0.000294349098112, -0.000107781990664, 0.00101139757317, -0.001908190432, 0.0010011929553, 0.00246559618972, -0.0062334947288, 0.0187008138746]]}, "spectral_complexity": {"dmean": 4.15157365799, "dmean2": 6.33271789551, "max": 64, "dvar": 32.2509269714, "mean": 19.8089122772, "dvar2": 62.6475219727, "min": 0, "var": 153.918380737, "median": 19}, "spectral_flux": {"dmean": 0.0247327573597, "dmean2": 0.0382093638182, "max": 0.423180639744, "dvar": 0.00143841526005, "mean": 0.0803365334868, "dvar2": 0.00265436875634, "min": 1.01592928514e-10, "var": 0.00312025472522, "median": 0.0706091672182}, "spectral_energyband_low": {"dmean": 0.00543155008927, "dmean2": 0.00927940383554, "max": 0.201060473919, "dvar": 0.000248492375249, "mean": 0.0077237803489, "dvar2": 0.000672302790917, "min": 6.79613956594e-23, "var": 0.000202377152164, "median": 0.00447105523199}, "spectral_decrease": {"dmean": 2.52549914315e-09, "dmean2": 4.1985233068e-09, "max": -3.95719080299e-29, "dvar": 2.5015189112e-17, "mean": -5.95789817481e-09, "dvar2": 6.62411660837e-17, "min": -6.23842808523e-08, "var": 2.8287065629e-17, "median": -5.10971043255e-09}, "barkbands_spread": {"dmean": 6.53427743912, "dmean2": 10.1246118546, "max": 109.353233337, "dvar": 60.8010444641, "mean": 29.0897846222, "dvar2": 128.653259277, "min": 0.479788333178, "var": 232.441101074, "median": 28.0248718262}, "spectral_rms": {"dmean": 0.000834151403978, "dmean2": 0.00133021792863, "max": 0.0157199632376, "dvar": 1.57575527737e-06, "mean": 0.0044741476886, "dvar2": 3.97758685722e-06, "min": 3.17323012484e-12, "var": 4.17137789555e-06, "median": 0.00457419361919}, "spectral_centroid": {"dmean": 267.376922607, "dmean2": 415.902130127, "max": 11102.1601562, "dvar": 102124.617188, "mean": 1455.15527344, "dvar2": 218701.71875, "min": 134.111495972, "var": 415065.75, "median": 1448.6003418}, "barkbands_skewness": {"dmean": 0.456338465214, "dmean2": 0.713487684727, "max": 11.007976532, "dvar": 0.246298611164, "mean": 1.55772197247, "dvar2": 0.571561515331, "min": -3.43535327911, "var": 1.17879509926, "median": 1.34130680561}, "spectral_rolloff": {"dmean": 648.507080078, "dmean2": 1075.5645752, "max": 18949.21875, "dvar": 1084069.875, "mean": 1821.88891602, "dvar2": 2383113.5, "min": 21.533203125, "var": 2548864.75, "median": 1550.390625}, "erbbands_spread": {"dmean": 8.25573730469, "dmean2": 12.8223514557, "max": 167.520370483, "dvar": 77.9203033447, "mean": 46.4537582397, "dvar2": 174.962402344, "min": 6.07845544815, "var": 383.517364502, "median": 44.03099823}, "barkbands": {"dmean": [8.47697083373e-05, 0.00357172242366, 0.00204651476815, 0.000837674480863, 0.00213304720819, 0.00163604517002, 0.000844633264933, 0.000857226201333, 0.000595455814619, 0.000639333797153, 0.000253946345765, 0.000289578078082, 0.000195989676286, 0.000324077147525, 0.000283771427348, 0.000203457850148, 0.000303081586026, 0.000216647269554, 0.000230737685342, 0.000244493450737, 0.000260041153524, 0.000272201024927, 0.000202279377845, 0.000119498639833, 8.69259602041e-05, 7.78210232966e-05, 2.81731427094e-05], "dmean2": [0.00013336421398, 0.00606823666021, 0.00369261647575, 0.00144081411418, 0.00350562576205, 0.0026543228887, 0.0013871579431, 0.00137239415199, 0.000954192597419, 0.00102025887463, 0.000407841493143, 0.00046768062748, 0.000316189398291, 0.000521554495208, 0.000455801491626, 0.000337712408509, 0.000521106703673, 0.000355358381057, 0.000386168656405, 0.000408800959121, 0.000443970027845, 0.000480885297293, 0.000349291745806, 0.000191131170141, 0.000136247748742, 0.000118670279335, 3.855659088e-05], "max": [0.00343546271324, 0.143207222223, 0.0741693675518, 0.0323905423284, 0.0691811442375, 0.0511122755706, 0.0596886314452, 0.0506091192365, 0.0572069473565, 0.0423080325127, 0.0185045227408, 0.0355935879052, 0.0178684107959, 0.0191947855055, 0.0120519874617, 0.0118232397363, 0.0107502695173, 0.0103132482618, 0.0098581481725, 0.0087556540966, 0.014331471175, 0.0130346780643, 0.0086744017899, 0.00631202897057, 0.00372404488735, 0.0084323072806, 0.00135367666371], "dvar": [4.72113406147e-08, 0.000126462007756, 3.21118350257e-05, 2.65018297796e-06, 1.61169682542e-05, 1.02540061562e-05, 6.60815658193e-06, 5.29520048076e-06, 2.82342261926e-06, 2.73649470728e-06, 3.73027518208e-07, 7.37229015613e-07, 3.08225281742e-07, 5.29467797605e-07, 3.57222774028e-07, 1.90609469541e-07, 3.48028208919e-07, 2.00237053605e-07, 2.5004757731e-07, 3.9824251985e-07, 7.05679724433e-07, 1.01715829715e-06, 4.62187443873e-07, 1.00446655438e-07, 4.81448125811e-08, 7.39717833653e-08, 3.35675243157e-09], "mean": [0.000110488290375, 0.00395546667278, 0.00288801500574, 0.0012847345788, 0.00362512725405, 0.00280928052962, 0.00121597817633, 0.00126818742137, 0.000975370698143, 0.00109546328895, 0.000407692597946, 0.000460618175566, 0.000313208292937, 0.000553792517167, 0.000494075589813, 0.000333200383466, 0.000487044424517, 0.00034661803511, 0.000365094543668, 0.000355421914719, 0.000332002033247, 0.000316717778333, 0.000269010139164, 0.000207177406992, 0.000153918561409, 0.000121551915072, 4.88803707412e-05], "dvar2": [1.15745038443e-07, 0.000337886624038, 9.46989457589e-05, 7.45838087823e-06, 4.32940978499e-05, 2.64134068857e-05, 1.7510377802e-05, 1.33708490466e-05, 7.15623264114e-06, 6.7449236667e-06, 9.13573671824e-07, 1.91361800717e-06, 6.97076984579e-07, 1.25149824726e-06, 8.27524274882e-07, 4.96571772146e-07, 9.97146798909e-07, 5.00140515669e-07, 6.58394583297e-07, 1.05895094293e-06, 1.94087692762e-06, 2.88246383207e-06, 1.30328237447e-06, 2.50944935942e-07, 1.26305891968e-07, 1.96288439724e-07, 7.13548597986e-09], "min": [1.29043405155e-23, 3.18832239678e-23, 1.87021912787e-23, 4.88155845064e-24, 4.70318619257e-23, 3.07711509725e-23, 2.76705142519e-23, 5.06419323972e-23, 8.34816470571e-23, 8.5339578572e-23, 7.9302167318e-23, 1.35723543987e-22, 2.16254264346e-22, 9.57533124491e-23, 1.35530468703e-22, 3.07198087493e-22, 1.34657761349e-22, 1.24509034249e-22, 2.44048547718e-22, 3.76365537881e-22, 3.95636034022e-22, 5.47402572819e-22, 5.61596566019e-22, 8.36508002922e-22, 1.29545470629e-21, 1.30444645843e-21, 2.29531613796e-21], "var": [6.66751347467e-08, 0.000102395795693, 2.21517057071e-05, 2.9798363812e-06, 2.19574358198e-05, 1.730420081e-05, 7.79031961429e-06, 7.66734501667e-06, 5.12664564667e-06, 6.85340864948e-06, 7.01618318999e-07, 1.17185732051e-06, 7.86256521224e-07, 1.16438695841e-06, 8.29815121506e-07, 3.2633957403e-07, 5.1916049415e-07, 2.98679339039e-07, 3.70237501102e-07, 3.75861617385e-07, 5.55744122721e-07, 7.12785947599e-07, 3.72303219365e-07, 1.55446116423e-07, 7.05264540102e-08, 7.03729341467e-08, 6.7732131015e-09], "median": [9.57725296757e-06, 0.00118871242739, 0.00188823486678, 0.000831311219372, 0.0021693254821, 0.00144960253965, 0.000406534149079, 0.000434486515587, 0.00033244403312, 0.000287076400127, 0.000159581628395, 0.000148282619193, 0.000117533068988, 0.000204302559723, 0.000196345761651, 0.000150056206621, 0.000235581159359, 0.000157234666403, 0.000140669726534, 0.00017760368064, 0.000127309962409, 0.000102169877209, 8.62247979967e-05, 8.36102990434e-05, 6.5279789851e-05, 4.8928821343e-05, 1.48053368321e-05]}, "melbands_kurtosis": {"dmean": 6.00507307053, "dmean2": 9.61960411072, "max": 398.181518555, "dvar": 138.916549683, "mean": 13.7144060135, "dvar2": 340.05480957, "min": -1.83263576031, "var": 457.19229126, "median": 7.85140275955}, "erbbands_crest": {"dmean": 2.54966449738, "dmean2": 4.12564468384, "max": 29.0655574799, "dvar": 6.3123588562, "mean": 8.48350524902, "dvar2": 15.5432462692, "min": 2.1979162693, "var": 20.2872962952, "median": 7.19952297211}, "melbands_skewness": {"dmean": 0.629624843597, "dmean2": 0.996236681938, "max": 15.3494796753, "dvar": 0.536247432232, "mean": 2.72513818741, "dvar2": 1.31316447258, "min": -0.552931249142, "var": 2.25285601616, "median": 2.45233345032}, "spectral_energyband_middle_low": {"dmean": 0.0048652915284, "dmean2": 0.007931439206, "max": 0.107563056052, "dvar": 5.95943893131e-05, "mean": 0.0118862930685, "dvar2": 0.00015850586351, "min": 2.4540208157e-22, "var": 0.000102837999293, "median": 0.00986253563315}, "spectral_contrast_coeffs": {"dmean": [0.04913912341, 0.0477096475661, 0.0372750163078, 0.029458552599, 0.0203475486487, 0.0186974089593], "dmean2": [0.0816821455956, 0.0781737044454, 0.0608177483082, 0.0480596683919, 0.0332512520254, 0.0296986233443], "max": [-0.340976297855, -0.418646872044, -0.444936573505, -0.527654409409, -0.595279812813, -0.530265569687], "dvar": [0.00174721505027, 0.00157228915486, 0.000940943078604, 0.000589159317315, 0.000288204930257, 0.000332711148076], "mean": [-0.641367852688, -0.723262965679, -0.771185100079, -0.781897902489, -0.79414921999, -0.773419320583], "dvar2": [0.00474059116095, 0.00401050597429, 0.00240414123982, 0.00146229367238, 0.000711177184712, 0.000803578586783], "min": [-0.953891694546, -0.973408997059, -0.968116283417, -0.961617946625, -0.962960362434, -0.960257291794], "var": [0.0064924522303, 0.00703174760565, 0.00444683199748, 0.00287320441566, 0.0018417610554, 0.00159539433662], "median": [-0.642556428909, -0.729446053505, -0.781231641769, -0.786978602409, -0.796796679497, -0.77076613903]}, "spectral_contrast_valleys": {"dmean": [0.372992902994, 0.341581314802, 0.313259959221, 0.273016452789, 0.26978957653, 0.278831601143], "dmean2": [0.621971607208, 0.557690501213, 0.496525883675, 0.426817685366, 0.398895055056, 0.375242322683], "max": [-4.69042158127, -4.53798818588, -5.3315911293, -5.33388090134, -5.18766021729, -7.36527967453], "dvar": [0.126539185643, 0.107320263982, 0.097890548408, 0.0928550586104, 0.136518910527, 0.15121434629], "mean": [-7.31159210205, -6.84187221527, -7.51769828796, -7.85491228104, -7.60387468338, -9.87655353546], "dvar2": [0.297699868679, 0.241234093904, 0.198508158326, 0.174858778715, 0.255962133408, 0.273305416107], "min": [-27.1029510498, -26.7672634125, -27.1097984314, -27.2119522095, -27.2217540741, -27.3024768829], "var": [1.51551270485, 1.47243213654, 1.52090764046, 1.47903108597, 1.77529633045, 2.00108408928], "median": [-7.05624961853, -6.56153297424, -7.19905805588, -7.54584360123, -7.27315711975, -9.51391792297]}, "silence_rate_20dB": {"dmean": 0, "dmean2": 0, "max": 1, "dvar": 0, "mean": 1, "dvar2": 0, "min": 1, "var": 0, "median": 1}, "silence_rate_30dB": {"dmean": 0.00654637021944, "dmean2": 0.0130938393995, "max": 1, "dvar": 0.00650474987924, "mean": 0.996223568916, "dvar2": 0.0184589251876, "min": 0, "var": 0.00376286264509, "median": 1}, "spectral_strongpeak": {"dmean": 0.467756301165, "dmean2": 0.790273666382, "max": 9.61081886292, "dvar": 0.544459104538, "mean": 0.841255307198, "dvar2": 1.40399837494, "min": 0, "var": 0.976589381695, "median": 0.460969865322}, "spectral_spread": {"dmean": 542030, "dmean2": 767280.6875, "max": 41935308, "dvar": 474918846464, "mean": 5671034, "dvar2": 829952688128, "min": 924006.1875, "var": 2833569284100.0, "median": 5544653}, "barkbands_flatness_db": {"dmean": 0.0180010255426, "dmean2": 0.0274912361056, "max": 0.441650420427, "dvar": 0.000363877334166, "mean": 0.10157752037, "dvar2": 0.000791677099187, "min": 0.0145506244153, "var": 0.0031329325866, "median": 0.087579280138}, "pitch_salience": {"dmean": 0.0663133263588, "dmean2": 0.107761979103, "max": 0.853740930557, "dvar": 0.00369108631276, "mean": 0.568928897381, "dvar2": 0.00950452405959, "min": 0.058008544147, "var": 0.0122380619869, "median": 0.580675840378}, "erbbands_kurtosis": {"dmean": 0.842946350574, "dmean2": 1.33974385262, "max": 29.1651344299, "dvar": 2.0361969471, "mean": 0.360106408596, "dvar2": 4.68005180359, "min": -1.83061027527, "var": 6.0328335762, "median": -0.397250294685}, "average_loudness": 0.886868536472, "barkbands_crest": {"dmean": 2.48842191696, "dmean2": 4.09135770798, "max": 25.8841629028, "dvar": 5.76618432999, "mean": 8.94710922241, "dvar2": 14.8640928268, "min": 2.31944394112, "var": 15.4061870575, "median": 8.10412406921}, "hfc": {"dmean": 10.8381795883, "dmean2": 17.4498577118, "max": 348.646972656, "dvar": 787.722900391, "mean": 25.4416275024, "dvar2": 2131.80029297, "min": 1.12143721145e-16, "var": 873.233398438, "median": 18.6722145081}, "barkbands_kurtosis": {"dmean": 2.32542419434, "dmean2": 3.62972092628, "max": 175.24760437, "dvar": 19.8339500427, "mean": 3.92479705811, "dvar2": 43.0928993225, "min": -1.92528915405, "var": 77.935005188, "median": 1.27805900574}, "erbbands": {"dmean": [0.0857910588384, 0.88709706068, 2.26594018936, 2.72391819954, 3.54193091393, 8.5862827301, 11.5212154388, 14.5855340958, 13.9292564392, 14.3867301941, 15.5442276001, 13.736615181, 22.9601573944, 9.11799430847, 11.0583906174, 13.3268651962, 8.91123580933, 15.0826463699, 13.6094770432, 12.9770021439, 10.3288040161, 14.3076992035, 12.3152208328, 14.2788505554, 9.76364517212, 11.3884716034, 10.6701545715, 10.0044584274, 9.22889041901, 10.1922388077, 4.46425867081, 2.84199118614, 1.95315372944, 1.03619122505, 0.58588373661, 0.35092869401, 0.150512740016, 0.0278207752854, 0.00502444943413, 0.000276742386632], "dmean2": [0.141203716397, 1.5511726141, 4.11936378479, 4.71909570694, 6.13054227829, 14.0569486618, 18.4418735504, 24.0550136566, 22.5802764893, 23.1194992065, 25.4960346222, 21.8581256866, 36.8225059509, 14.4119062424, 17.6751480103, 21.2394447327, 14.1382102966, 24.3874568939, 21.4981441498, 21.1297512054, 16.824508667, 24.6652183533, 20.8551940918, 23.6486663818, 16.0949611664, 19.0879707336, 18.037820816, 17.2160072327, 16.2512454987, 18.1751976013, 7.44935464859, 4.57453250885, 3.16073989868, 1.62920475006, 0.919172286987, 0.544249653816, 0.234174221754, 0.0396738611162, 0.00693683512509, 0.000382252008421], "max": [3.08590769768, 36.414730072, 91.5984573364, 90.023475647, 162.404418945, 259.660400391, 479.810455322, 470.590637207, 1217.84130859, 1110.98034668, 1486.36657715, 1171.24853516, 1661.73937988, 1096.91699219, 993.412902832, 1682.0625, 847.106567383, 1076.25195312, 850.770080566, 730.202697754, 747.356567383, 456.15814209, 294.139465332, 784.096374512, 405.359161377, 352.565551758, 475.340911865, 606.742370605, 416.133453369, 612.79876709, 184.400924683, 171.58757019, 106.450164795, 57.1731491089, 26.2416362762, 36.408870697, 19.1076850891, 1.69354975224, 0.245967239141, 0.0178279280663], "dvar": [0.0569414570928, 8.66094493866, 48.2605018616, 35.4659538269, 57.3801040649, 286.741912842, 500.442840576, 870.832336426, 1825.7421875, 1586.39245605, 2114.09594727, 1555.3572998, 3587.45581055, 922.455871582, 690.74786377, 1455.01953125, 597.544677734, 1150.90856934, 942.930664062, 689.581848145, 459.475067139, 856.299560547, 606.317138672, 1067.20837402, 501.061401367, 850.641601562, 973.929260254, 1167.7052002, 1148.9375, 1592.86010742, 173.245346069, 61.4477233887, 28.6179981232, 6.48711824417, 2.22940850258, 1.20255839825, 0.328240633011, 0.00392228411511, 0.000103983627923, 3.48943274275e-07], "mean": [0.101713173091, 0.932653009892, 2.90257287025, 4.52925825119, 5.41865825653, 13.5860948563, 20.087053299, 23.6668796539, 22.1226348877, 22.0277118683, 24.2519779205, 23.4821205139, 39.4812469482, 16.7711982727, 18.6423149109, 22.3461513519, 15.7362413406, 25.821516037, 26.8498764038, 23.3140411377, 19.2094173431, 23.9772605896, 20.8464584351, 22.1660022736, 15.5570659637, 16.5912303925, 14.739397049, 12.3470258713, 10.7811737061, 11.3160104752, 6.78330755234, 4.65205287933, 3.30400896072, 1.86429643631, 1.02126002312, 0.558278977871, 0.219750478864, 0.0491962619126, 0.00854718498886, 0.000487526936922], "dvar2": [0.140481069684, 23.8587589264, 140.949935913, 102.3673172, 163.175094604, 765.460144043, 1282.0793457, 2268.48608398, 4854.79980469, 4042.76000977, 5530.8828125, 3985.15234375, 8914.77832031, 2280.96166992, 1690.57897949, 3765.91040039, 1294.32250977, 2648.61450195, 2310.890625, 1642.66259766, 1163.2355957, 2435.29101562, 1638.72436523, 2797.57495117, 1270.07971191, 2251.0715332, 2632.9074707, 3243.47460938, 3246.62524414, 4574.54296875, 467.673187256, 152.401306152, 74.5905685425, 16.5021514893, 5.79215288162, 3.11419939995, 0.889465987682, 0.00918729882687, 0.000220647169044, 7.54461780161e-07], "min": [1.34439952436e-21, 5.888693934e-21, 2.27487835487e-20, 1.9099408089e-20, 1.82732840704e-20, 1.55595219387e-19, 3.86854536409e-19, 2.66808166404e-19, 5.07228030497e-19, 5.71709912872e-19, 8.2504188538e-19, 1.30087717086e-18, 1.8153694498e-18, 4.72708118834e-18, 3.11978261098e-18, 6.68134253479e-18, 9.02609475532e-18, 7.16287538863e-18, 3.80688659745e-18, 1.25619684464e-17, 1.54279110408e-17, 8.27626297467e-18, 6.30196938173e-18, 8.00122459382e-18, 1.59537927696e-17, 1.77841035828e-17, 1.65566386913e-17, 1.66782971071e-17, 1.62192366826e-17, 2.00154795335e-17, 1.45783502296e-17, 1.44909486718e-17, 1.67965260321e-17, 1.50980959327e-17, 8.97639774412e-18, 4.35707006546e-18, 2.70400606635e-18, 9.82273978877e-19, 3.36089635036e-19, 3.64984721119e-20], "var": [0.0630222186446, 6.19188165665, 30.7254943848, 35.0640716553, 59.5233001709, 374.188079834, 912.067626953, 1315.46228027, 2241.29882812, 2440.39428711, 3109.20654297, 2712.06152344, 8638.57324219, 2154.12109375, 1245.54882812, 2470.5300293, 1696.36340332, 2667.34619141, 2504.76806641, 1468.70935059, 923.487243652, 1144.05883789, 870.046081543, 1626.86621094, 646.446105957, 803.102233887, 846.348449707, 880.880432129, 814.631835938, 1052.41101074, 183.32359314, 84.4510726929, 41.7907104492, 10.5865955353, 3.30341219902, 1.28945887089, 0.279030412436, 0.0069713932462, 0.000209438279853, 6.47659192055e-07], "median": [0.0226814709604, 0.317611098289, 1.79534566402, 3.10081648827, 3.38997459412, 7.39534187317, 10.6233816147, 11.8795909882, 7.99550914764, 8.16019058228, 8.72638130188, 8.98320960999, 10.329662323, 6.64892435074, 7.67215633392, 7.6674618721, 6.6188325882, 10.2248535156, 11.0526237488, 11.5386867523, 10.1049547195, 12.5124864578, 10.7389144897, 7.84501934052, 7.12769794464, 8.5061340332, 6.2839307785, 4.47551250458, 3.5529294014, 3.11446738243, 2.40308713913, 1.82749867439, 1.26699709892, 0.751243710518, 0.435326397419, 0.231457471848, 0.0816121548414, 0.0168017931283, 0.00253117037937, 0.000162085867487]}, "spectral_energy": {"dmean": 0.0103203952312, "dmean2": 0.0171284433454, "max": 0.253295183182, "dvar": 0.0004134332994, "mean": 0.0247941669077, "dvar2": 0.00109363801312, "min": 1.03211234749e-20, "var": 0.00047578261001, "median": 0.0214463286102}, "zerocrossingrate": {"dmean": 0.0122141614556, "dmean2": 0.0141601972282, "max": 0.4873046875, "dvar": 0.000187732148333, "mean": 0.0780107155442, "dvar2": 0.000214760904782, "min": 0, "var": 0.00145095062908, "median": 0.07421875}, "spectral_energyband_high": {"dmean": 0.00103787716944, "dmean2": 0.00171891483478, "max": 0.0396583117545, "dvar": 1.1285113942e-05, "mean": 0.00164893234614, "dvar2": 3.12338306685e-05, "min": 7.2279074