{"tonal": {"chords_key": "C#", "hpcp_entropy": {"dmean": 0.498753458261, "dmean2": 0.834482252598, "max": 3.54098820686, "dvar": 0.222027957439, "mean": 1.51010930538, "dvar2": 0.560250759125, "min": 0, "var": 0.497296065092, "median": 1.59032905102}, "key_key": "C#", "chords_strength": {"dmean": 0.0088729551062, "dmean2": 0.00795742869377, "max": 0.883295238018, "dvar": 0.000738677626941, "mean": 0.581137418747, "dvar2": 0.00140299962368, "min": -1, "var": 0.0783048346639, "median": 0.623989522457}, "key_scale": "major", "chords_number_rate": 0.00324558233842, "thpcp": [1, 0.398686796427, 0.0665825083852, 0.0333464853466, 0.0332712084055, 0.118514336646, 0.174532741308, 0.0910359621048, 0.0254038870335, 0.0281729009002, 0.0692320391536, 0.20547260344, 0.255766421556, 0.218281537294, 0.5401045084, 0.640918552876, 0.268916130066, 0.0868488103151, 0.0723904892802, 0.168982878327, 0.325088620186, 0.30463540554, 0.173446729779, 0.105166085064, 0.0958222001791, 0.167232379317, 0.255952894688, 0.230254679918, 0.177958786488, 0.209776908159, 0.157217040658, 0.0955910161138, 0.117209270597, 0.124904237688, 0.358635306358, 0.939706802368], "key_strength": 0.83387696743, "tuning_nontempered_energy_ratio": 0.804810166359, "tuning_frequency": 447.174194336, "chords_changes_rate": 0.0512080788612, "tuning_diatonic_strength": 0.725648105145, "chords_scale": "major", "chords_histogram": [39.560043335, 0.144248113036, 24.0533714294, 1.87522542477, 0, 0, 0, 0, 0.829426586628, 0, 10.4219255447, 0, 7.03209543228, 0, 0, 0.252434194088, 2.66859006882, 4.36350536346, 0, 0, 0, 0, 7.14028120041, 1.65885317326], "tuning_equal_tempered_deviation": 0.122340418398, "hpcp": {"dmean": [0.0159720052034, 0.0163160357624, 0.0270800013095, 0.0315793603659, 0.0233266912401, 0.0136864688247, 0.01544500608, 0.02961814031, 0.0606229864061, 0.0746319517493, 0.0826624855399, 0.116386972368, 0.11402220279, 0.0805230215192, 0.0487880073488, 0.0427613630891, 0.0626235082746, 0.0870487838984, 0.0911808609962, 0.0720631107688, 0.0557056106627, 0.0528416149318, 0.0650926306844, 0.0747301205993, 0.0711688101292, 0.0559244304895, 0.0455452427268, 0.0441343151033, 0.0413325466216, 0.0462230890989, 0.0631772503257, 0.127638861537, 0.166541084647, 0.150632992387, 0.11195525527, 0.0317022576928], "dmean2": [0.0279520861804, 0.0286511071026, 0.0437694787979, 0.0528158023953, 0.0382508039474, 0.0251898728311, 0.028115902096, 0.0529188774526, 0.101404309273, 0.124590031803, 0.143344208598, 0.192414909601, 0.187472462654, 0.136888489127, 0.0880498066545, 0.0790093317628, 0.10918956995, 0.14626583457, 0.153402984142, 0.123767152429, 0.100030034781, 0.0954671353102, 0.112760961056, 0.12203271687, 0.116270542145, 0.0880810543895, 0.0744665935636, 0.0772455558181, 0.07643122226, 0.0847485587001, 0.115435451269, 0.227283835411, 0.286942481995, 0.242099195719, 0.192739382386, 0.055687200278], "max": [1, 1, 1, 1, 1, 1, 1, 1, 1, 1, 1, 1, 1, 1, 1, 1, 1, 1, 1, 1, 1, 1, 1, 1, 1, 1, 1, 1, 1, 1, 1, 1, 1, 1, 1, 1], "dvar": [0.00417277729139, 0.0057794963941, 0.00959488749504, 0.0146975051612, 0.00646764738485, 0.00438446039334, 0.00502095464617, 0.00847662705928, 0.0197099167854, 0.0278960242867, 0.0271850209683, 0.0365296714008, 0.0415157154202, 0.0284316837788, 0.0240190923214, 0.0200187638402, 0.0238492265344, 0.0360423959792, 0.0348689667881, 0.0319335013628, 0.0255941338837, 0.0273821558803, 0.031614433974, 0.031441681087, 0.0292908921838, 0.0180247444659, 0.0170190259814, 0.0153145231307, 0.0155756948516, 0.0196162723005, 0.0228655058891, 0.0462839268148, 0.0570762716234, 0.0494236648083, 0.0309879500419, 0.00977453123778], "mean": [0.0135109648108, 0.0134804658592, 0.048018347472, 0.0707152709365, 0.0368849597871, 0.0102928699926, 0.0114147886634, 0.0280506834388, 0.0832511484623, 0.103628650308, 0.0884409323335, 0.218833655119, 0.259680390358, 0.108956500888, 0.0351884551346, 0.0293303895742, 0.0684666410089, 0.131715863943, 0.123428858817, 0.0702752545476, 0.0426100492477, 0.0388241931796, 0.0677573904395, 0.103704199195, 0.0932920798659, 0.0721034035087, 0.0849951207638, 0.0636994838715, 0.0387305244803, 0.0474895760417, 0.0506073385477, 0.145307943225, 0.38074016571, 0.405169099569, 0.161535575986, 0.0269771739841], "dvar2": [0.0113129718229, 0.0152657711878, 0.0217037182301, 0.0314027965069, 0.0155533105135, 0.0125902462751, 0.0142714967951, 0.0221210364252, 0.0502976290882, 0.0668483227491, 0.0689835399389, 0.0880775004625, 0.0982282534242, 0.0721135511994, 0.0620102882385, 0.0551305226982, 0.0615717954934, 0.0838001072407, 0.0868369862437, 0.0773272886872, 0.0655642747879, 0.0720446482301, 0.0785628631711, 0.0713536813855, 0.0660876110196, 0.0395915284753, 0.0371264964342, 0.0408790409565, 0.0432126075029, 0.0510639436543, 0.0637532770634, 0.119895689189, 0.139774829149, 0.101552598178, 0.0805917605758, 0.0253710243851], "min": [0, 0, 0, 0, 0, 0, 0, 0, 0, 0, 0, 0, 0, 0, 0, 0, 0, 0, 0, 0, 0, 0, 0, 0, 0, 0, 0, 0, 0, 0, 0, 0, 0, 0, 0, 0], "var": [0.00378453079611, 0.00513947848231, 0.0231794081628, 0.0495869368315, 0.0130201121792, 0.00264246668667, 0.00324231875129, 0.00840802583843, 0.0339667163789, 0.0506532862782, 0.0303357113153, 0.0879212915897, 0.126990392804, 0.0371837802231, 0.0192821118981, 0.0138835282996, 0.0282523855567, 0.0681599527597, 0.0570574365556, 0.0369990542531, 0.0217317603528, 0.0211128890514, 0.0404961109161, 0.0585064329207, 0.0495005361736, 0.0310866627842, 0.0519345477223, 0.0289844311774, 0.0169914737344, 0.0264759268612, 0.0172620080411, 0.0543505847454, 0.140465453267, 0.155263334513, 0.0496604964137, 0.0100786201656], "median": [0.000353467534296, 0.000598679878749, 0.000910009257495, 0.000897897116374, 0.000792511506006, 0.000555865932256, 0.000439682946308, 0.00143462454434, 0.00401473743841, 0.00482234545052, 0.0243120864034, 0.0639230683446, 0.0554162524641, 0.0179553125054, 0.000590271956753, 0.000676464871503, 0.00411365507171, 0.01228822954, 0.016213728115, 0.00378839741461, 0.000564531830605, 0.000350711721694, 0.00108354631811, 0.00312361191027, 0.00447256769985, 0.0037715358194, 0.000799611385446, 0.000791003927588, 0.00140387332067, 0.0017257607542, 0.00335626094602, 0.0226011089981, 0.267399638891, 0.272642940283, 0.0395490191877, 0.000860104279127]}}, "lowlevel": {"melbands_flatness_db": {"dmean": 0.0233781524003, "dmean2": 0.0314334444702, "max": 0.671614944935, "dvar": 0.000703797617462, "mean": 0.370739102364, "dvar2": 0.00121899705846, "min": 0.00338592380285, "var": 0.0125842085108, "median": 0.38244715333}, "melbands_crest": {"dmean": 2.52310848236, "dmean2": 3.81383061409, "max": 34.396697998, "dvar": 6.5195183754, "mean": 18.3256130219, "dvar2": 15.5525751114, "min": 1.48405599594, "var": 37.4821662903, "median": 18.3184757233}, "spectral_entropy": {"dmean": 0.228726655245, "dmean2": 0.32322114706, "max": 9.82639217377, "dvar": 0.0683680176735, "mean": 6.11218214035, "dvar2": 0.127127379179, "min": 3.99996304512, "var": 0.9917126894, "median": 6.03680992126}, "melbands": {"dmean": [3.36743541993e-05, 0.00015712340246, 0.000350069516571, 0.000635588832665, 0.000399434240535, 0.000138974748552, 1.22383571579e-05, 2.30546902458e-05, 0.000116773240734, 0.000139273382956, 2.70158507192e-05, 2.4129243684e-05, 9.31875092647e-06, 4.27676150139e-06, 4.81301321997e-06, 5.88432294535e-06, 4.42665668743e-06, 6.25583970759e-06, 5.52668871023e-06, 3.90916193282e-06, 2.81409438685e-06, 1.16803391847e-06, 4.3055496235e-07, 1.48114304466e-06, 7.25681229596e-06, 5.19323430126e-06, 1.79690459845e-06, 1.84198097486e-06, 1.10494136152e-06, 7.15248233973e-07, 3.21854798813e-07, 7.21893016475e-08, 2.83644645549e-08, 4.3566867447e-08, 2.85911241349e-08, 2.21026343894e-08, 2.21521467836e-08, 1.87934592333e-08, 1.80973458441e-08, 4.79638302409e-08], "dmean2": [4.77401117678e-05, 0.000239548433456, 0.000506824464537, 0.000862691493239, 0.00058049854124, 0.000206626340514, 1.8021237338e-05, 3.33238349413e-05, 0.000160025723744, 0.000171805280843, 3.29507674905e-05, 2.96028374578e-05, 1.17285535453e-05, 5.50201730221e-06, 5.5616787904e-06, 6.49209641779e-06, 5.00182477481e-06, 7.65524418966e-06, 7.70880888012e-06, 4.76562718177e-06, 3.48645949089e-06, 1.53198561748e-06, 5.68509449295e-07, 1.94970402845e-06, 9.71891768131e-06, 6.38240362605e-06, 2.13322914533e-06, 2.2789859031e-06, 1.36860319344e-06, 8.63946866048e-07, 4.00644495357e-07, 1.04051437688e-07, 4.2232471742e-08, 6.3118598348e-08, 4.25303845475e-08, 3.12984234085e-08, 3.15791339744e-08, 2.7548292536e-08, 2.60132253516e-08, 6.49835669719e-08], "max": [0.00165887456387, 0.00452125398442, 0.013390885666, 0.0231993123889, 0.0104438113049, 0.00627531483769, 0.000629803980701, 0.00371038843878, 0.0158657487482, 0.0255017559975, 0.00486123561859, 0.00836638640612, 0.00267466739751, 0.00117123674136, 0.00159921240993, 0.00258573074825, 0.00260225194506, 0.00193030445371, 0.000921115162782, 0.000873516721185, 0.000703872938175, 0.000190575592569, 4.15633767261e-05, 0.00016192230396, 0.000490614620503, 0.000485033990117, 0.000161123185535, 0.000210803817026, 0.000135056223371, 8.92845710041e-05, 2.46366198553e-05, 7.00062855685e-06, 2.73837713394e-06, 1.13106243589e-05, 7.55161090638e-06, 5.40020573681e-06, 7.94389779912e-06, 8.99963197298e-06, 3.46546039509e-06, 1.52749798872e-05], "dvar": [4.84178785953e-09, 7.92567931285e-08, 5.11979692419e-07, 1.45701926613e-06, 3.26737364276e-07, 6.03036056646e-08, 8.05539412951e-10, 1.52613157667e-08, 3.54347690745e-07, 5.3625478813e-07, 1.81103061436e-08, 2.37839685724e-08, 2.30380869937e-09, 4.45599168675e-10, 1.06334463457e-09, 1.89661575334e-09, 1.36152933372e-09, 1.26990928884e-09, 8.97566021507e-10, 3.41106809465e-10, 2.43335879224e-10, 2.61333107932e-11, 1.74321646527e-12, 2.59074393882e-11, 4.94835394882e-10, 2.36088260053e-10, 2.99543168047e-11, 2.78283091015e-11, 1.25811028262e-11, 4.85163515265e-12, 8.65334876237e-13, 4.12857987001e-14, 1.28867346956e-14, 6.7793887908e-14, 3.68041846457e-14, 2.42694929366e-14, 3.30661435461e-14, 2.52220356959e-14, 1.29653961043e-14, 1.67608846724e-13], "mean": [5.98211299803e-05, 0.00033901448478, 0.000823966809548, 0.00177382165566, 0.001003953279, 0.000378496944904, 3.12786432914e-05, 4.05949322158e-05, 0.000239485350903, 0.000347846886143, 6.37242919765e-05, 5.99482409598e-05, 2.75379479717e-05, 1.13685300676e-05, 1.0648161151e-05, 1.38482937473e-05, 8.90724004421e-06, 1.5141539734e-05, 1.22592591651e-05, 9.26045322558e-06, 5.97908911004e-06, 2.27616305892e-06, 1.17315846637e-06, 3.57717249244e-06, 1.63412260008e-05, 1.5652658476e-05, 5.33457023266e-06, 5.24139022673e-06, 2.95803306471e-06, 1.92665538634e-06, 8.61541650465e-07, 1.43263733321e-07, 4.05106987955e-08, 5.5551765854e-08, 3.46638344695e-08, 2.85640364694e-08, 2.88703834173e-08, 2.65284505474e-08, 2.81108043509e-08, 6.33428030028e-08], "dvar2": [8.25416268668e-09, 1.76204366653e-07, 1.03905063042e-06, 2.87930265586e-06, 7.31997545245e-07, 1.33567596095e-07, 1.68013447599e-09, 3.21323412322e-08, 6.64057267841e-07, 8.53409517276e-07, 2.75323124299e-08, 3.39407222327e-08, 3.3267251176e-09, 6.19720663675e-10, 1.14062981282e-09, 2.41606379348e-09, 1.56743762414e-09, 1.85342208248e-09, 2.04811945181e-09, 4.85179563192e-10, 3.3379007891e-10, 4.64261060151e-11, 3.15184315279e-12, 4.88339473026e-11, 9.39396005428e-10, 3.62688906685e-10, 4.4339237143e-11, 4.53195606043e-11, 2.01704555836e-11, 7.39870144317e-12, 1.40480520012e-12, 8.18435353126e-14, 2.73080694749e-14, 1.47062551481e-13, 8.49254138693e-14, 4.94021192227e-14, 7.38540562799e-14, 5.61760822592e-14, 2.59082492737e-14, 3.22055208023e-13], "min": [7.04106034691e-25, 7.95631205332e-25, 6.67749210506e-25, 1.47401302825e-24, 1.06554696519e-24, 1.4306145358e-24, 1.54133293878e-24, 1.67648897071e-24, 2.40476200575e-24, 8.28179211851e-25, 7.87777355464e-25, 1.62181607821e-24, 2.84606341791e-24, 2.72079506717e-24, 3.01736259133e-24, 3.08742763921e-24, 2.57997669027e-24, 1.59335279346e-24, 2.77877930194e-24, 2.99161989062e-24, 3.64579403754e-24, 3.62782773043e-24, 3.524159969e-24, 2.56270576405e-24, 1.71406793765e-24, 4.69363955567e-24, 4.00930193153e-24, 4.55004320509e-24, 4.7600876763e-24, 4.74614100993e-24, 4.34350443175e-24, 5.01378652671e-24, 5.2231352226e-24, 5.02872676339e-24, 5.85427127843e-24, 5.79992467852e-24, 5.73304228996e-24, 5.83237486628e-24, 5.4010864656e-24, 5.72218835276e-24], "var": [2.02624761414e-08, 2.05710151135e-07, 1.36068047141e-06, 4.37535391029e-06, 1.09251607228e-06, 2.85189571514e-07, 2.28346830333e-09, 3.06768406233e-08, 1.32311447487e-06, 2.98880308947e-06, 8.7104638169e-08, 1.0686158447e-07, 1.66847264893e-08, 2.05126426955e-09, 4.23696544516e-09, 1.05847774989e-08, 5.20281195904e-09, 5.99497251841e-09, 2.52855181238e-09, 1.79242964915e-09, 9.05465702417e-10, 7.90253557037e-11, 9.241486916e-12, 1.01433458854e-10, 1.82055892584e-09, 1.82890314004e-09, 2.16231602068e-10, 1.83383100372e-10, 7.42499881023e-11, 2.7157205304e-11, 4.94441510304e-12, 1.35491593531e-13, 2.34562244167e-14, 1.09545144765e-13, 5.06894094027e-14, 4.14509396317e-14, 5.0620620163e-14, 4.33326470409e-14, 2.82639885075e-14, 2.67297224936e-13], "median": [1.4151495634e-05, 0.000195352986339, 0.000462698284537, 0.00110843987204, 0.000690499029588, 0.00017895954079, 1.50866044351e-05, 7.28626173441e-06, 1.83419615496e-05, 6.5155768425e-06, 3.56627629117e-06, 1.64246262102e-06, 1.52250959218e-06, 2.06300205718e-06, 3.71807061583e-07, 3.73290447442e-07, 2.18311356548e-07, 2.6641262707e-07, 2.79105620393e-07, 2.58443492385e-07, 2.60057021251e-07, 1.67043381794e-07, 1.49538649907e-07, 2.17159268345e-07, 3.45064620433e-07, 2.3876438604e-07, 1.63278230048e-07, 1.55885558684e-07, 1.45645813632e-07, 1.00703431372e-07, 3.97246537887e-08, 1.41787790398e-08, 4.02833233437e-09, 1.77514758448e-09, 1.24352661501e-09, 9.7370678187e-10, 1.0012722873e-09, 1.04193076389e-09, 1.38182842946e-09, 1.86023840776e-09]}, "silence_rate_60dB": {"dmean": 0.0252525247633, "dmean2": 0.0505141615868, "max": 1, "dvar": 0.0246159937233, "mean": 0.0991884544492, "dvar2": 0.0537343546748, "min": 0, "var": 0.0893530398607, "median": 0}, "spectral_energyband_middle_high": {"dmean": 0.000450068444479, "dmean2": 0.000507100485265, "max": 0.0555922053754, "dvar": 1.8902831016e-06, "mean": 0.00183255167212, "dvar2": 2.52910422205e-06, "min": 1.21738186194e-21, "var": 2.13007097045e-05, "median": 0.000135060836328}, "erbbands_skewness": {"dmean": 0.548683583736, "dmean2": 0.762472629547, "max": 12.4080753326, "dvar": 0.409443110228, "mean": 2.23816370964, "dvar2": 0.797973036766, "min": -2.59631681442, "var": 3.55459594727, "median": 2.21032762527}, "dynamic_complexity": 3.45755529404, "dissonance": {"dmean": 0.0282205473632, "dmean2": 0.0448841042817, "max": 0.499980211258, "dvar": 0.000788097444456, "mean": 0.406795829535, "dvar2": 0.00186762365047, "min": 0.117714345455, "var": 0.00363908917643, "median": 0.41964006424}, "spectral_skewness": {"dmean": 0.482209473848, "dmean2": 0.699489951134, "max": 9.74932384491, "dvar": 0.299225896597, "mean": 2.84359121323, "dvar2": 0.530950903893, "min": -0.0790117606521, "var": 3.30504369736, "median": 2.5366768837}, "spectral_kurtosis": {"dmean": 5.23449420929, "dmean2": 7.88349819183, "max": 119.372413635, "dvar": 45.0054588318, "mean": 17.6797618866, "dvar2": 85.3610534668, "min": -1.32669687271, "var": 324.854888916, "median": 11.4557170868}, "gfcc": {"cov": [[43399.5195312, 4261.00732422, -5824.21337891, 1204.90148926, -1592.65527344, -1742.39196777, -747.822570801, 180.342758179, -2429.98388672, 385.976318359, -1568.24206543, -672.004638672, -161.626815796], [4261.00732422, 1635.00708008, -86.4562683105, -145.242874146, 104.018692017, -250.6590271, 4.24530887604, -156.014831543, -171.643325806, -103.06124115, -33.8721580505, -94.6573562622, -47.2145767212], [-5824.21337891, -86.4562683105, 2403.49145508, -254.257141113, 91.5099258423, 492.052032471, -242.060760498, -203.379989624, 427.43182373, -225.998764038, 304.642578125, 262.260498047, -78.9939041138], [1204.90148926, -145.242874146, -254.257141113, 655.195495605, 18.8807735443, -219.261474609, 0.925567865372, 122.065757751, -58.0084877014, 45.6455116272, -14.9718179703, -14.5267095566, 59.3465614319], [-1592.65527344, 104.018692017, 91.5099258423, 18.8807735443, 342.562835693, 3.46863436699, 135.656768799, 28.2894649506, 81.3133773804, -1.42884004116, 82.9514923096, -33.5609512329, 17.66771698], [-1742.39196777, -250.6590271, 492.052032471, -219.261474609, 3.46863436699, 465.034729004, 29.969127655, -72.7503204346, 135.896835327, 4.12768507004, 13.5277919769, 23.3873577118, -57.8163566589], [-747.822570801, 4.24530887604, -242.060760498, 0.925567865372, 135.656768799, 29.969127655, 291.505523682, 64.9245834351, 20.2168216705, 69.4285354614, 13.8194179535, -85.2867279053, -12.2210178375], [180.342758179, -156.014831543, -203.379989624, 122.065757751, 28.2894649506, -72.7503204346, 64.9245834351, 199.188903809, 0.704928994179, 65.9925460815, -30.659034729, -36.534778595, 15.3280563354], [-2429.98388672, -171.643325806, 427.43182373, -58.0084877014, 81.3133773804, 135.896835327, 20.2168216705, 0.704928994179, 246.34161377, -25.3997993469, 74.0105361938, 48.8157539368, 11.3004188538], [385.976318359, -103.06124115, -225.998764038, 45.6455116272, -1.42884004116, 4.12768507004, 69.4285354614, 65.9925460815, -25.3997993469, 154.392059326, -24.4682941437, -54.8135528564, -7.69382381439], [-1568.24206543, -33.8721580505, 304.642578125, -14.9718179703, 82.9514923096, 13.5277919769, 13.8194179535, -30.659034729, 74.0105361938, -24.4682941437, 176.217758179, 60.2426338196, -7.00949382782], [-672.004638672, -94.6573562622, 262.260498047, -14.5267095566, -33.5609512329, 23.3873577118, -85.2867279053, -36.534778595, 48.8157539368, -54.8135528564, 60.2426338196, 137.670150757, 17.9809513092], [-161.626815796, -47.2145767212, -78.9939041138, 59.3465614319, 17.66771698, -57.8163566589, -12.2210178375, 15.3280563354, 11.3004188538, -7.69382381439, -7.00949382782, 17.9809513092, 95.4512786865]], "mean": [-164.636459351, 123.466072083, -72.2040328979, 12.9799442291, -43.7644805908, -38.5687446594, -34.3215484619, -8.0529384613, -51.5115203857, -1.88358318806, -28.6849250793, -4.58522796631, -5.35347604752], "icov": [[0.000404458114645, -0.00122209230904, 0.000671324902214, -0.000774328655098, 0.0009942764882, -0.000789034238551, 0.00125811574981, -0.000831007899251, 0.0015228940174, -0.000558507803362, 0.000997641240247, -0.000582625856623, 0.000707641302142], [-0.00122209230904, 0.00474440399557, -0.00229935767129, 0.00265603978187, -0.00351009983569, 0.0033841826953, -0.00406451709569, 0.00344594987109, -0.003995295614, 0.00204196432605, -0.00237962044775, 0.0024086011108, -0.00164194172248], [0.000671324902214, -0.00229935767129, 0.00242036441341, -0.00148393923882, 0.00153212551959, -0.00248438701965, 0.00323354941793, -0.00155508925673, 0.00120010529645, -0.00015113678819, 0.00024415992084, -0.00153297081124, 0.00195282069035], [-0.000774328655098, 0.00265603978187, -0.00148393923882, 0.00361236394383, -0.00214800448157, 0.00257438700646, -0.00239120796323, 0.000966412713751, -0.00244426680729, 0.000704424455762, -0.00171231362037, 0.0012245568214, -0.00198610662483], [0.0009942764882, -0.00351009983569, 0.00153212551959, -0.00214800448157, 0.00738881574944, -0.00215746066533, 0.00132795458194, -0.00275900051929, 0.00268067955039, -0.000683941412717, 0.00013981210941, 0.000258512154687, 7.85212760093e-05], [-0.000789034238551, 0.0033841826953, -0.00248438701965, 0.00257438700646, -0.00215746066533, 0.00676233274862, -0.004048157949, 0.0037286337465, -0.00369282579049, -0.000206893688301, 0.000748573045712, 0.00114444014616, 0.000319476006553], [0.00125811574981, -0.00406451709569, 0.00323354941793, -0.00239120796323, 0.00132795458194, -0.004048157949, 0.0106130875647, -0.00391445076093, 0.00359313958324, -0.00233998545446, 0.00090726162307, 0.000496186199598, 0.00293137552217], [-0.000831007899251, 0.00344594987109, -0.00155508925673, 0.000966412713751, -0.00275900051929, 0.0037286337465, -0.00391445076093, 0.0100176641718, -0.00412392290309, -0.0010298404377, 0.000187865720363, 0.00137560046278, -0.000771259132307], [0.0015228940174, -0.003995295614, 0.00120010529645, -0.00244426680729, 0.00268067955039, -0.00369282579049, 0.00359313958324, -0.00412392290309, 0.0137993665412, -0.00181919394527, 0.00338543509133, -0.00260443543084, 0.000463542499347], [-0.000558507803362, 0.00204196432605, -0.00015113678819, 0.000704424455762, -0.000683941412717, -0.000206893688301, -0.00233998545446, -0.0010298404377, -0.00181919394527, 0.0107364011928, -0.00283775734715, 0.00339923100546, -0.000399618991651], [0.000997641240247, -0.00237962044775, 0.00024415992084, -0.00171231362037, 0.00013981210941, 0.000748573045712, 0.00090726162307, 0.000187865720363, 0.00338543509133, -0.00283775734715, 0.0136412149295, -0.00568066816777, 0.00373477768153], [-0.000582625856623, 0.0024086011108, -0.00153297081124, 0.0012245568214, 0.000258512154687, 0.00114444014616, 0.000496186199598, 0.00137560046278, -0.00260443543084, 0.00339923100546, -0.00568066816777, 0.0149500072002, -0.00398828042671], [0.000707641302142, -0.00164194172248, 0.00195282069035, -0.00198610662483, 7.85212760093e-05, 0.000319476006553, 0.00293137552217, -0.000771259132307, 0.000463542499347, -0.000399618991651, 0.00373477768153, -0.00398828042671, 0.0153302177787]]}, "spectral_complexity": {"dmean": 1.04545450211, "dmean2": 1.57207286358, "max": 27, "dvar": 1.66416418552, "mean": 7.18467092514, "dvar2": 2.81746816635, "min": 0, "var": 23.0425319672, "median": 6}, "spectral_flux": {"dmean": 0.0192620102316, "dmean2": 0.0303266271949, "max": 0.26770812273, "dvar": 0.000523390132003, "mean": 0.0452362596989, "dvar2": 0.00126098608598, "min": 6.25519566699e-11, "var": 0.00140549615026, "median": 0.035484239459}, "spectral_energyband_low": {"dmean": 0.000721355783753, "dmean2": 0.00110022909939, "max": 0.0221881121397, "dvar": 1.77845197413e-06, "mean": 0.00163522467483, "dvar2": 4.12703411712e-06, "min": 1.64612772607e-23, "var": 4.50610332337e-06, "median": 0.000964277831372}, "spectral_decrease": {"dmean": 1.26890564722e-09, "dmean2": 1.72851244429e-09, "max": 1.43909855491e-17, "dvar": 3.52842038014e-18, "mean": -4.56783055824e-09, "dvar2": 6.58110147944e-18, "min": -4.00373245668e-08, "var": 1.89067282948e-17, "median": -3.48831630248e-09}, "barkbands_spread": {"dmean": 2.72025465965, "dmean2": 3.72222852707, "max": 147.918533325, "dvar": 41.89112854, "mean": 9.18336296082, "dvar2": 81.5860290527, "min": 0.211259245872, "var": 172.256011963, "median": 2.95006489754}, "spectral_rms": {"dmean": 0.000541137647815, "dmean2": 0.000726121477783, "max": 0.0125652123243, "dvar": 4.46073471494e-07, "mean": 0.00377333560027, "dvar2": 7.959819186e-07, "min": 3.11802601967e-12, "var": 3.43147144122e-06, "median": 0.00365503458306}, "spectral_centroid": {"dmean": 123.560211182, "dmean2": 166.520492554, "max": 11820.5273438, "dvar": 65097.3398438, "mean": 1023.265625, "dvar2": 126399.21875, "min": 179.99597168, "var": 3908997.5, "median": 343.419891357}, "barkbands_skewness": {"dmean": 0.923323273659, "dmean2": 1.31637847424, "max": 23.9472484589, "dvar": 1.22524046898, "mean": 3.49389910698, "dvar2": 2.52860426903, "min": -3.06774926186, "var": 8.33605957031, "median": 3.02538490295}, "spectral_rolloff": {"dmean": 239.320327759, "dmean2": 420.187072754, "max": 19810.546875, "dvar": 1046481.9375, "mean": 1396.51513672, "dvar2": 2495251.25, "min": 86.1328125, "var": 13098946, "median": 322.998046875}, "erbbands_spread": {"dmean": 6.67628622055, "dmean2": 9.27290916443, "max": 192.816741943, "dvar": 135.900848389, "mean": 26.3334541321, "dvar2": 239.598144531, "min": 0.874717473984, "var": 664.958679199, "median": 16.5982074738}, "barkbands": {"dmean": [3.40068567084e-07, 0.000216496366193, 0.000337010453222, 0.000579261104576, 0.00293280370533, 0.000979092437774, 2.89548988803e-05, 0.000330363254761, 0.000900632003322, 0.000152804743266, 0.000100094053778, 3.53764662577e-05, 5.76208003622e-05, 4.88892474095e-05, 8.29117998364e-05, 5.17207954545e-05, 1.72956824827e-05, 3.62362225133e-05, 0.000139853742439, 5.18413617101e-05, 2.69877145911e-05, 3.16071191264e-06, 1.88230728781e-06, 1.50572179791e-06, 8.0091667769e-06, 1.21021312225e-05, 3.47756497376e-07], "dmean2": [5.9412536757e-07, 0.000309718714561, 0.00053444178775, 0.000900091952644, 0.00399391213432, 0.00147568888497, 4.51615524071e-05, 0.00045552130905, 0.00115204846952, 0.000201541610295, 0.000125422579003, 4.66079327452e-05, 6.64715698804e-05, 6.06486355537e-05, 0.000114959431812, 6.26919645583e-05, 2.36555897573e-05, 5.25720752194e-05, 0.000176691304659, 6.24969834462e-05, 3.36062403221e-05, 4.81917504658e-06, 2.68155281447e-06, 2.02457840714e-06, 1.10521850729e-05, 1.64937700902e-05, 5.07455467869e-07], "max": [3.11618787237e-05, 0.01040048711, 0.00770384818316, 0.027893755585, 0.0949236899614, 0.0304233133793, 0.00353251001798, 0.059704773128, 0.132099106908, 0.0471084602177, 0.0333332307637, 0.0118358852342, 0.0192930623889, 0.0239763241261, 0.0127574559301, 0.0100160725415, 0.00249309581704, 0.00353395007551, 0.00935663562268, 0.00586047908291, 0.00317487260327, 0.000197767047212, 0.000461592309875, 0.000383243168471, 0.00237097591162, 0.0045170863159, 5.31089463038e-05], "dvar": [5.9900256413e-13, 2.00175279019e-07, 3.7581563106e-07, 2.24675022764e-06, 2.33761966228e-05, 2.39466226049e-06, 9.08504027564e-09, 3.63069375453e-06, 2.02936316782e-05, 9.97546635517e-07, 3.7629197891e-07, 3.58332634676e-08, 1.53555959059e-07, 1.2834898655e-07, 1.70761310869e-07, 5.71058897947e-08, 5.87272674935e-09, 1.82563049123e-08, 1.47203707002e-07, 2.1208936829e-08, 6.65087673823e-09, 8.89851733965e-11, 1.32158617383e-10, 9.82878153866e-11, 4.02552213785e-09, 8.76450734211e-09, 1.55804579308e-12], "mean": [3.75015474674e-07, 0.000386338011594, 0.000777441659011, 0.00111281801946, 0.00842628069222, 0.00246139639057, 6.81419187458e-05, 0.0005439890665, 0.00229706079699, 0.000358023273293, 0.000261520937784, 8.28982956591e-05, 0.000139004754601, 0.000104331164039, 0.000183554031537, 0.000121760516777, 3.26561385009e-05, 6.72415189911e-05, 0.000415488175349, 0.00015863358567, 7.37783047953e-05, 5.09788424097e-06, 2.43797921939e-06, 2.3124305244e-06, 1.11758345156e-05, 1.69982213265e-05, 5.76087757054e-07], "dvar2": [1.7146513159e-12, 3.54522995849e-07, 9.40288089168e-07, 5.1394804359e-06, 4.65506564069e-05, 5.84397821513e-06, 2.19383071709e-08, 7.12556038707e-06, 3.37708042935e-05, 1.6292632381e-06, 5.91006141804e-07, 5.21946788012e-08, 1.91757450807e-07, 1.55071177232e-07, 3.5537627241e-07, 7.10928702574e-08, 1.12506572947e-08, 4.03724875753e-08, 2.3960402018e-07, 3.15944745921e-08, 1.17055680704e-08, 2.01291955326e-10, 2.81104167721e-10, 1.65971014709e-10, 8.45486702872e-09, 1.44669032309e-08, 2.43042001455e-12], "min": [5.95764469613e-25, 3.14114038938e-24, 2.62653851495e-25, 9.6657420805e-25, 4.96428313832e-24, 7.57122112219e-24, 5.2492043145e-24, 3.36855833873e-24, 6.09202646108e-24, 5.68377319326e-24, 1.71766052855e-23, 1.87634258176e-23, 2.55944216759e-23, 3.28721841748e-23, 4.20032586191e-23, 5.37362582306e-23, 6.16430173945e-23, 6.1488741445e-23, 1.37516126264e-22, 1.74745110333e-22, 2.42837336995e-22, 2.83692077245e-22, 3.81985660649e-22, 6.48364853732e-22, 8.84280106678e-22, 1.30608274528e-21, 1.88427502623e-21], "var": [4.70410223361e-13, 7.8838513673e-07, 8.2475111185e-07, 5.2577806855e-06, 7.18432056601e-05, 8.65576748765e-06, 1.60595501342e-08, 7.72588282416e-06, 0.000108726759208, 4.1745870476e-06, 1.93832283912e-06, 1.22334867569e-07, 8.62822730596e-07, 5.82685970585e-07, 5.78531569317e-07, 3.22967025568e-07, 1.50370862428e-08, 4.35631655193e-08, 1.00424449556e-06, 1.62232424827e-07, 3.61792373837e-08, 1.79126574684e-10, 2.22406509875e-10, 2.52400239598e-10, 6.98586477554e-09, 1.79363475183e-08, 4.14749484756e-12], "median": [2.06882845077e-07, 8.94481418072e-05, 0.0004966246197, 0.000223098802962, 0.00604790309444, 0.00139883114025, 3.26081681123e-05, 5.70553675061e-05, 5.44526919839e-05, 1.74659380718e-05, 7.07286199031e-06, 1.25883670989e-05, 3.98917109123e-06, 2.61674813373e-06, 3.699898798e-06, 4.0042496039e-06, 2.52418067248e-06, 3.95156530431e-06, 7.58265287004e-06, 4.99453381053e-06, 4.49309027317e-06, 5.43303087852e-07, 8.28181185852e-08, 9.28118879528e-08, 3.1342915463e-07, 7.55986093282e-07, 3.14067676754e-07]}, "melbands_kurtosis": {"dmean": 14.7790126801, "dmean2": 21.4455242157, "max": 599.108642578, "dvar": 680.241821289, "mean": 42.2277412415, "dvar2": 1489.92663574, "min": -1.47032642365, "var": 2846.16259766, "median": 24.8286685944}, "erbbands_crest": {"dmean": 2.40113639832, "dmean2": 3.59908390045, "max": 31.2442321777, "dvar": 6.31371736526, "mean": 14.5910673141, "dvar2": 14.0813903809, "min": 2.62860012054, "var": 34.3319358826, "median": 13.8920869827}, "melbands_skewness": {"dmean": 0.840294063091, "dmean2": 1.21396481991, "max": 18.4071846008, "dvar": 1.12036550045, "mean": 3.59596061707, "dvar2": 2.31606769562, "min": -1.24336314201, "var": 7.08045053482, "median": 3.14839267731}, "spectral_energyband_middle_low": {"dmean": 0.00452342815697, "dmean2": 0.0062381317839, "max": 0.140324428678, "dvar": 4.79612426716e-05, "mean": 0.0149378953502, "dvar2": 9.09633308765e-05, "min": 1.84750984189e-22, "var": 0.000233881364693, "median": 0.0111600086093}, "spectral_contrast_coeffs": {"dmean": [0.0395629107952, 0.0402571335435, 0.0320820063353, 0.0271406788379, 0.0241082459688, 0.020770708099], "dmean2": [0.0610738098621, 0.0630304738879, 0.0492837578058, 0.0416082516313, 0.0342636629939, 0.0284706242383], "max": [-0.183412089944, -0.294535726309, -0.383761942387, -0.489077210426, -0.531303524971, -0.516119003296], "dvar": [0.00116014282685, 0.001309236628, 0.000857365957927, 0.000609875598457, 0.000592577911448, 0.000525780662429], "mean": [-0.485010564327, -0.640059292316, -0.730574667454, -0.776573956013, -0.765885829926, -0.765276968479], "dvar2": [0.00275061721914, 0.00303470320068, 0.00175896857399, 0.0012622284703, 0.0010179966921, 0.000826026895083], "min": [-0.979619145393, -0.979173719883, -0.977588117123, -0.974769055843, -0.96760559082, -0.965175151825], "var": [0.0149705270305, 0.0109366737306, 0.00929986406118, 0.00677772983909, 0.00816756859422, 0.00842513330281], "median": [-0.468096971512, -0.638442635536, -0.734720289707, -0.787738204002, -0.778489291668, -0.775714814663]}, "spectral_contrast_valleys": {"dmean": [0.480771452188, 0.327825546265, 0.324420332909, 0.320380747318, 0.29606834054, 0.183896929026], "dmean2": [0.718201875687, 0.52496689558, 0.508314788342, 0.492919951677, 0.425122737885, 0.254729628563], "max": [-6.21255159378, -6.21953439713, -6.23197746277, -7.09335041046, -6.2589468956, -8.76920413971], "dvar": [0.193576723337, 0.106117799878, 0.102529816329, 0.109054431319, 0.10795558244, 0.0755668655038], "mean": [-9.14462661743, -8.61079978943, -9.83250617981, -10.4776754379, -10.0734319687, -13.0035085678], "dvar2": [0.383047252893, 0.228360757232, 0.205206081271, 0.215153038502, 0.191157773137, 0.100273050368], "min": [-28.3188838959, -28.0168838501, -28.1898422241, -27.8325614929, -27.483537674, -27.4428730011], "var": [12.6529541016, 13.092625618, 11.6368408203, 11.0112943649, 11.74259758, 7.72898578644], "median": [-8.45169734955, -7.85812187195, -9.22703456879, -9.90588569641, -9.46588993073, -12.7084522247]}, "silence_rate_20dB": {"dmean": 0, "dmean2": 0, "max": 1, "dvar": 0, "mean": 1, "dvar2": 0, "min": 1, "var": 0, "median": 1}, "silence_rate_30dB": {"dmean": 0.00360750360414, "dmean2": 0.00721630873159, "max": 1, "dvar": 0.00359469186515, "mean": 0.993507683277, "dvar2": 0.00824714265764, "min": 0, "var": 0.00645003048703, "median": 1}, "spectral_strongpeak": {"dmean": 0.341523319483, "dmean2": 0.544725596905, "max": 10.2615213394, "dvar": 0.436189651489, "mean": 1.0506029129, "dvar2": 1.07084953785, "min": 0, "var": 1.47295415401, "median": 0.752970278263}, "spectral_spread": {"dmean": 538754.8125, "dmean2": 749615.125, "max": 43518892, "dvar": 1339979202560.0, "mean": 4739341.5, "dvar2": 1997062144000.0, "min": 929209.5625, "var": 50978405482500.0, "median": 3030210.25}, "barkbands_flatness_db": {"dmean": 0.0213413666934, "dmean2": 0.0300278328359, "max": 0.516444265842, "dvar": 0.000512531085405, "mean": 0.279970139265, "dvar2": 0.000946076121181, "min": 0.0593793466687, "var": 0.0059820250608, "median": 0.284882545471}, "pitch_salience": {"dmean": 0.056745223701, "dmean2": 0.0877149328589, "max": 0.952667236328, "dvar": 0.00342975161038, "mean": 0.500667273998, "dvar2": 0.00787542760372, "min": 0.0619556941092, "var": 0.0152489086613, "median": 0.498435348272}, "erbbands_kurtosis": {"dmean": 4.77895498276, "dmean2": 6.87769269943, "max": 253.135559082, "dvar": 81.775604248, "mean": 11.9238615036, "dvar2": 155.335708618, "min": -1.93528950214, "var": 330.187103271, "median": 6.04268741608}, "average_loudness": 0.760124921799, "barkbands_crest": {"dmean": 2.01442432404, "dmean2": 3.05287957191, "max": 26.3467636108, "dvar": 4.42488336563, "mean": 16.0216674805, "dvar2": 10.2149944305, "min": 3.94620895386, "var": 27.8241348267, "median": 16.3706378937}, "hfc": {"dmean": 2.31972813606, "dmean2": 2.87298369408, "max": 130.395690918, "dvar": 21.8602256775, "mean": 9.60597801208, "dvar2": 33.9177932739, "min": 1.0824404763e-16, "var": 201.996505737, "median": 4.35732936859}, "barkbands_kurtosis": {"dmean": 14.3002977371, "dmean2": 20.8619327545, "max": 813.884338379, "dvar": 648.149047852, "mean": 38.2340316772, "dvar2": 1369.08520508, "min": -1.97400486469, "var": 2498.42333984, "median": 23.6053123474}, "erbbands": {"dmean": [0.00128702714574, 0.0663188844919, 0.36672821641, 1.19127607346, 7.78054761887, 7.75255012512, 12.3823843002, 6.00290346146, 0.930238485336, 1.36596536636, 11.4936237335, 23.3192043304, 5.53220939636, 5.63614368439, 2.24886250496, 1.19772911072, 2.59911608696, 2.17225813866, 3.69430446625, 2.95041871071, 2.36969327927, 0.890680134296, 0.880164444447, 7.16416597366, 4.2723197937, 2.47377419472, 1.41711091995, 0.707195043564, 0.113407254219, 0.066239155829, 0.0439726784825, 0.0356463380158, 0.0255375728011, 0.0459637530148, 0.084645666182, 0.0813443884254, 0.0133622325957, 0.000749674800318, 7.18724477338e-05, 6.95897460901e-06], "dmean2": [0.00180467765313, 0.095747038722, 0.56845074892, 1.816624403, 10.7010679245, 10.9240179062, 18.0829677582, 8.7802734375, 1.37028539181, 1.99801659584, 15.7782335281, 29.2727680206, 6.5929312706, 6.84085988998, 2.90453290939, 1.44121146202, 2.88182449341, 2.34674119949, 4.59295845032, 3.93882918358, 2.7133705616, 1.10716724396, 1.02003836632, 9.32715797424, 4.76042222977, 2.97615456581, 1.63832354546, 0.825458526611, 0.15259128809, 0.0947593748569, 0.0633601248264, 0.0496077425778, 0.0358091183007, 0.0621423460543, 0.116319350898, 0.110929362476, 0.0185307152569, 0.00099389324896, 0.000105698498373, 9.707899153e-06], "max": [0.0622296817601, 3.01430296898, 8.34522628784, 56.0621261597, 272.935272217, 220.752380371, 313.73638916, 315.995452881, 46.1608695984, 188.034362793, 1670.84729004, 4226.08349609, 949.854736328, 1943.0814209, 804.36730957, 501.653503418, 978.133361816, 1135.98669434, 875.510437012, 351.141052246, 617.594360352, 128.575408936, 91.6932067871, 522.777954102, 501.6796875, 285.946899414, 177.208465576, 61.2198219299, 9.83787631989, 14.0483083725, 10.0946493149, 10.2381820679, 8.71035194397, 11.8585624695, 28.9726524353, 32.4063148499, 5.92431020737, 0.209559977055, 0.00969692878425, 0.000416998896981], "dvar": [6.66160531182e-06, 0.0180509705096, 0.422663360834, 8.25022602081, 265.153503418, 148.391235352, 320.836425781, 127.678291321, 3.93464922905, 44.0242538452, 3482.01513672, 15027.1611328, 620.612121582, 1304.19348145, 124.488807678, 44.8692092896, 388.378417969, 258.711273193, 412.498962402, 151.675430298, 155.521957397, 12.0408086777, 6.75484848022, 468.6875, 165.973556519, 49.8756866455, 19.0608482361, 3.95969963074, 0.0871361196041, 0.119747243822, 0.0771386921406, 0.0708559378982, 0.0320804156363, 0.126344189048, 0.487864673138, 0.377292752266, 0.0125636970624, 2.36422110902e-05, 5.82159600526e-08, 1.40002842652e-10], "mean": [0.00237181433477, 0.123879157007, 0.816754579544, 2.72765803337, 19.4074344635, 22.7479915619, 29.6007728577, 16.7182598114, 2.64674496651, 2.75330686569, 23.5887718201, 56.6029815674, 14.6019544601, 14.2336969376, 7.24130010605, 3.43745207787, 6.21232271194, 5.19760942459, 9.53358745575, 7.69607686996, 5.87925958633, 2.13301372528, 2.82320809364, 18.384847641, 14.982468605, 7.89498710632, 4.31632995605, 2.04191970825, 0.274927854538, 0.0935550034046, 0.0572990849614, 0.0483998730779, 0.039722494781, 0.0656527504325, 0.115550093353, 0.112623691559, 0.0194373466074, 0.0013242616551, 0.000125830483739, 2.48915257544e-05], "dvar2": [1.09279280878e-05, 0.0329904481769, 0.999239802361, 19.2052574158, 521.840820312, 308.96887207, 729.989135742, 266.380828857, 8.41072750092, 96.8970794678, 6799.90185547, 24497.3476562, 947.889221191, 1805.42797852, 173.69303894, 51.2322731018, 517.620422363, 292.230102539, 708.181945801, 289.554382324, 192.634689331, 19.9979419708, 9.43397808075, 859.014343262, 210.096359253, 74.278175354, 27.1511058807, 5.79262256622, 0.164125710726, 0.256586551666, 0.16952675581, 0.146214991808, 0.0596527270973, 0.231512263417, 1.05420196056, 0.641472220421, 0.019849313423, 3.53797513526e-05, 7.92215857359e-08, 2.34030211876e-10], "min": [4.20863225169e-23, 5.10168388579e-22, 1.00544904075e-21, 3.75747318318e-21, 1.05391631145e-20, 1.39660334518e-20, 2.78097960382e-20, 6.50497871016e-20, 1.02807247493e-19, 1.51445305952e-19, 2.57590143206e-19, 1.43730515496e-19, 2.3394585748e-19, 6.65950444963e-19, 8.85398514643e-19, 1.32099327278e-18, 1.46542138588e-18, 1.61507128338e-18, 1.95273292347e-18, 3.21579305109e-18, 3.93639661159e-18, 4.01197941289e-18, 3.94949294864e-18, 3.35142420177e-18, 8.25737595974e-18, 8.5614268734e-18, 9.74865687272e-18, 9.96950582447e-18, 1.06450898733e-17, 1.08743578694e-17, 1.05112206174e-17, 1.04849295088e-17, 9.023821663e-18, 6.98595386332e-18, 6.50465551518e-18, 4.07891155933e-18, 2.28349928938e-18, 8.73494558447e-19, 2.24621955164e-19, 2.62756280335e-20], "var": [2.98456361634e-05, 0.0673858523369, 0.964474797249, 19.0486183167, 737.700134277, 517.535888672, 1000.1026001, 647.584960938, 12.7370815277, 89.3232040405, 11692.0605469, 76019.8046875, 3670.30004883, 5866.88037109, 1069.9017334, 223.463577271, 1717.97363281, 1124.65722656, 1942.35510254, 702.590637207, 768.532531738, 48.4119644165, 49.3391342163, 2108.47949219, 1619.28417969, 392.792785645, 133.816574097, 25.5299510956, 0.368997633457, 0.19673588872, 0.120747096837, 0.123085595667, 0.0734959542751, 0.233595341444, 0.825590789318, 0.756058096886, 0.0264692157507, 6.09096859989e-05, 1.68196294226e-07, 6.10970718462e-10], "median": [0.000756585446652, 0.0346453040838, 0.509841859341, 1.10346436501, 10.2914581299, 15.8429746628, 19.7299976349, 7.56532287598, 1.53912770748, 0.756412744522, 2.21576786041, 1.40370762348, 0.838570713997, 0.428110659122, 0.661132514477, 0.44732016325, 0.198233932257, 0.153125792742, 0.183123648167, 0.209329128265, 0.242245316505, 0.190470963717, 0.255243211985, 0.418267548084, 0.291869580746, 0.256664961576, 0.245413646102, 0.105323322117, 0.030079877004, 0.00715849036351, 0.00261102267541, 0.00179521809332, 0.00176375592127, 0.0022316146642, 0.00301889586262, 0.00376692693681, 0.00113043235615, 0.000380493991543, 7.23376433598e-05, 1.90265673154e-05]}, "spectral_energy": {"dmean": 0.00495466729626, "dmean2": 0.00673450855538, "max": 0.16183167696, "dvar": 5.44377908227e-05, "mean": 0.0181113220751, "dvar2": 0.000101048193756, "min": 9.96513773569e-21, "var": 0.000304290093482, "median": 0.013693260029}, "zerocrossingrate": {"dmean": 0.00637064361945, "dmean2": 0.00714081618935, "max": 0.60546875, "dvar": 0.0001631060004, "mean": 0.0476732440293, "dvar2": 0.000168519138242, "min": 0.00634765625, "var":