{"tonal": {"hpcp": {"dvar": [0.0404813699424, 0.0406542941928, 0.0456675365567, 0.0507624894381, 0.0427908599377, 0.0433787107468, 0.0421482697129, 0.0487823970616, 0.0558735281229, 0.0555822849274, 0.0489209964871, 0.0450668744743, 0.0485818646848, 0.0445973239839, 0.0396674089134, 0.0472155958414, 0.0548569820821, 0.076812684536, 0.0628570392728, 0.0419047027826, 0.0359928607941, 0.0396917499602, 0.0391790233552, 0.048171069473, 0.114036910236, 0.040321033448, 0.0399730727077, 0.0546707622707, 0.0415778271854, 0.0357488244772, 0.0406334847212, 0.0401393324137, 0.0398840233684, 0.0407037883997, 0.0345862731338, 0.0394053682685], "var": [0.0347766987979, 0.0389999225736, 0.0615391656756, 0.0646910667419, 0.0379348881543, 0.0330351628363, 0.034908246249, 0.0490453541279, 0.0615814551711, 0.0529181025922, 0.0427033416927, 0.041178971529, 0.050686839968, 0.0419144146144, 0.035036355257, 0.0412886403501, 0.060661777854, 0.111368268728, 0.0822875797749, 0.0378238260746, 0.0294221118093, 0.0343641974032, 0.0352226831019, 0.0651585683227, 0.184286087751, 0.0544959567487, 0.0472012385726, 0.0798492506146, 0.0468219853938, 0.0303717777133, 0.0316067636013, 0.0345831587911, 0.0358086414635, 0.0340100936592, 0.0310861375183, 0.0341071672738], "median": [0.018550099805, 0.0307359211147, 0.0383393615484, 0.0304376706481, 0.0195527654141, 0.0129615189508, 0.0142346182838, 0.0179588273168, 0.0231111291796, 0.025200560689, 0.0232027620077, 0.0379858314991, 0.0452219471335, 0.0374955199659, 0.0217250846326, 0.0218370854855, 0.0499526448548, 0.0698420405388, 0.0600658543408, 0.0252432245761, 0.0123688057065, 0.0120253385976, 0.0156558081508, 0.192253753543, 0.233567520976, 0.19186013937, 0.0462448261678, 0.0548817813396, 0.0474194325507, 0.0280714742839, 0.0181586090475, 0.0166749823838, 0.0171299502254, 0.0174599532038, 0.0153201697394, 0.015026091598], "max": [1, 1, 1, 1, 1, 1, 1, 1, 1, 1, 1, 1, 1, 1, 1, 1, 1, 1, 1, 1, 1, 1, 1, 1, 1, 1, 1, 1, 1, 1, 1, 1, 1, 1, 1, 1], "dmean": [0.12196546793, 0.128741815686, 0.144794270396, 0.146396934986, 0.129198163748, 0.120555244386, 0.123582735658, 0.148246541619, 0.161057561636, 0.160921379924, 0.145572811365, 0.146338179708, 0.159553006291, 0.143214359879, 0.124196700752, 0.138093754649, 0.177499651909, 0.217668369412, 0.199660032988, 0.136998146772, 0.104696914554, 0.108583047986, 0.11191920191, 0.186199694872, 0.268116891384, 0.171749606729, 0.14476980269, 0.168117657304, 0.144663378596, 0.116755656898, 0.114870049059, 0.113115727901, 0.116875335574, 0.117457777262, 0.107187397778, 0.113592073321], "dmean2": [0.219074159861, 0.227592051029, 0.25253033638, 0.258731693029, 0.230922192335, 0.218993410468, 0.2221904248, 0.262035220861, 0.285827308893, 0.287491291761, 0.259948641062, 0.261620342731, 0.282401531935, 0.254407316446, 0.221673950553, 0.247097223997, 0.310086786747, 0.380111098289, 0.349014371634, 0.243859261274, 0.189005568624, 0.192400529981, 0.196429505944, 0.329223573208, 0.484341442585, 0.302744925022, 0.251204669476, 0.29188978672, 0.252247750759, 0.207800880075, 0.209364116192, 0.203660160303, 0.210066661239, 0.210964381695, 0.189210772514, 0.201798275113], "mean": [0.097617559135, 0.114310637116, 0.151362150908, 0.148339942098, 0.10746537894, 0.0892864987254, 0.0958983451128, 0.12503375113, 0.145655885339, 0.134431272745, 0.118301160634, 0.128124177456, 0.147596284747, 0.12800064683, 0.101478233933, 0.109043717384, 0.168924152851, 0.246384873986, 0.207712382078, 0.112017735839, 0.0819730907679, 0.0854954347014, 0.0911382213235, 0.273223876953, 0.439989447594, 0.262514024973, 0.148170664907, 0.19196715951, 0.146415069699, 0.097526371479, 0.0889170691371, 0.0911460071802, 0.0961507409811, 0.0933388397098, 0.0872680768371, 0.091848783195], "dvar2": [0.110520325601, 0.109363727272, 0.116445347667, 0.131088480353, 0.120303362608, 0.123965077102, 0.117387279868, 0.129358619452, 0.14932975173, 0.15114800632, 0.13539506495, 0.123180091381, 0.127289190888, 0.119493328035, 0.107688747346, 0.128577470779, 0.141277238727, 0.18255443871, 0.154622092843, 0.112307429314, 0.0973327383399, 0.105365514755, 0.103465944529, 0.116956904531, 0.244358181953, 0.0980548560619, 0.106983207166, 0.138846829534, 0.109779000282, 0.0982422754169, 0.113102905452, 0.109821401536, 0.109223365784, 0.113348990679, 0.0942278429866, 0.106960490346], "min": [0, 0, 0, 0, 0, 0, 0, 0, 0, 0, 0, 0, 0, 0, 0, 0, 0, 0, 0, 0, 0, 0, 0, 0, 0, 0, 0, 0, 0, 0, 0, 0, 0, 0, 0, 0]}, "key_key": "A#", "thpcp": [1, 0.596637070179, 0.336759597063, 0.436299473047, 0.33276951313, 0.221656158566, 0.202089101076, 0.207154989243, 0.218529656529, 0.212138816714, 0.198341295123, 0.208752244711, 0.221863403916, 0.259803146124, 0.344013124704, 0.337144315243, 0.244245350361, 0.202928721905, 0.217956006527, 0.284174442291, 0.331044048071, 0.305532962084, 0.268872708082, 0.291198283434, 0.335454136133, 0.290917545557, 0.23063787818, 0.247832581401, 0.383927732706, 0.559979081154, 0.472084909678, 0.254591882229, 0.18630695343, 0.194312468171, 0.207137286663, 0.620978236198], "chords_key": "D", "tuning_equal_tempered_deviation": 0.126106128097, "tuning_frequency": 434.193115234, "tuning_diatonic_strength": 0.472820729017, "chords_histogram": [11.7111520767, 10.6972894669, 4.90378665924, 0.227601900697, 0.289675146341, 0.0206910818815, 0.124146491289, 10.1386299133, 22.2842960358, 1.17939174175, 0.889716506004, 0.0827643275261, 0, 0.124146491289, 5.89695835114, 0.724187850952, 2.71053171158, 0.620732486248, 0, 0, 0, 12.2491207123, 9.20753192902, 5.9176492691], "key_strength": 0.625698029995, "key_scale": "minor", "chords_strength": {"dvar": 0.000480102433357, "var": 0.0202293489128, "median": 0.41551181674, "max": 0.737678349018, "dmean": 0.0121081583202, "dmean2": 0.0147886909544, "mean": 0.412639081478, "dvar2": 0.000929222849663, "min": -1}, "chords_number_rate": 0.0022760189604, "tuning_nontempered_energy_ratio": 0.786357522011, "hpcp_entropy": {"dvar": 0.351032674313, "var": 0.776987969875, "median": 2.45327138901, "max": 4.56843042374, "dmean": 0.732440948486, "dmean2": 1.23655748367, "mean": 2.41494774818, "dvar2": 0.958353102207, "min": 0}, "chords_changes_rate": 0.118352986872, "chords_scale": "minor"}, "rhythm": {"bpm_histogram_first_peak_spread": {"dvar": 0, "var": 0, "median": 0.050898194313, "max": 0.050898194313, "dmean": 0, "dmean2": 0, "mean": 0.050898194313, "dvar2": 0, "min": 0.050898194313}, "bpm_histogram_first_peak_weight": {"dvar": 0, "var": 0, "median": 0.935103237629, "max": 0.935103237629, "dmean": 0, "dmean2": 0, "mean": 0.935103237629, "dvar2": 0, "min": 0.935103237629}, "bpm_histogram_first_peak_bpm": {"dvar": 0, "var": 0, "median": 91, "max": 91, "dmean": 0, "dmean2": 0, "mean": 91, "dvar2": 0, "min": 91}, "bpm": 91.0763397217, "bpm_histogram_second_peak_weight": {"dvar": 0, "var": 0, "median": 0.0117994099855, "max": 0.0117994099855, "dmean": 0, "dmean2": 0, "mean": 0.0117994099855, "dvar2": 0, "min": 0.0117994099855}, "beats_loudness": {"dvar": 0.136576041579, "var": 0.114940583706, "median": 0.115571320057, "max": 1.75630152225, "dmean": 0.367774903774, "dmean2": 0.728871405125, "mean": 0.256984114647, "dvar2": 0.397192060947, "min": 3.86580634171e-09}, "beats_loudness_band_ratio": {"dvar": [0.0937715321779, 0.0122751938179, 0.0199237074703, 0.00591633794829, 0.00302113359794, 0.0126577848569], "var": [0.124582670629, 0.00985665619373, 0.0185737349093, 0.00642929412425, 0.00338852009736, 0.0183021519333], "median": [0.770244419575, 0.0236140601337, 0.0225630626082, 0.0108400629833, 0.0162724219263, 0.0348167307675], "max": [0.995514214039, 0.606016457081, 0.534849226475, 0.51737177372, 0.359764695168, 0.695747494698], "dmean": [0.477113068104, 0.0989704281092, 0.181827202439, 0.103373974562, 0.0639243796468, 0.101622611284], "dmean2": [0.924602270126, 0.19025439024, 0.359869748354, 0.202575728297, 0.122005872428, 0.185013949871], "mean": [0.643027305603, 0.0652931556106, 0.102698475122, 0.060921151191, 0.0440212637186, 0.0960117205977], "dvar2": [0.224128052592, 0.0339084155858, 0.0561436712742, 0.0155316432938, 0.00724916905165, 0.0283555090427], "min": [0.00258976989426, 0.000133277455461, 0.000180523216841, 0.000150925145135, 0.00016030894767, 0.00240657362156]}, "bpm_histogram_second_peak_bpm": {"dvar": 0, "var": 0, "median": 98, "max": 98, "dmean": 0, "dmean2": 0, "mean": 98, "dvar2": 0, "min": 98}, "onset_rate": 4.18475246429, "beats_count": 340, "beats_position": [0.638548731804, 1.28870749474, 1.92725622654, 2.56580495834, 3.20435357094, 3.85451245308, 4.46984100342, 5.08516979218, 5.71210861206, 6.32743740082, 6.94276618958, 7.60453510284, 8.25469398499, 8.91646194458, 9.55501079559, 10.2051696777, 10.866938591, 11.5287075043, 12.1904764175, 12.840634346, 13.5024032593, 14.1641721725, 14.8259410858, 15.4877090454, 16.1494789124, 16.8112468719, 17.4730148315, 18.1347846985, 18.784942627, 19.4351024628, 20.0852603912, 20.7354183197, 21.3855781555, 22.035736084, 22.6975059509, 23.3592739105, 24.009431839, 24.6712017059, 25.3329696655, 25.9947395325, 26.6565074921, 27.3182754517, 27.9800453186, 28.6302032471, 29.2803630829, 29.9421310425, 30.6038990021, 31.265668869, 31.9274368286, 32.5892066956, 33.2509727478, 33.901134491, 34.5629005432, 35.2246704102, 35.8864402771, 36.5482063293, 37.1983680725, 37.8601341248, 38.5219039917, 39.1836738586, 39.8454399109, 40.4956016541, 41.1457595825, 41.8075294495, 42.4692955017, 43.1310653687, 43.7928352356, 44.4546012878, 45.1163711548, 45.7665290833, 46.4282989502, 47.0900688171, 47.7518348694, 48.4136047363, 49.0637626648, 49.7255325317, 50.3873023987, 51.0374603271, 51.6992263794, 52.3609962463, 53.0227661133, 53.6845359802, 54.3346939087, 54.9964599609, 55.6582298279, 56.3316078186, 56.9817695618, 57.643535614, 58.305305481, 58.9554634094, 59.6056213379, 60.2673912048, 60.9291610718, 61.590927124, 62.252696991, 62.9260749817, 63.5994529724, 64.2728347778, 64.9346008301, 65.5847625732, 66.2233123779, 66.8734664917, 67.5236282349, 68.1853942871, 68.8471679688, 69.4973220825, 70.1590881348, 70.8208618164, 71.4826278687, 72.1327896118, 72.7945556641, 73.4563217163, 74.1180953979, 74.7798614502, 75.4416275024, 76.0917892456, 76.7535552979, 77.4153289795, 78.0770950317, 78.738861084, 79.3890228271, 80.0507888794, 80.712562561, 81.3743286133, 82.0360946655, 82.6978683472, 83.3596343994, 84.0097961426, 84.6599502563, 85.321723938, 85.9834899902, 86.6336517334, 87.2954177856, 87.9571838379, 88.6189575195, 89.2807235718, 89.942489624, 90.6042633057, 91.2544174194, 91.9161911011, 92.5779571533, 93.2397232056, 93.9014968872, 94.551651001, 95.2250289917, 95.8751907349, 96.5369567871, 97.1987304688, 97.8488845825, 98.5106582642, 99.1724243164, 99.8341903687, 100.49596405, 101.146118164, 101.796279907, 102.458045959, 103.119819641, 103.781585693, 104.443351746, 105.105125427, 105.778503418, 106.44026947, 107.102035522, 107.763809204, 108.413963318, 109.064125061, 109.714286804, 110.376052856, 111.037818909, 111.69959259, 112.361358643, 113.011520386, 113.673286438, 114.33505249, 114.996826172, 115.658592224, 116.308753967, 116.97052002, 117.632286072, 118.294059753, 118.955825806, 119.617591858, 120.27936554, 120.929519653, 121.591293335, 122.253059387, 122.90322113, 123.564987183, 124.226753235, 124.888526917, 125.550292969, 126.200454712, 126.850608826, 127.512374878, 128.17414856, 128.835922241, 129.497680664, 130.159454346, 130.821228027, 131.459777832, 132.121536255, 132.783309937, 133.445083618, 134.118453979, 134.768615723, 135.430389404, 136.092147827, 136.753921509, 137.42729187, 138.10067749, 138.750839233, 139.401000977, 140.051147461, 140.712921143, 141.363082886, 142.024856567, 142.68661499, 143.348388672, 144.010162354, 144.660308838, 145.32208252, 145.983856201, 146.634017944, 147.307388306, 147.969161987, 148.63092041, 149.292694092, 149.954467773, 150.604629517, 151.254776001, 151.904937744, 152.566711426, 153.228485107, 153.89024353, 154.552017212, 155.213790894, 155.875549316, 156.52571106, 157.175872803, 157.837631226, 158.499404907, 159.161178589, 159.822952271, 160.484710693, 161.146484375, 161.796646118, 162.458404541, 163.120178223, 163.781951904, 164.443710327, 165.09387207, 165.755645752, 166.417419434, 167.079177856, 167.740951538, 168.40272522, 169.064483643, 169.714645386, 170.376419067, 171.03817749, 171.699951172, 172.361724854, 173.023483276, 173.67364502, 174.335418701, 174.985580444, 175.647338867, 176.309112549, 176.97088623, 177.632644653, 178.282806396, 178.944580078, 179.606338501, 180.268112183, 180.929885864, 181.580047607, 182.24180603, 182.903579712, 183.565353394, 184.227111816, 184.87727356, 185.539047241, 186.200805664, 186.862579346, 187.524353027, 188.174514771, 188.836273193, 189.498046875, 190.171432495, 190.833190918, 191.483352661, 192.145126343, 192.795272827, 193.457046509, 194.11882019, 194.768981934, 195.430740356, 196.092514038, 196.742675781, 197.404434204, 198.066207886, 198.727981567, 199.38973999, 200.039901733, 200.701675415, 201.363449097, 202.02520752, 202.686981201, 203.337142944, 203.998901367, 204.660675049, 205.32244873, 205.984207153, 206.645980835, 207.307754517, 207.95791626, 208.608062744, 209.269836426, 209.931610107, 210.59336853, 211.255142212, 211.916915894, 212.578674316, 213.240447998, 213.90222168, 214.552383423, 215.202529907, 215.864303589, 216.526077271, 217.187835693, 217.849609375, 218.511383057, 219.173141479, 219.823303223, 220.473464966, 221.135238647, 221.79699707, 222.458770752, 223.120544434, 223.782302856], "danceability": 1.63085269928, "bpm_histogram_second_peak_spread": {"dvar": 0, "var": 0, "median": 0.199999988079, "max": 0.199999988079, "dmean": 0, "dmean2": 0, "mean": 0.199999988079, "dvar2": 0, "min": 0.199999988079}}, "lowlevel": {"spectral_flux": {"dvar": 0.0203956272453, "var": 0.0321006327868, "median": 0.0800553709269, "max": 1.34295296669, "dmean": 0.0752721428871, "dmean2": 0.122085779905, "mean": 0.132086023688, "dvar2": 0.048976175487, "min": 1.03522301842e-10}, "spectral_rolloff": {"dvar": 51671896, "var": 101751720, "median": 2271.75292969, "max": 22050, "dmean": 3662.74291992, "dmean2": 6931.44628906, "mean": 9614.10644531, "dvar2": 104957704, "min": 21.533203125}, "barkbands_flatness_db": {"dvar": 0.0022157933563, "var": 0.0070965369232, "median": 0.180222734809, "max": 0.592888236046, "dmean": 0.0475316829979, "dmean2": 0.0710565820336, "mean": 0.194513469934, "dvar2": 0.00476534804329, "min": 0.0166595969349}, "spectral_centroid": {"dvar": 233016.71875, "var": 999806.5, "median": 911.167724609, "max": 11363.921875, "dmean": 365.64654541, "dmean2": 516.216369629, "mean": 1271.92492676, "dvar2": 343373, "min": 95.6241989136}, "melbands_skewness": {"dvar": 11.1139240265, "var": 24.97356987, "median": 2.99412298203, "max": 36.063835144, "dmean": 2.44156885147, "dmean2": 3.56375741959, "mean": 4.73442792892, "dvar2": 23.6970176697, "min": -2.86261963844}, "melbands": {"dvar": [0.00426971446723, 3.83275291824e-05, 2.28189105655e-06, 2.3654654342e-06, 1.53662358571e-06, 6.25855193448e-07, 2.66240562041e-07, 1.41262248121e-07, 6.37816910398e-08, 5.32153556776e-08, 1.71875473853e-08, 5.13992137741e-09, 9.58311652255e-09, 2.76064171523e-09, 3.61435503748e-09, 1.84887749555e-09, 2.3207804567e-09, 1.067667732e-09, 3.75594805258e-10, 3.93060833881e-10, 3.95957072685e-10, 2.7640376099e-10, 3.6606831455e-10, 7.41943007032e-10, 4.67644589719e-10, 3.78062664508e-10, 3.09292258471e-10, 1.46843565085e-10, 2.19501361531e-10, 3.85162679528e-10, 7.08612821199e-11, 3.26639479353e-11, 2.01226466046e-11, 1.15229110975e-11, 4.87119589457e-12, 9.8375853904e-13, 3.89741509194e-14, 1.65877392795e-14, 1.31665884521e-14, 1.02400498088e-14], "var": [0.00332125765271, 3.47611457983e-05, 2.85077976514e-06, 3.11634539685e-06, 1.6592174461e-06, 7.189214557e-07, 3.50590568132e-07, 1.81888736961e-07, 8.18324181751e-08, 7.24999864588e-08, 1.89340383372e-08, 8.03236233082e-09, 1.18527490045e-08, 3.32428529148e-09, 3.88116694339e-09, 2.38467201541e-09, 2.26780105805e-09, 1.30387378672e-09, 6.45919373543e-10, 5.97508209577e-10, 6.24683416106e-10, 4.19429990739e-10, 5.07603792332e-10, 1.07746700451e-09, 7.22784665452e-10, 5.91021120933e-10, 4.82369921784e-10, 2.63250421462e-10, 3.1691704816e-10, 4.82572648508e-10, 1.29778590652e-10, 6.33190097576e-11, 3.6991618102e-11, 1.93973136164e-11, 7.45152030357e-12, 1.54044008452e-12, 4.61253553256e-14, 1.5520454049e-14, 1.23791188617e-14, 9.53438157825e-15], "median": [0.000284184439806, 0.000345735898009, 0.000183119074791, 8.64901085151e-05, 5.77523824177e-05, 2.58301897702e-05, 1.54838780873e-05, 1.00663346529e-05, 1.12217057904e-05, 9.20133788895e-06, 6.66119285597e-06, 3.71973419533e-06, 2.71529529527e-06, 3.08916287395e-06, 2.67861128123e-06, 6.43164185021e-06, 4.34322237197e-06, 1.36558765007e-06, 9.97611437015e-07, 2.02100477509e-06, 2.51619985647e-06, 7.25438326299e-07, 6.90642536938e-07, 1.08437075141e-06, 3.46018737218e-07, 3.42405371612e-07, 3.44392617535e-07, 2.42158080255e-07, 2.63782766297e-07, 2.50946925462e-07, 1.79893774543e-07, 1.17138171163e-07, 9.13464859309e-08, 6.89567656309e-08, 5.53077370569e-08, 2.66469761812e-08, 6.73076705482e-09, 2.51851317579e-09, 2.21408757994e-09, 2.01687910817e-09], "max": [0.578774631023, 0.0881241858006, 0.0472219586372, 0.0430968552828, 0.0282900277525, 0.0127138169482, 0.0134524619207, 0.00739211728796, 0.00609469134361, 0.00571427214891, 0.00191820785403, 0.00127095414791, 0.00151849456597, 0.00091475417139, 0.000855791440699, 0.000679030665196, 0.000706980819814, 0.000446864723926, 0.000294520606985, 0.00052974675782, 0.000564230547752, 0.000445123645477, 0.000704723934177, 0.000606841698755, 0.0004084057, 0.00054065749282, 0.000441450625658, 0.00029831082793, 0.000370519177523, 0.000270898919553, 0.000167904989212, 0.000120089171105, 6.98135700077e-05, 5.06262476847e-05, 3.48210705852e-05, 2.23674269364e-05, 3.88029138776e-06, 3.00256510855e-06, 2.87646889774e-06, 2.39209498432e-06], "dmean": [0.0188402924687, 0.00199697981589, 0.000697397801559, 0.000569843279663, 0.000438244140241, 0.00027050866629, 0.00016154248442, 0.000121994242363, 8.61664593685e-05, 7.71952691139e-05, 4.4079082727e-05, 2.65917678917e-05, 2.80435688182e-05, 1.78116515599e-05, 1.66955323948e-05, 1.46015527207e-05, 1.33348303279e-05, 1.01289970189e-05, 7.65197364672e-06, 7.16223712516e-06, 6.84403084961e-06, 6.0008287619e-06, 6.3914412749e-06, 9.18268142414e-06, 7.36404899726e-06, 6.30458998785e-06, 5.93535332882e-06, 4.21815684604e-06, 4.66769233753e-06, 6.21917433818e-06, 3.18796173815e-06, 2.17780961975e-06, 1.73568594164e-06, 1.30939235987e-06, 8.31287081837e-07, 3.76983422257e-07, 7.7647314356e-08, 4.18696970428e-08, 3.70713664211e-08, 3.2653126425e-08], "dmean2": [0.0311658829451, 0.00319067295641, 0.00112402252853, 0.000907834095415, 0.000693304755259, 0.000427604245488, 0.000254520418821, 0.00018654820451, 0.00013249219046, 0.000119645854284, 7.2119604738e-05, 4.04588099627e-05, 4.199563773e-05, 2.91218620987e-05, 2.58554027823e-05, 2.31734065892e-05, 2.14240335481e-05, 1.48978051584e-05, 1.09772054202e-05, 1.04751125036e-05, 1.01112627817e-05, 9.00280792848e-06, 9.59981389315e-06, 1.3352078895e-05, 1.08212725536e-05, 9.3184362413e-06, 9.10711878532e-06, 5.97092139287e-06, 6.7690243668e-06, 9.07351932256e-06, 4.48493165095e-06, 2.99001840176e-06, 2.38688994614e-06, 1.80389736215e-06, 1.17520721687e-06, 5.41115696251e-07, 1.21850106893e-07, 6.96006736689e-08, 6.15792217218e-08, 5.42907407919e-08], "mean": [0.0165306217968, 0.0019473436987, 0.000787565601058, 0.000629994086921, 0.000457101297798, 0.000284852081677, 0.000180176677532, 0.00013679874246, 9.9592260085e-05, 9.17322322493e-05, 4.67070531158e-05, 3.23673157254e-05, 3.11006515403e-05, 2.04671196116e-05, 1.84720283869e-05, 1.85199860425e-05, 1.49285287989e-05, 1.13140931717e-05, 9.65869730862e-06, 9.0359872047e-06, 9.23556399357e-06, 7.16649083188e-06, 7.51785455577e-06, 1.08175599962e-05, 8.48322270031e-06, 7.36408628654e-06, 6.7819087235e-06, 5.11380994794e-06, 5.4122228903e-06, 6.86765588398e-06, 4.06883964388e-06, 2.76715513792e-06, 2.13766679735e-06, 1.57341673912e-06, 9.54369625106e-07, 4.25067526066e-07, 7.94884158495e-08, 3.68461989808e-08, 3.26589564281e-08, 2.8683984965e-08], "dvar2": [0.0107850953937, 9.08565707505e-05, 5.36008519703e-06, 5.20790808878e-06, 3.69834083358e-06, 1.4766167169e-06, 6.28282066373e-07, 3.18553134093e-07, 1.51295893147e-07, 1.22154006021e-07, 4.37508447249e-08, 1.097676261e-08, 2.1680166995e-08, 6.94766288944e-09, 8.65908678094e-09, 4.11669942579e-09, 5.79586600935e-09, 2.38601671754e-09, 7.38248739918e-10, 8.1859269363e-10, 8.90655604824e-10, 6.08057992846e-10, 8.11278599855e-10, 1.56237012217e-09, 1.00338537479e-09, 8.78211614541e-10, 7.25437487858e-10, 3.02530028806e-10, 4.77766048945e-10, 8.65764515634e-10, 1.41701123058e-10, 6.17600484643e-11, 3.89510750043e-11, 2.08221270087e-11, 9.86484938875e-12, 2.05597192916e-12, 8.76042809258e-14, 3.83615394225e-14, 3.02741061115e-14, 2.3730185365e-14], "min": [6.10630089916e-24, 8.90126979624e-24, 2.26178175554e-23, 1.48726963854e-24, 4.30260159938e-24, 1.07812444514e-23, 7.6724627419e-24, 8.83077955233e-24, 1.82803889304e-23, 1.22587817157e-23, 1.42027274682e-23, 7.73528683553e-24, 6.7078980584e-24, 9.24817137931e-24, 5.61714442349e-24, 1.95493884478e-23, 1.26957641144e-23, 1.00739659633e-23, 4.03947980546e-24, 4.41526829159e-24, 1.19230180598e-23, 6.98676906587e-24, 5.16267258409e-24, 8.78398274571e-24, 1.09881926435e-23, 9.93550115287e-24, 1.23333061943e-23, 8.13683596895e-24, 5.61598045922e-24, 1.09027834622e-23, 1.07363487995e-23, 1.16972878783e-23, 9.17139706943e-24, 7.4237648752e-24, 1.06111194974e-23, 1.18168287045e-23, 1.22789733995e-23, 1.25347599702e-23, 9.42776976388e-24, 7.19480746379e-24]}, "spectral_decrease": {"dvar": 3.77364147078e-15, "var": 3.28330023861e-15, "median": -2.33081376422e-09, "max": 1.83168236134e-09, "dmean": 2.00611136592e-08, "dmean2": 3.20690283218e-08, "mean": -2.00472793921e-08, "dvar2": 9.15537753303e-15, "min": -5.60833086638e-07}, "barkbands_kurtosis": {"dvar": 3187.83520508, "var": 5266.93652344, "median": 10.8060817719, "max": 939.138183594, "dmean": 29.1546516418, "dmean2": 45.9225387573, "mean": 38.7770805359, "dvar2": 7249.98144531, "min": -1.82367801666}, "silence_rate_30dB": {"dvar": 0.0866353064775, "var": 0.155600696802, "median": 1, "max": 1, "dmean": 0.095829449594, "dmean2": 0.191678747535, "mean": 0.807222664356, "dvar2": 0.169225990772, "min": 0}, "gfcc": {"mean": [-112.926826477, 88.8304367065, -84.416885376, 9.67964363098, -10.4388971329, -21.9407939911, 1.7676589489, -19.969537735, 0.196750104427, -8.68115997314, -6.83639192581, -3.53859686852, -6.16862106323], "cov": [[30725.8476562, 1599.77453613, 336.45413208, 1777.60742188, -980.967712402, -59.6385040283, 583.16986084, -650.832458496, 437.433624268, 30.4208316803, -343.091583252, 733.625244141, -574.109619141], [1599.77453613, 1916.78088379, 416.453704834, -543.805480957, 45.3525428772, -39.9733505249, -172.38973999, -40.8347587585, -61.6958885193, -67.1585769653, 58.4754867554, -178.048034668, 126.937942505], [336.45413208, 416.453704834, 888.25604248, 276.864135742, -94.749168396, 427.493652344, -150.63621521, 239.353408813, -14.0113306046, 114.272598267, 31.2354640961, 47.5492858887, 23.3780002594], [1777.60742188, -543.805480957, 276.864135742, 824.281860352, 57.2128677368, 207.686279297, 181.841583252, 14.3337259293, 97.4050140381, 63.5109367371, -57.0850410461, 191.052093506, -129.810211182], [-980.967712402, 45.3525428772, -94.749168396, 57.2128677368, 545.872314453, 2.29593706131, 88.0434036255, 12.9502792358, -37.0923995972, -63.2085266113, 52.2061347961, -127.59022522, 71.1619186401], [-59.6385040283, -39.9733505249, 427.493652344, 207.686279297, 2.29593706131, 537.165588379, -19.0576438904, 242.65826416, -20.4527359009, 72.6149139404, 20.381690979, 88.4480056763, 18.6788978577], [583.16986084, -172.38973999, -150.63621521, 181.841583252, 88.0434036255, -19.0576438904, 341.647857666, -17.5745391846, 81.0410461426, -18.898229599, -10.2468919754, 75.4301376343, -30.20378685], [-650.832458496, -40.8347587585, 239.353408813, 14.3337259293, 12.9502792358, 242.65826416, -17.5745391846, 329.488952637, 22.5259590149, 101.792098999, 76.5739974976, 8.57499599457, 76.440612793], [437.433624268, -61.6958885193, -14.0113306046, 97.4050140381, -37.0923995972, -20.4527359009, 81.0410461426, 22.5259590149, 162.986434937, 61.4341888428, 11.0592241287, 62.6478843689, -42.421005249], [30.4208316803, -67.1585769653, 114.272598267, 63.5109367371, -63.2085266113, 72.6149139404, -18.898229599, 101.792098999, 61.4341888428, 140.851593018, 63.9592132568, 45.6991539001, 17.4577159882], [-343.091583252, 58.4754867554, 31.2354640961, -57.0850410461, 52.2061347961, 20.381690979, -10.2468919754, 76.5739974976, 11.0592241287, 63.9592132568, 110.784500122, 10.2441167831, 51.5279960632], [733.625244141, -178.048034668, 47.5492858887, 191.052093506, -127.59022522, 88.4480056763, 75.4301376343, 8.57499599457, 62.6478843689, 45.6991539001, 10.2441167831, 179.326599121, -19.9669933319], [-574.109619141, 126.937942505, 23.3780002594, -129.810211182, 71.1619186401, 18.6788978577, -30.20378685, 76.440612793, -42.421005249, 17.4577159882, 51.5279960632, -19.9669933319, 141.494354248]], "icov": [[7.58000751375e-05, -0.000271717057331, 0.000341292907251, -0.000499688729178, 0.000302566593746, -8.34848542581e-05, 3.39613070537e-05, -4.29692299804e-05, 2.59243734035e-05, 1.25824053612e-05, -7.61252013035e-05, 9.53122216742e-05, -2.67883224296e-05], [-0.000271717057331, 0.00234023225494, -0.00300572765991, 0.00330530619249, -0.00149730930571, 0.000571904238313, -0.000650603382383, 0.0013302587904, -0.000947837717831, 0.000671913905535, -6.08100490354e-05, -0.000289873656584, -0.000238805747358], [0.000341292907251, -0.00300572765991, 0.0067946985364, -0.00623325770721, 0.00374766578898, -0.00290545541793, 0.00197234330699, -0.00157633062918, 0.000191376893781, 0.000338986836141, -0.00221974332817, 0.00359288812615, -0.00165759609081], [-0.000499688729178, 0.00330530619249, -0.00623325770721, 0.0100654121488, -0.00658690882847, 0.00245212228037, -0.00181352358777, 0.000647880195174, 0.00117129471619, -0.00414653727785, 0.00643328204751, -0.00808309577405, 0.00490260729566], [0.000302566593746, -0.00149730930571, 0.00374766578898, -0.00658690882847, 0.00835286732763, -0.00328708370216, -0.000433755660197, 0.0014416720951, -0.00270169135183, 0.00592542253435, -0.00853349175304, 0.0102622406557, -0.00571494549513], [-8.34848542581e-05, 0.000571904238313, -0.00290545541793, 0.00245212228037, -0.00328708370216, 0.00613278662786, -0.000183671407285, -0.00367431016639, 0.00325502175838, -0.00221551512368, 0.00444807996973, -0.00649359589443, 0.00338027463295], [3.39613070537e-05, -0.000650603382383, 0.00197234330699, -0.00181352358777, -0.000433755660197, -0.000183671407285, 0.00525227747858, -0.00126067560632, -0.00171746662818, 0.00172549416311, -4.98780209455e-05, -0.00159731181338, -0.000158590410138], [-4.29692299804e-05, 0.0013302587904, -0.00157633062918, 0.000647880195174, 0.0014416720951, -0.00367431016639, -0.00126067560632, 0.00904261227697, -0.00350063759834, -0.000142888646224, -0.00431220280007, 0.00514899659902, -0.00464211776853], [2.59243734035e-05, -0.000947837717831, 0.000191376893781, 0.00117129471619, -0.00270169135183, 0.00325502175838, -0.00171746662818, -0.00350063759834, 0.0134488036856, -0.00847777538002, 0.00518113002181, -0.00707768229768, 0.00664455676451], [1.25824053612e-05, 0.000671913905535, 0.000338986836141, -0.00414653727785, 0.00592542253435, -0.00221551512368, 0.00172549416311, -0.000142888646224, -0.00847777538002, 0.0217887628824, -0.0144581291825, 0.00714345509186, -0.00561070861295], [-7.61252013035e-05, -6.08100490354e-05, -0.00221974332817, 0.00643328204751, -0.00853349175304, 0.00444807996973, -4.98780209455e-05, -0.00431220280007, 0.00518113002181, -0.0144581291825, 0.0261401962489, -0.0132272252813, 0.00398916192353], [9.53122216742e-05, -0.000289873656584, 0.00359288812615, -0.00808309577405, 0.0102622406557, -0.00649359589443, -0.00159731181338, 0.00514899659902, -0.00707768229768, 0.00714345509186, -0.0132272252813, 0.0238250307739, -0.00961336120963], [-2.67883224296e-05, -0.000238805747358, -0.00165759609081, 0.00490260729566, -0.00571494549513, 0.00338027463295, -0.000158590410138, -0.00464211776853, 0.00664455676451, -0.00561070861295, 0.00398916192353, -0.00961336120963, 0.0167216025293]]}, "silence_rate_20dB": {"dvar": 0.0466495938599, "var": 0.0545031689107, "median": 1, "max": 1, "dmean": 0.0490530878305, "dmean2": 0.0981163308024, "mean": 0.942156434059, "dvar2": 0.08890850842, "min": 0}, "barkbands_skewness": {"dvar": 3.78113079071, "var": 12.0486812592, "median": 2.72199296951, "max": 23.9604587555, "dmean": 1.65919589996, "dmean2": 2.43879127502, "mean": 3.7006342411, "dvar2": 7.75217247009, "min": -2.64661836624}, "erbbands_skewness": {"dvar": 0.365089952946, "var": 1.42966449261, "median": 0.181409984827, "max": 8.41129016876, "dmean": 0.61786454916, "dmean2": 0.905867874622, "mean": 0.228106841445, "dvar2": 0.681829750538, "min": -4.04306507111}, "spectral_contrast_valleys": {"dvar": [0.345257520676, 0.297302514315, 0.254367500544, 0.230603143573, 0.310551047325, 0.490613877773], "var": [4.41732645035, 3.63763666153, 3.09693074226, 2.85256958008, 3.32238221169, 2.62998986244], "median": [-7.32457590103, -7.41210079193, -7.99645614624, -8.35224342346, -8.40715026855, -11.8660564423], "max": [-4.16780328751, -4.09078025818, -4.99022722244, -5.4383687973, -5.24097537994, -8.29664707184], "dmean": [0.593623876572, 0.588570475578, 0.538183867931, 0.490220278502, 0.550679028034, 0.788231432438], "dmean2": [0.859949886799, 0.873771965504, 0.791666567326, 0.700016021729, 0.740087151527, 1.22973632812], "mean": [-7.83606433868, -7.69001340866, -8.27994823456, -8.64527130127, -8.64910793304, -12.0114564896], "dvar2": [0.588964819908, 0.561706125736, 0.473424136639, 0.427475422621, 0.556168377399, 1.09157562256], "min": [-28.2616462708, -27.6072006226, -27.0631484985, -27.1702098846, -27.2072200775, -27.3242835999]}, "spectral_strongpeak": {"dvar": 43.6719398499, "var": 40.0097160339, "median": 0.302698135376, "max": 152.609527588, "dmean": 2.27647805214, "dmean2": 4.16797590256, "mean": 2.12634086609, "dvar2": 116.407562256, "min": 0}, "erbbands_crest": {"dvar": 8.21165752411, "var": 17.924036026, "median": 8.03894615173, "max": 32.084777832, "dmean": 3.12416338921, "dmean2": 5.15460634232, "mean": 8.93447208405, "dvar2": 20.781747818, "min": 2.02250742912}, "barkbands_crest": {"dvar": 8.30373096466, "var": 24.7692508698, "median": 11.5475873947, "max": 25.6951274872, "dmean": 3.33352303505, "dmean2": 5.36823368073, "mean": 12.0804243088, "dvar2": 20.3066825867, "min": 2.35007882118}, "spectral_energyband_middle_low": {"dvar": 0.000128365907585, "var": 0.000221522117499, "median": 0.00172889803071, "max": 0.251876533031, "dmean": 0.00587967550382, "dmean2": 0.00879348255694, "mean": 0.00824174191803, "dvar2": 0.000273250625469, "min": 3.51652078199e-22}, "spectral_contrast_coeffs": {"dvar": [0.00272853928618, 0.00182573217899, 0.00111284269951, 0.000938955985475, 0.000641498481855, 0.00284417020157], "var": [0.011926532723, 0.0063005532138, 0.00352230877616, 0.00297510367818, 0.00202305917628, 0.0139871714637], "median": [-0.716083228588, -0.793536305428, -0.82788002491, -0.814165949821, -0.828542470932, -0.764975607395], "max": [-0.292051851749, -0.467880129814, -0.462989151478, -0.598993897438, -0.646449863911, -0.368669450283], "dmean": [0.0624677613378, 0.0508118607104, 0.0414302684367, 0.0366676487029, 0.0286630429327, 0.0535475276411], "dmean2": [0.0976928174496, 0.0819684118032, 0.0667315199971, 0.0591459460557, 0.0456391312182, 0.0789301693439], "mean": [-0.710697233677, -0.785751819611, -0.823078811169, -0.812148451805, -0.831184923649, -0.73833078146], "dvar2": [0.0061700809747, 0.00435488065705, 0.00278333062306, 0.00234918273054, 0.00155432277825, 0.00551391253248], "min": [-0.96873486042, -0.968350231647, -0.976922869682, -0.978656053543, -0.972879350185, -0.958300232887]}, "hfc": {"dvar": 1096.84387207, "var": 3020.08618164, "median": 31.4463233948, "max": 751.594909668, "dmean": 22.0149040222, "dmean2": 31.8017234802, "mean": 48.8509750366, "dvar2": 2193.80883789, "min": 1.20913079718e-16}, "spectral_energyband_high": {"dvar": 1.90720459159e-06, "var": 4.05359605793e-06, "median": 8.95130506251e-05, "max": 0.0245535653085, "dmean": 0.000561402877793, "dmean2": 0.000735451991204, "mean": 0.000773176026996, "dvar2": 3.41080817634e-06, "min": 7.89072870253e-21}, "erbbands_spread": {"dvar": 144.360809326, "var": 375.791351318, "median": 33.0208282471, "max": 136.903747559, "dmean": 11.5005559921, "dmean2": 17.6757793427, "mean": 35.5422019958, "dvar2": 311.27545166, "min": 1.29328143597}, "dissonance": {"dvar": 0.000571461569052, "var": 0.00117064279038, "median": 0.474630743265, "max": 0.500000238419, "dmean": 0.0215718764812, "dmean2": 0.0351553410292, "mean": 0.465158373117, "dvar2": 0.00145146425348, "min": 0.146161109209}, "spectral_kurtosis": {"dvar": 50.2627754211, "var": 137.885742188, "median": 13.6290636063, "max": 234.40977478, "dmean": 5.32543992996, "dmean2": 8.17660808563, "mean": 16.9419307709, "dvar2": 121.650009155, "min": -1.24033224583}, "spectral_skewness": {"dvar": 0.280108034611, "var": 1.19279503822, "median": 2.53773832321, "max": 12.9369888306, "dmean": 0.489323556423, "dmean2": 0.717266082764, "mean": 2.69715476036, "dvar2": 0.60798317194, "min": -0.0519229248166}, "pitch_salience": {"dvar": 0.0103555833921, "var": 0.040141325444, "median": 0.469965398312, "max": 0.861257493496, "dmean": 0.109040133655, "dmean2": 0.167408764362, "mean": 0.446335285902, "dvar2": 0.0203557293862, "min": 0.021829655394}, "spectral_complexity": {"dvar": 45.7264595032, "var": 142.561218262, "median": 7, "max": 62, "dmean": 4.33861112595, "dmean2": 5.89443159103, "mean": 10.5138654709, "dvar2": 68.4053039551, "min": 0}, "spectral_spread": {"dvar": 398594637824, "var": 1526272229380.0, "median": 3978773.5, "max": 40714152, "dmean": 612341.75, "dmean2": 964497.75, "mean": 4144971.5, "dvar2": 810904059904, "min": 976971.9375}, "dynamic_complexity": 6.44318294525, "melbands_crest": {"dvar": 25.8455200195, "var": 106.334091187, "median": 17.7191505432, "max": 39.5106239319, "dmean": 5.01595401764, "dmean2": 7.71707296371, "mean": 20.4155292511, "dvar2": 45.6074523926, "min": 2.25629138947}, "zerocrossingrate": {"dvar": 0.00317921373062, "var": 0.0257153157145, "median": 0.2158203125, "max": 0.92333984375, "dmean": 0.0608067549765, "dmean2": 0.0690310522914, "mean": 0.239231899381, "dvar2": 0.00372405303642, "min": 0.0029296875}, "spectral_energyband_low": {"dvar": 0.0472508780658, "var": 0.0387080125511, "median": 0.00294845877215, "max": 2.04696083069, "dmean": 0.0653133243322, "dmean2": 0.106181100011, "mean": 0.0608774386346, "dvar2": 0.116912744939, "min": 1.10634447674e-22}, "melbands_kurtosis": {"dvar": 20330.0917969, "var": 21890.5273438, "median": 13.932384491, "max": 2028.7668457, "dmean": 61.1839179993, "dmean2": 98.5787506104, "mean": 67.4058151245, "dvar2": 50168.4023438, "min": -1.87091517448}, "spectral_energyband_middle_high": {"dvar": 1.06260349639e-05, "var": 1.80762472155e-05, "median": 0.000391005713027, "max": 0.042572196573, "dmean": 0.00128353806213, "dmean2": 0.0017688224325, "mean": 0.0018380797701, "dvar2": 2.07490356843e-05, "min": 1.38099166417e-21}, "barkbands_spread": {"dvar": 174.180541992, "var": 543.63470459, "median": 13.5988445282, "max": 133.304779053, "dmean": 10.2833824158, "dmean2": 15.9253473282, "mean": 22.9160118103, "dvar2": 375.671325684, "min": 0.210159569979}, "mfcc": {"mean": [-766.287536621, 142.509643555, -5.80131101608, 40.192150116, 0.865328252316, 18.1369361877, -0.630890190601, 6.68835830688, 1.0346968174, 3.79040718079, 2.36468577385, 1.91107273102, -1.65403628349], "cov": [[17631.2128906, 1478.1583252, -228.641876221, 2002.15466309, -1049.84326172, 1124.86206055, -659.997680664, 611.210144043, -73.5548858643, 78.1533508301, 70.157989502, 88.804359436, 255.749221802], [1478.1583252, 2316.60791016, 357.7293396, -289.974456787, 186.512878418, -135.743621826, 34.8285331726, -159.866973877, 14.3639965057, -83.4577407837, -4.62545681, 30.4246807098, -1.8281005621], [-228.641876221, 357.7293396, 887.077941895, -118.87297821, 205.339202881, 7.7050280571, 69.3185272217, 12.1721658707, 92.1736755371, -10.0403347015, 75.9078826904, 79.0713424683, 70.2709655762], [2002.15466309, -289.974456787, -118.87297821, 763.032104492, -103.569229126, 313.233062744, -74.6340484619, 151.209915161, 5.12420034409, 52.276512146, 33.0120735168, 20.1808795929, 18.7360954285], [-1049.84326172, 186.512878418, 205.339202881, -103.569229126, 515.222717285, -24.079990387, 219.883529663, -31.5920677185, 61.8878211975, 25.2534141541, 31.6824817657, 18.5775604248, -0.0749024897814], [1124.86206055, -135.743621826, 7.7050280571, 313.233062744, -24.079990387, 351.132141113, 3.18889355659, 161.753265381, 12.4290723801, 18.9937553406, 1.53844714165, -9.31296730042, 35.5588378906], [-659.997680664, 34.8285331726, 69.3185272217, -74.6340484619, 219.883529663, 3.18889355659, 311.959472656, 61.6028747559, 87.8551712036, 19.3762054443, 11.5590429306, 20.7058258057, -1.07206010818], [611.210144043, -159.866973877, 12.1721658707, 151.209915161, -31.5920677185, 161.753265381, 61.6028747559, 220.531021118, 64.3344039917, 45.5593147278, 17.2673549652, 9.7211894989, 45.1726303101], [-73.5548858643, 14.3639965057, 92.1736755371, 5.12420034409, 61.8878211975, 12.4290723801, 87.8551712036, 64.3344039917, 126.384483337, 44.3048858643, 28.1685714722, 29.3383293152, 22.3893566132], [78.1533508301, -83.4577407837, -10.0403347015, 52.276512146, 25.2534141541, 18.9937553406, 19.3762054443, 45.5593147278, 44.3048858643, 111.771095276, 51.9994163513, 27.7982349396, 24.9466781616], [70.157989502, -4.62545681, 75.9078826904, 33.0120735168, 31.6824817657, 1.53844714165, 11.5590429306, 17.2673549652, 28.1685714722, 51.9994163513, 100.827972412, 61.0515708923, 22.9971809387], [88.804359436, 30.4246807098, 79.0713424683, 20.1808795929, 18.5775604248, -9.31296730042, 20.7058258057, 9.7211894989, 29.3383293152, 27.7982349396, 61.0515708923, 93.58644104, 41.392791748], [255.749221802, -1.8281005621, 70.2709655762, 18.7360954285, -0.0749024897814, 35.5588378906, -1.07206010818, 45.1726303101, 22.3893566132, 24.9466781616, 22.9971809387, 41.392791748, 93.3146209717]], "icov": [[0.000138579969644, -0.000168320941157, 2.43625054281e-05, -0.000283620145638, 0.000204252661206, -0.000138078336022, 0.00011408222781, -0.000187223078683, 7.45591532905e-05, -2.12190498132e-05, -3.64309053111e-05, 2.59530082758e-07, -0.000203135627089], [-0.000168320941157, 0.000711000349838, -0.000172358006239, 0.00045242763008, -0.000350674177753, 0.000105859850009, -8.66996924742e-05, 0.000538317428436, -0.000263398600509, 0.000317692116369, 0.000118860582006, -0.000174763030373, 0.000238489097683], [2.43625054281e-05, -0.000172358006239, 0.00166790105868, 0.000274036254268, -0.000569048221223, -0.000393106136471, 0.000490499252919, -5.74791956751e-05, -0.00114802084863, 0.00127921206877, -0.00116464437451, -0.000363141705748, -0.000816814310383], [-0.000283620145638, 0.00045242763008, 0.000274036254268, 0.0030413151253, -0.000426019483712, -0.00188350875396, 0.000533137703314, 0.000149374318426, -0.00037781681749, -0.000376341457013, -0.000139815630973, -0.00131181126926, 0.00142800109461], [0.000204252661206, -0.000350674177753, -0.000569048221223, -0.000426019483712, 0.00380297587253, -0.000688708969392, -0.00250791432336, 0.00157096853945, 0.00012728323054, -0.00101873569656, -0.000806432624813, 0.0011320495978, -0.000638020283077], [-0.000138078336022, 0.000105859850009, -0.000393106136471, -0.00188350875396, -0.000688708969392, 0.00672178249806, -8.26590985525e-05, -0.00364540447481, 0.00135125720408, 0.000710442778