{"tonal": {"hpcp": {"dvar": [0.0441782288253, 0.0480566695333, 0.0414228588343, 0.0489161796868, 0.0481563694775, 0.0420953072608, 0.0340221077204, 0.0174742918462, 0.0174026396126, 0.0179511699826, 0.0220663994551, 0.0223201625049, 0.0258730445057, 0.0229830835015, 0.0255042351782, 0.029557492584, 0.0343379303813, 0.0268072038889, 0.0283658355474, 0.0329884216189, 0.0330696664751, 0.0253720376641, 0.0377862565219, 0.0585279613733, 0.0486810617149, 0.0426717326045, 0.043238684535, 0.0355338975787, 0.0355625376105, 0.0374826230109, 0.0370227433741, 0.0577969327569, 0.05334777385, 0.0640684440732, 0.0860850661993, 0.0575556159019], "var": [0.0437314584851, 0.0530958883464, 0.0914451628923, 0.153445526958, 0.08077121526, 0.0441254451871, 0.0266481209546, 0.0123347891495, 0.0132375964895, 0.0227670222521, 0.0332914292812, 0.0236355755478, 0.0249097496271, 0.023489896208, 0.026584463194, 0.0349560752511, 0.0371545478702, 0.0264278780669, 0.0308252386749, 0.0389530695975, 0.0345260538161, 0.0220214910805, 0.0287211891264, 0.0566461458802, 0.0723303034902, 0.0648946762085, 0.0497810952365, 0.0462870150805, 0.0742853209376, 0.0662295818329, 0.0396895967424, 0.0502431020141, 0.0843337476254, 0.114048793912, 0.090254150331, 0.052094809711], "median": [0.00281220837496, 0.0210034903139, 0.210619390011, 0.321304708719, 0.192710310221, 0.00477233016863, 0.000574599311221, 0.00039595173439, 0.000862271641381, 0.00148116075434, 0.00110329128802, 0.000430749088991, 0.000310742150759, 0.00297441147268, 0.0109335612506, 0.0127809131518, 0.00358873559162, 0.000547642179299, 0.000859763647895, 0.000874556601048, 0.000477303430671, 0.000271972152404, 0.0022796348203, 0.0230116974562, 0.0419285669923, 0.019826259464, 0.00223358091898, 0.00141318398528, 0.00114573503379, 0.00129050819669, 0.0015183101641, 0.00773451616988, 0.0201102122664, 0.0187689885497, 0.00627244077623, 0.00294398376718], "max": [1, 1, 1, 1, 1, 1, 1, 1, 1, 1, 1, 1, 1, 1, 1, 1, 1, 1, 1, 1, 1, 1, 1, 1, 1, 1, 1, 1, 1, 1, 1, 1, 1, 1, 1, 1], "dmean": [0.109737843275, 0.131974741817, 0.161318168044, 0.165562644601, 0.169602632523, 0.112900137901, 0.0734671354294, 0.0436463356018, 0.0406687483191, 0.0459426902235, 0.0532057993114, 0.0562840849161, 0.0575413331389, 0.0595287270844, 0.0731882601976, 0.0825322493911, 0.0832177549601, 0.0722272545099, 0.0728058069944, 0.0771243646741, 0.0715477541089, 0.0610348321497, 0.0900819674134, 0.133873715997, 0.136344522238, 0.120224408805, 0.10718794167, 0.0978254005313, 0.0930502042174, 0.0943263247609, 0.0952080413699, 0.137964636087, 0.146047353745, 0.162268593907, 0.202043861151, 0.142565622926], "dmean2": [0.19437019527, 0.233610630035, 0.274223357439, 0.282276391983, 0.292533218861, 0.197170600295, 0.134757146239, 0.0809607431293, 0.0741980448365, 0.0792714431882, 0.0936705172062, 0.0979288965464, 0.103215306997, 0.104566581547, 0.126099064946, 0.144481748343, 0.147316426039, 0.126146703959, 0.125380441546, 0.133656188846, 0.125112906098, 0.109320908785, 0.164280682802, 0.236752361059, 0.233725488186, 0.20948895812, 0.186372622848, 0.168908953667, 0.160553902388, 0.164014056325, 0.168864622712, 0.25055000186, 0.255106687546, 0.287541776896, 0.354826509953, 0.257068008184], "mean": [0.0918383076787, 0.125933080912, 0.304079324007, 0.436635285616, 0.277299046516, 0.102573357522, 0.0519206672907, 0.0290575698018, 0.0294027291238, 0.0490838438272, 0.0615637302399, 0.0542064458132, 0.0500761605799, 0.0541485510767, 0.0718680396676, 0.0882983952761, 0.0788903385401, 0.0645584538579, 0.0667525753379, 0.0760149806738, 0.0652318075299, 0.0467611588538, 0.0634311884642, 0.128778517246, 0.171680092812, 0.144037410617, 0.103079386055, 0.104404583573, 0.140758007765, 0.12889842689, 0.0887658894062, 0.109350971878, 0.183687493205, 0.230197221041, 0.182203650475, 0.109591856599], "dvar2": [0.115862593055, 0.13156683743, 0.108320727944, 0.115999497473, 0.12907576561, 0.108850695193, 0.0891200453043, 0.0478960648179, 0.0476005412638, 0.0454290285707, 0.0567264892161, 0.0596431419253, 0.0686675384641, 0.058403134346, 0.0668879374862, 0.0791756808758, 0.0940878242254, 0.0707216337323, 0.0700654610991, 0.0809863954782, 0.0823336392641, 0.0675047263503, 0.101977042854, 0.147775784135, 0.122793294489, 0.113278657198, 0.106014639139, 0.0886941701174, 0.0858456790447, 0.0934856384993, 0.0993669703603, 0.157125294209, 0.147305056453, 0.175513744354, 0.241256505251, 0.157110214233], "min": [0, 0, 0, 0, 0, 0, 0, 0, 0, 0, 0, 0, 0, 0, 0, 0, 0, 0, 0, 0, 0, 0, 0, 0, 0, 0, 0, 0, 0, 0, 0, 0, 0, 0, 0, 0]}, "key_key": "D#", "thpcp": [1, 0.635081648827, 0.234917700291, 0.118910834193, 0.0665488392115, 0.0673393309116, 0.112413831055, 0.140995770693, 0.124145820737, 0.114686474204, 0.124013230205, 0.164595127106, 0.202224597335, 0.180677875876, 0.147854417562, 0.152879476547, 0.174092620611, 0.149396553636, 0.107094317675, 0.145272701979, 0.294933825731, 0.393188774586, 0.329880386591, 0.236076623201, 0.23911164701, 0.322369754314, 0.295208454132, 0.203295275569, 0.250440061092, 0.420688599348, 0.52720707655, 0.417290270329, 0.250991761684, 0.210331857204, 0.288417100906, 0.696414887905], "chords_key": "G#", "tuning_equal_tempered_deviation": 0.130072399974, "tuning_frequency": 443.060424805, "tuning_diatonic_strength": 0.474730581045, "chords_histogram": [3.861089468, 3.0178630352, 3.7834239006, 5.65849351883, 17.9629421234, 18.9282150269, 0.965272367001, 4.69322109222, 5.4809718132, 14.7009878159, 2.06368589401, 7.63341856003, 4.42693901062, 0.0998557657003, 0.133141025901, 0.920892059803, 0.355042725801, 1.27593481541, 0.8099411726, 0.554754257202, 0.5103738904, 0.532564103603, 1.6087872982, 0.0221901703626], "key_strength": 0.573022484779, "key_scale": "minor", "chords_strength": {"dvar": 0.000314872420859, "var": 0.0234846305102, "median": 0.475877970457, "max": 0.827625095844, "dmean": 0.0124600427225, "dmean2": 0.0121822096407, "mean": 0.475063949823, "dvar2": 0.000486661971081, "min": -1}, "chords_number_rate": 0.00155331182759, "tuning_nontempered_energy_ratio": 0.781205952168, "hpcp_entropy": {"dvar": 0.216498851776, "var": 0.443093299866, "median": 1.95527005196, "max": 4.22340583801, "dmean": 0.546054124832, "dmean2": 0.926215171814, "mean": 1.95798361301, "dvar2": 0.572065770626, "min": 0}, "chords_changes_rate": 0.0805503129959, "chords_scale": "major"}, "rhythm": {"bpm_histogram_first_peak_spread": {"dvar": 0, "var": 0, "median": 0.354368984699, "max": 0.354368984699, "dmean": 0, "dmean2": 0, "mean": 0.354368984699, "dvar2": 0, "min": 0.354368984699}, "bpm_histogram_first_peak_weight": {"dvar": 0, "var": 0, "median": 0.589147269726, "max": 0.589147269726, "dmean": 0, "dmean2": 0, "mean": 0.589147269726, "dvar2": 0, "min": 0.589147269726}, "bpm_histogram_first_peak_bpm": {"dvar": 0, "var": 0, "median": 129, "max": 129, "dmean": 0, "dmean2": 0, "mean": 129, "dvar2": 0, "min": 129}, "bpm": 129.816818237, "bpm_histogram_second_peak_weight": {"dvar": 0, "var": 0, "median": 0.0287929121405, "max": 0.0287929121405, "dmean": 0, "dmean2": 0, "mean": 0.0287929121405, "dvar2": 0, "min": 0.0287929121405}, "beats_loudness": {"dvar": 0.000636308803223, "var": 0.00103994598612, "median": 0.0394598394632, "max": 0.22307805717, "dmean": 0.0237374473363, "dmean2": 0.037094373256, "mean": 0.0446453168988, "dvar2": 0.00155008095317, "min": 0}, "beats_loudness_band_ratio": {"dvar": [0.0284935347736, 0.026306476444, 0.00931404065341, 0.00192937476095, 0.000498280627653, 0.00630432274193], "var": [0.0870150178671, 0.0615041926503, 0.0177571624517, 0.00179445731919, 0.000298354570987, 0.00360303698108], "median": [0.718612730503, 0.191976934671, 0.0213641040027, 0.00241535133682, 0.000593403354287, 0.0011502399575], "max": [0.998074710369, 0.96567094326, 0.801150202751, 0.372677445412, 0.370234161615, 0.804410636425], "dmean": [0.171544387937, 0.162391245365, 0.0639612749219, 0.0208117440343, 0.00639292132109, 0.016269588843], "dmean2": [0.271497935057, 0.253515869379, 0.105027347803, 0.0376256294549, 0.0118715418503, 0.0310919508338], "mean": [0.640366494656, 0.276234000921, 0.0868925303221, 0.0176112838089, 0.00471686152741, 0.0104708978906], "dvar2": [0.0636607557535, 0.0652987509966, 0.0245627854019, 0.00536032160744, 0.0014995225938, 0.0180998574942], "min": [0, 0, 0, 0, 0, 0]}, "bpm_histogram_second_peak_bpm": {"dvar": 0, "var": 0, "median": 123, "max": 123, "dmean": 0, "dmean2": 0, "mean": 123, "dvar2": 0, "min": 123}, "onset_rate": 2.7860314846, "beats_count": 904, "beats_position": [0.476009070873, 0.96362811327, 1.45124709606, 1.93886613846, 2.42648530006, 2.91410422325, 3.40172338486, 3.87773227692, 4.34213161469, 4.80653047562, 5.27092981339, 5.73532867432, 6.18811798096, 6.64090681076, 7.10530614853, 7.56970500946, 8.03410434723, 8.498503685, 8.96290206909, 9.42730140686, 9.89170074463, 10.3444900513, 10.7972784042, 11.261677742, 11.7144670486, 12.1788663864, 12.6432647705, 13.1076641083, 13.5604534149, 14.0132427216, 14.4776411057, 14.9420404434, 15.3948297501, 15.8592290878, 16.3236274719, 16.7880268097, 17.2524261475, 17.7168254852, 18.181224823, 18.6456241608, 19.0984115601, 19.5512008667, 20.0039901733, 20.45677948, 20.9211788177, 21.3855781555, 21.8615875244, 22.3259868622, 22.7903842926, 23.2431735992, 23.6959629059, 24.1603622437, 24.6247615814, 25.0891609192, 25.553560257, 26.0179595947, 26.470746994, 26.9351463318, 27.3995456696, 27.8639450073, 28.3283443451, 28.7927436829, 29.2571430206, 29.7099323273, 30.1627197266, 30.6271190643, 31.0915184021, 31.5559177399, 32.0203170776, 32.4847145081, 32.9491157532, 33.4019050598, 33.8546943665, 34.3190917969, 34.783493042, 35.2478904724, 35.7122879028, 36.1650772095, 36.6178665161, 37.0822677612, 37.5466651917, 38.0110664368, 38.4638557434, 38.9282531738, 39.3926506042, 39.8454399109, 40.309841156, 40.7742385864, 41.2386398315, 41.6914291382, 42.1558265686, 42.6202278137, 43.0846252441, 43.5374145508, 44.0018119812, 44.4662132263, 44.9306106567, 45.3833999634, 45.83618927, 46.3005905151, 46.7649879456, 47.229385376, 47.6937866211, 48.1465759277, 48.6109733582, 49.0637626648, 49.5281639099, 49.9925613403, 50.4569587708, 50.9097480774, 51.3857574463, 51.8385467529, 52.302947998, 52.7557373047, 53.2201347351, 53.6845359802, 54.1489334106, 54.6133308411, 55.0777320862, 55.5421295166, 55.9949188232, 56.4477081299, 56.912109375, 57.3765068054, 57.8409042358, 58.2936935425, 58.7697029114, 59.2341041565, 59.6868934631, 60.1396827698, 60.5924720764, 61.0452613831, 61.5096588135, 61.9740562439, 62.438457489, 62.9028549194, 63.3672561646, 63.831653595, 64.2844467163, 64.7372360229, 65.2016296387, 65.6660308838, 66.1304321289, 66.5948257446, 67.0592269897, 67.5236282349, 67.98802948, 68.4524230957, 68.9168243408, 69.3812255859, 69.8340148926, 70.2868041992, 70.7511978149, 71.2155990601, 71.6800003052, 72.1444015503, 72.608795166, 73.0731964111, 73.5259857178, 73.9787750244, 74.4431762695, 74.9075698853, 75.3603591919, 75.8131484985, 76.2659378052, 76.7187271118, 77.1831283569, 77.6475296021, 78.1119232178, 78.5763244629, 79.040725708, 79.5167312622, 79.9695205688, 80.433921814, 80.8983230591, 81.3627166748, 81.8271179199, 82.2799072266, 82.7326965332, 83.1970977783, 83.661491394, 84.1258926392, 84.5902938843, 85.0430831909, 85.4958724976, 85.9602737427, 86.4246673584, 86.8890686035, 87.3418579102, 87.7946472168, 88.2590484619, 88.7234420776, 89.1878433228, 89.6522445679, 90.116645813, 90.5810394287, 91.0454406738, 91.4982299805, 91.9742355347, 92.4386367798, 92.8914260864, 93.3442153931, 93.8086166382, 94.2730178833, 94.737411499, 95.2018127441, 95.6546020508, 96.1190032959, 96.5717926025, 97.0361862183, 97.4889755249, 97.95337677, 98.4177780151, 98.8705673218, 99.3349609375, 99.7993621826, 100.263763428, 100.728164673, 101.192558289, 101.656959534, 102.121360779, 102.574150085, 103.026939392, 103.491333008, 103.955734253, 104.40852356, 104.861312866, 105.325714111, 105.778503418, 106.231292725, 106.69568634, 107.160087585, 107.636100769, 108.100494385, 108.56489563, 109.029296875, 109.493690491, 109.946479797, 110.410881042, 110.875282288, 111.351287842, 111.838912964, 112.314918518, 112.790924072, 113.266937256, 113.74294281, 114.230567932, 114.764625549, 115.26385498, 115.786300659, 116.308753967, 116.819587708, 117.330429077, 117.829658508, 118.352104187, 118.874557495, 119.373786926, 119.838180542, 120.302581787, 120.778594971, 121.242988586, 121.71900177, 122.183395386, 122.636184692, 123.088973999, 123.553375244, 124.017776489, 124.482177734, 124.934967041, 125.399360657, 125.863761902, 126.339767456, 126.81578064, 127.291786194, 127.779411316, 128.220581055, 128.673370361, 129.126159668, 129.567337036, 130.008529663, 130.449707031, 130.914108276, 131.378494263, 131.831283569, 132.295684814, 132.76008606, 133.236099243, 133.700500488, 134.164901733, 134.62928772, 135.093688965, 135.569702148, 136.034103394, 136.510116577, 136.928070068, 137.334411621, 137.752380371, 138.170333862, 138.588302612, 139.006256104, 139.424209595, 139.830566406, 140.248519897, 140.666488647, 141.084442139, 141.548843384, 142.00163269, 142.454421997, 142.930435181, 143.394821167, 143.847610474, 144.312011719, 144.776412964, 145.229202271, 145.681991577, 146.146392822, 146.610794067, 147.075195312, 147.539596558, 148.003982544, 148.456771851, 148.921173096, 149.385574341, 149.838363647, 150.302764893, 150.755554199, 151.208343506, 151.672744751, 152.137145996, 152.601531982, 153.065933228, 153.530334473, 153.994735718, 154.470748901, 154.923538208, 155.387939453, 155.84072876, 156.293518066, 156.757904053, 157.222305298, 157.686706543, 158.151107788, 158.615509033, 159.079910278, 159.544311523, 160.00869751, 160.473098755, 160.9375, 161.413513184, 161.86630249, 162.330703735, 162.79510498, 163.247894287, 163.700683594, 164.1534729, 164.606262207, 165.070648193, 165.535049438, 165.999450684, 166.463851929, 166.939865112, 167.427474976, 167.915100098, 168.367889404, 168.797454834, 169.238632202, 169.714645386, 170.179046631, 170.643447876, 171.177505493, 171.723175049, 172.245620728, 172.756454468, 173.278915405, 173.801361084, 174.265762329, 174.730148315, 175.194549561, 175.658950806, 176.123352051, 176.587753296, 177.052154541, 177.516555786, 177.980941772, 178.445343018, 178.921356201, 179.397369385, 179.884979248, 180.360992432, 180.837005615, 181.313018799, 181.789016724, 182.276641846, 182.752655029, 183.240264893, 183.716278076, 184.180679321, 184.645080566, 185.109481812, 185.573867798, 186.038269043, 186.502670288, 186.967071533, 187.431472778, 187.895874023, 188.34866333, 188.801452637, 189.265853882, 189.730239868, 190.194641113, 190.64743042, 191.100219727, 191.564620972, 192.029022217, 192.493423462, 192.957824707, 193.422225952, 193.875015259, 194.327789307, 194.792190552, 195.256591797, 195.709381104, 196.173782349, 196.638183594, 197.114196777, 197.578598022, 198.042984009, 198.495773315, 198.948562622, 199.412963867, 199.865753174, 200.31854248, 200.782943726, 201.247344971, 201.711746216, 202.176147461, 202.640533447, 203.093322754, 203.546112061, 204.010513306, 204.474914551, 204.939315796, 205.403717041, 205.868118286, 206.332519531, 206.796905518, 207.261306763, 207.725708008, 208.178497314, 208.64289856, 209.095687866, 209.560089111, 210.024490356, 210.477279663, 210.93006897, 211.394470215, 211.858856201, 212.311645508, 212.764434814, 213.22883606, 213.693237305, 214.15763855, 214.622039795, 215.08644104, 215.562438965, 216.02684021, 216.491241455, 216.9556427, 217.408432007, 217.861221313, 218.31401062, 218.778411865, 219.24281311, 219.707214355, 220.171600342, 220.624389648, 221.077178955, 221.5415802, 222.005981445, 222.458770752, 222.911560059, 223.375961304, 223.840362549, 224.304763794, 224.76914978, 225.221939087, 225.686340332, 226.139129639, 226.603530884, 227.067932129, 227.532333374, 227.996734619, 228.461135864, 228.913925171, 229.366714478, 229.831100464, 230.295501709, 230.759902954, 231.224304199, 231.688705444, 232.153106689, 232.617507935, 233.070297241, 233.523086548, 233.975875854, 234.440261841, 234.904663086, 235.369064331, 235.833465576, 236.286254883, 236.750656128, 237.215057373, 237.679458618, 238.143844604, 238.60824585, 239.072647095, 239.53704834, 240.001449585, 240.454238892, 240.907028198, 241.359817505, 241.82421875, 242.300216675, 242.76461792, 243.229019165, 243.681808472, 244.134597778, 244.598999023, 245.05178833, 245.516189575, 245.968978882, 246.433380127, 246.897766113, 247.362167358, 247.838180542, 248.302581787, 248.766983032, 249.219772339, 249.684173584, 250.14855957, 250.612960815, 251.077362061, 251.553375244, 252.029388428, 252.505386353, 252.958175659, 253.410964966, 253.863754272, 254.304931641, 254.757720947, 255.210510254, 255.628479004, 256.069641113, 256.51083374, 256.952026367, 257.428009033, 257.904022217, 258.391662598, 258.786376953, 259.181121826, 259.575866699, 259.970611572, 260.434997559, 260.899414062, 261.375427246, 261.851409912, 262.339050293, 262.803436279, 263.267852783, 263.73223877, 264.196624756, 264.66104126, 265.125427246, 265.578216553, 266.031005859, 266.495422363, 266.95980835, 267.424224854, 267.88861084, 268.364624023, 268.82901001, 269.293426514, 269.769439697, 270.245422363, 270.721435547, 271.19744873, 271.673461914, 272.149475098, 272.625488281, 273.113098145, 273.600708008, 274.088348389, 274.564361572, 275.040344238, 275.504760742, 275.969146729, 276.433563232, 276.886352539, 277.339141846, 277.803527832, 278.267944336, 278.732330322, 279.196716309, 279.649505615, 280.113922119, 280.566711426, 281.031097412, 281.495513916, 281.959899902, 282.424316406, 282.888702393, 283.353088379, 283.817504883, 284.281890869, 284.734680176, 285.187469482, 285.651885986, 286.116271973, 286.580688477, 287.033477783, 287.48626709, 287.950653076, 288.403442383, 288.867828369, 289.332244873, 289.796630859, 290.249420166, 290.71383667, 291.178222656, 291.64263916, 292.095428467, 292.548217773, 293.01260376, 293.476989746, 293.94140625, 294.405792236, 294.87020874, 295.334594727, 295.787384033, 296.24017334, 296.704589844, 297.16897583, 297.633361816, 298.09777832, 298.562164307, 299.014953613, 299.46774292, 299.932159424, 300.39654541, 300.860961914, 301.313751221, 301.778137207, 302.230926514, 302.68371582, 303.136505127, 303.600891113, 304.065307617, 304.529693604, 304.994110107, 305.458496094, 305.934509277, 306.398895264, 306.863311768, 307.316101074, 307.780487061, 308.233276367, 308.686065674, 309.150482178, 309.614868164, 310.07925415, 310.543670654, 311.008056641, 311.472473145, 311.936859131, 312.401275635, 312.865661621, 313.330047607, 313.782836914, 314.235626221, 314.688415527, 315.152832031, 315.617218018, 316.070007324, 316.534423828, 316.998809814, 317.463226318, 317.916015625, 318.368804932, 318.833190918, 319.297576904, 319.761993408, 320.226379395, 320.690795898, 321.166809082, 321.619598389, 322.083984375, 322.548370361, 323.012786865, 323.477172852, 323.929962158, 324.382751465, 324.835540771, 325.288330078, 325.752746582, 326.217132568, 326.681549072, 327.145935059, 327.610321045, 328.074737549, 328.539123535, 328.991912842, 329.444702148, 329.909118652, 330.373504639, 330.837921143, 331.302307129, 331.766693115, 332.231109619, 332.695495605, 333.148284912, 333.612701416, 334.077087402, 334.529876709, 334.982666016, 335.435455322, 335.899871826, 336.364257812, 336.828643799, 337.293060303, 337.757446289, 338.221862793, 338.686248779, 339.150665283, 339.61505127, 340.079437256, 340.54385376, 341.008239746, 341.47265625, 341.937042236, 342.389831543, 342.84262085, 343.307037354, 343.77142334, 344.224212646, 344.688598633, 345.153015137, 345.617401123, 346.093414307, 346.56942749, 347.045440674, 347.533050537, 348.0206604, 348.508300781, 348.984313965, 349.460296631, 349.936309814, 350.412322998, 350.888336182, 351.352722168, 351.817138672, 352.293151855, 352.757537842, 353.221954346, 353.674743652, 354.139129639, 354.591918945, 355.044708252, 355.497497559, 355.961883545, 356.414672852, 356.867462158, 357.331878662, 357.796264648, 358.260681152, 358.725067139, 359.189483643, 359.653869629, 360.118255615, 360.582672119, 361.047058105, 361.499847412, 361.964263916, 362.417053223, 362.881439209, 363.345855713, 363.810241699, 364.274627686, 364.739044189, 365.191833496, 365.644622803, 366.109008789, 366.573425293, 367.049438477, 367.502227783, 367.95501709, 368.407806396, 368.872192383, 369.336578369, 369.789367676, 370.25378418, 370.718170166, 371.18258667, 371.635375977, 372.099761963, 372.564178467, 373.028564453, 373.492950439, 373.957366943, 374.41015625, 374.874542236, 375.33895874, 375.803344727, 376.256134033, 376.720550537, 377.184936523, 377.63772583, 378.102111816, 378.578125, 379.065765381, 379.553375244, 380.040985107, 380.540222168, 381.039459229, 381.527069092, 382.003082275, 382.479095459, 382.943481445, 383.407897949, 383.872283936, 384.325073242, 384.789459229, 385.253875732, 385.706665039, 386.171051025, 386.635467529, 387.099853516, 387.56427002, 388.017059326, 388.469848633, 388.934234619, 389.398620605, 389.863037109, 390.327423096, 390.7918396, 391.244628906, 391.709014893, 392.173431396, 392.637817383, 393.090606689, 393.554992676, 394.01940918, 394.483795166, 394.936584473, 395.389373779, 395.853790283, 396.31817627, 396.782592773, 397.24697876, 397.711364746, 398.17578125, 398.628570557, 399.081359863, 399.53414917, 399.986938477, 400.451324463, 400.915740967, 401.380126953, 401.844512939, 402.308929443, 402.77331543, 403.237731934, 403.70211792, 404.166534424, 404.61932373, 405.072113037, 405.536499023, 406.00088501, 406.465301514, 406.91809082, 407.370880127, 407.835266113, 408.299682617, 408.764068604, 409.228485107, 409.692871094, 410.15725708, 410.621673584, 411.097686768, 411.562072754, 412.014862061, 412.479278564, 412.943664551, 413.408050537, 413.872467041, 414.348480225, 414.7315979, 415.114746094, 415.509460449, 415.904205322, 416.298950195, 416.693695068, 417.088439941, 417.483154297, 417.87789917], "danceability": 0.963385522366, "bpm_histogram_second_peak_spread": {"dvar": 0, "var": 0, "median": 0.161290287971, "max": 0.161290287971, "dmean": 0, "dmean2": 0, "mean": 0.161290287971, "dvar2": 0, "min": 0.161290287971}}, "lowlevel": {"spectral_flux": {"dvar": 0.000979981618002, "var": 0.00218943483196, "median": 0.0585920549929, "max": 0.4259301126, "dmean": 0.0227660499513, "dmean2": 0.0371657200158, "mean": 0.0684823542833, "dvar2": 0.00252620689571, "min": 6.27774499051e-11}, "spectral_rolloff": {"dvar": 196486.34375, "var": 2013429.125, "median": 279.931640625, "max": 19530.6152344, "dmean": 85.9238433838, "dmean2": 149.476669312, "mean": 457.576202393, "dvar2": 449931.75, "min": 21.533203125}, "barkbands_flatness_db": {"dvar": 0.00112419528887, "var": 0.00761046167463, "median": 0.300067722797, "max": 0.560108423233, "dmean": 0.0284868832678, "dmean2": 0.0439369827509, "mean": 0.294796615839, "dvar2": 0.00256292172708, "min": 0.0460345931351}, "spectral_centroid": {"dvar": 46762.6445312, "var": 707888.8125, "median": 291.827911377, "max": 11804.6279297, "dmean": 77.2590560913, "dmean2": 123.170265198, "mean": 433.019378662, "dvar2": 97436.9921875, "min": 103.595428467}, "melbands_skewness": {"dvar": 1.7588737011, "var": 7.57510042191, "median": 2.10243391991, "max": 37.4410591125, "dmean": 0.898406744003, "dmean2": 1.42669403553, "mean": 2.7754573822, "dvar2": 4.24671030045, "min": -1.54223132133}, "melbands": {"dvar": [4.91976470585e-06, 2.43746180786e-05, 2.44631314672e-06, 1.28908175157e-06, 8.32698731301e-07, 7.51617903916e-07, 1.90088684349e-07, 9.24542220559e-08, 2.04721324337e-08, 1.46627128217e-08, 7.29341431693e-09, 5.54024071064e-09, 6.87995604931e-10, 5.75835601424e-10, 1.77648062927e-10, 8.4964185687e-10, 1.07406838978e-09, 9.72257552245e-11, 3.3998793364e-11, 6.45346415196e-11, 1.83426746014e-11, 1.54274613917e-11, 2.1964320987e-11, 3.87558908577e-12, 1.65539474489e-11, 3.27000510003e-11, 3.61881843935e-11, 1.38140627409e-11, 1.39691869183e-11, 1.55236656862e-11, 1.53323673202e-11, 2.45471698523e-11, 3.25043221505e-11, 6.10040420956e-11, 4.21018775398e-11, 2.07979328204e-11, 9.98061876201e-12, 3.32355302134e-12, 7.88828258356e-13, 1.64694386601e-12], "var": [1.65915171237e-05, 3.32714989781e-05, 4.9955774557e-06, 4.99809766552e-06, 3.49126889887e-06, 3.59977298103e-06, 1.11274050596e-06, 4.30062073065e-07, 1.97373452693e-07, 1.81361059504e-07, 5.03540498187e-08, 1.53419748017e-08, 4.34719460429e-09, 2.05677985754e-09, 8.04779354269e-10, 3.52123441516e-09, 5.01552710475e-09, 5.03694974618e-10, 7.55599263713e-11, 7.7539141774e-11, 4.17819459586e-11, 1.97502188215e-11, 1.87361411108e-11, 8.34283250123e-12, 3.10478032173e-11, 6.03559008328e-11, 5.49996090338e-11, 1.93513902819e-11, 2.80964921467e-11, 2.35145236616e-11, 2.63361190495e-11, 4.72384145689e-11, 4.62899649167e-11, 7.20213264027e-11, 5.3728896332e-11, 3.25375663912e-11, 1.61234133683e-11, 5.86978556039e-12, 1.81451522644e-12, 1.88775622738e-12], "median": [0.001321081887, 0.00193496001884, 0.0008559897542, 0.000550194992684, 0.000572694640141, 0.000181467621587, 6.47031629342e-05, 1.95870343305e-05, 5.04304171045e-06, 2.1313369416e-06, 2.02105343305e-06, 2.28509975386e-06, 1.37642234677e-06, 9.27960343233e-07, 6.00722160016e-07, 3.05043414528e-07, 2.04994393016e-07, 1.23985401501e-07, 9.66541335856e-08, 1.1063178107e-07, 9.09585011755e-08, 9.52552028366e-08, 9.00927688008e-08, 8.96871981126e-08, 1.12930948148e-07, 6.7669816417e-08, 5.05747905777e-08, 5.25405035035e-08, 4.42937775347e-08, 2.59030983329e-08, 2.43171491832e-08, 2.28084289233e-08, 2.26486207566e-08, 3.95126349417e-08, 5.4509222025e-08, 8.2105373167e-08, 7.64107355167e-08, 4.11601419614e-08, 3.05233491815e-08, 3.13895860415e-08], "max": [0.0358478426933, 0.0900495126843, 0.0262074973434, 0.0282989051193, 0.0226936545223, 0.0279184915125, 0.021518914029, 0.0189507771283, 0.00646868580952, 0.00405647512525, 0.00342193176039, 0.00206572120078, 0.00102407066151, 0.00128717767075, 0.000866950780619, 0.00205857190304, 0.00277951103635, 0.00100684771314, 0.000243044240051, 0.000231335012359, 0.000171927342308, 0.000107434039819, 0.00015854917001, 6.01524443482e-05, 0.000174443426658, 0.000404923397582, 0.000341968261637, 0.000241330766585, 0.000324822729453, 0.000209396588616, 0.000185429569683, 0.000308342743665, 0.000488625490107, 0.000798065157142, 0.000677664764225, 0.000484679039801, 0.000324111926602, 0.000110907480121, 5.2465184126e-05, 0.000117898605822], "dmean": [0.00118804618251, 0.00223048659973, 0.000829999742564, 0.000551467004698, 0.000452925509308, 0.000310031406116, 0.000141610653372, 8.67350609042e-05, 4.95123276778e-05, 3.516149809e-05, 2.58136351476e-05, 2.34019553318e-05, 8.15100247564e-06, 6.25036864221e-06, 3.57120256922e-06, 4.8076622079e-06, 3.91636376662e-06, 1.70585099113e-06, 1.42631051858e-06, 1.8822046286e-06, 1.01972693756e-06, 9.9414808119e-07, 1.01220882698e-06, 6.05874674875e-07, 1.01919567896e-06, 7.64079686633e-07, 5.64322533592e-07, 4.00947840262e-07, 4.59938490849e-07, 4.34494126011e-07, 4.20036741389e-07, 4.6890613703e-07, 4.1420670982e-07, 4.32305881759e-07, 3.91665082589e-07, 3.07844260306e-07, 3.18458205584e-07, 2.28572673677e-07, 1.17265855692e-07, 1.14605704482e-07], "dmean2": [0.0016377432039, 0.00390156824142, 0.00138739682734, 0.000850523181725, 0.000699331460055, 0.000468267360702, 0.000202567855013, 0.000121083990962, 6.56755073578e-05, 4.84486736241e-05, 3.84348786611e-05, 3.76101088477e-05, 1.26775939862e-05, 9.88257124845e-06, 5.38816766493e-06, 7.40508266972e-06, 6.09855624134e-06, 2.66644451585e-06, 2.25353574024e-06, 3.0387593597e-06, 1.63122160757e-06, 1.63121637797e-06, 1.74132048869e-06, 9.81324433269e-07, 1.67900611814e-06, 1.23773122596e-06, 9.08889717266e-07, 6.37545724658e-07, 7.01841941009e-07, 6.88862428433e-07, 6.67127210363e-07, 7.34393211133e-07, 6.33506488157e-07, 6.62038928567e-07, 6.06577998497e-07, 4.78761876366e-07, 5.07179606757e-07, 3.6462256503e-07, 1.77484807296e-07, 1.7820214282e-07], "mean": [0.00312308548018, 0.00378380762413, 0.00166657019872, 0.00147121539339, 0.00128173688427, 0.00104867806658, 0.00049046985805, 0.000259660970187, 0.000169758248376, 0.000135248570587, 6.47976921755e-05, 3.97814837925e-05, 1.77982110472e-05, 1.12500938485e-05, 6.24797485216e-06, 9.40170048125e-06, 7.53368885853e-06, 3.14283624903e-06, 2.12622921936e-06, 2.36832465816e-06, 1.48381354848e-06, 1.16811713724e-06, 1.11923156965e-06, 9.63593834058e-07, 1.53587564e-06, 1.12227371574e-06, 7.26212704194e-07, 5.11217422172e-07, 6.10064375905e-07, 5.06627088726e-07, 4.9545985803e-07, 5.62880984489e-07, 4.91924595281e-07, 5.30153897671e-07, 4.92403046337e-07, 4.49088645382e-07, 4.56449896546e-07, 3.52142421889e-07, 1.99944068413e-07, 1.77489340558e-07], "dvar2": [1.11134741019e-05, 6.34757016087e-05, 6.42579152554e-06, 3.31971455125e-06, 2.12636132346e-06, 2.04460866371e-06, 4.38363088051e-07, 2.17721776608e-07, 3.55627385318e-08, 2.94423188052e-08, 1.64318603169e-08, 1.38068436684e-08, 1.52685764032e-09, 1.52278734067e-09, 3.65977859129e-10, 1.92553728517e-09, 2.22844209752e-09, 2.24708321395e-10, 8.27328205943e-11, 1.62949584381e-10, 4.32395612371e-11, 3.90176328746e-11, 5.92939308763e-11, 9.39118748045e-12, 4.27617767584e-11, 8.34869534616e-11, 8.55888623863e-11, 3.21253197655e-11, 2.8683867781e-11, 3.67877499297e-11, 3.2994641741e-11, 5.34021750431e-11, 7.47977027538e-11, 1.35105385213e-10, 8.46090558726e-11, 3.69896092922e-11, 1.86008899256e-11, 6.74565047917e-12, 1.49401313803e-12, 3.91846234279e-12], "min": [1.35201273102e-24, 1.18656217236e-24, 7.98146488329e-25, 9.1131243088e-25, 1.30824564332e-24, 1.34893775122e-24, 7.40959101689e-25, 1.46597709942e-24, 1.54813982232e-24, 2.16041687631e-24, 3.51539690763e-24, 2.29074813634e-24, 2.14978342574e-24, 2.60267754333e-24, 3.36236617506e-24, 3.29371180769e-24, 2.4816252597e-24, 2.60124477471e-24, 3.61957466764e-24, 4.30463094406e-24, 4.37150149971e-24, 3.58173695432e-24, 3.68739146194e-24, 4.21026306384e-24, 5.17668867022e-24, 5.01628090489e-24, 4.73118617931e-24, 5.64170836878e-24, 4.05265141599e-24, 4.48012330762e-24, 5.32980972737e-24, 6.05697145461e-24, 3.8897520335e-24, 5.48107814468e-24, 6.35111086489e-24, 4.98128545741e-24, 4.88204162794e-24, 6.42219985423e-24, 6.6157555548e-24, 6.45226097675e-24]}, "spectral_decrease": {"dvar": 2.09640455922e-17, "var": 5.8030458827e-17, "median": -8.93070772889e-09, "max": 1.79248069372e-28, "dmean": 2.95832047748e-09, "dmean2": 4.81839590449e-09, "mean": -1.00937418424e-08, "dvar2": 5.48020688491e-17, "min": -8.41408507313e-08}, "barkbands_kurtosis": {"dvar": 1300.3092041, "var": 4371.99804688, "median": 27.1339588165, "max": 1019.37390137, "dmean": 20.3703098297, "dmean2": 32.1683731079, "mean": 49.6698036194, "dvar2": 3124.08764648, "min": -1.95731008053}, "silence_rate_30dB": {"dvar": 0.0176541917026, "var": 0.0212185289711, "median": 1, "max": 1, "dmean": 0.01797603257, "dmean2": 0.0359540581703, "mean": 0.978307902813, "dvar2": 0.0408711098135, "min": 0}, "gfcc": {"mean": [-102.547325134, 116.344429016, -12.8539772034, 25.813117981, -46.094783783, 0.520122408867, -36.1476745605, 4.76665782928, -22.2143478394, 1.44850981236, -5.93261575699, 6.48347616196, -13.1027669907], "cov": [[13285.2402344, 396.121063232, -2230.83300781, -1025.82263184, -1113.60424805, 171.415786743, -401.456665039, 576.248779297, -168.460342407, -97.4921569824, -37.1588287354, -13.6182308197, -173.203308105], [396.121063232, 739.259521484, 188.667556763, -188.709854126, 25.220500946, -46.3799819946, 1.54707610607, -48.9370422363, -23.5801353455, -53.3626441956, 70.0955429077, -17.3993091583, -43.5040779114], [-2230.83300781, 188.667556763, 1493.67590332, 516.586730957, 40.6610679626, -151.836074829, -85.8418197632, -218.713027954, 29.8876667023, 49.3915481567, 90.521774292, 76.9057922363, 8.50545120239], [-1025.82263184, -188.709854126, 516.586730957, 811.049682617, 307.100952148, -58.1000175476, 2.09709239006, -149.479171753, 26.2000198364, 7.59821557999, -87.2763290405, 20.8826828003, 86.0313644409], [-1113.60424805, 25.220500946, 40.6610679626, 307.100952148, 516.218322754, 49.714389801, 95.8520202637, -77.9147872925, 29.103843689, -20.8880901337, -87.9875488281, -28.9263648987, 52.953578949], [171.415786743, -46.3799819946, -151.836074829, -58.1000175476, 49.714389801, 264.16784668, 145.51940918, 5.64778995514, -2.49855947495, 18.3009567261, -3.61975193024, -50.5836715698, -7.61699581146], [-401.456665039, 1.54707610607, -85.8418197632, 2.09709239006, 95.8520202637, 145.51940918, 273.03503418, 37.3399848938, 7.40991449356, 47.1927452087, 1.8740811348, -69.7455825806, -4.01790332794], [576.248779297, -48.9370422363, -218.713027954, -149.479171753, -77.9147872925, 5.64778995514, 37.3399848938, 224.914230347, 90.5754699707, 22.3374710083, 10.6110677719, -13.337761879, -3.74107050896], [-168.460342407, -23.5801353455, 29.8876667023, 26.2000198364, 29.103843689, -2.49855947495, 7.40991449356, 90.5754699707, 163.570037842, 44.5521812439, 2.43587756157, 15.721496582, 16.4119281769], [-97.4921569824, -53.3626441956, 49.3915481567, 7.59821557999, -20.8880901337, 18.3009567261, 47.1927452087, 22.3374710083, 44.5521812439, 139.467788696, 60.9904212952, 4.28012800217, 8.23848724365], [-37.1588287354, 70.0955429077, 90.521774292, -87.2763290405, -87.9875488281, -3.61975193024, 1.8740811348, 10.6110677719, 2.43587756157, 60.9904212952, 137.965194702, 49.6461868286, -1.10665667057], [-13.6182308197, -17.3993091583, 76.9057922363, 20.8826828003, -28.9263648987, -50.5836715698, -69.7455825806, -13.337761879, 15.721496582, 4.28012800217, 49.6461868286, 152.679168701, 55.0779914856], [-173.203308105, -43.5040779114, 8.50545120239, 86.0313644409, 52.953578949, -7.61699581146, -4.01790332794, -3.74107050896, 16.4119281769, 8.23848724365, -1.10665667057, 55.0779914856, 113.473129272]], "icov": [[0.000262740184553, -0.000580936437473, 0.000487439683639, -0.000541504472494, 0.000657454947941, -0.000643487088382, 0.000756116351113, -0.000799379253294, 0.000613175448962, -0.000563606212381, 0.000531351717655, -0.000369968620362, 0.000339739461197], [-0.000580936437473, 0.00339251803234, -0.00151907920372, 0.00222163740546, -0.00214973883703, 0.0021373720374, -0.00209882855415, 0.0024524286855, -0.00184117350727, 0.0028131864965, -0.00275858910754, 0.00163495866582, -0.000761814706493], [0.000487439683639, -0.00151907920372, 0.00225701881573, -0.00207024766132, 0.00172160577495, -0.000833333120681, 0.00134907895699, -0.000402002304327, 0.000293294258881, -0.00106473499909, -5.70798911212e-05, -0.000742192787584, 0.00113178126048], [-0.000541504472494, 0.00222163740546, -0.00207024766132, 0.00426622712985, -0.00269832438789, 0.00203404924832, -0.0018999214517, 0.00256032310426, -0.00154897361062, 0.00105491816066, 0.000137468319735, 0.000977355055511, -0.00196685339324], [0.000657454947941, -0.00214973883703, 0.00172160577495, -0.00269832438789, 0.00518173817545, -0.00182566500735, 0.000738232687581, -0.000707817438524, 0.000234801555052, -0.00110410992056, 0.00252984743565, -0.000865851296112, 4.93563165946e-05], [-0.000643487088382, 0.0021373720374, -0.000833333120681, 0.00203404924832, -0.00182566500735, 0.00770529732108, -0.00503650167957, 0.00365487160161, -0.00250395992771, 0.00213983235881, -0.00216878135689, 0.00182899984065, -0.00103321450297], [0.000756116351113, -0.00209882855415, 0.00134907895699, -0.0018999214517, 0.000738232687581, -0.00503650167957, 0.0090304845944, -0.00436811614782, 0.00320825516246, -0.00377818080597, 0.00104959367309, 0.000843837333377, 0.000592890835833], [-0.000799379253294, 0.0024524286855, -0.000402002304327, 0.00256032310426, -0.000707817438524, 0.00365487160161, -0.00436811614782, 0.0118409991264, -0.00788459926844, 0.00322383572347, -0.00297744595446, 0.00248168548569, -0.00170687737409], [0.000613175448962, -0.00184117350727, 0.000293294258881, -0.00154897361062, 0.000234801555052, -0.00250395992771, 0.00320825516246, -0.00788459926844, 0.0123743135482, -0.00529529154301, 0.0036995888222, -0.00276380963624, 0.000930763664655], [-0.000563606212381, 0.0028131864965, -0.00106473499909, 0.00105491816066, -0.00110410992056, 0.00213983235881, -0.00377818080597, 0.00322383572347, -0.00529529154301, 0.0137739814818, -0.00820896960795, 0.00316742318682, -0.00172197702341], [0.000531351717655, -0.00275858910754, -5.70798911212e-05, 0.000137468319735, 0.00252984743565, -0.00216878135689, 0.00104959367309, -0.00297744595446, 0.0036995888222, -0.00820896960795, 0.0165631007403, -0.00638661254197, 0.00158873479813], [-0.000369968620362, 0.00163495866582, -0.000742192787584, 0.000977355055511, -0.000865851296112, 0.00182899984065, 0.000843837333377, 0.00248168548569, -0.00276380963624, 0.00316742318682, -0.00638661254197, 0.0123840151355, -0.00588823715225], [0.000339739461197, -0.000761814706493, 0.00113178126048, -0.00196685339324, 4.93563165946e-05, -0.00103321450297, 0.000592890835833, -0.00170687737409, 0.000930763664655, -0.00172197702341, 0.00158873479813, -0.00588823715225, 0.0131818084046]]}, "silence_rate_20dB": {"dvar": 0, "var": 0, "median": 1, "max": 1, "dmean": 0, "dmean2": 0, "mean": 1, "dvar2": 0, "min": 1}, "barkbands_skewness": {"dvar": 1.48402905464, "var": 7.75544309616, "median": 2.98038125038, "max": 25.7794971466, "dmean": 1.00807380676, "dmean2": 1.58799767494, "mean": 3.66064620018, "dvar2": 3.6295542717, "min": -2.26412248611}, "erbbands_skewness": {"dvar": 0.697140693665, "var": 3.98480844498, "median": 2.74152040482, "max": 12.2889909744, "dmean": 0.735529899597, "dmean2": 1.13943421841, "mean": 3.01598072052, "dvar2": 1.60384643078, "min": -5.13838481903}, "spectral_contrast_valleys": {"dvar": [0.0715578794479, 0.0949834063649, 0.206168308854, 0.207769617438, 0.17445269227, 0.102720081806], "var": [2.67367005348, 2.9315366745, 2.90528821945, 2.62923717499, 2.40562200546, 2.07032632828], "median": [-6.85471439362, -7.61181974411, -8.91140270233, -9.71839141846, -9.45000839233, -11.0637331009], "max": [-5.04846954346, -4.99100208282, -5.61968660355, -6.39801120758, -6.53198957443, -6.87874174118], "dmean": [0.302765488625, 0.330202370882, 0.413397699594, 0.378835707903, 0.326944500208, 0.226201027632], "dmean2": [0.505500376225, 0.524137556553, 0.646969020367, 0.574497759342, 0.494343340397, 0.349149137735], "mean": [-6.99959135056, -7.69440603256, -8.99188423157, -9.74983596802, -9.49183750153, -11.2140655518], "dvar2": [0.189152702689, 0.217790961266, 0.445254296064, 0.423944413662, 0.363043904305, 0.22915892303], "min": [-27.9356975555, -28.0124015808, -27.7498435974, -27.6055107117, -27.5168075562, -27.3789863586]}, "spectral_strongpeak": {"dvar": 0.186410933733, "var": 0.466664910316, "median": 0.469794899225, "max": 7.81541395187, "dmean": 0.300482183695, "dmean2": 0.516488790512, "mean": 0.714090645313, "dvar2": 0.488384634256, "min": 0}, "erbbands_crest": {"dvar": 6.25414848328, "var": 21.8304328918, "median": 12.5808954239, "max": 32.6375694275, "dmean": 2.61845159531, "dmean2": 4.22855520248, "mean": 13.1812086105, "dvar2": 16.4854335785, "min": 1.75174558163}, "barkbands_crest": {"dvar": 4.24921894073, "var": 19.3127403259, "median": 13.2392654419, "max": 26.8641471863, "dmean": 2.22013497353, "dmean2": 3.5975496769, "mean": 13.7399396896, "dvar2": 11.2441043854, "min": 4.04963874817}, "spectral_energyband_middle_low": {"dvar": 6.01162973908e-05, "var": 0.00033738926868, "median": 0.0153088178486, "max": 0.143642485142, "dmean": 0.00515204109251, "dmean2": 0.0080781923607, "mean": 0.0193090997636, "dvar2": 0.000156275098561, "min": 1.84370816342e-22}, "spectral_contrast_coeffs": {"dvar": [0.00126309180632, 0.00115960428957, 0.000894885684829, 0.000477209076053, 0.000304378743749, 0.000310400180751], "var": [0.00858705397695, 0.0135479765013, 0.00827576778829, 0.00393007369712, 0.00246615568176, 0.0010624214774], "median": [-0.613700330257, -0.652659595013, -0.80649793148, -0.83410680294, -0.843583285809, -0.844497799873], "max": [-0.313596755266, -0.206806331873, -0.428591936827, -0.51222383976, -0.566256046295, -0.622728