{"tonal": {"hpcp": {"dvar": [0.0190125685185, 0.0164919868112, 0.0109252063558, 0.0079949060455, 0.00590141164139, 0.00553096970543, 0.018578633666, 0.0280267633498, 0.013267563656, 0.00590805057436, 0.00462593045086, 0.0070442724973, 0.0118965776637, 0.018094304949, 0.00929074734449, 0.00352518307045, 0.00379369710572, 0.00723573099822, 0.0164551604539, 0.0244577080011, 0.0107838409021, 0.0213034208864, 0.0294153690338, 0.0155034298077, 0.0239210706204, 0.0129429651424, 0.0083232652396, 0.0146614108235, 0.0184213351458, 0.00799730140716, 0.00820897705853, 0.011390902102, 0.011131932959, 0.0178046114743, 0.0228519998491, 0.0193318389356], "var": [0.0534510612488, 0.0585349164903, 0.0113530969247, 0.00569183565676, 0.00506559154019, 0.00448393961415, 0.0745273828506, 0.142438694835, 0.0286319181323, 0.00443365098909, 0.0031613977626, 0.00591033045202, 0.0506768301129, 0.0783400982618, 0.0141832930967, 0.00217806105502, 0.00237183831632, 0.0050923358649, 0.0597623586655, 0.111837334931, 0.0194918401539, 0.112301416695, 0.179816603661, 0.0366640239954, 0.0463149249554, 0.0162013042718, 0.0062819137238, 0.055162858218, 0.0967945232987, 0.0204406678677, 0.00564195169136, 0.0122922929004, 0.0188073348254, 0.0437049455941, 0.0694838538766, 0.0248993057758], "median": [0.00440778536722, 0.00227063382044, 0.00218562595546, 0.00313729955815, 0.00340834050439, 0.0169963017106, 0.163387641311, 0.222438469529, 0.0773321986198, 0.00269699119963, 0.00163611804601, 0.00359691563062, 0.016472639516, 0.0213509760797, 0.0113512640819, 0.00175662036054, 0.0011237001745, 0.00503247883171, 0.0416861064732, 0.0539944581687, 0.0648996382952, 0.190767198801, 0.249868065119, 0.126417338848, 0.00308173941448, 0.00232682097703, 0.00496855378151, 0.02558452636, 0.0331535823643, 0.0165671929717, 0.00200295844115, 0.00125101266894, 0.00558429630473, 0.0340436473489, 0.040213175118, 0.0267848260701], "max": [1, 1, 1, 1, 1, 0.984652280807, 1, 1, 1, 1, 1, 1, 1, 1, 1, 1, 1, 1, 1, 1, 1, 1, 1, 1, 1, 1, 1, 1, 1, 1, 1, 1, 1, 1, 1, 1], "dmean": [0.0591657981277, 0.0497054457664, 0.0347687602043, 0.02336172387, 0.0219328459352, 0.032198369503, 0.0964700728655, 0.105564326048, 0.0685344263911, 0.0214589871466, 0.0161213632673, 0.0252226348966, 0.0503753125668, 0.0626095384359, 0.0406524017453, 0.0143909491599, 0.0146260885522, 0.0267065539956, 0.0657536461949, 0.0770492702723, 0.0644250065088, 0.0983854681253, 0.095048122108, 0.0786780864, 0.0516450181603, 0.0357563458383, 0.0287952162325, 0.0618596859276, 0.0648785680532, 0.0434839390218, 0.0245667472482, 0.0270795058459, 0.0355453640223, 0.0687955766916, 0.0777202919126, 0.0688912421465], "dmean2": [0.100167602301, 0.0814621970057, 0.0617689974606, 0.0426535978913, 0.0390489622951, 0.0562632381916, 0.151325747371, 0.163425058126, 0.112194590271, 0.0390807837248, 0.0301280897111, 0.0456651411951, 0.0821183696389, 0.100688658655, 0.0688494220376, 0.026695869863, 0.0275189299136, 0.0486965030432, 0.106640011072, 0.123511470854, 0.109191462398, 0.160942688584, 0.154367208481, 0.132399618626, 0.0921516939998, 0.0644495040178, 0.0507982634008, 0.0985880419612, 0.104267053306, 0.0709686726332, 0.0441935919225, 0.0489179417491, 0.063709102571, 0.11067596823, 0.126796007156, 0.119861915708], "mean": [0.106615565717, 0.104820370674, 0.0383568815887, 0.0214764103293, 0.0228068958968, 0.0372168570757, 0.277959465981, 0.391336560249, 0.151462957263, 0.0193978492171, 0.0143590401858, 0.024554412812, 0.120701529086, 0.159151986241, 0.0637261047959, 0.0109359240159, 0.0117238704115, 0.0260348971933, 0.163529738784, 0.226154521108, 0.12383453548, 0.33622533083, 0.443118214607, 0.186824753881, 0.0739674568176, 0.0440781079233, 0.028600756079, 0.141126036644, 0.190271139145, 0.0781759172678, 0.0198778044432, 0.026505144313, 0.0429507233202, 0.128277614713, 0.161332517862, 0.0929021313787], "dvar2": [0.0499563738704, 0.0401268079877, 0.0310668163002, 0.0233242474496, 0.0162608027458, 0.0160329639912, 0.0443518012762, 0.0571546591818, 0.035924769938, 0.0168455727398, 0.013181252405, 0.020800890401, 0.028732933104, 0.0412471778691, 0.0259846895933, 0.0101913884282, 0.0112039325759, 0.0213621407747, 0.0399282239377, 0.0551831759512, 0.029467953369, 0.0534637235105, 0.0631219744682, 0.0413703881204, 0.0592554733157, 0.0343092605472, 0.0231598727405, 0.0343026183546, 0.0407053865492, 0.0197339821607, 0.0234147571027, 0.0329285301268, 0.0321149863303, 0.0452372133732, 0.0529723092914, 0.0548949055374], "min": [0, 0, 0, 0, 0, 0, 0, 0, 0, 0, 0, 0, 0, 0, 0, 0, 0, 0, 0, 0, 0, 0, 0, 0, 0, 0, 0, 0, 0, 0, 0, 0, 0, 0, 0, 0]}, "key_key": "E", "thpcp": [1, 0.421613812447, 0.166924878955, 0.0994725674391, 0.0645443052053, 0.318483948708, 0.429391384125, 0.176422268152, 0.0448589213192, 0.0598150640726, 0.0969283655286, 0.289488464594, 0.364084601402, 0.209655404091, 0.240602985024, 0.236551702023, 0.0865612849593, 0.0484665483236, 0.0514690987766, 0.0839885547757, 0.627280592918, 0.883142590523, 0.34181162715, 0.0437757894397, 0.0324045345187, 0.0554127804935, 0.27239125967, 0.359163731337, 0.14381287992, 0.02467947267, 0.0264576580375, 0.0587538406253, 0.369043141603, 0.510370612144, 0.279461622238, 0.758771181107], "chords_key": "E", "tuning_equal_tempered_deviation": 0.253075391054, "tuning_frequency": 434.193115234, "tuning_diatonic_strength": 0.607778072357, "chords_histogram": [39.9387321472, 9.7070646286, 25.2536849976, 0, 1.22534942627, 0, 0, 0.382921695709, 0.172314763069, 0.516944289207, 0, 0, 0, 0, 0, 0.478652119637, 0.287191271782, 3.48458743095, 0.42121386528, 0, 0.0957304239273, 0, 11.7174034119, 6.31820774078], "key_strength": 0.891600906849, "key_scale": "major", "chords_strength": {"dvar": 0.000403618993005, "var": 0.0102229928598, "median": 0.508934795856, "max": 0.727141082287, "dmean": 0.00720317056403, "dmean2": 0.0052776588127, "mean": 0.504587829113, "dvar2": 0.000804833543953, "min": -1}, "chords_number_rate": 0.00134022592101, "tuning_nontempered_energy_ratio": 0.995066046715, "hpcp_entropy": {"dvar": 0.162289947271, "var": 0.511736989021, "median": 1.62995791435, "max": 3.52574253082, "dmean": 0.415959566832, "dmean2": 0.690381169319, "mean": 1.55269753933, "dvar2": 0.413922965527, "min": 0}, "chords_changes_rate": 0.0275703612715, "chords_scale": "major"}, "rhythm": {"bpm_histogram_first_peak_spread": {"dvar": 0, "var": 0, "median": 0.480891704559, "max": 0.480891704559, "dmean": 0, "dmean2": 0, "mean": 0.480891704559, "dvar2": 0, "min": 0.480891704559}, "bpm_histogram_first_peak_weight": {"dvar": 0, "var": 0, "median": 0.43817204237, "max": 0.43817204237, "dmean": 0, "dmean2": 0, "mean": 0.43817204237, "dvar2": 0, "min": 0.43817204237}, "bpm_histogram_first_peak_bpm": {"dvar": 0, "var": 0, "median": 91, "max": 91, "dmean": 0, "dmean2": 0, "mean": 91, "dvar2": 0, "min": 91}, "bpm": 89.9836807251, "bpm_histogram_second_peak_weight": {"dvar": 0, "var": 0, "median": 0.0268817208707, "max": 0.0268817208707, "dmean": 0, "dmean2": 0, "mean": 0.0268817208707, "dvar2": 0, "min": 0.0268817208707}, "beats_loudness": {"dvar": 0.000454121007351, "var": 0.00141608365811, "median": 0.015059672296, "max": 0.182262718678, "dmean": 0.0158191602677, "dmean2": 0.0279523078352, "mean": 0.031905721873, "dvar2": 0.00135585782118, "min": 0}, "beats_loudness_band_ratio": {"dvar": [0.0382801629603, 0.0661769807339, 0.0574818179011, 0.00306062633172, 0.000245460250881, 0.00014193955576], "var": [0.0933070257306, 0.0815393403172, 0.0629131346941, 0.00448958249763, 0.000239660483203, 0.000170344836079], "median": [0.136508822441, 0.275871634483, 0.208659410477, 0.0434585362673, 0.00704529136419, 0.00170822755899], "max": [0.997339725494, 0.977280378342, 0.968681752682, 0.744353055954, 0.137765705585, 0.0741183683276], "dmean": [0.179564118385, 0.323927879333, 0.274173885584, 0.0455180965364, 0.0106155481189, 0.00690665794536], "dmean2": [0.331243813038, 0.631923079491, 0.5126106143, 0.0785773470998, 0.0190857611597, 0.0118056768551], "mean": [0.294316589832, 0.362079650164, 0.295099645853, 0.0611657463014, 0.0118572181091, 0.00697499234229], "dvar2": [0.112321875989, 0.242495208979, 0.212346673012, 0.00839966814965, 0.000712748558726, 0.000353948154952], "min": [0, 0, 0, 0, 0, 0]}, "bpm_histogram_second_peak_bpm": {"dvar": 0, "var": 0, "median": 129, "max": 129, "dmean": 0, "dmean2": 0, "mean": 129, "dvar2": 0, "min": 129}, "onset_rate": 1.58359658718, "beats_count": 373, "beats_position": [0.743038535118, 1.48607707024, 2.24072551727, 2.99537420273, 3.76163268089, 4.45823097229, 5.0967798233, 5.73532867432, 6.37387752533, 7.01242637634, 7.65097475052, 8.31274318695, 8.98612213135, 9.65950107574, 10.3328800201, 11.0062580109, 11.6680269241, 12.3297958374, 12.9915647507, 13.6417226791, 14.3034915924, 14.9768705368, 15.6618595123, 16.3236274719, 16.99700737, 17.6703853607, 18.3321533203, 18.9939231873, 19.6556911469, 20.3174591064, 20.9792289734, 21.640996933, 22.3143768311, 22.9877548218, 23.6611328125, 24.3345127106, 24.9962806702, 25.6580486298, 26.3314285278, 27.0048065186, 27.6549663544, 28.3283443451, 29.0017223358, 29.6751022339, 30.3368701935, 31.0102481842, 31.6720180511, 32.3337860107, 32.9955558777, 33.6573219299, 34.3190917969, 34.9924697876, 35.6658477783, 36.3392295837, 37.0126075745, 37.6743774414, 38.3361434937, 39.0095214844, 39.6712913513, 40.344669342, 41.0180473328, 41.6798171997, 42.3415870667, 43.0033569336, 43.6767349243, 44.3385009766, 45.0002708435, 45.6620407104, 46.3238105774, 46.9971885681, 47.6589546204, 48.3207244873, 48.994102478, 49.6674804688, 50.3408622742, 51.0026283264, 51.6760063171, 52.3377761841, 53.0111541748, 53.6729240417, 54.3463020325, 55.0080718994, 55.6814498901, 56.3432197571, 56.9933776855, 57.6551475525, 58.305305481, 58.9670753479, 59.6404533386, 60.3138313293, 60.9756011963, 61.6373672485, 62.2991371155, 62.9725151062, 63.6458930969, 64.3192749023, 64.9926528931, 65.6544189453, 66.316192627, 66.9895706177, 67.6629486084, 68.3363265991, 68.9980926514, 69.6482543945, 70.3100204468, 70.971786499, 71.6451721191, 72.3069381714, 72.9803161621, 73.6536941528, 74.3270721436, 75.0004501343, 75.673828125, 76.3356018066, 76.9973678589, 77.6707458496, 78.3325119019, 78.9942855835, 79.6676635742, 80.3410415649, 81.0144195557, 81.6877975464, 82.3379592896, 82.9997253418, 83.661491394, 84.3348770142, 85.0082550049, 85.6700210571, 86.3317871094, 86.993560791, 87.6437149048, 88.3054885864, 88.9788665771, 89.6522445679, 90.3140106201, 90.9873886108, 91.67237854, 92.3457565308, 93.0191345215, 93.6925125122, 94.3658905029, 95.039276123, 95.6894302368, 96.3511962891, 97.0129699707, 97.6863479614, 98.3481140137, 99.0098876953, 99.683265686, 100.356643677, 101.030021667, 101.680175781, 102.341949463, 103.015327454, 103.677093506, 104.338867188, 105.012245178, 105.67401123, 106.347389221, 107.020767212, 107.694145203, 108.367523193, 109.029296875, 109.702674866, 110.364440918, 111.0262146, 111.687980652, 112.349746704, 113.011520386, 113.684898376, 114.346664429, 115.008430481, 115.681808472, 116.355194092, 117.016960144, 117.678726196, 118.340499878, 119.00226593, 119.675643921, 120.349021912, 121.022399902, 121.695777893, 122.345939636, 123.007705688, 123.66947937, 124.342857361, 125.004623413, 125.666389465, 126.339767456, 127.001541138, 127.66330719, 128.336685181, 129.010070801, 129.683441162, 130.356826782, 131.018585205, 131.680358887, 132.342132568, 133.01550293, 133.677276611, 134.339050293, 135.000808716, 135.674194336, 136.347564697, 137.009338379, 137.671112061, 138.344482422, 139.017868042, 139.679641724, 140.341400146, 141.014785767, 141.688156128, 142.338317871, 143.000091553, 143.673461914, 144.346847534, 145.008621216, 145.681991577, 146.343765259, 147.005523682, 147.678909302, 148.329071045, 149.002441406, 149.675827026, 150.349197388, 151.010971069, 151.672744751, 152.346115112, 153.007888794, 153.669662476, 154.343032837, 155.016418457, 155.67817688, 156.339950562, 157.001724243, 157.663482666, 158.336868286, 159.010253906, 159.683624268, 160.357009888, 161.018768311, 161.680541992, 162.353912354, 163.015686035, 163.677459717, 164.350830078, 165.01260376, 165.674377441, 166.336135864, 166.997909546, 167.671295166, 168.344665527, 169.006439209, 169.668212891, 170.341583252, 171.014968872, 171.676727295, 172.338500977, 173.011871338, 173.685256958, 174.34703064, 175.008789062, 175.670562744, 176.343948364, 177.005706787, 177.679092407, 178.352462769, 179.025848389, 179.68762207, 180.349380493, 181.022766113, 181.696136475, 182.369522095, 183.019683838, 183.681442261, 184.343215942, 185.016601562, 185.689971924, 186.351745605, 187.013504028, 187.686889648, 188.34866333, 189.010421753, 189.683807373, 190.357177734, 191.018951416, 191.680725098, 192.354095459, 193.027481079, 193.677642822, 194.351013184, 195.024398804, 195.686157227, 196.347930908, 197.021316528, 197.69468689, 198.356460571, 199.018234253, 199.679992676, 200.341766357, 201.015136719, 201.688522339, 202.361907959, 203.03527832, 203.697052002, 204.358810425, 205.008972168, 205.682357788, 206.344116211, 207.005889893, 207.667663574, 208.352645874, 209.014419556, 209.676193237, 210.33795166, 210.999725342, 211.673095703, 212.358093262, 213.0546875, 213.739685059, 214.436279297, 215.109649658, 215.806259155, 216.502853394, 217.234283447, 217.977325439, 218.731964111, 219.49822998, 220.067123413, 220.647613525, 221.228118896, 221.680908203, 222.145309448, 222.609695435, 223.132156372, 223.654602051, 224.188659668, 224.699493408, 225.210342407, 225.732788086, 226.255233765, 226.766067505, 227.276916504, 227.787750244, 228.298583984, 228.809432983, 229.308654785, 229.807891846, 230.307113647, 230.748291016, 231.201080322, 231.64225769, 232.071838379, 232.501403809, 232.942581177, 233.406982422, 233.871383667, 234.335784912, 234.800170898, 235.252960205, 235.705749512, 236.158538818, 236.611328125, 237.07572937, 237.540130615, 238.00453186, 238.468933105, 238.944946289, 239.479003906, 240.013061523, 240.547119141, 241.081176758, 241.615234375], "danceability": 1.07134222984, "bpm_histogram_second_peak_spread": {"dvar": 0, "var": 0, "median": 0.411764681339, "max": 0.411764681339, "dmean": 0, "dmean2": 0, "mean": 0.411764681339, "dvar2": 0, "min": 0.411764681339}}, "lowlevel": {"spectral_flux": {"dvar": 0.000899034086615, "var": 0.00249993917532, "median": 0.0286828931421, "max": 0.491751402617, "dmean": 0.0138062266633, "dmean2": 0.0222635194659, "mean": 0.0422111675143, "dvar2": 0.00194321596064, "min": 6.48375936274e-11}, "spectral_rolloff": {"dvar": 95066.3046875, "var": 2107493.5, "median": 645.99609375, "max": 19896.6796875, "dmean": 125.970275879, "dmean2": 215.677047729, "mean": 834.883361816, "dvar2": 201355.421875, "min": 21.533203125}, "barkbands_flatness_db": {"dvar": 0.000272958684945, "var": 0.00764829199761, "median": 0.210585474968, "max": 0.542131125927, "dmean": 0.0156519766897, "dmean2": 0.023675750941, "mean": 0.228502392769, "dvar2": 0.000619774800725, "min": 0.0453873984516}, "spectral_centroid": {"dvar": 21610.2890625, "var": 736161, "median": 588.820007324, "max": 11711.5742188, "dmean": 81.8089752197, "dmean2": 125.462181091, "mean": 733.651000977, "dvar2": 42061.2460938, "min": 128.365875244}, "melbands_skewness": {"dvar": 0.321255177259, "var": 2.72625875473, "median": 1.7748234272, "max": 25.6810359955, "dmean": 0.460389524698, "dmean2": 0.708534479141, "mean": 1.98096656799, "dvar2": 0.773205339909, "min": -3.1958990097}, "melbands": {"dvar": [1.19153728519e-05, 1.33675930556e-05, 5.90920762988e-06, 9.49262073391e-07, 3.89525411038e-07, 2.92530927481e-07, 1.31509651169e-07, 3.87174345917e-08, 3.66780597005e-08, 2.43268001299e-08, 5.47558887121e-09, 3.49791773324e-09, 6.62939392271e-09, 1.19098453322e-09, 1.99309546645e-09, 3.87038540106e-10, 2.53155357788e-10, 3.84237697215e-10, 1.33628427768e-10, 7.70266697647e-11, 6.04657088288e-11, 6.18516652826e-12, 4.08529677101e-12, 1.20877127752e-11, 5.72149662717e-12, 3.47637196807e-12, 5.94068847934e-12, 4.17295972083e-12, 7.19701099931e-13, 5.1284952847e-13, 6.9439289388e-13, 5.4260881812e-13, 2.11688536166e-13, 9.74848931505e-14, 5.25351890625e-14, 8.2557734859e-15, 2.72235762443e-14, 6.16101543697e-14, 4.6244654834e-14, 2.86052546938e-14], "var": [2.74334379355e-05, 1.36702683449e-05, 8.34218008094e-06, 1.28499561924e-06, 2.70748660114e-06, 2.22422772822e-06, 6.8747590376e-07, 2.02280830308e-07, 1.59816451628e-07, 9.97467424213e-08, 2.13012363304e-08, 1.32935866759e-08, 3.30180043306e-08, 3.36229488695e-09, 1.02666524171e-08, 1.3148850897e-09, 7.11625980365e-10, 8.19385781448e-10, 2.71256794804e-10, 1.70906094832e-10, 1.14333403856e-10, 1.45824411574e-11, 1.17599697341e-11, 2.28890014581e-11, 1.28953462492e-11, 9.43960621475e-12, 1.49471216654e-11, 9.82572009867e-12, 2.12548056412e-12, 1.94331746875e-12, 2.87617889574e-12, 1.95152249395e-12, 6.95613055005e-13, 3.32329026494e-13, 1.77355715834e-13, 2.9830460747e-14, 8.2891254082e-14, 1.50863750745e-13, 1.16742065234e-13, 6.94073162659e-14], "median": [1.29301897687e-05, 3.21479892591e-05, 6.93282636348e-05, 0.000181902389158, 0.000252889178228, 0.000178227899596, 8.14118393464e-05, 4.89050071337e-05, 6.09265443927e-05, 6.28803900327e-05, 1.9687187887e-05, 1.70732018887e-05, 2.15255604417e-05, 4.22858738602e-06, 1.05180806713e-05, 5.5064388107e-06, 4.57808255305e-06, 3.25821429215e-06, 2.31503531722e-06, 2.1222858777e-06, 8.57025611367e-07, 6.11182372268e-07, 4.94591972711e-07, 6.11526843386e-07, 5.20236710599e-07, 4.6347810212e-07, 2.36021747924e-07, 1.0435357467e-07, 8.98052263665e-08, 4.81579078837e-08, 3.33250618212e-08, 4.46220411732e-08, 2.85985599646e-08, 1.34960629339e-08, 5.81752690465e-09, 2.42576003728e-09, 2.25159624279e-09, 3.05298408776e-09, 2.06904227085e-09, 1.50857915049e-09], "max": [0.0545172654092, 0.0719051137567, 0.0563929565251, 0.0263781882823, 0.0278409197927, 0.0230624340475, 0.0152287203819, 0.00594230554998, 0.00393973616883, 0.00423923833296, 0.00195996905677, 0.00243814499117, 0.00283430423588, 0.00124752544798, 0.00188387942035, 0.000552208628505, 0.000405190017773, 0.000834961829241, 0.000370710709831, 0.000339618331054, 0.000183862342965, 7.28053346393e-05, 7.09819578333e-05, 0.000100739300251, 7.50610997784e-05, 4.67291793029e-05, 0.00010945633403, 4.48991850135e-05, 2.48590822594e-05, 1.53576947923e-05, 1.85717544809e-05, 1.92309871636e-05, 1.02685135062e-05, 9.32927559916e-06, 6.74295961289e-06, 2.78714878732e-06, 4.85264581584e-06, 7.95301912149e-06, 6.36801269138e-06, 5.09171286467e-06], "dmean": [0.000959874538239, 0.000681573466863, 0.000375186500605, 0.000268140021944, 0.000261922832578, 0.00023919402156, 0.000139251395012, 7.80230766395e-05, 8.1334139395e-05, 6.29645292065e-05, 3.4051379771e-05, 2.65435410256e-05, 3.54017502104e-05, 1.3380663404e-05, 1.83969677892e-05, 8.67157359608e-06, 7.49786659071e-06, 7.18253386367e-06, 4.83868279844e-06, 3.50138520844e-06, 2.84169573206e-06, 1.11453937279e-06, 8.87625674295e-07, 1.2743755633e-06, 9.12783946205e-07, 8.3095909531e-07, 8.72737700774e-07, 7.70791473315e-07, 3.46125517581e-07, 2.84145386331e-07, 3.03530100609e-07, 2.27868738989e-07, 1.59946580425e-07, 9.24261200907e-08, 6.16614457272e-08, 2.49927385454e-08, 4.41090080017e-08, 5.13695468385e-08, 4.19165147036e-08, 3.28679803374e-08], "dmean2": [0.00157417962328, 0.00117894914001, 0.000646284024697, 0.000451868429082, 0.000385737977922, 0.000307779904688, 0.000175655164639, 9.7951713542e-05, 0.000102731901279, 8.09531848063e-05, 4.58644681203e-05, 3.82354373869e-05, 5.08727425768e-05, 1.99643600354e-05, 2.88883074973e-05, 1.39409021358e-05, 1.20570284707e-05, 1.18334583021e-05, 8.12449525256e-06, 5.7506686062e-06, 4.73927457278e-06, 1.85495264304e-06, 1.45712624544e-06, 2.11198698707e-06, 1.51538381488e-06, 1.40243867008e-06, 1.46323759509e-06, 1.29817112793e-06, 5.72275723698e-07, 4.73585203054e-07, 5.04102899868e-07, 3.54572961214e-07, 2.57951256799e-07, 1.44299960425e-07, 9.77361693799e-08, 3.89629875031e-08, 6.92872319519e-08, 7.52796154302e-08, 6.04605787657e-08, 4.59382434315e-08], "mean": [0.00197118660435, 0.00119064515457, 0.000770517333876, 0.000569627562072, 0.000785938405897, 0.000782973656897, 0.000392733432818, 0.000231671700021, 0.000223778100917, 0.000185967859579, 7.851565897e-05, 6.35926917312e-05, 8.88143331395e-05, 2.52269837802e-05, 4.10627362726e-05, 1.87838759302e-05, 1.4754284166e-05, 1.21922857943e-05, 8.42232111609e-06, 6.5548956627e-06, 4.58636441181e-06, 2.10922780752e-06, 1.78833977316e-06, 2.27070768233e-06, 1.80446068043e-06, 1.81702341706e-06, 1.83603162895e-06, 1.47518005633e-06, 7.58873454743e-07, 6.82220047565e-07, 7.58057979056e-07, 5.74173554924e-07, 3.68414958984e-07, 2.2996101734e-07, 1.55132028112e-07, 6.60099317429e-08, 1.05397141681e-07, 1.19532558074e-07, 9.99563951609e-08, 6.92468233865e-08], "dvar2": [3.35902768711e-05, 3.73204966309e-05, 1.6675588995e-05, 2.60884485215e-06, 7.63555988215e-07, 4.94566677389e-07, 2.57137799053e-07, 6.55221796819e-08, 6.75949749507e-08, 4.46613555027e-08, 1.00176924533e-08, 7.17858839039e-09, 1.3907348162e-08, 2.47784925911e-09, 4.58092097588e-09, 9.33212285226e-10, 6.37260189063e-10, 9.78135017426e-10, 3.66070479485e-10, 2.03731601034e-10, 1.61143848265e-10, 1.71228257267e-11, 1.01389278917e-11, 3.30626741263e-11, 1.581252837e-11, 9.69334768702e-12, 1.60282898065e-11, 1.1496105283e-11, 1.88351396112e-12, 1.39909004521e-12, 1.84324365667e-12, 1.2440210537e-12, 5.12827464955e-13, 2.18102500036e-13, 1.20923561962e-13, 1.87032819923e-14, 5.96018324755e-14, 1.20751946311e-13, 8.4607159874e-14, 5.02540819017e-14], "min": [7.68658276046e-25, 1.64699208096e-24, 1.89106446174e-24, 1.62247753808e-24, 2.26465202595e-24, 2.49056798414e-24, 1.3209295406e-24, 1.43444652625e-24, 1.45772521992e-24, 1.67380921022e-24, 2.27217736455e-24, 2.35330914486e-24, 3.25432220776e-24, 2.22367089914e-24, 3.86767378891e-24, 4.5197375357e-24, 2.3459190959e-24, 3.0972868228e-24, 4.42494327616e-24, 4.25190072014e-24, 3.56264454826e-24, 4.78398542856e-24, 4.36472163466e-24, 5.11990685669e-24, 4.06835448117e-24, 3.9882606446e-24, 4.16320119996e-24, 4.76640487443e-24, 4.32880045891e-24, 6.64886207484e-24, 5.60248186584e-24, 5.0930828249e-24, 5.0124367857e-24, 4.74538607004e-24, 6.47951336001e-24, 6.29076694995e-24, 4.65177273528e-24, 6.57319295908e-24, 7.10198062335e-24, 6.93654150317e-24]}, "spectral_decrease": {"dvar": 2.66312551834e-17, "var": 8.39014721617e-17, "median": -1.9925212591e-09, "max": 1.3362614733e-28, "dmean": 1.722054499e-09, "dmean2": 2.7367594857e-09, "mean": -6.03981797909e-09, "dvar2": 7.3235620055e-17, "min": -8.16404082116e-08}, "barkbands_kurtosis": {"dvar": 63.1100311279, "var": 191.494308472, "median": 3.73884224892, "max": 346.671142578, "dmean": 2.99140453339, "dmean2": 4.61610078812, "mean": 6.73338603973, "dvar2": 144.888000488, "min": -1.69320416451}, "silence_rate_30dB": {"dvar": 0.0282653085887, "var": 0.042362716049, "median": 1, "max": 1, "dmean": 0.0291104093194, "dmean2": 0.0582263916731, "mean": 0.955668330193, "dvar2": 0.0648035258055, "min": 0}, "gfcc": {"mean": [-167.805801392, 151.699630737, -108.613807678, -12.0476951599, -53.689781189, -9.68061828613, -27.7507781982, -6.27784109116, -20.7719554901, 0.49222868681, -11.0863218307, -2.43836116791, -4.60417127609], "cov": [[43238.7617188, -1627.52502441, -4239.00048828, 3312.19262695, -1460.69226074, 119.58316803, -555.075500488, -22.9133167267, -358.902496338, 374.0675354, 114.528617859, 213.973526001, 134.522689819], [-1627.52502441, 2932.9543457, 280.393615723, -1311.26904297, 466.83682251, -355.945739746, 1.11667966843, -220.852920532, 169.823318481, -229.941085815, 42.6542015076, -182.315643311, 103.156166077], [-4239.00048828, 280.393615723, 1228.56689453, -54.538482666, 276.336120605, 221.686340332, 105.41897583, 103.470863342, 60.8197364807, 47.5920028687, 36.0139656067, -27.3043479919, 0.126372143626], [3312.19262695, -1311.26904297, -54.538482666, 1251.44665527, -174.25012207, 246.016860962, 12.0885734558, 159.167816162, -57.3498764038, 153.235641479, 30.0078010559, 87.9032058716, -18.9113788605], [-1460.69226074, 466.83682251, 276.336120605, -174.25012207, 311.193847656, -3.49402785301, 28.8167228699, -0.643388688564, 61.9159355164, -24.8331184387, 19.2564792633, -17.1177425385, 17.0292034149], [119.58316803, -355.945739746, 221.686340332, 246.016860962, -3.49402785301, 354.8777771, 115.915061951, 140.119293213, 7.28824615479, 92.9917373657, 20.490940094, 0.945765316486, 4.73173999786], [-555.075500488, 1.11667966843, 105.41897583, 12.0885734558, 28.8167228699, 115.915061951, 155.012802124, 97.5562286377, 29.6263637543, 19.7551593781, 2.89781069756, -26.5474777222, -14.5797481537], [-22.9133167267, -220.852920532, 103.470863342, 159.167816162, -0.643388688564, 140.119293213, 97.5562286377, 187.350311279, 49.3718910217, 55.1659202576, -2.7311258316, -3.37915229797, -13.7614593506], [-358.902496338, 169.823318481, 60.8197364807, -57.3498764038, 61.9159355164, 7.28824615479, 29.6263637543, 49.3718910217, 115.619049072, 34.0159339905, 20.0401554108, -14.3164186478, 12.8013248444], [374.0675354, -229.941085815, 47.5920028687, 153.235641479, -24.8331184387, 92.9917373657, 19.7551593781, 55.1659202576, 34.0159339905, 122.748924255, 49.9781417847, 24.020904541, 6.05902433395], [114.528617859, 42.6542015076, 36.0139656067, 30.0078010559, 19.2564792633, 20.490940094, 2.89781069756, -2.7311258316, 20.0401554108, 49.9781417847, 91.7585906982, 40.0140419006, 23.5774345398], [213.973526001, -182.315643311, -27.3043479919, 87.9032058716, -17.1177425385, 0.945765316486, -26.5474777222, -3.37915229797, -14.3164186478, 24.020904541, 40.0140419006, 101.305107117, 35.3800430298], [134.522689819, 103.156166077, 0.126372143626, -18.9113788605, 17.0292034149, 4.73173999786, -14.5797481537, -13.7614593506, 12.8013248444, 6.05902433395, 23.5774345398, 35.3800430298, 103.994781494]], "icov": [[8.63532695803e-05, -0.000253730628174, 0.000316507357638, -0.00033872257336, 0.000187587895198, -0.000223465496674, 0.00031812817906, -0.000133528432343, 0.00024208072864, -0.000331985531375, 0.000154169101734, -0.000123339035781, 8.09335761005e-05], [-0.000253730628174, 0.00200143875554, -0.00101996108424, 0.00171244121157, -0.0013277400285, 0.00112923665438, -0.00110365566798, 0.000737735594157, -0.00156550935935, 0.00250356621109, -0.00243773101829, 0.00255072000436, -0.00150376791134], [0.000316507357638, -0.00101996108424, 0.00237698853016, -0.00118756550364, -0.000339858990628, -0.00156272773165, 0.00128200650215, -0.000785428797826, 0.0011728820391, -0.00152880046517, 0.000513498554938, -0.000437291280832, 0.000563072448131], [-0.00033872257336, 0.00171244121157, -0.00118756550364, 0.0030215207953, -0.000956974225119, 0.000614721444435, -0.0006358801038, -0.000322417094139, -0.000519167515449, 0.00114422594197, -0.00160598207731, 0.00104734976776, -0.000707622908521], [0.000187587895198, -0.0013277400285, -0.000339858990628, -0.000956974225119, 0.00602203141898, -0.000767993275076, 0.000357257202268, 0.00015240261564, -0.00158746168017, 0.000535510538612, 0.000328075693687, -0.00163724482991, 0.000666688196361], [-0.000223465496674, 0.00112923665438, -0.00156272773165, 0.000614721444435, -0.000767993275076, 0.00696258805692, -0.00373311969452, -0.00163564260583, 0.00160827138461, -0.00186840840615, -0.000830137869343, 0.00211223447695, -0.00226774020121], [0.00031812817906, -0.00110365566798, 0.00128200650215, -0.0006358801038, 0.000357257202268, -0.00373311969452, 0.0134983770549, -0.00602124771103, 0.000947499356698, 0.000731588283088, -0.00179801008198, 0.00185598968528, 0.00139000907075], [-0.000133528432343, 0.000737735594157, -0.000785428797826, -0.000322417094139, 0.00015240261564, -0.00163564260583, -0.00602124771103, 0.0130752893165, -0.00600591907278, -0.000507120974362, 0.00326732266694, -0.00177392049227, 0.000950395246036], [0.00024208072864, -0.00156550935935, 0.0011728820391, -0.000519167515449, -0.00158746168017, 0.00160827138461, 0.000947499356698, -0.00600591907278, 0.0164530742913, -0.00725141493604, -0.000154195498908, 0.00184078817256, -0.001525352709], [-0.000331985531375, 0.00250356621109, -0.00152880046517, 0.00114422594197, 0.000535510538612, -0.00186840840615, 0.000731588283088, -0.000507120974362, -0.00725141493604, 0.0206062849611, -0.0109239695594, 0.00268249493092, -0.000555136997718], [0.000154169101734, -0.00243773101829, 0.000513498554938, -0.00160598207731, 0.000328075693687, -0.000830137869343, -0.00179801008198, 0.00326732266694, -0.000154195498908, -0.0109239695594, 0.0225900579244, -0.0102185104042, 0.00110062735621], [-0.000123339035781, 0.00255072000436, -0.000437291280832, 0.00104734976776, -0.00163724482991, 0.00211223447695, 0.00185598968528, -0.00177392049227, 0.00184078817256, 0.00268249493092, -0.0102185104042, 0.0198635328561, -0.00680609280244], [8.09335761005e-05, -0.00150376791134, 0.000563072448131, -0.000707622908521, 0.000666688196361, -0.00226774020121, 0.00139000907075, 0.000950395246036, -0.001525352709, -0.000555136997718, 0.00110062735621, -0.00680609280244, 0.0134741785005]]}, "silence_rate_20dB": {"dvar": 0, "var": 0, "median": 1, "max": 1, "dmean": 0, "dmean2": 0, "mean": 1, "dvar2": 0, "min": 1}, "barkbands_skewness": {"dvar": 0.25181517005, "var": 1.52211010456, "median": 1.4541721344, "max": 15.884016037, "dmean": 0.436427623034, "dmean2": 0.670513927937, "mean": 1.56323957443, "dvar2": 0.607406795025, "min": -4.10303020477}, "erbbands_skewness": {"dvar": 0.087889149785, "var": 0.637279331684, "median": 0.807747364044, "max": 5.67304420471, "dmean": 0.280188888311, "dmean2": 0.409673392773, "mean": 0.86721265316, "dvar2": 0.179569408298, "min": -4.53326272964}, "spectral_contrast_valleys": {"dvar": [0.112480796874, 0.083886153996, 0.0622738189995, 0.0562679320574, 0.0336368456483, 0.05731478706], "var": [5.25398540497, 5.29208660126, 5.16234493256, 5.90602684021, 6.20492887497, 5.03904771805], "median": [-8.60991859436, -7.17661094666, -8.38473510742, -9.16677188873, -9.46542549133, -12.5427055359], "max": [-4.68931007385, -4.47598314285, -5.74244308472, -6.24521684647, -6.49366426468, -8.51575279236], "dmean": [0.389420509338, 0.274686217308, 0.257048308849, 0.224647253752, 0.156223967671, 0.167303487659], "dmean2": [0.647084057331, 0.441737323999, 0.414106935263, 0.363546133041, 0.251542150974, 0.265547156334], "mean": [-8.6853685379, -7.69968938828, -8.87633705139, -9.66937828064, -10.1061210632, -12.7767124176], "dvar2": [0.283620595932, 0.180396899581, 0.138491287827, 0.121565908194, 0.0657293349504, 0.157430306077], "min": [-28.0146408081, -28.0506019592, -27.6710186005, -27.7584190369, -27.4760112762, -27.407119751]}, "spectral_strongpeak": {"dvar": 0.18413990736, "var": 0.520947039127, "median": 0.525516629219, "max": 6.87373495102, "dmean": 0.255235373974, "dmean2": 0.417372226715, "mean": 0.752976417542, "dvar2": 0.4548137784, "min": 0}, "erbbands_crest": {"dvar": 3.98802566528, "var": 32.5995254517, "median": 10.7997169495, "max": 32.6131515503, "dmean": 1.85130906105, "dmean2": 2.72930383682, "mean": 12.1465988159, "dvar2": 8.79784679413, "min": 2.0672981739}, "barkbands_crest": {"dvar": 4.1594004631, "var": 21.1960468292, "median": 12.010433197, "max": 26.5300922394, "dmean": 1.98699915409, "dmean2": 3.12415671349, "mean": 12.7509765625, "dvar2": 10.7077693939, "min": 2.64589285851}, "spectral_energyband_middle_low": {"dvar": 0.000104884275061, "var": 0.000341735139955, "median": 0.00577259063721, "max": 0.251310497522, "dmean": 0.00333272223361, "dmean2": 0.00486232619733, "mean": 0.0129780732095, "dvar2": 0.000274930120213, "min": 1.60942568846e-22}, "spectral_contrast_coeffs": {"dvar": [0.00144481717143, 0.00100839755032, 0.000588858558331, 0.000434342364315, 0.000204494790523, 0.000153451052029], "var": [0.0121914222836, 0.00755632342771, 0.0060924529098, 0.00634363479912, 0.00530052371323, 0.00413903174922], "median": [-0.618881821632, -0.669266343117, -0.697560429573, -0.736284971237, -0.792432546616, -0.774921953678], "max": [-0.231869786978, -0.402936756611, -0.41005396843, -0.461779028177, -0.517788171768, -0.623361647129], "dmean": [0.0437000617385, 0.0324611403048, 0.0286980550736, 0.0247289612889, 0.0167963393033, 0.0130949662998], "dmean2": [0.0734333768487, 0.051423124969, 0.0448127239943, 0.0400722175837, 0.0277863405645, 0.0221411883831], "mean": [-0.624825596809, -0.674015700817, -0.701130986214, -0.740736603737, -0.790514171124, -0.792021989822], "dvar2": [0.00396546535194, 0.00248497514986, 0.00141085789073, 0.00111520686187, 0.000528266304173, 0.000440881995019], "min": [-0.975665926933, -0.978880941868, -0.977164149284, -0.970693171024, -0.965873360634, -0.965992510319]}, "hfc": {"dvar": 12.9948167801, "var": 111.675125122, "median": 4.54568147659, "max": 83.2395248413, "dmean": 1.64052927494, "dmean2": 2.30881738663, "mean": 8.64189243317, "dvar2": 28.7804203033, "min": 1.08419039343e-16}, "spectral_energyband_high": {"dvar": 1.26051151739e-08, "var": 5.64953097637e-08, "median": 8.08712502476e-06, "max": 0.00334514747374, "dmean": 3.19076134474e-05, "dmean2": 4.73040163342e-05, "mean": 0.000107056461275, "dvar2": 2.48329588004e-08, "min": 6.87860859959e-21}, "erbbands_spread": {"dvar": 13.624838829, "var": 305.451660156, "median": 17.7779693604, "max": 143.658157349, "dmean": 2.91151762009, "dmean2": 4.33934688568, "mean": 20.9576320648, "dvar2": 30.2289466858, "min": 0.447394609451}, "dissonance": {"dvar": 0.00102829583921, "var": 0.00416071014479, "median": 0.42222777009, "max": 0.500000119209, "dmean": 0.0308949612081, "dmean2": 0.0514209680259, "mean": 0.406921863556, "dvar2": 0.00285914633423, "min": 0.0819576904178}, "spectral_kurtosis": {"dvar": 289.140960693, "var": 3282.80883789, "median": 12.546661377, "max": 323.925689697, "dmean": 9.28439331055, "dmean2": 16.1586494446, "mean": 37.1373443604, "dvar2": 853.672363281, "min": -1.28149998188}, "spectral_skewness": {"dvar": 0.51814776659, "var": 8.52059078217, "median": 2.63213396072, "max": 14.9454450607, "dmean": 0.530143260956, "dmean2": 0.917306125164, "mean": 3.75105166435, "dvar2": 1.4853233099, "min": -0.089677542448}, "pitch_salience": {"dvar": 0.00287701515481, "var": 0.0143266003579, "median": 0.510393381119, "max": 0.822995364666, "dmean": 0.0524200536311, "dmean2": 0.0832147076726, "mean": 0.500806212425, "dvar2": 0.00725004682317, "min": 0.0872496888041}, "spectral_complexity": {"dvar": 2.32196593285, "var": 48.5710906982, "median": 10, "max": 35, "dmean": 1.32356607914, "dmean2": 2.18214893341, "mean": 10.0890464783, "dvar2": 5.67447185516, "min": 0}, "spectral_spread": {"dvar": 233808510976, "var": 11066648035300.0, "median": 2501614.25, "max": 48279468, "dmean": 270183.90625, "dmean2": 441634.1875, "mean": 3039662.5, "dvar2": 588507840512, "min": 225601.15625}, "dynamic_complexity": 9.06389141083, "melbands_crest": {"dvar": 6.41704273224, "var": 32.8849754333, "median": 14.6561460495, "max": 36.7584686279, "dmean": 2.38249325752, "dmean2": 3.76402163506, "mean": 15.5755844116, "dvar2": 17.0010604858, "min": 1.63310098648}, "zerocrossingrate": {"dvar": 3.54026669811e-05, "var": 0.00155837542843, "median": 0.02685546875, "max": 0.52490234375, "dmean": 0.00372978975065, "dmean2": 0.00482043297961, "mean": 0.0334325395525, "dvar2": 5.451618199e-05, "min": 0.0009765625}, "spectral_energyband_low": {"dvar": 0.000266736285994, "var": 0.000510263140313, "median": 0.000221521622734, "max": 0.291476994753, "dmean": 0.00424509681761, "dmean2": 0.00713570928201, "mean": 0.00921903643757, "dvar2": 0.000744749035221, "min": 1.19599328058e-23}, "melbands_kurtosis": {"dvar": 219.016357422, "var": 900.59161377, "median": 5.75584936142, "max": 1114.15856934, "dmean": 4.16014242172, "dmean2": 6.40723466873, "mean": 11.2306718826, "dvar2": 501.007843018, "min": -1.56281208992}, "spectral_energyband_middle_high": {"dvar": 8.93375727173e-07, "var": 7.63723710406e-06, "median": 0.000931624672376, "max": 0.0276783276349, "dmean": 0.000524029135704, "dmean2": 0.000760195951443, "mean": 0.00202212459408, "dvar2": 1.8728443365e-06, "min": 1.2388598812e-21}, "barkbands_spread": {"dvar": 5.04840898514, "var": 43.2670211792, "median": 6.85522842407, "max": 50.0242843628, "dmean": 1.60725724697, "dmean2": 2.45418715477, "mean": 8.61370944977, "dvar2": 11.5629014969, "min": 0.198067694902}, "mfcc": {"mean": [-786.855834961, 168.415283203, 4.06806182861, 7.53735923767, -13.7914381027, -2.15016889572, -4.1843214035, -8.10605239868, -5.10164880753, -3.6639790535, -0.365444481373, -6.62596797943, -2.03526091576], "cov": [[23016.7695312, 2821.02368164, -2139.31054688, 1533.92358398, -122.585502625, 228.91355896, 72.0277099609, -197.049713135, 35.5717010498, -6.56655931473, 78.7465286255, -227.723693848, 210.697769165], [2821.02368164, 3064.03857422, -227.875350952, -188.313247681, -54.7986221313, -163.577026367, -215.370025635, -187.029388428, -144.994369507, -89.8900985718, -42.2295265198, -192.298980713, -48.4817695618], [-2139.31054688, -227.875350952, 1060.00732422, -237.378250122, 91.5577468872, 142.589080811, 126.692367554, 37.9161987305, 89.2059173584, 84.0823287964, 2.60557937622, 133.626495361, 11.8883628845], [1533.92358398, -188.313247681, -237.378250122, 441.383544922, 99.7664794922, 42.6289024353, 27.0704116821, 32.6363487244, 22.2449111938, 6.53993797302, 22.1179084778, -19.567949295, 32.7949523926], [-122.585502625, -54.7986221313, 91.5577468872, 99.7664794922, 210.739471436, 79.5759811401, 44.4513053894, 29.2396755219, 37.6281585693, 27.1829128265, 2.40703582764, 11.3983201981, 31.5772609711], [228.91355896, -163.577026367, 142.589080811, 42.6289024353, 79.5759811401, 152.978744507, 89.2182998657, 14.1444063187, 35.4757347107, 28.0133171082, 12.2819976807, 42.8387298584, 18.3396530151], [72.0277099609, -215.370025635, 126.692367554, 27.0704116821, 44.4513053894, 89.2182998657, 158.95866394, 73.6754455566, 60.5312957764, 41.5554122925, 26.8872089386, 53.8722305298, 22.6695232391], [-197.049713135, -187.029388428, 37.9161987305, 32.6363487244, 29.2396755219, 14.1444063187, 73.6754455566, 125.124198914, 72.9259109497, 27.8025836945, 19.200756073, 31.3077125549, 25.2806148529], [35.5717010498, -144.994369507, 89.2059173584, 22.2449111938, 37.6281585693, 35.4757347107, 60.5312957764, 72.9259109497, 125.099304199, 74.4246902466, 17.8302268982, 36.2904052734, 23.8627510071], [-6.56655931473, -89.8900985718, 84.0823287964, 6.53993797302, 27.1829128265, 28.0133171082, 41.5554122925, 27.8025836945, 74.4246902466, 113.231185913, 48.5808868408, 25.6907520294, 8.11385726929], [78.7465286255, -42.2295265198, 2.60557937622, 22.1179084778, 2.40703582764, 12.2819976807, 26.8872089386, 19.200756073, 17.8302268982, 48.5808868408, 108.497520447, 54.9817504883, -6.57958984375], [-227.723693848, -192.298980713, 133.626495361, -19.567949295, 11.3983201981, 42.8387298584, 53.8722305298, 31.3077125549, 36.2904052734, 25.6907520294, 54.9817504883, 123.978790283, 42.9149742126], [210.697769165, -48.4817695618, 11.8883628845, 32.7949523926, 31.5772609711, 18.3396530151, 22.6695232391, 25.2806148529, 23.8627510071, 8.11385726929, -6.57958984375, 42.9149742126, 93.3730545044]], "icov": [[0.000115371294669, -0.00014305440709, 0.000170760060428, -0.000392212357838, 0.000376321811927, -0.000388388201827, -0.000210420039366, 0.000316882389598, -0.0003048122162, 1.27437278934e-05, -2.0437690182e-05, 3.56558120984e-05, -0.000245328032179], [-0.00014305440709, 0.000611522060353, -0.000231807105592, 0.000750667590182, -0.00063374027377, 0.000724385434296, 0.000298039347399, 0.000208159952308, 9.73674250417e-05, 0.000450696301414, -0.000682740297634, 0.000926017470192, -0.000188254591194], [0.000170760060428, -0.000231807105592, 0.0019353767857, 0.0003400897549, -0.000190967170056, -0.0013345007319, -0.000611403840594, 0.000366537948139, -0.000308852089802, -0.00118090456817, 0.00157125073019, -0.00204269774258, 0.000735456414986], [-0.000392212357838, 0.000750667590182, 0.0003400897549, 0.00493344292045, -0.00281351082958, 0.000450395309599, 0.00056096795015, -0.0