{"tonal": {"chords_key": "G", "hpcp_entropy": {"dmean": 0.686718523502, "dmean2": 1.16264331341, "max": 4.30192899704, "dvar": 0.335725665092, "mean": 1.86204302311, "dvar2": 0.911296188831, "min": 0, "var": 0.686640024185, "median": 1.89412748814}, "key_key": "C", "chords_strength": {"dmean": 0.0118569293991, "dmean2": 0.0125988852233, "max": 0.789813697338, "dvar": 0.000376126874471, "mean": 0.463344246149, "dvar2": 0.000686878920533, "min": -1, "var": 0.0193673335016, "median": 0.467494189739}, "key_scale": "major", "chords_number_rate": 0.00301295565441, "thpcp": [1, 0.555602967739, 0.290254920721, 0.275527775288, 0.297455966473, 0.437948554754, 0.504208743572, 0.376692533493, 0.464780241251, 0.640273034573, 0.463619351387, 0.336782246828, 0.338818669319, 0.280742377043, 0.490354686975, 0.705309689045, 0.525587618351, 0.443447291851, 0.544247448444, 0.465879112482, 0.554903686047, 0.736730635166, 0.566368877888, 0.472679555416, 0.566164910793, 0.541394412518, 0.581658542156, 0.577090263367, 0.476949691772, 0.601109087467, 0.633227050304, 0.390915334225, 0.272295176983, 0.284638017416, 0.329470545053, 0.777600049973], "key_strength": 0.514447271824, "tuning_nontempered_energy_ratio": 0.729006052017, "tuning_frequency": 442.293365479, "chords_changes_rate": 0.0799939706922, "tuning_diatonic_strength": 0.387249261141, "chords_scale": "minor", "chords_histogram": [9.56613445282, 2.57607722282, 4.51943349838, 1.3708947897, 0.22597168386, 3.20879793167, 4.36878585815, 1.88309729099, 1.17505276203, 0.0753238946199, 0.361554682255, 0.60259115696, 1.82283818722, 5.40825557709, 1.55167222023, 1.67219042778, 5.4534497261, 11.7655916214, 4.85085868835, 20.4880981445, 2.83217835426, 2.06387472153, 7.95420312881, 4.20307302475], "tuning_equal_tempered_deviation": 0.0501714274287, "hpcp": {"dmean": [0.11267568171, 0.101794324815, 0.113322854042, 0.134056538343, 0.115467473865, 0.0872020125389, 0.0777860805392, 0.0786267369986, 0.11388900876, 0.135652497411, 0.121700897813, 0.111181952059, 0.125716328621, 0.124887190759, 0.137277707458, 0.147879675031, 0.140772983432, 0.12511228025, 0.125005945563, 0.13408151269, 0.143176183105, 0.127624958754, 0.125986069441, 0.143742963672, 0.13749358058, 0.104147300124, 0.0792234614491, 0.0745002478361, 0.0916895270348, 0.147335469723, 0.152639850974, 0.12343326956, 0.0839428156614, 0.0733083114028, 0.0833829268813, 0.109053447843], "dmean2": [0.194345667958, 0.179017037153, 0.193492099643, 0.227250128984, 0.200539425015, 0.15097156167, 0.134912863374, 0.137079298496, 0.193481236696, 0.225390821695, 0.206925794482, 0.190879791975, 0.216991856694, 0.218389645219, 0.241705179214, 0.256061673164, 0.246938064694, 0.22051332891, 0.217328414321, 0.232658088207, 0.250260740519, 0.221645876765, 0.221031442285, 0.251103758812, 0.23553198576, 0.180315628648, 0.140058472753, 0.131672799587, 0.162975147367, 0.246536776423, 0.253458231688, 0.210614219308, 0.148600459099, 0.128844484687, 0.148654133081, 0.189644545317], "max": [1, 1, 1, 1, 1, 1, 1, 1, 1, 1, 1, 1, 1, 1, 1, 1, 1, 1, 1, 1, 1, 1, 1, 1, 1, 1, 1, 1, 1, 1, 1, 1, 1, 1, 1, 1], "dvar": [0.0361369922757, 0.0313908345997, 0.0344324670732, 0.0484902001917, 0.0345961079001, 0.0244955606759, 0.0248107183725, 0.0191412270069, 0.0308709219098, 0.0420093759894, 0.0321148112416, 0.0292261056602, 0.0416100025177, 0.0363437235355, 0.0388895682991, 0.0474747754633, 0.0429297722876, 0.0365862436593, 0.0400162115693, 0.0390358455479, 0.0450595058501, 0.0415546260774, 0.0360950045288, 0.0415189750493, 0.040995631367, 0.0289670992643, 0.0255110822618, 0.0237004123628, 0.0242563895881, 0.0407607257366, 0.0497678257525, 0.0315771922469, 0.0255256462842, 0.0212324596941, 0.0231553670019, 0.0326130129397], "mean": [0.145892471075, 0.108995735645, 0.134483858943, 0.185262590647, 0.134147956967, 0.0974477231503, 0.0980369597673, 0.0812326222658, 0.141883805394, 0.204080894589, 0.152078434825, 0.128311187029, 0.157477647066, 0.134801819921, 0.160561025143, 0.213172525167, 0.163878470659, 0.136769518256, 0.16381944716, 0.156652122736, 0.16830252111, 0.166980698705, 0.138005077839, 0.17393052578, 0.183223828673, 0.11311109364, 0.0787884294987, 0.0823598280549, 0.0953320860863, 0.22499807179, 0.289349347353, 0.160763353109, 0.083985067904, 0.0797237828374, 0.0860686898232, 0.126720130444], "dvar2": [0.0944011211395, 0.0880040004849, 0.0894276872277, 0.115066602826, 0.0910748839378, 0.0658809691668, 0.0599643737078, 0.0516254380345, 0.0780103802681, 0.0961875990033, 0.0810087695718, 0.0756639316678, 0.0990852415562, 0.0955774560571, 0.106313787401, 0.115492984653, 0.11557982862, 0.099064566195, 0.0991438180208, 0.102984748781, 0.1147306934, 0.100176140666, 0.0969622284174, 0.110824108124, 0.0971808210015, 0.0757889673114, 0.0681363418698, 0.0624014623463, 0.0667388513684, 0.0985716581345, 0.106321461499, 0.0859065577388, 0.0708496049047, 0.0564058981836, 0.0651827082038, 0.0896998792887], "min": [0, 0, 0, 0, 0, 0, 0, 0, 0, 0, 0, 0, 0, 0, 0, 0, 0, 0, 0, 0, 0, 0, 0, 0, 0, 0, 0, 0, 0, 0, 0, 0, 0, 0, 0, 0], "var": [0.056927755475, 0.0337701439857, 0.0484219454229, 0.08781375736, 0.0440331958234, 0.0304803643376, 0.0410602465272, 0.020178347826, 0.0444860458374, 0.0863514021039, 0.046670589596, 0.0413613170385, 0.0706685036421, 0.0452023409307, 0.0502587854862, 0.0874996632338, 0.0561235696077, 0.0451273433864, 0.0706095397472, 0.0550075620413, 0.0654790922999, 0.0741685554385, 0.0423848740757, 0.0590644553304, 0.0702970400453, 0.0337558761239, 0.0260121226311, 0.0330055579543, 0.0275733266026, 0.0819728001952, 0.128510177135, 0.0452339164913, 0.0279326308519, 0.0261125024408, 0.0227292589843, 0.0375777631998], "median": [0.0448298789561, 0.03577535972, 0.0345213711262, 0.0419176444411, 0.0418012663722, 0.0309188701212, 0.0244218558073, 0.0271163843572, 0.0504082739353, 0.063463807106, 0.0575486794114, 0.0395069941878, 0.0376316159964, 0.0410094633698, 0.0635361224413, 0.0733598321676, 0.0583751574159, 0.0454027764499, 0.0400943607092, 0.0478189140558, 0.0508903190494, 0.0416837893426, 0.0509152784944, 0.0689510703087, 0.0648569911718, 0.0383015498519, 0.0213050935417, 0.0204443056136, 0.0323831886053, 0.081463932991, 0.096072897315, 0.0629125460982, 0.0253581106663, 0.0243497975171, 0.0324797704816, 0.0494356937706]}}, "lowlevel": {"melbands_flatness_db": {"dmean": 0.0235782358795, "dmean2": 0.036935210228, "max": 0.488378018141, "dvar": 0.000482094066683, "mean": 0.191258206964, "dvar2": 0.00113540911116, "min": 0.00310315866955, "var": 0.00341228023171, "median": 0.185390502214}, "melbands_crest": {"dmean": 3.3082318306, "dmean2": 5.52437973022, "max": 38.247882843, "dvar": 8.64729881287, "mean": 12.8048973083, "dvar2": 23.3926506042, "min": 1.56677496433, "var": 20.9817295074, "median": 12.1121416092}, "spectral_entropy": {"dmean": 0.173305094242, "dmean2": 0.260645776987, "max": 9.8194475174, "dvar": 0.029819605872, "mean": 7.47342586517, "dvar2": 0.0645946338773, "min": 5.37214040756, "var": 0.204248264432, "median": 7.5100274086}, "melbands": {"dmean": [0.00013534585014, 0.000409428350395, 0.000702463963535, 0.000381790683605, 0.000267781899311, 0.00023152428912, 0.000163861666806, 0.000156438036356, 0.000174561238964, 7.19851304893e-05, 5.66285852983e-05, 4.66852106911e-05, 4.59886068711e-05, 4.4599542889e-05, 3.39975740644e-05, 3.00653900922e-05, 1.66340905707e-05, 1.17550816867e-05, 1.94377098524e-05, 1.63383065228e-05, 1.35121563289e-05, 2.002605288e-05, 2.20727415581e-05, 1.43652432598e-05, 6.71582301948e-06, 6.1020814428e-06, 3.29242129737e-06, 1.49520383275e-06, 1.28188958115e-06, 9.08796266685e-07, 7.2105245863e-07, 5.86390854096e-07, 4.60932909618e-07, 3.30646173552e-07, 3.79067046197e-07, 3.47471200257e-07, 3.02800089003e-07, 2.93569627274e-07, 2.1504412473e-07, 1.59187408144e-07], "dmean2": [0.000215654756175, 0.000657969911117, 0.00118511321489, 0.000623072206508, 0.00044181587873, 0.000359175523045, 0.000252555881161, 0.000247899442911, 0.000274808553513, 0.000110162043711, 8.80366933416e-05, 7.35991925467e-05, 6.95468843332e-05, 6.94043483236e-05, 5.20035609952e-05, 4.63327160105e-05, 2.58269992628e-05, 1.82166986633e-05, 2.93875709758e-05, 2.50171196967e-05, 2.04595562536e-05, 3.04531386064e-05, 3.39266443916e-05, 2.15136660699e-05, 1.04057962744e-05, 9.65049275692e-06, 5.32260128239e-06, 2.41489829023e-06, 2.07775428862e-06, 1.49170875829e-06, 1.1766813941e-06, 9.38051186949e-07, 7.50598360355e-07, 5.31924285951e-07, 6.26677945093e-07, 5.68273208046e-07, 4.88411274091e-07, 4.81154074805e-07, 3.46449269273e-07, 2.55300307117e-07], "max": [0.00342861097306, 0.00816270336509, 0.0221852157265, 0.00943295657635, 0.0078405495733, 0.00677608465776, 0.00593696720898, 0.00536088179797, 0.0148820467293, 0.00637463433668, 0.00243302877061, 0.00245265034027, 0.00230723177083, 0.00239890837111, 0.00529436627403, 0.00232587545179, 0.00141553184949, 0.000991187174805, 0.0027318065986, 0.00167220376898, 0.000902110943571, 0.00221199169755, 0.00119397055823, 0.00141208257992, 0.000235590559896, 0.000347692199284, 0.000153382585268, 6.67421845719e-05, 0.000139302399475, 5.99886298005e-05, 3.95325587306e-05, 6.49627254461e-05, 1.8962778995e-05, 2.41634897975e-05, 2.13427974813e-05, 2.78376519418e-05, 1.83723859664e-05, 1.33764069687e-05, 8.47535648063e-06, 6.92795765644e-06], "dvar": [3.77873625723e-08, 3.30832733653e-07, 1.20845527363e-06, 2.80119053286e-07, 2.04118066449e-07, 1.3956366729e-07, 7.06418035179e-08, 7.73902044671e-08, 1.37882068429e-07, 2.01208667505e-08, 1.14741993684e-08, 9.84320447373e-09, 1.0211037349e-08, 8.7173583907e-09, 1.2208844602e-08, 7.39326910804e-09, 1.82241799429e-09, 8.17002576703e-10, 5.00148011895e-09, 2.47923548358e-09, 1.07563635776e-09, 3.07355141338e-09, 2.94000601642e-09, 1.49583678777e-09, 1.46256048938e-10, 1.72536124277e-10, 3.43180969753e-11, 5.12675535705e-12, 5.28767481189e-12, 2.26508026745e-12, 1.42779971873e-12, 1.48710069866e-12, 5.91708702435e-13, 4.35845993628e-13, 5.40460634146e-13, 5.14739563907e-13, 3.39983954618e-13, 3.89881567786e-13, 1.50697664525e-13, 8.69720623103e-14], "mean": [0.00021181536431, 0.000682484707795, 0.00102551712189, 0.000645995256491, 0.000498730805703, 0.000516043510288, 0.000362964754459, 0.000303136534058, 0.000317386846291, 0.000136714763357, 0.000105780134618, 7.91737038526e-05, 8.72041055118e-05, 8.01922215032e-05, 5.99948289164e-05, 5.18960951013e-05, 2.73032019322e-05, 2.09062018257e-05, 3.66582826246e-05, 3.05546818709e-05, 2.71687877103e-05, 3.92045767512e-05, 4.79284753965e-05, 3.10938630719e-05, 1.54434310389e-05, 1.34805895868e-05, 7.54591246732e-06, 3.66894118997e-06, 2.9746220207e-06, 2.07380799111e-06, 1.75734885488e-06, 1.40455676956e-06, 1.06839127056e-06, 7.62866704918e-07, 7.59335762268e-07, 6.79947675053e-07, 6.22636662229e-07, 5.54012331122e-07, 4.08687753861e-07, 3.02696577137e-07], "dvar2": [9.59796366828e-08, 8.27954067972e-07, 3.2201310205e-06, 7.23624054899e-07, 5.41816859823e-07, 3.10283979843e-07, 1.57841569148e-07, 1.83741292403e-07, 3.21014994142e-07, 4.09235667576e-08, 2.42827624675e-08, 2.21787352928e-08, 1.9983664501e-08, 1.89041582388e-08, 2.37431763139e-08, 1.59623620988e-08, 3.75760755844e-09, 1.70544367517e-09, 9.22742948717e-09, 5.40015143713e-09, 2.20691975805e-09, 6.18102991012e-09, 5.99964078418e-09, 3.03809688518e-09, 3.16865839123e-10, 3.99335231549e-10, 7.7962289402e-11, 1.31773125397e-11, 1.2026392035e-11, 5.69200372599e-12, 3.54470185843e-12, 3.34745187298e-12, 1.4620369802e-12, 1.0180462159e-12, 1.45411623281e-12, 1.32091961067e-12, 8.53432667418e-13, 1.03061797378e-12, 3.66764317484e-13, 2.18367695887e-13], "min": [1.08259375632e-24, 1.37560726488e-24, 8.74002071076e-25, 8.66874910012e-25, 2.17718648144e-24, 5.62752760794e-25, 1.502484103e-24, 1.11879478047e-24, 2.38066131902e-24, 1.8881626369e-24, 3.0199293475e-24, 2.22053892413e-24, 2.83420821901e-24, 2.06327378343e-24, 1.59908544565e-24, 3.94755897177e-24, 3.27052521354e-24, 3.60431415342e-24, 4.14903799127e-24, 3.71310477757e-24, 3.35433912092e-24, 3.91579745957e-24, 4.19065947592e-24, 3.89489580103e-24, 3.84170527677e-24, 4.32810428916e-24, 5.91398292136e-24, 4.95220883331e-24, 3.78360488224e-24, 5.64970939051e-24, 5.05795721538e-24, 5.55549888805e-24, 5.68639418362e-24, 4.32244184558e-24, 6.66914921074e-24, 6.3016954345e-24, 4.73764576684e-24, 4.46846512673e-24, 5.49768485003e-24, 6.21086677873e-24], "var": [6.33682830653e-08, 5.99597399287e-07, 1.51827725858e-06, 5.66133110169e-07, 6.07709068845e-07, 5.68033783566e-07, 2.88990293029e-07, 2.66324377662e-07, 4.06842673328e-07, 7.48445998511e-08, 3.20575175294e-08, 2.01603729266e-08, 3.61454368658e-08, 2.30579200178e-08, 4.17253822604e-08, 2.11757722468e-08, 4.04631039785e-09, 2.00097183267e-09, 1.44719578543e-08, 6.19584028527e-09, 3.13751979952e-09, 7.40677563726e-09, 8.95604479467e-09, 4.55187887383e-09, 4.6137377252e-10, 4.46864240056e-10, 1.09945046123e-10, 1.83106672186e-11, 2.06438078437e-11, 6.81820225279e-12, 4.93636381771e-12, 5.70417281118e-12, 2.23158384133e-12, 1.664219435e-12, 1.12291100897e-12, 1.11957383468e-12, 9.02893482636e-13, 6.81068753911e-13, 3.25473670367e-13, 1.83506272786e-13], "median": [0.000129856562125, 0.000427485909313, 0.000646186701488, 0.000403699465096, 0.00021540155285, 0.000207073870115, 0.000150831125211, 0.000120807992062, 0.000105256098323, 5.56362429052e-05, 4.58936629002e-05, 3.39323778462e-05, 2.660955397e-05, 2.68137719104e-05, 1.39362591653e-05, 1.18526950246e-05, 9.32513285079e-06, 6.82958261677e-06, 6.55433723296e-06, 6.78771584717e-06, 5.50060394744e-06, 8.25104962132e-06, 8.29172495287e-06, 8.39775202621e-06, 8.06186926638e-06, 6.91652303431e-06, 4.29251304013e-06, 2.36832897826e-06, 1.82095266155e-06, 1.26527845623e-06, 1.02939225144e-06, 7.52600783471e-07, 5.73203521981e-07, 3.80952741352e-07, 4.0330161255e-07, 3.42402586284e-07, 3.16514757515e-07, 2.82444290178e-07, 2.17906077182e-07, 1.5590445912e-07]}, "silence_rate_60dB": {"dmean": 0.00527346692979, "dmean2": 0.0105477282777, "max": 1, "dvar": 0.00524565484375, "mean": 0.0397740118206, "dvar2": 0.0126966573298, "min": 0, "var": 0.0381925031543, "median": 0}, "spectral_energyband_middle_high": {"dmean": 0.00171850819606, "dmean2": 0.00252545787953, "max": 0.0630129799247, "dvar": 8.89928105607e-06, "mean": 0.00530078355223, "dvar2": 1.63721833815e-05, "min": 1.22580906736e-21, "var": 4.1251492803e-05, "median": 0.00266168569215}, "erbbands_skewness": {"dmean": 0.363818258047, "dmean2": 0.559061229229, "max": 6.49551105499, "dvar": 0.127452388406, "mean": 0.480632722378, "dvar2": 0.287452578545, "min": -1.95346283913, "var": 0.899671733379, "median": 0.357744663954}, "dynamic_complexity": 2.81458425522, "dissonance": {"dmean": 0.0189352128655, "dmean2": 0.032136131078, "max": 0.500000119209, "dvar": 0.000339730962878, "mean": 0.46347668767, "dvar2": 0.000949947861955, "min": 0.226465716958, "var": 0.000713744666427, "median": 0.469734728336}, "spectral_skewness": {"dmean": 0.190811604261, "dmean2": 0.306283801794, "max": 5.30671834946, "dvar": 0.0408980809152, "mean": 1.64592671394, "dvar2": 0.0997468605638, "min": -0.0885314792395, "var": 0.212582141161, "median": 1.59975540638}, "spectral_kurtosis": {"dmean": 1.43827354908, "dmean2": 2.38858318329, "max": 44.3187675476, "dvar": 3.36560773849, "mean": 5.16087675095, "dvar2": 8.87919998169, "min": -1.25481247902, "var": 9.21149730682, "median": 4.5545167923}, "gfcc": {"cov": [[16681.359375, 692.603088379, -2074.24194336, 224.916046143, -586.82623291, -0.432406008244, -560.26739502, 144.370895386, -339.676574707, -186.67805481, -262.637573242, -66.0311813354, -277.186706543], [692.603088379, 868.257568359, -203.387557983, 2.60121941566, 45.2958564758, -56.5301322937, 3.79758739471, 2.40827035904, 7.62635087967, -58.0864677429, 8.61576938629, -51.7888221741, 5.88257455826], [-2074.24194336, -203.387557983, 1271.96740723, 18.1858119965, -135.926956177, 105.928184509, 172.6900177, -15.9649877548, -38.8764228821, 47.7329101562, -43.622051239, -51.086894989, -15.9233226776], [224.916046143, 2.60121941566, 18.1858119965, 297.628417969, -17.0631599426, 56.8590888977, 60.4166564941, 41.0094032288, -7.7023973465, -13.7822885513, -19.5118579865, -28.0108413696, -14.1116199493], [-586.82623291, 45.2958564758, -135.926956177, -17.0631599426, 274.155975342, -3.4377450943, -3.72733283043, 5.01671075821, 46.8990020752, -6.72713327408, 23.2630062103, 31.450258255, 7.90536785126], [-0.432406008244, -56.5301322937, 105.928184509, 56.8590888977, -3.4377450943, 151.706008911, 78.9617843628, 20.2061634064, -24.100522995, -0.173527926207, -22.351480484, -17.1264457703, -2.31603908539], [-560.26739502, 3.79758739471, 172.6900177, 60.4166564941, -3.72733283043, 78.9617843628, 170.232070923, 37.0896453857, -0.994273066521, 6.03498458862, -14.308172226, -32.332950592, -3.81747508049], [144.370895386, 2.40827035904, -15.9649877548, 41.0094032288, 5.01671075821, 20.2061634064, 37.0896453857, 90.252822876, 37.3370704651, 8.12819385529, -12.049996376, -12.1852025986, -13.4516763687], [-339.676574707, 7.62635087967, -38.8764228821, -7.7023973465, 46.8990020752, -24.100522995, -0.994273066521, 37.3370704651, 105.737503052, 45.2658996582, 19.4184684753, -5.0990281105, -8.51752853394], [-186.67805481, -58.0864677429, 47.7329101562, -13.7822885513, -6.72713327408, -0.173527926207, 6.03498458862, 8.12819385529, 45.2658996582, 91.9617233276, 41.5657539368, 8.78407287598, -6.72491359711], [-262.637573242, 8.61576938629, -43.622051239, -19.5118579865, 23.2630062103, -22.351480484, -14.308172226, -12.049996376, 19.4184684753, 41.5657539368, 81.6395950317, 48.5650863647, 17.1071071625], [-66.0311813354, -51.7888221741, -51.086894989, -28.0108413696, 31.450258255, -17.1264457703, -32.332950592, -12.1852025986, -5.0990281105, 8.78407287598, 48.5650863647, 86.5645980835, 43.9301719666], [-277.186706543, 5.88257455826, -15.9233226776, -14.1116199493, 7.90536785126, -2.31603908539, -3.81747508049, -13.4516763687, -8.51752853394, -6.72491359711, 17.1071071625, 43.9301719666, 70.0004425049]], "mean": [-11.9170656204, 86.0134353638, -109.818702698, 21.3389453888, -57.6005325317, -2.64779186249, -38.4639816284, 9.28077125549, -28.8956546783, -4.08155822754, -15.1467218399, -1.03672122955, -16.8500385284], "icov": [[0.000188850332052, -0.000243540984229, 0.000321813451592, -0.000102557460195, 0.000465779390652, -0.000313005293719, 0.000536903273314, -0.000434427463915, 0.00070336664794, -0.000576788326725, 0.00108493410517, -0.00100252288394, 0.00109782582149], [-0.000243540984229, 0.00184016337153, -0.000256785744568, 0.000202874449315, -0.000846878217999, 0.000952503818553, -0.000825010705739, 0.000205846954486, -0.00079869676847, 0.00218997965567, -0.00345872272737, 0.00402916874737, -0.00258492073044], [0.000321813451592, -0.000256785744568, 0.00163605716079, -5.28730743099e-05, 0.00118717248552, -0.000629099900834, -0.000273233890766, 5.26858548255e-06, 0.00132682791445, -0.00178935262375, 0.00264691305347, -0.00185461132787, 0.00199519447051], [-0.000102557460195, 0.000202874449315, -5.28730743099e-05, 0.00403979187831, -4.5133583626e-05, -0.000764288648497, -0.000970582244918, -0.00126513955183, 5.85075804338e-06, 0.00116369221359, -0.00137343176175, 0.00152178585995, -0.00044389651157], [0.000465779390652, -0.000846878217999, 0.00118717248552, -4.5133583626e-05, 0.00598916597664, -0.00174599816091, 0.000445840851171, 0.000343459862052, -0.00192115991376, 0.000738574541174, 0.00269263330847, -0.0056225406006, 0.00424036709592], [-0.000313005293719, 0.000952503818553, -0.000629099900834, -0.000764288648497, -0.00174599816091, 0.0107363639399, -0.00457856804132, -0.000686623796355, 0.00245440169238, -0.00129863189068, 0.000264590547886, 0.00215760734864, -0.00269071431831], [0.000536903273314, -0.000825010705739, -0.000273233890766, -0.000970582244918, 0.000445840851171, -0.00457856804132, 0.0120908170938, -0.0052262917161, 0.00309904711321, -0.00145816139411, -9.12470641197e-05, 0.00249082781374, 8.68906790856e-05], [-0.000434427463915, 0.000205846954486, 5.26858548255e-06, -0.00126513955183, 0.000343459862052, -0.000686623796355, -0.0052262917161, 0.0187032911927, -0.00976510997862, 0.00165399361867, 0.00305168144405, -0.00350139010698, 0.00167850148864], [0.00070336664794, -0.00079869676847, 0.00132682791445, 5.85075804338e-06, -0.00192115991376, 0.00245440169238, 0.00309904711321, -0.00976510997862, 0.0216896235943, -0.0110243204981, 0.00218388810754, 0.00229515042156, 0.00135193101596], [-0.000576788326725, 0.00218997965567, -0.00178935262375, 0.00116369221359, 0.000738574541174, -0.00129863189068, -0.00145816139411, 0.00165399361867, -0.0110243204981, 0.0244043618441, -0.0165529735386, 0.00621515978128, -0.00138053146657], [0.00108493410517, -0.00345872272737, 0.00264691305347, -0.00137343176175, 0.00269263330847, 0.000264590547886, -9.12470641197e-05, 0.00305168144405, 0.00218388810754, -0.0165529735386, 0.037716306746, -0.0253758411855, 0.0105813974515], [-0.00100252288394, 0.00402916874737, -0.00185461132787, 0.00152178585995, -0.0056225406006, 0.00215760734864, 0.00249082781374, -0.00350139010698, 0.00229515042156, 0.00621515978128, -0.0253758411855, 0.0408073402941, -0.022785725072], [0.00109782582149, -0.00258492073044, 0.00199519447051, -0.00044389651157, 0.00424036709592, -0.00269071431831, 8.68906790856e-05, 0.00167850148864, 0.00135193101596, -0.00138053146657, 0.0105813974515, -0.022785725072, 0.0307193286717]]}, "spectral_complexity": {"dmean": 2.92165136337, "dmean2": 4.62502813339, "max": 45, "dvar": 8.52861976624, "mean": 16.208738327, "dvar2": 19.3947677612, "min": 0, "var": 54.4871749878, "median": 16}, "spectral_flux": {"dmean": 0.0207504332066, "dmean2": 0.0333288609982, "max": 0.238785639405, "dvar": 0.000409502943512, "mean": 0.0710863918066, "dvar2": 0.00101281877141, "min": 6.38114769358e-11, "var": 0.0010513124289, "median": 0.0668089911342}, "spectral_energyband_low": {"dmean": 0.00226400187239, "dmean2": 0.0037184250541, "max": 0.0402012132108, "dvar": 8.80431616679e-06, "mean": 0.00392330018803, "dvar2": 2.32465808949e-05, "min": 1.41920699574e-23, "var": 1.56401929416e-05, "median": 0.0027141822502}, "spectral_decrease": {"dmean": 1.46468071005e-09, "dmean2": 2.24787588543e-09, "max": 2.01843922074e-28, "dvar": 2.44298446777e-18, "mean": -5.06917841037e-09, "dvar2": 5.5024356268e-18, "min": -2.54273739841e-08, "var": 9.39249523484e-18, "median": -4.62974814042e-09}, "barkbands_spread": {"dmean": 4.5744228363, "dmean2": 7.21017837524, "max": 96.9649047852, "dvar": 23.1183719635, "mean": 20.2430953979, "dvar2": 54.0396347046, "min": 0.555721998215, "var": 106.711410522, "median": 19.55519104}, "spectral_rms": {"dmean": 0.000637237564661, "dmean2": 0.000966261257418, "max": 0.00981072708964, "dvar": 3.83962941441e-07, "mean": 0.00424540927634, "dvar2": 8.22409901957e-07, "min": 3.15949610225e-12, "var": 2.16237026507e-06, "median": 0.00427073054016}, "spectral_centroid": {"dmean": 223.180175781, "dmean2": 349.501617432, "max": 11674.4609375, "dvar": 65819.484375, "mean": 1342.47131348, "dvar2": 144592.734375, "min": 220.644500732, "var": 1122774.375, "median": 1209.2947998}, "barkbands_skewness": {"dmean": 0.495701432228, "dmean2": 0.781596601009, "max": 22.82280159, "dvar": 0.268765807152, "mean": 1.54057848454, "dvar2": 0.661495625973, "min": -2.17973208427, "var": 1.82531642914, "median": 1.4263702631}, "spectral_rolloff": {"dmean": 363.597167969, "dmean2": 610.536376953, "max": 19745.9472656, "dvar": 345050.40625, "mean": 1518.77453613, "dvar2": 787515.8125, "min": 21.533203125, "var": 3466823, "median": 1033.59375}, "erbbands_spread": {"dmean": 7.23415231705, "dmean2": 11.2407674789, "max": 124.675094604, "dvar": 53.7820167542, "mean": 37.5764770508, "dvar2": 121.694778442, "min": 2.7257604599, "var": 260.95880127, "median": 35.4838562012}, "barkbands": {"dmean": [4.16491202486e-05, 0.000678371172398, 0.0011144017335, 0.0017668986693, 0.00166330661159, 0.00121982127894, 0.000729746185243, 0.000977410469204, 0.000543670495972, 0.000400932505727, 0.000344715401297, 0.000332627038006, 0.000335184042342, 0.00015344946587, 0.000235101571889, 0.000196569293621, 0.000355519790901, 0.000315213605063, 0.000137169714435, 5.81516214879e-05, 3.58697907359e-05, 2.4235505407e-05, 1.98988036573e-05, 2.22280286835e-05, 1.55718444148e-05, 1.23072122733e-05, 5.83721384828e-06], "dmean2": [6.64445324219e-05, 0.00108082138468, 0.00182837352622, 0.00302362139337, 0.00271834642626, 0.00190538004972, 0.00115553312935, 0.00155010365415, 0.000832251214888, 0.0006285214331, 0.000520422996487, 0.000524196890183, 0.000515874417033, 0.000239574656007, 0.000355476455297, 0.000305789551931, 0.0005371569423, 0.000480935705127, 0.000212056896999, 9.43082559388e-05, 5.79876905249e-05, 3.84982558899e-05, 3.21145416819e-05, 3.55500524165e-05, 2.43720842263e-05, 1.8858425392e-05, 9.07971207198e-06], "max": [0.000759516493417, 0.0168491378427, 0.0177768059075, 0.0661771371961, 0.0340791381896, 0.0295706931502, 0.0234179478139, 0.0419591479003, 0.0363920517266, 0.0150520177558, 0.0228677950799, 0.020170301199, 0.047144126147, 0.0139029109851, 0.0244290903211, 0.0158731602132, 0.025772485882, 0.0176465548575, 0.00568545097485, 0.00257163005881, 0.00267511513084, 0.00143524934538, 0.00091318320483, 0.0010881255148, 0.000979132135399, 0.000547644507606, 0.000257509702351], "dvar": [2.00319250077e-09, 9.3457776984e-07, 2.5674266908e-06, 9.83144127531e-06, 5.06156084157e-06, 3.60033277502e-06, 1.45274862007e-06, 3.21692255056e-06, 1.31399053771e-06, 5.31482100996e-07, 5.9255899032e-07, 5.08915036335e-07, 1.23444317524e-06, 1.68952382751e-07, 4.85805173867e-07, 3.07567063373e-07, 7.74894317601e-07, 5.37697303571e-07, 6.17885831389e-08, 8.65490523694e-09, 3.43736039632e-09, 1.74122716246e-09, 1.41996725489e-09, 1.80890313839e-09, 7.81899822666e-10, 7.93124010912e-10, 2.23359844509e-10], "mean": [0.000100585064502, 0.000991008942947, 0.00165518408176, 0.00223466521129, 0.00295807467774, 0.00270739383996, 0.00145982648246, 0.00176600064151, 0.00099447357934, 0.000715141650289, 0.000644659565296, 0.000554669066332, 0.00058827130124, 0.000247027230216, 0.000454025459476, 0.000362940918421, 0.000741326715797, 0.000713048735633, 0.000342014362104, 0.000149892424815, 9.4351140433e-05, 6.49880166748e-05, 4.46429003205e-05, 4.72159808851e-05, 3.16164478136e-05, 2.02677874768e-05, 7.24568690202e-06], "dvar2": [4.88146145727e-09, 2.37351059695e-06, 6.69124437991e-06, 2.63391411863e-05, 1.32148379635e-05, 8.49853677209e-06, 3.55830138687e-06, 7.39888946555e-06, 2.6015277399e-06, 1.16903254366e-06, 1.13570717986e-06, 1.12301927402e-06, 2.47357206717e-06, 3.70136461925e-07, 9.08488743789e-07, 6.71601242175e-07, 1.56042108301e-06, 1.10537496312e-06, 1.38971998354e-07, 2.04092582834e-08, 8.22820744872e-09, 3.89835186354e-09, 3.58466079042e-09, 4.54566650987e-09, 1.80620196577e-09, 1.72647651731e-09, 5.171977846e-10], "min": [6.70490650063e-25, 8.41734603216e-25, 8.4510146156e-25, 8.97134726868e-25, 9.37327604141e-24, 2.75285634651e-24, 7.83967443254e-24, 1.20501343172e-23, 1.53569240582e-23, 1.55469212072e-23, 1.45474470621e-23, 1.37616942688e-23, 2.9573934642e-23, 2.80481703662e-23, 4.81852239008e-23, 5.35856678392e-23, 7.65150333874e-23, 9.78377669507e-23, 1.22064549942e-22, 1.46777593105e-22, 2.4117976984e-22, 3.21542860412e-22, 3.8712860461e-22, 5.86663511117e-22, 8.7615552093e-22, 1.33723076035e-21, 1.87504356135e-21], "var": [3.36800742851e-09, 1.44000068758e-06, 4.29784995504e-06, 1.12195230031e-05, 1.13824535219e-05, 1.41359014378e-05, 4.43243470727e-06, 1.082360086e-05, 4.3228674258e-06, 1.2999204273e-06, 2.09959034692e-06, 1.16156138574e-06, 4.16526700064e-06, 3.51180545977e-07, 1.44701891713e-06, 8.05221304745e-07, 2.3119580419e-06, 1.75444017714e-06, 2.13531833992e-07, 3.19853121766e-08, 1.45678571428e-08, 7.93175392033e-09, 4.07449496365e-09, 4.58843585349e-09, 2.01439775971e-09, 1.48375467468e-09, 3.15563158937e-10], "median": [8.87154601514e-05, 0.00058319728123, 0.000897032092325, 0.00107051234227, 0.00180642039049, 0.00110771530308, 0.000623531872407, 0.000612454896327, 0.000363383587683, 0.000308823655359, 0.000172026499058, 0.000193319050595, 0.0001114885672, 7.81982162152e-05, 9.41771286307e-05, 8.19735651021e-05, 0.000136207294418, 0.000186159391887, 0.000187277924852, 9.52273621806e-05, 5.86604546697e-05, 3.61804159184e-05, 2.34136550716e-05, 2.452217268e-05, 1.6542378944e-05, 7.44049248169e-06, 1.41806253851e-06]}, "melbands_kurtosis": {"dmean": 5.69318199158, "dmean2": 9.31280994415, "max": 794.874206543, "dvar": 212.0652771, "mean": 11.8875732422, "dvar2": 622.75769043, "min": -1.60762774944, "var": 556.298583984, "median": 6.94290161133}, "erbbands_crest": {"dmean": 2.34806132317, "dmean2": 3.78327274323, "max": 32.2072906494, "dvar": 5.20535516739, "mean": 9.21310424805, "dvar2": 12.5969543457, "min": 2.33984088898, "var": 22.1369438171, "median": 7.91535234451}, "melbands_skewness": {"dmean": 0.632161021233, "dmean2": 1.00391983986, "max": 22.5953826904, "dvar": 0.436659216881, "mean": 2.350918293, "dvar2": 1.09255862236, "min": -1.77443814278, "var": 2.15505814552, "median": 2.16522526741}, "spectral_energyband_middle_low": {"dmean": 0.00443554064259, "dmean2": 0.0069767544046, "max": 0.0877570211887, "dvar": 2.47196348937e-05, "mean": 0.0124315861613, "dvar2": 6.0242266045e-05, "min": 1.72892700844e-22, "var": 7.65514851082e-05, "median": 0.0106046609581}, "spectral_contrast_coeffs": {"dmean": [0.0543204396963, 0.0491723939776, 0.0390721894801, 0.0326758846641, 0.0236693564802, 0.0150068039075], "dmean2": [0.0899326205254, 0.0802457407117, 0.0630939826369, 0.0519465655088, 0.0373166874051, 0.0244679730386], "max": [-0.27037575841, -0.351021587849, -0.495538115501, -0.449578016996, -0.534996807575, -0.641485393047], "dvar": [0.00188741611782, 0.0015726077836, 0.00100949069019, 0.000894428754691, 0.000515389139764, 0.000181086492375], "mean": [-0.603825390339, -0.716631770134, -0.765149772167, -0.781138420105, -0.773391544819, -0.782243490219], "dvar2": [0.00516350846738, 0.00397232128307, 0.00249489955604, 0.00197291746736, 0.00103231077082, 0.000456245179521], "min": [-0.980508089066, -0.980833232403, -0.984982788563, -0.983714640141, -0.981298804283, -0.977030813694], "var": [0.00781546998769, 0.00723785534501, 0.00431639002636, 0.00527083221823, 0.00392210809514, 0.00138223869726], "median": [-0.604336619377, -0.721296489239, -0.770355939865, -0.79973334074, -0.78318464756, -0.778779149055]}, "spectral_contrast_valleys": {"dmean": [0.412546724081, 0.3726760149, 0.328293144703, 0.315183401108, 0.22059635818, 0.263822942972], "dmean2": [0.678950667381, 0.609855115414, 0.525267004967, 0.491722434759, 0.339352756739, 0.393339604139], "max": [-5.88535690308, -4.98644256592, -5.31323671341, -5.8126282692, -6.16908693314, -8.25543498993], "dvar": [0.126683861017, 0.106935679913, 0.087552703917, 0.0942392870784, 0.0576189681888, 0.0962352454662], "mean": [-7.72613716125, -6.75215101242, -7.48383712769, -8.12727928162, -7.79715633392, -10.3330154419], "dvar2": [0.310152441263, 0.252108961344, 0.195557788014, 0.204663127661, 0.114188402891, 0.20921972394], "min": [-28.2591228485, -28.1855640411, -27.7226676941, -27.9190101624, -27.5868721008, -27.4054450989], "var": [3.98184609413, 4.222615242, 4.01778316498, 3.8578042984, 3.89230465889, 3.09814715385], "median": [-7.40690660477, -6.47983407974, -7.20007371902, -7.85859775543, -7.47847223282, -10.1160430908]}, "silence_rate_20dB": {"dmean": 0, "dmean2": 0, "max": 1, "dvar": 0, "mean": 1, "dvar2": 0, "min": 1, "var": 0, "median": 1}, "silence_rate_30dB": {"dmean": 0, "dmean2": 0, "max": 1, "dvar": 0, "mean": 1, "dvar2": 0, "min": 1, "var": 0, "median": 1}, "spectral_strongpeak": {"dmean": 0.566241502762, "dmean2": 0.94386947155, "max": 14.1773891449, "dvar": 0.987055361271, "mean": 1.09228408337, "dvar2": 2.38761162758, "min": 0, "var": 1.97683060169, "median": 0.61512362957}, "spectral_spread": {"dmean": 543890.125, "dmean2": 845686.4375, "max": 42635388, "dvar": 542764957696, "mean": 4857116.5, "dvar2": 1154170880000.0, "min": 1397590.75, "var": 12919931666400.0, "median": 4321496}, "barkbands_flatness_db": {"dmean": 0.0191890373826, "dmean2": 0.0297713913023, "max": 0.393032670021, "dvar": 0.000314673117828, "mean": 0.118032701313, "dvar2": 0.00074093893636, "min": 0.0185967609286, "var": 0.00194745452609, "median": 0.111609295011}, "pitch_salience": {"dmean": 0.0683925375342, "dmean2": 0.112487845123, "max": 0.888583958149, "dvar": 0.00333383493125, "mean": 0.587087094784, "dvar2": 0.00887048430741, "min": 0.0687670409679, "var": 0.0102101908997, "median": 0.594461023808}, "erbbands_kurtosis": {"dmean": 1.10142707825, "dmean2": 1.72690021992, "max": 61.6802368164, "dvar": 4.78867912292, "mean": 0.898389816284, "dvar2": 12.3742380142, "min": -1.78738224506, "var": 14.2065868378, "median": -0.305888414383}, "average_loudness": 0.864230334759, "barkbands_crest": {"dmean": 2.34046435356, "dmean2": 3.87656402588, "max": 26.5315532684, "dvar": 4.18431186676, "mean": 9.04565811157, "dvar2": 11.0469589233, "min": 2.41854786873, "var": 12.1103448868, "median": 8.41929912567}, "hfc": {"dmean": 4.34556818008, "dmean2": 6.28320550919, "max": 153.361297607, "dvar": 41.0079154968, "mean": 17.1805419922, "dvar2": 73.6552047729, "min": 1.07768643771e-16, "var": 226.913467407, "median": 12.5567274094}, "barkbands_kurtosis": {"dmean": 2.8005361557, "dmean2": 4.52233791351, "max": 639.99005127, "dvar": 58.1796264648, "mean": 5.15498352051, "dvar2": 162.014312744, "min": -1.82289290428, "var": 313.953094482, "median": 2.0438041687}, "erbbands": {"dmean": [0.00952260848135, 0.190532267094, 0.980200052261, 4.01160669327, 5.26158761978, 6.04224300385, 7.85039234161, 10.0305376053, 10.9321746826, 12.966796875, 21.8340435028, 12.1183319092, 11.192401886, 11.10115242, 15.2520751953, 13.9971475601, 14.6173734665, 9.04277992249, 8.26221179962, 11.641708374, 10.8511018753, 18.5048751831, 18.918718338, 8.32068157196, 6.01280736923, 2.37140631676, 1.76195180416, 1.16386544704, 0.884903252125, 0.615394890308, 0.608243703842, 0.485140711069, 0.373528152704, 0.191547140479, 0.108821690083, 0.0461001545191, 0.0241305753589, 0.00824037753046, 0.00100321311038, 4.1522020183e-05], "dmean2": [0.0154702626169, 0.302866399288, 1.58405518532, 6.82483625412, 8.63830566406, 10.057518959, 12.8943080902, 15.7154006958, 16.8463497162, 20.6049480438, 34.4872207642, 18.5249900818, 17.2985267639, 17.4035053253, 22.9251880646, 21.8989753723, 22.4343090057, 13.9796733856, 12.7101202011, 17.4821472168, 16.4808444977, 28.1712741852, 28.3945465088, 12.7187690735, 9.48530387878, 3.79001402855, 2.8489408493, 1.87194859982, 1.40424501896, 0.974429428577, 0.993024349213, 0.777758359909, 0.601912379265, 0.303933650255, 0.169528543949, 0.0705131217837, 0.0373810082674, 0.0128763904795, 0.00155789440032, 6.34927127976e-05], "max": [0.260133117437, 4.52008628845, 19.6221656799, 121.494926453, 143.846755981, 169.894851685, 286.852508545, 323.896392822, 442.555786133, 555.228820801, 1508.53564453, 970.177307129, 490.270294189, 649.495910645, 891.019287109, 689.148864746, 2070.77856445, 794.847839355, 573.099121094, 923.690856934, 551.197875977, 1817.42004395, 908.845214844, 353.638397217, 375.143371582, 79.4793701172, 171.408966064, 89.6464385986, 73.06199646, 42.7764396667, 33.9601631165, 29.3606815338, 15.0449752808, 8.6578245163, 8.1242980957, 2.41624855995, 1.09655034542, 0.338323056698, 0.0464907549322, 0.00145143386908], "dvar": [0.000223713650485, 0.0732244253159, 2.0243833065, 41.8450393677, 60.4272956848, 86.0623321533, 216.00088501, 281.373016357, 347.113189697, 596.814758301, 1977.49121094, 574.250366211, 455.922088623, 561.209289551, 1179.35900879, 846.509338379, 2483.34326172, 520.802062988, 441.916290283, 864.822570801, 618.960998535, 2416.98217773, 1849.1262207, 231.829315186, 160.70022583, 11.9030389786, 8.82644367218, 3.77911520004, 2.59212327003, 1.34318518639, 1.35684657097, 0.884785950184, 0.556781709194, 0.114619895816, 0.0455175712705, 0.0090209748596, 0.00335034774616, 0.000438401009887, 6.72962823955e-06, 9.12028674804e-09], "mean": [0.0153875397518, 0.284251749516, 1.57107114792, 5.48129844666, 8.26350498199, 9.83615016937, 14.7422542572, 21.7114696503, 24.4447345734, 25.7637996674, 40.1704750061, 23.769411087, 21.6387386322, 20.1367206573, 29.9778060913, 25.1543598175, 27.0703411102, 16.1756591797, 16.1860160828, 23.9935894012, 23.6772994995, 39.3514823914, 44.0891304016, 21.3792953491, 15.24958992, 6.80633306503, 4.53935146332, 3.10129380226, 2.33907008171, 1.56021809578, 1.30443012714, 1.04569101334, 0.748205780983, 0.388949900866, 0.208895847201, 0.0848298668861, 0.0377092882991, 0.010897602886, 0.00125106680207, 7.20458410797e-05], "dvar2": [0.000592390133534, 0.18465539813, 5.03195238113, 113.424064636, 152.694015503, 229.351074219, 570.350891113, 641.018981934, 756.922119141, 1441.20690918, 4578.59033203, 1198.41564941, 965.908630371, 1249.95727539, 2232, 1899.38342285, 4953.52978516, 1071.22314453, 881.782653809, 1674.90588379, 1274.07409668, 4947.95263672, 3610.2824707, 490.462677002, 362.493591309, 29.5013961792, 20.5890350342, 9.2427148819, 5.91233825684, 3.06984329224, 3.5895922184, 2.1988697052, 1.42207324505, 0.27692937851, 0.105916932225, 0.0192782171071, 0.00743780564517, 0.00101844361052, 1.55328543769e-05, 2.08486312658e-08], "min": [9.84628918864e-23, 2.53413601463e-22, 2.05151777906e-21, 4.33854050241e-21, 6.56974832537e-21, 2.59306371725e-20, 4.3736735449e-20, 3.60809559288e-20, 9.0428250519e-20, 1.0574223294e-19, 2.99945616279e-19, 3.3911277338e-19, 6.98800423726e-19, 6.89724132756e-19, 1.0794996507e-18, 1.1716747645e-18, 1.71109164966e-18, 1.94138731419e-18, 2.51014450247e-18, 2.96609596869e-18, 3.13753680206e-18, 5.18556796313e-18, 5.9668991951e-18, 6.68486797856e-18, 8.07371539398e-18, 8.07525146838e-18, 7.73517683904e-18, 1.03651339037e-17, 1.13335779398e-17, 1.02585533362e-17, 1.17531884665e-17, 1.04120813666e-17, 8.23969745569e-18, 7.90973841807e-18, 6.63575082097e-18, 4.23300703564e-18, 2.35545490368e-18, 8.99356050106e-19, 2.5514225728e-19, 2.52251716634e-20], "var": [0.000386543310015, 0.113570228219, 3.65242767334, 51.523273468, 110.680519104, 157.808456421, 692.55456543, 1045.10766602, 1451.61291504, 1880.15942383, 6080.23388672, 2039.58618164, 1282.59619141, 1193.36816406, 4634.7421875, 1980.28503418, 8357.98632812, 1210.85009766, 1232.56311035, 2643.44848633, 1979.9519043, 6391.77392578, 6350.27832031, 876.381896973, 507.811309814, 57.6071090698, 37.4982795715, 14.4335680008, 11.3184118271, 5.83098888397, 3.2112288475, 2.46390676498, 1.13960433006, 0.273555576801, 0.109813824296, 0.0205108262599, 0.00583519088104, 0.00062938965857, 9.4757979241e-06, 1.34166073806e-08], "median": [0.0090948799625, 0.171696066856, 0.89674860239, 3.07660245895, 4.74199295044, 5.60723018646, 5.56335783005, 8.74413013458, 10.1139936447, 11.3731117249, 14.2209558487, 10.430270195, 9.90235328674, 9.34607887268, 9.7449760437, 9.42760276794, 6.43759965897, 6.30796766281, 5.15938472748, 5.44221687317, 5.56642818451, 8.68274688721, 9.72634124756, 11.0512247086, 8.48512935638, 4.48762893677, 2.87478876114, 1.87830615044, 1.32081580162, 0.818155944347, 0.697761118412, 0.538217544556, 0.388175189495, 0.210081085563, 0.10147280246, 0.0369836688042, 0.0128428535536, 0.00267493678257, 0.000255712802755, 4.00398021156e-05]}, "spectral_energy": {"dmean": 0.00582630373538, "dmean2": 0.00889253709465, "max": 0.0986566245556, "dvar": 3.89894048567e-05, "mean": 0.0206906162202, "dvar2": 8.59276478877e-05, "min": 1.02319769924e-20, "var": 0.000158804337843, "median": 0.0186951179057}, "zerocrossingrate": {"dmean": 0.00858895294368, "dmean2": 0.0107667613775, "max": 0.5263671875, "dvar": 9.14288975764e-05, "mean": 0.0619444809854, "dvar2": 0.000145499376231, "min": 0, "var": 0.00227994448505, "median": 0.0546875}, "spectral_energyband_high": {"dmean": 0.000119084797916, "dmean2": 0.000182657895493, "max": 0.00465190177783, "dvar": 3.14948209734e