{"metadata": {"audio_properties": {"downmix": "mix", "bit_rate": 0, "lossless": true, "md5_encoded": "1a30b47ce2ea3f48a30f9c76c5c518bc", "analysis_sample_rate": 44100, "sample_rate": 44100, "replay_gain": -7.47461509705, "equal_loudness": 0, "codec": "flac", "length": 401.559997559}, "tags": {"releasestatus": ["official"], "musicbrainz_albumid": ["6029c30d-c7f4-4ca6-aa6d-52c62ba41edd"], "musicbrainz_recordingid": ["9531d64d-a1ed-4eca-952c-9c1a0dc5d116"], "tracknumber": ["11"], "artist": ["Speedy J"], "acoustid_id": ["256ed865-1140-47ba-a777-4e2e8df8b453"], "composer": ["Jochem Paap"], "barcode": ["5016025682683"], "totaltracks": ["11"], "originaldate": ["2000-04-10"], "albumartist": ["Speedy J"], "producer": ["Jochem Paap"], "releasetype": ["album"], "media": ["CD"], "compilation": ["0"], "musicbrainz_albumartistid": ["734fa82c-864e-468b-bee4-944cb4b1952b"], "file_name": "11. Speedy J - Manhasset.flac", "bpm": ["89"], "tracktotal": ["11"], "musicbrainz_artistid": ["734fa82c-864e-468b-bee4-944cb4b1952b"], "catalognumber": ["NoMu 074 CD"], "albumartistsort": ["Speedy J"], "script": ["Latn"], "label": ["novamute"], "releasecountry": ["GB"], "album": ["A Shocking Hobby"], "date": ["2000-04-10"], "title": ["Manhasset"], "language": ["eng"], "discnumber": ["1"], "artistsort": ["Speedy J"], "disctotal": ["1"], "acoustid_fingerprint": ["AQADtEkSSUuiKEqGwzLxQu1xnDh-ODX0THh7-MRx4cKH5_DxE7WE56hnwp_xHz8k5jocE8c_nLghHrWRHZUJa8fd48fh4x7Yb_iPZ8oL50M7XCjXFM0znEJ-PJ-gH0co6XAkfDtyyvCW4vBf6D3sFNxxHJQM_PCB40dKH8fhGwd-5CAl6EhxBgfvDIdz5Mcr6IJ_4JmPH04U8ESOH-kn4RCPp9qRjfBz7Dt8avgE98STIxTk9kGsl_jRjDtqyjgu8WjHDKOYw3qooHImCZfx4EKP5jqOP5gU7RTcaMd1-EX4Fdpz3EdqPYX_oMfxbehz5Cb0H32OiG6HPwTC9TgsHw92HCmNA8cZ4IIjDxd-JDZj5DgufIYpH8e7o76Rkzi0C-6oooyO6-gxPkmgKU0-8HgOxXqCZguP2gl0Bt_Q5IqKSEq6o9YT2FoUsIl45Cd2qB_CJObxEz966TjMXJgcRfiHUPEHCj2FH1eRK0rQD35RPXjKPAFPlFKO58B5pF8gouVxXfgTo6lPaA_yoDl68EtwXcLYPgitdkj44yiLffge_ELTI9mRXSqOenjxc_iN5-iF9ki4I8Rx7-heuM2JHxfw4zQ8ncgP5ccrfJiU4jr-IWzEoJnSo0emHz0T3Nnx5FKgJ6sivDl4EVp2tDeedIFCH_2HZtyHqXxwGW4OjeAuoYpOIswrXMdvXItQLzMacgd-CWSkckL1FdeOC5fw8yjL4wj0C7mO-ziIBy-yxNqPunqgE_3RPEoCbj_uo1EUoyvCH_-D1g-uY09QDw3x47gu7J7RMkhoHiHFbzj4431QmUfzKHiO4z3KXBly46yw9XigyM5xPAcbH6X0YF4NM5OgW-g5hOyDKdI6_DlYyXgxUS_M6jicWCV6hgueTbiOMDs0LwnyYCeukri4DIyEBjeeBddyHL3hOCMzdM-FmxVOPNFRO0e6I-EP5sdxBd_wExePHkn2HKF1XPLRPGRQTviMYxKdTfBI4sgJ8RM-iLuRR7BO9PiO2iMss8OPW8hxVcEZiEMoUh6qPByaMjiPZj_aH_9xEz0b5PDRF9JSHKeCtnKCjTySO8cPrzumg0sb_EmYGNMlCaVetMmDhPsQ6kT3LWjyo8_S4JQMX7jQ59gPngiVV4Pzo2-MD3mUG0fzHD04n7j-YKSu4EJ747h-9Mih_Mj1ErnyBEyWAzqP8CR2--iFZgmBZ8QpDkcyHeGUhDneoPB1JNG8IMeTC7WYDs2PLxUOxoPdHOGhnxNyJh9--HQWHE1SWuizIGTG1GhG6YKuFzmno_nR68j1QKKO54ie4SE8Zflx42kwnQn8oW-PJ9GQqDrydbizPMOk_LiJq8YzHd4xoT_RPDjx7GD0ZWiO40P4BUx-VESTzNlxDvkufDP64zv8wz9OGlUUHBct5IL25EgryfjBSMcTnsfIG70--B-Ka3hQPkGTqRbCMRma44l-9EVzXMtxVBeazcRr6MnRvMe1B2nQiRIuSTiP_0EtBl4_occdo0lYYxIV5Ay0C1N-3BXx8IWjGw-T5YRYSYce4f8RJju6MMf9YErdo09Y8MaVHUPiPBzin3hmoXfhKRM-HNsVHEGVhwfH9PiI5kWv4OBl3Kj4CVQiDjmPUip6HYfPwfuDHkmH3D8YKj-a8PiCI76PDtcNydmgz9g--MefHV2hHn8o_IqIj9ByhJKUBVfE42i2oi_O7OgDt0GsWxCVRgi1B2eGoz-ehJNwGhZ6_A2u53jeFVeSo7lyoleO5EEuNPkVTEpx5XiO5kmOWtKPFzdIPYh1JDuDphuNN8e647h0fDrCDMlntMwwHU_04T78meizCDyRLLtM5B8ciTI6Zsa5CH2OZsfxID96OtCj4IS89PhRKXiAUEwupNUnHFHxHJ6MPomC80bP4zpSSoOuB8GtFP6OsMHL44RO45dVNB-0SSHOPLgf4TDO4ll0HLWPB19miEl-5EOJM8V3NCOPastx7EJaRYeaDzF3Bcc1Bf1eNE0v0MOYMBeamKHwi0PCHXmSo5lE_MsY3Mf_oyeapkGu5EiGZswc7Jfx45lInEkeHIn0IR_A87iPjj3-I1egS92RD49A5Ue3I2Y0NHugtcePfnkCN0-M6xhl4wwscQ0q8agvPDz0DL3waUdzBr0s_HDa4PiHHw1_aJRC5Beao2TxTMFD9MVDI-F55DwunE3x4-NwTnAuRNqPpE2_4ceJ82DeuHB9TM-FP4hTJUdyPLiEa8adBreJBz_S5FGRdCOFXQImPxSaRif-45YydFYQJvIJPUcu9DyaK6OQQ1eSHGkWZ3g6UXjR5A_6MAueaKgVhdgio3_ApVeCv7hy5AmaE1qrEPGPO1dwn2iaBseFR0dbIf7wZbgeMJGkwd2DknjRHe4O_TB1XD_iHCiPNovS4lE-HD2DawavB81Q7UH8Ismp4GEWNFmUS_iVAsYcM-IpIYQFyCAgFQCKEWIAAIAYZJgSSgDhhIKGACQEACIQ6ZQRjgkjmAQCUM6sEcJZZoRSCEHmnHFYQmiNMUYARBAlAAkAAABAEcEAAIYJRQQhCDEEBAFWAAIUUQYJBAimUAAFCBBCCWSdmNYBI0IBEoxnJDCOgAyQEcB4wpQQRhgBhLFQEGWYAOAACIQFSBjhAKAGIWqEQEYpQDgghAggkKTIKAK1sUYRQoQzEoABDAIAEm8EUoJaB5xxgAAjgAAKKAQgAMIAYIgBgEGBgFHAIAVAMcAAqpRRBIBKBQBQYAAAggQQAgSTgigRnCAGGCIMFFCRQgF1VAkAADLAGQeAAgwIxwgxDgiKiHCNAGAMYUI4gmQiRhGBAUNMIAOeAogwwhwygFBgoBMCGkCMosR4AAgzBhGmABAACYcAEEQgIATiwhDBDEHKECEAIQooAphiSBgjFESACAEoMxQgAjQyCDiKFDFCMCCgAAoYwwAgQmHKjCEAAAWFIIYBwAhFSElEEAUIILEIYsIIgxhwRBKBgEMgIOacAAAAAghjQCkBGBCERGYQEMQQQYABQCBlFDCGCAAcIwQAAIAhAAApDGEMOeGFAEgRhCxQDAikCFAACCSYI0kAAQQiAABEgFFECwAEAYAAIhZBQAgIBDCAAEAMQx4ARBUjRgACmBNAYsAUIoYAAywgRBABlIKsSEM0cEQ5I0iBAEAhCAKMCAKQQUJQIhAQjAgiFBKEAAEAIQZZAIoRAjggiARAIACEUcYYYwQAwAICBJAAAEIAYSAQIxwRBCBkGFKKQEsgEAZSZpQCTiFlBGCACOMEBYAIIgARhjAgBACGMUIUYhAyQoFwCAABnBeEQCAFN0AgggQzyBFAmBBAIMac8wgJRhCgjChBlGJEKGCgFYAQBQ"], "musicbrainz_releasegroupid": ["98eab861-b8ec-33b9-a4af-09651465199f"], "totaldiscs": ["1"], "genre": ["Ambient, Electronic, Post-Industrial"]}, "version": {"essentia_build_sha": "70f2e5ece6736b2c40cc944ad0e695b16b925413", "essentia_git_sha": "v2.1_beta2", "extractor": "music 1.0", "essentia": "2.1-beta2"}}, "tonal": {"chords_scale": "minor", "hpcp": {"dmean": [0.0273049976677, 0.025572091341, 0.0243815146387, 0.0286699607968, 0.0363429896533, 0.0963698923588, 0.168481811881, 0.151282712817, 0.150360539556, 0.0908518210053, 0.0870754346251, 0.0667025074363, 0.032760925591, 0.024827843532, 0.0367631092668, 0.0748417675495, 0.0752866864204, 0.0423233881593, 0.0418053120375, 0.0503106750548, 0.0699559152126, 0.115517176688, 0.119083493948, 0.105303831398, 0.0905902832747, 0.0437975712121, 0.0248406883329, 0.0522352494299, 0.0609550401568, 0.0467342883348, 0.0773303359747, 0.0800034925342, 0.0462067164481, 0.0339778363705, 0.0247179996222, 0.0182559210807], "dvar2": [0.00593489874154, 0.00694947596639, 0.00690035521984, 0.0117855435237, 0.0197201240808, 0.0552551671863, 0.0799555853009, 0.0764258131385, 0.0917743071914, 0.0727025195956, 0.0673672556877, 0.052164118737, 0.0249856822193, 0.0185863524675, 0.0151271643117, 0.0345210470259, 0.043566711247, 0.019902812317, 0.0249823834747, 0.0348925963044, 0.0421822741628, 0.0685140490532, 0.066312931478, 0.070710554719, 0.064423635602, 0.0198991056532, 0.00791450403631, 0.0165059808642, 0.0233516804874, 0.0133120054379, 0.0333063416183, 0.037023935467, 0.0154026607051, 0.0113335261121, 0.00776007445529, 0.00392220215872], "mean": [0.0510505177081, 0.0458433404565, 0.0395409800112, 0.0466413088143, 0.0479439012706, 0.119874969125, 0.491534113884, 0.581956923008, 0.262203752995, 0.188608676195, 0.166793733835, 0.0747186467052, 0.0364766158164, 0.0292234588414, 0.0585143119097, 0.163152560592, 0.167556136847, 0.06775521487, 0.0598610267043, 0.0709109529853, 0.0951388701797, 0.27399840951, 0.334512531757, 0.258888453245, 0.218592256308, 0.0992153659463, 0.0407528504729, 0.102843388915, 0.116438679397, 0.0786365196109, 0.166072651744, 0.177270546556, 0.0782626271248, 0.0697686895728, 0.049504108727, 0.0314421989024], "var": [0.00638725887984, 0.00660080136731, 0.00439099268988, 0.00808395911008, 0.0110981697217, 0.0201081670821, 0.114686995745, 0.140143960714, 0.0494661070406, 0.099321834743, 0.0796252340078, 0.0176835786551, 0.00704415794462, 0.0048550744541, 0.0072746402584, 0.0536228455603, 0.0674846321344, 0.0104686487466, 0.0142247583717, 0.0221999064088, 0.0177956353873, 0.0929348021746, 0.123543426394, 0.0906804203987, 0.0999649986625, 0.0235583055764, 0.00571427866817, 0.022038044408, 0.0307944342494, 0.00796690024436, 0.0541320443153, 0.0629059001803, 0.00864866282791, 0.0154012069106, 0.0078456113115, 0.0021620397456], "dmean2": [0.0441825091839, 0.0415717698634, 0.0400664769113, 0.0473220795393, 0.0632852464914, 0.169232025743, 0.280367970467, 0.250475406647, 0.259235799313, 0.155799761415, 0.148371547461, 0.118287235498, 0.0591080375016, 0.043973326683, 0.0612698793411, 0.122333742678, 0.124864250422, 0.0711054131389, 0.0714594721794, 0.0870739519596, 0.120768919587, 0.193777039647, 0.19495202601, 0.17774438858, 0.150815010071, 0.0722619593143, 0.0410100333393, 0.0824887081981, 0.0964005216956, 0.0787043944001, 0.124153569341, 0.128385752439, 0.0791627019644, 0.0560914054513, 0.0402064062655, 0.0306400470436], "dvar": [0.00242298329249, 0.00280527537689, 0.00258803367615, 0.00455258134753, 0.00756396120414, 0.0190092455596, 0.0317017622292, 0.0341166444123, 0.0320574529469, 0.029110589996, 0.0262113474309, 0.0180549081415, 0.00894318614155, 0.00650107208639, 0.0055510927923, 0.013646826148, 0.0175581034273, 0.00746415322646, 0.00941965449601, 0.0134920096025, 0.0156745575368, 0.0261866617948, 0.0278148949146, 0.026419904083, 0.0260889530182, 0.00794069468975, 0.00306468247436, 0.00725558539852, 0.0104476753622, 0.00474155694246, 0.0139593100175, 0.0159182474017, 0.00501162232831, 0.00458478322253, 0.00308451778255, 0.00140078517143], "min": [0, 0, 0, 0, 0, 0, 0, 0, 0, 0, 0, 0, 0, 0, 0, 0, 0, 0, 0, 0, 0, 0, 0, 0, 0, 0, 0, 0, 0, 0, 0, 0, 0, 0, 0, 0], "median": [0.0246020555496, 0.0235071852803, 0.0192269682884, 0.0181203410029, 0.0150450132787, 0.0707969963551, 0.489749193192, 0.608735442162, 0.210929870605, 0.0225010085851, 0.0326159670949, 0.0247574876994, 0.0144902002066, 0.0120093971491, 0.0303018502891, 0.0660438984632, 0.0592744797468, 0.027899697423, 0.0209127087146, 0.023647647351, 0.0494595393538, 0.143429279327, 0.179483473301, 0.121026434004, 0.046917129308, 0.0251948423684, 0.0173713117838, 0.051609583199, 0.0561912916601, 0.0469512678683, 0.064584851265, 0.0667517483234, 0.0441118851304, 0.0221400558949, 0.0185588933527, 0.0172882936895], "max": [1, 1, 1, 1, 1, 1, 1, 1, 1, 1, 1, 1, 1, 1, 1, 1, 1, 1, 1, 1, 1, 1, 1, 1, 1, 1, 1, 1, 1, 1, 1, 1, 0.949773609638, 1, 1, 1]}, "tuning_equal_tempered_deviation": 0.188545897603, "chords_key": "E", "chords_strength": {"dmean": 0.00630734395236, "dvar2": 0.000268179806881, "mean": 0.505008757114, "var": 0.0103061245754, "dmean2": 0.00565974181518, "dvar": 0.000270817195997, "min": -1, "median": 0.49301058054, "max": 0.798523426056}, "tuning_diatonic_strength": 0.541084170341, "thpcp": [1, 0.45055526495, 0.324093878269, 0.286608397961, 0.128392055631, 0.0626792386174, 0.050215844065, 0.100547499955, 0.280351608992, 0.287918448448, 0.116426512599, 0.102861613035, 0.121849142015, 0.163480952382, 0.470822483301, 0.574806332588, 0.444858461618, 0.375615864992, 0.170485749841, 0.0700272619724, 0.176719933748, 0.200081273913, 0.13512429595, 0.285369306803, 0.304611116648, 0.134481817484, 0.119886346161, 0.0850649029016, 0.0540283955634, 0.0877221599221, 0.0787744596601, 0.0679448544979, 0.0801456347108, 0.0823839381337, 0.205985978246, 0.844622850418], "chords_histogram": [43.3048095703, 11.8987045288, 20.790933609, 0, 0, 2.19703984261, 0.312210917473, 7.81683635712, 0.416281223297, 4.47502326965, 0, 0, 0, 0, 0, 0, 0.543478250504, 0, 0, 1.32978725433, 0.693802058697, 0.439407944679, 0.971322834492, 4.81036090851], "tuning_nontempered_energy_ratio": 0.948399066925, "tuning_frequency": 434.193115234, "key_strength": 0.767692506313, "chords_changes_rate": 0.0402405187488, "key_scale": "minor", "hpcp_entropy": {"dmean": 0.508773505688, "dvar2": 0.521763622761, "mean": 2.05678987503, "var": 0.466191649437, "dmean2": 0.864881157875, "dvar": 0.183609545231, "min": 0, "median": 2.10880994797, "max": 4.14551448822}, "key_key": "E", "chords_number_rate": 0.000925069383811}, "lowlevel": {"melbands_skewness": {"dmean": 0.369890421629, "dvar2": 0.299038738012, "mean": 1.7046931982, "var": 0.894446969032, "dmean2": 0.574942350388, "dvar": 0.119779929519, "min": -1.82998383045, "median": 1.61727678776, "max": 10.9152975082}, "melbands_kurtosis": {"dmean": 2.03748583794, "dvar2": 21.4845561981, "mean": 4.94228601456, "var": 43.4367141724, "dmean2": 3.18455481529, "dvar": 9.52734947205, "min": -1.84010922909, "median": 3.23823022842, "max": 158.642318726}, "barkbands_kurtosis": {"dmean": 1.06546330452, "dvar2": 5.76170492172, "mean": 1.90237784386, "var": 12.6988697052, "dmean2": 1.6564822197, "dvar": 2.60472774506, "min": -1.78837311268, "median": 0.97524523735, "max": 63.420173645}, "hfc": {"dmean": 1.79828321934, "dvar2": 18.526222229, "mean": 12.3047103882, "var": 133.041213989, "dmean2": 2.72346949577, "dvar": 8.27129077911, "min": 1.07553848127e-16, "median": 10.1814012527, "max": 101.695243835}, "silence_rate_20dB": {"dmean": 0.000115647046186, "dvar2": 0.000231232610531, "mean": 0.999768733978, "var": 0.000231205893215, "dmean2": 0.000231307465583, "dvar": 0.000115628339699, "min": 0, "median": 1, "max": 1}, "erbbands_flatness_db": {"dmean": 0.00957394484431, "dvar2": 0.000162132506375, "mean": 0.206359580159, "var": 0.00144829333294, "dmean2": 0.0147218108177, "dvar": 7.10266467649e-05, "min": 0.074325658381, "median": 0.200735911727, "max": 0.378890544176}, "spectral_flux": {"dmean": 0.0102296061814, "dvar2": 0.000443873082986, "mean": 0.0504644475877, "var": 0.00121397327166, "dmean2": 0.0168491918594, "dvar": 0.000170276354766, "min": 6.49417811194e-11, "median": 0.0485193356872, "max": 0.381214082241}, "spectral_energyband_low": {"dmean": 0.00307546230033, "dvar2": 0.000141224692925, "mean": 0.00965834129602, "var": 0.000285675516352, "dmean2": 0.00486468710005, "dvar": 5.03811825183e-05, "min": 4.56008808654e-23, "median": 0.00255266553722, "max": 0.262226432562}, "spectral_rolloff": {"dmean": 175.259475708, "dvar2": 443769.625, "mean": 1547.1229248, "var": 4145799, "dmean2": 303.365661621, "dvar": 189722.5625, "min": 64.599609375, "median": 990.52734375, "max": 20370.4101562}, "spectral_entropy": {"dmean": 0.0844102576375, "dvar2": 0.0142427012324, "mean": 7.17837810516, "var": 0.136390328407, "dmean2": 0.131202101707, "dvar": 0.00616762880236, "min": 5.50102233887, "median": 7.21472454071, "max": 9.81707572937}, "spectral_energy": {"dmean": 0.00470077432692, "dvar2": 0.000173693581019, "mean": 0.0264314450324, "var": 0.000896298035514, "dmean2": 0.00720889447257, "dvar": 6.55376716168e-05, "min": 1.02420009028e-20, "median": 0.0183689501137, "max": 0.373253762722}, "spectral_centroid": {"dmean": 89.1286773682, "dvar2": 24632.1445312, "mean": 982.901062012, "var": 387296.125, "dmean2": 137.306747437, "dvar": 11454.3212891, "min": 270.978210449, "median": 822.668579102, "max": 11445.9130859}, "barkbands_flatness_db": {"dmean": 0.011755832471, "dvar2": 0.000290349067654, "mean": 0.161963015795, "var": 0.0020490612369, "dmean2": 0.01836932078, "dvar": 0.000113231224532, "min": 0.0120250098407, "median": 0.157467931509, "max": 0.335022628307}, "spectral_rms": {"dmean": 0.000387832988054, "dvar2": 5.63526498354e-07, "mean": 0.00429557077587, "var": 7.33502110961e-06, "dmean2": 0.000588057271671, "dvar": 2.18053244794e-07, "min": 3.16104347559e-12, "median": 0.00423331186175, "max": 0.0190827157348}, "melbands": {"dmean": [0.000621664337814, 0.000553675403353, 0.00026091633481, 0.000279405328911, 0.000285298388917, 0.000188500678632, 0.00011065704166, 0.00014448192087, 0.000116614311992, 6.51864538668e-05, 8.67453636602e-05, 5.82873799431e-05, 7.46912846807e-05, 3.17115591315e-05, 2.89158633677e-05, 1.64134762599e-05, 2.00275171665e-05, 1.44940513565e-05, 1.41996979437e-05, 7.45232046029e-06, 6.16420584265e-06, 4.25473808718e-06, 3.35889671987e-06, 1.82075064004e-06, 8.20230638965e-07, 5.91293485286e-07, 3.52299593942e-07, 2.40409548269e-07, 1.50121820752e-07, 1.02722324868e-07, 6.75331079947e-08, 5.22549612469e-08, 3.72303858853e-08, 4.28892512616e-08, 3.46756969805e-08, 3.46095134773e-08, 5.863003949e-08, 2.14603304016e-08, 1.12738627323e-08, 4.62504257115e-09], "dvar2": [9.30411806621e-06, 4.40671647084e-06, 5.53461916297e-07, 7.93410947608e-07, 1.06018342194e-06, 5.44195927432e-07, 1.74339149339e-07, 2.22153801133e-07, 1.59743891004e-07, 9.01765488948e-08, 6.43381454779e-08, 7.85636871115e-08, 2.87032122515e-08, 8.94335805413e-09, 5.44265299496e-09, 1.92332505478e-09, 3.92204935196e-09, 2.4447637248e-09, 3.96323285301e-09, 9.13341291486e-10, 5.29477184319e-10, 3.70139391359e-10, 3.74209496723e-10, 1.80124415383e-10, 6.70504797518e-12, 3.57077627015e-12, 1.03849513624e-12, 7.30676966414e-13, 2.53915703567e-13, 1.27402537305e-13, 5.72283716184e-14, 2.57876012888e-14, 1.34178175772e-14, 2.05983149239e-14, 9.28569778713e-15, 7.08734701583e-15, 2.13375595404e-14, 3.32116748179e-15, 1.02203365993e-15, 1.77655194815e-16], "mean": [0.001450041309, 0.00160973833408, 0.000789308687672, 0.000836209801491, 0.000786946795415, 0.000505129806697, 0.000313142605592, 0.000353392970283, 0.000260221946519, 0.000172791042132, 0.000227244046982, 0.000139397860039, 0.000155527028255, 7.57511515985e-05, 7.19383024261e-05, 4.37926319137e-05, 4.46549747721e-05, 3.24330067087e-05, 3.78386648663e-05, 1.85339977179e-05, 1.3745774595e-05, 9.87547991826e-06, 7.47112608224e-06, 4.20170727011e-06, 2.17231468014e-06, 1.50581581693e-06, 9.33258547775e-07, 6.37317498331e-07, 3.97686505949e-07, 2.77944195659e-07, 1.9951538377e-07, 1.56298256115e-07, 1.17015851231e-07, 1.32433811473e-07, 1.2432388985e-07, 2.20095202508e-07, 4.73466883477e-07, 9.98132279051e-08, 4.36098623879e-08, 1.9828624076e-08], "var": [1.29704812935e-05, 7.96772383183e-06, 1.62116248248e-06, 2.87921193376e-06, 1.90968057723e-06, 8.9608295184e-07, 3.66408897889e-07, 5.89048340771e-07, 3.20622774552e-07, 1.16009594819e-07, 1.16799483862e-07, 7.6761175194e-08, 5.11249815816e-08, 1.94085494343e-08, 1.17432774616e-08, 4.33414903966e-09, 6.18546547315e-09, 3.15213677382e-09, 9.95824045447e-09, 1.66726976669e-09, 5.75605452191e-10, 4.06382788531e-10, 2.07160733012e-10, 1.01828823151e-10, 9.60837052283e-12, 4.11304800982e-12, 1.61305647658e-12, 9.05249237116e-13, 3.2275267528e-13, 1.71187391519e-13, 8.02237982533e-14, 4.45038699903e-14, 2.67536169542e-14, 3.6466252381e-14, 2.61365314293e-14, 5.12625457762e-14, 3.37513627073e-13, 1.9882663563e-14, 3.22760379892e-15, 6.82323367254e-16], "dmean2": [0.00101919809822, 0.000873132084962, 0.000390016386518, 0.000426097976742, 0.000440577336121, 0.000286094931653, 0.000182746254723, 0.000218760877033, 0.000173275751877, 0.000105776067358, 0.000128009851323, 9.50054673012e-05, 0.000107842359284, 4.97476066812e-05, 4.60401679447e-05, 2.64844547928e-05, 3.30522234435e-05, 2.43057220359e-05, 2.27519449254e-05, 1.22063565868e-05, 1.02419162431e-05, 7.07563413016e-06, 5.41030749446e-06, 2.94160918202e-06, 1.36141522944e-06, 9.97938514047e-07, 5.74821967803e-07, 3.96692627191e-07, 2.46911071144e-07, 1.72982240088e-07, 1.10976429823e-07, 8.63683240482e-08, 6.2466227746e-08, 7.10246865765e-08, 5.67964875131e-08, 5.01916765927e-08, 7.6269067506e-08, 3.29451594894e-08, 1.85381114903e-08, 7.7244726171e-09], "dvar": [3.14278145197e-06, 1.63208608228e-06, 2.66239794655e-07, 3.51403116383e-07, 3.99068255774e-07, 1.91865154875e-07, 5.98876610525e-08, 1.04031229853e-07, 7.34679446168e-08, 2.81791763257e-08, 2.49762930338e-08, 2.52916265708e-08, 1.44922145395e-08, 4.0603347351e-09, 2.33007035888e-09, 7.7737660753e-10, 1.65477631597e-09, 8.97431240432e-10, 1.75736625252e-09, 3.76761372101e-10, 2.1959145613e-10, 1.5453267832e-10, 1.57671820045e-10, 7.84095843809e-11, 2.80248133727e-12, 1.34725141199e-12, 4.17938497395e-13, 3.0516089872e-13, 1.01947469292e-13, 4.99989725187e-14, 2.31724141692e-14, 1.00956433968e-14, 4.86842181423e-15, 7.96761795945e-15, 3.56931425402e-15, 2.77312805931e-15, 9.10479441949e-15, 1.44998509219e-15, 3.86838994099e-16, 6.36667682592e-17], "min": [4.87349471446e-24, 1.96166120187e-24, 1.76591325685e-24, 4.76808278157e-24, 1.53463462223e-24, 3.34099001668e-24, 4.39257039676e-24, 2.21576000476e-24, 4.18563088208e-24, 2.47550172692e-24, 3.58514010026e-24, 3.31160337024e-24, 4.58921409334e-24, 5.35982233494e-24, 6.12755399524e-24, 4.23244228262e-24, 5.06386696685e-24, 3.81135385344e-24, 3.42509954969e-24, 4.56063484604e-24, 5.51565155157e-24, 5.7621686123e-24, 3.75445292192e-24, 5.52759096137e-24, 6.49484289955e-24, 6.43122955058e-24, 4.10417034399e-24, 6.10833024384e-24, 6.17288588716e-24, 5.27616994683e-24, 7.05480279691e-24, 4.42171446847e-24, 7.88232419738e-24, 6.62000317634e-24, 7.23194230204e-24, 7.34796796398e-24, 6.8322580358e-24, 7.22734087638e-24, 6.58821287072e-24, 7.67117453204e-24], "median": [0.000122163182823, 0.000421230914071, 0.000300838408293, 0.000220945643377, 0.000281662272755, 0.00017453241162, 0.000101485318737, 0.000144222314702, 7.97865577624e-05, 7.09363594069e-05, 9.78737662081e-05, 5.90005147387e-05, 7.72267812863e-05, 3.45033695339e-05, 3.68513719877e-05, 2.36212108575e-05, 2.44608399953e-05, 1.7545735318e-05, 1.39312705869e-05, 8.78308219399e-06, 7.77825516707e-06, 5.53273002879e-06, 5.11755752086e-06, 2.42817600338e-06, 1.31172180318e-06, 8.60678085246e-07, 5.0437910204e-07, 3.39421774243e-07, 2.04532454973e-07, 1.39877215588e-07, 9.44579028328e-08, 7.52962847628e-08, 5.66856215301e-08, 5.67615003888e-08, 4.72395136342e-08, 1.35457568717e-07, 2.13265494153e-07, 3.11719894341e-08, 1.69254690263e-08, 8.3653679539e-09], "max": [0.0511720590293, 0.0420530997217, 0.0207774154842, 0.0334843099117, 0.0255499687046, 0.0124756591395, 0.0083957053721, 0.0200976785272, 0.0114897703752, 0.00604409258813, 0.00530180661008, 0.00412550428882, 0.00288896262646, 0.00297464430332, 0.00173776852898, 0.000913982046768, 0.00199088756926, 0.000988271553069, 0.00201564375311, 0.00107816793025, 0.000848258088809, 0.000879781495314, 0.00111321453005, 0.000840887543745, 6.1103484768e-05, 5.76341590204e-05, 1.88324484043e-05, 2.73896712315e-05, 9.964531273e-06, 8.20949571789e-06, 7.94634888734e-06, 3.39852113029e-06, 2.17770593736e-06, 2.93328389489e-06, 1.24376902022e-06, 1.32704883526e-06, 3.29279100697e-06, 1.33665946578e-06, 4.5964671358e-07, 1.96887341986e-07]}, "barkbands_crest": {"dmean": 1.92853057384, "dvar2": 9.8052148819, "mean": 9.77260494232, "var": 13.2350940704, "dmean2": 3.1159529686, "dvar": 3.43630814552, "min": 2.81001830101, "median": 9.07925891876, "max": 25.4455413818}, "mfcc": {"icov": [[0.000213599938434, -0.000183202442713, 0.000200479495106, 5.30961733602e-05, 0.000272541539744, -0.000361528916983, 0.000472745043226, -0.000570369884372, 0.000366156367818, -9.25160638872e-05, -0.000458138936665, 0.000788619334344, -0.000526695919689], [-0.000183202442713, 0.000993913621642, -0.000401528493967, -0.000232581369346, -0.00019131944282, -0.000155476896907, -0.000942461425439, 0.00161505152937, -0.00115306524094, -0.000441003969172, 0.00098093599081, -0.000451833184343, 0.000164144468727], [0.000200479495106, -0.000401528493967, 0.00359163666144, -0.000436948990682, -0.00114879012108, 0.00078753742855, -0.000303245993564, -0.00270546460524, 0.00274720275775, -0.000340070953825, -0.0021568716038, 0.00260317837819, -0.00120061775669], [5.30961733602e-05, -0.000232581369346, -0.000436948990682, 0.00731495488435, -0.00275723543018, -0.000888744951226, -0.000374102179194, 0.000431525608292, -0.00259395968169, 0.00330880354159, -0.000616320467088, -5.17412809131e-06, 0.00136417697649], [0.000272541539744, -0.00019131944282, -0.00114879012108, -0.00275723543018, 0.0167651791126, -0.0102886566892, 0.0047099548392, -0.00496682198718, 0.00291284825653, -0.00312458747067, 0.00280207418837, -0.00202490924858, 0.000270840449957], [-0.000361528916983, -0.000155476896907, 0.00078753742855, -0.000888744951226, -0.0102886566892, 0.0257296767086, -0.0168203040957, 0.00598487770185, -0.000380953511922, -0.00042740337085, -0.00116512097884, 0.000349343958078, 0.00157839269377], [0.000472745043226, -0.000942461425439, -0.000303245993564, -0.000374102179194, 0.0047099548392, -0.0168203040957, 0.0297730397433, -0.0147899175063, 0.00161096872762, 0.0045247040689, -0.00664701964706, 0.00670073879883, -0.00565821351483], [-0.000570369884372, 0.00161505152937, -0.00270546460524, 0.000431525608292, -0.00496682198718, 0.00598487770185, -0.0147899175063, 0.0248911529779, -0.0123249674216, -0.000407689571148, 0.00932778976858, -0.0115689057857, 0.00848729815334], [0.000366156367818, -0.00115306524094, 0.00274720275775, -0.00259395968169, 0.00291284825653, -0.000380953511922, 0.00161096872762, -0.0123249674216, 0.0261608064175, -0.0111722229049, -0.00725708389655, 0.0110220266506, -0.00830691121519], [-9.25160638872e-05, -0.000441003969172, -0.000340070953825, 0.00330880354159, -0.00312458747067, -0.00042740337085, 0.0045247040689, -0.000407689571148, -0.0111722229049, 0.0209964998066, -0.0035788230598, -0.00387068302371, 0.00538072548807], [-0.000458138936665, 0.00098093599081, -0.0021568716038, -0.000616320467088, 0.00280207418837, -0.00116512097884, -0.00664701964706, 0.00932778976858, -0.00725708389655, -0.0035788230598, 0.018539307639, -0.0106922928244, -0.00105892994907], [0.000788619334344, -0.000451833184343, 0.00260317837819, -5.17412809131e-06, -0.00202490924858, 0.000349343958078, 0.00670073879883, -0.0115689057857, 0.0110220266506, -0.00387068302371, -0.0106922928244, 0.0194052904844, -0.00605875486508], [-0.000526695919689, 0.000164144468727, -0.00120061775669, 0.00136417697649, 0.000270840449957, 0.00157839269377, -0.00565821351483, 0.00848729815334, -0.00830691121519, 0.00538072548807, -0.00105892994907, -0.00605875486508, 0.0162883847952]], "mean": [-705.775512695, 167.447570801, -18.1974182129, 2.68083500862, 9.69148635864, 0.825545072556, -5.04106712341, 9.17202281952, -8.17104816437, 4.26747369766, -9.91175365448, 6.93189620972, -9.23626422882], "cov": [[8596.17480469, 1789.91650391, -221.448028564, -56.1804084778, -281.866088867, 155.015899658, 127.624404907, -234.243911743, 232.515563965, -9.14609241486, 183.198928833, -406.068969727, 386.830322266], [1789.91650391, 1673.28942871, 79.6700744629, 75.7022628784, -20.0311126709, 112.370361328, 99.1002883911, -92.973739624, 117.018302917, 19.5472145081, 29.8369998932, -149.202484131, 112.524734497], [-221.448028564, 79.6700744629, 381.105865479, 53.951133728, 57.2316360474, 33.0539550781, 51.8099708557, 51.094455719, -8.73055076599, -7.4941110611, 8.78182792664, -15.3425035477, -4.28413438797], [-56.1804084778, 75.7022628784, 53.951133728, 183.711410522, 52.9177818298, 45.0278778076, 37.177066803, 23.1327018738, 13.6417284012, -18.7504463196, -3.66400790215, -14.3565425873, -10.7984714508], [-281.866088867, -20.0311126709, 57.2316360474, 52.9177818298, 129.409683228, 48.6524543762, 19.2525577545, 54.7327308655, -11.4548845291, 12.6795578003, -24.6299285889, 24.8436164856, -40.2142715454], [155.015899658, 112.370361328, 33.0539550781, 45.0278778076, 48.6524543762, 104.989295959, 71.0572891235, 15.4958658218, 17.4820728302, -3.46560740471, 16.9830532074, -17.4720249176, 12.8375530243], [127.624404907, 99.1002883911, 51.8099708557, 37.177066803, 19.2525577545, 71.0572891235, 107.627120972, 39.4781341553, 31.7469787598, -9.76708602905, 26.1203174591, -19.8172359467, 27.1880493164], [-234.243911743, -92.973739624, 51.094455719, 23.1327018738, 54.7327308655, 15.4958658218, 39.4781341553, 127.415161133, 23.7156734467, 23.4763469696, -20.1045970917, 34.6757087708, -43.9673461914], [232.515563965, 117.018302917, -8.73055076599, 13.6417284012, -11.4548845291, 17.4820728302, 31.7469787598, 23.7156734467, 101.329170227, 41.2472763062, 38.6578407288, -21.1656455994, 34.4118843079], [-9.14609241486, 19.5472145081, -7.4941110611, -18.7504463196, 12.6795578003, -3.46560740471, -9.76708602905, 23.4763469696, 41.2472763062, 89.9437255859, 28.1581554413, 26.9225597382, -11.806807518], [183.198928833, 29.8369998932, 8.78182792664, -3.66400790215, -24.6299285889, 16.9830532074, 26.1203174591, -20.1045970917, 38.6578407288, 28.1581554413, 130.414276123, 42.2878189087, 59.512008667], [-406.068969727, -149.202484131, -15.3425035477, -14.3565425873, 24.8436164856, -17.4720249176, -19.8172359467, 34.6757087708, -21.1656455994, 26.9225597382, 42.2878189087, 137.39982605, -1.05819237232], [386.830322266, 112.524734497, -4.28413438797, -10.7984714508, -40.2142715454, 12.8375530243, 27.1880493164, -43.9673461914, 34.4118843079, -11.806807518, 59.512008667, -1.05819237232, 130.060852051]]}, "spectral_decrease": {"dmean": 1.21431409372e-09, "dvar2": 1.1862928864e-17, "mean": -6.70741817643e-09, "var": 5.93525581436e-17, "dmean2": 1.86405069158e-09, "dvar": 4.46028152639e-18, "min": -9.64515578517e-08, "median": -4.60353888343e-09, "max": 9.81495563348e-23}, "zerocrossingrate": {"dmean": 0.00447954423726, "dvar2": 3.71534915757e-05, "mean": 0.0525937192142, "var": 0.00318323471583, "dmean2": 0.00562860397622, "dvar": 2.77027884295e-05, "min": 0.00244140625, "median": 0.03564453125, "max": 0.52197265625}, "spectral_contrast_coeffs": {"dmean": [0.0411437936127, 0.0387725867331, 0.0325923375785, 0.0233499612659, 0.0172378867865, 0.0101703247055], "dvar2": [0.00313728954643, 0.00271213450469, 0.00178528251126, 0.000968831649516, 0.000502779905219, 0.000202614275622], "mean": [-0.635049402714, -0.726720929146, -0.763202250004, -0.797964513302, -0.789309024811, -0.784973323345], "var": [0.0106380553916, 0.00680137937889, 0.0042043835856, 0.0025388635695, 0.0010299050482, 0.000763488642406], "dmean2": [0.0688951686025, 0.0644977241755, 0.0533709228039, 0.0395101942122, 0.029033286497, 0.0169349350035], "dvar": [0.00111248181202, 0.000957353331614, 0.000662567850668, 0.000345478678355, 0.000179567548912, 8.15600069473e-05], "min": [-0.982164382935, -0.998119950294, -0.996648490429, -0.985565602779, -0.986654520035, -0.96416580677], "median": [-0.647621035576, -0.732943296432, -0.765448331833, -0.802912354469, -0.79046356678, -0.784655630589], "max": [-0.246033757925, -0.384592533112, -0.525379121304, -0.575951099396, -0.626765012741, -0.618405938148]}, "spectral_skewness": {"dmean": 0.2844376266, "dvar2": 0.285586923361, "mean": 2.31816744804, "var": 0.379736661911, "dmean2": 0.506241619587, "dvar": 0.0900609493256, "min": -0.029985902831, "median": 2.19418334961, "max": 5.8401556015}, "spectral_energyband_middle_high": {"dmean": 0.00103336374741, "dvar2": 7.09892128725e-06, "mean": 0.00459940405563, "var": 2.46186646109e-05, "dmean2": 0.00156822311692, "dvar": 2.97773931379e-06, "min": 1.05146621298e-21, "median": 0.00347231701016, "max": 0.0619994141161}, "gfcc": {"icov": [[0.000293629971566, -0.000964076956734, 0.000720725220162, -0.000712696986739, 0.000937695032917, -0.000812131969724, 0.000731260923203, -0.000636771379504, 0.000653593393508, -0.00073807471199, 0.00075977895176, -0.000641846214421, 0.000151247149915], [-0.000964076956734, 0.00568744633347, -0.00352150504477, 0.00316817662679, -0.00395049946383, 0.00382514158264, -0.00580248236656, 0.00505100330338, -0.00336025515571, 0.00242100120522, -0.00396126136184, 0.00502555118874, -0.00376465218142], [0.000720725220162, -0.00352150504477, 0.00531138433143, -0.0038680343423, 0.00291698495857, -0.00257687037811, 0.00110200617928, -0.000971180852503, 0.00104330864269, -0.000329447037075, 0.000769223028328, -0.00392779055983, 0.00281329336576], [-0.000712696986739, 0.00316817662679, -0.0038680343423, 0.0114402649924, -0.00727182300761, 0.000447675178293, 0.0021412060596, -0.00284859631211, 0.000732504704501, 0.0016722768778, 0.00174282840453, -0.000846157432534, -0.000332323019393], [0.000937695032917, -0.00395049946383, 0.00291698495857, -0.00727182300761, 0.0139737715945, -0.00432672863826, -0.00360980187543, 0.00418019015342, -0.00166253710631, -0.00109150796197, 0.000995942042209, -0.00268632196821, 0.000766662415117], [-0.000812131969724, 0.00382514158264, -0.00257687037811, 0.000447675178293, -0.00432672863826, 0.0133960489184, -0.00540969939902, -0.00204654620029, 0.000237694446696, 0.00399326859042, -0.00676231458783, 0.004498725757, 4.1834453441e-05], [0.000731260923203, -0.00580248236656, 0.00110200617928, 0.0021412060596, -0.00360980187543, -0.00540969939902, 0.022538099438, -0.0146617777646, 0.00764858163893, -0.00855923723429, 0.00943969655782, -0.00318605685607, -0.00153947179206], [-0.000636771379504, 0.00505100330338, -0.000971180852503, -0.00284859631211, 0.00418019015342, -0.00204654620029, -0.0146617777646, 0.0322533063591, -0.0215152837336, 0.00572060560808, 0.000916264252737, -0.00780274579301, 0.00642827758566], [0.000653593393508, -0.00336025515571, 0.00104330864269, 0.000732504704501, -0.00166253710631, 0.000237694446696, 0.00764858163893, -0.0215152837336, 0.0291961189359, -0.00760803744197, -0.00829511601478, 0.0155320409685, -0.00760094635189], [-0.00073807471199, 0.00242100120522, -0.000329447037075, 0.0016722768778, -0.00109150796197, 0.00399326859042, -0.00855923723429, 0.00572060560808, -0.00760803744197, 0.0134110106155, -0.00377729372121, -0.00623197248206, 0.0046943295747], [0.00075977895176, -0.00396126136184, 0.000769223028328, 0.00174282840453, 0.000995942042209, -0.00676231458783, 0.00943969655782, 0.000916264252737, -0.00829511601478, -0.00377729372121, 0.0293616726995, -0.0198909752071, 0.00696005951613], [-0.000641846214421, 0.00502555118874, -0.00392779055983, -0.000846157432534, -0.00268632196821, 0.004498725757, -0.00318605685607, -0.00780274579301, 0.0155320409685, -0.00623197248206, -0.0198909752071, 0.0395045951009, -0.019378086552], [0.000151247149915, -0.00376465218142, 0.00281329336576, -0.000332323019393, 0.000766662415117, 4.1834453441e-05, -0.00153947179206, 0.00642827758566, -0.00760094635189, 0.0046943295747, 0.00696005951613, -0.019378086552, 0.0272455941886]], "mean": [-69.6385269165, 137.077789307, -134.777130127, 11.219288826, -51.319190979, 15.3124275208, -39.9685440063, 3.04547810555, -11.6990480423, -15.5602684021, -1.28714740276, -8.07661819458, -5.24613380432], "cov": [[10818.7636719, 2073.0480957, -414.281219482, -166.770721436, -6.66881227493, -78.6160202026, 357.41784668, -126.291404724, -47.7812194824, 402.419311523, -101.71408844, 59.3313865662, 302.945739746], [2073.0480957, 1718.13818359, 241.827606201, -204.25402832, 273.104187012, -148.498123169, 308.209197998, -175.661132812, 61.7482566833, 114.855201721, 2.13794445992, -36.2965698242, 220.912414551], [-414.281219482, 241.827606201, 470.30380249, 111.984901428, 88.8477630615, 56.8170280457, 55.3940925598, 3.7119846344, -2.35746359825, -22.6130180359, 34.9075508118, 35.002872467, 7.40138816833], [-166.770721436, -204.25402832, 111.984901428, 228.408340454, 56.0253715515, 80.2442092896, -20.910030365, 45.9564819336, -21.3479366302, -40.8031730652, -3.75452494621, 27.6441898346, -28.1029472351], [-6.66881227493, 273.104187012, 88.8477630615, 56.0253715515, 200.998199463, 30.3530349731, 94.0052185059, -17.4935855865, 12.3175563812, 19.4160175323, 4.81735467911, 8.91335201263, 38.218788147], [-78.6160202026, -148.498123169, 56.8170280457, 80.2442092896, 30.3530349731, 159.179885864, 19.2434120178, 62.8525123596, 8.58728218079, -20.7108192444, 16.6709804535, 9.12829494476, -31.6130008698], [357.41784668, 308.209197998, 55.3940925598, -20.910030365, 94.0052185059, 19.2434120178, 176.494918823, 27.0101356506, 25.8542118073, 75.2222442627, -7.9529967308, 13.4265050888, 41.3861427307], [-126.291404724, -175.661132812, 3.7119846344, 45.9564819336, -17.4935855865, 62.8525123596, 27.0101356506, 122.2526474, 56.4630317688, 15.27090168, 11.3224506378, 9.01924800873, -33.672454834], [-47.7812194824, 61.7482566833, -2.35746359825, -21.3479366302, 12.3175563812, 8.58728218079, 25.8542118073, 56.4630317688, 105.409408569, 36.6776542664, 23.0432796478, -20.7818832397, -1.02023947239], [402.419311523, 114.855201721, -22.6130180359, -40.8031730652, 19.4160175323, -20.7108192444, 75.2222442627, 15.27090168, 36.6776542664, 172.365203857, 32.9003372192, 38.2216682434, 14.9205942154], [-101.71408844, 2.13794445992, 34.9075508118, -3.75452494621, 4.81735467911, 16.6709804535, -7.9529967308, 11.3224506378, 23.0432796478, 32.9003372192, 78.0765762329, 37.6935348511, 1.55175197124], [59.3313865662, -36.2965698242, 35.002872467, 27.6441898346, 8.91335201263, 9.12829494476, 13.4265050888, 9.01924800873, -20.7818832397, 38.2216682434, 37.6935348511, 84.0848846436, 27.5361862183], [302.945739746, 220.912414551, 7.40138816833, -28.1029472351, 38.218788147, -31.6130008698, 41.3861427307, -33.672454834, -1.02023947239, 14.9205942154, 1.55175197124, 27.5361862183, 90.0280914307]]}, "erbbands_spread": {"dmean": 3.33715391159, "dvar2": 26.9821777344, "mean": 24.8105335236, "var": 127.22668457, "dmean2": 5.12648963928, "dvar": 11.4109869003, "min": 2.18012046814, "median": 22.5726985931, "max": 115.299209595}, "erbbands_kurtosis": {"dmean": 0.607253193855, "dvar2": 2.3276860714, "mean": 0.567716956139, "var": 3.22272253036, "dmean2": 0.946970760822, "dvar": 0.997146427631, "min": -1.66342020035, "median": 0.203235864639, "max": 58.7754096985}, "dynamic_complexity": 5.76158380508, "erbbands_crest": {"dmean": 1.95861411095, "dvar2": 7.97141551971, "mean": 9.72711658478, "var": 19.0491256714, "dmean2": 3.07836413383, "dvar": 3.43866968155, "min": 2.75211906433, "median": 8.63686180115, "max": 32.8926696777}, "erbbands": {"dmean": [0.0748721063137, 0.455832481384, 1.09287714958, 1.59786570072, 1.808796525, 7.18197488785, 6.83084774017, 7.88879203796, 7.28518247604, 13.9478912354, 15.509812355, 8.76016044617, 17.0458583832, 14.6162290573, 16.5530223846, 13.2337913513, 7.51828432083, 9.99610042572, 9.1776008606, 7.98051595688, 4.6444311142, 3.34758448601, 2.61459875107, 0.980296611786, 0.598680377007, 0.347538679838, 0.194822743535, 0.11194011569, 0.0743238404393, 0.0641452372074, 0.0493516921997, 0.0811980292201, 0.0248332321644, 0.00595866143703, 0.00205331481993, 0.000415414309828, 0.000109840410005, 2.584739741e-05, 4.68405960419e-06, 5.20158891959e-06], "dvar2": [0.124879546463, 6.59050321579, 12.3596000671, 22.8582401276, 34.1383590698, 673.67175293, 815.772705078, 963.915588379, 921.612976074, 2205.26293945, 2726.44897461, 1414.58703613, 2389.60546875, 4129.45068359, 1276.61938477, 1583.98144531, 375.351623535, 901.053466797, 1059.62854004, 1031.18188477, 293.664367676, 219.909606934, 538.626525879, 11.0628709793, 3.38692879677, 1.29283595085, 0.403580635786, 0.15509057045, 0.052595872432, 0.042933434248, 0.0170641317964, 0.0338406972587, 0.00406671548262, 0.000274216232356, 3.72759714082e-05, 1.78303162102e-06, 1.29084284595e-07, 5.08184383463e-09, 1.16997744826e-10, 2.06260550306e-10], "mean": [0.179366916418, 0.894362866879, 3.28257918358, 4.71713972092, 4.17396593094, 21.2637519836, 17.8500442505, 21.147026062, 20.3986911774, 34.4522895813, 35.4818344116, 25.0359859467, 45.4372711182, 36.1984519958, 37.8497886658, 32.8347854614, 22.4261856079, 24.4336509705, 22.7264194489, 21.4834537506, 11.9551153183, 8.92986392975, 6.31999778748, 2.94738459587, 1.76301395893, 1.06041526794, 0.599232792854, 0.375295162201, 0.259760260582, 0.230662062764, 0.239380031824, 0.69946873188, 0.151650741696, 0.0320814661682, 0.00964938290417, 0.00216984050348, 0.000538125517778, 0.000148597828229, 3.17805825034e-05, 3.07105838147e-05], "var": [0.230736687779, 4.7896323204, 34.8184432983, 65.6025390625, 53.1603431702, 2217.4543457, 1115.9017334, 1572.52624512, 1813.58679199, 6625.91650391, 5534.20654297, 2341.41040039, 4672.20019531, 4445.47119141, 2398.62207031, 3627.80688477, 919.870605469, 1690.29016113, 1762.85253906, 2305.85742188, 379.019012451, 252.093933105, 256.133300781, 17.0862789154, 5.18761968613, 2.1177418232, 0.655861914158, 0.265712350607, 0.117551028728, 0.0995055288076, 0.068824313581, 0.722407460213, 0.0272968970239, 0.00153789645992, 0.000154609748279, 1.00587585621e-05, 6.0829307813e-07, 3.2201146638e-08, 9.0773988326e-10, 1.1248747489e-09], "dmean2": [0.119767427444, 0.786050379276, 1.63164710999, 2.37253928185, 2.78358602524, 11.0558347702, 10.4654979706, 11.9414024353, 12.3575696945, 20.8384475708, 23.0412502289, 14.0751161575, 24.9899768829, 23.4925441742, 23.9012794495, 20.7792816162, 12.0064153671, 16.4554023743, 15.229309082, 12.9231853485, 7.66980791092, 5.52793931961, 4.18351697922, 1.60844218731, 0.998219311237, 0.568196356297, 0.320925176144, 0.184301018715, 0.122806422412, 0.105716250837, 0.0788366496563, 0.104029975832, 0.0373769290745, 0.0099060786888, 0.00337693234906, 0.000685957318638, 0.000182575924555, 4.12302651966e-05, 7.28062377675e-06, 7.96816493676e-06], "dvar": [0.0445528998971, 2.07597923279, 5.59109306335, 11.2209215164, 15.3229589462, 290.402404785, 298.98260498, 338.699798