{"metadata": {"audio_properties": {"downmix": "mix", "bit_rate": 0, "lossless": true, "md5_encoded": "e0ef72c543dcb5499cd663289f90864c", "analysis_sample_rate": 44100, "replay_gain": -7.06129455566, "equal_loudness": 0, "codec": "flac", "length": 236.946670532}, "tags": {"releasestatus": ["official"], "replaygain_track_peak": ["1.000000"], "originaldate": ["2008-03-17"], "albumartist": ["Mike Oldfield"], "asin": ["B000T6K8KW"], "releasetype": ["album"], "isrc": ["GBUM70706528"], "tracknumber": ["4"], "mood": ["Meditation; Calm; Dreamy; Melancholy"], "file_name": "04 Shabda.flac", "albumartistsort": ["Oldfield, Mike"], "media": ["CD"], "releasecountry": ["GB"], "date": ["2008-03-17"], "grouping": ["Classical"], "artist": ["Mike Oldfield"], "language": ["eng"], "musicbrainz_releasegroupid": ["04e93487-57e8-32f9-bd39-50edd1aa1d67"], "originalyear": ["2008"], "totaldiscs": ["1"], "genre": ["Instrumental"], "script": ["Latn"], "musicbrainz_albumid": ["35ed304b-43c6-4f30-8673-f261d0151a45"], "musicbrainz_recordingid": ["80b72232-6158-40ed-b82d-d9e88235ac0f"], "acoustid_id": ["a6d46cfc-887f-4374-be35-b9242255aca9"], "replaygain_track_gain": ["+0.21 dB"], "barcode": ["028947662068"], "totaltracks": ["14"], "replaygain_album_gain": ["-1.73 dB"], "compilation": ["1"], "musicbrainz_albumartistid": ["a1684a49-feaa-4150-b758-d9412fc59f12"], "catalognumber": ["4766206"], "musicbrainz_artistid": ["a1684a49-feaa-4150-b758-d9412fc59f12"], "musicbrainz_releasetrackid": ["0d896eff-b6b0-3402-8097-a700f91288ef"], "performer": ["The Symphony Sfera Orchestra (orchestra)"], "label": ["UCJ (Universal Music Classics and Jazz)"], "album": ["Music of the Spheres"], "title": ["Shabda"], "tracktotal": ["14"], "discnumber": ["1"], "artistsort": ["Oldfield, Mike"], "disctotal": ["1"], "artists": ["Mike Oldfield"], "replaygain_album_peak": ["1.000000"]}, "version": {"essentia_build_sha": "ed039d7e5a6e3dec64cf0be7c36ef885fb432306", "essentia_git_sha": "v2.1_beta1-7-ge0e83e8", "extractor": "music 1.0", "essentia": "2.1-beta1"}}, "tonal": {"chords_scale": "minor", "hpcp": {"dmean": [0.0652892813087, 0.0661292970181, 0.0575774498284, 0.0594035387039, 0.0425281189382, 0.0544293411076, 0.0358500778675, 0.0335303992033, 0.0479413457215, 0.0669867321849, 0.0692930221558, 0.0578420609236, 0.0289180818945, 0.0266701243818, 0.0516200438142, 0.118070192635, 0.101894237101, 0.107805557549, 0.0387131087482, 0.0165823269635, 0.01506469585, 0.0281702782959, 0.0352799557149, 0.0489309579134, 0.0880347341299, 0.0810599848628, 0.0449156202376, 0.0141199743375, 0.00883274152875, 0.011350017041, 0.0325586460531, 0.0433557853103, 0.0314713567495, 0.0240642894059, 0.0267363954335, 0.0396066829562], "dvar2": [0.0407190434635, 0.0379260629416, 0.0329654552042, 0.0540648847818, 0.0369423218071, 0.0516607761383, 0.0402854979038, 0.0404214113951, 0.0484250932932, 0.053586114198, 0.0552349314094, 0.0472992248833, 0.037474565208, 0.0390669479966, 0.0533858127892, 0.0748689472675, 0.0654306858778, 0.0575017519295, 0.0199507437646, 0.00848928187042, 0.00612138956785, 0.0151970842853, 0.0245432723314, 0.0293275155127, 0.0919713824987, 0.0463276207447, 0.0168516356498, 0.00642292806879, 0.00689714821056, 0.00555169396102, 0.019896728918, 0.0308886226267, 0.0204821974039, 0.0163659099489, 0.0219108276069, 0.0267915446311], "mean": [0.143517956138, 0.161944180727, 0.0847844779491, 0.133467406034, 0.199001610279, 0.107902884483, 0.0301563031971, 0.0318134464324, 0.0547640621662, 0.155549153686, 0.195179030299, 0.0898314416409, 0.0212244670838, 0.0179974958301, 0.0442285612226, 0.290377110243, 0.504243969917, 0.275237590075, 0.0388785302639, 0.0238609109074, 0.0204214341938, 0.0541674345732, 0.0750020742416, 0.0776517316699, 0.177095368505, 0.203161418438, 0.083487033844, 0.0155011182651, 0.00876775197685, 0.0116023737937, 0.0613936297596, 0.0901137813926, 0.0461749099195, 0.0363280400634, 0.0798292085528, 0.0916417911649], "var": [0.0614042431116, 0.072319842875, 0.0203901156783, 0.0642722845078, 0.132262855768, 0.0447706766427, 0.0107537498698, 0.0137727586553, 0.0220369659364, 0.0808499529958, 0.109563246369, 0.0296219792217, 0.00877656973898, 0.00833294261247, 0.0139977447689, 0.074681520462, 0.172836795449, 0.0719192177057, 0.0074126822874, 0.00809243973345, 0.00455534039065, 0.0229594428092, 0.0407031737268, 0.0207601934671, 0.081017382443, 0.0838954970241, 0.0190654154867, 0.00204360345379, 0.0014611085644, 0.00174742226955, 0.0221939757466, 0.0415570512414, 0.0110905431211, 0.0123551283032, 0.0572360567749, 0.049015391618], "dmean2": [0.10290440917, 0.104250632226, 0.0950293466449, 0.101779535413, 0.0706142932177, 0.0940643250942, 0.0647684633732, 0.060191500932, 0.082438878715, 0.108981475234, 0.114132419229, 0.0967202335596, 0.0527844280005, 0.0498522855341, 0.0929368361831, 0.196057349443, 0.164339616895, 0.176588013768, 0.0680627003312, 0.0275545734912, 0.0248360428959, 0.0450460463762, 0.0564101599157, 0.0837434232235, 0.147019505501, 0.126418635249, 0.0687951296568, 0.0242566112429, 0.01573061198, 0.0196939446032, 0.0517759360373, 0.069341994822, 0.0525263026357, 0.0406286790967, 0.0452574528754, 0.0652040541172], "dvar": [0.0170769877732, 0.0165051501244, 0.0129291415215, 0.0192137286067, 0.0149524901062, 0.0181548390538, 0.0139252413064, 0.0142894657329, 0.0174956079572, 0.0209383219481, 0.0233655776829, 0.0176683496684, 0.0130578363314, 0.0133241806179, 0.0182303432375, 0.0273590125144, 0.0283246804029, 0.0211841706187, 0.00710686016828, 0.00341548840515, 0.00235093687661, 0.00674243690446, 0.0113662118092, 0.0105449697003, 0.0335257947445, 0.0203231051564, 0.00724415294826, 0.00236806832254, 0.00234974408522, 0.00197392166592, 0.00801274552941, 0.0127689270303, 0.00754224183038, 0.00631838617846, 0.00875602290034, 0.0103594660759], "min": [2.84573275167e-06, 0, 0, 0, 0, 0, 0, 0, 0, 0, 4.21178356191e-06, 4.78999879761e-07, 0, 0, 0, 2.74134690699e-05, 0, 0, 0, 0, 0, 0, 0, 0, 0, 0, 0, 0, 0, 0, 0, 0, 0, 7.04795957063e-06, 2.53144048656e-06, 7.14690850145e-06], "median": [0.030925149098, 0.0373782664537, 0.0284468773752, 0.00345654785633, 0.00169983902015, 0.00128976220731, 0.00142391189002, 0.000864820904098, 0.00255914963782, 0.0159710012376, 0.0253281183541, 0.013157219626, 0.00133122119587, 0.000489961355925, 0.00604318734258, 0.224018603563, 0.420551359653, 0.184474289417, 0.00855226814747, 0.000761985313147, 0.00134622468613, 0.00468559982255, 0.00546171050519, 0.0100616421551, 0.0336746051908, 0.0566494502127, 0.0215487405658, 0.00307503226213, 0.00165667827241, 0.00150680053048, 0.00369597203098, 0.00567400176078, 0.00624113017693, 0.0022031320259, 0.00116220163181, 0.00380054232664], "max": [1, 1, 1, 1, 1, 1, 1, 1, 1, 1, 1, 1, 1, 1, 1, 1, 1, 1, 1, 1, 1, 1, 1, 0.964751362801, 1, 1, 1, 0.938465058804, 1, 1, 1, 1, 1, 1, 1, 1]}, "tuning_equal_tempered_deviation": 0.297032177448, "chords_key": "D", "chords_strength": {"dmean": 0.00765581382439, "dvar2": 2.5183071557e-05, "mean": 0.52487128973, "var": 0.0151402838528, "dmean2": 0.00489505147561, "dvar": 4.47114543931e-05, "min": 0.185972079635, "median": 0.52408349514, "max": 0.801461338997}, "tuning_diatonic_strength": 0.399828344584, "thpcp": [1, 0.545842111111, 0.0771026164293, 0.0473201721907, 0.0404991135001, 0.107423067093, 0.1487416327, 0.153996348381, 0.351209700108, 0.402903020382, 0.165568724275, 0.0307413060218, 0.0173879172653, 0.0230094455183, 0.121753819287, 0.17871068418, 0.09157256037, 0.0720445737243, 0.15831464529, 0.181740969419, 0.284620076418, 0.321162343025, 0.168141782284, 0.264688163996, 0.394653439522, 0.213989436626, 0.0598049834371, 0.0630913749337, 0.108606278896, 0.308479934931, 0.387072622776, 0.178150743246, 0.0420916639268, 0.0356920398772, 0.087712623179, 0.575866281986], "chords_histogram": [33.8558006287, 3.70297813416, 0.705329179764, 6.91614437103, 0.313479632139, 2.60579943657, 0.215517237782, 2.54702186584, 0, 0.313479632139, 0.391849517822, 0, 0.0195924770087, 0, 0, 0, 0, 0.313479632139, 4.85893440247, 4.32993745804, 2.99764895439, 0, 6.87695932388, 29.0360507965], "tuning_nontempered_energy_ratio": 0.989296734333, "tuning_frequency": 434.193115234, "key_strength": 0.58430993557, "chords_changes_rate": 0.0356583073735, "key_scale": "minor", "hpcp_entropy": {"dmean": 0.442869782448, "dvar2": 0.451620161533, "mean": 1.44005119801, "var": 0.436193168163, "dmean2": 0.760754108429, "dvar": 0.173692941666, "min": 0.0351043120027, "median": 1.49160027504, "max": 3.52608442307}, "key_key": "D", "chords_number_rate": 0.00195924774744}, "lowlevel": {"melbands_skewness": {"dmean": 0.526150286198, "dvar2": 1.53829479218, "mean": 2.44736456871, "var": 4.66521644592, "dmean2": 0.773115098476, "dvar": 0.682893514633, "min": -3.07384490967, "median": 2.0866663456, "max": 42.5438156128}, "melbands_kurtosis": {"dmean": 7.00748682022, "dvar2": 7323.08398438, "mean": 15.3370504379, "var": 6481.46484375, "dmean2": 10.8025369644, "dvar": 3132.33251953, "min": -1.84138572216, "median": 5.84766387939, "max": 2878.87060547}, "barkbands_kurtosis": {"dmean": 3.76088571548, "dvar2": 1185.22705078, "mean": 6.96800231934, "var": 657.723999023, "dmean2": 5.81293582916, "dvar": 460.934753418, "min": -1.9098764658, "median": 2.57148504257, "max": 1085.87976074}, "hfc": {"dmean": 1.62031412125, "dvar2": 36.1432495117, "mean": 7.99479055405, "var": 232.51373291, "dmean2": 2.42553710938, "dvar": 16.775680542, "min": 0.00295291212387, "median": 2.15255355835, "max": 218.820175171}, "silence_rate_20dB": {"dmean": 0.00411562947556, "dvar2": 0.0116923274472, "mean": 0.995884776115, "var": 0.00409829104319, "dmean2": 0.00823206547648, "dvar": 0.00409869104624, "min": 0, "median": 1, "max": 1}, "erbbands_flatness_db": {"dmean": 0.0155359599739, "dvar2": 0.000578533450607, "mean": 0.22876149416, "var": 0.00365322176367, "dmean2": 0.0225020684302, "dvar": 0.00025523986551, "min": 0.0272680148482, "median": 0.228568047285, "max": 0.504461050034}, "spectral_flux": {"dmean": 0.0110305417329, "dvar2": 0.00130016170442, "mean": 0.0389290042222, "var": 0.00211924174801, "dmean2": 0.0186785068363, "dvar": 0.000468487181934, "min": 0.000621861079708, "median": 0.0225432347506, "max": 0.518311679363}, "spectral_energyband_low": {"dmean": 0.00368002592586, "dvar2": 0.00050388177624, "mean": 0.014512848109, "var": 0.0015649010893, "dmean2": 0.00597286596894, "dvar": 0.000201272545382, "min": 1.16373246328e-06, "median": 0.00270955613814, "max": 0.398251384497}, "spectral_rolloff": {"dmean": 149.987564087, "dvar2": 436215.0625, "mean": 692.737854004, "var": 614687.5, "dmean2": 261.025726318, "dvar": 171272.40625, "min": 21.533203125, "median": 581.396484375, "max": 14879.4433594}, "spectral_entropy": {"dmean": 0.121840320528, "dvar2": 0.0468884445727, "mean": 6.55769109726, "var": 0.24894797802, "dmean2": 0.184277966619, "dvar": 0.0213198103011, "min": 3.76970052719, "median": 6.54159736633, "max": 8.9935760498}, "spectral_energy": {"dmean": 0.00508653558791, "dvar2": 0.000683261023369, "mean": 0.0248014871031, "var": 0.00280296336859, "dmean2": 0.00808390416205, "dvar": 0.000267277675448, "min": 2.42545388573e-06, "median": 0.0069202631712, "max": 0.491362154484}, "spectral_centroid": {"dmean": 84.1136016846, "dvar2": 22541.0253906, "mean": 717.367370605, "var": 119263.671875, "dmean2": 127.524810791, "dvar": 10466.3486328, "min": 195.463226318, "median": 654.641601562, "max": 4279.08642578}, "barkbands_flatness_db": {"dmean": 0.015307915397, "dvar2": 0.000640992540866, "mean": 0.232321217656, "var": 0.00439958460629, "dmean2": 0.0228018406779, "dvar": 0.000283979461528, "min": 0.0382272489369, "median": 0.228215798736, "max": 0.516025185585}, "spectral_rms": {"dmean": 0.00035812164424, "dvar2": 1.02952867564e-06, "mean": 0.00368267903104, "var": 1.06344477899e-05, "dmean2": 0.000546400959138, "dvar": 4.33304336411e-07, "min": 4.86445933348e-05, "median": 0.00259836018085, "max": 0.0218946952373}, "melbands": {"dmean": [0.00103763467632, 0.000366415770259, 0.000203304516617, 0.000201422095415, 9.44413623074e-05, 9.20223174035e-05, 5.87741087656e-05, 5.57100574952e-05, 0.000118010255392, 7.08125517122e-05, 1.71239953488e-05, 1.54196804942e-05, 1.26418499349e-05, 3.09926144837e-05, 2.2722661015e-05, 2.00249160116e-05, 6.37193716102e-06, 8.36949675431e-06, 5.69066833123e-06, 4.26959650213e-06, 3.43929673363e-06, 2.98135478261e-06, 2.00854765353e-06, 2.07988114198e-06, 2.54026713264e-06, 1.90258401744e-06, 9.01796340713e-07, 1.06330685412e-06, 9.60268152994e-07, 3.70734284161e-07, 1.63863376201e-07, 1.65463362123e-07, 1.24069416074e-07, 8.03533168892e-08, 1.25291663267e-07, 1.11125025626e-07, 7.66092895788e-08, 1.49164037566e-07, 1.42864124086e-07, 1.20458452102e-07], "dvar2": [4.45646837761e-05, 4.71647899758e-06, 1.26770385123e-06, 1.82586836672e-06, 2.24664532311e-07, 1.25473022194e-07, 6.52629381648e-08, 5.16363840575e-08, 3.43681051618e-07, 2.45380618935e-07, 1.00363894973e-08, 6.19644779931e-09, 4.05342692744e-09, 2.54410945644e-08, 1.03331512236e-08, 8.69417515759e-09, 1.64890801013e-09, 3.99876176616e-09, 1.10966014155e-09, 1.0556910901e-09, 5.60217705559e-10, 4.8884846171e-10, 1.79703849024e-10, 1.88328130868e-10, 4.69214611609e-10, 2.17908233124e-10, 3.97047707212e-11, 7.08006500649e-11, 5.34560451459e-11, 1.0456641629e-11, 2.37318845131e-12, 2.92757701761e-12, 4.12872947636e-12, 4.76923242652e-13, 1.20139748844e-12, 1.18377887787e-12, 9.80272720635e-13, 4.38769636943e-12, 3.01930290665e-12, 2.73782233863e-12], "mean": [0.00316883111373, 0.00118228292558, 0.000589044357184, 0.000579818617553, 0.000288355717203, 0.000239332497586, 0.00014670008386, 0.000141399272252, 0.000279416010017, 0.0001429283584, 3.61075326509e-05, 3.07202317344e-05, 2.27775253734e-05, 5.88844486629e-05, 4.25364087278e-05, 3.84506274713e-05, 1.09698612505e-05, 1.52419024744e-05, 1.0730053873e-05, 7.77323020884e-06, 6.34348816675e-06, 5.47168292542e-06, 3.80906726605e-06, 4.56563884654e-06, 5.08468792759e-06, 3.60555441148e-06, 2.15066620513e-06, 2.60198089563e-06, 2.43871204475e-06, 8.58499845435e-07, 3.13934037877e-07, 3.6008904658e-07, 2.63856094307e-07, 1.78219465852e-07, 2.40194111711e-07, 1.95136564685e-07, 1.59584473636e-07, 3.05245208665e-07, 3.29568052848e-07, 2.62593886191e-07], "var": [9.73357164185e-05, 6.07929587204e-06, 1.86896784271e-06, 4.45017531092e-06, 3.52763805722e-07, 2.2374689479e-07, 1.42691817473e-07, 1.00046761986e-07, 6.25501343166e-07, 2.91155942023e-07, 1.39584459546e-08, 1.86679329772e-08, 4.5422741124e-09, 2.4161968426e-08, 9.71668878691e-09, 1.05566906328e-08, 1.17909104702e-09, 2.45646503139e-09, 9.72501079666e-10, 8.15109646446e-10, 4.55159993029e-10, 3.99181326882e-10, 1.62680827143e-10, 2.4024654488e-10, 5.46703626814e-10, 2.48742554332e-10, 8.03232202973e-11, 1.48551018708e-10, 9.76964481536e-11, 1.44926180431e-11, 3.57162389941e-12, 5.02870314834e-12, 4.03239681229e-12, 1.06062901517e-12, 1.98112771847e-12, 1.97976769527e-12, 1.44580593157e-12, 1.0605708152e-11, 9.85939975495e-12, 5.47773762113e-12], "dmean2": [0.00168420188129, 0.00057868019212, 0.000333704665536, 0.000306222413201, 0.000141121345223, 0.000146937265527, 8.21092617116e-05, 7.93978906586e-05, 0.000164058918017, 0.000104884908069, 2.64736208919e-05, 2.30929690588e-05, 1.98714933504e-05, 4.76550849271e-05, 3.50172012986e-05, 3.09361603286e-05, 1.02959820651e-05, 1.35830641739e-05, 9.28681856749e-06, 7.05862112227e-06, 5.79365314479e-06, 5.04937179358e-06, 3.39670941685e-06, 3.47407626577e-06, 4.0430873014e-06, 3.13231271321e-06, 1.45303260979e-06, 1.5995465219e-06, 1.49604875332e-06, 5.92193146076e-07, 2.71754799996e-07, 2.66638551238e-07, 2.01084120022e-07, 1.26228556496e-07, 2.05333165582e-07, 1.86764438581e-07, 1.18373364444e-07, 2.15230272715e-07, 2.10554901514e-07, 1.92800342802e-07], "dvar": [1.74983633769e-05, 1.84749490018e-06, 4.41219668801e-07, 6.6028604806e-07, 8.57611368588e-08, 4.60610607433e-08, 3.28381482007e-08, 2.49701024302e-08, 1.72997118852e-07, 9.71288471874e-08, 4.49836523586e-09, 3.53325413371e-09, 1.7018093601e-09, 9.73313252217e-09, 4.20967083414e-09, 3.61134766536e-09, 6.02506045055e-10, 1.36283451191e-09, 4.15517342756e-10, 3.70312114306e-10, 1.9120462158e-10, 1.63481603255e-10, 6.64854699073e-11, 7.06869909828e-11, 1.96235264149e-10, 8.63218177494e-11, 1.65514425082e-11, 3.25983615101e-11, 2.22324225002e-11, 4.26631603309e-12, 1.01797292384e-12, 1.17309590861e-12, 1.50024155425e-12, 2.15985080298e-13, 5.8543800233e-13, 5.09353030673e-13, 4.07450820045e-13, 2.69310853999e-12, 1.7326809475e-12, 1.23213353583e-12], "min": [2.45504281793e-07, 1.79416055346e-08, 2.86572432451e-09, 3.90562637786e-10, 3.79082404356e-10, 5.13119442769e-11, 5.03428895793e-11, 6.53016599128e-11, 7.19451928588e-11, 2.33796332988e-11, 1.75620386289e-11, 1.78628240671e-11, 1.017132472e-11, 1.51384356439e-11, 1.51422069328e-11, 1.18546561456e-11, 1.03427032563e-11, 1.77133047813e-11, 1.19083475719e-11, 8.23074334383e-12, 6.75287430141e-12, 1.38275484812e-11, 7.44820437965e-12, 1.1080469875e-11, 7.29488084522e-12, 5.15122796849e-12, 7.50129125482e-12, 6.2080566382e-12, 5.242271027e-12, 5.69576504017e-12, 5.5194698638e-12, 5.56695748527e-12, 4.63294290085e-12, 4.82295236734e-12, 4.06848296372e-12, 4.85935120267e-12, 3.61278845382e-12, 2.85352817764e-12, 3.71844178712e-12, 3.09703087828e-12], "median": [0.000414048263337, 0.000478203088278, 0.000108982370875, 5.56285340281e-05, 6.34243624518e-05, 5.28633390786e-05, 3.27878151438e-05, 4.07242296205e-05, 4.53888351331e-05, 1.8929487851e-05, 5.52196343051e-06, 5.58923329663e-06, 3.79041875931e-06, 1.016254555e-05, 9.15246710065e-06, 3.49545962308e-06, 1.23938502838e-06, 1.69764621205e-06, 1.06608354145e-06, 9.36420633479e-07, 8.19205979496e-07, 5.36675770491e-07, 2.4431744805e-07, 1.79815614842e-07, 1.09301410589e-07, 9.81803651712e-08, 7.47659711919e-08, 4.1757239444e-08, 1.95561327132e-08, 1.30058817049e-08, 6.50292220072e-09, 6.17040463169e-09, 4.64743266093e-09, 3.01847480344e-09, 2.44313458353e-09, 1.45200362844e-09, 1.15087672725e-09, 9.11742792375e-10, 7.35391303408e-10, 6.56875331906e-10], "max": [0.109955258667, 0.0363091677427, 0.0213627163321, 0.0382037498057, 0.0110145937651, 0.0066756089218, 0.00557270273566, 0.0078887231648, 0.0116882557049, 0.0104100238532, 0.00291312183253, 0.00439917109907, 0.00132377154659, 0.00287326704711, 0.00254765758291, 0.00188782555051, 0.000751770217903, 0.00187984365039, 0.000624379841611, 0.00130669784267, 0.000387004838558, 0.000395145500079, 0.000404592195991, 0.000210251964745, 0.000612950883806, 0.000416826253058, 0.000256153958617, 0.000416549068177, 0.000194748921786, 8.36236504256e-05, 9.08323127078e-05, 0.000110294531623, 0.000103064987343, 3.61282363883e-05, 6.16371398792e-05, 4.78117544844e-05, 3.76438110834e-05, 0.000135541486088, 0.000104015744, 7.21905744285e-05]}, "barkbands_crest": {"dmean": 1.71071135998, "dvar2": 7.4401922226, "mean": 12.6572008133, "var": 23.242269516, "dmean2": 2.61712598801, "dvar": 3.00019359589, "min": 3.49459552765, "median": 11.8852214813, "max": 26.724615097}, "mfcc": {"icov": [[0.000196268825675, 0.00013723304437, 0.000241373927565, -0.000286421942292, 0.000401398981921, -0.00016725648311, 1.16382343549e-05, -8.56639089761e-05, 0.000284449313767, -5.96337122261e-06, 0.000151153173647, -2.41748275585e-05, 0.000298900093185], [0.00013723304437, 0.00122810609173, 0.000778836372774, 0.000398360949475, -0.00050994992489, 0.000357579992851, -0.000166463971254, 0.000153514367412, 5.3127848787e-07, 0.000192094652448, 0.000585874950048, 4.95824497193e-05, -0.000106005441921], [0.000241373927565, 0.000778836372774, 0.00336697301827, 0.000212470811675, -0.000712771434337, 0.000669256434776, -0.000393343128962, -0.000459953618702, 0.000203019910259, 0.000943010905758, 0.000276366918115, 0.000571148120798, 0.00040087121306], [-0.000286421942292, 0.000398360949475, 0.000212470811675, 0.00439592497423, -0.00189532351214, 0.000581538071856, -0.000601452658884, 0.000580914434977, -0.000421896082116, -0.000190173115698, 0.00075553735951, 0.000123303223518, 0.000230733479839], [0.000401398981921, -0.00050994992489, -0.000712771434337, -0.00189532351214, 0.0081556616351, -0.00146697321907, -0.000507810676936, 0.00134177319705, -0.00141999893822, 4.12551926274e-05, 0.000572293065488, 0.000120745440654, -0.000293813092867], [-0.00016725648311, 0.000357579992851, 0.000669256434776, 0.000581538071856, -0.00146697321907, 0.00991609506309, -0.00293359556235, 0.000174156506546, 0.000196459150175, 0.000579249346629, -0.00219725514762, 0.000402803212637, 0.000315917597618], [1.16382343549e-05, -0.000166463971254, -0.000393343128962, -0.000601452658884, -0.000507810676936, -0.00293359556235, 0.0102435909212, -0.00386555236764, 0.00139352725819, -0.00180283607915, 0.0011039263336, -0.00198646471836, -0.000194730440853], [-8.56639089761e-05, 0.000153514367412, -0.000459953618702, 0.000580914434977, 0.00134177319705, 0.000174156506546, -0.00386555236764, 0.0148509833962, -0.00505617912859, 0.000361543206964, 0.000812490761746, 5.07904878759e-05, -0.000417186209233], [0.000284449313767, 5.3127848787e-07, 0.000203019910259, -0.000421896082116, -0.00141999893822, 0.000196459150175, 0.00139352725819, -0.00505617912859, 0.010865053162, -0.00503342691809, 0.000924605468754, -0.000179505746928, -0.000161037329235], [-5.96337122261e-06, 0.000192094652448, 0.000943010905758, -0.000190173115698, 4.12551926274e-05, 0.000579249346629, -0.00180283607915, 0.000361543206964, -0.00503342691809, 0.0124899642542, -0.00599695928395, 0.00163459335454, 0.00132257502992], [0.000151153173647, 0.000585874950048, 0.000276366918115, 0.00075553735951, 0.000572293065488, -0.00219725514762, 0.0011039263336, 0.000812490761746, 0.000924605468754, -0.00599695928395, 0.0157452281564, -0.00661130761728, 0.00198016245849], [-2.41748275585e-05, 4.95824497193e-05, 0.000571148120798, 0.000123303223518, 0.000120745440654, 0.000402803212637, -0.00198646471836, 5.07904878759e-05, -0.000179505746928, 0.00163459335454, -0.00661130761728, 0.0138835776597, -0.00672548497096], [0.000298900093185, -0.000106005441921, 0.00040087121306, 0.000230733479839, -0.000293813092867, 0.000315917597618, -0.000194730440853, -0.000417186209233, -0.000161037329235, 0.00132257502992, 0.00198016245849, -0.00672548497096, 0.0118233673275]], "mean": [-779.742126465, 194.667831421, -2.67508840561, 19.793466568, 11.724779129, 3.67450737953, 4.15759992599, 2.61013221741, 0.722914099693, 6.51065635681, 5.48045635223, 8.47310447693, 8.17395687103], "cov": [[9277.87109375, -1137.91809082, -477.677459717, 503.491394043, -482.665527344, 143.893890381, -9.80910205841, -44.2767677307, -317.406890869, -29.1123809814, -32.6861114502, -143.434814453, -333.126495361], [-1137.91809082, 1162.49914551, -155.435531616, -120.445915222, 91.6802444458, -43.2397270203, -4.70270252228, -13.1809091568, 27.5322971344, -27.8832054138, -46.1455307007, 17.0347728729, 70.6137313843], [-477.677459717, -155.435531616, 401.198730469, -11.7693824768, 42.3707046509, -24.1544113159, 3.1735367775, 11.4953622818, 1.04637145996, -34.6289520264, -25.8818912506, -28.2180404663, -8.36316871643], [503.491394043, -120.445915222, -11.7693824768, 297.177276611, 39.3280639648, 2.86422944069, 12.3735399246, -7.02264165878, 3.01310157776, 7.23225736618, -19.7106266022, -23.9340248108, -29.4332351685], [-482.665527344, 91.6802444458, 42.3707046509, 39.3280639648, 175.638046265, 9.83441638947, 13.6760025024, -3.15280890465, 36.3471069336, 5.12669563293, -9.31894683838, 0.449503451586, 16.7737789154], [143.893890381, -43.2397270203, -24.1544113159, 2.86422944069, 9.83441638947, 123.375434875, 38.0358123779, 5.10204792023, -3.23893857002, 11.5787696838, 24.2600154877, 11.034497261, -4.6336350441], [-9.80910205841, -4.70270252228, 3.1735367775, 12.3735399246, 13.6760025024, 38.0358123779, 129.255584717, 34.2971000671, 10.1328954697, 19.7951049805, 9.71092033386, 25.8910713196, 13.5442476273], [-44.2767677307, -13.1809091568, 11.4953622818, -7.02264165878, -3.15280890465, 5.10204792023, 34.2971000671, 93.076965332, 48.3818130493, 19.8709373474, 1.0152066946, 5.60189294815, 5.83555221558], [-317.406890869, 27.5322971344, 1.04637145996, 3.01310157776, 36.3471069336, -3.23893857002, 10.1328954697, 48.3818130493, 157.291992188, 68.9648132324, 14.8650627136, 3.81757879257, 5.1504201889], [-29.1123809814, -27.8832054138, -34.6289520264, 7.23225736618, 5.12669563293, 11.5787696838, 19.7951049805, 19.8709373474, 68.9648132324, 140.145477295, 54.3902893066, 5.07102823257, -18.5980510712], [-32.6861114502, -46.1455307007, -25.8818912506, -19.7106266022, -9.31894683838, 24.2600154877, 9.71092033386, 1.0152066946, 14.8650627136, 54.3902893066, 110.625724792, 51.3968582153, 5.81765317917], [-143.434814453, 17.0347728729, -28.2180404663, -23.9340248108, 0.449503451586, 11.034497261, 25.8910713196, 5.60189294815, 3.81757879257, 5.07102823257, 51.3968582153, 136.163604736, 73.8738479614], [-333.126495361, 70.6137313843, -8.36316871643, -29.4332351685, 16.7737789154, -4.6336350441, 13.5442476273, 5.83555221558, 5.1504201889, -18.5980510712, 5.81765317917, 73.8738479614, 138.658401489]]}, "spectral_decrease": {"dmean": 1.32265709496e-09, "dvar2": 4.72287770462e-17, "mean": -6.37913499801e-09, "var": 1.89087638208e-16, "dmean2": 2.10487893781e-09, "dvar": 1.8442670045e-17, "min": -1.29266680915e-07, "median": -1.76834735743e-09, "max": -5.50821649577e-13}, "zerocrossingrate": {"dmean": 0.00399916945025, "dvar2": 5.21215479239e-05, "mean": 0.0275171305984, "var": 0.000451736996183, "dmean2": 0.00515145342797, "dvar": 3.49029032805e-05, "min": 0.0009765625, "median": 0.02490234375, "max": 0.34619140625}, "spectral_contrast_coeffs": {"dmean": [0.032900352031, 0.0354550406337, 0.0340686663985, 0.0280179474503, 0.0196754131466, 0.0139933349565], "dvar2": [0.00216708355583, 0.00209594424814, 0.00196890928783, 0.00133790227119, 0.000662954989821, 0.000386342522688], "mean": [-0.695817410946, -0.710560560226, -0.716648519039, -0.725078761578, -0.763897299767, -0.789026975632], "var": [0.00590336881578, 0.00491568911821, 0.00421073753387, 0.00400282489136, 0.00288207293488, 0.00163666869048], "dmean2": [0.0539447851479, 0.0559219308197, 0.0535735972226, 0.0454508885741, 0.0321215875447, 0.0224727187306], "dvar": [0.000822008296382, 0.000877433456481, 0.0008146284963, 0.00053185026627, 0.000280218577245, 0.000168116399436], "min": [-0.93284368515, -0.940879762173, -0.944257318974, -0.943025946617, -0.930864810944, -0.906413018703], "median": [-0.705169200897, -0.718707561493, -0.717799305916, -0.728878557682, -0.771727919579, -0.797570466995], "max": [-0.341945528984, -0.357470810413, -0.387493103743, -0.506551742554, -0.552062451839, -0.606391489506]}, "spectral_skewness": {"dmean": 0.462338328362, "dvar2": 0.614963948727, "mean": 2.95759749413, "var": 1.03755283356, "dmean2": 0.795538604259, "dvar": 0.20665666461, "min": 0.378716021776, "median": 2.83580970764, "max": 9.41209697723}, "spectral_energyband_middle_high": {"dmean": 0.000580505060498, "dvar2": 4.4902699301e-06, "mean": 0.00194025214296, "var": 1.35778400363e-05, "dmean2": 0.000891462317668, "dvar": 1.85278838671e-06, "min": 4.47281278682e-09, "median": 0.000526421470568, "max": 0.0401612408459}, "gfcc": {"icov": [[0.000309221359203, -0.000168363709236, 0.000318159669405, -0.00059064704692, 0.000591751071624, -0.000238260050537, 0.000109451590106, -0.000435358000686, 0.000951097870711, -0.000887892267201, 0.000660482037347, -0.000523858121596, 0.00017294997815], [-0.000168363709236, 0.00242474116385, 0.000500333146192, 0.00126239215024, -0.00180850084871, 0.00117193767801, -0.000573269324377, 0.00156318210065, -0.00141982466448, 0.00216082716361, -0.0019731905777, 0.00152085744776, -0.00178307516035], [0.000318159669405, 0.000500333146192, 0.00262281554751, -0.000523836002685, -0.000330849521561, -1.92616171262e-05, 0.000302752829157, -0.00064782804111, 0.00115817552432, -4.63446631329e-05, 0.000476254790556, -0.000785071286373, -0.000684395025019], [-0.00059064704692, 0.00126239215024, -0.000523836002685, 0.00524706533179, -0.00201247329824, 0.0011625183979, 0.000166628829902, 0.000730943051167, -0.000876323436387, 0.00186176307034, -0.00104306905996, 0.00141253764741, -0.00110574695282], [0.000591751071624, -0.00180850084871, -0.000330849521561, -0.00201247329824, 0.0064904266037, -0.000782248389442, -0.00125346460845, -0.00124183227308, 0.00178095290903, -0.00415935646743, 0.00171981507447, -0.000874441757333, -0.000160317329573], [-0.000238260050537, 0.00117193767801, -1.92616171262e-05, 0.0011625183979, -0.000782248389442, 0.00628414936364, -0.000812765734736, -0.00111652200576, -3.01076270262e-05, 0.000337062141625, -0.00132068048697, 0.00155959988479, 0.000216807442484], [0.000109451590106, -0.000573269324377, 0.000302752829157, 0.000166628829902, -0.00125346460845, -0.000812765734736, 0.00820418354124, -0.00275475415401, -0.000637507939246, -8.03905131761e-05, -0.00215440313332, 0.00087815115694, -0.000802947906777], [-0.000435358000686, 0.00156318210065, -0.00064782804111, 0.000730943051167, -0.00124183227308, -0.00111652200576, -0.00275475415401, 0.0107418876141, -0.00433174660429, 0.000111658591777, 0.0023843201343, 0.000565658672713, -0.000319563027006], [0.000951097870711, -0.00141982466448, 0.00115817552432, -0.000876323436387, 0.00178095290903, -3.01076270262e-05, -0.000637507939246, -0.00433174660429, 0.0127906715497, -0.00477939890698, 0.000381184974685, 0.00185604521539, -0.00215748883784], [-0.000887892267201, 0.00216082716361, -4.63446631329e-05, 0.00186176307034, -0.00415935646743, 0.000337062141625, -8.03905131761e-05, 0.000111658591777, -0.00477939890698, 0.014994439669, -0.00466445926577, -0.000335304328473, 0.00115499424282], [0.000660482037347, -0.0019731905777, 0.000476254790556, -0.00104306905996, 0.00171981507447, -0.00132068048697, -0.00215440313332, 0.0023843201343, 0.000381184974685, -0.00466445926577, 0.0153802074492, -0.00698444247246, 0.00362905627117], [-0.000523858121596, 0.00152085744776, -0.000785071286373, 0.00141253764741, -0.000874441757333, 0.00155959988479, 0.00087815115694, 0.000565658672713, 0.00185604521539, -0.000335304328473, -0.00698444247246, 0.0174586530775, -0.00856969412416], [0.00017294997815, -0.00178307516035, -0.000684395025019, -0.00110574695282, -0.000160317329573, 0.000216807442484, -0.000802947906777, -0.000319563027006, -0.00215748883784, 0.00115499424282, 0.00362905627117, -0.00856969412416, 0.0145249152556]], "mean": [-130.180297852, 164.331710815, -108.736038208, 9.13726329803, -30.0673007965, 1.4281719923, -19.7451782227, 3.33447384834, -8.55391407013, 2.18492364883, -1.7932343483, -6.02730369568, -8.01176738739], "cov": [[10551.5390625, -1893.58117676, -401.426818848, 822.76373291, -802.489929199, 362.414703369, -482.664245605, 231.936508179, -702.342407227, 237.667922974, -398.516937256, 108.979202271, -309.575469971], [-1893.58117676, 1389.08129883, -190.557617188, -251.750686646, 293.578552246, -217.349807739, 177.623901367, -169.974319458, 195.193008423, -89.7819747925, 173.764602661, -6.67639827728, 166.269073486], [-401.426818848, -190.557617188, 533.476501465, 57.2275161743, 46.3941116333, 4.7733798027, -21.1075839996, 31.1705245972, -35.2431144714, -10.7324542999, -26.7455482483, 35.4085044861, 34.0320053101], [822.76373291, -251.750686646, 57.2275161743, 314.873962402, -14.3463373184, 3.34603643417, -50.9821090698, 21.0060100555, -64.9226226807, 7.36499977112, -46.6952590942, 7.7460269928, -10.5910730362], [-802.489929199, 293.578552246, 46.3941116333, -14.3463373184, 317.525543213, -23.6604785919, 100.800720215, 9.15448284149, 70.734588623, 32.3215255737, 41.2276535034, 3.27022004128, 55.8856773376], [362.414703369, -217.349807739, 4.7733798027, 3.34603643417, -23.6604785919, 224.72114563, 13.166727066, 67.8433837891, -15.5605611801, 32.3633232117, -19.2131519318, -21.7966709137, -44.8568725586], [-482.664245605, 177.623901367, -21.1075839996, -50.9821090698, 100.800720215, 13.166727066, 194.159240723, 41.4063224792, 74.3719406128, 15.0090017319, 42.506893158, -10.8509931564, 28.0678520203], [231.936508179, -169.974319458, 31.1705245972, 21.0060100555, 9.15448284149, 67.8433837891, 41.4063224792, 170.615570068, 35.8264808655, 34.3313903809, -42.944683075, -18.452337265, -12.9943237305], [-702.342407227, 195.193008423, -35.2431144714, -64.9226226807, 70.734588623, -15.5605611801, 74.3719406128, 35.8264808655, 172.353652954, 19.6031665802, 30.5176506042, -23.2688350677, 34.3229141235], [237.667922974, -89.7819747925, -10.7324542999, 7.36499977112, 32.3215255737, 32.3633232117, 15.0090017319, 34.3313903809, 19.6031665802, 114.05115509, 17.4807071686, 9.3072681427, -17.3714847565], [-398.516937256, 173.764602661, -26.7455482483, -46.6952590942, 41.2276535034, -19.2131519318, 42.506893158, -42.944683075, 30.5176506042, 17.4807071686, 124.295555115, 32.5466384888, 14.698474884], [108.979202271, -6.67639827728, 35.4085044861, 7.7460269928, 3.27022004128, -21.7966709137, -10.8509931564, -18.452337265, -23.2688350677, 9.3072681427, 32.5466384888, 105.18699646, 49.228603363], [-309.575469971, 166.269073486, 34.0320053101, -10.5910730362, 55.8856773376, -44.8568725586, 28.0678520203, -12.9943237305, 34.3229141235, -17.3714847565, 14.698474884, 49.228603363, 128.1459198]]}, "erbbands_spread": {"dmean": 4.01808357239, "dvar2": 45.2734947205, "mean": 22.5526123047, "var": 191.778198242, "dmean2": 6.0280752182, "dvar": 19.9587554932, "min": 0.760936081409, "median": 19.9488601685, "max": 141.965652466}, "erbbands_kurtosis": {"dmean": 1.19286978245, "dvar2": 14.3087453842, "mean": 1.21944665909, "var": 13.5396986008, "dmean2": 1.84010446072, "dvar": 5.61922883987, "min": -1.85276997089, "median": 0.298727571964, "max": 87.7334213257}, "dynamic_complexity": 5.76227664948, "erbbands_crest": {"dmean": 2.8199877739, "dvar2": 17.155172348, "mean": 13.2490720749, "var": 36.906085968, "dmean2": 4.31914281845, "dvar": 7.13543748856, "min": 2.57612991333, "median": 11.9165382385, "max": 33.3653106689}, "erbbands": {"dmean": [0.154993161559, 0.406844079494, 0.632721662521, 1.22019815445, 2.24849295616, 2.61872625351, 2.92265343666, 4.36203622818, 3.74347710609, 4.44413614273, 14.5457782745, 12.0981225967, 3.71569156647, 3.73741078377, 4.61972284317, 14.028834343, 8.24650478363, 3.89447188377, 5.38394021988, 3.05204057693, 2.44763040543, 2.17842030525, 2.04335618019, 2.73844194412, 1.84150063992, 1.34362411499, 1.26197993755, 0.283343464136, 0.240829721093, 0.155853435397, 0.184045627713, 0.127356722951, 0.188928544521, 0.142861902714, 0.12220261246, 0.0685392096639, 0.0161443389952, 0.00362816313282, 0.00046443429892, 3.59172299795e-05], "dvar2": [1.04638588428, 7.85842561722, 11.5846853256, 48.8152923584, 247.140487671, 191.946166992, 253.311126709, 288.394927979, 277.279785156, 373.531738281, 5292.14794922, 7025.64160156, 448.515594482, 345.398681641, 520.302001953, 5335.80859375, 1207.35266113, 417.325958252, 1565.46838379, 491.644805908, 194.995620728, 207.89616394, 155.633010864, 497.84942627, 156.807403564, 102.675308228, 111.284645081, 4.88318252563, 3.69942784309, 2.39452695847, 2.40767669678, 1.87597465515, 5.35846233368, 3.34861588478, 1.55938839912, 0.535246670246, 0.0260155200958, 0.00234876899049, 2.97800288536e-05, 1.07028569118e-07], "mean": [0.379377931356, 1.08862888813, 1.98076844215, 3.27243280411, 5.50296831131, 8.4630613327, 8.4727935791, 11.0848760605, 9.68873882294, 11.2292938232, 34.7251014709, 26.0480995178, 8.33144950867, 7.77637672424, 9.04169654846, 25.8073501587, 17.0224971771, 7.89621543884, 10.2454328537, 6.28781795502, 5.13378286362, 4.41727352142, 4.84088563919, 6.20122528076, 4.25911903381, 3.73661470413, 3.31381464005, 0.737820625305, 0.605360329151, 0.378409475088, 0.390496432781, 0.283548057079, 0.428164958954, 0.346074402332, 0.18195413053, 0.0814094468951, 0.0228555370122, 0.00510956160724, 0.000791968370322, 8.07335309219e-05], "var": [1.68093562126, 6.01264762878, 25.0945320129, 67.1575546265, 269.511077881, 874.482971191, 345.64175415, 488.114135742, 627.495300293, 634.579345703, 9997.3359375, 9035.37792969, 628.366638184, 982.232910156, 632.548034668, 4489.73144531, 1763.10681152, 401.65045166, 1007.2409668, 481.260986328, 215.162475586, 199.303787231, 231.270446777, 684.634033203, 273.900054932, 273.941772461, 187.142837524, 11.9059972763, 14.1836481094, 5.38095521927, 5.55706644058, 3.70674300194, 15.1814098358, 8.74447822571, 1.39033794403, 0.268974900246, 0.0227653142065, 0.00198742048815, 4.57373971585e-05, 1.61939865961e-07], "dmean2": [0.254625499249, 0.664571285248, 0.970300316811, 2.03138208389, 3.73116707802, 3.64277720451, 4.38636398315, 6.978703022, 5.25843381882, 6.36712789536, 20.195558548, 17.7260475159, 5.67785978317, 5.58345842361, 7.16047716141, 21.6639328003, 12.5731372833, 6.25078868866, 8.71767044067, 5.03905344009, 4.0541138649, 3.68874192238, 3.42146348953, 4.32776212692, 2.98878073692, 1.95093858242, 1.96752250195, 0.455289065838, 0.376676291227, 0.241576522589, 0.302402108908, 0.200329005718, 0.270472764969, 0.220691308379, 0.21096290648, 0.110120281577, 0.0266055520624, 0.00606255419552, 0.000733111693989, 5.62970672036e-05], "dvar": [0.401556998491, 2.9949157238, 4.68985033035, 17.0167007446, 76.72215271, 88.368270874, 91.9543457031, 103.3019104, 138.595840454, 173.049453735, 2728.43774414, 2828.08300781, 195.906738281, 191.904312134, 221.304580688, 2043.50280762, 554.263549805, 157.63885498, 536.009033203, 183.429672241, 70.0054931641, 70.3127593994, 57.9096107483, 208.795150757, 63.1769065857, 49.2100791931, 46.7066650391, 2.2555475235, 1.95616137981, 1.05263090134, 1.22356510162, 0.826346874237, 3.12126612663, 1.63533878326, 0.599594712257, 0.232260271907, 0.0106231318787, 0.000838511565235, 1.28350093291e-05, 5.27646477622e-08], "min": [1.56215537572e-05, 2.24562609219e-05, 2.24819686991e-05, 1.42701219374e-05, 1.09909633466e-05, 4.42633972852e-06, 8.95905668585e-06, 2.73528235084e-06, 2.96990401694e-06, 7.40638324714e-06, 1.00414354165e-05, 4.76320110465e-06, 4.01922761739e-06, 4.41730298917e-06, 3.56173609362e-06, 6.38250457996e-06, 5.53694007976e-06, 6.32396677247e-06, 1.16048186101e-05, 8.05229683465e-06, 8.8108199634e-06, 1.28966976263e-05, 1.28803194457e-05, 1.18748994282e-05, 8.3383074525e-06, 1.14912418212e-05, 9.2913132903e-06, 1.22187439047e-05, 1.05989211079e-05, 8.77782531461e-06, 8.55940015754e-06, 6.52728067507e-06, 4.69668111691e-06, 4.35352876593e-06, 2.44361604018e-06, 1.34322237955e-06, 1.17988133752e-06, 2.74512331089e-06, 3.39488178724e-06, 1.45791796058e-06], "median": [0.0361736193299, 0.380690664053, 0.642637252808, 0.616448879242, 0.522651553154, 0.880048394203, 1.98989963531, 2.39341878891, 2.20723319054, 3.60144114494, 5.94504117966, 3.94412183762, 1.44915008545, 1.64992713928, 1.95267486572, 4.52034759521, 2.84576630592, 1.25268268585, 1.1710985899, 0.774207055569, 0.787375926971, 0.500516414642, 0.265170514584, 0.171561926603, 0.14499014616, 0.0756625533104, 0.0318546891212, 0.015435969457, 0.0111128846183, 0.00681372173131, 0.00420372933149, 0.00212938711047, 0.00132875912823, 0.000854882062413, 0.000689372885972, 0.000173415828613, 3.97813091695e-05, 1.75044515345e-05, 9.89891395875e-06, 9.78294610832e-06], "max": [15.3829050064, 52.615852356, 95.8269271851, 98.0077362061, 293.768371582, 522.936035156, 421.505615234, 277.124664307, 400.376861572, 631.855773926, 1532.94262695, 1762.66003418, 580.413146973, 989.063171387, 524.864685059, 1423.60803223, 1169.03479004, 328.268951416, 1148.23632812, 641.06060791, 263.876983643, 243.98677063, 256.089233398, 597.379638672, 360.405426025, 532.220703125, 302.60357666, 148.018188477, 158.556167603, 98.6412811279, 96.8322601318, 47.7777137756, 142.913665771, 79.3348236084, 30.7725906372, 20.2591094971, 3.97547221184, 1.73915457726, 0.201503872871, 0.0109595749527]}, "silence_rate_30dB": {"dmean": 0.00881920661777, "dvar2": 0.0216410011053, "mean": 0.929747223854, "var": 0.0653173401952, "dmean2": 0.0176401417702, "dvar": 0.00874142814428, "min": 0, "median": 