{"tonal": {"chords_key": "C#", "hpcp_entropy": {"dmean": 0.568615376949, "dmean2": 0.959570348263, "max": 4.30975723267, "dvar": 0.246156513691, "mean": 1.77335512638, "dvar2": 0.650998592377, "min": 0, "var": 0.495544940233, "median": 1.7550547123}, "key_key": "E", "chords_strength": {"dmean": 0.00878367293626, "dmean2": 0.00821212958544, "max": 0.743529081345, "dvar": 6.12096409895e-05, "mean": 0.462889552116, "dvar2": 6.22887164354e-05, "min": 0.209119573236, "var": 0.00920550245792, "median": 0.461743831635}, "key_scale": "major", "chords_number_rate": 0.00221029366367, "thpcp": [1, 0.743881046772, 0.546422898769, 0.285241931677, 0.107841402292, 0.159944742918, 0.177096784115, 0.143538415432, 0.102460384369, 0.104982502759, 0.234103083611, 0.327767491341, 0.202343970537, 0.0676623880863, 0.0419525541365, 0.0352964699268, 0.0315392613411, 0.0529018640518, 0.0949656143785, 0.162403434515, 0.305548131466, 0.316509306431, 0.16520062089, 0.0999629572034, 0.0928890928626, 0.112793415785, 0.302430301905, 0.428490072489, 0.260437965393, 0.102833777666, 0.0754609629512, 0.0763275101781, 0.0770213752985, 0.0820611864328, 0.243403971195, 0.758519947529], "key_strength": 0.546225845814, "tuning_nontempered_energy_ratio": 0.880976200104, "tuning_frequency": 434.193115234, "chords_changes_rate": 0.0644142702222, "tuning_diatonic_strength": 0.546338379383, "chords_scale": "minor", "chords_histogram": [24.013261795, 1.08935904503, 8.93590164185, 2.46289873123, 4.86264610291, 0.994632124901, 6.17303419113, 0, 1.26302492619, 0.299968421459, 0, 0, 1.13672244549, 0.221029371023, 0.0315756238997, 0.205241560936, 4.01010417938, 4.42058753967, 0.0473634339869, 1.02620780468, 0, 1.23144936562, 2.06820344925, 35.5067901611], "tuning_equal_tempered_deviation": 0.205221921206, "hpcp": {"dmean": [0.0289558619261, 0.0241777524352, 0.0210930556059, 0.0256274361163, 0.043054971844, 0.0704477578402, 0.0903583988547, 0.0863728299737, 0.0702592656016, 0.0523917414248, 0.0474672168493, 0.0634113922715, 0.0917920693755, 0.0930978655815, 0.0976214706898, 0.0628618001938, 0.0472312159836, 0.0444872714579, 0.0447615049779, 0.0491421297193, 0.0947486460209, 0.163476124406, 0.153760150075, 0.161229789257, 0.130187436938, 0.0858195722103, 0.0505015142262, 0.0541113317013, 0.0526595041156, 0.0466516129673, 0.0444651022553, 0.049480561167, 0.0839496105909, 0.10026614368, 0.073439873755, 0.0382623225451], "dmean2": [0.0554376281798, 0.0462293550372, 0.0404175557196, 0.0473896749318, 0.0786659270525, 0.126731872559, 0.15316607058, 0.147100195289, 0.12448567152, 0.0977132692933, 0.0890832692385, 0.117537081242, 0.158246427774, 0.16161839664, 0.172747030854, 0.116545774043, 0.0891949161887, 0.0825849995017, 0.0834101215005, 0.0916268751025, 0.165223732591, 0.273433804512, 0.269376844168, 0.267101228237, 0.223932430148, 0.150160074234, 0.0911439284682, 0.0931853950024, 0.0921937972307, 0.0839825794101, 0.0811353251338, 0.0897268652916, 0.142744362354, 0.1658051759, 0.121849544346, 0.0708190724254], "max": [1, 1, 1, 1, 1, 1, 1, 1, 1, 1, 1, 1, 1, 1, 1, 1, 1, 1, 1, 1, 1, 1, 1, 1, 1, 1, 1, 1, 1, 1, 1, 1, 1, 1, 1, 1], "dvar": [0.0127541720867, 0.0116967046633, 0.00866844970733, 0.0082069626078, 0.0164060257375, 0.0282069910318, 0.0327169559896, 0.034263625741, 0.029875099659, 0.024292441085, 0.0218467749655, 0.0288000106812, 0.0382361672819, 0.0464897751808, 0.0421235151589, 0.0285813882947, 0.0234624035656, 0.0210531391203, 0.0209147017449, 0.021167807281, 0.0300336051732, 0.0482927821577, 0.0619829110801, 0.0413323231041, 0.0487244427204, 0.0288048572838, 0.0200047362596, 0.0205830074847, 0.0223031695932, 0.0178138297051, 0.0191861316562, 0.0180666856468, 0.0258728303015, 0.036270711571, 0.021558765322, 0.012887689285], "mean": [0.01761344634, 0.014818941243, 0.0132415080443, 0.0222104266286, 0.0398705564439, 0.0681837871671, 0.128281950951, 0.132883906364, 0.0693581625819, 0.0419686511159, 0.0389987453818, 0.0473554171622, 0.126972958446, 0.179898142815, 0.109342806041, 0.0431739427149, 0.0316816829145, 0.0320454984903, 0.0323368124664, 0.0344527363777, 0.102191217244, 0.318458557129, 0.419842034578, 0.312312543392, 0.229411303997, 0.119756557047, 0.0452763549984, 0.0671515241265, 0.0743526741862, 0.0602634623647, 0.0430171750486, 0.0440760664642, 0.0982863157988, 0.137610569596, 0.0849525034428, 0.0284075140953], "dvar2": [0.0371952280402, 0.0338200256228, 0.0249734465033, 0.0236238967627, 0.0455368719995, 0.0764632225037, 0.0807717815042, 0.0838639885187, 0.079649746418, 0.0694189667702, 0.0622191615403, 0.0825404971838, 0.100215777755, 0.108428694308, 0.113906741142, 0.080835968256, 0.0672854110599, 0.0591430217028, 0.0591195188463, 0.0603594407439, 0.0805322602391, 0.118211828172, 0.160045936704, 0.102384008467, 0.119868673384, 0.0794782787561, 0.0541525892913, 0.0511411167681, 0.0561017729342, 0.0485061518848, 0.051781617105, 0.0486955009401, 0.0662179067731, 0.0836190581322, 0.0535920038819, 0.0366336070001], "min": [0, 0, 0, 0, 0, 0, 0, 0, 0, 0, 0, 0, 0, 0, 0, 0, 0, 0, 0, 0, 0, 0, 0, 0, 0, 0, 0, 0, 0, 0, 0, 0, 0, 0, 0, 0], "var": [0.00736854830757, 0.00664072856307, 0.00500346999615, 0.00790461990982, 0.0185972694308, 0.0266262982041, 0.0587706938386, 0.0701419040561, 0.030582819134, 0.0208019092679, 0.0202130842954, 0.0227505862713, 0.0676581710577, 0.120163843036, 0.0512543916702, 0.0213959366083, 0.0160128697753, 0.0155635867268, 0.0151470303535, 0.0140143306926, 0.0328778363764, 0.118060775101, 0.185198813677, 0.0932462215424, 0.119131274521, 0.0401471145451, 0.0191300548613, 0.0346339978278, 0.0388628616929, 0.0341090746224, 0.0202086046338, 0.0182196460664, 0.0365244559944, 0.0652467906475, 0.0313739031553, 0.0101337488741], "median": [0.000354857766069, 0.000226372794714, 0.000197097280761, 0.000269514333922, 0.000552423938643, 0.00425366964191, 0.0141344843432, 0.0122512346134, 0.00304464669898, 0.000379866425646, 0.000307797628921, 0.000652499496937, 0.00146691710688, 0.00200668722391, 0.00177283887751, 0.000670048641041, 0.000429532432463, 0.000603095279075, 0.000897017598618, 0.00175722292624, 0.0231622308493, 0.165115922689, 0.212508887053, 0.259765505791, 0.0236024819314, 0.0105091445148, 0.00154596706852, 0.00356762181036, 0.00348217831925, 0.00120716064703, 0.000406117818784, 0.00182989705354, 0.0157054923475, 0.0221949890256, 0.0125807207078, 0.00198854971677]}}, "lowlevel": {"melbands_flatness_db": {"dmean": 0.0382426418364, "dmean2": 0.0557218678296, "max": 0.769198715687, "dvar": 0.00166161207017, "mean": 0.435056120157, "dvar2": 0.00371304014698, "min": 0.00516492407769, "var": 0.0155040984973, "median": 0.439934104681}, "melbands_crest": {"dmean": 2.88505363464, "dmean2": 4.68455314636, "max": 35.6327934265, "dvar": 7.37319898605, "mean": 18.1882266998, "dvar2": 19.971786499, "min": 2.22782993317, "var": 25.7261390686, "median": 18.160949707}, "spectral_entropy": {"dmean": 0.346877485514, "dmean2": 0.500268042088, "max": 9.80297756195, "dvar": 0.14322553575, "mean": 6.08380651474, "dvar2": 0.308105379343, "min": 3.49425411224, "var": 0.808890461922, "median": 6.10133886337}, "melbands": {"dmean": [0.00128593994305, 0.00193194299936, 0.00154200964607, 0.000846763781738, 0.000364252511645, 0.000181390947546, 6.48163841106e-05, 8.30718927318e-05, 2.99625171465e-05, 3.59574587492e-05, 3.40550650435e-05, 9.513149962e-06, 5.08286257173e-06, 1.38073789913e-06, 1.39679889344e-06, 9.04828937109e-07, 8.49943546655e-07, 1.06336756289e-06, 8.48136551213e-07, 5.0610475455e-07, 2.77662906001e-07, 2.58573550127e-07, 2.6961603794e-07, 2.77193151987e-07, 2.12678259004e-07, 1.31632248213e-07, 1.05372095049e-07, 9.23899179384e-08, 9.0544595821e-08, 6.81076031128e-08, 6.84535663709e-08, 4.87076761146e-08, 3.91872312377e-08, 4.45237198221e-08, 6.63986057248e-08, 6.71692390597e-08, 5.69276501494e-08, 5.01544121789e-08, 5.68465239326e-08, 6.21381204269e-08], "dmean2": [0.00203221617267, 0.00303843989968, 0.00233266642317, 0.001198910526, 0.000470420898637, 0.000221604481339, 9.25716012716e-05, 0.000113005124149, 3.97541771235e-05, 4.64998774987e-05, 4.72405808978e-05, 1.39521662277e-05, 7.64217111282e-06, 2.22642938752e-06, 2.20682431973e-06, 1.48382900989e-06, 1.39205064897e-06, 1.77254253231e-06, 1.39875135119e-06, 8.41046926325e-07, 4.76430869867e-07, 4.35233687313e-07, 4.65319686782e-07, 4.87427882945e-07, 3.71222682816e-07, 2.3296092877e-07, 1.88031251014e-07, 1.62079132338e-07, 1.57170632065e-07, 1.15518815846e-07, 1.14452632261e-07, 7.89550966829e-08, 5.884506038e-08, 6.51007709962e-08, 9.36045339017e-08, 9.15181672667e-08, 7.79284405894e-08, 6.96604871564e-08, 7.85143896564e-08, 8.53847055282e-08], "max": [0.048279505223, 0.0648298561573, 0.0743563622236, 0.0808881893754, 0.0872685834765, 0.0412511043251, 0.0112775396556, 0.0276428610086, 0.00293083256111, 0.00649614585564, 0.00521856499836, 0.00141579972114, 0.00179933465552, 0.00018446391914, 0.000212669721805, 0.000110866269097, 0.000189883226994, 0.000472680520033, 0.000102272861113, 7.79053880251e-05, 2.89952313324e-05, 4.28284256486e-05, 7.13347326382e-05, 7.29090825189e-05, 4.34308676631e-05, 2.25974108616e-05, 3.52548668161e-05, 1.44866326082e-05, 4.75989418192e-06, 6.87818237566e-06, 5.21933225173e-06, 4.48483115179e-06, 3.79951029572e-06, 2.24182667807e-06, 4.70251961815e-06, 5.39160055268e-06, 3.98576412408e-06, 4.23128221883e-06, 2.87526768261e-06, 4.73071122542e-06], "dvar": [6.46093212708e-06, 1.36935550472e-05, 1.08030017145e-05, 5.81592121307e-06, 4.02408932132e-06, 5.81273354783e-07, 6.08253927226e-08, 2.37110086232e-07, 6.55167253782e-09, 1.41059475212e-08, 1.15034071158e-08, 8.45736702892e-10, 6.18010420617e-10, 1.61253736058e-11, 1.90013803303e-11, 9.42071767818e-12, 1.00985140389e-11, 3.26065840994e-11, 1.03245719266e-11, 3.46739087095e-12, 7.4772794293e-13, 9.1019173535e-13, 1.4288415286e-12, 1.50252997978e-12, 6.64381093543e-13, 2.36642140345e-13, 3.01747830282e-13, 1.01022123067e-13, 6.46625290747e-14, 3.43581838869e-14, 3.13833431898e-14, 1.68302041547e-14, 1.10419147241e-14, 1.49666588259e-14, 4.05621547364e-14, 4.80135476191e-14, 2.6249695031e-14, 2.05362375732e-14, 2.3438621378e-14, 3.83115068804e-14], "mean": [0.00363915064372, 0.00498702703044, 0.002915476216, 0.00152336445171, 0.000707433442585, 0.000389864319004, 0.000133743247716, 0.000165349672898, 7.51786501496e-05, 0.000101523117337, 7.87176395534e-05, 1.98241468752e-05, 8.26709492685e-06, 2.16707576328e-06, 2.32991646953e-06, 1.42393173519e-06, 1.63902586792e-06, 1.63061486091e-06, 1.4522257743e-06, 9.35938601287e-07, 4.8126156571e-07, 4.01557883833e-07, 3.73647168317e-07, 3.56432309445e-07, 2.66560164164e-07, 1.4043240526e-07, 9.73169136387e-08, 1.04325231121e-07, 1.33657565016e-07, 1.08911869745e-07, 1.17913806719e-07, 7.32854701369e-08, 5.36653637084e-08, 6.24798985882e-08, 9.19172151725e-08, 9.52628056439e-08, 8.76870487332e-08, 7.75410811116e-08, 8.77691235246e-08, 9.55504404487e-08], "dvar2": [1.68381902768e-05, 3.13998789352e-05, 2.4305874831e-05, 1.0367757568e-05, 6.82272320773e-06, 1.0767855656e-06, 1.26450032667e-07, 4.27151746862e-07, 1.11835634087e-08, 2.58711825296e-08, 2.22220215562e-08, 1.92330751325e-09, 1.18921839043e-09, 3.73533079467e-11, 4.05973865636e-11, 2.30376655252e-11, 2.13010633437e-11, 6.87200366056e-11, 2.47234455131e-11, 8.63786039224e-12, 2.05112641281e-12, 2.25132391028e-12, 3.5761896916e-12, 4.38851515891e-12, 1.72858960219e-12, 6.26937358365e-13, 8.75731453499e-13, 2.75803034924e-13, 1.79535748247e-13, 8.84757558558e-14, 8.230447709e-14, 4.31298029788e-14, 2.48584942371e-14, 3.0363224142e-14, 7.51019526516e-14, 8.01709976075e-14, 4.47460468743e-14, 3.4607662195e-14, 3.98663408871e-14, 6.60336992335e-14], "min": [4.11533233137e-24, 4.04434628838e-24, 7.55450673733e-24, 4.48711419296e-24, 1.3462170094e-23, 1.09077493416e-23, 3.55037776118e-24, 2.81791981904e-24, 3.83027231567e-24, 7.43195956228e-24, 3.45996799056e-24, 7.78275811823e-24, 7.654302375e-24, 8.18135375642e-24, 5.42534669945e-24, 4.52796969367e-24, 5.55828869464e-24, 4.75406314557e-24, 1.19785538675e-23, 9.30750634116e-24, 4.95272750935e-24, 1.02939011725e-23, 1.10198267547e-23, 7.36306123968e-24, 6.77299170485e-24, 7.66792994714e-24, 7.92971738284e-24, 8.24204477016e-24, 8.8640923595e-24, 6.83859889976e-24, 8.01564957897e-24, 8.50316482954e-24, 6.56149178528e-24, 8.80668852915e-24, 8.48388270243e-24, 9.52494165019e-24, 7.86047196144e-24, 9.63385651993e-24, 9.77137548609e-24, 9.35174171642e-24], "var": [1.75313234649e-05, 3.54324765794e-05, 2.773633787e-05, 1.90463124454e-05, 1.2935884115e-05, 2.01578927772e-06, 1.51331661868e-07, 5.28015675627e-07, 4.94388601169e-08, 8.51829824455e-08, 5.46013581015e-08, 3.47839290704e-09, 1.24152221836e-09, 3.63176294593e-11, 4.50504321348e-11, 3.26233380588e-11, 8.10418676611e-11, 5.48010352375e-11, 2.82152929493e-11, 1.05017045407e-11, 1.95566111048e-12, 1.46147861608e-12, 1.61138127581e-12, 1.45375909661e-12, 7.25836762656e-13, 2.11537791407e-13, 2.08480165098e-13, 9.17812104529e-14, 8.9388986122e-14, 5.00417544588e-14, 6.06485280291e-14, 2.59773315868e-14, 1.71602234375e-14, 2.46475643985e-14, 6.69540242476e-14, 8.71084888249e-14, 5.09958523705e-14, 3.85065006411e-14, 4.58245197159e-14, 6.86861659671e-14], "median": [0.00236040633172, 0.00308587029576, 0.0011044597486, 0.000409585220041, 0.000100694996945, 5.97843354626e-05, 2.51464498433e-05, 9.13753865461e-06, 6.32554838376e-06, 6.39445715933e-06, 5.24653478351e-06, 1.60250272074e-06, 6.57840246276e-07, 3.65795756352e-07, 4.01331163857e-07, 2.11916756143e-07, 1.82208012234e-07, 1.7429294985e-07, 7.88153968756e-08, 4.03702244967e-08, 3.47125492794e-08, 5.78243799509e-08, 7.46482129443e-08, 6.88197374643e-08, 5.85599160274e-08, 3.21879767284e-08, 2.4454999803e-08, 2.22993499222e-08, 2.26398650938e-08, 2.11363317959e-08, 2.45168081392e-08, 1.47512171367e-08, 1.25777921411e-08, 1.44079681519e-08, 2.11119690618e-08, 2.16003162024e-08, 2.23491021245e-08, 1.87713506961e-08, 2.02330845411e-08, 1.96580085543e-08]}, "silence_rate_60dB": {"dmean": 0.0186325591058, "dmean2": 0.0372680611908, "max": 1, "dvar": 0.0182888954878, "mean": 0.141075238585, "dvar2": 0.0393602289259, "min": 0, "var": 0.12117036432, "median": 0}, "spectral_energyband_middle_high": {"dmean": 0.000197333138203, "dmean2": 0.000284312089207, "max": 0.0252586565912, "dvar": 2.99415631844e-07, "mean": 0.000494292471558, "dvar2": 5.9236595007e-07, "min": 1.36863302844e-21, "var": 1.73530293068e-06, "median": 6.83043253957e-05}, "erbbands_skewness": {"dmean": 0.740057647228, "dmean2": 1.09793806076, "max": 13.2417573929, "dvar": 0.703239262104, "mean": 2.15149569511, "dvar2": 1.56716358662, "min": -3.12148809433, "var": 3.71325683594, "median": 1.80445075035}, "dynamic_complexity": 5.79063892365, "dissonance": {"dmean": 0.0353064201772, "dmean2": 0.0576017647982, "max": 0.499991416931, "dvar": 0.00104378769174, "mean": 0.399919956923, "dvar2": 0.00266385171562, "min": 0.104431793094, "var": 0.00390281830914, "median": 0.410012841225}, "spectral_skewness": {"dmean": 0.632323145866, "dmean2": 0.887996435165, "max": 14.9290761948, "dvar": 0.489540994167, "mean": 3.32316231728, "dvar2": 0.927359104156, "min": -0.10626590997, "var": 2.61057686806, "median": 3.05468845367}, "spectral_kurtosis": {"dmean": 7.46663427353, "dmean2": 10.6819629669, "max": 302.891021729, "dvar": 123.657951355, "mean": 17.9334526062, "dvar2": 230.33442688, "min": -1.21632969379, "var": 399.413818359, "median": 11.7606163025}, "gfcc": {"cov": [[11915.3564453, 2693.80883789, 222.503219604, -1137.36657715, -119.923484802, -489.726196289, -77.9029006958, 377.689056396, 354.876953125, 458.188995361, -721.561584473, -333.535797119, 325.098999023], [2693.80883789, 2761.73510742, 837.750427246, -455.559570312, 430.718292236, -444.9765625, 175.547958374, -73.2734603882, 259.870330811, 1.12631237507, -29.2417984009, -293.903289795, 139.227813721], [222.503219604, 837.750427246, 1624.19189453, 239.97428894, 270.284820557, -94.2331008911, 47.8504066467, -75.7475585938, 72.2377853394, 11.8688640594, -15.3889408112, -105.937644958, -3.75213265419], [-1137.36657715, -455.559570312, 239.97428894, 628.906311035, 231.255233765, 148.728378296, -11.5630331039, -35.1557426453, -6.9490275383, -59.3837013245, 65.0114746094, 31.9005908966, -54.7855987549], [-119.923484802, 430.718292236, 270.284820557, 231.255233765, 509.473052979, 3.93537545204, 90.7824325562, -30.8183345795, 92.1019744873, -35.581615448, 37.6470794678, -64.3977508545, -2.22827506065], [-489.726196289, -444.9765625, -94.2331008911, 148.728378296, 3.93537545204, 286.610168457, 77.1116104126, 30.9785194397, -46.3206634521, -8.901512146, 44.8309135437, 35.2899627686, -33.0092926025], [-77.9029006958, 175.547958374, 47.8504066467, -11.5630331039, 90.7824325562, 77.1116104126, 212.434463501, 31.1938972473, 10.3962926865, -7.23034858704, 44.8177261353, -24.3010883331, -8.79269123077], [377.689056396, -73.2734603882, -75.7475585938, -35.1557426453, -30.8183345795, 30.9785194397, 31.1938972473, 158.256530762, 64.0105895996, 47.2419815063, -36.0822219849, 15.7531518936, 12.2784461975], [354.876953125, 259.870330811, 72.2377853394, -6.9490275383, 92.1019744873, -46.3206634521, 10.3962926865, 64.0105895996, 166.691925049, 55.3763084412, -18.4567604065, -31.8738574982, 34.9636268616], [458.188995361, 1.12631237507, 11.8688640594, -59.3837013245, -35.581615448, -8.901512146, -7.23034858704, 47.2419815063, 55.3763084412, 158.354736328, -0.211620926857, 7.73145866394, 2.94994783401], [-721.561584473, -29.2417984009, -15.3889408112, 65.0114746094, 37.6470794678, 44.8309135437, 44.8177261353, -36.0822219849, -18.4567604065, -0.211620926857, 191.323898315, 51.8825492859, -39.9401741028], [-333.535797119, -293.903289795, -105.937644958, 31.9005908966, -64.3977508545, 35.2899627686, -24.3010883331, 15.7531518936, -31.8738574982, 7.73145866394, 51.8825492859, 139.978973389, 8.72153091431], [325.098999023, 139.227813721, -3.75213265419, -54.7855987549, -2.22827506065, -33.0092926025, -8.79269123077, 12.2784461975, 34.9636268616, 2.94994783401, -39.9401741028, 8.72153091431, 128.531005859]], "mean": [-148.748809814, 131.114089966, -30.2167301178, 35.8111114502, -51.4996795654, 16.6296806335, -30.506483078, 11.1890201569, -21.9602909088, -6.03991174698, -12.9298038483, -5.7154250145, -6.95768737793], "icov": [[0.000231077705394, -0.000377988064429, 9.72537891357e-05, -8.73672252055e-06, 5.86772184761e-05, -0.000249347533099, 0.000276175414911, -0.000435835740063, 0.000383747945307, -0.000660186342429, 0.000800473673735, -0.000152901106048, -8.52599077916e-06], [-0.000377988064429, 0.00200569396839, -0.000671768735629, 0.0012048635399, -0.000940774625633, 0.00164450332522, -0.00120035372674, 0.00110142771155, -0.00158876739442, 0.00156381714623, -0.00209806486964, 0.00173196545802, -0.000877090904396], [9.72537891357e-05, -0.000671768735629, 0.00101151736453, -0.00085739948554, 0.000221771173528, -0.00013371570094, 2.61605237029e-05, 6.60122314002e-05, 0.000421864067903, -0.000789173587691, 0.000799365341663, -0.000259037245996, 0.000280071777524], [-8.73672252055e-06, 0.0012048635399, -0.00085739948554, 0.00396071560681, -0.00207953108475, -0.000735672423616, 0.000852097116876, 0.0004031934659, -0.00110581843182, 0.00134402210824, -0.000970741035417, 0.00031492463313, 0.000121893972391], [5.86772184761e-05, -0.000940774625633, 0.000221771173528, -0.00207953108475, 0.00410048896447, -0.000305054156343, -0.00111776473932, 0.000779071531724, -0.00152646645438, 0.000190969090909, 0.000420568452682, -4.96157008456e-05, 0.000377504678909], [-0.000249347533099, 0.00164450332522, -0.00013371570094, -0.000735672423616, -0.000305054156343, 0.00706124166027, -0.00332651217468, -0.000519722700119, 0.00053522590315, 0.000535225379281, -0.00179212389048, 0.00128201779444, -0.00063965836307], [0.000276175414911, -0.00120035372674, 2.61605237029e-05, 0.000852097116876, -0.00111776473932, -0.00332651217468, 0.00820412579924, -0.00317492126487, 0.00183499162085, -0.000276299047982, -0.000987031264231, 0.000862171524204, 9.84780344879e-05], [-0.000435835740063, 0.00110142771155, 6.60122314002e-05, 0.0004031934659, 0.000779071531724, -0.000519722700119, -0.00317492126487, 0.0118415728211, -0.00621800823137, 0.000134785586852, 0.00153234403115, -0.00221138796769, 0.00092927494552], [0.000383747945307, -0.00158876739442, 0.000421864067903, -0.00110581843182, -0.00152646645438, 0.00053522590315, 0.00183499162085, -0.00621800823137, 0.01300111413, -0.00449516717345, 0.000571745098568, 0.00146692956332, -0.00223347917199], [-0.000660186342429, 0.00156381714623, -0.000789173587691, 0.00134402210824, 0.000190969090909, 0.000535225379281, -0.000276299047982, 0.000134785586852, -0.00449516717345, 0.010341363959, -0.00320818740875, 0.000253182457527, 0.000606054498348], [0.000800473673735, -0.00209806486964, 0.000799365341663, -0.000970741035417, 0.000420568452682, -0.00179212389048, -0.000987031264231, 0.00153234403115, 0.000571745098568, -0.00320818740875, 0.0113322930411, -0.0054499222897, 0.00300004309975], [-0.000152901106048, 0.00173196545802, -0.000259037245996, 0.00031492463313, -4.96157008456e-05, 0.00128201779444, 0.000862171524204, -0.00221138796769, 0.00146692956332, 0.000253182457527, -0.0054499222897, 0.012773161754, -0.00372918299399], [-8.52599077916e-06, -0.000877090904396, 0.000280071777524, 0.000121893972391, 0.000377504678909, -0.00063965836307, 9.84780344879e-05, 0.00092927494552, -0.00223347917199, 0.000606054498348, 0.00300004309975, -0.00372918299399, 0.010351180099]]}, "spectral_complexity": {"dmean": 0.986104547977, "dmean2": 1.66774570942, "max": 26, "dvar": 1.43214702606, "mean": 5.45882987976, "dvar2": 3.38780832291, "min": 0, "var": 11.267706871, "median": 5}, "spectral_flux": {"dmean": 0.0263863112777, "dmean2": 0.0429090261459, "max": 0.457159280777, "dvar": 0.00115987972822, "mean": 0.0624340996146, "dvar2": 0.00293603073806, "min": 6.55849541342e-11, "var": 0.002757972572, "median": 0.0494289323688}, "spectral_energyband_low": {"dmean": 0.00896708201617, "dmean2": 0.0138621395454, "max": 0.268783092499, "dvar": 0.000264728732873, "mean": 0.0260013528168, "dvar2": 0.000614556891378, "min": 3.54357391476e-23, "var": 0.000782450893894, "median": 0.0188551172614}, "spectral_decrease": {"dmean": 3.38928107801e-09, "dmean2": 4.91674878589e-09, "max": 1.10856804451e-28, "dvar": 3.24077717295e-17, "mean": -1.04043635929e-08, "dvar2": 6.54229190218e-17, "min": -9.71530553784e-08, "var": 1.23983627091e-16, "median": -7.70749331025e-09}, "barkbands_spread": {"dmean": 1.69939243793, "dmean2": 2.57415008545, "max": 111.172195435, "dvar": 16.6252155304, "mean": 5.6978559494, "dvar2": 35.2890205383, "min": 0.0929837673903, "var": 119.047912598, "median": 2.59476447105}, "spectral_rms": {"dmean": 0.000915065640584, "dmean2": 0.00132083322387, "max": 0.0191534366459, "dvar": 1.35829259307e-06, "mean": 0.00539127271622, "dvar2": 2.76267405752e-06, "min": 3.24082644401e-12, "var": 9.86492705124e-06, "median": 0.00537079526111}, "spectral_centroid": {"dmean": 73.4982223511, "dmean2": 114.327575684, "max": 11520.1455078, "dvar": 30811.609375, "mean": 461.189819336, "dvar2": 63565.4570312, "min": 86.5452804565, "var": 546711.0625, "median": 263.663360596}, "barkbands_skewness": {"dmean": 1.16180348396, "dmean2": 1.73264825344, "max": 31.3740100861, "dvar": 2.03274440765, "mean": 3.23616027832, "dvar2": 4.69220066071, "min": -5.97179698944, "var": 7.77855396271, "median": 2.72010135651}, "spectral_rolloff": {"dmean": 98.2287979126, "dmean2": 167.596038818, "max": 19035.3515625, "dvar": 209813.921875, "mean": 628.463928223, "dvar2": 468289.375, "min": 64.599609375, "var": 3000549.5, "median": 193.798828125}, "erbbands_spread": {"dmean": 7.94411659241, "dmean2": 11.7719917297, "max": 199.102218628, "dvar": 171.201339722, "mean": 22.9109249115, "dvar2": 339.416473389, "min": 0.533268034458, "var": 559.603942871, "median": 15.8710355759}, "barkbands": {"dmean": [0.000116128954687, 0.00542445015162, 0.00374222174287, 0.00338288256899, 0.0036832971964, 0.00100253114942, 0.000413622241467, 0.000164451616001, 0.00027902261354, 0.000161813382874, 4.0629220166e-05, 1.39981866596e-05, 9.74224440142e-06, 1.05394883576e-05, 1.27744751808e-05, 4.66558731205e-06, 4.23084838985e-06, 5.64608490095e-06, 3.78988738703e-06, 3.05221510644e-06, 2.91529590868e-06, 2.18618674808e-06, 3.64759125659e-06, 4.25272492066e-06, 6.12925941823e-06, 1.93170649254e-06, 4.38047152329e-07], "dmean2": [0.000168229642441, 0.0084493001923, 0.00597389554605, 0.00526100769639, 0.00512580620125, 0.00122356624343, 0.000573646335397, 0.000242732930928, 0.000357773737051, 0.000226994874538, 6.12022049609e-05, 2.24323575821e-05, 1.57438371389e-05, 1.72194904735e-05, 2.10459456866e-05, 7.93357776274e-06, 7.1219842539e-06, 9.88212650554e-06, 6.63843866278e-06, 5.36168772669e-06, 4.91701121064e-06, 3.39515418091e-06, 5.00294936501e-06, 5.61817387279e-06, 8.20315472083e-06, 2.63111769527e-06, 6.47242359264e-07], "max": [0.00847550388426, 0.197099179029, 0.205816686153, 0.225416064262, 0.348311752081, 0.176930338144, 0.101142510772, 0.0366333462298, 0.053356051445, 0.0234390478581, 0.0120333470404, 0.0022746596951, 0.000753456552047, 0.00201335619204, 0.00422557396814, 0.000348335976014, 0.000944713829085, 0.00128454633523, 0.000700271280948, 0.000559182604775, 0.000253546226304, 0.00017963074788, 0.00022761078435, 0.00026638674899, 0.000488905003294, 9.59193421295e-05, 9.01315943338e-05], "dvar": [1.25677033225e-07, 0.000114863505587, 7.31235923013e-05, 6.49943394819e-05, 0.00014065837604, 1.42429198604e-05, 3.76158936888e-06, 7.28244856418e-07, 8.55260793742e-07, 2.48985173812e-07, 3.36843370974e-08, 1.79767611908e-09, 8.64408100654e-10, 1.35946520707e-09, 3.4854754638e-09, 1.93830687611e-10, 2.37118991109e-10, 5.83522064002e-10, 1.73561498507e-10, 1.34396660467e-10, 5.67131897e-11, 3.04058063449e-11, 1.19566981316e-10, 1.4272277804e-10, 3.68239910786e-10, 3.17237694447e-11, 5.60435291924e-12], "mean": [0.00038374227006, 0.0157759711146, 0.00684930104762, 0.00567725626752, 0.00660430453718, 0.00213579740375, 0.000866393791512, 0.000267643015832, 0.0007909964188, 0.000345882668626, 6.49940484436e-05, 2.18871464313e-05, 1.38010327646e-05, 2.03043400688e-05, 2.09910504054e-05, 8.59815918375e-06, 6.59597617414e-06, 7.41335725252e-06, 4.45469004262e-06, 3.36977495863e-06, 5.13950681125e-06, 3.33972320732e-06, 5.24541792402e-06, 6.77957086737e-06, 9.86148552329e-06, 3.04684226649e-06, 4.92697267873e-07], "dvar2": [2.49898192806e-07, 0.000276926963124, 0.000170892002643, 0.000150696519995, 0.000258954416495, 2.48139658652e-05, 6.75000728734e-06, 1.58640614245e-06, 1.52658526531e-06, 4.88187311021e-07, 6.56261605059e-08, 3.91350241102e-09, 2.12970618918e-09, 3.02874569869e-09, 7.36875538365e-09, 5.30311128344e-10, 5.71529601423e-10, 1.66655200751e-09, 4.33396124544e-10, 3.77115783046e-10, 1.46480480523e-10, 7.22044923851e-11, 2.0439647197e-10, 2.16601070413e-10, 6.00621219427e-10, 5.09359360246e-11, 1.41497586217e-11], "min": [1.24226186594e-23, 1.01583417368e-23, 1.91825491943e-24, 1.13915182917e-23, 5.76404507574e-23, 6.07056360689e-23, 9.9032335864e-24, 9.45072324964e-24, 4.96625931378e-23, 3.46112722166e-23, 4.96618295204e-23, 6.09524674907e-23, 7.10014762615e-23, 4.61969630981e-23, 1.65067983214e-22, 1.12844217464e-22, 1.75011278313e-22, 1.87940948363e-22, 2.0246580876e-22, 3.08358482952e-22, 3.50148219012e-22, 4.12081070214e-22, 5.81798523873e-22, 8.03294560675e-22, 9.37421008428e-22, 1.78032027405e-21, 2.34285438548e-21], "var": [5.0744534974e-07, 0.000347167166183, 0.000166603829712, 0.000147050712258, 0.000432776461821, 5.10770150868e-05, 8.77352886164e-06, 1.84039731721e-06, 5.29471753907e-06, 1.36083997404e-06, 7.055571416e-08, 4.03369293522e-09, 1.30692756617e-09, 9.63288027123e-09, 7.23798487812e-09, 5.22976051354e-10, 3.59313800935e-10, 5.84215731347e-10, 1.8263068835e-10, 1.10420908528e-10, 9.66856039675e-11, 5.05166533604e-11, 2.1471940892e-10, 2.95650837145e-10, 7.24531490359e-10, 6.46876371913e-11, 5.17616114901e-12], "median": [1.92744755623e-05, 0.00981627590954, 0.00272685079835, 0.00183582084719, 0.00142867583781, 0.000312046380714, 0.000110410852358, 2.41111702053e-05, 5.04946074216e-05, 1.863612124e-05, 4.54784139947e-06, 3.40390101883e-06, 2.44796797233e-06, 2.10755638363e-06, 1.20464767406e-06, 5.14225064308e-07, 1.14222666525e-06, 1.44194336826e-06, 9.996396102e-07, 7.90489878e-07, 1.08345352601e-06, 7.67339429331e-07, 1.2422646023e-06, 1.71379122094e-06, 2.02032606467e-06, 6.3411539486e-07, 2.76329430449e-08]}, "melbands_kurtosis": {"dmean": 27.197807312, "dmean2": 41.2565307617, "max": 1468.08276367, "dvar": 3053.44140625, "mean": 49.4862747192, "dvar2": 6975.13916016, "min": -1.7700959444, "var": 6411.42626953, "median": 23.3321208954}, "erbbands_crest": {"dmean": 2.76707386971, "dmean2": 4.28180932999, "max": 32.871635437, "dvar": 6.63138771057, "mean": 13.2927350998, "dvar2": 16.3826408386, "min": 2.99900794029, "var": 25.5392208099, "median": 12.5001821518}, "melbands_skewness": {"dmean": 1.11522102356, "dmean2": 1.65474259853, "max": 24.4305477142, "dvar": 2.10868024826, "mean": 3.40477895737, "dvar2": 4.63221979141, "min": -4.98324918747, "var": 7.37047529221, "median": 2.83634328842}, "spectral_energyband_middle_low": {"dmean": 0.0073105180636, "dmean2": 0.010161653161, "max": 0.372510820627, "dvar": 0.000263402384007, "mean": 0.0164806935936, "dvar2": 0.000478424743051, "min": 2.77165812044e-22, "var": 0.000938391662203, "median": 0.0075621237047}, "spectral_contrast_coeffs": {"dmean": [0.0485715791583, 0.0464262031019, 0.0364818498492, 0.0257210433483, 0.0189770571887, 0.0172988083214], "dmean2": [0.0776564478874, 0.0724214985967, 0.0577927753329, 0.0425363369286, 0.0312726050615, 0.0273255184293], "max": [-0.187659204006, -0.328497946262, -0.445945173502, -0.550625085831, -0.635559082031, -0.620016515255], "dvar": [0.00182686594781, 0.00164856028277, 0.000939401041251, 0.000473315361887, 0.000260197819443, 0.000253087229794], "mean": [-0.618007540703, -0.700278759003, -0.752818882465, -0.820433914661, -0.838876545429, -0.84193611145], "dvar2": [0.00453461660072, 0.00388292316347, 0.0023119202815, 0.00120616995264, 0.000659348559566, 0.000615115626715], "min": [-0.985853612423, -0.981095612049, -0.970604479313, -0.958611905575, -0.961874246597, -0.962361454964], "var": [0.010248310864, 0.0110951373354, 0.00874436087906, 0.00279981619678, 0.00156793429051, 0.00115311064292], "median": [-0.621547818184, -0.705357670784, -0.767549872398, -0.826779544353, -0.84747171402, -0.846798181534]}, "spectral_contrast_valleys": {"dmean": [0.373179018497, 0.447134315968, 0.428501695395, 0.386424660683, 0.367486685514, 0.419999361038], "dmean2": [0.605762481689, 0.700741708279, 0.675920724869, 0.60057425499, 0.544489204884, 0.511323332787], "max": [-4.90888977051, -4.82436180115, -6.2579407692, -6.69703626633, -7.05343818665, -8.79842376709], "dvar": [0.119815841317, 0.191820442677, 0.206086277962, 0.197766050696, 0.198298454285, 0.151496037841], "mean": [-7.32890462875, -8.04187202454, -9.21290206909, -10.0118045807, -9.89727020264, -11.499669075], "dvar2": [0.279962718487, 0.433769643307, 0.463118672371, 0.450641065836, 0.435847789049, 0.240232035518], "min": [-28.0926303864, -27.319486618, -27.3063106537, -27.3111343384, -27.4406604767, -27.2814388275], "var": [2.54482793808, 1.9837911129, 1.54507279396, 1.50963652134, 1.17068254948, 1.02119624615], "median": [-6.93032217026, -7.77835798264, -9.06502056122, -9.95645427704, -9.79481124878, -11.4332904816]}, "silence_rate_20dB": {"dmean": 0.000789515266661, "dmean2": 0.00157915509772, "max": 1, "dvar": 0.000788900011685, "mean": 0.999447405338, "dvar2": 0.00205020559952, "min": 0, "var": 0.000552381447051, "median": 1}, "silence_rate_30dB": {"dmean": 0.0423180162907, "dmean2": 0.0846427157521, "max": 1, "dvar": 0.0405298881233, "mean": 0.934712231159, "dvar2": 0.0869538411498, "min": 0, "var": 0.0610302686691, "median": 1}, "spectral_strongpeak": {"dmean": 0.223516851664, "dmean2": 0.348183691502, "max": 7.74769115448, "dvar": 0.138315036893, "mean": 0.642442047596, "dvar2": 0.298984855413, "min": 0, "var": 0.45687019825, "median": 0.475852668285}, "spectral_spread": {"dmean": 939155.625, "dmean2": 1308031.625, "max": 41612940, "dvar": 1126923632640.0, "mean": 4385444.5, "dvar2": 1956685676540.0, "min": 477487.5, "var": 5274429554690.0, "median": 3927008.5}, "barkbands_flatness_db": {"dmean": 0.0344911925495, "dmean2": 0.0503448024392, "max": 0.609720826149, "dvar": 0.00133995851502, "mean": 0.32414457202, "dvar2": 0.00298856315203, "min": 0.042781483382, "var": 0.00968004390597, "median": 0.321305066347}, "pitch_salience": {"dmean": 0.0741574689746, "dmean2": 0.118576750159, "max": 0.927071511745, "dvar": 0.00505805946887, "mean": 0.437832087278, "dvar2": 0.0132881356403, "min": 0.029258299619, "var": 0.0162925161421, "median": 0.441435337067}, "erbbands_kurtosis": {"dmean": 7.14067983627, "dmean2": 10.7585945129, "max": 293.529541016, "dvar": 167.763427734, "mean": 13.3787231445, "dvar2": 385.373382568, "min": -1.91108226776, "var": 466.77230835, "median": 5.82493782043}, "average_loudness": 0.784764945507, "barkbands_crest": {"dmean": 2.49829006195, "dmean2": 3.94288110733, "max": 26.4119777679, "dvar": 5.68648958206, "mean": 15.0058698654, "dvar2": 15.108130455, "min": 3.19036769867, "var": 21.2330150604, "median": 14.73665905}, "hfc": {"dmean": 2.25679850578, "dmean2": 3.0879907608, "max": 103.229934692, "dvar": 18.8288192749, "mean": 7.0021443367, "dvar2": 33.3703384399, "min": 1.17344463737e-16, "var": 80.5192260742, "median": 4.60877132416}, "barkbands_kurtosis": {"dmean": 21.1271286011, "dmean2": 32.7230453491, "max": 1710.91015625, "dvar": 2049.90234375, "mean": 37.6727333069, "dvar2": 4620.34570312, "min": -1.89013326168, "var": 4334.02148438, "median": 18.349067688}, "erbbands": {"dmean": [0.123251311481, 1.37910068035, 3.82537722588, 8.47773838043, 12.7280416489, 10.354382515, 9.4943447113, 8.1125793457, 3.98949170113, 8.61490440369, 3.22054123878, 5.59729290009, 6.55120563507, 1.990483284, 1.07577061653, 0.573500335217, 0.416661262512, 0.454956918955, 0.587285935879, 0.584515273571, 0.239931225777, 0.240333810449, 0.272283554077, 0.254276961088, 0.162623271346, 0.138283714652, 0.131238117814, 0.109229326248, 0.0791094303131, 0.0757594481111, 0.115598805249, 0.0929405838251, 0.0724173635244, 0.0689632296562, 0.0430348403752, 0.0124399671331, 0.00296752643771, 0.000709912041202, 8.57023478602e-05, 1.49685847646e-05], "dmean2": [0.201835900545, 2.13346505165, 6.14080953598, 13.1745347977, 18.1518669128, 14.9524650574, 11.8205966949, 9.91497993469, 5.73708248138, 11.6757144928, 4.46946573257, 7.07075119019, 9.09749031067, 2.94091272354, 1.6354111433, 0.919384300709, 0.669481277466, 0.736211895943, 0.976089000702, 0.958900272846, 0.405817866325, 0.403799295425, 0.473763078451, 0.445098906755, 0.28948700428, 0.242700278759, 0.225180968642, 0.181798219681, 0.124307140708, 0.109401792288, 0.158640697598, 0.124003186822, 0.0968122854829, 0.0929692685604, 0.0589927025139, 0.0170627906919, 0.00410434929654, 0.000984354875982, 0.000127834398882, 2.14883293665e-05], "max": [4.12592983246, 47.7614593506, 174.825515747, 446.528533936, 1126.33215332, 1427.69189453, 2323.76367188, 2000.1229248, 784.975341797, 2938.00317383, 446.474975586, 700.668518066, 1012.15319824, 250.506027222, 382.190490723, 115.957649231, 31.1439704895, 109.073616028, 274.913665771, 93.9869766235, 23.8792686462, 44.1093101501, 42.9030799866, 45.9539985657, 35.3929862976, 18.7175788879, 9.31764984131, 9.65377044678, 6.61613178253, 3.81193375587, 8.12855434418, 6.73834466934, 4.94668292999, 4.63037157059, 5.61738538742, 0.726738393307, 0.14974373579, 0.0718515962362, 0.0183322336525, 0.000415790331317], "dvar": [0.0656865015626, 7.65727519989, 61.4201812744, 373.141448975, 1130.41345215, 1758.55822754, 2558.47900391, 1273.81152344, 220.502075195, 2716.75830078, 110.65222168, 276.2706604, 427.290039062, 33.7572746277, 25.7358608246, 3.45758390427, 1.50414001942, 3.14071130753, 10.4344835281, 5.57491445541, 0.519915163517, 0.810505568981, 0.93011957407, 0.957285761833, 0.4238897264, 0.239841625094, 0.126221105456, 0.0809824168682, 0.043943490833, 0.0392070449889, 0.125269338489, 0.0754712074995, 0.0414330549538, 0.0422316342592, 0.021987862885, 0.00134174188133, 7.25126301404e-05, 6.73227441439e-06, 2.22714589881e-07, 6.14677031496e-10], "mean": [0.31133043766, 3.90387582779, 8.27994823456, 15.262052536, 23.1685810089, 17.7409172058, 19.1254577637, 17.2697162628, 8.04231071472, 17.5704193115, 7.48336601257, 16.6679992676, 15.555727005, 4.2915186882, 1.85216605663, 0.977607369423, 0.674316704273, 0.920357167721, 0.967258930206, 1.05763399601, 0.470306515694, 0.399105072021, 0.385790705681, 0.332023501396, 0.17093962431, 0.155988037586, 0.206060811877, 0.194046035409, 0.122952722013, 0.111689634621, 0.165733799338, 0.144120171666, 0.115942724049, 0.109756350517, 0.0652286335826, 0.0191995948553, 0.00470594316721, 0.00103969639167, 0.000107748324808, 4.54643086414e-05], "dvar2": [0.186478018761, 17.8368320465, 145.665679932, 917.614379883, 1996.14453125, 3778.92163086, 3721.10864258, 2400.93408203, 486.479431152, 4829.38671875, 208.310684204, 463.600463867, 827.919067383, 76.2954940796, 49.9456062317, 7.35377693176, 3.65597343445, 6.42058753967, 21.347782135, 13.4468727112, 1.41671919823, 1.97297275066, 2.49652767181, 2.53223657608, 1.15385127068, 0.654214084148, 0.339853435755, 0.208452761173, 0.108765132725, 0.0754943266511, 0.21526505053, 0.118911720812, 0.0651236250997, 0.0686443150043, 0.0389686562121, 0.0022651120089, 0.000121919852972, 1.32811583171e-05, 5.61053525416e-07, 1.21672649733e-09], "min": [2.72895259891e-22, 2.58428893846e-21, 5.87357163453e-21, 3.70380911393e-20, 3.6028801545e-20, 1.64649796865e-19, 3.46481453373e-19, 4.81203635956e-19, 2.58761017363e-19, 2.64302765576e-19, 3.3283064682e-19, 1.07442882675e-18, 7.61542073188e-19, 2.16911261837e-18, 2.46793761171e-18, 2.11457411904e-18, 3.04517360807e-18, 2.93343556938e-18, 4.55526419459e-18, 8.15781153813e-18, 5.49708128669e-18, 1.06230024966e-17, 1.23275107192e-17, 9.17054778724e-18, 1.04105792066e-17, 1.2493438187e-17, 1.31681851291e-17, 1.51984610651e-17, 1.43384298017e-17, 1.56006296615e-17, 1.71194904304e-17, 1.37762331897e-17, 1.44797469919e-17, 1.12981572388e-17, 6.85014362803e-18, 5.41184404688e-18, 3.33860786536e-18, 1.37961690696e-18, 3.2080530187e-19, 3.58348729278e-20], "var": [0.150792077184, 23.0956916809, 133.434524536, 781.688171387, 4102.48193359, 3641.24609375, 9301.61035156, 4377.49609375, 527.609619141, 5973.64355469, 484.019683838, 2333.35522461, 2051.48803711, 139.781555176, 51.0373954773, 8.11437988281, 2.80174899101, 26.4498672485, 17.7188339233, 16.2140579224, 1.57436478138, 1.28674387932, 1.06077826023, 1.04470419884, 0.346099764109, 0.205547466874, 0.186133727431, 0.147903352976, 0.0691347420216, 0.0717166662216, 0.22233954072, 0.150816887617, 0.083333067596, 0.0818577557802, 0.0398012474179, 0.00271023181267, 0.000145427446114, 1.03214006231e-05, 2.07123292739e-07, 2.32830288383e-09], "median": [0.183179095387, 2.13800382614, 4.66464614868, 5.37199401855, 6.20481443405, 4.01303100586, 2.67834329605, 2.55169510841, 1.88201904297, 1.15337872505, 0.902711629868, 1.11374688148, 1.11910259724, 0.425393551588, 0.222241580486, 0.171858817339, 0.145861625671, 0.11109623313, 0.107581712306, 0.049526963383, 0.0363179557025, 0.0655711740255, 0.082851536572, 0.0772331655025, 0.0431449115276, 0.0379210971296, 0.0380787551403, 0.0424739345908, 0.0280200019479, 0.0284239966422, 0.039085265249, 0.0366595759988, 0.0287331081927, 0.023778853938, 0.0112847853452, 0.00399324623868, 0.000949547102209, 0.000134947142215, 2.44634356932e-05, 3.37354431394e-05]}, "spectral_energy": {"dmean": 0.012981579639, "dmean2": 0.0188150200993, "max": 0.376025468111, "dvar": 0.000476349145174, "mean": 0.0399036034942, "dvar2": 0.000959229597356, "min": 1.0765530298e-20