{"lowlevel": {"erbbands": {"mean": [0.0995121747255, 1.17124700546, 3.81446266174, 2.4050655365, 5.35320329666, 4.28948831558, 3.08972144127, 2.85809206963, 7.55820322037, 10.9926843643, 14.490228653, 25.7782840729, 27.9433746338, 28.3459339142, 52.3793792725, 39.5579032898, 35.7365531921, 23.2140216827, 19.9404716492, 16.7220497131, 17.2252807617, 19.5489788055, 14.7433052063, 12.3940906525, 9.72174263, 5.69630384445, 3.23836421967, 2.43764972687, 1.6948441267, 1.57499194145, 1.15190148354, 0.65807390213, 0.427070856094, 0.313745319843, 0.163529157639, 0.0773801654577, 0.0292222835124, 0.0102208219469, 0.00185367779341, 0.000138483170304], "dvar": [0.0231692250818, 1.9227052927, 11.3946895599, 51.1486701965, 771.563232422, 259.010284424, 237.248550415, 37.1014709473, 231.45223999, 574.270263672, 308.025390625, 1003.12908936, 1690.01013184, 2108.72680664, 4276.50488281, 4640.67041016, 5765.40234375, 1799.72937012, 1237.47460938, 531.346679688, 593.85723877, 1097.48693848, 973.348510742, 398.418334961, 495.773590088, 175.236557007, 56.5500411987, 28.775478363, 17.2986488342, 17.1682472229, 13.2499055862, 2.78615069389, 1.45419466496, 0.858936369419, 0.323321074247, 0.176824733615, 0.0626203119755, 0.00680606579408, 0.000165536504937, 1.2181241118e-06], "min": [1.13583171872e-22, 7.94652381199e-22, 3.25971906711e-21, 8.12855282216e-21, 2.08017926416e-20, 4.19089280204e-20, 5.18388370709e-20, 9.19566217971e-20, 1.56182621019e-19, 2.65657764967e-19, 2.75130378848e-19, 2.66516171648e-19, 6.16063337317e-19, 7.69110879191e-19, 8.08378952326e-19, 1.46689376737e-18, 1.3345133331e-18, 2.20296705289e-18, 2.58680243176e-18, 3.83020854123e-18, 3.63794198837e-18, 4.51159278056e-18, 6.25961608001e-18, 7.46104587532e-18, 7.75290745547e-18, 9.56071730165e-18, 8.84474285065e-18, 9.10589038748e-18, 1.21742242255e-17, 1.21224270027e-17, 1.08977033878e-17, 1.01759717597e-17, 8.73051251678e-18, 9.17150566239e-18, 7.21810789249e-18, 4.43451112799e-18, 2.43565192523e-18, 9.97279345381e-19, 2.42028549438e-19, 2.55573670743e-20], "dmean": [0.0716933235526, 0.744520187378, 1.92905080318, 1.88330686092, 4.77057027817, 3.48416852951, 2.31260943413, 1.81064665318, 4.33920621872, 6.34833621979, 7.836789608, 13.1058931351, 14.5993690491, 14.2296047211, 23.0786476135, 18.7035655975, 18.5550022125, 12.1262636185, 10.5260391235, 8.49554252625, 8.03075027466, 9.93998432159, 8.21828460693, 6.72924375534, 5.78073787689, 3.50151729584, 2.00452446938, 1.53285241127, 1.16325569153, 1.11779105663, 0.894370734692, 0.441107898951, 0.298518300056, 0.225915327668, 0.127388700843, 0.077852383256, 0.0346257537603, 0.0123275602236, 0.00218391208909, 0.000152386142872], "dmean2": [0.107714414597, 1.09634530544, 2.31791949272, 2.96787261963, 7.74194431305, 5.76382541656, 3.79981207848, 2.81596398354, 6.36176204681, 9.33316707611, 11.1808700562, 18.9189624786, 20.7672729492, 19.2424125671, 31.5810394287, 26.6354351044, 27.2297763824, 17.4677467346, 14.6912326813, 11.9457111359, 11.0366077423, 13.8423204422, 11.1498966217, 9.06910705566, 7.73714399338, 4.7439250946, 2.73862695694, 2.15678310394, 1.64189529419, 1.59370076656, 1.29372954369, 0.629401981831, 0.431961923838, 0.332124263048, 0.183259353042, 0.121074870229, 0.0572451204062, 0.0205117743462, 0.00354834320024, 0.000248895783443], "dvar2": [0.0530522726476, 4.45969676971, 15.8436956406, 126.790061951, 1800.43969727, 685.013122559, 690.359191895, 97.7036056519, 402.573364258, 1163.95654297, 591.399475098, 2069.70654297, 2979.95825195, 3493.45483398, 7327.44726562, 10169.5419922, 10905.6308594, 3568.65527344, 2302.38745117, 1018.00701904, 1102.13952637, 2072.42700195, 1642.97192383, 711.161437988, 821.727416992, 312.833251953, 107.025535583, 58.9717178345, 35.7049484253, 35.230014801, 26.8565883636, 5.475461483, 3.14030790329, 1.94392132759, 0.718519628048, 0.435231089592, 0.173866376281, 0.018578954041, 0.000427589227911, 3.28736632582e-06], "max": [3.8322956562, 34.4808616638, 78.557472229, 237.47845459, 1330.8157959, 922.043762207, 817.167602539, 282.900756836, 1080.87158203, 1015.80578613, 614.565673828, 789.600524902, 2896.76806641, 2048.04663086, 3405.234375, 5211.46826172, 3842.83129883, 1418.49499512, 1731.12634277, 559.57635498, 809.730407715, 1258.33618164, 1783.93896484, 468.521789551, 1185.44055176, 406.819732666, 277.488647461, 189.586929321, 170.140853882, 186.980178833, 155.051544189, 60.9997215271, 53.3495178223, 35.535484314, 22.209985733, 16.522480011, 13.0014657974, 4.10244989395, 0.654727578163, 0.0640217140317], "median": [0.047154776752, 0.511117696762, 0.749570906162, 0.809726834297, 1.25734186172, 1.53196239471, 0.852966427803, 0.961133778095, 1.68375730515, 2.75536775589, 5.10722827911, 5.95975828171, 7.08060932159, 6.1008849144, 6.25058460236, 5.82329750061, 4.16232585907, 2.79048061371, 2.1186811924, 1.69340324402, 1.74014377594, 1.35466575623, 1.09393906593, 1.0433037281, 0.643724679947, 0.403688013554, 0.242722928524, 0.268433362246, 0.165399417281, 0.160377904773, 0.102727219462, 0.0633973777294, 0.0426515489817, 0.0234017428011, 0.00860750675201, 0.00211983686313, 0.000426272687037, 8.16509564174e-05, 1.9638611775e-05, 1.73437347257e-05], "var": [0.0291537977755, 3.13098597527, 47.3727722168, 48.8954048157, 729.309448242, 212.125991821, 257.564849854, 47.7101707458, 708.040100098, 1422.31298828, 799.296447754, 3060.33740234, 4909.68652344, 7825.40234375, 20899.734375, 11754.7490234, 17356.6660156, 5127.91259766, 3770.20117188, 1603.20397949, 2177.73828125, 4079.85913086, 2392.8737793, 1079.04467773, 1141.29980469, 414.281677246, 117.389160156, 60.516910553, 34.0769729614, 29.2381420135, 20.5036811829, 4.98120832443, 2.38573932648, 1.32007992268, 0.48552402854, 0.176296040416, 0.0423107892275, 0.00473401974887, 0.000130916610942, 8.48351874083e-07]}, "gfcc": {"icov": [[0.000118685355119, 2.1781615942e-06, 0.000173534441274, -0.00012836951646, 8.02307040431e-05, -0.000125388411107, 8.40735592647e-05, -0.000188432473806, 0.000241517147515, -0.000139623065479, 0.000429207080742, -0.000246716721449, 0.000310711446218], [2.1781615942e-06, 0.00116570584942, 1.97006793314e-05, 0.000301314692479, -3.02952630591e-05, 0.000515415216796, -0.000606166955549, 0.00117479893379, -0.00146214233246, 0.00166139472276, -0.00184688356239, 0.00183536042459, -0.00100197200663], [0.000173534441274, 1.97006793314e-05, 0.00124021398369, -0.000605023757089, 0.000457714311779, -0.000469291000627, 1.49896568473e-05, 0.000482134928461, -0.000105678765976, -0.000190275080968, 0.00110342330299, -0.000742030912079, 0.00110306183342], [-0.00012836951646, 0.000301314692479, -0.000605023757089, 0.0036992887035, -0.000350343820173, -0.000184108357644, 0.000629565969575, 0.000106746665551, 9.11846291274e-05, 0.000524763774592, -0.00194733217359, 0.00212252279744, -0.000871166645084], [8.02307040431e-05, -3.02952630591e-05, 0.000457714311779, -0.000350343820173, 0.00401393184438, -0.000680000113789, -0.00126103137154, 0.00161405932158, -0.00126333523076, 0.000155275411089, 3.74154151359e-05, -0.000178923277417, 0.00070752389729], [-0.000125388411107, 0.000515415216796, -0.000469291000627, -0.000184108357644, -0.000680000113789, 0.00486279791221, -0.00112512311898, -0.00074796989793, 0.000151877204189, 0.000212502665818, 2.07011726161e-05, 0.000303926266497, -0.0016351431841], [8.40735592647e-05, -0.000606166955549, 1.49896568473e-05, 0.000629565969575, -0.00126103137154, -0.00112512311898, 0.0065607833676, -0.00162710191216, -0.000605655892286, 0.00224561593495, 0.000753650965635, -0.00223239744082, 0.000977773452178], [-0.000188432473806, 0.00117479893379, 0.000482134928461, 0.000106746665551, 0.00161405932158, -0.00074796989793, -0.00162710191216, 0.00947939511389, -0.00283390027471, 0.00180872122291, -0.00397256715223, 0.00324162375182, -0.000403822021326], [0.000241517147515, -0.00146214233246, -0.000105678765976, 9.11846291274e-05, -0.00126333523076, 0.000151877204189, -0.000605655892286, -0.00283390027471, 0.0129299480468, -0.00701316958293, 0.00314021552913, 0.00107674696483, -0.000569760042708], [-0.000139623065479, 0.00166139472276, -0.000190275080968, 0.000524763774592, 0.000155275411089, 0.000212502665818, 0.00224561593495, 0.00180872122291, -0.00701316958293, 0.0154441045597, -0.00477701518685, 0.000268854550086, 0.00182889134157], [0.000429207080742, -0.00184688356239, 0.00110342330299, -0.00194733217359, 3.74154151359e-05, 2.07011726161e-05, 0.000753650965635, -0.00397256715223, 0.00314021552913, -0.00477701518685, 0.0157289206982, -0.00483117811382, 0.00151092931628], [-0.000246716721449, 0.00183536042459, -0.000742030912079, 0.00212252279744, -0.000178923277417, 0.000303926266497, -0.00223239744082, 0.00324162375182, 0.00107674696483, 0.000268854550086, -0.00483117811382, 0.0168381556869, -0.00681004626676], [0.000310711446218, -0.00100197200663, 0.00110306183342, -0.000871166645084, 0.00070752389729, -0.0016351431841, 0.000977773452178, -0.000403822021326, -0.000569760042708, 0.00182889134157, 0.00151092931628, -0.00681004626676, 0.0161924865097]], "mean": [-81.8462219238, 124.843688965, -114.322166443, 20.9199352264, -42.0351333618, 21.5181541443, -17.1567745209, 10.3018903732, -15.2141714096, -5.34682703018, -9.92590236664, -4.6024055481, -8.7718744278], "cov": [[14789.4619141, -2205.59350586, -1315.20935059, 245.240463257, -424.062072754, 364.12322998, -312.824768066, 377.156524658, -418.100982666, 95.8295288086, -262.523712158, 118.018608093, -185.289871216], [-2205.59350586, 2205.87280273, -188.353713989, -117.293678284, 191.678817749, -220.34614563, 201.44644165, -123.310081482, 197.021728516, -144.256088257, 141.123291016, -143.557830811, 89.1556167603], [-1315.20935059, -188.353713989, 1248.5090332, 120.335647583, -53.7947692871, 65.8192443848, -24.4616336823, -94.2062988281, 10.3387680054, 22.9463043213, -67.5017700195, 15.0560779572, -46.4670524597], [245.240463257, -117.293678284, 120.335647583, 340.907348633, -14.20936203, 28.5290870667, -57.3098907471, 14.7840328217, -16.8567085266, 10.8395719528, 18.0416202545, -30.7354602814, -10.9164152145], [-424.062072754, 191.678817749, -53.7947692871, -14.20936203, 328.593200684, 22.5331497192, 85.9028625488, -49.3290977478, 46.7202682495, -13.190533638, 3.88858246803, -2.98480510712, 5.91403913498], [364.12322998, -220.34614563, 65.8192443848, 28.5290870667, 22.5331497192, 266.621612549, 38.4937286377, 32.3405723572, -22.2825546265, -5.31794691086, -22.2333393097, 23.1367301941, 12.4725675583], [-312.824768066, 201.44644165, -24.4616336823, -57.3098907471, 85.9028625488, 38.4937286377, 227.976043701, 10.7606267929, 21.5211753845, -50.5462303162, 1.56709241867, 14.3438186646, 16.0394630432], [377.156524658, -123.310081482, -94.2062988281, 14.7840328217, -49.3290977478, 32.3405723572, 10.7606267929, 160.237258911, 7.71545410156, 5.53163051605, 19.788640976, -15.5694990158, -7.63474702835], [-418.100982666, 197.021728516, 10.3387680054, -16.8567085266, 46.7202682495, -22.2825546265, 21.5211753845, 7.71545410156, 135.196670532, 35.5706710815, 7.21917963028, -29.5569477081, 0.839561283588], [95.8295288086, -144.256088257, 22.9463043213, 10.8395719528, -13.190533638, -5.31794691086, -50.5462303162, 5.53163051605, 35.5706710815, 110.447860718, 12.5052137375, 0.068757429719, -20.8767852783], [-262.523712158, 141.123291016, -67.5017700195, 18.0416202545, 3.88858246803, -22.2333393097, 1.56709241867, 19.788640976, 7.21917963028, 12.5052137375, 102.12789917, 4.44301080704, 8.50339126587], [118.018608093, -143.557830811, 15.0560779572, -30.7354602814, -2.98480510712, 23.1367301941, 14.3438186646, -15.5694990158, -29.5569477081, 0.068757429719, 4.44301080704, 100.2813797, 28.0981464386], [-185.289871216, 89.1556167603, -46.4670524597, -10.9164152145, 5.91403913498, 12.4725675583, 16.0394630432, -7.63474702835, 0.839561283588, -20.8767852783, 8.50339126587, 28.0981464386, 86.6608428955]]}, "spectral_skewness": {"mean": 2.15324282646, "dvar": 0.177246972919, "min": -0.107387527823, "dmean": 0.387870967388, "dmean2": 0.609852552414, "dvar2": 0.434221804142, "max": 8.11611461639, "median": 2.02521538734, "var": 0.538637280464}, "spectral_energyband_low": {"mean": 0.00796353537589, "dvar": 6.0252557887e-05, "min": 1.73589820381e-23, "dmean": 0.00440563075244, "dmean2": 0.0059536495246, "dvar2": 0.000121170400234, "max": 0.223712190986, "median": 0.00342755531892, "var": 0.000137287177495}, "spectral_energyband_middle_low": {"mean": 0.00526640983298, "dvar": 0.000127106090076, "min": 1.30097501607e-22, "dmean": 0.00282683758996, "dmean2": 0.00415521906689, "dvar2": 0.000298137776554, "max": 0.585343360901, "median": 0.00262285163626, "var": 0.000149982704897}, "mfcc": {"icov": [[0.000153038199642, 0.000149997838889, 0.000189423692063, -0.000107704130642, 6.66781706968e-05, -5.17675289302e-05, 4.20478318119e-05, -0.000172736967215, 0.000116727424029, -8.32777659525e-05, 1.72657364601e-05, 7.79995025368e-05, 2.09619247471e-06], [0.000149997838889, 0.000727930048015, 0.000249129749136, -0.000113022084406, -5.00906062371e-05, 5.98824371991e-05, -3.26070912706e-05, -0.000169448176166, -0.000348674191628, 0.000270603835816, -0.000538210733794, 0.000414837559219, -0.000102800186141], [0.000189423692063, 0.000249129749136, 0.00131032953504, -0.000445812038379, -0.000181152354344, -0.000454823428299, 0.000209739446291, -0.000142160468386, -0.000124994257931, 0.0003681142407, -0.000363391678547, 0.000279169820715, 0.000126651182654], [-0.000107704130642, -0.000113022084406, -0.000445812038379, 0.00409942446277, -0.000764794007409, 0.00022109253041, -0.000158602881129, 0.000499512418173, 0.000569162948523, -6.63981409161e-05, -8.40065986267e-05, -0.000243778456934, 0.000334095413564], [6.66781706968e-05, -5.00906062371e-05, -0.000181152354344, -0.000764794007409, 0.00572798168287, -0.00165978784207, -0.000291506788926, 0.000870254123583, 0.000424504600232, -0.00140127551276, -8.25998504297e-05, -0.000556627521291, -0.000540081993677], [-5.17675289302e-05, 5.98824371991e-05, -0.000454823428299, 0.00022109253041, -0.00165978784207, 0.00644614268094, -0.00162888073828, 0.00111413188279, -0.00307975383475, 0.00165976933204, 0.000645075109787, -0.000529741984792, -0.000787326192949], [4.20478318119e-05, -3.26070912706e-05, 0.000209739446291, -0.000158602881129, -0.000291506788926, -0.00162888073828, 0.0102373845875, -0.00641629146412, 0.00275477720425, -0.00171790271997, 0.00159025238827, -0.000959727680311, 0.000206490847631], [-0.000172736967215, -0.000169448176166, -0.000142160468386, 0.000499512418173, 0.000870254123583, 0.00111413188279, -0.00641629146412, 0.0129245845601, -0.00650476664305, 0.00337176420726, -0.000963069440331, -0.000278236082522, -0.000430015847087], [0.000116727424029, -0.000348674191628, -0.000124994257931, 0.000569162948523, 0.000424504600232, -0.00307975383475, 0.00275477720425, -0.00650476664305, 0.01634625718, -0.00748266465962, 0.00404093507677, -0.00170314265415, 0.0008217029972], [-8.32777659525e-05, 0.000270603835816, 0.0003681142407, -6.63981409161e-05, -0.00140127551276, 0.00165976933204, -0.00171790271997, 0.00337176420726, -0.00748266465962, 0.0156181668863, -0.00820930302143, 0.00432497542351, -0.0017921035178], [1.72657364601e-05, -0.000538210733794, -0.000363391678547, -8.40065986267e-05, -8.25998504297e-05, 0.000645075109787, 0.00159025238827, -0.000963069440331, 0.00404093507677, -0.00820930302143, 0.0166605580598, -0.00798333436251, 0.00558944651857], [7.79995025368e-05, 0.000414837559219, 0.000279169820715, -0.000243778456934, -0.000556627521291, -0.000529741984792, -0.000959727680311, -0.000278236082522, -0.00170314265415, 0.00432497542351, -0.00798333436251, 0.014494266361, -0.00446108402684], [2.09619247471e-06, -0.000102800186141, 0.000126651182654, 0.000334095413564, -0.000540081993677, -0.000787326192949, 0.000206490847631, -0.000430015847087, 0.0008217029972, -0.0017921035178, 0.00558944651857, -0.00446108402684, 0.0108710126951]], "mean": [-724.794067383, 154.120483398, -1.18347501755, 13.1367740631, 4.26780509949, 11.1513471603, 11.0931577682, 15.2663784027, 5.87169742584, 4.74415540695, 3.82296538353, 1.35725390911, 0.332301706076], "cov": [[9934.76464844, -1701.21960449, -1174.20068359, 51.3534049988, -186.395950317, -73.0421981812, 50.6817779541, 90.1473770142, -74.2225418091, 20.1504306793, -87.1984710693, -43.1982727051, 18.19049263], [-1701.21960449, 1827.82019043, -87.5583572388, -7.23992776871, 18.9492931366, -23.3209857941, 10.1863012314, 30.321554184, 48.4314918518, 13.8682670593, 54.4479560852, -13.8223361969, -15.9282884598], [-1174.20068359, -87.5583572388, 1033.22875977, 91.2453689575, 78.9804534912, 86.6679840088, -19.6570644379, -21.1476173401, 9.15532207489, -19.4234199524, 14.9266633987, 5.41176605225, -15.0536174774], [51.3534049988, -7.23992776871, 91.2453689575, 270.803710938, 43.2082138062, -2.9749519825, -9.63541221619, -27.1399269104, -21.1446399689, 4.14572525024, 16.3282699585, 4.48357391357, -12.6970682144], [-186.395950317, 18.9492931366, 78.9804534912, 43.2082138062, 214.333953857, 61.5091285706, 3.32014250755, -22.3421268463, 4.92250061035, 20.4589138031, 10.6439571381, 15.157544136, 15.87134552], [-73.0421981812, -23.3209857941, 86.6679840088, -2.9749519825, 61.5091285706, 216.117431641, 39.4360809326, 21.0980014801, 41.7289428711, -16.8685722351, -31.9721775055, 15.5845184326, 34.5679664612], [50.6817779541, 10.1863012314, -19.6570644379, -9.63541221619, 3.32014250755, 39.4360809326, 154.683883667, 83.7249450684, 16.0146446228, -8.39032173157, -19.4869403839, 11.7218809128, 16.2424621582], [90.1473770142, 30.321554184, -21.1476173401, -27.1399269104, -22.3421268463, 21.0980014801, 83.7249450684, 148.714035034, 48.7278175354, -14.619011879, -18.4043903351, 11.1741189957, 14.0152206421], [-74.2225418091, 48.4314918518, 9.15532207489, -21.1446399689, 4.92250061035, 41.7289428711, 16.0146446228, 48.7278175354, 104.360328674, 30.3700065613, -11.0661211014, 2.26469373703, 9.64292240143], [20.1504306793, 13.8682670593, -19.4234199524, 4.14572525024, 20.4589138031, -16.8685722351, -8.39032173157, -14.619011879, 30.3700065613, 110.990982056, 48.7566986084, -7.25332450867, -12.4418544769], [-87.1984710693, 54.4479560852, 14.9266633987, 16.3282699585, 10.6439571381, -31.9721775055, -19.4869403839, -18.4043903351, -11.0661211014, 48.7566986084, 121.785797119, 34.8848075867, -41.7165298462], [-43.1982727051, -13.8223361969, 5.41176605225, 4.48357391357, 15.157544136, 15.5845184326, 11.7218809128, 11.1741189957, 2.26469373703, -7.25332450867, 34.8848075867, 100.704406738, 23.8001461029], [18.19049263, -15.9282884598, -15.0536174774, -12.6970682144, 15.87134552, 34.5679664612, 16.2424621582, 14.0152206421, 9.64292240143, -12.4418544769, -41.7165298462, 23.8001461029, 124.372962952]]}, "silence_rate_20dB": {"mean": 0.99979788065, "dvar": 0.000269450974884, "min": 0, "dmean": 0.000269523618044, "dmean2": 0.000539083557669, "dvar2": 0.000673553557135, "max": 1, "median": 1, "var": 0.000202084454941}, "dynamic_complexity": 4.66783905029, "silence_rate_60dB": {"mean": 0.157997578382, "dvar": 0.0785942673683, "min": 0, "dmean": 0.0859780311584, "dmean2": 0.17196765542, "dvar2": 0.163812980056, "max": 1, "median": 0, "var": 0.133014425635}, "dissonance": {"mean": 0.441053360701, "dvar": 0.000920770515222, "min": 0, "dmean": 0.0306449551135, "dmean2": 0.0509645231068, "dvar2": 0.00243227672763, "max": 0.500000119209, "median": 0.450785040855, "var": 0.00188849854749}, "barkbands": {"mean": [3.46627748513e-05, 0.00461798347533, 0.00298758642748, 0.000783553463407, 0.00158244639169, 0.00032119313255, 0.000625896558631, 0.000527665135451, 0.00119969015941, 0.000815356674138, 0.00115112576168, 0.00112148432527, 0.000733404012863, 0.000428224855568, 0.000289965712, 0.000346238608472, 0.000308731017867, 0.000256298779277, 0.000219785491936, 0.000124872996821, 6.73670438118e-05, 4.64771437692e-05, 4.23851779487e-05, 2.74106205325e-05, 2.61600962403e-05, 1.71841311385e-05, 1.11652252599e-05], "dvar": [2.86595769339e-09, 3.38236459356e-05, 7.9984047261e-06, 1.70599796547e-05, 4.22449666075e-05, 1.30916760099e-06, 1.58244768045e-06, 7.42715428714e-07, 2.00160229724e-06, 1.99103442355e-06, 2.80433278022e-06, 3.26004328599e-06, 2.99353814626e-06, 7.59955014473e-07, 2.58160639532e-07, 3.22586515722e-07, 2.83873220042e-07, 2.5385884328e-07, 1.92511649288e-07, 8.53827657465e-08, 2.36425972133e-08, 1.13672964375e-08, 1.68365588138e-08, 5.35698552184e-09, 6.58364252004e-09, 1.61556368283e-08, 7.16988024507e-09], "min": [7.61251611703e-25, 2.82605553877e-24, 1.56864734623e-24, 2.28281002626e-24, 1.667062359e-23, 1.00185792502e-23, 1.09569900393e-23, 6.40786980146e-24, 8.41072847524e-24, 2.2703514671e-23, 1.2090986268e-23, 2.85428082419e-23, 2.45096180244e-23, 3.24143766371e-23, 3.90820972207e-23, 5.71163000175e-23, 6.87330909513e-23, 1.21695299929e-22, 1.3820099637e-22, 1.83361453036e-22, 2.43106635176e-22, 3.33150929699e-22, 3.9443585473e-22, 5.96319723955e-22, 9.12960110453e-22, 1.27871904112e-21, 2.03112058759e-21], "dmean": [2.37711410591e-05, 0.00300002121367, 0.00156771647744, 0.000818514381535, 0.00124477106147, 0.000229062585277, 0.000371347676264, 0.000319574348396, 0.000613907759544, 0.000464922748506, 0.000558694999199, 0.000529857352376, 0.000400481978431, 0.000242701455136, 0.000161873846082, 0.000176613611984, 0.000161898075021, 0.000146322287037, 0.000129094332806, 7.8112432675e-05, 4.22183475166e-05, 3.16504847433e-05, 3.212998854e-05, 1.85205644812e-05, 1.91800754692e-05, 1.95740340132e-05, 1.33672783704e-05], "dmean2": [3.70956804545e-05, 0.00445775361732, 0.00193035963457, 0.00135135126766, 0.00198796973564, 0.000369756686268, 0.000544839596841, 0.000474091997603, 0.000875235768035, 0.000658417469822, 0.000762432697229, 0.000748145801481, 0.00059233471984, 0.000351016788045, 0.000230453224503, 0.000249678851105, 0.00022962508956, 0.000201376446057, 0.000174813598278, 0.000106190207589, 5.90487616137e-05, 4.45112855232e-05, 4.64029581053e-05, 2.64614045591e-05, 2.75968995993e-05, 3.18348611472e-05, 2.19245630433e-05], "dvar2": [6.8903167616e-09, 7.90959820733e-05, 1.21767743622e-05, 4.14958412875e-05, 0.000101696656202, 3.78996787731e-06, 3.04160585074e-06, 1.46610034335e-06, 3.87600812246e-06, 3.15210127155e-06, 4.72055944556e-06, 6.57230430079e-06, 5.53368909095e-06, 1.48496076235e-06, 4.75201687777e-07, 6.510105095e-07, 5.39889242646e-07, 4.32606782397e-07, 3.27601156869e-07, 1.49084470991e-07, 4.99624484007e-08, 2.24803891058e-08, 3.40872290394e-08, 1.13444578176e-08, 1.44725218476e-08, 4.33583124959e-08, 1.88732798279e-08], "max": [0.00089808733901, 0.147814020514, 0.0647548735142, 0.148503154516, 0.352489173412, 0.0578292123973, 0.0650004968047, 0.0389166027308, 0.0363038592041, 0.121012620628, 0.0712020471692, 0.128213405609, 0.0987293720245, 0.0410051234066, 0.0262276548892, 0.0142579106614, 0.0186492837965, 0.0255162660033, 0.0185137726367, 0.00859404262155, 0.00529611343518, 0.00438000960276, 0.00546364905313, 0.00334646645933, 0.00311222509481, 0.00630984548479, 0.00447248481214], "median": [1.60064337251e-05, 0.00222797109745, 0.000489763217047, 0.00013230368495, 0.000515630585141, 0.000104476232082, 0.000118939642562, 0.000183192649274, 0.000257080304436, 0.000149382656673, 0.000115455593914, 0.000114775823022, 6.92779722158e-05, 3.60348240065e-05, 2.78679854091e-05, 2.73711266345e-05, 1.97128665604e-05, 1.64483899425e-05, 1.43051529449e-05, 7.97544544184e-06, 5.9187664192e-06, 4.89508329338e-06, 4.04170623369e-06, 2.71304497801e-06, 1.68960218616e-06, 2.87323160819e-07, 5.9293117971e-08], "var": [3.50231355029e-09, 4.8908732424e-05, 3.03110064124e-05, 1.53391865751e-05, 4.10834472859e-05, 1.25116503114e-06, 4.09042286265e-06, 1.49918162151e-06, 6.57477994537e-06, 6.07901802141e-06, 1.17438639791e-05, 1.08099357021e-05, 9.03789805307e-06, 2.27253030971e-06, 7.08547872819e-07, 9.82718347586e-07, 1.02084004538e-06, 6.36426761957e-07, 4.71132125313e-07, 1.9614289215e-07, 4.62971954107e-08, 2.29565610965e-08, 2.67485731342e-08, 9.00804497661e-09, 1.04907718068e-08, 1.2158581697e-08, 5.38882449774e-09]}, "spectral_complexity": {"mean": 11.1387281418, "dvar": 10.4146633148, "min": 0, "dmean": 2.87824273109, "dmean2": 3.91118597984, "dvar2": 18.3842697144, "max": 53, "median": 9, "var": 60.5515632629}, "spectral_energyband_high": {"mean": 0.000298026687233, "dvar": 4.82284633563e-07, "min": 7.20591928277e-21, "dmean": 0.000195861517568, "dmean2": 0.000268256379059, "dvar2": 9.50517232923e-07, "max": 0.0217291433364, "median": 3.35879522027e-05, "var": 9.33897467803e-07}, "hfc": {"mean": 13.3386259079, "dvar": 158.407028198, "min": 1.07662764653e-16, "dmean": 5.46004581451, "dmean2": 6.92957687378, "dvar2": 283.645721436, "max": 459.007598877, "median": 4.93016910553, "var": 538.221069336}, "melbands_kurtosis": {"mean": 14.2932329178, "dvar": 344.30291748, "min": -1.90366697311, "dmean": 9.25791454315, "dmean2": 14.0938873291, "dvar2": 750.828430176, "max": 527.933166504, "median": 4.62998485565, "var": 755.427001953}, "spectral_strongpeak": {"mean": 0.922818481922, "dvar": 0.947587549686, "min": 0, "dmean": 0.516875445843, "dmean2": 0.838949143887, "dvar2": 2.11039113998, "max": 17.7296180725, "median": 0.327080726624, "var": 2.21947956085}, "silence_rate_30dB": {"mean": 0.990567326546, "dvar": 0.00907993130386, "min": 0, "dmean": 0.00916380342096, "dmean2": 0.0183288417757, "dvar2": 0.021361971274, "max": 1, "median": 1, "var": 0.00934333633631}, "melbands_spread": {"mean": 19.3880138397, "dvar": 57.0415916443, "min": 0.335220873356, "dmean": 6.27120399475, "dmean2": 9.43711566925, "dvar2": 113.4635849, "max": 188.202651978, "median": 16.1592521667, "var": 251.884658813}, "melbands_crest": {"mean": 16.3479690552, "dvar": 10.5665931702, "min": 1.43362915516, "dmean": 3.66380214691, "dmean2": 5.68656826019, "dvar2": 24.1184768677, "max": 32.0693511963, "median": 15.7219009399, "var": 38.8555908203}, "average_loudness": 0.351894021034, "spectral_flux": {"mean": 0.0606925226748, "dvar": 0.000851664983202, "min": 6.42616723723e-11, "dmean": 0.0239381417632, "dmean2": 0.0369962714612, "dvar2": 0.0020532598719, "max": 0.747479081154, "median": 0.0503162741661, "var": 0.00192106503528}, "spectral_rolloff": {"mean": 1056.24780273, "dvar": 410331.1875, "min": 64.599609375, "dmean": 325.171630859, "dmean2": 526.114624023, "dvar2": 914952.4375, "max": 19509.0820312, "median": 839.794921875, "var": 1942457.25}, "melbands": {"mean": [0.00108841620386, 0.00185716385022, 0.000537054846063, 0.000374828814529, 0.000117634786875, 6.77213611198e-05, 0.00011452180479, 0.000116131617688, 0.000128876708914, 0.000170320941834, 0.000140673611895, 0.000111325483886, 0.000163749558851, 0.000125005244627, 9.23480984056e-05, 8.02350987215e-05, 3.79925404559e-05, 3.49855763488e-05, 2.17956639972e-05, 2.72157249128e-05, 1.65461133292e-05, 2.33696573559e-05, 1.08889553303e-05, 1.29546469907e-05, 9.68086078501e-06, 8.26091672934e-06, 5.14269049745e-06, 3.58286297342e-06, 2.15528075387e-06, 1.70584507941e-06, 1.22378605738e-06, 9.61262117016e-07, 8.48609261084e-07, 8.81834807842e-07, 7.05403124357e-07, 4.58513653712e-07, 3.89856836591e-07, 3.02019572018e-07, 2.82270690377e-07, 2.50411432035e-07], "dvar": [2.39057703766e-06, 2.57017040894e-06, 3.60499757335e-06, 2.7079361189e-06, 2.65169177283e-07, 2.27312693113e-08, 5.22288985394e-08, 5.81724357573e-08, 2.65623700813e-08, 4.82135185109e-08, 4.63563765152e-08, 3.58517766585e-08, 4.43878711565e-08, 2.70857523077e-08, 3.82169531576e-08, 5.15922380373e-08, 5.76813397046e-09, 5.14753617509e-09, 1.41586842251e-09, 2.29316921008e-09, 7.87003850977e-10, 1.80221160218e-09, 6.25977492064e-10, 6.71213584713e-10, 2.92043944583e-10, 4.34437791297e-10, 1.52014900667e-10, 8.89600823561e-11, 3.009455532e-11, 2.08021516679e-11, 6.48815246321e-12, 7.19641967545e-12, 4.18758300605e-12, 7.03213485706e-12, 5.23444482203e-12, 1.97602242728e-12, 9.56257100414e-13, 7.83332654384e-13, 7.78282115404e-13, 6.04759786086e-13], "min": [7.51974853977e-25, 1.64836243096e-24, 2.59888529174e-24, 2.46605590644e-24, 1.8923021845e-24, 2.31843518196e-24, 2.78712860576e-24, 2.768384679e-24, 2.10918864356e-24, 1.30842757437e-24, 2.71015037533e-24, 2.63130017798e-24, 2.1188774332e-24, 3.32911056031e-24, 3.13621296695e-24, 2.77610802169e-24, 3.26471406968e-24, 3.45678257022e-24, 3.15104434083e-24, 4.21346031709e-24, 3.59569939791e-24, 4.13311956706e-24, 4.26218549419e-24, 5.56118460302e-24, 5.42934385765e-24, 4.39628790378e-24, 4.58990513549e-24, 5.23333085537e-24, 4.9816337395e-24, 5.54843621636e-24, 4.80772383092e-24, 5.79209917834e-24, 5.82754467096e-24, 5.19313563123e-24, 5.17603509896e-24, 5.16855117555e-24, 6.25913875525e-24, 5.2652288405e-24, 6.4386669312e-24, 7.06222518917e-24], "dmean": [0.000757227244321, 0.00097354844911, 0.000417996227043, 0.000315248442348, 8.60511572682e-05, 4.34870416939e-05, 6.69083165121e-05, 6.82555473759e-05, 7.08044317435e-05, 8.77961501828e-05, 7.51729094191e-05, 5.93907061557e-05, 7.57425805205e-05, 5.51421726414e-05, 4.82825016661e-05, 4.38192510046e-05, 2.12640316022e-05, 1.93850373762e-05, 1.2226326362e-05, 1.43849738379e-05, 8.1665284597e-06, 1.22664660012e-05, 6.1577516135e-06, 7.40507539376e-06, 5.49507694814e-06, 5.01211980009e-06, 3.25423752656e-06, 2.28885460274e-06, 1.35287962166e-06, 1.12565840027e-06, 7.88964882759e-07, 6.78232595419e-07, 6.07943491104e-07, 6.48764739708e-07, 5.65612765513e-07, 3.39619901979e-07, 2.5841913498e-07, 2.21169131009e-07, 1.99345777219e-07, 1.86075709507e-07], "dmean2": [0.00114574364852, 0.00123911676928, 0.000653019873425, 0.000509484205395, 0.000141258526128, 6.77651769365e-05, 9.80509212241e-05, 0.000100656310678, 0.000100148536148, 0.00012689815776, 0.000107073210529, 8.11058635009e-05, 0.000103208585642, 7.68702593632e-05, 7.00034725014e-05, 6.40552971163e-05, 3.10121795337e-05, 2.74004978564e-05, 1.75404475158e-05, 2.04325933737e-05, 1.12696016004e-05, 1.74785673153e-05, 8.59743340698e-06, 9.98510677164e-06, 7.53248878027e-06, 6.67811536914e-06, 4.48632772532e-06, 3.1741087696e-06, 1.85899943972e-06, 1.60803676863e-06, 1.12940233521e-06, 9.73339865595e-07, 8.62140552726e-07, 9.49211994339e-07, 8.36219157918e-07, 4.92350807235e-07, 3.74161572836e-07, 3.25547091506e-07, 2.95281154195e-07, 2.78652350971e-07], "dvar2": [5.61424349144e-06, 4.24190102422e-06, 8.58083876665e-06, 6.58234603179e-06, 7.64823766986e-07, 6.06519918733e-08, 9.31296426643e-08, 1.15383670618e-07, 4.81550053166e-08, 9.78457137535e-08, 7.9807385589e-08, 5.87201078872e-08, 7.50971054231e-08, 4.91499321242e-08, 7.70339383394e-08, 9.52883425498e-08, 1.17449197035e-08, 9.73926628234e-09, 2.74471512185e-09, 4.72967531806e-09, 1.35426092562e-09, 3.51926421338e-09, 1.0770289105e-09, 1.14782161553e-09, 5.39662758925e-10, 6.90890455957e-10, 2.76798500787e-10, 1.62280397453e-10, 5.36331361267e-11, 4.65395777471e-11, 1.32834594019e-11, 1.62257325631e-11, 8.44844333381e-12, 1.54192023732e-11, 1.09810181781e-11, 4.00645966056e-12, 1.93544290837e-12, 1.68377855062e-12, 1.83578282784e-12, 1.39015849613e-12], "max": [0.0393024906516, 0.0356387719512, 0.0727981775999, 0.0828449055552, 0.0296026263386, 0.00721022440121, 0.015624304302, 0.00995595101267, 0.00642568897456, 0.00527592282742, 0.0161563847214, 0.00912728719413, 0.0100117791444, 0.00604058336467, 0.0158340726048, 0.0136248124763, 0.00261374120601, 0.00323459599167, 0.00128548208158, 0.00138482009061, 0.00117776310071, 0.00146117655095, 0.001208497677, 0.00107075565029, 0.000450663617812, 0.00115852244198, 0.00041696021799, 0.000348332774593, 0.000215758322156, 0.000204294847208, 7.21616306691e-05, 0.000132119399495, 7.97903339844e-05, 0.000144673322211, 9.07917201403e-05, 6.17012847215e-05, 3.3780834201e-05, 3.71342321159e-05, 5.7330737036e-05, 3.16517580359e-05], "median": [0.000547585776076, 0.000554872793145, 0.000174543180037, 0.000118495576316, 3.48536850652e-05, 2.24742452701e-05, 2.48533360718e-05, 2.85904916382e-05, 3.74560950149e-05, 3.42964340234e-05, 3.15895667882e-05, 1.9204133423e-05, 1.81498362508e-05, 1.39209760164e-05, 9.99493477138e-06, 5.77700302529e-06, 3.859136541e-06, 2.82418295683e-06, 2.1469747935e-06, 1.90227535768e-06, 1.56004875862e-06, 1.21703033074e-06, 8.02555291557e-07, 8.07962351246e-07, 6.96810730005e-07, 4.11752182572e-07, 3.13666134844e-07, 2.02137783845e-07, 1.30465934944e-07, 1.28619404904e-07, 1.53802830027e-07, 9.40347320011e-08, 6.81662157831e-08, 8.72090879511e-08, 6.04881051913e-08, 4.24236574759e-08, 3.45664226131e-08, 2.95489996915e-08, 2.20782432336e-08, 1.75417795845e-08], "var": [3.04369223159e-06, 9.07678077056e-06, 3.5028892853e-06, 2.4138084882e-06, 2.79554797089e-07, 2.7819460513e-08, 1.49116345938e-07, 1.4488645661e-07, 7.72318884401e-08, 1.50275440092e-07, 1.36307335197e-07, 1.27785895643e-07, 1.94542948861e-07, 1.3042878777e-07, 1.03830480214e-07, 1.51918612801e-07, 1.54412909126e-08, 1.53899275546e-08, 3.85487597399e-09, 6.31930463513e-09, 2.7022966087e-09, 6.53331078126e-09, 1.55440826877e-09, 1.73491254696e-09, 7.56685769598e-10, 1.00665276115e-09, 3.50500850566e-10, 2.04431818696e-10, 6.46569187079e-11, 3.35337799195e-11, 1.41406599971e-11, 1.24174186558e-11, 7.98408908431e-12, 1.03858683806e-11, 7.69838446463e-12, 3.14444195508e-12, 1.69961516649e-12, 1.27375627407e-12, 1.09595199669e-12, 8.90690299293e-13]}, "spectral_energy": {"mean": 0.0187148340046, "dvar": 0.000234549006564, "min": 1.01502743277e-20, "dmean": 0.0076413420029, "dmean2": 0.00995982717723, "dvar2": 0.0004956414341, "max": 0.648994684219, "median": 0.0113788787276, "var": 0.000567845185287}, "spectral_decrease": {"mean": -4.63803040418e-09, "dvar": 1.51642008985e-17, "min": -1.64816654546e-07, "dmean": 1.91771265534e-09, "dmean2": 2.51095944037e-09, "dvar2": 3.23578861211e-17, "max": 1.75665586897e-28, "median": -2.83686851787e-09, "var": 3.47950943867e-17}, "erbbands_spread": {"mean": 26.402715683, "dvar": 84.9348220825, "min": 0.806255340576, "dmean": 7.1787238121, "dmean2": 10.7451305389, "dvar2": 179.253219604, "max": 163.541519165, "median": 22.4186534882, "var": 277.677642822}, "spectral_contrast_coeffs": {"mean": [-0.68839687109, -0.748996317387, -0.736460745335, -0.750061690807, -0.76767963171, -0.778641760349], "dvar": [0.00175053742714, 0.00166031066328, 0.00153230386786, 0.00118776282761, 0.000978564843535, 0.000358112476533], "min": [-0.978490710258, -0.989521443844, -0.974674761295, -0.979011714458, -0.968401491642, -0.964390575886], "dmean": [0.0484284497797, 0.0473899096251, 0.0450905971229, 0.03824948892, 0.0316389240324, 0.0192813370377], "dmean2": [0.0774156302214, 0.0746832937002, 0.0673606842756, 0.0570208318532, 0.0447679422796, 0.0292312782258], "dvar2": [0.00432908907533, 0.00375156360678, 0.00312508107163, 0.0022884926293, 0.0017048829468, 0.000769552658312], "max": [-0.264930665493, -0.371135562658, -0.365036576986, -0.41815072298, -0.495030581951, -0.549467504025], "median": [-0.694090127945, -0.760944187641, -0.749529838562, -0.765864253044, -0.781203508377, -0.785160601139], "var": [0.00637578265741, 0.00632700743154, 0.00799105502665, 0.00621484359726, 0.00532464077696, 0.00166918116156]}, "spectral_energyband_middle_high": {"mean": 0.00563006615266, "dvar": 2.46452982537e-05, "min": 1.10425764304e-21, "dmean": 0.00222254451364, "dmean2": 0.00287524610758, "dvar2": 3.96096329496e-05, "max": 0.195270940661, "median": 0.00147791521158, "var": 0.000108077954792}, "erbbands_crest": {"mean": 10.9092760086, "dvar": 7.56619787216, "min": 2.67590141296, "dmean": 2.72297930717, "dmean2": 4.24836349487, "dvar2": 16.6046276093, "max": 32.7775001526, "median": 9.66690254211, "var": 26.3534030914}, "barkbands_crest": {"mean": 11.4128904343, "dvar": 7.97321081161, "min": 2.30657243729, "dmean": 2.99233722687, "dmean2": 4.84653949738, "dvar2": 20.528470993, "max": 26.101556778, "median": 10.8864784241, "var": 19.2603359222}, "pitch_salience": {"mean": 0.47783061862, "dvar": 0.00564217520878, "min": 0.0755558386445, "dmean": 0.0832611173391, "dmean2": 0.130546867847, "dvar2": 0.013756765984, "max": 0.989711403847, "median": 0.475551426411, "var": 0.018153347075}, "melbands_skewness": {"mean": 2.35638380051, "dvar": 1.05686545372, "min": -3.42389321327, "dmean": 0.944643378258, "dmean2": 1.38420343399, "dvar2": 2.16693162918, "max": 19.0945777893, "median": 1.94232988358, "var": 4.26054048538}, "spectral_spread": {"mean": 3863298.5, "dvar": 1021501374460.0, "min": 833630.3125, "dmean": 707811.375, "dmean2": 1014817.6875, "dvar2": 2027999723520.0, "max": 42547692, "median": 3294999.5, "var": 7943871266820.0}, "spectral_entropy": {"mean": 7.08714866638, "dvar": 0.0633850991726, "min": 4.65761995316, "dmean": 0.253156006336, "dmean2": 0.33741402626, "dvar2": 0.127682164311, "max": 9.82640552521, "median": 7.07052087784, "var": 0.303984224796}, "erbbands_flatness_db": {"mean": 0.191001296043, "dvar": 0.000770954298787, "min": 0.0370830893517, "dmean": 0.0266357902437, "dmean2": 0.0356879979372, "dvar2": 0.00141383591108, "max": 0.456043928862, "median": 0.194390639663, "var": 0.00341369118541}, "spectral_kurtosis": {"mean": 9.14327335358, "dvar": 29.1733455658, "min": -1.25600671768, "dmean": 3.98843836784, "dmean2": 6.54493713379, "dvar2": 75.6800613403, "max": 94.8264770508, "median": 6.8415350914, "var": 58.9012870789}, "erbbands_skewness": {"mean": 0.379615306854, "dvar": 0.180457532406, "min": -4.58447504044, "dmean": 0.410200417042, "dmean2": 0.622245252132, "dvar2": 0.409972578287, "max": 4.94326114655, "median": 0.362499296665, "var": 0.604449093342}, "erbbands_kurtosis": {"mean": 1.62696421146, "dvar": 3.27828097343, "min": -1.78517305851, "dmean": 1.26513874531, "dmean2": 1.93468821049, "dvar2": 7.30139780045, "max": 51.9995880127, "median": 0.779012203217, "var": 9.06810760498}, "barkbands_spread": {"mean": 15.8690223694, "dvar": 42.1668891907, "min": 0.400743365288, "dmean": 5.07272577286, "dmean2": 7.74955272675, "dvar2": 97.4869155884, "max": 91.9294815063, "median": 14.1053066254, "var": 106.918861389}, "zerocrossingrate": {"mean": 0.0400676839054, "dvar": 0.000121724762721, "min": 0.00244140625, "dmean": 0.00853154808283, "dmean2": 0.0100004868582, "dvar2": 0.000154532739543, "max": 0.52685546875, "median": 0.03466796875, "var": 0.00141457736026}, "spectral_centroid": {"mean": 1053.49157715, "dvar": 79808.0546875, "min": 117.498008728, "dmean": 220.111572266, "dmean2": 307.297729492, "dvar2": 144354.203125, "max": 12000.1083984, "median": 901.597961426, "var": 695387.25}, "barkbands_skewness": {"mean": 1.48017156124, "dvar": 0.642526745796, "min": -3.97377347946, "dmean": 0.735552191734, "dmean2": 1.08324205875, "dvar2": 1.35523343086, "max": 12.6228513718, "median": 1.21399080753, "var": 2.45959949493}, "melbands_flatness_db": {"mean": 0.264196157455, "dvar": 0.00136893626768, "min": 0.00359165202826, "dmean": 0.0377579443157, "dmean2": 0.0521981604397, "dvar2": 0.0027132933028, "max": 0.633767187595, "median": 0.256675630808, "var": 0.00758896162733}, "spectral_contrast_valleys": {"mean": [-7.5302400589, -7.46880722046, -7.84559488297, -8.62934398651, -9.01185894012, -11.496178627], "dvar": [0.166002988815, 0.140802502632, 0.153395518661, 0.165259242058, 0.19865565002, 0.355394333601], "min": [-27.9423751831, -28.0424251556, -27.9947395325, -27.7211875916, -27.4184417725, -27.409330368], "dmean": [0.442775219679, 0.41336658597, 0.429337590933, 0.439072519541, 0.440199524164, 0.523004829884], "dmean2": [0.682433366776, 0.622685313225, 0.60910987854, 0.597784698009, 0.556268572807, 0.630173802376], "dvar2": [0.336020797491, 0.278166413307, 0.285033971071, 0.300403058529, 0.349383026361, 0.624561309814], "max": [-4.81187534332, -4.47040271759, -5.36251115799, -5.75864362717, -5.35270547867, -7.67639064789], "median": [-7.43453264236, -7.33966970444, -7.70934104919, -8.55338954926, -8.96482849121, -11.3205699921], "var": [2.17306447029, 2.21930623055, 2.33553695679, 2.32501983643, 2.50942397118, 2.80942058563]}, "barkbands_flatness_db": {"mean": 0.183172956109, "dvar": 0.00093857612228, "min": 0.02187222