{"tonal": {"chords_key": "B", "hpcp_entropy": {"dmean": 0.51326918602, "dmean2": 0.852049410343, "max": 4.17119503021, "dvar": 0.238846391439, "mean": 1.67635083199, "dvar2": 0.582570791245, "min": 0, "var": 0.537037968636, "median": 1.66784274578}, "key_key": "E", "chords_strength": {"dmean": 0.00948161259294, "dmean2": 0.00767600443214, "max": 0.823926985264, "dvar": 0.000469392252853, "mean": 0.493736833334, "dvar2": 0.000864851928782, "min": -1, "var": 0.0242998488247, "median": 0.499046623707}, "key_scale": "major", "chords_number_rate": 0.00279991375282, "thpcp": [1, 0.469873458147, 0.0700607821345, 0.0486031025648, 0.0663549080491, 0.24087947607, 0.396485894918, 0.245988190174, 0.075250826776, 0.0581877268851, 0.100286245346, 0.411699146032, 0.641889035702, 0.422800719738, 0.576800942421, 0.795814990997, 0.428116589785, 0.271159857512, 0.316389977932, 0.244937285781, 0.494920164347, 0.683520317078, 0.363235265017, 0.110730424523, 0.104490607977, 0.156383737922, 0.421604186296, 0.629373550415, 0.386116713285, 0.121232971549, 0.0695047751069, 0.0672796517611, 0.182374700904, 0.284439563751, 0.275981098413, 0.706957578659], "key_strength": 0.841011881828, "tuning_nontempered_energy_ratio": 0.635775387287, "tuning_frequency": 440.508575439, "chords_changes_rate": 0.0475985370576, "tuning_diatonic_strength": 0.575457572937, "chords_scale": "major", "chords_histogram": [19.0394134521, 17.3594665527, 29.872926712, 2.60607361794, 7.83975887299, 3.10144305229, 1.01227653027, 2.19685554504, 3.72603917122, 0.107688993216, 0.495369374752, 0.0215377993882, 1.55072152615, 0, 1.74456167221, 0.107688993216, 0, 0.387680381536, 0, 0, 0, 0.0430755987763, 1.55072152615, 7.23670053482], "tuning_equal_tempered_deviation": 0.00678090145811, "hpcp": {"dmean": [0.0340050272644, 0.0343296378851, 0.0545190162957, 0.0684590563178, 0.0880861654878, 0.118974022567, 0.121309436858, 0.0948633849621, 0.0343152210116, 0.0243028830737, 0.031860139221, 0.0592525415123, 0.0675211325288, 0.0621095821261, 0.0350347608328, 0.0292173326015, 0.0437218844891, 0.0793774500489, 0.0977099314332, 0.0911356061697, 0.0973513647914, 0.0790276676416, 0.0866321399808, 0.0790666490793, 0.0720278099179, 0.0843473449349, 0.109650947154, 0.115754105151, 0.0938016176224, 0.0493315532804, 0.0437971353531, 0.0638990327716, 0.0973535850644, 0.10011228919, 0.0932329595089, 0.0528870597482], "dmean2": [0.0638757646084, 0.0640147104859, 0.0945581644773, 0.118179872632, 0.153394401073, 0.198358252645, 0.19876742363, 0.157291308045, 0.0632275119424, 0.0459772050381, 0.0580688156188, 0.100943602622, 0.112606033683, 0.103843800724, 0.0639575943351, 0.054583389312, 0.0793488845229, 0.131884604692, 0.162195816636, 0.154925554991, 0.162849187851, 0.136530920863, 0.146141454577, 0.139778181911, 0.127176597714, 0.150831118226, 0.18759535253, 0.189736381173, 0.159879907966, 0.0902422145009, 0.0793949812651, 0.111789762974, 0.162519738078, 0.165193974972, 0.15707218647, 0.0957737490535], "max": [1, 1, 1, 1, 1, 1, 1, 1, 1, 1, 1, 1, 1, 1, 1, 1, 1, 1, 1, 1, 1, 1, 1, 1, 1, 1, 1, 1, 1, 1, 1, 1, 1, 1, 1, 1], "dvar": [0.0135753368959, 0.0129850115627, 0.0196511782706, 0.025133933872, 0.0265657100827, 0.0318052768707, 0.0374847091734, 0.0224357880652, 0.010917016305, 0.00854749046266, 0.0103683369234, 0.0212675128132, 0.0265585016459, 0.0206524115056, 0.0131065249443, 0.0123104508966, 0.0158711336553, 0.0211497806013, 0.028707223013, 0.0209824405611, 0.0320018604398, 0.0305760037154, 0.0254798419774, 0.0305506493896, 0.0314563475549, 0.0298743620515, 0.034162633121, 0.0350854434073, 0.0277903117239, 0.0176969375461, 0.0148467971012, 0.0212269574404, 0.0295882541686, 0.0328449122608, 0.0284806489944, 0.0182759668678], "mean": [0.023996911943, 0.023228675127, 0.0629658848047, 0.098204344511, 0.0952840149403, 0.244081050158, 0.345255583525, 0.162226438522, 0.024188876152, 0.0167804919183, 0.0229094028473, 0.0831649824977, 0.136888965964, 0.0849287956953, 0.0259807668626, 0.0200896374881, 0.0346243865788, 0.14214143157, 0.22161577642, 0.145974308252, 0.199143737555, 0.274759560823, 0.147809639573, 0.0936194583774, 0.109235405922, 0.0845659673214, 0.170873954892, 0.235989198089, 0.125409007072, 0.0382302962244, 0.03607596457, 0.0539923608303, 0.145561203361, 0.217294722795, 0.133308947086, 0.0418563596904], "dvar2": [0.0397542826831, 0.0376340076327, 0.0515181086957, 0.0629453733563, 0.0715265348554, 0.0800638273358, 0.0811876133084, 0.0580518692732, 0.0310444328934, 0.0246106982231, 0.0295132100582, 0.0554923117161, 0.0613063871861, 0.0529112070799, 0.0370873846114, 0.0352146625519, 0.044845264405, 0.0516266524792, 0.0699372813106, 0.0558856017888, 0.0782826840878, 0.0746655985713, 0.0646008402109, 0.08205819875, 0.0817028060555, 0.0823961496353, 0.0877496674657, 0.080639347434, 0.074245095253, 0.0480593256652, 0.0397110395133, 0.0563363619149, 0.0731414556503, 0.0742307379842, 0.0715979635715, 0.0506763011217], "min": [0, 0, 0, 0, 0, 0, 0, 0, 0, 0, 0, 0, 0, 0, 0, 0, 0, 0, 0, 0, 0, 0, 0, 0, 0, 0, 0, 0, 0, 0, 0, 0, 0, 0, 0, 0], "var": [0.00777085730806, 0.00795065890998, 0.0258558150381, 0.0487055666745, 0.0309069380164, 0.0781223848462, 0.142491772771, 0.04257799685, 0.00696397107095, 0.00508644990623, 0.0067405491136, 0.0355081893504, 0.0804802253842, 0.0338973551989, 0.00907845143229, 0.00811742804945, 0.0120469983667, 0.0516573674977, 0.0982970297337, 0.0404888056219, 0.0882248878479, 0.158307120204, 0.0536688454449, 0.0394014567137, 0.0647406876087, 0.0315725803375, 0.0653691291809, 0.0989297479391, 0.0368275344372, 0.0137914456427, 0.0124281914905, 0.0192802995443, 0.0541416704655, 0.103430397809, 0.0481995716691, 0.0126016540453], "median": [0.00274878647178, 0.00226353784092, 0.00783543847501, 0.0119785517454, 0.0218480136245, 0.118966497481, 0.166898846626, 0.0637156665325, 0.00270070531406, 0.0016136073973, 0.00218856148422, 0.00589481461793, 0.00812813360244, 0.00558546604589, 0.00219612801448, 0.00137356470805, 0.00251577026211, 0.0349295027554, 0.0637480020523, 0.0604824461043, 0.0182545538992, 0.0087814796716, 0.0191902313381, 0.00697228126228, 0.00496451416984, 0.00682180561125, 0.0462452284992, 0.0808334872127, 0.0391423925757, 0.00360152800567, 0.00327278999612, 0.00601852638647, 0.0341936983168, 0.0527294576168, 0.0304514728487, 0.00619850633666]}}, "lowlevel": {"melbands_flatness_db": {"dmean": 0.02882181108, "dmean2": 0.038075812161, "max": 0.779868423939, "dvar": 0.00143775274046, "mean": 0.31307426095, "dvar2": 0.00211343448609, "min": 0.00345936324447, "var": 0.0155805740505, "median": 0.28407099843}, "melbands_crest": {"dmean": 2.48926281929, "dmean2": 4.05243587494, "max": 34.2265396118, "dvar": 6.08994579315, "mean": 15.9490184784, "dvar2": 16.4407119751, "min": 1.53960084915, "var": 38.9809150696, "median": 14.8248710632}, "spectral_entropy": {"dmean": 0.242668256164, "dmean2": 0.319711774588, "max": 9.83307933807, "dvar": 0.113875977695, "mean": 6.63941955566, "dvar2": 0.174395635724, "min": 3.08268547058, "var": 0.883328080177, "median": 6.77527427673}, "melbands": {"dmean": [0.000164016819326, 0.000663972634356, 0.000851477263495, 0.000600890314672, 0.000283026049146, 0.000196541135665, 0.000126452257973, 0.000227864293265, 0.000176739151357, 9.54833521973e-05, 4.90420388815e-05, 3.43147585227e-05, 2.71470107691e-05, 1.32415043481e-05, 1.77956499101e-05, 1.4501503756e-05, 1.62649503181e-05, 1.57674548973e-05, 1.2333786799e-05, 7.958252354e-06, 6.11803534412e-06, 4.31875196227e-06, 3.84434133593e-06, 2.92853110295e-06, 1.39621511153e-06, 1.1924591945e-06, 1.12441068723e-06, 7.13079032266e-07, 5.24735185081e-07, 4.3861612653e-07, 4.4520118081e-07, 4.41644317561e-07, 3.8860650875e-07, 5.41377460195e-07, 7.14658710876e-07, 5.39698760349e-07, 3.70053840015e-07, 3.42677310528e-07, 1.88732187212e-07, 1.35155616476e-07], "dmean2": [0.000269606360234, 0.00109015940689, 0.00141721894033, 0.000989160733297, 0.000434086075984, 0.000303148844978, 0.000189659855096, 0.000323057436617, 0.000252127094427, 0.000131661392516, 6.90117449267e-05, 5.00371752423e-05, 3.90533059544e-05, 2.01365528483e-05, 2.79423074971e-05, 2.19955436478e-05, 2.48534561251e-05, 2.40747194766e-05, 1.91687558981e-05, 1.2561233234e-05, 9.80287495622e-06, 7.02247052686e-06, 6.02044019615e-06, 4.65009179607e-06, 2.1809946702e-06, 1.81949792477e-06, 1.74147248799e-06, 1.07770824798e-06, 8.12972302811e-07, 6.47630088224e-07, 6.39088796106e-07, 6.33795764315e-07, 5.87856220591e-07, 7.8279117588e-07, 1.01833234112e-06, 7.6452323583e-07, 5.13818861236e-07, 5.01798865571e-07, 2.76067993354e-07, 1.89494741676e-07], "max": [0.00619401130825, 0.0182781890035, 0.0176527388394, 0.0169227998704, 0.0112350713462, 0.00879008229822, 0.00709550222382, 0.0168173033744, 0.0107530970126, 0.00835115928203, 0.00369775947183, 0.00451189698651, 0.0021252008155, 0.00115238397848, 0.00123619253282, 0.00206786813214, 0.0012897826964, 0.00180739688221, 0.00169246876612, 0.000952163652983, 0.000867159629706, 0.000363454309991, 0.000294765166473, 0.000220566260396, 0.000328786787577, 0.000314488861477, 0.000140221629408, 0.000127964944113, 8.89294606168e-05, 7.78163230279e-05, 8.71687952895e-05, 7.07772778696e-05, 6.53655370115e-05, 0.000147683895193, 0.000177082794835, 0.000130992310005, 7.60632246966e-05, 9.06429559109e-05, 4.52682288596e-05, 2.68463063549e-05], "dvar": [1.36558981012e-07, 1.12252405415e-06, 1.6642521814e-06, 8.23652726467e-07, 3.27772340825e-07, 1.6751302212e-07, 8.66582610115e-08, 2.51078319025e-07, 2.02507038694e-07, 4.10357721137e-08, 1.45851757338e-08, 1.13871134744e-08, 4.90408380571e-09, 1.60177293651e-09, 1.78566417208e-09, 2.64276911466e-09, 2.36051933555e-09, 2.51978438115e-09, 1.49689383111e-09, 6.61572574501e-10, 4.73914796295e-10, 1.51065576715e-10, 8.63641796967e-11, 7.24287851916e-11, 2.10701872616e-11, 1.96300961597e-11, 1.16892754157e-11, 9.04755784181e-12, 4.99823273048e-12, 2.55225159583e-12, 3.30191950171e-12, 3.82722282685e-12, 2.51321663133e-12, 8.29970033672e-12, 1.7580017303e-11, 9.66937988012e-12, 3.67657510339e-12, 3.95577060691e-12, 9.11278431187e-13, 2.80456430649e-13], "mean": [0.000656081014313, 0.00216255523264, 0.00196318677627, 0.00133933604229, 0.000704486679751, 0.000447816710221, 0.000319748505717, 0.000607721158303, 0.000459464412415, 0.000286228692858, 0.000129654799821, 7.21138421795e-05, 5.6962519011e-05, 2.50703687925e-05, 3.05553330691e-05, 2.66805818683e-05, 2.88483042823e-05, 2.74161502603e-05, 2.16408261622e-05, 1.42614690049e-05, 1.06055395008e-05, 7.43366672395e-06, 7.1189033406e-06, 5.43190253666e-06, 2.82976520793e-06, 2.42425653596e-06, 2.15966110773e-06, 1.35805407808e-06, 9.18875741718e-07, 8.17868851755e-07, 8.5703663899e-07, 8.74223246683e-07, 7.61039018471e-07, 1.01200339486e-06, 1.39935457355e-06, 1.03639899862e-06, 7.12006112735e-07, 6.34462480775e-07, 3.64458088598e-07, 2.86454849174e-07], "dvar2": [3.62210727189e-07, 3.12983070216e-06, 4.90670663567e-06, 2.32038314607e-06, 7.61795035942e-07, 3.96508397671e-07, 2.03963139711e-07, 5.05740388235e-07, 4.68916539376e-07, 7.52746132093e-08, 2.85377534937e-08, 2.27518235363e-08, 1.07873683319e-08, 3.63282426363e-09, 4.26482849036e-09, 5.39720668158e-09, 5.46071721175e-09, 5.18168175034e-09, 3.2314799725e-09, 1.48015388834e-09, 1.19845688928e-09, 4.05864813979e-10, 1.99527408484e-10, 1.88357884845e-10, 4.65404902117e-11, 4.1341405993e-11, 2.60039940969e-11, 1.89946860324e-11, 1.1712879798e-11, 5.4614416288e-12, 6.43875404382e-12, 7.86093065641e-12, 5.37660801297e-12, 1.74718971929e-11, 3.22485961546e-11, 1.70619005035e-11, 6.61213705316e-12, 8.56828670515e-12, 1.90265489995e-12, 4.57585683754e-13], "min": [9.53542324504e-25, 1.32248882279e-24, 1.92495925104e-24, 1.63931725321e-24, 1.88979755113e-24, 1.91515430164e-24, 1.9010060813e-24, 2.41858462375e-24, 3.05156464195e-24, 1.45988551551e-24, 2.24591618502e-24, 3.54848449501e-24, 3.19363849098e-24, 2.41150617485e-24, 4.52106084987e-24, 2.70954334687e-24, 4.00151429667e-24, 2.79956874502e-24, 3.37334514671e-24, 3.5292800707e-24, 4.35831095651e-24, 3.97768359759e-24, 4.78755107985e-24, 4.96934368103e-24, 3.8827359046e-24, 4.64580815797e-24, 5.98547265203e-24, 4.53441626499e-24, 5.78113558948e-24, 5.58339932054e-24, 5.26081161386e-24, 5.31767980766e-24, 5.81299373713e-24, 6.55937132716e-24, 5.41095905983e-24, 5.88500174942e-24, 5.99213458238e-24, 5.04694077283e-24, 5.91968046925e-24, 6.13817758505e-24], "var": [1.05321112187e-06, 6.47754905003e-06, 4.1283333303e-06, 2.05271726372e-06, 1.06477409645e-06, 4.53459392702e-07, 2.58882010939e-07, 1.20036611406e-06, 8.68970005286e-07, 2.15505991719e-07, 6.83060505935e-08, 3.7555359711e-08, 1.55501282961e-08, 3.99503807813e-09, 4.18178291994e-09, 6.61602728158e-09, 5.88413229252e-09, 6.36894226247e-09, 2.96222979479e-09, 1.27920674053e-09, 1.05843167564e-09, 2.79232414968e-10, 2.05670466769e-10, 1.52016330079e-10, 5.0770963822e-11, 4.34939896599e-11, 2.76854667663e-11, 2.13585659575e-11, 8.5097814212e-12, 5.41429184472e-12, 8.25431736851e-12, 9.72473837568e-12, 7.19329283638e-12, 2.12189016358e-11, 5.33658672808e-11, 3.18743607897e-11, 1.17302487168e-11, 9.52984392788e-12, 2.53846553153e-12, 1.21156600377e-12], "median": [0.000107858759293, 0.0012305934215, 0.00133566255681, 0.000861923559569, 0.000357037177309, 0.000207542849239, 0.000137078852276, 0.000160206574947, 0.000113939866424, 0.000114960952487, 3.21628394886e-05, 1.75521454366e-05, 1.79179187398e-05, 5.42062025488e-06, 1.00489769466e-05, 5.01848126078e-06, 5.94495531914e-06, 5.94051653025e-06, 5.45068724023e-06, 3.89448496207e-06, 2.3992640763e-06, 2.17162801164e-06, 1.87033515431e-06, 9.77044351202e-07, 6.66514665681e-07, 7.4327982702e-07, 6.91718241796e-07, 2.8959451015e-07, 1.80390870241e-07, 1.6197259356e-07, 1.33484178377e-07, 1.09661179692e-07, 1.03981300015e-07, 1.27439491848e-07, 1.02306756844e-07, 6.3953578433e-08, 6.8072907311e-08, 5.96963545263e-08, 3.34043228634e-08, 2.74736304817e-08]}, "silence_rate_60dB": {"dmean": 0.0204653162509, "dmean2": 0.0409350432456, "max": 1, "dvar": 0.0200406629592, "mean": 0.0734518021345, "dvar2": 0.0448635146022, "min": 0, "var": 0.0680625662208, "median": 0}, "spectral_energyband_middle_high": {"dmean": 0.000724791898392, "dmean2": 0.00103496841621, "max": 0.0390160642564, "dvar": 1.84738189546e-06, "mean": 0.00248880940489, "dvar2": 3.65146343029e-06, "min": 1.08729983463e-21, "var": 1.28403708004e-05, "median": 0.00117127527483}, "erbbands_skewness": {"dmean": 0.464918076992, "dmean2": 0.69168138504, "max": 11.6282310486, "dvar": 0.523619711399, "mean": 1.18035852909, "dvar2": 1.19479739666, "min": -3.72490620613, "var": 1.72317874432, "median": 0.948156177998}, "dynamic_complexity": 3.77140665054, "dissonance": {"dmean": 0.0293407514691, "dmean2": 0.0474090278149, "max": 0.500000059605, "dvar": 0.0008857701323, "mean": 0.418238848448, "dvar2": 0.00207130936906, "min": 0.0455632507801, "var": 0.00317590497434, "median": 0.429076045752}, "spectral_skewness": {"dmean": 0.525662541389, "dmean2": 0.778221189976, "max": 14.0804862976, "dvar": 0.721573531628, "mean": 2.83668756485, "dvar2": 1.21703219414, "min": -0.0537079684436, "var": 3.40899348259, "median": 2.35665249825}, "spectral_kurtosis": {"dmean": 7.16054344177, "dmean2": 10.9410123825, "max": 261.712524414, "dvar": 229.242324829, "mean": 17.2502574921, "dvar2": 433.644775391, "min": -1.24335205555, "var": 783.330871582, "median": 8.38989067078}, "gfcc": {"cov": [[27467.8457031, 43.0007667542, -2744.59228516, -442.262664795, -1687.3692627, 689.080078125, -700.547851562, 1042.79077148, -198.958404541, 342.619415283, -549.684936523, 28.5014514923, -493.870788574], [43.0007667542, 2482.87597656, -164.093719482, -190.66255188, 434.534301758, -407.93157959, 352.848449707, -323.003601074, 199.031921387, -223.849395752, 158.109268188, -210.286758423, 216.957778931], [-2744.59228516, -164.093719482, 1987.55078125, 343.512176514, 183.038284302, 72.3466873169, -106.483642578, -120.743736267, -153.922912598, -101.517555237, -58.8017234802, 32.4704170227, 17.7422466278], [-442.262664795, -190.66255188, 343.512176514, 414.97555542, 100.499313354, -5.19534111023, -37.0763473511, -35.0635223389, -0.0205908063799, 14.1848239899, -28.483379364, 35.6673316956, 65.1049423218], [-1687.3692627, 434.534301758, 183.038284302, 100.499313354, 390.661254883, -112.049621582, 139.999481201, -84.8973464966, 93.2688903809, -18.1521034241, 61.183757782, -10.9767866135, 115.262954712], [689.080078125, -407.93157959, 72.3466873169, -5.19534111023, -112.049621582, 318.859191895, 6.08114528656, 122.396087646, -33.5933189392, 61.5002822876, 6.76839351654, 34.507068634, -73.0698394775], [-700.547851562, 352.848449707, -106.483642578, -37.0763473511, 139.999481201, 6.08114528656, 280.226837158, -0.971294164658, 83.0216903687, -1.53945469856, 88.0563812256, -13.3373413086, 55.732334137], [1042.79077148, -323.003601074, -120.743736267, -35.0635223389, -84.8973464966, 122.396087646, -0.971294164658, 250.915359497, 42.356212616, 81.8016815186, -8.38351345062, 49.319732666, -37.7651023865], [-198.958404541, 199.031921387, -153.922912598, -0.0205908063799, 93.2688903809, -33.5933189392, 83.0216903687, 42.356212616, 201.445510864, 54.5635147095, 37.9100227356, 8.17003917694, 52.4631958008], [342.619415283, -223.849395752, -101.517555237, 14.1848239899, -18.1521034241, 61.5002822876, -1.53945469856, 81.8016815186, 54.5635147095, 148.704711914, 26.5624046326, 39.4142456055, -9.06792545319], [-549.684936523, 158.109268188, -58.8017234802, -28.483379364, 61.183757782, 6.76839351654, 88.0563812256, -8.38351345062, 37.9100227356, 26.5624046326, 134.72013855, 6.63814067841, 10.1321182251], [28.5014514923, -210.286758423, 32.4704170227, 35.6673316956, -10.9767866135, 34.507068634, -13.3373413086, 49.319732666, 8.17003917694, 39.4142456055, 6.63814067841, 109.561920166, 26.1407241821], [-493.870788574, 216.957778931, 17.7422466278, 65.1049423218, 115.262954712, -73.0698394775, 55.732334137, -37.7651023865, 52.4631958008, -9.06792545319, 10.1321182251, 26.1407241821, 136.375]], "mean": [-80.1049728394, 131.793167114, -90.8557815552, 19.7730960846, -54.1826820374, 0.556262433529, -43.3215408325, 1.23875260353, -20.4653835297, -7.10524559021, -22.1298866272, -10.9426965714, -15.0843410492], "icov": [[0.000149708401295, -0.000458829512354, 0.000206717173569, -0.000313437863952, 0.000444464152679, -0.000333535630489, 0.00033291472937, -0.00059003586648, 0.000400071963668, -0.000485230761115, 0.000708602368832, -0.000412278313888, 0.000381242629373], [-0.000458829512354, 0.00254783383571, -0.00067839428084, 0.00153616769239, -0.00158943189308, 0.00154944951646, -0.00150742137339, 0.00227678264491, -0.00199398770928, 0.00255306623876, -0.00296911410987, 0.00281919213012, -0.0023228994105], [0.000206717173569, -0.00067839428084, 0.00102904380765, -0.000907409354113, 2.10859143408e-05, -0.000904453801923, 0.000794613151811, -0.00065998750506, 0.000984661863185, -0.000222909526201, 0.00112388562411, -0.000941745645832, 0.000820646353532], [-0.000313437863952, 0.00153616769239, -0.000907409354113, 0.00430522440001, -0.00171083386522, 0.000625112501439, -0.000329940987285, 0.00185116939247, -0.0011755421292, 0.000657766649965, -0.00114439055324, 0.00123033835553, -0.00274267420173], [0.000444464152679, -0.00158943189308, 2.10859143408e-05, -0.00171083386522, 0.00658063683659, 1.05020326373e-05, -0.000652644783258, -0.0012479799334, 2.07395496545e-05, -0.00182919355575, 0.00113307405263, -0.000707828847226, -0.000761049624998], [-0.000333535630489, 0.00154944951646, -0.000904453801923, 0.000625112501439, 1.05020326373e-05, 0.00616366975009, -0.00246105156839, -0.000185639277333, -0.00029666890623, 0.000244827591814, -0.00220779422671, 0.000914273958188, 0.000513524806593], [0.00033291472937, -0.00150742137339, 0.000794613151811, -0.000329940987285, -0.000652644783258, -0.00246105156839, 0.00730784982443, -0.00199665175751, 0.000116526054626, -0.000146109785419, -0.00102009426337, -0.000371446600184, -0.000556088460144], [-0.00059003586648, 0.00227678264491, -0.00065998750506, 0.00185116939247, -0.0012479799334, -0.000185639277333, -0.00199665175751, 0.00924894493073, -0.0035802652128, 0.000532177917194, -0.00156389165204, -2.14903520828e-05, -0.000691226159688], [0.000400071963668, -0.00199398770928, 0.000984661863185, -0.0011755421292, 2.07395496545e-05, -0.00029666890623, 0.000116526054626, -0.0035802652128, 0.00966019928455, -0.00463502667844, 0.0021261931397, -0.00127710646484, -9.9037628388e-05], [-0.000485230761115, 0.00255306623876, -0.000222909526201, 0.000657766649965, -0.00182919355575, 0.000244827591814, -0.000146109785419, 0.000532177917194, -0.00463502667844, 0.0132621135563, -0.0052295550704, 0.000555816979613, -0.00127269735094], [0.000708602368832, -0.00296911410987, 0.00112388562411, -0.00114439055324, 0.00113307405263, -0.00220779422671, -0.00102009426337, -0.00156389165204, 0.0021261931397, -0.0052295550704, 0.0145593248308, -0.00460901064798, 0.0041690976359], [-0.000412278313888, 0.00281919213012, -0.000941745645832, 0.00123033835553, -0.000707828847226, 0.000914273958188, -0.000371446600184, -2.14903520828e-05, -0.00127710646484, 0.000555816979613, -0.00460901064798, 0.0160744152963, -0.00741942925379], [0.000381242629373, -0.0023228994105, 0.000820646353532, -0.00274267420173, -0.000761049624998, 0.000513524806593, -0.000556088460144, -0.000691226159688, -9.9037628388e-05, -0.00127269735094, 0.0041690976359, -0.00741942925379, 0.0156315434724]]}, "spectral_complexity": {"dmean": 1.73696684837, "dmean2": 2.72261118889, "max": 44, "dvar": 3.53202295303, "mean": 12.1196556091, "dvar2": 7.39187049866, "min": 0, "var": 53.893901825, "median": 12}, "spectral_flux": {"dmean": 0.018257657066, "dmean2": 0.028002075851, "max": 0.245878264308, "dvar": 0.000400617980631, "mean": 0.0604474619031, "dvar2": 0.000938469544053, "min": 6.42068551104e-11, "var": 0.00144804373849, "median": 0.0544290654361}, "spectral_energyband_low": {"dmean": 0.00260789669119, "dmean2": 0.00424836482853, "max": 0.0554551966488, "dvar": 1.39417179525e-05, "mean": 0.00931156612933, "dvar2": 3.85575585824e-05, "min": 1.66173470799e-23, "var": 7.84529402154e-05, "median": 0.0064645265229}, "spectral_decrease": {"dmean": 1.63347058102e-09, "dmean2": 2.59892329879e-09, "max": 7.97897691854e-21, "dvar": 3.68881814553e-18, "mean": -7.57824292208e-09, "dvar2": 9.43035529147e-18, "min": -2.98439033486e-08, "var": 2.44818875731e-17, "median": -7.2078463198e-09}, "barkbands_spread": {"dmean": 2.59806990623, "dmean2": 3.83793830872, "max": 105.362869263, "dvar": 24.9131278992, "mean": 10.7928323746, "dvar2": 45.8464355469, "min": 0.0709899291396, "var": 132.443649292, "median": 8.5921125412}, "spectral_rms": {"dmean": 0.000574220030103, "dmean2": 0.000901933643036, "max": 0.0107024461031, "dvar": 3.80033156944e-07, "mean": 0.00499815912917, "dvar2": 9.53000323989e-07, "min": 3.14983434301e-12, "var": 4.12837925978e-06, "median": 0.00526102026924}, "spectral_centroid": {"dmean": 105.674278259, "dmean2": 157.99887085, "max": 11541.1494141, "dvar": 39652.6445312, "mean": 712.281555176, "dvar2": 70142.0859375, "min": 122.799087524, "var": 912003.75, "median": 560.060302734}, "barkbands_skewness": {"dmean": 0.609948754311, "dmean2": 0.94849216938, "max": 26.4005699158, "dvar": 1.17305636406, "mean": 2.18070149422, "dvar2": 2.86837792397, "min": -2.18185901642, "var": 3.27290534973, "median": 1.76276576519}, "spectral_rolloff": {"dmean": 182.303741455, "dmean2": 314.304992676, "max": 19595.2148438, "dvar": 405661.8125, "mean": 843.548034668, "dvar2": 884618.875, "min": 64.599609375, "var": 3059104, "median": 559.86328125}, "erbbands_spread": {"dmean": 6.14232540131, "dmean2": 8.98828887939, "max": 193.652069092, "dvar": 115.343452454, "mean": 26.9949092865, "dvar2": 229.139022827, "min": 0.539241969585, "var": 410.268127441, "median": 22.9604492188}, "barkbands": {"dmean": [5.51405864826e-05, 0.000910830975045, 0.00150927342474, 0.00211257766932, 0.0024360534735, 0.00109673372936, 0.000942112703342, 0.000830075296108, 0.00084280007286, 0.000177775218617, 0.000250903744018, 0.000154023742652, 0.00012905546464, 0.000187021651072, 0.000174888977199, 0.000102778503788, 6.59007273498e-05, 5.88294496993e-05, 2.90758962365e-05, 2.58996587945e-05, 1.74057531694e-05, 1.95079610421e-05, 3.59342484444e-05, 2.55866634689e-05, 1.63663280546e-05, 1.06320912892e-05, 7.29320902337e-07], "dmean2": [9.4962248113e-05, 0.00150680530351, 0.00246748235077, 0.0035428008996, 0.00398428924382, 0.00168948888313, 0.00138319097459, 0.00121296138968, 0.00115327129606, 0.000261557812337, 0.000361601414625, 0.000237144922721, 0.000195100757992, 0.000289055140456, 0.00027083067107, 0.000164645345649, 0.000105489729322, 9.22957187868e-05, 4.36756199633e-05, 3.96071263822e-05, 2.49431141128e-05, 2.83494791802e-05, 4.89389385621e-05, 3.51108792529e-05, 2.30305449804e-05, 1.40933343573e-05, 9.99530925583e-07], "max": [0.00452224817127, 0.0289781372994, 0.0436188131571, 0.0477486774325, 0.0639548897743, 0.0434788540006, 0.0494982413948, 0.0512761995196, 0.0467715002596, 0.0199010558426, 0.0317567065358, 0.00855366326869, 0.0166510716081, 0.0163283273578, 0.0240895561874, 0.0107860099524, 0.00663551129401, 0.0042734015733, 0.00600258074701, 0.00382091663778, 0.00243244902231, 0.0028960625641, 0.00768716773018, 0.00563717260957, 0.00297528249212, 0.00208600144833, 0.000230985402595], "dvar": [3.2559270835e-08, 3.63054869013e-06, 5.63483490623e-06, 1.18441685117e-05, 1.35926402436e-05, 5.2494378906e-06, 4.75190881843e-06, 4.69267843073e-06, 3.0425519526e-06, 3.42248995366e-07, 4.86677492972e-07, 1.42959237337e-07, 1.59329871963e-07, 3.00187878111e-07, 2.84186313593e-07, 1.22974029182e-07, 3.43636195055e-08, 2.16716458112e-08, 9.79351710839e-09, 8.84390960465e-09, 3.51425510914e-09, 6.57472520871e-09, 4.16171133111e-08, 1.68646092646e-08, 5.37004840595e-09, 2.81924750212e-09, 1.5088449587e-11], "mean": [6.94434711477e-05, 0.00347896735184, 0.00429547997192, 0.00406251987442, 0.0056374031119, 0.00244556553662, 0.00250124419108, 0.00196085963398, 0.0025745886378, 0.000353467650712, 0.000500654685311, 0.000280621956335, 0.000235395113123, 0.000327762332745, 0.000320665130857, 0.000180124174221, 0.00011753787112, 0.000117882198538, 6.15476528765e-05, 5.20149515069e-05, 3.54801850335e-05, 4.1497129132e-05, 7.48333404772e-05, 5.3418072639e-05, 3.56165510311e-05, 2.19790945266e-05, 1.24169491755e-06], "dvar2": [8.71323564411e-08, 9.86172835837e-06, 1.50200748976e-05, 3.52608658432e-05, 3.71878522856e-05, 1.23937197714e-05, 1.04454875327e-05, 1.04340670077e-05, 5.77485616304e-06, 7.18282251455e-07, 9.48457284267e-07, 3.29020366507e-07, 3.22856863022e-07, 6.81096764765e-07, 5.98236624683e-07, 3.00284938248e-07, 8.8440522461e-08, 5.17950340395e-08, 1.81713470937e-08, 1.9697736775e-08, 6.9842203132e-09, 1.28609984884e-08, 7.05806684209e-08, 2.78854006552e-08, 9.79200809326e-09, 5.00061103637e-09, 2.37925252417e-11], "min": [2.96889946396e-25, 3.04163781353e-24, 1.24879116905e-24, 9.20662306151e-25, 8.40052455944e-24, 1.03220635068e-23, 1.04685368331e-23, 7.45876742243e-24, 1.14944149416e-23, 1.01588481855e-23, 2.25387594932e-23, 2.13490373413e-23, 4.66437802257e-23, 2.67297187363e-23, 4.55100798198e-23, 6.62437109917e-23, 7.13499823877e-23, 9.7693291809e-23, 1.53695676052e-22, 1.74071839638e-22, 2.37286356308e-22, 3.29016945146e-22, 4.32436281655e-22, 5.08440316191e-22, 8.97683320463e-22, 1.33902830298e-21, 1.99795783439e-21], "var": [3.74101283285e-08, 2.68729345407e-05, 3.57643002644e-05, 2.61839904852e-05, 3.77358483092e-05, 1.42626713568e-05, 2.16222579184e-05, 1.66126046679e-05, 1.80929546332e-05, 1.06916945697e-06, 1.64657819823e-06, 3.53793836894e-07, 4.05139275017e-07, 7.29829991997e-07, 6.12238636677e-07, 2.41962283098e-07, 7.09738827709e-08, 5.53902275158e-08, 2.56066723381e-08, 2.08174544269e-08, 9.16366005299e-09, 2.03597103621e-08, 1.43970936506e-07, 6.13006250205e-08, 2.06515657908e-08, 1.13200062657e-08, 4.83160178533e-11], "median": [1.13226797112e-05, 0.000700353994034, 0.00217465637252, 0.00227045686916, 0.00355835724622, 0.00110965105705, 0.0006996759912, 0.000458406691905, 0.0010351173114, 7.26800572011e-05, 0.000142666132888, 7.4839546869e-05, 5.76255006308e-05, 7.20253956388e-05, 7.69960097387e-05, 4.9630045396e-05, 3.4396060073e-05, 2.58109812421e-05, 1.9449100364e-05, 1.43686811498e-05, 7.57756106395e-06, 6.05413242738e-06, 6.42445411358e-06, 5.72272665522e-06, 3.93718755731e-06, 2.7417650017e-06, 8.10313665056e-08]}, "melbands_kurtosis": {"dmean": 12.0153970718, "dmean2": 19.4935264587, "max": 740.723083496, "dvar": 1391.82446289, "mean": 22.1799945831, "dvar2": 3627.54882812, "min": -1.66180789471, "var": 1755.71887207, "median": 9.01578617096}, "erbbands_crest": {"dmean": 2.36974263191, "dmean2": 3.65104341507, "max": 30.2705364227, "dvar": 5.74821662903, "mean": 11.5359067917, "dvar2": 14.1145420074, "min": 2.37245750427, "var": 24.2142734528, "median": 10.5214481354}, "melbands_skewness": {"dmean": 0.705764830112, "dmean2": 1.09700107574, "max": 19.8424358368, "dvar": 1.432305336, "mean": 2.77072477341, "dvar2": 3.42909741402, "min": -1.00201845169, "var": 3.87636899948, "median": 2.24546337128}, "spectral_energyband_middle_low": {"dmean": 0.00522193219513, "dmean2": 0.00821551587433, "max": 0.099369443953, "dvar": 4.43696044385e-05, "mean": 0.0192431937903, "dvar2": 0.000113621543278, "min": 1.84029586668e-22, "var": 0.00022096405155, "median": 0.0160968471318}, "spectral_contrast_coeffs": {"dmean": [0.0474524237216, 0.0431162267923, 0.0345229357481, 0.0300073027611, 0.0232303459197, 0.0184498205781], "dmean2": [0.0795217081904, 0.0674640536308, 0.0524754412472, 0.0475611947477, 0.0358049236238, 0.0280751828104], "max": [-0.269011855125, -0.33980050683, -0.463948130608, -0.506467521191, -0.537515640259, -0.623521447182], "dvar": [0.00166525423992, 0.00143333489541, 0.000839890388306, 0.000617758196313, 0.00038693274837, 0.00028029870009], "mean": [-0.552726268768, -0.675830125809, -0.728507995605, -0.770223021507, -0.777123093605, -0.78560680151], "dvar2": [0.00453636422753, 0.00333382701501, 0.0018770894967, 0.00147605361417, 0.000866470567416, 0.00059459824115], "min": [-0.977082550526, -0.994771420956, -0.975551605225, -0.97642070055, -0.965854108334, -0.964605510235], "var": [0.010930724442, 0.00787117145956, 0.00752868084237, 0.00447560148314, 0.00351747591048, 0.00253795995377], "median": [-0.554214179516, -0.675864577293, -0.726171433926, -0.768049716949, -0.772555172443, -0.7874366045]}, "spectral_contrast_valleys": {"dmean": [0.423963934183, 0.365216195583, 0.374531596899, 0.350342512131, 0.339830577374, 0.369912832975], "dmean2": [0.703030109406, 0.550005435944, 0.54018419981, 0.49688783288, 0.446539223194, 0.483789354563], "max": [-5.43756151199, -4.63517379761, -5.59432315826, -5.89047908783, -5.91821289062, -7.56618261337], "dvar": [0.154006898403, 0.138799473643, 0.150892451406, 0.157977506518, 0.16198541224, 0.203007057309], "mean": [-7.79064702988, -7.27837753296, -8.46146965027, -8.73706817627, -9.15382289886, -11.5571146011], "dvar2": [0.368201196194, 0.255463600159, 0.252051621675, 0.245353773236, 0.246370509267, 0.324396461248], "min": [-27.9452018738, -27.9804782867, -27.8754882812, -27.8421096802, -27.4682559967, -27.4178066254], "var": [4.4770860672, 5.0933637619, 4.56646585464, 4.43459653854, 4.31439971924, 4.5163769722], "median": [-7.34697389603, -6.76568841934, -8.04158401489, -8.26287460327, -8.71512413025, -11.038392067]}, "silence_rate_20dB": {"dmean": 0, "dmean2": 0, "max": 1, "dvar": 0, "mean": 1, "dvar2": 0, "min": 1, "var": 0, "median": 1}, "silence_rate_30dB": {"dmean": 0, "dmean2": 0, "max": 1, "dvar": 0, "mean": 1, "dvar2": 0, "min": 1, "var": 0, "median": 1}, "spectral_strongpeak": {"dmean": 0.329568058252, "dmean2": 0.560764908791, "max": 8.24680519104, "dvar": 0.27800771594, "mean": 0.870100498199, "dvar2": 0.687562584877, "min": 0, "var": 0.716560006142, "median": 0.60193836689}, "spectral_spread": {"dmean": 541116.375, "dmean2": 780270.875, "max": 42275464, "dvar": 743622967296, "mean": 3987920.25, "dvar2": 1338122043390.0, "min": 337408.59375, "var": 12398164443100.0, "median": 3696697}, "barkbands_flatness_db": {"dmean": 0.025515710935, "dmean2": 0.0341108962893, "max": 0.630806088448, "dvar": 0.00107991124969, "mean": 0.223340556026, "dvar2": 0.00161511008628, "min": 0.0507072322071, "var": 0.0106333391741, "median": 0.196973055601}, "pitch_salience": {"dmean": 0.0585687793791, "dmean2": 0.0943136513233, "max": 0.966185331345, "dvar": 0.00368839153089, "mean": 0.490035265684, "dvar2": 0.00943124294281, "min": 0.0820809602737, "var": 0.016356382519, "median": 0.49828466773}, "erbbands_kurtosis": {"dmean": 3.5836994648, "dmean2": 5.38765478134, "max": 268.364562988, "dvar": 163.87789917, "mean": 5.34715795517, "dvar2": 381.311523438, "min": -1.85605204105, "var": 280.03515625, "median": 1.26539611816}, "average_loudness": 0.85154157877, "barkbands_crest": {"dmean": 1.89547538757, "dmean2": 3.04932141304, "max": 26.5723323822, "dvar": 3.62358593941, "mean": 11.4481954575, "dvar2": 9.50928783417, "min": 3.38036203384, "var": 20.7111110687, "median": 10.5203771591}, "hfc": {"dmean": 2.68250131607, "dmean2": 3.77880764008, "max": 135.07069397, "dvar": 17.533788681, "mean": 13.6239042282, "dvar2": 30.2800712585, "min": 1.09039563769e-16, "var": 182.798278809, "median": 9.46103572845}, "barkbands_kurtosis": {"dmean": 7.68181419373, "dmean2": 12.4265012741, "max": 835.448181152, "dvar": 706.20135498, "mean": 14.1665554047, "dvar2": 1710.92224121, "min": -1.92688405514, "var": 1054.16967773, "median": 5.07656478882}, "erbbands": {"dmean": [0.0101774567738, 0.2731295228, 1.59276497364, 3.63582921028, 9.68369579315, 7.90444421768, 7.96342182159, 8.85282993317, 6.79400682449, 21.6357021332, 20.0758514404, 15.1736249924, 9.5285577774, 8.55912780762, 5.89766788483, 5.15277767181, 5.62197160721, 8.42261219025, 8.68092346191, 7.72869062424, 5.32980680466, 3.86054039001, 3.27109861374, 1.74333262444, 1.46459448338, 1.10930466652, 0.752941310406, 0.702543616295, 0.716506481171, 0.813391447067, 1.10955834389, 0.631183624268, 0.405625730753, 0.167045101523, 0.133620724082, 0.0660241469741, 0.0164717640728, 0.00186221324839, 0.000132699875394, 8.80020706973e-06], "dmean2": [0.0165416393429, 0.451667636633, 2.60638713837, 5.98930931091, 16.1913204193, 12.439330101, 12.2021303177, 13.681634903, 10.2259025574, 30.9489364624, 28.793466568, 21.0013542175, 13.3494930267, 12.4734954834, 8.51709747314, 7.95441436768, 8.45117378235, 12.7742013931, 13.2664022446, 12.0608177185, 8.45919132233, 6.15219163895, 5.10915565491, 2.67034888268, 2.211196661, 1.65407514572, 1.11413156986, 0.981587529182, 1.0134768486, 1.15561401844, 1.52230131626, 0.846980690956, 0.578110873699, 0.23009429872, 0.193628326058, 0.0894926264882, 0.0226317960769, 0.00253356457688, 0.000184427859494, 1.33564326461e-05], "max": [0.602062880993, 8.03057575226, 46.3697891235, 74.3338165283, 222.557952881, 319.325775146, 366.853637695, 422.590911865, 533.794006348, 1721.42626953, 1219.76647949, 1330.15270996, 735.635375977, 1225.3145752, 511.991973877, 303.227783203, 642.552490234, 704.932800293, 1075.71728516, 573.260131836, 732.69519043, 306.189208984, 213.515457153, 365.123901367, 336.542022705, 173.966293335, 133.812194824, 109.00819397, 99.57421875, 222.071640015, 265.670196533, 116.00553894, 105.756278992, 37.2765960693, 32.6863899231, 17.2190246582, 3.22481751442, 0.470121979713, 0.0419194512069, 0.000845694099553], "dvar": [0.0008681268082, 0.291062086821, 6.30318927765, 28.1214637756, 252.800735474, 195.473464966, 324.625579834, 352.54473877, 295.596374512, 2545.07250977, 2799.29467773, 1037.32824707, 547.508544922, 724.870483398, 226.779785156, 148.901641846, 286.362762451, 593.671691895, 779.580993652, 424.224243164, 321.195770264, 100.083175659, 61.9317779541, 28.8522224426, 24.032371521, 17.8491077423, 7.61266422272, 7.14258384705, 9.06718349457, 16.3701515198, 42.2879333496, 10.5117006302, 4.96204137802, 0.490370482206, 0.43753272295, 0.114695943892, 0.00718609988689, 8.98950238479e-05, 5.79691402436e-07, 2.60815202768e-10], "mean": [0.0379077345133, 1.02612662315, 4.77514505386, 8.847615242, 18.570482254, 18.9179191589, 18.4745903015, 19.9567012787, 16.9455680847, 59.2806282043, 53.3315048218, 45.5402450562, 26.6605606079, 18.5782928467, 13.1359405518, 10.1441230774, 11.338183403, 15.9759302139, 16.4656524658, 14.520359993, 10.0320329666, 7.57135343552, 6.83596849442, 3.86610245705, 3.1141064167, 2.33129405975, 1.48418962955, 1.44305074215, 1.5181542635, 1.65943610668, 2.24765229225, 1.3100259304, 0.803438961506, 0.367783069611, 0.275306791067, 0.135873794556, 0.0320697799325, 0.00374661525711, 0.000244778580964, 3.95323550038e-05], "dvar2": [0.002360454062, 0.799293339252, 17.3423957825, 78.8969497681, 751.909179688, 484.366912842, 754.834594727, 840.182250977, 704.152770996, 5154.49902344, 6611.33105469, 1947.44152832, 1076.57177734, 1414.47668457, 522.516235352, 353.015655518, 569.888671875, 1383.22998047, 1599.38427734, 953.911987305, 813.112976074, 259.068908691, 144.199295044, 63.4017944336, 49.8402862549, 35.8681716919, 16.2307453156, 13.3415212631, 17.3639431, 32.5552787781, 74.1401367188, 16.8983135223, 9.94299602509, 0.801406443119, 0.885894834995, 0.214199066162, 0.0133867198601, 0.000143548575579, 9.99073449748e-07, 4.85819273699e-10], "min": [1.2089702318e-22, 9.77383767875e-22, 1.66287435956e-21, 4.67975815965e-21, 2.00083794158e-20, 3.0471805421e-20, 4.69637091903e-20, 8.90097520907e-20, 1.06545586874e-19, 2.34487790029e-19, 3.30623186109e-19, 3.0031976041e-19, 5.58967971017e-19, 1.00766470137e-18, 1.33940207391e-18, 1.36304206864e-18, 2.05473918225e-18, 2.65335324795e-18, 2.03893941217e-18, 3.13174488341e-18, 4.44516645505e-18, 4.61606155602e-18, 5.76992391661e-18, 6.49299144136e-18, 7.99882659722e-18, 8.75755056946e-18, 1.01005295791e-17, 1.03758905604e-17, 9.28219400887e-18, 1.28557035906e-17, 1.13327507592e-17, 1.08120430451e-17, 8.70211623353e-18, 8.22373121551e-18, 6.4727234484e-18, 4.40124936838e-18, 2.29351231069e-18, 9.68045541763e-19, 2.4956028741e-19, 2.72494102537e-20], "var": [0.00443026795983, 2.03196048737, 37.2796897888, 77.0602264404, 544.283630371, 609.052368164, 944.344238281, 926.43371582, 740.303771973, 12837.4208984, 10911.8496094, 5449.11181641, 2629.58618164, 2442.42871094, 702.004333496, 379.979003906, 769.642333984, 1600.52185059, 1921.39733887, 1048.44262695, 760.483459473, 234.325424194, 169.67829895, 76.9461288452, 56.0995063782, 47.25233078, 17.0748462677, 19.1787872314, 27.200668335, 48.1031036377, 137.017196655, 40.3394126892, 13.9105567932, 2.06009721756, 1.47048711777, 0.449438631535, 0.0246237404644, 0.00030033357325, 1.77276297109e-06, 1.44763900867e-09], "median": [0.00559978932142, 0.324285894632, 2.60948324203, 6.38330793381, 9.98793315887, 9.84153747559, 8.3935213089, 8.97037982941, 8.18221759796, 16.8452091217, 14.8700208664, 18.1789417267, 7.90134811401, 5.11395406723, 4.36887788773, 3.38667583466, 3.41471815109, 3.62369632721, 4.29771089554, 4.0466427803, 2.69038414955, 2.58582043648, 1.72303879261, 1.01976561546, 1.08745372295, 0.624428510666, 0.33321288228, 0.271030366421, 0.209725230932, 0.241975754499, 0.174540698528, 0.120799943805, 0.0840215831995, 0.0391485653818, 0.0289186425507, 0.0159051083028, 0.00375864701346, 0.000412644381868, 3.22741034324e-05, 3.41037448379e-05]}, "spectral_energy": {"dmean": 0.00633045379072, "dmean2": 0.0100517617539, "max": 0.11740590632, "dvar": 5.5148928368e-05, "mean": 0.0298378095031, "dvar2": 0.000140509786434, "min": 1.01694925445e-20, "var": 0.000382751575671, "median": 0.0283702947199}, "zerocrossingrate": {"dmean": 0.00536883203313, "dmean2": 0.00633382238448, "max": 0.52490234375, "dvar": 0.000103229169326, "mean": 0.0357714779675, "dvar2": 0.000123434729176, "min": 0.00341796875, "var": 0.00224319589324, "median": 0.02783203125}, "spectral_energyband_high": {"dmean": 0.000105880899355, "dmean2": 