{"tonal": {"hpcp": {"dvar": [0.0378199368715, 0.0393551923335, 0.0327758044004, 0.0215636566281, 0.024559147656, 0.0291259083897, 0.036696203053, 0.0394803248346, 0.0345075130463, 0.036448482424, 0.0342903211713, 0.0373078659177, 0.0363914519548, 0.0372615195811, 0.0316671021283, 0.0327674150467, 0.031993933022, 0.0305508412421, 0.0274065863341, 0.0255408491939, 0.0210568103939, 0.0272213444114, 0.0294926799834, 0.0277450606227, 0.054268412292, 0.0298478454351, 0.0285565722734, 0.041892144829, 0.050586476922, 0.0341480262578, 0.0438021272421, 0.0455784872174, 0.0384803041816, 0.031867813319, 0.0301967840642, 0.0359085686505], "var": [0.0443537309766, 0.043061979115, 0.0260363072157, 0.0293055921793, 0.0268550254405, 0.0251016449183, 0.0757856294513, 0.106014862657, 0.0384176149964, 0.0233254078776, 0.0248467046767, 0.0353975594044, 0.083049684763, 0.0858875066042, 0.0303030554205, 0.0492472685874, 0.0682546198368, 0.0366303287446, 0.0278895962983, 0.0197344217449, 0.0148646077141, 0.0391237102449, 0.0647934898734, 0.0487714447081, 0.133058562875, 0.0479339249432, 0.023947916925, 0.0906091630459, 0.123221717775, 0.0374359376729, 0.0368548221886, 0.0393260866404, 0.0274299345911, 0.0237757638097, 0.0227132681757, 0.0267568472773], "median": [0.00860551279038, 0.00880547426641, 0.00629280135036, 0.00373731693253, 0.00352300493978, 0.00573015958071, 0.00856326334178, 0.00932243652642, 0.00657107308507, 0.00259110890329, 0.00190952932462, 0.00530348159373, 0.0211159791797, 0.0286549814045, 0.0211927276105, 0.0109222754836, 0.0109379170462, 0.0068713161163, 0.00461456552148, 0.00383399077691, 0.0039413832128, 0.00609255302697, 0.00661425106227, 0.0234291795641, 0.00986954942346, 0.010553047061, 0.0146667715162, 0.0737464129925, 0.0895965248346, 0.0439920201898, 0.00269356509671, 0.00193413277157, 0.00290992343798, 0.00575731601566, 0.00696909613907, 0.00612149341032], "max": [1, 1, 1, 1, 1, 1, 1, 1, 1, 1, 1, 1, 1, 1, 1, 1, 1, 1, 1, 1, 1, 1, 1, 1, 1, 1, 1, 1, 1, 1, 1, 1, 1, 1, 1, 1], "dmean": [0.0851400867105, 0.0849284231663, 0.0707544907928, 0.0551449023187, 0.0606460943818, 0.0713583081961, 0.091341458261, 0.0902294814587, 0.0840536877513, 0.0732010900974, 0.0703273415565, 0.0788312032819, 0.0927809104323, 0.102350272238, 0.0882674530149, 0.0825072228909, 0.0787700787187, 0.0736767724156, 0.061833422631, 0.0554284825921, 0.0485458038747, 0.0638590082526, 0.0652755498886, 0.0876394808292, 0.110330156982, 0.0837654173374, 0.0856057330966, 0.138227522373, 0.142767876387, 0.11509604007, 0.0984199419618, 0.0959783270955, 0.082517825067, 0.0740670412779, 0.0726404711604, 0.0780333802104], "dmean2": [0.155172809958, 0.154500871897, 0.12999047339, 0.0990131497383, 0.10986226052, 0.126206919551, 0.159944102168, 0.159377887845, 0.151923835278, 0.136349126697, 0.130813524127, 0.144242912531, 0.163259223104, 0.176932603121, 0.156804218888, 0.144472077489, 0.136903196573, 0.129829570651, 0.110132806003, 0.0998400449753, 0.0890157967806, 0.112873509526, 0.114702545106, 0.156014323235, 0.201750561595, 0.15306687355, 0.154515206814, 0.234750807285, 0.243629142642, 0.204555749893, 0.18123742938, 0.178559839725, 0.153953686357, 0.13631862402, 0.134424135089, 0.144657045603], "mean": [0.08806335181, 0.0883229374886, 0.0611120834947, 0.0584070160985, 0.0574443042278, 0.0641292706132, 0.145353376865, 0.173168048263, 0.0936877503991, 0.0488359779119, 0.0496163591743, 0.0758272260427, 0.160891890526, 0.175662875175, 0.0956393703818, 0.102789364755, 0.121569044888, 0.0802896022797, 0.0586045347154, 0.0467040576041, 0.0388433784246, 0.0837232917547, 0.106783390045, 0.154086276889, 0.218617677689, 0.131224751472, 0.0766422301531, 0.231816679239, 0.276845753193, 0.133715122938, 0.0752010494471, 0.0725347176194, 0.0586988441646, 0.0587793216109, 0.0592837333679, 0.0628823116422], "dvar2": [0.104827664793, 0.111050859094, 0.0975500866771, 0.0585746951401, 0.0680943951011, 0.0820136591792, 0.0974952280521, 0.105120018125, 0.0945041999221, 0.103513777256, 0.0977101251483, 0.105333663523, 0.0933900475502, 0.0910577997565, 0.0862094312906, 0.0853541269898, 0.0836329683661, 0.0842181891203, 0.0699395388365, 0.0689015462995, 0.0583596900105, 0.0718696713448, 0.0724089518189, 0.0743968114257, 0.143325895071, 0.0820716619492, 0.0807207003236, 0.102386124432, 0.117746934295, 0.0940922126174, 0.118463434279, 0.124891065061, 0.105268232524, 0.0887070596218, 0.0858273729682, 0.102408379316], "min": [0, 0, 0, 0, 0, 0, 0, 0, 0, 0, 0, 0, 0, 0, 0, 0, 0, 0, 0, 0, 0, 0, 0, 0, 0, 0, 0, 0, 0, 0, 0, 0, 0, 0, 0, 0]}, "key_key": "B", "thpcp": [1, 0.482995033264, 0.271635204554, 0.262004077435, 0.21202725172, 0.212317943573, 0.214139938354, 0.22713842988, 0.318095356226, 0.319033026695, 0.220744162798, 0.210973128676, 0.207495704293, 0.231642603874, 0.525033771992, 0.625503718853, 0.338411360979, 0.176401391625, 0.179220229387, 0.273897022009, 0.581160783768, 0.634515345097, 0.345460861921, 0.371287494898, 0.439121931791, 0.290015667677, 0.211686596274, 0.168700650334, 0.140306934714, 0.30241855979, 0.385714381933, 0.556578099728, 0.78967320919, 0.473999500275, 0.276840895414, 0.837349593639], "chords_key": "B", "tuning_equal_tempered_deviation": 0.203179866076, "tuning_frequency": 434.193115234, "tuning_diatonic_strength": 0.485416650772, "chords_histogram": [28.9159507751, 9.43170928955, 16.9293212891, 3.10410690308, 12.8701047897, 0.931232094765, 0, 2.62655210495, 0, 11.938873291, 0.955109834671, 9.43170928955, 0.119388729334, 0, 0.0238777454942, 0, 0, 0.0477554909885, 0.955109834671, 0, 0, 0.573065876961, 1.02674305439, 0.119388729334], "key_strength": 0.612073361874, "key_scale": "minor", "chords_strength": {"dvar": 0.000532275123987, "var": 0.0398123972118, "median": 0.481465816498, "max": 0.77150028944, "dmean": 0.0105119878426, "dmean2": 0.00841272249818, "mean": 0.467304497957, "dvar2": 0.00104029185604, "min": -1}, "chords_number_rate": 0.0021489970386, "tuning_nontempered_energy_ratio": 0.948997676373, "hpcp_entropy": {"dvar": 0.319214046001, "var": 0.739346683025, "median": 1.8095293045, "max": 4.69113016129, "dmean": 0.604226708412, "dmean2": 1.0092446804, "mean": 1.79153585434, "dvar2": 0.78360658884, "min": 0}, "chords_changes_rate": 0.0539637058973, "chords_scale": "minor"}, "rhythm": {"bpm_histogram_first_peak_spread": {"dvar": 0, "var": 0, "median": 0.332298099995, "max": 0.332298099995, "dmean": 0, "dmean2": 0, "mean": 0.332298099995, "dvar2": 0, "min": 0.332298099995}, "bpm_histogram_first_peak_weight": {"dvar": 0, "var": 0, "median": 0.5131264925, "max": 0.5131264925, "dmean": 0, "dmean2": 0, "mean": 0.5131264925, "dvar2": 0, "min": 0.5131264925}, "bpm_histogram_first_peak_bpm": {"dvar": 0, "var": 0, "median": 123, "max": 123, "dmean": 0, "dmean2": 0, "mean": 123, "dvar2": 0, "min": 123}, "bpm": 123.953109741, "bpm_histogram_second_peak_weight": {"dvar": 0, "var": 0, "median": 0.109785199165, "max": 0.109785199165, "dmean": 0, "dmean2": 0, "mean": 0.109785199165, "dvar2": 0, "min": 0.109785199165}, "beats_loudness": {"dvar": 0.00163300137501, "var": 0.00205639540218, "median": 0.0633789077401, "max": 0.21427077055, "dmean": 0.0543840527534, "dmean2": 0.0996431112289, "mean": 0.0727465078235, "dvar2": 0.00479234056547, "min": 0}, "beats_loudness_band_ratio": {"dvar": [0.0403888262808, 0.0101986099035, 0.00674694776535, 0.00129206199199, 0.0034243860282, 0.018985228613], "var": [0.072584785521, 0.0120332809165, 0.00757076125592, 0.00160940911155, 0.00411293981597, 0.0193012356758], "median": [0.803627669811, 0.0587942972779, 0.0169804431498, 0.0106222163886, 0.0146431196481, 0.0342537015676], "max": [0.998508036137, 0.52773553133, 0.967881321907, 0.350925922394, 0.520966172218, 0.972990334034], "dmean": [0.270495027304, 0.114374965429, 0.0560633391142, 0.0266956407577, 0.0550549998879, 0.122406080365], "dmean2": [0.480737686157, 0.207583680749, 0.101993814111, 0.047942686826, 0.102998293936, 0.215691849589], "mean": [0.71117413044, 0.101575657725, 0.0469056256115, 0.0241201873869, 0.0420262627304, 0.092994607985], "dvar2": [0.110454104841, 0.026932079345, 0.0212446339428, 0.00329949473962, 0.00830781087279, 0.0480497181416], "min": [0, 0, 0, 0, 0, 0]}, "bpm_histogram_second_peak_bpm": {"dvar": 0, "var": 0, "median": 167, "max": 167, "dmean": 0, "dmean2": 0, "mean": 167, "dvar2": 0, "min": 167}, "onset_rate": 3.56443548203, "beats_count": 420, "beats_position": [0.510838985443, 1.03328800201, 1.55573689938, 2.07818579674, 2.60063481331, 3.12308382988, 3.64553284645, 4.15637159348, 4.65560102463, 5.14321994781, 5.630838871, 6.10684776306, 6.59446716309, 7.08208608627, 7.56970500946, 8.04571437836, 8.52172279358, 9.0093421936, 9.49696159363, 9.98458003998, 10.47219944, 10.9482088089, 11.4242172241, 11.9118366241, 12.3994560242, 12.8870744705, 13.3746938705, 13.8507022858, 14.3267116547, 14.8143310547, 15.301949501, 15.7895689011, 16.2771873474, 16.7531967163, 17.2292060852, 17.7168254852, 18.2044448853, 18.6920623779, 19.179681778, 19.667301178, 20.1433105469, 20.6193199158, 21.1069393158, 21.5945568085, 22.0821762085, 22.5697956085, 23.0574150085, 23.5334243774, 24.009431839, 24.497051239, 24.984670639, 25.4722900391, 25.948299408, 26.4243087769, 26.9119262695, 27.3995456696, 27.8871650696, 28.3747844696, 28.8507938385, 29.3384113312, 29.8144207001, 30.3020401001, 30.7896595001, 31.2772789001, 31.7648983002, 32.2409057617, 32.7169151306, 33.204536438, 33.6921539307, 34.1797714233, 34.6673927307, 35.1434020996, 35.6194114685, 36.1070289612, 36.5946464539, 37.0822677612, 37.5582771301, 38.0458946228, 38.5335159302, 39.0095214844, 39.4971427917, 39.9847602844, 40.4723815918, 40.9483909607, 41.4243965149, 41.9120178223, 42.3996353149, 42.8872566223, 43.374874115, 43.8624954224, 44.3385009766, 44.8145103455, 45.3021316528, 45.7897491455, 46.2773704529, 46.7649879456, 47.2409973145, 47.7170066833, 48.204624176, 48.6922454834, 49.1798629761, 49.6674804688, 50.1434898376, 50.6194992065, 51.1071205139, 51.5947380066, 52.0823554993, 52.5699768066, 53.0459861755, 53.5219955444, 54.0096130371, 54.4972343445, 54.9848518372, 55.4724693298, 55.9484786987, 56.4244880676, 56.912109375, 57.3997268677, 57.8873443604, 58.3749656677, 58.8625831604, 59.3385925293, 59.8262138367, 60.3022193909, 60.7898406982, 61.2774581909, 61.7650794983, 62.252696991, 62.7287063599, 63.2047157288, 63.6923332214, 64.1799545288, 64.6675720215, 65.1435852051, 65.6312026978, 66.107208252, 66.5948257446, 67.0824508667, 67.5700683594, 68.0576858521, 68.4408187866, 68.8239440918, 69.1954650879, 69.566986084, 69.9617233276, 70.3332443237, 70.7047576904, 71.0762786865, 71.4361877441, 71.7960968018, 72.1560058594, 72.515914917, 72.8874359131, 73.2473449707, 73.6072540283, 73.9787750244, 74.338684082, 74.6985931396, 75.0701141357, 75.4300231934, 75.789932251, 76.1498413086, 76.5097503662, 76.8812713623, 77.2411804199, 77.6010894775, 77.9726028442, 78.3325119019, 78.6924285889, 79.0639419556, 79.4238510132, 79.7837600708, 80.1552810669, 80.5151901245, 80.8750991821, 81.2350082397, 81.5833053589, 81.9432220459, 82.3147354126, 82.6862564087, 83.0577774048, 83.4176864624, 83.77759552, 84.1375045776, 84.4974136353, 84.8573226929, 85.2172317505, 85.5887527466, 85.9486618042, 86.3085708618, 86.6800918579, 87.0283889771, 87.3999099731, 87.7598190308, 88.1197280884, 88.4912490845, 88.8511581421, 89.2110671997, 89.5825805664, 89.942489624, 90.3023986816, 90.6623077393, 91.0338287354, 91.393737793, 91.7652587891, 92.1251678467, 92.4850769043, 92.8333740234, 93.2048950195, 93.5764160156, 93.9363250732, 94.2962341309, 94.667755127, 95.0276641846, 95.3875732422, 95.7474822998, 96.1073913574, 96.4789123535, 96.8504257202, 97.2219467163, 97.6050796509, 97.9882049561, 98.4874343872, 98.9982757568, 99.497505188, 99.9851226807, 100.472740173, 100.960357666, 101.43637085, 101.912376404, 102.400001526, 102.887619019, 103.375236511, 103.862854004, 104.350471497, 104.82648468, 105.302490234, 105.790107727, 106.277732849, 106.765350342, 107.241355896, 107.71736908, 108.204986572, 108.692604065, 109.180221558, 109.66784668, 110.155464172, 110.643081665, 111.119087219, 111.595100403, 112.082717896, 112.570335388, 113.05796051, 113.533966064, 114.021583557, 114.497596741, 114.985214233, 115.472831726, 115.960449219, 116.436462402, 116.912467957, 117.400085449, 117.887710571, 118.375328064, 118.862945557, 119.338951111, 119.814964294, 120.302581787, 120.79019928, 121.277824402, 121.765441895, 122.253059387, 122.729064941, 123.205078125, 123.692695618, 124.18031311, 124.667930603, 125.155555725, 125.631561279, 126.107574463, 126.595191956, 127.082809448, 127.570426941, 128.058044434, 128.545669556, 129.021682739, 129.497680664, 129.973693848, 130.449707031, 130.937316895, 131.424942017, 131.912567139, 132.400177002, 132.887802124, 133.375411987, 133.863037109, 134.339050293, 134.826660156, 135.30267334, 135.790298462, 136.277908325, 136.765533447, 137.241546631, 137.717544556, 138.205169678, 138.692779541, 139.180404663, 139.668029785, 140.155639648, 140.631652832, 141.107666016, 141.595275879, 142.082901001, 142.570526123, 143.058135986, 143.545761108, 144.021759033, 144.497772217, 144.985397339, 145.473007202, 145.960632324, 146.436645508, 146.912643433, 147.400268555, 147.887893677, 148.363891602, 148.839904785, 149.327529907, 149.815139771, 150.302764893, 150.790390015, 151.277999878, 151.765625, 152.241622925, 152.717636108, 153.20526123, 153.692871094, 154.180496216, 154.668121338, 155.155731201, 155.631744385, 156.107757568, 156.595367432, 157.082992554, 157.570602417, 158.058227539, 158.534240723, 159.010253906, 159.49786377, 159.985488892, 160.473098755, 160.960723877, 161.448348999, 161.924346924, 162.400360107, 162.887985229, 163.375595093, 163.863220215, 164.339233398, 164.815231323, 165.302856445, 165.790466309, 166.278091431, 166.765716553, 167.253326416, 167.7293396, 168.205352783, 168.692962646, 169.180587769, 169.668212891, 170.144210815, 170.620223999, 171.107849121, 171.595458984, 172.083084106, 172.57069397, 173.058319092, 173.534332275, 174.0103302, 174.497955322, 174.985580444, 175.473190308, 175.96081543, 176.436828613, 176.912826538, 177.40045166, 177.888076782, 178.375686646, 178.863311768, 179.350921631, 179.826934814, 180.302947998, 180.790557861, 181.278182983, 181.765808105, 182.253417969, 182.729431152, 183.205444336, 183.693054199, 184.180679321, 184.668289185, 185.155914307, 185.63192749, 186.107940674, 186.595550537, 187.083175659, 187.570785522, 188.058410645, 188.557632446, 189.056869507, 189.567703247, 190.078552246, 190.542938232, 191.007339478, 191.471740723, 191.936141968, 192.412155151, 192.876556396, 193.352554321, 193.828567505], "danceability": 1.12952005863, "bpm_histogram_second_peak_spread": {"dvar": 0, "var": 0, "median": 0, "max": 0, "dmean": 0, "dmean2": 0, "mean": 0, "dvar2": 0, "min": 0}}, "lowlevel": {"spectral_flux": {"dvar": 0.00183392502367, "var": 0.00625120894983, "median": 0.0645878762007, "max": 0.450518220663, "dmean": 0.0317068658769, "dmean2": 0.0456505157053, "mean": 0.0896748006344, "dvar2": 0.00340156070888, "min": 6.39920477719e-11}, "spectral_rolloff": {"dvar": 2944913.5, "var": 12586874, "median": 366.064453125, "max": 19616.7480469, "dmean": 721.116577148, "dmean2": 1182.85095215, "mean": 1981.29821777, "dvar2": 5998314, "min": 64.599609375}, "barkbands_flatness_db": {"dvar": 0.000972860201728, "var": 0.00706791738048, "median": 0.171898812056, "max": 0.557288765907, "dmean": 0.0297091789544, "dmean2": 0.0422977283597, "mean": 0.182911336422, "dvar2": 0.00200048554689, "min": 0.0256635546684}, "spectral_centroid": {"dvar": 215583.03125, "var": 2320224, "median": 1200.7109375, "max": 12011.4580078, "dmean": 359.296325684, "dmean2": 524.067321777, "mean": 1579.11938477, "dvar2": 390995.40625, "min": 119.921165466}, "melbands_skewness": {"dvar": 2.25745177269, "var": 11.7352199554, "median": 4.66511917114, "max": 23.9933185577, "dmean": 1.30223381519, "dmean2": 1.9082968235, "mean": 5.13176393509, "dvar2": 4.59163761139, "min": -2.62844204903}, "melbands": {"dvar": [2.02449718927e-05, 3.68300570699e-05, 1.28601168399e-05, 7.12093378752e-06, 3.23148015013e-07, 1.23945952168e-07, 4.88602935889e-08, 2.12049826587e-08, 2.22842828634e-08, 6.8100156625e-09, 6.12133543854e-09, 3.96164612226e-09, 3.08573788743e-09, 2.17272821956e-09, 2.30942487356e-09, 5.00935737335e-10, 5.07083319778e-10, 6.26661167402e-10, 6.67958299783e-10, 5.54397472374e-10, 5.57148605029e-10, 5.9871624325e-10, 8.51214654318e-10, 8.46089420747e-10, 3.62926966258e-10, 2.15841872153e-10, 3.35335093027e-10, 1.88759105568e-10, 2.64451655019e-10, 3.40224903805e-10, 1.60218810441e-10, 2.68062183562e-10, 1.08593439796e-10, 1.18489912326e-10, 1.72012126765e-10, 2.56127730136e-10, 4.27201662934e-10, 2.47372455853e-10, 8.31006319313e-10, 8.35194746696e-10], "var": [3.62296523235e-05, 5.03374976688e-05, 1.12166981125e-05, 5.05482148583e-06, 5.08349899064e-07, 4.15924915842e-07, 6.81412473114e-08, 4.6798952269e-08, 4.3177227127e-08, 1.27819586027e-08, 1.3469669824e-08, 5.4448450193e-09, 6.08267880509e-09, 2.94048407845e-09, 2.38026820476e-09, 7.38984817783e-10, 7.20166370982e-10, 7.19499460011e-10, 9.13156439353e-10, 7.803946378e-10, 9.95013405003e-10, 1.08207753868e-09, 3.23296478477e-09, 4.01180955123e-09, 5.50054446435e-10, 3.5212485705e-10, 3.67035957183e-10, 2.6260346675e-10, 3.11949244214e-10, 4.79650097418e-10, 3.03385178091e-10, 3.48605228018e-10, 2.1246954196e-10, 2.4363244755e-10, 3.84354964522e-10, 6.81150358339e-10, 7.22170434564e-10, 4.17296502908e-10, 1.23306942434e-09, 1.20070131615e-09], "median": [0.00523950532079, 0.00366275338456, 0.000725943245925, 0.000180560920853, 8.55092075653e-05, 6.06634494034e-05, 2.30295117944e-05, 2.18986242544e-05, 2.407843931e-05, 2.18778022827e-05, 1.68330334418e-05, 9.51338461164e-06, 8.83131269802e-06, 1.05782819446e-05, 5.69917119719e-06, 5.08487710249e-06, 5.22171194461e-06, 5.01056683788e-06, 4.88373189e-06, 4.19973275712e-06, 4.52035692433e-06, 3.41239046975e-06, 2.17986735151e-06, 3.08773996949e-06, 1.69425084096e-06, 1.86131660485e-06, 2.12153372559e-06, 1.38951531881e-06, 2.42161740971e-06, 1.51857500441e-06, 1.19829405776e-06, 1.04219429886e-06, 7.46344994695e-07, 3.74700988459e-07, 4.08073816516e-07, 2.81917039047e-07, 1.94215090232e-07, 1.24860946471e-07, 1.40854268693e-07, 1.86871275787e-07], "max": [0.0497256964445, 0.0724433884025, 0.0403000749648, 0.0311332065612, 0.0109809990972, 0.00705259712413, 0.00475606042892, 0.00393509818241, 0.00337793142535, 0.00222871359438, 0.00248120119795, 0.00241878186353, 0.00165481620934, 0.00130189571064, 0.00169810280204, 0.000554842234123, 0.000539964181371, 0.000687846797518, 0.000795293657575, 0.000783908704761, 0.000568167772144, 0.00040833777166, 0.00103214231785, 0.00129143695813, 0.000418297102442, 0.000545959977899, 0.000665395869873, 0.000228266246268, 0.000472113839351, 0.000584446417633, 0.00042471717461, 0.000675362825859, 0.000277035433101, 0.000208226381801, 0.000281438231468, 0.000382375816116, 0.000676483323332, 0.000498839886859, 0.00119269778952, 0.00118146894965], "dmean": [0.00251621613279, 0.00288100494072, 0.00128238275647, 0.000865221198183, 0.00023817892361, 0.000142495104228, 7.61242044973e-05, 5.32868471055e-05, 5.10454337928e-05, 3.48216344719e-05, 3.02142980217e-05, 1.66736663232e-05, 1.77226356755e-05, 1.78086684173e-05, 1.18143407235e-05, 9.43746090343e-06, 1.00006600405e-05, 9.66203879216e-06, 1.0026493328e-05, 9.70394012256e-06, 9.59806402534e-06, 8.93287779036e-06, 9.04648004507e-06, 9.04160788195e-06, 6.65880770612e-06, 4.83931853523e-06, 5.25892346559e-06, 4.73480668006e-06, 5.93490995016e-06, 5.63918865737e-06, 4.59234706796e-06, 4.88548766953e-06, 3.87542741009e-06, 4.23899882662e-06, 4.35735546489e-06, 4.32485103374e-06, 5.08244511366e-06, 3.65456276086e-06, 5.42721318197e-06, 5.39766961083e-06], "dmean2": [0.00409485446289, 0.00473980465904, 0.00211925664917, 0.0015233916929, 0.000393582013203, 0.000216545464355, 0.000124716665596, 8.43836678541e-05, 8.22202127893e-05, 5.42831039638e-05, 4.68822727271e-05, 2.62828143605e-05, 2.77161743725e-05, 2.86213507934e-05, 1.89059937838e-05, 1.55474990606e-05, 1.6333468011e-05, 1.57051581482e-05, 1.60025247169e-05, 1.5572322809e-05, 1.56306123245e-05, 1.433628222e-05, 1.36223843583e-05, 1.40006759466e-05, 1.02484791569e-05, 7.48033744458e-06, 8.48090257932e-06, 7.37297204978e-06, 9.53866492637e-06, 8.8566193881e-06, 7.13364488547e-06, 7.6332653407e-06, 5.79130391998e-06, 6.46736225463e-06, 6.70271992931e-06, 6.41688984615e-06, 8.13484803075e-06, 5.6292192312e-06, 8.45657450554e-06, 8.35338232719e-06], "mean": [0.00586557062343, 0.0052602365613, 0.0016680310946, 0.000921404513065, 0.000348459841916, 0.000269214098807, 0.000103948063042, 8.46527909744e-05, 7.9803794506e-05, 5.86086025578e-05, 5.15743122378e-05, 2.60508895735e-05, 2.80399435724e-05, 2.57050360233e-05, 1.61193493113e-05, 1.36687522172e-05, 1.3698650946e-05, 1.30435555548e-05, 1.47326882143e-05, 1.35951295306e-05, 1.52927441377e-05, 1.39959465741e-05, 1.53978107846e-05, 1.56438891281e-05, 9.47199350776e-06, 7.29853945813e-06, 6.78773767504e-06, 6.19856837147e-06, 7.62538093113e-06, 7.80293339631e-06, 6.62519641992e-06, 6.86148268869e-06, 5.58474403078e-06, 5.67949291508e-06, 6.10739789408e-06, 6.49915591566e-06, 6.23666892352e-06, 4.40581652583e-06, 6.59227998767e-06, 6.63922173771e-06], "dvar2": [5.6152970501e-05, 9.27714208956e-05, 3.21004481521e-05, 2.00729955395e-05, 8.28888119031e-07, 2.66962189244e-07, 1.21637796724e-07, 5.04376735933e-08, 5.53731815955e-08, 1.63092206407e-08, 1.44326026685e-08, 1.03252846273e-08, 6.82981404765e-09, 5.45448486378e-09, 5.84077053389e-09, 1.29773647384e-09, 1.31492317035e-09, 1.62427460371e-09, 1.68110303456e-09, 1.35891753406e-09, 1.43843137401e-09, 1.48692991253e-09, 1.89157511876e-09, 1.78949977059e-09, 8.46000158816e-10, 5.00188446217e-10, 8.87303397423e-10, 3.97595789625e-10, 6.66913191338e-10, 8.50733816726e-10, 3.74262787428e-10, 7.12101211331e-10, 2.49914811068e-10, 2.7033175698e-10, 4.06188832569e-10, 5.62530966253e-10, 1.02131914037e-09, 5.35639033128e-10, 1.91048954434e-09, 1.9512653715e-09], "min": [1.63066591427e-24, 6.27291492906e-25, 2.94343823868e-25, 4.1205486248e-25, 1.03785755299e-24, 1.37378499619e-24, 2.03829213628e-24, 1.05281159474e-24, 2.0908099594e-24, 2.25842554682e-24, 2.35796657964e-24, 2.29837247699e-24, 2.17265763098e-24, 2.9362978642e-24, 2.24505119904e-24, 1.56862575117e-24, 2.40191993713e-24, 3.54195864317e-24, 3.53460764283e-24, 2.62844016277e-24, 2.29698210964e-24, 4.0886613386e-24, 4.73365689167e-24, 4.15330375661e-24, 4.04220058672e-24, 3.23445888738e-24, 3.84092548777e-24, 4.70089589271e-24, 3.93459404279e-24, 5.50701786339e-24, 5.9052056605e-24, 4.65190171404e-24, 5.9526990313e-24, 5.37092081901e-24, 5.09136744686e-24, 6.22845403819e-24, 6.06058049325e-24, 5.03199619742e-24, 6.45637685852e-24, 6.01326382729e-24]}, "spectral_decrease": {"dvar": 4.01298236938e-17, "var": 9.23369144648e-17, "median": -9.95707072349e-09, "max": 8.97056595672e-10, "dmean": 3.93165588974e-09, "dmean2": 6.28490903765e-09, "mean": -1.07009876515e-08, "dvar2": 9.97008336197e-17, "min": -7.25303266336e-08}, "barkbands_kurtosis": {"dvar": 641.852233887, "var": 1277.11791992, "median": 7.89576530457, "max": 910.364868164, "dmean": 11.1622085571, "dmean2": 17.0474433899, "mean": 20.2397594452, "dvar2": 1613.89343262, "min": -1.96792340279}, "silence_rate_30dB": {"dvar": 0.0567847155035, "var": 0.0649810880423, "median": 1, "max": 1, "dmean": 0.0604323409498, "dmean2": 0.120879121125, "mean": 0.930140912533, "dvar2": 0.126326963305, "min": 0}, "gfcc": {"mean": [-47.3507652283, 78.6469802856, -90.1668930054, 47.5563583374, -44.3647232056, 16.9762039185, -26.7077217102, 8.87592315674, -20.4884586334, 4.02255010605, -19.608341217, 1.51628315449, -7.82004737854], "cov": [[32040.9863281, -467.593170166, 479.152984619, 1009.84259033, -885.694885254, 957.100097656, -825.581604004, 1078.35339355, -682.135437012, 538.986633301, -672.105957031, 566.371582031, -584.616516113], [-467.593170166, 2737.59399414, -716.151428223, 221.911773682, 421.578857422, -233.247497559, 471.773468018, -227.139984131, 255.160522461, -186.623779297, 219.998931885, -220.1590271, 163.944473267], [479.152984619, -716.151428223, 1920.54602051, 142.67376709, 355.682495117, 401.222198486, 28.820306778, 366.166778564, 79.4979171753, 167.884658813, 21.6288070679, 118.243484497, -114.137962341], [1009.84259033, 221.911773682, 142.67376709, 568.275939941, 200.38684082, 191.333099365, 182.222961426, 73.5636520386, 100.106002808, -7.70240545273, 57.1516113281, -25.7479667664, 0.364210098982], [-885.694885254, 421.578857422, 355.682495117, 200.38684082, 523.812438965, 138.637649536, 253.72958374, 86.991027832, 160.140838623, 14.7247905731, 92.1134872437, -21.7784290314, 36.3309211731], [957.100097656, -233.247497559, 401.222198486, 191.333099365, 138.637649536, 377.138946533, 111.52305603, 132.366363525, 57.7712135315, 73.7822875977, 11.6329946518, 7.87795972824, -26.4476490021], [-825.581604004, 471.773468018, 28.820306778, 182.222961426, 253.72958374, 111.52305603, 409.706787109, 47.0356864929, 160.228683472, -37.8109359741, 109.961784363, -64.2200317383, 35.9386901855], [1078.35339355, -227.139984131, 366.166778564, 73.5636520386, 86.991027832, 132.366363525, 47.0356864929, 327.796264648, 75.8037033081, 53.1750335693, -31.5702552795, 82.4305038452, -42.9211273193], [-682.135437012, 255.160522461, 79.4979171753, 100.106002808, 160.140838623, 57.7712135315, 160.228683472, 75.8037033081, 290.781829834, 3.26079535484, 39.2604293823, -42.9427375793, 33.375213623], [538.986633301, -186.623779297, 167.884658813, -7.70240545273, 14.7247905731, 73.7822875977, -37.8109359741, 53.1750335693, 3.26079535484, 169.120391846, -4.18800640106, 18.6643428802, -16.4929332733], [-672.105957031, 219.998931885, 21.6288070679, 57.1516113281, 92.1134872437, 11.6329946518, 109.961784363, -31.5702552795, 39.2604293823, -4.18800640106, 160.070404053, -3.79996824265, 16.5150604248], [566.371582031, -220.1590271, 118.243484497, -25.7479667664, -21.7784290314, 7.87795972824, -64.2200317383, 82.4305038452, -42.9427375793, 18.6643428802, -3.79996824265, 149.07611084, -1.97205865383], [-584.616516113, 163.944473267, -114.137962341, 0.364210098982, 36.3309211731, -26.4476490021, 35.9386901855, -42.9211273193, 33.375213623, -16.4929332733, 16.5150604248, -1.97205865383, 103.496505737]], "icov": [[8.43702655402e-05, -0.0001623762073, 3.46053748217e-05, -0.000178117479663, 0.000215601932723, -0.000273999379715, 0.000155660134624, -0.000217822103878, 0.000179955255589, -0.000217341003008, 0.000290629075607, -0.000294150988339, 0.000337847828632], [-0.0001623762073, 0.00105722760782, 0.000132376051624, 0.000194074644241, -0.000927689950913, 0.00107331352774, -0.000646319123916, 0.000488493824378, -0.000485731114168, 0.000643108796794, -0.000961838057265, 0.00110798550304, -0.000985956052318], [3.46053748217e-05, 0.000132376051624, 0.00102400814649, 4.94030209666e-05, -0.000724082638044, -0.000663929677103, 0.000457825546619, -0.000612559495494, 1.96320997929e-05, -0.000235627332586, -0.000260030443314, -0.000235582527239, 0.000779533584137], [-0.000178117479663, 0.000194074644241, 4.94030209666e-05, 0.00287340185605, -0.000864390342031, -0.000674310373142, -0.000509988167323, 0.00025842175819, -0.000512219150551, 0.000912995019462, -0.000893891148735, 0.000677417905536, -0.000387582666008], [0.000215601932723, -0.000927689950913, -0.000724082638044, -0.000864390342031, 0.00453906832263, -0.000912820862141, -0.000910634465981, -0.000612035393715, -3.45990411006e-05, -0.000927692395635, 0.000518049579114, -0.000988719286397, -0.000110537061119], [-0.000273999379715, 0.00107331352774, -0.000663929677103, -0.000674310373142, -0.000912820862141, 0.00596660701558, -0.0019165026024, 0.000229610726819, -0.000397922412958, -0.000637481804006, -0.000597619742621, 0.00156881462317, -0.0012198863551], [0.000155660134624, -0.000646319123916, 0.000457825546619, -0.000509988167323, -0.000910634465981, -0.0019165026024, 0.00596634624526, -0.00166153186001, -0.000591533025727, 0.000938758195844, -0.00191972358152, 0.00112517620437, 0.000146974416566], [-0.000217822103878, 0.000488493824378, -0.000612559495494, 0.00025842175819, -0.000612035393715, 0.000229610726819, -0.00166153186001, 0.0066171111539, -0.00216652709059, -0.000114477457828, 0.00151103292592, -0.00295080174692, 0.00129707984161], [0.000179955255589, -0.000485731114168, 1.96320997929e-05, -0.000512219150551, -3.45990411006e-05, -0.000397922412958, -0.000591533025727, -0.00216652709059, 0.0056947786361, -0.00075262482278, 0.000342192739481, 0.00118470971938, -0.000961630023085], [-0.000217341003008, 0.000643108796794, -0.000235627332586, 0.000912995019462, -0.000927692395635, -0.000637481804006, 0.000938758195844, -0.000114477457828, -0.00075262482278, 0.00794423930347, -0.00166123220697, 0.00121995445807, -0.000923171639442], [0.000290629075607, -0.000961838057265, -0.000260030443314, -0.000893891148735, 0.000518049579114, -0.000597619742621, -0.00191972358152, 0.00151103292592, 0.000342192739481, -0.00166123220697, 0.0101125538349, -0.00344005413353, 0.00178603886161], [-0.000294150988339, 0.00110798550304, -0.000235582527239, 0.000677417905536, -0.000988719286397, 0.00156881462317, 0.00112517620437, -0.00295080174692, 0.00118470971938, 0.00121995445807, -0.00344005413353, 0.0117031140253, -0.00396103411913], [0.000337847828632, -0.000985956052318, 0.000779533584137, -0.000387582666008, -0.000110537061119, -0.0012198863551, 0.000146974416566, 0.00129707984161, -0.000961630023085, -0.000923171639442, 0.00178603886161, -0.00396103411913, 0.0140098715201]]}, "silence_rate_20dB": {"dvar": 0, "var": 0, "median": 1, "max": 1, "dmean": 0, "dmean2": 0, "mean": 1, "dvar2": 0, "min": 1}, "barkbands_skewness": {"dvar": 1.40924715996, "var": 7.27615356445, "median": 2.72028160095, "max": 23.9243202209, "dmean": 0.977899312973, "dmean2": 1.42926633358, "mean": 3.01760601997, "dvar2": 3.15805077553, "min": -6.74313116074}, "erbbands_skewness": {"dvar": 0.210624650121, "var": 1.04138481617, "median": 0.0602952875197, "max": 5.64824199677, "dmean": 0.434762328863, "dmean2": 0.631151676178, "mean": 0.0556865520775, "dvar2": 0.426567584276, "min": -6.64479970932}, "spectral_contrast_valleys": {"dvar": [0.193855717778, 0.221793815494, 0.172584176064, 0.175862520933, 0.211057662964, 0.368131905794], "var": [8.5299987793, 6.97024917603, 6.63866662979, 6.38957071304, 6.89997148514, 7.04647731781], "median": [-6.74015426636, -7.44632911682, -7.88024330139, -8.42505073547, -8.10427761078, -10.3922233582], "max": [-4.89255428314, -4.48815202713, -5.06923866272, -5.86766910553, -5.25595569611, -6.79534053802], "dmean": [0.408919721842, 0.4316175282, 0.392340302467, 0.36972117424, 0.363613247871, 0.491000473499], "dmean2": [0.635877549648, 0.674079060555, 0.611508309841, 0.541998684406, 0.498494267464, 0.596420168877], "mean": [-7.62683105469, -7.85230875015, -8.33913898468, -8.82668590546, -8.48233985901, -10.7928085327], "dvar2": [0.369056254625, 0.466075897217, 0.359587699175, 0.343878448009, 0.390065491199, 0.61705750227], "min": [-28.1177806854, -28.2429428101, -27.7855529785, -27.7490921021, -27.5211677551, -27.4688625336]}, "spectral_strongpeak": {"dvar": 1.15152418613, "var": 1.03020560741, "median": 0.439955711365, "max": 40.277305603, "dmean": 0.270342558622, "dmean2": 0.462934225798, "mean": 0.579068183899, "dvar2": 3.16113829613, "min": 0}, "erbbands_crest": {"dvar": 5.70911026001, "var": 18.0372657776, "median": 7.85031795502, "max": 31.9418239594, "dmean": 2.45760989189, "dmean2": 3.87843585014, "mean": 8.85991001129, "dvar2": 13.6913356781, "min": 2.32226371765}, "barkbands_crest": {"dvar": 7.72025537491, "var": 28.4416999817, "median": 14.4189071655, "max": 26.5237083435, "dmean": 2.72372984886, "dmean2": 4.2909488678, "mean": 14.1563577652, "dvar2": 18.9802303314, "min": 2.46873950958}, "spectral_energyband_middle_low": {"dvar": 0.000233645710978, "var": 0.000226435324294, "median": 0.00416498351842, "max": 0.145780518651, "dmean": 0.00627785688266, "dmean2": 0.0102832941338, "mean": 0.0095653347671, "dvar2": 0.000592307711486, "min": 1.50188892717e-22}, "spectral_contrast_coeffs": {"dvar": [0.00201830849983, 0.00146582326852, 0.000952132453676, 0.000765975448303, 0.000561618478969, 0.000515310617629], "var": [0.0104626072571, 0.00690925726667, 0.00457106810063, 0.00389673467726, 0.00342754716985, 0.00363862537779], "median": [-0.649869441986, -0.736481308937, -0.769684314728, -0.768571555614, -0.775760650635, -0.746090054512], "max": [-0.289576143026, -0.440309017897, -0.495222389698, -0.534542798996, -0.563095092773, -0.489517807961], "dmean": [0.0483819432557, 0.0434060283005, 0.0368515364826, 0.0324562489986, 0.0259069409221, 0.0232085268945], "dmean2": [0.077845364809, 0.0688953027129, 0.0593435317278, 0.0524634309113, 0.0415911450982, 0.035816334188], "mean": [-0.642757773399, -0.731623530388, -0.768351316452, -0.766833424568, -0.771032333374, -0.745130717754], "dvar2": [0.00472817244008, 0.00355711136945, 0.00240585533902, 0.0019240505062, 0.00136228697374, 0.0011136145331], "min": [-0.98709076643, -0.981291174889, -0.976372897625, -0.972230613232, -0.967046320438, -0.964649498463]}, "hfc": {"dvar": 2305.61914062, "var": 6757.74853516, "median": 9.85999679565, "max": 842.457885742, "dmean": 18.0071926117, "dmean2": 25.7957878113, "mean": 34.3417701721, "dvar2": 4339.79150391, "min": 1.0505904493e-16}, "spectral_energyband_high": {"dvar": 2.11064125324e-05, "var": 6.78372380207e-05, "median": 0.000282903230982, "max": 0.0764545425773, "dmean": 0.00167033402249, "dmean2": 0.00237304507755, "mean": 0.00282364618033, "dvar2": 3.8594360376e-05, "min": 7.11026440754e-21}, "erbbands_spread": {"dvar": 204.547454834, "var": 640.556762695, "median": 51.897026062, "max": 199.691482544, "dmean": 12.6236867905, "dmean2": 18.8028678894, "mean": 54.6983718872, "dvar2": 425.959777832, "min": 2.37959361076}, "dissonance": {"dvar": 0.000259777385509, "var": 0.000698503747117, "median": 0.47009563446, "max": 0.500000059605, "dmean": 0.0157905425876, "dmean2": 0.0257470514625, "mean": 0.464516222477, "dvar2": 0.000665478757583, "min": 0.23768684268}, "spectral_kurtosis": {"dvar": 8.08962535858, "var": 19.0637378693, "median": 2.90332722664, "max": 123.882492065, "dmean": 1.6951225996, "dmean2": 2.73856759071, "mean": 3.81020641327, "dvar2": 21.6313419342, "min": -1.28444564342}, "spectral_skewness": {"dvar": 0.0812877640128, "var": 0.426172554493, "median": 1.32619667053, "max": 8.85082244873, "dmean": 0.25274014473, "dmean2": 0.380646139383, "mean": 1.37227284908, "dvar2": 0.182008802891, "min": -0.45911064744}, "pitch_salience": {"dvar": 0.00651148008183, "var": 0.0230748727918, "median": 0.426758468151, "max": 0.903739511967, "dmean": 0.0773570984602, "dmean2": 0.120368421078, "mean": 0.433156847954, "dvar2": 0.0146636329591, "min": 0.0546605363488}, "spectral_complexity": {"dvar": 28.8552036285, "var": 100.142356873, "median": 11, "max": 63, "dmean": 3.54926538467, "dmean2": 5.12924051285, "mean": 13.3635063171, "dvar2": 46.8415298462, "min": 0}, "spectral_spread": {"dvar": 1947871084540.0, "var": 24323851026400.0, "median": 5137580, "max": 51417504, "dmean": 883302.125, "dmean2": 1193587, "mean": 6186293.5, "dvar2": 3735864213500.0, "min": 1026452}, "dynamic_complexity": 4.17166662216, "melbands_crest": {"dvar": 10.2127952576, "var": 43.3426589966, "median": 19.1430549622, "max": 35.773147583, "dmean": 3.07306909561, "dmean2": 4.91830158234, "mean": 18.4862518311, "dvar2": 24.2819766998, "min": 1.42870914936}, "zerocrossingrate": {"dvar": 0.000642082188278, "var": 0.00781177915633, "median": 0.04638671875, "max": 0.5546875, "dmean": 0.0171830914915, "dmean2": 0.0188237316906, "mean": 0.0732860341668, "dvar2": 0.000653505208902, "min": 0.00146484375}, "spectral_energyband_low": {"dvar": 0.000535105005838, "var": 0.00101332634222, "median": 0.0296886488795, "max": 0.252655059099, "dmean": 0.0128705408424, "dmean2": 0.0208339113742, "mean": 0.0306609161198, "dvar2": 0.00137866951991, "min": 1.14748101704e-23}, "melbands_kurtosis": {"dvar": 2088.61987305, "var": 5902.29736328, "median": 29.4851818085, "max": 901.13861084, "dmean": 26.3887557983, "dmean2": 39.1853599548, "mean": 55.9824867249, "dvar2": 4491.44042969, "min": -1.86944711208}, "spectral_energyband_middle_high": {"dvar": 5.64929177926e-06, "var": 9.57986776484e-06, "median": 0.00114826764911, "max": 0.0441784225404, "dmean": 0.000988509156741, "dmean2": 0.00148727500346, "mean": 0.00210693734698, "dvar2": 1.3308564121e-05, "min": 1.19928112662e-21}, "barkbands_spread": {"dvar": 172.98991394, "var": 630.844970703, "median": 15.4214458466, "max": 135.922698975, "dmean": 8.47256278992, "dmean2": 12.7396039963, "mean": 23.5251350403, "dvar2": 337.696533203, "min": 0.213323131204}, "mfcc": {"mean": [-688.008056641, 109.093269348, 16.0419540405, 36.9600372314, 8.43967247009, 15.611571312, 4.95877122879, 7.62217664719, 8.25099468231, 2.58545947075, 0.00424777949229, -0.0795690566301, -1.17220699787], "cov": [[12967.5351562, -365.6796875, 1253.65881348, 373.833404541, 392.595001221, 170.420516968, 88.1124343872, 257.502868652, 153.040206909, 24.4237537384, 221.067062378, 127.269287109, 51.5261077881], [-365.6796875, 2291.86035156, -389.5887146, 406.117401123, 14.5432548523, 129.824798584, 104.381797791, 56.0397949219, 74.5429000854, 60.5182037354, 53.0596008301, 32.7137718201, 17.8848800659], [1253.65881348, -389.5887146, 1167.23999023, 64.6365966797, 365.359466553, 119.498954773, 168.090026855, 171.955200195, 101.947044373, 96.5726623535, 162.30329895, 141.973953247, 24.6728286743], [373.833404541, 406.117401123, 64.6365966797, 479.984619141, 135.354156494, 141.120574951, 126.816490173, 159.695449829, 79.1757278442, 73.8789596558, 81.0619354248, 54.3905181885, 18.0689601898], [392.595001221, 14.5432548523, 365.359466553, 135.354156494, 371.544342041, 116.760704041, 109.723716736, 128.298873901, 99.8846282959, 84.0807189941, 86.4586791992, 76.4865493774, 44.8198318481], [170.420516968, 129.824798584, 119.498954773, 141.120574951, 116.760704041, 309.748840332, 149.9790802, 77.0987243652, 62.3491020203, 111.688438416, 49.9349632263, 40.6288833618, 39.5001029968], [88.1124343872, 104.381797791, 168.090026855, 126.816490173, 109.723716736, 149.9790802, 265.919921875, 120.672714233, 35.1459770203, 65.0653991699, 67.2880706787, 44.5768051147, 23.4994621277], [257.502868652, 56.0397949219, 171.955200195, 159.695449829, 128.298873901, 77.0987243652, 120.672714233, 282.23815918, 118.709007263, 76.3147354126, 77.1164093018, 75.751121521, 24.5320968628], [153.040206909, 74.5429000854, 101.947044373, 79.1757278442, 99.8846282959, 62.3491020203, 35.1459770203, 118.709007263, 236.265975952, 103.574127197, 62.6078643799, 48.5703544617, 29.4188766479], [24.4237537384, 60.5182037354, 96.5726623535, 73.8789596558, 84.0807189941, 111.688438416, 65.0653991699, 76.3147354126, 103.574127197, 201.427383423, 75.3609008789, 46.7666130066, 32.8187446594], [221.067062378, 53.0596008301, 162.30329895, 81.0619354248, 86.4586791992, 49.9349632263, 67.2880706787, 77.1164093018, 62.6078643799, 75.3609008789, 160.792205811, 64.572883606, -1.10533547401], [127.269287109, 32.7137718201, 141.973953247, 54.3905181885, 76.4865493774, 40.6288833618, 44.5768051147, 75.751121521, 48.5703544617, 46.7666130066, 64.572883606, 145.036712646, 24.3479213715], [51.5261077881, 17.8848800659, 24.6728286743, 18.0689601898, 44.8198318481, 39.5001029968, 23.4994621277, 24.5320968628, 29.4188766479, 32.8187446594, -1.10533547401, 24.3479213715, 116.805122375]], "icov": [[9.0094821644e-05, 8.62519209477e-06, -0.000104344435385, -7.76525266701e-05, 2.59495955106e-05, -4.10052052757e-05, 8.46333205118e-05, -2.06640052056e-05, -1.76939865923e-05, 8.61758671817e-05, -6.12153598922e-05, 4.59039110865e-05, -4.56927809864e-05], [8.62519209477e-06, 0.000582142849453, 0.000265907729045, -0.0004845780