{"tonal": {"chords_number_rate": 0.00123180286027, "thpcp": [1, 0.645123779774, 0.262683868408, 0.154409408569, 0.132642567158, 0.187511309981, 0.244187772274, 0.258663147688, 0.517986953259, 0.645734071732, 0.353908210993, 0.172894358635, 0.174106240273, 0.265444070101, 0.798204004765, 0.966314256191, 0.429722756147, 0.152939930558, 0.123938456178, 0.158611774445, 0.429978698492, 0.562387108803, 0.341011613607, 0.43167078495, 0.629690110683, 0.42622089386, 0.304298460484, 0.30842012167, 0.221305534244, 0.291832089424, 0.316302239895, 0.174076080322, 0.105591438711, 0.114436425269, 0.216525688767, 0.685395240784], "hpcp": {"dvar": [0.0289975069463, 0.028019040823, 0.0255162268877, 0.0264044944197, 0.0289555452764, 0.0365837067366, 0.0373188406229, 0.0316919796169, 0.0222428329289, 0.0167283639312, 0.0183437224478, 0.0245722159743, 0.0306108836085, 0.0289569087327, 0.0340626686811, 0.033229470253, 0.0377963036299, 0.0270504895598, 0.0214265994728, 0.0157362725586, 0.019160432741, 0.020206246525, 0.0156088508666, 0.0158352162689, 0.0175181198865, 0.0244190711528, 0.0388933904469, 0.0379631593823, 0.0443499833345, 0.0334368981421, 0.0191933251917, 0.0156534351408, 0.0169203039259, 0.0182593353093, 0.0225133448839, 0.0305368620902], "mean": [0.223720937967, 0.122614994645, 0.0599009543657, 0.0603208243847, 0.0919657126069, 0.276545643806, 0.334789097309, 0.148881688714, 0.0529875457287, 0.0429397001863, 0.0549526140094, 0.148970365524, 0.194844558835, 0.118146836758, 0.149556607008, 0.218162342906, 0.14766843617, 0.105427205563, 0.10685519129, 0.0766734853387, 0.101108111441, 0.109586030245, 0.0603103749454, 0.0365831963718, 0.0396476276219, 0.0750174596906, 0.237461939454, 0.34645986557, 0.223509505391, 0.0910094156861, 0.0534966625273, 0.0459553264081, 0.0649651437998, 0.0846012607217, 0.0896164029837, 0.179461687803], "min": [0, 0, 0, 0, 0, 0, 0, 0, 0, 0, 0, 0, 0, 0, 0, 0, 0, 0, 0, 0, 0, 0, 0, 0, 0, 0, 0, 0, 0, 0, 0, 0, 0, 0, 0, 0], "median": [0.0584425777197, 0.0307140387595, 0.00693293754011, 0.00679623056203, 0.0300046708435, 0.0922347307205, 0.113473445177, 0.0562570691109, 0.00494339689612, 0.00343056488782, 0.00720772985369, 0.02332444489, 0.0305193699896, 0.0285836979747, 0.0202013030648, 0.0239310562611, 0.0299416892231, 0.0209871344268, 0.015088673681, 0.0145831182599, 0.0178138259798, 0.0197653546929, 0.0122701898217, 0.00440816441551, 0.00410646479577, 0.019275136292, 0.123066850007, 0.178988039494, 0.0895032063127, 0.0157559663057, 0.00560018746182, 0.00480944570154, 0.0132309896871, 0.0177397988737, 0.0248255319893, 0.0500735342503], "dvar2": [0.0739015564322, 0.0786736831069, 0.0734076723456, 0.0752177387476, 0.0846963897347, 0.100206330419, 0.0922537744045, 0.0920816659927, 0.0619050040841, 0.0465537086129, 0.0512622445822, 0.0656801760197, 0.0785376355052, 0.0807687267661, 0.0957628414035, 0.0818774551153, 0.105287924409, 0.0740265473723, 0.0554265156388, 0.0427737310529, 0.0492832325399, 0.0500913858414, 0.0435410775244, 0.0454572178423, 0.0496460422873, 0.0690396651626, 0.109862037003, 0.0959982350469, 0.127903953195, 0.0942884087563, 0.0534489378333, 0.0426864773035, 0.0461246930063, 0.0481096059084, 0.0617006979883, 0.0854154452682], "var": [0.0988401547074, 0.0412509925663, 0.0228484664112, 0.0231836605817, 0.0275337696075, 0.109079532325, 0.151976644993, 0.0411166399717, 0.0200682990253, 0.0146924555302, 0.0179621148854, 0.0594171173871, 0.0984457880259, 0.0363161675632, 0.0591440238059, 0.116245642304, 0.0544952824712, 0.0420720912516, 0.0498512946069, 0.0277186837047, 0.0391438305378, 0.0472156740725, 0.0178433191031, 0.014131648466, 0.0153635228053, 0.0234957300127, 0.0737766176462, 0.131896838546, 0.0779964700341, 0.0322518721223, 0.0186467487365, 0.016773050651, 0.021518047899, 0.0312445834279, 0.0306526422501, 0.0653988569975], "dmean2": [0.161272883415, 0.158302515745, 0.118723757565, 0.118579812348, 0.164126038551, 0.2210406214, 0.194883942604, 0.187988862395, 0.10505117476, 0.0840025916696, 0.0974691510201, 0.142030790448, 0.153034567833, 0.165855422616, 0.181982606649, 0.159627482295, 0.197548612952, 0.144482538104, 0.109621062875, 0.0972779020667, 0.108319334686, 0.108595654368, 0.0889338254929, 0.076092325151, 0.0834946855903, 0.142602682114, 0.254908293486, 0.234134927392, 0.268831223249, 0.188912510872, 0.1040661484, 0.0839780941606, 0.0921022817492, 0.104979231954, 0.13333363831, 0.17879344523], "max": [1, 1, 1, 1, 1, 1, 1, 1, 1, 1, 1, 1, 1, 1, 1, 1, 1, 1, 1, 1, 1, 1, 1, 1, 1, 1, 1, 1, 1, 1, 1, 1, 1, 1, 1, 1], "dmean": [0.0958574265242, 0.0892917066813, 0.0659047216177, 0.0650716498494, 0.0911473631859, 0.128065511584, 0.114012867212, 0.106710448861, 0.0582874193788, 0.0466163046658, 0.0549428388476, 0.0836596116424, 0.0901375338435, 0.0938704535365, 0.103481762111, 0.0940537750721, 0.111070275307, 0.0827476605773, 0.064208522439, 0.0559195391834, 0.0644783303142, 0.0651699006557, 0.0510342679918, 0.04160778597, 0.046529147774, 0.0800653323531, 0.147368788719, 0.138650789857, 0.152037873864, 0.104450158775, 0.0578156672418, 0.0469137243927, 0.0528779067099, 0.0608908496797, 0.0762354582548, 0.104408413172]}, "key_strength": 0.71308273077, "chords_strength": {"dvar": 0.000259181513684, "mean": 0.491737753153, "min": -1, "median": 0.500379860401, "dvar2": 0.000503016170114, "var": 0.0314151570201, "dmean2": 0.00711431913078, "max": 0.818438529968, "dmean": 0.00844533275813}, "tuning_equal_tempered_deviation": 0.0893283337355, "chords_key": "D", "tuning_frequency": 445.112548828, "chords_scale": "major", "chords_changes_rate": 0.0546472556889, "key_scale": "minor", "tuning_diatonic_strength": 0.424788683653, "hpcp_entropy": {"dvar": 0.223847359419, "mean": 1.94596540928, "min": 0, "median": 1.98460018635, "dvar2": 0.581656575203, "var": 0.660145044327, "dmean2": 0.840716838837, "max": 4.74489498138, "dmean": 0.502303779125}, "chords_histogram": [15.8902578354, 16.6293392181, 13.8633813858, 7.30123186111, 2.11646127701, 2.92273235321, 13.1019039154, 6.41657352448, 0.750279963017, 10.6830911636, 0.414333701134, 0.391937285662, 0.156774923205, 0.48152294755, 0, 1.06382977962, 0.25755879283, 0.380739092827, 0.470324754715, 0, 0.582306802273, 0, 5.26315784454, 0.862262010574], "tuning_nontempered_energy_ratio": 0.697044968605, "key_key": "B"}, "metadata": {"version": {"extractor": "music 1.0", "essentia_build_sha": "ca57ba49d9b1854bd80e60cf9ccf267278fb7d6b", "essentia": "2.1-beta1", "essentia_git_sha": "v2.1_beta1-28-g21ef5f4-dirty"}, "audio_properties": {"sample_rate": 44100, "length": 414.653320312, "lossless": true, "analysis_sample_rate": 44100, "downmix": "mix", "bit_rate": 0, "equal_loudness": 0, "md5_encoded": "1915375fdc99475ca31c7b8a352c3cba", "codec": "flac", "replay_gain": -12.0278453827}, "tags": {"totaltracks": ["7"], "album": ["Stand With the Stillness of This Day"], "tracktotal": ["7"], "date": ["2004"], "acoustid_id": ["99712746-76c0-43c9-9a9c-be017ac72571"], "musicbrainz_recordingid": ["3a946ab4-e1cd-4463-915b-01ce64d33418"], "albumartistsort": ["Vajagic, Elizabeth Anka"], "title": ["Where You Wonder"], "artistsort": ["Vajagic, Elizabeth Anka"], "musicbrainz_albumid": ["d706a8c4-c6c9-47a9-aa15-9cd52c3d116e"], "albumartist": ["Elizabeth Anka Vajagic"], "musicbrainz_artistid": ["4e087e70-5c36-43e5-a5c8-a0cda255a3dd"], "file_name": "03 - Where You Wonder.flac", "tracknumber": ["3"], "musicbrainz_albumartistid": ["4e087e70-5c36-43e5-a5c8-a0cda255a3dd"], "artist": ["Elizabeth Anka Vajagic"]}}, "lowlevel": {"melbands": {"dvar": [1.36251912863e-06, 5.29467251908e-06, 1.07130222204e-06, 3.19673432614e-07, 1.05097733183e-07, 9.1016204351e-08, 5.28465662342e-08, 1.67348890301e-08, 1.31342545728e-08, 9.78279324215e-09, 1.20918075552e-08, 5.5226068163e-09, 1.2333748467e-09, 1.60069957289e-09, 1.29069732679e-09, 4.62852478567e-10, 4.72409278363e-10, 1.41315670277e-09, 3.75906994421e-09, 7.08097758206e-09, 4.88698281842e-09, 1.31045707619e-09, 1.1385679205e-10, 1.44866202367e-10, 8.87101503366e-11, 3.25470865536e-11, 4.22622319085e-11, 1.4427978777e-11, 1.00507067946e-11, 2.56239716945e-11, 3.60167776679e-12, 1.29428683483e-12, 1.95760985547e-12, 4.41640777768e-12, 6.19348799677e-12, 3.86784831594e-12, 2.6505609773e-12, 3.66988167286e-12, 4.31965886671e-11, 7.80552220081e-11], "mean": [0.00033025391167, 0.00129608437419, 0.00101057544816, 0.000401235884055, 0.000268527976004, 0.000197022454813, 0.000145132347825, 8.71881857165e-05, 6.45908294246e-05, 5.29306853423e-05, 4.83799522044e-05, 3.4781791328e-05, 2.09843274206e-05, 2.1514344553e-05, 2.36752348428e-05, 1.49685420183e-05, 1.40817483043e-05, 2.1229738195e-05, 3.34253527399e-05, 4.25445105066e-05, 3.15925244649e-05, 1.35745858643e-05, 6.34018169876e-06, 7.29511521058e-06, 7.07025992597e-06, 4.73566251458e-06, 5.02465309182e-06, 2.93139578389e-06, 2.18500258597e-06, 3.36629477715e-06, 1.38779421377e-06, 5.46381045297e-07, 5.4966682228e-07, 6.81499386701e-07, 7.1387665912e-07, 5.95234837419e-07, 4.32742268686e-07, 4.44467389116e-07, 5.72772478336e-07, 6.54695838875e-07], "min": [9.98113557294e-25, 7.97120180291e-25, 9.70958696961e-25, 1.07704697947e-24, 8.54704659789e-25, 1.48714815396e-24, 5.27961924113e-25, 2.05676015894e-24, 2.53442687553e-24, 1.21464670527e-24, 1.2673952702e-24, 2.2799531665e-24, 2.5888778023e-24, 2.28770037223e-24, 1.77675772772e-24, 2.91975564823e-24, 3.31839704035e-24, 3.1699166547e-24, 3.47938974604e-24, 3.20955750683e-24, 3.94851625448e-24, 3.13530577691e-24, 4.27140215058e-24, 3.38216461163e-24, 3.34779985844e-24, 4.11818130253e-24, 4.2623215727e-24, 4.14170986789e-24, 4.722853836e-24, 4.32297038239e-24, 5.13472521437e-24, 5.07105980058e-24, 5.66642298651e-24, 5.46558807194e-24, 5.23129046664e-24, 5.03560050289e-24, 6.05202450787e-24, 5.47059654983e-24, 6.18761115925e-24, 5.83113793238e-24], "median": [4.21646545874e-05, 0.000414174835896, 0.00033882970456, 0.000116362360131, 7.33733904781e-05, 4.80005292047e-05, 3.32849303959e-05, 8.92454681889e-06, 4.48184982815e-06, 2.5877943699e-06, 1.45398155382e-06, 1.55956809067e-06, 9.94877041194e-07, 7.29637861241e-07, 9.83925133369e-07, 6.41666645151e-07, 6.88624197664e-07, 1.28859210236e-06, 5.78195454182e-07, 4.33379767628e-07, 3.78932782041e-07, 1.8126107193e-07, 1.23899013715e-07, 1.31352081212e-07, 1.08691587286e-07, 7.06091611846e-08, 8.12976352904e-08, 5.08491098117e-08, 3.70084833889e-08, 5.07655428805e-08, 3.13437702459e-08, 1.77707129012e-08, 1.54841224287e-08, 1.79031154346e-08, 2.14408810706e-08, 1.8470528218e-08, 1.40181777297e-08, 1.37257458732e-08, 1.17162199942e-08, 7.68261632089e-09], "dvar2": [3.10875611831e-06, 1.49033812704e-05, 2.9638599699e-06, 9.06064030914e-07, 2.66139238647e-07, 2.57469139342e-07, 1.49116246462e-07, 4.26107398255e-08, 2.71394053897e-08, 2.00543066597e-08, 2.31403962658e-08, 1.17643192965e-08, 2.40310993327e-09, 4.01464328448e-09, 3.15001735807e-09, 1.12462816837e-09, 1.1693355173e-09, 3.06401948258e-09, 8.36164559814e-09, 1.55036126159e-08, 1.15123564015e-08, 3.10408920789e-09, 2.76586142878e-10, 3.65579927442e-10, 2.16342596615e-10, 7.87588536055e-11, 1.12004495956e-10, 3.48277830187e-11, 2.63290604596e-11, 6.92819135395e-11, 8.65573151348e-12, 2.84137470496e-12, 3.98181964831e-12, 8.70831792094e-12, 1.21040252474e-11, 6.87321033421e-12, 5.16720520538e-12, 8.04176430308e-12, 1.08945297228e-10, 1.96068647429e-10], "var": [1.54247982209e-06, 7.19427316653e-06, 2.84254383587e-06, 6.32625585695e-07, 3.00086355765e-07, 1.69147412521e-07, 1.2660237303e-07, 7.1930102763e-08, 4.29535020885e-08, 3.10189065544e-08, 5.29190309351e-08, 3.18955635237e-08, 7.2691741515e-09, 4.35048086445e-09, 4.14383150016e-09, 1.3644463337e-09, 1.90185689419e-09, 4.83342343927e-09, 1.27423147589e-08, 2.47876510429e-08, 1.13240288258e-08, 2.58409582621e-09, 3.14889808672e-10, 5.15585130145e-10, 3.3248767628e-10, 1.46946690927e-10, 1.59287680268e-10, 6.57187637643e-11, 3.12166507921e-11, 8.39166514055e-11, 1.2681031572e-11, 3.49675236683e-12, 5.11195513003e-12, 1.11486878757e-11, 1.59532300564e-11, 1.16635928346e-11, 6.9005018713e-12, 7.49392908839e-12, 5.17741786943e-11, 8.4237679332e-11], "dmean2": [0.000428952887887, 0.00126578577328, 0.000724834913854, 0.000368022243492, 0.000216769753024, 0.000185578130186, 0.000135214737384, 6.56427873764e-05, 4.58666290797e-05, 4.20743017457e-05, 3.39142025041e-05, 2.47062525887e-05, 1.4175524484e-05, 1.76709982043e-05, 1.74984907062e-05, 1.13239511847e-05, 1.10460387077e-05, 1.60434083227e-05, 2.5844465199e-05, 3.33579846483e-05, 2.78744209936e-05, 1.16840910778e-05, 4.88287741973e-06, 5.00531314174e-06, 4.7499070206e-06, 2.94599635708e-06, 3.43425449501e-06, 1.93960659089e-06, 1.54724489221e-06, 2.34608887695e-06, 9.32877810556e-07, 4.04362680229e-07, 4.19871867052e-07, 5.43053033653e-07, 5.57156795367e-07, 4.56733801002e-07, 3.4069981325e-07, 3.68519124549e-07, 5.63638252515e-07, 6.98871303939e-07], "max": [0.0251838006079, 0.0416941605508, 0.0162424445152, 0.0118563957512, 0.00636584730819, 0.00950939953327, 0.00736255990341, 0.0040293391794, 0.00874601211399, 0.00503990612924, 0.0127623900771, 0.00720967305824, 0.00260699843056, 0.00226525892504, 0.00112908310257, 0.000671897199936, 0.00123076688033, 0.00233198562637, 0.0019385649357, 0.00339861703105, 0.00186637183651, 0.0023978673853, 0.000316464836942, 0.000639432051685, 0.000325702130795, 0.000290415482596, 0.000195662185433, 0.000205877993722, 0.000117387498904, 0.000162111929967, 7.4578638305e-05, 4.45333680545e-05, 8.698090096e-05, 0.000149268860696, 0.000147802697029, 0.000128496743855, 9.64312785072e-05, 0.000109354943561, 0.000730289961211, 0.000970315013546], "dmean": [0.00026648020139, 0.00074776558904, 0.000442246237071, 0.000218557805056, 0.000134334899485, 0.000111033899884, 7.92550126789e-05, 4.08852465625e-05, 3.02028602164e-05, 2.7126254281e-05, 2.29349316214e-05, 1.56874939421e-05, 9.12760788196e-06, 1.08801250462e-05, 1.09795118988e-05, 7.17403463568e-06, 6.85058512317e-06, 1.04089285742e-05, 1.67093130585e-05, 2.16742664634e-05, 1.7857644707e-05, 7.41268331694e-06, 3.09767119688e-06, 3.17438116326e-06, 2.94629080599e-06, 1.8259661374e-06, 2.10706798498e-06, 1.20682409488e-06, 9.43668396758e-07, 1.41954888022e-06, 5.83821986311e-07, 2.66547544925e-07, 2.8252594575e-07, 3.70769726032e-07, 3.83601928888e-07, 3.17951219131e-07, 2.37850855456e-07, 2.53893915669e-07, 3.78917377475e-07, 4.70801040819e-07]}, "spectral_decrease": {"dvar": 6.98947847991e-18, "mean": -3.43476869169e-09, "min": -4.93535132762e-08, "median": -1.11407871817e-09, "dvar2": 1.7464489266e-17, "var": 2.84572464595e-17, "dmean2": 1.6748050724e-09, "max": 1.06498299491e-15, "dmean": 1.03699804299e-09}, "spectral_rolloff": {"dvar": 801332.4375, "mean": 1270.23181152, "min": 64.599609375, "median": 430.6640625, "dvar2": 1667050.875, "var": 7720068.5, "dmean2": 467.627380371, "max": 22050, "dmean": 279.178009033}, "melbands_crest": {"dvar": 6.71632957458, "mean": 15.9429645538, "min": 1.54060101509, "median": 15.6251811981, "dvar2": 17.8994312286, "var": 25.3170833588, "dmean2": 4.56765365601, "max": 33.9100189209, "dmean": 2.79496908188}, "barkbands_skewness": {"dvar": 0.434363424778, "mean": 2.41871881485, "min": -10.4816627502, "median": 2.3137178421, "dvar2": 0.960880279541, "var": 3.36339116096, "dmean2": 0.873624026775, "max": 14.2613668442, "dmean": 0.56862449646}, "spectral_centroid": {"dvar": 67544.359375, "mean": 941.475891113, "min": 118.156425476, "median": 560.597595215, "dvar2": 120551.46875, "var": 1318878.75, "dmean2": 213.098052979, "max": 11752.0654297, "dmean": 140.452590942}, "spectral_energyband_middle_low": {"dvar": 1.86488632608e-05, "mean": 0.00623290101066, "min": 1.55078315716e-22, "median": 0.00213916040957, "dvar2": 5.08601551701e-05, "var": 8.55802645674e-05, "dmean2": 0.0031723016873, "max": 0.0985931009054, "dmean": 0.00194800517056}, "erbbands_crest": {"dvar": 5.0801076889, "mean": 10.0396385193, "min": 2.32704782486, "median": 9.05066490173, "dvar2": 11.8551416397, "var": 22.8039569855, "dmean2": 3.39496254921, "max": 31.1859855652, "dmean": 2.14030861855}, "dynamic_complexity": 7.91071128845, "spectral_energyband_low": {"dvar": 8.5788393335e-05, "mean": 0.00596760911867, "min": 1.96745475413e-23, "median": 0.00202252157032, "dvar2": 0.000228162636631, "var": 0.000136192335049, "dmean2": 0.00501668546349, "max": 0.167168602347, "dmean": 0.00304640410468}, "silence_rate_60dB": {"dvar": 0.0371350236237, "mean": 0.42398789525, "min": 0, "median": 0, "dvar2": 0.0844213739038, "var": 0.244218766689, "dmean2": 0.0772806182504, "max": 1, "dmean": 0.0386381447315}, "erbbands_kurtosis": {"dvar": 11.1140613556, "mean": 1.93407690525, "min": -1.87748849392, "median": 0.304069042206, "dvar2": 20.3904132843, "var": 37.3671836853, "dmean2": 2.10696053505, "max": 152.728759766, "dmean": 1.40181076527}, "spectral_complexity": {"dvar": 4.5339140892, "mean": 10.3443641663, "min": 0, "median": 5, "dvar2": 10.96322155, "var": 160.224990845, "dmean2": 2.37889909744, "max": 59, "dmean": 1.45503413677}, "barkbands_crest": {"dvar": 3.72470068932, "mean": 11.0931987762, "min": 2.59733223915, "median": 10.4156923294, "dvar2": 9.59068202972, "var": 17.0890026093, "dmean2": 3.38592600822, "max": 25.5464000702, "dmean": 2.09319972992}, "spectral_energy": {"dvar": 0.00010380949243, "mean": 0.0138415368274, "min": 9.8009415763e-21, "median": 0.00441322149709, "dvar2": 0.000258192478213, "var": 0.000456396955997, "dmean2": 0.00652442453429, "max": 0.189812093973, "dmean": 0.00405895197764}, "spectral_spread": {"dvar": 1075817414660.0, "mean": 4512213.5, "min": 477364.03125, "median": 3562991.75, "dvar2": 2117909348350.0, "var": 16777801105400.0, "dmean2": 951867.0625, "max": 42958072, "dmean": 642184.6875}, "spectral_contrast_valleys": {"dvar": [0.121402144432, 0.0805189460516, 0.0638829693198, 0.0660424679518, 0.0790493488312, 0.199436634779], "mean": [-8.39322280884, -8.05564212799, -8.95517921448, -9.33035850525, -9.51590251923, -12.0679655075], "min": [-28.4400310516, -28.2628078461, -27.9586315155, -27.638551712, -27.5696086884, -27.3980960846], "median": [-8.04548358917, -7.92149829865, -9.03961753845, -9.50167751312, -9.57421779633, -11.7525968552], "dvar2": [0.311780452728, 0.196281626821, 0.146112278104, 0.142164871097, 0.148863792419, 0.374491870403], "var": [5.15403413773, 5.06665897369, 4.88923692703, 5.02200746536, 5.49273586273, 5.38181591034], "dmean2": [0.693541884422, 0.520753920078, 0.44766998291, 0.398248672485, 0.348467946053, 0.446118593216], "max": [-4.96561956406, -4.84021139145, -5.59480047226, -5.74021244049, -5.85995817184, -7.06943798065], "dmean": [0.414967536926, 0.313930273056, 0.27420720458, 0.249492794275, 0.229384705424, 0.327522605658]}, "spectral_rms": {"dvar": 4.6924165531e-07, "mean": 0.00282997149043, "min": 3.0922313321e-12, "median": 0.00207498972304, "dvar2": 1.15043144433e-06, "var": 5.49523610971e-06, "dmean2": 0.00064273213502, "max": 0.0136081790552, "dmean": 0.000410050939536}, "barkbands_spread": {"dvar": 50.251537323, "mean": 14.7247610092, "min": 0.21604962647, "median": 9.21657562256, "dvar2": 105.79119873, "var": 228.132415771, "dmean2": 5.63478469849, "max": 132.134536743, "dmean": 3.62753820419}, "pitch_salience": {"dvar": 0.00355177954771, "mean": 0.511446714401, "min": 0.0665415450931, "median": 0.518790662289, "dvar2": 0.00931253097951, "var": 0.0166626721621, "dmean2": 0.104641646147, "max": 0.846465110779, "dmean": 0.0645639151335}, "erbbands_skewness": {"dvar": 0.163162961602, "mean": 0.776722073555, "min": -10.6014671326, "median": 0.801148116589, "dvar2": 0.296175211668, "var": 1.54699420929, "dmean2": 0.517021656036, "max": 8.76657295227, "dmean": 0.344692021608}, "spectral_energyband_middle_high": {"dvar": 3.69147437596e-06, "mean": 0.00251620076597, "min": 1.15200430129e-21, "median": 9.73478890955e-05, "dvar2": 7.57060524847e-06, "var": 3.10884352075e-05, "dmean2": 0.000941935344599, "max": 0.0645244345069, "dmean": 0.000650088710245}, "erbbands": {"dvar": [0.0112804993987, 1.6226234436, 27.5932388306, 43.9284858704, 80.5243759155, 46.1348419189, 113.60256958, 190.463897705, 254.846374512, 166.655105591, 195.117767334, 225.678039551, 491.375061035, 336.439117432, 88.3293838501, 109.491004944, 169.514801025, 103.424804688, 553.813964844, 3446.03417969, 3238.20483398, 750.77532959, 67.9550933838, 101.207443237, 43.9426994324, 28.4673156738, 44.3929214478, 12.5470266342, 3.61322617531, 10.625418663, 14.5465297699, 7.16163492203, 12.2279033661, 99.9542617798, 6.96441650391, 0.504665315151, 0.011437070556, 0.000249254662776, 1.50547111843e-06, 2.27370944295e-09], "mean": [0.0223021637648, 0.497804969549, 3.01280808449, 5.77633953094, 6.1335735321, 5.40483999252, 7.87756681442, 8.68278598785, 9.64123153687, 8.23983669281, 8.13181304932, 8.38021373749, 9.67951774597, 8.35881900787, 6.5119137764, 7.8885512352, 9.0849609375, 7.61807346344, 14.6513080597, 30.4121589661, 29.0611495972, 12.8091878891, 6.97609376907, 8.64008998871, 6.66338062286, 5.12818145752, 4.54550933838, 3.25696659088, 1.08086967468, 1.16069293022, 1.20186173916, 0.793172180653, 0.696246504784, 0.742907226086, 0.429288476706, 0.149582192302, 0.0292148515582, 0.00399427162483, 0.000335221237037, 2.90153602691e-05], "min": [6.78520153617e-23, 4.89941187176e-22, 9.48883902065e-22, 5.00697756216e-21, 1.63195060818e-20, 2.69299876747e-20, 2.73241020781e-20, 6.08162508771e-20, 4.43329678808e-20, 1.63170436039e-19, 2.74428645345e-19, 2.87375521197e-19, 2.80505191673e-19, 6.49518346999e-19, 8.95519172835e-19, 1.03654695323e-18, 1.52680015188e-18, 1.99201986667e-18, 2.27693292288e-18, 3.12796425442e-18, 3.94291355405e-18, 3.87259741172e-18, 4.07587787443e-18, 5.46627914863e-18, 7.87220013469e-18, 6.59253187474e-18, 9.08946588923e-18, 9.57432276836e-18, 1.08258900485e-17, 1.16837797413e-17, 1.09621912155e-17, 1.04205227447e-17, 9.93309498827e-18, 7.87169886324e-18, 5.8277959538e-18, 3.54244729537e-18, 2.20038045912e-18, 1.05525074765e-18, 2.2366384737e-19, 2.73489498082e-20], "median": [0.00217884336598, 0.103247061372, 0.985157191753, 1.82514691353, 1.48700475693, 1.70902168751, 1.86186206341, 2.12980699539, 2.24785709381, 0.994464576244, 0.596029758453, 0.495131790638, 0.33158326149, 0.385507375002, 0.282943069935, 0.311269700527, 0.40628862381, 0.387290894985, 0.776871025562, 0.404471814632, 0.353544145823, 0.200068548322, 0.14272685349, 0.143386363983, 0.10785933584, 0.0913341790438, 0.0753318369389, 0.0669336542487, 0.0350742973387, 0.0343575589359, 0.0386976897717, 0.0267458967865, 0.020410085097, 0.0112427975982, 0.00499310903251, 0.00191694265231, 0.000448728213087, 5.55711303605e-05, 8.46796865517e-06, 6.13165593677e-06], "dvar2": [0.0268925651908, 3.9384458065, 80.6826553345, 125.464302063, 223.570724487, 133.951751709, 274.001831055, 541.627990723, 727.92956543, 435.519714355, 401.855102539, 488.943054199, 944.650146484, 725.026062012, 178.220153809, 262.388793945, 427.806243896, 252.81237793, 1164.328125, 7256.72753906, 7721.57275391, 1762.60314941, 166.484619141, 245.784118652, 113.588394165, 70.9629211426, 120.082923889, 30.7811126709, 7.1758556366, 21.10039711, 26.5313205719, 12.7551460266, 25.9461231232, 255.619812012, 14.1267690659, 1.03763926029, 0.022149682045, 0.000542557099834, 3.03188471662e-06, 4.76418904327e-09], "var": [0.0107999192551, 2.04862475395, 36.7012939453, 97.5207595825, 158.961807251, 120.887336731, 305.857086182, 335.676116943, 626.692810059, 625.929138184, 671.739807129, 680.458129883, 2113.07446289, 1781.05151367, 525.76763916, 463.854248047, 495.190765381, 479.06237793, 2012.05065918, 12476.5273438, 8249.20214844, 1749.66699219, 328.234710693, 470.502380371, 253.336212158, 159.457839966, 136.053817749, 64.2876663208, 11.8920249939, 27.6050205231, 42.1917610168, 21.4996471405, 25.5347137451, 105.581001282, 15.5187034607, 1.29615926743, 0.0297621525824, 0.000540180655662, 3.54704206984e-06, 6.2154379421e-09], "dmean2": [0.0349603556097, 0.557144343853, 3.02817988396, 4.53450584412, 5.63902664185, 4.56041765213, 6.75481081009, 8.31903553009, 9.12086963654, 6.52765130997, 5.5960316658, 6.66219949722, 6.58171653748, 5.69321346283, 4.16388082504, 5.35428476334, 6.69849967957, 5.28087854385, 10.0079116821, 22.5129508972, 23.4147491455, 9.45319080353, 3.93960523605, 5.16570949554, 3.58008885384, 2.91198086739, 3.05443620682, 1.82554709911, 0.680286347866, 0.850032269955, 0.870896100998, 0.575349330902, 0.553170859814, 0.752514719963, 0.407336652279, 0.14109826088, 0.0302036702633, 0.00479449424893, 0.000384678918635, 1.98693560378e-05], "max": [2.02272963524, 26.0689640045, 92.3096923828, 99.2335968018, 217.496368408, 177.487930298, 246.63394165, 429.472045898, 494.762451172, 430.558746338, 1014.07684326, 664.652954102, 2563.70996094, 1918.30236816, 519.411071777, 566.62713623, 453.446502686, 567.33770752, 1294.52099609, 2127.0168457, 1490.92028809, 1743.02209473, 328.228912354, 344.96270752, 261.948944092, 216.64225769, 213.685287476, 138.140991211, 84.735206604, 246.411560059, 242.514251709, 176.082885742, 295.880401611, 1107.37487793, 182.913787842, 44.3918190002, 6.03002023697, 0.700494885445, 0.072069093585, 0.00248076533899], "dmean": [0.0211651623249, 0.339106351137, 1.77744841576, 2.72913479805, 3.3952498436, 2.72306656837, 4.19847393036, 4.94945287704, 5.31047725677, 4.02438592911, 3.69636893272, 4.27370738983, 4.46727132797, 3.6090426445, 2.68290066719, 3.33949613571, 4.20599508286, 3.30026316643, 6.56579780579, 14.8797121048, 15.0147829056, 6.08415985107, 2.56044912338, 3.22444272041, 2.22631502151, 1.81290018559, 1.84858214855, 1.14290881157, 0.458066016436, 0.589868605137, 0.609436631203, 0.410582631826, 0.388310700655, 0.511582672596, 0.282429456711, 0.0981548205018, 0.0207241903991, 0.00315030734055, 0.000256230210653, 1.3192606275e-05]}, "dissonance": {"dvar": 0.000394089467591, "mean": 0.446991503239, "min": 0.184112548828, "median": 0.456497579813, "dvar2": 0.00106030562893, "var": 0.00171188439708, "dmean2": 0.032565459609, "max": 0.500000119209, "dmean": 0.0194349549711}, "erbbands_flatness_db": {"dvar": 0.000400829012506, "mean": 0.186853885651, "min": 0.025549583137, "median": 0.176101356745, "dvar2": 0.00077654432971, "var": 0.00438101356849, "dmean2": 0.0248470120132, "max": 0.473616689444, "dmean": 0.0171857345849}, "melbands_kurtosis": {"dvar": 308.095794678, "mean": 27.7364215851, "min": -1.93617284298, "median": 17.4624919891, "dvar2": 715.532226562, "var": 1094.27185059, "dmean2": 15.915687561, "max": 416.054199219, "dmean": 10.1710224152}, "melbands_spread": {"dvar": 105.184783936, "mean": 16.1515445709, "min": 0.264231055975, "median": 7.75089120865, "dvar2": 210.407073975, "var": 627.861877441, "dmean2": 6.53947257996, "max": 287.848358154, "dmean": 4.28787231445}, "melbands_skewness": {"dvar": 0.663372814655, "mean": 3.57111358643, "min": -5.73605298996, "median": 3.29603338242, "dvar2": 1.53223490715, "var": 3.58784246445, "dmean2": 1.11255431175, "max": 15.8311920166, "dmean": 0.71788841486}, "spectral_entropy": {"dvar": 0.0457185693085, "mean": 6.93877744675, "min": 3.89598202705, "median": 7.04784870148, "dvar2": 0.0899951830506, "var": 0.776255548, "dmean2": 0.26229429245, "max": 9.82466220856, "dmean": 0.177321046591}, "zerocrossingrate": {"dvar": 0.000231409430853, "mean": 0.0513414926827, "min": 0.00390625, "median": 0.0322265625, "dvar2": 0.000213591527427, "var": 0.00782720837742, "dmean2": 0.00920521002263, "max": 0.9599609375, "dmean": 0.00799930375069}, "average_loudness": 0.0901438742876, "spectral_contrast_coeffs": {"dvar": [0.00122793659102, 0.00108701386489, 0.000568183022551, 0.00042742464575, 0.000265662791207, 0.000322006613715], "mean": [-0.614752292633, -0.716416478157, -0.799322247505, -0.783101379871, -0.801733493805, -0.788547813892], "min": [-0.979543209076, -0.977059006691, -0.976374745369, -0.972422659397, -0.968254506588, -0.966100215912], "median": [-0.613433301449, -0.722550868988, -0.80778670311, -0.784036457539, -0.806102633476, -0.798241436481], "dvar2": [0.00342965684831, 0.00296834716573, 0.00149596785195, 0.00109677028377, 0.000629468704574, 0.000701251905411], "var": [0.00679085822776, 0.00618575979024, 0.00398897053674, 0.00350021384656, 0.00278158811852, 0.00398587621748], "dmean2": [0.0724880695343, 0.0646563023329, 0.0463075824082, 0.0395498760045, 0.0293167978525, 0.0263268593699], "max": [-0.326842606068, -0.372362375259, -0.450354993343, -0.534764170647, -0.56928384304, -0.573207974434], "dmean": [0.0434218086302, 0.0387119688094, 0.0281768552959, 0.024221194908, 0.0181932356209, 0.0168004129082]}, "barkbands_flatness_db": {"dvar": 0.000467450678116, "mean": 0.202588453889, "min": 0.0272238086909, "median": 0.186746641994, "dvar2": 0.000974528258666, "var": 0.00797338876873, "dmean2": 0.031550873071, "max": 0.552926301956, "dmean": 0.0210660174489}, "silence_rate_30dB": {"dvar": 0.00744822015986, "mean": 0.994400560856, "min": 0, "median": 1, "dvar2": 0.0191482882947, "var": 0.00556777790189, "dmean2": 0.0150081198663, "max": 1, "dmean": 0.00750363990664}, "spectral_energyband_high": {"dvar": 6.66791663662e-07, "mean": 0.00034710316686, "min": 6.8588669326e-21, "median": 9.50434241531e-06, "dvar2": 1.33313551487e-06, "var": 1.76807611751e-06, "dmean2": 0.000190087637748, "max": 0.0831941738725, "dmean": 0.000134507703478}, "melbands_flatness_db": {"dvar": 0.000621957879048, "mean": 0.288582205772, "min": 0.00331552652642, "median": 0.274820506573, "dvar2": 0.0013141988311, "var": 0.0136226145551, "dmean2": 0.0356810986996, "max": 0.72025847435, "dmean": 0.023889021948}, "barkbands": {"dvar": [4.59445104184e-09, 2.33153168665e-05, 2.89617200906e-05, 4.52989479527e-06, 5.26830672243e-06, 2.3613195026e-06, 1.0365779417e-06, 3.47598387407e-07, 5.22157222349e-07, 4.8026481636e-07, 1.60558315088e-07, 9.78728849077e-08, 7.41492911516e-08, 8.65335891831e-08, 5.47370575532e-07, 1.29862633003e-06, 2.09301475707e-07, 3.5826520417e-08, 2.69773625661e-08, 1.4830070505e-08, 1.83500681317e-08, 3.82510512154e-09, 1.55001096402e-08, 2.13899511436e-08, 3.66141932773e-07, 8.56287929452e-09, 5.19131439225e-11], "mean": [1.33666371767e-05, 0.00167077674996, 0.00310180033557, 0.00181920581963, 0.00184997974429, 0.00108711479697, 0.000640157843009, 0.000364045234164, 0.000384300510632, 0.000297778926324, 0.000143846336869, 0.000199119007448, 0.000178141635843, 0.000188185324077, 0.000389393913792, 0.000609071401414, 0.000209267789614, 0.000140903095598, 0.000136981732794, 0.000111631401523, 0.000109737753519, 2.76845385088e-05, 4.2373976612e-05, 3.83688384318e-05, 6.45759209874e-05, 2.1876885512e-05, 1.8273317437e-06], "min": [2.31497297005e-25, 2.82204536436e-24, 6.15874062505e-25, 1.00067843992e-24, 9.52855305541e-24, 9.20074111739e-24, 2.13195654979e-24, 9.82432698549e-24, 8.27102909754e-24, 1.25057172672e-23, 1.72187020588e-23, 2.06783809318e-23, 3.39641664606e-23, 3.30255134912e-23, 5.17586091847e-23, 5.8157116785e-23, 6.31417205858e-23, 7.22378169375e-23, 1.28001491871e-22, 1.44667017841e-22, 2.30978851702e-22, 3.1098754809e-22, 4.06086005014e-22, 6.08830729746e-22, 8.31600556029e-22, 1.21464414857e-21, 1.8217582665e-21], "median": [1.09703296403e-06, 0.000257914449321, 0.00102636776865, 0.000457662536064, 0.000564610119909, 0.000267988623818, 0.000124162266729, 2.11883925658e-05, 1.81933701242e-05, 9.87634393823e-06, 6.81313122186e-06, 7.20612752048e-06, 7.144196843e-06, 1.15728762466e-05, 7.93615799921e-06, 6.87123656462e-06, 2.98492022921e-06, 2.68592680186e-06, 2.12528902921e-06, 1.95372376766e-06, 1.94674726117e-06, 9.28524684696e-07, 1.36719813781e-06, 1.26247266508e-06, 8.56250380821e-07, 3.12852279194e-07, 2.90542327974e-08], "dvar2": [1.24115615563e-08, 5.46523260709e-05, 8.45320973895e-05, 1.26180457301e-05, 1.48893668666e-05, 6.37074845145e-06, 2.86080216938e-06, 7.43597240671e-07, 1.04578282389e-06, 9.23204652281e-07, 3.71144523115e-07, 2.43048788207e-07, 1.87676320706e-07, 2.09450931266e-07, 1.17172487535e-06, 2.9436382647e-06, 4.94200946832e-07, 8.86762308028e-08, 6.49128537589e-08, 3.78813069801e-08, 4.89473492848e-08, 7.68383134897e-09, 2.75999560984e-08, 4.05069222609e-08, 8.66456787207e-07, 1.73138658965e-08, 1.06247600995e-10], "var": [3.6465186426e-09, 2.86454978777e-05, 3.84391205444e-05, 1.07575724542e-05, 1.24443231471e-05, 5.11735606779e-06, 2.65171524916e-06, 1.49894060542e-06, 1.75382410816e-06, 1.91131925931e-06, 4.53926958244e-07, 3.37158297725e-07, 1.98767253323e-07, 3.20852620916e-07, 1.79830669822e-06, 4.23989740739e-06, 4.66634446639e-07, 1.63620981652e-07, 1.1465422034e-07, 7.55619069537e-08, 7.63606067267e-08, 1.09613154109e-08, 4.65251730475e-08, 5.57983561578e-08, 5.25610346358e-07, 2.17890789855e-08, 1.18245163661e-10], "dmean2": [2.49866407103e-05, 0.00197977479547, 0.00313683855347, 0.00145440548658, 0.00157233397476, 0.000987404724583, 0.000602980027907, 0.000262291490799, 0.000300156214507, 0.000219612949877, 0.000112416972115, 0.000149469764438, 0.000142536388012, 0.000146044898429, 0.000304776593111, 0.000478258443763, 0.000171437874087, 8.77562852111e-05, 8.4049293946e-05, 6.7544853664e-05, 6.5629814344e-05, 1.9329967472e-05, 3.04734785459e-05, 2.76475420833e-05, 6.03594126005e-05, 2.17706565309e-05, 2.23701931645e-06], "max": [0.00248901965097, 0.105358935893, 0.105940073729, 0.0356521643698, 0.0505343340337, 0.0463162437081, 0.0313360616565, 0.033982437104, 0.0337220840156, 0.066725499928, 0.0400827266276, 0.0168619323522, 0.00905168056488, 0.0185950696468, 0.0296931192279, 0.0386942327023, 0.025950036943, 0.00913447514176, 0.00687527889386, 0.00346102961339, 0.0043817833066, 0.00353784416802, 0.00792657304555, 0.00942865107208, 0.0661169663072, 0.00560765014961, 0.000410759035731], "dmean": [1.44692576214e-05, 0.00121979997493, 0.00187302473933, 0.0008838151698, 0.000943168706726, 0.000603009597398, 0.000356414064299, 0.000170700062881, 0.000194422784261, 0.000144726538565, 7.0647620305e-05, 9.28566514631e-05, 8.88542854227e-05, 9.04305416043e-05, 0.000198566325707, 0.000310343661113, 0.000109467393486, 5.61967790418e-05, 5.22732007084e-05, 4.18540585088e-05, 4.03002013627e-05, 1.32074856083e-05, 2.12206796277e-05, 2.00302929443e-05, 4.24840873166e-05, 1.48058816194e-05, 1.47070579715e-06]}, "erbbands_spread": {"dvar": 99.1675262451, "mean": 37.5608673096, "min": 1.07676827908, "median": 34.4993896484, "dvar2": 215.452865601, "var": 439.910858154, "dmean2": 10.6841993332, "max": 191.370361328, "dmean": 6.99033069611}, "barkbands_kurtosis": {"dvar": 82.8776397705, "mean": 13.5060510635, "min": -1.96376991272, "median": 7.64652824402, "dvar2": 186.129699707, "var": 328.79864502, "dmean2": 8.05609989166, "max": 285.13659668, "dmean": 5.16645002365}, "spectral_flux": {"dvar": 0.00037546819658, "mean": 0.0414445623755, "min": 6.43628136898e-11, "median": 0.0230303704739, "dvar2": 0.000865360896569, "var": 0.00208713067695, "dmean2": 0.0190169792622, "max": 0.339033693075, "dmean": 0.0116544999182}, "silence_rate_20dB": {"dvar": 0, "mean": 1, "min": 1, "median": 1, "dvar2": 0, "var": 0, "dmean2": 0, "max": 1, "dmean": 0}, "gfcc": {"cov": [[31001.5449219, -1491.5402832, -2516.57006836, 1490.69848633, -1619.50292969, 1178.91784668, -806.688293457, 975.623840332, -766.046936035, 151.390289307, -810.730529785, -213.721908569, -411.795837402], [-1491.5402832, 3313.39624023, -296.783416748, -457.573455811, 795.038146973, -413.501251221, 210.150543213, -465.918670654, 375.56628418, -298.96963501, 174.61567688, -246.730545044, 60.3239097595], [-2516.57006836, -296.783416748, 1637.51245117, -162.010574341, -41.6002159119, 358.694061279, -49.1119651794, 69.8185272217, -52.496799469, 38.1173477173, 15.0817346573, 61.9441299438, -128.583358765], [1490.69848633, -457.573455811, -162.010574341, 537.637390137, -134.373214722, 99.7242507935, 51.2202682495, 77.4215545654, -37.7516822815, 19.6387081146, -69.3060150146, -17.2005596161, 22.7535972595], [-1619.50292969, 795.038146973, -41.6002159119, -134.373214722, 526.905029297, -148.29699707, 154.799865723, -114.675872803, 149.453323364, -63.6828460693, 16.4411258698, -42.873966217, 35.3176460266], [1178.91784668, -413.501251221, 358.694061279, 99.7242507935, -148.29699707, 379.776153564, -29.3411655426, 138.806762695, -50.8641929626, 12.288271904, -52.5484237671, -10.7192440033, -77.8966598511], [-806.688293457, 210.150543213, -49.1119651794, 51.2202682495, 154.799865723, -29.3411655426, 284.811187744, -3.43749022484, 51.4274177551, -32.7346458435, 1.65135157108, -52.2877693176, -2.17330694199], [975.623840332, -465.918670654, 69.8185272217, 77.4215545654, -114.675872803, 138.806762695, -3.43749022484, 219.179367065, -49.2109413147, 40.9304237366, -49.7699203491, -2.58432340622, -59.0182609558], [-766.046936035, 375.56628418, -52.496799469, -37.7516822815, 149.453323364, -50.8641929626, 51.4274177551, -49.2109413147, 175.565811157, -29.3944797516, 25.3010616302, -35.0012969971, 17.3003768921], [151.390289307, -298.96963501, 38.1173477173, 19.6387081146, -63.6828460693, 12.288271904, -32.7346458435, 40.9304237366, -29.3944797516, 113.258277893, -8.04668045044, 42.2296257019, -7.58041286469], [-810.730529785, 174.61567688, 15.0817346573, -69.3060150146, 16.4411258698, -52.5484237671, 1.65135157108, -49.7699203491, 25.3010616302, -8.04668045044, 132.715194702, 13.7491893768, 16.0347518921], [-213.721908569, -246.730545044, 61.9441299438, -17.2005596161, -42.873966217, -10.7192440033, -52.2877693176, -2.58432340622, -35.0012969971, 42.2296257019, 13.7491893768, 119.101730347, 38.391910553], [-411.795837402, 60.3239097595, -128.583358765, 22.7535972595, 35.3176460266, -77.8966598511, -2.17330694199, -59.0182609558, 17.3003768921, -7.58041286469, 16.0347518921, 38.391910553, 122.230766296]], "mean": [-151.58531189, 121.950263977, -94.4688568115, 26.9567432404, -44.7357177734, -0.793189227581, -44.3153762817, -5.79735183716, -22.5371932983, -2.23483753204, -14.7153129578, -8.04873275757, -9.77402591705], "icov": [[0.000151292595547, -0.000297794525977, 0.000369289278751, -0.000272609700914, 0.000271946308203, -0.000547928793821, 0.000369974994101, -0.000432495609857, 0.000492376741022, -0.00026790695847, 0.000589628703892, -0.000334949698299, 0.000407437240938], [-0.000297794525977, 0.00156516907737, -0.000686467741616, 0.000899140432011, -0.00127850077115, 0.00121565163136, -0.000600800442044, 0.00191753148101, -0.00151942798402, 0.00155984575395, -0.00170645338949, 0.0020494738128, -0.000713992747478], [0.000369289278751, -0.000686467741616, 0.00185616547242, -0.000332299503498, 0.000418373441789, -0.00241712154821, 0.000852019991726, -0.00066624651663, 0.00130228523631, -0.0007926520193, 0.00115733244456, -0.00150325370487, 0.00171643472277], [-0.000272609700914, 0.000899140432011, -0.000332299503498, 0.00322491885163, -5.83123983233e-05, 0.000231938945944, -0.00148565764539, 0.000983124948107, -0.0010579880327, 0.000420487369411, -0.000339332618751, 0.00159873359371, -0.00198094057851], [0.000271946308203, -0.00127850077115, 0.000418373441789, -5.83123983233e-05, 0.00460421666503, -0.000291311123874, -0.000987743958831, -0.000893299526069, -0.000734430796001, -0.000618259422481, 0.00249069766141, -0.00157892808784, 0.000268041389063], [-0.000547928793821, 0.00121565163136, -0.00241712154821, 0.000231938945944, -0.000291311123874, 0.00721727637574, -0.00103123462759, -0.000342690560501, -0.00214372226037, 0.00223915092647, -0.00135691859759, 0.00179639365524, -0.000475911161629], [0.000369974994101, -0.000600800442044, 0.000852019991726, -0.00148565764539, -0.000987743958831, -0.00103123462759, 0.00574534293264, -0.00167951430194, 0.00112314999569, -0.000132642031531, 0.00075578695396, 0.000720641459338, 0.00114254234359], [-0.000432495609857, 0.00191753148101, -0.00066624651663, 0.000983124948107, -0.000893299526069, -0.000342690560501, -0.00167951430194, 0.00993960909545, -0.00162229989655, -1.63210825121e-05, -0.000904544896912, 0.00204910384491, 0.00122547079809], [0.000492376741022, -0.00151942798402, 0.00130228523631, -0.0010579880327, -0.000734430796001, -0.00214372226037, 0.00112314999569, -0.001622