{"tonal": {"chords_key": "C", "hpcp_entropy": {"dmean": 0.545392751694, "dmean2": 0.929229199886, "max": 3.92091608047, "dvar": 0.265494853258, "mean": 1.55771839619, "dvar2": 0.703162550926, "min": 0, "var": 0.669974684715, "median": 1.60970425606}, "key_key": "A", "chords_strength": {"dmean": 0.00602362677455, "dmean2": 0.00575406989083, "max": 0.752726316452, "dvar": 3.2439660572e-05, "mean": 0.508744716644, "dvar2": 3.5086832213e-05, "min": 0.274133533239, "var": 0.00537458667532, "median": 0.507004857063}, "key_scale": "minor", "chords_number_rate": 0.00133155786898, "thpcp": [1, 0.64063757658, 0.403395712376, 0.315152168274, 0.153157696128, 0.0740020796657, 0.094038374722, 0.1124971807, 0.252956420183, 0.472252130508, 0.352199584246, 0.114794164896, 0.0749529451132, 0.0932992622256, 0.188660144806, 0.301912933588, 0.238388210535, 0.10767827183, 0.0872611254454, 0.0841537564993, 0.15227650106, 0.320683032274, 0.283323645592, 0.287908554077, 0.51787853241, 0.372505813837, 0.116986386478, 0.123495541513, 0.139225319028, 0.167613446712, 0.199684098363, 0.166599392891, 0.140113547444, 0.204617723823, 0.422202050686, 0.856897890568], "key_strength": 0.638651490211, "tuning_nontempered_energy_ratio": 0.718449473381, "tuning_frequency": 438.984558105, "chords_changes_rate": 0.0514314249158, "tuning_diatonic_strength": 0.479845523834, "chords_scale": "major", "chords_histogram": [23.0359516144, 31.0252990723, 5.82556581497, 0.399467378855, 0.0665778964758, 0, 0.815579235554, 0.865512669086, 0.349533945322, 5.42609834671, 3.62849545479, 3.2956058979, 0.915446043015, 0, 0, 0, 0.848868191242, 0.532623171806, 7.87283611298, 0.848868191242, 0.149800270796, 0, 0.615845561028, 13.4820241928], "tuning_equal_tempered_deviation": 0.140074804425, "hpcp": {"dmean": [0.0854545757174, 0.0788039937615, 0.047616597265, 0.040373660624, 0.0435704737902, 0.06151079759, 0.0908667743206, 0.0830440372229, 0.0837402641773, 0.114466734231, 0.101921804249, 0.0649788081646, 0.0683904215693, 0.0648606866598, 0.0691736117005, 0.0704422295094, 0.0717516243458, 0.0743460804224, 0.0970842987299, 0.128156229854, 0.17986869812, 0.161205992103, 0.171151086688, 0.115952000022, 0.0867901667953, 0.0511052235961, 0.0350928381085, 0.0383928976953, 0.0486922115088, 0.0725738555193, 0.0891496166587, 0.0904199853539, 0.0572823472321, 0.0417251177132, 0.0541163943708, 0.07170214504], "dmean2": [0.141429051757, 0.130989909172, 0.081069432199, 0.0721900910139, 0.0798271596432, 0.108559034765, 0.156179785728, 0.14395621419, 0.14491738379, 0.198451131582, 0.178097739816, 0.119656063616, 0.124546796083, 0.116058632731, 0.121897697449, 0.119650408626, 0.125674456358, 0.134974226356, 0.174660041928, 0.216897115111, 0.322228312492, 0.27560955286, 0.300258219242, 0.206103429198, 0.152912288904, 0.0895018652081, 0.0619531422853, 0.0669111683965, 0.0855400189757, 0.125293791294, 0.150069758296, 0.154076576233, 0.102766476572, 0.076130695641, 0.099824860692, 0.126937925816], "max": [1, 1, 1, 1, 1, 1, 1, 1, 1, 1, 1, 1, 1, 1, 1, 1, 1, 1, 1, 1, 1, 1, 1, 1, 1, 1, 1, 1, 1, 1, 1, 1, 1, 1, 1, 1], "dvar": [0.0265305787325, 0.0236212834716, 0.0121184019372, 0.0123059060425, 0.014267290011, 0.0162447746843, 0.0296920966357, 0.0247485823929, 0.0249052140862, 0.0375083722174, 0.0304334908724, 0.0260023362935, 0.0313229523599, 0.0256362762302, 0.0252351965755, 0.0258118640631, 0.0256608407944, 0.0279931034893, 0.0358469486237, 0.0346763730049, 0.0546103045344, 0.0434378571808, 0.0446776337922, 0.033085051924, 0.0273397322744, 0.0142854452133, 0.00955677870661, 0.0115144429728, 0.0157769005746, 0.0169530957937, 0.0269287955016, 0.0238171033561, 0.016384460032, 0.0112141985446, 0.0196056570858, 0.0252724140882], "mean": [0.130424171686, 0.102981962264, 0.0465162247419, 0.0376961678267, 0.0363538078964, 0.0657823309302, 0.138532727957, 0.122393734753, 0.124374382198, 0.223719745874, 0.1609197855, 0.0505372621119, 0.0533491708338, 0.0601443201303, 0.0724077820778, 0.0862620696425, 0.071969717741, 0.0605280250311, 0.0883933603764, 0.182388201356, 0.370173603296, 0.431992679834, 0.276750743389, 0.174263998866, 0.136143431067, 0.0661630034447, 0.0319683551788, 0.0406238883734, 0.0485979579389, 0.109275318682, 0.204009458423, 0.152147635818, 0.0495902374387, 0.0323791243136, 0.0403045974672, 0.081499800086], "dvar2": [0.06161640957, 0.0586117319763, 0.0317378155887, 0.03421472013, 0.0409665070474, 0.0451053529978, 0.0751380696893, 0.0660749003291, 0.067742317915, 0.0967403054237, 0.0844173282385, 0.0736104249954, 0.0873058438301, 0.0727312490344, 0.0719738826156, 0.0637790337205, 0.0700845718384, 0.0803358331323, 0.100055381656, 0.0892449617386, 0.157561987638, 0.112216815352, 0.129003852606, 0.0898281186819, 0.0726420804858, 0.0390993095934, 0.0270450506359, 0.0278859529644, 0.0395423136652, 0.0468555986881, 0.0643380433321, 0.0641724169254, 0.0461999885738, 0.0320083834231, 0.0587161034346, 0.066121712327], "min": [0, 0, 0, 0, 0, 0, 0, 0, 0, 0, 0, 0, 0, 0, 0, 0, 0, 0, 0, 0, 0, 0, 0, 0, 0, 0, 0, 0, 0, 0, 0, 0, 0, 0, 0, 0], "var": [0.0536365695298, 0.0349468849599, 0.01225261949, 0.0122268553823, 0.0125478608534, 0.0156280435622, 0.058413900435, 0.0478887408972, 0.0411045439541, 0.0954449251294, 0.0528004020452, 0.0181288830936, 0.0255806911737, 0.0280744582415, 0.0294327456504, 0.0407847240567, 0.0278429910541, 0.0241736676544, 0.0382047444582, 0.0758129581809, 0.134486675262, 0.155965775251, 0.0859998688102, 0.0792974457145, 0.0684531778097, 0.0256915763021, 0.008978205733, 0.0155139472336, 0.0185137894005, 0.0310159828514, 0.0943175852299, 0.0545250885189, 0.0149024045095, 0.00805408973247, 0.0143040427938, 0.0318336375058], "median": [0.032323949039, 0.0259553734213, 0.00781374890357, 0.00338012259454, 0.00319293048233, 0.0180656053126, 0.0345476232469, 0.0291734766215, 0.0345987789333, 0.0742968320847, 0.0552460104227, 0.00818806700408, 0.00233058165759, 0.00359782716259, 0.00752363074571, 0.00934480130672, 0.00949540175498, 0.00623244233429, 0.00783162470907, 0.0336012728512, 0.241430848837, 0.301900923252, 0.158958494663, 0.0305197760463, 0.0134591050446, 0.0055285487324, 0.00323459110223, 0.00422350270674, 0.00606054160744, 0.029835537076, 0.0564844980836, 0.0433692671359, 0.00832655094564, 0.00423333793879, 0.00340439146385, 0.0152339152992]}}, "lowlevel": {"melbands_flatness_db": {"dmean": 0.0365536212921, "dmean2": 0.0529859289527, "max": 0.672862112522, "dvar": 0.0012852482032, "mean": 0.325388044119, "dvar2": 0.00296621001326, "min": 0.00493976566941, "var": 0.0154063785449, "median": 0.297084659338}, "melbands_crest": {"dmean": 3.15308856964, "dmean2": 5.14332914352, "max": 34.7703018188, "dvar": 8.26629829407, "mean": 15.246336937, "dvar2": 22.0707588196, "min": 1.9074562788, "var": 25.607635498, "median": 14.5443820953}, "spectral_entropy": {"dmean": 0.289552748203, "dmean2": 0.427370280027, "max": 9.79954051971, "dvar": 0.0924295634031, "mean": 6.53257131577, "dvar2": 0.217626854777, "min": 3.81317353249, "var": 1.00094616413, "median": 6.75535535812}, "melbands": {"dmean": [0.000175085326191, 0.000481981987832, 0.000895937671885, 0.000395041803131, 0.000584498164244, 0.00043800129788, 8.14870654722e-05, 0.000108014144644, 4.37306734966e-05, 4.2862357077e-05, 2.49038457696e-05, 1.84434211405e-05, 9.03731142898e-06, 8.04801038612e-06, 8.20295190351e-06, 7.79307902121e-06, 9.44034491113e-06, 4.813351552e-06, 3.05988442051e-06, 2.89094145955e-06, 1.91447998077e-06, 2.80761673821e-06, 4.81645565742e-06, 8.79462004377e-06, 6.43050088911e-06, 6.67381209496e-06, 6.20943956164e-06, 4.1890148168e-06, 3.04817513097e-06, 1.35757034059e-06, 8.20508603283e-07, 4.22011339651e-07, 3.12438316996e-07, 2.22949580575e-07, 1.4558011685e-07, 1.30841513624e-07, 1.10259179564e-07, 1.09606837384e-07, 9.40583007036e-08, 4.77490651463e-08], "dmean2": [0.000284955924144, 0.000836600665934, 0.00141681230161, 0.000629716611002, 0.000859936291818, 0.000624153180979, 0.000134520640131, 0.000183887692401, 7.13025583536e-05, 6.93536276231e-05, 4.21032309532e-05, 2.85440510197e-05, 1.51099693539e-05, 1.36920762088e-05, 1.32195946208e-05, 1.24231846712e-05, 1.42531625897e-05, 7.37799700801e-06, 4.79200480186e-06, 4.48768560091e-06, 3.02031889987e-06, 4.1692233026e-06, 7.62674108046e-06, 1.37076922329e-05, 9.67700179899e-06, 1.04166765595e-05, 9.91503566183e-06, 6.9694820013e-06, 5.07075628775e-06, 2.2187259674e-06, 1.29158706841e-06, 6.42418228836e-07, 4.7576503448e-07, 3.3724367654e-07, 2.18938566832e-07, 1.9727414724e-07, 1.64592293572e-07, 1.6009531123e-07, 1.35813863267e-07, 6.86588137455e-08], "max": [0.00865227729082, 0.0191494952887, 0.0360862016678, 0.0318074375391, 0.0473620519042, 0.0150482971221, 0.00339383655228, 0.00274544628337, 0.0016166693531, 0.00227647065185, 0.00106857309584, 0.00122850073967, 0.000533387588803, 0.000730531115551, 0.000531488563865, 0.000432627217378, 0.00121077755466, 0.000290154479444, 0.000282577122562, 0.000308171409415, 0.000202404320589, 0.000954394112341, 0.000826943258289, 0.00154856569134, 0.00124733045232, 0.00110317894723, 0.000935463351198, 0.000605296925642, 0.000312295363983, 0.000162175580044, 7.54432257963e-05, 1.62383566931e-05, 1.38439590955e-05, 9.65659091889e-06, 5.74353543925e-06, 5.05967545905e-06, 4.28379826189e-06, 3.96893437937e-06, 3.92089441448e-06, 1.78814525498e-06], "dvar": [2.4667673415e-07, 1.9630163024e-06, 2.60819706455e-06, 6.00097337156e-07, 2.23497841034e-06, 5.27073609646e-07, 2.58758969807e-08, 2.38950885745e-08, 6.9202252817e-09, 8.33782376475e-09, 4.59507498718e-09, 2.55387755388e-09, 5.80313741505e-10, 6.09716888089e-10, 4.00846272841e-10, 3.81301490382e-10, 1.55045454253e-09, 1.55578397387e-10, 8.81036632538e-11, 1.25921606475e-10, 3.24882620806e-11, 3.84989096158e-10, 8.31239410637e-10, 3.10008085869e-09, 1.8248025313e-09, 1.95792915214e-09, 1.32929112162e-09, 5.57602186646e-10, 2.15104670187e-10, 3.46255489558e-11, 7.78849814503e-12, 9.46268128958e-13, 5.64013733721e-13, 2.21070842296e-13, 9.83509470696e-14, 8.94840977575e-14, 5.8686820052e-14, 5.6289347505e-14, 4.38099128372e-14, 1.16116392489e-14], "mean": [0.000296214799164, 0.000638137978967, 0.00169408577494, 0.000758573354688, 0.00112591357902, 0.00101614824962, 0.00018268826534, 0.000204700321774, 8.07519609225e-05, 7.41192779969e-05, 3.11082512781e-05, 2.4229841074e-05, 1.2371811863e-05, 9.13397343538e-06, 1.21636039694e-05, 1.17346671686e-05, 1.45369649545e-05, 9.01299335965e-06, 5.62659124625e-06, 4.88813657284e-06, 2.5410854505e-06, 3.60095805263e-06, 5.96632753513e-06, 9.45019473875e-06, 6.63502123643e-06, 6.43212752038e-06, 5.78723438593e-06, 3.81428048968e-06, 2.90650314128e-06, 1.50767971263e-06, 1.10848509394e-06, 6.61367835164e-07, 4.74211304891e-07, 3.44798792185e-07, 2.20846459342e-07, 2.02273923833e-07, 1.75944734337e-07, 1.825757181e-07, 1.55416259418e-07, 8.07699080951e-08], "dvar2": [6.16219892891e-07, 5.59335649086e-06, 6.78128844811e-06, 1.51730398557e-06, 4.72521878692e-06, 1.14190356726e-06, 7.03248090872e-08, 6.73108715432e-08, 1.74475545123e-08, 2.02306100761e-08, 1.21303349587e-08, 5.48752998597e-09, 1.54108470429e-09, 1.63696722844e-09, 1.01574171296e-09, 8.96899998715e-10, 3.34137073565e-09, 3.46995016054e-10, 2.09799663753e-10, 2.7634924904e-10, 8.04227379136e-11, 9.45892031368e-10, 2.10876249795e-09, 7.69450281268e-09, 4.29900870458e-09, 4.67319427599e-09, 3.36476935203e-09, 1.48107526243e-09, 5.63243396368e-10, 9.2960139586e-11, 2.00000918604e-11, 2.22272634326e-12, 1.35331611369e-12, 5.12604119308e-13, 2.28470725411e-13, 2.09229348799e-13, 1.35088067035e-13, 1.17709715673e-13, 9.13775755366e-14, 2.34967989889e-14], "min": [1.02337258766e-24, 1.4057967745e-24, 7.14333428972e-24, 4.21814417872e-24, 6.33768800216e-24, 4.72901878398e-24, 3.39690763308e-24, 7.91864966434e-24, 1.43566941843e-23, 7.55151143247e-24, 5.66799124199e-24, 1.3845493385e-23, 1.0559761497e-23, 6.78119033624e-24, 7.77060098282e-24, 6.41563455935e-24, 9.10072617638e-24, 6.64868300341e-24, 7.30257454091e-24, 1.0223828236e-23, 1.04346489463e-23, 1.00982202806e-23, 7.4376898479e-24, 9.15747761876e-24, 7.22762959947e-24, 1.151629321e-23, 1.33559436622e-23, 9.34852868595e-24, 7.20661434496e-24, 9.74212846803e-24, 9.80957923087e-24, 7.22707503026e-24, 5.72552286781e-24, 8.53824468513e-24, 1.20555293369e-23, 7.88218693558e-24, 6.73218945225e-24, 7.44812411109e-24, 1.02464882655e-23, 9.16664497134e-24], "var": [4.19453613176e-07, 1.74712374701e-06, 7.15765645509e-06, 2.12778172681e-06, 6.26747305432e-06, 2.54332849181e-06, 5.31852677454e-08, 4.53534170219e-08, 1.34986057887e-08, 1.83890840333e-08, 5.39375477615e-09, 3.97845401068e-09, 6.41967312642e-10, 5.42348166377e-10, 5.4935839211e-10, 5.86119097701e-10, 2.4727337955e-09, 4.53424880975e-10, 1.76074876901e-10, 2.25963789346e-10, 4.0355340597e-11, 4.68727279213e-10, 8.78600969756e-10, 2.95391289207e-09, 1.8730346163e-09, 1.81182335801e-09, 1.09977571494e-09, 4.1365363912e-10, 1.66433936077e-10, 2.68087513994e-11, 7.88687431336e-12, 1.59715892855e-12, 8.45311884726e-13, 3.94942677737e-13, 1.64534483043e-13, 1.45870281457e-13, 1.07588749379e-13, 1.23996163814e-13, 9.57187820216e-14, 2.59663167704e-14], "median": [4.46607409685e-05, 0.000152666427311, 0.000768039841205, 0.000312264775857, 0.00038331685937, 0.000378147902666, 0.000124576559756, 0.000152921667905, 4.62099560536e-05, 2.45019036811e-05, 5.41587223779e-06, 4.06972230849e-06, 3.75765876015e-06, 2.08770961763e-06, 4.14033866036e-06, 3.92070796806e-06, 3.174984613e-06, 2.32529464483e-06, 1.39661676712e-06, 1.02130593405e-06, 6.17047760443e-07, 4.80779533518e-07, 7.99529800588e-07, 1.29228510559e-06, 8.22114543553e-07, 7.68731013068e-07, 7.36997321837e-07, 4.72183160127e-07, 3.62851096725e-07, 2.22414328732e-07, 1.55359558107e-07, 9.73396652171e-08, 7.38850758353e-08, 4.82058091222e-08, 3.25293392223e-08, 2.64268447125e-08, 2.27882672732e-08, 2.00954346496e-08, 1.21444161394e-08, 4.8561692445e-09]}, "silence_rate_60dB": {"dmean": 0.0354586318135, "dmean2": 0.0709231644869, "max": 1, "dvar": 0.034196626395, "mean": 0.170786514878, "dvar2": 0.0807013586164, "min": 0, "var": 0.141626775265, "median": 0}, "spectral_energyband_middle_high": {"dmean": 0.000812096288428, "dmean2": 0.00119597837329, "max": 0.0330919660628, "dvar": 4.60326236862e-06, "mean": 0.00122794916388, "dvar2": 1.08011281554e-05, "min": 1.57165245348e-21, "var": 5.89021510677e-06, "median": 0.000453044980532}, "erbbands_skewness": {"dmean": 0.572147011757, "dmean2": 0.819136500359, "max": 8.53167152405, "dvar": 0.370477288961, "mean": 1.39562427998, "dvar2": 0.765021562576, "min": -3.61593151093, "var": 1.712864995, "median": 1.25301289558}, "dynamic_complexity": 4.53745555878, "dissonance": {"dmean": 0.0314180515707, "dmean2": 0.0512851327658, "max": 0.499999970198, "dvar": 0.000875514757354, "mean": 0.412464857101, "dvar2": 0.00230828882195, "min": 0.111485004425, "var": 0.00482134101912, "median": 0.435669481754}, "spectral_skewness": {"dmean": 0.674658596516, "dmean2": 1.0957788229, "max": 14.9758224487, "dvar": 0.703591406345, "mean": 2.68558883667, "dvar2": 1.82130551338, "min": -0.248373568058, "var": 4.20869874954, "median": 1.86319816113}, "spectral_kurtosis": {"dmean": 8.76709079742, "dmean2": 14.5542097092, "max": 345.961425781, "dvar": 224.935424805, "mean": 20.1988716125, "dvar2": 589.299255371, "min": -1.18623757362, "var": 1064.140625, "median": 6.03090524673}, "gfcc": {"cov": [[16165.6933594, -3808.63696289, -397.469329834, 1810.34240723, -1620.64440918, 1847.8302002, -129.195175171, 884.010681152, -170.612533569, 197.947753906, -628.991088867, 451.220031738, -184.51499939], [-3808.63696289, 2753.88208008, 101.621856689, -853.672790527, 917.863220215, -855.493896484, 157.462768555, -488.547393799, 45.640460968, -251.618148804, 292.092498779, -385.215362549, 120.935676575], [-397.469329834, 101.621856689, 1034.51953125, -119.038520813, 112.150856018, 193.003448486, 51.8752174377, 61.379486084, -65.1827316284, 3.32267689705, -108.202468872, 111.392654419, -2.68603110313], [1810.34240723, -853.672790527, -119.038520813, 676.067443848, -276.116149902, 309.619598389, 30.9727745056, 191.069580078, 72.9377212524, 104.181144714, -25.2107963562, 86.0121612549, -48.0231552124], [-1620.64440918, 917.863220215, 112.150856018, -276.116149902, 564.86315918, -320.668701172, 78.1886062622, -151.053192139, -1.48096513748, -42.0164871216, 101.752693176, -103.252952576, 21.524723053], [1847.8302002, -855.493896484, 193.003448486, 309.619598389, -320.668701172, 659.146118164, 8.39392185211, 186.701309204, -34.3437805176, -4.28594017029, -168.212799072, 147.762649536, 5.57488536835], [-129.195175171, 157.462768555, 51.8752174377, 30.9727745056, 78.1886062622, 8.39392185211, 133.738006592, 35.3955726624, 8.34385299683, -5.11210680008, 11.9985227585, -21.7517032623, -10.4244451523], [884.010681152, -488.547393799, 61.379486084, 191.069580078, -151.053192139, 186.701309204, 35.3955726624, 240.190567017, 55.2823753357, 85.9511566162, -69.3074569702, 81.6629714966, -41.7545013428], [-170.612533569, 45.640460968, -65.1827316284, 72.9377212524, -1.48096513748, -34.3437805176, 8.34385299683, 55.2823753357, 192.023513794, 99.537322998, 29.0421600342, -36.0599517822, 9.28735351563], [197.947753906, -251.618148804, 3.32267689705, 104.181144714, -42.0164871216, -4.28594017029, -5.11210680008, 85.9511566162, 99.537322998, 200.425064087, 29.3447742462, 24.9375705719, -28.3656654358], [-628.991088867, 292.092498779, -108.202468872, -25.2107963562, 101.752693176, -168.212799072, 11.9985227585, -69.3074569702, 29.0421600342, 29.3447742462, 172.351806641, -15.8553953171, -4.39690685272], [451.220031738, -385.215362549, 111.392654419, 86.0121612549, -103.252952576, 147.762649536, -21.7517032623, 81.6629714966, -36.0599517822, 24.9375705719, -15.8553953171, 159.991348267, 8.77291297913], [-184.51499939, 120.935676575, -2.68603110313, -48.0231552124, 21.524723053, 5.57488536835, -10.4244451523, -41.7545013428, 9.28735351563, -28.3656654358, -4.39690685272, 8.77291297913, 108.598762512]], "mean": [-119.355743408, 149.414016724, -107.049217224, 23.755865097, -57.3585472107, -23.7059230804, -38.8902320862, -10.5580587387, -24.2040538788, -0.630770385265, -5.75739765167, -14.669839859, -12.2872142792], "icov": [[0.000159111266839, -0.00032967471634, 0.000201269358513, -0.000414439622546, 0.000246358802542, -0.000304648361634, 0.000386019499274, -0.000309741677484, 0.000562315806746, -0.00047145067947, 0.00057775026653, -0.000263338035438, 0.000217381762923], [-0.00032967471634, 0.00482772989199, -0.00167546980083, 0.00302804959938, -0.00253343046643, 0.00182386569213, -0.00351821375079, 0.00161387468688, -0.00387215614319, 0.00523340515792, -0.00564186088741, 0.0053828721866, -0.00291258445941], [0.000201269358513, -0.00167546980083, 0.00208439584821, -0.000711422238965, 0.000287256931188, -0.00123672839254, 0.000662056496367, -0.000327987101628, 0.00148759130388, -0.00236327131279, 0.00312424334697, -0.00315587641671, 0.00152566295583], [-0.000414439622546, 0.00302804959938, -0.000711422238965, 0.00493623036891, -0.0011394721223, 0.000308661110466, -0.00328713865019, 0.00078540382674, -0.00347637641244, 0.00289167603478, -0.00452569499612, 0.00280892290175, -0.00107205938548], [0.000246358802542, -0.00253343046643, 0.000287256931188, -0.0011394721223, 0.00500247394666, 6.19515558355e-05, -0.000274479825748, 4.47185884696e-05, 0.00196752580814, -0.00268507888541, 0.00229884916916, -0.00224388740025, 0.00114392931573], [-0.000304648361634, 0.00182386569213, -0.00123672839254, 0.000308661110466, 6.19515558355e-05, 0.00467853760347, -0.00235670316033, 0.000532732519787, -0.0017726700753, 0.00289240083657, -0.000239403685555, 0.000299387931591, -0.00184340612032], [0.000386019499274, -0.00351821375079, 0.000662056496367, -0.00328713865019, -0.000274479825748, -0.00235670316033, 0.0140517661348, -0.00608221115544, 0.00440991856158, -0.00248550879769, 0.00147798354737, 0.000215424355702, 0.00133833184373], [-0.000309741677484, 0.00161387468688, -0.000327987101628, 0.00078540382674, 4.47185884696e-05, 0.000532732519787, -0.00608221115544, 0.012818605639, -0.00563683500513, -0.000314849661663, 0.00279646203853, -0.00438677426428, 0.0031916461885], [0.000562315806746, -0.00387215614319, 0.00148759130388, -0.00347637641244, 0.00196752580814, -0.0017726700753, 0.00440991856158, -0.00563683500513, 0.0137615054846, -0.00832322891802, 0.00272981310263, 0.00106526503805, -0.00160239636898], [-0.00047145067947, 0.00523340515792, -0.00236327131279, 0.00289167603478, -0.00268507888541, 0.00289240083657, -0.00248550879769, -0.000314849661663, -0.00832322891802, 0.0146340262145, -0.00790263339877, 0.00458405446261, -0.00154070975259], [0.00057775026653, -0.00564186088741, 0.00312424334697, -0.00452569499612, 0.00229884916916, -0.000239403685555, 0.00147798354737, 0.00279646203853, 0.00272981310263, -0.00790263339877, 0.0182034317404, -0.0111253382638, 0.00545225664973], [-0.000263338035438, 0.0053828721866, -0.00315587641671, 0.00280892290175, -0.00224388740025, 0.000299387931591, 0.000215424355702, -0.00438677426428, 0.00106526503805, 0.00458405446261, -0.0111253382638, 0.0200173892081, -0.00747557356954], [0.000217381762923, -0.00291258445941, 0.00152566295583, -0.00107205938548, 0.00114392931573, -0.00184340612032, 0.00133833184373, 0.0031916461885, -0.00160239636898, -0.00154070975259, 0.00545225664973, -0.00747557356954, 0.014167428948]]}, "spectral_complexity": {"dmean": 2.27850842476, "dmean2": 3.4857237339, "max": 41, "dvar": 9.58644008636, "mean": 8.85967540741, "dvar2": 19.1792297363, "min": 0, "var": 34.9338760376, "median": 8}, "spectral_flux": {"dmean": 0.0219301637262, "dmean2": 0.0355341993272, "max": 0.285693943501, "dvar": 0.000744128075894, "mean": 0.0558764189482, "dvar2": 0.00168712541927, "min": 1.04233371934e-10, "var": 0.00187603221275, "median": 0.0453892610967}, "spectral_energyband_low": {"dmean": 0.0028926867526, "dmean2": 0.00478697940707, "max": 0.0812069252133, "dvar": 4.45005425718e-05, "mean": 0.0045997928828, "dvar2": 0.000122268233099, "min": 2.21855107353e-23, "var": 5.25251452927e-05, "median": 0.00211260165088}, "spectral_decrease": {"dmean": 1.8761026066e-09, "dmean2": 2.86256818249e-09, "max": 8.46818817817e-29, "dvar": 8.29902533077e-18, "mean": -5.0760791126e-09, "dvar2": 1.99280630864e-17, "min": -4.70949146347e-08, "var": 2.75552887196e-17, "median": -3.5652005792e-09}, "barkbands_spread": {"dmean": 3.78437685966, "dmean2": 5.67017221451, "max": 67.5087585449, "dvar": 30.6958961487, "mean": 9.80243206024, "dvar2": 67.8140945435, "min": 0.130515411496, "var": 89.8562011719, "median": 6.82147121429}, "spectral_rms": {"dmean": 0.00074555183528, "dmean2": 0.00110955489799, "max": 0.0133474171162, "dvar": 7.92913624537e-07, "mean": 0.00385005958378, "dvar2": 1.85409601272e-06, "min": 3.25570343254e-12, "var": 4.62275284008e-06, "median": 0.00371129624546}, "spectral_centroid": {"dmean": 214.790313721, "dmean2": 315.505523682, "max": 11444.2558594, "dvar": 122628.078125, "mean": 743.329406738, "dvar2": 249675.53125, "min": 180.216537476, "var": 331291.09375, "median": 544.569030762}, "barkbands_skewness": {"dmean": 0.748640239239, "dmean2": 1.15412557125, "max": 16.5797863007, "dvar": 0.651850700378, "mean": 2.38050913811, "dvar2": 1.57171630859, "min": -2.3524928093, "var": 1.94310820103, "median": 2.28385972977}, "spectral_rolloff": {"dmean": 257.535003662, "dmean2": 443.044372559, "max": 19164.5507813, "dvar": 398781.46875, "mean": 703.461181641, "dvar2": 853084.8125, "min": 21.533203125, "var": 597155.25, "median": 473.73046875}, "erbbands_spread": {"dmean": 7.76781797409, "dmean2": 11.6858520508, "max": 129.565582275, "dvar": 72.2649765015, "mean": 28.9236297607, "dvar2": 163.411346436, "min": 0.890606939793, "var": 354.599914551, "median": 27.0243339539}, "barkbands": {"dmean": [6.82653553667e-05, 0.000693994923495, 0.00137085933238, 0.00221168622375, 0.0019808744546, 0.00266772950999, 0.000431694672443, 0.000354446732672, 0.000302203232422, 0.000150829451741, 7.34716231818e-05, 6.66773121338e-05, 8.58227867866e-05, 8.52175362525e-05, 4.92050785397e-05, 3.19004429912e-05, 4.04778656957e-05, 0.000178744681762, 0.000180787072168, 0.00013441273768, 5.59454092581e-05, 1.78777117981e-05, 9.58010605245e-06, 8.57715986058e-06, 4.29556575909e-06, 3.63335675502e-06, 6.08701952842e-07], "dmean2": [0.000118823438243, 0.00115666701458, 0.00237177428789, 0.0034863196779, 0.00314696086571, 0.00380067597143, 0.000715429603588, 0.000600072613452, 0.000489070371259, 0.000243845905061, 0.000122778379591, 0.000112118621473, 0.000135975409648, 0.000129140098579, 7.60975090088e-05, 5.03930095874e-05, 6.06919966231e-05, 0.000278667721432, 0.000276134058367, 0.000223007067689, 9.0284338512e-05, 2.64646187134e-05, 1.41899954542e-05, 1.22558531075e-05, 6.03568651059e-06, 5.18924889548e-06, 9.12060386327e-07], "max": [0.00591935124248, 0.028256079182, 0.0534257255495, 0.110748969018, 0.128729000688, 0.0730490759015, 0.0140156317502, 0.00955016445369, 0.011899269186, 0.00702726561576, 0.00405527744442, 0.0054265903309, 0.00518617965281, 0.0103893456981, 0.00349693512544, 0.00301408208907, 0.0115481810644, 0.0252622440457, 0.0233175139874, 0.0225768331438, 0.00561787607148, 0.000572021875996, 0.000283181201667, 0.000270235002972, 0.000148849110701, 0.000136083879624, 2.85358510155e-05], "dvar": [5.750983334e-08, 3.94559765482e-06, 1.45880176206e-05, 1.7727868908e-05, 2.33411665249e-05, 2.00018221221e-05, 6.2149229052e-07, 3.01242636169e-07, 3.71069489802e-07, 1.64524863067e-07, 3.60491902995e-08, 3.76616924314e-08, 4.44024372825e-08, 1.11439156569e-07, 2.18346656311e-08, 1.03631414561e-08, 5.82963153306e-08, 9.40910581448e-07, 1.13070132102e-06, 6.12821963841e-07, 5.02861077223e-08, 1.62510915835e-09, 4.05757205613e-10, 3.2724098431e-10, 8.87420761875e-11, 8.7647999969e-11, 2.93293926472e-12], "mean": [7.05434504198e-05, 0.00113571644761, 0.00159584882203, 0.00417440058663, 0.00342968991026, 0.00598057778552, 0.000882785476279, 0.000688315194566, 0.000509459467139, 0.000188424295629, 9.88946849247e-05, 7.71166451159e-05, 0.000132976958412, 0.000133884343086, 9.61270488915e-05, 4.73640866403e-05, 5.16831241839e-05, 0.000201183007448, 0.000176752218977, 0.00012252452143, 6.58209974063e-05, 2.90994685201e-05, 1.51977119458e-05, 1.4675231796e-05, 7.4528074947e-06, 4.62322032035e-06, 6.9196204322e-07], "dvar2": [1.60645726055e-07, 1.04463751995e-05, 4.13769448642e-05, 4.49630751973e-05, 5.55586448172e-05, 4.24699828727e-05, 1.65887536241e-06, 8.07882770459e-07, 9.044217677e-07, 4.04680974952e-07, 9.32426615918e-08, 9.94257121079e-08, 1.06906639985e-07, 2.40316751388e-07, 5.00748171817e-08, 2.2277296452e-08, 1.44688911519e-07, 2.34694243773e-06, 2.68137659987e-06, 1.6323537011e-06, 1.34086150183e-07, 3.7293221844e-09, 9.17219467045e-10, 6.79933109815e-10, 1.71375247326e-10, 1.73852737761e-10, 6.28089420751e-12], "min": [6.22071570714e-24, 3.06814985083e-24, 3.00264382734e-24, 1.41855492332e-23, 1.83949504665e-23, 2.29794582157e-23, 1.4942193059e-23, 5.81867590223e-23, 5.67434212448e-23, 5.93982411135e-23, 8.05164640648e-23, 5.92939032147e-23, 7.61647160366e-23, 8.1842734884e-23, 9.93936278477e-23, 1.62956789483e-22, 1.52083193875e-22, 2.28316566054e-22, 2.64375006756e-22, 3.18225681373e-22, 3.7603179292e-22, 3.81477331303e-22, 6.94395405044e-22, 6.34194438006e-22, 1.22155714494e-21, 1.51388935694e-21, 2.54172972854e-21], "var": [5.30906199003e-08, 5.50431013835e-06, 1.22503906823e-05, 5.61892957194e-05, 6.37812481727e-05, 8.57830746099e-05, 1.2417635844e-06, 6.26426754025e-07, 7.92011519479e-07, 2.11186488741e-07, 4.30328483958e-08, 3.59113840886e-08, 6.89329553438e-08, 1.80196138899e-07, 6.08534165281e-08, 1.72179142055e-08, 6.96765027897e-08, 9.09405116545e-07, 1.08415440536e-06, 4.50467553037e-07, 4.07448297324e-08, 2.9023212722e-09, 7.50331907717e-10, 7.38043737236e-10, 2.16814094456e-10, 1.47420048391e-10, 4.37953102603e-12], "median": [6.46348416922e-06, 0.00017346945242, 0.000337029021466, 0.00142079824582, 0.000976135430392, 0.00214125704952, 0.000591001182329, 0.000498775742017, 0.000172217478394, 2.90430689347e-05, 2.80775730062e-05, 1.71258652699e-05, 4.40283147327e-05, 3.15776269417e-05, 2.10747766687e-05, 1.13659989438e-05, 7.90039666754e-06, 3.00787014567e-05, 2.11840142583e-05, 1.58357270266e-05, 1.0052676771e-05, 4.60914861833e-06, 2.19148660108e-06, 1.81829091161e-06, 4.43247785142e-07, 5.33015551696e-08, 4.00472988105e-09]}, "melbands_kurtosis": {"dmean": 9.27355480194, "dmean2": 14.608045578, "max": 318.812286377, "dvar": 171.186248779, "mean": 19.8880805969, "dvar2": 403.329437256, "min": -1.81157791615, "var": 401.078582764, "median": 15.2170200348}, "erbbands_crest": {"dmean": 2.87198662758, "dmean2": 4.56605291367, "max": 31.2577667236, "dvar": 7.02350187302, "mean": 12.374256134, "dvar2": 17.8524360657, "min": 2.31686043739, "var": 28.5018291473, "median": 11.3910837173}, "melbands_skewness": {"dmean": 0.804593920708, "dmean2": 1.26197946072, "max": 14.1966218948, "dvar": 0.641084849834, "mean": 2.84517717361, "dvar2": 1.56022393703, "min": -1.64912688732, "var": 2.07475566864, "median": 2.7443125248}, "spectral_energyband_middle_low": {"dmean": 0.00559633038938, "dmean2": 0.00842315517366, "max": 0.181298539042, "dvar": 7.91718775872e-05, "mean": 0.0157301295549, "dvar2": 0.000180145158083, "min": 2.91083337896e-22, "var": 0.000317375641316, "median": 0.00987274385989}, "spectral_contrast_coeffs": {"dmean": [0.0516560748219, 0.047471370548, 0.0368468500674, 0.0270865857601, 0.0235158447176, 0.022067932412], "dmean2": [0.0837029665709, 0.0760367587209, 0.0610296018422, 0.0444691888988, 0.0361392721534, 0.0355897806585], "max": [-0.218839019537, -0.22076100111, -0.403610765934, -0.539651453495, -0.532988727093, -0.507554769516], "dvar": [0.00199796468951, 0.00151296448894, 0.000885387940798, 0.000566891452763, 0.000578261679038, 0.000490652746521], "mean": [-0.571410834789, -0.653853476048, -0.776514530182, -0.787190675735, -0.799268603325, -0.778377711773], "dvar2": [0.00479943677783, 0.00386102753691, 0.0023753810674, 0.00143237435259, 0.00126129307318, 0.00118728063535], "min": [-0.968183338642, -0.976364195347, -0.983999729156, -0.983867406845, -0.981701016426, -0.979639291763], "var": [0.0120388874784, 0.0114924414083, 0.00498940655962, 0.0039268177934, 0.00294897146523, 0.00234974361956], "median": [-0.579955041409, -0.670589089394, -0.786793351173, -0.800075948238, -0.812102854252, -0.774864196777]}, "spectral_contrast_valleys": {"dmean": [0.476379960775, 0.346886366606, 0.437941223383, 0.39348834753, 0.394648373127, 0.429069489241], "dmean2": [0.77607190609, 0.573095738888, 0.689190208912, 0.604061663151, 0.583681344986, 0.627823352814], "max": [-5.32589197159, -4.79561281204, -5.60764789581, -6.23407030106, -6.042781353, -8.81456947327], "dvar": [0.215494900942, 0.136554315686, 0.208609595895, 0.185532018542, 0.21051710844, 0.234374284744], "mean": [-8.27482128143, -7.19420337677, -8.55256557465, -8.95279693604, -8.93618488312, -12.078836441], "dvar2": [0.49545532465, 0.299667149782, 0.463610142469, 0.401396751404, 0.4643009305, 0.555609822273], "min": [-26.897731781, -27.635887146, -27.4121551514, -27.5633945465, -27.3703041077, -27.1247291565], "var": [1.93067085743, 2.06913399696, 1.88462221622, 1.81758248806, 2.36386585236, 3.86279249191], "median": [-8.05017852783, -6.77936220169, -8.3503074646, -8.67276954651, -8.52230358124, -11.5114107132]}, "silence_rate_20dB": {"dmean": 0, "dmean2": 0, "max": 1, "dvar": 0, "mean": 1, "dvar2": 0, "min": 1, "var": 0, "median": 1}, "silence_rate_30dB": {"dmean": 0.00382886640728, "dmean2": 0.00765837030485, "max": 1, "dvar": 0.00381428888068, "mean": 0.99467331171, "dvar2": 0.00876612588763, "min": 0, "var": 0.00529798539355, "median": 1}, "spectral_strongpeak": {"dmean": 0.426747977734, "dmean2": 0.710934400558, "max": 19.8013343811, "dvar": 1.53541362286, "mean": 0.857287347317, "dvar2": 4.19440126419, "min": 0, "var": 1.39582359791, "median": 0.57323718071}, "spectral_spread": {"dmean": 502276.9375, "dmean2": 750875, "max": 40938856, "dvar": 368219750400, "mean": 3290999.25, "dvar2": 662982688768, "min": 307857.4375, "var": 2709432303620.0, "median": 3325012.75}, "barkbands_flatness_db": {"dmean": 0.0308327693492, "dmean2": 0.045146021992, "max": 0.528119385242, "dvar": 0.000851506309118, "mean": 0.243314057589, "dvar2": 0.00195549312048, "min": 0.0342405624688, "var": 0.0116443773732, "median": 0.220388993621}, "pitch_salience": {"dmean": 0.0705850124359, "dmean2": 0.11401412636, "max": 0.856719493866, "dvar": 0.00403864495456, "mean": 0.53145968914, "dvar2": 0.0101948445663, "min": 0.0616083368659, "var": 0.0177806429565, "median": 0.537725627422}, "erbbands_kurtosis": {"dmean": 3.00609827042, "dmean2": 4.35069894791, "max": 109.120765686, "dvar": 28.5448646545, "mean": 4.50756072998, "dvar2": 53.0325622559, "min": -1.95831048489, "var": 85.6714324951, "median": 1.41047859192}, "average_loudness": 0.304461032152, "barkbands_crest": {"dmean": 2.62963008881, "dmean2": 4.16665267944, "max": 26.6965694427, "dvar": 5.83566761017, "mean": 12.622959137, "dvar2": 14.1661729813, "min": 3.14985871315, "var": 25.3553295135, "median": 11.6369438171}, "hfc": {"dmean": 3.79628252983, "dmean2": 5.56300354004, "max": 136.544631958, "dvar": 65.835609436, "mean": 8.5281496048, "dvar2": 155.37663269, "min": 1.19743936023e-16, "var": 107.470275879, "median": 5.54112005234}, "barkbands_kurtosis": {"dmean": 7.57837581635, "dmean2": 11.4871501923, "max": 572.73223877, "dvar": 286.480682373, "mean": 13.953163147, "dvar2": 648.970397949, "min": -1.89728724957, "var": 556.283447266, "median": 8.80097389221}, "erbbands": {"dmean": [0.0188738517463, 0.177540466189, 1.17997848988, 4.88904333115, 6.74945640564, 5.5092215538, 19.2464332581, 18.7910671234, 5.58741617203, 10.3038959503, 5.30271339417, 6.92409515381, 5.0495390892, 4.45062351227, 2.65271043777, 2.7803747654, 3.86055040359, 4.59322023392, 2.77564620972, 2.33741998672, 1.72536075115, 2.81700062752, 7.04451656342, 7.99015712738, 10.7322034836, 6.43827533722, 3.84312152863, 1.63422071934, 0.707431435585, 0.435177266598, 0.244789913297, 0.182797878981, 0.147448047996, 0.0686170756817, 0.0189270284027, 0.0133860036731, 0.00739395199344, 0.0015686302213, 8.22587680886e-05, 9.40350855672e-06], "dmean2": [0.029992936179, 0.304589271545, 2.04932785034, 7.84512090683, 10.6402292252, 8.9594078064, 28.1425228119, 26.8810558319, 9.1534280777, 17.5415210724, 8.72247600555, 11.118185997, 8.50431919098, 6.8640832901, 4.43823242188, 4.61535739899, 6.080555439, 6.92202138901, 4.2054810524, 3.63425827026, 2.66359853745, 4.22748613358, 10.9563884735, 12.0705118179, 16.7053089142, 10.5427761078, 6.32607793808, 2.55983448029, 1.055534482, 0.64485090971, 0.360700458288, 0.267129927874, 0.210632145405, 0.0968128964305, 0.0264278929681, 0.0192795861512, 0.0106613878161, 0.00227557634935, 0.000123306104797, 1.39997146107e-05], "max": [1.2609411478, 7.63511562347, 44.1901092529, 196.240814209, 486.876953125, 281.826782227, 1560.42602539, 761.03338623, 242.100692749, 286.910522461, 225.185134888, 375.533905029, 215.468017578, 284.247619629, 177.807846069, 192.592712402, 235.576309204, 529.663146973, 193.083190918, 318.444885254, 141.553268433, 651.629516602, 751.119628906, 1176.64343262, 1670.68518066, 1157.3371582, 313.012786865, 165.257339478, 25.9725723267, 17.216342926, 9.45217227936, 6.45404005051, 4.72102594376, 2.3570959568, 0.587866008282, 0.47652554512, 0.308136254549, 0.088499777019, 0.00377392349765, 0.000201592163648], "dvar": [0.00306200888008, 0.273986428976, 11.241932869, 89.9031448364, 171.424240112, 194.167663574, 2351.28271484, 1028.2902832, 109.70665741, 222.131256104, 107.817153931, 211.600402832, 179.94354248, 143.066375732, 56.9386901855, 59.014289856, 87.9472351074, 304.205169678, 54.7418060303, 82.6808929443, 23.7871303558, 210.546234131, 1136.99389648, 2139.91503906, 4641.40673828, 1408.92480469, 278.102478027, 34.385887146, 2.69104409218, 0.85065972805, 0.274537086487, 0.158368423581, 0.0994304120541, 0.0229350123554, 0.00177566253114, 0.00114097713958, 0.000381879974157, 1.87828245544e-05, 4.64964493574e-08, 1.90210208695e-10], "mean": [0.0308690853417, 0.279439300299, 1.54644453526, 8.23621940613, 13.8117637634, 8.90055942535, 37.020816803, 43.4957618713, 13.1326627731, 19.120639801, 10.3502826691, 12.4090967178, 6.66303634644, 6.0050611496, 3.55948710442, 3.60634660721, 6.2408413887, 7.26944494247, 5.45573806763, 4.23974227905, 2.51798295975, 3.74225449562, 8.25276374817, 8.43040847778, 10.2863826752, 6.03968334198, 3.87603545189, 2.13184905052, 1.12847995758, 0.696141958237, 0.389552474022, 0.301678717136, 0.253837257624, 0.118636466563, 0.0323858745396, 0.0179781410843, 0.00907101389021, 0.00193703861441, 0.000100249308161, 2.47911029874e-05], "dvar2": [0.00725906109437, 0.766395270824, 32.1050376892, 238.037643433, 443.726928711, 487.255981445, 4837.5234375, 2256.43774414, 304.269378662, 623.814697266, 268.488586426, 514.99810791, 476.677642822, 308.844818115, 153.297149658, 154.596710205, 211.531494141, 653.268737793, 119.339256287, 194.544616699, 54.9922828674, 520.578308105, 2843.21289063, 5115.53027344, 11085.9316406, 3762.52758789, 736.284179688, 88.935546875, 6.28357696533, 1.93940889835, 0.622093200684, 0.352563381195, 0.20079189539, 0.0450707785785, 0.00340588041581, 0.00230188644491, 0.000771242310293, 3.81358440791e-05, 9.88110713251e-08, 4.35034230861e-10], "min": [1.00403830501e-22, 7.62099158732e-22, 4.43782115907e-21, 4.34739666641e-20, 4.44752881826e-20, 7.68749026447e-20, 1.87570713145e-19, 2.2046648411e-19, 2.68697705417e-19, 6.45450169348e-19, 1.77966378507e-18, 1.28934006927e-18, 1.14643448549e-18, 3.10890311797e-18, 2.83382689361e-18, 2.94116929452e-18, 3.58491392084e-18, 4.93553235707e-18, 4.63638372931e-18, 6.9815259655e-18, 8.34625982529e-18, 9.93268222514e-18, 1.08722353239e-17, 1.054257738e-17, 1.72366787622e-17, 1.57044838417e-17, 1.28408052406e-17, 1.73106750311e-17, 1.2485423634e-17, 1.39097219425e-17, 2.25090270706e-17, 1.42373615657e-17, 1.31147136927e-17, 1.10597852929e-17, 8.47609740295e-18, 5.25132096362e-18, 3.05529168132e-18, 1.13340452968e-18, 3.10110218441e-19, 3.63570242271e-20], "var": [0.0057085598819, 0.310942858458, 9.80135917664, 184.369094849, 678.399536133, 341.104675293, 6916.39648438, 5035.53955078, 231.494659424, 408.959350586, 221.266021729, 491.066162109, 216.245834351, 224.808517456, 57.8696250916, 59.7570343018, 142.836364746, 491.956359863, 182.543609619, 141.643234253, 35.2311859131, 255.037475586, 1133.96191406, 2160.37109375, 4290.55566406, 1032.28625488, 214.685348511, 32.5728416443, 4.53050279617, 1.57511270046, 0.494500160217, 0.305839329958, 0.234443321824, 0.0543508864939, 0.00428036181256, 0.00196167407557, 0.000611172115896, 3.07461632474e-05, 7.08799205995e-08, 6.246589912e-10], "median": [0.00352270156145, 0.0479998700321, 0.480812519789, 3.34371089935, 5.23040628433, 2.93028330803, 11.5322599411, 15.6071510315, 9.126288414, 14.0981473923, 6.8039560318, 4.18401479721, 1.62930178642, 1.10260152817, 1.05078756809, 1.19274878502, 2.18668484688, 1.91929984093, 1.4517313242, 1.06438159943, 0.675245940685, 0.704113066196, 1.39015424252, 1.21708369255, 1.25553846359, 0.842462658882, 0.557749509811, 0.334100306034, 0.185537919402, 0.107140667737, 0.0581298545003, 0.0403420999646, 0.0272492039949, 0.00836260803044, 0.00146532827057, 0.000326086214045, 9.60992329055e-05, 1.47394648593e-05, 1.11104109237e-05, 1.74012566276e-05]}, "spectral_energy": {"dmean": 0.00735564297065, "dmean2": 0.0111961467192, "max": 0.182607382536, "dvar": 0.000125808583107, "mean": 0.0199318155646, "dvar2": 0.000299939303659, "min": 1.08645956776e-20, "var": 0.00041940974188, "median": 0.0141180623323}, "zerocrossingrate": {"dmean": 0.00706764124334, "dmean2": 0.00830256938934, "max": 0.50927734375, "dvar": 9.74321228568e-05, "mean": 0.033731598407, "dvar2": 0.000116536124551, "min": 0.00634765625, "var": 0.00051492580