{"tonal": {"hpcp": {"dvar": [0.0354597978294, 0.0280178952962, 0.0251883398741, 0.0297959055752, 0.0310170445591, 0.0307576935738, 0.0438762120903, 0.0356358401477, 0.0330740250647, 0.031866248697, 0.0204962994903, 0.0174020193517, 0.0181884244084, 0.0208025146276, 0.0247084349394, 0.0416367202997, 0.0360079854727, 0.0251190699637, 0.0272625721991, 0.0297051090747, 0.033692587167, 0.0452082194388, 0.03854951635, 0.0401603244245, 0.0396296866238, 0.0477282479405, 0.0546613037586, 0.0407603606582, 0.0283662658185, 0.0319697335362, 0.0391909405589, 0.0313604474068, 0.0259220506996, 0.0267546195537, 0.027770485729, 0.0300703309476], "var": [0.0903005972505, 0.046205278486, 0.0223189424723, 0.0390068478882, 0.0346124768257, 0.0508855767548, 0.132440909743, 0.0733320713043, 0.0471318513155, 0.0687498897314, 0.0287943668664, 0.0126419560984, 0.0149317542091, 0.0179786756635, 0.0436151102185, 0.108203813434, 0.0710351020098, 0.0225804820657, 0.0210805460811, 0.0290632583201, 0.0558397769928, 0.127983391285, 0.0861336439848, 0.0379010438919, 0.0407631881535, 0.0434049293399, 0.0513367168605, 0.0498783104122, 0.0298079978675, 0.0489597171545, 0.0906275063753, 0.0448474138975, 0.0212449431419, 0.0208702851087, 0.0214096084237, 0.0438567921519], "median": [0.0582183972001, 0.0472682379186, 0.0213864054531, 0.0133727602661, 0.0177385956049, 0.117848448455, 0.203638494015, 0.152073547244, 0.0529061928391, 0.0350910387933, 0.0296031832695, 0.0232101008296, 0.0239839386195, 0.02816830948, 0.0692440196872, 0.102503836155, 0.0664576068521, 0.0288140457124, 0.0206860639155, 0.0193616952747, 0.110938869417, 0.223371386528, 0.164083272219, 0.058628693223, 0.0313178114593, 0.0228440668434, 0.0337282679975, 0.048721536994, 0.0435999110341, 0.0641411021352, 0.0979549884796, 0.0718020051718, 0.031893607229, 0.0252716429532, 0.0218342673033, 0.0425104685128], "max": [1, 1, 1, 1, 1, 1, 1, 1, 1, 1, 1, 1, 1, 1, 1, 1, 1, 1, 1, 1, 1, 1, 1, 1, 1, 1, 1, 1, 1, 1, 1, 1, 1, 1, 1, 1], "dmean": [0.114187307656, 0.101044669747, 0.078940525651, 0.0783552899957, 0.0899571478367, 0.128023669124, 0.155560955405, 0.150156229734, 0.118084102869, 0.10285846144, 0.0769042000175, 0.0586957708001, 0.0609398745, 0.0693079531193, 0.100265875459, 0.137499019504, 0.119632706046, 0.0821439623833, 0.074676066637, 0.0884555503726, 0.131186589599, 0.163006410003, 0.156650513411, 0.137801751494, 0.121497675776, 0.123387940228, 0.133473545313, 0.1208749488, 0.0982652679086, 0.112647183239, 0.130958691239, 0.116364680231, 0.0882760956883, 0.0816668793559, 0.0829921364784, 0.104358844459], "dmean2": [0.194601655006, 0.174698159099, 0.142565891147, 0.143542036414, 0.163367062807, 0.219858512282, 0.26008322835, 0.254975765944, 0.207038283348, 0.178708061576, 0.133770629764, 0.105777680874, 0.108825266361, 0.123327188194, 0.17030864954, 0.230649158359, 0.202638566494, 0.144697114825, 0.135742247105, 0.159540459514, 0.225984081626, 0.272699356079, 0.26740154624, 0.244650274515, 0.218018203974, 0.221582129598, 0.237202003598, 0.209085121751, 0.170152127743, 0.19291177392, 0.221113592386, 0.203208357096, 0.159764766693, 0.147695049644, 0.150973752141, 0.181904032826], "mean": [0.20823174715, 0.146678984165, 0.0761065259576, 0.0828775987029, 0.0882599204779, 0.205418229103, 0.362466275692, 0.262702971697, 0.146358698606, 0.15694925189, 0.100929558277, 0.0575522556901, 0.0623397938907, 0.0711200833321, 0.156590729952, 0.26691532135, 0.197136476636, 0.082230322063, 0.0657920315862, 0.0794379487634, 0.202919125557, 0.365972965956, 0.284373879433, 0.13516420126, 0.117671631277, 0.111150451005, 0.128461301327, 0.139955580235, 0.10820697248, 0.15848980844, 0.237492546439, 0.16273406148, 0.0824348405004, 0.0748306810856, 0.0719981268048, 0.137590542436], "dvar2": [0.0863207355142, 0.0754155889153, 0.0699241757393, 0.0818126648664, 0.0860107764602, 0.0852916389704, 0.109610550106, 0.096994034946, 0.0880482569337, 0.0816121250391, 0.056210603565, 0.0494189038873, 0.0509194172919, 0.0576030835509, 0.0645542219281, 0.10023984313, 0.0920926034451, 0.0690818578005, 0.0760813653469, 0.0807907357812, 0.0883173048496, 0.111100628972, 0.10116007179, 0.107349082828, 0.108065448701, 0.129656463861, 0.144610449672, 0.104475349188, 0.0766131207347, 0.0843501091003, 0.0963624790311, 0.0849239006639, 0.0713049322367, 0.0743189677596, 0.0776920467615, 0.0823493003845], "min": [0, 0, 0, 0, 0, 0, 0, 0, 0, 0, 0, 0, 0, 0, 0, 0, 0, 0, 0, 0, 0, 0, 0, 0, 0, 0, 0, 0, 0, 0, 0, 0, 0, 0, 0, 0]}, "key_key": "E", "thpcp": [1, 0.777035236359, 0.369328379631, 0.321530938148, 0.303712189198, 0.351013094187, 0.382420539856, 0.295669317245, 0.433064252138, 0.648934662342, 0.444661438465, 0.2252484411, 0.204470515251, 0.196730718017, 0.375958204269, 0.568981230259, 0.400791853666, 0.207956686616, 0.226458251476, 0.24116513133, 0.561293423176, 0.990418195724, 0.717820703983, 0.399916708469, 0.428854763508, 0.275784194469, 0.157258212566, 0.170339882374, 0.194331526756, 0.427875131369, 0.729330718517, 0.53866404295, 0.224689602852, 0.179772928357, 0.217059612274, 0.554464817047], "chords_key": "E", "tuning_equal_tempered_deviation": 0.0186314824969, "tuning_frequency": 441.272583008, "tuning_diatonic_strength": 0.498257726431, "chords_histogram": [34.4529571533, 15.6747198105, 0.923197805882, 2.02317810059, 0, 1.19819283485, 1.0410528183, 4.87134170532, 0.235710069537, 0, 0, 0, 0, 0, 0, 0, 0, 0, 0.137497544289, 4.65527391434, 12.3551368713, 0, 11.5890789032, 10.842663765], "key_strength": 0.674913346767, "key_scale": "minor", "chords_strength": {"dvar": 0.000423595833126, "var": 0.0221620500088, "median": 0.566130340099, "max": 0.775546967983, "dmean": 0.00802075490355, "dmean2": 0.00782838091254, "mean": 0.55308252573, "dvar2": 0.000785207783338, "min": -1}, "chords_number_rate": 0.00196425057948, "tuning_nontempered_energy_ratio": 0.66378480196, "hpcp_entropy": {"dvar": 0.290186733007, "var": 0.599098443985, "median": 1.79984009266, "max": 4.14047956467, "dmean": 0.615186035633, "dmean2": 1.02206194401, "mean": 1.78786349297, "dvar2": 0.771944642067, "min": 0}, "chords_changes_rate": 0.0255352575332, "chords_scale": "minor"}, "rhythm": {"bpm_histogram_first_peak_spread": {"dvar": 0, "var": 0, "median": 0.430501908064, "max": 0.430501908064, "dmean": 0, "dmean2": 0, "mean": 0.430501908064, "dvar2": 0, "min": 0.430501908064}, "bpm_histogram_first_peak_weight": {"dvar": 0, "var": 0, "median": 0.539305329323, "max": 0.539305329323, "dmean": 0, "dmean2": 0, "mean": 0.539305329323, "dvar2": 0, "min": 0.539305329323}, "bpm_histogram_first_peak_bpm": {"dvar": 0, "var": 0, "median": 140, "max": 140, "dmean": 0, "dmean2": 0, "mean": 140, "dvar2": 0, "min": 140}, "bpm": 140.469985962, "bpm_histogram_second_peak_weight": {"dvar": 0, "var": 0, "median": 0.0109689217061, "max": 0.0109689217061, "dmean": 0, "dmean2": 0, "mean": 0.0109689217061, "dvar2": 0, "min": 0.0109689217061}, "beats_loudness": {"dvar": 0.000143891898915, "var": 0.000270767312031, "median": 0.0325183533132, "max": 0.10689778626, "dmean": 0.012163319625, "dmean2": 0.0211939923465, "mean": 0.0342135839164, "dvar2": 0.000420049822424, "min": 2.32789565402e-09}, "beats_loudness_band_ratio": {"dvar": [0.0130745954812, 0.0104689514264, 0.0128095392138, 0.00868755299598, 0.00195203931071, 0.00156301539391], "var": [0.0303908511996, 0.0147935543209, 0.0198272056878, 0.0104537345469, 0.00263099838048, 0.00774846365675], "median": [0.338474839926, 0.181876316667, 0.185109436512, 0.132163167, 0.0466736853123, 0.0513928979635], "max": [0.971333086491, 0.66671025753, 0.886006474495, 0.841911077499, 0.419619262218, 0.982007801533], "dmean": [0.148647964001, 0.123852483928, 0.113779857755, 0.0852360874414, 0.0329549908638, 0.0437869355083], "dmean2": [0.256648898125, 0.217110916972, 0.194628551602, 0.146444216371, 0.0567894093692, 0.0818621739745], "mean": [0.356998354197, 0.203965604305, 0.217447936535, 0.153289541602, 0.0602702200413, 0.0658607929945], "dvar2": [0.0399861373007, 0.029650632292, 0.0361726693809, 0.0248761922121, 0.00573169672862, 0.00349663407542], "min": [0.00742912478745, 1.9170158339e-05, 2.32098227571e-05, 4.72210194857e-05, 2.34308736253e-05, 4.80425478599e-05]}, "bpm_histogram_second_peak_bpm": {"dvar": 0, "var": 0, "median": 115, "max": 115, "dmean": 0, "dmean2": 0, "mean": 115, "dvar2": 0, "min": 115}, "onset_rate": 4.34069776535, "beats_count": 548, "beats_position": [0.476009070873, 0.9287981987, 1.35836732388, 1.78793644905, 2.20589566231, 2.62385487556, 3.05342388153, 3.48299312592, 3.90095233917, 4.33052158356, 4.76009082794, 5.18965959549, 5.61922883987, 6.04879808426, 6.47836732864, 6.90793657303, 7.33750534058, 7.77868461609, 8.19664382935, 8.6146030426, 9.03256225586, 9.45052146912, 9.86848068237, 10.2980499268, 10.71600914, 11.1455783844, 11.5635375977, 11.9931058884, 12.4226751328, 12.8638544083, 13.2818136215, 13.722992897, 14.1409521103, 14.5705213547, 15.0000905991, 15.4296598434, 15.8592290878, 16.2887973785, 16.7183666229, 17.1363258362, 17.5542850494, 17.995464325, 18.4134235382, 18.8429927826, 19.272562027, 19.7021312714, 20.1317005157, 20.5728797913, 20.9908390045, 21.4204082489, 21.8499774933, 22.2679367065, 22.7091159821, 23.1502952576, 23.5798625946, 24.009431839, 24.4273910522, 24.8569602966, 25.286529541, 25.7044887543, 26.1340579987, 26.563627243, 26.9815864563, 27.4111557007, 27.8407249451, 28.2819042206, 28.6998634338, 29.1294326782, 29.5590019226, 29.988571167, 30.4065303802, 30.8360996246, 31.2540588379, 31.6720180511, 32.1015853882, 32.5311546326, 32.960723877, 33.3902931213, 33.8198623657, 34.2494316101, 34.6673927307, 35.1085700989, 35.5265312195, 35.9444885254, 36.3740577698, 36.8036270142, 37.2331962585, 37.6627655029, 38.0807266235, 38.5102958679, 38.9398651123, 39.369430542, 39.7989997864, 40.2285690308, 40.6581382751, 41.0760993958, 41.5056686401, 41.9352378845, 42.3531951904, 42.7943763733, 43.2239456177, 43.6651229858, 44.0830841064, 44.5126533508, 44.9306106567, 45.3717918396, 45.7897491455, 46.2077102661, 46.6372795105, 47.0668487549, 47.4964179993, 47.9259872437, 48.3439445496, 48.7735137939, 49.2030830383, 49.6210403442, 50.0390014648, 50.480178833, 50.9097480774, 51.3393173218, 51.7572784424, 52.1752357483, 52.6048049927, 53.0343742371, 53.4639434814, 53.8935127258, 54.3230819702, 54.7526512146, 55.182220459, 55.6117897034, 56.029750824, 56.4593200684, 56.8888893127, 57.3184585571, 57.7480278015, 58.1659851074, 58.583946228, 59.0251235962, 59.4430847168, 59.8726501465, 60.3022193909, 60.7317886353, 61.1497497559, 61.5793190002, 62.0088882446, 62.438457489, 62.8680267334, 63.2975959778, 63.7155532837, 64.1567306519, 64.5746917725, 65.0158691406, 65.4338302612, 65.8517913818, 66.2813568115, 66.7109298706, 67.1288909912, 67.5584564209, 67.98802948, 68.4059829712, 68.8239440918, 69.26512146, 69.694694519, 70.1242599487, 70.5538330078, 70.9833984375, 71.4129714966, 71.8425369263, 72.2721099854, 72.701675415, 73.1196365356, 73.5375976562, 73.9671630859, 74.396736145, 74.8146896362, 75.2558746338, 75.673828125, 76.1150131226, 76.5329666138, 76.9625396729, 77.3921051025, 77.8100662231, 78.2396392822, 78.6692047119, 79.0871658325, 79.5167312622, 79.9463043213, 80.3642578125, 80.8054428101, 81.2350082397, 81.6645812988, 82.08253479, 82.5121078491, 82.9416732788, 83.3596343994, 83.77759552, 84.2071609497, 84.6367340088, 85.0546951294, 85.4726486206, 85.9022216797, 86.3317871094, 86.74974823, 87.1793212891, 87.6088867188, 88.0384597778, 88.4680252075, 88.8975982666, 89.3271636963, 89.7683410645, 90.1863021851, 90.6158676147, 91.0454406738, 91.4750061035, 91.9045791626, 92.3341445923, 92.7521057129, 93.181678772, 93.6112442017, 94.0408172607, 94.4703826904, 94.8999557495, 95.3179092407, 95.7474822998, 96.1770477295, 96.6182327271, 97.0361862183, 97.4541473389, 97.8837203979, 98.3132858276, 98.7312469482, 99.1608123779, 99.590385437, 100.031562805, 100.461128235, 100.890701294, 101.320266724, 101.749839783, 102.179405212, 102.608978271, 103.026939392, 103.444892883, 103.862854004, 104.280815125, 104.698776245, 105.139953613, 105.569519043, 105.999092102, 106.417053223, 106.846618652, 107.264579773, 107.694145203, 108.1353302, 108.56489563, 108.98285675, 109.41242218, 109.830383301, 110.25995636, 110.68952179, 111.10748291, 111.53704834, 111.966621399, 112.38457489, 112.814147949, 113.243713379, 113.684898376, 114.102851868, 114.532424927, 114.961990356, 115.403175354, 115.832740784, 116.262313843, 116.691879272, 117.121452332, 117.551017761, 117.98059082, 118.41015625, 118.839729309, 119.2576828, 119.698867798, 120.116821289, 120.546394348, 120.975959778, 121.393920898, 121.811882019, 122.241447449, 122.659408569, 123.088973999, 123.518547058, 123.948112488, 124.377685547, 124.807250977, 125.236824036, 125.666389465, 126.095962524, 126.525527954, 126.955101013, 127.384666443, 127.802627563, 128.232192993, 128.661773682, 129.10295105, 129.520904541, 129.938858032, 130.356826782, 130.774780273, 131.204345703, 131.633926392, 132.051879883, 132.481445312, 132.911010742, 133.340591431, 133.77015686, 134.211334229, 134.62928772, 135.04725647, 135.476821899, 135.906387329, 136.324356079, 136.753921509, 137.183486938, 137.601455688, 138.031021118, 138.460586548, 138.890151978, 139.319732666, 139.737686157, 140.155639648, 140.585220337, 141.026397705, 141.455963135, 141.873916626, 142.303482056, 142.733062744, 143.151016235, 143.592193604, 144.010162354, 144.428115845, 144.846069336, 145.287246704, 145.716827393, 146.146392822, 146.564346313, 147.005523682, 147.446716309, 147.887893677, 148.305847168, 148.723800659, 149.153381348, 149.582946777, 150.000900269, 150.418869019, 150.848434448, 151.277999878, 151.707565308, 152.137145996, 152.555099487, 152.984664917, 153.414230347, 153.843811035, 154.273376465, 154.714553833, 155.132507324, 155.550476074, 155.968429565, 156.397994995, 156.815963745, 157.245529175, 157.640274048, 158.093063354, 158.522628784, 158.952194214, 159.381759644, 159.822952271, 160.240905762, 160.68208313, 161.11164856, 161.541213989, 161.959182739, 162.388748169, 162.818313599, 163.247894287, 163.677459717, 164.107025146, 164.536590576, 164.966171265, 165.384124756, 165.813690186, 166.243255615, 166.672836304, 167.090789795, 167.520355225, 167.949935913, 168.379501343, 168.809066772, 169.238632202, 169.668212891, 170.086166382, 170.504119873, 170.922088623, 171.351654053, 171.781219482, 172.210784912, 172.640365601, 173.058319092, 173.487884521, 173.917449951, 174.34703064, 174.776596069, 175.194549561, 175.624130249, 176.053695679, 176.47164917, 176.88961792, 177.31918335, 177.748748779, 178.166702271, 178.607894897, 179.037460327, 179.467025757, 179.896591187, 180.326171875, 180.744125366, 181.185302734, 181.603256226, 182.044433594, 182.462402344, 182.891967773, 183.321533203, 183.762710571, 184.180679321, 184.598632812, 185.028198242, 185.457778931, 185.864120483, 186.293685913, 186.723266602, 187.152832031, 187.570785522, 188.011962891, 188.429931641, 188.871109009, 189.2890625, 189.70703125, 190.13659668, 190.566162109, 190.984130859, 191.425308228, 191.843261719, 192.284439087, 192.702392578, 193.131973267, 193.561538696, 194.002716064, 194.420669556, 194.838638306, 195.268203735, 195.697769165, 196.115737915, 196.533691406, 196.963256836, 197.392837524, 197.810791016, 198.240356445, 198.669921875, 199.111114502, 199.55229187, 199.970245361, 200.399810791, 200.829391479, 201.247344971, 201.665298462, 202.083267212, 202.52444458, 202.942398071, 203.371963501, 203.801544189, 204.231109619, 204.660675049, 205.090240479, 205.519821167, 205.960998535, 206.390563965, 206.820129395, 207.249694824, 207.679275513, 208.097229004, 208.503585815, 208.921539307, 209.351104736, 209.780670166, 210.210250854, 210.639816284, 211.069381714, 211.487350464, 211.916915894, 212.346481323, 212.787658691, 213.205612183, 213.623580933, 214.041534424, 214.482711792, 214.91229248, 215.34185791, 215.759811401, 216.20098877, 216.61895752, 217.048522949, 217.478088379, 217.919265747, 218.337234497, 218.766799927, 219.196365356, 219.625930786, 220.043899536, 220.473464966, 220.914642334, 221.355819702, 221.79699707, 222.238174438, 222.702575684, 223.166976929, 223.631378174, 224.107391357, 224.595001221, 225.082626343, 225.570251465, 225.988204956, 226.406158447, 226.824127197, 227.242080688, 227.706481934, 228.170883179, 228.635284424, 229.157730103, 229.680175781, 230.20262146, 230.690246582, 231.189468384, 231.677093506, 232.199539185, 232.721984863, 233.244445801, 233.743667603, 234.242904663, 234.742126465, 235.241363525, 235.740585327], "danceability": 1.1385191679, "bpm_histogram_second_peak_spread": {"dvar": 0, "var": 0, "median": 0, "max": 0, "dmean": 0, "dmean2": 0, "mean": 0, "dvar2": 0, "min": 0}}, "lowlevel": {"spectral_flux": {"dvar": 0.00156691262964, "var": 0.00316590233706, "median": 0.0715029984713, "max": 0.315691024065, "dmean": 0.0296716634184, "dmean2": 0.0469233952463, "mean": 0.0853098854423, "dvar2": 0.00275151780806, "min": 1.02888655928e-10}, "spectral_rolloff": {"dvar": 512324.84375, "var": 6399156, "median": 1012.06054688, "max": 21877.734375, "dmean": 324.379425049, "dmean2": 548.377380371, "mean": 1454.25061035, "dvar2": 1097135.75, "min": 107.666015625}, "barkbands_flatness_db": {"dvar": 0.00037112942664, "var": 0.00468033831567, "median": 0.0972851738334, "max": 0.494034826756, "dmean": 0.0177598185837, "dmean2": 0.0280763935298, "mean": 0.111956343055, "dvar2": 0.000967323838267, "min": 0.0217745490372}, "spectral_centroid": {"dvar": 40232.5703125, "var": 516110.125, "median": 994.559814453, "max": 10927.2988281, "dmean": 173.088256836, "dmean2": 277.017944336, "mean": 1098.65698242, "dvar2": 97854.125, "min": 160.418136597}, "melbands_skewness": {"dvar": 0.510906994343, "var": 1.62902283669, "median": 1.94429087639, "max": 13.0618562698, "dmean": 0.578013658524, "dmean2": 0.955608785152, "mean": 2.12749862671, "dvar2": 1.35979294777, "min": -0.975102305412}, "melbands": {"dvar": [5.43673695574e-06, 9.03775799088e-06, 1.77153185632e-06, 2.48929109148e-06, 3.92100929503e-07, 1.78326033051e-07, 4.67209503086e-07, 3.89531237488e-07, 3.8250610146e-07, 3.68949145013e-07, 2.15974466755e-07, 9.09475659228e-08, 4.36163070106e-08, 1.40055753661e-08, 7.62473106874e-09, 5.97770410948e-09, 5.22007370662e-09, 2.22610374578e-09, 1.76189196566e-09, 1.26611332529e-09, 3.79842962639e-10, 2.72489975028e-10, 1.25329371881e-10, 1.47767090231e-10, 4.63709938503e-11, 3.21476283094e-11, 1.8619763717e-11, 1.54290122345e-11, 7.9934175598e-12, 4.69404333112e-12, 3.26113008126e-12, 2.80350178836e-12, 1.92818048854e-12, 2.00160092494e-12, 3.53433558462e-12, 7.08783075634e-12, 5.39899808888e-12, 1.80944582234e-12, 6.96633397669e-13, 4.94249227049e-13], "var": [3.22873688674e-06, 5.54165308131e-06, 1.6476918745e-06, 1.94749509319e-06, 6.1769048898e-07, 4.31340623663e-07, 7.90155411323e-07, 1.27719465581e-06, 8.75569810432e-07, 5.13866723395e-07, 3.50340400246e-07, 1.92437198621e-07, 1.61840105761e-07, 3.37127090688e-08, 1.93195148768e-08, 1.68286380386e-08, 1.32928628105e-08, 5.74125591513e-09, 4.27606394737e-09, 3.79980091836e-09, 1.06033226643e-09, 6.44189313004e-10, 3.16884851692e-10, 3.49027001745e-10, 1.01334697578e-10, 8.51641118738e-11, 4.94258488304e-11, 3.7565030947e-11, 1.94406105797e-11, 1.23810380351e-11, 6.26017553768e-12, 5.62388417086e-12, 4.12222990118e-12, 4.45510729002e-12, 7.69499394759e-12, 1.33244058148e-11, 1.01260831317e-11, 4.04159084672e-12, 1.58386726044e-12, 1.06641973897e-12], "median": [0.000196128079551, 0.000755154411308, 0.000876364530995, 0.000511057674885, 0.00035301403841, 0.000290913681965, 0.00020012583991, 0.000185499899089, 0.000165742530953, 0.000142803328345, 0.000120042619528, 8.42651206767e-05, 9.9041753856e-05, 6.84273836669e-05, 4.6405417379e-05, 3.38373429258e-05, 2.41881771217e-05, 1.7455273337e-05, 1.42739381772e-05, 1.2737522411e-05, 1.0980155821e-05, 1.01452515082e-05, 8.17044019641e-06, 6.00422845309e-06, 5.32537524123e-06, 5.06651940668e-06, 3.83021051675e-06, 3.18802403854e-06, 2.4019814191e-06, 2.46641457124e-06, 1.53514008616e-06, 1.1867637113e-06, 1.04706100501e-06, 1.04904177078e-06, 1.06137758848e-06, 9.01983639778e-07, 1.00548254522e-06, 6.96759116181e-07, 5.07000322614e-07, 4.09312406191e-07], "max": [0.0168652720749, 0.0249217450619, 0.0138445328921, 0.0143894404173, 0.0109025724232, 0.00962813012302, 0.0268179811537, 0.0219093635678, 0.0168582368642, 0.0155186383054, 0.014486673288, 0.0116847092286, 0.00869230553508, 0.00265497458167, 0.00335090490989, 0.00234844000079, 0.00173513079062, 0.00123678939417, 0.00167030014563, 0.00191983021796, 0.000790757709183, 0.000547390955035, 0.000318660080666, 0.000390943780076, 0.000188812700799, 9.36036158237e-05, 6.0299251345e-05, 0.000122323690448, 7.99061454018e-05, 3.6988130887e-05, 5.47021882085e-05, 6.02650434303e-05, 5.09793389938e-05, 4.00614189857e-05, 4.33739623986e-05, 9.98602627078e-05, 9.39305318752e-05, 3.45133485098e-05, 2.06583335967e-05, 1.6152536773e-05], "dmean": [0.000742245058063, 0.001075974782, 0.000809699879028, 0.000707121973392, 0.000342888961313, 0.000244773546001, 0.000216033135075, 0.000198321489734, 0.000207093908102, 0.000176851754077, 0.000141468481161, 0.000106799569039, 0.000106443098048, 6.6082655394e-05, 4.41179399786e-05, 3.55338561349e-05, 3.18280108331e-05, 2.23417937377e-05, 1.73143162101e-05, 1.48863773575e-05, 1.0876642591e-05, 9.77685704129e-06, 7.2472953434e-06, 5.84517692914e-06, 4.33302739111e-06, 3.89154365621e-06, 2.96511507258e-06, 2.43237286668e-06, 1.83551628652e-06, 1.58489092428e-06, 1.11917529466e-06, 9.74553586275e-07, 8.54132622408e-07, 8.43966290631e-07, 9.23741708903e-07, 9.3111515298e-07, 9.24306107208e-07, 6.0795406398e-07, 4.65914354209e-07, 4.10519618299e-07], "dmean2": [0.00138120155316, 0.00198598834686, 0.00141229678411, 0.00126079330221, 0.000581384752877, 0.000397287018131, 0.000355266500264, 0.000306231726427, 0.000324136111885, 0.000278359802905, 0.000225092560868, 0.000162282405654, 0.000159893956152, 0.000104770173493, 6.86326166033e-05, 5.5355434597e-05, 5.04816307512e-05, 3.53058821929e-05, 2.7383412089e-05, 2.33485479839e-05, 1.74418655661e-05, 1.57108261192e-05, 1.17197723739e-05, 9.36759715842e-06, 7.11240727469e-06, 6.29076885161e-06, 4.76527247883e-06, 3.91062758354e-06, 2.92224922305e-06, 2.52676409218e-06, 1.78636526016e-06, 1.46857098571e-06, 1.25838403164e-06, 1.23878066915e-06, 1.34035883548e-06, 1.34724359668e-06, 1.34977972266e-06, 8.81382447915e-07, 6.66976916364e-07, 5.90821571222e-07], "mean": [0.000604238011874, 0.00130196637474, 0.00125084270258, 0.000936413300224, 0.000622556603048, 0.00048853008775, 0.000408169202274, 0.000412315654103, 0.000443870347226, 0.000335121789249, 0.000258612766629, 0.000195664964849, 0.000201724396902, 0.000125733087771, 8.63307577674e-05, 7.22986660548e-05, 6.09996786807e-05, 4.24772188126e-05, 3.286228457e-05, 2.80093208858e-05, 2.15673971979e-05, 1.87632267625e-05, 1.41456721394e-05, 1.16604796858e-05, 8.79404069565e-06, 8.28415704746e-06, 6.38787696516e-06, 5.15657984579e-06, 3.94869312004e-06, 3.48322623722e-06, 2.29717829825e-06, 1.99802070711e-06, 1.74131059794e-06, 1.71657995907e-06, 1.83328029379e-06, 1.72262309661e-06, 1.77832771442e-06, 1.20266622616e-06, 8.81345670223e-07, 7.4158509733e-07], "dvar2": [1.55072957568e-05, 2.5991068469e-05, 4.93227980769e-06, 7.16839531378e-06, 1.05697074559e-06, 4.38602739905e-07, 1.24584812511e-06, 8.38855385155e-07, 9.04382943645e-07, 9.31583883812e-07, 5.31892681011e-07, 1.79228592856e-07, 8.7905483781e-08, 3.32629923605e-08, 1.66297304816e-08, 1.35182931515e-08, 1.22997807495e-08, 5.22587706442e-09, 4.25665458437e-09, 2.54140974931e-09, 8.65439442332e-10, 6.47955744615e-10, 3.09755165961e-10, 3.35344862989e-10, 1.21325977043e-10, 8.08405356545e-11, 4.62275426272e-11, 3.85642628942e-11, 2.04511581281e-11, 1.15585284399e-11, 7.81790864685e-12, 6.08482752032e-12, 3.87117508188e-12, 3.98346373248e-12, 7.19796531407e-12, 1.47291605995e-11, 1.2262454073e-11, 3.64646073753e-12, 1.37534189766e-12, 1.0106895789e-12], "min": [2.75898421803e-24, 1.49574259631e-23, 2.50874428603e-23, 4.58741233503e-24, 5.83213386928e-24, 1.85898701075e-23, 2.2654933461e-23, 1.3375584721e-23, 7.96711727836e-24, 4.27094697784e-24, 1.04999650516e-23, 1.03540920484e-23, 1.52075422017e-23, 9.28577243436e-24, 7.59265841729e-24, 3.30827339114e-24, 7.10841141745e-24, 9.2793731947e-24, 6.94159415727e-24, 5.58455224076e-24, 8.3383583758e-24, 1.4101732762e-23, 1.25812680538e-23, 7.60464358102e-24, 7.0458318707e-24, 9.2386072297e-24, 9.85946758338e-24, 1.30862147638e-23, 1.05899606702e-23, 1.18360319455e-23, 1.23568410705e-23, 1.39383328473e-23, 9.70755269456e-24, 1.2628849777e-23, 9.34916214126e-24, 1.22324700491e-23, 9.21390483931e-24, 7.42371123266e-24, 1.00768271618e-23, 1.18071517477e-23]}, "spectral_decrease": {"dvar": 1.97553742442e-17, "var": 2.51992070198e-17, "median": -6.00111071947e-09, "max": 7.49620770188e-16, "dmean": 2.80762191274e-09, "dmean2": 4.77278172539e-09, "mean": -7.16187686933e-09, "dvar2": 5.29444494952e-17, "min": -3.39955974482e-08}, "barkbands_kurtosis": {"dvar": 15.9763345718, "var": 176.212280273, "median": 2.75554180145, "max": 168.013931274, "dmean": 2.39175009727, "dmean2": 3.99694514275, "mean": 5.65508079529, "dvar2": 43.3044013977, "min": -1.96597909927}, "silence_rate_30dB": {"dvar": 0.000589101400692, "var": 0.000294608646072, "median": 1, "max": 1, "dmean": 0.00058944884222, "dmean2": 0.00117901351769, "mean": 0.999705314636, "dvar2": 0.00176713021938, "min": 0}, "gfcc": {"mean": [11.5454072952, 80.2334518433, -96.0854644775, 7.43868112564, -55.5403175354, 8.43617534637, -32.5460205078, 3.22426438332, -26.4724960327, -4.18239164352, -16.9970035553, -3.34914469719, -14.0481967926], "cov": [[27412.9003906, 360.163970947, -3722.31005859, -224.197784424, -1008.88989258, 459.062255859, -774.784545898, 373.198516846, -466.424224854, 262.670410156, -447.757049561, 316.815856934, -312.944976807], [360.163970947, 1088.89404297, -187.688171387, 95.4382324219, -69.6657867432, -99.7934570312, 46.4422645569, -0.412294536829, -58.1691589355, -1.15406143665, -8.87137508392, -45.2663574219, 19.0641727448], [-3722.31005859, -187.688171387, 1062.79345703, -6.84023427963, 121.28604126, -40.8124542236, 98.6195297241, -61.9557914734, 49.3517608643, -40.6176185608, 35.3384094238, -17.9832172394, 29.7079849243], [-224.197784424, 95.4382324219, -6.84023427963, 224.42010498, 15.3276281357, -16.7171726227, 11.8717164993, -11.2383241653, -11.8980321884, 4.5176358223, -9.98565387726, -12.8995437622, 7.16200017929], [-1008.88989258, -69.6657867432, 121.28604126, 15.3276281357, 179.535232544, -0.733998894691, 66.9837493896, -3.1548743248, 37.244178772, 4.15362739563, 30.5869655609, -10.6008501053, 24.1684055328], [459.062255859, -99.7934570312, -40.8124542236, -16.7171726227, -0.733998894691, 143.66368103, -1.73064088821, 28.5375232697, 2.05778312683, 12.2328767776, 5.47192668915, 18.6767349243, -15.4984264374], [-774.784545898, 46.4422645569, 98.6195297241, 11.8717164993, 66.9837493896, -1.73064088821, 112.844116211, 6.97775220871, 15.9740867615, -2.36117124557, 23.3436145782, -18.9546909332, 14.423666954], [373.198516846, -0.412294536829, -61.9557914734, -11.2383241653, -3.1548743248, 28.5375232697, 6.97775220871, 73.0860824585, 27.9184265137, 20.2623138428, 0.367699861526, 9.7675151825, -2.80559301376], [-466.424224854, -58.1691589355, 49.3517608643, -11.8980321884, 37.244178772, 2.05778312683, 15.9740867615, 27.9184265137, 83.1093826294, 17.4979953766, 23.4071063995, 0.810677707195, 7.10709190369], [262.670410156, -1.15406143665, -40.6176185608, 4.5176358223, 4.15362739563, 12.2328767776, -2.36117124557, 20.2623138428, 17.4979953766, 55.4012908936, 14.3525571823, 8.84536266327, -5.1488070488], [-447.757049561, -8.87137508392, 35.3384094238, -9.98565387726, 30.5869655609, 5.47192668915, 23.3436145782, 0.367699861526, 23.4071063995, 14.3525571823, 54.8370132446, 11.9839420319, 9.8925447464], [316.815856934, -45.2663574219, -17.9832172394, -12.8995437622, -10.6008501053, 18.6767349243, -18.9546909332, 9.7675151825, 0.810677707195, 8.84536266327, 11.9839420319, 53.6774330139, 14.1580610275], [-312.944976807, 19.0641727448, 29.7079849243, 7.16200017929, 24.1684055328, -15.4984264374, 14.423666954, -2.80559301376, 7.10709190369, -5.1488070488, 9.8925447464, 14.1580610275, 49.6513710022]], "icov": [[0.000138171730214, -1.7167212718e-05, 0.000339813093888, 0.000127170482301, 0.000152674590936, -0.000145349898958, 0.000155939022079, -0.000266285380349, 0.000415777845774, -0.000485147844302, 0.000827841809951, -0.000719642906915, 0.00040621147491], [-1.7167212718e-05, 0.00124917691574, 0.00016911001876, -0.000398975214921, 0.000726620550267, 0.000798020802904, -0.00079789350275, -0.000508811150212, 0.000900318380445, -0.000191876577446, -0.0006981776678, 0.0011994530214, -0.000884714536369], [0.000339813093888, 0.00016911001876, 0.00207418901846, 0.000336616183631, 0.000177798588993, -0.000138332805363, -0.000627203669865, 0.000556978164241, 0.000175967856194, -0.000506961310748, 0.00201660045423, -0.0019458187744, 0.000946500920691], [0.000127170482301, -0.000398975214921, 0.000336616183631, 0.00500927586108, -0.000495523621794, -0.000109286127554, -9.72079360508e-05, 0.000618449703325, 0.000773810374085, -0.00178815762047, 0.00222396315075, -8.12098805909e-05, -0.000415113725467], [0.000152674590936, 0.000726620550267, 0.000177798588993, -0.000495523621794, 0.00907034147531, -0.000483708485262, -0.00382638233714, 0.000982298050076, -0.0016876506852, -0.00132596865296, -0.000931722694077, 0.00127913360484, -0.00282567413524], [-0.000145349898958, 0.000798020802904, -0.000138332805363, -0.000109286127554, -0.000483708485262, 0.00912393350154, -0.00108682224527, -0.00305153802037, 0.00124229502399, 0.000397355528548, -0.00185341190081, -0.00208354135975, 0.00292951613665], [0.000155939022079, -0.00079789350275, -0.000627203669865, -9.72079360508e-05, -0.00382638233714, -0.00108682224527, 0.0152310067788, -0.00447333976626, 0.00223732599989, 0.00102611421607, -0.00467584049329, 0.00543805770576, -0.00230843899772], [-0.000266285380349, -0.000508811150212, 0.000556978164241, 0.000618449703325, 0.000982298050076, -0.00305153802037, -0.00447333976626, 0.0224498081952, -0.00967273488641, -0.00384487584233, 0.00482459040359, -0.00327916676179, 0.000191563391127], [0.000415777845774, 0.000900318380445, 0.000175967856194, 0.000773810374085, -0.0016876506852, 0.00124229502399, 0.00223732599989, -0.00967273488641, 0.0207715779543, -0.00420102244243, -0.00452215922996, 0.00198774435557, -0.00100394804031], [-0.000485147844302, -0.000191876577446, -0.000506961310748, -0.00178815762047, -0.00132596865296, 0.000397355528548, 0.00102611421607, -0.00384487584233, -0.00420102244243, 0.0255591161549, -0.00910019036382, -0.000126132610603, 0.00293212966062], [0.000827841809951, -0.0006981776678, 0.00201660045423, 0.00222396315075, -0.000931722694077, -0.00185341190081, -0.00467584049329, 0.00482459040359, -0.00452215922996, -0.00910019036382, 0.033366099, -0.0127856656909, 0.00216595618986], [-0.000719642906915, 0.0011994530214, -0.0019458187744, -8.12098805909e-05, 0.00127913360484, -0.00208354135975, 0.00543805770576, -0.00327916676179, 0.00198774435557, -0.000126132610603, -0.0127856656909, 0.0332755073905, -0.0140971057117], [0.00040621147491, -0.000884714536369, 0.000946500920691, -0.000415113725467, -0.00282567413524, 0.00292951613665, -0.00230843899772, 0.000191563391127, -0.00100394804031, 0.00293212966062, 0.00216595618986, -0.0140971057117, 0.0295412614942]]}, "silence_rate_20dB": {"dvar": 0, "var": 0, "median": 1, "max": 1, "dmean": 0, "dmean2": 0, "mean": 1, "dvar2": 0, "min": 1}, "barkbands_skewness": {"dvar": 0.278816193342, "var": 1.98990833759, "median": 1.42419147491, "max": 10.8156700134, "dmean": 0.446982443333, "dmean2": 0.734352827072, "mean": 1.46281301975, "dvar2": 0.75303709507, "min": -9.27368927002}, "erbbands_skewness": {"dvar": 0.0756950005889, "var": 0.629311323166, "median": 0.682667791843, "max": 5.86451148987, "dmean": 0.265233665705, "dmean2": 0.410567700863, "mean": 0.754370331764, "dvar2": 0.175493523479, "min": -2.65109610558}, "spectral_contrast_valleys": {"dvar": [0.132672399282, 0.0951568037271, 0.074534766376, 0.0684170350432, 0.0686980113387, 0.0864371582866], "var": [2.39316105843, 2.62957882881, 2.93736338615, 3.05970025063, 3.01826930046, 2.42495799065], "median": [-7.10733127594, -6.32065534592, -6.61836624146, -7.30520486832, -7.30031967163, -9.65975570679], "max": [-5.17885541916, -4.65350008011, -5.09711551666, -5.1976647377, -5.83722782135, -7.72346496582], "dmean": [0.395681172609, 0.33984336257, 0.296024024487, 0.267523378134, 0.233734682202, 0.260634720325], "dmean2": [0.660910904408, 0.548593640327, 0.466958731413, 0.40840241313, 0.338948756456, 0.327585697174], "mean": [-7.3267288208, -6.58643627167, -6.93462991714, -7.62194347382, -7.66499328613, -9.99432373047], "dvar2": [0.3328743577, 0.218433603644, 0.15728469193, 0.129088148475, 0.114210039377, 0.136696368456], "min": [-27.463350296, -27.3371944427, -27.4803752899, -27.3350429535, -27.3421363831, -27.1968536377]}, "spectral_strongpeak": {"dvar": 0.734232544899, "var": 1.67682111263, "median": 0.532798528671, "max": 11.6616668701, "dmean": 0.556295931339, "dmean2": 0.939356505871, "mean": 1.07985377312, "dvar2": 1.74127721786, "min": 0}, "erbbands_crest": {"dvar": 5.69020175934, "var": 19.3158874512, "median": 7.70774841309, "max": 31.8232879639, "dmean": 2.22301054001, "dmean2": 3.50188803673, "mean": 8.87329673767, "dvar2": 13.0874376297, "min": 2.42196035385}, "barkbands_crest": {"dvar": 6.00975608826, "var": 16.3840827942, "median": 7.6206111908, "max": 26.5811462402, "dmean": 2.24195432663, "dmean2": 3.77169251442, "mean": 8.59542942047, "dvar2": 16.6312770844, "min": 2.34738874435}, "spectral_energyband_middle_low": {"dvar": 0.000123254139908, "var": 0.000181696683285, "median": 0.0128379613161, "max": 0.124097526073, "dmean": 0.00676650321111, "dmean2": 0.01137462724, "mean": 0.0165170449764, "dvar2": 0.00032854071469, "min": 3.59617680075e-22}, "spectral_contrast_coeffs": {"dvar": [0.00235623237677, 0.00144766550511, 0.000957768701483, 0.000483484909637, 0.000243136120844, 0.000196182139916], "var": [0.00625339150429, 0.00630853418261, 0.00425597373396, 0.00250084768049, 0.00135701021645, 0.00139473972376], "median": [-0.61607837677, -0.724310517311, -0.769385933876, -0.798729300499, -0.811415195465, -0.783589363098], "max": [-0.272572010756, -0.417036414146, -0.482994109392, -0.553324580193, -0.634384512901, -0.652683496475], "dmean": [0.0522931590676, 0.0444138087332, 0.0362529568374, 0.0264782551676, 0.0184447858483, 0.0156308747828], "dmean2": [0.0883915498853, 0.0722760632634, 0.0583771541715, 0.042859762907, 0.0300269946456, 0.0254254490137], "mean": [-0.614878416061, -0.721764683723, -0.764439165592, -0.795542180538, -0.810720384121, -0.784126520157], "dvar2": [0.00655541289598, 0.00367039092816, 0.00230649253353, 0.00117875926662, 0.000592934899032, 0.000477194524137], "min": [-0.954062581062, -0.967501580715, -0.96360296011, -0.960683524609, -0.963906884193, -0.960126578808]}, "hfc": {"dvar": 64.8732299805, "var": 241.027816772, "median": 19.1165428162, "max": 112.989517212, "dmean": 6.01527547836, "dmean2": 8.50077342987, "mean": 22.387720108, "dvar2": 135.170578003, "min": 1.15883437782e-16}, "spectral_energyband_high": {"dvar": 2.13224012668e-07, "var": 5.95780704771e-07, "median": 0.000501635135151, "max": 0.0110625615343, "dmean": 0.000282756634988, "dmean2": 0.000371827103663, "mean": 0.000715643924195, "dvar2": 3.87024954307e-07, "min": 7.81703450321e-21}, "erbbands_spread": {"dvar": 53.4580688477, "var": 274.505767822, "median": 30.8466663361, "max": 191.270065308, "dmean": 6.40705299377, "dmean2": 9.4745721817, "mean": 33.3653411865, "dvar2": 106.569580078, "min": 3.30983614922}, "dissonance": {"dvar": 0.000280549342278, "var": 0.000724036188331, "median": 0.469352453947, "max": 0.500000119209, "dmean": 0.0173617471009, "dmean2": 0.0292520914227, "mean": 0.462617903948, "dvar2": 0.000752120104153, "min": 0.304689496756}, "spectral_kurtosis": {"dvar": 5.44297981262, "var": 50.520942688, "median": 4.63883304596, "max": 88.6781768799, "dmean": 1.26465046406, "dmean2": 2.01203465462, "mean": 5.84443807602, "dvar2": 15.2666006088, "min": -1.16675257683}, "spectral_skewness": {"dvar": 0.037253703922, "var": 0.472312390804, "median": 1.74739229679, "max": 7.88032054901, "dmean": 0.17619381845, "dmean2": 0.267636567354, "mean": 1.86005532742, "dvar2": 0.088272549212, "min": 0.011536818929}, "pitch_salience": {"dvar": 0.00354049378075, "var": 0.00811580009758, "median": 0.617996454239, "max": 0.852640807629, "dmean": 0.0610754489899, "dmean2": 0.101042054594, "mean": 0.611677885056, "dvar2": 0.00959903374314, "min": 0.192711696029}, "spectral_complexity": {"dvar": 12.562338829, "var": 98.0166549683, "median": 20, "max": 52, "dmean": 3.44690036774, "dmean2": 5.21182966232, "mean": 21.7297649384, "dvar2": 24.9969825745, "min": 0}, "spectral_spread": {"dvar": 474769555456, "var": 13101739016200.0, "median": 4934786, "max": 38972984, "dmean": 550522.75, "dmean2": 763881.875, "mean": 5474697, "dvar2": 870958366720, "min": 985323.375}, "dynamic_complexity": 3.07267808914, "melbands_crest": {"dvar": 8.04905414581, "var": 23.9300346375, "median": 11.032790184, "max": 34.1356163025, "dmean": 2.8117480278, "dmean2": 4.70772695541, "mean": 12.0942392349, "dvar2": 21.9833812714, "min": 2.39921402931}, "zerocrossingrate": {"dvar": 0.000172296058736, "var": 0.00848107412457, "median": 0.05810546875, "max": 0.89599609375, "dmean": 0.0101604619995, "dmean2": 0.0120345158502, "mean": 0.0718623846769, "dvar2": 0.000195406857529, "min": 0.00537109375}, "spectral_energyband_low": {"dvar": 0.000190915015992, "var": 0.000121453500469, "median": 0.00427744165063, "max": 0.102125309408, "dmean": 0.00517217675224, "dmean2": 0.00942494161427, "mean": 0.00663296878338, "dvar2": 0.000539920118172, "min": 9.9320907494e-23}, "melbands_kurtosis": {"dvar": 76.3451690674, "var": 433.680084229, "median": 6.00149965286, "max": 284.05871582, "dmean": 4.68858194351, "dmean2": 8.02656269073, "mean": 10.7167844772, "dvar2": 213.524261475, "min": -1.3466117382}, "spectral_energyband_middle_high": {"dvar": 1.25934011521e-05, "var": 4.70588311146e-05, "median": 0.00438720919192, "max": 0.0934233739972, "dmean": 0.00202838960104, "dmean2": 0.00298705417663, "mean": 0.00670194346458, "dvar2": 2.58459640463e-05, "min": 1.41509105402e-21}, "barkbands_spread": {"dvar": 38.1161842346, "var": 130.942276001, "median": 18.1599502563, "max": 160.17565918, "dmean": 4.57495594025, "dmean2": 7.15036773682, "mean": 19.6088733673, "dvar2": 87.9303359985, "min": 0.488418132067}, "mfcc": {"mean": [-630.268249512, 124.456863403, 7.74203395844, 7.21002578735, -1.03124678135, 1.22168672085, 1.48592555523, 2.94717884064, -3.64808559418, -0.641164064407, -5.3510427475, -0.753559648991, -3.84314227104], "cov": [[11485.8027344, 665.849975586, -1116.49060059, -292.3097229, -272.884002686, -110.668869019, -119.512084961, -9.30649662018, -81.321182251, 41.7668838501, -66.9117202759, 22.0682106018, -27.3271770477], [665.849975586, 884.586853027, 40.0612945557, 11.6315145493, -38.4548072815, -48.9975204468, 17.7595710754, -0.682968735695, -8.55868530273, 0.9278627038, -6.35720300674, 14.1197099686, -6.1410984993], [-1116.49060059, 40.0612945557, 602.466552734, 12.3406200409, 53.6111373901, 27.0075359344, -2.15798473358, 20.3599433899, -6.50916719437, -28.2622528076, -0.951073527336, -19.0324897766, -4.11168336868], [-292.3097229, 11.6315145493, 12.3406200409, 176.859146118, 27.8744297028, 13.9510993958, 5.81798124313, -11.0134239197, 20.0171546936, -15.0575294495, -5.40296363831, 7.33357477188, 15.5373487473], [-272.884002686, -38.4548072815, 53.6111373901, 27.8744297028, 94.5132598877, 29.1516933441, 5.88744068146, 7.96822166443, 12.744348526, 3.38358616829, 3.22865080833, 3.1