{"tonal": {"chords_number_rate": 0.00169962912332, "thpcp": [1, 0.535383522511, 0.096266746521, 0.0725483298302, 0.0657034143806, 0.14063577354, 0.221051678061, 0.157809764147, 0.20919957757, 0.289531260729, 0.1582352072, 0.100418709219, 0.145923063159, 0.116219170392, 0.224422052503, 0.36371281743, 0.212077841163, 0.0488858856261, 0.0303411912173, 0.0494445301592, 0.249014794827, 0.431857049465, 0.307302802801, 0.267847895622, 0.254592806101, 0.109942778945, 0.127487003803, 0.186544850469, 0.152707964182, 0.274663805962, 0.389593780041, 0.214791014791, 0.0782086253166, 0.0810517519712, 0.140630200505, 0.621467411518], "hpcp": {"dvar": [0.0347825847566, 0.0284009426832, 0.0149754825979, 0.0123313125223, 0.0125261619687, 0.0131070744246, 0.0161798074841, 0.0163215957582, 0.0212469808757, 0.0214032121003, 0.0145862046629, 0.0122809903696, 0.00912444200367, 0.0142853045836, 0.0194037612528, 0.0207786727697, 0.0164897926152, 0.0108164949343, 0.00853449758142, 0.0103821111843, 0.0185475833714, 0.0236805398017, 0.0220925025642, 0.0216597914696, 0.0189877208322, 0.0183497350663, 0.0189517587423, 0.0166807882488, 0.021619880572, 0.0251589473337, 0.0281791500747, 0.0255170930177, 0.0199861880392, 0.0208239667118, 0.029952943325, 0.0377371869981], "mean": [0.452664345503, 0.242349028587, 0.0435765236616, 0.0328400433064, 0.0297415945679, 0.063660800457, 0.100062213838, 0.0714348554611, 0.0946971923113, 0.131060481071, 0.0716274380684, 0.0454559698701, 0.0660541653633, 0.0526082739234, 0.101587861776, 0.164639830589, 0.0960000753403, 0.0221288967878, 0.0137343751267, 0.0223817750812, 0.112720116973, 0.195486292243, 0.139105021954, 0.121245197952, 0.115245088935, 0.049767177552, 0.0577088221908, 0.0844422057271, 0.0691254511476, 0.124330505729, 0.176355212927, 0.0972282364964, 0.0354022569954, 0.0366892367601, 0.0636582747102, 0.281316131353], "min": [0, 0, 0, 0, 0, 0, 0, 0, 0, 0, 0, 0, 0, 0, 0, 0, 0, 0, 0, 0, 0, 0, 0, 0, 0, 0, 0, 0, 0, 0, 0, 0, 0, 0, 0, 0], "median": [0.291084617376, 0.14882683754, 0.00363597692922, 0.000478833593661, 0.000540142063983, 0.00488165020943, 0.010005293414, 0.00903639569879, 0.00621394068003, 0.0064944345504, 0.00663982145488, 0.00402891775593, 0.00292203063145, 0.00259706238285, 0.0106087271124, 0.0130821634084, 0.0085753146559, 0.00123670068569, 0.000418678391725, 0.000860725762323, 0.0235494766384, 0.0493333861232, 0.0472172833979, 0.00618571043015, 0.0014429098228, 0.00120422919281, 0.00146639253944, 0.00172444316559, 0.00497143156826, 0.0112174777314, 0.00983720272779, 0.00513445399702, 0.0013797483407, 0.00100664654747, 0.00449148053303, 0.138483166695], "dvar2": [0.0787068530917, 0.0735773295164, 0.0431280583143, 0.0347380973399, 0.0352502539754, 0.0330151170492, 0.0361512675881, 0.0425187721848, 0.0542271509767, 0.0472752042115, 0.035890057683, 0.0349158495665, 0.0238932706416, 0.0406885147095, 0.0464137792587, 0.0457392260432, 0.0406509228051, 0.0293020345271, 0.0238551851362, 0.0283639989793, 0.0452730357647, 0.0512166433036, 0.0562951266766, 0.0571430176497, 0.0450944341719, 0.0525603629649, 0.0536065474153, 0.0425131246448, 0.0616149045527, 0.0648499876261, 0.0650216564536, 0.0676929205656, 0.0561220794916, 0.0569171682, 0.0797355845571, 0.100074231625], "var": [0.180468171835, 0.0656791627407, 0.014198214747, 0.021555390209, 0.0142236705869, 0.0239902734756, 0.050297241658, 0.0254302565008, 0.0405824333429, 0.0748993381858, 0.0262190178037, 0.0166042055935, 0.0419276095927, 0.0245216712356, 0.0390921086073, 0.0878378227353, 0.0348556451499, 0.00885105971247, 0.00582104362547, 0.00814247410744, 0.04199680686, 0.0902753919363, 0.0424606464803, 0.0606772899628, 0.0629814341664, 0.018229002133, 0.0246297586709, 0.0495728552341, 0.0289026461542, 0.0542984120548, 0.102628737688, 0.0374440029263, 0.0148442406207, 0.0174902174622, 0.0265858508646, 0.0934076979756], "dmean2": [0.169096454978, 0.187850266695, 0.0857659801841, 0.0492958165705, 0.0541404038668, 0.0712692067027, 0.0782376006246, 0.086302921176, 0.101080164313, 0.0924663469195, 0.0795714855194, 0.0636451244354, 0.0447530858219, 0.0731013193727, 0.100834719837, 0.0986364856362, 0.0905661731958, 0.0485327541828, 0.0347024090588, 0.0505492165685, 0.0986641794443, 0.116386592388, 0.127616778016, 0.110499568284, 0.090828076005, 0.0881347581744, 0.0887276306748, 0.0772347003222, 0.105371385813, 0.126588582993, 0.120292596519, 0.121744543314, 0.0865851715207, 0.0862576663494, 0.136507064104, 0.219468101859], "max": [1, 1, 1, 1, 1, 1, 1, 1, 1, 1, 1, 1, 1, 1, 1, 1, 1, 1, 1, 1, 1, 1, 1, 1, 1, 1, 1, 1, 1, 1, 1, 1, 1, 1, 1, 1], "dmean": [0.102158173919, 0.112873934209, 0.0473750755191, 0.0265384502709, 0.0304417647421, 0.0426195412874, 0.0485491938889, 0.0520456470549, 0.0608344227076, 0.0566370487213, 0.0484503209591, 0.0358406528831, 0.0260213632137, 0.0415900498629, 0.0612251460552, 0.0614986941218, 0.0554088577628, 0.0268745478243, 0.0189451146871, 0.0281385928392, 0.0601821243763, 0.0733906179667, 0.078100591898, 0.0654195323586, 0.0542692430317, 0.0493703708053, 0.0501380115747, 0.0446894429624, 0.0602051466703, 0.0751228481531, 0.0716435387731, 0.0702164471149, 0.0472359769046, 0.0470868907869, 0.0771960318089, 0.12948282063]}, "key_strength": 0.671068787575, "chords_strength": {"dvar": 5.11575854034e-05, "mean": 0.506113350391, "min": 0.229886367917, "median": 0.501940131187, "dvar2": 3.65655832866e-05, "var": 0.0083288224414, "dmean2": 0.00571061251685, "max": 0.733834087849, "dmean": 0.00840054545552}, "tuning_equal_tempered_deviation": 0.00993157643825, "chords_key": "A", "tuning_frequency": 440, "chords_scale": "minor", "chords_changes_rate": 0.0480531528592, "key_scale": "minor", "tuning_diatonic_strength": 0.485720217228, "hpcp_entropy": {"dvar": 0.186002314091, "mean": 1.40774905682, "min": 0, "median": 1.47523725033, "dvar2": 0.453924030066, "var": 0.550245046616, "dmean2": 0.686039447784, "max": 4.14435958862, "dmean": 0.411808222532}, "chords_histogram": [12.0828180313, 3.33745360374, 32.3547592163, 9.06983947754, 3.5228676796, 7.12299156189, 1.2515450716, 7.10754013062, 3.19839310646, 16.8881340027, 0.74165636301, 0.154511749744, 0, 0.185414090753, 0, 0, 0.0154511742294, 0, 0, 0, 0.432632893324, 0, 0.865265786648, 1.66872680187], "tuning_nontempered_energy_ratio": 0.611039757729, "key_key": "D"}, "metadata": {"version": {"extractor": "music 1.0", "essentia_build_sha": "2d9f1f26377add8aeb1075a9c2973f962c4f09fd", "essentia": "2.1-beta2", "essentia_git_sha": "v2.1_beta2-1-ge3940c0"}, "audio_properties": {"sample_rate": 44100, "length": 300.489440918, "lossless": false, "analysis_sample_rate": 44100, "downmix": "mix", "bit_rate": 127997, "equal_loudness": 0, "md5_encoded": "864f2b51bf6852a2d1d57e59fe608e52", "codec": "aac", "replay_gain": -11.330499649}, "tags": {"barcode": ["5033197247328"], "title": ["Sailor Song"], "genre": ["Singer/Songwriter"], "catalognumber": ["VVR1024732"], "date": ["2003"], "musicbrainz_recordingid": ["1a42922e-2ad0-4614-bc74-6446ff54cf89"], "albumartistsort": ["Rickie Lee Jones"], "musicbrainz_releasegroupid": ["7e8aceb5-fc34-3ff7-b6a1-b228d0c08e8b"], "media": ["CD"], "tracknumber": ["7/12"], "discnumber": ["1/1"], "artistsort": ["Rickie Lee Jones"], "label": ["V2"], "artist": ["Rickie Lee Jones"], "musicbrainz_albumartistid": ["9cd9232e-7a3e-4eb9-8043-ee05c1e396ec"], "musicbrainz_artistid": ["9cd9232e-7a3e-4eb9-8043-ee05c1e396ec"], "script": ["Latin"], "musicbrainz_albumid": ["38105434-2eef-4cd9-a216-ad7bcf441ac7"], "file_name": "07. Sailor Song_5-00.m4a", "language": ["English"], "album": ["The Evening Of My Best Day"]}}, "lowlevel": {"melbands": {"dvar": [3.17072647249e-07, 2.28279691328e-06, 7.46453508782e-07, 9.12011273613e-07, 5.52726149294e-08, 3.06151974883e-08, 2.07815293862e-08, 2.21082014917e-08, 8.51661852153e-09, 9.90539117396e-09, 4.85709321651e-08, 6.81952911918e-08, 3.5932746556e-08, 1.13055156348e-08, 2.86550472239e-09, 9.83685910505e-10, 5.74508352003e-09, 9.92995463633e-09, 2.43657005683e-09, 1.43155065579e-09, 2.65237248831e-10, 2.24253497716e-11, 1.43404706512e-11, 2.59779055906e-11, 7.49887721363e-11, 2.46866416198e-11, 2.89467972162e-12, 2.88182867327e-12, 6.88555462647e-12, 9.24462503077e-12, 5.56094450002e-12, 2.57414879343e-12, 9.89975571138e-13, 5.80485366806e-13, 4.5139789801e-13, 9.37450095849e-13, 5.40310905826e-13, 7.49110354911e-13, 3.87671557182e-13, 4.15971022818e-13], "mean": [0.000297150429105, 0.000889475108124, 0.000503593008034, 0.000445791665697, 0.000235657003941, 0.000175527544343, 0.000152903594426, 8.36740218801e-05, 8.29480850371e-05, 9.52153568505e-05, 0.000230463847402, 0.000405678583775, 0.000123254416394, 6.48150962661e-05, 4.27607155871e-05, 1.99380829145e-05, 3.06382789859e-05, 5.79281986575e-05, 3.21644984069e-05, 2.58397121797e-05, 1.74256019818e-05, 3.37111214321e-06, 3.83649285141e-06, 5.57010071134e-06, 6.18941157882e-06, 4.40475150754e-06, 1.5903979147e-06, 1.38715154208e-06, 2.14102010432e-06, 2.5655092486e-06, 1.57286206104e-06, 1.35791526645e-06, 7.8659763858e-07, 3.39153729101e-07, 2.0950670887e-07, 2.31257573091e-07, 1.90817885937e-07, 2.0881520868e-07, 2.02204475386e-07, 2.17514937617e-07], "min": [9.60083401358e-24, 1.44694003195e-23, 4.29187742981e-24, 4.67942388773e-24, 3.50952936022e-24, 8.57462931666e-24, 8.24019883564e-24, 2.18229928618e-24, 5.31463953773e-24, 2.30385900458e-24, 5.47292566165e-24, 6.22001085992e-24, 8.20587076449e-24, 6.30405688962e-24, 6.59161917211e-24, 9.32548527005e-24, 8.23293106012e-24, 8.52730397324e-24, 5.48004631461e-24, 5.07975462548e-24, 7.9772115425e-24, 6.43468397249e-24, 8.91910909675e-24, 6.49885544054e-24, 4.99723780264e-24, 1.0711488637e-23, 5.54515692158e-24, 6.99999905211e-24, 1.05248070703e-23, 8.41028434655e-24, 1.12138652381e-23, 1.21164554312e-23, 4.92362327512e-24, 7.12641243445e-24, 6.277419029e-24, 1.01532441176e-23, 7.09021081864e-24, 8.10986560346e-24, 1.20184363083e-23, 1.34776570113e-23], "median": [5.78452381887e-05, 0.000258933869191, 0.000161907693837, 9.97909155558e-05, 6.86705607222e-05, 5.00097521581e-05, 3.88498774555e-05, 1.24221023725e-05, 7.01547014614e-06, 6.91773539074e-06, 6.20562605036e-06, 8.26140967547e-06, 2.76398327514e-06, 1.05981337128e-06, 1.81518703357e-06, 1.05919934867e-06, 4.68257326247e-07, 7.15448777555e-07, 5.94750531491e-07, 4.19856405642e-07, 2.5312147045e-07, 1.56148644237e-07, 1.68159090208e-07, 1.37724356364e-07, 1.60978785857e-07, 1.78972811682e-07, 1.32073367354e-07, 1.07020021289e-07, 1.23003388808e-07, 8.71288747817e-08, 6.5181289699e-08, 4.6773863005e-08, 3.12142987013e-08, 2.27648548901e-08, 1.82412396299e-08, 1.31173916174e-08, 9.4665661976e-09, 1.03728421408e-08, 1.26382682097e-08, 1.29603794363e-08], "dvar2": [8.29076157061e-07, 5.54471807845e-06, 1.92355082618e-06, 2.31967646869e-06, 1.41399709719e-07, 7.38536272138e-08, 4.4041900793e-08, 4.51024391168e-08, 1.59969122393e-08, 1.47339624945e-08, 7.62067529081e-08, 9.94577717961e-08, 6.76549092304e-08, 1.64129687619e-08, 4.79862949376e-09, 1.77651526823e-09, 9.51810985583e-09, 1.78203016787e-08, 4.34255342796e-09, 3.07234593322e-09, 4.27842344886e-10, 3.87103404886e-11, 3.04675798479e-11, 5.19113640962e-11, 1.42973785588e-10, 4.6017387817e-11, 6.59306116646e-12, 6.10944541485e-12, 1.58065210226e-11, 1.92157019463e-11, 1.22362519422e-11, 5.00594314265e-12, 2.08718610971e-12, 1.15643887695e-12, 9.89523892513e-13, 2.04150758798e-12, 1.11324133505e-12, 1.70582027236e-12, 7.80520233949e-13, 9.19928196119e-13], "var": [5.14427483722e-07, 4.19860634793e-06, 1.34059723678e-06, 1.50807909449e-06, 1.68660719169e-07, 1.09119753233e-07, 9.70634346231e-08, 8.87721327558e-08, 6.38201242964e-08, 1.37896307706e-07, 4.70001026542e-07, 1.63576237355e-06, 3.14386966238e-07, 8.18461813878e-08, 1.80060126809e-08, 4.68134198073e-09, 3.03307601257e-08, 7.75131496766e-08, 1.54321675438e-08, 1.38065114896e-08, 5.18616660727e-09, 1.35787492361e-10, 1.49688497708e-10, 3.07600223071e-10, 3.64130392505e-10, 1.48886361573e-10, 1.21841824824e-11, 1.15976438522e-11, 3.28650336112e-11, 8.60445742434e-11, 2.46173532947e-11, 1.62594330361e-11, 5.90132370054e-12, 1.75487109653e-12, 8.99768161453e-13, 1.8069208239e-12, 1.14721448487e-12, 1.24250447171e-12, 8.86384444575e-13, 8.37072869787e-13], "dmean2": [0.000210039521335, 0.000652060960419, 0.000376592157409, 0.000395472481614, 0.000124560086988, 9.0501838713e-05, 6.2057566538e-05, 4.65304583486e-05, 2.86650974886e-05, 2.96026391879e-05, 6.55205149087e-05, 8.30635690363e-05, 4.60867304355e-05, 2.55992854363e-05, 1.83982992894e-05, 1.00990600913e-05, 1.30983407871e-05, 2.25330622925e-05, 1.39844833029e-05, 9.87371095107e-06, 5.44657950741e-06, 1.68507426679e-06, 1.65420419762e-06, 2.0003649297e-06, 2.59539069702e-06, 1.9222204628e-06, 7.63415528127e-07, 6.89050523306e-07, 1.06392940324e-06, 1.06217021312e-06, 7.45738930163e-07, 6.07300762567e-07, 3.65626164012e-07, 2.18572580479e-07, 1.67102243154e-07, 2.00875035716e-07, 1.59527502319e-07, 1.82582624575e-07, 1.53723121343e-07, 1.60484688649e-07], "max": [0.0164898894727, 0.0528692379594, 0.0286206100136, 0.0296583101153, 0.0111776804551, 0.00616217870265, 0.00564803462476, 0.0102352052927, 0.00511200120673, 0.00620696600527, 0.0090151168406, 0.00937312934548, 0.00785435084254, 0.00796344224364, 0.00285309692845, 0.00123293627985, 0.00568099785596, 0.00503770308569, 0.00187444151379, 0.00247500254773, 0.00116269721184, 0.000277565530268, 0.000182280127774, 0.000299017527141, 0.000465660967166, 0.000273495359579, 6.71793386573e-05, 0.000106762032374, 0.000138070259709, 0.000230912657571, 0.00016541891091, 6.49808571325e-05, 3.6525678297e-05, 2.59786775132e-05, 3.26709850924e-05, 5.11792495672e-05, 3.9294223825e-05, 4.05910686823e-05, 2.58346408373e-05, 2.7420657716e-05], "dmean": [0.000132951172418, 0.000425924168667, 0.000237091371673, 0.00023934955243, 8.11771678855e-05, 6.13666852587e-05, 4.50134539278e-05, 3.21063889714e-05, 2.29965626204e-05, 2.44641032623e-05, 5.32515805389e-05, 6.78598080412e-05, 3.47173263435e-05, 2.05169326364e-05, 1.39346466312e-05, 7.55753717385e-06, 9.73481201072e-06, 1.64395642059e-05, 1.00376391856e-05, 7.21924971003e-06, 4.08118467021e-06, 1.18839886909e-06, 1.12098643967e-06, 1.39772453167e-06, 1.88778665233e-06, 1.35441030125e-06, 5.22346681464e-07, 4.69372736234e-07, 7.31951672606e-07, 7.4266148431e-07, 5.17487194429e-07, 4.25383433367e-07, 2.57322682273e-07, 1.49892201762e-07, 1.12691203924e-07, 1.38459242294e-07, 1.11322542296e-07, 1.24223205944e-07, 1.07767171187e-07, 1.10704945655e-07]}, "spectral_decrease": {"dvar": 4.52517095031e-18, "mean": -3.72560737816e-09, "min": -6.46550120109e-08, "median": -1.80758186197e-09, "dvar2": 1.01698224991e-17, "var": 2.27030737161e-17, "dmean2": 1.15557197145e-09, "max": 1.50896346327e-28, "dmean": 7.98237753674e-10}, "spectral_rolloff": {"dvar": 411746.625, "mean": 855.569702148, "min": 21.533203125, "median": 495.263671875, "dvar2": 849966.5, "var": 1365623.125, "dmean2": 281.000549316, "max": 18755.4199219, "dmean": 168.058258057}, "melbands_crest": {"dvar": 6.4972949028, "mean": 16.7956237793, "min": 1.86277413368, "median": 16.0465259552, "dvar2": 16.9703044891, "var": 33.7077026367, "dmean2": 3.71777796745, "max": 37.3775978088, "dmean": 2.36126255989}, "barkbands_skewness": {"dvar": 0.348805397749, "mean": 1.90011310577, "min": -4.12590742111, "median": 1.71188259125, "dvar2": 0.7964605093, "var": 2.46912550926, "dmean2": 0.654830157757, "max": 18.8239917755, "dmean": 0.441648751497}, "spectral_centroid": {"dvar": 48738.6523438, "mean": 767.839111328, "min": 119.39516449, "median": 524.599365234, "dvar2": 80786.6875, "var": 419837.625, "dmean2": 139.264358521, "max": 10856.2822266, "dmean": 97.9777374268}, "spectral_energyband_middle_low": {"dvar": 2.49609001912e-05, "mean": 0.00591497821733, "min": 2.64748939447e-22, "median": 0.00285546900705, "dvar2": 5.94424636802e-05, "var": 8.17684267531e-05, "dmean2": 0.00252440711483, "max": 0.181599974632, "dmean": 0.00167099619284}, "erbbands_crest": {"dvar": 4.86499166489, "mean": 13.3094863892, "min": 2.2105038166, "median": 12.1174707413, "dvar2": 11.4720602036, "var": 32.9452590942, "dmean2": 3.05987811089, "max": 33.3003120422, "dmean": 2.04015016556}, "dynamic_complexity": 7.64529466629, "spectral_energyband_low": {"dvar": 3.01889704133e-05, "mean": 0.00375248398632, "min": 8.16257539588e-23, "median": 0.0013225725852, "dvar2": 7.27371661924e-05, "var": 5.88065668126e-05, "dmean2": 0.00243225926533, "max": 0.170070916414, "dmean": 0.00159673276357}, "silence_rate_60dB": {"dvar": 0.0377071648836, "mean": 0.32197496295, "min": 0, "median": 0, "dvar2": 0.083173558116, "var": 0.218304648995, "dmean2": 0.0785162299871, "max": 1, "dmean": 0.0392550826073}, "erbbands_kurtosis": {"dvar": 4.65262937546, "mean": 3.54933524132, "min": -1.84744989872, "median": 2.17690896988, "dvar2": 10.6798696518, "var": 22.6191921234, "dmean2": 2.05971288681, "max": 71.0677871704, "dmean": 1.3747895956}, "spectral_complexity": {"dvar": 1.590015769, "mean": 7.9595117569, "min": 0, "median": 7, "dvar2": 3.37566256523, "var": 31.7545318604, "dmean2": 1.58191657066, "max": 40, "dmean": 0.973495066166}, "barkbands_crest": {"dvar": 3.95427656174, "mean": 12.3982143402, "min": 3.06405806541, "median": 11.8255882263, "dvar2": 10.2151479721, "var": 19.5819301605, "dmean2": 2.81524181366, "max": 26.4235115051, "dmean": 1.80604374409}, "spectral_energy": {"dvar": 6.75325354678e-05, "mean": 0.0150861600414, "min": 1.06669819062e-20, "median": 0.00710981432348, "dvar2": 0.00015026301844, "var": 0.00037474418059, "dmean2": 0.00451890612021, "max": 0.248638033867, "dmean": 0.00314253382385}, "spectral_spread": {"dvar": 446606704640, "mean": 3966259.25, "min": 812006.5625, "median": 3620948.25, "dvar2": 755611926528, "var": 3006169874430.0, "dmean2": 645842.25, "max": 41627708, "dmean": 437798.1875}, "spectral_contrast_valleys": {"dvar": [0.113648973405, 0.0673756077886, 0.0756366625428, 0.0749933198094, 0.080644890666, 0.111781470478], "mean": [-8.24389743805, -8.13334941864, -9.12028694153, -9.88001537323, -9.82986927032, -12.2419013977], "min": [-27.0872249603, -27.2625579834, -27.2501773834, -27.1135482788, -27.1271896362, -27.2419013977], "median": [-8.17861747742, -8.03645133972, -8.96968173981, -9.73950099945, -9.5821018219, -12.2666091919], "dvar2": [0.277393102646, 0.154230624437, 0.166650220752, 0.157224491239, 0.153356209397, 0.19381454587], "var": [1.46700358391, 1.66799652576, 1.75222957134, 1.68887984753, 1.80012774467, 1.6810489893], "dmean2": [0.6003485322, 0.450861752033, 0.462008088827, 0.430053412914, 0.399693608284, 0.429034918547], "max": [-4.97623252869, -4.94678926468, -5.52996730804, -6.18207359314, -6.2914147377, -7.84278011322], "dmean": [0.365352541208, 0.276165962219, 0.285842359066, 0.270469129086, 0.263725787401, 0.309508085251]}, "spectral_rms": {"dvar": 3.4415444361e-07, "mean": 0.00314849405549, "min": 3.22595899646e-12, "median": 0.00263370550238, "dvar2": 6.76343631767e-07, "var": 4.8052670536e-06, "dmean2": 0.000488842313644, "max": 0.0155747774988, "dmean": 0.000348905712599}, "barkbands_spread": {"dvar": 26.11769104, "mean": 10.3585882187, "min": 0.219664901495, "median": 7.43629169464, "dvar2": 54.5017127991, "var": 124.464012146, "dmean2": 3.39198613167, "max": 102.641670227, "dmean": 2.29661273956}, "pitch_salience": {"dvar": 0.0028998432681, "mean": 0.496873408556, "min": 0.0824456885457, "median": 0.497823864222, "dvar2": 0.00734389713034, "var": 0.0154958050698, "dmean2": 0.080087788403, "max": 0.836429715157, "dmean": 0.0511002391577}, "erbbands_skewness": {"dvar": 0.127090722322, "mean": 1.10104990005, "min": -4.59674930573, "median": 1.07703876495, "dvar2": 0.264038145542, "var": 0.92695337534, "dmean2": 0.440480411053, "max": 6.96483898163, "dmean": 0.301886916161}, "spectral_energyband_middle_high": {"dvar": 6.20325408818e-06, "mean": 0.00589078385383, "min": 1.36156665227e-21, "median": 0.000288400100544, "dvar2": 9.89180443867e-06, "var": 0.000162154974532, "dmean2": 0.00113038858399, "max": 0.0784973725677, "dmean": 0.000896068115253}, "erbbands": {"dvar": [0.00305199273862, 0.513411819935, 13.1349468231, 17.3808517456, 163.994171143, 116.367912292, 43.4155197144, 64.1812438965, 104.867980957, 168.525543213, 101.966659546, 269.817779541, 1860.2253418, 3505.47558594, 3196.91577148, 971.678955078, 443.146270752, 1081.76208496, 3808.04638672, 559.301940918, 258.003143311, 11.3865947723, 10.2592744827, 80.429977417, 16.8715114594, 5.35618638992, 13.1590452194, 13.1844091415, 5.73538303375, 2.03911352158, 1.44093954563, 1.63238143921, 1.15468204021, 0.478199392557, 0.127255529165, 0.0354572273791, 0.0123911472037, 0.00068637978984, 2.69960906962e-07, 3.01170283157e-10], "mean": [0.0260436553508, 0.371967226267, 2.06395840645, 2.54396986961, 4.82646608353, 6.47451543808, 6.48018550873, 7.56962203979, 10.5081682205, 7.84043598175, 8.81631851196, 16.5438594818, 44.0681304932, 93.6743392944, 39.7975234985, 21.0961647034, 15.2821979523, 15.8000802994, 38.3705558777, 18.8269786835, 17.6457118988, 4.06054115295, 4.22756481171, 7.73266077042, 4.87486171722, 2.27266097069, 3.52064204216, 3.10325360298, 2.23143601418, 0.853899538517, 0.392924666405, 0.338239580393, 0.298401355743, 0.25041654706, 0.132592067122, 0.0486087575555, 0.020364549011, 0.0034479717724, 7.72571438574e-05, 2.01513084903e-05], "min": [9.32783364586e-22, 4.18882283103e-21, 2.52820064032e-20, 2.31311251687e-20, 2.83225058463e-20, 1.19488216962e-19, 8.68378924573e-20, 3.99887335647e-19, 5.89308593994e-19, 2.14138991863e-19, 6.21256222106e-19, 4.06221471187e-19, 1.22155634038e-18, 1.75364419851e-18, 2.3949583614e-18, 2.57274429046e-18, 4.50810828222e-18, 4.35036287146e-18, 5.0221166605e-18, 3.58826358873e-18, 6.11618213461e-18, 6.37188392788e-18, 8.27541097864e-18, 7.41756099052e-18, 1.15703939589e-17, 1.07434168328e-17, 1.61019259281e-17, 1.73019763997e-17, 1.68633638799e-17, 1.11528968786e-17, 1.46989912133e-17, 1.31733483905e-17, 1.25463231523e-17, 1.58170879385e-17, 9.1827387751e-18, 5.53517254031e-18, 3.35187584238e-18, 1.54102011039e-18, 3.07907307223e-19, 3.59175102097e-20], "median": [0.0033731921576, 0.0831289291382, 0.582827448845, 0.825496613979, 1.07412981987, 1.45648431778, 1.77791833878, 2.30778312683, 2.68286085129, 1.52461385727, 0.967528700829, 1.77501046658, 1.92931246758, 2.35431933403, 1.17474961281, 0.720026135445, 0.806599497795, 0.444102406502, 0.516818284988, 0.459496051073, 0.268682897091, 0.184411138296, 0.175701826811, 0.220482170582, 0.240700483322, 0.193305134773, 0.194503605366, 0.132757723331, 0.0812551230192, 0.0540340393782, 0.0348799526691, 0.0216551907361, 0.0181151144207, 0.0168903395534, 0.00925966631621, 0.00275195157155, 0.000732862390578, 0.000106294159195, 7.17739840184e-06, 8.66715527081e-06], "dvar2": [0.0084527079016, 1.31142139435, 31.525806427, 44.8692054749, 421.504821777, 298.676422119, 107.138511658, 159.512939453, 221.717697144, 360.266723633, 189.321487427, 397.107177734, 2897.53466797, 5202.79248047, 5851.51953125, 1245.59277344, 797.573181152, 1774.5604248, 6681.99023438, 1010.66705322, 459.276092529, 20.659286499, 20.0119285583, 153.117218018, 30.8245582581, 11.176197052, 27.9829082489, 26.6519699097, 10.8615932465, 4.06641292572, 2.95099258423, 3.33577418327, 2.51756477356, 0.960281550884, 0.260805428028, 0.0700482726097, 0.0263537205756, 0.00158028281294, 6.19948878011e-07, 6.10035577608e-10], "var": [0.0050523141399, 0.821052908897, 24.621837616, 31.6527938843, 232.689743042, 244.585327148, 144.860580444, 206.753128052, 468.646820068, 659.780395508, 585.10736084, 4366.49560547, 17779.1132813, 81531.671875, 32760.2871094, 7340.53759766, 2660.21508789, 5862.98876953, 33231.7421875, 4271.48095703, 5022.39794922, 137.615478516, 137.693313599, 480.351287842, 148.688674927, 26.9341564178, 82.6373596191, 92.3395690918, 41.612071991, 7.98149681091, 3.23832511902, 3.65064811707, 2.21784448624, 1.11652779579, 0.28413900733, 0.0633348375559, 0.0186122935265, 0.00085647625383, 3.34301887506e-07, 9.79373582233e-10], "dmean2": [0.0176503956318, 0.28101298213, 1.56002664566, 1.9079220295, 4.73182058334, 4.99395275116, 3.29918336868, 4.09118938446, 4.33164787292, 4.30381822586, 3.28629755974, 4.64246892929, 12.1791973114, 19.4427986145, 13.4845104218, 8.0057964325, 6.68387365341, 6.25747871399, 14.044919014, 7.21863889694, 5.06775093079, 1.43581116199, 1.4036231041, 2.84260869026, 1.84957909584, 1.00210368633, 1.44681155682, 1.21510112286, 0.916723072529, 0.432658463717, 0.28430262208, 0.264531880617, 0.232329025865, 0.169714227319, 0.0937930271029, 0.0389560498297, 0.0195392835885, 0.00376704032533, 7.62498384574e-05, 6.59559782434e-06], "max": [1.89646661282, 21.0491847992, 136.774383545, 118.841712952, 541.016845703, 307.137908936, 294.196960449, 286.745056152, 372.916687012, 843.985595703, 525.517333984, 1154.96557617, 1768.47583008, 2120.99951172, 2693.21655273, 2426.00512695, 936.591247559, 2470.75610352, 2715.80102539, 1185.98022461, 1070.66467285, 194.958953857, 189.360107422, 495.804595947, 185.927932739, 135.750366211, 201.400863647, 245.22883606, 97.2673034668, 55.4356536865, 47.5659255981, 76.8197097778, 47.5584373474, 28.8953533173, 16.6561985016, 8.12096595764, 4.22283363342, 1.31565666199, 0.02502739802, 0.000730667845346], "dmean": [0.0110043315217, 0.18078751862, 1.01671409607, 1.18127799034, 2.90265130997, 3.01353383064, 2.20923018456, 2.72617912292, 3.13666677475, 2.93885159492, 2.63836693764, 3.86915850639, 9.91202068329, 15.7807731628, 10.2777299881, 6.36323070526, 5.05114936829, 4.68143129349, 10.2699012756, 5.33861875534, 3.81666398048, 1.01798260212, 0.988414645195, 2.06594538689, 1.30626440048, 0.690329790115, 1.01806783676, 0.868870258331, 0.655726611614, 0.308937430382, 0.198195159435, 0.190474882722, 0.163316592574, 0.1223276034, 0.0668263286352, 0.0286432784051, 0.0138595923781, 0.0025829160586, 5.20434950886e-05, 4.74773969472e-06]}, "dissonance": {"dvar": 0.000717776361853, "mean": 0.410698056221, "min": 0.178917557001, "median": 0.417449295521, "dvar2": 0.00190932431724, "var": 0.00248305173591, "dmean2": 0.0470555499196, "max": 0.5, "dmean": 0.0283877309412}, "erbbands_flatness_db": {"dvar": 0.00023095405777, "mean": 0.205303966999, "min": 0.0406127646565, "median": 0.207409471273, "dvar2": 0.000448968785349, "var": 0.00290494668297, "dmean2": 0.018585247919, "max": 0.371633708477, "dmean": 0.0131339235231}, "melbands_kurtosis": {"dvar": 170.644668579, "mean": 17.9825725555, "min": -1.80926191807, "median": 8.61734199524, "dvar2": 393.16394043, "var": 1248.49609375, "dmean2": 9.19257831573, "max": 450.114227295, "dmean": 6.04781246185}, "melbands_spread": {"dvar": 69.6532745361, "mean": 12.7169075012, "min": 0.326389819384, "median": 8.02894973755, "dvar2": 132.50743103, "var": 263.102905273, "dmean2": 4.17543268204, "max": 225.463348389, "dmean": 2.8305888176}, "melbands_skewness": {"dvar": 0.491633713245, "mean": 2.36454629898, "min": -2.26210856438, "median": 2.08100533485, "dvar2": 1.09354960918, "var": 3.95914626122, "dmean2": 0.75644659996, "max": 16.0943622589, "dmean": 0.512323081493}, "spectral_entropy": {"dvar": 0.0377497188747, "mean": 6.5336022377, "min": 4.31728315353, "median": 6.49506998062, "dvar2": 0.0743820667267, "var": 0.434474676847, "dmean2": 0.236659795046, "max": 9.8024892807, "dmean": 0.161077335477}, "zerocrossingrate": {"dvar": 0.000115700931929, "mean": 0.0353907682002, "min": 0.001953125, "median": 0.02734375, "dvar2": 0.00011047811131, "var": 0.00119082210585, "dmean2": 0.00621743546799, "max": 0.5107421875, "dmean": 0.00539950560778}, "average_loudness": 0.387478917837, "spectral_contrast_coeffs": {"dvar": [0.00116456008982, 0.000834784470499, 0.000768268073443, 0.000556556973606, 0.000433826295193, 0.000320132065099], "mean": [-0.623782455921, -0.677329897881, -0.682920277119, -0.733071267605, -0.773379921913, -0.75470918417], "min": [-0.9571159482, -0.976774513721, -0.984186470509, -0.983683884144, -0.981566488743, -0.980143547058], "median": [-0.630430579185, -0.681809902191, -0.712310194969, -0.753343701363, -0.792323350906, -0.771254897118], "dvar2": [0.00307322363369, 0.0020072364714, 0.00163164001424, 0.0012439256534, 0.000967937696259, 0.00064788403688], "var": [0.00891224946827, 0.00720976898447, 0.0147444615141, 0.0107206590474, 0.00745388120413, 0.00676518632099], "dmean2": [0.064752548933, 0.050705820322, 0.0449302606285, 0.0409809276462, 0.0348710231483, 0.0294950734824], "max": [-0.306800425053, -0.337296068668, -0.34063372016, -0.394096314907, -0.444863349199, -0.461675077677], "dmean": [0.0388774089515, 0.031770195812, 0.0289225708693, 0.0260387118906, 0.0222004987299, 0.0195918250829]}, "barkbands_flatness_db": {"dvar": 0.000405601691455, "mean": 0.222628578544, "min": 0.0336208418012, "median": 0.217472359538, "dvar2": 0.000844751135446, "var": 0.00495349615812, "dmean2": 0.0255339331925, "max": 0.523333311081, "dmean": 0.0171411670744}, "silence_rate_30dB": {"dvar": 0.00323532894254, "mean": 0.996522963047, "min": 0, "median": 1, "dvar2": 0.00737806828693, "var": 0.00346467923373, "dmean2": 0.00649149902165, "max": 1, "dmean": 0.00324549875222}, "spectral_energyband_high": {"dvar": 7.13258572205e-08, "mean": 0.000232514823438, "min": 7.9488954939e-21, "median": 1.63631120813e-05, "dvar2": 1.25999960687e-07, "var": 3.50644853597e-07, "dmean2": 8.7622232968e-05, "max": 0.0117462417111, "dmean": 6.74024195177e-05}, "melbands_flatness_db": {"dvar": 0.000569700670894, "mean": 0.302008539438, "min": 0.00397682888433, "median": 0.29042673111, "dvar2": 0.00112875679042, "var": 0.00879297498614, "dmean2": 0.0275142304599, "max": 0.678545117378, "dmean": 0.0189190916717}, "barkbands": {"dvar": [2.39187603057e-08, 6.60080922898e-06, 1.14377953651e-05, 3.44377576766e-06, 1.29869185912e-05, 7.67028893733e-07, 3.61561831141e-07, 3.90583778653e-07, 4.72401154639e-07, 3.31175465362e-06, 1.81945028999e-06, 5.29868600552e-07, 2.0974611914e-07, 5.36638424364e-07, 1.10605458303e-06, 1.68024826053e-07, 8.5961469054e-09, 1.29631647638e-08, 1.73360081845e-08, 2.76325051729e-09, 8.84161988068e-09, 3.61930618809e-09, 1.72703684687e-09, 3.57997786971e-09, 2.78688716548e-09, 2.79499157152e-09, 3.87030893445e-11], "mean": [4.0316288505e-05, 0.00136488967109, 0.00193615397438, 0.00081835500896, 0.00192504306324, 0.000947400811128, 0.000610290269833, 0.000391504639992, 0.000597382429987, 0.00308111053891, 0.000840071996208, 0.000386421364965, 0.000286296883132, 0.000273529061815, 0.000707536237314, 0.000323054991895, 8.23433147161e-05, 0.000115772716526, 0.000106441279058, 4.28261919296e-05, 9.42594415392e-05, 5.22972077306e-05, 1.40352449307e-05, 1.67835751199e-05, 2.05567266676e-05, 1.09846614578e-05, 5.27185477495e-07], "min": [2.63207006678e-23, 2.02152580493e-23, 3.50045193778e-23, 1.03362846968e-24, 3.96580887438e-23, 4.04194341807e-23, 2.14349206281e-23, 2.58610755946e-23, 1.65866966783e-23, 2.99782258559e-23, 5.76199971718e-23, 5.43870432338e-23, 1.02109776919e-22, 9.23720021739e-23, 7.28177685424e-23, 9.42592919362e-23, 1.15893915858e-22, 1.35853952161e-22, 2.05894160389e-22, 2.12493682369e-22, 3.73059819413e-22, 5.06261494993e-22, 5.90295502456e-22, 6.17981920143e-22, 1.40108623597e-21, 1.69622532866e-21, 2.49149324856e-21], "median": [2.3447885269e-06, 0.000287836766802, 0.000525236304384, 0.00019238650566, 0.000470434577437, 0.000269543845206, 0.000161253250553, 2.6470514058e-05, 4.00339413318e-05, 6.81718520354e-05, 1.49900652104e-05, 6.3459683588e-06, 1.18656771519e-05, 5.0569715313e-06, 9.57798329182e-06, 4.04798174714e-06, 3.58979650628e-06, 2.86664271698e-06, 4.6027771532e-06, 3.62139007848e-06, 4.17872024627e-06, 2.24703285312e-06, 1.26652969357e-06, 1.00726310848e-06, 1.50194250637e-06, 4.79379082208e-07, 8.78482886435e-09], "dvar2": [6.36867270032e-08, 1.68842652783e-05, 2.80087369902e-05, 9.35651769396e-06, 3.28820788127e-05, 1.851794309e-06, 8.03156524398e-07, 7.00704504197e-07, 7.49495654873e-07, 5.26188114236e-06, 3.46234514836e-06, 7.69858900185e-07, 3.96414350234e-07, 9.85782094176e-07, 1.95634015654e-06, 3.59071350431e-07, 1.78766423886e-08, 2.76980340885e-08, 3.22273230324e-08, 5.83782977515e-09, 1.75678156467e-08, 7.16120940325e-09, 3.44297967914e-09, 7.54095896838e-09, 5.36837196918e-09, 5.84764814349e-09, 9.51682690986e-11], "var": [2.90757480315e-08, 1.07500227386e-05, 2.12967115658e-05, 5.01864769831e-06, 2.25340427278e-05, 2.833787903e-06, 1.59311991865e-06, 1.83833662959e-06, 6.09621292824e-06, 7.05111597199e-05, 1.59648352565e-05, 3.40245014741e-06, 1.08689800982e-06, 2.31599869949e-06, 9.14314659894e-06, 2.13066800825e-06, 5.95681051152e-08, 1.14187002964e-07, 7.83154092687e-08, 1.06340163342e-08, 7.899719634e-08, 2.12581152681e-08, 4.2730050609e-09, 7.4440293929e-09, 6.92486468168e-09, 4.4101313712e-09, 4.19834375598e-11], "dmean2": [3.86318279197e-05, 0.00100171926897, 0.00148082524538, 0.000721377669834, 0.00156245310791, 0.000467926933197, 0.000268964649877, 0.000190365113667, 0.000204680152819, 0.000646123662591, 0.000323833723087, 0.00017226448108, 0.000140001662658, 0.000131737775519, 0.000273935700534, 0.000109527594759, 3.82527250622e-05, 4.31690932601e-05, 4.65280536446e-05, 2.35410388996e-05, 3.57196549885e-05, 2.38521188294e-05, 1.03067477539e-05, 1.28781957756e-05, 1.34251877171e-05, 9.70779183262e-06, 8.28233396533e-07], "max": [0.00625069765374, 0.0759929716587, 0.127758041024, 0.0606160759926, 0.115398399532, 0.0310616604984, 0.0245304573327, 0.0425093509257, 0.0417530015111, 0.0606258027256, 0.0514769852161, 0.056002613157, 0.0182716455311, 0.0499608553946, 0.0452011302114, 0.0255587399006, 0.00341631588526, 0.00584226008505, 0.0093968519941, 0.00245737074874, 0.0049601639621, 0.00203804695047, 0.00151298125274, 0.00251462403685, 0.00247736414894, 0.0022009476088, 0.000362223770935], "dmean": [2.26559186558e-05, 0.00063698773738, 0.000948792672716, 0.000436668022303, 0.000956257455982, 0.000318279489875, 0.000190768405446, 0.000143291792483, 0.00016195588978, 0.000512726721354, 0.000238603315665, 0.000133379231556, 0.000103132442746, 9.58180244197e-05, 0.000196665147087, 8.00927446107e-05, 2.60580727627e-05, 3.02184180327e-05, 3.41730628861e-05, 1.60269919434e-05, 2.56236380665e-05, 1.70267157955e-05, 7.14296902515e-06, 9.20320690057e-06, 9.76148476184e-06, 7.10230688128e-06, 5.09003484694e-07]}, "erbbands_spread": {"dvar": 70.6775817871, "mean": 23.9962615967, "min": 1.8783236742, "median": 18.2837409973, "dvar2": 148.097229004, "var": 366.422668457, "dmean2": 6.62213420868, "max": 174.133636475, "dmean": 4.52242946625}, "barkbands_kurtosis": {"dvar": 89.8260650635, "mean": 10.8418598175, "min": -1.90719044209, "median": 6.05927658081, "dvar2": 238.113952637, "var": 306.481292725, "dmean2": 5.91958761215, "max": 589.495178223, "dmean": 3.84279680252}, "spectral_flux": {"dvar": 0.000378607073799, "mean": 0.0337168313563, "min": 1.05339716117e-10, "median": 0.0218545291573, "dvar2": 0.000864199420903, "var": 0.00128216296434, "dmean2": 0.0190377049148, "max": 0.412488132715, "dmean": 0.0121901556849}, "silence_rate_20dB": {"dvar": 0, "mean": 1, "min": 1, "median": 1, "dvar2": 0, "var": 0, "dmean2": 0, "max": 1, "dmean": 0}, "gfcc": {"cov": [[19181.109375, -1102.1171875, -4175.83935547, -194.056213379, -384.361755371, 206.879302979, 85.2054138184, 72.8968353271, -516.537658691, -32.9305877686, -214.15032959, 52.8565177917, 546.500061035], [-1102.1171875, 1670.72131348, 711.573974609, -286.31137085, 105.046882629, -218.683929443, 11.0249977112, -167.868408203, 145.010650635, -75.0547332764, 129.295837402, -147.602798462, -68.1020050049], [-4175.83935547, 711.573974609, 2066.36865234, 164.218902588, 25.855014801, -68.3274078369, -160.993255615, -39.7157974243, 157.43913269, 36.8706665039, 104.087028503, -39.707485199, -288.537780762], [-194.056213379, -286.31137085, 164.218902588, 427.231933594, 64.4574050903, 4.94340133667, -7.11260318756, 61.8255462646, 25.5809307098, -8.53252410889, -4.54293394089, 38.4990882874, 4.1337223053], [-384.361755371, 105.046882629, 25.855014801, 64.4574050903, 296.023345947, 58.5983467102, 22.3857078552, -0.566194117069, 51.2448997498, -1.34654569626, 9.33705806732, 16.3009300232, -6.08962869644], [206.879302979, -218.683929443, -68.3274078369, 4.94340133667, 58.5983467102, 228.960800171, 70.9507598877, 7.00489139557, -19.7071361542, 37.3495559692, -4.56102085114, 22.8435649872, -1.30074107647], [85.2054138184, 11.0249977112, -160.993255615, -7.11260318756, 22.3857078552, 70.9507598877, 203.949264526, 17.0839176178, -19.1212158203, 0.381893515587, 8.96595573425, -2.82304430008, 43.2238082886], [72.8968353271, -167.868408203, -39.7157974243, 61.8255462646, -0.566194117069, 7.00489139557, 17.0839176178, 146.435317993, 26.1111869812, -4.80030632019, -12.7317218781, 34.5335884094, 17.1095962524], [-516.537658691, 145.010650635, 157.43913269, 25.5809307098, 51.2448997498, -19.7071361542, -19.1212158203, 26.1111869812, 137.02961731, 15.8469324112, 7.08903551102, 0.248413950205, -10.6658630371], [-32.9305877686, -75.0547332764, 36.8706665039, -8.53252410889, -1.34654569626, 37.3495559692, 0.381893515587, -4.80030632019, 15.8469324112, 139.505889893, 39.2816238403, -11.5040149689, -23.2940292358], [-214.15032959, 129.295837402, 104.087028503, -4.54293394089, 9.33705806732, -4.56102085114, 8.96595573425, -12.7317218781, 7.08903551102, 39.2816238403, 112.107215881, 6.70905828476, -29.3179397583], [52.8565177917, -147.602798462, -39.707485199, 38.4990882874, 16.3009300232, 22.8435649872, -2.82304430008, 34.5335884094, 0.248413950205, -11.5040149689, 6.70905828476, 124.338645935, 30.8268737793], [546.500061035, -68.1020050049, -288.537780762, 4.1337223053, -6.08962869644, -1.30074107647, 43.2238082886, 17.1095962524, -10.6658630371, -23.2940292358, -29.3179397583, 30.8268737793, 151.024353027]], "mean": [-131.151000977, 120.478172302, -89.4152984619, 20.7269325256, -58.7355079651, 10.0571432114, -32.1094512939, 3.08213043213, -31.1332778931, 2.75788760185, -19.4666137695, -2.12536621094, -6.29024553299], "icov": [[0.000131362627144, -0.000271268421784, 0.000364681647625, -0.000275361526292, 0.000272213714197, -0.000343182386132, 0.000349059904693, -0.000219542838749, 0.000378689554054, -0.00024189776741, 0.000219950263272, -0.000139740834129, 0.000100245517388], [-0.000271268421784, 0.00271478132345, -0.00151184445713, 0.00217284611426, -0.00160398951266, 0.00238824728876, -0.00179739668965, 0.00195873389021, -0.0024777953513, 0.00234101735987, -0.00267150672153, 0.0020430739969, -0.00124324788339], [0.000364681647625, -0.00151184445713, 0.00208108872175, -0.00166351161897, 0.00129539298359, -0.00152423104737, 0.00157038797624, -0.000835189828649, 0.000803689530585, -0.00110984058119, 0.000971559551544, -0.00104269140866, 0.00199143309146], [-0.000275361526292, 0.00217284611426, -0.00166351161897, 0.00453409645706, -0.00199053646065, 0.00206904252991, -0.00145763577893, 0.000440920819528, -0.00174940237775, 0.00184188585263, -0.00186885497533, 0.00112143857405, -0.00145243783481], [0.000272213714197, -0.00160398951266, 0.00129539298359, -0.00199053646065, 0.00522373663262, -0.00273415702395, 0.000992535031401, -0.000396825082134, -0.000411342130974, -0.000678407552186, 0.0010626858566, -0.00144041550811, 0.00113564520143], [-0.000343182386132, 0.00238824728876, -0.00152423104737, 0.00206904252991, -0.00273415702395, 0.00818562787026, -0.00386444595642, 0.00175798684359, -0.00108757766429, -6.60651930957e-05, -0.000775795138907, 0.000184486954822, -5.80912819714e-05], [0.000349059904693, -0.00179739668965, 0.00157038797624, -0.00145763577893, 0.000992535031401, -0.00386444595642, 0.00792289152741, -0.00231155729853, 0.00232284702361, -0.000850411423016, -5.54451653443e-05, 0.000255576363998, -0.00106244173367], [-0.000219542838749, 0.00195873389021, -0.000835189828649, 0.000440920819528, -0.000396825082134, 0.00175798684359, -0.00231155729853, 0.00987102929503, -0.00400774832815, 0.00169290148187, -0.000883682398126, -0.000730264582671, -0.000432016473496], [0.000378689554054, -0.00247779