{"tonal": {"chords_key": "D#", "hpcp_entropy": {"dmean": 0.763661921024, "dmean2": 1.28128755093, "max": 4.76709604263, "dvar": 0.480419009924, "mean": 2.17525529861, "dvar2": 1.25742268562, "min": 0, "var": 0.989141345024, "median": 2.10339140892}, "key_key": "G#", "chords_strength": {"dmean": 0.0118805542588, "dmean2": 0.0131423613057, "max": 0.701622009277, "dvar": 0.000527628348209, "mean": 0.429825544357, "dvar2": 0.000967777159531, "min": -1, "var": 0.0413326919079, "median": 0.44558557868}, "key_scale": "major", "chords_number_rate": 0.00272281724028, "thpcp": [1, 0.681637346745, 0.408063948154, 0.314437806606, 0.289204448462, 0.547486901283, 0.73529291153, 0.490151941776, 0.319772511721, 0.321465224028, 0.325953274965, 0.429763168097, 0.46513941884, 0.440991431475, 0.573034405708, 0.646855592728, 0.518705844879, 0.435935944319, 0.44814068079, 0.449362814426, 0.618160367012, 0.718140125275, 0.541535079479, 0.436724722385, 0.437330394983, 0.416568309069, 0.397652745247, 0.386067539454, 0.42979118228, 0.590818703175, 0.587275624275, 0.411353051662, 0.381991744041, 0.407851368189, 0.442100375891, 0.79353260994], "key_strength": 0.759461522102, "tuning_nontempered_energy_ratio": 0.753847897053, "tuning_frequency": 434.193115234, "chords_changes_rate": 0.0876747146249, "tuning_diatonic_strength": 0.62415522337, "chords_scale": "major", "chords_histogram": [8.34997272491, 3.83009624481, 25.0499191284, 4.84661483765, 4.32020330429, 2.70466518402, 1.379560709, 0.0726084560156, 2.1964058876, 0, 0.707932472229, 0.0726084560156, 0.853149414063, 0.617171883583, 1.56108188629, 0.544563412666, 0, 13.9771280289, 0.526411354542, 2.74096941948, 1.5066255331, 10.0199670792, 9.94735908508, 4.17498636246], "tuning_equal_tempered_deviation": 0.121544383466, "hpcp": {"dmean": [0.17325976491, 0.16701297462, 0.17142136395, 0.189208969474, 0.170678496361, 0.15451528132, 0.155185490847, 0.157232224941, 0.149231627584, 0.144653365016, 0.151052325964, 0.160519644618, 0.153975397348, 0.136184051633, 0.134355992079, 0.140467330813, 0.152364000678, 0.19073471427, 0.208109647036, 0.17899723351, 0.141597479582, 0.120974734426, 0.109161756933, 0.151901617646, 0.194803118706, 0.141867488623, 0.107898838818, 0.106122426689, 0.110754221678, 0.126828581095, 0.135301843286, 0.149465709925, 0.192923069, 0.19176876545, 0.168295368552, 0.165707945824], "dmean2": [0.310500711203, 0.29486232996, 0.29959654808, 0.326339751482, 0.297612249851, 0.270261913538, 0.27344417572, 0.278808414936, 0.263956725597, 0.255685269833, 0.265061616898, 0.279674857855, 0.268290996552, 0.241616010666, 0.237621247768, 0.248698100448, 0.268122136593, 0.327860862017, 0.354635089636, 0.305477648973, 0.245435357094, 0.213334932923, 0.192052021623, 0.268036663532, 0.34684574604, 0.250024408102, 0.184464633465, 0.17910926044, 0.190808489919, 0.214805707335, 0.229546293616, 0.258156061172, 0.339087247849, 0.335543870926, 0.293569862843, 0.295037388802], "max": [1, 1, 1, 1, 1, 1, 1, 1, 1, 1, 1, 1, 1, 1, 1, 1, 1, 1, 1, 1, 1, 1, 1, 1, 1, 1, 1, 1, 1, 1, 1, 1, 1, 1, 1, 1], "dvar": [0.0577429421246, 0.0515326596797, 0.0506000332534, 0.0536254420877, 0.0468958057463, 0.0433174744248, 0.0456094220281, 0.0440101996064, 0.0445988364518, 0.0451792776585, 0.0440677441657, 0.0486788600683, 0.0438554547727, 0.0351967290044, 0.0356900691986, 0.0417160913348, 0.0456958636642, 0.0509738922119, 0.0593938939273, 0.0456286557019, 0.0334855914116, 0.0314859524369, 0.0293107107282, 0.0392952598631, 0.0740203782916, 0.0357325300574, 0.028623605147, 0.0266321413219, 0.0253739580512, 0.029476121068, 0.0359660945833, 0.0409700162709, 0.0584603101015, 0.0595904141665, 0.050302028656, 0.0508266761899], "mean": [0.160852015018, 0.161290675402, 0.221877515316, 0.257763445377, 0.194374248385, 0.156754463911, 0.156971856952, 0.149519681931, 0.142730280757, 0.138571977615, 0.154265791178, 0.212063714862, 0.210791990161, 0.147647753358, 0.137109041214, 0.146390885115, 0.158683955669, 0.284824222326, 0.358931958675, 0.244661435485, 0.146467193961, 0.112861782312, 0.103804714978, 0.196510538459, 0.263920128345, 0.175931200385, 0.114776574075, 0.115384146571, 0.116995051503, 0.154255732894, 0.166953399777, 0.158285915852, 0.205680370331, 0.232177138329, 0.186180099845, 0.156471341848], "dvar2": [0.157419517636, 0.143292918801, 0.132660731673, 0.138703599572, 0.129013985395, 0.121555164456, 0.122946463525, 0.121052652597, 0.126719370484, 0.126358881593, 0.123047403991, 0.122856520116, 0.111799813807, 0.0991772636771, 0.101665660739, 0.114970207214, 0.126590624452, 0.127444013953, 0.138951122761, 0.115932673216, 0.0870644673705, 0.0837104171515, 0.0786174014211, 0.100080266595, 0.177039921284, 0.0924840793014, 0.0738322213292, 0.0682374611497, 0.0666669458151, 0.0746785402298, 0.0931158289313, 0.111505031586, 0.155527368188, 0.147657468915, 0.129378482699, 0.137089073658], "min": [0, 0, 0, 0, 0, 0, 0, 0, 0, 0, 0, 0, 0, 0, 0, 0, 0, 0, 0, 0, 0, 0, 0, 0, 0, 0, 0, 0, 0, 0, 0, 0, 0, 0, 0, 0], "var": [0.0530646070838, 0.0491291582584, 0.0685025975108, 0.0890980362892, 0.0510853938758, 0.0445153005421, 0.0502659454942, 0.0454123318195, 0.0412752144039, 0.041980817914, 0.0455253534019, 0.0811009332538, 0.0818641260266, 0.0395443253219, 0.0344404764473, 0.0426880046725, 0.0487582422793, 0.0859687998891, 0.127566531301, 0.0727557912469, 0.0380426347256, 0.0303802825511, 0.0269018989056, 0.0496543198824, 0.106867231429, 0.0433438532054, 0.0336641445756, 0.0331064388156, 0.0284391008317, 0.0411093980074, 0.0519476421177, 0.0436500608921, 0.069327659905, 0.0879615843296, 0.0615605600178, 0.0474864207208], "median": [0.0626123547554, 0.0683522522449, 0.124858893454, 0.1406442523, 0.111643537879, 0.0727221295238, 0.0617999881506, 0.0545546673238, 0.0583793893456, 0.0539019145072, 0.0617842227221, 0.0847679972649, 0.0851757824421, 0.0725498646498, 0.0688152238727, 0.0654818564653, 0.0685817301273, 0.173633903265, 0.21857906878, 0.145835444331, 0.0636205896735, 0.0375980138779, 0.0385646000504, 0.107945650816, 0.123946391046, 0.0932404026389, 0.0393001139164, 0.0398338399827, 0.0466050244868, 0.0755283161998, 0.0770604386926, 0.0754151046276, 0.0886969789863, 0.0957292839885, 0.0787596032023, 0.0680244117975]}}, "lowlevel": {"melbands_flatness_db": {"dmean": 0.059436198324, "dmean2": 0.0851840674877, "max": 0.86299341917, "dvar": 0.00638268515468, "mean": 0.191044986248, "dvar2": 0.0108891967684, "min": 0.0031131838914, "var": 0.0241585392505, "median": 0.133784160018}, "melbands_crest": {"dmean": 4.56103181839, "dmean2": 6.96629667282, "max": 39.5925292969, "dvar": 22.8675727844, "mean": 15.6966323853, "dvar2": 46.5571250916, "min": 1.60969471931, "var": 83.1291122437, "median": 14.0360155106}, "spectral_entropy": {"dmean": 0.32169637084, "dmean2": 0.501496970654, "max": 9.82608985901, "dvar": 0.214413627982, "mean": 7.54113864899, "dvar2": 0.397970706224, "min": 3.154286623, "var": 0.746898531914, "median": 7.80767059326}, "melbands": {"dmean": [0.000781540002208, 0.000618748541456, 0.00027273411979, 0.000117376934213, 7.66091543483e-05, 5.1240920584e-05, 4.94381129101e-05, 3.1909054087e-05, 5.28739692527e-05, 3.45624721376e-05, 4.88807709189e-05, 4.61102426925e-05, 3.13476048177e-05, 4.2234070861e-05, 7.43415075704e-05, 2.95734644169e-05, 3.09396709781e-05, 2.9527094739e-05, 3.11420553771e-05, 2.42403566517e-05, 2.33901664615e-05, 2.85620662908e-05, 2.94804594887e-05, 2.13619769056e-05, 3.04574332404e-05, 2.080710874e-05, 1.80924598681e-05, 1.66659192473e-05, 1.73816097231e-05, 1.13959795272e-05, 9.84797225101e-06, 6.04095112067e-06, 4.92873778057e-06, 3.34375567945e-06, 3.08881249111e-06, 2.14294254874e-06, 1.87867499335e-06, 1.38546624839e-06, 1.25162250697e-06, 9.78039679467e-07], "dmean2": [0.00119843496941, 0.000888167647645, 0.000464784679934, 0.000211076781852, 0.000136711998493, 8.89178336365e-05, 8.30812132335e-05, 5.47204908798e-05, 8.61577864271e-05, 5.67194620089e-05, 8.29443597468e-05, 7.79994079494e-05, 5.31514269824e-05, 7.22435434e-05, 0.000126178623759, 4.89810554427e-05, 5.17051703355e-05, 5.16395266459e-05, 5.2500898164e-05, 3.94923918066e-05, 3.86174760933e-05, 4.5554490498e-05, 4.80867929582e-05, 3.48469839082e-05, 4.85493546876e-05, 3.25701730617e-05, 2.9817721952e-05, 2.74182348221e-05, 2.95742211165e-05, 1.91734634427e-05, 1.69166160049e-05, 1.03352804217e-05, 8.24308335723e-06, 5.58126339456e-06, 5.22741311215e-06, 3.67230450138e-06, 3.24635288962e-06, 2.41563111558e-06, 2.2148969947e-06, 1.72627471784e-06], "max": [0.0180915109813, 0.00961647741497, 0.00614421442151, 0.00233820080757, 0.00211297976784, 0.00176746246871, 0.00214328127913, 0.00353898270987, 0.00183332071174, 0.00253096455708, 0.00534890592098, 0.00281490944326, 0.00161432847381, 0.00549787888303, 0.00182695523836, 0.00235073757358, 0.00281716394238, 0.0018727829447, 0.00507570616901, 0.00150429457426, 0.00107047799975, 0.00171224481892, 0.000743979937397, 0.000524247181602, 0.0006864972529, 0.000347382127075, 0.000349761248799, 0.000184556833119, 0.000220933899982, 0.000148586113937, 0.000124359110487, 0.000101294601336, 0.000100004857813, 7.02285251464e-05, 4.60328992631e-05, 3.47911372955e-05, 3.26235567627e-05, 2.67394334514e-05, 0.000110201537609, 0.000156099966262], "dvar": [1.80245751835e-06, 1.31971103201e-06, 4.07737786645e-07, 5.45577343303e-08, 1.99761949204e-08, 8.76489725243e-09, 9.58164392273e-09, 5.56532420148e-09, 1.22494236976e-08, 4.71189931517e-09, 1.55354058506e-08, 9.21445764135e-09, 4.52699788767e-09, 9.64395319158e-09, 2.22066223188e-08, 6.11036377052e-09, 5.6055875497e-09, 5.67378544147e-09, 8.07771094458e-09, 3.09153103117e-09, 2.63225197195e-09, 2.42677877793e-09, 2.16565299027e-09, 1.05584274657e-09, 2.64321231569e-09, 9.80639014436e-10, 7.15215442426e-10, 6.52710219207e-10, 8.10881084501e-10, 2.98669283749e-10, 2.40797548567e-10, 8.56943335736e-11, 6.27622329108e-11, 3.15440486232e-11, 2.69662313312e-11, 1.41984262889e-11, 1.09396346148e-11, 6.2451068622e-12, 5.68184952213e-12, 6.74844685342e-12], "mean": [0.00136503286194, 0.000885047251359, 0.000237627988099, 0.000105124068796, 7.71451086621e-05, 6.26706314506e-05, 6.57569762552e-05, 3.7435653212e-05, 6.75135161146e-05, 4.56169364043e-05, 5.59905638511e-05, 6.55449912301e-05, 4.27885206591e-05, 5.7834029576e-05, 9.42001061048e-05, 3.53170980816e-05, 4.03442354582e-05, 3.42845196428e-05, 4.11817309214e-05, 2.98490558635e-05, 3.11587391479e-05, 4.31437219959e-05, 3.71000351151e-05, 2.91639480565e-05, 3.54249204975e-05, 2.69976990239e-05, 2.3413418603e-05, 1.76766461664e-05, 1.66975114553e-05, 1.15069306048e-05, 8.87339865585e-06, 5.63801177123e-06, 4.76479999634e-06, 3.3432629607e-06, 2.80496124105e-06, 1.96567998501e-06, 1.63542893006e-06, 1.24669998058e-06, 1.05491108116e-06, 8.11177130799e-07], "dvar2": [4.16484908783e-06, 2.55115537584e-06, 1.05068056655e-06, 1.59755245477e-07, 5.87509561001e-08, 2.33072796618e-08, 2.35714914254e-08, 1.46539598234e-08, 3.08643848257e-08, 1.18199041665e-08, 3.9147831643e-08, 2.36953709987e-08, 1.19008181088e-08, 2.4337643012e-08, 5.94134093035e-08, 1.63545745835e-08, 1.46805279044e-08, 1.53971040362e-08, 1.9728441103e-08, 8.06941446996e-09, 7.03007119185e-09, 6.0628075893e-09, 5.13354603271e-09, 2.52612353258e-09, 6.22436013842e-09, 1.95339966425e-09, 1.71474789923e-09, 1.63791125107e-09, 2.08034922622e-09, 7.6154244022e-10, 6.30515306632e-10, 2.1800204697e-10, 1.57358945319e-10, 7.66040425537e-11, 6.84471646029e-11, 3.66187566381e-11, 2.79510754819e-11, 1.60566247798e-11, 1.4193065126e-11, 1.7256163512e-11], "min": [7.3965003632e-25, 1.10810768736e-24, 9.64926573442e-25, 1.19946842981e-24, 7.64824165528e-25, 1.54836721148e-24, 7.03066266714e-25, 1.52961342396e-24, 1.3954296631e-24, 1.49065365461e-24, 2.83789653817e-24, 2.16539873014e-24, 1.89342473357e-24, 9.13157477929e-25, 2.49710349952e-24, 2.02941330958e-24, 2.58702200702e-24, 2.24102800842e-24, 3.15482022355e-24, 3.11961020591e-24, 2.72850440758e-24, 2.9716187168e-24, 2.91483532555e-24, 2.11992878757e-24, 2.68235683349e-24, 3.56004880145e-24, 3.46989343847e-24, 4.10561119844e-24, 3.84849066385e-24, 3.45612150478e-24, 5.10569079432e-24, 5.4645487477e-24, 3.64896368066e-24, 5.82196387449e-24, 5.16079903944e-24, 5.3470301665e-24, 5.55547009462e-24, 6.05985907995e-24, 4.91969829768e-24, 5.10725116119e-24], "var": [4.25094822276e-06, 2.28217322729e-06, 3.25296014125e-07, 3.93817565225e-08, 1.56899186976e-08, 1.11168825256e-08, 1.53298422845e-08, 5.47137757323e-09, 1.70775837915e-08, 5.78164360832e-09, 1.65951110631e-08, 1.50603209903e-08, 6.5567440366e-09, 1.21718306545e-08, 2.94823792046e-08, 5.65045921164e-09, 5.73260550141e-09, 5.07957986784e-09, 9.45254186036e-09, 3.12289683002e-09, 2.60949040154e-09, 3.77333764234e-09, 2.86905987856e-09, 1.55090951193e-09, 3.16366621789e-09, 1.55918089551e-09, 1.02376729316e-09, 7.21824933159e-10, 7.49720840965e-10, 3.00175218015e-10, 2.09340753066e-10, 8.0079748388e-11, 6.28042479134e-11, 3.18741109895e-11, 2.48102129119e-11, 1.20503468315e-11, 9.14284099818e-12, 5.39591982207e-12, 5.17388909493e-12, 5.62142563401e-12], "median": [0.000599150545895, 0.000249798584264, 4.14839887526e-05, 3.14245007758e-05, 3.14817443723e-05, 2.7655321901e-05, 2.49955792242e-05, 1.61184689205e-05, 1.85604476428e-05, 2.12773975363e-05, 1.71480842255e-05, 2.19840439968e-05, 1.23755971799e-05, 2.00926333491e-05, 2.42670539592e-05, 1.13611367851e-05, 1.19058486234e-05, 1.37314254971e-05, 1.6669238903e-05, 8.66400205268e-06, 1.3128228602e-05, 1.7522394046e-05, 1.28071587824e-05, 1.20663362395e-05, 1.23198797155e-05, 9.18008481676e-06, 9.70440123638e-06, 5.34042919753e-06, 5.10711879542e-06, 4.07565448768e-06, 2.55285954154e-06, 1.59064688887e-06, 1.27590055854e-06, 1.01493935745e-06, 6.87434351221e-07, 5.13073985076e-07, 3.81235224722e-07, 3.05200103412e-07, 1.69395278249e-07, 1.09429194595e-07]}, "silence_rate_60dB": {"dmean": 0.0648148134351, "dmean2": 0.129641398787, "max": 1, "dvar": 0.0606214180589, "mean": 0.146591633558, "dvar2": 0.127375245094, "min": 0, "var": 0.125098183751, "median": 0}, "spectral_energyband_middle_high": {"dmean": 0.00354443839751, "dmean2": 0.00547835649922, "max": 0.0652886107564, "dvar": 2.41782236117e-05, "mean": 0.00574406795204, "dvar2": 5.60785119887e-05, "min": 1.105185192e-21, "var": 4.17654118792e-05, "median": 0.003485604655}, "erbbands_skewness": {"dmean": 0.464477449656, "dmean2": 0.721307337284, "max": 7.83704090118, "dvar": 0.287257611752, "mean": -0.412096530199, "dvar2": 0.678251624107, "min": -3.93337845802, "var": 0.699317276478, "median": -0.460298269987}, "dynamic_complexity": 3.89746642113, "dissonance": {"dmean": 0.0144691467285, "dmean2": 0.0242177434266, "max": 0.500000119209, "dvar": 0.000500168302096, "mean": 0.478187024593, "dvar2": 0.00128958676942, "min": 0.115865528584, "var": 0.000984820886515, "median": 0.487755179405}, "spectral_skewness": {"dmean": 0.534619688988, "dmean2": 0.859567224979, "max": 15.4556465149, "dvar": 0.817985296249, "mean": 1.70284879208, "dvar2": 1.88693189621, "min": -0.119600452483, "var": 2.04757523537, "median": 1.31312572956}, "spectral_kurtosis": {"dmean": 6.00487565994, "dmean2": 9.9401473999, "max": 329.509490967, "dvar": 248.977752686, "mean": 10.4502639771, "dvar2": 575.909057617, "min": -1.27191877365, "var": 495.545715332, "median": 4.21416950226}, "gfcc": {"cov": [[44962.2382813, -3830.46118164, -3011.19946289, 2683.91186523, -1844.32861328, 1263.80603027, -813.159667969, 782.522399902, -1129.77636719, 412.756500244, -714.244628906, 335.520721436, -615.246826172], [-3830.46118164, 4481.84765625, 722.267456055, -404.10848999, 782.184997559, -250.277954102, 461.308288574, -247.35017395, 438.561309814, -258.024841309, 326.281433105, -213.414199829, 209.78074646], [-3011.19946289, 722.267456055, 1962.33569336, 94.6615371704, 474.095214844, 169.630737305, 255.828277588, 70.74193573, 143.342575073, -3.68583202362, 75.5346832275, -6.30505037308, 39.5732002258], [2683.91186523, -404.10848999, 94.6615371704, 1080.40283203, -60.4476547241, 138.686676025, 57.2505493164, 39.8648910522, -42.2947540283, -12.5184221268, -16.6073093414, -4.44169902802, -25.2891368866], [-1844.32861328, 782.184997559, 474.095214844, -60.4476547241, 599.631103516, -37.5887756348, 236.657470703, 27.3658123016, 145.394927979, -11.5262022018, 97.4777145386, -12.4515962601, 45.2265129089], [1263.80603027, -250.277954102, 169.630737305, 138.686676025, -37.5887756348, 390.47543335, 62.5444030762, 95.3823776245, -11.0379276276, 4.69081830978, -36.5081710815, 23.9052238464, -13.0943937302], [-813.159667969, 461.308288574, 255.828277588, 57.2505493164, 236.657470703, 62.5444030762, 347.048278809, 65.2696990967, 100.244743347, -16.9658432007, 59.0488548279, -7.50126457214, 34.0548553467], [782.522399902, -247.35017395, 70.74193573, 39.8648910522, 27.3658123016, 95.3823776245, 65.2696990967, 215.762496948, 38.8005561829, 62.6172332764, -4.15941047668, 32.9370307922, -14.8600797653], [-1129.77636719, 438.561309814, 143.342575073, -42.2947540283, 145.394927979, -11.0379276276, 100.244743347, 38.8005561829, 213.906295776, 20.8987560272, 77.1395187378, -13.6261320114, 32.1952590942], [412.756500244, -258.024841309, -3.68583202362, -12.5184221268, -11.5262022018, 4.69081830978, -16.9658432007, 62.6172332764, 20.8987560272, 143.675750732, 23.6335010529, 40.8789901733, -0.479256689548], [-714.244628906, 326.281433105, 75.5346832275, -16.6073093414, 97.4777145386, -36.5081710815, 59.0488548279, -4.15941047668, 77.1395187378, 23.6335010529, 135.642990112, 27.4478683472, 38.8012199402], [335.520721436, -213.414199829, -6.30505037308, -4.44169902802, -12.4515962601, 23.9052238464, -7.50126457214, 32.9370307922, -13.6261320114, 40.8789901733, 27.4478683472, 121.321258545, 26.4086551666], [-615.246826172, 209.78074646, 39.5732002258, -25.2891368866, 45.2265129089, -13.0943937302, 34.0548553467, -14.8600797653, 32.1952590942, -0.479256689548, 38.8012199402, 26.4086551666, 125.739494324]], "mean": [-78.8452301025, 66.1659545898, -133.584915161, 35.2635002136, -40.0009307861, 10.8099651337, -20.3786888123, 9.56158638, -13.917391777, 3.34165692329, -5.4093208313, 2.79880356789, -5.67813158035], "icov": [[5.66831404285e-05, -8.90897790669e-05, 9.05984561541e-05, -0.000144589575939, 4.90720340167e-05, -0.000139186129672, 9.7780226497e-05, -0.000214864034206, 0.000252038822509, -0.000232053513173, 0.000203618925298, -0.000199914560653, 0.000198108522454], [-8.90897790669e-05, 0.00069634191459, -0.000199318121304, 0.000383738894016, -0.000332684780005, 0.000297122664051, -0.000406440987717, 0.000740959658287, -0.000901004066691, 0.00113475986291, -0.0011612966191, 0.00109773478471, -0.000746690609958], [9.05984561541e-05, -0.000199318121304, 0.000830083037727, -0.000295735575492, -0.000409265485359, -0.000565339927562, 0.00012729332957, -0.000351767259417, 0.000360287784133, -0.000484221498482, 0.000391104549635, -0.000352041650331, 0.000326549634337], [-0.000144589575939, 0.000383738894016, -0.000295735575492, 0.00141589960549, -1.76538032974e-05, 0.000104219725472, -0.000562380766496, 0.000580763618927, -0.000516388274264, 0.000878723862115, -0.000937091419473, 0.000860671629198, -0.000487727636937], [4.90720340167e-05, -0.000332684780005, -0.000409265485359, -1.76538032974e-05, 0.00316016818397, 0.000440294184955, -0.00125106424093, -0.00042697894969, -0.000241388581344, -0.000289222487481, -0.000152172724484, -0.000430737069109, 0.000316100107739], [-0.000139186129672, 0.000297122664051, -0.000565339927562, 0.000104219725472, 0.000440294184955, 0.00374323665164, -0.00094959087437, -0.000617786194198, -0.000642109662294, 0.0010696570389, 0.000297396938549, -0.000100055709481, -0.000464513839688], [9.7780226497e-05, -0.000406440987717, 0.00012729332957, -0.000562380766496, -0.00125106424093, -0.00094959087437, 0.00509188370779, -0.00179971312173, -4.82858740725e-05, 0.000358705990948, -0.000241650734097, -0.000184855860425, -0.000110169989057], [-0.000214864034206, 0.000740959658287, -0.000351767259417, 0.000580763618927, -0.00042697894969, -0.000617786194198, -0.00179971312173, 0.0080666905269, -0.00267689302564, -0.00133694033138, 0.000301337218843, -0.000265726353973, 0.000113120397145], [0.000252038822509, -0.000901004066691, 0.000360287784133, -0.000516388274264, -0.000241388581344, -0.000642109662294, -4.82858740725e-05, -0.00267689302564, 0.00902367942035, -0.00243789725937, -0.00177013128996, 0.000710613327101, 0.000313076860039], [-0.000232053513173, 0.00113475986291, -0.000484221498482, 0.000878723862115, -0.000289222487481, 0.0010696570389, 0.000358705990948, -0.00133694033138, -0.00243789725937, 0.0113134412095, -0.00353794405237, -0.000296013371553, -0.000917990342714], [0.000203618925298, -0.0011612966191, 0.000391104549635, -0.000937091419473, -0.000152172724484, 0.000297396938549, -0.000241650734097, 0.000301337218843, -0.00177013128996, -0.00353794405237, 0.0138246193528, -0.00492920028046, 1.79542203114e-05], [-0.000199914560653, 0.00109773478471, -0.000352041650331, 0.000860671629198, -0.000430737069109, -0.000100055709481, -0.000184855860425, -0.000265726353973, 0.000710613327101, -0.000296013371553, -0.00492920028046, 0.0128826191649, -0.00373025331646], [0.000198108522454, -0.000746690609958, 0.000326549634337, -0.000487727636937, 0.000316100107739, -0.000464513839688, -0.000110169989057, 0.000113120397145, 0.000313076860039, -0.000917990342714, 1.79542203114e-05, -0.00373025331646, 0.0105425836518]]}, "spectral_complexity": {"dmean": 8.82007980347, "dmean2": 13.4017248154, "max": 68, "dvar": 111.456176758, "mean": 21.4582920074, "dvar2": 225.950210571, "min": 0, "var": 298.245391846, "median": 17}, "spectral_flux": {"dmean": 0.028674190864, "dmean2": 0.0427431315184, "max": 0.233256429434, "dvar": 0.000861931825057, "mean": 0.0748796015978, "dvar2": 0.00172213732731, "min": 6.27200721914e-11, "var": 0.00214480678551, "median": 0.0731291696429}, "spectral_energyband_low": {"dmean": 0.00323411705904, "dmean2": 0.00490684201941, "max": 0.0576989613473, "dvar": 2.56406183325e-05, "mean": 0.00623204978183, "dvar2": 5.50450495211e-05, "min": 1.38464242409e-23, "var": 6.64628387312e-05, "median": 0.00251868763007}, "spectral_decrease": {"dmean": 1.3937674348e-09, "dmean2": 2.08128603241e-09, "max": 1.87966886638e-28, "dvar": 2.22523620255e-18, "mean": -3.56338714091e-09, "dvar2": 5.14341938861e-18, "min": -1.67541092111e-08, "var": 7.17875891075e-18, "median": -3.22910342909e-09}, "barkbands_spread": {"dmean": 10.3540811539, "dmean2": 17.0884666443, "max": 101.447227478, "dvar": 159.424682617, "mean": 30.2026901245, "dvar2": 387.624389648, "min": 0.0451846010983, "var": 313.536590576, "median": 29.7172431946}, "spectral_rms": {"dmean": 0.000820876390208, "dmean2": 0.00120151066221, "max": 0.00823773723096, "dvar": 7.42552117572e-07, "mean": 0.00349810346961, "dvar2": 1.59434694069e-06, "min": 3.09869621282e-12, "var": 2.85325427285e-06, "median": 0.00372159061953}, "spectral_centroid": {"dmean": 420.621551514, "dmean2": 648.032836914, "max": 12036.2978516, "dvar": 313595.40625, "mean": 2441.56713867, "dvar2": 634200.6875, "min": 66.6971130371, "var": 2390072, "median": 2508.76708984}, "barkbands_skewness": {"dmean": 0.978687047958, "dmean2": 1.4452534914, "max": 21.8264160156, "dvar": 2.19477891922, "mean": 1.01024448872, "dvar2": 4.54941272736, "min": -4.1571893692, "var": 5.88247585297, "median": 0.274211496115}, "spectral_rolloff": {"dmean": 977.210632324, "dmean2": 1625.29333496, "max": 19638.28125, "dvar": 1833976, "mean": 2966.30810547, "dvar2": 4028471.25, "min": 21.533203125, "var": 8656727, "median": 2842.3828125}, "erbbands_spread": {"dmean": 9.05749797821, "dmean2": 14.0949172974, "max": 169.925125122, "dvar": 141.452911377, "mean": 31.1693058014, "dvar2": 327.505249023, "min": 1.04879391193, "var": 333.434020996, "median": 27.502538681}, "barkbands": {"dmean": [0.000276512582786, 0.00280315452255, 0.00112394592725, 0.000586756272241, 0.000503292540088, 0.000264366331976, 0.000236224077526, 0.000197614499484, 0.000265591224888, 0.000329586968292, 0.000274703925243, 0.000599908817094, 0.000320447405102, 0.000331037153956, 0.00039999638102, 0.000344324100297, 0.000463127886178, 0.000498501118273, 0.00063116819365, 0.000532706035301, 0.000527339580003, 0.000274627353065, 0.000165445788298, 0.000127551291371, 9.39062083489e-05, 2.88175924652e-05, 9.43451505009e-06], "dmean2": [0.000408577936469, 0.00431291665882, 0.00184502953198, 0.00106100994162, 0.000896841811482, 0.00046152214054, 0.000397981726564, 0.000330287730321, 0.000434690940892, 0.000562837347388, 0.000463846110506, 0.0010274144588, 0.000536853156518, 0.000563695561141, 0.000680706638377, 0.000562506029382, 0.000732480664738, 0.000814822269604, 0.000982250436209, 0.000867420225404, 0.000894091732334, 0.000462672353024, 0.00027733904426, 0.000220143658225, 0.000164598750416, 4.89566846227e-05, 1.57813756232e-05], "max": [0.0343232229352, 0.0507753640413, 0.0200346782804, 0.0166352391243, 0.00938296224922, 0.00807666406035, 0.0116859963164, 0.0105500835925, 0.020610647276, 0.0244012437761, 0.0111789572984, 0.0371553897858, 0.0180760305375, 0.0244028139859, 0.0554357133806, 0.0163770075887, 0.02016611211, 0.0105670420453, 0.0127892112359, 0.00659764418378, 0.0058648455888, 0.00482541136444, 0.00249828654341, 0.00227531418204, 0.0090896487236, 0.000699070864357, 0.000399412907427], "dvar": [6.43762689378e-07, 2.367451998e-05, 7.32476746634e-06, 2.24630935008e-06, 9.62028138929e-07, 2.32523433397e-07, 2.16310155565e-07, 1.75778907874e-07, 2.87621901407e-07, 5.71352870793e-07, 3.60368062502e-07, 1.34741844704e-06, 6.06320156749e-07, 5.89283445152e-07, 1.2144247421e-06, 5.16932402661e-07, 5.91325829191e-07, 5.62747118238e-07, 9.55865630203e-07, 6.82671327468e-07, 6.46783917091e-07, 1.79229928676e-07, 7.4249655313e-08, 4.88797837761e-08, 3.5458693759e-08, 2.65954791523e-09, 3.28545329831e-10], "mean": [0.000532095262315, 0.00459255836904, 0.000949424924329, 0.000443006341811, 0.000476799410535, 0.000315803219564, 0.000300448475173, 0.000240652356297, 0.000348699366441, 0.000423759309342, 0.000350523128873, 0.000808520126157, 0.000383397506084, 0.000409600645071, 0.000506902870256, 0.000448629696621, 0.000666731793899, 0.000690962944645, 0.000808725424577, 0.00060289533576, 0.000505294767208, 0.000264573172899, 0.000163585704286, 0.000115066708531, 7.87249300629e-05, 2.8360489523e-05, 1.14442063932e-05], "dvar2": [1.26912971155e-06, 5.23425369465e-05, 1.8055736291e-05, 6.18093054072e-06, 2.81583334072e-06, 6.32388491795e-07, 5.39735651728e-07, 4.59970067368e-07, 7.11833877176e-07, 1.51153528805e-06, 9.35592765927e-07, 3.55866404789e-06, 1.63758318195e-06, 1.56797943873e-06, 3.05211756313e-06, 1.34506615268e-06, 1.43001250308e-06, 1.35046013838e-06, 1.9709461867e-06, 1.73568901118e-06, 1.65373398886e-06, 4.48088968596e-07, 1.84211913279e-07, 1.24412537161e-07, 8.87049793619e-08, 6.63700028269e-09, 8.2833534476e-10], "min": [2.82851796809e-25, 1.68874214994e-24, 5.78324431328e-25, 9.34024327987e-25, 4.81429898657e-24, 5.6986609707e-24, 3.36386974394e-24, 5.31305984377e-24, 7.99074129589e-24, 6.35366164663e-24, 1.42357838956e-23, 1.70885889188e-23, 2.34100752957e-23, 2.42802898484e-23, 3.55897942161e-23, 4.7080174923e-23, 4.56868035952e-23, 5.52915069715e-23, 1.05355390496e-22, 1.37065718242e-22, 2.13098442072e-22, 3.0842340936e-22, 3.41300531804e-22, 5.89863231923e-22, 8.13874838867e-22, 1.27168134162e-21, 1.91209018602e-21], "var": [3.03948581859e-06, 4.75789893244e-05, 6.36082177152e-06, 1.47704054143e-06, 7.07350807261e-07, 2.65751083361e-07, 3.24855307099e-07, 2.06697919225e-07, 3.62791155339e-07, 7.06261914729e-07, 4.9189100082e-07, 1.94207882487e-06, 5.55261692625e-07, 5.50564379864e-07, 1.4073470993e-06, 5.43362659755e-07, 8.90909007012e-07, 8.17123066099e-07, 1.41580585478e-06, 7.797342505e-07, 6.11457380728e-07, 1.76457092493e-07, 7.25052657913e-08, 4.24573656232e-08, 3.25880016305e-08, 3.22287152521e-09, 5.14308595712e-10], "median": [8.45588947413e-05, 0.00195442675613, 9.51860783971e-05, 5.21272195328e-05, 0.000161611504154, 0.000144970836118, 0.000112043628178, 7.68470781622e-05, 0.000154076580657, 0.000156549795065, 8.18023327156e-05, 0.000236808802583, 0.000129298088723, 0.000127087812871, 0.000204138181289, 0.000156567650265, 0.000261773820966, 0.000321623141645, 0.000304070243146, 0.000197272267542, 0.000164550496265, 7.80904156272e-05, 4.96903958265e-05, 2.9172440918e-05, 1.19839833133e-05, 3.3998201161e-06, 1.38971347496e-06]}, "melbands_kurtosis": {"dmean": 15.1783895493, "dmean2": 23.9394550323, "max": 797.333557129, "dvar": 1849.74291992, "mean": 19.2332134247, "dvar2": 4295.85742188, "min": -1.88444924355, "var": 3078.36474609, "median": 1.12147068977}, "erbbands_crest": {"dmean": 2.43815016747, "dmean2": 3.97854804993, "max": 32.3739967346, "dvar": 7.20938920975, "mean": 8.2085723877, "dvar2": 16.9450531006, "min": 2.48282051086, "var": 19.8176288605, "median": 6.87159872055}, "melbands_skewness": {"dmean": 1.21738910675, "dmean2": 1.80953812599, "max": 25.337064743, "dvar": 3.27648210526, "mean": 2.35025000572, "dvar2": 7.01857471466, "min": -2.53357768059, "var": 9.09075927734, "median": 1.27375352383}, "spectral_energyband_middle_low": {"dmean": 0.00150793034118, "dmean2": 0.002380161779, "max": 0.0339613631368, "dvar": 5.47690842723e-06, "mean": 0.00225833593868, "dvar2": 1.28206293084e-05, "min": 1.32397441353e-22, "var": 7.54620441512e-06, "median": 0.0012521588942}, "spectral_contrast_coeffs": {"dmean": [0.0570410564542, 0.0508622191846, 0.041191522032, 0.0387539565563, 0.0367694310844, 0.032389909029], "dmean2": [0.0902662053704, 0.0836526528001, 0.0655547678471, 0.0615872479975, 0.0579654835165, 0.0484125092626], "max": [-0.353749275208, -0.413370102644, -0.423177421093, -0.470001757145, -0.491939812899, -0.505563676357], "dvar": [0.00261520361528, 0.00216834410094, 0.00149348587729, 0.00148735521361, 0.00150318106171, 0.000890164752491], "mean": [-0.710082709789, -0.776196300983, -0.794473350048, -0.782106876373, -0.768498599529, -0.737527370453], "dvar2": [0.00592098245397, 0.00536292232573, 0.0033864302095, 0.00311258900911, 0.00311483489349, 0.00191774824634], "min": [-0.982772827148, -0.979704201221, -0.980074107647, -0.970119535923, -0.968323349953, -0.966339588165], "var": [0.00952235143632, 0.00609482545406, 0.00534187396988, 0.00558695569634, 0.00519265094772, 0.00474849436432], "median": [-0.718676388264, -0.783296406269, -0.801914215088, -0.793819129467, -0.779652953148, -0.728043496609]}, "spectral_contrast_valleys": {"dmean": [0.586686909199, 0.629253804684, 0.672001540661, 0.738630414009, 0.884490013123, 0.983089745045], "dmean2": [0.882619678974, 0.974478185177, 1.00897586346, 1.10717248917, 1.24371540546, 1.41713058949], "max": [-5.93792533875, -4.84906053543, -5.41777467728, -5.3042345047, -5.13840866089, -7.6847448349], "dvar": [0.470008909702, 0.577836453915, 0.635907590389, 0.824084103107, 1.19031262398, 1.38534212112], "mean": [-8.63248634338, -8.02424430847, -8.29965591431, -8.40563106537, -8.32502651215, -11.2718677521], "dvar2": [0.814049839973, 1.11397576332, 1.17131590843, 1.42339408398, 2.03646206856, 2.41432476044], "min": [-28.5541343689, -28.1450023651, -27.8469467163, -27.7976646423, -27.5849437714, -27.4303455353], "var": [10.1413068771, 9.88359737396, 9.59390163422, 9.8748216629, 11.8300113678, 10.356502533], "median": [-7.72996473312, -7.39251565933, -7.60138654709, -7.68900442123, -7.4450044632, -10.333024025]}, "silence_rate_20dB": {"dmean": 0, "dmean2": 0, "max": 1, "dvar": 0, "mean": 1, "dvar2": 0, "min": 1, "var": 0, "median": 1}, "silence_rate_30dB": {"dmean": 0, "dmean2": 0, "max": 1, "dvar": 0, "mean": 1, "dvar2": 0, "min": 1, "var": 0, "median": 1}, "spectral_strongpeak": {"dmean": 0.510247528553, "dmean2": 0.887511372566, "max": 16.4922332764, "dvar": 0.991473436356, "mean": 0.682017147541, "dvar2": 2.53598546982, "min": 0, "var": 1.22952401638, "median": 0.247309997678}, "spectral_spread": {"dmean": 777319.25, "dmean2": 1181307, "max": 42874072, "dvar": 1176373690370.0, "mean": 4500770.5, "dvar2": 2507112972290.0, "min": 307851.90625, "var": 29869350060000.0, "median": 3732491.5}, "barkbands_flatness_db": {"dmean": 0.0452300235629, "dmean2": 0.0666763037443, "max": 0.707229614258, "dvar": 0.00401420053095, "mean": 0.147699445486, "dvar2": 0.0069565908052, "min": 0.013097836636, "var": 0.0149142574519, "median": 0.0969268977642}, "pitch_salience": {"dmean": 0.113428555429, "dmean2": 0.173674106598, "max": 0.977534174919, "dvar": 0.0155977904797, "mean": 0.516568720341, "dvar2": 0.030528344214, "min": 0.021765647456, "var": 0.0418435037136, "median": 0.552844583988}, "erbbands_kurtosis": {"dmean": 1.2986907959, "dmean2": 2.12020993233, "max": 87.5740509033, "dvar": 5.46498250961, "mean": 0.978123307228, "dvar2": 12.8174533844, "min": -1.90004813671, "var": 9.19104766846, "median": 0.255662292242}, "average_loudness": 0.917880773544, "barkbands_crest": {"dmean": 3.39841008186, "dmean2": 5.17509698868, "max": 26.6873779297, "dvar": 14.3938913345, "mean": 10.3840780258, "dvar2": 28.8122425079, "min": 2.00462007523, "var": 43.2185516357, "median": 8.05940914154}, "hfc": {"dmean": 16.0420093536, "dmean2": 25.3623886108, "max": 171.779418945, "dvar": 450.494232178, "mean": 22.2501144409, "dvar2": 1073.22058105, "min": 1.03653506251e-16, "var": 637.846618652, "median": 13.0039682388}, "barkbands_kurtosis": {"dmean": 7.5421872139, "dmean2": 12.1461162567, "max": 927.838623047, "dvar": 819.364562988, "mean": 7.9994225502, "dvar2": 2001.15039063, "min": -1.94191193581, "var": 1031.51293945, "median": -0.113272473216}, "erbbands": {"dmean": [0.0882908701897, 0.627180993557, 1.21083950996, 1.66473805904, 1.59083461761, 1.8837556839, 2.11061668396, 2.29673838615, 3.26890850067, 2.99232506752, 5.72361469269, 5.73785161972, 9.58014202118, 11.5696821213, 8.85971450806, 23.4959888458, 16.8065853119, 16.0444049835, 18.426317215, 19.6836452484, 19.1296215057, 27.4282436371, 27.0157051086, 34.3097991943, 26.3376903534, 25.257106781, 24.4913444519, 17.7810115814, 10.3874254227, 6.93064260483, 4.88450145721, 3.17152428627, 1.91419863701, 1.23754251003, 0.51201158762, 0.164273157716, 0.0495578311384, 0.0111764427274, 0.0020303351339, 6.78017895552e-05], "dmean2": [0.135001793504, 0.946160078049, 1.8096370697, 2.88935399055, 2.86499762535, 3.37408041954, 3.76357269287, 3.98953032494, 5.50323820114, 5.1314535141, 9.35195350647, 9.41476726532, 16.1904201508, 19.4967880249, 15.1293964386, 40.0855979919, 27.9184150696, 26.7247581482, 31.8862266541, 32.3660163879, 31.2608375549, 43.5088310242, 43.669254303, 53.7515563965, 41.3356018066, 40.8955955505, 41.3995857239, 30.2172012329, 17.5953407288, 11.5737018585, 8.24471187592, 5.4457526207, 3.33064508438, 2.18575549126, 0.890285372734, 0.278624147177, 0.0846863240004, 0.0189616978168, 0.00341171608306, 0.000114634436613], "max": [2.72457790375, 10.6876935959, 20.7385005951, 37.4627304077, 35.1129074097, 35.092124939, 75.8290939331, 79.9820098877, 142.182296753, 325.594970703, 203.499481201, 284.887420654, 1102.1619873, 634.771789551, 535.464172363, 1326.19189453, 789.981323242, 1397.328125, 1726.08874512, 1552.30480957, 759.41607666, 1256.58508301, 688.02166748, 737.366027832, 474.823486328, 315.053192139, 298.378509521, 212.397064209, 176.60723877, 156.557037354, 73.563949585, 54.3999214172, 67.485824585, 165.154571533, 21.8246517181, 5.94131803513, 1.50943493843, 0.476941436529, 0.0868918523192, 0.00251472997479], "dvar": [0.0258480403572, 1.31125175953, 6.84597921371, 16.4934749603, 13.8066148758, 12.5471191406, 16.1371021271, 17.7535858154, 43.555934906, 46.553276062, 140.788360596, 115.543167114, 600.727539063, 590.157226563, 371.306060791, 2049.69360352, 1314.13037109, 1466.41442871, 2291.05517578, 2319.64624023, 1548.5958252, 1930.95666504, 1736.21264648, 3036.67871094, 1475.66271973, 1450.85351563, 1492.11010742, 745.774353027, 246.921096802, 136.028106689, 67.7326812744, 30.2457675934, 11.2419538498, 8.0877494812, 0.861721932888, 0.101361677051, 0.00894090067595, 0.000480830465676, 1.50439900608e-05, 1.3402894794e-08], "mean": [0.156371876597, 0.921813845634, 1.28966653347, 1.36445641518, 1.30866062641, 1.72590863705, 2.13399648666, 2.78080034256, 4.32934093475, 3.6219496727, 7.38154125214, 7.56784248352, 11.4017362595, 16.4589996338, 12.6811494827, 31.6779441833, 21.8194789886, 21.3733863831, 23.0728225708, 25.3189792633, 26.4508171082, 40.1840591431, 36.3284683228, 42.0324401855, 36.3112678528, 28.2381324768, 24.2655162811, 16.7920970917, 9.88503170013, 6.86033010483, 4.57915306091, 2.83260440826, 1.72980904579, 1.03867924213, 0.438184499741, 0.15020494163, 0.0479455776513, 0.0123369684443, 0.0024299591314, 9.20538441278e-05], "dvar2": [0.0618279650807, 2.79899644852, 15.2699241638, 43.8959922791, 38.6079139709, 37.1283416748, 47.6898040771, 47.2659263611, 105.756011963, 121.926109314, 358.632568359, 293.382263184, 1513.79187012, 1525.26306152, 972.574829102, 5423.13671875, 3523.6706543, 3831.20336914, 6042.92480469, 6040.88769531, 4058.75, 4620.31103516, 4236.24707031, 6863.29980469, 3128.12231445, 3628.03710938, 3815.4309082, 1932.1262207, 626.007263184, 333.606445313, 170.41645813, 77.6258544922, 28.483707428, 20.2970943451, 2.15802359581, 0.260256201029, 0.0225416067988, 0.00121404870879, 3.83167352993e-05, 3.45776136612e-08], "min": [4.90186712244e-23, 4.33369384199e-22, 1.68554791329e-21, 3.63068796336e-21, 9.01388326242e-21, 1.38943773157e-20, 2.16600280701e-20, 7.17961041565e-20, 6.30825835838e-20, 1.51787849199e-19, 2.19767413095e-19, 2.2448174805e-19, 5.74148958305e-19, 6.13528028739e-19, 5.34390470464e-19, 9.38826317203e-19, 9.77882166812e-19, 1.65300382172e-18, 2.0576510648e-18, 2.98292950774e-18, 2.92471501777e-18, 4.03132303151e-18, 3.86967539621e-18, 4.36269406644e-18, 5.10177498067e-18, 7.11638701103e-18, 8.01653984286e-18, 9.36582279598e-18, 1.15252348605e-17, 1.01180161773e-17, 1.03238559368e-17, 1.00644057746e-17, 9.45136402467e-18, 7.45626477138e-18, 5.53599765297e-18, 3.60049055896e-18, 2.4153824847e-18, 9.08900163411e-19, 2.43073692142e-19, 2.6160838952e-20], "var": [0.0666161179543, 2.256701231, 7.98208522797, 12.0837059021, 9.30516338348, 9.56664276123, 12.8042726517, 22.7270393372, 68.6900253296, 47.7925491333, 193.330032349, 145.591125488, 643.042541504, 929.895446777, 536.480102539, 2869.87231445, 1358.90905762, 1510.69189453, 2365.71728516, 2257.32568359, 1639.05969238, 2913.2421875, 2387.88378906, 4027.0637207, 2457.08569336, 1687.07165527, 1437.09753418, 686.48638916, 236.787307739, 135.029708862, 62.8472747803, 25.4407157898, 10.1278867722, 7.1158413887, 0.811113119125, 0.102080047131, 0.0103561505675, 0.000666608626489, 2.26531956287e-05, 2.07392236717e-08], "median": [0.0617272146046, 0.345017552376, 0.231923669577, 0.229470923543, 0.287544488907, 0.547490656376, 0.863151907921, 1.18314409256, 1.51727426052, 1.62030696869, 2.19220066071, 3.44992566109, 3.86045861244, 5.75220823288, 4.41198062897, 9.82006549835, 8.94635009766, 6.99304914474, 10.3262853622, 10.7608346939, 11.3498430252, 18.5981216431, 15.2707586288, 15.4624176025, 15.1123771667, 9.56355285645, 8.07410430908, 5.56358480453, 2.89433026314, 2.09191679955, 1.23232138157, 0.756544172764, 0.408531427383, 0.159211173654, 0.0704274624586, 0.0204582046717, 0.00504501443356, 0.00149688951205, 0.000295457197353, 3.40145052178e-05]}, "spectral_energy": {"dmean": 0.00640471512452, "dmean2": 0.00972137600183, "max": 0.0695568174124, "dvar": 4.74760454381e-05, "mean": 0.0154672143981, "dvar2": 0.000110416178359, "min": 9.84196698819e-21, "var": 0.000132218352519, "median": 0.0141964927316}, "zerocrossingrate": {"dmean": 0.0187739618123, "dmean2": 0.0219413153827, "max": 0.52978515625, "dvar": 0.000406369974371, "mean": 0.0904827639461, "dvar2": 0.000524784612935, "min": 0.0009765625, "var": 0.00598561903462, "median": 0.0849609375}, "spectral_energyband_high": {"dmean": 0.00143884250429, "dmean2": 0.00241797789931, "max": 0.016852831468, "dvar": 4.43116778115e-06, "mean": 0.