{"tonal": {"chords_key": "E", "hpcp_entropy": {"dmean": 0.58309841156, "dmean2": 0.966079652309, "max": 4.29893636703, "dvar": 0.244295075536, "mean": 1.99025475979, "dvar2": 0.654895424843, "min": 0, "var": 0.528981804848, "median": 2.00181102753}, "key_key": "A", "chords_strength": {"dmean": 0.00943010859191, "dmean2": 0.00925676897168, "max": 0.802410960197, "dvar": 0.000368522276403, "mean": 0.560826599598, "dvar2": 0.000684344500769, "min": -1, "var": 0.0238821264356, "median": 0.583814024925}, "key_scale": "major", "chords_number_rate": 0.00191143678967, "thpcp": [1, 0.60678756237, 0.318359643221, 0.269670635462, 0.267578810453, 0.426141321659, 0.513318479061, 0.401426851749, 0.322720080614, 0.326598107815, 0.355430454016, 0.551281273365, 0.705014705658, 0.575474143028, 0.685103356838, 0.785013854504, 0.464592456818, 0.262114316225, 0.262903809547, 0.299602508545, 0.606492638588, 0.812982738018, 0.505202829838, 0.260106682777, 0.254932403564, 0.282660931349, 0.43107059598, 0.528341472149, 0.377234786749, 0.303633064032, 0.331570476294, 0.269934356213, 0.303459227085, 0.392043441534, 0.436597853899, 0.787763953209], "key_strength": 0.861485779285, "tuning_nontempered_energy_ratio": 0.694608330727, "tuning_frequency": 440.763122559, "chords_changes_rate": 0.040140170604, "tuning_diatonic_strength": 0.699021100998, "chords_scale": "major", "chords_histogram": [28.5281944275, 2.89901232719, 33.4501419067, 1.75215041637, 9.58904075623, 0.0477859191597, 0.716788768768, 0, 1.09907615185, 7.0404586792, 2.75565457344, 0, 1.60879266262, 0.0955718383193, 0.127429112792, 0.461930543184, 0.0955718383193, 2.83529782295, 0.0955718383193, 0.446001917124, 0, 0.398215979338, 4.06180334091, 1.89550817013], "tuning_equal_tempered_deviation": 0.0450714565814, "hpcp": {"dmean": [0.139225229621, 0.120501182973, 0.094054877758, 0.0961129665375, 0.109191603959, 0.136814817786, 0.143313974142, 0.124092541635, 0.0936835855246, 0.0883476659656, 0.0939871072769, 0.113184966147, 0.117101162672, 0.101452641189, 0.0922892391682, 0.0889554470778, 0.0870054811239, 0.0962279587984, 0.114610090852, 0.12980376184, 0.158878579736, 0.163955211639, 0.143698871136, 0.119832530618, 0.100682765245, 0.092630751431, 0.115274511278, 0.124872200191, 0.117882378399, 0.106091365218, 0.110762238503, 0.122415132821, 0.144695147872, 0.157064542174, 0.151231750846, 0.147561445832], "dmean2": [0.236765652895, 0.206849172711, 0.163892775774, 0.169370725751, 0.191331028938, 0.233268082142, 0.23797185719, 0.212161153555, 0.163844034076, 0.153494104743, 0.164046362042, 0.192721560597, 0.196036979556, 0.171349272132, 0.156933248043, 0.151239216328, 0.151122301817, 0.16547113657, 0.19596350193, 0.221517294645, 0.267170220613, 0.273497819901, 0.245235309005, 0.210378184915, 0.175347298384, 0.16113217175, 0.195118635893, 0.209959730506, 0.202511012554, 0.182982444763, 0.191139891744, 0.212141945958, 0.244206815958, 0.262881755829, 0.257194548845, 0.249597802758], "max": [1, 1, 1, 1, 1, 1, 1, 1, 1, 1, 1, 1, 1, 1, 1, 1, 1, 1, 1, 1, 1, 1, 1, 1, 1, 1, 1, 1, 1, 1, 1, 1, 1, 1, 1, 1], "dvar": [0.0416454933584, 0.0321519598365, 0.0267768241465, 0.0310250520706, 0.032873339951, 0.0351728759706, 0.0374807529151, 0.0307142641395, 0.0277387145907, 0.0265805497766, 0.0271454900503, 0.0309501308948, 0.030066492036, 0.0236877147108, 0.0250403210521, 0.0242268126458, 0.0251855384558, 0.0250704530627, 0.0318213477731, 0.0344408415258, 0.0358853302896, 0.0420102477074, 0.0312394164503, 0.0340746976435, 0.0252975746989, 0.024773683399, 0.0305006317794, 0.0342324227095, 0.032193351537, 0.030659807846, 0.0341003127396, 0.0362722538412, 0.0379620864987, 0.0435043945909, 0.0402108728886, 0.0391874574125], "mean": [0.291648596525, 0.172605529428, 0.0973807871342, 0.0976741015911, 0.111308418214, 0.225324332714, 0.302039593458, 0.187693119049, 0.0966349169612, 0.0947125628591, 0.105014279485, 0.160151481628, 0.196289584041, 0.140150383115, 0.112805850804, 0.123185165226, 0.100286096334, 0.112741269171, 0.145652100444, 0.162204965949, 0.292670309544, 0.37152031064, 0.225433900952, 0.118277072906, 0.1001881212, 0.0994109585881, 0.15832015872, 0.190708249807, 0.149138227105, 0.119897060096, 0.12133783102, 0.132049635053, 0.204812183976, 0.26192727685, 0.21380032599, 0.254529803991], "dvar2": [0.103830717504, 0.0855234488845, 0.0726289004087, 0.0844610631466, 0.0905356407166, 0.0907401368022, 0.0876036658883, 0.0824416354299, 0.074197076261, 0.0696588382125, 0.0737010985613, 0.0819085165858, 0.0740141347051, 0.0616785138845, 0.0652687326074, 0.0628744959831, 0.0678949281573, 0.0676315203309, 0.081014432013, 0.0891221016645, 0.0931666344404, 0.100932464004, 0.0858035758138, 0.089132361114, 0.0659470036626, 0.0655784830451, 0.0790686160326, 0.0860982686281, 0.0856824964285, 0.0796665623784, 0.089836768806, 0.0958476439118, 0.0998594984412, 0.105766318738, 0.105472721159, 0.0989398434758], "min": [0, 0, 0, 0, 0, 0, 0, 0, 0, 0, 0, 0, 0, 0, 0, 0, 0, 0, 0, 0, 0, 0, 0, 0, 0, 0, 0, 0, 0, 0, 0, 0, 0, 0, 0, 0], "var": [0.121111229062, 0.0473120100796, 0.0299309305847, 0.032987806946, 0.0338659957051, 0.0690597519279, 0.110429689288, 0.0503146089613, 0.0308926459402, 0.0315876938403, 0.0345257483423, 0.050310600549, 0.0692153796554, 0.0359792672098, 0.0325281061232, 0.0433994233608, 0.0295476056635, 0.0291114393622, 0.0450805723667, 0.0486018396914, 0.0825420543551, 0.122132077813, 0.0534331910312, 0.0360512919724, 0.0283837858588, 0.0278309229761, 0.0526457354426, 0.0711614191532, 0.0454473495483, 0.0393107831478, 0.0422591976821, 0.0434629768133, 0.0595660507679, 0.0907234251499, 0.0613519176841, 0.0878740027547], "median": [0.113334164023, 0.074071161449, 0.0268328301609, 0.0241391751915, 0.0331416353583, 0.109850808978, 0.154133617878, 0.0955015197396, 0.0265446156263, 0.0242148451507, 0.0263590440154, 0.0632188916206, 0.0817032679915, 0.0606404617429, 0.0383808538318, 0.0347278565168, 0.0295489821583, 0.0441040620208, 0.0584319978952, 0.071206048131, 0.184745579958, 0.242814868689, 0.145964950323, 0.0407325252891, 0.0305489040911, 0.0313014388084, 0.0535674467683, 0.0663455948234, 0.0559622496367, 0.0343297123909, 0.0325775295496, 0.0408685579896, 0.10166965425, 0.133828029037, 0.107735000551, 0.113643541932]}}, "lowlevel": {"melbands_flatness_db": {"dmean": 0.0222976617515, "dmean2": 0.0333650223911, "max": 0.682347238064, "dvar": 0.000692357541993, "mean": 0.22791159153, "dvar2": 0.00136358651798, "min": 0.00329830707051, "var": 0.0117975054309, "median": 0.198027461767}, "melbands_crest": {"dmean": 2.72012352943, "dmean2": 4.42623519897, "max": 33.791053772, "dvar": 7.20712327957, "mean": 11.9404706955, "dvar2": 18.2049694061, "min": 1.55340945721, "var": 24.2506446838, "median": 10.9396038055}, "spectral_entropy": {"dmean": 0.149203971028, "dmean2": 0.222419172525, "max": 9.82203102112, "dvar": 0.028409101069, "mean": 7.24850702286, "dvar2": 0.0579479783773, "min": 4.60537385941, "var": 0.368553519249, "median": 7.39006471634}, "melbands": {"dmean": [0.000221783775487, 0.000409259460866, 0.000341478153132, 0.000241424291744, 0.000200677939574, 0.000238531618379, 0.000179758717422, 0.000159319883096, 0.000161872725585, 0.000140774252941, 0.000146793041495, 0.000128271261929, 0.000120056021842, 6.61867379677e-05, 7.12476903573e-05, 5.7529858168e-05, 5.59386280656e-05, 4.72915453429e-05, 1.68856349774e-05, 1.09820739453e-05, 8.79227718542e-06, 7.3383025665e-06, 6.2674507717e-06, 3.91155163015e-06, 2.44196849053e-06, 2.22905646297e-06, 2.00768454306e-06, 2.01320176529e-06, 1.43099509842e-06, 9.56226017479e-07, 9.05201147816e-07, 7.61539467931e-07, 6.12452993209e-07, 3.95435563405e-07, 3.70174973341e-07, 4.07620973419e-07, 1.72067061044e-07, 1.53338348241e-07, 1.55015086989e-07, 1.40191403375e-07], "dmean2": [0.000311555195367, 0.000691177905537, 0.000573371362407, 0.000396558694774, 0.000320407416439, 0.000377459451556, 0.000290536641842, 0.000250807817793, 0.000258333602687, 0.000219081397518, 0.000229733035667, 0.000201273869607, 0.000190755949006, 0.000104748127342, 0.000114215588837, 9.15629498195e-05, 8.7668231572e-05, 7.43524651625e-05, 2.6406321922e-05, 1.7179756469e-05, 1.41249602166e-05, 1.1746365999e-05, 1.01297282527e-05, 6.28876705377e-06, 3.90007517126e-06, 3.55433439836e-06, 3.17855801768e-06, 3.1708473216e-06, 2.21339860218e-06, 1.47876096435e-06, 1.37783206355e-06, 1.15230807296e-06, 9.35498690069e-07, 5.94114681007e-07, 5.50981837932e-07, 6.11417931395e-07, 2.52401633816e-07, 2.24427793682e-07, 2.27833723443e-07, 2.08232577847e-07], "max": [0.0228821430355, 0.0231035649776, 0.0185265019536, 0.00994005985558, 0.00817142054439, 0.0101789981127, 0.008371273987, 0.0154667841271, 0.00907902885228, 0.00744681153446, 0.00787871610373, 0.00583738693967, 0.00681996857747, 0.0049792076461, 0.00370052363724, 0.0043907398358, 0.00395560171455, 0.00533220171928, 0.00139392155688, 0.000671663845424, 0.000845083908644, 0.000476754037663, 0.000250781595241, 0.000183529846254, 0.000107766420115, 8.69748255354e-05, 7.69415128161e-05, 8.67151175044e-05, 0.000107357569505, 4.54794098914e-05, 3.37616656907e-05, 3.77100514015e-05, 4.43005083071e-05, 4.25043144787e-05, 3.54873300239e-05, 4.34325556853e-05, 3.23827007378e-05, 1.2946777133e-05, 1.58000748343e-05, 1.51400899995e-05], "dvar": [6.19611910224e-07, 1.10631367534e-06, 6.93780577876e-07, 1.97114431444e-07, 1.68042348037e-07, 3.01615926901e-07, 1.71467263499e-07, 1.53154402938e-07, 1.18561686691e-07, 8.49007832926e-08, 1.17813669931e-07, 8.37772233808e-08, 1.07016795425e-07, 2.39471749097e-08, 2.28683489922e-08, 1.82717769803e-08, 2.45180800107e-08, 2.22480061041e-08, 2.06343764297e-09, 5.81493242446e-10, 4.35880692651e-10, 2.02986905062e-10, 1.36584035748e-10, 5.36027507103e-11, 2.05675997067e-11, 2.1307492229e-11, 1.55070522395e-11, 1.54227238619e-11, 1.14247448307e-11, 4.20922801822e-12, 3.92713552649e-12, 2.80625674608e-12, 2.04381021655e-12, 1.07981137053e-12, 1.02621828136e-12, 1.40343303385e-12, 2.45215523234e-13, 1.83296981109e-13, 2.04372448327e-13, 1.81451425066e-13], "mean": [0.000325957429595, 0.00095165707171, 0.000691601831932, 0.000430526182754, 0.000362236372894, 0.000386591651477, 0.000285425339825, 0.000284354609903, 0.000305646273773, 0.000264131755102, 0.000258292304352, 0.000237105414271, 0.000224944276852, 0.00012807630992, 0.000133499066578, 0.000108635147626, 0.00010003674106, 7.96888562036e-05, 3.042660137e-05, 2.12593968172e-05, 1.63962777151e-05, 1.51439726324e-05, 1.36284879773e-05, 9.10955623112e-06, 6.11613677393e-06, 5.49608057554e-06, 5.09114124725e-06, 5.00078522236e-06, 3.60749891115e-06, 2.44187071985e-06, 2.1835012376e-06, 1.88724504824e-06, 1.48832793911e-06, 9.16802434858e-07, 7.53875497139e-07, 6.8938993536e-07, 3.43878184594e-07, 3.06987175236e-07, 3.03343284713e-07, 2.50104307042e-07], "dvar2": [1.24507528199e-06, 2.91499509331e-06, 1.86655859125e-06, 5.29702504082e-07, 4.21845498977e-07, 7.5542874356e-07, 4.45904589697e-07, 3.4893852785e-07, 3.02551200093e-07, 2.05959963751e-07, 2.84667748929e-07, 2.1097714864e-07, 2.82107720295e-07, 6.26745588761e-08, 5.82403387739e-08, 4.54701876151e-08, 5.74820298027e-08, 4.84897917374e-08, 4.73236916321e-09, 1.35552646885e-09, 1.11068143571e-09, 5.17178966319e-10, 3.6068706355e-10, 1.37138411738e-10, 5.10891329242e-11, 5.57057178163e-11, 3.86164086819e-11, 3.67615521357e-11, 2.66429101003e-11, 9.8903532933e-12, 9.1118996029e-12, 6.25492322867e-12, 4.74942004128e-12, 2.37080320653e-12, 2.20159654396e-12, 3.07825119561e-12, 4.61719800848e-13, 3.92182678477e-13, 4.3199672355e-13, 3.94790916538e-13], "min": [8.00159710663e-25, 1.1233439441e-24, 1.04599100475e-24, 8.81950633557e-25, 1.13296075018e-24, 1.21242852701e-24, 2.1841531093e-24, 1.83932820257e-24, 1.81006954881e-24, 2.15481951376e-24, 2.19099608323e-24, 2.24784041398e-24, 2.49372776649e-24, 3.48031981305e-24, 2.79069780692e-24, 3.93152064071e-24, 3.36764365451e-24, 2.46830534332e-24, 4.72637491665e-24, 3.30602237655e-24, 3.86609646153e-24, 2.86282473999e-24, 4.13604742431e-24, 4.00791866393e-24, 4.07611568919e-24, 4.75030698437e-24, 4.24381805131e-24, 4.05172489886e-24, 4.89113127772e-24, 4.92641899817e-24, 3.80165638634e-24, 5.59908700293e-24, 5.67337521767e-24, 5.43212183133e-24, 6.58905024657e-24, 6.28910482002e-24, 6.02853972429e-24, 5.07311793868e-24, 3.50535391945e-24, 6.36827726705e-24], "var": [9.4543298701e-07, 1.6935136955e-06, 9.37881793561e-07, 3.27644727349e-07, 3.12115815859e-07, 5.29796977844e-07, 2.61736516904e-07, 3.42234415029e-07, 2.46063791565e-07, 2.096947469e-07, 2.96409041312e-07, 2.1076400003e-07, 2.6897791372e-07, 6.31583176869e-08, 5.72433478396e-08, 4.62457698802e-08, 5.4198856958e-08, 4.13047800407e-08, 3.77887143799e-09, 1.70435976443e-09, 8.92581841772e-10, 6.05607619608e-10, 3.85186216256e-10, 1.73537836878e-10, 7.92070645184e-11, 6.85427478664e-11, 5.43622716287e-11, 5.54080982484e-11, 3.97865455859e-11, 1.60002185112e-11, 1.25536430209e-11, 9.51126937626e-12, 6.08330746887e-12, 2.95201211566e-12, 2.3871787793e-12, 2.49284338831e-12, 6.62816915069e-13, 4.51042279697e-13, 4.75014721567e-13, 3.72750631359e-13], "median": [2.67116629402e-05, 0.000430510495789, 0.000405639526434, 0.00024878102704, 0.000177910900675, 0.000141897020512, 0.000108498876216, 0.000112418376375, 0.000135326437885, 0.000109741049528, 6.60700388835e-05, 6.74923066981e-05, 4.75623965031e-05, 3.09707029373e-05, 4.70217273687e-05, 3.26426525135e-05, 1.9659721147e-05, 2.22898852371e-05, 1.10270411824e-05, 8.05819581728e-06, 6.28172711004e-06, 7.07908475306e-06, 6.26956807537e-06, 3.87223099096e-06, 2.40759072767e-06, 1.93885580302e-06, 1.80331039701e-06, 1.68542169376e-06, 1.04614787233e-06, 6.64895424052e-07, 5.89638943893e-07, 5.76380557504e-07, 4.42154146185e-07, 2.4334013915e-07, 2.19232433096e-07, 1.85556558563e-07, 9.65225552818e-08, 7.72182389142e-08, 6.52562732739e-08, 4.67557441652e-08]}, "silence_rate_60dB": {"dmean": 0.0229427237064, "dmean2": 0.0458891019225, "max": 1, "dvar": 0.0224098619074, "mean": 0.196750044823, "dvar2": 0.0474571585655, "min": 0, "var": 0.158031448722, "median": 0}, "spectral_energyband_middle_high": {"dmean": 0.00237808004022, "dmean2": 0.00352631835267, "max": 0.0654440075159, "dvar": 1.59898499987e-05, "mean": 0.00811954867095, "dvar2": 3.69355038856e-05, "min": 1.20703331953e-21, "var": 0.000112545669253, "median": 0.00366084836423}, "erbbands_skewness": {"dmean": 0.347249567509, "dmean2": 0.537984013557, "max": 6.64158725739, "dvar": 0.146716102958, "mean": 0.319616645575, "dvar2": 0.333379536867, "min": -6.41040086746, "var": 0.731643080711, "median": 0.390516400337}, "dynamic_complexity": 7.57223129272, "dissonance": {"dmean": 0.024622656405, "dmean2": 0.0412163920701, "max": 0.500000178814, "dvar": 0.000767707300838, "mean": 0.454778283834, "dvar2": 0.0019928116817, "min": 0.117956697941, "var": 0.00163876300212, "median": 0.464535653591}, "spectral_skewness": {"dmean": 0.465891838074, "dmean2": 0.775185763836, "max": 16.293384552, "dvar": 0.845606088638, "mean": 2.45676708221, "dvar2": 2.42138242722, "min": -0.827248990536, "var": 3.20039439201, "median": 1.95090055466}, "spectral_kurtosis": {"dmean": 6.7654004097, "dmean2": 11.1031351089, "max": 417.350158691, "dvar": 351.407989502, "mean": 18.4977416992, "dvar2": 913.843261719, "min": -1.25598216057, "var": 1480.89355469, "median": 6.47296380997}, "gfcc": {"cov": [[57912.0039062, -351.875488281, 3942.5390625, 7056.14697266, -2978.90234375, 2477.22338867, -858.821777344, 267.838989258, -1472.93615723, 198.998825073, -1300.46960449, 67.2029647827, -719.509887695], [-351.875488281, 1021.71099854, 29.5790691376, -78.6449050903, 159.636581421, -31.8879451752, 114.826705933, 22.864320755, 76.2807922363, -71.1199951172, 44.4242744446, -46.8308563232, 26.5252437592], [3942.5390625, 29.5790691376, 2856.51879883, 1878.33166504, -417.927429199, 568.811767578, -35.5197525024, 129.054702759, -241.851074219, 65.4584732056, -296.464508057, 138.075469971, -87.3162765503], [7056.14697266, -78.6449050903, 1878.33166504, 2328.80639648, -440.564971924, 555.708129883, -75.7241134644, 43.5008277893, -320.503753662, 41.2278709412, -313.7421875, 59.9629936218, -121.182815552], [-2978.90234375, 159.636581421, -417.927429199, -440.564971924, 497.781951904, -76.2134094238, 93.733581543, -1.24724471569, 160.268539429, -4.35166215897, 105.07118988, -39.9710845947, 50.0448532104], [2477.22338867, -31.8879451752, 568.811767578, 555.708129883, -76.2134094238, 400.921936035, 112.008605957, 41.3254203796, -87.5054855347, 22.3488254547, -88.9733428955, 19.1678295135, -43.7117156982], [-858.821777344, 114.826705933, -35.5197525024, -75.7241134644, 93.733581543, 112.008605957, 292.734527588, 58.0718955994, 24.2122402191, -18.6205558777, 51.1486549377, -6.8108549118, 8.54308700562], [267.838989258, 22.864320755, 129.054702759, 43.5008277893, -1.24724471569, 41.3254203796, 58.0718955994, 130.411468506, 31.7122650146, 4.42646694183, -9.70963001251, 6.29644012451, -1.52995300293], [-1472.93615723, 76.2807922363, -241.851074219, -320.503753662, 160.268539429, -87.5054855347, 24.2122402191, 31.7122650146, 182.703521729, 21.1840419769, 55.079284668, -29.3767356873, 33.4666748047], [198.998825073, -71.1199951172, 65.4584732056, 41.2278709412, -4.35166215897, 22.3488254547, -18.6205558777, 4.42646694183, 21.1840419769, 89.4004135132, 18.7036361694, 4.69160270691, -11.2035522461], [-1300.46960449, 44.4242744446, -296.464508057, -313.7421875, 105.07118988, -88.9733428955, 51.1486549377, -9.70963001251, 55.079284668, 18.7036361694, 143.809448242, 8.39072990417, 31.1365203857], [67.2029647827, -46.8308563232, 138.075469971, 59.9629936218, -39.9710845947, 19.1678295135, -6.8108549118, 6.29644012451, -29.3767356873, 4.69160270691, 8.39072990417, 79.2454910278, 12.843000412], [-719.509887695, 26.5252437592, -87.3162765503, -121.182815552, 50.0448532104, -43.7117156982, 8.54308700562, -1.52995300293, 33.4666748047, -11.2035522461, 31.1365203857, 12.843000412, 74.4742736816]], "mean": [-107.98361969, 105.631713867, -147.681381226, -8.69874668121, -57.512386322, 2.98838090897, -35.8831634521, 1.2409722805, -25.2958564758, -1.02958536148, -18.6088275909, -4.31050634384, -14.4816160202], "icov": [[6.1091297539e-05, -8.25501992949e-05, 0.000138741204864, -0.000133901281515, 0.000244771421421, -0.000378800992621, 0.000293908262393, -0.000230294332141, 8.01620699349e-05, -7.14351626812e-05, -4.00884482588e-06, 3.78178774554e-05, 8.75270634424e-05], [-8.25501992949e-05, 0.00134431989864, -0.000396212562919, 0.000106753599539, -0.000523915223312, 0.000703396624885, -0.000705774873495, 0.00038446491817, -0.000564035377465, 0.00133594765794, -0.000624609645456, 0.000746886071283, -0.000126619590446], [0.000138741204864, -0.000396212562919, 0.00126634142362, -0.000848666299134, 0.00067229376873, -0.00122549757361, 0.000755442306399, -0.00100600416772, 3.9836490032e-05, -0.000688361702487, 0.000669355038553, -0.00116840924602, 0.000107104955532], [-0.000133901281515, 0.000106753599539, -0.000848666299134, 0.00159746932331, -0.000441658106865, 0.000118777265016, -0.000336782832164, 0.000511793768965, 0.000842517009005, -0.000272072647931, 0.000757036963478, 0.000392437825212, -0.000115377566544], [0.000244771421421, -0.000523915223312, 0.00067229376873, -0.000441658106865, 0.00437253853306, -0.00204679416493, 0.000735654844902, -0.000202075214474, -0.00207049655728, 0.000294950034004, -0.00116998236626, 0.000810193130746, -0.000282938039163], [-0.000378800992621, 0.000703396624885, -0.00122549757361, 0.000118777265016, -0.00204679416493, 0.00805005803704, -0.00480927247554, 0.00151977257337, 0.000583556597121, -0.00151591014583, 0.00235569523647, -0.00070310960291, 0.000175527020474], [0.000293908262393, -0.000705774873495, 0.000755442306399, -0.000336782832164, 0.000735654844902, -0.00480927247554, 0.00752100767568, -0.00345271523111, 0.000632732117083, 0.00190463021863, -0.00336358370259, 0.00114215153735, 0.000389306078432], [-0.000230294332141, 0.00038446491817, -0.00100600416772, 0.000511793768965, -0.000202075214474, 0.00151977257337, -0.00345271523111, 0.0110199078918, -0.00374467065558, 0.000411700428231, 0.00128007959574, -0.00146738195326, 0.000404260732466], [8.01620699349e-05, -0.000564035377465, 3.9836490032e-05, 0.000842517009005, -0.00207049655728, 0.000583556597121, 0.000632732117083, -0.00374467065558, 0.0118834450841, -0.00445360084996, 0.000679221586324, 0.00311779975891, -0.00285439775325], [-7.14351626812e-05, 0.00133594765794, -0.000688361702487, -0.000272072647931, 0.000294950034004, -0.00151591014583, 0.00190463021863, 0.000411700428231, -0.00445360084996, 0.0165090337396, -0.00603736098856, 0.000389467080822, 0.00322811980732], [-4.00884482588e-06, -0.000624609645456, 0.000669355038553, 0.000757036963478, -0.00116998236626, 0.00235569523647, -0.00336358370259, 0.00128007959574, 0.000679221586324, -0.00603736098856, 0.0149316722527, -0.00431440584362, -0.00193081004545], [3.78178774554e-05, 0.000746886071283, -0.00116840924602, 0.000392437825212, 0.000810193130746, -0.00070310960291, 0.00114215153735, -0.00146738195326, 0.00311779975891, 0.000389467080822, -0.00431440584362, 0.0178582053632, -0.00436854781583], [8.75270634424e-05, -0.000126619590446, 0.000107104955532, -0.000115377566544, -0.000282938039163, 0.000175527020474, 0.000389306078432, 0.000404260732466, -0.00285439775325, 0.00322811980732, -0.00193081004545, -0.00436854781583, 0.0178417023271]]}, "spectral_complexity": {"dmean": 2.3753683567, "dmean2": 3.58492660522, "max": 49, "dvar": 6.59335279465, "mean": 17.3277835846, "dvar2": 13.3447504044, "min": 0, "var": 124.701049805, "median": 17}, "spectral_flux": {"dmean": 0.0177009925246, "dmean2": 0.0263010710478, "max": 0.283340036869, "dvar": 0.000453920074506, "mean": 0.0685594305396, "dvar2": 0.000919154379517, "min": 6.4175297021e-11, "var": 0.0023617176339, "median": 0.062882207334}, "spectral_energyband_low": {"dmean": 0.00184546259698, "dmean2": 0.00294255837798, "max": 0.0939070731401, "dvar": 2.01583807211e-05, "mean": 0.00434152502567, "dvar2": 4.64686345367e-05, "min": 1.29868190786e-23, "var": 3.53264258592e-05, "median": 0.00272406963632}, "spectral_decrease": {"dmean": 1.37937639089e-09, "dmean2": 1.99474370355e-09, "max": 1.61642722453e-28, "dvar": 3.80222378034e-18, "mean": -5.47406076024e-09, "dvar2": 7.59174372082e-18, "min": -3.18042090441e-08, "var": 2.22724649959e-17, "median": -4.49046488882e-09}, "barkbands_spread": {"dmean": 2.98133301735, "dmean2": 4.65050458908, "max": 107.521980286, "dvar": 18.2301692963, "mean": 14.606054306, "dvar2": 41.4144859314, "min": 0.152286276221, "var": 83.6449127197, "median": 13.6286592484}, "spectral_rms": {"dmean": 0.000540540728252, "dmean2": 0.000754634442274, "max": 0.0109757371247, "dvar": 4.4460529125e-07, "mean": 0.00402466533706, "dvar2": 7.81877304235e-07, "min": 3.09006964981e-12, "var": 5.56927761863e-06, "median": 0.00420451257378}, "spectral_centroid": {"dmean": 146.695846558, "dmean2": 223.58442688, "max": 11970.4960938, "dvar": 40158.7304688, "mean": 1212.89990234, "dvar2": 74447.828125, "min": 138.820678711, "var": 904230.5625, "median": 1120.50476074}, "barkbands_skewness": {"dmean": 0.424377799034, "dmean2": 0.649485707283, "max": 7.77627182007, "dvar": 0.268061846495, "mean": 0.809822976589, "dvar2": 0.614090919495, "min": -10.991856575, "var": 1.63102459908, "median": 0.902151167393}, "spectral_rolloff": {"dmean": 241.531768799, "dmean2": 401.311096191, "max": 19616.7480469, "dvar": 362057.65625, "mean": 1424.64453125, "dvar2": 831069, "min": 86.1328125, "var": 2926691.75, "median": 1281.22558594}, "erbbands_spread": {"dmean": 4.39568090439, "dmean2": 6.69523048401, "max": 162.822296143, "dvar": 34.141658783, "mean": 23.7799377441, "dvar2": 73.8227310181, "min": 0.241629749537, "var": 229.480621338, "median": 22.1534347534}, "barkbands": {"dmean": [4.57497044408e-05, 0.00084485457046, 0.000998322386295, 0.000731202657335, 0.00103623920586, 0.00120423338376, 0.000878209772054, 0.000830890785437, 0.00102726148907, 0.00105418136809, 0.000872298085596, 0.000600812199991, 0.000638626748696, 0.000627159664873, 0.000305119436234, 0.000134543559398, 0.000127582869027, 8.09215998743e-05, 5.48523421458e-05, 5.76053971599e-05, 3.99153796025e-05, 3.23228123307e-05, 2.37414114963e-05, 1.27206049001e-05, 1.32299946927e-05, 1.74408141902e-05, 1.11513088541e-06], "dmean2": [5.19731765962e-05, 0.00126859813463, 0.00171029591002, 0.00125017715618, 0.00169547018595, 0.00190559471957, 0.00140507053584, 0.00131402525585, 0.00160359905567, 0.00165607454255, 0.00138678064104, 0.000957845884841, 0.00102755310945, 0.00098973326385, 0.000481528666569, 0.000211879523704, 0.000203901872737, 0.000128426894662, 8.70341755217e-05, 8.96292985999e-05, 6.01331848884e-05, 4.79652771901e-05, 3.46654596797e-05, 1.82471976586e-05, 1.97854624275e-05, 2.76070059044e-05, 1.75118350398e-06], "max": [0.00514003541321, 0.0705136209726, 0.036483861506, 0.0543128550053, 0.0428845211864, 0.0472187772393, 0.0475990474224, 0.0454706810415, 0.0421308800578, 0.0456016622484, 0.0418203361332, 0.0371963642538, 0.0326599813998, 0.0474432781339, 0.0315753929317, 0.00884208176285, 0.00665774568915, 0.00343105499633, 0.00225858506747, 0.00225254334509, 0.00212275679223, 0.00147813546937, 0.00203781877644, 0.00175563455559, 0.0017993953079, 0.00126443232875, 0.000380454875994], "dvar": [2.2601117422e-08, 8.44219084684e-06, 5.56645136385e-06, 4.42060036221e-06, 3.51546555066e-06, 7.36409674573e-06, 3.77789478989e-06, 3.78805066248e-06, 4.01916122428e-06, 5.70352540308e-06, 5.51686798644e-06, 1.7276803419e-06, 1.98926795747e-06, 3.04281616081e-06, 9.88014562608e-07, 9.19567710866e-08, 5.41873355075e-08, 2.09727346601e-08, 1.14887859226e-08, 1.20766658895e-08, 7.34607308317e-09, 5.12175546419e-09, 3.80432085834e-09, 1.21272358822e-09, 1.78721237809e-09, 5.01181851575e-09, 4.99518933161e-11], "mean": [6.46399712423e-05, 0.00133771006949, 0.00233483780175, 0.00124935654458, 0.00189404783305, 0.00197586999275, 0.00142976781353, 0.00140581955202, 0.00191062549129, 0.00184299761895, 0.00157676811796, 0.00111592677422, 0.00118739157915, 0.00111606856808, 0.000518497021403, 0.000263564434135, 0.0002718444739, 0.000198592722882, 0.000142393590068, 0.000156816284289, 0.000109405285912, 8.60351283336e-05, 5.0070360885e-05, 2.74065132544e-05, 2.36632640735e-05, 1.99118385353e-05, 1.35177208449e-06], "dvar2": [2.76095004637e-08, 1.82573548955e-05, 1.51165477291e-05, 1.196462199e-05, 9.24175947148e-06, 1.83813917829e-05, 9.44296789385e-06, 9.05195520318e-06, 9.91644355963e-06, 1.41796826938e-05, 1.44203577293e-05, 4.45605019195e-06, 4.97460405313e-06, 6.94792379363e-06, 2.26903193834e-06, 2.21479595552e-07, 1.38552707085e-07, 5.27321191157e-08, 2.91834645338e-08, 2.81454379802e-08, 1.67762905789e-08, 1.10292415201e-08, 8.1393753959e-09, 2.30260299716e-09, 3.96035515493e-09, 1.26471029205e-08, 1.30828528566e-10], "min": [3.78997054601e-25, 2.07065574657e-24, 1.01821895936e-24, 1.99585272613e-25, 9.63330195071e-24, 3.22839964677e-24, 8.91839833308e-24, 9.66749118234e-24, 1.60812514082e-23, 1.73009124092e-23, 1.95393462485e-23, 2.94713290817e-23, 2.42495542498e-23, 2.77334337977e-23, 4.65047198253e-23, 5.23312685594e-23, 5.07535372826e-23, 8.96825670887e-23, 1.25920098149e-22, 1.5752021256e-22, 2.05239128158e-22, 3.44643408776e-22, 4.18456227532e-22, 5.39775587908e-22, 9.12658096633e-22, 1.3609595954e-21, 2.02141393815e-21], "var": [5.78056607026e-08, 1.14912963909e-05, 1.07243922685e-05, 5.81480662731e-06, 6.24269023319e-06, 1.32036129799e-05, 6.70619601806e-06, 7.96076983534e-06, 9.56355779635e-06, 1.39691937875e-05, 1.39619487527e-05, 4.27117038271e-06, 5.07897493662e-06, 6.65776906317e-06, 1.46373531607e-06, 2.63384549726e-07, 1.65920155837e-07, 7.61068719157e-08, 4.16333847397e-08, 4.94199028367e-08, 3.06302112563e-08, 1.8692249526e-08, 9.10504560636e-09, 3.44282291564e-09, 3.41684947003e-09, 4.9237200983e-09, 4.6723593744e-11], "median": [6.36386971564e-07, 0.000134739078931, 0.000445194425993, 0.000379708886612, 0.00111786450725, 0.000733112799935, 0.000546505383682, 0.000465547200292, 0.000818473054096, 0.000495249347296, 0.000307466543745, 0.000324377440847, 0.000357154465746, 0.000248352764174, 0.000179099239176, 9.61074256338e-05, 0.000131188775413, 8.98112702998e-05, 5.17575972481e-05, 5.82061402383e-05, 3.14166172757e-05, 2.71642675216e-05, 1.44657333294e-05, 7.71311715653e-06, 5.11697453476e-06, 2.93631774184e-06, 5.55204806574e-08]}, "melbands_kurtosis": {"dmean": 2.97137522697, "dmean2": 4.65216302872, "max": 123.273963928, "dvar": 29.9017486572, "mean": 5.62483406067, "dvar2": 69.5968399048, "min": -1.83393716812, "var": 79.9539337158, "median": 3.06584525108}, "erbbands_crest": {"dmean": 2.59214496613, "dmean2": 4.19145965576, "max": 32.7977867126, "dvar": 6.38063383102, "mean": 9.75913619995, "dvar2": 16.1022834778, "min": 2.73670077324, "var": 25.0147380829, "median": 8.3539018631}, "melbands_skewness": {"dmean": 0.475943535566, "dmean2": 0.728428244591, "max": 7.7408914566, "dvar": 0.285564392805, "mean": 1.31473851204, "dvar2": 0.634636223316, "min": -7.71445989609, "var": 2.08892297745, "median": 1.33418750763}, "spectral_energyband_middle_low": {"dmean": 0.0034731994383, "dmean2": 0.00518542528152, "max": 0.106312319636, "dvar": 2.99245748465e-05, "mean": 0.0103157237172, "dvar2": 6.49627545499e-05, "min": 1.31153679074e-22, "var": 0.000107697720523, "median": 0.00786461494863}, "spectral_contrast_coeffs": {"dmean": [0.0473579801619, 0.0446341112256, 0.0374322459102, 0.0309723801911, 0.0232954509556, 0.0192436445504], "dmean2": [0.0785875022411, 0.0726079717278, 0.0598069988191, 0.0494118966162, 0.036123316735, 0.0305268615484], "max": [-0.32694503665, -0.453005760908, -0.414502501488, -0.463869869709, -0.360831469297, -0.599205136299], "dvar": [0.00160284759477, 0.00139025435783, 0.000969112094026, 0.000734256522264, 0.000482742878376, 0.00038649403723], "mean": [-0.618287682533, -0.743180811405, -0.752734661102, -0.756274938583, -0.77547544241, -0.777984082699], "dvar2": [0.00423893099651, 0.00354319741018, 0.00236637634225, 0.00165824964643, 0.0009819540428, 0.00100586935878], "min": [-0.977646172047, -0.998191595078, -0.996187388897, -0.974786877632, -0.96808296442, -0.965321481228], "var": [0.012966491282, 0.00640264293179, 0.00649231206626, 0.00513383373618, 0.0039269477129, 0.00411131139845], "median": [-0.599436283112, -0.741189301014, -0.74977606535, -0.752372741699, -0.776242017746, -0.768843054771]}, "spectral_contrast_valleys": {"dmean": [0.496237695217, 0.356508284807, 0.338207751513, 0.305940926075, 0.261446416378, 0.342464387417], "dmean2": [0.79538333416, 0.557259142399, 0.507245540619, 0.441223114729, 0.373449355364, 0.49454382062], "max": [-5.46113443375, -4.51301193237, -4.8861656189, -5.60811090469, -5.78258037567, -8.03115367889], "dvar": [0.242274746299, 0.110170215368, 0.116442419589, 0.102513417602, 0.0928725451231, 0.181866288185], "mean": [-9.14098834991, -7.35150384903, -7.71015977859, -8.30742454529, -8.90219593048, -11.7480430603], "dvar2": [0.521294236183, 0.222797200084, 0.205267220736, 0.171500250697, 0.159761697054, 0.420351028442], "min": [-28.25157547, -28.1852798462, -27.7996253967, -27.7304840088, -27.4276752472, -27.3984870911], "var": [9.29425239563, 6.62654209137, 5.63276767731, 5.61904716492, 7.30493831635, 7.76879882812], "median": [-8.03310394287, -6.51437759399, -7.15560722351, -7.72962188721, -7.91985702515, -10.727104187]}, "silence_rate_20dB": {"dmean": 0, "dmean2": 0, "max": 1, "dvar": 0, "mean": 1, "dvar2": 0, "min": 1, "var": 0, "median": 1}, "silence_rate_30dB": {"dmean": 0.000159324466949, "dmean2": 0.000318674312439, "max": 1, "dvar": 0.000159283707035, "mean": 0.999920368195, "dvar2": 0.000477848458104, "min": 0, "var": 7.9645702499e-05, "median": 1}, "spectral_strongpeak": {"dmean": 0.559313178062, "dmean2": 0.918225884438, "max": 14.437623024, "dvar": 0.7863535285, "mean": 1.11404573917, "dvar2": 1.85965979099, "min": 0, "var": 1.97487819195, "median": 0.492766052485}, "spectral_spread": {"dmean": 424920.46875, "dmean2": 634121.125, "max": 42707916, "dvar": 464920838144, "mean": 3633102.5, "dvar2": 820290453504, "min": 181978.3125, "var": 12299584667600.0, "median": 3373086.25}, "barkbands_flatness_db": {"dmean": 0.0205623842776, "dmean2": 0.0308228582144, "max": 0.672329366207, "dvar": 0.000606613582931, "mean": 0.173659086227, "dvar2": 0.00118051469326, "min": 0.0232320595533, "var": 0.0117973871529, "median": 0.141166627407}, "pitch_salience": {"dmean": 0.0627994462848, "dmean2": 0.101940602064, "max": 0.975323200226, "dvar": 0.00333233457059, "mean": 0.613563299179, "dvar2": 0.00871095899493, "min": 0.178717762232, "var": 0.0116735687479, "median": 0.616603732109}, "erbbands_kurtosis": {"dmean": 1.28634679317, "dmean2": 2.0170788765, "max": 92.6385726929, "dvar": 9.12780570984, "mean": 1.64855468273, "dvar2": 21.2338466644, "min": -1.81048798561, "var": 20.8402118683, "median": 0.447872281075}, "average_loudness": 0.69295912981, "barkbands_crest": {"dmean": 2.26133728027, "dmean2": 3.72147345543, "max": 26.0932331085, "dvar": 4.79106378555, "mean": 9.10522651672, "dvar2": 12.3048639297, "min": 2.69451570511, "var": 15.5404510498, "median": 8.13087844849}, "hfc": {"dmean": 4.2314453125, "dmean2": 5.85402154922, "max": 118.25062561, "dvar": 37.6214294434, "mean": 18.2023887634, "dvar2": 77.0573425293, "min": 1.0746161418e-16, "var": 329.530517578, "median": 12.0413150787}, "barkbands_kurtosis": {"dmean": 2.17303466797, "dmean2": 3.43222975731, "max": 192.442123413, "dvar": 34.4416313171, "mean": 3.16370987892, "dvar2": 84.5040054321, "min": -1.87528777122, "var": 62.08152771, "median": 1.31546711922}, "erbbands": {"dmean": [0.0250064507127, 0.212322875857, 0.949336051941, 1.85757112503, 3.13739609718, 3.69267463684, 6.33898210526, 10.6944332123, 12.3032255173, 13.948384285, 18.8487815857, 22.8419456482, 28.0032157898, 29.5387783051, 31.5291996002, 21.1384410858, 28.4297943115, 27.6727180481, 24.0961723328, 9.86923789978, 7.04679298401, 6.38011407852, 4.68921899796, 2.84345698357, 2.52943325043, 2.89016437531, 1.88885891438, 1.42799329758, 1.20537912846, 0.745617508888, 0.661232054234, 0.348417013884, 0.212502062321, 0.165220752358, 0.093214392662, 0.10671389848, 0.0222102906555, 0.00209331116639, 0.000224162795348, 1.16623505164e-05], "dmean2": [0.0319729335606, 0.342941522598, 1.62319219112, 3.15365672112, 5.29412889481, 6.05408430099, 10.162361145, 16.9956111908, 20.0552558899, 21.8552417755, 30.0080070496, 35.5993881226, 43.6508560181, 46.2024726868, 49.7366714478, 33.5244255066, 44.9463844299, 43.1200714111, 37.4599075317, 15.3289279938, 11.0950889587, 10.1391239166, 7.46095752716, 4.47846746445, 3.96083474159, 4.50590276718, 2.87072396278, 2.13122463226, 1.79579663277, 1.0941106081, 0.969060838223, 0.499778836966, 0.304775059223, 0.240885823965, 0.14491648972, 0.170627743006, 0.0345870442688, 0.00324841402471, 0.000348784436937, 1.69743325387e-05], "max": [3.03767371178, 17.528137207, 40.5578804016, 105.658180237, 126.970474243, 211.033126831, 250.180389404, 492.462432861, 592.461486816, 1600.7623291, 1165.47705078, 1303.25537109, 1558.18237305, 1359.66796875, 1704.45092773, 1265.30493164, 1747.20361328, 1749.45947266, 2749.19116211, 560.652832031, 555.969543457, 420.441986084, 230.582366943, 123.344116211, 134.87600708, 113.349128723, 124.626960754, 65.2662963867, 57.9621620178, 64.3200836182, 53.02368927, 47.2526893616, 16.0596218109, 18.1357078552, 11.322098732, 9.11556339264, 1.87079751492, 0.483511179686, 0.071561306715, 0.00195956765674], "dvar": [0.00843730941415, 0.529607355595, 5.38646650314, 22.6786670685, 41.2003097534, 57.2181892395, 183.290267944, 635.042053223, 876.352844238, 1295.78491211, 1807.04553223, 2201.88427734, 4318.86962891, 4549.31835938, 6617.80371094, 2025.09460449, 3921.9453125, 5407.375, 5608.44433594, 449.652954102, 254.643218994, 147.401794434, 71.7496795654, 26.0282917023, 29.2580909729, 30.6840648651, 17.2808265686, 9.66007423401, 7.08039808273, 3.43387651443, 3.1342227459, 0.894141793251, 0.337909579277, 0.240096226335, 0.104084581137, 0.197637662292, 0.00732390955091, 0.000107506020868, 1.9751612399e-06, 1.61656699138e-09], "mean": [0.0333284586668, 0.348386287689, 2.29133868217, 3.62771391869, 5.13446950912, 6.58903121948, 10.7999505997, 17.0190849304, 18.9072227478, 25.1014900208, 35.3570327759, 44.145362854, 51.0217094421, 57.4794578552, 62.8041877747, 45.2631874084, 57.1569023132, 53.4580421448, 43.7592582703, 19.8335590363, 14.7081356049, 14.6251020432, 12.0732307434, 8.0268201828, 6.99549674988, 7.78256750107, 5.36155128479, 3.82098937035, 3.21020245552, 1.91637098789, 1.34071111679, 0.710028171539, 0.446064710617, 0.313798487186, 0.144712656736, 0.119525760412, 0.0267445687205, 0.00285608670674, 0.000283692439552, 3.4369295463e-05], "dvar2": [0.0155440745875, 1.2889020443, 14.6154184341, 60.6803207397, 114.07736969, 152.050094604, 462.303924561, 1596.70336914, 2304.04907227, 2916.28369141, 4551.82275391, 5396.15039062, 10337.9892578, 11438.2871094, 17399.625, 5069.37402344, 9736.66308594, 12723.0810547, 12163.2431641, 1020.26940918, 632.44317627, 381.694519043, 179.068954468, 63.6890220642, 74.8545913696, 72.3402709961, 39.5696640015, 21.7597618103, 15.3644933701, 7.48351335526, 6.70610427856, 1.70976126194, 0.68572807312, 0.504754424095, 0.247735947371, 0.503744363785, 0.0182909984142, 0.000276356760878, 5.14609973834e-06, 4.07644273892e-09], "min": [4.65171301851e-23, 2.1513435954e-22, 1.95710125136e-21, 6.11369352297e-21, 9.00875862004e-21, 2.76544411794e-20, 3.2103561351e-20, 5.50471443183e-20, 1.12499083623e-19, 1.86458413715e-19, 2.81103553449e-19, 3.5676956394e-19, 4.58439367005e-19, 7.23885399585e-19, 9.04715766885e-19, 1.17257990689e-18, 1.48931170613e-18, 2.05587676239e-18, 1.79393926808e-18, 3.79504633416e-18, 3.65726864979e-18, 3.7503095115e-18, 5.3226632235e-18, 5.97658713444e-18, 7.27297064662e-18, 7.68420514251e-18, 8.2339245622e-18, 8.9830970799e-18, 1.13931026838e-17, 1.18543303216e-17, 1.31327875891e-17, 1.01447663711e-17, 7.4711242439e-18, 8.46001866621e-18, 6.67999753912e-18, 4.40871177828e-18, 2.19350886297e-18, 9.01697488228e-19, 2.49994660629e-19, 2.48842019988e-20], "var": [0.0142475804314, 0.557697713375, 9.76205635071, 28.8907623291, 57.5915603638, 95.6224746704, 318.997253418, 1086.1619873, 1242.01831055, 2838.26879883, 3632.50976562, 5345.61865234, 10981.9472656, 12002.0732422, 18545.5625, 5896.46386719, 10924.1972656, 13123.671875, 10653.2138672, 1148.88183594, 659.413879395, 481.112548828, 268.549163818, 119.651824951, 99.8594207764, 124.663124084, 73.6543045044, 36.4811592102, 25.7171669006, 10.7528104782, 7.10839223862, 2.34531784058, 0.902900636196, 0.541061937809, 0.156467407942, 0.187835693359, 0.00765875866637, 0.00011467216973, 1.78650589078e-06, 2.20388729488e-09], "median": [0.0024645763915, 0.101431339979, 0.767238259315, 1.83642625809, 2.55707621574, 3.71815705299, 4.69954967499, 6.13363933563, 6.92484760284, 10.373705864, 15.3357686996, 19.7998733521, 14.4256134033, 16.5927734375, 13.9922037125, 14.7163009644, 19.5975475311, 12.1955108643, 13.3263454437, 8.55007553101, 6.13409042358, 7.28820991516, 6.01438236237, 3.47867059708, 2.70231437683, 2.82835149765, 1.66426944733, 1.13768029213, 1.02184343338, 0.572862505913, 0.394833654165, 0.207884371281, 0.114622563124, 0.0645033121109, 0.0306127816439, 0.0177358780056, 0.00405967887491, 0.000380514422432, 2.55809391092e-05, 2.38497523242e-05]}, "spectral_energy": {"dmean": 0.00552595639601, "dmean2": 0.00795452482998, "max": 0.123478487134, "dvar": 5.97422258579e-05, "mean": 0.0223113447428, "dvar2": 0.000118694850244, "min": 9.78724382079e-21, "var": 0.000371749483747, "median": 0.0181198753417}, "zerocrossingrate": {"dmean": 0.00596922170371, "dmean2": 0.00725349737331, "max": 0.5361328125, "dvar": 8.74715551618e-05, "mean": 0.0538746453822, "dvar2": 0.000120001423056, "min": 0.00537109375, "var": 0.0020281651523, "median": 0.04931640625}, "spectral_en