{"tonal": {"hpcp": {"dvar": [0.0517910756171, 0.0498178191483, 0.0520255602896, 0.0556892603636, 0.0582053475082, 0.0557310432196, 0.0467189736664, 0.0483681745827, 0.0451792441308, 0.0514224879444, 0.0510824620724, 0.0551986247301, 0.0565191842616, 0.0542132183909, 0.0551356226206, 0.0539940856397, 0.0520080663264, 0.050114095211, 0.0422961823642, 0.0413094721735, 0.0402909480035, 0.0408290103078, 0.0436722747982, 0.0425897575915, 0.06362978369, 0.0441315025091, 0.0466310530901, 0.0421199761331, 0.0384403131902, 0.0481151565909, 0.0597017034888, 0.0551683157682, 0.0439443439245, 0.040485996753, 0.0472801439464, 0.0533880628645], "var": [0.0726545006037, 0.0728748738766, 0.0622903853655, 0.0642328187823, 0.0588227547705, 0.0549905858934, 0.0699115470052, 0.0804147943854, 0.0503015145659, 0.0592339225113, 0.0563410818577, 0.056192830205, 0.0610560849309, 0.0616208277643, 0.064972884953, 0.0638710036874, 0.056936763227, 0.0521285831928, 0.0473341532052, 0.0456015877426, 0.0457231514156, 0.0461973696947, 0.0549283474684, 0.0595516934991, 0.0879387781024, 0.0881360322237, 0.0892916694283, 0.0473928116262, 0.0374206379056, 0.0466884486377, 0.0571090467274, 0.0521589443088, 0.0482948534191, 0.0445011258125, 0.0495337247849, 0.0610727146268], "median": [0.134536772966, 0.125541508198, 0.0875428467989, 0.0625484287739, 0.0547437295318, 0.0631243437529, 0.0776279717684, 0.0835684388876, 0.103821471334, 0.0952988117933, 0.0806670039892, 0.058349005878, 0.0728126913309, 0.0941117405891, 0.118742600083, 0.117825746536, 0.0893170163035, 0.0690454766154, 0.0745414793491, 0.0910746157169, 0.077644392848, 0.0789281129837, 0.0790795385838, 0.123595416546, 0.140043228865, 0.166340410709, 0.117788821459, 0.093386285007, 0.0590385347605, 0.0533473789692, 0.0585437864065, 0.07184047997, 0.0685221254826, 0.0688116401434, 0.0742627680302, 0.0926569104195], "max": [1, 1, 1, 1, 1, 1, 1, 1, 1, 1, 1, 1, 1, 1, 1, 1, 1, 1, 1, 1, 1, 1, 1, 1, 1, 1, 1, 1, 1, 1, 1, 1, 1, 1, 1, 1], "dmean": [0.208020940423, 0.198432534933, 0.183767512441, 0.182771041989, 0.18910369277, 0.181178733706, 0.172254428267, 0.177827060223, 0.178675591946, 0.190240219235, 0.177887305617, 0.175056084991, 0.184586271644, 0.193255588412, 0.200506255031, 0.200094968081, 0.183322265744, 0.16673335433, 0.155320480466, 0.154675230384, 0.156057983637, 0.159090027213, 0.166335940361, 0.1899766922, 0.234045147896, 0.202564865351, 0.182848006487, 0.158379837871, 0.138632312417, 0.153403922915, 0.182631164789, 0.179590836167, 0.154057651758, 0.156784281135, 0.171529129148, 0.190033391118], "dmean2": [0.367551624775, 0.351894795895, 0.331013083458, 0.323966801167, 0.333797544241, 0.323167532682, 0.304298996925, 0.317871212959, 0.319964230061, 0.341317981482, 0.318877220154, 0.318327993155, 0.330335795879, 0.343270689249, 0.356139689684, 0.352769970894, 0.325395196676, 0.297495633364, 0.276067465544, 0.273467510939, 0.276797264814, 0.282951235771, 0.294282853603, 0.333505302668, 0.416105598211, 0.346157163382, 0.315650641918, 0.281978607178, 0.249238327146, 0.276000291109, 0.327586650848, 0.322343230247, 0.276455312967, 0.278064131737, 0.308031857014, 0.336467325687], "mean": [0.244538098574, 0.235789358616, 0.192580536008, 0.177763849497, 0.168850615621, 0.166020646691, 0.200560435653, 0.214001834393, 0.189325988293, 0.195591658354, 0.181190639734, 0.162740454078, 0.177923083305, 0.199949666858, 0.217757344246, 0.216370120645, 0.187450811267, 0.163165673614, 0.165095806122, 0.170604407787, 0.165939494967, 0.165352657437, 0.179950118065, 0.222947537899, 0.268726468086, 0.288380771875, 0.257030844688, 0.177716687322, 0.135103568435, 0.143292412162, 0.164399892092, 0.165975138545, 0.155748009682, 0.153865858912, 0.163889378309, 0.196531757712], "dvar2": [0.144008502364, 0.138313680887, 0.145102083683, 0.152926653624, 0.157858625054, 0.154097720981, 0.126800224185, 0.130445346236, 0.125480368733, 0.145217850804, 0.142055124044, 0.153826877475, 0.160454377532, 0.151979207993, 0.152122378349, 0.150464192033, 0.140931978822, 0.138363093138, 0.114244125783, 0.115450248122, 0.111632116139, 0.114347994328, 0.121289037168, 0.117888770998, 0.179955333471, 0.116530232131, 0.12016467005, 0.117018058896, 0.107846997678, 0.131115108728, 0.160895392299, 0.152234613895, 0.122069016099, 0.110647670925, 0.129524663091, 0.145931899548], "min": [0, 0, 0, 0, 0, 0, 0, 0, 0, 0, 0, 0, 0, 0, 0, 0, 0, 0, 0, 0, 0, 0, 0, 0, 0, 0, 0, 0, 0, 0, 0, 0, 0, 0, 0, 0]}, "key_key": "A#", "thpcp": [1, 0.891289830208, 0.616257071495, 0.468490213156, 0.49688616395, 0.570079267025, 0.575541615486, 0.540077626705, 0.533551037312, 0.568308949471, 0.681500911713, 0.847969472408, 0.81763201952, 0.667799472809, 0.61642062664, 0.585512757301, 0.575699448586, 0.695470929146, 0.742080807686, 0.656513929367, 0.678240954876, 0.628303468227, 0.564324915409, 0.616972744465, 0.693352997303, 0.7551035285, 0.750293135643, 0.650011479855, 0.565799415112, 0.572492420673, 0.591594278812, 0.575418055058, 0.57338309288, 0.624001801014, 0.773101270199, 0.931846022606], "chords_key": "D", "tuning_equal_tempered_deviation": 0.253256857395, "tuning_frequency": 434.193115234, "tuning_diatonic_strength": 0.481706798077, "chords_histogram": [5.6275305748, 20.7287445068, 17.4898777008, 0.566801607609, 7.5303645134, 0.850202441216, 3.23886632919, 1.49797570705, 1.86234819889, 3.23886632919, 5.78947353363, 7.32793521881, 1.57894742489, 0.364372462034, 0.364372462034, 0.0404858291149, 1.74089074135, 5.82995939255, 4.77732801437, 5.54655885696, 1.53846156597, 0.688259124756, 0.364372462034, 1.41700398922], "key_strength": 0.52674216032, "key_scale": "major", "chords_strength": {"dvar": 0.000170713421539, "var": 0.00951551645994, "median": 0.474846541882, "max": 0.710118293762, "dmean": 0.0154273677617, "dmean2": 0.0196897648275, "mean": 0.477422118187, "dvar2": 0.00031939469045, "min": 0.199244216084}, "chords_number_rate": 0.00688259117305, "tuning_nontempered_energy_ratio": 0.875004768372, "hpcp_entropy": {"dvar": 0.255189359188, "var": 0.481544554234, "median": 2.58335542679, "max": 4.3716635704, "dmean": 0.637846767902, "dmean2": 1.08968615532, "mean": 2.54625153542, "dvar2": 0.734042882919, "min": 0}, "chords_changes_rate": 0.130769237876, "chords_scale": "minor"}, "rhythm": {"bpm_histogram_first_peak_spread": {"dvar": 0, "var": 0, "median": 0.0592105388641, "max": 0.0592105388641, "dmean": 0, "dmean2": 0, "mean": 0.0592105388641, "dvar2": 0, "min": 0.0592105388641}, "bpm_histogram_first_peak_weight": {"dvar": 0, "var": 0, "median": 0.940789461136, "max": 0.940789461136, "dmean": 0, "dmean2": 0, "mean": 0.940789461136, "dvar2": 0, "min": 0.940789461136}, "bpm_histogram_first_peak_bpm": {"dvar": 0, "var": 0, "median": 81, "max": 81, "dmean": 0, "dmean2": 0, "mean": 81, "dvar2": 0, "min": 81}, "bpm": 80.316619873, "bpm_histogram_second_peak_weight": {"dvar": 0, "var": 0, "median": 0, "max": 0, "dmean": 0, "dmean2": 0, "mean": 0, "dvar2": 0, "min": 0}, "beats_loudness": {"dvar": 0.000806693395134, "var": 0.00172669044696, "median": 0.0324416793883, "max": 0.207512363791, "dmean": 0.02012969926, "dmean2": 0.0360009036958, "mean": 0.0480233877897, "dvar2": 0.00243861414492, "min": 0.00120812677778}, "beats_loudness_band_ratio": {"dvar": [0.0245380867273, 0.00881771370769, 0.0207280442119, 0.0166373606771, 0.00020781661442, 0.00238652224652], "var": [0.0517690293491, 0.0121776685119, 0.0248554237187, 0.0196733493358, 0.00028096488677, 0.00429249042645], "median": [0.364717811346, 0.139364302158, 0.157510563731, 0.127576231956, 0.00893558189273, 0.109582558274], "max": [0.960501194, 0.469738006592, 0.685115933418, 0.792404472828, 0.0907667502761, 0.486799418926], "dmean": [0.185015961528, 0.113724447787, 0.157452747226, 0.122358985245, 0.0114289214835, 0.0501507930458], "dmean2": [0.312977015972, 0.195415973663, 0.290117502213, 0.211276993155, 0.020043252036, 0.0809611156583], "mean": [0.383841961622, 0.170509546995, 0.198537096381, 0.167145803571, 0.0150285437703, 0.111414626241], "dvar2": [0.0511504523456, 0.0273538306355, 0.0517741516232, 0.04617960006, 0.000540093053132, 0.00489168474451], "min": [0.0530663318932, 0.0140603110194, 0.0127032473683, 0.00989038962871, 0.000959929777309, 0.00296984473243]}, "bpm_histogram_second_peak_bpm": {"dvar": 0, "var": 0, "median": 0, "max": 0, "dmean": 0, "dmean2": 0, "mean": 0, "dvar2": 0, "min": 0}, "onset_rate": 1.71794712543, "beats_count": 153, "beats_position": [0.696598649025, 1.40480720997, 2.11301589012, 2.82122445107, 3.54104304314, 4.26086139679, 4.99229001999, 5.74693870544, 6.5015873909, 7.25623559952, 8.01088428497, 8.75392246246, 9.49696159363, 10.2399997711, 10.9946479797, 11.749297142, 12.4923353195, 13.235373497, 13.9784126282, 14.7214508057, 15.4644899368, 16.2075271606, 16.9505672455, 17.7052154541, 18.4598636627, 19.2145118713, 19.96916008, 20.7121982574, 21.4552383423, 22.1982765198, 22.9413146973, 23.6959629059, 24.4506111145, 25.1936511993, 25.9366893768, 26.6797275543, 27.4227657318, 28.1774139404, 28.932062149, 29.686712265, 30.4529705048, 31.2076187134, 31.962266922, 32.7169151306, 33.4599533081, 34.2029914856, 34.9576416016, 35.7006797791, 36.4321098328, 37.1751480103, 37.9181861877, 38.6612243652, 39.4042625427, 40.1589126587, 40.9019508362, 41.6565971375, 42.3996353149, 43.1426734924, 43.8857116699, 44.6403617859, 45.3950119019, 46.1380500793, 46.8810882568, 47.6357345581, 48.3903846741, 49.14503479, 49.8996810913, 50.6427192688, 51.3973693848, 52.1404075623, 52.8834457397, 53.6380958557, 54.3811340332, 55.1125602722, 55.8672103882, 56.6218566895, 57.3765068054, 58.1195449829, 58.8625831604, 59.6056213379, 60.3486595154, 61.0916976929, 61.8463478088, 62.6009979248, 63.3672561646, 64.1102905273, 64.8533325195, 65.5963668823, 66.3394088745, 67.0824508667, 67.837097168, 68.5917434692, 69.3347854614, 70.0894317627, 70.844078064, 71.5871200562, 72.3301544189, 73.0731964111, 73.8162307739, 74.5708847046, 75.3371429443, 76.0917892456, 76.8348312378, 77.5778656006, 78.3325119019, 79.0871658325, 79.8534240723, 80.6080703735, 81.3511123657, 82.105758667, 82.8487930298, 83.591835022, 84.3464813232, 85.0895233154, 85.8441696167, 86.5872116089, 87.3302459717, 88.0732879639, 88.8163223267, 89.5709762573, 90.3256225586, 91.0686569214, 91.8116989136, 92.5547409058, 93.2861633301, 94.0408172607, 94.795463562, 95.5501098633, 96.2931518555, 97.0361862183, 97.7792282104, 98.5222625732, 99.2653045654, 100.019950867, 100.762992859, 101.51763916, 102.272285461, 103.026939392, 103.769973755, 104.513015747, 105.25605011, 106.010704041, 106.753738403, 107.508384705, 108.263038635, 109.017684937, 109.760726929, 110.51537323, 111.258407593, 112.013061523, 112.756095886, 113.510749817, 114.265396118], "danceability": 1.09702444077, "bpm_histogram_second_peak_spread": {"dvar": 0, "var": 0, "median": 0, "max": 0, "dmean": 0, "dmean2": 0, "mean": 0, "dvar2": 0, "min": 0}}, "lowlevel": {"spectral_flux": {"dvar": 0.000570824486203, "var": 0.00337124546058, "median": 0.0865872651339, "max": 0.389974027872, "dmean": 0.0195118058473, "dmean2": 0.0312328748405, "mean": 0.0879812389612, "dvar2": 0.00138568552211, "min": 1.02613931241e-10}, "spectral_rolloff": {"dvar": 59989920, "var": 99069744, "median": 20650.3417969, "max": 22050, "dmean": 4152.9453125, "dmean2": 8140.97070312, "mean": 12723.4863281, "dvar2": 152242128, "min": 43.06640625}, "barkbands_flatness_db": {"dvar": 0.000815026811324, "var": 0.0023860600777, "median": 0.188985407352, "max": 0.419477403164, "dmean": 0.0337635055184, "dmean2": 0.0551998503506, "mean": 0.194865971804, "dvar2": 0.00220728176646, "min": 0.0515610575676}, "spectral_centroid": {"dvar": 22370.0195312, "var": 95455.3125, "median": 655.078796387, "max": 10981.8642578, "dmean": 106.790061951, "dmean2": 171.036621094, "mean": 680.54901123, "dvar2": 37203.2382812, "min": 132.95993042}, "melbands_skewness": {"dvar": 0.469793111086, "var": 2.81267929077, "median": 1.05092859268, "max": 10.2720336914, "dmean": 0.696759402752, "dmean2": 1.1260061264, "mean": 1.35651874542, "dvar2": 1.18014574051, "min": -5.71138620377}, "melbands": {"dvar": [9.33389037527e-06, 2.90711682283e-06, 7.32137038995e-07, 4.45245660785e-07, 1.40015117722e-07, 1.79849465098e-07, 2.66949740535e-07, 6.9544228154e-07, 3.56754725317e-07, 1.5803179565e-07, 8.76393997373e-08, 1.1401800748e-07, 1.05721895238e-07, 9.85351320537e-08, 3.19776418678e-08, 3.61442253904e-08, 9.00764263179e-09, 1.57160873204e-09, 2.39311931383e-10, 3.63152528882e-11, 2.11484614543e-11, 2.73751767782e-11, 1.35702222029e-11, 8.17270643522e-12, 7.44908746231e-13, 3.03544705647e-13, 1.81096850298e-13, 5.29364522865e-14, 4.56115654686e-14, 2.91352635377e-14, 1.34514761255e-14, 8.49191695424e-15, 6.12598156135e-15, 4.33449459593e-15, 3.2893016788e-15, 2.51084706005e-15, 1.97777132162e-15, 1.49626411369e-15, 1.15248001606e-15, 9.04378136575e-16], "var": [1.09272932605e-05, 4.23555820817e-06, 1.06693221369e-06, 6.8121755703e-07, 2.83838062387e-07, 6.17878242792e-07, 5.47866989109e-07, 1.07918708636e-06, 7.94523487002e-07, 2.8711849609e-07, 1.40424660344e-07, 2.31864532907e-07, 1.75646718503e-07, 1.57647349397e-07, 6.55487113477e-08, 8.68182610247e-08, 2.06455297302e-08, 4.41468062107e-09, 7.70454977594e-10, 1.08852406255e-10, 6.79011222249e-11, 6.05289776634e-11, 2.94605104201e-11, 1.75216993692e-11, 1.70894678617e-12, 7.70447128404e-13, 4.0718592235e-13, 1.210272659e-13, 9.50957723483e-14, 6.1342918863e-14, 2.34242624754e-14, 1.07699671731e-14, 6.99652348454e-15, 4.81092479426e-15, 3.58132306363e-15, 2.59662735717e-15, 2.08052954713e-15, 1.54845584868e-15, 1.15841464652e-15, 9.08170620717e-16], "median": [0.000221121241339, 0.000266995077254, 0.000188597026863, 0.000120268916362, 8.76818376128e-05, 8.15608436824e-05, 9.48162778514e-05, 0.000101015044493, 7.18387091183e-05, 5.37662162969e-05, 4.63131800643e-05, 5.68221876165e-05, 3.50572590833e-05, 3.25905057252e-05, 4.52114327345e-05, 2.44430830207e-05, 1.15428092613e-05, 7.43719692764e-06, 2.37016524807e-06, 8.94204731594e-07, 4.84330030304e-07, 3.11149875643e-07, 2.09833686426e-07, 1.38995645216e-07, 8.8234038742e-08, 6.78434233237e-08, 5.27548316143e-08, 3.75580420098e-08, 3.09888505967e-08, 2.32737349393e-08, 1.83408594978e-08, 1.35792443956e-08, 1.08699227397e-08, 8.93925733436e-09, 7.68424790465e-09, 6.41199582319e-09, 5.5602860094e-09, 4.97496444041e-09, 4.0294545478e-09, 3.20931392572e-09], "max": [0.0545150376856, 0.02651434578, 0.0116122299805, 0.0114733818918, 0.00480602821335, 0.00851056724787, 0.0143966013566, 0.0251612309366, 0.0172674059868, 0.0082959542051, 0.00781146949157, 0.00563808344305, 0.00483071990311, 0.00638957461342, 0.00333552272059, 0.00503729842603, 0.00211867690086, 0.000896382378414, 0.000297359394608, 0.000165502075106, 0.000165395831573, 0.000145685320604, 0.000153659304488, 8.01176647656e-05, 1.45492704178e-05, 1.32326294988e-05, 8.9160985226e-06, 4.94865616929e-06, 7.53833819545e-06, 7.27389260646e-06, 1.9080976017e-06, 1.32722107082e-06, 1.1651945897e-06, 9.6360417956e-07, 8.66651930664e-07, 7.61630644774e-07, 6.56619079109e-07, 5.78208585011e-07, 5.1105661214e-07, 4.53774134712e-07], "dmean": [0.00104405346792, 0.000798287801445, 0.000454072724096, 0.00033076069667, 0.000194090229343, 0.000204120369744, 0.000201444592676, 0.000291159492917, 0.000214837884414, 0.000156843147124, 0.000107085528725, 0.000157722781296, 0.000125497579575, 0.000109483677079, 9.12553368835e-05, 7.46240693843e-05, 3.57625795004e-05, 1.81272844202e-05, 6.97984660292e-06, 2.53454822996e-06, 1.74571403022e-06, 1.62277012805e-06, 1.14630495318e-06, 8.13393171484e-07, 3.53907296358e-07, 2.39471461327e-07, 1.83106337204e-07, 1.11019346605e-07, 9.51710674713e-08, 7.41646744018e-08, 5.54611752079e-08, 4.35488090034e-08, 3.64504479933e-08, 3.09977146173e-08, 2.67969664236e-08, 2.3065592103e-08, 2.04875298948e-08, 1.78773724713e-08, 1.56497943493e-08, 1.39202551708e-08], "dmean2": [0.00174427009188, 0.00130935257766, 0.000761844508816, 0.000547035655472, 0.00032423940138, 0.000300109502859, 0.000329839560436, 0.000479196809465, 0.000359544384992, 0.000252582889516, 0.000177138252184, 0.000257616629824, 0.000206947734114, 0.000181927534868, 0.00015019789862, 0.000122549827211, 5.89254705119e-05, 2.99540442938e-05, 1.12457901196e-05, 4.09114772992e-06, 2.86375757241e-06, 2.67855352831e-06, 1.88216972674e-06, 1.36954827212e-06, 5.899489679e-07, 3.96878192532e-07, 3.04544670371e-07, 1.81936414378e-07, 1.56548296104e-07, 1.19669294918e-07, 9.09854804831e-08, 7.28606863731e-08, 6.15953581473e-08, 5.20423455441e-08, 4.51295711912e-08, 3.9013414721e-08, 3.45316664152e-08, 3.00708578038e-08, 2.62991335376e-08, 2.3346920841e-08], "mean": [0.00132507586386, 0.00110519793816, 0.000618071702775, 0.00046581888455, 0.00032338310848, 0.000398298550863, 0.00032481137896, 0.000465142336907, 0.000347728841007, 0.000255119113717, 0.000175055902218, 0.000256464089034, 0.000194266773178, 0.000173323831405, 0.000152730586706, 0.000127407183754, 6.43192979624e-05, 3.63092040061e-05, 1.48944845932e-05, 4.95053063787e-06, 3.56251302946e-06, 2.97666156257e-06, 2.14574902202e-06, 1.50378275521e-06, 6.33448905774e-07, 4.46310849611e-07, 3.21726020047e-07, 1.86046079875e-07, 1.49748089484e-07, 1.10666860564e-07, 7.89577399019e-08, 5.42554339233e-08, 4.24482031747e-08, 3.44590418422e-08, 2.93062836221e-08, 2.45931861542e-08, 2.18505071814e-08, 1.89732780598e-08, 1.58382782445e-08, 1.37657538701e-08], "dvar2": [2.4684391974e-05, 7.87111093814e-06, 1.97175450012e-06, 1.18675495742e-06, 3.74583351004e-07, 3.89002138945e-07, 7.0009735964e-07, 1.93275923266e-06, 9.74513227447e-07, 4.15984942492e-07, 2.32449139048e-07, 3.05151075963e-07, 2.86279714601e-07, 2.6681598797e-07, 8.32201010326e-08, 9.73200044996e-08, 2.53360070701e-08, 4.23085566581e-09, 6.15787476566e-10, 9.05907501791e-11, 5.47085259039e-11, 7.42156058831e-11, 3.6788024016e-11, 2.19449354522e-11, 2.04411162476e-12, 8.24755140485e-13, 4.92312733549e-13, 1.32790967892e-13, 1.14441320461e-13, 6.79622780579e-14, 3.27091835334e-14, 2.19773421602e-14, 1.59851803696e-14, 1.12892017579e-14, 8.55618219098e-15, 6.55861507411e-15, 5.18590416242e-15, 3.92202809062e-15, 3.01309418733e-15, 2.35709025133e-15], "min": [5.91892355721e-24, 1.21447045402e-23, 7.55730956012e-24, 3.99440981536e-24, 1.47108043783e-23, 3.13442047776e-23, 2.03338569755e-23, 2.86811208021e-23, 1.27407891394e-23, 8.94915286433e-24, 1.30642370989e-23, 1.27634759902e-23, 1.94926409498e-23, 8.08086234342e-24, 1.34136693478e-23, 1.95660791669e-23, 7.78454331045e-24, 1.19181310665e-23, 7.53211334281e-24, 5.39063248088e-24, 7.78268159872e-24, 4.95462669198e-24, 8.29784800173e-24, 7.17451796131e-24, 5.697286775e-24, 7.42997242166e-24, 9.09821286554e-24, 8.5883255197e-24, 6.09022706936e-24, 8.53954788335e-24, 9.02898006591e-24, 8.79360132673e-24, 1.04657734534e-23, 1.1870760758e-23, 7.90788802387e-24, 6.95036550167e-24, 1.07919208949e-23, 1.03069615536e-23, 1.08192123267e-23, 1.21586768446e-23]}, "spectral_decrease": {"dvar": 1.39210973303e-17, "var": 4.234761403e-17, "median": -2.92294433102e-09, "max": 2.55461585219e-09, "dmean": 2.18787432615e-09, "dmean2": 3.51674578347e-09, "mean": -5.36173461185e-09, "dvar2": 3.4905575938e-17, "min": -6.02921375048e-08}, "barkbands_kurtosis": {"dvar": 245.82194519, "var": 465.45425415, "median": 5.18690109253, "max": 589.60546875, "dmean": 6.07376527786, "dmean2": 10.3430652618, "mean": 9.97016429901, "dvar2": 679.173339844, "min": -1.75201821327}, "silence_rate_30dB": {"dvar": 0.0186727251858, "var": 0.0171093903482, "median": 1, "max": 1, "dmean": 0.0190360471606, "dmean2": 0.0380798056722, "mean": 0.982587575912, "dvar2": 0.0459470115602, "min": 0}, "gfcc": {"mean": [-101.528305054, 139.584564209, -80.3793563843, -43.6757965088, -16.771314621, 0.819031357765, -7.08692550659, -17.625459671, -5.6508307457, -8.2581949234, -0.757567763329, -12.007648468, -4.66679620743], "cov": [[14515.8994141, -198.60067749, -1563.26965332, -274.437988281, -396.927276611, -496.546112061, 48.6507797241, 124.505859375, -50.2537612915, 248.982971191, 337.236206055, 126.307449341, 1.29301929474], [-198.60067749, 830.606872559, 96.0203552246, -228.875198364, 176.080322266, -112.254051208, 43.3407669067, -91.810043335, 94.8158950806, -62.4368743896, 13.8974189758, -54.3093795776, 23.3614768982], [-1563.26965332, 96.0203552246, 512.541137695, 178.737350464, 23.3197231293, 147.096588135, -34.2030906677, 30.7893848419, -2.25764131546, 13.3149776459, -57.7071800232, -13.9103956223, 2.83444809914], [-274.437988281, -228.875198364, 178.737350464, 614.532836914, 48.0677337646, -12.8392801285, -94.8358764648, 132.326126099, -16.6992053986, -4.52094507217, -80.4252548218, 69.8145675659, 24.8810081482], [-396.927276611, 176.080322266, 23.3197231293, 48.0677337646, 291.387390137, 51.9335289001, 6.94749593735, -78.149520874, 15.9429121017, -26.25258255, 11.2833051682, -2.4115254879, 16.63306427], [-496.546112061, -112.254051208, 147.096588135, -12.8392801285, 51.9335289001, 284.541351318, 65.8564682007, -23.2316169739, -56.2700538635, 20.1756649017, 17.7599582672, -9.52922153473, -6.14716053009], [48.6507797241, 43.3407669067, -34.2030906677, -94.8358764648, 6.94749593735, 65.8564682007, 178.035247803, 30.6066379547, 4.4372625351, -17.9968528748, 19.7456912994, -2.0399107933, 14.9902257919], [124.505859375, -91.810043335, 30.7893848419, 132.326126099, -78.149520874, -23.2316169739, 30.6066379547, 178.857437134, 34.3796730042, -11.9266414642, -41.8958129883, 36.0580101013, 12.0184783936], [-50.2537612915, 94.8158950806, -2.25764131546, -16.6992053986, 15.9429121017, -56.2700538635, 4.4372625351, 34.3796730042, 92.1105422974, 35.740940094, 12.0537691116, -14.7665882111, -8.00797748566], [248.982971191, -62.4368743896, 13.3149776459, -4.52094507217, -26.25258255, 20.1756649017, -17.9968528748, -11.9266414642, 35.740940094, 116.650489807, 63.7421073914, -9.53256034851, -32.1779289246], [337.236206055, 13.8974189758, -57.7071800232, -80.4252548218, 11.2833051682, 17.7599582672, 19.7456912994, -41.8958129883, 12.0537691116, 63.7421073914, 94.6801300049, 13.1730213165, -15.4494228363], [126.307449341, -54.3093795776, -13.9103956223, 69.8145675659, -2.4115254879, -9.52922153473, -2.0399107933, 36.0580101013, -14.7665882111, -9.53256034851, 13.1730213165, 70.5926742554, 34.3066711426], [1.29301929474, 23.3614768982, 2.83444809914, 24.8810081482, 16.63306427, -6.14716053009, 14.9902257919, 12.0184783936, -8.00797748566, -32.1779289246, -15.4494228363, 34.3066711426, 68.6856689453]], "icov": [[0.000157732953085, -0.000310964009259, 0.00064471445512, -0.000113038033305, 0.000108414998977, -2.24018840527e-05, 0.000132504166686, -0.000583246466704, 0.000953657086939, -0.000870642485097, -0.000136391681735, 0.000274052057648, -0.000302237574942], [-0.000310964009259, 0.00394357927144, -0.00345043861307, 0.0014115300728, -0.0019209998427, 0.00259312707931, -0.000846616749186, 0.00149182288442, -0.00407299399376, 0.0053392178379, -0.00323966355063, 0.00182463240344, -0.000696963397786], [0.00064471445512, -0.00345043861307, 0.0072317533195, -0.00207626703195, 0.00211435486563, -0.00419586943462, 0.00161664106417, -0.00175151089206, 0.00311240553856, -0.00626273686066, 0.00404021935537, -0.0004678076657, -0.000747444923036], [-0.000113038033305, 0.0014115300728, -0.00207626703195, 0.00437995325774, -0.00317390169948, 0.0021401301492, 0.000814224942587, -0.00281701865606, 0.00221940665506, -0.00210696505383, 0.00271969288588, -0.00229631620459, 0.000326826353557], [0.000108414998977, -0.0019209998427, 0.00211435486563, -0.00317390169948, 0.00803423672915, -0.00435011135414, -3.75308227376e-05, 0.00569273205474, -0.00632983306423, 0.00354941328987, -0.000322055624565, -0.00231745862402, 0.000400901655667], [-2.24018840527e-05, 0.00259312707931, -0.00419586943462, 0.0021401301492, -0.00435011135414, 0.00998468324542, -0.00327655766159, -0.00252074166201, 0.00724924262613, -0.00195949012414, -0.00314249726944, 0.00384786608629, -0.00108201324474], [0.000132504166686, -0.000846616749186, 0.00161664106417, 0.000814224942587, -3.75308227376e-05, -0.00327655766159, 0.0101396059617, -0.00581318465993, 0.000908519083168, 0.00315352575853, -0.00634957151487, 0.00518344854936, -0.00398999545723], [-0.000583246466704, 0.00149182288442, -0.00175151089206, -0.00281701865606, 0.00569273205474, -0.00252074166201, -0.00581318465993, 0.0209873877466, -0.0177426170558, 0.00555337313563, 0.0103326579556, -0.0145550835878, 0.00671556266025], [0.000953657086939, -0.00407299399376, 0.00311240553856, 0.00221940665506, -0.00632983306423, 0.00724924262613, 0.000908519083168, -0.0177426170558, 0.0375291481614, -0.0202004890889, -0.00136831635609, 0.0115494942293, -0.00564163550735], [-0.000870642485097, 0.0053392178379, -0.00626273686066, -0.00210696505383, 0.00354941328987, -0.00195949012414, 0.00315352575853, 0.00555337313563, -0.0202004890889, 0.0369746126235, -0.0246765110642, 0.00806861091405, 0.00191345380154], [-0.000136391681735, -0.00323966355063, 0.00404021935537, 0.00271969288588, -0.000322055624565, -0.00314249726944, -0.00634957151487, 0.0103326579556, -0.00136831635609, -0.0246765110642, 0.0453887023032, -0.0278177727014, 0.0117105236277], [0.000274052057648, 0.00182463240344, -0.0004678076657, -0.00229631620459, -0.00231745862402, 0.00384786608629, 0.00518344854936, -0.0145550835878, 0.0115494942293, 0.00806861091405, -0.0278177727014, 0.0439620129764, -0.0205418504775], [-0.000302237574942, -0.000696963397786, -0.000747444923036, 0.000326826353557, 0.000400901655667, -0.00108201324474, -0.00398999545723, 0.00671556266025, -0.00564163550735, 0.00191345380154, 0.0117105236277, -0.0205418504775, 0.0273488853127]]}, "silence_rate_20dB": {"dvar": 0, "var": 0, "median": 1, "max": 1, "dmean": 0, "dmean2": 0, "mean": 1, "dvar2": 0, "min": 1}, "barkbands_skewness": {"dvar": 0.630590200424, "var": 2.99097299576, "median": 1.42929625511, "max": 19.7003803253, "dmean": 0.728078305721, "dmean2": 1.18511772156, "mean": 1.62967979908, "dvar2": 1.61358892918, "min": -6.01096010208}, "erbbands_skewness": {"dvar": 0.306557446718, "var": 1.08669412136, "median": -0.00824715942144, "max": 5.26272773743, "dmean": 0.532867014408, "dmean2": 0.852189362049, "mean": -0.173147678375, "dvar2": 0.787070393562, "min": -6.34595251083}, "spectral_contrast_valleys": {"dvar": [0.163502678275, 0.136279717088, 0.108585312963, 0.11302729696, 0.290410518646, 0.349542081356], "var": [1.25205886364, 1.54297041893, 1.52979147434, 1.45851445198, 1.7169752121, 1.4482434988], "median": [-7.43039083481, -6.49744701385, -6.91046667099, -7.95399570465, -8.98834896088, -11.6707191467], "max": [-4.85168886185, -4.6549949646, -4.99000883102, -5.71017551422, -6.79089736938, -9.08145713806], "dmean": [0.445288419724, 0.375031381845, 0.324097037315, 0.30598756671, 0.545475184917, 0.719936728477], "dmean2": [0.724886476994, 0.600016176701, 0.495269089937, 0.467700988054, 0.866171777248, 1.14541292191], "mean": [-7.4782242775, -6.77806997299, -7.16885232925, -8.14694881439, -9.23620414734, -11.8087720871], "dvar2": [0.36707919836, 0.276569247246, 0.193933486938, 0.208984777331, 0.676393330097, 0.869920194149], "min": [-27.7986717224, -27.726606369, -27.4759750366, -27.5426425934, -27.2471122742, -27.2849178314]}, "spectral_strongpeak": {"dvar": 58.3015785217, "var": 60.0744819641, "median": 0.484120994806, "max": 110.99899292, "dmean": 2.0691344738, "dmean2": 3.79819560051, "mean": 2.22252202034, "dvar2": 163.042907715, "min": 0}, "erbbands_crest": {"dvar": 9.20452690125, "var": 30.3806400299, "median": 9.58268547058, "max": 33.9477005005, "dmean": 3.29631686211, "dmean2": 5.46733999252, "mean": 11.0929012299, "dvar2": 23.0528278351, "min": 2.78749251366}, "barkbands_crest": {"dvar": 6.52140045166, "var": 15.9207849503, "median": 8.74364185333, "max": 25.7867774963, "dmean": 2.95233416557, "dmean2": 4.96348381042, "mean": 9.63017368317, "dvar2": 17.6053524017, "min": 3.02352929115}, "spectral_energyband_middle_low": {"dvar": 4.72693354823e-05, "var": 0.000190150400158, "median": 0.00523256044835, "max": 0.127534657717, "dmean": 0.00428523914889, "dmean2": 0.0068424558267, "mean": 0.0109988097101, "dvar2": 0.000122578334413, "min": 4.94658752094e-22}, "spectral_contrast_coeffs": {"dvar": [0.00183055817615, 0.00147445860785, 0.00104228139389, 0.000913096126169, 0.000683885125909, 0.00048172409879], "var": [0.00545052578673, 0.00576961878687, 0.00464012846351, 0.00650147674605, 0.00337009201758, 0.0015822739806], "median": [-0.69842004776, -0.780694365501, -0.793970227242, -0.781174302101, -0.861429572105, -0.857914447784], "max": [-0.432027757168, -0.408033043146, -0.550155162811, -0.45000860095, -0.532226622105, -0.615106225014], "dmean": [0.0555724725127, 0.0473679229617, 0.0399847999215, 0.0339254438877, 0.030425414443, 0.0213361233473], "dmean2": [0.0932177901268, 0.0785085111856, 0.0661813393235, 0.0550191700459, 0.0506143271923, 0.0354216992855], "mean": [-0.691669166088, -0.773772120476, -0.790127813816, -0.772696197033, -0.860749363899, -0.849798202515], "dvar2": [0.0049865799956, 0.00400878768414, 0.00287379208021, 0.00221614143811, 0.00175041344482, 0.00131424912252], "min": [-0.952079236507, -0.959514439106, -0.960355699062, -0.953325331211, -0.96727347374, -0.957884371281]}, "hfc": {"dvar": 1508.81335449, "var": 10929.5449219, "median": 69.6560668945, "max": 661.887390137, "dmean": 26.9833316803, "dmean2": 41.8294639587, "mean": 100.760734558, "dvar2": 3701.87646484, "min": 1.16818323927e-16}, "spectral_energyband_high": {"dvar": 2.03710182056e-09, "var": 1.00772385991e-08, "median": 1.6749048882e-05, "max": 0.00111962575465, "dmean": 2.34932158492e-05, "dmean2": 3.7425874325e-05, "mean": 6.04382003075e-05, "dvar2": 4.98133267968e-09, "min": 7.44724841869e-21}, "erbbands_spread": {"dvar": 15.4341573715, "var": 84.6154251099, "median": 14.3685331345, "max": 57.8397941589, "dmean": 4.01940965652, "dmean2": 6.5084939003, "mean": 15.8140497208, "dvar2": 38.3026046753, "min": 0.45078971982}, "dissonance": {"dvar": 0.00105652969796, "var": 0.00144255487248, "median": 0.460264593363, "max": 0.500000059605, "dmean": 0.033384244889, "dmean2": 0.0577083155513, "mean": 0.45093652606, "dvar2": 0.00296331197023, "min": 0.177674710751}, "spectral_kurtosis": {"dvar": 493.186981201, "var": 957.723144531, "median": 40.1230049133, "max": 265.475830078, "dmean": 21.022644043, "dmean2": 33.748916626, "mean": 48.1470718384, "dvar2": 1263.78442383, "min": -1.19349098206}, "spectral_skewness": {"dvar": 1.22311830521, "var": 2.99822473526, "median": 4.85760450363, "max": 14.0803461075, "dmean": 1.16323530674, "dmean2": 1.85080802441, "mean": 5.17839574814, "dvar2": 3.1592233181, "min": 0.0138892270625}, "pitch_salience": {"dvar": 0.0045249373652, "var": 0.0130875185132, "median": 0.62291508913, "max": 0.851546823978, "dmean": 0.076363876462, "dmean2": 0.126002088189, "mean": 0.602056622505, "dvar2": 0.0120710758492, "min": 0.104234799743}, "spectral_complexity": {"dvar": 3.88951444626, "var": 62.415019989, "median": 13, "max": 36, "dmean": 2.10004043579, "dmean2": 3.31375336647, "mean": 12.3895521164, "dvar2": 8.476146698, "min": 0}, "spectral_spread": {"dvar": 563481346048, "var": 1156962058240.0, "median": 2607889.5, "max": 39933380, "dmean": 687855.875, "dmean2": 1102551.125, "mean": 2769954.5, "dvar2": 1122003058690.0, "min": 827716.4375}, "dynamic_complexity": 6.13706684113, "melbands_crest": {"dvar": 10.5242004395, "var": 27.7648086548, "median": 11.8670291901, "max": 34.9344482422, "dmean": 3.74668908119, "dmean2": 6.25253486633, "mean": 12.9412784576, "dvar2": 28.2829685211, "min": 2.86164093018}, "zerocrossingrate": {"dvar": 0.00106246268842, "var": 0.0103996023536, "median": 0.25732421875, "max": 0.8740234375, "dmean": 0.0366306863725, "dmean2": 0.0466857999563, "mean": 0.266539663076, "dvar2": 0.00172957021277, "min": 0.0361328125}, "spectral_energyband_low": {"dvar": 0.000130130589241, "var": 0.000223913302762, "median": 0.00192092708312, "max": 0.208439841866, "dmean": 0.00466893240809, "dmean2": 0.00752642843872, "mean": 0.00758279114962, "dvar2": 0.000327964837197, "min": 7.38287726785e-23}, "melbands_kurtosis": {"dvar": 84.0613098145, "var": 231.396057129, "median": 1.42527484894, "max": 200.950408936, "dmean": 4.52065086365, "dmean2": 7.63143825531, "mean": 6.20510387421, "dvar2": 214.154342651, "min": -1.927095294}, "spectral_energyband_middle_high": {"dvar": 1.83447500604e-05, "var": 7.49800819904e-05, "median": 0.00325885787606, "max": 0.067937374115, "dmean": 0.00261029042304, "dmean2": 0.004185997881, "mean": 0.00671911705285, "dvar2": 4.81688148284e-05, "min": 1.36466999321e-21}, "barkbands_spread": {"dvar": 13.8636226654, "var": 53.9140777588, "median": 12.5015707016, "max": 103.452865601, "dmean": 3.75921630859, "dmean2": 6.13795137405, "mean": 13.3713588715, "dvar2": 33.8843536377, "min": 0.454570829868}, "mfcc": {"mean": [-768.818054199, 207.863632202, -1.26612710953, -14.3909425735, 2.28108620644, 14.7311162949, 7.41715955734, 0.602783441544, -1.16176784039, 2.67292523384, 3.62741827965, 2.58817791939, -2.00787854195], "cov": [[11945.1572266, 819.307312012, -2001.9720459, 275.541534424, -559.408203125, -510.734344482, -162.02331543, -92.8938827515, -257.87890625, -13.4381055832, 80.6305236816, 122.105331421, 35.9201164246], [819.307312012, 974.669921875, -214.431243896, -218.490463257, -69.2314605713, -18.1344280243, -8.76831245422, -61.0959091187, -40.6972351074, 6.23971128464, 46.9684181213, 43.1657066345, 0.0942981243134], [-2001.9720459, -214.431243896, 683.160766602, 42.4736022949, 113.628326416, 93.6794281006, 25.7104072571, 28.9548549652, 78.0260162354, 25.6664619446, -3.8976662159, -18.3216724396, 2.93930220604], [275.541534424, -218.490463257, 42.4736022949, 476.399414062, 146.939880371, -85.2518768311, -78.5469970703, 43.6043930054, 62.1695709229, 14.9002532959, -49.8946838379, -40.2661514282, 1.73630523682], [-559.408203125, -69.2314605713, 113.628326416, 146.939880371, 265.792999268, 105.143257141, -12.177148819, -1.94872653484, 13.9897556305, -8.81928348541, -17.2692909241, -15.6457262039, -14.2403287888], [-510.734344482, -18.1344280243, 93.6794281006, -85.2518768311, 105.143257141, 235.660644531, 121.238685608, -23.2137355804, -31.0116539001, -9.22753429413, 20.1389598846, 14.3048143387, -7.79014444351], [-162.02331543, -8.76831245422, 25.7104072571, -78.5469970703, -12.177148819, 121.238685608, 151.495758057, 58.1883850098, 3.578561306, -9.26712608337, 5.04303503036, 7.11501073837, 5.62703132629], [-92.8938827515, -61.0959091187, 28.9548549652, 43.6043930054, -1.94872653484, -23.2137355804, 58.1883850098, 140.616668701, 81.0042495728, -3.2087700367, -42.0481071472, -23.6613998413, 6.29673528671], [-257.87890625, -40.6972351074, 78.0260162354, 62.1695709229, 13.9897556305, -31.0116539001, 3.578561306, 81.0042495728, 104.780006409, 33.001121521, -30.1755828857, -33.826877594, -3.43979644775], [-13.4381055832, 6.23971128464, 25.6664619446, 14.9002532959, -8.81928348541, -9.22753429413, -9.26712608337, -3.2087700367, 33.001121521, 66.0143280029, 43.8165359497, 6.39664506912, -6.93558549881], [80.6305236816, 46.9684181213, -3.8976662159, -49.8946838379, -17.2692909241, 20.1389598846, 5.04303503036, -42.0481071472, -30.1755828857, 43.8165359497, 101.317481995, 64.6137542725, 3.89112377167], [122.105331421, 43.1657066345, -18.3216724396, -40.2661514282, -15.6457262039, 14.3048143387, 7.11501073837, -23.6613998413, -33.826877594, 6.39664506912, 64.6137542725, 82.9808273315, 34.1664886475], [35.9201164246, 0.0942981243134, 2.93930220604, 1.73630523682, -14.2403287888, -7.79014444351, 5.62703132629, 6.29673528671, -3.43979644775, -6.93558549881, 3.89112377167, 34.1664886475, 53.9209747314]], "icov": [[0.000212642204133, -0.000114532216685, 0.000514136569109, -0.000393113004975, 0.000435630558059, -0.000134265588713, 0.000153824395966, -0.000271614670055, 0.000480235816212, -0.000252571189776, 3.21248626278e-05, -0.000142390752444, 4.05498685723e-05], [-0.000114532216685, 0.00137547880877, 0.000128948973725, 0.000982901081443, -0.000882308580913, 0.00106605328619, -0.000972532201558, 0.00140286737587, -0.00120241264813, 3.62368300557e-05, 0.000308791641146, -0.000756515306421, 0.000278911727946], [0.000514136569109, 0.000128948973725, 0.0032801667694, -0.000757448084187, 0.000685333448928, -0.00126889126841, 0.000747564365156, 0.000242514332058, -0.00194379827008, 0.000961036595982, -0.00172509800177, 0.000759310671128, -0.000962828693446], [-0.000393113004975, 0.000982901081443, -0.000757448084187, 0.00500914826989, -0.00477692857385, 0.00433413684368, -0.00221478636377, 0.00135186256375, -0.00055618659826, -0.00291987461969, 0.0029070219025, -0.000781621260103, -0.000547555508092], [0.000435630558059, -0.000882308580913, 0.000685333448928, -0.00477692857385, 0.0127337370068, -0.0136822359636, 0.0129305487499, -0.00733538903296, 0.000507614109665, 0.00490262638777, -0.00482781417668, 0.00282140471973, -5.51490775251e-05], [-0.000134265588713, 0.00106605328619, -0.00126889126841, 0.00433413684368, -0.0136822359636, 0.0278269089758, -0.028206627816, 0.0178637113422, -0.00257613114081, -0.00512566696852, 0.00919825956225, -0.00829527154565, 0.00505029922351], [0.000153824395966, -0.000972532201558, 0.000747564365156, -0.00221478636377, 0.0129305487499, -0.028206627816, 0.0396484173834, -0.0271165333688, 0.00879584439099, 0.00423462269828, -0.0120978951454, 0.0109643014148, -0.00667000049725], [-0.000271614670055, 0.00140286737587, 0.000242514332058, 0.00135186256375, -0.00733538903296, 0.0178637113422, -0.0271165333688, 0.036517675966, -0.0265536550432, 0.010300192982, 0.0045960964635, -0.00808878801763, 0.00375531567261], [0.000480235816212, -0.00120241264813, -0.00194379827008, -0.00055618659826, 0.000507614109665, -0.00257613114081, 0.00879584439099, -0.0265536550432, 0.0483629368246, -0.0369642190635, 0.0206685829908, -0.00204984168522, -0.000111062108772], [-0.000252571189776, 3.62368300557e-05, 0.000961036595982, -0.00291987461969, 0.00490262638777, -0.00512566696852, 0.00423462269828, 0.010300192982, -0.0369642190635, 0.065596781671, -0.0514471568167, 0.0267834421247, -0.00805981084704], [3.21248626278e-05, 0.000308791641146, -0.00172509800177, 0.0029070219025, -0.00482781417668, 0.00919825956225, -0.0120978951454, 0.0045960964635, 0.0206685829908, -0.0514471568167, 0.072165094316, -0.0529195293784, 0.0237835422158], [-0.000142390752444, -0.000756515306421, 0.000759310671128, -0.000781621260103, 0.00282140471973, -0.00829527154565, 0.0109643014148, -0.00808878801763, -0.00204984168522, 0.0267834421247, -0.0529195293784, 0.0632694065571, -0.0335299037397], [4.05498685723e-05, 0.000278911727946, -0.000962828693446, -0.000547555508092, -5.51490775251e-05, 0.00505029922351, -0.00667000049725, 0.00375531567261, -0.000111062108772, -0.00805981084704, 0.0237835422158, -0.0335299037397, 0.0380466803908]]}, "silence_rate_60dB": {"dvar": 0.0362485535443, "var": 0.186009660363, "median": 0, "max": 1, "dmean": 0.0376670733094, "dmean2": 0.0753494054079, "mean": 0.247013568878, "dvar2": 0.0716964229941, "min": 0}, "melbands_flatness_db": {"dvar": 0.00127616885584, "var": 0.00376000325195, "median": 0.310825288296, "max": 0.594102323055, "dmean": 0.0420603305101, "dmean2": 0.0688587799668, "mean": 0.31618565321, "dvar2": 0.00343435443938, "min": 0.00770091731101}, "spectral_rms": {"dvar": 7.61383375902e-07, "var": 8.57277336763e-06, "median": 0.00434624450281, "max": 0.0153843304142, "dmean": 0.000757062342018, "dmean2": 0.0011470700847, "mean": 0.00448178872466, "dvar2": 1.74027229605e-06, "min": 3.20512063071e-12}, "melbands_spread": {"dvar": 19.3611049652, "var": 94.6552886963, "median": 14.0947256088, "max": 136.632629395, "dmean": 4.2606086731, "dmean2": 7.00994968414, "mean": 15.3495960236, "dvar2": 46.2386016846, "min": 0.402943700552}, "average_loudness": 0.622217535973, "erbbands_kurtosis": {"dvar": 26.3870697021, "var": 60.5033149719, "median": 0.630570411682, "max": 147.924560547, "dmean": 2.35154652