{"lowlevel": {"spectral_strongpeak": {"max": 17.9496097565, "dmean": 0.348037451506, "dvar2": 1.67623066902, "dmean2": 0.596986711025, "var": 0.92195379734, "median": 0.290517449379, "min": 0, "dvar": 0.625782668591, "mean": 0.572881758213}, "barkbands_flatness_db": {"max": 0.662820577621, "dmean": 0.0265802182257, "dvar2": 0.00182919274084, "dmean2": 0.0413475781679, "var": 0.00966300815344, "median": 0.154926866293, "min": 0.0167955085635, "dvar": 0.000754524604417, "mean": 0.176107570529}, "barkbands_skewness": {"max": 24.5811843872, "dmean": 0.675269305706, "dvar2": 1.80371773243, "dmean2": 1.07650232315, "var": 2.74405360222, "median": 1.36131548882, "min": -2.53417754173, "dvar": 0.695086359978, "mean": 1.66181433201}, "spectral_energyband_middle_high": {"max": 0.084222972393, "dmean": 0.00109709170647, "dvar2": 1.33833382279e-05, "dmean2": 0.00164475373458, "var": 2.41415818891e-05, "median": 0.00125474028755, "min": 8.66365919977e-12, "dvar": 5.8770533542e-06, "mean": 0.0032726302743}, "erbbands_kurtosis": {"max": 35.7022819519, "dmean": 1.03903579712, "dvar2": 6.04358434677, "dmean2": 1.69648694992, "var": 9.59445667267, "median": 0.0706124305725, "min": -1.88342452049, "dvar": 2.34871697426, "mean": 1.0215972662}, "erbbands_crest": {"max": 32.0256996155, "dmean": 2.50204896927, "dvar2": 14.7142953873, "dmean2": 4.07915639877, "var": 24.3331432343, "median": 8.464427948, "min": 2.47728705406, "dvar": 5.83717918396, "mean": 9.67348480225}, "dynamic_complexity": 6.29146957397, "barkbands_crest": {"max": 26.2362632751, "dmean": 2.919891119, "dvar2": 18.5245666504, "dmean2": 4.82365512848, "var": 25.9510040283, "median": 9.80215454102, "min": 2.36163163185, "dvar": 7.07162380219, "mean": 10.9632234573}, "dissonance": {"max": 0.500000119209, "dmean": 0.0205663479865, "dvar2": 0.00189231650438, "dmean2": 0.0349877588451, "var": 0.00181160005741, "median": 0.476079493761, "min": 0.157321661711, "dvar": 0.000678169017192, "mean": 0.459847897291}, "spectral_energyband_low": {"max": 0.505828261375, "dmean": 0.0110653359443, "dvar2": 0.00254256045446, "dmean2": 0.0183665715158, "var": 0.00181147828698, "median": 0.0021634073928, "min": 1.62332605691e-10, "dvar": 0.000919773243368, "mean": 0.0169512871653}, "spectral_contrast_coeffs": {"max": [-0.292428553104, -0.442112505436, -0.376212596893, -0.499519348145, -0.553144037724, -0.537178337574], "dmean": [0.0507669635117, 0.0441345609725, 0.0362346880138, 0.029344279319, 0.0215276889503, 0.018010661006], "dvar2": [0.00473480299115, 0.00348933716305, 0.00243085762486, 0.00152234022971, 0.000881458516233, 0.000702176708728], "dmean2": [0.0840685889125, 0.0730824321508, 0.0590643957257, 0.047460719943, 0.034805521369, 0.0282143484801], "var": [0.00944214314222, 0.00467156432569, 0.00671037007123, 0.00461543910205, 0.00248126895167, 0.00271358690225], "median": [-0.684883832932, -0.763563990593, -0.790722548962, -0.777872562408, -0.790224313736, -0.751254796982], "min": [-0.939941465855, -0.964560985565, -0.951562345028, -0.953641355038, -0.963170826435, -0.917330741882], "dvar": [0.00176858052146, 0.00129883631598, 0.000930481648538, 0.000608068658039, 0.000364529580111, 0.000306365254801], "mean": [-0.6718968153, -0.757739841938, -0.773233056068, -0.772204577923, -0.790432572365, -0.749720036983]}, "silence_rate_60dB": {"max": 1, "dmean": 0.0535076372325, "dvar2": 0.111539445817, "dmean2": 0.107023410499, "var": 0.207900360227, "median": 0, "min": 0, "dvar": 0.0506484881043, "mean": 0.294801652431}, "mfcc": {"icov": [[0.000113791429612, 4.14652386098e-05, 0.000128661835333, -0.000116791808978, -7.68499521655e-05, -8.36360995891e-05, 0.00020672014216, -5.08504090249e-05, -1.82631592907e-05, 3.53407449438e-05, 2.44795628532e-05, 3.53988398274e-05, 7.16210124665e-05], [4.14652386098e-05, 0.000649562396575, -0.000185392680578, -2.74930862361e-05, -3.12830816256e-05, 0.000312561256578, -0.000351815077011, -1.40334004755e-05, -2.34946874116e-05, 0.000291404459858, -0.000257227366092, 0.000138127215905, -0.000353382871253], [0.000128661835333, -0.000185392680578, 0.00145235448144, 0.00053348048823, -0.000588532770053, -0.000354396994226, 0.00037068547681, -0.000521901878528, -0.000175370267243, -0.000203652118216, 0.00014269798703, -0.000243513000896, -0.000303400913253], [-0.000116791808978, -2.74930862361e-05, 0.00053348048823, 0.00257513229735, -0.00173993653152, -0.000165300050867, -0.000623519299552, 0.000776185013819, -0.00138398550916, -0.000104552716948, -0.000269255717285, 0.000178981150384, 0.000702770135831], [-7.68499521655e-05, -3.12830816256e-05, -0.000588532770053, -0.00173993653152, 0.0044234204106, -0.00147296593059, -0.000386200437788, 3.34695614583e-05, -0.000536722887773, -9.16055578273e-05, 0.000247162184678, -6.60140285618e-05, -0.000660844671074], [-8.36360995891e-05, 0.000312561256578, -0.000354396994226, -0.000165300050867, -0.00147296593059, 0.00584535766393, -0.00192944251467, 0.000573051976971, 0.000816216634121, -0.000717180024367, -0.000635276548564, -0.000151764659677, -0.000923674320802], [0.00020672014216, -0.000351815077011, 0.00037068547681, -0.000623519299552, -0.000386200437788, -0.00192944251467, 0.00961921177804, -0.00467384280637, 0.00128849805333, -0.00126841454767, -0.00119070080109, -0.000846006209031, -0.000747955811676], [-5.08504090249e-05, -1.40334004755e-05, -0.000521901878528, 0.000776185013819, 3.34695614583e-05, 0.000573051976971, -0.00467384280637, 0.0113942613825, -0.00369206140749, 0.00142397813033, -0.001883837278, 0.00192114582751, 0.000135698748636], [-1.82631592907e-05, -2.34946874116e-05, -0.000175370267243, -0.00138398550916, -0.000536722887773, 0.000816216634121, 0.00128849805333, -0.00369206140749, 0.0100274672732, -0.00337061868049, 0.00200957874767, -0.00309085892513, -0.000407491461374], [3.53407449438e-05, 0.000291404459858, -0.000203652118216, -0.000104552716948, -9.16055578273e-05, -0.000717180024367, -0.00126841454767, 0.00142397813033, -0.00337061868049, 0.00886215828359, -0.00244656321593, 0.00339269265532, -0.0018995301798], [2.44795628532e-05, -0.000257227366092, 0.00014269798703, -0.000269255717285, 0.000247162184678, -0.000635276548564, -0.00119070080109, -0.001883837278, 0.00200957874767, -0.00244656321593, 0.0119740050286, -0.00678810710087, 0.00290453573689], [3.53988398274e-05, 0.000138127215905, -0.000243513000896, 0.000178981150384, -6.60140285618e-05, -0.000151764659677, -0.000846006209031, 0.00192114582751, -0.00309085892513, 0.00339269265532, -0.00678810710087, 0.0131255174056, -0.00608050916344], [7.16210124665e-05, -0.000353382871253, -0.000303400913253, 0.000702770135831, -0.000660844671074, -0.000923674320802, -0.000747955811676, 0.000135698748636, -0.000407491461374, -0.0018995301798, 0.00290453573689, -0.00608050916344, 0.0129209589213]], "cov": [[14770.6816406, -1863.00646973, -1890.52038574, 1677.81445312, 685.769836426, 243.281448364, -316.136169434, -216.588165283, 152.413162231, 41.9538345337, -169.859451294, -266.134216309, -308.118255615], [-1863.00646973, 1977.43005371, 492.50970459, -215.587295532, -34.2785072327, -60.576839447, 129.98638916, 89.9167175293, 3.66479921341, -39.0954093933, 77.2719345093, 91.7770690918, 108.383262634], [-1890.52038574, 492.50970459, 1118.54724121, -301.617828369, 46.590549469, 58.1831932068, 74.3390960693, 87.7318649292, 30.3964195251, 27.6948337555, 43.1994667053, 93.6959533691, 115.954910278], [1677.81445312, -215.587295532, -301.617828369, 940.990722656, 434.675842285, 165.923706055, 66.5375061035, -12.46692276, 150.271072388, 91.5775222778, 21.1703491211, 2.60184049606, -20.7161445618], [685.769836426, -34.2785072327, 46.590549469, 434.675842285, 503.415557861, 184.925415039, 84.3114624023, 21.2285480499, 104.539237976, 74.8036270142, 28.4078903198, 40.4753074646, 43.2932052612], [243.281448364, -60.576839447, 58.1831932068, 165.923706055, 184.925415039, 274.192169189, 86.4794158936, 16.2883415222, 30.871553421, 55.0624656677, 41.7968292236, 40.0923728943, 41.7704162598], [-316.136169434, 129.98638916, 74.3390960693, 66.5375061035, 84.3114624023, 86.4794158936, 191.130218506, 77.1553115845, 29.7252883911, 40.060131073, 58.7313232422, 48.1779174805, 40.4784889221], [-216.588165283, 89.9167175293, 87.7318649292, -12.46692276, 21.2285480499, 16.2883415222, 77.1553115845, 137.358093262, 44.0020561218, 12.524895668, 32.1084861755, 17.7597999573, 16.0406208038], [152.413162231, 3.66479921341, 30.3964195251, 150.271072388, 104.539237976, 30.871553421, 29.7252883911, 44.0020561218, 168.113601685, 61.438659668, 10.4229679108, 37.54246521, 30.2663211823], [41.9538345337, -39.0954093933, 27.6948337555, 91.5775222778, 74.8036270142, 55.0624656677, 40.060131073, 12.524895668, 61.438659668, 160.515472412, 23.371723175, -2.83200311661, 23.2658367157], [-169.859451294, 77.2719345093, 43.1994667053, 21.1703491211, 28.4078903198, 41.7968292236, 58.7313232422, 32.1084861755, 10.4229679108, 23.371723175, 140.504180908, 77.8618164062, 19.2427520752], [-266.134216309, 91.7770690918, 93.6959533691, 2.60184049606, 40.4753074646, 40.0923728943, 48.1779174805, 17.7597999573, 37.54246521, -2.83200311661, 77.8618164062, 162.654846191, 73.391456604], [-308.118255615, 108.383262634, 115.954910278, -20.7161445618, 43.2932052612, 41.7704162598, 40.4784889221, 16.0406208038, 30.2663211823, 23.2658367157, 19.2427520752, 73.391456604, 127.876998901]], "mean": [-730.095825195, 140.907058716, -5.78222322464, 29.7705936432, 2.97600054741, 2.38600564003, -0.985251545906, 2.13159203529, 5.49402093887, 3.15864300728, 0.720269024372, 2.90943789482, 0.00495194271207]}, "melbands_spread": {"max": 155.560516357, "dmean": 6.41743803024, "dvar2": 144.80090332, "dmean2": 10.2412519455, "var": 282.404327393, "median": 16.0134506226, "min": 0.117795020342, "dvar": 61.0520553589, "mean": 21.0185050964}, "barkbands_kurtosis": {"max": 792.042663574, "dmean": 4.86598062515, "dvar2": 746.300537109, "dmean2": 8.05467700958, "var": 333.637023926, "median": 2.05848312378, "min": -1.86502444744, "dvar": 250.903289795, "mean": 6.48976135254}, "spectral_energyband_high": {"max": 0.0175304599106, "dmean": 0.000145209167385, "dvar2": 2.59380016132e-07, "dmean2": 0.000207717544981, "var": 4.81894232962e-07, "median": 8.33032463561e-05, "min": 1.18105553115e-10, "dvar": 1.34763283199e-07, "mean": 0.000343119114405}, "hfc": {"max": 215.247741699, "dmean": 3.59534978867, "dvar2": 102.775840759, "dmean2": 5.24656772614, "var": 271.554504395, "median": 4.78199386597, "min": 2.84007205664e-06, "dvar": 48.9438171387, "mean": 11.9833335876}, "spectral_skewness": {"max": 10.9335823059, "dmean": 0.332470238209, "dvar2": 0.616701483727, "dmean2": 0.5547118783, "var": 2.24841451645, "median": 1.51431810856, "min": -0.0451883114874, "dvar": 0.218017295003, "mean": 1.99405813217}, "erbbands": {"max": [20.9687843323, 112.822998047, 135.538574219, 296.369812012, 499.04977417, 610.155395508, 435.057037354, 336.039581299, 367.288269043, 700.368164062, 571.681518555, 969.440490723, 1604.30786133, 1112.81738281, 924.289001465, 1673.70275879, 343.165527344, 831.774658203, 1525.56713867, 1052.23657227, 3156.40380859, 726.108581543, 643.49798584, 656.817504883, 480.62411499, 771.908752441, 344.730285645, 157.085708618, 102.021812439, 43.6557312012, 41.7646598816, 30.9933929443, 29.9247512817, 29.112361908, 9.36846733093, 7.86216831207, 3.72412276268, 0.990230739117, 0.194656804204, 0.0200308207422], "dmean": [0.286333233118, 1.96687602997, 2.80271196365, 3.69298243523, 6.2145152092, 3.6821064949, 4.09582042694, 4.49559211731, 6.51479530334, 8.63907909393, 7.38477420807, 7.52527427673, 7.10713720322, 5.8142747879, 4.99585103989, 5.6387834549, 5.16790437698, 8.35682487488, 7.75812196732, 12.1151533127, 18.8350753784, 12.6256971359, 8.67839241028, 7.33071136475, 5.25402641296, 4.49532794952, 2.91018390656, 1.6987196207, 1.05223023891, 0.659991085529, 0.490122824907, 0.290751993656, 0.239494413137, 0.168445616961, 0.0801737159491, 0.0393689498305, 0.0140133639798, 0.00389872328378, 0.000656580377836, 5.58347892365e-05], "dvar2": [2.80089211464, 99.5571670532, 170.163497925, 299.84954834, 913.168579102, 269.731750488, 409.871612549, 320.008880615, 717.765136719, 1088.78369141, 765.141967773, 925.597900391, 1401.87731934, 805.174743652, 970.430236816, 2656.99389648, 322.688049316, 1342.63269043, 1499.60913086, 2548.63354492, 12697.9833984, 2937.66137695, 1255.31115723, 960.97869873, 485.742126465, 449.259552002, 148.071624756, 42.3047485352, 23.4893817902, 7.25867557526, 4.38642024994, 1.41880786419, 1.3722833395, 0.919255912304, 0.181111574173, 0.100729592144, 0.0203949492425, 0.00161208584905, 6.24583408353e-05, 5.40154871942e-07], "dmean2": [0.482457667589, 3.26896286011, 4.65396213531, 6.15320682526, 10.1985473633, 5.93125677109, 6.54840755463, 7.21041202545, 10.4909391403, 13.5743494034, 11.3579673767, 11.5137281418, 10.933303833, 8.98662281036, 7.78802680969, 8.88618755341, 8.18219566345, 13.5435295105, 12.0931835175, 19.4388751984, 31.0103130341, 20.5094261169, 14.1307067871, 11.7912807465, 8.42882537842, 6.90126037598, 4.62338447571, 2.6686425209, 1.61904096603, 0.943252086639, 0.649370849133, 0.398193985224, 0.337978869677, 0.261131078005, 0.122778825462, 0.0598576180637, 0.0211424771696, 0.00592179782689, 0.00102309870999, 8.86148118298e-05], "var": [1.56567716599, 57.9778785706, 99.1723175049, 173.601882935, 607.684387207, 274.96270752, 172.72366333, 174.217636108, 485.819763184, 620.467895508, 744.203369141, 1491.27209473, 1057.96630859, 956.120239258, 1065.29968262, 1735.3458252, 342.641967773, 1313.57861328, 1714.93469238, 3061.17871094, 6479.66015625, 2333.88818359, 1418.70080566, 900.942077637, 646.996520996, 948.89440918, 158.389709473, 46.3796958923, 22.3180732727, 9.61932849884, 6.72606897354, 2.88618469238, 1.67699384689, 0.775872945786, 0.14758181572, 0.0565808974206, 0.0106383506209, 0.000805150251836, 2.49953063758e-05, 1.59203736416e-07], "median": [0.0220203455538, 0.237121537328, 0.48826161027, 0.822116017342, 0.988740026951, 1.33673548698, 1.93380153179, 2.11097574234, 2.67958831787, 3.91468906403, 4.19651079178, 3.81304788589, 2.97006917, 2.99941301346, 2.63935232162, 2.30017900467, 3.09029984474, 3.83232784271, 3.86096549034, 4.60431671143, 4.26648426056, 4.28598928452, 3.09451198578, 2.54033708572, 2.16574716568, 1.71490943432, 1.32333910465, 0.924422442913, 0.482720136642, 0.187274187803, 0.096180588007, 0.0617434829473, 0.0356118679047, 0.0199819393456, 0.00843081623316, 0.00239896401763, 0.000522294081748, 0.000126059632748, 2.45298560912e-05, 1.23433428598e-05], "min": [1.46461587303e-09, 1.67864555589e-10, 4.31250243849e-11, 4.60111879153e-11, 1.0879146195e-10, 2.35105268587e-10, 4.76509887104e-10, 1.01747088532e-09, 1.71583602881e-09, 1.37971079006e-09, 3.49531470434e-09, 3.71490749274e-09, 4.79491601979e-09, 7.31936422582e-09, 1.37214950513e-08, 9.96192550673e-09, 1.22653149859e-08, 2.22543583561e-08, 2.43007640677e-08, 3.19869073451e-08, 3.27573950187e-08, 4.27572928174e-08, 4.43552963247e-08, 4.2639644704e-08, 6.48991616004e-08, 4.65992222587e-08, 6.85907934894e-08, 8.30611313063e-08, 1.02144205982e-07, 1.08041938063e-07, 7.68798287254e-08, 8.71084608889e-08, 7.85112845847e-08, 6.28634353461e-08, 4.77080526196e-08, 2.84398105066e-08, 1.89873787804e-08, 1.46004355273e-08, 4.08644140748e-09, 6.23669171862e-10], "dvar": [0.961760401726, 36.4685134888, 65.0792541504, 111.849075317, 356.985534668, 107.202774048, 159.523071289, 122.172958374, 284.121063232, 461.576171875, 372.915924072, 513.380065918, 680.139709473, 376.148406982, 432.594299316, 967.507202148, 139.224533081, 528.641235352, 655.901062012, 1029.82788086, 4751.78076172, 1118.83398438, 484.945129395, 398.254364014, 197.923080444, 222.527008057, 59.2552070618, 17.7658958435, 9.91835784912, 3.69643235207, 2.60243749619, 0.871512830257, 0.727945566177, 0.415339738131, 0.0811949968338, 0.0437254942954, 0.00888826977462, 0.000688613799866, 2.47852130997e-05, 2.02362272717e-07], "mean": [0.385511189699, 2.50472211838, 3.78615045547, 5.16439437866, 8.74092102051, 5.58411693573, 5.52815532684, 6.63076448441, 9.85091972351, 12.0076684952, 12.1252994537, 13.6477870941, 11.7359771729, 10.7017450333, 9.00189208984, 9.4276599884, 9.27462387085, 14.7454433441, 15.8343935013, 25.0210266113, 30.7509975433, 23.0333499908, 17.514793396, 14.1191701889, 11.2192621231, 10.0026397705, 6.00575637817, 3.56624913216, 2.09418058395, 1.23356902599, 0.873500645161, 0.56709498167, 0.398824214935, 0.250786066055, 0.121885277331, 0.0551354326308, 0.0185989942402, 0.00500294612721, 0.000806641357485, 7.93817816884e-05]}, "spectral_contrast_valleys": {"max": [-4.66806221008, -4.36942434311, -5.18688392639, -5.84178256989, -5.24416732788, -7.98488950729], "dmean": [0.462375611067, 0.385136067867, 0.336541563272, 0.288691729307, 0.251369804144, 0.300814986229], "dvar2": [0.431042432785, 0.243797853589, 0.193361774087, 0.151984661818, 0.155326724052, 0.268025457859], "dmean2": [0.725545465946, 0.589741706848, 0.511572003365, 0.431397408247, 0.365110814571, 0.402240395546], "var": [2.64786481857, 1.40822327137, 1.40374350548, 2.16750001907, 2.76585793495, 2.96615386009], "median": [-7.55648803711, -7.13748931885, -7.91317987442, -8.19751739502, -8.07894134521, -11.579788208], "min": [-19.2771224976, -17.1138954163, -17.2213401794, -17.1079711914, -16.341085434, -17.6578197479], "dvar": [0.200233757496, 0.117218665779, 0.0944253057241, 0.0799723118544, 0.0825004130602, 0.144974946976], "mean": [-7.86395978928, -7.2475194931, -8.08460330963, -8.54305934906, -8.46636390686, -11.6866617203]}, "average_loudness": 0.0327112749219, "erbbands_spread": {"max": 126.640930176, "dmean": 6.60952949524, "dvar2": 114.526954651, "dmean2": 10.3910036087, "var": 343.473022461, "median": 31.1200332642, "min": 0.961109280586, "dvar": 48.5185966492, "mean": 33.3398094177}, "melbands_flatness_db": {"max": 0.818180859089, "dmean": 0.032190605998, "dvar2": 0.00256551406346, "dmean2": 0.0498370453715, "var": 0.0147359129041, "median": 0.230371907353, "min": 0.0485287383199, "dvar": 0.0010714820819, "mean": 0.255203932524}, "barkbands_spread": {"max": 150.583328247, "dmean": 4.97643613815, "dvar2": 77.4099807739, "dmean2": 7.90338945389, "var": 190.976516724, "median": 16.6293907166, "min": 0.152251780033, "dvar": 32.9520874023, "mean": 19.3886947632}, "spectral_decrease": {"max": 6.94021474591e-16, "dmean": 3.346116495e-09, "dvar2": 1.83729029851e-16, "dmean2": 5.40113154202e-09, "var": 1.63803731203e-16, "median": -1.89318605237e-09, "min": -1.4029157569e-07, "dvar": 6.67619589974e-17, "mean": -6.82316736444e-09}, "melbands_crest": {"max": 39.7640342712, "dmean": 3.4280872345, "dvar2": 24.0292568207, "dmean2": 5.66015052795, "var": 47.7569694519, "median": 14.1165838242, "min": 3.74030709267, "dvar": 9.0341424942, "mean": 15.3854951859}, "erbbands_flatness_db": {"max": 0.506383776665, "dmean": 0.0170533005148, "dvar2": 0.000540086941328, "dmean2": 0.0249097105116, "var": 0.00471490016207, "median": 0.176418915391, "min": 0.0274402815849, "dvar": 0.000269507989287, "mean": 0.188253223896}, "melbands_kurtosis": {"max": 1425.36535645, "dmean": 11.0560417175, "dvar2": 2555.26025391, "dmean2": 18.0287532806, "var": 1590.54504395, "median": 6.66485977173, "min": -1.77560555935, "dvar": 928.692932129, "mean": 17.7803211212}, "spectral_rms": {"max": 0.0228277202696, "dmean": 0.000895028118975, "dvar2": 4.75341266792e-06, "dmean2": 0.0013759379508, "var": 1.1145118151e-05, "median": 0.00273463781923, "min": 1.87083128367e-06, "dvar": 1.82438338925e-06, "mean": 0.00387804908678}, "melbands_skewness": {"max": 34.0532112122, "dmean": 0.912341475487, "dvar2": 3.15791606903, "dmean2": 1.45283019543, "var": 5.46165990829, "median": 2.23697805405, "min": -2.61332583427, "dvar": 1.22049057484, "mean": 2.80649328232}, "barkbands": {"max": [0.201087608933, 0.442520201206, 0.11430002749, 0.142860740423, 0.121791511774, 0.0309976544231, 0.0249139666557, 0.0210165828466, 0.0322829969227, 0.0355225093663, 0.0194583553821, 0.0369375683367, 0.00926297251135, 0.0159426238388, 0.0160966347903, 0.0473420582712, 0.0188396926969, 0.0109400255606, 0.00794515758753, 0.0156805273145, 0.00647662300617, 0.00220624031499, 0.0013494520681, 0.00174705660902, 0.00172246142756, 0.00212284782901, 0.00125433027279], "dmean": [0.0010666459566, 0.00901388097554, 0.00207915646024, 0.0016387689393, 0.00140831375029, 0.000494513835292, 0.000537272833753, 0.000365162297385, 0.000330672046402, 0.000215010266402, 0.000129075735458, 0.000146978389239, 0.000117220573884, 0.000173955006176, 0.000190132224816, 0.000335646502208, 0.000255347520579, 0.000161946139997, 0.000115217451821, 9.57233205554e-05, 5.56947088626e-05, 2.72559082077e-05, 1.72182499227e-05, 1.40638176163e-05, 1.27205503304e-05, 8.17367435957e-06, 4.09494441556e-06], "dvar2": [8.32276055007e-05, 0.00199396070093, 8.95432021935e-05, 6.50459696772e-05, 4.01592624257e-05, 3.36400739798e-06, 4.41861266154e-06, 1.75396644408e-06, 1.70987061665e-06, 1.31045396756e-06, 4.25836532258e-07, 1.45427361531e-06, 1.68220267938e-07, 6.34292234736e-07, 5.41340000382e-07, 3.42240491591e-06, 1.41087468819e-06, 4.21208625312e-07, 2.20070205614e-07, 2.04424594585e-07, 4.898164363e-08, 1.47149243901e-08, 4.87109330649e-09, 3.97452604162e-09, 4.84252415944e-09, 5.89420245944e-09, 2.88614776522e-09], "dmean2": [0.00180040439591, 0.0150230331346, 0.00353258242831, 0.00271853036247, 0.0022838304285, 0.000788157398347, 0.000855871592648, 0.000569083786104, 0.000509180594236, 0.000336209632223, 0.000200166570721, 0.000231144585996, 0.000186168865184, 0.000283681642031, 0.000299653911497, 0.000554282392841, 0.000416765367845, 0.000264327652985, 0.000186710196431, 0.000148132690811, 8.7719912699e-05, 4.12579065596e-05, 2.29455417866e-05, 1.93754949578e-05, 1.96308137674e-05, 1.22326027849e-05, 6.42440545562e-06], "var": [4.96996799484e-05, 0.00125111080706, 4.58404501842e-05, 3.71691385226e-05, 3.07570735458e-05, 2.05224546335e-06, 2.75274055639e-06, 1.3199598925e-06, 2.4217479222e-06, 1.05354865809e-06, 5.69775181702e-07, 1.03273134755e-06, 1.61253453257e-07, 5.26522569544e-07, 8.60777333855e-07, 1.98369889404e-06, 9.23982213408e-07, 4.35915097796e-07, 1.89011629459e-07, 5.35667993518e-07, 5.36178568211e-08, 1.50865311355e-08, 7.93816035127e-09, 6.31791907679e-09, 4.02121846932e-09, 3.16350878826e-09, 1.06646058651e-09], "median": [3.31554401782e-05, 0.0010355534032, 0.000307867187075, 0.000291783217108, 0.000442754186224, 0.000257363106357, 0.000208640849451, 0.000175289460458, 0.000157500355272, 7.31894979253e-05, 6.05691966484e-05, 4.82381656184e-05, 6.01642132096e-05, 6.67826680001e-05, 7.71256236476e-05, 7.11454486009e-05, 6.99006195646e-05, 5.23529743077e-05, 4.77175053675e-05, 3.49597539753e-05, 2.76822211163e-05, 1.22328647194e-05, 3.77386186301e-06, 2.39424571191e-06, 1.5757593701e-06, 3.7351969695e-07, 7.49733644057e-08], "min": [3.46586537248e-10, 1.59642264685e-12, 1.88755600234e-14, 9.87464572459e-15, 1.17722942939e-13, 8.20091065369e-14, 1.10737062423e-13, 1.16555948378e-13, 1.39968508246e-13, 1.06656945374e-13, 2.54278098143e-13, 1.86065477804e-13, 1.9328507165e-13, 3.96501516516e-13, 4.59253891427e-13, 6.06449894643e-13, 6.83220461543e-13, 9.70214793922e-13, 1.14505497098e-12, 9.00421176422e-13, 1.82403983411e-12, 2.91495148332e-12, 3.21759806299e-12, 4.38846788769e-12, 6.04554557457e-12, 9.15142614466e-12, 7.80260786537e-11], "dvar": [2.84640263999e-05, 0.000717306043953, 3.28404203174e-05, 2.50208904617e-05, 1.56959667947e-05, 1.32438208311e-06, 1.77326137418e-06, 7.96188544427e-07, 8.97029110547e-07, 5.85147006404e-07, 1.93436136442e-07, 5.59345153306e-07, 7.14622814257e-08, 2.59243222445e-07, 2.32418656765e-07, 1.31625995436e-06, 5.28529199073e-07, 1.59904146813e-07, 8.93083509368e-08, 9.68309024074e-08, 2.01069774164e-08, 6.41805941726e-09, 2.86157542106e-09, 2.2815724865e-09, 2.15067852416e-09, 2.58024646094e-09, 1.13360032472e-09], "mean": [0.00143991329242, 0.01213045232, 0.00269663287327, 0.00211585918441, 0.00215624994598, 0.000749680621084, 0.000765408854932, 0.000520973233506, 0.000590707175434, 0.000354079384124, 0.000232257982134, 0.000233117432799, 0.000192426101421, 0.000286646187305, 0.0003865409235, 0.000547420058865, 0.000425594043918, 0.000309200258926, 0.000219041467062, 0.000223129754886, 0.000116528193757, 5.42831403436e-05, 3.17481972161e-05, 2.53505622823e-05, 1.9374592739e-05, 1.11230856419e-05, 4.90546608489e-06]}, "spectral_kurtosis": {"max": 189.998291016, "dmean": 3.99441885948, "dvar2": 200.491348267, "dmean2": 6.85763788223, "var": 437.555938721, "median": 5.0072593689, "min": -0.40265917778, "dvar": 69.7107162476, "mean": 11.7809944153}, "erbbands_skewness": {"max": 4.8011841774, "dmean": 0.355008810759, "dvar2": 0.245793938637, "dmean2": 0.560139477253, "var": 0.905368566513, "median": 0.0361447930336, "min": -3.52162861824, "dvar": 0.103285208344, "mean": 0.0767827257514}, "melbands": {"max": [0.137782648206, 0.101036578417, 0.057852730155, 0.0324952043593, 0.0157773680985, 0.00694146798924, 0.00520266452804, 0.00735485879704, 0.00431641330943, 0.00621495395899, 0.00782107375562, 0.00443831877783, 0.00263677421026, 0.0049769282341, 0.00192498287652, 0.00125275098253, 0.00176532636397, 0.00310072675347, 0.00102584436536, 0.00290341302752, 0.00364601612091, 0.00102715508547, 0.00111012917478, 0.000745828321669, 0.000612434116192, 0.000232301594224, 0.000856942264363, 0.000394432572648, 0.000237303116592, 0.000148736828123, 7.24947749404e-05, 6.76464624121e-05, 2.73524474323e-05, 2.71852204605e-05, 2.96273119602e-05, 1.52527709361e-05, 2.27868022193e-05, 1.5794283172e-05, 2.98737741105e-05, 2.35760053329e-05], "dmean": [0.00250362162478, 0.00185940950178, 0.000698880990967, 0.000341801351169, 0.000146840931848, 9.86292943708e-05, 0.000102727659396, 9.1004789283e-05, 5.95002893533e-05, 4.65903976874e-05, 3.56588680006e-05, 2.44233651756e-05, 1.66664613062e-05, 1.69773138623e-05, 1.32140639835e-05, 1.3061881873e-05, 1.63730310305e-05, 1.302050714e-05, 1.53410364874e-05, 2.05105625355e-05, 2.37976473727e-05, 1.48334556798e-05, 1.01854730019e-05, 8.04565206636e-06, 6.34224534224e-06, 4.03151352657e-06, 4.35923584519e-06, 2.96670759781e-06, 2.11424276131e-06, 1.37101358177e-06, 9.60669808592e-07, 6.99049451214e-07, 4.52705876341e-07, 3.61184163467e-07, 3.2522078186e-07, 2.11271995454e-07, 1.69499287495e-07, 1.7419550602e-07, 1.50217104533e-07, 1.50630739881e-07], "dvar2": [0.000172943851794, 7.74580184952e-05, 1.05416129372e-05, 2.35488960243e-06, 5.3248805898e-07, 1.42509492207e-07, 1.69892075519e-07, 1.14214884661e-07, 4.80519766199e-08, 3.5137471599e-08, 3.45416992786e-08, 1.51186014818e-08, 8.80324524388e-09, 2.25574243728e-08, 5.88539705859e-09, 2.50148546321e-09, 5.25200638535e-09, 5.30845190028e-09, 3.34922622969e-09, 1.12975877542e-08, 2.06650607737e-08, 4.73316186245e-09, 2.46193820885e-09, 1.05656638993e-09, 7.61947560601e-10, 2.53746912371e-10, 5.64304603046e-10, 1.7627481419e-10, 8.080976166e-11, 3.0662115208e-11, 1.40431104245e-11, 1.0685050067e-11, 3.95245381563e-12, 2.40622756095e-12, 2.19196123925e-12, 6.64935283484e-13, 5.51928782625e-13, 7.67036933101e-13, 5.64045826105e-13, 8.90750309884e-13], "dmean2": [0.00420448975638, 0.00304187834263, 0.00115210236982, 0.00055798725225, 0.000233621234656, 0.000157362388563, 0.000165075558471, 0.000142493197927, 9.15213095141e-05, 7.12974797352e-05, 5.49685937585e-05, 3.79398697987e-05, 2.59006865235e-05, 2.64042682829e-05, 2.07996399695e-05, 2.08019046113e-05, 2.66779752565e-05, 2.06335953408e-05, 2.40235822275e-05, 3.35824297508e-05, 3.93413174606e-05, 2.43901140493e-05, 1.65519704751e-05, 1.32631312226e-05, 1.0277988622e-05, 6.62306774757e-06, 6.83859161654e-06, 4.53835400549e-06, 3.38948530043e-06, 2.16708235712e-06, 1.54998986091e-06, 1.11152780846e-06, 6.76303557157e-07, 5.2535051509e-07, 4.44629762342e-07, 2.94465962725e-07, 2.3818262207e-07, 2.4698016432e-07, 2.28251920475e-07, 2.41841092929e-07], "var": [0.000108182073745, 4.80095040984e-05, 7.05630873199e-06, 1.89250999938e-06, 2.40744213897e-07, 8.27068120657e-08, 1.14399043127e-07, 6.74155629099e-08, 5.15582634364e-08, 5.45892895332e-08, 2.6250853935e-08, 1.72893024342e-08, 1.03099431215e-08, 1.3361711737e-08, 6.38468833358e-09, 2.7633366706e-09, 4.74392702898e-09, 4.7847250606e-09, 5.82699133389e-09, 8.62891713638e-09, 1.00097654609e-08, 3.13195713808e-09, 1.91009430495e-09, 9.64734403475e-10, 6.62179033828e-10, 2.12449308146e-10, 1.37514755139e-09, 2.62326743661e-10, 7.83398484971e-11, 2.90054577579e-11, 1.2767374831e-11, 8.66162263441e-12, 4.15184076355e-12, 2.75864942868e-12, 2.77788209102e-12, 1.32317540171e-12, 9.87842511783e-13, 8.360213021e-13, 6.64889692782e-13, 5.78470593909e-13], "median": [0.000262101617409, 0.000326211506035, 0.000159807183081, 8.41675573611e-05, 7.03299738234e-05, 4.86411336169e-05, 4.30682484875e-05, 4.23442688771e-05, 3.33173447871e-05, 2.18464465433e-05, 1.27544799398e-05, 1.10172613859e-05, 8.41374730953e-06, 5.88374996369e-06, 4.44264514954e-06, 6.36718777969e-06, 6.2269400587e-06, 4.82566110804e-06, 5.709418474e-06, 5.31831301487e-06, 4.19536627305e-06, 4.21825961894e-06, 3.10320365315e-06, 2.16807438846e-06, 1.89037757536e-06, 1.73594219177e-06, 1.24319353745e-06, 1.00740055586e-06, 8.25522533887e-07, 5.41009057997e-07, 4.83801727569e-07, 2.97725847531e-07, 1.382556718e-07, 7.37054648425e-08, 5.03841661725e-08, 4.61838780552e-08, 2.9563393511e-08, 2.49382772211e-08, 1.82253643288e-08, 1.48495828967e-08], "min": [3.07897249363e-11, 1.67701139434e-14, 8.37807403206e-15, 1.51443290688e-14, 1.89559756374e-14, 2.39023549759e-14, 2.34205711059e-14, 1.70336885737e-14, 3.31752854354e-14, 2.01975514493e-14, 2.2677591074e-14, 2.63324806431e-14, 3.6750950319e-14, 3.81586140452e-14, 2.46417774694e-14, 1.9009619928e-14, 3.87852862891e-14, 2.68760420142e-14, 4.36525612207e-14, 4.08122496844e-14, 3.42075644883e-14, 3.7934428141e-14, 3.84069878223e-14, 4.09177696608e-14, 2.83933507673e-14, 4.12266351428e-14, 4.9159332475e-14, 2.10651012286e-14, 4.28285235239e-14, 4.38800031196e-14, 4.33220489647e-14, 5.10187290364e-14, 4.65425258284e-14, 4.78217014328e-14, 4.04934095424e-14, 4.70669103735e-14, 4.3789441745e-14, 5.65453852361e-14, 4.50539738438e-14, 5.13995550495e-14], "dvar": [6.05270870437e-05, 2.95513618767e-05, 4.04139473176e-06, 9.12180098567e-07, 2.08278152058e-07, 5.5272806776e-08, 6.76014693113e-08, 4.89240292723e-08, 2.39798598756e-08, 1.89745499313e-08, 1.66869646989e-08, 6.95767976566e-09, 3.85482490373e-09, 8.58335802434e-09, 2.5215129984e-09, 1.01657937623e-09, 2.10486916785e-09, 2.30620500474e-09, 1.46737422213e-09, 4.56138549154e-09, 7.63619745214e-09, 1.76712333655e-09, 9.49430090103e-10, 3.93971022472e-10, 3.1865413086e-10, 9.83346737371e-11, 2.68329192199e-10, 8.89633783308e-11, 3.14782748478e-11, 1.28494524049e-11, 5.59557998894e-12, 4.30060457732e-12, 1.7937348655e-12, 1.17919942474e-12, 1.2288572937e-12, 4.08071200528e-13, 3.16224558474e-13, 3.87880726887e-13, 2.93346076596e-13, 3.7367399214e-13], "mean": [0.00346913468093, 0.00254463101737, 0.00105243246071, 0.000515202991664, 0.000202960087336, 0.000148055434693, 0.000154806679348, 0.000127420717035, 0.000101052362879, 8.26261311886e-05, 5.74550758756e-05, 4.37711860286e-05, 3.02683802147e-05, 2.60564829659e-05, 2.14590945689e-05, 2.29340166698e-05, 2.69475985988e-05, 2.27166128752e-05, 3.14298631565e-05, 3.61101920134e-05, 3.5775356082e-05, 2.48543710768e-05, 1.78930404218e-05, 1.44380528582e-05, 1.1219713997e-05, 7.50569734009e-06, 9.50903267949e-06, 5.69447001908e-06, 4.02226987717e-06, 2.6425066153e-06, 1.84915290902e-06, 1.28185740778e-06, 8.1072573721e-07, 6.32601256711e-07, 5.38437689102e-07, 3.92686018813e-07, 3.21399284076e-07, 2.86683416562e-07, 2.35492322531e-07, 2.07732043123e-07]}, "spectral_centroid": {"max": 4011.77807617, "dmean": 218.676193237, "dvar2": 135818.5, "dmean2": 342.974243164, "var": 472901.15625, "median": 1206.09741211, "min": 104.053565979, "dvar": 60655.5429688, "mean": 1319.54431152}, "pitch_salience": {"max": 0.912502229214, "dmean": 0.0791671425104, "dvar2": 0.0126173691824, "dmean2": 0.12894128263, "var": 0.0228329151869, "median": 0.535988330841, "min": 0.0235255677253, "dvar": 0.00491949310526, "mean": 0.519794166088}, "gfcc": {"icov": [[0.000106514635263, -5.87900394748e-05, 6.23907471891e-05, -0.00012773713388, -5.26936346432e-05, -8.79529488884e-06, 0.000221059119212, -0.000123407458887, 0.000187409517821, -0.000225954252528, 0.000399206648581, -0.000304272951325, 8.93623728189e-05], [-5.87900394748e-05, 0.00133367627859, -0.000365663203411, 0.000472488551168, -0.000347373919794, 0.000810324330814, -0.00092227535788, 0.00073095341213, -0.00120518030599, 0.0013148173457, -0.0016885867808, 0.00146206631325, -0.00118408887647], [6.23907471891e-05, -0.000365663203411, 0.00115612102672, 4.57452842966e-05, -0.000425396341598, -0.000614800374024, 0.000548537704162, -0.000435164343799, -0.000104433296656, -0.000190812977962, 0.000421593838837, -0.000750465551391, 0.000308445713017], [-0.00012773713388, 0.000472488551168, 4.57452842966e-05, 0.00185246078763, -0.00103611883242, -9.45709107327e-05, 0.000136175905936, 8.28096308396e-05, -0.000775118300226, -2.69185602519e-05, 0.000147550541442, 0.00164304068312, -0.000956304138526], [-5.26936346432e-05, -0.000347373919794, -0.000425396341598, -0.00103611883242, 0.00258705602027, 0.000234159742831, -0.000881018233486, -7.19563831808e-05, 0.000204385636607, -0.000811519275885, -0.000420478492742, -0.000416657567257, 0.000248621567152], [-8.79529488884e-06, 0.000810324330814, -0.000614800374024, -9.45709107327e-05, 0.000234159742831, 0.00447072181851, -0.000517173495609, -5.93990407651e-05, -0.00107057846617, -0.000552011071704, -0.000532241479959, -0.000258074054727, -0.000177121895831], [0.000221059119212, -0.00092227535788, 0.000548537704162, 0.000136175905936, -0.000881018233486, -0.000517173495609, 0.00651499535888, -0.00187216699123, -0.000762579555158, 0.000257855281234, -0.00168495881371, -0.000946101383306, 0.00012854905799], [-0.000123407458887, 0.00073095341213, -0.000435164343799, 8.28096308396e-05, -7.19563831808e-05, -5.93990407651e-05, -0.00187216699123, 0.00674201594666, -0.00143353210296, -0.000518038345035, 0.000967181520537, 0.000948884116951, -0.000375527597498], [0.000187409517821, -0.00120518030599, -0.000104433296656, -0.000775118300226, 0.000204385636607, -0.00107057846617, -0.000762579555158, -0.00143353210296, 0.011375868693, -0.00396242691204, 0.000257827632595, 0.00104156823363, -0.00189564179163], [-0.000225954252528, 0.0013148173457, -0.000190812977962, -2.69185602519e-05, -0.000811519275885, -0.000552011071704, 0.000257855281234, -0.000518038345035, -0.00396242691204, 0.0120716048405, -0.00641531730071, 0.000745907658711, 0.000872113218065], [0.000399206648581, -0.0016885867808, 0.000421593838837, 0.000147550541442, -0.000420478492742, -0.000532241479959, -0.00168495881371, 0.000967181520537, 0.000257827632595, -0.00641531730071, 0.0163407530636, -0.00703057041392, 0.000584335124586], [-0.000304272951325, 0.00146206631325, -0.000750465551391, 0.00164304068312, -0.000416657567257, -0.000258074054727, -0.000946101383306, 0.000948884116951, 0.00104156823363, 0.000745907658711, -0.00703057041392, 0.0152307897806, -0.00330329709686], [8.93623728189e-05, -0.00118408887647, 0.000308445713017, -0.000956304138526, 0.000248621567152, -0.000177121895831, 0.00012854905799, -0.000375527597498, -0.00189564179163, 0.000872113218065, 0.000584335124586, -0.00330329709686, 0.0136244194582]], "cov": [[17470.8945312, -2759.15332031, -881.315185547, 1968.52844238, 176.615524292, 102.233261108, -1132.2052002, 259.224731445, -466.198120117, 100.396018982, -832.806640625, -133.096755981, -248.172592163], [-2759.15332031, 2620.36206055, 530.156005859, -530.820617676, 383.325866699, -260.742370605, 557.348266602, -126.282432556, 285.656829834, -58.9674224854, 371.583496094, 25.9928150177, 211.331008911], [-881.315185547, 530.156005859, 1231.52514648, -58.5583610535, 297.690856934, 123.958892822, 116.412635803, 50.2056350708, 118.762367249, 63.6136741638, 114.607406616, 63.002281189, 39.1415596008], [1968.52844238, -530.820617676, -58.5583610535, 1134.50244141, 345.239990234, 77.6826019287, -132.229309082, 90.2609100342, 30.1855888367, 73.5258102417, -136.85874939, -106.95059967, -0.209994241595], [176.615524292, 383.325866699, 297.690856934, 345.239990234, 721.239318848, 13.0700616837, 163.444763184, 46.3436660767, 107.091911316, 98.4087524414, 99.2605667114, 14.6553754807, 44.290184021], [102.233261108, -260.742370605, 123.958892822, 77.6826019287, 13.0700616837, 305.235839844, -7.30274677277, 43.6883468628, 28.2097320557, 62.173210144, 8.12288856506, 23.6862831116, -10.3428354263], [-1132.2052002, 557.348266602, 116.412635803, -132.229309082, 163.444763184, -7.30274677277, 346.722015381, 27.2559204102, 105.508255005, 30.2370109558, 146.4896698, 38.7470245361, 54.2065544128], [259.224731445, -126.282432556, 50.2056350708, 90.2609100342, 46.3436660767, 43.6883468628, 27.2559204102, 190.689041138, 30.5645599365, 32.6751289368, -19.8927059174, -11.5660715103, -2.54551005363], [-466.198120117, 285.656829834, 118.762367249, 30.1855888367, 107.091911316, 28.2097320557, 105.508255005, 30.5645599365, 166.218673706, 57.9371147156, 69.2997741699, 0.861191570759, 42.2284698486], [100.396018982, -58.9674224854, 63.6136741638, 73.5258102417, 98.4087524414, 62.173210144, 30.2370109558, 32.6751289368, 57.9371147156, 154.923248291, 65.5685958862, 24.9457798004, -1.05448555946], [-832.806640625, 371.583496094, 114.607406616, -136.85874939, 99.2605667114, 8.12288856506, 146.4896698, -19.8927059174, 69.2997741699, 65.5685958862, 190.378753662, 69.0178909302, 35.9329566956], [-133.096755981, 25.9928150177, 63.002281189, -106.95059967, 14.6553754807, 23.6862831116, 38.7470245361, -11.5660715103, 0.861191570759, 24.9457798004, 69.0178909302, 113.246910095, 16.5749874115], [-248.172592163, 211.331008911, 39.1415596008, -0.209994241595, 44.290184021, -10.3428354263, 54.2065544128, -2.54551005363, 42.2284698486, -1.05448555946, 35.9329566956, 16.5749874115, 99.3873901367]], "mean": [-91.2937850952, 116.937217712, -120.100509644, 29.6721668243, -44.6010665894, 1.32099986076, -26.1974639893, 6.44403123856, -13.880657196, 1.5376431942, -13.0996112823, -4.18612957001, -6.51520204544]}, "spectral_flux": {"max": 0.523952722549, "dmean": 0.021999862045, "dvar2": 0.00285577494651, "dmean2": 0.0361217483878, "var": 0.00426631513983, "median": 0.048897691071, "min": 3.15811339533e-05, "dvar": 0.00109984818846, "mean": 0.0699551701546}, "zerocrossingrate": {"max": 0.62158203125, "dmean": 0.00748146185651, "dvar2": 9.68114836724e-05, "dmean2": 0.00927548762411, "var": 0.00132655620109, "median": 0.04345703125, "min": 0.0009765625, "dvar": 7.54153224989e-05, "mean": 0.0492911338806}, "spectral_energyband_middle_low": {"max": 0.248743027449, "dmean": 0.00340652954765, "dvar2": 0.000149767685798, "dmean2": 0.00524198962376, "var": 0.000165819510585, "median": 0.00277902232483, "min": 1.34532478473e-12, "dvar": 6.28949637758e-05, "mean": 0.00700923986733}, "silence_rate_20dB": {"max": 1, "dmean": 0.00182412401773, "dvar2": 0.00469789141789, "dmean2": 0.00364852533676, "var": 0.00159295613412, "median": 1, "min": 0, "dvar": 0.00182115437929, "mean": 0.998404026031}, "silence_rate_30dB": {"max": 1, "dmean": 0.0302500575781, "dvar2": 0.0691584274173, "dmean2": 0.0605047121644, "var": 0.057705976069, "median": 1, "min": 0, "dvar": 0.0293355528265, "mean": 0.938516497612}, "spectral_entropy": {"max": 8.99695491791, "dmean": 0.144585177302, "dvar2": 0.049471013248, "dmean2": 0.217572465539, "var": 0.416366308928, "median": 7.43710327148, "min": 4.72165584564, "dvar": 0.0233466774225, "mean": 7.2416768074}, "spectral_rolloff": {"max": 21640.8691406, "dmean": 356.264038086, "dvar2": 860873.0625, "dmean2": 604.090881348, "var": 1690625.75, "median": 861.328125, "min": 21.533203125, "dvar": 364648.28125, "mean": 1224.98364258}, "spectra