{"lowlevel": {"erbbands": {"mean": [0.0371835716069, 0.560743570328, 0.88826239109, 0.945370495319, 3.42008590698, 4.19367408752, 3.9087536335, 9.11437129974, 14.8513593674, 15.5916061401, 13.8421974182, 19.9743270874, 38.8747406006, 25.5550689697, 24.6607017517, 28.5213088989, 23.2472229004, 41.3844337463, 33.9501724243, 28.6859378815, 47.0790557861, 62.7834281921, 34.0058250427, 24.4418811798, 14.9505271912, 12.4025611877, 9.12244129181, 4.18672990799, 3.13316631317, 2.55406188965, 1.95054364204, 1.22768688202, 0.900688707829, 0.463313668966, 0.191915586591, 0.0707456693053, 0.0308168586344, 0.00898043811321, 0.00128381012473, 0.000105586113932], "dvar": [0.000936243974138, 0.170580536127, 0.95474666357, 3.09279680252, 68.9645614624, 79.0323104858, 61.6739463806, 284.838439941, 495.922088623, 1505.29248047, 831.580749512, 3938.97753906, 5483.30371094, 5877.66943359, 2707.78125, 5794.13769531, 5047.71191406, 3939.28564453, 2274.17089844, 1870.02636719, 3373.90600586, 2132.80053711, 728.088134766, 380.250213623, 140.013198853, 174.565444946, 101.004615784, 20.0736846924, 29.1990718842, 10.8640460968, 5.48365497589, 1.70467746258, 1.39801192284, 0.700370967388, 0.151978343725, 0.0186877343804, 0.0026101518888, 0.00027948175557, 1.04646751424e-05, 2.72254709444e-07], "min": [4.11048710036e-22, 6.09667654369e-22, 9.30525036305e-21, 4.81968803872e-20, 3.65037906247e-20, 1.03105543039e-19, 2.86536010423e-19, 5.67014577221e-19, 6.85708739569e-19, 5.68492231987e-19, 3.93589208312e-19, 1.7000393793e-18, 8.99026832222e-19, 2.7265140644e-18, 5.32588922789e-18, 3.15453887916e-18, 3.84720875718e-18, 6.97843975463e-18, 9.99481672403e-18, 5.9721302853e-18, 6.14766338796e-18, 8.33378180575e-18, 1.02636280892e-17, 1.07353700198e-17, 6.13200899486e-18, 1.12419900208e-17, 1.94359237091e-17, 1.50380426202e-17, 1.87786675011e-17, 2.27536343039e-17, 1.58843509572e-17, 1.16924783727e-17, 1.20052428069e-17, 1.11350537656e-17, 9.6189367547e-18, 6.49446837235e-18, 3.28579259004e-18, 1.22582676369e-18, 3.48484393678e-19, 4.86992342818e-20], "dmean": [0.0194406509399, 0.264253497124, 0.545123696327, 0.878553509712, 3.30181622505, 3.87914609909, 3.19696092606, 7.92042016983, 10.5923089981, 12.5057401657, 9.97471904755, 14.0543003082, 25.2116012573, 17.5306034088, 15.8818349838, 17.9862117767, 14.8276357651, 23.1506977081, 18.1157569885, 15.4437570572, 23.6101474762, 26.4854602814, 13.7451114655, 10.6536312103, 6.07451438904, 5.45840501785, 3.85956406593, 1.83452284336, 1.60270512104, 1.24814331532, 0.917314171791, 0.564522862434, 0.460867851973, 0.254985004663, 0.101318590343, 0.0382404327393, 0.0182306431234, 0.00617093546316, 0.000970833818428, 7.19589588698e-05], "dmean2": [0.0316487960517, 0.426578789949, 0.939864337444, 1.5631428957, 5.69525289536, 7.07596302032, 5.46038007736, 13.1910381317, 16.8397064209, 20.3012714386, 15.4918251038, 22.2516517639, 39.5276260376, 26.6532077789, 23.7182350159, 26.8604183197, 22.3710842133, 36.8244667053, 28.8850402832, 23.4110240936, 36.8585624695, 40.7713851929, 20.7985954285, 16.5879020691, 9.28400802612, 7.85424566269, 5.80732393265, 2.61117339134, 2.36516046524, 1.82442724705, 1.38158738613, 0.82706874609, 0.692707300186, 0.38888412714, 0.152403503656, 0.0564929097891, 0.0250117219985, 0.0086695663631, 0.00138915667776, 0.000104391219793], "dvar2": [0.00255773263052, 0.464992076159, 2.66330933571, 8.66606044769, 192.151306152, 239.461959839, 163.80078125, 746.407775879, 1199.08544922, 3842.09692383, 1842.85693359, 10725.0986328, 13024.1201172, 13710.2197266, 5975.01806641, 9659.93164062, 11449.4492188, 9595.41796875, 5226.13867188, 4195.3046875, 8036.98388672, 4937.79736328, 1502.79431152, 863.145751953, 314.622497559, 340.932098389, 220.61378479, 39.5235023499, 62.2659721375, 26.9391231537, 12.9168376923, 3.58085584641, 3.40053892136, 1.9121696949, 0.417195349932, 0.0506713539362, 0.00659733451903, 0.000671242189128, 2.69622705673e-05, 5.21922515873e-07], "max": [0.352356612682, 5.76716852188, 14.1204175949, 17.7892913818, 88.8785095215, 106.576499939, 147.031295776, 224.365524292, 448.760864258, 933.149291992, 941.419311523, 2501.58154297, 2584.11767578, 1916.1138916, 1391.47058105, 4402.43847656, 3115.01245117, 2297.63769531, 1473.75830078, 1226.90197754, 2036.33410645, 1335.39978027, 674.343505859, 475.352325439, 394.435943604, 356.580566406, 234.909759521, 188.119766235, 212.224639893, 110.88735199, 57.4573974609, 26.7235126495, 26.4832115173, 22.7048473358, 12.909611702, 4.43096923828, 1.87195682526, 0.591650664806, 0.120768465102, 0.0246416293085], "median": [0.0307792760432, 0.425449222326, 0.556407928467, 0.504194498062, 1.18213248253, 1.3924369812, 0.922748029232, 2.67946982384, 4.85924005508, 4.95630598068, 6.12654209137, 9.67342090607, 16.4954605103, 6.18262672424, 5.81832504272, 9.13574790955, 9.21389484406, 24.3789768219, 19.6932544708, 12.7225399017, 24.7531719208, 37.9055747986, 18.4385738373, 14.3521375656, 7.17659091949, 4.7964515686, 3.72192668915, 1.93981361389, 1.05154681206, 1.03826153278, 0.706978917122, 0.451781362295, 0.313243836164, 0.17148347199, 0.0743845924735, 0.0267361458391, 0.00985826924443, 0.00210612243973, 0.000208033496165, 3.16832120006e-05], "var": [0.00137815624475, 0.292226225138, 1.20486366749, 2.33161711693, 54.2922973633, 67.4121398926, 73.8281936646, 306.654632568, 796.753845215, 1597.09020996, 1084.56115723, 3017.25097656, 8366.65917969, 8429.05273438, 5550.53173828, 16127.9482422, 7129.46923828, 5447.78173828, 3992.88964844, 3656.87353516, 6101.29443359, 6771.54199219, 2612.31469727, 1155.86853027, 598.100341797, 637.905944824, 299.70703125, 55.3242797852, 54.4964942932, 22.5831108093, 15.0699710846, 5.03375720978, 3.13970041275, 0.943054378033, 0.171693891287, 0.0212549567223, 0.00344746350311, 0.000353267911123, 1.01089408417e-05, 3.14259409606e-07]}, "gfcc": {"icov": [[9.48139204411e-05, -2.66874649242e-05, 0.000167860809597, 0.000128468222101, 0.000268068193691, -6.60434670863e-05, 0.000280418316834, -0.000155229485244, 0.000207764853258, -0.000340884522302, 0.000333864649292, -0.000332241383148, 4.50548504887e-05], [-2.66874649242e-05, 0.00139221758582, 0.000142845427035, 0.000482673814986, -0.000660290883388, 0.00033004177385, 5.74641890125e-05, 0.000454493798316, -0.00175227608997, 0.00166764005553, -0.00235269358382, 0.00199331482872, -0.00141165929381], [0.000167860809597, 0.000142845427035, 0.00201875041239, 9.94190195343e-05, 0.000281537213596, 0.000191413870198, 0.000285297312075, 0.000572284974623, 0.000324464956066, -0.000801605288871, 0.00133332691621, -0.0020779480692, 0.00139494799078], [0.000128468222101, 0.000482673814986, 9.94190195343e-05, 0.00337597099133, -0.00035358662717, -0.000793577579316, 0.00246895081364, -0.000498407578561, -0.000684916449245, 0.000548850861378, -4.22588418587e-05, -0.00011549712508, -0.000800537411124], [0.000268068193691, -0.000660290883388, 0.000281537213596, -0.00035358662717, 0.00655672885478, 0.000227901269682, -0.00241915509105, -0.00176025368273, 0.000762704235967, -0.00111795542762, 0.00237606046721, -0.00127381586935, 0.00145344703924], [-6.60434670863e-05, 0.00033004177385, 0.000191413870198, -0.000793577579316, 0.000227901269682, 0.00646069087088, -0.00297071645036, -0.000454034539871, 0.000615519296844, -0.0011036171345, -0.000982167781331, 0.000733942026272, 9.56860749284e-05], [0.000280418316834, 5.74641890125e-05, 0.000285297312075, 0.00246895081364, -0.00241915509105, -0.00297071645036, 0.0108234230429, -0.00142033095472, -0.00106932886411, 0.00115821918007, -0.00122680026107, -0.000134691203129, 8.28784959594e-06], [-0.000155229485244, 0.000454493798316, 0.000572284974623, -0.000498407578561, -0.00176025368273, -0.000454034539871, -0.00142033095472, 0.0112768597901, -0.00599054899067, 0.00194797595032, -0.000895942619536, 0.00262079294771, -0.00127744534984], [0.000207764853258, -0.00175227608997, 0.000324464956066, -0.000684916449245, 0.000762704235967, 0.000615519296844, -0.00106932886411, -0.00599054899067, 0.0167142152786, -0.0102255512029, 0.00666429614648, -0.0022888937965, 0.00195767800324], [-0.000340884522302, 0.00166764005553, -0.000801605288871, 0.000548850861378, -0.00111795542762, -0.0011036171345, 0.00115821918007, 0.00194797595032, -0.0102255512029, 0.0237675141543, -0.0125112039968, 0.00302822166122, 0.000836021557916], [0.000333864649292, -0.00235269358382, 0.00133332691621, -4.22588418587e-05, 0.00237606046721, -0.000982167781331, -0.00122680026107, -0.000895942619536, 0.00666429614648, -0.0125112039968, 0.0236920397729, -0.0101403072476, 0.00291852280498], [-0.000332241383148, 0.00199331482872, -0.0020779480692, -0.00011549712508, -0.00127381586935, 0.000733942026272, -0.000134691203129, 0.00262079294771, -0.0022888937965, 0.00302822166122, -0.0101403072476, 0.0252105984837, -0.00832309480757], [4.50548504887e-05, -0.00141165929381, 0.00139494799078, -0.000800537411124, 0.00145344703924, 9.56860749284e-05, 8.28784959594e-06, -0.00127744534984, 0.00195767800324, 0.000836021557916, 0.00291852280498, -0.00832309480757, 0.0205672495067]], "mean": [-30.5737266541, 78.39402771, -132.057052612, 27.5056037903, -39.5727767944, 9.2160320282, -31.2964172363, 16.7291698456, -13.6858844757, 2.21955895424, -14.17715168, -0.685535848141, -11.5615291595], "cov": [[18853.796875, -284.819793701, -1144.69006348, -306.491821289, -982.353393555, -43.7713813782, -657.921264648, -60.1461219788, -178.364807129, 149.571762085, 3.38234162331, 142.767501831, 139.203811646], [-284.819793701, 1266.58642578, -281.900268555, -182.982223511, 137.052581787, -31.697101593, 100.174751282, 74.256477356, 112.813201904, -16.0494861603, 59.908493042, -76.1194381714, 45.1984596252], [-1144.69006348, -281.900268555, 744.990234375, 43.200756073, -11.9879055023, -36.8505249023, -27.8626861572, -86.0584106445, -37.5861053467, 2.08126068115, -19.3095111847, 52.6181182861, -42.4764595032], [-306.491821289, -182.982223511, 43.200756073, 399.264862061, -10.1433563232, 11.2242965698, -82.9597320557, 5.62001514435, 0.48266351223, -6.92765045166, -18.6748085022, 10.2184429169, 8.79059505463], [-982.353393555, 137.052581787, -11.9879055023, -10.1433563232, 256.664886475, 19.8252735138, 101.257240295, 60.9668884277, 42.1581115723, -5.74813699722, -12.4094457626, -23.303237915, -13.955862999], [-43.7713813782, -31.697101593, -36.8505249023, 11.2242965698, 19.8252735138, 192.462173462, 60.701499939, 24.2006511688, 7.25884103775, 16.8840732574, 15.0282526016, -4.98575210571, -5.48860359192], [-657.921264648, 100.174751282, -27.8626861572, -82.9597320557, 101.257240295, 60.701499939, 177.860031128, 45.8059997559, 32.3600311279, 0.984297573566, 9.62286663055, -15.8784885406, -8.59843158722], [-60.1461219788, 74.256477356, -86.0584106445, 5.62001514435, 60.9668884277, 24.2006511688, 45.8059997559, 144.840744019, 66.5676269531, 7.50062942505, -9.59060096741, -24.6953830719, 0.566880226135], [-178.364807129, 112.813201904, -37.5861053467, 0.48266351223, 42.1581115723, 7.25884103775, 32.3600311279, 66.5676269531, 120.419387817, 34.6551742554, -5.94476127625, -17.1825313568, -7.17016458511], [149.571762085, -16.0494861603, 2.08126068115, -6.92765045166, -5.74813699722, 16.8840732574, 0.984297573566, 7.50062942505, 34.6551742554, 76.9403915405, 32.1986656189, 5.4287853241, -9.8451499939], [3.38234162331, 59.908493042, -19.3095111847, -18.6748085022, -12.4094457626, 15.0282526016, 9.62286663055, -9.59060096741, -5.94476127625, 32.1986656189, 78.8217849731, 21.4558467865, 1.64952242374], [142.767501831, -76.1194381714, 52.6181182861, 10.2184429169, -23.303237915, -4.98575210571, -15.8784885406, -24.6953830719, -17.1825313568, 5.4287853241, 21.4558467865, 65.1567001343, 16.1718559265], [139.203811646, 45.1984596252, -42.4764595032, 8.79059505463, -13.955862999, -5.48860359192, -8.59843158722, 0.566880226135, -7.17016458511, -9.8451499939, 1.64952242374, 16.1718559265, 63.0847969055]]}, "spectral_skewness": {"mean": 1.62875235081, "dvar": 0.0400538481772, "min": -0.0323159880936, "dmean": 0.186834067106, "dmean2": 0.306345850229, "dvar2": 0.106275394559, "max": 4.50932216644, "median": 1.58400213718, "var": 0.157334759831}, "spectral_energyband_low": {"mean": 0.00290335784666, "dvar": 4.95319682159e-06, "min": 4.91141707256e-23, "dmean": 0.00136951857712, "dmean2": 0.00228748749942, "dvar2": 1.36856842801e-05, "max": 0.0273245424032, "median": 0.0024346774444, "var": 6.74414604873e-06}, "spectral_energyband_middle_low": {"mean": 0.00581286149099, "dvar": 3.87754480471e-05, "min": 2.33128036974e-22, "dmean": 0.00332272262312, "dmean2": 0.00537863140926, "dvar2": 0.000101588171674, "max": 0.0871430933475, "median": 0.00337240379304, "var": 5.24751339981e-05}, "mfcc": {"icov": [[0.000108645312139, -4.8670812248e-05, 0.000184846954653, -6.76623967593e-05, 0.000111557688797, 3.53394352715e-05, 0.000265738839516, -3.50590889866e-05, 0.000318275095196, -0.000140978896525, 0.000349941459717, -0.000128644343931, 0.000124796526507], [-4.8670812248e-05, 0.0010426674271, 0.000246779469308, 0.00026417162735, -0.000220100104343, 0.000546270690393, -0.000309032417135, 0.00020342314383, -0.000167241727468, 0.000348560512066, -0.000924772641156, 6.71913585393e-05, 7.31516920496e-05], [0.000184846954653, 0.000246779469308, 0.00242886319757, -0.000264444301138, 6.9097346568e-05, -0.000923732819501, 0.00113430933561, -0.000167443897226, 0.000716170005035, 0.000669553119224, -0.000263489258941, 0.00114059238695, -0.000722253927961], [-6.76623967593e-05, 0.00026417162735, -0.000264444301138, 0.0052617713809, -0.00258038798347, 0.000557214661967, 0.00115105498116, 0.000481303286506, 0.000281490763882, 0.000166547382833, 0.00150074309204, -0.00146266142838, 0.000372404902009], [0.000111557688797, -0.000220100104343, 6.9097346568e-05, -0.00258038798347, 0.00994491949677, -0.00105580023956, 0.00018200786144, -0.000610937073361, -0.00169747439213, -0.00110987504013, -0.000260119821178, -0.000949673878495, 0.00126422685571], [3.53394352715e-05, 0.000546270690393, -0.000923732819501, 0.000557214661967, -0.00105580023956, 0.00925633404404, -0.00272931158543, -0.000500648806337, 0.00115680019371, 0.000263240101049, -0.00255554239266, 0.000381256570108, 0.000991126056761], [0.000265738839516, -0.000309032417135, 0.00113430933561, 0.00115105498116, 0.00018200786144, -0.00272931158543, 0.0108101787046, -0.00421658018604, 0.0021778489463, -0.000694070535246, 0.00123583641835, 0.000605792796705, -0.00212507252581], [-3.50590889866e-05, 0.00020342314383, -0.000167443897226, 0.000481303286506, -0.000610937073361, -0.000500648806337, -0.00421658018604, 0.0159328095615, -0.00758982729167, 0.00044425248052, -0.000693795911502, -0.00149713421706, 0.00105456670281], [0.000318275095196, -0.000167241727468, 0.000716170005035, 0.000281490763882, -0.00169747439213, 0.00115680019371, 0.0021778489463, -0.00758982729167, 0.0170775521547, -0.00783872418106, 0.00258894334547, -0.000892601558007, 0.00226984475739], [-0.000140978896525, 0.000348560512066, 0.000669553119224, 0.000166547382833, -0.00110987504013, 0.000263240101049, -0.000694070535246, 0.00044425248052, -0.00783872418106, 0.01787988469, -0.0099585512653, 0.00436035683379, -0.00314373080619], [0.000349941459717, -0.000924772641156, -0.000263489258941, 0.00150074309204, -0.000260119821178, -0.00255554239266, 0.00123583641835, -0.000693795911502, 0.00258894334547, -0.0099585512653, 0.0269699003547, -0.0146235460415, 0.00621972978115], [-0.000128644343931, 6.71913585393e-05, 0.00114059238695, -0.00146266142838, -0.000949673878495, 0.000381256570108, 0.000605792796705, -0.00149713421706, -0.000892601558007, 0.00436035683379, -0.0146235460415, 0.0240682885051, -0.00957052968442], [0.000124796526507, 7.31516920496e-05, -0.000722253927961, 0.000372404902009, 0.00126422685571, 0.000991126056761, -0.00212507252581, 0.00105456670281, 0.00226984475739, -0.00314373080619, 0.00621972978115, -0.00957052968442, 0.0204988084733]], "mean": [-665.615539551, 110.598861694, -23.6149253845, 21.3921413422, 11.0023727417, 0.291610211134, -0.509770572186, 8.9023809433, 5.88923311234, 6.72203016281, 4.36104488373, 5.81469631195, -3.09935522079], "cov": [[13969.2578125, 725.317626953, -992.098693848, 225.518798828, -195.000442505, -367.26574707, -364.152069092, -262.82208252, -309.122528076, -151.196777344, -230.798782349, -19.5629482269, -49.1951904297], [725.317626953, 1146.98876953, -238.103424072, -58.8134727478, 6.57835245132, -74.6444091797, 16.5666408539, 2.49362111092, 18.3822059631, 20.5303497314, 48.7051086426, 32.29164505, -9.62574100494], [-992.098693848, -238.103424072, 592.520568848, 27.7579517365, -1.40786087513, 67.9537353516, -27.8485870361, -21.7295875549, -41.0493545532, -44.6821632385, -16.165435791, -32.1294441223, 9.89136791229], [225.518798828, -58.8134727478, 27.7579517365, 247.867202759, 54.8826789856, -22.391740799, -49.5772666931, -21.6651744843, -9.56340789795, -14.698548317, -17.9596939087, 7.66922187805, -3.18053793907], [-195.000442505, 6.57835245132, -1.40786087513, 54.8826789856, 132.00050354, 12.9769926071, -1.30380177498, 22.2008838654, 36.5440292358, 26.67619133, 18.1494960785, 12.5103330612, -9.55009746552], [-367.26574707, -74.6444091797, 67.9537353516, -22.391740799, 12.9769926071, 143.024993896, 42.7980690002, 17.8306331635, -2.40445590019, 5.36635828018, 20.2879486084, 2.0059261322, -3.02278089523], [-364.152069092, 16.5666408539, -27.8485870361, -49.5772666931, -1.30380177498, 42.7980690002, 137.230911255, 42.3098144531, 10.3403091431, 12.9360198975, 9.44009685516, 3.14293813705, 11.580206871], [-262.82208252, 2.49362111092, -21.7295875549, -21.6651744843, 22.2008838654, 17.8306331635, 42.3098144531, 106.703353882, 63.2893676758, 35.0178642273, 21.4473724365, 11.5694274902, -4.85904121399], [-309.122528076, 18.3822059631, -41.0493545532, -9.56340789795, 36.5440292358, -2.40445590019, 10.3403091431, 63.2893676758, 124.775947571, 64.6110992432, 25.1663799286, 8.51922416687, -11.3438978195], [-151.196777344, 20.5303497314, -44.6821632385, -14.698548317, 26.67619133, 5.36635828018, 12.9360198975, 35.0178642273, 64.6110992432, 107.286773682, 44.7901344299, 12.9215183258, -1.08330416679], [-230.798782349, 48.7051086426, -16.165435791, -17.9596939087, 18.1494960785, 20.2879486084, 9.44009685516, 21.4473724365, 25.1663799286, 44.7901344299, 81.9628143311, 41.3300971985, -2.727394104], [-19.5629482269, 32.29164505, -32.1294441223, 7.66922187805, 12.5103330612, 2.0059261322, 3.14293813705, 11.5694274902, 8.51922416687, 12.9215183258, 41.3300971985, 76.1359786987, 21.6391010284], [-49.1951904297, -9.62574100494, 9.89136791229, -3.18053793907, -9.55009746552, -3.02278089523, 11.580206871, -4.85904121399, -11.3438978195, -1.08330416679, -2.727394104, 21.6391010284, 63.729511261]]}, "silence_rate_20dB": {"mean": 1, "dvar": 0, "min": 1, "dmean": 0, "dmean2": 0, "dvar2": 0, "max": 1, "median": 1, "var": 0}, "dynamic_complexity": 4.73778820038, "silence_rate_60dB": {"mean": 0.116073183715, "dvar": 0.0158741362393, "min": 0, "dmean": 0.0161353796721, "dmean2": 0.0322771109641, "dvar2": 0.0359573625028, "max": 1, "median": 0, "var": 0.102601565421}, "dissonance": {"mean": 0.473829030991, "dvar": 0.000260560249444, "min": 0.258902698755, "dmean": 0.0142150186002, "dmean2": 0.0239307954907, "dvar2": 0.000648927525617, "max": 0.5, "median": 0.481188446283, "var": 0.00067120132735}, "barkbands": {"mean": [8.97332301975e-06, 0.00214818725362, 0.000592498516198, 0.000367830158211, 0.00129862478934, 0.000961450685281, 0.00111576879863, 0.000558300176635, 0.000999929034151, 0.00101642380469, 0.00065481394995, 0.00065013137646, 0.000449676066637, 0.000776573549956, 0.000629248446785, 0.000647480133921, 0.00119130790699, 0.00054803234525, 0.000371693458874, 0.000257069244981, 0.000150655629113, 8.72907767189e-05, 6.91456298227e-05, 5.55188198632e-05, 3.32930903824e-05, 1.67072921613e-05, 8.18325679575e-06], "dvar": [1.83281431698e-10, 2.51883739111e-06, 6.89064279413e-07, 9.87839030131e-07, 6.99812790117e-06, 2.77762478618e-06, 4.23883784606e-06, 1.25951271457e-06, 5.50212689632e-06, 5.90351055507e-06, 4.12734834754e-06, 2.82212658931e-06, 3.69320309801e-06, 1.0873801557e-06, 1.02056583273e-06, 8.34219463286e-07, 1.0461473039e-06, 2.50545213021e-07, 7.95462469227e-08, 9.73516804947e-08, 2.28850751682e-08, 1.62086308819e-08, 6.95539315032e-09, 4.00270350198e-09, 3.92689747386e-09, 7.46581740874e-10, 5.94930382736e-10], "min": [4.87145148583e-23, 4.65173250337e-24, 1.56398695322e-23, 1.35531667771e-23, 2.96046023985e-23, 6.47615801903e-23, 4.94487013919e-23, 7.37437113848e-24, 6.50043726443e-23, 5.12944623608e-23, 1.00408670952e-22, 8.36618228879e-23, 8.96373243381e-23, 1.37981680416e-22, 1.69001887398e-22, 1.10933823543e-22, 1.55913952918e-22, 2.41852762855e-22, 8.89702572457e-23, 2.08930277753e-22, 4.62023084196e-22, 6.06701032494e-22, 5.77235348501e-22, 6.33621207496e-22, 1.18570221773e-21, 1.72749764297e-21, 2.79148092019e-21], "dmean": [8.73656517797e-06, 0.00101619225461, 0.000458532042103, 0.000407836225349, 0.00112273939885, 0.000798199209385, 0.000863343535457, 0.000419458374381, 0.000670797482599, 0.000752001826186, 0.000470514845802, 0.000424726837082, 0.000328385009198, 0.000437283539213, 0.000362650403986, 0.000360335950973, 0.000535063096322, 0.000253378209891, 0.000155023793923, 0.000117666662845, 6.46434273222e-05, 4.28314815508e-05, 3.31100491167e-05, 2.67154391622e-05, 1.76670528163e-05, 9.64220907917e-06, 6.13651491221e-06], "dmean2": [1.52434613483e-05, 0.00163751910441, 0.000801990157925, 0.000731403823011, 0.00198499090038, 0.00133675441612, 0.00139149592724, 0.000675556308124, 0.00106772256549, 0.00116928433999, 0.000707336934283, 0.000639847363345, 0.000512617407367, 0.000701471522916, 0.000567142968066, 0.000561607710551, 0.000845532980748, 0.000391252862755, 0.00024104345357, 0.000170132843778, 9.55928917392e-05, 6.27737535979e-05, 4.90765596624e-05, 3.92690999433e-05, 2.66622810159e-05, 1.3328478417e-05, 8.74763645697e-06], "dvar2": [4.99647656582e-10, 6.85744407747e-06, 1.92398192667e-06, 2.80105268757e-06, 2.00429258257e-05, 7.30784859115e-06, 1.0498993106e-05, 3.02763464788e-06, 1.47449718497e-05, 1.40681813718e-05, 9.59219778451e-06, 4.97172595715e-06, 8.69987889018e-06, 2.82095584225e-06, 2.2829997306e-06, 1.9963615614e-06, 2.57478700405e-06, 5.15891144914e-07, 1.83237574447e-07, 1.89248865468e-07, 4.82486690601e-08, 3.58963454516e-08, 1.6529758895e-08, 8.95198759565e-09, 1.07767590407e-08, 1.90442328574e-09, 1.13795362022e-09], "max": [0.000169959996128, 0.0219908617437, 0.0110099213198, 0.0100022144616, 0.0302612464875, 0.0229614879936, 0.0345911160111, 0.0306604839861, 0.0845424756408, 0.0731534212828, 0.0566531084478, 0.0849611535668, 0.102249115705, 0.0333490297198, 0.0273444484919, 0.0280244257301, 0.0343838445842, 0.0125094959512, 0.00771905854344, 0.0120275970548, 0.00375377433375, 0.00416509294882, 0.00213713617995, 0.00122897117399, 0.00193432974629, 0.000775710563175, 0.000988463289104], "median": [4.1220246203e-06, 0.00166051450651, 0.000255212886259, 0.000145019657793, 0.000492895080242, 0.000284064793959, 0.000372560112737, 0.000246055336902, 0.000500630703755, 0.000266606308287, 0.000114833004773, 0.000195697008166, 0.000141433396493, 0.000463993608719, 0.000286589434836, 0.000308588554617, 0.000693544163369, 0.000285267364234, 0.000198517693207, 9.55371579039e-05, 7.04686535755e-05, 3.21229963447e-05, 2.57499505096e-05, 2.00914328161e-05, 1.30156522573e-05, 5.69754047319e-06, 1.16892260849e-06], "var": [1.81868325955e-10, 4.26710994361e-06, 7.94963341377e-07, 6.63746106966e-07, 6.1351865952e-06, 3.15240981763e-06, 5.33074035047e-06, 1.43748627579e-06, 4.84206930196e-06, 8.48358104122e-06, 5.88447028349e-06, 7.35207640901e-06, 4.60450746687e-06, 1.49292191054e-06, 1.91764934243e-06, 1.33761727739e-06, 2.71916701422e-06, 7.55266626129e-07, 2.96983188264e-07, 3.17763294788e-07, 6.72359377063e-08, 3.36088312736e-08, 1.85938109354e-08, 1.0581392651e-08, 4.74480632562e-09, 9.95054483255e-10, 7.69038943638e-10]}, "spectral_complexity": {"mean": 20.9840641022, "dvar": 12.3840465546, "min": 0, "dmean": 3.41086196899, "dmean2": 4.99074983597, "dvar2": 22.1540527344, "max": 59, "median": 21, "var": 135.515426636}, "spectral_energyband_high": {"mean": 0.000572961522266, "dvar": 1.672948855e-07, "min": 7.79475394105e-21, "dmean": 0.000207277276786, "dmean2": 0.000278930267086, "dvar2": 3.01481748011e-07, "max": 0.010395700112, "median": 0.000255065591773, "var": 8.57258442011e-07}, "hfc": {"mean": 18.8209190369, "dvar": 57.8192214966, "min": 1.29255163108e-16, "dmean": 5.11698722839, "dmean2": 6.89562988281, "dvar2": 99.4849472046, "max": 280.182739258, "median": 13.4668998718, "var": 404.357330322}, "melbands_kurtosis": {"mean": 3.95390081406, "dvar": 27.7670707703, "min": -1.707259655, "dmean": 2.68032097816, "dmean2": 4.30200386047, "dvar2": 64.2025527954, "max": 165.19984436, "median": 1.27096891403, "var": 88.1321029663}, "spectral_strongpeak": {"mean": 0.895625114441, "dvar": 0.964892864227, "min": 0, "dmean": 0.602602124214, "dmean2": 1.02426731586, "dvar2": 2.44485354424, "max": 12.9360713959, "median": 0.255092561245, "var": 1.67546308041}, "silence_rate_30dB": {"mean": 0.998229384422, "dvar": 0.000786502147093, "min": 0, "dmean": 0.000787091674283, "dmean2": 0.00157449324615, "dvar2": 0.00196575652808, "max": 1, "median": 1, "var": 0.00176738738082}, "melbands_spread": {"mean": 39.94190979, "dvar": 87.1513442993, "min": 1.15790331364, "dmean": 9.09419155121, "dmean2": 14.1139688492, "dvar2": 194.632415771, "max": 152.623291016, "median": 38.2626495361, "var": 394.56652832}, "melbands_crest": {"mean": 11.7868509293, "dvar": 6.59632015228, "min": 1.86190772057, "dmean": 2.79733705521, "dmean2": 4.50512695312, "dvar2": 17.3233337402, "max": 29.5589122772, "median": 10.9623250961, "var": 21.3744010925}, "average_loudness": 0.463295012712, "spectral_flux": {"mean": 0.0667563006282, "dvar": 0.000429240433732, "min": 1.04021000147e-10, "dmean": 0.017446231097, "dmean2": 0.0258818827569, "dvar2": 0.000873365381267, "max": 0.286487340927, "median": 0.0604099556804, "var": 0.00177280663047}, "spectral_rolloff": {"mean": 2226.33227539, "dvar": 511255.625, "min": 86.1328125, "dmean": 415.240661621, "dmean2": 677.738464355, "dvar2": 1044149.8125, "max": 19724.4140625, "median": 2260.98632812, "var": 2295122.75}, "melbands": {"mean": [0.000497242086567, 0.00059461244382, 0.000226852484047, 0.000307870504912, 0.00013703595323, 0.000209811754758, 0.000228483680985, 0.000152009102749, 0.000117067014799, 0.000134971065563, 0.000192697931197, 9.92945861071e-05, 8.75405094121e-05, 6.80337252561e-05, 6.41458464088e-05, 5.50944569113e-05, 7.78004032327e-05, 5.22145383002e-05, 4.2838324589e-05, 3.42738348991e-05, 6.31911752862e-05, 6.89693770255e-05, 4.3540927436e-05, 2.4386215955e-05, 1.95826796698e-05, 1.19858432299e-05, 8.17790623842e-06, 8.30745284475e-06, 6.47893148198e-06, 3.71887540496e-06, 1.97859253603e-06, 1.72340980953e-06, 1.71900887835e-06, 1.28758881601e-06, 1.11779411327e-06, 1.00382396795e-06, 6.7142110538e-07, 6.62237482629e-07, 5.10194126946e-07, 3.5448243807e-07], "dvar": [1.37976158499e-07, 2.6674715059e-07, 2.3464568244e-07, 4.50062998425e-07, 7.09035532509e-08, 1.29798124249e-07, 1.23075807323e-07, 1.3805100707e-07, 7.9410696685e-08, 1.45057001077e-07, 1.44120491541e-07, 9.60874686484e-08, 4.89378955137e-08, 3.58178198212e-08, 1.96906704275e-08, 4.71275392044e-08, 1.44514622491e-08, 5.93472204713e-09, 6.3438476694e-09, 2.47229303696e-09, 7.98768251542e-09, 3.7922509577e-09, 1.03127362205e-09, 6.90010049098e-10, 3.08399999982e-10, 1.04893996267e-10, 1.07984822473e-10, 1.08545637756e-10, 8.1005903374e-11, 1.77811914498e-11, 8.96413325513e-12, 9.53870836484e-12, 7.68943849566e-12, 3.33476627389e-12, 2.26538427774e-12, 1.43819710915e-12, 6.4937291655e-13, 7.7744153346e-13, 6.50185309238e-13, 5.64172894599e-13], "min": [4.89379644429e-24, 3.92063751566e-24, 7.19683246973e-24, 4.85118533363e-24, 9.28958657684e-24, 1.32193050648e-23, 1.05647841744e-23, 4.89975707729e-24, 4.30742666711e-24, 1.02632649704e-23, 4.20343034511e-24, 1.065001034e-23, 1.49664599982e-23, 1.2915748233e-23, 7.53832325586e-24, 1.05825658881e-23, 1.14156621686e-23, 1.65589413962e-23, 8.96145672787e-24, 7.03988622606e-24, 7.73368308131e-24, 8.18091672747e-24, 8.20407373935e-24, 1.19324275926e-23, 8.38611838158e-24, 3.3387961945e-24, 7.13287557184e-24, 6.55343120455e-24, 1.02993103917e-23, 1.40727279242e-23, 7.06176370554e-24, 1.00360154428e-23, 1.17065861818e-23, 1.3109397808e-23, 9.6417104191e-24, 6.87621967633e-24, 7.25590947406e-24, 9.05784211985e-24, 6.90314744333e-24, 1.00194225425e-23], "dmean": [0.000237769607338, 0.000301583582768, 0.000211959675653, 0.000283000204945, 0.000111609231681, 0.000173642562004, 0.000165509016369, 0.000121907483845, 8.88394351932e-05, 9.27076980588e-05, 0.000127110324684, 7.15790156391e-05, 5.99305894866e-05, 4.47256607004e-05, 4.15194917878e-05, 3.75555900973e-05, 4.52470958408e-05, 2.97302794934e-05, 2.519937334e-05, 1.94093154278e-05, 3.45880798704e-05, 3.2175648812e-05, 1.91025683307e-05, 1.18533844216e-05, 9.44089333643e-06, 5.39824895895e-06, 3.72031854567e-06, 4.02350133299e-06, 3.04559443975e-06, 1.72551858668e-06, 1.02486785636e-06, 9.5902476005e-07, 9.14749080039e-07, 6.77111529512e-07, 5.59957811674e-07, 4.9969776228e-07, 3.35330810231e-07, 3.53761890892e-07, 2.84523224536e-07, 2.08503763588e-07], "dmean2": [0.000381304940674, 0.000510589918122, 0.000370562047465, 0.000511487363838, 0.000191112732864, 0.000287894828944, 0.000263298512436, 0.000197266839677, 0.000138766656164, 0.000147541402839, 0.000198962457944, 0.000109553489892, 8.94177792361e-05, 6.73822578392e-05, 6.18667909293e-05, 5.87486138102e-05, 7.26850557839e-05, 4.81916249555e-05, 3.87807085644e-05, 3.01685722661e-05, 5.47247946088e-05, 5.04438830831e-05, 2.99396360788e-05, 1.84738782991e-05, 1.50214391397e-05, 8.48128638609e-06, 5.45257626072e-06, 5.90880881646e-06, 4.71859266327e-06, 2.61461354967e-06, 1.51330823428e-06, 1.43631768879e-06, 1.39981841585e-06, 1.01681155229e-06, 8.54013933349e-07, 7.66537482377e-07, 4.9544257763e-07, 5.3650700238e-07, 4.330401282e-07, 3.27464334759e-07], "dvar2": [3.73574863488e-07, 7.4611097034e-07, 6.4649992737e-07, 1.32712330014e-06, 1.89939214579e-07, 3.38133361311e-07, 2.95918823667e-07, 3.52610669552e-07, 1.80063679522e-07, 3.96092815436e-07, 3.41340239629e-07, 2.24804054483e-07, 1.06513638798e-07, 6.52491038977e-08, 3.79461830846e-08, 1.17304658431e-07, 3.62032928081e-08, 1.39242306574e-08, 1.39641676e-08, 5.57567814141e-09, 1.91735587407e-08, 9.23954424081e-09, 2.30872121421e-09, 1.39940647959e-09, 7.30721982922e-10, 2.51178633448e-10, 1.82185322384e-10, 2.26833898886e-10, 1.87506399296e-10, 3.80079058504e-11, 2.01464088467e-11, 1.92097761309e-11, 1.91922970572e-11, 8.35491224815e-12, 5.45150556641e-12, 3.40446854735e-12, 1.4093060486e-12, 1.8986379309e-12, 1.6812740436e-12, 1.57564944165e-12], "max": [0.00490608997643, 0.00710990838706, 0.00467776088044, 0.00779374875128, 0.00421953620389, 0.00508463289589, 0.00707145221531, 0.00960348453373, 0.00983484368771, 0.0143877388909, 0.0132792526856, 0.00791008770466, 0.00635245814919, 0.00872053205967, 0.00547175202519, 0.0114901792258, 0.00372806726955, 0.00208210851997, 0.00280492100865, 0.00138800928835, 0.00346806435846, 0.0017093118513, 0.000782800198067, 0.000911569106393, 0.00044006711687, 0.000240274312091, 0.000638298282865, 0.000223271956202, 0.000197685498279, 0.000143806260894, 0.000149757484905, 0.000131673645228, 8.47579722176e-05, 5.89349438087e-05, 3.83841834264e-05, 2.53586422332e-05, 1.76139092218e-05, 2.03556537599e-05, 1.41490090755e-05, 2.30003333854e-05], "median": [0.000385130377254, 0.000444663339294, 0.000113649592095, 0.000111558707431, 3.39010912285e-05, 6.1198748881e-05, 7.7716584201e-05, 4.76620771224e-05, 4.81093484268e-05, 6.71614980092e-05, 7.8821547504e-05, 2.01071925403e-05, 1.7045693312e-05, 1.88227331819e-05, 1.92527822946e-05, 2.1619058316e-05, 4.49630970252e-05, 3.09258175548e-05, 1.68557435245e-05, 1.59609990078e-05, 3.09016031679e-05, 4.0409675421e-05, 2.43608410528e-05, 1.23350146168e-05, 1.10912933451e-05, 5.88131024415e-06, 3.27738916894e-06, 2.9313766845e-06, 2.16420221477e-06, 1.99115333999e-06, 7.45375189126e-07, 5.27095551206e-07, 6.67728727421e-07, 5.09816402428e-07, 3.93081165839e-07, 3.51974080104e-07, 2.38309112888e-07, 2.27642189543e-07, 1.74342574155e-07, 1.29856360331e-07], "var": [2.32987247273e-07, 3.4649511349e-07, 1.74240796014e-07, 3.68597397937e-07, 8.09951217207e-08, 1.5120616581e-07, 1.88015675917e-07, 1.47009103557e-07, 9.71963629581e-08, 1.14603146528e-07, 2.18140783659e-07, 1.3830954515e-07, 8.67432703444e-08, 8.73656773592e-08, 4.31226538922e-08, 5.22329521857e-08, 1.91160598462e-08, 9.38462552114e-09, 1.18316973996e-08, 4.52589121736e-09, 1.3045103664e-08, 9.50625267393e-09, 3.58726137684e-09, 1.70815517286e-09, 8.06219480065e-10, 3.44470285629e-10, 3.6561192962e-10, 3.28090055124e-10, 2.01334629524e-10, 4.17818175891e-11, 1.70419910822e-11, 1.83284134397e-11, 1.27638706895e-11, 6.29365439972e-12, 5.44783359049e-12, 3.88746066587e-12, 1.6042015806e-12, 1.71970619169e-12, 1.1162908705e-12, 6.30814899014e-13]}, "spectral_energy": {"mean": 0.0156655851752, "dvar": 6.32725932519e-05, "min": 1.08203681721e-20, "dmean": 0.00523270154372, "dmean2": 0.00796343479306, "dvar2": 0.000149778235937, "max": 0.135499894619, "median": 0.0124402288347, "var": 0.000201448507141}, "spectral_decrease": {"mean": -3.6983578422e-09, "dvar": 3.91629364117e-18, "min": -3.10671168791e-08, "dmean": 1.29026234141e-09, "dmean2": 1.98469485291e-09, "dvar2": 9.49573481991e-18, "max": 2.39370895745e-28, "median": -2.94857738226e-09, "var": 1.11276794504e-17}, "erbbands_spread": {"mean": 28.6901683807, "dvar": 45.9112548828, "min": 2.6706392765, "dmean": 5.99794101715, "dmean2": 9.20515918732, "dvar2": 97.3384094238, "max": 122.996795654, "median": 26.570066452, "var": 178.233779907}, "spectral_contrast_coeffs": {"mean": [-0.691778063774, -0.753062367439, -0.75170481205, -0.772336184978, -0.768615305424, -0.769426643848], "dvar": [0.00170583778527, 0.00162408070173, 0.00125269545242, 0.000661946542095, 0.000341120554367, 0.000236711712205], "min": [-0.971320271492, -0.962990820408, -0.948145508766, -0.96188467741, -0.962880134583, -0.961341142654], "dmean": [0.0482700094581, 0.0476000085473, 0.0406776629388, 0.0299515984952, 0.0219766106457, 0.0162864476442], "dmean2": [0.0801156684756, 0.0776705667377, 0.0643184557557, 0.0468366593122, 0.0350290723145, 0.025767499581], "dvar2": [0.0044828383252, 0.00415001576766, 0.00285699195229, 0.00146710500121, 0.00082382268738, 0.000552554498427], "max": [-0.379816323519, -0.429468035698, -0.423694610596, -0.482802540064, -0.588220775127, -0.549476742744], "median": [-0.697840034962, -0.762346982956, -0.758824884892, -0.774343192577, -0.765369951725, -0.765152454376], "var": [0.00484303943813, 0.00573969213292, 0.0058793919161, 0.00330087379552, 0.0020088404417, 0.00136279792059]}, "spectral_energyband_middle_high": {"mean": 0.00681874388829, "dvar": 1.76599551196e-05, "min": 1.36378667094e-21, "dmean": 0.00221608649008, "dmean2": 0.00309148570523, "dvar2": 3.30451257469e-05, "max": 0.11877129972, "median": 0.00452313572168, "var": 7.83653449616e-05}, "erbbands_crest": {"mean": 9.21018218994, "dvar": 5.6721572876, "min": 2.22871279716, "dmean": 2.44233465195, "dmean2": 3.93198084831, "dvar2": 14.2064847946, "max": 30.3501338959, "median": 8.12051486969, "var": 17.0383319855}, "barkbands_crest": {"mean": 8.27528095245, "dvar": 4.32749223709, "min": 2.23207449913, "dmean": 2.18721151352, "dmean2": 3.52450156212, "dvar2": 11.0275697708, "max": 24.2045288086, "median": 7.32906675339, "var": 14.4179115295}, "pitch_salience": {"mean": 0.555373668671, "dvar": 0.0033317131456, "min": 0.167340219021, "dmean": 0.0611482188106, "dmean2": 0.096957243979, "dvar2": 0.00803364813328, "max": 0.948051512241, "median": 0.55717498064, "var": 0.0113802272826}, "melbands_skewness": {"mean": 1.50459706783, "dvar": 0.322831958532, "min": -2.21326208115, "dmean": 0.512489795685, "dmean2": 0.788604736328, "dvar2": 0.726237714291, "max": 9.98610019684, "median": 1.3216547966, "var": 1.48710501194}, "spectral_spread": {"mean": 3825248.5, "dvar": 489766289408, "min": 1387191.875, "dmean": 451942, "dmean2": 623743.8125, "dvar2": 750294269952, "max": 40287144, "median": 3647526, "var": 1823933988860.0}, "spectral_entropy": {"mean": 7.67131376266, "dvar": 0.0161088630557, "min": 5.84450864792, "dmean": 0.121687993407, "dmean2": 0.172560542822, "dvar2": 0.0303048286587, "max": 9.80247592926, "median": 7.70355653763, "var": 0.108901970088}, "erbbands_flatness_db": {"mean": 0.162702932954, "dvar": 0.00036487710895, "min": 0.0278112348169, "dmean": 0.0179636962712, "dmean2": 0.0252766534686, "dvar2": 0.000670902547427, "max": 0.357139974833, "median": 0.15737901628, "var": 0.00208621751517}, "spectral_kurtosis": {"mean": 6.06191682816, "dvar": 4.62069416046, "min": -1.18839144707, "dmean": 1.62139558792, "dmean2": 2.72426772118, "dvar2": 14.0734081268, "max": 44.7251396179, "median": 5.41946601868, "var": 13.609796524}, "erbbands_skewness": {"mean": -0.255734652281, "dvar": 0.104230545461, "min": -3.41266751289, "dmean": 0.34047472477, "dmean2": 0.522072076797, "dvar2": 0.245421156287, "max": 4.33801603317, "median": -0.295363456011, "var": 0.50113016367}, "erbbands_kurtosis": {"mean": 0.590177834034, "dvar": 1.40293574333, "min": -1.8707896471, "dmean": 0.896007239819, "dmean2": 1.40650570393, "dvar2": 3.3504319191, "max": 23.8582210541, "median": 0.129659175873, "var": 3.2699804306}, "barkbands_spread": {"mean": 29.9943809509, "dvar": 34.9745025635, "min": 1.68241250515, "dmean": 5.71459245682, "dmean2": 8.7291021347, "dvar2": 77.0326843262, "max": 120.412063599, "median": 29.6230716705, "var": 162.645217896}, "zerocrossingrate": {"mean": 0.0764543935657, "dvar": 0.000144333273056, "min": 0.0068359375, "dmean": 0.00939590670168, "dmean2": 0.0110947759822, "dvar2": 0.000181883719051, "max": 0.51123046875, "median": 0.07177734375, "var": 0.00137004896533}, "spectral_centroid": {"mean": 1837.97363281, "dvar": 77502.1015625, "min": 262.713806152, "dmean": 236.605194092, "dmean2": 362.955383301, "dvar2": 153265.09375, "max": 11067.8339844, "median": 1857.85046387, "var": 357014.9375}, "barkbands_skewness": {"mean": 0.530271470547, "dvar": 0.177999719977, "min": -3.11572098732, "dmean": 0.41250666976, "dmean2": 0.634478330612, "dvar2": 0.404929608107, "max": 6.86489343643, "median": 0.408869534731, "var": 0.798256099224}, "melbands_flatness_db": {"mean": 0.159485548735, "dvar": 0.000419146061176, "min": 0.00494662066922, "dmean": 0.0208769794554, "dmean2": 0.0308424215764, "dvar2": 0.000899103353731, "max": 0.419238209724, "median": 0.149669229984, "var": 0.00371438381262}, "spectral_contrast_valleys": {"mean": [-7.84652042389, -7.19959354401, -7.66211891174, -7.77075481415, -7.56370019913, -10.4706277847], "dvar": [0.162758916616, 0.148479610682, 0.135247841477, 0.107827439904, 0.0995265543461, 0.128781408072], "min": [-27.0665950775, -27.7935066223, -27.3501033783, -27.1806793213, -27.2804355621, -27.2325534821], "dmean": [0.425455957651, 0.375386297703, 0.342555969954, 0.276224970818, 0.2311719805, 0.291587233543], "dmean2": [0.699816226959, 0.592827856541, 0.526386618614, 0.412774860859, 0.324429452419, 0.365080684423], "dvar2": [0.355392217636, 0.279122382402, 0.2418743819, 0.174225509167, 0.137978240848, 0.197678223252], "max": [-5.89534902573, -4.93313741684, -5.16862201691, -5.25011110306, -5.18244981766, -7.95557308197], "median": [-7.51716947556, -6.90054273605, -7.37439203262, -7.44772720337, -7.23657798767, -10.1457071304], "var": [1.67748713493, 2.10680937767, 1.92581391335, 1.89792025089, 1.86404669285, 2.01690578461]}, "barkbands_flatness_db": {"mean": 0.106122016907, "dvar": 0.000278544292087, "min": 0.019725471735, "dmean": 0.0170379113406, "dmean2": 0.0244416426867, "dvar2": 0.000554360216483, 