{"tonal": {"hpcp": {"dvar": [0.0346183218062, 0.027297841385, 0.0177558735013, 0.011968116276, 0.0137365758419, 0.0199806820601, 0.025167003274, 0.0262428876013, 0.0268081445247, 0.0330221578479, 0.0263718031347, 0.0174939408898, 0.012665996328, 0.0116125568748, 0.0124305263162, 0.0222981330007, 0.0258412119001, 0.0233868826181, 0.0217952709645, 0.0272270366549, 0.0337059013546, 0.0388969667256, 0.0435871034861, 0.0606069564819, 0.0527886934578, 0.0349790081382, 0.0281563326716, 0.0209973808378, 0.0226370655, 0.0323634110391, 0.0405002944171, 0.0315460078418, 0.0231671184301, 0.0223501883447, 0.0243238154799, 0.03069598414], "var": [0.120066516101, 0.0604908764362, 0.0158686880022, 0.00825550127774, 0.00889166537672, 0.0207502283156, 0.0597887635231, 0.0491119772196, 0.0480777360499, 0.107601135969, 0.061989352107, 0.0173170845956, 0.00986726116389, 0.0101282577962, 0.0158069469035, 0.0437278337777, 0.0439751446247, 0.0234768372029, 0.0159818772227, 0.0186392944306, 0.0374542102218, 0.0915119275451, 0.0860469192266, 0.105085752904, 0.156964346766, 0.0524337664247, 0.0221655089408, 0.019105758518, 0.0177791528404, 0.052884273231, 0.133837103844, 0.0642845928669, 0.0192128885537, 0.0159388706088, 0.0185280386358, 0.054933886975], "median": [0.0510850735009, 0.0439104214311, 0.0111025143415, 0.00313685741276, 0.00223545264453, 0.00882078893483, 0.0205744244158, 0.0287375897169, 0.063435330987, 0.100392520428, 0.069148927927, 0.0108617488295, 0.00290987966582, 0.00276441196911, 0.013765768148, 0.036658257246, 0.031126331538, 0.00761840445921, 0.00216235243715, 0.0022830022499, 0.0230286903679, 0.0616923198104, 0.0907462090254, 0.123158223927, 0.0616864487529, 0.0194069370627, 0.0055098310113, 0.00401757378131, 0.00490658171475, 0.0233413204551, 0.0489603094757, 0.0395469255745, 0.00737220142037, 0.0021789460443, 0.00370338093489, 0.0220810398459], "max": [1, 1, 1, 1, 1, 1, 1, 1, 1, 1, 1, 1, 1, 1, 1, 1, 1, 1, 1, 1, 1, 1, 1, 1, 1, 1, 1, 1, 1, 1, 1, 1, 1, 1, 1, 1], "dmean": [0.103110730648, 0.102417908609, 0.0611572340131, 0.037749003619, 0.0386664941907, 0.0613137297332, 0.080790668726, 0.0897179022431, 0.105473287404, 0.110330313444, 0.102382220328, 0.0591911785305, 0.0352789759636, 0.0329394042492, 0.0517050363123, 0.0822198987007, 0.0853933393955, 0.0645571053028, 0.0512279458344, 0.060783546418, 0.0972826108336, 0.12318700552, 0.148603260517, 0.183604747057, 0.139279231429, 0.104735299945, 0.0650640055537, 0.0508247688413, 0.0570971816778, 0.0937480330467, 0.107116445899, 0.100351236761, 0.0605056770146, 0.0487828031182, 0.0650953650475, 0.0993197932839], "dmean2": [0.173734918237, 0.17183855176, 0.106985718012, 0.0692928358912, 0.0723589733243, 0.107921898365, 0.136298090219, 0.154155835509, 0.17767944932, 0.180800497532, 0.169256687164, 0.103814743459, 0.0643459260464, 0.0596096999943, 0.0874271020293, 0.134783834219, 0.142995357513, 0.114137813449, 0.0950038135052, 0.113134741783, 0.170403137803, 0.208459302783, 0.255497187376, 0.321291476488, 0.24490442872, 0.185668811202, 0.118681944907, 0.0916556715965, 0.103977955878, 0.162384063005, 0.179247841239, 0.170709013939, 0.109367474914, 0.0914882943034, 0.118280023336, 0.169266462326], "mean": [0.242586746812, 0.170665159822, 0.0570572428405, 0.0283971298486, 0.0271780639887, 0.0670780092478, 0.134949207306, 0.128529563546, 0.16134878993, 0.259636759758, 0.184751614928, 0.0561997331679, 0.0274431407452, 0.0266551729292, 0.0578358918428, 0.123893029988, 0.120533756912, 0.0608696825802, 0.0372498333454, 0.0422756522894, 0.108306534588, 0.21840724349, 0.232565104961, 0.289833188057, 0.313487619162, 0.150003567338, 0.0524540841579, 0.0468533225358, 0.0486131571233, 0.145120665431, 0.26378184557, 0.177457243204, 0.0515893995762, 0.0352501831949, 0.0479039214551, 0.142509847879], "dvar2": [0.0817254707217, 0.0709060430527, 0.0485879667103, 0.0338901691139, 0.0405144430697, 0.0570414103568, 0.0627475604415, 0.0707273408771, 0.0683549270034, 0.0749457031488, 0.063880123198, 0.0467114336789, 0.034963734448, 0.0310207288712, 0.0312104057521, 0.0544648692012, 0.0653946623206, 0.0631755962968, 0.0619081147015, 0.0788232386112, 0.092675358057, 0.0979650095105, 0.11303922534, 0.163048937917, 0.134630843997, 0.0952078551054, 0.0771332606673, 0.0583974830806, 0.0655043795705, 0.0906228125095, 0.0974850803614, 0.0840469524264, 0.064639441669, 0.0638188570738, 0.0674517378211, 0.0835848972201], "min": [0, 0, 0, 0, 0, 0, 0, 0, 0, 0, 0, 0, 0, 0, 0, 0, 0, 0, 0, 0, 0, 0, 0, 0, 0, 0, 0, 0, 0, 0, 0, 0, 0, 0, 0, 0]}, "key_key": "F", "thpcp": [1, 0.478499174118, 0.167324259877, 0.149458289146, 0.155072018504, 0.462923109531, 0.841442644596, 0.566074192524, 0.164565980434, 0.112445212901, 0.152809605002, 0.454594820738, 0.773831963539, 0.544407963753, 0.182007968426, 0.0905845314264, 0.0866958126426, 0.213973388076, 0.430476993322, 0.409998863935, 0.5146895051, 0.828220129013, 0.589342594147, 0.179272577167, 0.0875413864851, 0.0850278362632, 0.184491783381, 0.39520868659, 0.384492874146, 0.194169342518, 0.118823938072, 0.134855896235, 0.345489025116, 0.696701347828, 0.741863787174, 0.924544274807], "chords_key": "F", "tuning_equal_tempered_deviation": 0.0880068093538, "tuning_frequency": 439.491973877, "tuning_diatonic_strength": 0.713703632355, "chords_histogram": [23.4102954865, 22.1233921051, 22.2937164307, 2.99015903473, 4.50416374207, 0.529901564121, 0.340651035309, 0, 0.0378501117229, 0, 2.34670710564, 0, 0, 0, 0, 0.0378501117229, 0, 4.29598808289, 0, 2.72520828247, 0, 0.359576076269, 0.681302070618, 13.3232402802], "key_strength": 0.840141892433, "key_scale": "major", "chords_strength": {"dvar": 5.58397805435e-05, "var": 0.00864250864834, "median": 0.547693789005, "max": 0.754731476307, "dmean": 0.00883336085826, "dmean2": 0.00781556032598, "mean": 0.542239487171, "dvar2": 5.13510203746e-05, "min": 0.266690641642}, "chords_number_rate": 0.00170325511135, "tuning_nontempered_energy_ratio": 0.739013075829, "hpcp_entropy": {"dvar": 0.257423430681, "var": 0.526924431324, "median": 1.91585421562, "max": 4.62537431717, "dmean": 0.556664168835, "dmean2": 0.937492668629, "mean": 1.88418400288, "dvar2": 0.676398098469, "min": 0}, "chords_changes_rate": 0.0514761544764, "chords_scale": "major"}, "rhythm": {"bpm_histogram_first_peak_spread": {"dvar": 0, "var": 0, "median": 0.466076672077, "max": 0.466076672077, "dmean": 0, "dmean2": 0, "mean": 0.466076672077, "dvar2": 0, "min": 0.466076672077}, "bpm_histogram_first_peak_weight": {"dvar": 0, "var": 0, "median": 0.473821997643, "max": 0.473821997643, "dmean": 0, "dmean2": 0, "mean": 0.473821997643, "dvar2": 0, "min": 0.473821997643}, "bpm_histogram_first_peak_bpm": {"dvar": 0, "var": 0, "median": 94, "max": 94, "dmean": 0, "dmean2": 0, "mean": 94, "dvar2": 0, "min": 94}, "bpm": 94.5591583252, "bpm_histogram_second_peak_weight": {"dvar": 0, "var": 0, "median": 0.0314136147499, "max": 0.0314136147499, "dmean": 0, "dmean2": 0, "mean": 0.0314136147499, "dvar2": 0, "min": 0.0314136147499}, "beats_loudness": {"dvar": 0.000581519270781, "var": 0.000957661308348, "median": 0.0568391270936, "max": 0.160873383284, "dmean": 0.0292112864554, "dmean2": 0.0554936081171, "mean": 0.0565584003925, "dvar2": 0.00197417987511, "min": 1.0321074484e-07}, "beats_loudness_band_ratio": {"dvar": [0.0256623327732, 0.0127353565767, 0.0103197600693, 0.00470810011029, 0.00252895290032, 0.00145765498746], "var": [0.0415111333132, 0.0242397300899, 0.01267222967, 0.00394739909098, 0.00278439559042, 0.00127626990434], "median": [0.65800344944, 0.13676558435, 0.0683509334922, 0.0308560747653, 0.0277663264424, 0.0151210008189], "max": [0.984037220478, 0.714008867741, 0.636104404926, 0.565037727356, 0.375745028257, 0.246754959226], "dmean": [0.228681430221, 0.12555128336, 0.0873253419995, 0.0483043678105, 0.0454044640064, 0.0386006757617], "dmean2": [0.431467890739, 0.222633227706, 0.16021643579, 0.0883382484317, 0.0826187953353, 0.0759897306561], "mean": [0.63446944952, 0.182871982455, 0.109219714999, 0.0513929501176, 0.0463770739734, 0.0300129707903], "dvar2": [0.0816396400332, 0.0358797349036, 0.0293336752802, 0.0136742340401, 0.00691086240113, 0.00458551757038], "min": [0.0601990520954, 0.00782657321543, 0.000191336715943, 3.80877572752e-05, 6.43190724077e-05, 1.80257302418e-05]}, "bpm_histogram_second_peak_bpm": {"dvar": 0, "var": 0, "median": 86, "max": 86, "dmean": 0, "dmean2": 0, "mean": 86, "dvar2": 0, "min": 86}, "onset_rate": 3.35434174538, "beats_count": 383, "beats_position": [0.53405892849, 1.06811785698, 1.6137868166, 2.15945577621, 2.70512461662, 3.23918366432, 3.7732424736, 4.31891155243, 4.8994102478, 5.47990942001, 6.14167785645, 6.79183673859, 7.4884352684, 8.18503379822, 8.88163280487, 9.57823085785, 10.2748298645, 10.9714279175, 11.6796369553, 12.3762359619, 13.0728340149, 13.8158731461, 14.5589113235, 15.301949501, 16.0449886322, 16.7880268097, 17.5310649872, 18.2741031647, 19.0287532806, 19.7834014893, 20.5380496979, 21.2926979065, 22.0589561462, 22.7787742615, 23.4869842529, 24.195192337, 24.9034004211, 25.5883903503, 26.2733783722, 26.958366394, 27.6433563232, 28.3051242828, 28.9668922424, 29.6170520782, 30.2555999756, 30.8941497803, 31.5326976776, 32.171245575, 32.8097953796, 33.4483451843, 34.0868911743, 34.7138328552, 35.3407707214, 35.9677085876, 36.6062583923, 37.244808197, 37.8717460632, 38.5102958679, 39.1488418579, 39.7757797241, 40.402721405, 41.0528793335, 41.6798171997, 42.3183670044, 42.9569168091, 43.5838546753, 44.2107925415, 44.86095047, 45.4878921509, 46.1148300171, 46.7533760071, 47.3919258118, 48.018863678, 48.6574134827, 49.2843513489, 49.9229011536, 50.5498390198, 51.1883888245, 51.8269386292, 52.4538764954, 53.0924263, 53.73097229, 54.3579139709, 54.9964599609, 55.6350097656, 56.2619476318, 56.8888893127, 57.5274353027, 58.1659851074, 58.7929229736, 59.4314727783, 60.070022583, 60.6969604492, 61.3355102539, 61.9740562439, 62.6009979248, 63.227935791, 63.8664855957, 64.5050354004, 65.1319732666, 65.7705230713, 66.409072876, 67.0360107422, 67.6745529175, 68.3131027222, 68.9400405884, 69.5785903931, 70.2171401978, 70.844078064, 71.4826278687, 72.1095657349, 72.7481155396, 73.3750534058, 74.0252151489, 74.6521530151, 75.2907028198, 75.9292526245, 76.5561904907, 77.1831283569, 77.8216781616, 78.4602279663, 79.0871658325, 79.7141036987, 80.3526535034, 80.9912033081, 81.6181411743, 82.256690979, 82.8952331543, 83.5221786499, 84.1607208252, 84.7992706299, 85.4262084961, 86.0647583008, 86.7033081055, 87.3302459717, 87.9571838379, 88.5957336426, 89.2342834473, 89.872833252, 90.5113830566, 91.1383209229, 91.7652587891, 92.4038085938, 93.0423583984, 93.6692962646, 94.3078460693, 94.946395874, 95.5733337402, 96.2118835449, 96.8504257202, 97.4773712158, 98.1159133911, 98.7544631958, 99.381401062, 100.019950867, 100.646888733, 101.285438538, 101.912376404, 102.550926208, 103.189476013, 103.816413879, 104.454963684, 105.093513489, 105.720451355, 106.347389221, 106.985939026, 107.624488831, 108.251426697, 108.889976501, 109.528526306, 110.155464172, 110.782402039, 111.432563782, 112.059501648, 112.686439514, 113.324989319, 113.963539124, 114.602081299, 115.240631104, 115.86756897, 116.494506836, 117.133056641, 117.771606445, 118.41015625, 119.048706055, 119.675643921, 120.302581787, 120.941131592, 121.579681396, 122.206619263, 122.845169067, 123.483718872, 124.110656738, 124.749206543, 125.387756348, 126.014694214, 126.64163208, 127.268569946, 127.907119751, 128.545669556, 129.172607422, 129.811157227, 130.449707031, 131.088256836, 131.726806641, 132.353744507, 132.992294312, 133.630844116, 134.257781982, 134.884719849, 135.511657715, 136.15020752, 136.788757324, 137.42729187, 138.065841675, 138.692779541, 139.319732666, 139.958267212, 140.596817017, 141.235366821, 141.873916626, 142.512466431, 143.151016235, 143.777954102, 144.404891968, 145.031829834, 145.670379639, 146.308929443, 146.947479248, 147.586029053, 148.212966919, 148.839904785, 149.466842651, 150.105392456, 150.743942261, 151.382492065, 152.02104187, 152.647979736, 153.286529541, 153.925079346, 154.552017212, 155.178955078, 155.805892944, 156.456054688, 157.082992554, 157.721542358, 158.360092163, 158.987030029, 159.613967896, 160.2525177, 160.891067505, 161.518005371, 162.156555176, 162.79510498, 163.422042847, 164.048980713, 164.699142456, 165.326080322, 165.953018188, 166.591567993, 167.230117798, 167.868652344, 168.507202148, 169.134140015, 169.761077881, 170.399627686, 171.03817749, 171.665115356, 172.292053223, 172.919006348, 173.569152832, 174.207702637, 174.846252441, 175.473190308, 176.100128174, 176.738677979, 177.377227783, 178.004165649, 178.654327393, 179.281265259, 179.908203125, 180.535140991, 181.185302734, 181.812240601, 182.439178467, 183.077728271, 183.716278076, 184.343215942, 184.993377686, 185.620315552, 186.247253418, 186.885803223, 187.524353027, 188.162902832, 188.801452637, 189.428390503, 190.055328369, 190.682266235, 191.332427979, 191.959365845, 192.586303711, 193.224853516, 193.86340332, 194.501953125, 195.140487671, 195.767440796, 196.394378662, 197.032928467, 197.671463013, 198.298416138, 198.936950684, 199.563903809, 200.202438354, 200.840988159, 201.479537964, 202.10647583, 202.733413696, 203.371963501, 204.010513306, 204.64906311, 205.287612915, 205.914550781, 206.541488647, 207.180038452, 207.818588257, 208.457138062, 209.095687866, 209.722625732, 210.349563599, 210.976501465, 211.626663208, 212.253601074, 212.88053894, 213.519088745, 214.15763855, 214.784576416, 215.423126221, 216.061676025, 216.688613892, 217.327163696, 217.965713501, 218.592651367, 219.219589233, 219.858139038, 220.496688843, 221.123626709, 221.762176514, 222.400726318, 223.039276123, 223.677825928, 224.304763794, 224.93170166, 225.558639526, 226.185577393, 226.824127197, 227.462677002, 228.101226807, 228.739776611, 229.366714478, 229.993652344, 230.632202148, 231.270736694, 231.909286499, 232.547836304, 233.17477417, 233.813323975, 234.451873779, 235.078811646, 235.71736145, 236.344299316, 236.982849121, 237.621398926, 238.25994873, 238.910110474, 239.571884155, 240.233642578, 240.837371826, 241.441085815, 242.044799805, 242.648529053, 243.252243042, 243.86756897, 244.482894897], "danceability": 1.06623971462, "bpm_histogram_second_peak_spread": {"dvar": 0, "var": 0, "median": 0.294117569923, "max": 0.294117569923, "dmean": 0, "dmean2": 0, "mean": 0.294117569923, "dvar2": 0, "min": 0.294117569923}}, "lowlevel": {"spectral_flux": {"dvar": 0.00147203286178, "var": 0.00319141871296, "median": 0.0676955208182, "max": 0.50190281868, "dmean": 0.0259658545256, "dmean2": 0.0408228933811, "mean": 0.0768156126142, "dvar2": 0.00279410299845, "min": 6.47719378133e-11}, "spectral_rolloff": {"dvar": 418873.96875, "var": 1501355.25, "median": 516.796875, "max": 19767.4804688, "dmean": 245.545166016, "dmean2": 419.547454834, "mean": 826.816345215, "dvar2": 973794.0625, "min": 43.06640625}, "barkbands_flatness_db": {"dvar": 0.000670082459692, "var": 0.00744514260441, "median": 0.16311211884, "max": 0.634438455105, "dmean": 0.0228892210871, "dmean2": 0.0342328734696, "mean": 0.186882123351, "dvar2": 0.00146783783566, "min": 0.0286374762654}, "spectral_centroid": {"dvar": 60332.5078125, "var": 494680.65625, "median": 782.054077148, "max": 11486.1513672, "dmean": 159.594650269, "dmean2": 244.158798218, "mean": 870.463134766, "dvar2": 123881.867188, "min": 104.258262634}, "melbands_skewness": {"dvar": 1.16096389294, "var": 4.73608160019, "median": 2.86964082718, "max": 17.1126689911, "dmean": 0.830002903938, "dmean2": 1.27926123142, "mean": 3.43988990784, "dvar2": 2.64608716965, "min": -2.03982806206}, "melbands": {"dvar": [1.2965057067e-05, 4.35854672105e-05, 1.55478232955e-06, 1.06924733245e-06, 5.22495781752e-07, 1.30850992264e-07, 1.01318548218e-07, 2.80890617432e-07, 8.71608136777e-08, 4.34781135539e-08, 9.58231627379e-09, 7.39322603138e-09, 9.14966946652e-09, 5.17744513928e-09, 3.21264037595e-09, 3.60258023413e-09, 3.52700801898e-09, 2.16964735067e-09, 1.83424975209e-09, 1.27427690622e-09, 3.41283612482e-10, 4.01734756572e-10, 1.34504218874e-09, 2.48652126666e-10, 2.88982136831e-11, 5.77905119592e-11, 2.59572953409e-11, 2.63230305608e-11, 5.35005633545e-12, 2.43652992747e-12, 1.76709222342e-12, 1.27254695496e-12, 2.80307157693e-12, 2.37738019375e-12, 2.5269955399e-12, 3.92339806476e-12, 2.53042096825e-12, 3.84979895185e-12, 3.17054824235e-12, 1.26892463551e-12], "var": [1.65584770002e-05, 3.97564581363e-05, 2.53452685683e-06, 2.35167794926e-06, 2.0243498966e-06, 5.85244492868e-07, 4.76011194905e-07, 9.71421286522e-07, 3.19801131354e-07, 1.85314064538e-07, 9.18311826581e-08, 3.6789764124e-08, 4.49880808162e-08, 2.1090997393e-08, 1.06999120675e-08, 1.21639383011e-08, 1.72864211834e-08, 8.57546211819e-09, 8.59473292536e-09, 6.1820064623e-09, 1.41950107224e-09, 3.02082781012e-09, 3.3928233556e-09, 5.09452036113e-10, 1.08865597093e-10, 1.40050360198e-10, 6.60402843522e-11, 5.49549884765e-11, 1.28592128265e-11, 3.89467017664e-12, 3.16646817274e-12, 2.39508521523e-12, 4.52452138255e-12, 4.37646620333e-12, 4.4197714065e-12, 6.40103811969e-12, 5.40897925408e-12, 7.58724853778e-12, 5.03080997e-12, 2.47120596555e-12], "median": [0.00105245504528, 0.00295030325651, 0.00123815529514, 0.000778495974373, 0.000480641872855, 0.000163875200087, 0.000127961466205, 0.000141619995702, 7.66283919802e-05, 3.24329448631e-05, 2.43689046329e-05, 2.32219681493e-05, 2.28493590839e-05, 1.58892289619e-05, 1.30152602651e-05, 1.04316895886e-05, 1.01780278783e-05, 9.29474208533e-06, 8.74527904671e-06, 1.08347376226e-05, 6.02542240813e-06, 6.76401714372e-06, 1.04770715552e-05, 4.50520064987e-06, 2.31548824559e-06, 2.85888290819e-06, 1.6382149397e-06, 1.48067465489e-06, 5.45594446066e-07, 2.29856127021e-07, 1.75280064241e-07, 2.56511043517e-07, 2.23495604246e-07, 2.75647522585e-07, 3.01142165426e-07, 2.02480677558e-07, 3.29635781782e-07, 3.23595997997e-07, 2.70422361837e-07, 1.14607551893e-07], "max": [0.0465429499745, 0.0909530743957, 0.0158312860876, 0.0183445196599, 0.0194332059473, 0.0106863575056, 0.0100670550019, 0.0130578875542, 0.00726723717526, 0.0106031671166, 0.00619679922238, 0.00368230277672, 0.00277372566052, 0.00270423595794, 0.00140153453685, 0.00207784911618, 0.001922141877, 0.00140277401078, 0.00123105652165, 0.000974744732957, 0.000605393957812, 0.00101438770071, 0.00195874180645, 0.000789261015598, 0.000186397475773, 0.000202473413083, 0.000155973379151, 0.000204776166356, 6.34939133306e-05, 5.63356916246e-05, 6.41085207462e-05, 5.45764632989e-05, 8.78664577613e-05, 3.87732507079e-05, 4.88031473651e-05, 7.55204746383e-05, 5.95013261773e-05, 9.75250659394e-05, 5.54433936486e-05, 7.5912772445e-05], "dmean": [0.00131851143669, 0.00254794652574, 0.000734324683435, 0.000555602367967, 0.000404336373322, 0.000179999464308, 0.000144874691614, 0.000220921690925, 0.000118993455544, 6.50152796879e-05, 3.37677629432e-05, 3.64621555491e-05, 4.09189487982e-05, 2.68961048278e-05, 2.44885504799e-05, 2.38944339799e-05, 2.3489115847e-05, 1.91766648641e-05, 1.85381813935e-05, 1.5938827346e-05, 7.86326745583e-06, 8.54335758049e-06, 1.36093340188e-05, 5.64325500818e-06, 2.56139060184e-06, 3.65444702766e-06, 2.03862759918e-06, 1.95296752281e-06, 9.33548449211e-07, 5.32123181074e-07, 4.45078370603e-07, 3.81137510885e-07, 4.98955159856e-07, 5.82240090807e-07, 5.47253478089e-07, 6.02865668498e-07, 5.39966606539e-07, 6.16598129e-07, 5.70753684315e-07, 3.32245747359e-07], "dmean2": [0.00211778050289, 0.00438669044524, 0.00119172036648, 0.000914399337489, 0.000644583953544, 0.00027873084764, 0.000210354482988, 0.000341432634741, 0.000178779650014, 9.83422287391e-05, 4.81732749904e-05, 5.77734863327e-05, 6.41729711788e-05, 4.15322829213e-05, 3.8265974581e-05, 3.73021284759e-05, 3.51953931386e-05, 2.93700013572e-05, 2.83099125227e-05, 2.49407912634e-05, 1.18008956633e-05, 1.30034059111e-05, 2.19208577619e-05, 8.8894066721e-06, 4.06899198424e-06, 5.88541524849e-06, 3.08325093101e-06, 3.16500882036e-06, 1.46514230437e-06, 8.40308359784e-07, 6.74969157899e-07, 5.77039202199e-07, 7.79028084708e-07, 9.07778996861e-07, 8.59501710693e-07, 9.64355649558e-07, 8.35785556319e-07, 9.5225215091e-07, 8.99101905816e-07, 4.80741448428e-07], "mean": [0.00232832180336, 0.00450908206403, 0.00165311817545, 0.00127430679277, 0.000907695677597, 0.000430049141869, 0.000362290709745, 0.000509456731379, 0.000279224157566, 0.000141002878081, 9.42930055317e-05, 7.77654859121e-05, 9.38376251725e-05, 5.65334557905e-05, 4.85734235554e-05, 4.79747432109e-05, 5.50136319362e-05, 4.04682286899e-05, 4.20233845944e-05, 3.69372028217e-05, 1.83711599675e-05, 2.17344913835e-05, 2.75059192063e-05, 1.23477902889e-05, 5.79567813475e-06, 7.04412650521e-06, 4.35547917732e-06, 3.83760652767e-06, 1.71407793914e-06, 8.45540341743e-07, 7.14016380243e-07, 7.20998684756e-07, 8.24189555715e-07, 9.31975932872e-07, 9.12979487566e-07, 8.77295121882e-07, 9.96171706902e-07, 1.06198103822e-06, 9.13231644972e-07, 5.28414489054e-07], "dvar2": [3.18710663123e-05, 0.000124547659652, 4.16782359025e-06, 2.861940402e-06, 1.2884993339e-06, 3.08326320919e-07, 2.09465113699e-07, 7.04387048245e-07, 1.99793063871e-07, 9.83932721965e-08, 1.70167613334e-08, 1.63852114099e-08, 2.11162500818e-08, 1.18808101135e-08, 7.16054371352e-09, 8.35902635998e-09, 7.04646785366e-09, 4.43831060792e-09, 3.73968100931e-09, 2.89796120434e-09, 6.82336909197e-10, 8.50846393341e-10, 3.30619753797e-09, 6.4190402993e-10, 6.64793844973e-11, 1.42262229774e-10, 5.57189676342e-11, 6.05456101921e-11, 1.18261485674e-11, 5.79621029992e-12, 3.83857876041e-12, 2.88503118964e-12, 6.5930034869e-12, 5.56615691039e-12, 6.12657797758e-12, 9.58670556134e-12, 5.46896078771e-12, 8.1275411748e-12, 7.6396701465e-12, 2.49351320841e-12], "min": [7.0290405719e-25, 4.79158846997e-25, 2.50051118142e-24, 1.64453734304e-24, 2.62239591051e-24, 2.11604522533e-24, 1.18070359824e-24, 1.86189573813e-24, 2.43299257654e-24, 2.96593990436e-24, 3.16779343557e-24, 2.49657200449e-24, 1.68781543559e-24, 3.54675610077e-24, 3.51612384296e-24, 2.31878326683e-24, 5.0605971384e-24, 3.51056907889e-24, 4.39120330081e-24, 5.19139974281e-24, 4.33855393514e-24, 4.86931848483e-24, 4.23381568946e-24, 4.58423362002e-24, 3.88928542227e-24, 6.7133340989e-24, 5.94419550517e-24, 4.7669614158e-24, 4.04585261828e-24, 6.11719191282e-24, 5.77409224488e-24, 5.75837774122e-24, 5.19528448834e-24, 6.43827960049e-24, 6.79944536645e-24, 7.23304907389e-24, 6.03107551767e-24, 7.43604112861e-24, 7.30887517296e-24, 8.35157574027e-24]}, "spectral_decrease": {"dvar": 4.19198524655e-17, "var": 6.51613049551e-17, "median": -8.85356232772e-09, "max": 1.62162952243e-28, "dmean": 3.21396287362e-09, "dmean2": 5.19355847217e-09, "mean": -1.00730659369e-08, "dvar2": 1.11969073539e-16, "min": -9.17669922273e-08}, "barkbands_kurtosis": {"dvar": 174.369506836, "var": 947.111450195, "median": 5.0167131424, "max": 411.956573486, "dmean": 6.38201999664, "dmean2": 9.97330856323, "mean": 14.6148109436, "dvar2": 411.312438965, "min": -1.87046015263}, "silence_rate_30dB": {"dvar": 0.033265542239, "var": 0.0313161425292, "median": 1, "max": 1, "dmean": 0.0344501212239, "dmean2": 0.0689067691565, "mean": 0.967635095119, "dvar2": 0.0757134184241, "min": 0}, "gfcc": {"mean": [-30.2709255219, 114.740356445, -87.5868301392, 31.1273097992, -41.3485412598, 9.23970603943, -46.3731307983, 10.3336791992, -23.1277103424, -3.8617246151, -10.8141927719, -5.70214080811, -12.270898819], "cov": [[17037.0742188, -220.992095947, -2415.24926758, -389.702819824, -931.502746582, 931.888427734, -187.06993103, 1077.77954102, 232.790405273, 490.20223999, 147.366470337, 117.644577026, -56.5079269409], [-220.992095947, 1499.33740234, -267.163909912, -199.766799927, 214.882736206, -257.683288574, 60.141242981, -121.305458069, 61.6520309448, -143.837799072, 117.330680847, -121.628570557, 75.3331604004], [-2415.24926758, -267.163909912, 1486.08911133, 280.055999756, 31.8119564056, -109.975570679, -7.90150737762, -249.207489014, -57.8487205505, -61.7810668945, -145.446044922, 87.4003372192, -32.940246582], [-389.702819824, -199.766799927, 280.055999756, 431.568328857, -2.35887098312, -34.7837142944, -17.1042366028, -23.5464096069, 11.5378370285, -13.0120477676, -25.7985248566, 20.4044551849, 25.2177238464], [-931.502746582, 214.882736206, 31.8119564056, -2.35887098312, 382.462768555, -38.4392166138, 73.0393600464, -79.4906005859, 8.28668022156, 2.02600884438, 15.250462532, -11.6832237244, 25.0963764191], [931.888427734, -257.683288574, -109.975570679, -34.7837142944, -38.4392166138, 312.128479004, 55.3593063354, 70.2021560669, 10.6230297089, 103.031906128, 24.3138980865, 29.5236778259, -2.43044638634], [-187.06993103, 60.141242981, -7.90150737762, -17.1042366028, 73.0393600464, 55.3593063354, 208.501708984, 25.2659835815, 0.0252366792411, 46.7031784058, 40.7132339478, -3.54563570023, 12.4043064117], [1077.77954102, -121.305458069, -249.207489014, -23.5464096069, -79.4906005859, 70.2021560669, 25.2659835815, 294.445922852, 51.643371582, 14.8165550232, 39.1530723572, 11.9529085159, 0.162156105042], [232.790405273, 61.6520309448, -57.8487205505, 11.5378370285, 8.28668022156, 10.6230297089, 0.0252366792411, 51.643371582, 142.77961731, 41.2848358154, 0.319343268871, 2.74307560921, 6.69737243652], [490.20223999, -143.837799072, -61.7810668945, -13.0120477676, 2.02600884438, 103.031906128, 46.7031784058, 14.8165550232, 41.2848358154, 171.013534546, 21.5513439178, 0.671983480453, -0.907706737518], [147.366470337, 117.330680847, -145.446044922, -25.7985248566, 15.250462532, 24.3138980865, 40.7132339478, 39.1530723572, 0.319343268871, 21.5513439178, 112.176391602, 5.27360296249, 6.25160169601], [117.644577026, -121.628570557, 87.4003372192, 20.4044551849, -11.6832237244, 29.5236778259, -3.54563570023, 11.9529085159, 2.74307560921, 0.671983480453, 5.27360296249, 105.579521179, 10.3468284607], [-56.5079269409, 75.3331604004, -32.940246582, 25.2177238464, 25.0963764191, -2.43044638634, 12.4043064117, 0.162156105042, 6.69737243652, -0.907706737518, 6.25160169601, 10.3468284607, 83.8032150269]], "icov": [[0.000165537974681, -0.000293801160296, 0.000210932412301, -0.000157597620273, 0.000288268085569, -0.000385621067835, 0.000285374291707, -0.000493378669489, 0.000312771444442, -0.000605835695751, 0.000560471031349, -0.000529372016899, 0.000359256227966], [-0.000293801160296, 0.00217319442891, -0.000326371286064, 0.00108538602944, -0.000813668593764, 0.00149161554873, -0.000994859728962, 0.00183729513083, -0.0021459851414, 0.00274337851442, -0.00307900714688, 0.0025365576148, -0.00205819448456], [0.000210932412301, -0.000326371286064, 0.00141208141576, -0.000797577144112, 0.000403706857469, -0.0002373518073, -0.000148263468873, 0.000169207225554, 0.000518135959283, -0.000609149341471, 0.00183659861796, -0.00175351905636, 0.00115598354023], [-0.000157597620273, 0.00108538602944, -0.000797577144112, 0.00332880718634, -0.000361104757758, 0.000890410621651, -0.000219192428631, 0.000672482827213, -0.00140008190647, 0.00133376871236, -0.0016937290784, 0.00139378302265, -0.00215143500827], [0.000288268085569, -0.000813668593764, 0.000403706857469, -0.000361104757758, 0.00374494236894, -0.000457219895907, -0.000681790465023, 3.03324231936e-05, 0.000222709189984, -0.00115226453636, 0.0010003852658, -0.00107377814129, 0.000186929464689], [-0.000385621067835, 0.00149161554873, -0.0002373518073, 0.000890410621651, -0.000457219895907, 0.00588629767299, -0.00166628579609, 0.000902434170712, -0.000750887265895, -0.000403341633501, -0.00195605424233, 0.000562686240301, -0.001277496689], [0.000285374291707, -0.000994859728962, -0.000148263468873, -0.000219192428631, -0.000681790465023, -0.00166628579609, 0.00692256586626, -0.00205604103394, 0.00163109484129, -0.00276899128221, -0.000377428455977, -0.000464288168587, 0.000154718669364], [-0.000493378669489, 0.00183729513083, 0.000169207225554, 0.000672482827213, 3.03324231936e-05, 0.000902434170712, -0.00205604103394, 0.0069675007835, -0.00361533276737, 0.0037854842376, -0.00350099988282, 0.00167408515699, -0.00142778607551], [0.000312771444442, -0.0021459851414, 0.000518135959283, -0.00140008190647, 0.000222709189984, -0.000750887265895, 0.00163109484129, -0.00361533276737, 0.0106136174873, -0.00535380607471, 0.00403093593195, -0.00287925382145, 0.00159063213505], [-0.000605835695751, 0.00274337851442, -0.000609149341471, 0.00133376871236, -0.00115226453636, -0.000403341633501, -0.00276899128221, 0.0037854842376, -0.00535380607471, 0.0123580992222, -0.00504927383736, 0.00408823369071, -0.00234586861916], [0.000560471031349, -0.00307900714688, 0.00183659861796, -0.0016937290784, 0.0010003852658, -0.00195605424233, -0.000377428455977, -0.00350099988282, 0.00403093593195, -0.00504927383736, 0.0160774309188, -0.00551129225641, 0.00318790273741], [-0.000529372016899, 0.0025365576148, -0.00175351905636, 0.00139378302265, -0.00107377814129, 0.000562686240301, -0.000464288168587, 0.00167408515699, -0.00287925382145, 0.00408823369071, -0.00551129225641, 0.0144436871633, -0.00444021588191], [0.000359256227966, -0.00205819448456, 0.00115598354023, -0.00215143500827, 0.000186929464689, -0.001277496689, 0.000154718669364, -0.00142778607551, 0.00159063213505, -0.00234586861916, 0.00318790273741, -0.00444021588191, 0.0151716163382]]}, "silence_rate_20dB": {"dvar": 0, "var": 0, "median": 1, "max": 1, "dmean": 0, "dmean2": 0, "mean": 1, "dvar2": 0, "min": 1}, "barkbands_skewness": {"dvar": 0.649959504604, "var": 3.35658097267, "median": 1.97994184494, "max": 16.3289356232, "dmean": 0.625858545303, "dmean2": 0.955024063587, "mean": 2.41087841988, "dvar2": 1.48363173008, "min": -3.86595273018}, "erbbands_skewness": {"dvar": 0.202866017818, "var": 2.14053177834, "median": 0.541364014149, "max": 12.3530111313, "dmean": 0.38623008132, "dmean2": 0.585936188698, "mean": 0.812302708626, "dvar2": 0.459531992674, "min": -6.61893796921}, "spectral_contrast_valleys": {"dvar": [0.137843519449, 0.135992452502, 0.146519318223, 0.147907838225, 0.138898193836, 0.202914878726], "var": [2.26298809052, 2.61432862282, 2.57818245888, 2.43361973763, 2.11537623405, 2.39659571648], "median": [-6.6183757782, -6.63486051559, -7.61451673508, -8.0317363739, -8.12963485718, -10.3384418488], "max": [-4.79132890701, -4.65800142288, -5.6008014679, -5.86403799057, -5.87554502487, -7.76583194733], "dmean": [0.355729609728, 0.337155222893, 0.34756821394, 0.344291806221, 0.296930491924, 0.301692932844], "dmean2": [0.581904828548, 0.538358032703, 0.540971934795, 0.528490841389, 0.444996148348, 0.400134205818], "mean": [-6.94520902634, -7.02288961411, -8.03136348724, -8.3681344986, -8.43347835541, -10.6379585266], "dvar2": [0.310457587242, 0.294968932867, 0.306556195021, 0.308400064707, 0.278859734535, 0.35544154048], "min": [-28.2769126892, -27.8593482971, -27.6424026489, -27.7335262299, -27.5582351685, -27.389043808]}, "spectral_strongpeak": {"dvar": 0.629739165306, "var": 0.949512064457, "median": 0.465228319168, "max": 17.6753768921, "dmean": 0.397949308157, "dmean2": 0.699408113956, "mean": 0.769645452499, "dvar2": 1.64142346382, "min": 0}, "erbbands_crest": {"dvar": 4.96554327011, "var": 19.8233737946, "median": 9.07896614075, "max": 30.3612518311, "dmean": 2.27354097366, "dmean2": 3.63412761688, "mean": 10.0206928253, "dvar2": 12.6276607513, "min": 2.63984298706}, "barkbands_crest": {"dvar": 4.09504985809, "var": 17.4990825653, "median": 10.1161708832, "max": 25.4076480865, "dmean": 2.0607624054, "dmean2": 3.31092429161, "mean": 10.9003400803, "dvar2": 10.2189102173, "min": 2.78889608383}, "spectral_energyband_middle_low": {"dvar": 4.33348432125e-05, "var": 0.000159154384164, "median": 0.0143797239289, "max": 0.102154359221, "dmean": 0.00488946726546, "dmean2": 0.00768361333758, "mean": 0.0167543143034, "dvar2": 0.000110128632514, "min": 1.77546273365e-22}, "spectral_contrast_coeffs": {"dvar": [0.00142113037873, 0.00127735175192, 0.00090272189118, 0.000799850327894, 0.000546822440811, 0.000219156354433], "var": [0.00769978482276, 0.00584077136591, 0.00643495330587, 0.00542518822476, 0.00438010180369, 0.00116992520634], "median": [-0.627005875111, -0.693329572678, -0.754248201847, -0.754128456116, -0.753890633583, -0.818212687969], "max": [-0.230732560158, -0.427738875151, -0.429821431637, -0.518957316875, -0.536744892597, -0.62063908577], "dmean": [0.0434220284224, 0.0416739098728, 0.0358771272004, 0.0327594839036, 0.0257651135325, 0.0144542753696], "dmean2": [0.0719468593597, 0.066931553185, 0.0572516694665, 0.0519514717162, 0.0405319556594, 0.0229657460004], "mean": [-0.615933060646, -0.694555878639, -0.751245558262, -0.752430379391, -0.757410287857, -0.816449522972], "dvar2": [0.00378538528457, 0.00320398574695, 0.00222431472503, 0.00184386980254, 0.00119916116819, 0.000499053276144], "min": [-0.976653277874, -0.975478410721, -0.97055798769, -0.973302483559, -0.964623272419, -0.965217530727]}, "hfc": {"dvar": 39.9925346375, "var": 213.90802002, "median": 14.6733045578, "max": 118.784873962, "dmean": 4.12325716019, "dmean2": 6.12505578995, "mean": 17.8072776794, "dvar2": 90.1369857788, "min": 1.1018916615e-16}, "spectral_energyband_high": {"dvar": 2.19632767084e-07, "var": 4.77746539218e-07, "median": 0.000156350681209, "max": 0.0152268316597, "dmean": 0.000186105797184, "dmean2": 0.000274140184047, "mean": 0.000374313938664, "dvar2": 4.68624506311e-07, "min": 7.03768577114e-21}, "erbbands_spread": {"dvar": 116.953872681, "var": 453.479125977, "median": 33.7071228027, "max": 174.835205078, "dmean": 7.97231340408, "dmean2": 12.0969572067, "mean": 37.469493866, "dvar2": 251.377685547, "min": 1.4233083725}, "dissonance": {"dvar": 0.000442501768703, "var": 0.00122568930965, "median": 0.456951290369, "max": 0.500000059605, "dmean": 0.0212774071842, "dmean2": 0.0355072058737, "mean": 0.449124664068, "dvar2": 0.0012004901655, "min": 0.10705370456}, "spectral_kurtosis": {"dvar": 27.92029953, "var": 160.038619995, "median": 6.39082717896, "max": 131.319702148, "dmean": 2.80048394203, "dmean2": 4.52121782303, "mean": 9.36092567444, "dvar2": 69.2998275757, "min": -1.26753723621}, "spectral_skewness": {"dvar": 0.155555590987, "var": 1.03858971596, "median": 2.03082895279, "max": 9.54397201538, "dmean": 0.2911247015, "dmean2": 0.451587885618, "mean": 2.22845244408, "dvar2": 0.35640245676, "min": -0.0488703027368}, "pitch_salience": {"dvar": 0.00438560592011, "var": 0.0122457128018, "median": 0.518205523491, "max": 0.902928113937, "dmean": 0.0654384642839, "dmean2": 0.106458492577, "mean": 0.513973176479, "dvar2": 0.0113869002089, "min": 0.0609186440706}, "spectral_complexity": {"dvar": 6.41112327576, "var": 66.876373291, "median": 16, "max": 44, "dmean": 2.22506141663, "dmean2": 3.54831981659, "mean": 15.1095867157, "dvar2": 14.1049785614, "min": 0}, "spectral_spread": {"dvar": 1092970807300.0, "var": 6593946058750.0, "median": 4037367.25, "max": 42446516, "dmean": 653193.875, "dmean2": 924644.5625, "mean": 4512483.5, "dvar2": 2069194080260.0, "min": 737388.125}, "dynamic_complexity": 3.69833159447, "melbands_crest": {"dvar": 7.35195732117, "var": 22.8840103149, "median": 14.9187507629, "max": 36.0452651978, "dmean": 2.83394932747, "dmean2": 4.60983610153, "mean": 15.3417272568, "dvar2": 19.672246933, "min": 1.779099226}, "zerocrossingrate": {"dvar": 0.000117742558359, "var": 0.00122389954049, "median": 0.03515625, "max": 0.51904296875, "dmean": 0.00739215128124, "dmean2": 0.00892891455442, "mean": 0.0399947948754, "dvar2": 0.000157169168233, "min": 0.00341796875}, "spectral_energyband_low": {"dvar": 0.000605237204581, "var": 0.000665994419251, "median": 0.0130300950259, "max": 0.336038500071, "dmean": 0.00991678051651, "dmean2": 0.0163839496672, "mean": 0.0194331984967, "dvar2": 0.00164260412566, "min": 1.06092822404e-23}, "melbands_kurtosis": {"dvar": 737.873474121, "var": 2182.54003906, "median": 13.6802349091, "max": 559.28527832, "dmean": 13.2740602493, "dmean2": 20.8032302856, "mean": 29.8832988739, "dvar2": 1677.87841797, "min": -1.89641797543}, "spectral_energyband_middle_high": {"dvar": 3.28157216245e-06, "var": 2.99209386867e-05, "median": 0.00252628955059, "max": 0.0399740114808, "dmean": 0.00113501830492, "dmean2": 0.00170158478431, "mean": 0.00455883983523, "dvar2": 6.94667960488e-06, "min": 1.24736170654e-21}, "barkbands_spread": {"dvar": 30.055437088, "var": 127.280387878, "median": 13.1868057251, "max": 95.2923431396, "dmean": 3.78762292862, "dmean2": 5.7702755928, "mean": 14.969786644, "dvar2": 65.3150405884, "min": 0.286877930164}, "mfcc": {"mean": [-681.143676758, 147.208816528, 16.9895172119, 26.1988449097, 26.2918643951, -0.62488257885, 0.45078599453, 4.0391740799, -5.53088092804, 2.34460735321, -2.47132611275, 0.52296847105, -0.0880262032151], "cov": [[12982.7988281, -128.797027588, -1416.19311523, -948.528869629, -366.312713623, -490.126922607, 82.0672912598, 249.324127197, 143.66557312, 585.523254395, 251.721115112, 267.961456299, 347.477416992], [-128.797027588, 1526.46484375, -247.179443359, -7.29802417755, 76.7108535767, -72.8538360596, -8.01557922363, -32.3588829041, -71.5334243774, 0.881664931774, -9.90447807312, -18.3951835632, 2.69907641411], [-1416.19311523, -247.179443359, 1110.85803223, 284.467773438, 25.6933441162, 143.61491394, -85.7581634521, -11.0645780563, 18.5991268158, -166.526153564, -30.5534439087, -14.6417264938, -77.5971069336], [-948.528869629, -7.29802417755, 284.467773438, 452.008483887, 96.8831863403, 28.8213043213, -40.0776824951, -2.09487342834, 13.6183900833, -61.5280303955, -44.8214874268, -0.206246033311, -20.8020915985], [-366.312713623, 76.7108535767, 25.6933441162, 96.8831863403, 217.810638428, 47.8944740295, -29.1297702789, 6.25525045395, 4.98468494415, -12.9607200623, -17.1851539612, -14.8292779922, -15.7910614014], [-490.126922607, -72.8538360596, 143.61491394, 28.8213043213, 47.8944740295, 308.716247559, 52.3989257812, -73.0945281982, 28.0093078613, -30.9553604126, 41.3240814209, -8.04924869537, -22.8868732452], [82.0672912598, -8.01557922363, -85.7581634521, -40.0776824951, -29.1297702789, 52.3989257812, 222.553253174, 28.5483074188, 5.98775243759, 36.660243988, 21.8719215393, 18.537361145, 26.2617797852], [249.324127197, -32.3588829041, -11.0645780563, -2.09487342834, 6.25525045395, -73.0945281982, 28.5483074188, 169.031890869, 19.5971565247, 4.88501501083, -3.77817296982, 23.4812469482, 28.7169246674], [143.66557312, -71.5334243774, 18.5991268158, 13.6183900833, 4.98468494415, 28.0093078613, 5.98775243759, 19.5971565247, 134.026779175, 37.0824661255, 15.2723302841, 19.8530464172, 7.25628614426], [585.523254395, 0.881664931774, -166.526153564, -61.5280303955, -12.9607200623, -30.9553604126, 36.660243988, 4.88501501083, 37.0824661255, 169.890869141, 38.7826538086, 4.90808439255, 36.8188400269], [251.721115112, -9.90447807312, -30.5534439087, -44.8214874268, -17.1851539612, 41.3240814209, 21.8719215393, -3.77817296982, 15.2723302841, 38.7826538086, 125.507804871, 35.972442627, -3.32425951958], [267.961456299, -18.3951835632, -14.6417264938, -0.206246033311, -14.8292779922, -8.04924869537, 18.537361145, 23.4812469482, 19.8530464172, 4.90808439255, 35.972442627, 102.456298828, 38.5908622742], [347.477416992, 2.69907641411, -77.5971069336, -20.8020915985, -15.7910614014, -22.8868732452, 26.2617797852, 28.7169246674, 7.25628614426, 36.8188400269, -3.32425951958, 38.5908622742, 110.540115356]], "icov": [[0.000122282726807, 1.51241674757e-05, 6.46870103083e-05, 0.000157360467711, 7.89941841504e-05, 7.87814424257e-05, 9.1900859843e-05, -9.62425765465e-05, -4.87893921672e-05, -0.000234658829868, -7.81394410296e-05, -0.000185422832146, -0.000135225243866], [1.51241674757e-05, 0.000726562924683, 0.000166270052432, -2.12792019738e-05, -0.000314326869557, 0.000227853364777, -5.00831738464e-05, 0.000212849336094, 0.000265483889962, 0.000106881365355, -0.000128408864839, 6.31780567346e-05, -7.2637667472e-05], [6.46870103083e-05, 0.000166270052432, 0.00142646278255, -0.000655450450722, 0.0004523198877, -0.000590386858676, 0.000509211793542, -0.0003942178445