{"tonal": {"chords_number_rate": 0.00284495018423, "thpcp": [1, 0.50098502636, 0.116450563073, 0.101390615106, 0.109802789986, 0.362390458584, 0.629334151745, 0.464623719454, 0.679571092129, 0.954080581665, 0.458807170391, 0.097729049623, 0.0829643085599, 0.0740213245153, 0.459734857082, 0.843866169453, 0.475302398205, 0.0683073177934, 0.0391327477992, 0.0735554471612, 0.403727769852, 0.702333450317, 0.445714950562, 0.278883874416, 0.2823561728, 0.128538280725, 0.105564333498, 0.136336386204, 0.10795057565, 0.191565111279, 0.262579381466, 0.153501793742, 0.100962668657, 0.127830281854, 0.162986814976, 0.663005650043], "hpcp": {"dvar": [0.024076892063, 0.0206853356212, 0.0117623899132, 0.0134320482612, 0.012422921136, 0.021272437647, 0.024218024686, 0.0244318991899, 0.0344930998981, 0.0233595315367, 0.0303255878389, 0.00912257190794, 0.00547489477322, 0.0055484874174, 0.0126638850197, 0.0233291424811, 0.0146483704448, 0.00595352845266, 0.00328734051436, 0.00486936280504, 0.015248734504, 0.0210969373584, 0.0171373505145, 0.0175090674311, 0.012609639205, 0.00589703349397, 0.00510056363419, 0.00741643225774, 0.00805275794119, 0.013316847384, 0.0131682585925, 0.0101658878848, 0.00638817204162, 0.00697786221281, 0.0166894905269, 0.0215807631612], "mean": [0.357680588961, 0.179192617536, 0.0416521057487, 0.0362654551864, 0.039274327457, 0.129620030522, 0.22510060668, 0.166186884046, 0.243069380522, 0.34125611186, 0.164106413722, 0.0349557846785, 0.0296747237444, 0.0264759901911, 0.16443823278, 0.30183455348, 0.17000643909, 0.0244322028011, 0.0139970239252, 0.0263093560934, 0.144405588508, 0.251211047173, 0.159423589706, 0.0997513532639, 0.100993320346, 0.0459756478667, 0.0377583131194, 0.0487648770213, 0.0386118255556, 0.0685191228986, 0.0939195454121, 0.0549046099186, 0.0361123867333, 0.0457224100828, 0.0582972206175, 0.237144246697], "min": [0, 0, 0, 0, 0, 0, 0, 0, 0, 0, 0, 0, 0, 0, 1.3036500377e-06, 1.12197665203e-06, 0, 0, 0, 0, 3.08135849991e-06, 1.64778953149e-06, 0, 0, 0, 1.09021800654e-06, 0, 0, 0, 0, 0, 0, 0, 0, 0, 0], "median": [0.180997490883, 0.0867377892137, 0.00189767149277, 0.000695713853929, 0.00144316174556, 0.0121259680018, 0.016657428816, 0.0315326936543, 0.0792776420712, 0.0641849339008, 0.0333486013114, 0.000721183081623, 0.000324660650222, 0.00179535325151, 0.0663970410824, 0.113834321499, 0.0579628013074, 0.00273440149613, 0.00076788791921, 0.00192734866869, 0.049376565963, 0.101668402553, 0.0748873129487, 0.0210483111441, 0.0064932173118, 0.00345109100454, 0.00288597075269, 0.00252459873445, 0.00299898604862, 0.0037082103081, 0.00417287042364, 0.00318508013152, 0.00150936283171, 0.000990864820778, 0.00803540088236, 0.102560810745], "dvar2": [0.0578312389553, 0.0572625026107, 0.0336021147668, 0.0420281141996, 0.0373731963336, 0.0587061718106, 0.0653980746865, 0.0630711019039, 0.0952645018697, 0.053944889456, 0.0840859860182, 0.0253894757479, 0.0151796331629, 0.015567606315, 0.0307301934808, 0.0520775802433, 0.0372572354972, 0.0163294542581, 0.00917870365083, 0.0134132169187, 0.0402878709137, 0.0511799156666, 0.0452223047614, 0.049151070416, 0.0342326983809, 0.0164031982422, 0.013759101741, 0.0191465727985, 0.0226002875715, 0.0365402251482, 0.0333227142692, 0.0272421352565, 0.0185282677412, 0.0185047835112, 0.0497630834579, 0.0579531043768], "var": [0.147583112121, 0.0465026125312, 0.0153547590598, 0.0175700448453, 0.0137148592621, 0.0480110272765, 0.126478940248, 0.0628844052553, 0.0855423435569, 0.173659414053, 0.0507616735995, 0.0112986695021, 0.0116399172693, 0.00658978614956, 0.0430432111025, 0.132382750511, 0.0514000542462, 0.00598329911008, 0.00348497903906, 0.00661788042635, 0.0453173369169, 0.100625708699, 0.0413461178541, 0.0353371240199, 0.0434737801552, 0.00961670931429, 0.0108147356659, 0.0182294659317, 0.0105937151238, 0.0288524981588, 0.0500300824642, 0.019747722894, 0.0116296643391, 0.0206254776567, 0.0178245399147, 0.0786356404424], "dmean2": [0.149435460567, 0.148160099983, 0.0712634623051, 0.061552144587, 0.0688428580761, 0.120557211339, 0.122499085963, 0.151164665818, 0.197140395641, 0.118110433221, 0.15480774641, 0.0611012801528, 0.0342669673264, 0.042248595506, 0.109034992754, 0.13792693615, 0.11403594166, 0.0419549643993, 0.0236362461001, 0.040667951107, 0.10798625648, 0.13428722322, 0.128897160292, 0.103205256164, 0.0778643786907, 0.05169467628, 0.0427359901369, 0.0500650592148, 0.0537714883685, 0.0705678090453, 0.0698870867491, 0.0639267712831, 0.0490560531616, 0.0465986952186, 0.10140491277, 0.165051430464], "max": [1, 1, 1, 1, 1, 1, 1, 1, 1, 1, 1, 1, 1, 1, 1, 1, 1, 1, 1, 1, 1, 1, 1, 1, 1, 1, 1, 1, 1, 1, 1, 1, 1, 1, 1, 1], "dmean": [0.091643281281, 0.0886676982045, 0.0398921594024, 0.0340576432645, 0.0375647582114, 0.0711145102978, 0.071661837399, 0.0892466902733, 0.11524361372, 0.070493504405, 0.0886667519808, 0.0332436487079, 0.0194356888533, 0.0239843837917, 0.0713987275958, 0.0895546898246, 0.0707067027688, 0.0239730104804, 0.0133089236915, 0.0233109090477, 0.066513389349, 0.085084810853, 0.0790359526873, 0.0600399971008, 0.045509275049, 0.0303274393082, 0.0252817906439, 0.0300032924861, 0.0311575941741, 0.0413784608245, 0.041691262275, 0.0373992212117, 0.0274505484849, 0.0266794040799, 0.0561440326273, 0.0978119820356]}, "key_strength": 0.70194542408, "chords_strength": {"dvar": 4.84489100927e-05, "mean": 0.501662373543, "min": 0.214608415961, "median": 0.502116322517, "dvar2": 3.40344340657e-05, "var": 0.0119841918349, "dmean2": 0.00487346434966, "max": 0.801654815674, "dmean": 0.00775366928428}, "tuning_equal_tempered_deviation": 0.00824002828449, "chords_key": "A", "tuning_frequency": 441.017791748, "chords_scale": "minor", "chords_changes_rate": 0.0432838872075, "key_scale": "minor", "tuning_diatonic_strength": 0.479198008776, "hpcp_entropy": {"dvar": 0.171397000551, "mean": 1.5737735033, "min": 0.0379107408226, "median": 1.60768926144, "dvar2": 0.453988790512, "var": 0.507403731346, "dmean2": 0.684946119785, "max": 4.36731433868, "dmean": 0.408858239651}, "chords_histogram": [36.4153633118, 2.09307050705, 2.96687674522, 5.7915058136, 8.67709827423, 9.18512535095, 0.060963217169, 4.49095726013, 0.0406421460211, 4.8160943985, 3.27169275284, 2.45884990692, 0, 0.142247512937, 0.0406421460211, 0, 1.03637468815, 0.589311122894, 0.0812842920423, 0.386100381613, 2.60109734535, 0.670595407486, 8.85998821259, 5.32412099838], "tuning_nontempered_energy_ratio": 0.611467063427, "key_key": "A"}, "metadata": {"version": {"extractor": "music 1.0", "essentia_build_sha": "70f2e5ece6736b2c40cc944ad0e695b16b925413", "essentia": "2.1-beta2", "essentia_git_sha": "v2.1_beta2"}, "audio_properties": {"sample_rate": 44100, "length": 228.466659546, "lossless": true, "analysis_sample_rate": 44100, "downmix": "mix", "bit_rate": 0, "equal_loudness": 0, "md5_encoded": "fb3315e550e7ce9347b5f46c99978d89", "codec": "flac", "replay_gain": -16.8805885315}, "tags": {"disctotal": ["1"], "genre": ["Folk/Rock"], "releasecountry": ["US"], "musicbrainz_recordingid": ["09c75270-dabb-4334-936a-1db62cb02e38"], "language": ["eng"], "title": ["Sealed"], "releasetype": ["album"], "discnumber": ["1"], "artistsort": ["Shearwater"], "originaldate": ["2004-03-16"], "musicbrainz_artistid": ["9df31471-e54e-43ba-bbe8-38fd94c63dbb"], "tracknumber": ["11"], "musicbrainz_albumartistid": ["9df31471-e54e-43ba-bbe8-38fd94c63dbb"], "totaltracks": ["12"], "barcode": ["656605502427"], "tracktotal": ["12"], "date": ["2004-03-16"], "albumartistsort": ["Shearwater"], "musicbrainz_releasegroupid": ["3f717d27-0993-3ef9-b352-5a37674a10e5"], "media": ["CD"], "musicip_puid": ["f81312fc-5812-a4db-f52f-93826b487ef0"], "label": ["Misra"], "albumartist": ["Shearwater"], "asin": ["B0001HAIAO"], "script": ["Latn"], "musicbrainz_albumid": ["0b444fe3-66c3-4b05-bdcb-2a4e1b00e9e7"], "file_name": "11. Sealed.flac", "releasestatus": ["official"], "totaldiscs": ["1"], "album": ["Winged Life"], "artist": ["Shearwater"]}}, "lowlevel": {"melbands": {"dvar": [9.60980059972e-08, 3.69132010292e-07, 2.74671577927e-07, 4.74022272101e-07, 9.08507615804e-08, 5.25167145327e-08, 1.09973271378e-07, 2.73775420112e-08, 2.26937828529e-08, 1.28095081209e-08, 5.95316018703e-09, 2.59849493034e-08, 1.06414104195e-08, 7.15363190906e-09, 1.03040163069e-08, 5.68559910263e-09, 2.27445484668e-09, 2.21089502261e-09, 6.20648310523e-10, 1.32953903442e-09, 8.64595728345e-10, 4.34771663116e-11, 4.88330140214e-11, 5.29348440081e-11, 1.61443844404e-11, 1.45589807571e-11, 1.13326154016e-11, 2.23873610622e-12, 7.88990227318e-12, 3.81231808275e-12, 1.59521614668e-12, 1.43925268838e-12, 2.7547658165e-12, 9.04197127328e-13, 3.7935084761e-13, 2.27478165428e-13, 1.56528679992e-13, 1.27159716676e-13, 9.41878750015e-14, 1.06435165043e-13], "mean": [0.000200746930204, 0.000376913521904, 0.000304814049741, 0.00060097198002, 0.000438790681073, 0.000188531295862, 0.000253582868027, 0.000118282470794, 0.000106277220766, 8.70245276019e-05, 5.01649301441e-05, 8.65513138706e-05, 5.53773897991e-05, 4.64103140985e-05, 6.07264300925e-05, 4.71240600746e-05, 2.27313776122e-05, 2.04545231099e-05, 1.38574332595e-05, 1.77643523784e-05, 1.33824223667e-05, 3.7274044189e-06, 4.08012465414e-06, 3.58734064321e-06, 2.13148541661e-06, 1.88945637092e-06, 1.74014871845e-06, 8.69451014296e-07, 1.28811916511e-06, 9.54836650635e-07, 7.17781574622e-07, 6.42123268335e-07, 7.03419061665e-07, 4.78212086819e-07, 3.28966763163e-07, 2.28109911404e-07, 1.93483955968e-07, 1.62835988249e-07, 1.41394167485e-07, 1.42147698057e-07], "min": [2.55922765618e-11, 2.11116055193e-11, 1.92263011067e-11, 1.80558536872e-11, 1.151016088e-11, 4.09429738377e-12, 1.21212100686e-12, 4.25422365521e-13, 9.91366073976e-14, 1.5298217337e-13, 4.81779736548e-14, 1.96162164745e-13, 1.40753863643e-13, 2.71342952447e-13, 6.45501989534e-13, 3.60427481047e-13, 2.09888367537e-13, 9.62778576481e-14, 8.43155908048e-14, 2.25111338533e-13, 2.92100707771e-13, 2.8406283944e-13, 1.03567579046e-13, 8.93290839519e-14, 1.16663081105e-13, 3.58101033906e-14, 2.79719179948e-14, 5.19189929222e-14, 8.03828574883e-14, 7.16664615564e-14, 1.42311103223e-13, 2.76726832773e-14, 3.20783777688e-14, 6.32553905089e-14, 3.11584118966e-14, 2.74439233952e-14, 4.36249377822e-14, 4.54296634491e-14, 4.76745413167e-14, 7.81911902305e-14], "median": [2.58552190644e-05, 9.95292357402e-05, 0.000109038111987, 0.000255249382462, 0.000264912494458, 3.56521195499e-05, 9.08226320462e-06, 1.05394747152e-05, 5.55474707653e-06, 4.04975253332e-06, 1.40239069424e-06, 7.82540894306e-07, 6.58365308936e-07, 2.80052489643e-07, 2.1641780279e-07, 1.29845545871e-07, 7.80232838338e-08, 4.72401602281e-08, 3.02549523212e-08, 2.13584439024e-08, 1.08065343341e-08, 9.32210841853e-09, 1.06602069394e-08, 9.21031251266e-09, 3.78072950724e-09, 2.94390578581e-09, 3.16145709611e-09, 1.24484200725e-09, 1.50996382065e-09, 1.95063187824e-09, 1.32820954235e-09, 8.02775956821e-10, 6.56308896119e-10, 6.12578821002e-10, 4.090137673e-10, 3.09109099428e-10, 2.27733110147e-10, 2.32189212301e-10, 2.04153846606e-10, 1.87021675924e-10], "dvar2": [2.85404354372e-07, 1.03297873011e-06, 7.84874373494e-07, 1.45004150909e-06, 2.43443309955e-07, 1.46783662558e-07, 2.26905399359e-07, 7.20210238114e-08, 5.49069909539e-08, 3.15971782072e-08, 1.57201966999e-08, 6.44642810244e-08, 2.79787339963e-08, 1.8453548023e-08, 2.73608371515e-08, 1.50206371785e-08, 5.38899813662e-09, 5.37146860324e-09, 1.56647705918e-09, 3.48081585777e-09, 2.12877404593e-09, 1.07713837849e-10, 1.26583382665e-10, 1.39448522174e-10, 4.21499467274e-11, 3.98510391353e-11, 2.92146203063e-11, 5.79997204778e-12, 1.8272328095e-11, 9.65379685913e-12, 3.86416029383e-12, 3.25488334202e-12, 6.49089506102e-12, 2.14366415244e-12, 8.41550462129e-13, 5.62974092257e-13, 3.64053297057e-13, 2.90560761215e-13, 1.97754627344e-13, 2.29629656219e-13], "var": [1.87951116004e-07, 5.91787056692e-07, 4.00429911451e-07, 1.17681247502e-06, 2.78121547126e-07, 1.68607940054e-07, 4.99135239806e-07, 9.790933575e-08, 8.50511412409e-08, 4.6390773889e-08, 1.8284145753e-08, 6.66240040914e-08, 2.93497599557e-08, 2.58087311522e-08, 3.26542668461e-08, 1.60947184469e-08, 8.08293787458e-09, 6.54680754053e-09, 2.07470196578e-09, 4.66168614821e-09, 5.02739894159e-09, 1.51926124459e-10, 1.6713998241e-10, 1.58026577934e-10, 5.68905755838e-11, 4.95580798621e-11, 5.9326460411e-11, 8.51113624023e-12, 2.37105664963e-11, 1.18954056674e-11, 6.07416721088e-12, 5.81127810803e-12, 9.01943797427e-12, 3.5600118773e-12, 1.55521027913e-12, 7.62243566876e-13, 5.89323511865e-13, 4.45043958283e-13, 3.55614544973e-13, 4.08347916028e-13], "dmean2": [0.000140678777825, 0.000273804820608, 0.000271786761004, 0.0004711872607, 0.000271920289379, 0.000130200278363, 0.000155315559823, 8.566462202e-05, 7.02372926753e-05, 5.7399389334e-05, 3.77112337446e-05, 7.11764732841e-05, 4.48097816843e-05, 3.46534325217e-05, 5.07739678142e-05, 4.01121615141e-05, 1.70292223629e-05, 1.67362704815e-05, 1.07007581391e-05, 1.28594447233e-05, 9.41078633332e-06, 2.72971828963e-06, 3.10974655804e-06, 2.85267697109e-06, 1.57768727149e-06, 1.3827428802e-06, 1.17149716061e-06, 6.26509915946e-07, 9.51666208948e-07, 7.1000670232e-07, 4.85640327952e-07, 4.3602290134e-07, 5.11661028213e-07, 3.20851313518e-07, 2.12749924344e-07, 1.61118379083e-07, 1.31799851033e-07, 1.14291481168e-07, 9.61905399777e-08, 9.29766983404e-08], "max": [0.00823489855975, 0.0129471607506, 0.00982945226133, 0.0121602583677, 0.0065625696443, 0.00486467126757, 0.0112916184589, 0.00534306559712, 0.00812508072704, 0.00341613404453, 0.00176092213951, 0.00357699557208, 0.00297166896053, 0.00268375803716, 0.00326649821363, 0.00155289040413, 0.00171922310255, 0.00167456013151, 0.000687989639118, 0.00124660308938, 0.00151621608529, 0.000237870888668, 0.000208408557228, 0.0003248793073, 0.000152125241584, 0.000116836876259, 0.000150275212945, 4.55476620118e-05, 0.000111585104605, 6.03084736213e-05, 3.09075585392e-05, 3.35188342433e-05, 4.72706815344e-05, 2.24476279982e-05, 1.40411657412e-05, 1.12511525003e-05, 1.02961930679e-05, 8.41272685648e-06, 9.08670062927e-06, 8.2165843196e-06], "dmean": [8.21190697025e-05, 0.000163227625308, 0.000157750517246, 0.000274001038633, 0.000169718419784, 8.15908933873e-05, 0.000106881379907, 5.45940856682e-05, 4.49129693152e-05, 3.66115782526e-05, 2.4022121579e-05, 4.55573426734e-05, 2.76034170383e-05, 2.15151558223e-05, 3.08069793391e-05, 2.44866205321e-05, 1.07140594992e-05, 1.03161728475e-05, 6.62067077428e-06, 8.03963575891e-06, 5.87598651691e-06, 1.66655195244e-06, 1.89113814031e-06, 1.72667228071e-06, 9.59084900387e-07, 8.29755776977e-07, 7.22838422007e-07, 3.76995643592e-07, 5.86035298511e-07, 4.35840092905e-07, 3.11112557938e-07, 2.85982878268e-07, 3.26916023141e-07, 2.0707759063e-07, 1.40397034443e-07, 1.03448215327e-07, 8.47758983014e-08, 7.46529806861e-08, 6.50672475899e-08, 6.39047215145e-08]}, "spectral_decrease": {"dvar": 1.25620714304e-18, "mean": -2.8209254932e-09, "min": -2.42009257079e-08, "median": -1.01008079678e-09, "dvar2": 3.37453376693e-18, "var": 1.70469715061e-17, "dmean2": 9.18249754012e-10, "max": -9.10269184548e-17, "dmean": 5.72728475756e-10}, "spectral_rolloff": {"dvar": 79097.125, "mean": 605.867370605, "min": 43.06640625, "median": 322.998046875, "dvar2": 196824.171875, "var": 337345.96875, "dmean2": 160.776641846, "max": 6718.359375, "dmean": 91.079536438}, "melbands_crest": {"dvar": 4.86031723022, "mean": 15.1252317429, "min": 3.84192085266, "median": 14.8324575424, "dvar2": 12.9392356873, "var": 24.6034908295, "dmean2": 3.6206946373, "max": 37.2737998962, "dmean": 2.27227473259}, "barkbands_skewness": {"dvar": 0.489394515753, "mean": 1.29677915573, "min": -3.32762765884, "median": 0.942501068115, "dvar2": 1.21609771252, "var": 2.65714740753, "dmean2": 0.794807732105, "max": 14.3670034409, "dmean": 0.50772690773}, "spectral_centroid": {"dvar": 17500.8710938, "mean": 511.882995605, "min": 158.755218506, "median": 322.033996582, "dvar2": 39196.1835938, "var": 157757.0625, "dmean2": 97.2089004517, "max": 3805.77734375, "dmean": 62.2015762329}, "spectral_energyband_middle_low": {"dvar": 1.28787569338e-05, "mean": 0.00689671281725, "min": 1.54556492604e-10, "median": 0.00309919286519, "dvar2": 3.43037754647e-05, "var": 9.55629875534e-05, "dmean2": 0.00299970456399, "max": 0.0763747915626, "dmean": 0.00187962385826}, "erbbands_crest": {"dvar": 5.70304632187, "mean": 14.9736938477, "min": 2.15774083138, "median": 14.9999456406, "dvar2": 14.5008020401, "var": 31.1519756317, "dmean2": 3.89976906776, "max": 30.9067592621, "dmean": 2.46214747429}, "dynamic_complexity": 7.84717750549, "spectral_energyband_low": {"dvar": 6.15709132035e-06, "mean": 0.00185018440243, "min": 1.59989993476e-10, "median": 0.000606081623118, "dvar2": 1.77420843102e-05, "var": 1.12051284304e-05, "dmean2": 0.00118717364967, "max": 0.0559920668602, "dmean": 0.000703590514604}, "silence_rate_60dB": {"dvar": 0.049501452595, "mean": 0.436947464943, "min": 0, "median": 0, "dvar2": 0.121618658304, "var": 0.246030062437, "dmean2": 0.104482166469, "max": 1, "dmean": 0.0522357709706}, "erbbands_kurtosis": {"dvar": 53.4063453674, "mean": 13.2266073227, "min": -1.90483736992, "median": 3.72579050064, "dvar2": 120.705787659, "var": 524.114257812, "dmean2": 6.10274410248, "max": 185.773681641, "dmean": 4.00708580017}, "spectral_complexity": {"dvar": 2.53758406639, "mean": 8.10192012787, "min": 0, "median": 4, "dvar2": 5.94927167892, "var": 91.7108688354, "dmean2": 1.73086690903, "max": 49, "dmean": 1.03272354603}, "barkbands_crest": {"dvar": 4.00710201263, "mean": 13.5465478897, "min": 2.60020017624, "median": 12.2540712357, "dvar2": 10.896853447, "var": 32.4945983887, "dmean2": 3.31422472, "max": 26.3305683136, "dmean": 2.04870200157}, "spectral_energy": {"dvar": 1.89870625036e-05, "mean": 0.0113373929635, "min": 3.74612563192e-10, "median": 0.00392182730138, "dvar2": 5.06165160914e-05, "var": 0.000284434296191, "dmean2": 0.0035822885111, "max": 0.0951374024153, "dmean": 0.00224049529061}, "spectral_spread": {"dvar": 198693339136, "mean": 2369439.5, "min": 395578.5, "median": 1893396.5, "dvar2": 405806972928, "var": 2541091028990.0, "dmean2": 560578, "max": 22267066, "dmean": 350700.125}, "spectral_contrast_valleys": {"dvar": [0.0713427364826, 0.0687924325466, 0.0693487897515, 0.0568021200597, 0.0564600117505, 0.0640168786049], "mean": [-8.17133140564, -8.13012886047, -9.31202888489, -10.2044277191, -10.6167831421, -12.9773406982], "min": [-14.1554403305, -14.7420825958, -15.636218071, -15.9814958572, -16.5016975403, -17.4405441284], "median": [-8.01466369629, -8.08997535706, -9.48242092133, -10.6603221893, -11.2480258942, -13.5180006027], "dvar2": [0.193836152554, 0.178230702877, 0.170745640993, 0.141319587827, 0.126034587622, 0.113265603781], "var": [1.46922254562, 2.31805992126, 3.09784245491, 3.36433982849, 3.3383898735, 2.44122481346], "dmean2": [0.447261065245, 0.496871054173, 0.476923525333, 0.409366369247, 0.312033176422, 0.232627257705], "max": [-5.4017624855, -4.69563341141, -4.95398855209, -5.77047157288, -6.08840370178, -8.27413082123], "dmean": [0.269859582186, 0.298075467348, 0.289548486471, 0.249713003635, 0.193595632911, 0.157526522875]}, "spectral_rms": {"dvar": 1.29813955141e-07, "mean": 0.0026399907656, "min": 6.04545846272e-07, "median": 0.00195606052876, "dvar2": 3.37997732913e-07, "var": 4.09136237067e-06, "dmean2": 0.000444964854978, "max": 0.0096341567114, "dmean": 0.000284493755316}, "barkbands_spread": {"dvar": 7.87758111954, "mean": 6.71604204178, "min": 0.0674326643348, "median": 3.02932858467, "dvar2": 15.9328708649, "var": 72.424118042, "dmean2": 2.13364911079, "max": 73.8316955566, "dmean": 1.38949871063}, "pitch_salience": {"dvar": 0.00268954830244, "mean": 0.516908168793, "min": 0.121868215501, "median": 0.528627455235, "dvar2": 0.00725585408509, "var": 0.0141541576013, "dmean2": 0.0880056172609, "max": 0.851209640503, "dmean": 0.0546463243663}, "erbbands_skewness": {"dvar": 0.233404099941, "mean": 1.5980682373, "min": -3.00420689583, "median": 1.28035891056, "dvar2": 0.554740190506, "var": 3.0954785347, "dmean2": 0.68124884367, "max": 9.76517963409, "dmean": 0.443434357643}, "spectral_energyband_middle_high": {"dvar": 3.56244481736e-06, "mean": 0.00274038128555, "min": 2.51204838181e-11, "median": 2.97292517644e-05, "dvar2": 9.45148076426e-06, "var": 3.68060354958e-05, "dmean2": 0.00115203100722, "max": 0.0419398061931, "dmean": 0.000702786957845}, "erbbands": {"dvar": [0.000739304348826, 0.13759636879, 1.8154258728, 5.93268156052, 79.0704040527, 92.5068054199, 70.1765060425, 105.347373962, 434.60949707, 294.354431152, 287.701751709, 375.378753662, 216.284225464, 1473.15930176, 576.988952637, 831.441833496, 2585.69384766, 560.830566406, 684.08416748, 438.233276367, 646.768554688, 41.7920227051, 60.6132621765, 18.9191017151, 23.2215805054, 5.7310628891, 14.8798379898, 4.14068317413, 4.13397216797, 3.14329099655, 0.922337472439, 0.401615560055, 0.20646096766, 0.131534740329, 0.149599865079, 0.0383366346359, 0.00294827437028, 4.28859857493e-05, 2.70202747288e-07, 5.50371082042e-10], "mean": [0.0176022816449, 0.222326442599, 0.771158277988, 1.44138050079, 4.47805023193, 11.4723749161, 11.0317573547, 8.15619564056, 16.3104400635, 11.9358959198, 12.2204027176, 14.7627429962, 10.3751792908, 21.4078578949, 15.4715414047, 17.9357566833, 29.061296463, 13.2541294098, 12.4840564728, 11.7164907455, 12.7648077011, 4.35611200333, 4.17102098465, 2.85741305351, 2.63253593445, 1.62268960476, 1.98082077503, 1.32350194454, 1.18118846416, 0.961012423038, 0.543337643147, 0.333970636129, 0.22669839859, 0.172646403313, 0.145601823926, 0.0695081204176, 0.0193939507008, 0.00230781617574, 0.000193995103473, 2.12485174416e-05], "min": [2.85154277968e-09, 1.40968099416e-08, 4.19062224921e-08, 9.5947001455e-08, 1.91662678617e-07, 2.9853703154e-07, 3.03675648183e-07, 1.77379760657e-07, 8.48350580895e-08, 4.77777355457e-08, 1.24845414007e-08, 2.48871039332e-08, 1.09477777954e-08, 5.00227201883e-08, 4.17490291227e-08, 1.69360944824e-07, 2.28803415325e-07, 1.19217702377e-07, 6.01889382779e-08, 1.15298618653e-07, 2.31933711348e-07, 2.26669712333e-07, 1.11558307481e-07, 1.31029196382e-07, 4.9900403809e-08, 6.93751900371e-08, 1.237391416e-07, 2.08862786621e-07, 5.6679517968e-08, 1.06687622292e-07, 5.60807080774e-08, 6.27827887456e-08, 6.84389078742e-08, 7.78093465215e-08, 2.71323177259e-08, 1.60036979224e-08, 4.50920678574e-09, 1.84840653894e-09, 3.02068120517e-10, 3.6014968785e-11], "median": [0.00147972092964, 0.0407124757767, 0.223381176591, 0.557864785194, 1.2036126852, 5.91620397568, 6.49886322021, 1.55835330486, 0.659800469875, 1.09225034714, 0.815002739429, 0.718949973583, 0.405250012875, 0.256649851799, 0.216334506869, 0.122548528016, 0.0815432667732, 0.052122913301, 0.0369929745793, 0.0198868364096, 0.0128004327416, 0.0105588715523, 0.0132089694962, 0.00630970299244, 0.00450723990798, 0.00290028541349, 0.00299271335825, 0.00288699986413, 0.00152899499517, 0.00113602634519, 0.000727442034986, 0.000437613984104, 0.000347968802089, 0.000244044145802, 0.000116775307106, 5.79555562581e-05, 2.40947647399e-05, 7.43771306588e-06, 3.03765500576e-06, 4.46530066256e-06], "dvar2": [0.00214570993558, 0.408457577229, 4.96160316467, 17.6079349518, 231.529571533, 274.722442627, 180.387390137, 298.225891113, 889.791015625, 772.124206543, 707.532287598, 922.880249023, 570.297424316, 3617.18505859, 1551.17504883, 2175.41015625, 6850.38085938, 1348.37280273, 1653.94494629, 1098.33459473, 1590.58569336, 102.978569031, 158.502975464, 48.8032302856, 62.5384254456, 13.9776906967, 36.4877510071, 9.48253059387, 8.79848575592, 7.00174760818, 2.03798627853, 0.910900473595, 0.434416383505, 0.26483336091, 0.313470125198, 0.0831822901964, 0.00622736662626, 9.22728577279e-05, 5.98141298269e-07, 1.16896770042e-09], "var": [0.00145195820369, 0.245400309563, 2.69738912582, 8.23132610321, 121.873245239, 269.792510986, 197.508377075, 311.460205078, 1917.66687012, 1075.21716309, 1029.74060059, 1354.3671875, 699.456726074, 3875.08544922, 1890.84277344, 2773.11669922, 7307.11035156, 2043.47692871, 2088.75390625, 1546.77575684, 4128.47900391, 189.120544434, 199.785308838, 91.1955184937, 108.96307373, 33.179069519, 52.209815979, 19.6534538269, 19.9239025116, 14.3689289093, 4.12665939331, 1.66319215298, 0.850244581699, 0.573119938374, 0.567344963551, 0.135497882962, 0.010754307732, 0.000143475117511, 8.97219877061e-07, 2.90936741365e-09], "dmean2": [0.0130245694891, 0.158270090818, 0.610876083374, 1.23265910149, 4.45963811874, 8.31447315216, 6.86531734467, 5.75970220566, 9.85178661346, 8.60938644409, 8.04490947723, 9.53018569946, 7.35803222656, 17.0622348785, 11.1059761047, 13.4389400482, 25.1891040802, 9.21983528137, 9.60045051575, 8.32600212097, 8.11779594421, 2.74049568176, 2.94213604927, 1.78110074997, 1.65404057503, 0.973073899746, 1.36031186581, 0.777049481869, 0.714183390141, 0.567110419273, 0.327688068151, 0.210270628333, 0.140929639339, 0.100748717785, 0.0979948565364, 0.0438100285828, 0.0124050229788, 0.00147127150558, 0.00012587531819, 8.22132733447e-06], "max": [0.544919013977, 10.3096647263, 28.4257202148, 49.0463409424, 167.792251587, 192.307312012, 181.472732544, 220.866348267, 698.560424805, 594.381774902, 724.097839355, 640.69342041, 299.134185791, 856.33026123, 592.756591797, 725.421875, 1361.59472656, 787.326721191, 961.768554688, 621.853088379, 1355.49609375, 253.871627808, 427.36706543, 171.111846924, 193.189987183, 92.0066146851, 118.811645508, 63.7264900208, 57.4774131775, 48.4388961792, 21.4402256012, 16.5500602722, 12.1985864639, 9.38201522827, 9.92282390594, 5.92622423172, 1.45667147636, 0.176383048296, 0.0138219716027, 0.000651502050459], "dmean": [0.00762018887326, 0.0923893451691, 0.367542535067, 0.709926128387, 2.5699236393, 4.91445827484, 4.38367605209, 3.55889463425, 6.82861423492, 5.49678850174, 5.18011236191, 6.05361366272, 4.68510770798, 10.9110841751, 6.8427400589, 8.26441955566, 15.2377700806, 5.78833150864, 5.91468572617, 5.15718173981, 5.08515262604, 1.67905724049, 1.78776204586, 1.09163415432, 1.00765609741, 0.601227521896, 0.842747449875, 0.509172677994, 0.467556625605, 0.374287366867, 0.219640910625, 0.137768536806, 0.0956481993198, 0.0715555772185, 0.0667328834534, 0.0307665467262, 0.00841222517192, 0.00103499484248, 8.63052337081e-05, 5.61938804822e-06]}, "dissonance": {"dvar": 0.0018889894709, "mean": 0.371688693762, "min": 0.108297556639, "median": 0.38273242116, "dvar2": 0.00484037725255, "var": 0.00724633643404, "dmean2": 0.0725671127439, "max": 0.499999970198, "dmean": 0.0429245941341}, "erbbands_flatness_db": {"dvar": 0.000349988869857, "mean": 0.290280014277, "min": 0.0347668416798, "median": 0.301208615303, "dvar2": 0.00084565236466, "var": 0.00775164412335, "dmean2": 0.0263015925884, "max": 0.500015616417, "dmean": 0.0172595065087}, "melbands_kurtosis": {"dvar": 187.58656311, "mean": 11.5159835815, "min": -1.68026566505, "median": 5.16036128998, "dvar2": 502.686950684, "var": 478.594207764, "dmean2": 7.56356096268, "max": 596.648254395, "dmean": 4.7513794899}, "melbands_spread": {"dvar": 10.4081811905, "mean": 8.3267621994, "min": 0.337040692568, "median": 3.5886528492, "dvar2": 24.8835258484, "var": 101.092796326, "dmean2": 2.7732527256, "max": 105.160476685, "dmean": 1.75019133091}, "melbands_skewness": {"dvar": 0.376913368702, "mean": 1.44187438488, "min": -1.5399992466, "median": 1.18809342384, "dvar2": 0.900680422783, "var": 2.59283733368, "dmean2": 0.699070513248, "max": 18.4471340179, "dmean": 0.44760042429}, "spectral_entropy": {"dvar": 0.0383276492357, "mean": 5.79422283173, "min": 3.58347034454, "median": 5.57747364044, "dvar2": 0.0934671536088, "var": 1.22170567513, "dmean2": 0.261823087931, "max": 8.80174446106, "dmean": 0.169851228595}, "zerocrossingrate": {"dvar": 2.55111990555e-05, "mean": 0.0249200575054, "min": 0.00439453125, "median": 0.01513671875, "dvar2": 3.0287037589e-05, "var": 0.000449113635113, "dmean2": 0.00359841296449, "max": 0.19091796875, "dmean": 0.00291609112173}, "average_loudness": 0.0526132173836, "spectral_contrast_coeffs": {"dvar": [0.00103486143053, 0.000865519454237, 0.000631898583379, 0.000450326915598, 0.000247446703725, 0.000174889966729], "mean": [-0.599999904633, -0.69696611166, -0.76411396265, -0.80451798439, -0.836048126221, -0.817302703857], "min": [-0.983510553837, -0.95232462883, -0.962152600288, -0.94278883934, -0.953153312206, -0.91758364439], "median": [-0.601480543613, -0.702763617039, -0.777635037899, -0.818309366703, -0.837292850018, -0.828548669815], "dvar2": [0.00291205034591, 0.00229723122902, 0.00160782458261, 0.00112688762601, 0.000577286817133, 0.00039236684097], "var": [0.00785789079964, 0.0061889141798, 0.00735554657876, 0.00692983763292, 0.00318257673644, 0.0034122155048], "dmean2": [0.061351429671, 0.0573402121663, 0.0485622771084, 0.0381320752203, 0.0260548535734, 0.0197626054287], "max": [-0.293708622456, -0.391331136227, -0.450887084007, -0.526791870594, -0.603152751923, -0.609128415585], "dmean": [0.0366547331214, 0.0357670001686, 0.0297974869609, 0.0235252827406, 0.0160833895206, 0.0121875377372]}, "barkbands_flatness_db": {"dvar": 0.000396313989768, "mean": 0.308709144592, "min": 0.0352466627955, "median": 0.319049417973, "dvar2": 0.000978773226961, "var": 0.0138310575858, "dmean2": 0.0286570359021, "max": 0.570728242397, "dmean": 0.0185467749834}, "silence_rate_30dB": {"dvar": 0, "mean": 1, "min": 1, "median": 1, "dvar2": 0, "var": 0, "dmean2": 0, "max": 1, "dmean": 0}, "spectral_energyband_high": {"dvar": 4.71159964377e-08, "mean": 0.000157841161126, "min": 2.39151042719e-11, "median": 2.67046971203e-07, "dvar2": 8.56338431277e-08, "var": 3.28870470412e-07, "dmean2": 6.6383225203e-05, "max": 0.00575509388, "dmean": 4.76930872537e-05}, "melbands_flatness_db": {"dvar": 0.000483921001432, "mean": 0.4093092978, "min": 0.0714644640684, "median": 0.432372152805, "dvar2": 0.00114437611774, "var": 0.019731676206, "dmean2": 0.0303057972342, "max": 0.676222920418, "dmean": 0.0197577346116}, "barkbands": {"dvar": [3.67079122654e-09, 1.91954836737e-06, 1.56307191901e-06, 1.3000085346e-06, 7.39727465771e-06, 1.35296795634e-06, 2.5032090889e-06, 4.35434088786e-07, 7.46480509406e-07, 7.99390988959e-07, 7.1827685133e-07, 4.76070567856e-07, 1.1116864016e-06, 2.44517877945e-07, 1.97835191784e-07, 2.33096855595e-07, 1.59970632296e-08, 1.57384754118e-08, 6.78895073492e-09, 3.68295438591e-09, 5.01520958096e-09, 3.33622729443e-09, 1.4180024932e-09, 7.043104433e-10, 1.69776614989e-09, 1.11384756973e-09, 1.03666094806e-11], "mean": [2.53848229477e-05, 0.000869164592586, 0.000686950865202, 0.000559924344998, 0.00294183078222, 0.00107994000427, 0.00113759434316, 0.000465284858365, 0.000627159548458, 0.000475958338939, 0.000406331353588, 0.000377049465897, 0.000600743398536, 0.000237507090787, 0.000217894470552, 0.000258001935435, 7.20309835742e-05, 6.75648479955e-05, 5.05376956426e-05, 3.77890901291e-05, 4.23842357122e-05, 3.34853284585e-05, 2.12665909203e-05, 1.46128786582e-05, 1.77395868377e-05, 1.21727771329e-05, 1.08719837044e-06], "min": [5.01836332906e-12, 7.30138241534e-11, 3.97318150602e-11, 3.82572272473e-11, 8.36404071003e-11, 2.61100013138e-11, 4.84134867612e-12, 6.78765800077e-13, 1.01510141438e-12, 6.79170478537e-13, 1.17101911935e-12, 3.3403141364e-12, 4.68400145059e-12, 1.98752733022e-12, 1.02609121286e-12, 3.74952803181e-12, 4.43963442398e-12, 1.82853233423e-12, 1.80481118332e-12, 1.60595061555e-12, 4.41959793415e-12, 1.72697414095e-12, 2.49000169442e-12, 3.80638619582e-12, 5.21818786098e-12, 2.95135031865e-12, 2.89728722784e-12], "median": [1.34166342036e-07, 0.000138751114719, 0.000238789769355, 0.000182461284567, 0.0014711979311, 0.000286857568426, 4.39725736214e-05, 3.10356954287e-05, 2.83960253e-05, 7.98143537395e-06, 4.28433486377e-06, 1.7965888901e-06, 1.35087930175e-06, 7.50399124172e-07, 4.64218032903e-07, 2.71866156254e-07, 1.73449052454e-07, 2.06756155308e-07, 7.97461652269e-08, 6.46756816991e-08, 7.83868614462e-08, 3.93666717002e-08, 2.98297067047e-08, 2.03519654463e-08, 1.86313080519e-08, 1.30000321619e-08, 7.90996335098e-09], "dvar2": [1.10223741245e-08, 5.69086341784e-06, 4.33219929619e-06, 3.73135026166e-06, 2.21251902985e-05, 3.66497829418e-06, 5.37838150194e-06, 1.0939513686e-06, 1.81236532626e-06, 2.08027336157e-06, 1.79611777185e-06, 1.22691005799e-06, 2.97543851957e-06, 5.779992307e-07, 4.74253710081e-07, 5.9443129885e-07, 4.02099864516e-08, 4.06131235309e-08, 1.83657871133e-08, 9.1528642443e-09, 1.1558530133e-08, 7.08659575466e-09, 3.09925662911e-09, 1.45340950386e-09, 3.39038574992e-09, 2.33848429509e-09, 2.36995128383e-11], "var": [4.68799132847e-09, 3.58621741725e-06, 2.13000294025e-06, 1.65553831266e-06, 1.96201526705e-05, 4.45346495326e-06, 1.09732391138e-05, 1.38062591759e-06, 2.84310863208e-06, 2.07525249607e-06, 1.85082137705e-06, 1.66110021382e-06, 3.15768124892e-06, 8.84031067017e-07, 5.84930887726e-07, 1.2549812709e-06, 5.32378940932e-08, 5.17166149905e-08, 3.29280958056e-08, 2.07430055355e-08, 2.20038245402e-08, 1.66031384197e-08, 6.58009335908e-09, 3.37401995232e-09, 7.27109394916e-09, 4.14009582173e-09, 3.05063647954e-11], "dmean2": [2.92834793072e-05, 0.000605037086643, 0.000613329757471, 0.000550510419998, 0.00213171704672, 0.000706431630533, 0.000728503917344, 0.000333084142767, 0.000417782866862, 0.000393059599446, 0.000359293946531, 0.000286549387965, 0.000531892757863, 0.000177567460923, 0.000177546447958, 0.00017152458895, 5.525913366e-05, 4.9242440582e-05, 3.22779742419e-05, 2.38995162363e-05, 2.59652188106e-05, 1.95867469301e-05, 1.26190079754e-05, 8.41035489429e-06, 1.04753971755e-05, 7.37868595024e-06, 7.60195007388e-07], "max": [0.00110669853166, 0.038130428642, 0.025502037257, 0.0228702779859, 0.0463124625385, 0.03067734465, 0.051366508007, 0.0173577256501, 0.038905762136, 0.0264663882554, 0.0231030378491, 0.0184939373285, 0.0304961781949, 0.0163843519986, 0.0147555349395, 0.0202355347574, 0.0039254524745, 0.00605501048267, 0.00304169906303, 0.00236086733639, 0.00218280195259, 0.00145789014641, 0.00089378101984, 0.000694911170285, 0.00102959095966, 0.000925272004679, 9.69743414316e-05], "dmean": [1.67345533555e-05, 0.00035427272087, 0.000364543608157, 0.000321723986417, 0.00125708838459, 0.000452358071925, 0.000497940229252, 0.000214333413169, 0.000265340931946, 0.000248903670581, 0.000220566507778, 0.00017851452867, 0.000319752638461, 0.000112762900244, 0.000110035456601, 0.000107042731543, 3.3510303183e-05, 3.01986565319e-05, 1.9454766516e-05, 1.4798058146e-05, 1.65023539012e-05, 1.2907299606e-05, 8.42830377223e-06, 5.73607894694e-06, 7.45237412048e-06, 5.17030230185e-06, 5.2014212315e-07]}, "erbbands_spread": {"dvar": 31.5224304199, "mean": 14.1203126907, "min": 0.534382820129, "median": 8.4390630722, "dvar2": 65.8042297363, "var": 298.363128662, "dmean2": 4.59976530075, "max": 132.9115448, "dmean": 2.96812939644}, "barkbands_kurtosis": {"dvar": 329.438171387, "mean": 16.0543842316, "min": -1.93704116344, "median": 4.47811937332, "dvar2": 851.676147461, "var": 1132.88562012, "dmean2": 10.5827198029, "max": 542.410644531, "dmean": 6.62394189835}, "spectral_flux": {"dvar": 0.00013473990839, "mean": 0.032033521682, "min": 0.000202291295864, "median": 0.0176716968417, "dvar2": 0.000340438797139, "var": 0.00130930449814, "dmean2": 0.0145560149103, "max": 0.230992779136, "dmean": 0.00874598044902}, "silence_rate_20dB": {"dvar": 0, "mean": 1, "min": 1, "median": 1, "dvar2": 0, "var": 0, "dmean2": 0, "max": 1, "dmean": 0}, "gfcc": {"cov": [[25373.3046875, -2158.33691406, -6845.3046875, 219.176193237, -508.812957764, 1416.72253418, 335.889862061, 790.24420166, 249.471237183, 696.040222168, 180.243240356, -30.813035965, -367.351409912], [-2158.33691406, 1966.359375, 723.930419922, -549.549926758, 161.318023682, -310.741088867, 153.687088013, -188.380645752, 103.2264328, -218.247131348, 113.543624878, -137.045349121, 72.3141708374], [-6845.3046875, 723.930419922, 2653.08325195, 0.590642809868, 64.0743026733, -431.13470459, -187.6275177, -217.479721069, -69.4979019165, -187.283630371, -120.051078796, 13.0727319717, 109.409194946], [219.176193237, -549.549926758, 0.590642809868, 604.762390137, 15.6339569092, -4.23293733597, -55.4749298096, 35.9317893982, 27.9047470093, 56.4065742493, -27.1466789246, -10.6779298782, 19.9431171417], [-508.812957764, 161.318023682, 64.0743026733, 15.6339569092, 330.217926025, 31.7678356171, -15.1023359299, 18.1626567841, 46.8531532288, 7.31979465485, 12.3368310928, 12.528837204, 33.2928657532], [1416.72253418, -310.741088867, -431.13470459, -4.23293733597, 31.7678356171, 319.229492188, 87.7839202881, 85.8004226685, 15.9989776611, 97.1417007446, 34.9356117249, 35.0185279846, -36.0784721375], [335.889862061, 153.687088013, -187.6275177, -55.4749298096, -15.1023359299, 87.7839202881, 205.815490723, 34.4930343628, -2.76652860641, 4.53715085983, 35.7586555481, -11.6003847122, -14.8060369492], [790.24420166, -188.380645752, -217.479721069, 35.9317893982, 18.1626567841, 85.8004226685, 34.4930343628, 169.550979614, 59.2887687683, 42.1066322327, -4.27904844284, 14.0788869858, -14.3357658386], [249.471237183, 103.2264328, -69.4979019165, 27.9047470093, 46.8531532288, 15.9989776611, -2.76652860641, 59.2887687683, 142.428436279, 42.5843734741, 29.8427181244, -16.6558513641, 11.6635951996], [696.040222168, -218.247131348, -187.283630371, 56.4065742493, 7.31979465485, 97.1417007446, 4.53715085983, 42.1066322327, 42.5843734741, 138.991867065, 41.7828178406, 13.6262769699, -23.9753093719], [180.243240356, 113.543624878, -120.051078796, -27.1466789246, 12.3368310928, 34.9356117249, 35.7586555481, -4.27904844284, 29.8427181244, 41.7828178406, 117.264709473, 10.569070816, -10.5663805008], [-30.813035965, -137.045349121, 13.0727319717, -10.6779298782, 12.528837204, 35.0185279846, -11.6003847122, 14.0788869858, -16.6558513641, 13.6262769699, 10.569070816, 80.3764953613, 12.7210149765], [-367.351409912, 72.3141708374, 109.409194946, 19.9431171417, 33.2928657532, -36.0784721375, -14.8060369492, -14.3357658386, 11.6635951996, -23.9753093719, -10.5663805008, 12.7210149765, 78.5331726074]], "mean": [-220.719116211, 167.177703857, -63.8310890198, 5.77806949615, -56.0871734619, -7.69725036621, -34.3625602722, -14.7455224991, -25.0380935669, -9.84952259064, -12.5145959854, -5.09229373932, -4.70496416092], "icov": [[0.000254653423326, -0.000683524704073, 0.000702541146893, -0.000534168735612, 0.000659088429529, -0.00074522808427, 0.000925272936001, -0.00072161963908, 0.00065099762287, -0.000883668137249, 0.000941972306464, -0.00065214704955, 0.000264339061687], [-0.000683524704073, 0.00527969608083, -0.00250378670171, 0.00402933172882, -0.00337601988576, 0.00396421598271, -0.00562016339973, 0.00417741807178, -0.0053782640025, 0.00555748445913, -0.00597371906042, 0.00597062334418, -0.00191405846272], [0.000702541146893, -0.00250378670171, 0.00259818998165, -0.00194706500042, 0.0019520081114, -0.00183882412966, 0.00316919456236, -0.00193160097115, 0.00234354217537, -0.00287098390982, 0.00362920435145, -0.0030185636133, 0.000791838858277], [-0.000534168735612, 0.00402933172882, -0.00194706500042, 0.0049565192312, -0.00261285877787, 0.00319276517257, -0.00386501476169, 0.00273162522353, -0.00388715974987, 0.00309600541368, -0.00411187019199, 0.00519205024466, -0.00228238338605], [0.000659088429529, -0.00337601988576, 0.0019520081114, -0.00261285877787, 0.0059025157243, -0.00365207670256, 0.00427669612691, -0.00301945721731, 0.00237573729828, -0.00335608306341, 0.00362540292554, -0.00375527073629, -7.05536949681e-05], [-0.00074522808427, 0.00396421598271, -0.00183882412966, 0.00319276517257, -0.00365207670256, 0.00930485408753, -0.00648885732517, 0.00239671138115, -0.00336427451111, 0.00133902742527, -0.00398666597903, 0.00200334028341, -0.000300606276141], [0.000925272936001, -0.00562016339973, 0.00316919456236, -0.00386501476169, 0.00427669612691, -0.00648885732517, 0.0129045424983, -0.00624429667369, 0.00693017570302, -0.00458947801962, 0.00400488264859, -0.00365345086902