{"tonal": {"hpcp": {"dvar": [0.0274388920516, 0.0192575659603, 0.0174341220409, 0.0167446658015, 0.0191518608481, 0.0315617360175, 0.033377174288, 0.0293332692236, 0.0303459241986, 0.0277026221156, 0.0297538638115, 0.0318206176162, 0.0277526844293, 0.0199814196676, 0.0171605236828, 0.0163681339473, 0.0180095266551, 0.0235047489405, 0.0303070098162, 0.0236762333661, 0.0267791189253, 0.0258226655424, 0.0217890683562, 0.0205410737544, 0.0180240869522, 0.0166198220104, 0.0211440119892, 0.0237960014492, 0.0207515675575, 0.0221185646951, 0.0204638130963, 0.0214782450348, 0.0299850814044, 0.0366346314549, 0.0356889627874, 0.0287952236831], "var": [0.0627247467637, 0.0159303229302, 0.0152215445414, 0.0160171147436, 0.025161517784, 0.0821087509394, 0.0934589281678, 0.0490413084626, 0.0464583560824, 0.0340350978076, 0.0452453121543, 0.0975072681904, 0.101539894938, 0.0264966152608, 0.0182406771928, 0.0223315991461, 0.0245935786515, 0.0459214784205, 0.059884455055, 0.0315804481506, 0.0567166656256, 0.102597817779, 0.0361487008631, 0.0139481527731, 0.0124328387901, 0.0165556482971, 0.0439903959632, 0.060785420239, 0.0315817445517, 0.0235646031797, 0.0149013726041, 0.0240405220538, 0.0770935937762, 0.150624647737, 0.0635446533561, 0.0646942853928], "median": [0.00419702241197, 0.00449021998793, 0.00486905826256, 0.00536764133722, 0.0143027901649, 0.0331062451005, 0.0375924669206, 0.0217499658465, 0.0140843046829, 0.0115858623758, 0.0116390148178, 0.0254988688976, 0.0286445971578, 0.0160371344537, 0.00678038364276, 0.00495249219239, 0.0110635301098, 0.0320966877043, 0.0398416854441, 0.0249267481267, 0.0244109332561, 0.0199549887329, 0.0111825466156, 0.00396674731746, 0.00303490948863, 0.00659469189122, 0.0141419516876, 0.0159639120102, 0.0108300726861, 0.00492112571374, 0.00373572995886, 0.00740833394229, 0.0352723710239, 0.0430133268237, 0.035627219826, 0.00939992815256], "max": [1, 1, 1, 1, 1, 1, 1, 1, 1, 1, 1, 1, 1, 1, 1, 1, 1, 1, 1, 1, 1, 1, 1, 1, 1, 1, 1, 1, 1, 1, 1, 1, 1, 1, 1, 1], "dmean": [0.0599230676889, 0.0479015298188, 0.0435440950096, 0.046955652535, 0.0660471245646, 0.0998362600803, 0.104337759316, 0.0897792130709, 0.0837330818176, 0.0780326128006, 0.0816678106785, 0.0901545509696, 0.0809666588902, 0.0665512904525, 0.0459352172911, 0.0438857935369, 0.0563157610595, 0.0806552618742, 0.0891412571073, 0.0807451829314, 0.083207577467, 0.0707979500294, 0.0625474378467, 0.0450045093894, 0.0399336665869, 0.0456213876605, 0.0661762058735, 0.0714211389422, 0.0632859915495, 0.0536576285958, 0.0510246269405, 0.0620054006577, 0.09689771384, 0.095615670085, 0.106546327472, 0.0724385008216], "dmean2": [0.108302518725, 0.0866269171238, 0.0788968726993, 0.083758212626, 0.114676244557, 0.169609099627, 0.176197573543, 0.151399403811, 0.147432953119, 0.139941737056, 0.144174426794, 0.156640872359, 0.13975392282, 0.117118515074, 0.0815641731024, 0.0772975981236, 0.0978200659156, 0.136789217591, 0.152679264545, 0.139102861285, 0.143189191818, 0.120580650866, 0.108890213072, 0.0836205855012, 0.074050091207, 0.0807541310787, 0.111031800508, 0.122593790293, 0.107972644269, 0.0963208675385, 0.0940062701702, 0.110515713692, 0.162801936269, 0.164002284408, 0.18407304585, 0.129343762994], "mean": [0.0948619842529, 0.0444247238338, 0.0397194996476, 0.0448160097003, 0.0768291801214, 0.179551035166, 0.19766113162, 0.127074703574, 0.103094488382, 0.086771838367, 0.099881850183, 0.185331314802, 0.186294302344, 0.0859112888575, 0.0463689230382, 0.0511045195162, 0.066405877471, 0.124729059637, 0.142052099109, 0.0983482971787, 0.145741283894, 0.183553084731, 0.0973218306899, 0.0331219807267, 0.0302293654531, 0.0460855700076, 0.104418896139, 0.125647574663, 0.081907466054, 0.0519664995372, 0.0388433858752, 0.060476988554, 0.194406285882, 0.282229483128, 0.174258932471, 0.109152778983], "dvar2": [0.0740945264697, 0.0543137453496, 0.0481832064688, 0.0454019866884, 0.0523314289749, 0.0803135558963, 0.0858078449965, 0.0742593929172, 0.082029864192, 0.0787472575903, 0.0824691802263, 0.0820265486836, 0.0693354383111, 0.0560655333102, 0.0484277419746, 0.0437373109162, 0.0479446537793, 0.0577718503773, 0.0781840085983, 0.0632714405656, 0.0713754817843, 0.0654876902699, 0.0615397281945, 0.0608779639006, 0.0519503206015, 0.0459476150572, 0.0528602972627, 0.0603579096496, 0.054846893996, 0.0614766553044, 0.059164121747, 0.0615136697888, 0.0776246041059, 0.0901834517717, 0.0979067161679, 0.077114328742], "min": [0, 0, 0, 0, 0, 0, 0, 0, 0, 0, 0, 0, 0, 0, 0, 0, 0, 0, 0, 0, 0, 0, 0, 0, 0, 0, 0, 0, 0, 0, 0, 0, 0, 0, 0, 0]}, "key_key": "C#", "thpcp": [1, 0.617437005043, 0.38675186038, 0.336116492748, 0.157406389713, 0.140734761953, 0.158792793751, 0.272222369909, 0.636188089848, 0.700356066227, 0.450253099203, 0.365286022425, 0.307451367378, 0.353902965784, 0.656668841839, 0.660080909729, 0.304402261972, 0.164295107126, 0.181074351072, 0.235290363431, 0.441941976547, 0.503321230412, 0.348469257355, 0.516392827034, 0.650368213654, 0.344832271338, 0.117358326912, 0.107109166682, 0.16329112649, 0.369978696108, 0.445196479559, 0.290215849876, 0.184128522873, 0.13763050735, 0.214283034205, 0.688823461533], "chords_key": "C#", "tuning_equal_tempered_deviation": 0.107249796391, "tuning_frequency": 441.782684326, "tuning_diatonic_strength": 0.548469603062, "chords_histogram": [18.9578170776, 13.2506198883, 9.26385402679, 5.98842000961, 1.42266333103, 3.97022342682, 1.47229111195, 1.88585603237, 0.678246498108, 16.6914806366, 3.14309334755, 2.26633572578, 2.21670794487, 1.75351524353, 0, 0.215053766966, 0.942928016186, 0.479735314846, 0.727874279022, 2.76261377335, 2.67990064621, 0, 4.56575679779, 4.66501235962], "key_strength": 0.694053649902, "key_scale": "minor", "chords_strength": {"dvar": 4.11738910771e-05, "var": 0.0107084577903, "median": 0.530824840069, "max": 0.793047130108, "dmean": 0.00712348520756, "dmean2": 0.00687367236242, "mean": 0.534322559834, "dvar2": 4.41787160526e-05, "min": 0.227924078703}, "chords_number_rate": 0.00281224143691, "tuning_nontempered_energy_ratio": 0.779185295105, "hpcp_entropy": {"dvar": 0.226851031184, "var": 0.471464335918, "median": 1.8081741333, "max": 4.00686454773, "dmean": 0.563690960407, "dmean2": 0.963396191597, "mean": 1.77753436565, "dvar2": 0.621024727821, "min": 0}, "chords_changes_rate": 0.0491315126419, "chords_scale": "minor"}, "rhythm": {"bpm_histogram_first_peak_spread": {"dvar": 0, "var": 0, "median": 0.287671267986, "max": 0.287671267986, "dmean": 0, "dmean2": 0, "mean": 0.287671267986, "dvar2": 0, "min": 0.287671267986}, "bpm_histogram_first_peak_weight": {"dvar": 0, "var": 0, "median": 0.502415418625, "max": 0.502415418625, "dmean": 0, "dmean2": 0, "mean": 0.502415418625, "dvar2": 0, "min": 0.502415418625}, "bpm_histogram_first_peak_bpm": {"dvar": 0, "var": 0, "median": 80, "max": 80, "dmean": 0, "dmean2": 0, "mean": 80, "dvar2": 0, "min": 80}, "bpm": 79.7872467041, "bpm_histogram_second_peak_weight": {"dvar": 0, "var": 0, "median": 0.0555555559695, "max": 0.0555555559695, "dmean": 0, "dmean2": 0, "mean": 0.0555555559695, "dvar2": 0, "min": 0.0555555559695}, "beats_loudness": {"dvar": 0.000960042467341, "var": 0.00330287055112, "median": 0.0163956005126, "max": 0.274675160646, "dmean": 0.0230939500034, "dmean2": 0.0410329401493, "mean": 0.0449004583061, "dvar2": 0.00277042505331, "min": 2.55185366171e-08}, "beats_loudness_band_ratio": {"dvar": [0.0908092334867, 0.0440259091556, 0.0291440859437, 0.0113971969113, 0.00574631616473, 0.000217073757085], "var": [0.122386731207, 0.0336091853678, 0.0387307591736, 0.0119591336697, 0.0105979479849, 0.00113813742064], "median": [0.589815199375, 0.0931324064732, 0.106704317033, 0.0426152199507, 0.0293665695935, 0.0047649606131], "max": [0.993981599808, 0.945682704449, 0.884308874607, 0.791356742382, 0.64103448391, 0.300677537918], "dmean": [0.312268733978, 0.188465043902, 0.165166735649, 0.072414316237, 0.050101570785, 0.0106181753799], "dmean2": [0.59996932745, 0.359368234873, 0.30426082015, 0.128149271011, 0.0860185474157, 0.0189309883863], "mean": [0.507900714874, 0.163254484534, 0.191202044487, 0.0821007266641, 0.0705401152372, 0.0148097267374], "dvar2": [0.340693771839, 0.162668004632, 0.0897516086698, 0.0320069305599, 0.0151677820832, 0.000519294582773], "min": [0.000434500718256, 0.00144642603118, 0.00141221273225, 0.000418696174165, 9.27061864786e-06, 1.22136975733e-06]}, "bpm_histogram_second_peak_bpm": {"dvar": 0, "var": 0, "median": 152, "max": 152, "dmean": 0, "dmean2": 0, "mean": 152, "dvar2": 0, "min": 152}, "onset_rate": 2.23036766052, "beats_count": 415, "beats_position": [0.766258478165, 1.54412698746, 2.32199549675, 3.11147379875, 3.90095233917, 4.66721057892, 5.44507932663, 6.23455762863, 7.03564596176, 7.81351470947, 8.56816291809, 9.33442115784, 10.0890703201, 10.8437185287, 11.5867567062, 12.3414058685, 13.084444046, 13.8390922546, 14.5937414169, 15.3599996567, 16.1262588501, 16.8692970276, 17.6123352051, 18.3553733826, 19.0984115601, 19.853061676, 20.6077098846, 21.3623580933, 22.0937862396, 22.8368244171, 23.5682544708, 24.3345127106, 25.0775508881, 25.8205890656, 26.5752372742, 27.3298854828, 28.0729255676, 28.8159637451, 29.5590019226, 30.3020401001, 31.0566883087, 31.8113365173, 32.5775947571, 33.3206329346, 34.0752830505, 34.8299331665, 35.5845794678, 36.3508377075, 37.1170959473, 37.8717460632, 38.6263923645, 39.3578224182, 40.0892524719, 40.8322906494, 41.5637168884, 42.3183670044, 43.0614051819, 43.8044433594, 44.5474815369, 45.3021316528, 46.0567779541, 46.8114280701, 47.5544662476, 48.297504425, 49.0405426025, 49.7951927185, 50.5498390198, 51.3044891357, 52.0707473755, 52.8370056152, 53.5684356689, 54.3114738464, 55.0545120239, 55.8091583252, 56.5522003174, 57.2952384949, 58.0614967346, 58.8161430359, 59.5591812134, 60.3022193909, 61.0568695068, 61.7999076843, 62.5429458618, 63.2743759155, 64.0290222168, 64.7836685181, 65.5383224487, 66.2813568115, 67.0360107422, 67.7906570435, 68.5453033447, 69.2883453369, 70.0546035767, 70.7976379395, 71.5406799316, 72.2837142944, 73.0499725342, 73.8046264648, 74.5592727661, 75.3023147583, 76.0453491211, 76.7883911133, 77.5430374146, 78.2976837158, 79.0639419556, 79.8185958862, 80.5732421875, 81.3162765503, 82.0593185425, 82.8255767822, 83.5802230835, 84.3464813232, 85.1011352539, 85.8441696167, 86.5872116089, 87.3186416626, 88.0500640869, 88.8047180176, 89.5593643188, 90.3023986816, 91.0570526123, 91.8116989136, 92.5663452148, 93.3209991455, 94.0756454468, 94.830291748, 95.5849380493, 96.33959198, 97.0826263428, 97.8372802734, 98.5803146362, 99.3117446899, 100.054779053, 100.797821045, 101.540863037, 102.2838974, 103.05015564, 103.804801941, 104.559455872, 105.314102173, 106.068748474, 106.823402405, 107.578048706, 108.321083069, 109.087341309, 109.853607178, 110.608253479, 111.351287842, 112.105941772, 112.860588074, 113.592018127, 114.33505249, 115.078094482, 115.832740784, 116.587387085, 117.353645325, 118.108299255, 118.862945557, 119.617591858, 120.372245789, 121.115280151, 121.858322144, 122.589744568, 123.344398499, 124.087432861, 124.830474854, 125.585121155, 126.339767456, 127.082809448, 127.82585144, 128.580490112, 129.335144043, 130.066574097, 130.821228027, 131.575866699, 132.342132568, 133.085174561, 133.839813232, 134.594467163, 135.337509155, 136.080535889, 136.823577881, 137.555007935, 138.309661865, 139.052688599, 139.807342529, 140.573608398, 141.32824707, 142.094512939, 142.837554932, 143.592193604, 144.335235596, 145.078277588, 145.844528198, 146.610794067, 147.388656616, 148.154922485, 148.897949219, 149.640991211, 150.395645142, 151.161895752, 151.893325806, 152.624755859, 153.367797852, 154.110839844, 154.853881836, 155.585296631, 156.316726685, 157.059768677, 157.814422607, 158.5574646, 159.312103271, 160.055145264, 160.798187256, 161.552825928, 162.307479858, 163.062133789, 163.816772461, 164.58303833, 165.326080322, 166.069107056, 166.812149048, 167.566802979, 168.32144165, 169.08770752, 169.830749512, 170.573776245, 171.328430176, 172.083084106, 172.826126099, 173.569152832, 174.312194824, 175.066848755, 175.821487427, 176.587753296, 177.330795288, 178.073822021, 178.816864014, 179.583129883, 180.326171875, 181.092422485, 181.835464478, 182.57850647, 183.321533203, 184.052963257, 184.796005249, 185.527435303, 186.270477295, 187.036727905, 187.802993774, 188.569244385, 189.312286377, 190.066940308, 190.821578979, 191.57623291, 192.330886841, 193.097137451, 193.851791382, 194.606430054, 195.349472046, 196.092514038, 196.83555603, 197.578598022, 198.321624756, 199.087890625, 199.854141235, 200.620407104, 201.363449097, 202.10647583, 202.849517822, 203.580947876, 204.335601807, 205.07862854, 205.833282471, 206.59954834, 207.36579895, 208.132064819, 208.909927368, 209.676193237, 210.442443848, 211.220306396, 211.998184204, 212.671554565, 213.344940186, 214.018310547, 214.691696167, 215.481170654, 216.259048462, 217.013687134, 217.779953003, 218.546203613, 219.300857544, 220.055511475, 220.810150146, 221.646072388, 222.493606567, 223.352737427, 224.211883545, 225.071014404, 225.930160522, 226.789291382, 227.555557251, 228.321807861, 229.099685669, 229.877548218, 230.550918579, 231.235916138, 231.839630127, 232.443344116, 233.035461426, 233.639175415, 234.242904663, 234.846618652, 235.450332642, 236.05406189, 236.64616394, 237.238265991, 237.818771362, 238.399276733, 238.979766846, 239.560272217, 240.140762329, 240.709655762, 241.23210144, 241.766159058, 242.300216675, 242.822677612, 243.345123291, 243.879180908, 244.413238525, 244.947296143, 245.446533203, 245.945755005, 246.456588745, 246.874557495, 247.292510986, 247.710464478, 248.128433228, 248.523162842, 248.917907715, 249.301040649, 249.660949707, 250.009246826, 250.369155884, 250.729064941, 251.077362061, 251.472106934, 251.866836548, 252.261581421, 252.656326294, 253.051055908, 253.445800781, 253.840545654, 254.235275269, 254.630020142, 255.024749756, 255.419494629, 255.814239502, 256.208984375, 256.603729248, 256.998443604, 257.462860107, 257.927246094, 258.391662598, 258.856048584, 259.32043457, 259.773223877, 260.133148193, 260.504669189, 260.876190186, 261.247711182, 261.688873291, 262.118438721, 262.548034668, 262.977600098, 263.407165527, 263.836730957, 264.266296387, 264.730712891, 265.195098877, 265.671112061, 266.147125244, 266.61151123, 267.087524414, 267.540313721, 268.004699707, 268.457489014, 268.921905518, 269.386291504, 269.850708008, 270.315093994, 270.721435547, 271.127807617, 271.53414917, 271.928894043, 272.335235596, 272.729980469, 273.124725342, 273.531066895, 273.937408447, 274.34375, 274.75012207, 275.144836426, 275.551208496, 275.945922852, 276.340667725, 276.712188721, 277.083709717, 277.455230713, 277.826751709, 278.198272705, 278.581390381, 278.952911377, 279.324432373, 279.707580566], "danceability": 0.946237266064, "bpm_histogram_second_peak_spread": {"dvar": 0, "var": 0, "median": 0.28125, "max": 0.28125, "dmean": 0, "dmean2": 0, "mean": 0.28125, "dvar2": 0, "min": 0.28125}}, "lowlevel": {"spectral_flux": {"dvar": 0.00121831335127, "var": 0.00341784255579, "median": 0.0390532836318, "max": 0.58317476511, "dmean": 0.0183151420206, "dmean2": 0.0294779781252, "mean": 0.0564038902521, "dvar2": 0.00252337055281, "min": 1.01082711645e-10}, "spectral_rolloff": {"dvar": 382408.75, "var": 1277061.75, "median": 516.796875, "max": 19918.2128906, "dmean": 239.735061646, "dmean2": 404.049560547, "mean": 869.674743652, "dvar2": 831693.625, "min": 64.599609375}, "barkbands_flatness_db": {"dvar": 0.000462895259261, "var": 0.00789622869343, "median": 0.206781446934, "max": 0.573575735092, "dmean": 0.0199156124145, "dmean2": 0.0295655261725, "mean": 0.22969570756, "dvar2": 0.00103779113851, "min": 0.0313405506313}, "spectral_centroid": {"dvar": 41679.5976562, "var": 343051.5625, "median": 825.260498047, "max": 11430.5039062, "dmean": 150.659957886, "dmean2": 227.863265991, "mean": 927.690917969, "dvar2": 80059.84375, "min": 111.583358765}, "melbands_skewness": {"dvar": 0.5277338624, "var": 3.84805655479, "median": 2.62643909454, "max": 11.8590431213, "dmean": 0.660418093204, "dmean2": 1.02338981628, "mean": 2.94660544395, "dvar2": 1.25857555866, "min": -1.72664952278}, "melbands": {"dvar": [2.28460703511e-05, 4.24449681304e-05, 3.97108487959e-06, 8.5898125235e-07, 1.51019008854e-07, 2.24315272135e-07, 1.36497547487e-07, 1.8566774429e-07, 1.784791408e-07, 1.34687240916e-07, 6.77161224871e-08, 2.08659418632e-08, 9.71603864031e-09, 5.18943377159e-09, 2.70910014422e-08, 5.90765925068e-09, 6.99964530781e-09, 5.19792608955e-09, 2.01309191539e-09, 3.01390246094e-09, 8.95859297856e-09, 1.06843500713e-09, 2.76244777053e-10, 2.36305752743e-10, 4.03777150604e-11, 4.42987209415e-11, 3.93075468008e-11, 5.68210929697e-12, 1.50560304241e-12, 9.83944046032e-13, 7.96753450976e-13, 1.1069446141e-12, 1.3528539183e-12, 6.47138104822e-13, 1.84722598546e-13, 1.47975273528e-13, 1.22622710054e-13, 1.04804253926e-13, 1.50272128725e-13, 1.47191923905e-13], "var": [6.0770627897e-05, 0.00011782484944, 4.61757872472e-06, 7.67889957842e-07, 2.07522987239e-07, 2.04844511131e-07, 1.97255445755e-07, 2.78106739415e-07, 2.86735200916e-07, 2.12738925143e-07, 1.58999640121e-07, 6.92392774226e-08, 2.69928612795e-08, 1.48905616726e-08, 8.95714578064e-08, 1.82739992027e-08, 1.39520990317e-08, 9.68836477711e-09, 5.43164135891e-09, 8.29730950613e-09, 1.75801986302e-08, 2.45734277371e-09, 6.29237273397e-10, 4.67681060545e-10, 9.74820085764e-11, 1.02472356989e-10, 8.26551813105e-11, 1.34922541889e-11, 2.96228276284e-12, 1.70966040804e-12, 1.50257876887e-12, 2.01518077399e-12, 2.90834262055e-12, 1.26634217435e-12, 3.94903212778e-13, 3.07217819977e-13, 2.93384430248e-13, 2.86023348018e-13, 3.63792004333e-13, 3.72452746812e-13], "median": [0.000474170054076, 0.000622623600066, 0.000241348461714, 0.000103133002995, 6.3619663706e-05, 5.51451303181e-05, 5.37102350791e-05, 5.6745375332e-05, 3.87449435948e-05, 2.00251033675e-05, 6.9079660534e-06, 8.56772749103e-06, 1.39795847645e-05, 6.58595581626e-06, 1.18497200674e-05, 5.08900666318e-06, 4.78827587358e-06, 4.41795737061e-06, 3.36477796736e-06, 3.31889305016e-06, 2.01135117095e-06, 1.89499542103e-06, 1.10666860564e-06, 9.96810285869e-07, 6.08965365245e-07, 5.29460635335e-07, 3.75427561039e-07, 1.6632405675e-07, 1.09871059806e-07, 4.73627750353e-08, 3.78473643536e-08, 2.27901537642e-08, 1.85019271015e-08, 1.21814371923e-08, 1.0196904654e-08, 8.45409164896e-09, 7.05297775738e-09, 8.05033728568e-09, 4.62353266784e-09, 2.96765545471e-09], "max": [0.103208661079, 0.140454530716, 0.037732347846, 0.0265059266239, 0.00727897603065, 0.00901980232447, 0.0152791757137, 0.0150403156877, 0.0142348688096, 0.0190548971295, 0.0116855474189, 0.00858184881508, 0.00352757424116, 0.00291939871386, 0.00861877668649, 0.00382127915509, 0.00403972016647, 0.00357470614836, 0.00162435881793, 0.00155275443103, 0.00263756979257, 0.000824161747005, 0.000562491302844, 0.000539087341167, 0.000171973864781, 0.000248466240009, 0.000169995866599, 7.22176337149e-05, 4.00679055019e-05, 3.68789296772e-05, 3.00284118566e-05, 4.03130361519e-05, 4.6356148232e-05, 3.57979370165e-05, 1.55438719958e-05, 1.49548077388e-05, 1.17950930871e-05, 1.31462284116e-05, 2.15022664634e-05, 2.08180335903e-05], "dmean": [0.00123442872427, 0.00185029243585, 0.000558878527954, 0.000227529933909, 0.000139566807775, 0.000130363026983, 0.000123320511193, 0.000139809970278, 9.52014306677e-05, 7.30145766283e-05, 4.50485313195e-05, 3.56114433089e-05, 3.04344630422e-05, 2.68731419055e-05, 4.29129286204e-05, 1.87545956578e-05, 1.78272384801e-05, 1.9934732336e-05, 1.58233469847e-05, 1.92474635696e-05, 2.74913545582e-05, 1.19494543469e-05, 6.08868185736e-06, 5.25269115315e-06, 2.36882783611e-06, 2.38952384279e-06, 2.05714854928e-06, 8.40339851038e-07, 4.06956132792e-07, 2.64366775582e-07, 2.43362194396e-07, 2.17350503817e-07, 2.18287695475e-07, 1.5336344461e-07, 9.37005353308e-08, 7.89106593402e-08, 6.97712394526e-08, 6.40531965246e-08, 6.01987579785e-08, 5.22836742789e-08], "dmean2": [0.00203985674307, 0.00307026249357, 0.000953431823291, 0.000383815728128, 0.000223268274567, 0.000216924861888, 0.00019598887593, 0.000222548667807, 0.000151124302647, 0.000115319046017, 7.00963355484e-05, 5.47013769392e-05, 4.80214694107e-05, 4.18676318077e-05, 6.71936504659e-05, 2.79540399788e-05, 2.77858598565e-05, 3.15014185617e-05, 2.42132518906e-05, 2.96044454444e-05, 4.24158461101e-05, 1.83359934454e-05, 9.39126857702e-06, 8.34101592773e-06, 3.71686815015e-06, 3.71952410205e-06, 3.19835771734e-06, 1.30889964112e-06, 6.18993965418e-07, 3.94926530589e-07, 3.57513215477e-07, 3.12693487103e-07, 3.10402612058e-07, 2.19334822305e-07, 1.32852022716e-07, 1.10527984987e-07, 9.73535989601e-08, 8.85426629793e-08, 8.03679398587e-08, 6.74386058108e-08], "mean": [0.00475221592933, 0.0058599668555, 0.00110010895878, 0.000344477011822, 0.000218903427594, 0.00018455569807, 0.000192709980183, 0.000211544582271, 0.000159336792422, 0.00011858522339, 7.92200735305e-05, 7.27309670765e-05, 6.02688014624e-05, 5.77840510232e-05, 8.15689563751e-05, 3.48174471583e-05, 3.20522485708e-05, 3.48132780346e-05, 2.97218284686e-05, 3.73237999156e-05, 4.60781120637e-05, 2.16630996874e-05, 1.13001487989e-05, 9.3120161182e-06, 4.58689601146e-06, 4.55962526758e-06, 3.70479710909e-06, 1.53854216478e-06, 7.27264534817e-07, 4.62748857899e-07, 3.97652229367e-07, 3.25099193788e-07, 3.25586000827e-07, 2.28748774589e-07, 1.50835333557e-07, 1.24393366718e-07, 1.14855090771e-07, 1.09097690881e-07, 9.6863367105e-08, 8.619061731e-08], "dvar2": [6.44853353151e-05, 0.000120030999824, 1.12789766717e-05, 2.40785470851e-06, 3.92714042619e-07, 6.25138852683e-07, 3.35252252626e-07, 4.36784972635e-07, 4.31470709827e-07, 3.29381833808e-07, 1.42410968351e-07, 4.65379983439e-08, 2.37858621688e-08, 1.20993988162e-08, 5.3777551301e-08, 1.08074962313e-08, 1.57323114536e-08, 1.23475230041e-08, 4.4538936983e-09, 6.84556589192e-09, 2.08391757184e-08, 2.39465269836e-09, 6.28590124396e-10, 5.71125480242e-10, 9.20743759014e-11, 1.02025388138e-10, 9.40135955196e-11, 1.3210371165e-11, 3.39198048989e-12, 2.12551092178e-12, 1.67353685163e-12, 2.26499374811e-12, 2.60173436614e-12, 1.35397726017e-12, 3.61821873461e-13, 2.83266113473e-13, 2.380072593e-13, 1.86078135864e-13, 2.58073266533e-13, 2.4967999673e-13], "min": [2.8055538327e-24, 4.56013628594e-24, 5.93782190348e-24, 8.31810516092e-24, 1.28436495017e-23, 6.1846379425e-24, 1.69636191519e-23, 2.38169571289e-23, 1.25937525665e-23, 2.22729606998e-23, 1.17170448997e-23, 8.32707845372e-24, 4.67772744235e-24, 6.89578973767e-24, 8.9496135591e-24, 9.02052426587e-24, 9.30079076827e-24, 4.83884163262e-24, 1.00840034294e-23, 1.95622184816e-23, 6.25378948945e-24, 8.72659311486e-24, 1.49495389318e-23, 7.38136912357e-24, 9.96656728418e-24, 9.22588842532e-24, 8.32788703614e-24, 6.4167866907e-24, 1.32492155149e-23, 8.67723093258e-24, 8.99814585971e-24, 8.42542968707e-24, 1.38891363258e-23, 7.25251027242e-24, 7.88178619424e-24, 6.22437759946e-24, 1.03134160136e-23, 8.26831699375e-24, 8.6552343351e-24, 9.09416206479e-24]}, "spectral_decrease": {"dvar": 6.60826716609e-17, "var": 1.97002221423e-16, "median": -2.74574341042e-09, "max": 4.9173787153e-21, "dmean": 2.5951489846e-09, "dmean2": 4.26870494508e-09, "mean": -9.87559456433e-09, "dvar2": 1.85495000902e-16, "min": -1.70219209394e-07}, "barkbands_kurtosis": {"dvar": 52.6123771667, "var": 151.433029175, "median": 3.43996763229, "max": 220.741531372, "dmean": 3.79270029068, "dmean2": 5.99745845795, "mean": 7.45149946213, "dvar2": 130.809570312, "min": -1.86700189114}, "silence_rate_30dB": {"dvar": 0.0324622914195, "var": 0.102675363421, "median": 1, "max": 1, "dmean": 0.0335898064077, "dmean2": 0.0671851709485, "mean": 0.883851766586, "dvar2": 0.0735944733024, "min": 0}, "gfcc": {"mean": [-125.24446106, 149.599258423, -111.870727539, 13.4768438339, -33.1022109985, 5.74710178375, -28.8422889709, 10.0959892273, -14.834903717, 2.00828456879, -6.85830354691, -5.50473213196, -11.3927898407], "cov": [[22798.2246094, -524.957092285, -3071.97192383, 1752.52209473, 1111.21936035, 396.203887939, 165.741500854, 595.202087402, 223.235687256, -202.491333008, 28.2274417877, 94.7706832886, 307.932159424], [-524.957092285, 2106.39013672, 798.52154541, -450.446502686, 437.920837402, -48.652507782, 354.048065186, -169.232269287, 112.342468262, -147.073699951, 139.140563965, -199.324417114, 61.0485534668], [-3071.97192383, 798.52154541, 2161.21020508, -120.697029114, 119.583282471, 288.863708496, 181.954696655, -44.2234954834, 5.55300188065, -8.7243309021, -35.7290496826, -38.8523216248, -30.7700805664], [1752.52209473, -450.446502686, -120.697029114, 752.073059082, 231.151565552, 135.182357788, 69.2934112549, 94.8854751587, 85.5775146484, -0.118060708046, -25.0412368774, 68.019241333, 62.2731819153], [1111.21936035, 437.920837402, 119.583282471, 231.151565552, 521.531005859, 137.7474823, 208.949386597, 57.3414916992, 92.2374572754, -60.5063896179, 28.787317276, -36.2075119019, 70.5099868774], [396.203887939, -48.652507782, 288.863708496, 135.182357788, 137.7474823, 296.13269043, 171.784698486, 68.1077575684, 12.9155302048, 10.9952039719, -20.4602832794, 3.19162797928, -1.22277641296], [165.741500854, 354.048065186, 181.954696655, 69.2934112549, 208.949386597, 171.784698486, 359.697235107, 35.4969673157, 73.5190048218, -5.36270427704, 33.606552124, -45.866645813, 10.8144054413], [595.202087402, -169.232269287, -44.2234954834, 94.8854751587, 57.3414916992, 68.1077575684, 35.4969673157, 165.783325195, 38.7803230286, 18.2440776825, -6.39172554016, 10.1635284424, -3.11520767212], [223.235687256, 112.342468262, 5.55300188065, 85.5775146484, 92.2374572754, 12.9155302048, 73.5190048218, 38.7803230286, 142.731689453, 26.7351436615, 21.303358078, -4.55068016052, 19.9614009857], [-202.491333008, -147.073699951, -8.7243309021, -0.118060708046, -60.5063896179, 10.9952039719, -5.36270427704, 18.2440776825, 26.7351436615, 109.693557739, 19.4616146088, 13.8374547958, -8.36060523987], [28.2274417877, 139.140563965, -35.7290496826, -25.0412368774, 28.787317276, -20.4602832794, 33.606552124, -6.39172554016, 21.303358078, 19.4616146088, 106.081459045, 9.31564426422, 15.0384712219], [94.7706832886, -199.324417114, -38.8523216248, 68.019241333, -36.2075119019, 3.19162797928, -45.866645813, 10.1635284424, -4.55068016052, 13.8374547958, 9.31564426422, 107.508049011, 33.4562606812], [307.932159424, 61.0485534668, -30.7700805664, 62.2731819153, 70.5099868774, -1.22277641296, 10.8144054413, -3.11520767212, 19.9614009857, -8.36060523987, 15.0384712219, 33.4562606812, 96.2387390137]], "icov": [[9.81545163086e-05, -0.000210483980482, 0.000221276510274, -0.000250758050242, 2.91409942292e-05, -0.00034511188278, 0.000233648243011, -0.000301149761071, 0.000115504968562, -5.40258633919e-06, 8.64822577569e-05, -8.65154943313e-05, -1.71397969098e-05], [-0.000210483980482, 0.00280252587982, -0.00122600980103, 0.0019848740194, -0.00158000714146, 0.00217727315612, -0.00185550365131, 0.00210688938387, -0.00164521473926, 0.00212194514461, -0.00208322471008, 0.00233047665097, -0.00127770809922], [0.000221276510274, -0.00122600980103, 0.00132605654653, -0.000810766825452, 0.000464731652755, -0.00196805270389, 0.00100190041121, -0.000736324291211, 0.000489506463055, -0.000641199527308, 0.000961650395766, -0.000907171517611, 0.00052424997557], [-0.000250758050242, 0.0019848740194, -0.000810766825452, 0.00354299857281, -0.00181268493179, 0.00102127355058, -0.00115662452299, 0.00141454383265, -0.00197989004664, 0.00122339639347, -0.000541373912711, 0.000203112125746, -0.00096080446383], [2.91409942292e-05, -0.00158000714146, 0.000464731652755, -0.00181268493179, 0.00497980322689, -0.00194636045489, 5.88376678934e-05, -0.00159720354713, -0.000335181073751, 0.00107094482519, -1.11890858534e-05, 0.000600640254561, -0.0015454798704], [-0.00034511188278, 0.00217727315612, -0.00196805270389, 0.00102127355058, -0.00194636045489, 0.00934836361557, -0.00481784064323, 1.64460525411e-05, 0.00117529730778, -0.000488689227495, 0.000503840798046, 1.61104071594e-05, 0.000149174695252], [0.000233648243011, -0.00185550365131, 0.00100190041121, -0.00115662452299, 5.88376678934e-05, -0.00481784064323, 0.0068800416775, -0.00106399913784, -0.000975155853666, -0.00062813074328, -0.000579449930228, 0.000537770974915, 0.000637596473098], [-0.000301149761071, 0.00210688938387, -0.000736324291211, 0.00141454383265, -0.00159720354713, 1.64460525411e-05, -0.00106399913784, 0.00962057895958, -0.00307130045258, 0.000529670331161, -0.000882442458533, 0.000793245795649, 0.000622921215836], [0.000115504968562, -0.00164521473926, 0.000489506463055, -0.00197989004664, -0.000335181073751, 0.00117529730778, -0.000975155853666, -0.00307130045258, 0.0114713935181, -0.00465734582394, 0.000929971691221, -0.000921024067793, -0.000226721909712], [-5.40258633919e-06, 0.00212194514461, -0.000641199527308, 0.00122339639347, 0.00107094482519, -0.000488689227495, -0.00062813074328, 0.000529670331161, -0.00465734582394, 0.0141161484644, -0.00456078583375, 0.00158093788195, -0.00067309581209], [8.64822577569e-05, -0.00208322471008, 0.000961650395766, -0.000541373912711, -1.11890858534e-05, 0.000503840798046, -0.000579449930228, -0.000882442458533, 0.000929971691221, -0.00456078583375, 0.0135059384629, -0.0041271308437, 0.000488867575768], [-8.65154943313e-05, 0.00233047665097, -0.000907171517611, 0.000203112125746, 0.000600640254561, 1.61104071594e-05, 0.000537770974915, 0.000793245795649, -0.000921024067793, 0.00158093788195, -0.0041271308437, 0.0157696530223, -0.00660643354058], [-1.71397969098e-05, -0.00127770809922, 0.00052424997557, -0.00096080446383, -0.0015454798704, 0.000149174695252, 0.000637596473098, 0.000622921215836, -0.000226721909712, -0.00067309581209, 0.000488867575768, -0.00660643354058, 0.015337026678]]}, "silence_rate_20dB": {"dvar": 0.00115667923819, "var": 0.000991710927337, "median": 1, "max": 1, "dmean": 0.00115826923866, "dmean2": 0.00231673009694, "mean": 0.999007284641, "dvar2": 0.00264258286916, "min": 0}, "barkbands_skewness": {"dvar": 0.35615670681, "var": 2.29460048676, "median": 1.70830988884, "max": 13.2688579559, "dmean": 0.535617828369, "dmean2": 0.82371455431, "mean": 1.94885861874, "dvar2": 0.827182352543, "min": -2.34299683571}, "erbbands_skewness": {"dvar": 0.1607953161, "var": 0.921361982822, "median": 0.0417255200446, "max": 6.37213659286, "dmean": 0.380193293095, "dmean2": 0.591694772243, "mean": 0.145638570189, "dvar2": 0.389089792967, "min": -3.34136414528}, "spectral_contrast_valleys": {"dvar": [0.114586487412, 0.0828731134534, 0.0691971629858, 0.0661142542958, 0.0680130422115, 0.0788398683071], "var": [3.03663086891, 1.80149829388, 2.6210193634, 2.98009252548, 2.990670681, 2.05778121948], "median": [-7.53544139862, -7.09063339233, -8.31769561768, -8.84154319763, -9.3317489624, -12.3321018219], "max": [-4.76470422745, -4.34135532379, -5.20851898193, -5.6461482048, -6.05879688263, -8.14919090271], "dmean": [0.369443684816, 0.315864115953, 0.267243117094, 0.242465347052, 0.225767478347, 0.228006929159], "dmean2": [0.610198497772, 0.507639825344, 0.425089150667, 0.380296558142, 0.338515400887, 0.311077773571], "mean": [-7.85089159012, -7.28651857376, -8.24341583252, -8.79583454132, -9.40984916687, -12.3909788132], "dvar2": [0.261409372091, 0.180664926767, 0.13676148653, 0.123229235411, 0.120002359152, 0.114257462323], "min": [-27.7131843567, -27.3080329895, -27.759437561, -27.2415466309, -27.2407608032, -27.2495574951]}, "spectral_strongpeak": {"dvar": 0.42612990737, "var": 0.79051887989, "median": 0.410636425018, "max": 13.1964464188, "dmean": 0.238592818379, "dmean2": 0.406072586775, "mean": 0.624718844891, "dvar2": 1.12965667248, "min": 0}, "erbbands_crest": {"dvar": 7.50124120712, "var": 23.0583171844, "median": 9.04193305969, "max": 31.8226623535, "dmean": 2.75061368942, "dmean2": 4.45193386078, "mean": 10.20977211, "dvar2": 18.9131469727, "min": 2.32894182205}, "barkbands_crest": {"dvar": 4.44652032852, "var": 25.0304145813, "median": 12.4726295471, "max": 26.4083995819, "dmean": 2.15525054932, "dmean2": 3.43177342415, "mean": 12.9803085327, "dvar2": 11.1060056686, "min": 2.83201694489}, "spectral_energyband_middle_low": {"dvar": 0.000101426805486, "var": 0.000135912225232, "median": 0.00327875977382, "max": 0.210448980331, "dmean": 0.00330424099229, "dmean2": 0.00542416004464, "mean": 0.0071022757329, "dvar2": 0.00026906907442, "min": 4.41254964025e-22}, "spectral_contrast_coeffs": {"dvar": [0.00133967469446, 0.00136313773692, 0.000685171573423, 0.000559670326766, 0.000350495974999, 0.000195759304916], "var": [0.00729878619313, 0.00509210443124, 0.00454730028287, 0.00483781797811, 0.00521940691397, 0.00341620878316], "median": [-0.672145247459, -0.74005150795, -0.782391905785, -0.763679146767, -0.75845092535, -0.789683580399], "max": [-0.360112309456, -0.320555150509, -0.386121720076, -0.434288084507, -0.499910771847, -0.579892635345], "dmean": [0.0433706380427, 0.0427825450897, 0.0304535031319, 0.0278184711933, 0.0212996993214, 0.0150900268927], "dmean2": [0.0725357010961, 0.0704879313707, 0.0489427559078, 0.0445827357471, 0.0333112031221, 0.0236985664815], "mean": [-0.66528826952, -0.735039532185, -0.774705708027, -0.757177114487, -0.762750566006, -0.795403838158], "dvar2": [0.00366863817908, 0.00363576249219, 0.00169646623544, 0.00137556286063, 0.000780955713708, 0.000450059422292], "min": [-0.959161579609, -0.969725191593, -0.968523144722, -0.959513306618, -0.960170865059, -0.960363507271]}, "hfc": {"dvar": 43.5867347717, "var": 274.983917236, "median": 3.94597649574, "max": 137.167984009, "dmean": 3.19553804398, "dmean2": 4.73219680786, "mean": 12.2761611938, "dvar2": 96.0790557861, "min": 1.13368848424e-16}, "spectral_energyband_high": {"dvar": 2.58642014472e-08, "var": 8.25192998377e-08, "median": 1.12969300972e-05, "max": 0.00541809247807, "dmean": 4.17089759139e-05, "dmean2": 5.41274785064e-05, "mean": 8.69756913744e-05, "dvar2": 3.92439716279e-08, "min": 7.49185720284e-21}, "erbbands_spread": {"dvar": 44.8138961792, "var": 255.282546997, "median": 25.5007858276, "max": 133.617446899, "dmean": 5.41294574738, "dmean2": 8.40861415863, "mean": 27.8600177765, "dvar2": 104.408653259, "min": 1.46657299995}, "dissonance": {"dvar": 0.000951241585426, "var": 0.00270725227892, "median": 0.459079802036, "max": 0.500000059605, "dmean": 0.026262126863, "dmean2": 0.044439420104, "mean": 0.442502915859, "dvar2": 0.00263963011093, "min": 0.145739197731}, "spectral_kurtosis": {"dvar": 116.906829834, "var": 769.723022461, "median": 10.6236801147, "max": 231.90133667, "dmean": 6.77838087082, "dmean2": 11.4474477768, "mean": 21.3003063202, "dvar2": 320.490325928, "min": -1.20194411278}, "spectral_skewness": {"dvar": 0.329914063215, "var": 3.75541234016, "median": 2.18498659134, "max": 12.4690580368, "dmean": 0.476467490196, "dmean2": 0.788720786572, "mean": 2.92334342003, "dvar2": 0.891027450562, "min": -0.0286605134606}, "pitch_salience": {"dvar": 0.00374640407972, "var": 0.0173410587013, "median": 0.453739851713, "max": 0.922750353813, "dmean": 0.0638299807906, "dmean2": 0.102400183678, "mean": 0.448167771101, "dvar2": 0.00935791339725, "min": 0.0473445951939}, "spectral_complexity": {"dvar": 4.1878657341, "var": 119.483375549, "median": 9, "max": 49, "dmean": 1.83999335766, "dmean2": 2.93347668648, "mean": 13.4001493454, "dvar2": 9.41015911102, "min": 0}, "spectral_spread": {"dvar": 295127908352, "var": 2562708996100.0, "median": 2402755.25, "max": 40220356, "dmean": 320336.40625, "dmean2": 471183.90625, "mean": 2702644.75, "dvar2": 424085061632, "min": 428569.625}, "dynamic_complexity": 8.1034154892, "melbands_crest": {"dvar": 6.46292829514, "var": 37.7649307251, "median": 16.7765102386, "max": 33.9267959595, "dmean": 2.41325640678, "dmean2": 3.85906791687, "mean": 17.0658435822, "dvar2": 16.364397049, "min": 2.43124318123}, "zerocrossingrate": {"dvar": 8.6994645244e-05, "var": 0.000844330701511, "median": 0.02587890625, "max": 0.4990234375, "dmean": 0.00496397074312, "dmean2": 0.00608557788655, "mean": 0.0326429419219, "dvar2": 0.000122502242448, "min": 0.001953125}, "spectral_energyband_low": {"dvar": 0.000821203284431, "var": 0.00210571032949, "median": 0.0034966324456, "max": 0.606973230839, "dmean": 0.00786930136383, "dmean2": 0.0131064541638, "mean": 0.0281469095498, "dvar2": 0.00233374373056, "min": 2.46200553957e-23}, "melbands_kurtosis": {"dvar": 144.840026855, "var": 485.624084473, "median": 9.344789505, "max": 287.090118408, "dmean": 7.14330816269, "dmean2": 11.2704935074, "mean": 17.0669250488, "dvar2": 351.455688477, "min": -1.85854947567}, "spectral_energyband_middle_high": {"dvar": 7.39012102713e-06, "var": 4.81402275909e-05, "median": 0.00083357503172, "max": 0.107087574899, "dmean": 0.00120484095532, "dmean2": 0.00174083537422, "mean": 0.00412889942527, "dvar2": 1.48925355461e-05, "min": 1.38665560974e-21}, "barkbands_spread": {"dvar": 22.0051898956, "var": 148.472564697, "median": 10.3878097534, "max": 105.660125732, "dmean": 3.06843447685, "dmean2": 4.6448225975, "mean": 13.0085248947, "dvar2": 46.2192306519, "min": 0.291379153728}, "mfcc": {"mean": [-763.319091797, 176.165985107, -5.55157423019, 18.4969043732, 12.474108696, 2.3117172718, 4.26249313354, 3.98307085037, 0.108662553132, 4.96751308441, 2.98442482948, 6.22014474869, 5.975730896], "cov": [[17987.0371094, 556.262573242, -3583.71166992, 1202.76721191, 863.891357422, 240.971435547, 362.984069824, 674.408996582, 376.006835938, 298.495910645, -109.369743347, 82.2711715698, 199.431869507], [556.262573242, 1920.4152832, 278.459136963, -84.9554672241, 156.179336548, 130.904693604, 204.471740723, 84.3826446533, 52.0613632202, 55.2263832092, 48.1885375977, 51.6806030273, 31.6537189484], [-3583.71166992, 278.459136963, 2072.56176758, -140.307128906, -12.7433052063, 246.88609314, 84.5021286011, 4.29955530167, 46.0880241394, -32.9984397888, 73.6093826294, 15.0148983002, -11.358127594], [1202.76721191, -84.9554672241, -140.307128906, 494.885284424, 210.706497192, 119.344482422, 47.6222686768, 110.509155273, 97.4283294678, 46.6332588196, -46.9991378784, 33.2758216858, 61.0906105042], [863.891357422, 156.179336548, -12.7433052063, 210.706497192, 337.410583496, 87.9738769531, 63.1294784546, 106.253257751, 79.3629226685, 49.2345809937, -28.9685668945, 2.34025669098, 34.0048484802], [240.971435547, 130.904693604, 246.88609314, 119.344482422, 87.9738769531, 307.156402588, 156.298065186, 111.891906738, 107.690620422, 41.6571578979, 28.8882217407, 30.5784320831, 13.8580064774], [362.984069824, 204.471740723, 84.5021286011, 47.6222686768, 63.1294784546, 156.298065186, 237.7318573, 125.399589539, 76.0458755493, 64.3243179321, 35.2279052734, 27.4079380035, 10.9255123138], [674.408996582, 84.3826446533, 4.29955530167, 110.509155273, 106.253257751, 111.891906738, 125.399589539, 198.512512207, 102.554824829, 48.959564209, 19.0066642761, 26.1372661591, 23.1094017029], [376.006835938, 52.0613632202, 46.0880241394, 97.4283294678, 79.3629226685, 107.690620422, 76.0458755493, 102.554824829, 167.16583252, 60.6781311035, 11.6464319229, 33.5854873657, 24.3795509338], [298.495910645, 55.2263832092, -32.9984397888, 46.6332588196, 49.2345809937, 41.6571578979, 64.3243179321, 48.959564209, 60.6781311035, 125.556602478, 42.0433273315, 21.5529880524, 23.1237716675], [-109.369743347, 48.1885375977, 73.6093826294, -46.9991378784, -28.9685668945, 28.8882217407, 35.2279052734, 19.0066642761, 11.6464319229, 42.0433273315, 109.998497009, 32.4234733582, -3.40239453316], [82.2711715698, 51.6806030273, 15.0148983002, 33.2758216858, 2.34025669098, 30.5784320831, 27.4079380035, 26.1372661591, 33.5854873657, 21.5529880524, 32.4234733582, 97.6857452393, 40.2710075378], [199.431869507, 31.6537189484, -11.358127594, 61.0906105042, 34.0048484802, 13.8580064774, 10.9255123138, 23.1094017029, 24.3795509338, 23.1237716675, -3.40239453316, 40.2710075378, 92.6804733276]], "icov": [[0.000126834362163, -5.06472897541e-05, 0.000229987766943, -0.00013