{"tonal": {"chords_key": "A", "hpcp_entropy": {"dmean": 0.629631519318, "dmean2": 1.05382549763, "max": 4.38645553589, "dvar": 0.279699862003, "mean": 2.28611016273, "dvar2": 0.773347854614, "min": 0, "var": 0.689043939114, "median": 2.36703372002}, "key_key": "D", "chords_strength": {"dmean": 0.00970241520554, "dmean2": 0.0096671525389, "max": 0.803594410419, "dvar": 6.96112037986e-05, "mean": 0.555787205696, "dvar2": 8.86297202669e-05, "min": 0.283847332001, "var": 0.00654811598361, "median": 0.558258473873}, "key_scale": "major", "chords_number_rate": 0.00203665997833, "thpcp": [1, 0.966589808464, 0.418111026287, 0.262338638306, 0.240257740021, 0.311686515808, 0.531132757664, 0.537193834782, 0.342196196318, 0.235314905643, 0.191907837987, 0.247688099742, 0.421489477158, 0.418720632792, 0.403741508722, 0.699374616146, 0.700148105621, 0.41009297967, 0.285469204187, 0.242485314608, 0.324405878782, 0.564388096333, 0.624826550484, 0.467543661594, 0.309380620718, 0.227702021599, 0.358868479729, 0.698505580425, 0.697730898857, 0.406706511974, 0.405140548944, 0.441093862057, 0.355043321848, 0.328441500664, 0.339925736189, 0.483911216259], "key_strength": 0.804377734661, "tuning_nontempered_energy_ratio": 0.982492625713, "tuning_frequency": 434.193115234, "chords_changes_rate": 0.0549898184836, "tuning_diatonic_strength": 0.687366604805, "chords_scale": "major", "chords_histogram": [23.9307537079, 4.11405277252, 29.5112018585, 1.95519351959, 0.875763773918, 0, 1.81262731552, 0.162932783365, 1.81262731552, 0, 0.794297337532, 0, 0, 0.448065161705, 0, 0.529531538486, 0, 7.08757638931, 0, 0.488798379898, 0.977596759796, 2.3421587944, 6.31364583969, 16.8431777954], "tuning_equal_tempered_deviation": 0.46311506629, "hpcp": {"dmean": [0.137710496783, 0.190148919821, 0.184063717723, 0.126228168607, 0.0932220742106, 0.0841064155102, 0.101122051477, 0.14031663537, 0.137525066733, 0.109135560691, 0.0780241638422, 0.0664459615946, 0.0762082561851, 0.114684797823, 0.116179294884, 0.111567020416, 0.160653233528, 0.160293608904, 0.113225825131, 0.0848784148693, 0.0776580646634, 0.0934063568711, 0.13456992805, 0.167032420635, 0.195235714316, 0.126000598073, 0.0785429105163, 0.110312275589, 0.157539904118, 0.152357712388, 0.128118991852, 0.125830605626, 0.128765016794, 0.133133143187, 0.110927812755, 0.106289274991], "dmean2": [0.241151094437, 0.324198126793, 0.31394469738, 0.222504705191, 0.16871380806, 0.150946587324, 0.178652718663, 0.237943783402, 0.238899558783, 0.191874906421, 0.138535857201, 0.11824221164, 0.133269935846, 0.195545777678, 0.199410304427, 0.189855828881, 0.267546653748, 0.266676485538, 0.193543195724, 0.147987619042, 0.135532826185, 0.160803928971, 0.224352046847, 0.289487570524, 0.361456900835, 0.231159612536, 0.137514203787, 0.186453342438, 0.260566979647, 0.257277220488, 0.221793696284, 0.224136069417, 0.232166498899, 0.240618467331, 0.197306469083, 0.185976371169], "max": [1, 1, 1, 1, 1, 1, 1, 1, 1, 1, 1, 1, 1, 1, 1, 1, 1, 1, 1, 1, 1, 1, 1, 1, 1, 1, 1, 1, 1, 1, 1, 1, 1, 1, 1, 1], "dvar": [0.0357923991978, 0.0566973462701, 0.0554810576141, 0.0365613810718, 0.0330094210804, 0.0277340225875, 0.0307298023254, 0.0438911952078, 0.0488201193511, 0.034119695425, 0.021055681631, 0.0202037207782, 0.0186528135091, 0.0299669988453, 0.0299787055701, 0.0269244480878, 0.0450640171766, 0.0438384748995, 0.0231012627482, 0.019593635574, 0.019528163597, 0.0239672064781, 0.0351946614683, 0.0420352518559, 0.0876118987799, 0.034657523036, 0.024721911177, 0.0284087695181, 0.0426751635969, 0.0471908412874, 0.0310422759503, 0.0463808067143, 0.0566698312759, 0.0552594251931, 0.0355521216989, 0.0328377559781], "mean": [0.177000269294, 0.36577013135, 0.353549689054, 0.152932524681, 0.0959556400776, 0.0878791064024, 0.114005617797, 0.194272488356, 0.196489453316, 0.12516514957, 0.0860711634159, 0.0701941549778, 0.0905969068408, 0.154168263078, 0.153155505657, 0.147676587105, 0.25581035018, 0.256093263626, 0.149999767542, 0.104416109622, 0.0886938869953, 0.118657976389, 0.206436306238, 0.228542879224, 0.171013504267, 0.113162189722, 0.0832865983248, 0.131263375282, 0.255492478609, 0.255209118128, 0.148761093616, 0.148188307881, 0.161338955164, 0.129864245653, 0.120134092867, 0.124334678054], "dvar2": [0.100489214063, 0.137352183461, 0.14086034894, 0.100807219744, 0.0924460217357, 0.0766114145517, 0.0845105499029, 0.115191780031, 0.126641497016, 0.0974256843328, 0.0584178008139, 0.0558395311236, 0.0516290254891, 0.0796611979604, 0.0798912867904, 0.0724474862218, 0.109925709665, 0.106788277626, 0.0625421255827, 0.0529445037246, 0.0531197115779, 0.0620559342206, 0.0830010697246, 0.113122105598, 0.241576075554, 0.0954718589783, 0.0659988746047, 0.0735355913639, 0.104443401098, 0.116234637797, 0.0871875956655, 0.128011107445, 0.146827921271, 0.153489068151, 0.0997254997492, 0.0874148756266], "min": [0, 0, 0, 0, 0, 0, 0, 0, 0, 0, 0, 0, 0, 0, 0, 0, 0, 0, 0, 0, 0, 0, 0, 0, 0, 0, 0, 0, 0, 0, 0, 0, 0, 0, 0, 0], "var": [0.0415689535439, 0.126171290874, 0.127776563168, 0.0363102443516, 0.0279831588268, 0.0246391985565, 0.03112892434, 0.0715401545167, 0.0782982259989, 0.0360891185701, 0.0195050723851, 0.0168856736273, 0.017690114677, 0.041084099561, 0.0407913513482, 0.0344230756164, 0.0866848602891, 0.0857532098889, 0.0305154118687, 0.0220427811146, 0.0205916557461, 0.0309840533882, 0.0632097274065, 0.0681643560529, 0.0725718066096, 0.0358860269189, 0.0270334891975, 0.0356561020017, 0.092241987586, 0.102733723819, 0.0369646139443, 0.0603337436914, 0.0815794989467, 0.051817830652, 0.034416500479, 0.0368485115469], "median": [0.108186125755, 0.211858525872, 0.190494909883, 0.0911832377315, 0.0394170023501, 0.0384349226952, 0.0499846041203, 0.076569378376, 0.0737312883139, 0.054689001292, 0.0425319820642, 0.033323854208, 0.049926660955, 0.0805756300688, 0.0786456093192, 0.084358394146, 0.124751091003, 0.127405703068, 0.0894341021776, 0.0579796507955, 0.0420855656266, 0.0605049058795, 0.103866025805, 0.112086847425, 0.0618759095669, 0.0347154550254, 0.0276777483523, 0.0586240701377, 0.10663510114, 0.0890796780586, 0.0727588161826, 0.045877661556, 0.0336378775537, 0.0408584028482, 0.0509956218302, 0.0529094189405]}}, "lowlevel": {"melbands_flatness_db": {"dmean": 0.0264428630471, "dmean2": 0.040868036449, "max": 0.56631809473, "dvar": 0.00104873371311, "mean": 0.170292556286, "dvar2": 0.00242396793328, "min": 0.00401995610446, "var": 0.0073150601238, "median": 0.139631539583}, "melbands_crest": {"dmean": 3.81778407097, "dmean2": 6.04892444611, "max": 34.0134849548, "dvar": 15.9006881714, "mean": 13.7865552902, "dvar2": 36.6489715576, "min": 1.62742364407, "var": 39.5761833191, "median": 12.3997097015}, "spectral_entropy": {"dmean": 0.110796809196, "dmean2": 0.163039326668, "max": 9.81346130371, "dvar": 0.019463589415, "mean": 7.6756606102, "dvar2": 0.0405870899558, "min": 3.92483115196, "var": 0.320399522781, "median": 7.83154010773}, "melbands": {"dmean": [0.00227784062736, 0.00114215235226, 0.00057972810464, 0.000669251661748, 0.00021474857931, 0.000215102656512, 0.0001525413536, 9.18144651223e-05, 0.000108177460788, 0.000104785343865, 5.41754925507e-05, 5.15933570568e-05, 3.24417778756e-05, 3.33056159434e-05, 3.01571035379e-05, 2.53925009019e-05, 2.0037041395e-05, 2.81560151052e-05, 2.40154986386e-05, 2.2858270313e-05, 3.05594185193e-05, 2.60989763774e-05, 1.90249666048e-05, 1.13268051791e-05, 9.28277222556e-06, 1.20729200717e-05, 5.88432612858e-06, 4.72164856546e-06, 4.90813954457e-06, 4.359309969e-06, 2.63500987785e-06, 2.14566352952e-06, 2.09785480365e-06, 1.57450722327e-06, 1.17134607081e-06, 7.88423108133e-07, 5.8025909766e-07, 5.6479120758e-07, 5.14549128638e-07, 4.54099591707e-07], "dmean2": [0.00387482228689, 0.00199299445376, 0.00101080071181, 0.0011193533428, 0.000367901404388, 0.000350084214006, 0.00023888538999, 0.00014315766748, 0.000164230965311, 0.000158942872076, 8.38415435283e-05, 8.03208240541e-05, 5.18982451467e-05, 5.26887451997e-05, 4.79860718769e-05, 4.12828449043e-05, 3.18989550578e-05, 4.5008106099e-05, 3.9122387534e-05, 3.80579440389e-05, 5.12211918249e-05, 4.33063614764e-05, 3.20119215758e-05, 1.8878505216e-05, 1.54960471264e-05, 2.02284918487e-05, 9.76019146037e-06, 7.84749499871e-06, 8.01346232038e-06, 7.1000799835e-06, 4.23229312219e-06, 3.34073774866e-06, 3.17724607157e-06, 2.39181463257e-06, 1.79211247087e-06, 1.17216450235e-06, 8.67488608947e-07, 7.98732742169e-07, 7.27058193206e-07, 6.36153913547e-07], "max": [0.0513948984444, 0.0221682079136, 0.0181502774358, 0.0299022253603, 0.00521081732586, 0.00794304441661, 0.00841612089425, 0.00869898311794, 0.010178104043, 0.0102183530107, 0.0047600553371, 0.00374117936008, 0.00259242416359, 0.00329048349522, 0.00222391495481, 0.00211794488132, 0.00174636091106, 0.00106272450648, 0.000873894314282, 0.00117809406947, 0.000862292537931, 0.000619518512394, 0.00053135532653, 0.00051444087876, 0.000230380232097, 0.00045749504352, 0.000227278651437, 0.000168176004081, 0.000170285944478, 0.000184463846381, 8.47926712595e-05, 7.88177421782e-05, 7.35085559427e-05, 4.86001554236e-05, 6.7676010076e-05, 4.59952389065e-05, 5.39549619134e-05, 5.11827602168e-05, 6.74469920341e-05, 9.42353799473e-05], "dvar": [4.63360884169e-05, 7.63913158153e-06, 1.07568871499e-06, 3.68160749531e-06, 1.97619698383e-07, 1.71302531271e-07, 9.432559267e-08, 7.02394800101e-08, 1.16382736337e-07, 9.13561279958e-08, 1.47743799417e-08, 8.6920222131e-09, 4.10170830634e-09, 4.82305972938e-09, 3.94072818821e-09, 2.98729840864e-09, 1.90306592707e-09, 2.2184232229e-09, 1.29757860012e-09, 1.66180313954e-09, 2.05857397795e-09, 1.28253629939e-09, 8.08487776727e-10, 3.24055560164e-10, 1.58729293598e-10, 3.22444904111e-10, 7.43585470975e-11, 5.14985901146e-11, 6.16972584133e-11, 5.46151492087e-11, 2.39634093818e-11, 1.85138519099e-11, 1.51321819658e-11, 8.4822045221e-12, 5.84938391127e-12, 3.39947514583e-12, 2.53107560952e-12, 2.62724629378e-12, 2.06808702108e-12, 2.86362968928e-12], "mean": [0.00173680123407, 0.00134825170971, 0.000839504355099, 0.000849666423164, 0.000334903743351, 0.000366331078112, 0.000282833061647, 0.000157546048285, 0.000194605861907, 0.000207764082006, 9.79364995146e-05, 9.57350857789e-05, 6.09067246842e-05, 6.61685189698e-05, 6.27855406492e-05, 4.71892926726e-05, 3.8292411773e-05, 5.50492077309e-05, 5.23473499925e-05, 4.82168434246e-05, 6.36391050648e-05, 6.03822190897e-05, 4.13455200032e-05, 2.48926844506e-05, 2.24612849706e-05, 2.89840536425e-05, 1.47046157508e-05, 1.13075620902e-05, 1.16518467621e-05, 1.01600817288e-05, 5.68690984437e-06, 4.41092106485e-06, 4.6421891966e-06, 3.49154811374e-06, 2.44167995334e-06, 1.59028593316e-06, 1.20748245536e-06, 1.11396605007e-06, 1.06209449768e-06, 9.08649951725e-07], "dvar2": [0.000120504329971, 2.02779956453e-05, 2.96275925393e-06, 9.82142137218e-06, 5.47314925825e-07, 4.36472419096e-07, 2.07886529324e-07, 1.55472704932e-07, 2.2508965003e-07, 1.95687462679e-07, 3.2834719832e-08, 1.97597103124e-08, 8.66931504362e-09, 1.05948778639e-08, 9.84386350211e-09, 7.93960186485e-09, 4.20938217616e-09, 5.52066881099e-09, 3.29068328142e-09, 4.31578239812e-09, 5.48322720562e-09, 3.41179529073e-09, 2.24575869012e-09, 8.08387023987e-10, 4.1319844768e-10, 8.68510097174e-10, 1.99780719745e-10, 1.39197223192e-10, 1.54733559299e-10, 1.40353062505e-10, 5.80964339136e-11, 4.23328525012e-11, 3.2157203983e-11, 1.75054363366e-11, 1.21918872567e-11, 6.80868165667e-12, 4.92397745841e-12, 5.22124184166e-12, 3.4847905811e-12, 4.52815519456e-12], "min": [2.58198552457e-24, 1.43348253823e-24, 2.5664729693e-24, 2.81116204209e-24, 1.71759730134e-24, 1.13663999744e-24, 3.81807060962e-24, 2.33065680675e-24, 2.17351650329e-24, 2.71143444367e-24, 1.93463324954e-24, 3.07034958947e-24, 2.47307361306e-24, 3.66676827129e-24, 3.62144742343e-24, 4.22279096388e-24, 4.03803934545e-24, 3.3078000746e-24, 4.38896056926e-24, 4.18322485632e-24, 3.1412662127e-24, 2.73594809909e-24, 3.98213513968e-24, 5.30280741301e-24, 6.62102475121e-24, 4.15083264983e-24, 5.76601588694e-24, 5.14456073213e-24, 6.55100032967e-24, 5.38317104001e-24, 6.507008318e-24, 6.07179848975e-24, 6.17260031951e-24, 5.8591953482e-24, 5.4414406452e-24, 7.5550762949e-24, 7.04125489973e-24, 7.71742623578e-24, 6.86713515414e-24, 6.19220154086e-24], "var": [3.47298264387e-05, 6.11686346019e-06, 1.11056408514e-06, 3.14890826303e-06, 2.18588354528e-07, 3.51825406142e-07, 2.21456829763e-07, 1.1302599745e-07, 2.43740828409e-07, 1.85136244113e-07, 3.15253707583e-08, 1.66268563362e-08, 1.02502983879e-08, 9.68155600134e-09, 7.55601536895e-09, 5.09623943046e-09, 3.833037443e-09, 5.02040542472e-09, 2.9646536337e-09, 3.05627767538e-09, 4.73214800678e-09, 3.6616807364e-09, 2.10343698015e-09, 9.00515884084e-10, 4.688173183e-10, 9.51666190296e-10, 2.31164781761e-10, 1.43373271588e-10, 2.0179072302e-10, 1.76249959072e-10, 5.5225886364e-11, 4.00470177853e-11, 4.26774136864e-11, 2.3070025057e-11, 1.41548101365e-11, 8.18352330345e-12, 6.68109014293e-12, 6.26116389638e-12, 6.13415828549e-12, 8.03928711796e-12], "median": [0.000148457183968, 0.000623810570687, 0.000564777350519, 0.000371039961465, 0.000186873643543, 0.0001552872709, 0.000136208400363, 7.72780767875e-05, 8.1545280409e-05, 8.08541517472e-05, 4.69494989375e-05, 6.1923499743e-05, 3.76230200345e-05, 4.41788870376e-05, 4.50892803201e-05, 3.15275647154e-05, 2.58910258708e-05, 3.54791445716e-05, 4.2255876906e-05, 3.90695568058e-05, 5.0211463531e-05, 5.09701494593e-05, 3.21600564348e-05, 1.83424817806e-05, 1.94253225345e-05, 2.28738117585e-05, 1.22278952404e-05, 9.43021768762e-06, 8.40639768285e-06, 6.55345047562e-06, 3.26793815475e-06, 1.99220994546e-06, 2.00570684683e-06, 1.70819726009e-06, 1.23048869227e-06, 6.8982438961e-07, 5.37697076197e-07, 3.81761054769e-07, 4.06328354075e-07, 3.45563961446e-07]}, "silence_rate_60dB": {"dmean": 0.0132409855723, "dmean2": 0.0264846701175, "max": 1, "dvar": 0.0130656454712, "mean": 0.0936958938837, "dvar2": 0.0298583004624, "min": 0, "var": 0.0849173814058, "median": 0}, "spectral_energyband_middle_high": {"dmean": 0.00136342586484, "dmean2": 0.00213896948844, "max": 0.0378004983068, "dvar": 3.06069182443e-06, "mean": 0.00650571333244, "dvar2": 7.37749496693e-06, "min": 1.20619896975e-21, "var": 2.38235497818e-05, "median": 0.00690056197345}, "erbbands_skewness": {"dmean": 0.28835478425, "dmean2": 0.443417429924, "max": 7.41900396347, "dvar": 0.100639380515, "mean": 0.0307676978409, "dvar2": 0.217501670122, "min": -2.70803308487, "var": 0.89227604866, "median": -0.239344388247}, "dynamic_complexity": 3.3070037365, "dissonance": {"dmean": 0.0131252547726, "dmean2": 0.0219094138592, "max": 0.500000119209, "dvar": 0.000367417203961, "mean": 0.470146507025, "dvar2": 0.000987457926385, "min": 0, "var": 0.0015936170239, "median": 0.483091503382}, "spectral_skewness": {"dmean": 0.18801151216, "dmean2": 0.303732037544, "max": 7.09434175491, "dvar": 0.052049074322, "mean": 1.60584461689, "dvar2": 0.130886897445, "min": -0.0965337157249, "var": 0.432542681694, "median": 1.46730971336}, "spectral_kurtosis": {"dmean": 1.49301242828, "dmean2": 2.48341035843, "max": 69.8215789795, "dvar": 5.97850704193, "mean": 5.72217226028, "dvar2": 16.1804504395, "min": -1.27980291843, "var": 27.5377426147, "median": 4.66310024261}, "gfcc": {"cov": [[19837.8046875, -1643.78369141, -1648.09936523, 941.31628418, -44.0049476624, 354.740234375, -73.5821151733, 234.209609985, -312.513916016, -32.6723022461, -528.887512207, 49.9048957825, -493.9324646], [-1643.78369141, 1351.29528809, -317.500762939, -14.324057579, 57.7174263, -140.901550293, 29.7246131897, -62.2467269897, 73.1014480591, -58.5018463135, 121.495407104, -70.9582824707, 128.446716309], [-1648.09936523, -317.500762939, 1262.68395996, -122.65448761, 78.8375244141, 160.804718018, 39.2176856995, 13.2107753754, 18.6945285797, 74.6196899414, 21.4590339661, 58.8378601074, -77.7062530518], [941.31628418, -14.324057579, -122.65448761, 503.75869751, 165.858215332, 112.398719788, 73.0381317139, 41.60338974, 8.4276266098, -26.837934494, -13.8853235245, -26.4522438049, -34.4577445984], [-44.0049476624, 57.7174263, 78.8375244141, 165.858215332, 452.484680176, 43.6789360046, 148.008911133, 79.9277191162, 18.9549312592, 21.1797294617, 22.4877490997, 28.4218425751, -28.9262523651], [354.740234375, -140.901550293, 160.804718018, 112.398719788, 43.6789360046, 213.757720947, 60.0589485168, 41.1512069702, 8.03524589539, 6.55064249039, -14.5080738068, -17.741476059, -51.7797813416], [-73.5821151733, 29.7246131897, 39.2176856995, 73.0381317139, 148.008911133, 60.0589485168, 172.56413269, 63.6805419922, 36.8417129517, 20.509563446, 10.668296814, 13.4496393204, -24.0463829041], [234.209609985, -62.2467269897, 13.2107753754, 41.60338974, 79.9277191162, 41.1512069702, 63.6805419922, 110.183708191, 35.2895393372, 27.2306194305, 5.7125415802, 9.96438026428, -11.7564840317], [-312.513916016, 73.1014480591, 18.6945285797, 8.4276266098, 18.9549312592, 8.03524589539, 36.8417129517, 35.2895393372, 88.1403198242, 30.3979873657, 20.7586841583, -0.159965008497, 11.7540254593], [-32.6723022461, -58.5018463135, 74.6196899414, -26.837934494, 21.1797294617, 6.55064249039, 20.509563446, 27.2306194305, 30.3979873657, 73.2491149902, 25.5402088165, 20.3424835205, -3.06361413002], [-528.887512207, 121.495407104, 21.4590339661, -13.8853235245, 22.4877490997, -14.5080738068, 10.668296814, 5.7125415802, 20.7586841583, 25.5402088165, 85.1840209961, 27.7986183167, 32.726272583], [49.9048957825, -70.9582824707, 58.8378601074, -26.4522438049, 28.4218425751, -17.741476059, 13.4496393204, 9.96438026428, -0.159965008497, 20.3424835205, 27.7986183167, 75.2961273193, 17.4591598511], [-493.9324646, 128.446716309, -77.7062530518, -34.4577445984, -28.9262523651, -51.7797813416, -24.0463829041, -11.7564840317, 11.7540254593, -3.06361413002, 32.726272583, 17.4591598511, 92.1631774902]], "mean": [5.59449481964, 72.6125717163, -116.800605774, 23.4524917603, -47.4571647644, -0.437635153532, -35.1728401184, 3.26890540123, -23.1308135986, -0.69022667408, -20.2014923096, 0.807947397232, -12.0448589325], "icov": [[0.000124214973766, -3.9955462853e-05, 0.000232094782405, -0.000174656670424, 8.05698437034e-05, -0.000215082181967, 0.000273570476566, -0.000294700701488, 0.00033207796514, -0.000399548123823, 0.000713980407454, -0.000753186468501, 0.000623536179774], [-3.9955462853e-05, 0.00153393729124, 5.73623292439e-05, 0.000235650353716, -0.000433488574345, 0.000730497471523, -0.000848809082527, 0.0011187925702, -0.00131760479417, 0.00181716110092, -0.0027262896765, 0.00267031602561, -0.00132921815384], [0.000232094782405, 5.73623292439e-05, 0.00156855431851, 0.000199263260583, -0.000205361036933, -0.00144941860344, 0.000766495417338, 0.000110987137305, 0.000148533246829, -0.00117079133634, 0.000992076587863, -0.00216019689105, 0.0018953847466], [-0.000174656670424, 0.000235650353716, 0.000199263260583, 0.003178184852, -0.00122918793932, -0.00127323740162, -0.000336805358529, 0.000592204451095, -0.00111337273847, 0.0019066123059, -0.00142892473377, 0.00159623741638, -0.000611289113294], [8.05698437034e-05, -0.000433488574345, -0.000205361036933, -0.00122918793932, 0.00384737853892, 0.00068694318179, -0.00219126837328, -0.00177606265061, 0.00155048386659, -0.000739185197745, 0.000393981055822, -0.00160403188784, 0.00114008178934], [-0.000215082181967, 0.000730497471523, -0.00144941860344, -0.00127323740162, 0.00068694318179, 0.00832836423069, -0.00271072378382, -0.00102080323268, -0.000276082544588, 0.00150230294093, -0.00248416559771, 0.00426883716136, 0.000346931017702], [0.000273570476566, -0.000848809082527, 0.000766495417338, -0.000336805358529, -0.00219126837328, -0.00271072378382, 0.0113502955064, -0.0034547438845, -0.00175740907434, -0.00119567848742, 0.0024442684371, -0.00450981874019, 0.00365025852807], [-0.000294700701488, 0.0011187925702, 0.000110987137305, 0.000592204451095, -0.00177606265061, -0.00102080323268, -0.0034547438845, 0.0154315717518, -0.00524560036138, -0.00102714984678, -0.00193162937649, 0.00179755105637, -0.00190727459267], [0.00033207796514, -0.00131760479417, 0.000148533246829, -0.00111337273847, 0.00155048386659, -0.000276082544588, -0.00175740907434, -0.00524560036138, 0.0185773130506, -0.00788246653974, 0.00197967118584, 1.43315919559e-05, -0.00080808554776], [-0.000399548123823, 0.00181716110092, -0.00117079133634, 0.0019066123059, -0.000739185197745, 0.00150230294093, -0.00119567848742, -0.00102714984678, -0.00788246653974, 0.0237788110971, -0.00957454647869, 0.00161260028835, 0.000110951390525], [0.000713980407454, -0.0027262896765, 0.000992076587863, -0.00142892473377, 0.000393981055822, -0.00248416559771, 0.0024442684371, -0.00193162937649, 0.00197967118584, -0.00957454647869, 0.025236081332, -0.0119076976553, -0.000228493852774], [-0.000753186468501, 0.00267031602561, -0.00216019689105, 0.00159623741638, -0.00160403188784, 0.00426883716136, -0.00450981874019, 0.00179755105637, 1.43315919559e-05, 0.00161260028835, -0.0119076976553, 0.0267297346145, -0.00881868507713], [0.000623536179774, -0.00132921815384, 0.0018953847466, -0.000611289113294, 0.00114008178934, 0.000346931017702, 0.00365025852807, -0.00190727459267, -0.00080808554776, 0.000110951390525, -0.000228493852774, -0.00881868507713, 0.0205344036222]]}, "spectral_complexity": {"dmean": 3.35322880745, "dmean2": 5.40939188004, "max": 59, "dvar": 12.655632019, "mean": 28.6573982239, "dvar2": 29.9019908905, "min": 0, "var": 234.777496338, "median": 35}, "spectral_flux": {"dmean": 0.0300960298628, "dmean2": 0.0475044436753, "max": 0.361475914717, "dvar": 0.00212697708048, "mean": 0.0872936621308, "dvar2": 0.00448347767815, "min": 6.38826283539e-11, "var": 0.00401143962517, "median": 0.0743889436126}, "spectral_energyband_low": {"dmean": 0.00898327678442, "dmean2": 0.0150299957022, "max": 0.170638367534, "dvar": 0.000539987988304, "mean": 0.00925479549915, "dvar2": 0.00136565603316, "min": 2.02051779847e-23, "var": 0.000449420884252, "median": 0.00334075954743}, "spectral_decrease": {"dmean": 3.2865747901e-09, "dmean2": 5.37602273809e-09, "max": 9.68664444113e-21, "dvar": 3.92870854683e-17, "mean": -6.38680219822e-09, "dvar2": 9.822777715e-17, "min": -4.54284219131e-08, "var": 4.16053021483e-17, "median": -5.03448438494e-09}, "barkbands_spread": {"dmean": 5.44377422333, "dmean2": 8.72268390656, "max": 118.928207397, "dvar": 43.458896637, "mean": 28.164018631, "dvar2": 106.323387146, "min": 0.301263809204, "var": 212.422088623, "median": 30.2928943634}, "spectral_rms": {"dmean": 0.000963481026702, "dmean2": 0.00149718660396, "max": 0.01304849796, "dvar": 2.17557635551e-06, "mean": 0.00459776632488, "dvar2": 5.05750813318e-06, "min": 3.19060229625e-12, "var": 4.66760593554e-06, "median": 0.00459075858817}, "spectral_centroid": {"dmean": 205.43170166, "dmean2": 328.702697754, "max": 11731.0546875, "dvar": 60869.7304688, "mean": 1690.93286133, "dvar2": 145269.8125, "min": 195.00402832, "var": 705729.875, "median": 1884.72668457}, "barkbands_skewness": {"dmean": 0.593908965588, "dmean2": 0.932776927948, "max": 14.3396501541, "dvar": 0.660493850708, "mean": 1.3307403326, "dvar2": 1.62918424606, "min": -4.84445524216, "var": 2.47131419182, "median": 0.850412249565}, "spectral_rolloff": {"dmean": 511.364135742, "dmean2": 835.397155762, "max": 19681.3476562, "dvar": 683641.6875, "mean": 2097.43774414, "dvar2": 1401772, "min": 64.599609375, "var": 3290498.5, "median": 2282.51953125}, "erbbands_spread": {"dmean": 6.80716609955, "dmean2": 10.468003273, "max": 151.16633606, "dvar": 58.2589645386, "mean": 38.2542266846, "dvar2": 122.650604248, "min": 0.750406265259, "var": 340.325561523, "median": 35.5827026367}, "barkbands": {"dmean": [0.000470140221296, 0.00742379389703, 0.00141208618879, 0.00109992583748, 0.00264721503481, 0.0010753152892, 0.000676250027027, 0.000529286509845, 0.000706463644747, 0.000361390179023, 0.000233357786783, 0.000304946181132, 0.000257048872299, 0.000231450292631, 0.000347174413037, 0.000400701537728, 0.000397495110519, 0.00023422864615, 0.000254538870649, 0.000139544747071, 0.000149412895553, 9.79769902187e-05, 6.61535741528e-05, 4.41049160145e-05, 3.86053216062e-05, 2.99324346997e-05, 1.48285662362e-05], "dmean2": [0.000683345191646, 0.0127720432356, 0.0024538685102, 0.00195309414994, 0.00439674593508, 0.00176193274092, 0.00105214165524, 0.000819027307443, 0.00106886296999, 0.000569365045521, 0.000373559189029, 0.000480688322568, 0.00042005899013, 0.000368989189155, 0.000561865104828, 0.000668577791657, 0.000661457306705, 0.00038845371455, 0.000425961334258, 0.000232083431911, 0.00024105317425, 0.000146611928358, 9.86384548014e-05, 6.17415498709e-05, 5.20703506481e-05, 4.61449926661e-05, 2.35021107073e-05], "max": [0.0100901192054, 0.157807767391, 0.0301212444901, 0.0477641522884, 0.112686470151, 0.0345687232912, 0.0400236956775, 0.0504449866712, 0.0527385920286, 0.0262056197971, 0.0158203355968, 0.0217029750347, 0.0154281156138, 0.0176062975079, 0.0134555855766, 0.017160050571, 0.00986345671117, 0.00786804407835, 0.00880035944283, 0.00501079671085, 0.00539900828153, 0.00321125215851, 0.00289727887139, 0.00313278380781, 0.00522261299193, 0.00135937333107, 0.000331451912643], "dvar": [1.5567806031e-06, 0.000484117364977, 7.02182251189e-06, 4.2880028559e-06, 5.39236389159e-05, 3.82456573789e-06, 2.34081176131e-06, 2.9344446375e-06, 3.51381004293e-06, 4.35285727463e-07, 2.02201491106e-07, 3.30440855123e-07, 3.13491568704e-07, 2.28708316286e-07, 2.79717113472e-07, 3.88477616298e-07, 2.87008447231e-07, 1.19609239846e-07, 1.34861451784e-07, 4.10883984614e-08, 6.08915584621e-08, 3.44177237821e-08, 1.73969603168e-08, 1.35123841005e-08, 1.54755923631e-08, 2.58903853911e-09, 5.62990820629e-10], "mean": [0.000429345760494, 0.00577513733879, 0.00223144027404, 0.00145312957466, 0.00345251010731, 0.00183910527267, 0.00117870536633, 0.000855369493365, 0.00139179907274, 0.000644564745016, 0.000425092526712, 0.00061765051214, 0.000463987555122, 0.000441881333245, 0.000734533765353, 0.000869898707606, 0.000980672310106, 0.000564316404052, 0.000673172471579, 0.000377207557904, 0.000387363601476, 0.000228324948694, 0.000150380874402, 9.75580405793e-05, 8.61589869601e-05, 7.13268455002e-05, 3.08038834191e-05], "dvar2": [3.35821346198e-06, 0.0012715915218, 2.00064314413e-05, 1.21330776892e-05, 0.000142240562127, 9.82764413493e-06, 5.07846834807e-06, 5.81389349463e-06, 7.47098420106e-06, 1.01510397599e-06, 4.41194032419e-07, 7.50135654926e-07, 8.22808829071e-07, 5.11173084305e-07, 6.92094602073e-07, 1.03699733245e-06, 7.84378926255e-07, 3.06796437144e-07, 3.6087064359e-07, 1.08693853917e-07, 1.52762169137e-07, 7.12967960226e-08, 3.38302896807e-08, 2.37977229034e-08, 2.19917453137e-08, 6.02649397052e-09, 1.380208281e-09], "min": [4.24636676229e-25, 7.6263475111e-24, 1.21246264525e-24, 3.62759777747e-24, 1.13469358177e-23, 8.06025256341e-24, 1.64561954187e-23, 1.74457709372e-23, 2.6054507444e-23, 1.42919460589e-23, 8.76633908271e-24, 2.18183811809e-23, 3.78510072029e-23, 4.44022919169e-23, 5.73789528336e-23, 4.66930051462e-23, 5.04584275734e-23, 1.14650759424e-22, 9.7401589979e-23, 2.10275443369e-22, 2.81659113273e-22, 3.7834541467e-22, 4.45387282504e-22, 6.70283069993e-22, 9.14697371493e-22, 1.46272704455e-21, 2.24249088155e-21], "var": [1.73543344317e-06, 0.000353895302396, 8.43277666718e-06, 3.99208056479e-06, 4.70893501188e-05, 7.4104164014e-06, 5.0864809964e-06, 5.55520045964e-06, 7.45057832319e-06, 7.95065545844e-07, 4.69191292041e-07, 7.14232385235e-07, 4.85222926727e-07, 4.45988121101e-07, 6.64116214466e-07, 8.51800507462e-07, 9.0046052037e-07, 3.81604252198e-07, 4.54541151385e-07, 1.36685784469e-07, 2.12632755847e-07, 9.82285328632e-08, 4.82001993873e-08, 4.02649256159e-08, 5.2481496482e-08, 8.27749424559e-09, 1.61340485416e-09], "median": [6.51601112622e-06, 0.000646555214189, 0.00132136465982, 0.000976157898549, 0.00165571016259, 0.000842145178467, 0.000490888021886, 0.000325720640831, 0.000586899812333, 0.000398533418775, 0.000245681381784, 0.000415170245105, 0.00030310213333, 0.000291719508823, 0.000554056372494, 0.000711005355697, 0.000856077531353, 0.000452523527201, 0.000571574666537, 0.000337707315339, 0.00026898062788, 0.00010144127009, 7.75221633376e-05, 3.99712153012e-05, 3.85927232855e-05, 3.56881646439e-05, 9.98117411655e-06]}, "melbands_kurtosis": {"dmean": 8.05549430847, "dmean2": 13.369351387, "max": 590.786010742, "dvar": 378.302398682, "mean": 13.7790679932, "dvar2": 1020.44555664, "min": -1.59953904152, "var": 1365.55773926, "median": 3.6145772934}, "erbbands_crest": {"dmean": 1.93211174011, "dmean2": 3.11348819733, "max": 30.0116024017, "dvar": 4.49229240417, "mean": 7.65388298035, "dvar2": 10.6162233353, "min": 2.16683363914, "var": 20.8129825592, "median": 6.11374759674}, "melbands_skewness": {"dmean": 0.807422876358, "dmean2": 1.26860666275, "max": 18.8538341522, "dvar": 1.23497867584, "mean": 2.43278288841, "dvar2": 2.94602155685, "min": -2.02978467941, "var": 3.82925772667, "median": 1.83892774582}, "spectral_energyband_middle_low": {"dmean": 0.00480451947078, "dmean2": 0.00783362984657, "max": 0.125697210431, "dvar": 9.08137881197e-05, "mean": 0.0103123961017, "dvar2": 0.000232813617913, "min": 1.44849604431e-22, "var": 0.000108448439278, "median": 0.00791697856039}, "spectral_contrast_coeffs": {"dmean": [0.0521295331419, 0.0438682474196, 0.0342983603477, 0.0267784185708, 0.0201031081378, 0.0165246129036], "dmean2": [0.083837851882, 0.0709392875433, 0.0551926977932, 0.0437454842031, 0.03257830441, 0.0260613076389], "max": [-0.307354420424, -0.407573074102, -0.452741622925, -0.565613746643, -0.564681828022, -0.61480730772], "dvar": [0.00209774705581, 0.00129397062119, 0.000781368347816, 0.000457108981209, 0.000266192510026, 0.000227414406254], "mean": [-0.627979338169, -0.735285699368, -0.776994585991, -0.794868171215, -0.784695148468, -0.746040284634], "dvar2": [0.00516939535737, 0.00327884871513, 0.00192451942712, 0.00119282468222, 0.000676283321809, 0.000529655022547], "min": [-0.976625740528, -0.998373985291, -0.994926035404, -0.996791601181, -0.962563574314, -0.989563882351], "var": [0.00729447416961, 0.0068079335615, 0.00379809038714, 0.0020451284945, 0.00187873118557, 0.00257608131506], "median": [-0.626581907272, -0.747169494629, -0.782736122608, -0.795619487762, -0.782958865166, -0.736629068851]}, "spectral_contrast_valleys": {"dmean": [0.415534615517, 0.321344166994, 0.277923583984, 0.232943356037, 0.212357208133, 0.216515436769], "dmean2": [0.668056190014, 0.526729166508, 0.448756098747, 0.370468080044, 0.333057522774, 0.305789291859], "max": [-5.15446233749, -4.85005235672, -5.23314142227, -5.51546812057, -5.58259773254, -7.76223754883], "dvar": [0.15064099431, 0.0940598621964, 0.0764598250389, 0.0647925063968, 0.0880207642913, 0.092804402113], "mean": [-7.59278869629, -6.84127140045, -7.27068996429, -7.47100067139, -7.3518204689, -10.2136297226], "dvar2": [0.339918524027, 0.211070030928, 0.15626861155, 0.120299614966, 0.17255602777, 0.164121031761], "min": [-28.0334758759, -27.8331108093, -27.6649932861, -27.5672683716, -27.7035293579, -27.409860611], "var": [2.46069049835, 2.37407660484, 2.54998803139, 2.90295767784, 3.2040271759, 2.66065979004], "median": [-7.30427217484, -6.52734184265, -6.88044071198, -6.91871929169, -6.67137336731, -9.80773544312]}, "silence_rate_20dB": {"dmean": 0, "dmean2": 0, "max": 1, "dvar": 0, "mean": 1, "dvar2": 0, "min": 1, "var": 0, "median": 1}, "silence_rate_30dB": {"dmean": 0.00733346911147, "dmean2": 0.0146684320644, "max": 1, "dvar": 0.00727933226153, "mean": 0.996129930019, "dvar2": 0.0213786568493, "min": 0, "var": 0.0038552894257, "median": 1}, "spectral_strongpeak": {"dmean": 0.441698938608, "dmean2": 0.754420340061, "max": 9.23108673096, "dvar": 0.509412288666, "mean": 0.733778834343, "dvar2": 1.33513271809, "min": 0, "var": 0.696363985538, "median": 0.465235382318}, "spectral_spread": {"dmean": 413347.8125, "dmean2": 600509, "max": 49374752, "dvar": 485764661248, "mean": 4564493.5, "dvar2": 845184106496, "min": 1188192.75, "var": 6187889197060.0, "median": 4143465.5}, "barkbands_flatness_db": {"dmean": 0.0201323982328, "dmean2": 0.0320188850164, "max": 0.449256777763, "dvar": 0.000603137130383, "mean": 0.108127392828, "dvar2": 0.00152402755339, "min": 0.021498626098, "var": 0.00466097379103, "median": 0.0824575126171}, "pitch_salience": {"dmean": 0.0759021118283, "dmean2": 0.123537123203, "max": 0.998499155045, "dvar": 0.00701843388379, "mean": 0.576824903488, "dvar2": 0.0175845120102, "min": 0.0942535549402, "var": 0.0165484771132, "median": 0.604313611984}, "erbbands_kurtosis": {"dmean": 0.936941325665, "dmean2": 1.45260643959, "max": 130.563186646, "dvar": 8.91323566437, "mean": 0.708274126053, "dvar2": 18.2249336243, "min": -1.78206562996, "var": 19.9603118896, "median": -0.149392366409}, "average_loudness": 0.93516689539, "barkbands_crest": {"dmean": 2.98885726929, "dmean2": 4.81781339645, "max": 26.0606384277, "dvar": 12.756228447, "mean": 9.09642887115, "dvar2": 30.4906253815, "min": 2.29462552071, "var": 29.4478855133, "median": 7.3101401329}, "hfc": {"dmean": 5.20041465759, "dmean2": 7.92911148071, "max": 127.306922913, "dvar": 52.7095985413, "mean": 25.8755073547, "dvar2": 112.4920578, "min": 1.13275568921e-16, "var": 341.787414551, "median": 25.6829586029}, "barkbands_kurtosis": {"dmean": 3.53402662277, "dmean2": 5.80476760864, "max": 281.723846436, "dvar": 99.7301330566, "mean": 4.78828716278, "dvar2": 250.571807861, "min": -1.85389256477, "var": 252.300765991, "median": -0.21999001503}, "erbbands": {"dmean": [0.286191761494, 1.40615487099, 1.57595098019, 2.99230885506, 7.62443113327, 8.64167022705, 5.91758584976, 10.0184783936, 9.98663711548, 8.43129825592, 12.9963741302, 16.8397769928, 10.9450263977, 12.1288022995, 9.04672431946, 12.8724164963, 11.9059257507, 10.5377540588, 17.7545490265, 15.0069208145, 22.4623565674, 21.0825862885, 12.8436908722, 10.6165361404, 11.327129364, 6.38647508621, 6.98122930527, 4.77519512177, 3.60184454918, 2.90656089783, 1.77517855167, 0.979209303856, 0.758823752403, 0.520712912083, 0.23986017704, 0.129270330071, 0.0553627721965, 0.0193230863661, 0.00227580103092, 0.000113742724352], "dmean2": [0.484928101301, 2.50508165359, 2.73246788979, 5.31638622284, 12.6985692978, 14.8207368851, 9.95815658569, 16.2831821442, 15.7605161667, 13.1165895462, 19.8132209778, 25.4373474121, 16.8521327972, 18.8319568634, 14.5477695465, 20.0769481659, 19.2342071533, 16.7686004639, 28.3207187653, 24.8078727722, 37.638671875, 35.0119895935, 21.41547966, 17.661485672, 19.0316638947, 10.6033849716, 11.3581733704, 7.64512395859, 5.52225399017, 4.32233667374, 2.64426493645, 1.4266397953, 1.03948760033, 0.714605629444, 0.334066331387, 0.199551299214, 0.0862727016211, 0.0308139007539, 0.00358866597526, 0.000177294947207], "max": [6.76632833481, 29.1824893951, 34.9347190857, 118.951461792, 290.021850586, 423.820861816, 194.256698608, 411.489898682, 500.358551025, 732.647705078, 1296.0246582, 1664.03723145, 977.789611816, 804.894104004, 689.637939453, 679.435913086, 657.064147949, 921.04296875, 748.288024902, 615.901245117, 808.385131836, 473.118591309, 402.978820801, 312.296417236, 516.942749023, 270.238189697, 270.179321289, 158.86618042, 111.868888855, 102.090797424, 85.0198516846, 75.9766235352, 66.7406768799, 82.8477401733, 51.9574737549, 9.26230621338, 1.41480851173, 0.468745738268, 0.0441894680262, 0.00220245798118], "dvar": [0.740826070309, 17.72224617, 10.2505550385, 32.3906822205, 442.674072266, 554.73449707, 143.183013916, 396.131225586, 405.754486084, 616.624267578, 1820.33166504, 2567.27124023, 589.030273438, 468.827423096, 373.297119141, 485.728057861, 511.696563721, 545.477844238, 825.745056152, 518.597595215, 1120.7857666, 780.930236816, 343.943389893, 212.504714966, 301.074188232, 93.9211502075, 134.711273193, 70.1413497925, 47.5986404419, 29.4799213409, 13.4102268219, 6.31181716919, 4.43151521683, 2.95645284653, 0.723676919937, 0.0671086907387, 0.00797433685511, 0.00106611871161, 1.28838892124e-05, 3.21604645137e-08], "mean": [0.215001285076, 1.10980319977, 2.40934300423, 4.32309389114, 9.09717941284, 11.6763381958, 9.31104660034, 16.9751319885, 18.3041725159, 14.6329975128, 22.7889957428, 34.0089225769, 20.9663639069, 23.7427253723, 18.3281841278, 27.4452400208, 23.8127403259, 22.0733947754, 36.890537262, 35.8610916138, 51.8342323303, 55.7850036621, 33.8719367981, 29.1059703827, 31.4487094879, 17.9997806549, 18.3515415192, 11.8965568542, 8.27042388916, 6.85811328888, 3.96201133728, 2.17520308495, 1.60761785507, 1.11357808113, 0.527680516243, 0.294438809156, 0.12926068902, 0.0408816635609, 0.00478998152539, 0.000248187658144], "dvar2": [1.90434408188, 47.9570274353, 27.9862384796, 93.6888656616, 1146.08154297, 1532.96765137, 386.184967041, 1002.08605957, 916.385375977, 1397.92492676, 3524.16186523, 5517.94824219, 1302.36645508, 1058.14990234, 817.460571289, 1122.17700195, 1324.84216309, 1225.6673584, 2033.16882324, 1298.50671387, 2986.82177734, 2097.64282227, 904.42376709, 550.747680664, 816.600585938, 253.07232666, 333.056549072, 171.994049072, 103.706077576, 59.3467903137, 26.3720779419, 11.6548252106, 8.08197307587, 4.56172227859, 1.04322659969, 0.146084979177, 0.0191433131695, 0.00270009599626, 3.13768687192e-05, 7.55157643084e-08], "min": [3.21743066999e-22, 6.1169072287e-22, 2.85630090133e-21, 1.07112247598e-20, 3.01143018377e-20, 3.74279355458e-20, 4.97710083241e-20, 5.08777016667e-20, 2.19691390026e-19, 2.3986363683e-19, 3.44395174621e-19, 5.13638525148e-19, 3.97676979803e-19, 7.79423753478e-19, 1.22448435295e-18, 1.27782685251e-18, 2.0918138309e-18, 2.49925549689e-18, 2.39340636378e-18, 3.74702229575e-18, 2.75825587964e-18, 4.03344309542e-18, 5.72113225459e-18, 8.66552010887e-18, 6.01568465327e-18, 8.87862416854e-18, 1.00574839272e-17, 1.25009638762e-17, 1.17737728561e-17, 1.13849127686e-17, 1.12443797456e-17, 1.24330506935e-17, 1.14448908076e-17, 8.76164263195e-18, 6.45903733158e-18, 5.1345284378e-18, 2.69772300921e-18, 1.07078778449e-18, 2.86600789005e-19, 3.25366388692e-20], "var": [0.568423449993, 11.9458703995, 10.6386022568, 31.3058109283, 380.975585938, 476.187683105, 197.567779541, 823.168884277, 897.131591797, 1014.79345703, 3715.51928711, 5195.18408203, 1266.53796387, 921.683959961, 869.831542969, 1136.15344238, 949.662414551, 1131.46484375, 1968.33959961, 1288.97045898, 2807.53320312, 2759.71923828, 1221.75598145, 737.33605957, 1058.61535645, 311.443115234, 487.731079102, 203.63822937, 123.661087036, 87.1483306885, 35.8371505737, 17.9978942871, 12.2352237701, 9.08125114441, 2.2801399231, 0.18100105226, 0.0257524326444, 0.00295546883717, 3.73197726731e-05, 8.60250892742e-08], "median": [0.0115090850741, 0.191680938005, 1.38205087185, 3.06418681145, 4.24053668976, 5.34255504608, 4.53476905823, 6.91898012161, 8.91063213348, 7.1205534935, 9.66028213501, 13.048418045, 11.4272537231, 16.0749359131, 12.575050354, 18.678730011, 16.9288349152, 15.9050445557, 25.4799461365, 31.4936065674, 43.9115600586, 50.8392181396, 28.946018219, 26.2582015991, 27.1652336121, 16.3765258789, 13.6166801453, 7.68978261948, 4.01156806946, 3.23266768456, 1.99351358414, 0.982406497002, 0.58700966835, 0.43768799305, 0.26132825017, 0.16327098012, 0.0616373084486, 0.0138150742278, 0.00173554476351, 0.000122990546515]}, "spectral_energy": {"dmean": 0.0127114485949, "dmean2": 0.0207090843469, "max": 0.174519866705, "dvar": 0.00056894478621, "mean": 0.0264523010701, "dvar2": 0.00141870195512, "min": 1.04344415643e-20, "var": 0.000633917166851, "median": 0.0216019432992}, "zerocrossingrate": {"dmean": 0.0103753050789, "dmean2": 0.0124138435349, "max": 0.51806640625, "dvar": 0.000140727133839, "mean": 0.079281181097, "dvar2": 0.000187307596207, "min": 0.00537109375, "var": 0.00203307624906, "median": 0.08056640625}, "spectral_energyband_high": {"dmean": 0.000374470459064, "dmean2": 0.000556631712243, "max": 0.00987162441015, "dvar": 3.64723462098e-07, "mean": 0.00126131996512, "dvar2": 7.42803592857e-07, "min": 7.51833425258e-21, "var": 1.