{"metadata": {"version": {"essentia_git_sha": "v2.1_beta2", "essentia_build_sha": "70f2e5ece6736b2c40cc944ad0e695b16b925413", "extractor": "music 1.0", "essentia": "2.1-beta2"}, "audio_properties": {"analysis_sample_rate": 44100, "md5_encoded": "6098afe82322a27aacbdc5f6a7f16040", "downmix": "mix", "sample_rate": 44100, "equal_loudness": 0, "lossless": true, "codec": "flac", "bit_rate": 0, "length": 300.933319092, "replay_gain": -5.68584632874}, "tags": {"script": ["Latin"], "releasecountry": ["United States"], "title": ["Where the Bottles Break"], "musicbrainz_artistid": ["a2e9081f-cceb-443d-88f1-898e2c421cb9"], "musicip_puid": ["af2c05ff-3556-8dd9-7855-d227074fe434"], "date": ["1991"], "disctotal": ["01"], "musicbrainz_albumid": ["7bd8d1ab-56b8-4334-8386-7630dd0a00c5"], "album": ["Jack's Crows"], "discnumber": ["01"], "artistsort": ["Gorka, John"], "language": ["English"], "file_name": "08_where_the_bottles_break.flac", "genre": ["Folk"], "artist": ["John Gorka"], "asin": ["B000001316"], "musicbrainz_discid": ["U1348a.Fa2BZqSQaoqizIsJpOHQ-"], "albumartist": ["John Gorka"], "tracknumber": ["08"], "musicbrainz_recordingid": ["170b3c87-089a-4071-886e-3c15294c0771"], "tracktotal": ["13"], "albumartistsort": ["Gorka, John"], "musicbrainz_releasegroupid": ["d55ac14b-5a4d-36f2-86b3-edb0c5cf97bf"], "musicbrainz_albumartistid": ["a2e9081f-cceb-443d-88f1-898e2c421cb9"]}}, "rhythm": {"beats_loudness": {"var": 0.000889984541573, "mean": 0.0451590567827, "dmean2": 0.0523408316076, "dvar": 0.000668382795993, "dmean": 0.0288679040968, "max": 0.195456832647, "min": 0, "median": 0.0424093976617, "dvar2": 0.00198924471624}, "beats_position": [0.452789098024, 0.905578196049, 1.35836732388, 1.8111563921, 2.26394557953, 2.71673464775, 3.15791368484, 3.59909296036, 4.04027223587, 4.49306106567, 4.93424034119, 5.38702917099, 5.8282084465, 6.26938772202, 6.71056699753, 7.1517457962, 7.59292507172, 8.03410434723, 8.47528362274, 8.92807197571, 9.38086128235, 9.82204055786, 10.2632198334, 10.7043991089, 11.1455783844, 11.5867567062, 12.0279359818, 12.4807252884, 12.933514595, 13.3746938705, 13.8042631149, 14.2454423904, 14.6866207123, 15.1394100189, 15.5921993256, 16.0449886322, 16.4861679077, 16.9389572144, 17.391746521, 17.8329238892, 18.2741031647, 18.7268924713, 19.1680717468, 19.6092510223, 20.0504302979, 20.4916095734, 20.94439888, 21.3855781555, 21.8383674622, 22.2911567688, 22.7323360443, 23.1735134125, 23.614692688, 24.0674819946, 24.5202713013, 24.9730606079, 25.4142398834, 25.8554191589, 26.2965984344, 26.7261676788, 27.1673469543, 27.6085262299, 28.0497055054, 28.4908847809, 28.932062149, 29.3848514557, 29.8376407623, 30.290430069, 30.7199993134, 31.1611785889, 31.6023578644, 32.0435371399, 32.4847145081, 32.9375038147, 33.3902931213, 33.8314743042, 34.2726516724, 34.7138328552, 35.1550102234, 35.5961914062, 36.0489807129, 36.5017662048, 36.9545555115, 37.4073448181, 37.848526001, 38.2897033691, 38.730884552, 39.1720619202, 39.613243103, 40.0544204712, 40.4956016541, 40.9367790222, 41.3779602051, 41.8191375732, 42.2603149414, 42.7014961243, 43.1426734924, 43.5954627991, 44.0482521057, 44.5010414124, 44.9422225952, 45.3833999634, 45.83618927, 46.2773704529, 46.718547821, 47.1597251892, 47.6009063721, 48.0536956787, 48.5064849854, 48.9476623535, 49.3888435364, 49.841632843, 50.2828102112, 50.723991394, 51.1767807007, 51.6295700073, 52.0707473755, 52.5235366821, 52.9647140503, 53.4058952332, 53.8470726013, 54.2882537842, 54.7294311523, 55.1706123352, 55.6117897034, 56.06457901, 56.5173683167, 56.9585494995, 57.3997268677, 57.8525161743, 58.305305481, 58.7580947876, 59.2108840942, 59.6520614624, 60.0932426453, 60.5460319519, 60.9988212585, 61.4516105652, 61.9043960571, 62.3571853638, 62.8099746704, 63.2627639771, 63.7155532837, 64.1683425903, 64.621131897, 65.0623092651, 65.5150985718, 65.9678878784, 66.4206771851, 66.8734664917, 67.3146438599, 67.7674331665, 68.2202224731, 68.6730117798, 69.1258010864, 69.5785903931, 70.0313796997, 70.4725646973, 70.9253463745, 71.3781356812, 71.8193206787, 72.2837142944, 72.7481155396, 73.2009048462, 73.6536941528, 74.1064834595, 74.5592727661, 75.0120620728, 75.4648513794, 75.9060287476, 76.3472061157, 76.7883911133, 77.2411804199, 77.6939697266, 78.1467590332, 78.5995483398, 79.040725708, 79.4935150146, 79.9463043213, 80.3990936279, 80.8402709961, 81.2814483643, 81.7342376709, 82.1870269775, 82.6282043457, 83.0809936523, 83.5221786499, 83.9633560181, 84.4045333862, 84.8573226929, 85.298500061, 85.7512893677, 86.2040786743, 86.656867981, 87.1096572876, 87.5624465942, 88.0152359009, 88.4680252075, 88.9092025757, 89.3503875732, 89.7915649414, 90.244354248, 90.6971435547, 91.1383209229, 91.5911102295, 92.0438995361, 92.4850769043, 92.9494781494, 93.3906555176, 93.8318328857, 94.2846221924, 94.737411499, 95.1785888672, 95.6197738647, 96.0609512329, 96.5021286011, 96.9433059692, 97.3960952759, 97.8488845825, 98.2900695801, 98.7312469482, 99.1724243164, 99.6136016846, 100.054779053, 100.49596405, 100.948753357, 101.401542664, 101.85433197, 102.307121277, 102.759910583, 103.21269989, 103.653877258, 104.106666565, 104.559455872, 105.00063324, 105.453422546, 105.906211853, 106.347389221, 106.788566589, 107.241355896, 107.682540894, 108.1353302, 108.599723816, 109.040908813, 109.482086182, 109.92326355, 110.364440918, 110.805618286, 111.246803284, 111.687980652, 112.12915802, 112.570335388, 113.011520386, 113.452697754, 113.893875122, 114.33505249, 114.776237488, 115.229019165, 115.670204163, 116.111381531, 116.552558899, 116.993736267, 117.423309326, 117.864486694, 118.305664062, 118.74684906, 119.17641449, 119.617591858, 120.058776855, 120.488342285, 120.929519653, 121.370697021, 121.811882019, 122.264671326, 122.717460632, 123.147026062, 123.576599121, 124.017776489, 124.458953857, 124.900131226, 125.341316223, 125.782493591, 126.223670959, 126.676460266, 127.129249573, 127.570426941, 128.011611938, 128.441177368, 128.870742798, 129.311920166, 129.753097534, 130.194290161, 130.635467529, 131.076644897, 131.517822266, 131.958999634, 132.388565063, 132.829742432, 133.25932312, 133.700500488, 134.141677856, 134.582855225, 135.024032593, 135.465209961, 135.906387329, 136.359176636, 136.811965942, 137.253143311, 137.694335938, 138.135513306, 138.576690674, 139.017868042, 139.45904541, 139.900222778, 140.341400146, 140.770965576, 141.223754883, 141.676544189, 142.129333496, 142.570526123, 143.011703491, 143.452880859, 143.894058228, 144.335235596, 144.776412964, 145.217590332, 145.6587677, 146.111557007, 146.552734375, 147.005523682, 147.446716309, 147.887893677, 148.329071045, 148.770248413, 149.211425781, 149.640991211, 150.070556641, 150.511749268, 150.952926636, 151.394104004, 151.835281372, 152.27645874, 152.717636108, 153.158813477, 153.599990845, 154.041183472, 154.48236084, 154.923538208, 155.364715576, 155.794281006, 156.223846436, 156.665023804, 157.106216431, 157.559005737, 158.000183105, 158.441360474, 158.882537842, 159.312103271, 159.75328064, 160.194458008, 160.635650635, 161.076828003, 161.518005371, 161.947570801, 162.37713623, 162.818313599, 163.259490967, 163.700683594, 164.141860962, 164.58303833, 165.024215698, 165.465393066, 165.906570435, 166.347747803, 166.788925171, 167.230117798, 167.671295166, 168.112472534, 168.565261841, 169.018051147, 169.459228516, 169.923629761, 170.364807129, 170.805984497, 171.247161865, 171.699951172, 172.14112854, 172.582305908, 173.023483276, 173.464660645, 173.894241333, 174.34703064, 174.788208008, 175.229385376, 175.658950806, 176.100128174, 176.541305542, 176.982498169, 177.423675537, 177.864852905, 178.306030273, 178.75881958, 179.199996948, 179.652786255, 180.093963623, 180.535140991, 180.976318359, 181.417495728, 181.847076416, 182.276641846, 182.706207275, 183.135772705, 183.553741455, 183.994918823, 184.436096191, 184.87727356, 185.318450928, 185.759628296, 186.200805664, 186.630386353, 187.071563721, 187.512741089, 187.965530396, 188.406707764, 188.847885132, 189.277450562, 189.70703125, 190.13659668, 190.566162109, 190.995727539, 191.425308228, 191.866485596, 192.307662964, 192.748840332, 193.1900177, 193.61958313, 194.049163818, 194.478729248, 194.908294678, 195.349472046, 195.790649414, 196.231826782, 196.673019409, 197.114196777, 197.555374146, 197.996551514, 198.437728882, 198.87890625, 199.320083618, 199.772872925, 200.225662231, 200.6668396, 201.108016968, 201.549209595, 201.990386963, 202.44317627, 202.884353638, 203.337142944, 203.778320312, 204.219497681, 204.660675049, 205.101852417, 205.543029785, 205.984207153, 206.42539978, 206.866577148, 207.307754517, 207.760543823, 208.190109253, 208.631286621, 209.095687866, 209.536865234, 209.978042603, 210.419219971, 210.860397339, 211.301589966, 211.731155396, 212.172332764, 212.601898193, 213.043075562, 213.48425293, 213.925445557, 214.366622925, 214.807800293, 215.248977661, 215.690155029, 216.131332397, 216.584121704, 217.025299072, 217.46647644, 217.919265747, 218.372055054, 218.813232422, 219.266021729, 219.707214355, 220.148391724, 220.589569092, 221.03074646, 221.471923828, 221.924713135, 222.377502441, 222.841903687, 223.283081055, 223.724258423, 224.177047729, 224.641448975, 225.094238281, 225.547027588, 225.988204956, 226.440994263, 226.882171631, 227.323348999, 227.764526367, 228.205703735, 228.646896362, 229.08807373, 229.529251099, 229.982040405, 230.434829712, 230.887619019, 231.340408325, 231.781585693, 232.222763062, 232.66394043, 233.105117798, 233.546295166, 233.987472534, 234.428665161, 234.881454468, 235.345840454, 235.798629761, 236.251419067, 236.680999756, 237.122177124, 237.563354492, 238.00453186, 238.445709229, 238.875274658, 239.316452026, 239.746032715, 240.187210083, 240.628387451, 241.069564819, 241.510742188, 241.963531494, 242.416320801, 242.869110107, 243.321899414, 243.763076782, 244.20425415, 244.633834839, 245.063400269, 245.504577637, 245.934143066, 246.363708496, 246.804885864, 247.246078491, 247.687255859, 248.128433228, 248.557998657, 248.987564087, 249.440353394, 249.8931427, 250.334320068, 250.763900757, 251.193466187, 251.634643555, 252.075820923, 252.505386353, 252.934967041, 253.376144409, 253.828933716, 254.270111084, 254.722900391, 255.164077759, 255.605255127, 256.046447754, 256.487609863, 256.92880249, 257.3699646, 257.811157227, 258.252319336, 258.681884766, 259.123077393, 259.552642822, 259.993835449, 260.434997559, 260.864562988, 261.294158936, 261.723724365, 262.153289795, 262.582855225, 263.012420654, 263.453613281, 263.894775391, 264.335968018, 264.765533447, 265.195098877, 265.636291504, 266.077453613, 266.507019043, 266.936584473, 267.3777771, 267.807342529, 268.236907959, 268.666473389, 269.096038818, 269.525604248, 269.955200195, 270.396362305, 270.837554932, 271.278717041, 271.708282471, 272.149475098, 272.579040527, 273.008605957, 273.438171387, 273.879364014, 274.320526123, 274.76171875, 275.19128418, 275.620849609, 276.050415039, 276.479980469, 276.921173096, 277.362365723, 277.803527832, 278.244720459, 278.685882568, 279.127075195, 279.568237305, 280.009429932, 280.450592041, 280.891784668, 281.332977295, 281.762542725, 282.192108154, 282.621673584, 283.051239014, 283.492431641, 283.92199707, 284.36315918, 284.792724609, 285.233917236, 285.651885986, 286.081451416, 286.511016846, 286.940582275, 287.370147705, 287.788116455, 288.206085205, 288.635650635, 289.065216064, 289.494781494, 289.935943604, 290.37713623, 290.818328857, 291.271118164, 291.712280273, 292.1534729, 292.59463501, 293.035827637, 293.476989746, 293.906585693, 294.347747803, 294.78894043, 295.230102539, 295.671295166, 296.112457275, 296.565246582, 297.006439209, 297.377960205, 297.749481201, 298.121002197, 298.492523193, 298.875640869, 299.258758545, 299.641906738, 300.025024414, 300.39654541], "bpm_histogram_first_peak_spread": {"var": 0, "mean": 0.394216120243, "dmean2": 0, "dvar": 0, "dmean": 0, "max": 0.394216120243, "min": 0.394216120243, "median": 0.394216120243, "dvar2": 0}, "danceability": 1.28838300705, "bpm_histogram_second_peak_weight": {"var": 0, "mean": 0.0132547868416, "dmean2": 0, "dvar": 0, "dmean": 0, "max": 0.0132547868416, "min": 0.0132547868416, "median": 0.0132547868416, "dvar2": 0}, "bpm_histogram_first_peak_weight": {"var": 0, "mean": 0.586156129837, "dmean2": 0, "dvar": 0, "dmean": 0, "max": 0.586156129837, "min": 0.586156129837, "median": 0.586156129837, "dvar2": 0}, "bpm": 135.638824463, "bpm_histogram_second_peak_spread": {"var": 0, "mean": 0, "dmean2": 0, "dvar": 0, "dmean": 0, "max": 0, "min": 0, "median": 0, "dvar2": 0}, "bpm_histogram_second_peak_bpm": {"var": 0, "mean": 129, "dmean2": 0, "dvar": 0, "dmean": 0, "max": 129, "min": 129, "median": 129, "dvar2": 0}, "beats_count": 680, "beats_loudness_band_ratio": {"var": [0.0540339015424, 0.017482271418, 0.00669318344444, 0.00334956636652, 0.00177217705641, 0.00671164831147], "mean": [0.619299948215, 0.190390527248, 0.0844689384103, 0.0367149934173, 0.0326228328049, 0.0740691721439], "dmean2": [0.380766421556, 0.233689844608, 0.120806582272, 0.0792885795236, 0.0649775713682, 0.137013465166], "dvar": [0.0286259260029, 0.0139215961099, 0.00556049402803, 0.00373988132924, 0.00185833487194, 0.00674015562981], "dmean": [0.233673006296, 0.134502723813, 0.0709085389972, 0.0439831689, 0.0363924689591, 0.0781540200114], "max": [0.980277180672, 0.705592811108, 0.553431987762, 0.46298584342, 0.411153584719, 0.672743082047], "min": [0, 0, 0, 0, 0, 0], "median": [0.66381829977, 0.154541090131, 0.0573648102582, 0.0153448414057, 0.0162076838315, 0.0430052652955], "dvar2": [0.0808871760964, 0.0389283299446, 0.0143055422232, 0.0101467194036, 0.00500562321395, 0.0183652043343]}, "onset_rate": 3.7547287941, "bpm_histogram_first_peak_bpm": {"var": 0, "mean": 136, "dmean2": 0, "dvar": 0, "dmean": 0, "max": 136, "min": 136, "median": 136, "dvar2": 0}}, "lowlevel": {"hfc": {"var": 360.550109863, "mean": 16.1410942078, "dmean2": 9.12775325775, "dvar": 162.305526733, "dmean": 6.60995721817, "max": 267.625335693, "min": 1.07545073395e-16, "median": 10.0575771332, "dvar2": 319.692687988}, "barkbands_spread": {"var": 330.043792725, "mean": 19.8743133545, "dmean2": 9.7923746109, "dvar": 86.4406967163, "dmean": 6.48383712769, "max": 144.764266968, "min": 0.423712193966, "median": 14.2382640839, "dvar2": 181.753005981}, "spectral_spread": {"var": 13247774195700.0, "mean": 5336585, "dmean2": 852888.625, "dvar": 758055436288, "dmean": 612766.6875, "max": 50844832, "min": 1216190.25, "median": 4787922, "dvar2": 1466530004990.0}, "spectral_energy": {"var": 0.000751944317017, "mean": 0.028069877997, "dmean2": 0.0223940704018, "dvar": 0.000637695833575, "dmean": 0.013760836795, "max": 0.316710889339, "min": 1.00460083731e-20, "median": 0.0212669223547, "dvar2": 0.00161892280448}, "gfcc": {"icov": [[0.000174288565177, -0.000449813349405, 0.000289932679152, -0.000538428663276, 0.0003434632672, -0.000567816314287, 0.00065392209217, -0.000651230395306, 0.000801287998911, -0.000536017003469, 0.00073453783989, -0.000276577775367, 0.00047156776418], [-0.000449813349405, 0.00246224389412, -0.000544992042705, 0.0016062038485, -0.000745274301153, 0.00228999601677, -0.00226409663446, 0.00246649282053, -0.00277391844429, 0.00281056994572, -0.00249027111568, 0.00168347917497, -0.00212427554652], [0.000289932679152, -0.000544992042705, 0.00220902566798, -0.0014134652447, 0.000302671018289, -0.000888432201464, 0.000492657127324, 4.16779366788e-05, 0.000656375661492, -0.00159776513465, 0.00177950214129, -0.00203757849522, 0.000537597807124], [-0.000538428663276, 0.0016062038485, -0.0014134652447, 0.00554720684886, -0.0010405840585, 0.00123576680198, -0.00037338695256, 0.00267915683798, -0.00250157085247, 0.00168407836463, -0.00226358463988, 0.00215750513598, -0.0019798905123], [0.0003434632672, -0.000745274301153, 0.000302671018289, -0.0010405840585, 0.00506944954395, -0.0004519263166, -0.000369791669073, -0.000989270396531, -0.000124772021081, -0.00105804973282, 0.000673562288284, 0.000951670866925, 0.00106843572576], [-0.000567816314287, 0.00228999601677, -0.000888432201464, 0.00123576680198, -0.0004519263166, 0.00996641535312, -0.00409022299573, 0.00157339579891, -0.0016870633699, 0.00158094172366, -0.000456561334431, 0.00084155483637, -0.00149260752369], [0.00065392209217, -0.00226409663446, 0.000492657127324, -0.00037338695256, -0.000369791669073, -0.00409022299573, 0.0109001034871, -0.00391126982868, 0.00297964387573, 0.000831143348478, 0.00277288351208, -0.00369024812244, 0.00252657732926], [-0.000651230395306, 0.00246649282053, 4.16779366788e-05, 0.00267915683798, -0.000989270396531, 0.00157339579891, -0.00391126982868, 0.0137592321262, -0.00394476996735, 0.000435589870904, -0.0056610526517, 0.00164526863955, -0.000762674782891], [0.000801287998911, -0.00277391844429, 0.000656375661492, -0.00250157085247, -0.000124772021081, -0.0016870633699, 0.00297964387573, -0.00394476996735, 0.0167445279658, -0.00651499908417, 0.00525678694248, -0.000126871600514, -0.00102347903885], [-0.000536017003469, 0.00281056994572, -0.00159776513465, 0.00168407836463, -0.00105804973282, 0.00158094172366, 0.000831143348478, 0.000435589870904, -0.00651499908417, 0.0166813768446, -0.00438451068476, -0.00186310487334, -0.000554657483008], [0.00073453783989, -0.00249027111568, 0.00177950214129, -0.00226358463988, 0.000673562288284, -0.000456561334431, 0.00277288351208, -0.0056610526517, 0.00525678694248, -0.00438451068476, 0.0115434490144, -0.00178998266347, 0.00343538983725], [-0.000276577775367, 0.00168347917497, -0.00203757849522, 0.00215750513598, 0.000951670866925, 0.00084155483637, -0.00369024812244, 0.00164526863955, -0.000126871600514, -0.00186310487334, -0.00178998266347, 0.0151285938919, -0.00584771530703], [0.00047156776418, -0.00212427554652, 0.000537597807124, -0.0019798905123, 0.00106843572576, -0.00149260752369, 0.00252657732926, -0.000762674782891, -0.00102347903885, -0.000554657483008, 0.00343538983725, -0.00584771530703, 0.0182141717523]], "mean": [-49.3898887634, 95.8740081787, -91.3446578979, 50.9217720032, -64.6057052612, 2.91212725639, -42.5886878967, 1.52923882008, -28.6043376923, -6.45292615891, -13.3767204285, -12.9681758881, -13.451710701], "cov": [[26347.0136719, 1273.97387695, -2043.63525391, 920.620117188, -1132.03405762, 369.317718506, -854.039978027, 250.640670776, -557.001953125, -63.9404830933, -251.832702637, -394.334899902, -259.874664307], [1273.97387695, 1340.23486328, -302.225769043, -111.488136292, 57.3053207397, -157.057235718, 72.9557037354, -54.8825378418, 27.7753257751, -168.418319702, 72.9788284302, -119.844039917, 35.667591095], [-2043.63525391, -302.225769043, 998.040222168, 115.570907593, 37.0782203674, 56.4183616638, 43.5176582336, -108.632446289, 77.7055664062, 82.2263412476, -132.213607788, 154.979644775, 74.1942901611], [920.620117188, -111.488136292, 115.570907593, 329.799346924, -19.930978775, 17.9771766663, -83.0042724609, -37.6827354431, 9.48006057739, 21.6908321381, -34.1323356628, -15.187040329, 10.9341526031], [-1132.03405762, 57.3053207397, 37.0782203674, -19.930978775, 279.521514893, -27.4061126709, 54.2812347412, 2.14806556702, 40.5687484741, -3.33532881737, 23.105052948, -20.4332199097, -2.09107971191], [369.317718506, -157.057235718, 56.4183616638, 17.9771766663, -27.4061126709, 161.824951172, 27.0200557709, 3.21270298958, -13.0547246933, 8.72260761261, -46.4179115295, 23.5063934326, -0.500971913338], [-854.039978027, 72.9557037354, 43.5176582336, -83.0042724609, 54.2812347412, 27.0200557709, 181.399780273, 12.1492433548, 0.971093416214, -32.4103355408, -1.88459908962, 29.1056213379, 3.45632147789], [250.640670776, -54.8825378418, -108.632446289, -37.6827354431, 2.14806556702, 3.21270298958, 12.1492433548, 125.258399963, -7.19609975815, 16.3834114075, 55.0338935852, -10.2116613388, -23.6467952728], [-557.001953125, 27.7753257751, 77.7055664062, 9.48006057739, 40.5687484741, -13.0547246933, 0.971093416214, -7.19609975815, 103.825508118, 24.76994133, -19.6187095642, 6.21830892563, 24.7967414856], [-63.9404830933, -168.418319702, 82.2263412476, 21.6908321381, -3.33532881737, 8.72260761261, -32.4103355408, 16.3834114075, 24.76994133, 107.799629211, 9.87647533417, 30.4886779785, 0.636565566063], [-251.832702637, 72.9788284302, -132.213607788, -34.1323356628, 23.105052948, -46.4179115295, -1.88459908962, 55.0338935852, -19.6187095642, 9.87647533417, 174.09602356, -19.9225826263, -27.4041118622], [-394.334899902, -119.844039917, 154.979644775, -15.187040329, -20.4332199097, 23.5063934326, 29.1056213379, -10.2116613388, 6.21830892563, 30.4886779785, -19.9225826263, 116.987228394, 31.2616462708], [-259.874664307, 35.667591095, 74.1942901611, 10.9341526031, -2.09107971191, -0.500971913338, 3.45632147789, -23.6467952728, 24.7967414856, 0.636565566063, -27.4041118622, 31.2616462708, 80.0191192627]]}, "silence_rate_60dB": {"var": 0.0700202658772, "mean": 0.0757599100471, "dmean2": 0.0104938270524, "dvar": 0.00521843647584, "dmean": 0.00524650886655, "max": 1, "min": 0, "median": 0, "dvar2": 0.0125437574461}, "spectral_centroid": {"var": 1499376, "mean": 1228.24597168, "dmean2": 436.73336792, "dvar": 143598.78125, "dmean": 294.246185303, "max": 11612.5986328, "min": 152.162139893, "median": 881.701904297, "dvar2": 292302.75}, "spectral_complexity": {"var": 82.3982009888, "mean": 13.1222801208, "dmean2": 4.4067902565, "dvar": 20.8993644714, "dmean": 3.05393099785, "max": 59, "min": 0, "median": 11, "dvar2": 33.9120101929}, "melbands_spread": {"var": 643.392272949, "mean": 19.1022472382, "dmean2": 10.4442300797, "dvar": 160.567184448, "dmean": 7.05947351456, "max": 244.877578735, "min": 0.375266820192, "median": 9.86705303192, "dvar2": 321.485198975}, "spectral_strongpeak": {"var": 0.485893756151, "mean": 0.681903481483, "dmean2": 0.584191799164, "dvar": 0.389191448689, "dmean": 0.344038337469, "max": 11.2088451385, "min": 0, "median": 0.544836461544, "dvar2": 1.05019986629}, "zerocrossingrate": {"var": 0.00375593663193, "mean": 0.055454313755, "dmean2": 0.0128890806809, "dvar": 0.000227058961173, "dmean": 0.0111956587061, "max": 0.52294921875, "min": 0, "median": 0.0419921875, "dvar2": 0.000260262720985}, "erbbands_kurtosis": {"var": 13.5843992233, "mean": 1.0023406744, "dmean2": 1.9032574892, "dvar": 4.31280422211, "dmean": 1.24051046371, "max": 49.6603927612, "min": -1.90917313099, "median": -0.29330599308, "dvar2": 9.46658802032}, "spectral_energyband_middle_low": {"var": 0.000268252246315, "mean": 0.0162999071181, "dmean2": 0.0126398392022, "dvar": 0.000247444579145, "dmean": 0.00764577509835, "max": 0.289221674204, "min": 1.75692942487e-22, "median": 0.0131053766236, "dvar2": 0.000657525204588}, "erbbands": {"var": [0.0322311222553, 4.79428672791, 84.1801452637, 577.547729492, 887.142272949, 574.20123291, 596.734436035, 643.056091309, 866.572265625, 665.0078125, 869.356445312, 1681.83740234, 1090.50158691, 241.982162476, 178.802215576, 446.07510376, 871.143798828, 431.176177979, 470.340393066, 535.554443359, 174.283615112, 94.8277206421, 446.585662842, 3213.42163086, 3443.99975586, 510.414093018, 242.64692688, 297.483673096, 213.03326416, 174.105361938, 273.738525391, 132.143783569, 61.8018493652, 9.04302406311, 1.08320367336, 0.058677829802, 0.00158602045849, 4.10087159253e-05, 4.12605885458e-07, 2.70340394515e-09], "mean": [0.0632511526346, 0.713215053082, 4.61532115936, 20.082277298, 16.23711586, 14.1186704636, 18.3706874847, 15.6830205917, 16.8319225311, 10.9704637527, 14.5770845413, 17.2943248749, 10.4449510574, 6.92066907883, 7.11608219147, 7.09092092514, 11.1155586243, 10.3892498016, 9.26165103912, 9.486369133, 7.54678153992, 5.37791061401, 9.29304409027, 27.5781593323, 29.9221591949, 13.4097890854, 6.74186754227, 6.37822055817, 5.47095775604, 4.76757907867, 4.90735530853, 3.57469582558, 2.40452241898, 1.04039144516, 0.372775286436, 0.0917967781425, 0.0165716297925, 0.00276275281794, 0.000284903071588, 4.51427877124e-05], "dmean2": [0.0926207527518, 1.385191679, 7.46357250214, 19.2238693237, 21.4262981415, 16.0765571594, 14.5993089676, 15.4981746674, 18.3073215485, 13.7615766525, 15.8986930847, 14.2375841141, 8.31987571716, 5.70525836945, 6.01825046539, 6.30389547348, 9.14149951935, 8.41618156433, 7.58439302444, 8.20527744293, 6.71715593338, 4.72023963928, 6.58303546906, 18.0702362061, 21.7029533386, 10.5030632019, 6.65591669083, 6.36242485046, 5.48361063004, 4.61013936996, 4.88824129105, 3.27807116508, 2.17305326462, 1.0671993494, 0.406237840652, 0.101825371385, 0.0185215584934, 0.00314385513775, 0.000315063080052, 3.33551834046e-05], "dvar": [0.0313750691712, 6.46427679062, 115.0573349, 336.000152588, 1200.91235352, 641.99395752, 278.381958008, 464.826507568, 746.233093262, 836.297912598, 759.903259277, 1011.39434814, 474.119293213, 120.373748779, 80.8703689575, 284.160888672, 307.465393066, 194.547088623, 204.799453735, 245.485321045, 102.307373047, 54.521270752, 135.967086792, 1085.57543945, 1393.49755859, 225.352386475, 155.130203247, 184.596923828, 120.970718384, 91.4537353516, 166.999206543, 66.4797286987, 26.7926063538, 4.96521043777, 0.658464729786, 0.0360820256174, 0.00103930197656, 2.88115516014e-05, 2.70706294714e-07, 1.7559758092e-09], "dmean": [0.0597963370383, 0.80006146431, 4.23533201218, 11.3847141266, 12.4442958832, 9.51922607422, 9.11017131805, 9.4853219986, 11.1745872498, 8.14834690094, 9.71824455261, 9.43349075317, 5.53821659088, 3.83595013618, 4.01442527771, 4.21894931793, 6.28239870071, 5.68122816086, 5.2809176445, 5.5321097374, 4.47392892838, 3.13245415688, 4.68156433105, 13.1386089325, 15.1216449738, 7.1476111412, 4.48348379135, 4.40343236923, 3.82012176514, 3.21568608284, 3.40094900131, 2.31833338737, 1.55962407589, 0.739563882351, 0.279572159052, 0.0696469545364, 0.0126857105643, 0.00216055614874, 0.000219771754928, 2.24927589443e-05], "max": [2.78846025467, 39.4847869873, 138.294418335, 263.854492188, 606.413452148, 479.067840576, 436.993041992, 475.45425415, 596.567687988, 971.467102051, 709.50769043, 922.039794922, 779.123657227, 509.94418335, 324.666320801, 936.426940918, 413.222503662, 405.986694336, 316.563110352, 458.03894043, 244.088394165, 131.608917236, 396.906585693, 981.539428711, 701.220703125, 401.469390869, 377.327545166, 494.564727783, 207.909820557, 259.111083984, 632.846618652, 278.619720459, 190.003219604, 63.3885231018, 15.0000352859, 3.5274014473, 0.597900807858, 0.115494392812, 0.0100452061743, 0.000725902966224], "min": [1.0496740346e-22, 5.94535257479e-22, 1.08633643983e-21, 2.84140276457e-21, 7.44900698528e-21, 1.96260830323e-20, 3.29143663723e-20, 4.80178668704e-20, 1.08081292917e-19, 2.20335195037e-19, 3.31051820762e-19, 3.75983108413e-19, 4.30464506429e-19, 4.64945556113e-19, 9.40707532711e-19, 1.12339740203e-18, 1.73323568825e-18, 2.50045863109e-18, 2.40130593863e-18, 3.26883952339e-18, 3.06108566792e-18, 4.70910862158e-18, 5.24518783297e-18, 5.82835678226e-18, 8.24179022264e-18, 8.134137629e-18, 8.78503364531e-18, 1.12621442764e-17, 1.06507279364e-17, 1.0243773273e-17, 1.14085585536e-17, 1.09912078842e-17, 8.77854772213e-18, 8.05764989212e-18, 5.77159068554e-18, 4.19034519555e-18, 2.27266901362e-18, 9.83534085143e-19, 2.5454063848e-19, 2.73728378796e-20], "median": [0.0145592316985, 0.170851260424, 2.17589378357, 10.7841415405, 9.75076293945, 7.58586883545, 9.69140625, 8.31057739258, 7.97960186005, 4.86926841736, 4.73245000839, 5.16547346115, 2.59841966629, 2.33011984825, 2.53807282448, 1.22190105915, 1.7324436903, 2.68495893478, 2.19136190414, 2.64000892639, 2.76975750923, 2.03265666962, 2.57077074051, 3.63411593437, 5.00346279144, 4.43048095703, 1.91190576553, 1.1835436821, 1.07703757286, 1.00073266029, 0.837536334991, 0.593864321709, 0.425260394812, 0.185969784856, 0.0560837835073, 0.0128592532128, 0.0026155973319, 0.000427463004598, 4.87847792101e-05, 2.9743907362e-05], "dvar2": [0.0705193206668, 17.394235611, 321.170532227, 903.55670166, 3355.55029297, 1786.94519043, 723.034179688, 1159.83483887, 1905.43579102, 2302.44165039, 2005.42456055, 2492.6887207, 1078.84411621, 256.012145996, 184.459594727, 676.04083252, 599.180603027, 427.23638916, 422.262512207, 524.52166748, 228.101699829, 120.399543762, 258.352630615, 2116.17114258, 2823.12963867, 470.42300415, 340.63079834, 395.96963501, 249.994979858, 185.261444092, 356.713195801, 133.132171631, 50.8955230713, 10.208814621, 1.44230425358, 0.0787687674165, 0.00228208652698, 6.39254503767e-05, 5.69349595025e-07, 3.85312715068e-09]}, "barkbands_crest": {"var": 13.5921144485, "mean": 10.1520738602, "dmean2": 3.88170933723, "dvar": 4.42916059494, "dmean": 2.3746483326, "max": 24.5990219116, "min": 2.92971944809, "median": 9.58982086182, "dvar2": 11.7338876724}, "melbands_crest": {"var": 39.2797012329, "mean": 16.5363197327, "dmean2": 5.67544078827, "dvar": 9.77284812927, "dmean": 3.47105407715, "max": 35.5358543396, "min": 1.55922031403, "median": 15.7319488525, "dvar2": 24.9525127411}, "spectral_flux": {"var": 0.00393069954589, "mean": 0.0824913084507, "dmean2": 0.0484660305083, "dvar": 0.00192096584942, "dmean": 0.0311791151762, "max": 0.510440528393, "min": 6.43965852865e-11, "median": 0.0674598440528, "dvar2": 0.00374139728956}, "spectral_contrast_valleys": {"var": [5.15990543365, 5.18924570084, 4.65242671967, 4.57825374603, 4.69718837738, 4.2319149971], "mean": [-7.63289213181, -7.13538599014, -8.3742723465, -8.72823047638, -8.29161643982, -10.4869670868], "dmean2": [0.683870732784, 0.558059453964, 0.491789013147, 0.474013566971, 0.428687721491, 0.463719546795], "dvar": [0.16683755815, 0.114404499531, 0.105423785746, 0.117656819522, 0.133642211556, 0.184768751264], "dmean": [0.432872205973, 0.344611555338, 0.314483761787, 0.317582786083, 0.302404284477, 0.373658001423], "max": [-4.60297441483, -4.34130525589, -5.39715003967, -5.94104862213, -5.69275856018, -7.24167919159], "min": [-28.1114406586, -28.2216281891, -27.7839012146, -27.985168457, -27.5186805725, -27.4814319611], "median": [-7.27104854584, -6.75030899048, -8.02932739258, -8.39920330048, -7.96919488907, -10.2213020325], "dvar2": [0.3535849154, 0.248127713799, 0.204632565379, 0.214140251279, 0.240282699466, 0.278690338135]}, "mfcc": {"icov": [[8.86910056579e-05, -1.58109469339e-05, 2.35356546909e-05, -8.0628444266e-05, 0.000105833649286, -4.16356233472e-05, 1.70066448391e-06, -9.89426916931e-06, 9.5891955425e-05, -0.000160675685038, 5.31331934326e-05, 7.48258898966e-05, 0.000106235187559], [-1.58109469339e-05, 0.000836346123833, 0.000166437908774, -0.000472186104162, 0.000232107195188, 0.000378869328415, -4.94025916851e-05, -0.000336542405421, -3.72503200197e-05, 0.000282245950075, -4.40003495896e-05, 0.000522986985743, 0.000132823246531], [2.35356546909e-05, 0.000166437908774, 0.00224816217087, -0.000949251232669, -3.46841006831e-05, -0.000582527252845, 0.000338119250955, 0.000620800012257, -0.000388369749999, 0.00096809421666, 0.000652104092296, -0.00148826127406, 5.86902679061e-05], [-8.0628444266e-05, -0.000472186104162, -0.000949251232669, 0.00523138837889, -0.00185805477668, -0.0010241298005, 0.000569725176319, 2.98214854411e-05, 0.00031144884997, -0.000337290664902, 0.000725912919734, 0.000317913072649, -0.000780846516136], [0.000105833649286, 0.000232107195188, -3.46841006831e-05, -0.00185805477668, 0.00745916366577, -0.00162327347789, 0.000417867820943, 0.000954785966314, 0.000678591197357, -0.00262643466704, -0.000872783188242, 0.00217562494799, -0.000734764442313], [-4.16356233472e-05, 0.000378869328415, -0.000582527252845, -0.0010241298005, -0.00162327347789, 0.0093331374228, -0.000609466223978, 0.00027075925027, -0.00320520135574, 0.00235049426556, 0.000519049644936, -0.0015878934646, 0.00293050985783], [1.70066448391e-06, -4.94025916851e-05, 0.000338119250955, 0.000569725176319, 0.000417867820943, -0.000609466223978, 0.00889616925269, -0.00384903815575, 0.00296021229587, -5.65321061003e-05, -0.00163627706934, -0.000178584406967, -0.000917661644053], [-9.89426916931e-06, -0.000336542405421, 0.000620800012257, 2.98214854411e-05, 0.000954785966314, 0.00027075925027, -0.00384903815575, 0.0132119646296, -0.00278284447268, 0.00194029894192, -0.00170782068744, 0.000287746661343, 0.000887660891749], [9.5891955425e-05, -3.72503200197e-05, -0.000388369749999, 0.00031144884997, 0.000678591197357, -0.00320520135574, 0.00296021229587, -0.00278284447268, 0.00958895217627, 0.000108208550955, 0.00177521805745, -0.000495746848173, 0.00149340555072], [-0.000160675685038, 0.000282245950075, 0.00096809421666, -0.000337290664902, -0.00262643466704, 0.00235049426556, -5.65321061003e-05, 0.00194029894192, 0.000108208550955, 0.011797323823, -0.00265468237922, 0.00276347482577, -0.00159768736921], [5.31331934326e-05, -4.40003495896e-05, 0.000652104092296, 0.000725912919734, -0.000872783188242, 0.000519049644936, -0.00163627706934, -0.00170782068744, 0.00177521805745, -0.00265468237922, 0.0140176676214, -0.00449085468426, 0.00243289303035], [7.48258898966e-05, 0.000522986985743, -0.00148826127406, 0.000317913072649, 0.00217562494799, -0.0015878934646, -0.000178584406967, 0.000287746661343, -0.000495746848173, 0.00276347482577, -0.00449085468426, 0.0164346583188, -0.00226419302635], [0.000106235187559, 0.000132823246531, 5.86902679061e-05, -0.000780846516136, -0.000734764442313, 0.00293050985783, -0.000917661644053, 0.000887660891749, 0.00149340555072, -0.00159768736921, 0.00243289303035, -0.00226419302635, 0.0138627365232]], "mean": [-684.974975586, 114.971313477, 27.9555263519, 39.705947876, 6.31707048416, -0.0565163008869, -0.601326823235, -2.61182260513, -9.96258735657, 4.51187372208, -4.94582891464, -9.49677085876, -3.61086273193], "cov": [[12461.4902344, 484.953216553, -397.48425293, 157.603729248, -27.4542789459, -127.878189087, 56.0540809631, -15.3800477982, -212.533950806, 254.833053589, -2.080753088, -173.713287354, -35.0520591736], [484.953216553, 1395.65112305, -180.243225098, 72.7508392334, -34.0004920959, -88.976852417, 39.7028541565, 53.1296958923, -37.2227935791, 9.07048225403, 3.67466473579, -71.0273742676, -3.18477129936], [-397.48425293, -180.243225098, 750.792236328, 142.453659058, 2.38287878036, 169.651626587, -101.371643066, -36.0790786743, 130.57144165, -128.996002197, -70.1102371216, 90.394744873, -32.3836326599], [157.603729248, 72.7508392334, 142.453659058, 275.868347168, 81.9306030273, 51.4368247986, -45.9206466675, -27.2545681, 17.4023571014, 4.67721605301, -32.4904174805, -9.399559021, 8.0365190506], [-27.4542789459, -34.0004920959, 2.38287878036, 81.9306030273, 199.318969727, 9.77658462524, -20.1049213409, -35.8599395752, -23.0710468292, 61.7039642334, 1.72604441643, -33.2495574951, 18.4673118591], [-127.878189087, -88.976852417, 169.651626587, 51.4368247986, 9.77658462524, 202.428924561, -38.672870636, 4.69884061813, 102.007347107, -73.6528320312, -27.6884479523, 36.5826797485, -49.7668380737], [56.0540809631, 39.7028541565, -101.371643066, -45.9206466675, -20.1049213409, -38.672870636, 167.241699219, 45.8037490845, -62.6622085571, 15.1180334091, 40.2894897461, -1.43742799759, 13.4674320221], [-15.3800477982, 53.1296958923, -36.0790786743, -27.2545681, -35.8599395752, 4.69884061813, 45.8037490845, 105.69052124, 20.3875827789, -25.5137424469, 16.559299469, 6.80510139465, -15.334602356], [-212.533950806, -37.2227935791, 130.57144165, 17.4023571014, -23.0710468292, 102.007347107, -62.6622085571, 20.3875827789, 187.399551392, -63.0826721191, -36.280620575, 25.9785938263, -42.6755447388], [254.833053589, 9.07048225403, -128.996002197, 4.67721605301, 61.7039642334, -73.6528320312, 15.1180334091, -25.5137424469, -63.0826721191, 152.775543213, 27.3486652374, -43.5022087097, 32.7429428101], [-2.080753088, 3.67466473579, -70.1102371216, -32.4904174805, 1.72604441643, -27.6884479523, 40.2894897461, 16.559299469, -36.280620575, 27.3486652374, 98.237121582, 12.2669935226, -2.17770552635], [-173.713287354, -71.0273742676, 90.394744873, -9.399559021, -33.2495574951, 36.5826797485, -1.43742799759, 6.80510139465, 25.9785938263, -43.5022087097, 12.2669935226, 90.9617614746, -4.03537559509], [-35.0520591736, -3.18477129936, -32.3836326599, 8.0365190506, 18.4673118591, -49.7668380737, 13.4674320221, -15.334602356, -42.6755447388, 32.7429428101, -2.17770552635, -4.03537559509, 94.4914855957]]}, "erbbands_flatness_db": {"var": 0.00164759566542, "mean": 0.152184218168, "dmean2": 0.0235122255981, "dvar": 0.000302694796119, "dmean": 0.0169320516288, "max": 0.328449875116, "min": 0.0252615530044, "median": 0.150261893868, "dvar2": 0.000534200167749}, "barkbands": {"var": [3.29000044985e-07, 6.77450516378e-05, 8.02838403615e-05, 7.98871769803e-05, 6.97102805134e-05, 7.41165331419e-06, 4.0439103941e-06, 1.74664114638e-06, 2.53992629951e-06, 8.71685642778e-07, 1.03352995495e-07, 2.76682811773e-07, 3.84025412359e-07, 1.36944407814e-07, 2.26373998657e-07, 8.36699456386e-08, 3.47667494793e-08, 2.89840386358e-07, 1.6251268562e-06, 2.43621514073e-07, 1.73589256747e-07, 1.55646333155e-07, 2.98671437804e-07, 2.43246631726e-07, 3.76169388971e-08, 9.70692415336e-10, 1.38185886345e-11], "mean": [0.000458097667433, 0.00271580764093, 0.00539037166163, 0.00719520403072, 0.00457093678415, 0.00212520710193, 0.00101143773645, 0.000599810911808, 0.000653623545077, 0.000297341583064, 0.000167577454704, 0.000166492391145, 0.000228226286708, 0.000175655906787, 0.000193611165741, 0.000143130513607, 9.88085230347e-05, 0.000219805820961, 0.00065330194775, 0.00028738277615, 0.000159405535669, 0.000150745356223, 0.000167922509718, 0.000156022200827, 7.00291420799e-05, 1.24528587548e-05, 1.56129272e-06], "dmean2": [0.000400300457841, 0.00476632546633, 0.00810909830034, 0.00721505377442, 0.00557778868824, 0.00178175105248, 0.00117949105334, 0.000740237417631, 0.000567145412788, 0.000245647563133, 0.000164413024322, 0.00015882345906, 0.000203906660317, 0.000160854629939, 0.000174242057255, 0.000138492483529, 9.70373075688e-05, 0.000174243104993, 0.000463699368993, 0.000236016450799, 0.000157238842803, 0.000145466023241, 0.000164166442119, 0.000136652626679, 7.30821629986e-05, 1.39886897159e-05, 1.84168368378e-06], "dvar": [3.15793329264e-07, 7.90600897744e-05, 0.000100378892967, 5.13903869432e-05, 8.99940714589e-05, 4.31852322436e-06, 3.93656591768e-06, 1.76803598606e-06, 1.63745266946e-06, 3.91910361941e-07, 6.2901939657e-08, 1.60314485242e-07, 1.51630885625e-07, 6.97588689036e-08, 1.01390369878e-07, 4.73418353408e-08, 2.15013447047e-08, 9.32969115297e-08, 6.0878022623e-07, 1.14477693103e-07, 1.05208094681e-07, 8.48056771474e-08, 1.74054704871e-07, 1.06432501923e-07, 2.13098534374e-08, 6.27430774003e-10, 9.49320049654e-12], "dmean": [0.000262773100985, 0.00287540722638, 0.00461976137012, 0.00428703287616, 0.00327350129373, 0.00111065176316, 0.000717942253686, 0.000441510987002, 0.000376268144464, 0.000164387194673, 0.000107919782749, 0.000104765058495, 0.000137320763315, 0.000106634804979, 0.000117504707305, 9.08066285774e-05, 6.27450863249e-05, 0.000119799340609, 0.000325185712427, 0.000158782248036, 0.000108590604214, 0.000102499754576, 0.000115206144983, 9.86200611806e-05, 5.0765236665e-05, 9.57234988164e-06, 1.27804264594e-06], "max": [0.0089981649071, 0.154499232769, 0.136865541339, 0.120809458196, 0.160497382283, 0.042695440352, 0.0658276453614, 0.023955643177, 0.043941821903, 0.0198895893991, 0.0104528171942, 0.0211150869727, 0.0104607185349, 0.00748651335016, 0.00754472147673, 0.00545415841043, 0.00286784023046, 0.00893812533468, 0.0178449582309, 0.010169249028, 0.0108784772456, 0.00541009753942, 0.0179069917649, 0.0100973555818, 0.00320563395508, 0.000408583349781, 6.03869448241e-05], "min": [8.42718411373e-25, 2.7340455638e-24, 8.69550824811e-25, 1.04445637446e-24, 5.41318759188e-24, 5.51912490614e-24, 8.3329223353e-24, 1.17601482596e-23, 1.89879024991e-23, 7.64276922857e-24, 1.80680891058e-23, 2.18058666915e-23, 2.77404388825e-23, 3.24056013484e-23, 3.47559114413e-23, 5.15295965531e-23, 6.70893888148e-23, 8.82582818798e-23, 1.34483442022e-22, 1.61263401732e-22, 2.73186898612e-22, 3.08482075368e-22, 4.43499418451e-22, 5.34740863041e-22, 9.27487671909e-22, 1.2055991