{"tonal": {"hpcp": {"dvar": [0.0482989288867, 0.0478278025985, 0.0472286827862, 0.0511995106936, 0.0572175383568, 0.0592404678464, 0.0692153945565, 0.0596261247993, 0.0451826266944, 0.0417054966092, 0.0415291078389, 0.0408096201718, 0.0465481206775, 0.044581528753, 0.0330764986575, 0.0321535915136, 0.0348246358335, 0.0410963483155, 0.0442641936243, 0.033881302923, 0.0376942642033, 0.0322341397405, 0.0212108660489, 0.027903996408, 0.0311133805662, 0.0185700915754, 0.0250048153102, 0.042516771704, 0.0419466085732, 0.0326839834452, 0.0317356958985, 0.0373183563352, 0.0487059652805, 0.0501317121089, 0.0697153583169, 0.0675056502223], "var": [0.0390211008489, 0.0342776402831, 0.0376073680818, 0.0625829622149, 0.0732255503535, 0.0644761770964, 0.103163294494, 0.0824208855629, 0.0397319346666, 0.0315373688936, 0.0305120255798, 0.0469015054405, 0.125530689955, 0.101741626859, 0.0347690731287, 0.0259667206556, 0.0307276453823, 0.0498371608555, 0.0764388516545, 0.0449939705431, 0.0358831882477, 0.0457278974354, 0.0327999666333, 0.0198924690485, 0.0206982530653, 0.0151747763157, 0.0284916292876, 0.0831390395761, 0.0740942656994, 0.0387823730707, 0.0610827542841, 0.0375990122557, 0.0473889708519, 0.073221065104, 0.0812392309308, 0.0603064596653], "median": [0.0104250172153, 0.00857211835682, 0.02141921781, 0.050787512213, 0.0569514408708, 0.0638278797269, 0.0830208137631, 0.059660602361, 0.0189053267241, 0.00578283332288, 0.00597827462479, 0.0264792274684, 0.058851711452, 0.0512159988284, 0.0187986120582, 0.00758539699018, 0.00851302128285, 0.0186998900026, 0.0305184368044, 0.0312129855156, 0.0182534866035, 0.0104909818619, 0.00836906023324, 0.0075127328746, 0.00834080204368, 0.00905227847397, 0.0211958754808, 0.0384728051722, 0.0344637036324, 0.0172780267894, 0.00886919535697, 0.00898892898113, 0.0285866111517, 0.0631519556046, 0.0571237616241, 0.0188504699618], "max": [1, 1, 1, 1, 1, 1, 1, 1, 1, 1, 1, 1, 1, 1, 1, 1, 1, 1, 1, 1, 1, 1, 1, 1, 1, 1, 1, 1, 1, 1, 1, 1, 1, 1, 1, 1], "dmean": [0.120037920773, 0.112785741687, 0.116798713803, 0.147890016437, 0.160388529301, 0.171025425196, 0.193177089095, 0.172208502889, 0.114341840148, 0.0955121219158, 0.101875029504, 0.126136422157, 0.136113449931, 0.138553231955, 0.0964719280601, 0.081495448947, 0.0938050374389, 0.113054446876, 0.116729065776, 0.104830704629, 0.0999403297901, 0.0888822376728, 0.0687500610948, 0.0716873928905, 0.0700876638293, 0.0611497834325, 0.0894134789705, 0.129011839628, 0.126706153154, 0.0966074243188, 0.0815390497446, 0.0983853116632, 0.131732195616, 0.155436366796, 0.180524125695, 0.162216976285], "dmean2": [0.218980044127, 0.208499535918, 0.21062925458, 0.256786346436, 0.283006519079, 0.301117479801, 0.337155163288, 0.298858702183, 0.204654857516, 0.173245221376, 0.185883149505, 0.222697779536, 0.233330100775, 0.235687062144, 0.168842896819, 0.146740213037, 0.169283270836, 0.197116032243, 0.197888851166, 0.181989386678, 0.176663592458, 0.154290705919, 0.117912046611, 0.130544126034, 0.129222199321, 0.109926275909, 0.152521789074, 0.219324335456, 0.214989379048, 0.169878557324, 0.144669026136, 0.178077369928, 0.233428508043, 0.268262326717, 0.315186083317, 0.291877686977], "mean": [0.0907824933529, 0.0784288346767, 0.0984938442707, 0.173938840628, 0.189334973693, 0.177057608962, 0.248680993915, 0.207347393036, 0.0983336046338, 0.0699794963002, 0.0724478065968, 0.135160639882, 0.259318232536, 0.227915942669, 0.0956029593945, 0.0642642229795, 0.0749773830175, 0.118241883814, 0.156567558646, 0.120771341026, 0.0899193286896, 0.102936774492, 0.0805753841996, 0.0560833103955, 0.0534529238939, 0.0504970178008, 0.0936862751842, 0.184374883771, 0.169304490089, 0.108414433897, 0.10863301903, 0.0964636281133, 0.125921145082, 0.197677254677, 0.197269588709, 0.1337479949], "dvar2": [0.129786074162, 0.130789116025, 0.129659488797, 0.135872140527, 0.146510139108, 0.163058593869, 0.181046575308, 0.154333487153, 0.117656052113, 0.112582415342, 0.114498287439, 0.109533853829, 0.109307713807, 0.109735041857, 0.0883060842752, 0.087520904839, 0.0927467122674, 0.105269938707, 0.100242786109, 0.0865186303854, 0.0999408885837, 0.0821986719966, 0.0512899570167, 0.0777454376221, 0.0883919298649, 0.0500218607485, 0.0634418353438, 0.101694054902, 0.100954800844, 0.0886783152819, 0.0830586701632, 0.100722238421, 0.133559823036, 0.126375034451, 0.177042365074, 0.182605028152], "min": [0, 0, 0, 0, 0, 0, 0, 0, 0, 0, 0, 0, 0, 0, 0, 0, 0, 0, 0, 0, 0, 0, 0, 0, 0, 0, 0, 0, 0, 0, 0, 0, 0, 0, 0, 0]}, "key_key": "B", "thpcp": [1, 0.878904402256, 0.368670403957, 0.247819915414, 0.289132714272, 0.455972105265, 0.603766083717, 0.46572637558, 0.346752822399, 0.396951556206, 0.310720086098, 0.21627214551, 0.206128671765, 0.194729909301, 0.361279159784, 0.710998535156, 0.652883112431, 0.418074846268, 0.418917775154, 0.371989369392, 0.485585391521, 0.762296020985, 0.760723948479, 0.515767812729, 0.350081413984, 0.30244243145, 0.379818439484, 0.670754373074, 0.730125963688, 0.682781159878, 0.958979964256, 0.799586653709, 0.379200518131, 0.269859522581, 0.279377996922, 0.521215319633], "chords_key": "F#", "tuning_equal_tempered_deviation": 0.119527168572, "tuning_frequency": 437.718536377, "tuning_diatonic_strength": 0.608089089394, "chords_histogram": [11.0202560425, 9.90522193909, 21.8546733856, 0.148671254516, 1.37520909309, 0, 0.185839056969, 0.520349383354, 3.67961335182, 1.6911355257, 0.446013748646, 0, 0, 0, 0, 7.730905056, 0.594685018063, 2.32298827171, 0, 3.92120432854, 0.669020652771, 17.9892215729, 3.67961335182, 12.2653779984], "key_strength": 0.671888649464, "key_scale": "major", "chords_strength": {"dvar": 0.000112747766252, "var": 0.00771191017702, "median": 0.485844999552, "max": 0.762163460255, "dmean": 0.0128567153588, "dmean2": 0.0135213779286, "mean": 0.486734330654, "dvar2": 0.000149472500198, "min": 0.225492849946}, "chords_number_rate": 0.00223006866872, "tuning_nontempered_energy_ratio": 0.83346414566, "hpcp_entropy": {"dvar": 0.264644682407, "var": 0.49323746562, "median": 2.07393074036, "max": 4.32755327225, "dmean": 0.6025583148, "dmean2": 1.01527655125, "mean": 2.03535890579, "dvar2": 0.727451384068, "min": 0}, "chords_changes_rate": 0.0880877152085, "chords_scale": "major"}, "rhythm": {"bpm_histogram_first_peak_spread": {"dvar": 0, "var": 0, "median": 0.332500040531, "max": 0.332500040531, "dmean": 0, "dmean2": 0, "mean": 0.332500040531, "dvar2": 0, "min": 0.332500040531}, "bpm_histogram_first_peak_weight": {"dvar": 0, "var": 0, "median": 0.646489083767, "max": 0.646489083767, "dmean": 0, "dmean2": 0, "mean": 0.646489083767, "dvar2": 0, "min": 0.646489083767}, "bpm_histogram_first_peak_bpm": {"dvar": 0, "var": 0, "median": 99, "max": 99, "dmean": 0, "dmean2": 0, "mean": 99, "dvar2": 0, "min": 99}, "bpm": 99.9350662231, "bpm_histogram_second_peak_weight": {"dvar": 0, "var": 0, "median": 0.0169491525739, "max": 0.0169491525739, "dmean": 0, "dmean2": 0, "mean": 0.0169491525739, "dvar2": 0, "min": 0.0169491525739}, "beats_loudness": {"dvar": 0.0131217725575, "var": 0.0144299259409, "median": 0.0479174852371, "max": 0.44798886776, "dmean": 0.121110662818, "dmean2": 0.215750172734, "mean": 0.118815995753, "dvar2": 0.0341661088169, "min": 0.000411566084949}, "beats_loudness_band_ratio": {"dvar": [0.125627860427, 0.0190740302205, 0.0174695104361, 0.020669747144, 0.0109516335651, 0.0107147730887], "var": [0.152700394392, 0.0227156523615, 0.0191662721336, 0.028061164543, 0.0120402025059, 0.00785728637129], "median": [0.333111256361, 0.0733337029815, 0.0558144897223, 0.0527220964432, 0.0550704449415, 0.0114880632609], "max": [0.995945990086, 0.852756798267, 0.776905477047, 0.858771681786, 0.463205516338, 0.847339987755], "dmean": [0.385414153337, 0.125859200954, 0.125215262175, 0.170020416379, 0.136183217168, 0.0651546865702], "dmean2": [0.710133969784, 0.2186563164, 0.222603365779, 0.303309947252, 0.255381375551, 0.114010624588], "mean": [0.486066132784, 0.133877635002, 0.110077090561, 0.137408792973, 0.103875227273, 0.0478475801647], "dvar2": [0.261019766331, 0.0516093373299, 0.0437747724354, 0.0517288148403, 0.0321058221161, 0.0293994136155], "min": [0.0012366384035, 0.00180779455695, 0.000263668509433, 0.000117876210425, 0.000122948025819, 0.000167529695318]}, "bpm_histogram_second_peak_bpm": {"dvar": 0, "var": 0, "median": 88, "max": 88, "dmean": 0, "dmean2": 0, "mean": 88, "dvar2": 0, "min": 88}, "onset_rate": 3.86272740364, "beats_count": 414, "beats_position": [0.66176867485, 1.34675729275, 2.02013611794, 2.63546490669, 3.23918366432, 3.83129239082, 4.43501138687, 5.0387301445, 5.64244890213, 6.24616765976, 6.84988641739, 7.45360517502, 8.04571437836, 8.63782310486, 9.24154186249, 9.85687065125, 10.4489793777, 11.0526981354, 11.6448068619, 12.2369155884, 12.840634346, 13.4443531036, 14.0480718613, 14.6517915726, 15.2439002991, 15.8360090256, 16.4397277832, 17.0434455872, 17.6471652985, 18.2508831024, 18.8546028137, 19.4467124939, 20.0388202667, 20.642539978, 21.246257782, 21.8499774933, 22.4420852661, 23.0458049774, 23.6379127502, 24.2416324615, 24.8453502655, 25.4490699768, 26.0527877808, 26.6565074921, 27.2486171722, 27.8407249451, 28.4444446564, 29.0481624603, 29.6518821716, 30.2439899445, 30.8360996246, 31.4398174286, 32.0435371399, 32.6472549438, 33.2509727478, 33.8546943665, 34.4351921082, 35.0389099121, 35.6426315308, 36.2579574585, 36.8616790771, 37.4537849426, 38.0575065613, 38.6496124268, 39.2417221069, 39.8454399109, 40.4491615295, 41.0528793335, 41.6449890137, 42.2370948792, 42.8408164978, 43.4445343018, 44.0482521057, 44.6519737244, 45.2440795898, 45.8478012085, 46.439907074, 47.0436286926, 47.6473464966, 48.2510643005, 48.8431739807, 49.4352836609, 50.0390014648, 50.6427192688, 51.2464370728, 51.8501586914, 52.4538764954, 53.0459861755, 53.6380958557, 54.2418136597, 54.8455314636, 55.4492492676, 56.0529708862, 56.6566886902, 57.2604064941, 57.8525161743, 58.4446258545, 59.0483436584, 59.6520614624, 60.2441711426, 60.8362808228, 61.4399986267, 62.0437164307, 62.6474380493, 63.2395439148, 63.8432655334, 64.4353713989, 65.0390930176, 65.6428070068, 66.2465286255, 66.8502502441, 67.4539642334, 68.0460739136, 68.6381835938, 69.2419052124, 69.8456192017, 70.4493408203, 71.0414505005, 71.6335601807, 72.2372741699, 72.8409957886, 73.4447174072, 74.0484313965, 74.6521530151, 75.2558746338, 75.8479766846, 76.4400863647, 77.0438079834, 77.6475296021, 78.2512435913, 78.85496521, 79.4470748901, 80.0391845703, 80.6428985596, 81.2466201782, 81.8503417969, 82.4540557861, 83.0577774048, 83.649887085, 84.2536010742, 84.8573226929, 85.449432373, 86.0531539917, 86.6452560425, 87.2373657227, 87.8410873413, 88.44480896, 89.0485229492, 89.6522445679, 90.244354248, 90.8364639282, 91.4401779175, 92.0438995361, 92.6476211548, 93.251335144, 93.8550567627, 94.4355545044, 95.039276123, 95.6429901123, 96.246711731, 96.8504257202, 97.4425354004, 98.0346450806, 98.6383666992, 99.2420806885, 99.8458023071, 100.449523926, 101.041633606, 101.633743286, 102.237457275, 102.841178894, 103.444892883, 104.048614502, 104.652336121, 105.25605011, 105.859771729, 106.463493347, 107.055595398, 107.647705078, 108.251426697, 108.843536377, 109.447257996, 110.039360046, 110.643081665, 111.246803284, 111.838912964, 112.431015015, 113.034736633, 113.638458252, 114.242172241, 114.84589386, 115.449615479, 116.053329468, 116.645439148, 117.237548828, 117.841270447, 118.444984436, 119.048706055, 119.652427673, 120.244529724, 120.836639404, 121.440361023, 122.044082642, 122.647796631, 123.25151825, 123.855232239, 124.447341919, 125.051063538, 125.643173218, 126.246894836, 126.850608826, 127.442718506, 128.034820557, 128.638549805, 129.242263794, 129.845977783, 130.449707031, 131.053421021, 131.65713501, 132.249252319, 132.84135437, 133.445083618, 134.048797607, 134.652511597, 135.244628906, 135.836730957, 136.440444946, 137.044174194, 137.647888184, 138.239990234, 138.832107544, 139.435821533, 140.039550781, 140.643264771, 141.24697876, 141.850692749, 142.442810059, 143.046524048, 143.638641357, 144.242355347, 144.846069336, 145.449798584, 146.041900635, 146.634017944, 147.237731934, 147.841445923, 148.445159912, 149.04888916, 149.640991211, 150.244720459, 150.83682251, 151.440536499, 152.044265747, 152.647979736, 153.251693726, 153.855422974, 154.435913086, 155.039627075, 155.643356323, 156.247070312, 156.850784302, 157.442901611, 158.035003662, 158.63873291, 159.242446899, 159.846160889, 160.449890137, 161.053604126, 161.634094238, 162.237823486, 162.841537476, 163.445251465, 164.048980713, 164.641082764, 165.233200073, 165.836914062, 166.440628052, 167.0443573, 167.648071289, 168.24017334, 168.832290649, 169.436004639, 170.039718628, 170.643447876, 171.247161865, 171.850875854, 172.454605103, 173.058319092, 173.650421143, 174.242538452, 174.846252441, 175.449981689, 176.053695679, 176.645797729, 177.237915039, 177.841629028, 178.445343018, 179.049072266, 179.664398193, 180.256500244, 180.848617554, 181.440719604, 182.044433594, 182.648162842, 183.251876831, 183.843994141, 184.436096191, 185.039810181, 185.643539429, 186.247253418, 186.850967407, 187.443084717, 188.035186768, 188.638900757, 189.242630005, 189.846343994, 190.450057983, 191.053787231, 191.645889282, 192.238006592, 192.841720581, 193.44543457, 194.049163818, 194.652877808, 195.244979858, 195.837097168, 196.440811157, 197.044525146, 197.648254395, 198.240356445, 198.832473755, 199.436187744, 200.039901733, 200.643630981, 201.247344971, 201.85105896, 202.44317627, 203.03527832, 203.63899231, 204.242721558, 204.846435547, 205.450149536, 206.053878784, 206.645980835, 207.238098145, 207.841812134, 208.457138062, 209.072463989, 209.676193237, 210.291519165, 210.906845093, 211.522171021, 212.149108887, 212.764434814, 213.379776001, 214.064758301, 214.749740601, 215.434738159, 216.108108521, 216.781494141, 217.420043945, 218.046981812, 218.662307739, 219.266021729, 219.881362915, 220.473464966, 221.065567017, 221.657684326, 222.249786377, 222.841903687, 223.434005737, 224.037734985, 224.664672852, 225.291610718, 225.883712769, 226.475830078, 227.067932129, 227.671646118, 228.263763428, 228.855865479, 229.459594727, 230.051696777, 230.643798828, 231.247528076, 231.851242065, 232.443344116, 233.035461426, 233.639175415, 234.242904663, 234.846618652, 235.450332642, 236.042449951, 236.634552002, 237.238265991, 237.841995239, 238.445709229, 239.049423218, 239.653152466, 240.245254517, 240.837371826, 241.441085815, 242.044799805, 242.648529053, 243.240631104, 243.832733154, 244.436462402, 245.040176392, 245.643890381, 246.247619629, 246.793289185, 247.35055542, 247.907836914, 248.476730347, 249.045623779], "danceability": 1.25218009949, "bpm_histogram_second_peak_spread": {"dvar": 0, "var": 0, "median": 0, "max": 0, "dmean": 0, "dmean2": 0, "mean": 0, "dvar2": 0, "min": 0}}, "lowlevel": {"spectral_flux": {"dvar": 0.00359036051668, "var": 0.00781150953844, "median": 0.0739961341023, "max": 0.621700465679, "dmean": 0.0396072603762, "dmean2": 0.0616463348269, "mean": 0.0967152789235, "dvar2": 0.00719348806888, "min": 1.06569503222e-10}, "spectral_rolloff": {"dvar": 1863409.125, "var": 3529750.75, "median": 861.328125, "max": 18906.1523438, "dmean": 518.53515625, "dmean2": 875.241394043, "mean": 1357.54772949, "dvar2": 3863405.5, "min": 64.599609375}, "barkbands_flatness_db": {"dvar": 0.000948009372223, "var": 0.00604326184839, "median": 0.175657749176, "max": 0.563889324665, "dmean": 0.0301674082875, "dmean2": 0.0441166944802, "mean": 0.185682117939, "dvar2": 0.00190513557754, "min": 0.0297197178006}, "spectral_centroid": {"dvar": 126520.90625, "var": 393066.40625, "median": 862.290283203, "max": 10978.7802734, "dmean": 231.446456909, "dmean2": 343.650543213, "mean": 1003.76470947, "dvar2": 230930.53125, "min": 92.3017959595}, "melbands_skewness": {"dvar": 2.06244587898, "var": 10.3743019104, "median": 2.22037935257, "max": 29.8837871552, "dmean": 1.04367315769, "dmean2": 1.55664229393, "mean": 3.15429878235, "dvar2": 4.33695411682, "min": -4.01393699646}, "melbands": {"dvar": [0.00012882334704, 5.90766394453e-05, 1.25394553834e-05, 5.99408110702e-07, 3.82374906849e-07, 1.70129837329e-07, 7.05738401052e-08, 1.10375879103e-07, 1.77349775754e-07, 9.72138280986e-08, 4.82795826429e-07, 1.29473477273e-07, 3.98142319114e-08, 2.84944032813e-08, 4.18370937894e-08, 3.50746311994e-08, 5.35124797807e-08, 2.35002683979e-08, 3.34713519123e-08, 5.62252644443e-09, 2.08503636578e-09, 1.01688502063e-09, 8.85007553353e-11, 5.74358442751e-11, 9.12797198938e-11, 6.5235719604e-11, 8.44448469484e-11, 2.87054095771e-11, 1.11861709132e-11, 4.89003499152e-12, 1.77851795791e-11, 2.36258981129e-11, 1.0666505873e-11, 1.19619167002e-11, 1.0899992714e-11, 6.4584834876e-12, 7.1376082128e-12, 1.61870950671e-11, 1.5187072086e-11, 1.46192034173e-11], "var": [0.000225498486543, 8.39612766868e-05, 9.29809903027e-06, 1.17429806323e-06, 7.90766193859e-07, 2.93648554361e-07, 1.10228214112e-07, 1.82582994057e-07, 5.52816118216e-07, 2.86889928702e-07, 5.99370025611e-07, 1.59006233957e-07, 3.61763419221e-08, 3.55714107059e-08, 5.2177931309e-08, 6.41159871861e-08, 2.70369440614e-07, 2.856508452e-08, 3.74763367006e-08, 5.95322280361e-09, 2.5922493041e-09, 1.48460521654e-09, 1.47737655443e-10, 8.17957923616e-11, 8.52282203145e-11, 9.66473984176e-11, 2.37754704813e-10, 7.02981353684e-11, 1.51510158586e-11, 6.36329574102e-12, 1.73615948007e-11, 2.28654109535e-11, 1.67374378246e-11, 1.86715330697e-11, 2.35947841126e-11, 1.71937741822e-11, 1.75736179081e-11, 3.90084596569e-11, 4.36190840392e-11, 4.19431885057e-11], "median": [4.25384059781e-05, 0.000638626806904, 0.000401193479775, 0.000307176902425, 0.000282308959868, 9.81830089586e-05, 4.74802072858e-05, 6.77356583765e-05, 6.31876318948e-05, 3.7317724491e-05, 2.45454684773e-05, 2.98120357911e-05, 2.54572805716e-05, 9.2931513791e-06, 8.06296338851e-06, 6.3775369199e-06, 1.33857547553e-05, 1.20353088278e-05, 1.67887519638e-05, 6.86409021e-06, 5.21629181094e-06, 3.46970546161e-06, 2.48884452958e-06, 1.33199762331e-06, 6.06915364187e-07, 8.81730443325e-07, 9.03442014533e-07, 5.49239985048e-07, 2.88702892703e-07, 1.88197347484e-07, 1.79755630825e-07, 1.89307399978e-07, 2.71266230811e-07, 2.2259968091e-07, 1.54330635382e-07, 1.06058749338e-07, 1.45838555454e-07, 2.70348209597e-07, 3.4148374084e-07, 3.37203346135e-07], "max": [0.128925457597, 0.0829100757837, 0.037623308599, 0.0117435203865, 0.0147304432467, 0.00846420880407, 0.00719341821969, 0.00934507977217, 0.01110264007, 0.0105436164886, 0.0100560607389, 0.00549207534641, 0.00300554395653, 0.00481335539371, 0.00647094333544, 0.00653303833678, 0.0114529198036, 0.00355440657586, 0.00283464696258, 0.00158257747535, 0.00107675022446, 0.000833140569739, 0.000197920016944, 0.000189591228263, 0.000295525271213, 0.000181029565283, 0.000225955198403, 0.000203603267437, 5.44893373444e-05, 6.71679226798e-05, 0.000125359540107, 9.47061780607e-05, 0.000134167639771, 0.000143851706525, 0.000152050881297, 7.75520529714e-05, 8.53168239701e-05, 9.50387184275e-05, 0.000120000033348, 0.000113773443445], "dmean": [0.00376963173039, 0.00267140450887, 0.000961752200965, 0.000434401532402, 0.000360233534593, 0.000194492589799, 0.000111237379315, 0.000141472482937, 0.000184147342225, 0.000132198430947, 0.000223102790187, 0.000116560178867, 6.21117869741e-05, 5.33747879672e-05, 5.5192187574e-05, 4.58386130049e-05, 5.69761068618e-05, 4.41582342319e-05, 5.45497969142e-05, 2.33469218074e-05, 1.56551686814e-05, 1.08165695565e-05, 4.11351811636e-06, 2.82311111732e-06, 2.5886149615e-06, 3.10860082209e-06, 3.39774965141e-06, 2.0751485863e-06, 1.36538824336e-06, 8.51553295433e-07, 1.44224668475e-06, 1.71042017882e-06, 1.15714544791e-06, 9.54521624408e-07, 8.62159652115e-07, 8.10760639069e-07, 8.79810613696e-07, 1.40362249113e-06, 1.28488329665e-06, 1.43421380017e-06], "dmean2": [0.00564557686448, 0.00453123589978, 0.00166950095445, 0.000665464089252, 0.000547677394934, 0.000297353981296, 0.000174803950358, 0.000218530854909, 0.000287674251013, 0.000205306161661, 0.00037929872633, 0.000192715480807, 0.000106824169052, 8.92530733836e-05, 9.50626272243e-05, 7.31914551579e-05, 8.46306429594e-05, 7.07428116584e-05, 9.14705451578e-05, 3.84638660762e-05, 2.52271638601e-05, 1.74218930624e-05, 6.59035640638e-06, 4.45025352747e-06, 4.21829736297e-06, 4.82206087327e-06, 5.29311364517e-06, 3.30389889314e-06, 2.07847574529e-06, 1.35243317345e-06, 2.5009953788e-06, 3.00005922327e-06, 1.87518071471e-06, 1.40814063343e-06, 1.23905761029e-06, 1.18316381759e-06, 1.25552639929e-06, 2.03778040486e-06, 1.79660332833e-06, 2.08248752642e-06], "mean": [0.00604072771966, 0.00447310181335, 0.00116171559785, 0.000726127298549, 0.000584343564697, 0.000291028816719, 0.000158038790687, 0.000216517044464, 0.000311971962219, 0.000237806510995, 0.000287195813144, 0.000150126987137, 8.07090182207e-05, 6.73800313962e-05, 6.17266487097e-05, 5.52465498913e-05, 0.000151404208736, 6.66737541906e-05, 8.41993823997e-05, 3.17550293403e-05, 2.09930658457e-05, 1.50203222802e-05, 6.63131913825e-06, 4.2049628064e-06, 2.9960970096e-06, 4.35711990576e-06, 5.9274175328e-06, 3.09610459226e-06, 1.61984019087e-06, 1.00700833627e-06, 1.4458419173e-06, 1.71317719833e-06, 1.41897362482e-06, 1.2581468809e-06, 1.18590571674e-06, 1.18504908642e-06, 1.35185587169e-06, 2.19714002014e-06, 2.24071618504e-06, 2.19903222387e-06], "dvar2": [0.000276237231446, 0.000157774818945, 3.47836175933e-05, 1.26479108076e-06, 8.22683603019e-07, 3.65610134168e-07, 1.65540157582e-07, 2.52517907029e-07, 3.99215679181e-07, 2.26905470413e-07, 1.35927564315e-06, 3.50550521944e-07, 1.1161100133e-07, 7.54940643333e-08, 1.11888908805e-07, 7.59343095069e-08, 1.01388287987e-07, 5.78896504067e-08, 9.20351084233e-08, 1.52168517786e-08, 5.26844301518e-09, 2.54472176664e-09, 2.24279789185e-10, 1.40611064459e-10, 2.35969355167e-10, 1.59881066719e-10, 2.00790425953e-10, 6.80791950591e-11, 2.62827624248e-11, 1.10083782368e-11, 4.76074006606e-11, 6.43560066349e-11, 2.4075330271e-11, 2.76137307464e-11, 2.03870288706e-11, 1.11795546778e-11, 1.38168287575e-11, 3.1135524714e-11, 2.65823977413e-11, 2.65695989515e-11], "min": [4.53118627401e-24, 1.95380888042e-24, 6.79153151385e-24, 1.17594094913e-24, 1.08239620583e-23, 1.72654988654e-23, 6.53123502526e-24, 2.31502789449e-24, 1.77630275219e-24, 3.03414166278e-24, 4.48449044159e-24, 7.58662363136e-24, 7.89367353922e-24, 9.86769698034e-24, 8.34553543231e-24, 9.35498630132e-24, 8.84299348573e-24, 1.3930762938e-23, 1.117544219e-23, 7.10506428063e-24, 4.24878314185e-24, 7.641122087e-24, 4.41931002044e-24, 8.15742602744e-24, 8.99060671604e-24, 1.31738627324e-23, 8.41857685239e-24, 7.75996556009e-24, 8.29261154304e-24, 8.56184345911e-24, 9.48972926596e-24, 7.14506031739e-24, 1.03665986492e-23, 1.44360267701e-23, 7.916989901e-24, 1.00916632688e-23, 6.99921965753e-24, 9.21586279208e-24, 9.88068951945e-24, 7.6325100925e-24]}, "spectral_decrease": {"dvar": 1.17633646079e-16, "var": 2.68722499536e-16, "median": -5.56741097668e-09, "max": -1.66716425401e-29, "dmean": 5.19475840122e-09, "dmean2": 7.96535903902e-09, "mean": -1.16436069675e-08, "dvar2": 2.35827154466e-16, "min": -1.20678578241e-07}, "barkbands_kurtosis": {"dvar": 1960.41821289, "var": 3991.66357422, "median": 3.11192464828, "max": 1473.31896973, "dmean": 12.3136558533, "dmean2": 19.1248874664, "mean": 18.5232753754, "dvar2": 4842.72070312, "min": -1.93680870533}, "silence_rate_30dB": {"dvar": 0.056596711278, "var": 0.109727561474, "median": 1, "max": 1, "dmean": 0.0602286458015, "dmean2": 0.120468489826, "mean": 0.874535322189, "dvar2": 0.122881688178, "min": 0}, "gfcc": {"mean": [-31.1501541138, 96.951210022, -102.987060547, 10.2020378113, -47.0943031311, 19.4194202423, -52.1035842896, 10.3538064957, -25.85754776, -0.609141588211, -22.9169158936, -9.01728725433, -5.41394519806], "cov": [[7034.69189453, -1800.43566895, 350.064239502, 208.013473511, -600.543945312, 310.406799316, 50.8858032227, 221.353286743, -245.051834106, 366.182556152, -191.531723022, 54.3472251892, -125.210762024], [-1800.43566895, 2190.80883789, -70.2826080322, -186.697235107, 526.039855957, -211.916091919, 133.626144409, -37.4326705933, 229.269607544, -193.938812256, 174.281143188, -134.606079102, 143.543746948], [350.064239502, -70.2826080322, 1494.5546875, 540.282348633, 152.905105591, 294.822998047, 115.938247681, 144.206802368, 71.1204986572, 90.8455963135, 89.1649475098, 130.658126831, 49.8354301453], [208.013473511, -186.697235107, 540.282348633, 786.010864258, 177.477478027, 127.855796814, 196.801727295, 112.684669495, 154.422866821, 71.6877059937, 134.549514771, 92.1131439209, 68.1049804688], [-600.543945312, 526.039855957, 152.905105591, 177.477478027, 587.143371582, 115.376182556, 143.781448364, 17.4653682709, 139.004058838, 6.26041412354, 108.81035614, 22.9260025024, 87.2718505859], [310.406799316, -211.916091919, 294.822998047, 127.855796814, 115.376182556, 375.049224854, 128.133361816, 40.4210281372, 27.8001670837, 57.4891204834, 10.8111810684, 44.7837905884, 6.88038349152], [50.8858032227, 133.626144409, 115.938247681, 196.801727295, 143.781448364, 128.133361816, 400.086853027, 132.197769165, 130.597122192, 59.1595802307, 88.7743835449, 49.9434890747, 25.3789901733], [221.353286743, -37.4326705933, 144.206802368, 112.684669495, 17.4653682709, 40.4210281372, 132.197769165, 247.542526245, 97.1150436401, 54.5268096924, 62.9964408875, 28.2159233093, 13.8140363693], [-245.051834106, 229.269607544, 71.1204986572, 154.422866821, 139.004058838, 27.8001670837, 130.597122192, 97.1150436401, 280.805267334, 45.1744422913, 74.2376937866, 22.2617835999, 31.2915096283], [366.182556152, -193.938812256, 90.8455963135, 71.6877059937, 6.26041412354, 57.4891204834, 59.1595802307, 54.5268096924, 45.1744422913, 153.459625244, 49.0516891479, 20.0435371399, -12.222322464], [-191.531723022, 174.281143188, 89.1649475098, 134.549514771, 108.81035614, 10.8111810684, 88.7743835449, 62.9964408875, 74.2376937866, 49.0516891479, 189.901046753, 27.1001281738, 21.6774578094], [54.3472251892, -134.606079102, 130.658126831, 92.1131439209, 22.9260025024, 44.7837905884, 49.9434890747, 28.2159233093, 22.2617835999, 20.0435371399, 27.1001281738, 152.302474976, 25.4004650116], [-125.210762024, 143.543746948, 49.8354301453, 68.1049804688, 87.2718505859, 6.88038349152, 25.3789901733, 13.8140363693, 31.2915096283, -12.222322464, 21.6774578094, 25.4004650116, 124.111465454]], "icov": [[0.000217166874791, 4.25742000516e-05, 6.35709056951e-06, -8.32818768686e-05, 0.000143856741488, -0.000103932252387, -2.36106079683e-05, -0.00018634017033, 0.00021806206496, -0.000476604676805, 0.000265751528786, 4.20789656346e-05, -1.37707256727e-05], [4.25742000516e-05, 0.00141904130578, -0.000455647939816, 0.000966685649473, -0.000896961952094, 0.000974168418907, -0.000756518857088, 0.000527968048118, -0.000972996582277, 0.00172272964846, -0.00124393648002, 0.00133328116499, -0.000913755618967], [6.35709056951e-06, -0.000455647939816, 0.00122504832689, -0.000954341841862, 0.00023316842271, -0.000967982108705, 0.000618933467194, -0.000629334594123, 0.000535721483175, -0.000693494919688, 0.000420900934841, -0.000825961411465, 0.000290536350803], [-8.32818768686e-05, 0.000966685649473, -0.000954341841862, 0.00283713382669, -0.000734687899239, 0.000801255460829, -0.00101802870631, 0.00059569242876, -0.00132392544765, 0.00132404570468, -0.00165919784922, 0.000587972404901, -0.00112799543422], [0.000143856741488, -0.000896961952094, 0.00023316842271, -0.000734687899239, 0.00323282578029, -0.00137792527676, 6.08817354077e-05, 0.000255641527474, -8.81440355442e-05, -0.000943252758589, -8.09097691672e-05, -0.000479718582937, -0.000704049656633], [-0.000103932252387, 0.000974168418907, -0.000967982108705, 0.000801255460829, -0.00137792527676, 0.00458919582888, -0.00158975704107, 0.000669801956974, -0.000413616624428, 0.000436660659034, -6.24339518254e-05, 0.000558842613827, -0.000273691432085], [-2.36106079683e-05, -0.000756518857088, 0.000618933467194, -0.00101802870631, 6.08817354077e-05, -0.00158975704107, 0.0044352542609, -0.00172544084489, -0.000170086539583, -0.00106308178511, 9.46282161749e-05, -0.00121438223869, 0.000661878148094], [-0.00018634017033, 0.000527968048118, -0.000629334594123, 0.00059569242876, 0.000255641527474, 0.000669801956974, -0.00172544084489, 0.00623184908181, -0.00190229003783, 0.000330437411321, -0.00157576287165, 0.000528846168891, -0.000751347048208], [0.00021806206496, -0.000972996582277, 0.000535721483175, -0.00132392544765, -8.81440355442e-05, -0.000413616624428, -0.000170086539583, -0.00190229003783, 0.00614576227963, -0.00250257598236, 0.000902703264728, -0.00085129897343, 0.000408746855101], [-0.000476604676805, 0.00172272964846, -0.000693494919688, 0.00132404570468, -0.000943252758589, 0.000436660659034, -0.00106308178511, 0.000330437411321, -0.00250257598236, 0.011641824618, -0.00399978272617, 0.00131563923787, 0.000105070706923], [0.000265751528786, -0.00124393648002, 0.000420900934841, -0.00165919784922, -8.09097691672e-05, -6.24339518254e-05, 9.46282161749e-05, -0.00157576287165, 0.000902703264728, -0.00399978272617, 0.00899938307703, -0.00160050252452, 0.000798887282144], [4.20789656346e-05, 0.00133328116499, -0.000825961411465, 0.000587972404901, -0.000479718582937, 0.000558842613827, -0.00121438223869, 0.000528846168891, -0.00085129897343, 0.00131563923787, -0.00160050252452, 0.00889179017395, -0.00219080620445], [-1.37707256727e-05, -0.000913755618967, 0.000290536350803, -0.00112799543422, -0.000704049656633, -0.000273691432085, 0.000661878148094, -0.000751347048208, 0.000408746855101, 0.000105070706923, 0.000798887282144, -0.00219080620445, 0.0102771688253]]}, "silence_rate_20dB": {"dvar": 0.00572987878695, "var": 0.00287243095227, "median": 1, "max": 1, "dmean": 0.00576261756942, "dmean2": 0.0115263061598, "mean": 0.99711894989, "dvar2": 0.0171574670821, "min": 0}, "barkbands_skewness": {"dvar": 1.95039963722, "var": 8.73197460175, "median": 1.48770916462, "max": 32.5607414246, "dmean": 0.919549524784, "dmean2": 1.37175786495, "mean": 2.28917789459, "dvar2": 4.31966161728, "min": -5.40633392334}, "erbbands_skewness": {"dvar": 0.246817260981, "var": 1.06294369698, "median": 0.442984640598, "max": 5.7891535759, "dmean": 0.482799828053, "dmean2": 0.726065993309, "mean": 0.428928345442, "dvar2": 0.53574103117, "min": -7.09504795074}, "spectral_contrast_valleys": {"dvar": [0.263335615396, 0.22425737977, 0.20783649385, 0.192474782467, 0.236422121525, 0.269265443087], "var": [1.57527267933, 0.914349138737, 0.991164624691, 0.817827165127, 1.06621623039, 1.71575188637], "median": [-7.85332679749, -7.10668373108, -7.87142086029, -8.06015396118, -8.38999176025, -10.3962039948], "max": [-4.48172473907, -4.88425636292, -4.58675765991, -4.83844804764, -5.66382646561, -7.21205091476], "dmean": [0.511132240295, 0.444888949394, 0.430235236883, 0.380724549294, 0.413820505142, 0.43514046073], "dmean2": [0.799873411655, 0.675864756107, 0.660852253437, 0.56703555584, 0.592398583889, 0.60177719593], "mean": [-7.87945508957, -7.19302463531, -7.80609750748, -8.04992675781, -8.49557781219, -10.4352807999], "dvar2": [0.535096406937, 0.412490040064, 0.410549402237, 0.342532217503, 0.458327293396, 0.511800587177], "min": [-27.447599411, -27.077331543, -27.1954898834, -27.2178401947, -27.4913673401, -27.3228988647]}, "spectral_strongpeak": {"dvar": 0.779409229755, "var": 2.54430890083, "median": 0.745687246323, "max": 16.6184978485, "dmean": 0.546960055828, "dmean2": 0.908814430237, "mean": 1.29730606079, "dvar2": 1.91428422928, "min": 0}, "erbbands_crest": {"dvar": 7.73662042618, "var": 27.2868995667, "median": 9.75452804565, "max": 34.2189826965, "dmean": 2.7809984684, "dmean2": 4.37022972107, "mean": 11.1217336655, "dvar2": 18.145690918, "min": 2.66630339622}, "barkbands_crest": {"dvar": 7.89031267166, "var": 34.7622375488, "median": 10.8406362534, "max": 26.5240917206, "dmean": 2.76285529137, "dmean2": 4.36841011047, "mean": 12.3511505127, "dvar2": 18.3687992096, "min": 2.35927867889}, "spectral_energyband_middle_low": {"dvar": 0.000103587241028, "var": 0.000170853134478, "median": 0.00752100534737, "max": 0.110681317747, "dmean": 0.0057245879434, "dmean2": 0.00879537966102, "mean": 0.0116800954565, "dvar2": 0.000243958871579, "min": 2.00282456344e-22}, "spectral_contrast_coeffs": {"dvar": [0.00207755551673, 0.00185614835937, 0.0013029051479, 0.000791224476416, 0.00061257253401, 0.000685306324158], "var": [0.0105048781261, 0.00689775822684, 0.00600810162723, 0.00585243850946, 0.00298584857956, 0.00170060107484], "median": [-0.577131271362, -0.706145703793, -0.729681789875, -0.752964377403, -0.780024766922, -0.826430439949], "max": [-0.259169965982, -0.348667472601, -0.39509999752, -0.464144319296, -0.520070850849, -0.56294631958], "dmean": [0.054027017206, 0.0501403287053, 0.0418805778027, 0.0333408378065, 0.0278677307069, 0.0214886311442], "dmean2": [0.0855724662542, 0.079853631556, 0.0671050772071, 0.0524001345038, 0.0446222834289, 0.0345959961414], "mean": [-0.570625960827, -0.701296925545, -0.727250754833, -0.740676760674, -0.771247148514, -0.819136977196], "dvar2": [0.00504103256389, 0.00448730029166, 0.00334101775661, 0.0017685048515, 0.00148049881682, 0.00173738109879], "min": [-0.965844869614, -0.979101598263, -0.985391974449, -0.983310699463, -0.978177428246, -0.97034740448]}, "hfc": {"dvar": 474.537506104, "var": 740.072631836, "median": 14.1864032745, "max": 231.879150391, "dmean": 10.0650978088, "dmean2": 15.2560691833, "mean": 22.0606575012, "dvar2": 1172.08679199, "min": 1.12553288045e-16}, "spectral_energyband_high": {"dvar": 1.07388643755e-06, "var": 2.70033365268e-06, "median": 0.000156838854309, "max": 0.0223568417132, "dmean": 0.000466587254778, "dmean2": 0.000668393098749, "mean": 0.000707258586772, "dvar2": 2.09227050618e-06, "min": 7.29276355357e-21}, "erbbands_spread": {"dvar": 148.115524292, "var": 545.032836914, "median": 29.6341209412, "max": 214.719482422, "dmean": 9.36860084534, "dmean2": 14.0935220718, "mean": 35.1863746643, "dvar2": 319.936889648, "min": 0.814151644707}, "dissonance": {"dvar": 0.000723438570276, "var": 0.00146881199908, "median": 0.451363265514, "max": 0.500000059605, "dmean": 0.0274576488882, "dmean2": 0.0460322536528, "mean": 0.443381100893, "dvar2": 0.00191757909488, "min": 0.213085398078}, "spectral_kurtosis": {"dvar": 26.8176002502, "var": 72.8011550903, "median": 6.08954811096, "max": 88.3874816895, "dmean": 3.47802686691, "dmean2": 5.64199256897, "mean": 8.57525157928, "dvar2": 73.5032730103, "min": -1.35735607147}, "spectral_skewness": {"dvar": 0.209477245808, "var": 0.762150228024, "median": 2.1186132431, "max": 8.02969169617, "dmean": 0.402412176132, "dmean2": 0.623006522655, "mean": 2.23485946655, "dvar2": 0.523359775543, "min": -0.236214742064}, "pitch_salience": {"dvar": 0.00554988579825, "var": 0.0267061702907, "median": 0.499599218369, "max": 0.887358784676, "dmean": 0.0743955001235, "dmean2": 0.114707931876, "mean": 0.481680929661, "dvar2": 0.0123969446868, "min": 0.0171474292874}, "spectral_complexity": {"dvar": 13.619934082, "var": 56.4954681396, "median": 12, "max": 48, "dmean": 2.76754355431, "dmean2": 4.05409908295, "mean": 13.0719327927, "dvar2": 24.082950592, "min": 0}, "spectral_spread": {"dvar": 1461273362430.0, "var": 7021020577790.0, "median": 4623356, "max": 40872936, "dmean": 927263.0625, "dmean2": 1344794.875, "mean": 5187693, "dvar2": 2565357174780.0, "min": 942064.8125}, "dynamic_complexity": 3.48717617989, "melbands_crest": {"dvar": 9.49561214447, "var": 44.514995575, "median": 14.0359077454, "max": 34.6280021667, "dmean": 3.10355854034, "dmean2": 4.79571866989, "mean": 15.5249767303, "dvar2": 20.6027584076, "min": 2.00529980659}, "zerocrossingrate": {"dvar": 0.000440971518401, "var": 0.00245203240775, "median": 0.04443359375, "max": 0.5068359375, "dmean": 0.0130095928907, "dmean2": 0.014117628336, "mean": 0.0553990490735, "dvar2": 0.000433645851444, "min": 0.001953125}, "spectral_energyband_low": {"dvar": 0.00154621654656, "var": 0.00340792583302, "median": 0.00351044721901, "max": 0.427945435047, "dmean": 0.0150944031775, "dmean2": 0.023443384096, "mean": 0.028619568795, "dvar2": 0.00329229678027, "min": 7.33812361097e-23}, "melbands_kurtosis": {"dvar": 2835.64819336, "var": 6860.20507812, "median": 6.964594841, "max": 1648.18347168, "dmean": 18.951883316, "dmean2": 29.0894966125, "mean": 33.5462265015, "dvar2": 6306.75830078, "min": -1.8504152298}, "spectral_energyband_middle_high": {"dvar": 9.74726353888e-05, "var": 0.000128325409605, "median": 0.00205045938492, "max": 0.109934471548, "dmean": 0.00336935371161, "dmean2": 0.00540411425754, "mean": 0.00631308928132, "dvar2": 0.000256749917753, "min": 1.62346423189e-21}, "barkbands_spread": {"dvar": 79.9866943359, "var": 205.920471191, "median": 13.486240387, "max": 108.537017822, "dmean": 5.90391588211, "dmean2": 9.0552854538, "mean": 16.5946483612, "dvar2": 173.042877197, "min": 0.0968918204308}, "mfcc": {"mean": [-686.012756348, 139.546691895, 6.05169153214, 0.88881200552, 21.8469409943, 0.297940164804, -1.28111326694, -4.43687772751, 5.39468336105, 1.5304505825, -4.21976900101, -12.3853178024, -2.09709143639], "cov": [[6617.10546875, -1625.91003418, 237.548660278, -143.254302979, -471.275817871, -64.0332489014, 85.8162841797, -139.889129639, 44.3436698914, 200.410217285, -34.0231170654, -65.7708816528, 29.6344184875], [-1625.91003418, 2116.48876953, -345.291473389, -38.3125953674, 222.770324707, -85.4440536499, 22.0256633759, 32.8227767944, 17.2719039917, -2.67841768265, 10.73458004, -26.0712795258, -8.97407531738], [237.548660278, -345.291473389, 1226.49987793, 304.294921875, 184.701324463, 166.63369751, 135.324035645, 122.094238281, 70.3755874634, 57.1091537476, 19.1809520721, 137.294799805, 83.1287384033], [-143.254302979, -38.3125953674, 304.294921875, 639.936889648, 185.350006104, 108.321846008, 106.432357788, 135.807510376, 93.3320770264, 67.5569839478, 25.0365180969, 171.842102051, 144.072631836], [-471.275817871, 222.770324707, 184.701324463, 185.350006104, 445.458312988, 135.870101929, 70.027053833, 44.482257843, 49.9850006104, 18.1137256622, 9.50356578827, 69.5813140869, 9.66571044922], [-64.0332489014, -85.4440536499, 166.63369751, 108.321846008, 135.870101929, 381.301879883, 120.353172302, 101.279907227, 78.5543823242, 18.4432010651, 69.8215026855, 30.6937961578, -3.52141046524], [85.8162841797, 22.0256633759, 135.324035645, 106.432357788, 70.027053833, 120.353172302, 288.250610352, 94.1821746826, 41.640083313, 51.8692474365, 48.4286308289, 61.8089675903, 55.5498657227], [-139.889129639, 32.8227767944, 122.094238281, 135.807510376, 44.482257843, 101.279907227, 94.1821746826, 258.493865967, 108.253929138, 31.6709709167, 80.3944015503, 85.827507019, 64.1522903442], [44.3436698914, 17.2719039917, 70.3755874634, 93.3320770264, 49.9850006104, 78.5543823242, 41.640083313, 108.253929138, 194.877304077, 71.3497543335, 42.0476531982, 59.0356674194, 48.9789886475], [200.410217285, -2.67841768265, 57.1091537476, 67.5569839478, 18.1137256622, 18.4432010651, 51.8692474365, 31.6709709167, 71.3497543335, 185.764404297, 55.4403648376, 34.1643638611, 54.8269538879], [-34.0231170654, 10.73458004, 19.1809520721, 25.0365180969, 9.50356578827, 69.8215026855, 48.4286308289, 80.3944015503, 42.0476531982, 55.4403648376, 207.268310547, 83.0183181763, 39.9278182983], [-65.7708816528, -26.0712795258, 137.294799805, 171.842102051, 69.5813140869, 30.6937961578, 61.8089675903, 85.827507019, 59.0356674194, 34.1643638611, 83.0183181763, 229.179855347, 97.6328659058], [29.6344184875, -8.97407531738, 83.1287384033, 144.072631836, 9.66571044922, -3.52141046524, 55.5498657227, 64.1522903442, 48.9789886475, 54.8269538879, 39.9278182983, 97.6328659058, 189.626449585]], "icov": [[0.000213049774175, 0.000145254220115, -2.65427006525e-05, 3.39296930179e-05, 0.000158692593686, 4.35721231042e-05, -0.000140897376696, 0.000147425118485, -0.000123984529637, -0.000212454440771, 4.35134461441e-05, 4.2121639126e-05, 6