{"tonal": {"hpcp": {"dvar": [0.035038523376, 0.0258473213762, 0.0130764897913, 0.0112755605951, 0.0124104367569, 0.0157766565681, 0.0183171052486, 0.0158092081547, 0.0138445086777, 0.0148086668923, 0.0109712174162, 0.0130171468481, 0.0140317305923, 0.0135423326865, 0.014339257963, 0.0172860994935, 0.0174508281052, 0.0186797846109, 0.0191924665123, 0.0251242015511, 0.0324128381908, 0.0444520376623, 0.0330031625926, 0.0468769781291, 0.0296720284969, 0.0231918767095, 0.0252685956657, 0.0237644072622, 0.0246305484325, 0.0292820055038, 0.0378733761609, 0.0294601097703, 0.0239014048129, 0.0211761705577, 0.0230117067695, 0.0275789909065], "var": [0.0735798925161, 0.0261136684567, 0.00940638035536, 0.00784053467214, 0.00922963675112, 0.0257776305079, 0.0563726574183, 0.025441236794, 0.0252005904913, 0.0466599389911, 0.0177008491009, 0.0141168441623, 0.0175535250455, 0.0153630468994, 0.0152062531561, 0.0187885835767, 0.0186146404594, 0.0154914855957, 0.0146594643593, 0.0227517168969, 0.0786878094077, 0.180582910776, 0.0774004086852, 0.0819658041, 0.0550225675106, 0.0277934335172, 0.029887162149, 0.0305461492389, 0.0281949844211, 0.0481494478881, 0.10835391283, 0.0679017081857, 0.0229729041457, 0.0166822783649, 0.0180024765432, 0.0433830730617], "median": [0.00261225737631, 0.00296398159117, 0.00189658103045, 0.00156259466894, 0.00617183558643, 0.110985048115, 0.206032723188, 0.105984866619, 0.00775899272412, 0.00298939133063, 0.0040760342963, 0.00487136514857, 0.00543484138325, 0.00645295251161, 0.0101114604622, 0.00910073146224, 0.00606361078098, 0.00412548333406, 0.00366321951151, 0.0198031812906, 0.403161466122, 0.779314994812, 0.423699975014, 0.122006259859, 0.0686553418636, 0.00580990035087, 0.0145861683413, 0.0212239213288, 0.0224607996643, 0.0624171160161, 0.0735141262412, 0.0320804417133, 0.00878248549998, 0.00397239811718, 0.00271884002723, 0.00240782601759], "max": [1, 1, 1, 1, 1, 1, 1, 1, 1, 1, 1, 1, 1, 1, 1, 1, 1, 1, 1, 1, 1, 1, 1, 1, 1, 1, 1, 1, 1, 1, 1, 1, 1, 1, 1, 1], "dmean": [0.0670434758067, 0.0563375502825, 0.0345157794654, 0.0308711510152, 0.0401215590537, 0.0801485478878, 0.0892266854644, 0.0768074169755, 0.0523103661835, 0.0417474806309, 0.0367802716792, 0.0371692292392, 0.0414659567177, 0.0425242707133, 0.043905954808, 0.0516154207289, 0.0511705242097, 0.0519464090466, 0.0552801452577, 0.0822757333517, 0.139359652996, 0.117537453771, 0.144153565168, 0.128977075219, 0.0906304195523, 0.0572035945952, 0.064385086298, 0.0688269734383, 0.0762591436505, 0.103718869388, 0.110807210207, 0.0966486558318, 0.0660443902016, 0.0508376844227, 0.0543490946293, 0.067245721817], "dmean2": [0.121337980032, 0.104020312428, 0.0641294047236, 0.056349735707, 0.0730196833611, 0.136671721935, 0.142719790339, 0.132053226233, 0.0923719331622, 0.0718190819025, 0.0628783553839, 0.0643152445555, 0.0708743482828, 0.0724160820246, 0.076521165669, 0.0898847579956, 0.089736700058, 0.0930120795965, 0.0988217517734, 0.146416455507, 0.234952405095, 0.198905423284, 0.246990740299, 0.226110130548, 0.158056989312, 0.101201161742, 0.113088198006, 0.117568731308, 0.13374170661, 0.178846552968, 0.188704892993, 0.167245104909, 0.118091054261, 0.0927484408021, 0.0997247472405, 0.119054071605], "mean": [0.111559584737, 0.0628525018692, 0.0274924896657, 0.0245793890208, 0.0338663011789, 0.152599006891, 0.254074245691, 0.147065833211, 0.0696889907122, 0.0811181664467, 0.0518534444273, 0.0391108542681, 0.0483480431139, 0.0458601303399, 0.0487250573933, 0.0611782819033, 0.0573630742729, 0.0463573373854, 0.0453257374465, 0.0767667293549, 0.36396086216, 0.593304753304, 0.384694963694, 0.233276367188, 0.163904458284, 0.0610606893897, 0.0742791295052, 0.0862100049853, 0.0818807780743, 0.159361049533, 0.233282953501, 0.155424028635, 0.0635582879186, 0.0423697642982, 0.0423235706985, 0.0876896232367], "dvar2": [0.0939298123121, 0.0750619769096, 0.037804543972, 0.0316848829389, 0.0347662419081, 0.0431565158069, 0.0441411137581, 0.0429315157235, 0.0382545813918, 0.0386749617755, 0.0290831234306, 0.0339404940605, 0.0362583734095, 0.0356483235955, 0.0383506864309, 0.0463923364878, 0.0470661260188, 0.0517711490393, 0.0524871647358, 0.0680051222444, 0.0861254259944, 0.100106269121, 0.0882011950016, 0.127014219761, 0.0795864537358, 0.0633351579309, 0.0663175880909, 0.0604209005833, 0.0645266324282, 0.0743750929832, 0.0881587639451, 0.0749423131347, 0.0658627822995, 0.0588801465929, 0.0650516077876, 0.0742535889149], "min": [0, 0, 0, 0, 0, 0, 0, 0, 0, 0, 0, 0, 0, 0, 0, 0, 0, 0, 0, 0, 0, 0, 0, 0, 0, 0, 0, 0, 0, 0, 0, 0, 0, 0, 0, 0]}, "key_key": "E", "thpcp": [1, 0.648393511772, 0.393181353807, 0.276256769896, 0.102916233242, 0.125195577741, 0.145304754376, 0.138007953763, 0.268598973751, 0.393192470074, 0.261963218451, 0.107125870883, 0.0714131519198, 0.0713352933526, 0.147798612714, 0.188030824065, 0.105936288834, 0.0463378876448, 0.0414279326797, 0.0570807866752, 0.257201731205, 0.428235650063, 0.247875705361, 0.117459014058, 0.1367225945, 0.0873976573348, 0.0659203454852, 0.0814893916249, 0.0772960782051, 0.0821248367429, 0.103114433587, 0.0966839939356, 0.0781341046095, 0.0763953700662, 0.129388362169, 0.613446712494], "chords_key": "E", "tuning_equal_tempered_deviation": 0.0191182810813, "tuning_frequency": 441.272583008, "tuning_diatonic_strength": 0.498274058104, "chords_histogram": [55.2517967224, 0.71942448616, 0, 0.737410068512, 1.02517986298, 2.9316546917, 3.72302150726, 9.78417301178, 0, 0.107913665473, 0, 0.107913665473, 0, 0, 0, 0, 0.071942448616, 0.035971224308, 0.305755406618, 0.161870509386, 0.881294965744, 5.79136705399, 5.10791349411, 13.2553958893], "key_strength": 0.642706334591, "key_scale": "minor", "chords_strength": {"dvar": 3.54140320269e-05, "var": 0.00696030817926, "median": 0.504895329475, "max": 0.707744836807, "dmean": 0.00667520565912, "dmean2": 0.00629953341559, "mean": 0.507226109505, "dvar2": 3.89464548789e-05, "min": 0.249836266041}, "chords_number_rate": 0.00143884890713, "tuning_nontempered_energy_ratio": 0.65916877985, "hpcp_entropy": {"dvar": 0.233177617192, "var": 0.651674211025, "median": 1.76611733437, "max": 4.1628241539, "dmean": 0.527972579002, "dmean2": 0.879016041756, "mean": 1.72336018085, "dvar2": 0.580291152, "min": 0}, "chords_changes_rate": 0.0410071946681, "chords_scale": "minor"}, "rhythm": {"bpm_histogram_first_peak_spread": {"dvar": 0, "var": 0, "median": 0.501661121845, "max": 0.501661121845, "dmean": 0, "dmean2": 0, "mean": 0.501661121845, "dvar2": 0, "min": 0.501661121845}, "bpm_histogram_first_peak_weight": {"dvar": 0, "var": 0, "median": 0.334075719118, "max": 0.334075719118, "dmean": 0, "dmean2": 0, "mean": 0.334075719118, "dvar2": 0, "min": 0.334075719118}, "bpm_histogram_first_peak_bpm": {"dvar": 0, "var": 0, "median": 103, "max": 103, "dmean": 0, "dmean2": 0, "mean": 103, "dvar2": 0, "min": 103}, "bpm": 104.418563843, "bpm_histogram_second_peak_weight": {"dvar": 0, "var": 0, "median": 0.138084635139, "max": 0.138084635139, "dmean": 0, "dmean2": 0, "mean": 0.138084635139, "dvar2": 0, "min": 0.138084635139}, "beats_loudness": {"dvar": 0.000328076217556, "var": 0.000876361154951, "median": 0.0153486635536, "max": 0.158458292484, "dmean": 0.0163522232324, "dmean2": 0.0312133189291, "mean": 0.0279985051602, "dvar2": 0.00104057812132, "min": 5.25202370483e-09}, "beats_loudness_band_ratio": {"dvar": [0.0227315351367, 0.0124597819522, 0.0165842100978, 0.00319615378976, 0.000846082693897, 0.0021761788521], "var": [0.0543022044003, 0.0177893918008, 0.017238592729, 0.00321681983769, 0.00151092454325, 0.00250796182081], "median": [0.699493050575, 0.150193303823, 0.0555457025766, 0.0237178429961, 0.0152696417645, 0.00661682058126], "max": [0.999024748802, 0.725628733635, 0.671820521355, 0.428135335445, 0.254052042961, 0.834052920341], "dmean": [0.178195700049, 0.132117673755, 0.0977540016174, 0.036705750972, 0.0220487676561, 0.0174085926265], "dmean2": [0.308092415333, 0.243688851595, 0.174412056804, 0.0646404549479, 0.0388416089118, 0.0300597194582], "mean": [0.663545846939, 0.18007363379, 0.102723643184, 0.043089594692, 0.0338675566018, 0.0206547286361], "dvar2": [0.0553275570273, 0.0395388901234, 0.0439187549055, 0.00847025681287, 0.00233555026352, 0.00414096657187], "min": [0.0765776708722, 0.00138525490183, 8.52210650919e-05, 4.48095088359e-05, 3.91929715988e-05, 0.000253569771303]}, "bpm_histogram_second_peak_bpm": {"dvar": 0, "var": 0, "median": 110, "max": 110, "dmean": 0, "dmean2": 0, "mean": 110, "dvar2": 0, "min": 110}, "onset_rate": 3.14548420906, "beats_count": 450, "beats_position": [0.545668900013, 1.10294783115, 1.67183673382, 2.24072551727, 2.82122445107, 3.41333317757, 4.00544214249, 4.59755086899, 5.17804956436, 5.78176879883, 6.37387752533, 6.96598625183, 7.55809497833, 8.15020370483, 8.73070240021, 9.31120204926, 9.89170074463, 10.4838094711, 11.0759181976, 11.656416893, 12.2369155884, 12.8290243149, 13.4211339951, 14.0132427216, 14.6053514481, 15.1974601746, 15.7895689011, 16.3816776276, 16.9737873077, 17.5658950806, 18.1580047607, 18.7501125336, 19.3190021515, 19.8994998932, 20.4799995422, 21.0604991913, 21.640996933, 22.221496582, 22.8019943237, 23.3824939728, 23.9629936218, 24.5551013947, 25.1472110748, 25.7277088165, 26.3082084656, 26.8770961761, 27.4575958252, 28.0380954742, 28.6185932159, 29.2107028961, 29.7912006378, 30.3600902557, 30.9289798737, 31.5094776154, 32.0899772644, 32.6588668823, 33.2277526855, 33.8082542419, 34.3887519836, 34.9692497253, 35.5497512817, 36.1302490234, 36.7107467651, 37.2796363831, 37.848526001, 38.4290237427, 39.0095214844, 39.5784111023, 40.1473007202, 40.7161903381, 41.2850799561, 41.8771858215, 42.4576873779, 43.0497932434, 43.6302947998, 44.2107925415, 44.7912902832, 45.3717918396, 45.9522895813, 46.532787323, 47.1016769409, 47.6705665588, 48.2510643005, 48.8199539185, 49.3888435364, 49.9577331543, 50.538230896, 51.1187286377, 51.6876182556, 52.2681159973, 52.8370056152, 53.4058952332, 53.9863929749, 54.5668907166, 55.1473922729, 55.7278900146, 56.2967796326, 56.8772773743, 57.4461669922, 58.0266647339, 58.6071662903, 59.187664032, 59.7681617737, 60.3486595154, 60.9175491333, 61.498046875, 62.0669364929, 62.6474380493, 63.227935791, 63.8084335327, 64.3773193359, 64.9462127686, 65.5150985718, 66.0955963135, 66.6761016846, 67.2565994263, 67.8254852295, 68.4059829712, 68.9864807129, 69.566986084, 70.1474838257, 70.7279815674, 71.2968673706, 71.8773651123, 72.4694747925, 73.0499725342, 73.6304779053, 74.210975647, 74.8030853271, 75.3951950073, 75.975692749, 76.5561904907, 77.1250762939, 77.7055740356, 78.2744674683, 78.85496521, 79.4354629517, 80.0159606934, 80.5964584351, 81.1769561768, 81.7690658569, 82.349571228, 82.9300689697, 83.5221786499, 84.1026763916, 84.6831741333, 85.263671875, 85.8325576782, 86.4014511108, 86.9703369141, 87.5624465942, 88.1429443359, 88.7234420776, 89.3039474487, 89.8844451904, 90.4533309937, 91.0222167969, 91.602722168, 92.1832199097, 92.7521057129, 93.3326034546, 93.9131011963, 94.4819946289, 95.0508804321, 95.6197738647, 96.2002716064, 96.7807693481, 97.3612670898, 97.9417648315, 98.5222625732, 99.0911560059, 99.6600418091, 100.228935242, 100.809432983, 101.389930725, 101.970428467, 102.550926208, 103.13142395, 103.700317383, 104.269203186, 104.838096619, 105.41859436, 105.987480164, 106.567977905, 107.160087585, 107.740585327, 108.321083069, 108.889976501, 109.458862305, 110.039360046, 110.619865417, 111.200363159, 111.769248962, 112.349746704, 112.918640137, 113.48752594, 114.056411743, 114.636917114, 115.217414856, 115.809524536, 116.401634216, 116.982131958, 117.5626297, 118.143127441, 118.723625183, 119.292518616, 119.861404419, 120.441902161, 121.022399902, 121.591293335, 122.160179138, 122.729064941, 123.297958374, 123.866844177, 124.43573761, 124.993011475, 125.550292969, 126.107574463, 126.664848328, 127.210517883, 127.756187439, 128.313461304, 128.859130859, 129.404800415, 129.950469971, 130.507751465, 131.053421021, 131.610702515, 132.144760132, 132.702041626, 133.247711182, 133.793380737, 134.339050293, 134.896316528, 135.441986084, 135.999267578, 136.533325195, 137.078994751, 137.624664307, 138.170333862, 138.716003418, 139.273284912, 139.807342529, 140.353012085, 140.898681641, 141.444351196, 141.990020752, 142.547302246, 143.092971802, 143.650253296, 144.242355347, 144.834457397, 145.426574707, 146.007064819, 146.575958252, 147.168075562, 147.748565674, 148.329071045, 148.886352539, 149.466842651, 150.047348022, 150.627838135, 151.208343506, 151.788833618, 152.369338989, 152.94984436, 153.530334473, 154.110839844, 154.691329956, 155.271835327, 155.863937378, 156.456054688, 157.0365448, 157.617050171, 158.185943604, 158.766433716, 159.335327148, 159.915817261, 160.484710693, 161.065216064, 161.657318115, 162.237823486, 162.818313599, 163.39881897, 163.979324341, 164.559814453, 165.140319824, 165.720809937, 166.301315308, 166.88180542, 167.450698853, 168.031204224, 168.611694336, 169.180587769, 169.749481201, 170.318359375, 170.887252808, 171.45614624, 172.036636353, 172.605529785, 173.174423218, 173.743301392, 174.312194824, 174.892700195, 175.461578369, 176.030471802, 176.599365234, 177.156646729, 177.725524902, 178.294418335, 178.863311768, 179.432189941, 179.989471436, 180.558364868, 181.115646362, 181.661315918, 182.218597412, 182.775863647, 183.321533203, 183.878814697, 184.424484253, 184.970153809, 185.527435303, 186.084716797, 186.641998291, 187.199264526, 187.756546021, 188.313827515, 188.871109009, 189.416778564, 189.96244812, 190.519729614, 191.06539917, 191.622665405, 192.168334961, 192.725616455, 193.271286011, 193.816955566, 194.351013184, 194.908294678, 195.465576172, 196.011245728, 196.556915283, 197.114196777, 197.648254395, 198.205535889, 198.762802124, 199.30847168, 199.854141235, 200.411422729, 200.968704224, 201.525985718, 202.060043335, 202.617324829, 203.151382446, 203.697052002, 204.242721558, 204.811599731, 205.357269287, 205.914550781, 206.460220337, 207.017501831, 207.563171387, 208.108840942, 208.654510498, 209.200180054, 209.745849609, 210.303131104, 210.837188721, 211.382858276, 211.928527832, 212.474197388, 213.019866943, 213.577133179, 214.134414673, 214.680084229, 215.225753784, 215.759811401, 216.317092896, 216.87437439, 217.431655884, 217.977325439, 218.522994995, 219.068664551, 219.614334106, 220.159988403, 220.717269897, 221.262939453, 221.79699707, 222.354278564, 222.888336182, 223.445617676, 223.991287231, 224.536956787, 225.071014404, 225.628295898, 226.173965454, 226.71963501, 227.253692627, 227.799362183, 228.345031738, 228.890701294, 229.43637085, 229.993652344, 230.550918579, 231.108200073, 231.665481567, 232.234375, 232.803268433, 233.372146606, 233.941040039, 234.509933472, 235.078811646, 235.647705078, 236.216598511, 236.797088623, 237.365982056, 237.934875488, 238.503753662, 239.072647095, 239.641540527, 240.21043396, 240.779312134, 241.348205566, 241.917098999, 242.485977173, 243.054870605, 243.623764038, 244.181045532, 244.738311768, 245.318817139, 245.89932251, 246.491424561, 247.083526611, 247.675643921, 248.314193726, 248.95274353, 249.660949707, 250.357543945, 251.054138184, 251.715911865, 252.377685547, 253.004623413, 253.643173218, 254.258499146, 254.873825073, 255.489151001, 256.104492188, 256.731414795, 257.346740723], "danceability": 0.999716699123, "bpm_histogram_second_peak_spread": {"dvar": 0, "var": 0, "median": 0.533834576607, "max": 0.533834576607, "dmean": 0, "dmean2": 0, "mean": 0.533834576607, "dvar2": 0, "min": 0.533834576607}}, "lowlevel": {"spectral_flux": {"dvar": 0.000452278094599, "var": 0.00209398404695, "median": 0.0345000624657, "max": 0.408368349075, "dmean": 0.0134978629649, "dmean2": 0.0207682847977, "mean": 0.0477498210967, "dvar2": 0.000962903082836, "min": 3.4694072383e-05}, "spectral_rolloff": {"dvar": 661316.5, "var": 3297861, "median": 366.064453125, "max": 21791.6015625, "dmean": 230.630096436, "dmean2": 395.197998047, "mean": 809.649475098, "dvar2": 1866242.625, "min": 43.06640625}, "barkbands_flatness_db": {"dvar": 0.000493423955049, "var": 0.00812559761107, "median": 0.180245414376, "max": 0.508381009102, "dmean": 0.0179610624909, "dmean2": 0.0267861392349, "mean": 0.194684937596, "dvar2": 0.00108059693594, "min": 0.0177698545158}, "spectral_centroid": {"dvar": 58173.7617188, "var": 339111, "median": 701.277099609, "max": 11025.4863281, "dmean": 162.830993652, "dmean2": 262.315002441, "mean": 848.354675293, "dvar2": 129569.84375, "min": 116.065658569}, "melbands_skewness": {"dvar": 0.925092041492, "var": 4.11361932755, "median": 3.15583276749, "max": 20.0969753265, "dmean": 0.76647156477, "dmean2": 1.22244870663, "mean": 3.61073970795, "dvar2": 2.65136671066, "min": -0.279910087585}, "melbands": {"dvar": [1.37852725857e-06, 2.72944726021e-06, 6.94338723406e-07, 3.55507472705e-06, 1.22237295841e-07, 1.60320979603e-07, 4.15572998236e-08, 7.52595354925e-08, 8.11825771052e-08, 3.06273229e-08, 3.32154677096e-08, 1.68177771709e-09, 5.90867976769e-09, 3.47804918199e-09, 4.42589342953e-09, 2.97558910844e-09, 2.75645373193e-09, 5.52815793142e-10, 7.98915544831e-10, 6.55783538583e-10, 6.64020005647e-10, 6.85609624629e-10, 2.40763714521e-10, 2.5905264045e-10, 2.40723163625e-10, 6.63158208902e-11, 3.9610936059e-11, 1.78920697702e-11, 1.70353054579e-11, 1.24710484994e-11, 7.28640672104e-12, 1.54859501958e-12, 1.08016308571e-12, 7.36080684252e-13, 4.33071195008e-13, 3.04443400828e-13, 2.58117474877e-13, 6.18726586892e-13, 4.41469885822e-13, 2.01099485913e-13], "var": [2.40819304054e-06, 5.30996157977e-06, 1.37675772294e-06, 2.81655866274e-06, 2.02782587166e-07, 5.14769851634e-07, 1.05661996486e-07, 2.55460321341e-07, 3.20617488114e-07, 1.78321968747e-07, 1.77798398227e-07, 5.72873926075e-09, 1.2848899722e-08, 7.21022797023e-09, 1.43148923826e-08, 1.5105316109e-08, 5.84827120065e-09, 1.48220524743e-09, 1.96170946154e-09, 1.68324176819e-09, 1.78046255517e-09, 1.49512746628e-09, 5.04517927435e-10, 5.67964175691e-10, 6.56932508392e-10, 1.78152756436e-10, 9.09428574114e-11, 3.34743587016e-11, 2.95784161053e-11, 1.83529840631e-11, 7.3443881185e-12, 2.59229530203e-12, 2.76677617449e-12, 1.67653944113e-12, 1.14003999383e-12, 6.94558072081e-13, 5.08055674354e-13, 9.37664876299e-13, 5.80825426817e-13, 3.44959141547e-13], "median": [0.000721344491467, 0.000851907883771, 0.000461836141767, 0.000205608695978, 9.7806652775e-05, 0.000107714236947, 3.23349740938e-05, 3.09126262437e-05, 1.34965503094e-05, 8.81408050191e-06, 6.37890570943e-06, 2.6754235023e-06, 3.31694013767e-06, 2.09329004974e-06, 3.43223382515e-06, 2.61900572696e-06, 1.49356606016e-06, 1.02221201814e-06, 1.48282492773e-06, 1.63154982147e-06, 9.76526621344e-07, 9.85487304206e-07, 8.42145823299e-07, 5.16993964084e-07, 5.1522334843e-07, 2.53749249168e-07, 1.54785240625e-07, 1.71749789502e-07, 1.20672950743e-07, 1.11708885697e-07, 1.28850913939e-07, 9.59470582984e-08, 8.46322478765e-08, 6.6116093933e-08, 5.14648874628e-08, 2.89777375428e-08, 2.72359095277e-08, 4.1098800807e-08, 3.01961833316e-08, 2.6128274655e-08], "max": [0.0238649733365, 0.0437911227345, 0.0172558892518, 0.0304549392313, 0.00662734080106, 0.0247919391841, 0.00905354786664, 0.00752284983173, 0.010778865777, 0.00903394911438, 0.00893431529403, 0.000952810863964, 0.00151867594104, 0.00176584965084, 0.00217916863039, 0.00215148809366, 0.00172613421455, 0.000794538704213, 0.00087392097339, 0.000739923852962, 0.000781832088251, 0.00129796925467, 0.000373283837689, 0.000405009195674, 0.000579528161325, 0.000238317545154, 0.000220830188482, 0.000126061204355, 0.000132522021886, 0.000102751422673, 9.43534178077e-05, 3.82622274628e-05, 3.13324198942e-05, 3.78315671696e-05, 5.26853218616e-05, 3.07919435727e-05, 2.77238705166e-05, 6.15668323007e-05, 5.23244852957e-05, 3.51731541741e-05], "dmean": [0.000411989138229, 0.00054873235058, 0.000428877479862, 0.000462523341412, 0.00012722495012, 0.000162967582582, 6.7051158112e-05, 0.000104659106, 8.74990000739e-05, 5.84225417697e-05, 4.8100391723e-05, 1.53468390636e-05, 2.69282099907e-05, 1.89792026504e-05, 2.39095988945e-05, 1.85771950783e-05, 1.71888059413e-05, 9.089064406e-06, 1.1321328202e-05, 9.99331950879e-06, 9.85607766779e-06, 9.17951365409e-06, 5.50024515178e-06, 5.86794021729e-06, 5.28214786755e-06, 2.51720825872e-06, 2.0781872081e-06, 1.51200094933e-06, 1.2576743984e-06, 9.50969877067e-07, 6.46296768991e-07, 3.95675158416e-07, 4.04353585282e-07, 2.74273332934e-07, 1.7534605945e-07, 1.56870527235e-07, 1.23426048049e-07, 1.26062133177e-07, 9.77096163979e-08, 8.33795681388e-08], "dmean2": [0.000647329492494, 0.000890732335392, 0.00071248319, 0.000792258477304, 0.000198881956749, 0.000244610186201, 0.000105388229713, 0.000152957523824, 0.000121182398289, 7.8632896475e-05, 6.65639308863e-05, 2.35328425333e-05, 4.30964500993e-05, 3.03030337818e-05, 3.6637782614e-05, 2.70628497674e-05, 2.70483051281e-05, 1.42602593769e-05, 1.85771041288e-05, 1.62984015333e-05, 1.56283640536e-05, 1.50457508425e-05, 9.11768256628e-06, 9.74985505309e-06, 8.72317650646e-06, 4.16582633989e-06, 3.39595862897e-06, 2.5033853035e-06, 2.08423944059e-06, 1.57760268849e-06, 1.09035181595e-06, 6.52619519315e-07, 6.62463321532e-07, 4.43812439244e-07, 2.73729881428e-07, 2.51556741659e-07, 1.95861048269e-07, 1.92116388575e-07, 1.49621129708e-07, 1.24912943988e-07], "mean": [0.00126896461006, 0.00176009349525, 0.000885108951479, 0.000574034405872, 0.000265984650468, 0.000364172039554, 0.000137063936563, 0.000229846380535, 0.000196049077203, 0.000134965099278, 0.000107663465315, 3.24210777762e-05, 4.65162047476e-05, 3.30519178533e-05, 4.66793317173e-05, 4.01190118282e-05, 3.04077875626e-05, 1.76803314389e-05, 2.14944866457e-05, 1.93396554096e-05, 1.99486148631e-05, 1.77165202331e-05, 1.01625973912e-05, 1.09663069452e-05, 1.08839676614e-05, 5.40709879715e-06, 4.4087491915e-06, 2.83636927634e-06, 2.37055837715e-06, 1.71119529568e-06, 1.11526981073e-06, 7.96124652425e-07, 8.49264552016e-07, 5.52228073047e-07, 3.51946795263e-07, 3.13066919944e-07, 2.3978807917e-07, 2.43820750256e-07, 1.92496173668e-07, 1.56886372338e-07], "dvar2": [3.72963927475e-06, 7.80232403486e-06, 1.90015225598e-06, 9.62216927292e-06, 3.18478726058e-07, 3.43415990756e-07, 9.32678148047e-08, 1.71445606156e-07, 1.54022615106e-07, 4.93703851134e-08, 4.8161030719e-08, 3.83790421665e-09, 1.53446482187e-08, 9.2850562794e-09, 1.05232347281e-08, 5.84194204123e-09, 6.45266107213e-09, 1.35566924353e-09, 2.05441841317e-09, 1.66024316517e-09, 1.66308211647e-09, 1.80979353726e-09, 6.6325395176e-10, 7.06670166828e-10, 6.47413622712e-10, 1.76140158015e-10, 1.05176166387e-10, 4.73513797616e-11, 4.69844926854e-11, 3.42431465128e-11, 2.07512861061e-11, 4.20867854456e-12, 2.86248390442e-12, 1.90878216011e-12, 9.3126732454e-13, 7.15347269267e-13, 6.17344174912e-13, 1.49337486821e-12, 1.09307137994e-12, 4.23392630634e-13], "min": [2.28849952226e-13, 1.19130020518e-13, 2.11462419027e-14, 1.04568275629e-14, 8.87153255724e-15, 1.36765836015e-14, 4.45861922754e-15, 3.678601833e-15, 2.45653911912e-15, 2.81459413373e-15, 3.19622292229e-15, 2.19206197519e-15, 3.24641894178e-15, 3.32986523961e-15, 3.39755248946e-15, 3.11977036375e-15, 2.89628580281e-15, 2.52286984571e-15, 3.01944481686e-15, 4.10187182004e-15, 5.31740602748e-15, 3.31920405942e-15, 3.46055014139e-15, 3.75508297891e-15, 4.63054870462e-15, 6.2117961633e-15, 5.58440563554e-15, 5.40863952272e-15, 3.92574529471e-15, 5.23774893154e-15, 4.40007019264e-15, 9.91609358779e-15, 5.24898567062e-15, 8.02474694361e-15, 9.10765654381e-15, 1.24800267437e-14, 1.26018834446e-14, 9.25286086086e-15, 1.15893555061e-14, 7.92398729233e-15]}, "spectral_decrease": {"dvar": 8.13518980274e-18, "var": 3.56414854418e-17, "median": -2.67028621437e-09, "max": 9.70528551019e-16, "dmean": 1.23540655483e-09, "dmean2": 1.90354487728e-09, "mean": -5.04106090204e-09, "dvar2": 1.98605502591e-17, "min": -6.9691871829e-08}, "barkbands_kurtosis": {"dvar": 447.683288574, "var": 1981.69604492, "median": 7.3073387146, "max": 575.539550781, "dmean": 7.18537425995, "dmean2": 11.9178647995, "mean": 19.36236763, "dvar2": 1573.57897949, "min": -1.96733403206}, "silence_rate_30dB": {"dvar": 0.00944419950247, "var": 0.010413329117, "median": 1, "max": 1, "dmean": 0.00953494664282, "dmean2": 0.0190716087818, "mean": 0.989476501942, "dvar2": 0.0228464789689, "min": 0}, "gfcc": {"mean": [-100.865486145, 115.480155945, -81.1693878174, 43.7891654968, -35.2786750793, 7.36255741119, -32.4489021301, 5.75326442719, -17.6961135864, 1.85084939003, -10.6609592438, -0.527956664562, -10.2928314209], "cov": [[24554.4082031, 35.7968978882, -4265.55029297, -1171.34875488, -1676.03381348, 276.54977417, -633.734619141, 689.305053711, 49.9481086731, 324.679992676, -573.409729004, -73.9950027466, -215.406494141], [35.7968978882, 999.294677734, -41.7623786926, -56.8579750061, 19.7674694061, -38.3897361755, -0.826510310173, -70.3476257324, 76.686668396, -54.7753448486, 64.1333236694, -44.3876533508, 18.0087547302], [-4265.55029297, -41.7623786926, 1395.02941895, 449.142669678, 245.00843811, -100.234481812, 11.3468170166, -114.186180115, -81.5056533813, -32.6478919983, 102.057319641, 28.4218006134, 40.3406639099], [-1171.34875488, -56.8579750061, 449.142669678, 483.768005371, 172.808959961, -76.5140533447, -22.3157291412, -56.2064781189, -83.1861877441, -22.2737369537, 73.8479003906, 19.2646369934, 45.9913673401], [-1676.03381348, 19.7674694061, 245.00843811, 172.808959961, 351.644836426, -1.79341828823, 86.286491394, -60.7238960266, -13.1035490036, -40.1350784302, 54.9891929626, 2.10825419426, 6.16937875748], [276.54977417, -38.3897361755, -100.234481812, -76.5140533447, -1.79341828823, 158.766464233, 45.9504890442, 22.6862411499, 12.0953397751, 6.07080364227, -38.9679336548, -22.296628952, -22.8026123047], [-633.734619141, -0.826510310173, 11.3468170166, -22.3157291412, 86.286491394, 45.9504890442, 227.04234314, 17.6484451294, -28.2391548157, -36.508682251, 12.8866109848, -12.5936460495, -22.1371326447], [689.305053711, -70.3476257324, -114.186180115, -56.2064781189, -60.7238960266, 22.6862411499, 17.6484451294, 107.910179138, 14.1426506042, 1.72070097923, -38.4550323486, -8.76292037964, -11.8484516144], [49.9481086731, 76.686668396, -81.5056533813, -83.1861877441, -13.1035490036, 12.0953397751, -28.2391548157, 14.1426506042, 102.888313293, 17.6457672119, -19.4788303375, -12.3354845047, -6.07641458511], [324.679992676, -54.7753448486, -32.6478919983, -22.2737369537, -40.1350784302, 6.07080364227, -36.508682251, 1.72070097923, 17.6457672119, 87.2769775391, 19.2076225281, 3.77767801285, -5.95134353638], [-573.409729004, 64.1333236694, 102.057319641, 73.8479003906, 54.9891929626, -38.9679336548, 12.8866109848, -38.4550323486, -19.4788303375, 19.2076225281, 105.274604797, 31.6469841003, 10.6418352127], [-73.9950027466, -44.3876533508, 28.4218006134, 19.2646369934, 2.10825419426, -22.296628952, -12.5936460495, -8.76292037964, -12.3354845047, 3.77767801285, 31.6469841003, 74.9405975342, 23.0495491028], [-215.406494141, 18.0087547302, 40.3406639099, 45.9913673401, 6.16937875748, -22.8026123047, -22.1371326447, -11.8484516144, -6.07641458511, -5.95134353638, 10.6418352127, 23.0495491028, 62.2794494629]], "icov": [[0.00021962475148, -0.000255092018051, 0.000595268560573, -0.00031921316986, 0.000373027374735, -4.50188308605e-05, 0.000453214452136, -0.000723017554265, 0.000840713502839, -0.000741741037928, 0.000838972220663, -0.000506794021931, 0.000708992825821], [-0.000255092018051, 0.00180194037966, -0.000619119149633, 0.000610046437941, -7.57362722652e-05, 0.000111457113235, -0.00046576699242, 0.00168976373971, -0.00245464942418, 0.00269237649627, -0.00302920816466, 0.00226460956037, -0.0015513204271], [0.000595268560573, -0.000619119149633, 0.00270733400248, -0.00169925019145, 0.000824651389848, 0.000111805471533, 0.00109461927786, -0.00135388586204, 0.00220097368583, -0.00188508233987, 0.00213668262586, -0.0013985580299, 0.00201695389114], [-0.00031921316986, 0.000610046437941, -0.00169925019145, 0.00482131307945, -0.00216709962115, 0.000708215404302, 0.000708952953573, 0.000322200881783, 0.00134730536956, 0.00145087065175, -0.00276976660825, 0.00211876444519, -0.00299369753338], [0.000373027374735, -7.57362722652e-05, 0.000824651389848, -0.00216709962115, 0.00564516335726, -0.000830966280773, -0.00110771437176, 0.000973950489424, -0.00102669396438, 0.000896137149539, -0.000338253565133, -0.000447941565653, 0.00151541561354], [-4.50188308605e-05, 0.000111457113235, 0.000111805471533, 0.000708215404302, -0.000830966280773, 0.00829842593521, -0.00178784108721, 0.000142020900967, 5.54176904188e-06, -0.00186686613597, 0.00293364631943, 0.00060815323377, 0.00082462199498], [0.000453214452136, -0.00046576699242, 0.00109461927786, 0.000708952953573, -0.00110771437176, -0.00178784108721, 0.00776317808777, -0.00379597581923, 0.00408548861742, 0.00110766186845, -0.000985224032775, 0.000176593865035, 0.00256947916932], [-0.000723017554265, 0.00168976373971, -0.00135388586204, 0.000322200881783, 0.000973950489424, 0.000142020900967, -0.00379597581923, 0.0154574951157, -0.00516471033916, 0.00273522851057, 6.62802485749e-05, 0.00136675662361, -0.00156300328672], [0.000840713502839, -0.00245464942418, 0.00220097368583, 0.00134730536956, -0.00102669396438, 5.54176904188e-06, 0.00408548861742, -0.00516471033916, 0.017924927175, -0.00686014024541, 0.00596993416548, -0.00167403684463, 0.002463119803], [-0.000741741037928, 0.00269237649627, -0.00188508233987, 0.00145087065175, 0.000896137149539, -0.00186686613597, 0.00110766186845, 0.00273522851057, -0.00686014024541, 0.0200999956578, -0.0112089812756, 0.0041590067558, -0.00142512109596], [0.000838972220663, -0.00302920816466, 0.00213668262586, -0.00276976660825, -0.000338253565133, 0.00293364631943, -0.000985224032775, 6.62802485749e-05, 0.00596993416548, -0.0112089812756, 0.0228408034891, -0.00980506464839, 0.00444642594084], [-0.000506794021931, 0.00226460956037, -0.0013985580299, 0.00211876444519, -0.000447941565653, 0.00060815323377, 0.000176593865035, 0.00136675662361, -0.00167403684463, 0.0041590067558, -0.00980506464839, 0.0207448936999, -0.00824474915862], [0.000708992825821, -0.0015513204271, 0.00201695389114, -0.00299369753338, 0.00151541561354, 0.00082462199498, 0.00256947916932, -0.00156300328672, 0.002463119803, -0.00142512109596, 0.00444642594084, -0.00824474915862, 0.0230252388865]]}, "silence_rate_20dB": {"dvar": 0, "var": 0, "median": 1, "max": 1, "dmean": 0, "dmean2": 0, "mean": 1, "dvar2": 0, "min": 1}, "barkbands_skewness": {"dvar": 0.567732810974, "var": 4.32682418823, "median": 2.21694326401, "max": 19.1141395569, "dmean": 0.591364741325, "dmean2": 0.931659340858, "mean": 2.66576647758, "dvar2": 1.63972818851, "min": -18.1821098328}, "erbbands_skewness": {"dvar": 0.147886499763, "var": 1.43199121952, "median": 0.537142217159, "max": 7.87596940994, "dmean": 0.371844023466, "dmean2": 0.57911837101, "mean": 0.824231922626, "dvar2": 0.354712367058, "min": -3.98569774628}, "spectral_contrast_valleys": {"dvar": [0.0855563357472, 0.100421749055, 0.114010341465, 0.101938769221, 0.119728513062, 0.134564116597], "var": [1.54320049286, 3.08631443977, 3.13471150398, 3.07509279251, 2.77928709984, 2.29688262939], "median": [-6.97697591782, -7.71280479431, -8.61421871185, -8.96808719635, -8.99387550354, -11.2368602753], "max": [-5.00614643097, -4.88248729706, -5.4391617775, -5.56933021545, -5.32511091232, -7.67416620255], "dmean": [0.270988583565, 0.325881659985, 0.309716105461, 0.278648048639, 0.25111541152, 0.264061629772], "dmean2": [0.432001709938, 0.532909393311, 0.486609786749, 0.43194231391, 0.374080896378, 0.367657154799], "mean": [-7.19508218765, -7.95538854599, -8.80814647675, -9.07701015472, -8.90674304962, -11.4504823685], "dvar2": [0.185614988208, 0.212059915066, 0.225734949112, 0.193282023072, 0.242060855031, 0.271275013685], "min": [-27.5434970856, -27.0828704834, -27.0357761383, -27.4925460815, -27.2291889191, -27.2905006409]}, "spectral_strongpeak": {"dvar": 0.209845781326, "var": 0.527507424355, "median": 0.163944706321, "max": 8.29073143005, "dmean": 0.200991049409, "dmean2": 0.342308163643, "mean": 0.413602471352, "dvar2": 0.526398479939, "min": 0}, "erbbands_crest": {"dvar": 4.49285745621, "var": 15.0324373245, "median": 8.45087051392, "max": 28.4761943817, "dmean": 2.2377576828, "dmean2": 3.67361593246, "mean": 9.18437385559, "dvar2": 12.2057266235, "min": 1.93830406666}, "barkbands_crest": {"dvar": 3.24910926819, "var": 17.0319156647, "median": 10.5923576355, "max": 26.6112709045, "dmean": 1.76519882679, "dmean2": 2.82979631424, "mean": 11.2090167999, "dvar2": 8.68205356598, "min": 2.57359600067}, "spectral_energyband_middle_low": {"dvar": 6.70908557368e-05, "var": 0.000170960687683, "median": 0.00366899650544, "max": 0.15266482532, "dmean": 0.00317828403786, "dmean2": 0.00498076668009, "mean": 0.00875743012875, "dvar2": 0.000170848026755, "min": 2.32271694283e-13}, "spectral_contrast_coeffs": {"dvar": [0.00130396382883, 0.00106755853631, 0.000752213061787, 0.00056119938381, 0.000317983096465, 0.000198104506126], "var": [0.00390402739868, 0.008135644719, 0.00613561831415, 0.00452921632677, 0.00273927301168, 0.00170105835423], "median": [-0.697038054466, -0.694492042065, -0.779197692871, -0.772321939468, -0.787528395653, -0.783746600151], "max": [-0.353754997253, -0.374416828156, -0.407280266285, -0.490256875753, -0.55688983202, -0.640153586864], "dmean": [0.0391566157341, 0.0390280894935, 0.0329363271594, 0.0287203360349, 0.0206706430763, 0.0152172455564], "dmean2": [0.0644606351852, 0.063619248569, 0.0521154813468, 0.0454193763435, 0.0326873883605, 0.0246380679309], "mean": [-0.693616271019, -0.689640939236, -0.77271014452, -0.773682534695, -0.789191782475, -0.785172343254], "dvar2": [0.00346402451396, 0.00270691839978, 0.00181376293767, 0.00130671833176, 0.000715740665328, 0.000484939315356], "min": [-0.948268651962, -0.962291300297, -0.965639591217, -0.957780778408, -0.961204528809, -0.956522643566]}, "hfc": {"dvar": 28.9543037415, "var": 230.871780396, "median": 2.69858980179, "max": 130.499053955, "dmean": 2.3734664917, "dmean2": 3.36311459541, "mean": 10.5752677917, "dvar2": 63.0753211975, "min": 2.35817769862e-05}, "spectral_energyband_high": {"dvar": 8.40790548295e-08, "var": 2.00512545234e-07, "median": 3.01707295876e-05, "max": 0.0109914848581, "dmean": 8.80680017872e-05, "dmean2": 0.000134213842102, "mean": 0.000222646602197, "dvar2": 2.07929872431e-07, "min": 5.31770683043e-10}, "erbbands_spread": {"dvar": 84.9510345459, "var": 347.922668457, "median": 36.1767501831, "max": 150.174041748, "dmean": 7.63408088684, "dmean2": 11.9949731827, "mean": 37.8407363892, "dvar2": 194.574401855, "min": 4.67563343048}, "dissonance": {"dvar": 0.000452273234259, "var": 0.00166090682615, "median": 0.458212435246, "max": 0.499998748302, "dmean": 0.0204157158732, "dmean2": 0.0342092551291, "mean": 0.447345912457, "dvar2": 0.0012589370599, "min": 0.182597413659}, "spectral_kurtosis": {"dvar": 5.89796924591, "var": 18.0016365051, "median": 5.96687269211, "max": 41.4221191406, "dmean": 2.0143494606, "dmean2": 3.35877680779, "mean": 7.09680652618, "dvar2": 15.22382164, "min": -1.18876779079}, "spectral_skewness": {"dvar": 0.0799275040627, "var": 0.390185028315, "median": 1.8933545351, "max": 5.15629291534, "dmean": 0.251769810915, "dmean2": 0.408686876297, "mean": 2.00689291954, "dvar2": 0.197139814496, "min": -0.00748506980017}, "pitch_salience": {"dvar": 0.00267471815459, "var": 0.0132343797013, "median": 0.536378741264, "max": 0.845567286015, "dmean": 0.0571022741497, "dmean2": 0.0937188640237, "mean": 0.524847865105, "dvar2": 0.00726092420518, "min": 0.07213999331}, "spectral_complexity": {"dvar": 6.90885448456, "var": 134.473464966, "median": 7, "max": 58, "dmean": 1.78915178776, "dmean2": 2.83015465736, "mean": 12.5389461517, "dvar2": 14.6298084259, "min": 0}, "spectral_spread": {"dvar": 497629560832, "var": 3214496497660.0, "median": 3793375, "max": 40767496, "dmean": 463727.28125, "dmean2": 690289.1875, "mean": 4222298.5, "dvar2": 891339079680, "min": 1878482.5}, "dynamic_complexity": 7.68189048767, "melbands_crest": {"dvar": 5.11574840546, "var": 25.2536964417, "median": 14.7368030548, "max": 37.1331977844, "dmean": 2.16411828995, "dmean2": 3.50986337662, "mean": 15.197101593, "dvar2": 13.9250583649, "min": 3.89477539063}, "zerocrossingrate": {"dvar": 7.67343808548e-05, "var": 0.00302536855452, "median": 0.02685546875, "max": 0.86962890625, "dmean": 0.00571706751361, "dmean2": 0.00725002773106, "mean": 0.0361393988132, "dvar2": 9.96180824586e-05, "min": 0.00146484375}, "spectral_energyband_low": {"dvar": 5.25987925357e-05, "var": 0.000115034999908, "median": 0.00487880036235, "max": 0.185305908322, "dmean": 0.00259532104246, "dmean2": 0.00414317799732, "mean": 0.00898135174066, "dvar2": 0.000143378303619, "min": 1.04199114614e-12}, "melbands_kurtosis": {"dvar": 1622.49353027, "var": 2738.55761719, "median": 17.2148571014, "max": 1268.18933105, "dmean": 14.0259580612, "dmean2": 23.4581298828, "mean": 33.7793617249, "dvar2": 5743.78369141, "min": -1.62562632561}, "spectral_energyband_middle_high": {"dvar": 2.9376215025e-06, "var": 2.3522423362e-05, "median": 0.000305266963551, "max": 0.0465699248016, "dmean": 0.000784025178291, "dmean2": 0.00115012796596, "mean": 0.00293230987154, "dvar2": 6.46930720904e-06, "min": 8.1075386205e-13}, "barkbands_spread": {"dvar": 24.147480011, "var": 172.793960571, "median": 10.076341629, "max": 155.163467407, "dmean": 3.09484314919, "dmean2": 4.84098577499, "mean": 13.6599493027, "dvar2": 53.5454063416, "min": 0.360611468554}, "mfcc": {"mean": [-750.945068359, 143.695846558, 20.2199287415, 42.2982711792, 20.3007545471, 9.78834915161, 2.93607187271, 4.52111530304, 0.438570231199, -0.856296956539, 4.28065299988, 3.16260695457, 0.394732296467], "cov": [[21222.8632813, 428.330383301, -3041.65356445, -1680.83581543, -1385.97753906, -647.042663574, -819.037536621, -77.5718688965, 251.689147949, 336.961730957, 20.6743602753, -175.780685425, -37.3150939941], [428.330383301, 1140.39611816, -12.9366788864, -56.876033783, -7.28709697723, -19.3237075806, -97.9210586548, -6.7152838707, -11.9639587402, -42.6557312012, 61.417930603, 9.82557582855, -23.2567939758], [-3041.65356445, -12.9366788864, 958.896484375, 438.505950928, 243.276260376, 63.8075065613, 93.3374938965, -46.943523407, -76.8591156006, -87.7349472046, -8.08350086212, 10.5844688416, -17.9125232697], [-1680.83581543, -56.876033783, 438.505950928, 572.557250977, 250.099594116, 40.1988792419, 134.135620117, -23.6161079407, -88.5686569214, -53.3727607727, -74.7819747925, -1.74707746506, 13.654042244], [-1385.97753906, -7.28709697723, 243.276260376, 250.099594116, 306.523895264, 75.2732772827, 25.9655647278, -21.8263626099, -32.6872825623, -29.034778595, -16.4406375885, 3.37446069717, -4.80547380447], [-647.042663574, -19.3237075806, 63.8075065613, 40.1988792419, 75.2732772827, 141.434234619, 66.8922958374, 14.7528657913, 4.17516946793, -2.38298773766, 10.5812234879, 10.587931633, 2.36593461037], [-819.037536621, -97.9210586548, 93.3374938965, 134.135620117, 25.9655647278, 66.8922958374, 224.399032593, 60.5220108032, -18.74335289, 6.51696443558, -18.9971694946, 21.4212493896, 23.8231811523], [-77.5718688965, -6.7152838707, -46.943523407, -23.6161079407, -21.8263626099, 14.7528657913, 60.5220108032, 118.828277588, 38.2259521484, 0.000537310552318, 0.982870995998, 1.75824260712, 1.66926217079], [251.689147949, -11.9639587402, -76.8591156006, -88.5686569214, -32.6872825623, 4.17516946793, -18.74335289, 38.2259521484, 94.8677139282, 36.3107681274, 10.4461269379, -10.1279211044, -10.5779066086], [336.961730957, -42.6557312012, -87.7349472046, -53.3727607727, -29.034778595, -2.38298773766, 6.51696443558, 0.000537310552318, 36.3107681274, 93.7880249023, 21.307970047, -10.9350643158, -4.73455715179], [20.6743602753, 61.417930603, -8.08350086212, -74.7819747925, -16.4406375885, 10.5812234879, -18.9971694946, 0.982870995998, 10.4461269379, 21.307970047, 88.1809463501, 25.318