{"tonal": {"chords_number_rate": 0.00100166944321, "thpcp": [1, 0.720963716507, 0.0986132100224, 0.0313303768635, 0.031119491905, 0.0660870149732, 0.14021025598, 0.121976904571, 0.0440035052598, 0.0264794565737, 0.0500118546188, 0.439485788345, 0.912929832935, 0.595227360725, 0.200814500451, 0.226033225656, 0.138172581792, 0.0461842902005, 0.0393712818623, 0.0796286016703, 0.329252392054, 0.497386932373, 0.319961577654, 0.169920906425, 0.131122648716, 0.115969471633, 0.234623983502, 0.446518212557, 0.34247392416, 0.080569088459, 0.0215140786022, 0.0217832569033, 0.0388041995466, 0.0631220266223, 0.0721510499716, 0.396485745907], "hpcp": {"dvar": [0.0318769328296, 0.0325187407434, 0.0119607849047, 0.00641920417547, 0.0063526253216, 0.0075248866342, 0.00965166836977, 0.0105706844479, 0.0213501788676, 0.0367631278932, 0.0269154347479, 0.0113698448986, 0.00912779010832, 0.00851701106876, 0.00949324481189, 0.0149222612381, 0.0161994751543, 0.00929538253695, 0.00864674989134, 0.01236405503, 0.023424513638, 0.0374659486115, 0.0280759520829, 0.0279055591673, 0.025163333863, 0.0169655438513, 0.0126501843333, 0.0137700568885, 0.0177418664098, 0.0372173897922, 0.0502582266927, 0.0400349125266, 0.0504029020667, 0.0406475365162, 0.0363245867193, 0.034297529608], "mean": [0.191159501672, 0.146616965532, 0.0344925373793, 0.00921042077243, 0.00932565890253, 0.0166125167161, 0.0270232539624, 0.0308886822313, 0.16974003613, 0.428111314774, 0.308652728796, 0.0422174297273, 0.0134128890932, 0.0133226066828, 0.0282926000655, 0.0600255988538, 0.0522196926177, 0.0188383981586, 0.0113361552358, 0.0214106403291, 0.188148841262, 0.39083558321, 0.254823565483, 0.0859709605575, 0.0967673808336, 0.0591532438993, 0.0197720173746, 0.0168552920222, 0.0340899042785, 0.140956670046, 0.212936967611, 0.136979177594, 0.0727450624108, 0.0561350919306, 0.0496478416026, 0.100445181131], "min": [0, 0, 0, 0, 0, 0, 0, 0, 0, 0, 0, 0, 0, 0, 0, 0, 0, 0, 0, 0, 0, 0, 0, 0, 0, 0, 0, 0, 0, 0, 0, 0, 0, 0, 0, 0], "median": [0.0014928500168, 0.00109075056389, 0.000824314542115, 0.000286321446765, 0.000169240942341, 0.00145424762741, 0.00385864311829, 0.00374628324062, 0.101380318403, 0.295037269592, 0.204995453358, 0.0164336524904, 0.000253030739259, 0.000269799173111, 0.00100058026146, 0.00226891413331, 0.00194146169815, 0.000484096381115, 0.000174341286765, 0.000547118601389, 0.0936855748296, 0.228622794151, 0.152574509382, 0.0178845953196, 0.00136318209115, 0.000365258485544, 0.000299806939438, 0.000270667020231, 0.000561888504308, 0.00783579982817, 0.0213602986187, 0.0165426917374, 0.00189992366359, 0.00113752856851, 0.000754348060582, 0.00134474108927], "dvar2": [0.0812377855182, 0.0846476852894, 0.0344657786191, 0.0183189325035, 0.0182073935866, 0.0205126143992, 0.0259278062731, 0.0271027088165, 0.0577439889312, 0.0822429135442, 0.0641481354833, 0.0315916016698, 0.0248341150582, 0.0220766961575, 0.0259596984833, 0.0353007689118, 0.0393528044224, 0.0251378249377, 0.0236773751676, 0.0348332747817, 0.0607072710991, 0.0840974599123, 0.0732765346766, 0.0741774961352, 0.0625996664166, 0.0448366366327, 0.0347318947315, 0.0398641638458, 0.0489613823593, 0.0897110551596, 0.110677279532, 0.105099327862, 0.132186919451, 0.106507346034, 0.0978458374739, 0.09453548491], "var": [0.116144768894, 0.0767458677292, 0.0102722216398, 0.00385976256803, 0.00403425330296, 0.00752546358854, 0.0125302057713, 0.0132273305207, 0.0365340523422, 0.164501324296, 0.0915834754705, 0.0095846215263, 0.00632386421785, 0.00668624741957, 0.0099115120247, 0.0339205488563, 0.0271923243999, 0.00728907901794, 0.00578093156219, 0.00859033409506, 0.0466298647225, 0.154089868069, 0.0689454674721, 0.0338961146772, 0.0679822564125, 0.0315407179296, 0.00986742880195, 0.00869843177497, 0.0135524207726, 0.0676082670689, 0.120902553201, 0.0576018020511, 0.0410382449627, 0.0298037417233, 0.0267627928406, 0.0430227853358], "dmean2": [0.128534376621, 0.132850319147, 0.067409619689, 0.0290044359863, 0.0281516481191, 0.0323412492871, 0.0400502048433, 0.0543254129589, 0.138980552554, 0.164525792003, 0.17120243609, 0.0692136287689, 0.0344113335013, 0.0325401797891, 0.0445640385151, 0.0610057078302, 0.063338175416, 0.0428475886583, 0.0322098881006, 0.0608874559402, 0.160135388374, 0.169884368777, 0.195717036724, 0.122785508633, 0.0935971289873, 0.067174308002, 0.0482840016484, 0.0485085584223, 0.0874904170632, 0.166865259409, 0.193173959851, 0.19467715919, 0.178540468216, 0.152085483074, 0.134867623448, 0.145215928555], "max": [1, 1, 1, 1, 1, 1, 1, 1, 1, 1, 1, 1, 1, 1, 1, 1, 1, 1, 1, 1, 1, 1, 1, 1, 1, 1, 1, 1, 1, 1, 1, 1, 1, 1, 1, 1], "dmean": [0.0762903094292, 0.077315017581, 0.0370357781649, 0.0152165004984, 0.0148355094716, 0.0178183577955, 0.0225016362965, 0.030446909368, 0.0802774578333, 0.0994666293263, 0.103052854538, 0.0381421633065, 0.0187471676618, 0.0177513808012, 0.0255042724311, 0.0366281829774, 0.0378134027123, 0.0238324124366, 0.0171889830381, 0.0325232446194, 0.0929640233517, 0.103108264506, 0.112464606762, 0.0693612247705, 0.0529856905341, 0.0387007333338, 0.0261907801032, 0.025539373979, 0.0475967936218, 0.101453460753, 0.117258429527, 0.11325905472, 0.0993402525783, 0.0835089832544, 0.0731014087796, 0.0805316194892]}, "key_strength": 0.684311211109, "chords_strength": {"dvar": 0.000379295641324, "mean": 0.558378994465, "min": -1, "median": 0.57220941782, "dvar2": 0.000651479815133, "var": 0.00842459406704, "dmean2": 0.00618626037613, "max": 0.783635377884, "dmean": 0.00743455719203}, "tuning_equal_tempered_deviation": 0.0717588886619, "chords_key": "C", "tuning_frequency": 439.238189697, "chords_scale": "major", "chords_changes_rate": 0.0405676141381, "key_scale": "major", "tuning_diatonic_strength": 0.519719600677, "hpcp_entropy": {"dvar": 0.211387529969, "mean": 1.57486450672, "min": 0, "median": 1.60353291035, "dvar2": 0.530262291431, "var": 0.422053515911, "dmean2": 0.74310785532, "max": 4.00349569321, "dmean": 0.449255406857}, "chords_histogram": [2.30383968353, 22.270450592, 61.0183639526, 0.233722865582, 3.67278790474, 0, 0.0500834733248, 0, 7.16193675995, 0.0667779669166, 0.0667779669166, 0, 0, 0, 0, 0, 0, 0.350584298372, 0, 0.233722865582, 0, 0.85141903162, 0, 1.71953260899], "tuning_nontempered_energy_ratio": 0.685074985027, "key_key": "F"}, "metadata": {"version": {"extractor": "music 1.0", "essentia_build_sha": "70f2e5ece6736b2c40cc944ad0e695b16b925413", "essentia": "2.1-beta2", "essentia_git_sha": "v2.1_beta2"}, "audio_properties": {"sample_rate": 44100, "length": 278.125701904, "lossless": false, "analysis_sample_rate": 44100, "downmix": "mix", "bit_rate": 256024, "equal_loudness": 0, "md5_encoded": "6082505cd68bd4171769add29eb52d3b", "codec": "mp3", "replay_gain": -13.6316871643}, "tags": {"title": ["I Am Still Here"], "genre": ["Alternative"], "label": ["Secretly Canadian"], "albumartist": ["Damien Jurado"], "date": ["2006"], "musicbrainz_recordingid": ["4ba5573c-daeb-4cd7-abc9-f044b1f24077"], "file_name": "1486279.mp3", "composer": ["Damien Jurado"], "tracknumber": ["9"], "album": ["And Now That I'm in Your Shadow"], "artist": ["Damien Jurado"]}}, "lowlevel": {"melbands": {"dvar": [6.25890228534e-09, 5.08871721649e-07, 2.21369191422e-06, 4.36011305283e-06, 1.96135147235e-07, 1.56547741881e-07, 6.64956516516e-08, 4.99352204031e-08, 3.67005732471e-08, 1.80453145759e-08, 7.20018800138e-09, 6.92169488392e-10, 2.29836191745e-10, 5.24084942111e-10, 4.85062712219e-10, 6.64663935002e-10, 8.64245730536e-10, 2.567231705e-10, 6.82504400218e-11, 4.07801813151e-11, 5.60638167835e-11, 7.82424680601e-11, 2.53253190988e-12, 1.12927766097e-12, 2.1109854316e-12, 4.83642336249e-12, 1.23695704287e-12, 8.99206219467e-13, 6.23108292394e-12, 6.22171498349e-12, 4.54673061354e-12, 5.4562912348e-12, 6.05437531706e-12, 1.60392738587e-12, 4.32148197435e-12, 5.990248228e-12, 4.83521165814e-12, 1.46138580837e-12, 7.04873930491e-13, 1.30152030646e-12], "mean": [4.49425679108e-05, 0.000736351707019, 0.00236243405379, 0.00229633366689, 0.000641187594738, 0.000408048799727, 0.000140720192576, 9.34161143959e-05, 9.00586310308e-05, 6.41885853838e-05, 3.53289615305e-05, 1.30795669975e-05, 8.47126375447e-06, 9.56967414822e-06, 9.99401436275e-06, 1.10159253381e-05, 1.23927293316e-05, 5.07982167619e-06, 3.07666755361e-06, 3.94052358388e-06, 3.55942802344e-06, 2.59958756033e-06, 7.26592759293e-07, 4.47935207148e-07, 6.52795563383e-07, 7.66108257721e-07, 3.93712866753e-07, 4.68367971962e-07, 4.30739106605e-07, 5.59788077226e-07, 4.65081853918e-07, 6.8432336775e-07, 5.73161571538e-07, 3.31863560632e-07, 3.87112976341e-07, 4.65461681642e-07, 4.26684465538e-07, 2.31556853691e-07, 1.61200645721e-07, 1.91320438603e-07], "min": [9.81761752628e-25, 1.47015480817e-24, 1.43597760666e-24, 2.09327889682e-24, 1.18082291345e-24, 2.70365390856e-24, 3.4975741732e-24, 2.6274795274e-24, 1.86694109526e-24, 2.38474781573e-24, 2.55509996163e-24, 2.87413582208e-24, 2.56838556256e-24, 3.34774148274e-24, 2.9239362166e-24, 4.02568262823e-24, 2.90029464691e-24, 4.8833065664e-24, 3.21913092556e-24, 3.80994455344e-24, 1.48657051057e-24, 4.55798230124e-24, 4.14118724754e-24, 4.25604973407e-24, 5.0976290303e-24, 5.64191307819e-24, 6.4588661091e-24, 4.5453183227e-24, 6.1392622688e-24, 5.34440247082e-24, 6.33186423653e-24, 4.84380672316e-24, 6.13901298875e-24, 6.76316486456e-24, 7.49105392155e-24, 5.72692625136e-24, 5.24555780497e-24, 6.5307680196e-24, 6.26426950657e-24, 6.11719388497e-24], "median": [8.86035650183e-06, 0.000413501198636, 0.00145262177102, 0.000755810760893, 0.000292304175673, 0.000136509872391, 9.45342526393e-06, 1.02757094282e-05, 5.4981642279e-06, 3.39863777299e-06, 2.44727675636e-06, 8.06234879747e-07, 1.00644354006e-06, 8.65756135227e-07, 7.29405712718e-07, 7.11764073458e-07, 4.93589936923e-07, 2.55132334814e-07, 1.68991135752e-07, 1.63999445135e-07, 1.22459155705e-07, 1.04132354295e-07, 7.11508860718e-08, 4.77630237583e-08, 5.7855920943e-08, 4.58479085808e-08, 4.72306531663e-08, 4.11781542198e-08, 2.53594159005e-08, 1.83901018858e-08, 1.79815327073e-08, 1.92071496485e-08, 1.80251404913e-08, 1.01880175407e-08, 6.73143496499e-09, 5.11615905197e-09, 4.69596894703e-09, 3.77600084533e-09, 2.82424528208e-09, 2.09024286768e-09], "dvar2": [1.44341028019e-08, 1.33290336635e-06, 6.03162789048e-06, 1.16261371659e-05, 4.63767918291e-07, 3.20351148275e-07, 1.13819602632e-07, 8.69050111874e-08, 5.9622827564e-08, 4.18997778695e-08, 1.3832334389e-08, 1.76702485977e-09, 4.68541927479e-10, 1.16163512143e-09, 1.00051777974e-09, 1.52110779528e-09, 1.85766868555e-09, 6.34464647487e-10, 1.43778433603e-10, 7.75621511462e-11, 1.22595489316e-10, 1.92860977188e-10, 5.58296204406e-12, 2.63910204454e-12, 3.27482810834e-12, 1.01200124669e-11, 2.92032045247e-12, 1.8883870162e-12, 1.42934561756e-11, 1.12962356483e-11, 9.75177490842e-12, 9.93521150766e-12, 1.31856808458e-11, 2.56380160157e-12, 8.75940812939e-12, 9.63842373969e-12, 7.43350520027e-12, 2.8024251756e-12, 1.35726152539e-12, 2.88030862182e-12], "var": [1.10711839696e-08, 8.86305144832e-07, 6.64140543449e-06, 1.29369482238e-05, 9.21888840821e-07, 7.35770413485e-07, 3.59500972991e-07, 2.98166867196e-07, 1.41610343007e-07, 5.91081992241e-08, 4.86912732356e-08, 1.74975023359e-09, 7.70441377362e-10, 1.60426782969e-09, 1.58835655739e-09, 1.76706549393e-09, 2.41742137419e-09, 6.23039009273e-10, 1.70609706918e-10, 1.68053543304e-10, 2.05736636061e-10, 1.45594369894e-10, 5.98990215067e-12, 2.50582714301e-12, 1.1091454144e-11, 1.54807052594e-11, 2.42135196442e-12, 2.88194034609e-12, 1.02863724483e-11, 1.7954610021e-11, 1.20465304398e-11, 1.8379488903e-11, 1.53304452466e-11, 5.81222353233e-12, 1.22074876249e-11, 2.29198708623e-11, 1.60432205715e-11, 4.12578781903e-12, 1.77484416053e-12, 2.36373030524e-12], "dmean2": [4.18975323555e-05, 0.000498512818012, 0.00153205508832, 0.00155369134154, 0.000284197943984, 0.000211591963307, 7.00537930243e-05, 4.94052692375e-05, 5.03265837324e-05, 3.59632795153e-05, 1.92968836927e-05, 8.22682159196e-06, 5.42730867892e-06, 5.63983803659e-06, 6.58016278976e-06, 8.13770111563e-06, 8.68789175001e-06, 3.88351145375e-06, 2.11073825085e-06, 2.34602816818e-06, 2.30875411944e-06, 2.05095216188e-06, 5.65707182432e-07, 3.2914493886e-07, 4.46718161129e-07, 5.56843190225e-07, 3.0842426213e-07, 3.19406638027e-07, 3.36257215849e-07, 4.00003386858e-07, 3.58003688916e-07, 4.58122826785e-07, 4.37838394873e-07, 2.11132174854e-07, 3.20714150348e-07, 3.29469060034e-07, 3.1424184499e-07, 1.74048523149e-07, 1.29703821017e-07, 1.73758181177e-07], "max": [0.00184512976557, 0.011960583739, 0.0255861543119, 0.0328676588833, 0.0106500629336, 0.0120794838294, 0.0139429159462, 0.0154665680602, 0.00860000588, 0.00724587636068, 0.005766895134, 0.00144684908446, 0.000456445355667, 0.00148865475785, 0.00103440205567, 0.00111746625043, 0.00105101999361, 0.00139159837272, 0.000411518121837, 0.000330109236529, 0.000319602258969, 0.000552649318706, 9.49034219957e-05, 6.03354201303e-05, 0.000147207654663, 0.000196458466235, 0.000104941049358, 5.52523742954e-05, 0.000244598952122, 0.000182429997949, 0.00012159270409, 0.000105891718704, 9.9638957181e-05, 6.6821819928e-05, 0.000141724362038, 0.000168782222318, 0.000144751262269, 0.000118030773592, 5.42830457562e-05, 4.84654592583e-05], "dmean": [2.61689328909e-05, 0.000313765311148, 0.000972888490651, 0.000970339402556, 0.000185334822163, 0.000139562864206, 5.02301008964e-05, 3.67095854017e-05, 3.7356523535e-05, 2.51422225119e-05, 1.40080892379e-05, 5.91361322222e-06, 3.76506682187e-06, 3.97855365009e-06, 4.70811028208e-06, 5.59150385016e-06, 6.1174810071e-06, 2.64262507699e-06, 1.47853836552e-06, 1.64534299074e-06, 1.62149729022e-06, 1.37984841331e-06, 3.69830814861e-07, 2.17482480025e-07, 3.05101906406e-07, 3.72750548649e-07, 2.025528687e-07, 2.206203078e-07, 2.31832672171e-07, 3.01907959965e-07, 2.55973901631e-07, 3.33676240416e-07, 3.09049681846e-07, 1.63984040569e-07, 2.23613341177e-07, 2.53064627032e-07, 2.350876116e-07, 1.28453820025e-07, 9.36405584184e-08, 1.18289612772e-07]}, "spectral_decrease": {"dvar": 5.76651469171e-18, "mean": -5.41969757961e-09, "min": -4.14336014387e-08, "median": -3.28101257274e-09, "dvar2": 1.49774053182e-17, "var": 3.2636986786e-17, "dmean2": 2.34843078317e-09, "max": 1.61208220621e-28, "dmean": 1.48239087672e-09}, "spectral_rolloff": {"dvar": 249618.59375, "mean": 440.78012085, "min": 21.533203125, "median": 279.931640625, "dvar2": 503405.0625, "var": 1701824.25, "dmean2": 141.104400635, "max": 19552.1484375, "dmean": 82.6086349487}, "melbands_crest": {"dvar": 6.09659814835, "mean": 18.480884552, "min": 1.52200067043, "median": 18.264043808, "dvar2": 15.386841774, "var": 20.4109268188, "dmean2": 4.31003952026, "max": 39.6552429199, "dmean": 2.77512121201}, "barkbands_skewness": {"dvar": 0.60496199131, "mean": 3.38658189774, "min": -4.19953966141, "median": 3.23411607742, "dvar2": 1.41609060764, "var": 2.88905549049, "dmean2": 0.972361326218, "max": 16.0931930542, "dmean": 0.645846962929}, "spectral_centroid": {"dvar": 30057.0546875, "mean": 367.357086182, "min": 146.752944946, "median": 259.54019165, "dvar2": 49261.0078125, "var": 483006.5, "dmean2": 74.3816604614, "max": 11646.3847656, "dmean": 50.5175704956}, "spectral_energyband_middle_low": {"dvar": 7.73123101681e-05, "mean": 0.0177455935627, "min": 1.82554694455e-22, "median": 0.00954502169043, "dvar2": 0.000202724826522, "var": 0.000413856731029, "dmean2": 0.00836719758809, "max": 0.15079061687, "dmean": 0.00528036849573}, "erbbands_crest": {"dvar": 4.89995670319, "mean": 12.5681400299, "min": 2.29573297501, "median": 11.8723402023, "dvar2": 11.8872108459, "var": 17.3212280273, "dmean2": 3.58881497383, "max": 29.9574794769, "dmean": 2.27749037743}, "dynamic_complexity": 5.66339540482, "spectral_energyband_low": {"dvar": 9.49295372266e-06, "mean": 0.00432628719136, "min": 2.67223034438e-23, "median": 0.00290928594768, "dvar2": 2.47128245974e-05, "var": 1.93307641894e-05, "dmean2": 0.00296641024761, "max": 0.0465953350067, "dmean": 0.00195044546854}, "silence_rate_60dB": {"dvar": 0.0373954735696, "mean": 0.212538614869, "min": 0, "median": 0, "dvar2": 0.0824378430843, "var": 0.167364194989, "dmean2": 0.0778158158064, "max": 1, "dmean": 0.0389046594501}, "erbbands_kurtosis": {"dvar": 18.3211231232, "mean": 7.39622592926, "min": -1.8947057724, "median": 5.32119178772, "dvar2": 41.5890274048, "var": 66.2104187012, "dmean2": 4.16840648651, "max": 106.058013916, "dmean": 2.73787045479}, "spectral_complexity": {"dvar": 1.29496121407, "mean": 6.14358472824, "min": 0, "median": 5, "dvar2": 2.67751955986, "var": 15.7508716583, "dmean2": 1.53828167915, "max": 27, "dmean": 0.931541144848}, "barkbands_crest": {"dvar": 4.2239985466, "mean": 13.6392879486, "min": 3.97092676163, "median": 13.1566314697, "dvar2": 11.1124124527, "var": 13.1529912949, "dmean2": 3.34321522713, "max": 26.6827373505, "dmean": 2.12602090836}, "spectral_energy": {"dvar": 8.50198775879e-05, "mean": 0.0210586637259, "min": 1.01025086863e-20, "median": 0.0127693396062, "dvar2": 0.000220825575525, "var": 0.000492570688948, "dmean2": 0.00903611443937, "max": 0.159765973687, "dmean": 0.00570456171408}, "spectral_spread": {"dvar": 457342943232, "mean": 3058119.25, "min": 441529.53125, "median": 2666746.5, "dvar2": 849383325696, "var": 7357752410110.0, "dmean2": 645405.9375, "max": 41920704, "dmean": 433089.15625}, "spectral_contrast_valleys": {"dvar": [0.145160183311, 0.0735376477242, 0.0817545130849, 0.0744030699134, 0.0917257890105, 0.104687787592], "mean": [-8.42417430878, -8.16974163055, -9.49822902679, -10.1119041443, -10.4361505508, -12.6444206238], "min": [-28.2355155945, -28.0218086243, -27.6624755859, -27.6380596161, -27.448261261, -27.4012775421], "median": [-8.50611972809, -8.01742839813, -9.35952663422, -9.98944664001, -10.3538312912, -12.7582988739], "dvar2": [0.32829862833, 0.149934411049, 0.163340568542, 0.129997551441, 0.147579535842, 0.160975500941], "var": [2.16501998901, 2.41613078117, 2.49308753014, 2.79737877846, 3.10418224335, 2.71938657761], "dmean2": [0.649492323399, 0.418325841427, 0.440593123436, 0.367567867041, 0.337101310492, 0.329866528511], "max": [-5.5614695549, -5.346347332, -5.88086462021, -6.51158237457, -6.20542240143, -7.65912723541], "dmean": [0.408018618822, 0.260244578123, 0.279167413712, 0.247039988637, 0.249039113522, 0.260482132435]}, "spectral_rms": {"dvar": 5.29382191417e-07, "mean": 0.00389603758231, "min": 3.13944356622e-12, "median": 0.00352957379073, "dvar2": 1.29829641082e-06, "var": 5.36594370715e-06, "dmean2": 0.000883744331077, "max": 0.012484760955, "dmean": 0.000570074655116}, "barkbands_spread": {"dvar": 16.1530246735, "mean": 4.05604171753, "min": 0.236843645573, "median": 2.07751774788, "dvar2": 31.2507019043, "var": 51.6729278564, "dmean2": 1.90353226662, "max": 89.1352920532, "dmean": 1.27742481232}, "pitch_salience": {"dvar": 0.00326487491839, "mean": 0.47948089242, "min": 0.0154383042827, "median": 0.482933819294, "dvar2": 0.00802530813962, "var": 0.0127154439688, "dmean2": 0.0972968563437, "max": 0.891955196857, "dmean": 0.0620058886707}, "erbbands_skewness": {"dvar": 0.246215924621, "mean": 1.9681648016, "min": -4.07847261429, "median": 1.91182625294, "dvar2": 0.537696421146, "var": 1.32730793953, "dmean2": 0.614477515221, "max": 8.14791870117, "dmean": 0.415633440018}, "spectral_energyband_middle_high": {"dvar": 3.47516788679e-07, "mean": 0.000661964702886, "min": 1.14778044971e-21, "median": 7.57607413107e-05, "dvar2": 6.52079279462e-07, "var": 2.41943757828e-06, "dmean2": 0.000249657168752, "max": 0.0287898723036, "dmean": 0.000191447354155}, "erbbands": {"dvar": [1.04642958831e-05, 0.0327733680606, 3.45901966095, 36.8263092041, 735.466186523, 543.622375488, 171.513687134, 373.777557373, 361.056091309, 364.919799805, 577.17956543, 521.082397461, 303.188293457, 34.4834480286, 22.8572387695, 31.6950340271, 149.41078186, 188.515472412, 75.1328964233, 32.7421226501, 24.699962616, 41.6533088684, 1.19931173325, 2.54130148888, 3.88778233528, 1.63320088387, 15.6668109894, 10.1306056976, 16.5264320374, 6.45503282547, 12.7113056183, 11.8309078217, 1.90243053436, 1.27679347992, 0.2871055305, 0.027649121359, 0.00183075224049, 5.61288979952e-05, 6.11781047155e-07, 1.56439905474e-09], "mean": [0.00249366718344, 0.127040326595, 2.05173397064, 9.69661521912, 30.7118778229, 26.7311515808, 15.5142602921, 18.7594470978, 10.1551761627, 8.43699359894, 10.9645347595, 11.3404254913, 7.58131027222, 3.29251742363, 2.94034314156, 2.98028373718, 5.90520381927, 6.30364084244, 3.18805003166, 2.73466777802, 2.9649412632, 2.04754734039, 0.631627619267, 0.807023227215, 0.815785229206, 0.678870975971, 0.776921927929, 0.843645393848, 1.16653740406, 0.730628073215, 0.713002741337, 0.711093723774, 0.30957993865, 0.218285933137, 0.107469946146, 0.0389762930572, 0.0101884901524, 0.00177309114952, 0.000174526125193, 3.00879419228e-05], "min": [1.38152642352e-22, 8.60776040183e-22, 3.07869151902e-21, 8.57972976311e-21, 1.86905449907e-20, 3.03800142224e-20, 3.14273961302e-20, 1.07140652851e-19, 2.27654606085e-19, 2.30981423111e-19, 2.10857126934e-19, 4.70618050561e-19, 6.3297804347e-19, 7.22246082707e-19, 1.05557345149e-18, 1.38206174266e-18, 1.93686842651e-18, 1.85855510201e-18, 3.61287345273e-18, 3.10177220071e-18, 2.31646222999e-18, 5.05029539525e-18, 4.91558779173e-18, 8.22133073737e-18, 9.36930109046e-18, 8.11945682749e-18, 1.10135500326e-17, 1.15801943948e-17, 9.81257394584e-18, 1.39320012252e-17, 1.42236088609e-17, 1.04445829472e-17, 1.08081445429e-17, 9.12516617729e-18, 6.25341346619e-18, 3.79085583718e-18, 2.35051725581e-18, 1.10217691059e-18, 2.65762816905e-19, 2.8199478886e-20], "median": [0.00130221096333, 0.0350134707987, 1.19610655308, 6.29606723785, 11.450753212, 8.88062477112, 7.53343391418, 6.04083347321, 0.943802773952, 1.0543627739, 0.715438961983, 0.66371935606, 0.533300995827, 0.217536494136, 0.351485610008, 0.296397179365, 0.392618924379, 0.314419299364, 0.178035750985, 0.125058934093, 0.125914394855, 0.102363690734, 0.069023154676, 0.0788004919887, 0.072348639369, 0.0697159394622, 0.0424660779536, 0.0344271399081, 0.0366153530777, 0.0242396313697, 0.0127194970846, 0.00875919591635, 0.00563066313043, 0.00308895832859, 0.00170021492522, 0.000815345556475, 0.00021036301041, 0.00021520111477, 1.50813648361e-05, 1.49457519001e-05], "dvar2": [2.50929333561e-05, 0.0754444301128, 9.15828418732, 96.5543365479, 1962.9263916, 1438.04431152, 385.569335938, 762.339660645, 630.489379883, 648.402770996, 931.929382324, 1232.45617676, 584.825195312, 87.1355514526, 47.5794143677, 69.7895889282, 356.47744751, 403.884521484, 183.390762329, 60.219493866, 52.9265136719, 103.049156189, 2.53431534767, 3.93612527847, 7.09018564224, 3.34654808044, 34.7694740295, 17.6812438965, 31.1946125031, 9.90467643738, 23.807964325, 16.9991474152, 3.51397919655, 2.59980821609, 0.583084762096, 0.0594813264906, 0.00354379648343, 0.000109708897071, 1.25165990994e-06, 3.50912832126e-09], "var": [1.66303980222e-05, 0.0625554248691, 6.24020767212, 98.3123931885, 1943.65039062, 2170.33422852, 586.886169434, 1728.05761719, 1858.63989258, 2236.75, 2328.24584961, 1719.74353027, 2038.58898926, 101.897407532, 80.7074584961, 112.673500061, 432.141326904, 552.034240723, 201.979644775, 110.996284485, 109.186851501, 79.2243881226, 3.63998150826, 14.3153457642, 13.4043912888, 5.43081378937, 30.4384727478, 35.7633132935, 54.82188797, 24.0875701904, 42.2874412537, 44.3749198914, 6.09976577759, 2.76806902885, 0.663550794125, 0.0627838149667, 0.00444936566055, 0.00011605805048, 1.16413934848e-06, 3.42154926614e-09], "dmean2": [0.00220992718823, 0.0965786725283, 1.33341479301, 6.47663545609, 22.6316738129, 15.4995346069, 7.44672727585, 9.8719959259, 5.02714729309, 4.28530311584, 5.95181369781, 6.16229343414, 3.98966908455, 1.88945603371, 1.6191277504, 1.7229180336, 4.02881193161, 4.20890951157, 2.23781275749, 1.6213914156, 1.73133039474, 1.4910877943, 0.394014835358, 0.504442632198, 0.561203300953, 0.427951872349, 0.555717647076, 0.548181772232, 0.76861512661, 0.429771512747, 0.527726709843, 0.472814589739, 0.218764618039, 0.178035452962, 0.0789022371173, 0.0282123610377, 0.00743365986273, 0.00113801122643, 0.000111517118057, 1.36655417009e-05], "max": [0.0725407674909, 4.30763959885, 29.5520133972, 79.9191131592, 426.132415771, 392.701385498, 353.572357178, 623.114013672, 1057.4564209, 1270.54785156, 1104.17944336, 1175.68249512, 1161.86413574, 305.356994629, 207.399581909, 300.761566162, 484.528961182, 464.516876221, 740.705383301, 293.596740723, 236.624206543, 444.342468262, 61.5295944214, 157.310180664, 192.627761841, 71.269859314, 349.789489746, 194.833816528, 189.179122925, 124.33631134, 242.55039978, 183.868453979, 119.018966675, 46.1195373535, 25.4937095642, 6.79545021057, 2.00293779373, 0.468855202198, 0.0530913211405, 0.00289455614984], "dmean": [0.00133991113398, 0.0609133802354, 0.83892261982, 4.20854234695, 14.1353340149, 9.95780944824, 4.83716344833, 6.51145982742, 3.59891343117, 3.14976644516, 4.48916864395, 4.31344175339, 2.90248990059, 1.36507678032, 1.14296281338, 1.20251822472, 2.80462288857, 2.96925902367, 1.53593015671, 1.15814065933, 1.22813308239, 1.01497483253, 0.269148170948, 0.349257439375, 0.375412911177, 0.298496425152, 0.399704664946, 0.413132280111, 0.56928563118, 0.338516265154, 0.381913036108, 0.372417777777, 0.16501365602, 0.125290110707, 0.0576307736337, 0.0199640598148, 0.00516795506701, 0.000828992924653, 8.16103856778e-05, 8.99881888472e-06]}, "dissonance": {"dvar": 0.000683840073179, "mean": 0.395089387894, "min": 0.150263547897, "median": 0.401014089584, "dvar2": 0.00184478797019, "var": 0.0027880249545, "dmean2": 0.048789370805, "max": 0.499999403954, "dmean": 0.0294545143843}, "erbbands_flatness_db": {"dvar": 0.000290663185297, "mean": 0.239793047309, "min": 0.0271399877965, "median": 0.235389977694, "dvar2": 0.000593155855313, "var": 0.0036533405073, "dmean2": 0.0223249606788, "max": 0.424516677856, "dmean": 0.0156404580921}, "melbands_kurtosis": {"dvar": 522.275268555, "mean": 37.7177963257, "min": -1.87255632877, "median": 26.7777404785, "dvar2": 1214.07250977, "var": 1493.64599609, "dmean2": 20.4341831207, "max": 516.406188965, "dmean": 13.5060148239}, "melbands_spread": {"dvar": 37.1927528381, "mean": 4.52967214584, "min": 0.404591113329, "median": 2.17828822136, "dvar2": 66.3763961792, "var": 185.502853394, "dmean2": 2.00478792191, "max": 245.972747803, "dmean": 1.34952175617}, "melbands_skewness": {"dvar": 0.783142805099, "mean": 3.7327504158, "min": -1.36838519573, "median": 3.38380241394, "dvar2": 1.73474729061, "var": 4.02027797699, "dmean2": 1.04124903679, "max": 16.6306362152, "dmean": 0.697150409222}, "spectral_entropy": {"dvar": 0.0446960367262, "mean": 5.77655172348, "min": 3.86555600166, "median": 5.72865533829, "dvar2": 0.0917942225933, "var": 0.57516759634, "dmean2": 0.27923104167, "max": 9.81580352783, "dmean": 0.191172018647}, "zerocrossingrate": {"dvar": 8.94434997463e-05, "mean": 0.0202586371452, "min": 0, "median": 0.01318359375, "dvar2": 0.000103817677882, "var": 0.00131104269531, "dmean2": 0.00443542189896, "max": 0.51708984375, "dmean": 0.00358049827628}, "average_loudness": 0.625600636005, "spectral_contrast_coeffs": {"dvar": [0.00119204318617, 0.000919171201531, 0.000642219209112, 0.000417302973801, 0.000274657912087, 0.000167264603078], "mean": [-0.475201636553, -0.66349709034, -0.739471077919, -0.764547646046, -0.787879526615, -0.790795862675], "min": [-0.979263782501, -0.982527434826, -0.972169399261, -0.971736967564, -0.966317415237, -0.963826179504], "median": [-0.470330387354, -0.665429711342, -0.745365619659, -0.770497381687, -0.787965595722, -0.789358079433], "dvar2": [0.0030968808569, 0.00219104788266, 0.00144228420686, 0.000899538223166, 0.000547599629499, 0.00033237360185], "var": [0.0092021971941, 0.00660603726283, 0.00520483776927, 0.00435464875773, 0.00280894897878, 0.00306916702539], "dmean2": [0.0629446208477, 0.0502043180168, 0.042087841779, 0.0341364555061, 0.0267475917935, 0.0203143302351], "max": [-0.217169255018, -0.312022686005, -0.438810646534, -0.526790499687, -0.550471186638, -0.598893105984], "dmean": [0.0391589701176, 0.0308354925364, 0.0271999314427, 0.0223834458739, 0.0177761446685, 0.0140089150518]}, "barkbands_flatness_db": {"dvar": 0.000447245896794, "mean": 0.296016871929, "min": 0.0380177684128, "median": 0.294804483652, "dvar2": 0.0010027239332, "var": 0.00584307406098, "dmean2": 0.0324446074665, "max": 0.504427850246, "dmean": 0.0218825861812}, "silence_rate_30dB": {"dvar": 0.00432263594121, "mean": 0.99716168642, "min": 0, "median": 1, "dvar2": 0.0116143729538, "var": 0.00283004995435, "dmean2": 0.00868330989033, "max": 1, "dmean": 0.00434129219502}, "spectral_energyband_high": {"dvar": 1.59522841159e-07, "mean": 0.000133175766678, "min": 7.05574076515e-21, "median": 5.17527269039e-06, "dvar2": 2.08382374467e-07, "var": 7.69138125634e-07, "dmean2": 6.46572807455e-05, "max": 0.0176572483033, "dmean": 5.42814159417e-05}, "melbands_flatness_db": {"dvar": 0.000584156427067, "mean": 0.408834934235, "min": 0.00317848427221, "median": 0.406393617392, "dvar2": 0.00124080781825, "var": 0.0100213522092, "dmean2": 0.0349026806653, "max": 0.682573914528, "dmean": 0.0241816416383}, "barkbands": {"dvar": [3.31871648218e-11, 2.77286545725e-07, 4.08415462516e-06, 1.3089940694e-05, 6.25275933999e-05, 3.58311899618e-06, 1.30304147206e-06, 1.45710600918e-06, 6.78377546137e-07, 1.90645323528e-07, 1.10023341549e-08, 2.99171141194e-08, 7.55098312766e-08, 5.66168338878e-08, 2.53594656385e-08, 7.906916899e-09, 1.60192588083e-08, 4.08832606658e-10, 1.76699599397e-09, 7.86791298779e-10, 7.89686893654e-09, 1.13014388958e-08, 1.03683497343e-08, 1.43856526691e-08, 6.97375934777e-09, 7.74926067759e-10, 2.25103789775e-11], "mean": [5.37225241715e-06, 0.000295182369882, 0.00226718746126, 0.0049902270548, 0.00910284370184, 0.00207596318796, 0.000525369483512, 0.000521787093021, 0.000405636557844, 0.000203182324185, 4.98381923535e-05, 7.37334485166e-05, 0.000122906829347, 0.000105731196527, 5.50016120542e-05, 4.90454367537e-05, 4.31036933151e-05, 9.19991816772e-06, 1.84297059604e-05, 1.39316116474e-05, 2.05098567676e-05, 3.08352646243e-05, 2.28479293582e-05, 2.59408334387e-05, 1.73889511643e-05, 6.50118181511e-06, 1.02513274669e-06], "min": [4.69849400847e-25, 3.18842273989e-24, 3.47272584355e-24, 1.87820662063e-24, 9.81078382147e-24, 1.21173247559e-23, 1.6820926836e-23, 1.26397936443e-23, 1.56449624182e-23, 1.06339585983e-23, 1.78570262152e-23, 2.97318077972e-23, 4.44756465148e-23, 3.54372474497e-23, 4.37277937549e-23, 6.34951113387e-23, 8.7632936063e-23, 8.85678056554e-23, 1.52693418806e-22, 1.88075180935e-22, 2.50377736533e-22, 2.98052072024e-22, 4.88344229781e-22, 5.89505631809e-22, 9.37730797261e-22, 1.21351384342e-21, 1.96498673022e-21], "median": [3.34194214702e-06, 3.27201742039e-05, 0.0014599757269, 0.00256900163367, 0.00320279784501, 0.000752414227463, 4.9756738008e-05, 3.16535079037e-05, 2.18190216401e-05, 1.56521018653e-05, 6.56891188555e-06, 5.32724652658e-06, 7.45354736864e-06, 4.33947025158e-06, 2.34809567701e-06, 2.03197919291e-06, 1.96085215975e-06, 8.11608174445e-07, 1.59024648383e-06, 1.5284199435e-06, 9.10968992685e-07, 9.8608825283e-07, 4.67959836215e-07, 3.86279936038e-07, 2.60101870708e-07, 1.41607586102e-07, 1.2932014215e-07], "dvar2": [8.61841362165e-11, 6.32767694242e-07, 1.14285339805e-05, 3.52070856025e-05, 0.000168098398717, 7.58216492613e-06, 2.32334264183e-06, 2.32984302784e-06, 1.58399132033e-06, 3.95634117467e-07, 2.24851426367e-08, 6.67780213348e-08, 1.70034837765e-07, 1.2593615395e-07, 6.29142391517e-08, 1.62957736194e-08, 3.64127785701e-08, 9.29612109513e-10, 3.55409146557e-09, 1.60943591787e-09, 1.58281352469e-08, 1.9765293402e-08, 1.73721979024e-08, 2.22357954272e-08, 1.41226319528e-08, 1.60152791029e-09, 4.71032310378e-11], "var": [4.32080551893e-11, 5.1289981684e-07, 6.49778758088e-06, 3.76079224225e-05, 0.000183357653441, 1.51305403051e-05, 6.27365488981e-06, 6.86241810399e-06, 2.26316046792e-06, 1.05682579488e-06, 3.56694016546e-08, 9.09872213128e-08, 2.15528359604e-07, 1.58965022479e-07, 5.98662808216e-08, 2.99344335986e-08, 3.64256642627e-08, 1.04006780965e-09, 7.61823581996e-09, 2.41008812907e-09, 2.11046131682e-08, 3.89581167326e-08, 3.93322601155e-08, 5.13303568539e-08, 1.56565569398e-08, 1.78378700699e-09, 4.26693402833e-11], "dmean2": [7.71310624259e-06, 0.000266600371106, 0.00158681010362, 0.00358091155067, 0.00594333466142, 0.00109489692841, 0.000307402311591, 0.000289123592665, 0.000235269137193, 0.000118507159641, 3.56472664862e-05, 4.53881038993e-05, 8.74218676472e-05, 7.51659390517e-05, 4.11931832787e-05, 3.16978948831e-05, 3.27881643898e-05, 6.597716947e-06, 1.24656016851e-05, 9.12595078262e-06, 1.40381480378e-05, 1.9569262804e-05, 1.5617308236e-05, 1.75753266376e-05, 1.31554015752e-05, 4.69628548672e-06, 6.68749180477e-07], "max": [9.19586673263e-05, 0.0128749087453, 0.0278788134456, 0.0501106381416, 0.121246568859, 0.0506753399968, 0.0594074986875, 0.062594845891, 0.0367358326912, 0.030748013407, 0.00376739655621, 0.0105147482827, 0.00968002341688, 0.00808971468359, 0.0100797507912, 0.00604501878843, 0.00656862510368, 0.00116935605183, 0.00345543189906, 0.00175334792584, 0.00591500289738, 0.00465057278052, 0.00683259963989, 0.00861362926662, 0.00357796577737, 0.00117511593271, 0.000340436818078], "dmean": [4.55057943327e-06, 0.000168392114574, 0.000995680922642, 0.00227610813454, 0.00372202158906, 0.00071376550477, 0.00021713541355, 0.000221571855946, 0.000163488948601, 8.57375853229e-05, 2.44522507273e-05, 3.19458413287e-05, 6.09856979281e-05, 5.23235466972e-05, 2.82398505078e-05, 2.18164896069e-05, 2.24779178097e-05, 4.38078177467e-06, 8.36525123304e-06, 6.3700699684e-06, 1.05252183857e-05, 1.46537868204e-05, 1.18357147585e-05, 1.36595381264e-05, 9.39710207604e-06, 3.28617966261e-06, 4.87691579565e-07]}, "erbbands_spread": {"dvar": 60.6688041687, "mean": 20.5546703339, "min": 0.945659458637, "median": 15.4012260437, "dvar2": 121.454551697, "var": 321.079315186, "dmean2": 5.9967007637, "max": 157.83807373, "dmean": 4.04358196259}, "barkbands_kurtosis": {"dvar": 223.932174683, "mean": 29.0497646332, "min": -1.91246497631, "median": 23.45454216, "dvar2": 537.843139648, "var": 640.110351562, "dmean2": 14.9563550949, "max": 423.147979736, "dmean": 9.80622005463}, "spectral_flux": {"dvar": 0.000530238845386, "mean": 0.0439450442791, "min": 6.3621927171e-11, "median": 0.0323123894632, "dvar2": 0.00129175756592, "var": 0.00154294993263, "dmean2": 0.0299091786146, "max": 0.331765145063, "dmean": 0.0181124228984}, "silence_rate_20dB": {"dvar": 0, "mean": 1, "min": 1, "median": 1, "dvar2": 0, "var": 0, "dmean2": 0, "max": 1, "dmean": 0}, "gfcc": {"cov": [[18153.1855469, -2038.30065918, -3033.10961914, 808.458312988, -1528.10803223, 556.606811523, -1333.20202637, 89.6255722046, -476.558197021, -4.485414505, -570.911804199, -441.183868408, -78.1299438477], [-2038.30065918, 1702.04003906, 428.873352051, -532.927490234, 420.387786865, -375.440063477, 316.930511475, -94.0519790649, 110.4008255, -189.489730835, 131.423019409, 30.7890357971, 14.7957143784], [-3033.10961914, 428.873352051, 1076.91931152, -128.841537476, 184.4868927, -81.5413818359, 175.565612793, 15.6318302155, 86.5485076904, 42.2649650574, 85.5904922485, 91.4156646729, 21.4461231232], [808.458312988, -532.927490234, -128.841537476, 495.640075684, -117.187309265, 94.80078125, -52.3443756104, -40.5617828369, -36.6838798523, 66.2638015747, -35.7146339417, -20.0836296082, 15.3866853714], [-1528.10803223, 420.387786865, 184.4868927, -117.187309265, 402.716552734, -73.764251709, 117.009712219, -51.5073890686, 28.3413219452, -43.4282836914, 45.2024078369, 42.6491355896, 10.1420822144], [556.606811523, -375.440063477, -81.5413818359, 94.80078125, -73.764251709, 248.383895874, -44.7307662964, 7.98392486572, -43.0333061218, 56.232208252, -33.4631690979, -18.5701656342, -3.64007282257], [-1333.20202637, 316.930511475, 175.565612793, -52.3443756104, 117.009712219, -44.7307662964, 320.024780273, -31.0859527588, -11.9321565628, -43.3874740601, 51.6014976501, 46.8035507202, 2.77105784416], [89.6255722046, -94.0519790649, 15.6318302155, -40.5617828369, -51.5073890686, 7.98392486572, -31.0859527588, 145.189331055, 25.4703025818, 1.25900661945, -3.37251234055, 7.18528747559, 6.54936599731], [-476.558197021, 110.4008255, 86.5485076904, -36.6838798523, 28.3413219452, -43.0333061218, -11.9321565628, 25.4703025818, 133.899169922, 20.356092453, 2.4365170002, -2.22558307648, 3.34612941742], [-4.485414505, -189.489730835, 42.2649650574, 66.2638015747, -43.4282836914, 56.232208252, -43.3874740601, 1.25900661945, 20.356092453, 140.602279663, 2.52344608307, -22.5711250305, -25.8274669647], [-570.911804199, 131.423019409, 85.5904922485, -35.7146339417, 45.2024078369, -33.4631690979, 51.6014976501, -3.37251234055, 2.4365170002, 2.52344608307, 104.050064087, 23.7699069977, -19.9283123016], [-441.183868408, 30.7890357971, 91.4156646729, -20.0836296082, 42.6491355896, -18.5701656342, 46.8035507202, 7.18528747559, -2.22558307648, -22.5711250305, 23.7699069977, 92.7086868286, 22.1809368134], [-78.1299438477, 14.7957143784, 21.4461231232, 15.3866853714, 10.1420822144, -3.64007282257, 2.77105784416, 6.54936599731, 3.34612941742, -25.8274669647, -19.9283123016, 22.1809368134, 80.7938232422]], "mean": [-159.672348022, 143.612350464, -57.2391014099, 16.7151584625, -48.3529129028, -8.33992862701, -42.858001709, -21.6732234955, -33.4293174744, -13.1736154556, -23.5056667328, -10.3810520172, -16.6235656738], "icov": [[0.00032629139605, -0.000598911428824, 0.000622861611191, -0.000531612080522, 0.000821550551336, -0.000499387620948, 0.00102371396497, -0.000412545545259, 0.000917875324376, -6.78862052155e-05, 0.000955674157012, -0.000297613703879, 0.000491535058245], [-0.000598911428824, 0.00352615793236, -0.00148587406147, 0.00268719275482, -0.00232214294374, 0.00274172704667, -0.00301912915893, 0.00230360473506, -0.0027901250869, 0.00168239860795, -0.00303416023962, 0.00254117697477, -0.00180308800191], [0.000622861611191, -0.00148587406147, 0.00253049656749, -0.00105174141936, 0.0013948159758, -0.00104679702781, 0.00159949716181, -0.00115647201892, 0.00137218239252, -0.00127761682961, 0.00157050031703, -0.00165832915809, 0.000597061647568], [-0.000531612080522, 0.00268719275482, -0.00105174141936, 0.00466643739492, -0.00134619674645, 0.00164862745441, -0.00249756686389, 0.00269596767612, -0.00193959556054, 1.03615241187e-06, -0.00222383928485, 0.00173722661566, -0.00245011784136], [0.000821550551336, -0.00232214294374, 0.0013948159758, -0.00134619674645, 0.00575708178803, -0.00170269061346, 0.00235505145974, -0.000142268982017, 0.00195261428598, -0.000121509372548, 0.00226152921095, -0.00200973707251, 0.00122706138063], [-0.000499387620948, 0.00274172704667, -0.00104679702781, 0.00164862745441, -0.00170269061346, 0.00746920285746, -0.00240520690568, 0.00114625378046, -0.000343461026205, -0.000959350960329, -0.00111608451698, 0.00192919746041, -0.00157866685186], [0.00102371396497, -0.00301912915893, 0.00159949716181, -0.00249756686389, 0.00235505145974, -0.00240520690568, 0.00791459903121, -0.00139871705323, 0.00394174130633, 0.000169032005942, 0.00245536700822, -0.002735408023, 0.00227924739011], [-0.000412545545259, 0.00230360473506, -0.00115647201892, 0.00269596767612, -0.000142268982017, 0.00114625378046, -0.00139871705323, 0.00971707142889, -0.00358385010622, 0.00146323407535, -0.00227055349387, 0.000523635942955, -0.00178509391844], [0.000917875324376, -0.0027901250869, 0.00137218239252, -0.00193959556054, 0.00195261428598, -0.000343461026205, 0.00394174130633, -0.00358385010622, 0.0124835269526, -0.00307069858536, 0.00390147883445, -0.000843888148665, 0.000993825960904], [-6.78862052155e-05, 0.00168239860795, -0.00127761682961, 1.03615241187e-06, -0.000121509372548, -0.000959350960329, 0.000169032005942, 0.00146323407535, -0.00307069858536, 0.0115003529936, -0.00212784390897, 0.0027563853655, 0.0023