{"tonal": {"chords_key": "F", "hpcp_entropy": {"dmean": 0.770585536957, "dmean2": 1.30033683777, "max": 4.5219669342, "dvar": 0.36778318882, "mean": 2.28650093079, "dvar2": 1.01413941383, "min": 0, "var": 0.625949144363, "median": 2.27024841309}, "key_key": "G#", "chords_strength": {"dmean": 0.0139994109049, "dmean2": 0.0179639030248, "max": 0.872728765011, "dvar": 0.000126657818328, "mean": 0.543368935585, "dvar2": 0.000215254010982, "min": 0.226450249553, "var": 0.00959228351712, "median": 0.55509698391}, "key_scale": "major", "chords_number_rate": 0.00227272720076, "thpcp": [1, 0.687541604042, 0.390595972538, 0.232712313533, 0.215984970331, 0.264509111643, 0.276431322098, 0.263676613569, 0.241751164198, 0.227863729, 0.236817345023, 0.24819265306, 0.267065137625, 0.24205763638, 0.177286222577, 0.161311611533, 0.225847020745, 0.240899071097, 0.187191769481, 0.170291006565, 0.191306769848, 0.205804765224, 0.190742358565, 0.191116347909, 0.206763967872, 0.211058452725, 0.272156953812, 0.311141043901, 0.242244571447, 0.184900313616, 0.182668253779, 0.210421204567, 0.273265659809, 0.362202227116, 0.559089004993, 0.921508431435], "key_strength": 0.524311423302, "tuning_nontempered_energy_ratio": 0.882296144962, "tuning_frequency": 434.193115234, "chords_changes_rate": 0.116942152381, "tuning_diatonic_strength": 0.68310123682, "chords_scale": "minor", "chords_histogram": [15.7438020706, 3.71900820732, 0.206611573696, 1.79752063751, 0.289256185293, 0, 0.103305786848, 3.26446270943, 9.15289211273, 5.76446294785, 12.5206613541, 0.227272734046, 0.103305786848, 0.247933879495, 0.0826446264982, 1.94214880466, 6.54958677292, 0.640495896339, 0, 0, 0.0206611566246, 0.351239681244, 9.15289211273, 28.1198348999], "tuning_equal_tempered_deviation": 0.235911846161, "hpcp": {"dmean": [0.135499373078, 0.116706117988, 0.130706191063, 0.14148055017, 0.144917964935, 0.122870363295, 0.126205712557, 0.130803078413, 0.119383923709, 0.123997934163, 0.124527990818, 0.0946452245116, 0.0881674364209, 0.129328519106, 0.140447825193, 0.0998292043805, 0.0873748511076, 0.102380909026, 0.11280182004, 0.109340399504, 0.10779619962, 0.10233926028, 0.100951343775, 0.12849368155, 0.168106302619, 0.125805228949, 0.0905757248402, 0.0997407659888, 0.11346206069, 0.12713240087, 0.174311608076, 0.288307100534, 0.363516360521, 0.366104930639, 0.366511195898, 0.244657158852], "dmean2": [0.248799160123, 0.211806178093, 0.232898846269, 0.253084003925, 0.262554377317, 0.218192562461, 0.22900390625, 0.239777356386, 0.216601148248, 0.223293617368, 0.225097328424, 0.171030819416, 0.15857192874, 0.232503801584, 0.253527641296, 0.176844015718, 0.15710452199, 0.184356927872, 0.202590927482, 0.198532536626, 0.195493325591, 0.181133463979, 0.176522925496, 0.229724854231, 0.307670533657, 0.223259836435, 0.159720242023, 0.180821254849, 0.204104408622, 0.226999744773, 0.314773350954, 0.527920484543, 0.659657120705, 0.645464539528, 0.681732535362, 0.459552496672], "max": [1, 1, 1, 1, 1, 1, 1, 1, 1, 1, 1, 1, 1, 1, 1, 1, 1, 1, 1, 1, 1, 1, 1, 1, 1, 1, 1, 1, 1, 1, 1, 1, 1, 1, 1, 1], "dvar": [0.044012799859, 0.0416463017464, 0.046191137284, 0.0515941232443, 0.0579068288207, 0.0418025329709, 0.0422511845827, 0.0459374859929, 0.041138894856, 0.0467832051218, 0.0471228286624, 0.0303019266576, 0.0254319626838, 0.0465969219804, 0.0638435706496, 0.0329616516829, 0.0276755746454, 0.0328551605344, 0.0404430814087, 0.039973732084, 0.0384266525507, 0.0327989794314, 0.029225891456, 0.0375759787858, 0.0744139477611, 0.0356574766338, 0.0256185065955, 0.0311609581113, 0.0367445908487, 0.0392322354019, 0.0542256571352, 0.085418201983, 0.0986532568932, 0.101081900299, 0.0984928160906, 0.0933694839478], "mean": [0.101815804839, 0.0944972932339, 0.115727476776, 0.120943658054, 0.115363240242, 0.105770461261, 0.0996944606304, 0.103611826897, 0.108588732779, 0.116845779121, 0.10590454936, 0.0775659009814, 0.0705767199397, 0.0988121181726, 0.10539765656, 0.081899754703, 0.074505366385, 0.0837001353502, 0.0900432690978, 0.0834532007575, 0.083616822958, 0.0904629379511, 0.0923418551683, 0.119073547423, 0.136129781604, 0.105986341834, 0.0808971971273, 0.0799206346273, 0.0920630469918, 0.119558617473, 0.158469960093, 0.24461145699, 0.40317645669, 0.437517911196, 0.300811767578, 0.170892730355], "dvar2": [0.12472641468, 0.113804221153, 0.126639768481, 0.142592921853, 0.157057464123, 0.107747010887, 0.115245275199, 0.125471264124, 0.112712517381, 0.128192722797, 0.127130910754, 0.0828615874052, 0.0699272826314, 0.121519617736, 0.169236406684, 0.0867491960526, 0.0761545300484, 0.0897398516536, 0.106447257102, 0.107072092593, 0.10436989367, 0.0866350531578, 0.076824054122, 0.0979361236095, 0.19890242815, 0.0913818329573, 0.0684220194817, 0.0862315073609, 0.0997311919928, 0.100232705474, 0.145278140903, 0.235822767019, 0.251808315516, 0.266336619854, 0.292775809765, 0.277597010136], "min": [0, 0, 0, 0, 0, 0, 0, 0, 0, 0, 0, 0, 0, 0, 0, 0, 0, 0, 0, 0, 0, 0, 0, 0, 0, 0, 0, 0, 0, 0, 0, 0, 0, 0, 0, 0], "var": [0.0345421507955, 0.0342341400683, 0.046612624079, 0.0502245649695, 0.0509704761207, 0.0425111874938, 0.0354599654675, 0.0377879701555, 0.0381236039102, 0.0448534041643, 0.0412382222712, 0.0240417607129, 0.0197438411415, 0.0391757413745, 0.0500081181526, 0.0294607933611, 0.023476831615, 0.0254297815263, 0.0334951169789, 0.0312657207251, 0.0305832922459, 0.0333862416446, 0.0317805595696, 0.0454518385231, 0.0631035119295, 0.0353708900511, 0.0252704359591, 0.0254483092576, 0.0313042476773, 0.0452754683793, 0.0604531206191, 0.0883846729994, 0.136191621423, 0.141962885857, 0.102751642466, 0.0717576369643], "median": [0.0240011047572, 0.0222336873412, 0.0231406800449, 0.0229709893465, 0.0214464720339, 0.0216336753219, 0.0215207263827, 0.0230004675686, 0.0275875888765, 0.0261739902198, 0.024954624474, 0.0192728061229, 0.0160025805235, 0.0147562203929, 0.015945546329, 0.0154364956543, 0.0192927718163, 0.0218333527446, 0.0178245306015, 0.0143867498264, 0.0146732758731, 0.016234382987, 0.0193908847868, 0.0225713029504, 0.0249842517078, 0.0242419373244, 0.0194632131606, 0.0193843059242, 0.0215962789953, 0.027678180486, 0.0436233133078, 0.104347810149, 0.298613399267, 0.33771109581, 0.173794716597, 0.0433410480618]}}, "lowlevel": {"melbands_flatness_db": {"dmean": 0.0336511805654, "dmean2": 0.0468183942139, "max": 0.625133812428, "dvar": 0.00105295458343, "mean": 0.245830014348, "dvar2": 0.0018789707683, "min": 0.00414055492729, "var": 0.00707023078576, "median": 0.234857171774}, "melbands_crest": {"dmean": 4.0302734375, "dmean2": 6.19404649734, "max": 39.9832878113, "dvar": 13.541053772, "mean": 18.3669757843, "dvar2": 27.1265563965, "min": 1.60055375099, "var": 67.766708374, "median": 16.2627658844}, "spectral_entropy": {"dmean": 0.223916754127, "dmean2": 0.322917431593, "max": 9.80154514313, "dvar": 0.0441127046943, "mean": 7.63173818588, "dvar2": 0.0875190496445, "min": 4.45052480698, "var": 0.256184518337, "median": 7.65852689743}, "melbands": {"dmean": [0.00275619630702, 0.00117511767894, 0.00131862051785, 0.000872190808877, 0.00057139020646, 0.000493122439366, 0.000580522872042, 0.000389531633118, 0.000211373029742, 0.000159612536663, 0.00010736828699, 8.05256931926e-05, 7.65780714573e-05, 5.56799204787e-05, 4.16584443883e-05, 3.22749365296e-05, 2.66053320956e-05, 1.73618445842e-05, 1.19593578347e-05, 1.14363192552e-05, 1.1119980627e-05, 8.67471590027e-06, 8.25661754789e-06, 7.28319128029e-06, 8.14228769741e-06, 8.62138313096e-06, 6.46759190204e-06, 4.77767980556e-06, 3.29599470206e-06, 3.01442742057e-06, 2.79153778138e-06, 3.24134202856e-06, 3.84762324757e-06, 3.44297495758e-06, 3.15424517794e-06, 2.80343647319e-06, 2.75013189821e-06, 2.69181214207e-06, 1.96092219085e-06, 1.81603377314e-06], "dmean2": [0.00419523986056, 0.00185163319111, 0.00230471487157, 0.00143222394399, 0.000966424297076, 0.0007692174986, 0.000932270719204, 0.000627703790087, 0.000343028455973, 0.000256927334704, 0.000170776969753, 0.00013061480422, 0.000125790291349, 9.24178821151e-05, 6.95319176884e-05, 5.40721848665e-05, 4.40791955043e-05, 2.89799609163e-05, 1.9866925868e-05, 1.8714572434e-05, 1.83578849828e-05, 1.42751259773e-05, 1.39508483699e-05, 1.17944728117e-05, 1.29755035232e-05, 1.36510961966e-05, 9.9667113318e-06, 7.03992645867e-06, 4.66595292892e-06, 4.41297743237e-06, 4.32217711932e-06, 4.5743145165e-06, 6.01374085818e-06, 5.20975208929e-06, 4.5859455895e-06, 4.12286544815e-06, 3.79604762202e-06, 3.94854987462e-06, 2.79427240457e-06, 2.68022768068e-06], "max": [0.0421797521412, 0.0180429015309, 0.0227453578264, 0.0144797656685, 0.0147362537682, 0.0132131883875, 0.0169847942889, 0.0114947492257, 0.00709581421688, 0.00642482889816, 0.00624225893989, 0.00538738723844, 0.00743077136576, 0.00543262436986, 0.00257980567403, 0.00161254731938, 0.00190773443319, 0.00147649063729, 0.00077765819151, 0.0011304593645, 0.00078250572551, 0.000521857349668, 0.000494583393447, 0.00027721025981, 0.000298248691252, 0.000334812386427, 0.000419517280534, 0.000192018822418, 0.000136433387524, 8.48306226544e-05, 7.83242285252e-05, 9.33281698963e-05, 0.000115136594104, 0.000141900673043, 8.78241335158e-05, 0.000302447529975, 0.000205996402656, 0.000144526027725, 0.000117724812299, 0.000125232007122], "dvar": [1.62459800777e-05, 3.77081414626e-06, 6.7829037107e-06, 1.39350015615e-06, 8.94930280992e-07, 6.28681902981e-07, 1.03306331312e-06, 5.21562867561e-07, 1.8676907132e-07, 1.4773905832e-07, 6.41269153334e-08, 4.95722396465e-08, 5.42007754234e-08, 2.62770143422e-08, 1.20567138495e-08, 7.41682093519e-09, 4.66643790276e-09, 3.06408276529e-09, 9.95503901535e-10, 6.79582112806e-10, 6.37885189114e-10, 3.4666475246e-10, 2.66997868259e-10, 1.7795788454e-10, 2.00757493962e-10, 2.92893098663e-10, 1.98349600633e-10, 9.7744166927e-11, 4.30004296059e-11, 3.96349827958e-11, 2.77459045323e-11, 4.08154031406e-11, 5.85581860779e-11, 4.33685344581e-11, 3.97946710307e-11, 5.51813317262e-11, 5.34858338175e-11, 5.30406205068e-11, 2.97968975882e-11, 2.57653464536e-11], "mean": [0.00683646183461, 0.00232757651247, 0.0013751743827, 0.00128125038464, 0.000729449966457, 0.000721125747077, 0.000753815402277, 0.000461845687823, 0.000256280822214, 0.000196664506802, 0.00013465883967, 9.20888123801e-05, 8.33844751469e-05, 6.02332802373e-05, 4.44444049208e-05, 3.50529953721e-05, 3.0529252399e-05, 1.93405321625e-05, 1.39568073791e-05, 1.39498642966e-05, 1.41032051033e-05, 1.11331637527e-05, 1.04588134491e-05, 9.66744755715e-06, 1.07855976239e-05, 1.19868391266e-05, 9.48720662564e-06, 7.01920362189e-06, 5.10288464284e-06, 4.52072663393e-06, 4.75425576951e-06, 5.04251420352e-06, 5.94966968492e-06, 5.57949852009e-06, 4.44787929155e-06, 3.80985579795e-06, 3.76996263185e-06, 3.4850281736e-06, 2.45354908657e-06, 2.18201421376e-06], "dvar2": [3.42924286088e-05, 8.26371524454e-06, 1.90074460988e-05, 3.67999791706e-06, 2.34204253502e-06, 1.37964036639e-06, 2.39015275838e-06, 1.287763439e-06, 4.55455136716e-07, 3.56584251904e-07, 1.61073316463e-07, 1.21006777931e-07, 1.39175497793e-07, 6.89776626928e-08, 3.24240865268e-08, 1.88210389496e-08, 1.14097984394e-08, 7.22909820894e-09, 2.74891709395e-09, 1.829520202e-09, 1.5187896496e-09, 9.08215003204e-10, 7.09532932408e-10, 4.23150181561e-10, 4.52665238626e-10, 6.67250144026e-10, 4.44393993826e-10, 2.19772242072e-10, 9.35415842007e-11, 7.4187093968e-11, 6.20619944325e-11, 8.44501621411e-11, 1.3682209532e-10, 9.13748104958e-11, 8.72482641689e-11, 1.33206640163e-10, 1.18464779653e-10, 1.12930012564e-10, 6.77664729887e-11, 5.79878957352e-11], "min": [8.33490868706e-24, 5.68014719411e-24, 2.82309395772e-24, 1.11644279169e-24, 1.71792941179e-24, 7.38904079587e-24, 2.89322053675e-24, 6.00865017429e-24, 1.06075980223e-23, 3.24267467649e-24, 7.31308374589e-24, 1.09064335216e-23, 1.23125023545e-23, 8.57250649197e-24, 4.86349314148e-24, 8.28026586988e-24, 9.38190539085e-24, 7.42452218167e-24, 1.26779831896e-23, 6.72458167768e-24, 8.12668806227e-24, 7.9068301614e-24, 8.87784536052e-24, 8.8053356327e-24, 8.15741025022e-24, 7.69554638971e-24, 1.05456550863e-23, 8.21250035154e-24, 1.15305479265e-23, 9.59344317575e-24, 7.07527137082e-24, 6.34654454354e-24, 7.92596871582e-24, 7.89701120971e-24, 8.61200081319e-24, 7.69337228906e-24, 6.38434439154e-24, 5.62467528412e-24, 1.14357568224e-23, 1.14173534864e-23], "var": [5.8913265093e-05, 7.52202822696e-06, 4.97106930197e-06, 2.22817152462e-06, 1.03478612345e-06, 1.2753049532e-06, 1.58308671416e-06, 6.57251462144e-07, 2.45476513783e-07, 1.94788967178e-07, 7.67783703282e-08, 6.0084410336e-08, 5.15774836174e-08, 2.34445884928e-08, 1.10014219956e-08, 7.34451122142e-09, 5.45345590908e-09, 3.20693560596e-09, 8.45435998986e-10, 6.35099917101e-10, 8.40873926045e-10, 3.74619973931e-10, 3.08751330058e-10, 2.66981325936e-10, 3.41052380781e-10, 4.76825801066e-10, 3.34077543407e-10, 1.71736985743e-10, 7.92799229044e-11, 8.37110797347e-11, 5.81985293291e-11, 9.05322553035e-11, 1.12940913566e-10, 9.19738313288e-11, 7.51542161836e-11, 7.47930051226e-11, 8.50228568106e-11, 8.31160418269e-11, 4.12607691069e-11, 3.42666797715e-11], "median": [0.00305285863578, 0.00127398211043, 0.000590224459302, 0.000761581235565, 0.00037657644134, 0.000295195932267, 0.00033192517003, 0.000205739517696, 8.88179711183e-05, 7.22089826013e-05, 6.0778864281e-05, 3.1207488064e-05, 2.87182665488e-05, 2.05927772186e-05, 1.50273035615e-05, 1.23399549921e-05, 1.09312277345e-05, 6.92322237228e-06, 5.65561094845e-06, 6.18096328253e-06, 5.18770593771e-06, 4.51045025329e-06, 4.23332267019e-06, 3.06974243358e-06, 3.33750722348e-06, 4.1972471081e-06, 3.27162160829e-06, 2.34701360569e-06, 1.90132993794e-06, 1.41984924085e-06, 2.07627431337e-06, 1.84306588835e-06, 2.08437359106e-06, 1.99440978577e-06, 1.32482966819e-06, 8.71960367022e-07, 7.61508601954e-07, 6.02655177318e-07, 3.89423689739e-07, 3.05946656454e-07]}, "silence_rate_60dB": {"dmean": 0.00268650543876, "dmean2": 0.00537356641144, "max": 1, "dvar": 0.00267966976389, "mean": 0.0140510387719, "dvar2": 0.00617119157687, "min": 0, "var": 0.0138535769656, "median": 0}, "spectral_energyband_middle_high": {"dmean": 0.0020499418024, "dmean2": 0.00315613346174, "max": 0.0540950112045, "dvar": 9.63047114055e-06, "mean": 0.0036263030488, "dvar2": 2.29259494517e-05, "min": 1.41460708469e-21, "var": 1.72370582732e-05, "median": 0.00221826136112}, "erbbands_skewness": {"dmean": 0.525114178658, "dmean2": 0.78517729044, "max": 5.96891927719, "dvar": 0.216994151473, "mean": 0.669684052467, "dvar2": 0.482390880585, "min": -4.24350214005, "var": 0.764204621315, "median": 0.682768106461}, "dynamic_complexity": 1.84451258183, "dissonance": {"dmean": 0.0242357682437, "dmean2": 0.0397453419864, "max": 0.500000119209, "dvar": 0.000527273688931, "mean": 0.456334322691, "dvar2": 0.00137012754567, "min": 0.201041832566, "var": 0.00112915295176, "median": 0.46481975913}, "spectral_skewness": {"dmean": 0.281866967678, "dmean2": 0.415779352188, "max": 12.9028482437, "dvar": 0.111431993544, "mean": 1.51308858395, "dvar2": 0.255347371101, "min": -0.13643835485, "var": 0.599537491798, "median": 1.39700376987}, "spectral_kurtosis": {"dmean": 1.88448488712, "dmean2": 2.87452840805, "max": 264.266082764, "dvar": 23.8306312561, "mean": 4.34523105621, "dvar2": 54.8472862244, "min": -1.38415181637, "var": 111.202232361, "median": 2.70552921295}, "gfcc": {"cov": [[10422.7587891, -507.044433594, -325.863494873, 232.602416992, -694.486755371, 221.731506348, -504.506866455, 218.620529175, -335.877990723, 94.9314880371, -198.017105103, 96.3792037964, -243.185836792], [-507.044433594, 1630.37744141, -498.594543457, -433.033294678, 121.998657227, -353.80847168, 162.830474854, -202.504730225, 183.200622559, -123.120697021, 131.140029907, -127.606658936, 80.8949966431], [-325.863494873, -498.594543457, 754.997131348, 241.443847656, 8.42040348053, 175.276550293, 9.47559547424, 76.8910903931, -45.1754875183, 57.0456314087, -20.413274765, 77.8845901489, 5.86206293106], [232.602416992, -433.033294678, 241.443847656, 614.701599121, 40.7293663025, 87.1948852539, 3.55211448669, 50.7320785522, -1.5866767168, 5.43273925781, -2.79391098022, 12.7708368301, 18.2429428101], [-694.486755371, 121.998657227, 8.42040348053, 40.7293663025, 272.388366699, -2.68490743637, 68.7714920044, -4.38324975967, 54.5687637329, 6.49834537506, 25.1168708801, -7.85288715363, 33.7834243774], [221.731506348, -353.80847168, 175.276550293, 87.1948852539, -2.68490743637, 293.317138672, 76.8047027588, 68.1552047729, -6.09568071365, 63.8235054016, -4.23815917969, 34.7478599548, 0.248514145613], [-504.506866455, 162.830474854, 9.47559547424, 3.55211448669, 68.7714920044, 76.8047027588, 281.373535156, 55.3602256775, 68.9028244019, 12.9279336929, 62.8527069092, 15.0795793533, 38.9794998169], [218.620529175, -202.504730225, 76.8910903931, 50.7320785522, -4.38324975967, 68.1552047729, 55.3602256775, 160.868682861, 13.4480047226, 34.2137832642, 3.8971786499, 32.7030487061, -0.429203808308], [-335.877990723, 183.200622559, -45.1754875183, -1.5866767168, 54.5687637329, -6.09568071365, 68.9028244019, 13.4480047226, 166.740951538, 44.1699638367, 52.7246170044, -14.3884096146, 37.4542198181], [94.9314880371, -123.120697021, 57.0456314087, 5.43273925781, 6.49834537506, 63.8235054016, 12.9279336929, 34.2137832642, 44.1699638367, 115.864631653, 31.6887683868, 21.0545024872, -0.123389221728], [-198.017105103, 131.140029907, -20.413274765, -2.79391098022, 25.1168708801, -4.23815917969, 62.8527069092, 3.8971786499, 52.7246170044, 31.6887683868, 105.09513092, 18.1824474335, 19.0663261414], [96.3792037964, -127.606658936, 77.8845901489, 12.7708368301, -7.85288715363, 34.7478599548, 15.0795793533, 32.7030487061, -14.3884096146, 21.0545024872, 18.1824474335, 90.2631225586, 11.8510665894], [-243.185836792, 80.8949966431, 5.86206293106, 18.2429428101, 33.7834243774, 0.248514145613, 38.9794998169, -0.429203808308, 37.4542198181, -0.123389221728, 19.0663261414, 11.8510665894, 73.6456298828]], "mean": [12.6292972565, 95.3257904053, -88.7833480835, 40.5229187012, -64.8058853149, 17.9838237762, -32.9588851929, 13.4725542068, -17.8780517578, 7.96328449249, -8.98266506195, 5.87596273422, -8.90332508087], "icov": [[0.000223624010687, -0.000478671456221, 0.000245075643761, -0.000415460322984, 0.000456330570159, -0.000539277971257, 0.000580911582801, -0.000642330211122, 0.000494331063237, -0.000618953316007, 0.000553454854526, -0.000643986277282, 0.000536808220204], [-0.000478671456221, 0.00341996038333, -0.000349425070453, 0.00212021963671, -0.00122385716531, 0.00284463306889, -0.00260600098409, 0.00304164132103, -0.00250401115045, 0.00322325574234, -0.00319145387039, 0.00327414413914, -0.0023075172212], [0.000245075643761, -0.000349425070453, 0.00216542952694, -0.000953919137828, 0.000349818350514, -0.00112344557419, 0.000614396180026, -0.000743984710425, 0.00087982887635, -0.00113148672972, 0.000953992072027, -0.00169288448524, 0.000346897257259], [-0.000415460322984, 0.00212021963671, -0.000953919137828, 0.00337622500956, -0.00125595729332, 0.00146086851601, -0.00139091024175, 0.00153556093574, -0.0017445172416, 0.00271756225266, -0.00241802120581, 0.002635210054, -0.00205115298741], [0.000456330570159, -0.00122385716531, 0.000349818350514, -0.00125595729332, 0.00521145621315, -0.000981749384664, 0.000443212571554, -0.00103195733391, 0.000378102675313, -0.00160754367243, 0.00136578793172, -0.00106731941923, 0.000129691150505], [-0.000539277971257, 0.00284463306889, -0.00112344557419, 0.00146086851601, -0.000981749384664, 0.00774138793349, -0.00416481215507, 0.00215093232691, -0.00129197037313, -7.13659901521e-05, -0.00119534472469, 0.00252189277671, -0.00197612587363], [0.000580911582801, -0.00260600098409, 0.000614396180026, -0.00139091024175, 0.000443212571554, -0.00416481215507, 0.00790369696915, -0.00429219985381, 0.000861494976562, -0.000599969003815, -0.000364108476788, -0.00250743422657, 0.000737440597732], [-0.000642330211122, 0.00304164132103, -0.000743984710425, 0.00153556093574, -0.00103195733391, 0.00215093232691, -0.00429219985381, 0.0111398706213, -0.00319050601684, 0.00158822385129, -0.00142603775021, 0.00072678597644, -0.00110289570875], [0.000494331063237, -0.00250401115045, 0.00087982887635, -0.0017445172416, 0.000378102675313, -0.00129197037313, 0.000861494976562, -0.00319050601684, 0.0120110129938, -0.0065489616245, -0.000153118671733, 0.000709958549123, -0.00209278264083], [-0.000618953316007, 0.00322325574234, -0.00113148672972, 0.00271756225266, -0.00160754367243, -7.13659901521e-05, -0.000599969003815, 0.00158822385129, -0.0065489616245, 0.0167345292866, -0.00664825504646, 0.00165168370586, -0.000288958166493], [0.000553454854526, -0.00319145387039, 0.000953992072027, -0.00241802120581, 0.00136578793172, -0.00119534472469, -0.000364108476788, -0.00142603775021, -0.000153118671733, -0.00664825504646, 0.017422715202, -0.00667964294553, 0.00204913178459], [-0.000643986277282, 0.00327414413914, -0.00169288448524, 0.002635210054, -0.00106731941923, 0.00252189277671, -0.00250743422657, 0.00072678597644, 0.000709958549123, 0.00165168370586, -0.00667964294553, 0.0184392891824, -0.00602473085746], [0.000536808220204, -0.0023075172212, 0.000346897257259, -0.00205115298741, 0.000129691150505, -0.00197612587363, 0.000737440597732, -0.00110289570875, -0.00209278264083, -0.000288958166493, 0.00204913178459, -0.00602473085746, 0.0194195564836]]}, "spectral_complexity": {"dmean": 5.1450715065, "dmean2": 7.63232421875, "max": 54, "dvar": 31.4649620056, "mean": 17.2910423279, "dvar2": 62.6854705811, "min": 0, "var": 94.6119918823, "median": 15}, "spectral_flux": {"dmean": 0.0349790155888, "dmean2": 0.0561823174357, "max": 0.347390532494, "dvar": 0.00146385258995, "mean": 0.118441194296, "dvar2": 0.00267445342615, "min": 1.01163175059e-10, "var": 0.00301359291188, "median": 0.111440949142}, "spectral_energyband_low": {"dmean": 0.00842251628637, "dmean2": 0.0126244490966, "max": 0.134796828032, "dvar": 0.000123767837067, "mean": 0.0258126743138, "dvar2": 0.000220440066187, "min": 4.67151090287e-23, "var": 0.000612966367044, "median": 0.0152755184099}, "spectral_decrease": {"dmean": 3.23038196193e-09, "dmean2": 4.99701480194e-09, "max": 3.72465078249e-18, "dvar": 1.10027602887e-17, "mean": -1.21304770673e-08, "dvar2": 2.38272816517e-17, "min": -3.57262699424e-08, "var": 3.85388774432e-17, "median": -1.15909974951e-08}, "barkbands_spread": {"dmean": 7.20778942108, "dmean2": 10.4502286911, "max": 123.348342896, "dvar": 95.3783798218, "mean": 19.1658420563, "dvar2": 185.38180542, "min": 0.0437698550522, "var": 311.45916748, "median": 13.4742336273}, "spectral_rms": {"dmean": 0.00089857482817, "dmean2": 0.00136591691989, "max": 0.0115018337965, "dvar": 7.64928188346e-07, "mean": 0.00658649625257, "dvar2": 1.58208160883e-06, "min": 3.15980661775e-12, "var": 3.47976219928e-06, "median": 0.00672736344859}, "spectral_centroid": {"dmean": 315.588012695, "dmean2": 480.235443115, "max": 11079.8320313, "dvar": 126257.703125, "mean": 1113.45336914, "dvar2": 263928.75, "min": 242.15234375, "var": 410437.84375, "median": 920.686523438}, "barkbands_skewness": {"dmean": 1.05034601688, "dmean2": 1.52906048298, "max": 90.814125061, "dvar": 3.40670800209, "mean": 2.8414003849, "dvar2": 7.97998332977, "min": -3.56427526474, "var": 10.5801687241, "median": 2.15408968925}, "spectral_rolloff": {"dmean": 559.103942871, "dmean2": 894.939147949, "max": 19293.75, "dvar": 1516730.125, "mean": 1056.39978027, "dvar2": 3265611, "min": 21.533203125, "var": 2959684.25, "median": 495.263671875}, "erbbands_spread": {"dmean": 15.2946968079, "dmean2": 22.097743988, "max": 185.817840576, "dvar": 233.058349609, "mean": 51.7056312561, "dvar2": 480.91506958, "min": 1.50656449795, "var": 898.542114258, "median": 46.7744483948}, "barkbands": {"dmean": [0.000854493060615, 0.00836885441095, 0.00288512394764, 0.00291370553896, 0.00387024297379, 0.00242801825516, 0.00284142117016, 0.00138494546991, 0.00109907216392, 0.000645098742098, 0.00057230197126, 0.000453778891824, 0.000346856744727, 0.000258022366324, 0.000170574581716, 0.000165274177562, 0.000146684804349, 0.000156041816808, 0.000206616823561, 0.000148109334987, 0.000115273040137, 0.000158101960551, 0.00018692012236, 0.000203322357265, 0.000170446059201, 5.98639926466e-05, 3.94863218389e-06], "dmean2": [0.00130710832309, 0.0129769043997, 0.00524564320222, 0.00510724214837, 0.00633666524664, 0.00386076653376, 0.0045721763745, 0.00226484960876, 0.00176422728691, 0.00103984179441, 0.000943594961427, 0.000760355324019, 0.000580344523769, 0.000429718435043, 0.000284881476546, 0.000268043891992, 0.00024297327036, 0.000253905542195, 0.000326776964357, 0.000217109613004, 0.000165372621268, 0.00022971596627, 0.000263336143689, 0.000283846136881, 0.000243449714617, 8.87067144504e-05, 6.52439257465e-06], "max": [0.0156011506915, 0.124617494643, 0.0504626855254, 0.0528831034899, 0.0550478845835, 0.0603526420891, 0.0746756866574, 0.0470470301807, 0.0448172390461, 0.0385223217309, 0.0483377836645, 0.0382680520415, 0.0138827366754, 0.0200411323458, 0.012475929223, 0.015792677179, 0.0067162620835, 0.0036771656014, 0.00636717490852, 0.00844002421945, 0.00248570390977, 0.00498986197636, 0.00853881426156, 0.0111203445122, 0.0148348975927, 0.00345150358044, 0.000556201732252], "dvar": [1.72799025222e-06, 0.000150100604515, 4.30252766819e-05, 3.38348108926e-05, 2.52704085142e-05, 1.43454381032e-05, 2.51199726335e-05, 8.42437748361e-06, 6.07028414379e-06, 2.37388917412e-06, 2.80996232505e-06, 1.63823415278e-06, 7.31424904643e-07, 5.01782608353e-07, 2.32476423889e-07, 1.49139452787e-07, 8.4844742787e-08, 7.67246035593e-08, 1.41629328709e-07, 9.13780979772e-08, 4.66275906774e-08, 9.2304269117e-08, 1.28209038053e-07, 2.73195297495e-07, 2.33253004467e-07, 2.65521595821e-08, 3.05267283673e-10], "mean": [0.00143274804577, 0.0205119010061, 0.00249682599679, 0.00282393652014, 0.00564766395837, 0.00343030504882, 0.00353941204958, 0.00158101913985, 0.00135475466959, 0.00077460706234, 0.000604530214332, 0.000485074793687, 0.000369382672943, 0.00029754312709, 0.00019280606648, 0.000217091510422, 0.000188649195479, 0.000211217702599, 0.000305484660203, 0.00023295704159, 0.000198834648472, 0.000275138474535, 0.000281910732156, 0.000284568406641, 0.000214208470425, 7.68923127907e-05, 3.66522385775e-06], "dvar2": [4.06312801715e-06, 0.000349293462932, 0.000124459344079, 9.40555983107e-05, 6.80128650856e-05, 3.27165871568e-05, 5.78608414799e-05, 2.16693897528e-05, 1.45039639392e-05, 5.74045679969e-06, 7.2292114055e-06, 4.33175227954e-06, 1.88088995401e-06, 1.20910056012e-06, 6.38130757125e-07, 3.77252206363e-07, 2.18778296812e-07, 1.87058262213e-07, 3.13663633733e-07, 2.00241373705e-07, 8.17945604581e-08, 1.80310578912e-07, 2.65527802412e-07, 5.65802281471e-07, 5.16673708262e-07, 5.71733558274e-08, 8.01097188585e-10], "min": [1.7649502549e-24, 3.42122001064e-23, 2.83684676152e-24, 4.55287639903e-24, 4.03470522483e-24, 3.01041785435e-23, 1.23841758898e-23, 5.471349912e-23, 2.26085768388e-23, 7.28775578881e-23, 7.28603544095e-23, 8.1430526662e-23, 8.04876737972e-23, 8.32488321159e-23, 1.58834215015e-22, 1.0882901643e-22, 1.6297155696e-22, 1.78477116612e-22, 2.11535172193e-22, 2.63327904345e-22, 4.14204734258e-22, 3.40166894507e-22, 5.76015580215e-22, 5.50041028557e-22, 1.3938402267e-21, 1.64021443734e-21, 2.44714639148e-21], "var": [3.29511635755e-06, 0.000514426617883, 2.86052345473e-05, 2.49304557656e-05, 3.99130040023e-05, 2.7445037631e-05, 3.85758103221e-05, 9.35560274229e-06, 8.27091207611e-06, 3.04861509903e-06, 2.67018617706e-06, 1.45715546296e-06, 7.14920417977e-07, 5.79753304919e-07, 1.93743957766e-07, 1.69195573108e-07, 9.76228378136e-08, 1.16238190628e-07, 2.56143067645e-07, 1.72795921571e-07, 1.17208685424e-07, 2.32066213357e-07, 2.71443553856e-07, 4.74569532116e-07, 3.28405377559e-07, 4.34791616044e-08, 3.07047304249e-10], "median": [0.000664464372676, 0.00972486939281, 0.000902802275959, 0.00095593201695, 0.0034761026036, 0.00135370972566, 0.00144282693509, 0.000560629181564, 0.000507693039253, 0.000329261994921, 0.000196974535356, 0.000163723016158, 0.00012440935825, 0.00011131442443, 7.46120203985e-05, 8.90742303454e-05, 7.836597797e-05, 7.2958151577e-05, 0.000115280701721, 7.83069408499e-05, 8.55878679431e-05, 0.000101859222923, 8.94501790754e-05, 5.66163180338e-05, 3.19633581967e-05, 1.30879971039e-05, 2.30940528922e-07]}, "melbands_kurtosis": {"dmean": 40.5874786377, "dmean2": 62.6912536621, "max": 19994.9589844, "dvar": 104777.929688, "mean": 61.3731918335, "dvar2": 303831.71875, "min": -1.53011906147, "var": 153803.71875, "median": 16.4665374756}, "erbbands_crest": {"dmean": 3.4147400856, "dmean2": 5.54103040695, "max": 30.5577926636, "dvar": 10.1151027679, "mean": 8.99139690399, "dvar2": 24.5525493622, "min": 2.40400052071, "var": 20.7621097565, "median": 7.91480541229}, "melbands_skewness": {"dmean": 1.5509147644, "dmean2": 2.26403975487, "max": 131.124710083, "dvar": 6.48325490952, "mean": 4.40051317215, "dvar2": 15.1405973434, "min": -1.0119189024, "var": 23.8302135468, "median": 3.3252594471}, "spectral_energyband_middle_low": {"dmean": 0.00914377346635, "dmean2": 0.0146142905578, "max": 0.0864265486598, "dvar": 0.000116825154691, "mean": 0.0186557341367, "dvar2": 0.000295433710562, "min": 1.90276557244e-22, "var": 0.000207675926504, "median": 0.0155412042513}, "spectral_contrast_coeffs": {"dmean": [0.0617272593081, 0.0616095587611, 0.0462610423565, 0.0341268070042, 0.0270854011178, 0.0237998533994], "dmean2": [0.101141154766, 0.101878643036, 0.0740057826042, 0.0547102317214, 0.0428981520236, 0.0369579717517], "max": [-0.369924813509, -0.395075470209, -0.459730356932, -0.590909838676, -0.568936944008, -0.570610582829], "dvar": [0.00258306320757, 0.0023570752237, 0.00146773655433, 0.000829637632705, 0.000638916040771, 0.000477334746392], "mean": [-0.66641664505, -0.721020340919, -0.781718313694, -0.804368138313, -0.802850008011, -0.772864341736], "dvar2": [0.00669631967321, 0.00623257830739, 0.00368641316891, 0.00202648411505, 0.00143173709512, 0.00115561264101], "min": [-0.956574559212, -0.977163374424, -0.975126743317, -0.970691919327, -0.961140573025, -0.959692955017], "var": [0.00743028055876, 0.0061945123598, 0.00418892828748, 0.0022409867961, 0.00188410573173, 0.00146118854173], "median": [-0.671904206276, -0.725038766861, -0.787685930729, -0.811195969582, -0.810800969601, -0.771274268627]}, "spectral_contrast_valleys": {"dmean": [0.371139347553, 0.45942568779, 0.453846812248, 0.409137547016, 0.370690315962, 0.424451708794], "dmean2": [0.599087059498, 0.733309745789, 0.685874044895, 0.609497904778, 0.535174190998, 0.530178785324], "max": [-5.27576112747, -4.55394363403, -4.78660678864, -5.65358448029, -5.61094093323, -7.33642053604], "dvar": [0.102810487151, 0.177001878619, 0.172532692552, 0.157111406326, 0.156300485134, 0.168928906322], "mean": [-6.66103219986, -6.41027975082, -7.21920204163, -7.79993343353, -7.61828041077, -9.78251361847], "dvar2": [0.229240879416, 0.399788826704, 0.372609138489, 0.322171419859, 0.310423851013, 0.276553362608], "min": [-27.4970016479, -27.4955558777, -27.1864528656, -27.1415138245, -27.1778068542, -27.3486881256], "var": [1.14674866199, 1.26744115353, 1.20947110653, 1.11754155159, 1.19860684872, 1.70692384243], "median": [-6.5134935379, -6.25768852234, -7.08280563354, -7.66772270203, -7.53361129761, -9.69241905212]}, "silence_rate_20dB": {"dmean": 0, "dmean2": 0, "max": 1, "dvar": 0, "mean": 1, "dvar2": 0, "min": 1, "var": 0, "median": 1}, "silence_rate_30dB": {"dmean": 0.00743955373764, "dmean2": 0.0148806450889, "max": 1, "dvar": 0.00738523667678, "mean": 0.995660722256, "dvar2": 0.0216895453632, "min": 0, "var": 0.00432068808004, "median": 1}, "spectral_strongpeak": {"dmean": 0.401763051748, "dmean2": 0.673044681549, "max": 6.77494382858, "dvar": 0.353852331638, "mean": 0.750203669071, "dvar2": 0.867905139923, "min": 0, "var": 0.518216967583, "median": 0.515802741051}, "spectral_spread": {"dmean": 1042137.75, "dmean2": 1491791.625, "max": 50978192, "dvar": 1649335468030.0, "mean": 5671833.5, "dvar2": 3069977559040.0, "min": 392104.28125, "var": 5401578831870.0, "median": 5259760}, "barkbands_flatness_db": {"dmean": 0.0294606536627, "dmean2": 0.0416961871088, "max": 0.627707064152, "dvar": 0.00084853277076, "mean": 0.164490476251, "dvar2": 0.00154673017096, "min": 0.0296989064664, "var": 0.00508885318413, "median": 0.152140423656}, "pitch_salience": {"dmean": 0.0982424765825, "dmean2": 0.155358359218, "max": 0.85786908865, "dvar": 0.00834968220443, "mean": 0.503041803837, "dvar2": 0.0187873970717, "min": 0.00454011233523, "var": 0.0324966050684, "median": 0.54186218977}, "erbbands_kurtosis": {"dmean": 1.54762268066, "dmean2": 2.4362590313, "max": 42.9017715454, "dvar": 5.0024356842, "mean": 0.900483846664, "dvar2": 11.5982713699, "min": -1.88061451912, "var": 9.18838119507, "median": -0.00282057840377}, "average_loudness": 0.978073298931, "barkbands_crest": {"dmean": 3.37264800072, "dmean2": 5.45329189301, "max": 26.8265800476, "dvar": 9.72227287292, "mean": 13.1882066727, "dvar2": 22.5418453217, "min": 2.87982749939, "var": 34.8499832153, "median": 11.6539163589}, "hfc": {"dmean": 9.94540119171, "dmean2": 13.8945856094, "max": 241.916412354, "dvar": 176.215240479, "mean": 24.8027591705, "dvar2": 339.309143066, "min": 1.17133777526e-16, "var": 500.471221924, "median": 18.0340843201}, "barkbands_kurtosis": {"dmean": 17.042842865, "dmean2": 26.357219696, "max": 9987.18652344, "dvar": 25294.8222656, "mean": 22.7343635559, "dvar2": 73852.921875, "min": -1.93236911297, "var": 29042.3085938, "median": 6.10581111908}, "erbbands": {"dmean": [0.379007965326, 1.54964590073, 2.60542082787, 7.3477602005, 10.9076862335, 15.0062980652, 15.8386640549, 22.1179065704, 37.9153175354, 37.6243858337, 27.0405807495, 25.1473178864, 21.2494163513, 19.5503787994, 22.5154724121, 17.430644989, 15.3054351807, 13.7562322617, 9.91309833527, 7.89425373077, 8.91822910309, 7.89094877243, 7.9374089241, 9.63885974884, 10.4556207657, 7.15089654922, 4.99640417099, 4.7026424408, 5.55787801743, 6.05613279343, 5.25579500198, 4.3702082634, 3.48098373413, 2.12175917625, 1.09486138821, 0.384299457073, 0.0874908044934, 0.0129330419004, 0.00061556068249, 2.6856576369e-05], "dmean2": [0.536057531834, 2.49513411522, 4.57009458542, 12.9927301407, 18.4430809021, 24.7716007233, 26.7950611115, 34.3958969116, 60.9808692932, 60.6005020142, 43.655090332, 40.3971290588, 33.6572647095, 31.6158313751, 36.6540031433, 28.7551212311, 25.2735176086, 22.5202465057, 16.3772678375, 12.9001922607, 14.5046215057, 12.9360952377, 13.0978450775, 15.2334041595, 16.2479114532, 10.4139900208, 6.76566362381, 6.97284650803, 7.82724094391, 9.2947101593, 7.53193950653, 5.98256921768, 4.96194314957, 3.03278827667, 1.62103438377, 0.56767976284, 0.13066509366, 0.0199422221631, 0.00100103905424, 4.0871436795e-05], "max": [6.34439754486, 23.390422821, 41.3713111877, 136.06237793, 210.907485962, 328.757324219, 528.186157227, 639.173034668, 1102.23413086, 1155.25732422, 844.113586426, 1099.37329102, 1265.39807129, 1296.8704834, 2107.12280273, 1067.65014648, 650.170532227, 819.983581543, 777.774963379, 352.924682617, 709.291687012, 373.848846436, 249.420776367, 337.705230713, 477.217956543, 359.760894775, 136.806945801, 104.466415405, 165.088195801, 213.27494812, 241.051071167, 316.326782227, 179.141952515, 129.007125854, 128.079711914, 23.3833675385, 6.91211414337, 1.17478561401, 0.0898568555713, 0.00144368119072], "dvar": [0.304330319166, 5.98600912094, 28.2638492584, 255.828445435, 252.451538086, 463.638824463, 866.300598145, 1417.05908203, 4578.88964844, 5096.64941406, 3095.78930664, 3539.98974609, 2487.6081543, 2860.0456543, 4709.19580078, 2100.33178711, 1369.82263184, 1095.69543457, 846.126586914, 267.935974121, 438.784210205, 231.072769165, 199.619903564, 270.828155518, 387.491821289, 205.446670532, 87.4614486694, 81.5595779419, 109.24584198, 136.059036255, 114.927993774, 126.926292419, 85.248588562, 33.7216644287, 11.5912399292, 1.13294160366, 0.0630731582642, 0.00160409428645, 9.80692493613e-06, 3.39469630184e-09], "mean": [0.962021410465, 3.10287976265, 2.96396899223, 6.89141511917, 13.8045349121, 20.675693512, 18.9224948883, 32.4983863831, 48.7820472717, 45.393447876, 33.3448295593, 31.6158790588, 27.6031322479, 23.1624774933, 25.3038024902, 19.6629371643, 17.2886981964, 16.6240959167, 11.8524637222, 10.0103082657, 12.1291675568, 10.8004837036, 11.1163110733, 13.3726520538, 15.6136741638, 11.1877794266, 8.09313869476, 8.13659954071, 9.36064624786, 10.1663227081, 7.53896379471, 6.16317605972, 4.58548688889, 2.64770102501, 1.36265540123, 0.488112151623, 0.111661985517, 0.0149926105514, 0.000630284252111, 7.43190321373e-05], "dvar2": [0.532160282135, 16.6274147034, 77.4583587646, 716.039550781, 673.030761719, 1231.21130371, 2297.4309082, 3124.70629883, 10729.6191406, 12345.0673828, 7743.76269531, 8549.21289063, 6268.77783203, 7033.36181641, 11985.0019531, 5530.77490234, 3576.71557617, 2675.39648438, 2042.1986084, 723.976867676, 1055.94372559, 587.281982422, 501.81237793, 604.557495117, 849.481811523, 450.40838623, 168.612014771, 163.310592651, 211.585922241, 291.415588379, 251.525299072, 281.077728271, 180.98135376, 74.768119812, 26.1371364594, 2.43280434608, 0.138258904219, 0.00374527461827, 2.66204497166e-05, 8.73956551573e-09], "min": [5.44398186595e-22, 8.33957839021e-21, 5.02277194588e-21, 1.06795204779e-20, 2.41696294251e-20, 1.07342153726e-20, 7.01259424892e-20, 3.86963775949e-19, 2.01218727963e-19, 4.16489781119e-19, 1.3230103527e-18, 5.87468737516e-19, 1.54121925413e-18, 2.80140472232e-18, 3.53752184842e-18, 2.42596439948e-18, 2.92040809512e-18, 5.28160611379e-18, 5.34027596669e-18, 6.87047283236e-18, 6.83827234547e-18, 8.27188718923e-18, 9.08849312483e-18, 1.00488415442e-17, 1.26704920612e-17, 1.38877239013e-17, 1.80113499494e-17, 1.34630187692e-17, 1.27448688332e-17, 1.41495331827e-17, 1.56398016266e-17, 1.05586966486e-17, 9.99225163695e-18, 1.47874416362e-17, 9.89104774337e-18, 6.2272162426e-18, 2.85858771806e-18, 1.28484041353e-18, 3.32534645408e-19, 3.72374125863e-20], "var": [1.22320008278, 12.84633255, 25.0117511749, 172.513870239, 321.343841553, 705.558654785, 900.462646484, 2806.51831055, 6797.53417969, 6681.44042969, 3889.67651367, 4734.92773438, 2995.42480469, 3458.54223633, 4682.87988281, 1975.09448242, 1353.82421875, 1352.04980469, 905.063659668, 263.688568115, 568.412475586, 286.597290039, 294.644256592, 483.054382324, 714.067993164, 397.521606445, 193.41519165, 194.588516235, 278.552398682, 295.677398682, 213.900497437, 206.393814087, 136.395889282, 47.5301780701, 15.4300012589, 1.77803039551, 0.100691385567, 0.00221207994036, 8.89358034328e-06, 4.55849535896e-09], "median": [0.417133271694, 1.55048680305, 1.31957042217, 2.56436014175, 7.28008413315, 10.9419775009, 8.78441047668, 13.2173042297, 21.6424922943, 20.7688140869, 12.9804039001, 12.0714063644, 12.8856105804, 8.26819705963, 8.95433425903, 7.12266683578, 6.55065488815, 6.44314098358, 4.71222543716, 4.7906870842, 4.83788871765, 4.57523918152, 4.23041248322, 4.40113449097, 5.81856393814, 3.94364261627, 3.11905932426, 3.44429278374, 3.64984154701, 3.67312240601, 2.20008516312, 1.34120154381, 0.820127785206, 0.415801554918, 0.194947570562, 0.0752866342664, 0.0192566178739, 0.00222868309356, 8.35637838463e-05, 6.43516978016e-05]}, "spectral_energy": {"dmean": 0.0126217724755, "dmean2": 0.0194687992334, "max": 0.13559949398, "dvar": 0.000163902674103, "mean": 0.0480330660939, "dvar2": 0.000356607488357, "min": 1.02339875906e-20, "var": 0.000560995540582, "median": 0.0463888533413}, "zerocrossingrate": {"dmean": 0.0120474994183, "dmean2": 0.0133630223572, "max": 0.52294921875, "dvar": 0.000225099312956, "mean": 0.0458410270512, "dvar2": 0.0002771076106, "min": 0, "var": 0.00155229086522, "median": 0.03466796875}, "spectral_energyband_high": {"dmean": 0.000842767942231, "dmean2": 0.00110707292333, "max": 0.0228337161243, "dvar": 2.25698795475e-06, "mean": 0.00145071314182, "dvar2": 4.0680