{"metadata": {"audio_properties": {"downmix": "mix", "bit_rate": 128000, "lossless": false, "md5_encoded": "5da5c47ec951926ea785b601c5da2630", "analysis_sample_rate": 44100, "sample_rate": 44100, "replay_gain": -8.01612854004, "equal_loudness": 0, "codec": "mp3", "length": 238.445709229}, "tags": {"musicbrainz_albumid": ["f5740f75-958c-459e-9337-8e7c6c4370cc"], "musicbrainz_recordingid": ["bed45701-4154-48f0-a115-4d2d60fca89d"], "tracknumber": ["9/12"], "acoustid_id": ["13a991ee-a834-45a5-b861-0aabbc0bd009"], "musicip_puid": ["c67822a3-e093-153f-dccd-353f589b8430"], "encoding": ["Rhythmbox 3079389113"], "musicbrainz album type": ["album/compilation"], "albumartist": ["Various Artists"], "media": ["CD"], "musicbrainz_albumartistid": ["89ad4ac3-39f7-470e-963a-56509c546377"], "file_name": "7-09 Cheerio.mp3", "musicbrainz album release country": ["SE"], "catalognumber": ["MMCD 8001/MMCD 8002/MMCD 8003/MMCD 8004/MMCD 8005/MMCD 8006/MMCD 8007/MMCD 8008/MMCD 8009/MMCD 8010/MMCD 8011/MMCD 8012/MMCD 8013/MMCD 8014/MMCD 8015/MMCD 8016/MMCD 8017/MMCD 8018/MMCD 8019/MMCD 8020"], "musicbrainz_artistid": ["490aee23-a106-4293-b6f5-3b43ea34de35"], "albumartistsort": ["Various Artists"], "script": ["Latn"], "label": ["The Golden Collection/The Golden Collection/The Golden Collection/The Golden Collection/The Golden Collection/The Golden Collection/The Golden Collection/The Golden Collection/The Golden Collection/The Golden Collection/The Golden Collection/The Golden Collection/The Golden Collection/The Golden Collection/The Golden Collection/The Golden Collection/The Golden Collection/The Golden Collection/The Golden Collection/The Golden Collection"], "musicbrainz album status": ["official"], "album": ["The Golden Collection"], "artist": ["The Monroes"], "title": ["Cheerio"], "language": ["eng"], "discnumber": ["7/20"], "artistsort": ["Monroes, The"], "musicbrainz_releasegroupid": ["1d551071-a3a6-32e6-bc9e-6bccd365417e"], "genre": ["Okänd"]}, "version": {"essentia_build_sha": "2d9f1f26377add8aeb1075a9c2973f962c4f09fd", "essentia_git_sha": "v2.1_beta2-1-ge3940c0", "extractor": "music 1.0", "essentia": "2.1-beta2"}}, "tonal": {"chords_scale": "major", "hpcp": {"dmean": [0.115412227809, 0.0985221266747, 0.0545650087297, 0.0449305102229, 0.0528516322374, 0.0848617702723, 0.103451758623, 0.0945007354021, 0.0742343887687, 0.0668752491474, 0.0596728250384, 0.0581160224974, 0.0700633451343, 0.0707930698991, 0.0968279391527, 0.114721879363, 0.111480817199, 0.0868571251631, 0.0840804427862, 0.0918651819229, 0.104355238378, 0.11469656229, 0.0922743678093, 0.0610921308398, 0.0462311543524, 0.0490194968879, 0.0983132123947, 0.115497402847, 0.1034976542, 0.108463488519, 0.107449293137, 0.0947445705533, 0.0797178372741, 0.0643715411425, 0.0653824955225, 0.0966164320707], "dvar2": [0.0718016549945, 0.0533228814602, 0.0314592756331, 0.0309653133154, 0.0382154174149, 0.0531271137297, 0.0688938125968, 0.0620318762958, 0.0529976263642, 0.0615050420165, 0.0455794371665, 0.0388175621629, 0.0459333732724, 0.0473195686936, 0.0577662400901, 0.0730844140053, 0.0688989534974, 0.0749196261168, 0.0884551256895, 0.0963399633765, 0.0853701084852, 0.0879940986633, 0.0653893277049, 0.0523491837084, 0.0373880341649, 0.0343941263855, 0.0708893835545, 0.0853298529983, 0.0650746524334, 0.0801333114505, 0.0784887820482, 0.0618425942957, 0.0539283901453, 0.0489521771669, 0.0461996197701, 0.0560435764492], "mean": [0.299309551716, 0.199676036835, 0.0606678463519, 0.0452812425792, 0.053127091378, 0.140497729182, 0.229949861765, 0.161639764905, 0.118303626776, 0.13689006865, 0.0809200406075, 0.0760325938463, 0.11816021055, 0.0971705690026, 0.163724169135, 0.302683860064, 0.223706260324, 0.094160720706, 0.0858815535903, 0.0868657752872, 0.141071498394, 0.197319611907, 0.136039197445, 0.0615823380649, 0.0460798367858, 0.0470461957157, 0.144766017795, 0.231182962656, 0.15526150167, 0.157649636269, 0.263982713223, 0.208729177713, 0.111682258546, 0.0953344404697, 0.079632230103, 0.172521948814], "var": [0.130431994796, 0.0654768571258, 0.0122951781377, 0.0123058883473, 0.0155247086659, 0.042275827378, 0.101945526898, 0.0514507293701, 0.0430172346532, 0.0754998624325, 0.0258681755513, 0.0225501731038, 0.0503506287932, 0.0317104496062, 0.0415170788765, 0.128128409386, 0.0782386958599, 0.028165448457, 0.0357412584126, 0.0342149399221, 0.0486524179578, 0.0747306123376, 0.0432092435658, 0.0163210760802, 0.014566635713, 0.0123206833377, 0.0469824634492, 0.0995593965054, 0.0439656339586, 0.051481988281, 0.125050917268, 0.0865036994219, 0.0374136194587, 0.0432585552335, 0.025322124362, 0.0499369241297], "dmean2": [0.185687437654, 0.15811483562, 0.0940530672669, 0.0783415138721, 0.0915667638183, 0.140841007233, 0.171058639884, 0.157835707068, 0.125326171517, 0.115446344018, 0.102286852896, 0.0976970791817, 0.117394171655, 0.119869090617, 0.159584373236, 0.186014518142, 0.183021843433, 0.152478426695, 0.148581594229, 0.163216128945, 0.177611857653, 0.19216452539, 0.155817225575, 0.107451759279, 0.0813207775354, 0.0861923545599, 0.165563240647, 0.190792292356, 0.172418251634, 0.186922341585, 0.179062202573, 0.157202839851, 0.138446778059, 0.111141048372, 0.113368190825, 0.160577476025], "dvar": [0.032195366919, 0.02197807841, 0.0117906946689, 0.0117515558377, 0.014576763846, 0.0200449638069, 0.0295692458749, 0.0242756735533, 0.0202557630837, 0.0239170268178, 0.0167616736144, 0.0150468787178, 0.0190595705062, 0.0179088413715, 0.0222967360169, 0.0314125157893, 0.0272007007152, 0.0272944793105, 0.0324242450297, 0.0360834412277, 0.0328758843243, 0.0329535603523, 0.024171223864, 0.0187354832888, 0.0137688415125, 0.0126712620258, 0.0273743923753, 0.0363044813275, 0.0248389225453, 0.0301409512758, 0.0330986715853, 0.024156646803, 0.0201314799488, 0.0183055568486, 0.0169711504132, 0.0217765849084], "min": [0, 0, 0, 0, 0, 0, 0, 0, 0, 0, 0, 0, 0, 0, 0, 0, 0, 0, 0, 0, 0, 0, 0, 0, 0, 0, 0, 0, 0, 0, 0, 0, 0, 0, 0, 0], "median": [0.102162927389, 0.0701997354627, 0.0205480419099, 0.00994752533734, 0.0108560072258, 0.0416158884764, 0.0658514350653, 0.0553658939898, 0.0305103324354, 0.0205791257322, 0.0141208646819, 0.0176895931363, 0.0228100381792, 0.0249264575541, 0.0738076865673, 0.114164143801, 0.0811853632331, 0.0298071410507, 0.0123388785869, 0.0142655130476, 0.043274063617, 0.0662222057581, 0.0436277315021, 0.0167895741761, 0.00870436616242, 0.00828284025192, 0.0442440249026, 0.0771872326732, 0.0656728595495, 0.0461451411247, 0.0517966337502, 0.0526487752795, 0.0256692841649, 0.0125770736486, 0.0156605709344, 0.0665285289288], "max": [1, 1, 1, 1, 1, 1, 1, 1, 1, 1, 1, 1, 1, 1, 1, 1, 1, 1, 1, 1, 1, 1, 1, 1, 1, 1, 1, 1, 1, 1, 1, 1, 1, 1, 1, 1]}, "tuning_equal_tempered_deviation": 0.000870888296049, "chords_key": "D", "chords_strength": {"dmean": 0.00934172794223, "dvar2": 4.51198975497e-05, "mean": 0.573054611683, "var": 0.00924321915954, "dmean2": 0.00663711689413, "dvar": 6.44895262667e-05, "min": 0.268766880035, "median": 0.576177000999, "max": 0.781731069088}, "tuning_diatonic_strength": 0.601397931576, "thpcp": [1, 0.739075601101, 0.311086028814, 0.283733516932, 0.28698515892, 0.466068774462, 0.65189999342, 0.44944319129, 0.203454315662, 0.152237504721, 0.155430138111, 0.478274643421, 0.763776957989, 0.512949407101, 0.52083927393, 0.872140049934, 0.689594686031, 0.36897328496, 0.314963728189, 0.263087123632, 0.569974064827, 0.988852024078, 0.659685134888, 0.200433045626, 0.149599134922, 0.175520062447, 0.464173167944, 0.759703099728, 0.534021735191, 0.390848815441, 0.452254265547, 0.267341762781, 0.251194745302, 0.390374988317, 0.321029901505, 0.540908157825], "chords_histogram": [16.7445487976, 6.07476615906, 26.421339035, 2.29750776291, 7.47663545609, 1.47975075245, 8.56697845459, 0.0778816193342, 3.79672908783, 0, 1.1292835474, 0, 0.856697797775, 0, 0, 3.36838006973, 0, 0.467289716005, 0, 1.34345793724, 0, 3.77725863457, 11.9742994308, 4.14719629288], "tuning_nontempered_energy_ratio": 0.664474070072, "tuning_frequency": 442.03793335, "key_strength": 0.832318663597, "chords_changes_rate": 0.0342679135501, "key_scale": "major", "hpcp_entropy": {"dmean": 0.533420681953, "dvar2": 0.542326271534, "mean": 1.79496634007, "var": 0.481484055519, "dmean2": 0.886053740978, "dvar": 0.204661354423, "min": 0, "median": 1.82194924355, "max": 4.05261802673}, "key_key": "G", "chords_number_rate": 0.00272585661151}, "lowlevel": {"melbands_skewness": {"dmean": 0.485236644745, "dvar2": 0.556570112705, "mean": 2.21241641045, "var": 2.97303819656, "dmean2": 0.738042294979, "dvar": 0.247796788812, "min": -1.66920435429, "median": 1.98571014404, "max": 20.5474052429}, "melbands_kurtosis": {"dmean": 4.31185388565, "dvar2": 238.602813721, "mean": 12.9359788895, "var": 1361.93041992, "dmean2": 6.71333503723, "dvar": 104.738983154, "min": -1.91634607315, "median": 6.1633605957, "max": 811.084716797}, "barkbands_kurtosis": {"dmean": 2.64618206024, "dvar2": 106.269248962, "mean": 8.60562801361, "var": 895.166320801, "dmean2": 4.08296442032, "dvar": 46.6482315063, "min": -1.91022658348, "median": 2.80408239365, "max": 381.651245117}, "hfc": {"dmean": 6.28409099579, "dvar2": 589.031311035, "mean": 18.3471679688, "var": 626.267578125, "dmean2": 9.03495883942, "dvar": 267.090179443, "min": 1.13568549676e-16, "median": 9.82518577576, "max": 336.491333008}, "silence_rate_20dB": {"dmean": 0, "dvar2": 0, "mean": 1, "var": 0, "dmean2": 0, "dvar": 0, "min": 1, "median": 1, "max": 1}, "erbbands_flatness_db": {"dmean": 0.0148368747905, "dvar2": 0.000408003339544, "mean": 0.173227444291, "var": 0.00268955342472, "dmean2": 0.0206332746893, "dvar": 0.000238388747675, "min": 0.0273604597896, "median": 0.1712847054, "max": 0.354783445597}, "spectral_flux": {"dmean": 0.0150165827945, "dvar2": 0.000919187383261, "mean": 0.0605280660093, "var": 0.00175458018202, "dmean2": 0.0236733537167, "dvar": 0.000415617978433, "min": 1.02777841793e-10, "median": 0.0519309863448, "max": 0.311233311892}, "spectral_energyband_low": {"dmean": 0.00150095927529, "dvar2": 2.22139351536e-05, "mean": 0.00312423845753, "var": 1.83441570698e-05, "dmean2": 0.00236101471819, "dvar": 9.49411878537e-06, "min": 1.5687826911e-22, "median": 0.00173735595308, "max": 0.0506169460714}, "spectral_rolloff": {"dmean": 382.324371338, "dvar2": 1623258.875, "mean": 1289.60327148, "var": 2003122.625, "dmean2": 619.350769043, "dvar": 848142.0625, "min": 64.599609375, "median": 968.994140625, "max": 18174.0234375}, "spectral_entropy": {"dmean": 0.131034895778, "dvar2": 0.0347696430981, "mean": 7.29128551483, "var": 0.335792332888, "dmean2": 0.184527888894, "dvar": 0.0206224489957, "min": 5.14801168442, "median": 7.37965106964, "max": 9.7947807312}, "spectral_energy": {"dmean": 0.0053612482734, "dvar2": 0.000207144854357, "mean": 0.0196133349091, "var": 0.000293726188829, "dmean2": 0.00814918801188, "dvar": 8.40684078867e-05, "min": 1.05632846382e-20, "median": 0.0148124061525, "max": 0.158063814044}, "spectral_centroid": {"dmean": 157.0912323, "dvar2": 104934.398438, "mean": 1003.90466309, "var": 310867.96875, "dmean2": 236.6615448, "dvar": 52957.7539063, "min": 165.490112305, "median": 881.603271484, "max": 11129.4667969}, "barkbands_flatness_db": {"dmean": 0.0158005282283, "dvar2": 0.000457618036307, "mean": 0.149242222309, "var": 0.00465223798528, "dmean2": 0.0233772620559, "dvar": 0.000227284181165, "min": 0.0282491743565, "median": 0.135849535465, "max": 0.466749161482}, "spectral_rms": {"dmean": 0.00051846698625, "dvar2": 1.04454090888e-06, "mean": 0.00397152872756, "var": 3.36179073201e-06, "dmean2": 0.000770831713453, "dvar": 4.61885377945e-07, "min": 3.2102404502e-12, "median": 0.00380146387033, "max": 0.0124180754647}, "melbands": {"dmean": [0.000111305453174, 0.00023431162117, 0.000544451060705, 0.000342336425092, 0.000156801805133, 0.000119054508104, 0.000134092173539, 0.000125416758237, 0.000135507667437, 0.000123041725601, 0.00014102953719, 0.000116693940072, 7.39769238862e-05, 6.93819820299e-05, 4.98988520121e-05, 2.96806138067e-05, 2.45627761615e-05, 2.0859974029e-05, 1.26378463392e-05, 9.42632232181e-06, 6.32990713711e-06, 5.30339775651e-06, 4.94479809277e-06, 5.57415978619e-06, 4.38764573119e-06, 4.718852324e-06, 3.98373185817e-06, 3.25419932778e-06, 2.36785558627e-06, 2.01784609999e-06, 1.42428780237e-06, 1.49127743043e-06, 1.44446539707e-06, 2.13563339457e-06, 2.66448705588e-06, 2.27191617341e-06, 1.04387254396e-06, 7.72094892909e-07, 1.15892805752e-06, 1.10805797249e-06], "dvar2": [4.02687845735e-07, 6.17566570327e-07, 4.86794306198e-06, 1.32098625727e-06, 1.29695266082e-07, 7.64377219298e-08, 1.55999373419e-07, 2.62728462985e-07, 3.839522833e-07, 3.24195212897e-07, 3.41773784385e-07, 3.2378508763e-07, 1.30300279011e-07, 1.07231898028e-07, 4.47889298982e-08, 1.58534962935e-08, 1.26206050055e-08, 8.90409879162e-09, 4.31438040849e-09, 1.79807158052e-09, 6.86723733434e-10, 4.50670473162e-10, 3.71795677578e-10, 6.82880141323e-10, 3.23876120367e-10, 4.11155109958e-10, 3.89519971833e-10, 2.28052521312e-10, 1.93138963156e-10, 1.71637537516e-10, 8.48452419433e-11, 1.07530519211e-10, 1.0486235491e-10, 2.29905081084e-10, 4.85426310259e-10, 3.16236314912e-10, 7.2225232739e-11, 2.84521104593e-11, 6.88748502675e-11, 5.76780845307e-11], "mean": [0.000169989696587, 0.00051892810734, 0.000904869986698, 0.000670346547849, 0.00040612462908, 0.000285352114588, 0.00028370891232, 0.000224115792662, 0.000232366641285, 0.000233663828112, 0.000291253905743, 0.00021169615502, 0.000122779718367, 0.000121396180475, 8.9027787908e-05, 5.39782340638e-05, 4.34656685684e-05, 3.44329018844e-05, 2.15933232539e-05, 1.74274882738e-05, 1.1290690054e-05, 1.01705736597e-05, 8.98938196769e-06, 1.0007009223e-05, 8.5364890765e-06, 9.26635311771e-06, 7.30528836357e-06, 5.86616761211e-06, 3.90297327613e-06, 3.07200571115e-06, 2.19585331251e-06, 2.25555709221e-06, 2.22041785491e-06, 2.8352562822e-06, 3.15073953061e-06, 2.73739601653e-06, 1.53040605255e-06, 1.16401122341e-06, 1.40298971019e-06, 1.35107984534e-06], "var": [1.42341846754e-07, 6.48019806704e-07, 2.0237616809e-06, 7.08179300091e-07, 1.95344142639e-07, 9.88660886492e-08, 2.08398589052e-07, 2.06630460298e-07, 2.61837556081e-07, 3.40466129956e-07, 4.90275510856e-07, 3.07709399294e-07, 9.06168793335e-08, 9.40609936606e-08, 4.38071339204e-08, 2.0675411605e-08, 1.25362173975e-08, 6.75054989685e-09, 3.3687237444e-09, 1.67534253137e-09, 4.41180064703e-10, 4.82080542152e-10, 2.69123029417e-10, 4.64630112162e-10, 2.98055802261e-10, 4.70125383067e-10, 2.43605247086e-10, 1.48602241623e-10, 9.53091564004e-11, 8.01755467572e-11, 3.50086036549e-11, 4.29950519631e-11, 4.42800553169e-11, 1.14772316651e-10, 1.99007088586e-10, 1.36899977465e-10, 5.91291252072e-11, 3.28914118164e-11, 4.95341302698e-11, 3.11594604285e-11], "dmean2": [0.000185381839401, 0.000370275898604, 0.000907748704776, 0.000558198487852, 0.000235233645071, 0.00018003443256, 0.000200049515115, 0.000199387039174, 0.000213492850889, 0.000188043268281, 0.000214574698475, 0.000181439900189, 0.000119176620501, 0.000111885630758, 7.94557054178e-05, 4.67534773634e-05, 3.93817426811e-05, 3.39455837093e-05, 2.0407307602e-05, 1.54993213073e-05, 1.0501910765e-05, 8.35668652144e-06, 8.08170352684e-06, 9.08911442821e-06, 7.04565673004e-06, 7.54374786993e-06, 6.44422834739e-06, 5.30245688424e-06, 3.74106411982e-06, 3.16847103932e-06, 2.24594145948e-06, 2.35752668232e-06, 2.26646602641e-06, 3.27591396854e-06, 4.13601128457e-06, 3.50933555637e-06, 1.54517874762e-06, 1.14670251605e-06, 1.77496895049e-06, 1.66673521562e-06], "dvar": [1.57146814672e-07, 2.71680789865e-07, 1.73927890046e-06, 4.86123610699e-07, 5.66465807594e-08, 3.26615214874e-08, 7.04790252826e-08, 9.93560362872e-08, 1.44325994711e-07, 1.36587985367e-07, 1.44521294487e-07, 1.28019607359e-07, 4.9927106005e-08, 4.01058883881e-08, 1.73038845475e-08, 7.01806035508e-09, 5.05347053092e-09, 3.39209305089e-09, 1.84478843313e-09, 7.78309861005e-10, 2.52665388611e-10, 2.02410505024e-10, 1.47651266214e-10, 2.60293980814e-10, 1.32019783994e-10, 1.73028688599e-10, 1.49049064757e-10, 8.71024502525e-11, 7.53170650847e-11, 6.79522479952e-11, 3.22700997868e-11, 4.08417848152e-11, 3.98675571722e-11, 9.59204937701e-11, 1.92981172709e-10, 1.25340682278e-10, 3.12774355027e-11, 1.39156195247e-11, 3.0092001807e-11, 2.50795408746e-11], "min": [6.05374895781e-24, 3.55578769038e-23, 2.54943578256e-23, 7.99832698235e-24, 5.91417185355e-24, 3.71644599794e-24, 3.94158413927e-24, 2.39058081103e-23, 1.09536137146e-23, 1.19882962997e-23, 1.67777193465e-23, 1.01943421931e-23, 8.20200140175e-24, 9.07269715956e-24, 4.2041075822e-24, 6.78332736044e-24, 7.31227200802e-24, 4.64512776544e-24, 5.84110045676e-24, 7.12318126018e-24, 6.12039626582e-24, 5.84523093246e-24, 8.93874936671e-24, 8.69863272894e-24, 7.92824457953e-24, 1.50564863824e-23, 1.25240346174e-23, 6.7549575557e-24, 1.23545289192e-23, 1.25492016468e-23, 1.4251349699e-23, 1.29207101681e-23, 9.48370631295e-24, 1.17037431271e-23, 1.56059800677e-23, 1.32146657738e-23, 1.14069570885e-23, 1.09866575202e-23, 1.13622286752e-23, 1.14986440249e-23], "median": [7.81533453846e-05, 0.000250448705629, 0.000474082742585, 0.000417668721639, 0.000280295847915, 0.000192582636373, 0.000143685378134, 8.33888771012e-05, 7.31089967303e-05, 4.46997582912e-05, 4.61908093712e-05, 3.48280773323e-05, 2.78239331237e-05, 2.63583096967e-05, 2.13534349314e-05, 1.3224696886e-05, 1.00158376881e-05, 7.54044140194e-06, 6.61053945805e-06, 6.42419900032e-06, 4.2858064262e-06, 3.41541226589e-06, 2.9392858778e-06, 2.51649817073e-06, 2.07560765375e-06, 1.91752224055e-06, 1.43862223467e-06, 1.05346884993e-06, 6.7600200282e-07, 5.34855075784e-07, 4.96813981954e-07, 5.43930184449e-07, 4.37147889443e-07, 3.89212232221e-07, 2.96024040836e-07, 2.58682462118e-07, 1.45932801843e-07, 1.20929001923e-07, 1.1094726915e-07, 1.11138660941e-07], "max": [0.00579587370157, 0.0107009839267, 0.0316327661276, 0.015650447458, 0.00697066867724, 0.00423736777157, 0.00779381813481, 0.00849153846502, 0.00884691253304, 0.00972809456289, 0.00845309719443, 0.0128484321758, 0.00644756155089, 0.0045408513397, 0.00440042419359, 0.00335893104784, 0.00306842871942, 0.000926732376684, 0.00245043821633, 0.00124132342171, 0.000569660507608, 0.000624652893748, 0.000294799421681, 0.000905024120584, 0.000262418179773, 0.000728532031644, 0.000653228315059, 0.000247590418439, 0.000206133947358, 0.000245524162892, 0.00014348255354, 0.000144309538882, 0.000222113259952, 0.000343984575011, 0.000420939381002, 0.000179379625479, 0.000304109038552, 0.000199827976758, 0.000211359394598, 0.000111197296064]}, "barkbands_crest": {"dmean": 1.94859051704, "dvar2": 8.53767299652, "mean": 9.54367733002, "var": 16.9280986786, "dmean2": 3.12859678268, "dvar": 3.27300834656, "min": 2.64178752899, "median": 8.63212203979, "max": 25.1399688721}, "mfcc": {"icov": [[0.000191672923393, 0.000251998717431, 0.000300172221614, 0.000135651716846, 0.000176598361577, 1.23173176689e-05, 0.000129123480292, 5.16223808518e-05, 0.00023737954325, 0.000124557380332, 0.000200245936867, 0.000187339741387, 0.000225871932344], [0.000251998717431, 0.000970235269051, 0.000698146643117, 0.000294439669233, -0.000124408921693, 0.000438619812485, 9.5063871413e-05, 0.000140412084875, -0.000332067749696, 0.00109076476656, -2.52504250966e-05, 0.000195979722776, 0.000244720664341], [0.000300172221614, 0.000698146643117, 0.0027743652463, 0.00086746038869, -0.00136950123124, -0.000277613813523, 0.000682451354805, -0.000868014700245, 8.46649563755e-05, 0.000328940659529, 0.000797729182523, -0.000555594160687, -0.000218512272113], [0.000135651716846, 0.000294439669233, 0.00086746038869, 0.00314816250466, -0.000962722871918, -0.00069304718636, -9.05013584998e-05, 0.0011217398569, -0.000783601892181, 0.00121955142822, -6.10144415987e-05, -0.000185893615708, -0.00090526859276], [0.000176598361577, -0.000124408921693, -0.00136950123124, -0.000962722871918, 0.00633564870805, -0.000551686098333, 0.00150526047219, 0.00187612161972, -0.000724787532818, -0.00163149624132, 0.00205571693368, -0.00150776980445, -0.000254553044215], [1.23173176689e-05, 0.000438619812485, -0.000277613813523, -0.00069304718636, -0.000551686098333, 0.0103285238147, -0.00278584146872, -0.0010035620071, -0.000554073834792, 0.00067869835766, -0.0016888884129, 0.000834473641589, -0.000136119371746], [0.000129123480292, 9.5063871413e-05, 0.000682451354805, -9.05013584998e-05, 0.00150526047219, -0.00278584146872, 0.00956106651574, -0.00312893232331, 0.00033425563015, -0.000480865390273, -0.00104830251075, -0.00171666231472, 0.00105736951809], [5.16223808518e-05, 0.000140412084875, -0.000868014700245, 0.0011217398569, 0.00187612161972, -0.0010035620071, -0.00312893232331, 0.0125823002309, -0.00306634511799, 0.00129442755133, -0.000607424590271, 0.000628943089396, -0.000187847574125], [0.00023737954325, -0.000332067749696, 8.46649563755e-05, -0.000783601892181, -0.000724787532818, -0.000554073834792, 0.00033425563015, -0.00306634511799, 0.0143042514101, -0.00466794567183, 0.000673981849104, -3.92448382627e-05, 0.000404785125284], [0.000124557380332, 0.00109076476656, 0.000328940659529, 0.00121955142822, -0.00163149624132, 0.00067869835766, -0.000480865390273, 0.00129442755133, -0.00466794567183, 0.0166424736381, -0.00611498951912, 0.00272230058908, -4.81777424284e-05], [0.000200245936867, -2.52504250966e-05, 0.000797729182523, -6.10144415987e-05, 0.00205571693368, -0.0016888884129, -0.00104830251075, -0.000607424590271, 0.000673981849104, -0.00611498951912, 0.0171592831612, -0.00643305573612, 0.00138551509008], [0.000187339741387, 0.000195979722776, -0.000555594160687, -0.000185893615708, -0.00150776980445, 0.000834473641589, -0.00171666231472, 0.000628943089396, -3.92448382627e-05, 0.00272230058908, -0.00643305573612, 0.0171538684517, -0.00515880901366], [0.000225871932344, 0.000244720664341, -0.000218512272113, -0.00090526859276, -0.000254553044215, -0.000136119371746, 0.00105736951809, -0.000187847574125, 0.000404785125284, -4.81777424284e-05, 0.00138551509008, -0.00515880901366, 0.0163008738309]], "mean": [-681.459960938, 141.602142334, 3.07367157936, 10.7420835495, -2.38173961639, -0.198094815016, -1.87276291847, -0.52616494894, -7.06414842606, -3.46389770508, -4.49008226395, -5.86514091492, -1.21248066425], "cov": [[11902.2978516, -2261.32397461, -1008.66577148, -415.913482666, -756.032104492, -21.1374874115, 9.11898231506, -7.20242214203, -308.191772461, -37.3446998596, -107.996253967, -320.542419434, -264.972229004], [-2261.32397461, 1928.18505859, -224.871948242, 36.9189758301, 52.8656272888, -81.0916900635, -17.8251800537, -29.4454250336, 50.7513160706, -87.4786834717, -3.4359600544, 18.4904441833, 7.01275682449], [-1008.66577148, -224.871948242, 679.17791748, -50.0459060669, 201.494018555, 16.3537750244, -53.8198776245, 17.5052261353, 26.8616886139, 19.1381855011, -25.7505931854, 47.5099411011, 47.2672843933], [-415.913482666, 36.9189758301, -50.0459060669, 420.032623291, 91.1542205811, 22.8817634583, -11.7240686417, -48.5926322937, 19.8830699921, -17.2444934845, -1.83777439594, 28.1387519836, 38.1962051392], [-756.032104492, 52.8656272888, 201.494018555, 91.1542205811, 294.105499268, -3.84689426422, -68.9094085693, -50.1394691467, 28.2443981171, 14.5680112839, -27.5888233185, 35.1993026733, 38.7245025635], [-21.1374874115, -81.0916900635, 16.3537750244, 22.8817634583, -3.84689426422, 119.76461792, 46.650302887, 24.0596656799, 9.30582904816, 6.47223949432, 19.5929908752, 6.29155683517, 1.3053483963], [9.11898231506, -17.8251800537, -53.8198776245, -11.7240686417, -68.9094085693, 46.650302887, 157.208770752, 52.1952972412, 5.98118972778, 7.12342834473, 34.4042015076, 12.3023767471, -10.6721401215], [-7.20242214203, -29.4454250336, 17.5052261353, -48.5926322937, -50.1394691467, 24.0596656799, 52.1952972412, 112.605522156, 18.3907260895, 2.88273406029, 15.1655235291, -0.728113532066, -6.55979776382], [-308.191772461, 50.7513160706, 26.8616886139, 19.8830699921, 28.2443981171, 9.30582904816, 5.98118972778, 18.3907260895, 90.5858459473, 25.6799507141, 8.74153518677, 6.58384609222, 4.4826130867], [-37.3446998596, -87.4786834717, 19.1381855011, -17.2444934845, 14.5680112839, 6.47223949432, 7.12342834473, 2.88273406029, 25.6799507141, 85.80103302, 28.4979362488, -0.00656403182074, -1.8260743618], [-107.996253967, -3.4359600544, -25.7505931854, -1.83777439594, -27.5888233185, 19.5929908752, 34.4042015076, 15.1655235291, 8.74153518677, 28.4979362488, 89.2235946655, 28.8930606842, 0.204060450196], [-320.542419434, 18.4904441833, 47.5099411011, 28.1387519836, 35.1993026733, 6.29155683517, 12.3023767471, -0.728113532066, 6.58384609222, -0.00656403182074, 28.8930606842, 87.741859436, 31.3080844879], [-264.972229004, 7.01275682449, 47.2672843933, 38.1962051392, 38.7245025635, 1.3053483963, -10.6721401215, -6.55979776382, 4.4826130867, -1.8260743618, 0.204060450196, 31.3080844879, 78.6739730835]]}, "spectral_decrease": {"dmean": 1.29692057094e-09, "dvar2": 1.131133009e-17, "mean": -4.75570738345e-09, "var": 1.65463386384e-17, "dmean2": 1.98395699869e-09, "dvar": 4.5492092325e-18, "min": -3.59999638988e-08, "median": -3.63219543331e-09, "max": -6.94946362046e-29}, "zerocrossingrate": {"dmean": 0.0087808361277, "dvar2": 0.000185459590284, "mean": 0.0539256483316, "var": 0.00133015878964, "dmean2": 0.0100008733571, "dvar": 0.00017609000497, "min": 0.001953125, "median": 0.04736328125, "max": 0.49365234375}, "spectral_contrast_coeffs": {"dmean": [0.0433507189155, 0.0396985635161, 0.0362598001957, 0.0283703319728, 0.0197694189847, 0.0161543022841], "dvar2": [0.00389856146649, 0.00278627756052, 0.00220894627273, 0.00136961753014, 0.000702144228853, 0.000508514465764], "mean": [-0.599044620991, -0.721938848495, -0.73743969202, -0.767170369625, -0.786576867104, -0.780811965466], "var": [0.00819835811853, 0.00392100820318, 0.00518561713398, 0.0027395891957, 0.00179769354872, 0.00241962587461], "dmean2": [0.0709957927465, 0.0651421695948, 0.0586688369513, 0.0469650328159, 0.0324590839446, 0.0252267457545], "dvar": [0.00147989019752, 0.00104453740641, 0.000858867249917, 0.00051975279348, 0.000278250692645, 0.000229104553], "min": [-0.940386295319, -0.959821820259, -0.957517921925, -0.96985065937, -0.959488809109, -0.962437450886], "median": [-0.595039010048, -0.721573650837, -0.74641084671, -0.770957946777, -0.78834182024, -0.782199978828], "max": [-0.291397303343, -0.442605882883, -0.488508850336, -0.538526892662, -0.58914154768, -0.545041918755]}, "spectral_skewness": {"dmean": 0.257236480713, "dvar2": 0.242537975311, "mean": 2.04199624062, "var": 0.790703952312, "dmean2": 0.40960919857, "dvar": 0.0938258096576, "min": -0.28325086832, "median": 1.83562397957, "max": 8.5326051712}, "spectral_energyband_middle_high": {"dmean": 0.00184839090798, "dvar2": 3.30795446644e-05, "mean": 0.00569081166759, "var": 6.66222040309e-05, "dmean2": 0.00284999446012, "dvar": 1.32826535264e-05, "min": 1.25100505748e-21, "median": 0.00224946066737, "max": 0.107680074871}, "gfcc": {"icov": [[0.000241234578425, 3.8475751353e-05, 0.000433929089922, -0.000163508972037, 0.000203252857318, -9.28186418605e-05, 0.000285255489871, -0.000131027176394, 0.000527425494511, -0.000196802677237, 0.000670821696986, -0.000244166818447, 0.000358571589459], [3.8475751353e-05, 0.00272065238096, -0.000144859790453, 0.00163814262487, -0.00173312891275, 0.00123643164989, -0.000966585241258, 0.00212271232158, -0.00229613436386, 0.00329439411871, -0.0031452649273, 0.00263921520673, -0.00196349294856], [0.000433929089922, -0.000144859790453, 0.00234113633633, -0.000243683462031, -0.000373139744624, -0.000864085799549, 0.00152551592328, -0.00102413981222, 0.000565204303712, -0.000901937601157, 0.00189866719302, -0.00258940155618, 0.000919495651033], [-0.000163508972037, 0.00163814262487, -0.000243683462031, 0.00376018113457, -0.00137240986805, 0.000823378970381, -6.81044548401e-05, 0.00168953603134, -0.00165262329392, 0.00156701670494, -0.00305743911304, 0.0020897667855, -0.00138134893496], [0.000203252857318, -0.00173312891275, -0.000373139744624, -0.00137240986805, 0.00659942813218, 0.000973941059783, -0.000953063019551, -0.000515972380526, 0.000681129808072, -0.00397515762597, 0.00307326042093, -0.00213414127938, 0.000574574398343], [-9.28186418605e-05, 0.00123643164989, -0.000864085799549, 0.000823378970381, 0.000973941059783, 0.00680316938087, -0.00127994257491, -0.00187050458044, 0.000531605968717, 0.00104411528446, -0.00151255342644, 0.00189805577975, 0.000419940450229], [0.000285255489871, -0.000966585241258, 0.00152551592328, -6.81044548401e-05, -0.000953063019551, -0.00127994257491, 0.00555176660419, -0.00175672862679, 0.00163118669298, -0.0010409692768, 0.000316755380481, -0.002917842241, 0.00111295073293], [-0.000131027176394, 0.00212271232158, -0.00102413981222, 0.00168953603134, -0.000515972380526, -0.00187050458044, -0.00175672862679, 0.0139586599544, -0.00370231061243, -0.000224930277909, -0.00185629050247, 0.0014918174129, -0.00126442650799], [0.000527425494511, -0.00229613436386, 0.000565204303712, -0.00165262329392, 0.000681129808072, 0.000531605968717, 0.00163118669298, -0.00370231061243, 0.0144157679752, -0.00573400314897, 0.00244273850694, -0.000830978853628, -0.000704846112058], [-0.000196802677237, 0.00329439411871, -0.000901937601157, 0.00156701670494, -0.00397515762597, 0.00104411528446, -0.0010409692768, -0.000224930277909, -0.00573400314897, 0.0180550590158, -0.00750394910574, 0.00160039239563, 0.000366263033357], [0.000670821696986, -0.0031452649273, 0.00189866719302, -0.00305743911304, 0.00307326042093, -0.00151255342644, 0.000316755380481, -0.00185629050247, 0.00244273850694, -0.00750394910574, 0.018683699891, -0.00569315208122, 0.00085503916489], [-0.000244166818447, 0.00263921520673, -0.00258940155618, 0.0020897667855, -0.00213414127938, 0.00189805577975, -0.002917842241, 0.0014918174129, -0.000830978853628, 0.00160039239563, -0.00569315208122, 0.0198994427919, -0.00534292170778], [0.000358571589459, -0.00196349294856, 0.000919495651033, -0.00138134893496, 0.000574574398343, 0.000419940450229, 0.00111295073293, -0.00126442650799, -0.000704846112058, 0.000366263033357, 0.00085503916489, -0.00534292170778, 0.0178716480732]], "mean": [-38.6681976318, 108.95362854, -112.62424469, 14.2487802505, -62.4244155884, 7.74821853638, -40.0462341309, 2.71082901955, -30.1987762451, -2.13967704773, -17.506975174, -1.5083668232, -12.9299812317], "cov": [[13404.5673828, -2849.37255859, -1829.9597168, 449.887023926, -1209.44458008, 584.57409668, -587.420043945, 52.9682769775, -743.047302246, -202.672470093, -494.701049805, -303.660125732, -479.860687256], [-2849.37255859, 1997.18359375, -68.4750595093, -259.685974121, 456.358947754, -423.023406982, 280.695739746, -196.467422485, 252.806793213, -81.8222808838, 192.022689819, -3.74482750893, 225.272003174], [-1829.9597168, -68.4750595093, 1044.95837402, -49.3857688904, 159.47946167, 56.2952270508, -84.2902450562, 87.0761566162, 75.0758361816, 85.2329025269, -12.2338781357, 117.000228882, 13.350148201], [449.887023926, -259.685974121, -49.3857688904, 412.3644104, -9.9557390213, -12.265753746, -64.4764556885, -17.1567764282, -2.33659219742, 15.4377985001, 14.3696746826, -16.620300293, -5.79863214493], [-1209.44458008, 456.358947754, 159.47946167, -9.9557390213, 357.107971191, -137.221923828, 108.999511719, -26.0307579041, 96.2179031372, 49.4501571655, 46.546661377, 45.9845542908, 62.8454399109], [584.57409668, -423.023406982, 56.2952270508, -12.265753746, -137.221923828, 279.997711182, -22.5279922485, 77.6511764526, -68.7614212036, 6.37724161148, -34.8035049438, -8.37741279602, -61.0020141602], [-587.420043945, 280.695739746, -84.2902450562, -64.4764556885, 108.999511719, -22.5279922485, 299.572113037, 4.97333908081, 24.498336792, 12.4731492996, 52.0599212646, 31.2620925903, 28.2651329041], [52.9682769775, -196.467422485, 87.0761566162, -17.1567764282, -26.0307579041, 77.6511764526, 4.97333908081, 117.811180115, 2.81891727448, 30.6630992889, -7.99261283875, 12.0871782303, -17.9375591278], [-743.047302246, 252.806793213, 75.0758361816, -2.33659219742, 96.2179031372, -68.7614212036, 24.498336792, 2.81891727448, 139.655166626, 34.0950737, 37.0734291077, 12.7862482071, 42.6941604614], [-202.672470093, -81.8222808838, 85.2329025269, 15.4377985001, 49.4501571655, 6.37724161148, 12.4731492996, 30.6630992889, 34.0950737, 102.464202881, 26.0514831543, 21.6225795746, -3.99947237968], [-494.701049805, 192.022689819, -12.2338781357, 14.3696746826, 46.546661377, -34.8035049438, 52.0599212646, -7.99261283875, 37.0734291077, 26.0514831543, 105.246749878, 19.5261745453, 30.0067596436], [-303.660125732, -3.74482750893, 117.000228882, -16.620300293, 45.9845542908, -8.37741279602, 31.2620925903, 12.0871782303, 12.7862482071, 21.6225795746, 19.5261745453, 83.1502685547, 19.9892292023], [-479.860687256, 225.272003174, 13.350148201, -5.79863214493, 62.8454399109, -61.0020141602, 28.2651329041, -17.9375591278, 42.6941604614, -3.99947237968, 30.0067596436, 19.9892292023, 91.8868865967]]}, "erbbands_spread": {"dmean": 6.22002315521, "dvar2": 138.569274902, "mean": 32.1013374329, "var": 374.204101563, "dmean2": 9.14335536957, "dvar": 71.1952209473, "min": 2.47685837746, "median": 28.4801101685, "max": 141.462783813}, "erbbands_kurtosis": {"dmean": 0.946218013763, "dvar2": 3.66008424759, "mean": 1.33393907547, "var": 8.48596572876, "dmean2": 1.458953619, "dvar": 1.68104529381, "min": -1.88031458855, "median": 0.360574424267, "max": 27.8943538666}, "dynamic_complexity": 4.67985773087, "erbbands_crest": {"dmean": 2.30027222633, "dvar2": 12.0565214157, "mean": 9.43093395233, "var": 18.9420928955, "dmean2": 3.67915940285, "dvar": 4.85345554352, "min": 2.32425451279, "median": 8.48041820526, "max": 30.6702156067}, "erbbands": {"dmean": [0.0102683408186, 0.115851834416, 0.579851150513, 2.83547019958, 5.04897212982, 4.59581136703, 4.61083650589, 5.19097709656, 8.8982963562, 10.6692581177, 16.7485980988, 17.8053512573, 27.4340362549, 27.2324905396, 20.7434272766, 23.0855178833, 15.6582679749, 12.4719104767, 11.1690979004, 8.20904922485, 5.23322629929, 4.76327180862, 4.79742097855, 5.14176559448, 5.65944051743, 4.73637342453, 3.56353998184, 2.58659434319, 2.50762844086, 3.09625601768, 4.25398159027, 2.20059227943, 1.16500473022, 1.36904466152, 0.414375752211, 0.161798521876, 0.0511466935277, 0.0164449829608, 0.000653061841149, 1.84583477676e-05], "dvar2": [0.00335202738643, 0.343049556017, 3.95637226105, 121.824516296, 365.07144165, 209.952285767, 121.198982239, 152.854537964, 682.086364746, 1976.98266602, 6728.56103516, 7371.22021484, 13047.6962891, 18017.7167969, 8689.57421875, 10861.1523438, 3444.57348633, 2894.56079102, 2101.24536133, 1561.37792969, 414.442932129, 319.372314453, 340.069702148, 417.947509766, 577.721191406, 506.472229004, 468.784515381, 275.044342041, 295.149627686, 417.035980225, 1147.73217773, 233.753845215, 56.2359924316, 95.5107574463, 3.65502810478, 0.72257912159, 0.0634968578815, 0.00705551821738, 1.5353291019e-05, 6.36875308047e-09], "mean": [0.0165797974914, 0.185295715928, 1.2464672327, 4.63717508316, 8.2639913559, 9.82829475403, 11.6692295074, 12.2434091568, 18.7623767853, 19.7993278503, 29.0506362915, 34.0609970093, 57.8828620911, 51.0499916077, 37.1378364563, 43.1603164673, 30.157037735, 23.8749141693, 20.0102767944, 15.3069257736, 10.5717859268, 9.9733581543, 9.91578865051, 10.945933342, 11.7795333862, 9.23946762085, 6.15405893326, 4.19285535812, 4.02413034439, 4.55886030197, 5.22911071777, 3.04377698898, 1.76519989967, 1.6597584486, 0.610435545444, 0.215518191457, 0.0621478073299, 0.0169364158064, 0.000607920926996, 3.75970848836e-05], "var": [0.00129014288541, 0.14400626719, 3.72153115273, 57.7211608887, 158.68812561, 140.350524902, 205.87689209, 190.854690552, 912.551025391, 1657.4720459, 4201.57568359, 6136.11669922, 18914.1054688, 16543.125, 7082.23242188, 10891.9082031, 4428.19921875, 3044.21704102, 1822.3236084, 1372.0201416, 343.086364746, 374.596191406, 294.788024902, 422.209106445, 594.766235352, 340.099914551, 237.088928223, 122.762763977, 128.00894165, 231.182693481, 500.727203369, 170.297195435, 69.4553985596, 52.1311759949, 3.41209721565, 0.681558668613, 0.0451204814017, 0.00341698806733, 5.8283958424e-06, 3.66080232794e-09], "dmean2": [0.0172018986195, 0.188107073307, 0.942090809345, 4.71208047867, 8.34925460815, 7.42222976685, 6.79589176178, 7.86374330521, 13.2819252014, 16.8730545044, 26.5042572021, 27.6095581055, 41.6020507813, 42.3828926086, 33.2756118774, 37.6336479187, 24.6476917267, 19.9703350067, 17.9753837585, 13.4235439301, 8.63759326935, 7.5033082962, 7.7549495697, 8.19764137268, 9.05620384216, 7.66669559479, 5.55936384201, 4.02708959579, 3.89166355133, 4.66171693802, 6.50757741928, 3.26146841049, 1.68848359585, 2.06962394714, 0.599167943001, 0.230957642198, 0.0732739269733, 0.0245647504926, 0.00101866968907, 2.71086719295e-05], "dvar": [0.00130175845698, 0.140045151114, 1.55128252506, 45.1838340759, 130.316635132, 78.9534301758, 54.8237609863, 65.3165206909, 309.237792969, 759.053344727, 2445.28710938, 2983.58276367, 5543.68164063, 7121.43408203, 3514.03320313, 4071.46826172, 1484.71252441, 1155.22424316, 821.662597656, 656.920410156, 157.036209106, 144.095092773, 136.700286865, 169.73059082, 232.120437622, 193.553405762, 185.161651611, 106.714454651, 113.718482971, 177.091537476, 461.255828857, 101.319709778, 28.122587204, 41.1996841431, 1.83821475506, 0.359770417213, 0.0290337260813, 0.00309088733047, 6.31950842944e-06, 2.7609516895e-09], "min": [5.65971222568e-22, 8.24859821635e-21, 9.0023416695e-20, 1.48631496002e-19, 1.33772049328e-19, 1.01080734146e-19, 1.67949459103e-19, 1.50038517299e-19, 2.63351662968e-19, 1.86503047864e-18, 1.51905277826e-18, 1.56706595993e-18, 3.50476053307e-18, 2.68715453611e-18, 2.81396794146e-18, 2.89048028697e-18, 2.23110132668e-18, 4.08500581249e-18, 3.28482561591e-18, 4.53260854479e-18, 5.66506388472e-18, 6.41459663958e-18, 9.92223741555e-18, 1.08885473256e-17, 2.0545399558e-17, 1.16531856392e-17, 2.07025357503e-17, 2.19178079995e-17, 2.15196859707e-17, 2.02040932568e-17, 2.69288764222e-17, 1.9856253883e-17, 1.66755723742e-17, 1.32129033402e-17, 9.3995792096e-18, 5.26710108816e-18, 3.29979076075e-18, 1.38007774996e-18, 2.98656558692e-19, 2.71480418546e-20], "median": [0.00672758836299, 0.0923794806004, 0.589417874813, 2.22382926941, 4.43576431274, 6.11959648132, 7.45138168335, 8.12880325317, 9.48048400879, 7.83021116257, 9.45862007141, 8.06195449829, 9.93643760681, 9.52462291718, 9.51118946075, 10.472536087, 7.64720249176, 6.28422164917, 5.17257118225, 5.28560829163, 4.44196224213, 3.73451161385, 3.19503188133, 2.82254695892, 2.59740567207, 1.77100014687, 1.12064146996, 0.920905947685, 0.965736031532, 0.780956745148, 0.536067008972, 0.318426638842, 0.185482949018, 0.142301693559, 0.0815232619643, 0.022914044559, 0.00419394578785, 0.000703587953467, 2.93993271043e-05, 2.12501436181e-05], "max": [0.578853905201, 6.46553707123, 28.0933837891, 164.278549194, 212.274612427, 171.560394287, 260.492126465, 211.327148438, 541.695983887, 862.577514648, 1155.12121582, 1700.08435059, 1653.81884766, 3363.67041016, 2165.37158203, 1688.50073242, 1560.35119629, 1347.08911133, 703.491882324, 969.282287598, 363.649841309, 483.719573975, 484.691558838, 345.196777344, 655.502197266, 531.264770508, 312.886871338, 210.827850342, 246.084014893, 424.652954102, 512.319702148, 375.192718506, 268.026092529, 159.060928345, 40.8421974182, 36.6857376099, 7.09306573868, 0.99953597784, 0.0548806376755, 0.000944237050135]}, "silence_rate_30dB": {"dmean": 0.000973804679234, "dvar2": 0.00291791907512, "mean": 0.999415755272, "var": 0.000583882268984, "dmean2": 0.00194779899903, "dvar": 0.000972859968897, "min": 0, "median": 1, "max": 1}, "silence_rate_60dB": {"dmean": 0.0132437432185, "dvar2": 0.0298789292574, "mean": 0.0933787748218, "var": 0.0846666842699, "dmean2": 0.0264900662005, "dvar": 0.0130682913586, "min": 0, "median": 0, "max": 1}, "spectral_energyband_middle_low": {"d