{"tonal": {"hpcp": {"dvar": [0.0174912177026, 0.0195741131902, 0.0325913354754, 0.0597534626722, 0.0709839165211, 0.0711293444037, 0.0567802935839, 0.0544999539852, 0.0601518787444, 0.069892257452, 0.0582624413073, 0.0575346723199, 0.0630307942629, 0.0493774451315, 0.0241549517959, 0.0145945018157, 0.0137151423842, 0.0111902840436, 0.0148925967515, 0.0144617687911, 0.0103641757742, 0.0107786823064, 0.00981721747667, 0.010584441945, 0.0166223328561, 0.0186606943607, 0.010202688165, 0.014444436878, 0.0190738625824, 0.0273553133011, 0.0342893749475, 0.0294070076197, 0.0232154186815, 0.0164709109813, 0.0156699810177, 0.0174421556294], "var": [0.0243573170155, 0.0218321122229, 0.0313289090991, 0.0911519750953, 0.10495582968, 0.073319979012, 0.0564851053059, 0.0541941337287, 0.091647028923, 0.142807871103, 0.097635447979, 0.0587618425488, 0.0560808889568, 0.0382976606488, 0.0194572359324, 0.0155637497082, 0.0126845128834, 0.0103629622608, 0.0187611412257, 0.0172324012965, 0.0103360787034, 0.0116220749915, 0.013848926872, 0.0258844699711, 0.053470429033, 0.0378179252148, 0.0127676986158, 0.0162268783897, 0.0188962426037, 0.042464710772, 0.0787134543061, 0.0411287024617, 0.0189396124333, 0.0129912868142, 0.0128145739436, 0.0168962925673], "median": [0.0500139184296, 0.0541342720389, 0.0595716238022, 0.0776123404503, 0.0860979706049, 0.0758759751916, 0.0709570422769, 0.0932954922318, 0.267780959606, 0.466141521931, 0.297999441624, 0.0975894257426, 0.0666301771998, 0.0514974482358, 0.0425394624472, 0.0451444722712, 0.0415052771568, 0.0361643433571, 0.0323220044374, 0.025943454355, 0.0272105429322, 0.0347583517432, 0.0316358134151, 0.0349175781012, 0.0427971854806, 0.0323631726205, 0.0243447776884, 0.0256843436509, 0.0365069508553, 0.0797885805368, 0.12390217185, 0.0920782610774, 0.0327838920057, 0.0230847708881, 0.0251360312104, 0.0337142907083], "max": [1, 1, 1, 1, 1, 1, 1, 1, 1, 1, 1, 1, 1, 1, 1, 1, 1, 1, 1, 1, 1, 1, 1, 1, 1, 1, 1, 1, 1, 1, 1, 1, 1, 1, 1, 1], "dmean": [0.0806250423193, 0.0857597142458, 0.120613485575, 0.171622887254, 0.200768068433, 0.199961856008, 0.165535673499, 0.174084931612, 0.243689522147, 0.241192907095, 0.242906183004, 0.187963813543, 0.167518690228, 0.129703685641, 0.0837836191058, 0.067707054317, 0.0626371353865, 0.0576941892505, 0.0615188367665, 0.0557511858642, 0.0498307384551, 0.0530414544046, 0.0520021989942, 0.0586704388261, 0.0741844773293, 0.0767426267266, 0.0545767918229, 0.0620512031019, 0.0789864882827, 0.117205001414, 0.140046924353, 0.124345391989, 0.0799827575684, 0.0598016940057, 0.0616869851947, 0.0715043395758], "dmean2": [0.138582095504, 0.149267688394, 0.212014824152, 0.294931709766, 0.354678660631, 0.356404542923, 0.294205486774, 0.309382855892, 0.424277871847, 0.420550554991, 0.416888386011, 0.330756694078, 0.300412088633, 0.236410930753, 0.150763243437, 0.117342308164, 0.109981454909, 0.101791724563, 0.104294173419, 0.0940198153257, 0.0871461704373, 0.0925827771425, 0.09025169909, 0.0997757092118, 0.12357108295, 0.129805803299, 0.0951629728079, 0.10738106817, 0.138674139977, 0.203121423721, 0.23807823658, 0.216774389148, 0.143240854144, 0.106642618775, 0.109864763916, 0.126927539706], "mean": [0.102951183915, 0.105104163289, 0.129285931587, 0.223354816437, 0.253972500563, 0.200419276953, 0.167552888393, 0.184548065066, 0.360757857561, 0.528351247311, 0.38557600975, 0.19672729075, 0.161023452878, 0.123325265944, 0.088772945106, 0.0859082341194, 0.0768056437373, 0.0689627081156, 0.0749698653817, 0.0653825476766, 0.0561966300011, 0.0650344789028, 0.0659794732928, 0.0898652225733, 0.132341116667, 0.109213322401, 0.062523573637, 0.0668330267072, 0.0839458853006, 0.166020467877, 0.242169037461, 0.168405592442, 0.0778319612145, 0.0582340583205, 0.0604566223919, 0.077422618866], "dvar2": [0.0465482436121, 0.0530545674264, 0.0910261273384, 0.140991270542, 0.182590737939, 0.19579449296, 0.15225726366, 0.144574329257, 0.166034787893, 0.167387187481, 0.150900259614, 0.151997700334, 0.169590100646, 0.137872353196, 0.0685605183244, 0.0403241217136, 0.0378686822951, 0.0308735743165, 0.0350704528391, 0.0343118794262, 0.0285471230745, 0.0296402368695, 0.0256972778589, 0.027235083282, 0.0376735888422, 0.0468361414969, 0.0274899527431, 0.0373499207199, 0.0507304184139, 0.0764595642686, 0.0888550505042, 0.0829080343246, 0.0653595402837, 0.0458952896297, 0.044149838388, 0.048927642405], "min": [0, 0, 0, 0, 0, 0, 0, 0, 0, 0, 0, 0, 0, 0, 0, 0, 0, 0, 0, 0, 0, 0, 0, 0, 0, 0, 0, 0, 0, 0, 0, 0, 0, 0, 0, 0]}, "key_key": "F", "thpcp": [1, 0.729772090912, 0.372341871262, 0.30476590991, 0.233415305614, 0.168018803, 0.162596821785, 0.145368531346, 0.130524352193, 0.141893982887, 0.123748257756, 0.106362253428, 0.12308947742, 0.124878048897, 0.1700861305, 0.25047942996, 0.206705898046, 0.118337139487, 0.126493558288, 0.158882722259, 0.31422367692, 0.458348572254, 0.318737953901, 0.147311016917, 0.110218457878, 0.114425055683, 0.146536260843, 0.194853678346, 0.198928579688, 0.244696930051, 0.422739267349, 0.480688750744, 0.379329621792, 0.317124038935, 0.34929049015, 0.68279927969], "chords_key": "F", "tuning_equal_tempered_deviation": 0.0747463107109, "tuning_frequency": 437.971466064, "tuning_diatonic_strength": 0.578734457493, "chords_histogram": [2.17886996269, 0, 33.240436554, 1.52014183998, 1.6721560955, 0, 0, 34.8872566223, 1.77349889278, 12.5665063858, 1.36812770367, 2.28021287918, 0.709399521351, 0, 0.228021278977, 0, 0, 0, 0, 0.202685579658, 0, 1.31745624542, 6.05523204803, 0], "key_strength": 0.583044052124, "key_scale": "minor", "chords_strength": {"dvar": 6.33592208032e-05, "var": 0.00724388519302, "median": 0.452173054218, "max": 0.749315559864, "dmean": 0.00941210705787, "dmean2": 0.0099433241412, "mean": 0.458004564047, "dvar2": 7.60931361583e-05, "min": 0.247138261795}, "chords_number_rate": 0.00278692669235, "tuning_nontempered_energy_ratio": 0.773498296738, "hpcp_entropy": {"dvar": 0.345422267914, "var": 0.697735726833, "median": 2.2474770546, "max": 4.46870088577, "dmean": 0.727723956108, "dmean2": 1.21812212467, "mean": 2.25568127632, "dvar2": 0.944371759892, "min": 0}, "chords_changes_rate": 0.0691664591432, "chords_scale": "major"}, "rhythm": {"bpm_histogram_first_peak_spread": {"dvar": 0, "var": 0, "median": 0, "max": 0, "dmean": 0, "dmean2": 0, "mean": 0, "dvar2": 0, "min": 0}, "bpm_histogram_first_peak_weight": {"dvar": 0, "var": 0, "median": 0.537717580795, "max": 0.537717580795, "dmean": 0, "dmean2": 0, "mean": 0.537717580795, "dvar2": 0, "min": 0.537717580795}, "bpm_histogram_first_peak_bpm": {"dvar": 0, "var": 0, "median": 172, "max": 172, "dmean": 0, "dmean2": 0, "mean": 172, "dvar2": 0, "min": 172}, "bpm": 172.265533447, "bpm_histogram_second_peak_weight": {"dvar": 0, "var": 0, "median": 0.323017418385, "max": 0.323017418385, "dmean": 0, "dmean2": 0, "mean": 0.323017418385, "dvar2": 0, "min": 0.323017418385}, "beats_loudness": {"dvar": 5.36583829671e-05, "var": 8.56096958159e-05, "median": 0.0321385189891, "max": 0.061656601727, "dmean": 0.00799360591918, "dmean2": 0.013796037063, "mean": 0.0325162224472, "dvar2": 0.000158283859491, "min": 6.63256796543e-05}, "beats_loudness_band_ratio": {"dvar": [0.0194398239255, 0.0144095309079, 0.00486285425723, 0.00354847684503, 0.00645842961967, 0.00466758199036], "var": [0.0391571298242, 0.0164450034499, 0.00522715551779, 0.00446154363453, 0.00962328538299, 0.00719228945673], "median": [0.375111103058, 0.124952167273, 0.0537680312991, 0.0515014827251, 0.148784697056, 0.156655818224], "max": [0.986436903477, 0.75424605608, 0.537022233009, 0.435568660498, 0.593966543674, 0.739545762539], "dmean": [0.176374480128, 0.12117856741, 0.058954205364, 0.0512375198305, 0.0870551243424, 0.073015011847], "dmean2": [0.31161943078, 0.219109266996, 0.10478232801, 0.0905382782221, 0.14730194211, 0.126354470849], "mean": [0.392668187618, 0.167958453298, 0.0770202204585, 0.074543684721, 0.170228362083, 0.167339190841], "dvar2": [0.052843015641, 0.0426359884441, 0.0140071790665, 0.00941773690283, 0.0178198236972, 0.0137196630239], "min": [0.00318109686486, 0.0113713219762, 0.0011087115854, 0.00125853379723, 0.00250435294583, 0.00122218381148]}, "bpm_histogram_second_peak_bpm": {"dvar": 0, "var": 0, "median": 167, "max": 167, "dmean": 0, "dmean2": 0, "mean": 167, "dvar2": 0, "min": 167}, "onset_rate": 2.30815196037, "beats_count": 518, "beats_position": [0.290249437094, 0.615328788757, 0.940408170223, 1.26548755169, 1.60217678547, 1.93886613846, 2.27555561066, 2.61224484444, 2.94893407822, 3.28562355042, 3.62231278419, 3.94739222527, 4.27247142792, 4.60916090012, 4.94585037231, 5.28253936768, 5.61922883987, 5.9675283432, 6.31582736969, 6.66412687302, 7.01242637634, 7.36072540283, 7.69741487503, 8.04571437836, 8.39401340485, 8.74231243134, 9.0906124115, 9.42730140686, 9.76399040222, 10.1006803513, 10.4373693466, 10.774058342, 11.1223583221, 11.4590473175, 11.807346344, 12.1556463242, 12.5039453506, 12.8522443771, 13.1889343262, 13.5372333527, 13.8855323792, 14.2338323593, 14.5705213547, 14.9188203812, 15.2555103302, 15.6038093567, 15.9521083832, 16.3004074097, 16.6487064362, 16.99700737, 17.3453063965, 17.693605423, 18.0302944183, 18.3669834137, 18.7152824402, 19.0635814667, 19.4118824005, 19.760181427, 20.1084804535, 20.4451694489, 20.7818584442, 21.1301574707, 21.4784584045, 21.826757431, 22.1634464264, 22.5117454529, 22.8600444794, 23.2083435059, 23.5450344086, 23.8933334351, 24.2416324615, 24.589931488, 24.9382305145, 25.286529541, 25.6348285675, 25.9831295013, 26.3314285278, 26.6681175232, 27.0164165497, 27.3647155762, 27.7130146027, 28.0613155365, 28.409614563, 28.7579135895, 29.106212616, 29.4545116425, 29.8144207001, 30.1627197266, 30.5110206604, 30.8477096558, 31.1960086823, 31.5443077087, 31.8926067352, 32.2409057617, 32.6008148193, 32.9491157532, 33.2974128723, 33.6341018677, 33.9707946777, 34.3190917969, 34.6557807922, 35.0040817261, 35.3407707214, 35.6890678406, 36.0373687744, 36.3856697083, 36.7339668274, 37.0822677612, 37.4305648804, 37.7788658142, 38.1271629333, 38.4870758057, 38.8469848633, 39.1952819824, 39.55519104, 39.9034919739, 40.251789093, 40.6116981506, 40.9599990845, 41.3199081421, 41.6798171997, 42.0281181335, 42.3764152527, 42.7247161865, 43.0614051819, 43.4213142395, 43.7812232971, 44.129524231, 44.4662132263, 44.8145103455, 45.1628112793, 45.5111083984, 45.8594093323, 46.2077102661, 46.5560073853, 46.9043083191, 47.2642173767, 47.6125144958, 47.9608154297, 48.3091163635, 48.6574134827, 49.0057144165, 49.3656234741, 49.7139205933, 50.0622215271, 50.4105224609, 50.7588195801, 51.1071205139, 51.4554176331, 51.8037185669, 52.1636276245, 52.5235366821, 52.8834457397, 53.2317466736, 53.5684356689, 53.9167327881, 54.2650337219, 54.6133308411, 54.9616317749, 55.3099327087, 55.6582298279, 56.0065307617, 56.3664398193, 56.7147369385, 57.0630378723, 57.3997268677, 57.736415863, 58.0963249207, 58.4446258545, 58.7929229736, 59.1412239075, 59.4895210266, 59.8494338989, 60.2093429565, 60.5692520142, 60.9291610718, 61.2890701294, 61.648979187, 62.0088882446, 62.3687973022, 62.7170982361, 63.0770072937, 63.4253044128, 63.7852134705, 64.1451263428, 64.5050354004, 64.8533325195, 65.2016296387, 65.5499343872, 65.8982315063, 66.2465286255, 66.5948257446, 66.9547348022, 67.3146438599, 67.6629486084, 68.022857666, 68.3711547852, 68.7310638428, 69.0793609619, 69.4276657104, 69.7875747681, 70.1474838257, 70.5073928833, 70.8556900024, 71.2039871216, 71.5522918701, 71.9005889893, 72.2488861084, 72.5971832275, 72.9454879761, 73.2937850952, 73.6536941528, 74.0136032104, 74.3735122681, 74.7218093872, 75.0701141357, 75.4184112549, 75.7783203125, 76.1266174316, 76.4865264893, 76.8348312378, 77.1831283569, 77.5314254761, 77.8797302246, 78.2280273438, 78.5879364014, 78.947845459, 79.2961425781, 79.6444396973, 79.9927444458, 80.3410415649, 80.6893386841, 81.0376434326, 81.3975524902, 81.7458496094, 82.105758667, 82.4540557861, 82.8139648438, 83.1622695923, 83.4989547729, 83.835647583, 84.1723327637, 84.5090255737, 84.8457107544, 85.1940155029, 85.5423126221, 85.8906097412, 86.2273025513, 86.5755996704, 86.9238967896, 87.2722015381, 87.6204986572, 87.9804077148, 88.328704834, 88.6770019531, 89.0253067017, 89.3736038208, 89.7335128784, 90.0818099976, 90.4417190552, 90.8016281128, 91.1615371704, 91.5098419189, 91.8581390381, 92.2180480957, 92.5779571533, 92.9262542725, 93.274559021, 93.6228561401, 93.9711532593, 94.3194503784, 94.6793670654, 95.039276123, 95.3991851807, 95.7474822998, 96.0957794189, 96.4440765381, 96.8039855957, 97.1638946533, 97.5238113403, 97.8721084595, 98.2320175171, 98.5803146362, 98.9402236938, 99.288520813, 99.6484298706, 100.008346558, 100.356643677, 100.704940796, 101.064849854, 101.424758911, 101.784667969, 102.132965088, 102.492874146, 102.841178894, 103.201087952, 103.560997009, 103.909294128, 104.257591248, 104.617500305, 104.977409363, 105.33732605, 105.697235107, 106.057144165, 106.417053223, 106.765350342, 107.113647461, 107.46194458, 107.821853638, 108.170158386, 108.518455505, 108.878364563, 109.226661682, 109.58657074, 109.946479797, 110.306388855, 110.666305542, 111.0262146, 111.386123657, 111.746032715, 112.105941772, 112.46585083, 112.825759888, 113.185668945, 113.545578003, 113.905487061, 114.265396118, 114.625305176, 114.985214233, 115.345123291, 115.705032349, 116.064941406, 116.424850464, 116.773147583, 117.133056641, 117.481361389, 117.841270447, 118.189567566, 118.537864685, 118.897773743, 119.246078491, 119.605987549, 119.965896606, 120.325805664, 120.685714722, 121.045623779, 121.405532837, 121.765441895, 122.113739014, 122.473648071, 122.833557129, 123.181854248, 123.530158997, 123.878456116, 124.238365173, 124.598274231, 124.94657135, 125.306480408, 125.666389465, 126.026298523, 126.386207581, 126.734512329, 127.082809448, 127.442718506, 127.802627563, 128.150924683, 128.51083374, 128.870742798, 129.230651855, 129.590560913, 129.950469971, 130.310379028, 130.670288086, 131.030197144, 131.378494263, 131.726806641, 132.07510376, 132.423400879, 132.783309937, 133.143218994, 133.503128052, 133.863037109, 134.211334229, 134.571243286, 134.919540405, 135.279449463, 135.627746582, 135.98765564, 136.347564697, 136.695877075, 137.044174194, 137.392471313, 137.740768433, 138.10067749, 138.448974609, 138.808883667, 139.168792725, 139.528701782, 139.876998901, 140.225296021, 140.573608398, 140.933517456, 141.293426514, 141.641723633, 141.990020752, 142.338317871, 142.698226929, 143.046524048, 143.394821167, 143.754730225, 144.103042603, 144.46295166, 144.822860718, 145.171157837, 145.519454956, 145.867752075, 146.216049194, 146.575958252, 146.924255371, 147.284164429, 147.644073486, 148.003982544, 148.363891602, 148.712203979, 149.072113037, 149.420410156, 149.768707275, 150.117004395, 150.465301514, 150.813598633, 151.161895752, 151.51020813, 151.858505249, 152.206802368, 152.555099487, 152.915008545, 153.263305664, 153.611602783, 153.971511841, 154.31980896, 154.668121338, 155.016418457, 155.364715576, 155.713012695, 156.061309814, 156.409606934, 156.769515991, 157.11781311, 157.477722168, 157.826034546, 158.174331665, 158.534240723, 158.882537842, 159.230834961, 159.57913208, 159.927429199, 160.275741577, 160.635650635, 160.995559692, 161.35546875, 161.703765869, 162.052062988, 162.400360107, 162.748657227, 163.096954346, 163.456863403, 163.816772461, 164.16506958, 164.513381958, 164.861679077, 165.209976196, 165.558273315, 165.906570435, 166.254867554, 166.603164673, 166.951477051, 167.29977417, 167.648071289, 168.007980347, 168.367889404, 168.716186523, 169.064483643, 169.412780762, 169.772689819, 170.132598877, 170.480911255, 170.840820313, 171.20072937, 171.549026489, 171.897323608, 172.245620728, 172.593917847, 172.942214966, 173.302124023, 173.662033081, 174.056777954, 174.451522827, 174.846252441, 175.240997314, 175.635726929, 176.030471802, 176.425216675, 176.819946289, 177.214691162, 177.621032715, 178.027389526, 178.422134399, 178.816864014, 179.211608887, 179.606338501, 180.001083374, 180.395828247, 180.790557861, 181.185302734, 181.568435669, 181.963165283, 182.357910156, 182.752655029], "danceability": 1.10733819008, "bpm_histogram_second_peak_spread": {"dvar": 0, "var": 0, "median": 0, "max": 0, "dmean": 0, "dmean2": 0, "mean": 0, "dvar2": 0, "min": 0}}, "lowlevel": {"spectral_flux": {"dvar": 0.00028351158835, "var": 0.000870345334988, "median": 0.0904854089022, "max": 0.26230469346, "dmean": 0.0171230249107, "dmean2": 0.0274148508906, "mean": 0.0911954343319, "dvar2": 0.000711772532668, "min": 1.02495366361e-10}, "spectral_rolloff": {"dvar": 533686.5625, "var": 1804519, "median": 3143.84765625, "max": 18863.0859375, "dmean": 657.35925293, "dmean2": 1050.88842773, "mean": 2977.96411133, "dvar2": 1182400.875, "min": 21.533203125}, "barkbands_flatness_db": {"dvar": 0.000189183178009, "var": 0.00155403639656, "median": 0.076264038682, "max": 0.310574620962, "dmean": 0.0144509477541, "dmean2": 0.0225065145642, "mean": 0.0866282358766, "dvar2": 0.000443476339569, "min": 0.0210371538997}, "spectral_centroid": {"dvar": 74198.828125, "var": 323449.78125, "median": 2295.63696289, "max": 11342.3056641, "dmean": 280.757415771, "dmean2": 434.039367676, "mean": 2238.49926758, "dvar2": 159592, "min": 214.141677856}, "melbands_skewness": {"dvar": 0.406365096569, "var": 2.20602250099, "median": 2.22395634651, "max": 13.3334903717, "dmean": 0.676624298096, "dmean2": 1.05086493492, "mean": 2.4934015274, "dvar2": 1.00338685513, "min": -0.437652975321}, "melbands": {"dvar": [6.64393411398e-08, 1.74142462583e-06, 1.38482391776e-06, 7.47136027712e-07, 9.47194749301e-08, 1.80044921194e-08, 7.83347964273e-09, 2.41963480363e-08, 8.50086312454e-09, 1.36426345776e-08, 3.61111318625e-09, 3.17174797537e-09, 4.40735004048e-09, 6.81603928854e-09, 3.05650393884e-09, 2.54651788545e-09, 7.92951304618e-09, 5.87799453555e-09, 1.3451106895e-08, 9.13660436197e-09, 4.65634952818e-09, 1.06858288884e-09, 5.23574850142e-10, 2.0522404609e-10, 4.56376353375e-10, 4.14217882216e-10, 7.21031734319e-10, 6.67198685189e-10, 1.51788845382e-10, 7.3706846182e-11, 4.69303207407e-11, 7.02385441476e-11, 5.75087789889e-11, 2.2195110333e-11, 1.12076433204e-11, 1.65012430803e-11, 1.11339982373e-11, 9.62692685985e-12, 6.30587249084e-12, 1.61990549013e-12], "var": [8.05182125418e-08, 4.280862413e-06, 2.96027224067e-06, 8.46683747113e-07, 2.55155157447e-07, 3.80520432941e-08, 1.52250461127e-08, 5.09501063561e-08, 1.68349494345e-08, 7.07464309357e-08, 1.08683124722e-08, 8.81450290535e-09, 1.10011031396e-08, 1.87640356586e-08, 7.57371143578e-09, 5.19073539706e-09, 1.81891213202e-08, 1.68326099725e-08, 2.44798599169e-08, 1.62550577443e-08, 1.07039372921e-08, 1.73879277643e-09, 8.51378079147e-10, 3.87708309901e-10, 6.86720791343e-10, 6.03726291182e-10, 2.06997974317e-09, 1.82445791808e-09, 3.67211455687e-10, 1.74711203837e-10, 1.20260121306e-10, 1.75516712275e-10, 1.27329105593e-10, 5.00519105329e-11, 3.27816766788e-11, 4.71429076332e-11, 2.67765254414e-11, 1.63159399186e-11, 1.07503068947e-11, 2.93879005332e-12], "median": [0.000180900227861, 0.00183135515545, 0.00161885994021, 0.000542071298696, 0.000301436550217, 0.000125435195514, 8.24230664875e-05, 9.74033100647e-05, 5.94627745159e-05, 4.39444011135e-05, 3.03642591462e-05, 2.06842159969e-05, 2.9892909879e-05, 2.40388744714e-05, 2.48742217082e-05, 3.09840361297e-05, 4.55983717984e-05, 4.62305106339e-05, 5.94154444116e-05, 7.19750387361e-05, 5.98492006247e-05, 3.34223841492e-05, 2.64992104348e-05, 2.32184702327e-05, 2.62840585492e-05, 2.56500225078e-05, 3.55920528818e-05, 3.37946621585e-05, 2.18245604628e-05, 1.56467776833e-05, 8.97232348507e-06, 8.40821849124e-06, 8.82371932676e-06, 8.07876949693e-06, 7.25733070794e-06, 6.57223199596e-06, 5.52806932319e-06, 3.78665754397e-06, 1.96901169147e-06, 1.244203645e-06], "max": [0.00380784249865, 0.0140241356567, 0.0163524430245, 0.0151611212641, 0.00562316179276, 0.00261075375602, 0.00199054530822, 0.0031630678568, 0.00210368866101, 0.00367762055248, 0.00172242789995, 0.00202374230139, 0.00201915157959, 0.00288603710942, 0.00198366190307, 0.00108565285336, 0.00163590139709, 0.00166390277445, 0.0024357389193, 0.0019277788233, 0.00238686427474, 0.00126495573204, 0.000628418463748, 0.000284528679913, 0.000407478422858, 0.000394107424654, 0.000759641698096, 0.000797780172434, 0.000292045326205, 0.00016202556435, 0.000130514847115, 0.000135258451337, 0.000267409981461, 0.000169398786966, 8.31229262985e-05, 0.000102480349597, 8.0506571976e-05, 0.000116561051982, 6.80226730765e-05, 3.85233361158e-05], "dmean": [0.000159446033649, 0.00116679153871, 0.00101242016535, 0.000527287425939, 0.000243162401603, 0.000100669174572, 6.35599717498e-05, 0.000100194600236, 5.24654351466e-05, 5.52866149519e-05, 2.9996414014e-05, 2.43057256739e-05, 3.05040975945e-05, 2.80773074337e-05, 2.53579091805e-05, 2.92533495667e-05, 5.26772382727e-05, 4.28188686783e-05, 5.89608680457e-05, 6.01629035373e-05, 4.14189089497e-05, 2.01037346415e-05, 1.68012957147e-05, 1.23412091853e-05, 1.62455598911e-05, 1.43625902638e-05, 1.98478210223e-05, 1.87223940884e-05, 1.03336114989e-05, 7.35149615139e-06, 4.7855601224e-06, 5.18552269568e-06, 4.51546520708e-06, 3.32276431436e-06, 2.76803348243e-06, 2.75162960861e-06, 2.26045563068e-06, 1.63131585396e-06, 1.04180469407e-06, 6.26660892067e-07], "dmean2": [0.000273186655249, 0.00182208023034, 0.00161793350708, 0.000888153677806, 0.000376254087314, 0.000162422496942, 0.000102042919025, 0.000159217117471, 8.57164704939e-05, 8.5449006292e-05, 4.771741078e-05, 3.84484228562e-05, 4.84820775455e-05, 4.38067036157e-05, 3.96358700527e-05, 4.77108660561e-05, 8.4452520241e-05, 6.83665784891e-05, 9.39369128901e-05, 9.67512314674e-05, 6.70453882776e-05, 3.31751107296e-05, 2.81608845398e-05, 2.05714386539e-05, 2.74978847301e-05, 2.36437426793e-05, 3.22584201058e-05, 3.00835854432e-05, 1.69837057911e-05, 1.22344226838e-05, 7.65651020629e-06, 8.25001916382e-06, 7.26511734683e-06, 5.47808258489e-06, 4.62796515421e-06, 4.50420066045e-06, 3.67317625205e-06, 2.6194536531e-06, 1.6321628209e-06, 9.93394110083e-07], "mean": [0.000264837377472, 0.0023781049531, 0.00203654658981, 0.000822569010779, 0.000454644847196, 0.000180657109013, 0.00011817800987, 0.000168681173818, 9.33643314056e-05, 0.000124264654005, 5.7331923017e-05, 4.28523089795e-05, 5.45880793652e-05, 5.16816253366e-05, 4.81595088786e-05, 5.38356252946e-05, 9.38904631766e-05, 8.10431083664e-05, 0.00010544439283, 0.000109844710096, 8.30845092423e-05, 4.16416369262e-05, 3.35230870405e-05, 2.73988789559e-05, 3.26723056787e-05, 3.1203882827e-05, 4.62118332507e-05, 4.37540256826e-05, 2.55868962995e-05, 1.80744173122e-05, 1.1813576748e-05, 1.2214308299e-05, 1.14698723337e-05, 9.18094883673e-06, 8.00921952759e-06, 7.67598248785e-06, 6.38287519905e-06, 4.44550869361e-06, 2.58863065028e-06, 1.60825493367e-06], "dvar2": [1.88792100175e-07, 4.13885345552e-06, 3.46428601006e-06, 1.99698297365e-06, 2.16483684312e-07, 4.34282227957e-08, 1.92657960696e-08, 5.43157092636e-08, 2.11796233884e-08, 3.00929059449e-08, 8.22116152932e-09, 7.0111574324e-09, 9.22517440216e-09, 1.49224099744e-08, 6.39053698848e-09, 6.35680441619e-09, 1.93108071755e-08, 1.37211895179e-08, 3.079458466e-08, 2.06744665832e-08, 1.06640598574e-08, 2.44941400496e-09, 1.33812716463e-09, 5.30629484796e-10, 1.2188320353e-09, 1.0575329501e-09, 1.75154846183e-09, 1.46680079194e-09, 3.71183223047e-10, 1.84936746472e-10, 1.09936421078e-10, 1.65081101566e-10, 1.32000452235e-10, 5.55769111288e-11, 2.87211834177e-11, 4.02091450413e-11, 2.7058086674e-11, 2.35364748524e-11, 1.35994323441e-11, 3.60015771535e-12], "min": [3.18800917956e-24, 6.03583787096e-24, 1.31585824966e-23, 5.04057466533e-24, 1.59654024511e-23, 1.84481891113e-23, 1.21846650782e-23, 1.52407784894e-23, 1.10976928481e-23, 4.29052177234e-24, 1.00499593482e-23, 1.22218259489e-23, 1.49528095491e-23, 7.3751213452e-24, 7.06118862594e-24, 9.67388805542e-24, 7.47282965692e-24, 6.1704435738e-24, 1.46993879833e-23, 9.18815405278e-24, 9.42601454837e-24, 7.11309409578e-24, 7.8991119463e-24, 4.85686079342e-24, 1.04701847635e-23, 1.61271378693e-23, 7.96854117229e-24, 7.84374258823e-24, 1.35741725653e-23, 9.44103288228e-24, 6.67910936852e-24, 1.11983128454e-23, 9.51824816541e-24, 8.35483294694e-24, 9.43816616175e-24, 1.10388422468e-23, 5.52749945351e-24, 8.93058860065e-24, 1.14410216801e-23, 7.96405413146e-24]}, "spectral_decrease": {"dvar": 2.14468432052e-18, "var": 6.25515137265e-18, "median": -6.81953871151e-09, "max": 1.05400777327e-28, "dmean": 1.40216616096e-09, "dmean2": 2.20527152095e-09, "mean": -6.99950319927e-09, "dvar2": 5.28725244866e-18, "min": -2.07561594578e-08}, "barkbands_kurtosis": {"dvar": 6.96298742294, "var": 34.8120002747, "median": -0.891519427299, "max": 129.199081421, "dmean": 1.11674296856, "dmean2": 1.79573261738, "mean": 0.535690009594, "dvar2": 16.8551387787, "min": -1.85170531273}, "silence_rate_30dB": {"dvar": 0, "var": 0, "median": 1, "max": 1, "dmean": 0, "dmean2": 0, "mean": 1, "dvar2": 0, "min": 1}, "gfcc": {"mean": [60.4056816101, 50.0138435364, -120.433990479, 55.2510871887, -53.4434547424, 11.9035797119, -45.1988334656, 0.164408400655, -24.7601833344, -1.24043107033, -22.21916008, -11.4335546494, -15.8353862762], "cov": [[3595.43237305, -899.35357666, -3.39925909042, -213.878677368, -236.350219727, 222.670608521, -89.3489990234, 29.3663597107, -92.2024002075, 69.4599761963, -177.350769043, 91.7671813965, -99.5300064087], [-899.35357666, 719.990661621, -75.110534668, 125.532562256, 55.322429657, -112.734283447, 38.1478843689, 12.5649700165, 41.9579620361, -89.447013855, 61.8381996155, -53.015335083, 41.4211730957], [-3.39925909042, -75.110534668, 355.210205078, 125.390838623, 49.0191192627, 90.0461807251, 8.33390045166, 1.54812753201, -3.46455836296, 9.43290138245, -25.0553092957, 12.551076889, -22.9952468872], [-213.878677368, 125.532562256, 125.390838623, 184.718002319, 50.0692710876, 4.2714381218, 0.481433033943, -1.39481580257, 19.5249118805, -22.1197395325, 9.94991111755, -13.5271682739, 6.39784002304], [-236.350219727, 55.322429657, 49.0191192627, 50.0692710876, 157.892272949, 25.0857505798, 39.0624008179, -19.6592941284, 5.75865077972, 4.84861707687, -2.08250761032, -11.8878965378, 4.89404630661], [222.670608521, -112.734283447, 90.0461807251, 4.2714381218, 25.0857505798, 134.667053223, 33.8610877991, 9.59098529816, -20.8386287689, 14.1982936859, -24.2605247498, 16.542350769, -26.1778469086], [-89.3489990234, 38.1478843689, 8.33390045166, 0.481433033943, 39.0624008179, 33.8610877991, 91.7993850708, 20.740020752, 3.72024679184, -6.22307395935, -1.65646576881, -9.80215072632, -3.468105793], [29.3663597107, 12.5649700165, 1.54812753201, -1.39481580257, -19.6592941284, 9.59098529816, 20.740020752, 72.3806838989, 29.4217319489, -3.27745008469, -20.435634613, -9.99286651611, -9.43715858459], [-92.2024002075, 41.9579620361, -3.46455836296, 19.5249118805, 5.75865077972, -20.8386287689, 3.72024679184, 29.4217319489, 64.2674102783, 15.7609949112, -4.3200712204, -17.6164302826, 0.86489546299], [69.4599761963, -89.447013855, 9.43290138245, -22.1197395325, 4.84861707687, 14.1982936859, -6.22307395935, -3.27745008469, 15.7609949112, 64.7906112671, 16.2209529877, 6.71897554398, -12.7339420319], [-177.350769043, 61.8381996155, -25.0553092957, 9.94991111755, -2.08250761032, -24.2605247498, -1.65646576881, -20.435634613, -4.3200712204, 16.2209529877, 74.46043396, 18.1131305695, 5.85663890839], [91.7671813965, -53.015335083, 12.551076889, -13.5271682739, -11.8878965378, 16.542350769, -9.80215072632, -9.99286651611, -17.6164302826, 6.71897554398, 18.1131305695, 53.9959640503, 13.9633197784], [-99.5300064087, 41.4211730957, -22.9952468872, 6.39784002304, 4.89404630661, -26.1778469086, -3.468105793, -9.43715858459, 0.86489546299, -12.7339420319, 5.85663890839, 13.9633197784, 50.0638046265]], "icov": [[0.000547915289644, 0.000361061654985, 0.000381377263693, -0.000271081225947, 0.00063045648858, -0.000422475335654, 0.000134922651341, 9.19627127587e-05, 0.00032232052763, -0.000344006490195, 0.00133579445537, -0.000917893426958, 0.000751194835175], [0.000361061654985, 0.00330415600911, 0.000619240745436, -0.00113129336387, -0.000476874643937, 0.000463590287836, -0.000399331998779, -0.000688469968736, -0.00149672792759, 0.00439910730347, -0.00304619967937, 0.0018650626298, -0.000474396510981], [0.000381377263693, 0.000619240745436, 0.00558158848435, -0.00455222884193, 0.000212758503039, -0.00199717609212, -0.000113820955448, 0.000295249861665, 0.000819123641122, -0.00173747667577, 0.00328790489584, -0.0030190825928, 0.00237534404732], [-0.000271081225947, -0.00113129336387, -0.00455222884193, 0.011429708451, -0.00242696097121, -0.00126156408805, 0.00283472007141, 5.94923330937e-05, -0.00436624279246, 0.00557238748297, -0.00540897483006, 0.00395254744217, -0.00234617781825], [0.00063045648858, -0.000476874643937, 0.000212758503039, -0.00242696097121, 0.0103233326226, -0.0017062111292, -0.00432530045509, 0.00515046343207, -0.000447546830401, -0.00379303866066, 0.00423279311508, -0.000178423069883, -0.00057671777904], [-0.000422475335654, 0.000463590287836, -0.00199717609212, -0.00126156408805, -0.0017062111292, 0.0157799087465, -0.00592401716858, -0.00181176583283, 0.0052532358095, -0.00371041661128, 0.00473762629554, -0.00622142292559, 0.00583293661475], [0.000134922651341, -0.000399331998779, -0.000113820955448, 0.00283472007141, -0.00432530045509, -0.00592401716858, 0.0171575471759, -0.00608452176675, -1.00567222034e-05, 0.00351892528124, -0.00484375981614, 0.0047479509376, -0.00231146020815], [9.19627127587e-05, -0.000688469968736, 0.000295249861665, 5.94923330937e-05, 0.00515046343207, -0.00181176583283, -0.00608452176675, 0.0242994576693, -0.0123848356307, 0.00230095279403, 0.00621637981385, -0.00340928183869, 0.00461151404306], [0.00032232052763, -0.00149672792759, 0.000819123641122, -0.00436624279246, -0.000447546830401, 0.0052532358095, -1.00567222034e-05, -0.0123848356307, 0.0310556758195, -0.01571450755, 0.0057463129051, 0.00361842708662, -0.00294630881399], [-0.000344006490195, 0.00439910730347, -0.00173747667577, 0.00557238748297, -0.00379303866066, -0.00371041661128, 0.00351892528124, 0.00230095279403, -0.01571450755, 0.0335836783051, -0.0156597997993, 0.00323701440357, 0.00301713589579], [0.00133579445537, -0.00304619967937, 0.00328790489584, -0.00540897483006, 0.00423279311508, 0.00473762629554, -0.00484375981614, 0.00621637981385, 0.0057463129051, -0.0156597997993, 0.0313487909734, -0.0161391198635, 0.00702880276367], [-0.000917893426958, 0.0018650626298, -0.0030190825928, 0.00395254744217, -0.000178423069883, -0.00622142292559, 0.0047479509376, -0.00340928183869, 0.00361842708662, 0.00323701440357, -0.0161391198635, 0.0360883697867, -0.0162257570773], [0.000751194835175, -0.000474396510981, 0.00237534404732, -0.00234617781825, -0.00057671777904, 0.00583293661475, -0.00231146020815, 0.00461151404306, -0.00294630881399, 0.00301713589579, 0.00702880276367, -0.0162257570773, 0.0315884202719]]}, "silence_rate_20dB": {"dvar": 0, "var": 0, "median": 1, "max": 1, "dmean": 0, "dmean2": 0, "mean": 1, "dvar2": 0, "min": 1}, "barkbands_skewness": {"dvar": 0.162281170487, "var": 0.997554957867, "median": 0.677857816219, "max": 9.64275455475, "dmean": 0.434542268515, "dmean2": 0.671690642834, "mean": 0.844510734081, "dvar2": 0.391455322504, "min": -1.88276433945}, "erbbands_skewness": {"dvar": 0.038401812315, "var": 0.178965181112, "median": -0.586958706379, "max": 2.37287688255, "dmean": 0.229682043195, "dmean2": 0.360254198313, "mean": -0.545247972012, "dvar2": 0.092627197504, "min": -1.94819247723}, "spectral_contrast_valleys": {"dvar": [0.143838986754, 0.0985065326095, 0.0771438851953, 0.0682423785329, 0.0530649870634, 0.0530414059758], "var": [0.458705931902, 0.491338819265, 0.486995577812, 0.431486070156, 0.371995449066, 0.698286235332], "median": [-7.08925533295, -6.53713417053, -7.09506320953, -6.88663816452, -6.34465837479, -8.79725170135], "max": [-5.64353275299, -5.2121629715, -5.72987318039, -5.59822177887, -5.35083246231, -7.53155136108], "dmean": [0.404194533825, 0.329890370369, 0.273636013269, 0.23509542644, 0.170187294483, 0.155598238111], "dmean2": [0.682093679905, 0.553311407566, 0.451525896788, 0.380671948195, 0.26822245121, 0.230046257377], "mean": [-7.20756673813, -6.64239645004, -7.20319795609, -6.98225545883, -6.44349241257, -8.99305343628], "dvar2": [0.323921114206, 0.204530715942, 0.145029678941, 0.116868719459, 0.0748390480876, 0.0822205096483], "min": [-27.1665630341, -26.9832630157, -26.9970378876, -27.3926868439, -27.369852066, -27.2179946899]}, "spectral_strongpeak": {"dvar": 1.58603155613, "var": 1.79248344898, "median": 0.55851829052, "max": 15.2522592545, "dmean": 0.588508725166, "dmean2": 1.02829706669, "mean": 0.925574481487, "dvar2": 4.17092990875, "min": 0}, "erbbands_crest": {"dvar": 3.63460755348, "var": 9.60887622833, "median": 6.0658621788, "max": 28.6406269073, "dmean": 1.95533704758, "dmean2": 3.21662092209, "mean": 6.89905071259, "dvar2": 9.13069343567, "min": 2.4070391655}, "barkbands_crest": {"dvar": 4.75929355621, "var": 12.6979732513, "median": 8.12639713287, "max": 24.5840377808, "dmean": 2.4585340023, "dmean2": 3.91321659088, "mean": 8.7435092926, "dvar2": 12.0313186646, "min": 2.28003644943}, "spectral_energyband_middle_low": {"dvar": 1.72782019945e-05, "var": 3.12545998895e-05, "median": 0.00879799202085, "max": 0.0708584114909, "dmean": 0.00341780413873, "dmean2": 0.00549970241264, "mean": 0.00980244390666, "dvar2": 4.49053113698e-05, "min": 3.6245242965e-22}, "spectral_contrast_coeffs": {"dvar": [0.00189836474601, 0.00124014960602, 0.000770860759076, 0.000657075899653, 0.000265525013674, 0.000135824739118], "var": [0.00472450396046, 0.00350869330578, 0.00299980235286, 0.00234550377354, 0.000834768230561, 0.000516073196195], "median": [-0.576056361198, -0.773818194866, -0.803377151489, -0.765879154205, -0.789902150631, -0.743377029896], "max": [-0.266333341599, -0.488050848246, -0.539979636669, -0.524078607559, -0.596279263496, -0.628672301769], "dmean": [0.0538508407772, 0.0455280616879, 0.034936927259, 0.0317698344588, 0.0204437933862, 0.0146592417732], "dmean2": [0.089831367135, 0.076137393713, 0.0576233789325, 0.0526960231364, 0.0341883040965, 0.024401281029], "mean": [-0.577698886395, -0.766669154167, -0.794696629047, -0.75908523798, -0.787640273571, -0.743330180645], "dvar2": [0.00529010454193, 0.00337137072347, 0.00200972706079, 0.00172914855648, 0.000737158989068, 0.000355955009582], "min": [-0.960994958878, -0.970748484135, -0.965128779411, -0.963807225227, -0.961181759834, -0.961641788483]}, "hfc": {"dvar": 59.1698112488, "var": 347.881530762, "median": 39.254322052, "max": 157.08543396, "dmean": 6.67063617706, "dmean2": 9.76145458221, "mean": 41.5419273376, "dvar2": 120.799713135, "min": 1.20206733649e-16}, "spectral_energyband_high": {"dvar": 9.57525116974e-07, "var": 4.0592994992e-06, "median": 0.00285037141293, "max": 0.0204485747963, "dmean": 0.000753369997256, "dmean2": 0.0011383483652, "mean": 0.00316090765409, "dvar2": 2.00406816475e-06, "min": 7.77908355364e-21}, "erbbands_spread": {"dvar": 55.6189727783, "var": 252.040374756, "median": 43.6452903748, "max": 110.000335693, "dmean": 8.20948219299, "dmean2": 12.887377739, "mean": 45.8566703796, "dvar2": 136.010955811, "min": 9.451587677}, "dissonance": {"dvar": 4.50358602393e-05, "var": 7.22773838788e-05, "median": 0.489347428083, "max": 0.499932527542, "dmean": 0.00666505098343, "dmean2": 0.0113439755514, "mean": 0.487604439259, "dvar2": 0.000119504788017, "min": 0.274098992348}, "spectral_kurtosis": {"dvar": 0.543486058712, "var": 1.1196064949, "median": 2.28034591675, "max": 16.7316646576, "dmean": 0.588963389397, "dmean2": 1.0094037056, "mean": 2.41828227043, "dvar2": 1.62404048443, "min": -1.1566028595}, "spectral_skewness": {"dvar": 0.00974975712597, "var": 0.0242159441113, "median": 1.04540872574, "max": 3.1063117981, "dmean": 0.0971545875072, "dmean2": 0.163698732853, "mean": 1.0452221632, "dvar2": 0.0265164356679, "min": -0.050059068948}, "pitch_salience": {"dvar": 0.0039460840635, "var": 0.00982526876032, "median": 0.575179696083, "max": 0.836658239365, "dmean": 0.0709276795387, "dmean2": 0.112603574991, "mean": 0.566939532757, "dvar2": 0.0100305974483, "min": 0.139372929931}, "spectral_complexity": {"dvar": 13.8131370544, "var": 89.2260818481, "median": 38, "max": 60, "dmean": 4.36011171341, "dmean2": 6.85717916489, "mean": 36.9352607727, "dvar2": 31.7113857269, "min": 0}, "spectral_spread": {"dvar": 214946217984, "var": 771835494400, "median": 4912076.5, "max": 40313088, "dmean": 313605.59375, "dmean2": 490604.625, "mean": 4843456, "dvar2": 304148217856, "min": 1953993.25}, "dynamic_complexity": 1.13871777058, "melbands_crest": {"dvar": 6.28551006317, "var": 19.4354820251, "median": 13.2876415253, "max": 29.6676845551, "dmean": 2.92494654655, "dmean2": 4.68399047852, "mean": 13.5871772766, "dvar2": 15.8535137177, "min": 1.90027606487}, "zerocrossingrate": {"dvar": 0.000114209091407, "var": 0.000827746058349, "median": 0.09619140625, "max": 0.5078125, "dmean": 0.0101679684594, "dmean2": 0.0124845551327, "mean": 0.0949531644583, "dvar2": 0.000150169915287, "min": 0}, "spectral_energyband_low": {"dvar": 3.51212584064e-05, "var": 8.67082635523e-05, "median": 0.00881604105234, "max": 0.0655272454023, "dmean": 0.00515459990129, "dmean2": 0.00806935317814, "mean": 0.0110224056989, "dvar2": 8.54381214594e-05, "min": 5.89166825516e-23}, "melbands_kurtosis": {"dvar": 59.2757263184, "var": 305.459716797, "median": 4.39755868912, "max": 336.456512451, "dmean": 4.75280714035, "dmean2": 7.50700283051, "mean": 9.16798400879, "dvar2": 143.861618042, "min": -1.61862969398}, "spectral_energyband_middle_high": {"dvar": 3.51354287886e-06, "var": 2.03173876798e-05, "median": 0.0074359588325, "max": 0.0329536385834, "dmean": 0.0018478956772, "dmean2": 0.00282475235872, "mean": 0.00827469490469, "dvar2": 7.76096931077e-06, "min": 1.40757998748e-21}, "barkbands_spread": {"dvar": 33.0391998291, "var": 149.916992188, "median": 42.876625061, "max": 108.319580078, "dmean": 6.06068754196, "dmean2": 9.67376995087, "mean": 41.3689537048, "dvar2": 78.9442138672, "min": 1.26221728325}, "mfcc": {"mean": [-576.437988281, 72.5437316895, -2.64766788483, 36.5771369934, 12.8072414398, 11.1896457672, -4.47713565826, -2.79047751427, -3.36436295509, 7.84177923203, -9.72081184387, -3.50734996796, -3.83718252182], "cov": [[3060.82885742, -608.223205566, 5.35406732559, -354.632568359, -161.378799438, 21.9698429108, -62.3835792542, 3.42297387123, 39.318031311, -47.1241607666, -49.9231719971, -13.8100795746, 33.7876739502], [-608.223205566, 458.27911377, -80.3290481567, 120.179008484, 19.5315761566, -43.3965682983, 12.5737342834, 29.5119628906, -11.077911377, 11.147895813, 11.9180450439, -2.89879608154, -29.7054328918], [5.35406732559, -80.3290481567, 316.115356445, 51.9693527222, 52.8641433716, 54.0051460266, 15.1042995453, 33.1765060425, 11.4185094833, -0.35839509964, 3.13820505142, 10.485329628, 0.360289931297], [-354.632568359, 120.179008484, 51.9693527222, 186.089889526, 64.0572967529, 1.70542550087, -4.10449743271, 10.9092693329, -0.0487428605556, 14.8062601089, 1.1741694212, 0.322538375854, -13.0750656128], [-161.378799438, 19.5315761566, 52.8641433716, 64.0572967529, 104.693572998, 45.0579071045, 10.3000955582, 3.5721449852, 11.1455888748, 0.300675839186, 2.97848272324, -0.771971166134, 2.78155636787], [21.9698429108, -43.3965682983, 54.0051460266, 1.70542550087, 45.0579071045, 113.048171997, 53.7732620239, 8.64793682098, 9.96431159973, -11.598742485, 7.66898727417, 1.33138120174, 11.4240922928], [-62.3835792542, 12.5737342834, 15.1042995453, -4.10449743271, 10.3000955582, 53.7732620239, 87.2937698364, 27.9604473114, 1.41635751724, -8.26924037933, 6.74197101593, 3.0368335247, 6.00934839249], [3.42297387123, 29.5119628906, 33.1765060425, 10.9092693329, 3.5721449852, 8.64793682098, 27.9604473114, 71.9926376343, 28.2025108337, 1.18456494808, 3.3129