{"tonal": {"chords_key": "E", "hpcp_entropy": {"dmean": 0.672733902931, "dmean2": 1.11445474625, "max": 4.253241539, "dvar": 0.318819284439, "mean": 2.20193743706, "dvar2": 0.825487434864, "min": 0, "var": 0.609408855438, "median": 2.25082063675}, "key_key": "A", "chords_strength": {"dmean": 0.00855779554695, "dmean2": 0.00892538204789, "max": 0.703844130039, "dvar": 5.20025496371e-05, "mean": 0.556755900383, "dvar2": 6.3772618887e-05, "min": 0.325506061316, "var": 0.00593924243003, "median": 0.563610851765}, "key_scale": "major", "chords_number_rate": 0.00282485876232, "thpcp": [1, 0.717039585114, 0.290143042803, 0.117329232395, 0.113687627017, 0.174066707492, 0.230129614472, 0.214579373598, 0.27552229166, 0.34810590744, 0.342095017433, 0.323887586594, 0.30638551712, 0.301796972752, 0.299778938293, 0.258065551519, 0.238006696105, 0.25230962038, 0.214057698846, 0.269153594971, 0.591155230999, 0.686568558216, 0.36632925272, 0.176451832056, 0.167214184999, 0.245789721608, 0.433443456888, 0.504490017891, 0.422266691923, 0.48432174325, 0.554776072502, 0.369417250156, 0.203308552504, 0.21953523159, 0.348238021135, 0.733627319336], "key_strength": 0.639500439167, "tuning_nontempered_energy_ratio": 0.967538356781, "tuning_frequency": 434.193115234, "chords_changes_rate": 0.0613397918642, "tuning_diatonic_strength": 0.567934632301, "chords_scale": "major", "chords_histogram": [5.08474588394, 23.2041969299, 31.7594833374, 0, 0, 0, 0, 0, 0, 0, 0, 0, 0, 0, 0, 1.89669084549, 0, 1.00887811184, 0, 19.5722351074, 17.4737682343, 0, 0, 0], "tuning_equal_tempered_deviation": 0.344970941544, "hpcp": {"dmean": [0.145404338837, 0.133448049426, 0.104837663472, 0.10258859396, 0.110222838819, 0.100013419986, 0.116312935948, 0.166007146239, 0.179161086679, 0.135520085692, 0.0942783430219, 0.0878562480211, 0.108001030982, 0.143320798874, 0.158329829574, 0.16680559516, 0.173757240176, 0.187808379531, 0.152203261852, 0.10105253011, 0.114840269089, 0.169169664383, 0.196395948529, 0.220850259066, 0.261621683836, 0.13386631012, 0.0558312237263, 0.0596928931773, 0.0718828737736, 0.0866207256913, 0.0952525287867, 0.111285015941, 0.123128078878, 0.137262061238, 0.133813977242, 0.133618459105], "dmean2": [0.249539449811, 0.224616453052, 0.17878818512, 0.177169188857, 0.18933750689, 0.173819407821, 0.200547352433, 0.278740316629, 0.301195025444, 0.235238239169, 0.168424814939, 0.158068403602, 0.187961652875, 0.249250128865, 0.26857432723, 0.289110839367, 0.296558618546, 0.323224008083, 0.263438016176, 0.17878870666, 0.203855454922, 0.292732656002, 0.329596787691, 0.374224901199, 0.452480822802, 0.235917389393, 0.0981435850263, 0.105403363705, 0.123302392662, 0.147227525711, 0.166207358241, 0.194040670991, 0.208819538355, 0.23695987463, 0.231285348535, 0.23278850317], "max": [1, 1, 1, 1, 1, 1, 1, 1, 1, 1, 1, 1, 1, 1, 1, 1, 1, 1, 1, 1, 1, 1, 1, 1, 1, 1, 1, 1, 1, 1, 1, 1, 1, 1, 1, 1], "dvar": [0.0373468659818, 0.0325795151293, 0.0227067358792, 0.0227482300252, 0.0251335203648, 0.0243935529143, 0.026862571016, 0.0379208102822, 0.0420782156289, 0.0343614369631, 0.0305533651263, 0.0301989335567, 0.0326991789043, 0.0464978516102, 0.048337880522, 0.049713190645, 0.0473885908723, 0.0580384321511, 0.0421179309487, 0.0308348499238, 0.0353093743324, 0.0479598268867, 0.0447901263833, 0.0518484674394, 0.064383469522, 0.0232309512794, 0.0142538677901, 0.0154326325282, 0.0137763377279, 0.0178482085466, 0.0234753396362, 0.0301907490939, 0.0314942225814, 0.03483036533, 0.0356924310327, 0.0328192971647], "mean": [0.143057212234, 0.14210061729, 0.12232773006, 0.112819470465, 0.119599312544, 0.101467207074, 0.127583652735, 0.280218243599, 0.325445890427, 0.17364667356, 0.0836413502693, 0.0792625397444, 0.116508759558, 0.205460011959, 0.239137366414, 0.200162023306, 0.229577243328, 0.262973874807, 0.175110444427, 0.0963719189167, 0.104063659906, 0.165071099997, 0.347752571106, 0.474018037319, 0.339889705181, 0.137533038855, 0.0556161738932, 0.0538899861276, 0.0825107619166, 0.109085589647, 0.101714491844, 0.130602538586, 0.165008485317, 0.162159204483, 0.153528556228, 0.145232260227], "dvar2": [0.0979903191328, 0.082633972168, 0.0590509027243, 0.0617625787854, 0.0667168870568, 0.0646625161171, 0.0718409642577, 0.0949424356222, 0.104580618441, 0.0925314202905, 0.0815370306373, 0.0831305757165, 0.0883034840226, 0.122155211866, 0.124417044222, 0.132562547922, 0.122784182429, 0.14328417182, 0.112230047584, 0.086258918047, 0.096059076488, 0.127068057656, 0.115805789828, 0.117954589427, 0.166510075331, 0.0606824234128, 0.0387673340738, 0.0423041470349, 0.036522872746, 0.0470653735101, 0.0664911866188, 0.0854588150978, 0.081496797502, 0.0954607799649, 0.096512556076, 0.0857105255127], "min": [0, 0, 0, 0, 0, 0, 0, 0, 0, 0, 0, 0, 0, 0, 0, 0, 0, 0, 0, 0, 0, 0, 0, 0, 0, 0, 0, 0, 0, 0, 0, 0, 0, 0, 0, 0], "var": [0.0374385491014, 0.0379302538931, 0.0277041271329, 0.0238721854985, 0.0275023505092, 0.0257287360728, 0.0309620108455, 0.0836886167526, 0.0954853892326, 0.0409042090178, 0.0256231110543, 0.0241033192724, 0.0344167426229, 0.0883510783315, 0.0995093584061, 0.0678363069892, 0.0734524354339, 0.100380569696, 0.0539759658277, 0.0264037586749, 0.0314020104706, 0.0511920712888, 0.105475977063, 0.133344709873, 0.0908529087901, 0.0271063577384, 0.0119975144044, 0.0124432975426, 0.0156130166724, 0.0238788519055, 0.0235539916903, 0.0403352789581, 0.0552152134478, 0.0422739870846, 0.0421883910894, 0.0373235046864], "median": [0.068714350462, 0.0678164660931, 0.0625791400671, 0.056922249496, 0.0592251494527, 0.0449037775397, 0.05982337147, 0.159815609455, 0.209781989455, 0.100500248373, 0.0268137846142, 0.0263121817261, 0.0433105304837, 0.0622317567468, 0.080832824111, 0.0843252688646, 0.113136857748, 0.118096143007, 0.0717919915915, 0.0387071631849, 0.0362284034491, 0.0679566413164, 0.230011940002, 0.397190511227, 0.248921170831, 0.073190882802, 0.0244303271174, 0.0208166129887, 0.0373279452324, 0.0520227476954, 0.0455248728395, 0.0403896532953, 0.0611620731652, 0.085580021143, 0.0783530473709, 0.0690470337868]}}, "lowlevel": {"melbands_flatness_db": {"dmean": 0.0243967231363, "dmean2": 0.0340246520936, "max": 0.559002578259, "dvar": 0.000478279427625, "mean": 0.174594700336, "dvar2": 0.000907984504011, "min": 0.00601398013532, "var": 0.00579996081069, "median": 0.161336690187}, "melbands_crest": {"dmean": 3.51621580124, "dmean2": 5.63550615311, "max": 38.7788772583, "dvar": 10.3255338669, "mean": 13.5975627899, "dvar2": 25.3613052368, "min": 1.93232393265, "var": 40.656578064, "median": 11.8864479065}, "spectral_entropy": {"dmean": 0.142401054502, "dmean2": 0.185379952192, "max": 9.78856658936, "dvar": 0.0192836262286, "mean": 7.60808801651, "dvar2": 0.0316893570125, "min": 4.53109693527, "var": 0.251018166542, "median": 7.69728469849}, "melbands": {"dmean": [0.000486720819026, 0.000178582660737, 0.000490076956339, 0.000372084759874, 0.000649509660434, 0.000283719389699, 0.000215542677324, 0.000158412367455, 0.000107044623292, 5.7839184592e-05, 1.7795320673e-05, 1.62983033078e-05, 2.57832452917e-05, 2.25594922085e-05, 7.85338997957e-05, 9.10314411158e-05, 3.36156736012e-05, 5.48353818886e-05, 3.54852090823e-05, 1.16552964755e-05, 1.29022209876e-05, 8.48231866257e-06, 5.82549864703e-06, 5.47708850718e-06, 8.43738143885e-06, 9.76963019639e-06, 1.1126492609e-05, 1.04647206172e-05, 8.40970824356e-06, 7.91419734014e-06, 1.0728941561e-05, 9.99097392196e-06, 7.43599821362e-06, 4.31485341323e-06, 4.09236099586e-06, 3.7603963392e-06, 1.87186901712e-06, 1.43258864682e-06, 1.54337749336e-06, 8.25276913474e-07], "dmean2": [0.000806575990282, 0.000302236381685, 0.000785595504567, 0.000601570412982, 0.00100830255542, 0.00044432975119, 0.000343368505128, 0.000239323722781, 0.00016416098515, 8.68119605002e-05, 2.83268163912e-05, 2.62551602646e-05, 4.06643521274e-05, 3.39826146956e-05, 0.00011812413868, 0.000145278841956, 5.02770526509e-05, 7.66553930589e-05, 5.03724622831e-05, 1.75954301085e-05, 1.87145942618e-05, 1.29541913338e-05, 9.13099484023e-06, 8.50999640534e-06, 1.19198630273e-05, 1.40634465424e-05, 1.66201607499e-05, 1.54296049004e-05, 1.22913525047e-05, 1.14089034469e-05, 1.55090674525e-05, 1.40939710036e-05, 1.05359140434e-05, 5.98111000727e-06, 5.73431316298e-06, 5.11958342031e-06, 2.44887723966e-06, 1.87067030311e-06, 2.03654917641e-06, 1.07390656012e-06], "max": [0.00665267091244, 0.0032700325828, 0.015465782024, 0.0123219508678, 0.0160586480051, 0.012148629874, 0.00842591375113, 0.0106644714251, 0.00683923484758, 0.00592228677124, 0.00359048647806, 0.00390512589365, 0.00259570148773, 0.00265603908338, 0.00406788894907, 0.0021598932799, 0.00156964559574, 0.00140793819446, 0.00103200494777, 0.000249514123425, 0.0004704251769, 0.000489693135023, 0.000257954379776, 0.000217837223317, 0.000619769270997, 0.000670064822771, 0.000821975641884, 0.000489341386128, 0.000318103295285, 0.000459824805148, 0.000737347931135, 0.000693356210832, 0.000457289279439, 0.000301095074974, 0.000315294339089, 0.000359429133823, 0.000173830077983, 0.000108798769361, 0.000144120174809, 9.27826913539e-05], "dvar": [4.45259189519e-07, 7.48849657839e-08, 6.41705014459e-07, 6.26123323855e-07, 1.23338645608e-06, 2.43311745862e-07, 2.0233972009e-07, 1.70473597905e-07, 1.13754552444e-07, 3.53473872394e-08, 4.74568073727e-09, 4.326126124e-09, 6.02443339659e-09, 6.63045307547e-09, 2.08276507152e-08, 2.33210641909e-08, 3.3762554974e-09, 8.11027067726e-09, 3.36272787393e-09, 2.96290048052e-10, 5.37575706172e-10, 2.21558132951e-10, 1.07221974355e-10, 8.60949506132e-11, 3.67692321035e-10, 5.08289188517e-10, 7.00133340192e-10, 2.98378738384e-10, 2.16026335709e-10, 3.56466633988e-10, 7.81700593144e-10, 6.96706747849e-10, 5.26882426577e-10, 1.89931195771e-10, 2.36050817781e-10, 2.31466679157e-10, 5.89004192642e-11, 3.21297190242e-11, 3.766601267e-11, 1.23491807058e-11], "mean": [0.000552439072635, 0.000272818666417, 0.000911562994588, 0.000600098865107, 0.0010774708353, 0.000495490909088, 0.000341080594808, 0.000271705823252, 0.000162364536664, 9.16476128623e-05, 2.83934678009e-05, 2.58950531133e-05, 3.92877700506e-05, 3.73184266209e-05, 0.000120237200463, 0.000115634553367, 5.1920349506e-05, 7.70007973188e-05, 5.18016349815e-05, 2.10764846997e-05, 2.51994806604e-05, 1.79329017556e-05, 1.12304314825e-05, 1.0321920854e-05, 1.86230590771e-05, 2.19066951104e-05, 2.28231001529e-05, 1.91179515241e-05, 1.67427697306e-05, 1.44875348269e-05, 2.01454931812e-05, 1.81723007699e-05, 1.33430194182e-05, 7.76034175942e-06, 6.88760383127e-06, 6.0692345869e-06, 3.07785330733e-06, 2.49873414759e-06, 2.59949320025e-06, 1.41973407608e-06], "dvar2": [1.1041563539e-06, 2.10183117133e-07, 1.52080929183e-06, 1.55424663717e-06, 2.90421803584e-06, 5.73663953674e-07, 4.69908854939e-07, 3.91869235727e-07, 2.64659291815e-07, 6.73891875635e-08, 1.20873338005e-08, 1.12005542618e-08, 1.53228487676e-08, 1.41373499574e-08, 4.53494806152e-08, 5.76470071678e-08, 7.91075027706e-09, 1.63135744913e-08, 7.09916836428e-09, 6.89073020865e-10, 1.12842080124e-09, 5.15805453905e-10, 2.56768439844e-10, 2.21952914381e-10, 7.14728776163e-10, 1.03924768791e-09, 1.59930069188e-09, 6.52468745699e-10, 4.66023442058e-10, 7.4501543823e-10, 1.80579728948e-09, 1.27696608843e-09, 9.32377952623e-10, 3.40122374709e-10, 4.49173698236e-10, 4.22322871119e-10, 9.99242008581e-11, 5.50887738204e-11, 6.51937392959e-11, 2.00146808849e-11], "min": [4.08437624616e-24, 1.77319002539e-23, 4.89020791603e-24, 6.38331058932e-24, 2.37088181038e-24, 8.21834817743e-24, 3.68887885917e-24, 5.47940260412e-24, 1.6359440051e-23, 1.4775113897e-23, 1.01349496444e-23, 2.52849937469e-24, 3.39501515577e-24, 4.80967902268e-24, 9.14072615744e-24, 1.24734071022e-23, 7.7961711202e-24, 8.03866775132e-24, 8.4052671912e-24, 8.06061622829e-24, 6.38254539425e-24, 8.30595512526e-24, 9.68649799699e-24, 3.89416768241e-24, 6.83032848203e-24, 5.55751008892e-24, 1.03707930226e-23, 9.40013675523e-24, 1.00996252419e-23, 8.66743406899e-24, 9.95738494324e-24, 7.58727838591e-24, 9.14896502073e-24, 7.88990120637e-24, 7.86804029297e-24, 9.21372655675e-24, 1.08056888843e-23, 1.07635834334e-23, 1.26055641808e-23, 8.64979908346e-24], "var": [5.3277437928e-07, 1.06048602788e-07, 2.03311878977e-06, 7.65565687288e-07, 2.55021154771e-06, 4.1076702928e-07, 3.5620709582e-07, 3.75285907239e-07, 2.11098466707e-07, 8.47965182516e-08, 7.71393526833e-09, 6.61814292258e-09, 1.07285584861e-08, 1.26150414559e-08, 3.82286344802e-08, 3.08349150657e-08, 5.72551561717e-09, 1.43908529537e-08, 5.80370906889e-09, 6.46864617426e-10, 1.31101207668e-09, 5.12751119341e-10, 2.20527957007e-10, 1.77440659388e-10, 1.31213984123e-09, 1.69650504755e-09, 1.80637704794e-09, 7.02473024194e-10, 5.89323312372e-10, 8.18060397201e-10, 1.98200988955e-09, 1.85587423207e-09, 1.46214262919e-09, 5.88901816201e-10, 6.47514930563e-10, 6.02207728129e-10, 1.59426777335e-10, 1.00446012619e-10, 1.17286180767e-10, 3.86847463785e-11], "median": [0.000287060393021, 0.000169581064256, 0.000466858415166, 0.000335538352374, 0.000520477304235, 0.000304925895762, 0.00014241161989, 0.000115328781249, 2.99219445878e-05, 2.89802537736e-05, 1.17674835565e-05, 1.31668402901e-05, 1.44236892083e-05, 1.36364305945e-05, 4.67961508548e-05, 4.2480405682e-05, 2.61240711552e-05, 2.82589389826e-05, 2.18918758037e-05, 1.28970186779e-05, 1.3128057617e-05, 1.12457200885e-05, 7.20065963833e-06, 6.67106360197e-06, 9.29942052608e-06, 1.14916347229e-05, 1.1862914107e-05, 1.1779407032e-05, 9.68151198322e-06, 6.74260081723e-06, 7.82327970228e-06, 6.50670790492e-06, 3.55150950782e-06, 1.59873616212e-06, 7.85350266597e-07, 3.80182058279e-07, 2.01802905053e-07, 1.48932343791e-07, 1.33347469955e-07, 6.16969941802e-08]}, "silence_rate_60dB": {"dmean": 0.00524934381247, "dmean2": 0.0105008073151, "max": 1, "dvar": 0.00522113544866, "mean": 0.0702462643385, "dvar2": 0.0116025097668, "min": 0, "var": 0.0653069540858, "median": 0}, "spectral_energyband_middle_high": {"dmean": 0.00216640415601, "dmean2": 0.00282078096643, "max": 0.0390919074416, "dvar": 6.8782269409e-06, "mean": 0.00530258659273, "dvar2": 1.29924746943e-05, "min": 1.39538694943e-21, "var": 2.32221718761e-05, "median": 0.00389166735113}, "erbbands_skewness": {"dmean": 0.39198037982, "dmean2": 0.540054023266, "max": 10.5144729614, "dvar": 0.161482036114, "mean": 0.0182746425271, "dvar2": 0.271377652884, "min": -4.32942724228, "var": 1.42872071266, "median": -0.0937934368849}, "dynamic_complexity": 3.42088484764, "dissonance": {"dmean": 0.0128392176703, "dmean2": 0.0204857457429, "max": 0.5, "dvar": 0.000194003616343, "mean": 0.470369488001, "dvar2": 0.000465757737402, "min": 0.314927101135, "var": 0.000681205478031, "median": 0.47863805294}, "spectral_skewness": {"dmean": 0.199302181602, "dmean2": 0.294220507145, "max": 3.24613761902, "dvar": 0.0288111697882, "mean": 0.886247038841, "dvar2": 0.0601220577955, "min": -0.247222885489, "var": 0.204624041915, "median": 0.826550066471}, "spectral_kurtosis": {"dmean": 1.15322542191, "dmean2": 1.94176197052, "max": 15.0333347321, "dvar": 1.20324921608, "mean": 2.02051281929, "dvar2": 3.27371430397, "min": -1.19977772236, "var": 3.25435733795, "median": 1.61811423302}, "gfcc": {"cov": [[11525.6416016, 159.236068726, -2501.109375, 220.964233398, -1015.9362793, 397.544799805, -578.391357422, -171.344741821, 114.942977905, 113.118690491, 381.479797363, -121.823226929, 251.415878296], [159.236068726, 1201.46984863, -370.555084229, -240.704803467, 115.200813293, -314.427398682, 172.802322388, -126.9164505, 84.0160675049, -20.3389949799, 35.4349517822, -27.6307468414, 14.4726495743], [-2501.109375, -370.555084229, 1021.33929443, 73.5553359985, 136.091934204, 5.47769165039, 38.0074653625, 119.37171936, -68.2084503174, -44.0122489929, -139.621688843, 45.2712059021, -61.0508232117], [220.964233398, -240.704803467, 73.5553359985, 325.226287842, 17.2105693817, 25.3508014679, -21.1980457306, -13.4437379837, -33.3496665955, -17.0126972198, -6.0313835144, -0.861480951309, 24.1554603577], [-1015.9362793, 115.200813293, 136.091934204, 17.2105693817, 256.146453857, -34.6612625122, 68.9324951172, -11.5418014526, -20.8676567078, -5.61663484573, -43.0067367554, -5.91271781921, -21.617805481], [397.544799805, -314.427398682, 5.47769165039, 25.3508014679, -34.6612625122, 227.016220093, -45.5455932617, 37.4409751892, -7.21591949463, 26.4757976532, 10.9035520554, 1.77131485939, 9.47323608398], [-578.391357422, 172.802322388, 38.0074653625, -21.1980457306, 68.9324951172, -45.5455932617, 180.151916504, 3.7069246769, 10.0739459991, -15.3289012909, -13.3657398224, 11.7466392517, -16.7189693451], [-171.344741821, -126.9164505, 119.37171936, -13.4437379837, -11.5418014526, 37.4409751892, 3.7069246769, 131.819458008, 16.9215068817, 3.86937403679, -6.89378929138, 8.39751911163, -12.6586303711], [114.942977905, 84.0160675049, -68.2084503174, -33.3496665955, -20.8676567078, -7.21591949463, 10.0739459991, 16.9215068817, 93.5433502197, 40.7439918518, 20.5143852234, 11.0418863297, 6.95323610306], [113.118690491, -20.3389949799, -44.0122489929, -17.0126972198, -5.61663484573, 26.4757976532, -15.3289012909, 3.86937403679, 40.7439918518, 113.706390381, 42.0751533508, 14.3543043137, 3.084400177], [381.479797363, 35.4349517822, -139.621688843, -6.0313835144, -43.0067367554, 10.9035520554, -13.3657398224, -6.89378929138, 20.5143852234, 42.0751533508, 108.564743042, 34.3069763184, 30.7373523712], [-121.823226929, -27.6307468414, 45.2712059021, -0.861480951309, -5.91271781921, 1.77131485939, 11.7466392517, 8.39751911163, 11.0418863297, 14.3543043137, 34.3069763184, 92.9585037231, 35.0659065247], [251.415878296, 14.4726495743, -61.0508232117, 24.1554603577, -21.617805481, 9.47323608398, -16.7189693451, -12.6586303711, 6.95323610306, 3.084400177, 30.7373523712, 35.0659065247, 90.0769348145]], "mean": [-19.0113143921, 102.18056488, -140.812835693, 64.3776397705, -70.4344100952, 5.43729162216, -37.5410423279, -17.1122837067, -17.2014446259, 7.47196722031, -4.19424295425, -7.61731672287, -4.56273508072], "icov": [[0.000697345822118, -0.000994153786451, 0.00140918197576, -0.00137016794179, 0.00207906262949, -0.0016775559634, 0.00155980722047, -0.000866234127898, 0.000923334271647, -0.000368356122635, 0.00078940729145, -0.000467224075692, 0.000232889986364], [-0.000994153786451, 0.00424785865471, -0.00145120092202, 0.00364887109026, -0.00415175594389, 0.00529973208904, -0.00381424441002, 0.00268163369037, -0.00321464589797, 0.00142375926953, -0.0021957855206, 0.00217005424201, -0.00165072584059], [0.00140918197576, -0.00145120092202, 0.00471603590995, -0.00280465744436, 0.00346947647631, -0.00266542728059, 0.00297130877152, -0.00298811518587, 0.00264723203145, -0.000952090136707, 0.00364746968262, -0.00267692888156, 0.00111868069507], [-0.00137016794179, 0.00364887109026, -0.00280465744436, 0.00712114106864, -0.00501490663737, 0.00465728063136, -0.00375623628497, 0.00305615714751, -0.00222691753879, 0.00155853421893, -0.00255364598706, 0.00241488148458, -0.0024836868979], [0.00207906262949, -0.00415175594389, 0.00346947647631, -0.00501490663737, 0.0117519041523, -0.00580377923325, 0.00347903184593, -0.00241885893047, 0.00453390041366, -0.00269740540534, 0.00411375891417, -0.00174481002614, 0.00131485960446], [-0.0016775559634, 0.00529973208904, -0.00266542728059, 0.00465728063136, -0.00580377923325, 0.0122441845015, -0.00451046274975, 0.00175565457903, -0.00280124996789, 0.000200363603653, -0.00270387995988, 0.00274399598129, -0.00243187928572], [0.00155980722047, -0.00381424441002, 0.00297130877152, -0.00375623628497, 0.00347903184593, -0.00451046274975, 0.0113021172583, -0.00307249836624, 0.00177076424006, 5.14990279044e-05, 0.00240916386247, -0.00352900242433, 0.00266888737679], [-0.000866234127898, 0.00268163369037, -0.00298811518587, 0.00305615714751, -0.00241885893047, 0.00175565457903, -0.00307249836624, 0.0118131218478, -0.00508348783478, 0.00186127680354, -0.00252232444473, 0.00149913306814, 7.25886202417e-05], [0.000923334271647, -0.00321464589797, 0.00264723203145, -0.00222691753879, 0.00453390041366, -0.00280124996789, 0.00177076424006, -0.00508348783478, 0.0176229253411, -0.00663803424686, 0.00311844958924, -0.00277710310183, 0.000211635036976], [-0.000368356122635, 0.00142375926953, -0.000952090136707, 0.00155853421893, -0.00269740540534, 0.000200363603653, 5.14990279044e-05, 0.00186127680354, -0.00663803424686, 0.0134432725608, -0.00569787016138, 0.000445789570222, 0.00116168439854], [0.00078940729145, -0.0021957855206, 0.00364746968262, -0.00255364598706, 0.00411375891417, -0.00270387995988, 0.00240916386247, -0.00252232444473, 0.00311844958924, -0.00569787016138, 0.017763197422, -0.00695243803784, -0.000729816267267], [-0.000467224075692, 0.00217005424201, -0.00267692888156, 0.00241488148458, -0.00174481002614, 0.00274399598129, -0.00352900242433, 0.00149913306814, -0.00277710310183, 0.000445789570222, -0.00695243803784, 0.0177261102945, -0.00698720151559], [0.000232889986364, -0.00165072584059, 0.00111868069507, -0.0024836868979, 0.00131485960446, -0.00243187928572, 0.00266888737679, 7.25886202417e-05, 0.000211635036976, 0.00116168439854, -0.000729816267267, -0.00698720151559, 0.0161308962852]]}, "spectral_complexity": {"dmean": 4.68564510345, "dmean2": 5.9527463913, "max": 52, "dvar": 18.1668167114, "mean": 22.6243438721, "dvar2": 30.0067024231, "min": 0, "var": 123.980751038, "median": 22}, "spectral_flux": {"dmean": 0.0183040574193, "dmean2": 0.0281825680286, "max": 0.235569357872, "dvar": 0.000323440326611, "mean": 0.0798924639821, "dvar2": 0.000733475899324, "min": 1.07611017319e-10, "var": 0.00151291745715, "median": 0.0799573287368}, "spectral_energyband_low": {"dmean": 0.0021793844644, "dmean2": 0.00352169433609, "max": 0.0438209213316, "dvar": 7.0432774919e-06, "mean": 0.00379478326067, "dvar2": 1.69282502611e-05, "min": 9.25624710617e-23, "var": 1.77196325239e-05, "median": 0.00251855095848}, "spectral_decrease": {"dmean": 1.60472324318e-09, "dmean2": 2.39807795843e-09, "max": 1.57034414459e-29, "dvar": 3.65512046174e-18, "mean": -5.43876232939e-09, "dvar2": 8.22494551665e-18, "min": -2.35218280409e-08, "var": 1.26002693903e-17, "median": -4.95477081586e-09}, "barkbands_spread": {"dmean": 6.77488136292, "dmean2": 9.82082462311, "max": 100.304634094, "dvar": 49.0303573608, "mean": 28.9074802399, "dvar2": 106.070426941, "min": 0.629189431667, "var": 235.981170654, "median": 28.036365509}, "spectral_rms": {"dmean": 0.000646922213491, "dmean2": 0.000928051129449, "max": 0.00951459538192, "dvar": 4.08705261634e-07, "mean": 0.00446267565712, "dvar2": 8.38223797928e-07, "min": 3.20347698021e-12, "var": 2.79546179627e-06, "median": 0.00455396063626}, "spectral_centroid": {"dmean": 336.19909668, "dmean2": 462.157928467, "max": 11266.9091797, "dvar": 128761.898438, "mean": 1816.27185059, "dvar2": 208493.40625, "min": 171.327346802, "var": 868682.125, "median": 1730.24291992}, "barkbands_skewness": {"dmean": 0.526045441628, "dmean2": 0.738122820854, "max": 16.4899082184, "dvar": 0.251123398542, "mean": 1.22348821163, "dvar2": 0.4542337358, "min": -4.17414522171, "var": 2.65517520905, "median": 1.02445197105}, "spectral_rolloff": {"dmean": 671.728149414, "dmean2": 1012.22619629, "max": 19250.6835938, "dvar": 840314.6875, "mean": 2240.85546875, "dvar2": 1487439.875, "min": 21.533203125, "var": 3601213.25, "median": 1744.18945312}, "erbbands_spread": {"dmean": 9.21416378021, "dmean2": 13.3974704742, "max": 149.326202393, "dvar": 72.0196685791, "mean": 43.4095535278, "dvar2": 140.685058594, "min": 3.3902733326, "var": 324.472290039, "median": 41.8394699097}, "barkbands": {"dmean": [0.000379649311071, 0.00129665643908, 0.000487147015519, 0.00131774158217, 0.00241056992672, 0.00180353794713, 0.00101997086313, 0.000743813754525, 0.000357581186108, 0.000107535095594, 0.000177186841029, 0.00025319706765, 0.00101404031739, 0.00041326682549, 0.000557061459403, 0.000191395069123, 0.000131258624606, 0.000116172494018, 0.000250417273492, 0.000298942090012, 0.000347972236341, 0.000411058863392, 0.00023063235858, 0.00014099040709, 6.39821446384e-05, 1.72890474914e-06, 6.53148504171e-08], "dmean2": [0.000556720013265, 0.00218530418351, 0.000820288842078, 0.00212058913894, 0.00382227543741, 0.00279848068021, 0.00159592414275, 0.00112291343976, 0.000544736976735, 0.000173379710759, 0.000280699052382, 0.000384310173104, 0.00157519453205, 0.00061401334824, 0.000780321890488, 0.000273795856629, 0.00020361332281, 0.000178460948518, 0.000352001836291, 0.000437605223851, 0.000489532423671, 0.000561417313293, 0.000310985575197, 0.000178404297912, 8.35457612993e-05, 2.49670279118e-06, 9.77007488245e-08], "max": [0.00713478121907, 0.0172148123384, 0.0108727915213, 0.0436376556754, 0.0603331029415, 0.0607971586287, 0.0419432073832, 0.0360797978938, 0.0319952368736, 0.0197289772332, 0.017929662019, 0.0192290339619, 0.0298635642976, 0.012401769869, 0.0155327590182, 0.00502849556506, 0.00745394080877, 0.00351426913403, 0.0141152478755, 0.0181032307446, 0.0156527049839, 0.0221901871264, 0.0173308495432, 0.0128972390667, 0.00738198962063, 0.000152523934958, 1.33275925691e-05], "dvar": [2.94933499845e-07, 3.11107987727e-06, 6.16277304744e-07, 5.1400133998e-06, 2.20198744501e-05, 8.22476067697e-06, 4.60455839857e-06, 4.47939601145e-06, 1.23309382616e-06, 1.64061432883e-07, 3.17571732467e-07, 5.60093610602e-07, 2.98524219033e-06, 4.4490124651e-07, 8.48507170303e-07, 8.62391544842e-08, 5.42332685427e-08, 3.27483746787e-08, 3.01769688349e-07, 3.26836982367e-07, 5.35265087365e-07, 1.30045827973e-06, 7.03765181242e-07, 3.14560509196e-07, 6.89220911454e-08, 3.93371550611e-11, 1.15159699268e-13], "mean": [0.000482131785247, 0.00144340912811, 0.000702867342625, 0.00231353356503, 0.0039699380286, 0.00302674318664, 0.00167857215274, 0.00113204144873, 0.00058803067077, 0.000158141163411, 0.000264777889242, 0.000413063709857, 0.0013155809138, 0.000629482441582, 0.000782752525993, 0.000366988620954, 0.000278196734143, 0.000238148859353, 0.000562717206776, 0.000625077518634, 0.000735307170544, 0.000791010737885, 0.000416344759287, 0.000250025244895, 0.00011107060709, 2.67942914434e-06, 8.98527616755e-08], "dvar2": [5.60451894671e-07, 7.97872144176e-06, 1.66505810739e-06, 1.24214675452e-05, 5.33798520337e-05, 1.96576093003e-05, 1.05677663669e-05, 1.05117514977e-05, 2.51206802204e-06, 3.91665537336e-07, 8.50745038861e-07, 1.17219735785e-06, 7.03334944774e-06, 1.02399462776e-06, 1.68231042608e-06, 1.86202100849e-07, 1.23064580748e-07, 8.28682544807e-08, 6.18834633315e-07, 7.46604314372e-07, 1.11683345949e-06, 2.18850186684e-06, 1.20302240703e-06, 4.87224042445e-07, 1.1058332916e-07, 7.62665208764e-11, 2.34036910945e-13], "min": [9.75750336707e-24, 2.28069390689e-23, 3.0156199187e-23, 7.23252132595e-24, 2.52644758692e-23, 3.07791374003e-23, 1.45094854976e-23, 5.56767424614e-23, 9.8256727822e-23, 7.3009537473e-23, 2.04004463023e-23, 4.80594889389e-23, 1.23221221977e-22, 7.85037959057e-23, 1.08932944121e-22, 1.18234573449e-22, 1.73129384359e-22, 9.135219435e-23, 1.77144446553e-22, 3.67857376406e-22, 4.56341316681e-22, 4.32296583855e-22, 4.48134083554e-22, 9.39635978388e-22, 1.26049027051e-21, 1.56835938203e-21, 2.31973432385e-21], "var": [5.20780986335e-07, 3.46741512658e-06, 1.15817829283e-06, 1.61906737048e-05, 3.38817480952e-05, 1.46569327626e-05, 8.88998692972e-06, 8.03285911388e-06, 3.12278484671e-06, 2.37081678733e-07, 5.09967151174e-07, 1.08506196739e-06, 4.40798748969e-06, 7.69019266045e-07, 1.53612757003e-06, 2.11281729889e-07, 1.3834628021e-07, 7.84919294006e-08, 1.05146341411e-06, 8.67677101724e-07, 1.53451287588e-06, 3.98513839173e-06, 2.16404350795e-06, 1.00119189028e-06, 2.25562047262e-07, 1.06036887604e-10, 2.56625233216e-13], "median": [0.000210807775147, 0.000783130759373, 0.000321412604535, 0.000991166802123, 0.00199993490241, 0.00184882758185, 0.000724856508896, 0.000314162985887, 0.000181674971827, 7.11450629751e-05, 0.000103340629721, 0.000167298028828, 0.000443777535111, 0.000316314108204, 0.00028336091782, 0.000216663873289, 0.000167417383636, 0.000160746625625, 0.000299367122352, 0.000388203450711, 0.0003887808125, 0.000263868249021, 5.53228564968e-05, 1.60497402248e-05, 5.27678730577e-06, 2.21883567519e-07, 1.16065450584e-08]}, "melbands_kurtosis": {"dmean": 6.413418293, "dmean2": 9.55682659149, "max": 690.689331055, "dvar": 245.366363525, "mean": 17.9202594757, "dvar2": 530.526794434, "min": -1.86561262608, "var": 2664.18505859, "median": 5.44913768768}, "erbbands_crest": {"dmean": 2.7851498127, "dmean2": 4.50958251953, "max": 27.378068924, "dvar": 7.16236209869, "mean": 9.48792743683, "dvar2": 18.281961441, "min": 2.46363735199, "var": 19.3211460114, "median": 8.34948444366}, "melbands_skewness": {"dmean": 0.694935202599, "dmean2": 1.00355231762, "max": 22.2920188904, "dvar": 0.504021286964, "mean": 2.60234999657, "dvar2": 1.03473782539, "min": -1.5486330986, "var": 4.94265699387, "median": 2.16116404533}, "spectral_energyband_middle_low": {"dmean": 0.00496196048334, "dmean2": 0.00760821811855, "max": 0.0789323300123, "dvar": 4.79080954392e-05, "mean": 0.0127443401143, "dvar2": 0.000110814085929, "min": 3.18036001346e-22, "var": 0.000124576705275, "median": 0.00962589867413}, "spectral_contrast_coeffs": {"dmean": [0.0568444654346, 0.0480775609612, 0.034873701632, 0.0297099128366, 0.0204651877284, 0.0209323298186], "dmean2": [0.0902713239193, 0.0763815417886, 0.0569467805326, 0.0489121936262, 0.0323454774916, 0.0303228832781], "max": [-0.353058993816, -0.398190408945, -0.492817282677, -0.631382465363, -0.608810603619, -0.547990620136], "dvar": [0.00212096888572, 0.00150269828737, 0.000774340587668, 0.00055380386766, 0.000278322870145, 0.000372657639673], "mean": [-0.603320837021, -0.691021680832, -0.795010983944, -0.771705985069, -0.777921378613, -0.679904937744], "dvar2": [0.00527187343687, 0.00390471122228, 0.00198845053092, 0.00141941092443, 0.000677486532368, 0.000780990929343], "min": [-0.960651695728, -0.968316733837, -0.968038916588, -0.966641306877, -0.958397984505, -0.960383534431], "var": [0.00701608741656, 0.00528035731986, 0.00289124436677, 0.00181196292397, 0.00139904941898, 0.00296226236969], "median": [-0.6022336483, -0.692743122578, -0.801572620869, -0.770412266254, -0.778698325157, -0.67305713892]}, "spectral_contrast_valleys": {"dmean": [0.424582928419, 0.34839579463, 0.331246823072, 0.333120435476, 0.275728404522, 0.327343642712], "dmean2": [0.688642501831, 0.540226876736, 0.494907617569, 0.425964444876, 0.331118375063, 0.400006651878], "max": [-5.78613996506, -4.83453130722, -5.42182922363, -5.83258914948, -5.39034509659, -7.03674697876], "dvar": [0.159395962954, 0.129718929529, 0.114622801542, 0.11923648417, 0.112316444516, 0.162801027298], "mean": [-7.59199810028, -6.94945001602, -7.81349754333, -7.57498836517, -7.40858650208, -10.4287691116], "dvar2": [0.319643527269, 0.219778299332, 0.174990683794, 0.149176642299, 0.12620216608, 0.21495436132], "min": [-27.9173469543, -27.5742473602, -27.3948669434, -27.087310791, -27.3389930725, -27.3033618927], "var": [1.03458869457, 1.62124228477, 1.63987112045, 1.95850610733, 1.66963922977, 1.71629440784], "median": [-7.43345832825, -6.68974113464, -7.54028224945, -7.2727355957, -7.05302095413, -10.3468503952]}, "silence_rate_20dB": {"dmean": 0, "dmean2": 0, "max": 1, "dvar": 0, "mean": 1, "dvar2": 0, "min": 1, "var": 0, "median": 1}, "silence_rate_30dB": {"dmean": 0, "dmean2": 0, "max": 1, "dvar": 0, "mean": 1, "dvar2": 0, "min": 1, "var": 0, "median": 1}, "spectral_strongpeak": {"dmean": 0.70338010788, "dmean2": 1.20709490776, "max": 16.6273975372, "dvar": 1.8092956543, "mean": 1.01079213619, "dvar2": 4.73183679581, "min": 0, "var": 2.08668780327, "median": 0.591213822365}, "spectral_spread": {"dmean": 327052.09375, "dmean2": 478962.625, "max": 50825724, "dvar": 647181369344, "mean": 4188758.25, "dvar2": 805656788992, "min": 2504440, "var": 1923606773760.0, "median": 3887958}, "barkbands_flatness_db": {"dmean": 0.0173015668988, "dmean2": 0.0254109837115, "max": 0.420301288366, "dvar": 0.000236810519709, "mean": 0.135777369142, "dvar2": 0.00048248944222, "min": 0.0506697073579, "var": 0.00288253766485, "median": 0.122422486544}, "pitch_salience": {"dmean": 0.0658091008663, "dmean2": 0.104412257671, "max": 0.848934233189, "dvar": 0.00319469487295, "mean": 0.598344326019, "dvar2": 0.00786296185106, "min": 0.0298544149846, "var": 0.0139802275226, "median": 0.616391003132}, "erbbands_kurtosis": {"dmean": 1.19309818745, "dmean2": 1.72949576378, "max": 131.017593384, "dvar": 7.35091495514, "mean": 0.90696567297, "dvar2": 12.555770874, "min": -1.86141443253, "var": 40.3540077209, "median": -0.36738550663}, "average_loudness": 0.899454414845, "barkbands_crest": {"dmean": 2.3231754303, "dmean2": 3.73798036575, "max": 26.6407642365, "dvar": 4.55030488968, "mean": 8.96722221375, "dvar2": 11.2950334549, "min": 2.6295838356, "var": 18.1372852325, "median": 7.85973453522}, "hfc": {"dmean": 10.0431756973, "dmean2": 12.3115224838, "max": 328.807830811, "dvar": 348.879150391, "mean": 30.3360824585, "dvar2": 461.756408691, "min": 1.13799379389e-16, "var": 1660.54919434, "median": 21.0064697266}, "barkbands_kurtosis": {"dmean": 2.28715634346, "dmean2": 3.2490041256, "max": 283.352539062, "dvar": 19.88489151, "mean": 4.73836755753, "dvar2": 34.2630615234, "min": -1.91322672367, "var": 330.063781738, "median": 0.296059012413}, "erbbands": {"dmean": [0.074440613389, 0.157706841826, 0.396954059601, 2.79355025291, 3.83569502831, 8.79716873169, 19.9320774078, 12.0362272263, 14.954791069, 14.3972454071, 14.3652076721, 9.72301387787, 3.60800504684, 4.11549663544, 6.64095783234, 13.398768425, 50.457157135, 19.2285823822, 33.3205909729, 14.6154384613, 8.87395954132, 6.95765352249, 5.48696184158, 9.45969581604, 13.677321434, 14.5976333618, 12.3635005951, 16.0719528198, 15.6365194321, 9.0903339386, 6.85443735123, 3.83866834641, 2.10361051559, 1.15735721588, 0.191293954849, 0.0187390018255, 0.00198063626885, 0.000234784223721, 1.79241887963e-05, 1.01061850728e-05], "dmean2": [0.124228127301, 0.26845240593, 0.669971048832, 4.44944095612, 6.27293014526, 14.1640720367, 30.9679145813, 18.8062896729, 23.8956184387, 21.9321575165, 21.7765750885, 14.5394620895, 5.65650081635, 6.61641263962, 10.1282215118, 19.6097640991, 80.1500015259, 27.8972225189, 45.7243804932, 20.9899749756, 12.6114721298, 10.4466838837, 8.30894756317, 13.1669912338, 19.675365448, 21.1529865265, 17.5744152069, 22.6945171356, 21.4330806732, 12.392578125, 9.29909420013, 4.90624427795, 2.64633059502, 1.48105943203, 0.252947419882, 0.0259087216109, 0.00269146333449, 0.000328131020069, 2.32001020777e-05, 1.3786121599e-05], "max": [1.0215177536, 2.1725757122, 8.19352149963, 104.908416748, 95.8776321411, 271.059356689, 529.885314941, 567.64251709, 596.198730469, 1135.67614746, 858.376708984, 1016.78442383, 739.677124023, 954.682434082, 733.99407959, 880.284790039, 1517.83239746, 718.095153809, 944.142150879, 346.837799072, 326.006866455, 454.521087646, 161.578460693, 649.196960449, 1096.30566406, 819.769714355, 389.496734619, 1006.38458252, 922.547912598, 572.787841797, 553.806884766, 386.309082031, 153.785018921, 130.39201355, 16.4076976776, 1.36462426186, 0.164602726698, 0.035717677325, 0.00205211224966, 0.000238889100729], "dvar": [0.0105893574655, 0.0467934273183, 0.426864922047, 21.9289894104, 50.7835884094, 348.485046387, 1129.26708984, 512.891113281, 998.159606934, 1429.7487793, 2051.07495117, 988.808105469, 192.911117554, 273.682678223, 380.414367676, 1087.13269043, 7604.22851562, 901.151916504, 3013.03686523, 428.277648926, 239.05229187, 157.459411621, 73.2311401367, 408.903900146, 981.300109863, 629.790527344, 457.512908936, 1580.92651367, 1776.79089355, 801.584350586, 666.216003418, 243.707550049, 67.1481704712, 22.4696483612, 0.597055256367, 0.00452078133821, 5.08636549057e-05, 9.90681087387e-07, 4.11822664859e-09, 2.04312386454e-10], "mean": [0.078502908349, 0.18886063993, 0.605498254299, 4.95000219345, 6.65865945816, 13.2697191238, 32.1634559631, 21.0119361877, 23.3936538696, 25.7579479218, 22.141866684, 15.8129177094, 6.23799371719, 6.8705534935, 11.1134290695, 23.9200687408, 65.7402954102, 31.8664531708, 48.3261108398, 25.8273696899, 18.910615921, 15.6399393082, 12.0041208267, 22.0615520477, 30.5712337494, 29.7065124512, 25.762506485, 32.2085609436, 30.2359371185, 17.1755084991, 11.973118782, 6.56325006485, 3.77915930748, 2.03813576698, 0.325893223286, 0.0304931905121, 0.00338129256852, 0.000413522153394, 4.10745851696e-05, 3.41309641954e-05], "dvar2": [0.0264143105596, 0.126788243651, 1.16492247581, 48.9845352173, 128.526763916, 879.863098145, 2644.85839844, 1192.38464355, 2320.53051758, 3214.49462891, 4697.07861328, 1934.93615723, 486.619659424, 726.258972168, 893.418701172, 2200.67358398, 18287.859375, 2059.78149414, 5935.80957031, 943.408752441, 516.073364258, 346.627349854, 178.793838501, 773.304748535, 2087.28051758, 1368.09460449, 963.893676758, 3386.37207031, 3069.94995117, 1329.00463867, 1180.59020996, 394.843811035, 105.111526489, 35.0415344238, 1.00873744488, 0.00789935141802, 7.94029401732e-05, 1.70010605416e-06, 6.16026651912e-09, 3.19378828939e-10], "min": [1.59806722739e-22, 7.47783390651e-21, 3.95867670847e-20, 2.35002771352e-20, 6.4688070067e-20, 8.16739977635e-20, 7.06824928698e-20, 3.48569670829e-19, 2.3554497855e-19, 3.64959996173e-19, 1.59242649033e-18, 2.02576511335e-18, 2.02624405092e-18, 8.6669864933e-19, 1.11081288298e-18, 2.57217705135e-18, 5.84165453779e-18, 4.48991982133e-18, 4.59639864568e-18, 7.1729843629e-18, 6.05448231913e-18, 8.96270376908e-18, 6.32268115709e-18, 8.01250071993e-18, 1.19658673554e-17, 1.45298559391e-17, 1.9667100838e-17, 1.60975600688e-17, 1.37815809123e-17, 1.58832822399e-17, 1.43710240266e-17, 1.79977726069e-17, 1.76325707121e-17, 1.12357208189e-17, 9.48851766906e-18, 5.83028039077e-18, 2.89581932423e-18, 1.42821107961e-18, 2.94717912356e-19, 2.84532520818e-20], "var": [0.0121293347329, 0.0494707114995, 0.695453763008, 77.3014221191, 82.0562896729, 432.597259521, 2455.55810547, 849.105285645, 1712.04882812, 3377.97680664, 3823.37011719, 2341.04931641, 330.760437012, 418.416748047, 808.438049316, 2377.66723633, 10805.9394531, 1721.8248291, 5550.24121094, 887.948730469, 575.667358398, 362.867462158, 177.974105835, 1566.04370117, 2932.89257812, 1713.45117188, 1238.05871582, 4509.42333984, 5246.06933594, 2635.5065918, 1956.83947754, 702.476745605, 227.641448975, 75.1456680298, 1.86306703091, 0.0137074422091, 0.000177992420504, 3.22615483128e-06, 1.46594931749e-08, 9.63561896938e-10], "median": [0.0372995808721, 0.115218915045, 0.335755646229, 2.3114798069, 3.62724089622, 6.29969263077, 14.5896129608, 12.5298995972, 9.60968494415, 12.0981140137, 4.57436656952, 4.91184949875, 2.67261457443, 3.6001188755, 4.32431793213, 10.3885726929, 22.9199256897, 17.2506065369, 18.7755203247, 15.3707714081, 11.4709663391, 10.5773868561, 8.54113197327, 11.9362621307, 17.1667861938, 19.1502742767, 15.5917434692, 13.6943101883, 10.9579629898, 4.10040092468, 1.33208847046, 0.439029991627, 0.227391898632, 0.098773650825, 0.0160815808922, 0.00210523232818, 0.000321884523146, 5.8654237364e-05, 1.66445825016e-05, 2.7979756851e-05]}, "spectral_energy": {"dmean": 0.0066480524838, "dmean2": 0.00977499131113, "max": 0.0927907079458, "dvar": 5.86227324675e-05, "mean": 0.0232786815614, "dvar2": 0.00012821018754, "min": 1.05188212569e-20, "var": 0.000221249909373, "median": 0.0212570186704}, "zerocrossingrate": {"dmean": 0.0129458112642, "dmean2": 0.0136652681977, "max": 0.50927734375, "dvar": 0.000299003353575, "mean": 0.0787952318788, "dvar2": 0.000292426382657, "min": 0, "var": 0.00264911563136, "median": 0.06982421875}, "spectral_energyband_high": {"dmean": 0.00111511908472, "dmean2": 0.00140636821743, "max": 0.0462397672236, "dvar": 7.83815721661e-06, "mean": 0.00263537745923, "dvar2": 1.04454538814e-05, "min": 7.53533103702e-21, "var": 3.37504789059e-05, "median": 0.00109780253842}, "mfcc": {"cov": [[10710.9570312, -435.090942383, -1159.61694336, -413.0859375, -454.981