{"tonal": {"chords_number_rate": 0.0024635209702, "thpcp": [1, 0.779851317406, 0.585838258266, 0.624579370022, 0.346383184195, 0.162374705076, 0.218042477965, 0.208045348525, 0.28241455555, 0.465058594942, 0.378110736609, 0.242466330528, 0.221782267094, 0.191665694118, 0.541764914989, 0.968695819378, 0.710474550724, 0.277165591717, 0.138510510325, 0.105829447508, 0.338192373514, 0.561745107174, 0.456894993782, 0.620780229568, 0.81128269434, 0.446219325066, 0.151973560452, 0.134381785989, 0.206451609731, 0.587458372116, 0.860100746155, 0.591633617878, 0.292575418949, 0.208844423294, 0.21833050251, 0.58232909441], "hpcp": {"dvar": [0.0454815514386, 0.0558083504438, 0.0393856689334, 0.029110217467, 0.0291746947914, 0.0322081111372, 0.0434731394053, 0.0429798774421, 0.0411063469946, 0.0393778197467, 0.0266919378191, 0.0178915467113, 0.0225383806974, 0.0227114148438, 0.0231799855828, 0.0283615570515, 0.0323724336922, 0.0254702568054, 0.0193547587842, 0.0170318055898, 0.0302921552211, 0.0394198596478, 0.0417312905192, 0.0339083746076, 0.0190434269607, 0.0115656508133, 0.0159471258521, 0.0254417899996, 0.0229183901101, 0.0293695572764, 0.0335365496576, 0.0227948091924, 0.0171359628439, 0.0169260501862, 0.0236041806638, 0.0403899364173], "mean": [0.245910286903, 0.1691531986, 0.0836498588324, 0.0597104392946, 0.0624225884676, 0.166492953897, 0.285908699036, 0.222966268659, 0.16749624908, 0.178572669625, 0.0990339666605, 0.0464243404567, 0.0623402409256, 0.0594819746912, 0.0807447806001, 0.132964298129, 0.108105152845, 0.0693232342601, 0.0634094774723, 0.0547988899052, 0.154895305634, 0.276958554983, 0.203130856156, 0.0792440548539, 0.0396013595164, 0.0302575603127, 0.0966921448708, 0.160607814789, 0.130630254745, 0.177486464381, 0.231952771544, 0.127577990294, 0.043450564146, 0.0384209230542, 0.059026312083, 0.167959466577], "min": [0, 0, 0, 0, 0, 0, 0, 0, 0, 0, 0, 0, 0, 0, 0, 0, 0, 0, 0, 0, 0, 0, 0, 0, 0, 0, 0, 0, 0, 0, 0, 0, 0, 0, 0, 0], "median": [0.0397288240492, 0.0298406388611, 0.0152516830713, 0.0113979978487, 0.0111418971792, 0.0572409704328, 0.103648357093, 0.0756728798151, 0.035910487175, 0.0177329964936, 0.0115933092311, 0.0129195218906, 0.0159408021718, 0.0146388094872, 0.021498715505, 0.029198680073, 0.0280028469861, 0.0180325750262, 0.0118698067963, 0.0142887569964, 0.0598483644426, 0.111648306251, 0.0722428932786, 0.012926697731, 0.00640633236617, 0.00610039709136, 0.0224222280085, 0.0426707267761, 0.0460872016847, 0.0613915398717, 0.0665146037936, 0.0334086865187, 0.0100943343714, 0.00866832025349, 0.0119461491704, 0.0277535542846], "dvar2": [0.105384558439, 0.147934868932, 0.106373600662, 0.0799639448524, 0.0785206779838, 0.086578771472, 0.105652064085, 0.111095704138, 0.11407084018, 0.0971878618002, 0.0753832682967, 0.0500277392566, 0.0620116591454, 0.062908872962, 0.0638350173831, 0.0704956054688, 0.0882866680622, 0.0723346248269, 0.0523775480688, 0.0463536977768, 0.0834623798728, 0.0898473337293, 0.110592462122, 0.0934020057321, 0.052728921175, 0.0326414257288, 0.0404050201178, 0.0587888769805, 0.0588326193392, 0.0749499425292, 0.0762699842453, 0.0592477731407, 0.0485550686717, 0.0478953160346, 0.0659296289086, 0.106068864465], "var": [0.12573570013, 0.0711112171412, 0.0323286280036, 0.0215002913028, 0.0231172218919, 0.0533199980855, 0.120730787516, 0.0873837023973, 0.0616336353123, 0.103152401745, 0.0382071360946, 0.0133660640568, 0.0218191817403, 0.0196068231016, 0.0245907697827, 0.0578551702201, 0.0421652346849, 0.0238348003477, 0.0283134095371, 0.015138655901, 0.0448081158102, 0.112763360143, 0.07644097507, 0.028287999332, 0.013397321105, 0.00798013620079, 0.030349034816, 0.0659766420722, 0.0391383208334, 0.0591014176607, 0.107425458729, 0.040819298476, 0.0125269861892, 0.011533414945, 0.0194395836443, 0.0738049373031], "dmean2": [0.209352716804, 0.250525087118, 0.180942177773, 0.134753793478, 0.140699401498, 0.193420574069, 0.228384017944, 0.236718013883, 0.224250182509, 0.16638687253, 0.132979050279, 0.0913560092449, 0.101726002991, 0.105847157538, 0.116295866668, 0.135313004255, 0.146440327168, 0.117415241897, 0.0910719335079, 0.100643105805, 0.187864273787, 0.207977965474, 0.233366832137, 0.173729240894, 0.0966404378414, 0.0673064962029, 0.111497104168, 0.147076249123, 0.154581546783, 0.182224869728, 0.175942361355, 0.139207944274, 0.0890467166901, 0.0857995599508, 0.126650184393, 0.198034405708], "max": [1, 1, 1, 1, 1, 1, 1, 1, 1, 1, 1, 1, 1, 1, 1, 1, 1, 1, 1, 1, 1, 1, 1, 1, 1, 1, 1, 1, 1, 1, 1, 1, 1, 1, 1, 1], "dmean": [0.122256554663, 0.142286673188, 0.100251913071, 0.0738656967878, 0.0773286595941, 0.113164752722, 0.135708838701, 0.137719675899, 0.12871105969, 0.0936416760087, 0.0750092566013, 0.0508076138794, 0.057478081435, 0.0597003549337, 0.0666676983237, 0.0792619735003, 0.083430878818, 0.0654858723283, 0.05082430318, 0.0563909374177, 0.110997773707, 0.126402288675, 0.135630279779, 0.0962216109037, 0.0525964275002, 0.0370750278234, 0.0663815885782, 0.090099401772, 0.0915103107691, 0.107031799853, 0.104305110872, 0.080801166594, 0.0487658157945, 0.0468326322734, 0.0697337165475, 0.114255234599]}, "key_strength": 0.756508708, "chords_strength": {"dvar": 5.17284133821e-05, "mean": 0.502308666706, "min": 0.257351458073, "median": 0.508077383041, "dvar2": 4.95036365464e-05, "var": 0.00982316676527, "dmean2": 0.00767870573327, "max": 0.753176510334, "dmean": 0.00843529962003}, "tuning_equal_tempered_deviation": 0.0331141650677, "chords_key": "E", "tuning_frequency": 440, "chords_scale": "minor", "chords_changes_rate": 0.0608300156891, "key_scale": "minor", "tuning_diatonic_strength": 0.570865035057, "hpcp_entropy": {"dvar": 0.233942195773, "mean": 2.00481152534, "min": 0, "median": 2.00710701942, "dvar2": 0.621157407761, "var": 0.476933449507, "dmean2": 0.944510698318, "max": 4.26343345642, "dmean": 0.56404531002}, "chords_histogram": [22.6264915466, 9.47508049011, 11.25639534, 5.51449680328, 5.19234418869, 3.24047756195, 0.379003226757, 0.113700963557, 0.284252405167, 10.1383361816, 1.00435853004, 1.23176050186, 0, 0, 0, 0, 0.492704182863, 0, 1.9139662981, 0, 1.61076366901, 0, 16.922492981, 8.60337352753], "tuning_nontempered_energy_ratio": 0.66778075695, "key_key": "E"}, "metadata": {"version": {"extractor": "music 1.0", "essentia_build_sha": "70f2e5ece6736b2c40cc944ad0e695b16b925413", "essentia": "2.1-beta2", "essentia_git_sha": "v2.1_beta2"}, "audio_properties": {"sample_rate": 44100, "length": 244.976333618, "lossless": false, "analysis_sample_rate": 44100, "downmix": "mix", "bit_rate": 128019, "equal_loudness": 0, "md5_encoded": "130f6ac9ab62f8b5e46d66ccccf7dc11", "codec": "mp3", "replay_gain": -9.97324180603}, "tags": {"musicbrainz_workid": ["f93ab341-fea1-4f2f-842a-dc47ce6508bc"], "catalognumber": ["7243 850735 2 6"], "lyricist": ["Christian Neuburger"], "language": ["eng"], "musicbrainz_recordingid": ["c8a893ce-71d3-4607-a919-52bee9aac7ff"], "artist": ["Slut"], "discnumber": ["1/1"], "work": ["Andy"], "artistsort": ["Slut"], "originaldate": ["2001-03-02"], "musicbrainz_discid": ["sKn27.niKYmx7PjlLe9npIGekpQ-"], "musicbrainz_artistid": ["97ec4bef-d716-492a-83a1-4cfed3f7a049", "97ec4bef-d716-492a-83a1-4cfed3f7a049"], "isrc": ["DEG120100104"], "tracknumber": ["4/15"], "musicbrainz_albumartistid": ["97ec4bef-d716-492a-83a1-4cfed3f7a049", "97ec4bef-d716-492a-83a1-4cfed3f7a049"], "title": ["Andy"], "barcode": ["724385073526"], "musicbrainz album status": ["official"], "originalyear": ["2001"], "date": ["2001-03-02"], "composer": ["Christian Neuburger"], "albumartistsort": ["Slut"], "musicbrainz_releasegroupid": ["f417ff58-646c-3ba9-92d6-6397400239fc"], "media": ["CD"], "musicbrainz album release country": ["DE"], "label": ["Virgin"], "musicbrainz album type": ["album"], "asin": ["B000059QFK"], "script": ["Latn"], "musicbrainz_albumid": ["8a0ba806-2c69-42de-9ed6-589a8a542554", "8a0ba806-2c69-42de-9ed6-589a8a542554"], "file_name": "04 Slut - Andy.mp3", "album": ["Lookbook"], "albumartist": ["Slut"]}}, "lowlevel": {"melbands": {"dvar": [2.99948951579e-05, 1.33303465191e-05, 9.38776224757e-07, 2.30197179008e-06, 2.70279400638e-07, 1.07410194516e-07, 1.11478634324e-07, 7.92467176325e-08, 4.91242211353e-08, 2.44569235974e-08, 1.64788716006e-08, 6.08461903084e-09, 9.09198849541e-09, 2.06058725638e-09, 2.59822274806e-09, 4.79643380569e-10, 4.5855078068e-10, 7.56528728552e-10, 4.7928083724e-10, 3.48943679507e-10, 3.20038995305e-10, 8.1237727656e-10, 1.34245378702e-10, 6.57808113536e-11, 1.54821933052e-10, 1.14122801487e-10, 6.60190235813e-11, 5.50310734482e-11, 2.67111836122e-11, 1.99483051605e-11, 2.23560944063e-11, 1.59473077105e-11, 1.12112012382e-11, 1.2412884956e-11, 3.57089249663e-12, 3.76532268906e-12, 5.77770557092e-12, 5.56550508804e-12, 5.47643657853e-12, 1.48814706218e-12], "mean": [0.00249554775655, 0.00259646214545, 0.00137307110708, 0.00111153721809, 0.000406733277487, 0.000420733878855, 0.000358434044756, 0.000296302721836, 0.000175935201696, 0.000152305743541, 0.000133263529278, 7.91746278992e-05, 8.38553314679e-05, 4.67802601634e-05, 3.96118375647e-05, 1.93836149265e-05, 2.20387501031e-05, 2.50933571806e-05, 2.45756364166e-05, 2.1046576876e-05, 2.32107122429e-05, 2.99242365145e-05, 1.45483936649e-05, 9.10330527404e-06, 1.19847827591e-05, 1.16442788567e-05, 7.38722246751e-06, 6.05809373155e-06, 3.78609342988e-06, 3.46860724676e-06, 3.33392722496e-06, 3.04036711896e-06, 2.38459574575e-06, 2.02166961571e-06, 1.52185418756e-06, 1.40389727221e-06, 1.41936482123e-06, 1.34446099764e-06, 1.22525273127e-06, 7.32049898033e-07], "min": [3.41604776523e-24, 7.05390349548e-24, 4.44528287131e-24, 3.81773810475e-24, 9.18787874033e-24, 6.95737295309e-24, 1.67779512716e-23, 9.31891169213e-24, 4.4302321941e-24, 1.40419670821e-23, 2.71380552289e-23, 3.29458211849e-24, 6.75877169818e-24, 8.8017478933e-24, 6.70840214052e-24, 7.53535398341e-24, 1.27291826289e-23, 1.23054885922e-23, 9.94827991067e-24, 9.43154840762e-24, 1.08048140375e-23, 8.75988146734e-24, 7.34410333441e-24, 6.70064684896e-24, 7.41278314254e-24, 9.47383845189e-24, 1.18446352625e-23, 1.04265741661e-23, 8.31105195557e-24, 9.98894963464e-24, 1.13726329616e-23, 1.1150936226e-23, 9.45934944364e-24, 1.73932343786e-23, 9.1055926593e-24, 5.12891170393e-24, 1.13459450084e-23, 1.07175194786e-23, 1.22470907971e-23, 7.90370548335e-24], "median": [0.00154960248619, 0.00183544564061, 0.000919111771509, 0.000607958761975, 0.000166580633959, 0.000231783487834, 0.00016544945538, 0.000104802784335, 5.11970538355e-05, 5.94674202148e-05, 6.34478856227e-05, 2.78040188277e-05, 2.80507756543e-05, 2.29963443417e-05, 1.37073757287e-05, 7.00822511135e-06, 1.11078034024e-05, 8.98193320609e-06, 9.08120819076e-06, 7.36819993108e-06, 1.14125905384e-05, 9.93245521386e-06, 7.65648019296e-06, 4.29992269346e-06, 2.48331025432e-06, 1.63990125657e-06, 1.37756330787e-06, 9.25545919017e-07, 8.27531209779e-07, 7.00525106367e-07, 5.89530088746e-07, 7.3826879543e-07, 8.61244529915e-07, 6.64946071538e-07, 6.17787577539e-07, 4.32878920265e-07, 3.93946663735e-07, 4.60961814497e-07, 3.87525403767e-07, 2.61609670815e-07], "dvar2": [8.42199588078e-05, 3.6841029214e-05, 2.53647431236e-06, 6.34701200397e-06, 7.44694716559e-07, 2.55002049698e-07, 2.36825997035e-07, 1.78593225542e-07, 1.00861662133e-07, 5.61607862437e-08, 3.94416090899e-08, 1.40813725125e-08, 2.0613494911e-08, 5.01930674801e-09, 6.24664542315e-09, 1.18516008119e-09, 1.06020991986e-09, 1.88865301176e-09, 1.182665188e-09, 9.36845157007e-10, 8.43639436088e-10, 2.12036943559e-09, 3.30694582829e-10, 1.68470182249e-10, 4.36943287108e-10, 3.1762875663e-10, 1.69972785846e-10, 1.44510806099e-10, 7.24114587736e-11, 5.06209518747e-11, 5.74275904608e-11, 3.9134251395e-11, 2.64203207923e-11, 2.94119416322e-11, 7.71487734808e-12, 8.27244262674e-12, 1.08457973505e-11, 1.15311735854e-11, 1.28481010553e-11, 3.3613146988e-12], "var": [2.10531870835e-05, 1.24001162476e-05, 2.33657283388e-06, 2.51285518971e-06, 3.70634467117e-07, 3.34845879024e-07, 3.5526139186e-07, 2.90942068659e-07, 1.59533243504e-07, 8.18136172143e-08, 4.24672172983e-08, 1.90004811884e-08, 2.36639277063e-08, 4.78442219176e-09, 6.09665340434e-09, 1.09317521702e-09, 1.13563014548e-09, 1.70311376113e-09, 1.41714706636e-09, 1.01827613008e-09, 9.08289721213e-10, 2.27607022119e-09, 3.72254199688e-10, 1.40240971613e-10, 3.8835340499e-10, 3.7879135939e-10, 1.86111279166e-10, 1.37507338849e-10, 4.69197909692e-11, 3.87071624752e-11, 3.90409926609e-11, 3.18210492678e-11, 2.17169320721e-11, 1.96685081416e-11, 8.17329971065e-12, 9.37413601604e-12, 1.45482679723e-11, 1.15667640396e-11, 8.10892152037e-12, 2.38623769182e-12], "dmean2": [0.00326694152318, 0.00261577032506, 0.00109204126056, 0.00119068694767, 0.000380880315788, 0.000313678290695, 0.00024635202135, 0.000210171652725, 0.000119505515613, 0.000106176965346, 0.00010424482025, 5.98042788624e-05, 6.86351049808e-05, 4.18040435761e-05, 3.54492549377e-05, 1.74639735633e-05, 1.85789867828e-05, 2.24134055316e-05, 1.96074270207e-05, 1.70504554262e-05, 1.86235683941e-05, 2.47577081609e-05, 1.23963045553e-05, 8.09297489468e-06, 1.03009906525e-05, 9.09294067242e-06, 5.99210170549e-06, 5.03556020703e-06, 3.62595574188e-06, 3.2719256069e-06, 3.23528252011e-06, 2.75938327832e-06, 2.31922103922e-06, 2.00891463464e-06, 1.34632739446e-06, 1.1881137425e-06, 1.03194327039e-06, 1.11733334052e-06, 1.3167260704e-06, 7.39998085919e-07], "max": [0.0692059472203, 0.0455674417317, 0.013321579434, 0.0194071363658, 0.00810065213591, 0.00761595601216, 0.00803144369274, 0.00686483038589, 0.0124572180212, 0.00412182090804, 0.00306256930344, 0.00235194223933, 0.00311220251024, 0.00117246771697, 0.00115549284965, 0.000469329301268, 0.000726846628822, 0.000775971682742, 0.000474529137136, 0.000399280921556, 0.000277803774225, 0.000629685644526, 0.000328918336891, 0.000148668274051, 0.000278713123407, 0.000155840592925, 0.000222131304326, 0.000236609601416, 0.000193573912838, 0.000116085800983, 9.84321522992e-05, 0.000115759998152, 8.362151857e-05, 0.000164071621839, 7.64218420954e-05, 6.97361974744e-05, 8.6085878138e-05, 9.05826163944e-05, 6.62836391712e-05, 3.3444892324e-05], "dmean": [0.00183146959171, 0.00149196304847, 0.000648922927212, 0.000695223221555, 0.000227098134928, 0.000197625297005, 0.000160496565513, 0.000138626332046, 8.14596860437e-05, 7.11156899342e-05, 6.73963222653e-05, 3.86089668609e-05, 4.46944941359e-05, 2.59621156147e-05, 2.23826737056e-05, 1.09015609269e-05, 1.19267488117e-05, 1.38249570227e-05, 1.2078529835e-05, 1.04098435258e-05, 1.12730394903e-05, 1.51968033606e-05, 7.61264618632e-06, 4.92108802064e-06, 6.12052235738e-06, 5.4504084801e-06, 3.64440370504e-06, 3.04627133119e-06, 2.17232468458e-06, 1.95669485947e-06, 1.91527169591e-06, 1.68058875261e-06, 1.45260253248e-06, 1.28179829062e-06, 8.85296628894e-07, 7.57387624617e-07, 6.92459309448e-07, 7.40523091736e-07, 8.5482349732e-07, 4.95142842283e-07]}, "spectral_decrease": {"dvar": 4.06221913729e-17, "mean": -7.8062800668e-09, "min": -8.27344805998e-08, "median": -6.0092952836e-09, "dvar2": 1.11067354027e-16, "var": 5.25279938353e-17, "dmean2": 5.19318632541e-09, "max": 1.30489679073e-23, "dmean": 3.01183966656e-09}, "spectral_rolloff": {"dvar": 568234.625, "mean": 1017.00518799, "min": 86.1328125, "median": 732.12890625, "dvar2": 1113297, "var": 1169720.625, "dmean2": 556.017272949, "max": 18647.7539062, "dmean": 339.166992188}, "melbands_crest": {"dvar": 6.55871725082, "mean": 13.4944114685, "min": 2.84920811653, "median": 12.9290790558, "dvar2": 17.4933567047, "var": 16.8231220245, "dmean2": 4.34466838837, "max": 32.7185592651, "dmean": 2.6114294529}, "barkbands_skewness": {"dvar": 0.416765004396, "mean": 1.88368582726, "min": -3.15157914162, "median": 1.7513422966, "dvar2": 1.03291130066, "var": 1.20963430405, "dmean2": 0.773298859596, "max": 10.5198488235, "dmean": 0.491920977831}, "spectral_centroid": {"dvar": 71710.2265625, "mean": 1059.94104004, "min": 201.608322144, "median": 948.926879883, "dvar2": 130718.320312, "var": 310494.5625, "dmean2": 287.66506958, "max": 10615.4580078, "dmean": 189.927597046}, "spectral_energyband_middle_low": {"dvar": 5.81648419029e-05, "mean": 0.0131735512987, "min": 3.70541775404e-22, "median": 0.0105220936239, "dvar2": 0.00015749988961, "var": 0.000131870241603, "dmean2": 0.00754817994311, "max": 0.10136757046, "dmean": 0.00456790067255}, "erbbands_crest": {"dvar": 4.07735586166, "mean": 8.47522640228, "min": 2.26369047165, "median": 7.38725566864, "dvar2": 9.5682888031, "var": 18.1499633789, "dmean2": 3.29925918579, "max": 27.3542423248, "dmean": 2.09089708328}, "dynamic_complexity": 3.24490427971, "spectral_energyband_low": {"dvar": 0.000519138236996, "mean": 0.0146947009489, "min": 3.49791117458e-23, "median": 0.0111147593707, "dvar2": 0.00143640837632, "var": 0.000435336405644, "dmean2": 0.0150366313756, "max": 0.293893665075, "dmean": 0.00853962078691}, "silence_rate_60dB": {"dvar": 0.0200472194701, "mean": 0.0692759677768, "min": 0, "median": 0, "dvar2": 0.0426850169897, "var": 0.0644884258509, "dmean2": 0.0409478656948, "max": 1, "dmean": 0.0204719938338}, "erbbands_kurtosis": {"dvar": 1.22121167183, "mean": 0.303697258234, "min": -1.77233600616, "median": -0.351182341576, "dvar2": 2.79315638542, "var": 4.40320301056, "dmean2": 1.11778259277, "max": 38.7802848816, "dmean": 0.714798927307}, "spectral_complexity": {"dvar": 15.2336111069, "mean": 18.7859172821, "min": 0, "median": 14, "dvar2": 33.7374649048, "var": 140.810287476, "dmean2": 5.01838874817, "max": 57, "dmean": 3.1854801178}, "barkbands_crest": {"dvar": 6.50502157211, "mean": 10.1674394608, "min": 2.09404969215, "median": 9.41784477234, "dvar2": 17.5855541229, "var": 13.9893827438, "dmean2": 4.00877571106, "max": 25.5927200317, "dmean": 2.39417505264}, "spectral_energy": {"dvar": 0.000597495003603, "mean": 0.0310487169772, "min": 1.04297014316e-20, "median": 0.0238767899573, "dvar2": 0.00163106492255, "var": 0.000806543277577, "dmean2": 0.0201008897275, "max": 0.317532032728, "dmean": 0.011697081849}, "spectral_spread": {"dvar": 886385737728, "mean": 4541993, "min": 670685.6875, "median": 4521800.5, "dvar2": 1409208156160.0, "var": 3880246575100.0, "dmean2": 861844.4375, "max": 40278528, "dmean": 684570.125}, "spectral_contrast_valleys": {"dvar": [0.170044764876, 0.125756546855, 0.146659508348, 0.134180754423, 0.171649053693, 0.240271553397], "mean": [-7.18131351471, -6.7896733284, -7.41800880432, -7.94135761261, -7.93039178848, -10.4713382721], "min": [-27.7891025543, -26.9097232819, -27.3991546631, -27.328622818, -27.2537269592, -27.1676139832], "median": [-6.72108411789, -6.74032211304, -7.38887834549, -7.91925382614, -7.77379560471, -9.85998153687], "dvar2": [0.337827801704, 0.253084182739, 0.294006437063, 0.239119932055, 0.299334973097, 0.386971950531], "var": [1.81503546238, 0.552868306637, 0.690472245216, 0.895452260971, 1.63763809204, 2.62157917023], "dmean2": [0.642964422703, 0.552562296391, 0.535685420036, 0.470032989979, 0.448178142309, 0.466778725386], "max": [-4.94947528839, -4.84650087357, -5.26856851578, -5.72697257996, -5.60423517227, -7.44504165649], "dmean": [0.392679333687, 0.337332636118, 0.336786925793, 0.30391317606, 0.314213335514, 0.38222527504]}, "spectral_rms": {"dvar": 2.08733854379e-06, "mean": 0.00497284624726, "min": 3.18987761552e-12, "median": 0.00482643023133, "dvar2": 5.39185248272e-06, "var": 5.56222357773e-06, "dmean2": 0.0014255666174, "max": 0.0176007766277, "dmean": 0.000868833973072}, "barkbands_spread": {"dvar": 51.4949073792, "mean": 18.7278995514, "min": 1.0770355463, "median": 15.8556537628, "dvar2": 107.851638794, "var": 169.010604858, "dmean2": 7.52610635757, "max": 107.59602356, "dmean": 4.97533416748}, "pitch_salience": {"dvar": 0.00394859351218, "mean": 0.550586819649, "min": 0.137212514877, "median": 0.556938886642, "dvar2": 0.0107480939478, "var": 0.00915402546525, "dmean2": 0.105754718184, "max": 0.9972230196, "dmean": 0.0637554675341}, "erbbands_skewness": {"dvar": 0.0916850790381, "mean": 0.400849252939, "min": -4.34914112091, "median": 0.33215790987, "dvar2": 0.196761101484, "var": 0.485240519047, "dmean2": 0.446146935225, "max": 4.52502393723, "dmean": 0.292283952236}, "spectral_energyband_middle_high": {"dvar": 2.51905612458e-06, "mean": 0.00367051060311, "min": 1.38791395017e-21, "median": 0.00184848927893, "dvar2": 6.18309968559e-06, "var": 1.70346702362e-05, "dmean2": 0.00155467540026, "max": 0.0268034916371, "dmean": 0.00101088243537}, "erbbands": {"dvar": [0.331186801195, 19.9050712585, 23.3039779663, 30.8101806641, 153.944549561, 710.044921875, 127.599868774, 223.333877563, 511.575958252, 703.421081543, 844.000854492, 649.44519043, 662.94354248, 355.171905518, 468.998016357, 386.1953125, 154.495788574, 119.098365784, 255.727111816, 245.963821411, 176.843032837, 439.846710205, 102.44947052, 169.595809937, 128.411529541, 103.336837769, 60.5211181641, 48.0912246704, 37.6166877747, 33.0196380615, 9.81656169891, 11.7913646698, 10.4592990875, 2.6990146637, 0.354185074568, 0.0755092725158, 0.0296776425093, 0.00729285134003, 5.16098225489e-06, 3.19355342171e-09], "mean": [0.250385224819, 2.16917657852, 4.42091083527, 6.84671449661, 12.6381120682, 16.4121551514, 9.40565490723, 18.9299926758, 23.0395927429, 27.9765529633, 22.9236717224, 23.5168914795, 27.3930568695, 20.8152866364, 21.0725402832, 18.7837677002, 11.2688407898, 11.9360733032, 16.261138916, 17.7553596497, 19.3063278198, 25.1738319397, 13.0608177185, 14.4478282928, 13.6068344116, 9.42731571198, 6.17932224274, 5.7272400856, 5.09182500839, 3.80691075325, 2.66330003738, 2.27598905563, 1.91141784191, 1.00832974911, 0.398086458445, 0.225664481521, 0.115053929389, 0.0364028848708, 0.000950935820583, 5.76804632146e-05], "min": [3.97688511258e-22, 3.12872746424e-21, 1.48797529892e-20, 2.56469368406e-20, 2.61879517353e-20, 9.933394195e-20, 2.85593127922e-19, 2.96372247732e-19, 1.1108674769e-18, 9.8128828978e-19, 5.90197761454e-19, 1.77744301192e-18, 5.46274832819e-18, 1.03130552328e-18, 2.55467494357e-18, 3.14156620562e-18, 3.80481575078e-18, 6.19282910376e-18, 7.20803117827e-18, 7.65535473711e-18, 8.51646381685e-18, 7.85711980494e-18, 7.77484014941e-18, 9.46344665188e-18, 1.39555295505e-17, 1.59205781593e-17, 1.47457848205e-17, 1.86482459339e-17, 1.82449341739e-17, 2.64136371992e-17, 1.39583121861e-17, 1.51930248341e-17, 1.61400953503e-17, 1.046113814e-17, 9.20611820794e-18, 6.42174265289e-18, 3.3413024062e-18, 1.20813088885e-18, 3.30258244362e-19, 4.02554489059e-20], "median": [0.117929957807, 1.34667026997, 2.61663484573, 4.29668235779, 7.97890853882, 6.27590751648, 4.00856542587, 10.3501348495, 10.3068828583, 10.3671665192, 7.37267208099, 9.07205486298, 13.6393327713, 8.14844512939, 8.4054851532, 8.31663608551, 3.9355134964, 6.08934497833, 5.86361980438, 6.63615036011, 9.03861808777, 9.37212944031, 6.81487798691, 3.42036318779, 2.2296102047, 1.63582408428, 1.32363462448, 1.12383317947, 1.39494979382, 1.30867612362, 1.06345248222, 0.686581909657, 0.660927891731, 0.35965180397, 0.128756374121, 0.0524050816894, 0.0167967490852, 0.00361886294559, 0.000106340507045, 4.18626113969e-05], "dvar2": [0.932747781277, 55.7389526367, 64.6109237671, 83.2877044678, 426.942901611, 1950.52734375, 349.064483643, 531.608215332, 1092.35534668, 1550.85998535, 1740.27050781, 1477.61254883, 1584.12390137, 814.3125, 1106.64428711, 920.325866699, 393.67477417, 279.210510254, 637.586975098, 630.474853516, 465.164611816, 1148.07189941, 259.111785889, 475.738769531, 347.737762451, 263.52947998, 160.657516479, 120.049766541, 88.3306808472, 75.5639953613, 20.1984024048, 21.7134914398, 21.9149112701, 5.93867349625, 0.749406039715, 0.155237853527, 0.0678741633892, 0.0174027029425, 1.29218942675e-05, 7.89174858795e-09], "var": [0.234567135572, 14.2760906219, 32.5177116394, 67.4000167847, 234.423706055, 761.502990723, 198.425033569, 687.870849609, 1608.10998535, 2660.82080078, 2935.00195312, 2185.90625, 1725.26208496, 1169.26904297, 1167.45739746, 941.235107422, 344.689361572, 300.565032959, 654.313720703, 724.460327148, 618.245666504, 1369.24230957, 262.403167725, 500.156890869, 485.743560791, 304.715515137, 116.418426514, 100.280158997, 83.082321167, 61.6109313965, 25.6130981445, 32.5517234802, 20.9890136719, 4.61021280289, 0.681707918644, 0.144885271788, 0.0397573597729, 0.00729376263916, 4.78706488138e-06, 3.87239795785e-09], "dmean2": [0.338369935751, 2.75999879837, 4.05005598068, 5.73657178879, 12.7219238281, 18.6106948853, 8.4419593811, 14.2010755539, 16.301908493, 19.3956680298, 15.352025032, 15.7453641891, 20.8313884735, 14.8280210495, 16.6075229645, 16.2440471649, 9.4107093811, 9.41659641266, 13.2992048264, 13.7995910645, 13.7562599182, 19.3513736725, 10.3705387115, 11.1661329269, 9.71273326874, 6.9240193367, 5.39688158035, 4.98114061356, 4.38291931152, 3.39388442039, 2.16349196434, 1.58837509155, 1.64412486553, 0.973605036736, 0.358844220638, 0.206827774644, 0.122251704335, 0.0468582995236, 0.00128532596864, 4.34337889601e-05], "max": [7.30685567856, 54.2111091614, 56.11460495, 81.3197021484, 184.414138794, 390.995269775, 181.688247681, 371.458129883, 560.763183594, 707.450439453, 1523.44348145, 744.684570312, 627.502258301, 536.076538086, 702.899475098, 479.832611084, 318.842193604, 336.056396484, 428.417663574, 311.327941895, 241.030014038, 441.437438965, 224.264160156, 288.114257812, 237.898178101, 344.9190979, 287.529449463, 136.437316895, 182.71144104, 212.039978027, 113.183143616, 129.767669678, 111.397323608, 42.8595504761, 16.6482791901, 5.68079853058, 2.0311050415, 0.970951199532, 0.027508020401, 0.000567234237678], "dmean": [0.188533887267, 1.55047309399, 2.33661675453, 3.40687155724, 7.54178571701, 10.8589296341, 5.05291414261, 8.92730522156, 10.5623950958, 12.835723877, 10.3781242371, 10.6804952621, 13.4629831314, 9.62613391876, 10.7001104355, 10.1634349823, 5.90644884109, 6.04516649246, 8.25336551666, 8.47362041473, 8.37858200073, 11.9201154709, 6.35633087158, 6.68666410446, 5.88724136353, 4.25870275497, 3.26092767715, 2.99151158333, 2.71740460396, 2.2207326889, 1.4348243475, 1.07281076908, 1.09037685394, 0.660954296589, 0.254163682461, 0.157286420465, 0.0900978147984, 0.0327694490552, 0.000867085298523, 2.88623523375e-05]}, "dissonance": {"dvar": 0.000370581867173, "mean": 0.453108400106, "min": 0.190944105387, "median": 0.462922036648, "dvar2": 0.000983448233455, "var": 0.00128353794571, "dmean2": 0.0320009849966, "max": 0.499999940395, "dmean": 0.0193179026246}, "erbbands_flatness_db": {"dvar": 0.000472685322165, "mean": 0.154663816094, "min": 0.0434569232166, "median": 0.129827469587, "dvar2": 0.000810257974081, "var": 0.00592614524066, "dmean2": 0.0245511885732, "max": 0.435692936182, "dmean": 0.0189601667225}, "melbands_kurtosis": {"dvar": 293.996368408, "mean": 15.9399833679, "min": -1.76567924023, "median": 10.5468969345, "dvar2": 788.883911133, "var": 388.374633789, "dmean2": 12.6937351227, "max": 370.86831665, "dmean": 7.69753170013}, "melbands_spread": {"dvar": 64.3206710815, "mean": 16.3384590149, "min": 1.03190279007, "median": 13.8357067108, "dvar2": 133.347244263, "var": 160.732543945, "dmean2": 6.94469261169, "max": 210.743789673, "dmean": 4.49332904816}, "melbands_skewness": {"dvar": 0.902319431305, "mean": 2.92030453682, "min": -1.36804461479, "median": 2.77586245537, "dvar2": 2.223985672, "var": 2.55307579041, "dmean2": 1.09574687481, "max": 15.4513225555, "dmean": 0.691860377789}, "spectral_entropy": {"dvar": 0.0530544929206, "mean": 7.40274810791, "min": 5.11859989166, "median": 7.59833621979, "dvar2": 0.0927639231086, "var": 0.381385445595, "dmean2": 0.250397652388, "max": 9.80724716187, "dmean": 0.18490408361}, "zerocrossingrate": {"dvar": 0.000200163412956, "mean": 0.0518929772079, "min": 0.0029296875, "median": 0.046875, "dvar2": 0.000214215222513, "var": 0.000986784812994, "dmean2": 0.0119510889053, "max": 0.49267578125, "dmean": 0.0109076322988}, "average_loudness": 0.784224450588, "spectral_contrast_coeffs": {"dvar": [0.00181921431795, 0.00135348865297, 0.00103301706258, 0.000542141555343, 0.000414519396145, 0.000273588229902], "mean": [-0.630759656429, -0.704708695412, -0.745759427547, -0.78009057045, -0.777710616589, -0.786130785942], "min": [-0.946451842785, -0.969110131264, -0.970491111279, -0.961232542992, -0.9582862854, -0.961491525173], "median": [-0.638373494148, -0.709837079048, -0.751767754555, -0.788624107838, -0.785926401615, -0.791048288345], "dvar2": [0.00483871204779, 0.0034604051616, 0.00258857663721, 0.00134642410558, 0.000991410226561, 0.00069744506618], "var": [0.00588366109878, 0.00527767231688, 0.0042152935639, 0.0027056701947, 0.00228674104437, 0.00199697259814], "dmean2": [0.0826541185379, 0.0717165097594, 0.0595884434879, 0.0464905723929, 0.0376974195242, 0.029136037454], "max": [-0.296161949635, -0.407830685377, -0.492620795965, -0.577321171761, -0.553938388824, -0.599541246891], "dmean": [0.0491455569863, 0.0438481383026, 0.0373353362083, 0.0286344308406, 0.0232730265707, 0.0182551275939]}, "barkbands_flatness_db": {"dvar": 0.00061995483702, "mean": 0.148827016354, "min": 0.012312614359, "median": 0.134425371885, "dvar2": 0.00132818706334, "var": 0.004421596881, "dmean2": 0.0328896567225, "max": 0.365747541189, "dmean": 0.0228094235063}, "silence_rate_30dB": {"dvar": 0.0178663395345, "mean": 0.987395763397, "min": 0, "median": 1, "dvar2": 0.0462561696768, "var": 0.0124457767233, "dmean2": 0.0363981053233, "max": 1, "dmean": 0.0181973278522}, "spectral_energyband_high": {"dvar": 5.05660295858e-07, "mean": 0.000738669652492, "min": 7.90735551752e-21, "median": 0.000269223208306, "dvar2": 1.07689390916e-06, "var": 1.37862946303e-06, "dmean2": 0.000502002425492, "max": 0.0146120805293, "dmean": 0.000346453569364}, "melbands_flatness_db": {"dvar": 0.000887447793502, "mean": 0.232986211777, "min": 0.0065297507681, "median": 0.22188949585, "dvar2": 0.00189901539125, "var": 0.00575447548181, "dmean2": 0.038851775229, "max": 0.493147581816, "dmean": 0.0264993812889}, "barkbands": {"dvar": [8.92904722605e-07, 0.00040543708019, 1.30373964566e-05, 4.9485256568e-06, 3.6499939597e-05, 2.35336165133e-06, 2.51320966527e-06, 1.89436309483e-06, 1.16172736853e-06, 4.0044650973e-07, 4.39461132373e-07, 2.07546435149e-07, 6.83892835696e-08, 5.45730500789e-08, 9.67730500179e-08, 5.30901260731e-08, 1.3941519228e-07, 2.81180536632e-08, 6.72777673572e-08, 4.18969570148e-08, 3.07118561693e-08, 2.98417468514e-08, 1.73061511788e-08, 3.15262234096e-08, 1.19847829438e-08, 8.7238527513e-09, 4.98611374411e-10], "mean": [0.000309871975332, 0.0093877883628, 0.00389495817944, 0.00247271102853, 0.00447298074141, 0.00202060653828, 0.00167359935585, 0.00110344286077, 0.00111083651427, 0.000641100807115, 0.000613867479842, 0.000438166927779, 0.000208352663321, 0.000240260720602, 0.000358746969141, 0.000283100467641, 0.000462015304947, 0.000204243086046, 0.000315187644446, 0.000193542335182, 0.000143616911373, 0.000140415198985, 0.000100266312074, 0.000112665125926, 7.21694013919e-05, 6.59748911858e-05, 8.2060096247e-06], "min": [6.87868723324e-24, 1.43774159825e-23, 1.55826755389e-23, 7.8932159999e-24, 2.92419409523e-23, 3.54462152204e-23, 8.03024429458e-23, 3.19773760946e-23, 9.55746259878e-23, 1.09660614664e-22, 5.18359680405e-23, 6.41811110927e-23, 6.96421995021e-23, 1.47084895449e-22, 1.26747127301e-22, 1.26053510306e-22, 1.76215395599e-22, 1.52909957969e-22, 2.07095513506e-22, 3.71008882034e-22, 4.32745363668e-22, 5.21200172888e-22, 6.30100136312e-22, 9.87507440753e-22, 1.12564609818e-21, 1.72535052767e-21, 2.53764875544e-21], "median": [5.23427879671e-05, 0.00591683853418, 0.0018081277376, 0.00147854653187, 0.00235780328512, 0.00112233788241, 0.000626374152489, 0.000291336677037, 0.000437559123384, 0.000292520067887, 0.000197919900529, 0.000190576305613, 6.74477414577e-05, 0.000123603851534, 0.000130379383336, 0.000109387823613, 0.000183913114597, 0.000105157450889, 4.81530405523e-05, 3.58179095201e-05, 3.10283940053e-05, 4.0331571654e-05, 3.69599292753e-05, 3.68783476006e-05, 2.45366900344e-05, 1.12377738333e-05, 6.75033561492e-07], "dvar2": [2.33052287513e-06, 0.00113643775694, 3.67253014701e-05, 1.32155109895e-05, 0.000100795557955, 5.71352347833e-06, 5.23092103322e-06, 4.11291648561e-06, 2.68239887191e-06, 9.42760550515e-07, 9.81046468951e-07, 4.86396686483e-07, 1.73515218194e-07, 1.3229377771e-07, 2.40947144903e-07, 1.42994835528e-07, 3.64777207551e-07, 6.99694382433e-08, 1.89139811368e-07, 1.06283820855e-07, 7.85624436617e-08, 6.82229952531e-08, 3.6768856404e-08, 5.92174771441e-08, 2.58253454177e-08, 1.91030657959e-08, 1.3304205515e-09], "var": [7.36675133339e-07, 0.000285493762931, 2.77562849078e-05, 9.94433412416e-06, 4.04455131502e-05, 7.16657677913e-06, 8.45502927405e-06, 6.62735146761e-06, 3.98419433623e-06, 1.02727005924e-06, 1.23069094116e-06, 5.27033364506e-07, 1.37126662025e-07, 1.13823482195e-07, 3.08423750539e-07, 1.58714115628e-07, 4.34602526411e-07, 7.07339893324e-08, 2.58871949654e-07, 1.2736953181e-07, 6.12415149703e-08, 6.7048652852e-08, 3.8622161469e-08, 7.84262468301e-08, 2.19864126905e-08, 1.26785053567e-08, 3.99455718503e-10], "dmean2": [0.000562736706343, 0.012190961279, 0.00334642338566, 0.00240836013108, 0.00469858851284, 0.00150825339369, 0.00111621862743, 0.000842786044814, 0.000787850876804, 0.000516850326676, 0.000499873305671, 0.000387333333492, 0.00019848276861, 0.000206759781577, 0.000284224835923, 0.000231190308114, 0.000361397396773, 0.000174080312718, 0.000228602541029, 0.000142233329825, 0.000126013357658, 0.000118168645713, 8.61685330165e-05, 8.43332527438e-05, 6.59942306811e-05, 6.75715346006e-05, 1.26209415612e-05], "max": [0.0115253673866, 0.249433636665, 0.0423857346177, 0.0316627658904, 0.0844811275601, 0.0334523916245, 0.0386765673757, 0.0547967106104, 0.0246741585433, 0.0150134786963, 0.0203454103321, 0.00972412992269, 0.00716895097867, 0.00560343824327, 0.00627933209762, 0.0041948389262, 0.00682575674728, 0.00344375357963, 0.00525636365637, 0.00620115594938, 0.00515431212261, 0.00516975019127, 0.00514835910872, 0.0060389158316, 0.00267867837101, 0.000997478142381, 0.000309124443447], "dmean": [0.000328065943904, 0.00683858199045, 0.00195489567704, 0.00142726104241, 0.00274425977841, 0.000945570121985, 0.000746332632843, 0.000552804325707, 0.000522941409145, 0.000331813062076, 0.000327374233166, 0.000243428352405, 0.000123081728816, 0.000131728316774, 0.000175274457433, 0.000140260250191, 0.000222589471377, 0.000106478844828, 0.000135943482746, 8.78422652022e-05, 7.63486968935e-05, 7.44771532482e-05, 5.65234659007e-05, 5.67580209463e-05, 4.669156624e-05, 5.04684867337e-05, 8.09102584753e-06]}, "erbbands_spread": {"dvar": 87.7584381104, "mean": 40.2237739563, "min": 3.29109573364, "median": 39.1884918213, "dvar2": 179.725265503, "var": 374.375518799, "dmean2": 11.5276737213, "max": 127.558959961, "dmean": 7.75901556015}, "barkbands_kurtosis": {"dvar": 37.5847206116, "mean": 5.64668512344, "min": -1.91387808323, "median": 3.2579305172, "dvar2": 100.942382812, "var": 61.3132095337, "dmean2": 5.0528922081, "max": 122.610336304, "dmean": 3.09386253357}, "spectral_flux": {"dvar": 0.00197073398158, "mean": 0.0751571506262, "min": 1.02125911894e-10, "median": 0.0596211589873, "dvar2": 0.00404098909348, "var": 0.003542794846, "dmean2": 0.0421936996281, "max": 0.448190510273, "dmean": 0.0266052540392}, "silence_rate_20dB": {"dvar": 0, "mean": 1, "min": 1, "median": 1, "dvar2": 0, "var": 0, "dmean2": 0, "max": 1, "dmean": 0}, "gfcc": {"cov": [[9164.52636719, -3190.87109375, 1496.03063965, 2141.16503906, -495.111419678, 1130.4954834, 126.898040771, 495.094909668, -102.467750549, 500.5050354, -437.899627686, 187.758926392, -194.769317627], [-3190.87109375, 2141.6159668, -891.314941406, -815.218017578, 364.983306885, -488.380493164, 77.2744216919, -181.993621826, 118.951057434, -261.389404297, 308.67489624, -165.202285767, 158.559463501], [1496.03063965, -891.314941406, 1350.96289062, 596.165588379, 5.08401727676, 395.286895752, -0.00952868070453, 230.324584961, 23.5147151947, 200.865249634, -227.434631348, 107.854278564, -151.367401123], [2141.16503906, -815.218017578, 596.165588379, 1050.9654541, -99.7976226807, 402.192871094, 68.1142807007, 151.801574707, 12.1572246552, 128.630889893, -115.945159912, 11.7807188034, -2.34154963493], [-495.111419678, 364.983306885, 5.08401727676, -99.7976226807, 294.319610596, -28.9673576355, 63.4906349182, 11.4812936783, 21.8820800781, -23.3618659973, 35.3848571777, 15.3240423203, 15.5494947433], [1130.4954834, -488.380493164, 395.286895752, 402.192871094, -28.9673576355, 320.596862793, 69.4949569702, 100.149230957, -9.18965435028, 88.6995620728, -83.6063613892, 39.5924263, -29.6793785095], [126.898040771, 77.2744216919, -0.00952868070453, 68.1142807007, 63.4906349182, 69.4949569702, 135.407272339, 32.4259910583, 7.04089784622, 10.5088672638, 15.1116352081, 0.219951748848, 15.3590259552], [495.094909668, -181.993621826, 230.324584961, 151.801574707, 11.4812936783, 100.149230957, 32.4259910583, 147.283737183, 41.0645637512, 42.0045967102, -40.5886421204, 11.8457069397, -28.7919445038], [-102.467750549, 118.951057434, 23.5147151947, 12.1572246552, 21.8820800781, -9.18965435028, 7.04089784622, 41.0645637512, 98.8095474243, 25.0344905853, 11.809179306, -12.5915184021, 5.35762071609], [500.5050354, -261.389404297, 200.865249634, 128.630889893, -23.3618659973, 88.6995620728, 10.5088672638, 42.0045967102, 25.0344905853, 115.539627075, -25.1062698364, 31.8722801208, -27.2297801971], [-437.899627686, 308.67489624, -227.434631348, -115.945159912, 35.3848571777, -83.6063613892, 15.1116352081, -40.5886421204, 11.809179306, -25.1062698364, 117.880249023, -7.23330450058, 48.1684074402], [187.758926392, -165.202285767, 107.854278564, 11.7807188034, 15.3240423203, 39.5924263, 0.219951748848, 11.8457069397, -12.5915184021, 31.8722801208, -7.23330450058, 85.3767623901, 0.120164081454], [-194.769317627, 158.559463501, -151.367401123, -2.34154963493, 15.5494947433, -29.6793785095, 15.3590259552, -28.7919445038, 5.35762071609, -27.2297801971, 48.1684074402, 0.120164081454, 81.4248580933]], "mean": [-11.1939573288, 107.035446167, -104.811347961, 21.9773769379, -48.3924255371, 7.16039085388, -39.5291900635, 12.2939910889, -21.3691730499, -2.4853079319, -17.6489715576, 3.46775984764, -11.5455904007], "icov": [[0.000369663495803, 0.000186576071428, 0.000269284500973, -0.00046437419951, 0.000124683705508, -0.000292120035738, -2.96542893921e-05, -0.000569271971472, 0.000405353057431, -0.000565555703361, 0.000189314552699, -0.000249439239269, 0.000354742485797], [0.000186576071428, 0.00319293001667, -0.000671748886816, 0.00105038529728, -0.00202363892458, 0.000642682774924, -0.00172002613544, 0.00155912339687, -0.00336934812367, 0.00336805987172, -0.00408740155399, 0.00422678282484, -0.00173366325907], [0.000269284500973, -0.000671748886816, 0.00267457682639, -0.00124602206051, -0.000189806945855, -0.00129715225194, 0.00150115124416, -0.00204399204813, 0.00103954796214, -0.00252512586303, 0.00298656569794, -0.00283837574534, 0.00277049839497], [-0.00046437419951, 0.00105038529728, -0.00124602206051, 0.00343048153445, -0.000512202270329, -0.0015387092717, -0.000517219421454, 0.000999866984785, -0.00177609443199, 0.00156660389621, -0.00177311943844, 0.0038307372015, -0.00370179628953], [0.000124683705508, -0.00202363892458, -0.000189806945855, -0.000512202270329, 0.00610644975677, 3.97175172111e-05, -0.0015840230044, -0.00135389796924, 0.001436580671, -0.000912868417799, 0.00179019081406, -0.00409917254001, 0.00108694180381], [-0.000292120035738, 0.000642682774924, -0.00129715225194, -0.0015387092717, 3.97175172111e-05, 0.0102146808058, -0.00445932522416, -0.000532815407496, 0.000932944531087, -0.000617684156168, 0.000932766066398, -0.000473253021482, -0.000856517755892], [-2.96542893921e-05, -0.00172002613544, 0.00150115124416, -0.000517219421454, -0.0015840230044, -0.00445932522416, 0.0125091932714, -0.00318331620656, 0.00272600818425, -0.00299792387523, 0.000540091190487, -0.000758964917623, -0.000254210404819], [-0.000569