{"lowlevel": {"erbbands": {"mean": [0.029282849282, 0.362345993519, 1.16774499416, 1.42235910892, 2.87663412094, 5.73442697525, 4.66698265076, 9.13462924957, 11.8231725693, 13.8927869797, 16.8523769379, 26.2585411072, 31.4490699768, 32.6163291931, 38.5621261597, 43.8214759827, 32.5459022522, 33.3177642822, 54.2462043762, 58.2251968384, 77.9236755371, 98.7331619263, 74.5241851807, 46.9116020203, 49.0374145508, 35.3780059814, 15.1140432358, 6.91493082047, 5.47679519653, 4.32505369186, 2.15482926369, 1.16346645355, 0.661939442158, 0.411150485277, 0.187986478209, 0.085417047143, 0.032084543258, 0.00512753985822, 0.000409165339079, 3.74327028112e-05], "dvar": [0.00510677834973, 0.3821182549, 1.52773213387, 1.26704704762, 6.87948894501, 25.8192443848, 11.3741769791, 54.4794311523, 105.36378479, 128.642654419, 197.731155396, 644.47833252, 1302.62133789, 1329.73181152, 2884.58984375, 3532.09033203, 1827.29858398, 800.063903809, 1538.99389648, 1343.07702637, 2266.18115234, 2153.82666016, 941.623840332, 466.08505249, 530.185424805, 185.217071533, 54.4552879333, 77.6212463379, 44.1465034485, 69.6056060791, 13.7158794403, 3.27071046829, 0.511875033379, 0.221584171057, 0.0551917329431, 0.0192614439875, 0.00240956782363, 6.60634759697e-05, 5.39445920822e-07, 4.57057031111e-10], "min": [1.10950749343e-22, 3.68116652898e-22, 3.52591067538e-21, 6.13380313992e-21, 2.53257775054e-20, 4.0228510606e-20, 6.73488968401e-20, 1.38076839407e-19, 1.56706110025e-19, 2.04093852676e-19, 3.29315491108e-19, 3.52256156325e-19, 9.1063372718e-19, 9.66627960988e-19, 1.49553768781e-18, 2.36201961582e-18, 2.40314620869e-18, 2.59989256496e-18, 3.30922124012e-18, 4.96085359639e-18, 5.94984438524e-18, 5.38279305018e-18, 6.19987296027e-18, 7.47738517396e-18, 1.04299352329e-17, 8.49495629374e-18, 1.22121537653e-17, 1.34053063778e-17, 1.29697602166e-17, 1.21775519731e-17, 1.15393118202e-17, 1.21560295608e-17, 1.09239225317e-17, 9.06410866756e-18, 8.0307499786e-18, 4.41929224549e-18, 2.60121088406e-18, 1.04903965522e-18, 2.87900341446e-19, 2.73680201987e-20], "dmean": [0.0269413758069, 0.268613487482, 0.702122151852, 0.768151044846, 1.80284440517, 3.48635292053, 2.50198292732, 5.23693847656, 6.84590387344, 7.91456270218, 9.4078168869, 14.4695882797, 18.0283203125, 19.4059276581, 22.8102264404, 22.910369873, 15.7420110703, 15.1668195724, 24.6286354065, 25.3913707733, 31.712184906, 37.4376029968, 27.8854217529, 16.4142894745, 18.0286064148, 12.3635034561, 5.59521532059, 3.61643338203, 3.44661855698, 2.89430475235, 1.30193853378, 0.676392018795, 0.32373893261, 0.214653730392, 0.0955378711224, 0.0439455360174, 0.019245184958, 0.00324818072841, 0.000313148688292, 1.24332782434e-05], "dmean2": [0.046660721302, 0.465097695589, 1.19756948948, 1.30624461174, 3.03908133507, 5.85161828995, 4.19986581802, 8.74501895905, 11.3710746765, 12.7119312286, 15.4012794495, 23.8121738434, 29.9798717499, 32.4201087952, 37.2483863831, 36.7545928955, 24.7325000763, 24.5657920837, 41.232585907, 41.1503143311, 52.6919937134, 62.8058395386, 47.0627708435, 26.6384677887, 30.0320911407, 20.9396839142, 9.42780685425, 6.22747755051, 5.94142246246, 5.04678344727, 2.15140748024, 1.13886332512, 0.499326378107, 0.333255827427, 0.149797901511, 0.0663543790579, 0.0302718672901, 0.00511439796537, 0.000497836910654, 1.92471707123e-05], "dvar2": [0.0136858047917, 1.0581612587, 4.3277463913, 3.64187502861, 18.6144256592, 75.3525772095, 31.6608886719, 152.605651855, 283.114105225, 342.268707275, 531.030395508, 1672.51525879, 3597.20166016, 3539.44311523, 7701.06054688, 8624.65917969, 4746.95458984, 2060.2097168, 4304.63183594, 3325.7902832, 6099.01806641, 6270.86425781, 2530.3190918, 1140.18688965, 1370.20141602, 488.032196045, 138.781097412, 217.559249878, 117.905227661, 194.71321106, 36.0490875244, 8.29010868073, 1.21615970135, 0.556833326817, 0.139218196273, 0.047048419714, 0.00587997119874, 0.000167933118064, 1.38847565267e-06, 1.13858633632e-09], "max": [0.585505843163, 5.74178552628, 16.4420223236, 12.1146697998, 31.0792827606, 81.5279922485, 53.4048271179, 117.875671387, 179.617996216, 206.82875061, 206.000259399, 496.31854248, 780.727722168, 601.117492676, 1137.70263672, 1180.68701172, 1377.6842041, 757.36505127, 860.745544434, 634.05065918, 1052.16564941, 1358.09741211, 672.435913086, 332.607757568, 433.891387939, 246.214370728, 123.568229675, 102.43309021, 63.2279396057, 109.001945496, 80.032989502, 43.3064994812, 17.4791507721, 7.82238149643, 6.48590230942, 3.91797804832, 1.17698585987, 0.241541132331, 0.0153647297993, 0.00052095123101], "median": [0.0133934179321, 0.233554720879, 0.697258114815, 1.14337277412, 1.920981884, 3.93263483047, 3.58038210869, 6.74562168121, 8.03995323181, 9.91848182678, 11.9908018112, 17.3891544342, 20.3936500549, 19.4576148987, 13.5818443298, 15.7261257172, 10.5197734833, 15.5534057617, 36.4600486755, 42.5512733459, 63.4280548096, 84.7228469849, 66.5624008179, 37.5223274231, 42.624420166, 32.8647460938, 13.1884593964, 4.26205825806, 2.52240037918, 1.70061469078, 0.88252645731, 0.459439694881, 0.284627556801, 0.190146043897, 0.0906117931008, 0.0347890965641, 0.0105629926547, 0.00153237849008, 9.95475347736e-05, 3.07502086798e-05], "var": [0.0037417372223, 0.288482367992, 1.86744558811, 1.66782581806, 9.43548679352, 35.0082092285, 17.3727092743, 79.5380172729, 185.006942749, 201.540603638, 287.217834473, 942.205627441, 1608.91345215, 1935.54968262, 5301.59960938, 8790.69335938, 4768.39013672, 2659.15161133, 3402.13549805, 3073.27954102, 4058.07324219, 6089.71484375, 2119.15185547, 1360.52734375, 1224.05175781, 474.740844727, 108.045860291, 76.9638442993, 54.1674537659, 66.5345993042, 17.4368839264, 5.44993162155, 1.0289721489, 0.396985441446, 0.0984184890985, 0.0329142957926, 0.00469065317884, 0.000108450112748, 6.92508933753e-07, 7.86426701538e-10]}, "gfcc": {"icov": [[0.000219660621951, -0.000388063373975, 0.00037502576015, -0.000293559976853, 0.000375633942895, -0.000275666388916, 0.000664009712636, -0.000785982934758, 0.000646129366942, -0.000511463324074, 0.000716491602361, -0.000752506195568, 0.000737422145903], [-0.000388063373975, 0.00508496630937, 0.000728008686565, -0.00283861393109, -0.000924381893128, 0.00318253273144, -0.00360723305494, 0.00193910358939, 0.00102938013151, 0.000293421326205, -0.00386206363328, 0.00447921035811, -0.00485495338216], [0.00037502576015, 0.000728008686565, 0.00381768262014, -0.00231748982333, -0.000715457252227, -2.54901297012e-05, 0.00237415265292, -0.00301409722306, 0.00189778802451, -0.00232247123495, 0.00222273706459, -0.00314325769432, 0.001221244107], [-0.000293559976853, -0.00283861393109, -0.00231748982333, 0.00817760452628, -0.000123497375171, -0.0021056632977, 0.00169029703829, 0.00175650708843, -0.00424667727202, 0.00206807628274, -0.000178598958883, 0.000749351514969, -0.000365340878488], [0.000375633942895, -0.000924381893128, -0.000715457252227, -0.000123497375171, 0.0109946122393, -0.000801549409516, -0.00618419516832, -0.00183503085282, 0.00380058237351, -0.00320920255035, -0.00211056042463, 0.00319502851926, -0.00127358024474], [-0.000275666388916, 0.00318253273144, -2.54901297012e-05, -0.0021056632977, -0.000801549409516, 0.00957976188511, -0.00413454184309, 0.00164138711989, 0.00151419756003, -0.000633466115687, -0.00438385596499, -0.0010698151309, 0.00220416509546], [0.000664009712636, -0.00360723305494, 0.00237415265292, 0.00169029703829, -0.00618419516832, -0.00413454184309, 0.0189714133739, -0.00361743895337, -0.00543382531032, 0.00279590114951, 0.00432944716886, -0.00431456929073, 0.0036585603375], [-0.000785982934758, 0.00193910358939, -0.00301409722306, 0.00175650708843, -0.00183503085282, 0.00164138711989, -0.00361743895337, 0.0160848833621, -0.00637109903619, -0.0024779161904, 0.00393614126369, 0.00435910699889, -0.00657309452072], [0.000646129366942, 0.00102938013151, 0.00189778802451, -0.00424667727202, 0.00380058237351, 0.00151419756003, -0.00543382531032, -0.00637109903619, 0.0209125056863, -0.00401300331578, -0.00306756794453, 0.00515651050955, -0.0005501221749], [-0.000511463324074, 0.000293421326205, -0.00232247123495, 0.00206807628274, -0.00320920255035, -0.000633466115687, 0.00279590114951, -0.0024779161904, -0.00401300331578, 0.0239031929523, -0.0101985856891, -0.00357195176184, 0.00335563160479], [0.000716491602361, -0.00386206363328, 0.00222273706459, -0.000178598958883, -0.00211056042463, -0.00438385596499, 0.00432944716886, 0.00393614126369, -0.00306756794453, -0.0101985856891, 0.0304836928844, -0.0111849950626, -0.00144000176806], [-0.000752506195568, 0.00447921035811, -0.00314325769432, 0.000749351514969, 0.00319502851926, -0.0010698151309, -0.00431456929073, 0.00435910699889, 0.00515651050955, -0.00357195176184, -0.0111849950626, 0.0353739373386, -0.010637675412], [0.000737422145903, -0.00485495338216, 0.001221244107, -0.000365340878488, -0.00127358024474, 0.00220416509546, 0.0036585603375, -0.00657309452072, -0.0005501221749, 0.00335563160479, -0.00144000176806, -0.010637675412, 0.0298046134412]], "mean": [13.5721054077, 84.08543396, -158.862045288, 36.1622390747, -45.8117904663, -3.64134192467, -33.1043815613, 15.5692186356, -22.7059230804, -0.805509746075, -18.7233715057, -0.751571595669, -8.10669898987], "cov": [[11530.0644531, 50.4312515259, -130.135452271, 273.69631958, -637.91003418, 110.33000946, -581.893066406, 87.9532928467, -349.561798096, 131.00352478, -151.19430542, 161.800704956, -183.723266602], [50.4312515259, 917.873596191, -432.149780273, 201.195770264, 128.969314575, -202.684158325, 167.516784668, -50.5130996704, 76.362449646, -80.4856719971, 56.5206565857, -110.980438232, 130.829391479], [-130.135452271, -432.149780273, 696.04699707, 12.8460636139, -30.6041736603, 90.4398422241, -131.158996582, 90.1808166504, -52.2634849548, 89.256072998, -31.6712017059, 83.4030838013, -50.3213043213], [273.69631958, 201.195770264, 12.8460636139, 224.111846924, 7.42925596237, -12.3079319, 3.28825736046, -9.899477005, 27.9093170166, -10.9943828583, 13.0827417374, -16.7236633301, 23.2792930603], [-637.91003418, 128.969314575, -30.6041736603, 7.42925596237, 190.190246582, -4.0225315094, 104.277610779, 16.569355011, 27.0184783936, 3.11833286285, 24.7141075134, -26.3871974945, 29.3385009766], [110.33000946, -202.684158325, 90.4398422241, -12.3079319, -4.0225315094, 201.251663208, -13.0089044571, -16.9436702728, -28.5354328156, 36.4407958984, 21.2801265717, 44.4339065552, -44.5395507812], [-581.893066406, 167.516784668, -131.158996582, 3.28825736046, 104.277610779, -13.0089044571, 158.149765015, 11.2786808014, 54.9077072144, -26.8418045044, 10.3369245529, -36.5263023376, 27.0893630981], [87.9532928467, -50.5130996704, 90.1808166504, -9.899477005, 16.569355011, -16.9436702728, 11.2786808014, 123.340789795, 29.4914417267, 15.7505874634, -28.5040969849, -8.70474720001, 7.84427452087], [-349.561798096, 76.362449646, -52.2634849548, 27.9093170166, 27.0184783936, -28.5354328156, 54.9077072144, 29.4914417267, 93.2155761719, -5.2796959877, 5.80297756195, -29.2247371674, 18.764787674], [131.00352478, -80.4856719971, 89.256072998, -10.9943828583, 3.11833286285, 36.4407958984, -26.8418045044, 15.7505874634, -5.2796959877, 75.9653091431, 21.9261322021, 28.05727005, -13.5138530731], [-151.19430542, 56.5206565857, -31.6712017059, 13.0827417374, 24.7141075134, 21.2801265717, 10.3369245529, -28.5040969849, 5.80297756195, 21.9261322021, 67.4174575806, 16.3318519592, 13.0577011108], [161.800704956, -110.980438232, 83.4030838013, -16.7236633301, -26.3871974945, 44.4339065552, -36.5263023376, -8.70474720001, -29.2247371674, 28.05727005, 16.3318519592, 63.8207740784, -7.68402767181], [-183.723266602, 130.829391479, -50.3213043213, 23.2792930603, 29.3385009766, -44.5395507812, 27.0893630981, 7.84427452087, 18.764787674, -13.5138530731, 13.0577011108, -7.68402767181, 64.4643707275]]}, "spectral_skewness": {"mean": 1.24449551105, "dvar": 0.0365343801677, "min": -0.0867671445012, "dmean": 0.199560955167, "dmean2": 0.339869052172, "dvar2": 0.104118131101, "max": 2.69140648842, "median": 1.25863027573, "var": 0.11047052592}, "spectral_energyband_low": {"mean": 0.00271549285389, "dvar": 1.03057154774e-05, "min": 1.90036118751e-23, "dmean": 0.00161785294767, "dmean2": 0.00270684133284, "dvar2": 2.72732104349e-05, "max": 0.0352921560407, "median": 0.00193646748085, "var": 9.64428454608e-06}, "spectral_energyband_middle_low": {"mean": 0.00590756582096, "dvar": 5.04855097461e-06, "min": 1.90270852202e-22, "dmean": 0.00185086217243, "dmean2": 0.00301952962764, "dvar2": 1.34962401717e-05, "max": 0.0282893106341, "median": 0.00536303315312, "var": 9.51048150455e-06}, "mfcc": {"icov": [[0.000239299217355, -0.00030053514638, -0.000284054811345, 6.16986435489e-05, -5.43095920875e-05, -7.06800419721e-05, 0.000275873258943, -0.000248351483606, 0.000452364707598, 2.96961570712e-05, -9.99753610813e-05, 0.000267872732366, -0.00031454252894], [-0.00030053514638, 0.00453286059201, 0.00238481769338, -0.0035762572661, 0.00111877336167, 0.000487030716613, -0.00251349573955, 0.00162676174659, -0.00044251876534, -0.000766343728174, 0.00148423970677, -0.000587350456044, 0.000199403832084], [-0.000284054811345, 0.00238481769338, 0.00412678392604, -0.00116510514636, -0.00215992494486, 0.000394735601731, 0.000992372399196, 4.37158014392e-05, 0.000324140419252, -7.93334038462e-05, 0.000885119487066, -0.000605506938882, -0.000549978751224], [6.16986435489e-05, -0.0035762572661, -0.00116510514636, 0.00748666981235, -0.00162164389621, -0.000937638338655, 0.00309053412639, -0.000285424204776, -0.00277826678939, 2.28092430916e-05, 0.00144372426439, 0.000139546129503, -0.00152827310376], [-5.43095920875e-05, 0.00111877336167, -0.00215992494486, -0.00162164389621, 0.0159352608025, -0.00137179112062, -0.00625882670283, 0.00232512550429, -0.000803499249741, -0.00491680996493, 0.00411435356364, -0.00384608143941, -0.000774344720412], [-7.06800419721e-05, 0.000487030716613, 0.000394735601731, -0.000937638338655, -0.00137179112062, 0.0111743668094, -0.00399169092998, -0.00363751803525, 0.00696479110047, 0.00243044435047, -0.00701658148319, 0.00149124849122, 0.000116328359582], [0.000275873258943, -0.00251349573955, 0.000992372399196, 0.00309053412639, -0.00625882670283, -0.00399169092998, 0.0180365554988, -0.00346060795709, -0.00311871478334, 0.00134052068461, -0.000328488997184, 2.76966602542e-05, -0.00193944259081], [-0.000248351483606, 0.00162676174659, 4.37158014392e-05, -0.000285424204776, 0.00232512550429, -0.00363751803525, -0.00346060795709, 0.0226289741695, -0.00946218986064, -0.00127564498689, 0.00178206455894, 0.00127219874412, -0.00114899396431], [0.000452364707598, -0.00044251876534, 0.000324140419252, -0.00277826678939, -0.000803499249741, 0.00696479110047, -0.00311871478334, -0.00946218986064, 0.0254663210362, -0.0109231714159, -0.00436752475798, 0.00409307936206, 0.00062672997592], [2.96961570712e-05, -0.000766343728174, -7.93334038462e-05, 2.28092430916e-05, -0.00491680996493, 0.00243044435047, 0.00134052068461, -0.00127564498689, -0.0109231714159, 0.0291673205793, -0.00698007363826, -0.00646475329995, 0.00698103243485], [-9.99753610813e-05, 0.00148423970677, 0.000885119487066, 0.00144372426439, 0.00411435356364, -0.00701658148319, -0.000328488997184, 0.00178206455894, -0.00436752475798, -0.00698007363826, 0.0261051747948, -0.00631690770388, -0.000475617358461], [0.000267872732366, -0.000587350456044, -0.000605506938882, 0.000139546129503, -0.00384608143941, 0.00149124849122, 2.76966602542e-05, 0.00127219874412, 0.00409307936206, -0.00646475329995, -0.00631690770388, 0.0304875783622, -0.0128816021606], [-0.00031454252894, 0.000199403832084, -0.000549978751224, -0.00152827310376, -0.000774344720412, 0.000116328359582, -0.00193944259081, -0.00114899396431, 0.00062672997592, 0.00698103243485, -0.000475617358461, -0.0128816021606, 0.0312585011125]], "mean": [-611.545349121, 111.293289185, -46.6509284973, 35.2250671387, 1.0364575386, -8.03503990173, -1.52387619019, 5.22864341736, 3.98911857605, 3.00415110588, -5.08303880692, -2.98619890213, 1.70728325844], "cov": [[5343.28808594, 168.640396118, 346.197296143, 97.1451034546, 9.55132389069, 93.6267089844, -91.7665176392, -27.8544559479, -184.328063965, -103.817070007, -42.0356483459, -12.5049371719, 77.7916717529], [168.640396118, 682.313659668, -328.326477051, 270.288452148, -29.2534275055, -50.698425293, 49.6189994812, -8.07147312164, 67.3159103394, 30.0017986298, -32.694480896, -8.6033372879, -5.06460952759], [346.197296143, -328.326477051, 499.403015137, -55.9762001038, 70.3737564087, 3.62329864502, -49.0810661316, -6.11025381088, -42.3024749756, -12.9363851547, -9.44390296936, 20.0610618591, 21.9488277435], [97.1451034546, 270.288452148, -55.9762001038, 278.237243652, 13.829867363, -38.5660972595, -4.7024641037, 1.7495111227, 50.6801719666, 24.0555858612, -25.9888954163, 0.849747598171, 5.69674348831], [9.55132389069, -29.2534275055, 70.3737564087, 13.829867363, 98.9899749756, 8.02916812897, 27.2159881592, 2.11895823479, 9.15803909302, 18.7107257843, -3.43485403061, 18.8018665314, 9.71956348419], [93.6267089844, -50.698425293, 3.62329864502, -38.5660972595, 8.02916812897, 162.213043213, 33.5811500549, 9.87628746033, -50.0519943237, -27.4025535583, 32.5817565918, 3.13829612732, 10.3980054855], [-91.7665176392, 49.6189994812, -49.0810661316, -4.7024641037, 27.2159881592, 33.5811500549, 90.5835113525, 18.437330246, 16.4513721466, 8.22750091553, 9.6791343689, 5.25885152817, 4.66094398499], [-27.8544559479, -8.07147312164, -6.11025381088, 1.7495111227, 2.11895823479, 9.87628746033, 18.437330246, 62.0949440002, 31.2233524323, 14.2639417648, 6.95680236816, -3.39872336388, -1.91499304771], [-184.328063965, 67.3159103394, -42.3024749756, 50.6801719666, 9.15803909302, -50.0519943237, 16.4513721466, 31.2233524323, 100.485160828, 49.6262168884, 6.51761054993, -2.56848812103, -12.026301384], [-103.817070007, 30.0017986298, -12.9363851547, 24.0555858612, 18.7107257843, -27.4025535583, 8.22750091553, 14.2639417648, 49.6262168884, 67.6851959229, 14.6074075699, 10.6296730042, -10.1958322525], [-42.0356483459, -32.694480896, -9.44390296936, -25.9888954163, -3.43485403061, 32.5817565918, 9.6791343689, 6.95680236816, 6.51761054993, 14.6074075699, 58.7390098572, 12.4214725494, 1.61834466457], [-12.5049371719, -8.6033372879, 20.0610618591, 0.849747598171, 18.8018665314, 3.13829612732, 5.25885152817, -3.39872336388, -2.56848812103, 10.6296730042, 12.4214725494, 48.6499977112, 18.8941764832], [77.7916717529, -5.06460952759, 21.9488277435, 5.69674348831, 9.71956348419, 10.3980054855, 4.66094398499, -1.91499304771, -12.026301384, -10.1958322525, 1.61834466457, 18.8941764832, 44.2210578918]]}, "silence_rate_20dB": {"mean": 1, "dvar": 0, "min": 1, "dmean": 0, "dmean2": 0, "dvar2": 0, "max": 1, "median": 1, "var": 0}, "dynamic_complexity": 1.77266120911, "silence_rate_60dB": {"mean": 0.0209700651467, "dvar": 0.00319109903648, "min": 0, "dmean": 0.00320204929449, "dmean2": 0.00640512397513, "dvar2": 0.00700553739443, "max": 1, "median": 0, "var": 0.0205292608589}, "dissonance": {"mean": 0.487856000662, "dvar": 5.38580643479e-05, "min": 0.415779799223, "dmean": 0.00740789948031, "dmean2": 0.0126915108413, "dvar2": 0.00015042279847, "max": 0.499999970198, "median": 0.490078926086, "var": 8.25524402899e-05}, "barkbands": {"mean": [2.82156688627e-05, 0.00141771964263, 0.00103704293724, 0.000448725244496, 0.00141044007614, 0.000973078073002, 0.000894510187209, 0.000665038474835, 0.00124021095689, 0.000918553792872, 0.000982629600912, 0.00102563248947, 0.000668364402372, 0.000802857975941, 0.00107760867104, 0.0012373952195, 0.0017202043673, 0.00119495741092, 0.00101495161653, 0.00071961019421, 0.000220662230277, 0.000151827101945, 8.41932051117e-05, 4.65097291453e-05, 3.14949975291e-05, 1.73770149559e-05, 2.28561611948e-06], "dvar": [8.28300716904e-09, 6.72836495141e-06, 1.12644420369e-06, 1.28371326014e-07, 1.33241519507e-06, 5.05081970914e-07, 4.92008894071e-07, 3.47315676663e-07, 1.28800911625e-06, 1.25148449115e-06, 2.35837183027e-06, 2.46394870373e-06, 1.09017707928e-06, 5.53808035875e-07, 5.74907346618e-07, 6.80920209106e-07, 8.19481158487e-07, 2.71343452596e-07, 2.41308043769e-07, 7.87875009678e-08, 3.66968819776e-08, 4.0948638258e-08, 1.98414742414e-08, 3.76594133655e-09, 1.23600241153e-09, 7.33740068704e-10, 1.88862970402e-11], "min": [9.76154825137e-25, 6.98027358517e-24, 2.03582162114e-24, 2.03446517482e-24, 1.81038481707e-23, 1.667469569e-23, 1.31167894347e-23, 1.85575504763e-23, 2.19881219596e-23, 2.02014734939e-23, 2.36596519535e-23, 5.00057823414e-23, 3.99862107042e-23, 3.22691883652e-23, 7.3500827423e-23, 1.15001606889e-22, 8.7509135388e-23, 1.14569172273e-22, 1.53736860902e-22, 1.87030110629e-22, 3.62760098025e-22, 3.67371841986e-22, 4.22063505436e-22, 6.46333000475e-22, 9.27601166905e-22, 1.34736493454e-21, 2.04812928699e-21], "dmean": [3.19564023812e-05, 0.0010962204542, 0.000621043669526, 0.000271084601991, 0.000816684332676, 0.000542290974408, 0.000500178313814, 0.000407576764701, 0.000671479559969, 0.000573007040657, 0.00064988079248, 0.000586733629461, 0.000364642182831, 0.000418673967943, 0.000517970649526, 0.000573421595618, 0.000691808818374, 0.000478748668684, 0.00037940297625, 0.000255356251728, 0.000102397811133, 9.54361748882e-05, 4.96132670378e-05, 2.49875993177e-05, 1.59095288836e-05, 9.49798686634e-06, 1.78510799742e-06], "dmean2": [5.66946036997e-05, 0.00189164408948, 0.00104992382694, 0.000464527576696, 0.0013609387679, 0.000903055770323, 0.000810674100649, 0.000667007057928, 0.0010989701841, 0.000954276882112, 0.00107110617682, 0.000951722613536, 0.000580648076721, 0.00069049448939, 0.000864091853146, 0.00094946945319, 0.00116201466881, 0.000803980510682, 0.000628094596323, 0.000430033047451, 0.000175052744453, 0.000167686564964, 8.14214508864e-05, 4.04174570576e-05, 2.45144256041e-05, 1.44928753798e-05, 2.85985174742e-06], "dvar2": [2.26780620949e-08, 1.81898267329e-05, 3.15311945087e-06, 3.6453826624e-07, 3.79341668122e-06, 1.4151854657e-06, 1.31145009163e-06, 9.34712261369e-07, 3.30909597324e-06, 3.38261884281e-06, 6.35324659015e-06, 6.21998196948e-06, 2.80013091469e-06, 1.45127762607e-06, 1.56096405135e-06, 1.8032759499e-06, 2.25941744247e-06, 7.35352443826e-07, 6.10159645476e-07, 2.08586527606e-07, 9.80220704605e-08, 1.1280835821e-07, 5.14379792094e-08, 9.47414680041e-09, 3.0689553121e-09, 1.76927894557e-09, 4.95054761074e-11], "max": [0.000762009993196, 0.0229620523751, 0.0148368049413, 0.00504532642663, 0.0165676753968, 0.0111444266513, 0.0130936950445, 0.00877456832677, 0.0205269362777, 0.0178937632591, 0.0256489310414, 0.037865485996, 0.0338531024754, 0.0132910553366, 0.0141616500914, 0.0158674214035, 0.0240456201136, 0.00962390564382, 0.00976318866014, 0.00436797272414, 0.00217810366303, 0.00205483729951, 0.00323220342398, 0.00117029249668, 0.000796202104539, 0.000743077660445, 0.00012210078421], "median": [6.7201353886e-06, 0.000871231372003, 0.000572310411371, 0.000323763379129, 0.00102396938019, 0.00073694094317, 0.000638032448478, 0.000459952134406, 0.000811758276541, 0.000583839137107, 0.000324679946061, 0.000344458268955, 0.000194193053176, 0.000372551439796, 0.000785569485743, 0.000934966374189, 0.00146106153261, 0.00104262738023, 0.00083789852215, 0.000662035716232, 0.000166552403243, 6.82386598783e-05, 3.38210156769e-05, 1.876828901e-05, 1.54344179464e-05, 6.5453696152e-06, 4.93967036164e-07], "var": [5.69275604434e-09, 5.15709098181e-06, 1.69012196238e-06, 1.99829941039e-07, 1.93135429072e-06, 7.99332156021e-07, 8.34134880279e-07, 5.05757554947e-07, 2.08691858461e-06, 1.52802454068e-06, 4.22852872362e-06, 5.28052214577e-06, 2.41987663685e-06, 1.43382419537e-06, 1.1883910247e-06, 1.2828012359e-06, 2.08565916182e-06, 6.01933322741e-07, 6.15094336354e-07, 1.97667631596e-07, 4.40364580356e-08, 4.68287915112e-08, 2.65717510217e-08, 6.37224673028e-09, 2.37314301543e-09, 1.37109257281e-09, 2.34864679788e-11]}, "spectral_complexity": {"mean": 38.0880432129, "dvar": 10.2391443253, "min": 0, "dmean": 3.82997107506, "dmean2": 6.22225761414, "dvar2": 24.5838623047, "max": 59, "median": 40, "var": 100.591621399}, "spectral_energyband_high": {"mean": 0.00093153846683, "dvar": 4.24284905876e-07, "min": 7.00255725229e-21, "dmean": 0.000365670479368, "dmean2": 0.00060782226501, "dvar2": 1.11216400001e-06, "max": 0.0069244094193, "median": 0.000718798721209, "var": 6.39508982658e-07}, "hfc": {"mean": 29.9665222168, "dvar": 54.2232780457, "min": 1.10075829171e-16, "dmean": 5.9209523201, "dmean2": 9.35816478729, "dvar2": 132.401702881, "max": 106.700569153, "median": 27.954662323, "var": 237.193145752}, "melbands_kurtosis": {"mean": 0.636583805084, "dvar": 4.49742031097, "min": -1.73652696609, "dmean": 1.00843667984, "dmean2": 1.64680099487, "dvar2": 9.42667675018, "max": 96.3003082275, "median": 0.0507655143738, "var": 9.63498020172}, "spectral_strongpeak": {"mean": 1.16059184074, "dvar": 1.00853312016, "min": 0, "dmean": 0.687913239002, "dmean2": 1.17156350613, "dvar2": 2.62795901299, "max": 11.9949913025, "median": 0.54557710886, "var": 1.98795688152}, "silence_rate_30dB": {"mean": 1, "dvar": 0, "min": 1, "dmean": 0, "dmean2": 0, "dvar2": 0, "max": 1, "median": 1, "var": 0}, "melbands_spread": {"mean": 51.0202713013, "dvar": 47.7473297119, "min": 8.15276241302, "dmean": 7.55452919006, "dmean2": 12.3045759201, "dvar2": 121.280822754, "max": 154.972732544, "median": 50.7556800842, "var": 192.854614258}, "melbands_crest": {"mean": 8.81900215149, "dvar": 6.19363832474, "min": 1.81019687653, "dmean": 2.53398299217, "dmean2": 4.19744253159, "dvar2": 16.1859970093, "max": 35.0129623413, "median": 7.9174451828, "var": 15.287812233}, "average_loudness": 0.944356024265, "spectral_flux": {"mean": 0.0823079943657, "dvar": 0.00018434652884, "min": 6.5660310522e-11, "dmean": 0.0133332973346, "dmean2": 0.0196385458112, "dvar2": 0.000354910152964, "max": 0.201274514198, "median": 0.0799892917275, "var": 0.00087845622329}, "spectral_rolloff": {"mean": 2830.93286133, "dvar": 169047.03125, "min": 43.06640625, "dmean": 281.460601807, "dmean2": 470.380310059, "dvar2": 312181.4375, "max": 19724.4140625, "median": 2777.78320312, "var": 925027.875}, "melbands": {"mean": [0.000333469652105, 0.000584543391597, 0.000275241472991, 0.000339283258654, 0.000181281153345, 0.000206383818295, 0.000178466609214, 0.000149631290697, 0.00014193962852, 0.000172954605659, 0.000156461785082, 0.000129431820824, 0.000139217881951, 0.000108471656858, 0.00010736904369, 5.61470369576e-05, 6.31681323284e-05, 8.7935506599e-05, 8.13267033664e-05, 7.5642929005e-05, 9.51216206886e-05, 0.000108622502012, 7.80483096605e-05, 5.42656161997e-05, 3.48616886185e-05, 4.16999755544e-05, 2.67018567683e-05, 2.31404937949e-05, 1.11980070869e-05, 4.95227004649e-06, 3.49610854755e-06, 3.05558387481e-06, 2.84913494397e-06, 2.2045339847e-06, 1.31118906666e-06, 8.34852414755e-07, 6.63706714477e-07, 4.71598156082e-07, 4.03529412552e-07, 3.30795359105e-07], "dvar": [4.73630137776e-07, 4.53421421298e-07, 3.50574964614e-08, 9.17019420399e-08, 1.37917615106e-08, 2.47233362671e-08, 2.13643325253e-08, 1.38598492683e-08, 1.4642837165e-08, 2.94466317996e-08, 3.38879502237e-08, 2.25005525323e-08, 4.44482495254e-08, 3.53929081598e-08, 2.79082907895e-08, 6.53645759741e-09, 3.67024455272e-09, 5.38823163865e-09, 3.24691695752e-09, 3.31822724853e-09, 4.4987875647e-09, 3.94803034709e-09, 1.22365684252e-09, 7.41584182951e-10, 4.04260819264e-10, 6.1570859522e-10, 1.4042499108e-10, 1.00995885266e-10, 3.47571728343e-11, 2.05252256164e-11, 2.95061822198e-11, 1.3298038018e-11, 1.66109574012e-11, 2.17190918028e-11, 5.5766433138e-12, 1.82756934586e-12, 1.18254548948e-12, 3.01213589661e-13, 1.86311673012e-13, 1.79526830684e-13], "min": [1.65588490994e-24, 1.60014320952e-24, 1.23770520814e-24, 5.21336478586e-24, 2.90314440693e-24, 3.67983101902e-24, 2.75649496744e-24, 2.69615834946e-24, 2.23806149698e-24, 2.48870725848e-24, 4.41345982796e-24, 3.37527075618e-24, 4.97873507011e-24, 5.60931616229e-24, 4.6934573288e-24, 3.68079382376e-24, 3.28258137475e-24, 3.68216841388e-24, 5.8089456974e-24, 6.20208399585e-24, 5.41112353733e-24, 5.41244290719e-24, 4.7516168879e-24, 4.67877544406e-24, 5.45788405634e-24, 5.80980792237e-24, 5.33480637234e-24, 5.25641016444e-24, 7.22011806593e-24, 7.55392929114e-24, 7.76330638602e-24, 6.92324683033e-24, 5.87521592989e-24, 5.74018108672e-24, 6.22075041702e-24, 6.65591606905e-24, 6.79573062045e-24, 6.52646754438e-24, 6.83213655122e-24, 6.65070406505e-24], "dmean": [0.000274859165074, 0.000356455508154, 0.000139881667565, 0.000206080745556, 9.18780133361e-05, 0.000115376176836, 0.000100378914794, 8.52793018566e-05, 7.91384009062e-05, 9.63491111179e-05, 9.23986153794e-05, 8.0327008618e-05, 8.83066022652e-05, 6.27630288363e-05, 5.809771028e-05, 2.97594160656e-05, 3.24329157593e-05, 4.4663236622e-05, 4.01632823923e-05, 3.63986073353e-05, 4.35491238022e-05, 4.71953026135e-05, 3.15500255965e-05, 2.41660673055e-05, 1.4651631318e-05, 1.77233705472e-05, 1.03290421976e-05, 9.0195417215e-06, 4.74518310511e-06, 2.39067480834e-06, 2.11475548895e-06, 1.97146346181e-06, 1.86467752883e-06, 1.54678696163e-06, 8.32129842365e-07, 4.82024404391e-07, 4.13965722146e-07, 2.47707419021e-07, 2.08164820492e-07, 1.87141381502e-07], "dmean2": [0.000474332715385, 0.000607987691183, 0.000235288942349, 0.000345693115378, 0.00015348411398, 0.000192742707441, 0.000165890087374, 0.000136982605909, 0.000129683336127, 0.000159392890055, 0.000154054810992, 0.000134675865411, 0.000144533754792, 0.000100757162727, 9.228898125e-05, 4.67910540465e-05, 5.27534975845e-05, 7.49870596337e-05, 6.63505197736e-05, 5.94754383201e-05, 7.27090227883e-05, 7.9656514572e-05, 5.28349701199e-05, 4.0783550503e-05, 2.39058008447e-05, 2.95064564853e-05, 1.73722273757e-05, 1.52825232362e-05, 8.00036468718e-06, 4.07282959713e-06, 3.70290149476e-06, 3.40795759257e-06, 3.28102873937e-06, 2.66218648903e-06, 1.38077064094e-06, 8.15799296561e-07, 6.98922747233e-07, 3.95401542619e-07, 3.21317571661e-07, 2.99643033941e-07], "dvar2": [1.27056944166e-06, 1.27098837766e-06, 9.7791087228e-08, 2.64985970944e-07, 3.89627565767e-08, 6.9324975982e-08, 5.79903556286e-08, 3.71560489043e-08, 3.93874408644e-08, 7.57701883458e-08, 9.37541031476e-08, 5.98315637035e-08, 1.19360137774e-07, 9.01462726688e-08, 7.08441376673e-08, 1.66210050168e-08, 9.4994589972e-09, 1.49762051649e-08, 8.4505584752e-09, 8.26818347122e-09, 1.19924532527e-08, 1.13896616583e-08, 3.32437477546e-09, 2.03936112442e-09, 9.9009300758e-10, 1.65674896024e-09, 3.63627294941e-10, 2.70356209642e-10, 9.11875575049e-11, 5.44086824206e-11, 8.41801489626e-11, 3.53643711537e-11, 4.56082949185e-11, 6.02102118163e-11, 1.45341308433e-11, 4.69950597534e-12, 3.06373481272e-12, 7.21098636532e-13, 4.54152503365e-13, 4.67944964461e-13], "max": [0.00603120960295, 0.0082897124812, 0.00213102507405, 0.00437896233052, 0.00173971615732, 0.00251954956912, 0.00246540363878, 0.00194318639114, 0.00181702408008, 0.00349618657492, 0.00387610332109, 0.00272220140323, 0.00356105528772, 0.00566001236439, 0.00449414597824, 0.00295494007878, 0.00143812817987, 0.00138498237357, 0.00096524565015, 0.00093788135564, 0.00176472601015, 0.00192835635971, 0.000727562641259, 0.000493325525895, 0.000310541043291, 0.000587224727497, 0.000210463753319, 0.000214090032387, 0.000124774305732, 7.1377173299e-05, 6.53675670037e-05, 3.84925078833e-05, 4.37761809735e-05, 6.76989220665e-05, 4.83991316287e-05, 3.84516024496e-05, 2.6170275305e-05, 1.56781552505e-05, 9.73739952315e-06, 6.55897429169e-06], "median": [0.000191165367141, 0.000394049653551, 0.000232077960391, 0.000228871227591, 0.000145826648804, 0.00015520695888, 0.000128228857648, 0.000107820473204, 0.000102132325992, 0.000111808345537, 9.96282469714e-05, 7.70023107179e-05, 4.5080367272e-05, 3.70961897715e-05, 3.07179361698e-05, 1.84472264664e-05, 2.7740625228e-05, 5.27968659298e-05, 5.87415452173e-05, 5.20192552358e-05, 7.64089418226e-05, 9.00614904822e-05, 6.83468242642e-05, 4.57759597339e-05, 2.58402924374e-05, 3.43894716934e-05, 2.36440337176e-05, 2.09994868783e-05, 9.6399217e-06, 3.64641459782e-06, 1.83431620826e-06, 1.38799805427e-06, 1.19306332635e-06, 7.88075340097e-07, 5.202280704e-07, 3.25270121948e-07, 2.56652612052e-07, 1.98773577154e-07, 1.79517741117e-07, 1.50765686158e-07], "var": [3.54496791033e-07, 4.39256467644e-07, 5.06954762614e-08, 1.28930565779e-07, 2.18530651352e-08, 3.68808379392e-08, 3.53426479194e-08, 2.18340847624e-08, 2.09272190688e-08, 4.40447891492e-08, 4.16975041162e-08, 3.13898276261e-08, 8.44341982997e-08, 6.59668017988e-08, 6.9061812269e-08, 1.58656057181e-08, 1.05284607699e-08, 1.13777645083e-08, 7.05219438402e-09, 6.88410484173e-09, 7.40259142873e-09, 9.97948745862e-09, 2.68824007499e-09, 1.44315004391e-09, 1.02987118833e-09, 1.18830500995e-09, 3.09622660843e-10, 2.3231198909e-10, 6.65319813131e-11, 2.52081116398e-11, 2.70625761384e-11, 1.66304019167e-11, 1.93899479806e-11, 2.09505607307e-11, 6.5800845675e-12, 3.13345811971e-12, 1.7972469216e-12, 5.71680777803e-13, 3.53656015063e-13, 2.84945081853e-13]}, "spectral_energy": {"mean": 0.020032113418, "dvar": 2.35161551245e-05, "min": 9.98890948477e-21, "dmean": 0.00423812540248, "dmean2": 0.00672807637602, "dvar2": 5.82692955504e-05, "max": 0.0616787783802, "median": 0.0187474712729, "var": 8.30407370813e-05}, "spectral_decrease": {"mean": -4.5874353205e-09, "dvar": 1.35549342517e-18, "min": -1.50002037458e-08, "dmean": 1.00620789478e-09, "dmean2": 1.60199709054e-09, "dvar2": 3.38723843396e-18, "max": 1.39890968735e-28, "median": -4.29718705064e-09, "var": 4.36085565753e-18}, "erbbands_spread": {"mean": 27.1171455383, "dvar": 15.2329969406, "min": 5.44912242889, "dmean": 4.08556604385, "dmean2": 6.62393903732, "dvar2": 37.8278236389, "max": 78.5347061157, "median": 26.5590171814, "var": 69.2222442627}, "spectral_contrast_coeffs": {"mean": [-0.668805539608, -0.779187202454, -0.777923226357, -0.7780585289, -0.783764958382, -0.728173732758], "dvar": [0.00149060518015, 0.00101153401192, 0.000947218213696, 0.000491093785968, 0.000238191496464, 0.000254322629189], "min": [-0.976627647877, -0.971545100212, -0.970439910889, -0.971019744873, -0.964955687523, -0.963377654552], "dmean": [0.046469412744, 0.0404145456851, 0.0381278730929, 0.0286003984511, 0.019432136789, 0.0162965487689], "dmean2": [0.0764020457864, 0.0675605386496, 0.0634347647429, 0.0478130877018, 0.0331923998892, 0.0262652728707], "dvar2": [0.00420668115839, 0.0027703770902, 0.0025715562515, 0.00136615103111, 0.000656112737488, 0.000583504443057], "max": [-0.40793132782, -0.537616848946, -0.491944849491, -0.616571426392, -0.66055893898, -0.608289599419], "median": [-0.670727372169, -0.782465755939, -0.786741554737, -0.781142532825, -0.784671187401, -0.726682424545], "var": [0.00434154784307, 0.00256293825805, 0.00359796267003, 0.00175021926407, 0.000807563308626, 0.00163566798437]}, "spectral_energyband_middle_high": {"mean": 0.0108618093655, "dvar": 8.12494909042e-06, "min": 1.2513438259e-21, "dmean": 0.00233272672631, "dmean2": 0.00367813999765, "dvar2": 1.96358905669e-05, "max": 0.0510310418904, "median": 0.00903417356312, "var": 4.68622565677e-05}, "erbbands_crest": {"mean": 7.40053749084, "dvar": 3.05256605148, "min": 2.56621789932, "dmean": 1.887789011, "dmean2": 3.17887091637, "dvar2": 8.39549255371, "max": 25.431142807, "median": 6.73949384689, "var": 7.62538719177}, "barkbands_crest": {"mean": 5.99844932556, "dvar": 3.67249655724, "min": 2.03106665611, "dmean": 1.82221102715, "dmean2": 3.09388303757, "dvar2": 9.9379119873, "max": 22.548538208, "median": 5.04764842987, "var": 8.90136051178}, "pitch_salience": {"mean": 0.674922466278, "dvar": 0.00249574496411, "min": 0.148476153612, "dmean": 0.0530189312994, "dmean2": 0.0877747908235, "dvar2": 0.00669221952558, "max": 0.842874705791, "median": 0.689972579479, "var": 0.00724430289119}, "melbands_skewness": {"mean": 0.979331493378, "dvar": 0.132441326976, "min": -1.1869546175, "dmean": 0.332891911268, "dmean2": 0.531531333923, "dvar2": 0.310316741467, "max": 9.34604740143, "median": 0.937925815582, "var": 0.478594243526}, "spectral_spread": {"mean": 3124176.25, "dvar": 289619968000, "min": 1272066.125, "dmean": 296454.8125, "dmean2": 458695.90625, "dvar2": 626343739392, "max": 41683740, "median": 2887639, "var": 4082019598340.0}, "spectral_entropy": {"mean": 7.78876781464, "dvar": 0.00763803580776, "min": 6.83291149139, "dmean": 0.0758785530925, "dmean2": 0.121588423848, "dvar2": 0.0164343751967, "max": 9.81229686737, "median": 7.77726268768, "var": 0.0493450090289}, "erbbands_flatness_db": {"mean": 0.178655147552, "dvar": 0.00026398623595, "min": 0.0339807905257, "dmean": 0.0147679867223, "dmean2": 0.0226150918752, "dvar2": 0.000539464643225, "max": 0.39453035593, "median": 0.174974679947, "var": 0.00187715527136}, "spectral_kurtosis": {"mean": 5.42540168762, "dvar": 3.39028477669, "min": -1.23094761372, "dmean": 1.75620913506, "dmean2": 3.09153437614, "dvar2": 10.4918956757, "max": 23.38048172, "median": 5.07150840759, "var": 5.16948032379}, "erbbands_skewness": {"mean": -0.573213994503, "dvar": 0.0490740686655, "min": -2.61524581909, "dmean": 0.260090440512, "dmean2": 0.419050186872, "dvar2": 0.127920880914, "max": 1.37763786316, "median": -0.596507132053, "var": 0.249736711383}, "erbbands_kurtosis": {"mean": 0.227108165622, "dvar": 0.362776637077, "min": -1.70286273956, "dmean": 0.606284201145, "dmean2": 0.98691368103, "dvar2": 0.949404358864, "max": 12.1713151932, "median": 0.0334084033966, "var": 1.36576366425}, "barkbands_spread": {"mean": 31.6558246613, "dvar": 16.9229564667, "min": 4.37728118896, "dmean": 4.24634838104, "dmean2": 6.78967475891, "dvar2": 40.0548782349, "max": 90.1864089966, "median": 32.5404205322, "var": 76.6950836182}, "zerocrossingrate": {"mean": 0.0896643698215, "dvar": 5.1329829148e-05, "min": 0.02490234375, "dmean": 0.00651784334332, "dmean2": 0.00816637650132, "dvar2": 6.84192564222e-05, "max": 0.51416015625, "median": 0.08740234375, "var": 0.000734106637537}, "spectral_centroid": {"mean": 2320.49267578, "dvar": 25605.8105469, "min": 914.709350586, "dmean": 156.131118774, "dmean2": 253.051116943, "dvar2": 57825.2617188, "max": 11711.6025391, "median": 2316.15307617, "var": 255485.484375}, "barkbands_skewness": {"mean": 0.0539013333619, "dvar": 0.0655310153961, "min": -2.08579921722, "dmean": 0.264496207237, "dmean2": 0.424684911966, "dvar2": 0.158164158463, "max": 3.89290714264, "median": 0.0428129173815, "var": 0.241658821702}, "melbands_flatness_db": {"mean": 0.124223828316, "dvar": 0.000277025683317, "min": 0.00372540508397, "dmean": 0.0151203768328, "dmean2": 0.0241728778929, "dvar2": 0.000640999642201, "max": 0.322552829981, "median": 0.119103841484, "var": 0.00136397208553}, "spectral_contrast_valleys": {"mean": [-7.60873603821, -6.54331159592, -6.83938837051, -6.99076366425, -6.47552442551, -10.3792638779], "dvar": [0.125076502562, 0.0804650783539, 0.0636064112186, 0.0464909262955, 0.0381035842001, 0.159062936902], "min": [-27.3671627045, -27.5804710388, -27.9706878662, -27.6064605713, -27.4227085114, -27.3381252289], "dmean": [0.39144474268, 0.318630456924, 0.268706351519, 0.211062788963, 0.160044655204, 0.262498766184], "dmean2": [0.643920600414, 0.525051891804, 0.442285895348, 0.348920702934, 0.263338267803, 0.375204801559], "dvar2": [0.307797968388, 0.192674532533, 0.149114787579, 0.100166872144, 0.0757508352399, 0.328933417797], "max": [-5.79072570801, -4.79664802551, -5.30948829651, -5.47770214081, -5.50354146957, -8.39869403839], "median": [-7.35950517654, -6.33898830414, -6.67030572891, -6.85517549515, -6.28244876862, -10.1833496094], "var": [1.97317874432, 2.05859041214, 1.77889466286, 1.674913764, 1.76845192909, 1.96049666405]}, "barkbands_flatness_db": {"mean": 0.0945529639721, "dvar": 0.000179480601219, "min": 0.033043757081, "dmean": 0.0123400287703, "dmean2": 0.0193837415427, "dvar2": 0.000381561840186, "max": 0.325627893209, "median": 0.0885736644268, "var": 0.00131767778657}, "barkbands_kurtosis": {"mean": -