{"metadata": {"version": {"essentia_git_sha": "v2.1_beta1-28-g21ef5f4-dirty", "essentia_build_sha": "ca57ba49d9b1854bd80e60cf9ccf267278fb7d6b", "extractor": "music 1.0", "essentia": "2.1-beta1"}, "audio_properties": {"analysis_sample_rate": 44100, "md5_encoded": "85971ca5db6096ce6633b75b79ce6d14", "downmix": "mix", "sample_rate": 44100, "equal_loudness": 0, "lossless": false, "codec": "mp3", "bit_rate": 160000, "length": 325.92980957, "replay_gain": -5.94043731689}, "tags": {"script": ["Latn"], "tagged by zortam mp3 media studio": [""], "musicbrainz_albumid": ["e8f1463c-c2e1-4d3e-aa21-43b130d57435"], "title": ["El progreso"], "musicbrainz_artistid": ["eca5dd0e-edc7-4658-85f0-762e263b4acd"], "musicbrainz album status": ["official"], "label": ["Domino"], "date": ["2004"], "musicbrainz album type": ["album"], "musicbrainz album release country": ["US"], "acoustid_id": ["814922f9-c8f4-4c4d-a33f-753d453f3082"], "album": ["Tres Cosas"], "discnumber": ["1/1"], "artistsort": ["Molina, Juana"], "file_name": "juana molina - tres cosas 12 el progreso.mp3", "genre": ["Easy Listening"], "artist": ["Juana Molina"], "asin": ["B0001Z4P0A"], "originaldate": ["2004"], "albumartist": ["Juana Molina"], "tracknumber": ["12/13"], "musicbrainz_recordingid": ["d76c5d0c-f5da-4c5f-bbf6-7e165da2c7f4"], "albumartistsort": ["Molina, Juana"], "composer": ["Juana Molina"], "originalfilename": ["Juana Molina - Tres Cosas - 12 - El progreso.mp3"], "musicbrainz_releasegroupid": ["c8d877c8-3d44-3543-9d86-5aa0a4a82b9c"], "musicbrainz_albumartistid": ["eca5dd0e-edc7-4658-85f0-762e263b4acd"]}}, "rhythm": {"beats_loudness": {"var": 0.00333831901662, "mean": 0.0584394745529, "dmean2": 0.0544331520796, "dvar": 0.00219675642438, "dmean": 0.0324216559529, "max": 0.370241552591, "min": 6.07554095922e-09, "median": 0.0459218993783, "dvar2": 0.00637103803456}, "beats_position": [0.417959183455, 0.847528338432, 1.27709746361, 1.70666658878, 2.13623571396, 2.55419492722, 2.97215414047, 3.39011335373, 3.80807256699, 4.23764181137, 4.60916090012, 4.99229001999, 5.36380958557, 5.72371864319, 6.08362817764, 6.44353723526, 6.80344676971, 7.16335582733, 7.53487491608, 7.89478445053, 8.25469398499, 8.6146030426, 8.96290206909, 9.32281208038, 9.67111110687, 10.0310201645, 10.4025392532, 10.774058342, 11.1339683533, 11.4938774109, 11.8653964996, 12.294965744, 12.7245349884, 13.1424942017, 13.5604534149, 13.9784126282, 14.4079818726, 14.8375511169, 15.2555103302, 15.6734695435, 16.0914287567, 16.50938797, 16.9273471832, 17.3453063965, 17.7632656097, 18.181224823, 18.5875740051, 19.0055332184, 19.4467124939, 19.8762817383, 20.3058490753, 20.7354183197, 21.1649875641, 21.6061668396, 22.0473461151, 22.4769153595, 22.918094635, 23.3592739105, 23.800453186, 24.2300224304, 24.6595916748, 25.0775508881, 25.4955101013, 25.9018592834, 26.3082084656, 26.7261676788, 27.1441268921, 27.5736961365, 28.0032653809, 28.4444446564, 28.8624038696, 29.291973114, 29.7099323273, 30.1394996643, 30.5690689087, 31.0102481842, 31.4514274597, 31.8809967041, 32.322177887, 32.7517471313, 33.1813163757, 33.5992736816, 34.0172348022, 34.4351921082, 34.8531494141, 35.2711105347, 35.6890678406, 36.1070289612, 36.5249862671, 36.9429473877, 37.3609046936, 37.7788658142, 38.1968231201, 38.6147842407, 39.0327415466, 39.462310791, 39.8918800354, 40.2634010315, 40.6233100891, 40.9948310852, 41.3663482666, 41.7378692627, 42.1093864441, 42.4692955017, 42.8408164978, 43.2007255554, 43.560634613, 43.9205436707, 44.2804527283, 44.7100219727, 45.139591217, 45.5575485229, 45.9755096436, 46.3934669495, 46.8230361938, 47.2526054382, 47.6705665588, 48.0885238647, 48.5064849854, 48.9244422913, 49.3424034119, 49.7603607178, 50.1783218384, 50.5846710205, 50.9910202026, 51.3857574463, 51.8037185669, 52.2332878113, 52.6512451172, 53.0808143616, 53.4987754822, 53.9167327881, 54.3463020325, 54.7758712769, 55.2054405212, 55.6350097656, 56.0529708862, 56.4709281921, 56.8888893127, 57.3068466187, 57.7248077393, 58.2124252319, 58.7000427246, 59.187664032, 59.6752815247, 60.1512908936, 60.6273002625, 61.1033096313, 61.5793190002, 62.0437164307, 62.5081176758, 62.9725151062, 63.4601364136, 63.9013137817, 64.3424911499, 64.772064209, 65.2132415771, 65.6079788208, 65.9911117554, 66.3742370605, 66.7573699951, 67.1521072388, 67.5468444824, 67.9415893555, 68.3247146606, 68.7310638428, 69.1490249634, 69.5553741455, 69.9849395752, 70.4029006958, 70.8208618164, 71.238822937, 71.6567764282, 72.0747375488, 72.5043106079, 72.9338760376, 73.3634490967, 73.8046264648, 74.2341918945, 74.6405410767, 75.0352783203, 75.4300231934, 75.824760437, 76.2078933716, 76.5910186768, 76.9741516113, 77.345664978, 77.7171859741, 78.1119232178, 78.5066680908, 78.9362335205, 79.3658065796, 79.7953720093, 80.2249450684, 80.6428985596, 81.0608596802, 81.4904327393, 81.9199981689, 82.3379592896, 82.7559204102, 83.1738739014, 83.6034469604, 84.0330123901, 84.4625854492, 84.8689346313, 85.2752838135, 85.6932373047, 86.1111984253, 86.5407714844, 86.9587249756, 87.3766860962, 87.7946472168, 88.2126083374, 88.6189575195, 89.0253067017, 89.4432601929, 89.8612213135, 90.2791824341, 90.6971435547, 91.1034927368, 91.521446228, 91.9277954102, 92.3341445923, 92.7637176514, 93.1932830811, 93.6344680786, 94.0756454468, 94.5284347534, 94.9696121216, 95.4224014282, 95.8751907349, 96.3047637939, 96.8039855957, 97.3032150269, 97.7908401489, 98.2784576416, 98.7660751343, 99.2420806885, 99.7297058105, 100.217323303, 100.704940796, 101.192558289, 101.680175781, 102.156188965, 102.632194519, 103.108207703, 103.584213257, 104.071838379, 104.559455872, 105.047073364, 105.534690857, 106.02230835, 106.509933472, 106.985939026, 107.46194458, 107.937957764, 108.413963318, 108.889976501, 109.365982056, 109.853607178, 110.329612732, 110.817230225, 111.455780029, 112.071105957, 112.663215637, 113.255325317, 113.847434998, 114.497596741, 115.147750854, 115.797912598, 116.401634216, 117.005348206, 117.609069824, 118.212783813, 118.816505432, 119.315734863, 119.814964294, 120.314193726, 120.813423157, 121.312652588, 121.811882019, 122.299499512, 122.787117004, 123.263130188, 123.739135742, 124.203536987, 124.679542542, 125.167160034, 125.654785156, 126.13079071, 126.606803894, 127.082809448, 127.558815002, 128.034820557, 128.51083374, 128.986846924, 129.462860107, 129.938858032, 130.426483154, 130.914108276, 131.40171814, 131.889343262, 132.307296753, 132.713653564, 133.131607056, 133.537963867, 134.02557373, 134.524810791, 135.012420654, 135.500045776, 135.999267578, 136.510116577, 137.020950317, 137.520172119, 138.031021118, 138.541854858, 139.041091919, 139.528701782, 140.016326904, 140.515548706, 141.026397705, 141.467575073, 141.908752441, 142.361541748, 142.86076355, 143.36000061, 143.859222412, 144.358459473, 144.846069336, 145.32208252, 145.798095703, 146.262496948, 146.738494873, 147.214508057, 147.702133179, 148.178131104, 148.642532349, 149.118545532, 149.594558716, 150.070556641, 150.546569824, 151.034194946, 151.51020813, 151.951385498, 152.392562866, 152.856964111, 153.309753418, 153.762542725, 154.203720093, 154.702941895, 155.213790894, 155.713012695, 156.223846436, 156.723083496, 157.222305298, 157.721542358, 158.197555542, 158.685165405, 159.172790527, 159.660400391, 160.148025513, 160.624038696, 161.11164856, 161.587661743, 162.086883545, 162.574508667, 163.062133789, 163.538131714, 164.014144897, 164.490158081, 164.966171265, 165.442169189, 165.906570435, 166.382583618, 166.870193481, 167.357818604, 167.833831787, 168.309844971, 168.785842896, 169.250244141, 169.726257324, 170.202270508, 170.678268433, 171.154281616, 171.6302948, 172.106307983, 172.593917847, 173.081542969, 173.569152832, 174.103210449, 174.637283325, 175.159729004, 175.693786621, 176.2162323, 176.72706604, 177.237915039, 177.748748779, 178.25958252, 178.816864014, 179.374145508, 179.94303894, 180.511917114, 181.080810547, 181.614868164, 182.148925781, 182.682983398, 183.147384644, 183.623397827, 184.099411011, 184.563812256, 185.039810181, 185.504211426, 185.980224609, 186.444625854, 186.9090271, 187.385025024, 187.84942627, 188.337051392, 188.824661255, 189.312286377, 189.799911499, 190.287521362, 190.775146484, 191.262756348, 191.75038147, 192.226394653, 192.714004517, 193.1900177, 193.677642822, 194.153640747, 194.629653931, 195.117279053, 195.604888916, 196.092514038, 196.58013916, 197.067749023, 197.555374146, 198.042984009, 198.530609131, 199.018234253, 199.505844116, 199.993469238, 200.469467163, 200.933868408, 201.409881592, 201.885894775, 202.361907959, 202.849517822, 203.337142944, 203.824752808, 204.31237793, 204.800003052, 205.287612915, 205.775238037, 206.2628479, 206.750473022, 207.238098145, 207.725708008, 208.21333313, 208.700942993, 209.188568115, 209.687789917, 210.187026978, 210.686248779, 211.115829468, 211.557006836, 211.998184204, 212.416137695, 212.926986694, 213.426208496, 213.925445557, 214.41305542, 214.900680542, 215.388290405, 215.875915527, 216.363540649, 216.851150513, 217.338775635, 217.826385498, 218.31401062, 218.74357605, 219.1615448, 219.591110229, 220.009063721, 220.427032471, 220.844985962, 221.262939453, 221.727340698, 222.191741943, 222.667755127, 223.143753052, 223.619766235, 224.095779419, 224.583404541, 225.059402466, 225.535415649, 226.011428833, 226.499038696, 226.97505188, 227.451065063, 227.927078247, 228.391464233, 228.867477417, 229.343490601, 229.831100464, 230.307113647, 230.783126831, 231.259140015, 231.723526001, 232.199539185, 232.675552368, 233.151565552, 233.627563477, 234.091964722, 234.567977905, 235.03237915, 235.508392334, 235.984390259, 236.460403442, 236.936416626, 237.400817871, 237.865203857, 238.329605103, 238.794006348, 239.258407593, 239.722808838, 240.198822021, 240.674819946, 241.15083313, 241.615234375, 242.091247559, 242.578857422, 243.066482544, 243.554092407, 244.030105591, 244.506118774, 244.982131958, 245.48135376, 245.98059082, 246.479812622, 246.955825806, 247.443435669, 247.931060791, 248.418685913, 248.917907715, 249.417144775, 249.916366577, 250.403991699, 250.903213501, 251.390838623, 251.878448486, 252.366073608, 252.86529541, 253.352920532, 253.852142334, 254.304931641, 254.734512329, 255.164077759, 255.593643188, 256.01159668, 256.441162109, 256.859130859, 257.277099609, 257.695037842, 258.113006592, 258.530975342, 258.925720215, 259.332061768, 259.73840332, 260.144744873, 260.551116943, 260.957458496, 261.352203369, 261.770141602, 262.188110352, 262.617675781, 263.047241211, 263.476806641, 263.906402588, 264.335968018, 264.765533447, 265.195098877, 265.613067627, 266.042633057, 266.472198486, 266.890167236, 267.308105469, 267.714447021, 268.120819092, 268.538757324, 268.956726074, 269.363067627, 269.781036377, 270.199005127, 270.663391113, 271.11618042, 271.568969727, 272.126251221, 272.683532715, 273.252410889, 273.82131958, 274.390197754, 275.017150879, 275.655700684, 276.294250488, 276.921173096, 277.548126221, 278.198272705, 278.848419189, 279.486968994, 280.137145996, 280.78729248, 281.437469482, 282.087615967, 282.726165771, 283.376312256, 284.026489258, 284.676635742, 285.326782227, 285.988555908, 286.65032959, 287.300506592, 287.950653076, 288.589202881, 289.227752686, 289.87789917, 290.528076172, 291.178222656, 291.828399658, 292.478546143, 293.128692627, 293.778869629, 294.429016113, 295.079193115, 295.7293396, 296.379486084, 297.029663086, 297.691436768, 298.353179932, 299.014953613, 299.665130615, 300.3152771, 300.965423584, 301.603973389, 302.242523193, 302.881072998, 303.519622803, 304.158172607, 304.808349609, 305.458496094, 306.108642578, 306.75881958, 307.408966064, 308.047515869, 308.697692871, 309.336242676, 309.97479248, 310.613342285, 311.251861572, 311.890411377, 312.528961182, 313.167510986, 313.794464111, 314.433013916, 315.106384277, 315.779754639, 316.453155518, 317.114929199, 317.776672363, 318.415222168, 319.053771973, 319.692321777, 320.330871582, 320.969421387, 321.607971191, 322.246520996, 322.966339111, 323.686157227, 324.405975342, 325.125793457], "bpm_histogram_first_peak_spread": {"var": 0, "mean": 0.563265323639, "dmean2": 0, "dvar": 0, "dmean": 0, "max": 0.563265323639, "min": 0.563265323639, "median": 0.563265323639, "dvar2": 0}, "danceability": 0.948061108589, "bpm_histogram_second_peak_weight": {"var": 0, "mean": 0.147275403142, "dmean2": 0, "dvar": 0, "dmean": 0, "max": 0.147275403142, "min": 0.147275403142, "median": 0.147275403142, "dvar2": 0}, "bpm_histogram_first_peak_weight": {"var": 0, "mean": 0.157584682107, "dmean2": 0, "dvar": 0, "dmean": 0, "max": 0.157584682107, "min": 0.157584682107, "median": 0.157584682107, "dvar2": 0}, "bpm": 123.851860046, "bpm_histogram_second_peak_spread": {"var": 0, "mean": 0.489795982838, "dmean2": 0, "dvar": 0, "dmean": 0, "max": 0.489795982838, "min": 0.489795982838, "median": 0.489795982838, "dvar2": 0}, "bpm_histogram_second_peak_bpm": {"var": 0, "mean": 144, "dmean2": 0, "dvar": 0, "dmean": 0, "max": 144, "min": 144, "median": 144, "dvar2": 0}, "beats_count": 680, "beats_loudness_band_ratio": {"var": [0.0625189319253, 0.023502195254, 0.0501853376627, 0.00410900078714, 0.000183521740837, 0.0256362389773], "mean": [0.520964443684, 0.121188208461, 0.103914834559, 0.0229317750782, 0.00310994661413, 0.205690637231], "dmean2": [0.243953123689, 0.154954269528, 0.0710444226861, 0.0319659262896, 0.00751562602818, 0.19463506341], "dvar": [0.0184147562832, 0.0137124303728, 0.00545803457499, 0.00303531717509, 0.000338316720445, 0.0162947457284], "dmean": [0.146143093705, 0.0897297486663, 0.0406637229025, 0.0194332152605, 0.00395797053352, 0.114138521254], "max": [0.983022212982, 0.876647651196, 0.955079853535, 0.60576736927, 0.274147719145, 0.834878444672], "min": [0.00709785940126, 0.000446508318419, 5.16807376698e-05, 2.11100159504e-05, 1.43094712257e-05, 0.0019132650923], "median": [0.588199615479, 0.0666806697845, 0.0155198182911, 0.00336988363415, 0.00106226652861, 0.165059760213], "dvar2": [0.05098548159, 0.0360122770071, 0.0157212149352, 0.00739671755582, 0.000997864175588, 0.0452393703163]}, "onset_rate": 2.24574255943, "bpm_histogram_first_peak_bpm": {"var": 0, "mean": 123, "dmean2": 0, "dvar": 0, "dmean": 0, "max": 123, "min": 123, "median": 123, "dvar2": 0}}, "lowlevel": {"hfc": {"var": 152590.5, "mean": 296.3644104, "dmean2": 179.942321777, "dvar": 42641.7421875, "dmean": 107.791770935, "max": 5003.32080078, "min": 4.04976461255e-08, "median": 179.810974121, "dvar2": 116618.195312}, "barkbands_spread": {"var": 44.4686431885, "mean": 5.54290437698, "dmean2": 3.46175289154, "dvar": 16.2310581207, "dmean": 2.13316679001, "max": 100.255310059, "min": 0.202350705862, "median": 4.04982185364, "dvar2": 35.7420578003}, "spectral_spread": {"var": 1753961201660.0, "mean": 4556919.5, "dmean2": 1065656.75, "dvar": 384902561792, "dmean": 651942.9375, "max": 12067165, "min": 684345.875, "median": 4713550, "dvar2": 1025510408190.0}, "spectral_energy": {"var": 0.00308567890897, "mean": 0.0531027130783, "dmean2": 0.0269877780229, "dvar": 0.000689447449986, "dmean": 0.0163580682129, "max": 0.50235581398, "min": 3.71811175598e-12, "median": 0.0381931625307, "dvar2": 0.00196146918461}, "gfcc": {"icov": [[7.73646170273e-05, -0.000189847662114, 8.16073297756e-05, -0.000511826947331, 0.000231929603615, -0.000267714756774, 0.000337361067068, 0.000184532953426, -0.000309835450025, 0.000423469988164, -0.000229379700613, -3.2191430364e-05, -7.96261883806e-05], [-0.000189847662114, 0.0041768043302, -0.00179423461668, 0.00334980408661, 0.000873146113008, -3.94927301386e-05, -0.00116243050434, 0.0030403570272, -0.00257930252701, 0.00318207475357, -0.00368677149527, 0.0026055725757, 0.000144028308569], [8.16073297756e-05, -0.00179423461668, 0.00410755211487, -0.00257117697038, -0.000732026179321, -0.0012372136116, 0.00128991343081, -0.000224724120926, -0.00110687036067, 0.000778924091719, -0.000432444387116, 0.00182292843238, -0.00309834512882], [-0.000511826947331, 0.00334980408661, -0.00257117697038, 0.0109394947067, -0.0081799402833, 0.0041186013259, -0.000768460449763, 0.00101602147333, 0.000804677489214, -0.00462784525007, 0.00563784455881, -0.00434237718582, 0.0040604439564], [0.000231929603615, 0.000873146113008, -0.000732026179321, -0.0081799402833, 0.0155749358237, -0.00689575588331, -0.00165816466324, 0.00461731106043, -0.00637303059921, 0.0102544017136, -0.012069911696, 0.0121115371585, -0.00815496221185], [-0.000267714756774, -3.94927301386e-05, -0.0012372136116, 0.0041186013259, -0.00689575588331, 0.0110017545521, -0.00104399234988, -0.00664777960628, 0.00709532154724, -0.00584850739688, 0.00530608557165, -0.00418207561597, 0.00380621291697], [0.000337361067068, -0.00116243050434, 0.00128991343081, -0.000768460449763, -0.00165816466324, -0.00104399234988, 0.00720364041626, 0.000882475578692, -0.00318181677721, 0.000712126726285, 0.00193203391973, -0.000852849567309, -0.000887571834028], [0.000184532953426, 0.0030403570272, -0.000224724120926, 0.00101602147333, 0.00461731106043, -0.00664777960628, 0.000882475578692, 0.0139892380685, -0.00829266011715, 0.00635084696114, -0.00975347217172, 0.00858506280929, -0.00354829803109], [-0.000309835450025, -0.00257930252701, -0.00110687036067, 0.000804677489214, -0.00637303059921, 0.00709532154724, -0.00318181677721, -0.00829266011715, 0.0216226577759, -0.0133019564673, 0.00922936480492, -0.0116309281439, 0.00604701833799], [0.000423469988164, 0.00318207475357, 0.000778924091719, -0.00462784525007, 0.0102544017136, -0.00584850739688, 0.000712126726285, 0.00635084696114, -0.0133019564673, 0.0289522241801, -0.0174615345895, 0.010858447291, -0.00880228448659], [-0.000229379700613, -0.00368677149527, -0.000432444387116, 0.00563784455881, -0.012069911696, 0.00530608557165, 0.00193203391973, -0.00975347217172, 0.00922936480492, -0.0174615345895, 0.0302040148526, -0.0178790856153, 0.00652301078662], [-3.2191430364e-05, 0.0026055725757, 0.00182292843238, -0.00434237718582, 0.0121115371585, -0.00418207561597, -0.000852849567309, 0.00858506280929, -0.0116309281439, 0.010858447291, -0.0178790856153, 0.029822666198, -0.0115592535585], [-7.96261883806e-05, 0.000144028308569, -0.00309834512882, 0.0040604439564, -0.00815496221185, 0.00380621291697, -0.000887571834028, -0.00354829803109, 0.00604701833799, -0.00880228448659, 0.00652301078662, -0.0115592535585, 0.0199234765023]], "mean": [-155.371246338, 107.87752533, -38.5815849304, 10.2482099533, -30.3418445587, -12.5867042542, 3.50530290604, -13.6223287582, -5.66514062881, -6.41460752487, -11.3959360123, -3.80219268799, -4.67534399033], "cov": [[44671.9765625, 483.820587158, 2830.82739258, 4321.75146484, 2195.74023438, -339.939758301, -993.705505371, -1446.79272461, 640.321350098, -435.004608154, -138.451446533, 331.948272705, 247.626266479], [483.820587158, 676.882995605, 60.6844749451, -293.380462646, -130.801651001, -23.8628120422, 6.69098091125, -40.5677566528, 9.76622009277, -53.102848053, 52.9853515625, -1.8583739996, -34.4890022278], [2830.82739258, 60.6844749451, 900.965332031, 623.578613281, 569.387207031, 99.0959243774, -12.1007413864, -87.4748077393, 77.2973327637, -32.6114349365, -2.56697702408, -60.4904975891, 149.784759521], [4321.75146484, -293.380462646, 623.578613281, 1012.27740479, 631.886413574, -36.0168876648, 0.528922498226, -221.223007202, 118.361358643, -21.1514854431, -70.0894775391, -3.11204814911, 112.081573486], [2195.74023438, -130.801651001, 569.387207031, 631.886413574, 635.739074707, 115.322257996, 54.2640800476, -76.6066589355, 62.4296875, -30.2215423584, -7.22854280472, -66.8920516968, 127.704666138], [-339.939758301, -23.8628120422, 99.0959243774, -36.0168876648, 115.322257996, 241.587661743, 9.15149402618, 116.224769592, -43.4548377991, -0.209341093898, 21.2012729645, -52.3332176208, 19.5138874054], [-993.705505371, 6.69098091125, -12.1007413864, 0.528922498226, 54.2640800476, 9.15149402618, 222.397201538, -2.34413766861, 31.8822116852, 4.13034677505, -17.3203792572, -7.19694566727, 17.5867919922], [-1446.79272461, -40.5677566528, -87.4748077393, -221.223007202, -76.6066589355, 116.224769592, -2.34413766861, 224.557601929, -17.0156021118, 25.4766960144, 48.3703651428, -31.0843276978, -5.12924480438], [640.321350098, 9.76622009277, 77.2973327637, 118.361358643, 62.4296875, -43.4548377991, 31.8822116852, -17.0156021118, 113.411231995, 27.7128162384, 6.27020072937, 30.9492816925, 16.3571662903], [-435.004608154, -53.102848053, -32.6114349365, -21.1514854431, -30.2215423584, -0.209341093898, 4.13034677505, 25.4766960144, 27.7128162384, 81.4405059814, 34.2471694946, 15.9586849213, 15.891708374], [-138.451446533, 52.9853515625, -2.56697702408, -70.0894775391, -7.22854280472, 21.2012729645, -17.3203792572, 48.3703651428, 6.27020072937, 34.2471694946, 92.9828338623, 27.1591491699, 12.3245744705], [331.948272705, -1.8583739996, -60.4904975891, -3.11204814911, -66.8920516968, -52.3332176208, -7.19694566727, -31.0843276978, 30.9492816925, 15.9586849213, 27.1591491699, 93.1022796631, 12.1101198196], [247.626266479, -34.4890022278, 149.784759521, 112.081573486, 127.704666138, 19.5138874054, 17.5867919922, -5.12924480438, 16.3571662903, 15.891708374, 12.3245744705, 12.1101198196, 105.342704773]]}, "silence_rate_60dB": {"var": 0.161423295736, "mean": 0.202379256487, "dmean2": 0.00683955522254, "dvar": 0.00340760103427, "dmean": 0.00341953407042, "max": 1, "min": 0, "median": 0, "dvar2": 0.00821671634912}, "spectral_centroid": {"var": 121230.78125, "mean": 461.667297363, "dmean2": 153.073989868, "dvar": 29702.1855469, "dmean": 95.3654174805, "max": 3978.28662109, "min": 98.9860229492, "median": 378.61517334, "dvar2": 57559.9140625}, "spectral_complexity": {"var": 25.5728721619, "mean": 5.9187207222, "dmean2": 2.07680249214, "dvar": 3.29569530487, "dmean": 1.24812996387, "max": 48, "min": 0, "median": 6, "dvar2": 6.99805450439}, "melbands_spread": {"var": 47.0088500977, "mean": 4.42368078232, "dmean2": 2.62035965919, "dvar": 21.5521907806, "dmean": 1.63991415501, "max": 170.725875854, "min": 0.110205560923, "median": 3.02041006088, "dvar2": 44.4162864685}, "spectral_strongpeak": {"var": 1516.74731445, "mean": 11.4596214294, "dmean2": 18.1663150787, "dvar": 1030.7088623, "dmean": 9.78668308258, "max": 347.423126221, "min": 0, "median": 0.362703084946, "dvar2": 2897.61108398}, "zerocrossingrate": {"var": 0.0209516156465, "mean": 0.261375755072, "dmean2": 0.0581036247313, "dvar": 0.00171096948907, "dmean": 0.0439517460763, "max": 0.88623046875, "min": 0.00439453125, "median": 0.25, "dvar2": 0.00291769043542}, "erbbands_kurtosis": {"var": 203.910263062, "mean": 8.04638767242, "dmean2": 8.26665973663, "dvar": 115.407981873, "dmean": 5.07579040527, "max": 316.358642578, "min": -1.94013333321, "median": 4.08709526062, "dvar2": 314.035552979}, "spectral_energyband_middle_low": {"var": 0.000480604969198, "mean": 0.0136149702594, "dmean2": 0.00683249998838, "dvar": 7.19120725989e-05, "dmean": 0.00436171656474, "max": 0.280638307333, "min": 2.73337884445e-13, "median": 0.00633112480864, "dvar2": 0.000170036451891}, "erbbands": {"var": [0.630459904671, 19.4588775635, 315.586914062, 718.858337402, 1464.23547363, 407.701477051, 518.017883301, 21972.4433594, 5977.36767578, 337.393096924, 210.603897095, 898.472900391, 157.210662842, 60.7097396851, 126.163635254, 25.3168525696, 10.8289699554, 7.02205324173, 4.94027614594, 9.15847301483, 24.3350219727, 43.8852539062, 318.202514648, 1086.0291748, 6214.21044922, 3333.22607422, 728.250671387, 206.617370605, 36.3451843262, 5.24212551117, 0.857097625732, 0.0380009412766, 0.00936657655984, 0.00451708910987, 0.00190855865367, 0.000679536431562, 0.000650417525321, 0.00286982185207, 0.00344110280275, 0.000107052837848], "mean": [0.454285830259, 2.79979372025, 10.204785347, 15.5528078079, 15.0139980316, 11.4746761322, 11.9863348007, 42.547706604, 15.303896904, 7.75461435318, 6.90933656693, 9.67280673981, 5.0659828186, 3.567964077, 3.84413337708, 2.23835277557, 1.29842793941, 1.23325264454, 1.13830256462, 1.06284499168, 1.02299690247, 1.10744798183, 1.66120707989, 2.0003349781, 4.17377758026, 3.59775090218, 2.47950077057, 2.00750350952, 1.39341127872, 0.533981084824, 0.245637327433, 0.0877200141549, 0.0452262461185, 0.0316496044397, 0.0211557019502, 0.0131691936404, 0.0110594397411, 0.0139508331195, 0.00864939112216, 0.00787656009197], "dmean2": [0.378760844469, 2.57290005684, 10.5661239624, 13.5878715515, 11.7953538895, 10.6373434067, 8.54116153717, 16.3586864471, 7.59676504135, 6.11949777603, 5.53067684174, 7.38544368744, 4.69416475296, 3.27180075645, 3.20835018158, 2.25429368019, 1.32643425465, 1.27687132359, 1.1541686058, 1.1165753603, 1.18475556374, 1.16560161114, 1.73450171947, 2.30076241493, 5.65092515945, 4.35703802109, 2.61327695847, 1.77698361874, 1.11453330517, 0.459461659193, 0.234591454268, 0.111510813236, 0.0713453814387, 0.0496179871261, 0.0323702692986, 0.0194150917232, 0.0122956521809, 0.0108431996778, 0.00679507758468, 0.00448447139934], "dvar": [0.214182570577, 8.38631725311, 160.33996582, 274.839263916, 317.270141602, 164.789016724, 141.423812866, 1898.77734375, 702.740905762, 96.7368240356, 58.8932151794, 161.289718628, 68.6410217285, 24.5577487946, 32.4508590698, 15.5072813034, 4.99779558182, 3.04538822174, 2.28318023682, 4.97230148315, 18.5987644196, 28.4052791595, 184.396148682, 828.839111328, 5793.09765625, 2417.66650391, 527.653686523, 141.51071167, 22.1871948242, 3.26481318474, 0.507305562496, 0.0271320268512, 0.00826096441597, 0.00393508374691, 0.00161943014245, 0.000554236990865, 0.000401301920647, 0.00163623236585, 0.00208199350163, 3.2767362427e-05], "dmean": [0.230594396591, 1.54961776733, 6.16382551193, 8.11875724792, 7.22870635986, 6.32153606415, 5.3225569725, 12.0467309952, 5.33777618408, 3.85519266129, 3.41872954369, 4.79450798035, 2.89089798927, 1.99283480644, 2.01422524452, 1.36412763596, 0.808314442635, 0.775046110153, 0.700124025345, 0.681686878204, 0.734897851944, 0.764024317265, 1.20759797096, 1.57067286968, 3.84572911263, 3.05526137352, 1.79938745499, 1.19323372841, 0.742232322693, 0.30100736022, 0.150111615658, 0.0680125579238, 0.0428981222212, 0.0299195777625, 0.0195809621364, 0.0117797907442, 0.00765385245904, 0.0072172973305, 0.0047850953415, 0.00274692638777], "max": [10.3731994629, 57.9754676819, 363.356445312, 387.886169434, 757.008728027, 271.772186279, 334.321350098, 1650.13513184, 2185.94458008, 312.211486816, 277.974060059, 804.87689209, 303.900634766, 252.607879639, 295.278991699, 140.734100342, 144.2318573, 52.3992462158, 77.9150390625, 133.27482605, 301.646789551, 396.753204346, 1169.56188965, 2556.05249023, 6220.64160156, 3169.49829102, 1417.50561523, 716.253234863, 244.929260254, 78.3150405884, 38.8698768616, 6.94769430161, 1.8222091198, 1.25078439713, 0.79090821743, 0.44742667675, 0.965962171555, 1.61046934128, 2.58942532539, 0.201350986958], "min": [2.46848158234e-12, 1.47059482647e-11, 3.5532726067e-11, 3.69853349336e-11, 3.34261125723e-11, 2.54734931066e-11, 2.14960327316e-10, 4.70169791988e-10, 2.03968203438e-10, 7.28508309233e-10, 1.24994481432e-09, 3.26681903751e-09, 1.24590893158e-09, 4.77887229788e-10, 1.9056223266e-10, 9.20420129003e-10, 9.09026298679e-10, 6.49392317698e-09, 5.02000130354e-09, 4.52097470571e-09, 2.53178655818e-09, 1.44757505982e-09, 2.37067387943e-09, 5.81015591195e-09, 5.40376943192e-09, 3.01389224688e-09, 6.30364338505e-09, 6.78676492782e-09, 4.06384836893e-09, 5.37183186822e-09, 5.82428150153e-09, 3.46062045686e-09, 3.36577965498e-09, 2.42495001856e-09, 2.22789098281e-09, 1.05919184534e-09, 8.4884332896e-10, 4.05368072443e-10, 1.09785937286e-10, 1.26296082967e-11], "median": [0.14031881094, 1.15749883652, 3.5200574398, 4.3899679184, 4.10436964035, 4.26294803619, 3.76274609566, 3.96572494507, 2.68859314919, 1.92166495323, 2.09987831116, 1.7515887022, 1.06753873825, 0.936628580093, 0.90711414814, 0.56472235918, 0.403814375401, 0.343916237354, 0.33322429657, 0.305920422077, 0.289632618427, 0.26818561554, 0.256098181009, 0.225105434656, 0.176879316568, 0.215513259172, 0.253613352776, 0.315308183432, 0.167311996222, 0.111776530743, 0.066707059741, 0.0304187256843, 0.012165794149, 0.00847704801708, 0.00599879492074, 0.00405775383115, 0.00473087280989, 0.0050299204886, 0.00407605152577, 0.00511415675282], "dvar2": [0.657059907913, 23.648815155, 495.382904053, 768.122192383, 785.396240234, 476.225982666, 364.318908691, 3201.26733398, 1165.83508301, 233.016906738, 142.71673584, 323.213562012, 165.249786377, 60.469997406, 69.4453277588, 41.5132713318, 11.807390213, 7.48259353638, 5.41120481491, 10.7751283646, 40.7929649353, 51.6413002014, 295.7527771, 1525.18774414, 13115.5078125, 5091.65722656, 1086.31408691, 260.658203125, 40.3590888977, 5.86467790604, 0.876772463322, 0.060385543853, 0.0206622499973, 0.00982430297881, 0.00403186120093, 0.00137396308128, 0.000783386582043, 0.00274283718318, 0.0037970202975, 8.03222283139e-05]}, "barkbands_crest": {"var": 18.949180603, "mean": 13.8859806061, "dmean2": 4.81406164169, "dvar": 5.61500024796, "dmean": 2.90487790108, "max": 26.1655044556, "min": 3.3290336132, "median": 13.4623413086, "dvar2": 15.7363901138}, "melbands_crest": {"var": 38.6197509766, "mean": 19.0891838074, "dmean2": 6.08947134018, "dvar": 9.04184913635, "dmean": 3.64259338379, "max": 37.7069320679, "min": 4.21681690216, "median": 18.5938224792, "dvar2": 25.4577178955}, "spectral_flux": {"var": 0.00385832553729, "mean": 0.0832265391946, "dmean2": 0.0351411364973, "dvar": 0.000763769145124, "dmean": 0.0215118676424, "max": 0.464914292097, "min": 9.42608130572e-06, "median": 0.0782698914409, "dvar2": 0.00197066692635}, "spectral_contrast_valleys": {"var": [6.1268901825, 3.17341017723, 2.53320741653, 3.89040851593, 3.89464306831, 4.06313657761], "mean": [-7.63827705383, -7.60471010208, -8.45817089081, -9.38833427429, -9.40587043762, -11.9294919968], "dmean2": [0.611986219883, 0.705428361893, 0.738452196121, 0.956820785999, 0.907185077667, 1.04670715332], "dvar": [0.0870043411851, 0.166388273239, 0.191825449467, 0.303644835949, 0.275743335485, 0.326326519251], "dmean": [0.365601658821, 0.432687729597, 0.450196892023, 0.582498788834, 0.556941926479, 0.639443874359], "max": [-4.83470344543, -4.82681274414, -5.59294939041, -6.12008476257, -4.55222082138, -8.67787742615], "min": [-17.9839134216, -17.5335597992, -18.3812885284, -18.1572856903, -17.7385826111, -19.1469230652], "median": [-6.70176029205, -6.93831634521, -7.96307182312, -8.6672744751, -8.70893478394, -11.2810211182], "dvar2": [0.239587321877, 0.450414955616, 0.51118272543, 0.803545951843, 0.723750412464, 0.84667211771]}, "mfcc": {"icov": [[0.000180240298505, -0.000382888509193, 0.000377465767087, -0.000251296238275, -4.73115505883e-05, -0.000151646221639, 6.17321711616e-05, 0.000180418530363, 0.000199199916096, 0.000210205282201, -0.000428080878919, 0.00049883191241, -4.73958498333e-05], [-0.000382888509193, 0.00166726519819, -0.0020113280043, 0.000224332194193, 0.000447296974016, -0.000164193770615, -0.000109302673081, -0.00107780762482, 0.000515188381542, -0.000163014236023, 0.000987469684333, -0.00102017680183, 5.6678069086e-05], [0.000377465767087, -0.0020113280043, 0.00624560238793, -0.000771315768361, -0.00160190311726, 0.00093504448887, -0.000901954132132, 0.00132531533018, -0.00231939204969, 0.00247860583477, -0.00229794206098, 0.000220233167056, 0.000398967356887], [-0.000251296238275, 0.000224332194193, -0.000771315768361, 0.00430164346471, -0.000972748675849, -0.00416473764926, 0.00261182547547, -0.000156835347298, -0.000932953204028, -0.00115787773393, 0.00227855774574, -0.000253579695709, -0.00112094858196], [-4.73115505883e-05, 0.000447296974016, -0.00160190311726, -0.000972748675849, 0.00495525356382, -0.000791165104602, -0.0031792037189, 0.00103882257827, 0.00136341608595, -0.00228196568787, -3.2940570236e-05, -7.05635393388e-05, 0.000617604586296], [-0.000151646221639, -0.000164193770615, 0.00093504448887, -0.00416473764926, -0.000791165104602, 0.0105035640299, -0.00358791975304, 0.000458280032035, -0.00291151017882, 0.00404672743753, -0.00178892165422, 0.000608306960203, 0.0013345379848], [6.17321711616e-05, -0.000109302673081, -0.000901954132132, 0.00261182547547, -0.0031792037189, -0.00358791975304, 0.0125473765656, -0.00575563684106, -0.000447584170615, -0.00535521702841, 0.00757831009105, -0.00474773393944, -0.000187884972547], [0.000180418530363, -0.00107780762482, 0.00132531533018, -0.000156835347298, 0.00103882257827, 0.000458280032035, -0.00575563684106, 0.0161895062774, -0.004278073553, 0.00242142356001, -0.00787136144936, 0.00749611249194, -0.003835930489], [0.000199199916096, 0.000515188381542, -0.00231939204969, -0.000932953204028, 0.00136341608595, -0.00291151017882, -0.000447584170615, -0.004278073553, 0.0176691897213, -0.00878925528377, 0.00439988495782, -0.00715793063864, 0.00790033768862], [0.000210205282201, -0.000163014236023, 0.00247860583477, -0.00115787773393, -0.00228196568787, 0.00404672743753, -0.00535521702841, 0.00242142356001, -0.00878925528377, 0.0247718654573, -0.0105030005798, 0.00719468761235, -0.00824302062392], [-0.000428080878919, 0.000987469684333, -0.00229794206098, 0.00227855774574, -3.2940570236e-05, -0.00178892165422, 0.00757831009105, -0.00787136144936, 0.00439988495782, -0.0105030005798, 0.0228801537305, -0.00704871863127, 0.00212915078737], [0.00049883191241, -0.00102017680183, 0.000220233167056, -0.000253579695709, -7.05635393388e-05, 0.000608306960203, -0.00474773393944, 0.00749611249194, -0.00715793063864, 0.00719468761235, -0.00704871863127, 0.0219039302319, -0.012601768598], [-4.73958498333e-05, 5.6678069086e-05, 0.000398967356887, -0.00112094858196, 0.000617604586296, 0.0013345379848, -0.000187884972547, -0.003835930489, 0.00790033768862, -0.00824302062392, 0.00212915078737, -0.012601768598, 0.0274047553539]], "mean": [-807.748474121, 147.309448242, 41.3602142334, 39.625453949, -2.26295113564, 16.1527442932, 2.94085836411, 6.56736660004, 8.70699691772, -0.68593776226, 0.759561896324, 2.83718419075, -1.11117827892], "cov": [[23020.4296875, 5378.23339844, 502.10345459, 2523.01635742, 170.778182983, 1338.6151123, -528.552124023, -0.506142854691, -358.035552979, -463.142913818, 4.22472238541, -483.057342529, -206.698699951], [5378.23339844, 2464.41381836, 567.907287598, 669.594787598, 172.69859314, 404.251739502, 46.4489135742, 58.8141326904, 3.16757392883, -121.921958923, -37.303691864, -16.9888134003, -34.2012214661], [502.10345459, 567.907287598, 402.238098145, 199.063934326, 184.45513916, 129.436431885, 106.462730408, 11.9695930481, 75.5253143311, -11.8368835449, -20.1554470062, 46.4607200623, -8.47723388672], [2523.01635742, 669.594787598, 199.063934326, 869.764465332, 246.045761108, 431.278686523, 19.0581283569, -15.8643894196, 72.5652313232, -44.2141494751, -63.5491485596, -20.1917762756, -31.5461540222], [170.778182983, 172.69859314, 184.45513916, 246.045761108, 445.638305664, 180.188446045, 192.819625854, 9.54198169708, 80.3978805542, 47.0351676941, -37.6694984436, 41.0781211853, 3.94293570518], [1338.6151123, 404.251739502, 129.436431885, 431.278686523, 180.188446045, 347.23059082, 81.4662475586, 8.55515098572, 69.4521636963, -27.0663223267, -42.1690444946, 0.35637190938, -26.7015724182], [-528.552124023, 46.4489135742, 106.462730408, 19.0581283569, 192.819625854, 81.4662475586, 253.737197876, 49.055103302, 88.2109985352, 53.2473297119, -39.5272331238, 59.8702392578, 19.7008132935], [-0.506142854691, 58.8141326904, 11.9695930481, -15.8643894196, 9.54198169708, 8.55515098572, 49.055103302, 100.541122437, 23.6067810059, 20.7746620178, 20.3995513916, -10.781791687, 5.73258399963], [-358.035552979, 3.16757392883, 75.5253143311, 72.5652313232, 80.3978805542, 69.4521636963, 88.2109985352, 23.6067810059, 128.637054443, 36.3933410645, -17.6957378387, 37.8971557617, -7.37789487839], [-463.142913818, -121.921958923, -11.8368835449, -44.2141494751, 47.0351676941, -27.0663223267, 53.2473297119, 20.7746620178, 36.3933410645, 86.3313140869, 21.762834549, 12.3131065369, 20.7930355072], [4.22472238541, -37.303691864, -20.1554470062, -63.5491485596, -37.6694984436, -42.1690444946, -39.5272331238, 20.3995513916, -17.6957378387, 21.762834549, 79.3109970093, 1.03341090679, 9.22605705261], [-483.057342529, -16.9888134003, 46.4607200623, -20.1917762756, 41.0781211853, 0.35637190938, 59.8702392578, -10.781791687, 37.8971557617, 12.3131065369, 1.03341090679, 100.516151428, 34.5750389099], [-206.698699951, -34.2012214661, -8.47723388672, -31.5461540222, 3.94293570518, -26.7015724182, 19.7008132935, 5.73258399963, -7.37789487839, 20.7930355072, 9.22605705261, 34.5750389099, 60.7486152649]]}, "erbbands_flatness_db": {"var": 0.00447525270283, "mean": 0.169362872839, "dmean2": 0.053646530956, "dvar": 0.000956712348852, "dmean": 0.0332310497761, "max": 0.436218380928, "min": 0.0382920727134, "median": 0.156327337027, "dvar2": 0.00258968491107}, "barkbands": {"var": [2.25375351874e-05, 0.000437294278527, 0.000369190325728, 7.77650784585e-05, 8.25524039101e-05, 0.000154047913384, 8.738962606e-06, 4.01174702347e-07, 1.37257666211e-06, 8.84889317376e-08, 6.61896706333e-08, 1.9431322329e-08, 4.06041600343e-09, 2.59767163335e-09, 2.33058194965e-09, 6.7354433142e-09, 1.18863399123e-08, 2.34214667216e-07, 1.20137428894e-06, 1.60629008406e-06, 2.03080816163e-07, 2.07816732711e-08, 1.56727486544e-09, 3.9548378461e-11, 3.68626899838e-11, 2.06943059911e-10, 8.3423948638e-08], "mean": [0.00206282362342, 0.0133603978902, 0.0102631766349, 0.00438148528337, 0.0040502040647, 0.00378468493, 0.000639952428173, 0.00030295579927, 0.000407578365412, 0.000125085134641, 9.41740654525e-05, 5.64310466871e-05, 2.55126960838e-05, 2.43167942244e-05, 2.02973242267e-05, 1.89915699593e-05, 1.79545986612e-05, 3.41143022524e-05, 5.93449403823e-05, 7.83734576544e-05, 5.46500741621e-05, 3.3858937968e-05, 9.85907900031e-06, 3.07635423269e-06, 2.89734521175e-06, 5.83145993005e-06, 5.35115759703e-05], "dmean2": [0.00237160013057, 0.0112844351679, 0.0104469377548, 0.00404104730114, 0.00326038943604, 0.00155600300059, 0.000446429243311, 0.000251316203503, 0.000321438390529, 0.000127106352011, 8.32252480905e-05, 5.80969826842e-05, 2.83659210254e-05, 2.59348908003e-05, 2.12969753193e-05, 2.24557043111e-05, 2.03637646337e-05, 3.85478851967e-05, 8.23391164886e-05, 9.68381718849e-05, 5.02302864334e-05, 2.70285181614e-05, 9.32977218326e-06, 4.5915148803e-06, 4.49265689895e-06, 6.55582289255e-06, 4.7237106628e-05], "dvar": [1.19694495879e-05, 0.000167938531376, 0.000172727261088, 3.12559568556e-05, 1.77757374331e-05, 1.40735219247e-05, 1.5769867332e-06, 1.1966301372e-07, 2.85701133862e-07, 3.93617725081e-08, 1.78444299337e-08, 1.0345234891e-08, 2.04096628487e-09, 1.18719378772e-09, 1.08684428124e-09, 4.81694240051e-09, 8.64426308311e-09, 1.67323264577e-07, 1.26606164486e-06, 1.17675688216e-06, 1.33595065677e-07, 1.27185373344e-08, 9.58681023455e-10, 3.41983837082e-11, 3.16978006343e-11, 1.28714344738e-10, 5.06256867538e-08], "dmean": [0.0014075175859, 0.00685290293768, 0.00610332330689, 0.00247433758341, 0.00198159669526, 0.0011211449746, 0.00029750081012, 0.000154836568981, 0.000206791941309, 7.73781357566e-05, 5.19145214639e-05, 3.53929353878e-05, 1.72303407453e-05, 1.5710516891e-05, 1.30109483507e-05, 1.37755860123e-05, 1.30105599965e-05, 2.64699647232e-05, 5.35469407623e-05, 6.77425123286e-05, 3.41859304172e-05, 1.79820490303e-05, 5.99886334385e-06, 2.76624996332e-06, 2.71325848189e-06, 4.07626521337e-06, 3.21099832945e-05], "max": [0.151732325554, 0.289580821991, 0.352189749479, 0.182280123234, 0.180087134242, 0.150913313031, 0.0902341008186, 0.0124741755426, 0.0294762477279, 0.00628601852804, 0.00620837183669, 0.00488759949803, 0.00262581161223, 0.000919175276067, 0.00268437480554, 0.00381867401302, 0.00728358374909, 0.0402836725116, 0.094491623342, 0.0671418607235, 0.0182343386114, 0.00569047220051, 0.00181161623914, 0.000114297465188, 0.000111469045805, 0.00064742018003, 0.012481123209], "min": [3.72842558151e-14, 7.16992383434e-14, 2.99269750691e-14, 1.0924421937e-14, 1.04820970968e-14, 5.25326886212e-14, 1.52773