{"tonal": {"chords_number_rate": 0.00147666863631, "thpcp": [1, 0.617940664291, 0.220247358084, 0.167811602354, 0.203140556812, 0.403535991907, 0.567121505737, 0.418703585863, 0.367866247892, 0.477606445551, 0.414691239595, 0.413609325886, 0.348874330521, 0.172214582562, 0.261583149433, 0.379527300596, 0.264004379511, 0.153549388051, 0.151086881757, 0.2396607548, 0.689024686813, 0.970007896423, 0.588576376438, 0.228115066886, 0.131512999535, 0.101390480995, 0.152498722076, 0.221410512924, 0.231557711959, 0.358608186245, 0.475913673639, 0.336790502071, 0.239218384027, 0.241498544812, 0.304499328136, 0.709439694881], "hpcp": {"dvar": [0.0182439591736, 0.0116403410211, 0.0132612828165, 0.0195002146065, 0.0227140150964, 0.0299010816962, 0.0322842076421, 0.0295825581998, 0.0281169638038, 0.0346138514578, 0.0365290939808, 0.0401854850352, 0.0464403182268, 0.0382514707744, 0.0253444481641, 0.0238572750241, 0.0263045802712, 0.0344421453774, 0.040796905756, 0.036306027323, 0.0318523459136, 0.0325495116413, 0.0276908669621, 0.0277638006955, 0.022871626541, 0.01547408849, 0.018661217764, 0.0227009430528, 0.0183447021991, 0.0170482899994, 0.0208295751363, 0.0274015646428, 0.0411023721099, 0.0499538630247, 0.041477445513, 0.0312914885581], "mean": [0.051964070648, 0.0400619097054, 0.0602560527623, 0.0874848216772, 0.0914942324162, 0.141695052385, 0.1880453825, 0.133074343204, 0.0945211574435, 0.095422104001, 0.120315283537, 0.280317336321, 0.395124971867, 0.244163781404, 0.0870252326131, 0.066306553781, 0.0802659094334, 0.159447148442, 0.224083870649, 0.165440246463, 0.145353138447, 0.188714236021, 0.16385486722, 0.163427367806, 0.137848958373, 0.0680462792516, 0.10335803777, 0.149960711598, 0.104314722121, 0.0606711991131, 0.0596982017159, 0.0946959480643, 0.272250860929, 0.38327434659, 0.232561230659, 0.0901339575648], "min": [0, 0, 0, 0, 0, 0, 0, 0, 0, 0, 0, 0, 0, 0, 0, 0, 0, 0, 0, 0, 0, 0, 0, 0, 0, 0, 0, 0, 0, 0, 0, 0, 0, 0, 0, 0], "median": [0.0162098109722, 0.0142565127462, 0.0207349769771, 0.0259647313505, 0.0337706953287, 0.0497279465199, 0.0523459836841, 0.0454398803413, 0.0295363478363, 0.0293766818941, 0.0390158891678, 0.136539787054, 0.208124428988, 0.126379579306, 0.0346204191446, 0.0233719088137, 0.0259944610298, 0.051279194653, 0.0789614915848, 0.0625219643116, 0.0355626866221, 0.0333510041237, 0.0610814876854, 0.0789930671453, 0.0640155524015, 0.0266065336764, 0.0250708796084, 0.0343061760068, 0.0357107557356, 0.0201959982514, 0.0161742195487, 0.0344867557287, 0.163049787283, 0.250404953957, 0.136759325862, 0.0268163289875], "dvar2": [0.0512434989214, 0.0336503088474, 0.0368434898555, 0.0506039522588, 0.0633466243744, 0.0823673680425, 0.076984167099, 0.0809683203697, 0.0777314007282, 0.0960948914289, 0.10241484642, 0.103713266551, 0.109371729195, 0.102504245937, 0.0709933787584, 0.0675414651632, 0.0720726102591, 0.0890244469047, 0.102314673364, 0.098158352077, 0.0834508612752, 0.0765787884593, 0.0724360942841, 0.0728324651718, 0.0618463121355, 0.0430519543588, 0.0478572994471, 0.0527155175805, 0.048557408154, 0.0467372573912, 0.0573618523777, 0.0736995339394, 0.110519759357, 0.125180974603, 0.111637637019, 0.0860268250108], "var": [0.0130345998332, 0.00778785115108, 0.0140225263312, 0.0292828101665, 0.0241014827043, 0.0453055426478, 0.0801766812801, 0.0400073193014, 0.0264942180365, 0.0302225034684, 0.0367616117001, 0.0941572710872, 0.154994651675, 0.0698339492083, 0.0216316860169, 0.0184978637844, 0.0226261429489, 0.053841881454, 0.0893141776323, 0.0542387478054, 0.0530209243298, 0.09663207829, 0.0543637350202, 0.0428826957941, 0.0354827269912, 0.0159440226853, 0.0360137782991, 0.0723679512739, 0.0295862089843, 0.0158163663, 0.0180680658668, 0.025567645207, 0.0787682682276, 0.126920446754, 0.0622168183327, 0.0262026358396], "dmean2": [0.107141122222, 0.0779762268066, 0.0896885767579, 0.114600643516, 0.143867567182, 0.176666915417, 0.178676098585, 0.180342078209, 0.16258263588, 0.171693354845, 0.200467899442, 0.247277513146, 0.243983969092, 0.249312698841, 0.152322977781, 0.123166017234, 0.145803332329, 0.19575534761, 0.221513405442, 0.210988581181, 0.182345092297, 0.164432391524, 0.182108014822, 0.193401545286, 0.162772968411, 0.108511656523, 0.119709387422, 0.127898752689, 0.122634351254, 0.102779872715, 0.114222064614, 0.171014234424, 0.273417413235, 0.300924837589, 0.273096561432, 0.179776698351], "max": [1, 1, 1, 1, 1, 1, 1, 1, 1, 1, 1, 1, 1, 1, 1, 1, 1, 1, 1, 1, 1, 1, 1, 1, 1, 1, 1, 1, 1, 1, 1, 1, 1, 1, 1, 1], "dmean": [0.0584036894143, 0.0425226464868, 0.0510140024126, 0.0667584165931, 0.081530764699, 0.102883957326, 0.107536531985, 0.104333095253, 0.0904691442847, 0.0951685085893, 0.112135119736, 0.146454423666, 0.145386785269, 0.146919310093, 0.08519680053, 0.0678370371461, 0.0814973860979, 0.114001899958, 0.129590317607, 0.121930748224, 0.106993675232, 0.0964299887419, 0.106803968549, 0.114256612957, 0.0947479680181, 0.06066961959, 0.0696566328406, 0.0755133852363, 0.0718773081899, 0.0579826273024, 0.0640989542007, 0.0965930446982, 0.161895781755, 0.177761688828, 0.159648269415, 0.100206680596]}, "key_strength": 0.774058282375, "chords_strength": {"dvar": 0.000334969605319, "mean": 0.543425738811, "min": -1, "median": 0.552119731903, "dvar2": 0.000569912197534, "var": 0.0216247439384, "dmean2": 0.00794855784625, "max": 0.88789254427, "dmean": 0.00844710692763}, "tuning_equal_tempered_deviation": 0.0338878259063, "chords_key": "C#", "tuning_frequency": 438.984558105, "chords_scale": "minor", "chords_changes_rate": 0.0500590652227, "key_scale": "minor", "tuning_diatonic_strength": 0.63630515337, "hpcp_entropy": {"dvar": 0.259677439928, "mean": 2.09992337227, "min": 0, "median": 2.06756067276, "dvar2": 0.712616145611, "var": 0.817027270794, "dmean2": 0.998441755772, "max": 4.64005661011, "dmean": 0.596202135086}, "chords_histogram": [30.6113414764, 8.15121078491, 11.8428821564, 6.17247486115, 0.797401070595, 3.72120499611, 1.10750150681, 25.2215003967, 0.339633792639, 6.60070896149, 1.004134655, 0.826934456825, 0, 0, 0, 0.014766686596, 0.014766686596, 0.797401070595, 0.118133492768, 0, 0.930301249027, 0, 1.2108682394, 0.516834020615], "tuning_nontempered_energy_ratio": 0.709584057331, "key_key": "C#"}, "metadata": {"version": {"extractor": "music 1.0", "essentia_build_sha": "2d9f1f26377add8aeb1075a9c2973f962c4f09fd", "essentia": "2.1-beta2", "essentia_git_sha": "v2.1_beta2-1-ge3940c0"}, "audio_properties": {"sample_rate": 44100, "length": 314.399993896, "lossless": true, "analysis_sample_rate": 44100, "downmix": "mix", "bit_rate": 0, "equal_loudness": 0, "md5_encoded": "e21e4825ed8d484757f9ac6ef1cd0593", "codec": "flac", "replay_gain": -14.079875946}, "tags": {"disctotal": ["1"], "catalognumber": ["LM405"], "releasecountry": ["ES"], "musicbrainz_recordingid": ["5b76b095-4596-471d-a3f7-9e0b6d9ce86a"], "title": ["Spine"], "musicbrainz_releasetrackid": ["904fe255-4a97-39fd-b706-f9f3238bb22d"], "discnumber": ["1"], "artistsort": ["Mortal Love"], "releasetype": ["album"], "musicbrainz_artistid": ["3d367589-9dfb-433c-ae23-dd2908b00ec6"], "musicbrainz_albumid": ["5a12dab3-4640-4493-9973-f7728e86e401"], "tracknumber": ["3"], "musicbrainz_albumartistid": ["3d367589-9dfb-433c-ae23-dd2908b00ec6"], "totaltracks": ["12"], "barcode": ["872967009255"], "tracktotal": ["12"], "originalyear": ["2005"], "date": ["2007"], "acoustid_id": ["1c186df9-788b-49d0-80bf-db60d3f6e3dd"], "albumartistsort": ["Mortal Love"], "musicbrainz_releasegroupid": ["b90f1d96-460b-30d8-83d4-230462743969"], "media": ["CD"], "label": ["Locomotive Records"], "albumartist": ["Mortal Love"], "script": ["Latn"], "originaldate": ["2005-04-25"], "file_name": "6df9788b49d080bfdb60d3f6e3dd.flac", "releasestatus": ["official"], "totaldiscs": ["1"], "album": ["I Have Lost..."], "artist": ["Mortal Love"]}}, "lowlevel": {"melbands": {"dvar": [1.67586188127e-06, 2.10904454434e-06, 7.58100156872e-07, 1.80925567861e-07, 3.96242292311e-08, 2.81577428041e-08, 5.49294689733e-08, 8.71283987181e-08, 4.22082905516e-07, 2.26418507054e-07, 4.51341186647e-08, 1.60264370663e-08, 4.00601463113e-09, 2.86088019941e-09, 2.16692930266e-09, 5.05439023968e-10, 4.15021239597e-10, 5.45694156528e-10, 5.2627935343e-10, 3.29983290692e-10, 3.58483909224e-10, 3.2028826813e-10, 1.0022600111e-10, 7.81645997927e-11, 1.08660309917e-10, 1.06453804105e-10, 2.98460423043e-11, 2.43604771771e-11, 2.42936538941e-11, 1.66064228341e-11, 1.74492260918e-11, 1.05564905775e-11, 9.95896681094e-12, 3.09816213483e-12, 3.83951377636e-12, 2.08539912769e-12, 2.40353180067e-12, 1.47315915976e-12, 1.85140184433e-12, 1.96424192016e-12], "mean": [0.000816820829641, 0.00161753699649, 0.00129697355442, 0.000607958761975, 0.000315395533107, 0.000227843454923, 0.000210939935641, 0.000253340549534, 0.000563192472328, 0.000433123233961, 0.00017417500203, 0.000101624485978, 5.54284124519e-05, 4.67440258944e-05, 4.52311869594e-05, 2.47875832429e-05, 2.4129238227e-05, 2.98790928355e-05, 2.55212125921e-05, 2.42383794102e-05, 3.14357494062e-05, 2.58111322182e-05, 1.69288905454e-05, 1.26731392811e-05, 1.360621809e-05, 1.11827721412e-05, 6.76490890328e-06, 7.64981632528e-06, 7.29789780962e-06, 4.31475791629e-06, 3.76310708816e-06, 2.91330002256e-06, 1.79230494268e-06, 1.23482311665e-06, 1.15373450171e-06, 1.07078687961e-06, 1.00932140867e-06, 9.79148467195e-07, 9.21384810226e-07, 7.3567440495e-07], "min": [1.0407771272e-24, 8.02385531011e-25, 1.313906805e-24, 1.45132045823e-24, 1.17507990745e-24, 1.30436503931e-24, 2.00497735696e-24, 1.77063123671e-24, 2.21090712969e-24, 1.44576845518e-24, 1.87517167552e-24, 1.77994018982e-24, 4.25823882309e-24, 3.04474868651e-24, 3.39437381186e-24, 2.1721657762e-24, 3.50445580131e-24, 3.88680011599e-24, 3.70790657864e-24, 3.09578897316e-24, 3.68381713317e-24, 3.63142217514e-24, 3.51702156667e-24, 4.51140637568e-24, 4.04899780671e-24, 3.2597251161e-24, 4.96572793707e-24, 4.99489173031e-24, 4.93312549915e-24, 4.12686587223e-24, 5.79386307132e-24, 5.58724856733e-24, 5.64560652495e-24, 5.0626280608e-24, 5.33494757844e-24, 5.68569604172e-24, 5.91390206312e-24, 4.87849530374e-24, 6.45160858878e-24, 5.72347853477e-24], "median": [0.000475268258015, 0.00117160985246, 0.000946812331676, 0.000446451827884, 0.000230090328841, 0.000150920750457, 9.28804729483e-05, 5.54238431505e-05, 4.53440152341e-05, 3.47658024111e-05, 2.77056242339e-05, 1.99794903892e-05, 1.94768726942e-05, 2.21102200157e-05, 2.56347448158e-05, 1.32198238134e-05, 1.17954805319e-05, 1.87236546481e-05, 1.64859557117e-05, 1.63128097483e-05, 2.54349179158e-05, 2.03746640182e-05, 1.43630277307e-05, 9.79488868325e-06, 1.00705310615e-05, 8.24492599349e-06, 5.2708696785e-06, 6.25005486654e-06, 5.57129578738e-06, 3.12008796755e-06, 2.56834618995e-06, 1.77378865374e-06, 7.81262997407e-07, 4.81915549244e-07, 2.91615720016e-07, 1.80570154384e-07, 1.60982267516e-07, 1.7674750552e-07, 1.88809067936e-07, 1.52077859639e-07], "dvar2": [4.52562244391e-06, 5.835803222e-06, 1.77765730314e-06, 4.88633020268e-07, 1.04589759076e-07, 7.23987199081e-08, 1.11825755766e-07, 1.92997305248e-07, 9.20681998196e-07, 4.55772550367e-07, 9.87488775195e-08, 3.28936771155e-08, 9.42459532638e-09, 7.11891612326e-09, 5.43153344523e-09, 1.29493649137e-09, 1.07445508046e-09, 1.42866796171e-09, 1.43156497767e-09, 9.15664100098e-10, 1.00861452523e-09, 8.92789564499e-10, 2.85281492873e-10, 2.1895954494e-10, 3.11792758279e-10, 3.04968494902e-10, 8.14745215738e-11, 6.59017909688e-11, 6.67845431734e-11, 4.56959192707e-11, 4.91091611821e-11, 2.88120898667e-11, 2.70429789673e-11, 8.60938750846e-12, 1.04148417321e-11, 5.73131949885e-12, 6.56465940635e-12, 3.66448711653e-12, 4.29509119243e-12, 4.40598512536e-12], "var": [1.64328309893e-06, 3.58675470125e-06, 2.0190154828e-06, 3.71845942482e-07, 9.58159134257e-08, 6.48305871209e-08, 1.70448956283e-07, 4.12652696014e-07, 2.20514675675e-06, 1.74762556071e-06, 2.27885664117e-07, 7.4729776145e-08, 1.55283697012e-08, 8.54334736289e-09, 3.93528898357e-09, 1.3574174007e-09, 1.23036925093e-09, 1.30759136852e-09, 1.2103589242e-09, 7.81472830891e-10, 8.3870771439e-10, 6.60703713962e-10, 2.27313404211e-10, 1.50458645543e-10, 1.96219804294e-10, 1.47951942364e-10, 5.21044943302e-11, 5.80932316141e-11, 5.63630114803e-11, 2.61844747274e-11, 2.44605221494e-11, 1.78346712398e-11, 1.22998139451e-11, 4.87648983694e-12, 6.76427403673e-12, 5.70063571001e-12, 5.74625460062e-12, 5.22144697271e-12, 4.38949571135e-12, 4.24783472286e-12], "dmean2": [0.000831692421343, 0.00140960642602, 0.00101408013143, 0.000476597459055, 0.00022877745505, 0.000172014217242, 0.000145854966831, 0.000161891162861, 0.000318111415254, 0.000215243242565, 0.000113296569907, 6.42592058284e-05, 4.10035281675e-05, 4.09342719649e-05, 4.34911926277e-05, 2.06889217225e-05, 1.90080063476e-05, 2.53799280472e-05, 2.12593695323e-05, 1.93951836991e-05, 2.4527156711e-05, 2.06352979149e-05, 1.28995425257e-05, 1.02044778032e-05, 1.16799747047e-05, 1.04539503809e-05, 5.51868197363e-06, 5.4932816056e-06, 5.46000728718e-06, 3.45160424331e-06, 3.27354473484e-06, 2.41976204052e-06, 1.62795583947e-06, 1.13500243515e-06, 1.03756485714e-06, 9.40613404055e-07, 8.65126935423e-07, 7.09334244675e-07, 6.91364277827e-07, 6.04024535278e-07], "max": [0.0148576386273, 0.0234138071537, 0.0184822101146, 0.00778162106872, 0.00372924981639, 0.00348965730518, 0.0085359448567, 0.00915919709951, 0.0148914791644, 0.0153788831085, 0.00608426565304, 0.00393470795825, 0.00218224851415, 0.00164708413649, 0.00122089346405, 0.000635418284219, 0.000449359009508, 0.000413572794059, 0.000731639447622, 0.000347665569279, 0.000412949215388, 0.000441965705249, 0.00017085368745, 0.0001109494915, 0.000198536232347, 0.000122511846712, 7.07203362253e-05, 7.5384923548e-05, 7.84494841355e-05, 7.79828624218e-05, 8.07079122751e-05, 5.09294368385e-05, 5.43379064766e-05, 3.31957890012e-05, 9.18619771255e-05, 4.3571126298e-05, 3.53014984285e-05, 4.14479654864e-05, 6.37450721115e-05, 4.41103875346e-05], "dmean": [0.000495572458021, 0.00085358589422, 0.000634879514109, 0.000291167845717, 0.000142530101584, 0.000107715262857, 9.93512003333e-05, 0.000108524611278, 0.000213935272768, 0.000150318999658, 7.45186625863e-05, 4.34060639236e-05, 2.62867743004e-05, 2.55104023381e-05, 2.67167561105e-05, 1.25987517094e-05, 1.16252349471e-05, 1.53176933964e-05, 1.27363746287e-05, 1.14483382276e-05, 1.44750138134e-05, 1.20764807434e-05, 7.56224835641e-06, 5.96760810367e-06, 6.74219199936e-06, 5.96384052187e-06, 3.20661320075e-06, 3.23972585647e-06, 3.19671585203e-06, 2.00027830033e-06, 1.87392902262e-06, 1.41050372804e-06, 9.51439005803e-07, 6.55780752368e-07, 6.07409333497e-07, 5.51948517113e-07, 5.16035299825e-07, 4.38402878444e-07, 4.36472703313e-07, 3.83394024084e-07]}, "spectral_decrease": {"dvar": 4.41498883836e-18, "mean": -6.04914962565e-09, "min": -3.05850811344e-08, "median": -5.2417274965e-09, "dvar2": 1.11627535627e-17, "var": 2.41747107439e-17, "dmean2": 2.3229802526e-09, "max": 2.011762142e-28, "dmean": 1.46865886119e-09}, "spectral_rolloff": {"dvar": 378185.09375, "mean": 1436.63146973, "min": 86.1328125, "median": 990.52734375, "dvar2": 944301.5625, "var": 2964244.75, "dmean2": 642.913024902, "max": 20004.3457031, "dmean": 377.155578613}, "melbands_crest": {"dvar": 6.09284973145, "mean": 13.1310596466, "min": 1.56372892857, "median": 12.7685680389, "dvar2": 16.0840530396, "var": 19.1700344086, "dmean2": 4.43292665482, "max": 32.6289253235, "dmean": 2.71621417999}, "barkbands_skewness": {"dvar": 0.208575293422, "mean": 1.42222905159, "min": -2.7827501297, "median": 1.35970807076, "dvar2": 0.473683655262, "var": 1.09527766705, "dmean2": 0.599708020687, "max": 12.8745269775, "dmean": 0.389040857553}, "spectral_centroid": {"dvar": 58688.796875, "mean": 1432.8638916, "min": 144.655563354, "median": 1335.19812012, "dvar2": 136416.234375, "var": 909280.4375, "dmean2": 311.497924805, "max": 12014.6308594, "dmean": 197.083343506}, "spectral_energyband_middle_low": {"dvar": 2.46924355451e-05, "mean": 0.0127422111109, "min": 1.61663145951e-22, "median": 0.00829991325736, "dvar2": 5.60329899599e-05, "var": 0.000191696599359, "dmean2": 0.00539514701813, "max": 0.1104298383, "dmean": 0.00351505214348}, "erbbands_crest": {"dvar": 5.34880685806, "mean": 8.93276309967, "min": 2.25533390045, "median": 7.18782329559, "dvar2": 12.525188446, "var": 27.5372428894, "dmean2": 3.42772746086, "max": 30.2666339874, "dmean": 2.14900231361}, "dynamic_complexity": 3.90569591522, "spectral_energyband_low": {"dvar": 4.43456920038e-05, "mean": 0.00839116703719, "min": 2.06553477711e-23, "median": 0.00677527487278, "dvar2": 0.000118869385915, "var": 8.2160353486e-05, "dmean2": 0.00627298094332, "max": 0.0855703651905, "dmean": 0.00382607732899}, "silence_rate_60dB": {"dvar": 0.0145498206839, "mean": 0.107369661331, "min": 0, "median": 0, "dvar2": 0.0328089594841, "var": 0.0958479717374, "dmean2": 0.0295420978218, "max": 1, "dmean": 0.0147699583322}, "erbbands_kurtosis": {"dvar": 1.9992774725, "mean": 0.342239677906, "min": -1.94135963917, "median": -0.320379376411, "dvar2": 4.61982107162, "var": 6.9648566246, "dmean2": 1.24046516418, "max": 56.0587654114, "dmean": 0.787903428078}, "spectral_complexity": {"dvar": 15.4776039124, "mean": 21.223526001, "min": 0, "median": 22, "dvar2": 36.5045890808, "var": 132.764389038, "dmean2": 5.49985218048, "max": 58, "dmean": 3.38172960281}, "barkbands_crest": {"dvar": 4.46081399918, "mean": 9.48668003082, "min": 1.95274710655, "median": 8.72358417511, "dvar2": 11.6273460388, "var": 15.584821701, "dmean2": 3.59759759903, "max": 26.155960083, "dmean": 2.19359755516}, "spectral_energy": {"dvar": 6.8318018748e-05, "mean": 0.0244390387088, "min": 1.00116149464e-20, "median": 0.0210979618132, "dvar2": 0.000171836407389, "var": 0.000388444837881, "dmean2": 0.00911774300039, "max": 0.123382501304, "dmean": 0.00576616451144}, "spectral_spread": {"dvar": 350398676992, "mean": 4045082.75, "min": 499898.3125, "median": 3723971.5, "dvar2": 571504066560, "var": 10624529596400.0, "dmean2": 519348, "max": 42700796, "dmean": 338794.90625}, "spectral_contrast_valleys": {"dvar": [0.116043128073, 0.0778355896473, 0.0667404904962, 0.0519465170801, 0.0613301321864, 0.127403080463], "mean": [-7.53738212585, -7.04152345657, -7.66286993027, -7.77519750595, -7.55848073959, -11.1445112228], "min": [-28.1785182953, -28.0766162872, -27.743730545, -27.6819553375, -27.6621894836, -27.4126014709], "median": [-6.80825042725, -6.68180274963, -7.27957963943, -7.27377414703, -6.85064125061, -10.2963638306], "dvar2": [0.273580789566, 0.173887014389, 0.140913620591, 0.100715443492, 0.112600646913, 0.283292084932], "var": [4.52895545959, 3.65075445175, 3.47312808037, 3.67215681076, 4.4116024971, 5.65882349014], "dmean2": [0.594294309616, 0.493631720543, 0.43382397294, 0.354297161102, 0.302468031645, 0.390121370554], "max": [-5.26947402954, -4.92681360245, -5.61578941345, -6.0229434967, -5.6700668335, -7.86232042313], "dmean": [0.360678970814, 0.301631599665, 0.267752498388, 0.218252524734, 0.192224577069, 0.252679586411]}, "spectral_rms": {"dvar": 3.98463555484e-07, "mean": 0.00442782556638, "min": 3.12528865634e-12, "median": 0.00453689042479, "dvar2": 9.94744027594e-07, "var": 4.23740766564e-06, "dmean2": 0.000825649825856, "max": 0.010971470736, "dmean": 0.000527644413523}, "barkbands_spread": {"dvar": 26.8221378326, "mean": 21.6766223907, "min": 0.681770861149, "median": 20.9317169189, "dvar2": 66.7785797119, "var": 131.980438232, "dmean2": 6.84575033188, "max": 101.509613037, "dmean": 4.34059095383}, "pitch_salience": {"dvar": 0.00323852337897, "mean": 0.570819616318, "min": 0.0933169946074, "median": 0.581606507301, "dvar2": 0.00855211354792, "var": 0.0115320216864, "dmean2": 0.100888982415, "max": 0.825995087624, "dmean": 0.0622689537704}, "erbbands_skewness": {"dvar": 0.104082219303, "mean": 0.234610840678, "min": -2.35119771957, "median": 0.103722810745, "dvar2": 0.231811508536, "var": 0.72598028183, "dmean2": 0.460398703814, "max": 4.92284250259, "dmean": 0.303770363331}, "spectral_energyband_middle_high": {"dvar": 2.41308794102e-06, "mean": 0.00418418087065, "min": 1.20886327488e-21, "median": 0.00298073561862, "dvar2": 5.6309613683e-06, "var": 2.08888250199e-05, "dmean2": 0.00154534482863, "max": 0.0520843155682, "dmean": 0.000968605803791}, "erbbands": {"dvar": [0.0171358846128, 1.36239075661, 9.90350341797, 29.6083488464, 39.6915359497, 38.6613121033, 33.58543396, 56.9063987732, 246.575637817, 648.240356445, 4212.73193359, 6802.34716797, 1615.04797363, 645.50378418, 227.743087769, 222.419967651, 145.860809326, 95.727104187, 134.128860474, 208.154296875, 200.671798706, 185.495925903, 82.8849411011, 139.385482788, 130.504882813, 46.6237449646, 44.4011116028, 48.4343147278, 29.8170032501, 13.9507455826, 8.20780658722, 5.10820817947, 2.72310161591, 2.31781840324, 0.52672624588, 0.0663994923234, 0.00524881156161, 0.000188536869246, 3.82353573514e-06, 5.40697300266e-08], "mean": [0.0742288604379, 0.868272185326, 3.42391443253, 7.23604154587, 8.57033061981, 7.97561454773, 8.70208930969, 9.82296943665, 13.9003248215, 20.9512424469, 56.4347763062, 74.8413467407, 35.7031555176, 22.9243183136, 15.4913883209, 17.0821990967, 14.4471273422, 12.7902793884, 17.718503952, 18.542224884, 25.6886463165, 23.051071167, 16.6345500946, 16.492980957, 12.484796524, 11.3085269928, 10.3197517395, 6.610891819, 4.64920759201, 2.54905724525, 1.97405731678, 1.68552684784, 1.38589394093, 0.924574196339, 0.394771099091, 0.145076423883, 0.0346156358719, 0.00596058601514, 0.000727879873011, 8.64935063873e-05], "min": [4.57129748446e-23, 3.52182243214e-22, 1.28056010363e-21, 6.44393730459e-21, 1.24762666283e-20, 2.71266482498e-20, 4.47915135147e-20, 6.60020917065e-20, 1.40814057602e-19, 1.73310158159e-19, 2.67762319241e-19, 2.49554522995e-19, 3.6747995021e-19, 6.59008279974e-19, 1.32958044151e-18, 1.0688632454e-18, 1.39934899028e-18, 2.0796966689e-18, 2.70285938722e-18, 2.75523584322e-18, 3.70115306283e-18, 4.76665392244e-18, 5.719288469e-18, 5.82472794091e-18, 6.39607317053e-18, 8.31476078756e-18, 9.13799161269e-18, 9.89831783377e-18, 1.13627765882e-17, 1.01148902618e-17, 1.15265889552e-17, 9.83461417326e-18, 8.95145080403e-18, 7.9590756057e-18, 6.63578473538e-18, 4.4698040296e-18, 2.38256368031e-18, 9.73937239073e-19, 2.53432810996e-19, 2.77219113293e-20], "median": [0.0383628234267, 0.544970929623, 2.23107051849, 4.84582233429, 6.02631473541, 5.85998344421, 5.94218540192, 6.43461418152, 6.23697948456, 5.95140647888, 6.05127906799, 6.53347873688, 6.5340514183, 5.29338598251, 6.38804912567, 10.2574138641, 8.87516021729, 6.86421203613, 12.1580314636, 12.5123577118, 20.6986541748, 19.1877002716, 14.1361989975, 12.7253141403, 9.76929664612, 9.53584671021, 8.0566444397, 4.72431707382, 2.74648237228, 1.08610916138, 0.48566287756, 0.289187163115, 0.272360146046, 0.201015949249, 0.0814057961106, 0.0302987247705, 0.00689243199304, 0.00132333138026, 0.000170959276147, 3.76491261704e-05], "dvar2": [0.0459019988775, 3.76451826096, 27.1374378204, 68.6390609741, 104.188644409, 108.220321655, 86.8865509033, 150.654022217, 473.687988281, 1473.47167969, 9089.99023438, 13542.3818359, 3509.84057617, 1320.90112305, 521.549621582, 563.444335938, 376.53527832, 248.765136719, 352.435119629, 569.289550781, 563.09387207, 519.443786621, 232.829116821, 398.985778809, 371.376373291, 123.132972717, 119.13747406, 135.802902222, 80.4924468994, 38.4915924072, 22.4440345764, 13.6917076111, 6.56071519852, 5.15974330902, 1.24018955231, 0.166517406702, 0.0138495415449, 0.000506210431922, 1.05524050014e-05, 1.52124158603e-07], "var": [0.0159720350057, 1.48314476013, 17.7986431122, 77.5004272461, 81.3429336548, 63.211139679, 83.4754104614, 122.766670227, 769.531555176, 2261.74975586, 20002.8398438, 55415.7382813, 8064.94238281, 3100.47387695, 906.312683105, 515.315063477, 403.972564697, 298.213012695, 372.817077637, 471.437042236, 537.013793945, 444.821044922, 208.915618896, 264.119750977, 174.587554932, 120.795005798, 109.374771118, 68.7734298706, 49.4201545715, 20.5066738129, 17.6999568939, 14.3651266098, 9.23724555969, 5.54530763626, 1.11891913414, 0.0995355397463, 0.00608530174941, 0.000205104588531, 3.43228998645e-06, 4.14741734289e-08], "dmean2": [0.0807783454657, 0.86887383461, 3.15888333321, 6.12361383438, 7.18305444717, 6.65602302551, 6.58873319626, 7.72157096863, 9.40006542206, 14.2215156555, 31.7652263641, 36.5158119202, 21.8699569702, 13.8489198685, 10.8987541199, 14.5613355637, 11.4229240417, 9.10709095001, 13.2589702606, 14.0397100449, 18.2566242218, 16.1145038605, 11.5331449509, 12.9472198486, 10.4689598083, 7.33684015274, 6.9392285347, 5.2129034996, 3.57392525673, 2.17780709267, 1.61102187634, 1.3696988821, 0.95267277956, 0.680111646652, 0.323979079723, 0.13880237937, 0.0362746417522, 0.0062808142975, 0.000868673552759, 9.03675681911e-05], "max": [1.54947376251, 14.9800195694, 54.0888290405, 128.595336914, 108.396575928, 92.8367767334, 100.349327087, 128.73890686, 665.363708496, 637.356262207, 1630.29699707, 2867.82617188, 1233.98901367, 688.116333008, 448.316345215, 272.077972412, 326.673614502, 197.442565918, 233.535415649, 365.896820068, 313.96105957, 321.903900146, 121.92024231, 226.340789795, 139.379379272, 104.484931946, 86.6846847534, 127.918106079, 90.6069412231, 63.5048217773, 112.022529602, 64.9416656494, 65.0011520386, 54.1683692932, 22.49010849, 5.10053348541, 1.43638134003, 0.452897906303, 0.0392666384578, 0.00479370960966], "dmean": [0.0480360798538, 0.519848525524, 1.91103172302, 3.83567690849, 4.4218878746, 4.03530502319, 4.10760259628, 4.7863278389, 6.47267580032, 9.39601993561, 21.5159015656, 25.437997818, 14.5622377396, 9.34342193604, 6.94662857056, 9.0159444809, 7.01137638092, 5.59247779846, 7.98652172089, 8.33392524719, 10.7812271118, 9.4376449585, 6.7867603302, 7.4767665863, 5.96036958694, 4.33867502213, 4.0786986351, 2.97932004929, 2.09326386452, 1.25826823711, 0.951801300049, 0.815429627895, 0.593304038048, 0.436248093843, 0.207911267877, 0.0859594717622, 0.0219049248844, 0.00379561865702, 0.000514130049851, 5.26637522853e-05]}, "dissonance": {"dvar": 0.000314646953484, "mean": 0.467084258795, "min": 0.248400688171, "median": 0.478393673897, "dvar2": 0.00087014521705, "var": 0.00101143994834, "dmean2": 0.0255966223776, "max": 0.500000119209, "dmean": 0.0153355272487}, "erbbands_flatness_db": {"dvar": 0.000231834448641, "mean": 0.177395537496, "min": 0.0336362943053, "median": 0.155707269907, "dvar2": 0.000464892887976, "var": 0.0053030680865, "dmean2": 0.0204537808895, "max": 0.41666072607, "dmean": 0.0138871548697}, "melbands_kurtosis": {"dvar": 97.2233428955, "mean": 11.3323516846, "min": -1.75287568569, "median": 7.18714666367, "dvar2": 202.828857422, "var": 310.311462402, "dmean2": 7.48251724243, "max": 494.689025879, "dmean": 4.74611186981}, "melbands_spread": {"dvar": 33.4582557678, "mean": 23.0113506317, "min": 0.641154885292, "median": 19.8403358459, "dvar2": 82.2532348633, "var": 256.251708984, "dmean2": 7.74229097366, "max": 225.856216431, "dmean": 4.87238502502}, "melbands_skewness": {"dvar": 0.399530500174, "mean": 2.49639320374, "min": -1.48119354248, "median": 2.2964963913, "dvar2": 0.924801647663, "var": 2.40201926231, "dmean2": 0.874784350395, "max": 16.2176322937, "dmean": 0.566015124321}, "spectral_entropy": {"dvar": 0.0173834711313, "mean": 7.52879333496, "min": 4.78071975708, "median": 7.70416545868, "dvar2": 0.0342010185122, "var": 0.385687828064, "dmean2": 0.163650676608, "max": 9.82175350189, "dmean": 0.110328875482}, "zerocrossingrate": {"dvar": 5.27352531208e-05, "mean": 0.057403948158, "min": 0.0029296875, "median": 0.05029296875, "dvar2": 6.89164662617e-05, "var": 0.00197779200971, "dmean2": 0.00816803611815, "max": 0.52587890625, "dmean": 0.00660739280283}, "average_loudness": 0.563379704952, "spectral_contrast_coeffs": {"dvar": [0.00137211987749, 0.00125087925699, 0.000863888126332, 0.000440966308815, 0.000195576547412, 0.000318861624692], "mean": [-0.628317058086, -0.718775510788, -0.765683412552, -0.796369969845, -0.800881564617, -0.727240025997], "min": [-0.976236402988, -0.978101193905, -0.984628915787, -0.984097778797, -0.981665432453, -0.978033125401], "median": [-0.634108662605, -0.727467417717, -0.782007575035, -0.800089120865, -0.80969440937, -0.735120534897], "dvar2": [0.00370745151304, 0.0032463229727, 0.0021320451051, 0.00119772960898, 0.000535266241059, 0.000755009008572], "var": [0.00746825849637, 0.00637925742194, 0.00636093970388, 0.00188058405183, 0.00196683197282, 0.00437671178952], "dmean2": [0.073765322566, 0.0693530365825, 0.0573350377381, 0.0441921874881, 0.0292973779142, 0.0280987937003], "max": [-0.300245046616, -0.427157372236, -0.472605675459, -0.602013647556, -0.590918183327, -0.514928162098], "dmean": [0.0451865047216, 0.0432279594243, 0.035556551069, 0.0264810472727, 0.0174023862928, 0.0174583978951]}, "barkbands_flatness_db": {"dvar": 0.000291402539006, "mean": 0.148818090558, "min": 0.0202633999288, "median": 0.122688040137, "dvar2": 0.000638044264633, "var": 0.00610687769949, "dmean2": 0.0252166297287, "max": 0.460629671812, "dmean": 0.0165277458727}, "silence_rate_30dB": {"dvar": 0.001327646547, "mean": 0.998301565647, "min": 0, "median": 1, "dvar2": 0.00353844906203, "var": 0.00169615563937, "dmean2": 0.00265878881328, "max": 1, "dmean": 0.00132929626852}, "spectral_energyband_high": {"dvar": 3.50051124087e-07, "mean": 0.000713876797818, "min": 7.12339266859e-21, "median": 0.000467708625365, "dvar2": 9.32939997256e-07, "var": 7.72717612563e-07, "dmean2": 0.000406941631809, "max": 0.00922229327261, "dmean": 0.00024456976098}, "melbands_flatness_db": {"dvar": 0.000421576201916, "mean": 0.213751390576, "min": 0.00280877784826, "median": 0.191008299589, "dvar2": 0.000964067236055, "var": 0.00804584939033, "dmean2": 0.0305654536933, "max": 0.58473354578, "dmean": 0.0200347863138}, "barkbands": {"dvar": [9.93848292552e-09, 2.4135257263e-05, 1.04639584606e-05, 4.32930255556e-06, 2.87915418085e-06, 6.68263623993e-07, 1.89352999769e-06, 4.81999677504e-06, 1.44491750689e-05, 1.74743900061e-06, 2.65893163487e-07, 2.07537780739e-07, 6.38439701106e-08, 6.90303494366e-08, 6.85519268018e-08, 6.22131466343e-08, 6.12420549828e-08, 3.25434577064e-08, 6.46762998713e-08, 2.04395291803e-08, 2.38849988676e-08, 2.61534758295e-08, 8.29189783502e-09, 1.00171311246e-08, 1.29714754493e-08, 2.01234495734e-09, 2.10779976806e-10], "mean": [0.000112345929665, 0.00340504059568, 0.0033766166307, 0.00258955778554, 0.00258268415928, 0.00113939063158, 0.00111500872299, 0.00162247638218, 0.00352425966412, 0.000929310393985, 0.000429659354268, 0.000464777927846, 0.000279232568573, 0.000315549696097, 0.000330499315169, 0.000408316293033, 0.00040797406109, 0.000290776864858, 0.000308526010485, 0.000232706777751, 0.000201687944354, 0.000123525212985, 6.79400691297e-05, 8.43802845338e-05, 6.78834767314e-05, 2.35370462178e-05, 4.85519422e-06], "min": [6.41157350341e-25, 2.34380632918e-24, 1.34249472977e-24, 4.07833150086e-25, 8.5504530965e-24, 7.55486803562e-24, 4.45666534531e-24, 1.0542549341e-23, 1.22824869859e-23, 1.33324150968e-23, 2.59191152468e-23, 2.36350300269e-23, 2.59598599126e-23, 4.02333071832e-23, 4.33877252849e-23, 4.34466626609e-23, 6.59694840084e-23, 1.04734979793e-22, 1.31448220803e-22, 1.89251871105e-22, 2.71259275969e-22, 2.99979215039e-22, 3.81674357203e-22, 5.52511362259e-22, 8.06640340655e-22, 1.24916651932e-21, 1.86797779102e-21], "median": [3.24905267917e-05, 0.00203522667289, 0.00203529093415, 0.00162554834969, 0.00196780730039, 0.000771988590714, 0.000411103537772, 0.0002140616416, 0.000264857779257, 0.000139314070111, 0.000125352322357, 0.000243255431997, 0.0001595512731, 0.000161834308528, 0.000227966811508, 0.000309555674903, 0.000335819815518, 0.000236617430346, 0.000232230493566, 0.000197258515982, 0.000150421692524, 7.23150151316e-05, 1.8624796212e-05, 1.56120258907e-05, 1.47439204738e-05, 5.11272355652e-06, 1.00409693005e-06], "dvar2": [2.60020645015e-08, 6.57678756397e-05, 2.77967246802e-05, 1.01959603853e-05, 7.82885945227e-06, 1.77906622412e-06, 4.11679229728e-06, 1.0129842849e-05, 2.99906369037e-05, 3.94212156607e-06, 6.24588381015e-07, 5.15757960784e-07, 1.66134825008e-07, 1.79889482865e-07, 1.87389176176e-07, 1.74404775066e-07, 1.71870112808e-07, 9.14336837354e-08, 1.86115130418e-07, 5.44431202343e-08, 6.37264250258e-08, 7.14278272085e-08, 2.25735004022e-08, 2.54785383902e-08, 2.89613382165e-08, 5.21634424544e-09, 5.8472504616e-10], "var": [2.53555594298e-08, 2.51327819569e-05, 1.94659696717e-05, 1.02928015622e-05, 5.99439817961e-06, 1.52959955813e-06, 5.8175301092e-06, 2.22820181079e-05, 0.000103166821646, 8.94785989658e-06, 1.13144210445e-06, 5.80172866194e-07, 1.66668044699e-07, 1.8816902525e-07, 1.62903205592e-07, 1.60014593575e-07, 1.43554046872e-07, 7.01600413322e-08, 1.02292396775e-07, 4.99022014822e-08, 4.94728880085e-08, 3.68807810958e-08, 1.811552508e-08, 3.45696804516e-08, 3.08129699533e-08, 2.56996823822e-09, 1.76647516059e-10], "dmean2": [7.23314660718e-05, 0.00344009604305, 0.00332720181905, 0.00239600101486, 0.00193861592561, 0.000896779121831, 0.000801556161605, 0.00100566272158, 0.00182287790813, 0.000635702162981, 0.00031935115112, 0.000415070011513, 0.000237873828155, 0.000261422595941, 0.000263201625785, 0.000312834657962, 0.000304956600303, 0.000221022375626, 0.000262617715634, 0.000153643006342, 0.000140419186209, 0.000100192817627, 5.33464772161e-05, 5.92092874285e-05, 5.06776414113e-05, 2.3524833523e-05, 6.09013113717e-06], "max": [0.00151353748515, 0.0598870888352, 0.0546408817172, 0.0401123985648, 0.0289033781737, 0.0135476561263, 0.0426381900907, 0.0736401677132, 0.10789000988, 0.0473040640354, 0.0148952845484, 0.0127071626484, 0.007438483648, 0.0051953191869, 0.00713197514415, 0.00417024921626, 0.00489698024467, 0.00265140132979, 0.00335432286374, 0.00208152923733, 0.0028081247583, 0.00263603148051, 0.00266451085918, 0.00295371119864, 0.00322219426744, 0.0008579720743, 0.000274607300526], "dmean": [4.4561104005e-05, 0.0020604825113, 0.00202389829792, 0.00149335665628, 0.00118833978195, 0.000554041296709, 0.000541856337804, 0.000692346773576, 0.0012308791047, 0.000411014159909, 0.00020482976106, 0.0002583671303, 0.000144867095514, 0.000159320567036, 0.000157751070219, 0.000184601085493, 0.00017902336549, 0.000129492633278, 0.000150336971274, 9.0543893748e-05, 8.20750137791e-05, 5.83480577916e-05, 3.159062544e-05, 3.68701912521e-05, 3.29309914378e-05, 1.44550467667e-05, 3.59826390195e-06]}, "erbbands_spread": {"dvar": 45.8585929871, "mean": 39.0249176025, "min": 2.04069781303, "median": 36.8713035583, "dvar2": 100.944412231, "var": 331.302398682, "dmean2": 9.57355499268, "max": 206.261749268, "dmean": 6.17703056335}, "barkbands_kurtosis": {"dvar": 18.3336257935, "mean": 3.28888487816, "min": -1.80901515484, "median": 1.75589966774, "dvar2": 41.3461837769, "var": 52.9181632996, "dmean2": 2.98657298088, "max": 223.101928711, "dmean": 1.89684545994}, "spectral_flux": {"dvar": 0.000367453030776, "mean": 0.0665481239557, "min": 6.4493216323e-11, "median": 0.0644624456763, "dvar2": 0.000832428573631, "var": 0.00146488088649, "dmean2": 0.025177417323, "max": 0.303389549255, "dmean": 0.0157505180687}, "silence_rate_20dB": {"dvar": 0, "mean": 1, "min": 1, "median": 1, "dvar2": 0, "var": 0, "dmean2": 0, "max": 1, "dmean": 0}, "gfcc": {"cov": [[23298.765625, -3376.07763672, 1070.09301758, 1440.30603027, -1382.02368164, 1922.97766113, -792.272888184, 1296.32727051, -396.335571289, 687.280639648, -600.536071777, 89.3383178711, -97.8208847046], [-3376.07763672, 2936.50537109, -778.468933105, -304.383422852, 639.096740723, -899.672607422, 271.354797363, -523.934082031, 155.138473511, -444.363189697, 207.774459839, -119.802902222, 76.1663894653], [1070.09301758, -778.468933105, 1664.85253906, 73.9968414307, 29.2707424164, 610.103271484, -137.456710815, 517.829650879, -6.37802314758, 200.624588013, -51.0701980591, 38.1619262695, -75.7682189941], [1440.30603027, -304.383422852, 73.9968414307, 826.608520508, -15.6364421844, 235.522674561, -8.2667798996, -92.0797195435, 50.5192375183, 15.3506317139, 42.7303009033, 43.683380127, 36.6968460083], [-1382.02368164, 639.096740723, 29.2707424164, -15.6364421844, 371.615936279, -140.699798584, 66.8916015625, -115.994735718, 15.2805957794, -100.380348206, 72.3113021851, 19.8160972595, 30.1817588806], [1922.97766113, -899.672607422, 610.103271484, 235.522674561, -140.699798584, 577.87512207, -68.7943267822, 292.819396973, -20.6591930389, 165.600387573, -41.3487548828, 40.9273300171, -29.9944381714], [-792.272888184, 271.354797363, -137.456710815, -8.2667798996, 66.8916015625, -68.7943267822, 180.054748535, -45.4438667297, 48.6577262878, -33.4375839233, 12.2011737823, -16.2343482971, 10.6081457138], [1296.32727051, -523.934082031, 517.829650879, -92.0797195435, -115.994735718, 292.819396973, -45.4438667297, 375.683654785, 10.9529771805, 154.123214722, -71.3479537964, -0.0496173389256, -48.6972236633], [-396.335571289, 155.138473511, -6.37802314758, 50.5192375183, 15.2805957794, -20.6591930389, 48.6577262878, 10.9529771805, 131.052078247, 10.7635746002, 44.0282707214, -21.5389957428, -9.61139011383], [687.280639648, -444.363189697, 200.624588013, 15.3506317139, -100.380348206, 165.600387573, -33.4375839233, 154.123214722, 10.7635746002, 157.139266968, -22.4083843231, 20.3941440582, -34.2817802429], [-600.536071777, 207.774459839, -51.0701980591, 42.7303009033, 72.3113021851, -41.3487548828, 12.2011737823, -71.3479537964, 44.0282707214, -22.4083843231, 106.388381958, 19.4429740906, 7.57534742355], [89.3383178711, -119.802902222, 38.1619262695, 43.683380127, 19.8160972595, 40.9273300171, -16.2343482971, -0.0496173389256, -21.5389957428, 20.3941440582, 19.4429740906, 72.2159576416, 17.385187149], [-97.8208847046, 76.1663894653, -75.7682189941, 36.6968460083, 30.1817588806, -29.9944381714, 10.6081457138, -48.6972236633, -9.61139011383, -34.2817802429, 7.57534742355, 17.385187149, 67.5345687866]], "mean": [-36.8339729309, 111.941184998, -131.0103302, 34.748085022, -44.8236274719, -6.09670066833, -30.637802124, 0.776089191437, -22.3994636536, -5.00461864471, -18.3828601837, -6.68502759933, -8.94729232788], "icov": [[0.000170254730619, -0.000341339880833, 0.000251030898653, -0.000412095687352, 0.000461581686977, -0.0004961816594, 0.000634266820271, -0.000681486679241, 0.00052950438112, -0.000250904762652, 0.000660354970023, -0.000331561692292, 7.87239259807e-05], [-0.000341339880833, 0.00226478744298, -0.000476616172818, 0.000900380953681, -0.00239965459332, 0.00242003030144, -0.00187527597882, 0.000827061710879, -0.00169119483326, 0.00246157008223, -0.00279299356043, 0.00238347495906, -0.00032589660259], [0.000251030898653, -0.000476616172818, 0.00197429861873, -0.000705087790266, -0.000525061914232, -0.0017194475513, 0.00179030548315, -0.0027668310795, 0.000730665051378, -1.86386096175e-05, 0.000919449492358, -0.000413914211094, 0.00079190521501], [-0.000412095687352, 0.000900380953681, -0.000705087790266, 0.00316649489105, -0.00113589211833, -0.000612922245637, -0.00127969763707, 0.00397369498387, -0.00316946092062, 0.000546529889107, -0.000892286829185, 0.000203639545362, -0.00094825058477], [0.000461581686977, -0.00239965459332, -0.000525061914232, -0.00113589211833, 0.00749118765816, -0.00143897382077, 0.000507907068823, -0.000731502077542, 0.00245826807804, -0.000422620913014, 0.00094515219098, -0.00408941879869, -0.000109097585664], [-0.0004961816594, 0.00242003030144, -0.0017194475513, -0.000612922245637, -0.00143897382077, 0.00844365078956, -0.00314435479231, -0.00161614175886, 0.000372879789211, 0.00127049174625, -0.004777925089, 0.00199309084564, -0.000601451843977], [0.000634266820271, -0.00187527597882, 0.00179030548315, -0.00127969763707, 0.000507907068823, -0.00314435479231, 0.0101434765384, -0.00229723355733, -0.00116965873167, -0.00126314244699, 0.00482907006517, -0.00140913808718, -0.000122262805235], [-0.000681486679241, 0.000827061710879, -0.0027668310795, 0.00397369498387, -0.000731502077