{"tonal": {"chords_key": "F", "hpcp_entropy": {"dmean": 0.793339371681, "dmean2": 1.37911593914, "max": 4.80894899368, "dvar": 0.386332184076, "mean": 2.34303665161, "dvar2": 1.13974821568, "min": 0, "var": 0.703559279442, "median": 2.3613409996}, "key_key": "A#", "chords_strength": {"dmean": 0.00855558551848, "dmean2": 0.0101344967261, "max": 0.795473456383, "dvar": 0.000241724745138, "mean": 0.502842783928, "dvar2": 0.000482168921735, "min": -1, "var": 0.0177092086524, "median": 0.515166342258}, "key_scale": "major", "chords_number_rate": 0.00079999997979, "thpcp": [1, 0.743979990482, 0.22465915978, 0.137185141444, 0.126157402992, 0.165400266647, 0.341252744198, 0.345960021019, 0.216907635331, 0.2553165555, 0.256168961525, 0.242003560066, 0.271338552237, 0.240673780441, 0.284330636263, 0.448900818825, 0.449543982744, 0.290271341801, 0.203474417329, 0.176922515035, 0.258273124695, 0.493744730949, 0.469249546528, 0.264171302319, 0.216953724623, 0.192335695028, 0.186053618789, 0.212470665574, 0.239098340273, 0.306099057198, 0.44582259655, 0.387996286154, 0.205046862364, 0.167869344354, 0.175380781293, 0.498407930136], "key_strength": 0.706009149551, "tuning_nontempered_energy_ratio": 0.851045370102, "tuning_frequency": 434.193115234, "chords_changes_rate": 0.0496000014246, "tuning_diatonic_strength": 0.573463261127, "chords_scale": "major", "chords_histogram": [4.86999988556, 0.00999999977648, 43.3199996948, 0, 0, 0, 0, 0, 0, 0, 0.449999988079, 0, 0, 0.230000004172, 0, 0.0500000007451, 0, 2.29999995232, 1.07000005245, 21.3500003815, 5.13000011444, 5.38999986649, 15.4499998093, 0.379999995232], "tuning_equal_tempered_deviation": 0.167464926839, "hpcp": {"dmean": [0.132581889629, 0.134116083384, 0.171792417765, 0.198516979814, 0.182485938072, 0.142865657806, 0.114724293351, 0.107574380934, 0.126744374633, 0.182607203722, 0.175980091095, 0.126111954451, 0.103439077735, 0.0943143740296, 0.0996174514294, 0.116013579071, 0.142799511552, 0.16969718039, 0.183934569359, 0.157350406051, 0.108817413449, 0.10519362241, 0.116385817528, 0.177088424563, 0.25950846076, 0.215979069471, 0.12515668571, 0.084358304739, 0.0784926712513, 0.0912415981293, 0.142515212297, 0.147583007812, 0.108860999346, 0.115357667208, 0.112721376121, 0.114289447665], "dmean2": [0.243091806769, 0.252343058586, 0.326346486807, 0.362313568592, 0.326777607203, 0.263599902391, 0.214055657387, 0.203274548054, 0.232484191656, 0.322641253471, 0.310532480478, 0.228612586856, 0.189627319574, 0.172464326024, 0.185016572475, 0.217524975538, 0.27087906003, 0.319612294436, 0.330831617117, 0.281100273132, 0.202025458217, 0.199373036623, 0.223282009363, 0.315143585205, 0.464106500149, 0.370405584574, 0.234462097287, 0.159652352333, 0.148700863123, 0.171487793326, 0.256079167128, 0.262924730778, 0.199024841189, 0.207354187965, 0.201165556908, 0.207262843847], "max": [1, 1, 1, 1, 1, 1, 1, 1, 1, 1, 1, 1, 1, 1, 1, 1, 1, 1, 1, 1, 1, 1, 1, 1, 1, 1, 1, 1, 1, 1, 1, 1, 1, 1, 1, 1], "dvar": [0.0400994718075, 0.0468552224338, 0.0715273618698, 0.0716171786189, 0.0600347034633, 0.0493442304432, 0.0451089665294, 0.0444040335715, 0.0447103641927, 0.0599279776216, 0.052735414356, 0.0393688753247, 0.0372660681605, 0.0324179008603, 0.0337947048247, 0.0417270362377, 0.0580466017127, 0.0668916851282, 0.0587306283414, 0.049439907074, 0.0343545600772, 0.043176908046, 0.0499351397157, 0.0494833812118, 0.103856943548, 0.0591987483203, 0.0393855907023, 0.0293821748346, 0.0281514301896, 0.0313013717532, 0.0465343743563, 0.0483095049858, 0.0321155712008, 0.0362708009779, 0.0352525748312, 0.0298557542264], "mean": [0.120729587972, 0.107085585594, 0.126510307193, 0.199734285474, 0.200020462275, 0.129153564572, 0.090534068644, 0.07872004807, 0.11491625011, 0.219687178731, 0.208788275719, 0.117540590465, 0.0965315625072, 0.0855780020356, 0.0827828496695, 0.094536870718, 0.106384605169, 0.136195957661, 0.198364660144, 0.172635376453, 0.091233715415, 0.0746919214725, 0.0780340656638, 0.221762031317, 0.444940805435, 0.331027060747, 0.0999600291252, 0.0610392652452, 0.0561325736344, 0.073593325913, 0.151837274432, 0.153931736946, 0.0965110585093, 0.113600753248, 0.113980017602, 0.107677258551], "dvar2": [0.106399454176, 0.128778204322, 0.196158260107, 0.179362460971, 0.148626834154, 0.132751196623, 0.123262576759, 0.125100210309, 0.125394225121, 0.149126946926, 0.131829962134, 0.106301598251, 0.0979614332318, 0.0894959047437, 0.0955134779215, 0.119505062699, 0.169292643666, 0.191712722182, 0.15392921865, 0.12910848856, 0.0958733037114, 0.122368663549, 0.144740611315, 0.12384968251, 0.199645102024, 0.140203788877, 0.11526940763, 0.0857052728534, 0.0819408297539, 0.090617634356, 0.120336875319, 0.126465082169, 0.0904649272561, 0.0939477980137, 0.0927436798811, 0.0806978568435], "min": [0, 0, 0, 0, 0, 0, 0, 0, 0, 0, 0, 0, 0, 0, 0, 0, 0, 0, 0, 0, 0, 0, 0, 0, 0, 0, 0, 0, 0, 0, 0, 0, 0, 0, 0, 0], "var": [0.0398964956403, 0.0360794663429, 0.051908697933, 0.081087000668, 0.0783647373319, 0.0452708303928, 0.0359413139522, 0.0315435901284, 0.0362740680575, 0.0791363716125, 0.071995459497, 0.037455946207, 0.0390656143427, 0.0309123601764, 0.027819706127, 0.0322442576289, 0.0406370162964, 0.0500963442028, 0.0701793879271, 0.0626233145595, 0.0259550381452, 0.0284126717597, 0.0316602550447, 0.060619160533, 0.176325276494, 0.0958102047443, 0.0284236688167, 0.0196970812976, 0.0190555863082, 0.0219698082656, 0.0560123361647, 0.0558349899948, 0.0250969622284, 0.0396919623017, 0.0386474318802, 0.0289668999612], "median": [0.0360518619418, 0.0255211144686, 0.0285479053855, 0.0586359091103, 0.065888389945, 0.0353765748441, 0.0146743766963, 0.0120448246598, 0.0419315211475, 0.106004156172, 0.093546114862, 0.0336596369743, 0.0182347614318, 0.0164319779724, 0.0184382535517, 0.0215903054923, 0.0231157615781, 0.0413972809911, 0.0768350958824, 0.0639516040683, 0.0272797159851, 0.0134262032807, 0.0128147620708, 0.0995741784573, 0.271716833115, 0.249009490013, 0.0323332175612, 0.0111807156354, 0.00884258560836, 0.0164820216596, 0.0422964692116, 0.0474990010262, 0.0332312881947, 0.0323757231236, 0.0336289815605, 0.0355987139046]}}, "lowlevel": {"melbands_flatness_db": {"dmean": 0.0556818395853, "dmean2": 0.0746250972152, "max": 0.650367498398, "dvar": 0.00301810796373, "mean": 0.190361484885, "dvar2": 0.00613543437794, "min": 0.00462731160223, "var": 0.0117762293667, "median": 0.167819976807}, "melbands_crest": {"dmean": 4.59264183044, "dmean2": 7.40950059891, "max": 33.2291374207, "dvar": 21.3728694916, "mean": 17.41223526, "dvar2": 49.6005821228, "min": 1.90626835823, "var": 58.9095344543, "median": 18.1990242004}, "spectral_entropy": {"dmean": 0.264004945755, "dmean2": 0.376037627459, "max": 9.80035018921, "dvar": 0.0996947735548, "mean": 7.91208744049, "dvar2": 0.214886218309, "min": 4.65670013428, "var": 0.307526141405, "median": 8.05177307129}, "melbands": {"dmean": [0.00336909922771, 0.00269626290537, 0.000769041362219, 0.000408053514548, 0.000281245505903, 0.000219781126361, 0.000153013854288, 0.000132976536406, 0.000107242543891, 9.17010693229e-05, 7.03709156369e-05, 7.10629828973e-05, 6.90379383741e-05, 5.26341646037e-05, 6.90362212481e-05, 5.93002805545e-05, 6.58282078803e-05, 5.08994053234e-05, 6.68743159622e-05, 4.26687001891e-05, 3.49056972482e-05, 3.05877474602e-05, 2.34714570979e-05, 1.43139031934e-05, 1.40359670695e-05, 1.19197984532e-05, 1.2038267414e-05, 8.12520556792e-06, 7.91746333562e-06, 7.32424223315e-06, 6.71494217386e-06, 7.07587059878e-06, 6.38010760667e-06, 6.41706265014e-06, 6.62883849145e-06, 5.77543960389e-06, 4.23488654633e-06, 4.6222085075e-06, 3.61966021956e-06, 3.27699171976e-06], "dmean2": [0.00482798647135, 0.00374455680139, 0.00102621910628, 0.000698559451848, 0.000489512516651, 0.000363539729733, 0.000254094076809, 0.000210388199775, 0.000176390312845, 0.000140320989885, 0.00010885723168, 0.000110413282528, 0.000107009807834, 8.3753700892e-05, 0.00011331604037, 9.65380459093e-05, 0.000108980493678, 8.38414489408e-05, 0.000114567686978, 7.11407265044e-05, 5.96336649323e-05, 5.15068895766e-05, 4.08645028074e-05, 2.40320096054e-05, 2.3447068088e-05, 2.0091967599e-05, 2.05886444746e-05, 1.34743859235e-05, 1.31571623569e-05, 1.24016860354e-05, 1.13009882625e-05, 1.19109372463e-05, 1.07122332338e-05, 1.07503583422e-05, 1.07034356915e-05, 9.35469233809e-06, 6.5753401941e-06, 7.42174415791e-06, 5.76055663259e-06, 5.14613475389e-06], "max": [0.0413788706064, 0.0377577468753, 0.0154671445489, 0.0106494268402, 0.00656576873735, 0.00560193089768, 0.00570012070239, 0.00368307018653, 0.00230378448032, 0.00306782312691, 0.00303536676802, 0.00246626324952, 0.00214718282223, 0.00121366837993, 0.0026820441708, 0.00226744217798, 0.00220335251652, 0.000986404833384, 0.00158813898452, 0.00141185102984, 0.000682124460582, 0.000768649508245, 0.000426198617788, 0.000263192458078, 0.000271965021966, 0.000228369419347, 0.0003367952595, 0.000117555871839, 0.000108562686364, 0.000104771432234, 9.35951102292e-05, 0.000111873938295, 7.37727095839e-05, 9.66005463852e-05, 8.9202359959e-05, 0.000104708342406, 5.85557281738e-05, 5.44095673831e-05, 4.89398516947e-05, 5.19812128914e-05], "dvar": [2.80053518509e-05, 1.80184724741e-05, 1.99613896257e-06, 8.02125782684e-07, 3.6554749272e-07, 1.55929924972e-07, 6.81572061012e-08, 4.26876844983e-08, 2.52122944744e-08, 1.85997919289e-08, 1.0690023089e-08, 1.32311059886e-08, 9.82686909623e-09, 4.54595072696e-09, 1.10192646119e-08, 9.03617269898e-09, 9.96749438542e-09, 4.4702903601e-09, 1.13698552795e-08, 3.96305921413e-09, 2.91221247117e-09, 2.02481875711e-09, 1.66468361318e-09, 4.22308715775e-10, 3.71583763759e-10, 3.0694247144e-10, 3.77426395692e-10, 1.09939612969e-10, 1.09294705231e-10, 1.114279502e-10, 8.54111156801e-11, 9.39666192079e-11, 7.30304428043e-11, 8.24505186348e-11, 1.05057039457e-10, 8.95200302775e-11, 4.11673750644e-11, 6.06014544102e-11, 3.8729741636e-11, 3.34515609657e-11], "mean": [0.00539147481322, 0.00469350349158, 0.00108134234324, 0.000427248480264, 0.000346028187778, 0.000328715250362, 0.000212233266211, 0.00017917418154, 0.0001389891695, 0.000143041834235, 0.000108279244159, 0.000112029265438, 0.000108412496047, 7.52507621655e-05, 9.4534465461e-05, 7.68421887187e-05, 8.11790450825e-05, 6.09270755376e-05, 7.15560672688e-05, 5.20174362464e-05, 3.9372844185e-05, 3.7647314457e-05, 2.53507187153e-05, 1.75720106199e-05, 1.66424742929e-05, 1.36182206916e-05, 1.2700273146e-05, 9.52980371949e-06, 8.7498974608e-06, 7.69725647842e-06, 7.1001827564e-06, 7.51382367525e-06, 7.1073836807e-06, 6.56798511045e-06, 7.29829434931e-06, 6.67338326821e-06, 5.56910299565e-06, 5.0179628488e-06, 3.87106001654e-06, 3.7081085793e-06], "dvar2": [7.3295639595e-05, 3.70327143173e-05, 3.21770767187e-06, 2.1867488158e-06, 1.02894921383e-06, 4.02071691497e-07, 1.70673217781e-07, 1.01265811736e-07, 6.28250376167e-08, 3.85848544227e-08, 2.21219984553e-08, 2.98341795713e-08, 2.1386050264e-08, 1.04595336836e-08, 2.60414214637e-08, 2.10399022649e-08, 2.44638247437e-08, 1.08962767698e-08, 3.03805478552e-08, 1.00992716412e-08, 7.88017473496e-09, 5.29597343757e-09, 4.56714399633e-09, 1.09708175877e-09, 9.39939459599e-10, 7.99565469389e-10, 1.0187959365e-09, 2.76274836342e-10, 2.75025835439e-10, 2.88741835996e-10, 2.15636827838e-10, 2.41135250656e-10, 1.85826187771e-10, 2.16466067293e-10, 2.50254539313e-10, 2.08807901525e-10, 8.96559979036e-11, 1.39343370176e-10, 8.97171156811e-11, 6.97400123761e-11], "min": [7.18312364492e-24, 5.57404895223e-24, 2.81059070958e-24, 6.44481097436e-24, 1.1977286168e-23, 6.52725048883e-24, 5.52130413439e-24, 6.98620581918e-24, 7.70101161806e-24, 1.43562145569e-23, 1.75484727385e-23, 5.94386102814e-24, 1.05961003746e-23, 7.87449711948e-24, 5.91996012044e-24, 7.52895947691e-24, 6.45391482363e-24, 6.91095401085e-24, 4.12736679891e-24, 7.11653352933e-24, 8.02261206532e-24, 9.73776291178e-24, 1.13864198837e-23, 7.87075949651e-24, 1.71640150654e-23, 1.04077298568e-23, 1.29240375834e-23, 1.5483113404e-23, 9.3491936957e-24, 1.05657765615e-23, 1.23171022024e-23, 1.04316173539e-23, 1.06683284791e-23, 1.06692127922e-23, 1.16677434597e-23, 7.90832978598e-24, 9.59407110903e-24, 9.58083244532e-24, 9.32721839746e-24, 8.04832183108e-24], "var": [5.84260305914e-05, 4.89063786517e-05, 3.62443574886e-06, 6.48932768854e-07, 3.11920643981e-07, 2.33641230807e-07, 1.09702654072e-07, 7.01573412698e-08, 3.63829748551e-08, 4.11217726537e-08, 2.4623904693e-08, 2.93710940014e-08, 2.19649614053e-08, 8.57889936867e-09, 1.97543936764e-08, 1.56068118429e-08, 1.54225698878e-08, 6.27129859154e-09, 1.1984923276e-08, 5.315081264e-09, 2.94567126247e-09, 2.64340926925e-09, 1.50254342302e-09, 5.11298670069e-10, 4.89581319929e-10, 3.34079569564e-10, 3.47480239027e-10, 1.44627879117e-10, 1.29355290368e-10, 1.1437026326e-10, 9.35330285445e-11, 1.01677735675e-10, 8.4048601412e-11, 8.09814715286e-11, 1.21347695781e-10, 1.06258661592e-10, 6.74165376302e-11, 7.16244355492e-11, 4.63386135019e-11, 4.80563991379e-11], "median": [0.00219926727004, 0.00182889495045, 0.000374457333237, 0.000158037262736, 0.000144726713188, 0.000148512714077, 9.20682650758e-05, 8.31807774375e-05, 7.19284580555e-05, 7.6365446148e-05, 5.80334744882e-05, 5.29825338162e-05, 5.71049677092e-05, 4.27087725257e-05, 4.56554625998e-05, 3.65291089111e-05, 3.93334921682e-05, 3.22916166624e-05, 3.26323461195e-05, 2.67048235401e-05, 2.0751827833e-05, 1.85895296454e-05, 1.1423727301e-05, 9.17089710128e-06, 8.05985473562e-06, 6.53075221635e-06, 5.52459232495e-06, 4.820990398e-06, 4.21062031819e-06, 3.44204772773e-06, 3.1676834169e-06, 3.5242615013e-06, 3.79008497475e-06, 3.26799454342e-06, 3.17642161463e-06, 3.5564044083e-06, 2.23635151997e-06, 1.82072017196e-06, 1.30048283609e-06, 9.72569296209e-07]}, "silence_rate_60dB": {"dmean": 0.0416062399745, "dmean2": 0.0832166448236, "max": 1, "dvar": 0.0398657955229, "mean": 0.0956095606089, "dvar2": 0.0917033776641, "min": 0, "var": 0.0864792913198, "median": 0}, "spectral_energyband_middle_high": {"dmean": 0.00416791625321, "dmean2": 0.00674503250048, "max": 0.0429693423212, "dvar": 2.51989458775e-05, "mean": 0.00692002847791, "dvar2": 6.32499504718e-05, "min": 1.44028825583e-21, "var": 4.64040022052e-05, "median": 0.00495871622115}, "erbbands_skewness": {"dmean": 0.364792704582, "dmean2": 0.536117911339, "max": 7.98149442673, "dvar": 0.218469247222, "mean": 0.146773010492, "dvar2": 0.471781522036, "min": -3.63717341423, "var": 0.427089482546, "median": 0.0759390294552}, "dynamic_complexity": 3.30177855492, "dissonance": {"dmean": 0.0122228898108, "dmean2": 0.0204020719975, "max": 0.500000119209, "dvar": 0.00021710783767, "mean": 0.479053378105, "dvar2": 0.000598180107772, "min": 0.23963624239, "var": 0.000491493497975, "median": 0.484545409679}, "spectral_skewness": {"dmean": 0.255792468786, "dmean2": 0.392149716616, "max": 7.85409498215, "dvar": 0.157450973988, "mean": 1.45427036285, "dvar2": 0.397029787302, "min": -0.0301242079586, "var": 0.325936973095, "median": 1.34099578857}, "spectral_kurtosis": {"dmean": 1.86093485355, "dmean2": 2.97012424469, "max": 102.942512512, "dvar": 20.8098297119, "mean": 3.79011368752, "dvar2": 54.2841835022, "min": -1.1990827322, "var": 36.1091194153, "median": 2.60986447334}, "gfcc": {"cov": [[21460.4179688, -1176.52416992, 963.407897949, 223.367950439, -441.184417725, 738.847900391, -767.387084961, 634.991027832, -59.9018096924, 870.086425781, -125.800582886, 452.526641846, -153.008621216], [-1176.52416992, 2246.66674805, 250.318267822, 139.61769104, 353.516143799, -269.182556152, 383.82144165, -118.841377258, 160.772735596, -216.172073364, 174.404907227, -146.616973877, 82.1683807373], [963.407897949, 250.318267822, 1152.24523926, 428.33581543, 428.739807129, 476.468811035, 181.004348755, 249.396209717, 98.9164962769, 109.282829285, -1.9951146841, -26.1854228973, -56.2263450623], [223.367950439, 139.61769104, 428.33581543, 537.272705078, 307.743408203, 367.598052979, 198.144500732, 139.875198364, 126.846549988, 57.9354858398, 36.4973335266, -28.9927921295, -26.2274971008], [-441.184417725, 353.516143799, 428.739807129, 307.743408203, 481.574676514, 259.436157227, 262.046478271, 131.214294434, 135.761032104, 54.6812095642, 45.3295249939, -25.0013103485, -4.83571958542], [738.847900391, -269.182556152, 476.468811035, 367.598052979, 259.436157227, 590.559204102, 141.123153687, 244.465698242, 124.482620239, 143.400405884, 14.3516387939, 31.4934024811, -30.5855293274], [-767.387084961, 383.82144165, 181.004348755, 198.144500732, 262.046478271, 141.123153687, 335.249511719, 97.0139389038, 161.53086853, 17.6275444031, 82.1018753052, -16.9858379364, 27.2011451721], [634.991027832, -118.841377258, 249.396209717, 139.875198364, 131.214294434, 244.465698242, 97.0139389038, 210.715454102, 88.0998306274, 113.014541626, 18.6969509125, 40.5963478088, 5.54941558838], [-59.9018096924, 160.772735596, 98.9164962769, 126.846549988, 135.761032104, 124.482620239, 161.53086853, 88.0998306274, 177.433151245, 66.0976104736, 69.1133270264, 11.8553781509, 23.1504001617], [870.086425781, -216.172073364, 109.282829285, 57.9354858398, 54.6812095642, 143.400405884, 17.6275444031, 113.014541626, 66.0976104736, 152.450958252, 31.673582077, 62.7217025757, 0.951661705971], [-125.800582886, 174.404907227, -1.9951146841, 36.4973335266, 45.3295249939, 14.3516387939, 82.1018753052, 18.6969509125, 69.1133270264, 31.673582077, 98.6650466919, 30.7076835632, 36.6544837952], [452.526641846, -146.616973877, -26.1854228973, -28.9927921295, -25.0013103485, 31.4934024811, -16.9858379364, 40.5963478088, 11.8553781509, 62.7217025757, 30.7076835632, 86.0390014648, 33.438457489], [-153.008621216, 82.1683807373, -56.2263450623, -26.2274971008, -4.83571958542, -30.5855293274, 27.2011451721, 5.54941558838, 23.1504001617, 0.951661705971, 36.6544837952, 33.438457489, 65.4631652832]], "mean": [8.39187717438, 63.9433937073, -116.6692276, 31.1432571411, -54.164691925, 25.8965873718, -35.1080436707, 11.1859865189, -17.6667137146, 4.9723033905, -13.3747825623, 3.00785732269, -9.842918396], "icov": [[9.64021819527e-05, -0.000154144188855, -2.43276190304e-05, -0.00012300479284, 0.000231443249504, -3.10225113935e-05, 0.000222432689043, -0.000129563108203, 5.91607204115e-05, -0.00061343528796, 0.000366625870811, -0.000433100183727, 0.000273726764135], [-0.000154144188855, 0.00146899058018, -0.00048835464986, 0.000193359825062, -0.000956204195973, 0.00102271151263, -0.000567969807889, 0.00022245690343, -0.000728408922441, 0.00255564856343, -0.0026238092687, 0.00202780310065, -0.0012679991778], [-2.43276190304e-05, -0.00048835464986, 0.00204555387609, -0.000365938903997, -0.000939188583288, -0.000841973058414, 0.000470420112833, -0.00128378625959, 0.000896080571692, -0.000429130363045, 0.000528717006091, 0.000170794766746, 0.000923093000893], [-0.00012300479284, 0.000193359825062, -0.000365938903997, 0.00468926364556, -0.00131048564799, -0.0022349266801, -0.000633157091215, 0.000845067028422, -0.000629021669738, 0.00122475798707, -0.00158916122746, 0.0020730572287, 0.000120210934256], [0.000231443249504, -0.000956204195973, -0.000939188583288, -0.00131048564799, 0.00637674983591, -0.000768222904298, -0.00272403447889, 0.000517796375789, 0.000638117955532, -0.00368177820928, 0.00263430713676, -0.000688263389748, 0.000313980359351], [-3.10225113935e-05, 0.00102271151263, -0.000841973058414, -0.0022349266801, -0.000768222904298, 0.00610321387649, 0.000128218147438, -0.00343259680085, -0.0012327915756, 0.0011852014577, -0.000781088834628, -0.000856172118802, 0.0013511213474], [0.000222432689043, -0.000567969807889, 0.000470420112833, -0.000633157091215, -0.00272403447889, 0.000128218147438, 0.0101058520377, -0.00349224545062, -0.00466568116099, 0.00264753750525, -0.00276602664962, 0.000127974271891, 0.000433620065451], [-0.000129563108203, 0.00022245690343, -0.00128378625959, 0.000845067028422, 0.000517796375789, -0.00343259680085, -0.00349224545062, 0.0151371657848, -0.00107691634912, -0.0061932047829, 0.0038622005377, -0.000576016143896, -0.00414119940251], [5.91607204115e-05, -0.000728408922441, 0.000896080571692, -0.000629021669738, 0.000638117955532, -0.0012327915756, -0.00466568116099, -0.00107691634912, 0.0153708141297, -0.00708037149161, -0.00320382555947, 0.00386881828308, -0.0024437692482], [-0.00061343528796, 0.00255564856343, -0.000429130363045, 0.00122475798707, -0.00368177820928, 0.0011852014577, 0.00264753750525, -0.0061932047829, -0.00708037149161, 0.0257870983332, -0.00847877841443, -0.00722935888916, 0.00575643964112], [0.000366625870811, -0.0026238092687, 0.000528717006091, -0.00158916122746, 0.00263430713676, -0.000781088834628, -0.00276602664962, 0.0038622005377, -0.00320382555947, -0.00847877841443, 0.0255091506988, -0.00911485590041, -0.0037518076133], [-0.000433100183727, 0.00202780310065, 0.000170794766746, 0.0020730572287, -0.000688263389748, -0.000856172118802, 0.000127974271891, -0.000576016143896, 0.00386881828308, -0.00722935888916, -0.00911485590041, 0.0326824262738, -0.0158890690655], [0.000273726764135, -0.0012679991778, 0.000923093000893, 0.000120210934256, 0.000313980359351, 0.0013511213474, 0.000433620065451, -0.00414119940251, -0.0024437692482, 0.00575643964112, -0.0037518076133, -0.0158890690655, 0.0301708430052]]}, "spectral_complexity": {"dmean": 9.11586761475, "dmean2": 13.3284654617, "max": 64, "dvar": 65.3954315186, "mean": 23.9038410187, "dvar2": 144.822052002, "min": 0, "var": 195.825119019, "median": 25}, "spectral_flux": {"dmean": 0.0437190011144, "dmean2": 0.0716298222542, "max": 0.328418791294, "dvar": 0.0016139484942, "mean": 0.111548468471, "dvar2": 0.0040343622677, "min": 1.03237876581e-10, "var": 0.0039015582297, "median": 0.10301490128}, "spectral_energyband_low": {"dmean": 0.014002263546, "dmean2": 0.0196693018079, "max": 0.188112258911, "dvar": 0.000391442445107, "mean": 0.0270689614117, "dvar2": 0.00104140315671, "min": 3.59941548498e-23, "var": 0.0011126085883, "median": 0.017376517877}, "spectral_decrease": {"dmean": 4.40721548145e-09, "dmean2": 6.80394451891e-09, "max": 5.89588662476e-26, "dvar": 2.77767679829e-17, "mean": -1.07247855041e-08, "dvar2": 7.56647781988e-17, "min": -5.25249284067e-08, "var": 8.04907020937e-17, "median": -9.58425605546e-09}, "barkbands_spread": {"dmean": 10.1580972672, "dmean2": 15.1768569946, "max": 95.4559173584, "dvar": 118.97013092, "mean": 26.7849559784, "dvar2": 257.891113281, "min": 0.247267663479, "var": 295.689483643, "median": 24.9724617004}, "spectral_rms": {"dmean": 0.00129697506782, "dmean2": 0.00195236876607, "max": 0.014098403044, "dvar": 1.36884443691e-06, "mean": 0.00587349245325, "dvar2": 3.64713287127e-06, "min": 3.22460959844e-12, "var": 7.97664688434e-06, "median": 0.00622588861734}, "spectral_centroid": {"dmean": 427.036956787, "dmean2": 635.967590332, "max": 10946.8662109, "dvar": 174998.875, "mean": 1612.58105469, "dvar2": 376523.9375, "min": 102.049369812, "var": 532811.125, "median": 1629.19677734}, "barkbands_skewness": {"dmean": 1.12884926796, "dmean2": 1.54077267647, "max": 22.2613735199, "dvar": 2.26899123192, "mean": 2.19230008125, "dvar2": 4.52625274658, "min": -4.31539106369, "var": 5.99268198013, "median": 1.39037656784}, "spectral_rolloff": {"dmean": 1085.29174805, "dmean2": 1779.92834473, "max": 18949.21875, "dvar": 2222856.75, "mean": 1970.31018066, "dvar2": 5045710.5, "min": 64.599609375, "var": 4874193.5, "median": 1378.125}, "erbbands_spread": {"dmean": 11.0554027557, "dmean2": 16.6277427673, "max": 175.344558716, "dvar": 131.188354492, "mean": 46.185508728, "dvar2": 280.868591309, "min": 2.20268559456, "var": 439.817687988, "median": 42.6388282776}, "barkbands": {"dmean": [0.000509998353664, 0.0126707646996, 0.00386277073994, 0.00190674944315, 0.00180054991506, 0.0011579139391, 0.000703881436493, 0.000625378801487, 0.000592821685132, 0.000443783676019, 0.000605685228948, 0.000548515003175, 0.000560609099921, 0.000647928740364, 0.000801612564828, 0.000557310006116, 0.00049560284242, 0.000380791170755, 0.0002943079744, 0.000306440779241, 0.000299536826788, 0.000325463537592, 0.000388470478356, 0.00036713614827, 0.000313738622935, 0.000117728595797, 2.26815682254e-05], "dmean2": [0.000673805596307, 0.0179372634739, 0.00503594847396, 0.0030099414289, 0.00317623396404, 0.00192490057088, 0.00116714695469, 0.00100205536, 0.00092207553098, 0.000681912526488, 0.000935930642299, 0.000886484165676, 0.000924793770537, 0.0010697102407, 0.00135447899811, 0.000932261173148, 0.000839901389554, 0.000648246903438, 0.000491781451274, 0.000509593868628, 0.000501563365106, 0.000542848487385, 0.000634060765151, 0.000574413279537, 0.00047582082334, 0.000192135950783, 4.01540237362e-05], "max": [0.00867460295558, 0.178370863199, 0.0572981163859, 0.0410563685, 0.0373314656317, 0.024622078985, 0.0340968221426, 0.0124827288091, 0.0154283428565, 0.0151250995696, 0.0216128416359, 0.0164486244321, 0.0163986999542, 0.0180561188608, 0.0150894233957, 0.0160589125007, 0.0100334659219, 0.00749939680099, 0.00442259106785, 0.00684746913612, 0.00402380200103, 0.00370763475075, 0.00508780078962, 0.00451605720446, 0.00452949805185, 0.00126023183111, 0.000194597116206], "dvar": [8.04631781648e-07, 0.000436245842138, 5.49663018319e-05, 1.90186383406e-05, 1.67214620888e-05, 4.60699402538e-06, 1.53484734255e-06, 8.49418654525e-07, 6.67974120461e-07, 4.06055193025e-07, 8.36987339881e-07, 5.91138586969e-07, 6.59355123389e-07, 8.19652711925e-07, 1.37462257044e-06, 6.117668363e-07, 5.77939999857e-07, 3.47706190951e-07, 1.67655628047e-07, 1.74495383476e-07, 1.66665728329e-07, 1.82097195989e-07, 3.35697052378e-07, 3.4890095435e-07, 2.93070542057e-07, 2.96221571716e-08, 1.28997923454e-09], "mean": [0.000775346765295, 0.0203384943306, 0.00494122412056, 0.00194349535741, 0.00185570830945, 0.00171316834167, 0.000955853611231, 0.000798699213192, 0.0009349588654, 0.000690867076628, 0.000987535458989, 0.000750149542, 0.000730830070097, 0.000794431136455, 0.000892865413334, 0.00066681636963, 0.000594828277826, 0.000440414791228, 0.00035578457755, 0.000354815594619, 0.000323571439367, 0.000360516569344, 0.000426176877227, 0.000435610592831, 0.000346742366673, 0.000111916626338, 1.54738354468e-05], "dvar2": [1.35714230964e-06, 0.00108515517786, 9.01235034689e-05, 4.2919346015e-05, 4.71777784696e-05, 1.21468783618e-05, 3.720519544e-06, 2.11781821235e-06, 1.43805914377e-06, 8.60197872043e-07, 1.82085261713e-06, 1.35749110086e-06, 1.5844320842e-06, 2.01587135962e-06, 3.62700939149e-06, 1.57921749633e-06, 1.53403721015e-06, 9.26584277749e-07, 4.34354717527e-07, 4.49967359373e-07, 4.23573027319e-07, 4.63147046048e-07, 8.06446564638e-07, 7.73640749685e-07, 6.30836723303e-07, 7.2785383054e-08, 3.35282024366e-09], "min": [7.89694583286e-25, 2.67199810373e-23, 6.40263176505e-24, 3.09439761973e-24, 4.17767135443e-23, 4.16848869795e-23, 3.47997878848e-23, 1.82454487032e-23, 1.03583482685e-22, 9.08608349803e-23, 5.34928220661e-23, 6.83913753399e-23, 7.13099082537e-23, 8.86561139006e-23, 5.48542760817e-23, 9.69752958567e-23, 1.60175354284e-22, 2.10150588776e-22, 3.71006382922e-22, 4.37011472957e-22, 4.62430666537e-22, 5.33425421704e-22, 6.20058202046e-22, 7.81906357968e-22, 1.18816790662e-21, 1.76278974001e-21, 2.53397692978e-21], "var": [1.94851395463e-06, 0.000907887646463, 9.49456734816e-05, 1.86732522707e-05, 1.21690627566e-05, 6.25423217571e-06, 2.57760734712e-06, 1.13418104775e-06, 1.46816205415e-06, 9.18191176424e-07, 2.01640000341e-06, 1.10620283067e-06, 1.0719987813e-06, 1.26558325064e-06, 1.54394228957e-06, 7.49850130433e-07, 6.9029158567e-07, 3.62735988801e-07, 2.05082926641e-07, 2.05923399221e-07, 1.82758881806e-07, 2.12193342009e-07, 3.78019478831e-07, 4.79124082631e-07, 4.15904821693e-07, 3.22267048602e-08, 9.39138988798e-10], "median": [9.56261719693e-05, 0.00897382199764, 0.00127440155484, 0.000394243048504, 0.000710996449925, 0.000737626105547, 0.000404325750424, 0.000416049966589, 0.000527762866113, 0.000373739487259, 0.000466198835056, 0.000379497767426, 0.000382852449547, 0.000398403935833, 0.000440433213953, 0.000364758627256, 0.000288621813525, 0.000216829183046, 0.000177491136128, 0.000174701446667, 0.000148725550389, 0.000186344987014, 0.000214329309529, 0.000170004524989, 9.1919049737e-05, 2.9358536267e-05, 2.07321090784e-06]}, "melbands_kurtosis": {"dmean": 26.6175670624, "dmean2": 37.0039176941, "max": 702.499450684, "dvar": 2726.22607422, "mean": 37.097743988, "dvar2": 5382.0078125, "min": -1.74551403522, "var": 4877.85791016, "median": 8.67688369751}, "erbbands_crest": {"dmean": 2.38602900505, "dmean2": 3.78788566589, "max": 28.9182338715, "dvar": 7.44866943359, "mean": 6.64680433273, "dvar2": 15.616774559, "min": 2.07922339439, "var": 14.4879436493, "median": 5.41305541992}, "melbands_skewness": {"dmean": 1.47200763226, "dmean2": 2.06072831154, "max": 20.4612026215, "dvar": 3.45017290115, "mean": 3.90533280373, "dvar2": 6.78445625305, "min": -1.44987010956, "var": 11.1884069443, "median": 2.69439840317}, "spectral_energyband_middle_low": {"dmean": 0.00479531707242, "dmean2": 0.0069426689297, "max": 0.0708078369498, "dvar": 4.86922290293e-05, "mean": 0.00849635805935, "dvar2": 0.000101606019598, "min": 2.82025043759e-22, "var": 8.18854168756e-05, "median": 0.00559451337904}, "spectral_contrast_coeffs": {"dmean": [0.0600466541946, 0.0461867414415, 0.0394338108599, 0.0344642102718, 0.0273909363896, 0.0229178573936], "dmean2": [0.092981621623, 0.0761089995503, 0.0644124820828, 0.0566159114242, 0.0444730706513, 0.0367365553975], "max": [-0.289559721947, -0.431893259287, -0.548018276691, -0.49664157629, -0.545329988003, -0.508387804031], "dvar": [0.00362753379159, 0.00150065869093, 0.00108923495281, 0.000907147128601, 0.000575570447836, 0.000458907481516], "mean": [-0.64007884264, -0.776657521725, -0.796806871891, -0.800184011459, -0.802403390408, -0.778863012791], "dvar2": [0.007119406946, 0.00389176839963, 0.00274529447779, 0.00233706878498, 0.00147680309601, 0.0011474970961], "min": [-0.952757358551, -0.98058795929, -0.970733582973, -0.963167369366, -0.959068894386, -0.960632443428], "var": [0.0119097549468, 0.00444997521117, 0.00351671758108, 0.00288907531649, 0.00183890841436, 0.00167458306532], "median": [-0.646844506264, -0.781615972519, -0.803721785545, -0.807539105415, -0.807200193405, -0.783381998539]}, "spectral_contrast_valleys": {"dmean": [0.500286757946, 0.565913677216, 0.54757219553, 0.625986158848, 0.60872220993, 0.689973652363], "dmean2": [0.768807590008, 0.889364302158, 0.816419124603, 0.923385262489, 0.891721010208, 0.950087845325], "max": [-5.31847381592, -4.35421609879, -5.27836561203, -5.24017381668, -5.26781129837, -7.30451583862], "dvar": [0.242560267448, 0.306781083345, 0.242308884859, 0.355634570122, 0.385598003864, 0.495728760958], "mean": [-7.67715215683, -6.77234458923, -7.11375045776, -7.26465845108, -7.42212247849, -9.60904121399], "dvar2": [0.464227378368, 0.745033621788, 0.562884867191, 0.849224805832, 0.904287815094, 1.12995922565], "min": [-27.3733558655, -26.9243087769, -27.3251686096, -27.0557727814, -27.2760009766, -27.2334003448], "var": [3.22304034233, 2.28341412544, 1.71232140064, 1.86950409412, 1.93157494068, 3.12646555901], "median": [-7.11497306824, -6.46897411346, -6.82960128784, -6.95520591736, -7.10590982437, -9.07108306885]}, "silence_rate_20dB": {"dmean": 0, "dmean2": 0, "max": 1, "dvar": 0, "mean": 1, "dvar2": 0, "min": 1, "var": 0, "median": 1}, "silence_rate_30dB": {"dmean": 0.0681102201343, "dmean2": 0.136227250099, "max": 1, "dvar": 0.0634703934193, "mean": 0.931993186474, "dvar2": 0.129468098283, "min": 0, "var": 0.0633917525411, "median": 1}, "spectral_strongpeak": {"dmean": 0.309535890818, "dmean2": 0.5059684515, "max": 7.67198514938, "dvar": 0.295277625322, "mean": 0.60248118639, "dvar2": 0.796228587627, "min": 0, "var": 0.451255381107, "median": 0.426893174648}, "spectral_spread": {"dmean": 807767.375, "dmean2": 1168990.125, "max": 40522624, "dvar": 677901828096, "mean": 5574921, "dvar2": 1315779641340.0, "min": 744374.4375, "var": 2952912961540.0, "median": 5524169.5}, "barkbands_flatness_db": {"dmean": 0.0458668209612, "dmean2": 0.0615079924464, "max": 0.529053509235, "dvar": 0.00205634348094, "mean": 0.129547297955, "dvar2": 0.00420955847949, "min": 0.0109689245, "var": 0.00754874898121, "median": 0.101953804493}, "pitch_salience": {"dmean": 0.106995016336, "dmean2": 0.167634606361, "max": 0.971758067608, "dvar": 0.0127822421491, "mean": 0.480120360851, "dvar2": 0.0263722203672, "min": 0.0213168654591, "var": 0.0441867411137, "median": 0.51153755188}, "erbbands_kurtosis": {"dmean": 0.895273923874, "dmean2": 1.40991795063, "max": 68.9349212646, "dvar": 5.467253685, "mean": 0.155789926648, "dvar2": 13.4526844025, "min": -1.90412259102, "var": 5.3961558342, "median": -0.211783409119}, "average_loudness": 0.882801949978, "barkbands_crest": {"dmean": 3.44504499435, "dmean2": 5.57733154297, "max": 26.4961719513, "dvar": 12.4480657578, "mean": 12.1890163422, "dvar2": 25.1269378662, "min": 1.93314683437, "var": 44.1637458801, "median": 11.167098999}, "hfc": {"dmean": 23.669670105, "dmean2": 37.2572479248, "max": 213.465805054, "dvar": 854.64440918, "mean": 33.7224998474, "dvar2": 2108.19360352, "min": 1.21388569604e-16, "var": 1214.6854248, "median": 22.5085144043}, "barkbands_kurtosis": {"dmean": 11.7091884613, "dmean2": 16.7459487915, "max": 581.880187988, "dvar": 889.307800293, "mean": 12.6779003143, "dvar2": 1866.17419434, "min": -1.8267544508, "var": 1160.47290039, "median": 1.1669280529}, "erbbands": {"dmean": [0.368580102921, 2.90724635124, 4.68482017517, 4.91528940201, 5.66317558289, 6.20072555542, 8.07149219513, 9.88192367554, 10.3359766006, 11.9060621262, 12.6693820953, 14.3775930405, 14.108581543, 18.203754425, 21.0103340149, 22.2003002167, 26.0322551727, 32.6091918945, 33.7161560059, 36.7792243958, 29.6780929565, 26.6260433197, 21.0738296509, 16.9553050995, 16.5938167572, 12.7940273285, 12.3913106918, 11.9125118256, 12.352602005, 10.983250618, 10.9064426422, 7.60482645035, 6.22165060043, 3.87732839584, 2.16328787804, 0.68108856678, 0.202387645841, 0.0356686003506, 0.00409620488063, 0.000108469888801], "dmean2": [0.517221271992, 4.11572313309, 6.04417991638, 6.86410331726, 9.26031398773, 11.0016908646, 13.9829216003, 16.249578476, 17.2215747833, 18.8573303223, 20.8730945587, 22.0795249939, 21.694272995, 28.2313518524, 32.5041503906, 35.8099479675, 42.5386734009, 53.7055587769, 55.8767204285, 62.1948204041, 50.0494232178, 44.9043693542, 35.9957618713, 28.2116165161, 28.1546154022, 21.2305870056, 20.589805603, 20.0199985504, 20.7134971619, 18.2250938416, 17.614068985, 11.8267583847, 9.84268283844, 6.12584400177, 3.26487708092, 1.08960330486, 0.337931364775, 0.0614516288042, 0.00725337630138, 0.000184719261597], "max": [4.36734628677, 46.3533592224, 66.2684707642, 96.6425323486, 141.812057495, 138.319488525, 185.595321655, 282.977203369, 285.990600586, 406.719299316, 242.736297607, 468.43157959, 623.858093262, 679.902160645, 788.378417969, 612.714355469, 683.707946777, 983.059265137, 518.503356934, 566.03729248, 564.661621094, 597.903076172, 500.999298096, 300.846496582, 307.433288574, 177.607681274, 159.515487671, 156.537399292, 157.539047241, 164.36541748, 143.233917236, 103.335372925, 77.8077926636, 56.9189949036, 30.7575416565, 7.76426315308, 2.17170572281, 0.282559782267, 0.0346120707691, 0.00081880291691], "dvar": [0.284848630428, 27.9740829468, 62.534034729, 101.318183899, 157.914123535, 190.336257935, 298.872741699, 318.601074219, 303.702087402, 354.289916992, 352.478057861, 443.362792969, 421.312591553, 901.632568359, 997.897583008, 935.30847168, 1363.08056641, 2143.54443359, 1947.94421387, 2758.70410156, 1801.07055664, 1508.46643066, 1126.35449219, 527.01739502, 684.804321289, 283.374694824, 275.138061523, 267.501281738, 270.411010742, 218.896362305, 281.557495117, 134.772613525, 109.636642456, 45.054019928, 15.2782011032, 1.07093548775, 0.0914103835821, 0.00281238509342, 4.17137089244e-05, 2.10103205944e-08], "mean": [0.563590168953, 4.52030229568, 7.04967355728, 6.01702260971, 5.91619539261, 6.45078992844, 10.1016178131, 14.5651378632, 14.2689733505, 16.5514526367, 16.5740623474, 22.6029109955, 22.6219577789, 29.4617328644, 32.0965614319, 32.0464057922, 36.7248725891, 42.4519577026, 41.3929748535, 42.7006416321, 36.3649253845, 33.0743713379, 24.7855834961, 20.7196559906, 18.6972007751, 15.0783205032, 13.7611589432, 12.6842346191, 13.4961137772, 11.8570785522, 12.3505764008, 9.72232341766, 6.86803388596, 4.36495065689, 2.27639651299, 0.69521677494, 0.176482111216, 0.026879247278, 0.00284705427475, 0.000118865966215], "dvar2": [0.750035047531, 66.7768936157, 110.447380066, 195.681030273, 406.02142334, 542.038330078, 830.882995605, 811.866760254, 775.30859375, 833.786376953, 898.103027344, 922.82208252, 867.758361816, 2021.34790039, 2137.16967773, 2168.15600586, 3239.37548828, 5255.96728516, 4882.9140625, 7289.52197266, 4790.70654297, 3953.23461914, 3016.87866211, 1335.35351562, 1844.62927246, 726.700805664, 694.74432373, 685.14630127, 692.37878418, 561.151184082, 660.903808594, 297.062652588, 243.976287842, 97.8003234863, 33.8411216736, 2.57437491417, 0.230054065585, 0.00717871310189, 0.000108785272459, 5.52732259962e-08], "min": [6.55392506303e-22, 6.43808120513e-21, 6.72751364017e-21, 1.44125300368e-20, 4.08953700449e-20, 1.59997836498e-19, 3.51645774582e-19, 2.49642359236e-19, 3.0851541422e-19, 6.87017442695e-19, 7.35705500345e-19, 2.23572754105e-18, 3.42089145e-18, 1.49428564656e-18, 3.60868419651e-18, 1.9597672674e-18, 3.48880628701e-18, 3.68208654971e-18, 3.94296111694e-18, 4.44990744074e-18, 6.14602598393e-18, 9.46147630766e-18, 1.0145709357e-17, 1.91403406434e-17, 1.68860600616e-17, 2.15695980489e-17, 1.68198525253e-17, 2.06670877523e-17, 1.90475111263e-17, 1.83916511992e-17, 1.81336767272e-17, 1.46614818812e-17, 1.33956870945e-17, 1.03105722434e-17, 1.04802733091e-17, 6.10915937121e-18, 3.69909875978e-18, 1.06381620289e-18, 3.45015896123e-19, 3.97929256965e-20], "var": [0.586988449097, 54.7566337585, 140.183197021, 142.436462402, 139.048248291, 143.910217285, 278.117553711, 488.202728271, 468.728179932, 609.64831543, 462.240234375, 972.924682617, 995.445068359, 2034.93591309, 2125.57104492, 1832.265625, 2388.21826172, 3414.90161133, 2598.25073242, 3192.79736328, 2041.88439941, 1913.57531738, 1183.30444336, 701.25, 657.464111328, 347.461914062, 320.810943604, 284.938232422, 304.89630127, 239.916091919, 334.703643799, 206.52507019, 137.342605591, 61.5185699463, 20.5346870422, 1.30350589752, 0.085919380188, 0.00227248598821, 3.04536570184e-05, 1.89624280722e-08], "median": [0.159561783075, 1.51203274727, 2.14160752296, 1.87976861, 1.90046977997, 2.414894104, 3.92636585236, 6.64446163177, 6.37659454346, 7.85347795486, 9.04697990417, 12.3768634796, 12.7648925781, 14.4867515564, 17.2299575806, 17.4383563995, 20.68957901, 23.0268287659, 23.3005065918, 22.7799854279, 20.7276573181, 16.8205776215, 12.2251901627, 10.5937633514, 8.89966392517, 7.77737474442, 6.56183242798, 5.79833555222, 6.71349716187, 6.22700214386, 5.79659700394, 4.38976192474, 2.46869206429, 1.28074097633, 0.519841551781, 0.179171621799, 0.0473550260067, 0.005577607546, 0.000454951659776, 7.28281447664e-05]}, "spectral_energy": {"dmean": 0.0180555656552, "dmean2": 0.0280341096222, "max": 0.203734084964, "dvar": 0.000422588695074, "mean": 0.043536528945, "dvar2": 0.00116308347788, "min": 1.06580590184e-20, "var": 0.00121339038014, "median": 0.0397307276726}, "zerocrossingrate": {"dmean": 0.0192817244679, "dmean2": 0.023404436186, "max": 0.51513671875, "dvar": 0.000348362780642, "mean": 0.073490768671, "dvar2": 0.000428928615293, "min": 0.00244140625, "var": 0.00286682066508, "median": 0.06494140625}, "spectral_energyband_high": {"dmean": 0.00192357797641, "dmean2": 0.00304978759959, "max": 0.01820150204, "dvar": 6.60767409499e-06, "mean": 0.00220133317634, "dvar2": 1.57128997671e-05, "min": 7.89452210112e-21, "var": 8.61518674355e-06, "median": 0.00108328403439}, "mfcc": {"cov": [[13909.5214844, -578.225219727, 329.311645508, -219.191223