{"tonal": {"chords_key": "E", "hpcp_entropy": {"dmean": 0.436721354723, "dmean2": 0.719506204128, "max": 4.38319349289, "dvar": 0.176609039307, "mean": 1.78061616421, "dvar2": 0.457924067974, "min": 0, "var": 0.558966219425, "median": 1.81052494049}, "key_key": "E", "chords_strength": {"dmean": 0.00787823181599, "dmean2": 0.00515330815688, "max": 0.74433273077, "dvar": 0.000288763432764, "mean": 0.460925847292, "dvar2": 0.000520596804563, "min": -1, "var": 0.035990729928, "median": 0.479880273342}, "key_scale": "major", "chords_number_rate": 0.00144851196092, "thpcp": [1, 0.520207583904, 0.229951202869, 0.253715842962, 0.151125192642, 0.083710283041, 0.0810028538108, 0.0656097829342, 0.349630028009, 0.75231808424, 0.480651974678, 0.0680372044444, 0.0294993445277, 0.0315138734877, 0.178447186947, 0.297577798367, 0.166467264295, 0.0545839034021, 0.0496463924646, 0.0760137662292, 0.258764594793, 0.41628831625, 0.399991124868, 0.717759847641, 0.958940088749, 0.529455959797, 0.144755557179, 0.0743470191956, 0.0864013805985, 0.425538420677, 0.892615556717, 0.589528620243, 0.0834977254272, 0.0357842072845, 0.106111966074, 0.655510783195], "key_strength": 0.796712994576, "tuning_nontempered_energy_ratio": 0.670601248741, "tuning_frequency": 441.782684326, "chords_changes_rate": 0.0506979189813, "tuning_diatonic_strength": 0.532631576061, "chords_scale": "major", "chords_histogram": [26.7579669952, 13.7345275879, 13.4579935074, 1.13247299194, 2.85751914978, 0, 0.500395059586, 0.158019483089, 3.00237035751, 0.342375546694, 0.184356063604, 0, 0, 0.566236495972, 0, 1.34316563606, 0.144851192832, 0.816434025764, 0.302870690823, 0.618909657001, 2.27811431885, 8.54622077942, 4.42454576492, 18.8306560516], "tuning_equal_tempered_deviation": 0.0675628706813, "hpcp": {"dmean": [0.0468399450183, 0.0465746149421, 0.0342493616045, 0.0270465388894, 0.0243100710213, 0.047812320292, 0.058700170368, 0.0540917813778, 0.0254257377237, 0.0118389967829, 0.0120679335669, 0.0223793257028, 0.020959738642, 0.0245120637119, 0.0165004469454, 0.016986945644, 0.024318607524, 0.0482679791749, 0.0670267045498, 0.0977878123522, 0.141482725739, 0.0956468358636, 0.114988200366, 0.0691642463207, 0.0378103777766, 0.0348120890558, 0.0646915957332, 0.0504435002804, 0.0567866526544, 0.0255995690823, 0.0151172718033, 0.0305497199297, 0.0769191905856, 0.0735221356153, 0.0781926438212, 0.0532593913376], "dmean2": [0.0799048617482, 0.0817490518093, 0.0634405091405, 0.0485489293933, 0.0439585037529, 0.079146258533, 0.0931601077318, 0.0890602990985, 0.0466525442898, 0.0220118965954, 0.021751107648, 0.0383956469595, 0.0347223542631, 0.0418524295092, 0.0285905394703, 0.0301013663411, 0.0429879426956, 0.0786849707365, 0.107958495617, 0.17010307312, 0.246392816305, 0.156737297773, 0.199690759182, 0.128363534808, 0.0708630159497, 0.0631040632725, 0.107923723757, 0.0828571766615, 0.094591230154, 0.0456407181919, 0.0281085465103, 0.0546226128936, 0.124144487083, 0.118149369955, 0.135536953807, 0.0934497416019], "max": [1, 1, 1, 1, 1, 1, 1, 1, 1, 1, 1, 1, 1, 1, 1, 1, 1, 1, 1, 1, 1, 1, 1, 1, 1, 1, 1, 1, 1, 1, 1, 1, 1, 1, 1, 1], "dvar": [0.0175486598164, 0.0196081623435, 0.0144496299326, 0.00992629956454, 0.00844931136817, 0.0100425863639, 0.0153743028641, 0.0119273075834, 0.00597634073347, 0.00398951768875, 0.00452504353598, 0.00627025356516, 0.00809130258858, 0.00682811113074, 0.00545976264402, 0.006273124367, 0.00903828907758, 0.0131445834413, 0.0198800936341, 0.026489412412, 0.0440816432238, 0.0289663840085, 0.0355332158506, 0.0262612681836, 0.0175317376852, 0.0138600356877, 0.0169795397669, 0.0165248923004, 0.0124316327274, 0.0058957724832, 0.00587062723935, 0.00913927331567, 0.0177529025823, 0.0232638642192, 0.0217447075993, 0.0181823447347], "mean": [0.0823775455356, 0.0490679778159, 0.0271794144064, 0.0263003539294, 0.0213024653494, 0.113519378006, 0.24426586926, 0.156060144305, 0.0220906119794, 0.00957797374576, 0.010232059285, 0.0579390004277, 0.0966188386083, 0.0540493056178, 0.0177225358784, 0.0161194037646, 0.0246804766357, 0.0840167999268, 0.13516227901, 0.129870831966, 0.233045339584, 0.311352789402, 0.171906024218, 0.0469998568296, 0.024139309302, 0.0280531700701, 0.138165637851, 0.289818257093, 0.191410675645, 0.0271103996783, 0.0116185694933, 0.0344528891146, 0.212834060192, 0.324684292078, 0.168903231621, 0.0746615454555], "dvar2": [0.0477385520935, 0.0553095266223, 0.0414612144232, 0.0279785413295, 0.0237168818712, 0.0272779427469, 0.0363422855735, 0.0321567542851, 0.017507860437, 0.0114153549075, 0.0127745950595, 0.0161525830626, 0.0174711719155, 0.0182788837701, 0.0145596098155, 0.0178155656904, 0.0239826962352, 0.0318043939769, 0.0454262644053, 0.0722913220525, 0.130545467138, 0.0683139190078, 0.106526225805, 0.0739174410701, 0.0482210814953, 0.0390903539956, 0.0423900261521, 0.0355957709253, 0.0305071119219, 0.0166297852993, 0.0169171914458, 0.0253921151161, 0.0430624336004, 0.0510709248483, 0.0594329014421, 0.0508678667247], "min": [0, 0, 0, 0, 0, 0, 0, 0, 0, 0, 0, 0, 0, 0, 0, 0, 0, 0, 0, 0, 0, 0, 0, 0, 0, 0, 0, 0, 0, 0, 0, 0, 0, 0, 0, 0], "var": [0.0427633337677, 0.0194788835943, 0.00906734354794, 0.0073590525426, 0.00622668070719, 0.0292935669422, 0.118173696101, 0.0539937578142, 0.00429028924555, 0.00309662730433, 0.00384425674565, 0.0256323125213, 0.0701567828655, 0.0188515596092, 0.00490378309041, 0.00530693912879, 0.0113295661286, 0.0355895869434, 0.0666423216462, 0.048259396106, 0.0887757241726, 0.146362259984, 0.0604605637491, 0.0193939208984, 0.0117577817291, 0.0101504344493, 0.0446604155004, 0.167656108737, 0.0966340303421, 0.00524355890229, 0.00396599248052, 0.00853779911995, 0.0749601870775, 0.158006504178, 0.0582483373582, 0.0362701117992], "median": [0.00207948498428, 0.00262533733621, 0.00298836454749, 0.00152255687863, 0.00118563708384, 0.0270232148468, 0.0492200143635, 0.0279914215207, 0.002074329881, 0.00058006006293, 0.000876082631294, 0.00311488751322, 0.00487524503842, 0.00397602841258, 0.0013636337826, 0.000831849407405, 0.000865275738761, 0.00513418018818, 0.00973299145699, 0.0248770359904, 0.0686172321439, 0.0817833393812, 0.0302488002926, 0.00100796902552, 0.000424258701969, 0.00111794180702, 0.0213051475585, 0.0315697938204, 0.0137951560318, 0.00251916470006, 0.000599547056481, 0.00362259894609, 0.0723211839795, 0.0959492921829, 0.0409558303654, 0.00612913165241]}}, "lowlevel": {"melbands_flatness_db": {"dmean": 0.0187332816422, "dmean2": 0.0275312364101, "max": 0.761705577374, "dvar": 0.000485404161736, "mean": 0.384338796139, "dvar2": 0.000970894412603, "min": 0.003164984053, "var": 0.0208505317569, "median": 0.368400365114}, "melbands_crest": {"dmean": 2.05560112, "dmean2": 3.3482067585, "max": 33.5418395996, "dvar": 5.63226175308, "mean": 18.6634407043, "dvar2": 15.6839904785, "min": 1.64556777477, "var": 42.5383415222, "median": 18.3737430573}, "spectral_entropy": {"dmean": 0.159775182605, "dmean2": 0.236659616232, "max": 9.79591369629, "dvar": 0.0380389466882, "mean": 6.27287435532, "dvar2": 0.0751023441553, "min": 3.88286685944, "var": 0.956119000912, "median": 6.35961914062}, "melbands": {"dmean": [0.000265175214736, 0.000927441869862, 0.000711711531039, 0.000324924854795, 0.000342513201758, 0.000344959116774, 0.000140838630614, 5.92967917328e-05, 1.34638630698e-05, 1.30530206661e-05, 7.67465644458e-06, 5.80796904615e-06, 5.02455259266e-06, 1.5940566982e-06, 4.53042639492e-06, 2.65247172138e-06, 4.01499301006e-06, 4.55568533653e-06, 5.65899699723e-06, 2.83230542664e-06, 5.26029225512e-06, 4.97141490996e-06, 2.44863826993e-06, 9.43087229643e-07, 1.49909919855e-06, 1.63367667483e-06, 1.02218234588e-06, 6.64236722514e-07, 1.15296268177e-06, 1.29337740873e-06, 9.14580709832e-07, 6.10409074397e-07, 3.30669593041e-07, 1.40633474643e-07, 1.46222632225e-07, 1.84023434713e-07, 1.66384054978e-07, 1.70578459802e-07, 2.16814996179e-07, 2.08008671621e-07], "dmean2": [0.000423340447014, 0.00145702809095, 0.00109748262912, 0.000497797795106, 0.000597542151809, 0.0005780182546, 0.000200577167561, 7.82819188316e-05, 1.74686829268e-05, 1.70448620338e-05, 1.10340015453e-05, 7.60466036809e-06, 6.50217452858e-06, 2.49081654147e-06, 6.99032625562e-06, 4.08735058954e-06, 6.04109300184e-06, 6.92651519785e-06, 8.64487719809e-06, 4.25818416261e-06, 7.97589291324e-06, 7.78051162342e-06, 3.80406186196e-06, 1.41955968047e-06, 2.26827751248e-06, 2.48981109507e-06, 1.55867883223e-06, 1.06369589048e-06, 1.73627631739e-06, 1.95944608095e-06, 1.47277557971e-06, 9.60652755566e-07, 5.164708341e-07, 2.15489208699e-07, 2.12531588772e-07, 2.76115230236e-07, 2.50955679348e-07, 2.36552651245e-07, 3.16660049293e-07, 2.84314523924e-07], "max": [0.00979487132281, 0.0251269340515, 0.0283776782453, 0.0141888028011, 0.0131031218916, 0.0174641571939, 0.0155162718147, 0.00633530272171, 0.0016196310753, 0.000958324235398, 0.000704292790033, 0.000976614421234, 0.000948655942921, 0.000368688197341, 0.000407586223446, 0.000197992572794, 0.000263416790403, 0.000242420268478, 0.00043592826114, 0.000283095170744, 0.000477971800137, 0.00053366064094, 0.000218356814003, 0.000101241981611, 8.96195851965e-05, 0.000128061627038, 0.000281504529994, 0.000203926290851, 0.000505742325913, 0.000467081932584, 0.000276878534351, 0.000209778227145, 9.95179798338e-05, 2.35329371208e-05, 2.37583535636e-05, 2.04892294278e-05, 1.51569947775e-05, 1.50942714754e-05, 1.65137698787e-05, 1.59816318046e-05], "dvar": [2.06030549066e-07, 2.67890936811e-06, 2.23505867325e-06, 5.39639131603e-07, 4.942858709e-07, 4.76667224802e-07, 1.23970778532e-07, 2.54858516513e-08, 1.22816889991e-09, 1.01998687274e-09, 6.50445364236e-10, 4.74441375076e-10, 3.26295768183e-10, 2.84566346181e-11, 2.23546306466e-10, 6.59138923997e-11, 8.38933575387e-11, 1.24522808731e-10, 2.77568551477e-10, 6.20578588517e-11, 2.81633188992e-10, 2.3089409551e-10, 7.60091364849e-11, 9.02215888804e-12, 1.81632018453e-11, 2.69709341666e-11, 2.22536572503e-11, 1.84736878572e-11, 7.78086692299e-11, 7.87293563675e-11, 3.79196118949e-11, 1.1257101154e-11, 4.08938855001e-12, 3.71023199143e-13, 3.17939549471e-13, 3.03658709505e-13, 2.56399122853e-13, 3.13303392561e-13, 4.50334187259e-13, 4.44571761132e-13], "mean": [0.00085696647875, 0.00335102481768, 0.00179068918806, 0.000864268105943, 0.000764195690863, 0.000805045652669, 0.000516742991749, 0.000192961408175, 3.87279251299e-05, 3.54520743713e-05, 2.06746590266e-05, 1.54076515173e-05, 1.22397113955e-05, 3.66918993677e-06, 8.3391660155e-06, 5.36859852218e-06, 1.02179837995e-05, 1.04084765553e-05, 1.08235317384e-05, 7.58126634537e-06, 1.4011341591e-05, 1.07609994302e-05, 5.02241800859e-06, 2.09823042496e-06, 3.29215458805e-06, 3.75154581889e-06, 1.96274345399e-06, 1.12969848942e-06, 2.19047433347e-06, 2.33901596403e-06, 1.58841783104e-06, 1.1026958191e-06, 5.90827198721e-07, 2.87017343226e-07, 3.15936517836e-07, 4.03175022257e-07, 3.71473106497e-07, 4.24759718953e-07, 4.98019403494e-07, 4.65751043066e-07], "dvar2": [5.13927432166e-07, 7.17249668014e-06, 5.5589657677e-06, 1.34568244903e-06, 1.60897616297e-06, 1.4402777424e-06, 2.47756219096e-07, 4.37026628219e-08, 1.9576407162e-09, 1.80036474617e-09, 1.32984978585e-09, 7.61723351062e-10, 4.96360230695e-10, 6.37714117624e-11, 5.04057517947e-10, 1.497692248e-10, 1.92942176125e-10, 2.91416613063e-10, 6.49721221269e-10, 1.3816690847e-10, 6.32779384446e-10, 5.761869315e-10, 1.7541015862e-10, 1.95599422076e-11, 4.2899541558e-11, 6.036281891e-11, 5.03896438464e-11, 4.82342915609e-11, 1.99801106215e-10, 1.75395822866e-10, 9.65314217449e-11, 2.70900038513e-11, 9.79056852951e-12, 8.51815634088e-13, 6.30679753214e-13, 6.61594422909e-13, 5.57074135085e-13, 6.34312589433e-13, 9.35222927746e-13, 8.12760774481e-13], "min": [1.38405046287e-23, 1.29458764087e-23, 5.50079887845e-24, 4.02699608163e-24, 7.27631257252e-24, 1.65627468612e-23, 9.96339764106e-24, 1.83464418317e-23, 1.72049159256e-23, 1.29163674888e-23, 3.1434655569e-24, 1.18676463351e-23, 1.09827676471e-23, 5.76454387249e-24, 5.36132511496e-24, 7.84348541957e-24, 1.28002234978e-23, 1.34755901957e-23, 1.18164563621e-23, 1.01787661345e-23, 1.48711198469e-23, 1.28208845537e-23, 1.1446999668e-23, 1.25000500904e-23, 1.19825068495e-23, 7.13003882803e-24, 7.64855946761e-24, 9.3926835974e-24, 9.46793777232e-24, 1.20342632246e-23, 1.24520644704e-23, 1.06454357357e-23, 8.9635061885e-24, 7.65280432814e-24, 1.46911301873e-23, 1.25316865682e-23, 9.93257447891e-24, 9.78651136028e-24, 1.31877648281e-23, 8.40267893857e-24], "var": [9.60171860243e-07, 1.01514251583e-05, 5.05706930198e-06, 1.68047665738e-06, 1.2959187643e-06, 1.73368039214e-06, 1.25590736388e-06, 2.39025155224e-07, 7.26757143354e-09, 5.30728971881e-09, 3.02325431356e-09, 2.37520403346e-09, 1.43248501949e-09, 1.5831241873e-10, 5.24711329941e-10, 1.71587646869e-10, 3.29223648343e-10, 4.01485400481e-10, 6.76246503239e-10, 3.22327942115e-10, 1.49339063338e-09, 6.59765242439e-10, 1.59881261008e-10, 2.91134061303e-11, 5.36865378542e-11, 8.9175528073e-11, 3.90004278872e-11, 2.12736148142e-11, 1.38973207942e-10, 1.49760037704e-10, 6.85307921522e-11, 2.48801864527e-11, 7.1842202326e-12, 9.0681851134e-13, 8.90801972117e-13, 9.23855718489e-13, 7.70812125066e-13, 1.0269848123e-12, 1.45165194969e-12, 1.40085740317e-12], "median": [0.000540415057912, 0.00252052536234, 0.000972241105046, 0.000360016827472, 0.000295725360047, 0.000264766684268, 9.48502929532e-05, 1.81907562364e-05, 4.94852247357e-06, 5.96028576183e-06, 2.17603314923e-06, 1.27244891246e-06, 4.7435960937e-07, 3.09346290805e-07, 2.54586353776e-07, 3.32942192927e-07, 2.36056052927e-06, 1.98542829821e-06, 1.09052825792e-06, 7.22555796528e-07, 9.06000479972e-07, 9.75321199803e-07, 6.57129476167e-07, 2.47250937946e-07, 2.23345836048e-07, 1.94844972157e-07, 1.13970713755e-07, 9.08389736765e-08, 8.85075834844e-08, 8.55370956288e-08, 4.1655393801e-08, 2.90440382855e-08, 2.24196199383e-08, 1.29483561651e-08, 1.18088312462e-08, 1.13756231102e-08, 1.20177769958e-08, 1.39882327943e-08, 1.43474023773e-08, 2.27983125711e-08]}, "silence_rate_60dB": {"dmean": 0.0125115234405, "dmean2": 0.0250246953219, "max": 1, "dvar": 0.0123540498316, "mean": 0.106933563948, "dvar2": 0.0262498091906, "min": 0, "var": 0.0955048874021, "median": 0}, "spectral_energyband_middle_high": {"dmean": 0.000260711560259, "dmean2": 0.000360825913958, "max": 0.0184809118509, "dvar": 3.60594441418e-07, "mean": 0.00104881392326, "dvar2": 6.57854513975e-07, "min": 1.56872854369e-21, "var": 3.33308571498e-06, "median": 0.00023674822296}, "erbbands_skewness": {"dmean": 0.344560831785, "dmean2": 0.523339927197, "max": 9.00524806976, "dvar": 0.156472802162, "mean": 1.4754576683, "dvar2": 0.326687842607, "min": -6.69862985611, "var": 1.58020818233, "median": 1.35342919827}, "dynamic_complexity": 4.88982582092, "dissonance": {"dmean": 0.0229390859604, "dmean2": 0.0382333174348, "max": 0.499999970198, "dvar": 0.000557330087759, "mean": 0.415944874287, "dvar2": 0.0015130128013, "min": 0.118346072733, "var": 0.00354212103412, "median": 0.4315957129}, "spectral_skewness": {"dmean": 0.403150945902, "dmean2": 0.660904228687, "max": 9.30818843842, "dvar": 0.235853120685, "mean": 2.99629044533, "dvar2": 0.642192602158, "min": -0.451111108065, "var": 2.96266770363, "median": 2.4415037632}, "spectral_kurtosis": {"dmean": 4.90850496292, "dmean2": 8.26471233368, "max": 121.495681763, "dvar": 51.5586547852, "mean": 18.1855983734, "dvar2": 146.163116455, "min": -1.24296963215, "var": 422.5675354, "median": 8.67990875244}, "gfcc": {"cov": [[27532.8574219, 113.785209656, -3244.10302734, 1080.22473145, -2397.17138672, 674.432861328, -1639.65063477, 548.364746094, -894.428344727, 155.123764038, -277.112854004, -301.703582764, 261.509490967], [113.785209656, 2605.3112793, 60.3428192139, -191.13331604, 867.829101562, -424.434509277, -67.4028549194, -75.6450500488, 266.574554443, -228.042617798, 208.019592285, -165.886230469, 33.5215530396], [-3244.10302734, 60.3428192139, 1613.75866699, 145.337860107, 185.586166382, 170.673171997, 394.15423584, -147.000259399, 105.744636536, 90.4091415405, -69.0360794067, 26.2196025848, -131.093063354], [1080.22473145, -191.13331604, 145.337860107, 682.725585938, -165.789474487, 117.430633545, 60.5908126831, -115.633285522, -38.2678947449, 48.3623428345, -105.794380188, -52.1778450012, 13.0903167725], [-2397.17138672, 867.829101562, 185.586166382, -165.789474487, 1059.11010742, -264.432128906, 81.8837203979, -36.7940177917, 155.968215942, -194.670349121, 128.725967407, -6.48413515091, -24.9423046112], [674.432861328, -424.434509277, 170.673171997, 117.430633545, -264.432128906, 421.363250732, 9.84585189819, 53.6966781616, -68.3355331421, 29.891046524, 14.3036289215, 17.4301319122, -2.896017313], [-1639.65063477, -67.4028549194, 394.15423584, 60.5908126831, 81.8837203979, 9.84585189819, 363.605651855, -59.3980751038, 63.7698440552, 60.9884757996, -37.7325363159, 47.4712371826, -8.8134469986], [548.364746094, -75.6450500488, -147.000259399, -115.633285522, -36.7940177917, 53.6966781616, -59.3980751038, 232.136734009, 12.2707004547, -16.7842502594, 72.0110321045, 20.0182952881, 35.3032073975], [-894.428344727, 266.574554443, 105.744636536, -38.2678947449, 155.968215942, -68.3355331421, 63.7698440552, 12.2707004547, 188.953964233, 11.8306865692, 49.4268074036, -17.2793903351, 5.53828811646], [155.123764038, -228.042617798, 90.4091415405, 48.3623428345, -194.670349121, 29.891046524, 60.9884757996, -16.7842502594, 11.8306865692, 163.676895142, -61.1610374451, 11.2259368896, -12.5264444351], [-277.112854004, 208.019592285, -69.0360794067, -105.794380188, 128.725967407, 14.3036289215, -37.7325363159, 72.0110321045, 49.4268074036, -61.1610374451, 192.273666382, 3.60167741776, 9.62766551971], [-301.703582764, -165.886230469, 26.2196025848, -52.1778450012, -6.48413515091, 17.4301319122, 47.4712371826, 20.0182952881, -17.2793903351, 11.2259368896, 3.60167741776, 112.134742737, 21.1470527649], [261.509490967, 33.5215530396, -131.093063354, 13.0903167725, -24.9423046112, -2.896017313, -8.8134469986, 35.3032073975, 5.53828811646, -12.5264444351, 9.62766551971, 21.1470527649, 98.5710296631]], "mean": [-131.434753418, 132.625015259, -61.5749282837, 39.260383606, -36.4766311646, -7.44370555878, -53.3952026367, 3.15877437592, -16.6871681213, 4.0581278801, -14.5327672958, -9.43568897247, -5.2098865509], "icov": [[0.000131534703542, -0.000220578076551, 0.000209026809898, -0.000250701152254, 0.000171700288774, -0.000217838212848, 0.000297971244436, -0.000359832076356, 0.000404912483646, -0.000290601426968, 0.00025685748551, -0.00010441543418, 0.000167532038176], [-0.000220578076551, 0.0011530664051, -0.000523194728885, 0.000525916810147, -0.000591039948631, 0.000827317533549, -0.000269279698841, 0.000942925573327, -0.00111632968765, 0.000852859811857, -0.000947476248257, 0.00123537646141, -0.00106101378333], [0.000209026809898, -0.000523194728885, 0.0015098748263, -0.000480420916574, 6.91501845722e-05, -0.00115459831432, -0.00045430456521, -0.000322231877362, 0.000198112946237, -0.000709433574229, 0.000865915208124, -0.000601090607233, 0.00169666786678], [-0.000250701152254, 0.000525916810147, -0.000480420916574, 0.00250124442391, -0.000287350092549, -0.000166876721778, -0.000785274081863, 0.00162801158149, -0.000691834429745, 0.000515283900313, 9.99751428026e-05, 0.00154328346252, -0.00145223573782], [0.000171700288774, -0.000591039948631, 6.91501845722e-05, -0.000287350092549, 0.00229111942463, 0.000541055866051, -8.50097858347e-05, -0.000398514588596, -0.000290539872367, 0.00180636218283, -7.51117913751e-05, -0.000825446855742, 0.00103666936047], [-0.000217838212848, 0.000827317533549, -0.00115459831432, -0.000166876721778, 0.000541055866051, 0.00446562888101, -0.000368732144125, -0.000311295560095, 0.000260103290202, 0.00110856536776, -0.00205663358793, 0.000496590102557, -0.000649571244139], [0.000297971244436, -0.000269279698841, -0.00045430456521, -0.000785274081863, -8.50097858347e-05, -0.000368732144125, 0.0053155911155, -0.00018002789875, -0.000221941489144, -0.00178919581231, 0.0008723771316, -0.00179012981243, -0.000607504567597], [-0.000359832076356, 0.000942925573327, -0.000322231877362, 0.00162801158149, -0.000398514588596, -0.000311295560095, -0.00018002789875, 0.00725976796821, -0.00208401796408, 0.000845776870847, -0.0023050729651, 0.000171710024006, -0.00232406775467], [0.000404912483646, -0.00111632968765, 0.000198112946237, -0.000691834429745, -0.000290539872367, 0.000260103290202, -0.000221941489144, -0.00208401796408, 0.00982502941042, -0.00374547136016, -0.00130681996234, 0.00158265349455, -0.000918473990168], [-0.000290601426968, 0.000852859811857, -0.000709433574229, 0.000515283900313, 0.00180636218283, 0.00110856536776, -0.00178919581231, 0.000845776870847, -0.00374547136016, 0.0113804815337, 0.00126332230866, -0.000549296149984, 0.0011468892917], [0.00025685748551, -0.000947476248257, 0.000865915208124, 9.99751428026e-05, -7.51117913751e-05, -0.00205663358793, 0.0008723771316, -0.0023050729651, -0.00130681996234, 0.00126332230866, 0.00890008080751, -0.00136026286054, 0.00125973741524], [-0.00010441543418, 0.00123537646141, -0.000601090607233, 0.00154328346252, -0.000825446855742, 0.000496590102557, -0.00179012981243, 0.000171710024006, 0.00158265349455, -0.000549296149984, -0.00136026286054, 0.0130975432694, -0.00439906865358], [0.000167532038176, -0.00106101378333, 0.00169666786678, -0.00145223573782, 0.00103666936047, -0.000649571244139, -0.000607504567597, -0.00232406775467, -0.000918473990168, 0.0011468892917, 0.00125973741524, -0.00439906865358, 0.0145499957725]]}, "spectral_complexity": {"dmean": 1.21612012386, "dmean2": 1.93888700008, "max": 38, "dvar": 3.04355549812, "mean": 8.56752490997, "dvar2": 6.12617063522, "min": 0, "var": 45.8195571899, "median": 6}, "spectral_flux": {"dmean": 0.0147467721254, "dmean2": 0.023799424991, "max": 0.298956483603, "dvar": 0.000406360719353, "mean": 0.0442411564291, "dvar2": 0.000996667309664, "min": 1.03315009325e-10, "var": 0.0015094182454, "median": 0.0317367836833}, "spectral_energyband_low": {"dmean": 0.00368740456179, "dmean2": 0.00575218815356, "max": 0.092643558979, "dvar": 3.40329461324e-05, "mean": 0.0134012140334, "dvar2": 8.98054204299e-05, "min": 8.71136131519e-23, "var": 0.000128828702145, "median": 0.0107091553509}, "spectral_decrease": {"dmean": 1.56119939199e-09, "dmean2": 2.42476616563e-09, "max": 3.00980690541e-16, "dvar": 5.9095908815e-18, "mean": -6.96011914769e-09, "dvar2": 1.52039634705e-17, "min": -4.37069118675e-08, "var": 3.31718914009e-17, "median": -5.55320101014e-09}, "barkbands_spread": {"dmean": 2.10051655769, "dmean2": 3.24984097481, "max": 148.635894775, "dvar": 18.5929489136, "mean": 7.93825960159, "dvar2": 38.7096061707, "min": 0.272305369377, "var": 89.9869232178, "median": 5.26322031021}, "spectral_rms": {"dmean": 0.000521573994774, "dmean2": 0.000786301621702, "max": 0.0128905903548, "dvar": 4.60170241467e-07, "mean": 0.00462157092988, "dvar2": 1.09895177047e-06, "min": 3.22701869566e-12, "var": 5.11237976752e-06, "median": 0.00458408612758}, "spectral_centroid": {"dmean": 91.8295822144, "dmean2": 140.694946289, "max": 10969.1767578, "dvar": 34712.4492188, "mean": 574.338989258, "dvar2": 63112.3125, "min": 99.2449645996, "var": 367909.25, "median": 424.062744141}, "barkbands_skewness": {"dmean": 0.489292055368, "dmean2": 0.757667422295, "max": 14.6860733032, "dvar": 0.317598611116, "mean": 2.97928118706, "dvar2": 0.737644612789, "min": -10.1960115433, "var": 4.15434360504, "median": 2.87448692322}, "spectral_rolloff": {"dmean": 97.3412399292, "dmean2": 174.682235718, "max": 19121.484375, "dvar": 199346.453125, "mean": 687.475891113, "dvar2": 475774.125, "min": 86.1328125, "var": 5361518.5, "median": 322.998046875}, "erbbands_spread": {"dmean": 6.24004840851, "dmean2": 9.23949718475, "max": 198.516571045, "dvar": 81.8459777832, "mean": 35.7361869812, "dvar2": 166.842575073, "min": 1.40660142899, "var": 627.25769043, "median": 32.438949585}, "barkbands": {"dmean": [7.28635905034e-06, 0.00154811318498, 0.00204197177663, 0.00174792320468, 0.00124895153567, 0.00208156113513, 0.000701331417076, 7.45525685488e-05, 0.000112660505692, 3.15357829095e-05, 4.39641517005e-05, 1.66669851751e-05, 4.03487429139e-05, 5.79130901315e-05, 5.60072840017e-05, 5.65505579289e-05, 7.74333529989e-05, 2.13722269109e-05, 4.03156627726e-05, 2.39635755861e-05, 4.65734046884e-05, 2.19048270083e-05, 8.92231764738e-06, 1.24528141896e-05, 2.07541015698e-05, 1.69518061739e-05, 6.80916264173e-06], "dmean2": [1.22680585264e-05, 0.00246784253977, 0.00322291092016, 0.00269907084294, 0.00192216516007, 0.00360832363367, 0.000980667304248, 0.000103093210782, 0.000147230413859, 4.47941747552e-05, 5.61965025554e-05, 2.56559633272e-05, 6.24522654107e-05, 8.76030535437e-05, 8.58290150063e-05, 8.58504063217e-05, 0.000118575480883, 3.21848128806e-05, 6.06907560723e-05, 3.7256450014e-05, 6.9988614996e-05, 3.36725752277e-05, 1.2932878235e-05, 1.71869178303e-05, 2.68250987574e-05, 2.40571353061e-05, 1.13483920359e-05], "max": [0.000937766104471, 0.0477716252208, 0.0511898100376, 0.0674176365137, 0.0524122640491, 0.080266430974, 0.0676620006561, 0.00703924382105, 0.0064578698948, 0.00257146009244, 0.00646373536438, 0.00263010873459, 0.00383137888275, 0.00290184374899, 0.00388861680403, 0.00708043714985, 0.00628727301955, 0.00243281875737, 0.00267146644183, 0.00560750579461, 0.0121893929318, 0.00584451202303, 0.0011027615983, 0.00111343909521, 0.00233498867601, 0.00157277681865, 0.000702098361216], "dvar": [8.42090897013e-10, 7.32361513656e-06, 1.21317671073e-05, 1.61658517754e-05, 7.63854495744e-06, 1.88589856407e-05, 2.56870225712e-06, 3.49671225308e-08, 7.70803652017e-08, 7.71421859724e-09, 2.84228018899e-08, 2.39770003851e-09, 1.99724414784e-08, 1.83803798848e-08, 2.40924009631e-08, 2.62349413305e-08, 4.45546994854e-08, 6.14566530999e-09, 1.46597161077e-08, 1.5107884721e-08, 8.10829945408e-08, 1.19549534716e-08, 9.35721056194e-10, 1.51140444604e-09, 4.70199612579e-09, 5.27686161433e-09, 1.37869815564e-09], "mean": [7.19826766726e-06, 0.00514334253967, 0.00643283920363, 0.00349579914473, 0.00342117156833, 0.00413418188691, 0.00260845618322, 0.000244215800194, 0.000306998816086, 8.52214579936e-05, 0.00010313718667, 3.81137542718e-05, 7.24393830751e-05, 0.000139947180287, 0.000108487649413, 0.000151694213855, 0.000191472761799, 4.5294091251e-05, 9.45388383116e-05, 4.54418004665e-05, 9.26754801185e-05, 4.28761049989e-05, 2.05479245778e-05, 3.44211948686e-05, 4.79776899738e-05, 1.9777478883e-05, 5.08788843945e-06], "dvar2": [2.29429564236e-09, 1.84795135283e-05, 3.38174431818e-05, 4.03256490245e-05, 1.89843285625e-05, 6.06464491284e-05, 5.05330899614e-06, 6.50757741028e-08, 1.3873018645e-07, 1.65252771467e-08, 4.30451514433e-08, 5.40798517079e-09, 4.51758594977e-08, 4.31050146688e-08, 5.67528033457e-08, 5.89402837647e-08, 1.04492293929e-07, 1.3357012385e-08, 3.33204255298e-08, 3.75751483261e-08, 1.80163482355e-07, 2.66272053295e-08, 1.83341541948e-09, 2.86510459802e-09, 7.92134180472e-09, 1.1183186821e-08, 3.39447736586e-09], "min": [1.42167865473e-23, 3.9564697079e-23, 3.05863839713e-23, 5.72297800253e-24, 1.76676333336e-23, 7.4824195234e-23, 4.56352878227e-23, 9.83269490643e-23, 9.07352546351e-23, 4.30388815263e-23, 9.36712497739e-23, 4.88994301654e-23, 6.84028106675e-23, 1.64983871709e-22, 1.24046610298e-22, 1.97094877686e-22, 2.14275473029e-22, 2.42468629719e-22, 2.34402634248e-22, 2.87145192796e-22, 5.17985053517e-22, 4.68469731244e-22, 7.08117040956e-22, 8.8799292786e-22, 1.28397232464e-21, 1.64457086805e-21, 2.38821542739e-21], "var": [6.96131929878e-10, 3.65717278328e-05, 3.49433103111e-05, 3.08821472572e-05, 2.60511624219e-05, 4.79502559756e-05, 2.72131528618e-05, 2.96152506962e-07, 4.00850950655e-07, 3.47942226142e-08, 1.27420449303e-07, 1.22125918267e-08, 4.35486668948e-08, 6.31068886037e-08, 5.98085136971e-08, 1.35240242116e-07, 1.80078259859e-07, 1.42868890052e-08, 4.7989487939e-08, 2.11860804455e-08, 1.90474210626e-07, 3.22629176708e-08, 3.03057579032e-09, 6.11561912223e-09, 1.5910686102e-08, 6.85080925322e-09, 1.09882702937e-09], "median": [1.29293209739e-06, 0.00318144029006, 0.00507096294314, 0.00118083367124, 0.00144985108636, 0.00129155616742, 0.000483797368361, 2.66115021077e-05, 4.69961123599e-05, 9.63402271736e-06, 3.57815224561e-06, 2.96575035463e-06, 2.35458469433e-06, 2.97163733194e-05, 1.27326165966e-05, 1.72511990968e-05, 1.72321724676e-05, 5.60351418244e-06, 5.44454405826e-06, 3.59432669939e-06, 3.2948498756e-06, 1.45212163716e-06, 8.26386667541e-07, 1.17645106457e-06, 2.93554467135e-06, 2.9543454616e-07, 1.6282390547e-08]}, "melbands_kurtosis": {"dmean": 10.4004364014, "dmean2": 15.9398488998, "max": 586.16027832, "dvar": 302.195678711, "mean": 38.8023376465, "dvar2": 683.693054199, "min": -1.94116616249, "var": 1866.09851074, "median": 24.7760238647}, "erbbands_crest": {"dmean": 1.82414197922, "dmean2": 2.82624316216, "max": 32.5131950378, "dvar": 3.61759877205, "mean": 12.5565299988, "dvar2": 8.63244819641, "min": 2.96440815926, "var": 29.6615600586, "median": 11.3492670059}, "melbands_skewness": {"dmean": 0.640684783459, "dmean2": 0.965465188026, "max": 18.42329216, "dvar": 0.595116257668, "mean": 3.94579958916, "dvar2": 1.31238639355, "min": -1.31231677532, "var": 4.89573764801, "median": 3.49278378487}, "spectral_energyband_middle_low": {"dmean": 0.00412897439674, "dmean2": 0.00655783899128, "max": 0.140652403235, "dvar": 5.53656645934e-05, "mean": 0.0142229534686, "dvar2": 0.000146456062794, "min": 3.41133141831e-22, "var": 0.000272215518635, "median": 0.00814679916948}, "spectral_contrast_coeffs": {"dmean": [0.0397878810763, 0.0374232940376, 0.0266354437917, 0.0228171795607, 0.0195696745068, 0.0139895537868], "dmean2": [0.0661981478333, 0.0615716539323, 0.043370898813, 0.0367318838835, 0.0307177305222, 0.0220446903259], "max": [-0.286332905293, -0.322270810604, -0.49871134758, -0.530374109745, -0.533671140671, -0.537096738815], "dvar": [0.00115914002527, 0.0010260293493, 0.000498325971421, 0.000391187029891, 0.000390420609619, 0.000251022953307], "mean": [-0.592216312885, -0.616096556187, -0.773715794086, -0.76301163435, -0.769428133965, -0.805384099483], "dvar2": [0.00317203137092, 0.00272775464691, 0.00124597491231, 0.000935500604101, 0.00083689315943, 0.000514737039339], "min": [-0.95482814312, -0.968742907047, -0.96503174305, -0.961025774479, -0.958248794079, -0.962383449078], "var": [0.00834324583411, 0.00902730692178, 0.00578750576824, 0.00516332453117, 0.00571835786104, 0.00455346889794], "median": [-0.596781075001, -0.612627089024, -0.772777140141, -0.755450487137, -0.764875054359, -0.814369559288]}, "spectral_contrast_valleys": {"dmean": [0.359256148338, 0.298982590437, 0.274138301611, 0.241531327367, 0.215599000454, 0.174961134791], "dmean2": [0.598467230797, 0.491218417883, 0.455263584852, 0.387666165829, 0.328900158405, 0.23925358057], "max": [-5.19416284561, -4.84085226059, -6.29800844193, -6.46356630325, -6.39676237106, -8.09213542938], "dvar": [0.112105771899, 0.0758800432086, 0.0691732689738, 0.0620594657958, 0.0746980905533, 0.068263232708], "mean": [-7.68443393707, -8.1154384613, -9.45792770386, -9.70702266693, -9.70162296295, -11.8374919891], "dvar2": [0.27051576972, 0.183689445257, 0.160479024053, 0.128561854362, 0.144066184759, 0.100832730532], "min": [-27.6188869476, -27.1324043274, -27.1179885864, -27.1750583649, -27.1867389679, -27.2112045288], "var": [3.07546615601, 3.02833151817, 2.43375515938, 2.54241418839, 2.60458898544, 3.0137629509], "median": [-7.33226108551, -8.02711200714, -9.45398426056, -9.67106723785, -9.71887588501, -11.7639694214]}, "silence_rate_20dB": {"dmean": 0, "dmean2": 0, "max": 1, "dvar": 0, "mean": 1, "dvar2": 0, "min": 1, "var": 0, "median": 1}, "silence_rate_30dB": {"dmean": 0.00395100750029, "dmean2": 0.0079025356099, "max": 1, "dvar": 0.0039353473112, "mean": 0.996641874313, "dvar2": 0.0104740187526, "min": 0, "var": 0.0033468818292, "median": 1}, "spectral_strongpeak": {"dmean": 0.202840059996, "dmean2": 0.343219399452, "max": 18.8651351929, "dvar": 0.174962028861, "mean": 0.643295288086, "dvar2": 0.48184505105, "min": 2.473766747e-09, "var": 0.373892426491, "median": 0.470857530832}, "spectral_spread": {"dmean": 479481.5625, "dmean2": 720049.75, "max": 40253732, "dvar": 476958851072, "mean": 4187389.5, "dvar2": 855474962432, "min": 776595.3125, "var": 6333578346500.0, "median": 3952394.75}, "barkbands_flatness_db": {"dmean": 0.0176192224026, "dmean2": 0.0257623940706, "max": 0.626264572144, "dvar": 0.000388049520552, "mean": 0.288173139095, "dvar2": 0.000754300563131, "min": 0.0510950051248, "var": 0.0135060083121, "median": 0.271254599094}, "pitch_salience": {"dmean": 0.048977792263, "dmean2": 0.0792321264744, "max": 0.927564918995, "dvar": 0.0026428962592, "mean": 0.447041332722, "dvar2": 0.00727015221491, "min": 0.0533617883921, "var": 0.0239160470665, "median": 0.457679510117}, "erbbands_kurtosis": {"dmean": 1.79041218758, "dmean2": 2.69083404541, "max": 121.917671204, "dvar": 11.4705371857, "mean": 4.86340665817, "dvar2": 24.1618156433, "min": -1.92568218708, "var": 110.769760132, "median": 1.54112434387}, "average_loudness": 0.687244951725, "barkbands_crest": {"dmean": 1.53754496574, "dmean2": 2.53311872482, "max": 25.3884658813, "dvar": 2.81734991074, "mean": 12.2220544815, "dvar2": 7.82020187378, "min": 3.85115933418, "var": 15.3574819565, "median": 11.6760416031}, "hfc": {"dmean": 2.11698269844, "dmean2": 3.08586454391, "max": 95.7847366333, "dvar": 17.3555355072, "mean": 9.52866077423, "dvar2": 33.6127166748, "min": 1.16041488836e-16, "var": 133.028884888, "median": 5.09280872345}, "barkbands_kurtosis": {"dmean": 5.65662527084, "dmean2": 8.85321807861, "max": 428.552276611, "dvar": 82.0559997559, "mean": 21.3163337708, "dvar2": 197.625747681, "min": -1.98426043987, "var": 592.192016602, "median": 14.5567951202}, "erbbands": {"dmean": [0.0126287005842, 0.454963743687, 2.1190700531, 3.84541249275, 5.25982618332, 4.49188184738, 11.7465848923, 13.9988622665, 10.0682201385, 6.85219764709, 1.45031929016, 2.10060191154, 1.50835597515, 1.4527451992, 1.0583486557, 0.682347476482, 1.86247754097, 1.76124095917, 2.52274680138, 2.85115265846, 3.71549606323, 4.14684391022, 1.52208399773, 1.68921709061, 1.55478382111, 1.01321566105, 1.93104159832, 1.54718029499, 0.896420478821, 0.316505670547, 0.256420046091, 0.247762262821, 0.244362622499, 0.234113976359, 0.145864680409, 0.0684369206429, 0.0302947554737, 0.0118565000594, 0.00116652320139, 2.46561921813e-05], "dmean2": [0.0202711634338, 0.723808825016, 3.32543802261, 5.93514060974, 8.2261095047, 6.84777021408, 20.7439575195, 23.1706886292, 14.1605882645, 9.09630012512, 1.87594199181, 2.69666314125, 2.16354393959, 1.89052784443, 1.39780473709, 1.03772580624, 2.85956025124, 2.64755558968, 3.78109931946, 4.35450315475, 5.60357427597, 6.46480607986, 2.28590989113, 2.52472043037, 2.32725954056, 1.57281804085, 2.83703255653, 2.43667006493, 1.37363135815, 0.474659144878, 0.366852581501, 0.359974116087, 0.333323597908, 0.315858513117, 0.188609004021, 0.0886364430189, 0.0456835441291, 0.0194988679141, 0.00196026614867, 3.97516669182e-05], "max": [0.579050660133, 13.1012468338, 57.462600708, 133.56312561, 295.617889404, 248.50970459, 467.245635986, 721.877075195, 1212.0958252, 685.817993164, 165.275665283, 176.451263428, 138.932418823, 259.964263916, 203.489440918, 60.4490013123, 172.981384277, 115.542068481, 104.991851807, 202.324569702, 388.935394287, 429.24697876, 136.87979126, 97.0564498901, 222.251419067, 314.561187744, 769.485473633, 526.609191895, 243.557907104, 68.8631286621, 34.3119049072, 24.6542282104, 20.5467243195, 18.9165687561, 21.6565189362, 5.93090009689, 2.57084059715, 1.14050042629, 0.135951712728, 0.00267205876298], "dvar": [0.000449583312729, 0.637227058411, 14.1956310272, 59.2016830444, 176.286804199, 106.779724121, 627.994628906, 785.104309082, 702.878356934, 313.378723145, 12.1026706696, 24.5950717926, 25.4613170624, 32.5844917297, 12.9144620895, 3.28197383881, 42.5607032776, 16.0333461761, 31.1666698456, 55.323299408, 129.450714111, 153.615280151, 26.451461792, 22.4038906097, 28.7608852386, 37.3469352722, 182.673690796, 110.192863464, 21.0535984039, 2.01993846893, 0.806995689869, 0.578067004681, 0.581896901131, 0.553796708584, 0.275025814772, 0.0678972750902, 0.019430173561, 0.00385315064341, 4.26471742685e-05, 1.06045110471e-08], "mean": [0.0367944836617, 1.56287896633, 7.31918144226, 9.74559307098, 11.0428304672, 13.2588424683, 22.909154892, 32.9777603149, 37.8301773071, 23.1067447662, 5.13172721863, 5.71998500824, 4.18655347824, 3.8351957798, 2.72016525269, 1.66236543655, 3.5309150219, 4.69613838196, 6.22618961334, 6.87394428253, 10.6077785492, 9.29925918579, 3.5862865448, 3.96868610382, 3.74802780151, 2.04014158249, 3.89046549797, 3.0070335865, 1.76835298538, 0.672703564167, 0.602154791355, 0.620784282684, 0.643655896187, 0.554654717445, 0.323940843344, 0.107545644045, 0.0290905442089, 0.00939393322915, 0.000883522850927, 4.62673160655e-05], "dvar2": [0.00112961663399, 1.61504685879, 38.8411102295, 149.54246521, 428.574768066, 281.428955078, 2061.63720703, 2276.21972656, 1350.98583984, 552.064575195, 19.5689678192, 40.3937416077, 51.8155784607, 51.4108924866, 20.0714836121, 7.36908769608, 95.3663864136, 36.8450813293, 71.7719726562, 130.318893433, 285.222564697, 378.896972656, 57.7975502014, 51.6832199097, 60.2981491089, 95.5363082886, 432.137756348, 260.044342041, 47.685508728, 4.47837305069, 1.55199873447, 1.1425768137, 1.08869242668, 0.997802436352, 0.457873553038, 0.126151904464, 0.0436890646815, 0.0092928186059, 0.000105671257188, 2.57314844987e-08], "min": [1.75099575198e-21, 6.71228350025e-21, 2.67772775321e-20, 3.55097230924e-20, 1.39520699322e-20, 1.09853139639e-19, 2.09289438727e-19, 7.0523469982e-19, 7.07638434981e-19, 1.42412108507e-18, 1.9295516004e-18, 2.31517741171e-18, 8.03958447434e-19, 3.19980282267e-18, 3.01603513701e-18, 2.07674818361e-18, 3.2240441777e-18, 6.42517007576e-18, 7.89127243807e-18, 8.09500867731e-18, 1.16402865847e-17, 1.23559673866e-17, 1.47413478237e-17, 1.41094248491e-17, 9.39420005408e-18, 1.38464376626e-17, 1.69428493193e-17, 2.11370653066e-17, 1.92659959959e-17, 1.40043249348e-17, 2.38912475285e-17, 1.87975801586e-17, 1.54894780938e-17, 1.17300133473e-17, 9.34099993298e-18, 4.57625969289e-18, 3.9638519769e-18, 1.09810738878e-18, 3.56173270116e-19, 3.70362396764e-20], "var": [0.00165560387541, 3.1336042881, 47.8308410645, 154.447158813, 324.999755859, 439.625427246, 1398.45019531, 2994.12841797, 7529.80078125, 2916.72607422, 98.3119125366, 122.843185425, 117.481040955, 160.989349365, 59.5146942139, 14.5320491791, 95.5959854126, 67.3427200317, 112.88318634, 200.704818726, 714.335754395, 439.349731445, 64.8033905029, 74.0033569336, 90.0135498047, 49.375453949, 392.743927002, 222.028320312, 56.7054100037, 5.35870409012, 2.61905670166, 2.07313489914, 2.23599243164, 1.8775677681, 0.85973572731, 0.135313272476, 0.0201946049929, 0.00322817708366, 3.36653829436e-05, 1.04145199131e-08], "median": [0.0235574692488, 1.01255655289, 5.63212490082, 4.73898220062, 4.54937553406, 4.97268867493, 8.06815242767, 10.5667314529, 5.89451599121, 3.78089118004, 0.819916784763, 1.0492631197, 0.545215904713, 0.340855836868, 0.157298669219, 0.12127365917, 0.192540720105, 1.12653589249, 1.52307784557, 0.991518378258, 1.01588404179, 1.05940270424, 0.561756312847, 0.345827758312, 0.256996124983, 0.180134862661, 0.163890063763, 0.0997050479054, 0.0547790229321, 0.0346927307546, 0.0248641017824, 0.0207928735763, 0.0214603189379, 0.026006937027, 0.0199042037129, 0.00323940976523, 0.000317193829687, 4.54676628578e-05, 1.66421796166e-05, 2.54066162597e-05]}, "spectral_energy": {"dmean": 0.00603925529867, "dmean2": 0.00936545617878, "max": 0.170321509242, "dvar": 8.84228356881e-05, "mean": 0.0271333828568, "dvar2": 0.000226229196414, "min": 1.0673991131e-20, "var": 0.000509446312208, "median": 0.0215391926467}, "zerocrossingrate": {"dmean": 0.00529048545286, "dm