{"metadata": {"version": {"essentia_git_sha": "v2.1_beta2", "essentia_build_sha": "70f2e5ece6736b2c40cc944ad0e695b16b925413", "extractor": "music 1.0", "essentia": "2.1-beta2"}, "audio_properties": {"analysis_sample_rate": 44100, "md5_encoded": "2982c78a87b22ed61210b3169007bcc7", "downmix": "mix", "sample_rate": 44100, "equal_loudness": 0, "lossless": false, "codec": "mp3", "bit_rate": 192020, "length": 254.458770752, "replay_gain": -11.6393222809}, "tags": {"musicbrainz_albumid": ["0eaeba97-ccdb-4a2d-bbfa-3b6dda980cc8"], "musicbrainz_artistid": ["e4bb438c-321d-4130-8f36-5ea4f31a323c"], "musicbrainz album status": ["official"], "catalognumber": ["HF02"], "musicip_puid": ["4d9fe101-b659-18b8-cfff-4e014f3234c9"], "date": ["1998"], "contentgroup": ["Metal"], "musicbrainz album release country": ["IT"], "musicbrainz album type": ["album"], "label": ["Headfucker Records"], "album": ["Conforming to Abnormality"], "title": ["Jihad"], "artistsort": ["Cephalic Carnage"], "file_name": "02 Jihad.mp3", "genre": ["Metal"], "artist": ["Cephalic Carnage"], "tracknumber": ["2/8"], "originaldate": ["1998"], "albumartist": ["Cephalic Carnage"], "musicbrainz_recordingid": ["ce66f8ed-d91c-4a44-aff5-63deff6b9d15"], "albumartistsort": ["Cephalic Carnage"], "musicbrainz_albumartistid": ["e4bb438c-321d-4130-8f36-5ea4f31a323c"]}}, "rhythm": {"beats_loudness": {"var": 0.000201463975827, "mean": 0.0288870353252, "dmean2": 0.0190376527607, "dvar": 0.000140461343108, "dmean": 0.0111230807379, "max": 0.132009729743, "min": 2.97783103731e-10, "median": 0.0273023210466, "dvar2": 0.000398286909331}, "beats_position": [0.650158703327, 1.31192743778, 1.97369611263, 2.62385487556, 3.27401351929, 3.9125623703, 4.55111122131, 5.20126962662, 5.83981847763, 6.45514726639, 7.08208608627, 7.70902490616, 8.33596324921, 8.93968200684, 9.55501079559, 10.1819496155, 10.7972784042, 11.412607193, 12.051156044, 12.689704895, 13.328253746, 13.9784126282, 14.6285715103, 15.2787294388, 15.9288883209, 16.5674381256, 17.2059860229, 17.8445339203, 18.483083725, 19.1332416534, 19.7834014893, 20.4335594177, 21.0953292847, 21.7570972443, 22.2911567688, 22.8019943237, 23.312833786, 23.8236732483, 24.3345127106, 24.8221302032, 25.2633094788, 25.681268692, 26.1108379364, 26.5404071808, 26.958366394, 27.3763256073, 27.8058948517, 28.2354640961, 28.6766433716, 29.106212616, 29.5357818604, 29.9537410736, 30.3949203491, 30.8360996246, 31.2772789001, 31.7184581757, 32.1596374512, 32.5892066956, 33.0187759399, 33.4483451843, 33.8895225525, 34.3307037354, 34.7602729797, 35.2014503479, 35.6426315308, 36.0605888367, 36.4785499573, 36.8965072632, 37.3260765076, 37.7672538757, 38.1968231201, 38.638004303, 39.0791816711, 39.5087509155, 39.9383201599, 40.3795013428, 40.8090705872, 41.2386398315, 41.6798171997, 42.1093864441, 42.5389556885, 42.9569168091, 43.3980941772, 43.8392753601, 44.2688446045, 44.6984100342, 45.139591217, 45.5923805237, 46.0451698303, 46.4863471985, 46.9275283813, 47.3687057495, 47.8098869324, 48.2510643005, 48.6922454834, 49.1334228516, 49.5862121582, 50.0157814026, 50.4569587708, 50.8865280151, 51.3160972595, 51.7340583801, 52.1752357483, 52.6164169312, 53.0575942993, 53.4987754822, 53.9399528503, 54.3579139709, 54.7758712769, 55.1938323975, 55.6117897034, 56.029750824, 56.4477081299, 56.8772773743, 57.2952384949, 57.7248077393, 58.1543769836, 58.583946228, 59.0135154724, 59.4430847168, 59.884262085, 60.3254394531, 60.766620636, 61.1613578796, 61.556098938, 61.9508361816, 62.34557724, 62.8680267334, 63.3904762268, 63.924533844, 64.4585952759, 64.9694290161, 65.4222183228, 65.8750076294, 66.3394088745, 66.8038101196, 67.2682037354, 67.720993042, 68.1853942871, 68.6381835938, 69.0909729004, 69.543762207, 69.9965515137, 70.4493408203, 70.902130127, 71.4361877441, 71.9818572998, 72.515914917, 73.0848083496, 73.6653060913, 74.2341918945, 74.8030853271, 75.3603591919, 75.9292526245, 76.4865264893, 77.0438079834, 77.5894775391, 78.1351470947, 78.6808166504, 79.2497024536, 79.7953720093, 80.3410415649, 80.8983230591, 81.4555969238, 82.012878418, 82.5701599121, 83.1274337769, 83.661491394, 84.2187728882, 84.7760543823, 85.3333282471, 85.8906097412, 86.4478912354, 86.993560791, 87.5392303467, 88.0965042114, 88.665397644, 89.2342834473, 89.814781189, 90.3952789307, 90.9641723633, 91.5330581665, 92.1019515991, 92.6592254639, 93.216506958, 93.7621765137, 94.3078460693, 94.853515625, 95.3991851807, 95.9448471069, 96.5021286011, 97.0361862183, 97.5702438354, 98.1855773926, 98.8009033203, 99.4162368774, 100.066390991, 100.716552734, 101.366706848, 102.005256653, 102.655418396, 103.305580139, 103.955734253, 104.605895996, 105.25605011, 105.813331604, 106.370613098, 106.927886963, 107.473556519, 108.019226074, 108.576507568, 109.122177124, 109.679450989, 110.225120544, 110.7707901, 111.328071594, 111.862129211, 112.38457489, 112.918640137, 113.452697754, 113.986755371, 114.520812988, 115.054870605, 115.588935852, 116.122993469, 116.657051086, 117.191108704, 117.736778259, 118.282447815, 118.828117371, 119.385391235, 119.931060791, 120.488342285, 121.045623779, 121.602897644, 122.113739014, 122.624580383, 123.135414124, 123.646255493, 124.145484924, 124.656326294, 125.155555725, 125.654785156, 126.154014587, 126.64163208, 127.129249573, 127.616867065, 128.104492188, 128.592102051, 129.079727173, 129.555740356, 130.031738281, 130.496139526, 130.960540771, 131.413330078, 131.866119385, 132.318908691, 132.771697998, 133.224487305, 133.677276611, 134.118453979, 134.571243286, 135.024032593, 135.55809021, 136.092147827, 136.626205444, 137.183486938, 137.717544556, 138.251602173, 138.77406311, 139.296508789, 139.760910034, 140.225296021, 140.689697266, 141.154098511, 141.606887817, 142.048065186, 142.500854492, 142.94203186, 143.383224487, 143.824401855, 144.265579224, 144.695144653, 145.136322021, 145.681991577, 146.216049194, 146.76171875, 147.307388306, 147.841445923, 148.37550354, 148.909561157, 149.455230713, 150.012512207, 150.58140564, 151.138687134, 151.603088379, 152.067474365, 152.53187561, 152.996276855, 153.460678101, 153.925079346, 154.366256714, 154.819046021, 155.271835327, 155.724624634, 156.165802002, 156.618591309, 157.082992554, 157.547393799, 158.011795044, 158.464584351, 158.928970337, 159.381759644, 159.846160889, 160.310562134, 160.774963379, 161.239364624, 161.715377808, 162.191375732, 162.667388916, 163.1434021, 163.607803345, 164.060592651, 164.524978638, 164.989379883, 165.465393066, 165.929794312, 166.382583618, 166.835372925, 167.29977417, 167.775772095, 168.251785278, 168.704574585, 169.157363892, 169.621765137, 170.074554443, 170.52734375, 170.991744995, 171.45614624, 171.932144165, 172.384933472, 172.837722778, 173.302124023, 173.75491333, 174.219314575, 174.68371582, 175.124893188, 175.566070557, 176.007247925, 176.448425293, 176.88961792, 177.330795288, 177.783584595, 178.236373901, 178.67755127, 179.130340576, 179.583129883, 180.035919189, 180.488708496, 180.929885864, 181.371063232, 181.823852539, 182.288253784, 182.752655029, 183.228652954, 183.716278076, 184.319992065, 184.923721313, 185.515823364, 186.084716797, 186.653594971, 187.222488403, 187.802993774, 188.383483887, 188.987213135, 189.590927124, 190.194641113, 190.786758423, 191.378860474, 191.959365845, 192.539855957, 193.120361328, 193.724075317, 194.327789307, 194.954742432, 195.558456421, 196.150558472, 196.742675781, 197.323165894, 197.880447388, 198.437728882, 198.995010376, 199.529067993, 200.06312561, 200.597183228, 201.142852783, 201.700134277, 202.245803833, 202.791473389, 203.337142944, 203.894424438, 204.451690674, 204.997360229, 205.543029785, 206.100311279, 206.657592773, 207.191650391, 207.725708008, 208.271377563, 208.817047119, 209.374328613, 209.931610107, 210.488891602, 211.046157837, 211.603439331, 212.160720825, 212.694778442, 213.22883606, 213.762893677, 214.273742676, 214.772964478, 215.272201538, 215.759811401, 216.247436523, 216.723449707, 217.199447632, 217.687072754, 218.163085938, 218.557815552, 218.964172363, 219.358901978, 219.753646851, 220.171600342, 220.589569092, 221.007522583, 221.448699951, 221.901489258, 222.331054688, 222.760635376, 223.201812744, 223.631378174, 224.072555542, 224.51373291, 224.966522217, 225.419311523, 225.860488892, 226.30166626, 226.71963501, 227.137588501, 227.555557251, 227.973510742, 228.403076172, 228.84425354, 229.331878662, 229.831100464, 230.330337524, 230.736679077, 231.154647827, 231.572601318, 231.990570068, 232.40852356, 232.803268433, 233.209609985, 233.604354858, 233.999084473, 234.393829346, 234.788574219, 235.171691895, 235.566436768, 235.961181641, 236.332687378, 236.704208374, 237.064117432, 237.435638428, 237.818771362, 238.190292358, 238.573425293, 238.956542969, 239.374511719, 239.79246521, 240.21043396, 240.63999939, 240.999908447, 241.359817505, 241.719726562, 242.07963562, 242.439544678, 242.787841797, 243.112915039, 243.449615479, 243.809524536, 244.146209717, 244.482894897, 244.819580078, 245.156280518, 245.492965698, 245.829650879, 246.15473938, 246.479812622, 246.804885864, 247.129974365, 247.455047607, 247.76852417, 248.081985474, 248.407073975, 248.732147217, 249.057235718, 249.38230896, 249.684173584, 249.986022949, 250.31111145, 250.647796631, 250.99609375, 251.344390869, 251.692687988, 252.029388428, 252.366073608, 252.702758789, 253.03944397, 253.364532471, 253.71282959], "bpm_histogram_first_peak_spread": {"var": 0, "mean": 0.58041960001, "dmean2": 0, "dvar": 0, "dmean": 0, "max": 0.58041960001, "min": 0.58041960001, "median": 0.58041960001, "dvar2": 0}, "danceability": 1.04587590694, "bpm_histogram_second_peak_weight": {"var": 0, "mean": 0.0846153870225, "dmean2": 0, "dvar": 0, "dmean": 0, "max": 0.0846153870225, "min": 0.0846153870225, "median": 0.0846153870225, "dvar2": 0}, "bpm_histogram_first_peak_weight": {"var": 0, "mean": 0.115384615958, "dmean2": 0, "dvar": 0, "dmean": 0, "max": 0.115384615958, "min": 0.115384615958, "median": 0.115384615958, "dvar2": 0}, "bpm": 135.728302002, "bpm_histogram_second_peak_spread": {"var": 0, "mean": 0.653543293476, "dmean2": 0, "dvar": 0, "dmean": 0, "max": 0.653543293476, "min": 0.653543293476, "median": 0.653543293476, "dvar2": 0}, "bpm_histogram_second_peak_bpm": {"var": 0, "mean": 108, "dmean2": 0, "dvar": 0, "dmean": 0, "max": 108, "min": 108, "median": 108, "dvar2": 0}, "beats_count": 521, "beats_loudness_band_ratio": {"var": [0.0448950231075, 0.00875909347087, 0.00315802544355, 0.00221359194256, 0.00641889357939, 0.0160852149129], "mean": [0.466736614704, 0.0998848900199, 0.0383369326591, 0.0336900688708, 0.156347244978, 0.225192040205], "dmean2": [0.368330329657, 0.14372870326, 0.0735001266003, 0.054554797709, 0.132902577519, 0.226470723748], "dvar": [0.0369692370296, 0.00712374038994, 0.00341086997651, 0.00231420225464, 0.00460331561044, 0.017981108278], "dmean": [0.210370287299, 0.0818050801754, 0.0406888723373, 0.0308721717447, 0.0767530277371, 0.124090179801], "max": [0.995061993599, 0.579800248146, 0.545870304108, 0.469109386206, 0.498809158802, 0.968622386456], "min": [0.00254459911957, 0.00100997416303, 0.000105008562969, 3.02952630591e-05, 0.000231125683058, 0.000407780491514], "median": [0.456198483706, 0.0721460282803, 0.0145832598209, 0.0185952968895, 0.148538023233, 0.217031106353], "dvar2": [0.127352967858, 0.020041981712, 0.00939680077136, 0.00619056262076, 0.0146186584607, 0.0592445619404]}, "onset_rate": 3.49341082573, "bpm_histogram_first_peak_bpm": {"var": 0, "mean": 136, "dmean2": 0, "dvar": 0, "dmean": 0, "max": 136, "min": 136, "median": 136, "dvar2": 0}}, "lowlevel": {"hfc": {"var": 430.942596436, "mean": 39.1395950317, "dmean2": 16.802822113, "dvar": 180.312194824, "dmean": 10.3204202652, "max": 253.390625, "min": 1.33390126494e-16, "median": 38.0525360107, "dvar2": 452.960388184}, "barkbands_spread": {"var": 342.654022217, "mean": 47.1506462097, "dmean2": 19.8053016663, "dvar": 126.965408325, "dmean": 11.7365942001, "max": 106.966972351, "min": 0.343605309725, "median": 51.3636283875, "dvar2": 347.51651001}, "spectral_spread": {"var": 1960161574910.0, "mean": 3994689.75, "dmean2": 1143266.25, "dvar": 650616373248, "dmean": 712576.8125, "max": 40523324, "min": 1563079.125, "median": 3782035.25, "dvar2": 1432448401410.0}, "spectral_energy": {"var": 0.000679234100971, "mean": 0.0345528274775, "dmean2": 0.0353460386395, "dvar": 0.000713607005309, "dmean": 0.0196123216301, "max": 0.298339903355, "min": 1.11843252182e-20, "median": 0.0265084262937, "dvar2": 0.00197694590315}, "gfcc": {"icov": [[0.000201454779017, -7.51954576117e-05, 0.000198571724468, -0.00015879124112, 0.000229233992286, -2.53790767601e-05, 0.000358649966074, -0.000673178234138, 0.000659930286929, -0.000256041559624, 0.000131521199364, -0.000298229628243, 0.000206062788493], [-7.51954576117e-05, 0.00223546708003, 6.60145306028e-05, -0.000371219473891, 0.000595471123233, 0.000495898188092, -0.00148785207421, 0.00197547534481, -0.000159709481522, 0.000784033210948, -0.00207388680428, 0.00256338785402, -0.00195028050803], [0.000198571724468, 6.60145306028e-05, 0.00276422430761, 0.000719819508959, -0.0026625324972, -0.000330173643306, 0.00387932965532, -0.00337750185281, -0.000328554800944, 0.00234491890296, -0.00221948465332, -0.000717463786714, 0.00249352422543], [-0.00015879124112, -0.000371219473891, 0.000719819508959, 0.00414228439331, -0.00309097743593, -0.000725396501366, 0.00186582689639, 3.02289691945e-07, -0.00164989498444, 0.00138052913826, -0.000310531584546, 0.00205740751699, -0.00201558158733], [0.000229233992286, 0.000595471123233, -0.0026625324972, -0.00309097743593, 0.0100018763915, -0.00155246176291, -0.00661744503304, 0.00659455452114, 0.00193984236103, -0.00504426844418, 0.0046581053175, 0.000688324915245, -0.00243185437284], [-2.53790767601e-05, 0.000495898188092, -0.000330173643306, -0.000725396501366, -0.00155246176291, 0.0100504290313, -0.000928186520468, -0.00780999381095, 0.00582312047482, 0.00215594703332, -0.00873185694218, 0.00286677060649, 0.00211123260669], [0.000358649966074, -0.00148785207421, 0.00387932965532, 0.00186582689639, -0.00661744503304, -0.000928186520468, 0.0165318921208, -0.0074629788287, -0.0058104027994, 0.007294815965, -0.00219363649376, -0.00412214919925, 0.00402024574578], [-0.000673178234138, 0.00197547534481, -0.00337750185281, 3.02289691945e-07, 0.00659455452114, -0.00780999381095, -0.0074629788287, 0.024402955547, -0.00909847766161, -0.00877848267555, 0.0127371158451, -0.000359490833944, -0.00809745118022], [0.000659930286929, -0.000159709481522, -0.000328554800944, -0.00164989498444, 0.00193984236103, 0.00582312047482, -0.0058104027994, -0.00909847766161, 0.0238366164267, -0.0072914515622, -0.00405915779993, 0.00832780264318, -0.00113783800043], [-0.000256041559624, 0.000784033210948, 0.00234491890296, 0.00138052913826, -0.00504426844418, 0.00215594703332, 0.007294815965, -0.00877848267555, -0.0072914515622, 0.0283198375255, -0.0131284333766, -0.0067286901176, 0.00824281852692], [0.000131521199364, -0.00207388680428, -0.00221948465332, -0.000310531584546, 0.0046581053175, -0.00873185694218, -0.00219363649376, 0.0127371158451, -0.00405915779993, -0.0131284333766, 0.0315581746399, -0.00998709443957, -0.00288988556713], [-0.000298229628243, 0.00256338785402, -0.000717463786714, 0.00205740751699, 0.000688324915245, 0.00286677060649, -0.00412214919925, -0.000359490833944, 0.00832780264318, -0.0067286901176, -0.00998709443957, 0.0307168308645, -0.0140224369243], [0.000206062788493, -0.00195028050803, 0.00249352422543, -0.00201558158733, -0.00243185437284, 0.00211123260669, 0.00402024574578, -0.00809745118022, -0.00113783800043, 0.00824281852692, -0.00288988556713, -0.0140224369243, 0.0260100793093]], "mean": [21.9543609619, 52.4656524658, -114.437431335, 85.4306411743, -34.2321968079, 5.63839197159, -29.2464122772, 12.1296977997, -28.3486537933, 3.04080080986, -22.4174003601, 3.67435669899, -2.95793056488], "cov": [[8673.34277344, -269.73223877, -562.696044922, -81.3646392822, -598.709350586, 152.728683472, -267.055114746, 325.284362793, -200.444458008, 153.940216064, -10.0312709808, 184.620574951, 73.7345199585], [-269.73223877, 876.589660645, -333.134765625, 184.842147827, 35.1173629761, -117.224838257, 88.4127807617, -166.70262146, 7.51278924942, -86.393951416, 23.3519992828, -62.8621330261, 57.7732009888], [-562.696044922, -333.134765625, 906.220031738, -91.2359848022, 121.850112915, 152.96774292, -125.009468079, 76.8501358032, -17.8136672974, 34.8682289124, 34.6550941467, 5.099421978, -77.474822998], [-81.3646392822, 184.842147827, -91.2359848022, 427.036712646, 147.593719482, -4.29018831253, 23.7189407349, -57.0290908813, 6.81982421875, -44.681640625, -17.9260616302, -48.6990585327, 35.2826004028], [-598.709350586, 35.1173629761, 121.850112915, 147.593719482, 259.917816162, 19.5793018341, 50.2702102661, -57.851108551, -6.18583536148, -20.0073337555, -8.62576580048, -24.7876605988, -4.18762493134], [152.728683472, -117.224838257, 152.96774292, -4.29018831253, 19.5793018341, 207.388305664, -3.28893232346, 70.9195175171, -21.1603393555, 20.9547100067, 36.0712814331, 10.8793516159, -15.1063079834], [-267.055114746, 88.4127807617, -125.009468079, 23.7189407349, 50.2702102661, -3.28893232346, 144.612289429, 16.2898483276, 42.5513343811, -18.1472377777, -10.417883873, -9.24921607971, 11.7224617004], [325.284362793, -166.70262146, 76.8501358032, -57.0290908813, -57.851108551, 70.9195175171, 16.2898483276, 156.430999756, 42.3524017334, 39.5197906494, -13.8790979385, 16.1663856506, 4.6554517746], [-200.444458008, 7.51278924942, -17.8136672974, 6.81982421875, -6.18583536148, -21.1603393555, 42.5513343811, 42.3524017334, 90.8976364136, 18.8411712646, -4.73183727264, -16.9683074951, 0.466853678226], [153.940216064, -86.393951416, 34.8682289124, -44.681640625, -20.0073337555, 20.9547100067, -18.1472377777, 39.5197906494, 18.8411712646, 77.5494308472, 29.3512496948, 26.1919078827, -9.33633708954], [-10.0312709808, 23.3519992828, 34.6550941467, -17.9260616302, -8.62576580048, 36.0712814331, -10.417883873, -13.8790979385, -4.73183727264, 29.3512496948, 72.8090591431, 28.797580719, 4.78014421463], [184.620574951, -62.8621330261, 5.099421978, -48.6990585327, -24.7876605988, 10.8793516159, -9.24921607971, 16.1663856506, -16.9683074951, 26.1919078827, 28.797580719, 73.2468948364, 26.4684486389], [73.7345199585, 57.7732009888, -77.474822998, 35.2826004028, -4.18762493134, -15.1063079834, 11.7224617004, 4.6554517746, 0.466853678226, -9.33633708954, 4.78014421463, 26.4684486389, 70.6078109741]]}, "silence_rate_60dB": {"var": 0.0180905926973, "mean": 0.0184306576848, "dmean2": 0.00255521084182, "dvar": 0.00127581204288, "dmean": 0.00127748877276, "max": 1, "min": 0, "median": 0, "dvar2": 0.00273111998104}, "spectral_centroid": {"var": 528016.5625, "mean": 2713.6105957, "dmean2": 535.765625, "dvar": 109470.5625, "dmean": 336.729614258, "max": 10637.9052734, "min": 87.8169631958, "median": 2896.94091797, "dvar2": 247406.390625}, "spectral_complexity": {"var": 142.274627686, "mean": 35.3945274353, "dmean2": 6.62493133545, "dvar": 14.2883930206, "dmean": 4.31937217712, "max": 65, "min": 0, "median": 38, "dvar2": 30.4329605103}, "melbands_spread": {"var": 1141.73352051, "mean": 51.859954834, "dmean2": 36.8438529968, "dvar": 488.003936768, "dmean": 22.7130661011, "max": 266.641296387, "min": 0.154101148248, "median": 48.7755126953, "dvar2": 1302.28649902}, "spectral_strongpeak": {"var": 0.463972985744, "mean": 0.400470197201, "dmean2": 0.536220550537, "dvar": 0.503982961178, "dmean": 0.303479105234, "max": 15.6032876968, "min": 0, "median": 0.258901298046, "dvar2": 1.36385941505}, "zerocrossingrate": {"var": 0.0019723449368, "mean": 0.0994905978441, "dmean2": 0.0195137374103, "dvar": 0.000231703874306, "dmean": 0.0150423506275, "max": 0.69677734375, "min": 0.001953125, "median": 0.09912109375, "dvar2": 0.000311348878313}, "erbbands_kurtosis": {"var": 12.0929441452, "mean": 2.882635355, "dmean2": 2.88344454765, "dvar": 3.90765833855, "dmean": 1.8181861639, "max": 64.0251312256, "min": -1.88025569916, "median": 2.22577762604, "dvar2": 10.1214370728}, "spectral_energyband_middle_low": {"var": 3.07054469886e-05, "mean": 0.00589188188314, "dmean2": 0.00617534201592, "dvar": 2.43358899752e-05, "dmean": 0.00363526423462, "max": 0.0726627781987, "min": 1.96532198979e-22, "median": 0.00429560430348, "dvar2": 6.67998829158e-05}, "erbbands": {"var": [0.355669021606, 14.4961853027, 89.3547592163, 113.928146362, 47.9553604126, 94.7946624756, 268.690948486, 103.710609436, 61.1875, 127.905700684, 379.857513428, 351.030517578, 267.31137085, 288.428161621, 294.122467041, 709.642822266, 720.670410156, 278.598205566, 128.069046021, 177.719085693, 1123.84277344, 2312.39794922, 1295.98706055, 1650.77502441, 1399.6706543, 831.705200195, 1500.07531738, 1728.8104248, 105.520484924, 71.301651001, 70.7712020874, 87.4594802856, 180.655944824, 27.274181366, 3.54977679253, 0.859160900116, 0.0870565846562, 0.0088907610625, 0.000244466151344, 1.54097406835e-07], "mean": [0.275669753551, 2.67258143425, 7.3326625824, 7.5907125473, 5.77167844772, 7.27594041824, 9.64989280701, 5.61928749084, 4.01081466675, 4.09922504425, 7.0255947113, 6.36516046524, 6.50422906876, 7.27611351013, 7.9998717308, 11.4266204834, 9.52867698669, 7.51856660843, 12.5215826035, 19.123462677, 52.4784545898, 80.0096054077, 60.5433387756, 62.2264022827, 55.2845916748, 47.9257354736, 72.2408065796, 71.9868545532, 13.6528682709, 6.49566888809, 4.73752832413, 3.95999336243, 3.71296930313, 2.22018933296, 0.960819244385, 0.37191388011, 0.118646450341, 0.0288617070764, 0.00331232347526, 0.000125702630612], "dmean2": [0.483999282122, 5.54202985764, 13.2144832611, 10.0288743973, 7.72149419785, 10.4978466034, 14.5324745178, 7.30565690994, 5.401679039, 6.03232288361, 10.8362941742, 9.75901222229, 9.05942058563, 8.66218566895, 8.27404117584, 11.9075078964, 9.70386886597, 7.3562040329, 10.5070486069, 13.5165891647, 37.7469902039, 53.0243377686, 35.6918869019, 38.1984634399, 34.8349304199, 29.8289203644, 37.7308654785, 39.6694412231, 8.90525150299, 7.11628913879, 5.48058080673, 4.86816644669, 5.87918519974, 3.85138988495, 1.42905914783, 0.462394952774, 0.138595357537, 0.039817109704, 0.00576405599713, 0.000170389001141], "dvar": [0.177630603313, 20.5706272125, 107.778915405, 64.6287155151, 35.523147583, 97.8369064331, 282.260437012, 88.1253738403, 55.9201507568, 110.370880127, 363.664764404, 332.217803955, 241.210647583, 226.438903809, 187.795288086, 340.596252441, 298.183898926, 113.497489929, 67.9529800415, 98.7588195801, 534.874084473, 979.591186523, 496.479156494, 604.077697754, 526.38861084, 463.98348999, 466.141723633, 551.727355957, 58.3011207581, 53.2552337646, 49.9408416748, 51.2000579834, 162.3334198, 25.3444690704, 3.30583667755, 0.819484055042, 0.0714056789875, 0.00835478212684, 0.000261301640421, 1.60277124905e-07], "dmean": [0.264056116343, 3.01514911652, 7.32759523392, 5.85861635208, 4.47126579285, 6.03855371475, 8.43210887909, 4.34833860397, 3.18106985092, 3.51309609413, 6.38097333908, 5.73652029037, 5.3308262825, 5.20896863937, 5.06241035461, 7.23487472534, 5.85128927231, 4.33405017853, 6.19733572006, 8.04785633087, 22.5320472717, 31.7063369751, 21.4755783081, 22.9835319519, 20.7710266113, 17.5532722473, 22.6581554413, 23.9950008392, 5.30942583084, 4.13949203491, 3.32754158974, 3.00012111664, 3.45261859894, 2.18547415733, 0.836834490299, 0.286571800709, 0.0882678776979, 0.0249092057347, 0.00350197008811, 0.000102233992948], "max": [13.3409080505, 33.092590332, 107.414085388, 107.090950012, 81.4508514404, 121.267189026, 265.099517822, 257.628845215, 176.496337891, 274.037719727, 460.85824585, 422.313079834, 416.378967285, 468.797576904, 468.828704834, 480.525726318, 1005.8894043, 499.410095215, 175.346435547, 180.029693604, 308.632476807, 451.09197998, 386.918762207, 616.426391602, 508.434234619, 389.213745117, 270.907104492, 361.220703125, 166.106216431, 183.099487305, 205.098007202, 248.512863159, 613.831176758, 181.973052979, 48.4682998657, 25.9526615143, 8.45840835571, 2.07410359383, 0.393186062574, 0.0101470444351], "min": [2.97256774013e-22, 6.73787763163e-21, 1.34488153478e-20, 5.65615052248e-20, 9.27952343042e-20, 1.59858521188e-19, 1.24445135557e-19, 2.70300342005e-19, 2.49486228895e-19, 5.00706486849e-19, 7.80199907386e-19, 6.81456048943e-19, 1.05500590219e-18, 1.10926067856e-18, 2.38954260314e-18, 1.8531842183e-18, 3.13972717632e-18, 2.04325481342e-18, 4.87638728891e-18, 8.95923622795e-18, 9.38828323116e-18, 1.50627802836e-17, 1.17154690306e-17, 1.24655985963e-17, 1.67776266094e-17, 9.9780332294e-18, 1.17003183905e-17, 1.84668319907e-17, 1.81155846328e-17, 1.82601278274e-17, 2.12631193601e-17, 2.44515664405e-17, 1.44657510959e-17, 9.52761022481e-18, 7.68992261491e-18, 6.56396146997e-18, 3.71041086824e-18, 1.36201429673e-18, 3.84886001648e-19, 4.54453804018e-20], "median": [0.113477155566, 1.31198191643, 3.89256048203, 3.59406852722, 3.51660680771, 4.06625270844, 3.86417984962, 2.34054422379, 1.63116288185, 1.12848758698, 1.25393223763, 1.3866994381, 2.17095041275, 2.74567103386, 2.98701095581, 3.20647573471, 2.93810796738, 3.76336240768, 10.1956233978, 17.3957977295, 48.7538795471, 74.2883377075, 57.1612358093, 57.6643753052, 51.2769622803, 46.0512313843, 71.5710144043, 70.5323638916, 12.2641849518, 4.04039287567, 2.44644570351, 1.64558339119, 1.22392868996, 0.704914808273, 0.337255775928, 0.114008106291, 0.0273242071271, 0.00413801241666, 0.000159017668921, 4.84534029965e-05], "dvar2": [0.478717178106, 57.3307762146, 300.506164551, 168.635681152, 96.765083313, 272.660797119, 789.506774902, 232.282989502, 150.514938354, 301.960113525, 977.684509277, 884.749328613, 646.212890625, 606.425048828, 478.902404785, 882.89666748, 759.479492188, 300.297393799, 182.314544678, 277.945678711, 1460.75036621, 2727.8984375, 1366.67993164, 1638.06958008, 1451.5657959, 1323.49255371, 1302.95483398, 1521.54516602, 154.699462891, 137.254043579, 115.823783875, 105.743598938, 399.905517578, 61.6222839355, 8.2845287323, 2.04805397987, 0.17437967658, 0.0210453849286, 0.000662159174681, 4.0308563598e-07]}, "barkbands_crest": {"var": 18.9587345123, "mean": 9.12185955048, "dmean2": 6.17574930191, "dvar": 11.4405841827, "dmean": 3.58690452576, "max": 26.6514663696, "min": 2.39001250267, "median": 7.94141864777, "dvar2": 31.7079677582}, "melbands_crest": {"var": 27.6865673065, "mean": 15.6230611801, "dmean2": 6.710085392, "dvar": 10.3086891174, "dmean": 4.03373813629, "max": 38.2774429321, "min": 1.73159039021, "median": 15.5633964539, "dvar2": 27.8038711548}, "spectral_flux": {"var": 0.00323773198761, "mean": 0.117594867945, "dmean2": 0.062966093421, "dvar": 0.00203633797355, "dmean": 0.0371302440763, "max": 0.372283279896, "min": 1.05755973423e-10, "median": 0.10104187578, "dvar2": 0.00392002938315}, "spectral_contrast_valleys": {"var": [1.03403031826, 1.08909440041, 1.05993080139, 0.901883780956, 0.982641875744, 1.26306951046], "mean": [-6.78434276581, -7.31301259995, -7.6875243187, -7.57660722733, -6.32140302658, -9.65934848785], "dmean2": [0.827881515026, 0.704174876213, 0.534450054169, 0.417320221663, 0.270795285702, 0.781321227551], "dvar": [0.198643118143, 0.176669210196, 0.114188939333, 0.0801851376891, 0.0628618448973, 0.295617699623], "dmean": [0.496594280005, 0.430409282446, 0.336167156696, 0.259169638157, 0.17335857451, 0.48730891943], "max": [-4.94904518127, -4.40172338486, -5.31934213638, -5.738509655, -5.41482543945, -7.289249897], "min": [-27.4092273712, -27.1120071411, -27.61901474, -27.0508899689, -27.1470527649, -27.2684612274], "median": [-6.66062355042, -7.24810838699, -7.59452819824, -7.46394491196, -6.10011959076, -9.50203227997], "dvar2": [0.483776420355, 0.397146433592, 0.22162437439, 0.144008144736, 0.0888529866934, 0.74028724432]}, "mfcc": {"icov": [[0.000203159608645, 9.55638533924e-05, -5.28659693373e-05, -4.03183075832e-05, 0.000243059344939, 0.000356713542715, -0.000300957646687, 0.000315687211696, -0.000145055411849, 0.000102662663267, 0.000266814313363, -0.000458578637335, 8.94376134966e-05], [9.55638533924e-05, 0.00223649502732, -0.00048120302381, -0.000522274523973, 0.00168280641083, -0.00110943557229, -0.000165667413967, 0.00109462405089, -0.00062264688313, 0.00131990935188, 0.000531526224222, -0.00122144038323, 0.000797721557319], [-5.28659693373e-05, -0.00048120302381, 0.00530848791823, 0.00102552922908, -0.0062515377067, 0.00524958735332, -0.000528738601133, -0.00380191323347, 0.00561462482437, -0.00330897187814, -0.00175593257882, 0.00354562420398, -0.00306481309235], [-4.03183075832e-05, -0.000522274523973, 0.00102552922908, 0.00476475153118, -0.00247052824125, -0.00320270075463, 0.00344147207215, 0.00015673575399, -0.00363832013682, 0.0027381000109, -0.000869759591296, 0.00152388529386, 0.000601007195655], [0.000243059344939, 0.00168280641083, -0.0062515377067, -0.00247052824125, 0.014508635737, -0.00831269752234, -0.0038913639728, 0.00839526299387, -0.00572137348354, 0.000112159686978, 0.00503339525312, -0.0040245577693, 0.00258249533363], [0.000356713542715, -0.00110943557229, 0.00524958735332, -0.00320270075463, -0.00831269752234, 0.0228035710752, -0.0089708250016, -0.00759670278057, 0.0127358809114, -0.0036103380844, -0.00472892308608, 0.00364658422768, -0.00291703594849], [-0.000300957646687, -0.000165667413967, -0.000528738601133, 0.00344147207215, -0.0038913639728, -0.0089708250016, 0.0214513130486, -0.00810698606074, -0.00518633564934, 0.010345925577, -0.00588173046708, -0.000393455557059, 0.000110732558824], [0.000315687211696, 0.00109462405089, -0.00380191323347, 0.00015673575399, 0.00839526299387, -0.00759670278057, -0.00810698606074, 0.027639746666, -0.0123001495376, -0.0069062220864, 0.010598981753, -0.0040605450049, -0.000651726615615], [-0.000145055411849, -0.00062264688313, 0.00561462482437, -0.00363832013682, -0.00572137348354, 0.0127358809114, -0.00518633564934, -0.0123001495376, 0.026559220627, -0.0127644808963, -0.00067531078821, 0.00631818035617, -0.00405973708257], [0.000102662663267, 0.00131990935188, -0.00330897187814, 0.0027381000109, 0.000112159686978, -0.0036103380844, 0.010345925577, -0.0069062220864, -0.0127644808963, 0.0331722870469, -0.0171151775867, -0.00126585911494, 0.00623752363026], [0.000266814313363, 0.000531526224222, -0.00175593257882, -0.000869759591296, 0.00503339525312, -0.00472892308608, -0.00588173046708, 0.010598981753, -0.00067531078821, -0.0171151775867, 0.031815096736, -0.0118680363521, 0.000384264363674], [-0.000458578637335, -0.00122144038323, 0.00354562420398, 0.00152388529386, -0.0040245577693, 0.00364658422768, -0.000393455557059, -0.0040605450049, 0.00631818035617, -0.00126585911494, -0.0118680363521, 0.0323310941458, -0.0129433590919], [8.94376134966e-05, 0.000797721557319, -0.00306481309235, 0.000601007195655, 0.00258249533363, -0.00291703594849, 0.000110732558824, -0.000651726615615, -0.00405973708257, 0.00623752363026, 0.000384264363674, -0.0129433590919, 0.0269788298756]], "mean": [-613.978881836, 69.1612472534, -8.85809707642, 73.5442886353, 17.4389533997, 11.8780670166, 10.7017049789, 5.82697963715, 13.5524873734, -6.26804733276, -6.57543611526, 5.67728090286, -4.38197469711], "cov": [[6042.2109375, -177.678207397, -81.3940658569, -236.480926514, -264.595855713, -296.780029297, -62.1153259277, -62.8213729858, 21.7519760132, -41.3863983154, -44.2395477295, 78.6136322021, 24.4088191986], [-177.678207397, 571.534057617, -132.838378906, 97.0642700195, -68.318649292, 35.0588684082, -8.2988615036, -30.319776535, -25.8882369995, -61.2229576111, -20.3172225952, 3.14848852158, -11.8721351624], [-81.3940658569, -132.838378906, 587.773681641, -151.416595459, 196.568893433, -25.9027481079, 36.2022590637, 14.0812616348, -49.2414779663, 52.7092590332, 25.2903385162, 0.333977341652, 33.120765686], [-236.480926514, 97.0642700195, -151.416595459, 421.764678955, 78.5097427368, 93.608757019, -3.30755782127, -9.31212902069, 44.5258026123, -34.7283706665, -22.7489871979, -34.4898681641, -27.7814807892], [-264.595855713, -68.318649292, 196.568893433, 78.5097427368, 240.809249878, 85.5052032471, 63.3045501709, -4.91842699051, -10.5621433258, 0.0319497026503, 1.55560743809, -6.68115615845, 4.46982192993], [-296.780029297, 35.0588684082, -25.9027481079, 93.608757019, 85.5052032471, 142.060043335, 66.3348388672, 13.6233587265, -20.8344860077, -17.6610946655, 8.54416275024, 0.484144151211, 3.21001386642], [-62.1153259277, -8.2988615036, 36.2022590637, -3.30755782127, 63.3045501709, 66.3348388672, 108.514144897, 35.0888977051, 5.60035610199, -11.2765598297, 7.51213407516, 7.59950494766, 13.1412906647], [-62.8213729858, -30.319776535, 14.0812616348, -9.31212902069, -4.91842699051, 13.6233587265, 35.0888977051, 84.4797744751, 47.6086730957, 27.9458141327, -1.32437980175, 0.053127810359, 7.49976491928], [21.7519760132, -25.8882369995, -49.2414779663, 44.5258026123, -10.5621433258, -20.8344860077, 5.60035610199, 47.6086730957, 106.171974182, 41.3258857727, 3.32060647011, -9.96311664581, -4.41211700439], [-41.3863983154, -61.2229576111, 52.7092590332, -34.7283706665, 0.0319497026503, -17.6610946655, -11.2765598297, 27.9458141327, 41.3258857727, 84.6728973389, 38.0757980347, 6.17117786407, -3.42175030708], [-44.2395477295, -20.3172225952, 25.2903385162, -22.7489871979, 1.55560743809, 8.54416275024, 7.51213407516, -1.32437980175, 3.32060647011, 38.0757980347, 65.016998291, 23.5283336639, 6.89770460129], [78.6136322021, 3.14848852158, 0.333977341652, -34.4898681641, -6.68115615845, 0.484144151211, 7.59950494766, 0.053127810359, -9.96311664581, 6.17117786407, 23.5283336639, 53.1378250122, 23.3468017578], [24.4088191986, -11.8721351624, 33.120765686, -27.7814807892, 4.46982192993, 3.21001386642, 13.1412906647, 7.49976491928, -4.41211700439, -3.42175030708, 6.89770460129, 23.3468017578, 52.9938926697]]}, "erbbands_flatness_db": {"var": 0.00174138881266, "mean": 0.154171854258, "dmean2": 0.033126078546, "dvar": 0.000392291869503, "dmean": 0.021419307217, "max": 0.371651172638, "min": 0.035131148994, "median": 0.149110600352, "dvar2": 0.000938187004067}, "barkbands": {"var": [2.42501737375e-05, 0.000274347461527, 7.16748691048e-05, 8.35117862152e-06, 7.49705486669e-06, 1.72784882579e-06, 3.37823365726e-07, 5.74617558868e-07, 7.10931203685e-07, 2.89823162802e-07, 1.74816861431e-07, 4.14999050236e-07, 3.59254443083e-07, 6.91806718578e-08, 5.50183258952e-08, 2.34534979882e-07, 8.91868921826e-07, 4.48027776656e-07, 6.67200254156e-07, 4.29245375244e-07, 1.23371330574e-06, 8.09275491065e-08, 6.9667812852e-08, 3.85574054462e-07, 1.13890493481e-07, 3.21757092081e-08, 6.06768146838e-09], "mean": [0.00136427069083, 0.0112205510959, 0.00632233917713, 0.0019703307189, 0.00225572567433, 0.00078019493958, 0.000258769752691, 0.000269284268143, 0.00029514124617, 0.000217474269448, 0.000182610048796, 0.000270597025519, 0.00019751326181, 0.000148596867803, 0.000300064333715, 0.000701716926415, 0.00151092687156, 0.00105548277497, 0.00116375181824, 0.00107043259777, 0.00205368967727, 0.000318268896081, 0.000160050360137, 0.000212063794606, 0.000163121949299, 7.26720681996e-05, 1.72502641362e-05], "dmean2": [0.00174837291706, 0.0222936347127, 0.0107078487054, 0.00279858079739, 0.00299918162636, 0.00102600164246, 0.000368674314814, 0.000430777552538, 0.000462334777694, 0.00029747892404, 0.000213637555134, 0.000293937831884, 0.000211575519643, 0.000153356348164, 0.00024979954469, 0.000567845301703, 0.00106736132875, 0.000718811701518, 0.000738459406421, 0.000693899346516, 0.00101004703902, 0.000268105446594, 0.000183410287718, 0.000302187807392, 0.000262541492702, 8.5319588834e-05, 2.8795479011e-05], "dvar": [4.99010320709e-06, 0.000335544842528, 6.98486619513e-05, 4.94554160468e-06, 7.08553761797e-06, 1.39696112456e-06, 2.9549889291e-07, 5.42148427485e-07, 6.92774221989e-07, 2.39662284685e-07, 1.35393989353e-07, 2.14142389154e-07, 1.50658237885e-07, 3.32458895969e-08, 3.03084277675e-08, 1.24755445086e-07, 4.04607703786e-07, 1.98795191864e-07, 2.39871383201e-07, 2.31600040479e-07, 3.30655922198e-07, 5.10727957703e-08, 4.98841927765e-08, 2.85838495984e-07, 1.03175111121e-07, 2.8138821051e-08, 6.2741567497e-09], "dmean": [0.00100234989077, 0.0121109746397, 0.00601124297827, 0.00163237855304, 0.00173929217272, 0.000606492802035, 0.00021562918846, 0.000250358425546, 0.000271246768534, 0.000175033113919, 0.000130014930619, 0.000177960318979, 0.000127036721096, 9.04538901523e-05, 0.000148163948325, 0.000337060511811, 0.000635258038528, 0.000427715014666, 0.000442410237156, 0.000407225772506, 0.000611827301327, 0.000157748057973, 0.000110983877676, 0.000180913513759, 0.000150898064021, 5.4069354519e-05, 1.76646499312e-05], "max": [0.120731502771, 0.189962863922, 0.1079005301, 0.0373166427016, 0.0301217995584, 0.0223076939583, 0.00867099314928, 0.0175112895668, 0.0159875322133, 0.0104261189699, 0.012752469629, 0.011333684437, 0.0234715845436, 0.00657206773758, 0.00345813110471, 0.00438172370195, 0.00882446020842, 0.00732651911676, 0.0128533653915, 0.00751494383439, 0.00848523434252, 0.00453982362524, 0.00607899902388, 0.0227489620447, 0.00992318335921, 0.00503403740004, 0.00195950060152], "min": [1.03013093653e-23, 2.38577696366e-23, 7.16445051844e-24, 2.85817401053e-23, 3.69422141965e-23, 2.73972591452e-23, 1.64907995912e-23, 4.08906239548e-23, 3.66737869186e-23, 2.81867069629e-23, 5.11614825002e-23, 3.93730196562e-23, 6.18596259773e-23, 5.04481629153e-23, 1.12829626692e-22, 1.83451837563e-22, 2.79899461205e-22, 1.86778962561e-22, 3.35204113755e-22, 2.17586795565e-22, 3.56729212228e-22, 5.65546828023e-22, 8.46340516706e-22, 8.82837387367e-22, 9.74532559506e-22, 1.85114660426e-21, 2.82496355964e-21], "median": [0.000419183517806, 0.00540202204138, 0.00310463784263, 0.000921484199353, 0.00134846195579, 0.000316497229505, 9.02506362763e-05, 5.14608364028e-05, 6.40434882371e-05, 7.45159268263e-05, 6.95997805451e-05, 7.10700114723e-05, 5.73196448386e-05, 8.4942614194e-05, 0.000255606719293, 0.000626398250461, 0.00138768507168, 0.000971021829173, 0.00106319691986, 0.00102268182673, 0.00204832036979, 0.000260808010353, 8.54805766721e-05, 7.65032746131e-05, 5.49933429284e-05, 1.83972842933e-05, 9.35720038342e-07], "dvar2": [1.44005243783e-05, 0.000931604125071, 0.000192541556316, 1.29528634716e-05, 1.96095315914e-05, 3.7374625208e-06, 7.97845814304e-07, 1.48033291225e-06, 1.85043563761e-06, 6.43815383228e-07, 3.56513652378e-07, 5.53201971343e-07, 3.90173454434e-07, 8.83525856921e-08, 8.2653713207e-08, 3.4311446484e-07, 1.12510542749e-06, 5.40136966265e-07, 6.44507849756e-07, 6.63826085656e-07, 8.9711528517e-07, 1.36170740461e-07, 1.18503109547e-07, 6.6694542511e-07, 2.52186879379e-07, 6.98917332898e-08, 1.57866466566e-08]}, "spectral_energyband_low": {"var": 0.000602361571509, "mean": 0.0197765603662, "dmean2": 0.0323928147554, "dvar": 0.000655683747027, "dmean": 0.0178575478494, "max": 0.280779153109, "min": 4.96069437341e-23, "median": 0.0109916338697, "dvar2": 0.00181695318315}, "erbbands_spread": {"var": 528.305358887, "mean": 40.0213394165, "dmean2": 21.4571056366, "dvar": 173.337783813, "dmean": 13.1166791916, "max": 173.145797729, "min": 1.81566977501, "median": 34.854637146, "dvar2": 439.187683105}, "average_loudness": 0.621728003025, "spectral_energyband_middle_high": {"var": 1.08160684249e-05, "mean": 0.00620342371985, "dmean2": 0.00239120377228, "dvar": 2.63406400336e-06, "dmean": 0.00148146355059, "max": 0.0346595346928, "min": 1.40610485545e-21, "median": 0.00612647412345, "dvar2": 6.89768285156e-06}, "barkbands_flatness_db": {"var": 0.00355196068995, "mean": 0.122644670308, "dmean2": 0.0460962355137, "dvar": 0.000713409041055, "dmean": 0.0283252559602, "max": 0.527389347553, "min": 0.0213042926043, "median": 0.110620826483, "dvar2": 0.00185285345651}, "spectral_entropy": {"var": 0.0748812183738, "mean": 7.86248207092, "dmean2": 0.181648418307, "dvar": 0.0156714487821, "dmean": 0.115977391601, "max": 9.79327106476, "min": 5.00701999664, "median": 7.89305210114, "dvar2": 0.0363456569612}, "melband