{"tonal": {"chords_key": "F", "hpcp_entropy": {"dmean": 0.568995177746, "dmean2": 0.957343995571, "max": 4.43116188049, "dvar": 0.248017594218, "mean": 1.80732703209, "dvar2": 0.659446001053, "min": 0, "var": 0.490403205156, "median": 1.80636322498}, "key_key": "A#", "chords_strength": {"dmean": 0.00952703598887, "dmean2": 0.00774287013337, "max": 0.779339373112, "dvar": 0.000321053172229, "mean": 0.506870269775, "dvar2": 0.000571124372073, "min": -1, "var": 0.0156578831375, "median": 0.514251112938}, "key_scale": "minor", "chords_number_rate": 0.0013871549163, "thpcp": [1, 0.59189748764, 0.275277882814, 0.307388216257, 0.231346160173, 0.287726789713, 0.40435308218, 0.283661931753, 0.326512515545, 0.571401953697, 0.421130895615, 0.152055948973, 0.114412650466, 0.15742315352, 0.470989495516, 0.857041537762, 0.602279126644, 0.149513304234, 0.0788577720523, 0.155374467373, 0.52454918623, 0.836074233055, 0.536025762558, 0.314102739096, 0.481672257185, 0.373831897974, 0.158054411411, 0.121591366827, 0.125821083784, 0.347653746605, 0.629569411278, 0.452568650246, 0.177739620209, 0.139885038137, 0.171478554606, 0.630876719952], "key_strength": 0.688413977623, "tuning_nontempered_energy_ratio": 0.661362290382, "tuning_frequency": 437.718536377, "chords_changes_rate": 0.0611735321581, "tuning_diatonic_strength": 0.482285290956, "chords_scale": "minor", "chords_histogram": [9.80718517303, 11.6243581772, 17.991399765, 14.8564291, 10.7920656204, 4.78568458557, 0.0693577453494, 9.2384519577, 0, 8.87779140472, 0, 0.776806771755, 0.0971008464694, 0, 0.235816344619, 0, 0, 0.388403385878, 0.818421423435, 0, 0.998751580715, 0.0416146479547, 1.81717300415, 6.78318786621], "tuning_equal_tempered_deviation": 0.0263521466404, "hpcp": {"dmean": [0.0501136742532, 0.0665596425533, 0.110717207193, 0.127558350563, 0.122295834124, 0.0573912523687, 0.0352673865855, 0.0545921996236, 0.0994642749429, 0.116801388562, 0.111162394285, 0.0844620913267, 0.0816612616181, 0.0790605768561, 0.053434304893, 0.046035297215, 0.0513055063784, 0.0803825333714, 0.104930870235, 0.100143902004, 0.0783598795533, 0.068016000092, 0.0750376433134, 0.133604168892, 0.151399403811, 0.129599288106, 0.103093728423, 0.0918395072222, 0.0724678486586, 0.0846350714564, 0.099453933537, 0.0876652225852, 0.0908273234963, 0.110890626907, 0.0988566949964, 0.059882581234], "dmean2": [0.0907384306192, 0.120386347175, 0.189538300037, 0.213300168514, 0.205128788948, 0.101882658899, 0.064863704145, 0.0984594374895, 0.169296264648, 0.193774372339, 0.189529791474, 0.147150546312, 0.139420703053, 0.135642036796, 0.0933777168393, 0.0823576003313, 0.0931319072843, 0.136909276247, 0.172361597419, 0.170394256711, 0.143276751041, 0.125982582569, 0.137442529202, 0.229152396321, 0.255844414234, 0.222403839231, 0.186388581991, 0.165062382817, 0.129159599543, 0.149448856711, 0.173857852817, 0.154281646013, 0.160031095147, 0.19170948863, 0.17088766396, 0.109412968159], "max": [1, 1, 1, 1, 1, 1, 1, 1, 1, 1, 1, 1, 1, 1, 1, 1, 1, 1, 1, 1, 1, 1, 1, 1, 1, 1, 1, 1, 1, 1, 1, 1, 1, 1, 1, 1], "dvar": [0.0160439386964, 0.0207519773394, 0.0299262404442, 0.0403603240848, 0.0344492569566, 0.0146230682731, 0.00987057667226, 0.0160999335349, 0.024075627327, 0.0344427861273, 0.0283920504153, 0.0220882315189, 0.0277890022844, 0.0245876368135, 0.0148143591359, 0.013949344866, 0.0163378864527, 0.0215486623347, 0.0359664410353, 0.0297251977026, 0.0310116149485, 0.0280741415918, 0.0267580710351, 0.0341303609312, 0.0471628084779, 0.0349796824157, 0.0381322950125, 0.0397276170552, 0.0251321978867, 0.0276484470814, 0.0379243120551, 0.0277599692345, 0.0262424945831, 0.0380414128304, 0.0298645086586, 0.0172288492322], "mean": [0.0402363203466, 0.0553621351719, 0.165636271238, 0.301401972771, 0.211807847023, 0.0525804236531, 0.02773248218, 0.0546416565776, 0.184471994638, 0.294028252363, 0.188508033752, 0.110462769866, 0.169393151999, 0.131468161941, 0.0555841326714, 0.042760912329, 0.044248405844, 0.12226190418, 0.221405208111, 0.159158080816, 0.0625069737434, 0.049194380641, 0.0603050999343, 0.221864968538, 0.351677209139, 0.208156853914, 0.0968089550734, 0.108101435006, 0.0813591703773, 0.101186953485, 0.142201766372, 0.0997574403882, 0.114827014506, 0.200949043036, 0.148102134466, 0.053474612534], "dvar2": [0.0450618825853, 0.0574584379792, 0.0794101282954, 0.0941971614957, 0.0861097425222, 0.0405903123319, 0.0278148259968, 0.0440801084042, 0.0643209666014, 0.0786890909076, 0.0746041536331, 0.0604196749628, 0.0695141404867, 0.0641308054328, 0.0400398038328, 0.0388285778463, 0.0460446178913, 0.0581837892532, 0.0855653360486, 0.0776108279824, 0.0882481336594, 0.07937759161, 0.0752429366112, 0.093014113605, 0.113344147801, 0.0937170237303, 0.104315534234, 0.105343461037, 0.0678682476282, 0.0763591304421, 0.0968552082777, 0.0748856961727, 0.0717776045203, 0.0952913910151, 0.0791415199637, 0.0487044118345], "min": [0, 0, 0, 0, 0, 0, 0, 0, 0, 0, 0, 0, 0, 0, 0, 0, 0, 0, 0, 0, 0, 0, 0, 0, 0, 0, 0, 0, 0, 0, 0, 0, 0, 0, 0, 0], "var": [0.0116021679714, 0.017228031531, 0.0509575158358, 0.135361880064, 0.0788455158472, 0.0125613799319, 0.00756118958816, 0.0197897814214, 0.0612018592656, 0.130438104272, 0.0606736242771, 0.0349857285619, 0.0961295515299, 0.0623215213418, 0.0142856407911, 0.0109504703432, 0.0125102587044, 0.0399631895125, 0.11066891253, 0.0590094998479, 0.0217471010983, 0.0181521289051, 0.0190954264253, 0.064529389143, 0.138996705413, 0.061490084976, 0.0368434786797, 0.061467628926, 0.0313609689474, 0.0360775627196, 0.0660900995135, 0.033302411437, 0.0362409614027, 0.10069193691, 0.0587045550346, 0.0137632125989], "median": [0.00658203847706, 0.0100896283984, 0.054485052824, 0.0951996222138, 0.0555818974972, 0.012271637097, 0.00370934372768, 0.00677165575325, 0.058961790055, 0.0959602370858, 0.0638751834631, 0.0188363734633, 0.00770119903609, 0.00791387166828, 0.0103034134954, 0.00826593209058, 0.00981106981635, 0.0224524941295, 0.0362410061061, 0.0289897080511, 0.0108817527071, 0.00494628446177, 0.0127856843174, 0.111691333354, 0.181378215551, 0.0946188569069, 0.010538152419, 0.00359862670302, 0.00566376699135, 0.0171611234546, 0.0206713844091, 0.0181573759764, 0.0233599506319, 0.0226754825562, 0.0186718478799, 0.01089563407]}}, "lowlevel": {"melbands_flatness_db": {"dmean": 0.0279890764505, "dmean2": 0.0429110787809, "max": 0.662409961224, "dvar": 0.00125319999643, "mean": 0.239347487688, "dvar2": 0.00279570510611, "min": 0.00413909787312, "var": 0.00919541157782, "median": 0.225882619619}, "melbands_crest": {"dmean": 2.62559652328, "dmean2": 4.30717849731, "max": 29.6509552002, "dvar": 6.40769910812, "mean": 13.4140882492, "dvar2": 17.4704837799, "min": 1.67760455608, "var": 18.1593475342, "median": 13.0088863373}, "spectral_entropy": {"dmean": 0.204239085317, "dmean2": 0.293530881405, "max": 9.82027435303, "dvar": 0.0760401859879, "mean": 7.26865339279, "dvar2": 0.14214733243, "min": 4.18074035645, "var": 0.556296408176, "median": 7.39657211304}, "melbands": {"dmean": [0.000686991785187, 0.00105780619197, 0.000876501377206, 0.000675361370668, 0.000294397585094, 0.00013959822536, 0.000119795484352, 0.000151531974552, 7.11375396349e-05, 7.17419679859e-05, 6.05716122664e-05, 5.59994878131e-05, 5.56483355467e-05, 3.04912173306e-05, 1.55178040586e-05, 1.6661517293e-05, 2.23267506954e-05, 9.43244322116e-06, 9.22780600376e-06, 1.63762670127e-05, 6.19683260084e-06, 6.07445554124e-06, 5.97010557613e-06, 4.31816897617e-06, 3.66662243323e-06, 3.54765643351e-06, 3.84178747481e-06, 3.65299274563e-06, 2.17071442421e-06, 2.45167234425e-06, 3.70557404494e-06, 2.03455078918e-06, 2.01396301236e-06, 2.7761700494e-06, 2.38562802224e-06, 1.56237513238e-06, 1.06914978915e-06, 8.96456299415e-07, 7.24343806269e-07, 5.29742123945e-07], "dmean2": [0.00116198521573, 0.00192147586495, 0.00150797748938, 0.00108271325007, 0.000464128534077, 0.00021926566842, 0.000185979675734, 0.000236641673837, 0.000105399172753, 0.000108741121949, 9.08092260943e-05, 8.5192725237e-05, 8.84684413904e-05, 4.86116186948e-05, 2.47131611104e-05, 2.66710412689e-05, 3.53948998963e-05, 1.52599404828e-05, 1.50231589942e-05, 2.6442876333e-05, 9.97730512609e-06, 9.8646414699e-06, 9.80506865744e-06, 7.21978767615e-06, 6.06155936111e-06, 5.98806445851e-06, 6.33501031189e-06, 6.10333654549e-06, 3.51541530108e-06, 3.97909980165e-06, 6.20704940957e-06, 3.02723856294e-06, 2.97766609947e-06, 4.11915834775e-06, 3.67562643078e-06, 2.30389400713e-06, 1.50625101014e-06, 1.26153668134e-06, 1.02525586954e-06, 7.3480566698e-07], "max": [0.0230012144893, 0.041189044714, 0.0239957086742, 0.0201234836131, 0.0103399893269, 0.0044331420213, 0.00894186366349, 0.0166175104678, 0.00541261769831, 0.00648291921243, 0.00441499380395, 0.0106771737337, 0.00694346381351, 0.00220746640116, 0.00160757731646, 0.00131405307911, 0.00959467794746, 0.00160381593741, 0.000894940108992, 0.00182112515904, 0.000433582812548, 0.000632659008261, 0.000359623867553, 0.000373728718841, 0.000500900612678, 0.000349283538526, 0.000442639284302, 0.000363688217476, 0.000176018380444, 0.000127717590658, 0.00024851411581, 0.000267931871349, 0.000281581189483, 0.000242655645707, 0.000251436955296, 0.000248506432399, 0.000220546702622, 0.000192091873032, 0.000110023800517, 6.17066471023e-05], "dvar": [4.43633371106e-06, 1.17895397125e-05, 3.00932174468e-06, 1.35311267968e-06, 2.71256055839e-07, 5.95319029628e-08, 9.00053436226e-08, 2.09688323594e-07, 3.00645588425e-08, 2.86262409332e-08, 1.88564008852e-08, 4.64421994195e-08, 4.20730863482e-08, 7.51457474024e-09, 2.14247042329e-09, 1.87240800642e-09, 2.66621729139e-08, 9.49025191765e-10, 7.49361628305e-10, 2.89773804951e-09, 3.04174435639e-10, 2.9745877983e-10, 2.28010776926e-10, 1.31321439834e-10, 1.16437123832e-10, 1.04248804034e-10, 1.08092819417e-10, 7.7689174538e-11, 2.46706925722e-11, 4.47817928573e-11, 2.00243002735e-10, 4.34478945877e-11, 5.43897982208e-11, 6.48138209769e-11, 5.02718422446e-11, 2.65564775032e-11, 1.56403466567e-11, 1.41855676511e-11, 8.68119551939e-12, 2.69136579342e-12], "mean": [0.000832903198898, 0.00108480663039, 0.0014275170397, 0.00142622110434, 0.000653876923025, 0.000285251502646, 0.000213560822885, 0.00024243700318, 0.000129647567519, 0.000128246319946, 0.000110250628495, 9.83004574664e-05, 0.00010057567124, 5.16504842381e-05, 2.5798639399e-05, 2.56225066551e-05, 3.85327657568e-05, 1.47797836689e-05, 1.38949617394e-05, 2.74711546808e-05, 1.03020720417e-05, 1.06874185803e-05, 1.00458009911e-05, 6.60660634821e-06, 6.40173038846e-06, 5.56908435101e-06, 6.73245858707e-06, 6.19262345936e-06, 4.08983396483e-06, 3.89165415982e-06, 4.9206478252e-06, 3.55719862455e-06, 3.69295321434e-06, 4.94112146043e-06, 4.27990653407e-06, 3.0067485568e-06, 2.02229216484e-06, 1.65140750141e-06, 1.30223816086e-06, 1.01335285763e-06], "dvar2": [1.17026174848e-05, 3.31600276695e-05, 8.35862920212e-06, 3.46712067767e-06, 6.59648037526e-07, 1.43921283779e-07, 2.07822139942e-07, 5.34655953288e-07, 6.63602079953e-08, 6.97365507563e-08, 4.26975681478e-08, 1.13568702886e-07, 1.12615801129e-07, 1.91900166868e-08, 5.16788833949e-09, 4.69059280306e-09, 6.51538130114e-08, 2.74914335741e-09, 1.94989380198e-09, 7.39330374699e-09, 7.22949089482e-10, 7.46943729091e-10, 5.71531211246e-10, 3.42308376089e-10, 3.05376252063e-10, 2.71835415289e-10, 2.64758603929e-10, 1.99043129201e-10, 6.09419945063e-11, 1.11803316605e-10, 5.48496914554e-10, 9.20992102027e-11, 1.13552008074e-10, 1.38449030018e-10, 1.11781098266e-10, 4.9921688311e-11, 2.77799467457e-11, 2.9856030842e-11, 1.84199964309e-11, 4.93021031986e-12], "min": [1.81993800152e-24, 4.91639415378e-25, 1.47137359826e-24, 1.33049132363e-24, 1.40806455239e-24, 1.26080995797e-24, 2.2044505004e-24, 2.25542629766e-24, 2.42067392186e-24, 1.58013602063e-24, 2.58868038986e-24, 3.10666440681e-24, 3.21448473204e-24, 3.29740170458e-24, 1.9008325319e-24, 3.31201949437e-24, 3.76842838172e-24, 2.84818525653e-24, 4.1980550469e-24, 3.8474111077e-24, 4.36538388339e-24, 3.01347547922e-24, 3.31112729268e-24, 3.84717721044e-24, 3.52362038814e-24, 4.45252737543e-24, 4.45152078892e-24, 4.57655760898e-24, 4.69518690634e-24, 4.24539735084e-24, 3.77808009489e-24, 5.28480087399e-24, 5.64119008717e-24, 5.10056438173e-24, 5.3552497027e-24, 5.72848859038e-24, 5.83787046578e-24, 6.27629174677e-24, 5.140758817e-24, 7.01432397728e-24], "var": [3.3760190945e-06, 7.37810432838e-06, 3.16922410093e-06, 2.86441195385e-06, 6.96778727161e-07, 1.47476924894e-07, 2.07309298617e-07, 3.84917086649e-07, 6.68210162758e-08, 7.26822761976e-08, 6.42341575485e-08, 1.33864816121e-07, 1.12711049383e-07, 1.69639342573e-08, 5.28312993353e-09, 3.93295707113e-09, 6.97567017482e-08, 1.86145243664e-09, 1.39575662139e-09, 7.49332063066e-09, 7.93236920593e-10, 8.86060946836e-10, 5.76008796216e-10, 2.28254165568e-10, 2.4529142606e-10, 1.6995187202e-10, 2.83576523374e-10, 1.97562174953e-10, 6.38293654043e-11, 6.91433230116e-11, 1.9335009982e-10, 9.42332531451e-11, 1.23686658138e-10, 1.61142613142e-10, 1.30421604072e-10, 9.58081045055e-11, 5.17396195332e-11, 3.57013411889e-11, 1.96766006266e-11, 8.39460272128e-12], "median": [0.000362640974345, 0.000463864125777, 0.000963421072811, 0.000958406599239, 0.000380136101739, 0.000150849868078, 6.90487504471e-05, 5.20534740645e-05, 3.61688325938e-05, 3.34898650181e-05, 2.24427749345e-05, 1.63206041179e-05, 1.40322053994e-05, 9.12384984986e-06, 5.16004047313e-06, 4.53452048532e-06, 2.97784481518e-06, 2.66913139058e-06, 1.77677520696e-06, 2.61277409663e-06, 1.50903611029e-06, 1.33672028824e-06, 1.4983939991e-06, 1.30213834382e-06, 1.15087163977e-06, 1.06538595901e-06, 1.02382125533e-06, 9.7935355825e-07, 7.5465129612e-07, 7.18340231742e-07, 7.8569132711e-07, 5.91257162341e-07, 5.72812268729e-07, 7.58640908316e-07, 6.39837480776e-07, 4.25553878358e-07, 3.14181193062e-07, 2.33015811091e-07, 1.5779154694e-07, 1.39397130283e-07]}, "silence_rate_60dB": {"dmean": 0.016926812008, "dmean2": 0.0338559746742, "max": 1, "dvar": 0.0166434403509, "mean": 0.115843504667, "dvar2": 0.0379931814969, "min": 0, "var": 0.102431438863, "median": 0}, "spectral_energyband_middle_high": {"dmean": 0.00122654531151, "dmean2": 0.00188704195898, "max": 0.0997392237186, "dvar": 7.212861874e-06, "mean": 0.0033939704299, "dvar2": 1.78364989551e-05, "min": 1.1554478243e-21, "var": 3.91612920794e-05, "median": 0.00120077095926}, "erbbands_skewness": {"dmean": 0.411349564791, "dmean2": 0.614618182182, "max": 8.32861232758, "dvar": 0.216692000628, "mean": 0.848279833794, "dvar2": 0.461203604937, "min": -4.20719385147, "var": 1.37107110023, "median": 0.692096948624}, "dynamic_complexity": 4.50617456436, "dissonance": {"dmean": 0.0219679623842, "dmean2": 0.0365119501948, "max": 0.500000119209, "dvar": 0.000438326504081, "mean": 0.44879502058, "dvar2": 0.00115701986942, "min": 0.218574643135, "var": 0.00129630113952, "median": 0.457275211811}, "spectral_skewness": {"dmean": 0.264359235764, "dmean2": 0.39618653059, "max": 12.3042240143, "dvar": 0.191335871816, "mean": 1.79943859577, "dvar2": 0.367211133242, "min": -0.301158636808, "var": 1.11812758446, "median": 1.5936486721}, "spectral_kurtosis": {"dmean": 2.09437847137, "dmean2": 3.22920489311, "max": 204.443008423, "dvar": 33.9304962158, "mean": 6.06916284561, "dvar2": 70.2001571655, "min": -1.24966454506, "var": 119.436058044, "median": 3.46389508247}, "gfcc": {"cov": [[23759.8828125, -1144.3182373, -1454.80932617, 196.638549805, -973.969055176, 316.940887451, -429.579742432, 252.987472534, -439.11416626, 174.003173828, -452.768493652, -2.49204778671, -367.835021973], [-1144.3182373, 2004.20373535, -61.2090263367, -144.690444946, 205.927017212, -122.2550354, 72.2392501831, -94.8391494751, 56.3678588867, -163.621673584, 201.238815308, -63.6554145813, 102.375488281], [-1454.80932617, -61.2090263367, 1127.58862305, 112.095977783, 112.127716064, -42.577835083, -14.0246181488, -86.8251724243, 2.93280005455, -17.4969825745, 23.5845794678, 19.658788681, -11.4974851608], [196.638549805, -144.690444946, 112.095977783, 657.330627441, -17.9750728607, 9.30901145935, -46.6729354858, -42.765171051, 43.2523841858, -36.8652229309, -56.4314498901, -18.1031780243, 33.456451416], [-973.969055176, 205.927017212, 112.127716064, -17.9750728607, 335.175994873, -40.3705787659, 48.8303756714, 3.2447681427, 48.4203338623, -25.3328647614, 39.0605125427, -9.05912780762, 19.2992153168], [316.940887451, -122.2550354, -42.577835083, 9.30901145935, -40.3705787659, 201.288635254, 48.4906997681, 31.6715908051, -27.1223125458, 26.2885570526, -28.6644382477, -5.46412277222, -2.80050969124], [-429.579742432, 72.2392501831, -14.0246181488, -46.6729354858, 48.8303756714, 48.4906997681, 211.906417847, 17.425163269, -6.73804283142, -22.1465969086, 6.38047218323, -12.0563564301, 1.12955451012], [252.987472534, -94.8391494751, -86.8251724243, -42.765171051, 3.2447681427, 31.6715908051, 17.425163269, 126.367324829, 23.9163627625, 22.2101192474, -16.7289772034, 0.0257885418832, -14.0548639297], [-439.11416626, 56.3678588867, 2.93280005455, 43.2523841858, 48.4203338623, -27.1223125458, -6.73804283142, 23.9163627625, 122.725753784, 17.1195220947, -1.45122671127, -12.4574728012, 10.7686100006], [174.003173828, -163.621673584, -17.4969825745, -36.8652229309, -25.3328647614, 26.2885570526, -22.1465969086, 22.2101192474, 17.1195220947, 107.517051697, 9.44376564026, 2.04233646393, -24.8960571289], [-452.768493652, 201.238815308, 23.5845794678, -56.4314498901, 39.0605125427, -28.6644382477, 6.38047218323, -16.7289772034, -1.45122671127, 9.44376564026, 117.266693115, 21.7446079254, 15.8096446991], [-2.49204778671, -63.6554145813, 19.658788681, -18.1031780243, -9.05912780762, -5.46412277222, -12.0563564301, 0.0257885418832, -12.4574728012, 2.04233646393, 21.7446079254, 82.4139022827, 24.9652309418], [-367.835021973, 102.375488281, -11.4974851608, 33.456451416, 19.2992153168, -2.80050969124, 1.12955451012, -14.0548639297, 10.7686100006, -24.8960571289, 15.8096446991, 24.9652309418, 98.1601791382]], "mean": [-48.0935249329, 93.7344970703, -82.4048156738, 33.5999336243, -63.7680206299, 11.3313884735, -37.9218139648, 0.808287620544, -25.951921463, -5.64937210083, -17.0101490021, -0.815312147141, -9.02161026001], "icov": [[6.4551102696e-05, -3.55648298864e-05, 6.73267859383e-05, -5.18597153132e-05, 8.25771785458e-05, -2.2876803996e-05, 0.000114905975352, -0.000115169335913, 0.000241761532379, -9.96701201075e-05, 0.000219194771489, -0.000111315901449, 0.000211051345104], [-3.55648298864e-05, 0.000944867962971, 6.73925533192e-05, 0.000280560401734, -0.000184367541806, 1.97881195163e-06, -5.96940735704e-05, 0.000493117258884, -0.000737283495255, 0.00154091836885, -0.00178051739931, 0.00126606051344, -0.000662376987748], [6.73267859383e-05, 6.73925533192e-05, 0.00109262776095, -0.000199901027372, -0.000317749130772, -1.22510564324e-05, 0.000150206469698, 0.000620028702542, 0.000155165427714, 6.46928310744e-05, 3.21283050653e-06, -0.000436420959886, 0.00063715496799], [-5.18597153132e-05, 0.000280560401734, -0.000199901027372, 0.00194029742852, 6.28222333035e-05, -0.000361572107067, 0.00032952032052, 0.00084304518532, -0.00124740682077, 0.00110972486436, 0.000163409713423, 0.000724160228856, -0.000869620998856], [8.25771785458e-05, -0.000184367541806, -0.000317749130772, 6.28222333035e-05, 0.00387552776374, 0.000433625536971, -0.00065694260411, -0.000614114571363, -0.00101990194526, 0.000534024497028, -0.000608932110481, 0.00034059950849, -0.000128089188365], [-2.2876803996e-05, 1.97881195163e-06, -1.22510564324e-05, -0.000361572107067, 0.000433625536971, 0.00653527677059, -0.00180081173312, -0.00139565393329, 0.00200113537721, -0.00239677983336, 0.0013764918549, 0.000511502497829, -0.00122311292216], [0.000114905975352, -5.96940735704e-05, 0.000150206469698, 0.00032952032052, -0.00065694260411, -0.00180081173312, 0.00589872896671, -0.000743043143302, 0.000437043025158, 0.00158538424876, -0.000281384942355, 0.000600358354859, 0.000548420241103], [-0.000115169335913, 0.000493117258884, 0.000620028702542, 0.00084304518532, -0.000614114571363, -0.00139565393329, -0.000743043143302, 0.0104673756287, -0.00322869769298, -9.32936090976e-05, 0.000367214379366, -0.000706108869053, 0.000878623570316], [0.000241761532379, -0.000737283495255, 0.000155165427714, -0.00124740682077, -0.00101990194526, 0.00200113537721, 0.000437043025158, -0.00322869769298, 0.0120977060869, -0.00429904693738, 0.00239969044924, 0.000851230055559, -0.00111199193634], [-9.96701201075e-05, 0.00154091836885, 6.46928310744e-05, 0.00110972486436, 0.000534024497028, -0.00239677983336, 0.00158538424876, -9.32936090976e-05, -0.00429904693738, 0.0148807838559, -0.00514659192413, 0.0012174451258, 0.00220884918235], [0.000219194771489, -0.00178051739931, 3.21283050653e-06, 0.000163409713423, -0.000608932110481, 0.0013764918549, -0.000281384942355, 0.000367214379366, 0.00239969044924, -0.00514659192413, 0.0144117102027, -0.00470662908629, 0.000145184691064], [-0.000111315901449, 0.00126606051344, -0.000436420959886, 0.000724160228856, 0.00034059950849, 0.000511502497829, 0.000600358354859, -0.000706108869053, 0.000851230055559, 0.0012174451258, -0.00470662908629, 0.0165138915181, -0.00542244547978], [0.000211051345104, -0.000662376987748, 0.00063715496799, -0.000869620998856, -0.000128089188365, -0.00122311292216, 0.000548420241103, 0.000878623570316, -0.00111199193634, 0.00220884918235, 0.000145184691064, -0.00542244547978, 0.0141878612339]]}, "spectral_complexity": {"dmean": 2.65986824036, "dmean2": 4.19661426544, "max": 53, "dvar": 15.3919353485, "mean": 12.4146785736, "dvar2": 36.9964599609, "min": 0, "var": 72.6035842896, "median": 11}, "spectral_flux": {"dmean": 0.0242425091565, "dmean2": 0.0366218686104, "max": 0.380542159081, "dvar": 0.00135849555954, "mean": 0.0680449754, "dvar2": 0.00242830766365, "min": 6.45351896922e-11, "var": 0.00322345970199, "median": 0.0535155832767}, "spectral_energyband_low": {"dmean": 0.00494264950976, "dmean2": 0.00848843622953, "max": 0.159333348274, "dvar": 0.000188975333003, "mean": 0.00651402259246, "dvar2": 0.000506128068082, "min": 1.30897796262e-23, "var": 0.000143304205267, "median": 0.00366706796922}, "spectral_decrease": {"dmean": 2.41284259239e-09, "dmean2": 3.82971832025e-09, "max": 2.84103415706e-13, "dvar": 1.99357475942e-17, "mean": -5.7960161115e-09, "dvar2": 4.98038068367e-17, "min": -5.4966822205e-08, "var": 3.18563334285e-17, "median": -4.23590140741e-09}, "barkbands_spread": {"dmean": 5.28773021698, "dmean2": 8.23365783691, "max": 130.110687256, "dvar": 62.9368209839, "mean": 18.9083766937, "dvar2": 140.298492432, "min": 0.648171544075, "var": 246.707489014, "median": 14.3864459991}, "spectral_rms": {"dmean": 0.000806969066616, "dmean2": 0.00122359988745, "max": 0.0145038366318, "dvar": 1.43019417465e-06, "mean": 0.00427054055035, "dvar2": 3.27911720888e-06, "min": 3.14625170535e-12, "var": 4.64781169285e-06, "median": 0.00408013723791}, "spectral_centroid": {"dmean": 227.012466431, "dmean2": 363.739105225, "max": 11571.5039063, "dvar": 123783.070313, "mean": 1021.51922607, "dvar2": 287581.46875, "min": 95.2160263062, "var": 1024134.4375, "median": 777.184753418}, "barkbands_skewness": {"dmean": 0.604231178761, "dmean2": 0.941604852676, "max": 10.5249385834, "dvar": 0.432164371014, "mean": 2.10539746284, "dvar2": 1.02956366539, "min": -5.48538732529, "var": 2.15944337845, "median": 1.894079566}, "spectral_rolloff": {"dmean": 462.307159424, "dmean2": 794.385131836, "max": 19530.6152344, "dvar": 1080500.375, "mean": 1273.14343262, "dvar2": 2501794.5, "min": 86.1328125, "var": 4335101.5, "median": 645.99609375}, "erbbands_spread": {"dmean": 9.58590221405, "dmean2": 14.0100240707, "max": 161.891479492, "dvar": 128.569580078, "mean": 44.9975662231, "dvar2": 254.353500366, "min": 1.03560948372, "var": 726.795532227, "median": 40.2110290527}, "barkbands": {"dmean": [6.82931859046e-05, 0.00296100694686, 0.00179840321653, 0.00200983555987, 0.00282515608706, 0.00072388513945, 0.000663019192871, 0.000578981940635, 0.000455482455436, 0.000410436914535, 0.000468118611025, 0.000204409167054, 0.00014790109708, 0.000209798861761, 0.00010160531383, 0.000183946031029, 9.98636751319e-05, 9.87395978882e-05, 9.40373793128e-05, 0.000106588799099, 0.00011642985919, 9.35520001804e-05, 0.000131171313114, 7.65236472944e-05, 5.47752024431e-05, 2.99189850921e-05, 1.38593695738e-05], "dmean2": [9.97479073703e-05, 0.00515308044851, 0.00331764994189, 0.00347026926465, 0.00448521599174, 0.0011369389249, 0.00103229063097, 0.000900519371498, 0.00068118335912, 0.000617402140051, 0.000735237030312, 0.00032534415368, 0.000235309329582, 0.000336116296239, 0.000165166784427, 0.000297216203762, 0.000162521246239, 0.000163413700648, 0.000156627036631, 0.000178048809175, 0.000187267069123, 0.000135664173285, 0.000188864098163, 0.000103347294498, 7.37366281101e-05, 4.06696708524e-05, 1.94994081539e-05], "max": [0.0025050197728, 0.0947021991014, 0.0897502377629, 0.0610339082778, 0.0833104029298, 0.0311467181891, 0.0525443479419, 0.0544907078147, 0.035007968545, 0.0407685078681, 0.0614378415048, 0.0127844037488, 0.0115278596058, 0.0727494284511, 0.00870367884636, 0.0170924235135, 0.00700806407258, 0.00844961125404, 0.00954547338188, 0.0108290370554, 0.00601304974407, 0.00993739441037, 0.0112923579291, 0.0106224427, 0.00537523860112, 0.00150214124005, 0.000463255506475], "dvar": [2.50300509208e-08, 8.76577469171e-05, 3.22379164572e-05, 1.68559417943e-05, 2.296675666e-05, 1.46733714246e-06, 2.9195875868e-06, 3.00184387925e-06, 1.00200213637e-06, 9.16081830837e-07, 2.98869554172e-06, 2.63829463165e-07, 1.45613142877e-07, 1.59987018833e-06, 8.04770436957e-08, 3.28221830159e-07, 7.22697350852e-08, 5.90861226613e-08, 5.9943268127e-08, 6.33321235455e-08, 1.36175771104e-07, 9.41212405792e-08, 1.40542894655e-07, 7.85444669305e-08, 2.57467789311e-08, 5.49769474389e-09, 1.51422263617e-09], "mean": [0.000114091832074, 0.00325271114707, 0.00188679015264, 0.00310174468905, 0.00611846568063, 0.0015282855602, 0.00112820893992, 0.000908857502509, 0.000852931349073, 0.000698798452504, 0.000830562785268, 0.000336406461429, 0.000233798957197, 0.000358047196642, 0.00015240846551, 0.000320062448736, 0.000174528540811, 0.000155588117195, 0.000162069380167, 0.000199615140446, 0.000178275193321, 0.00018070745864, 0.000260388973402, 0.000154124267283, 0.000106516381493, 4.63224714622e-05, 1.71299034264e-05], "dvar2": [5.2109971449e-08, 0.00023838490597, 9.34243362281e-05, 4.76201130368e-05, 5.76121019549e-05, 3.48871117239e-06, 6.77054003972e-06, 7.39885445e-06, 2.39295331994e-06, 2.07316816159e-06, 7.55929067964e-06, 6.61329977447e-07, 3.54315545792e-07, 3.925267265e-06, 2.06883314036e-07, 8.29198711472e-07, 1.80517972126e-07, 1.51798033698e-07, 1.52001177867e-07, 1.58963814556e-07, 3.53533380348e-07, 1.83254883268e-07, 2.76644158248e-07, 1.4000477222e-07, 4.69369538791e-08, 1.11048779061e-08, 3.23383364531e-09], "min": [1.1203837682e-25, 3.92287985278e-24, 4.73983722243e-25, 7.07923234003e-25, 4.48228518093e-24, 5.49844846738e-24, 1.04067848014e-23, 7.86423877227e-24, 1.14786992547e-23, 1.65532442427e-23, 1.98515631953e-23, 3.44190331249e-23, 3.6388717831e-23, 3.70633232782e-23, 5.81376161434e-23, 7.0904793469e-23, 5.75926016103e-23, 9.29144923521e-23, 1.19868613617e-22, 1.45083902431e-22, 2.31908975507e-22, 3.24144359594e-22, 4.40817745757e-22, 5.84397195778e-22, 8.44342338344e-22, 1.19017830286e-21, 1.96865552665e-21], "var": [3.56275045021e-08, 6.07209040027e-05, 1.99286550924e-05, 1.82481162483e-05, 5.06329815835e-05, 4.49038589068e-06, 6.83194230078e-06, 4.98698909723e-06, 2.86697240881e-06, 2.46527793024e-06, 8.45280737849e-06, 6.04053127518e-07, 3.15264571782e-07, 4.2735414354e-06, 1.47320676547e-07, 9.04931880541e-07, 2.10420793678e-07, 1.22462338936e-07, 1.28530643906e-07, 1.70397953525e-07, 1.70959253865e-07, 2.46364550094e-07, 4.59619656112e-07, 2.61104247556e-07, 7.99544110919e-08, 1.10705684619e-08, 2.24203011712e-09], "median": [4.68147263746e-05, 0.00142392213456, 0.000638311961666, 0.00179755687714, 0.00415846239775, 0.000816441024654, 0.000265453010798, 0.000203402130865, 0.000238158012507, 0.000122373297927, 9.81410194072e-05, 6.69077126076e-05, 4.45754121756e-05, 3.25075816363e-05, 2.26227821258e-05, 3.36429584422e-05, 2.18681816477e-05, 3.04806108034e-05, 3.04313725792e-05, 3.61795537174e-05, 3.35022887157e-05, 3.17342492053e-05, 4.113115574e-05, 2.44643470069e-05, 1.57753565873e-05, 4.8428782975e-06, 3.70381030734e-07]}, "melbands_kurtosis": {"dmean": 10.556848526, "dmean2": 16.9679832458, "max": 511.297027588, "dvar": 305.741027832, "mean": 24.4800682068, "dvar2": 768.799560547, "min": -1.91410386562, "var": 1016.96765137, "median": 13.2070503235}, "erbbands_crest": {"dmean": 2.40130376816, "dmean2": 3.81938385963, "max": 29.7528610229, "dvar": 5.21829223633, "mean": 9.21501064301, "dvar2": 12.6765756607, "min": 2.42178440094, "var": 17.3918209076, "median": 8.23684883118}, "melbands_skewness": {"dmean": 0.820384919643, "dmean2": 1.28099501133, "max": 18.2788200378, "dvar": 0.828626871109, "mean": 3.25614905357, "dvar2": 1.95556116104, "min": -3.19174671173, "var": 4.20888328552, "median": 2.796885252}, "spectral_energyband_middle_low": {"dmean": 0.00520327873528, "dmean2": 0.00814907997847, "max": 0.142807587981, "dvar": 6.89548251103e-05, "mean": 0.0138274766505, "dvar2": 0.000165551813552, "min": 1.27314690634e-22, "var": 0.000169501203345, "median": 0.010515130125}, "spectral_contrast_coeffs": {"dmean": [0.0453357696533, 0.0442465692759, 0.0381766483188, 0.0321192443371, 0.0223654974252, 0.018285471946], "dmean2": [0.0737929493189, 0.0716585814953, 0.0598015598953, 0.0517398454249, 0.0364685989916, 0.0287483967841], "max": [-0.309709995985, -0.429769963026, -0.454681068659, -0.46784734726, -0.544276118279, -0.589520275593], "dvar": [0.00156650226563, 0.00137215293944, 0.000967333209701, 0.000721479242202, 0.000432265049312, 0.000361126702046], "mean": [-0.603604912758, -0.72081810236, -0.748545408249, -0.768861830235, -0.797187924385, -0.782944083214], "dvar2": [0.00411698967218, 0.00356598477811, 0.00232089776546, 0.00180890492629, 0.00102767348289, 0.000802939408459], "min": [-0.975811362267, -0.985335946083, -0.977101325989, -0.980435371399, -0.980536699295, -0.980325937271], "var": [0.00804524216801, 0.00536145921797, 0.00560506945476, 0.00488140899688, 0.00345365819521, 0.00235546729527], "median": [-0.599192857742, -0.722718238831, -0.752839148045, -0.771184921265, -0.807094097137, -0.779214024544]}, "spectral_contrast_valleys": {"dmean": [0.372134804726, 0.388690173626, 0.36620849371, 0.350770145655, 0.335027992725, 0.331531614065], "dmean2": [0.593790054321, 0.612867116928, 0.557291448116, 0.528492212296, 0.498015493155, 0.403966248035], "max": [-4.91126298904, -4.75982666016, -5.47364330292, -6.12125587463, -5.81453514099, -7.15294790268], "dvar": [0.167012631893, 0.143478184938, 0.151335000992, 0.167053222656, 0.220181882381, 0.218991830945], "mean": [-7.44091796875, -7.27689027786, -8.16253852844, -8.81742095947, -8.55049610138, -10.49168396], "dvar2": [0.348754018545, 0.310674458742, 0.308691114187, 0.3397128582, 0.461577862501, 0.351307690144], "min": [-28.2381629944, -27.919128418, -27.8037776947, -27.8151397705, -27.4362373352, -27.4226112366], "var": [3.72764253616, 3.87567424774, 3.823584795, 3.57072496414, 3.80975651741, 3.83697676659], "median": [-7.08580493927, -6.97686386108, -7.84837532043, -8.52428340912, -8.19820976257, -10.1740427017]}, "silence_rate_20dB": {"dmean": 0, "dmean2": 0, "max": 1, "dvar": 0, "mean": 1, "dvar2": 0, "min": 1, "var": 0, "median": 1}, "silence_rate_30dB": {"dmean": 0.00582726346329, "dmean2": 0.0116553353146, "max": 1, "dvar": 0.00579310627654, "mean": 0.995352387428, "dvar2": 0.0160991195589, "min": 0, "var": 0.00462602917105, "median": 1}, "spectral_strongpeak": {"dmean": 0.387614399195, "dmean2": 0.665346086025, "max": 15.6429748535, "dvar": 0.526899814606, "mean": 0.710653781891, "dvar2": 1.34891796112, "min": 0, "var": 1.02535963058, "median": 0.438421964645}, "spectral_spread": {"dmean": 621470.875, "dmean2": 820892.25, "max": 42366140, "dvar": 645029888000, "mean": 5624261, "dvar2": 1073653547010.0, "min": 635378.625, "var": 10477049479200.0, "median": 5281947}, "barkbands_flatness_db": {"dmean": 0.0231445655227, "dmean2": 0.0351319424808, "max": 0.516003012657, "dvar": 0.000825601338875, "mean": 0.15670800209, "dvar2": 0.00176609470509, "min": 0.025111971423, "var": 0.00580122461542, "median": 0.141938567162}, "pitch_salience": {"dmean": 0.0651354938745, "dmean2": 0.107204504311, "max": 0.920933842659, "dvar": 0.00384720042348, "mean": 0.588806688786, "dvar2": 0.0107366321608, "min": 0.155947759748, "var": 0.0097150169313, "median": 0.594569206238}, "erbbands_kurtosis": {"dmean": 1.67487967014, "dmean2": 2.49881267548, "max": 116.163925171, "dvar": 15.499379158, "mean": 2.41362428665, "dvar2": 32.7567443848, "min": -1.91063761711, "var": 60.6879348755, "median": 0.248672485352}, "average_loudness": 0.509096860886, "barkbands_crest": {"dmean": 2.16546082497, "dmean2": 3.54298734665, "max": 25.2449836731, "dvar": 4.4184627533, "mean": 10.1676807404, "dvar2": 12.2603111267, "min": 2.59001159668, "var": 16.080827713, "median": 9.48659801483}, "hfc": {"dmean": 5.95562076569, "dmean2": 8.17918968201, "max": 229.764190674, "dvar": 122.471069336, "mean": 17.4413547516, "dvar2": 239.430862427, "min": 1.06183428228e-16, "var": 553.20501709, "median": 8.52186965942}, "barkbands_kurtosis": {"dmean": 4.53172874451, "dmean2": 7.16224908829, "max": 152.903945923, "dvar": 50.282913208, "mean": 9.72822475433, "dvar2": 118.479705811, "min": -1.95165264606, "var": 185.52015686, "median": 4.69182872772}, "erbbands": {"dmean": [0.0594743341208, 0.767877221107, 2.0403573513, 4.14032697678, 9.0649805069, 10.3998174667, 7.09316110611, 6.42797613144, 7.38976860046, 13.7024793625, 9.30144500732, 11.0282125473, 11.8026456833, 13.5722618103, 17.1061592102, 6.94034481049, 6.8232460022, 10.4803581238, 5.66708707809, 7.51116657257, 6.68266391754, 5.69045686722, 5.45777416229, 4.35786819458, 5.14320373535, 4.83954906464, 3.2112865448, 5.79245185852, 3.68260860443, 4.136698246, 3.43923854828, 1.88359022141, 1.16383695602, 0.653933048248, 0.405456870794, 0.128429487348, 0.0584074445069, 0.0152582200244, 0.00227179285139, 0.000139231575304], "dmean2": [0.095263235271, 1.38343000412, 3.75840544701, 7.23504543304, 15.0634422302, 16.4281139374, 11.1807727814, 10.0902347565, 11.5213499069, 21.4825305939, 13.8902626038, 16.7002487183, 17.6941146851, 20.7288722992, 27.397726059, 10.9476547241, 10.9055042267, 16.5707874298, 9.14992237091, 11.9734535217, 10.7840595245, 9.23892021179, 8.99055862427, 7.21791982651, 8.63647460938, 8.02848911285, 5.08665847778, 9.52033042908, 5.40578079224, 5.92996358871, 5.08957147598, 2.62889647484, 1.58181011677, 0.881735622883, 0.559788703918, 0.170742049813, 0.0823029279709, 0.0217833630741, 0.00321152620018, 0.0001970747835], "max": [1.93945515156, 23.4936523438, 91.7357788086, 102.425369263, 288.596343994, 418.411376953, 251.74458313, 210.811676025, 676.057128906, 1567.14978027, 819.452026367, 1099.81054688, 901.380432129, 2856.34985352, 2295.02172852, 606.623718262, 470.368621826, 4247.37597656, 712.981445313, 696.651550293, 367.09085083, 484.970458984, 350.033782959, 568.213745117, 492.88772583, 454.001922607, 212.328216553, 345.889953613, 400.230804443, 370.26864624, 369.09173584, 336.021575928, 227.559707642, 81.162651062, 35.1392745972, 8.42640209198, 2.21745491028, 0.503080666065, 0.0927584916353, 0.00473265908659], "dvar": [0.03012852557, 6.31578683853, 44.8912582397, 68.4672927856, 327.963012695, 337.647613525, 147.522369385, 133.251556396, 340.898681641, 1737.16723633, 559.233215332, 690.556274414, 713.661132813, 3134.390625, 4270.20117188, 271.27243042, 283.84576416, 5274.75, 282.548370361, 437.018371582, 349.307098389, 238.109329224, 174.981826782, 145.056762695, 195.227432251, 130.04006958, 52.0622024536, 425.676727295, 138.965621948, 152.693008423, 107.116767883, 41.65284729, 22.3495006561, 4.83326196671, 1.21204483509, 0.096252463758, 0.0231793578714, 0.00180580769666, 4.13608722738e-05, 1.41201724091e-07], "mean": [0.0831967666745, 0.764852404594, 2.08282279968, 6.51342153549, 15.902463913, 22.499370575, 15.3929281235, 12.936050415, 13.3864803314, 22.1151351929, 16.8699207306, 20.1274757385, 22.4409141541, 24.9395065308, 30.6350841522, 12.771276474, 11.9028129578, 19.0405025482, 9.86326599121, 13.4798498154, 12.3258161545, 10.6153144836, 9.11829662323, 7.90667724609, 8.98914146423, 8.89614391327, 6.25611639023, 8.23906230927, 6.70760393143, 7.8681640625, 6.77333402634, 3.80991744995, 2.26795291901, 1.29742860794, 0.725460469723, 0.223470017314, 0.0841417759657, 0.0196731258184, 0.00282606296241, 0.000188865684322], "dvar2": [0.0736472085118, 17.6199684143, 128.578445435, 193.314437866, 865.025939941, 854.98236084, 359.09387207, 321.755584717, 793.773803711, 4429.95214844, 1258.00439453, 1683.66052246, 1631.97424316, 7684.21386719, 11556.2822266, 665.907592773, 704.709655762, 12811.0849609, 776.200012207, 1063.32751465, 875.61114502, 600.419372559, 444.346343994, 376.800994873, 499.935699463, 324.692871094, 121.804389954, 1139.71203613, 286.100158691, 310.092102051, 221.319335938, 70.9329071045, 44.5787773132, 8.86265659332, 2.40090203285, 0.18529355526, 0.0489280000329, 0.00393684627488, 8.81536398083e-05, 3.03839897242e-07], "min": [1.09426935131e-22, 3.27488801666e-22, 1.14008207604e-21, 8.09155910797e-21, 1.89307666416e-20, 2.202730434e-20, 4.09439281318e-20, 5.29804626384e-20, 1.27888649673e-19, 2.31496239645e-19, 3.27990942303e-19, 2.62184536973e-19, 5.53812257656e-19, 8.73293863751e-19, 9.33631829751e-19, 1.5914890879e-18, 1.77545322895e-18, 2.35509487332e-18, 2.50251065939e-18, 3.33024672373e-18, 4.22113244436e-18, 4.15102268359e-18, 4.88266269462e-18, 5.67221610188e-18, 5.63889189014e-18, 7.64077650599e-18, 7.7383143351e-18, 8.76124723962e-18, 1.12198488773e-17, 9.91252135207e-18, 1.14515529203e-17, 1.0158656388e-17, 1.05922487486e-17, 8.0933749956e-18, 6.05791718663e-18, 3.79921367009e-18, 2.30275398609e-18, 9.91141044851e-19, 2.46656469869e-19, 2.75353400959e-20], "var": [0.027812493965, 3.99876260757, 27.1896476746, 70.4059448242, 411.453399658, 935.740478516, 401.45010376, 316.168792725, 744.720153809, 3280.32592773, 1111.18127441, 1716.52526855, 2560.94433594, 9138.17773438, 10632.2705078, 775.984802246, 706.18963623, 14229.6025391, 631.029968262, 1157.09216309, 1034.0958252, 725.40435791, 407.236755371, 314.273040771, 413.850891113, 338.304046631, 133.072418213, 457.705718994, 323.534881592, 422.154388428, 341.321289063, 157.816970825, 60.7567863464, 14.7580690384, 3.2158138752, 0.245728179812, 0.0400022491813, 0.00267062010244, 6.09173184785e-05, 2.08693961667e-07], "median": [0.032871697098, 0.312142789364, 0.832420110703, 4.12822818756, 10.6204223633, 13.0278501511, 8.71376895905, 6.66091108322, 4.8114156723, 4.91117095947, 5.0411491394, 5.83052825928, 5.15646362305, 4.67570590973, 4.59993743896, 3.10330915451, 2.7678194046, 2.0442647934, 1.91697716713, 2.07196116447, 1.76065468788, 1.55148553848, 1.77194619179, 1.60694622993, 1.68712174892, 1.66690850258, 1.31929922104, 1.4409828186, 1.14951443672, 1.31758201122, 1.06186580658, 0.621684730053, 0.332414627075, 0.17991116643, 0.106493398547, 0.0301447845995, 0.00740074878559, 0.000896101118997, 8.38771520648e-05, 2.84752550215e-05]}, "spectral_energy": {"dmean": 0.00950759928674, "dmean2": 0.0149930696934, "max": 0.215620309114, "dvar": 0.000299173756503, "mean": 0.0234574619681, "dvar2": 0.000741326250136, "min": 1.01463726848e-20, "var": 0.000513149192557, "median": 0.017063703388}, "zerocrossingrate": {"dmean": 0.0105096148327, "dmean2": 0.0120484940708, "max": 0.5283203125, "dvar": 0.000211066100746, "mean": 0.059719376266, "dvar2": 0.000243562652031, "min": 0.0029296875, "var": 0.00304819783196, "median": 0.04736328125}, "spectral_energyband_high": {"dmean": 0.00048876251094, "dmean2": 0.000656137417536