{"tonal": {"hpcp": {"dvar": [0.0318917147815, 0.0221600476652, 0.0220090411603, 0.0240866467357, 0.0176269877702, 0.0169102065265, 0.0282539501786, 0.0240249074996, 0.0261860024184, 0.0317665524781, 0.0224529411644, 0.0191238615662, 0.0204290598631, 0.019102960825, 0.028234006837, 0.0389940366149, 0.0278100389987, 0.0257830321789, 0.0250035915524, 0.0214507039636, 0.0231352448463, 0.0264992639422, 0.0252521410584, 0.0438125915825, 0.0376206338406, 0.0263389833272, 0.0226163361222, 0.0237951464951, 0.0284151807427, 0.0418099276721, 0.0493869371712, 0.030708450824, 0.0248600374907, 0.0207463614643, 0.0227388311177, 0.0264894533902], "var": [0.0785749256611, 0.0353156328201, 0.0328190997243, 0.0415014177561, 0.0198176279664, 0.0262234192342, 0.0575499422848, 0.032965939492, 0.0796529427171, 0.112797535956, 0.0366556160152, 0.0203838627785, 0.0301914699376, 0.0205783043057, 0.0622972846031, 0.138668745756, 0.061135224998, 0.0310894753784, 0.0316576696932, 0.0186758358032, 0.030381668359, 0.0473297871649, 0.0310295410454, 0.0740005150437, 0.0796586126089, 0.0313863158226, 0.0183800067753, 0.0197671763599, 0.0253870077431, 0.0881208702922, 0.138281911612, 0.0550662055612, 0.0200811643153, 0.0154773648828, 0.0195173993707, 0.0484930314124], "median": [0.0772384703159, 0.0544359460473, 0.0195392332971, 0.0137133682147, 0.0166774168611, 0.0380213968456, 0.0459029525518, 0.0495759472251, 0.0346760861576, 0.0329929217696, 0.0264845117927, 0.0140763549134, 0.0123521881178, 0.0214935895056, 0.112274229527, 0.175341099501, 0.112421534956, 0.0231445543468, 0.0115214558318, 0.0101494798437, 0.0196373928338, 0.0280467923731, 0.037848085165, 0.036514647305, 0.0298295561224, 0.0144573925063, 0.0158208906651, 0.0162660125643, 0.0304488074034, 0.149547591805, 0.217356860638, 0.100351780653, 0.013275439851, 0.00731667736545, 0.0107383169234, 0.05025793612], "max": [1, 1, 1, 1, 1, 1, 1, 1, 1, 1, 1, 1, 1, 1, 1, 1, 1, 1, 1, 1, 1, 1, 1, 1, 1, 1, 1, 1, 1, 1, 1, 1, 1, 1, 1, 1], "dmean": [0.118745885789, 0.0947807356715, 0.0731191933155, 0.0725949332118, 0.0623031556606, 0.0750642716885, 0.100455470383, 0.0932891592383, 0.0919460728765, 0.096573844552, 0.0789227187634, 0.0603112652898, 0.0623250305653, 0.067541308701, 0.119907803833, 0.138879567385, 0.119889825583, 0.0779817849398, 0.0642776787281, 0.0569889172912, 0.069552898407, 0.0802031904459, 0.0904690772295, 0.122065670788, 0.111411206424, 0.0754688158631, 0.0663409084082, 0.0702317729592, 0.0937361940742, 0.160808801651, 0.172940537333, 0.129621759057, 0.0732997357845, 0.0579491257668, 0.0667605623603, 0.0991935580969], "dmean2": [0.197862431407, 0.158782124519, 0.127071544528, 0.125635430217, 0.108642339706, 0.127297386527, 0.169537886977, 0.158338412642, 0.154494464397, 0.162970125675, 0.134355306625, 0.105604231358, 0.108317188919, 0.117101274431, 0.198264300823, 0.229779019952, 0.199958115816, 0.136439710855, 0.115002065897, 0.1019718647, 0.120869413018, 0.13782581687, 0.156787201762, 0.212119817734, 0.194667264819, 0.13279235363, 0.118612125516, 0.126171782613, 0.166784584522, 0.2702036798, 0.289481937885, 0.218171194196, 0.132105305791, 0.105989813805, 0.120173305273, 0.170262351632], "mean": [0.20406730473, 0.132604926825, 0.0900700241327, 0.0981183797121, 0.0701221749187, 0.104928947985, 0.152984499931, 0.122839488089, 0.179351821542, 0.218724131584, 0.114850766957, 0.0645019412041, 0.0731768235564, 0.073608726263, 0.220601603389, 0.355680435896, 0.219184622169, 0.0882957130671, 0.0708651021123, 0.0533751174808, 0.0868485793471, 0.114235386252, 0.110661119223, 0.168139904737, 0.170769184828, 0.0869833156466, 0.0616860873997, 0.0662815123796, 0.0902838259935, 0.278072744608, 0.380115747452, 0.199589535594, 0.0625996440649, 0.0470741763711, 0.0587258115411, 0.143911346793], "dvar2": [0.0772236660123, 0.0580245666206, 0.0606127046049, 0.0639483183622, 0.0487160012126, 0.0443466939032, 0.0715131387115, 0.0641595348716, 0.0664633661509, 0.0781326368451, 0.0593170188367, 0.0517257228494, 0.0536062456667, 0.0519764982164, 0.0724235624075, 0.0912876725197, 0.0729409977794, 0.0708522349596, 0.0684216022491, 0.0591729879379, 0.0624602101743, 0.0666172429919, 0.0664415583014, 0.113385125995, 0.097650103271, 0.0720526725054, 0.0622683763504, 0.0661195963621, 0.0789102613926, 0.109080895782, 0.116996906698, 0.0796897187829, 0.0686693117023, 0.0581345260143, 0.0630413666368, 0.0701171308756], "min": [0, 0, 0, 0, 0, 0, 0, 0, 0, 0, 0, 0, 0, 0, 0, 0, 0, 0, 0, 0, 0, 0, 0, 0, 0, 0, 0, 0, 0, 0, 0, 0, 0, 0, 0, 0]}, "key_key": "G", "thpcp": [1, 0.525075674057, 0.164685741067, 0.123841688037, 0.154494553804, 0.378598749638, 0.536855697632, 0.348854064941, 0.236954197288, 0.258127629757, 0.184475854039, 0.276044726372, 0.402468204498, 0.32316339016, 0.471834748983, 0.575414538383, 0.302146822214, 0.169690266252, 0.192511945963, 0.193648189306, 0.580353736877, 0.935716152191, 0.576626002789, 0.232286378741, 0.186430320144, 0.140418067575, 0.228479295969, 0.300527900457, 0.291124790907, 0.442338705063, 0.449255734682, 0.228833764791, 0.162282377481, 0.174371913075, 0.237516671419, 0.731547534466], "chords_key": "G", "tuning_equal_tempered_deviation": 0.0233072135597, "tuning_frequency": 441.272583008, "tuning_diatonic_strength": 0.579206764698, "chords_histogram": [39.4490852356, 2.16876482964, 2.76704478264, 0.336532473564, 7.49096345901, 0.548423290253, 0.137105822563, 0.137105822563, 0, 0, 0.0124641656876, 0, 0.0747849941254, 0.523494958878, 0, 4.5992770195, 1.24641656876, 13.4363708496, 4.61174106598, 2.45544052124, 9.0988407135, 1.00959742069, 9.03652000427, 0.860027432442], "key_strength": 0.762598514557, "key_scale": "major", "chords_strength": {"dvar": 0.000301047286484, "var": 0.0124602150172, "median": 0.539593398571, "max": 0.807541787624, "dmean": 0.00818503182381, "dmean2": 0.00747916521505, "mean": 0.540163457394, "dvar2": 0.000506037788, "min": -1}, "chords_number_rate": 0.00149569986388, "tuning_nontempered_energy_ratio": 0.65680873394, "hpcp_entropy": {"dvar": 0.248271673918, "var": 0.488074213266, "median": 1.7618945837, "max": 4.43995857239, "dmean": 0.580211222172, "dmean2": 0.982498347759, "mean": 1.76109659672, "dvar2": 0.677008271217, "min": 0}, "chords_changes_rate": 0.042876727879, "chords_scale": "major"}, "rhythm": {"bpm_histogram_first_peak_spread": {"dvar": 0, "var": 0, "median": 0.382652997971, "max": 0.382652997971, "dmean": 0, "dmean2": 0, "mean": 0.382652997971, "dvar2": 0, "min": 0.382652997971}, "bpm_histogram_first_peak_weight": {"dvar": 0, "var": 0, "median": 0.617346942425, "max": 0.617346942425, "dmean": 0, "dmean2": 0, "mean": 0.617346942425, "dvar2": 0, "min": 0.617346942425}, "bpm_histogram_first_peak_bpm": {"dvar": 0, "var": 0, "median": 96, "max": 96, "dmean": 0, "dmean2": 0, "mean": 96, "dvar2": 0, "min": 96}, "bpm": 95.0637969971, "bpm_histogram_second_peak_weight": {"dvar": 0, "var": 0, "median": 0, "max": 0, "dmean": 0, "dmean2": 0, "mean": 0, "dvar2": 0, "min": 0}, "beats_loudness": {"dvar": 0.000155887071742, "var": 0.000415348476963, "median": 0.0314687862992, "max": 0.11326841265, "dmean": 0.0145536344498, "dmean2": 0.0242771729827, "mean": 0.0323615372181, "dvar2": 0.000440301839262, "min": 1.94163352063e-09}, "beats_loudness_band_ratio": {"dvar": [0.0311971325427, 0.0144686130807, 0.0205794237554, 0.00876044481993, 0.003266581567, 0.00629130098969], "var": [0.0562579110265, 0.0227347835898, 0.0272659640759, 0.0102359633893, 0.00587812112644, 0.00900870654732], "median": [0.346860259771, 0.147701069713, 0.167272463441, 0.0845830589533, 0.0490875355899, 0.0806286111474], "max": [0.95077753067, 0.801753342152, 0.948278605938, 0.726759254932, 0.441725939512, 0.475707054138], "dmean": [0.232420012355, 0.129185751081, 0.151468664408, 0.0868602544069, 0.0526155270636, 0.0922783985734], "dmean2": [0.387236833572, 0.220248967409, 0.258241891861, 0.149904429913, 0.0934900641441, 0.168444603682], "mean": [0.369587063789, 0.198417961597, 0.209476962686, 0.113246202469, 0.0755552873015, 0.108551941812], "dvar2": [0.0869737714529, 0.0394081696868, 0.0581674054265, 0.0248182285577, 0.00937618408352, 0.0195812638849], "min": [0.00342798093334, 0.004271840211, 0.0071942997165, 0.00221185991541, 0.00128086621407, 0.000442342425231]}, "bpm_histogram_second_peak_bpm": {"dvar": 0, "var": 0, "median": 0, "max": 0, "dmean": 0, "dmean2": 0, "mean": 0, "dvar2": 0, "min": 0}, "onset_rate": 3.12707567215, "beats_count": 589, "beats_position": [0.626938760281, 1.25387752056, 1.89242625237, 2.53097510338, 3.15791368484, 3.78485250473, 4.41179132462, 5.0387301445, 5.65405893326, 6.28099775314, 6.90793657303, 7.5464849472, 8.19664382935, 8.84680271149, 9.4853515625, 10.1239004135, 10.7508392334, 11.3777770996, 12.0047159195, 12.6316547394, 13.2585935593, 13.8971424103, 14.5356912613, 15.1742401123, 15.8127889633, 16.4397277832, 17.0666656494, 17.693605423, 18.3205432892, 18.9474830627, 19.5628108978, 20.1781406403, 20.7934684753, 21.43201828, 22.0589561462, 22.6975059509, 23.3360538483, 23.9629936218, 24.589931488, 25.2168693542, 25.8438091278, 26.470746994, 27.0976867676, 27.7362346649, 28.3747844696, 29.0133323669, 29.6518821716, 30.2788200378, 30.9057598114, 31.5326976776, 32.1596374512, 32.7865753174, 33.4251251221, 34.0636711121, 34.690612793, 35.329158783, 35.9561004639, 36.5946464539, 37.2215881348, 37.848526001, 38.4754638672, 39.1024017334, 39.7409515381, 40.3795013428, 41.006439209, 41.6333770752, 42.2603149414, 42.8872566223, 43.5141944885, 44.1411323547, 44.7796821594, 45.4182319641, 46.0451698303, 46.6721076965, 47.2990455627, 47.9259872437, 48.5529251099, 49.1914749146, 49.8184127808, 50.4569587708, 51.0955085754, 51.7224464417, 52.3609962463, 52.999546051, 53.6264839172, 54.2534217834, 54.8803634644, 55.5189094543, 56.1458511353, 56.7727890015, 57.3997268677, 58.0266647339, 58.6536026001, 59.280544281, 59.919090271, 60.5576400757, 61.1845779419, 61.8115196228, 62.438457489, 63.0770072937, 63.7039451599, 64.3424911499, 64.9694290161, 65.6079788208, 66.234916687, 66.8618545532, 67.5004043579, 68.1273422241, 68.7542877197, 69.3812255859, 70.0197753906, 70.6583175659, 71.2968673706, 71.9238052368, 72.5391387939, 73.1660766602, 73.7930145264, 74.4199523926, 75.0585021973, 75.697052002, 76.3356018066, 76.9625396729, 77.5894775391, 78.2164154053, 78.8433532715, 79.4702911377, 80.1088409424, 80.7357788086, 81.3627166748, 81.9896621704, 82.6282043457, 83.2667541504, 83.9053039551, 84.5322418213, 85.1591796875, 85.7977294922, 86.4246673584, 87.0632171631, 87.7017669678, 88.328704834, 88.9556427002, 89.5825805664, 90.2095184326, 90.8364639282, 91.4750061035, 92.1135559082, 92.7404937744, 93.36743927, 93.9943771362, 94.6329269409, 95.2598648071, 95.8984146118, 96.525352478, 97.1522903442, 97.7908401489, 98.4293823242, 99.0563278198, 99.683265686, 100.310203552, 100.937141418, 101.575691223, 102.214241028, 102.841178894, 103.46811676, 104.095054626, 104.721992493, 105.348930359, 105.975868225, 106.61441803, 107.252967834, 107.879905701, 108.506843567, 109.133781433, 109.760726929, 110.387664795, 111.037818909, 111.664756775, 112.291702271, 112.918640137, 113.557182312, 114.195732117, 114.822669983, 115.449615479, 116.076553345, 116.703491211, 117.330429077, 117.968978882, 118.607528687, 119.234466553, 119.861404419, 120.488342285, 121.12689209, 121.765441895, 122.392379761, 123.030929565, 123.66947937, 124.296417236, 124.923355103, 125.550292969, 126.177230835, 126.804168701, 127.442718506, 128.069656372, 128.708206177, 129.335144043, 129.962081909, 130.589019775, 131.22756958, 131.866119385, 132.493057251, 133.119995117, 133.746932983, 134.37387085, 135.000808716, 135.627746582, 136.254684448, 136.881637573, 137.520172119, 138.158721924, 138.797271729, 139.435821533, 140.062759399, 140.689697266, 141.316635132, 141.943572998, 142.582122803, 143.220672607, 143.847610474, 144.47454834, 145.101501465, 145.740036011, 146.378585815, 147.005523682, 147.632461548, 148.259414673, 148.886352539, 149.513290405, 150.140228271, 150.767166138, 151.405715942, 152.044265747, 152.671203613, 153.309753418, 153.948303223, 154.575241089, 155.202178955, 155.829116821, 156.456054688, 157.082992554, 157.70993042, 158.348480225, 158.987030029, 159.625579834, 160.2525177, 160.867843628, 161.494781494, 162.12171936, 162.760269165, 163.39881897, 164.037368774, 164.675918579, 165.302856445, 165.929794312, 166.556732178, 167.183670044, 167.81060791, 168.449157715, 169.08770752, 169.714645386, 170.341583252, 170.968521118, 171.595458984, 172.222396851, 172.849334717, 173.487884521, 174.126434326, 174.753372192, 175.380310059, 176.007247925, 176.634185791, 177.272735596, 177.9112854, 178.538223267, 179.176773071, 179.803710938, 180.442260742, 181.069198608, 181.696136475, 182.334686279, 182.973236084, 183.60017395, 184.227111816, 184.854049683, 185.480987549, 186.119537354, 186.758087158, 187.385025024, 188.011962891, 188.638900757, 189.265853882, 189.892791748, 190.519729614, 191.158279419, 191.796829224, 192.42376709, 193.050704956, 193.677642822, 194.304580688, 194.943130493, 195.581680298, 196.208618164, 196.83555603, 197.462493896, 198.11265564, 198.739593506, 199.366531372, 199.993469238, 200.620407104, 201.247344971, 201.874282837, 202.512832642, 203.151382446, 203.778320312, 204.405258179, 205.032196045, 205.67074585, 206.309295654, 206.936233521, 207.563171387, 208.190109253, 208.817047119, 209.443984985, 210.08253479, 210.721084595, 211.348022461, 211.974960327, 212.601898193, 213.22883606, 213.855773926, 214.49432373, 215.132873535, 215.759811401, 216.398361206, 217.036911011, 217.663848877, 218.290786743, 218.917724609, 219.544662476, 220.18321228, 220.821762085, 221.448699951, 222.075637817, 222.702575684, 223.32951355, 223.968063354, 224.606613159, 225.233551025, 225.860488892, 226.487426758, 227.114364624, 227.752914429, 228.391464233, 229.0184021, 229.645339966, 230.283889771, 230.922439575, 231.549377441, 232.176315308, 232.803268433, 233.430206299, 234.068756104, 234.707290649, 235.334228516, 235.961181641, 236.588119507, 237.215057373, 237.853607178, 238.492156982, 239.119094849, 239.746032715, 240.38458252, 241.023132324, 241.65007019, 242.265396118, 242.903945923, 243.530883789, 244.146209717, 244.784759521, 245.411697388, 246.038635254, 246.677185059, 247.315734863, 247.942672729, 248.569610596, 249.196548462, 249.823486328, 250.450424194, 251.100585938, 251.727523804, 252.366073608, 253.004623413, 253.631561279, 254.258499146, 254.885437012, 255.512374878, 256.139312744, 256.766265869, 257.404815674, 258.043365479, 258.670288086, 259.297241211, 259.924163818, 260.551116943, 261.178039551, 261.816589355, 262.45513916, 263.093688965, 263.73223877, 264.359191895, 264.986114502, 265.613067627, 266.239990234, 266.878540039, 267.517089844, 268.144042969, 268.770965576, 269.397918701, 270.024841309, 270.651794434, 271.278717041, 271.905670166, 272.55581665, 273.182769775, 273.809692383, 274.436645508, 275.086791992, 275.713745117, 276.340667725, 276.96762085, 277.594543457, 278.221496582, 278.871643066, 279.498596191, 280.125518799, 280.752471924, 281.379394531, 282.006347656, 282.656494141, 283.295043945, 283.93359375, 284.548919678, 285.164245605, 285.79119873, 286.418121338, 287.045074463, 287.683624268, 288.322174072, 288.94909668, 289.587646484, 290.226196289, 290.853149414, 291.480072021, 292.107025146, 292.733947754, 293.372497559, 294.011047363, 294.638000488, 295.264923096, 295.891876221, 296.518829346, 297.15737915, 297.795898438, 298.422851562, 299.049804688, 299.676727295, 300.30368042, 300.930603027, 301.557556152, 302.18447876, 302.811431885, 303.449981689, 304.088531494, 304.727081299, 305.365631104, 305.992553711, 306.619506836, 307.246429443, 307.884979248, 308.523529053, 309.150482178, 309.777404785, 310.40435791, 311.031280518, 311.669830322, 312.28515625, 312.923706055, 313.562255859, 314.189208984, 314.816131592, 315.443084717, 316.081634521, 316.720184326, 317.347106934, 317.974060059, 318.612609863, 319.251159668, 319.878082275, 320.5050354, 321.131958008, 321.758911133, 322.38583374, 323.024383545, 323.66293335, 324.289886475, 324.916809082, 325.543762207, 326.170684814, 326.797637939, 327.424560547, 328.051513672, 328.690063477, 329.328613281, 329.955535889, 330.582489014, 331.221038818, 331.847961426, 332.474914551, 333.113464355, 333.740386963, 334.367340088, 335.005889893, 335.644439697, 336.271362305, 336.89831543, 337.525268555, 338.163818359, 338.802337646, 339.429290771, 340.056243896, 340.683166504, 341.310119629, 341.937042236, 342.575592041, 343.214141846, 343.841094971, 344.468017578, 345.094970703, 345.721893311, 346.360443115, 346.99899292, 347.625946045, 348.252868652, 348.891418457, 349.518371582, 350.145294189, 350.772247314, 351.410797119, 352.037719727, 352.664672852, 353.291595459, 353.930145264, 354.568695068, 355.195648193, 355.822570801, 356.449523926, 357.076446533, 357.703399658, 358.341949463, 358.980499268, 359.607421875, 360.234375, 360.872924805, 361.511474609, 362.150024414, 362.788574219, 363.427124023, 364.065673828, 364.704223633, 365.342773438, 365.992919922, 366.643066406, 367.293243408, 367.943389893, 368.581939697, 369.220489502, 369.859039307, 370.497589111, 371.136138916, 371.7862854], "danceability": 1.01599478722, "bpm_histogram_second_peak_spread": {"dvar": 0, "var": 0, "median": 0, "max": 0, "dmean": 0, "dmean2": 0, "mean": 0, "dvar2": 0, "min": 0}}, "lowlevel": {"spectral_flux": {"dvar": 0.000838367384858, "var": 0.00212524319068, "median": 0.056851901114, "max": 0.348379522562, "dmean": 0.0198033247143, "dmean2": 0.0308192726225, "mean": 0.0676949992776, "dvar2": 0.00165235029999, "min": 6.43155320668e-11}, "spectral_rolloff": {"dvar": 2125911.75, "var": 4083052.5, "median": 1119.7265625, "max": 19293.75, "dmean": 655.16003418, "dmean2": 1090.50488281, "mean": 1711.4543457, "dvar2": 5095714.5, "min": 21.533203125}, "barkbands_flatness_db": {"dvar": 0.000372355862055, "var": 0.00282761314884, "median": 0.110958747566, "max": 0.494971960783, "dmean": 0.0186077989638, "dmean2": 0.0275471191853, "mean": 0.119451344013, "dvar2": 0.000830434670206, "min": 0.0137304216623}, "spectral_centroid": {"dvar": 77485.5234375, "var": 587865.25, "median": 1177.22424316, "max": 11495.5341797, "dmean": 205.252929688, "dmean2": 316.405395508, "mean": 1302.5078125, "dvar2": 178051.375, "min": 237.996459961}, "melbands_skewness": {"dvar": 0.470331579447, "var": 2.16339826584, "median": 2.09772467613, "max": 12.5416517258, "dmean": 0.59667891264, "dmean2": 0.921662867069, "mean": 2.37039113045, "dvar2": 1.15135681629, "min": -1.68728971481}, "melbands": {"dvar": [3.0976771086e-06, 7.06955097485e-06, 5.3494494523e-07, 4.78251251934e-07, 6.1924041006e-08, 9.24724545825e-08, 1.07491558765e-07, 1.23613858705e-07, 2.49680596198e-07, 6.94200394946e-08, 1.14307795229e-07, 4.89546536642e-08, 1.61702669033e-08, 1.45021861186e-08, 6.07193761937e-09, 1.87293225373e-09, 1.5432103373e-09, 9.23687237808e-10, 2.29119767603e-09, 4.03962108209e-09, 8.48725978386e-10, 6.30447805072e-10, 1.17790222021e-09, 2.70225147814e-10, 1.20159396322e-10, 1.00107491741e-10, 9.04208999342e-11, 5.59217464002e-11, 1.06139722011e-10, 8.03311583919e-11, 5.19964245271e-11, 4.62543510438e-11, 3.81334165633e-11, 2.15152826111e-11, 2.45262161275e-11, 1.37694794802e-11, 1.21455198329e-11, 1.31435634945e-11, 1.90475673428e-11, 1.81018394718e-11], "var": [4.28760222349e-06, 7.7718641478e-06, 1.00466900221e-06, 1.09688380689e-06, 2.10484657259e-07, 2.61957751491e-07, 3.65846375416e-07, 5.15339763751e-07, 8.70055089308e-07, 2.58488881855e-07, 6.65067034333e-07, 1.58485150337e-07, 3.00253901742e-08, 3.88701870691e-08, 1.56571040577e-08, 4.67535388182e-09, 3.7018887955e-09, 1.93924631908e-09, 8.80023431904e-09, 1.80766441815e-08, 2.9971696236e-09, 1.85992432566e-09, 3.60601526417e-09, 7.11109116036e-10, 1.85941886888e-10, 1.98164762377e-10, 1.09280987037e-10, 6.55184170806e-11, 1.02832221904e-10, 9.14218076242e-11, 7.06303140974e-11, 6.21621157326e-11, 5.06262150257e-11, 2.77927750258e-11, 2.87562300361e-11, 1.97127366514e-11, 1.60067965826e-11, 1.5764625716e-11, 2.21862493655e-11, 2.11663724742e-11], "median": [0.00026562664425, 0.00029877005727, 0.000264113128651, 0.000230191726587, 0.000183200318133, 0.000142792530823, 0.000152387379785, 0.000124847734696, 0.000123491132399, 4.39114883193e-05, 5.67718489037e-05, 4.89186168124e-05, 3.11177609547e-05, 2.84378857032e-05, 1.78221816896e-05, 1.39153580676e-05, 1.45046260513e-05, 1.04283280962e-05, 8.50209289638e-06, 7.50880235501e-06, 5.56259465156e-06, 5.63570029044e-06, 6.3912348196e-06, 5.5577220337e-06, 3.73682723875e-06, 3.22027199218e-06, 2.97950191452e-06, 2.15636032408e-06, 1.7146924165e-06, 1.81310747394e-06, 1.60361048529e-06, 1.38869984312e-06, 1.14839474463e-06, 8.39609754166e-07, 6.17850048457e-07, 4.60894966636e-07, 3.65576340755e-07, 2.5989123742e-07, 2.15324703845e-07, 2.23241542585e-07], "max": [0.0293017067015, 0.0462820082903, 0.0138572147116, 0.0164102967829, 0.00637774774805, 0.00811100564897, 0.0109166735783, 0.0112669691443, 0.0159424524754, 0.0104440767318, 0.0160379298031, 0.00872160214931, 0.00580285675824, 0.00455878255889, 0.00357973761857, 0.00161084497813, 0.00102572585456, 0.00084729725495, 0.00206409301609, 0.00203657336533, 0.000735759153031, 0.000815764826257, 0.00109588075429, 0.000449324143119, 0.00038617287646, 0.000397454074118, 0.000168293641764, 0.000165629229741, 0.000218984860112, 0.000146812846651, 0.000360328354873, 0.000429937179433, 0.000199554080609, 0.000168407088495, 0.000158422568347, 0.000109673899715, 0.000142690347275, 9.7279313195e-05, 0.000214107159991, 9.08341025934e-05], "dmean": [0.000680929166265, 0.000930371927097, 0.000352499308065, 0.00030805481947, 0.000143103039591, 0.000149999672431, 0.00016415999562, 0.000147922823089, 0.000192127903574, 8.91793097253e-05, 0.00011577836267, 8.36610706756e-05, 4.63361866423e-05, 4.38264141849e-05, 2.65595717792e-05, 1.86602883332e-05, 1.92944971786e-05, 1.33688354254e-05, 1.76494522748e-05, 2.13134444493e-05, 1.11285617095e-05, 9.9153157862e-06, 1.29847303469e-05, 7.78566845838e-06, 5.0011562962e-06, 4.39056475443e-06, 3.99385953642e-06, 3.06775586978e-06, 3.44594218404e-06, 3.48305070474e-06, 2.70097916655e-06, 2.34185245063e-06, 2.23815345635e-06, 1.64854282048e-06, 1.55999168783e-06, 1.32702496103e-06, 1.23546226405e-06, 1.30299838474e-06, 1.41815462484e-06, 1.48480353346e-06], "dmean2": [0.00113655813038, 0.00161243462935, 0.000572402204853, 0.0004955267068, 0.000219234527322, 0.000231371144764, 0.000253000325756, 0.00022505238303, 0.000281888031168, 0.000134358997457, 0.000173088366864, 0.000125803067931, 7.4604722613e-05, 6.8687768362e-05, 4.15304057242e-05, 2.97016285913e-05, 3.12046868203e-05, 2.16948683374e-05, 2.81103584712e-05, 3.29630893248e-05, 1.80095867108e-05, 1.6209183741e-05, 2.12228551391e-05, 1.27331168187e-05, 8.26436280477e-06, 7.21561991668e-06, 6.71688530929e-06, 5.15152805747e-06, 5.77887658437e-06, 5.82802340432e-06, 4.37911012341e-06, 3.71476517103e-06, 3.60212243322e-06, 2.6637933388e-06, 2.52360723607e-06, 2.11586961996e-06, 1.95830170924e-06, 2.08086521525e-06, 2.25072380999e-06, 2.35492166212e-06], "mean": [0.00102550804149, 0.00129553116858, 0.00064830383053, 0.000614827498794, 0.000338416633895, 0.000326921901433, 0.000368020613678, 0.000334949145326, 0.000405243190471, 0.000186615274288, 0.000255055172602, 0.000159424889716, 7.72064959165e-05, 7.58133974159e-05, 4.65210432594e-05, 3.27353991452e-05, 3.38633981301e-05, 2.44455841312e-05, 3.90621135011e-05, 4.75548804388e-05, 2.35601473833e-05, 2.04755742743e-05, 2.65871622105e-05, 1.5658846678e-05, 8.52719767863e-06, 8.03703369456e-06, 6.68510483592e-06, 4.88881505589e-06, 4.65194398203e-06, 4.99698217027e-06, 4.43742374046e-06, 3.71801365873e-06, 3.46725278177e-06, 2.60778710981e-06, 2.20869401346e-06, 1.93224650502e-06, 1.63386209806e-06, 1.56934834195e-06, 1.71060310095e-06, 1.68849680904e-06], "dvar2": [8.5790952653e-06, 2.0131970814e-05, 1.38632140079e-06, 1.32276295517e-06, 1.59007512934e-07, 2.23040657943e-07, 2.83055868522e-07, 2.868629565e-07, 5.41463464288e-07, 1.4618082389e-07, 2.50443122241e-07, 1.12794928953e-07, 4.1179429644e-08, 3.51465203607e-08, 1.42652893942e-08, 4.2473353723e-09, 3.878700916e-09, 2.39218089781e-09, 5.45806555508e-09, 9.11400022119e-09, 2.11281281359e-09, 1.62658020386e-09, 3.24511240102e-09, 7.23839210792e-10, 3.1609806439e-10, 2.65895666596e-10, 2.46611286947e-10, 1.50163964596e-10, 2.7779606393e-10, 2.11243578185e-10, 1.3369980123e-10, 1.13468269503e-10, 9.54619508442e-11, 5.55592932772e-11, 6.17852574658e-11, 3.27285906709e-11, 2.85949354473e-11, 3.23897610122e-11, 4.73255670763e-11, 4.3752775708e-11], "min": [1.23904607446e-24, 1.68474380844e-24, 1.47782204313e-24, 1.12773957567e-24, 1.56791370559e-24, 1.96025052136e-24, 1.20303102426e-24, 1.48364255471e-24, 1.98101590418e-24, 1.48476234276e-24, 3.03831828684e-24, 2.22966012834e-24, 2.36281689092e-24, 2.76881776364e-24, 2.69873181095e-24, 2.74551579858e-24, 3.86204763293e-24, 2.62078505655e-24, 3.29794582139e-24, 5.42243895815e-24, 3.51402389523e-24, 4.20734625065e-24, 4.52624958247e-24, 3.38494258531e-24, 4.24418289948e-24, 4.9280385296e-24, 5.7516578296e-24, 5.52494196645e-24, 5.85764957526e-24, 4.23635542714e-24, 4.83790012713e-24, 5.57737163437e-24, 4.44280663693e-24, 5.06604382852e-24, 6.45010501989e-24, 6.27361238071e-24, 6.589410756e-24, 6.66334792764e-24, 7.13337018763e-24, 7.30188823193e-24]}, "spectral_decrease": {"dvar": 1.06976505838e-17, "var": 2.58005375466e-17, "median": -4.39103642336e-09, "max": 1.60643586109e-28, "dmean": 1.82920301128e-09, "dmean2": 2.93638513504e-09, "mean": -5.70998626159e-09, "dvar2": 2.84822240053e-17, "min": -4.89490403766e-08}, "barkbands_kurtosis": {"dvar": 20.5743503571, "var": 52.8596725464, "median": 1.96157741547, "max": 311.238311768, "dmean": 2.21463704109, "dmean2": 3.47099757195, "mean": 3.82682013512, "dvar2": 45.0318260193, "min": -1.86753463745}, "silence_rate_30dB": {"dvar": 0.00236264243722, "var": 0.00279658427462, "median": 1, "max": 1, "dmean": 0.00236848671921, "dmean2": 0.00473726866767, "mean": 0.997195363045, "dvar2": 0.00596181023866, "min": 0}, "gfcc": {"mean": [-11.3215999603, 78.2397842407, -110.464805603, 16.0669441223, -61.0812339783, 5.57465314865, -32.5292778015, 6.68662834167, -21.5957450867, 1.87368059158, -17.3824005127, 1.96293449402, -11.2080793381], "cov": [[16981.0683594, -1436.17932129, 41.5772399902, 603.398132324, -372.468444824, 281.632080078, -458.105529785, 464.043548584, -59.3557624817, 138.916183472, -223.304794312, 68.328956604, -242.637634277], [-1436.17932129, 1601.06738281, -397.955474854, 113.243011475, 134.484710693, -79.3158035278, 230.620407104, -116.515136719, 63.1534614563, -36.9758644104, 97.3506469727, -49.1566581726, 86.1096725464], [41.5772399902, -397.955474854, 958.687744141, 200.000640869, 173.903869629, 176.641494751, 74.6876144409, 68.7138824463, -7.07338619232, 70.9583435059, 20.1478977203, 16.5169677734, -25.1967277527], [603.398132324, 113.243011475, 200.000640869, 531.159545898, 157.62121582, 113.250205994, 77.8913040161, 59.9019927979, 81.3120956421, 29.8679599762, 22.6491127014, 9.19153881073, 42.5427703857], [-372.468444824, 134.484710693, 173.903869629, 157.62121582, 326.943878174, 61.1793022156, 113.383934021, 49.2451972961, 68.1960983276, 9.48930835724, -5.16243076324, 10.3805475235, 24.3428421021], [281.632080078, -79.3158035278, 176.641494751, 113.250205994, 61.1793022156, 239.813262939, 95.3807678223, 87.4537277222, 10.6160573959, 29.9790382385, 18.5591926575, 1.09253466129, 3.85975074768], [-458.105529785, 230.620407104, 74.6876144409, 77.8913040161, 113.383934021, 95.3807678223, 249.876571655, 47.1842308044, 30.3600254059, 21.4256591797, 32.6470069885, -15.5931816101, 24.5563468933], [464.043548584, -116.515136719, 68.7138824463, 59.9019927979, 49.2451972961, 87.4537277222, 47.1842308044, 199.098449707, 92.0309371948, 34.0675315857, -7.36221218109, 14.1502170563, -2.17973303795], [-59.3557624817, 63.1534614563, -7.07338619232, 81.3120956421, 68.1960983276, 10.6160573959, 30.3600254059, 92.0309371948, 159.867614746, 42.1017875671, 13.1360282898, 17.3222637177, 24.1029319763], [138.916183472, -36.9758644104, 70.9583435059, 29.8679599762, 9.48930835724, 29.9790382385, 21.4256591797, 34.0675315857, 42.1017875671, 99.7353897095, 40.3551216125, 8.28636169434, 5.85698032379], [-223.304794312, 97.3506469727, 20.1478977203, 22.6491127014, -5.16243076324, 18.5591926575, 32.6470069885, -7.36221218109, 13.1360282898, 40.3551216125, 100.944450378, 27.9076881409, 15.5261230469], [68.328956604, -49.1566581726, 16.5169677734, 9.19153881073, 10.3805475235, 1.09253466129, -15.5931816101, 14.1502170563, 17.3222637177, 8.28636169434, 27.9076881409, 90.7200317383, 31.8306484222], [-242.637634277, 86.1096725464, -25.1967277527, 42.5427703857, 24.3428421021, 3.85975074768, 24.5563468933, -2.17973303795, 24.1029319763, 5.85698032379, 15.5261230469, 31.8306484222, 89.8584747314]], "icov": [[9.05486740521e-05, 1.15199500215e-05, 6.22161096544e-05, -0.000190263337572, 0.0001076261251, -5.53711251996e-05, 0.00013713138469, -0.000238921013079, 0.000225296869758, -0.00024889499764, 0.000258251180639, -0.000192350984435, 0.000250244018389], [1.15199500215e-05, 0.00120124651585, 0.000517616630532, -0.000246451701969, -0.000403012731113, 0.000385544641176, -0.000990030588582, 0.00073416630039, -0.000519266584888, 0.000715714355465, -0.00130051083397, 0.000936016440392, -0.00049144832883], [6.22161096544e-05, 0.000517616630532, 0.00173438491765, -0.000556301500183, -0.000809345045127, -0.000554284080863, -0.000198938199901, 4.07297084166e-05, 0.000759201764595, -0.000941614329349, -0.000228732649703, -0.00019670985057, 0.000687030318659], [-0.000190263337572, -0.000246451701969, -0.000556301500183, 0.00304551352747, -0.000901853258256, -0.000880781735759, 0.000124308600789, 0.000623635714874, -0.00148412503768, 0.000704627716914, -0.000720563984942, 0.00077589758439, -0.00141032494139], [0.0001076261251, -0.000403012731113, -0.000809345045127, -0.000901853258256, 0.00505914725363, -8.43140514917e-05, -0.00142699771095, -2.31522080867e-05, -0.00138283974957, 0.000212521408685, 0.00215650931932, -0.00143681617919, 0.000392762536649], [-5.53711251996e-05, 0.000385544641176, -0.000554284080863, -0.000880781735759, -8.43140514917e-05, 0.00710580591112, -0.00212818197906, -0.00277003599331, 0.00197941553779, -0.000180940449354, -0.00129349855706, 0.000662582111545, -0.000555747305043], [0.00013713138469, -0.000990030588582, -0.000198938199901, 0.000124308600789, -0.00142699771095, -0.00212818197906, 0.00726220197976, -0.00182325497735, 0.00103226909414, -0.000705966027454, -0.00104816106614, 0.00163784087636, -0.000976402603555], [-0.000238921013079, 0.00073416630039, 4.07297084166e-05, 0.000623635714874, -2.31522080867e-05, -0.00277003599331, -0.00182325497735, 0.0105348918587, -0.00643972773105, 0.000211046339246, 0.00134422269184, -0.000995739595965, 0.00108059565537], [0.000225296869758, -0.000519266584888, 0.000759201764595, -0.00148412503768, -0.00138283974957, 0.00197941553779, 0.00103226909414, -0.00643972773105, 0.0127022489905, -0.00451910309494, 0.000509801029693, -0.000943422783166, -0.000993723631836], [-0.00024889499764, 0.000715714355465, -0.000941614329349, 0.000704627716914, 0.000212521408685, -0.000180940449354, -0.000705966027454, 0.000211046339246, -0.00451910309494, 0.0158954076469, -0.0072034643963, 0.00258248462342, -0.00130136182997], [0.000258251180639, -0.00130051083397, -0.000228732649703, -0.000720563984942, 0.00215650931932, -0.00129349855706, -0.00104816106614, 0.00134422269184, 0.000509801029693, -0.0072034643963, 0.017127526924, -0.00673484196886, 0.00177010253537], [-0.000192350984435, 0.000936016440392, -0.00019670985057, 0.00077589758439, -0.00143681617919, 0.000662582111545, 0.00163784087636, -0.000995739595965, -0.000943422783166, 0.00258248462342, -0.00673484196886, 0.0165437906981, -0.00656173937023], [0.000250244018389, -0.00049144832883, 0.000687030318659, -0.00141032494139, 0.000392762536649, -0.000555747305043, -0.000976402603555, 0.00108059565537, -0.000993723631836, -0.00130136182997, 0.00177010253537, -0.00656173937023, 0.0157160330564]]}, "silence_rate_20dB": {"dvar": 0, "var": 0, "median": 1, "max": 1, "dmean": 0, "dmean2": 0, "mean": 1, "dvar2": 0, "min": 1}, "barkbands_skewness": {"dvar": 0.2243167907, "var": 1.13810765743, "median": 1.35859668255, "max": 13.6590480804, "dmean": 0.442830085754, "dmean2": 0.684409677982, "mean": 1.48954296112, "dvar2": 0.551899373531, "min": -2.54541516304}, "erbbands_skewness": {"dvar": 0.101517505944, "var": 0.571968197823, "median": 0.532449066639, "max": 6.22476243973, "dmean": 0.327799022198, "dmean2": 0.502843737602, "mean": 0.545957028866, "dvar2": 0.242071285844, "min": -2.82065486908}, "spectral_contrast_valleys": {"dvar": [0.17046199739, 0.0804242193699, 0.0802667066455, 0.0785089284182, 0.115217961371, 0.202148392797], "var": [2.90366292, 2.41053175926, 2.23852491379, 2.30273675919, 2.45427036285, 2.7945497036], "median": [-7.46036338806, -6.67001247406, -7.30573415756, -7.87750482559, -7.71274614334, -10.0886888504], "max": [-5.0519080162, -4.52689123154, -5.22281169891, -5.56435680389, -5.3999915123, -7.29220199585], "dmean": [0.429569840431, 0.308091759682, 0.293917804956, 0.263389319181, 0.250228196383, 0.31821796298], "dmean2": [0.693357348442, 0.507360637188, 0.478911101818, 0.425890266895, 0.385462343693, 0.43013292551], "mean": [-7.76349687576, -6.91313314438, -7.51437997818, -8.11445808411, -7.94896650314, -10.270201683], "dvar2": [0.375155836344, 0.198958873749, 0.190867438912, 0.172072887421, 0.241274178028, 0.368640094995], "min": [-28.4416942596, -27.9505233765, -27.6130714417, -27.5667819977, -27.516752243, -27.3827571869]}, "spectral_strongpeak": {"dvar": 0.923008680344, "var": 2.06347703934, "median": 0.590495824814, "max": 11.9151687622, "dmean": 0.527382194996, "dmean2": 0.892522215843, "mean": 1.11352050304, "dvar2": 2.38761925697, "min": 0}, "erbbands_crest": {"dvar": 5.92901563644, "var": 22.4558811188, "median": 8.32810497284, "max": 32.826007843, "dmean": 2.53480744362, "dmean2": 4.00163555145, "mean": 9.51522159576, "dvar2": 14.4405679703, "min": 2.23652434349}, "barkbands_crest": {"dvar": 4.80810546875, "var": 18.6102695465, "median": 8.82519435883, "max": 26.5113773346, "dmean": 2.25408744812, "dmean2": 3.62330508232, "mean": 9.77768611908, "dvar2": 12.7633714676, "min": 1.81156671047}, "spectral_energyband_middle_low": {"dvar": 2.79702580883e-05, "var": 0.000124187470647, "median": 0.00839312840253, "max": 0.0992901921272, "dmean": 0.00348676252179, "dmean2": 0.00534427491948, "mean": 0.0115988804027, "dvar2": 6.94959089742e-05, "min": 1.94444973998e-22}, "spectral_contrast_coeffs": {"dvar": [0.00156650121789, 0.00116694846656, 0.000859477790073, 0.000553403340746, 0.000322606560076, 0.000275658210739], "var": [0.00976677425206, 0.00582159636542, 0.0050361212343, 0.00360275502317, 0.00250036129728, 0.0017961965641], "median": [-0.643358230591, -0.706492722034, -0.745723128319, -0.765082001686, -0.786172568798, -0.76276242733], "max": [-0.249727576971, -0.381563186646, -0.452885717154, -0.543098211288, -0.572301924229, -0.566961526871], "dmean": [0.0468268059194, 0.0409613512456, 0.0362098179758, 0.0291193965822, 0.0206523574889, 0.0170780103654], "dmean2": [0.0771443322301, 0.0658568888903, 0.0584063120186, 0.0479560606182, 0.0337535440922, 0.0274533387274], "mean": [-0.634028792381, -0.704147219658, -0.739668190479, -0.760760188103, -0.779926538467, -0.761717200279], "dvar2": [0.00418985774741, 0.00301984278485, 0.00223237671889, 0.00143171171658, 0.000790036981925, 0.000642911705654], "min": [-0.979258477688, -0.987449109554, -0.98516947031, -0.984076142311, -0.981292486191, -0.97790902853]}, "hfc": {"dvar": 322.767822266, "var": 649.954467773, "median": 12.9587364197, "max": 289.440551758, "dmean": 8.86710166931, "dmean2": 13.3278627396, "mean": 22.4136428833, "dvar2": 740.877990723, "min": 1.0850200225e-16}, "spectral_energyband_high": {"dvar": 2.79229129774e-06, "var": 3.93625896322e-06, "median": 0.000350426707882, "max": 0.0283244512975, "dmean": 0.000703415134922, "dmean2": 0.00105078262277, "mean": 0.00107832823414, "dvar2": 6.46536091153e-06, "min": 7.10990170823e-21}, "erbbands_spread": {"dvar": 89.9192123413, "var": 403.924713135, "median": 34.029914856, "max": 156.899246216, "dmean": 7.77027845383, "dmean2": 11.6040201187, "mean": 38.1588249207, "dvar2": 193.805923462, "min": 2.60209226608}, "dissonance": {"dvar": 0.000318345730193, "var": 0.000910455535632, "median": 0.463437020779, "max": 0.500000059605, "dmean": 0.0186024736613, "dmean2": 0.0309861898422, "mean": 0.456735730171, "dvar2": 0.000851942517329, "min": 0.134025990963}, "spectral_kurtosis": {"dvar": 3.69420051575, "var": 12.9030561447, "median": 3.85524606705, "max": 67.2130966187, "dmean": 1.30333244801, "dmean2": 2.14189600945, "mean": 4.5294251442, "dvar2": 10.1335401535, "min": -1.2552870512}, "spectral_skewness": {"dvar": 0.0463122241199, "var": 0.239421948791, "median": 1.57138335705, "max": 6.24172496796, "dmean": 0.184468999505, "dmean2": 0.296786099672, "mean": 1.61711609364, "dvar2": 0.114502988756, "min": -0.0434633009136}, "pitch_salience": {"dvar": 0.00342797045596, "var": 0.0127728935331, "median": 0.560093224049, "max": 0.874011993408, "dmean": 0.0628047436476, "dmean2": 0.101075842977, "mean": 0.548892319202, "dvar2": 0.00898828357458, "min": 0.0821503251791}, "spectral_complexity": {"dvar": 19.6688556671, "var": 81.5818939209, "median": 16, "max": 58, "dmean": 3.20344042778, "dmean2": 5.10577821732, "mean": 17.1184177399, "dvar2": 43.4603996277, "min": 0}, "spectral_spread": {"dvar": 1048906039300.0, "var": 7377984684030.0, "median": 4610830, "max": 42729564, "dmean": 687028.5, "dmean2": 950672.3125, "mean": 5249474, "dvar2": 2010912784380.0, "min": 1130887.875}, "dynamic_complexity": 4.18156719208, "melbands_crest": {"dvar": 7.59670448303, "var": 27.3924217224, "median": 12.5268707275, "max": 36.7372817993, "dmean": 2.88975048065, "dmean2": 4.66607427597, "mean": 13.431427002, "dvar2": 19.7042160034, "min": 1.53811228275}, "zerocrossingrate": {"dvar": 0.000296901649563, "var": 0.00237595522776, "median": 0.05810546875, "max": 0.52587890625, "dmean": 0.0130524234846, "dmean2": 0.0152302170172, "mean": 0.0699211731553, "dvar2": 0.000368935288861, "min": 0}, "spectral_energyband_low": {"dvar": 0.000116323964903, "var": 0.000144611185533, "median": 0.00212138239294, "max": 0.161024883389, "dmean": 0.00415262905881, "dmean2": 0.00697612948716, "mean": 0.00664005009457, "dvar2": 0.000324371969327, "min": 1.89876153537e-23}, "melbands_kurtosis": {"dvar": 88.9545440674, "var": 231.884490967, "median": 6.61577033997, "max": 251.349777222, "dmean": 5.11687040329, "dmean2": 8.13403320312, "mean": 11.2684020996, "dvar2": 227.230667114, "min": -1.8505436182}, "spectral_energyband_middle_high": {"dvar": 6.88187901687e-06, "var": 4.25022954005e-05, "median": 0.00272957445122, "max": 0.0580819100142, "dmean": 0.00152263056953, "dmean2": 0.00233376398683, "mean": 0.00521425064653, "dvar2": 1.63010481629e-05, "min": 1.1842216331e-21}, "barkbands_spread": {"dvar": 80.6762161255, "var": 253.99836731, "median": 18.964509964, "max": 132.295791626, "dmean": 6.31537532806, "dmean2": 9.44406032562, "mean": 23.2911815643, "dvar2": 175.694274902, "min": 0.334554135799}, "mfcc": {"mean": [-654.285949707, 116.040275574, 1.87158703804, 14.3560266495, -5.92764759064, -0.0310657843947, -4.009953022, 1.84745466709, 0.339325368404, -1.9281373024, 0.0887627974153, -0.837783277035, -1.44283461571], "cov": [[9839.94628906, -447.597290039, 66.8728790283, 160.384002686, 181.599502563, -75.2456436157, -183.377197266, 208.962783813, 118.756752014, 106.506347656, 112.413085938, -60.8029747009, 35.3736381531], [-447.597290039, 1199.59887695, -218.114776611, 81.0955123901, -82.0708236694, 48.0798454285, 66.8172149658, -14.045050621, -1