{"tonal": {"hpcp": {"dvar": [0.0249723084271, 0.0212006941438, 0.0115213766694, 0.0115979323164, 0.013183333911, 0.0118611343205, 0.0179962478578, 0.0217902548611, 0.0305139292032, 0.0345657244325, 0.0275867786258, 0.0198878385127, 0.01831628941, 0.0166569780558, 0.0223814696074, 0.0314486213028, 0.0281934142113, 0.0208172146231, 0.0164047963917, 0.0184284243733, 0.0233214925975, 0.025409642607, 0.024487439543, 0.0195746310055, 0.0180455558002, 0.0118493549526, 0.0137630188838, 0.0187211111188, 0.0202592127025, 0.0277696754783, 0.0290411747992, 0.0224890038371, 0.014426747337, 0.0122990077361, 0.0192417297512, 0.0297681391239], "var": [0.0923134237528, 0.0307216383517, 0.00878122728318, 0.0077035469003, 0.0125213451684, 0.0195960756391, 0.0294233877212, 0.0309542510659, 0.0861546099186, 0.155506536365, 0.0636913701892, 0.0247576031834, 0.0249265134335, 0.0230069402605, 0.0472093597054, 0.112766645849, 0.0677217468619, 0.0192558281124, 0.0132864676416, 0.0190576966852, 0.0657790601254, 0.0940215885639, 0.0435266345739, 0.0262762196362, 0.0412276051939, 0.0184807553887, 0.0098128952086, 0.0158830136061, 0.0264197960496, 0.0850250795484, 0.128584489226, 0.0505847148597, 0.015045909211, 0.0119274975732, 0.0285445228219, 0.0963741019368], "median": [0.0131011074409, 0.00501629337668, 0.000414020440076, 0.000197033237782, 0.000381396443117, 0.00215225387365, 0.00349112669937, 0.00623982027173, 0.0361684300005, 0.0498970784247, 0.0235771965235, 0.00124788004905, 0.000410042906879, 0.000746542064007, 0.00591658474877, 0.00961152277887, 0.00575703475624, 0.000982257653959, 0.000309206574457, 0.0013447990641, 0.0100504700094, 0.0139079233631, 0.0115844486281, 0.00361989089288, 0.00129018863663, 0.000416025955928, 0.00048251269618, 0.000509797653649, 0.00387535896152, 0.0365021340549, 0.0654307454824, 0.0303274281323, 0.00134827278089, 0.00046208218555, 0.00185166997835, 0.00946034677327], "max": [1, 1, 1, 1, 1, 1, 1, 1, 1, 1, 1, 1, 1, 1, 1, 1, 1, 1, 1, 1, 1, 1, 1, 1, 1, 1, 1, 1, 1, 1, 1, 1, 1, 1, 1, 1], "dmean": [0.0763136968017, 0.0600334107876, 0.0300797950476, 0.0250113271177, 0.0285699125379, 0.0310181342065, 0.0454874970019, 0.0624725446105, 0.0926367044449, 0.0906452313066, 0.086030870676, 0.0515152476728, 0.0390520617366, 0.042362049222, 0.066184990108, 0.0742701068521, 0.0775672644377, 0.0497780926526, 0.036408148706, 0.0500047728419, 0.0703574195504, 0.0767316073179, 0.0723618343472, 0.0556482188404, 0.0456886664033, 0.0333442725241, 0.0298023466021, 0.039561022073, 0.0597793646157, 0.0922463312745, 0.0911758244038, 0.0778403133154, 0.0381971038878, 0.0325690694153, 0.0582233741879, 0.0780141204596], "dmean2": [0.121555842459, 0.10128197819, 0.0549343526363, 0.0457724668086, 0.0506915524602, 0.0535032749176, 0.0765960663557, 0.105303004384, 0.153423503041, 0.152051329613, 0.145819976926, 0.0919366851449, 0.0696535930037, 0.07415676862, 0.110829763114, 0.125654324889, 0.132141128182, 0.0893188714981, 0.0656898543239, 0.0880706086755, 0.117314621806, 0.124178171158, 0.121612660587, 0.0957321450114, 0.0769573897123, 0.0572601929307, 0.0536104403436, 0.0705027207732, 0.102343678474, 0.150913670659, 0.146077483892, 0.129290044308, 0.0671798214316, 0.0550782755017, 0.0982206687331, 0.132036536932], "mean": [0.174640700221, 0.0746277719736, 0.0225383583456, 0.0172001402825, 0.024327011779, 0.040654078126, 0.0585042834282, 0.0741833671927, 0.203759640455, 0.299307852983, 0.166659608483, 0.0508036874235, 0.041482463479, 0.0458824895322, 0.107212483883, 0.184910461307, 0.133487015963, 0.0433271229267, 0.0269601587206, 0.04873579368, 0.135003060102, 0.178526550531, 0.105273626745, 0.0658137276769, 0.0728506147861, 0.0435720011592, 0.0221979431808, 0.0310306902975, 0.0630251318216, 0.19993558526, 0.269574403763, 0.13835375011, 0.0368920303881, 0.0278919283301, 0.071726411581, 0.171358108521], "dvar2": [0.0559110604227, 0.0547082684934, 0.0327949598432, 0.0337658077478, 0.0350385345519, 0.0319403037429, 0.0441794358194, 0.0558963604271, 0.076008670032, 0.0808366686106, 0.0694325938821, 0.0525882989168, 0.0492720082402, 0.0431248247623, 0.0567404776812, 0.0757604017854, 0.0729844719172, 0.0550091378391, 0.0439679808915, 0.0490326173604, 0.0601134300232, 0.0572183504701, 0.0641175732017, 0.0515293851495, 0.0433473438025, 0.0297502819449, 0.0376213975251, 0.0504326857626, 0.0505443997681, 0.0670023113489, 0.0654724761844, 0.0536215081811, 0.0359161831439, 0.0314573608339, 0.0493995733559, 0.0705052092671], "min": [0, 0, 0, 0, 0, 0, 0, 0, 0, 0, 0, 0, 0, 0, 0, 0, 0, 0, 0, 0, 0, 0, 0, 0, 0, 0, 0, 0, 0, 0, 0, 0, 0, 0, 0, 0]}, "key_key": "C", "thpcp": [1, 0.556816697121, 0.169737234712, 0.138594642282, 0.153295308352, 0.358201384544, 0.617793560028, 0.445985674858, 0.144757717848, 0.0900750160217, 0.162828311324, 0.451050847769, 0.596464633942, 0.351723581553, 0.219886407256, 0.243396937847, 0.145575866103, 0.0741642490029, 0.103674829006, 0.21056959033, 0.6679931283, 0.900659322739, 0.462245643139, 0.123257808387, 0.0931880921125, 0.239640921354, 0.572514593601, 0.58348184824, 0.24933449924, 0.0753015950322, 0.0574663840234, 0.0812775567174, 0.135826975107, 0.195465251803, 0.247849717736, 0.680769443512], "chords_key": "C", "tuning_equal_tempered_deviation": 0.0470463782549, "tuning_frequency": 439.238189697, "tuning_diatonic_strength": 0.719887793064, "chords_histogram": [23.8550243378, 3.03130149841, 20.3624382019, 1.77924215794, 1.18616139889, 0.296540349722, 4.2504119873, 1.84513998032, 0.23064249754, 3.09719944, 3.62438225746, 1.58154857159, 0.0988467857242, 0, 0.724876463413, 0.790774285793, 2.43822073936, 3.75617790222, 0.329489290714, 0.988467872143, 0.131795719266, 1.08731460571, 4.6787481308, 19.8352546692], "key_strength": 0.848705470562, "key_scale": "major", "chords_strength": {"dvar": 0.00139306276105, "var": 0.0384193100035, "median": 0.56743901968, "max": 0.778975069523, "dmean": 0.00947617832571, "dmean2": 0.00957940891385, "mean": 0.542532980442, "dvar2": 0.00288300774992, "min": -1}, "chords_number_rate": 0.00494233937934, "tuning_nontempered_energy_ratio": 0.695509254932, "hpcp_entropy": {"dvar": 0.206875368953, "var": 0.538141131401, "median": 1.47017717361, "max": 3.92668914795, "dmean": 0.481208831072, "dmean2": 0.815952599049, "mean": 1.39801859856, "dvar2": 0.533366143703, "min": 0}, "chords_changes_rate": 0.0576606243849, "chords_scale": "major"}, "rhythm": {"bpm_histogram_first_peak_spread": {"dvar": 0, "var": 0, "median": 0.522727251053, "max": 0.522727251053, "dmean": 0, "dmean2": 0, "mean": 0.522727251053, "dvar2": 0, "min": 0.522727251053}, "bpm_histogram_first_peak_weight": {"dvar": 0, "var": 0, "median": 0.078947365284, "max": 0.078947365284, "dmean": 0, "dmean2": 0, "mean": 0.078947365284, "dvar2": 0, "min": 0.078947365284}, "bpm_histogram_first_peak_bpm": {"dvar": 0, "var": 0, "median": 110, "max": 110, "dmean": 0, "dmean2": 0, "mean": 110, "dvar2": 0, "min": 110}, "bpm": 110.391769409, "bpm_histogram_second_peak_weight": {"dvar": 0, "var": 0, "median": 0.0601503774524, "max": 0.0601503774524, "dmean": 0, "dmean2": 0, "mean": 0.0601503774524, "dvar2": 0, "min": 0.0601503774524}, "beats_loudness": {"dvar": 0.000472243729746, "var": 0.000792869715951, "median": 0.0149645656347, "max": 0.19482383132, "dmean": 0.0171139407903, "dmean2": 0.0282448902726, "mean": 0.0223890785128, "dvar2": 0.00115480727982, "min": 0}, "beats_loudness_band_ratio": {"dvar": [0.0321052111685, 0.0302452463657, 0.0235865507275, 0.00696570333093, 0.00395164359361, 0.0020087310113], "var": [0.080060787499, 0.0705334469676, 0.0406345576048, 0.00733634550124, 0.00255172466859, 0.00997790601104], "median": [0.36265745759, 0.394402205944, 0.102624543011, 0.0110347587615, 0.00285399961285, 0.000321901025018], "max": [0.993980228901, 0.976812601089, 0.826474547386, 0.570705890656, 0.633845925331, 0.948548853397], "dmean": [0.193949446082, 0.194696262479, 0.142916843295, 0.046451266855, 0.0197848957032, 0.0069183530286], "dmean2": [0.333770573139, 0.320005297661, 0.24746465683, 0.0800415128469, 0.0365791209042, 0.0116439331323], "mean": [0.421065598726, 0.42419975996, 0.185193553567, 0.0449416860938, 0.0160609781742, 0.01402719412], "dvar2": [0.0736367404461, 0.0738306939602, 0.0562126338482, 0.0176137946546, 0.0116416690871, 0.00312437047251], "min": [0, 0, 0, 0, 0, 0]}, "bpm_histogram_second_peak_bpm": {"dvar": 0, "var": 0, "median": 120, "max": 120, "dmean": 0, "dmean2": 0, "mean": 120, "dvar2": 0, "min": 120}, "onset_rate": 2.32062530518, "beats_count": 267, "beats_position": [0.754648506641, 1.52090704441, 2.28716540337, 3.05342388153, 3.8196823597, 4.58594083786, 5.35219955444, 6.13006782532, 6.91954612732, 7.58131504059, 8.24308395386, 8.90485286713, 9.55501079559, 10.2051696777, 10.866938591, 11.5287075043, 12.1788663864, 12.8174142838, 13.4675731659, 14.117732048, 14.7678909302, 15.4644899368, 16.1494789124, 16.8228569031, 17.5078449249, 18.1928348541, 18.877822876, 19.4699325562, 20.062040329, 20.6541500092, 21.246257782, 21.8499774933, 22.4420852661, 23.0341949463, 23.614692688, 24.2068023682, 24.8105201721, 25.4258499146, 26.0527877808, 26.6797275543, 27.22539711, 27.7710647583, 28.316734314, 28.8507938385, 29.3848514557, 29.9073009491, 30.4181404114, 30.9289798737, 31.4630374908, 31.9970970154, 32.5195465088, 33.111656189, 33.7037620544, 34.2494316101, 34.8067131042, 35.3755989075, 35.9444885254, 36.5133781433, 37.0822677612, 37.5931053162, 38.0807266235, 38.57995224, 39.0791816711, 39.5900230408, 40.1008605957, 40.5884780884, 41.0760993958, 41.5637168884, 42.0629463196, 42.5737876892, 43.0846252441, 43.5374145508, 43.9902038574, 44.4429931641, 44.7912902832, 45.139591217, 45.4762802124, 45.8129692078, 46.1728782654, 46.532787323, 46.8926963806, 47.2526054382, 47.6241264343, 47.9956436157, 48.3671646118, 48.7270736694, 49.0869827271, 49.4585037231, 49.8068008423, 50.1551017761, 50.5266189575, 50.8981399536, 51.269657135, 51.6411781311, 52.0126991272, 52.3842163086, 52.7557373047, 53.1272544861, 53.5916557312, 54.0560531616, 54.5204544067, 55.0196800232, 55.5189094543, 56.0181388855, 56.5638084412, 57.1094779968, 57.6551475525, 58.2008171082, 58.7464828491, 59.2921524048, 59.8262138367, 60.3602714539, 60.894329071, 61.4167785645, 61.9624481201, 62.5197257996, 63.0653953552, 63.6110649109, 64.1567306519, 64.7024002075, 65.2364578247, 65.7937393188, 66.351020813, 66.9315185547, 67.5236282349, 68.115737915, 68.6149673462, 69.1025848389, 69.60181427, 70.1474838257, 70.6815414429, 71.2155990601, 71.7612686157, 72.3069381714, 72.8293838501, 73.3634490967, 73.8975067139, 74.4663925171, 75.0468902588, 75.6157836914, 76.2543258667, 76.8812713623, 77.4733810425, 78.0654830933, 78.6343765259, 79.1684341431, 79.7024917603, 80.3294296265, 80.9447631836, 81.5600891113, 82.16381073, 82.7791366577, 83.4641265869, 84.1491165161, 84.7876663208, 85.4262084961, 86.0531539917, 86.6800918579, 87.2838058472, 87.9223556519, 88.5609054565, 89.1878433228, 89.814781189, 90.4649429321, 91.1150970459, 91.7652587891, 92.4154205322, 93.0423583984, 93.6925125122, 94.3426742554, 94.9928359985, 95.5965499878, 96.2002716064, 96.8039855957, 97.4193191528, 98.1507492065, 98.8821716309, 99.6136016846, 100.356643677, 101.076461792, 101.819496155, 102.53931427, 103.282356262, 104.013786316, 104.66394043, 105.325714111, 105.871383667, 106.417053223, 106.95111084, 107.485168457, 108.019226074, 108.530067444, 109.052513123, 109.574966431, 109.969703674, 110.34122467, 110.701133728, 111.072654724, 111.444168091, 111.780860901, 112.105941772, 112.442626953, 112.779319763, 113.127616882, 113.475914001, 113.82421875, 114.160903931, 114.497596741, 114.822669983, 115.159362793, 115.496055603, 115.844352722, 116.215873718, 116.587387085, 116.958908081, 117.400085449, 117.81804657, 118.23600769, 118.653968811, 119.048706055, 119.43183136, 119.814964294, 120.209701538, 120.592834473, 120.975959778, 121.370697021, 121.765441895, 122.218231201, 122.671020508, 123.112197876, 123.611427307, 124.110656738, 124.609886169, 125.109115601, 125.608345032, 126.107574463, 126.606803894, 127.106025696, 127.616867065, 128.17414856, 128.731430054, 129.277099609, 129.741500854, 130.194290161, 130.647079468, 131.099868774, 131.552658081, 132.005432129, 132.446624756, 132.887802124, 133.340591431, 133.804992676, 134.280990601, 134.745391846, 135.209793091, 135.592926025, 135.97605896, 136.359176636, 136.753921509, 137.160263062, 137.566619873, 137.972961426, 138.379318237, 138.78565979, 139.20362854, 139.609970093, 140.016326904], "danceability": 0.879335999489, "bpm_histogram_second_peak_spread": {"dvar": 0, "var": 0, "median": 0.466666668653, "max": 0.466666668653, "dmean": 0, "dmean2": 0, "mean": 0.466666668653, "dvar2": 0, "min": 0.466666668653}}, "lowlevel": {"spectral_flux": {"dvar": 0.000358589139068, "var": 0.000975042989012, "median": 0.0292921811342, "max": 0.355558246374, "dmean": 0.0132689829916, "dmean2": 0.0213326849043, "mean": 0.036575961858, "dvar2": 0.000896798737813, "min": 6.43975012204e-11}, "spectral_rolloff": {"dvar": 358604.375, "var": 10608651, "median": 387.59765625, "max": 21468.6035156, "dmean": 109.330123901, "dmean2": 192.38482666, "mean": 1053.6282959, "dvar2": 901229.1875, "min": 64.599609375}, "barkbands_flatness_db": {"dvar": 0.000554516562261, "var": 0.00596102001145, "median": 0.311010092497, "max": 0.615878462791, "dmean": 0.0213399790227, "dmean2": 0.032293535769, "mean": 0.309899479151, "dvar2": 0.00125310884323, "min": 0.0556854680181}, "spectral_centroid": {"dvar": 46578.5507813, "var": 1692244.625, "median": 357.845458984, "max": 11773.9345703, "dmean": 61.679485321, "dmean2": 91.6298141479, "mean": 620.833679199, "dvar2": 92033.71875, "min": 102.110931396}, "melbands_skewness": {"dvar": 0.556918263435, "var": 4.26982069016, "median": 1.96449959278, "max": 19.6602687836, "dmean": 0.555432021618, "dmean2": 0.850677669048, "mean": 2.34328556061, "dvar2": 1.32095992565, "min": -0.879096746445}, "melbands": {"dvar": [3.68208844748e-07, 6.80157711486e-07, 9.95511982183e-07, 2.08306005334e-06, 5.43747091797e-07, 2.18828091647e-07, 7.32797786895e-08, 1.07412930106e-07, 7.96892081212e-08, 2.87807147004e-08, 4.36415206195e-08, 1.95909555245e-09, 5.49860530441e-08, 1.45567629062e-08, 1.15086506991e-09, 3.41345812727e-10, 3.53631651739e-10, 3.6007541393e-10, 7.8399320369e-10, 7.16950249169e-11, 2.23987200315e-11, 2.93860456801e-11, 7.14342213853e-12, 1.17847441874e-12, 5.56925382547e-12, 1.95565417159e-12, 4.36940089145e-13, 5.88855244947e-13, 7.54947252174e-14, 1.49456063302e-13, 5.55020540974e-14, 4.21209257523e-14, 3.49787710461e-14, 1.68183880451e-13, 2.35561028149e-13, 1.48205070178e-13, 5.58370454636e-14, 3.73667907055e-14, 6.84074819631e-15, 1.44044813647e-15], "var": [3.07280106426e-06, 2.5331892175e-06, 4.73457930639e-06, 7.18638966646e-06, 4.68423013444e-06, 1.04569699033e-06, 4.62684056401e-07, 8.99919882613e-07, 2.36068160575e-07, 9.22215264154e-08, 6.02427348895e-07, 1.11120153079e-08, 2.9985267247e-07, 6.40405275476e-08, 3.6509182344e-09, 1.2594671972e-09, 1.43924183682e-09, 1.24329246898e-09, 2.57320253993e-09, 3.88346493851e-10, 8.25609372535e-11, 8.91010876192e-11, 1.93225730555e-11, 3.87661864415e-12, 2.15263067788e-11, 6.04660375589e-12, 1.15994204259e-12, 8.8346224867e-13, 1.19885953378e-13, 1.46378867144e-13, 1.00412984405e-13, 6.60322829944e-14, 4.67841978808e-14, 3.74453940077e-13, 6.84284822815e-13, 3.12237784456e-13, 1.40195323341e-13, 8.72169632522e-14, 8.11781553572e-15, 1.59290379671e-15], "median": [5.19774766872e-05, 0.000201151779038, 0.000409500760725, 0.000474262284115, 0.000254885671893, 0.000111726112664, 7.46589794289e-05, 2.19827288674e-05, 1.26264976643e-05, 4.9585501074e-06, 4.54461405752e-06, 1.49861432419e-06, 2.15416866922e-06, 1.23810207242e-06, 1.00651254797e-06, 5.79022128022e-07, 3.50026652995e-07, 3.53119474994e-07, 4.86609906147e-07, 3.87896363918e-07, 2.42736632572e-07, 2.38419204379e-07, 1.40256105396e-07, 5.99017226932e-08, 6.34434229596e-08, 4.41367156157e-08, 2.52146445945e-08, 1.46186200922e-08, 4.89434581752e-09, 3.88645382543e-09, 3.19475912391e-09, 2.29811081276e-09, 2.11186335086e-09, 2.32111019294e-09, 1.84209436593e-09, 8.90060469771e-10, 8.93943363778e-10, 6.93966883958e-10, 5.33154131954e-10, 3.84781317919e-10], "max": [0.0282817073166, 0.0336815193295, 0.0315655954182, 0.0647304430604, 0.0307046622038, 0.0106006693095, 0.00838785991073, 0.00917228683829, 0.0136880492792, 0.00524855684489, 0.00997214298695, 0.00185475463513, 0.00829264800996, 0.00573357986286, 0.00173943734262, 0.00151171314064, 0.000935778662097, 0.000869263021741, 0.00151015736628, 0.000427338120062, 0.000285935268039, 0.00035539950477, 9.98032046482e-05, 5.55829865334e-05, 0.000147908504005, 6.46449698252e-05, 1.54858298629e-05, 2.07704706554e-05, 7.3065266406e-06, 1.41960854307e-05, 6.23742789685e-06, 6.28743418929e-06, 5.98468068347e-06, 1.85230801435e-05, 1.81488903763e-05, 1.4950745026e-05, 1.19122814795e-05, 1.01837304101e-05, 3.22849632539e-06, 1.30167893531e-06], "dmean": [0.000170303334016, 0.000279493222479, 0.000393728521885, 0.000417041243054, 0.000237059794017, 0.000163642092957, 9.56707590376e-05, 9.07139110495e-05, 6.12790390733e-05, 3.90254790545e-05, 4.42988202849e-05, 9.94134461507e-06, 4.2209867388e-05, 1.94330987142e-05, 6.53924189464e-06, 3.2934126466e-06, 3.41030158779e-06, 3.31124488184e-06, 4.15107615481e-06, 2.25342955673e-06, 1.03090644643e-06, 9.05231445358e-07, 5.26188273398e-07, 2.30371227872e-07, 4.16607349507e-07, 2.57482867028e-07, 1.64293354032e-07, 1.53059389163e-07, 5.66567841531e-08, 5.25036156773e-08, 3.98347488328e-08, 3.71223691786e-08, 3.05426723912e-08, 4.92804304031e-08, 5.36231503645e-08, 3.67051988803e-08, 2.53423646512e-08, 2.04213943533e-08, 9.36581212585e-09, 6.35825481154e-09], "dmean2": [0.000218719302211, 0.000417715724325, 0.000613232958131, 0.000572907796595, 0.000310702889692, 0.000219250112423, 0.00012483842147, 0.000127617633552, 8.35151295178e-05, 5.46698684047e-05, 6.14209420746e-05, 1.420145054e-05, 5.83828041272e-05, 2.780088289e-05, 8.89806779014e-06, 4.65477933176e-06, 4.92363278681e-06, 4.74547005069e-06, 5.48253638044e-06, 3.0018641155e-06, 1.43758040849e-06, 1.31786975999e-06, 7.8919418911e-07, 3.38812185419e-07, 5.9128524299e-07, 3.84596745562e-07, 2.45830676704e-07, 2.29171533306e-07, 8.84325928041e-08, 8.37989801994e-08, 6.31300309806e-08, 5.92723914394e-08, 4.92780465322e-08, 7.64860814684e-08, 8.02917199394e-08, 5.75417260507e-08, 3.75966457966e-08, 2.968934254e-08, 1.5220482652e-08, 1.03892290326e-08], "mean": [0.000517977983691, 0.000705829064827, 0.00108606624417, 0.00133215624373, 0.000921156897675, 0.000484490330564, 0.000293335469905, 0.000300847750623, 0.000156193462317, 9.71221015789e-05, 0.000172949658008, 2.64098962361e-05, 0.000109289620013, 4.67375357402e-05, 1.30904290927e-05, 7.66207540437e-06, 7.68736299506e-06, 7.65519871493e-06, 9.11661118153e-06, 5.50848608327e-06, 2.5246797577e-06, 2.22705625674e-06, 1.18052855669e-06, 5.62165837437e-07, 9.58916871241e-07, 5.49474009404e-07, 3.34784601819e-07, 2.47419706056e-07, 8.82200197339e-08, 6.44413020723e-08, 5.81347734396e-08, 4.85648214976e-08, 3.93714252311e-08, 6.75137812323e-08, 8.36353635236e-08, 4.9408594549e-08, 3.62430974121e-08, 3.16242712017e-08, 1.18964500473e-08, 9.09496922219e-09], "dvar2": [4.8853877388e-07, 1.40267422921e-06, 2.52425934377e-06, 3.74376190848e-06, 9.12882853754e-07, 4.87841816721e-07, 1.39098574437e-07, 2.20813561214e-07, 1.73084444555e-07, 6.11059292055e-08, 8.21761005909e-08, 4.27873425579e-09, 1.14269191442e-07, 3.1325182448e-08, 2.04382266666e-09, 7.18318071691e-10, 6.78795242237e-10, 8.14422196349e-10, 1.31247879231e-09, 1.1662872057e-10, 3.9990202122e-11, 5.29989351017e-11, 1.51835037598e-11, 2.19629241009e-12, 8.96080258606e-12, 3.83016014738e-12, 9.97093033139e-13, 1.37648258677e-12, 1.90259537725e-13, 4.02154031647e-13, 1.3431607443e-13, 1.01089912808e-13, 7.79922526843e-14, 3.69353500692e-13, 5.0651166204e-13, 3.59559306157e-13, 1.16350532724e-13, 8.36578663331e-14, 1.76293373888e-14, 3.96920020248e-15], "min": [8.16241675596e-25, 9.28466112656e-25, 7.18130650383e-25, 1.07464105232e-24, 1.45605096126e-24, 2.05029840205e-24, 1.57790453035e-24, 1.85530105818e-24, 2.1286798188e-24, 2.15986901241e-24, 1.26987485724e-24, 3.53109523965e-24, 2.33898283917e-24, 1.62526882378e-24, 2.97195713813e-24, 2.82438315365e-24, 3.108247059e-24, 3.87882118236e-24, 3.7694255019e-24, 4.08164442084e-24, 4.44525328903e-24, 4.06466773973e-24, 4.32144945856e-24, 4.08987539553e-24, 4.57013194247e-24, 4.15425670059e-24, 4.24991476281e-24, 4.51876960337e-24, 5.25265715868e-24, 4.59390308256e-24, 4.38813305417e-24, 5.05450279347e-24, 5.28929817001e-24, 5.88537566949e-24, 5.35869189726e-24, 5.59216001533e-24, 5.64594494627e-24, 4.91953382018e-24, 7.73984329612e-24, 6.72736556782e-24]}, "spectral_decrease": {"dvar": 4.80267887888e-18, "var": 4.49553604681e-17, "median": -3.10156944572e-09, "max": 6.83242927398e-16, "dmean": 1.11358833266e-09, "dmean2": 1.53630896893e-09, "mean": -5.16226483782e-09, "dvar2": 9.16198481354e-18, "min": -6.03684497946e-08}, "barkbands_kurtosis": {"dvar": 394.867004395, "var": 999.384399414, "median": 7.37834262848, "max": 580.906982422, "dmean": 6.4296207428, "dmean2": 10.530878067, "mean": 15.4757041931, "dvar2": 1348.7253418, "min": -1.97013890743}, "silence_rate_30dB": {"dvar": 0.00946712959558, "var": 0.0231653861701, "median": 1, "max": 1, "dmean": 0.00955833867192, "dmean2": 0.0191198289394, "mean": 0.976272881031, "dvar2": 0.0233699176461, "min": 0}, "gfcc": {"mean": [-203.081588745, 178.399185181, -84.4445419312, 9.22538948059, -39.4970779419, -14.3601541519, -37.8871231079, -9.6201839447, -17.0001754761, -14.4377384186, -6.6344332695, -9.40743350983, -5.60590171814], "cov": [[32249.9824219, 4850.06640625, -5026.5234375, -354.60534668, -2201.50268555, -662.696411133, -1128.8795166, -110.006324768, -294.28036499, -568.320617676, -137.509170532, -543.825866699, 118.284034729], [4850.06640625, 2896.11474609, -512.588806152, -500.41796875, 176.380706787, -327.300537109, 50.5494613647, -197.031967163, -17.9439220428, -226.899108887, 160.061340332, 18.6675930023, 118.240707397], [-5026.5234375, -512.588806152, 1763.51843262, 342.993560791, 335.992156982, 253.810745239, 137.837188721, -5.75399303436, 14.2076539993, 52.6080970764, 107.65750885, 177.452331543, -4.77894353867], [-354.60534668, -500.41796875, 342.993560791, 800.877990723, 134.129959106, 27.4480075836, -122.715187073, 12.4846496582, 110.235343933, 57.7500534058, 31.2412452698, -1.04691040516, -2.9974424839], [-2201.50268555, 176.380706787, 335.992156982, 134.129959106, 673.413208008, -17.4935245514, 48.9050979614, -34.7394599915, 87.5226669312, 53.3784294128, 72.4488220215, 76.4194488525, 48.985332489], [-662.696411133, -327.300537109, 253.810745239, 27.4480075836, -17.4935245514, 300.814788818, 100.078468323, 63.5265579224, 2.11207699776, 56.7889022827, 0.318097889423, 30.7106971741, -23.5593070984], [-1128.8795166, 50.5494613647, 137.837188721, -122.715187073, 48.9050979614, 100.078468323, 458.499511719, 129.107620239, -26.0611152649, 39.3634986877, 11.1511411667, 44.9367980957, -6.81823921204], [-110.006324768, -197.031967163, -5.75399303436, 12.4846496582, -34.7394599915, 63.5265579224, 129.107620239, 252.147125244, 30.0724906921, 14.4953622818, -15.9279575348, -7.35913276672, 0.287013947964], [-294.28036499, -17.9439220428, 14.2076539993, 110.235343933, 87.5226669312, 2.11207699776, -26.0611152649, 30.0724906921, 205.533004761, 51.0640716553, -28.8964233398, -19.249206543, 16.5773620605], [-568.320617676, -226.899108887, 52.6080970764, 57.7500534058, 53.3784294128, 56.7889022827, 39.3634986877, 14.4953622818, 51.0640716553, 204.309692383, 8.61348056793, -14.446313858, -19.4089374542], [-137.509170532, 160.061340332, 107.65750885, 31.2412452698, 72.4488220215, 0.318097889423, 11.1511411667, -15.9279575348, -28.8964233398, 8.61348056793, 170.388397217, 58.0487098694, -8.06658744812], [-543.825866699, 18.6675930023, 177.452331543, -1.04691040516, 76.4194488525, 30.7106971741, 44.9367980957, -7.35913276672, -19.249206543, -14.446313858, 58.0487098694, 144.757919312, 22.3646945953], [118.284034729, 118.240707397, -4.77894353867, -2.9974424839, 48.985332489, -23.5593070984, -6.81823921204, 0.287013947964, 16.5773620605, -19.4089374542, -8.06658744812, 22.3646945953, 105.094841003]], "icov": [[0.00026428111596, -0.000610731833149, 0.000585324771237, -0.000584997993428, 0.000709741783794, -0.000543264904991, 0.000607837573625, -0.000432859669672, 0.000526488525793, -0.000213374180021, 0.000301795575069, -0.000181281895493, -7.30842730263e-05], [-0.000610731833149, 0.00203495309688, -0.00123213161714, 0.00168495939579, -0.00178246072028, 0.00160267832689, -0.00171620165929, 0.00149373302702, -0.00160754076205, 0.00113248592243, -0.00152671802789, 0.000740613264497, -0.000347494060406], [0.000585324771237, -0.00123213161714, 0.00218806788325, -0.00157735997345, 0.00123880803585, -0.00177827081643, 0.00111658510286, -0.000662116741296, 0.00119163433556, -0.000253338715993, 0.000434876099462, -0.00101787585299, -0.00010458802717], [-0.000584997993428, 0.00168495939579, -0.00157735997345, 0.0031041353941, -0.00176701298915, 0.00142634555232, -0.000902316649444, 0.000874323188327, -0.00200937013142, 0.00057032861514, -0.00139589956962, 0.000845771050081, -2.91417472909e-06], [0.000709741783794, -0.00178246072028, 0.00123880803585, -0.00176701298915, 0.00397323817015, -0.00105531851295, 0.0013591182651, -0.000866849790327, 0.000642368162517, -0.00110035843682, 0.000407878484111, -0.00103313103318, -0.000838814943563], [-0.000543264904991, 0.00160267832689, -0.00177827081643, 0.00142634555232, -0.00105531851295, 0.00586041575298, -0.00186813098844, 0.000362526974641, -0.00125085434411, -0.000316315854434, -0.000588990340475, -0.000197676141397, 0.000587300572079], [0.000607837573625, -0.00171620165929, 0.00111658510286, -0.000902316649444, 0.0013591182651, -0.00186813098844, 0.00467980420217, -0.0028552452568, 0.00195690034889, -0.00137958384585, 0.00124640366994, -0.00121654372197, 0.000322023552144], [-0.000432859669672, 0.00149373302702, -0.000662116741296, 0.000874323188327, -0.000866849790327, 0.000362526974641, -0.0028552452568, 0.00628093117848, -0.00214219931513, 0.00119911623187, -0.00114074582234, 0.000978551572189, -0.000652088550851], [0.000526488525793, -0.00160754076205, 0.00119163433556, -0.00200937013142, 0.000642368162517, -0.00125085434411, 0.00195690034889, -0.00214219931513, 0.00769588537514, -0.00219917739742, 0.00238233874552, -0.000132288158056, -0.000643136387225], [-0.000213374180021, 0.00113248592243, -0.000253338715993, 0.00057032861514, -0.00110035843682, -0.000316315854434, -0.00137958384585, 0.00119911623187, -0.00219917739742, 0.00679188361391, -0.0017167404294, 0.00150558771566, 0.000469004531624], [0.000301795575069, -0.00152671802789, 0.000434876099462, -0.00139589956962, 0.000407878484111, -0.000588990340475, 0.00124640366994, -0.00114074582234, 0.00238233874552, -0.0017167404294, 0.00892724003643, -0.00346806040034, 0.00185021106154], [-0.000181281895493, 0.000740613264497, -0.00101787585299, 0.000845771050081, -0.00103313103318, -0.000197676141397, -0.00121654372197, 0.000978551572189, -0.000132288158056, 0.00150558771566, -0.00346806040034, 0.010302904062, -0.00245552835986], [-7.30842730263e-05, -0.000347494060406, -0.00010458802717, -2.91417472909e-06, -0.000838814943563, 0.000587300572079, 0.000322023552144, -0.000652088550851, -0.000643136387225, 0.000469004531624, 0.00185021106154, -0.00245552835986, 0.0113815227523]]}, "silence_rate_20dB": {"dvar": 0, "var": 0, "median": 1, "max": 1, "dmean": 0, "dmean2": 0, "mean": 1, "dvar2": 0, "min": 1}, "barkbands_skewness": {"dvar": 0.564889073372, "var": 4.26204824448, "median": 1.69427406788, "max": 19.5173568726, "dmean": 0.552126944065, "dmean2": 0.863264739513, "mean": 2.01113343239, "dvar2": 1.5396720171, "min": -5.19092559814}, "erbbands_skewness": {"dvar": 0.182528778911, "var": 1.88834261894, "median": 1.25848758221, "max": 8.63490009308, "dmean": 0.372618407011, "dmean2": 0.55184262991, "mean": 1.39029753208, "dvar2": 0.430955052376, "min": -3.52597689629}, "spectral_contrast_valleys": {"dvar": [0.134199872613, 0.115579225123, 0.112841024995, 0.120131209493, 0.118657380342, 0.151421427727], "var": [7.00050067902, 7.47132587433, 6.56844615936, 5.75148296356, 5.34259414673, 3.95723295212], "median": [-7.91225004196, -7.75123691559, -9.10774040222, -10.0405931473, -10.4923877716, -13.2461748123], "max": [-5.3358836174, -5.32545280457, -5.93864202499, -6.84410524368, -7.74474620819, -8.91740703583], "dmean": [0.344995319843, 0.289988964796, 0.283996194601, 0.275702089071, 0.250050842762, 0.288221657276], "dmean2": [0.57188564539, 0.472689777613, 0.452316403389, 0.435921728611, 0.381173700094, 0.434859991074], "mean": [-8.33894443512, -8.30728626251, -9.54976081848, -10.4032554626, -10.8034515381, -13.4872379303], "dvar2": [0.308202445507, 0.25744971633, 0.237820893526, 0.25782468915, 0.248411998153, 0.32059314847], "min": [-28.1661071777, -28.3276824951, -27.8633499146, -27.7322902679, -27.4715614319, -27.3905448914]}, "spectral_strongpeak": {"dvar": 0.290705859661, "var": 1.07012891769, "median": 0.591258347034, "max": 10.1679000854, "dmean": 0.281302213669, "dmean2": 0.46145004034, "mean": 0.885350048542, "dvar2": 0.748342573643, "min": 0}, "erbbands_crest": {"dvar": 4.695936203, "var": 25.1888599396, "median": 12.7465410233, "max": 32.2947349548, "dmean": 2.11996030807, "dmean2": 3.29159927368, "mean": 13.4054098129, "dvar2": 11.5012340546, "min": 2.64846587181}, "barkbands_crest": {"dvar": 3.9254026413, "var": 24.0880222321, "median": 12.9113550186, "max": 26.5396957397, "dmean": 2.02747893333, "dmean2": 3.19698095322, "mean": 13.6841363907, "dvar2": 10.1606969833, "min": 3.94292545319}, "spectral_energyband_middle_low": {"dvar": 5.53962745471e-05, "var": 0.00045586260967, "median": 0.00874709803611, "max": 0.22878614068, "dmean": 0.00347492541187, "dmean2": 0.00484682433307, "mean": 0.0153008000925, "dvar2": 0.00010809032392, "min": 1.61548148964e-22}, "spectral_contrast_coeffs": {"dvar": [0.00111194327474, 0.000958926975727, 0.000732007378247, 0.000579009880312, 0.000367956206901, 0.000252726284089], "var": [0.0164023879915, 0.0114385504276, 0.0125306816772, 0.00842179078609, 0.00540380179882, 0.00255448045209], "median": [-0.568148851395, -0.644435226917, -0.742097437382, -0.748350381851, -0.768834173679, -0.807006537914], "max": [-0.200859963894, -0.317884981632, -0.311340272427, -0.470451682806, -0.525831222534, -0.619389057159], "dmean": [0.0382391810417, 0.0343363285065, 0.0288984272629, 0.0258297603577, 0.0199799872935, 0.0164177697152], "dmean2": [0.0623656846583, 0.0537531040609, 0.0458808429539, 0.0403089784086, 0.0307812187821, 0.0258938800544], "mean": [-0.574129879475, -0.649680256844, -0.728474676609, -0.745228886604, -0.77020907402, -0.807921528816], "dvar2": [0.00282053393312, 0.00220483075827, 0.00171650620177, 0.00129889429081, 0.000808068667538, 0.000571082404349], "min": [-0.975744605064, -0.977916717529, -0.974631130695, -0.969663918018, -0.967631340027, -0.964608728886]}, "hfc": {"dvar": 10.4664649963, "var": 149.189483643, "median": 3.76796507835, "max": 119.425247192, "dmean": 1.52608168125, "dmean2": 2.06153178215, "mean": 7.3773932457, "dvar2": 20.3223266602, "min": 1.08691691308e-16}, "spectral_energyband_high": {"dvar": 2.9732736273e-09, "var": 7.76221664722e-09, "median": 1.47207595091e-06, "max": 0.00194730004296, "dmean": 9.58221062319e-06, "dmean2": 1.39732292155e-05, "mean": 1.63288132171e-05, "dvar2": 6.21461815342e-09, "min": 6.93663321929e-21}, "erbbands_spread": {"dvar": 47.6507873535, "var": 329.818328857, "median": 13.6369352341, "max": 192.989837646, "dmean": 3.71402788162, "dmean2": 5.5551071167, "mean": 18.3511009216, "dvar2": 109.365478516, "min": 0.919317007065}, "dissonance": {"dvar": 0.00116562633775, "var": 0.00511746574193, "median": 0.377983957529, "max": 0.499984920025, "dmean": 0.0353291220963, "dmean2": 0.0587648786604, "mean": 0.37235173583, "dvar2": 0.00315987248905, "min": 0.126951292157}, "spectral_kurtosis": {"dvar": 232.282485962, "var": 1038.71228027, "median": 27.033744812, "max": 280.951599121, "dmean": 12.880739212, "dmean2": 21.3379478455, "mean": 35.8024215698, "dvar2": 562.244995117, "min": -1.25672698021}, "spectral_skewness": {"dvar": 0.591008663177, "var": 3.85784053802, "median": 3.89123129845, "max": 13.4905843735, "dmean": 0.774500310421, "dmean2": 1.27969825268, "mean": 4.14639568329, "dvar2": 1.47171509266, "min": -0.0748035609722}, "pitch_salience": {"dvar": 0.00291697797365, "var": 0.0182068273425, "median": 0.516436994076, "max": 0.864518165588, "dmean": 0.0541022792459, "dmean2": 0.0861363112926, "mean": 0.511412143707, "dvar2": 0.00777399353683, "min": 0.0810724198818}, "spectral_complexity": {"dvar": 1.03479027748, "var": 14.6917362213, "median": 6, "max": 23, "dmean": 0.899802267551, "dmean2": 1.51112580299, "mean": 6.51754808426, "dvar2": 2.30166387558, "min": 0}, "spectral_spread": {"dvar": 460955975680, "var": 25207156768800.0, "median": 1738350.375, "max": 42073908, "dmean": 374257.3125, "dmean2": 603992.75, "mean": 2811699.5, "dvar2": 960717914112, "min": 379121.15625}, "dynamic_complexity": 6.88591861725, "melbands_crest": {"dvar": 5.34747695923, "var": 30.8564300537, "median": 15.3451395035, "max": 34.1642379761, "dmean": 2.38852977753, "dmean2": 3.79562664032, "mean": 16.0448684692, "dvar2": 13.9948301315, "min": 1.623873353}, "zerocrossingrate": {"dvar": 8.55829348438e-05, "var": 0.00898800697178, "median": 0.0166015625, "max": 0.705078125, "dmean": 0.00326878065243, "dmean2": 0.00416797585785, "mean": 0.0357192754745, "dvar2": 0.000147065424244, "min": 0.0029296875}, "spectral_energyband_low": {"dvar": 1.49504257934e-05, "var": 8.43033412821e-05, "median": 0.00142409931868, "max": 0.114431090653, "dmean": 0.0014628105564, "dmean2": 0.00214719492942, "mean": 0.0044506220147, "dvar2": 3.14779572363e-05, "min": 9.70308064208e-24}, "melbands_kurtosis": {"dvar": 432.640777588, "var": 2363.74438477, "median": 9.30383777618, "max": 739.53503418, "dmean": 7.24634504318, "dmean2": 11.5055761337, "mean": 20.4985675812, "dvar2": 1241.93066406, "min": -1.6977609396}, "spectral_energyband_middle_high": {"dvar": 4.74271337225e-06, "var": 3.47338827851e-05, "median": 0.000200823211344, "max": 0.0916784033179, "dmean": 0.000535320257768, "dmean2": 0.000738435890526, "mean": 0.00182192481589, "dvar2": 9.81060748018e-06, "min": 1.23797282289e-21}, "barkbands_spread": {"dvar": 14.9456100464, "var": 69.9168395996, "median": 3.7655749321, "max": 148.213653564, "dmean": 1.40953981876, "dmean2": 2.17462110519, "mean": 6.02358818054, "dvar2": 35.726852417, "min": 0.116560399532}, "mfcc": {"mean": [-832.215454102, 197.477737427, 22.8096027374, 22.7272796631, 14.6552095413, -4.94096136093, -7.34660625458, -2.84855937958, -8.72993087769, -5.25792169571, -7.13957452774, -6.53147935867, -0.370985984802], "cov": [[11095.7128906, 3122.92651367, -1806.52087402, -165.549713135, -645.49041748, -747.260864258, -458.494720459, -232.411117554, -192.972702026, -39.5458335876, -187.259460449, -263.514556885, -14.0792255402], [3122.92651367, 3095.38891602, -103.70010376, -260.848693848, -36.7432632446, -272.044799805, -62.0812454224, -45.0708999634, -93.7234573364, -271.390533447, -78.188041687, -46.087600708, -7.85728645325], [-1806.52087402, -103.70010376, 1185.7935791, 192.436859131, 149.080459595, 234.226043701, 151.970474243, 118.446006775, -7.56290817261, -25.7572288513, -7.30031108856, 63.2707748413, 46.5001182556], [-165.549713135, -260.848693848, 192.436859131, 572.541931152, 286.906341553, 54.085773468, -40.2714385986, 5.19258737564, -39.7228088379, 83.9483566284, -38.2927207947, -3.91636347771, 44.4870834351], [-645.49041748, -36.7432632446, 149.080459595, 286.906341553, 598.278869629, 138.331375122, -97.5036697388, -26.6231765747, -57.4852104187, 3.94380164146, -41.0530662537, -0.342008948326, 7.12808990479], [-747.260864258, -272.044799805, 234.226043701, 54.085773468, 138.331375122, 310.153106689, 52.3640708923, -16.4888820648, 22.2426071167, 17.8560771942, 48.5845146179, 36.8233795166, -2.80916953087], [-458.494720459, -62.0812454224, 151.970474243, -40.2714385986, -97.5036697388, 52.3640708923, 307.196014404, 118.744674683, 11.0584478378, -6.53477144241, 53.1203613281, 56.3979110718, 19.4686508179], [-232.411117554, -45.0708999634, 118.446006775, 5.19258737564, -26.6231765747, -16.4888820648, 118.744674683, 234.524200439, 62.7600212097, -6.03517627716, 13.864200592, 25.3008174896, 19.9431400299], [-192.972702026, -93.7234573364, -7.56290817261, -39.7228088379, -57.4852104187, 22.2426071167, 11.0584478378, 62.7600212097, 243.004470825, 93.6292037964, 34.6350593567, 6.12332105637, -11.7180948257], [-39.5458335876, -271.390533447, -25.7572288513, 83.9483566284, 3.94380164146, 17.8560771942, -6.53477144241, -6.03517627716, 93.6292037964, 251.092147827, 53.6969337463, -8.05598831177, 4.58481025696], [-187.259460449, -78.188041687, -7.30031108856, -38.2927207947, -41.0530662537, 48.5845146179, 53.1203613281, 13.864200592, 34.6350593567, 53.6969337463, 151.657455444, 56.5413703918, -0.683419287205], [-263.514556885, -46.087600708, 63.2707748413, -3.91636347771, -0.342008948326, 36.8233795166, 56.3979110718, 25.3008174896, 6.12332105637, -8.05598831177, 56.5413703918, 135.167449951, 38.7404556274], [-14.0792255402, -7.85728645325, 46.5001182556, 44.4870834351, 7.12808990479, -2.80916953087, 19.4686508179, 19.9431400299, -11.7180948257, 4.58481025696, -0.683419287205, 38.7404556274, 124.883056641]], "icov": [[0.000255569262663, -0.000282615743345, 0.000362808612408, -0.000270571094006, 0.000409053347539, -0.000142201810377, 0.000268431031145, -0.000174778178916, 0.000275247759419, -0.000271698925644, 0.000196419670829, 9.09250520635e-05, -5.94866505708e-05], [-0.000282615743345, 0.000720228417777, -0.000472077954328, 0.0004764222831, -0.000618227699306, 0.000613035866991, -0.000344930915162, 0.000374806113541, -0.000395679584472, 0.000712825742085, -0.00033382626134, 3.88263688365e-05, -1.46582724483e-05], [0.000362808612408, -0.000472077954328, 0.00170547456946, -0.000734461122192, 0.000644652755, -0.00116527546197, 0.000102120735392, -0.000793042418081, 0.000512438069563, -0.000325123139191, 0.000734686909709, -0.000138813062222, -0.000207375720493], [-0.000270571094006, 0.0004764222831, -0.000734461122192, 0.0031122113578, -0.00166623946279, 0.000528774340637, -0.000208104407648, 2.70864002232e-05, 0.000249140255619, -0.000816185784061, 0.000348717352608, -2.02209048439e-05, -0.000639075355139], [0.000409053347539, -0.000618227699306, 0.000644652755, -0.00166623946279, 0.00349089014344, -0.0017617038684, 0.00150995398872, -0.000828696764074, 0.00104292598553, -0.000480392423924, 0.000881531508639, -0.000256836676272, 0.000218805129407], [-0.000142201810377, 0.000613035866991, -0.00116527546197, 0.000528774340637, -0.0017617038684, 0.00564241455868, -0.00131884927396, 0.00185545894783, -0.00122315797489, 0.000801046495326, -0.00174200744368, -9.45987048908e-05, 0.000280467967968], [0.000268431031145, -0.000344930915162, 0.000102120735392, -0.000208104407648, 0.00150995398872, -0.00131884927396, 0.00548409018666, -0.00276579312049, 0.00127651286311, -0.000500224879943, -0.000505148724187, -0.000912977964617, -6.58463468426e-05], [-0.000174778178916, 0.000374806113541, -0.000793042418081, 2.70864002232e-05, -0.000828696764074, 0.00185545894783, -0.00276579312049, 0.00675774179399, -0.00246094190516, 0.00128507043701, -0.000447254278697, 8.05321251391e-05, -0.00057497061789], [0.000275247759419, -0.000395679584472, 0.000512438069563, 0.000249140255619, 0.00104292598553, -0.00122315797489, 0.00127651286311, -0.00246094190516, 0.00623871060088, -0.00280059291981, 0.000378090509912, -0.000356605363777, 0.00063443830004], [-0.000271698925644, 0.000712825742085, -0.000325123139191