{"tonal": {"chords_key": "E", "hpcp_entropy": {"dmean": 0.664007127285, "dmean2": 1.11409699917, "max": 4.52038097382, "dvar": 0.318147867918, "mean": 2.02577400208, "dvar2": 0.858560323715, "min": 0, "var": 0.683412075043, "median": 1.99666714668}, "key_key": "C", "chords_strength": {"dmean": 0.0110254613683, "dmean2": 0.0120869493112, "max": 0.758207499981, "dvar": 0.000110777706141, "mean": 0.474801272154, "dvar2": 0.000158830007422, "min": 0.187002941966, "var": 0.0115414550528, "median": 0.478117108345}, "key_scale": "major", "chords_number_rate": 0.00245740497485, "thpcp": [1, 0.699470818043, 0.356607288122, 0.396260768175, 0.350867301226, 0.458753943443, 0.638964056969, 0.473375380039, 0.270289301872, 0.2314671278, 0.201844245195, 0.32849869132, 0.582812428474, 0.519579052925, 0.424958616495, 0.534776866436, 0.409682303667, 0.301284521818, 0.35608240962, 0.290998637676, 0.29601085186, 0.433215200901, 0.37075060606, 0.234610229731, 0.196156784892, 0.197341024876, 0.430191218853, 0.813316941261, 0.6873960495, 0.493948161602, 0.494734704494, 0.301597952843, 0.33203676343, 0.514465153217, 0.464940845966, 0.64136660099], "key_strength": 0.72062677145, "tuning_nontempered_energy_ratio": 0.736125707626, "tuning_frequency": 437.465789795, "chords_changes_rate": 0.0694626495242, "tuning_diatonic_strength": 0.443191587925, "chords_scale": "major", "chords_histogram": [13.5648756027, 6.52031469345, 13.5484924316, 2.78505897522, 6.89711666107, 8.96133708954, 11.3532114029, 1.26146793365, 14.6625165939, 0.0163826998323, 1.73656618595, 0.245740503073, 0.835517704487, 0.163827002048, 1.67103540897, 3.3256881237, 0.0163826998323, 0.573394477367, 0, 2.01507210732, 0.212975099683, 0.966579318047, 3.09633016586, 5.57011795044], "tuning_equal_tempered_deviation": 0.0853097513318, "hpcp": {"dmean": [0.13477435708, 0.118245877326, 0.0866961330175, 0.0776675492525, 0.0710135325789, 0.0899787396193, 0.121070146561, 0.121237762272, 0.11341445893, 0.109123587608, 0.105297595263, 0.0978645309806, 0.104369156063, 0.086979098618, 0.0830371975899, 0.103805311024, 0.0965239927173, 0.0804701596498, 0.0714292824268, 0.0764955803752, 0.118853099644, 0.139465302229, 0.132102221251, 0.141073837876, 0.145563706756, 0.102196626365, 0.101966105402, 0.123844474554, 0.127667367458, 0.13841868937, 0.144370183349, 0.134755939245, 0.104149475694, 0.111994914711, 0.10786435008, 0.116977989674], "dmean2": [0.230966895819, 0.203955501318, 0.15437336266, 0.137401506305, 0.129171460867, 0.158802300692, 0.205139055848, 0.20793813467, 0.2020688802, 0.194162890315, 0.186652302742, 0.17463631928, 0.182326391339, 0.152640387416, 0.145906716585, 0.177456244826, 0.166808009148, 0.144032984972, 0.128878250718, 0.139790683985, 0.209850177169, 0.237281545997, 0.226404860616, 0.252587169409, 0.263324528933, 0.187020599842, 0.183695852757, 0.217571690679, 0.22354029119, 0.240559235215, 0.251503765583, 0.234954670072, 0.184589996934, 0.197298556566, 0.192270085216, 0.202946260571], "max": [1, 1, 1, 1, 1, 1, 1, 1, 1, 1, 1, 1, 1, 1, 1, 1, 1, 1, 1, 1, 1, 1, 1, 1, 1, 1, 1, 1, 1, 1, 1, 1, 1, 1, 1, 1], "dvar": [0.0487607009709, 0.0359291993082, 0.0272410959005, 0.0252760704607, 0.0254298802465, 0.0272455774248, 0.037275120616, 0.0384469181299, 0.0388226620853, 0.0464426316321, 0.0402410514653, 0.0351772457361, 0.037242975086, 0.0270106084645, 0.0246496479958, 0.0346538685262, 0.0325482338667, 0.0304026789963, 0.0263766963035, 0.0268829260021, 0.0391081683338, 0.0457462631166, 0.0377317108214, 0.0476425141096, 0.0590889006853, 0.0390447825193, 0.0366634204984, 0.0474673844874, 0.0444050319493, 0.0406770780683, 0.0530961751938, 0.0398053787649, 0.0289341174066, 0.0359339527786, 0.0346797630191, 0.0397878400981], "mean": [0.197572439909, 0.14637118578, 0.0835754647851, 0.0715713575482, 0.0624117404222, 0.101574242115, 0.180209934711, 0.160657703876, 0.131400361657, 0.165356978774, 0.126676812768, 0.0931594148278, 0.110103331506, 0.0899789407849, 0.0915287584066, 0.133953362703, 0.114638850093, 0.0725432261825, 0.0606531351805, 0.0610193125904, 0.13301832974, 0.251483649015, 0.212547972798, 0.15273244679, 0.152975648642, 0.0932563319802, 0.102668233216, 0.159076452255, 0.143763169646, 0.198315322399, 0.309207439423, 0.216281577945, 0.110265627503, 0.122526779771, 0.108490779996, 0.14185012877], "dvar2": [0.115752324462, 0.0987046584487, 0.0768915563822, 0.069317124784, 0.071439653635, 0.076720379293, 0.0966563597322, 0.0995817705989, 0.108339525759, 0.123328462243, 0.110670149326, 0.098117724061, 0.100368022919, 0.0752979889512, 0.0688979923725, 0.089875407517, 0.0862344950438, 0.0827779769897, 0.0742191001773, 0.0760828852654, 0.107008755207, 0.115318655968, 0.101759888232, 0.131517544389, 0.163497179747, 0.110742367804, 0.103448025882, 0.121069975197, 0.120244026184, 0.110716171563, 0.127523481846, 0.10420718044, 0.0787870660424, 0.0967846512794, 0.0979518666863, 0.104164876044], "min": [0, 0, 0, 0, 0, 0, 0, 0, 0, 0, 0, 0, 0, 0, 0, 0, 0, 0, 0, 0, 0, 0, 0, 0, 0, 0, 0, 0, 0, 0, 0, 0, 0, 0, 0, 0], "var": [0.0904873162508, 0.0480648763478, 0.0246103666723, 0.0229941010475, 0.0203322935849, 0.0282696206123, 0.0699531659484, 0.0605337359011, 0.0452946089208, 0.0919855609536, 0.0507649481297, 0.0301771350205, 0.0381995253265, 0.0261412300169, 0.0238631907851, 0.048810955137, 0.0385418720543, 0.0249028857797, 0.020717356354, 0.0204873327166, 0.0394101478159, 0.112206071615, 0.0828635320067, 0.0518187060952, 0.0722457021475, 0.0334275178611, 0.0342745445669, 0.075153015554, 0.0553175248206, 0.0616327375174, 0.145618185401, 0.0727445334196, 0.0289518367499, 0.0436540059745, 0.033146597445, 0.0525054074824], "median": [0.0544253140688, 0.0474652424455, 0.0238242410123, 0.0158986356109, 0.0146398115903, 0.0374844744802, 0.064574867487, 0.0537202209234, 0.0344609953463, 0.0190809629858, 0.0204857811332, 0.0285560060292, 0.0316484197974, 0.0275179743767, 0.0341574177146, 0.0423275455832, 0.0355568639934, 0.0191932544112, 0.0119293369353, 0.0112065086141, 0.0465180054307, 0.0802828893065, 0.0703906714916, 0.0505086928606, 0.0312255844474, 0.0212928112596, 0.024365387857, 0.0340261906385, 0.0369999185205, 0.0752480328083, 0.100105270743, 0.0819969326258, 0.0437905117869, 0.0416461937129, 0.0352384597063, 0.0393389873207]}}, "lowlevel": {"melbands_flatness_db": {"dmean": 0.0249455869198, "dmean2": 0.0368880815804, "max": 0.604422271252, "dvar": 0.000781067938078, "mean": 0.229269072413, "dvar2": 0.00169597717468, "min": 0.0223924573511, "var": 0.0101715689525, "median": 0.210810422897}, "melbands_crest": {"dmean": 2.78883647919, "dmean2": 4.40484523773, "max": 31.7179050446, "dvar": 8.02203083038, "mean": 13.5540122986, "dvar2": 19.2583770752, "min": 3.12108874321, "var": 22.5126209259, "median": 12.9165620804}, "spectral_entropy": {"dmean": 0.154249146581, "dmean2": 0.219964519143, "max": 9.13922023773, "dvar": 0.0342368744314, "mean": 7.34506368637, "dvar2": 0.0695541352034, "min": 4.88841199875, "var": 0.479663550854, "median": 7.4708442688}, "melbands": {"dmean": [0.000955131370574, 0.00109692371916, 0.000675045943353, 0.000378418015316, 0.000131414955831, 0.000104534396087, 0.00010792825924, 8.4140789113e-05, 6.86566709192e-05, 5.57261664653e-05, 7.86994714872e-05, 6.58915814711e-05, 6.09813578194e-05, 4.51947598776e-05, 4.01940851589e-05, 3.90374589188e-05, 4.41969423264e-05, 3.20180697599e-05, 1.7877551727e-05, 1.29033915073e-05, 1.11624885903e-05, 9.50384401222e-06, 1.28353740365e-05, 1.11284070954e-05, 1.15525144793e-05, 1.17002837214e-05, 6.30129898127e-06, 4.66782603326e-06, 4.25539019488e-06, 3.23336621477e-06, 2.70784289569e-06, 2.41906695919e-06, 2.11212864087e-06, 1.5905602595e-06, 1.33317678319e-06, 1.08179938252e-06, 7.0845544542e-07, 5.2661943073e-07, 3.74565956918e-07, 2.8890866588e-07], "dmean2": [0.00149152614176, 0.00180033384822, 0.00110179325566, 0.000616607372649, 0.00021198145987, 0.000164526325534, 0.000165430188645, 0.000127210078062, 0.000103313737782, 8.3506842202e-05, 0.000117277035315, 0.000100823883258, 9.3009781267e-05, 6.94159316481e-05, 6.23964006081e-05, 6.04864108027e-05, 6.96280039847e-05, 5.17524240422e-05, 2.89138988592e-05, 2.04314310395e-05, 1.79251946975e-05, 1.56242967932e-05, 2.12016984733e-05, 1.80032384378e-05, 1.82141247933e-05, 1.84976706805e-05, 1.00316592579e-05, 7.3988371696e-06, 6.57355167277e-06, 4.94837513543e-06, 4.15030990553e-06, 3.63178128282e-06, 3.11370649797e-06, 2.31524177252e-06, 1.99734313355e-06, 1.57444935667e-06, 1.01216357962e-06, 7.57939915275e-07, 5.263316325e-07, 4.05191315167e-07], "max": [0.0497421622276, 0.0440626367927, 0.0242787823081, 0.0167558994144, 0.00594726670533, 0.00384725234471, 0.00506563717499, 0.00687239039689, 0.00557643268257, 0.0043394160457, 0.00537137407809, 0.00310323992744, 0.00600138073787, 0.00309233227745, 0.00235999445431, 0.00145892705768, 0.00172621011734, 0.00128618662711, 0.000772317522205, 0.000858799146954, 0.00119495845865, 0.000513864215463, 0.000849615316838, 0.00128434586804, 0.000933714152779, 0.00182029081043, 0.000544549839105, 0.0002195018169, 0.000445083831437, 0.000338981160894, 0.000301618187223, 0.000411295011872, 0.000446526624728, 0.000124814658193, 0.000133583278512, 0.000244170892984, 0.00017412287707, 0.000130690168589, 5.02880793647e-05, 3.63035469491e-05], "dvar": [7.14225507181e-06, 9.02081501408e-06, 2.53380972026e-06, 7.61991259424e-07, 6.4169256575e-08, 4.24785362441e-08, 5.70312224113e-08, 5.04402386525e-08, 2.49644358519e-08, 1.59646287301e-08, 2.98250277808e-08, 1.92214599792e-08, 2.01111038933e-08, 9.11815334348e-09, 8.05165623063e-09, 5.73950798e-09, 8.12201328415e-09, 3.86128995444e-09, 1.26417831758e-09, 1.05045505627e-09, 6.88718970743e-10, 4.23300255958e-10, 8.94751384095e-10, 9.03399244301e-10, 9.81847270154e-10, 2.09059658474e-09, 2.77970285678e-10, 1.2299193608e-10, 1.19313919855e-10, 7.89629056586e-11, 7.32073776599e-11, 7.72069908006e-11, 8.03532171356e-11, 2.40079206515e-11, 2.26608627696e-11, 1.88266728596e-11, 7.22491858007e-12, 4.08523475465e-12, 1.33755766879e-12, 7.70628352798e-13], "mean": [0.0013044278603, 0.00165746500716, 0.00101707747672, 0.000638064695522, 0.000229877899983, 0.000186277684406, 0.00018911503139, 0.000147428683704, 0.000117113493616, 9.60867109825e-05, 0.000139264957397, 0.000116861214337, 0.000103098573163, 7.07315120962e-05, 6.29029746051e-05, 6.08687005297e-05, 6.75395713188e-05, 5.05528878421e-05, 2.83215013042e-05, 1.91757062566e-05, 1.72152267623e-05, 1.50737096192e-05, 2.04226234928e-05, 1.81475916179e-05, 1.93305459106e-05, 1.9347469788e-05, 1.03492138805e-05, 7.52177265895e-06, 6.86371868142e-06, 5.3156550166e-06, 4.59183502244e-06, 3.97758412873e-06, 3.44257591678e-06, 2.63046990767e-06, 2.15693830796e-06, 1.8263721131e-06, 1.19523906505e-06, 9.1096160304e-07, 6.59830959648e-07, 5.0588761269e-07], "dvar2": [1.59252285812e-05, 2.28348617384e-05, 6.33271247352e-06, 1.98741531676e-06, 1.64536103853e-07, 1.02268842284e-07, 1.32075356873e-07, 1.11880140707e-07, 5.55759882559e-08, 3.4140477112e-08, 6.53759641978e-08, 4.45790639958e-08, 4.43612151457e-08, 2.02983390096e-08, 1.88374471577e-08, 1.33598341279e-08, 1.92757667605e-08, 9.84107106916e-09, 3.121333636e-09, 2.33546293416e-09, 1.53026358252e-09, 1.06629804986e-09, 2.38521380425e-09, 2.12898876306e-09, 2.30081975694e-09, 4.98755525769e-09, 6.91267543207e-10, 2.98297442303e-10, 2.86931284288e-10, 1.85696791277e-10, 1.80425327456e-10, 1.79973910774e-10, 2.01041475134e-10, 5.19203881277e-11, 5.31950108962e-11, 4.53401378941e-11, 1.6223694263e-11, 9.72320054332e-12, 2.88536035342e-12, 1.55999030967e-12], "min": [3.30217065037e-16, 2.7936038632e-16, 1.9883056851e-16, 1.16505729065e-16, 5.14923504735e-17, 1.85931375071e-17, 7.91649234777e-18, 7.08550505004e-18, 1.0506542911e-17, 1.37489833787e-17, 6.98522429002e-18, 1.81812958607e-17, 1.29586220642e-16, 3.05948750535e-16, 3.08043065966e-16, 1.08670442693e-16, 1.96460573632e-17, 4.33906457691e-17, 2.15148171856e-17, 1.30866507633e-17, 4.66507448885e-18, 2.05981186736e-18, 4.51617494756e-18, 3.54110105893e-18, 6.09243419282e-18, 6.52687400002e-18, 1.47681898346e-17, 4.57652232274e-17, 2.52033147987e-17, 9.22118447561e-18, 7.7290730733e-18, 4.9469592782e-17, 4.60557290585e-17, 4.9408007531e-17, 2.63618027533e-17, 1.91913578348e-17, 2.55781434215e-17, 3.46250558313e-17, 4.2964333425e-17, 3.45451237143e-17], "var": [8.40075608721e-06, 9.12196264835e-06, 2.80523249785e-06, 1.01092655314e-06, 1.23485847325e-07, 1.0195180522e-07, 1.31952276661e-07, 9.50197431848e-08, 4.77133319521e-08, 3.44822943532e-08, 7.41521262171e-08, 4.28953406129e-08, 3.91534484834e-08, 1.61311000113e-08, 1.43030201016e-08, 1.09099671519e-08, 1.42390339519e-08, 7.0123591378e-09, 2.32381602849e-09, 1.89791227179e-09, 1.31659028124e-09, 7.64574625833e-10, 1.7237191674e-09, 1.72371228402e-09, 2.21536655687e-09, 4.49708581485e-09, 5.3927823318e-10, 2.38911307404e-10, 2.21898763253e-10, 1.52668183651e-10, 1.40312345076e-10, 1.42714368101e-10, 1.40268990867e-10, 5.28009615197e-11, 4.31037809612e-11, 3.35494548809e-11, 1.28732319943e-11, 6.92474376451e-12, 3.14028143766e-12, 1.99160848403e-12], "median": [0.000475693930639, 0.000829249504022, 0.0004887948744, 0.000300619954942, 0.000114929600386, 7.6329219155e-05, 6.99450465618e-05, 5.25874784216e-05, 4.93725019624e-05, 3.8603800931e-05, 5.84897570661e-05, 5.01719478052e-05, 4.27399027103e-05, 2.81634747807e-05, 2.48619326157e-05, 2.51108467637e-05, 2.68424573733e-05, 2.06708446058e-05, 1.15255634228e-05, 5.85000179854e-06, 6.13049405729e-06, 5.3828093769e-06, 6.71061070534e-06, 5.56642862648e-06, 4.60746696263e-06, 3.74931937586e-06, 1.76749358616e-06, 1.13077862807e-06, 9.48655667798e-07, 8.87072815203e-07, 7.12514918177e-07, 5.03876833591e-07, 3.70872697886e-07, 2.69546745812e-07, 2.08730853046e-07, 1.27816406348e-07, 1.01233936789e-07, 8.70603429348e-08, 6.33878727285e-08, 3.45009389946e-08]}, "silence_rate_60dB": {"dmean": 0.0176962148398, "dmean2": 0.0353953279555, "max": 1, "dvar": 0.0173868592829, "mean": 0.13402146101, "dvar2": 0.0403678864241, "min": 0, "var": 0.116044685245, "median": 0}, "spectral_energyband_middle_high": {"dmean": 0.0018204448279, "dmean2": 0.00273245805874, "max": 0.0404412001371, "dvar": 7.05043203197e-06, "mean": 0.00544335599989, "dvar2": 1.58808506967e-05, "min": 6.67767106056e-15, "var": 3.24402899423e-05, "median": 0.0037105740048}, "erbbands_skewness": {"dmean": 0.338329017162, "dmean2": 0.498237431049, "max": 3.76972937584, "dvar": 0.10726673156, "mean": -0.120270445943, "dvar2": 0.234675243497, "min": -4.86932706833, "var": 0.575678646564, "median": -0.141686394811}, "dynamic_complexity": 4.29144096375, "dissonance": {"dmean": 0.0201636310667, "dmean2": 0.0332823432982, "max": 0.500000059605, "dvar": 0.000627687026281, "mean": 0.455792248249, "dvar2": 0.00165225029923, "min": 0.121535763144, "var": 0.00203750724904, "median": 0.470434755087}, "spectral_skewness": {"dmean": 0.335458546877, "dmean2": 0.538369357586, "max": 9.94362163544, "dvar": 0.172124162316, "mean": 2.00790953636, "dvar2": 0.438906550407, "min": -0.0298333149403, "var": 1.69696772099, "median": 1.60583388805}, "spectral_kurtosis": {"dmean": 3.70061683655, "dmean2": 6.21106243134, "max": 143.039245605, "dvar": 40.2322883606, "mean": 10.7496271133, "dvar2": 109.349685669, "min": -0.58717751503, "var": 245.440505981, "median": 4.98258876801}, "gfcc": {"cov": [[14129.1152344, -4024.22875977, -349.825134277, 2514.34716797, -791.663391113, 261.103515625, -553.616027832, 194.520233154, -317.040527344, 117.279434204, -479.503479004, -43.527469635, -599.276489258], [-4024.22875977, 3034.85424805, -248.781356812, -888.487304688, 661.422363281, -216.308456421, 348.427581787, -157.060211182, 244.559494019, -204.902923584, 249.098800659, -148.843429565, 257.949859619], [-349.825134277, -248.781356812, 1293.10046387, 87.0645370483, 69.4259414673, 257.850372314, 9.16848182678, 132.169204712, 19.3083171844, 90.6047363281, -86.9188232422, 73.2795333862, -80.4488754272], [2514.34716797, -888.487304688, 87.0645370483, 1056.01733398, -113.473098755, 120.010650635, -37.3462982178, 66.3310546875, -15.9044685364, 69.4521865845, -93.464515686, -27.6129646301, -131.417709351], [-791.663391113, 661.422363281, 69.4259414673, -113.473098755, 465.923797607, 24.9019355774, 147.890792847, 12.8769493103, 55.7369842529, -22.0268421173, 30.2580699921, -35.7045936584, 37.0744018555], [261.103515625, -216.308456421, 257.850372314, 120.010650635, 24.9019355774, 275.169403076, 46.7092933655, 55.9005317688, 13.0555515289, 50.8290138245, -28.4002075195, 14.3358211517, -30.5337276459], [-553.616027832, 348.427581787, 9.16848182678, -37.3462982178, 147.890792847, 46.7092933655, 277.915985107, 46.5606880188, 54.3195800781, 5.88747787476, 40.949131012, -5.12573289871, 31.5383548737], [194.520233154, -157.060211182, 132.169204712, 66.3310546875, 12.8769493103, 55.9005317688, 46.5606880188, 141.304763794, 22.5770187378, 30.7755069733, -12.2542924881, 21.7040157318, -18.0514678955], [-317.040527344, 244.559494019, 19.3083171844, -15.9044685364, 55.7369842529, 13.0555515289, 54.3195800781, 22.5770187378, 133.224563599, 28.5381221771, 19.5158920288, -13.7243404388, 24.8318347931], [117.279434204, -204.902923584, 90.6047363281, 69.4521865845, -22.0268421173, 50.8290138245, 5.88747787476, 30.7755069733, 28.5381221771, 123.218963623, 6.45985603333, 19.0097427368, -16.2653465271], [-479.503479004, 249.098800659, -86.9188232422, -93.464515686, 30.2580699921, -28.4002075195, 40.949131012, -12.2542924881, 19.5158920288, 6.45985603333, 113.457984924, 18.124376297, 35.062713623], [-43.527469635, -148.843429565, 73.2795333862, -27.6129646301, -35.7045936584, 14.3358211517, -5.12573289871, 21.7040157318, -13.7243404388, 19.0097427368, 18.124376297, 86.5086212158, 20.8383598328], [-599.276489258, 257.949859619, -80.4488754272, -131.417709351, 37.0744018555, -30.5337276459, 31.5383548737, -18.0514678955, 24.8318347931, -16.2653465271, 35.062713623, 20.8383598328, 105.171562195]], "mean": [-44.5015258789, 115.250923157, -122.100875854, 21.0193462372, -43.6845779419, 14.12342453, -25.8216056824, 4.13109970093, -25.2639255524, 0.021786428988, -14.6238737106, -0.905648291111, -12.9842481613], "icov": [[0.000190415230463, 8.37409606902e-05, 0.000160085764946, -0.000301943859085, 1.1636459476e-06, -7.05796555849e-05, 0.000155123008881, -0.000128191517433, 3.49523033947e-05, 0.000126962375361, 0.000265236158157, -0.000133245106554, 0.0004847094242], [8.37409606902e-05, 0.00170179118868, -0.000323773274431, 0.000526551215444, -0.0011734321015, 0.000551717996132, -0.000685283332132, 0.00105143431574, -0.00186484737787, 0.0019908696413, -0.00216721091419, 0.00258252653293, -0.00136763649061], [0.000160085764946, -0.000323773274431, 0.00140374316834, -0.000263458525296, -5.6040367781e-05, -0.000976941315457, 0.000496324733831, -0.000798593915533, 0.000195965054445, -0.000620988139417, 0.00155985180754, -0.00193097034935, 0.00162132375408], [-0.000301943859085, 0.000526551215444, -0.000263458525296, 0.0019858693704, -0.000285219692159, -1.96469554794e-05, -0.000567748502363, 0.000335169577738, -0.00084561901167, 0.00011930835899, -0.000700362201314, 0.00142300443258, -0.000239753178903], [1.1636459476e-06, -0.0011734321015, -5.6040367781e-05, -0.000285219692159, 0.00375291588716, -0.000515321618877, -0.0007300254656, -0.000792813603766, 0.000940699188504, -0.000812553451397, 0.00115152972285, -0.000286791328108, 0.000420817086706], [-7.05796555849e-05, 0.000551717996132, -0.000976941315457, -1.96469554794e-05, -0.000515321618877, 0.00532581424341, -0.00120168679859, -2.43182967097e-05, -0.000530571269337, -0.000560657063033, -0.000223981798626, 0.000777182693128, -0.000483892043121], [0.000155123008881, -0.000685283332132, 0.000496324733831, -0.000567748502363, -0.0007300254656, -0.00120168679859, 0.00564392702654, -0.00225057872012, 1.20256963783e-05, -0.000514374405611, -0.0002257029264, -0.00079535349505, 0.000215041582123], [-0.000128191517433, 0.00105143431574, -0.000798593915533, 0.000335169577738, -0.000792813603766, -2.43182967097e-05, -0.00225057872012, 0.0103196874261, -0.0027880219277, 0.000549903546926, -0.000545953051187, -0.00105088448618, 0.00035080514499], [3.49523033947e-05, -0.00186484737787, 0.000195965054445, -0.00084561901167, 0.000940699188504, -0.000530571269337, 1.20256963783e-05, -0.0027880219277, 0.0121349757537, -0.00487014371902, 0.00152162252925, 0.000547779432964, -0.00133571855258], [0.000126962375361, 0.0019908696413, -0.000620988139417, 0.00011930835899, -0.000812553451397, -0.000560657063033, -0.000514374405611, 0.000549903546926, -0.00487014371902, 0.012903958559, -0.00397925637662, 0.000820677028969, 0.000196454682737], [0.000265236158157, -0.00216721091419, 0.00155985180754, -0.000700362201314, 0.00115152972285, -0.000223981798626, -0.0002257029264, -0.000545953051187, 0.00152162252925, -0.00397925637662, 0.0154750468209, -0.00709293130785, 0.00191934849136], [-0.000133245106554, 0.00258252653293, -0.00193097034935, 0.00142300443258, -0.000286791328108, 0.000777182693128, -0.00079535349505, -0.00105088448618, 0.000547779432964, 0.000820677028969, -0.00709293130785, 0.0213826969266, -0.00828179251403], [0.0004847094242, -0.00136763649061, 0.00162132375408, -0.000239753178903, 0.000420817086706, -0.000483892043121, 0.000215041582123, 0.00035080514499, -0.00133571855258, 0.000196454682737, 0.00191934849136, -0.00828179251403, 0.0176188461483]]}, "spectral_complexity": {"dmean": 3.82713413239, "dmean2": 5.68627595901, "max": 61, "dvar": 25.4186515808, "mean": 18.6778087616, "dvar2": 48.071937561, "min": 0, "var": 152.674209595, "median": 17}, "spectral_flux": {"dmean": 0.0226972848177, "dmean2": 0.0359660387039, "max": 0.386653929949, "dvar": 0.00101096136495, "mean": 0.0715995430946, "dvar2": 0.00223681470379, "min": 4.15056128986e-05, "var": 0.00288991769776, "median": 0.0614038594067}, "spectral_energyband_low": {"dmean": 0.00506874779239, "dmean2": 0.00783154834062, "max": 0.214478388429, "dvar": 0.000165023331647, "mean": 0.0085562961176, "dvar2": 0.000365287385648, "min": 2.03541064313e-15, "var": 0.000213797931792, "median": 0.00444460986182}, "spectral_decrease": {"dmean": 2.15059503539e-09, "dmean2": 3.22346571657e-09, "max": -1.24485562798e-21, "dvar": 1.6522352055e-17, "mean": -5.40896483159e-09, "dvar2": 3.59441640628e-17, "min": -6.06750916177e-08, "var": 2.98875178392e-17, "median": -4.06234512695e-09}, "barkbands_spread": {"dmean": 5.07429695129, "dmean2": 7.43537855148, "max": 98.8585739136, "dvar": 41.1175003052, "mean": 23.3808002472, "dvar2": 82.9291152954, "min": 0.777222812176, "var": 238.221191406, "median": 20.0282096863}, "spectral_rms": {"dmean": 0.000744455144741, "dmean2": 0.00107637117617, "max": 0.0150312837213, "dvar": 1.17068395866e-06, "mean": 0.00412834016606, "dvar2": 2.36476603277e-06, "min": 6.05186523117e-09, "var": 4.52663016404e-06, "median": 0.00403686054051}, "spectral_centroid": {"dmean": 219.616989136, "dmean2": 326.413635254, "max": 5144.25585938, "dvar": 78734.2109375, "mean": 1355.78588867, "dvar2": 154899.53125, "min": 179.062789917, "var": 590193.375, "median": 1176.93615723}, "barkbands_skewness": {"dmean": 0.478452265263, "dmean2": 0.715356647968, "max": 10.3793411255, "dvar": 0.276307523251, "mean": 1.12029826641, "dvar2": 0.619016945362, "min": -5.40562820435, "var": 1.21906077862, "median": 1.002810359}, "spectral_rolloff": {"dmean": 429.353149414, "dmean2": 667.206176758, "max": 16989.6972656, "dvar": 519976.0625, "mean": 1572.91833496, "dvar2": 946679.8125, "min": 64.599609375, "var": 1997581, "median": 1205.859375}, "erbbands_spread": {"dmean": 6.80661916733, "dmean2": 10.073515892, "max": 130.478271484, "dvar": 60.1647758484, "mean": 30.8398094177, "dvar2": 130.330062866, "min": 1.35937047005, "var": 288.846405029, "median": 27.5830421448}, "barkbands": {"dmean": [9.57945449045e-05, 0.00377010763623, 0.00169919198379, 0.00147620739881, 0.00151451595593, 0.000529249373358, 0.000507419288624, 0.000420047115767, 0.000390264525777, 0.000535544008017, 0.000459420523839, 0.000371397676645, 0.000436128641013, 0.00044706146582, 0.000278432708001, 0.00017122204008, 0.00019221760158, 0.000222373506404, 0.000278200663161, 0.000145808866364, 0.000128618150484, 0.000106810788566, 7.72991843405e-05, 4.70617451356e-05, 2.84228081e-05, 3.28315836668e-05, 8.67922790349e-06], "dmean2": [0.000148792867549, 0.00591240869835, 0.0029404591769, 0.00239973305725, 0.0024747888092, 0.000830940611195, 0.000780564034358, 0.000637776451185, 0.000584976922255, 0.000804208451882, 0.000699688855093, 0.000573902972974, 0.000670178676955, 0.000705243030097, 0.000452340347692, 0.000275112717645, 0.000315455079544, 0.000357312062988, 0.000440144096501, 0.000227616474149, 0.000192191044334, 0.000155581932631, 0.000109678287117, 6.4618390752e-05, 3.66345520888e-05, 3.9898979594e-05, 1.18571415442e-05], "max": [0.00567005202174, 0.189840897918, 0.0840650945902, 0.0599217116833, 0.070823200047, 0.023106135428, 0.0242941547185, 0.0319017842412, 0.0282221995294, 0.0293947048485, 0.0379589125514, 0.0294397417456, 0.0217600949109, 0.0156969036907, 0.0122570935637, 0.0121148433536, 0.0107615236193, 0.0245440546423, 0.0268534626812, 0.00801876559854, 0.0113707771525, 0.0148307885975, 0.00946579873562, 0.0125703746453, 0.00304010859691, 0.00202602148056, 0.000675017421599], "dvar": [6.14172108726e-08, 0.000110986213258, 2.16622593143e-05, 1.32178729473e-05, 1.12746984087e-05, 9.86559712146e-07, 1.34226945647e-06, 1.13439193683e-06, 7.26526820927e-07, 1.17805757327e-06, 1.16732940114e-06, 5.91855325638e-07, 7.89859882389e-07, 7.49355592689e-07, 2.88547113314e-07, 1.8763066123e-07, 1.96169736455e-07, 3.04745583435e-07, 6.75412309192e-07, 1.15068985451e-07, 1.09268270876e-07, 1.4092138656e-07, 6.89020112077e-08, 3.40875558891e-08, 6.44632658364e-09, 1.01798924845e-08, 9.9735475434e-10], "mean": [0.000131948821945, 0.00524726696312, 0.00242166314274, 0.00194141909014, 0.00269689201377, 0.0009660802898, 0.000843279878609, 0.000687956577167, 0.000669459928758, 0.000941950478591, 0.000735423527658, 0.00057225918863, 0.000665158790071, 0.000697572773788, 0.000439939612988, 0.000260671717115, 0.000300877931295, 0.000376665499061, 0.000496849126648, 0.000249077857006, 0.000229576558922, 0.000188757898286, 0.000136032424052, 8.57858249219e-05, 5.48189236724e-05, 5.89299452258e-05, 1.27953562696e-05], "dvar2": [1.37078941975e-07, 0.000252218742389, 5.94183984504e-05, 3.23158237734e-05, 2.98416725855e-05, 2.40208737523e-06, 3.1174272408e-06, 2.58724571722e-06, 1.53386565671e-06, 2.56744988292e-06, 2.67966652245e-06, 1.33699575144e-06, 1.82322173714e-06, 1.79677135748e-06, 7.25132792923e-07, 4.31047766369e-07, 5.05116133809e-07, 7.15681551355e-07, 1.64722666796e-06, 2.74942777878e-07, 2.48577663342e-07, 3.23590256812e-07, 1.53474772446e-07, 7.71174271108e-08, 1.11417550741e-08, 1.65035931587e-08, 1.9392578654e-09], "min": [7.01973684598e-16, 9.59741374677e-16, 5.1525787099e-16, 3.91227815906e-16, 4.92223127627e-16, 1.13903074751e-16, 3.55564181876e-17, 4.21645457256e-17, 9.45941315377e-17, 3.67453811303e-17, 6.9051221709e-16, 2.9437067306e-15, 1.61027474839e-15, 2.85514133622e-16, 3.52924774273e-16, 1.42826549982e-16, 3.8173888961e-17, 9.1153662377e-17, 1.69822257635e-16, 1.16834070799e-15, 3.40013503997e-16, 2.15565819318e-15, 1.97909354005e-15, 2.77453434576e-15, 3.77418145429e-15, 6.44623878948e-15, 7.46031552778e-15], "var": [1.09211832466e-07, 0.000125173755805, 1.97058689082e-05, 1.47565442603e-05, 1.56770656758e-05, 2.41719180849e-06, 2.79883079202e-06, 2.08378560274e-06, 1.6599879018e-06, 2.86244085146e-06, 2.26014458349e-06, 1.03306786059e-06, 1.51470953824e-06, 1.35978814342e-06, 5.66637538668e-07, 3.41458019193e-07, 3.79231153147e-07, 6.43674979983e-07, 1.63166657785e-06, 2.37396079683e-07, 2.44979560193e-07, 3.06176502818e-07, 1.50214788164e-07, 6.24623552881e-08, 2.24006821981e-08, 3.02023508425e-08, 2.20744422741e-09], "median": [2.33763676079e-05, 0.00211663427763, 0.00109288550448, 0.00066413776949, 0.00134739198256, 0.000418750656536, 0.000287895876681, 0.000226518110139, 0.000248910335358, 0.000411258602981, 0.000259342283243, 0.000230492485571, 0.000256283034105, 0.000286749796942, 0.000170553656062, 7.73554420448e-05, 9.84988728305e-05, 0.000124347192468, 0.000108492095023, 4.27020640927e-05, 3.99825330533e-05, 2.42103706114e-05, 1.32574041345e-05, 8.2621427282e-06, 3.78428194381e-06, 1.48256049215e-06, 4.47513457402e-08]}, "melbands_kurtosis": {"dmean": 5.08938074112, "dmean2": 7.89449167252, "max": 233.794326782, "dvar": 111.388938904, "mean": 8.4053440094, "dvar2": 270.808898926, "min": -1.91075181961, "var": 220.561401367, "median": 3.98835134506}, "erbbands_crest": {"dmean": 2.61618924141, "dmean2": 4.18393182755, "max": 31.8867969513, "dvar": 6.20219564438, "mean": 9.0181760788, "dvar2": 14.8523654938, "min": 2.24189782143, "var": 18.2511539459, "median": 8.11124229431}, "melbands_skewness": {"dmean": 0.652315795422, "dmean2": 0.969620466232, "max": 13.7969789505, "dvar": 0.589767932892, "mean": 2.16390371323, "dvar2": 1.30797839165, "min": -3.11897921562, "var": 2.25039720535, "median": 1.94389843941}, "spectral_energyband_middle_low": {"dmean": 0.00365010043606, "dmean2": 0.00571393268183, "max": 0.114822916687, "dvar": 5.25849172845e-05, "mean": 0.00811698008329, "dvar2": 0.000128767700517, "min": 1.18442681657e-15, "var": 8.57714112499e-05, "median": 0.00554506480694}, "spectral_contrast_coeffs": {"dmean": [0.0452688224614, 0.0446036867797, 0.04000691697, 0.0326167829335, 0.0247120019048, 0.019099060446], "dmean2": [0.072828002274, 0.071117632091, 0.0634132400155, 0.0517697408795, 0.0397857502103, 0.02924782224], "max": [-0.285633891821, -0.387030005455, -0.3840315938, -0.496684521437, -0.557631671429, -0.535436868668], "dvar": [0.00170456059277, 0.00158674165141, 0.00116221723147, 0.000697509385645, 0.000484677846543, 0.000380763172871], "mean": [-0.651635110378, -0.731613218784, -0.752576947212, -0.763714969158, -0.782049119473, -0.760673701763], "dvar2": [0.00440073153004, 0.00394253153354, 0.00286522135139, 0.00171365833376, 0.00120286992751, 0.000797584361862], "min": [-0.940668284893, -0.959937870502, -0.965700447559, -0.962181270123, -0.935949802399, -0.948234975338], "var": [0.00884753186256, 0.00587657885626, 0.00462249666452, 0.00340734771453, 0.00224166363478, 0.0035195981618], "median": [-0.66437703371, -0.738017082214, -0.758255183697, -0.769483566284, -0.783910036087, -0.758124232292]}, "spectral_contrast_valleys": {"dmean": [0.373622566462, 0.387067049742, 0.343823134899, 0.324367493391, 0.310766130686, 0.320503860712], "dmean2": [0.593821585178, 0.621802389622, 0.547400474548, 0.501885831356, 0.453582882881, 0.425725311041], "max": [-5.04567241669, -4.88529872894, -5.21823835373, -5.59631204605, -5.40798139572, -7.25171375275], "dvar": [0.124752357602, 0.146367788315, 0.115673109889, 0.105501674116, 0.140184879303, 0.211841881275], "mean": [-7.49646997452, -7.2058839798, -7.44480371475, -7.99242544174, -8.15102100372, -11.039437294], "dvar2": [0.288545280695, 0.359287261963, 0.277236104012, 0.231823474169, 0.285544186831, 0.404569387436], "min": [-21.5565853119, -21.4091014862, -20.6301174164, -20.2908267975, -20.7335166931, -21.0819988251], "var": [1.56735408306, 1.10508847237, 1.23602426052, 1.72545278072, 2.71451091766, 3.04770374298], "median": [-7.19014596939, -6.99353837967, -7.1715092659, -7.60812425613, -7.71356630325, -10.6947536469]}, "silence_rate_20dB": {"dmean": 0, "dmean2": 0, "max": 1, "dvar": 0, "mean": 1, "dvar2": 0, "min": 1, "var": 0, "median": 1}, "silence_rate_30dB": {"dmean": 0.00917581561953, "dmean2": 0.0183531343937, "max": 1, "dvar": 0.00909139681607, "mean": 0.993774056435, "dvar2": 0.0240784008056, "min": 0, "var": 0.0061867502518, "median": 1}, "spectral_strongpeak": {"dmean": 0.47493365407, "dmean2": 0.811456918716, "max": 23.4264335632, "dvar": 1.35541272163, "mean": 0.720310866833, "dvar2": 3.31954956055, "min": 0, "var": 1.74548363686, "median": 0.335531055927}, "spectral_spread": {"dmean": 453610.1875, "dmean2": 633097.9375, "max": 19653554, "dvar": 332991397888, "mean": 3689889, "dvar2": 566605053952, "min": 620632.5, "var": 3024741466110.0, "median": 3436060}, "barkbands_flatness_db": {"dmean": 0.0198444984853, "dmean2": 0.0297525282949, "max": 0.441455155611, "dvar": 0.000498209265061, "mean": 0.154377728701, "dvar2": 0.0011309729889, "min": 0.0136869791895, "var": 0.00631443783641, "median": 0.139965951443}, "pitch_salience": {"dmean": 0.0658974200487, "dmean2": 0.10374828428, "max": 0.928962290287, "dvar": 0.00430687842891, "mean": 0.553133547306, "dvar2": 0.0103734629229, "min": 0.0876029804349, "var": 0.0133344363421, "median": 0.561059236526}, "erbbands_kurtosis": {"dmean": 0.924393773079, "dmean2": 1.4106965065, "max": 43.4918174744, "dvar": 2.14784169197, "mean": 0.784246146679, "dvar2": 4.83707761765, "min": -1.75487816334, "var": 6.39636182785, "median": 0.130856990814}, "average_loudness": 0.78692060709, "barkbands_crest": {"dmean": 2.32106900215, "dmean2": 3.72975802422, "max": 25.5551719666, "dvar": 6.22542333603, "mean": 9.22491931915, "dvar2": 14.8057804108, "min": 2.24009394646, "var": 16.6552352905, "median": 8.32632446289}, "hfc": {"dmean": 6.13136768341, "dmean2": 8.42012214661, "max": 249.220626831, "dvar": 115.226303101, "mean": 18.6810150146, "dvar2": 229.562576294, "min": 3.62086749472e-10, "var": 482.831726074, "median": 11.3287010193}, "barkbands_kurtosis": {"dmean": 1.96457457542, "dmean2": 3.08697128296, "max": 122.582572937, "dvar": 17.8908023834, "mean": 2.22803807259, "dvar2": 44.5227127075, "min": -1.9146361351, "var": 36.1866340637, "median": 0.439932584763}, "erbbands": {"dmean": [0.0951794311404, 0.933675408363, 2.03462910652, 3.06789660454, 6.88214302063, 3.62547707558, 3.79911327362, 4.54785728455, 7.14394617081, 7.61799097061, 8.65770816803, 8.54009723663, 15.2284879684, 15.5647201538, 16.3686256409, 13.5817480087, 19.3407993317, 21.1721439362, 17.6042518616, 10.9078702927, 8.91462802887, 9.49546813965, 11.1290836334, 12.9223690033, 12.6507463455, 6.76960086823, 5.7460231781, 4.6845741272, 4.01233243942, 2.95353007317, 2.14761662483, 1.27017629147, 0.669689178467, 0.350218176842, 0.195315033197, 0.122499600053, 0.0650668144226, 0.0188782773912, 0.00119813065976, 2.69093416136e-05], "dmean2": [0.149518311024, 1.48624014854, 3.48896455765, 5.05207538605, 11.2786474228, 5.86615419388, 6.16096544266, 7.21545028687, 11.0017910004, 11.4876098633, 13.0869083405, 12.8132314682, 22.6900444031, 23.8310680389, 25.1045799255, 21.2374725342, 29.6061649323, 33.3580169678, 28.4222545624, 17.4945449829, 14.2505340576, 15.5339336395, 18.0583000183, 20.2317771912, 19.9554328918, 10.5260047913, 8.71608543396, 7.02195072174, 5.85183382034, 4.18449497223, 3.1144194603, 1.77633011341, 0.926948189735, 0.472465664148, 0.251590192318, 0.154724270105, 0.0815920904279, 0.0239949878305, 0.00162433227524, 3.54666990461e-05], "max": [5.519343853, 43.6502189636, 80.1500778198, 127.158149719, 329.002593994, 109.220252991, 169.203567505, 171.425109863, 386.101593018, 619.229248047, 762.911193848, 562.077758789, 1094.05163574, 811.945251465, 1733.39013672, 1472.21899414, 1034.8951416, 750.571411133, 719.572021484, 661.009460449, 735.032592773, 601.061584473, 537.070922852, 997.561218262, 1695.98254395, 290.225189209, 439.970855713, 614.998291016, 552.582336426, 265.088623047, 263.59463501, 314.591308594, 156.530853271, 41.3486289978, 22.2106723785, 16.430770874, 3.83103632927, 1.24593043327, 0.105576656759, 0.00161392288283], "dvar": [0.0721149891615, 7.00667524338, 32.0626983643, 50.818649292, 322.450378418, 53.3916091919, 56.2144317627, 81.9417266846, 265.948577881, 423.961029053, 427.373260498, 364.225982666, 1142.27026367, 1142.80187988, 1462.0982666, 830.277404785, 1682.64538574, 1704.9152832, 1081.88049316, 516.79119873, 431.486999512, 455.387634277, 546.521850586, 1131.96252441, 2072.54760742, 239.592987061, 183.160797119, 205.008148193, 211.184967041, 80.5502166748, 59.8171806335, 24.0718040466, 5.95320749283, 1.09710717201, 0.306689321995, 0.135758414865, 0.0422865413129, 0.00408910540864, 2.01696075237e-05, 4.84623319252e-09], "mean": [0.124447070062, 1.25848472118, 3.00489735603, 4.49845790863, 10.5280771255, 6.44623708725, 6.50973558426, 8.02232456207, 12.3913049698, 13.2778120041, 14.9521036148, 15.2330846786, 27.6626682281, 28.8036136627, 28.978679657, 23.3636226654, 31.0462627411, 34.8257980347, 29.5573291779, 17.9421253204, 14.8171606064, 16.2278156281, 20.3305797577, 24.0557918549, 22.2440547943, 12.1472377777, 10.2198057175, 8.35588741302, 6.93793821335, 5.14957427979, 3.69542002678, 2.25134897232, 1.22511732578, 0.649811804295, 0.370375066996, 0.22568795085, 0.112127050757, 0.0309130698442, 0.00173837784678, 5.59755935683e-05], "dvar2": [0.164824739099, 16.6039810181, 86.724899292, 131.037536621, 822.821472168, 139.744598389, 145.220489502, 198.901062012, 624.252746582, 943.064147949, 971.615539551, 761.039001465, 2511.92358398, 2679.828125, 3198.56152344, 1929.96496582, 3842.84155273, 4046.29833984, 2756.01416016, 1225.43493652, 980.024902344, 1176.3314209, 1378.24450684, 2644.18310547, 5118.50097656, 565.47454834, 417.286804199, 491.789764404, 495.679351807, 168.340789795, 137.957931519, 54.3125343323, 13.4126796722, 2.1557264328, 0.51412075758, 0.217357426882, 0.0728828832507, 0.0072696050629, 3.93525406253e-05, 8.64973781489e-09], "min": [3.6583329275e-14, 1.87931836976e-13, 5.49414843048e-13, 1.06002988505e-12, 1.51554788684e-12, 1.63239040341e-12, 1.31089052374e-12, 8.12487121853e-13, 5.35022276048e-13, 6.2130563281e-13, 1.17716762987e-12, 2.12859699485e-12, 1.61224711966e-12, 6.80264828842e-12, 5.36494564052e-11, 1.23736729196e-10, 8.30936777718e-11, 1.56731121137e-11, 2.4906720783e-11, 1.20106511542e-11, 5.55029850205e-12, 2.51315396445e-12, 4.80853854998e-12, 7.31630641487e-12, 1.20834375492e-11, 5.7090988187e-11, 3.12977282979e-11, 1.58399907774e-11, 9.55493115185e-11, 7.5378522868e-11, 4.23192904331e-11, 4.06475790526e-11, 5.1355003583e-11, 4.40880977559e-11, 2.51848993049e-11, 1.98476946683e-11, 1.25207153673e-11, 6.19920694639e-12, 1.34233227832e-12, 7.52478117251e-14], "var": [0.0869736522436, 7.25147819519, 29.4788475037, 57.8126945496, 365.303649902, 89.7675628662, 106.859077454, 189.923522949, 589.487670898, 790.970947266, 815.003845215, 809.343383789, 2855.86279297, 2550.11328125, 2861.1862793, 1440.43603516, 3379.86865234, 3215.06323242, 2147.50878906, 1032.80212402, 880.137695312, 920.750488281, 1194.35180664, 2909.05419922, 4681.38037109, 547.007446289, 415.627441406, 419.744171143, 434.682281494, 195.637954712, 121.785850525, 45.8462753296, 11.6714639664, 3.06240868568, 1.07257127762, 0.446298778057, 0.112491197884, 0.0104121938348, 4.29037827416e-05, 1.26560095737e-08], "median": [0.0365267209709, 0.503533780575, 1.49018108845, 1.95691788197, 4.18260097504, 3.39725208282, 3.02457094193, 3.29153227806, 4.48781681061, 4.80213689804, 6.06903171539, 6.71126937866, 12.1662082672, 13.1676778793, 12.9940538406, 11.3387622833, 12.8406219482, 15.3512067795, 13.0149497986, 7.26974916458, 5.44840621948, 5.90921735764, 7.75459909439, 6.30283260345, 4.17592525482, 2.10941386223, 1.64225780964, 1.37249052525, 0.903281152248, 0.570994079113, 0.345340132713, 0.190835282207, 0.121245153248, 0.0555814765394, 0.0221092049032, 0.00914996676147, 0.00203269533813, 0.000238231194089, 2.13116964005e-05, 2.36174455495e-05]}, "spectral_energy": {"dmean": 0.00852581392974, "dmean2": 0.0127040036023, "max": 0.231587991118, "dvar": 0.000250087061431, "mean": 0.0221091061831, "dvar2": 0.000542034918908, "min": 3.75407001221e-14, "var": 0.000477604946354, "median": 0.0167036484927}, "zerocrossingrate": {"dmean": 0.0094152353704, "dmean2": 0.010222340934, "max": 0.4951171875, "dvar": 0.000156785346917, "mean": 0.0573051460087, "dvar2": 0.000155151123181, "min": 0.00341796875, "var": 0.00159981427714, "median": 0.04638671875}, "spectral_energyband_high": {"dmean": 