{"metadata": {"version": {"essentia_git_sha": "v2.1_beta2", "essentia_build_sha": "70f2e5ece6736b2c40cc944ad0e695b16b925413", "extractor": "music 1.0", "essentia": "2.1-beta2"}, "audio_properties": {"analysis_sample_rate": 44100, "md5_encoded": "c2e13d0c8dacc3e3f17b176ffde7fd18", "downmix": "mix", "sample_rate": 44100, "equal_loudness": 0, "lossless": true, "codec": "flac", "bit_rate": 0, "length": 277.333343506, "replay_gain": -11.414434433}, "tags": {"script": ["Latn"], "musicbrainz_releasetrackid": ["7f1006e1-12b9-391f-aacb-7f3ef81d1781"], "website": ["http://www.pinkcream69.de/"], "releasecountry": ["DE"], "grouping": ["Hard Rock"], "musicbrainz_artistid": ["c72198b0-42dd-419c-b0ca-924453e24940"], "catalognumber": ["EPC 473835 2"], "label": ["Epic"], "date": ["1993-05-03"], "disctotal": ["1"], "musicbrainz_albumid": ["06bae816-36db-44cd-a9b8-cf3d157efdf5"], "mood": ["Heavy"], "tracktotal": ["13"], "acoustid_id": ["1c208c12-48f0-4a98-8190-f1f5032f10aa"], "album": ["Games People Play"], "discnumber": ["1"], "artistsort": ["PC 69"], "file_name": "07 Dyin' Century.flac", "genre": ["Hard Rock", "Christian"], "artist": ["Pink Cream 69"], "asin": ["B000025MG4"], "releasestatus": ["official"], "totaltracks": ["13"], "originaldate": ["1993-05-03"], "releasetype": ["album"], "albumartist": ["Pink Cream 69"], "tracknumber": ["7"], "musicbrainz_recordingid": ["c874d9e2-327b-4dd3-abd9-673e199d7a4f"], "totaldiscs": ["1"], "originalyear": ["1993"], "albumartistsort": ["PC 69"], "media": ["CD"], "barcode": ["5099747383526"], "title": ["Dyin' Century"], "musicbrainz_releasegroupid": ["eb70db81-d9f9-3e3f-914b-122a97118033"], "musicbrainz_albumartistid": ["c72198b0-42dd-419c-b0ca-924453e24940"]}}, "rhythm": {"beats_loudness": {"var": 0.000771286722738, "mean": 0.0508838146925, "dmean2": 0.0760128870606, "dvar": 0.000610936898738, "dmean": 0.0384865067899, "max": 0.169413968921, "min": 7.94887211608e-10, "median": 0.0415799021721, "dvar2": 0.00163642480038}, "beats_position": [0.708208620548, 1.42802715302, 2.14784574509, 2.83283448219, 3.50621318817, 4.1679816246, 4.82975053787, 5.47990942001, 6.14167785645, 6.80344676971, 7.45360517502, 8.10376358032, 8.75392246246, 9.4040813446, 10.0542402267, 10.7043991089, 11.354557991, 12.0047159195, 12.6548748016, 13.3050336838, 13.9551925659, 14.6053514481, 15.2555103302, 15.9056682587, 16.5558280945, 17.2175960541, 17.8677539825, 18.5179138184, 19.179681778, 19.8414516449, 20.4916095734, 21.1301574707, 21.7803173065, 22.430475235, 23.0806350708, 23.7307929993, 24.3809528351, 25.0311107635, 25.681268692, 26.3314285278, 26.9815864563, 27.6317462921, 28.2819042206, 28.932062149, 29.6054420471, 30.2555999756, 30.9057598114, 31.5559177399, 32.2060775757, 32.8562355042, 33.5063934326, 34.1565513611, 34.818321228, 35.480091095, 36.1302490234, 36.7804069519, 37.4305648804, 38.0807266235, 38.7424926758, 39.4042625427, 40.0660324097, 40.7045783997, 41.3431282043, 41.981678009, 42.6318359375, 43.2936058044, 43.9553718567, 44.6055335999, 45.2556915283, 45.9058494568, 46.5560073853, 47.1945571899, 47.8563270569, 48.5180931091, 49.1682548523, 49.8184127808, 50.480178833, 51.1303405762, 51.7688865662, 52.4074363708, 53.0459861755, 53.7077522278, 54.3695220947, 55.0312919617, 55.6814498901, 56.3316078186, 56.9817695618, 57.6319274902, 58.2820854187, 58.9322433472, 59.5824012756, 60.2325630188, 60.894329071, 61.556098938, 62.2062568665, 62.8564147949, 63.5065765381, 64.1567306519, 64.806892395, 65.4570541382, 66.107208252, 66.7573699951, 67.4075241089, 68.0576858521, 68.7194519043, 69.3812255859, 70.0313796997, 70.6815414429, 71.3433074951, 71.9934692383, 72.632019043, 73.2821731567, 73.9323348999, 74.5824966431, 75.2326507568, 75.8828125, 76.5329666138, 77.1831283569, 77.8332901001, 78.4834442139, 79.1568222046, 79.8185958862, 80.4571380615, 81.1072998047, 81.7574615479, 82.4076156616, 83.0577774048, 83.7079315186, 84.3580932617, 85.019859314, 85.6700210571, 86.3317871094, 86.993560791, 87.6553268433, 88.2938766479, 88.9324264526, 89.5825805664, 90.2327423096, 90.8829040527, 91.5330581665, 92.1832199097, 92.8333740234, 93.4835357666, 94.1336975098, 94.795463562, 95.4572296143, 96.1073913574, 96.7575454712, 97.4309310913, 98.0810852051, 98.7196350098, 99.3581848145, 100.019950867, 100.681724548, 101.320266724, 101.970428467, 102.632194519, 103.282356262, 103.932518005, 104.582672119, 105.232833862, 105.894599915, 106.556373596, 107.20652771, 107.856689453, 108.506843567, 109.15700531, 109.807167053, 110.457321167, 111.10748291, 111.757637024, 112.407798767, 113.05796051, 113.708114624, 114.358276367, 115.008430481, 115.658592224, 116.308753967, 116.97052002, 117.632286072, 118.282447815, 118.932601929, 119.59437561, 120.256141663, 120.906303406, 121.55645752, 122.206619263, 122.856781006, 123.50693512, 124.157096863, 124.807250977, 125.45741272, 126.107574463, 126.757728577, 127.40789032, 128.046432495, 128.696594238, 129.346755981, 129.996917725, 130.647079468, 131.308837891, 131.970611572, 132.632385254, 133.282531738, 133.932693481, 134.582855225, 135.233016968, 135.883178711, 136.533325195, 137.183486938, 137.833648682, 138.483810425, 139.133972168, 139.784118652, 140.434280396, 141.096054077, 141.74621582, 142.407974243, 143.058135986, 143.708297729, 144.358459473, 145.008621216, 145.6587677, 146.308929443, 146.959091187, 147.60925293, 148.259414673, 148.909561157, 149.5597229, 150.209884644, 150.871658325, 151.533416748, 152.183578491, 152.845352173, 153.495513916, 154.1456604, 154.795822144, 155.434371948, 156.084533691, 156.734695435, 157.384857178, 158.035003662, 158.696777344, 159.358551025, 160.00869751, 160.658859253, 161.309020996, 161.959182739, 162.609344482, 163.259490967, 163.90965271, 164.559814453, 165.209976196, 165.871749878, 166.521896362, 167.183670044, 167.833831787, 168.48399353, 169.134140015, 169.784301758, 170.434463501, 171.084625244, 171.734786987, 172.384933472, 173.035095215, 173.685256958, 174.335418701, 174.997192383, 175.658950806, 176.309112549, 176.959274292, 177.609436035, 178.25958252, 178.909744263, 179.571517944, 180.221679688, 180.871826172, 181.521987915, 182.172149658, 182.810699463, 183.460861206, 184.111022949, 184.761169434, 185.411331177, 186.06149292, 186.711654663, 187.361816406, 188.011962891, 188.662124634, 189.323898315, 189.985671997, 190.64743042, 191.309204102, 191.959365845, 192.609527588, 193.259674072, 193.909835815, 194.559997559, 195.210159302, 195.860321045, 196.510467529, 197.160629272, 197.810791016, 198.460952759, 199.111114502, 199.761260986, 200.399810791, 201.049972534, 201.700134277, 202.361907959, 203.012054443, 203.662216187, 204.323989868, 204.985748291, 205.635910034, 206.286071777, 206.947845459, 207.609603882, 208.259765625, 208.909927368, 209.560089111, 210.210250854, 210.860397339, 211.510559082, 212.160720825, 212.810882568, 213.461044312, 214.111190796, 214.761352539, 215.423126221, 216.073287964, 216.723449707, 217.38520813, 218.035369873, 218.685531616, 219.335693359, 219.985839844, 220.647613525, 221.297775269, 221.95954895, 222.609695435, 223.259857178, 223.910018921, 224.560180664, 225.198730469, 225.860488892, 226.510650635, 227.160812378, 227.810974121, 228.461135864, 229.111282349, 229.761444092, 230.411605835, 231.073379517, 231.735137939, 232.385299683, 233.035461426, 233.685623169, 234.335784912, 234.985931396, 235.63609314, 236.286254883, 236.936416626, 237.586578369, 238.236724854, 238.886886597, 239.53704834, 240.187210083, 240.837371826, 241.499130249, 242.160903931, 242.811065674, 243.461227417, 244.111373901, 244.761535645, 245.411697388, 246.061859131, 246.712020874, 247.362167358, 248.012329102, 248.662490845, 249.312652588, 249.962814331, 250.612960815, 251.263122559, 251.913284302, 252.563446045, 253.225204468, 253.886978149, 254.537139893, 255.187301636, 255.83744812, 256.487609863, 257.137786865, 257.78793335, 258.449707031, 259.088256836, 259.73840332, 260.388580322, 261.038726807, 261.688873291, 262.339050293, 263.000823975, 263.650970459, 264.312744141, 264.962890625, 265.624664307, 266.286437988, 266.936584473, 267.586761475, 268.236907959, 268.898681641, 269.560455322, 270.222229004, 270.883972168, 271.53414917, 272.184295654, 272.834472656, 273.484619141, 274.134765625, 274.784942627, 275.423492432, 276.085266113, 276.747009277], "bpm_histogram_first_peak_spread": {"var": 0, "mean": 0.0641329884529, "dmean2": 0, "dvar": 0, "dmean": 0, "max": 0.0641329884529, "min": 0.0641329884529, "median": 0.0641329884529, "dvar2": 0}, "danceability": 1.53354048729, "bpm_histogram_second_peak_weight": {"var": 0, "mean": 0.00472813239321, "dmean2": 0, "dvar": 0, "dmean": 0, "max": 0.00472813239321, "min": 0.00472813239321, "median": 0.00472813239321, "dvar2": 0}, "bpm_histogram_first_peak_weight": {"var": 0, "mean": 0.931442081928, "dmean2": 0, "dvar": 0, "dmean": 0, "max": 0.931442081928, "min": 0.931442081928, "median": 0.931442081928, "dvar2": 0}, "bpm": 91.9969787598, "bpm_histogram_second_peak_spread": {"var": 0, "mean": 0, "dmean2": 0, "dvar": 0, "dmean": 0, "max": 0, "min": 0, "median": 0, "dvar2": 0}, "bpm_histogram_second_peak_bpm": {"var": 0, "mean": 83, "dmean2": 0, "dvar": 0, "dmean": 0, "max": 83, "min": 83, "median": 83, "dvar2": 0}, "beats_count": 424, "beats_loudness_band_ratio": {"var": [0.143769428134, 0.0203000120819, 0.0100443465635, 0.00586122879758, 0.00878996681422, 0.00970038678497], "mean": [0.467010885477, 0.144893929362, 0.110568709671, 0.0827722027898, 0.108215928078, 0.110605038702], "dmean2": [1.3879455328, 0.485057085752, 0.322537451982, 0.216536730528, 0.231175854802, 0.243431761861], "dvar": [0.0438015833497, 0.0108092678711, 0.00568850338459, 0.00479844538495, 0.00605974486098, 0.00537485536188], "dmean": [0.696104943752, 0.243204519153, 0.162313759327, 0.110569007695, 0.119130931795, 0.124337688088], "max": [0.99995559454, 0.53976982832, 0.392943292856, 0.382609933615, 0.841556668282, 0.847254872322], "min": [0.00190405675676, 7.05129934886e-07, 1.01634464045e-06, 1.84774398804e-06, 6.05170725976e-06, 4.11480577895e-05], "median": [0.35971775651, 0.106525503099, 0.0905020236969, 0.070554278791, 0.0974052846432, 0.107307866216], "dvar2": [0.150473505259, 0.0351545996964, 0.0172519870102, 0.0154803125188, 0.0171826332808, 0.014915372245]}, "onset_rate": 3.25580525398, "bpm_histogram_first_peak_bpm": {"var": 0, "mean": 92, "dmean2": 0, "dvar": 0, "dmean": 0, "max": 92, "min": 92, "median": 92, "dvar2": 0}}, "lowlevel": {"hfc": {"var": 903.281738281, "mean": 33.0575485229, "dmean2": 15.1064395905, "dvar": 313.341094971, "dmean": 9.90422916412, "max": 450.75881958, "min": 1.16260976248e-16, "median": 26.1331443787, "dvar2": 698.817443848}, "barkbands_spread": {"var": 258.88973999, "mean": 37.9504699707, "dmean2": 12.7852268219, "dvar": 90.522102356, "dmean": 7.99335718155, "max": 114.632568359, "min": 0.00875158794224, "median": 37.367767334, "dvar2": 225.109725952}, "spectral_spread": {"var": 2336647282690.0, "mean": 4657040, "dmean2": 700800.3125, "dvar": 431382069248, "dmean": 496006.78125, "max": 40962408, "min": 1651342.625, "median": 4396517.5, "dvar2": 732383870976}, "spectral_energy": {"var": 0.000659003388137, "mean": 0.0246545169502, "dmean2": 0.0172274913639, "dvar": 0.000507876102347, "dmean": 0.0113926380873, "max": 0.221654042602, "min": 1.09934266347e-20, "median": 0.0183092858642, "dvar2": 0.00116751203313}, "gfcc": {"icov": [[0.000174444547156, -0.000184415839612, 0.000228613091167, -0.000380835554097, 0.000293799559586, -0.000385251856642, 0.000379622681066, -0.000502294453327, 0.000595453137066, -0.000492944556754, 0.000717974675354, -0.000489638070576, 0.000506497337483], [-0.000184415839612, 0.00183472817298, 0.000238217064179, 0.000120286968013, -0.00109742267523, 0.00181313487701, -0.00140525598545, 0.0011060773395, -0.00112615723629, 0.00202049640939, -0.00222655455582, 0.00137643527705, -0.000500693859067], [0.000228613091167, 0.000238217064179, 0.00252501154318, -0.00140578346327, -0.000786765536759, -0.000633045099676, 0.000850056705531, -0.00267490115948, 0.00170667923521, -0.00117651489563, 0.000973617716227, -0.00171417184174, 0.00223087146878], [-0.000380835554097, 0.000120286968013, -0.00140578346327, 0.00495914882049, -0.00176274834666, 0.00102276075631, -0.0013521380024, 0.00188973150216, -0.00281387194991, 0.00316768418998, -0.00317759346217, 0.00338813033886, -0.00290383002721], [0.000293799559586, -0.00109742267523, -0.000786765536759, -0.00176274834666, 0.00643880432472, -0.00166408810765, -0.00145022349898, -0.000884458131623, 0.000839907675982, -0.00406320206821, 0.00307928887196, -0.00233609275892, 0.000741526193451], [-0.000385251856642, 0.00181313487701, -0.000633045099676, 0.00102276075631, -0.00166408810765, 0.00730709079653, -0.00230265385471, -0.000490393606015, -0.00123298063409, 0.00277151865885, -0.00527098635212, 0.00268341461197, -0.00114562746603], [0.000379622681066, -0.00140525598545, 0.000850056705531, -0.0013521380024, -0.00145022349898, -0.00230265385471, 0.00821486581117, -0.00242993491702, 0.000877066457178, -0.00156680226792, 0.00136240781285, 9.20356906136e-05, -7.14760026312e-05], [-0.000502294453327, 0.0011060773395, -0.00267490115948, 0.00188973150216, -0.000884458131623, -0.000490393606015, -0.00242993491702, 0.0153308687732, -0.00572735629976, 9.68969561654e-06, 0.00102921866346, 0.000710778636858, -0.00333521096036], [0.000595453137066, -0.00112615723629, 0.00170667923521, -0.00281387194991, 0.000839907675982, -0.00123298063409, 0.000877066457178, -0.00572735629976, 0.013719423674, -0.00489085214213, 0.000487302488182, -0.00151024619117, 0.000795946340077], [-0.000492944556754, 0.00202049640939, -0.00117651489563, 0.00316768418998, -0.00406320206821, 0.00277151865885, -0.00156680226792, 9.68969561654e-06, -0.00489085214213, 0.0206212215126, -0.0090540535748, 0.00147100177128, 0.00345529662445], [0.000717974675354, -0.00222655455582, 0.000973617716227, -0.00317759346217, 0.00307928887196, -0.00527098635212, 0.00136240781285, 0.00102921866346, 0.000487302488182, -0.0090540535748, 0.0216772798449, -0.00733266491443, -0.000325572240399], [-0.000489638070576, 0.00137643527705, -0.00171417184174, 0.00338813033886, -0.00233609275892, 0.00268341461197, 9.20356906136e-05, 0.000710778636858, -0.00151024619117, 0.00147100177128, -0.00733266491443, 0.020792266354, -0.00824682973325], [0.000506497337483, -0.000500693859067, 0.00223087146878, -0.00290383002721, 0.000741526193451, -0.00114562746603, -7.14760026312e-05, -0.00333521096036, 0.000795946340077, 0.00345529662445, -0.000325572240399, -0.00824682973325, 0.0226526018232]], "mean": [19.9155368805, 53.7016067505, -126.009605408, 50.1598777771, -54.4031906128, 10.0291175842, -33.0929412842, 11.2477025986, -21.1375389099, 5.48224401474, -17.9991035461, 0.397413760424, -10.7681407928], "cov": [[10898.8056641, -54.7841072083, -580.640808105, -77.6697616577, -566.838745117, 21.7328701019, -490.797180176, 7.35889863968, -363.068572998, -83.6609268188, -272.023956299, -21.1640415192, -164.581863403], [-54.7841072083, 1404.12060547, -461.890075684, 255.639755249, 89.7325820923, -214.66734314, 209.403045654, -140.390426636, 81.5721740723, -99.099105835, 66.7686920166, -70.3245620728, 64.3226394653], [-580.640808105, -461.890075684, 1009.11120605, 120.518928528, 279.671081543, 174.522491455, 38.0782470703, 194.548629761, 12.8932218552, 112.322525024, -0.0948377996683, 55.6425704956, -50.051322937], [-77.6697616577, 255.639755249, 120.518928528, 427.270019531, 161.220153809, 27.3471164703, 127.329147339, 12.2501487732, 74.2467803955, -15.3526630402, 44.5349082947, -27.1495838165, 39.0897865295], [-566.838745117, 89.7325820923, 279.671081543, 161.220153809, 366.031188965, 84.3106384277, 150.376876831, 72.4205169678, 59.4622840881, 64.354637146, 25.5337333679, 15.4706325531, 5.29444932938], [21.7328701019, -214.66734314, 174.522491455, 27.3471164703, 84.3106384277, 254.91355896, 54.1240386963, 69.6997528076, 20.100976944, 32.3033790588, 32.8955383301, 9.33882331848, -0.108519472182], [-490.797180176, 209.403045654, 38.0782470703, 127.329147339, 150.376876831, 54.1240386963, 240.677154541, 32.4658546448, 55.1061668396, 14.5975894928, 30.9576702118, -12.1272592545, 23.3958320618], [7.35889863968, -140.390426636, 194.548629761, 12.2501487732, 72.4205169678, 69.6997528076, 32.4658546448, 132.464096069, 36.606098175, 36.7323951721, -3.18619155884, 16.5109920502, -1.02098071575], [-363.068572998, 81.5721740723, 12.8932218552, 74.2467803955, 59.4622840881, 20.100976944, 55.1061668396, 36.606098175, 126.694732666, 26.8796806335, 31.2542419434, 2.05605006218, 15.4484682083], [-83.6609268188, -99.099105835, 112.322525024, -15.3526630402, 64.354637146, 32.3033790588, 14.5975894928, 36.7323951721, 26.8796806335, 93.483001709, 24.6265468597, 15.0862360001, -17.7258758545], [-272.023956299, 66.7686920166, -0.0948377996683, 44.5349082947, 25.5337333679, 32.8955383301, 30.9576702118, -3.18619155884, 31.2542419434, 24.6265468597, 87.1918029785, 18.4665355682, 16.8541584015], [-21.1640415192, -70.3245620728, 55.6425704956, -27.1495838165, 15.4706325531, 9.33882331848, -12.1272592545, 16.5109920502, 2.05605006218, 15.0862360001, 18.4665355682, 73.6282501221, 17.0141563416], [-164.581863403, 64.3226394653, -50.051322937, 39.0897865295, 5.29444932938, -0.108519472182, 23.3958320618, -1.02098071575, 15.4484682083, -17.7258758545, 16.8541584015, 17.0141563416, 67.5288085938]]}, "silence_rate_60dB": {"var": 0.0434689074755, "mean": 0.0455420687795, "dmean2": 0.0267939381301, "dvar": 0.0132195660844, "dmean": 0.0133958477527, "max": 1, "min": 0, "median": 0, "dvar2": 0.0284242983907}, "spectral_centroid": {"var": 423291.9375, "mean": 2442.1953125, "dmean2": 454.8565979, "dvar": 105869.789062, "dmean": 288.023529053, "max": 11226.7070312, "min": 293.354064941, "median": 2446.02172852, "dvar2": 247696.109375}, "spectral_complexity": {"var": 181.498138428, "mean": 29.6641273499, "dmean2": 7.43531799316, "dvar": 24.6052017212, "dmean": 4.8050904274, "max": 65, "min": 0, "median": 30, "dvar2": 51.4408950806}, "melbands_spread": {"var": 1019.34979248, "mean": 49.5222473145, "dmean2": 20.2809085846, "dvar": 264.078460693, "dmean": 13.1102590561, "max": 260.643188477, "min": 0.0059726536274, "median": 45.9837837219, "dvar2": 535.218078613}, "spectral_strongpeak": {"var": 2.28429937363, "mean": 0.915390431881, "dmean2": 1.14546942711, "dvar": 1.65556037426, "dmean": 0.660945594311, "max": 17.8992805481, "min": 0, "median": 0.384494900703, "dvar2": 4.43821907043}, "zerocrossingrate": {"var": 0.00292934663594, "mean": 0.104544594884, "dmean2": 0.0160711295903, "dvar": 0.000300550105749, "dmean": 0.0145099740475, "max": 0.50927734375, "min": 0, "median": 0.09765625, "dvar2": 0.000305636698613}, "erbbands_kurtosis": {"var": 4.49275159836, "mean": 0.344822347164, "dmean2": 1.35741472244, "dvar": 2.11499404907, "dmean": 0.839027523994, "max": 71.8994140625, "min": -1.84040296078, "median": -0.110963582993, "dvar2": 4.85721349716}, "spectral_energyband_middle_low": {"var": 2.20073889068e-05, "mean": 0.00536386715248, "dmean2": 0.00349689438008, "dvar": 1.05588551378e-05, "dmean": 0.00217064516619, "max": 0.044294077903, "min": 3.41095200777e-22, "median": 0.00408189650625, "dvar2": 2.70220771199e-05}, "erbbands": {"var": [0.213697135448, 29.352809906, 43.1997146606, 11.7034626007, 12.4645824432, 53.3108673096, 74.6959838867, 207.919067383, 226.040252686, 353.814910889, 557.793518066, 579.121948242, 982.028198242, 1716.87316895, 517.763183594, 974.794799805, 10084.8076172, 1586.79870605, 2644.17431641, 2298.62744141, 6308.63037109, 3714.21337891, 2398.54638672, 1001.84844971, 1213.96398926, 2464.15625, 1966.52539062, 1901.23730469, 1868.79394531, 1454.23254395, 478.518341064, 224.526245117, 155.396759033, 38.0579490662, 17.6245574951, 1.64792716503, 0.0615191049874, 0.00122337730136, 7.47075364416e-06, 1.61464992487e-08], "mean": [0.172218650579, 2.10476779938, 2.71886253357, 2.71737265587, 2.89105772972, 4.50851154327, 5.87780666351, 8.83565425873, 10.2431640625, 11.6687774658, 13.802898407, 15.821562767, 18.5405826569, 20.0197563171, 12.8159627914, 18.2377490997, 34.7787666321, 23.1486911774, 29.7617683411, 31.5043373108, 47.9881134033, 53.3774795532, 41.0778083801, 30.398733139, 33.119178772, 45.0774269104, 35.7023277283, 21.7567806244, 20.4714870453, 13.7165956497, 9.64187526703, 5.68507766724, 4.83938741684, 2.21948289871, 1.50112211704, 0.490815073252, 0.107899650931, 0.0171486977488, 0.00153244310059, 9.49935638346e-05], "dmean2": [0.258248478174, 2.90256428719, 4.7563791275, 3.15813827515, 3.20100879669, 5.68734121323, 6.25421619415, 9.15959835052, 11.3225059509, 12.591840744, 16.2654457092, 15.7774686813, 17.7137489319, 18.2582168579, 12.0278968811, 17.0839042664, 36.0345573425, 21.6987743378, 28.9730796814, 27.5766239166, 37.85597229, 43.5354156494, 33.9916038513, 25.6954784393, 27.8689994812, 33.5104217529, 27.8902225494, 21.0348014832, 17.8336677551, 11.9082231522, 7.89188766479, 4.36934804916, 3.84597611427, 1.63110864162, 1.28134286404, 0.445964068174, 0.0882860794663, 0.0140219032764, 0.00120080064517, 5.96048994339e-05], "dvar": [0.200124979019, 26.1216926575, 61.2869606018, 9.41724777222, 10.1202774048, 50.9397392273, 43.456993103, 118.752174377, 164.293121338, 245.690444946, 426.963592529, 319.480224609, 530.801391602, 807.410644531, 267.854309082, 493.177001953, 4712.92578125, 776.012451172, 1549.44372559, 1073.21972656, 2338.66308594, 1628.35510254, 1290.54626465, 693.85760498, 772.552185059, 1143.59143066, 970.830566406, 1269.35974121, 1139.10632324, 1266.94152832, 279.076538086, 110.149238586, 64.3849563599, 17.2827110291, 8.6284866333, 0.816229462624, 0.028632549569, 0.00054126867326, 2.82789528683e-06, 5.92562621193e-09], "dmean": [0.163949757814, 1.89898443222, 2.69735956192, 1.86529672146, 1.9015058279, 3.34603762627, 3.77911567688, 5.59417390823, 6.80385112762, 7.71590948105, 9.64776420593, 9.63660144806, 11.1825227737, 11.5206642151, 7.35576105118, 10.4557514191, 21.5894870758, 13.1635665894, 17.6347007751, 16.8143367767, 23.7605381012, 25.9574203491, 20.3993301392, 15.0624742508, 16.262878418, 20.1582736969, 16.6991825104, 12.7782974243, 11.1670227051, 7.54887199402, 5.30436849594, 2.8955450058, 2.62196588516, 1.1044498682, 0.866708278656, 0.299042761326, 0.0622819401324, 0.0101158479229, 0.000883299449924, 4.45579935331e-05], "max": [4.02365255356, 44.6937561035, 71.5950241089, 52.2426719666, 69.7319259644, 131.18347168, 146.004577637, 281.360595703, 267.463531494, 340.042816162, 356.295806885, 399.033508301, 563.159240723, 973.738952637, 587.814025879, 674.054016113, 2175.16503906, 786.092895508, 1306.36157227, 760.427124023, 1343.46569824, 1053.47521973, 875.86340332, 513.796508789, 509.204040527, 1034.57751465, 1069.11401367, 2018.99316406, 1591.24157715, 2584.4296875, 530.648986816, 335.443664551, 214.405075073, 188.060501099, 170.412277222, 33.130657196, 5.9484333992, 0.726666152477, 0.0399388447404, 0.0025944923982], "min": [7.57368113759e-22, 1.04724692542e-20, 2.29685680224e-20, 5.15346769435e-20, 1.9500034601e-19, 7.79376746354e-20, 1.92572170246e-19, 8.1870304525e-19, 2.15016100581e-19, 6.46035813222e-19, 2.39378397173e-18, 1.95133147272e-18, 1.94242645984e-18, 6.57011031705e-18, 5.36286171973e-18, 4.19890031104e-18, 7.83209676423e-18, 7.63870607292e-18, 6.51676419858e-18, 6.93456857648e-18, 1.29392893643e-17, 1.43003976915e-17, 9.94599486992e-18, 1.1922883742e-17, 1.33624766201e-17, 1.36510981338e-17, 1.7165905189e-17, 2.29818435087e-17, 2.2356061523e-17, 1.89411886391e-17, 2.18515971546e-17, 1.34878151624e-17, 1.30174496604e-17, 1.117130082e-17, 9.39438286099e-18, 6.64419633502e-18, 3.50987995389e-18, 1.21867826884e-18, 3.47716795919e-19, 3.48151337159e-20], "median": [0.0156894177198, 0.274868667126, 0.925726771355, 1.66796875, 1.89148271084, 2.32136464119, 3.09827256203, 4.21186971664, 5.22626256943, 5.62486362457, 5.65825891495, 7.29808235168, 7.84401988983, 6.82495260239, 5.61895895004, 7.89700269699, 11.0153264999, 10.8530282974, 13.4449234009, 15.4836874008, 25.3630886078, 34.1096534729, 27.196313858, 21.1725082397, 21.8926677704, 28.9997196198, 21.2934875488, 9.82351016998, 9.67043018341, 6.135181427, 3.68550801277, 2.18888807297, 1.55163407326, 0.736897468567, 0.458037018776, 0.144674882293, 0.028871724382, 0.00419676722959, 0.000358812481863, 4.93504012411e-05], "dvar2": [0.479531556368, 61.5178451538, 173.310134888, 26.2149066925, 27.4095172882, 142.942749023, 112.960838318, 299.378662109, 435.985900879, 614.58770752, 1148.60522461, 817.229309082, 1256.55664062, 2040.58349609, 692.767883301, 1310.46435547, 12727.3427734, 1941.8112793, 3842.15283203, 2725.79370117, 5412.09033203, 4340.66943359, 3339.45263672, 1892.6517334, 2145.46044922, 3021.90917969, 2490.10717773, 3199.54907227, 2791.0559082, 3123.76464844, 594.500854492, 232.123214722, 131.835800171, 38.4837265015, 19.1464805603, 1.9058753252, 0.0638988390565, 0.00114952202421, 5.61032084079e-06, 1.14243805527e-08]}, "barkbands_crest": {"var": 35.6735610962, "mean": 8.82996940613, "dmean2": 4.41980886459, "dvar": 10.0634279251, "dmean": 2.8204805851, "max": 26.9233131409, "min": 2.0365717411, "median": 6.53891611099, "dvar2": 20.6593055725}, "melbands_crest": {"var": 38.1696052551, "mean": 12.3920707703, "dmean2": 5.19990348816, "dvar": 8.50609111786, "dmean": 3.26023626328, "max": 39.9992790222, "min": 2.12890768051, "median": 10.8450508118, "dvar2": 19.5125617981}, "spectral_flux": {"var": 0.00276200566441, "mean": 0.0900860801339, "dmean2": 0.0398050695658, "dvar": 0.0016906085657, "dmean": 0.0260994806886, "max": 0.415759146214, "min": 1.04849545712e-10, "median": 0.0796866193414, "dvar2": 0.00373902008869}, "spectral_contrast_valleys": {"var": [1.56355476379, 1.35472989082, 1.24579894543, 1.12966120243, 1.09096956253, 1.40028202534], "mean": [-7.44003582001, -6.79483509064, -7.31809663773, -7.2944393158, -6.69666814804, -9.68124103546], "dmean2": [0.698365271091, 0.596928834915, 0.495341360569, 0.447138488293, 0.35278236866, 0.367003977299], "dvar": [0.153090372682, 0.130507171154, 0.0908925905824, 0.0915421172976, 0.0895221605897, 0.142246097326], "dmean": [0.423051029444, 0.366894870996, 0.30834877491, 0.278154224157, 0.22441957891, 0.282836139202], "max": [-5.30944395065, -4.51698541641, -5.08138895035, -5.39079046249, -5.13761520386, -6.92128801346], "min": [-27.1515312195, -26.9966697693, -26.8775806427, -27.3568248749, -27.3796920776, -27.2164669037], "median": [-7.2542142868, -6.6398024559, -7.20161008835, -7.17110729218, -6.52707242966, -9.42474746704], "dvar2": [0.356926739216, 0.300997853279, 0.193610206246, 0.196858331561, 0.192060500383, 0.259952396154]}, "mfcc": {"icov": [[0.000170704704942, 2.36901032622e-05, 2.40882836806e-05, 3.32814488502e-05, 4.41885204054e-05, 3.03190827253e-05, 7.53018466639e-05, -5.2186591347e-05, 4.40443291154e-05, 2.88869669021e-05, 0.000154393695993, -4.73446380056e-05, 0.000165407778695], [2.36901032622e-05, 0.00164231471717, 0.000813952588942, -0.00104602600913, 0.000360266683856, 0.000292747659842, -0.000328211608576, -0.000436480215285, 0.000686623156071, -0.000247230083914, -0.000262881163508, 3.98738811782e-05, -0.000280534586636], [2.40882836806e-05, 0.000813952588942, 0.00299424584955, -0.00038262756425, -0.00164804293308, 0.00119796977378, -0.000986479688436, -0.00100079202093, 0.000899092759937, -0.000648590095807, -0.000184984062798, -0.000779628753662, 0.000666289008223], [3.32814488502e-05, -0.00104602600913, -0.00038262756425, 0.00322246016003, -0.000645486405119, -0.000957970216405, 0.000144545236253, 0.000268759700703, -0.00173849437851, 0.000401589495596, 0.000795143307187, -0.000853113306221, 0.000250701006735], [4.41885204054e-05, 0.000360266683856, -0.00164804293308, -0.000645486405119, 0.00640787137672, -0.00131312862504, -0.000141167809488, -0.00021041141008, -0.00067281810334, -0.000889585353434, -0.000207250384847, -0.000443572469521, -0.00125337869395], [3.03190827253e-05, 0.000292747659842, 0.00119796977378, -0.000957970216405, -0.00131312862504, 0.0102570019662, -0.00401192950085, -0.0023763901554, 0.00194836279843, -0.00185583648272, -0.00218715728261, 0.00047244867892, -0.00034330636845], [7.53018466639e-05, -0.000328211608576, -0.000986479688436, 0.000144545236253, -0.000141167809488, -0.00401192950085, 0.00897989235818, -0.00122962414753, -0.00244118855335, 0.00116972625256, -0.000582471839152, -0.00134527124465, 0.000987511943094], [-5.2186591347e-05, -0.000436480215285, -0.00100079202093, 0.000268759700703, -0.00021041141008, -0.0023763901554, -0.00122962414753, 0.0144292600453, -0.00593032501638, -0.000321775878547, 0.00203320500441, -0.000618389574811, -0.00109472265467], [4.40443291154e-05, 0.000686623156071, 0.000899092759937, -0.00173849437851, -0.00067281810334, 0.00194836279843, -0.00244118855335, -0.00593032501638, 0.0177382286638, -0.00718616042286, -0.00127451389562, 0.00292583904229, -0.000832039630041], [2.88869669021e-05, -0.000247230083914, -0.000648590095807, 0.000401589495596, -0.000889585353434, -0.00185583648272, 0.00116972625256, -0.000321775878547, -0.00718616042286, 0.0191606581211, -0.00636083865538, -0.000355154363206, 0.000104912505776], [0.000154393695993, -0.000262881163508, -0.000184984062798, 0.000795143307187, -0.000207250384847, -0.00218715728261, -0.000582471839152, 0.00203320500441, -0.00127451389562, -0.00636083865538, 0.0203273035586, -0.00795201864094, 3.07597765641e-05], [-4.73446380056e-05, 3.98738811782e-05, -0.000779628753662, -0.000853113306221, -0.000443572469521, 0.00047244867892, -0.00134527124465, -0.000618389574811, 0.00292583904229, -0.000355154363206, -0.00795201864094, 0.022996334359, -0.00847638119012], [0.000165407778695, -0.000280534586636, 0.000666289008223, 0.000250701006735, -0.00125337869395, -0.00034330636845, 0.000987511943094, -0.00109472265467, -0.000832039630041, 0.000104912505776, 3.07597765641e-05, -0.00847638119012, 0.0216889623553]], "mean": [-613.97479248, 80.4533996582, -11.0683736801, 37.3822364807, 1.61588144302, 6.60043478012, -0.891216754913, 3.97901391983, 3.35886120796, 3.10935044289, -0.516596317291, 2.92352843285, 0.811176359653], "cov": [[6310.13818359, -142.286987305, -171.240921021, -229.343856812, -194.368286133, -155.44543457, -181.597808838, -71.6311798096, -109.098205566, -112.238334656, -131.897827148, -79.1512756348, -85.4811019897], [-142.286987305, 934.532592773, -273.931884766, 261.652832031, -86.7846908569, 26.0239677429, 12.3754529953, 9.44052505493, 1.3381704092, -3.41517472267, 2.08718895912, 3.40209841728, 15.2678670883], [-171.240921021, -273.931884766, 568.471130371, 32.8287773132, 191.564651489, 25.1411876678, 87.1238937378, 57.8954391479, 37.3873138428, 49.4301223755, 37.3719367981, 42.3345375061, 8.03056812286], [-229.343856812, 261.652832031, 32.8287773132, 465.599456787, 78.5530090332, 77.1722335815, 66.7032852173, 47.7126693726, 65.529838562, 34.2485466003, 19.0599212646, 27.6197566986, 16.9906730652], [-194.368286133, -86.7846908569, 191.564651489, 78.5530090332, 256.755523682, 66.9452896118, 70.5350265503, 48.2739295959, 48.6360664368, 50.4493141174, 38.4743080139, 34.8576965332, 23.8793449402], [-155.44543457, 26.0239677429, 25.1411876678, 77.1722335815, 66.9452896118, 167.016036987, 94.9506835938, 49.2397537231, 35.6300849915, 40.8569259644, 39.2384109497, 23.1743526459, 14.7026567459], [-181.597808838, 12.3754529953, 87.1238937378, 66.7032852173, 70.5350265503, 94.9506835938, 187.762710571, 56.312171936, 52.019908905, 35.6093406677, 35.3000106812, 26.852563858, 10.237613678], [-71.6311798096, 9.44052505493, 57.8954391479, 47.7126693726, 48.2739295959, 49.2397537231, 56.312171936, 108.578605652, 54.4365997314, 31.8445796967, 14.0854911804, 12.4104385376, 11.588347435], [-109.098205566, 1.3381704092, 37.3873138428, 65.529838562, 48.6360664368, 35.6300849915, 52.019908905, 54.4365997314, 106.348937988, 51.7154006958, 24.7636165619, 7.48697948456, 9.41759109497], [-112.238334656, -3.41517472267, 49.4301223755, 34.2485466003, 50.4493141174, 40.8569259644, 35.6093406677, 31.8445796967, 51.7154006958, 91.6257553101, 42.1754455566, 19.4649658203, 11.5336418152], [-131.897827148, 2.08718895912, 37.3719367981, 19.0599212646, 38.4743080139, 39.2384109497, 35.3000106812, 14.0854911804, 24.7636165619, 42.1754455566, 82.9729385376, 36.3305625916, 16.4395523071], [-79.1512756348, 3.40209841728, 42.3345375061, 27.6197566986, 34.8576965332, 23.1743526459, 26.852563858, 12.4104385376, 7.48697948456, 19.4649658203, 36.3305625916, 70.2611694336, 28.4135360718], [-85.4811019897, 15.2678670883, 8.03056812286, 16.9906730652, 23.8793449402, 14.7026567459, 10.237613678, 11.588347435, 9.41759109497, 11.5336418152, 16.4395523071, 28.4135360718, 59.6307830811]]}, "erbbands_flatness_db": {"var": 0.00134788826108, "mean": 0.135806232691, "dmean2": 0.02067136392, "dvar": 0.000196067994693, "dmean": 0.0142871746793, "max": 0.356320500374, "min": 0.0402110219002, "median": 0.133443534374, "dvar2": 0.000391324574593}, "barkbands": {"var": [1.71616232336e-08, 0.000473900086945, 1.74687756953e-05, 1.58281522999e-06, 2.4864077659e-06, 2.63207925855e-06, 1.53080611653e-06, 8.21697994979e-07, 1.36596145239e-06, 1.58635168646e-06, 5.39530162769e-07, 4.78744539123e-07, 4.37638755102e-06, 6.65239781483e-07, 9.79301262305e-07, 1.88930960121e-06, 1.17957529255e-06, 7.06658511263e-07, 4.07380184697e-07, 9.95844857243e-07, 1.06043694359e-06, 1.34162598897e-06, 6.84112137606e-07, 5.22592642938e-07, 3.05558984337e-07, 3.28301830166e-08, 2.43652764631e-10], "mean": [8.97896024981e-05, 0.00839938595891, 0.00177473260555, 0.000937988166697, 0.00111465610098, 0.00107649818528, 0.000785772805102, 0.000518162734807, 0.000760492810514, 0.000625179032795, 0.000349347275915, 0.000396176357754, 0.000739709183108, 0.000459120841697, 0.000571270647924, 0.000783360679634, 0.000922634033486, 0.000689007167239, 0.000609562150203, 0.000930339621846, 0.000678611337207, 0.000541669258382, 0.000338547426509, 0.000282675406197, 0.000196318651433, 7.50393883209e-05, 8.48720355862e-06], "dmean2": [9.5796523965e-05, 0.0115906149149, 0.00341723440215, 0.00103768531699, 0.00129248516168, 0.00109008629806, 0.000883923436049, 0.000634242314845, 0.000760919123422, 0.000610621471424, 0.000349378853571, 0.000410014472436, 0.000774935411755, 0.000473658030387, 0.000586361100432, 0.000665295810904, 0.000787209544796, 0.000593750155531, 0.000555155333132, 0.000692398869433, 0.000612884468865, 0.000453101907624, 0.000280885898974, 0.000207622753805, 0.000154904701049, 6.51405716781e-05, 6.79515414959e-06], "dvar": [1.55968358229e-08, 0.00041694677202, 2.78904572042e-05, 9.37163520121e-07, 2.23034066948e-06, 1.39810720157e-06, 1.01366083527e-06, 6.55614371681e-07, 7.25880795471e-07, 7.47995898109e-07, 2.6715599688e-07, 2.81828050674e-07, 1.87523380646e-06, 3.41659443848e-07, 5.7454343505e-07, 6.94626521636e-07, 5.35001277058e-07, 3.92584269093e-07, 2.85267162781e-07, 4.8142982223e-07, 6.30014937997e-07, 7.13992164947e-07, 5.34518790118e-07, 2.14563385725e-07, 1.36996945344e-07, 1.56268420426e-08, 9.69003419171e-11], "dmean": [6.00035527896e-05, 0.0076150810346, 0.00187607586849, 0.00062890391564, 0.000766761659179, 0.000668059452437, 0.000536546460353, 0.00037858079304, 0.000466940517072, 0.000384482933441, 0.000217205873923, 0.000249484670348, 0.000463703967398, 0.000286066177068, 0.00035792493145, 0.000411077053286, 0.000469182094093, 0.000356291944627, 0.000323245883919, 0.000414874521084, 0.000369111920008, 0.000286625872832, 0.00018611428095, 0.000142177494126, 0.000105494618765, 4.50764673587e-05, 4.98568260809e-06], "max": [0.00231492333114, 0.172855228186, 0.0495718643069, 0.0166106391698, 0.0266938451678, 0.0225783903152, 0.0204359777272, 0.0180938094854, 0.0169390570372, 0.0237206369638, 0.0160237364471, 0.0149396592751, 0.0407452099025, 0.0150600643829, 0.0206980183721, 0.0209212843329, 0.0158726964146, 0.0143941873685, 0.00733265979216, 0.0198361780494, 0.0326398834586, 0.0374926291406, 0.0395861007273, 0.0142307737842, 0.0178601723164, 0.00478887744248, 0.000246838200837], "min": [6.12763359131e-23, 3.91877540949e-23, 1.49822261722e-23, 3.31982645631e-23, 3.88952223831e-23, 7.34360209219e-23, 1.57821784618e-23, 6.62981802595e-23, 1.02718840646e-22, 1.75856975069e-22, 1.1998159112e-22, 1.10379954835e-22, 1.65281606747e-22, 1.2368692759e-22, 1.3464510171e-22, 2.08113510105e-22, 1.9712655834e-22, 1.79809294421e-22, 2.84217572204e-22, 2.85884252281e-22, 4.81023550094e-22, 6.22095204986e-22, 7.43222941582e-22, 6.93247530386e-22, 1.16969043657e-21, 1.74952556769e-21, 2.44327039599e-21], "median": [5.17911612405e-05, 0.00101526046637, 0.000734373461455, 0.000559068284929, 0.000653453054838, 0.00052321451949, 0.000392018526327, 0.000199411486392, 0.000330146838678, 0.000220980742597, 0.000124025871628, 0.00016772680101, 0.000227749551414, 0.000215790860238, 0.000236354157096, 0.000379284087103, 0.00057856447529, 0.00044701716979, 0.000411784392782, 0.000596037483774, 0.000358048942871, 0.000254945829511, 0.000138478542794, 0.000100576551631, 6.30673675914e-05, 2.10253419937e-05, 1.94438325707e-06], "dvar2": [3.91585750492e-08, 0.000972370442469, 8.08398472145e-05, 2.46142985816e-06, 6.1587647906e-06, 3.55697761734e-06, 2.58600243797e-06, 1.74832518951e-06, 1.84888108379e-06, 1.7871793716e-06, 6.86207727085e-07, 7.58573833082e-07, 4.99366842632e-06, 8.5335653921e-07, 1.40691236084e-06, 1.69668169292e-06, 1.40774284318e-06, 1.01236787486e-06, 7.88904856108e-07, 1.28981321268e-06, 1.5936454929e-06, 1.62549815741e-06, 1.27022155993e-06, 4.34609802369e-07, 2.98036610502e-07, 3.62998981984e-08, 1.93334806498e-10]}, "spectral_energyband_low": {"var": 0.000601205276325, "mean": 0.0107728773728, "dmean2": 0.013643023558, "dvar": 0.000531835714355, "dmean": 0.00892148725688, "max": 0.212309315801, "min": 7.83730784982e-23, "median": 0.0026944829151, "dvar2": 0.00125402910635}, "erbbands_spread": {"var": 367.961364746, "mean": 42.4199867249, "dmean2": 13.3478851318, "dvar": 104.521530151, "dmean": 8.37274837494, "max": 189.726715088, "min": 3.11916089058, "median": 39.9625549316, "dvar2": 254.885482788}, "average_loudness": 0.947480797768, "spectral_energyband_middle_high": {"var": 3.24139182339e-05, "mean": 0.00646857684478, "dmean2": 0.00326278666034, "dvar": 8.54243353388e-06, "dmean": 0.00200406974182, "max": 0.047651052475, "min": 1.82881171798e-21, "median": 0.00478750700131, "dvar2": 2.24573977903e-05}, "barkbands_flatness_db": {"var": 0.00418998720124, "mean": 0.0917139723897, "dmean2": 0.0312027409673, "dvar": 0.000687929685228, "dmean": 0.0203217435628, "max": 0.789358735085, "min": 0.0163887664676, "median": 0.0759543180466, "dvar2": 0.00153490889352}, "spectral_entropy": {"var": 0.0553842410445, "mean": 8.00320529938, "dmean2": 0.138712704182, "dvar": 0.00927691161633, "dmean": 0.0924908518791, "max": 9.80239295959, "min": 6.36735963821, "median": 8.0022649765, "dvar2": 0.0204123370349}, "melbands_skewness": {"var": 229.96333313, "mean": 3.34075951576, "dmean2": 1.52154672146, "dvar": 13.480017662, "dmean": 1.00704109669, "max": 378.422149658, "min": -2.72455453873, "median": 1.73880386353, "dvar2": 27.1904506683}, "spectral_contrast_coeffs": {"var": [0.00509959645569, 0.00404714420438, 0.00337333208881, 0.00230641430244, 0.00135755445808, 0.00250756926835], "mean": [-0.677908360958, -0.774045348167, -0.799961984158, -0.799625456333, -0.797817230225, -0.725130140781], "dmean2": [0.0858002752066, 0.0791254714131, 0.0607028193772, 0.0475988090038, 0.0332644432783, 0.0329587981105], "dvar": [0.00175170763396, 0.00145714811515, 0.000885243644007, 0.000551994948182, 0.000291029165965, 0.000435923982877], "dmean": [0.0514767505229, 0.0475614219904, 0.0365242809057, 0.0285452194512, 0.0201213825494, 0.0215451400727], "max": [-0.338111996651, -0.437637299299, -0.485267281532, -0.570051074028, -0.602203786373, -0.530596196651], "min": [-0.964531600475, -0.969199240208, -0.97588211298, -0.956930875778, -0.977319657803, -0.960491418839], "m