{"metadata": {"audio_properties": {"downmix": "mix", "bit_rate": 256000, "lossless": false, "md5_encoded": "e049d90cabfad2732b068180f944286b", "analysis_sample_rate": 44100, "sample_rate": 44100, "replay_gain": -12.5598278046, "equal_loudness": 0, "codec": "mp3", "length": 210.443511963}, "tags": {"musicbrainz_albumid": ["567c6831-8e56-49a9-a183-a8341aae8d97"], "musicbrainz_recordingid": ["b00595c7-16e4-4711-8aa2-f31f74fdb1f3"], "artist": ["Neïmo"], "replaygain_track_gain": ["-10.96 dB"], "barcode": ["3760117960020"], "musicip_puid": ["e7e703b8-c10c-9b7c-d0f6-da0fd3af2e52"], "musicbrainz album type": ["album"], "replaygain_track_peak": ["1.149422526"], "replaygain_album_peak": ["1.201695919"], "asin": ["B0009275QQ"], "replaygain_album_gain": ["-10.64 dB"], "musicbrainz_albumartistid": ["fee2f314-d87e-4cdf-942c-37b2bf2f5aa2"], "file_name": "02 - Hot Girl.mp3", "musicbrainz album release country": ["FR"], "album": ["From Scratch"], "musicbrainz_artistid": ["fee2f314-d87e-4cdf-942c-37b2bf2f5aa2"], "albumartistsort": ["Neïmo"], "tracknumber": ["2/11"], "label": ["Big Fields"], "musicbrainz album status": ["official"], "date": ["2005-05"], "title": ["Hot Girl"], "genre": ["Rock"], "albumartist": ["Neïmo"]}, "version": {"essentia_build_sha": "ca57ba49d9b1854bd80e60cf9ccf267278fb7d6b", "essentia_git_sha": "v2.1_beta1-28-g21ef5f4-dirty", "extractor": "music 1.0", "essentia": "2.1-beta1"}}, "tonal": {"chords_scale": "minor", "hpcp": {"dmean": [0.142091497779, 0.162156879902, 0.165929064155, 0.182261243463, 0.187281727791, 0.168455794454, 0.156511038542, 0.15197211504, 0.1632065624, 0.177697062492, 0.159250468016, 0.138705611229, 0.131472632289, 0.134061872959, 0.127086728811, 0.123061463237, 0.12547557056, 0.131369158626, 0.12831170857, 0.117861554027, 0.125173345208, 0.12934397161, 0.121457062662, 0.205523356795, 0.313219964504, 0.195002779365, 0.114084377885, 0.102677941322, 0.0974200367928, 0.106735877693, 0.142981290817, 0.165966108441, 0.168568253517, 0.16295774281, 0.154637992382, 0.142752170563], "dvar2": [0.105695128441, 0.13072578609, 0.121255047619, 0.128859773278, 0.127346634865, 0.12625798583, 0.117795318365, 0.121109850705, 0.120852306485, 0.12696108222, 0.109360866249, 0.108033254743, 0.0957485511899, 0.0928380340338, 0.0867377594113, 0.0858199298382, 0.0866976901889, 0.0949750989676, 0.0937821641564, 0.0816738829017, 0.0885854363441, 0.0909392982721, 0.0740867108107, 0.108263149858, 0.283139497042, 0.100068315864, 0.0676798820496, 0.0618479624391, 0.06586227566, 0.0740681365132, 0.11621183902, 0.135992392898, 0.129755958915, 0.123484008014, 0.125488907099, 0.111166268587], "mean": [0.151555493474, 0.174524918199, 0.190170258284, 0.22902084887, 0.238467469811, 0.192645683885, 0.158666610718, 0.146323949099, 0.172626063228, 0.205135911703, 0.178566321731, 0.139134630561, 0.136045277119, 0.144159018993, 0.132966205478, 0.124214328825, 0.129521086812, 0.132582291961, 0.13339073956, 0.132497444749, 0.138146534562, 0.138868689537, 0.134738042951, 0.338276594877, 0.530367732048, 0.325964480639, 0.12373585999, 0.107458427548, 0.098304182291, 0.105139695108, 0.139362692833, 0.175212353468, 0.182344302535, 0.171026334167, 0.158892482519, 0.145681604743], "var": [0.0409370884299, 0.0544512718916, 0.0533619076014, 0.0758796259761, 0.0766647234559, 0.0604168623686, 0.0434331260622, 0.0430997647345, 0.0492067039013, 0.0681903138757, 0.0525020956993, 0.0407355986536, 0.0368847325444, 0.0399874448776, 0.0345303975046, 0.0309322476387, 0.0315158776939, 0.034561611712, 0.0351804643869, 0.0350391119719, 0.0369316339493, 0.0334931612015, 0.0301092155278, 0.057414572686, 0.17229065299, 0.0547794625163, 0.0278141349554, 0.0226527638733, 0.0226904824376, 0.0276714004576, 0.039787851274, 0.0545163266361, 0.0542794726789, 0.0471627041698, 0.0457326620817, 0.040258102119], "dmean2": [0.249796971679, 0.285723686218, 0.286782056093, 0.315616995096, 0.320018619299, 0.29545417428, 0.273780167103, 0.268564641476, 0.283945351839, 0.308279901743, 0.275722980499, 0.243937492371, 0.232050523162, 0.233682125807, 0.221281349659, 0.214363947511, 0.221250727773, 0.233355924487, 0.225011870265, 0.204582035542, 0.218092575669, 0.227150082588, 0.211937054992, 0.362473160028, 0.571856081486, 0.345338791609, 0.197200730443, 0.180214866996, 0.172203719616, 0.18959069252, 0.253458678722, 0.291347235441, 0.295093268156, 0.286255776882, 0.273976445198, 0.254039853811], "dvar": [0.0379701852798, 0.0476903431118, 0.0450274534523, 0.0512345172465, 0.049917537719, 0.0484467893839, 0.0426941737533, 0.0445918925107, 0.044192854315, 0.0496881641448, 0.0420732051134, 0.03972748667, 0.0356040559709, 0.0349026694894, 0.0325905047357, 0.0322142615914, 0.0323960706592, 0.035513728857, 0.035155415535, 0.0318154506385, 0.033309802413, 0.0329777821898, 0.0278590749949, 0.0419218018651, 0.119843542576, 0.0385988652706, 0.0251912195235, 0.0224767010659, 0.0237002968788, 0.027384467423, 0.0418801642954, 0.0505059435964, 0.0491802841425, 0.045381821692, 0.0456601567566, 0.0410982109606], "min": [0, 0, 0, 0, 0, 0, 0, 0, 0, 0, 0, 0, 0, 0, 0, 0, 0, 0, 0, 0, 0, 0, 0, 0, 0, 0, 0, 0, 0, 0, 0, 0, 0, 0, 0, 0], "median": [0.0718563273549, 0.079646140337, 0.0974425598979, 0.110121689737, 0.114277653396, 0.0901901870966, 0.074914060533, 0.0637023225427, 0.0809948891401, 0.0935942605138, 0.0824339166284, 0.0593384280801, 0.0629148110747, 0.0674833655357, 0.0641084983945, 0.0614232644439, 0.0660048127174, 0.0647016018629, 0.0623158551753, 0.0654210671782, 0.0701890364289, 0.0734117403626, 0.0732357800007, 0.34987744689, 0.46912047267, 0.34430116415, 0.0643208175898, 0.0536452829838, 0.0438491143286, 0.043530613184, 0.0609939880669, 0.0792447477579, 0.0881093814969, 0.0863339677453, 0.0755772441626, 0.0704691782594], "max": [1, 1, 1, 1, 1, 1, 1, 1, 1, 1, 1, 1, 1, 1, 1, 1, 1, 1, 1, 1, 1, 1, 1, 1, 1, 1, 1, 1, 1, 1, 1, 1, 1, 1, 1, 1]}, "tuning_equal_tempered_deviation": 0.16617256403, "chords_key": "A#", "chords_strength": {"dmean": 0.0108791003004, "dvar2": 0.000133567795274, "mean": 0.484605193138, "var": 0.00700794858858, "dmean2": 0.0134391654283, "dvar": 8.52860757732e-05, "min": 0.214625954628, "median": 0.48224028945, "max": 0.785823523998}, "tuning_diatonic_strength": 0.573464155197, "thpcp": [1, 0.614600896835, 0.233302012086, 0.20261117816, 0.185350984335, 0.19823923707, 0.26276615262, 0.330360144377, 0.343807309866, 0.322467446327, 0.299589276314, 0.274680376053, 0.285755485296, 0.329063981771, 0.358563035727, 0.431815207005, 0.449626654387, 0.363230407238, 0.299163401127, 0.275891512632, 0.325483709574, 0.386780530214, 0.336683988571, 0.262336164713, 0.256511211395, 0.27180954814, 0.250705689192, 0.234204158187, 0.244209975004, 0.249981820583, 0.251506149769, 0.249821841717, 0.260473102331, 0.261834710836, 0.254046469927, 0.637815177441], "chords_histogram": [17.5821743011, 1.65453338623, 10.5228328705, 1.56629168987, 1.43392896652, 0.419148474932, 0, 0.19854401052, 0.0220604464412, 0, 0.772115588188, 0.683873832226, 0, 0, 0, 0.926538705826, 2.55901169777, 39.2014122009, 6.97110080719, 10.8096179962, 0.0441208928823, 0, 4.32384729385, 0.308846235275], "tuning_nontempered_energy_ratio": 0.77966684103, "tuning_frequency": 434.193115234, "key_strength": 0.678507328033, "chords_changes_rate": 0.097065962851, "key_scale": "major", "hpcp_entropy": {"dmean": 0.74760478735, "dvar2": 0.917109847069, "mean": 2.53643965721, "var": 0.64978146553, "dmean2": 1.25459766388, "dvar": 0.335049718618, "min": 0, "median": 2.58802556992, "max": 4.42815732956}, "key_key": "A#", "chords_number_rate": 0.00220604450442}, "lowlevel": {"melbands_skewness": {"dmean": 0.834622502327, "dvar2": 2.46769499779, "mean": 2.04206609726, "var": 3.03252983093, "dmean2": 1.3288667202, "dvar": 1.0405497551, "min": -2.74349689484, "median": 1.82338440418, "max": 26.5400104523}, "melbands_kurtosis": {"dmean": 6.81081724167, "dvar2": 1777.5447998, "mean": 8.88410949707, "var": 760.405883789, "dmean2": 11.2917175293, "dvar": 634.743408203, "min": -1.91204094887, "median": 3.86924600601, "max": 1113.50695801}, "barkbands_kurtosis": {"dmean": 4.44221687317, "dvar2": 272.863342285, "mean": 6.62091064453, "var": 233.662582397, "dmean2": 7.17954063416, "dvar": 118.426437378, "min": -1.76576769352, "median": 3.4502196312, "max": 325.363342285}, "hfc": {"dmean": 21.4018859863, "dvar2": 1767.70556641, "mean": 89.4762039185, "var": 4763.828125, "dmean2": 31.6895065308, "dvar": 759.666870117, "min": 1.0928837308e-16, "median": 78.0682144165, "max": 591.569030762}, "silence_rate_20dB": {"dmean": 0, "dvar2": 0, "mean": 1, "var": 0, "dmean2": 0, "dvar": 0, "min": 1, "median": 1, "max": 1}, "erbbands_flatness_db": {"dmean": 0.021438235417, "dvar2": 0.00104563136119, "mean": 0.152166634798, "var": 0.00314097385854, "dmean2": 0.0328134186566, "dvar": 0.000472868006909, "min": 0.0259056594223, "median": 0.137561902404, "max": 0.396609157324}, "spectral_flux": {"dmean": 0.0318546555936, "dvar2": 0.00258793123066, "mean": 0.119690798223, "var": 0.00282623944804, "dmean2": 0.0503410585225, "dvar": 0.00111497519538, "min": 1.04400023349e-10, "median": 0.113374128938, "max": 0.452451527119}, "spectral_energyband_low": {"dmean": 0.0143749034032, "dvar2": 0.00106555351522, "mean": 0.0261899437755, "var": 0.000716162612662, "dmean2": 0.0230454094708, "dvar": 0.000425089616328, "min": 2.88391990612e-23, "median": 0.0200453605503, "max": 0.221812203526}, "spectral_rolloff": {"dmean": 2325.2824707, "dvar2": 72273000, "mean": 3927.9050293, "var": 44066400, "dmean2": 4357.15234375, "dvar": 28969946, "min": 21.533203125, "median": 1313.52539062, "max": 22050}, "spectral_entropy": {"dmean": 0.158292010427, "dvar2": 0.0720160827041, "mean": 7.61722040176, "var": 0.160623520613, "dmean2": 0.234861388803, "dvar": 0.0321198217571, "min": 4.95759248734, "median": 7.6990404129, "max": 9.79658794403}, "spectral_energy": {"dmean": 0.0183593165129, "dvar2": 0.00116281351075, "mean": 0.0523935332894, "var": 0.00129485339858, "dmean2": 0.0281746182591, "dvar": 0.000487793353386, "min": 1.01706703075e-20, "median": 0.0496208034456, "max": 0.244484305382}, "spectral_centroid": {"dmean": 210.651153564, "dvar2": 111379.179688, "mean": 1254.04541016, "var": 298600.71875, "dmean2": 305.359375, "dvar": 68103.1328125, "min": 149.147720337, "median": 1141.50427246, "max": 11061.0419922}, "barkbands_flatness_db": {"dmean": 0.0277826953679, "dvar2": 0.00163527426776, "mean": 0.134492889047, "var": 0.00293441023678, "dmean2": 0.0433792695403, "dvar": 0.000709213782102, "min": 0.0276119485497, "median": 0.125691592693, "max": 0.539775192738}, "spectral_rms": {"dmean": 0.00119916850235, "dvar2": 3.1610975384e-06, "mean": 0.0066448263824, "var": 6.96207052897e-06, "dmean2": 0.0017866094131, "dvar": 1.43439126532e-06, "min": 3.15001670581e-12, "median": 0.0069577684626, "max": 0.015444134362}, "melbands": {"dmean": [0.00403529731557, 0.00107302074321, 0.00026606101892, 0.000272762059467, 0.000351211987436, 0.000375182309654, 0.000318451260682, 0.000248144409852, 0.000176944377017, 0.000155366316903, 0.000181388459168, 0.000177442881977, 9.23122497625e-05, 8.87828427949e-05, 7.42858901503e-05, 5.68117502553e-05, 3.11913318001e-05, 3.08378403133e-05, 3.66643544112e-05, 1.72604177351e-05, 1.09343445729e-05, 1.16320024972e-05, 1.01971072581e-05, 6.37426410321e-06, 4.56034013041e-06, 3.72311114916e-06, 4.1613943722e-06, 3.02711077893e-06, 2.63099354925e-06, 3.05921639665e-06, 2.36789719565e-06, 1.37020413149e-06, 9.35681839564e-07, 6.96118206633e-07, 5.52314531888e-07, 4.34945064853e-07, 2.3918934744e-07, 1.30746542482e-07, 7.25658537704e-08, 2.72963003312e-08], "dvar2": [9.54069619183e-05, 8.62833439896e-06, 4.08301929156e-07, 7.39268841699e-07, 1.40432769058e-06, 2.20539845941e-06, 1.27435509967e-06, 8.28367660688e-07, 4.09719007166e-07, 1.78248953375e-07, 2.06417936965e-07, 1.40722775654e-07, 5.99345142405e-08, 4.24342161409e-08, 2.82282588415e-08, 1.50220991202e-08, 5.05537656181e-09, 4.172359791e-09, 6.85930112709e-09, 1.99920946464e-09, 9.94915705377e-10, 1.30536914611e-09, 8.71387739743e-10, 4.03379829539e-10, 1.71442499086e-10, 8.90120477326e-11, 2.24267243665e-10, 1.0316937582e-10, 5.15841570847e-11, 1.22538479363e-10, 5.89474857815e-11, 1.73897337502e-11, 5.2775574709e-12, 2.5010746512e-12, 1.59031175815e-12, 9.48529124169e-13, 2.91345506748e-13, 7.63691817033e-14, 2.56071832711e-14, 3.75154026361e-15], "mean": [0.00671801669523, 0.00128250964917, 0.000394227565266, 0.000437604496256, 0.000619664089754, 0.000525947310962, 0.000474403321277, 0.00038387987297, 0.00025455802097, 0.000219594003283, 0.000273991754511, 0.0002883754496, 0.00015421101125, 0.000151008251123, 0.000130146683659, 9.48775050347e-05, 5.37862797501e-05, 5.62064160476e-05, 6.58075150568e-05, 3.08674643748e-05, 1.78645241249e-05, 2.03841518669e-05, 1.81164232345e-05, 1.14295226012e-05, 8.41388646222e-06, 6.63069886286e-06, 7.02166971678e-06, 5.17586613569e-06, 4.65354014523e-06, 5.02086368215e-06, 4.07318657381e-06, 2.39867063101e-06, 1.75170794137e-06, 1.40855843256e-06, 1.14206670787e-06, 8.37153493194e-07, 4.8136763553e-07, 2.69208328518e-07, 1.31039882945e-07, 3.38653975973e-08], "var": [5.69707226532e-05, 3.15400120598e-06, 3.22328332913e-07, 8.55769997088e-07, 2.8920189834e-06, 1.33621608711e-06, 1.07482605927e-06, 7.87736951224e-07, 3.17572357744e-07, 1.36935014439e-07, 1.41406275134e-07, 1.11289978122e-07, 3.66446855082e-08, 3.19700887985e-08, 2.28474856812e-08, 9.62536272908e-09, 3.16250381438e-09, 3.04145819641e-09, 4.74686423502e-09, 1.3605918614e-09, 7.58402951551e-10, 9.38140787277e-10, 7.74318387187e-10, 4.42813757884e-10, 1.84439200024e-10, 8.37768396322e-11, 2.05744532522e-10, 9.32830757083e-11, 5.68518149224e-11, 1.02985391048e-10, 6.69044125656e-11, 1.67601956619e-11, 6.17111873755e-12, 3.59344932283e-12, 2.35842487033e-12, 1.3804613919e-12, 4.06706135783e-13, 1.17729028024e-13, 2.81914621584e-14, 1.86943326657e-15], "dmean2": [0.00652021728456, 0.00184463325422, 0.000445388694061, 0.000438632501755, 0.000549477350432, 0.000597963691689, 0.000500497233588, 0.000391397014027, 0.000283228146145, 0.000256570550846, 0.000298002618365, 0.000287711474812, 0.000149448445882, 0.000142661461723, 0.00011956673552, 9.39933379414e-05, 5.13197446708e-05, 5.10727804794e-05, 6.08582886343e-05, 2.81501634163e-05, 1.75538607436e-05, 1.86729976122e-05, 1.6387892174e-05, 9.79331980488e-06, 7.10673566573e-06, 5.84946792515e-06, 6.35702144791e-06, 4.67883410238e-06, 3.89696424463e-06, 4.48880655313e-06, 3.43176088791e-06, 2.07785546991e-06, 1.4095064671e-06, 1.00148349702e-06, 7.9295557498e-07, 6.0941135871e-07, 3.41476606991e-07, 1.88395517853e-07, 1.0958557084e-07, 4.55947848366e-08], "dvar": [3.75234667445e-05, 3.21191373587e-06, 1.67995821698e-07, 3.36958123626e-07, 6.60148771203e-07, 9.01245527984e-07, 5.69072028611e-07, 3.71627010054e-07, 1.75259827984e-07, 7.67408181446e-08, 8.07707110084e-08, 5.89475597224e-08, 2.4312020841e-08, 1.72880358917e-08, 1.18048886222e-08, 5.88345860919e-09, 2.03991423753e-09, 1.69242597714e-09, 2.63004062973e-09, 7.8346518162e-10, 4.20282364466e-10, 5.18282972095e-10, 3.66256025508e-10, 1.88142043611e-10, 8.11617995033e-11, 3.94955734784e-11, 1.04600370032e-10, 4.85340691248e-11, 2.5621716554e-11, 5.63746722915e-11, 3.03742933583e-11, 8.19319698891e-12, 2.53062631614e-12, 1.26542721614e-12, 8.17144583335e-13, 4.96486315602e-13, 1.47122399441e-13, 3.98804829492e-14, 1.21941675236e-14, 1.46682241311e-15], "min": [4.7711695943e-24, 5.57318120524e-24, 2.83844459929e-24, 8.47014942293e-24, 4.60674258266e-24, 8.99191859172e-24, 8.51836933462e-24, 8.67975528747e-24, 5.80657359266e-24, 7.62088070503e-24, 4.28689577319e-24, 7.12064191692e-24, 4.9213888266e-24, 6.06604138287e-24, 7.55312386416e-24, 5.39934466072e-24, 8.237638982e-24, 1.49284148145e-23, 7.93889814606e-24, 5.07231763929e-24, 9.70008849267e-24, 4.72371842756e-24, 5.85168539238e-24, 7.01000733041e-24, 9.54784307113e-24, 7.97005972954e-24, 4.59205044273e-24, 8.78621443322e-24, 8.7943546889e-24, 1.00975710481e-23, 8.4799667969e-24, 8.47761283595e-24, 1.13215400185e-23, 9.96912792667e-24, 7.3881888261e-24, 9.95398179729e-24, 1.13094601915e-23, 7.19471280048e-24, 6.66292352047e-24, 1.05527682451e-23], "median": [0.00463532982394, 0.000676678842865, 0.000231545753195, 0.000241367379203, 0.00024411767663, 0.000191275947145, 0.000170414714376, 0.000141762531712, 9.76325827651e-05, 0.000103894853964, 0.000161662275787, 0.000190553502762, 0.000103159341961, 9.90319240373e-05, 8.93459073268e-05, 6.93815964041e-05, 4.10748034483e-05, 4.4288852223e-05, 4.99682937516e-05, 2.09110967262e-05, 9.34192394197e-06, 1.27099583551e-05, 1.11371982712e-05, 5.66173412153e-06, 4.02531668442e-06, 3.10372161039e-06, 2.98185682368e-06, 2.18794184548e-06, 1.91947924577e-06, 1.64098560163e-06, 1.36865003242e-06, 8.51840582072e-07, 6.16013267063e-07, 5.10920131092e-07, 4.61711351818e-07, 3.1923093502e-07, 1.82523706371e-07, 1.18112701841e-07, 6.26559284456e-08, 1.84652595436e-08], "max": [0.0677808225155, 0.0189256258309, 0.015551302582, 0.0202048700303, 0.0312191955745, 0.0193254984915, 0.0145142283291, 0.0185818783939, 0.0120765706524, 0.00789972767234, 0.00598460948095, 0.00466257892549, 0.00392359308898, 0.00244283047505, 0.00290292780846, 0.00158054626081, 0.00101609865669, 0.000617697834969, 0.00104531564284, 0.000885919318534, 0.000454244960565, 0.000665607803967, 0.000634325901046, 0.000536761130206, 0.000466169440188, 0.00012292964675, 0.000320625171298, 0.000181830037036, 0.000119755990454, 0.00021692768496, 0.000168542581378, 8.80050065462e-05, 3.01808340737e-05, 1.48826575241e-05, 1.57820049935e-05, 1.08399017336e-05, 4.69654924018e-06, 2.82067935586e-06, 1.72250372543e-06, 4.85934606331e-07]}, "barkbands_crest": {"dmean": 2.98977661133, "dvar2": 16.5521278381, "mean": 10.5379610062, "var": 15.3295488358, "dmean2": 4.94123268127, "dvar": 6.32444572449, "min": 2.8573372364, "median": 10.2187709808, "max": 25.1673336029}, "mfcc": {"icov": [[0.000244424416451, -5.98314873059e-05, 0.000118366464449, -0.000302213651594, 0.000111439279863, -0.000315306329867, 0.000483645912027, -0.000404580059694, 0.000270004966296, -0.000651622540317, 0.000575216196012, -0.000615422672126, 0.000224033210543], [-5.98314873059e-05, 0.00127515103668, 0.000265161099378, 0.000654275645502, -0.00094551424263, 0.000558108324185, 0.000187211990124, 0.000135791065986, -0.000445999874501, 0.000920193153434, -0.00136161595583, 0.000920772901736, -0.000686411687639], [0.000118366464449, 0.000265161099378, 0.00330095039681, -0.000981612247415, -0.000990942004137, 0.00051424728008, -0.000943067367189, 0.000356059550541, 0.000229313445743, -0.00166039308533, 6.75095498082e-06, -0.00136711320374, 0.000481088878587], [-0.000302213651594, 0.000654275645502, -0.000981612247415, 0.00367334857583, -0.000157344140462, -0.000843190529849, 0.0011948683532, -0.00092955789296, -0.000866519578267, 0.00134257879108, -0.00143858115189, 0.000528570380993, -0.000727195700165], [0.000111439279863, -0.00094551424263, -0.000990942004137, -0.000157344140462, 0.00881246943027, -0.00376764312387, -0.00142963277176, 3.29517424689e-05, -0.00105399161112, 0.00180875405204, -0.00247220671736, 0.00138872151729, -0.000427423103247], [-0.000315306329867, 0.000558108324185, 0.00051424728008, -0.000843190529849, -0.00376764312387, 0.012973559089, -0.00784353911877, -7.04078483977e-05, 0.00296031776816, -0.00574069097638, 0.00601883186027, -0.00423662411049, 0.00202291551977], [0.000483645912027, 0.000187211990124, -0.000943067367189, 0.0011948683532, -0.00142963277176, -0.00784353911877, 0.0205904934555, -0.0101737575606, -0.00191752496175, 0.00781854335219, -0.00503119360656, 0.00540552195162, -0.0049388539046], [-0.000404580059694, 0.000135791065986, 0.000356059550541, -0.00092955789296, 3.29517424689e-05, -7.04078483977e-05, -0.0101737575606, 0.0200835745782, -0.00710490392521, -0.000650583999231, 0.00492489850149, -0.0079286377877, 0.00597237190232], [0.000270004966296, -0.000445999874501, 0.000229313445743, -0.000866519578267, -0.00105399161112, 0.00296031776816, -0.00191752496175, -0.00710490392521, 0.0218765586615, -0.00965764839202, -0.00307447067462, 0.00301043712534, -0.00149745075032], [-0.000651622540317, 0.000920193153434, -0.00166039308533, 0.00134257879108, 0.00180875405204, -0.00574069097638, 0.00781854335219, -0.000650583999231, -0.00965764839202, 0.0212653018534, -0.0116577334702, 0.00321481167339, -0.00136923021637], [0.000575216196012, -0.00136161595583, 6.75095498082e-06, -0.00143858115189, -0.00247220671736, 0.00601883186027, -0.00503119360656, 0.00492489850149, -0.00307447067462, -0.0116577334702, 0.0342207588255, -0.0183482263237, 0.00265826378018], [-0.000615422672126, 0.000920772901736, -0.00136711320374, 0.000528570380993, 0.00138872151729, -0.00423662411049, 0.00540552195162, -0.0079286377877, 0.00301043712534, 0.00321481167339, -0.0183482263237, 0.0329031273723, -0.0142824109644], [0.000224033210543, -0.000686411687639, 0.000481088878587, -0.000727195700165, -0.000427423103247, 0.00202291551977, -0.0049388539046, 0.00597237190232, -0.00149745075032, -0.00136923021637, 0.00265826378018, -0.0142824109644, 0.0277703199536]], "mean": [-642.564208984, 151.706878662, -21.8416481018, 13.0813236237, -5.00529098511, 18.1306152344, 0.235054016113, 10.9732112885, 0.146271392703, 5.52667093277, -1.14848089218, 6.19847297668, 0.393656164408], "cov": [[8024.14990234, -875.551269531, 214.680023193, 913.104614258, -134.78477478, 391.002716064, -184.03062439, 270.475524902, 98.0979690552, 459.616210938, 41.9910545349, 281.626586914, -18.8652744293], [-875.551269531, 1249.86315918, -193.555664062, -338.538574219, 92.473526001, -143.659942627, -5.13528728485, -86.3033981323, -13.1233282089, -105.605903625, 20.7237796783, -64.0603561401, 21.1355781555], [214.680023193, -193.555664062, 430.515289307, 179.602355957, 53.1493186951, 61.5012893677, 30.4896869659, 45.7746124268, 40.4864616394, 75.0972747803, 45.3063163757, 55.9939231873, 12.9917869568], [913.104614258, -338.538574219, 179.602355957, 480.927459717, 9.9139547348, 97.4492874146, 2.69988942146, 74.3902511597, 40.8695983887, 78.0183792114, 28.3754062653, 63.5260162354, 7.28964185715], [-134.78477478, 92.473526001, 53.1493186951, 9.9139547348, 180.891265869, 72.8980560303, 70.6256256104, 33.8678398132, 15.3404130936, -12.4943618774, 10.8780488968, 4.04803180695, 6.71445703506], [391.002716064, -143.659942627, 61.5012893677, 97.4492874146, 72.8980560303, 193.683013916, 84.8031234741, 75.3390655518, 13.3238658905, 31.3864498138, -7.68704986572, 29.28789711, -1.26163303852], [-184.03062439, -5.13528728485, 30.4896869659, 2.69988942146, 70.6256256104, 84.8031234741, 139.64024353, 71.0975952148, 14.4834289551, -32.0154685974, -6.07578659058, 0.901088654995, 5.60132408142], [270.475524902, -86.3033981323, 45.7746124268, 74.3902511597, 33.8678398132, 75.3390655518, 71.0975952148, 121.202445984, 40.4924087524, 22.0296134949, 4.22716188431, 28.7966518402, -3.87344884872], [98.0979690552, -13.1233282089, 40.4864616394, 40.8695983887, 15.3404130936, 13.3238658905, 14.4834289551, 40.4924087524, 85.5002975464, 55.5168228149, 30.3856887817, 18.0147819519, 6.09017658234], [459.616210938, -105.605903625, 75.0972747803, 78.0183792114, -12.4943618774, 31.3864498138, -32.0154685974, 22.0296134949, 55.5168228149, 135.275085449, 49.634059906, 41.2552757263, 7.64367437363], [41.9910545349, 20.7237796783, 45.3063163757, 28.3754062653, 10.8780488968, -7.68704986572, -6.07578659058, 4.22716188431, 30.3856887817, 49.634059906, 72.293258667, 42.6944961548, 17.9929237366], [281.626586914, -64.0603561401, 55.9939231873, 63.5260162354, 4.04803180695, 29.28789711, 0.901088654995, 28.7966518402, 18.0147819519, 41.2552757263, 42.6944961548, 79.7157058716, 28.6509151459], [-18.8652744293, 21.1355781555, 12.9917869568, 7.28964185715, 6.71445703506, -1.26163303852, 5.60132408142, -3.87344884872, 6.09017658234, 7.64367437363, 17.9929237366, 28.6509151459, 52.3927955627]]}, "spectral_decrease": {"dmean": 4.73508343646e-09, "dvar2": 8.1761688266e-17, "mean": -1.17315952508e-08, "var": 7.94708942776e-17, "dmean2": 7.3402932621e-09, "dvar": 3.37450349212e-17, "min": -6.38745092374e-08, "median": -1.09295488215e-08, "max": 8.57224180528e-10}, "zerocrossingrate": {"dmean": 0.0296071153134, "dvar2": 0.00138394616079, "mean": 0.166251495481, "var": 0.00634794682264, "dmean2": 0.0372412651777, "dvar": 0.000978117343038, "min": 0.0029296875, "median": 0.15283203125, "max": 0.71240234375}, "spectral_contrast_coeffs": {"dmean": [0.0526943467557, 0.0512833110988, 0.0418008044362, 0.0295812003314, 0.0222565624863, 0.0301190689206], "dvar2": [0.00444953329861, 0.00450701685622, 0.00293026934378, 0.00148288928904, 0.0010766251944, 0.0019232298946], "mean": [-0.724718391895, -0.769540607929, -0.789666593075, -0.80502730608, -0.817337930202, -0.736648023129], "var": [0.00675244536251, 0.00556818256155, 0.00264301104471, 0.00123139459174, 0.00119235517923, 0.00445663323626], "dmean2": [0.0862050279975, 0.0842769742012, 0.0695495083928, 0.0496185645461, 0.0364248678088, 0.0472905822098], "dvar": [0.0017097821692, 0.00171553820837, 0.00105766195338, 0.000530561956111, 0.000440081930719, 0.000857746344991], "min": [-0.966451644897, -0.965959310532, -0.959257483482, -0.980223715305, -0.974885880947, -0.962530851364], "median": [-0.734879791737, -0.781283974648, -0.793678343296, -0.806101202965, -0.819611549377, -0.723664343357], "max": [-0.383724927902, -0.426386862993, -0.50634598732, -0.619750082493, -0.643893837929, -0.409061193466]}, "spectral_skewness": {"dmean": 0.373210966587, "dvar2": 0.553566515446, "mean": 2.78794932365, "var": 1.12711679935, "dmean2": 0.561702013016, "dvar": 0.238588765264, "min": -0.0228189434856, "median": 2.48458766937, "max": 8.6568069458}, "spectral_energyband_middle_high": {"dmean": 0.00279634259641, "dvar2": 2.14165756915e-05, "mean": 0.00807127170265, "var": 3.15568941005e-05, "dmean2": 0.00421551661566, "dvar": 9.91829074337e-06, "min": 1.27983955177e-21, "median": 0.00715279951692, "max": 0.0500397570431}, "gfcc": {"icov": [[0.000174232322024, -0.000285176880425, 0.000691301829647, -0.000853367790114, 0.000666733249091, -0.000618551275693, 0.000173415479367, 0.00031636908534, -0.000685626815539, 0.000232951890212, -4.07326733693e-05, -9.20812890399e-05, -8.14145823824e-05], [-0.000285176880425, 0.00330801680684, -0.00382041907869, 0.00439284322783, -0.00395200448111, 0.00376120139845, -0.000842058041599, -0.00153325870633, 0.000947526015807, 0.00037155469181, -0.00128245924134, 0.000403012061724, -0.000125489546917], [0.000691301829647, -0.00382041907869, 0.0121323205531, -0.0120132807642, 0.00934870447963, -0.009601239115, 0.00360863981768, 0.00165968877263, -0.0053422707133, 0.00443698931485, -0.00626384746283, 0.00643289880827, -0.0046611125581], [-0.000853367790114, 0.00439284322783, -0.0120132807642, 0.0190613269806, -0.0162319447845, 0.0127026531845, -0.00492694461718, -0.00518618524075, 0.0121892346069, -0.0163766909391, 0.018411513418, -0.017839461565, 0.0106418579817], [0.000666733249091, -0.00395200448111, 0.00934870447963, -0.0162319447845, 0.0230202469975, -0.0147629659623, 0.00109813443851, 0.00744562968612, -0.0144357196987, 0.0208283159882, -0.0218719169497, 0.0192098654807, -0.0115765295923], [-0.000618551275693, 0.00376120139845, -0.009601239115, 0.0127026531845, -0.0147629659623, 0.0163440480828, -0.00394098972902, -0.00678788870573, 0.0119986040518, -0.0124681498855, 0.0118413316086, -0.0111841782928, 0.00701212324202], [0.000173415479367, -0.000842058041599, 0.00360863981768, -0.00492694461718, 0.00109813443851, -0.00394098972902, 0.0118320723996, -0.000182787814992, -0.00690537970513, 0.00579173024744, -0.00199938449077, -0.000816688931081, 0.000331965624355], [0.00031636908534, -0.00153325870633, 0.00165968877263, -0.00518618524075, 0.00744562968612, -0.00678788870573, -0.000182787814992, 0.0138279013336, -0.00812904164195, 0.00407085521147, -0.00486263958737, 0.00624862406403, -0.0043779797852], [-0.000685626815539, 0.000947526015807, -0.0053422707133, 0.0121892346069, -0.0144357196987, 0.0119986040518, -0.00690537970513, -0.00812904164195, 0.0296648647636, -0.0292528513819, 0.0195864979178, -0.013448853977, 0.0098642334342], [0.000232951890212, 0.00037155469181, 0.00443698931485, -0.0163766909391, 0.0208283159882, -0.0124681498855, 0.00579173024744, 0.00407085521147, -0.0292528513819, 0.0515187829733, -0.0406256280839, 0.0267279017717, -0.0129910651594], [-4.07326733693e-05, -0.00128245924134, -0.00626384746283, 0.018411513418, -0.0218719169497, 0.0118413316086, -0.00199938449077, -0.00486263958737, 0.0195864979178, -0.0406256280839, 0.0627595484257, -0.0424183122814, 0.0143760889769], [-9.20812890399e-05, 0.000403012061724, 0.00643289880827, -0.017839461565, 0.0192098654807, -0.0111841782928, -0.000816688931081, 0.00624862406403, -0.013448853977, 0.0267279017717, -0.0424183122814, 0.0510834753513, -0.0211480930448], [-8.14145823824e-05, -0.000125489546917, -0.0046611125581, 0.0106418579817, -0.0115765295923, 0.00701212324202, 0.000331965624355, -0.0043779797852, 0.0098642334342, -0.0129910651594, 0.0143760889769, -0.0211480930448, 0.0273761339486]], "mean": [15.9005775452, 87.7012710571, -103.05128479, -11.1526184082, -20.3736495972, -5.43683290482, -0.148736566305, -13.3692369461, 1.05090260506, -4.93384075165, -1.69134557247, 5.33983039856, -2.86814832687], "cov": [[11025.8525391, -704.311279297, 70.8099517822, 1146.83007812, -105.513870239, 11.9887781143, 358.167358398, 97.2133407593, 395.885345459, 299.438842773, -59.0876350403, 267.309692383, -203.697738647], [-704.311279297, 967.574707031, -33.9056892395, -394.221801758, 118.990539551, -66.9669265747, -72.3157272339, -14.3301477432, -2.99334144592, -66.6085739136, 72.9617004395, -67.0406265259, 95.2349853516], [70.8099517822, -33.9056892395, 414.223083496, 310.295349121, 13.9377212524, 136.799987793, 26.8416976929, 96.4427642822, 27.8164844513, 79.0586547852, 7.28556394577, 37.0639305115, -11.7876768112], [1146.83007812, -394.221801758, 310.295349121, 636.191162109, 51.9112663269, 76.6676864624, 137.987045288, 74.9551315308, 56.8515357971, 94.5122680664, -27.0801391602, 92.5639190674, -70.1511383057], [-105.513870239, 118.990539551, 13.9377212524, 51.9112663269, 224.95513916, 95.9421615601, 57.0738792419, -17.2291259766, -5.2677063942, -39.0188217163, 20.5943145752, -0.0683457255363, 22.0445899963], [11.9887781143, -66.9669265747, 136.799987793, 76.6676864624, 95.9421615601, 246.877975464, 46.2450866699, 55.792388916, -17.7574424744, 10.3749933243, 6.27121543884, 17.175485611, 0.211481615901], [358.167358398, -72.3157272339, 26.8416976929, 137.987045288, 57.0738792419, 46.2450866699, 156.983215332, 29.9064331055, 47.0576934814, 13.0618419647, -3.24664163589, 27.8130741119, -20.7339916229], [97.2133407593, -14.3301477432, 96.4427642822, 74.9551315308, -17.2291259766, 55.792388916, 29.9064331055, 136.815322876, 55.8191337585, 51.4011993408, 2.34176898003, 3.77502989769, -6.58720445633], [395.885345459, -2.99334144592, 27.8164844513, 56.8515357971, -5.2677063942, -17.7574424744, 47.0576934814, 55.8191337585, 136.505813599, 80.8818893433, 9.6906671524, 2.80125427246, -19.2526054382], [299.438842773, -66.6085739136, 79.0586547852, 94.5122680664, -39.0188217163, 10.3749933243, 13.0618419647, 51.4011993408, 80.8818893433, 111.456451416, 29.0630683899, 17.077709198, -12.1117486954], [-59.0876350403, 72.9617004395, 7.28556394577, -27.0801391602, 20.5943145752, 6.27121543884, -3.24664163589, 2.34176898003, 9.6906671524, 29.0630683899, 64.6918334961, 31.6760635376, 20.2400856018], [267.309692383, -67.0406265259, 37.0639305115, 92.5639190674, -0.0683457255363, 17.175485611, 27.8130741119, 3.77502989769, 2.80125427246, 17.077709198, 31.6760635376, 76.9847793579, 16.585691452], [-203.697738647, 95.2349853516, -11.7876768112, -70.1511383057, 22.0445899963, 0.211481615901, -20.7339916229, -6.58720445633, -19.2526054382, -12.1117486954, 20.2400856018, 16.585691452, 73.4608154297]]}, "erbbands_spread": {"dmean": 5.42809772491, "dvar2": 79.6138381958, "mean": 23.7592048645, "var": 121.692993164, "dmean2": 8.5296792984, "dvar": 33.4020271301, "min": 0.982370853424, "median": 22.812795639, "max": 120.148925781}, "erbbands_kurtosis": {"dmean": 1.2202154398, "dvar2": 11.9562244415, "mean": 1.39198243618, "var": 8.79104804993, "dmean2": 1.96500968933, "dvar": 4.85465669632, "min": -1.81112611294, "median": 0.617032527924, "max": 89.4067153931}, "dynamic_complexity": 2.6303627491, "erbbands_crest": {"dmean": 2.69839334488, "dvar2": 16.0730342865, "mean": 8.7045917511, "var": 16.7041130066, "dmean2": 4.42528057098, "dvar": 6.43873310089, "min": 2.05957913399, "median": 7.66632270813, "max": 29.9623775482}, "erbbands": {"dmean": [0.579896330833, 1.36426758766, 1.52574503422, 1.56098127365, 2.18506860733, 6.21879816055, 10.2423028946, 17.0996742249, 19.9649372101, 23.6882953644, 21.302116394, 23.7460670471, 35.0578804016, 41.55909729, 27.10871315, 27.68334198, 30.2963161469, 16.2181091309, 18.4203510284, 19.3287811279, 9.16221237183, 10.5870571136, 7.99517583847, 5.44212245941, 5.0769739151, 4.60099983215, 4.21617507935, 4.26475095749, 2.16988372803, 1.32238388062, 0.883167088032, 0.455521374941, 0.162850469351, 0.0442696213722, 0.018572371453, 0.031229307875, 0.0461390912533, 0.0326885767281, 0.0133695853874, 0.00385273154825], "dvar2": [2.09654521942, 14.9764223099, 17.953168869, 15.4839420319, 36.1329727173, 473.38067627, 1318.54602051, 5010.44287109, 5111.07910156, 8208.61523438, 6271.72558594, 4260.55761719, 7800.14941406, 7629.64941406, 4356.42724609, 4047.60400391, 4333.52246094, 1314.01025391, 1497.36828613, 2030.76953125, 630.316040039, 932.612609863, 576.232055664, 228.124404907, 211.052047729, 240.026290894, 135.389602661, 206.399597168, 34.0960083008, 8.91310501099, 3.73409175873, 0.991014957428, 0.1120461151, 0.00838726758957, 0.00194522133097, 0.00392192415893, 0.00902760680765, 0.00438736286014, 0.000889727845788, 6.7700028012e-05], "mean": [0.898299336433, 1.60104572773, 1.77000272274, 2.19340419769, 3.18569755554, 10.0217323303, 17.7264728546, 23.471540451, 29.2006340027, 36.7278862, 31.4368286133, 34.7318649292, 54.324672699, 69.5237884521, 47.4064331055, 52.2276992798, 52.2786865234, 31.2397098541, 37.0779304504, 36.7570724487, 17.1774654388, 19.9039649963, 15.462436676, 10.7376441956, 9.43912315369, 8.43043804169, 7.77243423462, 7.5124835968, 4.08411836624, 2.7429599762, 1.89590954781, 0.950866162777, 0.348320007324, 0.0724170953035, 0.0225101839751, 0.0668007060885, 0.10753197968, 0.0786162316799, 0.0338552445173, 0.0150716062635], "var": [1.20226085186, 5.22233200073, 6.61307096481, 12.7848291397, 20.8918533325, 699.767272949, 2634.79833984, 2868.75488281, 3844.94970703, 7481.65380859, 4833.13085938, 3504.36230469, 5445.43701172, 6183.52783203, 3143.28955078, 3315.05541992, 3064.23779297, 913.203491211, 1194.81933594, 1475.71057129, 540.104553223, 822.800292969, 653.530090332, 286.597320557, 214.417144775, 248.895004272, 171.316650391, 219.626266479, 42.6487503052, 13.5461816788, 6.42165613174, 1.62526011467, 0.191560849547, 0.00728914793581, 0.000872151576914, 0.00681512942538, 0.0201328396797, 0.0103887543082, 0.00192061974667, 0.000184797521797], "dmean2": [0.94224101305, 2.34974884987, 2.64598798752, 2.63247609138, 3.63509893417, 9.97773742676, 15.9680089951, 27.3989372253, 31.5512905121, 37.1474571228, 34.0915412903, 39.0239639282, 57.5395584106, 67.0936355591, 43.4476585388, 44.5758934021, 49.4947662354, 26.4235973358, 30.261051178, 31.8205089569, 14.4885520935, 16.8092689514, 12.3628578186, 8.30141830444, 7.74105930328, 6.93008899689, 6.03096008301, 6.14870119095, 3.2031443119, 1.86684811115, 1.21953058243, 0.615098178387, 0.228279352188, 0.0697393640876, 0.0310698635876, 0.0440701544285, 0.0589587837458, 0.0430698990822, 0.0180337019265, 0.00577239086851], "dvar": [0.826364815235, 5.51150798798, 6.6411447525, 6.41867446899, 14.6312799454, 215.091445923, 625.196411133, 2040.24121094, 2266.96020508, 3624.32250977, 2659.09912109, 1886.24584961, 3056.56542969, 3209.93725586, 1824.12097168, 1676.59106445, 1731.55444336, 542.197814941, 611.452697754, 792.534851074, 269.215362549, 394.410247803, 262.425964355, 113.133804321, 99.1938934326, 117.402320862, 71.2878417969, 102.945877075, 17.6562480927, 4.62213087082, 2.04085278511, 0.540353417397, 0.0610947087407, 0.00365369161591, 0.000751540123019, 0.00213812780567, 0.00545459799469, 0.00264340825379, 0.000534965307452, 3.02426433336e-05], "min": [3.13268277496e-22, 5.24397086611e-21, 8.80258869912e-21, 1.17545943569e-20, 5.53269898593e-20, 1.64241686631e-19, 1.04161393854e-19, 4.02901323305e-19, 4.70542363535e-19, 9.49591659285e-19, 5.29098117206e-19, 1.29460021418e-18, 8.5953676449e-19, 1.74461738328e-18, 1.14017293504e-18, 3.31921172076e-18, 4.00127983166e-18, 4.14093356166e-18, 8.40672259216e-18, 4.90068778735e-18, 7.04143865726e-18, 4.92946250573e-18, 7.55240631961e-18, 1.14893418394e-17, 8.09466870607e-18, 1.19759101552e-17, 1.45145597152e-17, 1.5822375277e-17, 1.61218262393e-17, 1.87181244977e-17, 1.41049861979e-17, 1.80106468459e-17, 1.06345375303e-17, 1.13651944371e-17, 9.80877305092e-18, 6.1513224214e-18, 2.42152885024e-18, 8.20584984541e-19, 2.77249589728e-19, 3.31450625215e-20], "median": [0.52910977602, 0.790972709656, 0.882182121277, 1.16203308105, 1.94193959236, 4.59689903259, 6.42894172668, 8.59146785736, 10.7250404358, 13.6504306793, 12.2863063812, 17.0390853882, 32.7339668274, 46.8758583069, 31.876953125, 36.7958183289, 36.9616851807, 25.2381019592, 30.6424846649, 28.0678787231, 10.3588838577, 12.8128004074, 8.66990661621, 5.3571434021, 4.39910936356, 3.67248654366, 3.0412311554, 2.48457574844, 1.44149339199, 0.996293663979, 0.7679271698, 0.370900809765, 0.152859270573, 0.0418883040547, 0.0124808773398, 0.0317701213062, 0.0433014072478, 0.0310767646879, 0.0170046910644, 0.012364606373], "max": [9.68132209778, 24.4858036041, 29.2449436188, 112.017745972, 96.9135437012, 685.100585938, 868.42590332, 948.11907959, 938.982055664, 1874.64147949, 1307.77709961, 1354.66955566, 1166.0267334, 1236.85290527, 870.391235352, 1081.35656738, 958.559631348, 544.188964844, 413.447937012, 545.25201416, 495.907440186, 543.957580566, 601.354675293, 530.440429688, 244.118896484, 325.059020996, 190.580657959, 268.884857178, 115.468849182, 31.463602066, 23.2865638733, 9.90117073059, 3.20323705673, 0.712835490704, 0.369783192873, 0.716304838657, 1.10663568974, 0.919695317745, 0.483320474625, 0.146190360188]}, "silence_rate_30dB": {"dmean": 0.058252427727, "dvar2": 0.123894266784, "mean": 0.94142305851, "var": 0.0551411658525, "dmean2": 0.116517707705, "dvar": 0.0548558868468, "min": 0, "median": 1, "max": 1}, "silence_rate_60dB": {"dmean": 0.0200794357806, "dvar2": 0.0460569001734, "mean": 0.0309983454645, "var": 0.0300378575921, "dmean2": 0.0401633009315, "dvar": 0.0196727793664, "min": 0, "median": 0, "max": 1}, "spectral_energyband_middle_low": {"dmean": 0.00497992755845, "dvar2": 0.00012554571731, "mean": 0.0118834488094, "var": 0.000186144621694, "dmean2": 0.00760465441272, "dvar": 5.41406661796e-05, "min": 3.20714013725e-22, "median": 0.00768853491172, "max": 0.167342334986}, "spectral_spread": {"dmean": 435383, "dvar2": 700912435200, "mean": 3866380, "var": 1336660066300.0, "dmean2": 671640.3125, "dvar": 414040588288, "min": 1292231.875, "median": 3974641.25, "max": 40936084}, "barkbands": {"dmean": [0.00762785691768, 0.0100647248328, 0.00118669797666, 0.000534085265826, 0.00149011239409, 0.0018521421589, 0.00158896471839, 0.00099246983882, 0.00109060714021, 0.00134704890661, 0.000759168120567, 0.000757389643695, 0.000649930443615, 0.00034124427475, 0.000438611692516, 0.000191680286662, 0.000191058716155, 0.000140860880492, 9.73303249339e-05, 9.96596063487e-05, 0.00011111535423, 5.65103182453e-05, 3.18084021274e-05, 1.44220748552e-05, 3.05239791487e-06, 2.08055735129e-05, 0.000165145815117], "dvar2": [0.000282053573756, 0.000646842876449, 1.0383234