{"metadata": {"audio_properties": {"downmix": "mix", "bit_rate": 192000, "lossless": false, "md5_encoded": "9d17662e54311a4e63d362250205ecce", "analysis_sample_rate": 44100, "sample_rate": 44100, "replay_gain": -7.30305099487, "equal_loudness": 0, "codec": "mp3", "length": 328.385314941}, "tags": {"album": ["The Emerald Way"], "artist": ["2002"], "musicbrainz_recordingid": ["d420dc20-49a4-41b6-a19c-a94e764c6ebd"], "albumartist": ["2002"], "title": ["05.Overheard In A Dream"], "tracknumber": ["5"], "date": ["2006"], "file_name": "328205.mp3"}, "version": {"essentia_build_sha": "70f2e5ece6736b2c40cc944ad0e695b16b925413", "essentia_git_sha": "v2.1_beta2", "extractor": "music 1.0", "essentia": "2.1-beta2"}}, "tonal": {"chords_scale": "major", "hpcp": {"dmean": [0.201528742909, 0.119299605489, 0.0468656495214, 0.0329967401922, 0.038915451616, 0.162470430136, 0.206958085299, 0.113692425191, 0.0343805067241, 0.0247451625764, 0.0450844280422, 0.118314154446, 0.11782631278, 0.0971482545137, 0.144661486149, 0.150698646903, 0.0917956829071, 0.0527940280735, 0.0447012335062, 0.0537428893149, 0.155448436737, 0.168173849583, 0.0859152972698, 0.0164743866771, 0.0089503666386, 0.0149460174143, 0.0639583468437, 0.0816902220249, 0.048272754997, 0.079404771328, 0.0915808454156, 0.0706065446138, 0.133989021182, 0.136680260301, 0.077709428966, 0.173832774162], "dvar2": [0.120377287269, 0.0398612692952, 0.0291291289032, 0.017149316147, 0.00942461472005, 0.0754819661379, 0.122166596353, 0.0454972088337, 0.016365300864, 0.0118081001565, 0.0127375796437, 0.0794677138329, 0.0897195711732, 0.034882992506, 0.0790455937386, 0.0970594063401, 0.0366039089859, 0.0280098393559, 0.0273473039269, 0.0174524281174, 0.0742165222764, 0.103201366961, 0.029667487368, 0.00370380701497, 0.00255073793232, 0.00253482279368, 0.0274619571865, 0.0437437817454, 0.0143464077264, 0.0403328239918, 0.0619074255228, 0.0242238119245, 0.0770980864763, 0.0822825357318, 0.0264402851462, 0.074516184628], "mean": [0.481647580862, 0.209229379892, 0.0486354418099, 0.0353065319359, 0.042066629976, 0.262565881014, 0.386862039566, 0.179211899638, 0.0452406555414, 0.0350184291601, 0.0551025830209, 0.21983076632, 0.272569835186, 0.162750810385, 0.273412495852, 0.326895534992, 0.144854143262, 0.0654644444585, 0.0557900965214, 0.0646447464824, 0.292570561171, 0.380362778902, 0.147164061666, 0.0176944527775, 0.01011476852, 0.0156153254211, 0.0870006084442, 0.11799556762, 0.0659827291965, 0.138072967529, 0.181340381503, 0.111914075911, 0.180744037032, 0.187711447477, 0.108409076929, 0.349222391844], "var": [0.13160251081, 0.0354122556746, 0.0110098216683, 0.00707639707252, 0.00393728911877, 0.058759983629, 0.112303860486, 0.0326653644443, 0.0117271021008, 0.0101212831214, 0.0066495873034, 0.0832611098886, 0.12770344317, 0.0301528722048, 0.0835792273283, 0.120959460735, 0.0266433507204, 0.0152588794008, 0.0152222877368, 0.00780628249049, 0.077425904572, 0.125551447272, 0.0282120332122, 0.00196872907691, 0.00128127890639, 0.00107321934775, 0.0168519187719, 0.0329291373491, 0.00920039508492, 0.0448836386204, 0.0808215141296, 0.0219204667956, 0.0514066368341, 0.0569473095238, 0.0162736158818, 0.0737284645438], "dmean2": [0.340579807758, 0.196980208158, 0.0828378126025, 0.0581217557192, 0.0672728791833, 0.273790627718, 0.354674905539, 0.190849378705, 0.0585309639573, 0.0424095466733, 0.0776482522488, 0.199714466929, 0.202770680189, 0.16239784658, 0.241263836622, 0.252286106348, 0.153016015887, 0.091694958508, 0.077440969646, 0.0915899351239, 0.254756748676, 0.285453021526, 0.139777839184, 0.0287902988493, 0.0155009226874, 0.0255222562701, 0.106768608093, 0.138069927692, 0.0817407667637, 0.126132026315, 0.148566648364, 0.117783434689, 0.227130711079, 0.230864822865, 0.131299287081, 0.286199599504], "dvar": [0.0489589609206, 0.0151944709942, 0.010306651704, 0.00600105710328, 0.0034509182442, 0.0287142451853, 0.048391379416, 0.0167991444468, 0.00619024597108, 0.0044240928255, 0.00466107577085, 0.0299595464021, 0.034910865128, 0.0129640642554, 0.0305867902935, 0.0393182970583, 0.0137822087854, 0.0100249182433, 0.00964301731437, 0.00650274846703, 0.029587296769, 0.0411673039198, 0.0118115330115, 0.00150548992679, 0.000995081616566, 0.000999337644316, 0.0106154419482, 0.0170720629394, 0.00545371277258, 0.0169279072434, 0.0259494762868, 0.00932428892702, 0.0291329361498, 0.0317034907639, 0.00985260680318, 0.0290739294142], "min": [0, 0, 0, 0, 0, 0, 0, 0, 0, 0, 0, 0, 0, 0, 0, 0, 0, 0, 0, 0, 0, 0, 0, 0, 0, 0, 0, 0, 0, 0, 0, 0, 0, 0, 0, 0], "median": [0.393135845661, 0.151454180479, 0.00805624667555, 0.00219974154606, 0.0201770942658, 0.184257268906, 0.275615304708, 0.116725258529, 0.00635016243905, 0.00252536125481, 0.021953985095, 0.065447114408, 0.0696808621287, 0.104514122009, 0.149998471141, 0.167637258768, 0.0825023725629, 0.0143140908331, 0.00515021337196, 0.0332417339087, 0.192507833242, 0.241118252277, 0.0800349861383, 0.00615593278781, 0.0024229651317, 0.00517825921997, 0.0376507975161, 0.053538620472, 0.0344750061631, 0.0308362431824, 0.029946455732, 0.0535918772221, 0.0949507206678, 0.0939507335424, 0.0621443688869, 0.301320463419], "max": [1, 1, 1, 1, 1, 1, 1, 1, 1, 1, 0.937012016773, 1, 1, 1, 1, 1, 1, 1, 1, 1, 1, 1, 1, 1, 0.847541153431, 1, 1, 1, 1, 1, 1, 1, 1, 1, 1, 1]}, "tuning_equal_tempered_deviation": 0.104704238474, "chords_key": "A", "chords_strength": {"dmean": 0.0060519319959, "dvar2": 0.000561276741792, "mean": 0.530800938606, "var": 0.0251443684101, "dmean2": 0.00639041513205, "dvar": 0.000293843826512, "min": -1, "median": 0.550406992435, "max": 0.835446834564}, "tuning_diatonic_strength": 0.607484459877, "thpcp": [1, 0.434403479099, 0.100977234542, 0.0733036622405, 0.0873390212655, 0.545141100883, 0.803205609322, 0.372080981731, 0.0939289554954, 0.0727054998279, 0.11440435797, 0.45641413331, 0.565911352634, 0.337904334068, 0.567660868168, 0.678702771664, 0.300747156143, 0.135917723179, 0.115831777453, 0.134215861559, 0.60743701458, 0.789711773396, 0.305543035269, 0.0367373451591, 0.0210003517568, 0.0324206463993, 0.180631265044, 0.24498321116, 0.136993795633, 0.286668032408, 0.3765001297, 0.232356771827, 0.375261992216, 0.389727801085, 0.225079670548, 0.725057899952], "chords_histogram": [41.8351478577, 1.54107165337, 8.70917606354, 0.311041980982, 0, 0, 0, 0, 0, 0, 0.21207408607, 0.0706913620234, 0, 0.0141382720321, 0, 0.975540816784, 0, 3.56284451485, 0.0282765440643, 2.68627166748, 25.7175178528, 2.0924642086, 10.575428009, 1.66831612587], "tuning_nontempered_energy_ratio": 0.715500831604, "tuning_frequency": 440.508575439, "key_strength": 0.753931343555, "chords_changes_rate": 0.022762618959, "key_scale": "major", "hpcp_entropy": {"dmean": 0.54120182991, "dvar2": 0.591992378235, "mean": 1.96638941765, "var": 0.555871486664, "dmean2": 0.915482521057, "dvar": 0.213089227676, "min": 0, "median": 2.08723449707, "max": 3.85654163361}, "key_key": "A", "chords_number_rate": 0.00127244449686}, "lowlevel": {"melbands_skewness": {"dmean": 0.326501607895, "dvar2": 0.174379527569, "mean": 0.0188363231719, "var": 0.795362591743, "dmean2": 0.487060695887, "dvar": 0.0816152915359, "min": -3.79523611069, "median": -0.155237406492, "max": 6.5235619545}, "melbands_kurtosis": {"dmean": 0.972833871841, "dvar2": 6.33849811554, "mean": 0.849888384342, "var": 11.7806978226, "dmean2": 1.46563303471, "dvar": 3.03807926178, "min": -1.78551161289, "median": -0.00133419036865, "max": 72.8854141235}, "barkbands_kurtosis": {"dmean": 1.0878585577, "dvar2": 5.7222776413, "mean": 1.21940755844, "var": 8.11639118195, "dmean2": 1.67080032825, "dvar": 2.67841291428, "min": -1.86804986, "median": 0.553402662277, "max": 56.3173751831}, "hfc": {"dmean": 3.00742316246, "dvar2": 37.9274635315, "mean": 11.4538230896, "var": 135.968521118, "dmean2": 4.22757339478, "dvar": 22.03698349, "min": 1.07164014448e-16, "median": 8.52327156067, "max": 146.696472168}, "silence_rate_20dB": {"dmean": 0, "dvar2": 0, "mean": 1, "var": 0, "dmean2": 0, "dvar": 0, "min": 1, "median": 1, "max": 1}, "erbbands_flatness_db": {"dmean": 0.0169609356672, "dvar2": 0.00054494588403, "mean": 0.461465835571, "var": 0.00285305432044, "dmean2": 0.0274382941425, "dvar": 0.000206223601708, "min": 0.0476018115878, "median": 0.468968570232, "max": 0.553014159203}, "spectral_flux": {"dmean": 0.011513733305, "dvar2": 0.000455092929769, "mean": 0.0489888601005, "var": 0.000551834411453, "dmean2": 0.019830096513, "dvar": 0.00017033534823, "min": 6.30174801231e-11, "median": 0.0477185696363, "max": 0.314711242914}, "spectral_energyband_low": {"dmean": 0.0001300634176, "dvar2": 1.22216889054e-07, "mean": 0.000399171316531, "var": 1.57115081834e-07, "dmean2": 0.00021515172557, "dvar": 3.61479948197e-08, "min": 1.58623046417e-23, "median": 0.000280441483483, "max": 0.00498450966552}, "spectral_rolloff": {"dmean": 104.581054688, "dvar2": 52397.4765625, "mean": 1215.89257812, "var": 3634214.5, "dmean2": 179.121887207, "dvar": 29651.8066406, "min": 107.666015625, "median": 990.52734375, "max": 19767.4804688}, "spectral_entropy": {"dmean": 0.108740180731, "dvar2": 0.0371762923896, "mean": 5.72065162659, "var": 0.25201356411, "dmean2": 0.165380597115, "dvar": 0.0147993071005, "min": 4.32598972321, "median": 5.69249105453, "max": 9.82329654694}, "spectral_energy": {"dmean": 0.00408299826086, "dvar2": 6.67260610498e-05, "mean": 0.0171898584813, "var": 0.000391541223507, "dmean2": 0.00539392279461, "dvar": 4.60441224277e-05, "min": 9.96933260768e-21, "median": 0.01208844129, "max": 0.24716489017}, "spectral_centroid": {"dmean": 61.5798835754, "dvar2": 62055.1445312, "mean": 825.67010498, "var": 1060429, "dmean2": 95.380607605, "dvar": 28386.5, "min": 184.472885132, "median": 713.549926758, "max": 11556.5917969}, "barkbands_flatness_db": {"dmean": 0.0270772539079, "dvar2": 0.00140375772025, "mean": 0.416208058596, "var": 0.0032122049015, "dmean2": 0.0461745373905, "dvar": 0.000492872088216, "min": 0.0234700534493, "median": 0.421443074942, "max": 0.567183732986}, "spectral_rms": {"dmean": 0.000436594011262, "dvar2": 3.69696721236e-07, "mean": 0.00362692540511, "var": 3.61603247256e-06, "dmean2": 0.000598611775786, "dvar": 2.22575295084e-07, "min": 3.11868217882e-12, "median": 0.00343418121338, "max": 0.0155285699293}, "melbands": {"dmean": [2.69221854978e-05, 2.47366042458e-05, 1.93018004211e-05, 2.96435482596e-05, 6.46416956442e-05, 9.99933618004e-05, 0.000358058896381, 0.000201022005058, 0.000178138128831, 0.000106571467768, 0.000126248734887, 0.000184819335118, 0.000120340526337, 9.30051610339e-05, 6.66400883347e-05, 2.63042638835e-05, 1.2732471987e-05, 8.73375847732e-06, 3.30899592882e-06, 1.9228905046e-07, 1.67541514884e-07, 1.21620232107e-07, 3.03347292174e-07, 1.66501791909e-07, 3.45455752893e-08, 2.28897114596e-08, 7.37006988771e-09, 8.04933952825e-10, 8.93401186364e-11, 4.20857133865e-11, 3.30301792861e-11, 2.90563545446e-11, 5.22187050545e-11, 3.34006086677e-11, 2.07918144507e-11, 1.20521119126e-11, 9.9702069517e-12, 9.70257815064e-12, 1.25970171794e-11, 8.32886971197e-12], "dvar2": [8.88214479744e-09, 3.63765773059e-09, 1.93718796559e-09, 6.31144247976e-09, 5.03367338922e-08, 1.8244337241e-07, 1.5696156197e-06, 3.6627389477e-07, 3.37702289244e-07, 9.88980488614e-08, 7.57048539413e-08, 1.72175660396e-07, 6.98014943623e-08, 4.5381781888e-08, 6.19584881179e-08, 3.02107139305e-08, 2.22721645571e-08, 6.8461143421e-09, 1.70649783193e-09, 8.03345931444e-12, 3.26685336768e-12, 1.77029094509e-12, 1.87266157442e-11, 1.70736742886e-12, 2.04992801705e-13, 1.10832790699e-13, 1.39621514423e-14, 3.40272934307e-16, 1.17574823611e-17, 4.5456722082e-18, 2.84743096446e-19, 7.98855104946e-19, 7.84498351439e-19, 4.62021246465e-20, 4.86891917922e-20, 8.68725758819e-21, 2.87011174794e-21, 4.60548234896e-21, 6.4085882581e-21, 2.38188959596e-21], "mean": [7.09794767317e-05, 6.1426027969e-05, 5.00942442159e-05, 7.67692545196e-05, 0.000202938506845, 0.000316099612974, 0.00110271037556, 0.000523226044606, 0.000368341337889, 0.000200280468562, 0.000266991584795, 0.000358340970706, 0.000191566767171, 0.000146738078911, 0.000107347848825, 4.06437175116e-05, 2.41749876295e-05, 1.58085058501e-05, 5.80027062824e-06, 3.20006591892e-07, 2.40987759526e-07, 1.64075302678e-07, 4.00458333161e-07, 2.62680771357e-07, 3.74122883784e-08, 2.69267168562e-08, 8.61768523208e-09, 5.58654122962e-10, 7.1500187715e-11, 3.17736635613e-11, 3.46433680354e-11, 2.79695971245e-11, 7.71134198163e-11, 5.76397748975e-11, 4.02855596104e-11, 1.27443212233e-11, 9.7708421215e-12, 1.40430150147e-11, 1.82735823001e-11, 9.56609270963e-12], "var": [1.08640740848e-08, 3.39898131863e-09, 3.10833758732e-09, 1.05888835478e-08, 1.6872375852e-07, 4.90589343372e-07, 1.18615716929e-05, 1.71868396137e-06, 2.52992663263e-07, 7.73613280103e-08, 9.96659181851e-08, 2.19858279138e-07, 5.54096502015e-08, 3.17995585419e-08, 6.48974420869e-08, 3.24235465143e-08, 3.9715764899e-08, 9.59783008625e-09, 2.12938533473e-09, 4.17943284148e-12, 2.41053552986e-12, 8.73661440502e-13, 7.48749846846e-12, 1.52612254431e-12, 8.51760814115e-14, 4.79744756833e-14, 5.86329631562e-15, 8.21482661622e-17, 2.1116105377e-18, 7.70295091635e-19, 5.43789439421e-20, 1.38740134861e-19, 2.74393412621e-19, 5.33435206104e-20, 9.7799962969e-21, 1.93388809153e-21, 7.31164653599e-22, 1.07616692467e-21, 4.23320058621e-21, 9.5438073534e-22], "dmean2": [4.61138733954e-05, 4.03105768783e-05, 2.98101822409e-05, 4.66753444925e-05, 8.87250134838e-05, 0.000133363326313, 0.000388513348298, 0.00025957429898, 0.000243911534199, 0.0001508055866, 0.000192577252164, 0.00027831751504, 0.000193204643438, 0.000156525027705, 0.000105506114778, 3.87854561268e-05, 1.76482571987e-05, 1.22390492834e-05, 4.56828502138e-06, 2.92689378512e-07, 2.59756774312e-07, 1.93279518612e-07, 4.83438725496e-07, 2.54025792401e-07, 5.5081038397e-08, 3.71555728407e-08, 1.21230367967e-08, 1.46042278271e-09, 1.63142221954e-10, 7.98026505988e-11, 5.96040578005e-11, 5.34666616536e-11, 8.27296911532e-11, 5.2305524495e-11, 3.59470786471e-11, 2.22140916772e-11, 1.83927179043e-11, 1.74859397795e-11, 2.09151723718e-11, 1.46297782916e-11], "dvar": [2.56086774009e-09, 1.12632603244e-09, 7.12927272772e-10, 2.22539053851e-09, 2.47130333975e-08, 8.63617799496e-08, 1.45451667777e-06, 2.47189944957e-07, 1.39248214737e-07, 4.31450359883e-08, 3.45100197308e-08, 8.22096453135e-08, 2.938809196e-08, 1.76207350933e-08, 3.29224967288e-08, 1.71335035049e-08, 1.27420545226e-08, 3.78495368381e-09, 9.08443820169e-10, 3.47249139165e-12, 1.53474693891e-12, 7.15572241218e-13, 7.13160693694e-12, 7.72845112559e-13, 8.26967685411e-14, 4.19696422798e-14, 5.40994480049e-15, 1.24440905769e-16, 3.96633517309e-18, 1.52019087539e-18, 9.60020713674e-20, 2.67310911271e-19, 2.87718310013e-19, 2.34963771079e-20, 1.64509470198e-20, 2.9275961557e-21, 9.51326669812e-22, 1.55221835389e-21, 2.61950227563e-21, 8.66351835279e-22], "min": [3.65601999215e-25, 6.09146558098e-25, 1.43757150012e-24, 8.75926004216e-25, 1.90800978563e-24, 1.72807988227e-24, 1.06129313137e-24, 1.86103824632e-24, 1.30730216568e-24, 1.01214246242e-24, 2.20063201918e-24, 2.33245836784e-24, 2.31912208259e-24, 1.99748298115e-24, 2.44924823878e-24, 1.81338473676e-24, 2.36731320086e-24, 3.31278745046e-24, 3.70974304682e-24, 2.66967806381e-24, 3.21856117077e-24, 3.71576521098e-24, 3.92216159493e-24, 3.40512519713e-24, 3.18061676402e-24, 3.06561780454e-24, 3.8477996217e-24, 3.56957863562e-24, 4.7448169069e-24, 5.2901205575e-24, 4.94682801307e-24, 4.9934875579e-24, 5.49445170361e-24, 5.15667684678e-24, 5.33924095392e-24, 5.12173977501e-24, 5.17453074121e-24, 4.96054985409e-24, 6.52829809611e-24, 6.49142437082e-24], "median": [3.67003376596e-05, 4.33051063737e-05, 3.19117461913e-05, 4.13699162891e-05, 4.79246591567e-05, 0.000106320803752, 0.000160626048455, 0.000197608605959, 0.000224175368203, 0.00011291258852, 0.000174374188646, 0.000222272734391, 0.000114501759526, 9.21606988413e-05, 4.9223046517e-05, 9.05805427465e-06, 1.39482108352e-06, 8.77294894508e-07, 2.33382550618e-07, 8.64923066501e-08, 5.06638464515e-08, 4.90908078632e-08, 8.6075829131e-08, 1.77004888524e-09, 2.3873147903e-10, 6.52777068511e-11, 2.1250197782e-11, 1.0186716054e-11, 8.84744794788e-12, 7.43611942855e-12, 1.16469663775e-11, 9.41181854675e-12, 1.42707417064e-11, 2.06966249694e-11, 2.93992052924e-11, 4.87005227812e-12, 3.48651879936e-12, 8.49332409958e-12, 5.0272464143e-12, 2.72880069235e-12], "max": [0.00157123524696, 0.000586420879699, 0.000562562199775, 0.00154204037972, 0.00449153408408, 0.0165596101433, 0.0527534708381, 0.0285786222667, 0.0262360367924, 0.0118973720819, 0.00609593419358, 0.00863439496607, 0.00371525296941, 0.00300972140394, 0.00905230920762, 0.00743551598862, 0.00580973597243, 0.00415867287666, 0.00225341203623, 0.000164607510669, 5.81370077271e-05, 5.51087141503e-05, 0.000195706132217, 6.46756525384e-05, 1.55835696205e-05, 9.4536180768e-06, 3.18628963214e-06, 5.29378155534e-07, 1.64880546549e-07, 1.04196828943e-07, 2.54543284228e-08, 4.37270024634e-08, 3.98738357887e-08, 1.02919210931e-08, 1.07280593298e-08, 4.14659195869e-09, 2.1015869045e-09, 3.03002067881e-09, 2.97711522101e-09, 1.95344318499e-09]}, "barkbands_crest": {"dmean": 2.29349517822, "dvar2": 9.00063610077, "mean": 10.5133304596, "var": 17.7546138763, "dmean2": 3.58509230614, "dvar": 3.92236495018, "min": 2.50240826607, "median": 9.32950687408, "max": 26.1624298096}, "mfcc": {"icov": [[14.6137533188, -20.9488315582, 21.3950538635, -21.1119384766, 19.183298111, -15.3441734314, 10.3099126816, -5.27998495102, 1.35423350334, 0.842291891575, -1.38701272011, 0.987638235092, -0.430538266897], [-20.9488315582, 30.0536422729, -30.7443790436, 30.3879776001, -27.6277427673, 22.0760669708, -14.77409935, 7.47936725616, -1.80022120476, -1.35247433186, 2.09680271149, -1.4755396843, 0.638756871223], [21.3950538635, -30.7443790436, 31.5770874023, -31.3223838806, 28.5339031219, -22.7683753967, 15.1286668777, -7.49616289139, 1.57622337341, 1.66553676128, -2.35600662231, 1.62542426586, -0.696793079376], [-21.1119384766, 30.3879776001, -31.3223838806, 31.2161712646, -28.5319252014, 22.8278598785, -15.2000188828, 7.53815126419, -1.58719933033, -1.67779171467, 2.37127828598, -1.63113224506, 0.696208298206], [19.183298111, -27.6277427673, 28.5339031219, -28.5319252014, 26.2404689789, -21.2012901306, 14.4006662369, -7.49464225769, 2.04798650742, 1.03847515583, -1.83044910431, 1.3075274229, -0.566770672798], [-15.3441734314, 22.0760669708, -22.7683753967, 22.8278598785, -21.2012901306, 17.5463829041, -12.5174303055, 7.28261756897, -2.99144673347, 0.332668066025, 0.656988203526, -0.602472782135, 0.287232398987], [10.3099126816, -14.77409935, 15.1286668777, -15.2000188828, 14.4006662369, -12.5174303055, 9.84677028656, -6.84143400192, 4.11888790131, -2.08043956757, 0.86110919714, -0.313609838486, 0.0837238729], [-5.27998495102, 7.47936725616, -7.49616289139, 7.53815126419, -7.49464225769, 7.28261756897, -6.84143400192, 6.01382875443, -4.85397434235, 3.502617836, -2.1625957489, 1.11405241489, -0.409556001425], [1.35423350334, -1.80022120476, 1.57622337341, -1.58719933033, 2.04798650742, -2.99144673347, 4.11888790131, -4.85397434235, 4.9069609642, -4.15919160843, 2.87125992775, -1.58082723618, 0.608404874802], [0.842291891575, -1.35247433186, 1.66553676128, -1.67779171467, 1.03847515583, 0.332668066025, -2.08043956757, 3.502617836, -4.15919160843, 3.86815214157, -2.80464887619, 1.59118938446, -0.63309276104], [-1.38701272011, 2.09680271149, -2.35600662231, 2.37127828598, -1.83044910431, 0.656988203526, 0.86110919714, -2.1625957489, 2.87125992775, -2.80464887619, 2.09999060631, -1.20750629902, 0.490568876266], [0.987638235092, -1.4755396843, 1.62542426586, -1.63113224506, 1.3075274229, -0.602472782135, -0.313609838486, 1.11405241489, -1.58082723618, 1.59118938446, -1.20750629902, 0.714344143867, -0.295363157988], [-0.430538266897, 0.638756871223, -0.696793079376, 0.696208298206, -0.566770672798, 0.287232398987, 0.0837238729, -0.409556001425, 0.608404874802, -0.63309276104, 0.490568876266, -0.295363157988, 0.137871995568]], "mean": [-843.774169922, 261.206787109, 9.58519744873, -67.3506469727, -24.2701358795, -1.44005024433, 3.24609208107, 7.91297483444, -3.44864821434, -9.43678951263, 3.91287875175, 9.27827739716, 1.47347211838], "cov": [[2956.59106445, 2240.50488281, -406.426818848, -530.209838867, 67.0089416504, -143.138046265, -185.190765381, 15.3781518936, -95.6889953613, -111.488700867, 73.7853469849, 62.9868850708, -9.67078971863], [2240.50488281, 1940.11437988, -29.5110874176, -531.312805176, -72.1276321411, 19.7836780548, -119.952590942, -50.0039672852, -23.3089447021, -90.1897735596, -9.56133651733, 82.1362991333, 27.1078281403], [-406.426818848, -29.5110874176, 416.203033447, -13.6992816925, -157.612091064, 140.476791382, 86.290145874, -43.1797943115, 52.4639968872, 6.49479722977, -76.8185119629, 23.8966236115, 41.7777481079], [-530.209838867, -531.312805176, -13.6992816925, 286.412261963, 85.5830612183, -82.58203125, 60.0419960022, 93.0365905762, -18.3783473969, -1.32345271111, 28.1179981232, -21.503080368, -16.990814209], [67.0089416504, -72.1276321411, -157.612091064, 85.5830612183, 165.51651001, -11.9566116333, -50.2718887329, 27.9759922028, 13.7448043823, -6.36114263535, 13.9466314316, -5.04597806931, -16.6500606537], [-143.138046265, 19.7836780548, 140.476791382, -82.58203125, -11.9566116333, 205.477432251, 52.1292953491, -89.6071548462, 39.4345932007, 62.7224960327, -44.2858352661, -33.7716598511, 12.4858179092], [-185.190765381, -119.952590942, 86.290145874, 60.0419960022, -50.2718887329, 52.1292953491, 180.56137085, 70.7019958496, -42.8409233093, 15.4962091446, 33.7678642273, -31.0521793365, -31.0086364746], [15.3781518936, -50.0039672852, -43.1797943115, 93.0365905762, 27.9759922028, -89.6071548462, 70.7019958496, 191.313095093, 17.1185112, -89.2740020752, 29.3719444275, 66.6399307251, -28.5092849731], [-95.6889953613, -23.3089447021, 52.4639968872, -18.3783473969, 13.7448043823, 39.4345932007, -42.8409233093, 17.1185112, 122.740722656, 23.4046726227, -54.4126968384, 32.6885986328, 47.8211174011], [-111.488700867, -90.1897735596, 6.49479722977, -1.32345271111, -6.36114263535, 62.7224960327, 15.4962091446, -89.2740020752, 23.4046726227, 165.82850647, 36.7084693909, -87.6258468628, 17.6293945312], [73.7853469849, -9.56133651733, -76.8185119629, 28.1179981232, 13.9466314316, -44.2858352661, 33.7678642273, 29.3719444275, -54.4126968384, 36.7084693909, 130.209747314, 21.9777545929, -46.7192001343], [62.9868850708, 82.1362991333, 23.8966236115, -21.503080368, -5.04597806931, -33.7716598511, -31.0521793365, 66.6399307251, 32.6885986328, -87.6258468628, 21.9777545929, 166.36517334, 43.5266418457], [-9.67078971863, 27.1078281403, 41.7777481079, -16.990814209, -16.6500606537, 12.4858179092, -31.0086364746, -28.5092849731, 47.8211174011, 17.6293945312, -46.7192001343, 43.5266418457, 117.494087219]]}, "spectral_decrease": {"dmean": 1.01228114779e-09, "dvar2": 4.13836392509e-18, "mean": -4.27927648872e-09, "var": 2.47781439638e-17, "dmean2": 1.33214905773e-09, "dvar": 2.88667815128e-18, "min": -6.26478424692e-08, "median": -2.9905184995e-09, "max": 2.1958160765e-19}, "zerocrossingrate": {"dmean": 0.00255430163816, "dvar2": 1.7230739104e-05, "mean": 0.0400739647448, "var": 0.00258130673319, "dmean2": 0.00326591171324, "dvar": 1.21149878396e-05, "min": 0.00390625, "median": 0.03466796875, "max": 0.53173828125}, "spectral_contrast_coeffs": {"dmean": [0.0362001098692, 0.0376238115132, 0.034634757787, 0.0381117016077, 0.0485722273588, 0.0314140059054], "dvar2": [0.00225772033446, 0.00236161286011, 0.00199685594998, 0.0025256939698, 0.00415965495631, 0.00232134875841], "mean": [-0.70325422287, -0.708730459213, -0.718361616135, -0.597745120525, -0.673791408539, -0.92232388258], "var": [0.00574826449156, 0.00770852807909, 0.00367414066568, 0.00796480383724, 0.00862722657621, 0.00105006189551], "dmean2": [0.0597140230238, 0.0583618357778, 0.056795347482, 0.0585341528058, 0.0794763043523, 0.0564017817378], "dvar": [0.000804998562671, 0.00094509072369, 0.000751911604311, 0.00106872501783, 0.00158861535601, 0.000802530325018], "min": [-0.983256876469, -0.985896885395, -0.983876943588, -0.971675217152, -0.967386066914, -0.966301620007], "median": [-0.710181355476, -0.716561973095, -0.715729176998, -0.597752213478, -0.665201544762, -0.931973695755], "max": [-0.406826794147, -0.350860178471, -0.471170037985, -0.282091081142, -0.356202244759, -0.757955431938]}, "spectral_skewness": {"dmean": 2.67672538757, "dvar2": 18.3175468445, "mean": 10.6904029846, "var": 12.4358959198, "dmean2": 4.68748903275, "dvar": 6.51593208313, "min": -0.0692254602909, "median": 11.6073646545, "max": 18.9332351685}, "spectral_energyband_middle_high": {"dmean": 0.00220217625611, "dvar2": 1.98656034627e-05, "mean": 0.0059585631825, "var": 3.33379211952e-05, "dmean2": 0.00334553141147, "dvar": 9.83791869658e-06, "min": 1.16034678936e-21, "median": 0.00460521876812, "max": 0.110187895596}, "gfcc": {"icov": [[0.000467724254122, -0.000870737771038, 0.00147281284444, -0.000922574428841, 0.00173180771526, -0.000344411644619, -0.000274863908999, 0.00168629258405, -0.00252901762724, 0.00234279222786, -0.00273106480017, 0.00117503898218, -0.000605514913332], [-0.000870737771038, 0.00368115049787, -0.00249044364318, 0.00374444923364, -0.00405084062368, 0.000578622100875, -0.000756643537898, -0.00154643610585, 0.00162038998678, 0.000839776650537, 0.000749572413042, 0.00105465436354, -0.00110996107105], [0.00147281284444, -0.00249044364318, 0.00848790816963, -0.00739811221138, 0.0115312468261, -0.00447391392663, -0.00302489940077, 0.0107739418745, -0.0166592877358, 0.0166426468641, -0.0156827475876, 0.00656290492043, -0.00343107897788], [-0.000922574428841, 0.00374444923364, -0.00739811221138, 0.0237986315042, -0.0272401701659, 0.0137940254062, -0.00500430818647, -0.0154213914648, 0.0344805493951, -0.0391700342298, 0.0357807353139, -0.0202922709286, 0.00605089776218], [0.00173180771526, -0.00405084062368, 0.0115312468261, -0.0272401701659, 0.0409871861339, -0.02046187222, 0.00825164467096, 0.0161608159542, -0.0466752126813, 0.0564480312169, -0.0534019134939, 0.032727226615, -0.0123485736549], [-0.000344411644619, 0.000578622100875, -0.00447391392663, 0.0137940254062, -0.02046187222, 0.0288114883006, -0.025627180934, 0.0124623300508, 0.0127018531784, -0.0298806708306, 0.0362910889089, -0.0260624606162, 0.0140636721626], [-0.000274863908999, -0.000756643537898, -0.00302489940077, -0.00500430818647, 0.00825164467096, -0.025627180934, 0.0446000210941, -0.0351430848241, 0.0160028766841, 0.0028324846644, -0.0166430436075, 0.0185000579804, -0.01225839369], [0.00168629258405, -0.00154643610585, 0.0107739418745, -0.0154213914648, 0.0161608159542, 0.0124623300508, -0.0351430848241, 0.0587061457336, -0.0539617724717, 0.0445110313594, -0.029565539211, 0.00751539133489, 0.00558648305014], [-0.00252901762724, 0.00162038998678, -0.0166592877358, 0.0344805493951, -0.0466752126813, 0.0127018531784, 0.0160028766841, -0.0539617724717, 0.0957796946168, -0.100982688367, 0.0846357345581, -0.0503030046821, 0.0153403943405], [0.00234279222786, 0.000839776650537, 0.0166426468641, -0.0391700342298, 0.0564480312169, -0.0298806708306, 0.0028324846644, 0.0445110313594, -0.100982688367, 0.131648719311, -0.113885223866, 0.0760431587696, -0.0331565439701], [-0.00273106480017, 0.000749572413042, -0.0156827475876, 0.0357807353139, -0.0534019134939, 0.0362910889089, -0.0166430436075, -0.029565539211, 0.0846357345581, -0.113885223866, 0.117428950965, -0.0748876184225, 0.0351386778057], [0.00117503898218, 0.00105465436354, 0.00656290492043, -0.0202922709286, 0.032727226615, -0.0260624606162, 0.0185000579804, 0.00751539133489, -0.0503030046821, 0.0760431587696, -0.0748876184225, 0.0643088668585, -0.0305457301438], [-0.000605514913332, -0.00110996107105, -0.00343107897788, 0.00605089776218, -0.0123485736549, 0.0140636721626, -0.01225839369, 0.00558648305014, 0.0153403943405, -0.0331565439701, 0.0351386778057, -0.0305457301438, 0.0295658130199]], "mean": [-252.070159912, 264.14364624, -118.238273621, -108.755981445, -24.0121917725, 0.275366395712, -15.7448034286, -1.89994621277, -4.16624975204, -20.0865955353, 8.82015323639, 2.60118508339, -9.54709339142], "cov": [[14455.8515625, 3365.14111328, -1792.0090332, -1296.91955566, 5.75567340851, -403.379364014, -349.595031738, -38.2245941162, 183.048400879, -125.597160339, 325.1640625, 44.2154464722, -40.1847724915], [3365.14111328, 1449.77709961, -141.57434082, -523.806152344, 12.3928756714, 65.1583786011, -51.6573867798, -50.891960144, 81.9634628296, -108.32849884, 35.3801383972, 47.4692649841, 19.4800777435], [-1792.0090332, -141.57434082, 658.109069824, -26.1436538696, -102.80316925, 228.456787109, 51.3600196838, -106.397705078, 50.4326858521, 44.8846664429, -69.0947341919, 49.3399658203, 86.7603149414], [-1296.91955566, -523.806152344, -26.1436538696, 483.93258667, 146.303970337, -117.332771301, 98.719833374, 125.725860596, -110.625358582, -0.883768260479, 35.9714622498, -41.8284759521, -43.7673454285], [5.75567340851, 12.3928756714, -102.80316925, 146.303970337, 187.313903809, -17.3770580292, 15.542506218, 60.2156639099, 7.99278783798, -25.3164043427, 21.9134712219, -8.86806774139, -27.4671058655], [-403.379364014, 65.1583786011, 228.456787109, -117.332771301, -17.3770580292, 284.514129639, 32.504032135, -115.485649109, 68.1317825317, 46.3792877197, -83.1137466431, 2.01953959465, 54.9420928955], [-349.595031738, -51.6573867798, 51.3600196838, 98.719833374, 15.542506218, 32.504032135, 149.264526367, 76.9975967407, -67.4804382324, -14.6684541702, 37.3165969849, -20.8654651642, -32.3188247681], [-38.2245941162, -50.891960144, -106.397705078, 125.725860596, 60.2156639099, -115.485649109, 76.9975967407, 177.275222778, -18.3555030823, -47.293510437, 60.8012275696, 13.8460597992, -63.7303924561], [183.048400879, 81.9634628296, 50.4326858521, -110.625358582, 7.99278783798, 68.1317825317, -67.4804382324, -18.3555030823, 188.094680786, 83.5409927368, -41.6458282471, 25.8946533203, 54.0803031921], [-125.597160339, -108.32849884, 44.8846664429, -0.883768260479, -25.3164043427, 46.3792877197, -14.6684541702, -47.293510437, 83.5409927368, 148.32170105, 14.474193573, -33.4537200928, 40.1943359375], [325.1640625, 35.3801383972, -69.0947341919, 35.9714622498, 21.9134712219, -83.1137466431, 37.3165969849, 60.8012275696, -41.6458282471, 14.474193573, 123.349937439, 25.5295391083, -37.1058158875], [44.2154464722, 47.4692649841, 49.3399658203, -41.8284759521, -8.86806774139, 2.01953959465, -20.8654651642, 13.8460597992, 25.8946533203, -33.4537200928, 25.5295391083, 111.667549133, 35.116973877], [-40.1847724915, 19.4800777435, 86.7603149414, -43.7673454285, -27.4671058655, 54.9420928955, -32.3188247681, -63.7303924561, 54.0803031921, 40.1943359375, -37.1058158875, 35.116973877, 111.189323425]]}, "erbbands_spread": {"dmean": 1.33936429024, "dvar2": 3.70354652405, "mean": 6.97423362732, "var": 18.7145175934, "dmean2": 2.06767272949, "dvar": 1.54832088947, "min": 0.817774534225, "median": 6.13013935089, "max": 63.2549858093}, "erbbands_kurtosis": {"dmean": 1.08047235012, "dvar2": 4.91850996017, "mean": 0.917830407619, "var": 5.50488138199, "dmean2": 1.68246746063, "dvar": 2.13945221901, "min": -1.80784928799, "median": 0.365182638168, "max": 40.5937576294}, "dynamic_complexity": 3.88783144951, "erbbands_crest": {"dmean": 2.87082576752, "dvar2": 14.845867157, "mean": 12.5131139755, "var": 19.6087741852, "dmean2": 4.61735200882, "dvar": 6.20533418655, "min": 2.68424415588, "median": 11.5656738281, "max": 33.027217865}, "erbbands": {"dmean": [0.00273177423514, 0.024810180068, 0.0423193387687, 0.088091313839, 0.303904116154, 0.566945374012, 2.11230111122, 4.60746335983, 22.7518539429, 19.9977798462, 21.8201789856, 18.856344223, 23.550775528, 41.9901313782, 28.3033409119, 29.6979179382, 21.0602321625, 6.69138336182, 5.44238805771, 0.773564040661, 0.157683491707, 0.163390472531, 0.20948420465, 0.062207672745, 0.0235156342387, 0.00303251692094, 0.000223250579438, 6.66487540002e-05, 5.94945231569e-05, 7.62402924011e-05, 3.26258268615e-05, 1.83649190149e-05, 1.56811474881e-05, 1.25338519865e-05, 6.35092737866e-06, 3.84709665013e-06, 2.15712566387e-06, 6.50046160899e-07, 2.06942149816e-06, 4.7137546062e-06], "dvar2": [0.000108178588562, 0.00573333119974, 0.00917674787343, 0.0400770828128, 0.564792454243, 3.0994284153, 55.0757369995, 385.993774414, 6609.50585938, 4398.83007812, 3883.87402344, 3493.96728516, 2701.60229492, 8659.7109375, 3539.79882812, 5627.57617188, 16621.0625, 4362.74804688, 3088.36499023, 60.8880462646, 2.30163216591, 3.45173239708, 3.33583259583, 0.369336545467, 0.112462349236, 0.00308209634386, 3.18627571687e-05, 2.42454802901e-06, 2.90525599667e-06, 5.06051492266e-07, 1.15452898797e-07, 1.10221201055e-08, 9.22298504236e-09, 5.30488941664e-09, 1.38223077428e-09, 2.79278766779e-10, 4.14521333925e-11, 3.13546042428e-12, 1.67294390147e-11, 8.81591535884e-11], "mean": [0.00743296928704, 0.0576307214797, 0.0982959121466, 0.241973221302, 0.672849953175, 1.62567317486, 6.51180505753, 14.7624607086, 70.3129043579, 53.4917945862, 46.1067237854, 36.6473655701, 51.4197006226, 82.7434234619, 52.2234954834, 51.544921875, 33.5688705444, 13.0052251816, 9.93544197083, 1.3978985548, 0.254545390606, 0.227612063289, 0.334517627954, 0.082496739924, 0.0298844911158, 0.0031127166003, 0.000232017380768, 8.48534691613e-05, 8.17479667603e-05, 0.000138297560625, 6.92206958774e-05, 3.12975753332e-05, 3.36714329023e-05, 2.71346580121e-05, 1.62337601068e-05, 1.18175803436e-05, 7.26463531464e-06, 1.93027563e-06, 8.67673225002e-06, 1.97528406716e-05], "var": [0.000178250906174, 0.00462985085323, 0.00986524857581, 0.0775672420859, 0.754269003868, 6.76274347305, 178.333953857, 954.05847168, 50017.171875, 21414.9707031, 4204.24023438, 2565.14624023, 3622.1105957, 11145.5517578, 3074.13330078, 4882.72265625, 17966.8339844, 7769.85058594, 4235.66894531, 74.4124221802, 1.61645710468, 1.4388679266, 1.94551634789, 0.19560828805, 0.0518639050424, 0.000936955621, 6.6136035457e-06, 4.36361602851e-07, 5.17901469266e-07, 4.16165022443e-07, 2.47240681261e-08, 3.44957173937e-09, 3.26843352383e-09, 3.10574921336e-09, 5.98673999264e-10, 2.28067106867e-10, 7.54275808479e-11, 4.47316359301e-12, 9.49750417201e-11, 5.04640496057e-10], "dmean2": [0.00470111612231, 0.0417852662504, 0.067610502243, 0.132103145123, 0.487456649542, 0.876097679138, 2.89354109764, 6.03261709213, 24.6737804413, 25.2282142639, 29.7681865692, 26.5382785797, 35.9092750549, 63.3846511841, 45.6001281738, 49.2474861145, 31.6006164551, 9.3014383316, 7.5302567482, 1.09148967266, 0.241743206978, 0.261557519436, 0.325477093458, 0.0975225195289, 0.037847224623, 0.00517707457766, 0.000395487993956, 0.000120080672787, 0.00010457263852, 0.000117522882647, 5.5916076235e-05, 3.28416754201e-05, 2.6730927857e-05, 2.06171716854e-05, 1.06990937638e-05, 6.19776665189e-06, 3.30872376253e-06, 1.04810465018e-06, 2.74764192909e-06, 6.25432994639e-06], "dvar": [3.11151634378e-05, 0.00167644489557, 0.00307381735183, 0.0151709495112, 0.200071528554, 1.20237267017, 26.9320278168, 181.398284912, 6055.86865234, 3020.67138672, 1752.19348145, 1510.44885254, 1238.23815918, 4127.61816406, 1462.63269043, 2309.93212891, 9479.07226562, 2498.46728516, 1705.29211426, 31.966753006, 1.09381687641, 1.33906543255, 1.31940507889, 0.155023723841, 0.0429518930614, 0.0011496883817, 1.10314367703e-05, 8.14880536382e-07, 9.749290939e-07, 2.28366303645e-07, 3.91326047122e-08, 3.728832354e-09, 3.21861381991e-09, 2.06455075258e-09, 4.83095008441e-10, 1.03242921157e-10, 1.86641500866e-11, 1.21668885904e-12, 1.13792525749e-11, 6.00990229804e-11], "min": [2.13466691809e-23, 3.1216722962e-22, 9.78008798147e-22, 5.27812114694e-21, 8.0674957454e-21, 1.36880054464e-20, 4.85225278235e-20, 6.95862976124e-20, 8.05196284446e-20, 2.40552471485e-19, 1.59234361717e-19, 1.9361026899e-19, 4.73119289637e-19, 6.69544234532e-19, 7.57117432393e-19, 1.18834276404e-18, 1.11006438793e-18, 1.8785743204e-18, 2.57635741537e-18, 3.33278720218e-18, 3.11417680797e-18, 4.42369615507e-18, 4.62663002911e-18, 5.56161088705e-18, 5.79394400083e-18, 6.2513008469e-18, 8.95432856538e-18, 9.30060125905e-18, 1.083903643e-17, 1.09977690809e-17, 9.90971472825e-18, 8.73036776017e-18, 8.72341944302e-18, 9.18434929576e-18, 6.34461757335e-18, 4.57061708034e-18, 2.11375396947e-18, 9.73204667243e-19, 2.37406832862e-19, 2.67847496226e-20], "median": [0.00319408858195, 0.0343285650015, 0.0674774497747, 0.150822356343, 0.392400681973, 0.733123481274, 1.57333183289, 4.814909935, 10.1071090698, 15.9539661407, 26.2734565735, 21.1175060272, 34.3564071655, 52.7316055298, 35.8802833557, 29.4033279419, 11.8841075897, 1.71844613552, 0.61539465189, 0.167855262756, 0.066277295351, 0.0748974084854, 0.0508056730032, 0.00373057788238, 0.000403569370974, 0.000104918668512, 4.89263184136e-05, 3.74043265765e-05, 3.49126712536e-05, 4.60465598735e-05, 4.93540792377e-05, 1.84937380254e-05, 2.15313266381e-05, 1.47830614878e-05, 1.08134909169e-05, 8.12875350675e-06, 4.99411180499e-06, 1.37918812015e-06, 6.17352088739e-06, 1.39730582305e-05], "max": [0.213938981295, 0.759987175465, 1.03907740116, 3.2798845768, 12.2199373245, 37.1168785095, 152.380813599, 825.004760742, 3385.5324707, 3135.38598633, 2504.57641602, 2309.8840332, 1219.59570312, 1956.77111816, 770.442016602, 1491.96801758, 5524.11083984, 2516.44287109, 2932.49487305, 415.166137695, 66.2285995483, 76.0425796509, 72.251411438, 25.043132782, 10.5496091843, 1.57255470753, 0.251011043787, 0.0760354623199, 0.0832816064358, 0.0282869748771, 0.0164927989244, 0.00430206768215, 0.0042523141019, 0.00291726388969, 0.00169189483859, 0.000718559196685, 0.000194245178136, 2.67356626864e-05, 0.000120596640045, 0.000278079038253]}, "silence_rate_30dB": {"dmean": 0.00664639752358, "dvar2": 0.0143948867917, "mean": 0.989818990231, "var": 0.01008008793, "dmean2": 0.0132937347516, "dvar": 0.00660367542878, "min": 0, "median": 1, "max": 1}, "silence_rate_60dB": {"dmean": 0.0195149537176, "dvar2": 0.0452896952629, "mean": 0.136595025659, "var": 0.117949612439, "dmean2": 0.0390326678753, "dvar": 0.019133830443, "min": 0, "median": 0, "max": 1}, "spectral_energyband_middle_low": {"dmean": 0.00298608350568, "dvar2": 4.93778934469e-05, "mean": 0.0111108459532, "var": 0.000291009084322, "dmean2": 0.00367947947234, "dvar": 3.66301101167e-05, "min": 1.39191931884e-22, "median": 0.00609395140782, "max": 0.236037582159}, "spectral_spread": {"dmean": 247653.671875, "dvar2": 1072631513090.0, "mean": 944066, "var": 15937248952300.0, "dmean2": 445242.3125, "dvar": 495055994880, "min": 129100.984375, "median": 467403.375, "max": 50436756}, "barkbands": {"dmean": [5.33974343853e-06, 0.000102597114164, 3.70734996977e-05, 4.48854589195e-05, 0.000175507593667, 0.00047327298671, 0.00177093211096, 0.000914295029361, 0.000787741679233, 0.0013295362005, 0.000826618634164, 0.000805729301646, 0.000383104284992, 0.000117797470011, 7.42631309549e-05, 2.57296142081e-06, 4.00593535232e-06, 2.86408180727e-06, 5.85787006457e-07, 5.90569513292e-08, 1.68587910299e-09, 2.28490715237e-09, 1.06936792754e-09, 8.02680366618e-10, 9.18865594723e-10, 7.064783758e-10, 7.11406267229e-10], "dvar2": [1.01745956105e-09, 1.09030729334e-07, 5.34905453264e-09, 1.27897781255e-08, 3.036014391e-07, 3.73158377442e-06, 3.32741765305e-05, 4.52644962934e-06, 6.77658681525e-06, 8.25609913591e-06, 3.31069736603e-06, 3.38229983754e-06, 6.23569667368e-06, 1.74972478817e-06, 8.70376481998e-07, 1.43820155785e-09, 2.71776690042e-09, 4.53316328919e-10, 7.20109250008e-11, 1.67469152695e-12, 5.95767484418e-15, 1.62100369121e-15, 8.26673054529e-17, 2.24083492638e-17, 3.10121757611e-17, 8.9772050724e-18, 6.83525272265e-18], "mean": [8.3311160779e-06, 0.000258993211901, 8.22714791866e-05, 0.000100156845292, 0.000519172404893, 0.00151650910266, 0.005273650866, 0.00182975537609, 0.00144705036655, 0.00267329625785, 0.00122595566791, 0.00131301197689, 0.