{"metadata": {"version": {"essentia_git_sha": "v2.1_beta2-1-ge3940c0", "essentia_build_sha": "2d9f1f26377add8aeb1075a9c2973f962c4f09fd", "extractor": "music 1.0", "essentia": "2.1-beta2"}, "audio_properties": {"analysis_sample_rate": 44100, "md5_encoded": "01b2b6af2dfe14a63404ba6c7b28593e", "downmix": "mix", "sample_rate": 44100, "equal_loudness": 0, "lossless": false, "codec": "mp3", "bit_rate": 192000, "length": 202.893066406, "replay_gain": -5.95652580261}, "tags": {"album": ["Tal Bachman"], "title": ["Romanticide"], "language": ["eng"], "file_name": "Tal Bachman - Romanticide.mp3", "genre": ["Rock"], "artist": ["Tal Bachman"], "musicbrainz_artistid": ["f8364fea-e139-4e9b-9f95-2081dc7a91b6"], "musicip_puid": ["08342cd4-d036-8fc9-0633-d82e63507126"], "date": ["1999"], "tracknumber": ["09"], "bpm": ["189.54"], "acoustid_fingerprint": ["AQADtEnCZEkSRSGhJRKma0ljfPqARs2Iksyh7viPUydyXQjTTYauHNNx3Dl0cghZF1R8Gl_x_Lg-PMTp4-B1hOk16Ee-RMIfH40m_PjxHE8vHNzGDPU25Ifmxof5AWEyxhKOf2B2_Eb-w0dLqKdwsejh4Ay-6fAh5U2FsgwafEcz1mjx5rjQH09hlBPq4znCK5lwNPpRJluKE8_h97h8PMHJUGj3o0v5ED_itkGfRYeU7MfxQ1eCR8jx45-Fi6Fw1vjRHH2GXNJx4kfP1DCXcYOUe_jxHu3CEvmO3njAiYky1CL4DyGXXDmeGV_hCHKJN0l-5PrxH6-Kn8Ff_D8YsmgUPS7OBLs0fM6N0uLxM8IT-PmKG2GGRzn05ZhE5Qij6gquPcGbRBTu4DyeIUuuo6Jz6EUXRkmHb9IKHz-Ha_hx2E2NdsF3THyCKeEiynhe4SeOH_QLPUfz5SjlHe-xq8OnQKt25Nvx8PBvbL_QaziP-2gq6QhH6bh0VBLEZxa-NqBy_OgYBvWO70N6E3-iEY-RK4uOasL741uY4BThHfqOM-Pxr0K-XHijo8c5Fhf8ox-DbwQ5JStuLRFOCmEeBdqPPAvK-fDpgvFD3GoQfjoUnVuM_MSHb3PQu2g6HtdxIQ8paVBXxQh5uLrRJ8eN6UefG3_wDz04cUWWNcGHv8iPvodDSQOzJRF-_Mcf5NchPSrBnwmao9_xRDl05XiiL7iWnPipHJp-9EqQPcVR9miiXIqwXg2qh_iiC1eOH82QK3kIjeSWI0yOJy8-4ZQaVMvh8Zh43GjjOPBzpFQO6foQSsuSKcGXDg-ew8QlZVbwMMpC3CJyZgYfNHWO8NqxE_nxbCpUKlfQiD8qNlHxBXjg9YL-KdhxNEe_RDhzKbiCiz6ehNDR8Cip41dwHz86F1LIIj8u7bjWDO-C6CbKZzzMo5KOh86QO8WJH-WPpslx-diP5EUo7miSRCEV4c5x6gPzLPAThCR2ZSJymcJf_IeFqOYz3DfO4hGhpSPKQ19wHk9zcDgHHZFs4_pw7eiUCReP5kL4B3qeHtGPm8e9BE0UPQj_DIme4sOHK8_QH86D7mJwR8cDhl02mFEmXCkeRkKkQ1_CCOHzxWh2PEmOSw_CQ8tJ_FGKPwmuC-WhIz5-XDoeHu5-xA9u6MdJhFOyHZcxOkMPPwd1OciTXWieE7q-YPdhKh8uRdrRPFkFTW8QHd0sVH2KX6CPMw--HXkPXUeeFs0XTA9x1RmuJGiq6wjlLPhh-Tge3bgUHWGOPviH63iO6Uh1QTyPHsFuNC164fjU4sePT6hf_EH-GNt1aB-eTrig90Jz9LmQCyWcIssnfOmgazoaTkfpEd_RdIEiGY1yFWGXZRMuiY-K6KRwXSilIwxlnGC5GleCN4V7jDpXNGrRvsGsM_hbeMKDPxdO5eiXCOnnDdc36E_BjD_yo2QJ-nilHH-OWwrqGw-ySpmJ5wl8qEQeBU_iHqeEvkL_BL-GSgn8H12PW5irHKuK6yTCHz5z_OC3dBCpcKjNorl2tOSOi4vRvXD14EyyDVoe_Gh2SOmDUr0qNGeO_yl62fCngHo03HgH_4KUF0cYJ0O1KTKe8XjB58ePL0-Qn4Z2Y0pF4tAnBaEVBfZ0uM_Q4-My4cqxB-fWo-GD0IReBfmOptxR9cG1xcN1g1ke5DpsF1fGBaKSZ0ZpHaeJylFyuCd06oKpP3B0dIeqZsjHoYe_HCeabMvxPLgcCb0Q5jiutZDI41_QRsFPeFJy8GGCw68GP3uhPiH4iMgx8VFw5UMzZkbP4Dn8GHcunAlJIqR-JAuPd8ExPT1O45KO8gYd3G7w-EKlwj_aH30GhwI_WEqP6sNv5DqDi_EFmQ0T1DbEHGeEt8cVXhm6SCf-aNAn5DmOPuVB_UqKF46eFdMUJR_O5WiuTCh-hHlyI9kmS6g-oaESBl8s_EdveCeLiR8uNUIb5TCTGr-QSGOGUL6EL3uEU9EsXMOPhjtKOWESodeFnjmOB0w6Ho-Mz0UyKR_yRkcjbtpQ0SQe7dhxwpOQK2GD-9BEE42eCP9xiSKDnUQoPYET7jhH1Bu-g0_wD_GPRoUuenix7sGVE76OU0IfVD-sHT2dQK2ODz9K5wjTLccV7DqOWBJTtEquoEkiHzqeI3zA5LiGR6GPnMHdIwWPU8nGDHluPC5eNPkGrfgV5MZZoT8qX3gZo3J-_OiTHPl0lNYhLi_yfEGVksJVGv9xEmk3a9CjPAjjDIeXolJL4vnRPGOM6cmj47iOOkfDBXfwCeFZaAmVXAm-iFrwJMqP8PCXDKtDhLxw5bgkBU3cT4h0PEQz1NFx8kd_NLFO5Dh05Qzx5BcRiWtwHtR1_MNjRNCoXRLy6Hhm-B-eHcm5EWF-TN6DNweXKVdwE-UPM4Ob6UL5I7lS5GmJv_A1Yi-uREe5G41-9MuOMCd-Bz-epEJIynDo44dPdJpYhPoO8Q1C_QPeoj-a1_gxTVPRxKFxofkRvtAr_Kh-XBR-Qy7S6eiJ_zjxZPjx6niRC6_RF82hGvnxiHLQR7qxxeTR54geXlCrBWFO2CEqbmnw5JjyHO0ynEdow25m6PlR-QiP5il-HSWvwZ82vMZxF6cypMpJxGZI-Oi1FLGe41GKhzvGx-h1aNmPTzueUsTVGZYe_Bb-oxGTH4x1Icfjkbgc9MJv-AcgDJJIMCKQYQYzRBChAFBDGAMKQSCQAoAYoRQjiggHBIKPAAOBAYYhzQQBAgmhkCEKOEUgcYQhQJhwRAFAgSAKGUUIZI4BhgQyYhihoBPKKiEAUJAQAJgBADggCFEMGSMAEIAIAQRAAAFADQBKMAQAIpgQRiwQwQgAuKIAEKIogtAYQQgBCikjKBEEEEYEUMwwAgxIABlDCBAGECIQUIISJIACRAAAhRBAAcAAcUABgQygRgAClQPIAIqYEsACCAQghBkGgCAEGCiMAQBIpRhBhBBABAFICaMQgQYhJpEgAliGGGHCUUAUIogJAhRSRAEkhCQACEcAAQQhQYBHBEElHACUOQUBYUAIIJ0yBBrgGCIKIoIUAYIIghRwCBADlBBEAkIlUwADxZUAgAgDlGBIMGcQEQYhQDxhAgkBjSQEAQAIFExI4xwSChBChFKEESEYMgAwYAQhhAAGEVGeIAUMQkJJDIAA1ECkDDFEMSOEI0IAoxBggjAECTBOAEEUJQIgJQBwABrGHADGAoyQ0gIYJYwASBgijAEEAeOAMAQQ4BRRpgFEGFCECCAIdEApAgiBABgCLALIOQUAEAAYgRAgQgAGACOAWGCMEcALCETgwAFhABXAEMGEIQgABhAwCEBCMIBOKEUM4IQByZgRCABgjGgGCQeMAEAAQ7hADDlAAAFIKCGAMMQIQAyDABAEjBGGCACEEoAwQggghiEGFLHMWGKEAIwgAohAiBElmQCMGUiIEA4BAJggDFjmAECWKWEcUEZAQZChRCgBKSDaGQMIARYZAqAQCiDjCSFQGIAUAApBowRAABEFECAACQAYEoBaIYggRAEFHAVKACAIEkIJAgQQQAAolQNCMQKUIwgiAABTQgDDFBNOAqEgIQAAqCQDJChAEAHCEOAQMkAIKgCxBgIBAGOMAAOIUQIhJAQwQgEBmEOMGEQApggIgQTjCghmBDACGEkIAIghRwgyhgCghLDICAM"], "musicbrainz album type": ["Album"], "musicbrainz album release country": ["United States"], "musicbrainz_albumid": ["3e3aa402-f384-4043-9da4-a74808e3a212"], "musicbrainz_recordingid": ["ada89379-101b-4608-a0b0-b6f0c87c3e46"], "acoustid_id": ["9f4e5139-e05f-409b-8b64-fb42cc7906ae"], "musicbrainz_albumartistid": ["f8364fea-e139-4e9b-9f95-2081dc7a91b6"]}}, "rhythm": {"beats_loudness": {"var": 0.000237435218878, "mean": 0.0379865244031, "dmean2": 0.020591262728, "dvar": 0.000100424134871, "dmean": 0.0124709587544, "max": 0.0933525934815, "min": 5.58843794352e-07, "median": 0.0369927063584, "dvar2": 0.000300997140585}, "beats_position": [0.66176867485, 1.34675729275, 2.02013611794, 2.70512461662, 3.35528349876, 3.99383211136, 4.63238096237, 5.27092981339, 5.89786815643, 6.52480697632, 7.16335582733, 7.80190467834, 8.44045352936, 9.07900238037, 9.70594120026, 10.3328800201, 10.95981884, 11.5867567062, 12.2136955261, 12.8522443771, 13.4907932281, 14.117732048, 14.756280899, 15.3948297501, 16.0217685699, 16.6603164673, 17.298866272, 17.9374141693, 18.575963974, 19.2029018402, 19.8298416138, 20.4683895111, 21.1069393158, 21.7454872131, 22.3840351105, 23.010974884, 23.6379127502, 24.2764625549, 24.9150104523, 25.5419502258, 26.1572780609, 26.7958278656, 27.4227657318, 28.0613155365, 28.6998634338, 29.3384113312, 29.9769611359, 30.6155090332, 31.2540588379, 31.8809967041, 32.5195465088, 33.1580963135, 33.7850341797, 34.4119720459, 35.0389099121, 35.6774597168, 36.3160095215, 36.9545555115, 37.5931053162, 38.2432632446, 38.8702049255, 39.4971427917, 40.124080658, 40.7510185242, 41.3779602051, 42.0048980713, 42.6318359375, 43.2587738037, 43.8973236084, 44.5358734131, 45.1628112793, 45.7897491455, 46.439907074, 47.0668487549, 47.6937866211, 48.3323364258, 48.9708824158, 49.5978240967, 50.2247619629, 50.8516998291, 51.5018577576, 52.1287956238, 52.7789573669, 53.4058952332, 54.0328330994, 54.6713829041, 55.3099327087, 55.9484786987, 56.5870285034, 57.2139663696, 57.8409042358, 58.4678459167, 59.094783783, 59.7333335876, 60.3718795776, 61.0104293823, 61.648979187, 62.2759170532, 62.9028549194, 63.5414047241, 64.1799545288, 64.806892395, 65.4454421997, 66.0839920044, 66.7109298706, 67.3494796753, 67.98802948, 68.6265716553, 69.26512146, 69.9036712646, 70.5422210693, 71.1691589355, 71.7960968018, 72.4346466064, 73.0731964111, 73.7001342773, 74.3270721436, 74.9656219482, 75.6041717529, 76.2311096191, 76.8580474854, 77.4849853516, 78.1235351563, 78.7620849609, 79.3890228271, 80.0275726318, 80.6661224365, 81.2930603027, 81.9199981689, 82.5469360352, 83.1738739014, 83.8008117676, 84.4393615723, 85.0662994385, 85.7048492432, 86.3433990479, 86.9819488525, 87.6204986572, 88.2590484619, 88.8975982666, 89.5361404419, 90.1630859375, 90.7900238037, 91.428565979, 92.0671157837, 92.6940536499, 93.3209991455, 93.9479370117, 94.5980911255, 95.2250289917, 95.8519744873, 96.4905166626, 97.1290664673, 97.7560043335, 98.3829498291, 99.0214920044, 99.6600418091, 100.286979675, 100.913917542, 101.540863037, 102.179405212, 102.806350708, 103.444892883, 104.083442688, 104.721992493, 105.360542297, 105.999092102, 106.649246216, 107.276191711, 107.903129578, 108.541679382, 109.180221558, 109.807167053, 110.434104919, 111.061042786, 111.687980652, 112.338134766, 112.965080261, 113.592018127, 114.218955994, 114.857505798, 115.496055603, 116.122993469, 116.761543274, 117.400085449, 118.027030945, 118.653968811, 119.280906677, 119.931060791, 120.557998657, 121.184944153, 121.823486328, 122.450431824, 123.088973999, 123.727523804, 124.366073608, 124.993011475, 125.619949341, 126.246894836, 126.885437012, 127.523986816, 128.162536621, 128.812698364, 129.451248169, 130.089797974, 130.71673584, 131.355285645, 131.993835449, 132.632385254, 133.25932312, 133.886260986, 134.524810791, 135.163360596, 135.790298462, 136.417236328, 137.044174194, 137.671112061, 138.309661865, 138.94821167, 139.575149536, 140.213699341, 140.852249146, 141.490783691, 142.129333496, 142.756271362, 143.383224487, 144.010162354, 144.648712158, 145.287246704, 145.925796509, 146.552734375, 147.19128418, 147.818222046, 148.445159912, 149.083709717, 149.722259521, 150.349197388, 150.976135254, 151.614685059, 152.241622925, 152.880172729, 153.507110596, 154.1456604, 154.772598267, 155.411148071, 156.038085938, 156.688247681, 157.315185547, 157.942123413, 158.569061279, 159.195999146, 159.83454895, 160.473098755, 161.11164856, 161.750198364, 162.37713623, 163.015686035, 163.65423584, 164.281173706, 164.908111572, 165.558273315, 166.185211182, 166.823760986, 167.462310791, 168.089248657, 168.727798462, 169.366348267, 169.993286133, 170.620223999, 171.258773804, 171.897323608, 172.535873413, 173.174423218, 173.801361084, 174.42829895, 175.055236816, 175.70539856, 176.332336426, 176.959274292, 177.586212158, 178.224761963, 178.863311768, 179.490249634, 180.128799438, 180.767349243, 181.394287109, 182.032836914, 182.671386719, 183.298324585, 183.925262451, 184.552200317, 185.190750122, 185.829299927, 186.456237793, 187.094787598, 187.733337402, 188.360275269, 188.998809814, 189.637359619, 190.264297485, 190.90284729, 191.541397095, 192.168334961, 192.806884766, 193.433822632, 194.072372437, 194.745758057, 195.419128418, 196.092514038, 196.742675781, 197.392837524, 198.042984009, 198.70475769, 199.38973999, 200.074737549, 200.759719849, 201.444717407, 202.129699707], "bpm_histogram_first_peak_spread": {"var": 0, "mean": 0.509803950787, "dmean2": 0, "dvar": 0, "dmean": 0, "max": 0.509803950787, "min": 0.509803950787, "median": 0.509803950787, "dvar2": 0}, "danceability": 1.17163670063, "bpm_histogram_second_peak_weight": {"var": 0, "mean": 0.0347003154457, "dmean2": 0, "dvar": 0, "dmean": 0, "max": 0.0347003154457, "min": 0.0347003154457, "median": 0.0347003154457, "dvar2": 0}, "bpm_histogram_first_peak_weight": {"var": 0, "mean": 0.47318610549, "dmean2": 0, "dvar": 0, "dmean": 0, "max": 0.47318610549, "min": 0.47318610549, "median": 0.47318610549, "dvar2": 0}, "bpm": 94.5891036987, "bpm_histogram_second_peak_spread": {"var": 0, "mean": 0, "dmean2": 0, "dvar": 0, "dmean": 0, "max": 0, "min": 0, "median": 0, "dvar2": 0}, "bpm_histogram_second_peak_bpm": {"var": 0, "mean": 88, "dmean2": 0, "dvar": 0, "dmean": 0, "max": 88, "min": 88, "median": 88, "dvar2": 0}, "beats_count": 318, "beats_loudness_band_ratio": {"var": [0.0394739732146, 0.0120153874159, 0.0271448157728, 0.0139521472156, 0.00596634857357, 0.00336374016479], "mean": [0.374798625708, 0.145303726196, 0.230315700173, 0.128629460931, 0.101115904748, 0.0733363553882], "dmean2": [0.307249903679, 0.19913905859, 0.242768615484, 0.171257048845, 0.113052926958, 0.127066418529], "dvar": [0.0206635780632, 0.00922575127333, 0.0170120801777, 0.0117586795241, 0.00449015758932, 0.00364305544645], "dmean": [0.172260597348, 0.114147655666, 0.138325750828, 0.0990047380328, 0.0668568015099, 0.0661664232612], "max": [0.937948644161, 0.52493673563, 0.879519104958, 0.599844872952, 0.4877628088, 0.398299783468], "min": [0.000756318564527, 0.00599922426045, 0.00679817935452, 0.00289213377982, 0.00100825959817, 0.000123731777421], "median": [0.345516562462, 0.116054207087, 0.192528948188, 0.0902484878898, 0.0850699841976, 0.0569995418191], "dvar2": [0.0606085509062, 0.0279447697103, 0.0441304855049, 0.0301492158324, 0.0134795513004, 0.0128968060017]}, "onset_rate": 3.23792743683, "bpm_histogram_first_peak_bpm": {"var": 0, "mean": 94, "dmean2": 0, "dvar": 0, "dmean": 0, "max": 94, "min": 94, "median": 94, "dvar2": 0}}, "lowlevel": {"hfc": {"var": 395.226104736, "mean": 26.9693775177, "dmean2": 11.9350852966, "dvar": 129.575027466, "dmean": 7.99196147919, "max": 177.812194824, "min": 1.15701630101e-16, "median": 23.0543384552, "dvar2": 283.875823975}, "barkbands_spread": {"var": 213.730331421, "mean": 25.2432479858, "dmean2": 9.03089332581, "dvar": 50.2540397644, "dmean": 5.90877246857, "max": 105.36214447, "min": 0.902626216412, "median": 22.4493083954, "dvar2": 107.488723755}, "spectral_spread": {"var": 3181008912380.0, "mean": 4911868.5, "dmean2": 672053.5625, "dvar": 525285425152, "dmean": 488808.8125, "max": 40832696, "min": 1409684.25, "median": 4504824.5, "dvar2": 850586632192}, "spectral_energy": {"var": 0.00037099517067, "mean": 0.0277025979012, "dmean2": 0.0171903297305, "dvar": 0.000243942151428, "dmean": 0.0107842544094, "max": 0.16791754961, "min": 1.03438402456e-20, "median": 0.0233557261527, "dvar2": 0.000602163490839}, "gfcc": {"icov": [[0.000219430890866, -3.4208613215e-05, 0.000144635429024, -0.000170438928762, 0.000426551152486, -0.000423293735366, 0.000157083108206, -0.000180377508514, 0.000361529033398, -0.000413705391111, 0.00101196079049, -0.000384359445889, 0.000379298056941], [-3.4208613215e-05, 0.00156285450794, 0.000523955270182, 0.000257220730418, -0.00089721265249, 0.00123401428573, -0.000935004325584, 0.000961431709584, -0.000840594177134, 0.00142549199518, -0.00213232380338, 0.00195931876078, -0.000703715137206], [0.000144635429024, 0.000523955270182, 0.00190945004579, -0.000684758415446, -0.00075868103886, 0.000445610232418, 5.80010164413e-05, 0.000932500930503, 0.000358273624443, 4.7783843911e-05, 0.000920737569686, -0.00129674328491, 0.00240833684802], [-0.000170438928762, 0.000257220730418, -0.000684758415446, 0.00438914820552, -0.000565628579352, -0.000181955154403, 0.000769355567172, 0.000514778657816, -0.000354230491212, 0.00191098137293, -0.00170036579948, 0.00214776815847, -0.00130901846569], [0.000426551152486, -0.00089721265249, -0.00075868103886, -0.000565628579352, 0.00537403253838, -0.000776325701736, -0.000527640979271, -5.62322884434e-06, -0.000761849922128, -0.000504661002196, 0.00201791501604, -0.00261515239254, 0.000841368746478], [-0.000423293735366, 0.00123401428573, 0.000445610232418, -0.000181955154403, -0.000776325701736, 0.008630332537, -0.0033285249956, -0.000104622624349, 0.000556463026442, 0.00179809296969, -0.00303164543584, 0.00178373011295, -0.000134868329042], [0.000157083108206, -0.000935004325584, 5.80010164413e-05, 0.000769355567172, -0.000527640979271, -0.0033285249956, 0.00983140803874, -0.00394378043711, 0.00281229848042, -0.00151126086712, 0.000708467210643, 0.00139759178273, -0.000453892891528], [-0.000180377508514, 0.000961431709584, 0.000932500930503, 0.000514778657816, -5.62322884434e-06, -0.000104622624349, -0.00394378043711, 0.0145321385935, -0.0076103839092, 0.00217047380283, -0.000859291176312, -0.00169332372025, 0.00172052206472], [0.000361529033398, -0.000840594177134, 0.000358273624443, -0.000354230491212, -0.000761849922128, 0.000556463026442, 0.00281229848042, -0.0076103839092, 0.0162196308374, -0.00626832293347, 0.00172330753412, 0.00196337443776, -0.00108431675471], [-0.000413705391111, 0.00142549199518, 4.7783843911e-05, 0.00191098137293, -0.000504661002196, 0.00179809296969, -0.00151126086712, 0.00217047380283, -0.00626832293347, 0.0166449639946, -0.00767087424174, 0.00136112025939, 4.10481952713e-05], [0.00101196079049, -0.00213232380338, 0.000920737569686, -0.00170036579948, 0.00201791501604, -0.00303164543584, 0.000708467210643, -0.000859291176312, 0.00172330753412, -0.00767087424174, 0.0208916477859, -0.0110982432961, 0.00516306003556], [-0.000384359445889, 0.00195931876078, -0.00129674328491, 0.00214776815847, -0.00261515239254, 0.00178373011295, 0.00139759178273, -0.00169332372025, 0.00196337443776, 0.00136112025939, -0.0110982432961, 0.0223430078477, -0.00858997926116], [0.000379298056941, -0.000703715137206, 0.00240833684802, -0.00130901846569, 0.000841368746478, -0.000134868329042, -0.000453892891528, 0.00172052206472, -0.00108431675471, 4.10481952713e-05, 0.00516306003556, -0.00858997926116, 0.0202373936772]], "mean": [20.2545776367, 81.0734634399, -118.286659241, 26.4591693878, -57.6421813965, 17.297990799, -35.2052078247, 17.5987758636, -19.2616500854, 5.00494718552, -17.5035858154, 0.336589097977, -10.2256708145], "cov": [[9986.08984375, -1076.20031738, -705.376342773, 116.072273254, -920.376525879, 496.625244141, -2.57906627655, 84.9073410034, -236.873275757, -48.844078064, -451.99395752, -150.502426147, -59.9978675842], [-1076.20031738, 1309.83984375, -379.565490723, -76.3844833374, 167.828109741, -125.973518372, 89.308013916, -10.747385025, 83.4141998291, -19.1640663147, 98.5722961426, -61.0057945251, 54.5119972229], [-705.376342773, -379.565490723, 1037.23596191, 148.010284424, 173.309524536, -59.2629051208, -86.9324111938, -92.0258560181, -61.8881454468, -24.6003704071, -17.1141910553, 53.8116264343, -91.6250915527], [116.072273254, -76.3844833374, 148.010284424, 287.090789795, 19.6103725433, 8.86053276062, -37.4351196289, -31.4670753479, -22.981967926, -38.2294464111, -15.5322780609, -14.494307518, -6.13956880569], [-920.376525879, 167.828109741, 173.309524536, 19.6103725433, 315.118286133, -41.1494293213, 12.1773777008, -11.2556753159, 27.2941226959, -0.884804785252, 31.6301078796, 28.4039039612, -2.96441912651], [496.625244141, -125.973518372, -59.2629051208, 8.86053276062, -41.1494293213, 181.787338257, 55.3618659973, 21.3078384399, -25.7560024261, -9.50155830383, -9.37258911133, -10.422917366, -7.10402393341], [-2.57906627655, 89.308013916, -86.9324111938, -37.4351196289, 12.1773777008, 55.3618659973, 151.606658936, 40.1198234558, -0.236612275243, 3.72285652161, 6.20792865753, -14.6950235367, 3.0883769989], [84.9073410034, -10.747385025, -92.0258560181, -31.4670753479, -11.2556753159, 21.3078384399, 40.1198234558, 112.009353638, 47.9065933228, 13.5825338364, 4.98304986954, 0.675184845924, 0.492645829916], [-236.873275757, 83.4141998291, -61.8881454468, -22.981967926, 27.2941226959, -25.7560024261, -0.236612275243, 47.9065933228, 110.281463623, 36.5904312134, 16.4052619934, -4.7814283371, 7.4537062645], [-48.844078064, -19.1640663147, -24.6003704071, -38.2294464111, -0.884804785252, -9.50155830383, 3.72285652161, 13.5825338364, 36.5904312134, 94.0603408813, 36.4164581299, 12.7141065598, -2.5183467865], [-451.99395752, 98.5722961426, -17.1141910553, -15.5322780609, 31.6301078796, -9.37258911133, 6.20792865753, 4.98304986954, 16.4052619934, 36.4164581299, 107.072166443, 38.4612388611, 1.08287060261], [-150.502426147, -61.0057945251, 53.8116264343, -14.494307518, 28.4039039612, -10.422917366, -14.6950235367, 0.675184845924, -4.7814283371, 12.7141065598, 38.4612388611, 82.2730789185, 16.5480365753], [-59.9978675842, 54.5119972229, -91.6250915527, -6.13956880569, -2.96441912651, -7.10402393341, 3.0883769989, 0.492645829916, 7.4537062645, -2.5183467865, 1.08287060261, 16.5480365753, 70.1956710815]]}, "silence_rate_60dB": {"var": 0.039604075253, "mean": 0.0413090735674, "dmean2": 0.0146503373981, "dvar": 0.00727046886459, "dmean": 0.00732433050871, "max": 1, "min": 0, "median": 0, "dvar2": 0.0162661224604}, "spectral_centroid": {"var": 442794.84375, "mean": 1480.24462891, "dmean2": 363.131591797, "dvar": 107644.71875, "dmean": 239.1796875, "max": 11000.1748047, "min": 182.444229126, "median": 1424.6418457, "dvar2": 201819.34375}, "spectral_complexity": {"var": 108.555229187, "mean": 23.3492393494, "dmean2": 5.80336523056, "dvar": 17.1437740326, "dmean": 3.79331660271, "max": 58, "min": 0, "median": 24, "dvar2": 34.1627922058}, "melbands_spread": {"var": 394.045288086, "mean": 28.9514312744, "dmean2": 12.3586044312, "dvar": 132.986953735, "dmean": 7.90543985367, "max": 273.210327148, "min": 0.929614782333, "median": 26.2524394989, "dvar2": 282.410766602}, "spectral_strongpeak": {"var": 2.00918364525, "mean": 1.29902040958, "dmean2": 1.23774063587, "dvar": 0.969773173332, "dmean": 0.743335604668, "max": 17.6501274109, "min": 0, "median": 0.820612370968, "dvar2": 2.38207697868}, "zerocrossingrate": {"var": 0.00213475874625, "mean": 0.0722674652934, "dmean2": 0.0124973058701, "dvar": 0.000291084259516, "dmean": 0.0110288532451, "max": 0.51904296875, "min": 0.0048828125, "median": 0.06201171875, "dvar2": 0.000293165590847}, "erbbands_kurtosis": {"var": 8.13961601257, "mean": 0.733057916164, "dmean2": 1.63198685646, "dvar": 4.08966398239, "dmean": 1.05280816555, "max": 61.6768875122, "min": -1.86888504028, "median": -0.0370612815022, "dvar2": 9.15618610382}, "spectral_energyband_middle_low": {"var": 0.000124402562506, "mean": 0.0129291480407, "dmean2": 0.00909138657153, "dvar": 7.81276612543e-05, "dmean": 0.00576033676043, "max": 0.134181335568, "min": 2.47739583718e-22, "median": 0.0100973024964, "dvar2": 0.0001913132146}, "erbbands": {"var": [0.0403488688171, 4.06394529343, 11.796210289, 15.3427629471, 119.76499939, 116.866577148, 307.698791504, 899.538452148, 1284.04675293, 3838.0456543, 15524.8867188, 29009.8183594, 20761.4316406, 15743.0390625, 6538.68261719, 3533.82250977, 3506.25878906, 3163.4309082, 5277.79541016, 3676.09277344, 2076.52416992, 2025.65002441, 1047.38916016, 307.575805664, 228.86315918, 389.573974609, 182.592300415, 116.245544434, 86.9251480103, 156.411804199, 143.943161011, 86.9108886719, 56.7236366272, 28.6784286499, 5.07927751541, 0.460100650787, 0.0640435069799, 0.0039310422726, 3.64825209545e-05, 2.01673575617e-08], "mean": [0.111566692591, 1.02931559086, 2.20429778099, 2.95547533035, 6.05191087723, 6.74016904831, 10.4204549789, 14.1040506363, 20.5645465851, 30.6790351868, 61.182559967, 80.5798568726, 68.3694610596, 57.0914916992, 39.4381523132, 37.4080238342, 32.7730484009, 34.3152580261, 40.1384925842, 36.0389976501, 34.6091690063, 31.6996822357, 26.6990070343, 14.5207719803, 13.6657009125, 13.5314302444, 11.2700281143, 8.80101013184, 6.1861577034, 5.68562746048, 5.34950447083, 4.00704479218, 3.16661190987, 2.02966284752, 0.913064062595, 0.290216743946, 0.103695705533, 0.024243440479, 0.00189235131256, 7.88758552517e-05], "dmean2": [0.161325156689, 1.73838913441, 3.10151338577, 3.27543330193, 7.16088962555, 6.96508312225, 10.4098119736, 14.0405492783, 17.2709312439, 28.5708007813, 58.6891555786, 86.8518447876, 63.608745575, 53.082824707, 37.8610649109, 31.2181892395, 30.8960571289, 31.6294822693, 39.7060012817, 32.3059806824, 27.8008174896, 23.2952537537, 21.6544589996, 10.8204908371, 10.8500175476, 9.90063667297, 7.24367809296, 6.17742824554, 4.19561624527, 3.88566803932, 3.51675724983, 2.74325060844, 2.20363092422, 1.59686005116, 0.763801038265, 0.256682038307, 0.118134342134, 0.0328882336617, 0.00215108226985, 6.53003007756e-05], "dvar": [0.0481218956411, 5.50689506531, 14.5420761108, 15.2934169769, 113.773551941, 75.5458450317, 259.897583008, 724.875976563, 899.439208984, 2728.11767578, 10693.6005859, 23578.9941406, 11131.8935547, 8315.83886719, 3431.4921875, 1968.03588867, 3150.70507813, 1950.80700684, 3428.34277344, 2220.29663086, 956.011047363, 634.356384277, 543.136169434, 165.67137146, 129.075439453, 190.615921021, 60.7147216797, 54.7261619568, 36.1896743774, 54.3112716675, 44.8435325623, 30.3252887726, 21.4119052887, 12.6843948364, 2.49372887611, 0.222648099065, 0.0413711071014, 0.00331028364599, 2.34979015659e-05, 1.332411248e-08], "dmean": [0.0958056524396, 0.9961181283, 1.79465520382, 1.94359135628, 4.32137441635, 4.30214929581, 6.44757509232, 8.91363430023, 11.0599908829, 18.3904304504, 37.9419136047, 54.5268974304, 41.3759918213, 33.9651145935, 23.6597518921, 20.2241039276, 19.1105747223, 19.9516372681, 24.6895580292, 20.1567993164, 17.0115242004, 14.4551858902, 13.4568414688, 6.67620134354, 6.5421257019, 6.30572128296, 4.69855546951, 3.95667052269, 2.79535746574, 2.6613714695, 2.42224669456, 1.87879621983, 1.52669382095, 1.0872169733, 0.523356378078, 0.174623131752, 0.0757963806391, 0.0204021558166, 0.00142872193828, 4.34847170254e-05], "max": [2.56515455246, 28.2625846863, 60.3051300049, 62.1991920471, 142.006347656, 171.667098999, 514.033752441, 690.750671387, 818.841369629, 1216.34838867, 3126.35107422, 3673.6315918, 2469.92602539, 2178.65405273, 1445.20629883, 2161.72314453, 2708.42919922, 1213.08203125, 1672.76525879, 1522.80786133, 663.245605469, 1187.03796387, 510.901153564, 492.57220459, 259.996154785, 494.353790283, 200.243484497, 190.936553955, 179.638748169, 242.272415161, 225.509246826, 215.13218689, 131.082778931, 123.208457947, 42.0358161926, 11.417883873, 3.6371846199, 1.49543488026, 0.194574773312, 0.003792244941], "min": [3.87751968809e-22, 1.52662917026e-21, 1.47239942336e-20, 1.46008994187e-20, 6.26556937643e-20, 1.10757260973e-19, 3.53895654149e-19, 4.95002197646e-19, 4.51544403009e-19, 3.61540612466e-19, 6.65726227319e-19, 1.34016163251e-18, 7.56363508963e-19, 1.44341610683e-18, 3.45014221082e-18, 2.85399355694e-18, 6.96030960997e-18, 4.84262798016e-18, 3.56651949197e-18, 6.14874988969e-18, 4.58112930516e-18, 5.37819723469e-18, 1.10040597894e-17, 6.57305135772e-18, 9.43154146847e-18, 1.10613238489e-17, 1.40870512679e-17, 1.28539863637e-17, 1.46409115537e-17, 1.73480999907e-17, 1.33580892541e-17, 1.41120552835e-17, 1.51383548131e-17, 1.10304741479e-17, 8.24140227494e-18, 5.22910330595e-18, 3.13752439435e-18, 1.47311488935e-18, 3.11694967248e-19, 3.14066939966e-20], "median": [0.0567642375827, 0.479585945606, 1.16116344929, 1.81539332867, 2.57878637314, 3.39629340172, 5.13783979416, 6.00069904327, 9.63922023773, 12.7024965286, 25.1811695099, 29.0815582275, 24.7605876923, 21.0987510681, 17.7294521332, 18.6439762115, 19.3615570068, 18.5683612823, 17.3760929108, 17.8831939697, 20.5831718445, 21.2130146027, 17.7314014435, 10.1619119644, 9.79628753662, 7.67230272293, 7.16900587082, 5.35606241226, 3.44929885864, 2.2642493248, 2.30998444557, 1.45331335068, 1.01746368408, 0.624069094658, 0.283497720957, 0.0835760161281, 0.0202441588044, 0.0032051843591, 0.000127374863951, 3.91947760363e-05], "dvar2": [0.124953836203, 15.0170917511, 40.1893959045, 40.4302902222, 292.226165771, 182.885818481, 667.686645508, 1798.83215332, 2301.75488281, 6825.94824219, 25425.8632813, 59866.3320313, 26900.8144531, 20382.8632813, 8588.55273438, 4762.44921875, 8486.71289063, 4651.43505859, 8816.4609375, 5680.70996094, 2447.48852539, 1418.93664551, 1298.78039551, 402.194671631, 323.826293945, 459.411682129, 137.361282349, 129.050796509, 73.5014801025, 98.7102890015, 84.1558685303, 61.8522148132, 42.7391586304, 27.1914901733, 5.3466296196, 0.50739467144, 0.100818485022, 0.00841889157891, 5.4162224842e-05, 3.09796952536e-08]}, "barkbands_crest": {"var": 15.661026001, "mean": 8.9242401123, "dmean2": 4.56289768219, "dvar": 7.07040882111, "dmean": 2.76307821274, "max": 24.8581752777, "min": 2.45520687103, "median": 8.03013134003, "dvar2": 18.7403297424}, "melbands_crest": {"var": 26.5364437103, "mean": 12.225112915, "dmean2": 5.53431224823, "dvar": 9.38075065613, "dmean": 3.34125852585, "max": 36.3896331787, "min": 1.86639356613, "median": 11.1095066071, "dvar2": 24.2973384857}, "spectral_flux": {"var": 0.00239042914473, "mean": 0.0893158018589, "dmean2": 0.0413505993783, "dvar": 0.00101905618794, "dmean": 0.0265669692308, "max": 0.377669751644, "min": 6.61460816676e-11, "median": 0.079718619585, "dvar2": 0.00207490799949}, "spectral_contrast_valleys": {"var": [0.987417459488, 1.18601953983, 1.45848536491, 1.35579299927, 1.43824088573, 1.59539675713], "mean": [-7.15665721893, -6.70669651031, -7.15789318085, -7.50047397614, -7.38852882385, -9.78263759613], "dmean2": [0.637028217316, 0.55049932003, 0.517567276955, 0.44919154048, 0.345679014921, 0.302137464285], "dvar": [0.144841641188, 0.118821047246, 0.113484188914, 0.100355871022, 0.0872149467468, 0.106884911656], "dmean": [0.394646078348, 0.348564743996, 0.329086065292, 0.292933046818, 0.230759948492, 0.232408836484], "max": [-5.15515947342, -4.71253156662, -5.08007669449, -5.79279279709, -5.66126728058, -7.45513772964], "min": [-27.3142585754, -27.222612381, -27.5194263458, -27.3245639801, -27.3078327179, -27.277677536], "median": [-6.98906993866, -6.53363132477, -6.90254878998, -7.24651813507, -7.1234369278, -9.59972572327], "dvar2": [0.322163760662, 0.254192709923, 0.241854324937, 0.201425820589, 0.162601202726, 0.166004300117]}, "mfcc": {"icov": [[0.000170704195625, 6.43041275907e-05, 0.000168037004187, 3.76798780053e-05, 0.000174317712663, 6.1097462094e-06, 2.87863458652e-05, -0.0001216583114, 4.64824806841e-05, -0.000150263120304, 0.000325502100168, 9.86407103483e-05, -4.25243270001e-05], [6.43041275907e-05, 0.00118613045197, 0.000653308990877, -0.000410777924117, -5.11722209922e-05, 0.00014387977717, -0.000153178785695, 6.27977424301e-05, 8.76293561305e-05, 0.000295374891721, -0.000262881832896, -0.000299628038192, 0.000375797390006], [0.000168037004187, 0.000653308990877, 0.00277813430876, -0.000990663189441, -0.000803868693765, -0.000297980208416, 0.000126029161038, -0.000389262189856, 0.00163480173796, 0.000433098583017, -0.00135475152638, 0.00160640850663, -0.000441625859821], [3.76798780053e-05, -0.000410777924117, -0.000990663189441, 0.00515121640638, -0.0018073101528, 9.6880030469e-05, -0.000210064506973, 0.000891687988769, -0.00079583626939, 0.000424857164035, 0.00132122822106, -0.000319907150697, 0.000348261441104], [0.000174317712663, -5.11722209922e-05, -0.000803868693765, -0.0018073101528, 0.00692717172205, -0.00247926777229, 0.0023471780587, -0.00153158861212, -0.000352474336978, 0.00128996570129, -0.000700869597495, 0.000713190529495, -0.00104055926204], [6.1097462094e-06, 0.00014387977717, -0.000297980208416, 9.6880030469e-05, -0.00247926777229, 0.0119127770886, -0.00602284213528, 0.00219548400491, -3.62515747838e-05, -0.000946238229517, 0.00157449592371, -0.000239545086515, 0.000330283917719], [2.87863458652e-05, -0.000153178785695, 0.000126029161038, -0.000210064506973, 0.0023471780587, -0.00602284213528, 0.0124692004174, -0.00589500041679, 0.00222137803212, -4.02356599807e-05, -0.00160437787417, 0.00129734829534, 0.000782142393291], [-0.0001216583114, 6.27977424301e-05, -0.000389262189856, 0.000891687988769, -0.00153158861212, 0.00219548400491, -0.00589500041679, 0.0139166200534, -0.00489059602842, 0.00142028834671, -0.000267626048299, -0.000565731781535, -0.000144894933328], [4.64824806841e-05, 8.76293561305e-05, 0.00163480173796, -0.00079583626939, -0.000352474336978, -3.62515747838e-05, 0.00222137803212, -0.00489059602842, 0.0156250521541, -0.00672717718408, 0.00308124069124, -0.001335855457, 0.000911957467906], [-0.000150263120304, 0.000295374891721, 0.000433098583017, 0.000424857164035, 0.00128996570129, -0.000946238229517, -4.02356599807e-05, 0.00142028834671, -0.00672717718408, 0.0165556874126, -0.00783733092248, 0.00406284676865, 2.46539166255e-05], [0.000325502100168, -0.000262881832896, -0.00135475152638, 0.00132122822106, -0.000700869597495, 0.00157449592371, -0.00160437787417, -0.000267626048299, 0.00308124069124, -0.00783733092248, 0.019730867818, -0.00958602223545, 0.00313036073931], [9.86407103483e-05, -0.000299628038192, 0.00160640850663, -0.000319907150697, 0.000713190529495, -0.000239545086515, 0.00129734829534, -0.000565731781535, -0.001335855457, 0.00406284676865, -0.00958602223545, 0.0197012983263, -0.00978167355061], [-4.25243270001e-05, 0.000375797390006, -0.000441625859821, 0.000348261441104, -0.00104055926204, 0.000330283917719, 0.000782142393291, -0.000144894933328, 0.000911957467906, 2.46539166255e-05, 0.00313036073931, -0.00978167355061, 0.018911825493]], "mean": [-620.02734375, 111.468688965, -1.61418998241, 14.4244451523, 2.70338487625, 1.39109385014, -0.76949352026, 5.58280420303, 6.25352144241, 4.0984544754, 1.24087047577, 4.37141132355, -2.18302249908], "cov": [[7727.05078125, -190.296432495, -803.269165039, -330.263580322, -424.208526611, -75.7548294067, 23.3180999756, 70.287902832, 134.604782104, 116.35900116, -180.6355896, -87.0234069824, -35.7171020508], [-190.296432495, 1026.36328125, -257.213928223, 31.0740470886, -20.6475276947, -23.3914585114, 1.29765582085, -4.00116252899, 18.4740409851, -10.1051340103, 14.254696846, 44.348323822, -8.51239109039], [-803.269165039, -257.213928223, 667.765136719, 153.765029907, 160.622192383, 49.2129821777, 4.61069488525, -12.3205442429, -87.5719680786, -48.0336494446, 21.0532188416, -42.1277313232, 2.77113628387], [-330.263580322, 31.0740470886, 153.765029907, 273.266662598, 110.727523804, 20.2276382446, -12.6832971573, -14.6952209473, -12.7341985703, -31.1821174622, -16.9532661438, -11.6039714813, 0.808517456055], [-424.208526611, -20.6475276947, 160.622192383, 110.727523804, 230.988800049, 37.6465454102, -21.1017818451, 2.03583168983, -15.7257938385, -32.2432441711, -0.630250036716, -4.32550907135, 12.7758331299], [-75.7548294067, -23.3914585114, 49.2129821777, 20.2276382446, 37.6465454102, 121.204269409, 56.1121520996, 4.381690979, -9.54107761383, -1.37121272087, -5.25054168701, -13.4598970413, -6.89210510254], [23.3180999756, 1.29765582085, 4.61069488525, -12.6832971573, -21.1017818451, 56.1121520996, 136.096710205, 44.3588523865, -6.20804309845, 5.43430280685, 6.65427494049, -12.2886352539, -14.2270345688], [70.287902832, -4.00116252899, -12.3205442429, -14.6952209473, 2.03583168983, 4.381690979, 44.3588523865, 100.649353027, 27.4844932556, 4.85501050949, 2.18999862671, 1.32913470268, -1.81418669224], [134.604782104, 18.4740409851, -87.5719680786, -12.7341985703, -15.7257938385, -9.54107761383, -6.20804309845, 27.4844932556, 99.5574264526, 39.3398017883, -5.36738872528, 1.62072396278, -5.23158979416], [116.35900116, -10.1051340103, -48.0336494446, -31.1821174622, -32.2432441711, -1.37121272087, 5.43430280685, 4.85501050949, 39.3398017883, 96.0646972656, 27.0783214569, -6.1832613945, -11.7252035141], [-180.6355896, 14.254696846, 21.0532188416, -16.9532661438, -0.630250036716, -5.25054168701, 6.65427494049, 2.18999862671, -5.36738872528, 27.0783214569, 86.3066711426, 37.3168411255, 5.15190935135], [-87.0234069824, 44.348323822, -42.1277313232, -11.6039714813, -4.32550907135, -13.4598970413, -12.2886352539, 1.32913470268, 1.62072396278, -6.1832613945, 37.3168411255, 96.5216064453, 42.3449707031], [-35.7171020508, -8.51239109039, 2.77113628387, 0.808517456055, 12.7758331299, -6.89210510254, -14.2270345688, -1.81418669224, -5.23158979416, -11.7252035141, 5.15190935135, 42.3449707031, 75.7301177979]]}, "erbbands_flatness_db": {"var": 0.00176398921758, "mean": 0.149299278855, "dmean2": 0.0255602486432, "dvar": 0.000322646199493, "dmean": 0.0179081484675, "max": 0.33536991477, "min": 0.0390214882791, "median": 0.149023368955, "dvar2": 0.000658401055261}, "barkbands": {"var": [3.21561337557e-08, 6.94823684171e-05, 6.98856820236e-06, 3.25464679918e-06, 1.01316236396e-05, 8.55598955241e-06, 6.79400272929e-06, 2.89046347461e-05, 3.85223720514e-05, 2.46031759161e-05, 5.32411831955e-06, 1.60985246112e-06, 1.76380103767e-06, 1.46092941122e-06, 1.88748254004e-06, 8.89864622877e-07, 1.07449261577e-06, 2.55297749163e-07, 9.46428997395e-08, 1.59651406761e-07, 8.26787669439e-08, 7.84598199743e-08, 1.79851923576e-07, 1.94422440813e-07, 1.51309677676e-07, 1.86920416922e-08, 1.07496456181e-09], "mean": [0.000111858047603, 0.0043930565007, 0.00177607801743, 0.00111273501534, 0.00222068582661, 0.00165540177841, 0.00152855622582, 0.00253784214146, 0.00295241479762, 0.00231855618767, 0.000949839886744, 0.000801867805421, 0.000690948625561, 0.000660657358821, 0.000743171782233, 0.000621118408162, 0.000644955260213, 0.000414001609897, 0.000266819493845, 0.000283392990241, 0.000246337847784, 0.000170181301655, 0.000187685494893, 0.000192219551536, 0.000152290551341, 5.94471384829e-05, 1.04977862065e-05], "dmean2": [0.000152375447215, 0.00699635921046, 0.00233960477635, 0.00142133783083, 0.00226224237122, 0.00154940737411, 0.00132208457217, 0.00251637329347, 0.00327827921137, 0.00218718964607, 0.000982706784271, 0.000724456040189, 0.000705341226421, 0.000685634033289, 0.000757364905439, 0.000581664906349, 0.000524224655237, 0.000354915886419, 0.000207054879866, 0.000207328339457, 0.000163926830282, 0.000117386960483, 0.00012022809824, 0.000127426726976, 0.000117034214782, 6.36524418951e-05, 1.15203993118e-05], "dvar": [3.34480709796e-08, 9.06111890799e-05, 7.98580640549e-06, 3.4260292523e-06, 7.2578009167e-06, 6.58891758576e-06, 4.20007472712e-06, 2.0475285055e-05, 3.04833083646e-05, 1.19676706163e-05, 2.88787100544e-06, 9.06629509245e-07, 1.58234365699e-06, 9.07073740564e-07, 1.33506694056e-06, 4.90724517022e-07, 3.60390174592e-07, 1.52131448772e-07, 4.85849902532e-08, 7.06955205487e-08, 3.18762722884e-08, 3.26654578942e-08, 5.45006528796e-08, 6.63474750695e-08, 6.54152145785e-08, 1.10560414157e-08, 6.66904420576e-10], "dmean": [8.94864715519e-05, 0.00407138559967, 0.00137054547668, 0.000837436469737, 0.00137894856744, 0.00098692427855, 0.000847740389872, 0.00162918702699, 0.00206078868359, 0.0014128787443, 0.000618083402514, 0.000461653457023, 0.000433052744484, 0.000425430596806, 0.000466704077553, 0.000357566488674, 0.000322734325891, 0.000219498149818, 0.000125721664517, 0.000132419940201, 0.000105506063846, 7.86825548857e-05, 8.38885753183e-05, 8.85553381522e-05, 8.16982937977e-05, 4.13890338677e-05, 7.71363465901e-06], "max": [0.00381766399369, 0.113567560911, 0.043331630528, 0.0255853049457, 0.0369363985956, 0.0583381578326, 0.0535244941711, 0.110104680061, 0.121780879796, 0.062738545239, 0.0422630123794, 0.0425191298127, 0.0589788742363, 0.0225617680699, 0.0412173643708, 0.0150418682024, 0.0271205566823, 0.0086314054206, 0.00782731175423, 0.00871408171952, 0.0043040914461, 0.00646968744695, 0.00729736639187, 0.00836119800806, 0.00768185965717, 0.00171871157363, 0.0010272039799], "min": [7.63992558222e-25, 7.41378184044e-24, 7.86795036282e-24, 5.08453157269e-24, 4.39694218501e-23, 6.39102982994e-23, 2.91648818636e-23, 2.15763286785e-23, 4.78282170095e-23, 1.23031141209e-23, 8.14065831558e-23, 7.51538444291e-23, 1.61864980747e-22, 8.23032150825e-23, 6.79259474058e-23, 1.02772647271e-22, 7.40804508617e-23, 1.79826094003e-22, 1.38510116248e-22, 2.3830813944e-22, 4.01851096752e-22, 3.87526771108e-22, 4.24840901667e-22, 8.34057409676e-22, 1.06349738939e-21, 1.61830626801e-21, 2.34061154664e-21], "median": [6.06395369687e-05, 0.00213377713226, 0.00098463264294, 0.000586500274949, 0.0011515498627, 0.000779737485573, 0.000649807567243, 0.000931333750486, 0.000940245634411, 0.000709288811777, 0.00033763225656, 0.000392752757762, 0.000368091044948, 0.000297052203678, 0.000305170629872, 0.000317215803079, 0.000408596417401, 0.000270225806162, 0.000189489612239, 0.000162309472216, 0.000155102403369, 8.96057390491e-05, 7.74811924202e-05, 6.61028534523e-05, 4.84588526888e-05, 1.34927840918e-05, 7.73098690843e-07], "dvar2": [8.72334524615e-08, 0.00024393631611, 2.20934834942e-05, 8.97087738849e-06, 1.81130799319e-05, 1.65254696185e-05, 1.04841974462e-05, 4.92959661642e-05, 7.7470940596e-05, 2.91752967314e-05, 7.28088116375e-06, 2.20620222535e-06, 4.24208383265e-06, 2.20380979954e-06, 3.44340037373e-06, 1.23852726119e-06, 8.3743225332e-07, 3.64523657481e-07, 1.18055687892e-07, 1.66853254768e-07, 7.20411534871e-08, 6.57400889281e-08, 9.8511925728e-08, 1.29004021687e-07, 1.37236497721e-07, 2.63953587876e-08, 1.52410406518e-09]}, "spectral_energyband_low": {"var": 0.000111697831016, "mean": 0.00680791260675, "dmean2": 0.00896493997425, "dvar": 0.0001361437171, "dmean": 0.00529105449095, "max": 0.15830296278, "min": 4.40611442853e-23, "median": 0.00398180400953, "dvar2": 0.000361403479474}, "erbbands_spread": {"var": 318.253845215, "mean": 35.0683250427, "dmean2": 10.301905632, "dvar": 66.7923355103, "dmean": 6.98469686508, "max": 144.767196655, "min": 3.20061302185, "median": 31.0006408691, "dvar2": 144.455886841}, "average_loudness": 0.95136475563, "spectral_energyband_middle_high": {"var": 5.48743155377e-05, "mean": 0.00779543304816, "dmean2": 0.00409662630409, "dvar": 1.73540465767e-05, "dmean": 0.00