{"tonal": {"hpcp": {"dvar": [0.0255230721086, 0.0254691187292, 0.0222036466002, 0.0229572784156, 0.0253821909428, 0.025248657912, 0.0306150037795, 0.0231700725853, 0.0168909002095, 0.0140658225864, 0.0145930266008, 0.0194321013987, 0.0228176098317, 0.0197581071407, 0.0208883024752, 0.0238648746163, 0.0267459731549, 0.0296859964728, 0.0325018577278, 0.0316643454134, 0.034532956779, 0.0348638780415, 0.0275353454053, 0.0408299714327, 0.0229465179145, 0.0131042478606, 0.0174346733838, 0.0216722246259, 0.0179101414979, 0.0221461076289, 0.0222673695534, 0.0260436236858, 0.0320187993348, 0.0427790693939, 0.0409554131329, 0.0283601451665], "var": [0.09683637321, 0.041190456599, 0.0246784761548, 0.0355428494513, 0.0237678550184, 0.0556409843266, 0.120180599391, 0.040813524276, 0.0289113353938, 0.0422074906528, 0.0150138251483, 0.0331713743508, 0.0656801611185, 0.0279074795544, 0.0484753735363, 0.112515345216, 0.0462738238275, 0.0408615283668, 0.0566792786121, 0.0315488763154, 0.0604831762612, 0.100051037967, 0.0433243848383, 0.0401786603034, 0.0217853020877, 0.0103904409334, 0.0296921506524, 0.0475295856595, 0.0211405530572, 0.07855822891, 0.129188463092, 0.0438119247556, 0.0578736774623, 0.106044493616, 0.049410007894, 0.0504689961672], "median": [0.0249579939991, 0.020593367517, 0.0223054476082, 0.0214273203164, 0.0220461115241, 0.0496994927526, 0.0541579350829, 0.0349558442831, 0.00709093362093, 0.00491025438532, 0.00641990732402, 0.0150034921244, 0.0204773508012, 0.023018039763, 0.0129342228174, 0.0089272307232, 0.0161249861121, 0.0170196797699, 0.0139778479934, 0.0193975865841, 0.0428795143962, 0.0676424428821, 0.0552646070719, 0.0207756981254, 0.0157199446112, 0.0114355031401, 0.0121842566878, 0.016314720735, 0.030007392168, 0.0128349419683, 0.0105136074126, 0.0211243610829, 0.0393314287066, 0.0372492000461, 0.0404502749443, 0.0299063771963], "max": [1, 1, 1, 1, 1, 1, 1, 1, 1, 1, 1, 1, 1, 1, 1, 1, 1, 1, 1, 1, 1, 1, 1, 1, 1, 1, 1, 1, 1, 1, 1, 1, 1, 1, 1, 1], "dmean": [0.0800629258156, 0.0888189449906, 0.0793977454305, 0.0804903283715, 0.0873812735081, 0.0957162231207, 0.096761547029, 0.085443392396, 0.053493462503, 0.0410204939544, 0.0469407141209, 0.0630790963769, 0.0715920254588, 0.0709786862135, 0.0723351687193, 0.0719154849648, 0.0896736830473, 0.0880338400602, 0.0876223742962, 0.0950319245458, 0.109674558043, 0.113129176199, 0.109329633415, 0.104183763266, 0.0756717845798, 0.0458888597786, 0.0589129626751, 0.0672967657447, 0.0728858187795, 0.0808393880725, 0.0689694285393, 0.0950081795454, 0.110092908144, 0.116103321314, 0.1202102229, 0.0986496210098], "dmean2": [0.136682659388, 0.153098464012, 0.139284715056, 0.138820901513, 0.157018885016, 0.164097800851, 0.162361308932, 0.145401269197, 0.0960243418813, 0.0726311281323, 0.0827528461814, 0.106164127588, 0.117820501328, 0.119825273752, 0.12144447118, 0.1222903952, 0.15475551784, 0.150908753276, 0.151212364435, 0.168993651867, 0.186229392886, 0.18822363019, 0.186087191105, 0.189828842878, 0.13564427197, 0.0812119841576, 0.100267507136, 0.114962346852, 0.126564592123, 0.140191286802, 0.120207130909, 0.167508512735, 0.192014381289, 0.203806072474, 0.211610734463, 0.171220466495], "mean": [0.181835278869, 0.116306819022, 0.0824213549495, 0.100615359843, 0.0830938816071, 0.165787741542, 0.244318336248, 0.136525675654, 0.065735861659, 0.0712216347456, 0.0490995533764, 0.09132348001, 0.136091664433, 0.0915349647403, 0.130247086287, 0.197672754526, 0.13004501164, 0.105971485376, 0.124348334968, 0.0942520946264, 0.160033628345, 0.224589854479, 0.148823812604, 0.095854356885, 0.0723937526345, 0.0415844060481, 0.0805941000581, 0.107903271914, 0.0890897512436, 0.16789111495, 0.215517058969, 0.12985175848, 0.155025094748, 0.212976440787, 0.142688795924, 0.13954141736], "dvar2": [0.0627547577024, 0.0691020935774, 0.0611457824707, 0.0606185570359, 0.0725433006883, 0.0672563165426, 0.0758226066828, 0.0608025379479, 0.0463135093451, 0.0371614843607, 0.0409792773426, 0.0507706776261, 0.05640136078, 0.0519392378628, 0.0563671924174, 0.0630149394274, 0.0740377083421, 0.0788435414433, 0.0850399360061, 0.090780928731, 0.0927143245935, 0.0853361487389, 0.0748110637069, 0.119252085686, 0.0666198804975, 0.0378329716623, 0.0460343547165, 0.0552976094186, 0.0493876561522, 0.0611628852785, 0.0593107752502, 0.0738572701812, 0.0848136246204, 0.11220510304, 0.11334463954, 0.0772048383951], "min": [0, 0, 0, 0, 0, 0, 0, 0, 0, 0, 0, 0, 0, 0, 0, 0, 0, 0, 0, 0, 0, 0, 0, 0, 0, 0, 0, 0, 0, 0, 0, 0, 0, 0, 0, 0]}, "key_key": "A", "thpcp": [1, 0.558802425861, 0.269058227539, 0.291511625051, 0.200965493917, 0.373788893223, 0.557025969028, 0.374654501677, 0.533104002476, 0.80907869339, 0.532276928425, 0.433743476868, 0.508960306644, 0.385775774717, 0.655020952225, 0.919250905514, 0.609138965607, 0.392333865166, 0.296309113503, 0.170205831528, 0.329873323441, 0.44165033102, 0.364646196365, 0.687181830406, 0.882115781307, 0.531485915184, 0.634520888329, 0.871716976166, 0.584028184414, 0.571145892143, 0.744255542755, 0.476046204567, 0.337352305651, 0.411820739508, 0.340104967356, 0.678572654724], "chords_key": "G", "tuning_equal_tempered_deviation": 0.023186000064, "tuning_frequency": 441.272583008, "tuning_diatonic_strength": 0.290362685919, "chords_histogram": [16.2757492065, 8.97409725189, 16.7652454376, 8.08688545227, 9.82051849365, 0.152967572212, 1.19314706326, 0.0611870288849, 0.101978383958, 0.0407913513482, 2.36589837074, 0.38751783967, 0.010197837837, 17.734041214, 0.622068107128, 0.632265985012, 0.214154601097, 1.16255354881, 5.43544769287, 0.815827071667, 4.07913541794, 1.23393845558, 1.91719353199, 1.91719353199], "key_strength": 0.502468645573, "key_scale": "major", "chords_strength": {"dvar": 0.000252154801274, "var": 0.015747917816, "median": 0.565634310246, "max": 0.776070594788, "dmean": 0.00804637465626, "dmean2": 0.00723475916311, "mean": 0.548994779587, "dvar2": 0.000460623734398, "min": -1}, "chords_number_rate": 0.00142769736703, "tuning_nontempered_energy_ratio": 0.656814455986, "hpcp_entropy": {"dvar": 0.220131799579, "var": 0.520113289356, "median": 1.81632494926, "max": 4.56500482559, "dmean": 0.539508938789, "dmean2": 0.903325617313, "mean": 1.82508194447, "dvar2": 0.599524438381, "min": 0}, "chords_changes_rate": 0.039873547852, "chords_scale": "minor"}, "rhythm": {"bpm_histogram_first_peak_spread": {"dvar": 0, "var": 0, "median": 0, "max": 0, "dmean": 0, "dmean2": 0, "mean": 0, "dvar2": 0, "min": 0}, "bpm_histogram_first_peak_weight": {"dvar": 0, "var": 0, "median": 0.349726766348, "max": 0.349726766348, "dmean": 0, "dmean2": 0, "mean": 0.349726766348, "dvar2": 0, "min": 0.349726766348}, "bpm_histogram_first_peak_bpm": {"dvar": 0, "var": 0, "median": 75, "max": 75, "dmean": 0, "dmean2": 0, "mean": 75, "dvar2": 0, "min": 75}, "bpm": 74.6967697144, "bpm_histogram_second_peak_weight": {"dvar": 0, "var": 0, "median": 0.177595630288, "max": 0.177595630288, "dmean": 0, "dmean2": 0, "mean": 0.177595630288, "dvar2": 0, "min": 0.177595630288}, "beats_loudness": {"dvar": 0.00025163841201, "var": 0.000473478605272, "median": 0.0111842788756, "max": 0.107331767678, "dmean": 0.0111068887636, "dmean2": 0.0194460954517, "mean": 0.0194561965764, "dvar2": 0.000758554553613, "min": 0}, "beats_loudness_band_ratio": {"dvar": [0.0439264215529, 0.0217490438372, 0.0214783605188, 0.0112767424434, 0.0051230113022, 0.00255903135985], "var": [0.0657804980874, 0.0285423304886, 0.02714125067, 0.0113515350968, 0.00456066383049, 0.00166319776326], "median": [0.443660259247, 0.246079027653, 0.139323472977, 0.0447698235512, 0.0209683030844, 0.00457472959533], "max": [0.996970772743, 0.89380633831, 0.856412947178, 0.691771864891, 0.591133892536, 0.431781202555], "dmean": [0.236868709326, 0.166091620922, 0.133666187525, 0.0750009343028, 0.0439942777157, 0.0173178613186], "dmean2": [0.437529653311, 0.299548447132, 0.233894124627, 0.133577615023, 0.0791127830744, 0.0322789922357], "mean": [0.464787662029, 0.264406055212, 0.186039075255, 0.0821765586734, 0.0441094487906, 0.0148932561278], "dvar2": [0.148073688149, 0.0680845677853, 0.0581174343824, 0.0335724167526, 0.0157414413989, 0.00755851808935], "min": [0, 0, 0, 0, 0, 0]}, "bpm_histogram_second_peak_bpm": {"dvar": 0, "var": 0, "median": 123, "max": 123, "dmean": 0, "dmean2": 0, "mean": 123, "dvar2": 0, "min": 123}, "onset_rate": 2.12372660637, "beats_count": 733, "beats_position": [0.777868449688, 1.5673469305, 2.35682535172, 3.15791368484, 3.95900225639, 4.76009082794, 5.56117916107, 6.3622674942, 7.17496585846, 7.98766422272, 8.78875255585, 9.57823085785, 10.3677091599, 11.1687984467, 11.9814968109, 12.7941951752, 13.5952835083, 14.4079818726, 15.2090702057, 16.0101585388, 16.8112468719, 17.6123352051, 18.4134235382, 19.2145118713, 20.0156002045, 20.8166885376, 21.6177768707, 22.4188652039, 23.219953537, 24.0210418701, 24.8221302032, 25.6232185364, 26.435918808, 27.2370071411, 28.0380954742, 28.8507938385, 29.6518821716, 30.4645805359, 31.265668869, 32.0783653259, 32.8794555664, 33.6921539307, 34.4932403564, 35.2943305969, 36.0838088989, 36.8848991394, 37.6859855652, 38.4986839294, 39.2997741699, 40.1008605957, 40.91355896, 41.7262573242, 42.5389556885, 43.3284339905, 44.1179122925, 44.919002533, 45.7200889587, 46.532787323, 47.3454856873, 48.1465759277, 48.9476623535, 49.748752594, 50.5498390198, 51.3509292603, 52.152015686, 52.941493988, 53.7541923523, 54.5668907166, 55.367980957, 56.1690673828, 56.9817695618, 57.794467926, 58.5955543518, 59.3966445923, 60.1977310181, 60.9988212585, 61.7882995605, 62.6009979248, 63.4136962891, 64.2147827148, 65.0274810791, 65.8285675049, 66.6180496216, 67.4307479858, 68.2318344116, 69.0329208374, 69.8224029541, 70.6351013184, 71.4245758057, 72.2256698608, 73.0267562866, 73.8278427124, 74.6289291382, 75.4416275024, 76.2543258667, 77.0554199219, 77.8565063477, 78.6692047119, 79.4819030762, 80.282989502, 81.0840835571, 81.8851699829, 82.6862564087, 83.4989547729, 84.3116531372, 85.1011352539, 85.9022216797, 86.7033081055, 87.5160064697, 88.3054885864, 89.0949630737, 89.907661438, 90.7087478638, 91.5098419189, 92.3225402832, 93.1352386475, 93.9479370117, 94.760635376, 95.5617218018, 96.3628082275, 97.1638946533, 97.9649887085, 98.7660751343, 99.5671615601, 100.379859924, 101.180953979, 101.982040405, 102.783126831, 103.584213257, 104.385307312, 105.186393738, 105.987480164, 106.788566589, 107.601264954, 108.413963318, 109.215057373, 110.016143799, 110.817230225, 111.61831665, 112.431015015, 113.23210907, 114.033195496, 114.834281921, 115.635368347, 116.436462402, 117.249160767, 118.050247192, 118.862945557, 119.664031982, 120.465126038, 121.266212463, 122.067298889, 122.879997253, 123.681083679, 124.482177734, 125.28326416, 126.084350586, 126.885437012, 127.686531067, 128.487609863, 129.288711548, 130.089797974, 130.890884399, 131.691970825, 132.504669189, 133.305755615, 134.118453979, 134.931152344, 135.720626831, 136.510116577, 137.299591064, 138.112289429, 138.924987793, 139.726074219, 140.538772583, 141.351470947, 142.152557373, 142.953643799, 143.754730225, 144.555831909, 145.356918335, 146.169616699, 146.982315063, 147.783401489, 148.584487915, 149.385574341, 150.186660767, 150.976135254, 151.788833618, 152.601531982, 153.402633667, 154.203720093, 155.004806519, 155.805892944, 156.595367432, 157.408065796, 158.22076416, 159.033462524, 159.83454895, 160.635650635, 161.436737061, 162.237823486, 163.050521851, 163.839996338, 164.629470825, 165.442169189, 166.254867554, 167.067565918, 167.868652344, 168.681350708, 169.482452393, 170.295150757, 171.096237183, 171.897323608, 172.698410034, 173.49949646, 174.300582886, 175.090057373, 175.891159058, 176.692245483, 177.504943848, 178.306030273, 179.118728638, 179.931427002, 180.744125366, 181.533599854, 182.323074341, 183.124176025, 183.925262451, 184.726348877, 185.527435303, 186.340133667, 187.152832031, 187.965530396, 188.766616821, 189.579315186, 190.380401611, 191.181488037, 191.970977783, 192.772064209, 193.573150635, 194.374237061, 195.186935425, 195.988021851, 196.789108276, 197.590194702, 198.391296387, 199.203994751, 200.016693115, 200.817779541, 201.618865967, 202.419952393, 203.221038818, 204.033737183, 204.846435547, 205.635910034, 206.42539978, 207.098770142, 207.772155762, 208.306213379, 208.840270996, 209.374328613, 209.919998169, 210.465667725, 211.01133728, 211.545394897, 212.091064453, 212.62512207, 213.159179688, 213.693237305, 214.23890686, 214.772964478, 215.307022095, 215.841079712, 216.386749268, 216.920806885, 217.454864502, 217.977325439, 218.499771118, 219.033828735, 219.567886353, 220.10194397, 220.636001587, 221.170059204, 221.704116821, 222.238174438, 222.772247314, 223.306304932, 223.840362549, 224.374420166, 224.908477783, 225.430923462, 225.976593018, 226.510650635, 227.044708252, 227.578765869, 228.112823486, 228.646896362, 229.192550659, 229.738220215, 230.272293091, 230.806350708, 231.340408325, 231.874465942, 232.420135498, 232.965805054, 233.499862671, 234.033920288, 234.567977905, 235.102035522, 235.63609314, 236.170150757, 236.704208374, 237.238265991, 237.772338867, 238.306396484, 238.840454102, 239.374511719, 239.908569336, 240.454238892, 240.988296509, 241.522354126, 242.068023682, 242.602081299, 243.136138916, 243.670196533, 244.20425415, 244.738311768, 245.272369385, 245.806442261, 246.328887939, 246.874557495, 247.420227051, 247.954284668, 248.499954224, 249.034011841, 249.568069458, 250.102127075, 250.636184692, 251.17024231, 251.704299927, 252.238357544, 252.772415161, 253.306488037, 253.840545654, 254.374603271, 254.920272827, 255.465942383, 256, 256.534057617, 257.056488037, 257.590576172, 258.136230469, 258.670288086, 259.204345703, 259.73840332, 260.272460938, 260.806518555, 261.340576172, 261.874633789, 262.408691406, 262.954376221, 263.488433838, 264.022491455, 264.568145752, 265.102203369, 265.647888184, 266.170349121, 266.704406738, 267.238464355, 267.772521973, 268.30657959, 268.840637207, 269.374694824, 269.908752441, 270.442810059, 270.976867676, 271.510925293, 272.05657959, 272.602264404, 273.136322021, 273.658782959, 274.192840576, 274.726898193, 275.27255249, 275.818237305, 276.352294922, 276.874725342, 277.408782959, 277.942840576, 278.488525391, 279.022583008, 279.556640625, 280.090698242, 280.636352539, 281.170440674, 281.704498291, 282.238555908, 282.772613525, 283.306671143, 283.84072876, 284.374786377, 284.920440674, 285.454498291, 286.000183105, 286.545837402, 287.091522217, 287.637176514, 288.182861328, 288.705291748, 289.227752686, 289.761810303, 290.29586792, 290.818328857, 291.352386475, 291.886444092, 292.420501709, 293.070648193, 293.720825195, 294.359344482, 294.997894287, 295.636444092, 296.286621094, 296.925170898, 297.563720703, 298.202270508, 298.840820312, 299.479370117, 300.187561035, 300.884155273, 301.569152832, 302.26574707, 302.962341309, 303.658966064, 304.355560303, 305.052154541, 305.748748779, 306.364074707, 306.979400635, 307.594726562, 308.21005249, 308.825378418, 309.371063232, 309.916717529, 310.473999023, 310.996459961, 311.507293701, 312.018127441, 312.470916748, 312.912109375, 313.353271484, 313.794464111, 314.235626221, 314.676818848, 315.152832031, 315.628845215, 316.104858398, 316.615692139, 317.126525879, 317.637359619, 318.148193359, 318.64743042, 319.14666748, 319.657501221, 320.179962158, 320.702392578, 321.224853516, 321.735687256, 322.234924316, 322.734130859, 323.23336792, 323.73260498, 324.220214844, 324.719451904, 325.218688965, 325.706298828, 326.193908691, 326.681549072, 327.169158936, 327.656768799, 328.144378662, 328.643615723, 329.142852783, 329.630462646, 330.129699707, 330.628936768, 331.116546631, 331.604156494, 332.091796875, 332.579406738, 333.067016602, 333.554656982, 334.042266846, 334.541503906, 335.02911377, 335.52835083, 336.015960693, 336.503570557, 337.002807617, 337.502044678, 337.989654541, 338.488891602, 338.976501465, 339.464111328, 339.963348389, 340.450958252, 340.938598633, 341.426208496, 341.913818359, 342.40145874, 342.900665283, 343.399902344, 343.887512207, 344.386749268, 344.885986328, 345.373596191, 345.872833252, 346.372070312, 346.859680176, 347.347290039, 347.834899902, 348.322540283, 348.810150146, 349.29776001, 349.79699707, 350.296234131, 350.783843994, 351.271453857, 351.759094238, 352.258300781, 352.757537842, 353.245178223, 353.732788086, 354.220397949, 354.708007812, 355.195648193, 355.683258057, 356.182495117, 356.68170166, 357.169342041, 357.656951904, 358.156188965, 358.643798828, 359.143035889, 359.630645752, 360.129882812, 360.629119873, 361.116729736, 361.6043396, 362.10357666, 362.602813721, 363.090423584, 363.578033447, 364.065673828, 364.553283691, 365.040893555, 365.528533936, 366.016143799, 366.503753662, 367.002990723, 367.502227783, 367.989837646, 368.47744751, 368.965057373, 369.464294434, 369.963531494, 370.451141357, 370.938781738, 371.426391602, 371.925628662, 372.424835205, 372.912475586, 373.400085449, 373.887695312, 374.375335693, 374.862945557, 375.362182617, 375.86138916, 376.360626221, 376.848236084, 377.347473145, 377.846710205, 378.334320068, 378.821929932, 379.309570312, 379.808776855, 380.296417236, 380.7840271, 381.28326416, 381.770874023, 382.270111084, 382.757720947, 383.245330811, 383.744567871, 384.232177734, 384.719818115, 385.219055176, 385.706665039, 386.194274902, 386.681884766, 387.169525146, 387.668731689, 388.16796875, 388.655578613, 389.143218994, 389.630828857, 390.118438721, 390.606079102, 391.105285645, 391.604522705, 392.092132568, 392.579772949, 393.07901001, 393.578216553, 394.065856934, 394.553466797, 395.04107666, 395.528686523, 396.016326904, 396.503936768, 396.991546631, 397.479187012, 397.978393555, 398.477630615, 398.965240479, 399.464477539, 399.9637146, 400.451324463, 400.950561523, 401.449798584, 401.937408447, 402.425018311, 402.912658691, 403.400268555, 403.887878418, 404.375488281, 404.863128662, 405.350738525, 405.849975586, 406.349212646, 406.83682251, 407.33605957, 407.835266113, 408.322906494, 408.822113037, 409.321350098, 409.808959961, 410.296600342, 410.784210205, 411.283447266, 411.771057129, 412.258666992, 412.746307373, 413.245513916, 413.733154297, 414.22076416, 414.708374023, 415.207611084, 415.695220947, 416.194458008, 416.682067871, 417.169708252, 417.657318115, 418.144927979, 418.632568359, 419.131774902, 419.631011963, 420.118621826, 420.617858887, 421.117095947, 421.604705811, 422.092315674, 422.579956055, 423.079162598, 423.578399658, 424.066009521, 424.565246582, 425.064483643, 425.563720703, 426.062927246, 426.562164307, 427.072998047, 427.583831787, 428.094696045, 428.617126465, 429.127960205, 429.650421143, 430.17288208, 430.68371582, 431.194549561, 431.705383301, 432.216217041, 432.727081299, 433.237915039, 433.748748779, 434.25958252, 434.77041626, 435.28125, 435.792114258, 436.302947998, 436.813781738, 437.324615479, 437.835449219, 438.346282959, 438.857147217, 439.367980957, 439.878814697, 440.389648438, 440.900482178, 441.411315918, 441.922180176, 442.433013916, 442.943847656, 443.454681396, 443.965515137, 444.604064941, 445.242614746, 445.881164551, 446.531341553, 447.169891357, 447.820037842, 448.470184326, 449.050689697, 449.631195068, 450.211700439, 450.792205811, 451.372680664, 451.883514404, 452.382751465, 452.881988525, 453.392822266, 453.892059326, 454.402893066], "danceability": 0.932426869869, "bpm_histogram_second_peak_spread": {"dvar": 0, "var": 0, "median": 0.411764740944, "max": 0.411764740944, "dmean": 0, "dmean2": 0, "mean": 0.411764740944, "dvar2": 0, "min": 0.411764740944}}, "lowlevel": {"spectral_flux": {"dvar": 0.000487652781885, "var": 0.0017097746022, "median": 0.0364053435624, "max": 0.344220936298, "dmean": 0.0138910505921, "dmean2": 0.0226380135864, "mean": 0.0452594459057, "dvar2": 0.00123175280169, "min": 6.34554839229e-11}, "spectral_rolloff": {"dvar": 293573.15625, "var": 2284272.25, "median": 516.796875, "max": 19487.5488281, "dmean": 190.608718872, "dmean2": 317.237365723, "mean": 868.346862793, "dvar2": 609139.0625, "min": 64.599609375}, "barkbands_flatness_db": {"dvar": 0.000306811823975, "var": 0.00269699655473, "median": 0.198966920376, "max": 0.429897218943, "dmean": 0.0179528035223, "dmean2": 0.0280965548009, "mean": 0.198827669024, "dvar2": 0.000735465320759, "min": 0.0273147709668}, "spectral_centroid": {"dvar": 31827.9160156, "var": 603568.375, "median": 605.537841797, "max": 11677.3359375, "dmean": 113.894180298, "dmean2": 175.303527832, "mean": 772.181945801, "dvar2": 66268.4921875, "min": 121.543998718}, "melbands_skewness": {"dvar": 0.414406687021, "var": 2.86407494545, "median": 2.26094818115, "max": 15.9708271027, "dmean": 0.558395981789, "dmean2": 0.875689566135, "mean": 2.57246994972, "dvar2": 1.06872034073, "min": -1.92217934132}, "melbands": {"dvar": [1.69889960944e-06, 5.82711152219e-07, 5.41346651062e-07, 3.65708160643e-07, 2.04030811801e-07, 1.65867575674e-07, 2.38234775907e-07, 2.36447888824e-07, 1.25221347957e-07, 3.1877071649e-08, 2.46218991862e-08, 1.72390972608e-08, 1.01513935036e-08, 1.19306760027e-08, 7.74934605374e-09, 4.02154398671e-09, 1.03610622304e-08, 4.58928273162e-09, 2.02952099571e-09, 8.62006466207e-10, 8.31315072336e-10, 1.83231818607e-10, 3.7568800848e-10, 4.0683560687e-11, 2.8424779891e-11, 1.45787635436e-11, 8.94933866596e-12, 3.75336870959e-12, 2.90761490405e-12, 2.04947343818e-12, 3.07665047952e-12, 5.79822865068e-12, 3.94915653998e-12, 8.04958964068e-12, 7.39144943168e-12, 4.99664112169e-12, 3.47522184641e-12, 1.35508130324e-12, 8.06877839283e-13, 4.2521460528e-13], "var": [1.54193696744e-06, 1.06496065655e-06, 1.17450190373e-06, 1.13798796519e-06, 7.00624127603e-07, 4.76275033634e-07, 1.11061183361e-06, 1.80370068392e-06, 4.50525078577e-07, 1.34735117285e-07, 1.6678627901e-07, 7.16952897051e-08, 5.29480992384e-08, 1.0246330362e-07, 2.47489406746e-08, 8.59876969628e-09, 4.19647179228e-08, 1.75492722576e-08, 8.98924223947e-09, 3.17034287711e-09, 3.29485305706e-09, 1.38948275108e-09, 3.53204665515e-09, 1.6006060366e-10, 6.37890434918e-11, 2.95079516377e-11, 1.49912599695e-11, 8.38507128315e-12, 5.61146788758e-12, 4.13583186795e-12, 6.32622686875e-12, 1.12467474569e-11, 9.794624313e-12, 1.48681674611e-11, 1.86389844531e-11, 1.31885353333e-11, 8.34231728836e-12, 3.12610072377e-12, 1.27041508823e-12, 8.32055941074e-13], "median": [4.04672100558e-05, 0.000204881129321, 0.000350239424733, 0.00034166694968, 0.000227199532674, 0.000142832170241, 9.29044472286e-05, 5.87767717661e-05, 2.54181795754e-05, 1.81126197276e-05, 1.18430043585e-05, 1.37504530358e-05, 1.16900937428e-05, 6.5160502345e-06, 4.55896815765e-06, 4.06979370382e-06, 3.57694079867e-06, 3.28037958752e-06, 3.19644595947e-06, 2.56234557128e-06, 1.50073856275e-06, 1.41362477279e-06, 9.19130911825e-07, 6.58544877297e-07, 5.37991184046e-07, 3.53262606723e-07, 2.25248200536e-07, 1.28234233898e-07, 8.64826859015e-08, 6.42677804308e-08, 4.59811602127e-08, 3.68632626646e-08, 2.78222742622e-08, 1.74223604432e-08, 1.12492593018e-08, 9.6595922372e-09, 6.8891807814e-09, 5.72590019843e-09, 4.04360545048e-09, 2.7458035845e-09], "max": [0.0158684961498, 0.013356231153, 0.0203304085881, 0.0150763979182, 0.0150880459696, 0.0165127571672, 0.0166508927941, 0.0191570930183, 0.0142431845888, 0.00755913835019, 0.00688962219283, 0.00580577133223, 0.00573138380423, 0.00605113431811, 0.00645757326856, 0.00314148957841, 0.00590170733631, 0.00392112601548, 0.00249659782276, 0.00186445948202, 0.00164033216424, 0.000622753461357, 0.00102742679883, 0.000212334256503, 0.000234174498473, 0.000159543124028, 0.000159005765454, 8.06549505796e-05, 7.73391875555e-05, 6.49374196655e-05, 8.50321011967e-05, 0.000180863557034, 8.42858207761e-05, 0.000168037004187, 0.000120401258755, 8.19790584501e-05, 8.73703102116e-05, 5.07356744492e-05, 4.98002082168e-05, 3.4632961615e-05], "dmean": [0.000314253033139, 0.000295259611448, 0.000346606859239, 0.000286529219011, 0.000178866044735, 0.0001399613393, 0.000137529699714, 0.000137882016134, 8.23142108857e-05, 4.56074158137e-05, 4.33844215877e-05, 3.48281937477e-05, 2.75616639556e-05, 2.12074919546e-05, 1.7946045773e-05, 1.39276426125e-05, 1.95855609491e-05, 1.54060617206e-05, 1.01374425867e-05, 7.10435597284e-06, 5.69501753489e-06, 4.48196806246e-06, 5.03653154738e-06, 2.14224110096e-06, 1.41778764373e-06, 1.04422815639e-06, 7.00828366007e-07, 5.49806884464e-07, 3.79648412263e-07, 2.84109802351e-07, 3.09076028771e-07, 3.70899414293e-07, 3.37547191975e-07, 3.43673235648e-07, 3.4237075397e-07, 2.98685876032e-07, 2.63638071374e-07, 1.83452684155e-07, 1.3692489631e-07, 1.06210670481e-07], "dmean2": [0.000521640351508, 0.000489380036015, 0.000550034164917, 0.000449121027486, 0.000277198967524, 0.000214090468944, 0.000196345135919, 0.000194067513803, 0.00011276488658, 6.36064360151e-05, 5.99841041549e-05, 4.91078717459e-05, 4.07197876484e-05, 3.12377560476e-05, 2.5979394195e-05, 2.14459741983e-05, 2.82656546915e-05, 2.34789458773e-05, 1.52316206368e-05, 1.10027485789e-05, 8.99050519365e-06, 7.12411701898e-06, 7.7086415331e-06, 3.30480793309e-06, 2.20469405576e-06, 1.64575419603e-06, 1.10987241442e-06, 8.7131439841e-07, 5.98485257797e-07, 4.41921258698e-07, 4.76211965861e-07, 5.63448679713e-07, 5.01412216636e-07, 5.17680973644e-07, 5.12868041369e-07, 4.4785758746e-07, 3.96533039293e-07, 2.76269531696e-07, 2.1217240942e-07, 1.61239896102e-07], "mean": [0.000367895088857, 0.000561447057407, 0.000695546623319, 0.00071975577157, 0.000476017128676, 0.000356184784323, 0.000359329889761, 0.0003944853961, 0.000203397023142, 0.000109258617158, 0.000120607495774, 8.72590171639e-05, 6.86159401084e-05, 5.41302324564e-05, 3.47640198015e-05, 2.53579037235e-05, 3.95246934204e-05, 2.81162465399e-05, 2.12606773857e-05, 1.46082411447e-05, 1.35706995934e-05, 1.11921281132e-05, 1.40012934935e-05, 4.77709681945e-06, 2.7554378903e-06, 1.98861175704e-06, 1.33779644784e-06, 1.07710764041e-06, 7.16077465768e-07, 5.16539387263e-07, 5.37968901426e-07, 6.30630268006e-07, 5.89711021348e-07, 5.36794686923e-07, 5.73838519813e-07, 5.13692953064e-07, 4.48814262199e-07, 2.99000049608e-07, 2.10957011859e-07, 1.689847835e-07], "dvar2": [4.08560345022e-06, 1.44571390592e-06, 1.37060612815e-06, 9.14423878839e-07, 4.88225566642e-07, 3.87703835258e-07, 4.51277429647e-07, 4.4412777811e-07, 2.49778821626e-07, 5.70824667534e-08, 4.77377000152e-08, 3.56274618696e-08, 2.05021279953e-08, 2.05365129347e-08, 1.36837323694e-08, 8.50166070876e-09, 1.92384455033e-08, 8.74273098361e-09, 3.7933003405e-09, 1.71896796797e-09, 2.16100737305e-09, 4.29978969096e-10, 8.26359980444e-10, 9.07857608534e-11, 6.29831950483e-11, 3.57317439525e-11, 2.2964808874e-11, 9.16970839537e-12, 7.43011034643e-12, 4.58413688953e-12, 7.08623524442e-12, 1.36522876337e-11, 7.94554266131e-12, 1.79389975097e-11, 1.55972543908e-11, 1.02754393536e-11, 7.26718468388e-12, 2.89042184284e-12, 2.01937425115e-12, 9.37388296325e-13], "min": [9.46264195184e-25, 2.55931267608e-24, 3.03771382217e-24, 1.42947719559e-24, 6.01185916184e-25, 1.54888283068e-24, 1.37518216746e-24, 1.96413684461e-24, 1.35484198066e-24, 1.86140289728e-24, 1.48353773482e-24, 2.22328080742e-24, 1.30500953867e-24, 2.59709832458e-24, 2.76021267167e-24, 1.98253919459e-24, 3.53424989441e-24, 3.32334359266e-24, 3.17383551846e-24, 3.76598449063e-24, 3.93286998728e-24, 4.10993021189e-24, 3.33546325718e-24, 3.58954036639e-24, 3.55275381023e-24, 4.69213125362e-24, 4.17609907576e-24, 5.64886570378e-24, 5.04030408604e-24, 6.06382507815e-24, 4.66711450216e-24, 4.49312018546e-24, 4.78495178317e-24, 5.98892234077e-24, 5.70970423451e-24, 6.19104309862e-24, 6.46671488068e-24, 5.77355384732e-24, 5.76799316679e-24, 6.45938005198e-24]}, "spectral_decrease": {"dvar": 3.59843418795e-18, "var": 2.29154192511e-17, "median": -2.39117681211e-09, "max": 1.30556407961e-18, "dmean": 1.00128427771e-09, "dmean2": 1.52915524687e-09, "mean": -4.23777102299e-09, "dvar2": 7.9999920947e-18, "min": -3.56160718695e-08}, "barkbands_kurtosis": {"dvar": 91.6101226807, "var": 867.781616211, "median": 4.87118530273, "max": 1158.05712891, "dmean": 3.53180217743, "dmean2": 5.63194274902, "mean": 8.486577034, "dvar2": 229.32510376, "min": -1.89728426933}, "silence_rate_30dB": {"dvar": 0.000916742254049, "var": 0.000560466432944, "median": 1, "max": 1, "dmean": 0.000917945813853, "dmean2": 0.00183598534204, "mean": 0.999439060688, "dvar2": 0.00254697958007, "min": 0}, "gfcc": {"mean": [-153.086975098, 142.492935181, -114.568473816, 19.563457489, -52.486946106, 0.193836733699, -43.4956245422, 1.01674354076, -23.179851532, -4.52709770203, -13.9595537186, -4.7416510582, -8.30179977417], "cov": [[38435.09375, 1709.5189209, -3723.73828125, -541.360778809, -1455.38391113, -500.563018799, -1243.51171875, -676.15612793, -364.323425293, -1043.41491699, -188.387420654, -754.280212402, 33.6853981018], [1709.5189209, 1980.07165527, -241.965682983, -219.409179688, 429.890411377, -456.64642334, 279.357727051, -190.09538269, 181.076828003, -65.5712814331, 207.42755127, -88.2362442017, 131.600265503], [-3723.73828125, -241.965682983, 804.661804199, 128.177398682, 163.862121582, 160.508178711, 116.38218689, 129.14440918, 30.0171833038, 155.266769409, 34.2040634155, 104.854972839, -23.0455951691], [-541.360778809, -219.409179688, 128.177398682, 320.245819092, 55.4030685425, 59.6770858765, 25.3069839478, 43.0672874451, 10.3580141068, 36.2990379333, 4.8724527359, 47.7724342346, 20.0133113861], [-1455.38391113, 429.890411377, 163.862121582, 55.4030685425, 422.585418701, -45.7372779846, 170.630264282, 14.0263910294, 80.4607162476, 65.7608337402, 76.1292190552, 42.5858230591, 52.8568077087], [-500.563018799, -456.64642334, 160.508178711, 59.6770858765, -45.7372779846, 304.544799805, 6.36492156982, 81.1999893188, -27.4267520905, 52.1382026672, -30.7937335968, 29.820848465, -40.9789428711], [-1243.51171875, 279.357727051, 116.38218689, 25.3069839478, 170.630264282, 6.36492156982, 273.427062988, 18.2861747742, 74.9993972778, 55.3012466431, 55.9721107483, 32.3889732361, 19.6074047089], [-676.15612793, -190.09538269, 129.14440918, 43.0672874451, 14.0263910294, 81.1999893188, 18.2861747742, 139.609436035, 22.0453872681, 49.4138412476, -7.65246725082, 34.9172935486, -9.15117168427], [-364.323425293, 181.076828003, 30.0171833038, 10.3580141068, 80.4607162476, -27.4267520905, 74.9993972778, 22.0453872681, 112.711456299, 43.8742637634, 40.6609191895, -4.60889148712, 13.4827165604], [-1043.41491699, -65.5712814331, 155.266769409, 36.2990379333, 65.7608337402, 52.1382026672, 55.3012466431, 49.4138412476, 43.8742637634, 136.60546875, 30.7325401306, 31.672328949, -13.8431110382], [-188.387420654, 207.42755127, 34.2040634155, 4.8724527359, 76.1292190552, -30.7937335968, 55.9721107483, -7.65246725082, 40.6609191895, 30.7325401306, 93.803237915, 14.5909519196, 22.6206359863], [-754.280212402, -88.2362442017, 104.854972839, 47.7724342346, 42.5858230591, 29.820848465, 32.3889732361, 34.9172935486, -4.60889148712, 31.672328949, 14.5909519196, 91.6494750977, 17.3783512115], [33.6853981018, 131.600265503, -23.0455951691, 20.0133113861, 52.8568077087, -40.9789428711, 19.6074047089, -9.15117168427, 13.4827165604, -13.8431110382, 22.6206359863, 17.3783512115, 72.0386352539]], "icov": [[7.54368738853e-05, -0.000205036718398, 0.00026437084307, -0.00014657304564, 0.000196880777366, -0.000252365978668, 0.00028142350493, -8.9248023869e-05, 0.000107393600047, 9.0483117674e-05, -7.48657930671e-06, 8.50422002259e-05, 6.77544740029e-05], [-0.000205036718398, 0.00250541768037, -0.000626845343504, 0.00136812473647, -0.00173073832411, 0.00223671155982, -0.00186262931675, 0.00110049720388, -0.00119039905258, 0.000766882440075, -0.00211112224497, 0.00127270806115, -0.00114659103565], [0.00026437084307, -0.000626845343504, 0.00296361884102, -0.000748095859308, 8.48296040203e-05, -0.00124938832596, 0.000729919061996, -0.00105723715387, 0.000784607022069, -0.000828747288324, -0.000332085794071, -0.000736316549592, 0.00104729202576], [-0.00014657304564, 0.00136812473647, -0.000748095859308, 0.00441966159269, -0.00121592672076, 0.000708671112079, -0.000889980408829, 0.000385292514693, -0.000953081995249, 0.000123037170852, -0.000611994590145, -0.000486595294205, -0.00179987621959], [0.000196880777366, -0.00173073832411, 8.48296040203e-05, -0.00121592672076, 0.00519328052178, -0.000991948414594, -0.000182335861609, -0.00052116101142, 0.000106574530946, -0.00101638864726, 0.000467580510303, -0.000842872192152, -0.00111545948312], [-0.000252365978668, 0.00223671155982, -0.00124938832596, 0.000708671112079, -0.000991948414594, 0.00695696333423, -0.00244498788379, -0.000978849129751, 0.000604610075243, -0.000596901751123, -0.000887569272891, 0.000852547353134, 0.000506987620611], [0.00028142350493, -0.00186262931675, 0.000729919061996, -0.000889980408829, -0.000182335861609, -0.00244498788379, 0.00740788504481, -0.000233976534219, -0.00176220887806, -0.00019097434415, 0.000204597818083, -0.00176109897438, 0.00110249419231], [-8.9248023869e-05, 0.00110049720388, -0.00105723715387, 0.000385292514693, -0.00052116101142, -0.000978849129751, -0.000233976534219, 0.011345686391, -0.00390152470209, -0.00100263010245, 0.00140497810207, -0.0023386918474, -0.000422850396717], [0.000107393600047, -0.00119039905258, 0.000784607022069, -0.000953081995249, 0.000106574530946, 0.000604610075243, -0.00176220887806, -0.00390152470209, 0.0157718472183, -0.00410648714751, -0.00240017706528, 0.00399547908455, -0.00106120842975], [9.0483117674e-05, 0.000766882440075, -0.000828747288324, 0.000123037170852, -0.00101638864726, -0.000596901751123, -0.00019097434415, -0.00100263010245, -0.00410648714751, 0.0132649382576, -0.00373304844834, -0.00135912571568, 0.0034059304744], [-7.48657930671e-06, -0.00211112224497, -0.000332085794071, -0.000611994590145, 0.000467580510303, -0.000887569272891, 0.000204597818083, 0.00140497810207, -0.00240017706528, -0.00373304844834, 0.0180281512439, -0.00326356384903, -0.00194310361985], [8.50422002259e-05, 0.00127270806115, -0.000736316549592, -0.000486595294205, -0.000842872192152, 0.000852547353134, -0.00176109897438, -0.0023386918474, 0.00399547908455, -0.00135912571568, -0.00326356384903, 0.0177843701094, -0.00545388739556], [6.77544740029e-05, -0.00114659103565, 0.00104729202576, -0.00179987621959, -0.00111545948312, 0.000506987620611, 0.00110249419231, -0.000422850396717, -0.00106120842975, 0.0034059304744, -0.00194310361985, -0.00545388739556, 0.0203114002943]]}, "silence_rate_20dB": {"dvar": 0, "var": 0, "median": 1, "max": 1, "dmean": 0, "dmean2": 0, "mean": 1, "dvar2": 0, "min": 1}, "barkbands_skewness": {"dvar": 0.286227226257, "var": 2.34648704529, "median": 1.77373480797, "max": 29.9471130371, "dmean": 0.460913687944, "dmean2": 0.72248506546, "mean": 1.94904565811, "dvar2": 0.711661696434, "min": -2.68865323067}, "erbbands_skewness": {"dvar": 0.0934291705489, "var": 0.638076007366, "median": 0.732326626778, "max": 5.50618505478, "dmean": 0.31097355485, "dmean2": 0.47227704525, "mean": 0.717830479145, "dvar2": 0.204389065504, "min": -2.78992533684}, "spectral_contrast_valleys": {"dvar": [0.142337530851, 0.0583718158305, 0.0533547177911, 0.0639820843935, 0.0458473190665, 0.109912149608], "var": [4.08344125748, 4.62115097046, 4.44879817963, 4.60556077957, 4.29385852814, 3.97348570824], "median": [-7.67842912674, -6.99517440796, -7.86205911636, -8.37357902527, -8.87460041046, -12.2110900879], "max": [-5.29641532898, -4.8354382515, -5.17751789093, -5.71390151978, -5.99026966095, -7.67701148987], "dmean": [0.406799197197, 0.290168374777, 0.270814865828, 0.247864156961, 0.202939689159, 0.268633306026], "dmean2": [0.665562033653, 0.474674969912, 0.439670562744, 0.393561184406, 0.308029055595, 0.367785304785], "mean": [-8.24555873871, -7.67597770691, -8.48413085938, -8.92767047882, -9.42517566681, -12.4003505707], "dvar2": [0.333300590515, 0.147399872541, 0.128531470895, 0.127132132649, 0.0860099121928, 0.169759094715], "min": [-28.1293506622, -28.059885025, -28.0515079498, -27.711894989, -27.5208320618, -27.468793869]}, "spectral_strongpeak": {"dvar": 0.469104737043, "var": 1.9821921587, "median": 0.320381730795, "max": 14.4592065811, "dmean": 0.311616897583, "dmean2": 0.510935902596, "mean": 0.837065756321, "dvar2": 1.04785001278, "min": 0}, "erbbands_crest": {"dvar": 4.32763433456, "var": 22.069229126, "median": 8.28084278107, "max": 32.3176841736, "dmean": 2.05982470512, "dmean2": 3.21813440323, "mean": 9.38483524323, "dvar2": 10.0119009018, "min": 1.9223484993}, "barkbands_crest": {"dvar": 4.48772621155, "var": 17.0103931427, "median": 9.47478485107, "max": 26.3223838806, "dmean": 2.15576601028, "dmean2": 3.48696875572, "mean": 10.4912757874, "dvar2": 11.8675336838, "min": 2.60061740875}, "spectral_energyband_middle_low": {"dvar": 2.50128105108e-05, "var": 0.000183734795428, "median": 0.00580669380724, "max": 0.105983234942, "dmean": 0.00271377782337, "dmean2": 0.00406377296895, "mean": 0.0109338313341, "dvar2": 5.47930176253e-05, "min": 1.25709125189e-22}, "spectral_contrast_coeffs": {"dvar": [0.00152203405742, 0.000994740752503, 0.000664926774334, 0.000468316546176, 0.00024777741055, 0.000270864344202], "var": [0.014688401483, 0.00925172865391, 0.00668744649738, 0.00439505744725, 0.00342502305284, 0.00295033073053], "median": [-0.623460233212, -0.713944673538, -0.7850009799, -0.808715701103, -0.791970729828, -0.781107783318], "max": [-0.274014472961, -0.322326779366, -0.422162234783, -0.498892992735, -0.549468398094, -0.609778523445], "dmean": [0.0448676384985, 0.0365297794342, 0.0310069713742, 0.0247996300459, 0.0185615904629, 0.0175500139594], "dmean2": [0.0733353868127, 0.0588670559227, 0.0499301925302, 0.0404594689608, 0.0303793270141, 0.0269604288042], "mean": [-0.633065283298, -0.715236783028, -0.779373943806, -0.803656160831, -0.79559636116, -0.786141335964], "dvar2": [0.00378310005181, 0.00246829958633, 0.00165132794064, 0.00114508974366, 0.000629710790236, 0.000571476528421], "min": [-0.975486934185, -0.983651518822, -0.974467396736, -0.971465229988, -0.966309547424, -0.965142011642]}, "hfc": {"dvar": 18.8846073151, "var": 203.649368286, "median": 3.54217481613, "max": 102.210899353, "dmean": 1.99868941307, "dmean2": 2.88321423531, "mean": 9.98906898499, "dvar2": 37.1015014648, "min": 1.06628034499e-16}, "spectral_energyband_high": {"dvar": 1.46780820387e-07, "var": 4.76009120121e-07, "median": 1.10865439638e-05, "max": 0.0130132669583, "dmean": 6.8241628469e-05, "dmean2": 9.70167238847e-05, "mean": 0.000152440275997, "dvar2": 2.72068064078e-07, "min": 6.72286599988e-21}, "erbbands_spread": {"dvar": 37.3347969055, "var": 317.575927734, "median": 26.3125076294, "max": 132.973526001, "dmean": 4.99827528, "dmean2": 7.59003400803, "mean": 30.5236263275, "dvar2": 79.4148025513, "min": 2.3571293354}, "dissonance": {"dvar": 0.000439815747086, "var": 0.0013272772776, "median": 0.452957302332, "max": 0.500000178814, "dmean": 0.0228393413126, "dmean2": 0.0381516851485, "mean": 0.445434004068, "dvar2": 0.00118636502884, "min": 0.219438791275}, "spectral_kurtosis": {"dvar": 23.3407611847, "var": 71.3270874023, "median": 8.91168212891, "max": 71.7675628662, "dmean": 4.02507448196, "dmean2": 6.88696241379, "mean": 11.1175308228, "dvar2": 69.5838012695, "min": -1.25652432442}, "spectral_skewness": {"dvar": 0.120572775602, "var": 0.647627353668, "median": 2.27372503281, "max": 6.47681331635, "dmean": 0.34256669879, "dmean2": 0.569141924381, "mean": 2.34816050529, "dvar2": 0.338196128607, "min": -0.0730920433998}, "pitch_salience": {"dvar": 0.00317004090175, "var": 0.0131256040186, "median": 0.606674253941, "max": 0.84874433279, "dmean": 0.0615046992898, "dmean2": 0.0999042913318, "mean": 0.591060519218, "dvar2": 0.00851920899004, "min": 0.0450772382319}, "spectral_complexity": {"dvar": 4.02203798294, "var": 58.0449142456, "median": 10, "max": 52, "dmean": 1.66821360588, "dmean2": 2.6685025692, "mean": 10.5792961121, "dvar2": 9.08454322815, "min": 0}, "spectral_spread": {"dvar": 383281397760, "var": 8589964476420.0, "median": 2914017, "max": 52349560, "dmean":