{"lowlevel": {"spectral_strongpeak": {"max": 13.6559057236, "dmean": 0.192499801517, "dvar2": 0.540419876575, "dmean2": 0.304340183735, "var": 1.32352900505, "median": 0.0206483714283, "min": 0, "dvar": 0.236012741923, "mean": 0.502449333668}, "barkbands_flatness_db": {"max": 0.546103835106, "dmean": 0.0195673368871, "dvar2": 0.001102073933, "dmean2": 0.0299654919654, "var": 0.0291043315083, "median": 0.274986892939, "min": 0.0282104201615, "dvar": 0.000550804252271, "mean": 0.331291049719}, "barkbands_skewness": {"max": 35.2340965271, "dmean": 0.475628435612, "dvar2": 0.719810962677, "dmean2": 0.777801036835, "var": 184.58782959, "median": 2.84730243683, "min": -3.62772536278, "dvar": 0.327340781689, "mean": 13.2670755386}, "spectral_energyband_middle_high": {"max": 0.107604540884, "dmean": 0.000649329158477, "dvar2": 1.20755985336e-05, "dmean2": 0.000960605160799, "var": 2.12068116525e-05, "median": 1.41118734973e-05, "min": 1.16980675884e-21, "dvar": 5.64982110518e-06, "mean": 0.00139580969699}, "erbbands_kurtosis": {"max": 55.5376358032, "dmean": 0.80124682188, "dvar2": 6.51399850845, "dmean2": 1.29805469513, "var": 5.0519323349, "median": 1.62547826767, "min": -1.82643699646, "dvar": 2.59349822998, "mean": 1.31338214874}, "erbbands_crest": {"max": 30.3911991119, "dmean": 1.72755742073, "dvar2": 14.7161455154, "dmean2": 2.79351353645, "var": 29.78556633, "median": 5.28037929535, "min": 2.32698249817, "dvar": 6.00909090042, "mean": 7.38944292068}, "dynamic_complexity": 35.1289291382, "barkbands_crest": {"max": 26.8845310211, "dmean": 1.6030087471, "dvar2": 15.7573385239, "dmean2": 2.65317058563, "var": 75.8477630615, "median": 17.1358985901, "min": 2.10019874573, "dvar": 5.99542713165, "mean": 17.6916408539}, "dissonance": {"max": 0.500000119209, "dmean": 0.0158450584859, "dvar2": 0.00125458044931, "dmean2": 0.0264277085662, "var": 0.0019210265018, "median": 0.486554801464, "min": 0.161545172334, "dvar": 0.000472264073323, "mean": 0.464613974094}, "spectral_energyband_low": {"max": 0.0293383989483, "dmean": 0.000245453964453, "dvar2": 1.79691846824e-06, "dmean2": 0.000388504879083, "var": 1.63841787071e-06, "median": 6.06064440944e-06, "min": 9.18619057799e-24, "dvar": 8.06008529253e-07, "mean": 0.000395442883018}, "spectral_contrast_coeffs": {"max": [-0.193894132972, -0.304315626621, -0.401655495167, -0.529527246952, -0.617170751095, -0.623412847519], "dmean": [0.0371153987944, 0.0346443131566, 0.0271878167987, 0.0212074667215, 0.0147966938093, 0.0129959499463], "dvar2": [0.00304744346067, 0.00307655823417, 0.00181734794751, 0.00122886453755, 0.000555905862711, 0.000544741051272], "dmean2": [0.0613376386464, 0.0564950369298, 0.0441615320742, 0.0343307033181, 0.023639716208, 0.0204114764929], "var": [0.0319370105863, 0.0201760753989, 0.00995562691242, 0.00682391086593, 0.00432921899483, 0.00602069776505], "median": [-0.737622261047, -0.851516366005, -0.876119613647, -0.880310535431, -0.868745684624, -0.813507676125], "min": [-0.979287147522, -0.977917909622, -0.977243721485, -0.973026335239, -0.966580092907, -0.96396291256], "dvar": [0.00120932864957, 0.00124982907437, 0.000762858660892, 0.000508539378643, 0.000243711678195, 0.000233156184549], "mean": [-0.679328858852, -0.792465925217, -0.84215092659, -0.851860523224, -0.858973860741, -0.830152869225]}, "silence_rate_60dB": {"max": 1, "dmean": 0.0331155657768, "dvar2": 0.0677872598171, "dmean2": 0.0662336200476, "var": 0.200954854488, "median": 1, "min": 0, "dvar": 0.0320210121572, "mean": 0.721757113934}, "mfcc": {"icov": [[0.000238419044763, -0.000351991184289, 0.000255550199654, -0.000205143805942, 0.000515013816766, -0.000284782639937, 0.000336291821441, 0.000319600891089, 6.25723114354e-05, 0.000143781449879, 0.00037461775355, -0.000378271361114, 0.000455449189758], [-0.000351991184289, 0.000992520246655, -0.000219075460336, -0.000339573336532, -0.000366492808098, 0.000156793306815, -0.00034806272015, -0.000239900866291, 0.00138283753768, 4.48100872745e-05, -0.000417774339439, 0.00103281158954, -0.000183907861356], [0.000255550199654, -0.000219075460336, 0.00427665747702, -0.000572505523451, -0.000135096954182, 0.000731012783945, -0.00059409160167, -0.000448816019343, -0.000824715010822, 0.000261068082182, 3.44773834513e-05, -0.000513385224622, -0.000943361083046], [-0.000205143805942, -0.000339573336532, -0.000572505523451, 0.00696875993162, -0.00150642427616, -0.000287889793981, 0.0003768929746, 0.000199359215912, -0.00234347651713, -0.000260267494014, 0.00228282064199, -0.000981941237114, -0.00134756846819], [0.000515013816766, -0.000366492808098, -0.000135096954182, -0.00150642427616, 0.00791746098548, -0.00620948430151, 0.000377157528419, 0.00105342059396, 0.0025564590469, -9.14860502235e-05, 0.00122245342936, -0.000261637469521, -0.0017835701583], [-0.000284782639937, 0.000156793306815, 0.000731012783945, -0.000287889793981, -0.00620948430151, 0.0163051579148, -0.00381315569393, 0.000268457777565, -0.00159938912839, 0.00160795392003, -0.00141716445796, -0.00214765174314, 2.71851240541e-05], [0.000336291821441, -0.00034806272015, -0.00059409160167, 0.0003768929746, 0.000377157528419, -0.00381315569393, 0.0108196893707, -0.00435316655785, -0.000872016360518, 0.00264950748533, -0.000512970320415, -0.00462004495785, 0.00380297773518], [0.000319600891089, -0.000239900866291, -0.000448816019343, 0.000199359215912, 0.00105342059396, 0.000268457777565, -0.00435316655785, 0.0169253312051, -0.0047754063271, 0.00257647340186, -0.00486967898905, 0.00546576874331, -0.00357166444883], [6.25723114354e-05, 0.00138283753768, -0.000824715010822, -0.00234347651713, 0.0025564590469, -0.00159938912839, -0.000872016360518, -0.0047754063271, 0.0238034650683, -0.0118075627834, 0.00327477813698, -0.00523462286219, 0.002397316508], [0.000143781449879, 4.48100872745e-05, 0.000261068082182, -0.000260267494014, -9.14860502235e-05, 0.00160795392003, 0.00264950748533, 0.00257647340186, -0.0118075627834, 0.0263034868985, -0.0125705972314, 0.00312733952887, -0.00112792069558], [0.00037461775355, -0.000417774339439, 3.44773834513e-05, 0.00228282064199, 0.00122245342936, -0.00141716445796, -0.000512970320415, -0.00486967898905, 0.00327477813698, -0.0125705972314, 0.0269762668759, -0.00914881564677, 0.00496619660407], [-0.000378271361114, 0.00103281158954, -0.000513385224622, -0.000981941237114, -0.000261637469521, -0.00214765174314, -0.00462004495785, 0.00546576874331, -0.00523462286219, 0.00312733952887, -0.00914881564677, 0.0330228693783, -0.0109624136239], [0.000455449189758, -0.000183907861356, -0.000943361083046, -0.00134756846819, -0.0017835701583, 2.71851240541e-05, 0.00380297773518, -0.00357166444883, 0.002397316508, -0.00112792069558, 0.00496619660407, -0.0109624136239, 0.0269468910992]], "cov": [[36752.3515625, 14142.4599609, -2096.47460938, 1028.328125, -1088.2635498, -347.25680542, -1472.3873291, -1358.9934082, -1588.57385254, -1047.54370117, -1033.15869141, -664.715026855, -573.168884277], [14142.4599609, 6752.30957031, -749.37487793, 453.803009033, -280.034210205, -100.135559082, -532.070556641, -516.25994873, -730.75378418, -468.853149414, -418.881439209, -301.733886719, -208.425827026], [-2096.47460938, -749.37487793, 371.917449951, -26.6399841309, 71.5072402954, 19.1431655884, 104.62827301, 92.2753448486, 101.915588379, 58.09009552, 58.0524101257, 47.6784934998, 46.2479743958], [1028.328125, 453.803009033, -26.6399841309, 208.326675415, 34.1950340271, 17.2584552765, -40.8485488892, -44.3770370483, -35.1733627319, -35.0497970581, -49.9873580933, -8.08221054077, 4.91749429703], [-1088.2635498, -280.034210205, 71.5072402954, 34.1950340271, 276.90222168, 106.455451965, 62.6376266479, 18.934179306, 8.66339874268, -2.94380998611, 5.4748840332, 30.6628742218, 43.1568756104], [-347.25680542, -100.135559082, 19.1431655884, 17.2584552765, 106.455451965, 114.671295166, 57.4887580872, 13.2250070572, 9.92093849182, -5.59231567383, 7.89063358307, 23.0931892395, 14.1128549576], [-1472.3873291, -532.070556641, 104.62827301, -40.8485488892, 62.6376266479, 57.4887580872, 197.92427063, 89.1524658203, 71.9847640991, 28.299943924, 52.7951812744, 45.4956588745, 14.4053487778], [-1358.9934082, -516.25994873, 92.2753448486, -44.3770370483, 18.934179306, 13.2250070572, 89.1524658203, 129.806488037, 77.5665588379, 43.4306678772, 54.2283401489, 22.6959781647, 20.4764328003], [-1588.57385254, -730.75378418, 101.915588379, -35.1733627319, 8.66339874268, 9.92093849182, 71.9847640991, 77.5665588379, 147.258255005, 84.2621154785, 61.0020332336, 42.2929420471, 20.7458553314], [-1047.54370117, -468.853149414, 58.09009552, -35.0497970581, -2.94380998611, -5.59231567383, 28.299943924, 43.4306678772, 84.2621154785, 101.729217529, 61.4253997803, 23.4085521698, 11.3239583969], [-1033.15869141, -418.881439209, 58.0524101257, -49.9873580933, 5.4748840332, 7.89063358307, 52.7951812744, 54.2283401489, 61.0020332336, 61.4253997803, 90.4245529175, 30.9802780151, 7.30955791473], [-664.715026855, -301.733886719, 47.6784934998, -8.08221054077, 30.6628742218, 23.0931892395, 45.4956588745, 22.6959781647, 42.2929420471, 23.4085521698, 30.9802780151, 58.0484008789, 24.1569347382], [-573.168884277, -208.425827026, 46.2479743958, 4.91749429703, 43.1568756104, 14.1128549576, 14.4053487778, 20.4764328003, 20.7458553314, 11.3239583969, 7.30955791473, 24.1569347382, 57.8720016479]], "mean": [-944.319458008, 84.9324264526, -10.5367536545, 7.09840106964, -2.9144256115, -0.460702061653, -7.01790857315, -6.69588899612, -9.08023834229, -6.09533309937, -5.4950428009, -3.6693136692, -2.63939738274]}, "melbands_spread": {"max": 206.754776001, "dmean": 3.16377067566, "dvar2": 102.667205811, "dmean2": 5.09349489212, "var": 217.136291504, "median": 5.19304275513, "min": 0.269439667463, "dvar": 43.4268760681, "mean": 10.1930351257}, "barkbands_kurtosis": {"max": 1716.76318359, "dmean": 11.3874769211, "dvar2": 968.629577637, "dmean2": 19.5347595215, "var": 178627.40625, "median": 11.5179166794, "min": -1.86227428913, "dvar": 413.198272705, "mean": 369.71987915}, "spectral_energyband_high": {"max": 0.00730785401538, "dmean": 3.87676263927e-05, "dvar2": 1.51408031002e-07, "dmean2": 6.22211737209e-05, "var": 4.59463365132e-08, "median": 5.14053567713e-07, "min": 7.09152036561e-21, "dvar": 5.79461563177e-08, "mean": 3.92267138523e-05}, "hfc": {"max": 138.885101318, "dmean": 1.8340716362, "dvar2": 71.8992538452, "dmean2": 2.70620274544, "var": 153.215835571, "median": 0.0551810897887, "min": 1.08646017703e-16, "dvar": 31.5684585571, "mean": 5.04967594147}, "spectral_skewness": {"max": 7.15134620667, "dmean": 0.259003847837, "dvar2": 0.283670723438, "dmean2": 0.429508209229, "var": 0.482642620802, "median": 1.50218844414, "min": -0.0697875842452, "dvar": 0.10851739347, "mean": 1.77953279018}, "erbbands": {"max": [0.214068189263, 2.29184627533, 19.3635177612, 55.1675987244, 101.168014526, 438.279632568, 299.015441895, 484.488525391, 1845.5378418, 2792.64306641, 2660.27832031, 1322.01647949, 1519.30334473, 3813.92431641, 4536.33398438, 953.04473877, 762.172973633, 686.440063477, 1118.33618164, 383.260253906, 266.556182861, 232.219741821, 123.072547913, 277.523101807, 193.289031982, 95.7878036499, 106.456031799, 102.296508789, 48.979549408, 26.3357257843, 22.0898590088, 21.2606620789, 47.7586898804, 22.2606601715, 6.26614665985, 3.55034446716, 0.72022163868, 0.0930600687861, 0.00648477906361, 0.000209169709706], "dmean": [0.000373819872038, 0.0101347928867, 0.129453018308, 0.420361697674, 1.45239281654, 3.34278154373, 2.62019324303, 3.4947552681, 11.9622678757, 24.2829208374, 9.76303291321, 4.09279584885, 4.83329772949, 7.6165099144, 7.41224384308, 4.73085546494, 4.95640945435, 3.74684906006, 3.7706618309, 2.95659017563, 1.68034911156, 1.27501547337, 0.954145252705, 0.859207808971, 0.576378583908, 0.562748253345, 0.559693992138, 0.441215485334, 0.245541214943, 0.147052511573, 0.0909929648042, 0.0838298723102, 0.113427788019, 0.0517907440662, 0.0135851195082, 0.00665385415778, 0.00233815913089, 0.000344194530044, 1.55065899889e-05, 3.63831054528e-06], "dvar2": [2.12072063732e-05, 0.00506246089935, 0.666574537754, 4.7687163353, 49.9138374329, 303.312194824, 187.661392212, 370.159393311, 5402.33496094, 25255.8828125, 7738.45507812, 747.339782715, 1518.94946289, 5588.05371094, 3272.03955078, 1374.48522949, 1230.3137207, 731.664428711, 775.155944824, 328.66607666, 118.438781738, 80.8922424316, 48.0660705566, 41.4393386841, 15.6794662476, 23.8046474457, 31.6141529083, 21.9116859436, 6.64896440506, 2.10796618462, 0.7524086833, 0.978134989738, 2.36209988594, 0.491922348738, 0.033965356648, 0.0107384137809, 0.00127821636852, 2.45729679591e-05, 5.61434880808e-08, 2.67761562922e-10], "dmean2": [0.000608620990533, 0.0147369168699, 0.197778657079, 0.706245005131, 2.35401415825, 5.16287279129, 3.94320487976, 5.40606212616, 17.8862609863, 35.7542037964, 14.2776927948, 5.93996191025, 7.42058563232, 11.3630771637, 10.9563417435, 7.76466703415, 7.9846496582, 5.90387201309, 5.73944759369, 4.41278886795, 2.59311962128, 1.95771944523, 1.49988937378, 1.3165872097, 0.881150603294, 0.883449196815, 0.897347390652, 0.709127008915, 0.399974524975, 0.239588752389, 0.147397115827, 0.142380028963, 0.197408109903, 0.0908719152212, 0.0238514021039, 0.0119357118383, 0.00420892285183, 0.000619172700681, 2.76117280009e-05, 5.4653432926e-06], "var": [6.58237377138e-06, 0.00554472953081, 0.603990256786, 3.13743138313, 41.0828437805, 392.87399292, 300.2449646, 378.886199951, 6816.13037109, 39326.8320312, 8588.171875, 3146.55273438, 1718.52453613, 8691.46386719, 13393.3222656, 696.670593262, 818.324829102, 486.917633057, 471.082794189, 377.578948975, 94.9025802612, 50.3246040344, 25.1505565643, 25.3335227966, 12.6535902023, 9.42583560944, 9.82817459106, 6.70173215866, 1.88099515438, 0.659777402878, 0.246179744601, 0.241214886308, 0.543209314346, 0.110198527575, 0.00745364138857, 0.0021530627273, 0.000265696493443, 5.25139057572e-06, 1.1674000433e-08, 5.77903391807e-10], "median": [2.28971675824e-05, 0.000143333949381, 0.000705246289726, 0.00324200512841, 0.008350613527, 0.0154753839597, 0.0234640743583, 0.0299777183682, 0.0315959602594, 0.0380479842424, 0.0297337807715, 0.0232403278351, 0.0290055125952, 0.0380329862237, 0.0393454134464, 0.0421917699277, 0.048469606787, 0.0518717207015, 0.0548199415207, 0.0501794219017, 0.048485275358, 0.045723810792, 0.0372248515487, 0.027324475348, 0.0166953988373, 0.00887051410973, 0.00413608923554, 0.00306607573293, 0.00347560690716, 0.0029416019097, 0.00180047517642, 0.000775626162067, 0.000264051981503, 6.42735831207e-05, 2.19962348638e-05, 8.39128824737e-06, 1.62818457738e-06, 2.22655557991e-07, 2.40552623154e-07, 1.25520799088e-07], "min": [9.54466601272e-23, 7.3850143867e-22, 1.46291223123e-21, 4.83046133919e-21, 1.45294856206e-20, 2.69615707876e-20, 4.90118891663e-20, 5.63559637673e-20, 1.48193995006e-19, 2.22724532086e-19, 2.57846465798e-19, 4.30223641775e-19, 6.57669281357e-19, 8.52422028945e-19, 7.1014251749e-19, 1.33892530769e-18, 1.44705342678e-18, 2.28100596022e-18, 2.85880712772e-18, 3.89379970518e-18, 3.25657326208e-18, 3.73187082847e-18, 5.91455231081e-18, 6.57513130337e-18, 6.40832330181e-18, 5.22797006851e-18, 9.25476800848e-18, 1.02977253013e-17, 8.86738857428e-18, 1.00782511237e-17, 1.19426359879e-17, 1.03373224372e-17, 1.03228012815e-17, 8.63107217226e-18, 6.72998364994e-18, 4.44860835358e-18, 2.3969038902e-18, 9.78458194711e-19, 2.46650653756e-19, 2.76792856783e-20], "dvar": [7.18109822628e-06, 0.00243519619107, 0.30763655901, 1.84543645382, 19.004108429, 127.267784119, 84.9706039429, 154.804550171, 2397.52636719, 11001.984375, 3253.72363281, 391.584106445, 647.013000488, 2711.53662109, 2026.4309082, 531.071350098, 493.850280762, 282.642883301, 311.391784668, 144.239379883, 51.0708198547, 34.2405204773, 19.6553916931, 17.2247543335, 7.05630302429, 9.408867836, 12.1038951874, 8.36792469025, 2.47655487061, 0.810777425766, 0.295099258423, 0.358373165131, 0.854833602905, 0.176618918777, 0.012146955356, 0.00374857895076, 0.000450858322438, 8.75226942298e-06, 1.97182234984e-08, 1.14952859731e-10], "mean": [0.000480917195091, 0.01637551561, 0.202619343996, 0.675472319126, 2.63496494293, 7.03409671783, 5.76984214783, 6.64993858337, 22.1130523682, 49.7207183838, 19.5401325226, 10.7637462616, 9.83137702942, 13.4134044647, 13.6891136169, 6.55863332748, 7.40344810486, 6.00694847107, 6.15623140335, 5.29907369614, 2.72997784615, 1.98463976383, 1.42044436932, 1.29395925999, 0.896867930889, 0.713517785072, 0.588694810867, 0.459037989378, 0.253182172775, 0.146714583039, 0.0928455293179, 0.0677130818367, 0.0808962285519, 0.0358091630042, 0.00941620394588, 0.00434405077249, 0.00150097871665, 0.000218585511902, 1.32917830342e-05, 1.02989934021e-05]}, "spectral_contrast_valleys": {"max": [-6.05935049057, -4.55733776093, -5.03035831451, -5.61250066757, -5.93986654282, -7.92254304886], "dmean": [0.455521792173, 0.398358345032, 0.339054375887, 0.298885792494, 0.25003015995, 0.278170377016], "dvar2": [0.370328634977, 0.270888149738, 0.234003469348, 0.197410270572, 0.179998859763, 0.293416559696], "dmean2": [0.748598694801, 0.641343772411, 0.53815382719, 0.466675728559, 0.366102278233, 0.385106384754], "var": [35.8841285706, 27.9729728699, 23.5745658875, 22.355676651, 17.4386043549, 11.197312355], "median": [-10.7435531616, -9.33876800537, -9.84356117249, -9.87138271332, -10.3085031509, -13.7144365311], "min": [-28.1595783234, -27.8251552582, -27.8878288269, -27.5733966827, -27.5360679626, -27.4037590027], "dvar": [0.148964866996, 0.120405264199, 0.111876793206, 0.100146248937, 0.10410001874, 0.177695125341], "mean": [-14.6780958176, -12.4360132217, -12.628027916, -12.7715368271, -12.7026109695, -15.1468048096]}, "average_loudness": 0.00163793610409, "erbbands_spread": {"max": 120.464508057, "dmean": 4.64910268784, "dvar2": 62.4238128662, "dmean2": 7.50485897064, "var": 443.230621338, "median": 41.6959190369, "min": 0.900108873844, "dvar": 26.7807807922, "mean": 42.633644104}, "melbands_flatness_db": {"max": 0.534365057945, "dmean": 0.0201976504177, "dvar2": 0.00132713851053, "dmean2": 0.0306787583977, "var": 0.0179841853678, "median": 0.332760006189, "min": 0.00234666466713, "dvar": 0.000670015055221, "mean": 0.345693677664}, "barkbands_spread": {"max": 100.838058472, "dmean": 2.30535578728, "dvar2": 46.8921890259, "dmean2": 3.66739940643, "var": 99.7080154419, "median": 4.30626296997, "min": 0.0714188888669, "dvar": 19.5873069763, "mean": 7.90530490875}, "spectral_decrease": {"max": 1.7160832658e-28, "dmean": 7.29077687112e-10, "dvar2": 9.58500580598e-18, "dmean2": 1.07773723279e-09, "var": 2.67449213801e-17, "median": -1.94787103114e-11, "min": -4.63286404795e-08, "dvar": 4.32309031307e-18, "mean": -2.20921370087e-09}, "melbands_crest": {"max": 39.9606437683, "dmean": 1.87414932251, "dvar2": 20.7273712158, "dmean2": 3.09322547913, "var": 186.450668335, "median": 20.1193847656, "min": 1.65591621399, "dvar": 7.82617473602, "mean": 24.8742465973}, "erbbands_flatness_db": {"max": 0.434873282909, "dmean": 0.0144292125478, "dvar2": 0.000802313210443, "dmean2": 0.0214304700494, "var": 0.00733675155789, "median": 0.151562154293, "min": 0.0264656487852, "dvar": 0.000397379830247, "mean": 0.162314146757}, "melbands_kurtosis": {"max": 1570.07678223, "dmean": 38.9135513306, "dvar2": 10684.5527344, "dmean2": 68.8754196167, "var": 348961.15625, "median": 19.6722602844, "min": -1.80279099941, "dvar": 3421.32788086, "mean": 518.027099609}, "spectral_rms": {"max": 0.0134044345468, "dmean": 0.000292839395115, "dvar2": 8.21222840841e-07, "dmean2": 0.000420324708102, "var": 6.10249981037e-06, "median": 0.00027892109938, "min": 3.14088533827e-12, "dvar": 4.06923533092e-07, "mean": 0.0015751371393}, "melbands_skewness": {"max": 38.601474762, "dmean": 0.863945841789, "dvar2": 2.06881999969, "dmean2": 1.46904182434, "var": 241.090835571, "median": 3.52914142609, "min": -3.66965246201, "dvar": 0.733455836773, "mean": 15.5081558228}, "barkbands": {"max": [0.00728961918503, 0.0070015299134, 0.0261712893844, 0.0188089348376, 0.0749517679214, 0.0455730855465, 0.12605895102, 0.127581775188, 0.063690893352, 0.0635453313589, 0.105039648712, 0.0211854521185, 0.0167661141604, 0.014546318911, 0.0114106498659, 0.00402909284458, 0.00448048952967, 0.00435672746971, 0.0028690805193, 0.00212716730312, 0.00219755200669, 0.00162775872741, 0.000678590033203, 0.00205215951428, 0.00138173461892, 0.000549306278117, 4.54896799056e-05], "dmean": [4.6496388677e-06, 2.97497153952e-05, 0.000155871195602, 0.000194218271645, 0.000764739816077, 0.000362824997865, 0.00118956132792, 0.000829035649076, 0.000176535308128, 0.000184711214388, 0.000236118663452, 0.000127159801195, 0.000112027941213, 7.59972972446e-05, 7.51384723117e-05, 3.28513342538e-05, 2.5221346732e-05, 1.71121464518e-05, 1.43859460877e-05, 1.24508260342e-05, 1.25894102894e-05, 6.39626614429e-06, 3.51665812559e-06, 5.61181559533e-06, 3.12977226713e-06, 1.31948718263e-06, 9.96142119902e-08], "dvar2": [1.35579538707e-08, 5.25239620686e-08, 9.30254373088e-07, 1.01012699361e-06, 1.28716292238e-05, 3.57469889423e-06, 4.8842302931e-05, 6.28360721748e-05, 1.43998659041e-06, 2.48485662269e-06, 4.36351820099e-06, 1.06179504655e-06, 5.85434122513e-07, 3.75851755052e-07, 2.43024032898e-07, 4.63238087889e-08, 2.86870118771e-08, 1.73863767827e-08, 8.62288196402e-09, 1.00539354619e-08, 1.67361893233e-08, 5.07433917107e-09, 1.03562569631e-09, 5.28990673487e-09, 1.78861780942e-09, 3.95272203857e-10, 2.6959851452e-12], "dmean2": [8.21475168777e-06, 4.36910122517e-05, 0.000240587221924, 0.000335579708917, 0.00117923330981, 0.00056352064712, 0.00174138578586, 0.00126413721591, 0.000256989238551, 0.000282276043436, 0.000343139021425, 0.000212031620322, 0.000180058472324, 0.000120261094708, 0.00011475613428, 5.12363803864e-05, 3.89668239222e-05, 2.6970739782e-05, 2.19018420466e-05, 1.92495135707e-05, 2.02204391826e-05, 1.05084191091e-05, 5.6765197769e-06, 9.71434656094e-06, 5.49044079889e-06, 2.36978121393e-06, 1.81933174304e-07], "var": [4.67725724818e-09, 5.46827543246e-08, 8.71915005973e-07, 4.97435564739e-07, 1.86374509212e-05, 3.44375098393e-06, 7.45514626033e-05, 8.75789992278e-05, 4.93005427415e-06, 2.96711846204e-06, 9.84240341495e-06, 4.13073735217e-07, 4.15010561028e-07, 2.34622618223e-07, 2.82189688505e-07, 3.26367946002e-08, 2.10002024659e-08, 8.75888783725e-09, 6.69714994572e-09, 4.31420144054e-09, 5.17165510416e-09, 1.35799749224e-09, 3.51141171695e-10, 1.24482624209e-09, 3.97140487163e-10, 8.1336708202e-11, 5.41327779043e-13], "median": [7.77028361654e-08, 3.93701355961e-07, 6.23865105354e-07, 1.19429250844e-06, 4.73829595649e-06, 3.33516391038e-06, 1.94749009097e-06, 1.09030202111e-06, 7.27232418285e-07, 8.40129132484e-07, 8.02260046839e-07, 8.49459070196e-07, 9.71648091763e-07, 9.16633553061e-07, 9.00124746295e-07, 8.31855345496e-07, 7.67354265463e-07, 6.02669615546e-07, 4.20118055899e-07, 1.91375875147e-07, 7.69199317574e-08, 9.96890889837e-08, 6.93296229315e-08, 2.43809950007e-08, 3.94288202088e-09, 1.16015363982e-09, 3.63052643504e-11], "min": [4.457834733e-25, 3.48420692516e-24, 1.20063890218e-24, 7.89140704323e-25, 7.74863515091e-24, 4.67758031979e-24, 1.53457742981e-23, 8.57789046764e-24, 1.69726516093e-23, 2.02061198846e-23, 8.16640484226e-24, 2.19155767331e-23, 2.38776536646e-23, 4.85033904366e-23, 6.38142655282e-23, 5.25471892555e-23, 4.35342924857e-23, 9.11793139049e-23, 1.29726131136e-22, 9.76300756515e-23, 2.63903962133e-22, 2.6895113207e-22, 4.50258681609e-22, 6.26121752995e-22, 9.08942953044e-22, 1.15980183162e-21, 1.98985445323e-21], "dvar": [4.67642369273e-09, 2.48742484388e-08, 4.41643209115e-07, 3.53562825239e-07, 5.36809056939e-06, 1.49057666476e-06, 2.25596904784e-05, 2.55429640674e-05, 7.97482300641e-07, 1.14852912247e-06, 2.4222877073e-06, 3.97446257239e-07, 2.37612951537e-07, 1.49164733898e-07, 1.04224938013e-07, 1.93612947896e-08, 1.24934134149e-08, 7.20274417887e-09, 3.83481779664e-09, 4.02009492362e-09, 6.4319891635e-09, 1.86656579082e-09, 4.10003309081e-10, 1.9249022376e-09, 6.40802910734e-10, 1.39098663143e-10, 9.43725891704e-13], "mean": [4.35202309745e-06, 4.47363745479e-05, 0.000236457679421, 0.000283661298454, 0.00170916016214, 0.000672261347063, 0.00224853819236, 0.00167857797351, 0.000431852065958, 0.000326262670569, 0.000412959605455, 0.000158542956342, 0.000165294317412, 0.000109338652692, 0.00013527367264, 4.85318887513e-05, 3.87551990571e-05, 2.35296956816e-05, 2.20631172851e-05, 1.59222654474e-05, 1.27685543703e-05, 6.42864233669e-06, 3.59920773008e-06, 4.14350779465e-06, 2.1618620849e-06, 8.51896288623e-07, 6.0789652423e-08]}, "spectral_kurtosis": {"max": 77.0960006714, "dmean": 2.62228345871, "dvar2": 48.7934341431, "dmean2": 4.46154642105, "var": 44.3181228638, "median": 3.50356912613, "min": -1.27714526653, "dvar": 17.5280418396, "mean": 6.53977203369}, "erbbands_skewness": {"max": 5.86755752563, "dmean": 0.276609927416, "dvar2": 0.338533133268, "dmean2": 0.43526506424, "var": 1.29746854305, "median": -0.2938773036, "min": -3.53164672852, "dvar": 0.142804414034, "mean": -0.203748062253}, "melbands": {"max": [0.00177378696389, 0.00729439221323, 0.00797326117754, 0.0152338147163, 0.011208361946, 0.00993704795837, 0.0252330321819, 0.0312651395798, 0.0183678306639, 0.00879363622516, 0.00774537399411, 0.0146459937096, 0.0135797793046, 0.00416747340932, 0.0015410121996, 0.00233768858016, 0.0014240621822, 0.00217758631334, 0.0012379771797, 0.000326849782141, 0.000394229631638, 0.000343749474268, 0.000150572333951, 0.000221477588639, 0.00023951366893, 0.000132012777613, 0.000124633908854, 6.9801499194e-05, 7.3328948929e-05, 5.5078540754e-05, 6.66982814437e-05, 3.40409969795e-05, 1.7433972971e-05, 1.18338575703e-05, 1.30643220473e-05, 1.17360114018e-05, 1.41186828841e-05, 3.67169486708e-05, 2.78561492451e-05, 1.52002176037e-05], "dmean": [5.50630011276e-06, 4.95908243465e-05, 9.26589709707e-05, 0.000172218962689, 0.000102470614365, 8.11105855973e-05, 0.00020220404258, 0.000262367684627, 6.58876815578e-05, 2.58572090388e-05, 2.49742915912e-05, 3.05459980154e-05, 2.60126198555e-05, 1.68178503372e-05, 1.07450714495e-05, 1.15996672321e-05, 7.01394037605e-06, 6.49752155368e-06, 6.76708941683e-06, 2.70657778856e-06, 1.91159165297e-06, 1.55005102442e-06, 9.61436739999e-07, 7.72111377501e-07, 7.50178912767e-07, 4.86801297939e-07, 3.61299015594e-07, 4.12688109463e-07, 3.6470885334e-07, 3.50888939238e-07, 2.24286864636e-07, 1.53371772171e-07, 9.59934496336e-08, 7.71766437424e-08, 5.25181107491e-08, 4.92396523555e-08, 5.21240011153e-08, 8.07493876209e-08, 7.26811748564e-08, 3.42702186629e-08], "dvar2": [2.36357933225e-09, 9.51007024241e-08, 1.97879856501e-07, 6.99662962234e-07, 2.70768993005e-07, 1.90689320334e-07, 1.42550027249e-06, 3.43373017131e-06, 3.40022751288e-07, 2.974256752e-08, 4.32745004275e-08, 8.61256168605e-08, 4.17500771732e-08, 1.98136955731e-08, 6.87123113963e-09, 6.52816245506e-09, 3.04766345494e-09, 2.82463075152e-09, 2.08120476408e-09, 2.75557909823e-10, 1.67269170737e-10, 1.28691654555e-10, 4.78717031294e-11, 3.45661624324e-11, 3.24432980481e-11, 1.18169961663e-11, 7.08358892376e-12, 1.35336256091e-11, 1.28349926173e-11, 1.28679029238e-11, 6.74321232533e-12, 2.92421967717e-12, 9.4550560957e-13, 5.45301705266e-13, 2.44668868499e-13, 2.93010841285e-13, 4.12116196204e-13, 1.26703617216e-12, 9.67547114476e-13, 2.31140844312e-13], "dmean2": [8.34464481159e-06, 7.50605177018e-05, 0.000154257577378, 0.000268468720606, 0.000154363398906, 0.000125766426208, 0.000298522325465, 0.000391068606405, 9.45778738242e-05, 3.76681891794e-05, 3.85675193684e-05, 4.60479132016e-05, 3.77478136215e-05, 2.72283723461e-05, 1.77923029696e-05, 1.85521475942e-05, 1.1141089999e-05, 1.00135112007e-05, 1.02097164927e-05, 4.14379655922e-06, 2.97392921311e-06, 2.38265533881e-06, 1.52256836827e-06, 1.20800405057e-06, 1.15894738428e-06, 7.54533516556e-07, 5.60017838325e-07, 6.5749014766e-07, 5.87561771681e-07, 5.62575451113e-07, 3.66919039152e-07, 2.5288886718e-07, 1.58258217198e-07, 1.26077253526e-07, 8.47857606345e-08, 8.2721548722e-08, 8.94571456911e-08, 1.40809731874e-07, 1.26913974441e-07, 6.049248924e-08], "var": [1.66573144167e-09, 8.98650682757e-08, 1.39904045682e-07, 8.39306778744e-07, 4.56818526118e-07, 1.84797883662e-07, 2.0615404992e-06, 5.28784767084e-06, 4.03940191518e-07, 1.23095517779e-07, 4.61680578212e-08, 1.32159868826e-07, 1.35960348757e-07, 1.70235612273e-08, 3.02864355817e-09, 5.50385648168e-09, 2.05974748368e-09, 1.31422306371e-09, 2.62691757236e-09, 2.03888059214e-10, 1.2622476675e-10, 8.00017829761e-11, 2.58020167732e-11, 1.83058689734e-11, 1.92688053013e-11, 9.23643019707e-12, 4.34500655941e-12, 5.0352235402e-12, 3.96852949808e-12, 4.13673392416e-12, 1.84327553221e-12, 7.74042884909e-13, 2.84443448613e-13, 1.73824713304e-13, 8.30492765487e-14, 7.73775236051e-14, 9.87949549643e-14, 2.88161801278e-13, 2.22524472807e-13, 5.05333723813e-14], "median": [1.46924037381e-07, 2.99145625604e-07, 7.09498635842e-07, 8.79570677625e-07, 8.80636378042e-07, 6.62718775857e-07, 4.68211936777e-07, 3.29834421109e-07, 1.97821464099e-07, 1.10715873802e-07, 1.26854828864e-07, 1.28193519799e-07, 1.17661514309e-07, 1.00816734516e-07, 1.03027211651e-07, 9.2621867509e-08, 8.16114749114e-08, 8.50330152957e-08, 6.47517666152e-08, 5.65671705033e-08, 5.13971087912e-08, 4.37105747153e-08, 3.54363010047e-08, 2.67030362266e-08, 1.99057232919e-08, 1.32081030557e-08, 8.32545055118e-09, 4.74696504327e-09, 2.63538901812e-09, 1.72617942162e-09, 1.63459812352e-09, 1.80226411572e-09, 1.77682712987e-09, 1.48165224534e-09, 1.06885489348e-09, 6.46765363488e-10, 3.7285247112e-10, 1.96544877595e-10, 8.01449392962e-11, 3.97893280824e-11], "min": [9.98960991122e-25, 1.00881780813e-24, 1.00520137392e-24, 1.0445190889e-24, 2.0806306955e-24, 8.13533368197e-25, 2.65043616861e-24, 2.43812904711e-24, 2.09412061141e-24, 2.64049691563e-24, 2.66165160131e-24, 3.29648011782e-24, 1.53454814335e-24, 2.39804603844e-24, 2.78180773895e-24, 3.46973566629e-24, 2.98825539886e-24, 3.66658091683e-24, 5.06206639183e-24, 4.58757326266e-24, 2.35280920426e-24, 3.03204506771e-24, 4.53738869288e-24, 4.40210969726e-24, 4.86115969092e-24, 4.4546135181e-24, 3.8518239956e-24, 2.8781110894e-24, 4.76120983094e-24, 4.15177297203e-24, 4.84536354015e-24, 4.78857344359e-24, 4.86583842495e-24, 4.25340350017e-24, 5.60373063265e-24, 6.29773890263e-24, 6.06042982082e-24, 6.704100482e-24, 6.4249466679e-24, 7.57119903408e-24], "dvar": [9.5979657555e-10, 4.44190497717e-08, 7.44154675658e-08, 2.80649686601e-07, 1.23012114273e-07, 7.98363544163e-08, 6.43934413347e-07, 1.44166983773e-06, 1.50278808064e-07, 1.52139527643e-08, 1.85377295736e-08, 4.16585343999e-08, 2.5046364982e-08, 7.98741783825e-09, 2.66404232008e-09, 2.67760236206e-09, 1.17820764256e-09, 1.12015718923e-09, 9.26908494403e-10, 1.17159323909e-10, 7.1170951077e-11, 5.52111030505e-11, 1.94713446755e-11, 1.45565868387e-11, 1.33078504813e-11, 5.31345974164e-12, 2.96432908602e-12, 5.31586753783e-12, 4.87928968063e-12, 4.98860458151e-12, 2.50303445505e-12, 1.07267851285e-12, 3.56983458636e-13, 2.11180465476e-13, 9.67983221248e-14, 1.08575962891e-13, 1.50129027591e-13, 4.56600198189e-13, 3.49998160879e-13, 8.24664433421e-14], "mean": [8.00978250481e-06, 7.80803966336e-05, 0.000158404465765, 0.000359184137778, 0.00023610376229, 0.000147552782437, 0.000380178913474, 0.000542844063602, 0.000128410378238, 6.4863699663e-05, 4.74874104839e-05, 5.23425114807e-05, 4.69401747978e-05, 2.4539504011e-05, 1.33904932227e-05, 1.7510370526e-05, 1.05886101665e-05, 9.03462841961e-06, 1.2098438674e-05, 3.99310010835e-06, 2.93370180771e-06, 2.27489226745e-06, 1.40780457514e-06, 1.07101402591e-06, 1.07894447865e-06, 7.12974269845e-07, 5.20208629951e-07, 4.82219093101e-07, 3.8210225739e-07, 3.52053348252e-07, 2.29249280892e-07, 1.5403631437e-07, 9.53635179712e-08, 7.61074474553e-08, 5.47091865144e-08, 4.42606626905e-08, 3.99528765627e-08, 5.7681226906e-08, 5.06754176399e-08, 2.34078818551e-08]}, "spectral_centroid": {"max": 11568.9931641, "dmean": 138.065139771, "dvar2": 104044.960938, "dmean2": 221.336074829, "var": 2198763, "median": 1736.53405762, "min": 213.296981812, "dvar": 46467.375, "mean": 2135.49584961}, "pitch_salience": {"max": 0.925638914108, "dmean": 0.044585801661, "dvar2": 0.0118289571255, "dmean2": 0.0735353603959, "var": 0.0889943689108, "median": 0.432781249285, "min": 0.00466057797894, "dvar": 0.00444607064128, "mean": 0.334033757448}, "gfcc": {"icov": [[0.000227243945119, -0.000503755698446, 0.000265103095444, -5.51484263269e-05, 0.000736598158255, -0.000141771146446, 0.000688099709805, -0.000201839953661, 0.000700473145116, -0.000515435705893, 0.000587416405324, 0.000199195812456, 4.56477573607e-05], [-0.000503755698446, 0.00242005870678, -0.000258987623965, 0.00014438953076, -0.00122425088193, 0.00119068461936, -0.00156668573618, 0.00188094715122, -0.000399797951104, 0.00202540750615, -0.0024672979489, 0.00109979812987, 0.000816786137875], [0.000265103095444, -0.000258987623965, 0.00234367977828, 0.000501834787428, -0.000916233926546, 0.000525485724211, 0.0004109297588, -0.00120199145749, 0.000883507425897, -0.00101536116563, 0.000552232784685, -0.000235444385908, -0.00112198712304], [-5.51484263269e-05, 0.00014438953076, 0.000501834787428, 0.00527189765126, -0.00193861266598, -0.00113128894009, 0.00152917741798, -0.000541543820873, -0.000889370101504, 2.97692486129e-06, 0.000621893792413, -0.00242930161767, -0.00120220694225], [0.000736598158255, -0.00122425088193, -0.000916233926546, -0.00193861266598, 0.00859076436609, -0.00256263511255, 8.76830672496e-05, 0.00332805793732, 0.00122027541511, -0.00226064608432, -3.72542381228e-05, 0.00112331483979, 0.000146557475091], [-0.000141771146446, 0.00119068461936, 0.000525485724211, -0.00113128894009, -0.00256263511255, 0.00882036332041, -0.000714062305633, -0.00213831826113, 0.00144750182517, 0.00190644839313, -0.00215889350511, -0.00216920208186, 0.00395745504647], [0.000688099709805, -0.00156668573618, 0.0004109297588, 0.00152917741798, 8.76830672496e-05, -0.000714062305633, 0.0109512358904, -0.00665169768035, 0.00138403265737, -0.000222182148718, 2.25185249292e-05, 0.000702328979969, -0.00311781303026], [-0.000201839953661, 0.00188094715122, -0.00120199145749, -0.000541543820873, 0.00332805793732, -0.00213831826113, -0.00665169768035, 0.0185574609786, -0.00228031445295, -0.00348088471219, 0.00294394907542, -0.00193880521692, 0.00083639397053], [0.000700473145116, -0.000399797951104, 0.000883507425897, -0.000889370101504, 0.00122027541511, 0.00144750182517, 0.00138403265737, -0.00228031445295, 0.0121694728732, -0.00141086988151, -0.00302131916396, 0.00639704149216, -0.00270677916706], [-0.000515435705893, 0.00202540750615, -0.00101536116563, 2.97692486129e-06, -0.00226064608432, 0.00190644839313, -0.000222182148718, -0.00348088471219, -0.00141086988151, 0.0145343262702, 0.00028695713263, -0.00209336006083, 0.0025912525598], [0.000587416405324, -0.0024672979489, 0.000552232784685, 0.000621893792413, -3.72542381228e-05, -0.00215889350511, 2.25185249292e-05, 0.00294394907542, -0.00302131916396, 0.00028695713263, 0.0236526988447, -0.00526837678626, -0.000927506654989], [0.000199195812456, 0.00109979812987, -0.000235444385908, -0.00242930161767, 0.00112331483979, -0.00216920208186, 0.000702328979969, -0.00193880521692, 0.00639704149216, -0.00209336006083, -0.00526837678626, 0.0244154613465, -0.00540559412912], [4.56477573607e-05, 0.000816786137875, -0.00112198712304, -0.00120220694225, 0.000146557475091, 0.00395745504647, -0.00311781303026, 0.00083639397053, -0.00270677916706, 0.0025912525598, -0.000927506654989, -0.00540559412912, 0.0258958116174]], "cov": [[206986.796875, 36011.7695312, -25027.3242188, -3994.93725586, -14383.4482422, -4782.43310547, -10430.0039062, -6131.83203125, -7058.32373047, -3076.33227539, -2250.14477539, -3753.97631836, -4310.14306641], [36011.7695312, 7228.25878906, -4371.16650391, -772.815795898, -2387.44140625, -945.284912109, -1781.8026123, -1237.73950195, -1183.04394531, -687.620544434, -288.821838379, -737.531494141, -752.463989258], [-25027.3242188, -4371.16650391, 3551.17675781, 449.7940979, 1779.39501953, 552.238098145, 1276.06604004, 780.784423828, 813.956848145, 425.789337158, 250.19442749, 469.386901855, 540.101501465], [-3994.93725586, -772.815795898, 449.7940979, 339.590423584, 342.819244385, 160.007064819, 157.93927002, 117.560211182, 127.835235596, 72.3048171997, 42.8070030212, 109.764671326, 86.0699081421], [-14383.4482422, -2387.44140625, 1779.39501953, 342.819244385, 1186.43615723, 376.406280518, 702.356079102, 376.880157471, 466.514709473, 210.871200562, 173.093185425, 262.239685059, 290.423034668], [-4782.43310547, -945.284912109, 552.238098145, 160.007064819, 376.406280518, 291.339385986, 240.03604126, 166.891326904, 123.804283142, 79.0135345459, 54.1936264038, 121.221542358, 78.7365875244], [-10430.0039062, -1781.8026123, 1276.06604004, 157.93927002, 702.356079102, 240.03604126, 660.746582031, 357.79876709, 351.731872559, 159.340042114, 110.863456726, 187.820037842, 228.542572021], [-6131.83203125, -1237.73950195, 780.784423828, 117.560211182, 376.880157471, 166.891326904, 357.79876709, 299.592102051, 208.237960815, 138.334732056, 39.283996582, 130.897186279, 131.554672241], [-7058.32373047, -1183.04394531, 813.956848145, 127.835235596, 466.514709473, 123.804283142, 351.731872559, 208.237960815, 354.598632812, 101.88117981, 86.8984603882, 96.3185272217, 155.107955933], [-3076.33227539, -687.620544434, 425.789337158, 72.3048171997, 210.871200562, 79.0135345459, 159.340042114, 138.334732056, 101.88117981, 152.54977417, 13.0562286377, 73.9451370239, 61.6515541077], [-2250.14477539, -288.821838379, 250.19442749, 42.8070030212, 173.093185425, 54.1936264038, 110.863456726, 39.283996582, 86.8984603882, 13.0562286377, 83.4456710815, 41.8555259705, 48.223575592], [-3753.97631836, -737.531494141, 469.386901855, 109.764671326, 262.239685059, 121.221542358, 187.820037842, 130.897186279, 96.3185272217, 73.9451370239, 41.8555259705, 133.044891357, 85.6287765503], [-4310.14306641, -752.463989258, 540.101501465, 86.0699081421, 290.423034668, 78.7365875244, 228.542572021, 131.554672241, 155.107955933, 61.6515541077, 48.223575592, 85.6287765503, 136.580505371]], "mean": [-557.714050293, 63.7667579651, -98.062461853, 23.039773941, -38.5163726807, 0.901245951653, -25.372133255, -6.76898288727, -10.8411684036, -5.66130495071, -5.58380079269, -3.42761206627, -0.769184231758]}, "spectral_flux": {"max": 0.378736823797, "dmean": 0.0086427051574, "dvar2": 0.000803354429081, "dmean2": 0.0134309986606, "var": 0.00156463938765, "median": 0.00499776005745, "min": 6.42439781928e-11, "dvar": 0.000347042485373, "mean": 0.0247224159539}, "zerocrossingrate": {"max": 0.52880859375, "dmean": 0.00368751888163, "dvar2": 7.11427346687e-05, "dmean2": 0.0045140851289, "var": 0.00139416684397, "median": 0.02197265625, "min": 0, "dvar": 5.3417395975e-05, "mean": 0.0252239108086}, "spectral_energyband_middle_low": {"max": 0.169162273407, "dmean": 0.002511292696, "dvar2": 0.000130512431497, "dmean2": 0.00375218759291, "var": 0.000306836183881, "median": 3.15892248182e-05, "min": 1.63436341183e-22, "dvar": 5.70404226892e-05, "mean": 0.00712989550084}, "silence_rate_20dB": {"max": 1, "dmean": 0, "dvar2": 0, "dmean2": 0, "var": 0, "median": 1, "min": 1, "dvar": 0, "mean": 1}, "silence_rate_30dB": {"max": 1, "dmean": 0.00518134701997, "dvar2": 0.0127429524437, "dmean2": 0.0103630833328, "var": 0.00689549464732, "median": 1, "min": 0, "dvar": 0.00515752984211, "mean": 0.993054270744}, "spectral_entropy": {"max": 9.83067703247, "dmean": 0.13867841661, "dvar2": 0.0745916217566, "dmean2": 0.206586658955, "var": 0.778505206108, "median": 7.82273006439, "min": 5.08021736145, "dvar": 0.0389820598066, "mean": 7.72615194321}, "spectral_rolloff": {"max": 19659.8144531, "dmean": 183.890640259, "dvar2": 494088.5625, "dmean2": 312.754241943, "var": 1588116.625, "median": 409.130859375, "min": 21.533203125, "dvar": 211302.6