{"tonal": {"hpcp": {"dvar": [0.0485126748681, 0.0389345623553, 0.0356731563807, 0.038680575788, 0.0345014035702, 0.0366379879415, 0.039904024452, 0.0323741920292, 0.0305223334581, 0.0351415239275, 0.0256589632481, 0.0234941039234, 0.0254229791462, 0.0237142313272, 0.0269758887589, 0.0309430304915, 0.0253235213459, 0.0190868377686, 0.0233285818249, 0.0245567336679, 0.0302003566176, 0.0416559353471, 0.0326456315815, 0.0453519560397, 0.0333534702659, 0.0228170659393, 0.0175204332918, 0.0198772922158, 0.0227290112525, 0.0328521579504, 0.042576238513, 0.0333115682006, 0.0367707759142, 0.039225935936, 0.0373848751187, 0.0401145741343], "var": [0.105974212289, 0.0573294758797, 0.0464511215687, 0.0879355072975, 0.0509364455938, 0.0426445901394, 0.0807964801788, 0.0457906350493, 0.0438604876399, 0.0775222554803, 0.0394874960184, 0.0301041044295, 0.0585794635117, 0.0308593977243, 0.0374308153987, 0.0754351988435, 0.0406090654433, 0.0275366604328, 0.0643003880978, 0.0388064645231, 0.0542137362063, 0.109395459294, 0.0573162473738, 0.0576878488064, 0.0838762447238, 0.0373162552714, 0.0204161796719, 0.03494220227, 0.0264319963753, 0.05768834427, 0.107478387654, 0.0509641319513, 0.0459083132446, 0.0813078582287, 0.0466981939971, 0.0589487217367], "median": [0.064487837255, 0.0509265698493, 0.0303184241056, 0.0221368055791, 0.0306168831885, 0.0441994965076, 0.0373289138079, 0.0362122505903, 0.0398406721652, 0.0405517965555, 0.0316842384636, 0.0178681351244, 0.0132394097745, 0.0202662460506, 0.0426973514259, 0.0463453680277, 0.033271536231, 0.0213953945786, 0.0122332181782, 0.0207812152803, 0.0529041029513, 0.0685227438807, 0.0741772726178, 0.0683832466602, 0.0575598813593, 0.0236256308854, 0.0161848366261, 0.0128832384944, 0.019130339846, 0.0520136319101, 0.0728190839291, 0.0637692064047, 0.0323779582977, 0.01672488451, 0.0251520629972, 0.0507257916033], "max": [1, 1, 1, 1, 1, 1, 1, 1, 1, 1, 1, 1, 1, 1, 1, 1, 1, 1, 1, 1, 1, 1, 1, 1, 1, 1, 1, 1, 1, 1, 1, 1, 1, 1, 1, 1], "dmean": [0.144666284323, 0.131201148033, 0.111039042473, 0.111812852323, 0.113730870187, 0.121029287577, 0.120226897299, 0.108906909823, 0.108035027981, 0.109557382762, 0.0923629030585, 0.0794116184115, 0.0800276473165, 0.0839283019304, 0.0994269251823, 0.108114846051, 0.0943158045411, 0.0753773078322, 0.0777023434639, 0.0893811509013, 0.115823216736, 0.13061286509, 0.130937919021, 0.141781881452, 0.118346489966, 0.0817554891109, 0.0647224485874, 0.0679811984301, 0.078951433301, 0.118272431195, 0.135349914432, 0.126529723406, 0.116100676358, 0.114123024046, 0.117656871676, 0.131290182471], "dmean2": [0.24488940835, 0.225042611361, 0.193617418408, 0.192601665854, 0.198303416371, 0.211566776037, 0.206366747618, 0.19067902863, 0.185814589262, 0.18604759872, 0.158838480711, 0.13836453855, 0.138554096222, 0.147631600499, 0.169457748532, 0.180655434728, 0.159814327955, 0.130539402366, 0.132903754711, 0.155137553811, 0.196849659085, 0.218987971544, 0.222357943654, 0.248078420758, 0.201961293817, 0.140021875501, 0.112658910453, 0.11801867187, 0.140354499221, 0.198181077838, 0.225339159369, 0.216758921742, 0.204701930285, 0.199900865555, 0.205761790276, 0.224346667528], "mean": [0.237155914307, 0.167072564363, 0.131371483207, 0.176479294896, 0.138354882598, 0.137028709054, 0.181994214654, 0.134373247623, 0.133360594511, 0.173454761505, 0.117768734694, 0.0931860879064, 0.120877124369, 0.0965143293142, 0.125682756305, 0.18279530108, 0.126563996077, 0.0925628989935, 0.127404823899, 0.111227355897, 0.166155144572, 0.245289891958, 0.184472456574, 0.175869077444, 0.19924813509, 0.112890206277, 0.0700306370854, 0.0870021060109, 0.0842522382736, 0.167430579662, 0.243671044707, 0.165715172887, 0.136208221316, 0.169164046645, 0.130998417735, 0.167516484857], "dvar2": [0.120553858578, 0.104543089867, 0.097052372992, 0.100752227008, 0.0931108444929, 0.10113299638, 0.102306224406, 0.0877049341798, 0.0808329358697, 0.0872830674052, 0.0678994879127, 0.0641341358423, 0.0655650943518, 0.0659717768431, 0.0728499516845, 0.073325060308, 0.0664430260658, 0.0505433902144, 0.0586789548397, 0.0651450157166, 0.0802643597126, 0.10172919184, 0.0848150476813, 0.121357314289, 0.0842635035515, 0.0616735816002, 0.0468241348863, 0.0511712059379, 0.0606879740953, 0.0838502421975, 0.0988043174148, 0.0881020948291, 0.0993434265256, 0.101421028376, 0.101751074195, 0.104500792921], "min": [0, 0, 0, 0, 0, 0, 0, 0, 0, 0, 0, 0, 0, 0, 0, 0, 0, 0, 0, 0, 0, 0, 0, 0, 0, 0, 0, 0, 0, 0, 0, 0, 0, 0, 0, 0]}, "key_key": "A", "thpcp": [1, 0.752058923244, 0.716984629631, 0.812296569347, 0.460231781006, 0.285501509905, 0.35469096899, 0.34348025918, 0.682582437992, 0.993400275707, 0.675589084625, 0.55529487133, 0.6896494627, 0.534055531025, 0.682932674885, 0.966839313507, 0.681122899055, 0.535576403141, 0.71947234869, 0.564046382904, 0.55863982439, 0.741955637932, 0.547814071178, 0.543685674667, 0.707141876221, 0.480120629072, 0.379901856184, 0.492792934179, 0.393470466137, 0.512384593487, 0.745221495628, 0.515977203846, 0.377361238003, 0.519405126572, 0.453452676535, 0.6773827672], "chords_key": "A#", "tuning_equal_tempered_deviation": 0, "tuning_frequency": 441.782684326, "tuning_diatonic_strength": 0.303250312805, "chords_histogram": [6.759288311, 8.94473934174, 12.0199813843, 6.63440513611, 0.39025914669, 4.32407140732, 0, 9.58476448059, 4.0118637085, 4.16796731949, 4.05869483948, 0.296596944332, 1.28004992008, 2.43521690369, 2.07617855072, 2.43521690369, 1.1551669836, 2.09178900719, 0.187324389815, 1.12394630909, 3.3250079155, 12.8785514832, 0.749297559261, 9.06962203979], "key_strength": 0.550629377365, "key_scale": "minor", "chords_strength": {"dvar": 0.000674918934237, "var": 0.0155050810426, "median": 0.519997060299, "max": 0.794531702995, "dmean": 0.00992576684803, "dmean2": 0.00936855003238, "mean": 0.518083691597, "dvar2": 0.00122763845138, "min": -1}, "chords_number_rate": 0.0029659694992, "tuning_nontempered_energy_ratio": 0.6705327034, "hpcp_entropy": {"dvar": 0.266410529613, "var": 0.566336810589, "median": 1.95961630344, "max": 4.52308750153, "dmean": 0.606840729713, "dmean2": 1.01946151257, "mean": 1.9300365448, "dvar2": 0.703450202942, "min": 0}, "chords_changes_rate": 0.0504214800894, "chords_scale": "major"}, "rhythm": {"bpm_histogram_first_peak_spread": {"dvar": 0, "var": 0, "median": 0.372800022364, "max": 0.372800022364, "dmean": 0, "dmean2": 0, "mean": 0.372800022364, "dvar2": 0, "min": 0.372800022364}, "bpm_histogram_first_peak_weight": {"dvar": 0, "var": 0, "median": 0.624203801155, "max": 0.624203801155, "dmean": 0, "dmean2": 0, "mean": 0.624203801155, "dvar2": 0, "min": 0.624203801155}, "bpm_histogram_first_peak_bpm": {"dvar": 0, "var": 0, "median": 126, "max": 126, "dmean": 0, "dmean2": 0, "mean": 126, "dvar2": 0, "min": 126}, "bpm": 127.183502197, "bpm_histogram_second_peak_weight": {"dvar": 0, "var": 0, "median": 0.00159235671163, "max": 0.00159235671163, "dmean": 0, "dmean2": 0, "mean": 0.00159235671163, "dvar2": 0, "min": 0.00159235671163}, "beats_loudness": {"dvar": 0.000246887007961, "var": 0.000507786055095, "median": 0.0297354776412, "max": 0.102169662714, "dmean": 0.0221392083913, "dmean2": 0.0420971997082, "mean": 0.0335380733013, "dvar2": 0.000748188933358, "min": 0}, "beats_loudness_band_ratio": {"dvar": [0.0419165454805, 0.0198946855962, 0.018890786916, 0.0111723318696, 0.00152196118142, 0.00567773869261], "var": [0.0735678896308, 0.0279174093157, 0.028713202104, 0.014439208433, 0.00202281167731, 0.00543961441144], "median": [0.253003686666, 0.277107208967, 0.19785130024, 0.0575165972114, 0.021925278008, 0.0485678724945], "max": [0.979012548923, 0.848840892315, 0.789093017578, 0.743080198765, 0.389060586691, 0.478479653597], "dmean": [0.257670640945, 0.180067226291, 0.155540719628, 0.0823005884886, 0.0278124473989, 0.0728066787124], "dmean2": [0.456955939531, 0.307898044586, 0.274449825287, 0.148607432842, 0.0494640916586, 0.132023200393], "mean": [0.335566371679, 0.298498898745, 0.229952394962, 0.0978012681007, 0.0356305502355, 0.0740602016449], "dvar2": [0.0923691391945, 0.0570990815759, 0.0494153313339, 0.0349038951099, 0.00439623463899, 0.0139741506428], "min": [0, 0, 0, 0, 0, 0]}, "bpm_histogram_second_peak_bpm": {"dvar": 0, "var": 0, "median": 110, "max": 110, "dmean": 0, "dmean2": 0, "mean": 110, "dvar2": 0, "min": 110}, "onset_rate": 3.62080550194, "beats_count": 629, "beats_position": [0.476009070873, 0.975238084793, 1.46285712719, 1.93886613846, 2.40326523781, 2.87927436829, 3.35528349876, 3.83129239082, 4.31891155243, 4.78331041336, 5.24770975113, 5.71210861206, 6.18811798096, 6.66412687302, 7.11691617966, 7.59292507172, 8.06893444061, 8.54494285583, 9.0093421936, 9.4853515625, 9.96135997772, 10.4257593155, 10.9017686844, 11.3777770996, 11.8421764374, 12.3181858063, 12.7941951752, 13.2585935593, 13.7346029282, 14.2106122971, 14.6866207123, 15.1626300812, 15.6270294189, 16.1030387878, 16.5790481567, 17.0434455872, 17.5078449249, 17.9838542938, 18.4598636627, 18.9358730316, 19.4002723694, 19.8762817383, 20.3406791687, 20.8166885376, 21.2926979065, 21.7570972443, 22.2331066132, 22.7091159821, 23.1735134125, 23.6495227814, 24.1255321503, 24.589931488, 25.0543308258, 25.5303401947, 26.0063495636, 26.470746994, 26.9351463318, 27.4111557007, 27.8871650696, 28.3631744385, 28.8391838074, 29.3035831451, 29.7795906067, 30.2555999756, 30.7199993134, 31.1843986511, 31.66040802, 32.1364173889, 32.6008148193, 33.0652160645, 33.5412254333, 34.0172348022, 34.4932403564, 34.9692497253, 35.4336509705, 35.9096603394, 36.3856697083, 36.8616790771, 37.3260765076, 37.8020858765, 38.2664833069, 38.7424926758, 39.2185020447, 39.6829032898, 40.1473007202, 40.6233100891, 41.099319458, 41.5637168884, 42.0397262573, 42.5157356262, 42.9917449951, 43.467754364, 43.9321517944, 44.4081611633, 44.8841705322, 45.3485717773, 45.8129692078, 46.2773704529, 46.7417678833, 47.2177772522, 47.6937866211, 48.16979599, 48.6458053589, 49.1218147278, 49.5978240967, 50.0622215271, 50.5266189575, 51.0026283264, 51.4786376953, 51.9430389404, 52.4074363708, 52.8834457397, 53.3594551086, 53.8238525391, 54.299861908, 54.7642631531, 55.240272522, 55.7162818909, 56.1922874451, 56.668296814, 57.1443061829, 57.608707428, 58.0847167969, 58.5607261658, 59.0251235962, 59.5011329651, 59.977142334, 60.4415397644, 60.9175491333, 61.3935585022, 61.8579597473, 62.3339653015, 62.8099746704, 63.2743759155, 63.7387733459, 64.2147827148, 64.6907958984, 65.1551895142, 65.6195907593, 66.0955963135, 66.5716094971, 67.0476150513, 67.5236282349, 67.9996337891, 68.4756469727, 68.9400405884, 69.4044418335, 69.8804550171, 70.3564605713, 70.8208618164, 71.2968673706, 71.7728805542, 72.2372741699, 72.701675415, 73.1776885986, 73.6536941528, 74.1180953979, 74.5941009521, 75.0701141357, 75.5461196899, 76.0221328735, 76.4865264893, 76.9509277344, 77.426940918, 77.9029464722, 78.3673477173, 78.831741333, 79.3077545166, 79.7837600708, 80.2481613159, 80.712562561, 81.1885681152, 81.6645812988, 82.140586853, 82.6166000366, 83.0926055908, 83.5686187744, 84.0446243286, 84.5206298828, 84.9850311279, 85.449432373, 85.9138336182, 86.3898391724, 86.865852356, 87.3418579102, 87.8178634644, 88.2822647095, 88.7466659546, 89.2110671997, 89.6870727539, 90.1630859375, 90.6390914917, 91.1150970459, 91.579498291, 92.0438995361, 92.5083007813, 92.972694397, 93.4487075806, 93.9247131348, 94.4007263184, 94.8767318726, 95.3527450562, 95.8287506104, 96.2931518555, 96.7691574097, 97.2451705933, 97.709564209, 98.1855773926, 98.6615829468, 99.1259841919, 99.590385437, 100.066390991, 100.542404175, 101.006797791, 101.471199036, 101.947212219, 102.423217773, 102.899223328, 103.375236511, 103.851242065, 104.327255249, 104.791656494, 105.25605011, 105.732063293, 106.208068848, 106.672470093, 107.136871338, 107.612876892, 108.088890076, 108.56489563, 109.040908813, 109.505302429, 109.969703674, 110.445709229, 110.910110474, 111.386123657, 111.862129211, 112.338134766, 112.802536011, 113.278549194, 113.754554749, 114.218955994, 114.694961548, 115.159362793, 115.635368347, 116.099769592, 116.575782776, 117.05178833, 117.527801514, 117.992195129, 118.468208313, 118.932601929, 119.408615112, 119.884620667, 120.349021912, 120.825035095, 121.301040649, 121.765441895, 122.22983551, 122.705848694, 123.181854248, 123.646255493, 124.122268677, 124.598274231, 125.074279785, 125.550292969, 126.014694214, 126.47908783, 126.955101013, 127.431106567, 127.907119751, 128.371520996, 128.847518921, 129.323532104, 129.799545288, 130.263946533, 130.728347778, 131.204345703, 131.680358887, 132.15637207, 132.620773315, 133.09677124, 133.561172485, 134.02557373, 134.489974976, 134.965988159, 135.441986084, 135.917999268, 136.394012451, 136.858413696, 137.334411621, 137.798812866, 138.27482605, 138.739227295, 139.215240479, 139.691238403, 140.167251587, 140.643264771, 141.107666016, 141.572067261, 142.048065186, 142.524078369, 143.000091553, 143.476104736, 143.952102661, 144.416503906, 144.89251709, 145.356918335, 145.82131958, 146.297317505, 146.773330688, 147.237731934, 147.713745117, 148.189743042, 148.654144287, 149.130157471, 149.606170654, 150.070556641, 150.546569824, 151.022583008, 151.486984253, 151.951385498, 152.427383423, 152.903396606, 153.37940979, 153.855422974, 154.31980896, 154.795822144, 155.271835327, 155.736236572, 156.200637817, 156.676635742, 157.152648926, 157.628662109, 158.104675293, 158.580673218, 159.056686401, 159.532699585, 160.00869751, 160.473098755, 160.9375, 161.401901245, 161.86630249, 162.342315674, 162.818313599, 163.282714844, 163.758728027, 164.234741211, 164.699142456, 165.175140381, 165.651153564, 166.11555481, 166.579956055, 167.055953979, 167.531967163, 167.996368408, 168.472381592, 168.948379517, 169.412780762, 169.888793945, 170.364807129, 170.840820313, 171.316818237, 171.781219482, 172.257232666, 172.73324585, 173.197631836, 173.662033081, 174.126434326, 174.60244751, 175.078460693, 175.554458618, 176.030471802, 176.494873047, 176.959274292, 177.435287476, 177.9112854, 178.387298584, 178.863311768, 179.327713013, 179.792098999, 180.268112183, 180.744125366, 181.208526611, 181.684524536, 182.16053772, 182.624938965, 183.100952148, 183.576965332, 184.041351318, 184.505752563, 184.981765747, 185.457778931, 185.933776855, 186.409790039, 186.874191284, 187.338592529, 187.802993774, 188.26739502, 188.743392944, 189.219406128, 189.695419312, 190.171432495, 190.64743042, 191.123443604, 191.587844849, 192.052246094, 192.528244019, 193.004257202, 193.468658447, 193.944671631, 194.420669556, 194.896682739, 195.372695923, 195.837097168, 196.313110352, 196.789108276, 197.253509521, 197.717910767, 198.19392395, 198.669921875, 199.13432312, 199.610336304, 200.086349487, 200.550750732, 201.026748657, 201.502761841, 201.978775024, 202.454788208, 202.919174194, 203.383575439, 203.859588623, 204.335601807, 204.800003052, 205.287612915, 205.75201416, 206.216415405, 206.692428589, 207.168426514, 207.632827759, 208.097229004, 208.561630249, 209.037643433, 209.513641357, 209.989654541, 210.465667725, 210.93006897, 211.406066895, 211.882080078, 212.358093262, 212.834106445, 213.298492432, 213.762893677, 214.227294922, 214.691696167, 215.167709351, 215.643707275, 216.119720459, 216.595733643, 217.071746826, 217.547744751, 218.012145996, 218.476547241, 218.952560425, 219.428573608, 219.892959595, 220.35736084, 220.833374023, 221.309387207, 221.773788452, 222.238174438, 222.714187622, 223.190200806, 223.666213989, 224.142211914, 224.606613159, 225.082626343, 225.558639526, 226.034637451, 226.510650635, 226.97505188, 227.439453125, 227.915466309, 228.391464233, 228.855865479, 229.331878662, 229.796279907, 230.272293091, 230.748291016, 231.212692261, 231.688705444, 232.153106689, 232.629104614, 233.105117798, 233.569519043, 234.045532227, 234.521530151, 234.985931396, 235.450332642, 235.937957764, 236.413970947, 236.889968872, 237.354370117, 237.818771362, 238.283172607, 238.759185791, 239.235183716, 239.711196899, 240.187210083, 240.663208008, 241.139221191, 241.603622437, 242.068023682, 242.544036865, 243.02003479, 243.484436035, 243.960449219, 244.436462402, 244.900863647, 245.365249634, 245.841262817, 246.317276001, 246.781677246, 247.257675171, 247.733688354, 248.209701538, 248.685714722, 249.150115967, 249.614501953, 250.090515137, 250.56652832, 251.042541504, 251.518539429, 251.982940674, 252.458953857, 252.923355103, 253.399353027, 253.863754272, 254.328155518, 254.804168701, 255.280181885, 255.75617981, 256.232208252, 256.696594238, 257.160980225, 257.636993408, 258.113006592, 258.589019775, 259.065032959, 259.541046143, 260.017059326, 260.481445313, 260.945831299, 261.410247803, 261.874633789, 262.350646973, 262.826660156, 263.30267334, 263.778686523, 264.24307251, 264.719085693, 265.195098877, 265.671112061, 266.135498047, 266.61151123, 267.075927734, 267.540313721, 268.016326904, 268.492340088, 268.968353271, 269.444335938, 269.908752441, 270.373138428, 270.849151611, 271.325164795, 271.789550781, 272.265563965, 272.741577148, 273.205993652, 273.681976318, 274.157989502, 274.634002686, 275.110015869, 275.574401855, 276.038818359, 276.514831543, 276.990844727, 277.455230713, 277.931243896, 278.40725708, 278.883270264, 279.359283447, 279.823669434, 280.28805542, 280.752471924, 281.228485107, 281.704498291, 282.180480957, 282.656494141, 283.120910645, 283.585296631, 284.061309814, 284.537322998, 285.001708984, 285.477722168, 285.953735352, 286.418121338, 286.894134521, 287.370147705, 287.834564209, 288.310546875, 288.774963379, 289.250976563, 289.726989746, 290.20300293, 290.667388916, 291.1434021, 291.619415283, 292.08380127, 292.548217773, 293.01260376, 293.476989746, 293.94140625, 294.417419434, 294.893432617, 295.369415283, 295.845428467, 296.32144165, 296.867126465], "danceability": 1.0205321312, "bpm_histogram_second_peak_spread": {"dvar": 0, "var": 0, "median": 0, "max": 0, "dmean": 0, "dmean2": 0, "mean": 0, "dvar2": 0, "min": 0}}, "lowlevel": {"spectral_flux": {"dvar": 0.000802472699434, "var": 0.0020466898568, "median": 0.0572510994971, "max": 0.319997936487, "dmean": 0.0206474531442, "dmean2": 0.0321092382073, "mean": 0.06588178128, "dvar2": 0.00170492194593, "min": 6.35718422348e-11}, "spectral_rolloff": {"dvar": 1262721.125, "var": 4337381.5, "median": 839.794921875, "max": 19573.6816406, "dmean": 413.696044922, "dmean2": 690.703125, "mean": 1347.859375, "dvar2": 2758673, "min": 21.533203125}, "barkbands_flatness_db": {"dvar": 0.000622067484073, "var": 0.00475076586008, "median": 0.128984034061, "max": 0.59731566906, "dmean": 0.0209666714072, "dmean2": 0.0318369269371, "mean": 0.143280252814, "dvar2": 0.00137476611417, "min": 0.0244363956153}, "spectral_centroid": {"dvar": 82351.90625, "var": 656084.5625, "median": 890.015197754, "max": 11503.3408203, "dmean": 177.610610962, "dmean2": 283.323730469, "mean": 998.147277832, "dvar2": 193595.515625, "min": 153.021087646}, "melbands_skewness": {"dvar": 0.723606050014, "var": 2.61248397827, "median": 2.32034397125, "max": 22.3595733643, "dmean": 0.663996040821, "dmean2": 1.02141654491, "mean": 2.57459378242, "dvar2": 1.66395068169, "min": -1.28213846684}, "melbands": {"dvar": [2.47234061135e-06, 2.01553280021e-06, 5.9761907778e-07, 8.61996056756e-07, 1.93528180148e-07, 1.22508211575e-07, 1.96028608457e-07, 1.04127579448e-07, 1.25353125213e-07, 1.19031611234e-07, 4.482030036e-08, 2.57964423156e-08, 1.12482254622e-07, 1.24366801302e-08, 1.26510490972e-08, 9.98259697127e-09, 4.56197390974e-09, 3.31999805425e-09, 1.04807029722e-09, 4.16986389862e-10, 3.70228264712e-10, 2.42139031048e-10, 2.64370608738e-10, 1.20380441726e-10, 7.70076571954e-11, 9.5591132232e-11, 1.12536230334e-10, 4.95849680759e-11, 3.01640483424e-11, 4.65480987089e-11, 4.21310104859e-11, 9.59611487494e-11, 2.18791637585e-10, 1.35477129515e-10, 9.4311676524e-12, 5.95168142201e-12, 5.05327463901e-12, 4.20148421262e-12, 4.14548039993e-12, 3.43125766515e-12], "var": [2.02076830647e-06, 1.40794873005e-06, 5.56468478408e-07, 1.07669393401e-06, 4.75837623526e-07, 3.70226416635e-07, 4.44157166157e-07, 2.57324018094e-07, 3.62218401051e-07, 5.23270841768e-07, 1.87282552133e-07, 1.06574198355e-07, 2.97634102253e-07, 4.4020286083e-08, 4.76673172045e-08, 2.56141952093e-08, 1.53652308654e-08, 1.47964280828e-08, 3.11549319676e-09, 8.95898799591e-10, 1.20313858876e-09, 5.47246692406e-10, 8.38667413294e-10, 2.23130944277e-10, 1.05260924976e-10, 1.40418704442e-10, 2.90027835081e-10, 9.69636107517e-11, 3.82819297096e-11, 4.78207647092e-11, 4.92663132512e-11, 8.03886540668e-11, 1.73470057763e-10, 1.17113832521e-10, 2.54223985613e-11, 1.74363561783e-11, 1.44354962012e-11, 9.33864357372e-12, 1.07668284011e-11, 9.91747309276e-12], "median": [0.000119407683087, 0.000197642497369, 0.000309711351292, 0.000416760827648, 0.000331663672114, 0.000232783233514, 0.000213347462704, 0.000143523808219, 7.8415927419e-05, 5.31923615199e-05, 3.92269721488e-05, 3.03240813082e-05, 2.15970085264e-05, 1.46157972267e-05, 1.20515142044e-05, 9.55111590883e-06, 6.2403805714e-06, 5.16855698152e-06, 4.23116853199e-06, 3.88903936255e-06, 3.29319004777e-06, 3.0474061532e-06, 2.52961740443e-06, 2.42796181738e-06, 1.85542899089e-06, 1.62458479736e-06, 1.82199232768e-06, 1.30934904519e-06, 7.29739213057e-07, 5.47297759113e-07, 4.42907378329e-07, 4.43374261749e-07, 5.22948312209e-07, 5.07805452798e-07, 3.73060231595e-07, 3.13479404213e-07, 3.7225908045e-07, 3.19191968856e-07, 2.56151054145e-07, 2.58436159584e-07], "max": [0.0193763636053, 0.0208138935268, 0.0148521149531, 0.0139430351555, 0.0109040802345, 0.00945730786771, 0.0117571819574, 0.00755618046969, 0.00868587754667, 0.00933318119496, 0.00821758620441, 0.00738760456443, 0.0116176521406, 0.00357339344919, 0.00396677851677, 0.00204992806539, 0.0026453351602, 0.00264828233048, 0.00100498599932, 0.000993392081, 0.0011861610692, 0.000729271909222, 0.000563083332963, 0.000255979190115, 0.000224809147767, 0.000220355621423, 0.000321618252201, 0.000134202229674, 0.000100033750641, 0.000151789688971, 0.000185163284186, 0.000306277652271, 0.000389546534279, 0.000383563514333, 0.000123774327221, 6.99636075296e-05, 5.37117630302e-05, 7.18877199688e-05, 8.52897646837e-05, 0.000112878617074], "dmean": [0.000453426677268, 0.000416342722019, 0.000340136466548, 0.000424624420702, 0.000262379471678, 0.000202468392672, 0.000220720714424, 0.000164848839631, 0.000147409329657, 0.000138235060149, 8.65766996867e-05, 6.62590318825e-05, 8.52816156112e-05, 4.33470158896e-05, 4.30795262218e-05, 3.54881922249e-05, 2.20250058192e-05, 1.71458686964e-05, 1.06947200038e-05, 7.69329835748e-06, 6.16748548055e-06, 5.68776704313e-06, 6.02864702159e-06, 4.73867385153e-06, 3.306455028e-06, 3.31200908477e-06, 3.87429554394e-06, 2.80075732917e-06, 1.73645946688e-06, 1.85648491424e-06, 1.70254588738e-06, 1.95708162209e-06, 2.56650491792e-06, 2.10846656046e-06, 1.07159360141e-06, 9.19621072626e-07, 8.80891491306e-07, 7.44287603993e-07, 7.27758958874e-07, 6.36151924027e-07], "dmean2": [0.00075191934593, 0.000731417501811, 0.000575985468458, 0.00070969958324, 0.000413073721575, 0.000306751695462, 0.000338959071087, 0.000253521342529, 0.000224443996558, 0.000211765378481, 0.000131135544507, 0.00010318808927, 0.000132912959089, 6.84478800395e-05, 6.88184882165e-05, 5.79756997467e-05, 3.44868603861e-05, 2.75142210739e-05, 1.74599590537e-05, 1.25361912069e-05, 1.04777154775e-05, 9.66560946836e-06, 9.98507584882e-06, 7.98298060545e-06, 5.58682449991e-06, 5.54487814952e-06, 6.29300802757e-06, 4.54710425402e-06, 2.87176567326e-06, 3.15448119181e-06, 2.83825920633e-06, 3.27348175233e-06, 4.34804860561e-06, 3.46342676494e-06, 1.57939302881e-06, 1.3481633232e-06, 1.26622398966e-06, 1.06628237972e-06, 1.04610444396e-06, 9.06326363292e-07], "mean": [0.000453542510513, 0.000491625280119, 0.0005214845296, 0.000701316574123, 0.000532497419044, 0.000437867274741, 0.000432818778791, 0.000316258257953, 0.000289977819193, 0.000299529463518, 0.00017398626369, 0.000132302375278, 0.000161326388479, 8.35776299937e-05, 8.4755680291e-05, 6.43800303806e-05, 4.3613879825e-05, 3.52841962012e-05, 1.87060832104e-05, 1.29090267365e-05, 1.1001537132e-05, 1.0020485206e-05, 1.09535212687e-05, 7.80856134952e-06, 5.38834592589e-06, 5.72974613533e-06, 7.571030892e-06, 4.86154112878e-06, 2.5412400646e-06, 2.48386595558e-06, 2.36699338529e-06, 2.67370660367e-06, 3.88364742321e-06, 3.52841698259e-06, 2.02857995646e-06, 1.69220550106e-06, 1.65472226854e-06, 1.3126440308e-06, 1.19318315228e-06, 1.13372186661e-06], "dvar2": [6.33558147456e-06, 5.62244122193e-06, 1.68432495684e-06, 2.2959081889e-06, 4.75293489899e-07, 2.9609310559e-07, 5.07100367031e-07, 2.48795174684e-07, 2.90874226039e-07, 2.76684772871e-07, 9.82810490768e-08, 5.82508832281e-08, 2.81698021354e-07, 2.87670385291e-08, 3.10079890653e-08, 2.69949929077e-08, 1.07262358995e-08, 8.13744982509e-09, 2.6931146202e-09, 1.01493824456e-09, 8.9152096816e-10, 6.21745877005e-10, 6.86071366385e-10, 3.17133902472e-10, 2.06646783019e-10, 2.51402842988e-10, 2.71479838609e-10, 1.24597415718e-10, 7.5821293688e-11, 1.26352608931e-10, 1.11494063981e-10, 2.70816563619e-10, 6.33216645785e-10, 3.89343501883e-10, 2.06104248252e-11, 1.2647858455e-11, 1.05155398278e-11, 8.92315648454e-12, 8.58622548061e-12, 6.3597304506e-12], "min": [3.02427557665e-24, 6.3091714693e-25, 1.11835499052e-24, 1.26134450985e-24, 1.83639659823e-24, 2.78324780453e-24, 2.45236759202e-24, 2.73226747132e-24, 2.54771050431e-24, 2.90347336193e-24, 4.33782778867e-24, 2.03351144198e-24, 1.19151266897e-24, 1.92165569879e-24, 1.53799369057e-24, 3.15155611434e-24, 3.1681474369e-24, 3.9566103618e-24, 3.74809351973e-24, 3.20951609163e-24, 5.5528494987e-24, 3.30855363398e-24, 4.77220655196e-24, 4.81800702725e-24, 4.09166019333e-24, 6.01374424359e-24, 4.22103929824e-24, 3.65615809212e-24, 5.10081878937e-24, 5.61711839108e-24, 4.26244305728e-24, 6.87382942779e-24, 6.77479740747e-24, 5.13787750254e-24, 6.26210881655e-24, 5.71086740991e-24, 6.66779158112e-24, 6.27290437804e-24, 6.1966913427e-24, 5.83908728373e-24]}, "spectral_decrease": {"dvar": 7.82942414367e-18, "var": 2.03849662239e-17, "median": -3.80625531093e-09, "max": 1.83200414656e-28, "dmean": 1.67051594779e-09, "dmean2": 2.61417865133e-09, "mean": -5.01002306308e-09, "dvar2": 1.91032167775e-17, "min": -3.22614077675e-08}, "barkbands_kurtosis": {"dvar": 3135.39428711, "var": 2478.41430664, "median": 4.41957092285, "max": 5041.45361328, "dmean": 4.59406518936, "dmean2": 7.29765319824, "mean": 8.66222476959, "dvar2": 8081.86572266, "min": -1.94778585434}, "silence_rate_30dB": {"dvar": 0.000935939024203, "var": 0.000546201772522, "median": 1, "max": 1, "dmean": 0.000936768134125, "dmean2": 0.00187368260231, "mean": 0.999453604221, "dvar2": 0.00265097571537, "min": 0}, "gfcc": {"mean": [-38.0835914612, 81.6315231323, -95.1134490967, 7.44939422607, -69.6075286865, 1.12163233757, -42.9727172852, 0.819459736347, -28.6915740967, -1.14043056965, -12.8605461121, -0.21869456768, -11.8393888474], "cov": [[21322.5644531, -932.62701416, -2330.00610352, -136.519668579, -1046.76379395, 589.060119629, -402.432800293, 523.966186523, -294.546051025, 209.33203125, -204.145767212, -26.5021266937, -261.437683105], [-932.62701416, 1686.29553223, 254.913619995, 186.60345459, 323.373718262, -60.1106796265, 135.406570435, -36.136505127, 35.9165878296, -61.8446655273, 99.6787643433, -35.0843734741, 86.4353713989], [-2330.00610352, 254.913619995, 1554.93469238, 352.891693115, 369.301940918, 101.536186218, 162.52923584, -39.4353981018, 125.738296509, -11.4104204178, 42.9062805176, 15.0869665146, 56.3597488403], [-136.519668579, 186.60345459, 352.891693115, 564.434570313, 249.020263672, 119.401344299, 82.8953094482, 54.6658363342, 105.66934967, 26.0604705811, 16.1388397217, 23.6839084625, 48.0147209167], [-1046.76379395, 323.373718262, 369.301940918, 249.020263672, 487.072479248, 86.4043121338, 144.621948242, 26.4732265472, 103.507171631, 12.9263353348, 32.518951416, 40.8268661499, 46.747341156], [589.060119629, -60.1106796265, 101.536186218, 119.401344299, 86.4043121338, 290.625823975, 109.454452515, 85.4811096191, 16.1447925568, 42.9997138977, 12.370434761, 29.9710788727, -14.5686321259], [-402.432800293, 135.406570435, 162.52923584, 82.8953094482, 144.621948242, 109.454452515, 218.221160889, 40.9498176575, 37.6809310913, 7.61934518814, 22.5973167419, 23.4320526123, -5.704682827], [523.966186523, -36.136505127, -39.4353981018, 54.6658363342, 26.4732265472, 85.4811096191, 40.9498176575, 170.254013062, 38.2227706909, 27.7187671661, -2.49035954475, 0.706694960594, 2.67256999016], [-294.546051025, 35.9165878296, 125.738296509, 105.66934967, 103.507171631, 16.1447925568, 37.6809310913, 38.2227706909, 131.133026123, 31.8566894531, -2.77085351944, 6.53291940689, 14.5201482773], [209.33203125, -61.8446655273, -11.4104204178, 26.0604705811, 12.9263353348, 42.9997138977, 7.61934518814, 27.7187671661, 31.8566894531, 85.0103988647, 22.7256507874, 13.2138147354, -4.68844842911], [-204.145767212, 99.6787643433, 42.9062805176, 16.1388397217, 32.518951416, 12.370434761, 22.5973167419, -2.49035954475, -2.77085351944, 22.7256507874, 95.0472640991, 28.3816795349, 13.1958227158], [-26.5021266937, -35.0843734741, 15.0869665146, 23.6839084625, 40.8268661499, 29.9710788727, 23.4320526123, 0.706694960594, 6.53291940689, 13.2138147354, 28.3816795349, 85.5204544067, 20.0648460388], [-261.437683105, 86.4353713989, 56.3597488403, 48.0147209167, 46.747341156, -14.5686321259, -5.704682827, 2.67256999016, 14.5201482773, -4.68844842911, 13.1958227158, 20.0648460388, 78.9891662598]], "icov": [[7.88068282418e-05, -3.5235665564e-05, 8.18465196062e-05, -7.23819102859e-05, 0.000122082798043, -0.000186249817489, 0.000161673495313, -0.000177626890945, 0.000120617245557, -0.000131395325297, 0.000163485514349, -0.000102081321529, 0.000164722543559], [-3.5235665564e-05, 0.000898946833331, 4.1965598939e-05, -9.93321009446e-05, -0.00053230667254, 0.000358884397428, -0.000534722872544, 0.000242537833401, 1.47840341924e-06, 0.000737394730095, -0.00114833482075, 0.00110082887113, -0.000779774214607], [8.18465196062e-05, 4.1965598939e-05, 0.00100116385147, -0.000377096643206, -0.000243156857323, -0.000415010581492, -0.000146275764564, 0.000423421442974, -0.000413967849454, 0.000357835990144, -0.000257519539446, 0.000370516179828, -0.000171435865923], [-7.23819102859e-05, -9.93321009446e-05, -0.000377096643206, 0.0028316215612, -0.000837734318338, -0.000734376488253, 0.000246581475949, -6.87951906002e-05, -0.00127202656586, 8.80073275766e-05, 2.45736327997e-06, 0.000125877122628, -0.000995908514597], [0.000122082798043, -0.00053230667254, -0.000243156857323, -0.000837734318338, 0.00411769701168, -0.000554186990485, -0.00106202799361, -3.32032723236e-05, -0.00138776749372, -0.000119032527437, 0.00042430247413, -0.00129952910356, -0.000438181275968], [-0.000186249817489, 0.000358884397428, -0.000415010581492, -0.000734376488253, -0.000554186990485, 0.00632170634344, -0.00258487719111, -0.00177716230974, 0.00181854330003, -0.00193868705537, 0.000151688684127, -0.000955414492637, 0.000868732458912], [0.000161673495313, -0.000534722872544, -0.000146275764564, 0.000246581475949, -0.00106202799361, -0.00258487719111, 0.00781018799171, -0.00117756717373, -0.000754230422899, 0.00103295769077, -0.000429649488069, -0.00146923819557, 0.00247534946539], [-0.000177626890945, 0.000242537833401, 0.000423421442974, -6.87951906002e-05, -3.32032723236e-05, -0.00177716230974, -0.00117756717373, 0.00840828754008, -0.00248977495357, -0.000374716444639, -0.000304305227473, 0.00163323874585, -0.00171986955684], [0.000120617245557, 1.47840341924e-06, -0.000413967849454, -0.00127202656586, -0.00138776749372, 0.00181854330003, -0.000754230422899, -0.00248977495357, 0.012501809746, -0.00518697220832, 0.00274504884146, -0.000268203002634, -0.000343792606145], [-0.000131395325297, 0.000737394730095, 0.000357835990144, 8.80073275766e-05, -0.000119032527437, -0.00193868705537, 0.00103295769077, -0.000374716444639, -0.00518697220832, 0.017185844481, -0.00560426712036, -4.32416563854e-05, 0.00117033545393], [0.000163485514349, -0.00114833482075, -0.000257519539446, 2.45736327997e-06, 0.00042430247413, 0.000151688684127, -0.000429649488069, -0.000304305227473, 0.00274504884146, -0.00560426712036, 0.0150139825419, -0.00474269781262, -0.00040465395432], [-0.000102081321529, 0.00110082887113, 0.000370516179828, 0.000125877122628, -0.00129952910356, -0.000955414492637, -0.00146923819557, 0.00163323874585, -0.000268203002634, -4.32416563854e-05, -0.00474269781262, 0.016059147194, -0.00469215679914], [0.000164722543559, -0.000779774214607, -0.000171435865923, -0.000995908514597, -0.000438181275968, 0.000868732458912, 0.00247534946539, -0.00171986955684, -0.000343792606145, 0.00117033545393, -0.00040465395432, -0.00469215679914, 0.0168348252773]]}, "silence_rate_20dB": {"dvar": 0, "var": 0, "median": 1, "max": 1, "dmean": 0, "dmean2": 0, "mean": 1, "dvar2": 0, "min": 1}, "barkbands_skewness": {"dvar": 0.734452784061, "var": 1.98634719849, "median": 1.79380917549, "max": 62.91065979, "dmean": 0.522691428661, "dmean2": 0.808183550835, "mean": 1.98030531406, "dvar2": 1.63113212585, "min": -2.43778133392}, "erbbands_skewness": {"dvar": 0.199852466583, "var": 0.787308633327, "median": 0.998203635216, "max": 16.3545703888, "dmean": 0.39199090004, "dmean2": 0.597172319889, "mean": 1.08569252491, "dvar2": 0.453550964594, "min": -3.3699388504}, "spectral_contrast_valleys": {"dvar": [0.281884640455, 0.164950489998, 0.169183984399, 0.208450779319, 0.208358839154, 0.206903934479], "var": [3.88252282143, 3.32143712044, 3.24491095543, 3.15798616409, 3.15554499626, 3.06005239487], "median": [-7.50106048584, -6.57228565216, -7.49452733994, -8.10913658142, -8.03827571869, -10.0656938553], "max": [-5.24296712875, -4.37023448944, -5.35954856873, -5.76226711273, -5.54056692123, -7.50044822693], "dmean": [0.453305244446, 0.378675103188, 0.354317843914, 0.344476848841, 0.299039870501, 0.341894835234], "dmean2": [0.709066152573, 0.602002620697, 0.566878497601, 0.55129635334, 0.45633661747, 0.418141424656], "mean": [-8.04760742188, -6.91820192337, -7.84787607193, -8.48637771606, -8.36088085175, -10.3727254868], "dvar2": [0.552802443504, 0.349180787802, 0.359778016806, 0.456461131573, 0.443742185831, 0.343712598085], "min": [-28.7997512817, -28.1580448151, -28.0088977814, -27.7638149261, -27.470123291, -27.4294242859]}, "spectral_strongpeak": {"dvar": 0.526338338852, "var": 1.94514286518, "median": 0.590612351894, "max": 14.9082136154, "dmean": 0.476468265057, "dmean2": 0.789959847927, "mean": 1.14264428616, "dvar2": 1.36522221565, "min": 0}, "erbbands_crest": {"dvar": 5.6031870842, "var": 19.376285553, "median": 8.86931228638, "max": 30.8277301788, "dmean": 2.50923871994, "dmean2": 3.99732708931, "mean": 9.76524543762, "dvar2": 13.382027626, "min": 1.96202170849}, "barkbands_crest": {"dvar": 5.33467578888, "var": 14.9159526825, "median": 8.74970340729, "max": 26.9494514465, "dmean": 2.42547392845, "dmean2": 3.96867132187, "mean": 9.64106559753, "dvar2": 14.1855897903, "min": 2.59686279297}, "spectral_energyband_middle_low": {"dvar": 4.21883014496e-05, "var": 0.000132124492666, "median": 0.00971348676831, "max": 0.0968198925257, "dmean": 0.0041089868173, "dmean2": 0.00641730939969, "mean": 0.0124316131696, "dvar2": 0.000102769474324, "min": 1.8307255324e-22}, "spectral_contrast_coeffs": {"dvar": [0.00194029603153, 0.00146621360909, 0.000963867991231, 0.000660363410134, 0.000332808704115, 0.000390230503399], "var": [0.0114541351795, 0.00595973990858, 0.00660458346829, 0.00472665717825, 0.00260708970018, 0.00180293770973], "median": [-0.610837578773, -0.70709335804, -0.748074054718, -0.777129769325, -0.799613714218, -0.800963461399], "max": [-0.231222748756, -0.391069501638, -0.445642948151, -0.528020441532, -0.587121188641, -0.604334533215], "dmean": [0.049570158124, 0.0456776469946, 0.0379551947117, 0.0309083499014, 0.0205681212246, 0.0172525048256], "dmean2": [0.0803556218743, 0.0736396536231, 0.060565482825, 0.0502531565726, 0.0333595238626, 0.0276648830622], "mean": [-0.599620640278, -0.706418573856, -0.741346597672, -0.772249996662, -0.797423362732, -0.799749553204], "dvar2": [0.00471096299589, 0.0036983252503, 0.00240553799085, 0.00167501589749, 0.000825733121019, 0.000968568085227], "min": [-0.975693404675, -0.978979229927, -0.973213911057, -0.977016210556, -0.967523336411, -0.963366031647]}, "hfc": {"dvar": 142.089614868, "var": 534.130004883, "median": 9.50200843811, "max": 208.755126953, "dmean": 5.86332035065, "dmean2": 8.47161388397, "mean": 18.6115665436, "dvar2": 314.795837402, "min": 1.06328853197e-16}, "spectral_energyband_high": {"dvar": 1.45846331634e-06, "var": 2.83093686448e-06, "median": 0.000207620949368, "max": 0.0218357089907, "dmean": 0.000406174018281, "dmean2": 0.000578822335228, "mean": 0.000803257280495, "dvar2": 3.44436148225e-06, "min": 7.0296037965e-21}, "erbbands_spread": {"dvar": 129.923110962, "var": 532.434204102, "median": 29.6395111084, "max": 189.487792969, "dmean": 8.45511627197, "dmean2": 12.2646360397, "mean": 35.939704895, "dvar2": 251.499725342, "min": 0.516427159309}, "dissonance": {"dvar": 0.000551855540834, "var": 0.00148860493209, "median": 0.454309284687, "max": 0.500000178814, "dmean": 0.0246612094343, "dmean2": 0.0411056280136, "mean": 0.446049958467, "dvar2": 0.00142217206303, "min": 0.100263081491}, "spectral_kurtosis": {"dvar": 73.5185852051, "var": 406.087890625, "median": 4.49167585373, "max": 374.136352539, "dmean": 2.19922876358, "dmean2": 3.42386984825, "mean": 7.31531238556, "dvar2": 171.885787964, "min": -1.35329020023}, "spectral_skewness": {"dvar": 0.214077606797, "var": 1.47894132137, "median": 1.80562901497, "max": 16.2636909485, "dmean": 0.249448165298, "dmean2": 0.376908183098, "mean": 1.96555387974, "dvar2": 0.464958637953, "min": -0.0550941005349}, "pitch_salience": {"dvar": 0.00384555174969, "var": 0.0114562474191, "median": 0.622002243996, "max": 0.902888953686, "dmean": 0.0647393763065, "dmean2": 0.104443371296, "mean": 0.611115276814, "dvar2": 0.00969339907169, "min": 0.031508333981}, "spectral_complexity": {"dvar": 18.0745105743, "var": 86.9522323608, "median": 13, "max": 58, "dmean": 2.78875875473, "dmean2": 4.45452404022, "mean": 14.1941299438, "dvar2": 39.9589653015, "min": 0}, "spectral_spread": {"dvar": 1152719388670.0, "var": 9209904103420.0, "median": 5020653.5, "max": 42702128, "dmean": 757411.0625, "dmean2": 1004397.25, "mean": 5572852, "dvar2": 1979146829820.0, "min": 329000.0625}, "dynamic_complexity": 4.61872386932, "melbands_crest": {"dvar": 7.63949012756, "var": 22.4414463043, "median": 11.3113679886, "max": 36.2910423279, "dmean": 2.87410855293, "dmean2": 4.64920854568, "mean": 12.156873703, "dvar2": 19.0677680969, "min": 1.68518650532}, "zerocrossingrate": {"dvar": 0.000250453333138, "var": 0.00266673136503, "median": 0.05224609375, "max": 0.52099609375, "dmean": 0.0114082470536, "dmean2": 0.0128306774423, "mean": 0.0627689734101, "dvar2": 0.000270257209195, "min": 0.00341796875}, "spectral_energyband_low": {"dvar": 5.38190142834e-05, "var": 4.79703230667e-05, "median": 0.0013435841538, "max": 0.106043621898, "dmean": 0.00234838947654, "dmean2": 0.00385854416527, "mean": 0.0031003721524, "dvar2": 0.000136683825986, "min": 1.82702520677e-23}, "melbands_kurtosis": {"dvar": 336.916870117, "var": 587.930908203, "median": 9.98702907562, "max": 829.364807129, "dmean": 7.5449848175, "dmean2": 11.9719581604, "mean": 16.4656467438, "dvar2": 829.823120117, "min": -1.8235398531}, "spectral_energyband_middle_high": {"dvar": 9.15335203899e-06, "var": 6.03388907621e-05, "median": 0.00161133334041, "max": 0.078778617084, "dmean": 0.00153141201008, "dmean2": 0.00238122791052, "mean": 0.00493478542194, "dvar2": 2.26331994782e-05, "min": 1.19983719151e-21}, "barkbands_spread": {"dvar": 56.1369743347, "var": 220.727325439, "median": 13.4147644043, "max": 143.748382568, "dmean": 4.87401676178, "dmean2": 7.25018930435, "mean": 17.2165603638, "dvar2": 113.847938538,