{"tonal": {"hpcp": {"dvar": [0.0489416196942, 0.048213981092, 0.0319076888263, 0.0283482801169, 0.0280518811196, 0.0295844338834, 0.0325498245656, 0.038480617106, 0.0341285318136, 0.0432979390025, 0.0488444119692, 0.0444816090167, 0.0454905927181, 0.0549686811864, 0.0652536302805, 0.0664696916938, 0.0700751468539, 0.0677169784904, 0.0620174147189, 0.0415733233094, 0.0337559357285, 0.0334118045866, 0.0424441061914, 0.0503675118089, 0.0747550204396, 0.0404538623989, 0.0276609286666, 0.0339936204255, 0.038793310523, 0.0326457358897, 0.0463690496981, 0.0450819134712, 0.0315123312175, 0.0313140451908, 0.0371309742332, 0.0430305860937], "var": [0.0898532420397, 0.0876121819019, 0.0373581908643, 0.0194342825562, 0.0175613444299, 0.0198233220726, 0.0333167240024, 0.0463157333434, 0.0346258953214, 0.073507681489, 0.0719632655382, 0.0345743969083, 0.0437875576317, 0.0595117472112, 0.0600040256977, 0.0940302610397, 0.126218408346, 0.0715933889151, 0.046976685524, 0.0285779163241, 0.0265751797706, 0.0550553612411, 0.0664346367121, 0.0515502393246, 0.0798555910587, 0.0377119742334, 0.0195922050625, 0.0401258245111, 0.0587602294981, 0.0421673096716, 0.0820091366768, 0.081435084343, 0.0301990956068, 0.0217039547861, 0.0285448171198, 0.0460529439151], "median": [0.100355617702, 0.123292990029, 0.0504640303552, 0.00959153659642, 0.00767106050625, 0.00768002215773, 0.0122937317938, 0.014387643896, 0.0160142090172, 0.0119417281821, 0.0105209574103, 0.0112341511995, 0.0149222938344, 0.0233491770923, 0.0400549657643, 0.101264961064, 0.134376570582, 0.0696155950427, 0.00796887557954, 0.00371137890033, 0.00938011147082, 0.0269834920764, 0.0352110825479, 0.048605017364, 0.0238405037671, 0.0134817538783, 0.00627827877179, 0.0214684568346, 0.0279626045376, 0.0336853265762, 0.0300284065306, 0.0272968616337, 0.014940302819, 0.00612243078649, 0.00912643782794, 0.0282126683742], "max": [1, 1, 1, 1, 1, 1, 1, 1, 1, 1, 1, 1, 1, 1, 1, 1, 1, 1, 1, 1, 1, 1, 1, 1, 1, 1, 1, 1, 1, 1, 1, 1, 1, 1, 1, 1], "dmean": [0.160278633237, 0.171841010451, 0.119310714304, 0.0817674994469, 0.0729962736368, 0.0754659101367, 0.0907911509275, 0.101828828454, 0.0968379601836, 0.105798527598, 0.113548055291, 0.106165014207, 0.115752480924, 0.148677840829, 0.17738905549, 0.203131511807, 0.205297335982, 0.197036027908, 0.142892792821, 0.10145290941, 0.0967209935188, 0.109161414206, 0.125536054373, 0.167847931385, 0.194663330913, 0.127974778414, 0.076933324337, 0.103479169309, 0.115879416466, 0.114934213459, 0.13090993464, 0.128529667854, 0.0985005050898, 0.0857177525759, 0.101078383625, 0.130365803838], "dmean2": [0.271415472031, 0.288750350475, 0.207039147615, 0.151306986809, 0.13788305223, 0.139910712838, 0.159601941705, 0.176717802882, 0.172181859612, 0.185861229897, 0.202062308788, 0.193443506956, 0.208763465285, 0.264876931906, 0.318426907063, 0.354926347733, 0.350130170584, 0.350755125284, 0.26517111063, 0.1888127774, 0.176238760352, 0.189675867558, 0.222505822778, 0.295886963606, 0.343596249819, 0.226875320077, 0.139023050666, 0.178082078695, 0.199650987983, 0.198149979115, 0.226594775915, 0.220284938812, 0.175211548805, 0.159499391913, 0.185503765941, 0.232160940766], "mean": [0.236012682319, 0.252437531948, 0.131624251604, 0.0602857433259, 0.0504112839699, 0.0543669313192, 0.0872609391809, 0.105716764927, 0.0970360562205, 0.136311918497, 0.136138767004, 0.0850622802973, 0.10222620517, 0.139156296849, 0.154469951987, 0.253084033728, 0.310120820999, 0.198577538133, 0.0992443263531, 0.0667991191149, 0.0757417529821, 0.135045856237, 0.151051938534, 0.152788892388, 0.170573353767, 0.10455904156, 0.0571541711688, 0.11001509428, 0.140364304185, 0.12648139894, 0.176769003272, 0.174766018987, 0.0879660919309, 0.0588274858892, 0.0739936083555, 0.123876862228], "dvar2": [0.110830888152, 0.114867217839, 0.0828948020935, 0.0799777433276, 0.0806194841862, 0.0841755121946, 0.0877625197172, 0.0968717485666, 0.0897679701447, 0.112018078566, 0.127755209804, 0.124854169786, 0.123544938862, 0.144111320376, 0.180729389191, 0.175471782684, 0.161713346839, 0.181203499436, 0.167389377952, 0.11543726176, 0.0942108631134, 0.0866885781288, 0.111918516457, 0.137289017439, 0.186625987291, 0.106422677636, 0.0781005173922, 0.0891769528389, 0.0953206047416, 0.0834868624806, 0.114463247359, 0.110582590103, 0.0866640880704, 0.0893426090479, 0.103501990438, 0.115625537932], "min": [0, 0, 0, 0, 0, 0, 0, 0, 0, 0, 0, 0, 0, 0, 0, 0, 0, 0, 0, 0, 0, 0, 0, 0, 0, 0, 0, 0, 0, 0, 0, 0, 0, 0, 0, 0]}, "key_key": "D", "thpcp": [1, 0.640323162079, 0.320018261671, 0.215397074819, 0.244233042002, 0.435462087393, 0.487074494362, 0.492675364017, 0.550022244453, 0.337155818939, 0.18429645896, 0.354749143124, 0.452611684799, 0.407845556736, 0.57000041008, 0.563541710377, 0.283651024103, 0.189692154527, 0.238596066833, 0.399447113276, 0.761034607887, 0.813997387886, 0.424428939819, 0.194394379854, 0.162553697824, 0.175308868289, 0.281377226114, 0.340888977051, 0.312897592783, 0.439544558525, 0.438986212015, 0.274287551641, 0.32963347435, 0.448716402054, 0.498096048832, 0.816082060337], "chords_key": "D", "tuning_equal_tempered_deviation": 0.273738175631, "tuning_frequency": 434.193115234, "tuning_diatonic_strength": 0.696954786777, "chords_histogram": [48.2820968628, 9.40325450897, 4.9857916832, 0, 0, 0, 0, 0, 0.309997409582, 0, 0, 0.697494208813, 0, 0.258331179619, 0, 1.44665455818, 0, 12.5290622711, 0.929992258549, 2.19581508636, 2.42831301689, 0.826659798622, 12.115732193, 3.59080338478], "key_strength": 0.795648396015, "key_scale": "major", "chords_strength": {"dvar": 8.31766519696e-05, "var": 0.00857042241842, "median": 0.518028080463, "max": 0.755020201206, "dmean": 0.0111793912947, "dmean2": 0.0109945153818, "mean": 0.51322722435, "dvar2": 9.79843898676e-05, "min": 0.275969564915}, "chords_number_rate": 0.00232498068362, "tuning_nontempered_energy_ratio": 0.946563839912, "hpcp_entropy": {"dvar": 0.272318422794, "var": 0.529127180576, "median": 2.01707696915, "max": 4.12420940399, "dmean": 0.621668279171, "dmean2": 1.04697573185, "mean": 1.9667071104, "dvar2": 0.707033753395, "min": 0}, "chords_changes_rate": 0.0705244094133, "chords_scale": "major"}, "rhythm": {"bpm_histogram_first_peak_spread": {"dvar": 0, "var": 0, "median": 0.404938220978, "max": 0.404938220978, "dmean": 0, "dmean2": 0, "mean": 0.404938220978, "dvar2": 0, "min": 0.404938220978}, "bpm_histogram_first_peak_weight": {"dvar": 0, "var": 0, "median": 0.577937662601, "max": 0.577937662601, "dmean": 0, "dmean2": 0, "mean": 0.577937662601, "dvar2": 0, "min": 0.577937662601}, "bpm_histogram_first_peak_bpm": {"dvar": 0, "var": 0, "median": 140, "max": 140, "dmean": 0, "dmean2": 0, "mean": 140, "dvar2": 0, "min": 140}, "bpm": 139.660217285, "bpm_histogram_second_peak_weight": {"dvar": 0, "var": 0, "median": 0.0167865715921, "max": 0.0167865715921, "dmean": 0, "dmean2": 0, "mean": 0.0167865715921, "dvar2": 0, "min": 0.0167865715921}, "beats_loudness": {"dvar": 0.00127952778712, "var": 0.00213744398206, "median": 0.0647238492966, "max": 0.246304899454, "dmean": 0.0500061400235, "dmean2": 0.0918123573065, "mean": 0.0726059004664, "dvar2": 0.00417040102184, "min": 2.54379813214e-07}, "beats_loudness_band_ratio": {"dvar": [0.0323895923793, 0.0100801298395, 0.00648100953549, 0.00623160228133, 0.00224470579997, 0.00325825856999], "var": [0.0589065104723, 0.0112655684352, 0.015275714919, 0.00630307011306, 0.00237573008053, 0.00320739671588], "median": [0.763341963291, 0.106431253254, 0.0406216531992, 0.0317040719092, 0.0280519090593, 0.0189824961126], "max": [0.97690141201, 0.691578388214, 0.812200188637, 0.522328019142, 0.313504427671, 0.256638258696], "dmean": [0.289451867342, 0.139347940683, 0.0707377716899, 0.0649200454354, 0.0507941767573, 0.0723623409867], "dmean2": [0.560077190399, 0.271105438471, 0.130897030234, 0.116211973131, 0.0969476029277, 0.143652141094], "mean": [0.685026168823, 0.135724455118, 0.0813079625368, 0.0599199719727, 0.0436433069408, 0.0472701042891], "dvar2": [0.105257153511, 0.0296989753842, 0.0191335398704, 0.0176752991974, 0.00673375185579, 0.0113984961063], "min": [0.0113443080336, 0.0130228325725, 0.000273581739748, 0.000136807211675, 2.90635125566e-05, 0.000230619683862]}, "bpm_histogram_second_peak_bpm": {"dvar": 0, "var": 0, "median": 152, "max": 152, "dmean": 0, "dmean2": 0, "mean": 152, "dvar2": 0, "min": 152}, "onset_rate": 4.00035476685, "beats_count": 418, "beats_position": [0.406349211931, 0.824308395386, 1.24226760864, 1.64861679077, 2.06657600403, 2.48453521729, 2.90249419212, 3.32045340538, 3.73841261864, 4.1679816246, 4.59755086899, 5.02712011337, 5.45668935776, 5.88625860214, 6.30421733856, 6.73378658295, 7.16335582733, 7.59292507172, 8.01088428497, 8.42884349823, 8.84680271149, 9.26476192474, 9.682721138, 10.1006803513, 10.5302495956, 10.9482088089, 11.3661680222, 11.7841272354, 12.1904764175, 12.6084346771, 13.0263938904, 13.4443531036, 13.8623123169, 14.2802715302, 14.7098407745, 15.1277999878, 15.5573692322, 15.9753284454, 16.4048976898, 16.8344669342, 17.2640361786, 17.693605423, 18.1231746674, 18.5527439117, 18.9939231873, 19.4118824005, 19.8298416138, 20.247800827, 20.6889801025, 21.1185474396, 21.548116684, 21.9660758972, 22.3956451416, 22.825214386, 23.2431735992, 23.6611328125, 24.0907020569, 24.5202713013, 24.9498405457, 25.37940979, 25.7973690033, 26.2269382477, 26.6448974609, 27.0744667053, 27.5040359497, 27.9336051941, 28.3631744385, 28.7927436829, 29.2107028961, 29.6286621094, 30.0466213226, 30.4645805359, 30.8941497803, 31.3237190247, 31.7648983002, 32.2060775757, 32.6356468201, 33.0652160645, 33.4947853088, 33.9243545532, 34.3423118591, 34.7602729797, 35.1898422241, 35.6194114685, 36.0489807129, 36.4785499573, 36.908115387, 37.3376846313, 37.7672538757, 38.1968231201, 38.638004303, 39.0675735474, 39.4971427917, 39.9151000977, 40.344669342, 40.7742385864, 41.192199707, 41.6217689514, 42.0513381958, 42.4692955017, 42.8988647461, 43.3284339905, 43.7463951111, 44.1759643555, 44.6171417236, 45.046710968, 45.4878921509, 45.9058494568, 46.347026825, 46.7882080078, 47.229385376, 47.6705665588, 48.1001358032, 48.5297050476, 48.959274292, 49.3888435364, 49.8300209045, 50.2712020874, 50.7007713318, 51.1303405762, 51.5715179443, 52.0126991272, 52.4422683716, 52.871837616, 53.3130149841, 53.73097229, 54.1721534729, 54.5901107788, 55.0196800232, 55.4492492676, 55.878818512, 56.3083877563, 56.7379570007, 57.1675262451, 57.5970954895, 58.0266647339, 58.4678459167, 58.8974151611, 59.3269844055, 59.7565536499, 60.1861228943, 60.6273002625, 61.0684814453, 61.498046875, 61.9276161194, 62.3687973022, 62.8099746704, 63.2511558533, 63.6691131592, 64.1102905273, 64.5398635864, 64.9694290161, 65.3990020752, 65.8285675049, 66.258140564, 66.6877059937, 67.1172790527, 67.5468444824, 67.964805603, 68.4059829712, 68.8471679688, 69.2883453369, 69.7179107666, 70.1474838257, 70.5770492554, 71.0066223145, 71.4361877441, 71.8657608032, 72.2953262329, 72.724899292, 73.1428527832, 73.5608139038, 73.9903869629, 74.4315643311, 74.8611297607, 75.3023147583, 75.731880188, 76.1614532471, 76.5910186768, 77.0205917358, 77.4385452271, 77.8681182861, 78.2976837158, 78.738861084, 79.1568222046, 79.5747833252, 80.0043487549, 80.433921814, 80.8634872437, 81.2930603027, 81.7226257324, 82.1521987915, 82.5817642212, 83.0113372803, 83.44090271, 83.870475769, 84.2884368896, 84.7180023193, 85.1475753784, 85.5655288696, 85.9834899902, 86.4246673584, 86.8542404175, 87.2838058472, 87.7133789062, 88.1429443359, 88.5841217041, 89.0253067017, 89.4548721313, 89.8844451904, 90.3140106201, 90.7435836792, 91.1847610474, 91.6259384155, 92.0555114746, 92.4850769043, 92.9146499634, 93.3442153931, 93.7737884521, 94.2033538818, 94.64453125, 95.0741043091, 95.5036697388, 95.9332427979, 96.3628082275, 96.7923812866, 97.2219467163, 97.6515197754, 98.0810852051, 98.5222625732, 98.9518356323, 99.381401062, 99.8109741211, 100.240539551, 100.67011261, 101.09967804, 101.529251099, 101.958816528, 102.388389587, 102.817955017, 103.235916138, 103.665489197, 104.095054626, 104.513015747, 104.954193115, 105.383758545, 105.813331604, 106.242897034, 106.672470093, 107.090431213, 107.531608582, 107.961174011, 108.39074707, 108.808708191, 109.249885559, 109.66784668, 110.109024048, 110.538589478, 110.968162537, 111.397727966, 111.827301025, 112.256866455, 112.698051453, 113.127616882, 113.557182312, 113.986755371, 114.427932739, 114.84589386, 115.287071228, 115.728248596, 116.157821655, 116.587387085, 117.016960144, 117.446525574, 117.887710571, 118.305664062, 118.74684906, 119.188026428, 119.605987549, 120.047164917, 120.465126038, 120.894691467, 121.324264526, 121.765441895, 122.183395386, 122.601356506, 123.019317627, 123.448883057, 123.878456116, 124.319633484, 124.737594604, 125.155555725, 125.585121155, 126.014694214, 126.444259644, 126.873832703, 127.315010071, 127.756187439, 128.185760498, 128.615325928, 129.044891357, 129.474472046, 129.904037476, 130.333602905, 130.774780273, 131.215957642, 131.65713501, 132.086715698, 132.516281128, 132.957458496, 133.387023926, 133.816589355, 134.257781982, 134.698959351, 135.140136719, 135.55809021, 135.999267578, 136.440444946, 136.870025635, 137.299591064, 137.729156494, 138.158721924, 138.588302612, 139.017868042, 139.45904541, 139.88861084, 140.31817627, 140.747756958, 141.177322388, 141.606887817, 142.036453247, 142.466033936, 142.895599365, 143.325164795, 143.743133545, 144.172698975, 144.613876343, 145.055053711, 145.484619141, 145.914199829, 146.355377197, 146.773330688, 147.214508057, 147.655685425, 148.096862793, 148.526443481, 148.956008911, 149.397186279, 149.826751709, 150.256317139, 150.685897827, 151.115463257, 151.556640625, 151.997817993, 152.427383423, 152.856964111, 153.286529541, 153.716094971, 154.1456604, 154.575241089, 155.004806519, 155.434371948, 155.875549316, 156.293518066, 156.723083496, 157.152648926, 157.570602417, 158.011795044, 158.441360474, 158.870925903, 159.312103271, 159.75328064, 160.17124939, 160.600814819, 161.030380249, 161.471557617, 161.901138306, 162.330703735, 162.771881104, 163.201446533, 163.631011963, 164.060592651, 164.490158081, 164.931335449, 165.360900879, 165.790466309, 166.220046997, 166.649612427, 167.090789795, 167.531967163, 167.973144531, 168.414321899, 168.843902588, 169.273468018, 169.703033447, 170.132598877, 170.562179565, 170.991744995, 171.421310425, 171.850875854, 172.292053223, 172.721633911, 173.162811279, 173.592376709, 174.0103302, 174.42829895, 174.846252441, 175.264221191, 175.647338867, 176.030471802, 176.413604736, 176.808334351, 177.203079224, 177.597824097, 177.992553711, 178.387298584, 178.782043457, 179.176773071], "danceability": 1.43354475498, "bpm_histogram_second_peak_spread": {"dvar": 0, "var": 0, "median": 0.222222208977, "max": 0.222222208977, "dmean": 0, "dmean2": 0, "mean": 0.222222208977, "dvar2": 0, "min": 0.222222208977}}, "lowlevel": {"spectral_flux": {"dvar": 0.00324193108827, "var": 0.00579351792112, "median": 0.0728274956346, "max": 0.533709168434, "dmean": 0.0411845557392, "dmean2": 0.0635597258806, "mean": 0.0947201922536, "dvar2": 0.00742528913543, "min": 1.01935827834e-10}, "spectral_rolloff": {"dvar": 1314744.375, "var": 3048955.75, "median": 753.662109375, "max": 21662.4023438, "dmean": 488.927032471, "dmean2": 847.162536621, "mean": 1144.53356934, "dvar2": 3270361.5, "min": 64.599609375}, "barkbands_flatness_db": {"dvar": 0.000759760849178, "var": 0.00497507955879, "median": 0.147746413946, "max": 0.468160718679, "dmean": 0.0260900240391, "dmean2": 0.0395995862782, "mean": 0.158803716302, "dvar2": 0.00157356541604, "min": 0.0197370424867}, "spectral_centroid": {"dvar": 92555.21875, "var": 335346.71875, "median": 1047.88378906, "max": 11112.7636719, "dmean": 234.614028931, "dmean2": 357.205841064, "mean": 1100.78076172, "dvar2": 196011.3125, "min": 134.165817261}, "melbands_skewness": {"dvar": 1.3530163765, "var": 4.99040412903, "median": 3.10507965088, "max": 17.8224983215, "dmean": 1.02405273914, "dmean2": 1.54104673862, "mean": 3.39420843124, "dvar2": 2.90924978256, "min": -1.56725311279}, "melbands": {"dvar": [3.7156187318e-05, 5.11768266733e-05, 2.15106829273e-05, 2.96917323794e-06, 1.59711646575e-06, 7.86690009136e-07, 3.03358618226e-08, 1.74896754856e-08, 2.936217669e-08, 5.26210328644e-08, 2.92731527907e-08, 4.14064089682e-08, 1.38865994259e-08, 2.14678657073e-08, 7.82976883329e-09, 9.71174074493e-09, 8.76029560004e-09, 5.01926056273e-09, 2.46651166158e-09, 1.37317390791e-09, 5.80370640435e-10, 4.04751510086e-10, 9.06721017713e-11, 4.7426469002e-11, 3.54283859194e-11, 1.52642537499e-10, 4.54902261693e-11, 1.66397711582e-11, 1.76160839388e-11, 1.00568104192e-11, 8.43033455544e-12, 1.08343915436e-11, 1.37253527988e-10, 4.33936671318e-11, 8.92710280698e-11, 2.69333843422e-11, 1.9667521084e-11, 6.52822023869e-12, 8.05098869516e-12, 7.70772820569e-11], "var": [3.97384537791e-05, 4.46759549959e-05, 2.41561338044e-05, 3.23298468174e-06, 1.08437222934e-06, 5.30793784037e-07, 1.55159696646e-07, 4.22959196555e-08, 4.48643788786e-08, 8.20717360739e-08, 1.23516201711e-07, 1.3676910271e-07, 7.09575189717e-08, 1.17531179455e-07, 4.15746086446e-08, 2.41184032745e-08, 3.31492131522e-08, 1.11610871656e-08, 6.3629772562e-09, 5.31715649288e-09, 2.61800825463e-09, 1.00089447841e-09, 2.02402580807e-10, 1.37022421187e-10, 9.45079223214e-11, 3.02361413684e-10, 1.07648057135e-10, 4.21126779282e-11, 6.90497867217e-11, 3.36608761697e-11, 1.8754376524e-11, 1.7823510029e-11, 2.12267578514e-10, 5.73459890685e-11, 1.11932456359e-10, 2.6226238195e-11, 2.25797817943e-11, 7.88439192406e-12, 8.69130808989e-12, 8.67294708273e-11], "median": [0.00138886994682, 0.00168348615989, 0.00122549058869, 0.000382938887924, 0.000147975748405, 8.18912740215e-05, 7.62043637224e-05, 2.64686714218e-05, 2.36646337726e-05, 2.53097714449e-05, 3.29574068019e-05, 2.36219202634e-05, 1.2808934116e-05, 1.97250137717e-05, 9.47882836044e-06, 9.75401144387e-06, 1.13808864626e-05, 1.57829217642e-05, 1.39683552334e-05, 6.5024792093e-06, 7.26420239516e-06, 3.42688645105e-06, 3.44847103406e-06, 2.97620454148e-06, 1.7683223632e-06, 2.99230123346e-06, 3.0858975606e-06, 1.58194575306e-06, 9.50280934831e-07, 8.90113710739e-07, 7.64592869018e-07, 6.59592330976e-07, 6.49821629395e-07, 5.15697195169e-07, 3.27529704691e-07, 4.18396922441e-07, 3.82969403745e-07, 2.18269718744e-07, 1.95787507096e-07, 1.73109071966e-07], "max": [0.0572808980942, 0.0692264288664, 0.0796922594309, 0.0271003786474, 0.0200190749019, 0.0173672158271, 0.00414041429758, 0.0034320957493, 0.00377555796877, 0.00909493397921, 0.00893764849752, 0.0110864387825, 0.00714769586921, 0.00470065372065, 0.00557675445452, 0.00331833772361, 0.00352671276778, 0.00139554392081, 0.00112393079326, 0.00191033142619, 0.0007916521281, 0.000786365882959, 0.000209902325878, 0.000179430629942, 0.000244044626015, 0.000722952070646, 0.00016320119903, 9.20298043638e-05, 0.000109933534986, 6.26047331025e-05, 8.8087261247e-05, 0.000120730073832, 0.000632401846815, 0.000220485264435, 0.000722466618754, 0.000188332502148, 0.000171621562913, 6.07339570706e-05, 6.54381583445e-05, 0.000429023464676], "dmean": [0.00279405177571, 0.00283170305192, 0.00179071596358, 0.000695236609317, 0.000395124807255, 0.00027039644192, 9.11072493182e-05, 4.70527957077e-05, 5.52258570679e-05, 6.16353063378e-05, 6.16854449618e-05, 6.06288849667e-05, 4.05169193982e-05, 5.33103411726e-05, 2.98903905787e-05, 2.83375757135e-05, 2.97649457934e-05, 2.92105469271e-05, 2.16723965423e-05, 1.2825331396e-05, 1.11843864943e-05, 5.96785730522e-06, 4.88053910885e-06, 3.85966359318e-06, 2.81487336906e-06, 3.83421229344e-06, 3.19645118907e-06, 2.23999131777e-06, 2.0554382445e-06, 1.64311416029e-06, 1.28847477754e-06, 1.25683538954e-06, 2.07735592994e-06, 1.6129663436e-06, 1.28642955133e-06, 1.26562918012e-06, 1.18386424219e-06, 8.99427618606e-07, 9.4913536941e-07, 1.50664152443e-06], "dmean2": [0.00456165894866, 0.00463545229286, 0.00288268178701, 0.00112747738604, 0.000687894993462, 0.000472410873044, 0.000138365285238, 7.2490045568e-05, 8.56748156366e-05, 9.02776228031e-05, 8.37461775518e-05, 8.43274683575e-05, 5.47505915165e-05, 7.42794945836e-05, 4.01403594879e-05, 4.02861805924e-05, 4.19242714997e-05, 4.36878071923e-05, 3.20923463732e-05, 1.88969388546e-05, 1.76042976818e-05, 8.89261991688e-06, 7.53498807171e-06, 5.81619451623e-06, 4.11678047385e-06, 5.63077446714e-06, 4.76562991025e-06, 3.32715876539e-06, 3.04718832922e-06, 2.41026509684e-06, 1.91438266484e-06, 1.86123077128e-06, 3.00944748233e-06, 2.400646963e-06, 1.96872838387e-06, 1.9403053102e-06, 1.76629748694e-06, 1.35939956181e-06, 1.46796253375e-06, 2.32310412684e-06], "mean": [0.00332506722771, 0.00340542476624, 0.00234403670765, 0.000873739016242, 0.000388485961594, 0.000285137648461, 0.000203954259632, 8.87632413651e-05, 8.87816568138e-05, 0.000124290119857, 0.000153156419401, 0.000120207871078, 8.85325644049e-05, 0.000142168006278, 6.66831911076e-05, 5.62663772143e-05, 6.80493976688e-05, 5.64978472539e-05, 4.48309001513e-05, 2.51948513323e-05, 2.43531685555e-05, 1.1198932043e-05, 8.67311246111e-06, 7.48644060877e-06, 5.16528643857e-06, 7.58340365792e-06, 6.35028982288e-06, 4.18336821895e-06, 4.08989944845e-06, 3.15953616337e-06, 2.2747328785e-06, 2.04736784326e-06, 3.26373015014e-06, 2.25282246902e-06, 1.66788709066e-06, 1.6376578742e-06, 1.48344633999e-06, 1.06051595594e-06, 1.03128468254e-06, 1.50709843183e-06], "dvar2": [8.84084001882e-05, 0.000133759167511, 5.18383130839e-05, 7.20851630831e-06, 4.36584650743e-06, 2.21375262299e-06, 7.16680403912e-08, 3.81359193113e-08, 7.00726587866e-08, 1.2492444057e-07, 4.8136971742e-08, 6.97551314488e-08, 2.14861639591e-08, 4.17283168019e-08, 1.33324098428e-08, 2.0157173708e-08, 1.62158819705e-08, 1.20764047651e-08, 5.74457859059e-09, 2.43585951409e-09, 1.30925237318e-09, 9.13840336736e-10, 2.23236013008e-10, 1.03974988341e-10, 7.04800245943e-11, 3.62420871092e-10, 1.01933808616e-10, 3.6204279158e-11, 3.85641553413e-11, 2.15100437462e-11, 1.7548311762e-11, 2.41009868313e-11, 2.97383256909e-10, 9.77597100493e-11, 2.32073485429e-10, 6.96142102297e-11, 4.50672173191e-11, 1.48570739045e-11, 1.8474811958e-11, 1.64872976383e-10], "min": [9.12779593834e-24, 1.22005977019e-23, 4.49491405516e-24, 5.09228962526e-24, 2.86188362893e-24, 2.75435636552e-24, 2.58338551602e-23, 1.28484418317e-23, 1.74240946173e-23, 1.91637395948e-23, 8.20866806526e-24, 6.46343361375e-24, 9.98611762399e-24, 8.54122421277e-24, 1.26752253319e-23, 1.52653420402e-23, 7.0801630973e-24, 7.36187400402e-24, 5.55101145279e-24, 9.94456279809e-24, 1.34355413053e-23, 6.75793313904e-24, 7.89084310629e-24, 8.70031773583e-24, 6.37028728464e-24, 9.98938350814e-24, 1.05571961214e-23, 5.27246466715e-24, 1.3029958726e-23, 9.00243805189e-24, 8.80127221017e-24, 9.81345648222e-24, 1.38882654233e-23, 1.32599945103e-23, 8.24388754923e-24, 1.21879980156e-23, 7.15617536754e-24, 1.54998088562e-23, 7.99972011071e-24, 8.67643418306e-24]}, "spectral_decrease": {"dvar": 1.12164089641e-16, "var": 1.29086484438e-16, "median": -6.12923045651e-09, "max": 1.55688907811e-14, "dmean": 5.43783817974e-09, "dmean2": 8.41462721723e-09, "mean": -9.25514509476e-09, "dvar2": 2.74938212591e-16, "min": -9.84326220532e-08}, "barkbands_kurtosis": {"dvar": 477.627838135, "var": 1750.14709473, "median": 3.05678462982, "max": 1576.0892334, "dmean": 6.45245027542, "dmean2": 10.2287187576, "mean": 10.8189296722, "dvar2": 1037.90576172, "min": -1.96110451221}, "silence_rate_30dB": {"dvar": 0.0608771964908, "var": 0.0606477931142, "median": 1, "max": 1, "dmean": 0.0651162788272, "dmean2": 0.130249381065, "mean": 0.935150504112, "dvar2": 0.124399594963, "min": 0}, "gfcc": {"mean": [-21.2349510193, 96.4077529907, -96.4856643677, 36.5941619873, -41.3172035217, 20.924533844, -33.8655738831, 3.94910550117, -22.2493953705, 0.437242090702, -15.9905471802, -2.74510335922, -7.82856416702], "cov": [[15300.90625, -1660.43762207, -1409.44274902, -7.44430541992, -749.909362793, 777.226745605, -225.28338623, 525.766662598, -583.921203613, 370.416381836, -549.575927734, 148.52722168, -238.826828003], [-1660.43762207, 1547.89074707, -298.125305176, 85.7317657471, 178.317703247, -14.6978588104, 202.16885376, -55.2900772095, 189.562423706, -135.877883911, 137.84197998, -85.5950393677, 110.435874939], [-1409.44274902, -298.125305176, 1318.75732422, 131.232513428, 328.820129395, -116.36681366, -59.6085624695, -85.8415756226, 5.84237098694, -65.493270874, -23.364774704, 8.8385181427, -81.2047958374], [-7.44430541992, 85.7317657471, 131.232513428, 461.745666504, 58.6255836487, -0.718190073967, -49.3131408691, 46.3144187927, 71.7818908691, -15.5252637863, -14.9407072067, -11.6342315674, -5.51489448547], [-749.909362793, 178.317703247, 328.820129395, 58.6255836487, 361.30368042, 24.2943153381, 60.1873207092, -16.0192680359, 18.1747303009, -42.0194129944, -6.07213306427, -28.7697582245, 18.7776966095], [777.226745605, -14.6978588104, -116.36681366, -0.718190073967, 24.2943153381, 324.790008545, 102.070053101, 6.16706418991, -47.7315330505, 37.8581504822, -32.6110496521, 2.11528086662, -16.8897647858], [-225.28338623, 202.16885376, -59.6085624695, -49.3131408691, 60.1873207092, 102.070053101, 208.384887695, -0.389318168163, -12.6239061356, -4.24917602539, 36.861831665, -12.0368709564, 23.3878746033], [525.766662598, -55.2900772095, -85.8415756226, 46.3144187927, -16.0192680359, 6.16706418991, -0.389318168163, 174.357849121, 8.97488498688, 3.33978676796, -33.0769119263, 12.3946790695, 27.2044487], [-583.921203613, 189.562423706, 5.84237098694, 71.7818908691, 18.1747303009, -47.7315330505, -12.6239061356, 8.97488498688, 191.281051636, -23.8402805328, 13.1544961929, -2.92162942886, 15.0452032089], [370.416381836, -135.877883911, -65.493270874, -15.5252637863, -42.0194129944, 37.8581504822, -4.24917602539, 3.33978676796, -23.8402805328, 119.927650452, 22.3806972504, 6.40946435928, -20.3547878265], [-549.575927734, 137.84197998, -23.364774704, -14.9407072067, -6.07213306427, -32.6110496521, 36.861831665, -33.0769119263, 13.1544961929, 22.3806972504, 129.335372925, 15.3784217834, 5.69278621674], [148.52722168, -85.5950393677, 8.8385181427, -11.6342315674, -28.7697582245, 2.11528086662, -12.0368709564, 12.3946790695, -2.92162942886, 6.40946435928, 15.3784217834, 81.5512237549, 10.8642930984], [-238.826828003, 110.435874939, -81.2047958374, -5.51489448547, 18.7776966095, -16.8897647858, 23.3878746033, 27.2044487, 15.0452032089, -20.3547878265, 5.69278621674, 10.8642930984, 97.9166030884]], "icov": [[0.000152286040247, -9.57430984272e-06, 0.000126497499878, -4.91083155794e-05, 0.000109472726763, -0.000204420037335, 0.000125109960209, -0.000317215512041, 0.000346976536093, -0.000251934921835, 0.000540536828339, -0.000318454491207, 0.000384595536161], [-9.57430984272e-06, 0.0014589370694, 0.000529753859155, -0.000285194430035, -0.00068907183595, 5.3198862588e-05, -0.000797459681053, 0.000517635548022, -0.00102201919071, 0.0015332197072, -0.00147002283484, 0.00121392414439, -0.000631029950455], [0.000126497499878, 0.000529753859155, 0.00162333913613, -0.000408376363339, -0.00148542702664, 0.000486049044412, -6.52476155665e-05, 0.000405548868002, 0.000130849686684, 0.000620894134045, 0.000304958550259, -0.000816284678876, 0.001487747184], [-4.91083155794e-05, -0.000285194430035, -0.000408376363339, 0.00268590915948, -0.000133167210151, -0.000491001934279, 0.00104590633418, -0.000906550558284, -0.000836875697132, -4.30372074334e-06, -0.000303508073557, 0.00049670325825, 4.76005952805e-05], [0.000109472726763, -0.00068907183595, -0.00148542702664, -0.000133167210151, 0.00495619839057, -0.000879641389474, -0.000610237300862, -0.000464911805466, 0.000420039228629, -0.000309538969304, 0.000930417852942, 0.00101068883669, -0.00131760374643], [-0.000204420037335, 5.3198862588e-05, 0.000486049044412, -0.000491001934279, -0.000879641389474, 0.00515458267182, -0.00301920226775, 0.000989630352706, 0.000245533679845, -0.00121665233746, 0.00174783694092, -0.00109978707042, 0.00105061742943], [0.000125109960209, -0.000797459681053, -6.52476155665e-05, 0.00104590633418, -0.000610237300862, -0.00301920226775, 0.00818380154669, -0.00126572349109, 0.000950231624302, 0.000274311634712, -0.00216769520193, 0.000890465278644, -0.000859228021], [-0.000317215512041, 0.000517635548022, 0.000405548868002, -0.000906550558284, -0.000464911805466, 0.000989630352706, -0.00126572349109, 0.00787829048932, -0.0011768466793, 0.000126816812553, 0.000941842270549, -0.0005243786145, -0.00248831114732], [0.000346976536093, -0.00102201919071, 0.000130849686684, -0.000836875697132, 0.000420039228629, 0.000245533679845, 0.000950231624302, -0.0011768466793, 0.00746660633013, -0.000693419307936, 0.00149446260184, -0.00145774555858, 0.000905619119294], [-0.000251934921835, 0.0015332197072, 0.000620894134045, -4.30372074334e-06, -0.000309538969304, -0.00121665233746, 0.000274311634712, 0.000126816812553, -0.000693419307936, 0.0123391635716, -0.00527531513944, 0.00185165007133, 0.000692533620168], [0.000540536828339, -0.00147002283484, 0.000304958550259, -0.000303508073557, 0.000930417852942, 0.00174783694092, -0.00216769520193, 0.000941842270549, 0.00149446260184, -0.00527531513944, 0.0142574617639, -0.00527364434674, 0.00202131713741], [-0.000318454491207, 0.00121392414439, -0.000816284678876, 0.00049670325825, 0.00101068883669, -0.00109978707042, 0.000890465278644, -0.0005243786145, -0.00145774555858, 0.00185165007133, -0.00527364434674, 0.0162187218666, -0.0041294186376], [0.000384595536161, -0.000631029950455, 0.001487747184, 4.76005952805e-05, -0.00131760374643, 0.00105061742943, -0.000859228021, -0.00248831114732, 0.000905619119294, 0.000692533620168, 0.00202131713741, -0.0041294186376, 0.014774993062]]}, "silence_rate_20dB": {"dvar": 0, "var": 0, "median": 1, "max": 1, "dmean": 0, "dmean2": 0, "mean": 1, "dvar2": 0, "min": 1}, "barkbands_skewness": {"dvar": 0.922740697861, "var": 3.98429632187, "median": 1.83211672306, "max": 13.0283632278, "dmean": 0.772631525993, "dmean2": 1.16382098198, "mean": 2.06087613106, "dvar2": 1.94103598595, "min": -36.0472145081}, "erbbands_skewness": {"dvar": 0.150004908442, "var": 0.85455852747, "median": 0.153655871749, "max": 6.39049386978, "dmean": 0.367583751678, "dmean2": 0.551726520061, "mean": 0.294165879488, "dvar2": 0.330624461174, "min": -3.07914829254}, "spectral_contrast_valleys": {"dvar": [0.151544317603, 0.164294362068, 0.159864336252, 0.150782510638, 0.142152324319, 0.24122826755], "var": [1.5251660347, 1.47345221043, 1.56162834167, 1.54562675953, 1.68729734421, 2.12804317474], "median": [-6.69320964813, -7.30076694489, -7.95562458038, -8.24762630463, -8.09227848053, -10.3066225052], "max": [-4.83987045288, -4.42206430435, -5.56072759628, -6.17424726486, -5.9460849762, -7.71286821365], "dmean": [0.424952089787, 0.42387419939, 0.417621940374, 0.378731697798, 0.342435419559, 0.423229157925], "dmean2": [0.661398291588, 0.635389387608, 0.601236402988, 0.526211202145, 0.439280748367, 0.519821286201], "mean": [-6.98751306534, -7.38708925247, -8.07960891724, -8.37001228333, -8.26153469086, -10.5101118088], "dvar2": [0.307453900576, 0.316104799509, 0.29154074192, 0.255733132362, 0.214416131377, 0.377161175013], "min": [-27.5548038483, -27.1161804199, -27.1435146332, -27.5292110443, -27.2400016785, -27.2504386902]}, "spectral_strongpeak": {"dvar": 1.04039049149, "var": 1.68173229694, "median": 0.342709362507, "max": 23.5218143463, "dmean": 0.491562992334, "dmean2": 0.843764364719, "mean": 0.810845255852, "dvar2": 2.70250678062, "min": 0}, "erbbands_crest": {"dvar": 6.65429639816, "var": 22.0105571747, "median": 9.47420406342, "max": 29.6677131653, "dmean": 2.68767905235, "dmean2": 4.18549728394, "mean": 10.4309301376, "dvar2": 16.1496047974, "min": 2.47771573067}, "barkbands_crest": {"dvar": 7.14656114578, "var": 16.9694652557, "median": 10.0339670181, "max": 26.8539333344, "dmean": 2.91987299919, "dmean2": 4.77101755142, "mean": 10.7538251877, "dvar2": 17.8075466156, "min": 2.39269781113}, "spectral_energyband_middle_low": {"dvar": 0.000396118441131, "var": 0.000435905676568, "median": 0.00763740483671, "max": 0.298918515444, "dmean": 0.00828861258924, "dmean2": 0.0132256411016, "mean": 0.0128159997985, "dvar2": 0.000958207645454, "min": 3.6609439219e-22}, "spectral_contrast_coeffs": {"dvar": [0.00218454329297, 0.00165679841302, 0.00139885907993, 0.000928068824578, 0.000463533942821, 0.000342381827068], "var": [0.00582468975335, 0.00563906086609, 0.0100670764223, 0.0065078381449, 0.00294245639816, 0.00220866897143], "median": [-0.660719692707, -0.713015794754, -0.721537172794, -0.741650462151, -0.768999874592, -0.776003539562], "max": [-0.302602499723, -0.421749651432, -0.417143940926, -0.462029516697, -0.594967901707, -0.569766104221], "dmean": [0.0537030212581, 0.0471874624491, 0.0419215336442, 0.035291146487, 0.0246474146843, 0.019914066419], "dmean2": [0.0886995866895, 0.0768578723073, 0.0608443617821, 0.0512097775936, 0.0363413207233, 0.0293780844659], "mean": [-0.654838144779, -0.706957876682, -0.713172078133, -0.734563887119, -0.767193734646, -0.773888647556], "dvar2": [0.0054099871777, 0.00449071172625, 0.0026804220397, 0.00179608003236, 0.000910952803679, 0.000665355124511], "min": [-0.968697369099, -0.991842210293, -0.970830202103, -0.952881217003, -0.960498809814, -0.958877444267]}, "hfc": {"dvar": 504.471954346, "var": 701.277160645, "median": 11.5525302887, "max": 270.989379883, "dmean": 10.2480287552, "dmean2": 14.7769680023, "mean": 20.4513492584, "dvar2": 1133.96936035, "min": 1.14249220059e-16}, "spectral_energyband_high": {"dvar": 2.75900788438e-06, "var": 3.36275184054e-06, "median": 0.000262967281742, "max": 0.0258496534079, "dmean": 0.000624634558335, "dmean2": 0.000916685035918, "mean": 0.000851060671266, "dvar2": 6.14988084635e-06, "min": 7.6377729938e-21}, "erbbands_spread": {"dvar": 141.572647095, "var": 574.317565918, "median": 38.1600418091, "max": 228.052749634, "dmean": 9.70230102539, "dmean2": 13.939289093, "mean": 41.8494606018, "dvar2": 284.064788818, "min": 2.94391202927}, "dissonance": {"dvar": 0.000460446550278, "var": 0.00108004990034, "median": 0.460263997316, "max": 0.500000059605, "dmean": 0.0215720143169, "dmean2": 0.0359797738492, "mean": 0.452508598566, "dvar2": 0.00127908191644, "min": 0.243202358484}, "spectral_kurtosis": {"dvar": 5.78231668472, "var": 57.2780570984, "median": 4.16262865067, "max": 92.5841445923, "dmean": 1.73216104507, "dmean2": 2.81004285812, "mean": 5.78414535522, "dvar2": 14.7110424042, "min": -1.15642571449}, "spectral_skewness": {"dvar": 0.0605599842966, "var": 0.588338911533, "median": 1.6546523571, "max": 7.97905349731, "dmean": 0.223016858101, "dmean2": 0.345584005117, "mean": 1.78208172321, "dvar2": 0.136721372604, "min": -0.0035941102542}, "pitch_salience": {"dvar": 0.00522030424327, "var": 0.0119529198855, "median": 0.512671649456, "max": 0.974351346493, "dmean": 0.0792089253664, "dmean2": 0.127956524491, "mean": 0.51424241066, "dvar2": 0.0134246004745, "min": 0.142229259014}, "spectral_complexity": {"dvar": 18.265707016, "var": 60.8294715881, "median": 13, "max": 52, "dmean": 3.27777767181, "dmean2": 4.72929334641, "mean": 13.8492441177, "dvar2": 32.9756736755, "min": 0}, "spectral_spread": {"dvar": 1188771397630.0, "var": 4640778223620.0, "median": 4578793.5, "max": 39267268, "dmean": 754921.1875, "dmean2": 1035745.25, "mean": 5025735, "dvar2": 2092088033280.0, "min": 1310462.625}, "dynamic_complexity": 3.82651019096, "melbands_crest": {"dvar": 9.15033912659, "var": 23.9077186584, "median": 14.5704669952, "max": 35.3443412781, "dmean": 3.38252711296, "dmean2": 5.55955076218, "mean": 14.9633922577, "dvar2": 24.1246185303, "min": 2.01632285118}, "zerocrossingrate": {"dvar": 0.000288725277642, "var": 0.00248914142139, "median": 0.04296875, "max": 0.88671875, "dmean": 0.0114630013704, "dmean2": 0.0136630423367, "mean": 0.0528718829155, "dvar2": 0.000388063548598, "min": 0.00341796875}, "spectral_energyband_low": {"dvar": 0.00120730092749, "var": 0.00119501748122, "median": 0.0119780693203, "max": 0.325501173735, "dmean": 0.0154048791155, "dmean2": 0.024742340669, "mean": 0.0205349512398, "dvar2": 0.00305684073828, "min": 6.72583375771e-23}, "melbands_kurtosis": {"dvar": 564.784423828, "var": 1154.09301758, "median": 12.9089174271, "max": 540.276916504, "dmean": 13.8042354584, "dmean2": 21.6147022247, "mean": 24.1083335876, "dvar2": 1327.25769043, "min": -1.62677896023}, "spectral_energyband_middle_high": {"dvar": 6.50171796224e-06, "var": 5.33331840415e-05, "median": 0.00248697889037, "max": 0.0756540223956, "dmean": 0.00150808354374, "dmean2": 0.00192148564383, "mean": 0.00529291154817, "dvar2": 9.98476480163e-06, "min": 1.35357666512e-21}, "barkbands_spread": {"dvar": 79.5712738037, "var": 226.243347168, "median": 17.9372844696, "max": 156.376403809, "dmean": 6.29512405396, "dmean2": 9.76977729797, "mean": 20.6445522308, "dvar2": 179.527389526, "min": 0.249724581838}, "mfcc": {"mean": [-668.213745117, 125.795967102, 11.121714592, 25.9890193939, 16.1263370514, 16.3527450562, 5.79168224335, 4.04728555679, 1.47125029564, 5.14390182495, -3.72148227692, -4.34306287766, -0.363323152065], "cov": [[9479.96582031, -469.308807373, -625.959655762, -506.345703125, -343.171875, 59.2537155151, 177.564819336, -61.474811554, 62.8551597595, 64.1618041992, -2.0182197094, -101.722885132, -124.902809143], [-469.308807373, 1115.52929688, -213.071899414, -6.18955421448, 6.6830573082, 78.2927246094, 60.1012840271, 94.6085662842, 51.3611106873, 23.9492301941, 12.4879598618, 47.3544960022, 29.2053260803], [-625.959655762, -213.071899414, 667.34173584, 211.716323853, 205.284606934, 25.2618999481, -39.0263175964, 26.2124729156, -22.0108413696, -34.9119377136, 19.8019542694, -22.3936576843, -10.0426464081], [-506.345703125, -6.18955421448, 211.716323853, 410.987915039, 176.650695801, -37.2123069763, -61.2575378418, 28.0314655304, 21.1323890686, 16.8074226379, -20.9820861816, 26.5076942444, 12.1434831619], [-343.171875, 6.6830573082, 205.284606934, 176.650695801, 292.382324219, 32.9566650391, -16.4748325348, 35.4057388306, 34.6009902954, 24.9155349731, -21.4117221832, -9.23508358002, -6.04607963562], [59.2537155151, 78.2927246094, 25.2618999481, -37.2123069763, 32.9566650391, 248.316162109, 100.556167603, 30.8026866913, 1.68980526924, 17.5331993103, 42.9644050598, -21.2263088226, -19.1285114288], [177.564819336, 60.1012840271, -39.0263175964, -61.2575378418, -16.4748325348, 100.556167603, 267.236633301, 24.3170146942, 5.65934181213, 0.402239531279, 8.31660270691, -4.48740053177, -48.7660102844], [-61.474811554, 94.6085662842, 26.2124729156, 28.0314655304, 35.4057388306, 30.8026866913, 24.3170146942, 136.539367676, 50.3757781982, 13.2585678101, -3.38678717613, -1.64747619629, 4.91402387619], [62.8551597595, 51.3611106873, -22.0108413696, 21.1323890686, 34.6009902954, 1.68980526924, 5.65934181213, 50.3757781982, 132.407714844, 36.9874038696, -21.8354377747, -6.0288643837, -11.6073417664], [64.1618041992, 23.9492301941, -34.9119377136, 16.8074226379, 24.9155349731, 17.5331993103, 0.402239531279, 13.2585678101, 36.9874038696, 103.423248291, 9.75857639313, -10.2048091888, -4.44206476212], [-2.0182197094, 12.4879598618, 19.8019542694, -20.9820861816, -21.4117221832, 42.9644050598, 8.31660270691, -3.38678717613, -21.8354377747, 9.75857639313, 112.523681641, 12.1138010025, -4.83842849731], [-101.722885132, 47.3544960022, -22.3936576843, 26.5076942444, -9.23508358002, -21.2263088226, -4.48740053177, -1.64747619629, -6.0288643837, -10.2048091888, 12.1138010025, 116.029655457, 29.0316925049], [-124.902809143, 29.2053260803, -10.0426464081, 12.1434831619, -6.04607963562, -19.1285114288, -48.7660102844, 4.91402387619, -11.6073417664, -4.44206476212, -4.83842849731, 29.0316925049, 102.585998535]], "icov": [[0.000124867758132, 7.59609174565e-05, 0.000100644509075, 7.55031651352e-05, 4.58677204733e-05, -2.99461535178e-05, -3.52949282387e-05, -2.27980422096e-06, -7.03753321432e-05, -4.5421282266e-05,