{"metadata": {"audio_properties": {"downmix": "mix", "bit_rate": 0, "lossless": true, "md5_encoded": "94746e97407055ebca10ed1ff7746229", "analysis_sample_rate": 44100, "sample_rate": 44100, "replay_gain": -9.61755371094, "equal_loudness": 0, "codec": "flac", "length": 167.346664429}, "tags": {"album": ["Little Pop Rock"], "musicbrainz_albumid": ["c00fa41c-c316-4ad0-a293-a46907890e7b"], "musicbrainz_recordingid": ["bf7b629f-2982-4502-8aff-8b65a7a60963"], "musicbrainz_artistid": ["f45e2f38-6d95-414a-bd6c-57f1cd358712"], "artist": ["Sister Vanilla"], "tracknumber": ["3"], "title": ["Slacker"], "date": ["2007-00-00"], "file_name": "03-Slacker.flac"}, "version": {"essentia_build_sha": "c0e182ba78c2de26e491b7b7a4a2c98c1ed34208", "essentia_git_sha": "v2.1_beta2-2-gbb40004", "extractor": "music 1.0", "essentia": "2.1-beta2"}}, "tonal": {"chords_scale": "major", "hpcp": {"dmean": [0.127207756042, 0.119651794434, 0.0597364902496, 0.0368314087391, 0.0347804948688, 0.0452699139714, 0.0591017529368, 0.0488869398832, 0.0276065580547, 0.0249552037567, 0.0234233569354, 0.0352298095822, 0.046236295253, 0.0493321493268, 0.0676249191165, 0.0715619251132, 0.0804163590074, 0.0584671236575, 0.043511275202, 0.062637090683, 0.135625824332, 0.129364326596, 0.140887275338, 0.0650976002216, 0.0366881899536, 0.0278437342495, 0.0323160812259, 0.0429118014872, 0.0448824986815, 0.048059746623, 0.0430463254452, 0.0496004037559, 0.0496839433908, 0.0523426793516, 0.0798804461956, 0.135292708874], "dvar2": [0.0904641747475, 0.0693886876106, 0.0539680123329, 0.0331061407924, 0.032874468714, 0.0354812331498, 0.0338459163904, 0.0257423482835, 0.0152003252879, 0.0201582983136, 0.0142708448693, 0.0220188759267, 0.0290479958057, 0.0306153073907, 0.0438364632428, 0.0500542335212, 0.0645139366388, 0.0479082763195, 0.0355834662914, 0.0462794080377, 0.0770574659109, 0.0829295143485, 0.0726900622249, 0.0447742789984, 0.0371651984751, 0.0228113811463, 0.0224508047104, 0.0354969650507, 0.0417807362974, 0.0518787689507, 0.0383921377361, 0.0513805858791, 0.0516261830926, 0.0464990995824, 0.0632756799459, 0.0831360295415], "mean": [0.468933045864, 0.25183019042, 0.0543729513884, 0.0319791026413, 0.0328668393195, 0.061105132103, 0.107291869819, 0.0808356106281, 0.0300618931651, 0.0245655141771, 0.0234258510172, 0.0395470149815, 0.0610856898129, 0.0589250549674, 0.109178841114, 0.19155010581, 0.144873917103, 0.0571021623909, 0.0400385446846, 0.061842225492, 0.290118187666, 0.541493237019, 0.342295914888, 0.0657449886203, 0.0293825212866, 0.0249292775989, 0.0374471247196, 0.057753097266, 0.0522173121572, 0.0480339750648, 0.064421094954, 0.0591597817838, 0.0483369156718, 0.0598057284951, 0.0871825441718, 0.307329714298], "var": [0.166481822729, 0.0613175481558, 0.0169947389513, 0.00940371677279, 0.01169093512, 0.0175364874303, 0.0406020469964, 0.0232790336013, 0.00647288607433, 0.00732788676396, 0.00601232377812, 0.00865800399333, 0.0163920167834, 0.014543697238, 0.0356816798449, 0.102726764977, 0.0628688037395, 0.0177026167512, 0.0117779504508, 0.0171497408301, 0.0698339939117, 0.156463965774, 0.0772353485227, 0.0150736309588, 0.00963786058128, 0.00818025413901, 0.0122449910268, 0.0241543725133, 0.0203637797385, 0.0196910612285, 0.0382785759866, 0.0310791973025, 0.0172948185354, 0.0228059794754, 0.026756471023, 0.083917118609], "dmean2": [0.21006141603, 0.19758144021, 0.10707603395, 0.0647791326046, 0.0626633092761, 0.0778604075313, 0.0954979434609, 0.0796510651708, 0.0471317395568, 0.0432759672403, 0.039971165359, 0.0605816915631, 0.0783639773726, 0.0858537852764, 0.112690277398, 0.118643067777, 0.134915202856, 0.10243999958, 0.077038154006, 0.10924910754, 0.226076796651, 0.207668185234, 0.23200365901, 0.114447668195, 0.065598346293, 0.0491739921272, 0.0545209571719, 0.073707126081, 0.0783065780997, 0.0849911719561, 0.0745705589652, 0.086035631597, 0.0885176807642, 0.0915586948395, 0.13965511322, 0.22893409431], "dvar": [0.0376649387181, 0.0262326505035, 0.01944456622, 0.011738890782, 0.0117871332914, 0.012871850282, 0.0143820643425, 0.0107736252248, 0.00583878159523, 0.00748317176476, 0.00550559302792, 0.00825527310371, 0.0109132351354, 0.0112136406824, 0.0164177734405, 0.0211551487446, 0.0237773936242, 0.0173472389579, 0.0134271848947, 0.0172224286944, 0.0297266114503, 0.0373928807676, 0.0285659208894, 0.0162326171994, 0.0132509488612, 0.00889499112964, 0.00907742232084, 0.013825006783, 0.0155965154991, 0.0185891594738, 0.0160077326, 0.0189017485827, 0.0184555388987, 0.0169166531414, 0.02285688743, 0.0307539962232], "min": [0, 0, 0, 0, 0, 0, 0, 0, 0, 0, 0, 0, 0, 0, 0, 0, 0, 0, 0, 0, 0, 0, 0, 0, 0, 0, 0, 0, 0, 0, 0, 0, 0, 0, 0, 0], "median": [0.361043304205, 0.182759299874, 0.0132467439398, 0.00510846683756, 0.00454994989559, 0.0109711457044, 0.0202163849026, 0.0183677393943, 0.00820294301957, 0.00511057162657, 0.0051423269324, 0.0108861476183, 0.0180808641016, 0.0192474555224, 0.0228193812072, 0.0235527511686, 0.0183495152742, 0.010059799999, 0.00667402148247, 0.012548526749, 0.216907456517, 0.52104395628, 0.305412173271, 0.0233450513333, 0.00384239060804, 0.00413681566715, 0.00699120713398, 0.0100659048185, 0.00900081824511, 0.00586061738431, 0.00435203686357, 0.00398156046867, 0.00823873467743, 0.0128976507112, 0.0299275051802, 0.221566304564], "max": [1, 1, 1, 1, 1, 1, 1, 1, 1, 1, 1, 1, 1, 1, 1, 1, 1, 1, 1, 1, 1, 1, 1, 1, 1, 1, 1, 1, 1, 1, 1, 1, 1, 1, 1, 1]}, "tuning_equal_tempered_deviation": 0.0605222098529, "chords_key": "A", "chords_strength": {"dmean": 0.00893088895828, "dvar2": 0.00106945261359, "mean": 0.529312193394, "var": 0.033965818584, "dmean2": 0.00716144498438, "dvar": 0.000573875789996, "min": -1, "median": 0.551424086094, "max": 0.761981546879}, "tuning_diatonic_strength": 0.683089435101, "thpcp": [1, 0.632133305073, 0.121414236724, 0.0542620271444, 0.0460380204022, 0.0691552981734, 0.10665525496, 0.0964320674539, 0.0887065082788, 0.118969343603, 0.109253041446, 0.0892659649253, 0.110445939004, 0.161003932357, 0.567559659481, 0.865999817848, 0.465066164732, 0.100412979722, 0.0590572506189, 0.0606966763735, 0.112845607102, 0.198140740395, 0.149282768369, 0.0555166564882, 0.045366242528, 0.0432615764439, 0.0730332583189, 0.112809702754, 0.108819559216, 0.201625496149, 0.353744238615, 0.267545193434, 0.105453141034, 0.0739409849048, 0.114206828177, 0.535774350166], "chords_histogram": [57.8363380432, 0.693481266499, 7.21220541, 0, 0, 0, 0, 0, 0, 0, 0, 0, 0, 0.0277392510325, 0, 3.99445223808, 0, 7.82246875763, 0, 7.07350921631, 0.0277392510325, 1.55339801311, 13.7586688995, 0], "tuning_nontempered_energy_ratio": 0.706410825253, "tuning_frequency": 437.213165283, "key_strength": 0.816677391529, "chords_changes_rate": 0.0432732328773, "key_scale": "major", "hpcp_entropy": {"dmean": 0.557108521461, "dvar2": 0.644509792328, "mean": 1.71468746662, "var": 0.58958363533, "dmean2": 0.931573987007, "dvar": 0.24106836319, "min": 0, "median": 1.73926901817, "max": 4.10957670212}, "key_key": "A", "chords_number_rate": 0.00194174761418}, "lowlevel": {"melbands_skewness": {"dmean": 0.59182113409, "dvar2": 0.746989369392, "mean": 3.42064118385, "var": 2.11189675331, "dmean2": 0.906157851219, "dvar": 0.320008605719, "min": -0.460826188326, "median": 3.27474164963, "max": 10.7572994232}, "melbands_kurtosis": {"dmean": 6.83381032944, "dvar2": 171.790496826, "mean": 21.8920230865, "var": 397.270874023, "dmean2": 10.4801607132, "dvar": 76.9866867065, "min": -1.77728927135, "median": 16.4644870758, "max": 165.408859253}, "barkbands_kurtosis": {"dmean": 4.04057741165, "dvar2": 742.764892578, "mean": 12.0100755692, "var": 5995.3046875, "dmean2": 5.90409326553, "dvar": 441.649688721, "min": -1.9616663456, "median": 5.66100788116, "max": 2360.12524414}, "hfc": {"dmean": 5.82966279984, "dvar2": 285.773925781, "mean": 19.1828327179, "var": 374.053649902, "dmean2": 8.11835289001, "dvar": 150.500595093, "min": 1.07697135662e-16, "median": 16.6635322571, "max": 281.037567139}, "silence_rate_20dB": {"dmean": 0, "dvar2": 0, "mean": 1, "var": 0, "dmean2": 0, "dvar": 0, "min": 1, "median": 1, "max": 1}, "erbbands_flatness_db": {"dmean": 0.0172340832651, "dvar2": 0.000431111926446, "mean": 0.156584501266, "var": 0.00206367019564, "dmean2": 0.0223706401885, "dvar": 0.000261136243353, "min": 0.0244630873203, "median": 0.153788641095, "max": 0.337193965912}, "spectral_flux": {"dmean": 0.0148283541203, "dvar2": 0.000550218916032, "mean": 0.0665940344334, "var": 0.00125214888249, "dmean2": 0.0235603544861, "dvar": 0.000217598790186, "min": 6.32605426376e-11, "median": 0.0639462769032, "max": 0.221873372793}, "spectral_energyband_low": {"dmean": 0.00240808376111, "dvar2": 3.42895291396e-05, "mean": 0.00731188245118, "var": 3.29724098265e-05, "dmean2": 0.00398938590661, "dvar": 1.17249346658e-05, "min": 6.76070992942e-24, "median": 0.00593689316884, "max": 0.0518541447818}, "spectral_rolloff": {"dmean": 436.646331787, "dvar2": 2950075, "mean": 1387.36035156, "var": 9456895, "dmean2": 728.422546387, "dvar": 1380458.25, "min": 107.666015625, "median": 581.396484375, "max": 21877.734375}, "spectral_entropy": {"dmean": 0.173343092203, "dvar2": 0.0468648672104, "mean": 7.40060758591, "var": 0.349595069885, "dmean2": 0.224954679608, "dvar": 0.030948266387, "min": 4.96006536484, "median": 7.37950897217, "max": 9.81917762756}, "spectral_energy": {"dmean": 0.00596876163036, "dvar2": 0.000118732124974, "mean": 0.0303882937878, "var": 0.000306884554448, "dmean2": 0.00941843073815, "dvar": 4.4129887101e-05, "min": 1.01453904078e-20, "median": 0.0280468333513, "max": 0.104306556284}, "spectral_centroid": {"dmean": 181.637420654, "dvar2": 158916.0625, "mean": 1024.49743652, "var": 1588736.25, "dmean2": 270.148986816, "dvar": 77805.9140625, "min": 138.038650513, "median": 790.115478516, "max": 11644.7841797}, "barkbands_flatness_db": {"dmean": 0.019122691825, "dvar2": 0.000542977708392, "mean": 0.164495766163, "var": 0.00358391762711, "dmean2": 0.0258738975972, "dvar": 0.00031178543577, "min": 0.0271300897002, "median": 0.15922704339, "max": 0.510353624821}, "spectral_rms": {"dmean": 0.000505966832861, "dvar2": 6.65838172154e-07, "mean": 0.00512602785602, "var": 3.37103961101e-06, "dmean2": 0.000790520163719, "dvar": 2.53520113347e-07, "min": 3.14609948336e-12, "median": 0.0052309432067, "max": 0.0100877396762}, "melbands": {"dmean": [0.000166946658283, 0.00046284403652, 0.000770413782448, 0.000580903084483, 0.000498457462527, 0.000433712702943, 0.00026212746161, 9.41681355471e-05, 9.89516483969e-05, 8.23899608804e-05, 3.47628556483e-05, 4.26582082582e-05, 3.94220442104e-05, 3.56674499926e-05, 2.0956449589e-05, 1.32173508973e-05, 1.04930632006e-05, 1.26376089611e-05, 1.08345666376e-05, 1.05045437522e-05, 9.04957323655e-06, 7.54149095883e-06, 9.06761943043e-06, 4.76462264487e-06, 3.52832853423e-06, 3.53160430677e-06, 2.67799941867e-06, 1.87544492292e-06, 1.63452580182e-06, 1.36263440709e-06, 1.14891383873e-06, 2.37532458414e-06, 2.48469746111e-06, 3.99148166252e-06, 1.59397393418e-06, 1.35672871693e-06, 1.78052857791e-06, 7.50742231048e-07, 1.26684267343e-06, 1.25096141801e-06], "dvar2": [2.19386237177e-07, 1.6091875068e-06, 4.27000077252e-06, 3.00116175822e-06, 1.31466049424e-06, 1.17045021852e-06, 8.18267608338e-07, 1.4445184604e-07, 8.94881679869e-08, 7.0153703291e-08, 1.42836142913e-08, 1.66772000654e-08, 2.14118358599e-08, 2.50135006041e-08, 4.85976991982e-09, 1.54224777393e-09, 1.24492671727e-09, 1.54393775542e-09, 1.12956821674e-09, 1.18397780469e-09, 6.84894418956e-10, 4.8935328012e-10, 5.89199911083e-10, 1.61483951211e-10, 1.00652090829e-10, 8.60781723677e-11, 5.69333469258e-11, 3.7784980006e-11, 2.64863669192e-11, 2.87404284399e-11, 2.77538773213e-11, 1.56184412625e-10, 2.77529554893e-10, 4.39986852507e-10, 9.77204844821e-11, 8.25921692149e-11, 1.20780704882e-10, 1.09892780639e-11, 2.57495778172e-11, 3.12399099645e-11], "mean": [0.000545184244402, 0.00115712126717, 0.001995959552, 0.00154180335812, 0.00129975110758, 0.00113469792996, 0.000438622926595, 0.000168343205587, 0.000187857702258, 0.00015243596863, 6.25870452495e-05, 7.44434582884e-05, 6.54925242998e-05, 5.88011062064e-05, 3.89077686123e-05, 2.46705185418e-05, 1.96366127057e-05, 2.379794023e-05, 2.09067711694e-05, 2.01285147341e-05, 1.78503341886e-05, 1.66808458744e-05, 1.74813703779e-05, 1.00137040135e-05, 7.71329087002e-06, 7.9625260696e-06, 5.80647929382e-06, 4.00110275223e-06, 3.44901263816e-06, 2.62904927695e-06, 1.92329912352e-06, 2.96593702842e-06, 3.13682062369e-06, 4.58346084997e-06, 2.04101138479e-06, 1.76191792889e-06, 1.96602718461e-06, 1.10974269774e-06, 1.75696595761e-06, 1.7094322402e-06], "var": [3.81695713259e-07, 1.74806837094e-06, 3.64503421224e-06, 2.89579406854e-06, 2.4905968985e-06, 2.81736993202e-06, 7.40128029975e-07, 9.69228963754e-08, 8.68084484296e-08, 6.25617957439e-08, 1.2759265644e-08, 1.42320688568e-08, 1.68416320889e-08, 2.03746974847e-08, 4.11912992604e-09, 1.34853883615e-09, 1.06959185953e-09, 1.23132248842e-09, 9.25678977914e-10, 9.64705426654e-10, 5.67518365635e-10, 4.64035199155e-10, 4.9651088796e-10, 1.52037896162e-10, 8.93637941424e-11, 8.26173851554e-11, 6.21830781311e-11, 3.44785519579e-11, 2.64364103525e-11, 2.7425025792e-11, 2.98743599303e-11, 1.0717545601e-10, 2.15696752126e-10, 3.37931710392e-10, 9.9007337051e-11, 5.44448028328e-11, 4.37160377342e-11, 7.48780898396e-12, 2.08607714436e-11, 3.55534976459e-11], "dmean2": [0.000273633922916, 0.000741133699194, 0.00128947978374, 0.000923054176383, 0.000754612032324, 0.000627874105703, 0.000396513292799, 0.000148184524733, 0.000155317320605, 0.000127507883008, 5.58994543098e-05, 6.81986930431e-05, 6.2020320911e-05, 5.71264354221e-05, 3.32633826474e-05, 2.09585996345e-05, 1.6927588149e-05, 2.07723514905e-05, 1.78672671609e-05, 1.71308674908e-05, 1.49561810758e-05, 1.24534217321e-05, 1.4721925254e-05, 7.98419569037e-06, 5.7842107708e-06, 5.7182664932e-06, 4.28806924901e-06, 2.95929794447e-06, 2.50554944614e-06, 2.07334073821e-06, 1.70195551163e-06, 3.55232873517e-06, 3.61715115105e-06, 5.9475883063e-06, 2.31961871577e-06, 1.98089787773e-06, 2.76648688669e-06, 1.08015865408e-06, 1.82452924946e-06, 1.82745429811e-06], "dvar": [8.25041723829e-08, 6.32644400866e-07, 1.34244351102e-06, 1.06756453988e-06, 5.91240905123e-07, 5.43092824046e-07, 3.50061441168e-07, 5.394151259e-08, 3.71609552019e-08, 2.90088575383e-08, 5.62645618984e-09, 6.42264508244e-09, 8.36274782756e-09, 1.01047721301e-08, 1.94619964589e-09, 6.08258221568e-10, 4.81354067716e-10, 5.8146304438e-10, 4.31818025781e-10, 4.63185628741e-10, 2.63726623873e-10, 1.81532081034e-10, 2.40501785154e-10, 5.93888549449e-11, 3.80163296676e-11, 3.37702990572e-11, 2.46315034341e-11, 1.62399572956e-11, 1.17173926811e-11, 1.35754367817e-11, 1.45454238931e-11, 7.05143582413e-11, 1.31672964199e-10, 2.11331133149e-10, 5.01555082189e-11, 3.67067695684e-11, 4.75412244294e-11, 4.93123163831e-12, 1.2970906467e-11, 1.75734548441e-11], "min": [9.38390870312e-25, 6.77384850641e-25, 1.00497605552e-24, 1.13165035361e-24, 7.34056667375e-25, 1.25920147059e-24, 1.68011575872e-24, 1.4880216202e-24, 2.38525939202e-24, 2.74590529865e-24, 1.85544916681e-24, 2.87687474715e-24, 2.27998748194e-24, 2.08867194913e-24, 4.26606747871e-24, 2.18881448839e-24, 3.80805128726e-24, 1.91465869977e-24, 1.026672097e-24, 4.455073424e-24, 3.12286484879e-24, 3.82163389433e-24, 4.45370198932e-24, 4.12083424175e-24, 3.93833442677e-24, 4.05697555705e-24, 3.80555533136e-24, 4.59329132093e-24, 4.18911330854e-24, 3.30805605996e-24, 5.78283716245e-24, 4.16153591459e-24, 4.9054329315e-24, 5.0733668243e-24, 5.21938024469e-24, 6.33013544786e-24, 5.83164398665e-24, 5.37964601506e-24, 5.31426285665e-24, 5.21509081352e-24], "median": [0.000353429786628, 0.000722020515241, 0.0014049783349, 0.00106510263868, 0.00074511137791, 0.000460049282992, 0.000167309350218, 7.55656437832e-05, 9.17826691875e-05, 7.01756725903e-05, 2.48247906711e-05, 3.38052268489e-05, 2.02474402613e-05, 1.80753650056e-05, 1.71900173882e-05, 1.18049256344e-05, 7.57854695621e-06, 9.81320408755e-06, 9.23717107071e-06, 9.27077144297e-06, 8.85093504621e-06, 8.82598214957e-06, 1.05943445305e-05, 5.79951711188e-06, 5.01367821926e-06, 5.52997425984e-06, 3.65450614481e-06, 2.3689228783e-06, 1.92231050278e-06, 1.19063895454e-06, 6.83156997638e-07, 5.59277907541e-07, 4.52581360832e-07, 5.32278193077e-07, 2.76151354228e-07, 2.38054013835e-07, 2.97765467394e-07, 1.49083234646e-07, 2.03800169629e-07, 1.26717651483e-07], "max": [0.00735773798078, 0.0154552115127, 0.0150458374992, 0.0188136063516, 0.0139907114208, 0.0130628887564, 0.0128203071654, 0.00729401037097, 0.00367134297267, 0.00431233318523, 0.00185402587522, 0.0012761206599, 0.00237033911981, 0.00287932809442, 0.00118541484699, 0.000517932174262, 0.000521684240084, 0.000487454468384, 0.000540662265848, 0.000365970656276, 0.000316522549838, 0.000239732660702, 0.000295625126455, 0.000195573666133, 0.000134532368975, 0.000113473150122, 0.000139931813465, 0.000124093843624, 9.35384668992e-05, 0.000130774627905, 0.000163227334269, 0.000270631426247, 0.00045705109369, 0.000498796987813, 0.000318518897984, 0.000245009345235, 0.000130245112814, 9.5638417406e-05, 0.000180008035386, 0.000220469373744]}, "barkbands_crest": {"dmean": 2.11831617355, "dvar2": 10.6042175293, "mean": 10.593091011, "var": 14.7299499512, "dmean2": 3.39153575897, "dvar": 4.04210519791, "min": 2.77301025391, "median": 9.89908695221, "max": 26.8746814728}, "mfcc": {"icov": [[8.79979124875e-05, -6.33099189145e-05, 7.27148699298e-06, 5.02342118125e-05, 3.90136992792e-05, 2.2392041501e-05, -7.44392673369e-06, 7.81181279308e-06, 0.000153521468746, 9.28441513679e-05, 5.77606215302e-06, 0.000244606024353, -2.91356877824e-06], [-6.33099189145e-05, 0.000999447773211, 0.000405915809097, -0.000877956626937, 0.000186739111086, -0.000152864697156, -0.000218575703911, -3.70157868019e-05, 0.000216460190131, -0.000410741427913, 0.000391711422708, -0.000305382767692, 0.000263789930614], [7.27148699298e-06, 0.000405915809097, 0.00147789297625, 0.000699442403857, -0.000855429680087, 9.54238130362e-05, -0.000729273247998, 3.2406696846e-05, 0.000234528299188, -0.00059295858955, -0.000421270669904, 0.00015284595429, -0.000239606320974], [5.02342118125e-05, -0.000877956626937, 0.000699442403857, 0.00500017264858, -0.00316954613663, 0.000486868142616, -0.000124088212033, 0.000361312471796, -0.000580953201279, 0.000860458007082, -0.000672212860081, -0.00131136761047, 0.000355706433766], [3.90136992792e-05, 0.000186739111086, -0.000855429680087, -0.00316954613663, 0.00800073891878, -0.00114149600267, -0.000210969097679, -0.000991349341348, -0.000286486494588, 0.000738873961382, -0.000141705138958, 0.000292173033813, -7.643376739e-05], [2.2392041501e-05, -0.000152864697156, 9.54238130362e-05, 0.000486868142616, -0.00114149600267, 0.00697422772646, -0.000731412961613, -0.00184764654841, 0.00170572323259, -0.00111334957182, -0.00133491901215, 0.00232341978699, -0.000911324983463], [-7.44392673369e-06, -0.000218575703911, -0.000729273247998, -0.000124088212033, -0.000210969097679, -0.000731412961613, 0.00886488519609, 4.3964235374e-05, -0.00228321785107, -0.00113169127144, 0.00247113383375, -0.00306308921427, 0.000950095651206], [7.81181279308e-06, -3.70157868019e-05, 3.2406696846e-05, 0.000361312471796, -0.000991349341348, -0.00184764654841, 4.3964235374e-05, 0.0113302702084, -0.0017850472359, 0.000176499030204, -0.00136550085153, 0.00142760830931, -0.00177251221612], [0.000153521468746, 0.000216460190131, 0.000234528299188, -0.000580953201279, -0.000286486494588, 0.00170572323259, -0.00228321785107, -0.0017850472359, 0.0149777140468, -0.00559872901067, -0.0014510306064, 0.000302741740597, 0.000384121434763], [9.28441513679e-05, -0.000410741427913, -0.00059295858955, 0.000860458007082, 0.000738873961382, -0.00111334957182, -0.00113169127144, 0.000176499030204, -0.00559872901067, 0.0160574521869, -0.00220506335609, -0.0013663941063, 0.00147250655573], [5.77606215302e-06, 0.000391711422708, -0.000421270669904, -0.000672212860081, -0.000141705138958, -0.00133491901215, 0.00247113383375, -0.00136550085153, -0.0014510306064, -0.00220506335609, 0.0187314990908, -0.00572458514944, -0.00173388293479], [0.000244606024353, -0.000305382767692, 0.00015284595429, -0.00131136761047, 0.000292173033813, 0.00232341978699, -0.00306308921427, 0.00142760830931, 0.000302741740597, -0.0013663941063, -0.00572458514944, 0.0220083259046, -0.0051852427423], [-2.91356877824e-06, 0.000263789930614, -0.000239606320974, 0.000355706433766, -7.643376739e-05, -0.000911324983463, 0.000950095651206, -0.00177251221612, 0.000384121434763, 0.00147250655573, -0.00173388293479, -0.0051852427423, 0.0204627402127]], "mean": [-663.425170898, 130.693099976, 12.5238199234, 30.7966461182, 8.19363307953, -1.84803807735, -2.07149338722, -2.11266088486, -5.76662302017, -5.96432638168, -6.20964479446, -4.96457386017, -1.40908300877], "cov": [[13452.9335938, 1014.17614746, -541.824829102, -49.4949874878, -163.792068481, 1.29056596756, -127.932731628, -53.7707252502, -253.531387329, -189.196014404, -137.890380859, -205.478652954, -61.2928504944], [1014.17614746, 1732.30419922, -670.050354004, 425.155426025, 48.356048584, -0.225894749165, 12.4469614029, -18.1647357941, -16.9526367188, -15.8564109802, -37.2279472351, 26.5089740753, -34.3822021484], [-541.824829102, -670.050354004, 1064.81274414, -241.439620972, 40.7782669067, 21.6720027924, 70.0796356201, 20.3164215088, 23.0154666901, 52.8270721436, 32.870639801, -2.57757949829, 22.7480144501], [-49.4949874878, 425.155426025, -241.439620972, 402.66394043, 123.048400879, -11.1359891891, 9.21201610565, -3.81923794746, 12.3839941025, -16.44414711, 7.1101975441, 32.3510475159, -6.35831212997], [-163.792068481, 48.356048584, 40.7782669067, 123.048400879, 184.776779175, 25.9449253082, 14.1300268173, 18.8757362366, 9.43431472778, -3.74534368515, 10.2691240311, 8.23938465118, 3.56689238548], [1.29056596756, -0.225894749165, 21.6720027924, -11.1359891891, 25.9449253082, 169.186889648, 5.25142288208, 32.5762329102, -10.971780777, 7.49654626846, 9.99536323547, -15.4955692291, 7.24708652496], [-127.932731628, 12.4469614029, 70.0796356201, 9.21201610565, 14.1300268173, 5.25142288208, 138.816619873, 1.90538084507, 29.669380188, 24.1673583984, -5.37950134277, 18.9914417267, -3.45128726959], [-53.7707252502, -18.1647357941, 20.3164215088, -3.81923794746, 18.8757362366, 32.5762329102, 1.90538084507, 100.608535767, 12.4075098038, 5.8334236145, 11.4553108215, -4.47918605804, 9.8614397049], [-253.531387329, -16.9526367188, 23.0154666901, 12.3839941025, 9.43431472778, -10.971780777, 29.669380188, 12.4075098038, 91.9381408691, 36.8334465027, 12.5980873108, 11.6082572937, -0.886922597885], [-189.196014404, -15.8564109802, 52.8270721436, -16.44414711, -3.74534368515, 7.49654626846, 24.1673583984, 5.8334236145, 36.8334465027, 84.0790634155, 14.6078996658, 10.8271846771, -1.97544264793], [-137.890380859, -37.2279472351, 32.870639801, 7.1101975441, 10.2691240311, 9.99536323547, -5.37950134277, 11.4553108215, 12.5980873108, 14.6078996658, 67.3006668091, 19.5512313843, 11.8163576126], [-205.478652954, 26.5089740753, -2.57757949829, 32.3510475159, 8.23938465118, -15.4955692291, 18.9914417267, -4.47918605804, 11.6082572937, 10.8271846771, 19.5512313843, 63.3486175537, 13.8194608688], [-61.2928504944, -34.3822021484, 22.7480144501, -6.35831212997, 3.56689238548, 7.24708652496, -3.45128726959, 9.8614397049, -0.886922597885, -1.97544264793, 11.8163576126, 13.8194608688, 55.6931266785]]}, "spectral_decrease": {"dmean": 1.50869539084e-09, "dvar2": 7.94069482531e-18, "mean": -7.5905148833e-09, "var": 1.98168023309e-17, "dmean2": 2.39747910413e-09, "dvar": 2.91025238515e-18, "min": -2.69190074675e-08, "median": -6.89302037671e-09, "max": 3.35889178816e-15}, "zerocrossingrate": {"dmean": 0.0122771440074, "dvar2": 0.00039419013774, "mean": 0.0636026784778, "var": 0.00778157962486, "dmean2": 0.0136487046257, "dvar": 0.000316846184433, "min": 0.00439453125, "median": 0.04150390625, "max": 0.892578125}, "spectral_contrast_coeffs": {"dmean": [0.0406539365649, 0.0431857854128, 0.0344320610166, 0.0257752072066, 0.0190399885178, 0.0189279280603], "dvar2": [0.00353472563438, 0.00337976566516, 0.00199671345763, 0.0011347385589, 0.000612977775745, 0.000651405949611], "mean": [-0.594373464584, -0.680161654949, -0.76412332058, -0.792907238007, -0.794688761234, -0.780497968197], "var": [0.00834810547531, 0.00693804956973, 0.00379610573873, 0.00222852104343, 0.00177399779204, 0.00302445259877], "dmean2": [0.0677039176226, 0.0695761963725, 0.0562401413918, 0.0425869524479, 0.0313432514668, 0.0287111997604], "dvar": [0.0012291962048, 0.00130196276587, 0.00074658828089, 0.00042596005369, 0.000237541913521, 0.000316538615152], "min": [-0.97718077898, -0.982200264931, -0.990790605545, -0.989229500294, -0.967457056046, -0.96429258585], "median": [-0.585014462471, -0.678733289242, -0.765522062778, -0.793155252934, -0.792132377625, -0.785438716412], "max": [-0.343964666128, -0.368853539228, -0.513677716255, -0.561625540257, -0.590601086617, -0.539314031601]}, "spectral_skewness": {"dmean": 0.243704870343, "dvar2": 0.147868558764, "mean": 1.62676405907, "var": 0.367422133684, "dmean2": 0.374818772078, "dvar": 0.0600701011717, "min": -0.0896745696664, "median": 1.56639540195, "max": 6.3425693512}, "spectral_energyband_middle_high": {"dmean": 0.000845170055982, "dvar2": 3.81437712349e-06, "mean": 0.00328307040036, "var": 1.06545849121e-05, "dmean2": 0.00128411874175, "dvar": 1.62930496117e-06, "min": 1.27485354695e-21, "median": 0.00238007586449, "max": 0.0258656665683}, "gfcc": {"icov": [[0.000302404834656, -0.000496228167322, 0.000634739350062, -0.00077972735744, 0.000754124717787, -0.000543983711395, 0.00074393756222, -0.000350618560333, 0.000763365125749, -0.00084963667905, 0.00102402491029, -0.000649888475891, 0.000657889351714], [-0.000496228167322, 0.00223649083637, -0.000276370352367, 0.000768522557337, -0.00150195450988, 0.00118624069728, -0.00140723923687, 0.000876963604242, -0.00175403337926, 0.00217400118709, -0.00271564908326, 0.00260680075735, -0.00174399255775], [0.000634739350062, -0.000276370352367, 0.00287634972483, -0.00157600443345, 0.0011328276014, -0.00189232593402, 0.00152379926294, -0.00108845799696, 0.00105559430085, -0.0016794417752, 0.00116778840311, -0.000765843549743, 0.00115569401532], [-0.00077972735744, 0.000768522557337, -0.00157600443345, 0.00562765449286, -0.00308464863338, 0.000774619169533, -0.000853727513459, 0.000169836275745, -0.000956988718826, 0.00154557754286, -0.00281597604044, 0.0017680816818, -0.0011020549573], [0.000754124717787, -0.00150195450988, 0.0011328276014, -0.00308464863338, 0.00653643254191, 0.000116024406452, -0.000764905591495, 0.000364824722055, 0.000120720578707, -0.00152786227409, 0.00272417673841, -0.00253722933121, 0.00181392033119], [-0.000543983711395, 0.00118624069728, -0.00189232593402, 0.000774619169533, 0.000116024406452, 0.00666756462306, -0.00277073355392, 6.18460180704e-05, 0.000579119892791, 0.000108021318738, -2.72518282145e-05, 1.26820250443e-05, -0.000287439674139], [0.00074393756222, -0.00140723923687, 0.00152379926294, -0.000853727513459, -0.000764905591495, -0.00277073355392, 0.0104083158076, -0.0013653957285, -0.00119522202294, -0.00179854535963, 0.000795551459305, 0.000885549001396, 0.000442279095296], [-0.000350618560333, 0.000876963604242, -0.00108845799696, 0.000169836275745, 0.000364824722055, 6.18460180704e-05, -0.0013653957285, 0.00878277607262, -0.00126790918875, -0.0010731810471, -0.000146674370626, 0.00204544072039, -0.00178073905408], [0.000763365125749, -0.00175403337926, 0.00105559430085, -0.000956988718826, 0.000120720578707, 0.000579119892791, -0.00119522202294, -0.00126790918875, 0.0140794496983, -0.00369878252968, 0.00237758806907, -0.00310586462729, 0.00334216188639], [-0.00084963667905, 0.00217400118709, -0.0016794417752, 0.00154557754286, -0.00152786227409, 0.000108021318738, -0.00179854535963, -0.0010731810471, -0.00369878252968, 0.0164167322218, -0.00592470727861, 0.00107264495455, -0.00125340919476], [0.00102402491029, -0.00271564908326, 0.00116778840311, -0.00281597604044, 0.00272417673841, -2.72518282145e-05, 0.000795551459305, -0.000146674370626, 0.00237758806907, -0.00592470727861, 0.020420672372, -0.00459119305015, -0.00319435354322], [-0.000649888475891, 0.00260680075735, -0.000765843549743, 0.0017680816818, -0.00253722933121, 1.26820250443e-05, 0.000885549001396, 0.00204544072039, -0.00310586462729, 0.00107264495455, -0.00459119305015, 0.0158501677215, 0.000211505262996], [0.000657889351714, -0.00174399255775, 0.00115569401532, -0.0011020549573, 0.00181392033119, -0.000287439674139, 0.000442279095296, -0.00178073905408, 0.00334216188639, -0.00125340919476, -0.00319435354322, 0.000211505262996, 0.0180068910122]], "mean": [-33.6969833374, 109.633323669, -102.42804718, 37.6451225281, -59.0900993347, 4.27521657944, -46.6916618347, 4.94323015213, -30.6202316284, -3.2450966835, -15.6226053238, -2.28484678268, -7.14000892639], "cov": [[33294.5429688, 787.493774414, -2873.09594727, 1336.50231934, -2204.48828125, 1050.3996582, -1604.73571777, 423.361297607, -1192.02331543, 287.602172852, -657.486328125, 191.282821655, -431.466888428], [787.493774414, 2038.82006836, -900.919616699, 163.340667725, 434.657226562, -486.365142822, 232.539474487, -183.097991943, 161.641998291, -165.372192383, 148.009750366, -200.413116455, 148.239959717], [-2873.09594727, -900.919616699, 1189.2578125, -78.3330154419, -71.9876861572, 268.08416748, -4.70903873444, 112.602302551, -5.12448644638, 86.601234436, -9.71831226349, 61.363155365, -36.0904006958], [1336.50231934, 163.340667725, -78.3330154419, 338.117645264, 50.7674217224, 7.85199689865, -27.7496776581, 12.7797040939, -25.204044342, 5.37336874008, 1.63104581833, -10.3098306656, -4.86988353729], [-2204.48828125, 434.657226562, -71.9876861572, 50.7674217224, 506.983520508, -217.777511597, 201.685073853, -96.3339920044, 151.78729248, -55.1904602051, 67.7547454834, -35.9755172729, 41.7666702271], [1050.3996582, -486.365142822, 268.08416748, 7.85199689865, -217.777511597, 370.975524902, -82.0381317139, 87.536026001, -97.1415176392, 67.0307998657, -64.1021118164, 51.832736969, -52.9605674744], [-1604.73571777, 232.539474487, -4.70903873444, -27.7496776581, 201.685073853, -82.0381317139, 235.979019165, -27.8278751373, 100.719818115, -21.9830131531, 49.6327400208, -43.3319358826, 38.6705055237], [423.361297607, -183.097991943, 112.602302551, 12.7797040939, -96.3339920044, 87.536026001, -27.8278751373, 160.08303833, -27.5743350983, 39.8105430603, -20.8852539062, 2.85058927536, -7.87920475006], [-1192.02331543, 161.641998291, -5.12448644638, -25.204044342, 151.78729248, -97.1415176392, 100.719818115, -27.5743350983, 149.35585022, -9.96612167358, 32.8779983521, -11.3051929474, 13.5014228821], [287.602172852, -165.372192383, 86.601234436, 5.37336874008, -55.1904602051, 67.0307998657, -21.9830131531, 39.8105430603, -9.96612167358, 96.0302734375, -0.123228609562, 21.4555683136, -12.3866920471], [-657.486328125, 148.009750366, -9.71831226349, 1.63104581833, 67.7547454834, -64.1021118164, 49.6327400208, -20.8852539062, 32.8779983521, -0.123228609562, 91.3353805542, -8.73451900482, 38.1413421631], [191.282821655, -200.413116455, 61.363155365, -10.3098306656, -35.9755172729, 51.832736969, -43.3319358826, 2.85058927536, -11.3051929474, 21.4555683136, -8.73451900482, 98.389289856, -24.2839851379], [-431.466888428, 148.239959717, -36.0904006958, -4.86988353729, 41.7666702271, -52.9605674744, 38.6705055237, -7.87920475006, 13.5014228821, -12.3866920471, 38.1413421631, -24.2839851379, 84.5751037598]]}, "erbbands_spread": {"dmean": 9.14798259735, "dvar2": 229.81413269, "mean": 46.5933113098, "var": 500.000732422, "dmean2": 13.1738510132, "dvar": 120.712646484, "min": 3.40963101387, "median": 42.1808815002, "max": 171.354370117}, "erbbands_kurtosis": {"dmean": 0.956202983856, "dvar2": 7.03635406494, "mean": 0.666810691357, "var": 13.3684520721, "dmean2": 1.47874009609, "dvar": 2.89941549301, "min": -1.86755311489, "median": -0.370241880417, "max": 78.3328857422}, "dynamic_complexity": 3.86198997498, "erbbands_crest": {"dmean": 2.29580140114, "dvar2": 12.4809122086, "mean": 8.82642745972, "var": 16.0163097382, "dmean2": 3.62302088737, "dvar": 4.98822402954, "min": 2.21726822853, "median": 7.88129806519, "max": 28.0008926392}, "erbbands": {"dmean": [0.0158220585436, 0.205585837364, 1.13022971153, 4.33701658249, 6.69752788544, 9.20499134064, 16.1303443909, 18.8983707428, 17.8926067352, 9.39915847778, 10.9993677139, 14.2845582962, 6.6016998291, 9.86912727356, 11.0308151245, 10.0885047913, 7.42972278595, 5.28379392624, 7.09756040573, 8.03545475006, 7.06723737717, 7.44443225861, 5.109333992, 4.01166343689, 4.12848472595, 2.66908168793, 2.3120598793, 1.96108210087, 4.27106666565, 5.99209547043, 2.77072477341, 2.68467283249, 1.33097326756, 1.46026420593, 0.836825668812, 0.411918103695, 0.0797343328595, 0.00543304998428, 0.000189837286598, 1.42900098581e-05], "dvar2": [0.00378334755078, 0.22161783278, 10.6397771835, 153.309661865, 375.45425415, 799.087280273, 1487.39331055, 2433.55175781, 3956.25610352, 1709.41394043, 1241.79528809, 1980.75, 516.029724121, 881.539489746, 1927.41015625, 1669.39550781, 406.083312988, 361.567718506, 502.993835449, 583.344848633, 412.696380615, 396.428436279, 145.147674561, 116.484870911, 105.671791077, 71.9260787964, 53.3070678711, 73.9201812744, 521.34552002, 961.537231445, 226.95765686, 236.419113159, 30.6618824005, 36.8664779663, 14.0152292252, 4.81870269775, 0.12867860496, 0.000557855353691, 1.45345518376e-06, 1.69607106137e-09], "mean": [0.0566534511745, 0.540173590183, 2.78444576263, 10.5312490463, 17.2248268127, 22.8720436096, 39.9299850464, 49.2087593079, 30.7012042999, 17.098197937, 21.0214424133, 26.8131465912, 12.8317432404, 17.8263225555, 19.6241321564, 18.4819698334, 14.3151779175, 10.7008295059, 14.6365709305, 16.0944843292, 15.6499271393, 17.2020187378, 13.2920293808, 10.0419864655, 9.97331905365, 6.48946619034, 5.23987483978, 3.70121026039, 5.43679285049, 7.30247163773, 3.69093298912, 3.17217326164, 1.96154034138, 2.05276608467, 1.09091925621, 0.465255767107, 0.0890333577991, 0.00569184729829, 0.00020248274086, 4.57282585558e-05], "var": [0.00663461582735, 0.262063443661, 11.8431596756, 111.397445679, 324.576782227, 689.057922363, 2912.34936523, 5571.32275391, 3487.13085938, 1090.83398438, 1235.83239746, 1831.76928711, 456.701324463, 738.877075195, 1638.95959473, 1447.4954834, 386.348480225, 313.218383789, 428.169616699, 485.478485107, 397.411529541, 426.48135376, 207.962463379, 127.824516296, 129.610534668, 79.8846664429, 64.3934173584, 84.4521942139, 401.783294678, 886.366760254, 282.162841797, 103.029037476, 22.8710670471, 42.3814582825, 16.0383491516, 2.84034585953, 0.0790281519294, 0.000327560061123, 5.49386868443e-07, 1.58009927365e-09], "dmean2": [0.0263772141188, 0.337283909321, 1.79561817646, 7.33526039124, 11.0431098938, 14.5878124237, 24.2370491028, 27.2550182343, 27.0741157532, 14.7105522156, 17.326965332, 21.9359016418, 10.6433553696, 15.7817544937, 17.1717662811, 16.0895214081, 11.7686052322, 8.47320079803, 11.6732997894, 13.1543893814, 11.5888328552, 12.1645364761, 8.29744148254, 6.50199699402, 6.58560991287, 4.11962985992, 3.45622825623, 2.88385939598, 6.20779752731, 8.7999458313, 3.92262983322, 4.08102464676, 1.86978268623, 2.10880565643, 1.21999752522, 0.607130467892, 0.114925667644, 0.00810958724469, 0.000295579549856, 2.11656442843e-05], "dvar": [0.0013923937222, 0.0842648074031, 4.19447231293, 46.913269043, 130.066543579, 290.213226318, 681.856567383, 1127.7199707, 1685.86254883, 620.093322754, 521.547302246, 830.820556641, 202.033828735, 337.529296875, 777.365783691, 697.664489746, 165.687606812, 138.543045044, 190.36656189, 221.349487305, 160.000595093, 150.851669312, 59.0305747986, 44.7446365356, 44.7515640259, 31.9744987488, 25.6452674866, 39.37840271, 246.802047729, 489.670440674, 129.538589478, 96.5203094482, 14.4847002029, 21.2761173248, 7.28581476212, 2.07506775856, 0.0574431978166, 0.000248962052865, 5.81318147397e-07, 7.8735934439e-10], "min": [6.23070868154e-23, 9.30416529435e-22, 9.57087247686e-22, 5.84475279124e-21, 9.62109764773e-21, 3.28743321231e-20, 2.21346665674e-20, 5.41953583137e-20, 1.1159746968e-19, 1.36056489535e-19, 4.35672047825e-19, 3.91455547621e-19, 4.02750362843e-19, 8.74767279217e-19, 1.0436987568e-18, 1.21638666835e-18, 1.48087218914e-18, 2.36548860451e-18, 1.35165272218e-18, 2.11366401357e-18, 3.27142487639e-18, 5.50756083787e-18, 6.24896612962e-18, 5.78979114056e-18, 6.06662822566e-18, 7.77692050865e-18, 7.78952591401e-18, 1.04160170919e-17, 8.65819873327e-18, 9.96688697065e-18, 1.10086274808e-17, 1.19791063811e-17, 9.27444746244e-18, 7.68912355844e-18, 6.63720210936e-18, 3.97441052382e-18, 2.22627576178e-18, 9.2888060771e-19, 2.36137550062e-19, 2.59818593626e-20], "median": [0.0253807529807, 0.405458956957, 1.56256234646, 7.28023433685, 12.7985429764, 14.814827919, 19.6306915283, 19.4312152863, 12.629527092, 7.96272706985, 9.92817211151, 13.0896654129, 5.91005849838, 8.64333438873, 7.09639167786, 7.08482122421, 7.19282245636, 4.54005813599, 6.53580760956, 7.61245775223, 8.21853542328, 9.95317459106, 8.63814735413, 7.02018547058, 7.02762937546, 4.08491325378, 2.88280487061, 1.51970934868, 1.02100157738, 0.93371963501, 0.542107105255, 0.501073777676, 0.267580479383, 0.181038171053, 0.0766210854053, 0.0300672017038, 0.00430390937254, 0.000173799402546, 2.84998732241e-05, 3.88993576053e-05], "max": [1.03645980358, 5.27105951309, 38.31407547, 102.741416931, 275.144073486, 344.285369873, 503.730804443, 625.705871582, 826.929260254, 786.142883301, 547.93560791, 703.087280273, 344.825012207, 308.925109863, 824.514526367, 875.96295166, 249.43762207, 311.26953125, 313.592468262, 338.609985352, 278.491577148, 199.451538086, 113.635314941, 136.929794312, 127.31098938, 179.84236145, 157.375839233, 235.638015747, 527.484680176, 720.623657227, 435.743286133, 209.526779175, 171.965774536, 238.634414673, 130.945526123, 35.4770088196, 5.39597892761, 0.249362677336, 0.0173949860036, 0.000665095809381]}, "silence_rate_30dB": {"dmean": 0, "dvar2": 0, "mean": 1, "var": 0, "dmean2": 0, "dvar": 0, "min": 1, "median": 1, "max": 1}, "silence_rate_60dB": {"dmean": 0.000554938975256, "dvar2": 0.0011087723542, "mean": 0.0552087649703, "var": 0.052160743624, "dmean2": 0.00111003196798, "dvar": 0.000554643629584, "min": 0, "median": 0, "max": 1}, "spectral_energyband_middle_low": {"dmean": 0.00536553515121, "dvar2": 0.000110148233944, "mean": 0.0214594006538, "var": 0.000227813899983, "dmean2": 0.00857314094901, "dvar": 4.12640620198e-05, "min": 1.94310779292e-22, "median": 0.0186458062381, "max": 0.0972007289529}, "spectral_spread": {"dmean": 783773, "dvar2": 1715864862720.0, "mean": 5606589, "var": 25057287995400.0, "dmean2": 972343.0625, "dvar": 1153818951680.0, "min": 1123573.75, "median": 4692553.5, "max": 42893588}, "barkbands": {"dmean": [6.3759740442e-05, 0.000752057880163, 0.00114940619096, 0.00209266738966, 0.00243849051185, 0.00247186026536, 0.00113569537643, 0.000418060051743, 0.000599014107138, 0.000294439436402, 0.000262458663201, 0.000289106363198, 0.000162723546964, 0.000126851329696, 0.000149212602992, 0.000135474052513, 0.00016112125013, 8.2142672909e-05, 8.82110834937e-05, 5.85992784181e-05, 5.07636214024e-05, 0.000112244691991, 0.000138830073411, 9.80151307886e-05, 0.000122676181491, 6.24531530775e-05, 7.91656930232e-07], "dvar2": [1.54287846499e-07, 3.14676094604e-06, 1.08183430712e-05, 3.50830196112e-05, 4.65885605081e-05, 3.33303178195e-05, 1.69417380675e-05, 2.05447236112e-06, 3.64987909052e-06, 8.34907211811e-07, 1.09194297693e-06, 1.55913608069e-06, 2.02868761789e-07, 1.60383038406e-07, 2.04305379725e-07, 1.53948704451e-07, 1.76040401811e-07, 4.16921679403e-08, 5.09300512874e-08, 3.35810526053e-08, 3.74764645983e-08, 3.89344648966e-07, 4.81227232285e-07, 2.22559705776e-07, 2.51651613326e-07,