{"tonal": {"chords_key": "E", "hpcp_entropy": {"dmean": 0.46927946806, "dmean2": 0.787234187126, "max": 3.22410702705, "dvar": 0.197969183326, "mean": 1.45504236221, "dvar2": 0.512498497963, "min": 0, "var": 0.420058190823, "median": 1.5249376297}, "key_key": "E", "chords_strength": {"dmean": 0.00575125822797, "dmean2": 0.00455271266401, "max": 0.759170413017, "dvar": 2.93013035844e-05, "mean": 0.537405490875, "dvar2": 2.83767440123e-05, "min": 0.281535238028, "var": 0.00794282462448, "median": 0.540510058403}, "key_scale": "minor", "chords_number_rate": 0.00311162974685, "thpcp": [1, 0.439497917891, 0.132285773754, 0.0625017955899, 0.0223493557423, 0.0967406854033, 0.138738363981, 0.108444027603, 0.33060464263, 0.467117220163, 0.219858139753, 0.0583643205464, 0.0447112806141, 0.0967876017094, 0.459955722094, 0.589996099472, 0.226530507207, 0.0304385870695, 0.0246521048248, 0.0550877451897, 0.450983703136, 0.705778956413, 0.366004884243, 0.237716555595, 0.250668734312, 0.1005743891, 0.0385529175401, 0.029732003808, 0.0417146384716, 0.193673670292, 0.251031726599, 0.100477702916, 0.0199311245233, 0.0186274815351, 0.12403345108, 0.751049220562], "key_strength": 0.717764556408, "tuning_nontempered_energy_ratio": 0.664722323418, "tuning_frequency": 442.804626465, "chords_changes_rate": 0.0334500186145, "tuning_diatonic_strength": 0.509526968002, "chords_scale": "minor", "chords_histogram": [33.994556427, 0.194476857781, 2.76157140732, 1.78918707371, 0, 11.6686115265, 0, 4.31738615036, 0, 7.42901611328, 0, 0, 0, 0, 0, 0, 0, 0, 0.0777907446027, 0, 0.0777907446027, 0, 22.8315830231, 14.8580322266], "tuning_equal_tempered_deviation": 0.0825220271945, "hpcp": {"dmean": [0.0885268077254, 0.0592480003834, 0.0206820294261, 0.0167686752975, 0.0288253426552, 0.0907389223576, 0.111386798322, 0.0850010290742, 0.0660001784563, 0.0603643395007, 0.0403159074485, 0.0218220818788, 0.0158222280443, 0.0213062148541, 0.0595571659505, 0.0663951262832, 0.0371584370732, 0.0136694079265, 0.0134452302009, 0.0536901019514, 0.132835298777, 0.135880365968, 0.108700953424, 0.069561123848, 0.0351563431323, 0.013095498085, 0.0302830561996, 0.0393043830991, 0.0411071628332, 0.0795942619443, 0.0943521484733, 0.0688032060862, 0.0366842448711, 0.0303394217044, 0.0495465695858, 0.0956377387047], "dmean2": [0.143585950136, 0.099514208734, 0.0379260778427, 0.031316369772, 0.0519295185804, 0.146809786558, 0.177720159292, 0.140763670206, 0.112583599985, 0.0999775603414, 0.0693292617798, 0.0402011461556, 0.0289896670729, 0.0376562699676, 0.0977426245809, 0.109722390771, 0.0631581321359, 0.025540355593, 0.0254883132875, 0.0933098867536, 0.212344750762, 0.217906266451, 0.179444119334, 0.125843435526, 0.0641441270709, 0.0235953554511, 0.048560269177, 0.0634712800384, 0.0695192813873, 0.13399811089, 0.154330208898, 0.118694171309, 0.0666896402836, 0.0566589310765, 0.0884677246213, 0.160396203399], "max": [1, 1, 1, 1, 1, 1, 1, 1, 1, 1, 1, 1, 1, 1, 1, 1, 1, 1, 1, 1, 1, 1, 1, 1, 1, 0.891997039318, 1, 1, 1, 1, 1, 1, 1, 1, 1, 1], "dvar": [0.0285837817937, 0.0131690548733, 0.00563611416146, 0.00439896387979, 0.00674691982567, 0.0205121077597, 0.0346779152751, 0.0157781802118, 0.0210810080171, 0.0181200001389, 0.00947705935687, 0.00673366338015, 0.0040188068524, 0.00407480681315, 0.0175963211805, 0.0211020577699, 0.00912127178162, 0.00386158307083, 0.00410737749189, 0.0105262612924, 0.0277096573263, 0.0375372432172, 0.0191828794777, 0.0320749245584, 0.00994165427983, 0.00273997685872, 0.00619179429486, 0.0108042247593, 0.00752944406122, 0.0214221198112, 0.0308738388121, 0.018933577463, 0.0145038189366, 0.00957755558193, 0.0136090181768, 0.0275543127209], "mean": [0.281976401806, 0.108265556395, 0.0145474914461, 0.0117819625884, 0.0263280458748, 0.215538308024, 0.337312430143, 0.174924448133, 0.113611698151, 0.119801923633, 0.0480674430728, 0.0184255670756, 0.0142097948119, 0.0199366472661, 0.0925623178482, 0.119975402951, 0.0480212345719, 0.00952566787601, 0.00890261866152, 0.0592792145908, 0.358948409557, 0.477929264307, 0.210048913956, 0.0632232427597, 0.029871435836, 0.0106814112514, 0.046235203743, 0.0663071274757, 0.0518285743892, 0.158005639911, 0.22324898839, 0.105076640844, 0.0278940163553, 0.0213688295335, 0.0462576262653, 0.219826295972], "dvar2": [0.0636232197285, 0.035907395184, 0.0151296732947, 0.0124197853729, 0.0194387789816, 0.0493889264762, 0.0751969665289, 0.0412613116205, 0.0571846365929, 0.0443327054381, 0.0258542951196, 0.0216542761773, 0.0123980240896, 0.011146039702, 0.043967448175, 0.0495121851563, 0.0253131370991, 0.0113605791703, 0.0125676244497, 0.0295928586274, 0.0668981447816, 0.081716157496, 0.0509226173162, 0.0874467492104, 0.0276309531182, 0.00770375132561, 0.0138797843829, 0.0233090780675, 0.0198717359453, 0.0505575872958, 0.0725631713867, 0.0513047650456, 0.0408864952624, 0.0275928173214, 0.0382376387715, 0.0663199052215], "min": [0, 0, 0, 0, 0, 0, 0, 0, 0, 0, 0, 0, 0, 0, 0, 0, 0, 0, 0, 0, 0, 0, 0, 0, 0, 0, 0, 0, 0, 0, 0, 0, 0, 0, 0, 0], "var": [0.147335082293, 0.0283487737179, 0.00428717536852, 0.00296047655866, 0.00537688378245, 0.063796594739, 0.152289658785, 0.0360907241702, 0.0525839291513, 0.058237913996, 0.0127024818212, 0.00515929237008, 0.00316292489879, 0.00328374025412, 0.0367732457817, 0.0562125481665, 0.0109770279378, 0.00219846540131, 0.00223029684275, 0.0102741988376, 0.103274047375, 0.160354092717, 0.0423242338002, 0.0343323498964, 0.00931462831795, 0.00217013829388, 0.016934575513, 0.0305064730346, 0.0120456758887, 0.0622673854232, 0.11391685158, 0.0307184439152, 0.0101385265589, 0.00612512324005, 0.0110401660204, 0.0943692103028], "median": [0.0364941991866, 0.0147915156558, 0.00094518053811, 0.000514827668667, 0.0044329459779, 0.0783047154546, 0.115893378854, 0.0875332951546, 0.00590945966542, 0.00295021152124, 0.00363447424024, 0.0027652552817, 0.00211731460877, 0.00319320196286, 0.0132782608271, 0.0178931616247, 0.00735654169694, 0.00119977456052, 0.000825457507744, 0.0191729236394, 0.27309936285, 0.380033880472, 0.147594213486, 0.00401915935799, 0.00117216771469, 0.00094797759084, 0.00573218334466, 0.00833759270608, 0.0146334124729, 0.0317814312875, 0.0402086526155, 0.0192517247051, 0.0042693791911, 0.00282799964771, 0.00559268379584, 0.0284117627889]}}, "lowlevel": {"melbands_flatness_db": {"dmean": 0.0202039256692, "dmean2": 0.0308537315577, "max": 0.572797715664, "dvar": 0.000438032002421, "mean": 0.316240727901, "dvar2": 0.0011296585435, "min": 0.0825006961823, "var": 0.00426042033359, "median": 0.317367315292}, "melbands_crest": {"dmean": 2.81505823135, "dmean2": 4.46978759766, "max": 38.5355758667, "dvar": 7.67982435226, "mean": 16.0782184601, "dvar2": 19.9914321899, "min": 4.86351108551, "var": 38.2312698364, "median": 14.8526039124}, "spectral_entropy": {"dmean": 0.149224624038, "dmean2": 0.220348536968, "max": 9.39367294312, "dvar": 0.0238544400781, "mean": 6.39874315262, "dvar2": 0.0529133938253, "min": 3.96453404427, "var": 0.373643040657, "median": 6.39881038666}, "melbands": {"dmean": [0.000326206587488, 0.000376428477466, 0.000230047648074, 0.000174735934706, 0.000209711171919, 0.00025964845554, 0.000227983720833, 0.000129309089971, 3.91457615478e-05, 4.00998724217e-05, 4.8452984629e-05, 2.99644580082e-05, 1.44386440297e-05, 4.12674944528e-06, 1.40680122058e-05, 1.22182154882e-05, 6.99641941537e-06, 3.64237962458e-06, 2.13356656786e-06, 1.32130969632e-06, 9.53277265126e-07, 6.66477490086e-07, 7.56954420922e-07, 4.51021350045e-07, 4.51075607089e-07, 2.41301449933e-07, 1.71633786294e-07, 1.60173584618e-07, 8.45209413569e-08, 7.38083301144e-08, 2.13676983662e-07, 1.10230629957e-07, 6.51026894616e-08, 1.47256088212e-07, 1.47510689885e-07, 3.29877032357e-08, 3.0528195083e-08, 3.25639497589e-08, 3.1264704603e-08, 2.79573182382e-08], "dmean2": [0.000575595186092, 0.000613584299572, 0.000372222712031, 0.000280474545434, 0.000298356957501, 0.00036708227708, 0.000337907491485, 0.000182661184226, 5.69358926441e-05, 5.58518440812e-05, 6.59751749481e-05, 4.05597529607e-05, 2.03373929253e-05, 6.12719895798e-06, 2.15131112782e-05, 1.86928155017e-05, 1.05930557766e-05, 5.30026727574e-06, 3.31993578584e-06, 2.1708319764e-06, 1.44694013215e-06, 1.04090315745e-06, 1.15224918318e-06, 7.47341459828e-07, 7.6001680327e-07, 3.96510984046e-07, 2.95348598911e-07, 2.71120171647e-07, 1.40896304401e-07, 1.20010142268e-07, 3.46828414877e-07, 1.79220066343e-07, 1.04960861336e-07, 2.35308519336e-07, 2.37248940493e-07, 5.46579776994e-08, 5.15656211064e-08, 5.27512007409e-08, 4.79336961234e-08, 4.56793856074e-08], "max": [0.0284813046455, 0.0311359800398, 0.0230155903846, 0.0187987219542, 0.0164271015674, 0.0351191796362, 0.0316209085286, 0.0266907848418, 0.00432749371976, 0.00331366830505, 0.0109042255208, 0.00781780388206, 0.00153020420112, 0.000331054994604, 0.00107028195634, 0.000890023657121, 0.00544680980965, 0.0013500523055, 0.000463426840724, 9.07386274775e-05, 0.000142204706208, 0.000156048030476, 0.000402236328227, 5.64121437492e-05, 9.37504737522e-05, 6.77010320942e-05, 2.96230846288e-05, 5.07289441884e-05, 4.35198926425e-05, 6.54292380204e-05, 0.000114499147458, 2.10035723285e-05, 2.48151154665e-05, 4.24503487011e-05, 5.26625626662e-05, 2.06325603358e-05, 1.24432981465e-05, 7.35209550839e-06, 1.19483083836e-05, 1.68223123183e-05], "dvar": [1.83377073881e-06, 2.20024730879e-06, 7.79850438448e-07, 3.26855456478e-07, 2.99499106404e-07, 7.21632488876e-07, 9.93504500002e-07, 2.93354304404e-07, 1.58335602407e-08, 1.11463052122e-08, 4.27334470032e-08, 2.80410112907e-08, 1.69139435791e-09, 1.6561299554e-10, 2.47911424722e-09, 2.00085392699e-09, 7.96764965116e-09, 7.8804407444e-10, 1.10571989065e-10, 1.00866476629e-11, 1.18961524659e-11, 8.4592974986e-12, 3.65543567638e-11, 2.59628733443e-12, 9.40793970505e-12, 2.33395117469e-12, 8.43278843022e-13, 9.45840953302e-13, 6.03472838107e-13, 1.21262017354e-12, 4.3820502782e-12, 4.46070941686e-13, 3.19645270539e-13, 9.31696777021e-13, 1.33824732979e-12, 1.47389506199e-13, 9.98978867293e-14, 5.10885245512e-14, 9.90666560287e-14, 1.59133502816e-13], "mean": [0.000448531762231, 0.000648592831567, 0.000478199945064, 0.00040560180787, 0.000619134341832, 0.000805105315521, 0.000570973090362, 0.000317333178828, 0.000106686449726, 0.000108289292257, 0.000153835178935, 8.00261186669e-05, 2.99208350043e-05, 8.77002457855e-06, 2.5822331736e-05, 2.24036957661e-05, 1.17150657388e-05, 6.37116909274e-06, 3.5781151837e-06, 2.29098191085e-06, 1.91348863154e-06, 1.23364088722e-06, 1.28206863792e-06, 7.48043021304e-07, 6.3604522893e-07, 3.85655198443e-07, 2.68806957138e-07, 2.31974510712e-07, 1.20373996992e-07, 1.12226196336e-07, 3.62448673741e-07, 1.72572896417e-07, 9.42637541357e-08, 2.86182739728e-07, 2.84028232045e-07, 3.9803119023e-08, 3.48366171465e-08, 3.70905617331e-08, 3.5503003204e-08, 3.63076679832e-08], "dvar2": [5.61279148314e-06, 6.17560817773e-06, 2.26681913773e-06, 9.14925351481e-07, 6.26860810371e-07, 1.57360466346e-06, 2.17696560867e-06, 5.6702845086e-07, 3.92287695661e-08, 2.30954011471e-08, 6.39856025941e-08, 4.51776855925e-08, 3.11761083616e-09, 3.44760026083e-10, 5.87152637621e-09, 4.6963695155e-09, 1.77407013524e-08, 1.5085911409e-09, 2.23030413582e-10, 2.60389158152e-11, 2.33471818267e-11, 1.53411432863e-11, 5.39438008151e-11, 7.05006452523e-12, 2.66920617553e-11, 6.54873984901e-12, 2.33170405727e-12, 2.53496854584e-12, 1.61537666923e-12, 3.26774002822e-12, 1.20813740956e-11, 1.19053519213e-12, 7.73963629731e-13, 2.23571486845e-12, 3.47278065679e-12, 3.97941879102e-13, 2.79846566927e-13, 1.35113952362e-13, 2.69939805101e-13, 4.23760039645e-13], "min": [1.91986624352e-14, 1.64184732975e-14, 1.18936512454e-14, 7.09602444485e-15, 3.20523069417e-15, 1.42661661784e-15, 1.41218084708e-15, 1.95528725555e-15, 1.82399164301e-15, 9.89202874649e-16, 4.88552033894e-16, 7.67217985547e-16, 9.87913478745e-16, 5.88054847093e-16, 2.18295888563e-16, 1.71697350352e-16, 9.89151774739e-17, 7.70117326385e-17, 4.13749588175e-17, 7.76855870528e-17, 8.28904655473e-17, 8.62268621521e-17, 5.28169710366e-17, 2.72530121083e-17, 5.59374337969e-17, 8.50996532052e-17, 9.58707359207e-17, 1.59351606918e-16, 1.81052882194e-16, 1.29353842447e-16, 1.55401614352e-16, 2.60367472423e-16, 2.37754974984e-16, 1.93584668474e-16, 1.41542845081e-16, 1.71249389037e-16, 1.06914252225e-16, 5.29083579507e-17, 1.89415651717e-16, 9.84406735873e-17], "var": [1.93203527488e-06, 4.0500731302e-06, 1.35801280976e-06, 7.72629903167e-07, 1.98222710424e-06, 3.76211232833e-06, 3.29223871631e-06, 1.00046884199e-06, 6.58012950794e-08, 7.43250794244e-08, 4.6190973535e-07, 1.31202213538e-07, 6.61170940219e-09, 6.28019636295e-10, 5.66318947293e-09, 4.56756010792e-09, 9.158383385e-09, 1.72068015392e-09, 2.27406524167e-10, 2.16022581767e-11, 4.87756085521e-11, 2.04231163231e-11, 8.94833165899e-11, 5.11595410133e-12, 1.07650364317e-11, 1.86059522823e-12, 7.05279693154e-13, 7.97178566648e-13, 4.90842392772e-13, 9.89366032676e-13, 7.03361327514e-12, 9.43461346374e-13, 3.62540428451e-13, 2.9543778448e-12, 3.65359218574e-12, 1.14579122557e-13, 7.10110613432e-14, 4.35572767904e-14, 7.65649682869e-14, 1.32309365287e-13], "median": [2.80549757008e-05, 2.0917654183e-05, 3.6935947719e-05, 9.92890054476e-05, 0.000117652714835, 0.000113458751002, 7.71657723817e-05, 6.35783726466e-05, 2.21941645577e-05, 1.9590541342e-05, 6.37928860669e-06, 8.19726119516e-06, 6.02876934863e-06, 1.9740236894e-06, 4.11562996305e-06, 2.92776485367e-06, 1.12253474072e-06, 9.79489414021e-07, 9.37514471389e-07, 7.99713518518e-07, 3.35365484716e-07, 2.19773880872e-07, 1.79004757683e-07, 2.06983997941e-07, 1.30253582142e-07, 1.00617263854e-07, 9.5956245616e-08, 8.06165729728e-08, 2.91360162663e-08, 2.37390551661e-08, 2.22565539332e-08, 1.67928071448e-08, 1.48321159799e-08, 8.62343441099e-09, 7.72939046101e-09, 5.06332753503e-09, 3.9170924282e-09, 3.96881461029e-09, 2.47518672225e-09, 1.52154611133e-09]}, "silence_rate_60dB": {"dmean": 0.0354154519737, "dmean2": 0.0708446875215, "max": 1, "dvar": 0.0341591872275, "mean": 0.384241253138, "dvar2": 0.0759420469403, "min": 0, "var": 0.236598819494, "median": 0}, "spectral_energyband_middle_high": {"dmean": 0.000511425139848, "dmean2": 0.000705865910277, "max": 0.0564031526446, "dvar": 2.62592539002e-06, "mean": 0.00162421236746, "dvar2": 4.70092072646e-06, "min": 2.48560497e-14, "var": 1.46614847836e-05, "median": 0.000426472979598}, "erbbands_skewness": {"dmean": 0.397044688463, "dmean2": 0.578772842884, "max": 8.18561458588, "dvar": 0.143599376082, "mean": 1.18121647835, "dvar2": 0.310200750828, "min": -4.07264471054, "var": 1.47236990929, "median": 1.07445836067}, "dynamic_complexity": 8.34964179993, "dissonance": {"dmean": 0.0340667441487, "dmean2": 0.0566094182432, "max": 0.499999850988, "dvar": 0.000903407635633, "mean": 0.395167857409, "dvar2": 0.0024170523975, "min": 0.150996878743, "var": 0.00338475382887, "median": 0.403467833996}, "spectral_skewness": {"dmean": 0.413328886032, "dmean2": 0.699283182621, "max": 8.69138717651, "dvar": 0.161445513368, "mean": 3.1046462059, "dvar2": 0.481699228287, "min": 0.555084943771, "var": 1.02395236492, "median": 2.98009419441}, "spectral_kurtosis": {"dmean": 5.34867572784, "dmean2": 9.21063041687, "max": 105.126213074, "dvar": 36.7189064026, "mean": 17.8611011505, "dvar2": 110.479782104, "min": -0.0806980133057, "var": 152.353515625, "median": 15.0915975571}, "gfcc": {"cov": [[17491.6992188, 2761.15429688, -1321.84472656, 653.831176758, -954.639221191, -31.9337654114, -602.409545898, -672.651306152, -563.652587891, -817.168151855, -275.056640625, -512.32611084, -63.8913078308], [2761.15429688, 1892.33410645, -143.983963013, 13.4247589111, 188.622406006, -142.179351807, 52.8509559631, -172.791992188, -76.6810760498, -277.003540039, -34.0362319946, -217.690887451, -30.8308696747], [-1321.84472656, -143.983963013, 712.090454102, 189.938430786, 159.135147095, 144.586624146, 109.941734314, 94.0416030884, 76.3391647339, 8.77251148224, -91.6524353027, 14.5075969696, -2.44725799561], [653.831176758, 13.4247589111, 189.938430786, 437.717468262, 50.227481842, 126.109542847, 22.1448554993, 12.9637527466, -56.2173156738, -129.283081055, -103.828605652, -112.477996826, -36.8309783936], [-954.639221191, 188.622406006, 159.135147095, 50.227481842, 329.567718506, 76.9418258667, 91.09324646, 14.2762517929, 28.6067123413, 9.37550163269, 1.78933572769, 2.31307005882, -21.5210514069], [-31.9337654114, -142.179351807, 144.586624146, 126.109542847, 76.9418258667, 239.740783691, 40.0430831909, 18.0109024048, -19.8168048859, 6.00752925873, -17.923116684, -9.69517612457, -13.5074567795], [-602.409545898, 52.8509559631, 109.941734314, 22.1448554993, 91.09324646, 40.0430831909, 189.097183228, 102.938415527, 61.8811302185, 5.04068136215, -6.23977279663, 0.929051399231, -5.69203710556], [-672.651306152, -172.791992188, 94.0416030884, 12.9637527466, 14.2762517929, 18.0109024048, 102.938415527, 191.433410645, 84.431968689, 40.3466644287, -12.2861614227, 25.6958332062, 20.11835289], [-563.652587891, -76.6810760498, 76.3391647339, -56.2173156738, 28.6067123413, -19.8168048859, 61.8811302185, 84.431968689, 171.702606201, 118.645492554, 41.134311676, 52.8549690247, 4.21806001663], [-817.168151855, -277.003540039, 8.77251148224, -129.283081055, 9.37550163269, 6.00752925873, 5.04068136215, 40.3466644287, 118.645492554, 232.98374939, 125.803916931, 96.7350921631, 4.57646608353], [-275.056640625, -34.0362319946, -91.6524353027, -103.828605652, 1.78933572769, -17.923116684, -6.23977279663, -12.2861614227, 41.134311676, 125.803916931, 173.706558228, 80.1135864258, 11.331738472], [-512.32611084, -217.690887451, 14.5075969696, -112.477996826, 2.31307005882, -9.69517612457, 0.929051399231, 25.6958332062, 52.8549690247, 96.7350921631, 80.1135864258, 169.103866577, 68.876663208], [-63.8913078308, -30.8308696747, -2.44725799561, -36.8309783936, -21.5210514069, -13.5074567795, -5.69203710556, 20.11835289, 4.21806001663, 4.57646608353, 11.331738472, 68.876663208, 115.087783813]], "mean": [-159.89201355, 137.536956787, -104.607673645, -10.5539445877, -57.4278945923, -10.7288856506, -32.0168190002, -3.46985006332, -12.593878746, 4.1041135788, -3.1302986145, 2.66395354271, -5.14939880371], "icov": [[0.000262327521341, -0.000607074645814, 0.000451182917459, -0.000625515996944, 0.00104451959487, -0.000653746945318, 0.000447195954621, 0.000113456080726, -5.32020167157e-05, -0.00018923128664, 0.000612440460827, -0.000822777976282, 0.000354875344783], [-0.000607074645814, 0.00261640734971, -0.00104732601903, 0.00190566491801, -0.0032335894648, 0.00200855149888, -0.00151070707943, 0.000897935649846, -0.00110288441647, 0.00258974032477, -0.00289306766354, 0.00385853159241, -0.00173605896998], [0.000451182917459, -0.00104732601903, 0.00308464840055, -0.00194307265338, 0.00117926998064, -0.00173764186911, 0.000285434216494, 0.000197695524548, -0.000848608033266, -0.000970654189587, 0.00280863093212, -0.00247434107587, 0.000683783146087], [-0.000625515996944, 0.00190566491801, -0.00194307265338, 0.00577280158177, -0.00283515895717, -1.1710664694e-05, -0.00039466121234, -0.000577477389015, -0.000695883936714, 0.00342862284742, -0.00260125799105, 0.00463227368891, -0.00110772647895], [0.00104451959487, -0.0032335894648, 0.00117926998064, -0.00283515895717, 0.00877548847347, -0.00365095771849, 0.000113844776934, 0.00086488208035, 0.000285117770545, -0.00201243092306, 0.00300983642228, -0.00486159371212, 0.00258104782552], [-0.000653746945318, 0.00200855149888, -0.00173764186911, -1.1710664694e-05, -0.00365095771849, 0.00807568710297, -0.00251346942969, 0.000134983813041, 0.0024495490361, -0.00130537396763, -0.00141584186349, 0.00232804543339, -0.00104009651113], [0.000447195954621, -0.00151070707943, 0.000285434216494, -0.00039466121234, 0.000113844776934, -0.00251346942969, 0.0109677836299, -0.00506276870146, -0.00223140558228, 0.00211288151331, -0.000395718612708, -0.00133484823164, 0.0017126762541], [0.000113456080726, 0.000897935649846, 0.000197695524548, -0.000577477389015, 0.00086488208035, 0.000134983813041, -0.00506276870146, 0.0108509100974, -0.00390555942431, 0.000406116072554, 0.00106376560871, 0.000927018234506, -0.0023792674765], [-5.32020167157e-05, -0.00110288441647, -0.000848608033266, -0.000695883936714, 0.000285117770545, 0.0024495490361, -0.00223140558228, -0.00390555942431, 0.0147277163342, -0.0093544377014, 0.00307938363403, -0.00249842531048, 0.00137167307548], [-0.00018923128664, 0.00258974032477, -0.000970654189587, 0.00342862284742, -0.00201243092306, -0.00130537396763, 0.00211288151331, 0.000406116072554, -0.0093544377014, 0.0178981740028, -0.0101020690054, 0.00230571161956, 0.000415192509536], [0.000612440460827, -0.00289306766354, 0.00280863093212, -0.00260125799105, 0.00300983642228, -0.00141584186349, -0.000395718612708, 0.00106376560871, 0.00307938363403, -0.0101020690054, 0.0160373654217, -0.00788586586714, 0.00241260020994], [-0.000822777976282, 0.00385853159241, -0.00247434107587, 0.00463227368891, -0.00486159371212, 0.00232804543339, -0.00133484823164, 0.000927018234506, -0.00249842531048, 0.00230571161956, -0.00788586586714, 0.018729519099, -0.00928994454443], [0.000354875344783, -0.00173605896998, 0.000683783146087, -0.00110772647895, 0.00258104782552, -0.00104009651113, 0.0017126762541, -0.0023792674765, 0.00137167307548, 0.000415192509536, 0.00241260020994, -0.00928994454443, 0.0141976214945]]}, "spectral_complexity": {"dmean": 1.05935001373, "dmean2": 1.76956009865, "max": 45, "dvar": 1.77867531776, "mean": 7.15836572647, "dvar2": 4.40085029602, "min": 0, "var": 19.4498329163, "median": 7}, "spectral_flux": {"dmean": 0.0130179142579, "dmean2": 0.0214991159737, "max": 0.389106035233, "dvar": 0.000465478806291, "mean": 0.0385745093226, "dvar2": 0.00112531683408, "min": 3.84779013984e-05, "var": 0.00138817052357, "median": 0.0271115992218}, "spectral_energyband_low": {"dmean": 0.00193481810857, "dmean2": 0.00325522152707, "max": 0.154013395309, "dvar": 5.26867843291e-05, "mean": 0.00351285678335, "dvar2": 0.000155891495524, "min": 1.19203502321e-13, "var": 8.08419281384e-05, "median": 0.000263364752755}, "spectral_decrease": {"dmean": 1.15123621747e-09, "dmean2": 1.75384284873e-09, "max": -4.9676315531e-20, "dvar": 8.61486439534e-18, "mean": -4.17314938161e-09, "dvar2": 2.1221134981e-17, "min": -8.90065052772e-08, "var": 4.75503021503e-17, "median": -1.30520327879e-09}, "barkbands_spread": {"dmean": 2.73898267746, "dmean2": 4.50611352921, "max": 146.166473389, "dvar": 28.1221809387, "mean": 9.56271076202, "dvar2": 81.2782058716, "min": 0.444636851549, "var": 176.175704956, "median": 6.80567932129}, "spectral_rms": {"dmean": 0.000441851647338, "dmean2": 0.00066691293614, "max": 0.0183304697275, "dvar": 4.81820222831e-07, "mean": 0.00309621822089, "dvar2": 1.14569593279e-06, "min": 2.01082119844e-08, "var": 6.37829407424e-06, "median": 0.00224882317707}, "spectral_centroid": {"dmean": 72.7012557983, "dmean2": 109.875099182, "max": 4883.62060547, "dvar": 15695.7304688, "mean": 633.353942871, "dvar2": 37008.4648438, "min": 173.979904175, "var": 213006.046875, "median": 527.172485352}, "barkbands_skewness": {"dmean": 0.65190243721, "dmean2": 1.05749440193, "max": 16.3493099213, "dvar": 0.590361297131, "mean": 1.33363211155, "dvar2": 1.64368546009, "min": -2.05355763435, "var": 1.86036908627, "median": 1.18851327896}, "spectral_rolloff": {"dmean": 183.827545166, "dmean2": 333.259490967, "max": 18992.2851562, "dvar": 868075.25, "mean": 819.943969727, "dvar2": 2666455.75, "min": 21.533203125, "var": 2475294, "median": 516.796875}, "erbbands_spread": {"dmean": 3.53291320801, "dmean2": 5.26514482498, "max": 155.507843018, "dvar": 24.1865940094, "mean": 17.1941280365, "dvar2": 54.1960716248, "min": 0.907039940357, "var": 195.042419434, "median": 14.9345817566}, "barkbands": {"dmean": [0.000332041847287, 0.00124428141862, 0.00064616202144, 0.000523810274899, 0.000804379349574, 0.00136419886257, 0.00105176947545, 0.000294460711302, 0.000263392692432, 0.000360007339623, 9.60815741564e-05, 3.35515833285e-05, 0.000156986541697, 6.38964702375e-05, 4.36845693912e-05, 1.40573083627e-05, 1.44946470755e-05, 9.39217170526e-06, 7.42052088754e-06, 4.93016159453e-06, 4.86725866722e-06, 5.29113094672e-06, 6.86618977852e-06, 2.64965524366e-06, 4.41618021796e-06, 1.71317287823e-06, 8.12964117358e-07], "dmean2": [0.000597418169491, 0.0021509884391, 0.00103729206603, 0.000840177526698, 0.0012781964615, 0.00189847243018, 0.00151813076809, 0.000444258825155, 0.000368397508282, 0.000490292208269, 0.000135872862302, 4.98058652738e-05, 0.000240030669374, 9.70718683675e-05, 6.53118040645e-05, 2.1720499717e-05, 2.21583613893e-05, 1.51640488184e-05, 1.26035602079e-05, 8.45588510856e-06, 7.99914414529e-06, 8.52830726217e-06, 1.09179554784e-05, 4.29268675362e-06, 6.88296177032e-06, 2.83150097857e-06, 1.30966179768e-06], "max": [0.0185120087117, 0.110111519694, 0.0466773286462, 0.0590101033449, 0.0732351541519, 0.147048458457, 0.124594882131, 0.0330690257251, 0.0222243312746, 0.057035651058, 0.0105061149225, 0.00238025072031, 0.0125937517732, 0.0423151068389, 0.0141186201945, 0.00191522797104, 0.00592903001234, 0.00109181716107, 0.00127250119112, 0.001188832568, 0.00374174164608, 0.00113722507376, 0.0025029249955, 0.000894197204616, 0.00167909241281, 0.00246990378946, 0.000685223203618], "dvar": [6.41007488866e-07, 2.70329801424e-05, 6.32998944639e-06, 4.41258998762e-06, 6.12641770203e-06, 1.60147174029e-05, 1.79497292265e-05, 1.09454038011e-06, 4.68374196316e-07, 2.07718903766e-06, 7.46285522268e-08, 1.18623706413e-08, 3.51043127012e-07, 4.94021776376e-07, 8.54717114862e-08, 2.25036012047e-09, 7.89934695433e-09, 1.37653355381e-09, 1.83710358037e-09, 7.27557181168e-10, 4.22946877521e-09, 1.08421693845e-09, 2.40573405641e-09, 5.73401437443e-10, 1.57446344851e-09, 1.891929724e-09, 1.41154213318e-10], "mean": [0.000415061804233, 0.00168409442995, 0.00109650415834, 0.00104582041968, 0.00196508085355, 0.00419718027115, 0.00263235648163, 0.000700950680766, 0.000675372139085, 0.0010979261715, 0.000193653220776, 6.97986906744e-05, 0.000272530276561, 0.000112846253614, 7.31638574507e-05, 2.80543445115e-05, 2.63304300461e-05, 1.55528377945e-05, 1.12163797894e-05, 7.10509402779e-06, 7.59914337323e-06, 8.15181283542e-06, 1.39661970024e-05, 3.11139388032e-06, 7.67655001255e-06, 1.66041968441e-06, 1.22934955016e-06], "dvar2": [2.10239704757e-06, 8.18600892671e-05, 1.64898901858e-05, 1.24684338516e-05, 1.65317815117e-05, 3.43507599609e-05, 3.84165796277e-05, 2.55763643509e-06, 9.66933384916e-07, 3.32867125508e-06, 1.37248491683e-07, 2.45208386929e-08, 8.38811160975e-07, 1.08727078896e-06, 1.64869433661e-07, 4.61750682135e-09, 1.18061365129e-08, 3.43753159271e-09, 5.32987964874e-09, 1.98490246461e-09, 1.17423182289e-08, 2.86945445183e-09, 5.95197535702e-09, 1.57760959851e-09, 4.09162659309e-09, 5.04070207796e-09, 3.68720887156e-10], "min": [4.0637164586e-14, 5.59168732367e-14, 3.04409275564e-14, 2.34400799687e-14, 3.00743825188e-14, 8.08498962088e-15, 7.73706660263e-15, 1.01111974628e-14, 7.224854768e-15, 3.8597123002e-15, 7.05636085655e-15, 4.27682054607e-15, 1.74917957553e-15, 9.52031998429e-16, 6.51278656825e-16, 1.36802544306e-15, 1.41775262981e-15, 4.87279631589e-16, 2.0309442384e-15, 4.09114838293e-15, 6.00279036005e-15, 1.31706203289e-14, 1.10283240805e-14, 7.52032442396e-15, 1.60159259715e-14, 4.8999168709e-14, 5.585643913e-14], "var": [1.45055889789e-06, 2.90447424049e-05, 1.18892312457e-05, 8.17950876808e-06, 1.8472013835e-05, 9.38186785788e-05, 5.89824776398e-05, 3.64461425306e-06, 2.974892368e-06, 1.73573516804e-05, 2.93860836109e-07, 4.38268692449e-08, 7.59073714107e-07, 6.29768408089e-07, 1.86175242334e-07, 8.43263237016e-09, 1.9466263268e-08, 2.50691356563e-09, 1.5034538059e-09, 6.12317918591e-10, 3.82743747807e-09, 2.1364714442e-09, 7.66812213726e-09, 4.2935180411e-10, 2.85308288106e-09, 1.3295050616e-09, 1.30567862078e-10], "median": [0.000105375351268, 4.93558836752e-05, 3.61238999176e-05, 4.11853143305e-05, 0.000452699605376, 0.000614341930486, 0.000494046718813, 0.000124113808852, 0.000123401114251, 6.4962048782e-05, 3.48944085999e-05, 1.38049945235e-05, 3.4556738683e-05, 1.27875664475e-05, 1.4195183212e-05, 7.0679370765e-06, 4.88528894493e-06, 4.05369701184e-06, 3.14297540172e-06, 2.43207750827e-06, 1.11917347567e-06, 8.51647428135e-07, 4.99789507558e-07, 3.52509289314e-07, 1.5402068243e-07, 6.00478671231e-08, 1.31599492192e-07]}, "melbands_kurtosis": {"dmean": 5.50463008881, "dmean2": 8.87282371521, "max": 679.286865234, "dvar": 264.739898682, "mean": 10.5167427063, "dvar2": 761.323669434, "min": -1.76633858681, "var": 559.705810547, "median": 5.59125471115}, "erbbands_crest": {"dmean": 2.63768696785, "dmean2": 4.06483268738, "max": 33.407207489, "dvar": 6.8345990181, "mean": 14.7215738297, "dvar2": 16.7095565796, "min": 2.74565386772, "var": 43.3611412048, "median": 13.3445205688}, "melbands_skewness": {"dmean": 0.587808310986, "dmean2": 0.906640470028, "max": 23.1700057983, "dvar": 0.523552536964, "mean": 1.74269723892, "dvar2": 1.36286485195, "min": -2.67005586624, "var": 2.79738020897, "median": 1.57067775726}, "spectral_energyband_middle_low": {"dmean": 0.00302053196356, "dmean2": 0.00442053005099, "max": 0.270492374897, "dvar": 6.6963446443e-05, "mean": 0.011861554347, "dvar2": 0.000148895414895, "min": 8.74977919437e-14, "var": 0.000445614161436, "median": 0.00336790620349}, "spectral_contrast_coeffs": {"dmean": [0.0414155647159, 0.0368277840316, 0.0319505184889, 0.0265014935285, 0.0177705027163, 0.0120351780206], "dmean2": [0.0687468349934, 0.0579582639039, 0.0502745509148, 0.0421651229262, 0.0289661642164, 0.0200620871037], "max": [-0.311979830265, -0.329883724451, -0.419849812984, -0.520128428936, -0.595209121704, -0.655556797981], "dvar": [0.00124017463531, 0.000978935859166, 0.000711048895027, 0.000501836882904, 0.000219844412641, 0.000136787071824], "mean": [-0.649816155434, -0.647344410419, -0.709781646729, -0.749832034111, -0.802265405655, -0.798966526985], "dvar2": [0.00333408406004, 0.00240518827923, 0.00169326993637, 0.00121511763427, 0.000550421944354, 0.000353345094481], "min": [-0.993591427803, -0.985445380211, -0.973980784416, -0.967555344105, -0.93733638525, -0.928452253342], "var": [0.0128666684031, 0.009685523808, 0.00605469383299, 0.00460385484621, 0.00257576233707, 0.00174765510019], "median": [-0.641947746277, -0.654863655567, -0.714298725128, -0.753532171249, -0.802441716194, -0.795255541801]}, "spectral_contrast_valleys": {"dmean": [0.364545226097, 0.296225517988, 0.269043147564, 0.224568232894, 0.172877043486, 0.168430492282], "dmean2": [0.613850176334, 0.489442497492, 0.444170117378, 0.369112700224, 0.276126354933, 0.254775196314], "max": [-4.98749065399, -4.65499162674, -5.90210437775, -6.70356893539, -6.23544883728, -7.90901899338], "dvar": [0.0926378369331, 0.0642319843173, 0.0544928200543, 0.0447017401457, 0.0360057018697, 0.0615901276469], "mean": [-8.68957424164, -7.80228424072, -8.88242912292, -9.63473415375, -9.88628959656, -12.53403759], "dvar2": [0.248340770602, 0.170230776072, 0.140734776855, 0.110899984837, 0.0782815217972, 0.133415147662], "min": [-19.2205219269, -19.5053253174, -19.6601867676, -19.8117084503, -20.1487426758, -20.5609111786], "var": [2.48252606392, 3.04615497589, 1.99781775475, 1.59068071842, 1.21628892422, 1.09067463875], "median": [-8.75502204895, -7.36508083344, -8.59894943237, -9.44221305847, -9.68835258484, -12.4914684296]}, "silence_rate_20dB": {"dmean": 0, "dmean2": 0, "max": 1, "dvar": 0, "mean": 1, "dvar2": 0, "min": 1, "var": 0, "median": 1}, "silence_rate_30dB": {"dmean": 0.00778361549601, "dmean2": 0.0155702605844, "max": 1, "dvar": 0.00772338872775, "mean": 0.983657598495, "dvar2": 0.0180533453822, "min": 0, "var": 0.0160753056407, "median": 1}, "spectral_strongpeak": {"dmean": 0.292905122042, "dmean2": 0.479423671961, "max": 11.8918418884, "dvar": 0.260680556297, "mean": 0.841316282749, "dvar2": 0.621725142002, "min": 0, "var": 1.10523450375, "median": 0.498607695103}, "spectral_spread": {"dmean": 317150.1875, "dmean2": 497901.5, "max": 24094276, "dvar": 157524295680, "mean": 3008530.25, "dvar2": 299054858240, "min": 872911, "var": 3448602361860.0, "median": 2505564.5}, "barkbands_flatness_db": {"dmean": 0.0207994356751, "dmean2": 0.032661113888, "max": 0.468586981297, "dvar": 0.000460899114842, "mean": 0.2273067981, "dvar2": 0.00126263755374, "min": 0.054393325001, "var": 0.00303388666362, "median": 0.224756330252}, "pitch_salience": {"dmean": 0.0668784379959, "dmean2": 0.108777754009, "max": 0.865889310837, "dvar": 0.00382376485504, "mean": 0.501466751099, "dvar2": 0.0103267123923, "min": 0.0500369742513, "var": 0.014243462123, "median": 0.510619103909}, "erbbands_kurtosis": {"dmean": 1.99266219139, "dmean2": 2.89805269241, "max": 108.353507996, "dvar": 8.98427677155, "mean": 4.36230230331, "dvar2": 16.7887802124, "min": -1.79388165474, "var": 69.0163269043, "median": 1.9691901207}, "average_loudness": 0.0238781254739, "barkbands_crest": {"dmean": 2.56130886078, "dmean2": 4.19105815887, "max": 26.5585441589, "dvar": 6.28915166855, "mean": 12.265537262, "dvar2": 17.2515125275, "min": 3.77248692513, "var": 19.3134918213, "median": 11.5191383362}, "hfc": {"dmean": 1.62524437904, "dmean2": 2.29750061035, "max": 155.716583252, "dvar": 21.7314224243, "mean": 6.76508998871, "dvar2": 45.2883224487, "min": 2.50222553788e-09, "var": 129.094207764, "median": 2.35289907455}, "barkbands_kurtosis": {"dmean": 4.42521858215, "dmean2": 7.3188085556, "max": 382.822235107, "dvar": 140.413375854, "mean": 6.71882581711, "dvar2": 431.929595947, "min": -1.87993514538, "var": 175.403106689, "median": 3.74406790733}, "erbbands": {"dmean": [0.03371841833, 0.289065271616, 0.717279672623, 1.17315387726, 2.19813680649, 3.00723671913, 6.68242263794, 11.0114402771, 15.3388156891, 13.8035593033, 4.74544000626, 7.06837892532, 9.65855884552, 7.10578250885, 3.40245628357, 2.16284561157, 8.08332157135, 3.7601776123, 2.39302229881, 1.34176063538, 0.789753377438, 0.639269828796, 0.506977558136, 0.529449403286, 0.295856177807, 0.246241852641, 0.120452910662, 0.267397135496, 0.160668969154, 0.188865512609, 0.176819056273, 0.0517938770354, 0.0466983690858, 0.0342531651258, 0.0455326624215, 0.00715525401756, 0.00323458225466, 0.000809194345493, 0.000160411960678, 1.48726212501e-05], "dmean2": [0.0608863867819, 0.491261959076, 1.16477870941, 1.93435931206, 3.51317477226, 4.82260560989, 9.41860103607, 15.4652938843, 22.9120311737, 19.413110733, 6.94853067398, 9.74973106384, 13.1493434906, 9.57569408417, 4.79731035233, 3.22154045105, 12.3556089401, 5.69569063187, 3.46943378448, 2.20704746246, 1.19913363457, 0.981171786785, 0.79771488905, 0.889949142933, 0.488339185715, 0.417431861162, 0.199620932341, 0.433788955212, 0.254202514887, 0.29794088006, 0.283427208662, 0.0850870758295, 0.0735205188394, 0.0532416254282, 0.0707723945379, 0.0111144706607, 0.00539008853957, 0.0014062486589, 0.000258356682025, 2.33531209233e-05], "max": [2.89788937569, 26.4626274109, 54.4475021362, 114.013259888, 280.074768066, 320.801940918, 599.599121094, 1359.07678223, 2325.01928711, 2953.44580078, 516.024841309, 614.975585938, 2186.81591797, 1768.87072754, 322.18460083, 127.4504776, 658.108398438, 2390.93969727, 880.801696777, 88.1489105225, 128.303344727, 230.949462891, 131.134216309, 103.159721375, 57.3799552917, 68.0599136353, 84.6885986328, 174.933013916, 46.0886688232, 63.5802612305, 68.5086898804, 26.6446552277, 13.3417320251, 17.4936065674, 13.8323631287, 6.71788930893, 5.46353006363, 0.998423278332, 0.12803517282, 0.0108042610809], "dvar": [0.020971307531, 1.5173624754, 8.38283443451, 22.820016861, 68.5318832397, 87.8837432861, 343.463439941, 1174.85021973, 4981.27490234, 3435.10180664, 263.499053955, 352.54864502, 1712.51428223, 1414.05163574, 79.5958251953, 33.6599006653, 967.737915039, 1595.74609375, 350.286071777, 10.7328701019, 8.63778400421, 12.7981424332, 5.9321475029, 11.2652492523, 2.40783905983, 1.9011298418, 2.09080195427, 9.21830940247, 1.0374288559, 1.70520925522, 1.92798960209, 0.311232239008, 0.143544942141, 0.177812173963, 0.134936377406, 0.0128543777391, 0.00910183042288, 0.000369969813619, 5.04443141836e-06, 3.34245626732e-08], "mean": [0.0422558560967, 0.404985040426, 1.32700908184, 2.35239338875, 4.39454317093, 7.28413772583, 19.1248092651, 34.191280365, 38.2936782837, 34.1363182068, 13.0860967636, 19.3976821899, 31.3258094788, 19.6165676117, 7.61761760712, 4.8063583374, 14.2392663956, 6.82494831085, 4.23923587799, 2.23550629616, 1.71802520752, 1.24709904194, 0.946202814579, 0.808972418308, 0.493950247765, 0.375154495239, 0.193533450365, 0.466114193201, 0.269920796156, 0.366017192602, 0.342544227839, 0.0671929717064, 0.0545459501445, 0.0470845140517, 0.0840385183692, 0.00979565642774, 0.00306453881785, 0.000969153596088, 0.00022517357138, 3.19769933412e-05], "dvar2": [0.065616928041, 4.53691244125, 21.964006424, 66.325088501, 202.7681427, 224.023208618, 705.972351074, 2575.08691406, 11136.3916016, 6559.33349609, 651.773864746, 709.641784668, 2581.55834961, 2258.43164062, 145.70954895, 71.0440979004, 2319.27416992, 3532.41503906, 678.82232666, 26.1865234375, 16.4739627838, 19.7751312256, 10.6541833878, 31.8358287811, 6.6027970314, 5.10879898071, 5.60507297516, 25.5749282837, 2.64656233788, 4.14337968826, 4.97605514526, 0.853735148907, 0.3845089674, 0.477405458689, 0.349473536015, 0.0335632450879, 0.0241746418178, 0.00100971956272, 1.32421209855e-05, 8.69607177378e-08], "min": [2.1248599668e-12, 1.09775799562e-11, 3.23837796856e-11, 6.3246262394e-11, 9.16925424477e-11, 9.99888088993e-11, 8.21464632428e-11, 6.26023469175e-11, 8.78208616939e-11, 1.68883670937e-10, 2.25859081437e-10, 1.7067079694e-10, 1.03311456612e-10, 2.00798253025e-10, 2.83984613603e-10, 1.50588305714e-10, 8.31062718643e-11, 5.93806392946e-11, 4.6879642529e-11, 3.56495180598e-11, 7.58162421732e-11, 8.35314525882e-11, 3.73401656817e-11, 6.80800277264e-11, 1.20025517303e-10, 2.18625256787e-10, 3.04197500522e-10, 2.30359162301e-10, 4.56075094357e-10, 3.80064313354e-10, 2.84321788335e-10, 1.87314649902e-10, 1.3570049251e-10, 1.49537882077e-10, 1.24771956656e-10, 9.7890535955e-11, 1.36748792845e-10, 2.9959076886e-11, 7.90332209399e-12, 9.5828651004e-13], "var": [0.0204999931157, 1.7759809494, 17.6554298401, 35.8928871155, 111.476531982, 310.384796143, 2205.95776367, 6347.16748047, 15982.4033203, 11710.3398438, 956.803405762, 2417.46020508, 18553.6875, 6874.61083984, 328.936004639, 119.709785461, 2063.82299805, 2016.45617676, 739.013549805, 21.2482948303, 36.7402839661, 31.6075897217, 13.6660175323, 13.1785030365, 2.20322155952, 1.62595188618, 1.64939522743, 12.1308031082, 2.19935703278, 4.42831802368, 5.00125598907, 0.249666020274, 0.117034576833, 0.155157014728, 0.344067245722, 0.0114541491494, 0.00638519320637, 0.000247363059316, 4.74034959552e-06, 3.08321794762e-08], "median": [0.00255621457472, 0.00851410441101, 0.051963891834, 0.138304710388, 0.835093855858, 1.70553910732, 3.41089296341, 5.15794181824, 5.24519824982, 7.11582946777, 2.90418291092, 3.60407018661, 1.70132100582, 2.3050942421, 1.93981122971, 1.30975222588, 1.96712875366, 0.856766819954, 0.667168200016, 0.770657062531, 0.397917509079, 0.248932421207, 0.273894131184, 0.213096171618, 0.157218486071, 0.143392950296, 0.057324744761, 0.0410287454724, 0.0318482406437, 0.0197843387723, 0.0138749843463, 0.00749154575169, 0.00541644543409, 0.00224724109285, 0.000883683213033, 0.000324025400914, 0.000123626698041, 0.000186273944564, 1.50052437675e-05, 7.32442185836e-06]}, "spectral_energy": {"dmean": 0.0044723409228, "dmean2": 0.00679964898154, "max": 0.344406247139, "dvar": 0.00012925187184, "mean": 0.0163639709353, "dvar2": 0.000315604644129, "min": 4.14448694547e-13, "var": 0.0007272157236, "median": 0.00518363667652}, "zerocrossingrate": {"dmean": 0.00427737785503, "dmean2": 0.00548579916358, "max": 0.49462890625, "dvar": 9.23517436604e-05, "mean": 0.0302024744451, "dvar2": 0.000126881714095, "min": 0, "var":