{"tonal": {"chords_key": "A#", "hpcp_entropy": {"dmean": 0.580210804939, "dmean2": 0.992412388325, "max": 4.22778558731, "dvar": 0.264169871807, "mean": 1.79257071018, "dvar2": 0.690134048462, "min": 0, "var": 0.507732331753, "median": 1.79267859459}, "key_key": "A#", "chords_strength": {"dmean": 0.00905383750796, "dmean2": 0.00980341248214, "max": 0.731200635433, "dvar": 0.000674041104503, "mean": 0.508058786392, "dvar2": 0.00125901598949, "min": -1, "var": 0.0279403030872, "median": 0.517808616161}, "key_scale": "major", "chords_number_rate": 0.0019795447588, "thpcp": [1, 0.569181740284, 0.100518591702, 0.0765329822898, 0.0631249547005, 0.052084159106, 0.0661771520972, 0.0849337354302, 0.116107285023, 0.135369122028, 0.105099461973, 0.0807098671794, 0.0816344693303, 0.0829638689756, 0.122743725777, 0.188709527254, 0.200690492988, 0.180607229471, 0.147361427546, 0.108119562268, 0.134085386992, 0.180509448051, 0.14046753943, 0.10550300777, 0.156939774752, 0.185710504651, 0.256501197815, 0.346407443285, 0.27409735322, 0.174946889281, 0.14733286202, 0.127499714494, 0.170462116599, 0.207030415535, 0.174089670181, 0.570615470409], "key_strength": 0.590623319149, "tuning_nontempered_energy_ratio": 0.703803777695, "tuning_frequency": 434.193115234, "chords_changes_rate": 0.0567469485104, "tuning_diatonic_strength": 0.473212480545, "chords_scale": "major", "chords_histogram": [47.4430885315, 4.88287687302, 8.31408786774, 0, 0.0329924114048, 0.263939291239, 0.725833058357, 0, 0, 0, 0.923787534237, 0.263939291239, 0.461893767118, 0, 0, 0, 0, 14.2857141495, 9.99670028687, 11.8442754745, 0, 0.560871005058, 0, 0], "tuning_equal_tempered_deviation": 0.0835060179234, "hpcp": {"dmean": [0.0551662519574, 0.0581087358296, 0.0757948756218, 0.0933630615473, 0.0989338159561, 0.103912234306, 0.0947821214795, 0.0795036256313, 0.0786300599575, 0.0861544981599, 0.0743625536561, 0.0690077394247, 0.0806109905243, 0.0962043479085, 0.113172598183, 0.142352804542, 0.132637381554, 0.110915698111, 0.0987792462111, 0.0897576957941, 0.0944496914744, 0.103381164372, 0.10282651335, 0.142834097147, 0.188240140676, 0.129824399948, 0.0590244270861, 0.0499363057315, 0.039698600769, 0.0335100293159, 0.0416665449739, 0.054900187999, 0.0659962669015, 0.0781738981605, 0.0662751495838, 0.0517128072679], "dmean2": [0.096887588501, 0.103831328452, 0.13360902667, 0.160988003016, 0.173586636782, 0.182905361056, 0.166901811957, 0.144982382655, 0.137442812324, 0.149070009589, 0.130660071969, 0.122064560652, 0.141045793891, 0.166567191482, 0.191561773419, 0.240163102746, 0.223253056407, 0.197702899575, 0.177982807159, 0.162968248129, 0.164744079113, 0.178791940212, 0.179277747869, 0.250125348568, 0.331690847874, 0.226208359003, 0.103441052139, 0.0870873853564, 0.0692062750459, 0.0590813681483, 0.0739713907242, 0.0978638976812, 0.11478625983, 0.137216776609, 0.117516011, 0.0915384590626], "max": [1, 1, 1, 1, 1, 1, 1, 1, 1, 1, 1, 1, 1, 1, 1, 1, 1, 1, 1, 1, 1, 1, 1, 1, 1, 1, 1, 1, 1, 1, 1, 1, 1, 1, 1, 1], "dvar": [0.020157545805, 0.0216667447239, 0.025856198743, 0.0307432096452, 0.0302012637258, 0.0372801870108, 0.0385864824057, 0.0359724350274, 0.0270700138062, 0.0307347346097, 0.024661609903, 0.0220386851579, 0.0283608268946, 0.0324011147022, 0.0332372821867, 0.0506848283112, 0.0426489859819, 0.0400584228337, 0.0363704152405, 0.0332277528942, 0.0340124592185, 0.0414672605693, 0.0376335717738, 0.0398839600384, 0.0856771469116, 0.0345147773623, 0.0172348935157, 0.0158675126731, 0.0109624247998, 0.00852149352431, 0.0126596493647, 0.0191490147263, 0.0207824073732, 0.0295271649957, 0.023270746693, 0.0173822101206], "mean": [0.0477117449045, 0.0484887175262, 0.0717382878065, 0.110292382538, 0.117294728756, 0.105556949973, 0.0861262455583, 0.0631911084056, 0.0783669874072, 0.10549980402, 0.0820970758796, 0.061661850661, 0.0917243734002, 0.108539588749, 0.149913623929, 0.202459856868, 0.160197794437, 0.102248735726, 0.0861095488071, 0.0745179578662, 0.0996275767684, 0.121000140905, 0.101747728884, 0.333499550819, 0.58445584774, 0.332661598921, 0.0587486773729, 0.0447301492095, 0.0368937477469, 0.0304408911616, 0.0386776253581, 0.0496400184929, 0.067859582603, 0.0791172757745, 0.0614259950817, 0.0471713542938], "dvar2": [0.0532219447196, 0.0589801296592, 0.0705551877618, 0.0823638290167, 0.0793321058154, 0.0999196395278, 0.103661209345, 0.0980328917503, 0.0722090825438, 0.0735796168447, 0.0629262849689, 0.0600344277918, 0.0735375359654, 0.0836429074407, 0.0857768431306, 0.119180314243, 0.108013570309, 0.108859881759, 0.0993599668145, 0.0929360315204, 0.0867817476392, 0.100566975772, 0.0987568348646, 0.0928471460938, 0.181539729238, 0.0794692635536, 0.0458177365363, 0.0431032776833, 0.0297181736678, 0.0231837444007, 0.0350496247411, 0.0521431043744, 0.0543742403388, 0.0783612802625, 0.0641819238663, 0.0460942462087], "min": [0, 0, 0, 0, 0, 0, 0, 0, 0, 0, 0, 0, 0, 0, 0, 0, 0, 0, 0, 0, 0, 0, 0, 0, 0, 0, 0, 0, 0, 0, 0, 0, 0, 0, 0, 0], "var": [0.0173743218184, 0.0165455322713, 0.0224251616746, 0.0411957204342, 0.044446863234, 0.0413131974638, 0.0361087992787, 0.0282817799598, 0.0273852664977, 0.0478845313191, 0.0314170718193, 0.0203129388392, 0.0446139872074, 0.0487593263388, 0.0545697025955, 0.0988525748253, 0.0611027814448, 0.042470164597, 0.0355062186718, 0.02879566513, 0.04629381001, 0.0667350813746, 0.0438374169171, 0.0628878623247, 0.179893419147, 0.0654377639294, 0.016534846276, 0.0150522049516, 0.0104602286592, 0.00706413015723, 0.0109629360959, 0.0164419263601, 0.0244716256857, 0.0321390591562, 0.0210055094212, 0.0159460902214], "median": [0.00822776462883, 0.00977396219969, 0.0171824544668, 0.0282116904855, 0.0370394177735, 0.0198743529618, 0.0094039849937, 0.00723099568859, 0.0133884837851, 0.0175621565431, 0.0157005097717, 0.00919801555574, 0.00881494395435, 0.0139828920364, 0.0314781963825, 0.0363932326436, 0.036030266434, 0.0171389635652, 0.0108692422509, 0.00825480092317, 0.00662551168352, 0.00576405785978, 0.00860958453268, 0.412420600653, 0.718163967133, 0.408133178949, 0.0114096393809, 0.00535236904398, 0.00517906527966, 0.00633806595579, 0.00710183009505, 0.00775846559554, 0.0123548805714, 0.0136039555073, 0.00951713789254, 0.00899919774383]}}, "lowlevel": {"melbands_flatness_db": {"dmean": 0.0392552241683, "dmean2": 0.0549355894327, "max": 0.813654482365, "dvar": 0.00165965268388, "mean": 0.288092851639, "dvar2": 0.00292740017176, "min": 0.00350124528632, "var": 0.0159180629998, "median": 0.277124762535}, "melbands_crest": {"dmean": 3.63172864914, "dmean2": 5.64810657501, "max": 38.7043266296, "dvar": 12.6295566559, "mean": 20.8318157196, "dvar2": 29.4106712341, "min": 1.60971391201, "var": 87.547996521, "median": 19.3413887024}, "spectral_entropy": {"dmean": 0.250792771578, "dmean2": 0.345885396004, "max": 9.82294750214, "dvar": 0.0830993428826, "mean": 7.22261238098, "dvar2": 0.147864893079, "min": 4.44935369492, "var": 0.6097266078, "median": 7.28518152237}, "melbands": {"dmean": [0.00897055957466, 0.00325831002556, 0.00121222052258, 0.000372757087462, 0.000575475802179, 0.000393784255721, 0.000157918897457, 0.000229929966736, 0.000274156220257, 0.000191048908164, 5.91998723394e-05, 3.87664185837e-05, 4.3067651859e-05, 3.35018157784e-05, 2.89373274427e-05, 3.61629063264e-05, 2.50537705142e-05, 1.6487787434e-05, 1.39728344948e-05, 5.92839569435e-06, 2.78620245808e-06, 2.79328310171e-06, 2.83959002445e-06, 3.33673551722e-06, 2.31422222896e-06, 2.09327345146e-06, 1.72275122168e-06, 1.19425499179e-06, 1.42020019211e-06, 2.9835659916e-06, 2.95138670481e-06, 2.16594708036e-06, 4.46127296527e-06, 4.24860081694e-06, 3.54476378561e-06, 3.75804620489e-06, 1.56026601417e-06, 2.16384069063e-06, 2.13419252759e-06, 1.12797692964e-06], "dmean2": [0.0143423937261, 0.00504604401067, 0.00191117078066, 0.000616101489868, 0.000912324700039, 0.000633877294604, 0.00024999253219, 0.000364000065019, 0.000454898865428, 0.000309869821649, 9.46582658798e-05, 6.19092315901e-05, 6.89877779223e-05, 5.24272727489e-05, 4.5497334213e-05, 5.84708832321e-05, 3.88584921893e-05, 2.66589795501e-05, 2.22237194976e-05, 9.84579128271e-06, 4.62004118162e-06, 4.61751733383e-06, 4.53457869298e-06, 5.30573970536e-06, 3.73462899006e-06, 3.33637535732e-06, 2.65497783403e-06, 1.79115113497e-06, 2.17781143874e-06, 4.60765340904e-06, 4.61286617792e-06, 3.52899155587e-06, 6.93713445798e-06, 6.94502477927e-06, 5.69752955926e-06, 5.79785273658e-06, 2.45996830017e-06, 3.39284224538e-06, 3.22585469803e-06, 1.71373619651e-06], "max": [0.211288735271, 0.137640610337, 0.0351148657501, 0.0135402474552, 0.0137025937438, 0.0100523093715, 0.00683942949399, 0.00825977139175, 0.0137460725382, 0.00652763107792, 0.00333230616525, 0.00177846453153, 0.00205759727396, 0.00102566601709, 0.00165101117454, 0.00237351260148, 0.00308876298368, 0.00157851632684, 0.00214271713048, 0.000429269304732, 8.46650946187e-05, 0.000118079908134, 0.000248334545176, 0.000234988983721, 9.86618251773e-05, 0.000100892757473, 7.30040919734e-05, 0.000119841839478, 9.42093683989e-05, 0.0001718463609, 0.000151396307047, 6.94206319167e-05, 0.000166463825735, 0.000152273307322, 0.000178042522748, 0.000156738286023, 5.36378174729e-05, 8.71156225912e-05, 0.000116731011076, 5.35846156708e-05], "dvar": [0.000356805307092, 9.51015099417e-05, 1.13787691589e-05, 5.43238400041e-07, 9.79134938461e-07, 4.63261187633e-07, 8.43878922296e-08, 1.97777339395e-07, 4.79188940972e-07, 1.57888962349e-07, 1.82446218133e-08, 5.67460389789e-09, 8.80490080846e-09, 4.42385950095e-09, 4.53548887336e-09, 1.30025314959e-08, 1.08839035562e-08, 2.46609888066e-09, 3.17972159714e-09, 2.84550549789e-10, 2.9316694905e-11, 3.59211167755e-11, 4.84427810366e-11, 5.0589765016e-11, 2.17912372175e-11, 1.98228048559e-11, 1.60329197835e-11, 8.6462148205e-12, 1.21209370665e-11, 6.47220471661e-11, 5.79852138527e-11, 3.45522950529e-11, 1.9142858132e-10, 1.83703663392e-10, 1.55049806327e-10, 1.66631125564e-10, 2.01220776153e-11, 4.88020110434e-11, 6.77586250997e-11, 1.34560028051e-11], "mean": [0.0158930830657, 0.00449148798361, 0.00151658861432, 0.000593328732066, 0.00105848838575, 0.000701376528013, 0.00029281413299, 0.00040261738468, 0.000428461673437, 0.000278324063402, 9.43468257901e-05, 6.67582717142e-05, 6.8995723268e-05, 5.14981475135e-05, 4.10192005802e-05, 5.58011270186e-05, 3.46298911609e-05, 2.45469454967e-05, 1.98135821847e-05, 8.41285873321e-06, 4.202069249e-06, 4.3701420509e-06, 4.55357530882e-06, 5.54406005904e-06, 4.03132025895e-06, 3.70064140043e-06, 3.12395309265e-06, 2.05992796509e-06, 2.26182282859e-06, 3.74010528503e-06, 3.51442145075e-06, 2.20333208745e-06, 4.57112309959e-06, 3.64084667126e-06, 3.20439767165e-06, 3.71693090528e-06, 1.69813529283e-06, 2.11829524233e-06, 1.97273197955e-06, 1.10093435524e-06], "dvar2": [0.000980212120339, 0.000200273003429, 2.60114011326e-05, 1.49213337863e-06, 2.61230843535e-06, 1.24443806726e-06, 2.04024786399e-07, 4.97114797327e-07, 1.3265034795e-06, 4.26888988159e-07, 4.65888589929e-08, 1.45512437655e-08, 2.30758949726e-08, 1.1113320042e-08, 1.13390994372e-08, 3.43315100793e-08, 2.42366944292e-08, 6.53734355538e-09, 8.39796943097e-09, 8.08462796709e-10, 8.00662522393e-11, 9.46606543151e-11, 1.20901358369e-10, 1.06191895555e-10, 5.85753251459e-11, 4.87022228102e-11, 3.84222341443e-11, 1.58205670786e-11, 2.62721736727e-11, 1.47603013145e-10, 1.37406114264e-10, 9.00572880158e-11, 4.33113184206e-10, 4.8141646225e-10, 4.00041749726e-10, 3.71127462095e-10, 4.79967246503e-11, 1.17225479324e-10, 1.58334831357e-10, 3.03402927782e-11], "min": [8.92684072249e-25, 1.11112774273e-24, 1.16145144785e-24, 8.4116307349e-25, 1.36983743761e-24, 1.6049754756e-24, 1.62452177251e-24, 2.26957017926e-24, 1.48772826255e-24, 2.19111480679e-24, 2.27623920935e-24, 2.66300706156e-24, 3.01608207286e-24, 3.67081157786e-24, 3.4646857732e-24, 3.55405661401e-24, 2.62413278501e-24, 2.76301135295e-24, 4.37474016815e-24, 3.22308647135e-24, 3.62963579962e-24, 3.82031452447e-24, 4.49331976727e-24, 2.97306903757e-24, 3.58632930808e-24, 4.75501096194e-24, 4.73030068295e-24, 4.76301790013e-24, 4.87269717609e-24, 5.78779278666e-24, 5.65303720024e-24, 4.938545368e-24, 3.81246811947e-24, 6.48054440121e-24, 5.53697406741e-24, 6.16573446862e-24, 5.93130472912e-24, 6.41083276302e-24, 6.11982000293e-24, 5.82917682417e-24], "var": [0.000773857464083, 0.000146441248944, 1.31370934469e-05, 7.70360429669e-07, 1.91815524886e-06, 9.2025942422e-07, 1.94719092406e-07, 4.01368595249e-07, 1.05830667962e-06, 2.524037086e-07, 3.12929486768e-08, 1.04290691638e-08, 1.37276057188e-08, 6.99145630279e-09, 6.07668360075e-09, 2.14884128269e-08, 1.5956279853e-08, 3.42189521163e-09, 4.47456560693e-09, 3.90480592305e-10, 3.9365417176e-11, 6.04503946899e-11, 7.23933551994e-11, 1.07193844079e-10, 3.9304590832e-11, 4.54070496481e-11, 3.86766903226e-11, 2.21659461619e-11, 2.88779434393e-11, 9.42047689856e-11, 7.10162831319e-11, 3.16409155821e-11, 2.13424306006e-10, 1.46226322717e-10, 1.30334451565e-10, 1.77641318322e-10, 2.18003531893e-11, 4.9277148334e-11, 6.53014725627e-11, 1.40058936671e-11], "median": [0.000764112279285, 0.000451071653515, 0.000381985446438, 0.000283482513623, 0.000579724030104, 0.000379663193598, 0.000126091836137, 0.000208915153053, 0.000118541240226, 9.78238531388e-05, 3.78895711037e-05, 3.71660571545e-05, 2.78650604741e-05, 2.11434089579e-05, 1.50720061356e-05, 1.48517374328e-05, 8.26337418403e-06, 7.89980003901e-06, 5.59991349292e-06, 3.32478930432e-06, 1.92258949028e-06, 1.8087364424e-06, 1.97337431018e-06, 2.45324213211e-06, 1.91566891772e-06, 1.52202301251e-06, 1.21693369692e-06, 8.06893808658e-07, 6.71227326166e-07, 8.20801460577e-07, 8.05492845757e-07, 4.4361735263e-07, 4.08654216244e-07, 3.47918131638e-07, 3.04250306726e-07, 2.97009421502e-07, 2.55642419233e-07, 2.01318016479e-07, 1.33388397217e-07, 9.80313501486e-08]}, "silence_rate_60dB": {"dmean": 0.0168344620615, "dmean2": 0.0336744785309, "max": 1, "dvar": 0.0165502596647, "mean": 0.0750825107098, "dvar2": 0.0374898649752, "min": 0, "var": 0.069442987442, "median": 0}, "spectral_energyband_middle_high": {"dmean": 0.0011776399333, "dmean2": 0.0018109139055, "max": 0.0271894149482, "dvar": 3.42498469763e-06, "mean": 0.00287039764225, "dvar2": 8.46543298394e-06, "min": 1.17838552653e-21, "var": 9.28932513489e-06, "median": 0.00201519438997}, "erbbands_skewness": {"dmean": 0.45152053237, "dmean2": 0.704562902451, "max": 11.353597641, "dvar": 0.238151490688, "mean": 0.914838731289, "dvar2": 0.57506531477, "min": -2.50570750237, "var": 1.02392947674, "median": 0.847182869911}, "dynamic_complexity": 3.52204871178, "dissonance": {"dmean": 0.0285821799189, "dmean2": 0.0480370260775, "max": 0.500000059605, "dvar": 0.000717968272511, "mean": 0.447819530964, "dvar2": 0.00190269632731, "min": 0.160250410438, "var": 0.00158977287356, "median": 0.457719445229}, "spectral_skewness": {"dmean": 0.392146706581, "dmean2": 0.559224665165, "max": 12.2772274017, "dvar": 0.331609368324, "mean": 2.1810708046, "dvar2": 0.623387217522, "min": -0.0881860926747, "var": 1.86871004105, "median": 1.84725117683}, "spectral_kurtosis": {"dmean": 3.89276647568, "dmean2": 5.85430288315, "max": 210.219528198, "dvar": 78.2892608643, "mean": 9.69508743286, "dvar2": 163.415222168, "min": -1.29873967171, "var": 290.163024902, "median": 4.92116308212}, "gfcc": {"cov": [[33228.5976562, 1218.74682617, -2678.6574707, 439.271759033, -1571.20568848, 404.710723877, -668.547851562, 284.023803711, -258.552124023, 217.568862915, -176.843933105, 65.1964569092, -461.591186523], [1218.74682617, 3293.23779297, 615.222717285, -93.2849502563, 435.729278564, -112.074874878, 207.572799683, -219.120239258, 128.141799927, -127.226463318, 196.240402222, -136.881607056, 218.82649231], [-2678.6574707, 615.222717285, 1405.88793945, 236.413848877, 435.355926514, 232.952255249, 259.375671387, -10.711268425, 176.310882568, -22.842546463, 94.3266906738, 44.3101272583, 105.945495605], [439.271759033, -93.2849502563, 236.413848877, 519.960327148, 208.463943481, 220.612945557, 125.345146179, 93.7672653198, 88.2223358154, 28.5029029846, 27.2621994019, 30.6760044098, 11.1401605606], [-1571.20568848, 435.729278564, 435.355926514, 208.463943481, 683.192749023, 166.454421997, 313.651123047, 141.253234863, 160.1640625, 36.8548851013, 127.684806824, -19.6450195312, 61.5338401794], [404.710723877, -112.074874878, 232.952255249, 220.612945557, 166.454421997, 441.59072876, 185.690856934, 105.964317322, 141.757293701, 14.6536540985, 50.2751159668, 57.0971488953, 24.2367610931], [-668.547851562, 207.572799683, 259.375671387, 125.345146179, 313.651123047, 185.690856934, 336.52142334, 133.166717529, 149.638427734, 33.8577880859, 100.9818573, 22.7441310883, 55.2664337158], [284.023803711, -219.120239258, -10.711268425, 93.7672653198, 141.253234863, 105.964317322, 133.166717529, 272.143585205, 126.556373596, 95.1777038574, 56.4750595093, 3.50176286697, -20.147321701], [-258.552124023, 128.141799927, 176.310882568, 88.2223358154, 160.1640625, 141.757293701, 149.638427734, 126.556373596, 303.46786499, 74.5317230225, 91.9463806152, 32.1398963928, 30.6607398987], [217.568862915, -127.226463318, -22.842546463, 28.5029029846, 36.8548851013, 14.6536540985, 33.8577880859, 95.1777038574, 74.5317230225, 159.458053589, 61.47133255, 10.4181499481, 0.708684444427], [-176.843933105, 196.240402222, 94.3266906738, 27.2621994019, 127.684806824, 50.2751159668, 100.9818573, 56.4750595093, 91.9463806152, 61.47133255, 173.591461182, 45.1704597473, 54.1596221924], [65.1964569092, -136.881607056, 44.3101272583, 30.6760044098, -19.6450195312, 57.0971488953, 22.7441310883, 3.50176286697, 32.1398963928, 10.4181499481, 45.1704597473, 137.340133667, 44.9234657288], [-461.591186523, 218.82649231, 105.945495605, 11.1401605606, 61.5338401794, 24.2367610931, 55.2664337158, -20.147321701, 30.6607398987, 0.708684444427, 54.1596221924, 44.9234657288, 137.437149048]], "mean": [-45.9853477478, 98.9920272827, -87.9183197021, 11.3407964706, -60.6350593567, 12.7609891891, -28.5882453918, 5.58935976028, -15.6775865555, 6.7752699852, -7.77986812592, 1.12770819664, -7.91455745697], "icov": [[7.19278032193e-05, -0.000156977184815, 0.000144465986523, -0.000139194045914, 0.000193293977645, -0.000207652643439, 9.88501269603e-05, -0.000207252698601, 0.000130745014758, -0.000182309609954, 9.12240502657e-05, -0.00024384057906, 0.000286902941298], [-0.000156977184815, 0.000887973699719, -0.000415958435042, 0.000372171460185, -0.000567607115954, 0.000679831136949, -0.000371499918401, 0.000990474363789, -0.000606350600719, 0.000881896121427, -0.000867323833518, 0.0014426142443, -0.00122076668777], [0.000144465986523, -0.000415958435042, 0.00135426875204, -0.000481922237668, -8.65910042194e-05, -0.000643181614578, -1.99960431928e-05, 0.000137260984047, -4.61884519609e-05, -0.000322742474964, 0.000380646175472, -0.000792761798948, 0.000444037781563], [-0.000139194045914, 0.000372171460185, -0.000481922237668, 0.00299543584697, -0.00103656807914, -0.000667197571602, 9.87109233392e-05, 0.000101013669337, -0.000162882861332, 6.53073002468e-05, 0.000275194499409, 0.000137125694891, -0.000491760496516], [0.000193293977645, -0.000567607115954, -8.65910042194e-05, -0.00103656807914, 0.00379246659577, -0.000296044949209, -0.00180860038381, -0.00120471289847, 0.0004409798712, -0.000273292796919, -0.000676571915392, 0.000541114539374, 0.000601380888838], [-0.000207652643439, 0.000679831136949, -0.000643181614578, -0.000667197571602, -0.000296044949209, 0.00452606193721, -0.00182094844058, 0.00037298843381, -0.00130104785785, 0.00137862050906, -0.000258118030615, 2.49232234637e-05, -0.000731934851501], [9.88501269603e-05, -0.000371499918401, -1.99960431928e-05, 9.87109233392e-05, -0.00180860038381, -0.00182094844058, 0.00753509392962, -0.00230215862393, -0.000466330064228, 0.000481908733491, -0.000822409638204, -0.000551641918719, -0.000699776690453], [-0.000207252698601, 0.000990474363789, 0.000137260984047, 0.000101013669337, -0.00120471289847, 0.00037298843381, -0.00230215862393, 0.00799671281129, -0.00196807761677, -0.00186474900693, -0.000741696858313, 0.00158094346989, 0.000408712570788], [0.000130745014758, -0.000606350600719, -4.61884519609e-05, -0.000162882861332, 0.0004409798712, -0.00130104785785, -0.000466330064228, -0.00196807761677, 0.00581511715427, -0.00179195404053, -0.000523102993611, -0.00115949171595, 0.00068145187106], [-0.000182309609954, 0.000881896121427, -0.000322742474964, 6.53073002468e-05, -0.000273292796919, 0.00137862050906, 0.000481908733491, -0.00186474900693, -0.00179195404053, 0.0102561218664, -0.00364744081162, 0.00161254056729, -0.00110371469054], [9.12240502657e-05, -0.000867323833518, 0.000380646175472, 0.000275194499409, -0.000676571915392, -0.000258118030615, -0.000822409638204, -0.000741696858313, -0.000523102993611, -0.00364744081162, 0.0107061108574, -0.00374881667085, -0.000916060933378], [-0.00024384057906, 0.0014426142443, -0.000792761798948, 0.000137125694891, 0.000541114539374, 2.49232234637e-05, -0.000551641918719, 0.00158094346989, -0.00115949171595, 0.00161254056729, -0.00374881667085, 0.0120370611548, -0.00451581459492], [0.000286902941298, -0.00122076668777, 0.000444037781563, -0.000491760496516, 0.000601380888838, -0.000731934851501, -0.000699776690453, 0.000408712570788, 0.00068145187106, -0.00110371469054, -0.000916060933378, -0.00451581459492, 0.0117727518082]]}, "spectral_complexity": {"dmean": 2.731143713, "dmean2": 4.13799953461, "max": 41, "dvar": 9.62501335144, "mean": 13.5235977173, "dvar2": 19.9186649323, "min": 0, "var": 44.8584671021, "median": 13}, "spectral_flux": {"dmean": 0.0366791971028, "dmean2": 0.0543206557631, "max": 0.646201074123, "dvar": 0.00218272698112, "mean": 0.115226842463, "dvar2": 0.00422251457348, "min": 6.40174649402e-11, "var": 0.0093929907307, "median": 0.0874881446362}, "spectral_energyband_low": {"dmean": 0.0304771251976, "dmean2": 0.0473293997347, "max": 0.697312176228, "dvar": 0.00372657622211, "mean": 0.0607682168484, "dvar2": 0.00989958550781, "min": 1.57727657735e-23, "var": 0.00999886263162, "median": 0.00651856185868}, "spectral_decrease": {"dmean": 8.8270333265e-09, "dmean2": 1.34784654549e-08, "max": 1.79451820723e-28, "dvar": 2.43554318406e-16, "mean": -2.06671462166e-08, "dvar2": 6.4904307218e-16, "min": -1.86517823408e-07, "var": 7.27308175352e-16, "median": -8.83019701803e-09}, "barkbands_spread": {"dmean": 5.2771987915, "dmean2": 7.94451999664, "max": 120.310874939, "dvar": 65.2713851929, "mean": 13.4469223022, "dvar2": 134.041351318, "min": 0.131714195013, "var": 186.192092896, "median": 8.82091331482}, "spectral_rms": {"dmean": 0.00153962615877, "dmean2": 0.00223690643907, "max": 0.0262916535139, "dvar": 3.79191146749e-06, "mean": 0.00730320718139, "dvar2": 9.24286086956e-06, "min": 3.07788798788e-12, "var": 2.45421433647e-05, "median": 0.00588710326701}, "spectral_centroid": {"dmean": 205.493011475, "dmean2": 308.776641846, "max": 11570.3339844, "dvar": 92143.6875, "mean": 1050.14526367, "dvar2": 196498.671875, "min": 68.3018188477, "var": 1890976.75, "median": 730.402709961}, "barkbands_skewness": {"dmean": 0.888102114201, "dmean2": 1.39338386059, "max": 31.0410861969, "dvar": 1.15891182423, "mean": 2.6596019268, "dvar2": 3.00445532799, "min": -2.18930721283, "var": 4.19153833389, "median": 2.28863739967}, "spectral_rolloff": {"dmean": 412.089996338, "dmean2": 694.619934082, "max": 19961.2792969, "dvar": 1165780.625, "mean": 1146.93554688, "dvar2": 2584998, "min": 21.533203125, "var": 6731964.5, "median": 538.330078125}, "erbbands_spread": {"dmean": 9.89720249176, "dmean2": 14.6118984222, "max": 168.202026367, "dvar": 148.216262817, "mean": 34.5571784973, "dvar2": 284.854003906, "min": 1.63298666477, "var": 586.440734863, "median": 28.6885223389}, "barkbands": {"dmean": [0.00499263498932, 0.0264441743493, 0.00621040398255, 0.00275006797165, 0.00198836880736, 0.00224361591972, 0.000899482343812, 0.00151331257075, 0.0011773823062, 0.000299661769532, 0.00031871945248, 0.000293046701699, 0.000321661849739, 0.00024147129443, 0.000194727414055, 6.51838927297e-05, 4.52917593066e-05, 6.30748545518e-05, 5.34741702722e-05, 3.91857174691e-05, 0.000104067119537, 0.000175666020368, 0.000217215158045, 0.000176890811417, 0.000109254986455, 3.64471052308e-05, 8.23683421913e-06], "dmean2": [0.00716066546738, 0.0429335571826, 0.0101520633325, 0.004713810049, 0.0032060216181, 0.00360289774835, 0.00143393641338, 0.00249540177174, 0.00190615351312, 0.000473355146823, 0.000517550040968, 0.000461746618384, 0.000518493645359, 0.000371674221242, 0.00031381790177, 0.000108589949377, 7.38137532608e-05, 9.9860568298e-05, 8.49189746077e-05, 5.78905455768e-05, 0.000158873881446, 0.00027103695902, 0.00033609001548, 0.000273898011073, 0.000164132652571, 5.9158737713e-05, 1.38025006891e-05], "max": [0.144994407892, 0.68184196949, 0.27968943119, 0.0789904817939, 0.0513324066997, 0.0552673153579, 0.0292047280818, 0.0577747672796, 0.042556360364, 0.0180822443217, 0.0148286726326, 0.0155753102154, 0.0190232191235, 0.0245498213917, 0.0199570506811, 0.0043580182828, 0.00271847844124, 0.00319144153036, 0.00218678545207, 0.00272487476468, 0.0058277072385, 0.00581001816317, 0.00857320427895, 0.00704969093204, 0.00434040045366, 0.00157453888096, 0.000304749555653], "dvar": [0.0001049880957, 0.00338081549853, 0.000402307457989, 6.38603960397e-05, 1.13208643597e-05, 1.4492329683e-05, 2.70826330961e-06, 1.1082639503e-05, 5.82296615903e-06, 4.23983323117e-07, 4.93930031098e-07, 3.61104184776e-07, 9.22358424305e-07, 8.43440318476e-07, 3.75261663521e-07, 3.04842195931e-08, 1.03627693093e-08, 1.46090153308e-08, 1.11457465479e-08, 7.31533011944e-09, 6.76628317819e-08, 2.57300371231e-07, 4.79847756196e-07, 3.37283182716e-07, 1.34119389372e-07, 1.40987630459e-08, 8.13593747928e-10], "mean": [0.0118421660736, 0.0418916046619, 0.00611737323925, 0.00273080077022, 0.00360467541032, 0.00402017869055, 0.00156457524281, 0.00248319329694, 0.00172833842225, 0.000482688046759, 0.00051022117259, 0.000427834456787, 0.000494821812026, 0.000340149417752, 0.000277733313851, 9.3342299806e-05, 7.37577865948e-05, 0.000109054672066, 9.68117601587e-05, 7.43271884858e-05, 0.000141507902299, 0.000182635951205, 0.000203477291507, 0.000177652415005, 0.000109244436317, 3.85863968404e-05, 9.22646813706e-06], "dvar2": [0.000226964839385, 0.00915808044374, 0.0010041994974, 0.000171007661265, 2.97928036161e-05, 3.85935418308e-05, 6.65444531478e-06, 3.10775430989e-05, 1.54718964041e-05, 1.05885931134e-06, 1.29879163069e-06, 9.19122612686e-07, 2.44324724008e-06, 1.82361441148e-06, 9.95793016045e-07, 8.80126833636e-08, 2.67378972296e-08, 3.31495577655e-08, 2.80683671861e-08, 1.47914533954e-08, 1.52642627427e-07, 6.07906088135e-07, 1.14592751288e-06, 7.90474871337e-07, 3.06771966052e-07, 3.67295740489e-08, 2.18617635106e-09], "min": [2.88909582959e-26, 1.33847646954e-24, 8.09391601925e-25, 3.43010921086e-25, 7.799484336e-24, 7.41546842506e-24, 6.81109605316e-24, 7.40815252902e-24, 1.71486638322e-23, 1.32795393281e-23, 2.05498407805e-23, 1.98999282574e-23, 2.82316404801e-23, 3.30188176399e-23, 4.64100817602e-23, 6.74494123101e-23, 7.32212551182e-23, 6.38759228966e-23, 1.21930430966e-22, 1.68784855986e-22, 2.71463445793e-22, 2.13454527574e-22, 4.21536420133e-22, 5.89386280309e-22, 8.77950741158e-22, 1.3357995521e-21, 1.71050954231e-21], "var": [0.000433703622548, 0.00601914105937, 0.000405688304454, 5.19889617863e-05, 2.22727903747e-05, 2.96193920803e-05, 5.72942826693e-06, 2.5674349672e-05, 9.57084012043e-06, 7.39879851608e-07, 7.55671294428e-07, 5.1064461104e-07, 1.54314682277e-06, 1.32533239139e-06, 5.65038646982e-07, 3.98997421769e-08, 1.79969106284e-08, 3.01369489364e-08, 2.49286937759e-08, 2.13172199892e-08, 1.04762236219e-07, 2.7387423529e-07, 4.65836478725e-07, 3.47124824884e-07, 1.3906903007e-07, 1.2622668244e-08, 6.69630129124e-10], "median": [0.000642144994345, 0.0018348536687, 0.000628912355751, 0.000678141892422, 0.00185924756806, 0.00197271048091, 0.000680450350046, 0.00091151765082, 0.000588313443586, 0.000207815464819, 0.000223106413614, 0.000169868464582, 0.000147850529174, 8.13168735476e-05, 8.31039506011e-05, 3.86099964089e-05, 3.15833385685e-05, 5.2865332691e-05, 4.56012785435e-05, 3.11955809593e-05, 3.65578889614e-05, 2.42864207394e-05, 2.01646307687e-05, 1.94835920411e-05, 1.08046942842e-05, 6.37764969724e-06, 1.45254887229e-06]}, "melbands_kurtosis": {"dmean": 19.0578575134, "dmean2": 30.8011665344, "max": 2273.80566406, "dvar": 2882.48950195, "mean": 33.2100257874, "dvar2": 7611.88720703, "min": -1.7502297163, "var": 4441.52294922, "median": 14.8916959763}, "erbbands_crest": {"dmean": 3.01076030731, "dmean2": 4.82933425903, "max": 33.1222381592, "dvar": 8.06297016144, "mean": 10.8743286133, "dvar2": 19.9049682617, "min": 2.40438818932, "var": 27.0734786987, "median": 9.77643680573}, "melbands_skewness": {"dmean": 1.1036285162, "dmean2": 1.71474313736, "max": 26.3169898987, "dvar": 1.69692325592, "mean": 3.70663928986, "dvar2": 4.33274030685, "min": -1.31644940376, "var": 7.54867219925, "median": 3.01024580002}, "spectral_energyband_middle_low": {"dmean": 0.00701532419771, "dmean2": 0.0111458618194, "max": 0.106668777764, "dvar": 0.00011466970318, "mean": 0.0162871349603, "dvar2": 0.000282796594547, "min": 1.25786648128e-22, "var": 0.000227357682888, "median": 0.012358840555}, "spectral_contrast_coeffs": {"dmean": [0.0516140125692, 0.0498407669365, 0.0420878715813, 0.0323998294771, 0.0225709155202, 0.0191232673824], "dmean2": [0.081158362329, 0.0811982676387, 0.067459449172, 0.051526196301, 0.0350738018751, 0.028924966231], "max": [-0.29224395752, -0.323452144861, -0.405582278967, -0.464407682419, -0.578562140465, -0.561773061752], "dvar": [0.00224813865498, 0.00175499427132, 0.00123546726536, 0.000764944939874, 0.000387740059523, 0.000318048492773], "mean": [-0.64541965723, -0.692372560501, -0.751166582108, -0.77900236845, -0.80683273077, -0.78017693758], "dvar2": [0.00503890635446, 0.00449914531782, 0.00306360330433, 0.00183907558676, 0.000859851308633, 0.000671141082421], "min": [-0.985851407051, -0.979246079922, -0.976578712463, -0.97076010704, -0.967524111271, -0.964991807938], "var": [0.0184700228274, 0.0083797024563, 0.00571383116767, 0.00427223555744, 0.00313701969571, 0.00238934950903], "median": [-0.663654208183, -0.690152287483, -0.753728270531, -0.785779476166, -0.813288211823, -0.778022646904]}, "spectral_contrast_valleys": {"dmean": [0.411989748478, 0.418951570988, 0.374018073082, 0.369622170925, 0.356763362885, 0.458587676287], "dmean2": [0.638392329216, 0.637268960476, 0.556662976742, 0.527045190334, 0.475508391857, 0.546122968197], "max": [-4.52424860001, -4.56107473373, -5.48401975632, -5.96757888794, -6.34670782089, -7.31211853027], "dvar": [0.209732756019, 0.203612804413, 0.176356941462, 0.184707209468, 0.203761562705, 0.312519073486], "mean": [-7.80911827087, -7.09868097305, -7.82936191559, -8.52058410645, -8.71518802643, -10.7919826508], "dvar2": [0.369078278542, 0.394601523876, 0.305330842733, 0.312323570251, 0.330655276775, 0.494309693575], "min": [-28.1362304688, -27.8761177063, -27.8865375519, -27.8124427795, -27.5370082855, -27.4293613434], "var": [8.59964084625, 8.31210327148, 7.69323635101, 7.21934223175, 7.20750570297, 6.17537975311], "median": [-7.27440834045, -6.54526376724, -7.28723907471, -7.96142959595, -8.13144874573, -10.4130487442]}, "silence_rate_20dB": {"dmean": 0.0310282222927, "dmean2": 0.0620666891336, "max": 1, "dvar": 0.030064156279, "mean": 0.968976914883, "dvar2": 0.0750459879637, "min": 0, "var": 0.0300597436726, "median": 1}, "silence_rate_30dB": {"dmean": 0.0462122447789, "dmean2": 0.0924397483468, "max": 1, "dvar": 0.0440773293376, "mean": 0.732343256474, "dvar2": 0.0878563895822, "min": 0, "var": 0.196026131511, "median": 1}, "spectral_strongpeak": {"dmean": 0.368186116219, "dmean2": 0.615423798561, "max": 9.47337150574, "dvar": 0.339994221926, "mean": 0.785369873047, "dvar2": 0.895669996738, "min": 0, "var": 0.594914197922, "median": 0.584641098976}, "spectral_spread": {"dmean": 792895.3125, "dmean2": 1056573.75, "max": 47910012, "dvar": 1257806102530.0, "mean": 5378453, "dvar2": 2246893633540.0, "min": 552899.375, "var": 24519039254500.0, "median": 4440849}, "barkbands_flatness_db": {"dmean": 0.0339233987033, "dmean2": 0.0482075959444, "max": 0.669043242931, "dvar": 0.00122242956422, "mean": 0.201702073216, "dvar2": 0.00221682013944, "min": 0.0280222725123, "var": 0.00984372198582, "median": 0.187084317207}, "pitch_salience": {"dmean": 0.080971352756, "dmean2": 0.125807315111, "max": 0.818832874298, "dvar": 0.00562711618841, "mean": 0.454290300608, "dvar2": 0.0131096588448, "min": 0.0474015288055, "var": 0.0317158102989, "median": 0.473279416561}, "erbbands_kurtosis": {"dmean": 1.8866134882, "dmean2": 3.06430578232, "max": 198.917831421, "dvar": 19.8106708527, "mean": 2.37394618988, "dvar2": 53.4390716553, "min": -1.8283842802, "var": 52.1807174683, "median": 0.929875016212}, "average_loudness": 0.89162760973, "barkbands_crest": {"dmean": 3.01585769653, "dmean2": 4.95259380341, "max": 26.4843482971, "dvar": 7.12062883377, "mean": 12.8441638947, "dvar2": 18.8659515381, "min": 2.22952389717, "var": 22.6031723022, "median": 12.6423854828}, "hfc": {"dmean": 9.63184452057, "dmean2": 14.3444194794, "max": 228.352233887, "dvar": 395.516296387, "mean": 20.1041355133, "dvar2": 889.482421875, "min": 1.05164818169e-16, "var": 569.046936035, "median": 13.8363323212}, "barkbands_kurtosis": {"dmean": 10.6253967285, "dmean2": 17.5304756165, "max": 1843.09240723, "dvar": 1440.30505371, "mean": 16.1773757935, "dvar2": 4355.18066406, "min": -1.88096129894, "var": 1490.18444824, "median": 7.27968120575}, "erbbands": {"dmean": [1.27707755566, 4.24797582626, 6.3829202652, 7.92933416367, 5.77882003784, 6.23492765427, 18.7485866547, 17.8717384338, 9.89389705658, 19.5326442719, 34.8903388977, 30.7691688538, 12.3986539841, 9.42767429352, 12.9208965302, 11.1087188721, 14.5786485672, 13.5252571106, 10.0826692581, 6.09331798553, 2.72600913048, 2.52383422852, 3.35004901886, 2.71718502045, 2.58900308609, 1.78080606461, 2.86329245567, 4.99475479126, 4.48531961441, 7.74115037918, 6.02351808548, 3.70258760452, 3.07621645927, 1.57396280766, 0.539391875267, 0.22456908226, 0.0471451319754, 0.011270865798, 0.00169692782219, 7.75019652792e-05], "dmean2": [2.03461122513, 6.91982984543, 9.95046615601, 12.7638463974, 9.87881469727, 9.89852046967, 29.7165756226, 28.8220310211, 15.7380828857, 31.1794528961, 57.9057273865, 50.2663841248, 19.8939399719, 15.0613288879, 20.5642986298, 17.4791278839, 23.3663063049, 20.9196510315, 16.4443778992, 9.81109714508, 4.50594329834, 4.10698080063, 5.32938289642, 4.30204916, 4.05874061584, 2.6047000885, 4.35885286331, 7.69872426987, 6.95237255096, 12.1900377274, 9.3228597641, 5.73088645935, 4.72066831589, 2.3493103981, 0.829954624176, 0.365327119827, 0.075439222157, 0.0180475339293, 0.00285042915493, 0.000126819228171], "max": [27.128698349, 138.018157959, 319.519378662, 247.482208252, 178.4193573, 217.810516357, 444.981872559, 508.593688965, 510.950317383, 746.107421875, 1448.83325195, 1032.10388184, 666.455627441, 477.960571289, 584.735839844, 696.005615234, 993.696716309, 1465.35009766, 733.699157715, 665.464599609, 126.60975647, 112.744178772, 186.479278564, 108.006233215, 156.810440063, 181.051300049, 148.655700684, 324.451416016, 149.936599731, 261.61920166, 242.611862183, 135.649475098, 114.994010925, 69.685043335, 24.6336650848, 10.0333452225, 2.22950601578, 0.496833622456, 0.0722692236304, 0.00272355414927], "dvar": [7.141477108, 123.093933105, 428.893371582, 546.418395996, 200.813308716, 125.762161255, 1080.22705078, 1003.59967041, 369.024597168, 1476.3951416, 7159.73779297, 3986.33764648, 712.608703613, 320.74786377, 702.554077148, 545.655456543, 2051.97607422, 2525.15722656, 775.948913574, 401.379943848, 35.8596572876, 30.0948123932, 47.6730690002, 25.8400421143, 33.7122535706, 18.5205020905, 45.7486228943, 178.454421997, 151.603378296, 550.737976074, 379.753509521, 136.703430176, 103.76423645, 27.6737957001, 3.50899577141, 0.652622282505, 0.0203341878951, 0.00116199092008, 3.56202908733e-05, 3.65369565714e-08], "mean": [2.31957960129, 5.02329826355, 7.03695058823, 8.96633243561, 7.23427009583, 11.7572374344, 32.8680458069, 31.1275920868, 19.2523498535, 33.6499900818, 56.1176300049, 46.176700592, 20.6458148956, 17.048368454, 20.761800766, 17.5253791809, 23.4160175323, 20.3727531433, 15.9275035858, 9.46607017517, 4.39881277084, 4.28796100616, 5.80972623825, 5.21604442596, 4.96745729446, 3.45047473907, 4.39250230789, 6.23444080353, 4.82029771805, 7.18361568451, 5.70823097229, 3.93224978447, 3.00338959694, 1.55176246166, 0.536238908768, 0.22175963223, 0.0526244454086, 0.0133079998195, 0.00192955962848, 0.000139852505527], "dvar2": [19.8415222168, 311.242950439, 1000.69378662, 1339.6817627, 555.272583008, 309.33001709, 2909.02880859, 2708.55981445, 916.327514648, 3690.26123047, 20019.2011719, 10726.4306641, 1826.56140137, 825.966674805, 1841.87060547, 1393.19824219, 5396.64208984, 5658.22460938, 2133.24487305, 1067.88806152, 102.320785522, 78.6087112427, 107.04989624, 67.849647522, 84.9882202148, 32.9388046265, 101.568351746, 410.272125244, 364.035186768, 1368.30957031, 906.430480957, 308.609558105, 239.495681763, 61.6488418579, 8.54059886932, 1.71640348434, 0.0520832054317, 0.00296486797743, 9.63164056884e-05, 9.90749455809e-08], "min": [8.10709827941e-23, 3.22991915853e-22, 2.43219574814e-21, 4.75273584607e-21, 1.21511305254e-20, 2.38783326025e-20, 3.01331234278e-20, 6.18645278201e-20, 1.17909310118e-19, 2.1427736367e-19, 2.06699471606e-19, 3.77570364611e-19, 4.95385750956e-19, 6.61751469379e-19, 1.08610841021e-18, 1.03432824803e-18, 1.69849451611e-18, 2.15979112005e-18, 2.26483519963e-18, 3.32903469733e-18, 3.90071948459e-18, 4.8296900482e-18, 4.91128976126e-18, 6.13363440477e-18, 6.47279665389e-18, 8.22223484578e-18, 9.40258683831e-18, 1.04989303678e-17, 9.30740316522e-18, 1.04266951665e-17, 1.17333518483e-17, 1.01384665636e-17, 9.42022067461e-18, 7.77021620979e-18, 6.3095740667e-18, 4.44954472204e-18, 2.32469412465e-18, 8.58124612088e-19, 2.10892799098e-19, 2.36937953933e-20], "var": [16.3150520325, 155.715637207, 511.545959473, 544.419189453, 188.606430054, 275.756408691, 2022.99121094, 1946.21008301, 806.877624512, 2698.71655273, 16476.9453125, 6440.20800781, 1254.41394043, 594.974060059, 1159.88500977, 760.199523926, 3381.31176758, 3961.60229492, 1211.94104004, 582.417053223, 48.5928268433, 52.6660575867, 92.7247543335, 55.1267738342, 77.1711425781, 52.1707191467, 100.1198349, 227.941009521, 159.929244995, 510.509613037, 370.058654785, 151.708862305, 107.90460968, 29.4146461487, 3.29273319244, 0.54787749052, 0.0190417356789, 0.00121013622265, 2.92138647637e-05, 4.1246384086e-08], "median": [0.104385763407, 0.204344660044, 0.706759691238, 1.89432644844, 3.021048069, 5.74519729614, 16.6304779053, 15.4449319839, 8.85834026337, 17.7137088776, 17.5332946777, 17.3756141663, 9.35313415527, 10.0552968979, 8.61721134186, 8.27438545227, 7.58479547501, 6.1120762825, 5.55752038956, 3.87312746048, 2.21371555328, 1.99967741966, 2.86222958565, 2.76868081093, 2.2104306221, 1.5255010128, 1.2633972168, 1.51504611969, 0.875282108784, 0.715172290802, 0.57014966011, 0.461981594563, 0.288095623255, 0.136043727398, 0.0674046427011, 0.0303648076952, 0.0101150898263, 0.00241179158911, 0.000327848538291, 6.89898442943e-05]}, "spectral_energy": {"dmean": 0.0338719524443, "dmean2": 0.0516796074808, "max": 0.708532273769, "dvar": 0.00349692301825, "mean": 0.0798261240125, "dvar2": 0.00930679310113, "min": 9.71022878211e-21, "var": 0.0105250701308, "median": 0.0355244353414}, "zerocrossingrate": {"dmean": 0.0104120196775, "dmean2": 0.012023341842, "max": 0.5302734375, "dvar": 0.000235729006818, "mean": 0.0461948700249, "dvar2": 0.000307985610561, "min": 0.00146484375, "var": 0.0045789279975, "median": 0.02978515625}, "spectral_energyband_high": {"dmean": 0.000804301176686, "dmean2": 0.00120508461259, "max": 