{"tonal": {"hpcp": {"dvar": [0.0376898273826, 0.052595615387, 0.0485092438757, 0.0291858110577, 0.0268368087709, 0.0192134324461, 0.0350077077746, 0.0434878729284, 0.0402163602412, 0.0152807822451, 0.00897716730833, 0.0138230370358, 0.0311555378139, 0.0281339585781, 0.0100206797943, 0.0080402167514, 0.00942306220531, 0.0144936842844, 0.0243458300829, 0.0177936889231, 0.00856159813702, 0.0132729904726, 0.0219922382385, 0.0238013416529, 0.0579786524177, 0.0178644228727, 0.00374756078236, 0.00655914330855, 0.013644346036, 0.00840068049729, 0.0136415241286, 0.0253984276205, 0.0346716679633, 0.0399119928479, 0.0576894059777, 0.049116872251], "var": [0.0303010549396, 0.0699486956, 0.0635161921382, 0.0295786876231, 0.03121467866, 0.0186970941722, 0.105190195143, 0.142254024744, 0.0450803302228, 0.014282184653, 0.00941952690482, 0.0201378688216, 0.0969078615308, 0.0811783000827, 0.0152833471075, 0.0110055785626, 0.0101676331833, 0.0210254918784, 0.0468209348619, 0.031134204939, 0.010841248557, 0.0281917825341, 0.0856046974659, 0.0694000720978, 0.19810500741, 0.0504459775984, 0.00382296484895, 0.007030245848, 0.0184343662113, 0.0108638927341, 0.0090816617012, 0.0164215285331, 0.0404158718884, 0.0687236636877, 0.0748240500689, 0.045836661011], "median": [0.010167915374, 0.00650346046314, 0.0113858124241, 0.0288039259613, 0.0240570306778, 0.0240021310747, 0.0654621049762, 0.0858879238367, 0.0379371717572, 0.00759031577036, 0.00568772340193, 0.0262709725648, 0.0843706950545, 0.0781406164169, 0.0205755680799, 0.00516545772552, 0.00514560425654, 0.019107716158, 0.0454417914152, 0.0393628552556, 0.0142158418894, 0.013891027309, 0.0206219200045, 0.202771320939, 0.0753305405378, 0.0414057262242, 0.00384379294701, 0.0104400133714, 0.0167315546423, 0.013654329814, 0.00585872400552, 0.00564752798527, 0.0198980532587, 0.0890975445509, 0.10208248347, 0.0381055772305], "max": [1, 1, 1, 1, 1, 1, 1, 1, 1, 1, 1, 1, 1, 1, 1, 1, 1, 1, 1, 1, 1, 1, 1, 1, 1, 1, 1, 1, 1, 1, 1, 1, 1, 1, 1, 1], "dmean": [0.0973497107625, 0.0960060209036, 0.0950223580003, 0.0895457938313, 0.0792006254196, 0.0689686760306, 0.118732191622, 0.125295773149, 0.100067265332, 0.0540221557021, 0.0360366515815, 0.0596257857978, 0.113727740943, 0.109339796007, 0.0505952611566, 0.0338608250022, 0.03640479967, 0.0611114539206, 0.0933731347322, 0.0793104320765, 0.0435113087296, 0.0576710887253, 0.0696894824505, 0.0911297276616, 0.101573981345, 0.059301469475, 0.0222464744002, 0.0385480038822, 0.0560008324683, 0.0421396121383, 0.0377333424985, 0.0575011484325, 0.0888055413961, 0.131391078234, 0.158700540662, 0.125379875302], "dmean2": [0.175840884447, 0.172627568245, 0.170329913497, 0.156785175204, 0.135176166892, 0.121978655457, 0.200192421675, 0.210993811488, 0.174345418811, 0.0966787487268, 0.0618392825127, 0.100685782731, 0.183003500104, 0.179104283452, 0.0856879353523, 0.0575364679098, 0.0634203404188, 0.101582102478, 0.151381134987, 0.130223497748, 0.0746913105249, 0.0970545113087, 0.118254072964, 0.160309255123, 0.187072589993, 0.108354747295, 0.0384461916983, 0.0677336081862, 0.0969773754478, 0.0710579901934, 0.0692666098475, 0.107313446701, 0.158766806126, 0.222655788064, 0.272034645081, 0.222249537706], "mean": [0.0806883573532, 0.111108444631, 0.109210394323, 0.102425269783, 0.0986283570528, 0.0844985246658, 0.250643819571, 0.307636588812, 0.138999938965, 0.0526060089469, 0.0383110716939, 0.0896051973104, 0.244439557195, 0.223470032215, 0.0711735188961, 0.0397761836648, 0.0397431328893, 0.0796870589256, 0.143394812942, 0.119158506393, 0.0536006614566, 0.0903857126832, 0.156616434455, 0.277155190706, 0.371313124895, 0.191629722714, 0.0247212722898, 0.0443862937391, 0.0704992190003, 0.0528957806528, 0.0318288654089, 0.0446609705687, 0.0984465256333, 0.19431771338, 0.210726648569, 0.127582371235], "dvar2": [0.10411554575, 0.106028132141, 0.102340362966, 0.0823217704892, 0.0758472308517, 0.0560981817544, 0.0926692932844, 0.102718733251, 0.104236014187, 0.0415965542197, 0.0229679718614, 0.0367817394435, 0.069518879056, 0.0665059164166, 0.0265281852335, 0.0207452364266, 0.0259514953941, 0.0381755903363, 0.0602212361991, 0.0457433015108, 0.0235241148621, 0.0360593870282, 0.0549976788461, 0.0542565099895, 0.117364309728, 0.0395629256964, 0.0104127358645, 0.0187857747078, 0.0378900505602, 0.0219473894686, 0.0391044132411, 0.0734666585922, 0.0864680185914, 0.0924381092191, 0.144389003515, 0.124662898481], "min": [0, 0, 0, 0, 0, 0, 0, 0, 0, 0, 0, 0, 0, 0, 0, 0, 0, 0, 0, 0, 0, 0, 0, 0, 0, 0, 0, 0, 0, 0, 0, 0, 0, 0, 0, 0]}, "key_key": "E", "thpcp": [1, 0.516086578369, 0.066577963531, 0.119538716972, 0.189864605665, 0.142455995083, 0.0857197418809, 0.120278462768, 0.265130758286, 0.523325741291, 0.567517399788, 0.34359779954, 0.217305421829, 0.299231112003, 0.294119387865, 0.275846093893, 0.265620440245, 0.227566763759, 0.675020098686, 0.828509867191, 0.374346971512, 0.141675591469, 0.103177264333, 0.241319775581, 0.658311128616, 0.601837158203, 0.191680595279, 0.107123017311, 0.107034012675, 0.21460878849, 0.38618299365, 0.320911109447, 0.144354343414, 0.243421807885, 0.421790719032, 0.746419072151], "chords_key": "A#", "tuning_equal_tempered_deviation": 0.153721794486, "tuning_frequency": 434.193115234, "tuning_diatonic_strength": 0.42026874423, "chords_histogram": [0.251081049442, 14.9672203064, 0.348723679781, 0, 2.44106578827, 33.0171585083, 22.7088851929, 0, 0.320825785398, 0, 0.0139489471912, 0, 0, 0, 0, 0, 0, 0.0278978943825, 0, 0, 0, 0.167387366295, 3.22220683098, 22.5135993958], "key_strength": 0.424262315035, "key_scale": "major", "chords_strength": {"dvar": 0.000308830058202, "var": 0.0174898337573, "median": 0.498464584351, "max": 0.706262946129, "dmean": 0.0080835474655, "dmean2": 0.00815943069756, "mean": 0.478299081326, "dvar2": 0.000615913246293, "min": -1}, "chords_number_rate": 0.000836936815176, "tuning_nontempered_energy_ratio": 0.835055410862, "hpcp_entropy": {"dvar": 0.217653155327, "var": 0.46009734273, "median": 2.26351904869, "max": 4.45652198792, "dmean": 0.576863586903, "dmean2": 0.966556310654, "mean": 2.24532699585, "dvar2": 0.609293460846, "min": 0}, "chords_changes_rate": 0.0510531440377, "chords_scale": "minor"}, "rhythm": {"bpm_histogram_first_peak_spread": {"dvar": 0, "var": 0, "median": 0.375000029802, "max": 0.375000029802, "dmean": 0, "dmean2": 0, "mean": 0.375000029802, "dvar2": 0, "min": 0.375000029802}, "bpm_histogram_first_peak_weight": {"dvar": 0, "var": 0, "median": 0.300171524286, "max": 0.300171524286, "dmean": 0, "dmean2": 0, "mean": 0.300171524286, "dvar2": 0, "min": 0.300171524286}, "bpm_histogram_first_peak_bpm": {"dvar": 0, "var": 0, "median": 120, "max": 120, "dmean": 0, "dmean2": 0, "mean": 120, "dvar2": 0, "min": 120}, "bpm": 89.9414520264, "bpm_histogram_second_peak_weight": {"dvar": 0, "var": 0, "median": 0.193825036287, "max": 0.193825036287, "dmean": 0, "dmean2": 0, "mean": 0.193825036287, "dvar2": 0, "min": 0.193825036287}, "beats_loudness": {"dvar": 0.0021885803435, "var": 0.00402553845197, "median": 0.0795137286186, "max": 0.293173789978, "dmean": 0.0518086999655, "dmean2": 0.0821811705828, "mean": 0.0853527262807, "dvar2": 0.00529976608232, "min": 0}, "beats_loudness_band_ratio": {"dvar": [0.0644036009908, 0.0141292773187, 0.012527554296, 0.00405002338812, 0.00428888341412, 0.0183549132198], "var": [0.118523404002, 0.0259820055217, 0.0210795924067, 0.0066727977246, 0.00390409654938, 0.0216970872134], "median": [0.677826523781, 0.0491691157222, 0.0603723824024, 0.0392438024282, 0.0123126236722, 0.0647014677525], "max": [0.977320373058, 0.926643311977, 0.758161962032, 0.533780276775, 0.554861605167, 0.734708964825], "dmean": [0.245545789599, 0.0977913737297, 0.0932864546776, 0.0557450689375, 0.0385984741151, 0.10662638396], "dmean2": [0.398043245077, 0.16934157908, 0.157810017467, 0.0929477512836, 0.0702012702823, 0.180976510048], "mean": [0.539369106293, 0.126658812165, 0.129559889436, 0.0699685886502, 0.0336802154779, 0.112504266202], "dvar2": [0.131542593241, 0.0371993891895, 0.0309194680303, 0.00938947591931, 0.0126266637817, 0.0485543347895], "min": [0, 0, 0, 0, 0, 0]}, "bpm_histogram_second_peak_bpm": {"dvar": 0, "var": 0, "median": 91, "max": 91, "dmean": 0, "dmean2": 0, "mean": 91, "dvar2": 0, "min": 91}, "onset_rate": 5.06504535675, "beats_count": 584, "beats_position": [0.696598649025, 1.38158726692, 2.0549659729, 2.72834467888, 3.39011335373, 4.05188179016, 4.72526073456, 5.38702917099, 6.04879808426, 6.71056699753, 7.38394546509, 8.05732440948, 8.71909236908, 9.38086128235, 10.0542402267, 10.71600914, 11.3777770996, 12.0395460129, 12.7013149261, 13.3630838394, 13.873922348, 14.3847618103, 14.8839902878, 15.3832197189, 15.8824491501, 16.3816776276, 16.8809070587, 17.3801364899, 17.8793640137, 18.3785934448, 18.877822876, 19.3886623383, 19.8878898621, 20.3871192932, 20.8863487244, 21.3971881866, 21.9080276489, 22.4188652039, 22.9297046661, 23.4405441284, 23.9629936218, 24.4738311768, 24.984670639, 25.4955101013, 26.0179595947, 26.5287971497, 27.0396366119, 27.5388660431, 28.0380954742, 28.537322998, 29.0365524292, 29.5357818604, 30.0350112915, 30.5342407227, 31.0334682465, 31.5326976776, 32.0319252014, 32.5311546326, 33.0419960022, 33.5412254333, 34.0404510498, 34.539680481, 35.0389099121, 35.5381393433, 36.0257606506, 36.5249862671, 37.0242156982, 37.5234451294, 38.034286499, 38.545124054, 39.0327415466, 39.520362854, 40.0312004089, 40.5304298401, 41.0296592712, 41.5288887024, 42.0281181335, 42.5273475647, 43.0265769958, 43.5258026123, 44.0250320435, 44.5126533508, 45.011882782, 45.5111083984, 46.0219497681, 46.5211791992, 47.0204086304, 47.5312461853, 48.0420837402, 48.5529251099, 49.0405426025, 49.5281639099, 50.0157814026, 50.5150108337, 51.0142402649, 51.513469696, 52.024307251, 52.5235366821, 53.0343742371, 53.5336036682, 54.0328330994, 54.5320625305, 55.0312919617, 55.5305213928, 56.029750824, 56.5522003174, 57.0746459961, 57.5970954895, 58.1195449829, 58.6536026001, 59.1644439697, 59.6752815247, 60.1861228943, 60.6969604492, 61.1961898804, 61.6954193115, 62.1946487427, 62.6938781738, 63.1931037903, 63.6923332214, 64.1799545288, 64.67918396, 65.1784133911, 65.6892471313, 66.200088501, 66.7225418091, 67.2565994263, 67.779045105, 68.3131027222, 68.8471679688, 69.358001709, 69.8572311401, 70.3564605713, 70.8556900024, 71.3549194336, 71.8541488647, 72.3533782959, 72.8526077271, 73.3518371582, 73.8394546509, 74.338684082, 74.8379135132, 75.3371429443, 75.824760437, 76.3356018066, 76.8348312378, 77.3340606689, 77.8332901001, 78.3441238403, 78.8433532715, 79.3425827026, 79.8418121338, 80.3410415649, 80.8402709961, 81.3395004272, 81.8387298584, 82.3379592896, 82.8255767822, 83.3248062134, 83.8240356445, 84.3348770142, 84.8457107544, 85.3333282471, 85.8209533691, 86.3085708618, 86.807800293, 87.3070297241, 87.8178634644, 88.3170928955, 88.8047180176, 89.3039474487, 89.814781189, 90.3256225586, 90.8364639282, 91.3356933594, 91.8349151611, 92.3225402832, 92.8333740234, 93.36743927, 93.8550567627, 94.3542861938, 94.8419036865, 95.3411331177, 95.8287506104, 96.33959198, 96.8504257202, 97.3612670898, 97.895324707, 98.4526062012, 98.9866638184, 99.497505188, 99.9967346191, 100.49596405, 100.995193481, 101.482810974, 101.982040405, 102.481269836, 102.980499268, 103.491333008, 103.97895813, 104.478187561, 104.977409363, 105.488250732, 105.987480164, 106.486709595, 106.985939026, 107.485168457, 107.984397888, 108.483627319, 108.98285675, 109.470474243, 109.958091736, 110.468933105, 110.968162537, 111.467391968, 111.978225708, 112.477455139, 112.97668457, 113.475914001, 113.986755371, 114.485984802, 114.985214233, 115.484443665, 115.983673096, 116.482902527, 116.993736267, 117.655509949, 118.317276001, 118.979042053, 119.640815735, 120.302581787, 120.975959778, 121.649337769, 122.299499512, 122.972877502, 123.634643555, 124.296417236, 124.969795227, 125.643173218, 126.30493927, 126.966712952, 127.640090942, 128.301864624, 128.963623047, 129.625396729, 130.28717041, 130.948928833, 131.610702515, 132.284072876, 132.945846558, 133.619232178, 134.292602539, 134.965988159, 135.627746582, 136.301132202, 136.974502563, 137.624664307, 138.298049927, 138.971420288, 139.644805908, 140.30657959, 140.968338013, 141.641723633, 142.303482056, 142.965255737, 143.627029419, 144.288803101, 144.962173462, 145.635559082, 146.297317505, 146.959091187, 147.620864868, 148.282623291, 148.944396973, 149.606170654, 150.267929077, 150.929702759, 151.59147644, 152.264846802, 152.938232422, 153.599990845, 154.273376465, 154.946762085, 155.608520508, 156.270294189, 156.943664551, 157.617050171, 158.267211914, 158.940582275, 159.602355957, 160.264129639, 160.9375, 161.61088562, 162.261047363, 162.934417725, 163.596191406, 164.257949829, 164.931335449, 165.604721069, 166.266479492, 166.939865112, 167.601623535, 168.251785278, 168.91355896, 169.59854126, 170.260314941, 170.922088623, 171.595458984, 172.268844604, 172.930603027, 173.592376709, 174.265762329, 174.93913269, 175.600906372, 176.262680054, 176.924438477, 177.586212158, 178.24798584, 178.909744263, 179.583129883, 180.256500244, 180.929885864, 181.603256226, 182.265029907, 182.926803589, 183.588562012, 184.250335693, 184.923721313, 185.597091675, 186.258865356, 186.920639038, 187.594009399, 188.26739502, 188.929153442, 189.590927124, 190.252700806, 190.914459229, 191.587844849, 192.26121521, 192.911376953, 193.584762573, 194.246520996, 194.908294678, 195.581680298, 196.255050659, 196.916824341, 197.578598022, 198.240356445, 198.902130127, 199.575500488, 200.248886108, 200.91065979, 201.572418213, 202.234191895, 202.895965576, 203.580947876, 204.265930176, 204.950927734, 205.635910034, 206.332519531, 207.02911377, 207.725708008, 208.399093628, 209.072463989, 209.745849609, 210.407608032, 211.080993652, 211.742767334, 212.404525757, 213.066299438, 213.739685059, 214.23890686, 214.738143921, 215.237365723, 215.748199463, 216.247436523, 216.746658325, 217.245895386, 217.745117188, 218.267562866, 218.801635742, 219.335693359, 219.869750977, 220.392196655, 220.891418457, 221.379043579, 221.889877319, 222.400726318, 222.911560059, 223.399185181, 223.898406982, 224.397644043, 224.896865845, 225.396102905, 225.906936646, 226.394546509, 226.905395508, 227.393005371, 227.90385437, 228.41468811, 228.925521851, 229.459594727, 229.993652344, 230.539321899, 231.061767578, 231.56098938, 232.06022644, 232.559448242, 233.058685303, 233.557907104, 234.057144165, 234.556365967, 235.055603027, 235.543212891, 236.042449951, 236.541671753, 237.040908813, 237.540130615, 238.039367676, 238.538589478, 239.037811279, 239.53704834, 240.036270142, 240.535507202, 241.046340942, 241.557189941, 242.056411743, 242.555648804, 243.054870605, 243.554092407, 244.053329468, 244.54095459, 245.040176392, 245.551010132, 246.050247192, 246.549468994, 247.037094116, 247.536315918, 248.035552979, 248.53477478, 249.034011841, 249.533233643, 250.032470703, 250.531692505, 251.030929565, 251.530151367, 252.029388428, 252.528610229, 253.02784729, 253.53868103, 254.049514771, 254.56036377, 255.082809448, 255.628479004, 256.185760498, 256.708190918, 257.230651855, 257.753112793, 258.29876709, 258.856048584, 259.366882324, 259.889343262, 260.411773682, 260.957458496, 261.51473999, 262.03717041, 262.548034668, 263.070465088, 263.616149902, 264.173431396, 264.707489014, 265.218322754, 265.740753174, 266.286437988, 266.843719482, 267.366149902, 267.88861084, 268.411071777, 268.956726074, 269.514007568, 270.024841309, 270.547302246, 271.069732666, 271.61541748, 272.172698975, 272.695129395, 273.205993652, 273.728424072, 274.274108887, 274.831390381, 275.353820801, 275.876281738, 276.398712158, 276.944396973, 277.501678467, 278.024108887, 278.546569824, 279.069030762, 279.614685059, 280.171966553, 280.682800293, 281.20526123, 281.72769165, 282.273376465, 282.830657959, 283.353088379, 283.863952637, 284.386383057, 284.932067871, 285.489349365, 286.023406982, 286.534240723, 287.056671143, 287.602355957, 288.159637451, 288.682067871, 289.204528809, 289.726989746, 290.272644043, 290.829925537, 291.340759277, 291.863220215, 292.385650635, 292.931335449, 293.488616943, 294.011047363, 294.510284424, 295.009521484, 295.497131348, 295.996368408, 296.495605469, 296.994812012, 297.494049072, 297.981658936, 298.480895996, 299.142669678, 299.816040039, 300.489440918, 301.151184082, 301.812957764, 302.474731445, 303.148101807, 303.809875488, 304.47164917, 305.133422852, 305.806793213, 306.468566895, 307.130340576, 307.803710938, 308.477081299, 309.13885498, 309.800628662, 310.462402344, 311.135772705, 311.797546387, 312.459320068, 313.12109375, 313.794464111, 314.467834473, 315.129608154, 315.791381836, 316.464752197, 317.138122559, 317.79989624, 318.461669922, 319.135040283, 319.808441162, 320.481811523, 321.166809082, 321.840179443, 322.594818115, 323.337860107, 324.06930542, 324.800720215, 325.543762207, 326.286804199, 327.018218994, 327.749664307, 328.492706299, 329.235717773, 329.967163086, 330.710205078, 331.45324707, 332.196289063], "danceability": 0.983719706535, "bpm_histogram_second_peak_spread": {"dvar": 0, "var": 0, "median": 0.423469394445, "max": 0.423469394445, "dmean": 0, "dmean2": 0, "mean": 0.423469394445, "dvar2": 0, "min": 0.423469394445}}, "lowlevel": {"spectral_flux": {"dvar": 0.000882480293512, "var": 0.0021648821421, "median": 0.08476126194, "max": 0.351947754622, "dmean": 0.0252187289298, "dmean2": 0.039996329695, "mean": 0.0862284526229, "dvar2": 0.00196564057842, "min": 6.37372724044e-11}, "spectral_rolloff": {"dvar": 2736565.5, "var": 7046093, "median": 667.529296875, "max": 19616.7480469, "dmean": 826.360046387, "dmean2": 1390.99328613, "mean": 1666.75756836, "dvar2": 6259352.5, "min": 43.06640625}, "barkbands_flatness_db": {"dvar": 0.00100462615956, "var": 0.00983215589076, "median": 0.161966174841, "max": 0.581892311573, "dmean": 0.029892064631, "dmean2": 0.0433214791119, "mean": 0.182014584541, "dvar2": 0.00204640394077, "min": 0.0161838550121}, "spectral_centroid": {"dvar": 171469.984375, "var": 1537701.125, "median": 1232.04284668, "max": 11843.7832031, "dmean": 341.854034424, "dmean2": 500.491455078, "mean": 1583.03491211, "dvar2": 339500.78125, "min": 203.876602173}, "melbands_skewness": {"dvar": 0.971970140934, "var": 6.93255138397, "median": 3.32990193367, "max": 15.533285141, "dmean": 0.899870634079, "dmean2": 1.34436833858, "mean": 3.8208117485, "dvar2": 2.15720009804, "min": -1.24393415451}, "melbands": {"dvar": [2.32151123782e-05, 3.76181446882e-06, 5.96443101131e-07, 1.97271106117e-07, 2.87324638748e-07, 6.40755217773e-08, 9.21527387732e-09, 2.29494631299e-07, 1.00713513973e-07, 1.86997102247e-08, 4.81337387725e-08, 8.20054069095e-08, 9.29289534213e-09, 2.22792939653e-09, 6.80634970607e-09, 1.37415367973e-09, 8.78055073095e-10, 1.6362815547e-09, 1.88029902759e-09, 1.49909518132e-09, 8.01514410398e-10, 8.08185518508e-10, 4.05458278063e-10, 4.29129787261e-10, 3.24450605271e-10, 2.21757362473e-10, 1.8482403108e-10, 1.90468307792e-10, 3.7337710701e-10, 3.92692517392e-10, 4.23759471957e-10, 3.65781238632e-10, 5.39503497432e-10, 4.7743403675e-10, 2.68698258088e-10, 2.73364830772e-10, 1.46596956796e-10, 8.03313873754e-11, 5.16986835286e-11, 1.83504635098e-11], "var": [0.000321735802572, 2.03372164833e-05, 7.58348903673e-07, 3.13021189413e-07, 4.20022814751e-07, 1.40449273545e-07, 1.80616606116e-08, 2.17571169969e-07, 1.20246141933e-07, 4.29450714989e-08, 4.61688181019e-08, 7.13552026355e-08, 1.36222970681e-08, 3.86575882416e-09, 1.03532462603e-08, 2.5917206159e-09, 1.63340518888e-09, 2.8037896449e-09, 2.37707808992e-09, 2.07842765221e-09, 2.00561678376e-09, 1.45936918106e-09, 7.2377931426e-10, 6.2327948358e-10, 5.31865163023e-10, 4.7804737946e-10, 4.01686989226e-10, 4.57460208603e-10, 8.77649897202e-10, 8.8224988426e-10, 9.88255477452e-10, 8.38868252639e-10, 9.26806242862e-10, 8.23434764818e-10, 5.45862965939e-10, 4.35957436817e-10, 2.39568476168e-10, 1.30400842902e-10, 7.33210575588e-11, 2.99972512108e-11], "median": [0.00853550154716, 0.000655184383504, 8.47991905175e-05, 0.000340883503668, 0.000376932148356, 0.00014424600522, 0.000110556997242, 0.000319543061778, 0.000225185911404, 7.98863547971e-05, 8.00060515758e-05, 9.0206915047e-05, 5.52619749215e-05, 2.13313633139e-05, 2.26405609283e-05, 1.60585623235e-05, 1.10897890409e-05, 8.26789437269e-06, 9.17782563192e-06, 8.72395503393e-06, 5.24417919223e-06, 4.82744280816e-06, 4.79590153191e-06, 2.69962583843e-06, 1.97939516511e-06, 2.38481379711e-06, 1.92729999071e-06, 1.6468513877e-06, 1.807828653e-06, 2.62108073912e-06, 2.75591673926e-06, 2.52587892646e-06, 4.67109111923e-06, 3.52081633537e-06, 2.76060859505e-06, 2.98177474178e-06, 1.85585849977e-06, 1.11816689241e-06, 8.74711702181e-07, 4.35575202573e-07], "max": [0.0716257840395, 0.0369569174945, 0.0128134964034, 0.00741171557456, 0.0106614977121, 0.00458673201501, 0.00195214850828, 0.00871059950441, 0.00592638459057, 0.00262432708405, 0.00246655428782, 0.00356570398435, 0.00183895556256, 0.000804329814855, 0.0013324621832, 0.00085344753461, 0.000457962887594, 0.000900759245269, 0.000587120535783, 0.000546513940208, 0.000338731770171, 0.000555678911041, 0.000328865280608, 0.000356980453944, 0.000312136689899, 0.000191189159523, 0.000188609366887, 0.000378795783035, 0.00034520906047, 0.000208273748285, 0.000224760980927, 0.000210111160413, 0.000252711965004, 0.000191765429918, 0.000134289482958, 0.000132069108076, 8.55196994962e-05, 7.40105970181e-05, 8.64462053869e-05, 8.47245391924e-05], "dmean": [0.00229643494822, 0.00087672501104, 0.000268343050266, 0.000258113257587, 0.000287493196083, 0.000167353326106, 6.82082099956e-05, 0.000210775775486, 0.000160311814398, 9.07428329811e-05, 0.000108827574877, 0.000121981836855, 5.58875217394e-05, 2.88226510747e-05, 4.13116576965e-05, 2.28043518291e-05, 1.72340278368e-05, 1.84284290299e-05, 2.02453229576e-05, 1.90293685591e-05, 1.47156870298e-05, 1.31058313855e-05, 9.1488700491e-06, 7.7742333815e-06, 7.36932543077e-06, 7.04375224814e-06, 6.42839040665e-06, 6.65401512379e-06, 8.24706421554e-06, 9.96624112304e-06, 1.09107031676e-05, 1.04338860183e-05, 1.4010049199e-05, 1.28941182993e-05, 1.0463979379e-05, 1.09884413177e-05, 8.06829393696e-06, 5.45855482414e-06, 3.84191434932e-06, 2.25442113333e-06], "dmean2": [0.0034534598235, 0.00136751343962, 0.000441599346232, 0.000421034579631, 0.000457140704384, 0.000263872614596, 0.000104937324068, 0.000339411490131, 0.000263019348495, 0.000144968609675, 0.000184500924661, 0.000205847449251, 9.30237074499e-05, 4.77015346405e-05, 6.87994324835e-05, 3.71279711544e-05, 2.97345159197e-05, 3.01789350488e-05, 3.37715318892e-05, 3.14302487823e-05, 2.40013450821e-05, 2.11448750633e-05, 1.50411979121e-05, 1.31003980641e-05, 1.23858399093e-05, 1.14557033157e-05, 1.04623986772e-05, 1.0390764146e-05, 1.29839581859e-05, 1.56687819981e-05, 1.67664438777e-05, 1.60524286912e-05, 2.25601506827e-05, 2.00530430448e-05, 1.54925164679e-05, 1.68463466252e-05, 1.25311544252e-05, 8.52535231388e-06, 6.12536905464e-06, 3.5773473428e-06], "mean": [0.0168398339301, 0.00307690026239, 0.000339808029821, 0.000497394823469, 0.000525224138983, 0.00029661305598, 0.000142086180858, 0.000421784789069, 0.000321874540532, 0.000158389681019, 0.000148045844981, 0.000165893070516, 9.2631446023e-05, 4.51197556686e-05, 6.03634143772e-05, 3.60660851584e-05, 2.70714481303e-05, 2.68898111244e-05, 2.66251681751e-05, 2.57092324318e-05, 2.38992379309e-05, 2.06060340133e-05, 1.49409597725e-05, 1.18908474178e-05, 1.16451356007e-05, 1.14848717203e-05, 1.05976369014e-05, 1.14558770292e-05, 1.42557964864e-05, 1.6223430066e-05, 1.83142637979e-05, 1.78146729013e-05, 2.06159111258e-05, 1.84495456779e-05, 1.49819798025e-05, 1.39813391797e-05, 1.01437753983e-05, 7.09925143383e-06, 5.01313252244e-06, 3.05220032715e-06], "dvar2": [4.7170680773e-05, 7.71259874455e-06, 1.4320395394e-06, 5.18901174473e-07, 6.76672243571e-07, 1.59206834383e-07, 2.40389930184e-08, 6.45764259843e-07, 2.73926787031e-07, 4.65760265911e-08, 1.33221988108e-07, 2.18063931356e-07, 2.52522553978e-08, 5.75041969597e-09, 1.79138091028e-08, 3.42414185894e-09, 2.41543829382e-09, 4.1277825602e-09, 5.02400965274e-09, 3.86824083876e-09, 1.83388015884e-09, 1.99778416032e-09, 1.04298147896e-09, 1.19343734895e-09, 8.69891270128e-10, 5.34758959336e-10, 4.42815367707e-10, 4.25877916266e-10, 8.74606109758e-10, 9.2256141615e-10, 9.86559833827e-10, 8.49961878657e-10, 1.30526101039e-09, 1.03456920808e-09, 5.37097699649e-10, 6.11445394316e-10, 3.36993793981e-10, 1.86098400579e-10, 1.27101079661e-10, 4.46781049657e-11], "min": [1.33630611597e-24, 1.28444866804e-24, 1.48225800521e-24, 2.22394068957e-24, 9.26557562303e-25, 1.45861840768e-24, 1.56610248095e-24, 3.04004569501e-24, 1.56945316765e-24, 1.6545994611e-24, 2.47661954283e-24, 2.39102221815e-24, 3.45165852421e-24, 1.81252625888e-24, 2.51228611372e-24, 1.80892510885e-24, 2.39903743938e-24, 3.15001744115e-24, 3.26794366622e-24, 1.82024881271e-24, 3.12817585483e-24, 3.45578545004e-24, 4.09144759531e-24, 3.07518550403e-24, 4.05715265632e-24, 2.36491506371e-24, 4.27712060328e-24, 4.97789059451e-24, 4.2367538019e-24, 3.1693597189e-24, 4.8999708586e-24, 5.51421109156e-24, 5.52647314547e-24, 5.56850720437e-24, 5.92185930307e-24, 5.5321505774e-24, 5.06994237911e-24, 6.36729119092e-24, 6.65894766151e-24, 4.92261629417e-24]}, "spectral_decrease": {"dvar": 1.65737050817e-17, "var": 2.32877759274e-16, "median": -1.43521354801e-08, "max": 1.22441466299e-18, "dmean": 2.76128764298e-09, "dmean2": 4.20237622478e-09, "mean": -1.83683201982e-08, "dvar2": 3.46320868665e-17, "min": -7.47416351032e-08}, "barkbands_kurtosis": {"dvar": 107.299163818, "var": 246.857620239, "median": 3.93158578873, "max": 174.940597534, "dmean": 5.83783578873, "dmean2": 8.95863342285, "mean": 9.36624145508, "dvar2": 243.538757324, "min": -1.85418784618}, "silence_rate_30dB": {"dvar": 0.0445607751608, "var": 0.227830484509, "median": 1, "max": 1, "dmean": 0.0467387512326, "dmean2": 0.0934840217233, "mean": 0.648786246777, "dvar2": 0.102057933807, "min": 0}, "gfcc": {"mean": [-0.589141786098, 82.6725845337, -95.4203338623, 13.2085943222, -69.3169937134, 17.9850730896, -25.2760601044, 7.3773226738, -8.15926551819, 4.18763828278, -10.1479349136, 8.30636692047, -3.36931109428], "cov": [[22661.171875, -5294.80810547, 133.148635864, 3834.31933594, -466.005065918, 1938.01660156, 115.969116211, 1242.81323242, 275.009979248, 1021.12402344, -158.811706543, 909.0234375, -293.946533203], [-5294.80810547, 4283.37988281, -624.411071777, -1435.42797852, 500.675994873, -754.666992188, 155.251342773, -437.67767334, 60.3011703491, -432.390655518, 262.264373779, -437.094909668, 294.09173584], [133.148635864, -624.411071777, 1337.55615234, 202.889556885, 16.8171424866, 371.519805908, 232.682281494, 188.908126831, 132.404266357, 139.04510498, -52.6960525513, 138.70098877, -98.6604003906], [3834.31933594, -1435.42797852, 202.889556885, 1732.82189941, 101.499832153, 631.135742188, 288.490264893, 454.921508789, 179.275466919, 356.78692627, 140.283508301, 198.242446899, 11.741771698], [-466.005065918, 500.675994873, 16.8171424866, 101.499832153, 580.586425781, 69.6934051514, 245.313079834, 103.432563782, 187.347625732, 66.1072235107, 128.472808838, 60.0472259521, 83.3546600342], [1938.01660156, -754.666992188, 371.519805908, 631.135742188, 69.6934051514, 464.906616211, 132.339035034, 266.834075928, 109.13999176, 192.698257446, 27.9041461945, 143.634811401, -6.37007284164], [115.969116211, 155.251342773, 232.682281494, 288.490264893, 245.313079834, 132.339035034, 329.588348389, 128.06854248, 171.248809814, 87.586769104, 107.897399902, 55.7109031677, 40.2851524353], [1242.81323242, -437.67767334, 188.908126831, 454.921508789, 103.432563782, 266.834075928, 128.06854248, 248.529083252, 104.155578613, 153.50642395, 54.1317939758, 93.9772491455, 24.3599033356], [275.009979248, 60.3011703491, 132.404266357, 179.275466919, 187.347625732, 109.13999176, 171.248809814, 104.155578613, 187.582794189, 85.3981399536, 75.1035079956, 71.1001968384, 38.1129608154], [1021.12402344, -432.390655518, 139.04510498, 356.78692627, 66.1072235107, 192.698257446, 87.586769104, 153.50642395, 85.3981399536, 163.760696411, 62.2927398682, 98.1671600342, 11.1569185257], [-158.811706543, 262.264373779, -52.6960525513, 140.283508301, 128.472808838, 27.9041461945, 107.897399902, 54.1317939758, 75.1035079956, 62.2927398682, 155.521942139, 15.4885187149, 79.9080429077], [909.0234375, -437.094909668, 138.70098877, 198.242446899, 60.0472259521, 143.634811401, 55.7109031677, 93.9772491455, 71.1001968384, 98.1671600342, 15.4885187149, 146.027145386, 1.51092600822], [-293.946533203, 294.09173584, -98.6604003906, 11.741771698, 83.3546600342, -6.37007284164, 40.2851524353, 24.3599033356, 38.1129608154, 11.1569185257, 79.9080429077, 1.51092600822, 116.6690979]], "icov": [[0.00014148055925, -0.000142015036545, 0.000219723020564, -0.000194828855456, 0.000257466075709, -0.000289509800496, 3.15981924359e-05, -0.00024104359909, 4.85390264657e-05, -0.000361973041436, 0.000506556592882, -0.000766635697801, 0.000441259529907], [-0.000142015036545, 0.00131866591983, -0.000185135620995, 0.000842925044708, -0.000830425531603, 9.35588686843e-05, -0.0005483541172, 0.000711176835466, -0.000924444408156, 0.00208409549668, -0.00221837498248, 0.003165604081, -0.00170285184868], [0.000219723020564, -0.000185135620995, 0.00182307849173, 0.000378208758775, 0.000868154573254, -0.00192155200057, -0.0014704662608, -0.000362917373423, -6.32420687907e-06, -0.00100505026057, 0.00129707041197, -0.00131485715974, 0.00160905090161], [-0.000194828855456, 0.000842925044708, 0.000378208758775, 0.00240864651278, -0.00015124953643, -0.00143147155177, -0.00160060543567, -0.00031647994183, 8.96947710771e-07, 4.3817984988e-05, -0.00207958742976, 0.00258717290126, -0.000503231829498], [0.000257466075709, -0.000830425531603, 0.000868154573254, -0.00015124953643, 0.00397666729987, -0.000755055982154, -0.00145082047675, -0.00140257424209, -0.00106101867277, -0.000820174405817, 0.000983734964393, -0.00319280475378, 0.00119539350271], [-0.000289509800496, 9.35588686843e-05, -0.00192155200057, -0.00143147155177, -0.000755055982154, 0.00968914013356, 0.00121715245768, -0.00448505720124, 0.000119069212815, -0.000573957629967, 0.000707825645804, -0.000680680852383, -0.00132147234399], [3.15981924359e-05, -0.0005483541172, -0.0014704662608, -0.00160060543567, -0.00145082047675, 0.00121715245768, 0.00926344562322, -0.0014036197681, -0.00424241274595, 0.00198611081578, -0.0025268914178, -0.000517000735272, 0.00151027634274], [-0.00024104359909, 0.000711176835466, -0.000362917373423, -0.00031647994183, -0.00140257424209, -0.00448505720124, -0.0014036197681, 0.0167874470353, -0.00142095249612, -0.00668080989271, 0.00115794071462, 0.00423236377537, -0.00468314997852], [4.85390264657e-05, -0.000924444408156, -6.32420687907e-06, 8.96947710771e-07, -0.00106101867277, 0.000119069212815, -0.00424241274595, -0.00142095249612, 0.0143713830039, -0.00390517385677, 0.000961633690167, -0.00468695955351, 5.39803295396e-05], [-0.000361973041436, 0.00208409549668, -0.00100505026057, 4.3817984988e-05, -0.000820174405817, -0.000573957629967, 0.00198611081578, -0.00668080989271, -0.00390517385677, 0.0291946474463, -0.0129170799628, -0.00254110200331, 0.00160785205662], [0.000506556592882, -0.00221837498248, 0.00129707041197, -0.00207958742976, 0.000983734964393, 0.000707825645804, -0.0025268914178, 0.00115794071462, 0.000961633690167, -0.0129170799628, 0.0212192069739, -0.00306329922751, -0.00543160084635], [-0.000766635697801, 0.003165604081, -0.00131485715974, 0.00258717290126, -0.00319280475378, -0.000680680852383, -0.000517000735272, 0.00423236377537, -0.00468695955351, -0.00254110200331, -0.00306329922751, 0.0226673446596, -0.00616603065282], [0.000441259529907, -0.00170285184868, 0.00160905090161, -0.000503231829498, 0.00119539350271, -0.00132147234399, 0.00151027634274, -0.00468314997852, 5.39803295396e-05, 0.00160785205662, -0.00543160084635, -0.00616603065282, 0.0185455158353]]}, "silence_rate_20dB": {"dvar": 0, "var": 0, "median": 1, "max": 1, "dmean": 0, "dmean2": 0, "mean": 1, "dvar2": 0, "min": 1}, "barkbands_skewness": {"dvar": 0.684017956257, "var": 3.26317334175, "median": 1.9843569994, "max": 12.2507009506, "dmean": 0.74896800518, "dmean2": 1.12888741493, "mean": 2.23726630211, "dvar2": 1.51648128033, "min": -2.40315246582}, "erbbands_skewness": {"dvar": 0.211534038186, "var": 0.812884747982, "median": 0.121845394373, "max": 3.5097014904, "dmean": 0.461191445589, "dmean2": 0.683304667473, "mean": 0.192782059312, "dvar2": 0.446287602186, "min": -2.36472272873}, "spectral_contrast_valleys": {"dvar": [0.14051656425, 0.0864703208208, 0.133898481727, 0.169292524457, 0.201267316937, 0.363281667233], "var": [4.6847076416, 3.15127873421, 3.2262377739, 3.69154715538, 4.85765838623, 5.9942650795], "median": [-7.2192735672, -6.31324863434, -6.99629068375, -7.48666763306, -7.52576065063, -9.34451675415], "max": [-5.073097229, -4.73429012299, -5.11332464218, -5.46617412567, -5.43281888962, -7.1159734726], "dmean": [0.405363678932, 0.341261744499, 0.383412450552, 0.389364540577, 0.40184494853, 0.575616240501], "dmean2": [0.663684785366, 0.560331285, 0.614536762238, 0.607639193535, 0.598165214062, 0.824070632458], "mean": [-7.72718381882, -6.48319101334, -7.19842910767, -7.76450872421, -7.94970655441, -9.99955749512], "dvar2": [0.316619962454, 0.204327642918, 0.305325984955, 0.364037752151, 0.402470648289, 0.735130667686], "min": [-27.9979877472, -28.0143985748, -27.8024291992, -27.6158676147, -27.526927948, -27.4729614258]}, "spectral_strongpeak": {"dvar": 0.104867525399, "var": 0.193100854754, "median": 0.533257961273, "max": 8.00073337555, "dmean": 0.185181826353, "dmean2": 0.317154586315, "mean": 0.608233869076, "dvar2": 0.27450633049, "min": 0}, "erbbands_crest": {"dvar": 4.13974905014, "var": 11.9183368683, "median": 6.89276123047, "max": 24.4506721497, "dmean": 2.09140396118, "dmean2": 3.36689949036, "mean": 7.67959356308, "dvar2": 10.4679670334, "min": 2.05804300308}, "barkbands_crest": {"dvar": 4.31318187714, "var": 41.9343566895, "median": 12.1267299652, "max": 26.3201408386, "dmean": 1.9079335928, "dmean2": 2.97632551193, "mean": 13.5043325424, "dvar2": 9.67401218414, "min": 1.67350947857}, "spectral_energyband_middle_low": {"dvar": 2.64093669102e-05, "var": 4.66284909635e-05, "median": 0.00763423275203, "max": 0.0738309472799, "dmean": 0.00349823781289, "dmean2": 0.00553848221898, "mean": 0.00938608217984, "dvar2": 6.39892750769e-05, "min": 1.90695398209e-22}, "spectral_contrast_coeffs": {"dvar": [0.00165053643286, 0.00130936934147, 0.000998503644951, 0.000534160120878, 0.000284356472548, 0.000470660917927], "var": [0.0127896955237, 0.00334622571245, 0.00310534075834, 0.0015584838111, 0.00142420083284, 0.00325392489322], "median": [-0.638656973839, -0.733330488205, -0.761112213135, -0.813725948334, -0.819538831711, -0.754947662354], "max": [-0.291642546654, -0.482199877501, -0.554928719997, -0.640662372112, -0.640204668045, -0.548441767693], "dmean": [0.048540443182, 0.0441996604204, 0.0392919629812, 0.0287396777421, 0.0198464300483, 0.0225777942687], "dmean2": [0.0799261778593, 0.0731249824166, 0.0647208690643, 0.0481511466205, 0.0326652564108, 0.0356429070234], "mean": [-0.626549065113, -0.732732772827, -0.757895648479, -0.809444844723, -0.81670576334, -0.759710848331], "dvar2": [0.00425072945654, 0.00363592919894, 0.00273210485466, 0.00145163654815, 0.000698676041793, 0.0010895607993], "min": [-0.981091976166, -0.978811383247, -0.977198123932, -0.97306150198, -0.967410504818, -0.965339183807]}, "hfc": {"dvar": 944.864379883, "var": 2314.66918945, "median": 23.7378959656, "max": 359.804016113, "dmean": 23.2483711243, "dmean2": 34.2970161438, "mean": 44.4726219177, "dvar2": 1946.00170898, "min": 1.09442883801e-16}, "spectral_energyband_high": {"dvar": 1.41022828757e-05, "var": 3.37260025844e-05, "median": 0.000947443710174, "max": 0.0323641784489, "dmean": 0.00260138045996, "dmean2": 0.00381652452052, "mean": 0.00414645206183, "dvar2": 2.97003971355e-05, "min": 7.15987828063e-21}, "erbbands_spread": {"dvar": 222.206710815, "var": 742.144226074, "median": 42.1751861572, "max": 132.888244629, "dmean": 12.0050573349, "dmean2": 18.3700466156, "mean": 44.8457527161, "dvar2": 503.564727783, "min": 2.46385502815}, "dissonance": {"dvar": 0.000375323725166, "var": 0.000985026941635, "median": 0.481041193008, "max": 0.500000178814, "dmean": 0.0170836243778, "dmean2": 0.0292815677822, "mean": 0.471309274435, "dvar2": 0.00104901345912, "min": 0.229437887669}, "spectral_kurtosis": {"dvar": 286.293365479, "var": 1594.39318848, "median": 2.23250031471, "max": 320.153259277, "dmean": 5.6743645668, "dmean2": 8.98003196716, "mean": 14.3125696182, "dvar2": 670.394592285, "min": -1.26156461239}, "spectral_skewness": {"dvar": 0.625832498074, "var": 4.77062511444, "median": 1.33847570419, "max": 13.9602012634, "dmean": 0.468638062477, "dmean2": 0.718117713928, "mean": 2.00129008293, "dvar2": 1.50582122803, "min": -0.0757474526763}, "pitch_salience": {"dvar": 0.004287277814, "var": 0.0369205996394, "median": 0.426041543484, "max": 0.976815462112, "dmean": 0.0624989904463, "dmean2": 0.0987345129251, "mean": 0.426151573658, "dvar2": 0.00996639300138, "min": 0.0686023086309}, "spectral_complexity": {"dvar": 33.9820785522, "var": 196.120132446, "median": 17, "max": 66, "dmean": 4.91328907013, "dmean2": 7.44370031357, "mean": 22.1048412323, "dvar2": 68.6329040527, "min": 0}, "spectral_spread": {"dvar": 1444140548100.0, "var": 14849738276900.0, "median": 5722765, "max": 43330300, "dmean": 927260.875, "dmean2": 1343687.875, "mean": 5725533, "dvar2": 2899349340160.0, "min": 240289.1875}, "dynamic_complexity": 2.60526823997, "melbands_crest": {"dvar": 7.5751914978, "var": 102.656532288, "median": 25.4525661469, "max": 37.7445373535, "dmean": 2.37049555779, "dmean2": 3.76792383194, "mean": 22.1289176941, "dvar2": 18.0001964569, "min": 1.56427752972}, "zerocrossingrate": {"dvar": 0.000367006170563, "var": 0.00384631566703, "median": 0.04248046875, "max": 0.53515625, "dmean": 0.0151474485174, "dmean2": 0.0187953878194, "mean": 0.0609695240855, "dvar2": 0.000550032185856, "min": 0.00146484375}, "spectral_energyband_low": {"dvar": 0.000252988102147, "var": 0.00311927939765, "median": 0.0325976610184, "max": 0.264282912016, "dmean": 0.00796520151198, "dmean2": 0.0121487779543, "mean": 0.0548435784876, "dvar2": 0.000524266157299, "min": 1.47794163444e-23}, "melbands_kurtosis": {"dvar": 400.373016357, "var": 1375.03491211, "median": 14.7308139801, "max": 368.238861084, "dmean": 12.443312645, "dmean2": 18.8687286377, "mean": 28.2633552551, "dvar2": 919.209289551, "min": -1.5265635252}, "spectral_energyband_middle_high": {"dvar": 1.46550501086e-05, "var": 2.94968740491e-05, "median": 0.00250801839866, "max": 0.0432405397296, "dmean": 0.00228226394393, "dmean2": 0.00360383233055, "mean": 0.00471617793664, "dvar2": 3.57147182513e-05, "min": 1.1712903727e-21}, "barkbands_spread": {"dvar": 155.780532837, "var": 497.708984375, "median": 17.4636974335, "max": 105.141578674, "dmean": 9.66202163696, "dmean2": 14.5267601013, "mean": 25.2547912598, "dvar2": 328.785888672, "min": 0.639304339886}, "mfcc": {"mean": [-641.225891113, 117.574363708, 24.3495635986, 3.36844062805, -10.8147573471, 7.95072698593, -7.02381086349, 9.30138301849, 3.48135900497, 5.88772296906, -0.499911636114, 5.63344097137, 0.741182625294], "cov": [[13049.9580078, -4636.71972656, 435.757720947, 1666.60290527, 782.274780273, 1103.4744873, 485.685516357, 785.124389648, 547.653381348, 508.734985352, 586.864990234, 461.249664307, 552.585510254], [-4636.71972656, 3890.61083984, -543.739501953, -642.907348633, -142.749649048, -360.417755127, -107.095237732, -220.157989502, -123.612937927, -107.856994629, -241.28364563, -68.7362976074, -205.337127686], [435.757720947, -543.739501953, 1156.27587891, 33.4304428101, -24.3749084473, 156.02041626, 84.3674240112, 156.