{"metadata": {"audio_properties": {"downmix": "mix", "bit_rate": 0, "lossless": true, "md5_encoded": "1aee5c5629739b26b4b2247666ff54d2", "analysis_sample_rate": 44100, "sample_rate": 44100, "replay_gain": -11.7508583069, "equal_loudness": 0, "codec": "flac", "length": 269.079986572}, "tags": {"musicbrainz_albumid": ["5bd3a110-dde9-4f46-9e61-158bfffc001a"], "musicbrainz_recordingid": ["875928bf-5f62-4c51-8bd1-e282da2c81a8"], "tracknumber": ["11"], "artist": ["Anis"], "tracktotal": ["15"], "totaltracks": ["15"], "originaldate": ["2005-10"], "musicbrainz_releasegroupid": ["f1c822ca-7329-3868-b2f9-08d8c06bd59f"], "asin": ["B000FTJ2P0"], "media": ["CD"], "compilation": ["0"], "musicbrainz_albumartistid": ["a9263af2-37bb-43cc-b236-d892e23e5a1e"], "file_name": "11 Oisif.flac", "bpm": ["0"], "musicbrainz_artistid": ["a9263af2-37bb-43cc-b236-d892e23e5a1e"], "albumartistsort": ["Anis"], "script": ["Latn"], "label": ["Virgin Music France"], "releasecountry": ["FR"], "album": ["La Chance…"], "date": ["2006-06-26"], "title": ["Oisif"], "language": ["fra"], "discnumber": ["1"], "artistsort": ["Anis"], "disctotal": ["1"], "genre": ["Varietes Francaises"], "totaldiscs": ["1"], "albumartist": ["Anis"]}, "version": {"essentia_build_sha": "70f2e5ece6736b2c40cc944ad0e695b16b925413", "essentia_git_sha": "v2.1_beta2", "extractor": "music 1.0", "essentia": "2.1-beta2"}}, "tonal": {"chords_scale": "major", "hpcp": {"dmean": [0.153594791889, 0.155855685472, 0.127246722579, 0.0920392647386, 0.0808351635933, 0.0865524560213, 0.101920641959, 0.112813137472, 0.171382591128, 0.227370858192, 0.188598111272, 0.156252324581, 0.0903208106756, 0.0668325349689, 0.0994638577104, 0.142177700996, 0.12648050487, 0.101739145815, 0.0767888352275, 0.072740778327, 0.0835790634155, 0.108344890177, 0.120635591447, 0.141629859805, 0.165991187096, 0.115821115673, 0.0635319128633, 0.047173704952, 0.0542895533144, 0.105725929141, 0.165663868189, 0.180544450879, 0.141770809889, 0.112062133849, 0.118612959981, 0.137363731861], "dvar2": [0.141939520836, 0.140765726566, 0.112418815494, 0.0956501662731, 0.0916991606355, 0.0891868397593, 0.09334089607, 0.0958703756332, 0.118103124201, 0.18733613193, 0.142869904637, 0.132657662034, 0.0813644751906, 0.0639181509614, 0.0863583981991, 0.131949320436, 0.113574013114, 0.0896212160587, 0.069944486022, 0.0714452266693, 0.0806110426784, 0.0946410894394, 0.11008438468, 0.105754323304, 0.147775173187, 0.0754623413086, 0.0508170723915, 0.0489475093782, 0.0507280305028, 0.086456798017, 0.127551734447, 0.143248558044, 0.117149598897, 0.125187024474, 0.139818564057, 0.132499620318], "mean": [0.191143959761, 0.184643879533, 0.11103734374, 0.0705382674932, 0.0642055273056, 0.0695504397154, 0.103625901043, 0.123281866312, 0.16284532845, 0.292144834995, 0.298211932182, 0.154954463243, 0.0663834214211, 0.0462197512388, 0.089622810483, 0.178585767746, 0.183131456375, 0.102517180145, 0.0598114132881, 0.0551406666636, 0.0678766295314, 0.108619175851, 0.12896668911, 0.14628085494, 0.193527922034, 0.151733979583, 0.0604626499116, 0.032399661839, 0.0387678146362, 0.099363066256, 0.228220894933, 0.244529217482, 0.135788470507, 0.0842135101557, 0.0839729532599, 0.122885555029], "var": [0.0898091644049, 0.0795131698251, 0.0419472455978, 0.0283085200936, 0.0286785326898, 0.0273947846144, 0.0421280935407, 0.0529355555773, 0.0505459606647, 0.11948247999, 0.118871189654, 0.0594001114368, 0.0225634165108, 0.0149209452793, 0.031513299793, 0.0760125890374, 0.0849622562528, 0.0339473634958, 0.0202659200877, 0.0193724166602, 0.0243604034185, 0.0423564575613, 0.0522490218282, 0.0492608249187, 0.0844613388181, 0.0631341487169, 0.0201425570995, 0.0110883675516, 0.0130888149142, 0.0342562496662, 0.0947587192059, 0.0982926636934, 0.0478337705135, 0.0391753166914, 0.0411742441356, 0.0517199225724], "dmean2": [0.270167857409, 0.269750833511, 0.226021692157, 0.168308705091, 0.14917910099, 0.156783923507, 0.178629174829, 0.199147626758, 0.300327986479, 0.392983406782, 0.324058175087, 0.276036798954, 0.164781481028, 0.124188780785, 0.174374803901, 0.246612235904, 0.221290975809, 0.181221231818, 0.139942616224, 0.132031723857, 0.149611026049, 0.188139528036, 0.210488319397, 0.247789844871, 0.292102575302, 0.200501039624, 0.11191021651, 0.0876702144742, 0.0991301015019, 0.185015887022, 0.283866792917, 0.308260858059, 0.248608157039, 0.20340333879, 0.216912582517, 0.247908532619], "dvar": [0.0551166422665, 0.0554049238563, 0.0425879098475, 0.0349550880492, 0.0320301130414, 0.0312603749335, 0.0342845991254, 0.0365989767015, 0.0443678721786, 0.0732039213181, 0.0571481324732, 0.049959462136, 0.0294326189905, 0.0223990865052, 0.032288864255, 0.0511611960828, 0.0435602739453, 0.0325800031424, 0.0255271475762, 0.0255495868623, 0.029312280938, 0.0374788045883, 0.0423628762364, 0.0408826619387, 0.0578291900456, 0.0310471020639, 0.0188710018992, 0.017149021849, 0.0183463022113, 0.032461527735, 0.0531487502158, 0.0584749020636, 0.0443407334387, 0.0475993268192, 0.0525541976094, 0.0490439981222], "min": [0, 0, 0, 0, 0, 0, 0, 0, 0, 0, 0, 0, 0, 0, 0, 0, 0, 0, 0, 0, 0, 0, 0, 0, 0, 0, 0, 0, 0, 0, 0, 0, 0, 0, 0, 0], "median": [0.0365934446454, 0.0429057702422, 0.0223522260785, 0.00908159837127, 0.00548377772793, 0.0087389908731, 0.0153136886656, 0.0215866267681, 0.0617656037211, 0.12132461369, 0.134521812201, 0.0393306910992, 0.00976107828319, 0.00702857691795, 0.0170879587531, 0.0364172160625, 0.0414079725742, 0.0223987214267, 0.0104744313285, 0.00685414671898, 0.0113089438528, 0.0210006255656, 0.0277262032032, 0.0486176759005, 0.0503129065037, 0.0332469716668, 0.00843217503279, 0.00329616712406, 0.00375899439678, 0.0219944193959, 0.0769099891186, 0.0908476486802, 0.0401096530259, 0.0078183952719, 0.00564686348662, 0.0152040859684], "max": [1, 1, 1, 1, 1, 1, 1, 1, 1, 1, 1, 1, 1, 1, 1, 1, 1, 1, 1, 1, 1, 1, 1, 1, 1, 1, 1, 1, 1, 1, 1, 1, 1, 1, 1, 1]}, "tuning_equal_tempered_deviation": 0.209020033479, "chords_key": "C", "chords_strength": {"dmean": 0.0113840391859, "dvar2": 0.000760028895456, "mean": 0.567404270172, "var": 0.0173707250506, "dmean2": 0.0120610604063, "dvar": 0.000416403170675, "min": -1, "median": 0.577903628349, "max": 0.813764333725}, "tuning_diatonic_strength": 0.783924281597, "thpcp": [1, 0.519611895084, 0.222604840994, 0.154989615083, 0.300533950329, 0.59885519743, 0.614098370075, 0.343772888184, 0.200566798449, 0.184904292226, 0.227612048388, 0.364234834909, 0.432466566563, 0.490526497364, 0.648961007595, 0.50881254673, 0.202750608325, 0.108646430075, 0.130000889301, 0.333196133375, 0.765297651291, 0.819984674454, 0.455342173576, 0.282394826412, 0.281588166952, 0.412074565887, 0.640966832638, 0.61917001009, 0.372343719006, 0.236537367105, 0.215301677585, 0.233224868774, 0.347490787506, 0.41340354085, 0.546072483063, 0.979655086994], "chords_histogram": [40.9075241089, 0.552104890347, 17.0979995728, 1.60455489159, 1.13871634007, 0.0345065556467, 0.845410645008, 0.120772950351, 0, 0.0862663909793, 0.0172532778233, 0, 0, 0.0345065556467, 0, 2.15665984154, 0.414078682661, 3.76121473312, 0, 0.983436882496, 0.465838521719, 7.40165615082, 13.5438232422, 8.83367824554], "tuning_nontempered_energy_ratio": 0.897175729275, "tuning_frequency": 434.193115234, "key_strength": 0.841502547264, "chords_changes_rate": 0.0469289161265, "key_scale": "major", "hpcp_entropy": {"dmean": 0.635382950306, "dvar2": 0.746491491795, "mean": 2.11177015305, "var": 0.500936746597, "dmean2": 1.06685757637, "dvar": 0.269743025303, "min": 0, "median": 2.14691972733, "max": 4.24536991119}, "key_key": "C", "chords_number_rate": 0.00155279505998}, "lowlevel": {"melbands_skewness": {"dmean": 1.03897845745, "dvar2": 3.09131646156, "mean": 3.20423173904, "var": 3.88090348244, "dmean2": 1.57677304745, "dvar": 1.38879561424, "min": -1.49465715885, "median": 2.83141994476, "max": 18.4359798431}, "melbands_kurtosis": {"dmean": 14.7478647232, "dvar2": 1434.45483398, "mean": 24.4130306244, "var": 1075.10522461, "dmean2": 23.2587947845, "dvar": 616.558654785, "min": -1.52440690994, "median": 13.4286975861, "max": 444.672119141}, "barkbands_kurtosis": {"dmean": 7.5955824852, "dvar2": 425.313262939, "mean": 10.912566185, "var": 286.193389893, "dmean2": 12.1932344437, "dvar": 177.444061279, "min": -1.90026986599, "median": 5.76075649261, "max": 237.681488037}, "hfc": {"dmean": 6.03040409088, "dvar2": 215.063552856, "mean": 15.505900383, "var": 170.3177948, "dmean2": 8.9925069809, "dvar": 88.5757369995, "min": 1.06823573378e-16, "median": 12.5665893555, "max": 142.023864746}, "silence_rate_20dB": {"dmean": 0, "dvar2": 0, "mean": 1, "var": 0, "dmean2": 0, "dvar": 0, "min": 1, "median": 1, "max": 1}, "erbbands_flatness_db": {"dmean": 0.0229797661304, "dvar2": 0.00112128525507, "mean": 0.16810284555, "var": 0.0026766883675, "dmean2": 0.0331830345094, "dvar": 0.000582717126235, "min": 0.024734698236, "median": 0.16467179358, "max": 0.413006335497}, "spectral_flux": {"dmean": 0.0406467914581, "dvar2": 0.00824574101716, "mean": 0.103923246264, "var": 0.00669300276786, "dmean2": 0.0641493275762, "dvar": 0.00399581016973, "min": 6.34738164806e-11, "median": 0.0819394811988, "max": 0.59791636467}, "spectral_energyband_low": {"dmean": 0.0157321691513, "dvar2": 0.00528840906918, "mean": 0.0208862666041, "var": 0.00169889885001, "dmean2": 0.0264947619289, "dvar": 0.00197119568475, "min": 1.82840192683e-23, "median": 0.00690304022282, "max": 0.403486043215}, "spectral_rolloff": {"dmean": 334.744506836, "dvar2": 1922053.5, "mean": 855.413452148, "var": 2625448.25, "dmean2": 572.302124023, "dvar": 786984.9375, "min": 21.533203125, "median": 430.6640625, "max": 19336.8164062}, "spectral_entropy": {"dmean": 0.270075082779, "dvar2": 0.169057026505, "mean": 6.9874548912, "var": 0.46080082655, "dmean2": 0.395765513182, "dvar": 0.0871514379978, "min": 4.06463050842, "median": 7.06064319611, "max": 9.81894111633}, "spectral_energy": {"dmean": 0.0218685921282, "dvar2": 0.00609121145681, "mean": 0.0417699255049, "var": 0.00234216824174, "dmean2": 0.0357354432344, "dvar": 0.00230168318376, "min": 9.95767372313e-21, "median": 0.0285852923989, "max": 0.428838253021}, "spectral_centroid": {"dmean": 185.270553589, "dvar2": 149567.453125, "mean": 798.360656738, "var": 723505.25, "dmean2": 282.415649414, "dvar": 70190.046875, "min": 132.816543579, "median": 658.6484375, "max": 12217.1982422}, "barkbands_flatness_db": {"dmean": 0.0299119614065, "dvar2": 0.00198114174418, "mean": 0.181703820825, "var": 0.00570164481178, "dmean2": 0.0443786531687, "dvar": 0.00099191791378, "min": 0.0218231007457, "median": 0.16761213541, "max": 0.545561790466}, "spectral_rms": {"dmean": 0.00133780448232, "dvar2": 1.07755868157e-05, "mean": 0.00571198761463, "var": 8.12424332253e-06, "dmean2": 0.00206860131584, "dvar": 4.4151088332e-06, "min": 3.11685811709e-12, "median": 0.00528091751039, "max": 0.0204543098807}, "melbands": {"dmean": [0.00256893760525, 0.00327576580457, 0.00148880190682, 0.00124401273206, 0.000609581184108, 0.000340037920978, 0.000316830934025, 0.000170976898517, 0.000164942990523, 9.36224096222e-05, 6.07014117122e-05, 4.65701086796e-05, 3.89961824112e-05, 2.90094867523e-05, 3.57879871444e-05, 2.81977136183e-05, 4.97601067764e-05, 1.3465801203e-05, 1.14687891255e-05, 1.13750174933e-05, 7.51508287067e-06, 5.75228341404e-06, 4.92809931529e-06, 3.23329459206e-06, 1.93810615201e-06, 1.66580184668e-06, 1.97985809791e-06, 1.9179726678e-06, 1.21581638268e-06, 9.49103423409e-07, 9.99265466817e-07, 9.53491678501e-07, 8.04298338153e-07, 6.10328186212e-07, 5.01704676026e-07, 7.81170228947e-07, 5.06248852616e-07, 4.61660903284e-07, 3.66023982679e-07, 2.71872323765e-07], "dvar2": [0.000155919362442, 0.000246331561357, 3.57189528586e-05, 3.75286617782e-05, 1.56846249411e-06, 9.12817256449e-07, 8.06352659311e-07, 4.65494849777e-07, 3.7922887941e-07, 1.66658878697e-07, 5.66464102292e-08, 2.50711114091e-08, 1.83853181568e-08, 1.38719382647e-08, 2.22041105502e-08, 8.99405172561e-09, 3.08681116223e-08, 1.99294825087e-09, 1.59908764008e-09, 1.35431832415e-09, 5.26317878169e-10, 2.18884799175e-10, 2.38313813128e-10, 3.55080326253e-10, 3.87647899891e-11, 3.02340305569e-11, 5.15928966216e-11, 7.74594277608e-11, 5.5831832213e-11, 1.52614899884e-11, 2.89258929309e-11, 2.56359152656e-11, 1.22332933714e-11, 6.68735336204e-12, 4.94028862957e-12, 1.00893061267e-11, 3.51329360569e-12, 3.19791350518e-12, 2.28259165042e-12, 9.22930677195e-13], "mean": [0.00307181454264, 0.00411586137488, 0.00177925440948, 0.00169151357841, 0.00106070446782, 0.000573547906242, 0.000507416552864, 0.000249688833719, 0.000234483231907, 0.000132850647788, 9.10883391043e-05, 6.59744255245e-05, 5.69069561607e-05, 4.13447778556e-05, 5.63425055589e-05, 4.58041831735e-05, 7.83533832873e-05, 2.18812656385e-05, 1.75212844624e-05, 1.84851214726e-05, 1.66308545886e-05, 1.26568829728e-05, 8.66089521878e-06, 4.93837569593e-06, 3.24356869896e-06, 2.87600983029e-06, 3.14008775604e-06, 2.82062615042e-06, 1.66080565123e-06, 1.54118549744e-06, 1.32017260057e-06, 1.26747136164e-06, 1.14181284516e-06, 8.76469300692e-07, 6.70750637255e-07, 1.03945956198e-06, 8.70880398907e-07, 7.5190411053e-07, 5.43492774341e-07, 4.92108540584e-07], "var": [4.9351103371e-05, 7.11636021151e-05, 1.12223078759e-05, 1.28965066324e-05, 1.22280232517e-06, 7.45494219245e-07, 7.45960562654e-07, 3.20613935401e-07, 3.10930431624e-07, 1.30876600224e-07, 8.66720242243e-08, 2.51160727771e-08, 1.43772798111e-08, 1.31360726741e-08, 1.68421419033e-08, 9.79548087088e-09, 2.61018033854e-08, 1.79687653645e-09, 1.32030164579e-09, 1.27901356173e-09, 9.45252986995e-10, 5.12615450088e-10, 1.97333094309e-10, 1.24077539909e-10, 2.10679668156e-11, 1.90035313874e-11, 3.23083851339e-11, 3.79855383259e-11, 1.62667171399e-11, 1.06282248627e-11, 1.29924621409e-11, 1.04768598311e-11, 5.85625688568e-12, 3.55693339366e-12, 2.50957696464e-12, 5.67305187202e-12, 3.25151385851e-12, 2.25584741859e-12, 1.52186640026e-12, 1.16532445586e-12], "dmean2": [0.00436914339662, 0.00567652052268, 0.00258382316679, 0.002081803279, 0.000978270079941, 0.000543015601579, 0.000492836697958, 0.00026472681202, 0.000249094795436, 0.000141790165799, 8.83320244611e-05, 7.47912708903e-05, 6.11404539086e-05, 4.37858252553e-05, 5.51454577362e-05, 4.30988584412e-05, 8.41784567456e-05, 2.12992290471e-05, 1.7908279915e-05, 1.7651309463e-05, 1.12108427857e-05, 8.19415254227e-06, 7.51564130042e-06, 5.20224648426e-06, 3.06175365949e-06, 2.59162425209e-06, 3.04373361359e-06, 3.04299669551e-06, 1.99860369321e-06, 1.458521524e-06, 1.59846808856e-06, 1.49653044446e-06, 1.24075802432e-06, 9.29847772113e-07, 7.5985570902e-07, 1.18981199648e-06, 7.52649100377e-07, 6.8166713163e-07, 5.42310885976e-07, 4.06295299626e-07], "dvar": [5.84080044064e-05, 8.78791252035e-05, 1.3024805412e-05, 1.4418428691e-05, 6.39337940811e-07, 3.7033257172e-07, 3.67606105556e-07, 2.02899997248e-07, 1.82028159657e-07, 7.70278845152e-08, 3.49791235976e-08, 1.15491110009e-08, 8.19600121105e-09, 7.16657666544e-09, 9.36447808186e-09, 4.36378355673e-09, 1.14011173835e-08, 8.40145730763e-10, 6.81513900869e-10, 5.83034787116e-10, 2.31108257531e-10, 1.12868998869e-10, 1.01315053569e-10, 1.28573776625e-10, 1.48919470505e-11, 1.23053581214e-11, 2.20128602846e-11, 3.06362990532e-11, 2.00444990467e-11, 6.2395279915e-12, 1.06793870622e-11, 9.80607522266e-12, 4.87801595991e-12, 2.75755048136e-12, 2.08105082646e-12, 4.39221228832e-12, 1.7114170324e-12, 1.49507110251e-12, 1.05974604092e-12, 4.38390209551e-13], "min": [2.28967706044e-24, 4.55983494108e-25, 1.05521584556e-24, 6.64533123203e-25, 1.56599933739e-24, 1.43829212456e-24, 1.30571290678e-24, 1.80327607591e-24, 2.12956649846e-24, 2.18325952711e-24, 2.75362785248e-24, 2.73876393809e-24, 2.0340478674e-24, 2.01784900314e-24, 2.80221635943e-24, 2.08352305401e-24, 3.84813094328e-24, 3.10889550266e-24, 3.58750628855e-24, 3.07844073856e-24, 4.14039917549e-24, 3.85593317206e-24, 5.2295790329e-24, 4.72671570456e-24, 4.80544441734e-24, 4.65232967108e-24, 4.66147809099e-24, 5.39289020079e-24, 4.18794224453e-24, 6.51555602034e-24, 4.87909602132e-24, 6.16208283149e-24, 5.48850803111e-24, 6.71130514865e-24, 4.9236216974e-24, 4.97476276102e-24, 6.37638636273e-24, 6.29304241923e-24, 6.65410563327e-24, 5.97688629551e-24], "median": [0.00077626586426, 0.00115081341937, 0.000713686808012, 0.000928794150241, 0.00071386952186, 0.000252316880506, 0.000172377709532, 7.13888075552e-05, 4.98477675137e-05, 2.90027746814e-05, 2.4043420126e-05, 2.09845784411e-05, 1.66477402672e-05, 1.08477615868e-05, 1.21814664453e-05, 9.61390196608e-06, 1.39462372317e-05, 6.5216627263e-06, 3.66804738405e-06, 4.76399554827e-06, 5.14918383487e-06, 3.6741544136e-06, 3.02135958918e-06, 1.67559744568e-06, 1.67316443367e-06, 1.42543444781e-06, 1.30168837131e-06, 9.78501816462e-07, 5.38967128705e-07, 4.66557537493e-07, 3.16422870128e-07, 3.04835566567e-07, 3.49720266968e-07, 2.77565845863e-07, 1.72751128957e-07, 2.53795064964e-07, 2.50422942827e-07, 2.58264947206e-07, 1.72574857515e-07, 9.09354014311e-08], "max": [0.0776263549924, 0.10336009413, 0.0571589916945, 0.0576003417373, 0.0110478661954, 0.0141856195405, 0.0119493482634, 0.0129009941593, 0.00759216537699, 0.00616322504357, 0.00623067235574, 0.00392113719136, 0.00243940134533, 0.00266704405658, 0.00322375819087, 0.00179880682845, 0.0021310900338, 0.000641371065285, 0.000518495275173, 0.000682676734868, 0.000547690666281, 0.000244793802267, 0.000195656190044, 0.000299458595691, 9.48298038566e-05, 0.000106479477836, 0.000110043307359, 9.80383192655e-05, 0.00010018949979, 5.39398097317e-05, 7.13370682206e-05, 9.6919167845e-05, 5.52807468921e-05, 3.34394462698e-05, 3.25681685354e-05, 3.63665894838e-05, 3.36525845341e-05, 2.87300445052e-05, 2.92811546387e-05, 1.47130467667e-05]}, "barkbands_crest": {"dmean": 2.97144651413, "dvar2": 17.1432971954, "mean": 11.4974241257, "var": 16.9536895752, "dmean2": 4.86385440826, "dvar": 6.5805478096, "min": 2.39690923691, "median": 10.8431653976, "max": 25.5144405365}, "mfcc": {"icov": [[0.000140417017974, 2.82831733784e-05, 0.000161039381055, 5.03436785948e-05, 8.2557060523e-05, -5.98295664531e-05, 3.5780500184e-05, -5.61434681003e-05, 2.03775925911e-06, -0.000170636936673, 8.2202233898e-05, -0.00021299396758, -9.2462696557e-06], [2.82831733784e-05, 0.000686069251969, 8.72913733474e-05, 9.53055787249e-05, -0.000141986456583, 0.000102770267404, -0.000364041508874, -0.000139517302159, -5.48478965356e-05, 9.04847329366e-05, -0.000213845691178, -0.000112181987788, -0.000183162061148], [0.000161039381055, 8.72913733474e-05, 0.0017046405701, -0.000662441656459, 0.000390822126064, -0.000682391226292, -0.00049475824926, -0.000344181724358, 0.000427328486694, -5.82420307182e-06, 0.000759317481425, 0.000120890748804, 0.000242980517214], [5.03436785948e-05, 9.53055787249e-05, -0.000662441656459, 0.00276333955117, -0.00162315985654, 0.000394949049223, 0.000535139988642, -0.000527842552401, 4.23156925535e-05, 0.00093370792456, -0.000299250794342, 0.000255796912825, 5.06969772687e-05], [8.2557060523e-05, -0.000141986456583, 0.000390822126064, -0.00162315985654, 0.00423313956708, -0.00124485918786, 0.000948610249907, -0.000122047356854, 0.000288502167678, -0.00219902279787, 0.00189920538105, -0.00163475784939, 0.000508734374307], [-5.98295664531e-05, 0.000102770267404, -0.000682391226292, 0.000394949049223, -0.00124485918786, 0.0050080860965, -0.00176563137211, 0.000945620937273, -0.000990278087556, 0.000713899673428, -0.00192569463979, 0.000760506954975, -8.5691732238e-05], [3.5780500184e-05, -0.000364041508874, -0.00049475824926, 0.000535139988642, 0.000948610249907, -0.00176563137211, 0.00608103536069, -0.00123018550221, 0.000549442716874, -0.000362088117981, -0.000325474102283, -0.000842323934194, 0.000261886074441], [-5.61434681003e-05, -0.000139517302159, -0.000344181724358, -0.000527842552401, -0.000122047356854, 0.000945620937273, -0.00123018550221, 0.00735864695162, -0.00259456573986, 0.00197565881535, -0.000450614985311, 0.000360606907634, -0.00162305100821], [2.03775925911e-06, -5.48478965356e-05, 0.000427328486694, 4.23156925535e-05, 0.000288502167678, -0.000990278087556, 0.000549442716874, -0.00259456573986, 0.0077178128995, -0.00260894023813, 0.00120374490507, 0.00045836289064, -0.000437585375039], [-0.000170636936673, 9.04847329366e-05, -5.82420307182e-06, 0.00093370792456, -0.00219902279787, 0.000713899673428, -0.000362088117981, 0.00197565881535, -0.00260894023813, 0.0106454025954, -0.00401586992666, 0.00156266975682, 2.38848479057e-05], [8.2202233898e-05, -0.000213845691178, 0.000759317481425, -0.000299250794342, 0.00189920538105, -0.00192569463979, -0.000325474102283, -0.000450614985311, 0.00120374490507, -0.00401586992666, 0.0109452856705, -0.00351303862408, 0.00285412953235], [-0.00021299396758, -0.000112181987788, 0.000120890748804, 0.000255796912825, -0.00163475784939, 0.000760506954975, -0.000842323934194, 0.000360606907634, 0.00045836289064, 0.00156266975682, -0.00351303862408, 0.0122284945101, -0.00330976094119], [-9.2462696557e-06, -0.000183162061148, 0.000242980517214, 5.06969772687e-05, 0.000508734374307, -8.5691732238e-05, 0.000261886074441, -0.00162305100821, -0.000437585375039, 2.38848479057e-05, 0.00285412953235, -0.00330976094119, 0.0103969024494]], "mean": [-683.471801758, 144.552124023, 26.4638748169, 26.2871170044, 16.1563987732, 5.59609079361, -0.788788974285, -2.47141098976, -6.31691837311, -1.96648430824, -4.37643814087, 0.015817347914, -2.36170053482], "cov": [[9395.95019531, -152.540237427, -1247.42907715, -662.59375, -217.261016846, -58.2146911621, -68.2754974365, -53.6262512207, 104.982955933, 223.572265625, 129.56211853, 183.070892334, 68.1688690186], [-152.540237427, 1589.71923828, -87.7077636719, -86.078125, 0.0175100807101, 5.52950143814, 113.683319092, 52.9257659912, 19.9455833435, 0.430752635002, 44.2132644653, 42.7307815552, 38.0873985291], [-1247.42907715, -87.7077636719, 928.007568359, 269.949493408, 28.0657444, 101.025398254, 79.1197128296, 52.241645813, -43.8466529846, -79.1996688843, -66.8387756348, -48.4980583191, -18.7909889221], [-662.59375, -86.078125, 269.949493408, 614.215087891, 231.323135376, -11.5705041885, -69.7945175171, 49.0152893066, -14.4156141281, -51.5536651611, -62.2479438782, -13.5131969452, -1.11605811119], [-217.261016846, 0.0175100807101, 28.0657444, 231.323135376, 397.337677002, 37.6866569519, -66.22631073, -4.75024700165, 8.06162929535, 39.2188987732, -37.5801773071, 20.5059909821, -3.08831977844], [-58.2146911621, 5.52950143814, 101.025398254, -11.5705041885, 37.6866569519, 273.189483643, 82.3651351929, -18.1382446289, 13.7821521759, 16.58502388, 45.3290786743, -2.3281223774, -19.4003868103], [-68.2754974365, 113.683319092, 79.1197128296, -69.7945175171, -66.22631073, 82.3651351929, 227.45765686, 26.7070503235, -4.10255432129, -2.44779491425, 32.9129524231, 10.5302257538, -3.05749988556], [-53.6262512207, 52.9257659912, 52.241645813, 49.0152893066, -4.75024700165, -18.1382446289, 26.7070503235, 181.928222656, 47.9102058411, -34.9938049316, -22.0299224854, 0.985523462296, 35.6938171387], [104.982955933, 19.9455833435, -43.8466529846, -14.4156141281, 8.06162929535, 13.7821521759, -4.10255432129, 47.9102058411, 163.54876709, 32.8746376038, -7.02957677841, -6.91713905334, 15.3770961761], [223.572265625, 0.430752635002, -79.1996688843, -51.5536651611, 39.2188987732, 16.58502388, -2.44779491425, -34.9938049316, 32.8746376038, 142.377212524, 50.5476951599, 1.24759089947, -17.2973079681], [129.56211853, 44.2132644653, -66.8387756348, -62.2479438782, -37.5801773071, 45.3290786743, 32.9129524231, -22.0299224854, -7.02957677841, 50.5476951599, 144.713638306, 26.7044010162, -30.9332180023], [183.070892334, 42.7307815552, -48.4980583191, -13.5131969452, 20.5059909821, -2.3281223774, 10.5302257538, 0.985523462296, -6.91713905334, 1.24759089947, 26.7044010162, 104.695571899, 26.6850280762], [68.1688690186, 38.0873985291, -18.7909889221, -1.11605811119, -3.08831977844, -19.4003868103, -3.05749988556, 35.6938171387, 15.3770961761, -17.2973079681, -30.9332180023, 26.6850280762, 120.67263031]]}, "spectral_decrease": {"dmean": 5.67727909129e-09, "dvar2": 4.18766815785e-16, "mean": -1.06945066136e-08, "var": 1.59339364645e-16, "dmean2": 9.29480314937e-09, "dvar": 1.58093286535e-16, "min": -1.12374358707e-07, "median": -7.20863191361e-09, "max": 1.45239203968e-28}, "zerocrossingrate": {"dmean": 0.0093892076984, "dvar2": 0.00022672090563, "mean": 0.0415600240231, "var": 0.0019427977968, "dmean2": 0.0113486200571, "dvar": 0.000171005696757, "min": 0.00244140625, "median": 0.0322265625, "max": 0.52392578125}, "spectral_contrast_coeffs": {"dmean": [0.053012046963, 0.0553708523512, 0.0461337193847, 0.0423738025129, 0.0304934699088, 0.0207654349506], "dvar2": [0.00510147958994, 0.00520753953606, 0.00351590057835, 0.00293506751768, 0.00157572049648, 0.000757059897296], "mean": [-0.605580031872, -0.67280203104, -0.753750860691, -0.737348496914, -0.772823870182, -0.78621917963], "var": [0.00808572489768, 0.00868052057922, 0.00780472252518, 0.00684027886018, 0.00387925677933, 0.00193601148203], "dmean2": [0.0869955271482, 0.0879347249866, 0.0707019940019, 0.0646413639188, 0.045293584466, 0.0312105212361], "dvar": [0.00197035935707, 0.00217749737203, 0.00176475860644, 0.00141503743362, 0.000821412948426, 0.000357008015271], "min": [-0.978753328323, -0.981800019741, -0.984930872917, -0.98379445076, -0.979046881199, -0.972985804081], "median": [-0.609490275383, -0.677489161491, -0.765796422958, -0.734354138374, -0.778882265091, -0.784876585007], "max": [-0.264198452234, -0.34546405077, -0.388317763805, -0.477313548326, -0.519658029079, -0.610909581184]}, "spectral_skewness": {"dmean": 0.364221423864, "dvar2": 0.518085837364, "mean": 2.21072411537, "var": 1.03702843189, "dmean2": 0.534626185894, "dvar": 0.270657241344, "min": -0.0985695943236, "median": 2.06102776527, "max": 12.9535150528}, "spectral_energyband_middle_high": {"dmean": 0.00141852151137, "dvar2": 9.77772197075e-06, "mean": 0.00339080113918, "var": 1.52048423843e-05, "dmean2": 0.00209412840195, "dvar": 4.58549493487e-06, "min": 1.22233626184e-21, "median": 0.00216402462684, "max": 0.0443974770606}, "gfcc": {"icov": [[0.000122030018247, -0.000136248447234, 0.000189186248463, -0.00019228074234, 0.000176522531547, -0.000337842531735, 0.000262474815827, -0.000192352308659, 0.000277904502582, -0.000215185253182, 0.000338680896675, -0.000222096845391, 0.00024397240486], [-0.000136248447234, 0.0011039461242, -0.000132822198793, 0.000578403996769, -0.000561878550798, 0.000729011371732, -0.000781370326877, 0.000474226777442, -0.000837808707729, 0.00110456999391, -0.00143293396104, 0.000897335354239, -0.000540169945452], [0.000189186248463, -0.000132822198793, 0.00144165230449, -0.000890264520422, 8.76513513504e-05, -0.000427838764153, -0.000294828321785, 0.000341249222402, 0.000682745070662, -4.5150231017e-05, 0.000543784350157, -0.000782281393185, 0.000368360459106], [-0.00019228074234, 0.000578403996769, -0.000890264520422, 0.00295987958089, -0.00107679527719, 0.00108674203511, 0.000383684993722, 0.000113100453746, -0.000946328393184, 0.000891702016816, -0.00103679602034, 0.000236581894569, -0.000853907840792], [0.000176522531547, -0.000561878550798, 8.76513513504e-05, -0.00107679527719, 0.00369588565081, -0.000996893155389, -4.93179140904e-06, 0.00042141371523, -0.00153808412142, -0.000564450630918, 0.000547549047042, -3.71797359549e-05, 0.000345357315382], [-0.000337842531735, 0.000729011371732, -0.000427838764153, 0.00108674203511, -0.000996893155389, 0.00552381202579, -0.00223037856631, 0.000590885465499, -0.000406353210565, -0.000376080570277, -0.0012078381842, 0.00153218081687, -0.000633293355349], [0.000262474815827, -0.000781370326877, -0.000294828321785, 0.000383684993722, -4.93179140904e-06, -0.00223037856631, 0.00562635948882, -0.00151299976278, 0.00160008249804, -0.000509008183144, 0.00139833427966, -0.00116775860079, 0.00110949599184], [-0.000192352308659, 0.000474226777442, 0.000341249222402, 0.000113100453746, 0.00042141371523, 0.000590885465499, -0.00151299976278, 0.00762229133397, -0.00334687810391, 0.0017567864852, -0.000904626213014, 0.000313951546559, -0.000320947292494], [0.000277904502582, -0.000837808707729, 0.000682745070662, -0.000946328393184, -0.00153808412142, -0.000406353210565, 0.00160008249804, -0.00334687810391, 0.0108894016594, -0.00252818525769, 0.00266004609875, -8.86580091901e-05, -0.000184550313861], [-0.000215185253182, 0.00110456999391, -4.5150231017e-05, 0.000891702016816, -0.000564450630918, -0.000376080570277, -0.000509008183144, 0.0017567864852, -0.00252818525769, 0.00980775803328, -0.00296385539696, 0.00177766743582, 0.00180279975757], [0.000338680896675, -0.00143293396104, 0.000543784350157, -0.00103679602034, 0.000547549047042, -0.0012078381842, 0.00139833427966, -0.000904626213014, 0.00266004609875, -0.00296385539696, 0.0102613875642, -0.0018954424886, -4.91985701956e-05], [-0.000222096845391, 0.000897335354239, -0.000782281393185, 0.000236581894569, -3.71797359549e-05, 0.00153218081687, -0.00116775860079, 0.000313951546559, -8.86580091901e-05, 0.00177766743582, -0.0018954424886, 0.0101252822205, -0.0020058574155], [0.00024397240486, -0.000540169945452, 0.000368360459106, -0.000853907840792, 0.000345357315382, -0.000633293355349, 0.00110949599184, -0.000320947292494, -0.000184550313861, 0.00180279975757, -4.91985701956e-05, -0.0020058574155, 0.0110758207738]], "mean": [-30.0135269165, 107.894187927, -79.1106262207, 28.4220695496, -48.8360710144, 8.3394613266, -44.4219932556, 1.55639243126, -24.9952068329, 1.94545340538, -11.1864023209, 0.404477268457, -7.85750436783], "cov": [[16572.1738281, 204.166305542, -2089.43383789, -200.600616455, -632.184875488, 508.341308594, -432.42578125, 274.29699707, -125.351272583, 239.116271973, -164.582260132, -73.5689086914, -256.081085205], [204.166305542, 1564.38537598, -105.962440491, -155.553131104, 163.560043335, -46.2628517151, 115.35055542, -0.572131633759, 63.6667251587, -88.5213851929, 116.810798645, -70.4681930542, 47.2391166687], [-2089.43383789, -105.962440491, 1238.34191895, 303.013671875, 113.451347351, -31.95753479, 109.972915649, -98.5211486816, -50.34425354, -62.3898696899, -2.73170948029, 88.9318771362, 29.207529068], [-200.600616455, -155.553131104, 303.013671875, 580.514526367, 126.220672607, -102.574394226, -95.6098327637, -7.17547559738, 40.1096382141, -42.578125, 6.48867034912, 42.6527900696, 46.4313354492], [-632.184875488, 163.560043335, 113.451347351, 126.220672607, 401.425415039, 21.9231014252, 24.4790782928, -16.2294769287, 82.5169143677, 9.13708686829, 4.61393928528, -19.0745449066, 10.1282234192], [508.341308594, -46.2628517151, -31.95753479, -102.574394226, 21.9231014252, 286.726928711, 95.5422821045, -3.41819024086, -13.5851020813, 50.7158737183, -0.483299285173, -31.7628650665, -28.493724823], [-432.42578125, 115.35055542, 109.972915649, -95.6098327637, 24.4790782928, 95.5422821045, 280.365936279, 13.1976566315, -24.6497402191, -1.39593279362, -5.58716726303, 3.92287778854, -18.3786239624], [274.29699707, -0.572131633759, -98.5211486816, -7.17547559738, -16.2294769287, -3.41819024086, 13.1976566315, 168.801925659, 44.3174781799, -15.350976944, -7.41778182983, -2.27767920494, 3.32508802414], [-125.351272583, 63.6667251587, -50.34425354, 40.1096382141, 82.5169143677, -13.5851020813, -24.6497402191, 44.3174781799, 142.060623169, 15.2083091736, -14.6598596573, -17.7316265106, 7.65184783936], [239.116271973, -88.5213851929, -62.3898696899, -42.578125, 9.13708686829, 50.7158737183, -1.39593279362, -15.350976944, 15.2083091736, 146.590026855, 16.1188621521, -27.9941730499, -37.0871734619], [-164.582260132, 116.810798645, -2.73170948029, 6.48867034912, 4.61393928528, -0.483299285173, -5.58716726303, -7.41778182983, -14.6598596573, 16.1188621521, 129.882888794, 8.55779647827, 9.34541130066], [-73.5689086914, -70.4681930542, 88.9318771362, 42.6527900696, -19.0745449066, -31.7628650665, 3.92287778854, -2.27767920494, -17.7316265106, -27.9941730499, 8.55779647827, 125.620834351, 23.8835105896], [-256.081085205, 47.2391166687, 29.207529068, 46.4313354492, 10.1282234192, -28.493724823, -18.3786239624, 3.32508802414, 7.65184783936, -37.0871734619, 9.34541130066, 23.8835105896, 111.363136292]]}, "erbbands_spread": {"dmean": 10.3459329605, "dvar2": 388.547973633, "mean": 37.322555542, "var": 551.373046875, "dmean2": 15.4964561462, "dvar": 185.934249878, "min": 0.833483994007, "median": 32.3535919189, "max": 178.65447998}, "erbbands_kurtosis": {"dmean": 2.63906812668, "dvar2": 128.698364258, "mean": 2.8340690136, "var": 94.8410797119, "dmean2": 4.19143486023, "dvar": 55.7433776855, "min": -1.91986811161, "median": 0.402320384979, "max": 171.782745361}, "dynamic_complexity": 2.69514036179, "erbbands_crest": {"dmean": 2.96693468094, "dvar2": 18.6950817108, "mean": 10.4165143967, "var": 19.4530754089, "dmean2": 4.8773393631, "dvar": 7.4709482193, "min": 2.27259469032, "median": 9.53396224976, "max": 29.7471981049}, "erbbands": {"dmean": [0.277373731136, 2.30083107948, 6.44987773895, 7.77521038055, 14.5303869247, 19.1832084656, 15.3528862, 14.5967378616, 22.1705932617, 15.0451841354, 19.6961250305, 16.3486595154, 12.1181087494, 11.1965169907, 11.623093605, 9.92696857452, 16.3642673492, 22.9409141541, 8.39169216156, 8.13366699219, 6.4400062561, 4.958735466, 4.41676521301, 2.42165803909, 2.385232687, 2.77148866653, 1.77605080605, 1.59190678596, 1.54449284077, 1.16410255432, 0.964065909386, 0.914933502674, 0.612716317177, 0.335117071867, 0.176156386733, 0.179971337318, 0.070708937943, 0.00759764993563, 0.00107653916348, 0.00011389386782], "dvar2": [1.84528040886, 136.883377075, 912.162658691, 1186.15197754, 5571.53515625, 4743.81445312, 976.209777832, 1839.56555176, 4068.54736328, 3131.30932617, 5772.80029297, 4950.87890625, 2236.41333008, 1334.67919922, 1715.1854248, 1438.27783203, 3040.21289062, 6139.67089844, 702.493896484, 650.372131348, 336.951873779, 140.291046143, 448.531982422, 69.8042297363, 66.8439102173, 140.922714233, 85.7919387817, 60.632686615, 58.7890853882, 23.3514575958, 15.4038267136, 10.5648937225, 5.30409431458, 1.39307761192, 0.378871768713, 1.06928420067, 0.204110637307, 0.0013532221783, 3.36926241289e-05, 3.46593452605e-07], "mean": [0.299646645784, 2.80871248245, 7.94491767883, 8.92915916443, 17.0169754028, 28.5545024872, 26.0646629333, 24.5024642944, 35.489692688, 22.9652118683, 28.4739627838, 23.6795978546, 18.9781970978, 16.5382938385, 17.4776859283, 15.4322710037, 27.4279441833, 37.6206665039, 14.362496376, 13.7915687561, 13.7453298569, 10.9710941315, 7.59242630005, 4.26784467697, 4.16530847549, 4.37514686584, 2.7859351635, 2.30121016502, 2.17465496063, 1.73785340786, 1.36788165569, 1.48931562901, 1.01086068153, 0.583427667618, 0.269849121571, 0.189890667796, 0.0676932185888, 0.00894786696881, 0.00105176004581, 0.000132137676701], "var": [0.602255940437, 35.8488540649, 303.594360352, 339.582092285, 1836.81762695, 1835.39123535, 754.245910645, 1382.56030273, 3659.49658203, 2397.09057617, 4646.18310547, 3934.90527344, 3483.85131836, 1323.59606934, 1514.7935791, 1110.01989746, 3308.05078125, 5393.33447266, 647.814025879, 726.354614258, 470.572387695, 279.077880859, 204.44833374, 34.7857780457, 37.1188011169, 74.4650650024, 34.7924575806, 29.4682006836, 26.1420021057, 12.674407959, 9.08414554596, 8.90574645996, 4.09437084198, 1.40436160564, 0.31012865901, 0.321504503489, 0.0565039142966, 0.000529760844074, 1.08595804704e-05, 1.11592662222e-07], "dmean2": [0.468972980976, 4.07448291779, 11.0889596939, 13.5975656509, 24.7353668213, 31.5269699097, 24.7588176727, 23.4938144684, 34.5879096985, 23.258638382, 29.8715076447, 24.8002815247, 17.4545860291, 17.8623504639, 18.0349693298, 15.1433477402, 25.0575218201, 38.3538017273, 13.2566947937, 12.4109554291, 9.60977458954, 7.04628658295, 6.91306209564, 3.79420828819, 3.66802024841, 4.32348871231, 2.82308149338, 2.49530267715, 2.38626194, 1.75847256184, 1.42523562908, 1.35601246357, 0.888548135757, 0.49040055275, 0.263283759356, 0.293380111456, 0.117146030068, 0.0125534981489, 0.00182145065628, 0.000189274622244], "dvar": [0.708935678005, 48.1577987671, 331.244140625, 426.103149414, 2127.6965332, 1791.38305664, 401.190795898, 733.258972168, 1830.7623291, 1401.06079102, 2750.81103516, 2275.36962891, 1388.08605957, 607.730957031, 799.51184082, 656.958129883, 1425.64782715, 2287.61083984, 298.281799316, 292.600006104, 146.694717407, 72.3204345703, 166.190078735, 26.3610420227, 26.5932941437, 56.7746200562, 31.824798584, 23.4589614868, 22.9637622833, 9.64954280853, 6.7720823288, 5.19339609146, 2.58872771263, 0.680394053459, 0.178452655673, 0.397745162249, 0.0750035345554, 0.000526076648384, 1.302360306e-05, 1.34241616934e-07], "min": [1.43632877993e-22, 4.07583048442e-22, 9.76263358198e-22, 3.91088489455e-21, 6.79660705122e-21, 1.23749563903e-20, 3.96489154906e-20, 7.46727862953e-20, 8.56497444426e-20, 1.97671519003e-19, 2.55675013293e-19, 4.85547988533e-19, 5.95642109149e-19, 7.46235768037e-19, 9.32615845164e-19, 9.44474409823e-19, 1.29284948641e-18, 2.06264020467e-18, 2.15640919211e-18, 3.85198407085e-18, 4.39683594622e-18, 4.51161097853e-18, 6.0749761324e-18, 6.29919005488e-18, 7.63598878461e-18, 7.73202776245e-18, 8.58849056868e-18, 1.02119317825e-17, 1.07925662504e-17, 1.19634073202e-17, 1.00351078645e-17, 1.13503357918e-17, 9.95681935542e-18, 7.40941987893e-18, 6.57357165432e-18, 3.9641121252e-18, 2.22172978393e-18, 9.7593115794e-19, 2.48082891137e-19, 2.67786427032e-20], "median": [0.0621056966484, 0.717636942863, 1.95576190948, 3.23390698433, 7.23604011536, 16.6537532806, 18.1664390564, 10.8648414612, 12.0062608719, 7.63069248199, 6.75874996185, 5.65124702454, 5.44075965881, 5.69784832001, 5.22208023071, 4.41504001617, 5.89370679855, 8.57152843475, 4.98711872101, 3.67395997047, 4.94687223434, 4.15522766113, 2.6366109848, 2.37513899803, 2.26744651794, 1.73776817322, 0.973740041256, 0.682088196278, 0.614800751209, 0.595729708672, 0.381867587566, 0.459180474281, 0.359820246696, 0.143485486507, 0.0715231671929, 0.03749435395, 0.00955313816667, 0.000882042921148, 9.73901624093e-05, 5.05806092406e-05], "max": [7.75730800629, 66.0290908813, 217.946075439, 306.014160156, 731.168884277, 663.353637695, 334.56463623, 655.089050293, 884.012512207, 911.873596191, 1109.56213379, 1043.38623047, 1247.66162109, 877.643676758, 901.78515625, 641.35559082, 690.850524902, 941.091064453, 368.18850708, 466.833709717, 433.156829834, 153.228942871, 297.827758789, 122.416946411, 104.937049866, 133.626495361, 127.321121216, 83.3345413208, 141.117294312, 71.1716384888, 60.0183677673, 51.8513832092, 40.6732559204, 16.8675632477, 8.79891681671, 12.7525882721, 4.7691116333, 0.377001255751, 0.0682549253106, 0.00666266493499]}, "silence_rate_30dB": {"dmean": 0.0705841779709, "dvar2": 0.130738303065, "mean": 0.918032765388, "var": 0.0752449706197, "dmean2": 0.14118053019, "dvar": 0.0656062737107, "min": 0, "median": 1, "max": 1}, "silence_rate_60dB": {"dmean": 0.00776598509401, "dvar2": 0.0201268475503, "mean": 0.0264020711184, "var": 0.0257030259818, "dmean2": 0.0155333103612, "dvar": 0.00770625052974, "min": 0, "median": 0, "max": 1}, "spectral_energyband_middle_low": {"dmean": 0.00921047478914, "dvar2": 0.000998889561743, "mean": 0.0184423979372, "var": 0.000430623535067, "dmean2": 0.0148362014443, "dvar": 0.00038473616587, "min": 1.62597838839e-22, "median": 0.0136006725952, "max": 0.268809169531}, "spectral_spread": {"dmean": 844051.4375, "dvar2": 2380400951300.0, "mean": 4848343, "var": 10421862924300.0, "dmean2": 1196622.25, "dvar": 1324537085950.0, "min": 538604.625, "median": 4218319, "max": 42142644}, "barkbands": {"dmean": [0.000908525777049, 0.00974323414266, 0.00593674276024, 0.00261743180454, 0.0054549057968, 0.00177390233148, 0.0013122005621, 0.000936793396249, 0.000657893018797, 0.000413407746237, 0.000284411333269, 0.000247982767178, 0.000345548352925, 0.000414952053688, 0.000162207434187, 0.000133336739964, 0.000104121740151, 7.6386910