{"metadata": {"audio_properties": {"downmix": "mix", "bit_rate": 0, "lossless": true, "md5_encoded": "dc314afa9da682a79c69f51009d3685f", "analysis_sample_rate": 44100, "sample_rate": 44100, "replay_gain": -7.53772163391, "equal_loudness": 0, "codec": "flac", "length": 175.21333313}, "tags": {"releasestatus": ["official"], "musicbrainz_albumid": ["96def6a0-9138-46e7-abd4-2b079a402642"], "musicbrainz_recordingid": ["65be5a99-0d26-4800-8651-81d0ea969106"], "tracknumber": ["1"], "artist": ["The Album Leaf"], "barcode": ["098787080520"], "musicip_puid": ["35acc3e8-9469-7547-1fb8-9baefd228efb"], "originaldate": ["2010-02-01"], "musicbrainz_releasegroupid": ["8b9aa164-68d9-4b58-a3d9-7905f4941c95"], "asin": ["B002ZTIJ2U"], "releasetype": ["album"], "totaltracks": ["11"], "media": ["CD"], "musicbrainz_albumartistid": ["ffb18e19-64a4-4a65-b4ce-979e00c3c69d"], "file_name": "01. Perro.flac", "tracktotal": ["11"], "catalognumber": ["SP805"], "musicbrainz_artistid": ["ffb18e19-64a4-4a65-b4ce-979e00c3c69d"], "albumartistsort": ["Album Leaf, The"], "script": ["Latn"], "label": ["Sub Pop Records"], "releasecountry": ["US"], "album": ["A Chorus of Storytellers"], "date": ["2010-02-02"], "title": ["Perro"], "language": ["eng"], "discnumber": ["1"], "artistsort": ["Album Leaf, The"], "disctotal": ["1"], "genre": ["Easy Listening"], "totaldiscs": ["1"], "albumartist": ["The Album Leaf"]}, "version": {"essentia_build_sha": "70f2e5ece6736b2c40cc944ad0e695b16b925413", "essentia_git_sha": "v2.1_beta2", "extractor": "music 1.0", "essentia": "2.1-beta2"}}, "tonal": {"chords_scale": "minor", "hpcp": {"dmean": [0.139590293169, 0.154941692948, 0.13295276463, 0.107792064548, 0.103649571538, 0.11525067687, 0.128480270505, 0.128041267395, 0.140555277467, 0.1420122087, 0.118877761066, 0.070318043232, 0.0533556044102, 0.0444817021489, 0.0606825388968, 0.078132674098, 0.0753164961934, 0.0597259700298, 0.0460374727845, 0.0401931256056, 0.0733033716679, 0.105717748404, 0.109931491315, 0.138761371374, 0.126882389188, 0.0743925198913, 0.0399162359536, 0.034607835114, 0.0323971137404, 0.0636799633503, 0.0880658775568, 0.0889691114426, 0.0662752315402, 0.0781590119004, 0.0936539545655, 0.127969488502], "dvar2": [0.129369989038, 0.136539146304, 0.15893688798, 0.135736078024, 0.139589607716, 0.145329147577, 0.146061509848, 0.141329988837, 0.133671849966, 0.133021861315, 0.105829149485, 0.0768059194088, 0.0627630352974, 0.0437836535275, 0.0567620508373, 0.0695826634765, 0.0585136786103, 0.0596295595169, 0.0494096204638, 0.0363903194666, 0.0410161316395, 0.0706408470869, 0.0599522069097, 0.128475397825, 0.129436060786, 0.044940482825, 0.0286975745112, 0.0291701871902, 0.0205417759717, 0.0346233993769, 0.0741602703929, 0.0739733204246, 0.0760244503617, 0.099293217063, 0.113760598004, 0.119780957699], "mean": [0.309169590473, 0.237694814801, 0.101938694715, 0.0760165452957, 0.0724058300257, 0.0902918875217, 0.122322008014, 0.119766749442, 0.198771104217, 0.309277564287, 0.196587398648, 0.0595515370369, 0.0439113453031, 0.037858184427, 0.0730228871107, 0.143938153982, 0.122906923294, 0.0568286255002, 0.041936032474, 0.0384469032288, 0.145324259996, 0.291781187057, 0.217332586646, 0.20657427609, 0.28245177865, 0.149926349521, 0.0453725419939, 0.0388852097094, 0.0334923043847, 0.133457526565, 0.254308313131, 0.164006367326, 0.0539146997035, 0.0594117566943, 0.071203649044, 0.172658085823], "var": [0.125558257103, 0.0717286095023, 0.0407827347517, 0.0338768661022, 0.0332345813513, 0.0357997268438, 0.0429426878691, 0.0444276146591, 0.0579161010683, 0.132870271802, 0.0565280728042, 0.0216101333499, 0.0172439217567, 0.0130602819845, 0.0204240288585, 0.0632141083479, 0.0427018925548, 0.0180736985058, 0.0159715991467, 0.012910887599, 0.0400949195027, 0.124861776829, 0.0598639622331, 0.0695303827524, 0.139721333981, 0.0426299124956, 0.0161087270826, 0.0139821087942, 0.00793108064681, 0.0334480442107, 0.119232229888, 0.0492410473526, 0.019472533837, 0.0244729202241, 0.0298005864024, 0.0517168529332], "dmean2": [0.24650387466, 0.276709139347, 0.248436138034, 0.203273445368, 0.197282448411, 0.214930668473, 0.233579397202, 0.232903882861, 0.251288741827, 0.25009021163, 0.210359945893, 0.128633081913, 0.0978674441576, 0.0814619660378, 0.109073333442, 0.137595400214, 0.133000329137, 0.109060660005, 0.084634102881, 0.0728215947747, 0.126039624214, 0.18157659471, 0.187616631389, 0.24741499126, 0.223355859518, 0.128197088838, 0.0707349479198, 0.0616009272635, 0.0576270185411, 0.110333696008, 0.152767196298, 0.157079473138, 0.123551242054, 0.148041158915, 0.174573853612, 0.232570916414], "dvar": [0.0466081239283, 0.0479514934123, 0.0551731027663, 0.0469235442579, 0.0474356971681, 0.0488022044301, 0.05115358904, 0.0506657622755, 0.0468952544034, 0.0467585548759, 0.0373745709658, 0.0269645545632, 0.0216803140938, 0.0152758667246, 0.0197732318193, 0.0246616210788, 0.02063177526, 0.0200275555253, 0.0164041481912, 0.0124453054741, 0.014762416482, 0.0273324754089, 0.0224110949785, 0.0466860421002, 0.0481761433184, 0.0157885104418, 0.00999647192657, 0.0100728347898, 0.00695772888139, 0.0119775692001, 0.0272536575794, 0.0261091180146, 0.0259032975882, 0.0341217666864, 0.0397083312273, 0.0420151352882], "min": [0, 0, 0, 0, 0, 0, 0, 0, 0, 0, 0, 0, 0, 0, 0, 0, 0, 0, 0, 0, 0, 0, 0, 0, 0, 0, 0, 0, 0, 0, 0, 0, 0, 0, 0, 0], "median": [0.13294197619, 0.113946743309, 0.0180443972349, 0.0047324243933, 0.00361062749289, 0.0157847292721, 0.034047305584, 0.0329571738839, 0.0860345959663, 0.122246265411, 0.0855212137103, 0.00875307619572, 0.00236336048692, 0.00238752108999, 0.0110416505486, 0.016035027802, 0.0174913294613, 0.0107364123687, 0.00247619301081, 0.00295982789248, 0.045699659735, 0.11030305922, 0.110426530242, 0.0621655285358, 0.0428475253284, 0.0329209342599, 0.00649807602167, 0.00373515114188, 0.00454515498132, 0.0464488342404, 0.0858729854226, 0.0590137466788, 0.00768533349037, 0.00447345431894, 0.00555721018463, 0.0547002926469], "max": [1, 1, 1, 1, 1, 1, 1, 1, 1, 1, 1, 1, 1, 1, 1, 1, 1, 1, 1, 1, 1, 1, 1, 1, 1, 1, 1, 1, 0.968474686146, 1, 1, 1, 1, 1, 1, 1]}, "tuning_equal_tempered_deviation": 0.0734054744244, "chords_key": "A", "chords_strength": {"dmean": 0.00605669338256, "dvar2": 7.6120137237e-05, "mean": 0.503303289413, "var": 0.00611652247608, "dmean2": 0.00631541851908, "dvar": 5.15096871823e-05, "min": 0.255531549454, "median": 0.521265625954, "max": 0.68735063076}, "tuning_diatonic_strength": 0.512790977955, "thpcp": [1, 0.635634183884, 0.192550465465, 0.14198037982, 0.122408442199, 0.236107930541, 0.46540120244, 0.397400051355, 0.183746352792, 0.135593518615, 0.124311968684, 0.469882965088, 0.943428218365, 0.7027105093, 0.667925179005, 0.913263082504, 0.484763085842, 0.146704927087, 0.125729158521, 0.10829205811, 0.431513756514, 0.822265625, 0.53028857708, 0.174324631691, 0.192098498344, 0.230225712061, 0.558262586594, 0.999650895596, 0.768548548222, 0.329602628946, 0.245787456632, 0.234112784266, 0.291944503784, 0.395508825779, 0.38724681735, 0.642694890499], "chords_histogram": [19.7933235168, 36.9104385376, 10.0688924789, 8.18759918213, 10.1218862534, 0, 0, 0, 4.18653964996, 0.344462096691, 1.32485425472, 0.741918385029, 0, 0.0264970846474, 0, 1.58982515335, 0.397456288338, 1.37784838676, 0, 0.900900900364, 0, 1.48383677006, 0.847906708717, 1.69581341743], "tuning_nontempered_energy_ratio": 0.654182910919, "tuning_frequency": 438.477722168, "key_strength": 0.832069396973, "chords_changes_rate": 0.0450450442731, "key_scale": "major", "hpcp_entropy": {"dmean": 0.41991314292, "dvar2": 0.460151642561, "mean": 1.78475153446, "var": 0.464842230082, "dmean2": 0.713614761829, "dvar": 0.166484296322, "min": 0, "median": 1.72404193878, "max": 4.45079183578}, "key_key": "F", "chords_number_rate": 0.00291467946954}, "lowlevel": {"melbands_skewness": {"dmean": 0.530233263969, "dvar2": 0.770127594471, "mean": 2.09960770607, "var": 1.67078125477, "dmean2": 0.840946495533, "dvar": 0.313135296106, "min": -2.68669342995, "median": 2.04910230637, "max": 14.0617570877}, "melbands_kurtosis": {"dmean": 4.32772779465, "dvar2": 181.5443573, "mean": 11.8125705719, "var": 321.947967529, "dmean2": 6.94281959534, "dvar": 77.1757965088, "min": -1.74111950397, "median": 8.0612449646, "max": 345.71875}, "barkbands_kurtosis": {"dmean": 3.48294091225, "dvar2": 287.15322876, "mean": 9.02644443512, "var": 650.31463623, "dmean2": 5.60200119019, "dvar": 175.499679565, "min": -1.71863436699, "median": 4.20868968964, "max": 1134.51525879}, "hfc": {"dmean": 2.08941578865, "dvar2": 29.3636512756, "mean": 10.1811199188, "var": 113.389060974, "dmean2": 3.2023100853, "dvar": 12.6399517059, "min": 1.11276028535e-16, "median": 5.83707427979, "max": 78.7568206787}, "silence_rate_20dB": {"dmean": 0, "dvar2": 0, "mean": 1, "var": 0, "dmean2": 0, "dvar": 0, "min": 1, "median": 1, "max": 1}, "erbbands_flatness_db": {"dmean": 0.0145720960572, "dvar2": 0.000592693162616, "mean": 0.241530254483, "var": 0.00371612049639, "dmean2": 0.0218459814787, "dvar": 0.000272364181001, "min": 0.0543124452233, "median": 0.253811389208, "max": 0.439721465111}, "spectral_flux": {"dmean": 0.0193119086325, "dvar2": 0.00244428543374, "mean": 0.0622795596719, "var": 0.00330219347961, "dmean2": 0.033011265099, "dvar": 0.000849710486364, "min": 6.62600113666e-11, "median": 0.0464503839612, "max": 0.458572298288}, "spectral_energyband_low": {"dmean": 0.00945368595421, "dvar2": 0.00120476668235, "mean": 0.0158545728773, "var": 0.00091684027575, "dmean2": 0.0153830498457, "dvar": 0.000468578859, "min": 3.42202149332e-23, "median": 0.00534331100062, "max": 0.348082154989}, "spectral_rolloff": {"dmean": 122.297111511, "dvar2": 157386.265625, "mean": 713.464538574, "var": 2066935.25, "dmean2": 206.879867554, "dvar": 68383.6015625, "min": 64.599609375, "median": 516.796875, "max": 19659.8144531}, "spectral_entropy": {"dmean": 0.119656890631, "dvar2": 0.0310049895197, "mean": 6.66053771973, "var": 0.504952132702, "dmean2": 0.180505514145, "dvar": 0.0155217917636, "min": 4.79503107071, "median": 6.5928735733, "max": 9.81802845001}, "spectral_energy": {"dmean": 0.010858476162, "dvar2": 0.00123713107314, "mean": 0.0360424108803, "var": 0.0016505116364, "dmean2": 0.0174863841385, "dvar": 0.000479983602418, "min": 1.0153321325e-20, "median": 0.0235582236201, "max": 0.412277549505}, "spectral_centroid": {"dmean": 73.0203018188, "dvar2": 45383.03125, "mean": 608.041870117, "var": 399255.65625, "dmean2": 110.946266174, "dvar": 23167.2148438, "min": 124.037239075, "median": 483.45425415, "max": 11639.4384766}, "barkbands_flatness_db": {"dmean": 0.0194145962596, "dvar2": 0.000922196835745, "mean": 0.241988927126, "var": 0.00616570841521, "dmean2": 0.0302425157279, "dvar": 0.000414942303905, "min": 0.0377041660249, "median": 0.257422715425, "max": 0.488716751337}, "spectral_rms": {"dmean": 0.000681757519487, "dvar2": 2.69032921096e-06, "mean": 0.00493103871122, "var": 1.08482445285e-05, "dmean2": 0.00109095650259, "dvar": 1.05254184746e-06, "min": 3.14732896863e-12, "median": 0.00479412497953, "max": 0.0200554728508}, "melbands": {"dmean": [0.00279958453029, 0.00112998008262, 0.000474306492833, 0.000358798453817, 0.000269229552941, 0.000224709394388, 7.92803912191e-05, 0.000143102108268, 0.000195632659597, 0.000176243804162, 8.59152860357e-05, 1.49857823999e-05, 1.90521695913e-05, 1.18707866932e-05, 2.11293772736e-05, 1.49244888235e-05, 6.40066127744e-06, 4.54428527519e-06, 3.16986825055e-06, 2.19211642616e-06, 1.18872242183e-06, 1.36582912091e-06, 1.7218596895e-06, 9.59179146776e-07, 8.32753130453e-07, 9.29150928641e-07, 8.54051336319e-07, 5.37788253041e-07, 5.89711646626e-07, 5.95646952206e-07, 3.11168804501e-07, 1.07260142101e-07, 4.36783622604e-08, 2.00499545855e-08, 1.09636184575e-08, 7.58710783089e-09, 6.13819972628e-09, 6.25440499391e-09, 3.42523298613e-09, 3.355534961e-09], "dvar2": [0.000111586210551, 1.64990051417e-05, 2.66277538685e-06, 1.01554917364e-06, 5.27781196524e-07, 1.12420366349e-06, 5.1549594815e-08, 3.72994179543e-07, 3.93503142959e-07, 4.60408131175e-07, 2.91981791634e-07, 3.0155997699e-09, 4.17007806064e-09, 2.44707276664e-09, 7.11250258689e-09, 4.5915840019e-09, 8.7787016545e-10, 6.15029360773e-10, 3.71925601428e-10, 2.51058063228e-10, 4.40166895987e-11, 9.46631661947e-11, 7.9470791059e-11, 2.24390575565e-11, 3.78944271795e-11, 7.64976207379e-11, 8.80616274346e-11, 1.40863293252e-11, 2.49791454882e-11, 2.94525931421e-11, 1.06785231699e-11, 6.01819809265e-13, 1.05457899087e-13, 2.9429095879e-14, 1.20262720409e-14, 5.9680103402e-15, 4.91208424508e-15, 1.16914958211e-14, 1.79326404054e-15, 2.16050639801e-15], "mean": [0.00377995031886, 0.00178886170033, 0.00175344012678, 0.00154894462321, 0.0009883280145, 0.000523747876287, 0.000251490389928, 0.000309267139528, 0.000434778310591, 0.000345214939443, 0.000190944207134, 3.05760113406e-05, 3.45517328242e-05, 2.22705293709e-05, 3.57104327122e-05, 2.52268509939e-05, 1.30604512378e-05, 9.35059688345e-06, 5.92109518038e-06, 3.92293122786e-06, 2.24930954573e-06, 2.37599488173e-06, 2.95044333143e-06, 1.90876585293e-06, 1.38576274367e-06, 1.40802410442e-06, 1.15851651117e-06, 8.74317265698e-07, 8.79640936091e-07, 7.78841183546e-07, 4.02266891797e-07, 1.76459934664e-07, 7.21679427329e-08, 2.99643225787e-08, 1.43597072011e-08, 8.67732730114e-09, 6.17203932407e-09, 5.22303045258e-09, 3.2840867803e-09, 3.00880542703e-09], "var": [7.44927237974e-05, 1.153298399e-05, 3.21151833305e-06, 2.19563912651e-06, 1.41207874549e-06, 7.64149604038e-07, 1.53915522105e-07, 4.50358669468e-07, 8.1590519585e-07, 7.11756229066e-07, 4.75491731322e-07, 2.82844658805e-09, 3.26246807347e-09, 2.11526973715e-09, 4.53603643535e-09, 2.93371393845e-09, 7.02100044769e-10, 4.24689644563e-10, 3.18825882362e-10, 1.72992994929e-10, 3.39784658743e-11, 5.01292479749e-11, 6.29008858888e-11, 3.28232024893e-11, 2.76189019571e-11, 4.49895676269e-11, 3.8174446243e-11, 1.72311921676e-11, 2.19769376308e-11, 2.22503265812e-11, 5.21330591544e-12, 8.13622823628e-13, 1.01775616472e-13, 1.75485558566e-14, 4.07534147759e-15, 2.09885319912e-15, 1.79693656364e-15, 2.65150408072e-15, 5.85062597327e-16, 7.48206860441e-16], "dmean2": [0.00450210599229, 0.00189992273226, 0.000784451956861, 0.000582224340178, 0.000412921159295, 0.000376091629732, 0.000117669151223, 0.000219953333726, 0.000275990430964, 0.000254520535236, 0.00013338381541, 2.49412350968e-05, 3.16552395816e-05, 1.9951887225e-05, 3.59235236829e-05, 2.52612389886e-05, 1.09005432023e-05, 7.73491228756e-06, 5.19975037605e-06, 3.62548121302e-06, 1.99883515961e-06, 2.29109309657e-06, 2.79823007077e-06, 1.44753028053e-06, 1.3095821032e-06, 1.46372872223e-06, 1.38613961553e-06, 7.42733277548e-07, 7.74987654495e-07, 8.14708073449e-07, 4.70664929253e-07, 1.49520275272e-07, 6.81649865442e-08, 3.24771249893e-08, 1.84101622835e-08, 1.25038113197e-08, 9.85883996663e-09, 1.1079967166e-08, 5.64290925098e-09, 5.33052668672e-09], "dvar": [4.36246045865e-05, 6.34712432657e-06, 8.8935024678e-07, 3.59515240689e-07, 1.9468508583e-07, 3.45924149769e-07, 2.35273756033e-08, 1.53271741965e-07, 1.96087086124e-07, 2.23921276188e-07, 1.32472294467e-07, 1.06767394925e-09, 1.51739387722e-09, 8.68965399636e-10, 2.44587239351e-09, 1.65769020732e-09, 3.17337961464e-10, 2.20560777975e-10, 1.56956933561e-10, 1.02550627712e-10, 1.7105265121e-11, 3.34223829168e-11, 3.0460741568e-11, 1.01386459991e-11, 1.47188771588e-11, 2.67220204297e-11, 2.86041468289e-11, 6.94828916625e-12, 1.20804069872e-11, 1.49973644614e-11, 4.42099698864e-12, 3.27474429952e-13, 4.67925360731e-14, 1.1865670359e-14, 4.42744333288e-15, 2.35601981345e-15, 2.01703214576e-15, 4.16459715089e-15, 7.04456020529e-16, 8.71417119982e-16], "min": [4.64972051363e-24, 3.14249900508e-24, 3.79238687627e-24, 3.45262369553e-24, 3.03552493038e-24, 3.55407791326e-24, 1.86582426544e-24, 2.88587308628e-24, 1.60055755871e-24, 3.22786657401e-24, 4.26783334385e-24, 3.69903859877e-24, 3.40013565191e-24, 3.68528402003e-24, 2.79236565609e-24, 4.18789333515e-24, 4.75036772666e-24, 4.08110444555e-24, 5.49248467894e-24, 4.34613212742e-24, 4.63114560033e-24, 5.97139897905e-24, 5.96552433189e-24, 3.63536569081e-24, 5.4579858194e-24, 6.54516591441e-24, 5.21390515558e-24, 6.74659641897e-24, 7.84720726532e-24, 6.10472593837e-24, 5.80493867843e-24, 7.94702262452e-24, 6.30820866456e-24, 4.95661067716e-24, 7.33991290528e-24, 5.71054200479e-24, 7.5222928134e-24, 8.70068692273e-24, 7.49270737401e-24, 8.54580355032e-24], "median": [0.000498487905134, 0.000655565410852, 0.0015610055998, 0.00137243664358, 0.000544682727195, 0.000204919444514, 0.000140596312121, 6.53124880046e-05, 4.30808540841e-05, 3.38971949532e-05, 1.22621486298e-05, 9.78974367172e-06, 1.3298606973e-05, 5.73267561776e-06, 7.38659673516e-06, 4.85469763589e-06, 3.75674289899e-06, 2.83814529212e-06, 1.55274631197e-06, 1.16388787319e-06, 7.99961696885e-07, 6.88620559686e-07, 6.76296451729e-07, 5.16418765528e-07, 3.06219078539e-07, 2.10779859344e-07, 1.48247380594e-07, 8.74928929306e-08, 5.74276981524e-08, 4.21510577553e-08, 2.9891793929e-08, 1.90232096742e-08, 1.24784262923e-08, 7.44498462879e-09, 4.34281455242e-09, 2.25666085818e-09, 1.30045363367e-09, 8.59178228563e-10, 5.29049137832e-10, 2.83096074361e-10], "max": [0.0985737144947, 0.0423544459045, 0.0166258476675, 0.0109583232552, 0.00825587660074, 0.0127536626533, 0.00493134604767, 0.00994571764022, 0.00987074431032, 0.00947863515466, 0.0129294367507, 0.000623671221547, 0.000600897357799, 0.00108620664105, 0.00129823270254, 0.00156146311201, 0.000670872454066, 0.000553215679247, 0.000540001492482, 0.00055821769638, 0.000142566786963, 0.000211485254113, 0.000165238554473, 0.000167140358826, 0.000116937560961, 0.000129690539325, 0.000124115278595, 5.72761200601e-05, 7.08199804649e-05, 8.84260589373e-05, 4.61314120912e-05, 1.18630168799e-05, 3.95780261897e-06, 2.3440379664e-06, 1.6456681351e-06, 1.1332399481e-06, 1.06429968127e-06, 1.58535613082e-06, 6.25307620794e-07, 7.53316896862e-07]}, "barkbands_crest": {"dmean": 2.497351408, "dvar2": 17.7643985748, "mean": 11.6309814453, "var": 17.8758029938, "dmean2": 4.1415605545, "dvar": 6.7509636879, "min": 3.06302928925, "median": 11.0842857361, "max": 26.6184120178}, "mfcc": {"icov": [[0.000787336321082, -0.000994572415948, 0.00113606080413, -0.0014373207232, 0.00163869536482, -0.000880272942595, 0.000596073339693, -0.000834621081594, 0.00109916646034, -0.00075594271766, 0.000445021403721, -0.000852479774039, 0.000870321178809], [-0.000994572415948, 0.00179287139326, -0.000935959571507, 0.00128425669391, -0.00236251717433, 0.00057961861603, -0.00064633844886, 0.000713036279194, -0.000682626501657, 0.00107335147914, -0.001324666664, 0.00124244776089, -0.000620678591076], [0.00113606080413, -0.000935959571507, 0.00485622929409, -0.00312430388294, 0.000562069471925, -0.00152424001135, 8.45826580189e-05, -0.000581843196414, 0.0045081670396, -0.00349706225097, 0.0030648841057, -0.00301557453349, 0.0020241457969], [-0.0014373207232, 0.00128425669391, -0.00312430388294, 0.00718360254541, -0.0024508824572, -0.000645185064059, -0.000985765247606, 0.00237006368116, -0.00407242961228, 0.00546632008627, -0.00162413401995, 0.00111948011909, -0.000952308240812], [0.00163869536482, -0.00236251717433, 0.000562069471925, -0.0024508824572, 0.00971637107432, -0.00279547134414, 0.00258031464182, -0.00220810738392, 0.0013717317488, 0.000573555822484, 0.000489969446789, 0.00144330610055, -0.00158901454415], [-0.000880272942595, 0.00057961861603, -0.00152424001135, -0.000645185064059, -0.00279547134414, 0.0152417197824, -0.00828768778592, 0.00224068108946, 0.00117588229477, -0.00416524708271, 0.00388086400926, -0.000649851630442, -0.00289717037231], [0.000596073339693, -0.00064633844886, 8.45826580189e-05, -0.000985765247606, 0.00258031464182, -0.00828768778592, 0.020265666768, -0.00592651125044, -0.00204353872687, 0.00306689413264, -0.0027791003231, -0.00262890965678, 0.00146397866774], [-0.000834621081594, 0.000713036279194, -0.000581843196414, 0.00237006368116, -0.00220810738392, 0.00224068108946, -0.00592651125044, 0.0201552510262, -0.00845453701913, 0.00243134261109, -0.00434578070417, 0.0026504129637, -0.00288219423965], [0.00109916646034, -0.000682626501657, 0.0045081670396, -0.00407242961228, 0.0013717317488, 0.00117588229477, -0.00204353872687, -0.00845453701913, 0.0255803577602, -0.0222616065294, 0.014228746295, -0.00733197014779, 0.0033263231162], [-0.00075594271766, 0.00107335147914, -0.00349706225097, 0.00546632008627, 0.000573555822484, -0.00416524708271, 0.00306689413264, 0.00243134261109, -0.0222616065294, 0.0443342588842, -0.0331506691873, 0.0149060897529, -0.00579697266221], [0.000445021403721, -0.001324666664, 0.0030648841057, -0.00162413401995, 0.000489969446789, 0.00388086400926, -0.0027791003231, -0.00434578070417, 0.014228746295, -0.0331506691873, 0.0504794195294, -0.029718382284, 0.00970967486501], [-0.000852479774039, 0.00124244776089, -0.00301557453349, 0.00111948011909, 0.00144330610055, -0.000649851630442, -0.00262890965678, 0.0026504129637, -0.00733197014779, 0.0149060897529, -0.029718382284, 0.0378956384957, -0.0174920093268], [0.000870321178809, -0.000620678591076, 0.0020241457969, -0.000952308240812, -0.00158901454415, -0.00289717037231, 0.00146397866774, -0.00288219423965, 0.0033263231162, -0.00579697266221, 0.00970967486501, -0.0174920093268, 0.0329621806741]], "mean": [-780.26776123, 203.365921021, -5.21868181229, 33.648311615, -0.356998801231, 5.98376131058, -0.958396077156, -2.59330749512, -2.62042188644, -1.70343387127, 3.23900008202, -1.72506666183, -4.77509307861], "cov": [[13381.9746094, 5080.77978516, -1273.73876953, 971.781677246, -662.027038574, 356.835540771, 159.312133789, 151.782470703, -55.7460708618, 10.4792699814, 278.843658447, 183.026657104, -123.266609192], [5080.77978516, 2947.40039062, -281.566894531, 378.761901855, 14.4409265518, 163.362472534, 48.7108917236, 20.0728664398, -103.154258728, -58.8430328369, 66.09009552, 23.6269035339, -42.6407432556], [-1273.73876953, -281.566894531, 592.498596191, 128.036483765, 171.389633179, 48.4955978394, -5.6210064888, -77.7578201294, -109.732009888, -81.8944625854, -78.6766815186, -23.1934223175, 9.15813541412], [971.781677246, 378.761901855, 128.036483765, 375.496765137, 39.5662269592, 86.2853164673, 22.5189113617, -35.7090263367, -56.8539009094, -77.9386520386, -37.0415992737, -0.209253460169, -7.34095096588], [-662.027038574, 14.4409265518, 171.389633179, 39.5662269592, 243.754974365, 22.8821201324, -19.0442619324, -27.701795578, -46.5788612366, -52.4957122803, -56.7745704651, -38.3312492371, 12.4068012238], [356.835540771, 163.362472534, 48.4955978394, 86.2853164673, 22.8821201324, 118.596946716, 43.4786949158, -3.21750998497, -13.6826429367, -8.57747554779, -3.62738108635, 10.3933334351, 8.94002723694], [159.312133789, 48.7108917236, -5.6210064888, 22.5189113617, -19.0442619324, 43.4786949158, 81.2891921997, 28.3941841125, 20.877910614, 14.6787405014, 21.3122825623, 23.918762207, 6.37205076218], [151.782470703, 20.0728664398, -77.7578201294, -35.7090263367, -27.701795578, -3.21750998497, 28.3941841125, 87.4667510986, 57.2944564819, 42.0320777893, 33.1755523682, 17.9203109741, 6.22990465164], [-55.7460708618, -103.154258728, -109.732009888, -56.8539009094, -46.5788612366, -13.6826429367, 20.877910614, 57.2944564819, 126.854225159, 80.7665328979, 37.4863777161, 18.8149623871, 5.60491323471], [10.4792699814, -58.8430328369, -81.8944625854, -77.9386520386, -52.4957122803, -8.57747554779, 14.6787405014, 42.0320777893, 80.7665328979, 108.471435547, 71.1040802002, 29.7989521027, 6.9257106781], [278.843658447, 66.09009552, -78.6766815186, -37.0415992737, -56.7745704651, -3.62738108635, 21.3122825623, 33.1755523682, 37.4863777161, 71.1040802002, 97.0234527588, 59.342792511, 8.17491912842], [183.026657104, 23.6269035339, -23.1934223175, -0.209253460169, -38.3312492371, 10.3933334351, 23.918762207, 17.9203109741, 18.8149623871, 29.7989521027, 59.342792511, 79.8580245972, 24.8403778076], [-123.266609192, -42.6407432556, 9.15813541412, -7.34095096588, 12.4068012238, 8.94002723694, 6.37205076218, 6.22990465164, 5.60491323471, 6.9257106781, 8.17491912842, 24.8403778076, 45.0870170593]]}, "spectral_decrease": {"dmean": 2.84183543364e-09, "dvar2": 8.55973247664e-17, "mean": -9.30495680507e-09, "var": 1.11668456252e-16, "dmean2": 4.57835946932e-09, "dvar": 3.32338571549e-17, "min": -1.07924527981e-07, "median": -6.08247097134e-09, "max": 1.77775888523e-28}, "zerocrossingrate": {"dmean": 0.00361435534433, "dvar2": 3.23703607137e-05, "mean": 0.029237287119, "var": 0.00183888804168, "dmean2": 0.00467831036076, "dvar": 2.21496266022e-05, "min": 0.00244140625, "median": 0.01904296875, "max": 0.53125}, "spectral_contrast_coeffs": {"dmean": [0.0448287837207, 0.0391205772758, 0.0330314859748, 0.0245119836181, 0.0159360319376, 0.0153742153198], "dvar2": [0.00363189354539, 0.00293114455417, 0.00183310266584, 0.00113955733832, 0.000508504919708, 0.000546251481865], "mean": [-0.641087651253, -0.712765216827, -0.775870680809, -0.810512840748, -0.834272921085, -0.746939361095], "var": [0.0116740595549, 0.00763267744333, 0.00509446486831, 0.00244735111482, 0.00148770736996, 0.0029299010057], "dmean2": [0.0755097270012, 0.0660695284605, 0.0551028251648, 0.0414158925414, 0.0263515170664, 0.0236512161791], "dvar": [0.00129500869662, 0.00103368330747, 0.000705873710103, 0.000403727783123, 0.000197405228391, 0.000277349172393], "min": [-0.971535205841, -0.986368298531, -0.985780239105, -0.980705559254, -0.980261564255, -0.964429318905], "median": [-0.646828830242, -0.705029845238, -0.785539150238, -0.81518638134, -0.837697386742, -0.747816085815], "max": [-0.297145158052, -0.464977800846, -0.460588306189, -0.603860557079, -0.582391858101, -0.447229623795]}, "spectral_skewness": {"dmean": 0.502086102962, "dvar2": 0.609228014946, "mean": 2.67681026459, "var": 1.05594623089, "dmean2": 0.832254171371, "dvar": 0.220179572701, "min": -0.0634911879897, "median": 2.62596607208, "max": 6.96032857895}, "spectral_energyband_middle_high": {"dmean": 0.000517060048878, "dvar2": 4.31552462032e-06, "mean": 0.001690582023, "var": 8.19363049231e-06, "dmean2": 0.000837691361085, "dvar": 1.61636194207e-06, "min": 1.26577525993e-21, "median": 0.000585604924709, "max": 0.0314467065036}, "gfcc": {"icov": [[0.000248148891842, -0.000824407557957, 0.000203688527108, -0.000319799641147, 0.00048069524928, -0.000122566212667, -0.000131452092319, -0.000607606547419, 0.000926129461732, -0.000557678053156, 0.000436447327957, -2.90791358566e-05, 0.000220397487283], [-0.000824407557957, 0.004595764447, -5.46254195797e-05, 0.00164092180785, -0.00285333185457, 0.00223665148951, -0.00219917949289, 0.00446913996711, -0.00455541303381, 0.00425688689575, -0.00529665453359, 0.00153734488413, -0.000819633423816], [0.000203688527108, -5.46254195797e-05, 0.00226049916819, -0.00042381908861, -0.00115710333921, 0.000382535770768, -0.000125135440612, 0.000764480384532, 0.0013401437318, -0.000385736231692, -0.0017915412318, 0.00138913432602, 0.000687690451741], [-0.000319799641147, 0.00164092180785, -0.00042381908861, 0.00438964972273, -0.00119123584591, 0.0015684957616, -0.0023392830044, 0.00445637572557, -0.00216353707947, 0.00133223610464, -0.000652066257317, -0.00197690096684, -0.000404490449], [0.00048069524928, -0.00285333185457, -0.00115710333921, -0.00119123584591, 0.00986068323255, -0.00336451642215, 0.00098321842961, -0.00208804197609, -0.000705025857314, -0.000163842225447, 0.00104835361708, -0.000911919458304, -0.000451505271485], [-0.000122566212667, 0.00223665148951, 0.000382535770768, 0.0015684957616, -0.00336451642215, 0.013797711581, -0.00415145745501, 0.00093482027296, -0.00200462178327, -0.000325725035509, -0.00287773716263, -0.00196042866446, -0.00128893996589], [-0.000131452092319, -0.00219917949289, -0.000125135440612, -0.0023392830044, 0.00098321842961, -0.00415145745501, 0.0141569105908, -0.00926224701107, 0.00401950487867, -0.00496098119766, -0.00104051362723, 0.00612906273454, -0.00615442497656], [-0.000607606547419, 0.00446913996711, 0.000764480384532, 0.00445637572557, -0.00208804197609, 0.00093482027296, -0.00926224701107, 0.022841507569, -0.0149985682219, 0.000649615365546, 0.00483009126037, -0.0113485511392, 0.00657562725246], [0.000926129461732, -0.00455541303381, 0.0013401437318, -0.00216353707947, -0.000705025857314, -0.00200462178327, 0.00401950487867, -0.0149985682219, 0.0280249621719, -0.00695906253532, -0.00465762987733, 0.0132787730545, -0.00851696263999], [-0.000557678053156, 0.00425688689575, -0.000385736231692, 0.00133223610464, -0.000163842225447, -0.000325725035509, -0.00496098119766, 0.000649615365546, -0.00695906253532, 0.02054595761, -0.00879759248346, -0.00223759911023, 0.00432182988152], [0.000436447327957, -0.00529665453359, -0.0017915412318, -0.000652066257317, 0.00104835361708, -0.00287773716263, -0.00104051362723, 0.00483009126037, -0.00465762987733, -0.00879759248346, 0.0360205061734, -0.0202186442912, 0.00785105116665], [-2.90791358566e-05, 0.00153734488413, 0.00138913432602, -0.00197690096684, -0.000911919458304, -0.00196042866446, 0.00612906273454, -0.0113485511392, 0.0132787730545, -0.00223759911023, -0.0202186442912, 0.0421674288809, -0.0182041637599], [0.000220397487283, -0.000819633423816, 0.000687690451741, -0.000404490449, -0.000451505271485, -0.00128893996589, -0.00615442497656, 0.00657562725246, -0.00851696263999, 0.00432182988152, 0.00785105116665, -0.0182041637599, 0.027572080493]], "mean": [-144.03755188, 182.309417725, -111.108192444, 17.11302948, -37.8416099548, -13.6228933334, -17.1922798157, -12.5272378922, -10.7907323837, -6.27355861664, -7.46804761887, -6.92280960083, -6.16872310638], "cov": [[20164.0761719, 5023.12060547, -1146.11572266, 414.695922852, 104.345428467, -304.829650879, 789.398254395, -274.114379883, 55.8147888184, -227.85949707, 327.766204834, -131.014144897, 124.971389771], [5023.12060547, 2058.80273438, -52.4054489136, 123.48765564, 217.097305298, -153.221420288, 151.543289185, -255.022399902, 53.6724967957, -188.018127441, 165.232528687, -77.6505584717, 62.939994812], [-1146.11572266, -52.4054489136, 760.876831055, 119.745414734, 90.5130081177, -51.6065101624, -117.682525635, -162.138198853, -74.327041626, -43.0582771301, 31.5741767883, -26.7478885651, -41.0083694458], [414.695922852, 123.48765564, 119.745414734, 366.129364014, 28.5131378174, -47.8772277832, -4.2846531868, -118.419677734, -39.921913147, -42.6114768982, 19.3380279541, 4.35029602051, 19.9679355621], [104.345428467, 217.097305298, 90.5130081177, 28.5131378174, 175.509338379, 23.2791500092, 21.3019580841, -15.0879402161, 31.7926712036, -14.4261693954, 32.1376647949, 1.50954592228, 20.0232944489], [-304.829650879, -153.221420288, -51.6065101624, -47.8772277832, 23.2791500092, 135.852005005, 65.6820907593, 87.3920135498, 39.4749107361, 57.6676864624, 9.36695766449, 28.7155036926, 18.4640865326], [789.398254395, 151.543289185, -117.682525635, -4.2846531868, 21.3019580841, 65.6820907593, 202.806655884, 106.825538635, 60.9355697632, 60.2765884399, 24.9763526917, 12.4835662842, 34.7837104797], [-274.114379883, -255.022399902, -162.138198853, -118.419677734, -15.0879402161, 87.3920135498, 106.825538635, 222.59185791, 84.205871582, 94.8795471191, -13.0361528397, 32.7217216492, 7.96943807602], [55.8147888184, 53.6724967957, -74.327041626, -39.921913147, 31.7926712036, 39.4749107361, 60.9355697632, 84.205871582, 101.189155579, 41.1554450989, 14.8519020081, 0.807943046093, 19.4135112762], [-227.85949707, -188.018127441, -43.0582771301, -42.6114768982, -14.4261693954, 57.6676864624, 60.2765884399, 94.8795471191, 41.1554450989, 119.835525513, 15.321855545, 24.0167636871, -4.60960912704], [327.766204834, 165.232528687, 31.5741767883, 19.3380279541, 32.1376647949, 9.36695766449, 24.9763526917, -13.0361528397, 14.8519020081, 15.321855545, 67.4051971436, 19.7364463806, 7.45965671539], [-131.014144897, -77.6505584717, -26.7478885651, 4.35029602051, 1.50954592228, 28.7155036926, 12.4835662842, 32.7217216492, 0.807943046093, 24.0167636871, 19.7364463806, 56.8353309631, 24.2097873688], [124.971389771, 62.939994812, -41.0083694458, 19.9679355621, 20.0232944489, 18.4640865326, 34.7837104797, 7.96943807602, 19.4135112762, -4.60960912704, 7.45965671539, 24.2097873688, 66.090423584]]}, "erbbands_spread": {"dmean": 3.40379190445, "dvar2": 32.8176803589, "mean": 19.6052913666, "var": 140.548797607, "dmean2": 5.17183923721, "dvar": 14.7754077911, "min": 1.08830559254, "median": 16.7483158112, "max": 79.7433166504}, "erbbands_kurtosis": {"dmean": 1.30448198318, "dvar2": 10.0481472015, "mean": 3.14171600342, "var": 30.0197868347, "dmean2": 2.02872633934, "dvar": 4.36399888992, "min": -1.74164009094, "median": 1.22795391083, "max": 56.9870529175}, "dynamic_complexity": 8.20143222809, "erbbands_crest": {"dmean": 2.21598172188, "dvar2": 13.8926563263, "mean": 11.3622121811, "var": 27.7025051117, "dmean2": 3.40911507607, "dvar": 5.99984741211, "min": 2.76550793648, "median": 10.2930994034, "max": 33.711605072}, "erbbands": {"dmean": [0.343937128782, 1.82417881489, 1.08709871769, 2.36223292351, 4.97639083862, 6.16602993011, 7.39058828354, 10.4253101349, 5.41243743896, 11.6307487488, 20.8637962341, 32.0898323059, 18.0294513702, 3.92403173447, 4.99596452713, 5.16806602478, 9.68684959412, 3.29397654533, 2.43128752708, 1.97110581398, 1.03479754925, 1.32977724075, 1.22044014931, 1.00481259823, 1.33572876453, 0.737801849842, 0.944297850132, 0.649229168892, 0.172271311283, 0.048269238323, 0.0182033628225, 0.0107268849388, 0.0076974411495, 0.00392923783511, 0.00212317192927, 0.00108267785981, 0.00125867233146, 0.000803793489467, 5.37225932931e-05, 1.34633019115e-05], "dvar2": [1.75719344616, 45.5439109802, 18.5853538513, 76.0838699341, 239.638595581, 265.397338867, 441.979827881, 2687.27441406, 251.59173584, 2319.41821289, 4976.02392578, 15250.7802734, 11716.8847656, 203.204711914, 315.548980713, 464.727264404, 1669.47167969, 235.022460938, 178.35585022, 158.993591309, 41.7156639099, 72.122215271, 36.303024292, 52.8418388367, 198.898773193, 21.5817661285, 67.8959732056, 45.0363273621, 1.74712324142, 0.148766383529, 0.0329457372427, 0.0138851208612, 0.0154126081616, 0.0026347739622, 0.000702042714693, 0.000235717117903, 0.000345871580066, 0.000189853919437, 4.75571965808e-07, 2.24999796572e-09], "mean": [0.451105266809, 2.40590643883, 2.0714673996, 7.58257627487, 19.1886386871, 24.3338241577, 23.985660553, 23.5009174347, 17.5064525604, 26.0084476471, 47.5495910645, 63.7883682251, 41.3993988037, 9.07072162628, 9.91680049896, 9.94155693054, 15.702000618, 7.33746814728, 5.38664674759, 3.91022396088, 2.15475392342, 2.48148584366, 2.57496976852, 1.81062161922, 1.92121958733, 1.373483181, 1.39781665802, 0.868468701839, 0.284583240747, 0.0782203748822, 0.0245467815548, 0.0114941634238, 0.00680679408833, 0.00363677041605, 0.00192065280862, 0.000901608087588, 0.000820575165562, 0.000468308280688, 5.03568153363e-05, 4.14997557527e-05], "var": [1.08904790878, 30.5932483673, 9.84808444977, 71.1390380859, 386.772796631, 736.91229248, 817.460449219, 1660.23779297, 750.889404297, 2949.49633789, 11376.8193359, 24103.8242188, 19519.4433594, 273.894989014, 262.179016113, 371.084381104, 1038.57543945, 210.27003479, 133.41885376, 133.184082031, 34.5760612488, 44.3591423035, 56.2094573975, 42.8291320801, 95.0141677856, 40.2915229797, 58.4113197327, 25.285993576, 1.99550199509, 0.117849886417, 0.0121174389496, 0.00503839552402, 0.00376336579211, 0.000924660416786, 0.000259027670836, 6.61428421154e-05, 6.49183639325e-05, 3.32391646225e-05, 9.85813386478e-08, 2.26275842508e-09], "dmean2": [0.549401760101, 3.01604890823, 1.86667871475, 3.91686582565, 8.23736667633, 9.45714092255, 11.5107879639, 17.6572093964, 8.13240432739, 17.854309082, 29.6798553467, 45.9995155334, 27.7675571442, 6.41644382477, 8.28558635712, 8.70631217957, 16.3919219971, 5.60336780548, 4.09377527237, 3.22229003906, 1.73263633251, 2.2001619339, 1.84705817699, 1.55004453659, 2.14224886894, 0.966640591621, 1.21521794796, 0.969419598579, 0.246044591069, 0.0754116401076, 0.0299746673554, 0.0172667391598, 0.0133575126529, 0.00628474727273, 0.00339194620028, 0.00184415269177, 0.00234824744985, 0.00154332222883, 9.81617267826e-05, 2.19721932808e-05], "dvar": [0.674239337444, 17.977853775, 6.77999925613, 25.9714336395, 83.8542633057, 101.197380066, 162.16217041, 819.454650879, 112.56741333, 970.283630371, 2530.1159668, 7494.52587891, 5364.38769531, 77.902381897, 110.104454041, 161.225769043, 602.721191406, 85.1576461792, 65.2260055542, 65.0345230103, 16.7565155029, 26.0450649261, 16.8907089233, 20.6780815125, 66.1707839966, 12.9268217087, 33.6198120117, 19.9433040619, 0.886128008366, 0.0636308416724, 0.0124203441665, 0.00562784681097, 0.00558655941859, 0.00106554967351, 0.000288366951281, 8.88905851752e-05, 0.000118415729958, 6.4057923737e-05, 1.66085214914e-07, 8.48901282602e-10], "min": [3.38666973315e-22, 2.23644616229e-21, 4.20080240962e-21, 1.84016263123e-20, 2.29485250484e-20, 7.22373339274e-20, 8.53194861206e-20, 1.14483011699e-19, 1.3632401784e-19, 2.46575897308e-19, 2.26500766678e-19, 4.32691276638e-19, 9.24174984e-19, 1.29368369806e-18, 1.12279810967e-18, 1.06277881501e-18, 1.96957576831e-18, 2.9627332727e-18, 3.14439826524e-18, 3.5653961807e-18, 5.40745544014e-18, 6.53891899051e-18, 5.82642738348e-18, 7.19302694914e-18, 1.0179742049e-17, 1.00276210528e-17, 1.39192146673e-17, 1.2898311664e-17, 1.43980844131e-17, 1.03549711627e-17, 1.40126778047e-17, 1.18747840166e-17, 1.29184377954e-17, 1.03731765808e-17, 7.16574156945e-18, 4.53680069613e-18, 2.64872289767e-18, 1.0530085712e-18, 2.94758728549e-19, 2.85705340142e-20], "median": [0.047679502517, 0.424246549606, 1.20868551731, 6.2537355423, 15.9373130798, 17.1501846313, 13.5118103027, 8.95908737183, 10.0062217712, 6.37360906601, 5.1135725975, 6.4354891777, 3.49922227859, 2.89084219933, 3.96591687202, 2.2054502964, 2.98903036118, 2.08132195473, 1.75266444683, 1.14679801464, 0.810868084431, 0.704408228397, 0.643608927727, 0.424784421921, 0.271771669388, 0.15511611104, 0.0895629748702, 0.0580371432006, 0.0321327038109, 0.0165909044445, 0.00707260565832, 0.00268024113029, 0.00119237671606, 0.000439173250925, 0.000174449858605, 8.0978636106e-05, 3.84511331504e-05, 1.01503692349e-05, 1.28460487758e-05, 2.63856509264e-05], "max": [12.3369684219, 56.7763748169, 63.7052307129, 90.4170608521, 158.37147522, 221.916732788, 258.278198242, 613.330383301, 349.936218262, 811.981262207, 1255.76464844, 1742.0012207, 2618.38525391, 224.992980957, 207.580810547, 325.214508057, 807.443725586, 334.554016113, 339.833221436, 297.904724121, 199.031906128, 189.102386475, 211.146820068, 142.889389038, 182.824584961, 79.6626815796, 121.187675476, 101.584281921, 17.4159011841, 5.21317958832, 2.72372102737, 1.74688458443, 1.83804404736, 0.81141024828, 0.420394718647, 0.218988507986, 0.227227881551, 0.179154649377, 0.00728323822841, 0.000468680053018]}, "silence_rate_30dB": {"dmean": 0.0344553403556, "dvar2": 0.07822201401, "mean": 0.937458574772, "var": 0.0586279965937, "dmean2": 0.0689198151231, "dvar": 0.0332693196833, "min": 0, "median": 1, "max": 1}, "silence_rate_60dB": {"dmean": 0.00901139713824, "dvar2": 0.0211457181722, "mean": 0.234662786126, "var": 0.179584041238, "dmean2": 0.0180251821876, "dvar": 0.00893003400415, "min": 0, "median": 0, "max": 1}, "spectral_energyband_middle_low": {"dmean": 0.00397678511217, "dvar2": 0.000102906677057, "mean": 0.0202625971287, "var": 0.000322956417222, "dmean2": 0.00626640534028, "dvar": 3.79563280148e-05, "min": 2.2913481045e-22, "median": 0.0170178450644, "max": 0.111005425453}, "spectral_spread": {"dmean": 250249.296875, "dvar2": 430589706240, "mean": 2470184.25, "var": 5312212369410.0, "dmean2": 404623.53125, "dvar": 203856281600, "min": 804593.1875, "median": 1973305, "max": 41737544}, "barkbands": {"dmean": [0.000373814051272, 0.0091460943222, 0.00079465797171, 0.00122851401102, 0.00164209492505, 0.00115502031986, 0.000392922811443, 0.000942