{"lowlevel": {"spectral_strongpeak": {"max": 10.7062549591, "dmean": 0.522406518459, "dvar2": 2.18269586563, "dmean2": 0.889636278152, "var": 1.09277689457, "median": 0.361559152603, "min": 0, "dvar": 0.85207593441, "mean": 0.712496161461}, "barkbands_flatness_db": {"max": 0.388220101595, "dmean": 0.0292985327542, "dvar2": 0.00176696036942, "dmean2": 0.0442868992686, "var": 0.00246474216692, "median": 0.130034029484, "min": 0.0114245442674, "dvar": 0.000871041731443, "mean": 0.134809195995}, "barkbands_skewness": {"max": 19.7017269135, "dmean": 0.910546898842, "dvar2": 2.09262442589, "dmean2": 1.3054715395, "var": 3.28793668747, "median": 1.50918245316, "min": -7.13749837875, "dvar": 1.1381431818, "mean": 1.83085680008}, "spectral_energyband_middle_high": {"max": 0.067238971591, "dmean": 0.00279420311563, "dvar2": 3.78054792236e-05, "dmean2": 0.00407161703333, "var": 4.4203530706e-05, "median": 0.00301187811419, "min": 1.34998370031e-21, "dvar": 1.74982269527e-05, "mean": 0.00561176659539}, "erbbands_kurtosis": {"max": 48.4064216614, "dmean": 1.40218055248, "dvar2": 9.83838748932, "dmean2": 2.20192885399, "var": 8.00450611115, "median": 0.222392082214, "min": -1.82882356644, "dvar": 4.23380041122, "mean": 1.08036291599}, "erbbands_crest": {"max": 32.1304130554, "dmean": 3.1945040226, "dvar2": 22.4532051086, "dmean2": 5.17604398727, "var": 20.4284553528, "median": 8.5609703064, "min": 2.1510913372, "dvar": 9.22899246216, "mean": 9.49694156647}, "dynamic_complexity": 3.38341069221, "barkbands_crest": {"max": 26.5419425964, "dmean": 3.56710314751, "dvar2": 24.9378070831, "dmean2": 5.65893602371, "var": 26.1670436859, "median": 11.0044565201, "min": 2.08453345299, "dvar": 12.1304426193, "mean": 12.0337648392}, "dissonance": {"max": 0.5, "dmean": 0.0234455578029, "dvar2": 0.00144288409501, "dmean2": 0.0392295531929, "var": 0.00107528234366, "median": 0.467322528362, "min": 0.102053493261, "dvar": 0.000547441770323, "mean": 0.458732515574}, "spectral_energyband_low": {"max": 0.193610101938, "dmean": 0.012756886892, "dvar2": 0.000968309061136, "dmean2": 0.0198559295386, "var": 0.00111487007234, "median": 0.0137595981359, "min": 5.09139884353e-23, "dvar": 0.00054656190332, "mean": 0.024826509878}, "spectral_contrast_coeffs": {"max": [-0.262448400259, -0.349833011627, -0.493891358376, -0.506548285484, -0.522955536842, -0.619806170464], "dmean": [0.0502975210547, 0.0586339309812, 0.0443801954389, 0.0388708598912, 0.0288693513721, 0.0206195674837], "dvar2": [0.00464168377221, 0.00573673564941, 0.00326695945114, 0.00248764897697, 0.00133926537819, 0.000707040773705], "dmean2": [0.0801595896482, 0.0920471996069, 0.0710046887398, 0.0602435469627, 0.0441190563142, 0.0308687277138], "var": [0.00742847938091, 0.00781717803329, 0.00496776495129, 0.00397932343185, 0.00281893392093, 0.00141355209053], "median": [-0.680095136166, -0.72692579031, -0.756280243397, -0.770716428757, -0.785989880562, -0.793930888176], "min": [-0.952594339848, -0.974503159523, -0.97248852253, -0.962641954422, -0.962406814098, -0.960521697998], "dvar": [0.00184620136861, 0.00252861063927, 0.00134737568442, 0.00113558443263, 0.000651289068628, 0.000345161970472], "mean": [-0.668593227863, -0.716594040394, -0.752393484116, -0.762577414513, -0.776494383812, -0.79061883688]}, "silence_rate_60dB": {"max": 1, "dmean": 0.0170226693153, "dvar2": 0.0373090207577, "dmean2": 0.0340481251478, "var": 0.0682333856821, "median": 0, "min": 0, "dvar": 0.0167330726981, "mean": 0.0736497566104}, "mfcc": {"icov": [[0.000148882449139, -4.25370235462e-05, -6.09793823969e-06, -1.76640423888e-05, -7.60504117352e-05, -4.14829373767e-05, 0.000103938145912, -0.000162388590979, -0.000111833265692, -6.96113347658e-05, -2.75679194601e-05, 1.37914903462e-05, -7.72433486418e-05], [-4.25370235462e-05, 0.000799279194325, 0.000341587001458, 8.61080698087e-05, -0.000207289835089, 0.000173042557435, -0.000256402854575, -0.000187147627003, -0.000278941850411, 0.000366680411389, -4.29459796578e-05, -0.000212693383219, 0.000135687558213], [-6.09793823969e-06, 0.000341587001458, 0.00184844224714, -0.000338100100635, -0.000149492319906, -0.00035645349999, -0.00110320129897, 0.000197085391846, -0.000191930826986, 0.000330314593157, 0.00014249063679, -0.000267451890977, -4.47475649707e-05], [-1.76640423888e-05, 8.61080698087e-05, -0.000338100100635, 0.00281558511779, -0.00135326595046, 0.000406837672926, -0.000191315280972, -0.000578167149797, 0.000186217046576, 0.00022799182625, 3.86459541915e-05, 0.000481235416373, -0.000668286462314], [-7.60504117352e-05, -0.000207289835089, -0.000149492319906, -0.00135326595046, 0.00441104499623, -0.00130822288338, 0.000810144003481, 0.000736880348995, -0.00102637324017, -0.000290302908979, -7.08173683961e-05, 0.00016398250591, -0.000259465276031], [-4.14829373767e-05, 0.000173042557435, -0.00035645349999, 0.000406837672926, -0.00130822288338, 0.00587674090639, -0.00168611295521, 0.000838194566313, -0.000147172744619, -0.00125731318258, 0.000329530390445, -0.000747850746848, 0.000170360624907], [0.000103938145912, -0.000256402854575, -0.00110320129897, -0.000191315280972, 0.000810144003481, -0.00168611295521, 0.00538118276745, -0.00206640711986, -0.000285759102553, 6.71590805723e-06, -0.000533578800969, -0.000185811222764, 0.000318245321978], [-0.000162388590979, -0.000187147627003, 0.000197085391846, -0.000578167149797, 0.000736880348995, 0.000838194566313, -0.00206640711986, 0.00743196578696, -0.00271033984609, 0.000534961582161, -0.000626125431154, -0.00034593953751, -0.00051898136735], [-0.000111833265692, -0.000278941850411, -0.000191930826986, 0.000186217046576, -0.00102637324017, -0.000147172744619, -0.000285759102553, -0.00271033984609, 0.00903231371194, -0.00310381827876, 0.000626595283393, 0.000462325493572, -0.00119718990754], [-6.96113347658e-05, 0.000366680411389, 0.000330314593157, 0.00022799182625, -0.000290302908979, -0.00125731318258, 6.71590805723e-06, 0.000534961582161, -0.00310381827876, 0.0085495878011, -0.00292048766278, -1.44678533616e-05, -0.000569402007386], [-2.75679194601e-05, -4.29459796578e-05, 0.00014249063679, 3.86459541915e-05, -7.08173683961e-05, 0.000329530390445, -0.000533578800969, -0.000626125431154, 0.000626595283393, -0.00292048766278, 0.00879183784127, -0.00339236552827, 0.0013809222728], [1.37914903462e-05, -0.000212693383219, -0.000267451890977, 0.000481235416373, 0.00016398250591, -0.000747850746848, -0.000185811222764, -0.00034593953751, 0.000462325493572, -1.44678533616e-05, -0.00339236552827, 0.0108725447208, -0.00353508302942], [-7.72433486418e-05, 0.000135687558213, -4.47475649707e-05, -0.000668286462314, -0.000259465276031, 0.000170360624907, 0.000318245321978, -0.00051898136735, -0.00119718990754, -0.000569402007386, 0.0013809222728, -0.00353508302942, 0.0110907265916]], "cov": [[7753.43994141, 533.793212891, -35.0229911804, 192.094543457, 289.80670166, 90.9931564331, -18.6795253754, 267.07913208, 294.10144043, 188.064117432, 87.2589035034, 57.2851867676, 126.11580658], [533.793212891, 1493.97216797, -270.268585205, -35.8931732178, 35.8772239685, -55.3877677917, 22.9380474091, 91.5869750977, 65.798576355, -30.7609539032, 18.745098114, 25.0213909149, -1.33086311817], [-35.0229911804, -270.268585205, 752.807922363, 124.137252808, 52.0925102234, 110.669242859, 186.46661377, 30.0196342468, 31.5489196777, 8.67421531677, 2.55990386009, 24.9257202148, 20.6299381256], [192.094543457, -35.8931732178, 124.137252808, 460.348480225, 147.845840454, 13.5262899399, 32.3612442017, 41.0371627808, 30.9379024506, 0.73995912075, -9.61716747284, -10.4837369919, 35.4929466248], [289.80670166, 35.8772239685, 52.0925102234, 147.845840454, 322.574249268, 71.5672988892, -15.2730455399, -7.79509878159, 54.3400611877, 39.6401519775, 4.0643362999, 1.82218790054, 25.1946678162], [90.9931564331, -55.3877677917, 110.669242859, 13.5262899399, 71.5672988892, 232.836120605, 85.2330703735, 1.02037525177, 33.9445419312, 54.6110610962, 19.1150608063, 25.336315155, 10.4363393784], [-18.6795253754, 22.9380474091, 186.46661377, 32.3612442017, -15.2730455399, 85.2330703735, 297.302978516, 92.1038131714, 46.5268745422, 25.6167640686, 33.2128143311, 28.6675281525, 7.74362659454], [267.07913208, 91.5869750977, 30.0196342468, 41.0371627808, -7.79509878159, 1.02037525177, 92.1038131714, 202.41229248, 76.1620635986, 21.4963989258, 26.8169670105, 21.107843399, 22.6781673431], [294.10144043, 65.798576355, 31.5489196777, 30.9379024506, 54.3400611877, 33.9445419312, 46.5268745422, 76.1620635986, 174.052139282, 71.6357650757, 19.9675807953, 13.9399862289, 30.6365032196], [188.064117432, -30.7609539032, 8.67421531677, 0.73995912075, 39.6401519775, 54.6110610962, 25.6167640686, 21.4963989258, 71.6357650757, 176.086364746, 62.2233695984, 26.6060028076, 19.6310901642], [87.2589035034, 18.745098114, 2.55990386009, -9.61716747284, 4.0643362999, 19.1150608063, 33.2128143311, 26.8169670105, 19.9675807953, 62.2233695984, 156.367599487, 52.2355194092, 2.44262528419], [57.2851867676, 25.0213909149, 24.9257202148, -10.4837369919, 1.82218790054, 25.336315155, 28.6675281525, 21.107843399, 13.9399862289, 26.6060028076, 52.2355194092, 123.502754211, 35.112613678], [126.11580658, -1.33086311817, 20.6299381256, 35.4929466248, 25.1946678162, 10.4363393784, 7.74362659454, 22.6781673431, 30.6365032196, 19.6310901642, 2.44262528419, 35.112613678, 109.752754211]], "mean": [-643.952331543, 105.019416809, 13.3074932098, 11.1636896133, 10.1172199249, 4.9820394516, 0.952629387379, 11.3731498718, 8.51647186279, 6.56303501129, 8.21021842957, 7.50695943832, 5.38690853119]}, "melbands_spread": {"max": 284.326202393, "dmean": 10.2991533279, "dvar2": 444.699371338, "dmean2": 15.3132209778, "var": 691.013122559, "median": 18.9197063446, "min": 0.401166945696, "dvar": 232.284454346, "mean": 25.5390949249}, "barkbands_kurtosis": {"max": 441.681518555, "dmean": 6.35431575775, "dvar2": 484.761169434, "dmean2": 9.68419742584, "var": 291.429779053, "median": 2.28649020195, "min": -1.96052825451, "dvar": 224.383773804, "mean": 7.12657785416}, "spectral_energyband_high": {"max": 0.0271403193474, "dmean": 0.000781935581472, "dvar2": 5.81782478548e-06, "dmean2": 0.00106873421464, "var": 5.91122670812e-06, "median": 0.00061348581221, "min": 7.87348796443e-21, "dvar": 3.18714000969e-06, "mean": 0.00143462629057}, "hfc": {"max": 250.500747681, "dmean": 11.6044158936, "dvar2": 720.997131348, "dmean2": 16.4848899841, "var": 728.403442383, "median": 22.5365409851, "min": 1.23492599445e-16, "dvar": 364.2215271, "mean": 27.968000412}, "spectral_skewness": {"max": 3.49855661392, "dmean": 0.233649611473, "dvar2": 0.0971428304911, "dmean2": 0.330625265837, "var": 0.305683463812, "median": 1.62304544449, "min": -0.433871030807, "dvar": 0.0542614944279, "mean": 1.61360692978}, "erbbands": {"max": [7.95253753662, 44.9640159607, 84.0308914185, 165.01675415, 135.592803955, 224.891479492, 504.205352783, 463.730743408, 889.022827148, 1562.11254883, 1747.78381348, 1792.90258789, 2293.29077148, 1719.48144531, 1664.60644531, 1286.1270752, 1427.66162109, 1289.91894531, 1576.83178711, 1144.37536621, 910.165527344, 614.342163086, 732.694458008, 328.741729736, 256.146759033, 179.661361694, 210.550384521, 194.926849365, 172.428283691, 155.697097778, 114.822502136, 243.609542847, 255.614608765, 153.823348999, 61.0128288269, 19.2852478027, 4.49491882324, 1.72034752369, 0.250842869282, 0.00638236524537], "dmean": [0.487874239683, 2.37894272804, 3.24939823151, 4.54838705063, 4.42138528824, 6.33767223358, 8.61978626251, 7.71281194687, 16.8921337128, 42.0793838501, 39.8860855103, 23.403219223, 25.2966022491, 17.4631023407, 21.5261878967, 20.5545864105, 20.4663276672, 23.167804718, 26.0273246765, 24.732421875, 19.8967647552, 16.7309036255, 15.0810403824, 9.90075874329, 7.24840974808, 5.35310316086, 5.21887016296, 4.70810365677, 4.58991289139, 5.16295957565, 3.75977325439, 3.49100089073, 2.99139904976, 1.90547633171, 1.04780590534, 0.514276266098, 0.178924322128, 0.0515364781022, 0.00912509392947, 0.000275394093478], "dvar2": [1.59564352036, 56.9092788696, 234.260498047, 819.616149902, 572.241271973, 470.728179932, 1068.61938477, 925.62713623, 3489.99121094, 24621.4023438, 27304.4707031, 10113.3554688, 13302.0576172, 7213.09863281, 11262.2949219, 7358.55908203, 9359.78808594, 8894.09765625, 10462.3378906, 7178.85400391, 4326.83105469, 2068.99658203, 3258.76928711, 1199.53991699, 745.388916016, 354.234680176, 603.655944824, 297.679992676, 210.086013794, 383.12399292, 154.318069458, 145.096725464, 110.010673523, 38.777923584, 9.35291576385, 2.428150177, 0.195490837097, 0.0267318468541, 0.000731150619686, 5.22966558947e-07], "dmean2": [0.747540831566, 3.58251857758, 5.66692113876, 8.64566707611, 8.13570594788, 10.6118774414, 14.1799163818, 13.1573915482, 28.018037796, 66.8982391357, 63.4664802551, 36.1268005371, 39.0802230835, 27.256652832, 34.2957420349, 32.7992095947, 32.3050765991, 35.7042007446, 40.1891708374, 37.6045913696, 30.1442489624, 25.3337936401, 23.9182243347, 15.0600442886, 11.2973098755, 8.1917591095, 7.97192049026, 7.04498529434, 6.74825191498, 7.70394992828, 5.57432174683, 5.03325176239, 4.18716669083, 2.62886619568, 1.43850648403, 0.712866008282, 0.233001247048, 0.0709625035524, 0.0123403165489, 0.000354843214154], "var": [1.23817563057, 38.1838722229, 63.2693786621, 157.967926025, 118.758079529, 189.619338989, 489.764404297, 362.8855896, 2059.48193359, 13387.5302734, 14332.7978516, 7243.56005859, 8289.48046875, 3872.22875977, 6289.30517578, 4269.85986328, 4827.99560547, 5929.98095703, 6740.68017578, 5317.68408203, 3477.65795898, 1962.16760254, 1695.26843262, 796.233276367, 414.154541016, 246.19241333, 281.048431396, 236.292999268, 187.904067993, 240.049362183, 125.909172058, 160.039916992, 120.035598755, 44.0623512268, 10.6263780594, 2.12320756912, 0.252368748188, 0.0221996698529, 0.000726973579731, 6.84338317569e-07], "median": [0.222601413727, 1.79896342754, 3.33774924278, 0.897362589836, 0.730445086956, 2.04018735886, 2.54260110855, 3.24063682556, 5.25658607483, 11.0898666382, 11.6494293213, 9.55069541931, 9.45466327667, 7.62109088898, 9.54409599304, 8.7616558075, 6.36379671097, 6.46053218842, 6.9303393364, 7.25559949875, 8.27998161316, 9.48457241058, 6.9504404068, 4.56706428528, 3.71530389786, 2.79329109192, 2.47298407555, 2.57668209076, 2.52140045166, 2.38014554977, 1.99524950981, 1.49338006973, 1.21441197395, 0.891111850739, 0.522748827934, 0.250917732716, 0.0813919007778, 0.0140860956162, 0.00162791553885, 9.64084028965e-05], "min": [2.15036111647e-22, 1.87483898763e-21, 1.03456335473e-20, 6.37877421313e-20, 8.59049619733e-20, 4.45384350213e-20, 1.70365485651e-19, 4.35433457917e-19, 4.26746691467e-19, 7.53847742528e-19, 5.25796322394e-19, 1.68458836924e-18, 1.16176565775e-18, 1.06628926613e-18, 2.04018183745e-18, 2.22551206728e-18, 2.73722563975e-18, 4.25109127179e-18, 4.42459447322e-18, 5.0794510303e-18, 6.9021803196e-18, 8.72694488679e-18, 9.2398514605e-18, 8.99130519312e-18, 1.16339288745e-17, 1.26582382076e-17, 1.29265797342e-17, 2.22066826305e-17, 1.48276674293e-17, 2.11430011547e-17, 1.52070587804e-17, 1.12416318516e-17, 1.19484386599e-17, 1.23189626347e-17, 9.4434909196e-18, 4.41971328043e-18, 2.5244065438e-18, 1.39094173333e-18, 2.93683445452e-19, 3.78329276974e-20], "dvar": [0.809745490551, 27.8467235565, 85.3781280518, 281.694458008, 199.052536011, 177.305023193, 424.568450928, 358.841918945, 1485.49487305, 10537.0527344, 11168.6640625, 4536.78710938, 5643.64941406, 2891.69921875, 4545.50683594, 2962.22045898, 3888.55249023, 3916.70043945, 4551.38623047, 3221.29345703, 1970.67797852, 953.441711426, 1286.62841797, 554.297363281, 328.582061768, 159.478790283, 259.256256104, 157.140274048, 113.793212891, 178.139450073, 72.0813903809, 75.8543167114, 58.3624534607, 20.6913776398, 4.98752737045, 1.22167694569, 0.12006816268, 0.014178420417, 0.000405625469284, 3.25038968185e-07], "mean": [0.658238947392, 3.68738865852, 4.96060180664, 3.67149686813, 3.48749804497, 7.09226799011, 9.6139125824, 8.79844856262, 19.1323719025, 50.1355819702, 50.7610626221, 32.7753257751, 36.580291748, 24.486448288, 30.4617843628, 29.2309074402, 26.2569541931, 29.6264419556, 33.4040641785, 33.803565979, 29.1005249023, 26.1985340118, 21.2095165253, 14.1308612823, 10.0673761368, 8.1135559082, 6.91651248932, 7.05650568008, 7.0846452713, 7.37876987457, 5.92389583588, 5.52572965622, 4.74308633804, 3.07761096954, 1.72451007366, 0.788782477379, 0.278693050146, 0.0694475919008, 0.0123676508665, 0.0004329647345]}, "spectral_contrast_valleys": {"max": [-5.06684780121, -4.43490934372, -4.87603855133, -5.49735450745, -5.46771287918, -7.13951301575], "dmean": [0.431027024984, 0.456562578678, 0.42699149251, 0.400811880827, 0.31556892395, 0.327993601561], "dvar2": [0.400642156601, 0.427688658237, 0.39116075635, 0.299505293369, 0.22817543149, 0.223846927285], "dmean2": [0.685571789742, 0.720380783081, 0.662579476833, 0.587342977524, 0.451435744762, 0.423726648092], "var": [2.27357554436, 1.39599895477, 1.42370808125, 1.41696119308, 1.20499026775, 1.38689804077], "median": [-7.09932899475, -6.81358337402, -7.3671207428, -7.80926322937, -7.66713047028, -9.52896881104], "min": [-27.8052082062, -27.2073669434, -27.0858650208, -27.50963974, -27.3804759979, -27.2770328522], "dvar": [0.188132897019, 0.182578891516, 0.174373552203, 0.156087175012, 0.131719127297, 0.151254355907], "mean": [-7.45822477341, -6.9550037384, -7.48400783539, -7.93008375168, -7.80281925201, -9.67101097107]}, "average_loudness": 0.959701299667, "erbbands_spread": {"max": 177.904937744, "dmean": 11.8609361649, "dvar2": 340.846710205, "dmean2": 17.3588199615, "var": 594.300170898, "median": 38.260345459, "min": 2.54483962059, "dvar": 168.256118774, "mean": 42.8319320679}, "melbands_flatness_db": {"max": 0.516723930836, "dmean": 0.0359436497092, "dvar2": 0.00252631353214, "dmean2": 0.0524729005992, "var": 0.00481619266793, "median": 0.210497707129, "min": 0.00416826689616, "dvar": 0.00136549666058, "mean": 0.215252697468}, "barkbands_spread": {"max": 128.182250977, "dmean": 10.0567874908, "dvar2": 260.888702393, "dmean2": 14.806180954, "var": 420.23223877, "median": 22.5040054321, "min": 0.955553174019, "dvar": 139.979049683, "mean": 28.2466888428}, "spectral_decrease": {"max": 3.2471476424e-19, "dmean": 4.11824485624e-09, "dvar2": 6.77878747152e-17, "dmean2": 6.33676533468e-09, "var": 9.48666776234e-17, "median": -7.74624986377e-09, "min": -5.26269126055e-08, "dvar": 3.6388178072e-17, "mean": -1.05042072818e-08}, "melbands_crest": {"max": 39.2247924805, "dmean": 4.33987426758, "dvar2": 38.3541641235, "dmean2": 6.78717565536, "var": 42.5404777527, "median": 17.4139633179, "min": 2.30139422417, "dvar": 15.4768943787, "mean": 17.7617969513}, "erbbands_flatness_db": {"max": 0.345831245184, "dmean": 0.0227914582938, "dvar2": 0.000857389415614, "dmean2": 0.0317565910518, "var": 0.00256405817345, "median": 0.126481682062, "min": 0.0308192409575, "dvar": 0.000488461402711, "mean": 0.131688252091}, "melbands_kurtosis": {"max": 532.575317383, "dmean": 17.6833114624, "dvar2": 2635.12036133, "dmean2": 26.8370742798, "var": 1977.06689453, "median": 9.01618671417, "min": -1.88230454922, "dvar": 1296.29516602, "mean": 24.1989688873}, "spectral_rms": {"max": 0.0139834405854, "dmean": 0.00113425811287, "dvar2": 3.58198099093e-06, "dmean2": 0.00172998255584, "var": 7.71446957515e-06, "median": 0.0055640488863, "min": 3.23700571556e-12, "dvar": 1.86320608009e-06, "mean": 0.00578262517229}, "melbands_skewness": {"max": 19.2746200562, "dmean": 1.31761455536, "dvar2": 4.58107566833, "dmean2": 1.90168941021, "var": 7.10465764999, "median": 2.66327810287, "min": -2.93220210075, "dvar": 2.44782352448, "mean": 3.31372952461}, "barkbands": {"max": [0.0354622751474, 0.185671895742, 0.0789075940847, 0.0592614971101, 0.0479379780591, 0.0572645142674, 0.078313395381, 0.104046069086, 0.0571314767003, 0.0478540733457, 0.0609338618815, 0.0381366126239, 0.0312039926648, 0.0302725955844, 0.0292716436088, 0.0211198888719, 0.0124155804515, 0.0112105607986, 0.00612650765106, 0.00380696333013, 0.00494205486029, 0.00512328697369, 0.00395695818588, 0.0110401576385, 0.00949213560671, 0.0034140967764, 0.00135269633029], "dmean": [0.00229228241369, 0.0115471072495, 0.00275196204893, 0.00160113850143, 0.00173059711233, 0.00095548509853, 0.00169452407863, 0.00226941588335, 0.0010931994766, 0.000660884194076, 0.000525852665305, 0.000535110477358, 0.000486411474412, 0.000478551111883, 0.000536374514922, 0.00040708866436, 0.000315828045132, 0.00027527284692, 0.000167498525116, 0.000104578226455, 0.000129251420731, 0.000153130036779, 0.000129449370434, 0.000169598250068, 0.000155216810526, 0.000106574756501, 4.17046212533e-05], "dvar2": [4.84166121169e-05, 0.000983193865977, 0.000226366188144, 0.000101622943475, 3.86818610423e-05, 1.31592341859e-05, 3.54103722202e-05, 9.477565618e-05, 1.96173659788e-05, 8.57551003719e-06, 6.84267342876e-06, 5.85212501392e-06, 5.38473477718e-06, 3.66662629858e-06, 3.86021838494e-06, 2.10549796975e-06, 7.96797962721e-07, 1.04441528492e-06, 3.93936517185e-07, 1.20932057257e-07, 3.17705342923e-07, 3.01008924453e-07, 1.67656040162e-07, 3.14787996558e-07, 2.14142048094e-07, 8.51896544418e-08, 1.59008237688e-08], "dmean2": [0.00402786489576, 0.0178892947733, 0.00507331453264, 0.00306052737869, 0.00293151219375, 0.00162113539409, 0.00276028853841, 0.00365556264296, 0.00170637783594, 0.00102907221299, 0.000832728750538, 0.000862448418047, 0.000783256953582, 0.000748073798604, 0.000835329177789, 0.000619987491518, 0.000487982761115, 0.00044159902609, 0.000258942774963, 0.000158611102961, 0.000193242507521, 0.000225156720262, 0.000191759841982, 0.000238410342718, 0.000210634578252, 0.00014014269982, 5.77268256166e-05], "var": [2.00586891879e-05, 0.000889039249159, 4.78666261188e-05, 1.95282918867e-05, 1.31215792862e-05, 5.30002307642e-06, 2.05247451959e-05, 4.44972902187e-05, 1.3218701497e-05, 5.59772843189e-06, 3.8224607124e-06, 2.94647588817e-06, 2.6319285098e-06, 2.55852091868e-06, 2.59099829236e-06, 1.50537914578e-06, 6.71386999329e-07, 5.67084725844e-07, 2.20273790319e-07, 9.96329703185e-08, 1.7777435346e-07, 2.23691543511e-07, 1.43562971289e-07, 4.04274544508e-07, 2.58891077465e-07, 9.04530352841e-08, 1.55595234475e-08], "median": [0.000368812296074, 0.00876703299582, 0.00171420013066, 7.88934266893e-05, 0.000602587941103, 0.000350674905349, 0.000457979855128, 0.000503536546603, 0.000409152591601, 0.000179384413059, 0.000159682298545, 0.000239261280512, 0.000122195691802, 9.95130176307e-05, 0.000153116285219, 0.000114409122034, 0.000168498241692, 0.00010878239118, 7.79476467869e-05, 5.26442745468e-05, 6.44953761366e-05, 7.33348715585e-05, 7.32851185603e-05, 7.20952593838e-05, 7.9006611486e-05, 4.83479452669e-05, 7.46395835449e-06], "min": [1.89819122838e-24, 1.1112439025e-23, 9.4740238342e-24, 3.31029638549e-23, 1.3497514218e-23, 4.93377465279e-23, 4.18686726377e-23, 2.43382774358e-23, 5.85792962088e-23, 3.58553090195e-23, 4.16267100655e-23, 6.13155075902e-23, 6.15608559535e-23, 8.55774927101e-23, 1.19865243603e-22, 1.00033040632e-22, 1.45312280818e-22, 1.43951438959e-22, 2.0062121215e-22, 2.87274767932e-22, 4.1157602253e-22, 5.16876912204e-22, 6.02269628447e-22, 6.18004033492e-22, 1.2735135184e-21, 1.34149288116e-21, 2.46662067879e-21], "dvar": [1.60655163199e-05, 0.000550732773263, 7.88904944784e-05, 3.48041248799e-05, 1.41798836921e-05, 5.15071815244e-06, 1.5132784938e-05, 3.79969133064e-05, 8.39364111016e-06, 3.69087388208e-06, 2.79629261968e-06, 2.25191797654e-06, 2.16980652112e-06, 1.70516455e-06, 1.70325802173e-06, 9.44799126046e-07, 3.52033111994e-07, 4.1775328441e-07, 1.79216655738e-07, 5.6837436091e-08, 1.45938926721e-07, 1.5491151828e-07, 7.96727590568e-08, 1.79620784024e-07, 1.16369420766e-07, 4.80275659243e-08, 8.83294415388e-09], "mean": [0.00257335067727, 0.0187722444534, 0.00333762657829, 0.00114809395745, 0.00187828531489, 0.00104639981873, 0.0019611089956, 0.00270374305546, 0.00152019015513, 0.000865988433361, 0.000699252181221, 0.000723705452401, 0.000581411644816, 0.000564294576179, 0.000677334202919, 0.000539766682778, 0.000469988735858, 0.00036985691986, 0.000221345428145, 0.000161864358233, 0.000178062167834, 0.00022125490068, 0.000207622317248, 0.000279145082459, 0.000259558437392, 0.000163463351782, 5.71537821088e-05]}, "spectral_kurtosis": {"max": 24.3239078522, "dmean": 1.26389825344, "dvar2": 4.37908601761, "dmean2": 1.87345671654, "var": 8.51089859009, "median": 3.62468504906, "min": -1.3897395134, "dvar": 1.98096120358, "mean": 4.05885314941}, "erbbands_skewness": {"max": 5.41357803345, "dmean": 0.51490521431, "dvar2": 0.510899484158, "dmean2": 0.765283763409, "var": 0.876355528831, "median": 0.234908178449, "min": -6.2352232933, "dvar": 0.243661314249, "mean": 0.237027078867}, "melbands": {"max": [0.0589077286422, 0.0412141941488, 0.0266126114875, 0.0124774873257, 0.0155780138448, 0.00912777893245, 0.0115754054859, 0.0213238224387, 0.0126566961408, 0.0105551015586, 0.0111379958689, 0.00644697621465, 0.00584491668269, 0.00522582279518, 0.00297084776685, 0.00397760560736, 0.00288842548616, 0.00267850211821, 0.00259619951248, 0.00175524118822, 0.00109712278936, 0.000777130597271, 0.000642608618364, 0.00048534446978, 0.000328549242113, 0.000243992515607, 0.000200351234525, 0.000127008926938, 0.000130013970193, 0.000161483010743, 0.000117615243653, 9.25600252231e-05, 0.000123519392218, 7.71068152972e-05, 7.44189019315e-05, 0.000115668590297, 0.000173934618942, 0.000161493691849, 0.000194174906937, 0.000108322128654], "dmean": [0.00367407524027, 0.00200232025236, 0.000786410353612, 0.000355818046955, 0.000308331946144, 0.00017916788056, 0.000281773420284, 0.000489685276989, 0.000293504301226, 0.000152147084009, 0.000127251929371, 7.21767428331e-05, 7.39323804737e-05, 6.35396063444e-05, 4.89446902066e-05, 4.79969421576e-05, 4.49437902716e-05, 4.32348206232e-05, 4.09255371778e-05, 3.08269191009e-05, 2.35951520153e-05, 1.96544169739e-05, 1.44572741192e-05, 1.35483187478e-05, 7.9101018855e-06, 6.59740089759e-06, 4.41935571871e-06, 3.37882511303e-06, 3.02640432892e-06, 3.64981474377e-06, 2.72169609161e-06, 2.5719284622e-06, 3.28315854858e-06, 2.74535091194e-06, 2.16277749132e-06, 2.45741694016e-06, 2.19521848521e-06, 2.29330407819e-06, 1.91892149815e-06, 1.56401335971e-06], "dvar2": [8.58923449414e-05, 5.15852116223e-05, 2.36697906075e-05, 2.23096617447e-06, 1.1398898323e-06, 4.60998307972e-07, 9.31895840495e-07, 3.52782672053e-06, 1.40564191042e-06, 4.3341171363e-07, 3.31374138796e-07, 1.26839381664e-07, 1.2946262018e-07, 9.25962311271e-08, 5.25856194145e-08, 5.44201377295e-08, 3.64042023193e-08, 3.34927641177e-08, 2.52159892966e-08, 1.3545151667e-08, 6.53522480576e-09, 3.32085114962e-09, 2.17253859347e-09, 2.80424838905e-09, 7.70332408973e-10, 7.50845996489e-10, 2.25171450929e-10, 1.53335205644e-10, 1.82399748083e-10, 3.04017228059e-10, 8.86563947256e-11, 6.43437664261e-11, 1.58516796911e-10, 9.85145784393e-11, 5.03155364595e-11, 8.51113068912e-11, 6.20354254077e-11, 7.61294152718e-11, 4.85007173312e-11, 2.63493254993e-11], "dmean2": [0.0056909089908, 0.00311555550434, 0.00149251089897, 0.00062205287395, 0.000504500698298, 0.000305689987727, 0.000463597680209, 0.000780572649091, 0.000465049903141, 0.000235728482949, 0.000196700668312, 0.000113469934149, 0.000117123949167, 0.000101933248516, 7.78958055889e-05, 7.73565989221e-05, 6.98478906997e-05, 6.81536621414e-05, 6.42174709355e-05, 4.69132319267e-05, 3.65666164726e-05, 3.03270735458e-05, 2.27058499149e-05, 2.18244294956e-05, 1.21531820696e-05, 1.03505817606e-05, 6.80361063132e-06, 5.23522248841e-06, 4.68953476229e-06, 5.57735029361e-06, 4.12824556406e-06, 3.80415690415e-06, 4.92917706651e-06, 4.13240923081e-06, 3.25043652083e-06, 3.73677539756e-06, 3.17973353958e-06, 3.34670471602e-06, 2.6891559628e-06, 2.20282004193e-06], "var": [8.19818669697e-05, 2.50348803092e-05, 4.5667870836e-06, 5.90861702676e-07, 5.51656910375e-07, 1.83353222383e-07, 5.45372984107e-07, 1.816143822e-06, 7.74097884459e-07, 2.97891006085e-07, 2.0725880745e-07, 6.57286562955e-08, 7.3668495304e-08, 4.59343176828e-08, 2.72356057707e-08, 2.66281041661e-08, 2.41279547453e-08, 1.94810247933e-08, 1.57215787056e-08, 9.01175667423e-09, 4.56333859589e-09, 2.73550049279e-09, 1.36150479779e-09, 1.47576928455e-09, 5.06245378951e-10, 3.62607721627e-10, 1.834229435e-10, 9.4505916981e-11, 8.807533175e-11, 1.40278275107e-10, 7.65553523352e-11, 5.63490434868e-11, 9.4245486415e-11, 6.53254325633e-11, 3.99043437183e-11, 5.52136773802e-11, 6.83930134748e-11, 6.63978316773e-11, 5.19030374235e-11, 2.74893944413e-11], "median": [0.00225908635184, 0.00246046576649, 0.000174453671207, 0.00010234072397, 0.000102444522781, 6.77006028127e-05, 8.42263398226e-05, 0.000123750956845, 8.15856765257e-05, 5.50983422727e-05, 4.5543856686e-05, 2.78835195786e-05, 2.71357384918e-05, 2.93031043839e-05, 1.45486410474e-05, 1.2730922208e-05, 1.03032643892e-05, 9.60077886702e-06, 1.01918867585e-05, 8.41365363158e-06, 9.26965549297e-06, 9.71752706391e-06, 6.53254619465e-06, 5.33436832484e-06, 3.1066115298e-06, 2.72191118711e-06, 2.00849171961e-06, 1.61413686328e-06, 1.358936629e-06, 1.44753164477e-06, 1.41452915159e-06, 1.35110758492e-06, 1.38454765874e-06, 1.23018503473e-06, 1.0672672488e-06, 1.08271638055e-06, 7.92332002675e-07, 8.04433568646e-07, 8.05188619779e-07, 7.05855995875e-07], "min": [4.17664772852e-24, 4.1714846339e-24, 1.18373012227e-23, 5.37874395261e-24, 5.06202418777e-24, 9.67402926153e-24, 7.28377835212e-24, 7.46216504634e-24, 5.03323904777e-24, 9.92351598913e-24, 4.96448942545e-24, 3.90079845275e-24, 6.57766580042e-24, 6.18375796816e-24, 8.14160621085e-24, 5.07319288047e-24, 6.4996592898e-24, 5.4244679084e-24, 9.84049626747e-24, 4.94497142893e-24, 9.50787701109e-24, 7.2420846867e-24, 1.01379701928e-23, 7.06355520866e-24, 6.68105233293e-24, 9.42337423092e-24, 6.37398585899e-24, 8.53964806868e-24, 8.13474785414e-24, 1.02656788847e-23, 1.25284285726e-23, 7.70384362871e-24, 9.50637423106e-24, 1.23372418214e-23, 7.82648704478e-24, 9.8410082382e-24, 5.43862322848e-24, 7.95463907656e-24, 9.25284143587e-24, 1.07554416e-23], "dvar": [4.82689465571e-05, 2.16903899855e-05, 8.14724171505e-06, 7.94782181401e-07, 4.53561568747e-07, 1.79291092195e-07, 3.94339423337e-07, 1.47802848005e-06, 5.81707126912e-07, 1.90661623378e-07, 1.40739260246e-07, 5.07386417326e-08, 5.26311474403e-08, 3.585188324e-08, 2.12784421194e-08, 2.19209717045e-08, 1.63723310465e-08, 1.43492266957e-08, 1.09051354613e-08, 6.02723781995e-09, 2.84902124115e-09, 1.46174172766e-09, 8.97904917085e-10, 1.12394671348e-09, 3.58685164903e-10, 3.28477189893e-10, 1.05077863077e-10, 6.62483887193e-11, 7.90914000959e-11, 1.30658525666e-10, 4.83917003691e-11, 3.40385185316e-11, 7.33671873254e-11, 4.60709144445e-11, 2.33525542653e-11, 3.66082858472e-11, 3.25080275199e-11, 3.68967877085e-11, 2.569429218e-11, 1.35425464245e-11], "mean": [0.00565852038562, 0.00345573155209, 0.000639790727291, 0.00035003395169, 0.000356022763299, 0.000198081543203, 0.000323163199937, 0.000583173299674, 0.000372517795768, 0.000209702950087, 0.000180520131835, 9.56308358582e-05, 0.000103142920125, 8.62375309225e-05, 6.21225990471e-05, 5.7889308664e-05, 5.38580534339e-05, 5.19238637935e-05, 5.04916752107e-05, 4.04126840294e-05, 3.27478774125e-05, 2.88197679765e-05, 2.01089478651e-05, 1.78208665602e-05, 1.06734460132e-05, 8.19136494101e-06, 6.43250632493e-06, 4.87129727844e-06, 3.95912411477e-06, 4.52457334177e-06, 4.04604224968e-06, 3.84624036087e-06, 4.4447460823e-06, 3.90919331039e-06, 3.31332103087e-06, 3.46843285115e-06, 3.35467166224e-06, 3.38397808264e-06, 3.01942009173e-06, 2.44315492637e-06]}, "spectral_centroid": {"max": 11133.2480469, "dmean": 361.938751221, "dvar2": 286440.71875, "dmean2": 517.629943848, "var": 662662.9375, "median": 1329.48083496, "min": 180.615997314, "dvar": 174041.9375, "mean": 1515.06445312}, "pitch_salience": {"max": 0.906760692596, "dmean": 0.0977610573173, "dvar2": 0.0230275075883, "dmean2": 0.156009241939, "var": 0.0212522763759, "median": 0.454648911953, "min": 0.030538123101, "dvar": 0.0099821453914, "mean": 0.452861279249}, "gfcc": {"icov": [[0.000100231431134, -4.24824902439e-05, -4.43823773821e-05, -2.34238759731e-05, -7.1288755862e-05, -5.81041531404e-05, 2.99161420116e-05, -6.31071234238e-05, -8.97393329069e-05, 3.73013463104e-05, 0.000165602861671, -0.000115782859211, 0.000139341005706], [-4.24824902439e-05, 0.000923797022551, 0.00024289538851, 0.000245711766183, -0.000580472697038, 0.00031774720992, -0.000444481265731, 0.000187989629922, -0.000356513366569, 0.00105820118915, -0.00076998770237, 0.000727987790015, -0.000284387002466], [-4.43823773821e-05, 0.00024289538851, 0.00139163248241, -0.000378435302991, -0.000543354894035, -0.000215069507249, -0.000476645684103, -7.44523640606e-05, 0.000738400209229, -0.000304118555505, 0.000121482073155, -0.000140428222949, -9.09324226086e-05], [-2.34238759731e-05, 0.000245711766183, -0.000378435302991, 0.00239670090377, -0.000523461028934, -6.15145690972e-05, 0.000216111759073, -7.35398934921e-05, -0.000383948005037, 0.000517432636116, -0.00102093920577, 0.000360644131433, -0.000890096533112], [-7.1288755862e-05, -0.000580472697038, -0.000543354894035, -0.000523461028934, 0.00354853086174, 4.06191138609e-05, -0.000331912189722, -8.91972595127e-05, -0.000714970461559, -0.000967731291894, 0.000818039290607, -0.000418503652327, -0.00058560911566], [-5.81041531404e-05, 0.00031774720992, -0.000215069507249, -6.15145690972e-05, 4.06191138609e-05, 0.0044672046788, -0.00195046816953, 0.000190579201444, -0.000332104362315, -0.000443876167992, -0.0012657440966, 0.00207992549986, -0.00108200043906], [2.99161420116e-05, -0.000444481265731, -0.000476645684103, 0.000216111759073, -0.000331912189722, -0.00195046816953, 0.00566367199644, -0.00287771504372, 0.000992582063191, -0.000304251443595, -0.000209174351767, -0.00117291789502, 0.000897089368664], [-6.31071234238e-05, 0.000187989629922, -7.44523640606e-05, -7.35398934921e-05, -8.91972595127e-05, 0.000190579201444, -0.00287771504372, 0.00737181678414, -0.00273083220236, 0.00111951737199, -0.000468073267257, 0.000108620261017, -2.65640464931e-05], [-8.97393329069e-05, -0.000356513366569, 0.000738400209229, -0.000383948005037, -0.000714970461559, -0.000332104362315, 0.000992582063191, -0.00273083220236, 0.00762373581529, -0.00375234149396, 0.000862943532411, -0.00029907777207, -9.02104220586e-05], [3.73013463104e-05, 0.00105820118915, -0.000304118555505, 0.000517432636116, -0.000967731291894, -0.000443876167992, -0.000304251443595, 0.00111951737199, -0.00375234149396, 0.0114575959742, -0.00535776140168, 0.00246873265132, -0.000277283455944], [0.000165602861671, -0.00076998770237, 0.000121482073155, -0.00102093920577, 0.000818039290607, -0.0012657440966, -0.000209174351767, -0.000468073267257, 0.000862943532411, -0.00535776140168, 0.0144124105573, -0.00589212123305, 0.00274399342015], [-0.000115782859211, 0.000727987790015, -0.000140428222949, 0.000360644131433, -0.000418503652327, 0.00207992549986, -0.00117291789502, 0.000108620261017, -0.00029907777207, 0.00246873265132, -0.00589212123305, 0.0143710905686, -0.00557839171961], [0.000139341005706, -0.000284387002466, -9.09324226086e-05, -0.000890096533112, -0.00058560911566, -0.00108200043906, 0.000897089368664, -2.65640464931e-05, -9.02104220586e-05, -0.000277283455944, 0.00274399342015, -0.00557839171961, 0.0137338759378]], "cov": [[11619.2958984, 702.612976074, 502.495880127, 222.608062744, 544.063842773, 174.058563232, 214.28036499, 266.658905029, 251.776046753, -37.9677696228, -102.919487, 20.4621944427, -32.3912849426], [702.612976074, 1571.34411621, -243.611587524, -119.048912048, 206.524963379, -73.9475784302, 87.8028488159, 41.6585464478, 64.2616958618, -109.457794189, -3.27939200401, -31.1071529388, -0.361297100782], [502.495880127, -243.611587524, 1025.31799316, 219.457580566, 180.190322876, 141.820510864, 159.236251831, 59.8830986023, -48.3572807312, 45.7243728638, 20.9339084625, 28.5459480286, 27.4577713013], [222.608062744, -119.048912048, 219.457580566, 516.631591797, 111.672828674, 51.3897781372, 23.2554969788, 31.6446113586, 32.3812408447, 24.4636707306, 33.113899231, 19.9594287872, 39.7625427246], [544.063842773, 206.524963379, 180.190322876, 111.672828674, 408.656585693, 42.0163459778, 80.0834121704, 59.2270126343, 72.6719055176, 34.5361099243, 2.98911118507, 12.6667308807, 28.5282421112], [174.058563232, -73.9475784302, 141.820510864, 51.3897781372, 42.0163459778, 326.293914795, 141.138442993, 57.8157539368, 29.0732822418, 52.5479278564, 34.552192688, -22.0901985168, 4.73913383484], [214.28036499, 87.8028488159, 159.236251831, 23.2554969788, 80.0834121704, 141.138442993, 315.261138916, 126.961517334, 17.235534668, 20.0831317902, 31.7098827362, 13.2709436417, -4.03394412994], [266.658905029, 41.6585464478, 59.8830986023, 31.6446113586, 59.2270126343, 57.8157539368, 126.961517334, 212.818374634, 74.7968444824, 15.4549293518, 15.5738859177, 7.42519712448, 0.511116623878], [251.776046753, 64.2616958618, -48.3572807312, 32.3812408447, 72.6719055176, 29.0732822418, 17.235534668, 74.7968444824, 206.993637085, 66.3500976562, 14.5127820969, -3.6249396801, 3.28995466232], [-37.9677696228, -109.457794189, 45.7243728638, 24.4636707306, 34.5361099243, 52.5479278564, 20.0831317902, 15.4549293518, 66.3500976562, 147.176574707, 48.6370925903, -5.61772251129, -4.25458526611], [-102.919487, -3.27939200401, 20.9339084625, 33.113899231, 2.98911118507, 34.552192688, 31.7098827362, 15.5738859177, 14.5127820969, 48.6370925903, 106.808525085, 30.5337543488, -3.79118871689], [20.4621944427, -31.1071529388, 28.5459480286, 19.9594287872, 12.6667308807, -22.0901985168, 13.2709436417, 7.42519712448, -3.6249396801, -5.61772251129, 30.5337543488, 102.252616882, 33.8730354309], [-32.3912849426, -0.361297100782, 27.4577713013, 39.7625427246, 28.5282421112, 4.73913383484, -4.03394412994, 0.511116623878, 3.28995466232, -4.25458526611, -3.79118871689, 33.8730354309, 92.1985626221]], "mean": [10.6652994156, 58.7535820007, -91.3722076416, 20.1196517944, -47.9056053162, 22.2229442596, -29.9534988403, 21.9091529846, -11.4478902817, 10.5947856903, -12.7983531952, 7.18438148499, -11.9036874771]}, "spectral_flux": {"max": 0.462073713541, "dmean": 0.0408781841397, "dvar2": 0.00530433328822, "dmean2": 0.0647368580103, "var": 0.0057390271686, "median": 0.102269053459, "min": 1.03634746618e-10, "dvar": 0.00238290429115, "mean": 0.114901468158}, "zerocrossingrate": {"max": 0.505859375, "dmean": 0.0182296857238, "dvar2": 0.000459399394458, "dmean2": 0.0197560880333, "var": 0.00344640412368, "median": 0.0576171875, "min": 0.0029296875, "dvar": 0.000459207309177, "mean": 0.0741721987724}, "spectral_energyband_middle_low": {"max": 0.115622982383, "dmean": 0.00721709802747, "dvar2": 0.000430285756011, "dmean2": 0.0120257707313, "var": 0.000179912647582, "median": 0.00584510341287, "min": 2.79272941563e-22, "dvar": 0.000158459879458, "mean": 0.0106209814548}, "silence_rate_20dB": {"max": 1, "dmean": 0, "dvar2": 0, "dmean2": 0, "var": 0, "median": 1, "min": 1, "dvar": 0, "mean": 1}, "silence_rate_30dB": {"max": 1, "dmean": 0.0626892521977, "dvar2": 0.111313670874, "dmean2": 0.125388771296, "var": 0.0737563297153, "median": 1, "min": 0, "dvar": 0.0587556175888, "mean": 0.919803619385}, "spectral_entropy": {"max": 9.81397914886, "dmean": 0.203845500946, "dvar2": 0.0785237923265, "dmean2": 0.289794027805, "var": 0.225516304374, "median": 7.73504257202, "min": 5.80622625351, "dvar": 0.0441588498652, "mean": 7.75675106049}, "spectral_rolloff": {"max": 19767.4804688, "dmean": 834.187988281, "dvar2": 4670460.5, "dmean2": 1362.86816406, "var": 5691693, "median": 990.52734375, "min": 21.533203125, "dvar": 2319531.5, "mean": 1791.06115723}, "spectral_complexity": {"max": 61, "dmean": 4.1903591156, "dvar2": 43.6716842651, "dmean2": 5.95432949066, "var": 90.8441390991, "median": 15, "min": 0, "dvar": 25.3103408813, "mean": 16.4087562561}, "spectral_spread": {"ma