{"metadata": {"version": {"essentia_git_sha": "v2.1_beta2", "essentia_build_sha": "70f2e5ece6736b2c40cc944ad0e695b16b925413", "extractor": "music 1.0", "essentia": "2.1-beta2"}, "audio_properties": {"analysis_sample_rate": 44100, "md5_encoded": "7e1f043603050a9388ec858143877303", "downmix": "mix", "sample_rate": 44100, "equal_loudness": 0, "lossless": false, "codec": "mp3", "bit_rate": 281427, "length": 191.111831665, "replay_gain": -15.4192256927}, "tags": {"album": ["Bad News"], "albumartist": ["Ligeia"], "musicbrainz_recordingid": ["259573b5-e251-4d92-b647-38f70d8f9477"], "file_name": "117060.mp3", "artist": ["Ligeia"], "tracknumber": ["2"], "encoding": ["LAME v3.97"], "date": ["2008"], "title": ["Johnny Cash"]}}, "rhythm": {"beats_loudness": {"var": 0.000279848638456, "mean": 0.0368135608733, "dmean2": 0.0188916157931, "dvar": 7.56313165766e-05, "dmean": 0.0109526505694, "max": 0.0775908529758, "min": 1.27968760921e-07, "median": 0.0403169393539, "dvar2": 0.000225890093134}, "beats_position": [0.417959183455, 0.847528338432, 1.27709746361, 1.71827661991, 2.13623571396, 2.54258489609, 2.94893407822, 3.36689329147, 3.76163268089, 4.17959165573, 4.58594083786, 4.99229001999, 5.38702917099, 5.78176879883, 6.17650794983, 6.58285713196, 6.98920631409, 7.40716552734, 7.8251247406, 8.23147392273, 8.63782310486, 9.04417228699, 9.45052146912, 9.84526062012, 10.2399997711, 10.6463489532, 11.0526981354, 11.4706573486, 11.8770065308, 12.2833557129, 12.7013149261, 13.1192741394, 13.5256233215, 13.9203624725, 14.3267116547, 14.7330608368, 15.1394100189, 15.5341491699, 15.9404983521, 16.3468475342, 16.7648067474, 17.1595458984, 17.5542850494, 17.9606342316, 18.3669834137, 18.7617225647, 19.1680717468, 19.5860309601, 19.9923801422, 20.3987293243, 20.8050785065, 21.2114276886, 21.6177768707, 22.0125160217, 22.430475235, 22.825214386, 23.2315635681, 23.6263027191, 24.0326519012, 24.4390010834, 24.8453502655, 25.2633094788, 25.681268692, 26.0876178741, 26.4939670563, 26.9003162384, 27.3066654205, 27.7014045715, 28.1077537537, 28.5141029358, 28.9204521179, 29.3268013, 29.7331504822, 30.1394996643, 30.5342407227, 30.9405899048, 31.3469390869, 31.753288269, 32.1596374512, 32.5659866333, 32.9723358154, 33.3786849976, 33.7850341797, 34.1913833618, 34.5977325439, 34.9924697876, 35.3988189697, 35.8051681519, 36.211517334, 36.6178665161, 37.0242156982, 37.4305648804, 37.8369140625, 38.2432632446, 38.638004303, 39.0443534851, 39.4507026672, 39.8570518494, 40.2634010315, 40.6697502136, 41.0760993958, 41.4708366394, 41.8771858215, 42.2835350037, 42.7014961243, 43.0962333679, 43.50258255, 43.8973236084, 44.3036727905, 44.7100219727, 45.1279792786, 45.5343284607, 45.9406776428, 46.347026825, 46.7417678833, 47.1481170654, 47.5544662476, 47.9608154297, 48.3671646118, 48.7619056702, 49.1682548523, 49.5746040344, 49.9809532166, 50.3989105225, 50.8052597046, 51.2116088867, 51.6179580688, 52.024307251, 52.4306564331, 52.8370056152, 53.2433547974, 53.6497039795, 54.0560531616, 54.45079422, 54.8571434021, 55.2634925842, 55.6698417664, 56.0761909485, 56.4825401306, 56.8888893127, 57.2952384949, 57.701587677, 58.1079368591, 58.5142860413, 58.9090232849, 59.315372467, 59.7217216492, 60.1280708313, 60.5344200134, 60.9291610718, 61.3355102539, 61.741859436, 62.1598167419, 62.5661659241, 62.9725151062, 63.3788642883, 63.7852134705, 64.1799545288, 64.5979156494, 64.9926528931, 65.3990020752, 65.8053512573, 66.2117004395, 66.6180496216, 67.0243988037, 67.4307479858, 67.837097168, 68.2434463501, 68.6497955322, 69.0561447144, 69.4624938965, 69.8688430786, 70.2635803223, 70.6699295044, 71.0762786865, 71.4826278687, 71.8889770508, 72.2953262329, 72.7132873535, 73.1196365356, 73.5143737793, 73.9207229614, 74.3154602051, 74.7218093872, 75.1281585693, 75.5345077515, 75.9408569336, 76.3472061157, 76.7535552979, 77.15990448, 77.554649353, 77.9609985352, 78.3673477173, 78.7853012085, 79.1800460815, 79.5863952637, 79.9927444458, 80.3990936279, 80.8054428101, 81.2117919922, 81.6181411743, 82.0244903564, 82.4308395386, 82.8371887207, 83.2435379028, 83.649887085, 84.0446243286, 84.4509735107, 84.8573226929, 85.263671875, 85.6700210571, 86.0763702393, 86.4711074829, 86.877456665, 87.2838058472, 87.6901550293, 88.0965042114, 88.5028533936, 88.9092025757, 89.3155517578, 89.7219009399, 90.1282501221, 90.5345993042, 90.9409484863, 91.3472976685, 91.7536468506, 92.1599960327, 92.5663452148, 92.972694397, 93.3790435791, 93.7853927612, 94.1801376343, 94.5864868164, 94.9928359985, 95.3875732422, 95.7939224243, 96.2002716064, 96.6066207886, 97.0129699707, 97.4309310913, 97.825668335, 98.2204055786, 98.6267547607, 99.0331039429, 99.439453125, 99.8225860596, 100.240539551, 100.658500671, 101.076461792, 101.482810974, 101.889160156, 102.295509338, 102.690246582, 103.096595764, 103.502944946, 103.909294128, 104.315643311, 104.721992493, 105.128341675, 105.534690857, 105.941040039, 106.347389221, 106.742126465, 107.148475647, 107.554824829, 107.961174011, 108.367523193, 108.773872375, 109.180221558, 109.58657074, 109.992919922, 110.399269104, 110.794013977, 111.188751221, 111.595100403, 112.001449585, 112.407798767, 112.802536011, 113.220497131, 113.638458252, 114.056411743, 114.462760925, 114.869110107, 115.27545929, 115.670204163, 116.053329468, 116.45967865, 116.866027832, 117.272377014, 117.678726196, 118.096687317, 118.503036499, 118.909385681, 119.304122925, 119.710472107, 120.116821289, 120.523170471, 120.929519653, 121.335868835, 121.742218018, 122.1485672, 122.554916382, 122.961265564, 123.367614746, 123.785575867, 124.18031311, 124.586662292, 124.993011475, 125.399360657, 125.805709839, 126.212059021, 126.618408203, 127.024757385, 127.431106567, 127.83745575, 128.25541687, 128.673370361, 129.079727173, 129.474472046, 129.880813599, 130.275558472, 130.658676147, 131.076644897, 131.48298645, 131.889343262, 132.284072876, 132.702041626, 133.108383179, 133.51473999, 133.909469604, 134.315826416, 134.722167969, 135.116912842, 135.523269653, 135.929611206, 136.347564697, 136.753921509, 137.137054443, 137.543395996, 137.949752808, 138.35609436, 138.750839233, 139.157180786, 139.575149536, 139.981491089, 140.3878479, 140.805801392, 141.223754883, 141.618499756, 142.013244629, 142.419586182, 142.825942993, 143.232284546, 143.638641357, 144.04498291, 144.451339722, 144.857681274, 145.264038086, 145.670379639, 146.07673645, 146.483078003, 146.889434814, 147.284164429, 147.69052124, 148.096862793, 148.503219604, 148.909561157, 149.315917969, 149.722259521, 150.128616333, 150.534957886, 150.952926636, 151.34765625, 151.742401123, 152.148742676, 152.555099487, 152.96144104, 153.367797852, 153.785751343, 154.192108154, 154.586837769, 154.99319458, 155.399536133, 155.805892944, 156.200637817, 156.618591309, 157.024932861, 157.431289673, 157.849243164, 158.243988037, 158.650344849, 159.056686401, 159.451431274, 159.857772827, 160.264129639, 160.670471191, 161.076828003, 161.483169556, 161.889526367, 162.29586792, 162.702224731, 163.108566284, 163.514923096, 163.921264648, 164.32762146, 164.722351074, 165.128707886, 165.535049438, 165.94140625, 166.347747803, 166.742492676, 167.148834229, 167.55519104, 167.973144531, 168.367889404, 168.785842896, 169.203811646, 169.610153198, 170.01651001, 170.422851562, 170.898864746, 171.37487793, 171.850875854, 172.3152771, 172.802902222, 173.290512085, 173.766525269, 174.254150391, 174.741760254, 175.229385376, 175.70539856, 176.193008423, 176.680633545, 177.121810913, 177.551376343, 177.980941772, 178.32925415, 178.665939331, 179.002624512, 179.350921631, 179.69921875, 180.047531128, 180.395828247, 180.744125366, 181.092422485, 181.440719604, 181.789016724, 182.137313843, 182.485626221, 182.822311401, 183.170608521, 183.507293701, 183.85559082, 184.27355957, 184.679901123, 185.086257935, 185.492599487, 185.898956299, 186.305297852, 186.711654663, 187.24571228, 187.791381836, 188.337051392, 188.882720947, 189.416778564, 189.950836182, 190.496505737], "bpm_histogram_first_peak_spread": {"var": 0, "mean": 0.262529790401, "dmean2": 0, "dvar": 0, "dmean": 0, "max": 0.262529790401, "min": 0.262529790401, "median": 0.262529790401, "dvar2": 0}, "danceability": 1.02553284168, "bpm_histogram_second_peak_weight": {"var": 0, "mean": 0.0278969965875, "dmean2": 0, "dvar": 0, "dmean": 0, "max": 0.0278969965875, "min": 0.0278969965875, "median": 0.0278969965875, "dvar2": 0}, "bpm_histogram_first_peak_weight": {"var": 0, "mean": 0.663090109825, "dmean2": 0, "dvar": 0, "dmean": 0, "max": 0.663090109825, "min": 0.663090109825, "median": 0.663090109825, "dvar2": 0}, "bpm": 147.889419556, "bpm_histogram_second_peak_spread": {"var": 0, "mean": 0, "dmean2": 0, "dvar": 0, "dmean": 0, "max": 0, "min": 0, "median": 0, "dvar2": 0}, "bpm_histogram_second_peak_bpm": {"var": 0, "mean": 172, "dmean2": 0, "dvar": 0, "dmean": 0, "max": 172, "min": 172, "median": 172, "dvar2": 0}, "beats_count": 467, "beats_loudness_band_ratio": {"var": [0.0359518155456, 0.0164547543973, 0.010593328625, 0.00511299679056, 0.00352710788138, 0.00242772395723], "mean": [0.563388824463, 0.157602712512, 0.13430288434, 0.0699841305614, 0.0825275480747, 0.0623626336455], "dmean2": [0.334519267082, 0.267500609159, 0.166213944554, 0.103162921965, 0.0784069448709, 0.0604420751333], "dvar": [0.0184036828578, 0.0129081923515, 0.00873254891485, 0.00467523187399, 0.00211270223372, 0.00181299133692], "dmean": [0.187240928411, 0.144211247563, 0.0940535888076, 0.058946814388, 0.0451559834182, 0.0338285528123], "max": [0.966447234154, 0.662528753281, 0.779641389847, 0.406075805426, 0.314371794462, 0.525091409683], "min": [0.0591779239476, 0.00992200244218, 0.00218397984281, 0.00206819246523, 0.000374176161131, 0.000428171799285], "median": [0.567540109158, 0.117640420794, 0.106957882643, 0.0428049489856, 0.068641230464, 0.0533624701202], "dvar2": [0.0556498169899, 0.0422208122909, 0.0254862681031, 0.0134679786861, 0.00608989456668, 0.00481581594795]}, "onset_rate": 2.28124809265, "bpm_histogram_first_peak_bpm": {"var": 0, "mean": 148, "dmean2": 0, "dvar": 0, "dmean": 0, "max": 148, "min": 148, "median": 148, "dvar2": 0}}, "lowlevel": {"hfc": {"var": 267.054534912, "mean": 25.3094978333, "dmean2": 7.71204185486, "dvar": 36.8425827026, "dmean": 4.64784908295, "max": 98.2378768921, "min": 1.12324125928e-16, "median": 26.9112167358, "dvar2": 95.2685623169}, "barkbands_spread": {"var": 153.143325806, "mean": 28.3814888, "dmean2": 8.58825302124, "dvar": 27.3948688507, "dmean": 5.32633876801, "max": 128.014984131, "min": 0.487911045551, "median": 28.9232521057, "dvar2": 68.2958526611}, "spectral_spread": {"var": 1969570447360.0, "mean": 4273661, "dmean2": 555216.25, "dvar": 497923325952, "dmean": 377064.09375, "max": 41026184, "min": 500891.25, "median": 4105394, "dvar2": 729219989504}, "spectral_energy": {"var": 0.000343592953868, "mean": 0.0329803749919, "dmean2": 0.0149364266545, "dvar": 0.000115206370538, "dmean": 0.00924492906779, "max": 0.0938676893711, "min": 1.03294275928e-20, "median": 0.0333316996694, "dvar2": 0.000302472442854}, "gfcc": {"icov": [[0.000240844819928, 8.09288394521e-05, 0.000222115777433, -0.000244295108132, 0.000287196104182, -0.000522160727996, 0.000274211197393, -0.000528416479938, 0.000451308878837, -0.000595268560573, 0.000763272691984, -0.00073101115413, 0.000419523043092], [8.09288394521e-05, 0.00212662853301, 0.000344851141563, 0.000187102123164, -0.000144852529047, 0.000558061641641, -0.00118925166316, 0.00127895304468, -0.00118174927775, 0.00268932315521, -0.00252273562364, 0.00178352161311, -0.00114828394726], [0.000222115777433, 0.000344851141563, 0.0018112428952, 0.00048137747217, -0.000178886199137, -0.000792957260273, 0.000680281314999, -0.000594778801315, 0.00135213544127, -0.000839062791783, -0.000452854466857, 0.00153912242968, -0.00102588697337], [-0.000244295108132, 0.000187102123164, 0.00048137747217, 0.00375918555073, -0.000128213636344, 0.000331222108798, -0.000625782704446, 0.00152332650032, -0.00310433283448, -0.000618833524641, 0.000681985926349, 0.00017305239453, -0.00175667961594], [0.000287196104182, -0.000144852529047, -0.000178886199137, -0.000128213636344, 0.00786635093391, -0.000834512873553, -0.00145241979044, 0.000641391903628, -0.0014741512714, -0.00141258805525, 0.00256949150935, -0.000573143071961, -0.00158535235096], [-0.000522160727996, 0.000558061641641, -0.000792957260273, 0.000331222108798, -0.000834512873553, 0.00836492609233, -0.00194907619152, -0.00360737275332, 0.00274523696862, 0.00247970758937, -0.00494973640889, 0.00320580787957, -0.000802659138571], [0.000274211197393, -0.00118925166316, 0.000680281314999, -0.000625782704446, -0.00145241979044, -0.00194907619152, 0.00876390282065, -0.00077452667756, -0.00116134888958, 0.000700922275428, 0.000132176544867, -0.00236281193793, 0.00159424927551], [-0.000528416479938, 0.00127895304468, -0.000594778801315, 0.00152332650032, 0.000641391903628, -0.00360737275332, -0.00077452667756, 0.013888688758, -0.00578286265954, -0.000144276054925, 0.0010069462005, -0.00188437581528, -0.000957828946412], [0.000451308878837, -0.00118174927775, 0.00135213544127, -0.00310433283448, -0.0014741512714, 0.00274523696862, -0.00116134888958, -0.00578286265954, 0.0198239367455, -0.00757436733693, -0.00309877726249, 0.00628785882145, -0.000840385444462], [-0.000595268560573, 0.00268932315521, -0.000839062791783, -0.000618833524641, -0.00141258805525, 0.00247970758937, 0.000700922275428, -0.000144276054925, -0.00757436733693, 0.0240177847445, -0.0106689156964, -0.000274720223388, 6.53241586406e-05], [0.000763272691984, -0.00252273562364, -0.000452854466857, 0.000681985926349, 0.00256949150935, -0.00494973640889, 0.000132176544867, 0.0010069462005, -0.00309877726249, -0.0106689156964, 0.032702408731, -0.0181789509952, 0.0060139154084], [-0.00073101115413, 0.00178352161311, 0.00153912242968, 0.00017305239453, -0.000573143071961, 0.00320580787957, -0.00236281193793, -0.00188437581528, 0.00628785882145, -0.000274720223388, -0.0181789509952, 0.0381214395165, -0.0190631691366], [0.000419523043092, -0.00114828394726, -0.00102588697337, -0.00175667961594, -0.00158535235096, -0.000802659138571, 0.00159424927551, -0.000957828946412, -0.000840385444462, 6.53241586406e-05, 0.0060139154084, -0.0190631691366, 0.0321202911437]], "mean": [15.3360204697, 90.9986801147, -112.762657166, 47.5956687927, -47.1730003357, 4.41155004501, -24.9960174561, 9.40374088287, -16.6838645935, -2.27961182594, -15.6510009766, 1.3153398037, -15.2999763489], "cov": [[14465.4248047, -2876.1796875, -213.320068359, 268.62701416, -590.864379883, 1103.50292969, -558.063842773, 964.251708984, -361.510498047, 401.923095703, -93.2694702148, 338.24118042, -21.0804862976], [-2876.1796875, 1420.03747559, -342.087860107, 74.5464096069, 145.496505737, -311.376861572, 250.787963867, -290.928771973, 145.007705688, -146.350540161, 39.4915237427, -80.3298492432, 8.78193378448], [-213.320068359, -342.087860107, 980.983093262, -292.786712646, -15.9773206711, 168.081680298, -118.657585144, 79.1740875244, -127.564964294, 4.70033788681, -0.438334584236, -23.0031223297, 0.62031185627], [268.62701416, 74.5464096069, -292.786712646, 454.360900879, 29.1910324097, -84.290802002, 51.2907371521, -29.4512081146, 111.014076233, 43.517868042, -0.269385129213, 13.1726226807, 21.2492256165], [-590.864379883, 145.496505737, -15.9773206711, 29.1910324097, 168.974975586, -42.516708374, 57.1736679077, -39.7368392944, 39.2489433289, -6.72717380524, -1.40380120277, -11.1465730667, 11.9477806091], [1103.50292969, -311.376861572, 168.081680298, -84.290802002, -42.516708374, 291.048309326, -30.3617153168, 134.512756348, -74.3932571411, 16.4575233459, 10.2847366333, 24.5593528748, -3.42296552658], [-558.063842773, 250.787963867, -118.657585144, 51.2907371521, 57.1736679077, -30.3617153168, 184.116210938, -37.1413993835, 47.6009292603, -21.960105896, 15.5708198547, -3.89813399315, 3.14822435379], [964.251708984, -290.928771973, 79.1740875244, -29.4512081146, -39.7368392944, 134.512756348, -37.1413993835, 174.879425049, -14.9401836395, 41.095451355, 2.46532011032, 28.6253757477, 2.43475341797], [-361.510498047, 145.007705688, -127.564964294, 111.014076233, 39.2489433289, -74.3932571411, 47.6009292603, -14.9401836395, 121.135421753, 26.2929344177, 14.6596870422, -11.4327459335, 2.75870537758], [401.923095703, -146.350540161, 4.70033788681, 43.517868042, -6.72717380524, 16.4575233459, -21.960105896, 41.095451355, 26.2929344177, 86.8093566895, 22.9773464203, 22.6442012787, 4.09180498123], [-93.2694702148, 39.4915237427, -0.438334584236, -0.269385129213, -1.40380120277, 10.2847366333, 15.5708198547, 2.46532011032, 14.6596870422, 22.9773464203, 59.4635429382, 26.071149826, 6.76610517502], [338.24118042, -80.3298492432, -23.0031223297, 13.1726226807, -11.1465730667, 24.5593528748, -3.89813399315, 28.6253757477, -11.4327459335, 22.6442012787, 26.071149826, 64.0722503662, 26.6067829132], [-21.0804862976, 8.78193378448, 0.62031185627, 21.2492256165, 11.9477806091, -3.42296552658, 3.14822435379, 2.43475341797, 2.75870537758, 4.09180498123, 6.76610517502, 26.6067829132, 47.9126777649]]}, "silence_rate_60dB": {"var": 0.0520017184317, "mean": 0.0550291538239, "dmean2": 0.0116646410897, "dvar": 0.00579782621935, "dmean": 0.00583161227405, "max": 1, "min": 0, "median": 0, "dvar2": 0.0146884471178}, "spectral_centroid": {"var": 370527.4375, "mean": 1685.38134766, "dmean2": 360.596710205, "dvar": 66838.1171875, "dmean": 224.659896851, "max": 11247.9707031, "min": 155.870300293, "median": 1760.03076172, "dvar2": 141061.96875}, "spectral_complexity": {"var": 207.878997803, "mean": 27.764333725, "dmean2": 6.13487243652, "dvar": 14.689291954, "dmean": 3.74195122719, "max": 60, "min": 0, "median": 32, "dvar2": 36.9883270264}, "melbands_spread": {"var": 225.345489502, "mean": 25.2515296936, "dmean2": 10.6682605743, "dvar": 50.1380500793, "dmean": 6.67059135437, "max": 167.966598511, "min": 0.443825244904, "median": 23.8862838745, "dvar2": 124.945289612}, "spectral_strongpeak": {"var": 0.427108496428, "mean": 0.461388200521, "dmean2": 0.556300342083, "dvar": 0.37774965167, "dmean": 0.314597636461, "max": 10.8750343323, "min": 0, "median": 0.285299956799, "dvar2": 1.00361537933}, "zerocrossingrate": {"var": 0.000973797985353, "mean": 0.0587761439383, "dmean2": 0.0101378578693, "dvar": 9.031764057e-05, "dmean": 0.00830772239715, "max": 0.8056640625, "min": 0.00439453125, "median": 0.05712890625, "dvar2": 0.000103782127553}, "erbbands_kurtosis": {"var": 2.55480957031, "mean": -0.17865100503, "dmean2": 0.868687212467, "dvar": 0.791695892811, "dmean": 0.545712053776, "max": 32.4909477234, "min": -1.80906450748, "median": -0.589144706726, "dvar2": 1.90836811066}, "spectral_energyband_middle_low": {"var": 7.50571562094e-05, "mean": 0.0108822649345, "dmean2": 0.00712774600834, "dvar": 4.49719627795e-05, "dmean": 0.00431239511818, "max": 0.0640979036689, "min": 2.55266982828e-22, "median": 0.00924160797149, "dvar2": 0.000118428601127}, "erbbands": {"var": [0.195198774338, 4.76655340195, 30.8977985382, 50.9115638733, 225.239303589, 151.38684082, 522.550170898, 456.747161865, 592.096069336, 782.492248535, 961.795837402, 4807.09423828, 1399.60839844, 1748.4342041, 887.244750977, 1832.58215332, 2554.77832031, 976.168945312, 890.734741211, 994.079589844, 1446.96411133, 3238.68994141, 2643.33203125, 1278.42797852, 1230.2869873, 272.76739502, 149.477905273, 161.336975098, 148.659072876, 78.1542739868, 52.4285507202, 20.0397567749, 2.47915101051, 0.80686122179, 0.221589788795, 0.0298128314316, 0.00360550731421, 0.000788807636127, 5.36250772711e-05, 1.53124986468e-07], "mean": [0.279948621988, 1.85938990116, 5.83846998215, 7.21855640411, 9.53471565247, 8.06942176819, 12.5980415344, 14.3572769165, 17.5879306793, 17.7624416351, 19.6928424835, 39.641418457, 24.8868484497, 24.6685123444, 19.2729072571, 27.9121856689, 29.7368736267, 19.1337890625, 23.1090202332, 21.7126350403, 31.5539989471, 54.673789978, 53.5599212646, 36.3100318909, 35.7863082886, 17.4119358063, 12.4899253845, 13.3725776672, 11.8723478317, 6.7636847496, 3.83167147636, 2.57407879829, 1.32174801826, 0.734502613544, 0.38300961256, 0.130595609546, 0.0386756584048, 0.0120755461976, 0.00235289032571, 0.000149593266542], "dmean2": [0.285006254911, 2.34067964554, 6.66148519516, 7.42044210434, 12.4863891602, 10.1171560287, 12.6253080368, 15.8963823318, 16.8998985291, 18.4401531219, 16.3242359161, 34.0314598083, 20.6564655304, 22.100610733, 17.2195835114, 23.9762477875, 23.4810714722, 15.1607551575, 18.8940124512, 15.1664848328, 20.2311782837, 36.6937828064, 37.0797653198, 21.1509284973, 20.8175067902, 10.7871818542, 10.5870685577, 10.4754991531, 11.2170200348, 5.09514474869, 2.69889688492, 1.55897545815, 0.923077523708, 0.447321176529, 0.243768721819, 0.0769597664475, 0.0251813158393, 0.00928796641529, 0.00234913011082, 0.000128097424749], "dvar": [0.121348194778, 4.65993785858, 22.1798324585, 26.3645706177, 216.539855957, 175.720825195, 243.407302856, 305.023742676, 320.324523926, 529.190002441, 372.549713135, 1567.52624512, 524.362915039, 800.489746094, 382.044921875, 793.05456543, 896.976745605, 398.35345459, 419.276031494, 374.622894287, 392.943237305, 1090.91088867, 961.22857666, 313.945129395, 280.774414062, 75.1990585327, 85.0609893799, 73.0971603394, 106.208946228, 30.3233318329, 20.7962837219, 3.96820187569, 0.789480268955, 0.216098994017, 0.0719569995999, 0.01032050699, 0.0012661581859, 0.000383934355341, 3.26001245412e-05, 9.16720424016e-08], "dmean": [0.194112256169, 1.37912535667, 3.85668969154, 4.37373781204, 7.41805076599, 5.85380268097, 7.68178462982, 9.47340106964, 10.2128868103, 11.1548604965, 10.2573480606, 21.2421627045, 12.5998668671, 13.6836566925, 10.6384181976, 14.757692337, 14.7163820267, 9.46600437164, 11.4607782364, 9.60612678528, 12.5362901688, 22.2141971588, 22.2230167389, 12.8979158401, 12.3545827866, 6.31805372238, 6.02668094635, 6.03901433945, 6.297311306, 3.00834393501, 1.64412379265, 0.991105675697, 0.567053616047, 0.288624256849, 0.157692790031, 0.0518065318465, 0.0168994404376, 0.00625620083883, 0.001541886013, 8.35215178085e-05], "max": [2.73213624954, 15.5721120834, 52.1654548645, 69.1902542114, 150.765594482, 136.870849609, 351.907043457, 320.476623535, 259.754486084, 366.419555664, 459.230102539, 828.793151855, 393.13381958, 529.239868164, 383.926696777, 497.679931641, 551.389343262, 511.688598633, 418.309906006, 665.551940918, 401.738525391, 834.339782715, 671.603637695, 401.593994141, 387.712158203, 161.833236694, 107.68560791, 88.0600967407, 102.044967651, 199.510665894, 183.642089844, 83.7175140381, 25.7789306641, 9.88528060913, 5.30788707733, 3.21291995049, 0.812833368778, 0.858592927456, 0.170268848538, 0.00932781025767], "min": [9.12609931942e-22, 4.60891143265e-21, 8.92186507383e-21, 3.19037099913e-20, 6.49527484759e-20, 4.86261451199e-20, 4.45776007309e-19, 1.93452380891e-19, 1.78946734874e-19, 5.90078492349e-19, 8.18842528581e-19, 1.18739347089e-18, 8.86029550053e-19, 1.04637572006e-18, 3.31355318499e-18, 3.2910805489e-18, 1.94878375644e-18, 2.54751052549e-18, 6.27520719379e-18, 5.5748006955e-18, 7.18519272156e-18, 6.83729668594e-18, 7.95496451806e-18, 1.00075735034e-17, 1.75470981394e-17, 1.58175908643e-17, 1.56034222232e-17, 1.39607043924e-17, 1.7697118924e-17, 1.70236218518e-17, 1.6974247441e-17, 1.37406892387e-17, 1.32391166938e-17, 1.03127063693e-17, 7.8235734952e-18, 4.9292164195e-18, 3.6319503056e-18, 1.23123590451e-18, 2.40718967432e-19, 3.26583572039e-20], "median": [0.0805228874087, 1.2168596983, 4.23617839813, 5.22577428818, 5.07830905914, 4.62027597427, 6.10805130005, 7.34927177429, 9.68155670166, 9.54160118103, 10.7756118774, 18.9870605469, 11.960975647, 9.56320285797, 8.14242076874, 11.1212186813, 10.390668869, 9.59818077087, 14.0835151672, 12.9014549255, 20.1360397339, 42.0713500977, 43.3176345825, 28.3779945374, 29.5518493652, 14.0528564453, 9.35023880005, 10.0462417603, 8.62786102295, 5.243019104, 2.68447971344, 1.72669959068, 0.917635679245, 0.457574784756, 0.248079389334, 0.0817587822676, 0.0212669745088, 0.00552380504087, 0.000757762114517, 7.36288566259e-05], "dvar2": [0.24664016068, 12.6433067322, 65.4268035889, 72.1126174927, 572.471984863, 490.455688477, 580.186584473, 788.312744141, 809.839111328, 1258.73950195, 786.55456543, 3637.00512695, 1386.70080566, 2055.16699219, 913.978393555, 2019.0012207, 2205.35083008, 978.183044434, 1050.17529297, 777.062561035, 987.709411621, 2757.52319336, 2576.91137695, 795.176818848, 764.854553223, 204.49307251, 235.487945557, 200.975402832, 299.543365479, 74.8926467896, 45.8662796021, 7.02678728104, 1.86013090611, 0.461773693562, 0.160693347454, 0.0216766782105, 0.0025929925032, 0.000812049431261, 7.347571227e-05, 2.01273351763e-07]}, "barkbands_crest": {"var": 15.3156118393, "mean": 9.3964509964, "dmean2": 4.47699213028, "dvar": 6.88541269302, "dmean": 2.78216719627, "max": 26.1317939758, "min": 2.38206577301, "median": 8.76784515381, "dvar2": 17.4086036682}, "melbands_crest": {"var": 27.6394176483, "mean": 15.5909585953, "dmean2": 6.45672082901, "dvar": 10.4411821365, "dmean": 4.00818824768, "max": 32.3597412109, "min": 2.15258860588, "median": 15.0625038147, "dvar2": 27.0431785583}, "spectral_flux": {"var": 0.00217011664063, "mean": 0.0964916199446, "dmean2": 0.0377760864794, "dvar": 0.000671611982398, "dmean": 0.0237707383931, "max": 0.240085780621, "min": 1.0163379166e-10, "median": 0.098360016942, "dvar2": 0.00156293029431}, "spectral_contrast_valleys": {"var": [1.13717937469, 1.22818171978, 1.40857315063, 1.39825940132, 1.71063113213, 2.91574501991], "mean": [-6.82366085052, -6.57748985291, -7.22378349304, -7.44549894333, -7.00423431396, -10.2263784409], "dmean2": [0.60856372118, 0.564714848995, 0.465300410986, 0.382118880749, 0.335525363684, 0.366951674223], "dvar": [0.119244895875, 0.117159597576, 0.0920674279332, 0.0827967301011, 0.112312361598, 0.140120789409], "dmean": [0.363208353519, 0.338739186525, 0.292951524258, 0.23629270494, 0.209335461259, 0.248460203409], "max": [-5.38140010834, -4.59115171432, -5.26056575775, -5.8950138092, -5.658390522, -8.05046272278], "min": [-27.7146892548, -27.3265743256, -27.5894145966, -27.319978714, -27.3036231995, -27.2566757202], "median": [-6.59948730469, -6.34449338913, -7.02738189697, -7.1104593277, -6.56083965302, -9.61828422546], "dvar2": [0.26077619195, 0.25376778841, 0.170498490334, 0.14518687129, 0.202182918787, 0.271868109703]}, "mfcc": {"icov": [[0.000148669016198, 0.000170229672221, 0.000193620187929, -4.43384051323e-05, 8.52117518662e-05, 7.99881854618e-06, 3.78186814487e-05, -0.000370263209334, 0.000133147957968, -0.000210278129089, 0.000298042723443, -0.000472784449812, 0.000178298505489], [0.000170229672221, 0.00160420010798, -6.55216936138e-05, 0.000194739128347, 0.000346255284967, -0.000603364373092, 0.000306005269522, -0.00146700581536, 0.00059426703956, 0.00101670401637, -0.00135356199462, 0.00172237970401, -0.000953090377152], [0.000193620187929, -6.55216936138e-05, 0.0025795546826, 0.000173493259354, -0.000816243060399, 0.000758231559303, -0.00186303863302, 0.00120155862533, 0.000634531141259, -0.00186645286158, 0.00258234189823, -0.0018069925718, 0.000578376697376], [-4.43384051323e-05, 0.000194739128347, 0.000173493259354, 0.00498614925891, -0.000525865587406, -0.00245586456731, 0.00346811907366, 0.000465138844447, -0.00315391132608, 0.0027136716526, -0.00449803518131, 0.0037828902714, -0.00281063606963], [8.52117518662e-05, 0.000346255284967, -0.000816243060399, -0.000525865587406, 0.00870418734848, -0.000419380667154, -4.92669496452e-05, 0.0013947666157, -0.000963953207247, -0.00341167161241, 0.00366983213462, -0.00211777957156, 0.00142833159771], [7.99881854618e-06, -0.000603364373092, 0.000758231559303, -0.00245586456731, -0.000419380667154, 0.0122810071334, -0.00561181735247, 0.00062128843274, 0.000654136936646, -0.00203275261447, 0.00124433659948, -0.0007214967045, -0.000973884947598], [3.78186814487e-05, 0.000306005269522, -0.00186303863302, 0.00346811907366, -4.92669496452e-05, -0.00561181735247, 0.0170100852847, -0.00752998190001, -0.00302827102132, 0.00700084818527, -0.00469107320532, -0.000242809488554, 0.00225123646669], [-0.000370263209334, -0.00146700581536, 0.00120155862533, 0.000465138844447, 0.0013947666157, 0.00062128843274, -0.00752998190001, 0.018998445943, -0.00553090497851, -0.00440780445933, 0.0048458930105, -0.00386871490628, 5.75729573029e-05], [0.000133147957968, 0.00059426703956, 0.000634531141259, -0.00315391132608, -0.000963953207247, 0.000654136936646, -0.00302827102132, -0.00553090497851, 0.0215833112597, -0.00642501935363, 0.000669859407935, 0.00246240245178, -0.00296471989714], [-0.000210278129089, 0.00101670401637, -0.00186645286158, 0.0027136716526, -0.00341167161241, -0.00203275261447, 0.00700084818527, -0.00440780445933, -0.00642501935363, 0.0252989567816, -0.0134861376137, 0.00139675172977, 0.00430424232036], [0.000298042723443, -0.00135356199462, 0.00258234189823, -0.00449803518131, 0.00366983213462, 0.00124433659948, -0.00469107320532, 0.0048458930105, 0.000669859407935, -0.0134861376137, 0.0270319543779, -0.0110019715503, 0.00201964448206], [-0.000472784449812, 0.00172237970401, -0.0018069925718, 0.0037828902714, -0.00211777957156, -0.0007214967045, -0.000242809488554, -0.00386871490628, 0.00246240245178, 0.00139675172977, -0.0110019715503, 0.0312592610717, -0.0141335809603], [0.000178298505489, -0.000953090377152, 0.000578376697376, -0.00281063606963, 0.00142833159771, -0.000973884947598, 0.00225123646669, 5.75729573029e-05, -0.00296471989714, 0.00430424232036, 0.00201964448206, -0.0141335809603, 0.0285985078663]], "mean": [-623.117675781, 113.741256714, -1.29535627365, 42.4796485901, 3.61498498917, 5.89754915237, 0.229166582227, 12.2951698303, 2.11275267601, 0.16641163826, 6.6213555336, 0.879813075066, -1.2871183157], "cov": [[10511.9199219, -1241.02563477, -701.498657227, -85.4476318359, -52.6648788452, -25.8325214386, -0.646229088306, 249.83757019, 52.4872932434, 123.663543701, -18.0613307953, 202.674636841, -11.540350914], [-1241.02563477, 944.633422852, -35.3965644836, 59.9169311523, -79.6818847656, 56.4490242004, 25.4760437012, 29.6018371582, -9.39415931702, -52.6630477905, 31.795545578, -53.4221954346, 27.9651737213], [-701.498657227, -35.3965644836, 670.853027344, -216.265609741, 101.502624512, -37.5121421814, 74.9138793945, -13.9622030258, -34.3912353516, 13.4381427765, -71.1358947754, 23.3724727631, -32.8570289612], [-85.4476318359, 59.9169311523, -216.265609741, 449.346221924, -27.2452201843, 55.7547683716, -93.3216552734, -42.6495857239, 51.2528305054, -2.68989658356, 70.9854278564, -36.9944419861, 44.1781997681], [-52.6648788452, -79.6818847656, 101.502624512, -27.2452201843, 150.007339478, -4.93713998795, -0.173027083278, -10.3383455276, 4.72516012192, 23.221200943, -20.6463222504, 7.09774589539, -12.7225837708], [-25.8325214386, 56.4490242004, -37.5121421814, 55.7547683716, -4.93713998795, 109.559997559, 30.7740726471, 14.1541395187, 13.0783615112, -0.666139304638, 12.9797649384, 0.0183257758617, 10.3554677963], [-0.646229088306, 25.4760437012, 74.9138793945, -93.3216552734, -0.173027083278, 30.7740726471, 123.470603943, 52.7777633667, 7.66276454926, -10.6133337021, -9.47854232788, 15.3340349197, -7.96333789825], [249.83757019, 29.6018371582, -13.9622030258, -42.6495857239, -10.3383455276, 14.1541395187, 52.7777633667, 96.3230514526, 24.3180217743, 9.19641399384, -4.34602832794, 15.0864906311, 1.06917726994], [52.4872932434, -9.39415931702, -34.3912353516, 51.2528305054, 4.72516012192, 13.0783615112, 7.66276454926, 24.3180217743, 68.6173629761, 20.2318058014, 13.7564935684, -1.4846944809, 7.01262521744], [123.663543701, -52.6630477905, 13.4381427765, -2.68989658356, 23.221200943, -0.666139304638, -10.6133337021, 9.19641399384, 20.2318058014, 72.7084350586, 27.8295001984, 9.01730537415, -9.78229045868], [-18.0613307953, 31.795545578, -71.1358947754, 70.9854278564, -20.6463222504, 12.9797649384, -9.47854232788, -4.34602832794, 13.7564935684, 27.8295001984, 76.7100219727, 12.7192354202, 9.92155742645], [202.674636841, -53.4221954346, 23.3724727631, -36.9944419861, 7.09774589539, 0.0183257758617, 15.3340349197, 15.0864906311, -1.4846944809, 9.01730537415, 12.7192354202, 58.5190925598, 17.7674884796], [-11.540350914, 27.9651737213, -32.8570289612, 44.1781997681, -12.7225837708, 10.3554677963, -7.96333789825, 1.06917726994, 7.01262521744, -9.78229045868, 9.92155742645, 17.7674884796, 52.8692779541]]}, "erbbands_flatness_db": {"var": 0.00164884328842, "mean": 0.13453771174, "dmean2": 0.0181734375656, "dvar": 0.000225161813432, "dmean": 0.0123025598004, "max": 0.366372138262, "min": 0.0286579839885, "median": 0.127974405885, "dvar2": 0.000432026339695}, "barkbands": {"var": [1.2610153135e-06, 0.000118272124382, 2.7265128665e-05, 9.43628492678e-06, 1.84367236216e-05, 7.21311334928e-06, 3.22205346492e-06, 1.38724419685e-06, 6.68049733576e-06, 1.78636469172e-06, 7.31038198865e-07, 1.01139858089e-06, 1.168448307e-06, 3.30749770683e-07, 3.34671796054e-07, 4.53775413689e-07, 1.07703874619e-06, 7.62328227211e-07, 5.85894326832e-07, 1.35964768333e-07, 8.44455598781e-08, 1.01613728987e-07, 7.30097937662e-08, 1.81189854231e-08, 5.10893105599e-09, 1.26589871918e-09, 1.50668233445e-09], "mean": [0.000708174775355, 0.00876044854522, 0.0051545901224, 0.00245912070386, 0.00281074130908, 0.00178612186573, 0.00121261563618, 0.000775089662056, 0.00157233094797, 0.000823197711725, 0.00048245646758, 0.000617756799329, 0.000615503871813, 0.000355927244527, 0.000423839315772, 0.000469085556688, 0.000970973400399, 0.000870752090123, 0.00077594537288, 0.000371023488697, 0.000308904069243, 0.000308740389301, 0.000155960093252, 9.47787193581e-05, 5.94631856075e-05, 2.40989920712e-05, 1.27402336147e-05], "dmean2": [0.000657416356262, 0.00943429302424, 0.00594731001183, 0.0028623433318, 0.00346445315517, 0.00181842583697, 0.00123800244182, 0.0007496222388, 0.00134268263355, 0.000725000631064, 0.000518674263731, 0.000566849659663, 0.000515054329298, 0.000320179766277, 0.000343444582541, 0.000346856075339, 0.000675386807416, 0.000627898436505, 0.000468058162369, 0.000242441470618, 0.000243547154241, 0.000277768616797, 0.00011170750804, 5.87847243878e-05, 3.47514687746e-05, 1.43700281114e-05, 1.22196670418e-05], "dvar": [6.47375259177e-07, 8.80341394804e-05, 1.78787795448e-05, 4.69182305096e-06, 1.97340068553e-05, 3.95284996557e-06, 1.86939905689e-06, 6.42953807528e-07, 2.17734827856e-06, 6.81479093601e-07, 4.27630141075e-07, 4.51780437061e-07, 4.10926020322e-07, 1.79655984311e-07, 1.58009072493e-07, 1.38233303915e-07, 3.47752859398e-07, 2.85400005851e-07, 1.44870341501e-07, 4.1581007082e-08, 4.04616002925e-08, 6.5794289128e-08, 2.634626739e-08, 4.12631484537e-09, 1.37492051078e-09, 4.55819798573e-10, 8.17956147259e-10], "dmean": [0.000484507268993, 0.00592323951423, 0.00348775205202, 0.00167802989017, 0.00206005899236, 0.00110802310519, 0.000749160361011, 0.000466098979814, 0.000839231885038, 0.000442710763309, 0.000312840129482, 0.00035026439582, 0.000321767991409, 0.000199133050046, 0.000211332837353, 0.000215254054638, 0.000409960164689, 0.000377917254809, 0.000279086496448, 0.000142368298839, 0.000140000658575, 0.000156496855197, 6.71412708471e-05, 3.68909313693e-05, 2.2729520424e-05, 9.79789820121e-06, 8.10015353636e-06], "max": [0.0116940112785, 0.0700160562992, 0.0518529415131, 0.0409117043018, 0.0439473278821, 0.032813385129, 0.0223083067685, 0.0142172863707, 0.0289369598031, 0.0150823350996, 0.0129564804956, 0.0104813380167, 0.0109391352162, 0.0100870411843, 0.00788570847362, 0.00726005202159, 0.0127800181508, 0.010574053973, 0.00934708863497, 0.00446673762053, 0.00199780403636, 0.00394750153646, 0.0059544662945, 0.0026780499611, 0.000651121663395, 0.000657629396301, 0.000858950370457], "min": [1.13308894008e-24, 2.50259448418e-23, 5.7002166044e-24, 1.56468888165e-23, 1.44278415493e-23, 4.85142798725e-23, 2.25519019159e-23, 2.95065564543e-23, 5.05008619792e-23, 2.53047582624e-23, 3.81504935124e-23, 9.8481887657e-23, 5.16946830524e-23, 5.89005708565e-23, 1.02510966331e-22, 1.49532068194e-22, 1.01003756064e-22, 1.55009236744e-22, 2.97418938572e-22, 3.51912187727e-22, 3.49474064794e-22, 5.50793841674e-22, 5.68722769405e-22, 7.01226157933e-22, 1.16235859923e-21, 1.8331540123e-21, 2.14545912218e-21], "median": [9.23926490941e-05, 0.00493617262691, 0.00358254904859, 0.0015547007788, 0.0016114723403, 0.000916655291803, 0.00066666357452, 0.000374141556676, 0.000774694723077, 0.000310678529786, 0.000184421776794, 0.000218499946641, 0.000195129512576, 0.000181339128176, 0.000243769696681, 0.000257715233602, 0.000716001610272, 0.000671168905683, 0.000633261282928, 0.000293554970995, 0.000237243046286, 0.000225827374379, 0.000114242531708, 6.67186832288e-05, 3.80849232897e-05, 1.41283971971e-05, 4.16370130552e-06], "dvar2": [1.39086580475e-06, 0.000215090462007, 5.14664607181e-05, 1.25228398247e-05, 5.28013952135e-05, 9.86721533991e-06, 4.57543819721e-06, 1.49110678649e-06, 5.07367349201e-06, 1.83416443633e-06, 1.12579971301e-06, 1.14039903565e-06, 1.0001164128e-06, 4.37931248598e-07, 3.76157601067e-07, 3.25661233092e-07, 8.87305077413e-07, 7.5015168477e-07, 3.8964250848e-07, 1.1118361698e-07, 1.12078353709e-07, 1.83797880027e-07, 6.15300805862e-08, 8.20324164152e-09, 2.92750734765e-09, 9.19665510413e-10, 1.75408654268e-09]}, "spectral_energyband_low": {"var": 0.000183627227671, "mean": 0.0158475581557, "dmean2": 0.0130400862545, "dvar": 0.000104338439996, "dmean": 0.00811190903187, "max": 0.084255233407, "min": 4.41376448604e-23, "median": 0.0121353585273, "dvar2": 0.000268234638497}, "erbbands_spread": {"var": 303.678283691, "mean": 46.147567749, "dmean2": 11.4691305161, "dvar": 69.846206665, "dmean": 7.21581792831, "max": 143.034851074, "min": 4.42396688461, "median": 44.6022567749, "dvar2": 154.047744751}, "average_loudness": 0.946487605572, "spectral_energyband_middle_high": {"var": 2.6341249395e-05, "mean": 0.00649126945063, "dmean2": 0.00210176059045, "dvar": 2.5145429845e-06, "dmean": 0.00133701507002, "max": 0.0287182014436, "min": 1.36837655399e-21, "median": 0.00606001680717, "dvar2": 6.02639238423e-06}, "barkbands_flatness_db": {"var": 0.00378927495331, "mean": 0.117412373424, "dmean2": 0.0292615704238, "dvar": 0.000396150891902, "dmean": 0.018610406667, "max": 0.464535087347, "min": 0.0236084647477, "median": 0.0979471355677, "dvar2": 0.000949966546614}, "spectral_entropy": {"var": 0.196305558085, "mean": 7.76651954651, "dmean2": 0.165687501431, "dvar": 0.0269861388952, "dmean": 0.106369517744, "max": 9.81341075897, "min": 4.62295341492, "median": 7.87413215637, "dvar2": 0.0553553663194}, "melbands_skewness": {"var": 2.59821176529, "mean": 3.13142299652, "dmean2": 1.21734368801, "dvar": 0.682925283909, "dmean": 0.772163271904, "max": 14.5062332153, "min": -0.246728286147, "median": 2.79836845398, "dvar2": 1.65419459343}, "spectral_contrast_coeffs": {"var": [0.00484554935247, 0.00367341679521, 0.00261528929695, 0.00182476034388, 0.0011893940391, 0.00384880718775], "mean": [-0.663698554039, -0.757882356644, -0.782957196236, -0.810066282749, -0.794284820557, -0.718061029911], "dmean2": [0.0876975357533, 0.0762747600675, 0.0599889941514, 0.0450566262007, 0.0340547934175, 0.0274117011577], "dvar": [0.00191295240074, 0.00137718324549, 0.000854784273542, 0.000458644382888, 0.000272622593911, 0.00030071195215], "dmean": [0.0536921992898, 0.045827742666, 0.0358280725777, 0.026881609112, 0.0202741362154, 0.0173919741064], "max": [-0.370081633329, -0.499484598637, -0.555851101875, -0.644288659096, -0.675890266895, -0.546659708023], "min": [-0.955966353416, -0.968269348145, -0.967324912548, -0.963910579681, -0.961248755455, -0.963261842728], "median": [-0.668038368225, -0.764721333981, -0.788604736328, -0.813665747643, -0.79406952858, -0.722788631916], "dvar2": [0.00515852449462, 0.00377364642918, 0.00232528941706, 0.00121086859144, 0.000753520580474, 0.000685922859702]}, "pitch_salience": {"var": 0.0125280786306, "mean