{"tonal": {"hpcp": {"dvar": [0.0265668798238, 0.0425806306303, 0.0532443486154, 0.0576940067112, 0.0662940591574, 0.0631157010794, 0.0388071276248, 0.0442864112556, 0.0597501173615, 0.0821491032839, 0.0483031272888, 0.0228355396539, 0.00583443045616, 0.00827488675714, 0.0196786206216, 0.0192041285336, 0.0135502023622, 0.00894336681813, 0.00808246433735, 0.00490662641823, 0.00485884491354, 0.00430450122803, 0.00439644325525, 0.00438705924898, 0.00784731190652, 0.00763750541955, 0.00762305222452, 0.0105372713879, 0.015004709363, 0.0306931827217, 0.0453307442367, 0.0539118535817, 0.0693310275674, 0.0586255192757, 0.0340821184218, 0.0260186158121], "var": [0.0312279611826, 0.042996827513, 0.0494456253946, 0.0677797496319, 0.0927231758833, 0.0662681907415, 0.0268474351615, 0.0366499722004, 0.100577972829, 0.156892970204, 0.08517498523, 0.0191245768219, 0.00383359054103, 0.00533208530396, 0.0145803131163, 0.0210977904499, 0.019460991025, 0.00931429676712, 0.0050659715198, 0.00291494466364, 0.00330699491315, 0.00338984839618, 0.00305789080448, 0.00313804508187, 0.00625940831378, 0.00799753703177, 0.00554622337222, 0.00603118957952, 0.00872477609664, 0.0206579230726, 0.0478741638362, 0.087883926928, 0.1271456182, 0.115893125534, 0.0338480137289, 0.0220987591892], "median": [0.0237028151751, 0.040795892477, 0.0339193604887, 0.0279397182167, 0.0361002236605, 0.0290677081794, 0.0164634995162, 0.019100215286, 0.328812867403, 0.582191228867, 0.248073995113, 0.0316726975143, 0.00839162990451, 0.00788849778473, 0.00815832056105, 0.0227564945817, 0.0280865393579, 0.0141623411328, 0.00489781424403, 0.00321985688061, 0.00426589138806, 0.0068384418264, 0.00824767071754, 0.00716340169311, 0.00727994460613, 0.0107513898984, 0.00942607875913, 0.00498652504757, 0.00353330257349, 0.00475880643353, 0.0216450281441, 0.109730407596, 0.185055106878, 0.0871873348951, 0.018386144191, 0.00635684188455], "max": [1, 1, 1, 1, 1, 1, 1, 1, 1, 1, 1, 1, 0.695198595524, 0.836606383324, 1, 1, 1, 1, 1, 0.788940668106, 1, 0.813576638699, 1, 1, 1, 1, 1, 1, 1, 1, 1, 1, 1, 1, 1, 1], "dmean": [0.100287981331, 0.142119035125, 0.168331995606, 0.173540055752, 0.185762822628, 0.167966797948, 0.10391806066, 0.135093554854, 0.26721522212, 0.264698803425, 0.237838357687, 0.0898123309016, 0.03507989645, 0.0410062298179, 0.0609975904226, 0.0697397217155, 0.0567596554756, 0.0403927713633, 0.0293503142893, 0.023545673117, 0.0246706083417, 0.0276607181877, 0.0259903203696, 0.0258608777076, 0.0351709909737, 0.0410774350166, 0.0372972935438, 0.0336066074669, 0.04487888515, 0.0805438831449, 0.144599884748, 0.200280874968, 0.244145765901, 0.21116232872, 0.132371485233, 0.0832698941231], "dmean2": [0.174304544926, 0.252342551947, 0.300569802523, 0.309525758028, 0.3296649158, 0.305339753628, 0.19306306541, 0.247759968042, 0.451587051153, 0.459944427013, 0.405430644751, 0.159290254116, 0.064488761127, 0.0757139846683, 0.109687000513, 0.124198451638, 0.100921876729, 0.0730173364282, 0.0542746335268, 0.0431507490575, 0.0443153493106, 0.0485327392817, 0.0470122210681, 0.0468477793038, 0.0633383765817, 0.0710520073771, 0.0663165524602, 0.0635239109397, 0.0859648957849, 0.150549411774, 0.254614621401, 0.350819885731, 0.426410079002, 0.359796732664, 0.237066045403, 0.151761204004], "mean": [0.0930358245969, 0.128918468952, 0.135221228004, 0.157634735107, 0.19613674283, 0.152575686574, 0.0735674649477, 0.103960193694, 0.379364073277, 0.562760055065, 0.327113866806, 0.0804314613342, 0.0268885120749, 0.0294238831848, 0.0464448481798, 0.0680989027023, 0.0642263665795, 0.0373661443591, 0.0210886932909, 0.0166437271982, 0.0194913540035, 0.0236710980535, 0.021426063031, 0.0204657539725, 0.0311549399048, 0.0409938171506, 0.0323411002755, 0.0225600264966, 0.0276585835963, 0.0530851371586, 0.126544907689, 0.243847772479, 0.34567669034, 0.27584323287, 0.111035399139, 0.0601362474263], "dvar2": [0.0682595893741, 0.110124722123, 0.142906695604, 0.151452943683, 0.181951999664, 0.176346838474, 0.110991261899, 0.120885744691, 0.151791706681, 0.192143410444, 0.127984166145, 0.0639351308346, 0.0167241860181, 0.0250416304916, 0.0565166138113, 0.0525311529636, 0.0360917039216, 0.028170209378, 0.0229777321219, 0.0144584476948, 0.0136183639988, 0.0115985469893, 0.0121832089499, 0.0119800586253, 0.0221564788371, 0.0206797439605, 0.0223160330206, 0.0314844250679, 0.0441594868898, 0.0904589891434, 0.126418396831, 0.142898544669, 0.181283563375, 0.143863424659, 0.0920310989022, 0.0700379684567], "min": [0, 0, 0, 0, 0, 0, 0, 0, 0, 0, 0, 0, 0, 0, 0, 0, 0, 0, 0, 0, 0, 0, 0, 0, 0, 0, 0, 0, 0, 0, 0, 0, 0, 0, 0, 0]}, "key_key": "C", "thpcp": [1, 0.581267058849, 0.14292319119, 0.0477797091007, 0.0522849522531, 0.0825304612517, 0.121008768678, 0.114127442241, 0.0663980022073, 0.0374736860394, 0.0295751746744, 0.0346352830529, 0.0420625060797, 0.0380731783807, 0.0363667495549, 0.0553609654307, 0.072844222188, 0.0574687197804, 0.0400881804526, 0.049148093909, 0.0943299680948, 0.224864766002, 0.43330681324, 0.614252328873, 0.49016135931, 0.197305053473, 0.106859482825, 0.165320590138, 0.229082480073, 0.240282207727, 0.280110031366, 0.348526418209, 0.27112030983, 0.13072617352, 0.184732720256, 0.674113333225], "chords_key": "F", "tuning_equal_tempered_deviation": 0.253270626068, "tuning_frequency": 432.441040039, "tuning_diatonic_strength": 0.643165946007, "chords_histogram": [11.0132160187, 0, 1.83553600311, 0.513950049877, 1.10132157803, 52.0558013916, 0.44052863121, 8.88399410248, 3.89133620262, 4.77239370346, 0, 0, 0, 0, 0, 0, 0, 0, 0, 0, 0, 0, 6.0205578804, 9.47136592865], "key_strength": 0.551935076714, "key_scale": "minor", "chords_strength": {"dvar": 3.09279967041e-05, "var": 0.00599971087649, "median": 0.563682317734, "max": 0.69443076849, "dmean": 0.00649565923959, "dmean2": 0.00770723680034, "mean": 0.551587224007, "dvar2": 4.42972668679e-05, "min": 0.322240322828}, "chords_number_rate": 0.0066079297103, "tuning_nontempered_energy_ratio": 0.867763996124, "hpcp_entropy": {"dvar": 0.213601142168, "var": 0.423474550247, "median": 2.10273694992, "max": 3.76228022575, "dmean": 0.589813768864, "dmean2": 1.01634609699, "mean": 2.09006476402, "dvar2": 0.581548988819, "min": 0}, "chords_changes_rate": 0.0580029375851, "chords_scale": "major"}, "rhythm": {"bpm_histogram_first_peak_spread": {"dvar": 0, "var": 0, "median": 0.493670880795, "max": 0.493670880795, "dmean": 0, "dmean2": 0, "mean": 0.493670880795, "dvar2": 0, "min": 0.493670880795}, "bpm_histogram_first_peak_weight": {"dvar": 0, "var": 0, "median": 0.412371128798, "max": 0.412371128798, "dmean": 0, "dmean2": 0, "mean": 0.412371128798, "dvar2": 0, "min": 0.412371128798}, "bpm_histogram_first_peak_bpm": {"dvar": 0, "var": 0, "median": 96, "max": 96, "dmean": 0, "dmean2": 0, "mean": 96, "dvar2": 0, "min": 96}, "bpm": 95.3475112915, "bpm_histogram_second_peak_weight": {"dvar": 0, "var": 0, "median": 0.103092782199, "max": 0.103092782199, "dmean": 0, "dmean2": 0, "mean": 0.103092782199, "dvar2": 0, "min": 0.103092782199}, "beats_loudness": {"dvar": 0.000778410176281, "var": 0.00109456456266, "median": 0.0465771108866, "max": 0.185265794396, "dmean": 0.0263246577233, "dmean2": 0.0459520258009, "mean": 0.0517577044666, "dvar2": 0.00205981498584, "min": 3.55636409211e-08}, "beats_loudness_band_ratio": {"dvar": [0.0114633617923, 0.0299564767629, 0.000929163768888, 0.00182091910392, 7.76663910074e-06, 0.0355097949505], "var": [0.022867128253, 0.0390730574727, 0.000972352223471, 0.00300150341354, 8.9106570158e-06, 0.0411330685019], "median": [0.109220281243, 0.304213821888, 0.020131547004, 0.0194509122521, 0.000490816426463, 0.478165447712], "max": [0.822172760963, 0.811863124371, 0.163304954767, 0.306475579739, 0.0276449173689, 0.918308794498], "dmean": [0.102586567402, 0.18842215836, 0.0269435271621, 0.0314410701394, 0.00111272057984, 0.223241388798], "dmean2": [0.175993278623, 0.327898770571, 0.0478377602994, 0.0456003136933, 0.0016697566025, 0.395162314177], "mean": [0.156433939934, 0.338476717472, 0.0318904668093, 0.0434416718781, 0.00120727205649, 0.480177164078], "dvar2": [0.026180870831, 0.0861114636064, 0.00283083482645, 0.00510009611025, 9.25588665268e-06, 0.111551254988], "min": [0.00438041938469, 0.022399360314, 0.00106077466626, 0.000109825276013, 1.06272100311e-05, 0.0861128643155]}, "bpm_histogram_second_peak_bpm": {"dvar": 0, "var": 0, "median": 89, "max": 89, "dmean": 0, "dmean2": 0, "mean": 89, "dvar2": 0, "min": 89}, "onset_rate": 1.75619804859, "beats_count": 98, "beats_position": [0.615328788757, 1.23065757751, 1.8575963974, 2.48453521729, 3.11147379875, 3.73841261864, 4.37696123123, 5.00390005112, 5.64244890213, 6.29260778427, 6.94276618958, 7.60453510284, 8.26630401611, 8.92807197571, 9.6014509201, 10.2632198334, 10.8901586533, 11.5170974731, 12.1904764175, 12.8638544083, 13.5604534149, 14.2338323593, 14.90721035, 15.5805892944, 16.242357254, 16.9273471832, 17.600725174, 18.2857131958, 18.970703125, 19.6208610535, 20.2710208893, 20.8979587555, 21.5132884979, 22.128616333, 22.7323360443, 23.3592739105, 23.9978218079, 24.6363716125, 25.2633094788, 25.9018592834, 26.5404071808, 27.1673469543, 27.7826747894, 28.3980045319, 29.0133323669, 29.6286621094, 30.2555999756, 30.8825397491, 31.5094776154, 32.1364173889, 32.7633552551, 33.4019050598, 34.0404510498, 34.6673927307, 35.2943305969, 35.9212684631, 36.5482063293, 37.1635360718, 37.7788658142, 38.4058036804, 39.0327415466, 39.6596832275, 40.2982292175, 40.9367790222, 41.5753288269, 42.2138786316, 42.8640365601, 43.5141944885, 44.164352417, 44.8261222839, 45.4878921509, 46.1148300171, 46.7417678833, 47.380317688, 48.018863678, 48.6458053589, 49.2843513489, 49.9229011536, 50.5498390198, 51.1767807007, 51.7921066284, 52.4074363708, 53.0343742371, 53.661315918, 54.2882537842, 54.9151916504, 55.5421295166, 56.1806793213, 56.819229126, 57.4461669922, 58.0731048584, 58.7000427246, 59.3269844055, 59.9539222717, 60.5808601379, 61.2077980042, 61.8231277466, 62.438457489], "danceability": 1.09418213367, "bpm_histogram_second_peak_spread": {"dvar": 0, "var": 0, "median": 0.444444417953, "max": 0.444444417953, "dmean": 0, "dmean2": 0, "mean": 0.444444417953, "dvar2": 0, "min": 0.444444417953}}, "lowlevel": {"spectral_flux": {"dvar": 0.000576934602577, "var": 0.00227278610691, "median": 0.0981156155467, "max": 0.294959872961, "dmean": 0.0240707360208, "dmean2": 0.0401943214238, "mean": 0.0990543738008, "dvar2": 0.00151938735507, "min": 1.03338455848e-10}, "spectral_rolloff": {"dvar": 22293116, "var": 18172854, "median": 21813.1347656, "max": 21985.4003906, "dmean": 1244.171875, "dmean2": 2451.46020508, "mean": 20819.9746094, "dvar2": 64270096, "min": 43.06640625}, "barkbands_flatness_db": {"dvar": 0.00168730085716, "var": 0.0038144888822, "median": 0.263345688581, "max": 0.439490497112, "dmean": 0.0507905259728, "dmean2": 0.0837543979287, "mean": 0.260024368763, "dvar2": 0.00485944049433, "min": 0.0259175077081}, "spectral_centroid": {"dvar": 34848.7851562, "var": 85684.578125, "median": 311.377197266, "max": 10864.7695312, "dmean": 61.3427581787, "dmean2": 100.001937866, "mean": 357.821655273, "dvar2": 42115.515625, "min": 175.428894043}, "melbands_skewness": {"dvar": 0.602518498898, "var": 1.50254368782, "median": 2.5888543129, "max": 12.5196685791, "dmean": 0.900562286377, "dmean2": 1.50106298923, "mean": 2.69057369232, "dvar2": 1.62898516655, "min": -0.485888838768}, "melbands": {"dvar": [1.79991687332e-07, 2.19793577116e-07, 1.61303816526e-07, 9.49161858443e-06, 3.04888908431e-06, 2.19817888336e-08, 3.29258611487e-08, 1.94504607975e-08, 3.62196356241e-10, 5.37408395562e-10, 1.56852220101e-09, 2.07192076829e-08, 9.27238641424e-09, 2.19046025762e-09, 9.59432741587e-11, 1.52358143463e-11, 1.48019749235e-10, 9.08906110098e-12, 8.58677170167e-13, 3.3745001151e-13, 1.77115199135e-13, 1.19059316984e-13, 8.30180583024e-14, 5.63266711647e-14, 3.99431261179e-14, 2.82512423557e-14, 2.02790106078e-14, 1.4694534245e-14, 1.06979939366e-14, 7.85790686399e-15, 5.80893882326e-15, 4.32796439542e-15, 3.24388419568e-15, 2.45793629997e-15, 1.88091522168e-15, 1.45888910253e-15, 1.14906403806e-15, 9.26217716449e-16, 7.69665487248e-16, 6.67149724916e-16], "var": [4.93181460115e-07, 4.60889594933e-07, 4.25812999083e-07, 1.41418886415e-05, 7.07555136614e-06, 6.08943011571e-08, 7.72705064378e-08, 4.78124775327e-08, 5.62964619366e-10, 1.26183130611e-09, 2.6819693133e-09, 5.07966646524e-08, 3.00649105611e-08, 9.2128091822e-09, 2.18669193863e-10, 2.09322767453e-11, 2.8318911105e-10, 1.70325229615e-11, 1.24101336846e-12, 3.91846467383e-13, 1.73289686637e-13, 1.09829056657e-13, 7.54212501914e-14, 5.15364050806e-14, 3.60990195527e-14, 2.55051513763e-14, 1.83409890601e-14, 1.32800273396e-14, 9.68320018488e-15, 7.12974906165e-15, 5.28767220642e-15, 3.95618300015e-15, 2.98375106022e-15, 2.27677606958e-15, 1.75751141512e-15, 1.37709144845e-15, 1.09824491996e-15, 8.97821360409e-16, 7.56800803784e-16, 6.64765062472e-16], "median": [4.51425221399e-05, 0.000133340974571, 0.000471033825306, 0.00261947000399, 0.00120692315977, 8.69303548825e-05, 8.33290250739e-05, 5.73102661292e-05, 1.88838039321e-05, 1.92963798327e-05, 2.65873932221e-05, 3.46023516613e-05, 4.08552368754e-05, 2.83410536213e-05, 5.10759446115e-06, 1.47839830333e-06, 1.21069820125e-06, 9.2360915005e-07, 4.66903060214e-07, 2.35045362729e-07, 1.08115948194e-07, 7.73350805616e-08, 6.39633270794e-08, 5.22064524944e-08, 4.35854694558e-08, 3.65084282805e-08, 3.11639425377e-08, 2.70755222687e-08, 2.35502639612e-08, 2.08684234337e-08, 1.84674888715e-08, 1.67255826966e-08, 1.49791947734e-08, 1.36791840077e-08, 1.26486376928e-08, 1.16726379673e-08, 1.09196163223e-08, 1.03312061128e-08, 1.00387369528e-08, 9.63180202262e-09], "max": [0.00945737399161, 0.00748769752681, 0.00689552538097, 0.0329598039389, 0.0181785300374, 0.00303730508313, 0.00357585586607, 0.00227288343012, 0.000212981598452, 0.000387107575079, 0.000550793658476, 0.00221456913278, 0.00150962255429, 0.000687290914357, 0.000188883088413, 8.11862628325e-05, 0.000217291730223, 4.54086402897e-05, 1.25053938973e-05, 5.82842721997e-06, 4.34288813267e-06, 3.25574251292e-06, 2.68493363365e-06, 2.31670651374e-06, 1.9548056116e-06, 1.66237998656e-06, 1.42175451856e-06, 1.20820038774e-06, 1.03543050045e-06, 8.93803644431e-07, 7.68401491769e-07, 6.64923220484e-07, 5.76383456519e-07, 5.02911177591e-07, 4.39907239524e-07, 3.87000824276e-07, 3.40678951716e-07, 3.02150510834e-07, 2.69383235718e-07, 2.42415580942e-07], "dmean": [0.000169325372553, 0.000256752420682, 0.000353737763362, 0.00224188272841, 0.00123982725199, 8.51571603562e-05, 0.000105204329884, 8.27500989544e-05, 1.523656465e-05, 1.70509829331e-05, 2.5079032639e-05, 7.14397829142e-05, 5.5786480516e-05, 3.01646887237e-05, 5.47972376808e-06, 1.94972881218e-06, 4.21172353526e-06, 1.41118016472e-06, 5.91963214447e-07, 3.67764926068e-07, 2.55429824847e-07, 2.06091982591e-07, 1.71484089151e-07, 1.423559155e-07, 1.19369730101e-07, 1.00800313874e-07, 8.56561825913e-08, 7.3120688171e-08, 6.26377598678e-08, 5.39169136005e-08, 4.65818885687e-08, 4.04523810005e-08, 3.5309671631e-08, 3.10225196642e-08, 2.74491416263e-08, 2.44829028162e-08, 2.20739035939e-08, 2.01718979298e-08, 1.87182678246e-08, 1.77155143888e-08], "dmean2": [0.000279786880128, 0.000432837667176, 0.00057598069543, 0.00393220968544, 0.00212584109977, 0.000137172275572, 0.000166323879967, 0.000127760955365, 2.63959427684e-05, 2.72604374913e-05, 4.09035601479e-05, 0.000108548083517, 8.42577283038e-05, 4.30965774285e-05, 8.12146117823e-06, 3.17268768413e-06, 6.27110739515e-06, 2.23070264838e-06, 9.98208065539e-07, 6.2252661337e-07, 4.35801979393e-07, 3.53628621497e-07, 2.93996464507e-07, 2.43947965828e-07, 2.05017300914e-07, 1.73350827026e-07, 1.47099001424e-07, 1.25555800423e-07, 1.0754268942e-07, 9.2492562942e-08, 7.98437156391e-08, 6.92861519269e-08, 6.04059593456e-08, 5.30048183123e-08, 4.68553373878e-08, 4.17726830904e-08, 3.76008912895e-08, 3.43186101759e-08, 3.18274828714e-08, 3.00995921521e-08], "mean": [0.000293035816867, 0.000383816135582, 0.000651491631288, 0.00372199830599, 0.00217925570905, 0.000157085800311, 0.000188286416233, 0.000143980403664, 2.50302673521e-05, 3.06571564579e-05, 4.27640297858e-05, 0.000122444544104, 0.000117870338727, 6.96071074344e-05, 1.01494788396e-05, 2.8498334359e-06, 6.23758660367e-06, 2.2687775072e-06, 8.51618381148e-07, 4.42782692289e-07, 2.5836976647e-07, 1.97377502786e-07, 1.6225291688e-07, 1.34233758331e-07, 1.11725093177e-07, 9.3917464028e-08, 7.98609960384e-08, 6.83601228957e-08, 5.88679576197e-08, 5.10294846379e-08, 4.4463430271e-08, 3.89816179336e-08, 3.43971109373e-08, 3.05786933552e-08, 2.73959415154e-08, 2.47698466183e-08, 2.26185665753e-08, 2.09121342465e-08, 1.96118179474e-08, 1.87052950906e-08], "dvar2": [4.91826256166e-07, 5.89062153722e-07, 3.87271796853e-07, 2.89600156975e-05, 9.03526961338e-06, 4.87349893774e-08, 7.91538212752e-08, 4.4375219943e-08, 1.02248542966e-09, 1.27943067252e-09, 3.99229138637e-09, 4.29687716519e-08, 2.03889491956e-08, 4.35698721546e-09, 2.01925240417e-10, 3.61217167288e-11, 3.01951741388e-10, 2.1453108387e-11, 2.29063881578e-12, 9.35016061972e-13, 4.89458462909e-13, 3.34006178835e-13, 2.34471188125e-13, 1.58294750463e-13, 1.12695504241e-13, 7.97506795303e-14, 5.72527119572e-14, 4.15276096659e-14, 3.02444294652e-14, 2.22309743178e-14, 1.64468319606e-14, 1.22603902535e-14, 9.19501952199e-15, 6.97113070733e-15, 5.33729817273e-15, 4.13945297785e-15, 3.26391123093e-15, 2.63302478643e-15, 2.18954078162e-15, 1.90074299243e-15], "min": [2.18975575723e-23, 2.35741047215e-23, 7.89624128147e-24, 2.42334567541e-23, 1.45384887576e-23, 8.77198180476e-24, 6.14824778894e-24, 4.42815946207e-24, 5.98911521726e-24, 4.13803259278e-24, 5.297802485e-24, 1.93052525638e-24, 9.96479786917e-24, 1.11515247162e-23, 1.15555153742e-23, 1.05155411101e-23, 1.6955820473e-23, 8.13036336522e-24, 2.30516232113e-23, 1.65642157202e-23, 9.12009192274e-24, 1.16791219894e-23, 1.58135183278e-23, 7.98048215981e-24, 1.09496212896e-23, 9.31697661633e-24, 1.33815153773e-23, 1.3135327666e-23, 5.37680887681e-24, 8.7560483922e-24, 9.56604209221e-24, 7.329791031e-24, 8.17132102342e-24, 1.17573059937e-23, 1.42880538192e-23, 1.40163243695e-23, 8.12844722209e-24, 9.05810638825e-24, 8.75778704164e-24, 8.12402644557e-24]}, "spectral_decrease": {"dvar": 1.71033637172e-17, "var": 4.77339130853e-17, "median": -2.33923991289e-10, "max": 4.72421142206e-08, "dmean": 3.69218833285e-09, "dmean2": 5.92360205331e-09, "mean": -5.4483689782e-10, "dvar2": 4.66692786973e-17, "min": -3.45620492226e-08}, "barkbands_kurtosis": {"dvar": 579.931335449, "var": 905.330993652, "median": 25.0104598999, "max": 439.669799805, "dmean": 18.8154659271, "dmean2": 31.6492290497, "mean": 32.8869819641, "dvar2": 1619.73498535, "min": -1.79465520382}, "silence_rate_30dB": {"dvar": 0.0264474079013, "var": 0.029896967113, "median": 1, "max": 1, "dmean": 0.0271858926862, "dmean2": 0.0543917678297, "mean": 0.969151675701, "dvar2": 0.0617252290249, "min": 0}, "gfcc": {"mean": [-118.37538147, 123.393089294, -33.8109321594, -39.3710517883, -40.0718688965, -12.6264705658, -17.2709579468, -30.8546447754, -27.4032325745, -25.0359668732, -6.19757175446, -6.87252950668, 4.18305826187], "cov": [[16537.7421875, 1011.87646484, -1009.21655273, -1316.41638184, -568.033447266, -650.532348633, -211.444824219, -1015.59606934, -535.071350098, -479.857635498, 65.6551513672, -27.3401165009, 279.28024292], [1011.87646484, 899.585388184, 135.951171875, -466.180603027, 46.1360702515, -81.6230163574, 105.9298172, -220.494720459, 2.81415367126, -129.288085938, 46.6411361694, -59.8249664307, 92.8141479492], [-1009.21655273, 135.951171875, 702.874023438, 288.698760986, 153.912261963, 50.9972343445, 147.371612549, 195.976028442, 116.644760132, 9.35441589355, -59.8584785461, -26.9872455597, 5.49125576019], [-1316.41638184, -466.180603027, 288.698760986, 889.125183105, 153.975585938, 90.9874038696, 55.7356338501, 382.498413086, 149.738739014, 109.107437134, -61.4252548218, 22.5456829071, -47.8738174438], [-568.033447266, 46.1360702515, 153.912261963, 153.975585938, 146.236053467, 62.6070404053, 63.338344574, 71.9843826294, 68.6673812866, 19.489320755, -6.15120697021, -15.3956251144, -1.55759096146], [-650.532348633, -81.6230163574, 50.9972343445, 90.9874038696, 62.6070404053, 112.783416748, 39.2900886536, 82.4380264282, 23.9099903107, 40.8286247253, -8.36860084534, 9.78144550323, -19.2591495514], [-211.444824219, 105.9298172, 147.371612549, 55.7356338501, 63.338344574, 39.2900886536, 111.143882751, 68.4707107544, 47.6247825623, -19.8219718933, -9.92198944092, -11.065905571, 12.8313179016], [-1015.59606934, -220.494720459, 195.976028442, 382.498413086, 71.9843826294, 82.4380264282, 68.4707107544, 253.950958252, 108.11567688, 72.6711196899, -41.3882865906, 10.0390958786, -32.175945282], [-535.071350098, 2.81415367126, 116.644760132, 149.738739014, 68.6673812866, 23.9099903107, 47.6247825623, 108.11567688, 100.383255005, 46.2352828979, -7.0573091507, -17.5243377686, -10.4314498901], [-479.857635498, -129.288085938, 9.35441589355, 109.107437134, 19.489320755, 40.8286247253, -19.8219718933, 72.6711196899, 46.2352828979, 78.9361877441, 9.40915966034, 11.0154914856, -28.6563930511], [65.6551513672, 46.6411361694, -59.8584785461, -61.4252548218, -6.15120697021, -8.36860084534, -9.92198944092, -41.3882865906, -7.0573091507, 9.40915966034, 40.3772125244, 16.8718471527, 9.66638565063], [-27.3401165009, -59.8249664307, -26.9872455597, 22.5456829071, -15.3956251144, 9.78144550323, -11.065905571, 10.0390958786, -17.5243377686, 11.0154914856, 16.8718471527, 42.6988067627, 13.6643381119], [279.28024292, 92.8141479492, 5.49125576019, -47.8738174438, -1.55759096146, -19.2591495514, 12.8313179016, -32.175945282, -10.4314498901, -28.6563930511, 9.66638565063, 13.6643381119, 44.5261306763]], "icov": [[0.000118321222544, -0.00013288113405, 0.000215901163756, -0.000140607895446, -1.46686079461e-05, 0.000881413987372, -0.000938514887821, 0.000366114691133, 0.00111602828838, -0.00137760734651, 0.00097819766961, 0.000190073231352, -0.000623048865236], [-0.00013288113405, 0.00444281706586, -0.00169495271984, 0.00140317250043, 0.00042177629075, -0.00264219008386, 0.000873185985256, 0.00208093505353, -0.0069641857408, 0.0076935547404, -0.00734422309324, 0.00378777692094, -0.00283389608376], [0.000215901163756, -0.00169495271984, 0.0039371214807, -0.000170779720065, -0.00392416119576, 0.00684538064525, -0.0067008510232, -0.00203944090754, 0.00866367481649, -0.0108769666404, 0.00898036174476, -0.000447231286671, -0.00199230504222], [-0.000140607895446, 0.00140317250043, -0.000170779720065, 0.00638067768887, -0.00772373517975, 0.00513967638835, 0.00416880659759, -0.0137319955975, 0.00619182083756, 0.00137361441739, -0.00541629130021, 0.0036991618108, -0.00195781793445], [-1.46686079461e-05, 0.00042177629075, -0.00392416119576, -0.00772373517975, 0.0303264297545, -0.0264903977513, 0.00498792948201, 0.0224009081721, -0.0361579544842, 0.0227391272783, -0.00541085097939, -0.00481971120462, 0.0045626941137], [0.000881413987372, -0.00264219008386, 0.00684538064525, 0.00513967638835, -0.0264903977513, 0.0539771094918, -0.0337452441454, -0.01787106134, 0.0608718954027, -0.063660658896, 0.0252605397254, 0.00676046451554, -0.0103770773858], [-0.000938514887821, 0.000873185985256, -0.0067008510232, 0.00416880659759, 0.00498792948201, -0.0337452441454, 0.0606371164322, -0.0202737841755, -0.0406324565411, 0.072206184268, -0.0423114709556, 0.00304033001885, 0.00803321041167], [0.000366114691133, 0.00208093505353, -0.00203944090754, -0.0137319955975, 0.0224009081721, -0.01787106134, -0.0202737841755, 0.0672955363989, -0.051570545882, -0.000689637672622, 0.0415879748762, -0.0429791249335, 0.018014408648], [0.00111602828838, -0.0069641857408, 0.00866367481649, 0.00619182083756, -0.0361579544842, 0.0608718954027, -0.0406324565411, -0.051570545882, 0.136906713247, -0.10467607528, 0.00518355984241, 0.0626973211765, -0.0430472269654], [-0.00137760734651, 0.0076935547404, -0.0108769666404, 0.00137361441739, 0.0227391272783, -0.063660658896, 0.072206184268, -0.000689637672622, -0.10467607528, 0.15006776154, -0.0661856904626, -0.0248235054314, 0.0414202772081], [0.00097819766961, -0.00734422309324, 0.00898036174476, -0.00541629130021, -0.00541085097939, 0.0252605397254, -0.0423114709556, 0.0415879748762, 0.00518355984241, -0.0661856904626, 0.111766494811, -0.0568146295846, 0.00701481802389], [0.000190073231352, 0.00378777692094, -0.000447231286671, 0.0036991618108, -0.00481971120462, 0.00676046451554, 0.00304033001885, -0.0429791249335, 0.0626973211765, -0.0248235054314, -0.0568146295846, 0.10670427978, -0.0559331178665], [-0.000623048865236, -0.00283389608376, -0.00199230504222, -0.00195781793445, 0.0045626941137, -0.0103770773858, 0.00803321041167, 0.018014408648, -0.0430472269654, 0.0414202772081, 0.00701481802389, -0.0559331178665, 0.0690031200647]]}, "silence_rate_20dB": {"dvar": 0, "var": 0, "median": 1, "max": 1, "dmean": 0, "dmean2": 0, "mean": 1, "dvar2": 0, "min": 1}, "barkbands_skewness": {"dvar": 1.6001611948, "var": 3.550157547, "median": 3.57116365433, "max": 15.2519483566, "dmean": 1.38292276859, "dmean2": 2.29732131958, "mean": 3.80836606026, "dvar2": 4.28328800201, "min": -2.14537382126}, "erbbands_skewness": {"dvar": 0.317728221416, "var": 1.71306848526, "median": 1.09319078922, "max": 7.96039199829, "dmean": 0.649555742741, "dmean2": 1.03940951824, "mean": 1.28288388252, "dvar2": 0.831062674522, "min": -2.17614626884}, "spectral_contrast_valleys": {"dvar": [0.185017868876, 0.150894165039, 0.130866646767, 0.28601795435, 0.419841110706, 0.318698585033], "var": [1.65293741226, 1.86406075954, 2.29816007614, 1.79231190681, 1.87619566917, 1.6695972681], "median": [-7.68918895721, -6.78815507889, -7.04329681396, -8.70000171661, -9.00143623352, -11.131980896], "max": [-5.59039258957, -5.46095848083, -5.63033390045, -6.87413644791, -6.9561123848, -9.39877128601], "dmean": [0.454098880291, 0.361855655909, 0.310094326735, 0.55604660511, 0.778641939163, 0.650221407413], "dmean2": [0.766218006611, 0.612960338593, 0.503918468952, 0.895537793636, 1.27850449085, 1.04883611202], "mean": [-7.83147192001, -7.11139249802, -7.5480966568, -8.9822177887, -9.2566318512, -11.4042520523], "dvar2": [0.395911246538, 0.279895365238, 0.224342152476, 0.656524062157, 1.05022644997, 0.814985752106], "min": [-27.4941539764, -27.2768764496, -27.3416156769, -27.1761302948, -27.1995220184, -27.2631053925]}, "spectral_strongpeak": {"dvar": 1915.51672363, "var": 3983.73486328, "median": 2.20561671257, "max": 370.792449951, "dmean": 32.424533844, "dmean2": 54.9860420227, "mean": 46.0030708313, "dvar2": 4629.59033203, "min": 0}, "erbbands_crest": {"dvar": 7.94644212723, "var": 16.8360652924, "median": 12.9685459137, "max": 28.0766544342, "dmean": 3.43972802162, "dmean2": 5.73127937317, "mean": 13.1894292831, "dvar2": 22.9175014496, "min": 2.76671290398}, "barkbands_crest": {"dvar": 8.14713859558, "var": 23.3698348999, "median": 18.1738891602, "max": 25.9030952454, "dmean": 3.32226490974, "dmean2": 5.64204454422, "mean": 17.3729839325, "dvar2": 22.270280838, "min": 2.95189499855}, "spectral_energyband_middle_low": {"dvar": 0.000191469895071, "var": 0.00038567034062, "median": 0.0162395127118, "max": 0.140030667186, "dmean": 0.0103174811229, "dmean2": 0.0178300403059, "mean": 0.0216424278915, "dvar2": 0.00058604584774, "min": 2.61145018935e-22}, "spectral_contrast_coeffs": {"dvar": [0.00212145037949, 0.00119972671382, 0.000783799856436, 0.000875611265656, 0.000561669177841, 0.000277948012808], "var": [0.0196966528893, 0.00425083376467, 0.00302197504789, 0.0034414480906, 0.000739622861147, 0.000468674668809], "median": [-0.479381561279, -0.774530053139, -0.795505404472, -0.854496181011, -0.955073177814, -0.871382832527], "max": [-0.240920335054, -0.542899847031, -0.624418616295, -0.665818870068, -0.826870799065, -0.815315246582], "dmean": [0.0581427291036, 0.0444999188185, 0.0355566479266, 0.0377371646464, 0.0229413267225, 0.0191361680627], "dmean2": [0.0986614376307, 0.0754301249981, 0.0578160956502, 0.0616745911539, 0.0395412035286, 0.0321464426816], "mean": [-0.503777980804, -0.773202598095, -0.79558724165, -0.859193325043, -0.944504916668, -0.87629288435], "dvar2": [0.00622719665989, 0.00339934974909, 0.0021188587416, 0.00232516112737, 0.00148657674436, 0.000744137039874], "min": [-0.961732804775, -0.975144207478, -0.96339815855, -0.985748410225, -0.982330143452, -0.971225261688]}, "hfc": {"dvar": 53875.3789062, "var": 206176.4375, "median": 424.71887207, "max": 4164.76171875, "dmean": 202.081054688, "dmean2": 316.062927246, "mean": 516.957336426, "dvar2": 120657.101562, "min": 1.17038923071e-16}, "spectral_energyband_high": {"dvar": 1.63699087619e-09, "var": 1.64621150045e-09, "median": 1.57095219038e-05, "max": 0.000386361498386, "dmean": 2.76346308965e-05, "dmean2": 4.69673468615e-05, "mean": 3.01933923765e-05, "dvar2": 4.69016114835e-09, "min": 7.48222588014e-21}, "erbbands_spread": {"dvar": 28.2753124237, "var": 106.887901306, "median": 15.6304826736, "max": 111.156257629, "dmean": 4.6898651123, "dmean2": 7.58304834366, "mean": 16.9704933167, "dvar2": 69.4385986328, "min": 2.01420140266}, "dissonance": {"dvar": 0.00144301413093, "var": 0.00218997034244, "median": 0.428380280733, "max": 0.5, "dmean": 0.0440364591777, "dmean2": 0.0751669332385, "mean": 0.420137554407, "dvar2": 0.0041273497045, "min": 0.121043130755}, "spectral_kurtosis": {"dvar": 846.515075684, "var": 1128.97766113, "median": 33.6323661804, "max": 263.752838135, "dmean": 24.8580379486, "dmean2": 41.4579849243, "mean": 42.9695320129, "dvar2": 2348.11987305, "min": -1.2165825367}, "spectral_skewness": {"dvar": 2.23763489723, "var": 4.00939798355, "median": 4.84692668915, "max": 13.9752883911, "dmean": 1.57373142242, "dmean2": 2.58131790161, "mean": 5.14673376083, "dvar2": 6.29747486115, "min": 0.0377237088978}, "pitch_salience": {"dvar": 0.00475214328617, "var": 0.013759621419, "median": 0.448283791542, "max": 0.899286627769, "dmean": 0.0866470932961, "dmean2": 0.144103750587, "mean": 0.448466300964, "dvar2": 0.0138346925378, "min": 0.0740670934319}, "spectral_complexity": {"dvar": 1.80897295475, "var": 14.0885467529, "median": 10, "max": 17, "dmean": 1.51285815239, "dmean2": 2.58654904366, "mean": 8.68931293488, "dvar2": 4.93791484833, "min": 0}, "spectral_spread": {"dvar": 1082273693700.0, "var": 2881761050620.0, "median": 3494431.75, "max": 41192760, "dmean": 1069677.875, "dmean2": 1740756.375, "mean": 3754848.5, "dvar2": 2499982655490.0, "min": 972339.875}, "dynamic_complexity": 4.62200927734, "melbands_crest": {"dvar": 9.05176734924, "var": 19.648809433, "median": 17.7465782166, "max": 37.6486549377, "dmean": 3.6045191288, "dmean2": 6.10786056519, "mean": 17.720331192, "dvar2": 24.3482208252, "min": 2.19585609436}, "zerocrossingrate": {"dvar": 0.0024931342341, "var": 0.0246578324586, "median": 0.46923828125, "max": 0.92626953125, "dmean": 0.0641915872693, "dmean2": 0.0768751353025, "mean": 0.480061531067, "dvar2": 0.00338478363119, "min": 0.041015625}, "spectral_energyband_low": {"dvar": 3.96904761146e-06, "var": 1.3201278307e-05, "median": 0.000780803849921, "max": 0.034021679312, "dmean": 0.00111560418736, "dmean2": 0.00189044116996, "mean": 0.00212678709067, "dvar2": 1.06075249278e-05, "min": 1.29824909143e-22}, "melbands_kurtosis": {"dvar": 165.840621948, "var": 310.800018311, "median": 11.8677749634, "max": 309.030853271, "dmean": 9.58188247681, "dmean2": 16.1542835236, "mean": 16.4188423157, "dvar2": 458.229736328, "min": -1.78584575653}, "spectral_energyband_middle_high": {"dvar": 1.1415058907e-06, "var": 5.35506296728e-06, "median": 0.00115192937665, "max": 0.0162264984101, "dmean": 0.000712109555025, "dmean2": 0.00108050508425, "mean": 0.00198201253079, "dvar2": 2.48433525485e-06, "min": 1.76988378312e-21}, "barkbands_spread": {"dvar": 20.9901676178, "var": 98.693069458, "median": 4.31657266617, "max": 101.06300354, "dmean": 2.84754896164, "dmean2": 4.62502622604, "mean": 6.71477651596, "dvar2": 46.9725646973, "min": 0.344760835171}, "mfcc": {"mean": [-796.522583008, 195.570281982, 42.7266998291, -3.10082292557, -6.51096630096, 6.17137813568, 6.02083444595, -2.26239967346, -11.0209646225, -15.8138771057, -17.3419570923, -13.5074062347, -6.03112602234], "cov": [[9191.97265625, 2128.4465332, -734.750610352, -748.213989258, -562.216552734, -125.587539673, -180.697540283, -382.773529053, -552.030578613, -506.158233643, -409.859008789, -240.830245972, -51.5424880981], [2128.4465332, 2262.20532227, 105.362579346, -601.113586426, -276.622344971, 31.9596290588, 6.92598581314, -136.365356445, -183.841125488, -195.510925293, -207.268417358, -164.707000732, -34.2137145996], [-734.750610352, 105.362579346, 504.299194336, 281.674682617, 118.281135559, 9.78681468964, 70.6133575439, 130.671417236, 148.834640503, 99.4345703125, 59.8854484558, 22.873588562, -14.3756399155], [-748.213989258, -601.113586426, 281.674682617, 568.648254395, 233.004562378, 0.679820716381, 41.3176841736, 166.36932373, 184.926895142, 151.713531494, 124.398880005, 86.3920516968, -3.25103974342], [-562.216552734, -276.622344971, 118.281135559, 233.004562378, 158.719741821, 44.9746551514, 28.8924274445, 66.8766784668, 90.8750610352, 86.8907546997, 72.6331939697, 43.0723342896, 1.1634696722], [-125.587539673, 31.9596290588, 9.78681468964, 0.679820716381, 44.9746551514, 57.4070243835, 35.7807235718, 12.1590223312, 9.48664474487, 12.9672660828, 10.3703680038, 3.205940485, 2.17807483673], [-180.697540283, 6.92598581314, 70.6133575439, 41.3176841736, 28.8924274445, 35.7807235718, 60.1473464966, 59.3820037842, 39.0014839172, 15.7440919876, 8.23481655121, 7.38041114807, 3.92340254784], [-382.773529053, -136.365356445, 130.671417236, 166.36932373, 66.8766784668, 12.1590223312, 59.3820037842, 113.917259216, 105.780540466, 62.9580039978, 37.5263442993, 26.5482845306, 4.31151390076], [-552.030578613, -183.841125488, 148.834640503, 184.926895142, 90.8750610352, 9.48664474487, 39.0014839172, 105.780540466, 131.914428711, 103.50957489, 64.8943252563, 31.3720531464, -0.101530052722], [-506.158233643, -195.510925293, 99.4345703125, 151.713531494, 86.8907546997, 12.9672660828, 15.7440919876, 62.9580039978, 103.50957489, 106.659889221, 79.0012207031, 35.6706047058, -2.18123245239], [-409.859008789, -207.268417358, 59.8854484558, 124.398880005, 72.6331939697, 10.3703680038, 8.23481655121, 37.5263442993, 64.8943252563, 79.0012207031, 75.4789199829, 46.8845558167, 7.21306800842], [-240.830245972, -164.707000732, 22.873588562, 86.3920516968, 43.0723342896, 3.205940485, 7.38041114807, 26.5482845306, 31.3720531464, 35.6706047058, 46.8845558167, 47.7938194275, 23.8841743469], [-51.5424880981, -34.2137145996, -14.3756399155, -3.25103974342, 1.1634696722, 2.17807483673, 3.92340254784, 4.31151390076, -0.101530052722, -2.18123245239, 7.21306800842, 23.8841743469, 30.5023422241]], "icov": [[0.00024473288795, -0.000351793976733, 0.000770530139562, -0.00134041171987, 0.00142508512363, -0.000530996941961, -0.000601115403697, 0.00262444210239, -0.00425071129575, 0.00589464139193, -0.00514970719814, 0.00349450134672, -0.00118198734708], [-0.000351793976733, 0.00194308906794, -0.00418228283525, 0.00526354741305, -0.00175125419628, -0.00525114964694, 0.0137109570205, -0.023406477645, 0.0295043364167, -0.0295276194811, 0.0228198375553, -0.0112804621458, 0.0035849083215], [0.000770530139562, -0.00418228283525, 0.0165172945708, -0.0219480413944, 0.0164859686047, 0.00780714536086, -0.0540072955191, 0.108484335244, -0.150001466274, 0.150425106287, -0.113240636885, 0.0599052906036, -0.017388895154], [-0.00134041171987, 0.00526354741305, -0.0219480413944, 0.059442833066, -0.0848352089524, 0.0673472732306, 0.0304445046932, -0.194853588939, 0.345461279154, -0.414071381092, 0.354665666819, -0.214277714491, 0.0771390646696], [0.00142508512363, -0.00175125419628, 0.0164859686047, -0.0848352089524, 0.188534200191, -0.222548305988, 0.100262500346, 0.190384909511, -0.521193027496, 0.704440534115, -0.635109484196, 0.371893405914, -0.124310538173], [-0.000530996941961, -0.00525114964694, 0.00780714536086, 0.0673472732306, -0.222548305988, 0.386555552483, -0.349421709776, 0.0401997566223, 0.421943724155, -0.763317763805, 0.758743226528, -0.472194999456, 0.161355480552], [-0.000601115403697, 0.0137109570205, -0.0540072955191, 0.0304445046932, 0.100262500346, -0.349421709776, 0.597743690014, -0.592271447182, 0.287620425224, 0.136260539293, -0.376039743423, 0.33409422636, -0.141865447164], [0.00262444210239, -0.023406477645, 0.108484335244, -0.194853588939, 0.190384909511, 0.0401997566223, -0.592271447182, 1.25739109516, -1.58856189251, 1.38567483425, -0.825165450573, 0.290400087833, -0.0416001342237], [-0.00425071129575, 0.0295043364167, -0.150001466274, 0.345461279154, -0.521193027496, 0.421943724155, 0.287620425224, -1.58856189251, 2.83806204796, -3.24359512329, 2.56468105316, -1.34933114052, 0.396909862757], [0.00589464139193, -0.0295276194811, 0.150425106287, -0.414071381092, 0.704440534115, -0.763317763805, 0.136260539293, 1.38567483425, -3.24359512329, 4.37918043137, -3.94843697548, 2.36145973206, -0.79517185688], [-0.00514970719814, 0.0228198375553, -0.113240636885, 0.354665666819, -0.635109484196, 0.758743226528, -0.376039743423, -0.825165450573, 2.56468105316, -3.94843697548, 3.9632871151, -2.60183548927, 0.962647795677], [0.00349450134672, -0.0112804621458, 0.0599052906036, -0.214277714491, 0.371893405914, -0.472194999456, 0.33409422636, 0.290400087833, -1.34933114052, 2.36145973206, -2.60183548927, 1.90703570843, -0.779454946518], [-0.00118198734708, 0.0035849083215, -0.017388895154, 0.0771390646696, -0.124310538173, 0.161355480552, -0.141865447164, -0.0416001342237, 0.396909862757, -0.79517185688, 0.962647795677, -0.779454946518, 0.37933203578]]}, "silence_rate_60dB": {"dvar": 0.00219942186959, "var": 0.077330082655, "median": 0, "max": 1, "dmean": 0.00220426148735, "dmean2": 0.00441014347598, "mean": 0.0844656601548, "dvar2": 0.00512574706227, "min": 0}, "melbands_flatness_db": {"dvar": 0.00233702315018, "var": 0.00534008583054, "median": 0.39046189189, "max": 0.615766704082, "dmean": 0.0599579550326, "dmean2": 0.0986840799451, "mean": 0.387191295624, "dvar2": 0.00675230426714, "min": 0.00840595923364}, "spectral_rms": {"dvar": 9.65242520579e-07, "var": 6.75731143929e-06, "median": 0.00669828429818, "max": 0.0139495050535, "dmean": 0.00104025262408, "dmean2": 0.00170792848803, "mean": 0.00640271790326, "dvar2": 2.78756124317e-06, "min": 3.22775118265e-12}, "melbands_spread": {"dvar": 19.5007610321, "var": 58.1420326233, "median": 3.72464251518, "max": 185.886489868, "dmean": 2.21900606155, "dmean2": 3.7206966877, "mean": 5.41272068024, "dvar2": 41.922580719, "min": 0.52493083477}, "average_loudness": 0.951096832752, "erbbands_kurtosis": {"dvar": 40.4993438721, "var": 82.1233978271, "median": 1.50613021851, "max": 97.6284103394, "dmean": 3.61204814911, "dmean2": 5.88124656677, "mean": 4.72480344772, "dvar2": 110.241516113, "min": -1.79898822308}, "spectral_energy": {"dvar": 0.000289490941213, "var": 0.000964147388004, "median": 0.0459886863828, "max": 0.199453413486, "dmean": 0.0157738458365, "dmean2": 0.0261333547533, "mean": 0.0489458627999, "dvar2": 0.000839561689645, "min": 1.06788370846e-20}, "spectral_entropy": {"dvar": 0.168720334768, "var": 0.400687932968, "median": 6.1415271759, "max": 9.80591678619, "dmean": 0.497643142939, "dmean2": 0.820852279663, "mean": 6.22199201584, "dvar2": 0.467980891466, "min": 4.68049383163}, "erbbands": {"dvar": [0.00373769481666, 0.09152662009, 1.01772177219, 1.59838664532, 173.605438232, 6535.24169922, 733.00994873, 49.5983009338, 93.7484130859, 235.103424072, 6.97180318832, 11.360704422, 57.7583961487, 1070.26257324, 1170.10327148, 63.1105690002, 8.81099033356, 27.8444843292, 1.98459708691, 0.266780883074, 0.145388349891, 0.108022011817, 0.0827108696103, 0.0630706325173, 0.0476699694991, 0.0357727333903, 0.0262346509844, 0.