{"tonal": {"chords_key": "D#", "hpcp_entropy": {"dmean": 0.609618961811, "dmean2": 1.02498590946, "max": 4.57530212402, "dvar": 0.271378397942, "mean": 2.14570760727, "dvar2": 0.717054963112, "min": 0, "var": 0.586987197399, "median": 2.13306713104}, "key_key": "F#", "chords_strength": {"dmean": 0.00836904160678, "dmean2": 0.00849673058838, "max": 0.723830282688, "dvar": 0.00045520090498, "mean": 0.492405027151, "dvar2": 0.000830392120406, "min": -1, "var": 0.0097576957196, "median": 0.494125306606}, "key_scale": "major", "chords_number_rate": 0.00214684405364, "thpcp": [1, 0.505264043808, 0.190688192844, 0.16648979485, 0.190476462245, 0.436058998108, 0.614235877991, 0.422441095114, 0.241841480136, 0.210973545909, 0.223432585597, 0.480027735233, 0.703672528267, 0.503239870071, 0.38209682703, 0.440505623817, 0.339770942926, 0.243949279189, 0.21399526298, 0.207161545753, 0.45254099369, 0.683866083622, 0.458832979202, 0.220941543579, 0.221583202481, 0.330199450254, 0.72055888176, 0.888951003551, 0.511097073555, 0.231150150299, 0.181443691254, 0.226285621524, 0.458945006132, 0.527138054371, 0.403321802616, 0.783888399601], "key_strength": 0.747407436371, "tuning_nontempered_energy_ratio": 0.676911592484, "tuning_frequency": 441.017791748, "chords_changes_rate": 0.0536711029708, "tuning_diatonic_strength": 0.624306082726, "chords_scale": "minor", "chords_histogram": [25.6762561798, 3.56376123428, 11.0777158737, 0.0214684419334, 3.86431956291, 0, 1.33104336262, 0.0214684419334, 3.82138252258, 0.171747535467, 2.08243870735, 0.880206108093, 0.0644053220749, 0.279089748859, 0, 0.837269186974, 0.0214684419334, 0.880206108093, 0.107342205942, 0.150279089808, 0.515242576599, 6.84843301773, 9.83254623413, 27.9519100189], "tuning_equal_tempered_deviation": 0.023790795356, "hpcp": {"dmean": [0.0967442244291, 0.0982805415988, 0.130926072598, 0.144743591547, 0.138624563813, 0.112596087158, 0.109057299793, 0.115173391998, 0.100188821554, 0.0844563096762, 0.0775917842984, 0.113284565508, 0.128797531128, 0.122347444296, 0.091132029891, 0.0929412618279, 0.14235752821, 0.189960941672, 0.171707391739, 0.149826020002, 0.118562340736, 0.0979770496488, 0.101378127933, 0.153519108891, 0.146326035261, 0.125472068787, 0.152272999287, 0.152254983783, 0.123374789953, 0.0788799971342, 0.071896225214, 0.0775932893157, 0.113559268415, 0.125384151936, 0.123433403671, 0.10653565824], "dmean2": [0.179775819182, 0.180781319737, 0.226438850164, 0.244949713349, 0.240851432085, 0.201153680682, 0.1953433007, 0.207563534379, 0.182855650783, 0.152833983302, 0.139950826764, 0.194063410163, 0.217181220651, 0.212228119373, 0.166455730796, 0.168718218803, 0.259283810854, 0.33683526516, 0.299442470074, 0.263791501522, 0.2240960747, 0.187277704477, 0.18766567111, 0.273544877768, 0.257331311703, 0.220919027925, 0.261965841055, 0.26140910387, 0.211527973413, 0.143791675568, 0.132436752319, 0.140760600567, 0.196884483099, 0.21362529695, 0.216121092439, 0.196208372712], "max": [1, 1, 1, 1, 1, 1, 1, 1, 1, 1, 1, 1, 1, 1, 1, 1, 1, 1, 1, 1, 1, 1, 1, 1, 1, 1, 1, 1, 1, 1, 1, 1, 1, 1, 1, 1], "dvar": [0.041009247303, 0.0353241227567, 0.0370859690011, 0.0387418977916, 0.0388202704489, 0.0375978313386, 0.0413976237178, 0.0423988327384, 0.0344375744462, 0.0284514650702, 0.0230240728706, 0.0295944269747, 0.0346315354109, 0.0340970642865, 0.032884798944, 0.0318108089268, 0.0515952073038, 0.0640471726656, 0.0586601570249, 0.0471658930182, 0.0524366050959, 0.0467105396092, 0.0357874147594, 0.0542585067451, 0.0452036112547, 0.0382057465613, 0.0373179726303, 0.0458391569555, 0.0299193989486, 0.0260053109378, 0.0289302580059, 0.0252744704485, 0.0344342626631, 0.0392694473267, 0.0369658991694, 0.0427911877632], "mean": [0.0734250918031, 0.0777612105012, 0.167063981295, 0.244899049401, 0.175142496824, 0.132981106639, 0.153309106827, 0.11825042963, 0.0849016308784, 0.0744767412543, 0.0720984041691, 0.157497778535, 0.238005816936, 0.159687578678, 0.0768942534924, 0.0771175697446, 0.114919267595, 0.25077599287, 0.309381484985, 0.177877038717, 0.080447152257, 0.0631478205323, 0.0787541493773, 0.159726560116, 0.183459788561, 0.140368029475, 0.272816568613, 0.348029851913, 0.175846979022, 0.0663651823997, 0.057943418622, 0.0662914961576, 0.151761546731, 0.213772431016, 0.147022113204, 0.0841680541635], "dvar2": [0.118355900049, 0.102294504642, 0.102572880685, 0.096348516643, 0.105224408209, 0.10652410239, 0.112425722182, 0.120406068861, 0.0991962254047, 0.0819557234645, 0.0651784390211, 0.0810023620725, 0.0876094922423, 0.096283853054, 0.0934814661741, 0.08990059793, 0.148167267442, 0.182016760111, 0.148738697171, 0.13062620163, 0.148118421435, 0.133640691638, 0.101545140147, 0.148503929377, 0.119559340179, 0.10468890518, 0.102854095399, 0.115250326693, 0.0802244767547, 0.0738362595439, 0.0835673362017, 0.0712443441153, 0.093378007412, 0.0983410924673, 0.0996746867895, 0.1215377599], "min": [0, 0, 0, 0, 0, 0, 0, 0, 0, 0, 0, 0, 0, 0, 0, 0, 0, 0, 0, 0, 0, 0, 0, 0, 0, 0, 0, 0, 0, 0, 0, 0, 0, 0, 0, 0], "var": [0.0289079565555, 0.0260726269335, 0.0469393730164, 0.0814147219062, 0.0495315045118, 0.0538329221308, 0.0765818357468, 0.0457175001502, 0.027243996039, 0.0221905540675, 0.0188633613288, 0.0425525121391, 0.0826681926847, 0.0437169261277, 0.0245013386011, 0.0244248360395, 0.0423713177443, 0.0959743335843, 0.130184069276, 0.0574707314372, 0.0346213877201, 0.0285635776818, 0.026010690257, 0.0585239827633, 0.0686528235674, 0.0391482338309, 0.0888106450438, 0.136027440429, 0.043137114495, 0.0196855887771, 0.0205004643649, 0.0200946889818, 0.0529422201216, 0.0923133119941, 0.0464206375182, 0.0313000939786], "median": [0.0156280398369, 0.0193352159113, 0.0754410251975, 0.119373716414, 0.0826728790998, 0.0288345254958, 0.0211885645986, 0.0230888277292, 0.0235292389989, 0.0219061784446, 0.0245258808136, 0.0692280232906, 0.109515488148, 0.0701257064939, 0.0245371516794, 0.0211530327797, 0.0283619463444, 0.0859591513872, 0.1110008955, 0.0619980171323, 0.0144330058247, 0.00965124275535, 0.0167315267026, 0.0465586036444, 0.0600856542587, 0.0597513839602, 0.134288772941, 0.163988947868, 0.0850890129805, 0.0206586532295, 0.0149118471891, 0.0174208953977, 0.0434134081006, 0.0615997761488, 0.0447527766228, 0.0209175571799]}}, "lowlevel": {"melbands_flatness_db": {"dmean": 0.0240975134075, "dmean2": 0.0394239574671, "max": 0.614474356174, "dvar": 0.000621309620328, "mean": 0.180088803172, "dvar2": 0.00166221440304, "min": 0.00456508016214, "var": 0.0065073557198, "median": 0.165057957172}, "melbands_crest": {"dmean": 3.37568354607, "dmean2": 5.74967050552, "max": 34.1874237061, "dvar": 10.6777086258, "mean": 13.6231822968, "dvar2": 31.9932384491, "min": 1.91566944122, "var": 22.9720058441, "median": 12.9283628464}, "spectral_entropy": {"dmean": 0.106041811407, "dmean2": 0.156743571162, "max": 9.80702114105, "dvar": 0.0124416165054, "mean": 7.82954931259, "dvar2": 0.0230042207986, "min": 4.57919454575, "var": 0.282665520906, "median": 7.89656257629}, "melbands": {"dmean": [0.00132017990109, 0.0018068717327, 0.00138548132963, 0.000470947183203, 0.000202530442039, 0.000229197234148, 0.000195306507521, 0.000118425050459, 0.000102812358818, 0.000118086456496, 8.56548213051e-05, 6.24975946266e-05, 3.55931551894e-05, 3.56657110387e-05, 2.68779003818e-05, 3.75331183022e-05, 2.51014607784e-05, 2.29279285122e-05, 3.44321924786e-05, 1.72012641997e-05, 2.22827675316e-05, 1.42817425512e-05, 1.40977181218e-05, 1.491855528e-05, 1.0694521734e-05, 1.18034440675e-05, 1.04761957118e-05, 8.11230438558e-06, 7.1758690865e-06, 5.06099422637e-06, 3.96006498704e-06, 3.71083433492e-06, 3.44092222804e-06, 3.26265899275e-06, 2.3782097287e-06, 1.87832415577e-06, 1.8088098841e-06, 1.94065114556e-06, 1.63006097864e-06, 1.30579860524e-06], "dmean2": [0.00225519970991, 0.00320404418744, 0.00243066297844, 0.000805904972367, 0.000325821281876, 0.000387188134482, 0.000311695679557, 0.000182422518265, 0.00015198966139, 0.00017439891235, 0.000129464751808, 9.47067674133e-05, 5.58013744012e-05, 5.61158158234e-05, 4.28293060395e-05, 5.94150769757e-05, 3.91894100176e-05, 3.68914079445e-05, 5.60857042728e-05, 2.83316203422e-05, 3.72796603187e-05, 2.36718315136e-05, 2.32692163991e-05, 2.45747742156e-05, 1.75047334778e-05, 1.96963555936e-05, 1.74627184606e-05, 1.3252417375e-05, 1.19268743219e-05, 8.47831324791e-06, 6.49944877296e-06, 5.94765015194e-06, 5.45133798369e-06, 5.12230690219e-06, 3.76635853172e-06, 2.87406510324e-06, 2.76377318187e-06, 2.97393580695e-06, 2.47845719059e-06, 2.01443981496e-06], "max": [0.024166746065, 0.0342377088964, 0.0199020281434, 0.00897158216685, 0.00468690786511, 0.00579784670845, 0.00617367262021, 0.00492370361462, 0.00507015781477, 0.0057979458943, 0.00454647699371, 0.00345975277014, 0.00341594568454, 0.00287633622065, 0.00189205433708, 0.00246345205233, 0.00257614743896, 0.00190348387696, 0.00186279159971, 0.00155078305397, 0.00173074752092, 0.000618299527559, 0.000486842094688, 0.000560329237487, 0.000495328742545, 0.000704999139998, 0.000487098761369, 0.000392174813896, 0.000387077365303, 0.000163852440892, 0.000201091417694, 0.000163337521371, 0.000306266883854, 0.000236275358475, 0.000166178797372, 0.00014120497508, 0.000134872854687, 0.000161125659361, 0.000287909671897, 0.000153439294081], "dvar": [4.07550305681e-06, 1.2486210835e-05, 5.20487992617e-06, 4.70371645633e-07, 8.37104536799e-08, 1.39625001339e-07, 1.15944757795e-07, 4.55699229462e-08, 4.61792311057e-08, 6.71382380801e-08, 4.08487146331e-08, 2.19756550734e-08, 1.15391882716e-08, 8.5465980959e-09, 3.07101144514e-09, 8.77136496769e-09, 4.56098314672e-09, 3.7724423585e-09, 6.20628526349e-09, 1.13737419483e-09, 1.52982204682e-09, 5.74402081455e-10, 5.61821755785e-10, 5.59841895065e-10, 3.70903252556e-10, 4.53844656301e-10, 3.876759469e-10, 1.97076854835e-10, 1.61713975544e-10, 8.53794951405e-11, 5.44898570709e-11, 4.91203570874e-11, 7.92245782866e-11, 7.5206452177e-11, 2.99969320217e-11, 1.7968015964e-11, 2.46961843337e-11, 3.37238258152e-11, 3.54775930855e-11, 1.67646087984e-11], "mean": [0.00200992682949, 0.00277377385646, 0.00185463868547, 0.00080239091767, 0.000434605113696, 0.000407062354498, 0.000410080741858, 0.000285235233605, 0.000241749658016, 0.000307580514345, 0.000193299580133, 0.000122701589135, 7.01730750734e-05, 6.59357392578e-05, 4.85114687763e-05, 6.97798095644e-05, 5.41588960914e-05, 4.20009491791e-05, 5.97646430833e-05, 3.13387245114e-05, 3.98655938625e-05, 2.77276412817e-05, 2.79011455859e-05, 2.84780162474e-05, 2.10470334423e-05, 2.25735420827e-05, 1.94224612642e-05, 1.72407762875e-05, 1.5020958017e-05, 9.4828183137e-06, 7.69187499827e-06, 7.73807187215e-06, 6.21537037659e-06, 5.95185747443e-06, 4.82433461002e-06, 3.83818860428e-06, 3.80954020329e-06, 4.01787156079e-06, 3.26397253048e-06, 2.43415047407e-06], "dvar2": [1.19245842143e-05, 3.63084727724e-05, 1.46581296576e-05, 1.29693921735e-06, 2.19665054146e-07, 3.89135408341e-07, 2.78847636537e-07, 1.01603554015e-07, 9.23269851683e-08, 1.44938837821e-07, 9.20711613617e-08, 4.97926500032e-08, 2.75550107176e-08, 1.96395149032e-08, 6.42549702334e-09, 2.15465849607e-08, 1.0507005932e-08, 9.43660349861e-09, 1.54510892969e-08, 2.78792233743e-09, 3.8870107133e-09, 1.46625767083e-09, 1.44855272222e-09, 1.38804079342e-09, 8.84731954365e-10, 1.1328007421e-09, 9.94455517933e-10, 4.86512330422e-10, 4.12078399181e-10, 2.22997856292e-10, 1.36938210771e-10, 1.09801986947e-10, 1.71184677544e-10, 1.69221109347e-10, 6.82339393321e-11, 3.88755104497e-11, 5.28410128153e-11, 7.36865013451e-11, 8.43540584605e-11, 3.72143219018e-11], "min": [7.12534747222e-24, 2.00058990982e-24, 5.44446671564e-24, 3.66569581489e-24, 8.98393374164e-24, 7.03878103193e-24, 6.73062514108e-24, 5.49668970199e-24, 5.73023157855e-24, 5.80073444424e-24, 9.39714776126e-24, 1.18802965086e-23, 5.93500724777e-24, 7.94891115753e-24, 6.4944847567e-24, 7.82115592279e-24, 4.47501779984e-24, 5.26795001619e-24, 1.00794848341e-23, 1.00116175528e-23, 1.43717046296e-23, 1.17065522608e-23, 7.10289254656e-24, 8.13921359572e-24, 9.4093648501e-24, 7.54179661042e-24, 7.1160176143e-24, 9.30581107908e-24, 1.19651061556e-23, 8.90606370396e-24, 8.00632129877e-24, 8.47371034106e-24, 9.88110840459e-24, 8.79639941636e-24, 1.05228057302e-23, 7.11572731349e-24, 6.31207211085e-24, 7.21560183725e-24, 9.34436981126e-24, 8.19276068511e-24], "var": [5.01507247463e-06, 1.01512596302e-05, 4.7392209126e-06, 6.82193331158e-07, 2.04160755857e-07, 2.19514106448e-07, 3.29429866497e-07, 2.04069010579e-07, 2.12129592114e-07, 3.44403872532e-07, 1.55164229909e-07, 6.93038799682e-08, 2.46072158205e-08, 2.22997407207e-08, 1.00238022327e-08, 2.202574656e-08, 1.60161732765e-08, 8.06766831118e-09, 1.73119278912e-08, 3.0313542787e-09, 3.33305405498e-09, 1.54608137404e-09, 1.21511622986e-09, 1.15045029059e-09, 7.1367695087e-10, 9.17793230304e-10, 7.63213103827e-10, 4.85305906572e-10, 4.02722216686e-10, 1.53393714397e-10, 1.05186345745e-10, 1.1706496883e-10, 1.45956455255e-10, 1.23630133908e-10, 5.3846815895e-11, 3.38102150443e-11, 4.57590701441e-11, 6.90397045089e-11, 5.00561779526e-11, 3.00796228203e-11], "median": [0.00132146547548, 0.00193752348423, 0.00118960870896, 0.000550201977603, 0.000296556623653, 0.000256925501162, 0.000212042272324, 0.000120332930237, 7.72226485424e-05, 8.44163587317e-05, 6.43331222818e-05, 4.58006834378e-05, 3.04375425912e-05, 2.69582542387e-05, 2.23176211875e-05, 2.35241532209e-05, 1.90464597836e-05, 1.68637125171e-05, 2.18735913222e-05, 1.97729368665e-05, 2.53887556028e-05, 1.60235758813e-05, 1.72874097188e-05, 1.86007091543e-05, 1.41153605e-05, 1.32008626679e-05, 1.03759321064e-05, 1.03143538581e-05, 8.53287383507e-06, 5.25052564626e-06, 4.19886873715e-06, 4.12524423155e-06, 2.68668327408e-06, 2.68796202363e-06, 2.63110655396e-06, 2.20278298002e-06, 2.18911054617e-06, 2.11779570236e-06, 1.7958625449e-06, 1.18920729619e-06]}, "silence_rate_60dB": {"dmean": 0.00214753579348, "dmean2": 0.00429553259164, "max": 1, "dvar": 0.00214305077679, "mean": 0.0552931055427, "dvar2": 0.00556635390967, "min": 0, "var": 0.0522301085293, "median": 0}, "spectral_energyband_middle_high": {"dmean": 0.00171727780253, "dmean2": 0.0026504136622, "max": 0.037205696106, "dvar": 5.74222349314e-06, "mean": 0.00622152583674, "dvar2": 1.32139248308e-05, "min": 1.50993581327e-21, "var": 3.11175135721e-05, "median": 0.00467317551374}, "erbbands_skewness": {"dmean": 0.296358317137, "dmean2": 0.441666841507, "max": 6.83596086502, "dvar": 0.0876072272658, "mean": 0.202077776194, "dvar2": 0.179584130645, "min": -3.26758575439, "var": 0.998049080372, "median": 0.119750291109}, "dynamic_complexity": 2.6585252285, "dissonance": {"dmean": 0.0122118676081, "dmean2": 0.0203649736941, "max": 0.500000119209, "dvar": 0.000163997436175, "mean": 0.472653359175, "dvar2": 0.000441616139142, "min": 0.231787651777, "var": 0.00062655902002, "median": 0.479938536882}, "spectral_skewness": {"dmean": 0.161536723375, "dmean2": 0.262877762318, "max": 7.9703207016, "dvar": 0.0638840943575, "mean": 1.43243730068, "dvar2": 0.20338024199, "min": -0.0380226969719, "var": 0.588026165962, "median": 1.32706618309}, "spectral_kurtosis": {"dmean": 1.08551287651, "dmean2": 1.87386167049, "max": 90.5081481934, "dvar": 10.0346279144, "mean": 4.24646234512, "dvar2": 34.8190803528, "min": -1.21400308609, "var": 73.7176742554, "median": 2.80512499809}, "gfcc": {"cov": [[20800.2578125, -1702.54748535, -1369.97302246, 377.667541504, -1181.56030273, 888.611694336, -491.65838623, 622.316711426, 73.2260818481, 318.196350098, 33.3621063232, 211.634368896, -112.204933167], [-1702.54748535, 1475.83728027, -217.900115967, -149.853302002, 264.042297363, -362.36730957, 140.485687256, -182.432952881, -10.4806814194, -118.870933533, -6.92186403275, -138.501220703, 44.5856781006], [-1369.97302246, -217.900115967, 722.893005371, -73.142539978, 33.5703468323, 22.884267807, -76.2094421387, 31.3848457336, -3.47673726082, 7.72554254532, -17.7263011932, 63.8838920593, -28.6724071503], [377.667541504, -149.853302002, -73.142539978, 363.353302002, 4.66364622116, -10.1614198685, 8.44379520416, -27.753156662, 17.7894515991, 10.764714241, 30.8873310089, 27.6459255219, 1.68541145325], [-1181.56030273, 264.042297363, 33.5703468323, 4.66364622116, 229.677703857, -78.1313247681, 60.4730834961, -65.5252532959, -15.0097646713, -26.1420249939, -3.89804816246, -11.0338354111, 19.3200206757], [888.611694336, -362.36730957, 22.884267807, -10.1614198685, -78.1313247681, 256.741973877, 6.21144676208, 86.6696243286, -5.03077125549, 40.036781311, 14.0210027695, 34.5492248535, -7.257417202], [-491.65838623, 140.485687256, -76.2094421387, 8.44379520416, 60.4730834961, 6.21144676208, 146.868606567, -8.5626707077, -6.05983686447, -12.4482774734, 12.7156257629, -11.4824972153, 10.1341638565], [622.316711426, -182.432952881, 31.3848457336, -27.753156662, -65.5252532959, 86.6696243286, -8.5626707077, 136.834152222, 37.530872345, 31.6289768219, 3.42340087891, 19.3797092438, -1.33961701393], [73.2260818481, -10.4806814194, -3.47673726082, 17.7894515991, -15.0097646713, -5.03077125549, -6.05983686447, 37.530872345, 78.9583053589, 32.1910362244, 7.75535535812, 1.35657346249, 6.57634592056], [318.196350098, -118.870933533, 7.72554254532, 10.764714241, -26.1420249939, 40.036781311, -12.4482774734, 31.6289768219, 32.1910362244, 73.3417663574, 23.6809272766, 19.2681522369, -0.605557799339], [33.3621063232, -6.92186403275, -17.7263011932, 30.8873310089, -3.89804816246, 14.0210027695, 12.7156257629, 3.42340087891, 7.75535535812, 23.6809272766, 65.5750732422, 30.5884037018, 6.53967618942], [211.634368896, -138.501220703, 63.8838920593, 27.6459255219, -11.0338354111, 34.5492248535, -11.4824972153, 19.3797092438, 1.35657346249, 19.2681522369, 30.5884037018, 81.6472320557, 17.4995288849], [-112.204933167, 44.5856781006, -28.6724071503, 1.68541145325, 19.3200206757, -7.257417202, 10.1341638565, -1.33961701393, 6.57634592056, -0.605557799339, 6.53967618942, 17.4995288849, 51.7134628296]], "mean": [34.4039840698, 69.4253082275, -93.7148284912, 38.3418426514, -50.9456863403, 11.2564764023, -35.004776001, 12.317363739, -22.3105316162, 2.80336475372, -17.2926235199, -1.34135782719, -12.313372612], "icov": [[0.000134881061967, -0.000173628810444, 0.000341568927979, -0.00019717476971, 0.000388812448364, -0.000362100458005, 0.000489498313982, -0.000419100600993, 0.000276252103504, -0.000374725961592, 0.000495502084959, -0.000670982932206, 0.000460180919617], [-0.000173628810444, 0.00216876366176, -0.000200100417715, 0.00122973369434, -0.001452428638, 0.00223925360478, -0.00154984078836, 0.00121845095418, -0.00118148815818, 0.00209193909541, -0.00251320446841, 0.00306044123136, -0.00174850213807], [0.000341568927979, -0.000200100417715, 0.00277092726901, 5.34879254701e-05, -1.18792031572e-05, -0.000747424550354, 0.00203366857022, -0.00130733684637, 0.000365485902876, -0.00059177109506, 0.00198366236873, -0.00372507562861, 0.00287165562622], [-0.00019717476971, 0.00122973369434, 5.34879254701e-05, 0.00394055619836, -0.00110350397881, 0.00131984788459, -0.001212226809, 0.00209803599864, -0.00218041613698, 0.00163958617486, -0.00234128814191, 0.000424618570833, -0.000248557596933], [0.000388812448364, -0.001452428638, -1.18792031572e-05, -0.00110350397881, 0.00812072958797, -0.000663714541588, -0.00102709315252, 0.000656134739984, 0.00140449882019, -0.00191331561655, 0.00268749869429, -0.00248566153459, -0.000483257725136], [-0.000362100458005, 0.00223925360478, -0.000747424550354, 0.00131984788459, -0.000663714541588, 0.00874039530754, -0.00343488319777, -0.00169713236392, 0.00179137673695, -0.000376283191144, -0.00258136750199, 0.00241713644937, -0.00179367675446], [0.000489498313982, -0.00154984078836, 0.00203366857022, -0.001212226809, -0.00102709315252, -0.00343488319777, 0.0112545527518, -0.00267659826204, 0.00140521442518, -0.000196470820811, -5.53115023649e-05, -0.00185485265683, 0.00164585188031], [-0.000419100600993, 0.00121845095418, -0.00130733684637, 0.00209803599864, 0.000656134739984, -0.00169713236392, -0.00267659826204, 0.0143688218668, -0.00735733611509, 0.00133882334922, -0.000701518845744, 0.000898383324966, -0.00160362792667], [0.000276252103504, -0.00118148815818, 0.000365485902876, -0.00218041613698, 0.00140449882019, 0.00179137673695, 0.00140521442518, -0.00735733611509, 0.0207326952368, -0.00975256692618, 0.00150903558824, 0.000952019414399, -0.00211128615774], [-0.000374725961592, 0.00209193909541, -0.00059177109506, 0.00163958617486, -0.00191331561655, -0.000376283191144, -0.000196470820811, 0.00133882334922, -0.00975256692618, 0.0240687746555, -0.00897722318769, 0.0018801180413, -0.000241914414801], [0.000495502084959, -0.00251320446841, 0.00198366236873, -0.00234128814191, 0.00268749869429, -0.00258136750199, -5.53115023649e-05, -0.000701518845744, 0.00150903558824, -0.00897722318769, 0.0259405318648, -0.0131576610729, 0.00391943054274], [-0.000670982932206, 0.00306044123136, -0.00372507562861, 0.000424618570833, -0.00248566153459, 0.00241713644937, -0.00185485265683, 0.000898383324966, 0.000952019414399, 0.0018801180413, -0.0131576610729, 0.027191856876, -0.0121557516977], [0.000460180919617, -0.00174850213807, 0.00287165562622, -0.000248557596933, -0.000483257725136, -0.00179367675446, 0.00164585188031, -0.00160362792667, -0.00211128615774, -0.000241914414801, 0.00391943054274, -0.0121557516977, 0.026891771704]]}, "spectral_complexity": {"dmean": 4.39879751205, "dmean2": 6.86232805252, "max": 59, "dvar": 22.8575973511, "mean": 26.6036071777, "dvar2": 47.9270362854, "min": 0, "var": 154.996902466, "median": 27}, "spectral_flux": {"dmean": 0.0254223886877, "dmean2": 0.0399158746004, "max": 0.367692410946, "dvar": 0.000947216409259, "mean": 0.0954834893346, "dvar2": 0.0018539984012, "min": 1.04294385628e-10, "var": 0.00235547218472, "median": 0.0889701321721}, "spectral_energyband_low": {"dmean": 0.00858611427248, "dmean2": 0.0150573458523, "max": 0.140023842454, "dvar": 0.000203252071515, "mean": 0.0151234949008, "dvar2": 0.000596581492573, "min": 2.93749839217e-23, "var": 0.000199624730158, "median": 0.011899234727}, "spectral_decrease": {"dmean": 2.8296629484e-09, "dmean2": 4.86780793452e-09, "max": 8.2308568078e-20, "dvar": 1.62530948394e-17, "mean": -8.81959305588e-09, "dvar2": 4.67634151598e-17, "min": -4.03741609034e-08, "var": 2.15140710687e-17, "median": -8.56198312249e-09}, "barkbands_spread": {"dmean": 6.74745559692, "dmean2": 10.5183992386, "max": 123.776748657, "dvar": 70.1313476562, "mean": 31.0270633698, "dvar2": 150.003204346, "min": 0.497621923685, "var": 321.095123291, "median": 27.9157962799}, "spectral_rms": {"dmean": 0.00082834350178, "dmean2": 0.00139621365815, "max": 0.0123299537227, "dvar": 1.0276608009e-06, "mean": 0.00568095175549, "dvar2": 2.93356674774e-06, "min": 3.25760924312e-12, "var": 3.09967867906e-06, "median": 0.00588310742751}, "spectral_centroid": {"dmean": 255.540100098, "dmean2": 402.407104492, "max": 11092.0595703, "dvar": 95829.390625, "mean": 1582.53930664, "dvar2": 201122.578125, "min": 183.20135498, "var": 541328.6875, "median": 1530.89611816}, "barkbands_skewness": {"dmean": 0.515195727348, "dmean2": 0.832902848721, "max": 20.7584724426, "dvar": 0.432736635208, "mean": 1.60693323612, "dvar2": 1.11103093624, "min": -2.47584891319, "var": 1.71826303005, "median": 1.41386675835}, "spectral_rolloff": {"dmean": 631.976623535, "dmean2": 1050.94165039, "max": 19229.1503906, "dvar": 1210782.875, "mean": 1841.16687012, "dvar2": 2624528.75, "min": 64.599609375, "var": 4552859, "median": 1270.45898438}, "erbbands_spread": {"dmean": 8.49754047394, "dmean2": 13.2899589539, "max": 165.580627441, "dvar": 87.5924682617, "mean": 49.3433036804, "dvar2": 214.135986328, "min": 2.8456864357, "var": 456.598571777, "median": 47.4326019287}, "barkbands": {"dmean": [0.000637223827653, 0.00512809213251, 0.0037906782236, 0.00321582285687, 0.0017485920107, 0.0011006789282, 0.000950921152253, 0.000488999241497, 0.000850722368341, 0.000422607728979, 0.000343324936694, 0.000312420801492, 0.000308019603835, 0.00029969328898, 0.000360037171049, 0.000299847393762, 0.000222715418204, 0.000304736779071, 0.000288080249447, 0.000250119919656, 0.00019494346634, 0.000168083235621, 0.000141401425935, 0.000138506991789, 0.000122642653878, 5.83358269068e-05, 1.34799583975e-05], "dmean2": [0.00110288383439, 0.00881005357951, 0.00671024993062, 0.00569264916703, 0.00292703765444, 0.00184948276728, 0.00149248901289, 0.000743166310713, 0.00125383178238, 0.00065461761551, 0.000534074089956, 0.000489559315611, 0.000491845654324, 0.000470788247185, 0.000583302811719, 0.000500450725667, 0.000367910513887, 0.00049858255079, 0.000480897229863, 0.000407326122513, 0.000324368069414, 0.000261955196038, 0.000219031149754, 0.000205243224627, 0.000183120107977, 8.73514436535e-05, 2.05677060876e-05], "max": [0.0313200727105, 0.0841752588749, 0.0638021230698, 0.0556054338813, 0.0332829207182, 0.0270467922091, 0.0309401787817, 0.0329847857356, 0.0339502729475, 0.0271638836712, 0.0314437299967, 0.0204001162201, 0.0184693112969, 0.0260766223073, 0.0190532188863, 0.0189803596586, 0.0096604321152, 0.00950338132679, 0.0160398930311, 0.0123278917745, 0.00544133223593, 0.0116703864187, 0.00923368893564, 0.0105319935828, 0.0139419520274, 0.00517771113664, 0.00187965121586], "dvar": [2.85525743493e-06, 6.31942675682e-05, 5.86127098359e-05, 3.29230097122e-05, 5.55960696147e-06, 3.16747241413e-06, 2.89225727101e-06, 1.09291659101e-06, 3.03572369376e-06, 1.43462489177e-06, 9.10464052595e-07, 4.78594927245e-07, 5.02324212448e-07, 5.90596698657e-07, 6.65793265853e-07, 2.81332745544e-07, 1.34363233428e-07, 2.24739750365e-07, 2.63204498197e-07, 1.91517926851e-07, 1.06720122517e-07, 1.41927245068e-07, 1.1269138156e-07, 1.54804908448e-07, 1.39791168863e-07, 2.1244231263e-08, 1.37691835711e-09], "mean": [0.000706504215486, 0.00795773603022, 0.00466953404248, 0.00378308608197, 0.00340340635739, 0.00203736801632, 0.0019929385744, 0.00113394577056, 0.00220806221478, 0.000806687923614, 0.000626104243565, 0.000606016430538, 0.000564473390114, 0.000617510057054, 0.00063507334562, 0.000543476024177, 0.000451215426438, 0.000610697898082, 0.000566037138924, 0.000574682489969, 0.000412888388382, 0.000357289944077, 0.000299239181913, 0.000319526414387, 0.00024595373543, 0.000104872895463, 2.30028981605e-05], "dvar2": [8.28813517728e-06, 0.000185570126632, 0.000168793063494, 9.3510345323e-05, 1.51509957504e-05, 8.76566082297e-06, 6.85640861775e-06, 2.21246909859e-06, 6.58832186673e-06, 3.10299674311e-06, 2.12836062019e-06, 1.0509962749e-06, 1.25589656363e-06, 1.35934317314e-06, 1.6659467974e-06, 7.15909322935e-07, 3.34941006486e-07, 5.57275825486e-07, 6.50968388527e-07, 4.60395682467e-07, 2.7506368383e-07, 3.06052243104e-07, 2.46459308073e-07, 3.25699829773e-07, 3.09602484094e-07, 4.49537900238e-08, 2.72516031963e-09], "min": [1.36987905002e-23, 1.82086783187e-23, 1.31379527979e-24, 1.24889634393e-23, 1.76835004819e-23, 3.04471784205e-23, 3.06563117574e-23, 1.84309651222e-23, 4.4256235898e-23, 1.02634596612e-22, 4.14541199212e-23, 4.04435417699e-23, 6.50901439128e-23, 5.25412412442e-23, 1.08505987356e-22, 2.13400556866e-22, 1.62272424249e-22, 1.51265378619e-22, 2.29030276914e-22, 3.01385558395e-22, 3.95298149119e-22, 4.59071204554e-22, 5.50731237673e-22, 7.65698131508e-22, 1.04588466235e-21, 1.74974286416e-21, 2.36027707908e-21], "var": [2.65237622443e-06, 7.22197291907e-05, 4.6718861995e-05, 2.91826163448e-05, 1.01517925941e-05, 5.63138655707e-06, 9.35734533414e-06, 6.40444977762e-06, 1.50578234752e-05, 4.7915086725e-06, 2.23774691221e-06, 1.48550941503e-06, 1.18616958389e-06, 1.89746526758e-06, 1.66634856669e-06, 6.96141512435e-07, 3.58647127996e-07, 5.13793509072e-07, 5.30450734004e-07, 5.26200665263e-07, 2.28411792591e-07, 3.12439567551e-07, 2.12351849882e-07, 3.24948587149e-07, 2.62822908326e-07, 5.19868237348e-08, 3.42313222212e-09], "median": [0.00016126173432, 0.00549555988982, 0.00251274975017, 0.00201552943327, 0.0024935961701, 0.00129703385755, 0.000875249854289, 0.000352283474058, 0.000667904969305, 0.000248793599894, 0.000233292259509, 0.000276433303952, 0.000229809782468, 0.000212481536437, 0.000257530104136, 0.000349650159478, 0.000269909040071, 0.000397180614527, 0.000346494314726, 0.00036117748823, 0.000257104635239, 0.000176654444658, 0.000158703682246, 0.00018830600311, 0.000124232727103, 4.92909421155e-05, 1.04073242255e-05]}, "melbands_kurtosis": {"dmean": 8.59937953949, "dmean2": 14.3736877441, "max": 832.320251465, "dvar": 502.910980225, "mean": 18.3623256683, "dvar2": 1234.47949219, "min": -1.68785822392, "var": 1537.67822266, "median": 10.1535043716}, "erbbands_crest": {"dmean": 2.00056004524, "dmean2": 3.16324448586, "max": 29.7365226746, "dvar": 4.18920183182, "mean": 7.9919090271, "dvar2": 10.2665739059, "min": 2.17332601547, "var": 21.1778907776, "median": 6.66529178619}, "melbands_skewness": {"dmean": 0.784482896328, "dmean2": 1.29230928421, "max": 23.1758365631, "dvar": 0.933513641357, "mean": 3.0818567276, "dvar2": 2.48129105568, "min": -0.669341802597, "var": 3.49372625351, "median": 2.81441903114}, "spectral_energyband_middle_low": {"dmean": 0.00538606522605, "dmean2": 0.00897659361362, "max": 0.079020537436, "dvar": 5.84553745284e-05, "mean": 0.0146904131398, "dvar2": 0.000153726519784, "min": 2.34730800385e-22, "var": 0.000104632817965, "median": 0.0123710986227}, "spectral_contrast_coeffs": {"dmean": [0.0526822246611, 0.0439536981285, 0.0354115478694, 0.0278554223478, 0.0195300802588, 0.0177662447095], "dmean2": [0.0883592218161, 0.0721926465631, 0.0572737194598, 0.0460357517004, 0.0326203368604, 0.029517384246], "max": [-0.382204294205, -0.458792030811, -0.487852662802, -0.611203253269, -0.638913631439, -0.594223916531], "dvar": [0.00206085923128, 0.00123462476768, 0.000830541248433, 0.000509026518557, 0.000248419499258, 0.00030236467137], "mean": [-0.654277026653, -0.732879340649, -0.768389880657, -0.790276050568, -0.798147141933, -0.77346599102], "dvar2": [0.00571960071102, 0.00334875634871, 0.00209529325366, 0.00136293051764, 0.000664644292556, 0.000811773119494], "min": [-0.962263822556, -0.972480893135, -0.989741444588, -0.965372145176, -0.97515976429, -0.96133428812], "var": [0.00477773370221, 0.00475068064407, 0.00508531089872, 0.0026280481834, 0.00123667088337, 0.00206273212098], "median": [-0.657383680344, -0.736975550652, -0.781479477882, -0.79532957077, -0.798215508461, -0.775620043278]}, "spectral_contrast_valleys": {"dmean": [0.353086948395, 0.349032133818, 0.287084937096, 0.258148401976, 0.216717347503, 0.220594599843], "dmean2": [0.592345714569, 0.577574968338, 0.468535900116, 0.412421703339, 0.340683281422, 0.322762876749], "max": [-5.15166807175, -4.41625356674, -5.47765254974, -5.60476589203, -5.46727180481, -7.24855232239], "dvar": [0.118481330574, 0.130154341459, 0.0960025712848, 0.0914426669478, 0.0917014479637, 0.0829870924354], "mean": [-6.81413650513, -6.62386083603, -7.3093328476, -7.53663349152, -7.12755393982, -9.47116184235], "dvar2": [0.284442484379, 0.29639467597, 0.198588177562, 0.180235847831, 0.171314433217, 0.169093221426], "min": [-27.2028999329, -27.1665172577, -27.5309467316, -27.2158908844, -27.5014228821, -27.257062912], "var": [1.90568232536, 1.99516189098, 1.9698113203, 1.97566902637, 2.21919989586, 2.83411169052], "median": [-6.55853462219, -6.35863113403, -7.0311961174, -7.23612213135, -6.79759025574, -9.09624385834]}, "silence_rate_20dB": {"dmean": 0, "dmean2": 0, "max": 1, "dvar": 0, "mean": 1, "dvar2": 0, "min": 1, "var": 0, "median": 1}, "silence_rate_30dB": {"dmean": 0, "dmean2": 0, "max": 1, "dvar": 0, "mean": 1, "dvar2": 0, "min": 1, "var": 0, "median": 1}, "spectral_strongpeak": {"dmean": 0.506072580814, "dmean2": 0.889801979065, "max": 12.0943307877, "dvar": 0.902623295784, "mean": 0.849197328091, "dvar2": 2.27131342888, "min": 0, "var": 1.44956040382, "median": 0.386775970459}, "spectral_spread": {"dmean": 515935.40625, "dmean2": 790639.875, "max": 42628696, "dvar": 621021560832, "mean": 5691174.5, "dvar2": 976713220096, "min": 916579.375, "var": 3433875111940.0, "median": 5492026.5}, "barkbands_flatness_db": {"dmean": 0.0179005283862, "dmean2": 0.0292455181479, "max": 0.486168950796, "dvar": 0.000330525217578, "mean": 0.104235753417, "dvar2": 0.000904358341359, "min": 0.0199170727283, "var": 0.00425681844354, "median": 0.0891228765249}, "pitch_salience": {"dmean": 0.0712889507413, "dmean2": 0.119321502745, "max": 0.960447430611, "dvar": 0.00448033772409, "mean": 0.567548692226, "dvar2": 0.0128983734176, "min": 0.075136937201, "var": 0.0106625296175, "median": 0.574000060558}, "erbbands_kurtosis": {"dmean": 0.750675916672, "dmean2": 1.15758979321, "max": 58.6394195557, "dvar": 1.64718699455, "mean": 0.638744592667, "dvar2": 3.77804589272, "min": -1.80542635918, "var": 16.1191959381, "median": -0.304916858673}, "average_loudness": 0.972386300564, "barkbands_crest": {"dmean": 2.44482731819, "dmean2": 4.11215639114, "max": 26.2979240417, "dvar": 5.53480195999, "mean": 8.9219493866, "dvar2": 16.4539260864, "min": 2.20848846436, "var": 11.9617166519, "median": 8.26540660858}, "hfc": {"dmean": 8.11058425903, "dmean2": 12.3111200333, "max": 262.486297607, "dvar": 169.175674438, "mean": 32.746635437, "dvar2": 365.059844971, "min": 1.19936821307e-16, "var": 485.366699219, "median": 30.16015625}, "barkbands_kurtosis": {"dmean": 2.79592370987, "dmean2": 4.57659339905, "max": 505.423400879, "dvar": 90.6460189819, "mean": 4.81296730042, "dvar2": 224.616546631, "min": -1.93291056156, "var": 236.510757446, "median": 1.46746277809}, "erbbands": {"dmean": [0.140121504664, 1.23914897442, 3.82768511772, 7.75292778015, 9.12652397156, 5.27717971802, 6.06599521637, 10.5064516068, 12.570432663, 11.2655076981, 12.0763082504, 16.9545650482, 16.3917865753, 14.7333345413, 9.7294960022, 10.4133119583, 12.5479574203, 13.6992721558, 14.1708030701, 16.2299957275, 17.5039463043, 12.2860412598, 16.7803649902, 12.5606966019, 14.8271036148, 11.0958738327, 9.50015544891, 6.53216075897, 5.97222948074, 5.51112794876, 3.71656060219, 2.75933098793, 2.51404953003, 1.53729975224, 0.798610150814, 0.318116217852, 0.101619102061, 0.0194781757891, 0.00268622185104, 8.29821656225e-05], "dmean2": [0.239800363779, 2.14527702332, 6.79130220413, 13.5878353119, 15.8981199265, 8.82773208618, 9.75757312775, 17.8042545319, 20.2292346954, 17.5718822479, 17.952331543, 25.055267334, 24.6299743652, 22.2771549225, 15.3431625366, 16.2152748108, 19.9909629822, 21.3300609589, 22.6476230621, 26.463136673, 29.2513046265, 20.221408844, 27.5541572571, 20.5877418518, 24.7442073822, 18.0234775543, 15.7432498932, 10.6943511963, 9.43567180634, 8.45250606537, 5.71610498428, 4.10471582413, 3.78662109375, 2.31368136406, 1.19874572754, 0.474303662777, 0.154806047678, 0.0293466094881, 0.00410327641293, 0.000127170947962], "max": [2.82104706764, 22.3734645844, 70.0713500977, 127.70514679, 152.087921143, 118.176467896, 167.590362549, 279.405639648, 483.447296143, 560.643920898, 588.18951416, 849.615966797, 878.20916748, 920.001281738, 898.456115723, 887.512084961, 761.078491211, 1499.63232422, 989.424560547, 591.042724609, 1315.95837402, 531.635375977, 450.65322876, 558.59564209, 1155.34570312, 661.403808594, 358.661834717, 263.50302124, 324.634429932, 416.904663086, 261.374145508, 162.825698853, 224.482650757, 235.943862915, 65.1978225708, 21.4505138397, 11.0817947388, 3.03228592873, 0.283897489309, 0.00715909153223], "dvar": [0.0507382452488, 4.13176727295, 62.4502449036, 157.771514893, 252.765655518, 47.9742202759, 88.1764526367, 302.032562256, 531.811035156, 452.041503906, 616.858825684, 1339.28686523, 1488.53930664, 1212.9263916, 886.25592041, 568.18737793, 809.248657227, 1352.51953125, 1168.43908691, 958.978820801, 934.058410645, 391.018249512, 689.978271484, 483.302703857, 927.725097656, 353.649902344, 247.386505127, 139.930404663, 150.382995605, 215.190994263, 74.160194397, 48.6017837524, 58.3600158691, 26.5950374603, 5.61849832535, 0.646568059921, 0.0698942169547, 0.0030271471478, 4.72259271191e-05, 3.54412179604e-08], "mean": [0.191840454936, 1.90711987019, 5.25657367706, 9.98655414581, 12.6510457993, 10.2473192215, 12.582575798, 18.0651378632, 25.6133899689, 26.1890926361, 30.0643920898, 44.540512085, 38.7282447815, 29.708902359, 19.8991699219, 21.4804363251, 25.207950592, 30.9479618073, 28.8812274933, 31.1654491425, 33.7230644226, 26.8559246063, 34.0797576904, 27.2661514282, 29.8298358917, 25.9749679565, 21.3169116974, 13.9847202301, 12.9904155731, 10.8207139969, 8.06754589081, 6.22551965714, 5.51431703568, 3.10493803024, 1.54412269592, 0.580839276314, 0.176228418946, 0.0343649014831, 0.00450407527387, 0.000171517895069], "dvar2": [0.146557301283, 12.0648622513, 181.581756592, 445.570220947, 701.113586426, 132.406234741, 231.379379272, 841.694885254, 1265.41516113, 1061.5032959, 1260.5057373, 2841.42651367, 3388.00073242, 2754.1315918, 2200.6315918, 1204.85900879, 2005.98498535, 3142.38671875, 2942.29272461, 2394.34106445, 2383.16333008, 990.023071289, 1751.97106934, 1139.90075684, 2331.96166992, 857.353088379, 629.510070801, 344.147796631, 321.794372559, 464.79107666, 161.710098267, 100.433303833, 126.570205688, 60.1084136963, 12.4957933426, 1.37038469315, 0.154859632254, 0.0058984332718, 0.000100482931884, 7.86114995321e-08], "min": [8.93325375144e-22, 2.7625223286e-21, 2.68710449976e-21, 1.72108287347e-20, 7.47580311349e-20, 3.73288871298e-20, 2.31697761521e-19, 2.48632914545e-19, 4.9539795187e-19, 5.71528812016e-19, 6.02292020889e-19, 9.09402262043e-19, 1.77880103569e-18, 2.73481089274e-18, 1.93605324001e-18, 1.97712875449e-18, 3.27922498277e-18, 2.96271052523e-18, 4.11401214144e-18, 6.03835353796e-18, 1.18231315504e-17, 1.06785104516e-17, 8.50550698245e-18, 1.23757419663e-17, 1.0157859813e-17, 1.33220092901e-17, 1.7713194352e-17, 1.48725601756e-17, 1.63560473928e-17, 1.73031212177e-17, 1.73268100161e-17, 1.07782039134e-17, 1.19053317966e-17, 1.03724428716e-17, 8.02630636435e-18, 5.9610841154e-18, 3.30723766101e-18, 1.38423970921e-18, 2.91584474647e-19, 3.26642411722e-20], "var": [0.0623721778393, 4.25549554825, 48.2978858948, 151.483917236, 252.277130127, 111.769187927, 223.932159424, 463.271148682, 1469.73962402, 1638.38574219, 3119.15356445, 6680.92675781, 5669.390625, 3838.49511719, 1793.74023438, 1834.8203125, 1979.89648438, 4535.97460938, 2543.04296875, 2390.51806641, 2291.2722168, 1071.03405762, 1626.18688965, 1014.8013916, 1872.05969238, 956.563354492, 656.597473145, 296.854705811, 357.622436523, 391.644134521, 143.144134521, 97.4233093262, 117.577178955, 44.5759239197, 11.0715875626, 1.47308981419, 0.164634615183, 0.00828094501048, 0.000105837636511, 7.21078663446e-08], "median": [0.104084357619, 1.29514932632, 3.2643096447, 5.8119354248, 7.75284576416, 7.13800430298, 7.85787773132, 11.2784500122, 13.4853410721, 12.1832828522, 11.5048236847, 13.4095439911, 13.4381523132, 11.9528942108, 8.8983745575, 10.4341564178, 11.5263843536, 11.616651535, 13.2854709625, 17.1702957153, 22.3530292511, 17.4091033936, 21.9902420044, 19.2575340271, 16.942817688, 16.6425971985, 12.79088974, 8.16638755798, 6.78298807144, 4.89868307114, 4.44657421112, 3.73625850677, 3.06406974792, 1.63568377495, 0.743646144867, 0.272808164358, 0.0792707502842, 0.0152989439666, 0.00209357729182, 0.000108884371002]}, "spectral_energy": {"dmean": 0.0110157812014, "dmean2": 0.0189130175859, "max": 0.15582844615, "dvar": 0.00024125778873, "mean": 0.0362573340535, "dvar2": 0.000691986700986, "min": 1.08773184263e-20, "var": 0.00033116035047, "median": 0.0354762300849}, "zerocrossingrate": {"dmean": 0.0119694182649, "dmean2": 0.014105098322, "max": 0.5126953125, "dvar": 0.000227822529268, "mean": 0.0777104273438, "dvar2": 0.000246043840889, "min": 0.00439453125, "var": 0.00252362573519, "median": 0.0693359375}, "spectral_energyband_high": {"dmean": 0.000752078136429, "dmean2": 0.00110243400559, "max": 0.027123330161, "dvar": 2.00728186428e-06, "mean": 0.00208622706123, "dvar2": 4.12308600062e-06, "min": 7.72847124771e-21, "v