{"tonal": {"chords_key": "C", "hpcp_entropy": {"dmean": 0.320736944675, "dmean2": 0.533198237419, "max": 3.8236579895, "dvar": 0.144615083933, "mean": 1.58400404453, "dvar2": 0.362940043211, "min": 0, "var": 0.455331474543, "median": 1.60472774506}, "key_key": "F", "chords_strength": {"dmean": 0.00582472933456, "dmean2": 0.00470814248547, "max": 0.748632073402, "dvar": 0.000518297310919, "mean": 0.491710275412, "dvar2": 0.00106421147939, "min": -1, "var": 0.00878570880741, "median": 0.498295068741}, "key_scale": "major", "chords_number_rate": 0.0010914382292, "thpcp": [1, 0.593571901321, 0.090598501265, 0.0229106731713, 0.010989356786, 0.0352767966688, 0.0855576768517, 0.0671178996563, 0.0138565255329, 0.00438605854288, 0.00734509760514, 0.129022806883, 0.310405701399, 0.247887954116, 0.378577440977, 0.569778621197, 0.270442098379, 0.023711277172, 0.0115955350921, 0.0199803616852, 0.432598859072, 0.854118168354, 0.462032943964, 0.0305691435933, 0.00759715074673, 0.00613712985069, 0.0408310517669, 0.144657358527, 0.129005283117, 0.0234991740435, 0.0032860271167, 0.00442434847355, 0.0150688625872, 0.0317807495594, 0.0562874600291, 0.517241179943], "key_strength": 0.802471399307, "tuning_nontempered_energy_ratio": 0.618640422821, "tuning_frequency": 440.254241943, "chords_changes_rate": 0.0318942517042, "tuning_diatonic_strength": 0.613216817379, "chords_scale": "major", "chords_histogram": [21.9742908478, 5.23890352249, 55.6390991211, 2.0009701252, 0.351685672998, 0, 0.278923124075, 0, 0.0848896428943, 0, 0, 0, 0.0121270921081, 0, 0, 0.703371345997, 0, 2.49818086624, 0.266796022654, 1.77055537701, 1.83119082451, 0.485083669424, 1.5886490345, 5.27528476715], "tuning_equal_tempered_deviation": 0.0340164192021, "hpcp": {"dmean": [0.0259681455791, 0.0215218793601, 0.00615212880075, 0.00196422543377, 0.00292169163004, 0.00687886727974, 0.0139683876187, 0.0275657661259, 0.068176150322, 0.0718030482531, 0.0792689323425, 0.0348095260561, 0.0147602939978, 0.00787923112512, 0.0148963741958, 0.025068115443, 0.0178452804685, 0.00509718060493, 0.00317115103826, 0.00573234353215, 0.0308450944722, 0.0549649000168, 0.0601428821683, 0.0817005261779, 0.0725716128945, 0.0600264854729, 0.0183784794062, 0.00957006867975, 0.0132964691147, 0.0519686192274, 0.0811258926988, 0.0597789026797, 0.0140185002238, 0.00615654839203, 0.00521484715864, 0.0126065397635], "dmean2": [0.0411529205739, 0.0338133201003, 0.00971046183258, 0.00345269800164, 0.00537899136543, 0.0120560890064, 0.0242648441344, 0.048526018858, 0.112012311816, 0.114890493453, 0.128620967269, 0.0589653812349, 0.0261859297752, 0.0143476519734, 0.025602472946, 0.0413147695363, 0.02911930345, 0.00886011030525, 0.00582100171596, 0.0106933852658, 0.0499315336347, 0.0845547094941, 0.100922562182, 0.141543805599, 0.115243561566, 0.101332195103, 0.0346643328667, 0.0181437637657, 0.0242188815027, 0.0836121141911, 0.127988159657, 0.0950051099062, 0.0246978290379, 0.0113971475512, 0.00994904153049, 0.0207462534308], "max": [1, 1, 0.466171562672, 0.428799927235, 0.454360455275, 0.985681056976, 1, 1, 1, 1, 1, 1, 1, 0.740750610828, 0.906520485878, 1, 1, 0.86800467968, 1, 1, 1, 1, 1, 1, 1, 1, 1, 0.973129272461, 1, 1, 1, 1, 1, 1, 1, 1], "dvar": [0.00726000545546, 0.00546751031652, 0.000519831315614, 0.000135528403916, 0.000333602278261, 0.00133586558513, 0.00426528649405, 0.00763641763479, 0.0138089740649, 0.0221506915987, 0.0189507082105, 0.00918061751872, 0.00342796812765, 0.00111034640577, 0.00206999550574, 0.00531509239227, 0.00367226521485, 0.000821102701593, 0.000830399221741, 0.00111845880747, 0.00510013848543, 0.014443365857, 0.0142328962684, 0.0230516344309, 0.0202317275107, 0.0154451718554, 0.00534960627556, 0.00202371366322, 0.00246700760908, 0.00863957125694, 0.0229052845389, 0.0127390911803, 0.00310758361593, 0.00252079963684, 0.00181119050831, 0.00232794508338], "mean": [0.0837525576353, 0.0746904462576, 0.013605363667, 0.00190251762979, 0.00256157387048, 0.00872444920242, 0.0184001643211, 0.0325888618827, 0.299468159676, 0.578971982002, 0.343661487103, 0.052453994751, 0.0132646383718, 0.00636252947152, 0.0204242765903, 0.049535498023, 0.0388593822718, 0.00802254024893, 0.00253940513358, 0.00425260560587, 0.0747005939484, 0.179716199636, 0.143520176411, 0.219185724854, 0.329885840416, 0.15657839179, 0.0137281650677, 0.00671349000186, 0.011568069458, 0.25046262145, 0.494510471821, 0.267504125834, 0.0176986772567, 0.00439853733405, 0.0035532261245, 0.0236400347203], "dvar2": [0.0148951355368, 0.0110081294551, 0.00116989738308, 0.000337138044415, 0.00094465573784, 0.00361769367009, 0.0108334235847, 0.0200499314815, 0.0341983251274, 0.0457129850984, 0.0425050444901, 0.02355020307, 0.00899200048298, 0.00297057419084, 0.00526577979326, 0.0118288528174, 0.00819430407137, 0.00220305193216, 0.0021689706482, 0.0032740237657, 0.0123654883355, 0.0273741390556, 0.037244040519, 0.0708796009421, 0.0442321188748, 0.0489227324724, 0.0187229588628, 0.00662092864513, 0.00730380089954, 0.0211452096701, 0.0465412773192, 0.0283366441727, 0.00790186412632, 0.00700918957591, 0.00539916194975, 0.00584716163576], "min": [0, 0, 0, 0, 0, 0, 0, 0, 0, 0, 0, 0, 0, 0, 0, 0, 0, 0, 0, 0, 0, 0, 0, 0, 0, 0, 0, 0, 0, 0, 0, 0, 0, 0, 0, 0], "var": [0.0413038060069, 0.0372364260256, 0.0016842604382, 0.000106824358227, 0.00020789388509, 0.00155785214156, 0.00708712823689, 0.00876448582858, 0.0634098574519, 0.170017793775, 0.0848195031285, 0.0154025545344, 0.00344858248718, 0.000877168145962, 0.00290009775199, 0.0171271432191, 0.0147028015926, 0.00103375536855, 0.000561525055673, 0.000625696033239, 0.0138741666451, 0.0698443949223, 0.0481995418668, 0.061988696456, 0.138029888272, 0.0369293875992, 0.00355993933044, 0.00136823044159, 0.00196104752831, 0.0475000962615, 0.157774299383, 0.0526940226555, 0.00361123355106, 0.00160245376173, 0.000980118988082, 0.0038895807229], "median": [0.00176505558193, 0.0011548466282, 0.000482847390231, 0.000241674861172, 0.000444517412689, 0.000829399505164, 0.00110206159297, 0.00258115585893, 0.250640869141, 0.644509196281, 0.32161745429, 0.00247563305311, 0.000364635256119, 0.000607218360528, 0.00402302667499, 0.00824910216033, 0.00427970197052, 0.000363112427294, 0.000187991769053, 0.000496208318509, 0.0219296514988, 0.059194419533, 0.0532100759447, 0.113768860698, 0.1593978405, 0.0694856494665, 0.000330424925778, 0.000221729656914, 0.00141844432801, 0.20213547349, 0.430798768997, 0.222471356392, 0.000820131972432, 0.000225402691285, 0.000240142297116, 0.00111793284304]}}, "lowlevel": {"melbands_flatness_db": {"dmean": 0.0267501678318, "dmean2": 0.0420861802995, "max": 0.776304244995, "dvar": 0.00157474994194, "mean": 0.327717065811, "dvar2": 0.00358278374188, "min": 0.00185274728574, "var": 0.0137001061812, "median": 0.301584899426}, "melbands_crest": {"dmean": 1.72381448746, "dmean2": 2.84035372734, "max": 38.7168083191, "dvar": 4.98833227158, "mean": 16.2269325256, "dvar2": 13.1875534058, "min": 1.58162987232, "var": 48.7612342834, "median": 14.5084934235}, "spectral_entropy": {"dmean": 0.258031308651, "dmean2": 0.41401129961, "max": 9.81688785553, "dvar": 0.201548621058, "mean": 6.31723070145, "dvar2": 0.480050384998, "min": 2.40114116669, "var": 1.31628680229, "median": 6.53323507309}, "melbands": {"dmean": [0.000606359506492, 0.00056486367248, 0.000163650431205, 0.00014036068751, 0.000141786018503, 0.000202529452508, 6.50028378004e-05, 8.42935332912e-05, 2.16794342123e-05, 4.30404579674e-05, 7.65134900576e-05, 8.17086583993e-06, 2.69428692263e-05, 2.25211824727e-05, 1.60227973538e-05, 1.68773040059e-05, 3.65243540728e-05, 5.58317697141e-06, 2.67090058514e-06, 8.54294012242e-06, 1.66769200405e-06, 1.85943019915e-06, 6.05047944191e-06, 4.6080631364e-06, 9.24815776671e-06, 5.59066904771e-07, 3.19777484492e-07, 4.20345998009e-07, 3.69842808823e-07, 3.37669092687e-07, 2.12117583942e-07, 5.17777323239e-07, 3.29838343305e-07, 2.00376845783e-07, 7.26259088424e-08, 5.74150256227e-08, 1.33299479899e-07, 7.8196435993e-08, 9.76235412509e-08, 7.30438429741e-08], "dmean2": [0.00112006580457, 0.00103759835474, 0.000278363440884, 0.000244682625635, 0.000219398381887, 0.000351262744516, 8.75337136677e-05, 0.000124529382447, 3.14024582622e-05, 5.4013049521e-05, 0.000102570222225, 1.31325596158e-05, 3.46411106875e-05, 3.17201411235e-05, 2.14581359614e-05, 2.0135061277e-05, 5.31531077286e-05, 8.05492163636e-06, 4.11286919189e-06, 9.99051826511e-06, 2.16714761336e-06, 2.37176777773e-06, 6.9090656325e-06, 5.45575085198e-06, 1.0859912436e-05, 9.11450513286e-07, 5.35825563475e-07, 6.79564493566e-07, 6.003837143e-07, 5.46733303963e-07, 3.67449331407e-07, 7.88465627011e-07, 5.18805052252e-07, 2.97654821679e-07, 1.20612156707e-07, 9.43550730881e-08, 2.05905266171e-07, 1.23245129657e-07, 1.59285448831e-07, 1.22676937053e-07], "max": [0.0521938949823, 0.0460129119456, 0.00996975600719, 0.011698115617, 0.00844027567655, 0.0157776903361, 0.00854897685349, 0.00865969900042, 0.00178464094643, 0.00479356432334, 0.00626397877932, 0.00138401275035, 0.00410616071895, 0.00178144522943, 0.0021776878275, 0.00197317940183, 0.00221882993355, 0.000731116859242, 0.000456555077108, 0.00136955396738, 0.000197980814846, 0.000256063241977, 0.000661308353301, 0.000559072534088, 0.00166995183099, 2.24758350669e-05, 2.18431232497e-05, 4.31022672274e-05, 1.52400289153e-05, 7.75450553192e-06, 0.000204472322366, 0.000199668473215, 0.000254911079537, 0.000196201566723, 3.32736794917e-06, 3.44266459251e-06, 0.000164900309755, 6.14089149167e-05, 9.83199861366e-05, 2.01435341296e-05], "dvar": [2.0464260615e-06, 1.60317347309e-06, 1.49521298454e-07, 1.56113628691e-07, 1.32226560368e-07, 2.4658893949e-07, 3.89746546148e-08, 8.10166227438e-08, 4.07338474062e-09, 1.85682793585e-08, 5.69444900123e-08, 8.53635995224e-10, 1.36752467128e-08, 3.53281803811e-09, 3.58812823897e-09, 5.56896040393e-09, 9.22141030202e-09, 2.97275176697e-10, 1.13297926596e-10, 2.31613705992e-09, 5.69422183017e-11, 1.27586399779e-10, 1.0369338721e-09, 4.50152803921e-10, 2.77492762102e-09, 1.32236788793e-12, 5.88117553789e-13, 8.55590229741e-13, 4.87977388532e-13, 3.43368291699e-13, 8.83522682099e-12, 1.89563989506e-11, 1.02422315421e-11, 5.0901119257e-12, 4.53242756098e-14, 2.70503817235e-14, 4.50149683154e-12, 6.36326928649e-13, 1.69699703508e-12, 2.05699471128e-13], "mean": [0.00197329814546, 0.00178883364424, 0.000416400085669, 0.000412128923927, 0.000435278547229, 0.000760010443628, 0.000408875930589, 0.000477859022794, 0.000135708585731, 0.000287895731162, 0.000508645840455, 3.21536426782e-05, 0.000134809990413, 8.28938063933e-05, 6.70383815304e-05, 8.42554945848e-05, 8.90535156941e-05, 1.64650809893e-05, 6.19859156359e-06, 3.05985413434e-05, 5.13488703291e-06, 4.77675212096e-06, 1.72436266439e-05, 1.1706107216e-05, 2.33131831919e-05, 8.79035951584e-07, 5.44281647308e-07, 8.22842935122e-07, 7.2584253985e-07, 6.14435919033e-07, 3.42191725622e-07, 7.49640548747e-07, 4.65139493144e-07, 3.18366375041e-07, 1.10392932129e-07, 9.99153826342e-08, 1.78508216209e-07, 1.3831885326e-07, 1.52852265956e-07, 1.243253962e-07], "dvar2": [6.09450444244e-06, 4.67286872663e-06, 4.52775594795e-07, 5.24746042174e-07, 2.98181333847e-07, 7.82568292834e-07, 6.55349694512e-08, 1.81987246606e-07, 8.37162072997e-09, 3.09459053938e-08, 1.1371383124e-07, 1.75497127941e-09, 2.49390144091e-08, 6.76273925748e-09, 6.61865273699e-09, 9.98910287819e-09, 1.91428117802e-08, 5.45151868092e-10, 2.50193893381e-10, 4.16640943968e-09, 1.04514084887e-10, 2.39149866577e-10, 1.89916993243e-09, 8.35539359922e-10, 5.1843338511e-09, 3.4115765768e-12, 1.59836813923e-12, 1.97301853674e-12, 1.2022381788e-12, 8.54603985235e-13, 2.53974410946e-11, 4.361412273e-11, 2.29768738758e-11, 1.07947427039e-11, 1.04749298428e-13, 6.40936888524e-14, 1.0064825709e-11, 1.42903776919e-12, 4.33272515088e-12, 5.36948252788e-13], "min": [2.20820054792e-24, 1.89404398938e-24, 1.8337669304e-24, 1.03975979246e-24, 1.65129650049e-24, 3.2011226116e-24, 2.45944544927e-24, 2.49343924062e-24, 2.02867907729e-24, 1.08616759204e-24, 2.38573211692e-24, 2.59417736986e-24, 2.36643500146e-24, 2.16299862084e-24, 3.68485448527e-24, 3.64635097334e-24, 3.23406662629e-24, 3.03535315591e-24, 3.56225682312e-24, 3.77391135944e-24, 2.48551572447e-24, 4.58874117123e-24, 3.24236859846e-24, 4.29103689851e-24, 3.40178792108e-24, 4.51606065502e-24, 5.74309316675e-24, 5.71165508753e-24, 4.73032316548e-24, 4.89756246625e-24, 5.6586061638e-24, 6.78425348314e-24, 5.42026051876e-24, 5.55640331707e-24, 6.36683089058e-24, 7.61306467118e-24, 6.90956482679e-24, 5.92715689848e-24, 5.8315331517e-24, 6.66011359793e-24], "var": [1.70125113073e-05, 1.48706476466e-05, 6.43525311261e-07, 5.73385932512e-07, 5.84280996918e-07, 1.865999252e-06, 6.30202919183e-07, 6.04845013186e-07, 3.42008696919e-08, 2.35514846736e-07, 6.05730065217e-07, 5.20179854746e-09, 8.86869173655e-08, 2.02770671365e-08, 2.33881873868e-08, 3.74974149508e-08, 3.71009498679e-08, 1.80763315427e-09, 5.16213516377e-10, 1.09896154399e-08, 2.64401167627e-10, 4.65049165843e-10, 3.8234602151e-09, 1.45836820398e-09, 8.79205774851e-09, 1.58902784594e-12, 6.0533555165e-13, 1.53628379549e-12, 7.99721020742e-13, 5.5468607138e-13, 5.30531781701e-12, 2.72161407994e-11, 1.49293338109e-11, 8.25405542526e-12, 4.93464081717e-14, 3.30938855692e-14, 4.89832610237e-12, 7.07710257584e-13, 1.40896756068e-12, 1.84986208751e-13], "median": [0.000235359257204, 0.000200251641218, 7.31939871912e-05, 8.39309650473e-05, 0.000105559243821, 0.000160927549587, 9.12170944503e-05, 0.000119646996609, 5.61849956284e-05, 6.60133737256e-05, 0.000134725807584, 1.1165808246e-05, 1.66488607647e-05, 2.6238425562e-05, 9.08502534003e-06, 4.3393715714e-06, 1.16399532999e-05, 2.93950506602e-06, 3.42502119111e-07, 5.61818126243e-07, 2.97267803262e-07, 2.47362891059e-07, 4.30264975648e-07, 5.55911924494e-07, 8.47358819556e-07, 5.14930434292e-07, 3.49986066794e-07, 5.49663468519e-07, 4.8973521416e-07, 3.99651156613e-07, 1.46225204389e-07, 1.27010181927e-07, 1.25147934682e-07, 9.0056609281e-08, 4.18720915718e-08, 3.76996212026e-08, 4.75595491878e-08, 6.7867254927e-08, 5.21222354166e-08, 3.09035499413e-08]}, "silence_rate_60dB": {"dmean": 0.0163735598326, "dmean2": 0.0327491052449, "max": 1, "dvar": 0.0161073114723, "mean": 0.180340796709, "dvar2": 0.0349502339959, "min": 0, "var": 0.147811993957, "median": 0}, "spectral_energyband_middle_high": {"dmean": 0.00105466635432, "dmean2": 0.00137385132257, "max": 0.039918243885, "dvar": 4.59455213786e-06, "mean": 0.0053055821918, "dvar2": 9.41234611673e-06, "min": 1.18003059812e-21, "var": 2.96244725178e-05, "median": 0.00382597371936}, "erbbands_skewness": {"dmean": 0.325949162245, "dmean2": 0.467287391424, "max": 17.7963294983, "dvar": 0.430625587702, "mean": 0.914527952671, "dvar2": 0.850284874439, "min": -8.80657482147, "var": 3.61246299744, "median": 0.583580553532}, "dynamic_complexity": 5.09192419052, "dissonance": {"dmean": 0.0336023904383, "dmean2": 0.0568489767611, "max": 0.500000059605, "dvar": 0.00136642938014, "mean": 0.406405419111, "dvar2": 0.00361850718036, "min": 0.0433720722795, "var": 0.00402356823906, "median": 0.418196797371}, "spectral_skewness": {"dmean": 0.473586529493, "dmean2": 0.779813051224, "max": 13.9087762833, "dvar": 0.435445874929, "mean": 2.78497052193, "dvar2": 1.08385336399, "min": -0.101668849587, "var": 2.3194630146, "median": 2.34423685074}, "spectral_kurtosis": {"dmean": 5.53682851791, "dmean2": 9.11074066162, "max": 291.998321533, "dvar": 87.6054153442, "mean": 16.51420784, "dvar2": 208.471694946, "min": -1.24811351299, "var": 416.133544922, "median": 8.89198875427}, "gfcc": {"cov": [[23900.4277344, 5766.70507812, 3724.62402344, 3207.15087891, -325.112579346, -258.15045166, -1427.91821289, -634.646057129, -261.214874268, 857.506652832, -138.004226685, 23.6053791046, 346.355804443], [5766.70507812, 3374.49560547, 1689.51452637, 1160.83496094, 146.213134766, 36.9566955566, -365.332580566, -374.700531006, -62.1797904968, 275.41217041, 2.17685651779, -101.30973053, 261.582763672], [3724.62402344, 1689.51452637, 4237.1640625, 2721.89355469, 230.317687988, 701.045471191, 4.89745616913, -76.7675857544, -240.167190552, 474.983978271, -407.477478027, 108.001174927, 62.6178741455], [3207.15087891, 1160.83496094, 2721.89355469, 2619.66723633, 548.485107422, 405.207214355, -162.708023071, -10.4226236343, -219.404098511, 251.051986694, -152.764129639, 113.610618591, -43.3941802979], [-325.112579346, 146.213134766, 230.317687988, 548.485107422, 764.085998535, 295.977416992, -48.0360374451, -30.8860855103, 20.4432983398, -46.2222862244, 22.5558853149, -3.69672369957, -22.4976463318], [-258.15045166, 36.9566955566, 701.045471191, 405.207214355, 295.977416992, 894.248474121, 177.394622803, -201.852828979, -58.51795578, 103.019416809, -66.0565948486, -46.7946510315, 11.4419956207], [-1427.91821289, -365.332580566, 4.89745616913, -162.708023071, -48.0360374451, 177.394622803, 673.153320312, 199.057830811, -60.5808792114, -96.8897094727, -68.1807479858, 38.439956665, -47.7213973999], [-634.646057129, -374.700531006, -76.7675857544, -10.4226236343, -30.8860855103, -201.852828979, 199.057830811, 509.697753906, 61.4497528076, -25.6941509247, -52.6403465271, 11.5505256653, -58.1527633667], [-261.214874268, -62.1797904968, -240.167190552, -219.404098511, 20.4432983398, -58.51795578, -60.5808792114, 61.4497528076, 292.334350586, 48.7428894043, 13.3508272171, -9.29757976532, -2.41788005829], [857.506652832, 275.41217041, 474.983978271, 251.051986694, -46.2222862244, 103.019416809, -96.8897094727, -25.6941509247, 48.7428894043, 356.384460449, -49.2691612244, -74.7129058838, 62.1969070435], [-138.004226685, 2.17685651779, -407.477478027, -152.764129639, 22.5558853149, -66.0565948486, -68.1807479858, -52.6403465271, 13.3508272171, -49.2691612244, 411.811584473, 25.6508522034, -106.574050903], [23.6053791046, -101.30973053, 108.001174927, 113.610618591, -3.69672369957, -46.7946510315, 38.439956665, 11.5505256653, -9.29757976532, -74.7129058838, 25.6508522034, 257.106323242, 6.26893568039], [346.355804443, 261.582763672, 62.6178741455, -43.3941802979, -22.4976463318, 11.4419956207, -47.7213973999, -58.1527633667, -2.41788005829, 62.1969070435, -106.574050903, 6.26893568039, 235.192306519]], "mean": [-104.779907227, 84.0084915161, -120.750335693, -17.7956447601, -63.9813842773, 4.88615942001, -20.0331954956, 13.1291379929, -23.5172519684, 9.6667470932, -4.85791063309, 0.638730227947, -10.1557788849], "icov": [[9.60439574555e-05, -0.000159796065418, 7.6316689956e-05, -0.000116938630526, 0.000148300139699, -4.28311213909e-05, 0.000134089030325, -3.78949152946e-05, 5.31077421329e-05, -9.76868832367e-05, 8.63027962623e-05, -0.000113619149488, 9.70146938926e-05], [-0.000159796065418, 0.000832529738545, -0.000417481351178, 0.000124659229186, -0.000336094439263, 0.000423194171162, -0.000276575679891, 0.000478748668684, -0.000268738163868, 0.000265015783953, -0.000556773738936, 0.000699597818311, -0.000890742114279], [7.6316689956e-05, -0.000417481351178, 0.00134528067429, -0.00124481646344, 0.000781937560532, -0.000624806969427, -7.1377166023e-05, -0.000106918436359, 2.71196895483e-05, -0.000590737559833, 0.000781495065894, -0.000530814053491, 0.000353141309461], [-0.000116938630526, 0.000124659229186, -0.00124481646344, 0.00210788846016, -0.00132567051332, 0.000292966084089, 0.000361540645827, -0.000363051629392, 0.000811003264971, -0.000137641429319, -0.000236787454924, -0.000352453265805, 0.000543264381122], [0.000148300139699, -0.000336094439263, 0.000781937560532, -0.00132567051332, 0.00263653905131, -0.00108015281148, 0.000399870128604, -0.000284791691229, -0.000666572886985, 0.000679343531374, 0.000113253670861, 7.05091733835e-05, -0.000118960801046], [-4.28311213909e-05, 0.000423194171162, -0.000624806969427, 0.000292966084089, -0.00108015281148, 0.00239108782262, -0.00105975323822, 0.00137688370887, -9.16632197914e-05, -0.000436315778643, -0.0002552724618, 0.00072266155621, -0.000301928637782], [0.000134089030325, -0.000276575679891, -7.1377166023e-05, 0.000361540645827, 0.000399870128604, -0.00105975323822, 0.00269204564393, -0.001439293148, 0.000788608391304, 0.000423132180003, 0.000394225673517, -0.000677752133925, 0.000568924064282], [-3.78949152946e-05, 0.000478748668684, -0.000106918436359, -0.000363051629392, -0.000284791691229, 0.00137688370887, -0.001439293148, 0.00345182023011, -0.000978219904937, -0.000184592339792, 0.000169529332197, 0.00059689336922, 5.17073349329e-05], [5.31077421329e-05, -0.000268738163868, 2.71196895483e-05, 0.000811003264971, -0.000666572886985, -9.16632197914e-05, 0.000788608391304, -0.000978219904937, 0.00462915748358, -0.00135084928479, 0.000321792613249, -0.000857397099026, 0.00079542840831], [-9.76868832367e-05, 0.000265015783953, -0.000590737559833, -0.000137641429319, 0.000679343531374, -0.000436315778643, 0.000423132180003, -0.000184592339792, -0.00135084928479, 0.00475893262774, -0.000609932641964, 0.00172892515548, -0.00148744659964], [8.63027962623e-05, -0.000556773738936, 0.000781495065894, -0.000236787454924, 0.000113253670861, -0.0002552724618, 0.000394225673517, 0.000169529332197, 0.000321792613249, -0.000609932641964, 0.00376623589545, -0.00115948135499, 0.00228768633679], [-0.000113619149488, 0.000699597818311, -0.000530814053491, -0.000352453265805, 7.05091733835e-05, 0.00072266155621, -0.000677752133925, 0.00059689336922, -0.000857397099026, 0.00172892515548, -0.00115948135499, 0.00538955675438, -0.00168791669421], [9.70146938926e-05, -0.000890742114279, 0.000353141309461, 0.000543264381122, -0.000118960801046, -0.000301928637782, 0.000568924064282, 5.17073349329e-05, 0.00079542840831, -0.00148744659964, 0.00228768633679, -0.00168791669421, 0.0067205647938]]}, "spectral_complexity": {"dmean": 0.920557916164, "dmean2": 1.5529140234, "max": 24, "dvar": 1.46221733093, "mean": 8.20956897736, "dvar2": 3.44402313232, "min": 0, "var": 18.8551998138, "median": 8}, "spectral_flux": {"dmean": 0.0139142042026, "dmean2": 0.0220871753991, "max": 0.400002121925, "dvar": 0.000441528129159, "mean": 0.0378687530756, "dvar2": 0.00104335288052, "min": 6.4159857982e-11, "var": 0.00116923963651, "median": 0.0287887323648}, "spectral_energyband_low": {"dmean": 0.0028347002808, "dmean2": 0.00520210666582, "max": 0.194087028503, "dvar": 3.92741094402e-05, "mean": 0.00970257539302, "dvar2": 0.000116993949632, "min": 2.69777366049e-23, "var": 0.000339093414368, "median": 0.00169701233972}, "spectral_decrease": {"dmean": 1.10793341168e-09, "dmean2": 1.86649473655e-09, "max": 9.80684717461e-14, "dvar": 3.35916371717e-18, "mean": -6.89922963204e-09, "dvar2": 9.82539772687e-18, "min": -5.35970059445e-08, "var": 4.0387771696e-17, "median": -5.51959677964e-09}, "barkbands_spread": {"dmean": 2.66416168213, "dmean2": 4.22782230377, "max": 134.37588501, "dvar": 29.7141551971, "mean": 13.218670845, "dvar2": 70.8843154907, "min": 0.0104935383424, "var": 135.190719604, "median": 11.1248626709}, "spectral_rms": {"dmean": 0.000373935588868, "dmean2": 0.00060146918986, "max": 0.014121811837, "dvar": 2.50418054293e-07, "mean": 0.00452508218586, "dvar2": 7.04047408817e-07, "min": 3.12761188476e-12, "var": 6.2462158894e-06, "median": 0.00466872937977}, "spectral_centroid": {"dmean": 111.323898315, "dmean2": 167.197158813, "max": 11743.1103516, "dvar": 55531.78125, "mean": 1092.73083496, "dvar2": 104810.851562, "min": 165.908416748, "var": 711677.9375, "median": 858.783325195}, "barkbands_skewness": {"dmean": 0.441501140594, "dmean2": 0.663540482521, "max": 66.0398406982, "dvar": 1.26279747486, "mean": 1.78251457214, "dvar2": 2.77511763573, "min": -26.214220047, "var": 8.61615276337, "median": 1.12641870975}, "spectral_rolloff": {"dmean": 238.911300659, "dmean2": 432.747436523, "max": 19573.6816406, "dvar": 1001373.75, "mean": 1270.37194824, "dvar2": 2523383.75, "min": 21.533203125, "var": 2722254, "median": 882.861328125}, "erbbands_spread": {"dmean": 3.81606388092, "dmean2": 5.77158594131, "max": 198.049667358, "dvar": 49.2076454163, "mean": 23.1615772247, "dvar2": 100.653144836, "min": 0.139803215861, "var": 349.143981934, "median": 18.6978855133}, "barkbands": {"dmean": [0.000126422484755, 0.00257664709352, 0.000335687451297, 0.000354824471287, 0.000737638445571, 0.00091736210743, 0.000268881645752, 0.000324310763972, 0.000229967903579, 0.000400281220209, 0.000197209374164, 0.000142119388329, 0.000180452188943, 0.000292687036563, 3.77472460968e-05, 8.55141697684e-05, 6.08630361967e-05, 0.00011189471843, 8.89625443961e-05, 1.23669360619e-05, 1.07861214929e-05, 2.18537952605e-05, 3.95909682993e-06, 7.27407314116e-06, 1.25430824482e-05, 1.06271972982e-05, 6.48445802653e-06], "dmean2": [0.000224660587264, 0.00479183951393, 0.000523280177731, 0.000587148475461, 0.00118568097241, 0.00159626593813, 0.000387863023207, 0.000468534650281, 0.000299174047541, 0.00053686654428, 0.000249860691838, 0.000219121211558, 0.000215485910303, 0.000425669539254, 5.7395267504e-05, 9.87053063e-05, 7.209523028e-05, 0.000135935348226, 0.000104370192275, 2.00924259843e-05, 1.75909444806e-05, 3.32392228302e-05, 6.63460923533e-06, 1.12486513899e-05, 1.98319503397e-05, 1.70483435795e-05, 1.13801906991e-05], "max": [0.0129847470671, 0.179543167353, 0.0426309555769, 0.0183700546622, 0.0446155518293, 0.0681507885456, 0.023510735482, 0.0306964684278, 0.0273796003312, 0.0322062373161, 0.0288415849209, 0.00811777170748, 0.022566979751, 0.0181627757847, 0.00711211143062, 0.0138973230496, 0.00956584978849, 0.0119687328115, 0.0153285069391, 0.000910706119612, 0.00121421890799, 0.0100095169619, 0.000199903020984, 0.00655985763296, 0.00424635410309, 0.0044917371124, 0.00431988062337], "dvar": [2.13128913629e-07, 3.32727977366e-05, 1.03628826764e-06, 7.1834983828e-07, 3.76809884983e-06, 4.93107745569e-06, 5.10544168719e-07, 1.1833416238e-06, 5.76380614348e-07, 1.50771779772e-06, 7.04905573912e-07, 1.09965974104e-07, 6.12808491951e-07, 5.93135723648e-07, 3.46033104393e-08, 2.41147063207e-07, 1.741374831e-07, 2.58765368244e-07, 2.20057060574e-07, 6.8325661795e-10, 5.88137538671e-10, 2.64020609819e-08, 1.03356483094e-10, 7.29700255775e-09, 7.84671350118e-09, 7.56886020525e-09, 6.85493128927e-09], "mean": [0.000146742429934, 0.00798916071653, 0.00132373860106, 0.000687388703227, 0.00231547118165, 0.00339781632647, 0.00135117780883, 0.00196624500677, 0.00145539932419, 0.00260392157361, 0.000996010494418, 0.000305940862745, 0.0009137520683, 0.000714454392437, 0.000104961734905, 0.000304731307551, 0.000170180006535, 0.000278749357676, 0.000228915043408, 2.368000969e-05, 2.11747774301e-05, 3.22855667036e-05, 7.19384706827e-06, 1.24246480482e-05, 1.86454817594e-05, 1.48749704749e-05, 5.6927156038e-06], "dvar2": [6.35138235339e-07, 0.00010235789523, 2.23401525545e-06, 2.02827436624e-06, 1.00704346551e-05, 1.59207247634e-05, 1.02062813312e-06, 2.46745480581e-06, 9.730107422e-07, 2.99848716168e-06, 1.23797281049e-06, 2.49529392704e-07, 1.11359167931e-06, 1.22562460092e-06, 6.75845868159e-08, 4.3363667146e-07, 3.21107251011e-07, 4.87017359774e-07, 3.99821317387e-07, 1.6800782987e-09, 1.5676688836e-09, 6.09066219681e-08, 2.5825849792e-10, 1.64737077313e-08, 1.8723586237e-08, 1.6777580214e-08, 1.85562338828e-08], "min": [3.79935182781e-25, 5.83152644638e-24, 2.01511796669e-24, 1.70203307568e-24, 4.46394298159e-24, 9.01103505804e-24, 1.00361471826e-23, 7.56257284008e-24, 8.1062510428e-24, 1.68996062449e-23, 1.63976998049e-23, 2.47080275861e-23, 3.85456686497e-23, 4.04108860839e-23, 4.44834593932e-23, 3.96738848946e-23, 7.17831616879e-23, 9.60766128917e-23, 1.24829147694e-22, 2.16327495881e-22, 2.49766135829e-22, 3.51363266755e-22, 4.61159300437e-22, 5.88371742076e-22, 9.69546049817e-22, 1.2850599177e-21, 2.0224174197e-21], "var": [2.8361432669e-07, 0.000267203256954, 1.10610235424e-05, 2.24022915063e-06, 1.80089045898e-05, 3.5179866245e-05, 5.41792996955e-06, 1.04081336758e-05, 6.97373752701e-06, 1.58334896696e-05, 4.87677243655e-06, 2.77813683169e-07, 4.17038882006e-06, 2.40415351982e-06, 2.09863088685e-07, 1.13815758596e-06, 6.51762888992e-07, 8.25132474347e-07, 7.35041169264e-07, 1.07411557426e-09, 7.07563729829e-10, 3.79004099216e-08, 1.29797769755e-10, 8.05245292668e-09, 8.55018633672e-09, 9.5785130938e-09, 5.15383780098e-09], "median": [6.61124204271e-06, 0.00089312059572, 0.000113991503895, 7.32749977033e-05, 0.000446709804237, 0.000794927589595, 0.000406897248467, 0.000487874465762, 0.000258657586528, 0.000742793374229, 0.000118784941151, 9.50078174355e-05, 3.72502217942e-05, 8.86451452971e-05, 4.37209109805e-06, 3.43224382959e-06, 4.79387608721e-06, 1.34317642733e-05, 2.21750979108e-05, 1.59356404765e-05, 1.51722815644e-05, 7.15618352842e-06, 3.02519288198e-06, 5.43339774595e-06, 3.62104765372e-06, 2.39596010942e-06, 5.28406474132e-07]}, "melbands_kurtosis": {"dmean": 6.04906845093, "dmean2": 9.17778491974, "max": 680.971679688, "dvar": 460.586334229, "mean": 22.1450634003, "dvar2": 985.755004883, "min": -1.9842171669, "var": 3396.90161133, "median": 4.21722173691}, "erbbands_crest": {"dmean": 1.59802639484, "dmean2": 2.44922876358, "max": 35.0730285645, "dvar": 5.07048225403, "mean": 14.9759016037, "dvar2": 11.3674058914, "min": 2.40122365952, "var": 49.2484321594, "median": 13.1999263763}, "melbands_skewness": {"dmean": 0.473016798496, "dmean2": 0.722768008709, "max": 19.6093101501, "dvar": 0.749777317047, "mean": 2.17062878609, "dvar2": 1.56319749355, "min": -18.2914352417, "var": 7.28265380859, "median": 1.54946327209}, "spectral_energyband_middle_low": {"dmean": 0.00205707224086, "dmean2": 0.00327839003876, "max": 0.0911985710263, "dvar": 1.27147868625e-05, "mean": 0.0136179849505, "dvar2": 3.54534240614e-05, "min": 1.62571888471e-22, "var": 0.000182348274393, "median": 0.0101760467514}, "spectral_contrast_coeffs": {"dmean": [0.0440056473017, 0.0386003293097, 0.0426718071103, 0.0383306592703, 0.0266980789602, 0.0218359157443], "dmean2": [0.0757608562708, 0.0645071864128, 0.0694417655468, 0.0614481717348, 0.0421690382063, 0.0355539135635], "max": [-0.23979896307, -0.276665061712, -0.296572059393, -0.321836709976, -0.390907645226, -0.547920584679], "dvar": [0.00151950004511, 0.00190909160301, 0.00252599129453, 0.00202200515196, 0.0011453658808, 0.000527456984855], "mean": [-0.688727557659, -0.611468136311, -0.591817080975, -0.682446777821, -0.752762019634, -0.77206236124], "dvar2": [0.0041784462519, 0.00476657738909, 0.0060313413851, 0.00459021795541, 0.00235525495373, 0.00132826389745], "min": [-0.990566909313, -0.997565448284, -0.996425509453, -0.96780860424, -0.970365405083, -0.966296553612], "var": [0.0191370192915, 0.0225707776845, 0.0171623416245, 0.0146565176547, 0.00739427143708, 0.00272053899243], "median": [-0.67459076643, -0.595563352108, -0.584333837032, -0.687691450119, -0.775480151176, -0.780045688152]}, "spectral_contrast_valleys": {"dmean": [0.464278817177, 0.405092120171, 0.482183247805, 0.506323635578, 0.400513976812, 0.403223693371], "dmean2": [0.80691576004, 0.665423810482, 0.779736459255, 0.810263216496, 0.639164626598, 0.661513626575], "max": [-5.22181177139, -4.7487077713, -5.20334768295, -6.08310031891, -6.4371972084, -8.96935844421], "dvar": [0.213507160544, 0.259175658226, 0.343546181917, 0.413455843925, 0.430694848299, 0.417871594429], "mean": [-8.96039676666, -8.4768743515, -9.03815841675, -9.70948696136, -9.54571437836, -11.781337738], "dvar2": [0.581727087498, 0.583737432957, 0.774641990662, 0.918681740761, 0.947305738926, 0.990486085415], "min": [-28.0117321014, -27.9964046478, -27.748506546, -27.5885772705, -27.4782543182, -27.4089050293], "var": [6.881046772, 4.545773983, 2.87013959885, 2.69874668121, 2.97362565994, 3.2114739418], "median": [-8.01899051666, -7.81811618805, -8.66155433655, -9.41205883026, -8.99418544769, -11.1642827988]}, "silence_rate_20dB": {"dmean": 0, "dmean2": 0, "max": 1, "dvar": 0, "mean": 1, "dvar2": 0, "min": 1, "var": 0, "median": 1}, "silence_rate_30dB": {"dmean": 0.00230442686006, "dmean2": 0.00460913358256, "max": 1, "dvar": 0.00229887501337, "mean": 0.989266872406, "dvar2": 0.00543731823564, "min": 0, "var": 0.0106190945953, "median": 1}, "spectral_strongpeak": {"dmean": 0.467031419277, "dmean2": 0.789282381535, "max": 32.8268051147, "dvar": 1.53772318363, "mean": 1.60300850868, "dvar2": 3.96419978142, "min": 0, "var": 3.50195360184, "median": 0.926363945007}, "spectral_spread": {"dmean": 515898.71875, "dmean2": 820688.0625, "max": 42144576, "dvar": 603790508032, "mean": 4203750.5, "dvar2": 1228846661630.0, "min": 317753.4375, "var": 9353452060670.0, "median": 3317424}, "barkbands_flatness_db": {"dmean": 0.0238628834486, "dmean2": 0.0374828949571, "max": 0.803423285484, "dvar": 0.00117106188554, "mean": 0.256210297346, "dvar2": 0.00262127653696, "min": 0.0263525303453, "var": 0.0158842597157, "median": 0.21740539372}, "pitch_salience": {"dmean": 0.0410548299551, "dmean2": 0.0685928910971, "max": 0.998329401016, "dvar": 0.00292827119119, "mean": 0.420418024063, "dvar2": 0.00763469608501, "min": 0.0097415195778, "var": 0.0179187506437, "median": 0.437488883734}, "erbbands_kurtosis": {"dmean": 2.49876356125, "dmean2": 3.56658530235, "max": 525.36517334, "dvar": 149.854049683, "mean": 8.30548858643, "dvar2": 325.918762207, "min": -1.96317327023, "var": 868.794189453, "median": 1.1490688324}, "average_loudness": 0.518868565559, "barkbands_crest": {"dmean": 1.44137752056, "dmean2": 2.38725399971, "max": 26.9883823395, "dvar": 3.33933877945, "mean": 12.7601623535, "dvar2": 9.37372684479, "min": 2.48642134666, "var": 31.7730083466, "median": 11.2806787491}, "hfc": {"dmean": 2.61547613144, "dmean2": 3.61669278145, "max": 110.654426575, "dvar": 25.2956962585, "mean": 14.8995714188, "dvar2": 54.2875938416, "min": 1.08912667646e-16, "var": 158.48399353, "median": 12.8897533417}, "barkbands_kurtosis": {"dmean": 5.25331449509, "dmean2": 7.19726800919, "max": 7192.93164062, "dvar": 2793.56665039, "mean": 18.1403331757, "dvar2": 3973.94995117, "min": -1.96226477623, "var": 11486.9179688, "median": 2.21956682205}, "erbbands": {"dmean": [0.0491358526051, 0.654443144798, 0.66262036562, 0.64307653904, 2.3102824688, 2.03886938095, 3.89561295509, 9.63778400421, 4.72990894318, 7.29746580124, 3.07420277596, 6.72218465805, 15.506983757, 2.51665973663, 10.0358133316, 7.01490068436, 8.82203674316, 16.4101848602, 3.54844069481, 3.41755175591, 2.66324520111, 2.71453142166, 5.15163421631, 10.1794185638, 0.943648636341, 0.572181999683, 0.578609406948, 0.388229310513, 0.701916396618, 0.489682644606, 0.124242603779, 0.155392900109, 0.111415944993, 0.0916016250849, 0.129733040929, 0.0736265107989, 0.0112004689872, 0.0045013576746, 0.00138754292857, 2.46916388278e-05], "dmean2": [0.0889674201608, 1.22237884998, 1.16040623188, 0.991531610489, 4.2318353653, 3.01788973808, 6.23697090149, 16.8906841278, 6.40579986572, 10.9260320663, 4.51276874542, 8.29723644257, 20.7193279266, 3.6477959156, 12.8830881119, 10.3144798279, 10.6302671432, 23.7023067474, 5.08633041382, 4.4801659584, 3.19513130188, 3.24143815041, 5.95735406876, 11.9553003311, 1.33740746975, 0.923382878304, 0.935691654682, 0.643793880939, 1.08077406883, 0.729473888874, 0.201849430799, 0.240142479539, 0.178503841162, 0.150583043694, 0.201263472438, 0.116707921028, 0.0181182175875, 0.0075301444158, 0.00246254261583, 4.23835517722e-05], "max": [5.64967536926, 41.3776512146, 68.779586792, 63.3401756287, 147.300811768, 161.291809082, 201.53994751, 710.675292969, 630.572021484, 751.415222168, 264.885101318, 800.343139648, 1269.46716309, 326.920257568, 1481.52160645, 424.671508789, 1105.93518066, 968.431152344, 459.495666504, 512.22253418, 383.176116943, 377.18359375, 816.249694824, 1812.95568848, 86.4295730591, 44.930015564, 18.2301540375, 211.507293701, 221.996780396, 476.922912598, 17.6781539917, 156.969985962, 56.8497467041, 31.4853515625, 63.515586853, 40.1722755432, 1.58841454983, 1.92060709, 0.963170647621, 0.0109330443665], "dvar": [0.0185580700636, 2.06945776939, 2.88152170181, 2.32469701767, 37.0736656189, 34.8281288147, 92.1138153076, 572.065795898, 208.667785645, 601.982788086, 83.748840332, 484.732391357, 2301.74682617, 59.1881408691, 1794.95507812, 229.718261719, 1367.00830078, 1789.07336426, 122.205833435, 241.18132019, 194.956542969, 275.181610107, 541.836914062, 3285.52587891, 7.85485458374, 1.38160383701, 1.10251426697, 9.9510974884, 24.7278366089, 30.4550094604, 0.137098833919, 4.07614994049, 0.868398725986, 0.300604194403, 1.29845678806, 0.578000426292, 0.00151374179404, 0.00134804833215, 0.000339788384736, 4.39968168564e-08], "mean": [0.167846679688, 1.96652722359, 2.25445890427, 1.88592123985, 4.62741708755, 7.40726327896, 11.2535047531, 34.2483673096, 29.922542572, 40.4016838074, 18.9964981079, 44.6059532166, 104.855751038, 13.6160078049, 50.9924545288, 20.5848426819, 45.0795593262, 43.8958320618, 10.7960252762, 11.3995342255, 9.2199420929, 7.72011137009, 14.0590057373, 25.8243770599, 2.11347675323, 1.16912961006, 1.16175973415, 0.710994720459, 1.06727087498, 0.756789982319, 0.210260927677, 0.239301547408, 0.202432140708, 0.161640092731, 0.173298031092, 0.0967582315207, 0.0188353769481, 0.00506784487516, 0.00120610441081, 5.20091052749e-05], "dvar2": [0.0527680031955, 6.4963054657, 7.06791257858, 5.23114538193, 129.577819824, 73.9602508545, 232.8671875, 1858.52844238, 351.298614502, 1405.90307617, 176.270568848, 801.928710938, 4582.57568359, 119.200424194, 3223.65185547, 477.84979248, 2479.73168945, 3703.73364258, 221.747711182, 441.322662354, 351.001983643, 512.74041748, 975.006530762, 6141.81884766, 15.4442710876, 3.33033394814, 2.69360089302, 28.2896080017, 57.0553512573, 64.8392410278, 0.313981115818, 9.10327148438, 2.12187743187, 0.774870216846, 2.97810935974, 1.2583950758, 0.00365567696281, 0.00365346600302, 0.000918723351788, 1.18863511034e-07], "min": [1.00185057284e-22, 8.39414494663e-22, 3.59958750714e-21, 6.64665713919e-21, 1.94282172292e-20, 1.61898342117e-20, 4.505117391e-20, 1.30879075608e-19, 1.74775237196e-19, 1.70960913521e-19, 2.5157025875e-19, 2.57797093456e-19, 6.13124571395e-19, 7.41112418118e-19, 8.02301397872e-19, 1.33750638275e-18, 1.79092895103e-18, 1.74371885834e-18, 2.47705789835e-18, 3.3368015097e-18, 2.48080316537e-18, 5.09826483974e-18, 4.85298428143e-18, 4.91564776232e-18, 6.73082778776e-18, 9.60695504353e-18, 7.96360441956e-18, 1.09757189273e-17, 1.31227282457e-17, 1.22921355131e-17, 1.22173343975e-17, 1.2247316386e-17, 9.34497039992e-18, 8.58051406604e-18, 7.19681874507e-18, 4.53121929495e-18, 2.29433432143e-18, 9.10500137511e-19, 2.56216816594e-19, 2.83886350588e-20], "var": [0.144459292293, 16.3858604431, 31.8358535767, 16.7445430756, 84.2972717285, 219.424179077, 341.291503906, 3769.44042969, 3375.08642578, 4046.76708984, 648.978088379, 5915.84179688, 25017.8710938, 409.903991699, 12075.2548828, 900.032043457, 9413.81445312, 7528.65722656, 759.384765625, 1206.93164062, 927.337097168, 1012.347229, 1966.28051758, 10396.4160156, 23.0082359314, 2.37479305267, 1.87272489071, 6.64032030106, 35.965511322, 48.9011764526, 0.193268358707, 4.4853515625, 0.914310574532, 0.288701027632, 1.44761800766, 0.732677638531, 0.00224084430374, 0.0010588694131, 0.000255966297118, 3.47660567002e-08], "median": [0.0190270338207, 0.17824755609, 0.275947332382, 0.352706283331, 0.642118692398, 1.25535511971, 2.80091238022, 7.08805274963, 7.44581270218, 11.7748155594, 8.7267332077, 10.1242799759, 29.8957576752, 7.07328224182, 7.67194080353, 8.38604927063, 4.37732839584, 8.56953144073, 2.42115855217, 1.00070905685, 0.394452154636, 0.447602599859, 0.78294724226, 1.23872840405, 0.863161325455, 0.821667850018, 0.793909013271, 0.418261677027, 0.241676777601, 0.190872550011, 0.0834499895573, 0.0757063105702, 0.0958132445812, 0.0477514527738, 0.0257519278675, 0.0126310521737, 0.00387956621125, 0.000519080844242, 0.000124005338876, 3.62904538633e-05]}, "spectral_energy": {"dmean": 0.00435377424583, "dmean2": 0.0072736539878, "max": 0.20441120863, "dvar": 4.99357593071e-05, "mean": 0.0273908283561, "dvar2": 0.00014488013403, "min": 1.00265041974e-20, "v