{"tonal": {"chords_key": "A", "hpcp_entropy": {"dmean": 0.454176425934, "dmean2": 0.747861623764, "max": 4.31069087982, "dvar": 0.185278773308, "mean": 1.82737362385, "dvar2": 0.466863632202, "min": 0, "var": 0.442516684532, "median": 1.86207675934}, "key_key": "E", "chords_strength": {"dmean": 0.00755018694326, "dmean2": 0.00596274947748, "max": 0.764646530151, "dvar": 4.67202298751e-05, "mean": 0.522136032581, "dvar2": 3.76195166609e-05, "min": 0.273457407951, "var": 0.00891309790313, "median": 0.519903361797}, "key_scale": "major", "chords_number_rate": 0.00133293843828, "thpcp": [1, 0.408396363258, 0.14068543911, 0.100768469274, 0.162462025881, 0.553543508053, 0.596433639526, 0.209169343114, 0.0696875527501, 0.0622893609107, 0.105052359402, 0.259255170822, 0.289541333914, 0.266160190105, 0.500137209892, 0.453632295132, 0.156361222267, 0.0909028276801, 0.102203473449, 0.24776275456, 0.830969691277, 0.941284835339, 0.357699692249, 0.0911425203085, 0.0699267834425, 0.114600427449, 0.308656185865, 0.331634432077, 0.145345762372, 0.0735101103783, 0.0628126710653, 0.0881674364209, 0.21150149405, 0.245445504785, 0.252751201391, 0.82455945015], "key_strength": 0.863357663155, "tuning_nontempered_energy_ratio": 0.96923995018, "tuning_frequency": 434.193115234, "chords_changes_rate": 0.0441350713372, "tuning_diatonic_strength": 0.616958379745, "chords_scale": "major", "chords_histogram": [24.0521335602, 2.02902841568, 23.104265213, 0, 5.30213260651, 0.0444312803447, 0.0444312803447, 0, 0.784952580929, 0, 0, 0, 0, 0, 0, 0.977488160133, 0, 1.55509483814, 0, 2.96208524704, 0.296208530664, 6.93127965927, 26.4218006134, 5.49466848373], "tuning_equal_tempered_deviation": 0.191470742226, "hpcp": {"dmean": [0.0746079385281, 0.0756088420749, 0.059195805341, 0.0423417277634, 0.049246840179, 0.0843605548143, 0.125595256686, 0.126317098737, 0.0924251973629, 0.0474705547094, 0.0374232269824, 0.0478995963931, 0.0632489323616, 0.0633384883404, 0.0430867671967, 0.0274193584919, 0.0273358915001, 0.0362522304058, 0.0502533018589, 0.0580123104155, 0.0762401968241, 0.104288935661, 0.102108471096, 0.0887645632029, 0.0642431378365, 0.0489190258086, 0.0612117834389, 0.0994039773941, 0.0935832485557, 0.0623632781208, 0.0396509952843, 0.0346956215799, 0.0476758778095, 0.0687796920538, 0.0750009119511, 0.0870275869966], "dmean2": [0.128423497081, 0.127157136798, 0.104564867914, 0.0767529904842, 0.0896199792624, 0.147490248084, 0.202954739332, 0.20418150723, 0.154760494828, 0.0855798050761, 0.0684311315417, 0.0843292549253, 0.10473485291, 0.103724122047, 0.0735170841217, 0.0475415959954, 0.0482030622661, 0.0642588064075, 0.0841979533434, 0.0969483479857, 0.12908770144, 0.172027274966, 0.164016753435, 0.150077700615, 0.115487098694, 0.0886484086514, 0.107832431793, 0.16417875886, 0.153283238411, 0.109131328762, 0.0747157409787, 0.0648598372936, 0.0859181210399, 0.118514984846, 0.128172725439, 0.1526992172], "max": [1, 1, 1, 1, 1, 1, 1, 1, 1, 1, 1, 1, 1, 1, 1, 1, 1, 1, 1, 1, 1, 1, 1, 1, 1, 1, 1, 1, 1, 1, 1, 1, 1, 1, 1, 1], "dvar": [0.0274084806442, 0.0255704578012, 0.0213773548603, 0.0166656300426, 0.019810013473, 0.0268250051886, 0.0347390137613, 0.0387595184147, 0.0246175397187, 0.0173904486001, 0.0142513075843, 0.0164211448282, 0.0193149037659, 0.0185973718762, 0.0113534703851, 0.00836415868253, 0.0101012717932, 0.0137388231233, 0.0165355019271, 0.0196571890265, 0.021543327719, 0.0277432873845, 0.0317868180573, 0.0229767858982, 0.0331897549331, 0.0201422404498, 0.0228662714362, 0.0342924669385, 0.0307254083455, 0.0205192770809, 0.0204366445541, 0.0167678296566, 0.0190262999386, 0.0283964499831, 0.0292063094676, 0.0318974852562], "mean": [0.190753370523, 0.173016294837, 0.0596364922822, 0.0346705280244, 0.0389806181192, 0.0944972261786, 0.316933572292, 0.3590079844, 0.136427402496, 0.0347619466484, 0.0266702193767, 0.0437088422477, 0.11772210896, 0.126486063004, 0.0554351769388, 0.0280369091779, 0.0239568818361, 0.0336272418499, 0.0806671082973, 0.0936134234071, 0.0963998287916, 0.314488679171, 0.381402075291, 0.155763223767, 0.0536577180028, 0.0384333021939, 0.0619633533061, 0.211122646928, 0.227481022477, 0.0797776207328, 0.0265789758414, 0.0237572919577, 0.0400671884418, 0.0988804548979, 0.110431671143, 0.101514048874], "dvar2": [0.0686018392444, 0.0628900527954, 0.057355362922, 0.0470988899469, 0.0559856817126, 0.074201233685, 0.0830236747861, 0.0885397344828, 0.0635450333357, 0.0471828691661, 0.0395001210272, 0.0446567125618, 0.0481749735773, 0.0449659526348, 0.0307479854673, 0.0224226824939, 0.0275978706777, 0.0379942506552, 0.0413636155427, 0.0468878634274, 0.0564305782318, 0.0690024122596, 0.0725934281945, 0.0626668259501, 0.0889092981815, 0.0558477118611, 0.0637077689171, 0.0854808539152, 0.0731279551983, 0.0571915656328, 0.0580863840878, 0.0476781278849, 0.0541644729674, 0.074131436646, 0.0730032399297, 0.0895617753267], "min": [0, 0, 0, 0, 0, 0, 0, 0, 0, 0, 0, 0, 0, 0, 0, 0, 0, 0, 0, 0, 0, 0, 0, 0, 0, 0, 0, 0, 0, 0, 0, 0, 0, 0, 0, 0], "var": [0.107916586101, 0.0920936539769, 0.0199594609439, 0.0129588479176, 0.0150423822924, 0.0272258929908, 0.113076582551, 0.136145308614, 0.0343118607998, 0.0129210809246, 0.0101388925686, 0.014289425686, 0.0515039265156, 0.0573437176645, 0.0136436186731, 0.00835651997477, 0.00826213695109, 0.0118455160409, 0.035771522671, 0.0453908666968, 0.0251903627068, 0.112884216011, 0.16125202179, 0.0353445932269, 0.0293751824647, 0.0157046541572, 0.0195559281856, 0.0945777520537, 0.106480486691, 0.021917078644, 0.0130966724828, 0.0110721737146, 0.0146390171722, 0.0467708110809, 0.0531278736889, 0.033223927021], "median": [0.0144050344825, 0.0101738553494, 0.00685778167099, 0.00322478008457, 0.00290557742119, 0.0250046756119, 0.163992568851, 0.186722666025, 0.0545489862561, 0.00184008572251, 0.00117537914775, 0.0044773183763, 0.0181448347867, 0.0201254189014, 0.0111711509526, 0.00291190319695, 0.00181454489939, 0.00285561243072, 0.00752309756353, 0.00771451881155, 0.0324553996325, 0.161332473159, 0.194260418415, 0.0708763599396, 0.00149953283835, 0.00109478179365, 0.00784549675882, 0.0426924787462, 0.0506262183189, 0.0172942187637, 0.00119938328862, 0.00107590423431, 0.00297099770978, 0.00828927569091, 0.00931915827096, 0.0164793692529]}}, "lowlevel": {"melbands_flatness_db": {"dmean": 0.0210967529565, "dmean2": 0.0297156665474, "max": 0.685512959957, "dvar": 0.000650537025649, "mean": 0.315628111362, "dvar2": 0.00124766351655, "min": 0.00771218538284, "var": 0.0112196579576, "median": 0.303186058998}, "melbands_crest": {"dmean": 2.13853120804, "dmean2": 3.43148398399, "max": 34.4220237732, "dvar": 5.979616642, "mean": 15.1549987793, "dvar2": 15.8765668869, "min": 2.6761469841, "var": 29.5030727386, "median": 14.2264709473}, "spectral_entropy": {"dmean": 0.179037928581, "dmean2": 0.251898616552, "max": 9.7748670578, "dvar": 0.0542284175754, "mean": 6.65880346298, "dvar2": 0.0968383550644, "min": 4.01941537857, "var": 0.688838243484, "median": 6.81107950211}, "melbands": {"dmean": [0.000544732785784, 0.000717772927601, 0.00037882316974, 0.000423635588959, 0.000310028903186, 0.0002147674968, 9.11542811082e-05, 8.03096336313e-05, 4.78227848362e-05, 5.27728443558e-05, 4.33678396803e-05, 3.76914613298e-05, 3.84708109777e-05, 1.27886223709e-05, 1.719348802e-05, 1.46808324644e-05, 1.37260076372e-05, 8.78514128999e-06, 4.76595232612e-06, 4.36544996774e-06, 7.92222544987e-06, 4.92330309498e-06, 2.45316937253e-06, 1.59792352861e-06, 1.90301773273e-06, 2.66033976004e-06, 2.09397694562e-06, 1.28577619307e-06, 1.18555158224e-06, 1.09872564735e-06, 1.12337750124e-06, 1.16403828088e-06, 1.07816674699e-06, 7.35384446671e-07, 5.23720814272e-07, 2.66283564088e-07, 1.7049779899e-07, 1.66565556015e-07, 1.46959649783e-07, 1.74953541432e-07], "dmean2": [0.000929273024667, 0.00122721551452, 0.000633459712844, 0.000697457697242, 0.000496692082379, 0.000322049629176, 0.0001416765881, 0.000117885945656, 6.81750025251e-05, 7.74079962866e-05, 6.27275803708e-05, 5.54439611733e-05, 5.68183131691e-05, 1.77235488081e-05, 2.59753724094e-05, 2.06425520446e-05, 1.97437366296e-05, 1.31289461933e-05, 7.2713201007e-06, 6.5568278842e-06, 1.18998614198e-05, 7.45862598706e-06, 3.91126286559e-06, 2.5705076041e-06, 3.00363035421e-06, 4.06257231589e-06, 3.20585058944e-06, 1.98302086574e-06, 1.76831133558e-06, 1.66974882632e-06, 1.6691313931e-06, 1.64990512985e-06, 1.5867209413e-06, 1.10118844532e-06, 7.86236569184e-07, 4.2279108925e-07, 2.59544606251e-07, 2.54568362834e-07, 2.23882139494e-07, 2.72741857543e-07], "max": [0.0318812355399, 0.0496067516506, 0.0196656193584, 0.0268156062812, 0.0209620799869, 0.0125692486763, 0.0101273832843, 0.00850504823029, 0.00460873916745, 0.00405800063163, 0.00565520720556, 0.00898011866957, 0.00708076870069, 0.0021980854217, 0.00273997499608, 0.00277961185202, 0.00380894355476, 0.00144420610741, 0.000797360495199, 0.000907478271984, 0.000920247111935, 0.00116264075041, 0.000405138125643, 0.000497566128615, 0.000352339557139, 0.000425890757469, 0.000361524231266, 0.00019136913761, 0.000287354021566, 0.000151621163241, 0.000175412278622, 0.000237223081058, 0.000214486964978, 0.000169676393853, 0.000131756882183, 0.00010244299483, 3.54463663825e-05, 3.84451705031e-05, 1.93309206225e-05, 2.31922149396e-05], "dvar": [3.0902049275e-06, 6.58808085063e-06, 1.03083766589e-06, 1.12527368401e-06, 4.59871586145e-07, 2.16291255128e-07, 6.11464088252e-08, 5.73916594249e-08, 1.68758322872e-08, 2.48714435713e-08, 2.08498658338e-08, 2.5203148013e-08, 2.65734207971e-08, 2.25828755696e-09, 5.85872550474e-09, 3.85590404051e-09, 4.50663595331e-09, 1.31861332964e-09, 3.86413845366e-10, 3.98888228004e-10, 8.8348334204e-10, 2.69670091813e-10, 6.20696202769e-11, 3.91492394058e-11, 4.74365026426e-11, 1.02000678737e-10, 8.27372753642e-11, 2.50270047741e-11, 2.36316678032e-11, 2.09240090532e-11, 2.96401479749e-11, 4.33894899177e-11, 3.78644442189e-11, 1.84765015787e-11, 1.04579548146e-11, 3.07426761999e-12, 7.28446762546e-13, 5.00315392414e-13, 2.35814758562e-13, 6.89533120272e-13], "mean": [0.00145123759285, 0.00188163202256, 0.000796792970505, 0.000865656591486, 0.000702102144714, 0.000590352807194, 0.000241428046138, 0.000210316022276, 0.000128764964757, 0.000129484993522, 0.000105354905827, 9.14704505703e-05, 8.31569705042e-05, 2.86786089418e-05, 3.75815507141e-05, 3.2537511288e-05, 2.84874495264e-05, 1.71998817677e-05, 8.95680750546e-06, 8.50804099173e-06, 1.76953944901e-05, 1.18470243251e-05, 4.92628669235e-06, 3.1812837733e-06, 3.81189488508e-06, 5.55139649805e-06, 4.15357135353e-06, 2.57435044659e-06, 2.37536960412e-06, 2.09540371543e-06, 1.93060736819e-06, 1.95715460904e-06, 1.8515265765e-06, 1.25594044675e-06, 8.36056358366e-07, 4.2150654167e-07, 2.96456818205e-07, 2.98063753235e-07, 2.73907232895e-07, 3.08662436055e-07], "dvar2": [8.51672848512e-06, 1.82638032129e-05, 2.73053751698e-06, 3.03675687974e-06, 1.19954233924e-06, 5.47123079286e-07, 1.58243693704e-07, 1.19481867955e-07, 3.43249837442e-08, 5.76232217497e-08, 4.56417232897e-08, 6.78799807474e-08, 6.24977616326e-08, 4.33594982141e-09, 1.34202720048e-08, 8.69830873995e-09, 1.08954996136e-08, 2.94962188008e-09, 8.68050076264e-10, 8.720366651e-10, 2.04161376693e-09, 5.3927001753e-10, 1.5280689214e-10, 8.58863535846e-11, 1.1247835302e-10, 2.4656923725e-10, 1.96638691441e-10, 5.49577640341e-11, 4.56121217185e-11, 4.33335901884e-11, 6.36254243735e-11, 7.82834977398e-11, 7.19190262899e-11, 3.6410225529e-11, 2.18453588552e-11, 7.78489859382e-12, 1.62494681339e-12, 1.2125689992e-12, 5.09460312478e-13, 1.5648952403e-12], "min": [3.30633788147e-23, 2.07979186025e-23, 2.10808404107e-23, 1.59887558893e-23, 2.42284743087e-23, 2.59272294701e-23, 1.56993733103e-23, 6.67617875026e-24, 1.4039188714e-23, 5.80241037923e-24, 2.82365207681e-24, 6.83838906276e-24, 1.21906123006e-23, 1.33481118511e-23, 1.66079706792e-23, 1.509564386e-23, 6.58447169788e-24, 1.45280316175e-23, 1.08850096371e-23, 1.46833630629e-23, 1.19678072154e-23, 1.2168173941e-23, 8.46395055394e-24, 1.05056992815e-23, 8.17235285349e-24, 5.85061688029e-24, 5.13032770925e-24, 9.81039096874e-24, 1.22179668413e-23, 7.61044959728e-24, 7.73589978046e-24, 9.52086876133e-24, 1.13958025953e-23, 1.20080572654e-23, 1.13205428983e-23, 1.28330061904e-23, 1.12577976908e-23, 9.87147325749e-24, 1.04812619484e-23, 8.98221323601e-24], "var": [6.6775050982e-06, 1.07589075924e-05, 1.52410598275e-06, 1.97866165763e-06, 1.21016523735e-06, 8.30340184166e-07, 2.13912784375e-07, 2.24426031536e-07, 7.10276424343e-08, 7.50653299519e-08, 7.63231042811e-08, 7.70212338352e-08, 7.90591201394e-08, 9.90453408178e-09, 2.26428849004e-08, 1.4775840107e-08, 1.4911750057e-08, 4.67076022304e-09, 9.31220711653e-10, 1.00579045093e-09, 3.16660986321e-09, 1.82262005488e-09, 1.84858336971e-10, 1.15699276548e-10, 1.15817341828e-10, 2.92384533251e-10, 2.06728981156e-10, 6.97133670235e-11, 7.17546022599e-11, 5.67657448824e-11, 7.74874400755e-11, 1.19431159407e-10, 1.03663050366e-10, 4.26400789677e-11, 1.93247588071e-11, 3.91642751216e-12, 1.33180261524e-12, 9.02225288837e-13, 5.99989730208e-13, 1.25450930026e-12], "median": [6.14162781858e-05, 0.000582988956012, 0.000393659836845, 0.000374878785806, 0.000293048535241, 0.000242151363636, 7.45045836084e-05, 4.16879629483e-05, 2.9202667065e-05, 2.71905410045e-05, 1.33914791149e-05, 1.04703476609e-05, 6.66833511787e-06, 2.01533521249e-06, 2.11968290387e-06, 1.54852875767e-06, 1.12630948479e-06, 8.31691238545e-07, 5.99342229179e-07, 5.20933269854e-07, 9.11685901883e-07, 1.03652610051e-06, 5.52970618628e-07, 3.19226813872e-07, 3.30466860987e-07, 3.93520139141e-07, 3.11279507059e-07, 2.00275025009e-07, 1.55105794875e-07, 1.23905010696e-07, 9.54640029249e-08, 8.36595930309e-08, 6.69482886906e-08, 5.88407189639e-08, 4.0419468661e-08, 3.28702860486e-08, 3.37120056315e-08, 3.54558835625e-08, 3.37615588819e-08, 3.18340838135e-08]}, "silence_rate_60dB": {"dmean": 0.0276996009052, "dmean2": 0.055403303355, "max": 1, "dvar": 0.0269293058664, "mean": 0.250833153725, "dvar2": 0.0586982853711, "min": 0, "var": 0.187912777066, "median": 0}, "spectral_energyband_middle_high": {"dmean": 0.000737387512345, "dmean2": 0.00107952603139, "max": 0.0652262046933, "dvar": 3.97451685785e-06, "mean": 0.00286649051122, "dvar2": 9.25065796764e-06, "min": 1.47955903911e-21, "var": 3.51107628376e-05, "median": 0.000494132575113}, "erbbands_skewness": {"dmean": 0.351372390985, "dmean2": 0.502234280109, "max": 9.36723232269, "dvar": 0.178411930799, "mean": 1.1982884407, "dvar2": 0.348593652248, "min": -4.96268510818, "var": 1.68572604656, "median": 1.05913007259}, "dynamic_complexity": 6.04182577133, "dissonance": {"dmean": 0.0244977064431, "dmean2": 0.0402387194335, "max": 0.500000059605, "dvar": 0.000586873735301, "mean": 0.423629850149, "dvar2": 0.00151846790686, "min": 0.123939394951, "var": 0.00283022993244, "median": 0.43626216054}, "spectral_skewness": {"dmean": 0.38510003686, "dmean2": 0.574069499969, "max": 10.4800386429, "dvar": 0.240882232785, "mean": 3.04239797592, "dvar2": 0.458493679762, "min": -0.0401096902788, "var": 3.15835738182, "median": 2.38721132278}, "spectral_kurtosis": {"dmean": 4.58603000641, "dmean2": 7.09752941132, "max": 138.847473145, "dvar": 51.8820495605, "mean": 17.9884681702, "dvar2": 109.467971802, "min": -1.19507598877, "var": 489.782196045, "median": 8.35967350006}, "gfcc": {"cov": [[19693.953125, -2956.56884766, -2551.05615234, 1900.47192383, 453.379730225, 827.415222168, 1066.09277344, 599.61932373, 277.794921875, 778.916320801, 334.511779785, 255.422286987, 463.524932861], [-2956.56884766, 2105.4675293, 379.192718506, -679.073913574, 393.758483887, 9.90220069885, 94.7728042603, 69.1456680298, 173.131362915, -114.056892395, 128.635162354, 11.6607866287, -12.4637136459], [-2551.05615234, 379.192718506, 1071.14599609, 33.5277442932, -35.3950996399, 92.3398208618, -78.4715881348, -20.1414299011, 11.9478025436, -20.4975891113, 7.88967418671, 32.8434143066, -15.3175477982], [1900.47192383, -679.073913574, 33.5277442932, 749.945068359, 57.2971878052, 107.067848206, 134.801971436, 73.3659820557, 48.8879547119, 136.879211426, 32.288608551, 65.220741272, 72.5848464966], [453.379730225, 393.758483887, -35.3950996399, 57.2971878052, 442.744995117, 120.409767151, 143.311294556, 109.109512329, 151.84588623, 61.9684715271, 107.920829773, 41.5299339294, 57.3657646179], [827.415222168, 9.90220069885, 92.3398208618, 107.067848206, 120.409767151, 285.166229248, 164.132263184, 93.3953018188, 63.1565132141, 92.03565979, 62.6050186157, 34.0767822266, 16.9122962952], [1066.09277344, 94.7728042603, -78.4715881348, 134.801971436, 143.311294556, 164.132263184, 352.442504883, 121.204772949, 84.3790893555, 91.6776123047, 89.7595748901, 51.050579071, 28.9374790192], [599.61932373, 69.1456680298, -20.1414299011, 73.3659820557, 109.109512329, 93.3953018188, 121.204772949, 193.364761353, 78.8470153809, 40.3168563843, 41.8993606567, 39.193157196, 28.2983207703], [277.794921875, 173.131362915, 11.9478025436, 48.8879547119, 151.84588623, 63.1565132141, 84.3790893555, 78.8470153809, 177.593490601, 51.6019515991, 46.7681694031, 24.7974376678, 33.1167984009], [778.916320801, -114.056892395, -20.4975891113, 136.879211426, 61.9684715271, 92.03565979, 91.6776123047, 40.3168563843, 51.6019515991, 157.804885864, 65.0300598145, 23.752122879, 26.521402359], [334.511779785, 128.635162354, 7.88967418671, 32.288608551, 107.920829773, 62.6050186157, 89.7595748901, 41.8993606567, 46.7681694031, 65.0300598145, 137.55241394, 56.625667572, 29.6705932617], [255.422286987, 11.6607866287, 32.8434143066, 65.220741272, 41.5299339294, 34.0767822266, 51.050579071, 39.193157196, 24.7974376678, 23.752122879, 56.625667572, 116.64981842, 57.1655044556], [463.524932861, -12.4637136459, -15.3175477982, 72.5848464966, 57.3657646179, 16.9122962952, 28.9374790192, 28.2983207703, 33.1167984009, 26.521402359, 29.6705932617, 57.1655044556, 110.128852844]], "mean": [-96.0516738892, 115.374320984, -69.7294464111, 2.86700129509, -54.0873413086, -8.69929409027, -40.3886871338, 1.77183365822, -28.2304668427, -3.74536466599, -20.5299377441, 2.43025445938, -12.9160737991], "icov": [[0.000196385371964, 9.8685566627e-05, 0.000464025477413, -0.000270363030722, 8.3750099293e-05, -0.000462884694571, -7.39104289096e-05, -0.000156020134455, -4.55052895632e-06, -0.000153575892909, -0.000163295539096, 0.000107269224827, -0.00045903379214], [9.8685566627e-05, 0.00146958197001, -0.000438268732978, 0.0012392369099, -0.00108847511001, 0.000379905919544, -0.000787154014688, -0.00014492921764, -0.000641220831312, 0.000686624029186, -0.000792986538727, 0.000246567185968, -0.000260930450168], [0.000464025477413, -0.000438268732978, 0.00250288844109, -0.00140936847311, 0.00092813174706, -0.00214523379691, 0.000738330592867, -0.000119661104691, -7.74032378104e-05, -0.000255664170254, -0.000298759463476, -0.000311163021252, -0.000716054171789], [-0.000270363030722, 0.0012392369099, -0.00140936847311, 0.00347172562033, -0.0012237324845, 0.00125226378441, -0.00101721705869, -4.02434307034e-05, -0.000413633097196, -0.000584787107073, 0.000486083823489, -0.000543885282241, -6.66887644911e-05], [8.3750099293e-05, -0.00108847511001, 0.00092813174706, -0.0012237324845, 0.00491785584018, -0.00148893543519, 0.000404836726375, -0.000486056727823, -0.00192977290135, 0.0002693356073, -0.00180427380838, 0.000895659672096, -0.00131794158369], [-0.000462884694571, 0.000379905919544, -0.00214523379691, 0.00125226378441, -0.00148893543519, 0.00749759934843, -0.00206276983954, -0.000918235455174, 0.000248338590609, -0.00165679701604, 0.000453326181741, -0.000303468870698, 0.00162936968263], [-7.39104289096e-05, -0.000787154014688, 0.000738330592867, -0.00101721705869, 0.000404836726375, -0.00206276983954, 0.00557362474501, -0.00130992173217, -0.00016184852575, -0.000634272175375, -0.00105161545798, -0.000656621064991, 0.000798669760115], [-0.000156020134455, -0.00014492921764, -0.000119661104691, -4.02434307034e-05, -0.000486056727823, -0.000918235455174, -0.00130992173217, 0.00804141815752, -0.00202712113969, 0.000681884062942, 0.000627789297141, -0.00146302569192, 0.000357905053534], [-4.55052895632e-06, -0.000641220831312, -7.74032378104e-05, -0.000413633097196, -0.00192977290135, 0.000248338590609, -0.00016184852575, -0.00202712113969, 0.00949178356677, -0.00215527229011, 0.00074161629891, 0.000194164371351, -0.000896900543012], [-0.000153575892909, 0.000686624029186, -0.000255664170254, -0.000584787107073, 0.0002693356073, -0.00165679701604, -0.000634272175375, 0.000681884062942, -0.00215527229011, 0.0116080986336, -0.00472880061716, 0.00180141406599, -0.000628876150586], [-0.000163295539096, -0.000792986538727, -0.000298759463476, 0.000486083823489, -0.00180427380838, 0.000453326181741, -0.00105161545798, 0.000627789297141, 0.00074161629891, -0.00472880061716, 0.014040899463, -0.00562692806125, 0.00127460435033], [0.000107269224827, 0.000246567185968, -0.000311163021252, -0.000543885282241, 0.000895659672096, -0.000303468870698, -0.000656621064991, -0.00146302569192, 0.000194164371351, 0.00180141406599, -0.00562692806125, 0.0148405078799, -0.00665947142988], [-0.00045903379214, -0.000260930450168, -0.000716054171789, -6.66887644911e-05, -0.00131794158369, 0.00162936968263, 0.000798669760115, 0.000357905053534, -0.000896900543012, -0.000628876150586, 0.00127460435033, -0.00665947142988, 0.0145961521193]]}, "spectral_complexity": {"dmean": 1.56939709187, "dmean2": 2.51344347, "max": 53, "dvar": 5.04503202438, "mean": 10.62504673, "dvar2": 11.8097963333, "min": 0, "var": 64.3382644653, "median": 9}, "spectral_flux": {"dmean": 0.0149528943002, "dmean2": 0.0233851447701, "max": 0.408643633127, "dvar": 0.000575698330067, "mean": 0.0487012825906, "dvar2": 0.00130909890868, "min": 1.05936454053e-10, "var": 0.0023405929096, "median": 0.0344467796385}, "spectral_energyband_low": {"dmean": 0.00323543488048, "dmean2": 0.00548319611698, "max": 0.201850771904, "dvar": 9.80099284789e-05, "mean": 0.00948921684176, "dvar2": 0.000270019372692, "min": 1.71372269268e-22, "var": 0.000220939939027, "median": 0.00311690103263}, "spectral_decrease": {"dmean": 1.38433553509e-09, "dmean2": 2.24123097858e-09, "max": 5.59728038524e-22, "dvar": 9.46718881697e-18, "mean": -5.94830718015e-09, "dvar2": 2.50937117132e-17, "min": -5.68980453863e-08, "var": 4.53758593869e-17, "median": -3.35099592519e-09}, "barkbands_spread": {"dmean": 2.6213748455, "dmean2": 3.97370815277, "max": 100.917739868, "dvar": 32.3005714417, "mean": 10.4714336395, "dvar2": 67.546546936, "min": 0.177263751626, "var": 121.320594788, "median": 6.80238819122}, "spectral_rms": {"dmean": 0.000449450191809, "dmean2": 0.000698123883922, "max": 0.0145701346919, "dvar": 5.45459215573e-07, "mean": 0.00400002859533, "dvar2": 1.38180109843e-06, "min": 3.30889894477e-12, "var": 6.92545472702e-06, "median": 0.00359451235272}, "spectral_centroid": {"dmean": 105.161468506, "dmean2": 150.830444336, "max": 11319.7978516, "dvar": 61264.921875, "mean": 679.169006348, "dvar2": 89614.9296875, "min": 116.854782104, "var": 371768, "median": 476.287994385}, "barkbands_skewness": {"dmean": 0.564751029015, "dmean2": 0.814905762672, "max": 22.7744579315, "dvar": 0.567852914333, "mean": 2.53588342667, "dvar2": 1.15761363506, "min": -3.98590016365, "var": 3.73060536385, "median": 2.11967897415}, "spectral_rolloff": {"dmean": 165.266921997, "dmean2": 277.24609375, "max": 19918.2128906, "dvar": 373223.3125, "mean": 740.211425781, "dvar2": 725034.6875, "min": 64.599609375, "var": 1102497, "median": 452.197265625}, "erbbands_spread": {"dmean": 5.7190952301, "dmean2": 8.44997787476, "max": 150.205474854, "dvar": 92.4573974609, "mean": 25.57629776, "dvar2": 199.543670654, "min": 1.09533929825, "var": 328.043518066, "median": 21.5160732269}, "barkbands": {"dmean": [0.000269114767434, 0.00197909236886, 0.00143276387826, 0.000757895642892, 0.00192096631508, 0.00119591562543, 0.000483180745505, 0.000267398892902, 0.000392713322071, 0.000272836739896, 0.000279944128124, 0.000134673857247, 0.000155466288561, 0.000152520748088, 7.44964854675e-05, 8.93970791367e-05, 7.61942865211e-05, 3.17053636536e-05, 5.74225123273e-05, 4.61745476059e-05, 4.36112059106e-05, 5.16782056366e-05, 2.9689657822e-05, 1.28626807054e-05, 1.49429724843e-05, 1.62765900313e-05, 7.20777507013e-06], "dmean2": [0.000416287628468, 0.00338055891916, 0.00243675941601, 0.00127930415329, 0.00314035848714, 0.00183825357817, 0.000736695248634, 0.000390646135202, 0.000569388328586, 0.000410338281654, 0.000418768759118, 0.000195077838725, 0.000224412317039, 0.000222348739044, 0.000113981659524, 0.000134227826493, 0.000117312032671, 5.13243103342e-05, 8.86376437848e-05, 7.00400778442e-05, 6.35318283457e-05, 7.0982008765e-05, 4.4284719479e-05, 1.92146944755e-05, 2.24173400056e-05, 2.42109017563e-05, 1.08055246528e-05], "max": [0.0221983324736, 0.15922254324, 0.0923138409853, 0.0429265908897, 0.0999904200435, 0.0622129663825, 0.0468420125544, 0.0255409739912, 0.0305336937308, 0.0448069237173, 0.0541365146637, 0.0180480629206, 0.0210637468845, 0.0371086150408, 0.0110033005476, 0.0118178436533, 0.0126166967675, 0.0085953110829, 0.00908772274852, 0.00681592291221, 0.00588127272204, 0.00853261444718, 0.00649099750444, 0.00243327626958, 0.00146151706576, 0.00142328278162, 0.000477106805192], "dvar": [1.34671120122e-06, 3.96014329453e-05, 2.53086491284e-05, 4.61347690361e-06, 2.09769150388e-05, 6.5048993747e-06, 1.70910504949e-06, 6.64790889005e-07, 1.21373716411e-06, 1.15409966384e-06, 1.407044806e-06, 2.96940044109e-07, 3.99419860742e-07, 5.34792832241e-07, 9.53526182457e-08, 1.07446062714e-07, 5.24993275519e-08, 1.23837144983e-08, 4.30899120829e-08, 3.33942971054e-08, 3.1171705217e-08, 7.47593134065e-08, 3.11464454228e-08, 3.11756487292e-09, 3.33526672947e-09, 2.99968783146e-09, 6.16385165131e-10], "mean": [0.000298781262245, 0.00571187352762, 0.00297521241009, 0.00129330076743, 0.00400105305016, 0.0030721668154, 0.00121776969172, 0.000646884494927, 0.00100004859269, 0.000633767165709, 0.000584442925174, 0.00030069751665, 0.000318975478876, 0.000299337611068, 0.00014111661585, 0.000200090900762, 0.000182303410838, 6.53949391562e-05, 0.00012653892918, 9.6752672107e-05, 8.95256744116e-05, 9.43918785197e-05, 5.17379849043e-05, 2.46718773269e-05, 2.93874199997e-05, 2.93344110105e-05, 1.32127943289e-05], "dvar2": [2.95612107948e-06, 0.000110394445073, 7.12500550435e-05, 1.22672017824e-05, 5.6108339777e-05, 1.73501848622e-05, 4.03449257647e-06, 1.33343314701e-06, 2.70122154689e-06, 2.88097407974e-06, 3.39228267876e-06, 6.50829520055e-07, 8.28985832868e-07, 1.2215367633e-06, 2.08134309787e-07, 2.51524227224e-07, 1.1466727301e-07, 2.96292039792e-08, 1.00716405882e-07, 7.04832103793e-08, 5.76768854899e-08, 1.19496974094e-07, 6.35256895976e-08, 7.00365143658e-09, 7.24382109851e-09, 6.79407063942e-09, 1.29208355126e-09], "min": [1.01545356407e-22, 8.7616761259e-23, 2.67063842307e-23, 4.81820905453e-23, 6.71707992602e-23, 1.50195910423e-22, 5.93967138788e-23, 7.1985034349e-23, 3.7199449116e-23, 3.64749781933e-23, 5.68944912636e-23, 1.45569916479e-22, 1.52261085164e-22, 9.29206707107e-23, 1.54958257397e-22, 1.93432467871e-22, 2.18643061385e-22, 2.23514839143e-22, 1.33763407653e-22, 2.85072470233e-22, 3.42786064174e-22, 5.74043453195e-22, 7.60319539017e-22, 7.97929296778e-22, 1.18770059804e-21, 1.87518957004e-21, 2.6262180694e-21], "var": [1.61465106885e-06, 0.000103420046798, 3.04759450955e-05, 6.08031314187e-06, 4.08370142395e-05, 2.21847840294e-05, 6.45878981231e-06, 2.59386888501e-06, 4.25172311225e-06, 4.09269841839e-06, 4.09360382037e-06, 1.08037249902e-06, 1.27181931475e-06, 1.47938817463e-06, 2.47197817771e-07, 3.52729159658e-07, 3.07061696958e-07, 3.74485793486e-08, 1.33888420351e-07, 9.88634951682e-08, 1.0323029187e-07, 2.47221095151e-07, 6.65593304916e-08, 6.5455409981e-09, 7.38332328609e-09, 5.96204419168e-09, 1.5701135947e-09], "median": [9.05892591163e-07, 0.000354770367267, 0.00104234728497, 0.000423975812737, 0.0017359504709, 0.00126981560607, 0.00026577184326, 0.000120498945762, 0.000213632854866, 5.60852422495e-05, 4.43942080892e-05, 1.86003653653e-05, 1.63910244737e-05, 1.20891563711e-05, 9.01211569726e-06, 1.04486825876e-05, 1.67475263879e-05, 7.41903704693e-06, 9.62343165156e-06, 7.73113970354e-06, 5.37372125109e-06, 4.00824364988e-06, 2.88387036562e-06, 3.06519632431e-06, 3.57812177754e-06, 3.6580406686e-06, 9.94653419184e-07]}, "melbands_kurtosis": {"dmean": 8.58655261993, "dmean2": 12.9464540482, "max": 649.234130859, "dvar": 332.241485596, "mean": 21.3294639587, "dvar2": 753.197814941, "min": -1.88757669926, "var": 1130.16674805, "median": 10.3520469666}, "erbbands_crest": {"dmean": 1.94322526455, "dmean2": 2.98306655884, "max": 27.7108192444, "dvar": 3.80386900902, "mean": 11.1317806244, "dvar2": 9.6537103653, "min": 2.54273700714, "var": 17.8432922363, "median": 10.3256454468}, "melbands_skewness": {"dmean": 0.6213337183, "dmean2": 0.920021772385, "max": 18.8596687317, "dvar": 0.771744966507, "mean": 2.76226782799, "dvar2": 1.68372321129, "min": -2.32849240303, "var": 3.45022940636, "median": 2.36661100388}, "spectral_energyband_middle_low": {"dmean": 0.00319655239582, "dmean2": 0.00503644393757, "max": 0.145526811481, "dvar": 4.45625992143e-05, "mean": 0.0113193001598, "dvar2": 0.000115113951324, "min": 4.38956841814e-22, "var": 0.000170335784787, "median": 0.0073469132185}, "spectral_contrast_coeffs": {"dmean": [0.0403424985707, 0.0364659242332, 0.0302526820451, 0.0254805032164, 0.0199635270983, 0.0162550192326], "dmean2": [0.066785722971, 0.0588526874781, 0.0469463244081, 0.0396372675896, 0.0301922690123, 0.0248486511409], "max": [-0.234375044703, -0.382372289896, -0.481190681458, -0.500237643719, -0.554125487804, -0.585554182529], "dvar": [0.00139834010042, 0.00106868019793, 0.000725008489098, 0.00049832102377, 0.000315473385854, 0.000267825293122], "mean": [-0.575900673866, -0.669197440147, -0.731122076511, -0.785967469215, -0.796786606312, -0.808218598366], "dvar2": [0.00364099862054, 0.0027516616974, 0.00165653112344, 0.00111479393672, 0.000661134137772, 0.000550317228772], "min": [-0.963771641254, -0.96119761467, -0.964237570763, -0.961509466171, -0.947681128979, -0.958487689495], "var": [0.0115285785869, 0.00527326995507, 0.00456726038828, 0.00396994687617, 0.00290878443047, 0.00297773629427], "median": [-0.5820505023, -0.671337366104, -0.735133111477, -0.795845091343, -0.802103102207, -0.807047247887]}, "spectral_contrast_valleys": {"dmean": [0.355529218912, 0.281544655561, 0.275108486414, 0.272664994001, 0.261230289936, 0.305700361729], "dmean2": [0.577529191971, 0.44761505723, 0.424766868353, 0.410178899765, 0.34887444973, 0.387052565813], "max": [-4.87690830231, -4.76990318298, -5.2644033432, -6.06667470932, -5.85107040405, -8.07928943634], "dvar": [0.126788392663, 0.0754677429795, 0.0700219273567, 0.0779474526644, 0.101569697261, 0.170489639044], "mean": [-8.13209056854, -7.39668464661, -8.52769851685, -9.28292942047, -9.23629951477, -11.4508895874], "dvar2": [0.282202363014, 0.152403727174, 0.135569602251, 0.143474772573, 0.147412180901, 0.247181266546], "min": [-27.8669757843, -27.4472675323, -27.0728626251, -27.1800632477, -27.6891098022, -27.2565364838], "var": [3.01756548882, 1.51819252968, 2.05390620232, 2.52189302444, 3.28281903267, 2.57311415672], "median": [-7.97326183319, -7.17849397659, -8.29759788513, -9.05163955688, -8.83977985382, -11.1396026611]}, "silence_rate_20dB": {"dmean": 0, "dmean2": 0, "max": 1, "dvar": 0, "mean": 1, "dvar2": 0, "min": 1, "var": 0, "median": 1}, "silence_rate_30dB": {"dmean": 0.0102207083255, "dmean2": 0.0204429309815, "max": 1, "dvar": 0.0101171256974, "mean": 0.990594685078, "dvar2": 0.0246172063053, "min": 0, "var": 0.0093181328848, "median": 1}, "spectral_strongpeak": {"dmean": 0.263788729906, "dmean2": 0.45259386301, "max": 12.0740890503, "dvar": 0.347905695438, "mean": 0.613577723503, "dvar2": 0.888801157475, "min": 0, "var": 0.604794323444, "median": 0.379550874233}, "spectral_spread": {"dmean": 618533.3125, "dmean2": 892302.5625, "max": 40346792, "dvar": 894737055744, "mean": 4058304.5, "dvar2": 1619318276100.0, "min": 727694.875, "var": 3587304587260.0, "median": 3988789.5}, "barkbands_flatness_db": {"dmean": 0.0178917050362, "dmean2": 0.0259754545987, "max": 0.524855911732, "dvar": 0.000434863090049, "mean": 0.214604407549, "dvar2": 0.000879629515111, "min": 0.0420131757855, "var": 0.00758224120364, "median": 0.201632976532}, "pitch_salience": {"dmean": 0.0511444099247, "dmean2": 0.0823761373758, "max": 0.957858026028, "dvar": 0.00285672908649, "mean": 0.517839133739, "dvar2": 0.00751111563295, "min": 0.044172488153, "var": 0.0135725531727, "median": 0.527152061462}, "erbbands_kurtosis": {"dmean": 1.78980529308, "dmean2": 2.66039729118, "max": 137.666702271, "dvar": 11.8770112991, "mean": 4.57408952713, "dvar2": 27.0102291107, "min": -1.85443496704, "var": 63.4071998596, "median": 2.12604641914}, "average_loudness": 0.299720793962, "barkbands_crest": {"dmean": 1.77403843403, "dmean2": 2.82400178909, "max": 26.5296726227, "dvar": 3.43366646767, "mean": 12.1475925446, "dvar2": 9.10144042969, "min": 2.81111073494, "var": 20.1230010986, "median": 11.339548111}, "hfc": {"dmean": 2.51884794235, "dmean2": 3.5903275013, "max": 126.383476257, "dvar": 33.7206306458, "mean": 11.559926033, "dvar2": 64.5926361084, "min": 1.23234744087e-16, "var": 273.888183594, "median": 4.95354938507}, "barkbands_kurtosis": {"dmean": 5.98344755173, "dmean2": 8.88585281372, "max": 739.644348145, "dvar": 201.032958984, "mean": 16.8511962891, "dvar2": 422.220092773, "min": -1.88077032566, "var": 900.486206055, "median": 7.66479921341}, "erbbands": {"dmean": [0.0669465661049, 0.446078747511, 1.55588042736, 1.82486999035, 4.05239391327, 8.40016269684, 8.35955047607, 9.51193237305, 5.99051046371, 7.91316604614, 5.49634122849, 8.26663398743, 8.23234462738, 8.79675102234, 8.62314414978, 4.88301134109, 6.22794961929, 7.38486528397, 4.65365791321, 3.25659632683, 5.54868650436, 3.94958353043, 1.71426653862, 2.17700743675, 3.07224416733, 1.95019721985, 1.73565578461, 1.79082119465, 1.95473122597, 1.35744142532, 0.759395182133, 0.306477993727, 0.218990474939, 0.185554400086, 0.101253457367, 0.0548126325011, 0.0334722585976, 0.00956419948488, 0.00140143476892, 7.87208482507e-05], "dmean2": [0.11376517266, 0.757092297077, 2.67459607124, 3.05411410332, 6.72353553772, 13.6621198654, 13.4695243835, 14.1192970276, 9.40025520325, 11.6437015533, 7.83716487885, 12.1504564285, 11.8643169403, 12.9790973663, 12.5572738647, 7.17866039276, 9.03286361694, 10.5231370926, 6.838783741, 4.93849372864, 8.34208774567, 5.93611240387, 2.70611429214, 3.39255356789, 4.65045928955, 2.94253087044, 2.57174420357, 2.59183001518, 2.6928331852, 1.94643318653, 1.13409113884, 0.465791642666, 0.328500628471, 0.280944019556, 0.154311463237, 0.0833891481161, 0.0499720200896, 0.0146505879238, 0.00207702093758, 0.000120316071843], "max": [3.95272183418, 43.0855827332, 110.873855591, 85.2769775391, 395.729553223, 451.561340332, 527.451538086, 583.250549316, 619.98425293, 927.554077148, 663.71307373, 612.150390625, 1058.69006348, 2154.17504883, 1357.64306641, 694.582336426, 1083.02307129, 2135.0534668, 677.99987793, 830.176452637, 803.45123291, 854.251403809, 360.764709473, 438.538116455, 564.282775879, 311.995941162, 384.212921143, 265.688537598, 358.908203125, 245.155715942, 171.852661133, 86.6293716431, 41.4519081116, 21.2750320435, 9.90823554993, 4.3499751091, 2.84827184677, 1.00976479053, 0.101336874068, 0.00743613298982], "dvar": [0.0550331696868, 2.2940518856, 32.7890434265, 19.5047168732, 198.287628174, 348.44140625, 346.875946045, 439.838256836, 280.606719971, 598.153808594, 252.752410889, 604.012756348, 757.143737793, 1438.2130127, 1205.18774414, 396.59072876, 594.376831055, 1406.3380127, 334.263702393, 250.413162231, 428.772674561, 160.007293701, 31.0504226685, 59.4391708374, 153.748855591, 59.5588760376, 49.9160003662, 65.100151062, 114.604225159, 56.6847610474, 20.7053279877, 2.75754404068, 0.712570726871, 0.61126345396, 0.124991349876, 0.0307168141007, 0.013383786194, 0.001308537554, 2.15301952267e-05, 8.33215523244e-08], "mean": [0.144507840276, 1.33480727673, 3.48659992218, 3.84340047836, 7.74788713455, 16.4057674408, 18.4123363495, 26.571023941, 15.8209323883, 20.5142307281, 15.2988471985, 20.6034374237, 20.6497173309, 21.8168373108, 19.8282432556, 11.8145980835, 14.6419286728, 16.2305297852, 9.84508228302, 6.87831401825, 13.136464119, 10.0034914017, 4.11337709427, 4.8810634613, 6.89994573593, 4.36729288101, 3.75102066994, 3.40766406059, 3.49877238274, 2.51280021667, 1.2945715189, 0.552393198013, 0.421233683825, 0.350183933973, 0.193605855107, 0.103791050613, 0.0574646927416, 0.0152320750058, 0.00270627276041, 0.000145970640006], "dvar2": [0.150187060237, 6.34823131561, 92.1170654297, 51.9236946106, 532.632751465, 919.867919922, 927.543823242, 1085.08728027, 735.696716309, 1223.96044922, 495.557281494, 1407.46105957, 1645.14782715, 3927.38549805, 2751.99145508, 908.908569336, 1251.43371582, 3443.86572266, 727.04498291, 575.660400391, 1027.70214844, 323.738983154, 72.5967254639, 138.315505981, 370.216247559, 124.026496887, 94.1223068237, 127.505905151, 193.362213135, 98.9069519043, 43.0702209473, 6.33730602264, 1.65478038788, 1.33560192585, 0.280004858971, 0.0702619627118, 0.0303865950555, 0.00314273475669, 4.34649373346e-05, 1.80302549779e-07], "min": [3.38163894627e-21, 1.72354809788e-20, 3.73742851283e-20, 7.11033920922e-20, 2.46289692816e-19, 2.43175590454e-19, 7.83635240169e-19, 1.00959099822e-18, 1.13377024691e-18, 5.13654034784e-19, 1.88358062427e-18, 9.93737254601e-19, 6.68480480264e-19, 1.83301982971e-18, 4.73500226989e-18, 4.50060327253e-18, 7.85147512444e-18, 4.1800906375e-18, 8.86082737766e-18, 9.22013478342e-18, 1.01262979096e-17, 1.0918798975e-17, 9.26434014253e-18, 1.04284512709e-17, 7.86261476575e-18, 1.27420506288e-17, 1.79274920333e-17, 1.27941125494e-17, 1.67942297787e-17, 2.17222310699e-17, 2.01563285395e-17, 1.85729327935e-17, 1.36708685776e-17, 1.18440120706e-17, 8.14638817387e-18, 6.69867362299e-18, 3.8667657884e-18, 1.20181112557e-18, 3.53190534375e-19, 4.01993234089e-20], "var": [0.0878666490316, 6.10248470306, 40.5567588806, 33.4266357422, 235.851638794, 809.665161133, 856.905944824, 1739.74291992, 958.729309082, 2292.63720703, 1077.55322266, 1815.77258301, 2761.23828125, 4163.60888672, 3771.51586914, 1464.35803223, 2446.47363281, 4868.11474609, 1275.44628906, 603.177246094, 1530.53063965, 1113.76135254, 116.56174469, 170.737915039, 453.394134521, 187.409332275, 164.771224976, 196.268890381, 353.894500732, 162.510986328, 40.9142303467, 4.81985378265, 1.55478620529, 1.26738905907, 0.27902123332, 0.0664863288403, 0.0257374811918, 0.00213323766366, 6.11750292592e-05, 1.87330485346e-07], "median": [0.00355966994539, 0.146372318268, 1.18561673164, 1.76332473755, 2.99270009995, 6.26230287552, 7.57743597031, 10.7209177017, 5.00188159943, 4.70303297043, 3.82483768463, 4.63653755188, 3.02434492111, 2.75773382187, 1.82758665085, 0.902658522129, 0.937049150467, 0.688963592052, 0.560913145542, 0.498842120171, 0.765322983265, 0.970094203949, 0.534916102886, 0.466614156961, 0.53913807869, 0.352712482214, 0.260650455952, 0.192664861679, 0.152803480625, 0.115361139178, 0.0736816674471, 0.0586835108697, 0.0524156801403, 0.0404290482402, 0.0244507435709, 0.014154586941, 0.00647136149928, 0.00207914994098, 0.000174278524355, 2.28314765991e-05]}, "spectral_energy": {"dmean": 0.00537107884884, "dmean2": 0.00867447257042, "max": 0.217596039176, "dvar": 0.000139785130159, "mean": 0.0234987996519, "dvar2": 0.000369671499357, "min": 1.12225322383e-20, "var": 0.000703029800206, "median": 0.0132435318083}, "zerocrossingrate": {"dmean": 0.00632458366454, "dmean2": 0.00735756428912, "max": 0.51123046875, "dvar": 0.000133851295686, "mean": 0.0346891954541, "dvar2": 0.000131925640744, "min": 0.00341796875, "var": 0.00109070772305, "median": 0.0263671875}, "spectral_energyband_high": {"d