{"tonal": {"hpcp": {"dvar": [0.0616596192122, 0.0512190759182, 0.044853463769, 0.039035025984, 0.0344774313271, 0.0308211352676, 0.0362146347761, 0.0397765375674, 0.0387557409704, 0.0472438521683, 0.036383472383, 0.0275419689715, 0.0199628695846, 0.0176647547632, 0.0250661671162, 0.0331092737615, 0.0322366245091, 0.0267746783793, 0.0225205477327, 0.0254878737032, 0.0326121412218, 0.0380964688957, 0.0298589020967, 0.0250933263451, 0.0231858063489, 0.0197308007628, 0.0243912860751, 0.0256854556501, 0.0254669617862, 0.0350233726203, 0.0508555881679, 0.0458273924887, 0.0392982400954, 0.0363824479282, 0.0422761142254, 0.048242483288], "var": [0.152370497584, 0.0970856025815, 0.047099865973, 0.0339032635093, 0.029519116506, 0.0272396691144, 0.037467263639, 0.0414705313742, 0.059143062681, 0.101644203067, 0.0649988949299, 0.027327414602, 0.0181852858514, 0.0175554379821, 0.0333375893533, 0.100466310978, 0.0733306631446, 0.0317636653781, 0.0259518176317, 0.0280200242996, 0.0431290343404, 0.0668291822076, 0.0405334495008, 0.0230519212782, 0.0232965555042, 0.0178919415921, 0.0196569003165, 0.0233763735741, 0.0232385806739, 0.0469765849411, 0.122906401753, 0.0777216777205, 0.0382377952337, 0.0329366847873, 0.041565399617, 0.0809034854174], "median": [0.289956539869, 0.213461950421, 0.0428704060614, 0.0194532349706, 0.0148016856983, 0.0233340766281, 0.0356518365443, 0.0352691672742, 0.0398749820888, 0.0558143742383, 0.0486888885498, 0.0319247692823, 0.0251133516431, 0.0196730885655, 0.0396899059415, 0.062566280365, 0.0578579902649, 0.0295810103416, 0.0152097940445, 0.0140839423984, 0.0367720201612, 0.0648786053061, 0.0507974401116, 0.0197943132371, 0.0170249044895, 0.0154712405056, 0.0160893574357, 0.0188069436699, 0.0181686710566, 0.0506100021303, 0.0867034569383, 0.0766285285354, 0.0275439377874, 0.0167692676187, 0.0283549334854, 0.144511044025], "max": [1, 1, 1, 1, 1, 1, 1, 1, 1, 1, 1, 1, 1, 1, 1, 1, 1, 1, 1, 1, 1, 1, 1, 1, 1, 1, 1, 1, 1, 1, 1, 1, 1, 1, 1, 1], "dmean": [0.199216365814, 0.197940677404, 0.14574432373, 0.113609202206, 0.0999087542295, 0.0969783216715, 0.116460554302, 0.122032634914, 0.131985500455, 0.14477071166, 0.126592472196, 0.0924477055669, 0.072238266468, 0.0689089819789, 0.0948504507542, 0.117889106274, 0.121161460876, 0.0973947867751, 0.0797274038196, 0.0850150063634, 0.110379509628, 0.129550352693, 0.109765782952, 0.0842079892755, 0.0768094286323, 0.0693416297436, 0.0756730958819, 0.0787100344896, 0.0836824253201, 0.123079806566, 0.152883976698, 0.156481444836, 0.118843354285, 0.105677753687, 0.125759705901, 0.18386259675], "dmean2": [0.336000263691, 0.336354970932, 0.257210224867, 0.204057395458, 0.178338453174, 0.170545041561, 0.201406046748, 0.211387112737, 0.223109126091, 0.242288962007, 0.211018517613, 0.16278257966, 0.126640602946, 0.120417639613, 0.16374361515, 0.193644285202, 0.203505948186, 0.168173909187, 0.139033824205, 0.149300500751, 0.187615647912, 0.220541417599, 0.18812648952, 0.149397403002, 0.13633428514, 0.124240115285, 0.136095091701, 0.13952703774, 0.147459939122, 0.212306708097, 0.261142224073, 0.270411044359, 0.209229767323, 0.187111675739, 0.223928585649, 0.315640330315], "mean": [0.435770869255, 0.323223173618, 0.139504745603, 0.0930074229836, 0.080427788198, 0.0871857702732, 0.116459012032, 0.122347995639, 0.162885218859, 0.228703260422, 0.175143152475, 0.0920272395015, 0.070583999157, 0.0656411647797, 0.12202065438, 0.223808646202, 0.194466263056, 0.100046828389, 0.0771797150373, 0.0805457383394, 0.12974922359, 0.181736126542, 0.134725123644, 0.074758797884, 0.0700832009315, 0.0623535178602, 0.0647624582052, 0.072798974812, 0.0749318227172, 0.156374081969, 0.275811553001, 0.219999477267, 0.107789777219, 0.0904601961374, 0.112554781139, 0.269830971956], "dvar2": [0.137310564518, 0.132590994239, 0.12120654434, 0.104762338102, 0.0913613140583, 0.0814097896218, 0.0945745110512, 0.1055226475, 0.101638622582, 0.11718083173, 0.0904106944799, 0.0739576146007, 0.0551558881998, 0.0478606522083, 0.0697344914079, 0.077087700367, 0.0828771516681, 0.0712194442749, 0.058253057301, 0.0676559582353, 0.0832956582308, 0.0928989350796, 0.0776654705405, 0.0676902234554, 0.0631958171725, 0.0546450316906, 0.0670838281512, 0.0690444484353, 0.0686414092779, 0.0959358587861, 0.124890819192, 0.11944206059, 0.105315625668, 0.0985078588128, 0.113567143679, 0.125853747129], "min": [4.58358263131e-05, 5.80461382924e-05, 7.00693053659e-05, 7.73044739617e-05, 5.42125562788e-05, 0.00014287486556, 0.000132301545818, 9.51676265686e-05, 0.000147468686919, 0, 0, 0, 7.93832587078e-05, 6.35656979284e-05, 6.33008821751e-05, 7.89984696894e-05, 8.98074067663e-05, 7.00429882272e-05, 0, 0, 0.000285056361463, 0.00013623785344, 0.000134232657729, 1.71344745468e-05, 6.59184661345e-06, 9.57231532084e-06, 1.43779825521e-05, 4.29229221481e-05, 7.32977641746e-05, 0.00011382681987, 0.000149856074131, 0.000140864882269, 7.51079933252e-05, 3.92956644646e-05, 5.55531332793e-05, 5.54097350687e-05]}, "key_key": "D", "thpcp": [1, 0.741727352142, 0.320133239031, 0.213431939483, 0.184564396739, 0.200072512031, 0.267248272896, 0.280762225389, 0.373786389828, 0.524824559689, 0.401915699244, 0.211182639003, 0.161975026131, 0.150632292032, 0.280011028051, 0.513592481613, 0.446258068085, 0.229585856199, 0.177110776305, 0.184835061431, 0.297746449709, 0.417045146227, 0.30916506052, 0.171555295587, 0.160825803876, 0.143087849021, 0.148615851998, 0.167057916522, 0.171952351928, 0.358844727278, 0.632927954197, 0.504851281643, 0.247354254127, 0.207586601377, 0.258288919926, 0.619203805923], "chords_key": "A", "tuning_equal_tempered_deviation": 0.102501571178, "tuning_frequency": 437.213165283, "tuning_diatonic_strength": 0.52319675684, "chords_histogram": [14.7859926224, 1.99740600586, 45.7328147888, 18.0804157257, 2.28274965286, 3.99481201172, 0.778210103512, 4.17639446259, 0.0518806762993, 1.24513614178, 0, 0, 0, 0, 0, 0, 0, 0, 0, 0.518806755543, 1.32295715809, 0, 5.03242540359, 0], "key_strength": 0.560795366764, "key_scale": "minor", "chords_strength": {"dvar": 7.10455715307e-05, "var": 0.00931084807962, "median": 0.534196138382, "max": 0.870800077915, "dmean": 0.01043349877, "dmean2": 0.00963639467955, "mean": 0.54019933939, "dvar2": 7.87988246884e-05, "min": 0.30403599143}, "chords_number_rate": 0.00259403372183, "tuning_nontempered_energy_ratio": 0.727442502975, "hpcp_entropy": {"dvar": 0.3066650033, "var": 0.644393920898, "median": 1.9043943882, "max": 4.4586892128, "dmean": 0.650698363781, "dmean2": 1.06354248524, "mean": 1.91206920147, "dvar2": 0.76722317934, "min": 0.0393404439092}, "chords_changes_rate": 0.0555123202503, "chords_scale": "minor"}, "rhythm": {"bpm_histogram_first_peak_spread": {"dvar": 0, "var": 0, "median": 0, "max": 0, "dmean": 0, "dmean2": 0, "mean": 0, "dvar2": 0, "min": 0}, "bpm_histogram_first_peak_weight": {"dvar": 0, "var": 0, "median": 0.619238495827, "max": 0.619238495827, "dmean": 0, "dmean2": 0, "mean": 0.619238495827, "dvar2": 0, "min": 0.619238495827}, "bpm_histogram_first_peak_bpm": {"dvar": 0, "var": 0, "median": 167, "max": 167, "dmean": 0, "dmean2": 0, "mean": 167, "dvar2": 0, "min": 167}, "bpm": 166.124267578, "bpm_histogram_second_peak_weight": {"dvar": 0, "var": 0, "median": 0.302605211735, "max": 0.302605211735, "dmean": 0, "dmean2": 0, "mean": 0.302605211735, "dvar2": 0, "min": 0.302605211735}, "beats_loudness": {"dvar": 0.000257797481027, "var": 0.000355752621545, "median": 0.0442571565509, "max": 0.109417997301, "dmean": 0.0230490900576, "dmean2": 0.0449912473559, "mean": 0.0423136465251, "dvar2": 0.000789650599472, "min": 0.000313149328576}, "beats_loudness_band_ratio": {"dvar": [0.0370826348662, 0.00813494436443, 0.00907655153424, 0.0101038757712, 0.00177333783358, 0.0255284737796], "var": [0.0507328994572, 0.0130929229781, 0.0185198970139, 0.0132636763155, 0.00216393359005, 0.0221363529563], "median": [0.325797855854, 0.165324240923, 0.161680370569, 0.0809719115496, 0.0559451207519, 0.090210236609], "max": [0.939916551113, 0.673358023167, 0.808828532696, 0.610861361027, 0.332210093737, 0.826633632183], "dmean": [0.22855617106, 0.114499799907, 0.1094167009, 0.0857684090734, 0.0441306568682, 0.151658788323], "dmean2": [0.387438029051, 0.19811809063, 0.188831552863, 0.144992634654, 0.0732321515679, 0.27909514308], "mean": [0.382277041674, 0.181769013405, 0.193753033876, 0.114247664809, 0.0607709959149, 0.124976255], "dvar2": [0.0891044437885, 0.0221146587282, 0.0234563034028, 0.0265674907714, 0.00471687037498, 0.080426543951], "min": [0.00027268769918, 0.00162403460126, 0.00354779185727, 0.00145970459562, 0.00187668413855, 0.000714565627277]}, "bpm_histogram_second_peak_bpm": {"dvar": 0, "var": 0, "median": 172, "max": 172, "dmean": 0, "dmean2": 0, "mean": 172, "dvar2": 0, "min": 172}, "onset_rate": 3.69898939133, "beats_count": 500, "beats_position": [0.371519267559, 0.743038535118, 1.10294783115, 1.46285712719, 1.8111563921, 2.18267560005, 2.53097510338, 2.87927436829, 3.23918366432, 3.59909296036, 3.95900225639, 4.31891155243, 4.66721057892, 5.0387301445, 5.38702917099, 5.74693870544, 6.10684776306, 6.45514726639, 6.81505680084, 7.17496585846, 7.52326536179, 7.89478445053, 8.24308395386, 8.60299301147, 8.96290206909, 9.32281208038, 9.682721138, 10.0310201645, 10.3909292221, 10.7508392334, 11.0991382599, 11.4590473175, 11.8189563751, 12.1904764175, 12.538775444, 12.8870744705, 13.2469835281, 13.6068935394, 13.9551925659, 14.3151016235, 14.6750106812, 15.0465307236, 15.3948297501, 15.7431287766, 16.1030387878, 16.4629478455, 16.8112468719, 17.1711559296, 17.5310649872, 17.9025840759, 18.2508831024, 18.5991840363, 18.9590930939, 19.3190021515, 19.6789112091, 20.0388202667, 20.3987293243, 20.758638382, 21.1069393158, 21.4668483734, 21.826757431, 22.1750564575, 22.5349655151, 22.8948745728, 23.2547836304, 23.614692688, 23.9629936218, 24.3229026794, 24.6828117371, 25.0427207947, 25.3910198212, 25.7509288788, 26.1108379364, 26.470746994, 26.8190479279, 27.1789569855, 27.5388660431, 27.8871650696, 28.2586841583, 28.6069831848, 28.9668922424, 29.3268013, 29.6751022339, 30.0350112915, 30.3949203491, 30.7548294067, 31.1147384644, 31.4630374908, 31.8229465485, 32.1828575134, 32.5311546326, 32.8910636902, 33.2509727478, 33.6224937439, 33.9707946777, 34.3307037354, 34.690612793, 35.0389099121, 35.3988189697, 35.7587280273, 36.1070289612, 36.4785499573, 36.8268470764, 37.1751480103, 37.5350570679, 37.8949661255, 38.2432632446, 38.6031723022, 38.9630813599, 39.334602356, 39.6829032898, 40.0312004089, 40.3911094666, 40.7510185242, 41.1225395203, 41.4940567017, 41.8539657593, 42.2138786316, 42.5621757507, 42.9104766846, 43.2587738037, 43.6070747375, 43.9669837952, 44.3268928528, 44.6868019104, 45.046710968, 45.3950119019, 45.7549209595, 46.1148300171, 46.4863471985, 46.8346481323, 47.1829452515, 47.5428581238, 47.9027671814, 48.2510643005, 48.6109733582, 48.9708824158, 49.3307914734, 49.6790924072, 50.0390014648, 50.3989105225, 50.7588195801, 51.1071205139, 51.4670295715, 51.8269386292, 52.1984558105, 52.5467567444, 52.8950538635, 53.2549667358, 53.6148757935, 53.9747848511, 54.3346939087, 54.6946029663, 55.0545120239, 55.4028091431, 55.7627182007, 56.122631073, 56.4709281921, 56.819229126, 57.1791381836, 57.5390472412, 57.9105644226, 58.2588653564, 58.6071662903, 58.9670753479, 59.3269844055, 59.6868934631, 60.0468025208, 60.4067115784, 60.766620636, 61.1149177551, 61.4748306274, 61.8347396851, 62.1830368042, 62.5429458618, 62.9028549194, 63.2627639771, 63.6226730347, 63.9709739685, 64.3308868408, 64.6907958984, 65.0390930176, 65.3990020752, 65.7589111328, 66.1188201904, 66.478729248, 66.8270263672, 67.1869354248, 67.5468444824, 67.90675354, 68.2666625977, 68.6149673462, 68.9632644653, 69.3115615845, 69.6830825806, 70.0429916382, 70.4029006958, 70.7628097534, 71.122718811, 71.4710159302, 71.8309249878, 72.1908340454, 72.5391387939, 72.8990478516, 73.2589569092, 73.6304779053, 73.9787750244, 74.338684082, 74.6985931396, 75.0468902588, 75.4067993164, 75.766708374, 76.1150131226, 76.4865264893, 76.8348312378, 77.1947402954, 77.554649353, 77.9029464722, 78.2628555298, 78.6227645874, 78.9710617065, 79.3425827026, 79.6908798218, 80.0507888794, 80.410697937, 80.7590026855, 81.1189117432, 81.4788208008, 81.8387298584, 82.198638916, 82.5469360352, 82.8952331543, 83.2551422119, 83.6150588989, 83.9749679565, 84.3348770142, 84.6947860718, 85.0546951294, 85.4029922485, 85.7512893677, 86.1228103638, 86.4827194214, 86.842628479, 87.1909255981, 87.5508346558, 87.9107437134, 88.2590484619, 88.6189575195, 88.9788665771, 89.3503875732, 89.6986846924, 90.05859375, 90.4185028076, 90.7667999268, 91.1150970459, 91.486618042, 91.8349151611, 92.1948318481, 92.5547409058, 92.9030380249, 93.2629470825, 93.6228561401, 93.9711532593, 94.3310623169, 94.6909713745, 95.0624923706, 95.4107894897, 95.7590942383, 96.1190032959, 96.4789123535, 96.8388214111, 97.1987304688, 97.5586395264, 97.918548584, 98.2668457031, 98.6267547607, 98.9866638184, 99.3349609375, 99.6948699951, 100.054779053, 100.41469574, 100.774604797, 101.122901917, 101.482810974, 101.842720032, 102.214241028, 102.562538147, 102.910835266, 103.270744324, 103.630653381, 103.97895813, 104.338867188, 104.698776245, 105.058685303, 105.41859436, 105.766891479, 106.126800537, 106.486709595, 106.835006714, 107.194915771, 107.554824829, 107.926345825, 108.274642944, 108.622947693, 108.98285675, 109.342765808, 109.702674866, 110.062583923, 110.410881042, 110.782402039, 111.130699158, 111.479003906, 111.838912964, 112.198822021, 112.547119141, 112.907028198, 113.266937256, 113.638458252, 113.986755371, 114.346664429, 114.706573486, 115.066482544, 115.426391602, 115.774688721, 116.122993469, 116.494506836, 116.842811584, 117.191108704, 117.551017761, 117.910926819, 118.270835876, 118.630744934, 118.990653992, 119.350563049, 119.698867798, 120.058776855, 120.418685913, 120.778594971, 121.138504028, 121.486801147, 121.846710205, 122.206619263, 122.554916382, 122.914825439, 123.274734497, 123.634643555, 123.994552612, 124.342857361, 124.702766418, 125.062675476, 125.410972595, 125.770881653, 126.13079071, 126.490699768, 126.850608826, 127.198905945, 127.558815002, 127.91872406, 128.267028809, 128.626937866, 128.986846924, 129.35836792, 129.706665039, 130.054962158, 130.414871216, 130.774780273, 131.134689331, 131.494598389, 131.854507446, 132.214416504, 132.562713623, 132.911010742, 133.2709198, 133.630844116, 133.990753174, 134.350662231, 134.710571289, 135.070480347, 135.418777466, 135.767074585, 136.126983643, 136.4868927, 136.846801758, 137.206710815, 137.566619873, 137.926528931, 138.27482605, 138.634735107, 138.994644165, 139.342941284, 139.702850342, 140.062759399, 140.422668457, 140.782577515, 141.130874634, 141.490783691, 141.850692749, 142.222213745, 142.570526123, 142.918823242, 143.2787323, 143.638641357, 143.986938477, 144.346847534, 144.706756592, 145.066665649, 145.414962769, 145.774871826, 146.134780884, 146.494689941, 146.842987061, 147.202896118, 147.562805176, 147.934326172, 148.282623291, 148.63092041, 148.990829468, 149.350738525, 149.710647583, 150.070556641, 150.418869019, 150.790390015, 151.138687134, 151.498596191, 151.858505249, 152.206802368, 152.566711426, 152.926620483, 153.274917603, 153.646438599, 153.994735718, 154.354644775, 154.714553833, 155.074462891, 155.434371948, 155.782669067, 156.142578125, 156.502487183, 156.850784302, 157.210693359, 157.570602417, 157.930511475, 158.290420532, 158.63873291, 158.998641968, 159.358551025, 159.706848145, 160.066757202, 160.42666626, 160.786575317, 161.146484375, 161.494781494, 161.854690552, 162.214599609, 162.562896729, 162.922805786, 163.282714844, 163.65423584, 164.002532959, 164.350830078, 164.710739136, 165.070648193, 165.418960571, 165.778869629, 166.138778687, 166.510284424, 166.858596802, 167.206893921, 167.566802979, 167.926712036, 168.286621094, 168.646530151, 168.994827271, 169.366348267, 169.714645386, 170.062942505, 170.422851562, 170.78276062, 171.142669678, 171.502578735, 171.850875854, 172.222396851, 172.57069397, 172.919006348, 173.278915405, 173.638824463, 173.998733521, 174.358642578, 174.706939697, 175.078460693, 175.426757812, 175.78666687, 176.146575928, 176.506484985, 176.866394043, 177.226303101, 177.586212158, 177.946121216, 178.306030273, 178.665939331], "danceability": 1.22892928123, "bpm_histogram_second_peak_spread": {"dvar": 0, "var": 0, "median": 0, "max": 0, "dmean": 0, "dmean2": 0, "mean": 0, "dvar2": 0, "min": 0}}, "lowlevel": {"spectral_flux": {"dvar": 0.000901734631043, "var": 0.00232152082026, "median": 0.0743395835161, "max": 0.296423733234, "dmean": 0.0256693530828, "dmean2": 0.0396765209734, "mean": 0.0842274799943, "dvar2": 0.00188972929027, "min": 0.00224614515901}, "spectral_rolloff": {"dvar": 1391512.5, "var": 2574029.5, "median": 882.861328125, "max": 11046.5332031, "dmean": 578.413330078, "dmean2": 926.105957031, "mean": 1417.17797852, "dvar2": 2821874, "min": 86.1328125}, "barkbands_flatness_db": {"dvar": 0.000610181828961, "var": 0.00305759860203, "median": 0.14443820715, "max": 0.386994093657, "dmean": 0.0238128583878, "dmean2": 0.0353361591697, "mean": 0.143048167229, "dvar2": 0.00116261164658, "min": 0.0305944737047}, "spectral_centroid": {"dvar": 120211.390625, "var": 415754.03125, "median": 929.520874023, "max": 5623.42529297, "dmean": 264.355529785, "dmean2": 384.148223877, "mean": 1115.85913086, "dvar2": 223697.09375, "min": 227.252075195}, "melbands_skewness": {"dvar": 0.498312205076, "var": 2.31592178345, "median": 2.00777745247, "max": 13.289648056, "dmean": 0.64392888546, "dmean2": 0.997342884541, "mean": 2.21684908867, "dvar2": 1.14943706989, "min": -1.3609637022}, "melbands": {"dvar": [7.70147380535e-07, 2.17500928557e-06, 2.85351302409e-06, 1.47362368352e-06, 2.64321073473e-07, 2.81138909486e-07, 3.64156392152e-07, 8.28577810807e-07, 4.30321790645e-07, 1.39097025453e-07, 6.4967174751e-08, 1.07901080071e-07, 1.26103188336e-07, 1.52367434225e-08, 4.53174919812e-09, 2.38103581296e-09, 4.68846206303e-09, 2.22707208231e-09, 1.74851444434e-09, 1.05028685748e-09, 5.04096875353e-10, 2.12080936146e-10, 9.92903051444e-11, 1.80593776045e-10, 1.08044191649e-10, 1.1727123439e-10, 3.4668262705e-10, 4.11567967207e-11, 8.11674616408e-11, 1.3217356376e-10, 3.96033796035e-11, 5.88050372285e-11, 2.31835679126e-11, 2.48119042673e-11, 3.10197527387e-11, 1.74620075344e-11, 9.07641670156e-12, 8.59224323635e-12, 9.36598888723e-12, 3.45993654734e-12], "var": [9.11666518277e-07, 3.70443103748e-06, 2.57248939306e-06, 1.39158032653e-06, 3.807240887e-07, 4.77518028674e-07, 7.48694674257e-07, 1.39031317303e-06, 6.69109738283e-07, 2.59786560264e-07, 1.22108772871e-07, 2.53951526474e-07, 2.41129612277e-07, 3.8442230732e-08, 9.70617897167e-09, 3.48253115234e-09, 9.65897228866e-09, 5.07275421668e-09, 3.82687392886e-09, 2.46679410232e-09, 1.07009390238e-09, 3.38762157215e-10, 1.85966228528e-10, 3.21930315739e-10, 1.984575837e-10, 1.89443946641e-10, 3.75739911407e-10, 8.10369618631e-11, 1.08657555176e-10, 1.75815348391e-10, 5.06189083704e-11, 5.73559220951e-11, 3.22073860637e-11, 3.86331383551e-11, 3.9775679278e-11, 2.34840046714e-11, 1.37839089101e-11, 1.07614195333e-11, 1.13527850315e-11, 5.16937491077e-12], "median": [0.000284061999992, 0.000946788932197, 0.000652421498671, 0.00055244466057, 0.000254710728768, 0.000131629611133, 0.000176933754119, 0.000113660556963, 0.000112581576104, 8.55451653479e-05, 6.4000763814e-05, 6.52235758025e-05, 4.06435574405e-05, 2.75298643828e-05, 2.05864416785e-05, 1.31931765281e-05, 1.76853263838e-05, 1.66852150869e-05, 1.12801644718e-05, 8.55375219544e-06, 7.68520658312e-06, 5.08456651005e-06, 3.60469562111e-06, 2.77491608358e-06, 2.55958502748e-06, 2.74150306723e-06, 2.42916257776e-06, 1.550477009e-06, 1.4115923932e-06, 1.532452643e-06, 5.94587675096e-07, 3.09642075536e-07, 4.05979022844e-07, 3.77035036081e-07, 2.32467087358e-07, 1.47592857047e-07, 1.18320265585e-07, 1.04454606742e-07, 8.52379002936e-08, 9.95034667994e-08], "max": [0.0127103328705, 0.02123939991, 0.0174203291535, 0.0140251927078, 0.00692161219195, 0.0123413484544, 0.0128831705078, 0.0154720693827, 0.010459500365, 0.00863881316036, 0.00452005583793, 0.00781071837991, 0.00937068182975, 0.00325768813491, 0.00166725716554, 0.0010774777038, 0.00157576671336, 0.00110658165067, 0.00102957047056, 0.00109929661267, 0.000705196813215, 0.000331743416609, 0.000142602526466, 0.000308585731545, 0.000269073789241, 0.000263960682787, 0.000222912145546, 0.00013869596296, 8.28904812806e-05, 0.000122807687148, 6.25128523097e-05, 7.91418933659e-05, 4.00557437388e-05, 9.20773163671e-05, 7.20796524547e-05, 5.35177132406e-05, 4.60873452539e-05, 4.52987369499e-05, 4.04447018809e-05, 5.23962444277e-05], "dmean": [0.000408821651945, 0.000797827146016, 0.000721047166735, 0.000648835208267, 0.00030548000359, 0.00022936197638, 0.0003047476348, 0.000334571202984, 0.000259023305262, 0.000154052278958, 0.000112967616587, 0.000129776861286, 0.000102923862869, 5.01333815919e-05, 2.95999852824e-05, 2.05510586966e-05, 3.08148155455e-05, 2.42320820689e-05, 1.78230457095e-05, 1.30504768094e-05, 1.13115784188e-05, 7.68058907852e-06, 5.8525147324e-06, 6.28214411336e-06, 5.12627730131e-06, 5.54715643375e-06, 7.87897806731e-06, 3.4112956655e-06, 4.12145982409e-06, 5.4208835536e-06, 2.90466437036e-06, 2.76702940027e-06, 2.14595365833e-06, 2.22533117267e-06, 2.14015517486e-06, 1.59651153808e-06, 1.19482911032e-06, 1.11837027816e-06, 1.07720222786e-06, 6.67359245199e-07], "dmean2": [0.000692662550136, 0.00130647211336, 0.00122619897593, 0.00112005241681, 0.000509322737344, 0.000377217977075, 0.000478705973364, 0.000538900727406, 0.000426509213867, 0.000248034630204, 0.000180015791557, 0.000208057579584, 0.000160513838637, 7.89815676399e-05, 4.77217945445e-05, 3.27466332237e-05, 4.92502149427e-05, 3.71107707906e-05, 2.76189421129e-05, 1.99364967557e-05, 1.77420970431e-05, 1.23348672787e-05, 9.38144785323e-06, 1.0122031199e-05, 7.83056384535e-06, 8.4195553427e-06, 1.20583817989e-05, 5.20366484125e-06, 6.34197067484e-06, 8.07301694294e-06, 4.30447289546e-06, 4.27315126217e-06, 3.10418499794e-06, 3.10365248879e-06, 3.11923963636e-06, 2.3045593025e-06, 1.76784533323e-06, 1.70572104707e-06, 1.60195327226e-06, 9.32941929932e-07], "mean": [0.000599775754381, 0.00163878290914, 0.00106306327507, 0.000906095141545, 0.000474315602332, 0.000343894324033, 0.000495432235766, 0.000481458700961, 0.00038145610597, 0.000235718835029, 0.000184171993169, 0.000212777449633, 0.000159813542268, 9.10037051653e-05, 5.34496248292e-05, 3.11798830808e-05, 5.01151080243e-05, 4.16606490035e-05, 3.02011922031e-05, 2.20944239118e-05, 1.87185487448e-05, 1.16987903311e-05, 9.21051559999e-06, 9.37657023314e-06, 7.4973363553e-06, 7.98659129941e-06, 9.36338983593e-06, 5.09029405293e-06, 5.65377877138e-06, 6.76415220369e-06, 3.43961846738e-06, 2.8448168905e-06, 2.60687602349e-06, 2.78227730632e-06, 2.45796263698e-06, 1.86195654805e-06, 1.41384145991e-06, 1.26841155179e-06, 1.18564798868e-06, 8.4146017798e-07], "dvar2": [2.03951663025e-06, 5.44452450413e-06, 7.55368046157e-06, 4.1038551899e-06, 7.06702451225e-07, 7.19844081232e-07, 8.74535714956e-07, 2.1748828658e-06, 1.17812089684e-06, 3.35568927312e-07, 1.62004326398e-07, 2.71072025271e-07, 3.20763206219e-07, 3.75051847357e-08, 1.17953176115e-08, 5.82145620598e-09, 1.11331530661e-08, 5.14625098091e-09, 3.81821907425e-09, 2.04198435938e-09, 1.10251052732e-09, 5.032548267e-10, 2.38004643771e-10, 4.31914726207e-10, 2.2699911395e-10, 2.50015258496e-10, 8.26971435774e-10, 8.8377624663e-11, 1.85364557037e-10, 3.07427638901e-10, 8.93993074014e-11, 1.40602349208e-10, 4.76502309832e-11, 5.19826091894e-11, 6.49801185082e-11, 3.72706310259e-11, 2.08624350434e-11, 2.03874417348e-11, 1.97568489346e-11, 7.39332726984e-12], "min": [6.31140828489e-09, 1.50714658531e-08, 2.81605032626e-08, 2.69246278606e-08, 1.17686154155e-08, 5.35978230687e-08, 3.46208395285e-08, 1.4822290062e-08, 6.09372019511e-09, 7.86975995481e-09, 8.38661406988e-09, 8.06986211188e-09, 4.02999988935e-09, 5.48156586788e-09, 5.70614799855e-09, 3.7996179536e-09, 4.26020685396e-09, 2.58366461559e-09, 1.16962695085e-09, 1.74396819208e-09, 3.94370230916e-10, 7.55590590096e-10, 7.27671256584e-10, 1.06826902879e-09, 1.13832665516e-09, 6.48883780041e-10, 5.01943764331e-10, 1.25391808048e-09, 1.17490284168e-09, 7.54099449551e-10, 5.64077395904e-10, 4.9346249309e-10, 9.653998434e-11, 6.4789416887e-11, 3.77010783703e-11, 3.17942616679e-11, 2.40432621729e-11, 8.81121217655e-12, 7.40045611597e-12, 5.77463077356e-12]}, "spectral_decrease": {"dvar": 1.10157925192e-17, "var": 2.38184887218e-17, "median": -5.64362911959e-09, "max": -4.79894823966e-13, "dmean": 2.42264053263e-09, "dmean2": 3.82971165891e-09, "mean": -6.62069332691e-09, "dvar2": 2.71716208448e-17, "min": -3.251354741e-08}, "barkbands_kurtosis": {"dvar": 18.3040828705, "var": 42.3520812988, "median": 2.06582164764, "max": 103.263832092, "dmean": 2.61083865166, "dmean2": 4.20133733749, "mean": 3.97500014305, "dvar2": 44.7872886658, "min": -1.8152885437}, "silence_rate_30dB": {"dvar": 0, "var": 0, "median": 1, "max": 1, "dmean": 0, "dmean2": 0, "mean": 1, "dvar2": 0, "min": 1}, "gfcc": {"mean": [-7.83315134048, 106.046524048, -115.031517029, 22.8447475433, -60.1501541138, 10.0483417511, -33.5661964417, 5.82414388657, -26.4903678894, 1.11880815029, -18.9932727814, -6.75923633575, -8.44174671173], "cov": [[5432.484375, -1161.02062988, 122.151809692, 76.6120529175, -114.099746704, 210.094146729, -149.727844238, 275.513763428, 16.3540782928, 129.144134521, -100.820640564, 177.701522827, -157.68560791], [-1161.02062988, 1979.55175781, -242.747360229, -206.878051758, 356.344177246, -149.822479248, 205.348388672, -69.3574752808, 156.640228271, -136.148803711, 179.049560547, -179.670059204, 114.485946655], [122.151809692, -242.747360229, 568.892578125, 204.338928223, -58.4675483704, 41.6350097656, -27.7969646454, 1.97418987751, -1.99145257473, 35.3843040466, -33.3883018494, 20.048620224, -59.6643409729], [76.6120529175, -206.878051758, 204.338928223, 493.944244385, 47.8463401794, 9.01933002472, 0.3707934618, -37.278553009, 19.5924663544, -4.31136512756, -33.8993186951, 17.482963562, -17.2357711792], [-114.099746704, 356.344177246, -58.4675483704, 47.8463401794, 276.010162354, 14.2023906708, 47.6325416565, 0.798436045647, 35.1725769043, -32.1275634766, 28.7509803772, -31.7924194336, 19.6063613892], [210.094146729, -149.822479248, 41.6350097656, 9.01933002472, 14.2023906708, 189.810791016, 39.1959381104, 25.1348972321, -15.3646650314, 2.02048110962, -8.91654682159, 7.20903158188, -10.0781354904], [-149.727844238, 205.348388672, -27.7969646454, 0.3707934618, 47.6325416565, 39.1959381104, 148.885116577, -9.60341739655, 11.8922262192, -29.5878639221, 9.6800775528, -9.41959953308, -5.93810892105], [275.513763428, -69.3574752808, 1.97418987751, -37.278553009, 0.798436045647, 25.1348972321, -9.60341739655, 130.223876953, 23.6778774261, 25.7169551849, 4.96989011765, -1.94002640247, -0.707818925381], [16.3540782928, 156.640228271, -1.99145257473, 19.5924663544, 35.1725769043, -15.3646650314, 11.8922262192, 23.6778774261, 97.0876998901, 15.7961158752, 19.128288269, -21.2313976288, 4.25064659119], [129.144134521, -136.148803711, 35.3843040466, -4.31136512756, -32.1275634766, 2.02048110962, -29.5878639221, 25.7169551849, 15.7961158752, 95.1221694946, 8.13483142853, 17.8940868378, -6.33074712753], [-100.820640564, 179.049560547, -33.3883018494, -33.8993186951, 28.7509803772, -8.91654682159, 9.6800775528, 4.96989011765, 19.128288269, 8.13483142853, 100.193611145, 0.133969262242, 17.8979530334], [177.701522827, -179.670059204, 20.048620224, 17.482963562, -31.7924194336, 7.20903158188, -9.41959953308, -1.94002640247, -21.2313976288, 17.8940868378, 0.133969262242, 87.7305297852, 7.72416257858], [-157.68560791, 114.485946655, -59.6643409729, -17.2357711792, 19.6063613892, -10.0781354904, -5.93810892105, -0.707818925381, 4.25064659119, -6.33074712753, 17.8979530334, 7.72416257858, 78.7095108032]], "icov": [[0.000267959752819, 1.03943339127e-05, 8.8500280981e-05, -4.16461516579e-05, -1.8080283553e-05, -0.000257848936599, 0.000307682814309, -0.000480451912154, -0.000200371054234, 1.2701308151e-05, 0.000173402659129, -0.000600650673732, 0.000601411680691], [1.03943339127e-05, 0.00193531182595, -0.000386210536817, 0.000947980384808, -0.00145448849071, 0.00148350349627, -0.00197111838497, 0.00101135333534, -0.00177348032594, 0.00139503716491, -0.00197779852897, 0.00247342372313, -0.00205169594847], [8.8500280981e-05, -0.000386210536817, 0.00250815693289, -0.00118502718396, 0.000750677951146, -0.000881862593815, 0.000874999852385, -0.000450505438494, 0.000243982503889, -0.00078466773266, 0.000513240171131, -0.000839368323795, 0.00203225505538], [-4.16461516579e-05, 0.000947980384808, -0.00118502718396, 0.00316949840635, -0.00144796678796, 0.000770838465542, -0.00090095505584, 0.00144877994899, -0.00176243821625, 0.000955683644861, -0.000101852594526, 0.000489088415634, -0.00111488718539], [-1.8080283553e-05, -0.00145448849071, 0.000750677951146, -0.00144796678796, 0.00569812767208, -0.00155782361981, 0.000623360916506, -0.000932506343815, 0.00024460037821, 9.17115685297e-05, 0.000371516885934, -0.000609411043115, 0.000720625685062], [-0.000257848936599, 0.00148350349627, -0.000881862593815, 0.000770838465542, -0.00155782361981, 0.00760816503316, -0.00379528244957, -0.000295593054034, 0.000507459568325, 0.000518944987562, -0.00121829321142, 0.00220178510062, -0.00202554301359], [0.000307682814309, -0.00197111838497, 0.000874999852385, -0.00090095505584, 0.000623360916506, -0.00379528244957, 0.0107234977186, -0.000737402413506, -7.31124309823e-05, 0.00106732291169, 0.00148130499292, -0.00361667387187, 0.00421849219128], [-0.000480451912154, 0.00101135333534, -0.000450505438494, 0.00144877994899, -0.000932506343815, -0.000295593054034, -0.000737402413506, 0.0104842605069, -0.00303092738613, -0.00102570001036, -0.00112070143223, 0.00236178096384, -0.00212048972026], [-0.000200371054234, -0.00177348032594, 0.000243982503889, -0.00176243821625, 0.00024460037821, 0.000507459568325, -7.31124309823e-05, -0.00303092738613, 0.0153462989256, -0.00436443928629, -0.000106314488221, 0.00158954563085, 0.000636836513877], [1.2701308151e-05, 0.00139503716491, -0.00078466773266, 0.000955683644861, 9.17115685297e-05, 0.000518944987562, 0.00106732291169, -0.00102570001036, -0.00436443928629, 0.0146223288029, -0.00278176250868, -0.00112123019062, -0.000119934156828], [0.000173402659129, -0.00197779852897, 0.000513240171131, -0.000101852594526, 0.000371516885934, -0.00121829321142, 0.00148130499292, -0.00112070143223, -0.000106314488221, -0.00278176250868, 0.0136904399842, -0.00365043641068, 0.000471195089631], [-0.000600650673732, 0.00247342372313, -0.000839368323795, 0.000489088415634, -0.000609411043115, 0.00220178510062, -0.00361667387187, 0.00236178096384, 0.00158954563085, -0.00112123019062, -0.00365043641068, 0.0182091351599, -0.00628097960725], [0.000601411680691, -0.00205169594847, 0.00203225505538, -0.00111488718539, 0.000720625685062, -0.00202554301359, 0.00421849219128, -0.00212048972026, 0.000636836513877, -0.000119934156828, 0.000471195089631, -0.00628097960725, 0.0185159780085]]}, "silence_rate_20dB": {"dvar": 0, "var": 0, "median": 1, "max": 1, "dmean": 0, "dmean2": 0, "mean": 1, "dvar2": 0, "min": 1}, "barkbands_skewness": {"dvar": 0.289410412312, "var": 1.16479456425, "median": 1.30037331581, "max": 8.85530948639, "dmean": 0.508914649487, "dmean2": 0.786848425865, "mean": 1.41877365112, "dvar2": 0.653218150139, "min": -3.0101518631}, "erbbands_skewness": {"dvar": 0.15446087718, "var": 0.5606803298, "median": 0.484350085258, "max": 4.97878789902, "dmean": 0.41594851017, "dmean2": 0.634099245071, "mean": 0.511425554752, "dvar2": 0.35974034667, "min": -2.98452115059}, "spectral_contrast_valleys": {"dvar": [0.152133986354, 0.126544103026, 0.114943400025, 0.108486331999, 0.153849646449, 0.280169427395], "var": [0.835652470589, 0.621530354023, 0.594123363495, 0.60107833147, 0.650194764137, 1.3045321703], "median": [-7.13956928253, -6.50778436661, -7.03178167343, -7.63132810593, -7.67826747894, -10.4568843842], "max": [-5.15997123718, -4.42732524872, -5.09203386307, -5.82838916779, -5.77980422974, -7.60459089279], "dmean": [0.442972421646, 0.371135652065, 0.333100616932, 0.309819042683, 0.329819411039, 0.4261290133], "dmean2": [0.719696640968, 0.609996557236, 0.537403047085, 0.473311364651, 0.4530852139, 0.512617528439], "mean": [-7.30257415771, -6.62495231628, -7.16154527664, -7.73524427414, -7.66030979156, -10.4063739777], "dvar2": [0.3525826931, 0.297435313463, 0.26255312562, 0.210719928145, 0.282109558582, 0.462099730968], "min": [-12.0411567688, -10.5307531357, -11.0668973923, -11.355255127, -11.1917543411, -14.8888130188]}, "spectral_strongpeak": {"dvar": 0.661301255226, "var": 1.37324523926, "median": 0.584203600883, "max": 12.0710887909, "dmean": 0.579734265804, "dmean2": 0.979339241982, "mean": 1.05703103542, "dvar2": 1.66792690754, "min": 0.00214123423211}, "erbbands_crest": {"dvar": 8.78763866425, "var": 26.5092945099, "median": 8.72389698029, "max": 31.4035301208, "dmean": 3.12604236603, "dmean2": 5.03468322754, "mean": 9.98412227631, "dvar2": 21.7080631256, "min": 2.34348249435}, "barkbands_crest": {"dvar": 5.48465824127, "var": 13.5850543976, "median": 8.82963562012, "max": 25.0502357483, "dmean": 2.60810256004, "dmean2": 4.3014421463, "mean": 9.49333000183, "dvar2": 14.2972412109, "min": 2.19880533218}, "spectral_energyband_middle_low": {"dvar": 0.000106974628579, "var": 0.000169346996699, "median": 0.0108302244917, "max": 0.102419622242, "dmean": 0.00698595354334, "dmean2": 0.0113466829062, "mean": 0.0144423944876, "dvar2": 0.000277816667221, "min": 1.04444961835e-06}, "spectral_contrast_coeffs": {"dvar": [0.00213280878961, 0.00187973491848, 0.00113421364222, 0.000590528361499, 0.000309204042424, 0.000386693602195], "var": [0.0052452981472, 0.00712035084143, 0.0054665133357, 0.00291379541159, 0.0012242969824, 0.00144733977504], "median": [-0.618605434895, -0.723615050316, -0.762387156487, -0.787249863148, -0.813131511211, -0.754993021488], "max": [-0.344555288553, -0.3700915277, -0.446448296309, -0.536602437496, -0.617576420307, -0.618304848671], "dmean": [0.0561342872679, 0.0524572469294, 0.0408112667501, 0.0298558268696, 0.020869359374, 0.0210159961134], "dmean2": [0.0941157191992, 0.0860246643424, 0.0658054947853, 0.0477738194168, 0.0330373756588, 0.0329361222684], "mean": [-0.615158319473, -0.71472543478, -0.75177693367, -0.780086636543, -0.809735774994, -0.759907245636], "dvar2": [0.0058455215767, 0.00480812741444, 0.00279297376983, 0.00139024364762, 0.000706066552084, 0.00094349187566], "min": [-0.883530497551, -0.924499332905, -0.942437767982, -0.914612829685, -0.921642959118, -0.886417388916]}, "hfc": {"dvar": 216.582962036, "var": 413.62487793, "median": 12.8588247299, "max": 149.824066162, "dmean": 8.99422931671, "dmean2": 13.2047281265, "mean": 20.208990097, "dvar2": 480.362976074, "min": 0.00263834604993}, "spectral_energyband_high": {"dvar": 2.3741899895e-06, "var": 3.13569853461e-06, "median": 0.000158819428179, "max": 0.0165397170931, "dmean": 0.000655401381664, "dmean2": 0.000935138086788, "mean": 0.000865336740389, "dvar2": 5.20326238984e-06, "min": 8.74798615769e-08}, "erbbands_spread": {"dvar": 97.0128936768, "var": 428.510955811, "median": 30.4320106506, "max": 146.492889404, "dmean": 8.51901435852, "dmean2": 12.3207502365, "mean": 34.6600570679, "dvar2": 185.403701782, "min": 2.03714227676}, "dissonance": {"dvar": 0.000581672939006, "var": 0.00125401641708, "median": 0.463690459728, "max": 0.500000059605, "dmean": 0.0240811090916, "dmean2": 0.0402636565268, "mean": 0.454712629318, "dvar2": 0.00156498816796, "min": 0.247254997492}, "spectral_kurtosis": {"dvar": 6.87857580185, "var": 17.8436565399, "median": 4.65161991119, "max": 35.6978645325, "dmean": 2.11510062218, "dmean2": 3.36107993126, "mean": 5.66863918304, "dvar2": 16.526884079, "min": -1.20324659348}, "spectral_skewness": {"dvar": 0.0862244442105, "var": 0.369775563478, "median": 1.67276120186, "max": 4.38075828552, "dmean": 0.280600696802, "dmean2": 0.418849825859, "mean": 1.73441314697, "dvar2": 0.184333994985, "min": -0.107018046081}, "pitch_salience": {"dvar": 0.00370427384041, "var": 0.0101279010996, "median": 0.571020126343, "max": 0.910548210144, "dmean": 0.0696292668581, "dmean2": 0.114499315619, "mean": 0.569955766201, "dvar2": 0.00968507956713, "min": 0.174716860056}, "spectral_complexity": {"dvar": 32.7423248291, "var": 118.344085693, "median": 16, "max": 61, "dmean": 4.38510465622, "dmean2": 6.26317167282, "mean": 18.1402435303, "dvar2": 56.3963508606, "min": 0}, "spectral_spread": {"dvar": 707233513472, "var": 2776703696900.0, "median": 3992589, "max": 15214013, "dmean": 621432.0625, "dmean2": 836149.0625, "mean": 4340444.5, "dvar2": 1205450571780.0, "min": 1499849.25}, "dynamic_complexity": 3.10313773155, "melbands_crest": {"dvar": 7.97567462921, "var": 24.31016922, "median": 12.6004104614, "max": 32.785785675, "dmean": 3.23697161674, "dmean2": 5.34578847885, "mean": 13.4125061035, "dvar2": 20.550743103, "min": 2.98529648781}, "zerocrossingrate": {"dvar": 0.000299810926663, "var": 0.00154656509403, "median": 0.0419921875, "max": 0.384765625, "dmean": 0.0126206800342, "dmean2": 0.0135887414217, "mean": 0.0552233569324, "dvar2": 0.000334756070515, "min": 0.005859375}, "spectral_energyband_low": {"dvar": 3.87975487683e-05, "var": 6.23974337941e-05, "median": 0.0051601761952, "max": 0.0831397846341, "dmean": 0.00334028946236, "dmean2": 0.00540818087757, "mean": 0.00712862052023, "dvar2": 9.41280231928e-05, "min": 1.52218632365e-07}, "melbands_kurtosis": {"dvar": 104.229675293, "var": 287.440612793, "median": 5.98500490189, "max": 257.146789551, "dmean": 5.3821387291, "dmean2": 8.6276807785, "mean": 10.529042244, "dvar2": 260.70791626, "min": -1.76578521729}, "spectral_energyband_middle_high": {"dvar": 1.25871674754e-05, "var": 5.07052682224e-05, "median": 0.00299183651805, "max": 0.0714028328657, "dmean": 0.00213148701005, "dmean2": 0.00318185961805, "mean": 0.00551683083177, "dvar2": 2.88921510219e-05, "min": 6.90394927005e-07}, "barkbands_spread": {"dvar": 73.5698471069, "var": 208.328918457, "median": 14.5182161331, "max": 93.6877746582, "dmean": 6.13215017319, "dmean2": 8.85550117493, "mean": 19.1238937378, "dvar2": 132.129272461, "min": 1.16887319088}, "mfcc": {"mean": [-653.119506836, 138.911010742, -0.87773168087, 19.1626014709, -4.25101232529, 4.04928922653, 0.992017626762, -0.744760274887, 1.49048912525, 2.42687177658, -4.08066129684, -4.21047115326, -1.39487195015], "cov": [[5523.43066406, -1072.30407715, 46.7591743469, -160.045700073, 100.105293274, -81.5776062012, -69.5618743896, 112.395584106, 38.9951019287, 95.7475204468, 22.3099365234, 79.0994567871, -23.6016616821], [-1072.30407715, 1849.50561523, -391.171813965, -38.5700340271, 46.6293449402, -49.0870285034, 84.357635498, 24.2558078766, 27.7053833008, 28.4298667908, 68.4849624634, -4.77955198288, 47.4732475281], [46.7591743469, -391.171813965, 580.892089844, 113.538955688, -1.15924263, 53.4884147644, -22.6666202545, -1.28277862072, -2.81892776489, -15.5377779007, 12.7832269669, 52.179019928, -8.94924259186], [-160.045700073, -38.5700340271, 113.538955688, 395.080718994, 75.3344573975, 72.3937835693, -29.2728881836, 14.0776166916, 15.4233112335, -22.9052219391, 1.4996701479, 30.9542312622, 2.90466046333], [100.105293274, 46.6293449402, -1.15924263, 75.3344573975, 211.04637146, 15.2516822815, 17.5824546814, 9.41152000427, 17.4547080994, 26.3704586029, 7.11995124817, 1.74343073368, 14.7715187073], [-81.5776062012, -49.0870285034, 53.4884147644, 72.3937835693, 15.2516822815, 182.735122681, 40.770275116, 38.0242958069, 5.86442470551, -2.34956765175, -2.93089985847, 5.04578304291, -19.1577911377], [-69.5618743896, 84.357635498, -22.6666202545, -29.2728881836, 17.5824546814, 40.770275116, 118.729484558, 42.48