{"tonal": {"chords_key": "F", "hpcp_entropy": {"dmean": 0.666350662708, "dmean2": 1.11641585827, "max": 4.46961593628, "dvar": 0.306527733803, "mean": 2.28790211678, "dvar2": 0.830959439278, "min": 0, "var": 0.711027860641, "median": 2.32460451126}, "key_key": "F", "chords_strength": {"dmean": 0.0117958039045, "dmean2": 0.0141007248312, "max": 0.730401694775, "dvar": 0.000662801438011, "mean": 0.482494443655, "dvar2": 0.00128303829115, "min": -1, "var": 0.0168864615262, "median": 0.484324276447}, "key_scale": "minor", "chords_number_rate": 0.00481347786263, "thpcp": [1, 0.959520220757, 0.495283931494, 0.348052561283, 0.382835477591, 0.453628271818, 0.405549228191, 0.31091055274, 0.268567860126, 0.219733700156, 0.172417804599, 0.165290102363, 0.190325349569, 0.194310829043, 0.180274784565, 0.405146181583, 0.699316442013, 0.780382335186, 0.606911718845, 0.327323406935, 0.244108468294, 0.351166248322, 0.587763786316, 0.731852293015, 0.684125125408, 0.591792225838, 0.514376044273, 0.448086440563, 0.415608644485, 0.354228109121, 0.238758206367, 0.204256638885, 0.274049401283, 0.287371337414, 0.27653503418, 0.503754556179], "key_strength": 0.667624235153, "tuning_nontempered_energy_ratio": 0.870689630508, "tuning_frequency": 434.193115234, "chords_changes_rate": 0.0986762940884, "tuning_diatonic_strength": 0.515317618847, "chords_scale": "minor", "chords_histogram": [23.886882782, 6.28760528564, 10.4392299652, 0, 0, 2.82791805267, 3.18892908096, 18.5619735718, 0.661853194237, 5.59566783905, 4.9338145256, 4.30204582214, 0.752105891705, 1.11311674118, 2.70758128166, 2.10589647293, 2.04572796822, 1.11311674118, 0.902527093887, 2.6774969101, 0, 0, 0.330926597118, 5.5655837059], "tuning_equal_tempered_deviation": 0.257684916258, "hpcp": {"dmean": [0.128811001778, 0.103543289006, 0.0816406086087, 0.0711814165115, 0.0744210332632, 0.0780192092061, 0.0917052403092, 0.137990683317, 0.18146879971, 0.210459172726, 0.152145698667, 0.124871656299, 0.122406132519, 0.130969062448, 0.120450541377, 0.102353908122, 0.0953440442681, 0.0763864591718, 0.0578634403646, 0.0557933971286, 0.064411945641, 0.064259365201, 0.0626601576805, 0.112880855799, 0.17707593739, 0.153117969632, 0.118410609663, 0.0975373908877, 0.095829859376, 0.130016744137, 0.181916534901, 0.2071287781, 0.199227169156, 0.190388321877, 0.163626000285, 0.144841507077], "dmean2": [0.227691754699, 0.184914022684, 0.14492456615, 0.127813205123, 0.130383312702, 0.135188013315, 0.161291256547, 0.239702060819, 0.311016350985, 0.359932422638, 0.26951700449, 0.225869566202, 0.217102527618, 0.23188225925, 0.20979899168, 0.181556776166, 0.172796979547, 0.139111235738, 0.102896682918, 0.0993879511952, 0.114983618259, 0.112840592861, 0.111087374389, 0.201401039958, 0.314444482327, 0.259328633547, 0.200875848532, 0.173824563622, 0.17437107861, 0.2341696769, 0.320177346468, 0.364842891693, 0.354284822941, 0.341848492622, 0.289108484983, 0.256622105837], "max": [1, 1, 1, 1, 1, 1, 1, 1, 1, 1, 1, 1, 1, 1, 1, 1, 1, 1, 1, 1, 1, 1, 1, 1, 1, 1, 1, 1, 1, 1, 1, 1, 1, 1, 1, 1], "dvar": [0.0404081493616, 0.0353065766394, 0.0247445609421, 0.0250080917031, 0.0268092993647, 0.025261150673, 0.0306198596954, 0.0407710894942, 0.0564699023962, 0.0665210783482, 0.0500105544925, 0.0489092878997, 0.042725045234, 0.0458489172161, 0.0371148847044, 0.030868370086, 0.0281680319458, 0.0245674122125, 0.0160678476095, 0.0155590241775, 0.0204317625612, 0.0179692599922, 0.0168308708817, 0.0296752024442, 0.0688724815845, 0.0359083078802, 0.0335036404431, 0.0305552631617, 0.0363547690213, 0.0439423136413, 0.0627067908645, 0.0672748237848, 0.0620242469013, 0.0625889226794, 0.0546025559306, 0.0472270697355], "mean": [0.129854023457, 0.11067610234, 0.0745983347297, 0.0638185590506, 0.0856248214841, 0.0897871702909, 0.0864014402032, 0.157394587994, 0.31244301796, 0.299795389175, 0.154748007655, 0.108746595681, 0.11961427331, 0.141732990742, 0.126711025834, 0.0971418321133, 0.0839121565223, 0.0686542615294, 0.0538707412779, 0.0516437403858, 0.0594658255577, 0.0607110634446, 0.0563255995512, 0.126585096121, 0.218496531248, 0.243825018406, 0.18962533772, 0.102269910276, 0.0762699842453, 0.109719440341, 0.183642685413, 0.228662148118, 0.213750123978, 0.184901341796, 0.160713210702, 0.140001475811], "dvar2": [0.105891749263, 0.0930766388774, 0.0680214837193, 0.0684316530824, 0.0718147754669, 0.0678211376071, 0.0819417461753, 0.108537144959, 0.141220539808, 0.17247620225, 0.137646481395, 0.135720789433, 0.115431405604, 0.121994107962, 0.100873179734, 0.0875156596303, 0.0793094560504, 0.066810823977, 0.0440023802221, 0.0424311123788, 0.0560132786632, 0.0492601878941, 0.0464031361043, 0.0781026557088, 0.177952542901, 0.0906335785985, 0.0828659981489, 0.0827680155635, 0.100700125098, 0.119724169374, 0.1653290838, 0.178064331412, 0.168480679393, 0.176977738738, 0.150628596544, 0.127975821495], "min": [0, 0, 0, 0, 0, 0, 0, 0, 0, 0, 0, 0, 0, 0, 0, 0, 0, 0, 0, 0, 0, 0, 0, 0, 0, 0, 0, 0, 0, 0, 0, 0, 0, 0, 0, 0], "var": [0.0475973039865, 0.0449646525085, 0.0231400188059, 0.0227943845093, 0.0399374440312, 0.0370719954371, 0.0316525660455, 0.0514787212014, 0.130605265498, 0.11376503855, 0.057301402092, 0.0488752275705, 0.05042950809, 0.0602197870612, 0.0457593761384, 0.0306585915387, 0.0252975039184, 0.0224009826779, 0.0159924589097, 0.0149304037914, 0.0194214619696, 0.0184260979295, 0.0152946347371, 0.0368327312171, 0.0993603691459, 0.0752507224679, 0.0789856240153, 0.0318269617856, 0.0298332143575, 0.0426667146385, 0.077585875988, 0.0947494134307, 0.0826734378934, 0.0738726183772, 0.0631988197565, 0.0546126551926], "median": [0.0357785150409, 0.0219428204, 0.0122538600117, 0.00821874476969, 0.00975991971791, 0.0126840081066, 0.0123461447656, 0.0547812767327, 0.135055363178, 0.141965806484, 0.0458534434438, 0.0124430516735, 0.0190109349787, 0.0307286567986, 0.031768836081, 0.0305635556579, 0.0240513794124, 0.0138205494732, 0.010177731514, 0.0110055096447, 0.0120548140258, 0.0130040505901, 0.0124979764223, 0.0334522388875, 0.0667566806078, 0.12114469707, 0.0583016388118, 0.029793497175, 0.00937576033175, 0.0154438083991, 0.0429437234998, 0.0734702795744, 0.0737469941378, 0.0526462048292, 0.0425536856055, 0.0376485027373]}}, "lowlevel": {"melbands_flatness_db": {"dmean": 0.0382983312011, "dmean2": 0.0596974976361, "max": 0.604096293449, "dvar": 0.00123792537488, "mean": 0.321471393108, "dvar2": 0.00289622088894, "min": 0.0312780477107, "var": 0.00709128472954, "median": 0.330072343349}, "melbands_crest": {"dmean": 3.62684988976, "dmean2": 5.96535301208, "max": 37.4831771851, "dvar": 11.8609762192, "mean": 16.461397171, "dvar2": 30.6112823486, "min": 3.25469923019, "var": 37.712059021, "median": 15.4899301529}, "spectral_entropy": {"dmean": 0.312384694815, "dmean2": 0.487059414387, "max": 9.80576610565, "dvar": 0.0900577008724, "mean": 6.85403823853, "dvar2": 0.21840018034, "min": 4.24194669724, "var": 0.453775912523, "median": 6.82610034943}, "melbands": {"dmean": [0.000252578756772, 0.000251224148087, 0.00022559062927, 0.000314352539135, 0.0003647422418, 0.000262431422016, 0.000224404328037, 7.98357432359e-05, 4.36153641203e-05, 5.50271761313e-05, 3.62285936717e-05, 1.90760474652e-05, 1.23908230307e-05, 7.22426966604e-06, 5.82388929615e-06, 5.21023684996e-06, 2.35327524933e-06, 2.83108101939e-06, 2.00175600185e-06, 1.46821980707e-06, 1.50471510096e-06, 1.38581992815e-06, 1.17930699162e-06, 8.63814079821e-07, 7.23452501461e-07, 5.41520876141e-07, 3.94270671222e-07, 5.13952045367e-07, 4.29765947274e-07, 2.11213361467e-07, 1.5725834146e-07, 1.24743252172e-07, 8.8530271114e-08, 6.54062191074e-08, 5.09766451273e-08, 3.13848644851e-08, 1.75913896783e-08, 1.25635706283e-08, 9.79940129042e-09, 8.40328784335e-09], "dmean2": [0.000430578103988, 0.000375852832804, 0.000328382186126, 0.000471827632282, 0.00051367940614, 0.000393440015614, 0.000340229453286, 0.000122844183352, 7.01761309756e-05, 8.68702045409e-05, 5.42998313904e-05, 3.04843597405e-05, 1.89852253243e-05, 1.12613943202e-05, 9.02024385141e-06, 8.01462465461e-06, 3.63849835594e-06, 4.32789465776e-06, 3.26095073433e-06, 2.29983743338e-06, 2.28911972044e-06, 2.14219767258e-06, 1.87402133633e-06, 1.33170760819e-06, 1.06255754417e-06, 8.0446938e-07, 5.38233052794e-07, 7.33308866074e-07, 5.9157122223e-07, 3.0196738976e-07, 2.31497693903e-07, 1.88951105429e-07, 1.2863596055e-07, 9.45104403627e-08, 7.30490015144e-08, 4.62851552641e-08, 2.75393787774e-08, 2.05910044571e-08, 1.61860551628e-08, 1.39494433782e-08], "max": [0.0320891514421, 0.0135432295501, 0.0208055302501, 0.0453265197575, 0.0316789448261, 0.0337270237505, 0.0222878139466, 0.0255035180598, 0.00667031714693, 0.0167046319693, 0.00866727624089, 0.0048989164643, 0.00996760185808, 0.00387146882713, 0.00112707028165, 0.000729914638214, 0.000518695625942, 0.000649797962978, 0.000553682737518, 0.000288687180728, 0.000491643033456, 0.000581605767366, 0.000402143225074, 0.000309924856992, 0.000166678466485, 0.000133171022753, 7.28161830921e-05, 0.000122826037114, 0.000168433238287, 4.40323747171e-05, 3.71964633814e-05, 4.48349637736e-05, 2.79612395389e-05, 1.37978167913e-05, 1.09224492917e-05, 6.78919241182e-06, 1.44379828271e-06, 8.25445795272e-07, 4.84462020722e-07, 4.28530512409e-07], "dvar": [1.407163154e-06, 3.6652363633e-07, 4.91712626172e-07, 1.14703470899e-06, 1.62943911164e-06, 9.56558551479e-07, 8.05300658158e-07, 2.45430129553e-07, 3.67452201999e-08, 1.39400981425e-07, 4.54040680609e-08, 8.49946157899e-09, 2.01845669068e-08, 4.05384525948e-09, 6.62690791131e-10, 5.28466936878e-10, 1.23071206004e-10, 1.73447117779e-10, 9.89850423849e-11, 4.14005218996e-11, 8.09648112443e-11, 1.10389197783e-10, 6.53978121656e-11, 3.00597845226e-11, 1.6014949783e-11, 9.8120634881e-12, 4.49242162567e-12, 1.41272158902e-11, 1.16525478502e-11, 1.5741953097e-12, 8.20250876769e-13, 6.76223996503e-13, 2.79297418526e-13, 9.3758808768e-14, 5.51629021053e-14, 1.89823962891e-14, 2.45487575817e-15, 1.19688952996e-15, 7.4504838046e-16, 5.76026767484e-16], "mean": [0.000384270591894, 0.00051982072182, 0.000451445841463, 0.000548465002794, 0.000630527210888, 0.000506877200678, 0.000418476818595, 0.000130564774736, 6.88444779371e-05, 0.00010344650218, 6.19036945864e-05, 2.81714292214e-05, 1.72885083884e-05, 1.14546865007e-05, 9.87239127426e-06, 8.78578703123e-06, 4.04346155847e-06, 4.60477440356e-06, 3.31148976329e-06, 2.51491405834e-06, 2.45589330916e-06, 2.1799944534e-06, 1.92406992028e-06, 1.45914123095e-06, 1.24423149828e-06, 9.19310934933e-07, 6.79281470184e-07, 8.11884319774e-07, 7.33091269467e-07, 3.30553831418e-07, 2.36075507587e-07, 1.85263957064e-07, 1.42615377285e-07, 1.14630850589e-07, 8.64280309543e-08, 5.02615051801e-08, 2.7027336813e-08, 1.64225717469e-08, 1.08461648551e-08, 8.4743350115e-09], "dvar2": [3.94474363929e-06, 8.32397631712e-07, 9.37375887133e-07, 2.59843318418e-06, 3.12937504532e-06, 2.02499313673e-06, 1.83302222467e-06, 5.81215374496e-07, 9.40640063618e-08, 3.31061045244e-07, 9.93975746155e-08, 2.11404973527e-08, 4.45949090988e-08, 7.19466086707e-09, 1.4646261981e-09, 1.18299448015e-09, 2.77398493065e-10, 3.62072233306e-10, 2.24521928827e-10, 8.89279067051e-11, 1.83239215468e-10, 2.57931759284e-10, 1.84943185766e-10, 7.80713757531e-11, 3.25423438197e-11, 1.93042630492e-11, 7.53146156551e-12, 2.94756996588e-11, 1.84853365254e-11, 3.02871378151e-12, 1.56132854041e-12, 1.51659728612e-12, 6.26566344381e-13, 1.43641188896e-13, 9.88307810698e-14, 3.28333043533e-14, 4.99998847731e-15, 3.04530176812e-15, 1.94562896237e-15, 1.50183991982e-15], "min": [7.58694240059e-16, 2.68053714084e-16, 1.74152065068e-16, 6.58238038339e-16, 8.98559549623e-16, 2.98075923397e-16, 5.76714558237e-16, 4.88280136318e-16, 3.85290062006e-16, 3.36885199565e-16, 2.61973261603e-16, 4.72588586272e-16, 1.23023250548e-16, 4.39896767338e-16, 4.49828334524e-16, 6.329736925e-16, 1.71198328832e-15, 4.22371793302e-15, 2.61902163775e-15, 1.10484277722e-15, 1.00211991534e-15, 2.18273254255e-15, 3.37617803655e-15, 4.58036157898e-15, 3.28448735528e-15, 2.79881920388e-15, 2.66915730614e-15, 1.39974587402e-15, 3.34679419891e-16, 5.07434039415e-16, 1.39264053814e-15, 1.22649396675e-15, 2.27210637695e-15, 1.28520478493e-15, 1.50630897153e-15, 1.75591084048e-15, 4.76654450298e-15, 8.96699655853e-15, 3.92756260389e-15, 1.7357313393e-15], "var": [1.49652453274e-06, 1.03081765701e-06, 1.49230868374e-06, 2.15582122109e-06, 3.88094986192e-06, 2.83974259219e-06, 2.2004769562e-06, 6.29994417523e-07, 7.04170730614e-08, 4.00249462018e-07, 1.08114370789e-07, 1.45835352683e-08, 2.84595795819e-08, 8.58847037932e-09, 1.70573344338e-09, 1.43618750226e-09, 3.01514258005e-10, 4.52974158183e-10, 2.75666767191e-10, 1.22420143467e-10, 1.95563121252e-10, 2.14582449032e-10, 1.26388580157e-10, 6.28482196841e-11, 4.27454668883e-11, 2.56988163388e-11, 1.48311883608e-11, 3.35063018997e-11, 3.50255623116e-11, 4.01318821924e-12, 2.0141672618e-12, 1.2214191247e-12, 6.28248267211e-13, 3.26436469002e-13, 1.75039114605e-13, 5.83911920009e-14, 6.31228179942e-15, 1.86893182306e-15, 8.93439764852e-16, 6.33674347566e-16], "median": [5.01373324369e-05, 8.83631801116e-05, 6.69729633955e-05, 6.81818710291e-05, 4.61405579699e-05, 3.1275623769e-05, 1.04650380308e-05, 2.72563238468e-06, 1.96869518732e-06, 1.48741116845e-06, 1.54387112161e-06, 1.45256638007e-06, 7.11511120244e-07, 4.77176627101e-07, 3.94223548028e-07, 3.86818157949e-07, 2.81287043435e-07, 3.70112218206e-07, 2.65369124008e-07, 1.7614013359e-07, 1.37121887178e-07, 7.58127924883e-08, 9.09897153178e-08, 7.62388978615e-08, 3.72735442511e-08, 3.1537560119e-08, 2.17540883085e-08, 1.71831882056e-08, 1.81972286128e-08, 1.74600973679e-08, 1.54368500205e-08, 1.48443781711e-08, 1.23071473013e-08, 9.22593734742e-09, 7.60058060933e-09, 5.91173465736e-09, 3.71488173556e-09, 2.36581043644e-09, 1.46611933705e-09, 8.24710355563e-10]}, "silence_rate_60dB": {"dmean": 0.0481492616236, "dmean2": 0.0963130146265, "max": 1, "dvar": 0.0458316616714, "mean": 0.4677298069, "dvar2": 0.095465220511, "min": 0, "var": 0.248955979943, "median": 0}, "spectral_energyband_middle_high": {"dmean": 0.000311009323923, "dmean2": 0.000450963678304, "max": 0.0910048559308, "dvar": 1.97940948965e-06, "mean": 0.000762926414609, "dvar2": 3.83829683415e-06, "min": 3.34307830984e-13, "var": 7.22307322576e-06, "median": 6.88456711941e-05}, "erbbands_skewness": {"dmean": 0.593242883682, "dmean2": 0.919369280338, "max": 8.9625377655, "dvar": 0.355812013149, "mean": 1.67947375774, "dvar2": 0.806066691875, "min": -5.37691879272, "var": 3.17368936539, "median": 1.63259840012}, "dynamic_complexity": 10.3620891571, "dissonance": {"dmean": 0.0324636809528, "dmean2": 0.0536254048347, "max": 0.500000178814, "dvar": 0.000992416054942, "mean": 0.428963631392, "dvar2": 0.00265640905127, "min": 0.171175464988, "var": 0.00282068946399, "median": 0.438987970352}, "spectral_skewness": {"dmean": 0.434631407261, "dmean2": 0.693451881409, "max": 8.10214710236, "dvar": 0.227222040296, "mean": 3.0337138176, "dvar2": 0.599060118198, "min": -0.357509970665, "var": 0.94243812561, "median": 2.95704555511}, "spectral_kurtosis": {"dmean": 4.93799591064, "dmean2": 7.9991850853, "max": 92.5779800415, "dvar": 39.7328453064, "mean": 16.8655147552, "dvar2": 107.000610352, "min": -1.16789782047, "var": 104.288986206, "median": 14.4794311523}, "gfcc": {"cov": [[23098.9882812, 3494.38061523, -2529.61425781, -1216.43945312, -34.3019523621, -1085.71972656, 368.426574707, -737.057556152, 167.872177124, -410.000457764, 44.2381782532, -152.344680786, -346.494018555], [3494.38061523, 1920.60876465, 178.220748901, -392.998718262, -102.41015625, -176.146026611, 42.7274017334, -228.614318848, 76.4475708008, -98.7912063599, 34.5731697083, -59.4862213135, 1.66877400875], [-2529.61425781, 178.220748901, 1118.90771484, 270.181671143, -251.807144165, 129.028793335, -93.8193359375, 77.1848678589, -50.9520149231, 105.320137024, 13.3447294235, 5.52218437195, 68.8371276855], [-1216.43945312, -392.998718262, 270.181671143, 513.555358887, 64.9479675293, 42.9128646851, 34.670627594, -0.237018883228, -18.7367630005, 22.3284282684, -43.5908317566, 39.8127174377, -28.733259201], [-34.3019523621, -102.41015625, -251.807144165, 64.9479675293, 436.857513428, 44.8674621582, 125.362251282, -22.9739875793, 86.7817687988, -68.6114273071, 15.4473924637, 14.2136573792, 70.1949462891], [-1085.71972656, -176.146026611, 129.028793335, 42.9128646851, 44.8674621582, 308.790313721, 0.882942557335, 125.811286926, -53.3342857361, 54.0415039062, -24.3530502319, 2.13234257698, 23.3099155426], [368.426574707, 42.7274017334, -93.8193359375, 34.670627594, 125.362251282, 0.882942557335, 210.26121521, -2.45441007614, 57.7669563293, -32.7084846497, 10.1915521622, 4.92352294922, 6.53397464752], [-737.057556152, -228.614318848, 77.1848678589, -0.237018883228, -22.9739875793, 125.811286926, -2.45441007614, 211.649261475, 1.0072054863, 57.4049339294, 0.658662676811, -9.17859458923, 20.2630367279], [167.872177124, 76.4475708008, -50.9520149231, -18.7367630005, 86.7817687988, -53.3342857361, 57.7669563293, 1.0072054863, 142.941574097, 13.3543424606, 19.9729652405, 3.77534651756, 19.3335914612], [-410.000457764, -98.7912063599, 105.320137024, 22.3284282684, -68.6114273071, 54.0415039062, -32.7084846497, 57.4049339294, 13.3543424606, 104.782226562, 31.1373786926, -0.701808989048, -2.55983328819], [44.2381782532, 34.5731697083, 13.3447294235, -43.5908317566, 15.4473924637, -24.3530502319, 10.1915521622, 0.658662676811, 19.9729652405, 31.1373786926, 78.1551513672, 25.9722156525, 25.9027862549], [-152.344680786, -59.4862213135, 5.52218437195, 39.8127174377, 14.2136573792, 2.13234257698, 4.92352294922, -9.17859458923, 3.77534651756, -0.701808989048, 25.9722156525, 62.497756958, 29.2603473663], [-346.494018555, 1.66877400875, 68.8371276855, -28.733259201, 70.1949462891, 23.3099155426, 6.53397464752, 20.2630367279, 19.3335914612, -2.55983328819, 25.9027862549, 29.2603473663, 116.12676239]], "mean": [-184.454223633, 101.421531677, -51.7689743042, 4.7884888649, -31.5016727448, -17.6390094757, -20.2503662109, -18.5291671753, -7.6918053627, -10.0320272446, -6.68980121613, 0.278178721666, -4.58342409134], "icov": [[0.000132397268317, -0.000309103634208, 0.000432407658082, -0.000184509757673, 0.000172172789462, 0.000204051175388, -0.000126425104099, -7.89285259089e-05, 0.000194640437257, -0.000164536657394, -6.32875307929e-05, 0.000108305983304, -7.58421156206e-05], [-0.000309103634208, 0.0017589336494, -0.00163616880309, 0.00144278071821, -0.000236163978116, -0.000660994730424, -6.62293314235e-05, 0.00134945369791, -0.00125297519844, 0.00146955403034, -0.000268224568572, 0.000329495669575, 0.000640799989924], [0.000432407658082, -0.00163616880309, 0.00424777111039, -0.00387854734436, 0.00372052704915, -0.00153902370948, 0.000596312282141, -0.000321259023622, -0.000819139066152, 0.00159630621783, -0.00425183912739, 0.00445015961304, -0.004082783591], [-0.000184509757673, 0.00144278071821, -0.00387854734436, 0.00733557762578, -0.00523965898901, 0.00330205191858, -0.00198044069111, 0.000477032532217, 0.00298277265392, -0.00610208883882, 0.00928667001426, -0.0088305324316, 0.00559794064611], [0.000172172789462, -0.000236163978116, 0.00372052704915, -0.00523965898901, 0.00987556390464, -0.00592364417389, 0.000364752224414, 0.0018990051467, -0.00659760367125, 0.0103687699884, -0.0107911042869, 0.00959351006895, -0.00680034421384], [0.000204051175388, -0.000660994730424, -0.00153902370948, 0.00330205191858, -0.00592364417389, 0.0101627716795, -0.00224898429587, -0.00385175645351, 0.00763903930783, -0.0109540820122, 0.0111037045717, -0.00795034039766, 0.00270022195764], [-0.000126425104099, -6.62293314235e-05, 0.000596312282141, -0.00198044069111, 0.000364752224414, -0.00224898429587, 0.00737806688994, -0.000506602809764, -0.00377058750018, 0.00513254152611, -0.0046916520223, 0.00248294905759, -0.000153784640133], [-7.89285259089e-05, 0.00134945369791, -0.000321259023622, 0.000477032532217, 0.0018990051467, -0.00385175645351, -0.000506602809764, 0.00878594256938, -0.00274478271604, 0.000316429504892, -0.00183299020864, 0.00365467276424, -0.00187378050759], [0.000194640437257, -0.00125297519844, -0.000819139066152, 0.00298277265392, -0.00659760367125, 0.00763903930783, -0.00377058750018, -0.00274478271604, 0.015784047544, -0.0129756992683, 0.0094016874209, -0.00725402450189, 0.0017849431606], [-0.000164536657394, 0.00146955403034, 0.00159630621783, -0.00610208883882, 0.0103687699884, -0.0109540820122, 0.00513254152611, 0.000316429504892, -0.0129756992683, 0.0326848216355, -0.0240702796727, 0.0149070778862, -0.00288727576844], [-6.32875307929e-05, -0.000268224568572, -0.00425183912739, 0.00928667001426, -0.0107911042869, 0.0111037045717, -0.0046916520223, -0.00183299020864, 0.0094016874209, -0.0240702796727, 0.0382735431194, -0.0226661786437, 0.00458925869316], [0.000108305983304, 0.000329495669575, 0.00445015961304, -0.0088305324316, 0.00959351006895, -0.00795034039766, 0.00248294905759, 0.00365467276424, -0.00725402450189, 0.0149070778862, -0.0226661786437, 0.0358492583036, -0.0119257578626], [-7.58421156206e-05, 0.000640799989924, -0.004082783591, 0.00559794064611, -0.00680034421384, 0.00270022195764, -0.000153784640133, -0.00187378050759, 0.0017849431606, -0.00288727576844, 0.00458925869316, -0.0119257578626, 0.0177056863904]]}, "spectral_complexity": {"dmean": 1.23833882809, "dmean2": 1.98194134235, "max": 52, "dvar": 3.17211031914, "mean": 5.30103826523, "dvar2": 6.05370044708, "min": 0, "var": 33.4095077515, "median": 4}, "spectral_flux": {"dmean": 0.0129152173176, "dmean2": 0.0208049491048, "max": 0.36110123992, "dvar": 0.000481568829855, "mean": 0.0451519675553, "dvar2": 0.00114645704161, "min": 1.72446707438e-05, "var": 0.0023435188923, "median": 0.0293075386435}, "spectral_energyband_low": {"dmean": 0.00154532189481, "dmean2": 0.00238867662847, "max": 0.10893817246, "dvar": 2.39431956288e-05, "mean": 0.00327153876424, "dvar2": 6.07556539762e-05, "min": 3.37493480394e-15, "var": 4.34333269368e-05, "median": 0.000667634652928}, "spectral_decrease": {"dmean": 1.17691811852e-09, "dmean2": 1.72869729642e-09, "max": 4.90857310353e-08, "dvar": 8.26113301409e-18, "mean": -2.38913688833e-09, "dvar2": 1.80976877531e-17, "min": -5.54951213871e-08, "var": 2.80919072527e-17, "median": -3.58683055479e-10}, "barkbands_spread": {"dmean": 3.88434743881, "dmean2": 6.06786251068, "max": 137.594512939, "dvar": 53.7919082642, "mean": 11.5484733582, "dvar2": 122.55280304, "min": 0.203127890825, "var": 266.936035156, "median": 5.28348064423}, "spectral_rms": {"dmean": 0.000453799555544, "dmean2": 0.000626548717264, "max": 0.0181700009853, "dvar": 6.01621252372e-07, "mean": 0.00285898847505, "dvar2": 1.05595472633e-06, "min": 4.94188405753e-08, "var": 8.01733040134e-06, "median": 0.00193274195772}, "spectral_centroid": {"dmean": 126.320297241, "dmean2": 185.825881958, "max": 10932.3027344, "dvar": 71739.28125, "mean": 726.030761719, "dvar2": 111703.460938, "min": 128.886077881, "var": 1200065.5, "median": 388.330932617}, "barkbands_skewness": {"dmean": 0.96484285593, "dmean2": 1.5283844471, "max": 14.3573150635, "dvar": 1.0334635973, "mean": 3.06654071808, "dvar2": 2.5751388073, "min": -7.82888364792, "var": 4.85787677765, "median": 2.92998027802}, "spectral_rolloff": {"dmean": 1880.83056641, "dmean2": 3652.13037109, "max": 22050, "dvar": 31771794, "mean": 12916.9550781, "dvar2": 82997888, "min": 43.06640625, "var": 105581984, "median": 21748.5351562}, "erbbands_spread": {"dmean": 6.41468429565, "dmean2": 10.1717529297, "max": 126.533180237, "dvar": 57.5766372681, "mean": 23.0489273071, "dvar2": 138.723449707, "min": 1.27371060848, "var": 272.526489258, "median": 18.9804000854}, "barkbands": {"dmean": [0.00035708482028, 0.000748306454625, 0.000606537447311, 0.000485600787215, 0.00183811981697, 0.0012647616677, 0.000965733546764, 0.00027002565912, 0.000356966338586, 0.000191495288163, 8.87056667125e-05, 5.40415931027e-05, 5.8577832533e-05, 2.53176058322e-05, 3.11183539452e-05, 2.14142528421e-05, 2.30661789828e-05, 1.96099354071e-05, 1.4121032109e-05, 1.45280528159e-05, 9.54335700953e-06, 5.22403342984e-06, 2.92724280371e-06, 1.2223797512e-06, 9.23928837437e-07, 1.73100681877e-06, 2.21845421038e-05], "dmean2": [0.000587598129641, 0.00126599753276, 0.000875554629602, 0.000734575500246, 0.00269156089053, 0.00187791872304, 0.00147430598736, 0.000419388961745, 0.000572262099013, 0.000295076228213, 0.000134971633088, 8.76020276337e-05, 8.9916989964e-05, 3.97079056711e-05, 5.05078678543e-05, 3.31866322085e-05, 3.50347327185e-05, 3.0345578125e-05, 2.04832031159e-05, 2.05756077776e-05, 1.31524575409e-05, 7.59905788073e-06, 4.00315957449e-06, 1.93521645997e-06, 1.53094185862e-06, 2.55320173892e-06, 2.89829240501e-05], "max": [0.0411178357899, 0.0786272659898, 0.0397227033973, 0.0622398294508, 0.167641311884, 0.150863021612, 0.111452296376, 0.0448685958982, 0.110153838992, 0.0318576321006, 0.0719649344683, 0.0164925828576, 0.0105948913842, 0.0070096864365, 0.00917363818735, 0.00470803538337, 0.0102077312768, 0.00717870006338, 0.00317452056333, 0.00313913822174, 0.00309271644801, 0.00178707379382, 0.000548847892787, 8.51326840348e-05, 4.61009767605e-05, 0.000178855101694, 0.00430299015716], "dvar": [2.72835245596e-06, 9.8204400274e-06, 2.47278194365e-06, 2.97870951727e-06, 3.54857911589e-05, 2.0348767066e-05, 1.70711537066e-05, 1.65621304404e-06, 5.26678604729e-06, 8.66213326844e-07, 9.70064547801e-07, 1.45518143313e-07, 6.78628779838e-08, 1.52796797437e-08, 2.38474555658e-08, 1.01574482159e-08, 3.04804146367e-08, 1.67616143187e-08, 5.89554938202e-09, 1.02394102086e-08, 3.68164876363e-09, 1.01696562282e-09, 1.62217891897e-10, 1.11201837669e-11, 6.91057887997e-12, 2.74346309559e-11, 1.06710800196e-08], "mean": [0.000512856000569, 0.00117435783613, 0.00122035609093, 0.000796784181148, 0.00325890281238, 0.00241068867035, 0.00161722360644, 0.000414698472014, 0.000679414195474, 0.000304453540593, 0.000120860757306, 8.52132798173e-05, 9.99877083814e-05, 3.96334398829e-05, 5.02044786117e-05, 3.6414796341e-05, 3.73372058675e-05, 3.30004186253e-05, 2.57774445345e-05, 2.49033128057e-05, 1.60121089721e-05, 8.45718386699e-06, 5.19640934726e-06, 1.788034524e-06, 9.44310443174e-07, 2.95388849736e-06, 5.69397707295e-05], "dvar2": [7.1664612733e-06, 2.78268526017e-05, 4.40296298621e-06, 5.75998183194e-06, 7.27037986508e-05, 4.14441456087e-05, 3.9586222556e-05, 3.94697826778e-06, 1.24080052046e-05, 2.05318201552e-06, 2.07855532608e-06, 3.48028265762e-07, 1.5161732847e-07, 3.21879021214e-08, 5.52909256157e-08, 2.27239880246e-08, 6.91907331429e-08, 4.55252084919e-08, 1.03971791177e-08, 1.98895531156e-08, 5.81677239708e-09, 2.12838502378e-09, 2.41455577754e-10, 2.47296523537e-11, 1.79713553067e-11, 5.33360820787e-11, 1.64260818281e-08], "min": [2.39710705238e-15, 1.77474197109e-15, 3.37599433628e-16, 2.87892628607e-16, 3.98259772261e-15, 1.96156504024e-15, 3.31644527311e-15, 1.53512047959e-15, 2.47231722535e-15, 2.98202734817e-15, 1.05130870677e-15, 4.34246051728e-15, 5.77716619389e-15, 2.76951770843e-14, 3.94356280216e-14, 1.56869756443e-14, 3.8751401583e-14, 8.66366372631e-14, 7.06437404234e-14, 5.84368436887e-14, 3.11147998642e-14, 9.16852788894e-14, 8.35329120328e-14, 4.93098183812e-13, 3.47018827519e-13, 5.89776708373e-13, 4.23815930267e-13], "var": [3.91132016375e-06, 1.07879723146e-05, 7.83484847489e-06, 8.07876676845e-06, 8.1569662143e-05, 5.99335107836e-05, 3.85667917726e-05, 3.63312346963e-06, 1.46085985762e-05, 1.99766850528e-06, 1.39071460126e-06, 2.58898893435e-07, 1.74228318883e-07, 3.31498810624e-08, 5.54890817739e-08, 2.91514457018e-08, 6.17431581418e-08, 3.09946059929e-08, 1.8664213286e-08, 2.78379932439e-08, 1.14970717391e-08, 2.24434715257e-09, 6.12116524135e-10, 2.49768955518e-11, 7.78868809725e-12, 8.60169296901e-11, 4.54253488158e-08], "median": [3.71791575162e-05, 0.000165297562489, 0.00015515164705, 7.70405313233e-05, 0.00034243875416, 0.000150861029397, 2.78821171378e-05, 1.09748416435e-05, 1.0621988622e-05, 1.24324787976e-05, 5.00655687574e-06, 3.69567669622e-06, 3.98562178816e-06, 2.80713538814e-06, 4.42312330051e-06, 2.45548449129e-06, 1.34187246204e-06, 1.70728992543e-06, 9.23467268876e-07, 5.81679671541e-07, 7.48282616314e-07, 7.4468641742e-07, 4.88089881401e-07, 2.59621884879e-07, 9.66149897863e-08, 4.26070926096e-07, 3.16363730235e-06]}, "melbands_kurtosis": {"dmean": 12.7822999954, "dmean2": 21.075717926, "max": 326.65045166, "dvar": 431.760894775, "mean": 26.060049057, "dvar2": 1157.71813965, "min": -1.95687425137, "var": 1061.93237305, "median": 15.0579853058}, "erbbands_crest": {"dmean": 3.0702958107, "dmean2": 5.0224852562, "max": 30.6864032745, "dvar": 7.934923172, "mean": 12.7767829895, "dvar2": 20.5509853363, "min": 2.47640395164, "var": 30.1024703979, "median": 12.055724144}, "melbands_skewness": {"dmean": 0.90177243948, "dmean2": 1.44267308712, "max": 13.0202674866, "dvar": 0.996902704239, "mean": 2.61768841743, "dvar2": 2.45803189278, "min": -8.55848693848, "var": 4.74186944962, "median": 2.31917738914}, "spectral_energyband_middle_low": {"dmean": 0.00334782339633, "dmean2": 0.00473679462448, "max": 0.222740247846, "dvar": 8.50013748277e-05, "mean": 0.00930706970394, "dvar2": 0.000169709892361, "min": 1.38090180499e-14, "var": 0.00042272999417, "median": 0.000948532018811}, "spectral_contrast_coeffs": {"dmean": [0.0495080724359, 0.0451672971249, 0.0356902740896, 0.0300037078559, 0.0230622608215, 0.0250577423722], "dmean2": [0.0805707350373, 0.073014318943, 0.0589701831341, 0.0484485626221, 0.03759367764, 0.0390124209225], "max": [-0.257767915726, -0.419641256332, -0.482043534517, -0.603743135929, -0.604231059551, -0.5258705616], "dvar": [0.00182385521475, 0.0013949269196, 0.000914040778298, 0.000668154098094, 0.000451345200418, 0.000663967977744], "mean": [-0.664286792278, -0.762452363968, -0.833511054516, -0.856462001801, -0.87063395977, -0.810665369034], "dvar2": [0.0044809631072, 0.00355004752055, 0.00237332959659, 0.00175646774005, 0.0012064659968, 0.00154363119509], "min": [-0.967691540718, -0.960715353489, -0.968752324581, -0.983156561852, -0.968785643578, -0.960060715675], "var": [0.0118541289121, 0.00773678952828, 0.00516170170158, 0.00380290229805, 0.00234684650786, 0.00306612649001], "median": [-0.673591375351, -0.773845970631, -0.846129059792, -0.864807665348, -0.879338145256, -0.826982975006]}, "spectral_contrast_valleys": {"dmean": [0.41224950552, 0.404264032841, 0.423289835453, 0.429974973202, 0.440372407436, 0.530792295933], "dmean2": [0.671938955784, 0.635767400265, 0.665996134281, 0.667194485664, 0.675125598907, 0.826832473278], "max": [-5.08577823639, -4.48223733902, -5.3542432785, -5.7120051384, -5.68781614304, -9.15257549286], "dvar": [0.133045598865, 0.143055528402, 0.158702641726, 0.179377645254, 0.203549772501, 0.263760834932], "mean": [-8.29769325256, -8.01139640808, -8.96065807343, -9.5213766098, -9.63562202454, -12.2356710434], "dvar2": [0.300593078136, 0.298945903778, 0.346234023571, 0.406777709723, 0.463153094053, 0.671255290508], "min": [-27.568977356, -27.6054058075, -27.0003414154, -27.1268348694, -27.2265453339, -27.2400131226], "var": [2.60801768303, 2.99090695381, 2.87249588966, 2.68282389641, 2.35133981705, 1.52458870411], "median": [-8.07051467896, -7.93916416168, -8.76641654968, -9.29691982269, -9.58741569519, -12.1892032623]}, "silence_rate_20dB": {"dmean": 0, "dmean2": 0, "max": 1, "dvar": 0, "mean": 1, "dvar2": 0, "min": 1, "var": 0, "median": 1}, "silence_rate_30dB": {"dmean": 0.00962985213846, "dmean2": 0.0192626025528, "max": 1, "dvar": 0.00953677948564, "mean": 0.969008564949, "dvar2": 0.0212981216609, "min": 0, "var": 0.0300315264612, "median": 1}, "spectral_strongpeak": {"dmean": 5.12794351578, "dmean2": 9.05072498322, "max": 378.491271973, "dvar": 287.315307617, "mean": 6.32190465927, "dvar2": 738.225891113, "min": 0, "var": 562.655639648, "median": 0.370619535446}, "spectral_spread": {"dmean": 629772.375, "dmean2": 999374.6875, "max": 40034256, "dvar": 436245823488, "mean": 4408518.5, "dvar2": 936641822720, "min": 1062392.25, "var": 3563138318340.0, "median": 4140583.25}, "barkbands_flatness_db": {"dmean": 0.0328030735254, "dmean2": 0.0514465346932, "max": 0.452631831169, "dvar": 0.000909023627173, "mean": 0.210490807891, "dvar2": 0.00221543177031, "min": 0.0209176111966, "var": 0.004499332048, "median": 0.212021872401}, "pitch_salience": {"dmean": 0.0768770053983, "dmean2": 0.125344574451, "max": 0.879953920841, "dvar": 0.00488974153996, "mean": 0.535021483898, "dvar2": 0.0127254100516, "min": 0.103894539177, "var": 0.0173252262175, "median": 0.542947292328}, "erbbands_kurtosis": {"dmean": 4.24171638489, "dmean2": 6.63157510757, "max": 125.053222656, "dvar": 42.5880661011, "mean": 8.70168495178, "dvar2": 102.727706909, "min": -1.72344994545, "var": 152.558944702, "median": 4.53352642059}, "average_loudness": 0.0192764867097, "barkbands_crest": {"dmean": 2.74720215797, "dmean2": 4.46897888184, "max": 25.9642009735, "dvar": 6.15131473541, "mean": 12.4345569611, "dvar2": 15.7370357513, "min": 2.53915953636, "var": 20.4498500824, "median": 11.856054306}, "hfc": {"dmean": 27.1082496643, "dmean2": 40.3225135803, "max": 5315.62158203, "dvar": 14363.1298828, "mean": 83.5556335449, "dvar2": 28369.2734375, "min": 2.71344315905e-08, "var": 92786.484375, "median": 8.9175195694}, "barkbands_kurtosis": {"dmean": 12.728600502, "dmean2": 20.7032527924, "max": 401.355407715, "dvar": 404.977264404, "mean": 28.0248088837, "dvar2": 1045.00390625, "min": -1.96474719048, "var": 896.738769531, "median": 19.7066955566}, "erbbands": {"dmean": [0.0332138389349, 0.138882413507, 0.567454755306, 1.25765442848, 2.49439311028, 7.24516439438, 9.76691818237, 11.7451181412, 15.9654502869, 8.02879428864, 5.16415262222, 8.36250209808, 7.24400234222, 4.36496114731, 3.74604725838, 2.15905165672, 2.49405932426, 1.32450342178, 1.68389606476, 1.08114385605, 1.22028708458, 1.23071742058, 1.10078632832, 0.843719482422, 0.625653386116, 0.680445849895, 0.55734705925, 0.274425625801, 0.194658786058, 0.124495781958, 0.0790790989995, 0.0337097533047, 0.0171416588128, 0.0103295138106, 0.00662945210934, 0.0041964664124, 0.00335501111113, 0.0032556001097, 0.00189654214773, 0.00112127233297], "dmean2": [0.0574385859072, 0.227160707116, 0.830791532993, 1.81150531769, 3.86685180664, 10.6496362686, 13.6069307327, 17.8670463562, 24.1669788361, 12.344502449, 8.12973213196, 13.1512889862, 10.8475236893, 6.92917013168, 5.55289745331, 3.28100800514, 3.8556227684, 2.02063083649, 2.62658858299, 1.69737613201, 1.83616423607, 1.88510763645, 1.69591259956, 1.21212792397, 0.854641079903, 0.954419910908, 0.743124544621, 0.387903422117, 0.286904245615, 0.177072152495, 0.109781727195, 0.0509527586401, 0.0279048122466, 0.0171251203865, 0.0109650557861, 0.00682970136404, 0.00494654104114, 0.00456863781437, 0.00249762879685, 0.00159406871535], "max": [4.81714868546, 11.2733516693, 37.5123252869, 145.948028564, 171.966186523, 937.157592773, 969.516052246, 1621.93945312, 1710.6081543, 2626.55615234, 990.733459473, 2601.85839844, 1648.12670898, 1123.18395996, 3444.78759766, 842.865661621, 465.035125732, 257.460632324, 427.097198486, 301.20135498, 332.092193604, 558.604919434, 454.004272461, 191.424850464, 139.956802368, 155.876266479, 202.744064331, 61.5891571045, 71.2848587036, 24.8815021515, 17.5451984406, 4.63239955902, 1.10075223446, 0.523627877235, 0.326096147299, 0.2552767694, 0.386231213808, 0.452163487673, 0.232830330729, 0.225525692105], "dvar": [0.0269782952964, 0.218339189887, 1.87050676346, 19.7501850128, 53.916343689, 668.800842285, 1241.64770508, 2132.70043945, 4091.0480957, 2687.31469727, 493.930206299, 2987.49829102, 1810.92150879, 435.190490723, 2160.66674805, 206.73916626, 119.476066589, 38.3721160889, 61.2378845215, 23.8943710327, 41.9693603516, 85.577293396, 62.3781661987, 21.3971347809, 11.8252496719, 21.497127533, 16.1956424713, 2.25618863106, 1.52931213379, 0.366569191217, 0.125742584467, 0.0115611664951, 0.00219377526082, 0.000854838523082, 0.000354794436134, 0.000137968992931, 0.000106140956632, 0.000249041593634, 6.61961603328e-05, 2.43311678787e-05], "mean": [0.0444998890162, 0.235515296459, 1.17354667187, 2.47190928459, 4.10242843628, 12.412317276, 16.4030056, 22.2560100555, 29.3923225403, 13.811255455, 8.70433235168, 15.7449016571, 12.7806501389, 6.94663763046, 5.46064853668, 3.85116314888, 4.34789228439, 2.51999998093, 2.88611960411, 2.04889345169, 2.11951398849, 2.07842373848, 1.88250470161, 1.54327237606, 1.12116312981, 1.16741383076, 0.978034317493, 0.446282535791, 0.312736809254, 0.221374958754, 0.137364059687, 0.055146317929, 0.022426571697, 0.0108369505033, 0.00691126612946, 0.00521274795756, 0.00599309615791, 0.00587027426809, 0.00428589479998, 0.00377511652187], "dvar2": [0.0755060836673, 0.625677764416, 3.71489953995, 33.2710456848, 135.473098755, 1397.94226074, 2443.90869141, 4592.48242188, 9384.79492188, 6365.58837891, 1226.59594727, 7146.171875, 4024.14379883, 1074.36450195, 4388.69384766, 439.075164795, 253.283065796, 87.9590988159, 129.496673584, 42.0115509033, 90.3051452637, 195.408584595, 179.319381714, 40.9960479736, 20.0689620972, 40.7184944153, 24.1224441528, 3.83132171631, 3.24493336678, 0.595718741417, 0.200002878904, 0.019809961319, 0.00554386898875, 0.00223129568622, 0.000918240344618, 0.000352312345058, 0.000193403640878, 0.000534181890544, 0.000119517746498, 4.17116098106e-05], "min": [8.90170437904e-14, 2.71995018739e-13, 4.22522097605e-13, 7.24548025743e-13, 3.64847128204e-12, 1.58465462974e-11, 2.5181624147e-11, 1.2166133552e-11, 3.44822920217e-11, 4.99786080577e-11, 4.20595606954e-11, 5.74075682824e-11, 5.08661099352e-11, 1.09444668606e-10, 4.69945297954e-11, 2.01165070712e-10, 2.73720157651e-10, 8.37141689303e-10, 2.48416354154e-09, 1.23092225301e-09, 9.70884150853e-10, 2.40371944571e-09, 4.46175940638e-09, 4.25992574549e-09, 3.64524455065e-09, 2.50856158068e-09, 6.78661737918e-10, 1.91935267679e-09, 2.62122212824e-09, 2.95101343362e-09, 2.68754463129e-09, 6.45379660824e-09, 1.05522310889e-08, 2.8905815519e-09, 3.4314016073e-09, 3.67293440107e-09, 7.22427451194e-10, 1.9451398825e-10, 6.07917050033e-11, 5.91921086798e-12], "var": [0.0265614744276, 0.312169760466, 5.9281206131, 60.6951789856, 105.587364197, 1423.93066406, 2850.85986328, 5585.23193359, 10927.5888672, 6738.69970703, 1067.33996582, 9126.19433594, 4419.76171875, 820.884338379, 3383.51098633, 475.56048584, 315.062316895, 108.139717102, 163.458007812, 94.6780319214, 120.330314636, 182.632095337, 110.934371948, 63.2629241943, 37.7329063416, 60.1681594849, 53.4710121155, 6.63017463684, 3.27056694031, 1.24591863155, 0.43983066082, 0.0380199626088, 0.00343330204487, 0.000959382450674, 0.000413195113651, 0.000199522255571, 0.000357688171789, 0.00055254198378, 0.000232453327044, 0.00016983851674], "median": [0.00487959291786, 0.0407292097807, 0.182653084397, 0.314696222544, 0.493130207062, 1.34750890732, 1.07849764824, 1.4777867794, 0.766305327415, 0.297197759151, 0.256970584393, 0.242330610752, 0.325922012329, 0.378057539463, 0.229714855552, 0.16733366251, 0.197066232562, 0.190278530121, 0.244912579656, 0.166095718741, 0.136468082666, 0.0894511416554, 0.0969469547272, 0.0606362111866, 0.0407582037151, 0.0284572839737, 0.0309179797769, 0.0281972009689, 0.026713360101, 0.0194044858217, 0.0132355401292, 0.00755326636136, 0.00336505891755, 0.00134485994931, 0.000747258891352, 0.000779448717367, 0.00087324884953, 0.000609258073382, 0.000279236555798, 0.000341570557794]}, "spectral_energy": {"dmean": 0.00476740626618, "dmean2": 0.00686021102592, "max": 0.338402658701, "dvar": 0.000157475456945, "mean": 0.0165958981961, "dvar2": 0.000309106253553, "min": 2.50327731634e-12, "var": 0.00111545214895, "median": 0.00382887898013}, "zerocrossingrate": {"dmean": 0.0419668406248, "dmean2": 0.0509220398962, "max": 0.87158203125, "dvar": 0.00181014684495, "mean": 0.296874493361, "dvar2": 0.00267860642634, "min": 0.00537109375, "var": 0.0356910340488, "median": 0