{"tonal": {"hpcp": {"dvar": [0.0283919963986, 0.0135086392984, 0.0272873267531, 0.0340921841562, 0.0144042288885, 0.0068134535104, 0.0072891227901, 0.00694706663489, 0.00653361156583, 0.01075869333, 0.0160798318684, 0.0357982553542, 0.0490477383137, 0.0357499606907, 0.023714935407, 0.0109329856932, 0.00678189797327, 0.0181903298944, 0.0292211920023, 0.0185993779451, 0.011189381592, 0.0135783301666, 0.015617207624, 0.0165251195431, 0.0284805446863, 0.0337811931968, 0.0369663052261, 0.0509025640786, 0.0296459794044, 0.0231401007622, 0.0108185280114, 0.00567608000711, 0.0130518162623, 0.0180617496371, 0.0140214171261, 0.0212845057249], "var": [0.0628134831786, 0.0198107864708, 0.0759825110435, 0.118673503399, 0.0288268774748, 0.00711736036465, 0.00860816240311, 0.00769383879378, 0.00648176902905, 0.00993979442865, 0.015853215009, 0.0862613543868, 0.162500992417, 0.0684610828757, 0.0202231090516, 0.00848900061101, 0.00501750176772, 0.0437252037227, 0.0928137153387, 0.0293326042593, 0.0174448303878, 0.0297065582126, 0.0235174503177, 0.0243891067803, 0.040659725666, 0.0522082671523, 0.0957636013627, 0.128072619438, 0.0570247806609, 0.0194747317582, 0.00690984074026, 0.00503280712292, 0.0215682163835, 0.0371403582394, 0.0197087787092, 0.0435375645757], "median": [0.00349231669679, 0.0150818563998, 0.0493681393564, 0.0607000403106, 0.0231991410255, 0.00185104587581, 0.00126497552264, 0.00161800987553, 0.00167658622377, 0.00164652441163, 0.0104657998309, 0.14944447577, 0.255155086517, 0.11212233454, 0.00456575443968, 0.00175698345993, 0.00267819687724, 0.00581171037629, 0.00716846482828, 0.00759027572349, 0.00381537736394, 0.00354808033444, 0.0030632566195, 0.00768863735721, 0.0168434847146, 0.0273576304317, 0.0775000974536, 0.107429586351, 0.0445120260119, 0.00384254637174, 0.00145567557774, 0.00196778215468, 0.00527396937832, 0.00693979533389, 0.00672119762748, 0.00409288657829], "max": [1, 1, 1, 1, 1, 1, 1, 1, 1, 1, 1, 1, 1, 1, 1, 1, 1, 1, 1, 1, 1, 1, 1, 1, 1, 1, 1, 1, 1, 1, 1, 1, 1, 1, 1, 1], "dmean": [0.0680507346988, 0.0606068857014, 0.102854773402, 0.107354342937, 0.0680314004421, 0.0257225036621, 0.0231447201222, 0.0221400801092, 0.0242079310119, 0.0320901237428, 0.059859354049, 0.149635791779, 0.158710494637, 0.139020740986, 0.0632583796978, 0.0316704027355, 0.0266655851156, 0.0619824640453, 0.0736861526966, 0.0612578205764, 0.037841130048, 0.040431138128, 0.0453446209431, 0.0518338494003, 0.0813823863864, 0.107232831419, 0.136717826128, 0.155596271157, 0.113953188062, 0.0575093626976, 0.0307398475707, 0.0229323673993, 0.0400051362813, 0.0486710965633, 0.046076849103, 0.0628408044577], "dmean2": [0.111406579614, 0.100375391543, 0.164174735546, 0.17074559629, 0.11252913624, 0.0445328354836, 0.0393139570951, 0.0386549681425, 0.0410889275372, 0.0565459132195, 0.103985622525, 0.240098342299, 0.253185510635, 0.230348035693, 0.111830294132, 0.0584178902209, 0.0480713173747, 0.100191265345, 0.116810210049, 0.102183535695, 0.0640060901642, 0.0678552985191, 0.0780606418848, 0.0875235274434, 0.139026299119, 0.182937607169, 0.225073873997, 0.260046064854, 0.188831016421, 0.102421395481, 0.0569110177457, 0.0400805920362, 0.0646710842848, 0.0787565782666, 0.0764892324805, 0.101937569678], "mean": [0.106208629906, 0.0746011286974, 0.192474633455, 0.246950790286, 0.102587230504, 0.02270446904, 0.0222749542445, 0.0204523410648, 0.0217749085277, 0.0273499563336, 0.0560268759727, 0.275146692991, 0.425049722195, 0.226423233747, 0.0494910553098, 0.0229553040117, 0.0217753536999, 0.0978370979428, 0.149368688464, 0.0804540812969, 0.0431292802095, 0.0563708618283, 0.050386801362, 0.0598127692938, 0.095551662147, 0.130120590329, 0.23882612586, 0.293762415648, 0.159585386515, 0.0455419532955, 0.0209690332413, 0.0194102805108, 0.0502064153552, 0.0719018429518, 0.0543723590672, 0.0882636904716], "dvar2": [0.0600342079997, 0.0350271761417, 0.0624491497874, 0.07153236866, 0.0352325327694, 0.0167017448694, 0.0181915797293, 0.0180218908936, 0.0166592039168, 0.0276944376528, 0.0417867265642, 0.0831913650036, 0.0946536064148, 0.0880291908979, 0.0627908706665, 0.0299463775009, 0.0193136837333, 0.0416618548334, 0.0552214346826, 0.0465767122805, 0.0267230179161, 0.03267987445, 0.037593934685, 0.042006470263, 0.0717035606503, 0.0842784643173, 0.0919502824545, 0.123542420566, 0.0763924866915, 0.0615687966347, 0.0303489174694, 0.0147753413767, 0.029910447076, 0.0393932722509, 0.0343494974077, 0.0460881739855], "min": [0, 0, 0, 0, 0, 0, 0, 0, 0, 0, 0, 0, 0, 0, 0, 0, 0, 0, 0, 0, 0, 0, 0, 0, 0, 0, 0, 0, 0, 0, 0, 0, 0, 0, 0, 0]}, "key_key": "F#", "thpcp": [1, 0.532698214054, 0.116435922682, 0.0540061630309, 0.0512301325798, 0.230178013444, 0.351414620876, 0.189281582832, 0.101468786597, 0.13262180984, 0.118543311954, 0.140719458461, 0.224801138043, 0.306130290031, 0.561878085136, 0.691124856472, 0.375451087952, 0.107145003974, 0.0493331290781, 0.0456659048796, 0.118118919432, 0.169161021709, 0.127920001745, 0.207654982805, 0.249873429537, 0.175511538982, 0.452828526497, 0.580992698669, 0.241353482008, 0.0534160323441, 0.0524055249989, 0.0481175258756, 0.0512290857732, 0.0643453076482, 0.131812527776, 0.647328257561], "chords_key": "F#", "tuning_equal_tempered_deviation": 0.0392531119287, "tuning_frequency": 433.942382812, "tuning_diatonic_strength": 0.667490303516, "chords_histogram": [62.5981063843, 3.05818676949, 3.46414065361, 0.947225987911, 0.0270635988563, 0.0270635988563, 0, 0, 0, 0.24357239902, 3.32882285118, 0, 0.378890395164, 0, 0, 0, 0.460081189871, 15.6427602768, 1.86738836765, 2.65223264694, 0, 0, 1.94857919216, 3.35588622093], "key_strength": 0.809617221355, "key_scale": "major", "chords_strength": {"dvar": 0.000679274904542, "var": 0.05204186216, "median": 0.636192083359, "max": 0.83783274889, "dmean": 0.00828906707466, "dmean2": 0.00799629557878, "mean": 0.595322072506, "dvar2": 0.00139926362317, "min": -1}, "chords_number_rate": 0.00243572401814, "tuning_nontempered_energy_ratio": 0.691400170326, "hpcp_entropy": {"dvar": 0.231342986226, "var": 0.469714343548, "median": 1.43100357056, "max": 3.32840108871, "dmean": 0.534254908562, "dmean2": 0.906243801117, "mean": 1.38054573536, "dvar2": 0.615691304207, "min": 0}, "chords_changes_rate": 0.0414073057473, "chords_scale": "major"}, "rhythm": {"bpm_histogram_first_peak_spread": {"dvar": 0, "var": 0, "median": 0.694444417953, "max": 0.694444417953, "dmean": 0, "dmean2": 0, "mean": 0.694444417953, "dvar2": 0, "min": 0.694444417953}, "bpm_histogram_first_peak_weight": {"dvar": 0, "var": 0, "median": 0.118705034256, "max": 0.118705034256, "dmean": 0, "dmean2": 0, "mean": 0.118705034256, "dvar2": 0, "min": 0.118705034256}, "bpm_histogram_first_peak_bpm": {"dvar": 0, "var": 0, "median": 96, "max": 96, "dmean": 0, "dmean2": 0, "mean": 96, "dvar2": 0, "min": 96}, "bpm": 89.8077774048, "bpm_histogram_second_peak_weight": {"dvar": 0, "var": 0, "median": 0.147482007742, "max": 0.147482007742, "dmean": 0, "dmean2": 0, "mean": 0.147482007742, "dvar2": 0, "min": 0.147482007742}, "beats_loudness": {"dvar": 0.000563533161767, "var": 0.00061510008527, "median": 0.0158990509808, "max": 0.136756882071, "dmean": 0.023685561493, "dmean2": 0.0431340448558, "mean": 0.023968424648, "dvar2": 0.00172928522807, "min": 0}, "beats_loudness_band_ratio": {"dvar": [0.00167481531389, 0.0593561530113, 0.0486527904868, 0.0457606725395, 0.00889052916318, 8.05858071544e-05], "var": [0.00108365982305, 0.0636600032449, 0.0838686078787, 0.043727427721, 0.00742079690099, 6.29380811006e-05], "median": [0.00254093715921, 0.148821890354, 0.540755212307, 0.0674605667591, 0.00449106609449, 0.000271598022664], "max": [0.287500977516, 0.909329950809, 0.984827935696, 0.910917878151, 0.441357314587, 0.0713897421956], "dmean": [0.019467657432, 0.278719782829, 0.319792062044, 0.204434990883, 0.061093185097, 0.00486895116046], "dmean2": [0.035911925137, 0.512638986111, 0.552854955196, 0.37633267045, 0.11386410147, 0.00872871745378], "mean": [0.0131868291646, 0.250378936529, 0.518188655376, 0.165007054806, 0.0424822345376, 0.00379514275119], "dvar2": [0.00476297130808, 0.182285159826, 0.150923937559, 0.119754530489, 0.024507028982, 0.000234594845097], "min": [0, 0, 0, 0, 0, 0]}, "bpm_histogram_second_peak_bpm": {"dvar": 0, "var": 0, "median": 88, "max": 88, "dmean": 0, "dmean2": 0, "mean": 88, "dvar2": 0, "min": 88}, "onset_rate": 2.97311234474, "beats_count": 279, "beats_position": [0.49922901392, 1.02167797089, 1.5673469305, 2.11301589012, 2.6470746994, 3.1811337471, 3.7151927948, 4.23764181137, 4.77170038223, 5.30575942993, 5.94430828094, 6.5596370697, 7.18657588959, 7.8831744194, 8.56816291809, 9.26476192474, 9.97297000885, 10.6579589844, 11.354557991, 12.0743761063, 12.8174142838, 13.4907932281, 14.1409521103, 14.8027210236, 15.4644899368, 16.1262588501, 16.7648067474, 17.4033565521, 18.0535144806, 18.7152824402, 19.4351024628, 20.1433105469, 20.8747386932, 21.5945568085, 22.3027667999, 23.010974884, 23.7191829681, 24.3809528351, 25.0195007324, 25.6696586609, 26.3314285278, 26.9931964874, 27.6549663544, 28.3051242828, 28.9668922424, 29.6286621094, 30.3136501312, 30.9986381531, 31.6952381134, 32.3802261353, 33.0652160645, 33.7618141174, 34.4584121704, 35.1434020996, 35.8283882141, 36.5249862671, 37.2099761963, 37.9065742493, 38.638004303, 39.3462142944, 40.124080658, 40.8671188354, 41.6333770752, 42.3996353149, 43.1542854309, 43.9089317322, 44.5823135376, 45.2789115906, 45.9522895813, 46.625667572, 47.3106575012, 47.9956436157, 48.6690254211, 49.3540115356, 50.0273895264, 50.7123794556, 51.4089775085, 52.1055755615, 52.7905654907, 53.4871635437, 54.1953735352, 54.9035835266, 55.6001815796, 56.2851676941, 56.9585494995, 57.6203155518, 58.2936935425, 58.9554634094, 59.6172332764, 60.2789993286, 60.952381134, 61.6373672485, 62.3223571777, 63.0189552307, 63.7155532837, 64.3657150269, 65.0042648315, 65.6428070068, 66.29296875, 66.9779586792, 67.6513366699, 68.3247146606, 69.0097045898, 69.694694519, 70.3912887573, 71.0762786865, 71.7612686157, 72.4578704834, 73.1660766602, 73.8858947754, 74.5476608276, 75.2094345093, 75.8712005615, 76.5097503662, 77.15990448, 77.7868499756, 78.4137878418, 79.040725708, 79.6560516357, 80.2713851929, 80.8750991821, 81.4788208008, 82.0941467285, 82.7094802856, 83.4060745239, 84.1026763916, 84.7876663208, 85.4726486206, 86.1692504883, 86.7729721069, 87.3766860962, 87.9920196533, 88.6073455811, 89.2226715088, 89.8263931274, 90.4417190552, 91.0454406738, 91.6491622925, 92.2761001587, 92.9030380249, 93.5183639526, 94.1801376343, 94.853515625, 95.5384979248, 96.223487854, 96.8736495972, 97.5238113403, 98.1507492065, 98.7776870728, 99.404624939, 100.019950867, 100.646888733, 101.273826599, 101.900772095, 102.527709961, 103.189476013, 103.851242065, 104.524627686, 105.186393738, 105.859771729, 106.533149719, 107.148475647, 107.787025452, 108.437187195, 109.075737, 109.714286804, 110.34122467, 110.968162537, 111.595100403, 112.222038269, 112.848976135, 113.48752594, 114.126075745, 114.776237488, 115.43800354, 116.053329468, 116.668663025, 117.295600891, 117.910926819, 118.514648438, 119.129974365, 119.76852417, 120.418685913, 121.080451965, 121.71900177, 122.345939636, 122.972877502, 123.611427307, 124.249977112, 124.900131226, 125.550292969, 126.212059021, 126.862220764, 127.500770569, 128.127700806, 128.754638672, 129.369979858, 129.985305786, 130.612243652, 131.239181519, 131.842895508, 132.458221436, 133.073562622, 133.68888855, 134.304214478, 134.919540405, 135.465209961, 136.022491455, 136.591384888, 137.171875, 137.752380371, 138.367706299, 138.983032227, 139.598358154, 140.225296021, 140.852249146, 141.490783691, 142.117736816, 142.733062744, 143.348388672, 143.9637146, 144.579040527, 145.205978394, 145.83291626, 146.471466064, 147.098403931, 147.748565674, 148.398727417, 149.025665283, 149.652603149, 150.221496582, 150.790390015, 151.359268188, 151.846893311, 152.334503174, 152.833740234, 153.251693726, 153.681274414, 154.110839844, 154.540405273, 154.969970703, 155.387939453, 155.794281006, 156.200637817, 156.618591309, 157.0365448, 157.442901611, 157.907302856, 158.383300781, 158.847702026, 159.288879395, 159.75328064, 160.206069946, 160.635650635, 161.053604126, 161.471557617, 161.901138306, 162.319091797, 162.737045288, 163.166610718, 163.596191406, 164.025756836, 164.455322266, 164.884887695, 165.256408691, 165.639541626, 166.022674561, 166.394195557, 166.788925171, 167.183670044, 167.578414917, 167.973144531, 168.367889404, 168.751022339, 169.134140015, 169.517272949, 169.900405884, 170.283538818, 170.666656494], "danceability": 1.03850114346, "bpm_histogram_second_peak_spread": {"dvar": 0, "var": 0, "median": 0.56382983923, "max": 0.56382983923, "dmean": 0, "dmean2": 0, "mean": 0.56382983923, "dvar2": 0, "min": 0.56382983923}}, "lowlevel": {"spectral_flux": {"dvar": 0.000459276139736, "var": 0.00144877575804, "median": 0.0315184816718, "max": 0.293407469988, "dmean": 0.0168190635741, "dmean2": 0.0268526356667, "mean": 0.0435105860233, "dvar2": 0.00118753465358, "min": 6.32359581365e-11}, "spectral_rolloff": {"dvar": 222248.671875, "var": 7765506.5, "median": 732.12890625, "max": 19810.546875, "dmean": 139.150405884, "dmean2": 242.705856323, "mean": 1295.92797852, "dvar2": 518426.71875, "min": 258.3984375}, "barkbands_flatness_db": {"dvar": 0.00049179099733, "var": 0.00459540635347, "median": 0.335464596748, "max": 0.514906942844, "dmean": 0.0239452589303, "dmean2": 0.0361456610262, "mean": 0.333663731813, "dvar2": 0.00106193590909, "min": 0.0314485281706}, "spectral_centroid": {"dvar": 66869.6875, "var": 2587769.5, "median": 599.736328125, "max": 11806.8564453, "dmean": 94.981803894, "dmean2": 136.441375732, "mean": 960.394836426, "dvar2": 140026.265625, "min": 267.177093506}, "melbands_skewness": {"dvar": 0.407713502645, "var": 1.838088274, "median": 0.926353573799, "max": 9.69096946716, "dmean": 0.578762114048, "dmean2": 0.867457330227, "mean": 1.1064491272, "dvar2": 0.934316277504, "min": -3.39626693726}, "melbands": {"dvar": [6.05404127437e-13, 6.0410882026e-12, 1.7775256822e-09, 1.01816564069e-08, 1.60228310619e-07, 1.47997525346e-07, 7.77883428782e-08, 1.6889501353e-07, 4.78009951621e-07, 2.10983671423e-06, 2.75499019153e-07, 2.34412489419e-08, 4.61625724313e-08, 4.51342216934e-08, 1.16764675706e-09, 1.24888055453e-08, 5.88371484866e-09, 6.12641049003e-09, 3.15002224305e-09, 8.44137093559e-10, 5.97951910208e-10, 3.04163777498e-11, 2.71974578275e-11, 1.62287239203e-10, 3.36788479049e-11, 7.98057193246e-12, 1.59808776455e-12, 2.45094688902e-13, 3.10438049507e-14, 6.58894224175e-15, 1.06875387971e-15, 2.06313085512e-16, 4.78384753321e-17, 2.38143280033e-17, 9.29141872707e-18, 4.4832010468e-18, 3.81949365716e-18, 2.21191156365e-18, 1.26871618185e-18, 9.63349120438e-19], "var": [7.5034775485e-13, 1.30626846145e-11, 7.34362792798e-09, 2.6624649152e-08, 3.93284295797e-07, 4.02997329729e-07, 1.64194148056e-07, 4.89034562179e-07, 1.29227169055e-06, 4.71705334348e-06, 7.28797203919e-07, 7.59050848842e-08, 1.8202970864e-07, 1.90464490402e-07, 4.05740196996e-09, 4.50094610471e-08, 1.57615787089e-08, 2.77355312051e-08, 1.13963185555e-08, 2.75339662181e-09, 3.72698671924e-09, 1.18639112423e-10, 8.71107630473e-11, 6.25313689717e-10, 1.3137660404e-10, 3.58310117687e-11, 7.04112115835e-12, 9.49326229606e-13, 1.32372032172e-13, 2.43794903292e-14, 4.7478288865e-15, 5.92646453881e-16, 1.32018647803e-16, 3.46270013601e-17, 1.38274728927e-17, 6.42693610637e-18, 4.27250077399e-18, 1.98857610698e-18, 8.18521220612e-19, 5.44530360605e-19], "median": [4.44789591825e-08, 2.1858289756e-07, 4.24989775638e-06, 3.71636633645e-05, 7.43137425161e-05, 6.20998907834e-05, 7.0186353696e-05, 5.49273900106e-05, 4.27761915489e-05, 4.50145380455e-05, 1.84205418918e-05, 8.34668298921e-06, 7.45215220377e-06, 7.49459013605e-06, 6.9385396273e-07, 1.20324773434e-06, 7.08932589077e-07, 5.47040940546e-07, 3.22111020523e-07, 1.4263440562e-07, 1.70600202409e-07, 3.87639751409e-08, 4.87576343744e-08, 4.57334543569e-08, 1.67193761058e-08, 1.27044383902e-08, 6.81296041805e-09, 3.27197713368e-09, 1.90632842845e-09, 1.10344244852e-09, 6.91060042524e-10, 4.75451400472e-10, 3.79258568994e-10, 3.16585979654e-10, 2.62993432587e-10, 2.28500551813e-10, 1.59393609422e-10, 1.12556963749e-10, 8.19908446692e-11, 6.37648475688e-11], "max": [2.11852984648e-05, 9.51940673986e-05, 0.00279870186932, 0.00296282628551, 0.0117332963273, 0.00980614125729, 0.00586771406233, 0.00778537010774, 0.0233186278492, 0.0309789348394, 0.0118817137554, 0.00617171451449, 0.0118488091975, 0.00643899664283, 0.00114473351277, 0.00434764148667, 0.00270685669966, 0.00349128805101, 0.00235430593602, 0.000859865336679, 0.00124363973737, 0.000199116344447, 0.000127622071886, 0.00034153930028, 0.000179475682671, 8.65355395945e-05, 3.60937592632e-05, 1.82317598956e-05, 9.51245874603e-06, 2.50238372246e-06, 1.167771984e-06, 4.79346397242e-07, 1.57724613814e-07, 1.44288776482e-07, 1.04380589505e-07, 6.9255428059e-08, 8.14316152287e-08, 6.94038462257e-08, 4.61588456346e-08, 3.97180066614e-08], "dmean": [2.13682511685e-07, 7.72998475895e-07, 1.05299350253e-05, 4.28563253081e-05, 0.000144105273648, 0.000170755112777, 0.000109467815491, 0.000147564554936, 0.000222286165808, 0.000423889898229, 0.000169411272509, 4.4253833039e-05, 5.40631117474e-05, 5.85477137065e-05, 7.68164773035e-06, 2.69850661425e-05, 1.68705537362e-05, 1.52945140144e-05, 1.1705770703e-05, 6.2691765379e-06, 5.50228014617e-06, 1.57194051553e-06, 1.63296124356e-06, 3.63194612873e-06, 1.86769295851e-06, 8.88705699253e-07, 4.45038921271e-07, 1.60912179581e-07, 5.15647116117e-08, 2.26159730943e-08, 9.72090852258e-09, 4.09279143909e-09, 2.17133466762e-09, 1.26453592042e-09, 7.25412563352e-10, 5.29076893407e-10, 3.67416069791e-10, 2.33345315293e-10, 1.41660169706e-10, 1.00338119757e-10], "dmean2": [3.54569863248e-07, 1.29218881284e-06, 1.63054428413e-05, 6.22631559963e-05, 0.000199410729692, 0.000258946849499, 0.000172722662683, 0.000233111073612, 0.000296807527775, 0.000626050750725, 0.000250897806836, 5.82482425671e-05, 7.38048838684e-05, 7.84587609814e-05, 1.07426349132e-05, 3.69864937966e-05, 2.52362078754e-05, 2.18951336137e-05, 1.55744764925e-05, 8.2210472101e-06, 7.07761319063e-06, 2.21258892452e-06, 2.29787497119e-06, 4.94655751027e-06, 2.6580555641e-06, 1.21481832593e-06, 6.00464318268e-07, 2.22262855232e-07, 7.5177126746e-08, 3.22289928079e-08, 1.42131764136e-08, 6.08188432949e-09, 3.28282001583e-09, 2.03505545748e-09, 1.16482223866e-09, 8.36763880407e-10, 5.83825598977e-10, 3.82482462369e-10, 2.42162345732e-10, 1.74615044646e-10], "mean": [2.69737796543e-07, 1.19517017083e-06, 1.97402241611e-05, 8.87691567186e-05, 0.000280900858343, 0.000325793051161, 0.000209988953429, 0.000314920034725, 0.000457183748949, 0.000689689535648, 0.000283828587271, 7.96857930254e-05, 0.000113310241431, 0.000125310514704, 1.39463909363e-05, 4.93335719511e-05, 2.92692893709e-05, 3.13013260893e-05, 2.25271505769e-05, 1.20455079013e-05, 1.19948326756e-05, 2.94201299766e-06, 3.1279025734e-06, 7.30887268219e-06, 3.93685468225e-06, 2.03553236133e-06, 1.0139852975e-06, 3.40886714412e-07, 1.04178965898e-07, 4.45457644105e-08, 1.89154505392e-08, 7.34807770186e-09, 3.70646069392e-09, 2.0104675702e-09, 1.19711007773e-09, 9.20769349655e-10, 6.46670661464e-10, 4.03547889549e-10, 2.27191016e-10, 1.52793042107e-10], "dvar2": [1.48092660097e-12, 1.7729642407e-11, 4.65539828909e-09, 1.96252081253e-08, 2.98675047361e-07, 3.26375129589e-07, 2.18655443973e-07, 4.28181067491e-07, 1.04485695829e-06, 4.42974442194e-06, 5.9446637124e-07, 3.80947469125e-08, 7.91727288174e-08, 8.68731149239e-08, 2.23042562197e-09, 2.27105072526e-08, 1.22866916641e-08, 1.26485595331e-08, 5.32845367829e-09, 1.36414191054e-09, 8.40789660117e-10, 5.65209511139e-11, 5.25171954535e-11, 3.04115566063e-10, 7.08464051313e-11, 1.49113187076e-11, 2.82626396245e-12, 4.36275825579e-13, 6.50204851982e-14, 1.31944566831e-14, 2.11648503695e-15, 4.49774283234e-16, 1.07740651979e-16, 6.43972481494e-17, 2.45911895649e-17, 1.20189392635e-17, 1.05630939408e-17, 6.31818997996e-18, 3.72166879638e-18, 2.84881023643e-18], "min": [5.73806427709e-25, 1.03442265539e-24, 9.38062901391e-25, 1.45268824443e-24, 1.34171346165e-24, 1.87288141509e-24, 7.95630958813e-25, 2.26858055326e-24, 1.89268655698e-24, 1.41983780836e-24, 2.10883661438e-24, 1.56421710339e-24, 2.39481742797e-24, 1.64994744973e-24, 1.58750033301e-24, 1.516120254e-24, 2.16020901146e-24, 2.56238883918e-24, 2.76795494702e-24, 4.0104335525e-24, 4.18046384315e-24, 2.14834316294e-24, 2.58510684996e-24, 3.02652383023e-24, 3.56846003085e-24, 3.50309264966e-24, 4.72420042157e-24, 3.92269604819e-24, 4.61518654978e-24, 5.2420339633e-24, 4.30025671034e-24, 5.28164227493e-24, 5.3572029223e-24, 5.55218054465e-24, 5.55377522697e-24, 5.69985530611e-24, 5.13171531558e-24, 5.04684729282e-24, 5.79854732738e-24, 6.15717887768e-24]}, "spectral_decrease": {"dvar": 5.38035617609e-18, "var": 2.22904032347e-17, "median": -1.45047707178e-09, "max": 2.43532180353e-28, "dmean": 1.23899768223e-09, "dmean2": 1.74648728812e-09, "mean": -3.42918449192e-09, "dvar2": 1.12126143557e-17, "min": -4.40499086096e-08}, "barkbands_kurtosis": {"dvar": 62.984790802, "var": 141.886795044, "median": 3.11185693741, "max": 225.28868103, "dmean": 4.11592912674, "dmean2": 6.45313549042, "mean": 6.64775943756, "dvar2": 150.096282959, "min": -1.92525863647}, "silence_rate_30dB": {"dvar": 0.00511785363778, "var": 0.00364121585153, "median": 1, "max": 1, "dmean": 0.00514417234808, "dmean2": 0.0102897370234, "mean": 0.99634540081, "dvar2": 0.0139754321426, "min": 0}, "gfcc": {"mean": [-241.826828003, 163.07333374, -158.298461914, -56.2408294678, -75.241897583, -45.9072532654, -36.122543335, -13.671037674, -23.5445194244, -17.5311050415, -6.52188777924, -12.2759628296, -3.99800848961], "cov": [[26275.8632812, 3250.09033203, -6364.17578125, -1047.0020752, -862.583984375, -1641.59533691, -478.857513428, -223.378677368, -467.651367188, -540.741394043, 215.949783325, -334.580810547, 189.47227478], [3250.09033203, 1284.9029541, -6.02422904968, -461.895599365, -378.26083374, -139.174041748, -242.176422119, -182.133834839, -114.83026123, -128.735061646, -71.3210067749, -104.077430725, -81.4514083862], [-6364.17578125, -6.02422904968, 2541.05517578, 32.107208252, -197.719985962, 452.137176514, -68.8511047363, -65.2193222046, 85.8431091309, 91.9021911621, -180.361709595, 34.1526412964, -161.063796997], [-1047.0020752, -461.895599365, 32.107208252, 639.846008301, 249.051681519, -141.547485352, 24.2976264954, 119.832969666, -12.1878480911, 12.1286840439, -13.3893918991, 33.6032066345, 22.7972106934], [-862.583984375, -378.26083374, -197.719985962, 249.051681519, 419.113067627, 12.5614109039, 70.024307251, 49.3451385498, 35.6759872437, 4.01066541672, 43.6895065308, 5.84607934952, 46.8389091492], [-1641.59533691, -139.174041748, 452.137176514, -141.547485352, 12.5614109039, 438.825042725, 114.676567078, -75.9300231934, -34.7175064087, 45.0634155273, -46.174369812, 2.85631203651, -26.7830276489], [-478.857513428, -242.176422119, -68.8511047363, 24.2976264954, 70.024307251, 114.676567078, 250.896759033, 83.0066070557, -22.1634578705, -4.5404586792, 48.2819023132, -13.9982595444, -6.74427270889], [-223.378677368, -182.133834839, -65.2193222046, 119.832969666, 49.3451385498, -75.9300231934, 83.0066070557, 189.894515991, 77.7445831299, -13.9667625427, -15.0875024796, -8.61388492584, -14.7132539749], [-467.651367188, -114.83026123, 85.8431091309, -12.1878480911, 35.6759872437, -34.7175064087, -22.1634578705, 77.7445831299, 207.846420288, 52.1177177429, -40.1053924561, -16.2967777252, 1.00157690048], [-540.741394043, -128.735061646, 91.9021911621, 12.1286840439, 4.01066541672, 45.0634155273, -4.5404586792, -13.9667625427, 52.1177177429, 109.590774536, 34.9740524292, -8.11425685883, -21.6475849152], [215.949783325, -71.3210067749, -180.361709595, -13.3893918991, 43.6895065308, -46.174369812, 48.2819023132, -15.0875024796, -40.1053924561, 34.9740524292, 151.915176392, 45.3161621094, 4.52804231644], [-334.580810547, -104.077430725, 34.1526412964, 33.6032066345, 5.84607934952, 2.85631203651, -13.9982595444, -8.61388492584, -16.2967777252, -8.11425685883, 45.3161621094, 126.332466125, 71.1189575195], [189.47227478, -81.4514083862, -161.063796997, 22.7972106934, 46.8389091492, -26.7830276489, -6.74427270889, -14.7132539749, 1.00157690048, -21.6475849152, 4.52804231644, 71.1189575195, 125.968711853]], "icov": [[0.000868270755745, -0.00203194795176, 0.00234612566419, -0.00134348147549, 0.0021015193779, -0.000887522823177, 0.000514073297381, 0.000114206057333, -0.00128704833332, 0.00147122191265, -0.0015638753539, 0.0011995366076, -0.000664147199132], [-0.00203194795176, 0.00739638134837, -0.00565968407318, 0.00435154186562, -0.00387409329414, 0.00281703518704, 0.000603750348091, 0.000756579334848, 0.00361792021431, -0.000264491507551, 0.00296742306091, -0.000448662991403, 0.00204736134037], [0.00234612566419, -0.00565968407318, 0.00711877318099, -0.00427520694211, 0.00614389544353, -0.0034150686115, 0.00154327857308, 0.000683301710524, -0.00437085656449, 0.00413999613374, -0.00387498294003, 0.00213743722998, -0.000482028379338], [-0.00134348147549, 0.00435154186562, -0.00427520694211, 0.00820699427277, -0.00733984168619, 0.00712813483551, -0.0030085244216, -0.000982480705716, 0.00780780427158, -0.00863498076797, 0.0106660854071, -0.00667273811996, 0.00368969840929], [0.0021015193779, -0.00387409329414, 0.00614389544353, -0.00733984168619, 0.0122645013034, -0.00736517924815, 0.00501453690231, 0.000344143103575, -0.0080648381263, 0.0120810829103, -0.0133728571236, 0.0105474442244, -0.0056334962137], [-0.000887522823177, 0.00281703518704, -0.0034150686115, 0.00712813483551, -0.00736517924815, 0.013235617429, -0.00934174098074, 0.0045885737054, 0.00758965872228, -0.0124470274895, 0.0167506169528, -0.0112489117309, 0.00663781585172], [0.000514073297381, 0.000603750348091, 0.00154327857308, -0.0030085244216, 0.00501453690231, -0.00934174098074, 0.0152374813333, -0.00759608857334, -0.00203090766445, 0.0112038562074, -0.0156312100589, 0.0132709192112, -0.00677637895569], [0.000114206057333, 0.000756579334848, 0.000683301710524, -0.000982480705716, 0.000344143103575, 0.0045885737054, -0.00759608857334, 0.0152016850188, -0.00547754811123, 0.00252831703983, 0.0054834051989, -0.00529218045995, 0.00685419980437], [-0.00128704833332, 0.00361792021431, -0.00437085656449, 0.00780780427158, -0.0080648381263, 0.00758965872228, -0.00203090766445, -0.00547754811123, 0.0165983475745, -0.0152778588235, 0.0134498188272, -0.00615783408284, 0.00137318705674], [0.00147122191265, -0.000264491507551, 0.00413999613374, -0.00863498076797, 0.0120810829103, -0.0124470274895, 0.0112038562074, 0.00252831703983, -0.0152778588235, 0.0349616482854, -0.0260853338987, 0.0185328666121, -0.00516715366393], [-0.0015638753539, 0.00296742306091, -0.00387498294003, 0.0106660854071, -0.0133728571236, 0.0167506169528, -0.0156312100589, 0.0054834051989, 0.0134498188272, -0.0260853338987, 0.037996288389, -0.0264508780092, 0.0147016644478], [0.0011995366076, -0.000448662991403, 0.00213743722998, -0.00667273811996, 0.0105474442244, -0.0112489117309, 0.0132709192112, -0.00529218045995, -0.00615783408284, 0.0185328666121, -0.0264508780092, 0.0334037169814, -0.0190493352711], [-0.000664147199132, 0.00204736134037, -0.000482028379338, 0.00368969840929, -0.0056334962137, 0.00663781585172, -0.00677637895569, 0.00685419980437, 0.00137318705674, -0.00516715366393, 0.0147016644478, -0.0190493352711, 0.0222484339029]]}, "silence_rate_20dB": {"dvar": 0, "var": 0, "median": 1, "max": 1, "dmean": 0, "dmean2": 0, "mean": 1, "dvar2": 0, "min": 1}, "barkbands_skewness": {"dvar": 0.458653271198, "var": 1.96716821194, "median": 0.984920918941, "max": 9.99807262421, "dmean": 0.601795315742, "dmean2": 0.90749078989, "mean": 1.11712551117, "dvar2": 1.05117642879, "min": -4.03939390182}, "erbbands_skewness": {"dvar": 0.282724261284, "var": 1.33832013607, "median": 0.791757702827, "max": 6.00069046021, "dmean": 0.523332118988, "dmean2": 0.781108498573, "mean": 0.875857651234, "dvar2": 0.627187430859, "min": -3.20720934868}, "spectral_contrast_valleys": {"dvar": [0.184217140079, 0.14903563261, 0.139405220747, 0.142307251692, 0.169636592269, 0.0896927267313], "var": [6.83783531189, 9.9592590332, 8.97804737091, 8.08003234863, 7.66416168213, 4.58952236176], "median": [-10.9459857941, -7.34730052948, -8.43052196503, -9.90306663513, -10.5156641006, -13.7587623596], "max": [-8.52909946442, -5.00605726242, -6.39582014084, -6.13204050064, -7.01494455338, -10.3843450546], "dmean": [0.450470745564, 0.357342630625, 0.333901017904, 0.322663843632, 0.297086119652, 0.204325377941], "dmean2": [0.758232414722, 0.563731074333, 0.517133653164, 0.493119418621, 0.461653053761, 0.339859783649], "mean": [-11.2617397308, -7.80846214294, -8.88542842865, -10.1230831146, -10.5364933014, -13.9378404617], "dvar2": [0.44128999114, 0.288597464561, 0.25468698144, 0.276744067669, 0.363283842802, 0.187934458256], "min": [-28.2906322479, -28.0884799957, -27.8960876465, -28.0421619415, -27.5380802155, -27.4397220612]}, "spectral_strongpeak": {"dvar": 0.647617995739, "var": 3.08731031418, "median": 0.956477165222, "max": 11.595831871, "dmean": 0.549295961857, "dmean2": 0.805891215801, "mean": 1.59224903584, "dvar2": 1.407081604, "min": 0}, "erbbands_crest": {"dvar": 8.24013614655, "var": 31.7587985992, "median": 14.0730981827, "max": 32.3270072937, "dmean": 3.03892660141, "dmean2": 4.74422740936, "mean": 14.8664236069, "dvar2": 19.3431453705, "min": 2.66734933853}, "barkbands_crest": {"dvar": 6.992603302, "var": 25.1958847046, "median": 13.5113887787, "max": 26.5358066559, "dmean": 2.84184980392, "dmean2": 4.48098421097, "mean": 14.1951446533, "dvar2": 16.133523941, "min": 3.66855382919}, "spectral_energyband_middle_low": {"dvar": 8.34415186546e-05, "var": 0.00023874938779, "median": 0.00476102577522, "max": 0.171444430947, "dmean": 0.0044977418147, "dmean2": 0.00650795130059, "mean": 0.0103952996433, "dvar2": 0.000178989852429, "min": 1.47019211734e-22}, "spectral_contrast_coeffs": {"dvar": [0.00138965272345, 0.00152374431491, 0.00120891397819, 0.000793420651462, 0.00056757562561, 0.00030339389923], "var": [0.0137663288042, 0.0100781545043, 0.0121710561216, 0.00860465504229, 0.00958575773984, 0.0023405069951], "median": [-0.486480504274, -0.667716741562, -0.693227052689, -0.759655535221, -0.829357028008, -0.832003355026], "max": [-0.239703312516, -0.320977807045, -0.321419358253, -0.446693092585, -0.498766243458, -0.653774619102], "dmean": [0.0434827245772, 0.045878443867, 0.0396454595029, 0.0309890825301, 0.0233077481389, 0.017497131601], "dmean2": [0.0697561576962, 0.0714762434363, 0.0618414729834, 0.0473573990166, 0.0336146354675, 0.0281846001744], "mean": [-0.5053191185, -0.674092411995, -0.674124717712, -0.747591793537, -0.796611309052, -0.817193508148], "dvar2": [0.00330227916129, 0.00359486648813, 0.0027685444802, 0.00162393087521, 0.0010499402415, 0.000715943577234], "min": [-0.981324136257, -0.978145778179, -0.982904136181, -0.982664167881, -0.980540633202, -0.980313420296]}, "hfc": {"dvar": 49.9288749695, "var": 287.344207764, "median": 3.22921609879, "max": 131.634658813, "dmean": 3.56779193878, "dmean2": 4.83906269073, "mean": 10.6978187561, "dvar2": 97.3899154663, "min": 1.08171520434e-16}, "spectral_energyband_high": {"dvar": 9.5426319624e-11, "var": 3.53510026807e-10, "median": 1.6369759237e-07, "max": 0.000354742776835, "dmean": 3.04740956381e-06, "dmean2": 4.29507417721e-06, "mean": 6.38577512291e-06, "dvar2": 1.94420063382e-10, "min": 7.04096218184e-21}, "erbbands_spread": {"dvar": 13.2517843246, "var": 83.9609603882, "median": 7.48367977142, "max": 96.72240448, "dmean": 2.60076761246, "dmean2": 3.90529990196, "mean": 10.1395931244, "dvar2": 29.640045166, "min": 0.358495861292}, "dissonance": {"dvar": 0.00240145181306, "var": 0.00512304343283, "median": 0.379523336887, "max": 0.500000059605, "dmean": 0.0532451160252, "dmean2": 0.0909942686558, "mean": 0.372152090073, "dvar2": 0.00668136309832, "min": 0.0762632936239}, "spectral_kurtosis": {"dvar": 318.913269043, "var": 1381.98413086, "median": 37.776473999, "max": 229.651947021, "dmean": 18.4497661591, "dmean2": 30.7057437897, "mean": 47.6458053589, "dvar2": 837.180297852, "min": -1.26503455639}, "spectral_skewness": {"dvar": 0.94077205658, "var": 5.71324014664, "median": 4.4361987114, "max": 12.3824214935, "dmean": 1.11130261421, "dmean2": 1.8577682972, "mean": 4.57347154617, "dvar2": 2.46923661232, "min": -0.0986439213157}, "pitch_salience": {"dvar": 0.0047549889423, "var": 0.0186562929302, "median": 0.539578139782, "max": 0.894437372684, "dmean": 0.0735086724162, "dmean2": 0.114587299526, "mean": 0.527449250221, "dvar2": 0.0108049446717, "min": 0.0802014023066}, "spectral_complexity": {"dvar": 1.5608355999, "var": 14.8174829483, "median": 7, "max": 24, "dmean": 1.22350072861, "dmean2": 1.87571084499, "mean": 7.03275585175, "dvar2": 3.08147931099, "min": 0}, "spectral_spread": {"dvar": 558501068800, "var": 35906186641400.0, "median": 1449520, "max": 43109276, "dmean": 320818.0625, "dmean2": 544980.25, "mean": 2400888.25, "dvar2": 1075808829440.0, "min": 362599.71875}, "dynamic_complexity": 5.68558883667, "melbands_crest": {"dvar": 9.53753471375, "var": 36.6389122009, "median": 15.6853370667, "max": 35.0411148071, "dmean": 3.3183093071, "dmean2": 5.2298874855, "mean": 16.3064346313, "dvar2": 21.8977375031, "min": 1.63224720955}, "zerocrossingrate": {"dvar": 6.99540687492e-05, "var": 0.00535998307168, "median": 0.0283203125, "max": 0.53369140625, "dmean": 0.00346807250753, "dmean2": 0.004215573892, "mean": 0.0427895113826, "dvar2": 0.000126960891066, "min": 0.00927734375}, "spectral_energyband_low": {"dvar": 4.00646138488e-09, "var": 1.56569068821e-08, "median": 3.25760220221e-06, "max": 0.00447283731773, "dmean": 1.08409667519e-05, "dmean2": 1.75344121089e-05, "mean": 1.89921829588e-05, "dvar2": 1.13037765814e-08, "min": 1.2349754733e-23}, "melbands_kurtosis": {"dvar": 53.1652641296, "var": 111.882247925, "median": 3.17944407463, "max": 143.305221558, "dmean": 4.05577516556, "dmean2": 6.3327755928, "mean": 6.70418739319, "dvar2": 131.24382019, "min": -1.70893311501}, "spectral_energyband_middle_high": {"dvar": 1.01210571302e-05, "var": 6.26586479484e-05, "median": 0.00039658730384, "max": 0.0922463238239, "dmean": 0.00132529146504, "dmean2": 0.00168660725467, "mean": 0.00362056051381, "dvar2": 1.72759409907e-05, "min": 1.12122686152e-21}, "barkbands_spread": {"dvar": 4.85913515091, "var": 31.0527763367, "median": 3.57288813591, "max": 107.3826828, "dmean": 1.42902255058, "dmean2": 2.12689566612, "mean": 5.24436712265, "dvar2": 10.5428829193, "min": 0.128264412284}, "mfcc": {"mean": [-855.360900879, 192.385253906, -29.401014328, -27.1675109863, -31.2821044922, -43.0682106018, -21.1621894836, -17.3774929047, -19.9787979126, -9.38283061981, -11.1969633102, -14.9708280563, -8.37762928009], "cov": [[8009.90429688, 1461.16467285, -3838.52148438, 795.360717773, -133.978927612, -627.67791748, 190.364761353, -153.158889771, -255.595947266, 125.83807373, -107.856887817, -250.212051392, -92.6149978638], [1461.16467285, 1664.88293457, 190.749023438, -484.129211426, -157.748260498, -195.941970825, -135.27986145, -131.339492798, -159.257766724, -83.0657577515, -76.4051818848, -71.2373580933, -37.9393386841], [-3838.52148438, 190.749023438, 2659.86743164, -624.689208984, -71.6337661743, 253.53453064, -227.992828369, 12.1506757736, 56.5713996887, -147.928817749, 4.18874835968, 108.568901062, 27.635717392], [795.360717773, -484.129211426, -624.689208984, 782.748352051, 168.475143433, -205.153457642, 44.7765693665, 45.5730743408, 3.74377846718, 46.3210754395, 20.1934509277, -35.1676712036, -3.49486398697], [-133.978927612, -157.748260498, -71.6337661743, 168.475143433, 234.86050415, 15.1113443375, -60.7079315186, -0.732295751572, 25.5474624634, 4.38426113129, -1.84252393246, -13.6607294083, -11.4428958893], [-627.67791748, -195.941970825, 253.53453064, -205.153457642, 15.1113443375, 338.787567139, 89.1860733032, -15.8982257843, 33.4832649231, -9.9788646698, -8.97586727142, 15.8436441422, -23.3081264496], [190.364761353, -135.27986145, -227.992828369, 44.7765693665, -60.7079315186, 89.1860733032, 296.067474365, 78.9271774292, -62.0496406555, 33.0814781189, 15.3887004852, -24.7162914276, -26.8324317932], [-153.158889771, -131.339492798, 12.1506757736, 45.5730743408, -0.732295751572, -15.8982257843, 78.9271774292, 156.886291504, 75.2927017212, 8.7397108078, -4.41550207138, -6.03031253815, 14.7213144302], [-255.595947266, -159.257766724, 56.5713996887, 3.74377846718, 25.5474624634, 33.4832649231, -62.0496406555, 75.2927017212, 201.687332153, 61.5120429993, -23.4329719543, 14.7997322083, 31.4948616028], [125.83807373, -83.0657577515, -147.928817749, 46.3210754395, 4.38426113129, -9.9788646698, 33.0814781189, 8.7397108078, 61.5120429993, 150.616729736, 77.554649353, 1.20190227032, -13.6850318909], [-107.856887817, -76.4051818848, 4.18874835968, 20.1934509277, -1.84252393246, -8.97586727142, 15.3887004852, -4.41550207138, -23.4329719543, 77.554649353, 155.426147461, 64.1128540039, -28.6976718903], [-250.212051392, -71.2373580933, 108.568901062, -35.1676712036, -13.6607294083, 15.8436441422, -24.7162914276, -6.03031253815, 14.7997322083, 1.20190227032, 64.1128540039, 127.36554718, 48.5223045349], [-92.6149978638, -37.9393386841, 27.635717392, -3.49486398697, -11.4428958893, -23.3081264496, -26.8324317932, 14.7213144302, 31.4948616028, -13.6850318909, -28.6976718903, 48.5223045349, 116.818191528]], "icov": [[0.0178786553442, -0.0248776916414, 0.0260468907654, -0.0251727495342, 0.0255750995129, -0.0263575688004, 0.0257968083024, -0.0233918335289, 0.0215157251805, -0.01880457066, 0.0165189933032, -0.0109035931528, 0.00588259473443], [-0.0248776916414, 0.0358415953815, -0.036256570369, 0.0361582972109, -0.0357159562409, 0.0381781570613, -0.0360838882625, 0.0332984253764, -0.0295817498118, 0.0261499173939, -0.022335588932, 0.0154002942145, -0.00763447582722], [0.0260468907654, -0.036256570369, 0.0385465063155, -0.0364676900208, 0.0375295430422, -0.0391202121973, 0.0386626943946, -0.0351206548512, 0.0319477319717, -0.0273162703961, 0.0240027811378, -0.0161272827536, 0.0086243422702], [-0.0251727495342, 0.0361582972109, -0.0364676900208, 0.0391387566924, -0.0385477542877, 0.0410396195948, -0.0391510911286, 0.0355735085905, -0.0325499214232, 0.0284772403538, -0.0243985801935, 0.0164239816368, -0.00818323530257], [0.0255750995129, -0.0357159562409, 0.0375295430422, -0.0385477542877, 0.0440131127834, -0.0419285967946, 0.0425855927169, -0.0379755981266, 0.0349566042423, -0.0300686657429, 0.0256351623684, -0.0161611270159, 0.00922124926001], [-0.0263575688004, 0.0381781570613, -0.0391202121973, 0.0410396195948, -0.0419285967946, 0.0499744638801, -0.048003885895, 0.0450350195169, -0.0416593439877, 0.0350843146443, -0.0280300732702, 0.0179691594094, -0.00786038395017], [0.0257968083024, -0.0360838882625, 0.0386626943946, -0.0391510911286, 0.0425855927169, -0.048003885895, 0.0552514493465, -0.0512540191412, 0.0490712821484, -0.0412055850029, 0.0336222946644, -0.0208778940141, 0.0110332537442], [-0.0233918335289, 0.0332984253764, -0.0351206548512, 0.0355735085905, -0.0379755981266, 0.0450350195169, -0.0512540191412, 0.0568435639143, -0.0504544489086, 0.0417577847838, -0.034686807543, 0.0228242911398, -0.0115355467424], [0.0215157251805, -0.0295817498118, 0.0319477319717, -0.0325499214232, 0.0349566042423, -0.0416593439877, 0.0490712821484, -0.0504544489086, 0.0555117763579, -0.0459406003356, 0.0386692993343, -0.0240258555859, 0.010791526176], [-0.01880457066, 0.0261499173939, -0.0273162703961, 0.0284772403538, -0.0300686657429, 0.0350843146443, -0.0412055850029, 0.0417577847838, -0.0459406003356, 0.0491152107716, -0.0400128923357, 0.024707114324, -0.0117261819541], [0.0165189933032, -0.022335588932, 0.0240027811378, -0.02439858019