{"metadata": {"version": {"essentia_git_sha": "v2.1_beta2-1-ge3940c0", "essentia_build_sha": "2d9f1f26377add8aeb1075a9c2973f962c4f09fd", "extractor": "music 1.0", "essentia": "2.1-beta2"}, "audio_properties": {"analysis_sample_rate": 44100, "md5_encoded": "6f68d7a9a8020713e807620a71580491", "downmix": "mix", "sample_rate": 44100, "equal_loudness": 0, "lossless": false, "codec": "mp3", "bit_rate": 192000, "length": 212.558364868, "replay_gain": -11.7988529205}, "tags": {"script": ["Latn", "Latin"], "musicbrainz_albumid": ["bee1b06f-ebd7-47bc-b126-45ed3710c3af"], "title": ["I Wish You Obelisk"], "musicbrainz_artistid": ["4d86ad4e-28d8-4e9f-8cf4-735c57060fdc"], "musicbrainz album status": ["Official"], "catalognumber": ["WAP147CD"], "musicip_puid": ["371cfd60-982a-e626-131e-e508343f0d7e"], "label": ["Warp Records"], "date": ["2001-05-21"], "contentgroup": ["Abstract,UK Garage"], "originalalbum": ["My Red Hot Car"], "acoustid_fingerprint": ["AQABz0mULIuSdBL-Clpxj0MNn-jp4M_R1Idu_MchnIeR74KPK8qR44dw-OGR4jtxnNh_uMfu4Mdx3PBO9C96fvCuoD7Crkh4lFKM8-hrnDjFE9_hE-GhlUjl4z--F8cPT9UJBr0_mDmO5BfygxeP4-RxL1jFGYdboT_CQxl_5Bd-HMcf-MeR6zK0H2EHq8d3_LjQZyoQydh4aOXR9Uir0AFsCrjwI98h6chLHN8FHvB7-IgP_Qi74Q9KHQ3Oo8thBsd33LgGK-MRHo-O8vDD49OhH8iXBz_M6OhVIefR_IPmEeEfHL5w-Aef4McVXMgOHbmOV9iPC2_h7ijC_RDlI--wD9-F47hAuBGPmsWHfkGqEsm8F3_w6-DFHB8OXiDxRDtCLkJyXMaFRhsnEk9WvDNCMicSHveH6zi-A1dO_EIO92h_CCGr4ys8jcORo3weyEb4D80e4ZsFUjuyZOSHDxq540V-_GizHWFO49wRrjxchfgepD-EHz8oF1d2_NCPHHyFbjq-oUf6Hw8LXcVVnIYPXUW-DOaF4yWaj-Av9EXTH0-OnkJCVchHsAtNtA_eo2_ginhyvD7Syc2g_8iBG9fx4zvyHbqR82jR77DCY2eR7h503EeO30GDHS15HPgE6_hxffDA_0h-pCA3ijiOD1OPNkJ6TOcIrRsNH7kiwbZxBNIJiz1yHMeHIx-kHzmOh3jhH9N1_EMfEYePVbgQ-guSH0fNg99xDs36YScZhAmTC51SRDya5-gNPoqC0_iRqllqJNeGX9ivoNn4oFLGFLsWGc_xGw3jEImio96DSPGO-JJQ81B2NwiPqZwFq8xQMsevoyccPUOerBO0cD-O7wh1D-9lPBrS0FoSTNWUHpoPLd8Rj4fVHdxjtMmOKZPEBse_Cc0SSUGviUj-IX-KXhS2lYGX40wykLsmOD9OKaGMdt8QPXIEPUmUB6eIqEeF5qCv4kct5M4hXkUzEU-Mzw8-a2gOTVuIN8iHNxmY9Ec-3Efsoc3BNcZjHRePJ0cbEc2eI_mD-AoanagkJ8T5gCGat8KTncKV6DIi5eGgHX8iuPxwhYL6IfoEC9eL62iaCxd8lMkWBBqX7UV6-CxRjsdX5ExWaArrEE2OnMffIF2WS0iuG1wTxQJCBCBCEAWWAlYwY4AwlDERhFHMAAEklQSxpYgBgFhKEGACIGK0QgAQhRwDQBCwmHAAgCKEVYIDQyACighpgBKAEIQIUwYIxIwFjADggCNACIuQkNABRIqzlhFjIBCCAUIMk4gRIggSymgFhLBIgGmQJUIxJAwigkAkwmBGOMKEAMgxQgyBYiGEBCEMFGcUEwwAYahBAAAkkAIIWAKYAsIIQpRCBFiACFOKEKesBUIwYqWQhiqCDAFAQCEMIwIwI4wQAFmFhHHEIMKAEAwJhYBIAARNpCSKAEIEI81iQ7CRRpBqBDsEidYYAAhQQsgiRhEAjZAGGAyQAIBABIxQQjFDhCQKAMYNMsAAZIRIDAnDBCSACIRYAYAgBRQAACgiDAGAK0agYUgBIxSyAAgiDBQCICWEQkgSQwAQwADqiCAKAIKYYQggQYxgBhACCAA"], "musicbrainz album type": ["Single"], "musicbrainz album release country": ["GB"], "mood": ["Weird", "Chill", "Crazy"], "acoustid_id": ["fbac1291-7ac3-441b-89c7-a5dbd37c04f5"], "album": ["My Red Hot Car"], "discnumber": ["01/01"], "artistsort": ["Squarepusher"], "language": ["eng"], "file_name": "1-04 - I Wish You Obelisk.mp3", "genre": ["Electronic"], "artist": ["Squarepusher"], "asin": ["B00005IBIB"], "musicbrainz_recordingid": ["494c2702-525e-4ec4-bdd7-471c4c043de0"], "originaldate": ["2001-05-21"], "albumartist": ["Squarepusher"], "tracknumber": ["04/04"], "bpm": ["93.05"], "albumartistsort": ["Squarepusher", "Squarepusher"], "composer": ["Tom Jenkinson"], "media": ["CD"], "barcode": ["801061914721"], "musicbrainz_releasegroupid": ["f58b3e89-121d-3678-9c73-6186da6c0d07"], "musicbrainz_albumartistid": ["4d86ad4e-28d8-4e9f-8cf4-735c57060fdc"]}}, "rhythm": {"beats_loudness": {"var": 0.000461223884486, "mean": 0.0217556729913, "dmean2": 0.0383564382792, "dvar": 0.000450458581327, "dmean": 0.022122150287, "max": 0.226001158357, "min": 1.60469721777e-06, "median": 0.014715410769, "dvar2": 0.00142617011443}, "beats_position": [0.650158703327, 1.30031740665, 1.95047616959, 2.60063481331, 3.23918366432, 3.87773227692, 4.52789115906, 5.17804956436, 5.8282084465, 6.46675729752, 7.10530614853, 7.75546455383, 8.40562343597, 9.04417228699, 9.682721138, 10.3328800201, 10.9830379486, 11.6215867996, 12.2601356506, 12.9102945328, 13.5604534149, 14.2106122971, 14.8491611481, 15.4877090454, 16.1378688812, 16.7880268097, 17.4381847382, 18.0767345428, 18.7152824402, 19.365442276, 20.0156002045, 20.6657600403, 21.3159179688, 21.9776859283, 22.6394557953, 23.2896137238, 23.9049434662, 24.5318813324, 25.1704311371, 25.8205890656, 26.470746994, 27.1092967987, 27.747844696, 28.3980045319, 29.0481624603, 29.686712265, 30.3252601624, 30.9754180908, 31.6139678955, 32.264125824, 32.9026756287, 33.5528335571, 34.2029914856, 34.8531494141, 35.5033111572, 36.1418571472, 36.7804069519, 37.4305648804, 38.0807266235, 38.7192726135, 39.3578224182, 40.0079803467, 40.6581382751, 41.3083000183, 41.9584579468, 42.6086158752, 43.0962333679, 43.5722427368, 44.0482521057, 44.5242614746, 45.011882782, 45.4878921509, 45.9755096436, 46.4631271362, 46.9507484436, 47.4383659363, 47.9259872437, 48.4136047363, 48.8896141052, 49.3656234741, 49.8532409668, 50.3292503357, 50.8052597046, 51.2928771973, 51.7804985046, 52.2681159973, 52.7557373047, 53.2549667358, 53.789024353, 54.2882537842, 54.7990913391, 55.2983207703, 55.7975502014, 56.2967796326, 56.8656692505, 57.4345550537, 58.0731048584, 58.7232627869, 59.3618125916, 60.0003623962, 60.6505203247, 61.3006782532, 61.9508361816, 62.6009979248, 63.2395439148, 63.8780937195, 64.5282516479, 65.1784133911, 65.8169631958, 66.4555053711, 67.1056671143, 67.7558288574, 68.4059829712, 69.0445327759, 69.6830825806, 70.3332443237, 70.9833984375, 71.6219482422, 72.2604980469, 72.91065979, 73.5608139038, 74.210975647, 74.8495254517, 75.488067627, 76.1382293701, 76.7883911133, 77.4385452271, 78.0770950317, 78.7272567749, 79.3774108887, 80.0159606934, 80.6661224365, 81.3046722412, 81.9432220459, 82.5933761597, 83.2435379028, 83.8820877075, 84.5206298828, 85.170791626, 85.8209533691, 86.4711074829, 87.1096572876, 87.7482070923, 88.3983688354, 89.0485229492, 89.6986846924, 90.3372344971, 90.9757843018, 91.6259384155, 92.2761001587, 92.9146499634, 93.5531921387, 94.2033538818, 94.853515625, 95.5036697388, 96.1538314819, 96.7923812866, 97.4309310913, 98.0810852051, 98.7312469482, 99.381401062, 100.008346558, 100.658500671, 101.308662415, 101.947212219, 102.585754395, 103.235916138, 103.886077881, 104.536231995, 105.174781799, 105.813331604, 106.463493347, 107.113647461, 107.752197266, 108.39074707, 109.040908813, 109.691062927, 110.34122467, 110.991378784, 111.629928589, 112.280090332, 112.918640137, 113.56879425, 114.207344055, 114.857505798, 115.496055603, 116.146209717, 116.79637146, 117.434921265, 118.07346344, 118.723625183, 119.373786926, 120.012336731, 120.650878906, 121.301040649, 121.951202393, 122.601356506, 123.239906311, 123.878456116, 124.528617859, 125.02784729, 125.550292969, 126.061134338, 126.548751831, 127.036369324, 127.512374878, 128, 128.476013184, 128.963623047, 129.532516479, 130.089797974, 130.658676147, 131.22756958, 131.796463013, 132.365356445, 132.922622681, 133.491516113, 133.979141235, 134.466751099, 134.942764282, 135.418777466, 135.906387329, 136.394012451, 136.881637573, 137.380859375, 137.903305054, 138.390930176, 138.878540039, 139.366165161, 139.853790283, 140.341400146, 140.829025269, 141.316635132, 141.792648315, 142.280273438, 142.767883301, 143.243896484, 143.719909668, 144.195922852, 144.683532715, 145.171157837, 145.6587677, 146.134780884, 146.610794067, 147.098403931, 147.586029053, 148.073654175, 148.561264038, 149.04888916, 149.536499023, 150.024124146, 150.511749268, 150.999359131, 151.486984253, 151.974594116, 152.462219238, 152.96144104, 153.472290039, 153.971511841, 154.48236084, 154.99319458, 155.480819702, 155.968429565, 156.456054688, 156.943664551, 157.431289673, 157.918914795, 158.406524658, 158.89414978, 159.451431274, 160.00869751, 160.658859253, 161.309020996, 161.959182739, 162.597732544, 163.236282349, 163.886444092, 164.524978638, 165.163528442, 165.813690186, 166.463851929, 167.114013672, 167.752563477, 168.391113281, 169.041259766, 169.691421509, 170.341583252, 170.980133057, 171.618682861, 172.268844604, 172.919006348, 173.569152832, 174.207702637, 174.846252441, 175.496414185, 176.146575928, 176.796737671, 177.423675537, 178.073822021, 178.723983765, 179.374145508, 180.012695313, 180.651245117, 181.30140686, 181.951568604, 182.601715088, 183.240264893, 183.878814697, 184.52897644, 185.179138184, 185.817687988, 186.456237793, 187.106384277, 187.756546021, 188.395095825, 189.03364563, 189.683807373, 190.333969116, 190.984130859, 191.634277344, 192.272827148, 192.911376953, 193.561538696, 194.211700439, 194.850250244, 195.488800049, 196.138946533, 196.789108276, 197.427658081, 198.066207886, 198.716369629, 199.366531372, 200.016693115, 200.655227661, 201.293777466, 201.943939209, 202.594100952, 203.244262695, 203.8828125, 204.521362305, 205.171508789, 205.821670532, 206.471832275, 207.133605957, 207.79536438, 208.399093628, 209.014419556, 209.711013794, 210.407608032, 211.104217529, 211.800811768], "bpm_histogram_first_peak_spread": {"var": 0, "mean": 0.400826454163, "dmean2": 0, "dvar": 0, "dmean": 0, "max": 0.400826454163, "min": 0.400826454163, "median": 0.400826454163, "dvar2": 0}, "danceability": 1.43204784393, "bpm_histogram_second_peak_weight": {"var": 0, "mean": 0.15428571403, "dmean2": 0, "dvar": 0, "dmean": 0, "max": 0.15428571403, "min": 0.15428571403, "median": 0.15428571403, "dvar2": 0}, "bpm_histogram_first_peak_weight": {"var": 0, "mean": 0.414285719395, "dmean2": 0, "dvar": 0, "dmean": 0, "max": 0.414285719395, "min": 0.414285719395, "median": 0.414285719395, "dvar2": 0}, "bpm": 92.9526290894, "bpm_histogram_second_peak_spread": {"var": 0, "mean": 0.333333343267, "dmean2": 0, "dvar": 0, "dmean": 0, "max": 0.333333343267, "min": 0.333333343267, "median": 0.333333343267, "dvar2": 0}, "bpm_histogram_second_peak_bpm": {"var": 0, "mean": 123, "dmean2": 0, "dvar": 0, "dmean": 0, "max": 123, "min": 123, "median": 123, "dvar2": 0}, "beats_count": 351, "beats_loudness_band_ratio": {"var": [0.0886288434267, 0.0100035453215, 0.00511817121878, 0.0397865325212, 0.0136602362618, 0.0583687275648], "mean": [0.210372626781, 0.0498136691749, 0.0312114674598, 0.231476739049, 0.111210785806, 0.381650179625], "dmean2": [0.392012536526, 0.127583548427, 0.0856600403786, 0.352663993835, 0.183294087648, 0.3504948318], "dvar": [0.0682146772742, 0.0114061934873, 0.0066858176142, 0.038418546319, 0.0146888913587, 0.0278855916113], "dmean": [0.219476729631, 0.0693477541208, 0.0458116419613, 0.199907615781, 0.101656638086, 0.18895816803], "max": [0.988274812698, 0.697996973991, 0.619337260723, 0.913431167603, 0.66566580534, 0.972747445107], "min": [0.000195085871383, 3.06239344354e-05, 0.000139493538882, 9.90518310573e-06, 0.000597255770117, 0.000164403711096], "median": [0.0571431927383, 0.0100696058944, 0.00593215599656, 0.23196721077, 0.0841712802649, 0.484724760056], "dvar2": [0.166523009539, 0.0308730453253, 0.0197563841939, 0.101483464241, 0.046334374696, 0.0836655125022]}, "onset_rate": 5.99307489395, "bpm_histogram_first_peak_bpm": {"var": 0, "mean": 92, "dmean2": 0, "dvar": 0, "dmean": 0, "max": 92, "min": 92, "median": 92, "dvar2": 0}}, "lowlevel": {"hfc": {"var": 1968.40283203, "mean": 25.4662055969, "dmean2": 31.5832386017, "dvar": 1504.22900391, "dmean": 21.019203186, "max": 351.05380249, "min": 1.13809384966e-16, "median": 7.13145828247, "dvar2": 3042.09692383}, "barkbands_spread": {"var": 486.869384766, "mean": 34.5215301514, "dmean2": 24.0712356567, "dvar": 255.543609619, "dmean": 14.7328491211, "max": 114.219764709, "min": 0.430642336607, "median": 28.6266403198, "dvar2": 648.230224609}, "spectral_spread": {"var": 3522012381180.0, "mean": 4968850.5, "dmean2": 1403182.75, "dvar": 1087886000130.0, "dmean": 896369.25, "max": 41404760, "min": 1321111.375, "median": 4782961, "dvar2": 2004537311230.0}, "spectral_energy": {"var": 0.000669972214382, "mean": 0.0130556439981, "dmean2": 0.0151293026283, "dvar": 0.000371745234588, "dmean": 0.00983936153352, "max": 0.371895819902, "min": 1.0573205151e-20, "median": 0.0051669399254, "dvar2": 0.00079443649156}, "gfcc": {"icov": [[0.000161328003742, 3.09228926199e-05, 0.000375443341909, -0.000259677442955, 9.74269278231e-05, -7.80497211963e-05, 0.000125638383906, -5.61693523196e-05, -3.25446198985e-05, 0.000182732663234, -0.000298711122014, 0.000383453385439, -0.000205818083487], [3.09228926199e-05, 0.000736026908271, -0.000399631564505, 0.000239184329985, -0.000117189098091, 0.000445043900982, -0.000172938525793, 9.94702495518e-05, -0.000356308737537, 0.000557868683245, 1.39391304401e-05, 0.000137120354339, 0.000131727618282], [0.000375443341909, -0.000399631564505, 0.00244334060699, -0.00151175388601, 0.000259612628724, -0.000130426720716, 0.000793523853645, -0.000938216748182, 7.31700711185e-05, 0.000570890144445, -0.000645405671094, 0.00144488341175, -0.000219819659833], [-0.000259677442955, 0.000239184329985, -0.00151175388601, 0.00248444662429, -0.000414298439864, -0.000918963341974, 0.000340068509104, 0.000204340176424, -9.09784193937e-06, 0.000450636900496, -0.0008330141427, 0.000353571493179, -0.000303565961076], [9.74269278231e-05, -0.000117189098091, 0.000259612628724, -0.000414298439864, 0.00166972691659, 0.000258277374087, -0.000971207395196, 0.000514603394549, -0.000396687886678, 0.000724362267647, -0.000673184928019, -0.000877163489349, 0.000306192843709], [-7.80497211963e-05, 0.000445043900982, -0.000130426720716, -0.000918963341974, 0.000258277374087, 0.00302148517221, -0.00108705915045, 0.00135414162651, -0.000863023102283, -0.000677382631693, 0.00165293738246, -0.00176246091723, 0.000882155494764], [0.000125638383906, -0.000172938525793, 0.000793523853645, 0.000340068509104, -0.000971207395196, -0.00108705915045, 0.00591400591657, -0.00281347590499, 0.00188768247608, -0.00100101204589, -0.000825280381832, 0.00268197944388, -0.00295404857025], [-5.61693523196e-05, 9.94702495518e-05, -0.000938216748182, 0.000204340176424, 0.000514603394549, 0.00135414162651, -0.00281347590499, 0.0071495459415, -0.00339996116236, 0.001468724804, -0.00225082295947, -0.00119840865955, 0.00170115684159], [-3.25446198985e-05, -0.000356308737537, 7.31700711185e-05, -9.09784193937e-06, -0.000396687886678, -0.000863023102283, 0.00188768247608, -0.00339996116236, 0.0072855418548, -0.00358486082405, 0.00230692699552, -0.00162103807088, 0.000372560316464], [0.000182732663234, 0.000557868683245, 0.000570890144445, 0.000450636900496, 0.000724362267647, -0.000677382631693, -0.00100101204589, 0.001468724804, -0.00358486082405, 0.0088009359315, -0.00325030647218, 0.00209168065339, -0.00170493172482], [-0.000298711122014, 1.39391304401e-05, -0.000645405671094, -0.0008330141427, -0.000673184928019, 0.00165293738246, -0.000825280381832, -0.00225082295947, 0.00230692699552, -0.00325030647218, 0.00985540170223, -0.00119536626153, -0.000111000794277], [0.000383453385439, 0.000137120354339, 0.00144488341175, 0.000353571493179, -0.000877163489349, -0.00176246091723, 0.00268197944388, -0.00119840865955, -0.00162103807088, 0.00209168065339, -0.00119536626153, 0.0112086683512, -0.00273653003387], [-0.000205818083487, 0.000131727618282, -0.000219819659833, -0.000303565961076, 0.000306192843709, 0.000882155494764, -0.00295404857025, 0.00170115684159, 0.000372560316464, -0.00170493172482, -0.000111000794277, -0.00273653003387, 0.0134969512001]], "mean": [-93.6383514404, 32.2596626282, -120.020545959, 48.4405899048, -49.9776496887, 30.0454216003, -28.2252254486, 3.86397743225, -36.2046432495, 1.93260264397, -5.96135187149, -1.40340876579, -12.4198684692], "cov": [[14657.1679688, -3076.13720703, -2178.27197266, 850.842529297, -760.142272949, 1037.58776855, 9.81784534454, -457.949707031, -151.722579956, 293.965301514, 164.881240845, -153.714401245, 258.001953125], [-3076.13720703, 2806.63232422, 957.023498535, -194.718017578, 352.842132568, -782.131225586, 37.987991333, 291.777496338, -5.41474580765, -273.705444336, 73.5808639526, -85.7761459351, -99.6509017944], [-2178.27197266, 957.023498535, 1447.7199707, 554.074768066, 95.6545410156, -228.381317139, -81.9447860718, 206.153717041, -13.1143398285, -167.559005737, 93.1092147827, -108.210342407, -79.6568527222], [850.842529297, -194.718017578, 554.074768066, 1005.675354, 40.3134765625, 262.505065918, -71.8988113403, -13.9344177246, -27.0234832764, -50.2725105286, 79.7831268311, -56.2048873901, -1.87759208679], [-760.142272949, 352.842132568, 95.6545410156, 40.3134765625, 827.170227051, -141.775543213, 130.339920044, 58.0282897949, -17.94688797, -79.606086731, 74.0461807251, 45.5599021912, -0.570294737816], [1037.58776855, -782.131225586, -228.381317139, 262.505065918, -141.775543213, 778.456359863, -58.3658332825, -185.568130493, 87.9418411255, 97.2697296143, -125.706253052, 85.4251861572, 14.7376470566], [9.81784534454, 37.987991333, -81.9447860718, -71.8988113403, 130.339920044, -58.3658332825, 322.39932251, 85.7200546265, -58.8541908264, 39.8234786987, 75.5950088501, -49.4526062012, 54.6939620972], [-457.949707031, 291.777496338, 206.153717041, -13.9344177246, 58.0282897949, -185.568130493, 85.7200546265, 288.820953369, 64.93724823, -23.8751068115, 81.6719284058, -10.6090240479, -19.9040527344], [-151.722579956, -5.41474580765, -13.1143398285, -27.0234832764, -17.94688797, 87.9418411255, -58.8541908264, 64.93724823, 251.178421021, 65.684135437, -44.2868995667, 56.4324684143, -17.0474662781], [293.965301514, -273.705444336, -167.559005737, -50.2725105286, -79.606086731, 97.2697296143, 39.8234786987, -23.8751068115, 65.684135437, 203.193359375, 21.6827468872, -4.44279146194, 33.599899292], [164.881240845, 73.5808639526, 93.1092147827, 79.7831268311, 74.0461807251, -125.706253052, 75.5950088501, 81.6719284058, -44.2868995667, 21.6827468872, 184.273620605, -31.0157737732, 17.0831375122], [-153.714401245, -85.7761459351, -108.210342407, -56.2048873901, 45.5599021912, 85.4251861572, -49.4526062012, -10.6090240479, 56.4324684143, -4.44279146194, -31.0157737732, 146.247283936, 6.64114236832], [258.001953125, -99.6509017944, -79.6568527222, -1.87759208679, -0.570294737816, 14.7376470566, 54.6939620972, -19.9040527344, -17.0474662781, 33.599899292, 17.0831375122, 6.64114236832, 97.3891830444]]}, "silence_rate_60dB": {"var": 0.231027767062, "mean": 0.362276107073, "dmean2": 0.283154904842, "dvar": 0.121516190469, "dmean": 0.141561985016, "max": 1, "min": 0, "median": 0, "dvar2": 0.260221719742}, "spectral_centroid": {"var": 1109193.875, "mean": 2628.16918945, "dmean2": 906.310791016, "dvar": 503614.21875, "dmean": 561.342773438, "max": 11538.8505859, "min": 334.838226318, "median": 2729.7890625, "dvar2": 1072218.75}, "spectral_complexity": {"var": 148.450576782, "mean": 11.2246618271, "dmean2": 8.98667240143, "dvar": 77.6749420166, "dmean": 6.1295466423, "max": 61, "min": 0, "median": 7, "dvar2": 142.935897827}, "melbands_spread": {"var": 2166.88232422, "mean": 54.0120429993, "dmean2": 44.8301086426, "dvar": 1148.58520508, "dmean": 27.9647827148, "max": 295.102203369, "min": 0.470584094524, "median": 40.4523086548, "dvar2": 2576.03466797}, "spectral_strongpeak": {"var": 3.01684999466, "mean": 0.915341317654, "dmean2": 1.29669678211, "dvar": 2.40570759773, "dmean": 0.774645507336, "max": 23.9493103027, "min": 0, "median": 0.157592684031, "dvar2": 6.13208389282}, "zerocrossingrate": {"var": 0.00449644727632, "mean": 0.113039240241, "dmean2": 0.0392260961235, "dvar": 0.00099145132117, "dmean": 0.0325921215117, "max": 0.5078125, "min": 0.00244140625, "median": 0.1044921875, "dvar2": 0.00141573941801}, "erbbands_kurtosis": {"var": 14.0590648651, "mean": 1.37796163559, "dmean2": 2.82718634605, "dvar": 10.8521690369, "dmean": 1.74004220963, "max": 159.698928833, "min": -1.87567520142, "median": 0.503571748734, "dvar2": 25.9107093811}, "spectral_energyband_middle_low": {"var": 3.73558068532e-05, "mean": 0.00156731239986, "dmean2": 0.00293486029841, "dvar": 5.4136140534e-05, "dmean": 0.0016686146846, "max": 0.0862972438335, "min": 2.10839472605e-22, "median": 0.000343102030456, "dvar2": 0.000150349078467}, "erbbands": {"var": [0.604794800282, 13.8484687805, 25.0205936432, 79.245765686, 223.161804199, 59.1437797546, 9.53794574738, 14.154302597, 12.734085083, 6.29343509674, 7.53894996643, 24.3706855774, 39.2171936035, 389.87512207, 3602.68994141, 23885.4492188, 13775.5371094, 5484.93847656, 1596.17687988, 1035.078125, 771.380981445, 1351.28063965, 1244.14758301, 2473.72973633, 4189.86425781, 3602.66723633, 4315.36914063, 7833.12353516, 3193.44897461, 1025.31884766, 518.695739746, 261.89440918, 296.496765137, 30.0914840698, 2.41648840904, 0.50541973114, 0.0115814646706, 0.000676936353557, 2.74371031992e-05, 5.35298916304e-08], "mean": [0.113387711346, 0.602005064487, 0.964254558086, 1.8700813055, 2.58434605598, 1.65013229847, 0.942728042603, 0.832686424255, 0.833124816418, 0.673800945282, 1.09898221493, 1.72015047073, 2.00417160988, 5.71935987473, 17.1103382111, 45.3152923584, 44.2364616394, 30.724691391, 14.3300981522, 11.9621515274, 10.7056379318, 13.870798111, 14.5513372421, 21.1665668488, 26.5838088989, 27.1521587372, 28.5272712708, 34.9586410522, 23.8079929352, 13.1831016541, 10.2033596039, 7.38065385818, 5.69258499146, 2.46792602539, 0.719524919987, 0.182146370411, 0.0320877879858, 0.00586715340614, 0.00107165134978, 9.44848798099e-05], "dmean2": [0.126019522548, 0.741685152054, 1.52217185497, 3.47266817093, 6.39570379257, 3.23750472069, 1.4064000845, 1.39335763454, 1.3261333704, 1.11408376694, 1.32807910442, 1.82482743263, 2.98058319092, 8.42697429657, 27.1490459442, 66.8332824707, 67.178565979, 47.3681793213, 22.4108333588, 18.9420681, 15.9737205505, 21.8766021729, 22.0266284943, 30.6110477448, 36.1644325256, 38.6739273071, 43.3351593018, 50.0202445984, 30.6687812805, 17.5257492065, 14.7470760345, 10.2727432251, 9.17301559448, 3.46030783653, 1.01256537437, 0.294166117907, 0.0519730113447, 0.0102627808228, 0.00201030843891, 0.000143649856909], "dvar": [0.284351199865, 6.19999980927, 24.5324611664, 74.6884536743, 363.639801025, 73.5665054321, 10.9708786011, 14.0315704346, 11.8820295334, 7.63582468033, 5.6457233429, 14.833902359, 29.3364105225, 263.582275391, 2501.03125, 18019.0859375, 11067.9423828, 4716.66845703, 1422.24108887, 941.370422363, 665.160888672, 1078.6652832, 1041.39990234, 1904.98706055, 2831.37207031, 2775.37231445, 3845.64550781, 6518.7421875, 2231.89916992, 747.237060547, 413.905090332, 181.564697266, 321.668457031, 25.2413425446, 2.03149008751, 0.67251265049, 0.0135649200529, 0.000854896381497, 3.81839745387e-05, 4.84323088301e-08], "dmean": [0.0851335451007, 0.480769723654, 0.93131005764, 1.99818766117, 3.52090167999, 1.92471897602, 0.842980623245, 0.826320409775, 0.794491767883, 0.648361682892, 0.784389078617, 1.13693392277, 1.84986960888, 5.33938121796, 16.7652111053, 42.1123542786, 42.3434906006, 29.5674285889, 13.9429569244, 11.7618093491, 9.98558235168, 13.4072847366, 13.5357961655, 18.9823551178, 22.64818573, 24.3290367126, 27.4886245728, 33.8006210327, 20.8860702515, 11.7284460068, 9.64209270477, 6.96014070511, 5.87217712402, 2.30682492256, 0.672270655632, 0.184011876583, 0.032929059118, 0.00634195981547, 0.00117104419041, 8.61597145558e-05], "max": [17.0759334564, 66.7155075073, 130.193511963, 145.568771362, 232.670761108, 133.067733765, 86.7315368652, 96.8756561279, 81.3863754272, 60.4530067444, 54.0398902893, 81.4897766113, 124.221817017, 321.620697021, 999.199279785, 2340.31518555, 1756.4732666, 920.958007813, 756.56451416, 515.477294922, 639.706726074, 867.362365723, 665.705993652, 718.781005859, 1063.56591797, 785.426574707, 564.17376709, 774.732910156, 431.937438965, 299.268218994, 254.022323608, 116.789672852, 326.343139648, 73.4764099121, 19.2731895447, 20.8937416077, 2.8089723587, 0.809269428253, 0.196847975254, 0.00358765898272], "min": [5.58615454347e-22, 3.40377309585e-21, 2.01388913912e-20, 2.15629054339e-20, 2.50716698831e-20, 5.5118708366e-20, 6.9035220841e-20, 3.1236728414e-19, 2.66326385396e-19, 5.20792396676e-19, 3.57125458399e-19, 5.6160073181e-19, 1.14311583687e-18, 1.19685124722e-18, 2.78014349224e-18, 2.17131974304e-18, 2.63395834412e-18, 3.20784053668e-18, 5.3859024221e-18, 4.98792266834e-18, 5.47451290445e-18, 8.03410667753e-18, 5.92812923979e-18, 1.06181990588e-17, 1.33615766476e-17, 1.08993891819e-17, 1.19150313165e-17, 1.46703608379e-17, 1.43779160954e-17, 1.56931382325e-17, 1.39560440568e-17, 1.45871150354e-17, 1.12365405549e-17, 1.05439703522e-17, 7.18189227092e-18, 5.10668926069e-18, 3.00542075539e-18, 1.12547155741e-18, 3.03127547451e-19, 3.24677502338e-20], "median": [0.00195635878481, 0.0194502230734, 0.0698043480515, 0.137620210648, 0.18264426291, 0.195189416409, 0.239026337862, 0.180283650756, 0.187511608005, 0.199361637235, 0.336958646774, 0.362963676453, 0.419295012951, 0.589199841022, 1.31669521332, 3.96306085587, 3.00783157349, 1.70081686974, 0.921231150627, 0.873278141022, 1.13002038002, 1.70367026329, 2.16670393944, 3.54014539719, 3.98724675179, 3.93212842941, 3.10507726669, 2.20477509499, 1.76741552353, 1.22969770432, 1.24899077415, 0.845364928246, 0.519300818443, 0.341127634048, 0.116364426911, 0.0280635617673, 0.0033607268706, 0.000463999022031, 7.54568245611e-05, 1.56878231792e-05], "dvar2": [0.57110708952, 11.7936325073, 58.4415969849, 190.635375977, 1026.51831055, 185.108398438, 30.3131923676, 37.1499786377, 30.5701122284, 21.6542606354, 14.3052387238, 32.3300132751, 66.5820083618, 594.165039063, 5914.42529297, 44503.5351563, 26046.7441406, 10620.8027344, 3538.51416016, 2393.34106445, 1672.32275391, 2594.02172852, 2729.44873047, 4807.53222656, 6746.16503906, 6852.77636719, 9313.50585938, 13247.2832031, 4035.1484375, 1348.14294434, 844.964904785, 322.771331787, 752.075561523, 53.0306434631, 4.24436903, 1.72780764103, 0.0330953150988, 0.00215956405737, 0.000101336008811, 1.26967705683e-07]}, "barkbands_crest": {"var": 21.6461467743, "mean": 9.38528251648, "dmean2": 5.15763092041, "dvar": 10.2557582855, "dmean": 3.12917494774, "max": 26.4886703491, "min": 2.35286712646, "median": 8.25452804565, "dvar2": 25.5663223267}, "melbands_crest": {"var": 51.4971809387, "mean": 14.0056934357, "dmean2": 7.2433347702, "dvar": 19.7714939117, "dmean": 4.49157619476, "max": 39.7094841003, "min": 1.70717287064, "median": 12.7815313339, "dvar2": 46.4238548279}, "spectral_flux": {"var": 0.00331692281179, "mean": 0.0683491900563, "dmean2": 0.0537321195006, "dvar": 0.0019638997037, "dmean": 0.0331304296851, "max": 0.480266869068, "min": 6.78309561297e-11, "median": 0.049353223294, "dvar2": 0.00474519841373}, "spectral_contrast_valleys": {"var": [1.48228418827, 1.51171672344, 1.57492935658, 2.21773386002, 2.04584622383, 2.95998811722], "mean": [-8.52424907684, -8.35692596436, -8.31615829468, -8.34597969055, -8.07101726532, -10.2446279526], "dmean2": [0.964352607727, 0.893687129021, 0.929121553898, 1.12025022507, 1.11342990398, 1.35937511921], "dvar": [0.339415043592, 0.351627498865, 0.407236158848, 0.627735257149, 0.629941344261, 0.850979030132], "dmean": [0.604359388351, 0.552449643612, 0.603481352329, 0.742810249329, 0.750642061234, 0.915226697922], "max": [-5.57772111893, -5.49247741699, -5.33953666687, -5.23263168335, -5.25991725922, -7.24985313416], "min": [-27.3167648315, -27.7463226318, -27.4081192017, -27.7666473389, -27.3152370453, -27.2554416656], "median": [-8.5032749176, -8.13216590881, -8.19894695282, -8.19892311096, -7.80810689926, -9.91225719452], "dvar2": [0.768146812916, 0.802493274212, 0.881918728352, 1.26770710945, 1.29475533962, 1.5272769928]}, "mfcc": {"icov": [[0.000119884076412, 0.000130489337607, 0.000134674730361, -0.000115081158583, 0.000121598306578, -7.89801852079e-05, 3.94317939936e-05, -2.33780901908e-05, 0.000178223912371, -5.22982481925e-05, 6.22740626568e-05, -9.49102468439e-05, 3.30414295604e-05], [0.000130489337607, 0.000731221109163, 0.000160685056471, -0.00021949459915, -0.000138994917506, 0.00067939836299, -5.21633483004e-05, -0.000110060187581, -9.58811233431e-06, -9.75110087893e-05, 0.000246214913204, -0.000129443535116, 0.000188377613085], [0.000134674730361, 0.000160685056471, 0.00109321158379, -0.000805243733339, 0.000397848867578, -0.000256653380347, 0.000603653548751, -0.000383205799153, 0.000536707753781, -0.000727226084564, 0.000400323915528, -0.000160511626746, 0.000525702314917], [-0.000115081158583, -0.00021949459915, -0.000805243733339, 0.00301000638865, -0.00171818758827, 0.00103778729681, -0.00150589295663, 0.00031973401201, -0.000142248754855, 0.000118539988762, -0.000262097688392, 0.000981935765594, -0.000945589388721], [0.000121598306578, -0.000138994917506, 0.000397848867578, -0.00171818758827, 0.0040280665271, -0.00196199212223, 0.00144377013203, -0.00224699056707, 0.00121981522534, 0.000272648147075, -0.000426898011938, 0.000421328673838, -0.000768825411797], [-7.89801852079e-05, 0.00067939836299, -0.000256653380347, 0.00103778729681, -0.00196199212223, 0.00346962688491, -0.00105684658047, 0.000981886987574, -0.00162896711845, -9.9317090644e-05, 0.000951457070187, 2.50321027124e-05, 0.000490717822686], [3.94317939936e-05, -5.21633483004e-05, 0.000603653548751, -0.00150589295663, 0.00144377013203, -0.00105684658047, 0.00390874501318, -0.00125446915627, 0.000952761969529, -3.31309820467e-05, -1.56862806762e-05, 0.000666642852593, -0.00135959440377], [-2.33780901908e-05, -0.000110060187581, -0.000383205799153, 0.00031973401201, -0.00224699056707, 0.000981886987574, -0.00125446915627, 0.00626704655588, -0.00162728549913, -6.51634036331e-05, 0.000203904419322, -0.00149948021863, 0.00155918428209], [0.000178223912371, -9.58811233431e-06, 0.000536707753781, -0.000142248754855, 0.00121981522534, -0.00162896711845, 0.000952761969529, -0.00162728549913, 0.00809058453888, -0.000856310711242, -0.000809565186501, -0.00289672194049, 0.000625108194072], [-5.22982481925e-05, -9.75110087893e-05, -0.000727226084564, 0.000118539988762, 0.000272648147075, -9.9317090644e-05, -3.31309820467e-05, -6.51634036331e-05, -0.000856310711242, 0.00656641274691, -0.00309808109887, 0.00227332045324, -0.00264988653362], [6.22740626568e-05, 0.000246214913204, 0.000400323915528, -0.000262097688392, -0.000426898011938, 0.000951457070187, -1.56862806762e-05, 0.000203904419322, -0.000809565186501, -0.00309808109887, 0.00984145328403, -0.00149633118417, 0.000358810852049], [-9.49102468439e-05, -0.000129443535116, -0.000160511626746, 0.000981935765594, 0.000421328673838, 2.50321027124e-05, 0.000666642852593, -0.00149948021863, -0.00289672194049, 0.00227332045324, -0.00149633118417, 0.0105610433966, -0.00284127891064], [3.30414295604e-05, 0.000188377613085, 0.000525702314917, -0.000945589388721, -0.000768825411797, 0.000490717822686, -0.00135959440377, 0.00155918428209, 0.000625108194072, -0.00264988653362, 0.000358810852049, -0.00284127891064, 0.0118541801348]], "mean": [-730.653137207, 59.455329895, -1.65105140209, 21.294549942, 6.07361412048, 20.6339073181, 21.5081768036, 5.18417310715, -7.97971534729, -2.87164831161, 1.24540948868, 5.28896331787, 0.481672286987], "cov": [[14200.3417969, -3345.29907227, -1549.73828125, -607.550415039, -414.481231689, 938.04083252, 118.914283752, -336.957672119, -50.319732666, -143.001693726, -97.44506073, 87.237449646, 20.6351013184], [-3345.29907227, 2821.02148438, 203.183883667, 504.124206543, 117.004806519, -773.34576416, 71.8629989624, 160.706176758, -87.8755187988, 43.0622444153, 30.7820205688, -46.2016944885, 24.6584892273], [-1549.73828125, 203.183883667, 1542.81274414, 447.443206787, 138.484512329, -92.8871536255, -66.6925430298, 84.4808502197, -86.3229904175, 155.050079346, -2.93684887886, -80.9110488892, -17.6635913849], [-607.550415039, 504.124206543, 447.443206787, 859.614318848, 292.837097168, -204.757659912, 220.761825562, 90.2537384033, -128.90675354, 90.9455718994, 24.5925121307, -114.008148193, 82.3840332031], [-414.481231689, 117.004806519, 138.484512329, 292.837097168, 539.797790527, 136.688751221, 2.57292103767, 144.849060059, -32.2390594482, 7.15628433228, 2.85859799385, -32.804599762, 22.4584007263], [938.04083252, -773.34576416, -92.8871536255, -204.757659912, 136.688751221, 655.858215332, 0.345244497061, -22.3489131927, 91.1826095581, -33.3951568604, -43.46068573, 26.366771698, -22.4830207825], [118.914283752, 71.8629989624, -66.6925430298, 220.761825562, 2.57292103767, 0.345244497061, 400.854980469, 28.0717353821, -54.115737915, 25.763923645, 0.781058013439, -45.3489341736, 59.2495079041], [-336.957672119, 160.706176758, 84.4808502197, 90.2537384033, 144.849060059, -22.3489131927, 28.0717353821, 240.298095703, 32.7990150452, -2.93492722511, 6.72100162506, 25.6242542267, -12.6762838364], [-50.319732666, -87.8755187988, -86.3229904175, -128.90675354, -32.2390594482, 91.1826095581, -54.115737915, 32.7990150452, 191.875, -3.53334951401, 17.4905509949, 69.8494338989, -15.9996089935], [-143.001693726, 43.0622444153, 155.050079346, 90.9455718994, 7.15628433228, -33.3951568604, 25.763923645, -2.93492722511, -3.53334951401, 227.521347046, 63.5077362061, -37.8567657471, 45.3308181763], [-97.44506073, 30.7820205688, -2.93684887886, 24.5925121307, 2.85859799385, -43.46068573, 0.781058013439, 6.72100162506, 17.4905509949, 63.5077362061, 129.054916382, 11.5669336319, 15.2047739029], [87.237449646, -46.2016944885, -80.9110488892, -114.008148193, -32.804599762, 26.366771698, -45.3489341736, 25.6242542267, 69.8494338989, -37.8567657471, 11.5669336319, 142.259246826, 4.79583263397], [20.6351013184, 24.6584892273, -17.6635913849, 82.3840332031, 22.4584007263, -22.4830207825, 59.2495079041, -12.6762838364, -15.9996089935, 45.3308181763, 15.2047739029, 4.79583263397, 113.780403137]]}, "erbbands_flatness_db": {"var": 0.00302596902475, "mean": 0.178427994251, "dmean2": 0.0437697283924, "dvar": 0.00076257326873, "dmean": 0.0278637334704, "max": 0.419269859791, "min": 0.0385949090123, "median": 0.171912893653, "dvar2": 0.00176821951754}, "barkbands": {"var": [1.82217183919e-06, 0.000385577906854, 2.9388389521e-05, 9.74207796389e-06, 1.12523885036e-05, 1.49123806636e-07, 4.5322035902e-08, 1.31008235371e-08, 3.63411132298e-08, 9.32770021222e-08, 9.38809250783e-07, 1.367882669e-05, 6.83487405695e-06, 1.57202157425e-06, 4.6423710387e-07, 3.01853532392e-07, 4.70585462153e-07, 4.74202579426e-07, 1.26329575778e-06, 1.55671182256e-06, 3.87064892493e-06, 2.0071461222e-06, 6.72252440381e-07, 7.90370052073e-07, 9.8414595584e-08, 9.7110710584e-09, 9.17078968321e-10], "mean": [0.000368439039448, 0.00308991130441, 0.000890319992322, 0.000646449625492, 0.000645386637188, 9.96368908091e-05, 5.13175109518e-05, 4.33415843872e-05, 6.66599080432e-05, 8.73930475791e-05, 0.000280632317299, 0.00100486178417, 0.000950991408899, 0.000501535716467, 0.000225491065066, 0.000206909971894, 0.000247763091465, 0.000271182943834, 0.000497270200867, 0.000582899723668, 0.00080911105033, 0.000598585756961, 0.000359387253411, 0.000348231231328, 0.000150955485879, 2.45449427894e-05, 6.45878571959e-06], "dmean2": [0.000529329467099, 0.00361041212454, 0.00153667386621, 0.00138556584716, 0.00143704423681, 0.000156553796842, 8.37143452372e-05, 5.84098561376e-05, 7.30937535991e-05, 0.00014852960885, 0.000453668530099, 0.00145247438923, 0.00161201076116, 0.000786794349551, 0.000367418484529, 0.000315990735544, 0.000398285541451, 0.000413282279624, 0.000700470700394, 0.000831242883578, 0.00119892379735, 0.000774495303631, 0.000510633166414, 0.000524532515556, 0.000201321745408, 4.06748695241e-05, 1.20418962979e-05], "dvar": [1.35325842621e-06, 0.000167785998201, 2.75160819001e-05, 1.24950602185e-05, 1.65061919688e-05, 1.4968416906e-07, 4.50028849741e-08, 1.11091367216e-08, 2.30149446168e-08, 7.63361853728e-08, 7.16946090051e-07, 9.5021478046e-06, 6.13098700342e-06, 1.37915822052e-06, 4.18731190166e-07, 2.57319385355e-07, 3.87076909192e-07, 3.83005954063e-07, 9.07934747829e-07, 1.1820883401e-06, 3.42607518178e-06, 1.40729173381e-06, 5.14790656325e-07, 7.37652499083e-07, 7.09759859774e-08, 1.28715971215e-08, 1.26373034259e-09], "dmean": [0.000316964928061, 0.00236280076206, 0.000918889010791, 0.0007712864317, 0.000821159919724, 9.361076809e-05, 4.96335887874e-05, 3.41280319844e-05, 4.53865395684e-05, 9.18254881981e-05, 0.000280768261291, 0.000903980340809, 0.000994870788418, 0.000498194014654, 0.000224846429774, 0.000198395558982, 0.000244282040512, 0.000252415542491, 0.000434500281699, 0.000521231733728, 0.000795699423179, 0.000533383048605, 0.000334552751156, 0.000344485801179, 0.000136406117235, 2.54285023402e-05, 7.01525823388e-06], "max": [0.0467615053058, 0.342230588198, 0.155016228557, 0.0509478151798, 0.0477719195187, 0.0109047116712, 0.00445296289399, 0.0022690705955, 0.00279910303652, 0.00613945256919, 0.0161177888513, 0.0535419359803, 0.0378364361823, 0.017277976498, 0.0155667047948, 0.00963905267417, 0.0139269297943, 0.0127225350589, 0.0164658948779, 0.0135776549578, 0.0161288883537, 0.0109262857586, 0.00814782362431, 0.0136795043945, 0.00269531854428, 0.00287068868056, 0.00110312027391], "min": [3.07332596166e-24, 2.08808531272e-23, 2.1673306505e-23, 5.46172147022e-24, 1.72220704949e-23, 3.48445162981e-23, 2.45015605991e-23, 2.10256769454e-23, 2.56828719161e-23, 4.31519757811e-23, 3.23527034915e-23, 4.41406172883e-23, 5.82914124655e-23, 3.61872396004e-23, 1.17742879602e-22, 8.79756172402e-23, 1.40264189492e-22, 1.22786048436e-22, 2.19972033264e-22, 2.33430606152e-22, 3.94050360494e-22, 4.59979820855e-22, 4.36102200323e-22, 7.36009092594e-22, 9.71835942631e-22, 1.67728983966e-21, 2.17767938224e-21], "median": [3.80553974537e-05, 7.88687175373e-05, 6.39333593426e-05, 4.03380981879e-05, 6.77704520058e-05, 2.4171120458e-05, 1.22391284094e-05, 1.36242415465e-05, 1.41729433381e-05, 1.37027791425e-05, 1.64987322933e-05, 9.03599648154e-05, 5.88026086916e-05, 2.66134848061e-05, 1.51514732352e-05, 1.766040441e-05, 2.63712136075e-05, 3.80161727662e-05, 7.68360696384e-05, 7.65150325606e-05, 5.97010002821e-05, 4.74861444673e-05, 4.09947933804e-05, 3.39675098076e-05, 2.60488486674e-05, 3.08747758027e-06, 2.75610602785e-07], "dvar2": [3.14207886731e-06, 0.000321305211401, 6.38760247966e-05, 3.51632770617e-05, 4.45250734629e-05, 4.01756892643e-07, 1.1749533968e-07, 2.96191444704e-08, 4.99245373931e-08, 1.79398625733e-07, 1.66403151525e-06, 2.29315537581e-05, 1.43938377732e-05, 3.2015693705e-06, 1.05085075575e-06, 6.39891197807e-07, 9.35178206873e-07, 9.93423554974e-07, 2.22212588596e-06, 2.93010634778e-06, 7.65375079936e-06, 2.51860274147e-06, 9.89485329228e-07, 1.61348907568e-06, 1.32313317636e-07, 3.30642464519e-08, 3.35039729293e-09]}, "spectral_energyband_low": {"var": 0.000474514439702, "mean": 0.00463344017044, "dmean2": 0.00524082314223, "dvar": 0.000228174685617, "dmean": 0.00341268745251, "max": 0.355834633112, "min": 6.78047341945e-23, "median": 0.000255567429122, "dvar2": 0.000455518660601}, "erbbands_spread": {"var": 505.552001953, "mean": 37.94739151, "dmean2": 19.4520454407, "dvar": 200.651306152, "dmean": 11.9536085129, "max": 127.830947876, "min": 1.52849853039, "median": 31.6147079468, "dvar2": 479.927581787}, "average_loudness": 0.623560845852, "spectral_energyband_middle_high": {"var": 6.44032552373e-05, "mean": 0.00455450639129, "dmean2": 0.0055509894155, "dvar": 4.34352441516e-05, "dmean": 0.00355397164822, "max": 0.0725270211697, "min": 1.52060393901e-21, "median": 0.00100112659857, "dvar2": 0.000103620011942}, "barkbands_flatness_db": {"var": 0.00407587643713, "mean": 0.135815486312, "dmean2": 0.0587138384581, "dvar": 0.00161513162311, "dmean": 0.0365534089506, "max": 0.512465715408, "min": 0.028731007129, "median": 0.119587108493, "dvar2": 0.00370621308684}, "spectral_entropy": {"var": 0.313153296709, "mean": 7.82068109512, "dmean2": 0.448268532753, "dvar": 0.105920702219, "dmean": 0.284767657518, "max": 9.81160831451, "min": 4.92647838593, "median": 7.88078975677, "dvar2": 0.203849703074}, "melbands_skewness": {"var": 6.582426548, "mean": 2.40325069427, "dmean2": 2.08488440514, "dvar": 2.98868846893, "dmean": 1.31117653847, "max": 25.0234355927, "min": -3.63487291336, "median": 1.71044313908, "dvar2": 7.20105028152}, "spectral_contrast_coeffs": {"var": [0.0077044051140