{"tonal": {"chords_key": "E", "hpcp_entropy": {"dmean": 0.739087939262, "dmean2": 1.23287880421, "max": 4.66736221313, "dvar": 0.343447178602, "mean": 2.17995715141, "dvar2": 0.913171768188, "min": 0, "var": 0.664136111736, "median": 2.08481264114}, "key_key": "C#", "chords_strength": {"dmean": 0.0145652377978, "dmean2": 0.0184420160949, "max": 0.754623949528, "dvar": 0.000144858000567, "mean": 0.52219504118, "dvar2": 0.000239397457335, "min": 0.245385617018, "var": 0.00635631335899, "median": 0.523449599743}, "key_scale": "minor", "chords_number_rate": 0.00163220893592, "thpcp": [1, 0.894252121449, 0.518335103989, 0.347117245197, 0.277453035116, 0.244148895144, 0.213109984994, 0.19238358736, 0.208571121097, 0.218373462558, 0.208301335573, 0.211848348379, 0.237194269896, 0.28231793642, 0.274375617504, 0.22046661377, 0.18571460247, 0.176308646798, 0.200395315886, 0.211083590984, 0.176513895392, 0.146488934755, 0.132154151797, 0.11192574352, 0.114206410944, 0.149867013097, 0.156292915344, 0.13555765152, 0.12671135366, 0.116051994264, 0.129941880703, 0.159786313772, 0.153950020671, 0.173327922821, 0.283665925264, 0.605583846569], "key_strength": 0.603077709675, "tuning_nontempered_energy_ratio": 0.854449152946, "tuning_frequency": 448.208557129, "chords_changes_rate": 0.107997827232, "tuning_diatonic_strength": 0.565503180027, "chords_scale": "major", "chords_histogram": [17.464635849, 24.4559307098, 5.7671380043, 0, 0.0544069632888, 0, 0, 9.35799789429, 15.5331878662, 23.0685520172, 0, 0, 0.272034823895, 0.924918413162, 0.353645265102, 0, 0.680087029934, 0.380848735571, 0.788900971413, 0.707290530205, 0, 0, 0, 0.190424367785], "tuning_equal_tempered_deviation": 0.283002406359, "hpcp": {"dmean": [0.197182163596, 0.14877577126, 0.125200882554, 0.110136173666, 0.105224020779, 0.115421839058, 0.114092476666, 0.111475683749, 0.117597520351, 0.128232136369, 0.12709762156, 0.123925916851, 0.117894522846, 0.105076447129, 0.0989053249359, 0.113584257662, 0.116595946252, 0.100480034947, 0.0838925391436, 0.0772983878851, 0.0679273977876, 0.0675097107887, 0.0870663449168, 0.085281021893, 0.0685085430741, 0.0674255043268, 0.0622260607779, 0.0680564567447, 0.0836226865649, 0.0848345607519, 0.107335247099, 0.174751281738, 0.261211484671, 0.27742049098, 0.307253479958, 0.261647671461], "dmean2": [0.357170194387, 0.267302244902, 0.223081633449, 0.197458818555, 0.189161837101, 0.203237637877, 0.19840696454, 0.197756513953, 0.211286962032, 0.23084205389, 0.225533545017, 0.214579954743, 0.208189845085, 0.190937757492, 0.179974466562, 0.206587046385, 0.20932123065, 0.180844947696, 0.152542322874, 0.141615048051, 0.1240914464, 0.123574353755, 0.157464385033, 0.15209107101, 0.121025927365, 0.120548635721, 0.110280044377, 0.120247893035, 0.14866104722, 0.154072165489, 0.199982941151, 0.324593663216, 0.461350679398, 0.489754676819, 0.530398070812, 0.469813734293], "max": [1, 1, 1, 1, 1, 1, 1, 1, 1, 1, 1, 1, 1, 1, 1, 1, 1, 1, 1, 1, 1, 1, 1, 1, 1, 1, 1, 1, 1, 1, 1, 1, 1, 1, 1, 1], "dvar": [0.0745005011559, 0.0559700652957, 0.0451390631497, 0.043736577034, 0.0412842445076, 0.0461463630199, 0.0447527840734, 0.0414026491344, 0.0449752695858, 0.0483532845974, 0.0528283342719, 0.0491877906024, 0.0453726910055, 0.0417161807418, 0.0364727526903, 0.0416134037077, 0.0434658415616, 0.0355038903654, 0.0292351841927, 0.0283544361591, 0.0240716505796, 0.0218032859266, 0.0303430762142, 0.0268140733242, 0.0210369657725, 0.0229135602713, 0.0201421957463, 0.0224781855941, 0.0320423804224, 0.0304288379848, 0.0393180251122, 0.0722609013319, 0.0802812203765, 0.0940728485584, 0.0845640003681, 0.0886024162173], "mean": [0.158208176494, 0.126456812024, 0.111277535558, 0.0971307009459, 0.0876840800047, 0.0950619950891, 0.0995296761394, 0.0949390307069, 0.0965556800365, 0.10810777545, 0.128674119711, 0.125054195523, 0.100483685732, 0.084644511342, 0.0803574845195, 0.0913356468081, 0.0962071195245, 0.0804510340095, 0.0667663365602, 0.0602328702807, 0.0510132201016, 0.0520526953042, 0.06830599159, 0.0712347701192, 0.0617841035128, 0.0577521659434, 0.0528938695788, 0.0592245683074, 0.0728269815445, 0.0701669305563, 0.0789989382029, 0.129288509488, 0.276011407375, 0.455777347088, 0.407579869032, 0.236245408654], "dvar2": [0.198207706213, 0.149493083358, 0.120497196913, 0.116973467171, 0.114972606301, 0.124437600374, 0.115839928389, 0.111498184502, 0.120793834329, 0.129507735372, 0.128865018487, 0.11055201292, 0.117819361389, 0.10980245471, 0.0985554903746, 0.113829553127, 0.11715388298, 0.0975098013878, 0.0797652974725, 0.0792078599334, 0.0681960955262, 0.0605825148523, 0.0841281339526, 0.0719297155738, 0.0571855977178, 0.0646050646901, 0.0560085698962, 0.0605481080711, 0.0853288173676, 0.0824974328279, 0.112051606178, 0.198797762394, 0.207113400102, 0.224697038531, 0.207577064633, 0.223767459393], "min": [0, 0, 0, 0, 0, 0, 0, 0, 0, 0, 0, 0, 0, 0, 0, 0, 0, 0, 0, 0, 0, 0, 0, 0, 0, 0, 0, 0, 0, 0, 0, 0, 0, 0, 0, 0], "var": [0.0661091580987, 0.0494520924985, 0.0434386208653, 0.0421444885433, 0.0355419330299, 0.0413245856762, 0.0437571965158, 0.0374470874667, 0.0392820164561, 0.0446185022593, 0.063302449882, 0.0607765763998, 0.042209867388, 0.0359770916402, 0.0301153231412, 0.0356607437134, 0.0381701104343, 0.0282646045089, 0.0242670699954, 0.0222941916436, 0.0171219427139, 0.0161963589489, 0.0228399690241, 0.0228650085628, 0.0199285671115, 0.0198806934059, 0.0171081293374, 0.0201978776604, 0.0312190111727, 0.0265951324254, 0.0291930101812, 0.0573874227703, 0.0967890322208, 0.165631279349, 0.133381381631, 0.0974600166082], "median": [0.0379356592894, 0.0254856571555, 0.0201867930591, 0.0126034803689, 0.00918910186738, 0.00830621831119, 0.00927603803575, 0.0105380117893, 0.0117323091254, 0.014774993062, 0.0143620688468, 0.0148950377479, 0.0129480138421, 0.0103601571172, 0.0109406374395, 0.0140557000414, 0.0158825032413, 0.0145749282092, 0.00957438349724, 0.00765295419842, 0.00618375604972, 0.00801212899387, 0.0102147813886, 0.0120891937986, 0.0107777900994, 0.00726271979511, 0.00589439366013, 0.00596205657348, 0.00720376241952, 0.0081769451499, 0.0112751843408, 0.0252549871802, 0.143417537212, 0.356579571962, 0.323123425245, 0.0821609050035]}}, "lowlevel": {"melbands_flatness_db": {"dmean": 0.0462736263871, "dmean2": 0.0655549168587, "max": 0.689985632896, "dvar": 0.00194180267863, "mean": 0.273061960936, "dvar2": 0.00363880861551, "min": 0.00401938147843, "var": 0.0134924380109, "median": 0.278099894524}, "melbands_crest": {"dmean": 4.41066598892, "dmean2": 6.8996348381, "max": 39.7493362427, "dvar": 15.3030576706, "mean": 19.9515914917, "dvar2": 34.9741210938, "min": 1.58826971054, "var": 51.0941238403, "median": 19.248046875}, "spectral_entropy": {"dmean": 0.258479267359, "dmean2": 0.369750231504, "max": 9.81551551819, "dvar": 0.0685884356499, "mean": 7.39636564255, "dvar2": 0.137323439121, "min": 4.74875068665, "var": 0.343703359365, "median": 7.43029594421}, "melbands": {"dmean": [0.00362194166519, 0.00349141820334, 0.00157121056691, 0.000410996988649, 0.000164298151503, 9.35898933676e-05, 0.000233610000578, 0.000326891924487, 0.000252319470746, 0.000170320476172, 8.07299875305e-05, 4.81601600768e-05, 3.92678193748e-05, 2.89491745207e-05, 3.04347086058e-05, 3.48545108864e-05, 2.38773664023e-05, 2.59463904513e-05, 2.83492336166e-05, 2.53065190918e-05, 1.84547952813e-05, 1.6428399249e-05, 1.1676154827e-05, 1.08554686449e-05, 8.29873806651e-06, 5.53045811102e-06, 5.3810663303e-06, 3.37386404681e-06, 2.2957881356e-06, 2.19410139835e-06, 2.50294192483e-06, 2.27894065574e-06, 1.98839984478e-06, 1.76559490228e-06, 2.65325252258e-06, 1.73773150891e-06, 1.24020164094e-06, 1.06376330677e-06, 9.12046573376e-07, 6.75512012549e-07], "dmean2": [0.00549410283566, 0.005972111132, 0.00266907806508, 0.000711482716724, 0.000275155092822, 0.000149574378156, 0.000366803957149, 0.000515446416102, 0.000400945165893, 0.000263181951595, 0.000121941593534, 7.41336334613e-05, 6.33028103039e-05, 4.46860904049e-05, 4.84962511109e-05, 5.67964161746e-05, 3.71413843823e-05, 4.0658582293e-05, 4.34917092207e-05, 3.69717927242e-05, 2.95782829198e-05, 2.63108231593e-05, 1.81667346624e-05, 1.68447495525e-05, 1.27835701278e-05, 8.62543129188e-06, 8.25701681606e-06, 5.19067316418e-06, 3.58827037417e-06, 3.14218618769e-06, 3.67588836525e-06, 3.40239989782e-06, 2.79235086964e-06, 2.52688414548e-06, 4.0077770791e-06, 2.46901754508e-06, 1.87933676443e-06, 1.57213310104e-06, 1.31966817207e-06, 9.79177457339e-07], "max": [0.0593654587865, 0.0562340840697, 0.0401601083577, 0.012360394001, 0.00842019449919, 0.00602771667764, 0.00901127420366, 0.00863934960216, 0.00913716573268, 0.00723260594532, 0.00613674428314, 0.00482626305893, 0.0022012272384, 0.00200242944993, 0.00199204613455, 0.00138478155714, 0.00106057990342, 0.000865138019435, 0.000719512056094, 0.000870261865202, 0.000882049615029, 0.000723818084225, 0.000523924943991, 0.000518762157299, 0.000391006295104, 0.000267339579295, 0.000220980189624, 0.000125930906506, 9.71131230472e-05, 0.000100677840237, 0.000114339425636, 0.000117165312986, 8.82327803993e-05, 6.51068912703e-05, 8.86083362275e-05, 4.21137192461e-05, 3.87704676541e-05, 7.86991513451e-05, 0.000103671394754, 8.64403264131e-05], "dvar": [3.61930324289e-05, 4.91091450385e-05, 1.32504637804e-05, 8.14382985936e-07, 1.810003738e-07, 4.33057429916e-08, 2.43128283728e-07, 4.8072070058e-07, 4.06557205679e-07, 1.69776328107e-07, 7.01093867406e-08, 2.34943939859e-08, 1.08088009654e-08, 7.1557044734e-09, 5.54382140194e-09, 5.86218051879e-09, 2.94828206293e-09, 2.95232593928e-09, 3.13818193654e-09, 4.18423473647e-09, 1.88074200658e-09, 1.89496951464e-09, 8.93287110948e-10, 6.91047441492e-10, 4.30949526065e-10, 2.20152174268e-10, 1.82858422848e-10, 7.26913182425e-11, 3.43798114977e-11, 3.02194796964e-11, 3.69538982747e-11, 2.94525549782e-11, 1.90907810393e-11, 1.45089053619e-11, 2.86061764554e-11, 1.18252803383e-11, 6.58485809282e-12, 6.23120348722e-12, 7.46909565447e-12, 3.40221557524e-12], "mean": [0.0064302822575, 0.00421868870035, 0.00170351949055, 0.000418023875682, 0.000169123668456, 0.000100295575976, 0.000268166564638, 0.00035250664223, 0.000261307432083, 0.000188864418305, 9.60604156717e-05, 5.524403241e-05, 4.32258639194e-05, 3.43112587871e-05, 3.50985719706e-05, 4.10029097111e-05, 3.19359969581e-05, 3.61091879313e-05, 4.30692416558e-05, 3.95765709982e-05, 2.58270156337e-05, 2.24137420446e-05, 1.62153264682e-05, 1.55942161655e-05, 1.27232115119e-05, 8.84423116077e-06, 8.20193781692e-06, 5.23681546838e-06, 3.72850286112e-06, 3.62068954018e-06, 3.78645904675e-06, 3.48315393239e-06, 3.05380831378e-06, 2.73541627394e-06, 3.50272398464e-06, 2.2590061235e-06, 1.62189849107e-06, 1.32018226395e-06, 1.15160912628e-06, 9.29456916765e-07], "dvar2": [8.61645312398e-05, 0.000132007844513, 3.51160306309e-05, 2.20784772864e-06, 4.84640906961e-07, 9.75922347379e-08, 5.42091015632e-07, 1.07209359612e-06, 9.42226677125e-07, 3.64262319863e-07, 1.5118403951e-07, 5.0658950812e-08, 2.5811482729e-08, 1.57302739723e-08, 1.31726656249e-08, 1.4693155137e-08, 6.85003387346e-09, 7.12790981794e-09, 7.36280814095e-09, 1.0081444124e-08, 4.92713692068e-09, 4.85406737027e-09, 2.13213402489e-09, 1.71437264385e-09, 9.96203897152e-10, 5.45073597369e-10, 4.1543871121e-10, 1.68428423986e-10, 7.97593241453e-11, 6.50161591231e-11, 8.21347087565e-11, 6.86848355969e-11, 3.71375812047e-11, 2.9567646942e-11, 6.28355770194e-11, 2.47752564991e-11, 1.53809152914e-11, 1.37947734832e-11, 1.38471551933e-11, 6.62617400185e-12], "min": [9.05459832381e-24, 1.85059155857e-24, 4.8055812847e-24, 5.77319807105e-24, 3.10870282339e-24, 4.4925352451e-24, 1.82046732718e-24, 5.09157176184e-24, 3.99167799005e-24, 2.22819777744e-24, 7.66236216687e-24, 4.33267258266e-24, 5.0733707686e-24, 5.41944917532e-24, 5.48880819269e-24, 6.43993541953e-24, 4.79927749721e-24, 5.45715475444e-24, 4.61760914162e-24, 7.46646670486e-24, 7.1024799723e-24, 7.984025723e-24, 9.01986004499e-24, 5.52731919879e-24, 7.42069857286e-24, 1.31496028929e-23, 7.59346699971e-24, 4.76338669261e-24, 5.20442975281e-24, 4.6440430817e-24, 6.49737632635e-24, 8.60987088874e-24, 6.15907490486e-24, 7.5274724741e-24, 6.73507352772e-24, 6.1859513959e-24, 7.8543851107e-24, 6.59669864748e-24, 8.48456270053e-24, 7.63739156378e-24], "var": [8.61594235175e-05, 4.98869885632e-05, 1.14354616016e-05, 6.76035199376e-07, 1.52321703695e-07, 5.87371324912e-08, 3.41678912719e-07, 6.42493716896e-07, 5.07722802467e-07, 2.38906949335e-07, 1.11767505473e-07, 3.18438324598e-08, 1.43314453638e-08, 1.02215524933e-08, 7.05918701271e-09, 7.89010101698e-09, 4.68380667584e-09, 5.40447686603e-09, 7.40942995847e-09, 8.04939315202e-09, 2.98205171667e-09, 2.47900189265e-09, 1.3772478713e-09, 1.21144461129e-09, 9.37002475609e-10, 4.00588923144e-10, 3.80585729598e-10, 1.4091129652e-10, 7.24158372156e-11, 6.77924730241e-11, 6.96707899706e-11, 5.3518960097e-11, 4.39350882064e-11, 3.28201771316e-11, 4.82759041076e-11, 2.01500066632e-11, 1.123487154e-11, 9.73956505723e-12, 1.290868714e-11, 6.09254703979e-12], "median": [0.00277221389115, 0.00107578723691, 0.000227969299885, 0.000146039994434, 5.48798197997e-05, 2.45656556217e-05, 5.56796658202e-05, 5.06794494868e-05, 2.24577197514e-05, 2.17928391066e-05, 9.87044040812e-06, 8.31549732538e-06, 5.35847811989e-06, 5.19383047504e-06, 5.52142273591e-06, 6.16117995378e-06, 5.17137323186e-06, 6.14184727965e-06, 5.92885908191e-06, 3.60920921594e-06, 3.41346299138e-06, 3.53638642991e-06, 3.10504719891e-06, 2.22503058467e-06, 1.63118261298e-06, 1.34652361794e-06, 1.04393916445e-06, 8.35980358715e-07, 5.54168821054e-07, 6.03327578119e-07, 6.96767699537e-07, 7.01749968357e-07, 5.48837249426e-07, 5.15128647294e-07, 6.17554860582e-07, 3.8059573626e-07, 2.49289371368e-07, 2.26503473755e-07, 1.92677163113e-07, 1.4053765085e-07]}, "silence_rate_60dB": {"dmean": 0.0250374209136, "dmean2": 0.0500816553831, "max": 1, "dvar": 0.0244093500078, "mean": 0.0691156461835, "dvar2": 0.0551909394562, "min": 0, "var": 0.0643447861075, "median": 0}, "spectral_energyband_middle_high": {"dmean": 0.00184105406515, "dmean2": 0.00250172778033, "max": 0.0559595935047, "dvar": 9.32276088861e-06, "mean": 0.0038730839733, "dvar2": 1.73473817995e-05, "min": 1.43129377738e-21, "var": 3.53571667802e-05, "median": 0.00126261101104}, "erbbands_skewness": {"dmean": 0.664269983768, "dmean2": 0.983705222607, "max": 7.68633937836, "dvar": 0.422584533691, "mean": 0.454223304987, "dvar2": 0.892048597336, "min": -6.36726236343, "var": 1.46481585503, "median": 0.42705437541}, "dynamic_complexity": 3.57923460007, "dissonance": {"dmean": 0.0282124727964, "dmean2": 0.0444903746247, "max": 0.500000119209, "dvar": 0.00108820246533, "mean": 0.44860047102, "dvar2": 0.00256179319695, "min": 0.102890893817, "var": 0.00283325091004, "median": 0.467020392418}, "spectral_skewness": {"dmean": 0.309727042913, "dmean2": 0.459852457047, "max": 6.1624250412, "dvar": 0.0964489877224, "mean": 1.43283164501, "dvar2": 0.204749390483, "min": -0.887159764767, "var": 0.399165660143, "median": 1.36855435371}, "spectral_kurtosis": {"dmean": 2.03224802017, "dmean2": 3.22257304192, "max": 54.9170761108, "dvar": 6.38838529587, "mean": 3.69866585732, "dvar2": 15.590057373, "min": -1.49769842625, "var": 14.3821516037, "median": 2.79339551926}, "gfcc": {"cov": [[12450.8261719, 533.375549316, -1085.61669922, -135.449829102, -383.619140625, 168.725799561, -388.995147705, 180.05355835, -77.5345611572, 49.4926490784, -196.512588501, -104.037918091, -103.95892334], [533.375549316, 1771.48364258, 621.837524414, -269.614044189, 235.855102539, -247.04083252, 208.482437134, -159.134109497, 124.718948364, -206.871994019, 48.9679679871, -178.764831543, -58.8455963135], [-1085.61669922, 621.837524414, 1925.08312988, 396.59765625, 83.9128112793, 112.147895813, 22.8548336029, -84.529800415, -11.0818052292, -166.694747925, -23.8082256317, -142.683456421, -89.5855331421], [-135.449829102, -269.614044189, 396.59765625, 682.182556152, 220.880950928, 0.127297863364, -62.1016540527, -55.3360557556, -26.8729858398, -53.9512634277, -35.3006591797, -20.2435131073, -14.0052366257], [-383.619140625, 235.855102539, 83.9128112793, 220.880950928, 529.475585938, -3.30983090401, 98.7900543213, -18.264547348, 82.8374176025, -41.4234237671, 11.8200464249, -54.7812423706, 17.6525859833], [168.725799561, -247.04083252, 112.147895813, 0.127297863364, -3.30983090401, 328.000366211, 75.0456771851, 53.7577056885, -41.0937652588, 38.9623336792, -19.9015865326, 3.52957487106, 0.498296678066], [-388.995147705, 208.482437134, 22.8548336029, -62.1016540527, 98.7900543213, 75.0456771851, 382.511474609, 17.5746574402, 36.8027648926, -23.9976711273, 49.4189033508, -7.34137916565, -1.88968253136], [180.05355835, -159.134109497, -84.529800415, -55.3360557556, -18.264547348, 53.7577056885, 17.5746574402, 202.333297729, 84.8606643677, 64.0377731323, 14.9900054932, 28.6245155334, 26.4278640747], [-77.5345611572, 124.718948364, -11.0818052292, -26.8729858398, 82.8374176025, -41.0937652588, 36.8027648926, 84.8606643677, 222.585021973, 71.5645446777, 29.8575382233, -0.0670384541154, 21.4453525543], [49.4926490784, -206.871994019, -166.694747925, -53.9512634277, -41.4234237671, 38.9623336792, -23.9976711273, 64.0377731323, 71.5645446777, 184.683166504, 55.3841552734, 35.1175117493, 29.1070156097], [-196.512588501, 48.9679679871, -23.8082256317, -35.3006591797, 11.8200464249, -19.9015865326, 49.4189033508, 14.9900054932, 29.8575382233, 55.3841552734, 118.645187378, 55.557636261, 14.4557065964], [-104.037918091, -178.764831543, -142.683456421, -20.2435131073, -54.7812423706, 3.52957487106, -7.34137916565, 28.6245155334, -0.0670384541154, 35.1175117493, 55.557636261, 137.298248291, 54.1072311401], [-103.95892334, -58.8455963135, -89.5855331421, -14.0052366257, 17.6525859833, 0.498296678066, -1.88968253136, 26.4278640747, 21.4453525543, 29.1070156097, 14.4557065964, 54.1072311401, 92.0196685791]], "mean": [-61.9756813049, 112.532752991, -120.793029785, 66.8995285034, -61.0716705322, 33.3693504333, -29.3176593781, 12.9540977478, 6.21501541138, -7.10824298859, 6.36392593384, -17.5201358795, 4.97502279282], "icov": [[0.000153468718054, -0.000415541697294, 0.000277470157016, -0.000384285842301, 0.000270154589089, -0.000407641316997, 0.000256166298641, -0.000383011152735, 0.000190894497791, -0.000235478335526, 0.0003135050938, -0.000147170678247, 0.000252214667853], [-0.000415541697294, 0.00304963625968, -0.0014130914351, 0.00252300151624, -0.00140793190803, 0.00219338410534, -0.00109181855805, 0.00220945500769, -0.00169505667873, 0.00245078885928, -0.0024222289212, 0.00226335553452, -0.00124022969976], [0.000277470157016, -0.0014130914351, 0.00154165050481, -0.00173017801717, 0.00110713252798, -0.00174863240682, 0.000774090352934, -0.00087500771042, 0.000154251712956, 7.02695324435e-05, -1.00543566077e-05, 0.000202971219551, 0.00053569074953], [-0.000384285842301, 0.00252300151624, -0.00173017801717, 0.00433564512059, -0.00244518741965, 0.00216762674972, -0.000580861931667, 0.00196802685969, -0.000753946194891, 0.00135838577989, -0.000751610728912, 0.000466530123958, -0.000375264789909], [0.000270154589089, -0.00140793190803, 0.00110713252798, -0.00244518741965, 0.00389392673969, -0.00173126882873, 0.000184810778592, -0.000561069813557, -0.000907304056454, 0.000575198675506, -0.000769047706854, 0.00152694922872, -0.00120966311079], [-0.000407641316997, 0.00219338410534, -0.00174863240682, 0.00216762674972, -0.00173126882873, 0.00637611187994, -0.0023201382719, 0.000134186862851, 0.00122397881933, -0.00125320930965, 0.00122582097538, -1.81191280717e-05, -0.00028970578569], [0.000256166298641, -0.00109181855805, 0.000774090352934, -0.000580861931667, 0.000184810778592, -0.0023201382719, 0.00412072427571, -0.00081735936692, -0.000362891936675, 0.00114921038039, -0.00179399328772, 0.000297129736282, 0.000381056976039], [-0.000383011152735, 0.00220945500769, -0.00087500771042, 0.00196802685969, -0.000561069813557, 0.000134186862851, -0.00081735936692, 0.00874832179397, -0.00418042531237, 0.00125579617452, -0.00154232117347, 0.000828390824609, -0.0016622642288], [0.000190894497791, -0.00169505667873, 0.000154251712956, -0.000753946194891, -0.000907304056454, 0.00122397881933, -0.000362891936675, -0.00418042531237, 0.00888512283564, -0.00510891992599, 0.00258479244076, -0.00150745629799, 0.000553344027139], [-0.000235478335526, 0.00245078885928, 7.02695324435e-05, 0.00135838577989, 0.000575198675506, -0.00125320930965, 0.00114921038039, 0.00125579617452, -0.00510891992599, 0.0129119912162, -0.00845237728208, 0.00472724763677, -0.00320961885154], [0.0003135050938, -0.0024222289212, -1.00543566077e-05, -0.000751610728912, -0.000769047706854, 0.00122582097538, -0.00179399328772, -0.00154232117347, 0.00258479244076, -0.00845237728208, 0.0184805952013, -0.0101956641302, 0.00439104763791], [-0.000147170678247, 0.00226335553452, 0.000202971219551, 0.000466530123958, 0.00152694922872, -1.81191280717e-05, 0.000297129736282, 0.000828390824609, -0.00150745629799, 0.00472724763677, -0.0101956641302, 0.0171590019017, -0.00860663224012], [0.000252214667853, -0.00124022969976, 0.00053569074953, -0.000375264789909, -0.00120966311079, -0.00028970578569, 0.000381056976039, -0.0016622642288, 0.000553344027139, -0.00320961885154, 0.00439104763791, -0.00860663224012, 0.0167994704098]]}, "spectral_complexity": {"dmean": 4.11402893066, "dmean2": 5.46352767944, "max": 62, "dvar": 32.3026275635, "mean": 13.4461221695, "dvar2": 48.5744171143, "min": 0, "var": 182.298110962, "median": 9}, "spectral_flux": {"dmean": 0.042861815542, "dmean2": 0.0655086785555, "max": 0.394738763571, "dvar": 0.00211928109638, "mean": 0.111676603556, "dvar2": 0.00423743994907, "min": 6.85490553209e-11, "var": 0.00516607426107, "median": 0.0990055352449}, "spectral_energyband_low": {"dmean": 0.0177013874054, "dmean2": 0.0287885386497, "max": 0.226483494043, "dvar": 0.000792691367678, "mean": 0.030496256426, "dvar2": 0.00213654595427, "min": 4.4233936378e-23, "var": 0.00149329961278, "median": 0.0122848423198}, "spectral_decrease": {"dmean": 5.49215650736e-09, "dmean2": 8.5904838798e-09, "max": 1.12878332743e-28, "dvar": 5.33712449128e-17, "mean": -1.08956337286e-08, "dvar2": 1.37434947045e-16, "min": -6.41927613287e-08, "var": 1.13903630616e-16, "median": -7.16263315326e-09}, "barkbands_spread": {"dmean": 7.44697093964, "dmean2": 11.2230672836, "max": 120.829032898, "dvar": 95.74659729, "mean": 18.7447319031, "dvar2": 196.207839966, "min": 0.0943015441298, "var": 323.325134277, "median": 12.2607498169}, "spectral_rms": {"dmean": 0.00148871308193, "dmean2": 0.00219744560309, "max": 0.015436321497, "dvar": 2.50887410402e-06, "mean": 0.00570698594674, "dvar2": 5.5224722928e-06, "min": 3.17317201161e-12, "var": 9.1374558906e-06, "median": 0.00531063647941}, "spectral_centroid": {"dmean": 347.139465332, "dmean2": 508.980529785, "max": 11539.2578125, "dvar": 202649.1875, "mean": 1292.37036133, "dvar2": 373120.21875, "min": 86.4756240845, "var": 987444.1875, "median": 938.340942383}, "barkbands_skewness": {"dmean": 1.5911962986, "dmean2": 2.35552000999, "max": 30.9904174805, "dvar": 4.15267276764, "mean": 3.1281182766, "dvar2": 8.3282623291, "min": -10.7620019913, "var": 12.7157640457, "median": 2.19424510002}, "spectral_rolloff": {"dmean": 481.216064453, "dmean2": 789.95513916, "max": 19250.6835938, "dvar": 960962.5625, "mean": 1168.20666504, "dvar2": 2039933.125, "min": 21.533203125, "var": 2750446, "median": 495.263671875}, "erbbands_spread": {"dmean": 15.6830320358, "dmean2": 23.3893356323, "max": 194.836349487, "dvar": 315.812255859, "mean": 43.1683387756, "dvar2": 650.16015625, "min": 2.07137441635, "var": 859.662719727, "median": 35.9801712036}, "barkbands": {"dmean": [0.000334133190336, 0.012617463246, 0.00693302741274, 0.003107116092, 0.00161490961909, 0.000462277239421, 0.00141034671105, 0.00147434207611, 0.00119580212049, 0.000432700937381, 0.000302804430248, 0.00025920078042, 0.000340858299751, 0.000275453727227, 0.000352258182829, 0.000315039826091, 0.000249682168942, 0.000253847538261, 0.000135215683258, 0.000118094096251, 8.67556009325e-05, 0.000103939681139, 0.000122625162476, 9.43675768212e-05, 4.37809976574e-05, 2.03963690382e-09, 2.15524065261e-09], "dmean2": [0.000466535799205, 0.0199447162449, 0.0119217941537, 0.00551445549354, 0.00277218408883, 0.000748425314669, 0.00222494639456, 0.00234031421132, 0.00186879804824, 0.000649071356747, 0.000496310996823, 0.00040354707744, 0.000559637905098, 0.000437682116171, 0.000550563505385, 0.000482531962916, 0.000394094240619, 0.000385199848097, 0.000207688834053, 0.000177803085535, 0.000122131285025, 0.000144624325912, 0.000176133049536, 0.000139291369123, 6.2757593696e-05, 3.83440657004e-09, 4.05206712628e-09], "max": [0.00914389174432, 0.195137247443, 0.132297456264, 0.091725833714, 0.0628679916263, 0.0253896247596, 0.0389004796743, 0.04039824754, 0.0409013032913, 0.0385290719569, 0.0176245924085, 0.0158739760518, 0.0109597528353, 0.0125722130761, 0.00838212203234, 0.00968221947551, 0.012603434734, 0.00872927717865, 0.00473912293091, 0.00434108823538, 0.00346508156508, 0.00446503655985, 0.00369475944899, 0.00383102614433, 0.00589656783268, 2.48594620444e-08, 2.65164352697e-08], "dvar": [3.16767625463e-07, 0.000433526176494, 0.000286984402919, 6.13472220721e-05, 1.24889556901e-05, 1.21775019579e-06, 8.49392472446e-06, 1.32642489916e-05, 7.9762776295e-06, 2.182186563e-06, 6.91407933573e-07, 5.00149610616e-07, 5.47873014511e-07, 3.80252743071e-07, 4.53175317716e-07, 5.92004653299e-07, 3.9433132315e-07, 3.58627715968e-07, 1.09786277847e-07, 8.58152802152e-08, 4.42029595149e-08, 5.39968638691e-08, 5.81681582901e-08, 3.77854085798e-08, 1.49577239483e-08, 8.46420750883e-18, 9.52689305922e-18], "mean": [0.000709344749339, 0.0211335103959, 0.00654277019203, 0.00305778789334, 0.0016745015746, 0.000486052595079, 0.00158157746773, 0.00150793348439, 0.00131585833151, 0.000503496266901, 0.000318058941048, 0.000302854052279, 0.000402013363782, 0.000356657896191, 0.000532799458597, 0.000493505445775, 0.000350459507899, 0.00037406408228, 0.000228969351156, 0.000193958330783, 0.000153380678967, 0.00016768417845, 0.000177104462637, 0.000124803525978, 6.06189969403e-05, 1.59956259349e-09, 1.68201308437e-09], "dvar2": [6.24970482477e-07, 0.00112678518053, 0.00075495976489, 0.000172801315784, 3.35580371029e-05, 2.89620174954e-06, 1.8916958652e-05, 2.94540950563e-05, 1.75863642653e-05, 4.63853120891e-06, 1.67051018707e-06, 1.12073780656e-06, 1.34991137202e-06, 9.1971708116e-07, 1.08318886305e-06, 1.44991463458e-06, 1.00103966361e-06, 8.37066863824e-07, 2.53654633298e-07, 1.95110786194e-07, 9.01315431179e-08, 1.0925620586e-07, 1.16629159663e-07, 8.212454361e-08, 2.79212297727e-08, 2.84535142206e-17, 3.20368374731e-17], "min": [1.52352895952e-23, 1.88786768181e-23, 1.61502654961e-24, 7.91396461943e-24, 2.07142078387e-23, 2.46763011782e-23, 1.18799265328e-23, 2.6957693227e-23, 1.50990690941e-23, 5.24784163618e-23, 2.65067330019e-23, 4.49294087738e-23, 5.72265070414e-23, 6.12093837103e-23, 4.86876588777e-23, 1.17170583103e-22, 1.30930210557e-22, 1.60137665665e-22, 3.12433801498e-22, 1.78966866705e-22, 2.48903891927e-22, 4.48771988036e-22, 4.19772375688e-22, 8.21947776313e-22, 9.18540146465e-22, 1.52051588951e-21, 2.25700208518e-21], "var": [1.0133072692e-06, 0.000897278019693, 0.000233922153711, 4.46920275863e-05, 1.06470215542e-05, 1.4184029169e-06, 1.17640029202e-05, 1.75707136805e-05, 1.09472721306e-05, 3.42552084476e-06, 8.32647742754e-07, 6.66480104883e-07, 7.62138938626e-07, 5.8671497527e-07, 1.06668449007e-06, 1.13399289603e-06, 5.57646899324e-07, 6.99635052115e-07, 2.46569470619e-07, 1.8782618838e-07, 1.12752516657e-07, 1.2192553811e-07, 1.17987326576e-07, 6.68330102371e-08, 2.74144618118e-08, 6.8827672178e-18, 7.74354128939e-18], "median": [0.000307298090775, 0.00869514793158, 0.000745493744034, 0.000262223533355, 0.000589015427977, 0.000116179420729, 0.000286397873424, 0.000111808811198, 0.000152092194185, 5.60275730095e-05, 3.61296333722e-05, 4.59671027784e-05, 5.87176800764e-05, 5.53509526071e-05, 8.043996786e-05, 5.31502773811e-05, 5.82330976613e-05, 5.60862536076e-05, 3.59192927135e-05, 2.97446167679e-05, 2.70485434157e-05, 3.31743212882e-05, 3.42774292221e-05, 2.10454782064e-05, 9.45603278524e-06, 5.6644816615e-10, 5.86173387607e-10]}, "melbands_kurtosis": {"dmean": 46.8474349976, "dmean2": 72.4390563965, "max": 1658.8125, "dvar": 8269.89648438, "mean": 65.7705154419, "dvar2": 17401.34375, "min": -1.89631974697, "var": 16323.9521484, "median": 16.4797878265}, "erbbands_crest": {"dmean": 3.95385861397, "dmean2": 6.445291996, "max": 31.9670982361, "dvar": 13.0666255951, "mean": 10.874162674, "dvar2": 31.5513057709, "min": 2.335678339, "var": 28.2841510773, "median": 9.59774684906}, "melbands_skewness": {"dmean": 2.01842021942, "dmean2": 2.98426413536, "max": 30.7215003967, "dvar": 5.83842515945, "mean": 4.65882873535, "dvar2": 11.3839244843, "min": -4.93514299393, "var": 18.2341480255, "median": 3.38964748383}, "spectral_energyband_middle_low": {"dmean": 0.00721163209528, "dmean2": 0.0116410283372, "max": 0.112828098238, "dvar": 0.000123424397316, "mean": 0.00981410220265, "dvar2": 0.00031865562778, "min": 1.87481629368e-22, "var": 0.000138403949677, "median": 0.00628568185493}, "spectral_contrast_coeffs": {"dmean": [0.0597980134189, 0.071139536798, 0.0519879162312, 0.0409089773893, 0.0311092063785, 0.0264695771039], "dmean2": [0.0964120551944, 0.108833305538, 0.0786464214325, 0.0626376643777, 0.0475644916296, 0.0393494665623], "max": [-0.30845913291, -0.336513847113, -0.425188422203, -0.501578867435, -0.472114473581, -0.386592566967], "dvar": [0.00283280853182, 0.00372275779955, 0.00198294315487, 0.00125295727048, 0.000712125794962, 0.000588442664593], "mean": [-0.680797815323, -0.71431851387, -0.773738145828, -0.781640827656, -0.787737369537, -0.76660835743], "dvar2": [0.00673604849726, 0.00795469153672, 0.00397929502651, 0.00269235763699, 0.00160139799118, 0.00128915987443], "min": [-0.963627755642, -0.97145819664, -0.984913706779, -0.969689905643, -0.962582886219, -0.962962269783], "var": [0.00641096150503, 0.0118648922071, 0.00755388103426, 0.00415163021535, 0.00249177869409, 0.00304560130462], "median": [-0.684297502041, -0.729556620121, -0.793447673321, -0.79052066803, -0.793643414974, -0.773890078068]}, "spectral_contrast_valleys": {"dmean": [0.46871304512, 0.58626717329, 0.521542668343, 0.462062686682, 0.403510808945, 0.532835543156], "dmean2": [0.711307644844, 0.890358686447, 0.762578248978, 0.63770031929, 0.534890055656, 0.623890340328], "max": [-5.01736354828, -4.86174345016, -5.29533147812, -5.48981189728, -5.32143354416, -7.59492635727], "dvar": [0.180419251323, 0.269759684801, 0.225980475545, 0.19336655736, 0.188229963183, 0.256827145815], "mean": [-7.34641122818, -7.52830600739, -8.12403106689, -8.22578525543, -8.18932151794, -10.3925361633], "dvar2": [0.358946412802, 0.557712674141, 0.433237910271, 0.334439784288, 0.309052884579, 0.436937600374], "min": [-27.6606121063, -27.4420700073, -27.3876914978, -27.4080123901, -27.3315544128, -27.3619728088], "var": [2.2436747551, 1.75404989719, 1.72748208046, 2.00665712357, 1.88376665115, 1.7117331028], "median": [-7.05326652527, -7.35454559326, -8.06152915955, -8.20791053772, -8.16887760162, -10.3255634308]}, "silence_rate_20dB": {"dmean": 0, "dmean2": 0, "max": 1, "dvar": 0, "mean": 1, "dvar2": 0, "min": 1, "var": 0, "median": 1}, "silence_rate_30dB": {"dmean": 0.0952510535717, "dmean2": 0.190528035164, "max": 1, "dvar": 0.0861799865961, "mean": 0.895238101482, "dvar2": 0.205937966704, "min": 0, "var": 0.0937928706408, "median": 1}, "spectral_strongpeak": {"dmean": 0.437279999256, "dmean2": 0.734044313431, "max": 10.2181711197, "dvar": 0.581160783768, "mean": 0.70028668642, "dvar2": 1.41135084629, "min": 0, "var": 0.870753526688, "median": 0.38804012537}, "spectral_spread": {"dmean": 822886, "dmean2": 1155063.25, "max": 41772912, "dvar": 995498131456, "mean": 4691589, "dvar2": 1911203430400.0, "min": 1184533.375, "var": 3604795883520.0, "median": 4322634}, "barkbands_flatness_db": {"dmean": 0.0405524596572, "dmean2": 0.0623527243733, "max": 0.56532305479, "dvar": 0.00134951109067, "mean": 0.238084718585, "dvar2": 0.00288105313666, "min": 0.0646285116673, "var": 0.00655408157036, "median": 0.235699951649}, "pitch_salience": {"dmean": 0.102473914623, "dmean2": 0.16352443397, "max": 0.919160604477, "dvar": 0.00918213650584, "mean": 0.439461171627, "dvar2": 0.0217668972909, "min": 0.0113297682256, "var": 0.0265009086579, "median": 0.446419000626}, "erbbands_kurtosis": {"dmean": 2.30968904495, "dmean2": 3.64106535912, "max": 110.211616516, "dvar": 14.4273376465, "mean": 1.96439170837, "dvar2": 33.3825111389, "min": -1.91763901711, "var": 23.5854854584, "median": 0.52193570137}, "average_loudness": 0.946904480457, "barkbands_crest": {"dmean": 3.80207443237, "dmean2": 5.99702692032, "max": 26.7974796295, "dvar": 11.2481870651, "mean": 14.278093338, "dvar2": 25.6182346344, "min": 2.27806138992, "var": 35.911693573, "median": 13.5122737885}, "hfc": {"dmean": 7.66862678528, "dmean2": 10.266336441, "max": 171.884750366, "dvar": 116.541191101, "mean": 17.9392185211, "dvar2": 203.824081421, "min": 1.12043188922e-16, "var": 431.408447266, "median": 10.7227516174}, "barkbands_kurtosis": {"dmean": 24.6626644135, "dmean2": 38.0824432373, "max": 1540.72058105, "dvar": 4046.4621582, "mean": 30.3356819153, "dvar2": 8020.80078125, "min": -1.97253084183, "var": 7018.60644531, "median": 5.76384305954}, "erbbands": {"dmean": [0.416039288044, 2.79886484146, 7.12388706207, 9.66398715973, 7.04819965363, 5.20841598511, 4.20998716354, 4.14783096313, 13.6431093216, 29.2833061218, 31.1637744904, 27.9692649841, 16.4413814545, 11.4807291031, 10.6393518448, 10.464471817, 14.7338619232, 12.5614700317, 15.7114315033, 19.6471500397, 15.3011484146, 13.4891681671, 12.4928359985, 9.8903799057, 7.2608294487, 5.31889343262, 3.39591574669, 3.90391516685, 3.77367186546, 3.17007899284, 4.05031442642, 2.20041823387, 1.44899010658, 0.816061258316, 0.123832412064, 0.00296082068235, 0.000163655044162, 2.10435155168e-05, 1.25903889057e-05, 2.41552625084e-05], "dmean2": [0.594380199909, 4.6848988533, 12.2767829895, 16.4238777161, 12.4573192596, 8.8450050354, 7.01614427567, 6.60792350769, 21.4535923004, 46.1366271973, 49.2117042542, 42.9367332458, 24.8030796051, 17.6293201447, 16.7013053894, 16.1808815002, 23.8951778412, 19.2672672272, 24.1556816101, 28.1528320312, 23.7815532684, 21.2127361298, 19.2980861664, 15.0657091141, 10.9778270721, 8.09088230133, 4.96959257126, 5.52042722702, 5.41224050522, 4.37335824966, 5.85055208206, 3.21638655663, 2.08126783371, 1.16120147705, 0.184883505106, 0.00438753888011, 0.000236047810176, 2.97796559607e-05, 1.83673619176e-05, 3.70642956113e-05], "max": [7.72672080994, 38.9922599792, 138.070678711, 260.167572021, 182.834365845, 287.62588501, 203.198822021, 297.986236572, 610.122131348, 816.776794434, 1051.13684082, 1268.06274414, 1268.55981445, 983.025268555, 933.21685791, 487.338500977, 569.489379883, 545.309020996, 473.5909729, 520.416381836, 629.236083984, 736.061889648, 591.370605469, 447.125854492, 255.913604736, 198.068618774, 136.083068848, 182.375640869, 162.740112305, 136.118759155, 119.865913391, 67.3257904053, 102.224143982, 109.293113708, 9.86157894135, 0.249511435628, 0.0146016823128, 0.0017534873914, 0.000344135129126, 0.000265459209913], "dvar": [0.497018128633, 22.2077293396, 291.536743164, 519.513977051, 305.405578613, 137.994018555, 125.697799683, 84.6647491455, 886.2890625, 3879.4206543, 6241.07080078, 4550.03076172, 2756.33276367, 1181.78637695, 775.262145996, 698.411865234, 1066.20373535, 727.867492676, 926.211242676, 1673.87573242, 1251.19812012, 1204.81445312, 1032.60974121, 588.267700195, 315.640167236, 177.21661377, 73.03175354, 89.8218536377, 73.3181304932, 45.5342941284, 63.4727668762, 19.6846866608, 12.1298484802, 5.37037563324, 0.0800734013319, 4.60170449514e-05, 1.37826901891e-07, 2.06853356666e-09, 2.31000010786e-10, 9.13191078311e-10], "mean": [0.809866666794, 3.96767854691, 7.05334091187, 10.5494527817, 6.54019737244, 5.62234544754, 4.2111992836, 4.55494260788, 15.6370782852, 31.7258911133, 32.6554031372, 31.3021240234, 20.14427948, 13.7507209778, 12.5953941345, 12.9399995804, 17.8950977325, 18.1311912537, 24.0038223267, 31.4146022797, 24.0215110779, 19.8817234039, 18.1807308197, 15.9451150894, 12.2419910431, 8.76752567291, 6.03572225571, 6.47794342041, 6.04976224899, 5.08809757233, 5.51804351807, 2.96588754654, 1.87172043324, 1.12073278427, 0.168214514852, 0.00408861041069, 0.000244542083237, 3.30647235387e-05, 2.70184827968e-05, 5.01219838043e-05], "dvar2": [0.969057679176, 63.4602622986, 765.355712891, 1396.23132324, 851.455627441, 359.658935547, 335.896850586, 189.973648071, 1995.87524414, 8742.67480469, 14313.2724609, 9742.45800781, 5994.09082031, 2545.07177734, 1762.66369629, 1607.52954102, 2634.89550781, 1643.12316895, 2173.57470703, 3483.97558594, 3121.27270508, 3029.63183594, 2527.57983398, 1341.81469727, 703.050292969, 401.155487061, 156.819763184, 186.518249512, 157.42956543, 86.5043106079, 131.67906189, 43.9563941956, 25.0503520966, 9.88419818878, 0.169902667403, 9.51776455622e-05, 2.71612492497e-07, 3.97431154653e-09, 5.12583198109e-10, 2.31310171017e-09], "min": [6.76675897795e-22, 2.57326760498e-21, 2.63120397324e-21, 2.48969974489e-20, 5.88076495547e-20, 7.26000590884e-20, 8.86758748537e-20, 2.12618646822e-19, 1.16606733298e-19, 4.27590855132e-19, 5.02025426335e-19, 4.13292728051e-19, 1.52799170555e-18, 1.07969341776e-18, 1.86193372122e-18, 1.77778298315e-18, 3.42550236153e-18, 2.78480279383e-18, 3.88913812884e-18, 4.74697115976e-18, 7.81257943768e-18, 7.72449214707e-18, 7.9782157379e-18, 9.87393999394e-18, 1.52890787012e-17, 9.25223766299e-18, 8.33051940541e-18, 1.14109830199e-17, 1.49141706691e-17, 1.35757378441e-17, 1.16774501553e-17, 1.23837201234e-17, 1.11215847837e-17, 9.45835866393e-18, 7.10210077467e-18, 4.74955154968e-18, 2.76751823455e-18, 1.22263994698e-18, 2.96377184966e-19, 3.25408393958e-20], "var": [1.43655276299, 33.1051139832, 244.691390991, 446.700653076, 217.157348633, 127.398170471, 105.607978821, 117.439849854, 1212.14501953, 5078.23144531, 7898.67285156, 6472.53125, 4367.58984375, 1628.90332031, 1178.87365723, 944.753723145, 1484.48413086, 1302.33093262, 2079.71044922, 4521.6953125, 2388.28564453, 1682.84924316, 1627.34838867, 1353.04833984, 725.225463867, 373.075958252, 179.489730835, 199.079574585, 157.566055298, 111.52696991, 115.479057312, 34.9308395386, 20.7799549103, 9.70843410492, 0.154232025146, 8.95351404324e-05, 2.78445781987e-07, 4.40375114152e-09, 5.8850879725e-10, 2.03431027579e-09], "median": [0.359666645527, 1.38936150074, 1.26445579529, 1.17727804184, 1.49126470089, 2.19565105438, 1.22335195541, 1.2932305336, 3.54643440247, 5.40735435486, 3.99304223061, 4.38899326324, 2.69535064697, 2.25235462189, 1.78100717068, 2.20555734634, 3.03832745552, 3.48478603363, 4.57223510742, 3.80371522903, 3.23717236519, 3.61698412895, 3.16973876953, 2.23781204224, 1.81428623199, 1.43216300011, 0.98039662838, 1.21452105045, 1.20220506191, 0.971992015839, 0.98839956522, 0.491125643253, 0.336721777916, 0.184682711959, 0.0217441767454, 0.000589834351558, 5.525364395e-05, 9.11542156246e-06, 1.90137398022e-05, 3.52465322067e-05]}, "spectral_energy": {"dmean": 0.0212563369423, "dmean2": 0.0330996625125, "max": 0.244237035513, "dvar": 0.000772618688643, "mean": 0.0427497588098, "dvar2": 0.00198319577612, "min": 1.03207462353e-20, "var": 0.0016620104434, "median": 0.0289079323411}, "zerocrossingrate": {"dmean": 0.0119342878461, "dmean2": 0.0129750045016, "max": 0.5244140625, "dvar": 0.000228229342611, "mean": 0.0478292405605, "dvar2": 0.000234722989262, "min": 0, "var": 0.00222117779776, "median": 0.031982421875}, "spectral_energyband_high": {"dmean": 0.000441258540377, "dmean2": 0.000574517005589, "max": 0.0142403794453, "dvar": 7.26665746242e-07, "mean": 0.0