{"tonal": {"hpcp": {"dvar": [0.0435484722257, 0.042995467782, 0.0394909493625, 0.0546598732471, 0.0397861152887, 0.0290561243892, 0.0238607488573, 0.0265503302217, 0.0307166632265, 0.0357262082398, 0.0293212104589, 0.0227243267, 0.0199177712202, 0.0174976382405, 0.0214036870748, 0.030981220305, 0.0252299718559, 0.0189596898854, 0.0183296315372, 0.0160959679633, 0.0228118263185, 0.030832445249, 0.0309988372028, 0.03305054456, 0.0330893322825, 0.0228706393391, 0.0153751950711, 0.0152715034783, 0.0158576406538, 0.020534934476, 0.0338749177754, 0.027854571119, 0.0231040213257, 0.0282107684761, 0.0357393436134, 0.0383631885052], "var": [0.0935205444694, 0.0591013543308, 0.0622448995709, 0.180574685335, 0.109437704086, 0.0250865146518, 0.0200394652784, 0.023606095463, 0.0482235439122, 0.0885373651981, 0.0461216010153, 0.0201836731285, 0.0197627414018, 0.015449102968, 0.0327004976571, 0.087235480547, 0.0512479655445, 0.0237448178232, 0.0384387932718, 0.0201738569885, 0.0270726103336, 0.0517522580922, 0.0389394983649, 0.0478103868663, 0.0663199797273, 0.0318745076656, 0.0139644257724, 0.0173480324447, 0.0149058373645, 0.0354355499148, 0.0776816233993, 0.0437635928392, 0.0188914984465, 0.0242199003696, 0.0319302529097, 0.0614442080259], "median": [0.0519066639245, 0.0505526214838, 0.191906809807, 0.330516338348, 0.21122315526, 0.0252261348069, 0.00576751120389, 0.00741195352748, 0.0375537015498, 0.0717216581106, 0.0494172014296, 0.0107694501057, 0.00433757668361, 0.00561321200803, 0.0281069241464, 0.051585689187, 0.0333433449268, 0.0067437523976, 0.00238343700767, 0.0033144748304, 0.0120487790555, 0.0234007500112, 0.0318638794124, 0.0451555587351, 0.0674569681287, 0.0429976992309, 0.00738914869726, 0.00308483350091, 0.00562138110399, 0.0360730364919, 0.0625831931829, 0.0425114557147, 0.0104242712259, 0.0054734502919, 0.00791258923709, 0.0291497930884], "max": [1, 1, 1, 1, 1, 1, 1, 1, 1, 1, 1, 1, 1, 1, 1, 1, 1, 1, 1, 1, 1, 1, 1, 1, 1, 1, 1, 1, 1, 1, 1, 1, 1, 1, 1, 1], "dmean": [0.129244178534, 0.134875237942, 0.157550856471, 0.148585557938, 0.151706695557, 0.0897918269038, 0.0667928308249, 0.0722174569964, 0.0988237261772, 0.120689295232, 0.103311665356, 0.0640312284231, 0.0524461381137, 0.0499776937068, 0.0748576000333, 0.0997639447451, 0.0851978361607, 0.0537459328771, 0.0503203235567, 0.0513858422637, 0.0706336274743, 0.0955494195223, 0.101440347731, 0.109432399273, 0.116473533213, 0.0872837975621, 0.0499280653894, 0.0450683496892, 0.050213932991, 0.080006018281, 0.110379442573, 0.0934149995446, 0.06747636199, 0.0729497075081, 0.0906022712588, 0.113683879375], "dmean2": [0.223049715161, 0.233869329095, 0.267994791269, 0.251458853483, 0.253202140331, 0.15987996757, 0.120015315711, 0.128934368491, 0.166863843799, 0.196738436818, 0.171623259783, 0.113172478974, 0.0939277857542, 0.0889991372824, 0.126572072506, 0.163428097963, 0.141657456756, 0.0941720232368, 0.0876043587923, 0.0874884650111, 0.121305897832, 0.160668805242, 0.173498094082, 0.185659080744, 0.192495003343, 0.146518155932, 0.0881808847189, 0.0806972533464, 0.0891505554318, 0.134546279907, 0.184488922358, 0.158301979303, 0.120729923248, 0.131287842989, 0.161335676908, 0.196735307574], "mean": [0.211471483111, 0.167044058442, 0.254161387682, 0.471220910549, 0.335810005665, 0.0835087969899, 0.0558835379779, 0.064494214952, 0.138093844056, 0.214516878128, 0.146003514528, 0.0586730912328, 0.0477884300053, 0.0445093028247, 0.105216704309, 0.189882650971, 0.133786812425, 0.0623793005943, 0.0686200931668, 0.0556569807231, 0.0790147781372, 0.126166626811, 0.116818077862, 0.1403503865, 0.182131543756, 0.114959575236, 0.0456367731094, 0.0435383804142, 0.0480284132063, 0.114850960672, 0.1892503649, 0.13138833642, 0.0575660169125, 0.0587841197848, 0.077489502728, 0.150847136974], "dvar2": [0.111708596349, 0.110970899463, 0.105289064348, 0.12563097477, 0.0958214625716, 0.0792016908526, 0.0652617514133, 0.0715370476246, 0.078698515892, 0.0845424830914, 0.0749137327075, 0.0601451657712, 0.0529894158244, 0.0483375936747, 0.0549278743565, 0.0711474567652, 0.0655747130513, 0.0511227920651, 0.0476872101426, 0.0419635809958, 0.0606982633471, 0.078613974154, 0.0823635309935, 0.0868268758059, 0.0834593698382, 0.0598516091704, 0.0418306738138, 0.0422635376453, 0.0441311523318, 0.0539299249649, 0.0861172825098, 0.0731071233749, 0.0625971332192, 0.0750717744231, 0.0945853367448, 0.10049803555], "min": [0, 0, 0, 0, 0, 0, 0, 0, 0, 0, 0, 0, 0, 0, 0, 0, 0, 0, 0, 0, 0, 0, 0, 0, 0, 0, 0, 0, 0, 0, 0, 0, 0, 0, 0, 0]}, "key_key": "A#", "thpcp": [1, 0.712638139725, 0.177217930555, 0.118593074381, 0.13686619699, 0.293055415154, 0.455236315727, 0.309840917587, 0.124512918293, 0.101414069533, 0.0944552794099, 0.22328530252, 0.402958869934, 0.283915281296, 0.132378041744, 0.145621925592, 0.118112288415, 0.167680963874, 0.267744123936, 0.247905120254, 0.297844141722, 0.386509895325, 0.243961110711, 0.096847936511, 0.092394836247, 0.101923346519, 0.243730604649, 0.401617079973, 0.278825342655, 0.122163541615, 0.124748535454, 0.164444103837, 0.320119798183, 0.448773562908, 0.354492038488, 0.539367794991], "chords_key": "A#", "tuning_equal_tempered_deviation": 0.0265052765608, "tuning_frequency": 441.782684326, "tuning_diatonic_strength": 0.587098300457, "chords_histogram": [29.0643558502, 3.91590428352, 9.0515165329, 9.53297996521, 5.16770982742, 0, 0.304926991463, 0.914780914783, 2.59990382195, 0.0320975780487, 0.898732125759, 0, 0, 0, 0.0962927266955, 0.288878202438, 0, 7.02936935425, 0, 1.1234152317, 0, 3.45048952103, 4.06034326553, 22.4683036804], "key_strength": 0.73159968853, "key_scale": "major", "chords_strength": {"dvar": 0.000354694202542, "var": 0.0171158816665, "median": 0.481908261776, "max": 0.762431502342, "dmean": 0.00855047814548, "dmean2": 0.0080254599452, "mean": 0.48083165288, "dvar2": 0.000700137577951, "min": -1}, "chords_number_rate": 0.00176536676008, "tuning_nontempered_energy_ratio": 0.664588212967, "hpcp_entropy": {"dvar": 0.183699846268, "var": 0.35780954361, "median": 1.87278699875, "max": 4.21851110458, "dmean": 0.496167898178, "dmean2": 0.836757838726, "mean": 1.85131847858, "dvar2": 0.494913965464, "min": 0}, "chords_changes_rate": 0.0430107526481, "chords_scale": "major"}, "rhythm": {"bpm_histogram_first_peak_spread": {"dvar": 0, "var": 0, "median": 0.482439935207, "max": 0.482439935207, "dmean": 0, "dmean2": 0, "mean": 0.482439935207, "dvar2": 0, "min": 0.482439935207}, "bpm_histogram_first_peak_weight": {"dvar": 0, "var": 0, "median": 0.422322779894, "max": 0.422322779894, "dmean": 0, "dmean2": 0, "mean": 0.422322779894, "dvar2": 0, "min": 0.422322779894}, "bpm_histogram_first_peak_bpm": {"dvar": 0, "var": 0, "median": 140, "max": 140, "dmean": 0, "dmean2": 0, "mean": 140, "dvar2": 0, "min": 140}, "bpm": 138.781845093, "bpm_histogram_second_peak_weight": {"dvar": 0, "var": 0, "median": 0.0708898976445, "max": 0.0708898976445, "dmean": 0, "dmean2": 0, "mean": 0.0708898976445, "dvar2": 0, "min": 0.0708898976445}, "beats_loudness": {"dvar": 0.000175401277374, "var": 0.000400198012358, "median": 0.0133166927844, "max": 0.104906648397, "dmean": 0.0124157480896, "dmean2": 0.022279176861, "mean": 0.0207789205015, "dvar2": 0.000504634110257, "min": 0}, "beats_loudness_band_ratio": {"dvar": [0.0352477729321, 0.0169181581587, 0.018715960905, 0.0221813283861, 0.0109689505771, 0.00693397549912], "var": [0.0742388963699, 0.0194735378027, 0.0278246365488, 0.032101649791, 0.011923070997, 0.00409267144278], "median": [0.385866075754, 0.080093100667, 0.160839229822, 0.106257051229, 0.0209717638791, 0.00909683853388], "max": [0.980949819088, 0.940160393715, 0.934865772724, 0.820721685886, 0.843315839767, 0.770513474941], "dmean": [0.233626052737, 0.110133454204, 0.148808389902, 0.131843671203, 0.0599486753345, 0.0297775268555], "dmean2": [0.410725563765, 0.1963237077, 0.260498523712, 0.232042983174, 0.106440804899, 0.0546564012766], "mean": [0.436705172062, 0.125699266791, 0.207843452692, 0.170937523246, 0.0649603679776, 0.0256160832942], "dvar2": [0.0947876051068, 0.0477459169924, 0.0519825741649, 0.0607330985367, 0.0315937809646, 0.0203494206071], "min": [0, 0, 0, 0, 0, 0]}, "bpm_histogram_second_peak_bpm": {"dvar": 0, "var": 0, "median": 133, "max": 133, "dmean": 0, "dmean2": 0, "mean": 133, "dvar2": 0, "min": 133}, "onset_rate": 3.07271528244, "beats_count": 664, "beats_position": [0.406349211931, 0.835918366909, 1.27709746361, 1.71827661991, 2.15945577621, 2.60063481331, 3.04181408882, 3.47138309479, 3.90095233917, 4.34213161469, 4.78331041336, 5.22448968887, 5.66566896439, 6.09523820877, 6.52480697632, 6.9543762207, 7.38394546509, 7.8251247406, 8.25469398499, 8.68426322937, 9.11383247375, 9.54340076447, 9.98458003998, 10.4141492844, 10.8437185287, 11.2732877731, 11.7028570175, 12.144036293, 12.5736055374, 13.0031747818, 13.4327430725, 13.8623123169, 14.2918815613, 14.7214508057, 15.15102005, 15.5805892944, 16.0217685699, 16.4629478455, 16.8925170898, 17.3220863342, 17.7632656097, 18.181224823, 18.6107940674, 19.0403633118, 19.4699325562, 19.9111099243, 20.3406791687, 20.7702484131, 21.1998176575, 21.6177768707, 22.0473461151, 22.4769153595, 22.9064846039, 23.3360538483, 23.7656230927, 24.195192337, 24.6363716125, 25.0659408569, 25.5071201324, 25.9366893768, 26.3662586212, 26.7958278656, 27.22539711, 27.6549663544, 28.0845336914, 28.5141029358, 28.932062149, 29.3500213623, 29.7795906067, 30.2091598511, 30.6387290955, 31.0566883087, 31.4862575531, 31.9274368286, 32.357006073, 32.7865753174, 33.2161445618, 33.6457138062, 34.0636711121, 34.4932403564, 34.9228096008, 35.3523788452, 35.7819480896, 36.1999092102, 36.6178665161, 37.0474357605, 37.4770050049, 37.9065742493, 38.3361434937, 38.765712738, 39.1952819824, 39.6364631653, 40.0776405334, 40.5188217163, 40.9599990845, 41.4011802673, 41.8423576355, 42.2951469421, 42.7479362488, 43.1891136169, 43.6302947998, 44.071472168, 44.5823135376, 45.0931510925, 45.5923805237, 46.0683898926, 46.532787323, 47.0087966919, 47.473197937, 47.9375953674, 48.4136047363, 48.8780021667, 49.3656234741, 49.8532409668, 50.3524703979, 50.8516998291, 51.3509292603, 51.8501586914, 52.3145561218, 52.7789573669, 53.2317466736, 53.7077522278, 54.1721534729, 54.6365509033, 55.1125602722, 55.5769615173, 56.0413589478, 56.4709281921, 56.9004974365, 57.3300666809, 57.7712478638, 58.2124252319, 58.6536026001, 59.0831718445, 59.5127410889, 59.9539222717, 60.3950996399, 60.8362808228, 61.2774581909, 61.7186393738, 62.1482086182, 62.5777778625, 63.0073471069, 63.4369163513, 63.8664855957, 64.3076629639, 64.7372360229, 65.1784133911, 65.6079788208, 66.0375518799, 66.478729248, 66.9199066162, 67.3610839844, 67.8022689819, 68.2434463501, 68.6846237183, 69.1258010864, 69.566986084, 70.0081634521, 70.4493408203, 70.8905181885, 71.3316955566, 71.7728805542, 72.2024459839, 72.6436233521, 73.0731964111, 73.5143737793, 73.9555511475, 74.396736145, 74.8379135132, 75.2674789429, 75.697052002, 76.1382293701, 76.5678024292, 76.9973678589, 77.4385452271, 77.8797302246, 78.3209075928, 78.7504730225, 79.1800460815, 79.6212234497, 80.0507888794, 80.4803619385, 80.9215393066, 81.3511123657, 81.7806777954, 82.2218551636, 82.6746444702, 83.1274337769, 83.5686187744, 83.9981842041, 84.4393615723, 84.8689346313, 85.2868881226, 85.7164611816, 86.1460266113, 86.5755996704, 87.0051651001, 87.4463500977, 87.8759155273, 88.3054885864, 88.7350540161, 89.1646270752, 89.5941925049, 90.023765564, 90.4533309937, 90.8829040527, 91.3008575439, 91.730430603, 92.1599960327, 92.5895690918, 93.0191345215, 93.4487075806, 93.8782730103, 94.3078460693, 94.737411499, 95.1785888672, 95.6197738647, 96.0609512329, 96.5021286011, 96.9317016602, 97.3612670898, 97.7908401489, 98.2204055786, 98.6615829468, 99.1027679443, 99.532333374, 99.9619064331, 100.391471863, 100.821044922, 101.26222229, 101.703399658, 102.144577026, 102.585754395, 103.015327454, 103.456504822, 103.89768219, 104.350471497, 104.803260803, 105.25605011, 105.697235107, 106.138412476, 106.567977905, 106.997550964, 107.415504456, 107.833465576, 108.251426697, 108.680992126, 109.110565186, 109.540130615, 109.969703674, 110.422492981, 110.863670349, 111.304847717, 111.757637024, 112.198822021, 112.63999939, 113.092788696, 113.533966064, 113.986755371, 114.427932739, 114.869110107, 115.321899414, 115.774688721, 116.227478027, 116.680267334, 117.133056641, 117.585845947, 118.050247192, 118.503036499, 118.967437744, 119.420227051, 119.861404419, 120.302581787, 120.743759155, 121.173332214, 121.602897644, 122.032470703, 122.462036133, 122.90322113, 123.344398499, 123.785575867, 124.226753235, 124.667930603, 125.109115601, 125.550292969, 125.991470337, 126.421043396, 126.850608826, 127.291786194, 127.721359253, 128.17414856, 128.626937866, 129.079727173, 129.520904541, 129.962081909, 130.403259277, 130.844436646, 131.285614014, 131.73840332, 132.191192627, 132.667205811, 133.154830933, 133.630844116, 134.037185669, 134.44354248, 134.838272095, 135.244628906, 135.639358521, 136.045715332, 136.440444946, 136.846801758, 137.253143311, 137.647888184, 138.042633057, 138.344482422, 138.657958984, 138.971420288, 139.284896851, 139.609970093, 139.935058594, 140.260131836, 140.573608398, 140.898681641, 141.223754883, 141.548843384, 141.885528564, 142.222213745, 142.68661499, 143.151016235, 143.61541748, 144.079818726, 144.532608032, 144.9737854, 145.426574707, 145.867752075, 146.308929443, 146.750106812, 147.179672241, 147.60925293, 148.027206421, 148.445159912, 148.874740601, 149.315917969, 149.745483398, 150.175048828, 150.616226196, 151.045806885, 151.475372314, 151.904937744, 152.346115112, 152.78729248, 153.228485107, 153.658050537, 154.099227905, 154.528793335, 154.958358765, 155.387939453, 155.829116821, 156.270294189, 156.699859619, 157.129425049, 157.559005737, 157.988571167, 158.429748535, 158.870925903, 159.312103271, 159.75328064, 160.182861328, 160.612426758, 161.041992188, 161.471557617, 161.912734985, 162.353912354, 162.783493042, 163.22467041, 163.65423584, 164.08380127, 164.513381958, 164.954559326, 165.395736694, 165.825302124, 166.254867554, 166.696044922, 167.137237549, 167.578414917, 167.996368408, 168.414321899, 168.843902588, 169.273468018, 169.714645386, 170.144210815, 170.573776245, 170.991744995, 171.421310425, 171.850875854, 172.268844604, 172.686798096, 173.093154907, 173.511108398, 173.917449951, 174.335418701, 174.753372192, 175.171340942, 175.589294434, 176.030471802, 176.448425293, 176.866394043, 177.284347534, 177.702316284, 178.131881714, 178.561447144, 178.991012573, 179.420593262, 179.86177063, 180.29133606, 180.720901489, 181.162078857, 181.591659546, 182.021224976, 182.439178467, 182.868743896, 183.298324585, 183.739501953, 184.169067383, 184.598632812, 185.028198242, 185.469390869, 185.898956299, 186.328521729, 186.758087158, 187.199264526, 187.640457153, 188.09324646, 188.546035767, 188.998809814, 189.451599121, 189.904388428, 190.357177734, 190.809967041, 191.262756348, 191.703948975, 192.133514404, 192.563079834, 193.004257202, 193.44543457, 193.886611938, 194.339401245, 194.792190552, 195.244979858, 195.686157227, 196.127349854, 196.568527222, 196.998092651, 197.427658081, 197.857223511, 198.275192261, 198.693145752, 199.122711182, 199.55229187, 199.970245361, 200.388198853, 200.817779541, 201.247344971, 201.665298462, 202.083267212, 202.501220703, 202.919174194, 203.360351562, 203.801544189, 204.219497681, 204.637451172, 205.055419922, 205.473373413, 205.914550781, 206.355728149, 206.785308838, 207.214874268, 207.656051636, 208.097229004, 208.538406372, 208.967971802, 209.39755249, 209.82711792, 210.25668335, 210.686248779, 211.115829468, 211.533782959, 211.963348389, 212.392913818, 212.810882568, 213.22883606, 213.64680481, 214.076370239, 214.505935669, 214.935501099, 215.365081787, 215.783035278, 216.212600708, 216.642166138, 217.094955444, 217.547744751, 218.000534058, 218.522994995, 219.045440674, 219.567886353, 220.078720093, 220.589569092, 221.100402832, 221.5415802, 221.982757568, 222.423934937, 222.865127563, 223.306304932, 223.7474823, 224.188659668, 224.618225098, 225.059402466, 225.488967896, 225.930160522, 226.371337891, 226.812515259, 227.253692627, 227.694869995, 228.136047363, 228.577224731, 229.00680542, 229.43637085, 229.865936279, 230.283889771, 230.713470459, 231.143035889, 231.572601318, 232.013778687, 232.454956055, 232.884536743, 233.314102173, 233.755279541, 234.196456909, 234.626022339, 235.055603027, 235.485168457, 235.926345825, 236.355911255, 236.785476685, 237.215057373, 237.656234741, 238.085800171, 238.515365601, 238.944946289, 239.374511719, 239.804077148, 240.233642578, 240.674819946, 241.115997314, 241.557189941, 241.99836731, 242.439544678, 242.880722046, 243.321899414, 243.763076782, 244.215866089, 244.668655396, 245.133056641, 245.620681763, 246.108291626, 246.595916748, 247.071929932, 247.547927856, 248.035552979, 248.476730347, 248.917907715, 249.359085083, 249.800262451, 250.241439819, 250.671020508, 251.100585938, 251.530151367, 251.959716797, 252.377685547, 252.818862915, 253.260040283, 253.701217651, 254.130783081, 254.571975708, 255.001541138, 255.431106567, 255.860671997, 256.290252686, 256.719818115, 257.149383545, 257.578948975, 258.008514404, 258.438079834, 258.856048584, 259.274017334, 259.703582764, 260.133148193, 260.562713623, 260.992279053, 261.410247803, 261.828216553, 262.257781982, 262.687347412, 263.116912842, 263.558105469, 263.987670898, 264.417236328, 264.846801758, 265.264770508, 265.68270874, 266.11227417, 266.53024292, 266.95980835, 267.389373779, 267.818939209, 268.248535156, 268.678100586, 269.107666016, 269.537231445, 269.966796875, 270.396362305, 270.825927734, 271.255493164, 271.685089111, 272.114654541, 272.544219971, 272.9737854, 273.39175415, 273.809692383, 274.239257812, 274.668823242, 275.110015869, 275.539581299, 275.980773926, 276.410339355, 276.839904785, 277.269470215, 277.699035645, 278.128601074, 278.558166504, 278.987762451, 279.405700684, 279.823669434, 280.241638184, 280.659576416, 281.089141846, 281.507110596, 281.936676025, 282.377868652, 282.819030762, 283.260223389, 283.713012695, 284.165802002, 284.630187988, 285.094604492, 285.547393799, 286.000183105, 286.441345215, 286.882537842, 287.323699951, 287.764892578, 288.194458008, 288.705291748], "danceability": 0.944872021675, "bpm_histogram_second_peak_spread": {"dvar": 0, "var": 0, "median": 0.287878751755, "max": 0.287878751755, "dmean": 0, "dmean2": 0, "mean": 0.287878751755, "dvar2": 0, "min": 0.287878751755}}, "lowlevel": {"spectral_flux": {"dvar": 0.000741133582778, "var": 0.0026507419534, "median": 0.0378617532551, "max": 0.350083649158, "dmean": 0.0183577295393, "dmean2": 0.0292665809393, "mean": 0.0568557009101, "dvar2": 0.00169377902057, "min": 6.27240065443e-11}, "spectral_rolloff": {"dvar": 381841.5, "var": 3141721, "median": 861.328125, "max": 19853.6132812, "dmean": 203.848236084, "dmean2": 339.727905273, "mean": 1143.07763672, "dvar2": 793627.375, "min": 86.1328125}, "barkbands_flatness_db": {"dvar": 0.000462604366476, "var": 0.00433162041008, "median": 0.187395483255, "max": 0.469298630953, "dmean": 0.0187825188041, "dmean2": 0.027527788654, "mean": 0.195960342884, "dvar2": 0.000992777640931, "min": 0.0275668390095}, "spectral_centroid": {"dvar": 54076.8203125, "var": 854487.875, "median": 869.014892578, "max": 11627.1494141, "dmean": 140.491821289, "dmean2": 205.957336426, "mean": 1035.64501953, "dvar2": 102575.96875, "min": 140.814376831}, "melbands_skewness": {"dvar": 0.533785760403, "var": 2.75303673744, "median": 1.37998104095, "max": 14.2074975967, "dmean": 0.570485293865, "dmean2": 0.829706192017, "mean": 1.73889172077, "dvar2": 1.22254371643, "min": -2.25130748749}, "melbands": {"dvar": [1.14522470085e-06, 4.40625444753e-06, 5.01290116972e-07, 3.96919475065e-08, 2.88249797364e-08, 1.72360685724e-08, 3.34870939867e-08, 6.05500432016e-08, 6.40720116962e-08, 1.07282197348e-07, 5.90396425082e-08, 1.11258060542e-07, 5.67228291004e-08, 2.27395755559e-08, 2.07756727377e-08, 3.87120309142e-08, 1.55587329687e-08, 2.03104661978e-08, 1.27981207854e-08, 8.93527651868e-09, 2.57892085465e-09, 4.10059514122e-10, 3.88220955383e-10, 4.08816980269e-10, 4.66506056007e-10, 2.90231710193e-11, 3.62133899257e-11, 4.43670378214e-11, 1.28166192936e-11, 3.80381013146e-12, 4.66903035332e-12, 3.75983272294e-12, 5.11206528497e-12, 2.46885021107e-12, 4.21186089478e-12, 7.82108232344e-12, 8.12764612557e-12, 3.84888518626e-12, 4.236805351e-12, 3.18786490261e-12], "var": [1.20647280255e-06, 3.70059865418e-06, 4.76547995731e-07, 7.62687761835e-08, 7.91723380189e-08, 4.06279205833e-08, 7.82599016702e-08, 1.16575755271e-07, 1.66934867707e-07, 2.01678048484e-07, 1.35655000122e-07, 2.90323953323e-07, 1.86132055546e-07, 7.66598233781e-08, 7.61158815976e-08, 1.20606983955e-07, 4.01282349571e-08, 5.31258166347e-08, 2.75356164536e-08, 3.08792031944e-08, 9.45142630826e-09, 1.47611378676e-09, 1.2589076448e-09, 1.0484465518e-09, 1.33564070914e-09, 1.06870609584e-10, 1.11812226145e-10, 9.84969744655e-11, 1.92351880951e-11, 7.01180693369e-12, 9.24914138334e-12, 5.74443444201e-12, 6.08813173486e-12, 3.48096941896e-12, 7.84137858811e-12, 1.34497777499e-11, 1.66781258942e-11, 1.02475649494e-11, 1.1942602289e-11, 8.69061766995e-12], "median": [0.000502375303768, 0.000645303167403, 0.000195781540242, 7.91346174083e-05, 4.93891457154e-05, 5.89136252529e-05, 5.1709714171e-05, 5.66505914321e-05, 5.39460634172e-05, 5.11731523147e-05, 3.10398208967e-05, 2.18396889977e-05, 1.65140136232e-05, 1.08921331048e-05, 4.35214633399e-06, 3.38301765623e-06, 2.93906259685e-06, 2.68147664428e-06, 1.53796725044e-06, 1.41526993502e-06, 1.22824246773e-06, 9.01946975773e-07, 1.07731045773e-06, 6.0902829091e-07, 6.74467173667e-07, 4.32141860074e-07, 3.6944788917e-07, 3.74104075718e-07, 1.8741801e-07, 8.94936320606e-08, 7.61267173743e-08, 9.6552270179e-08, 4.50231993909e-08, 2.53150584939e-08, 2.41336408635e-08, 1.66851137351e-08, 1.15396501243e-08, 7.69736541173e-09, 5.69942004702e-09, 3.91661725274e-09], "max": [0.0166520290077, 0.0346027091146, 0.0152014233172, 0.00383035186678, 0.00504260184243, 0.0032348188106, 0.00573582388461, 0.00711338454857, 0.00717299571261, 0.00837816577405, 0.00718636764213, 0.00894154328853, 0.00789946131408, 0.00426359800622, 0.0041819489561, 0.00515369558707, 0.00680645229295, 0.00429825112224, 0.00385185400955, 0.00544659793377, 0.00214828155003, 0.00126243499108, 0.000843705027364, 0.000746649107896, 0.000928988156375, 0.000217040957068, 0.00017813926388, 0.000293310411507, 0.000152857362991, 9.88376850728e-05, 0.000108276391984, 7.37364898669e-05, 9.83724021353e-05, 0.0001011264103, 0.000147357437527, 0.000138137213071, 0.000157266986207, 0.000121439290524, 0.000169293154613, 0.000115401453513], "dmean": [0.000333244126523, 0.000593326520175, 0.000219315028517, 9.63386410149e-05, 6.76931886119e-05, 6.61136218696e-05, 7.74442742113e-05, 8.13108272268e-05, 8.91862509889e-05, 0.000109992935904, 7.89779151091e-05, 0.000111213237687, 7.86572272773e-05, 5.03567607666e-05, 4.41345655418e-05, 5.5854110542e-05, 2.88147730316e-05, 3.71816095139e-05, 2.45459013968e-05, 1.85011358553e-05, 1.07538244265e-05, 4.36455502495e-06, 5.30865236215e-06, 5.88750208408e-06, 5.97123744228e-06, 1.79018513791e-06, 1.86373779343e-06, 1.60097260959e-06, 8.50934384289e-07, 4.73627096653e-07, 4.99345901517e-07, 5.08565904056e-07, 4.91432786021e-07, 2.81214937559e-07, 3.13111854666e-07, 3.20945900967e-07, 3.00059241454e-07, 2.16207681092e-07, 1.99349230456e-07, 1.83867484793e-07], "dmean2": [0.000543374044355, 0.00102268741466, 0.000368446519133, 0.000157815797138, 0.000104109472886, 0.000102551282907, 0.000120356860862, 0.000122700890643, 0.000122331432067, 0.000161288058734, 0.000117324467283, 0.000171645413502, 0.00011680037278, 7.33417255105e-05, 6.46507760393e-05, 7.7649630839e-05, 4.17796763941e-05, 5.14403254783e-05, 3.54038347723e-05, 2.49123022513e-05, 1.4735653167e-05, 6.31096872894e-06, 7.59625163482e-06, 8.8027181846e-06, 8.78230457602e-06, 2.78761422123e-06, 2.73877662949e-06, 2.39000723923e-06, 1.30575040203e-06, 7.2978798471e-07, 7.36753918318e-07, 7.72925886849e-07, 7.58161036174e-07, 4.26115633445e-07, 4.78490960631e-07, 4.77699245494e-07, 4.44238764885e-07, 2.99401961001e-07, 2.66659640147e-07, 2.57894043898e-07], "mean": [0.00073977309512, 0.00112515175715, 0.000391447189031, 0.000172520565684, 0.000131059481646, 0.000124381345813, 0.000143704455695, 0.000152534092194, 0.000174970613443, 0.000191063023522, 0.000146763239172, 0.000199177171453, 0.000161409116117, 0.000100825796835, 9.68957901932e-05, 0.000109634129331, 4.80991693621e-05, 6.87355859554e-05, 4.17488699895e-05, 3.41234590451e-05, 2.18410277739e-05, 8.93602737051e-06, 1.07018458948e-05, 1.09208694994e-05, 1.2085400158e-05, 4.299873126e-06, 4.02600880989e-06, 3.05129788103e-06, 1.37750078011e-06, 7.97510949724e-07, 7.70531073613e-07, 7.59678073337e-07, 6.36420622868e-07, 3.79074151624e-07, 4.17655712681e-07, 4.22765708663e-07, 3.98211369657e-07, 3.04107288684e-07, 2.79842225837e-07, 2.56620069194e-07], "dvar2": [2.93827929454e-06, 1.24847010738e-05, 1.35687037073e-06, 1.03461253786e-07, 6.26842719953e-08, 4.11396214872e-08, 8.60950208903e-08, 1.50028370172e-07, 1.30052768554e-07, 2.49904815064e-07, 1.32397573793e-07, 2.6882312909e-07, 1.21230328887e-07, 4.70012224696e-08, 4.47102479484e-08, 7.85039091511e-08, 3.05395175815e-08, 4.01295956465e-08, 2.81614145337e-08, 1.63355622362e-08, 4.40035963223e-09, 7.56112006339e-10, 7.99078359037e-10, 8.28966950639e-10, 9.22222798128e-10, 6.90320509089e-11, 8.01476524037e-11, 9.5582763926e-11, 3.04727180989e-11, 8.60877428371e-12, 9.06767109315e-12, 8.70967620942e-12, 1.26882141946e-11, 5.9277951471e-12, 9.44803436875e-12, 1.7912421546e-11, 1.70950528039e-11, 6.79078494825e-12, 6.53244515772e-12, 5.35363290158e-12], "min": [1.00057016876e-24, 1.47183222227e-24, 2.35185113269e-24, 1.68103754269e-24, 1.26539974794e-24, 1.75491042216e-24, 1.66996726039e-24, 2.41767289776e-24, 2.75395444089e-24, 2.23365196174e-24, 2.07969727583e-24, 2.40032841025e-24, 3.74760166496e-24, 2.74996162142e-24, 2.8680653402e-24, 2.05397311336e-24, 2.82098395201e-24, 3.39885611952e-24, 3.73029878986e-24, 2.10398610589e-24, 3.56854601669e-24, 2.96877388716e-24, 5.01206996538e-24, 4.87814859937e-24, 4.2744708195e-24, 5.1121614259e-24, 4.97529248112e-24, 5.55475696437e-24, 5.83152762967e-24, 5.71345171824e-24, 5.52266965262e-24, 4.63394881755e-24, 5.67452261586e-24, 5.8314735927e-24, 4.67395155963e-24, 5.94643113697e-24, 6.41742645689e-24, 6.08082542509e-24, 6.40842870941e-24, 4.74058387928e-24]}, "spectral_decrease": {"dvar": 6.12038007622e-18, "var": 1.92459798794e-17, "median": -2.51066611945e-09, "max": 2.53711596711e-19, "dmean": 1.13743769958e-09, "dmean2": 1.7867952673e-09, "mean": -4.10703027143e-09, "dvar2": 1.56387080938e-17, "min": -3.75518141027e-08}, "barkbands_kurtosis": {"dvar": 51.7172241211, "var": 99.8761062622, "median": 1.39790201187, "max": 183.552520752, "dmean": 2.75467705727, "dmean2": 4.32530164719, "mean": 4.60079669952, "dvar2": 132.076049805, "min": -1.93463075161}, "silence_rate_30dB": {"dvar": 0.0011222162284, "var": 0.00056149699958, "median": 1, "max": 1, "dmean": 0.00112359551713, "dmean2": 0.00224737147801, "mean": 0.999438226223, "dvar2": 0.00336554204114, "min": 0}, "gfcc": {"mean": [-110.429367065, 144.51550293, -123.128898621, 20.0111141205, -47.7593078613, 8.7130279541, -14.9572792053, 9.50271224976, -12.5511636734, -1.6906080246, -7.68734741211, -6.83757591248, -6.41950511932], "cov": [[22851.1875, -434.844451904, -2767.68164062, 708.996459961, -920.126220703, 979.655456543, -550.519348145, 143.91619873, -753.130493164, 13.6302194595, -146.525238037, -28.1637706757, -46.819683075], [-434.844451904, 1782.86584473, 226.50163269, -111.311820984, 273.908172607, -367.538452148, 314.04675293, -99.2314071655, 170.855499268, -123.43712616, 89.6096801758, -91.258605957, 71.4707870483], [-2767.68164062, 226.50163269, 1395.92626953, 26.6803627014, -17.2878284454, -80.275680542, 39.684715271, 36.5899658203, 96.1132125854, 30.3952579498, -84.4602203369, 36.6167869568, 20.9022083282], [708.996459961, -111.311820984, 26.6803627014, 413.281860352, 57.0592689514, 4.82920455933, -22.2575550079, 27.2287902832, 60.3922157288, 3.77394914627, -9.93427276611, 17.2480278015, -11.6667871475], [-920.126220703, 273.908172607, -17.2878284454, 57.0592689514, 378.7265625, -54.670917511, 111.680137634, -5.49863052368, 74.0762481689, -7.54309415817, 50.8993492126, -19.3456001282, 4.1161646843], [979.655456543, -367.538452148, -80.275680542, 4.82920455933, -54.670917511, 341.861999512, 17.6317024231, 6.89966583252, -92.9805145264, 14.7387695312, -0.416620403528, 19.8799171448, -27.9552116394], [-550.519348145, 314.04675293, 39.684715271, -22.2575550079, 111.680137634, 17.6317024231, 274.577270508, -2.49476003647, 48.8822937012, -29.6182250977, 40.9013633728, -8.61115646362, -3.70095252991], [143.91619873, -99.2314071655, 36.5899658203, 27.2287902832, -5.49863052368, 6.89966583252, -2.49476003647, 151.146896362, 38.4024963379, 21.7463932037, -19.7523975372, -8.12409496307, 12.6405763626], [-753.130493164, 170.855499268, 96.1132125854, 60.3922157288, 74.0762481689, -92.9805145264, 48.8822937012, 38.4024963379, 204.111862183, 16.0072059631, 10.8217554092, -0.983553647995, -7.19766807556], [13.6302194595, -123.43712616, 30.3952579498, 3.77394914627, -7.54309415817, 14.7387695312, -29.6182250977, 21.7463932037, 16.0072059631, 117.761558533, 23.3906745911, 13.740319252, -6.88964128494], [-146.525238037, 89.6096801758, -84.4602203369, -9.93427276611, 50.8993492126, -0.416620403528, 40.9013633728, -19.7523975372, 10.8217554092, 23.3906745911, 112.696868896, 21.5623512268, -3.90676593781], [-28.1637706757, -91.258605957, 36.6167869568, 17.2480278015, -19.3456001282, 19.8799171448, -8.61115646362, -8.12409496307, -0.983553647995, 13.740319252, 21.5623512268, 103.102928162, 23.2915153503], [-46.819683075, 71.4707870483, 20.9022083282, -11.6667871475, 4.1161646843, -27.9552116394, -3.70095252991, 12.6405763626, -7.19766807556, -6.88964128494, -3.90676593781, 23.2915153503, 95.7285919189]], "icov": [[0.000201866700081, -0.000560406653676, 0.000477775756735, -0.000569448806345, 0.000492591992952, -0.000747023208532, 0.000499382149428, -0.000569610798266, 0.00064140104223, -0.000506545882672, 0.000645242631435, -0.000419881136622, 0.000338860147167], [-0.000560406653676, 0.00295020337217, -0.00155441195238, 0.00181913201232, -0.00157624366693, 0.00317760603502, -0.00253361021169, 0.00244887988083, -0.00227467156947, 0.00237090373412, -0.0028301468119, 0.00249960483052, -0.00206526182592], [0.000477775756735, -0.00155441195238, 0.00200004177168, -0.00138142844662, 0.00125207775272, -0.00176262436435, 0.00107181887142, -0.00147863442544, 0.00132000737358, -0.00175812665839, 0.00260836724192, -0.00168938178103, 0.000947450811509], [-0.000569448806345, 0.00181913201232, -0.00138142844662, 0.0043739634566, -0.00197697291151, 0.00198641396128, -0.00104021420702, 0.00141906563658, -0.00274490355514, 0.00185851752758, -0.00158836261835, 0.000694338872563, -0.000670860987157], [0.000492591992952, -0.00157624366693, 0.00125207775272, -0.00197697291151, 0.00471206661314, -0.00165355985519, 0.000244517083047, -0.00123594154138, 0.000937206379604, -0.00133473612368, 0.000470761704491, -0.000261333596427, 0.00044777453877], [-0.000747023208532, 0.00317760603502, -0.00176262436435, 0.00198641396128, -0.00165355985519, 0.00752772251144, -0.00373952579685, 0.00206696521491, -0.000653089955449, 0.00187049200758, -0.00277704210021, 0.00146137364209, -0.000642296858132], [0.000499382149428, -0.00253361021169, 0.00107181887142, -0.00104021420702, 0.000244517083047, -0.00373952579685, 0.00715761305764, -0.00221520545892, 0.000712289474905, -0.000194527165149, 0.000601766747423, -0.00159859017003, 0.00169476633891], [-0.000569610798266, 0.00244887988083, -0.00147863442544, 0.00141906563658, -0.00123594154138, 0.00206696521491, -0.00221520545892, 0.00995805393904, -0.00391246750951, 0.000393210153561, -0.000985107501037, 0.00316000869498, -0.00342985684983], [0.00064140104223, -0.00227467156947, 0.00132000737358, -0.00274490355514, 0.000937206379604, -0.000653089955449, 0.000712289474905, -0.00391246750951, 0.00948919728398, -0.00295859598555, 0.00229024887085, -0.00244191964157, 0.00289050955325], [-0.000506545882672, 0.00237090373412, -0.00175812665839, 0.00185851752758, -0.00133473612368, 0.00187049200758, -0.000194527165149, 0.000393210153561, -0.00295859598555, 0.0122829703614, -0.00549415545538, 0.00133050768636, -0.000749671773519], [0.000645242631435, -0.0028301468119, 0.00260836724192, -0.00158836261835, 0.000470761704491, -0.00277704210021, 0.000601766747423, -0.000985107501037, 0.00229024887085, -0.00549415545538, 0.0152172744274, -0.00543298153207, 0.00270728347823], [-0.000419881136622, 0.00249960483052, -0.00168938178103, 0.000694338872563, -0.000261333596427, 0.00146137364209, -0.00159859017003, 0.00316000869498, -0.00244191964157, 0.00133050768636, -0.00543298153207, 0.0142276715487, -0.00543041201308], [0.000338860147167, -0.00206526182592, 0.000947450811509, -0.000670860987157, 0.00044777453877, -0.000642296858132, 0.00169476633891, -0.00342985684983, 0.00289050955325, -0.000749671773519, 0.00270728347823, -0.00543041201308, 0.013771943748]]}, "silence_rate_20dB": {"dvar": 0, "var": 0, "median": 1, "max": 1, "dmean": 0, "dmean2": 0, "mean": 1, "dvar2": 0, "min": 1}, "barkbands_skewness": {"dvar": 0.355784833431, "var": 2.13103866577, "median": 0.914893388748, "max": 10.6344184875, "dmean": 0.473001509905, "dmean2": 0.686830759048, "mean": 1.14155089855, "dvar2": 0.815029323101, "min": -2.54390859604}, "erbbands_skewness": {"dvar": 0.142715677619, "var": 0.719179570675, "median": 0.477757513523, "max": 4.61847400665, "dmean": 0.373798310757, "dmean2": 0.544594705105, "mean": 0.456558644772, "dvar2": 0.312016904354, "min": -4.64745569229}, "spectral_contrast_valleys": {"dvar": [0.126323059201, 0.0878648012877, 0.0903889611363, 0.105460479856, 0.13596534729, 0.235178992152], "var": [3.7293035984, 3.67675495148, 4.04295158386, 3.87592029572, 3.86482357979, 3.59800457954], "median": [-7.41135978699, -7.07230615616, -7.94681787491, -8.76159858704, -8.86095237732, -11.9139270782], "max": [-5.27757406235, -4.71642112732, -5.10306406021, -5.95667076111, -6.06598043442, -7.22205352783], "dmean": [0.344541370869, 0.304453521967, 0.286839306355, 0.267097115517, 0.264019370079, 0.359748184681], "dmean2": [0.561573386192, 0.490846782923, 0.459459096193, 0.428584039211, 0.389293283224, 0.472642570734], "mean": [-7.80243968964, -7.36264657974, -8.13084793091, -8.94145870209, -9.13282203674, -12.1031332016], "dvar2": [0.266320258379, 0.182315051556, 0.18741196394, 0.221100240946, 0.264556288719, 0.389966547489], "min": [-28.4423141479, -28.197052002, -27.7786006927, -27.6989364624, -27.4816074371, -27.4003658295]}, "spectral_strongpeak": {"dvar": 1.29748857021, "var": 3.51665854454, "median": 0.299263268709, "max": 17.4369773865, "dmean": 0.581207036972, "dmean2": 0.95723181963, "mean": 1.15990424156, "dvar2": 3.10667085648, "min": 0}, "erbbands_crest": {"dvar": 6.4475903511, "var": 24.6708583832, "median": 10.9105710983, "max": 32.7263526917, "dmean": 2.78794622421, "dmean2": 4.30051231384, "mean": 11.8641414642, "dvar2": 14.8920669556, "min": 2.74287319183}, "barkbands_crest": {"dvar": 3.56009364128, "var": 14.679271698, "median": 9.97039794922, "max": 24.9570674896, "dmean": 1.97512435913, "dmean2": 3.11157917976, "mean": 10.4981594086, "dvar2": 8.90820884705, "min": 3.02457427979}, "spectral_energyband_middle_low": {"dvar": 1.16009641715e-05, "var": 3.66378153558e-05, "median": 0.00315272016451, "max": 0.0620893463492, "dmean": 0.00180134095717, "dmean2": 0.00271422392689, "mean": 0.00509597826749, "dvar2": 2.65624967142e-05, "min": 1.5119681714e-22}, "spectral_contrast_coeffs": {"dvar": [0.00125632388517, 0.00109942094423, 0.000934906536713, 0.000661824189592, 0.000463450327516, 0.000237133834162], "var": [0.00602169334888, 0.0047138412483, 0.00566488876939, 0.00624168477952, 0.00397400883958, 0.00229912949726], "median": [-0.701011717319, -0.741288721561, -0.715622901917, -0.76526170969, -0.782994389534, -0.764609456062], "max": [-0.3685785532, -0.434857934713, -0.439120650291, -0.437904983759, -0.504002213478, -0.575908839703], "dmean": [0.0393896326423, 0.0401496142149, 0.0368736833334, 0.0293098632246, 0.0226051583886, 0.0163108408451], "dmean2": [0.0654195770621, 0.0644508302212, 0.0568007826805, 0.0458919629455, 0.0348503626883, 0.025355193764], "mean": [-0.693146705627, -0.736778140068, -0.713774621487, -0.751957774162, -0.774810612202, -0.766988992691], "dvar2": [0.0033940852154, 0.00274539040402, 0.00220575532876, 0.00145217694808, 0.000975171278697, 0.000524300558027], "min": [-0.997246026993, -0.997141361237, -0.990264117718, -0.969725430012, -0.976849555969, -0.96487647295]}, "hfc": {"dvar": 47.5957298279, "var": 426.989501953, "median": 3.82460021973, "max": 212.114685059, "dmean": 3.25131773949, "dmean2": 4.62259817123, "mean": 13.5863695145, "dvar2": 92.1053848267, "min": 1.07283499033e-16}, "spectral_energyband_high": {"dvar": 2.80027137478e-07, "var": 7.52913251745e-07, "median": 2.33811315411e-05, "max": 0.022891677916, "dmean": 0.000112054840429, "dmean2": 0.000155874309712, "mean": 0.000198459776584, "dvar2": 4.94059975154e-07, "min": 7.17831051424e-21}, "erbbands_spread": {"dvar": 62.0250053406, "var": 213.372161865, "median": 17.5701408386, "max": 148.68421936, "dmean": 5.48376703262, "dmean2": 7.96684980392, "mean": 21.5629959106, "dvar2": 129.459243774, "min": 1.14434158802}, "dissonance": {"dvar": 0.000838231586386, "var": 0.00256471219473, "median": 0.441860020161, "max": 0.5, "dmean": 0.0314456783235, "dmean2": 0.0524061731994, "mean": 0.430822521448, "dvar2": 0.00223343656398, "min": 0.121266908944}, "spectral_kurtosis": {"dvar": 41.9378242493, "var": 151.00189209, "median": 7.8965215683, "max": 131.290161133, "dmean": 4.68178224564, "dmean2": 7.87742185593, "mean": 11.2987270355, "dvar2": 106.361618042, "min": -1.41306138039}, "spectral_skewness": {"dvar": 0.215328380466, "var": 1.09927868843, "median": 2.01742243767, "max": 9.53741455078, "dmean": 0.410524606705, "dmean2": 0.668559849262, "mean": 2.24415826797, "dvar2": 0.518463075161, "min": -0.350526720285}, "pitch_salience": {"dvar": 0.00258595123887, "var": 0.0118110654876, "median": 0.504410266876, "max": 0.991864740849, "dmean": 0.0548059642315, "dmean2": 0.0883115679026, "mean": 0.506205618382, "dvar2": 0.00667505012825, "min": 0.168051943183}, "spectral_complexity": {"dvar": 3.22762680054, "var": 56.2642097473, "median": 9, "max": 50, "dmean": 1.6576243639, "dmean2": 2.6799902916, "mean": 11.2908277512, "dvar2": 7.34442138672, "min": 0}, "spectral_spread": {"dvar": 827733966848, "var": 9963208441860.0, "median": 2740903.75, "max": 42032796, "dmean": 499861.09375, "dmean2": 714291.5625, "mean": 3312285.75, "dvar2": 1457602953220.0, "min": 666908.3125}, "dynamic_complexity": 6.19692611694, "melbands_crest": {"dvar": 5.90947389603, "var": 25.6850223541, "median": 13.5544939041, "max": 32.2170982361, "dmean": 2.36947059631, "dmean2": 3.75459671021, "mean": 13.9078884125, "dvar2": 14.7874164581, "min": 1.67089784145}, "zerocrossingrate": {"dvar": 0.000110650376882, "var": 0.0022675821092, "median": 0.03466796875, "max": 0.52197265625, "dmean": 0.00566135859117, "dmean2": 0.00681708659977, "mean": 0.0422268249094, "dvar2": 0.000137415816425, "min": 0.00390625}, "spectral_energyband_low": {"dvar": 6.97734139976e-05, "var": 6.5847998485e-05, "median": 0.00360946916044, "max": 0.129466488957, "dmean": 0.00248150806874, "dmean2": 0.00413583498448, "mean": 0.00538220396265, "dvar2": 0.000189586251508, "min": 1.99909265183e-23}, "melbands_kurtosis": {"dvar": 172.524139404, "var": 306.499389648, "median": 2.78680562973, "max": 338.402618408, "dmean": 4.87705802917, "dmean2": 7.64773464203, "mean": 8.68951225