{"tonal": {"hpcp": {"dvar": [0.0388724021614, 0.0269907172769, 0.0189595203847, 0.01508737728, 0.016272412613, 0.023031687364, 0.034530531615, 0.0318319536746, 0.0292213633657, 0.0221939962357, 0.0201479643583, 0.010403400287, 0.0110867265612, 0.0134368892759, 0.0226780176163, 0.029587239027, 0.0226999223232, 0.0119920130819, 0.00762006500736, 0.010687279515, 0.0178840141743, 0.0257354862988, 0.0199448764324, 0.0249689854681, 0.0202731397003, 0.00951983872801, 0.00896970089525, 0.0076803942211, 0.00869566760957, 0.0179319176823, 0.0316024646163, 0.0228330697864, 0.0182355437428, 0.0176986511797, 0.0199221782386, 0.0289738532156], "var": [0.163263395429, 0.0606954619288, 0.0152280982584, 0.00906774960458, 0.0108457552269, 0.034070763737, 0.108690947294, 0.069721840322, 0.0545922443271, 0.071107968688, 0.0240039639175, 0.00797705631703, 0.00872773863375, 0.0103444326669, 0.048812482506, 0.109934143722, 0.0548926927149, 0.0150178354234, 0.0049238326028, 0.00786366127431, 0.0451467707753, 0.11576551199, 0.0446731187403, 0.0308665353805, 0.0389015823603, 0.0131142716855, 0.0111171426252, 0.0116509785876, 0.0101983817294, 0.0519942715764, 0.118636362255, 0.0420204997063, 0.0179234109819, 0.0143763050437, 0.0154213998467, 0.0695507004857], "median": [0.208234518766, 0.107877492905, 0.00473920535296, 0.00177269848064, 0.00190284394193, 0.028578709811, 0.072671636939, 0.0653982758522, 0.0334214270115, 0.0185373313725, 0.0110308816656, 0.00905913021415, 0.00932339951396, 0.00977686978877, 0.0285197645426, 0.0512888357043, 0.0284852795303, 0.00413326453418, 0.00204159482382, 0.00398173974827, 0.0716403499246, 0.133470356464, 0.0838748663664, 0.0156167577952, 0.00479397922754, 0.00245894817635, 0.00594034232199, 0.00778677361086, 0.00946845673025, 0.032096542418, 0.0433203689754, 0.0232914015651, 0.00554790673777, 0.003879631171, 0.00893630087376, 0.111697912216], "max": [1, 1, 1, 1, 1, 1, 1, 1, 1, 1, 1, 1, 1, 1, 1, 1, 1, 1, 1, 1, 1, 1, 1, 1, 1, 1, 1, 1, 1, 1, 1, 1, 1, 1, 1, 1], "dmean": [0.11550296098, 0.105305992067, 0.0513206087053, 0.0314330644906, 0.0351852327585, 0.0821904838085, 0.107973068953, 0.112175531685, 0.0917579382658, 0.0657705888152, 0.0543650537729, 0.0327972918749, 0.0306529980153, 0.0375898592174, 0.0789669528604, 0.091459646821, 0.0769078060985, 0.0370183140039, 0.0224687159061, 0.0321725420654, 0.0783225670457, 0.0958916917443, 0.0889991223812, 0.0621662996709, 0.0476635657251, 0.0296551138163, 0.0265449676663, 0.0281932912767, 0.0333822667599, 0.0751686766744, 0.0912062078714, 0.0771624594927, 0.0476661808789, 0.0436015874147, 0.0525119192898, 0.110768064857], "dmean2": [0.189912110567, 0.172376021743, 0.0912420675159, 0.0593773834407, 0.0655209049582, 0.139793604612, 0.177503228188, 0.190727472305, 0.159499436617, 0.106501728296, 0.0948436558247, 0.0573752261698, 0.0526339896023, 0.0663675218821, 0.127133354545, 0.148829117417, 0.125704422593, 0.0643861070275, 0.040762912482, 0.0580820217729, 0.123015098274, 0.148991376162, 0.142307206988, 0.106494747102, 0.0802631005645, 0.0493191592395, 0.0451935380697, 0.045794967562, 0.0570413023233, 0.121828921139, 0.150073379278, 0.129714488983, 0.086632065475, 0.0784937515855, 0.0948133543134, 0.182856142521], "mean": [0.401599854231, 0.219730734825, 0.0410046353936, 0.0210282765329, 0.0244297944009, 0.11678828299, 0.247304096818, 0.196770086884, 0.134510040283, 0.140240237117, 0.0710595697165, 0.036720328033, 0.037556707859, 0.036255095154, 0.137094959617, 0.229197844863, 0.144231006503, 0.0416306704283, 0.018300069496, 0.0259648729116, 0.163032248616, 0.288765966892, 0.17295126617, 0.0784663334489, 0.074778907001, 0.0366490632296, 0.0319000966847, 0.0393046364188, 0.038929078728, 0.149970725179, 0.233545660973, 0.126944631338, 0.0501920320094, 0.0430331602693, 0.044560521841, 0.239520803094], "dvar2": [0.0935332551599, 0.0680062770844, 0.0505307875574, 0.0442467927933, 0.0473548471928, 0.0627574324608, 0.080768622458, 0.0832011252642, 0.0789180323482, 0.0499441549182, 0.0569435022771, 0.0287280790508, 0.030931873247, 0.0372085161507, 0.0575148910284, 0.0685976818204, 0.0569933913648, 0.0322161652148, 0.0218847747892, 0.0302496347576, 0.0433084592223, 0.0545357502997, 0.0496785417199, 0.0697070583701, 0.0534554570913, 0.0242283586413, 0.0235623475164, 0.0182170066983, 0.021908512339, 0.042837370187, 0.0707997754216, 0.0606952048838, 0.0514491051435, 0.0506655834615, 0.0560132116079, 0.0769530385733], "min": [0, 0, 0, 0, 0, 0, 0, 0, 0, 0, 0, 0, 0, 0, 0, 0, 0, 0, 0, 0, 0, 0, 0, 0, 0, 0, 0, 0, 0, 0, 0, 0, 0, 0, 0, 0]}, "key_key": "A", "thpcp": [1, 0.547138512135, 0.102103210986, 0.0523612648249, 0.060831181705, 0.290807574987, 0.615797281265, 0.48996552825, 0.334935486317, 0.349203914404, 0.176941230893, 0.0914351120591, 0.0935177356005, 0.0902766659856, 0.341372042894, 0.570711970329, 0.359141081572, 0.103662066162, 0.0455679185688, 0.0646535903215, 0.405956953764, 0.719039022923, 0.430655688047, 0.1953843683, 0.186202526093, 0.091257661581, 0.0794325396419, 0.0978701487184, 0.0969349890947, 0.373433202505, 0.581538200378, 0.316097319126, 0.124980203807, 0.107154324651, 0.11095751822, 0.596416532993], "chords_key": "A", "tuning_equal_tempered_deviation": 0.0177036765963, "tuning_frequency": 439.491973877, "tuning_diatonic_strength": 0.507940411568, "chords_histogram": [40.5201034546, 2.01032829285, 15.7875318527, 19.328660965, 2.5451862812, 0.719291746616, 0, 6.7871632576, 0.0184433795512, 1.54924380779, 0.0184433795512, 0, 0, 0, 0, 0.0553301349282, 0, 0, 0, 0, 0.608631491661, 0.0553301349282, 5.80966424942, 4.18664693832], "key_strength": 0.679684638977, "key_scale": "minor", "chords_strength": {"dvar": 0.000403069017921, "var": 0.0195323340595, "median": 0.551881074905, "max": 0.748857319355, "dmean": 0.00833070557564, "dmean2": 0.00651528127491, "mean": 0.533484637737, "dvar2": 0.00072835222818, "min": -1}, "chords_number_rate": 0.00165990414098, "tuning_nontempered_energy_ratio": 0.609000086784, "hpcp_entropy": {"dvar": 0.205324202776, "var": 0.528926789761, "median": 1.52063846588, "max": 4.49341058731, "dmean": 0.460347265005, "dmean2": 0.778299033642, "mean": 1.49028408527, "dvar2": 0.521277844906, "min": 0}, "chords_changes_rate": 0.0311693102121, "chords_scale": "minor"}, "rhythm": {"bpm_histogram_first_peak_spread": {"dvar": 0, "var": 0, "median": 0.486111104488, "max": 0.486111104488, "dmean": 0, "dmean2": 0, "mean": 0.486111104488, "dvar2": 0, "min": 0.486111104488}, "bpm_histogram_first_peak_weight": {"dvar": 0, "var": 0, "median": 0.242225855589, "max": 0.242225855589, "dmean": 0, "dmean2": 0, "mean": 0.242225855589, "dvar2": 0, "min": 0.242225855589}, "bpm_histogram_first_peak_bpm": {"dvar": 0, "var": 0, "median": 152, "max": 152, "dmean": 0, "dmean2": 0, "mean": 152, "dvar2": 0, "min": 152}, "bpm": 151.06199646, "bpm_histogram_second_peak_weight": {"dvar": 0, "var": 0, "median": 0.142389521003, "max": 0.142389521003, "dmean": 0, "dmean2": 0, "mean": 0.142389521003, "dvar2": 0, "min": 0.142389521003}, "beats_loudness": {"dvar": 0.000298714847304, "var": 0.000476433255244, "median": 0.0232018083334, "max": 0.113849721849, "dmean": 0.0166469048709, "dmean2": 0.0297897737473, "mean": 0.0279295872897, "dvar2": 0.00085560081061, "min": 0}, "beats_loudness_band_ratio": {"dvar": [0.0177767090499, 0.0304328016937, 0.0234112087637, 0.00723620736971, 0.00216778274626, 0.0394802577794], "var": [0.0407445542514, 0.0553587041795, 0.0408066920936, 0.00761551316828, 0.00171756802592, 0.0256107989699], "median": [0.115911588073, 0.410447716713, 0.279937535524, 0.0731547772884, 0.0139619577676, 0.00267746765167], "max": [0.934051513672, 0.952896654606, 0.873257160187, 0.811453819275, 0.419756084681, 0.991493999958], "dmean": [0.122381232679, 0.214147716761, 0.184855177999, 0.07429215312, 0.0247860625386, 0.073596931994], "dmean2": [0.208623483777, 0.375402033329, 0.314098060131, 0.131632551551, 0.0438281185925, 0.142779991031], "mean": [0.186674192548, 0.411498755217, 0.30485573411, 0.0953918620944, 0.0260585416108, 0.0463403984904], "dvar2": [0.0421268008649, 0.0837217047811, 0.0685948058963, 0.0208179354668, 0.00577676808462, 0.116001538932], "min": [0, 0, 0, 0, 0, 0]}, "bpm_histogram_second_peak_bpm": {"dvar": 0, "var": 0, "median": 144, "max": 144, "dmean": 0, "dmean2": 0, "mean": 144, "dvar2": 0, "min": 144}, "onset_rate": 2.03366374969, "beats_count": 612, "beats_position": [0.348299324512, 0.708208620548, 1.06811785698, 1.42802715302, 1.78793644905, 2.14784574509, 2.50775504112, 2.86766433716, 3.27401351929, 3.68036270142, 4.08671188354, 4.52789115906, 4.96907043457, 5.41024923325, 5.85142850876, 6.28099775314, 6.71056699753, 7.12852573395, 7.5464849472, 7.96444416046, 8.39401340485, 8.82358264923, 9.24154186249, 9.67111110687, 10.1006803513, 10.5418596268, 10.9714279175, 11.4009971619, 11.8189563751, 12.2369155884, 12.6548748016, 13.0728340149, 13.4907932281, 13.9087524414, 14.3267116547, 14.7330608368, 15.1394100189, 15.5573692322, 15.9753284454, 16.3816776276, 16.7648067474, 17.1479358673, 17.5426750183, 17.9490242004, 18.3669834137, 18.784942627, 19.2029018402, 19.6208610535, 20.0388202667, 20.4683895111, 20.8863487244, 21.3159179688, 21.7454872131, 22.1750564575, 22.5930156708, 23.010974884, 23.4289340973, 23.8468933105, 24.2532424927, 24.6595916748, 25.0659408569, 25.4722900391, 25.8786392212, 26.2849884033, 26.7029476166, 27.1209068298, 27.5504760742, 27.9568252563, 28.3747844696, 28.7927436829, 29.2107028961, 29.6286621094, 30.0350112915, 30.4413604736, 30.8360996246, 31.2308387756, 31.6371879578, 32.0435371399, 32.449886322, 32.8678436279, 33.2858047485, 33.7153739929, 34.1449432373, 34.5629005432, 34.9808616638, 35.4104309082, 35.8283882141, 36.2347373962, 36.6410865784, 37.059047699, 37.4537849426, 37.848526001, 38.2548751831, 38.6496124268, 39.0211334229, 39.3810424805, 39.7757797241, 40.2053489685, 40.6233100891, 41.0528793335, 41.4708366394, 41.8191375732, 42.1674385071, 42.5157356262, 42.8756446838, 43.2239456177, 43.560634613, 43.8973236084, 44.2340126038, 44.6055335999, 44.9770507812, 45.3601799011, 45.743309021, 46.1612701416, 46.5792274475, 46.9971885681, 47.415145874, 47.8331069946, 48.2510643005, 48.6690254211, 49.0869827271, 49.5049438477, 49.9229011536, 50.3408622742, 50.7588195801, 51.1767807007, 51.5947380066, 52.0010871887, 52.3609962463, 52.7092971802, 53.0575942993, 53.4058952332, 53.7541923523, 54.1024932861, 54.4391822815, 54.7758712769, 55.1125602722, 55.4492492676, 55.7859382629, 56.1342391968, 56.4825401306, 56.8308372498, 57.1675262451, 57.515827179, 57.8641242981, 58.2704734802, 58.6884346008, 59.094783783, 59.4895210266, 59.884262085, 60.2906112671, 60.6853485107, 61.0684814453, 61.463218689, 61.8579597473, 62.2643089294, 62.6009979248, 62.9376869202, 63.2859840393, 63.6226730347, 63.9477539062, 64.2728347778, 64.5979156494, 64.9229888916, 65.2480697632, 65.5731506348, 65.8982315063, 66.234916687, 66.5716094971, 66.8966903687, 67.2217712402, 67.5468444824, 67.871925354, 68.1853942871, 68.4988632202, 68.8239440918, 69.1374130249, 69.450881958, 69.7759628296, 70.1474838257, 70.5189971924, 70.8905181885, 71.273651123, 71.7032165527, 72.1327896118, 72.5623550415, 73.0035324097, 73.4447174072, 73.8858947754, 74.3154602051, 74.7450332642, 75.1629943848, 75.5925598145, 76.0221328735, 76.4516983032, 76.8812713623, 77.276008606, 77.6591339111, 78.0422668457, 78.4370040894, 78.8433532715, 79.2497024536, 79.6560516357, 80.0507888794, 80.433921814, 80.8286590576, 81.2117919922, 81.5949172974, 81.9664382935, 82.349571228, 82.7326965332, 83.1158294678, 83.5453948975, 83.9633560181, 84.3813171387, 84.8108825684, 85.228843689, 85.6584091187, 86.0763702393, 86.4943313599, 86.9122848511, 87.3302459717, 87.7365951538, 88.1429443359, 88.5492935181, 88.9556427002, 89.3503875732, 89.7567367554, 90.1630859375, 90.5926513672, 90.9990005493, 91.393737793, 91.788482666, 92.3109283447, 92.8333740234, 93.3558273315, 93.7737884521, 94.1917419434, 94.609703064, 95.0276641846, 95.4340133667, 95.8403625488, 96.246711731, 96.6414489746, 97.0477981567, 97.4541473389, 97.8488845825, 98.2436294556, 98.6383666992, 99.0331039429, 99.4278411865, 99.8225860596, 100.228935242, 100.623672485, 101.030021667, 101.424758911, 101.807891846, 102.191017151, 102.574150085, 102.968887329, 103.375236511, 103.781585693, 104.164710999, 104.547843933, 104.954193115, 105.348930359, 105.743675232, 106.138412476, 106.533149719, 106.95111084, 107.357460022, 107.763809204, 108.158546448, 108.553283691, 108.948028564, 109.342765808, 109.737503052, 110.143852234, 110.550201416, 110.956550598, 111.36289978, 111.780860901, 112.198822021, 112.616775513, 113.011520386, 113.406257629, 113.800994873, 114.195732117, 114.613693237, 115.031654358, 115.449615479, 115.86756897, 116.273918152, 116.680267334, 117.086616516, 117.492965698, 117.910926819, 118.317276001, 118.723625183, 119.129974365, 119.5131073, 119.907844543, 120.314193726, 120.720542908, 121.12689209, 121.521629333, 121.927978516, 122.322715759, 122.729064941, 123.135414124, 123.530158997, 123.936508179, 124.342857361, 124.749206543, 125.132331848, 125.515464783, 125.898590088, 126.293327332, 126.688072205, 127.082809448, 127.48915863, 127.895507812, 128.301864624, 128.708206177, 129.114562988, 129.520904541, 129.915649414, 130.310379028, 130.71673584, 131.123077393, 131.517822266, 131.912567139, 132.307296753, 132.690429688, 133.085174561, 133.479904175, 133.886260986, 134.292602539, 134.710571289, 135.233016968, 135.73223877, 136.23147583, 136.846801758, 137.462127686, 138.065841675, 138.692779541, 139.308120728, 139.923446655, 140.538772583, 141.142486572, 141.74621582, 142.338317871, 142.94203186, 143.545761108, 144.149475098, 144.753189087, 145.345306396, 145.937408447, 146.529525757, 147.110015869, 147.527984619, 147.934326172, 148.329071045, 148.723800659, 149.118545532, 149.524902344, 149.919631958, 150.314376831, 150.709106445, 151.103851318, 151.51020813, 151.916549683, 152.322906494, 152.717636108, 153.112380981, 153.507110596, 153.901855469, 154.296600342, 154.714553833, 155.109298706, 155.515640259, 155.933609009, 156.316726685, 156.699859619, 157.071380615, 157.45451355, 157.826034546, 158.197555542, 158.5574646, 158.917373657, 159.346939087, 159.776504517, 160.206069946, 160.635650635, 161.076828003, 161.518005371, 161.935958862, 162.353912354, 162.771881104, 163.189834595, 163.596191406, 164.002532959, 164.397277832, 164.792022705, 165.186752319, 165.581497192, 165.987838745, 166.394195557, 166.788925171, 167.183670044, 167.578414917, 167.98475647, 168.367889404, 168.774230957, 169.180587769, 169.575332642, 169.981674194, 170.388031006, 170.794372559, 171.20072937, 171.607070923, 172.013427734, 172.419769287, 172.826126099, 173.220855713, 173.615600586, 174.0103302, 174.405075073, 174.799819946, 175.206161499, 175.612518311, 176.018859863, 176.413604736, 176.796737671, 177.191467285, 177.586212158, 177.980941772, 178.375686646, 178.75881958, 179.141952515, 179.52507019, 179.931427002, 180.326171875, 180.720901489, 181.092422485, 181.498779297, 181.90512085, 182.299865723, 182.694595337, 183.08934021, 183.507293701, 183.902038574, 184.308380127, 184.714736938, 185.109481812, 185.515823364, 185.910568237, 186.293685913, 186.688430786, 187.083175659, 187.466293335, 187.861038208, 188.255783081, 188.662124634, 189.045257568, 189.428390503, 189.823120117, 190.229476929, 190.624221802, 191.018951416, 191.402084351, 191.785217285, 192.168334961, 192.574691772, 192.957824707, 193.387390137, 193.793731689, 194.200088501, 194.618041992, 195.05921936, 195.500411987, 195.941589355, 196.371154785, 196.812332153, 197.241897583, 197.648254395, 198.03137207, 198.414505005, 198.809249878, 199.203994751, 199.598724365, 199.9818573, 200.364990234, 200.74810791, 201.131240845, 201.514373779, 201.897506714, 202.28062439, 202.663757324, 203.046890259, 203.441635132, 203.824752808, 204.219497681, 204.614242554, 205.008972168, 205.403717041, 205.798446655, 206.169967651, 206.576324463, 206.982666016, 207.377410889, 207.772155762, 208.143676758, 208.538406372, 208.933151245, 209.327880859, 209.722625732, 210.117370605, 210.51210022, 210.906845093, 211.301589966, 211.707931519, 212.11428833, 212.520629883, 212.926986694, 213.333328247, 213.72807312, 214.111190796, 214.505935669, 214.900680542, 215.295410156, 215.690155029, 216.084899902, 216.479629517, 216.87437439, 217.269119263, 217.663848877, 218.05859375, 218.453323364, 218.848068237, 219.254425049, 219.660766602, 220.055511475, 220.450241089, 220.8565979, 221.262939453, 221.657684326, 222.052429199, 222.447158813, 222.841903687, 223.236633301, 223.631378174, 224.026123047, 224.4324646, 224.838821411, 225.245162964, 225.651519775, 226.034637451, 226.417770386, 226.80090332, 227.184036255, 227.567153931, 227.950286865, 228.3334198, 228.716552734, 229.111282349, 229.506027222, 229.912384033, 230.318725586, 230.725082397, 231.13142395, 231.526168823, 231.920898438, 232.315643311, 232.721984863, 233.128341675, 233.546295166, 233.964263916, 234.370605469, 234.800170898, 235.229751587, 235.659317017, 236.088882446, 236.506851196, 236.936416626, 237.365982056, 237.772338867, 238.17868042, 238.596633911, 239.002990723, 239.479003906, 239.955001831, 240.431015015, 240.941848755, 241.452697754, 241.963531494, 242.544036865, 243.124526978, 243.705032349, 244.239089966, 244.773147583, 245.3072052, 245.852874756, 246.386932373, 246.955825806, 247.536315918, 248.116821289, 248.69732666, 249.277816772, 249.858322144, 250.438812256, 251.019317627], "danceability": 0.977910220623, "bpm_histogram_second_peak_spread": {"dvar": 0, "var": 0, "median": 0.335877895355, "max": 0.335877895355, "dmean": 0, "dmean2": 0, "mean": 0.335877895355, "dvar2": 0, "min": 0.335877895355}}, "lowlevel": {"spectral_flux": {"dvar": 0.000479783804622, "var": 0.00160475831944, "median": 0.0412226803601, "max": 0.326099187136, "dmean": 0.0162256583571, "dmean2": 0.0260314848274, "mean": 0.0504649057984, "dvar2": 0.00118366861716, "min": 6.37552302618e-11}, "spectral_rolloff": {"dvar": 2035470.25, "var": 7549174.5, "median": 689.0625, "max": 21425.5371094, "dmean": 354.912017822, "dmean2": 600.391967773, "mean": 1343.85998535, "dvar2": 4428560.5, "min": 64.599609375}, "barkbands_flatness_db": {"dvar": 0.00033152179094, "var": 0.00185206660535, "median": 0.204788476229, "max": 0.399474531412, "dmean": 0.0171277076006, "dmean2": 0.0264041032642, "mean": 0.203410595655, "dvar2": 0.000757501809858, "min": 0.0335099063814}, "spectral_centroid": {"dvar": 45681.484375, "var": 678545.75, "median": 582.741210938, "max": 11987.8457031, "dmean": 101.502342224, "dmean2": 144.170120239, "mean": 730.704162598, "dvar2": 67301.125, "min": 163.905273438}, "melbands_skewness": {"dvar": 0.660419166088, "var": 4.31631088257, "median": 1.90039992332, "max": 25.4966373444, "dmean": 0.521785378456, "dmean2": 0.80198687315, "mean": 2.32277107239, "dvar2": 1.60679721832, "min": -1.04651975632}, "melbands": {"dvar": [3.18082027384e-09, 1.61153437261e-07, 1.40551009054e-07, 1.94780432139e-06, 6.0208941477e-07, 2.77207419686e-07, 2.1434549069e-07, 2.01303478775e-07, 4.06014549981e-07, 3.42973038414e-07, 2.99931741665e-08, 1.00075849829e-08, 7.65138974401e-09, 4.4503170038e-09, 6.17751760856e-09, 1.3526688214e-08, 2.47539944098e-09, 1.89588433841e-09, 3.72131464532e-10, 5.87108750505e-10, 4.46111064756e-10, 4.36507663348e-10, 2.48364273592e-10, 6.69544142351e-11, 7.75734598085e-12, 2.78576051116e-11, 3.62384983132e-11, 1.36630411846e-11, 1.67648056895e-12, 7.79777718091e-12, 7.54126448788e-12, 1.25622316369e-11, 2.44013160372e-11, 1.81992702158e-11, 4.94314172927e-11, 5.37699849923e-11, 2.55402799604e-11, 2.39939162289e-11, 3.28654950477e-11, 5.38318382926e-11], "var": [6.28389962287e-09, 5.82117081649e-07, 3.76249460032e-07, 3.50985692421e-06, 2.14456667891e-06, 6.10321137628e-07, 5.80280129725e-07, 6.43106318421e-07, 9.51299739427e-07, 1.20312597574e-06, 1.57996780104e-07, 3.37098065017e-08, 2.82803522822e-08, 1.46497454168e-08, 2.05369232731e-08, 4.58582256613e-08, 1.01207033865e-08, 5.08087749651e-09, 7.94509846802e-10, 9.12159348054e-10, 1.11144715653e-09, 8.9231849687e-10, 7.2972566878e-10, 2.64681276896e-10, 1.97147766862e-11, 6.73078745517e-11, 1.2854664555e-10, 2.0936776618e-11, 3.2871552702e-12, 1.33728176102e-11, 1.75709030659e-11, 2.50713911437e-11, 3.52245177471e-11, 2.93734446488e-11, 6.87544673972e-11, 9.25779800043e-11, 5.27368634873e-11, 5.4955318074e-11, 8.97397225974e-11, 1.82805492965e-10], "median": [6.85172199155e-06, 0.000114394584671, 0.000250550394412, 0.000546212191693, 0.000448526989203, 0.000211672537262, 0.000198679947061, 0.000146013917401, 9.29276866373e-05, 5.99935665377e-05, 3.89474480471e-05, 4.50484549219e-05, 3.02569769701e-05, 2.02172323043e-05, 1.59478313435e-05, 1.3331736227e-05, 8.48344097903e-06, 5.12634414918e-06, 3.45981425198e-06, 3.45381454281e-06, 3.29763338414e-06, 1.82919200142e-06, 2.32573120229e-06, 7.95865389591e-07, 4.91136631808e-07, 3.66186526435e-07, 2.5083681976e-07, 1.45950423303e-07, 7.21159025829e-08, 4.61280258435e-08, 3.16527000166e-08, 2.70304791883e-08, 2.1304808584e-08, 1.15906306775e-08, 8.85577922105e-09, 7.28968041486e-09, 7.61477814137e-09, 6.69291955191e-09, 8.23928925087e-09, 6.97122493065e-09], "max": [0.002542123897, 0.0161420088261, 0.0126994308084, 0.0296176169068, 0.0180072169751, 0.0201198123395, 0.0188914556056, 0.0121395047754, 0.0172902941704, 0.0183833837509, 0.00644528120756, 0.00438472395763, 0.00299759372137, 0.00340132811107, 0.00216541741975, 0.00516123371199, 0.00156784057617, 0.00209599360824, 0.000974671216682, 0.000827429874334, 0.00133212655783, 0.00151732121594, 0.000805373420008, 0.000436361471657, 0.000118192358059, 0.000305967550958, 0.000282838969724, 0.000190877748537, 3.33450661856e-05, 0.000187616591575, 0.000191693543456, 0.000206048745895, 0.000228054545005, 0.000148151317262, 0.000285335961962, 0.000318552047247, 0.000170990533661, 0.000217114531551, 0.000256090599578, 0.000447120633908], "dmean": [1.35844575198e-05, 0.000126084691146, 0.000188090838492, 0.000626124907285, 0.000391130539356, 0.000187921425095, 0.000170990111656, 0.00016720633721, 0.000177528971108, 0.000147504339111, 5.62722343602e-05, 3.39069229085e-05, 3.31850933435e-05, 2.11260357901e-05, 2.46460222115e-05, 2.65217586275e-05, 1.49134511958e-05, 9.52037953539e-06, 4.25420421379e-06, 4.27032546213e-06, 4.47923639513e-06, 2.76948435385e-06, 3.64043626178e-06, 1.8305663616e-06, 7.58040812343e-07, 8.31058230233e-07, 1.13721091566e-06, 6.54403606859e-07, 2.71681273034e-07, 3.18582749514e-07, 3.4377353586e-07, 4.42521468358e-07, 5.81217420859e-07, 5.18496790392e-07, 7.23138043668e-07, 8.32833791264e-07, 6.70613303555e-07, 6.1327733647e-07, 7.40308905733e-07, 9.27544988372e-07], "dmean2": [2.23362239922e-05, 0.000196523891645, 0.000302367290715, 0.00100174767431, 0.000573705940042, 0.000284228852252, 0.000243761518504, 0.000243954040343, 0.000247469404712, 0.000201089133043, 7.59719696362e-05, 4.90752354381e-05, 4.89073136123e-05, 3.09346942231e-05, 3.69224835595e-05, 3.86736392102e-05, 2.21515929297e-05, 1.38768900797e-05, 6.35874084765e-06, 6.59148827253e-06, 6.72154783388e-06, 4.00696035285e-06, 5.42483667232e-06, 2.60639353655e-06, 1.10765336103e-06, 1.18846662645e-06, 1.6189045482e-06, 9.63224351835e-07, 4.05132311698e-07, 4.60642667122e-07, 4.4723194037e-07, 6.06583228091e-07, 8.2476043417e-07, 7.20932177956e-07, 9.98573341349e-07, 1.13088208309e-06, 9.04553360215e-07, 8.26126097309e-07, 9.52487653194e-07, 1.1788312122e-06], "mean": [3.15558536386e-05, 0.000357530836482, 0.000453415763332, 0.00117093941662, 0.00093693571398, 0.00044795422582, 0.000455774541479, 0.000411342305597, 0.000378079974325, 0.000350111658918, 0.000149298604811, 9.55039431574e-05, 7.27041988284e-05, 4.97093278682e-05, 5.31021687493e-05, 6.00684143137e-05, 3.33233329002e-05, 2.03435120056e-05, 8.54058725963e-06, 8.37712923385e-06, 9.90347507468e-06, 5.78470007895e-06, 7.5099528658e-06, 3.9129167817e-06, 1.56762177994e-06, 1.60439708452e-06, 2.30991008721e-06, 1.07237531211e-06, 4.50836154187e-07, 4.82999269025e-07, 5.2974985465e-07, 6.52615142371e-07, 7.57285988584e-07, 7.13969427579e-07, 8.76255512594e-07, 1.11321628538e-06, 9.77269678515e-07, 9.13021551696e-07, 1.17580316328e-06, 1.4947654563e-06], "dvar2": [8.38736102793e-09, 4.51635600029e-07, 3.83373247814e-07, 4.6296504479e-06, 1.3157094827e-06, 6.19899878984e-07, 4.19400379315e-07, 4.14170642671e-07, 8.49918421864e-07, 6.39063557628e-07, 4.97574355052e-08, 2.17858922014e-08, 1.54216657222e-08, 9.59468859918e-09, 1.30097719264e-08, 2.74953766422e-08, 4.80948614268e-09, 4.33062963268e-09, 7.31895266615e-10, 1.3049733516e-09, 9.74268443699e-10, 8.36280322769e-10, 5.10723574543e-10, 1.15561470115e-10, 1.53654259455e-11, 4.79388785612e-11, 6.72648742261e-11, 3.23889803866e-11, 3.85805450087e-12, 1.56153753123e-11, 1.1523343911e-11, 2.34939463717e-11, 5.48313165705e-11, 3.60164224833e-11, 9.94732282655e-11, 1.02272933178e-10, 4.71954315906e-11, 4.17977284728e-11, 4.88798237996e-11, 8.34796190508e-11], "min": [1.77204231166e-24, 2.06017040463e-24, 3.80315285547e-24, 1.32010399766e-24, 2.65459405722e-24, 2.48009802499e-24, 1.7784025027e-24, 2.42404926046e-24, 2.4317901553e-24, 3.71940422633e-24, 2.43924706023e-24, 1.17656454368e-24, 3.08660998488e-24, 2.62465264435e-24, 2.36486733762e-24, 2.3973512492e-24, 3.96094396918e-24, 3.56939759204e-24, 4.42693672767e-24, 3.94229371966e-24, 3.71417723397e-24, 4.61063837224e-24, 3.55768971291e-24, 3.86714919641e-24, 5.11399355535e-24, 3.58247217268e-24, 5.42983137369e-24, 5.5440225396e-24, 4.75953113493e-24, 6.62390409352e-24, 5.60442404139e-24, 3.86395233759e-24, 5.2574147788e-24, 5.89220720493e-24, 4.93059483337e-24, 4.20025005237e-24, 7.17802050373e-24, 6.14102537292e-24, 7.04925316045e-24, 6.15907135499e-24]}, "spectral_decrease": {"dvar": 3.95653928669e-18, "var": 2.04884978037e-17, "median": -3.84648313201e-09, "max": 2.29919602585e-16, "dmean": 1.23460630608e-09, "dmean2": 1.78482340019e-09, "mean": -5.08150144185e-09, "dvar2": 7.99425559716e-18, "min": -3.5630819184e-08}, "barkbands_kurtosis": {"dvar": 38.9162445068, "var": 181.544586182, "median": 3.79773902893, "max": 227.976394653, "dmean": 3.05255675316, "dmean2": 4.68546724319, "mean": 7.13648939133, "dvar2": 88.5372543335, "min": -1.90270066261}, "silence_rate_30dB": {"dvar": 0.0014735100558, "var": 0.000829380820505, "median": 1, "max": 1, "dmean": 0.00147574243601, "dmean2": 0.00295175728388, "mean": 0.999169945717, "dvar2": 0.00423424132168, "min": 0}, "gfcc": {"mean": [-99.5948104858, 124.829162598, -108.555114746, -20.8795471191, -52.5969467163, -13.8804645538, -46.7344779968, -4.62324380875, -30.5045566559, -9.49032688141, -18.0975761414, -5.83270645142, -13.774017334], "cov": [[25376.9746094, 2310.0222168, -4060.48364258, -1057.13977051, -1691.12231445, -283.948913574, -1288.86242676, -148.721694946, -841.681518555, -147.833282471, -172.244277954, -229.992050171, -414.842681885], [2310.0222168, 2705.921875, -952.862304688, -238.068161011, 440.704345703, -300.909973145, 56.3954467773, -107.333854675, 48.3294868469, -210.193603516, 17.94140625, -88.2671203613, 75.5241088867], [-4060.48364258, -952.862304688, 1496.1595459, 335.378082275, 128.068283081, 257.730651855, 150.218093872, 66.0333328247, 87.758644104, 106.155387878, -21.6609325409, 48.2637672424, 12.8632516861], [-1057.13977051, -238.068161011, 335.378082275, 458.839233398, 148.054855347, 66.8782119751, 73.9659729004, -19.2523784637, 74.673500061, 3.02367639542, -11.7023925781, 7.93008613586, 47.3135719299], [-1691.12231445, 440.704345703, 128.068283081, 148.054855347, 472.454162598, 16.7476673126, 161.360595703, 7.2516503334, 101.306480408, -47.0595932007, 15.3551721573, 6.05826854706, 67.8876266479], [-283.948913574, -300.909973145, 257.730651855, 66.8782119751, 16.7476673126, 205.99697876, 39.5256156921, 26.2966041565, -3.01358938217, 32.608669281, -9.53207492828, 3.25711536407, -23.0946979523], [-1288.86242676, 56.3954467773, 150.218093872, 73.9659729004, 161.360595703, 39.5256156921, 182.237976074, 24.2757053375, 62.1163139343, 0.892003834248, 10.1011047363, 9.43082427979, 32.8976745605], [-148.721694946, -107.333854675, 66.0333328247, -19.2523784637, 7.2516503334, 26.2966041565, 24.2757053375, 98.8601760864, 23.5990066528, 7.67240953445, -1.32974553108, -2.02695870399, -7.42879390717], [-841.681518555, 48.3294868469, 87.758644104, 74.673500061, 101.306480408, -3.01358938217, 62.1163139343, 23.5990066528, 119.323616028, 8.92083454132, 8.99356174469, 9.07056617737, 28.9199409485], [-147.833282471, -210.193603516, 106.155387878, 3.02367639542, -47.0595932007, 32.608669281, 0.892003834248, 7.67240953445, 8.92083454132, 93.4079818726, 27.1332054138, 11.5401058197, -12.9659566879], [-172.244277954, 17.94140625, -21.6609325409, -11.7023925781, 15.3551721573, -9.53207492828, 10.1011047363, -1.32974553108, 8.99356174469, 27.1332054138, 78.5756378174, 19.0284805298, -8.73049068451], [-229.992050171, -88.2671203613, 48.2637672424, 7.93008613586, 6.05826854706, 3.25711536407, 9.43082427979, -2.02695870399, 9.07056617737, 11.5401058197, 19.0284805298, 71.1678085327, 16.3885574341], [-414.842681885, 75.5241088867, 12.8632516861, 47.3135719299, 67.8876266479, -23.0946979523, 32.8976745605, -7.42879390717, 28.9199409485, -12.9659566879, -8.73049068451, 16.3885574341, 82.0939788818]], "icov": [[0.000272530916845, -0.000416634080466, 0.00060974661028, -0.000503975781612, 0.000720619980711, -0.000780689239036, 0.00100270390976, -0.000768371857703, 0.000888074398972, -0.00066548853647, 0.00069404853275, -0.000460434675915, 0.00041626393795], [-0.000416634080466, 0.00151035760064, -0.000600489554927, 0.00128431757912, -0.00199906644411, 0.00169025349896, -0.00159961555619, 0.00197484227829, -0.00171082222369, 0.00188228441402, -0.00132044544443, 0.00159071222879, -0.000750608567614], [0.00060974661028, -0.000600489554927, 0.00261213164777, -0.00152685609646, 0.0011917243246, -0.00240536127239, 0.00184517866001, -0.00184210680891, 0.00175444572233, -0.00221765437163, 0.00218659453094, -0.00135935831349, 0.00107164005749], [-0.000503975781612, 0.00128431757912, -0.00152685609646, 0.0044493204914, -0.00226993113756, 0.00105564389378, -0.0017467897851, 0.0033309685532, -0.00327111012302, 0.00211909250356, -0.00131688790862, 0.00183754705358, -0.00189764902461], [0.000720619980711, -0.00199906644411, 0.0011917243246, -0.00226993113756, 0.00677055539563, -0.00293705472723, 0.00034886872163, -0.00240563508123, 0.00104215706233, -0.000104898274003, 0.000508942117449, -0.0014642252354, -0.000217846783926], [-0.000780689239036, 0.00169025349896, -0.00240536127239, 0.00105564389378, -0.00293705472723, 0.00977538712323, -0.00418010773137, 0.00139590539038, -0.000863066641614, 0.000560380227398, -0.000558019208256, 0.00134944112506, 0.00131251919083], [0.00100270390976, -0.00159961555619, 0.00184517866001, -0.0017467897851, 0.00034886872163, -0.00418010773137, 0.0129788350314, -0.0040394118987, 0.00133455300238, -0.00263446662575, 0.00162906316109, -0.00161388551351, -0.000165659541381], [-0.000768371857703, 0.00197484227829, -0.00184210680891, 0.0033309685532, -0.00240563508123, 0.00139590539038, -0.0040394118987, 0.0150018157437, -0.00601312937215, 0.00306000281125, -0.00177150045056, 0.0027149040252, -0.000101187615655], [0.000888074398972, -0.00171082222369, 0.00175444572233, -0.00327111012302, 0.00104215706233, -0.000863066641614, 0.00133455300238, -0.00601312937215, 0.0161366350949, -0.00494936900213, 0.00211859541014, -0.00222404371016, -0.000308608548949], [-0.00066548853647, 0.00188228441402, -0.00221765437163, 0.00211909250356, -0.000104898274003, 0.000560380227398, -0.00263446662575, 0.00306000281125, -0.00494936900213, 0.0182964298874, -0.00803010072559, 0.00191106938291, -0.000993539695628], [0.00069404853275, -0.00132044544443, 0.00218659453094, -0.00131688790862, 0.000508942117449, -0.000558019208256, 0.00162906316109, -0.00177150045056, 0.00211859541014, -0.00803010072559, 0.0191536899656, -0.00626001181081, 0.00501939142123], [-0.000460434675915, 0.00159071222879, -0.00135935831349, 0.00183754705358, -0.0014642252354, 0.00134944112506, -0.00161388551351, 0.0027149040252, -0.00222404371016, 0.00191106938291, -0.00626001181081, 0.0185046829283, -0.00542781548575], [0.00041626393795, -0.000750608567614, 0.00107164005749, -0.00189764902461, -0.000217846783926, 0.00131251919083, -0.000165659541381, -0.000101187615655, -0.000308608548949, -0.000993539695628, 0.00501939142123, -0.00542781548575, 0.0180767327547]]}, "silence_rate_20dB": {"dvar": 0, "var": 0, "median": 1, "max": 1, "dmean": 0, "dmean2": 0, "mean": 1, "dvar2": 0, "min": 1}, "barkbands_skewness": {"dvar": 0.318224042654, "var": 2.12192797661, "median": 1.62167716026, "max": 12.0325422287, "dmean": 0.449403524399, "dmean2": 0.673682451248, "mean": 1.74222970009, "dvar2": 0.677602171898, "min": -13.9493608475}, "erbbands_skewness": {"dvar": 0.102164342999, "var": 0.672667145729, "median": 0.680333197117, "max": 6.00955247879, "dmean": 0.285852283239, "dmean2": 0.424245774746, "mean": 0.763444721699, "dvar2": 0.206254333258, "min": -4.39476108551}, "spectral_contrast_valleys": {"dvar": [0.118004724383, 0.0619010776281, 0.0504391714931, 0.0496134757996, 0.0503474809229, 0.090205617249], "var": [3.09503316879, 4.15827322006, 4.02019453049, 3.60193538666, 3.04674649239, 2.69175219536], "median": [-8.59627246857, -6.73019456863, -7.58642292023, -8.4456205368, -9.18922042847, -11.9986619949], "max": [-6.06919193268, -5.00247526169, -5.01723527908, -5.77893304825, -6.06238412857, -6.9064950943], "dmean": [0.395292282104, 0.271742850542, 0.236077368259, 0.218938007951, 0.1959708184, 0.207006543875], "dmean2": [0.664130806923, 0.441717833281, 0.382330030203, 0.35320186615, 0.302209496498, 0.291960626841], "mean": [-8.80164432526, -7.19313287735, -8.10031318665, -8.90311908722, -9.45377349854, -11.8852910995], "dvar2": [0.319477915764, 0.145148336887, 0.113716125488, 0.108384914696, 0.101851962507, 0.154046803713], "min": [-27.7503166199, -28.0078048706, -27.6167945862, -27.6823921204, -27.6156406403, -27.3810977936]}, "spectral_strongpeak": {"dvar": 0.531072497368, "var": 1.78157603741, "median": 0.726713240147, "max": 23.0909423828, "dmean": 0.401596784592, "dmean2": 0.642971515656, "mean": 1.12126326561, "dvar2": 1.29082763195, "min": 0}, "erbbands_crest": {"dvar": 5.18163013458, "var": 20.0747718811, "median": 9.42085838318, "max": 30.1278209686, "dmean": 2.12673354149, "dmean2": 3.32288956642, "mean": 10.5103387833, "dvar2": 12.4316568375, "min": 2.14473223686}, "barkbands_crest": {"dvar": 5.15284872055, "var": 19.3549423218, "median": 10.4203386307, "max": 26.2638607025, "dmean": 2.19641518593, "dmean2": 3.52444505692, "mean": 11.3769178391, "dvar2": 12.991104126, "min": 3.31387329102}, "spectral_energyband_middle_low": {"dvar": 5.53529898752e-05, "var": 0.000240170222241, "median": 0.0112963868305, "max": 0.125865459442, "dmean": 0.00454664044082, "dmean2": 0.00663531152532, "mean": 0.0159706491977, "dvar2": 0.000113278372737, "min": 1.80931142981e-22}, "spectral_contrast_coeffs": {"dvar": [0.00137911748607, 0.0010171396425, 0.000700424192473, 0.000474587111967, 0.000323126849253, 0.000164200915606], "var": [0.0131877819076, 0.00616561621428, 0.00658662524074, 0.00474470062181, 0.00439207628369, 0.00169629312586], "median": [-0.506506919861, -0.681940317154, -0.721498131752, -0.74166727066, -0.755417764187, -0.816038906574], "max": [-0.245313361287, -0.382641941309, -0.408982932568, -0.50311934948, -0.531930923462, -0.654777288437], "dmean": [0.0446532443166, 0.0350597724319, 0.0285957418382, 0.0244463868439, 0.0193030834198, 0.0130807142705], "dmean2": [0.0738004595041, 0.0567353442311, 0.0447945334017, 0.0385770872235, 0.0300518814474, 0.0200776588172], "mean": [-0.518256247044, -0.684088289738, -0.718629837036, -0.743899524212, -0.759086430073, -0.817694067955], "dvar2": [0.00371880549937, 0.00251172855496, 0.00155889987946, 0.00109843700193, 0.00069804379018, 0.000340872240486], "min": [-0.984742283821, -0.973121762276, -0.974370837212, -0.968019664288, -0.966157793999, -0.963530302048]}, "hfc": {"dvar": 245.959274292, "var": 1073.14941406, "median": 7.18098545074, "max": 716.42199707, "dmean": 4.47805166245, "dmean2": 5.65672111511, "mean": 15.1880140305, "dvar2": 314.771789551, "min": 1.08099357198e-16}, "spectral_energyband_high": {"dvar": 2.48768878919e-06, "var": 9.74232443696e-06, "median": 1.00568186099e-05, "max": 0.0653108134866, "dmean": 0.000252073281445, "dmean2": 0.000286974158371, "mean": 0.000472228100989, "dvar2": 2.82581413558e-06, "min": 7.14099125924e-21}, "erbbands_spread": {"dvar": 71.6248474121, "var": 659.519897461, "median": 19.7276039124, "max": 173.75227356, "dmean": 4.32614326477, "dmean2": 6.43753767014, "mean": 26.2930717468, "dvar2": 137.023376465, "min": 2.98223924637}, "dissonance": {"dvar": 0.000501088798046, "var": 0.00204229680821, "median": 0.423940002918, "max": 0.500000059605, "dmean": 0.0241498164833, "dmean2": 0.0403819680214, "mean": 0.419736564159, "dvar2": 0.00138328003231, "min": 0.229952707887}, "spectral_kurtosis": {"dvar": 24.0024051666, "var": 104.06136322, "median": 15.7123756409, "max": 77.1204223633, "dmean": 4.56506872177, "dmean2": 7.65910816193, "mean": 17.0440254211, "dvar2": 66.9298248291, "min": -1.2550303936}, "spectral_skewness": {"dvar": 0.124671407044, "var": 0.833890736103, "median": 3.03590917587, "max": 6.64681243896, "dmean": 0.36547806859, "dmean2": 0.593338310719, "mean": 2.99774003029, "dvar2": 0.321432799101, "min": -0.242319449782}, "pitch_salience": {"dvar": 0.00305339391343, "var": 0.0126737728715, "median": 0.587680697441, "max": 0.851135373116, "dmean": 0.0573393702507, "dmean2": 0.0910112187266, "mean": 0.577002644539, "dvar2": 0.00773969246075, "min": 0.11539003998}, "spectral_complexity": {"dvar": 2.59929823875, "var": 30.0933666229, "median": 13, "max": 44, "dmean": 1.50027668476, "dmean2": 2.44737577438, "mean": 12.3410491943, "dvar2": 5.62623691559, "min": 0}, "spectral_spread": {"dvar": 881740283904, "var": 15037485809700.0, "median": 2496417.5, "max": 41926420, "dmean": 449961.0625, "dmean2": 635617.1875, "mean": 3733112, "dvar2": 1336645124100.0, "min": 927249.75}, "dynamic_complexity": 5.83423662186, "melbands_crest": {"dvar": 7.08294630051, "var": 30.1362514496, "median": 13.3436584473, "max": 37.1816520691, "dmean": 2.67552638054, "dmean2": 4.29942464828, "mean": 14.41959095, "dvar2": 17.8495998383, "min": 1.55843746662}, "zerocrossingrate": {"dvar": 0.000379028992029, "var": 0.00608404772356, "median": 0.0302734375, "max": 0.81884765625, "dmean": 0.00803835596889, "dmean2": 0.00915262755007, "mean": 0.0496022254229, "dvar2": 0.000348893372575, "min": 0.0068359375}, "spectral_energyband_low": {"dvar": 2.38836560129e-06, "var": 6.645223948e-06, "median": 0.000744359625969, "max": 0.0602475181222, "dmean": 0.000562206842005, "dmean2": 0.00090913719032, "mean": 0.00154837605078, "dvar2": 6.97226369084e-06, "min": 2.44098996951e-23}, "melbands_kurtosis": {"dvar": 605.250488281, "var": 1673.12121582, "median": 5.73856163025, "max": 815.387695312, "dmean": 6.43445777893, "dmean2": 10.227519989, "mean": 14.6064558029, "dvar2": 1564.71508789, "min": -1.90199565887}, "spectral_energyband_middle_high": {"dvar": 3.40470910487e-06, "var": 2.21434147534e-05, "median": 0.00164351251442, "max": 0.0523699373007, "dmean": 0.000800779904239, "dmean2": 0.00108967698179, "mean": 0.00307982321829, "dvar2": 5.87660861129e-06, "min": 1.15886044919e-21}, "barkbands_spread": {"dvar": 56.5501747131, "var": 212.281097412, "median": 7.55880594254, "max": 143.525924683, "dmean": 2.94811296463, "dmean2": 4.47773838043, "mean": 11.5457191467, "dvar2": 115.72341156, "min": 0.485121697187}, "mfcc": {"mean": [-744.893493652, 177.741256714, -11.6282444, -1.12132310867, -0.45936062932, -14.6909370422, -9.81969451904, -8.00156116486, -11.0692682266, -10.1129512787, -7.66249227524, -6.37224531174, -5.98099184036], "cov