{"metadata": {"audio_properties": {"downmix": "mix", "bit_rate": 220795, "lossless": false, "md5_encoded": "e335b55894b3c73f60c7c595500745ee", "analysis_sample_rate": 44100, "sample_rate": 44100, "replay_gain": -11.0547599792, "equal_loudness": 0, "codec": "mp3", "length": 217.12979126}, "tags": {"date": ["1997"], "musicbrainz_albumid": ["6c1407e6-6247-4c31-81c5-bf9e7591e485"], "musicbrainz_recordingid": ["2f3de9c6-3c93-433f-80fc-60cbcdce42cf"], "tracknumber": ["08/17"], "acoustid_id": ["07b148a1-1c1a-4c5c-93c1-f90beaef41bb"], "album": ["Gold Edition: 50 Movie Themes Hits (disc 3)"], "musicbrainz album type": ["Album", "Compilation"], "albumartist": ["Ennio Morricone"], "asin": ["B000IONT06"], "contentgroup": ["Classical", "Pop"], "media": ["(CD)"], "musicbrainz_albumartistid": ["a16e47f5-aa54-47fe-87e4-bb8af91a9fdd"], "file_name": "Ennio Morricone - Come un madrigale.mp3", "originalalbum": ["The Singles Collection, Volume Two"], "musicbrainz album release country": ["IT"], "musicbrainz_artistid": ["a16e47f5-aa54-47fe-87e4-bb8af91a9fdd"], "catalognumber": ["0160592"], "albumartistsort": ["Morricone, Ennio"], "script": ["Latin", "Latin"], "label": ["Edel Records"], "musicip_puid": ["552af15c-4742-7cdc-106e-2b596e8deea0"], "musicbrainz album status": ["Official"], "artist": ["Ennio Morricone"], "title": ["Come un madrigale"], "language": ["ita"], "discnumber": ["03/03"], "artistsort": ["Morricone, Ennio"], "acoustid_fingerprint": ["AQABz0mUJFqeJEnQeMpRrbLQRD2epUW5HlaH7he0DhZ1Cf3RZANzNHFQNcK1JBI0vcc_PDv64gsPjYWW40YnCs3kBKWUSThSCak_lNAPUczxonkOKY2YDfqJ5gh9C-FeNC7x4IdfPNGFNjo8ZkFwH_-HsMdXkFfhI9_IIYenJujRdMcP7YXTI-yN2IePSyeYXMmhS3lwPcjxSSxCysePHlomMUW_o2G2Qyobg9cRpxmuPMf5TKiGh-PgPEftDE_y4FfQoTkuRXjiMAg_6Dt-hDk-5SueD_yRXsST4UpySNyFH9eDsDuaaR_eMMPlI9m6I2XQJ7h4PF-G_-hpoiEu5cHhbziPeEoObVGP6MAjWMf3olwutOnR5cSNJktqlFKWDRF96EEYHZXP4UpyPMSfBckSHeEUSSye5Dh-NNHRjqGEJzl-5FUgRjy-SaugJ32RSwkuVOlCNDeeHLfwZwoaHeWHbEqSQBcb5NrQH_eFpsqH0yROonmNo7uKPELyZDiPHptT9PmC48d94eGQa4WYI0_gLXnwF0ekV9ByDpeRJ0nSEb-OPIZcigiFJj-ePBHIHc2HykUupYSexBTCC3dx_PAXor5MJNU-hBmloK9xKgu6Hz88Hn2CH7kDLc8Rqo2G-0OlXTCP5NKyIafx63hR47iHZEcYJ0qKi8R_FH4X1FpSPIlo_PDBHkmVRA_CaFTAfOHx4Bd-_MGNfkdTEZdwicYfgsyJ6mjCk8gnJC_MZ8LTScOPSkqDbzm6WDEY_Wje41E8ZD_0HFQukD1UZTmuNAyJyR_040oR5sxwIlfw5MahH82co37xSOghNsWFHzcLJ9-K3yryGPWGs2j2o06DD8_R_Ki7BXlxyTFuI8_hIm_xnPh8-DgTDXoUhPslWA0pVD-u4EojfId__GgePZj0TGxwEXxjND2KvFh3oV-O1EVzHbeCH9czPIXDH0f-4sWP91AbHaFHWBssptpR63gO__hT3DySlshj4xue4Id_vPiJTy1CUzm05MH_I2aOv0KJ5hq-TngxOfnholeiIqkYxciPbzke_Cj_Ck0e_MGD59KRj0OufUZ-9EJzHmiu4DqeBg_E8_iOT3Zxox3yw0-DR8MPJiPR8rhxZcFJZbiJkrgJf4CjLkVyhHPxK2A-T9iW53hn4MeLv8I3owq1fLgk4ifwLjHOD3mUHboitMeF8g90hKdM_PCws0X5gL-wB8nSEeGPay8-pkezo-txBUcuJMfxfHiO40-K0kJDhDYAIwxzQBjiGAJAGEMEAUCZAhyzACElgDFIASUEIQgIQRxATBgjGAFIGUAMMASQIBxRwBBDiBGACEKQAA4CIhEATgqCCBJEEGEoAMIQQAAARAgBkBBEKUIMMIYSBAhQRGlDCDEEEASJcAIRZAgQRFDOlKDAWEKgU0AQAQAgHBBhBSAQICCUEQQBRwQAyAgJACIKCcABdwYIBAABABtBhDFEGAQBA4IIBTECghGFBHlEGMcEYsogQxQxAEogCBBIAQIoEAgoBwUExCBjBRPEOKUAU8w0AYwRBgyDnAQCAWOQYgIIBIQBxiHioBQUCCGQsFYRAQwwWBEKgGtKAIEUFYIZBQBAAACFkGIaIeKIAMBYZKwhhBgAAEAICWCcQEIQYABTAACjnGEECQ6QoAghAQhSyAoIBHGAMGUZQgQYSIgxgAhSAAJAAImEAogYA7RFyrhKgUNkCA"], "musicbrainz_releasegroupid": ["ede9f82c-17c6-3da9-8ef9-e6b0792c6485"], "genre": ["Easy Listening"]}, "version": {"essentia_build_sha": "2d9f1f26377add8aeb1075a9c2973f962c4f09fd", "essentia_git_sha": "v2.1_beta2-1-ge3940c0", "extractor": "music 1.0", "essentia": "2.1-beta2"}}, "tonal": {"chords_scale": "major", "hpcp": {"dmean": [0.0787672922015, 0.0615380182862, 0.0432675629854, 0.0438142977655, 0.0452730096877, 0.0676452517509, 0.0790552422404, 0.0790176764131, 0.0590981990099, 0.048821285367, 0.0467826761305, 0.0528143532574, 0.0533012449741, 0.0372989661992, 0.0159145761281, 0.0130469258875, 0.0230268407613, 0.0559949018061, 0.0710493698716, 0.0776500478387, 0.105621032417, 0.107026621699, 0.112586118281, 0.121945396066, 0.101094804704, 0.0305546876043, 0.0429490320385, 0.0560811981559, 0.045110501349, 0.0175472665578, 0.0147042078897, 0.0221754610538, 0.0444363579154, 0.0589809902012, 0.0599123947322, 0.0670914128423], "dvar2": [0.100386448205, 0.0685773864388, 0.0388333424926, 0.0329083390534, 0.0312937870622, 0.0394816622138, 0.0523741990328, 0.0603634156287, 0.0607814341784, 0.0522192344069, 0.0416109934449, 0.0380858145654, 0.0352657027543, 0.0195426102728, 0.0149403456599, 0.0111423674971, 0.0190601628274, 0.0351758562028, 0.0511723384261, 0.0478812158108, 0.0574345439672, 0.0807962417603, 0.0607370845973, 0.1367302984, 0.133067861199, 0.0179157312959, 0.0321313999593, 0.0470640361309, 0.0307446289808, 0.010800845921, 0.012602256611, 0.0186922028661, 0.0317716598511, 0.051529366523, 0.0579735338688, 0.0809763967991], "mean": [0.0928068906069, 0.0599960573018, 0.0366692021489, 0.0469436012208, 0.0452306196094, 0.122133791447, 0.212694123387, 0.142401695251, 0.0577112212777, 0.0445315316319, 0.0384563393891, 0.0920352786779, 0.135719329119, 0.0724313333631, 0.0122927110642, 0.00789461005479, 0.0184696111828, 0.116468973458, 0.207811176777, 0.143830105662, 0.264171898365, 0.488807946444, 0.316255182028, 0.122055932879, 0.0853687748313, 0.0265101976693, 0.0770387202501, 0.133470848203, 0.0753286778927, 0.0135169923306, 0.00957341864705, 0.0184828303754, 0.0982765182853, 0.157608136535, 0.0903235971928, 0.0650763213634], "var": [0.0501444414258, 0.0238228440285, 0.0106891766191, 0.0171887334436, 0.0137300575152, 0.0366701893508, 0.103188566864, 0.0537336617708, 0.0270174946636, 0.0217534992844, 0.0141642438248, 0.0359359532595, 0.0720993727446, 0.0233562234789, 0.00344673800282, 0.00196836981922, 0.00453144637868, 0.0416768193245, 0.115281641483, 0.0475184805691, 0.0715713575482, 0.190934583545, 0.0935666710138, 0.052906408906, 0.0453193299472, 0.00540177710354, 0.0319356285036, 0.0745251849294, 0.0266372170299, 0.00264868186787, 0.00255595473573, 0.00612647784874, 0.0394837222993, 0.0907229557633, 0.0288886725903, 0.0272524300963], "dmean2": [0.142208904028, 0.111282728612, 0.0775942131877, 0.0772528350353, 0.0806731358171, 0.112375028431, 0.129811793566, 0.133309721947, 0.105311997235, 0.086994998157, 0.0821826830506, 0.0890699476004, 0.0848147645593, 0.0603426843882, 0.0291425343603, 0.024974251166, 0.0425585992634, 0.0928197205067, 0.116101868451, 0.130549371243, 0.173408016562, 0.176055759192, 0.181896343827, 0.220268920064, 0.185713514686, 0.0556456930935, 0.0720337107778, 0.0921100303531, 0.0753820836544, 0.0323519334197, 0.0278341956437, 0.0409633778036, 0.07488322258, 0.0990817174315, 0.105609931052, 0.122771516442], "dvar": [0.0366256050766, 0.024445200339, 0.0138240680099, 0.0120770521462, 0.011426650919, 0.0148047078401, 0.0221261233091, 0.0231371801347, 0.0220337044448, 0.018698791042, 0.0159695334733, 0.0151203358546, 0.0150239784271, 0.00822194293141, 0.00484897010028, 0.0035609959159, 0.00597402174026, 0.0137493731454, 0.0229217130691, 0.018370129168, 0.0232056416571, 0.0362332761288, 0.0249823834747, 0.050533272326, 0.0489995703101, 0.00618649506941, 0.0122855640948, 0.0193337667733, 0.0115760136396, 0.00368393654935, 0.00434203306213, 0.00658098841086, 0.0118150608614, 0.0208539441228, 0.0205044914037, 0.0290182549506], "min": [0, 0, 0, 0, 0, 0, 0, 0, 0, 0, 0, 0, 0, 0, 0, 0, 0, 0, 0, 0, 0, 0, 0, 0, 0, 0, 0, 0, 0, 0, 0, 0, 0, 0, 0, 0], "median": [0.00275900866836, 0.00249909283593, 0.00275870016776, 0.00302067259327, 0.00544570479542, 0.0292741041631, 0.0471183136106, 0.0309150442481, 0.00286038569175, 0.000762754294556, 0.00158566155005, 0.00840167980641, 0.0121175730601, 0.00643706694245, 0.000877996440977, 0.000365045998478, 0.000927189423237, 0.0135917654261, 0.0264003556222, 0.0333037152886, 0.18605530262, 0.401912420988, 0.22679245472, 0.0232237614691, 0.00469666020945, 0.0022805489134, 0.00474967760965, 0.0107376649976, 0.00810757651925, 0.00110414880328, 0.000379966862965, 0.000979500706308, 0.00755720073357, 0.0120303658769, 0.0100145647302, 0.00291130528785], "max": [1, 1, 1, 1, 1, 1, 1, 1, 1, 1, 1, 1, 1, 1, 1, 0.987401247025, 1, 1, 1, 1, 1, 1, 1, 1, 1, 1, 1, 1, 1, 1, 1, 1, 1, 1, 1, 1]}, "tuning_equal_tempered_deviation": 0.0172068160027, "chords_key": "E", "chords_strength": {"dmean": 0.00693049421534, "dvar2": 3.14990284096e-05, "mean": 0.494733929634, "var": 0.0100372303277, "dmean2": 0.00518498243764, "dvar": 3.66526510334e-05, "min": 0.205220371485, "median": 0.495328396559, "max": 0.791997075081}, "tuning_diatonic_strength": 0.622158169746, "thpcp": [1, 0.646992743015, 0.249701201916, 0.174646869302, 0.0542343817651, 0.157605290413, 0.273053765297, 0.154106900096, 0.0276529714465, 0.0195852350444, 0.037812050432, 0.201053440571, 0.322433650494, 0.184783399105, 0.133132696152, 0.189863711596, 0.1227395311, 0.0750176087022, 0.0960369035602, 0.0925324931741, 0.249860480428, 0.435128211975, 0.291324436665, 0.118065230548, 0.091102309525, 0.0786737203598, 0.188285157084, 0.277653694153, 0.148179531097, 0.0251483451575, 0.0161507409066, 0.0377850048244, 0.238271445036, 0.425138711929, 0.294246673584, 0.540441095829], "chords_histogram": [27.8383579254, 9.578789711, 11.0968570709, 1.32563614845, 0.149668589234, 0, 0.833867847919, 0.0855249091983, 2.5871284008, 0, 0.256574720144, 0, 0, 0, 0.0213812272996, 7.35514211655, 0.128287360072, 2.0312166214, 0, 1.15458631516, 0.277955949306, 3.78447723389, 19.2003421783, 12.2942056656], "tuning_nontempered_energy_ratio": 0.64985024929, "tuning_frequency": 438.224517822, "key_strength": 0.776851892471, "chords_changes_rate": 0.0491768233478, "key_scale": "major", "hpcp_entropy": {"dmean": 0.46822142601, "dvar2": 0.494074046612, "mean": 1.41023719311, "var": 0.488413989544, "dmean2": 0.785312950611, "dvar": 0.189571410418, "min": 0, "median": 1.46090769768, "max": 3.85759234428}, "key_key": "E", "chords_number_rate": 0.00235193502158}, "lowlevel": {"melbands_skewness": {"dmean": 0.623244524002, "dvar2": 1.58879327774, "mean": 1.18294334412, "var": 3.60409379005, "dmean2": 0.957857012749, "dvar": 0.674368023872, "min": -5.913377285, "median": 0.790576815605, "max": 20.3284568787}, "melbands_kurtosis": {"dmean": 5.64706134796, "dvar2": 897.151428223, "mean": 9.27167034149, "var": 1046.61096191, "dmean2": 9.08690357208, "dvar": 342.662597656, "min": -1.73106920719, "median": 1.96250033379, "max": 764.789367676}, "barkbands_kurtosis": {"dmean": 4.48649024963, "dvar2": 915.274658203, "mean": 6.94433021545, "var": 634.186279297, "dmean2": 7.30448293686, "dvar": 307.749298096, "min": -1.78352200985, "median": 1.73860526085, "max": 1236.76635742}, "hfc": {"dmean": 2.80590653419, "dvar2": 68.7367553711, "mean": 11.6661701202, "var": 135.097167969, "dmean2": 4.11800098419, "dvar": 28.4436721802, "min": 1.09417671336e-16, "median": 9.31185436249, "max": 175.221420288}, "silence_rate_20dB": {"dmean": 0, "dvar2": 0, "mean": 1, "var": 0, "dmean2": 0, "dvar": 0, "min": 1, "median": 1, "max": 1}, "erbbands_flatness_db": {"dmean": 0.0199630577117, "dvar2": 0.00104669271968, "mean": 0.273690700531, "var": 0.00455604260787, "dmean2": 0.0287517625839, "dvar": 0.000510124722496, "min": 0.0196152124554, "median": 0.2746078372, "max": 0.466237187386}, "spectral_flux": {"dmean": 0.0173308756202, "dvar2": 0.00142198009416, "mean": 0.0452855117619, "var": 0.00123491242994, "dmean2": 0.0286525227129, "dvar": 0.00056775205303, "min": 6.50101777966e-11, "median": 0.0358928442001, "max": 0.258880913258}, "spectral_energyband_low": {"dmean": 0.00204800628126, "dvar2": 6.60257865093e-05, "mean": 0.00336569664069, "var": 3.91934299842e-05, "dmean2": 0.0032894143369, "dvar": 2.71304361377e-05, "min": 1.40106761254e-23, "median": 0.00088756182231, "max": 0.0653681531549}, "spectral_rolloff": {"dmean": 169.379440308, "dvar2": 702898.5, "mean": 926.131225586, "var": 869523.25, "dmean2": 308.448913574, "dvar": 292413.375, "min": 43.06640625, "median": 775.1953125, "max": 18992.2851563}, "spectral_entropy": {"dmean": 0.183988660574, "dvar2": 0.116526633501, "mean": 5.99628162384, "var": 0.332134276628, "dmean2": 0.275510787964, "dvar": 0.0501687377691, "min": 4.2456445694, "median": 6.00318622589, "max": 9.81462097168}, "spectral_energy": {"dmean": 0.00583545956761, "dvar2": 0.000181575494935, "mean": 0.0210124012083, "var": 0.000407016719691, "dmean2": 0.00862944032997, "dvar": 7.81656635809e-05, "min": 1.02099371528e-20, "median": 0.0152775328606, "max": 0.160381361842}, "spectral_centroid": {"dmean": 100.100288391, "dvar2": 54400.6367188, "mean": 802.382995605, "var": 290131.75, "dmean2": 154.130706787, "dvar": 27099.4550781, "min": 118.558418274, "median": 675.185546875, "max": 11732.7910156}, "barkbands_flatness_db": {"dmean": 0.0228178910911, "dvar2": 0.00143058819231, "mean": 0.254586786032, "var": 0.00453484756872, "dmean2": 0.0346839316189, "dvar": 0.000646859873086, "min": 0.0218278411776, "median": 0.251040995121, "max": 0.536561012268}, "spectral_rms": {"dmean": 0.000582766719162, "dvar2": 1.24687869629e-06, "mean": 0.00394184421748, "var": 4.96178154208e-06, "dmean2": 0.000855841324665, "dvar": 5.51221376099e-07, "min": 3.15609170742e-12, "median": 0.003860687837, "max": 0.0125087816268}, "melbands": {"dmean": [0.000331162445946, 0.000455881614471, 0.000165113568073, 5.5568463722e-05, 0.000250085809967, 0.000374312221538, 0.000193252999452, 0.00013371949899, 0.00019535383035, 0.000178558417247, 3.41101949743e-05, 3.26579720422e-05, 3.70887501049e-05, 2.3382001018e-05, 5.07424447278e-05, 1.41384452945e-05, 1.98630732484e-06, 1.82422104444e-06, 4.19585421696e-06, 5.03452884004e-06, 3.36870743922e-06, 3.94017934013e-06, 1.92829838852e-06, 5.45633611182e-07, 3.00616193272e-07, 3.00888871152e-07, 4.6648898433e-07, 2.12281932477e-07, 1.36173028409e-07, 8.05804702964e-08, 8.00092436748e-08, 6.76210589745e-08, 1.10546764631e-07, 1.20787674973e-07, 9.11486424116e-08, 7.7014412625e-08, 1.35856979e-07, 7.22338526771e-08, 3.44574360156e-08, 1.95726457264e-08], "dvar2": [1.34684660225e-06, 4.31970693171e-06, 5.30299928414e-07, 3.97334751767e-08, 1.08948756861e-06, 1.86763384136e-06, 8.74115755778e-07, 5.26928033651e-07, 7.76810395564e-07, 9.68471113083e-07, 2.77435550089e-08, 1.57887285468e-08, 2.78473102355e-08, 3.30599583265e-08, 2.15473306753e-07, 1.15300924364e-08, 4.82322654038e-11, 6.32200819473e-11, 6.73062550138e-10, 8.9738100284e-10, 4.6068615589e-10, 4.48844378331e-10, 9.20243672931e-11, 3.43801341562e-11, 4.90414132914e-12, 3.56428688647e-12, 7.65110110684e-12, 1.85775266698e-12, 2.49353012197e-12, 6.14757322739e-13, 4.50804595476e-13, 6.05788531317e-13, 1.55385686956e-12, 1.42719484234e-12, 5.97093338314e-13, 5.06040305145e-13, 3.77249316855e-12, 9.18958702537e-13, 1.41192518289e-13, 2.45172771787e-14], "mean": [0.000460542039946, 0.000643108680379, 0.000328956375597, 0.000143762954394, 0.000621765153483, 0.000975483097136, 0.000416942115407, 0.000334544747602, 0.000630671624094, 0.000509405159391, 0.000169241378899, 0.000143307479448, 0.000126417755382, 5.29891767655e-05, 0.000102585887362, 3.38164281857e-05, 6.82967674948e-06, 3.87554155168e-06, 1.20315608001e-05, 1.31094966491e-05, 7.36756692277e-06, 9.02162264538e-06, 4.25495727541e-06, 9.56459984991e-07, 4.95261645028e-07, 5.21657852914e-07, 8.2202205931e-07, 3.59094514124e-07, 2.17479225739e-07, 1.10801828157e-07, 1.12907351024e-07, 8.12366565128e-08, 1.4761850764e-07, 1.66197779095e-07, 1.09634527234e-07, 1.0034860054e-07, 1.59107770514e-07, 8.08580296052e-08, 3.80437334968e-08, 2.28475212083e-08], "var": [7.84973110513e-07, 1.90398645827e-06, 5.61148340239e-07, 8.90975613288e-08, 1.70109115061e-06, 4.85029841002e-06, 1.74648994289e-06, 1.33320975237e-06, 1.82236249202e-06, 1.28620342821e-06, 2.8150509479e-07, 9.25858358869e-08, 1.01830643473e-07, 3.21791659985e-08, 1.72156873646e-07, 1.03516599737e-08, 2.41201558726e-10, 7.09269448729e-11, 1.23314114475e-09, 1.29396660054e-09, 5.71792668769e-10, 6.12662032218e-10, 2.53303794606e-10, 2.65970977881e-11, 3.6799435027e-12, 2.86342607611e-12, 6.22981484108e-12, 1.64059358546e-12, 2.13449939147e-12, 3.33919388451e-13, 1.8093839415e-13, 2.4014796228e-13, 1.31224241542e-12, 1.2151543877e-12, 3.29636410399e-13, 3.78489232143e-13, 2.09026958069e-12, 4.63487050389e-13, 5.29885346484e-14, 8.54499288574e-15], "dmean2": [0.000562945846468, 0.000760603055824, 0.000265246315394, 8.3211933088e-05, 0.000377627118723, 0.000513220264111, 0.000257625069935, 0.000176686167833, 0.000277673068922, 0.000264383503236, 4.79676600662e-05, 4.55461849924e-05, 5.29945391463e-05, 3.64993939002e-05, 7.98674009275e-05, 2.19651647058e-05, 2.93433959087e-06, 2.79585651697e-06, 6.52853441352e-06, 8.16786359792e-06, 5.86580244999e-06, 6.41488850306e-06, 3.07675122713e-06, 9.14341740099e-07, 4.92693857268e-07, 4.90631464345e-07, 7.60467798955e-07, 3.41678287441e-07, 2.19255966272e-07, 1.30553118538e-07, 1.30711498514e-07, 1.17589308957e-07, 1.76828848453e-07, 1.98095420956e-07, 1.52577612766e-07, 1.22772306099e-07, 2.10499351283e-07, 1.11000588277e-07, 5.677640047e-08, 3.28828306806e-08], "dvar": [5.66018115933e-07, 1.67441305621e-06, 2.08805857937e-07, 1.79690058388e-08, 4.14860892306e-07, 9.39965445923e-07, 4.6183325253e-07, 2.91952318321e-07, 3.32968710381e-07, 3.78677015078e-07, 1.46416603286e-08, 7.63662999503e-09, 1.2370028557e-08, 1.26241683773e-08, 7.94041667973e-08, 4.61007054753e-09, 2.42713644322e-11, 2.63219342156e-11, 2.67947664057e-10, 3.52361334555e-10, 1.45798970119e-10, 1.72215200434e-10, 4.19633668092e-11, 1.2269426794e-11, 1.83938996846e-12, 1.37922496774e-12, 2.87484511023e-12, 7.88388343324e-13, 1.10063358167e-12, 2.59390111387e-13, 1.68719191721e-13, 2.10979373078e-13, 6.69999374991e-13, 6.48905733834e-13, 2.29919029779e-13, 2.15845828082e-13, 1.60181210743e-12, 4.01246581534e-13, 5.5866003826e-14, 8.84621050728e-15], "min": [1.94652769427e-24, 2.25729136206e-24, 1.30906221296e-24, 2.30390101143e-24, 1.69344967739e-24, 2.39058558364e-24, 1.85229155382e-24, 3.97703752051e-24, 4.73650152409e-24, 5.52820075085e-24, 6.77265012808e-24, 7.16002974192e-24, 3.79535378213e-24, 4.02742206652e-24, 8.25430840179e-24, 5.37642430712e-24, 6.85955420085e-24, 5.47408765377e-24, 5.81325445566e-24, 5.68871540683e-24, 7.52458997636e-24, 4.64068647855e-24, 5.6255907572e-24, 6.293503114e-24, 7.35596938014e-24, 5.32135589948e-24, 6.76124872142e-24, 6.64352069765e-24, 8.18251574853e-24, 7.87009448676e-24, 6.01007919582e-24, 7.51440026004e-24, 7.76491250683e-24, 6.17951192433e-24, 6.48633148481e-24, 7.84838976782e-24, 7.04418078483e-24, 8.22138529191e-24, 6.68662800181e-24, 6.98206035512e-24], "median": [0.000126087601529, 0.00014319033653, 6.93490728736e-05, 4.92611652589e-05, 0.000139812473208, 0.000162594922585, 4.11279070249e-05, 1.3990048501e-05, 7.68377940403e-05, 7.92606879259e-05, 4.76519198855e-06, 2.6297144359e-05, 7.17788316251e-06, 3.15888837576e-06, 1.95762222575e-05, 7.66300399846e-06, 8.62011575009e-07, 5.22526534041e-07, 1.5573532437e-06, 1.65435608324e-06, 6.1644300331e-07, 7.57211523705e-07, 5.24243432665e-07, 8.27044033258e-08, 5.94273643628e-08, 6.47238707074e-08, 5.25580006183e-08, 3.02779383787e-08, 1.00575618944e-08, 1.0396787431e-08, 1.17546310463e-08, 8.25714341346e-09, 7.30821669848e-09, 8.12291389707e-09, 7.0819186071e-09, 6.68844135632e-09, 4.22714396819e-09, 2.86119083981e-09, 2.17493090204e-09, 1.94371585494e-09], "max": [0.0103538008407, 0.0154552767053, 0.0117835504934, 0.00387337128632, 0.0209842026234, 0.0260472036898, 0.0184325110167, 0.0168727580458, 0.0175132267177, 0.0157039593905, 0.00668093143031, 0.00331300171092, 0.00596578093246, 0.00468798074871, 0.0100818974897, 0.00302600883879, 0.00016698006948, 0.000163012358826, 0.000627978530247, 0.000617046141997, 0.000313479686156, 0.000336555269314, 0.000282289343886, 0.000204340612981, 4.44151446573e-05, 3.74726114387e-05, 4.86989156343e-05, 2.49413042184e-05, 4.78448200738e-05, 3.30237744492e-05, 1.84138807526e-05, 1.60024173965e-05, 3.53868126695e-05, 3.19858008879e-05, 1.25831520563e-05, 1.63299355336e-05, 4.79632872157e-05, 3.23646818288e-05, 9.05504657567e-06, 2.27740656555e-06]}, "barkbands_crest": {"dmean": 2.48275780678, "dvar2": 15.2254734039, "mean": 13.2682666779, "var": 24.9581890106, "dmean2": 3.94206762314, "dvar": 5.84026432037, "min": 3.49501895905, "median": 12.3271064758, "max": 26.7272968292}, "mfcc": {"icov": [[0.000196813809453, -5.27019328729e-05, 0.000131012260681, 1.04554992504e-05, 0.000343380466802, -0.000225691372179, 0.000270004471531, -0.000225209776545, 0.000211041027796, -0.000151256346726, 0.000281203130726, -0.000121425378893, 5.45875118405e-05], [-5.27019328729e-05, 0.00071386952186, -3.76454445359e-05, 0.000325053842971, -0.000143053825013, 0.000199075555429, 0.000335631542839, 0.000215882391785, -0.000114856062282, 0.00029079860542, -0.000225851355935, 0.000195321146748, 8.65869878908e-05], [0.000131012260681, -3.76454445359e-05, 0.00127457291819, -0.000652914517559, 0.000358144985512, -0.000545469636563, 0.000149482206325, 0.000462857395178, 0.000203075585887, -0.000205425807508, 6.55641488265e-05, -7.95606902102e-05, 0.000451529893326], [1.04554992504e-05, 0.000325053842971, -0.000652914517559, 0.00307294656523, -0.00117895717267, 0.000878518680111, -0.00119024689775, 0.000621553510427, -0.000785829557572, 0.000902637722902, -0.000588903087191, -1.86230881809e-05, -0.000969084096141], [0.000343380466802, -0.000143053825013, 0.000358144985512, -0.00117895717267, 0.00456867692992, -0.00284171616659, 0.00152259622701, -0.0014767452376, 0.000543238886166, -0.00146105070598, 0.00147177360486, -0.000937444681767, 0.000963823287748], [-0.000225691372179, 0.000199075555429, -0.000545469636563, 0.000878518680111, -0.00284171616659, 0.00863671675324, -0.00317441811785, -0.00064766354626, 4.84089541715e-05, 0.0022396738641, -0.00192303059157, 0.00143639568705, -0.00107940786984], [0.000270004471531, 0.000335631542839, 0.000149482206325, -0.00119024689775, 0.00152259622701, -0.00317441811785, 0.00665688933805, -0.00247072498314, 0.00119980343152, -0.0011484825518, 0.0020902256947, -0.0021826592274, 0.0017781421775], [-0.000225209776545, 0.000215882391785, 0.000462857395178, 0.000621553510427, -0.0014767452376, -0.00064766354626, -0.00247072498314, 0.00855213124305, -0.00194922822993, 0.000409824744565, -0.00112270354293, 0.0020625507459, -0.00178670312744], [0.000211041027796, -0.000114856062282, 0.000203075585887, -0.000785829557572, 0.000543238886166, 4.84089541715e-05, 0.00119980343152, -0.00194922822993, 0.00609995797276, -0.00220139091834, 0.000281096086837, 0.000330740323989, 0.00127150106709], [-0.000151256346726, 0.00029079860542, -0.000205425807508, 0.000902637722902, -0.00146105070598, 0.0022396738641, -0.0011484825518, 0.000409824744565, -0.00220139091834, 0.0060831787996, -0.00267864065245, 0.0012978783343, 6.58911767459e-06], [0.000281203130726, -0.000225851355935, 6.55641488265e-05, -0.000588903087191, 0.00147177360486, -0.00192303059157, 0.0020902256947, -0.00112270354293, 0.000281096086837, -0.00267864065245, 0.00694047333673, -0.00311863422394, 0.000965353334323], [-0.000121425378893, 0.000195321146748, -7.95606902102e-05, -1.86230881809e-05, -0.000937444681767, 0.00143639568705, -0.0021826592274, 0.0020625507459, 0.000330740323989, 0.0012978783343, -0.00311863422394, 0.00603270065039, -0.00199003564194], [5.45875118405e-05, 8.65869878908e-05, 0.000451529893326, -0.000969084096141, 0.000963823287748, -0.00107940786984, 0.0017781421775, -0.00178670312744, 0.00127150106709, 6.58911767459e-06, 0.000965353334323, -0.00199003564194, 0.00718537345529]], "mean": [-791.420593262, 190.930847168, 6.69475221634, 1.59893596172, 5.09421920776, -2.50860667229, -5.63230657578, 8.09855556488, 0.0716756358743, -0.0399012826383, -2.79973816872, 7.47437524796, 6.58212566376], "cov": [[7835.46337891, 866.531188965, -1028.63305664, -720.212036133, -574.737915039, -108.841217041, -339.603759766, 70.6067504883, -199.887451172, -86.9211502075, -247.482650757, -167.727005005, 82.1248703003], [866.531188965, 1825.46484375, -163.618103027, -338.873413086, -111.93952179, -121.296302795, -276.932800293, -74.5009155273, 20.2487659454, -14.9112415314, 5.02169895172, -121.593315125, -55.1225166321], [-1028.63305664, -163.618103027, 1089.60791016, 299.403625488, 44.180557251, 47.9833564758, 76.9660873413, -92.2300415039, -14.2702922821, -8.81816196442, 51.9058914185, 69.6557312012, -44.1516151428], [-720.212036133, -338.873413086, 299.403625488, 550.412841797, 134.494842529, 48.7735481262, 130.772064209, -9.21178436279, 9.31021118164, -38.3162193298, 29.4851284027, 98.4748916626, 41.3075256348], [-574.737915039, -111.93952179, 44.180557251, 134.494842529, 375.543579102, 111.487625122, 51.2226715088, 62.3508834839, 22.3653755188, 30.3086566925, -8.22496604919, 6.52129077911, -10.7943496704], [-108.841217041, -121.296302795, 47.9833564758, 48.7735481262, 111.487625122, 208.110534668, 108.534477234, 57.6829299927, -29.7970676422, -48.9792785645, -2.37671637535, 6.40846538544, 17.0562171936], [-339.603759766, -276.932800293, 76.9660873413, 130.772064209, 51.2226715088, 108.534477234, 293.125976563, 60.260345459, -34.010684967, -24.6333007813, -22.3748035431, 66.0339050293, -2.06795811653], [70.6067504883, -74.5009155273, -92.2300415039, -9.21178436279, 62.3508834839, 57.6829299927, 60.260345459, 181.786178589, 44.8274078369, 18.7015151978, -9.54866027832, -48.1049804688, 15.5168981552], [-199.887451172, 20.2487659454, -14.2702922821, 9.31021118164, 22.3653755188, -29.7970676422, -34.010684967, 44.8274078369, 245.166244507, 112.86605835, 26.7973232269, -61.8344688416, -48.6990623474], [-86.9211502075, -14.9112415314, -8.81816196442, -38.3162193298, 30.3086566925, -48.9792785645, -24.6333007813, 18.7015151978, 112.86605835, 272.013549805, 79.497177124, -39.30103302, -46.237575531], [-247.482650757, 5.02169895172, 51.9058914185, 29.4851284027, -8.22496604919, -2.37671637535, -22.3748035431, -9.54866027832, 26.7973232269, 79.497177124, 233.576309204, 90.7405853271, -4.62122344971], [-167.727005005, -121.593315125, 69.6557312012, 98.4748916626, 6.52129077911, 6.40846538544, 66.0339050293, -48.1049804688, -61.8344688416, -39.30103302, 90.7405853271, 286.428283691, 61.5438194275], [82.1248703003, -55.1225166321, -44.1516151428, 41.3075256348, -10.7943496704, 17.0562171936, -2.06795811653, 15.5168981552, -48.6990623474, -46.237575531, -4.62122344971, 61.5438194275, 182.263717651]]}, "spectral_decrease": {"dmean": 1.48780920917e-09, "dvar2": 1.1832802119e-17, "mean": -5.28697574609e-09, "var": 2.6051795312e-17, "dmean2": 2.20092299941e-09, "dvar": 5.09190795674e-18, "min": -4.10487501767e-08, "median": -3.80630460484e-09, "max": 4.31071299895e-29}, "zerocrossingrate": {"dmean": 0.00454141758382, "dvar2": 0.000102239362604, "mean": 0.0361314564943, "var": 0.000678913434967, "dmean2": 0.00552509818226, "dvar": 7.17834045645e-05, "min": 0.00244140625, "median": 0.03076171875, "max": 0.50732421875}, "spectral_contrast_coeffs": {"dmean": [0.0394482202828, 0.0415580719709, 0.0330208167434, 0.0277651082724, 0.020205155015, 0.0132320262492], "dvar2": [0.0027929325588, 0.00335762626491, 0.00209393189289, 0.00149414653424, 0.000807159929536, 0.000349086563801], "mean": [-0.695736885071, -0.611986339092, -0.641457736492, -0.675883769989, -0.739438056946, -0.809233605862], "var": [0.00491150794551, 0.0123606491834, 0.0112542537972, 0.00665925024077, 0.00448617106304, 0.00190469645895], "dmean2": [0.0656269565225, 0.0655833184719, 0.0531989745796, 0.0450866706669, 0.0329148061574, 0.0210456736386], "dvar": [0.00103625736665, 0.00136041652877, 0.000829864584375, 0.000592151016463, 0.000337534729624, 0.000155690053361], "min": [-0.970079481602, -0.973347663879, -0.972539663315, -0.970126569271, -0.966705858707, -0.965523600578], "median": [-0.698725581169, -0.608203947544, -0.627484202385, -0.666733324528, -0.738657712936, -0.810937047005], "max": [-0.376259744167, -0.291805773973, -0.327643603086, -0.38189291954, -0.501054763794, -0.661123335361]}, "spectral_skewness": {"dmean": 0.596577584743, "dvar2": 0.986672878265, "mean": 3.92524194717, "var": 2.59212994576, "dmean2": 1.00569283962, "dvar": 0.375653386116, "min": -0.0901644527912, "median": 3.58781003952, "max": 11.9381990433}, "spectral_energyband_middle_high": {"dmean": 0.000936837692279, "dvar2": 1.68670303538e-05, "mean": 0.00385634764098, "var": 3.4598109778e-05, "dmean2": 0.00141005730256, "dvar": 6.62615866531e-06, "min": 1.34004319463e-21, "median": 0.00204059784301, "max": 0.0832560509443}, "gfcc": {"icov": [[0.000315629644319, -0.000572695105802, 0.00043028863729, -0.000507348566316, 0.000834506296087, -0.000713120796718, 0.000708869949449, -0.000601952546276, 0.000364392471965, -0.00031772517832, 0.000193227475393, -0.000277752144029, 2.87169259536e-05], [-0.000572695105802, 0.00264800991863, -0.000971672066953, 0.00181820022408, -0.00185325089842, 0.00226180208847, -0.00233361427672, 0.0031114902813, -0.00197636825033, 0.00209398963489, -0.000869854295161, 0.00148818665184, -0.00024906345061], [0.00043028863729, -0.000971672066953, 0.001454867539, -0.00111181719694, 0.00122393039055, -0.000990822445601, 0.00107575685252, -0.000642011698801, 0.000697356648743, -0.000912970222998, 0.000707223778591, -0.000170928615262, 0.000146356891491], [-0.000507348566316, 0.00181820022408, -0.00111181719694, 0.00305743608624, -0.00206973473541, 0.00156246637926, -0.00143306644168, 0.00106564944144, -9.0268709755e-05, 0.00104863254819, -0.00101659318898, 0.000795549247414, 0.00024035826209], [0.000834506296087, -0.00185325089842, 0.00122393039055, -0.00206973473541, 0.00453452952206, -0.00253491289914, 0.00184853910469, -0.00192703818902, 0.000744496996049, -0.000339732592693, 0.000589217583183, -0.00111671537161, 0.000479315669509], [-0.000713120796718, 0.00226180208847, -0.000990822445601, 0.00156246637926, -0.00253491289914, 0.00587594695389, -0.00264473562129, 0.00217966618948, -0.00119627348613, 0.00252056517638, -0.000179876937182, 0.000800068897661, 0.000733418855816], [0.000708869949449, -0.00233361427672, 0.00107575685252, -0.00143306644168, 0.00184853910469, -0.00264473562129, 0.00824057217687, -0.0048931739293, 0.00306392996572, -0.0018358520465, 0.000939201388974, -0.00032755479333, 0.000433399924077], [-0.000601952546276, 0.0031114902813, -0.000642011698801, 0.00106564944144, -0.00192703818902, 0.00217966618948, -0.0048931739293, 0.01213720534, -0.00478845508769, 0.00194297602866, 0.00029397639446, 0.0036154538393, -0.000609134323895], [0.000364392471965, -0.00197636825033, 0.000697356648743, -9.0268709755e-05, 0.000744496996049, -0.00119627348613, 0.00306392996572, -0.00478845508769, 0.00847479328513, -0.00331093743443, 0.0026914018672, -0.000892166863196, 0.00060003506951], [-0.00031772517832, 0.00209398963489, -0.000912970222998, 0.00104863254819, -0.000339732592693, 0.00252056517638, -0.0018358520465, 0.00194297602866, -0.00331093743443, 0.0112430900335, -0.00309266103432, 0.00183705450036, 0.00167240272276], [0.000193227475393, -0.000869854295161, 0.000707223778591, -0.00101659318898, 0.000589217583183, -0.000179876937182, 0.000939201388974, 0.00029397639446, 0.0026914018672, -0.00309266103432, 0.00852412451059, -0.00290330359712, 0.0011186337797], [-0.000277752144029, 0.00148818665184, -0.000170928615262, 0.000795549247414, -0.00111671537161, 0.000800068897661, -0.00032755479333, 0.0036154538393, -0.000892166863196, 0.00183705450036, -0.00290330359712, 0.00857111439109, -0.00287133734673], [2.87169259536e-05, -0.00024906345061, 0.000146356891491, 0.00024035826209, 0.000479315669509, 0.000733418855816, 0.000433399924077, -0.000609134323895, 0.00060003506951, 0.00167240272276, 0.0011186337797, -0.00287133734673, 0.00703734112903]], "mean": [-124.769569397, 144.501556396, -102.526054382, -13.0717306137, -43.251285553, 5.20892858505, -29.9450588226, 9.22956943512, -11.9297027588, -2.01808166504, -8.50093841553, 5.83001708984, -7.79504394531], "cov": [[9645.63378906, 745.302124023, -1509.98925781, -251.500534058, -1001.76983643, 180.709335327, -267.034881592, -101.271575928, -20.5106449127, -101.867973328, 59.9456291199, 156.607192993, 164.414596558], [745.302124023, 1562.71704102, 13.5650682449, -609.026306152, -30.8220806122, -214.036270142, 29.7484397888, -163.428421021, 158.634429932, -100.087394714, -46.9317626953, -56.9134063721, 75.7108459473], [-1509.98925781, 13.5650682449, 1373.19616699, 264.068969727, 9.25835037231, -23.1533508301, 10.23234272, -14.1564970016, -26.6378822327, 58.2873878479, -40.8573226929, -92.5269470215, -73.8474273682], [-251.500534058, -609.026306152, 264.068969727, 844.813171387, 184.39225769, 69.3524627686, 21.7315826416, 42.4095535278, -142.055267334, 23.7812843323, 72.0696868896, 4.12785768509, -75.6397476196], [-1001.76983643, -30.8220806122, 9.25835037231, 184.39225769, 528.638916016, 96.9634246826, 30.5038890839, 24.5409393311, -4.21855401993, -41.4421424866, -6.60800647736, 0.0440106540918, -38.0822753906], [180.709335327, -214.036270142, -23.1533508301, 69.3524627686, 96.9634246826, 317.905426025, 41.4398269653, 30.2838630676, -20.6775436401, -36.2366142273, -25.6674728394, -8.17247390747, -38.7461357117], [-267.034881592, 29.7484397888, 10.23234272, 21.7315826416, 30.5038890839, 41.4398269653, 211.988098145, 74.6821365356, -6.78723049164, 3.80590176582, -29.4271335602, -61.2890014648, -32.4549865723], [-101.271575928, -163.428421021, -14.1564970016, 42.4095535278, 24.5409393311, 30.2838630676, 74.6821365356, 196.979324341, 75.942817688, 18.3676757813, -67.4541015625, -89.8187561035, -35.6670799255], [-20.5106449127, 158.634429932, -26.6378822327, -142.055267334, -4.21855401993, -20.6775436401, -6.78723049164, 75.942817688, 231.696792603, 30.238073349, -81.1325683594, -62.7091674805, -19.0935554504], [-101.867973328, -100.087394714, 58.2873878479, 23.7812843323, -41.4421424866, -36.2366142273, 3.80590176582, 18.3676757813, 30.238073349, 140.901473999, 28.857542038, -30.7455749512, -50.3911933899], [59.9456291199, -46.9317626953, -40.8573226929, 72.0696868896, -6.60800647736, -25.6674728394, -29.4271335602, -67.4541015625, -81.1325683594, 28.857542038, 192.713760376, 81.5189819336, -1.73111736774], [156.607192993, -56.9134063721, -92.5269470215, 4.12785768509, 0.0440106540918, -8.17247390747, -61.2890014648, -89.8187561035, -62.7091674805, -30.7455749512, 81.5189819336, 222.328125, 86.3873138428], [164.414596558, 75.7108459473, -73.8474273682, -75.6397476196, -38.0822753906, -38.7461357117, -32.4549865723, -35.6670799255, -19.0935554504, -50.3911933899, -1.73111736774, 86.3873138428, 202.896133423]]}, "erbbands_spread": {"dmean": 3.75347232819, "dvar2": 74.0940704346, "mean": 14.8901157379, "var": 147.491287231, "dmean2": 5.73867845535, "dvar": 33.7300872803, "min": 0.584311783314, "median": 12.1327075958, "max": 144.078292847}, "erbbands_kurtosis": {"dmean": 2.61975193024, "dvar2": 64.063949585, "mean": 4.56581354141, "var": 70.9787521362, "dmean2": 4.05203437805, "dvar": 27.4650402069, "min": -1.77880597115, "median": 1.95253157616, "max": 106.643440247}, "dynamic_complexity": 5.68542194366, "erbbands_crest": {"dmean": 2.66283559799, "dvar2": 19.6702232361, "mean": 15.9860258102, "var": 35.3799476624, "dmean2": 4.13122463226, "dvar": 7.81971073151, "min": 2.1200504303, "median": 15.0463142395, "max": 33.2530097961}, "erbbands": {"dmean": [0.0406789928675, 0.267998605967, 1.01739692688, 0.979520201683, 0.799384534359, 1.01569342613, 8.82290840149, 16.2033729553, 13.0288305283, 12.4387512207, 18.2298812866, 32.4240646362, 7.34453296661, 7.48058843613, 9.31795692444, 11.919626236, 13.1224555969, 1.47787129879, 1.1767103672, 4.17100477219, 3.36734008789, 3.35642910004, 0.971772968769, 0.398530930281, 0.473461657763, 0.396898180246, 0.19516505301, 0.137228280306, 0.135556831956, 0.200454100966, 0.153420865536, 0.177365347743, 0.0936598032713, 0.0276149250567, 0.0364365242422, 0.0778890028596, 0.016194505617, 0.00147679459769, 0.000117736264656, 9.4667684607e-06], "dvar2": [0.0196723416448, 1.32827889919, 21.5500545502, 19.9764614105, 12.1759576797, 13.6752576828, 1403.14099121, 3645.65185547, 4389.54931641, 4817.49365234, 7050.2109375, 31748.3457031, 983.987365723, 798.736694336, 2187.88696289, 10610.5205078, 11327.5888672, 30.5763378143, 24.00532341, 612.647949219, 377.177581787, 262.173858643, 23.8318939209, 7.52522993088, 7.06602096558, 4.92097759247, 4.27391910553, 1.44284141064, 1.79840660095, 3.38596558571, 1.48469340801, 4.18880033493, 0.92322832346, 0.0467948503792, 0.258370578289, 3.02154517174, 0.0868629589677, 0.000420815398684, 1.47089713209e-06, 1.7088358506e-09], "mean": [0.0498941391706, 0.38574385643, 1.33555269241, 1.78574120998, 1.89440965652, 2.88165473938, 20.9381504059, 42.854511261, 28.4710388184, 30.5243358612, 59.2780342102, 94.4850769043, 35.0763473511, 31.4114360809, 30.1956157684, 25.3940544128, 29.4625511169, 5.0780620575, 2.99309468269, 12.2400960922, 7.83096885681, 8.11097240448, 2.21705293655, 0.72063845396, 0.832124054432, 0.738616108894, 0.322177767754, 0.201356425881, 0.176577806473, 0.280905395746, 0.197435989976, 0.217201367021, 0.107757627964, 0.0328354500234, 0.0334523804486, 0.065748013556, 0.0143677555025, 0.00134840630926, 0.000103100544948, 2.68105359282e-05], "var": [0.0121650258079, 0.541909337044, 9.79529762268, 17.1056785583, 22.8987751007, 41.2715415955, 2028.90100098, 10243.0859375, 8454.54296875, 10427.9267578, 20454.7675781, 43419.6640625, 9133.85839844, 3579.88916016, 4754.87011719, 9893.79394531, 9413.17382813, 99.3907012939, 29.2319927216, 1318.89685059, 460.444976807, 408.726623535, 44.4353675842, 5.71047925949, 5.02841711044, 4.41713809967, 3.66289138794, 0.619714379311, 0.765159368515, 2.80934882164, 1.04784417152, 2.34108042717, 0.475002378225, 0.0154496822506, 0.080347366631, 1.13395309448, 0.0338457599282, 0.000176538014784, 4.75937014244e-07, 1.10496867212e-09], "dmean2": [0.0675021260977, 0.475428640842, 1.67604410648, 1.60665726662, 1.2719823122, 1.45574498177, 13.3930959702, 21.7612075806, 17.4489250183, 16.398349762, 25.4895744324, 47.9198417664, 10.492688179, 10.4437675476, 13.6642427444, 18.6298313141, 20.6512775421, 2.20697975159, 1.79378533363, 6.55760478973, 5.8128080368, 5.4547162056, 1.57372689247, 0.653967618942, 0.772922039032, 0.640803158283, 0.308886706829, 0.224842578173, 0.229287654161, 0.326108187437, 0.250509887934, 0.274906694889, 0.144538998604, 0.0455288663507, 0.0606408566236, 0.121327146888, 0.0249358452857, 0.00234267837368, 0.000196840483113, 1.44412360896e-05], "dvar": [0.0091516431421, 0.466970980167, 8.60469913483, 7.64859962463, 5.39112854004, 6.40872144699, 527.962646484, 1943.5970459, 2282.23242188, 2650.125, 3338.96557617, 12426.3017578, 504.396484375, 369.351165771, 883.714538574, 4003.07641602, 4348.38427734, 14.2633638382, 9.96340084076, 250.041473389, 119.535453796, 101.845237732, 9.78039646149, 2.8006465435, 2.67564058304, 1.97871172428, 1.92040002346, 0.561453938484, 0.640568673611, 1.49043166637, 0.603379070759, 1.76704764366, 0.400751769543, 0.0171265359968, 0.100347541273, 1.2418448925, 0.0361073762178, 0.000180089598871, 5.76466561597e-07, 6.8719369084e-10], "min": [2.61508071657e-22, 1.01522485752e-21, 4.25992078182e-21, 8.38802257821e-21, 3.09582813253e-20, 4.62980582105e-20, 4.27271259685e-20, 1.062116644e-19, 1.31225198996e-19, 2.3661974466e-19, 7.13374260445e-19, 9.1931705566e-19, 1.36082987749e-18, 1.83434414587e-18, 1.49429588292e-18, 2.66891189488e-18, 2.17472565921e-18, 3.94331184152e-18, 3.49366307798e-18, 5.14861325568e-18, 6.9921411743e-18, 5.36026519978e-18, 8.88003699302e-18, 9.3633602793e-18, 7.69823495288e-18, 1.09840916494e-17, 1.50973481614e-17, 1.18136305539e-17, 1.46504009697e-17, 1.27242637641e-17, 1.24786721859e-17, 1.3029744873e-17, 1.15431267772e-17, 8.65614732535e-18, 7.914340851e-18, 5.01519688109e-18, 2.84029503241e-18, 1.16669368965e-18, 2.78813142032e-19, 2.90763484965e-20], "median": [0.0127115137875, 0.092529669404, 0.249813050032, 0.356319010258, 0.47362396121, 1.05922484398, 4.30474090576, 6.84268045425, 4.0369386673, 2.7827630043, 8.00552368164, 14.2002220154, 6.06598949432, 7.43046855927, 3.9424118995