{"tonal": {"hpcp": {"dvar": [0.0495721288025, 0.0424008630216, 0.0475719198585, 0.0591225400567, 0.0684715732932, 0.08141502738, 0.0786156579852, 0.0663274824619, 0.0515126399696, 0.0283209513873, 0.016828507185, 0.0199896432459, 0.0268450975418, 0.0271214582026, 0.0279801245779, 0.0339495204389, 0.0337846800685, 0.0298773981631, 0.029167348519, 0.0276996959001, 0.0263242702931, 0.0264037828892, 0.0272672772408, 0.0278747174889, 0.0280960984528, 0.0317591838539, 0.0436012670398, 0.0555109344423, 0.0576987564564, 0.05246931687, 0.0385689586401, 0.0265276953578, 0.0272994395345, 0.0350560694933, 0.0448639653623, 0.0521488115191], "var": [0.0885249525309, 0.0514213368297, 0.0373349152505, 0.0454105362296, 0.0663965195417, 0.116336517036, 0.138651207089, 0.0885983258486, 0.0447510145605, 0.0214208103716, 0.0126898214221, 0.0183738861233, 0.0347625166178, 0.033182926476, 0.0371553711593, 0.0589373633265, 0.0438153259456, 0.0317155532539, 0.0312159899622, 0.0248682033271, 0.0271979868412, 0.0350084006786, 0.0294121969491, 0.0261796284467, 0.0237796269357, 0.0269545614719, 0.0540957711637, 0.0904898270965, 0.0771019309759, 0.0638402625918, 0.0542563013732, 0.0222029089928, 0.0216297805309, 0.0508390329778, 0.0588626861572, 0.0703505277634], "median": [0.0635035187006, 0.0457298830152, 0.0302970670164, 0.0284577626735, 0.0411236658692, 0.109018228948, 0.162949129939, 0.109535671771, 0.04722154513, 0.0299658235162, 0.0255751293153, 0.0334447361529, 0.0436004512012, 0.0460093691945, 0.052619881928, 0.0594721920788, 0.0648120120168, 0.0569496937096, 0.050283242017, 0.0465375706553, 0.0379962623119, 0.0296820718795, 0.0258447341621, 0.0256357677281, 0.0272858981043, 0.0388417877257, 0.0875395834446, 0.135731041431, 0.113214716315, 0.0570512264967, 0.0320653580129, 0.0282125845551, 0.0312608145177, 0.0358201116323, 0.0501374192536, 0.0697079747915], "max": [1, 1, 1, 1, 1, 1, 1, 1, 1, 1, 1, 1, 1, 1, 1, 1, 1, 1, 1, 1, 1, 1, 1, 1, 1, 1, 1, 1, 1, 1, 1, 1, 1, 1, 1, 1], "dmean": [0.139105349779, 0.124899074435, 0.118905231357, 0.139317244291, 0.189348727465, 0.241822615266, 0.236483931541, 0.217118784785, 0.150936499238, 0.0887528732419, 0.0670441389084, 0.0805499777198, 0.0996349081397, 0.103591643274, 0.111125044525, 0.121968314052, 0.13305363059, 0.120741657913, 0.114931978285, 0.107843630016, 0.095089353621, 0.0872867107391, 0.086643256247, 0.0875754877925, 0.0889042168856, 0.10973418504, 0.164399713278, 0.196317881346, 0.197942629457, 0.163676381111, 0.109243676066, 0.0834366753697, 0.0812047272921, 0.097886659205, 0.131359428167, 0.153754621744], "dmean2": [0.244752600789, 0.219028666615, 0.216708481312, 0.256004810333, 0.341788262129, 0.428056895733, 0.412947595119, 0.379686743021, 0.271546989679, 0.161158517003, 0.120034828782, 0.141118451953, 0.171060115099, 0.178155228496, 0.191023081541, 0.209378555417, 0.230644881725, 0.211015582085, 0.201278045774, 0.192087635398, 0.169545799494, 0.15307174623, 0.153513267636, 0.156391069293, 0.160514786839, 0.196207493544, 0.283973932266, 0.336049854755, 0.346446484327, 0.293432891369, 0.196868866682, 0.14932757616, 0.14526309073, 0.172562420368, 0.230974033475, 0.269446879625], "mean": [0.200884088874, 0.142577081919, 0.101437695324, 0.111300691962, 0.165821522474, 0.293042272329, 0.354990363121, 0.252493739128, 0.135472863913, 0.0807606354356, 0.0630087181926, 0.0823966115713, 0.116532243788, 0.119922757149, 0.131469964981, 0.165841177106, 0.152624487877, 0.126753598452, 0.121981792152, 0.106155149639, 0.0988615229726, 0.0996971651912, 0.0904300287366, 0.0829487293959, 0.0818563476205, 0.10094473511, 0.185178533196, 0.267985105515, 0.23783621192, 0.172198683023, 0.123765274882, 0.0799322128296, 0.0804275795817, 0.121016524732, 0.151277467608, 0.187890380621], "dvar2": [0.125359863043, 0.117107257247, 0.132132217288, 0.162935853004, 0.184950515628, 0.217493608594, 0.19669380784, 0.17615711689, 0.143759354949, 0.079592898488, 0.0470831803977, 0.0536006987095, 0.0683731883764, 0.0711236521602, 0.0742533579469, 0.0823637321591, 0.0881538912654, 0.0807813405991, 0.0790283158422, 0.0769148021936, 0.0714455991983, 0.0706695690751, 0.0749501660466, 0.0772324353456, 0.0779217109084, 0.0885495990515, 0.117571301758, 0.142066985369, 0.155134350061, 0.14379529655, 0.101320974529, 0.0743089541793, 0.0759799703956, 0.0925652310252, 0.123217262328, 0.13747535646], "min": [0, 0, 0, 0, 0, 0, 0, 0, 0, 0, 0, 0, 0, 0, 0, 0, 0, 0, 0, 0, 0, 0, 0, 0, 0, 0, 0, 0, 0, 0, 0, 0, 0, 0, 0, 0]}, "key_key": "B", "thpcp": [1, 0.711269259453, 0.38162407279, 0.227500930429, 0.177494168282, 0.232109427452, 0.328268766403, 0.337819755077, 0.370347976685, 0.467170923948, 0.429939806461, 0.357062071562, 0.34362000227, 0.299036711454, 0.278490722179, 0.280844718218, 0.254739403725, 0.233664736152, 0.230587527156, 0.284359097481, 0.521643817425, 0.754908084869, 0.669979333878, 0.485079884529, 0.348644047976, 0.225167274475, 0.226562708616, 0.340900868177, 0.426145285368, 0.529283046722, 0.56588602066, 0.401636481285, 0.285747736692, 0.313531577587, 0.467115551233, 0.825493574142], "chords_key": "B", "tuning_equal_tempered_deviation": 0.0900208950043, "tuning_frequency": 444.341888428, "tuning_diatonic_strength": 0.664762198925, "chords_histogram": [44.0650138855, 16.3191585541, 1.03431296349, 0.525365293026, 0.197011992335, 2.61040878296, 3.13577413559, 20.6534233093, 0.656706631184, 2.38056159019, 0.77163028717, 0.394023984671, 0, 0.0164176654071, 0, 0, 1.47758984566, 1.03431296349, 0.591035962105, 0, 0, 0, 1.16565430164, 2.97159743309], "key_strength": 0.686494171619, "key_scale": "minor", "chords_strength": {"dvar": 0.000386395957321, "var": 0.0122899599373, "median": 0.616619408131, "max": 0.854734182358, "dmean": 0.0132638625801, "dmean2": 0.0146512342617, "mean": 0.610693514347, "dvar2": 0.000651367532555, "min": -1}, "chords_number_rate": 0.00180594320409, "tuning_nontempered_energy_ratio": 0.847533643246, "hpcp_entropy": {"dvar": 0.316710263491, "var": 0.698151111603, "median": 2.69424295425, "max": 4.79503965378, "dmean": 0.699593365192, "dmean2": 1.18080210686, "mean": 2.68774724007, "dvar2": 0.868153393269, "min": 0}, "chords_changes_rate": 0.0714168474078, "chords_scale": "minor"}, "rhythm": {"bpm_histogram_first_peak_spread": {"dvar": 0, "var": 0, "median": 0.579629600048, "max": 0.579629600048, "dmean": 0, "dmean2": 0, "mean": 0.579629600048, "dvar2": 0, "min": 0.579629600048}, "bpm_histogram_first_peak_weight": {"dvar": 0, "var": 0, "median": 0.33284458518, "max": 0.33284458518, "dmean": 0, "dmean2": 0, "mean": 0.33284458518, "dvar2": 0, "min": 0.33284458518}, "bpm_histogram_first_peak_bpm": {"dvar": 0, "var": 0, "median": 148, "max": 148, "dmean": 0, "dmean2": 0, "mean": 148, "dvar2": 0, "min": 148}, "bpm": 146.811401367, "bpm_histogram_second_peak_weight": {"dvar": 0, "var": 0, "median": 0.146627560258, "max": 0.146627560258, "dmean": 0, "dmean2": 0, "mean": 0.146627560258, "dvar2": 0, "min": 0.146627560258}, "beats_loudness": {"dvar": 9.98965842882e-05, "var": 0.000187682671822, "median": 0.0395600907505, "max": 0.0963398888707, "dmean": 0.0119510143995, "dmean2": 0.0206639096141, "mean": 0.0387795940042, "dvar2": 0.000281819084194, "min": 1.66377661648e-10}, "beats_loudness_band_ratio": {"dvar": [0.0272014588118, 0.00979903060943, 0.00511909881607, 0.00779849896207, 0.00601231819019, 0.00361207267269], "var": [0.0424161702394, 0.0104753170162, 0.00590361980721, 0.00813364330679, 0.00812369957566, 0.00719058979303], "median": [0.515588223934, 0.104782186449, 0.0727850645781, 0.0710149332881, 0.103865258396, 0.0478080511093], "max": [0.955084621906, 0.654147446156, 0.487706959248, 0.50099748373, 0.528021037579, 0.962978124619], "dmean": [0.207523286343, 0.101584471762, 0.0749295279384, 0.0811463668942, 0.0845221504569, 0.0368662960827], "dmean2": [0.363096356392, 0.18312600255, 0.136235132813, 0.144505292177, 0.147326678038, 0.0646282434464], "mean": [0.508339762688, 0.128842025995, 0.0961972922087, 0.0986543297768, 0.129761204123, 0.0647802054882], "dvar2": [0.0757802575827, 0.030878296122, 0.0151363126934, 0.0222092177719, 0.0178344231099, 0.00707230018452], "min": [0.00165844417643, 0.00075286894571, 0.00308887846768, 0.00182709470391, 0.00246614753269, 0.00211021653377]}, "bpm_histogram_second_peak_bpm": {"dvar": 0, "var": 0, "median": 140, "max": 140, "dmean": 0, "dmean2": 0, "mean": 140, "dvar2": 0, "min": 140}, "onset_rate": 2.99131178856, "beats_count": 683, "beats_position": [0.522448956966, 1.05650794506, 1.54412698746, 2.02013611794, 2.48453521729, 2.92571425438, 3.3785033226, 3.8196823597, 4.26086139679, 4.66721057892, 5.08516979218, 5.50312900543, 5.93269824982, 6.3622674942, 6.80344676971, 7.23301553726, 7.63936471939, 8.05732440948, 8.47528362274, 8.893242836, 9.31120204926, 9.72916126251, 10.1471195221, 10.5766887665, 10.9946479797, 11.412607193, 11.8305664062, 12.2369155884, 12.6664848328, 13.0960540771, 13.5372333527, 13.9551925659, 14.3731517792, 14.7911109924, 15.2090702057, 15.6154193878, 16.0449886322, 16.4745578766, 16.904127121, 17.3336963654, 17.7632656097, 18.181224823, 18.5991840363, 19.0171432495, 19.4351024628, 19.853061676, 20.2710208893, 20.6889801025, 21.1069393158, 21.5248966217, 21.942855835, 22.3608150482, 22.7787742615, 23.2083435059, 23.6379127502, 24.0674819946, 24.4738311768, 24.89179039, 25.3213596344, 25.7509288788, 26.168888092, 26.5984573364, 27.0280265808, 27.4575958252, 27.8871650696, 28.2935142517, 28.7230834961, 29.1410427094, 29.5590019226, 29.9769611359, 30.3949203491, 30.8128795624, 31.2308387756, 31.6487979889, 32.0667572021, 32.4847145081, 32.8910636902, 33.2974128723, 33.7153739929, 34.1333312988, 34.5512924194, 34.9692497253, 35.3755989075, 35.7819480896, 36.1999092102, 36.6178665161, 37.0474357605, 37.4653968811, 37.883354187, 38.3013153076, 38.7192726135, 39.1256217957, 39.5435829163, 39.9615402222, 40.3795013428, 40.7974586487, 41.2154197693, 41.6333770752, 42.0513381958, 42.4809074402, 42.9104766846, 43.3284339905, 43.7580032349, 44.1875724792, 44.6287536621, 45.0583229065, 45.4878921509, 45.9058494568, 46.3354187012, 46.7649879456, 47.1829452515, 47.6125144958, 48.0420837402, 48.4600448608, 48.8896141052, 49.3075714111, 49.7371406555, 50.1667098999, 50.5962791443, 51.0142402649, 51.4438095093, 51.8733787537, 52.302947998, 52.7325172424, 53.1620864868, 53.5800437927, 54.0096130371, 54.4275741577, 54.8455314636, 55.2518806458, 55.6582298279, 56.0761909485, 56.4941482544, 56.912109375, 57.3300666809, 57.736415863, 58.1427650452, 58.5607261658, 58.9786834717, 59.3966445923, 59.8262138367, 60.2557830811, 60.6853485107, 61.1265296936, 61.556098938, 61.9740562439, 62.3920173645, 62.8099746704, 63.2395439148, 63.6807250977, 64.1219024658, 64.5514755249, 64.9810409546, 65.3990020752, 65.8285675049, 66.2465286255, 66.6761016846, 67.0940551758, 67.5120162964, 67.9183654785, 68.3479385376, 68.7658920288, 69.1954650879, 69.6134262085, 70.0429916382, 70.4725646973, 70.902130127, 71.3316955566, 71.7612686157, 72.1908340454, 72.608795166, 73.0267562866, 73.4447174072, 73.8626708984, 74.280632019, 74.7102050781, 75.1397705078, 75.5577316284, 75.975692749, 76.3936462402, 76.8116073608, 77.2295684814, 77.6475296021, 78.0654830933, 78.4950561523, 78.924621582, 79.3541946411, 79.7721557617, 80.1901092529, 80.6080703735, 81.0376434326, 81.4555969238, 81.8735580444, 82.3031311035, 82.7326965332, 83.1506576538, 83.5686187744, 83.9865722656, 84.4161453247, 84.8457107544, 85.2752838135, 85.6932373047, 86.1228103638, 86.5407714844, 86.9587249756, 87.3766860962, 87.7946472168, 88.2126083374, 88.6305618286, 89.0369110107, 89.4432601929, 89.8380050659, 90.2327423096, 90.6507034302, 91.0686569214, 91.486618042, 91.9045791626, 92.3109283447, 92.7288894653, 93.1352386475, 93.5531921387, 93.9479370117, 94.3542861938, 94.760635376, 95.1785888672, 95.5849380493, 95.9912872314, 96.3976364136, 96.8039855957, 97.2219467163, 97.6399078369, 98.046257019, 98.4526062012, 98.8705673218, 99.288520813, 99.6948699951, 100.101219177, 100.507568359, 100.913917542, 101.320266724, 101.726615906, 102.121360779, 102.516098022, 102.910835266, 103.317184448, 103.72353363, 104.141494751, 104.547843933, 104.965805054, 105.372154236, 105.778503418, 106.1848526, 106.591201782, 106.985939026, 107.392288208, 107.79863739, 108.204986572, 108.611335754, 109.017684937, 109.435646057, 109.853607178, 110.25995636, 110.666305542, 111.084259033, 111.490608215, 111.896957397, 112.314918518, 112.732879639, 113.15083313, 113.557182312, 113.951927185, 114.346664429, 114.753013611, 115.147750854, 115.542495728, 115.960449219, 116.378410339, 116.79637146, 117.214332581, 117.64389801, 118.07346344, 118.491424561, 118.897773743, 119.315734863, 119.745300293, 120.163261414, 120.592834473, 121.022399902, 121.440361023, 121.858322144, 122.276275635, 122.682624817, 123.112197876, 123.541763306, 123.971336365, 124.400901794, 124.842086792, 125.271652222, 125.701225281, 126.13079071, 126.548751831, 126.978317261, 127.40789032, 127.82585144, 128.243804932, 128.661773682, 129.079727173, 129.497680664, 129.927261353, 130.356826782, 130.786392212, 131.204345703, 131.633926392, 132.063491821, 132.493057251, 132.899414062, 133.317367554, 133.723709106, 134.141677856, 134.559631348, 134.977600098, 135.395553589, 135.81350708, 136.23147583, 136.637817383, 137.055786133, 137.485351562, 137.903305054, 138.321273804, 138.750839233, 139.168792725, 139.586761475, 140.004714966, 140.422668457, 140.852249146, 141.281814575, 141.711380005, 142.129333496, 142.547302246, 142.965255737, 143.383224487, 143.801177979, 144.21913147, 144.63710022, 145.055053711, 145.473007202, 145.890975952, 146.308929443, 146.726898193, 147.144851685, 147.562805176, 147.969161987, 148.387115479, 148.79347229, 149.188201904, 149.594558716, 150.000900269, 150.418869019, 150.83682251, 151.254776001, 151.672744751, 152.079086304, 152.485443115, 152.903396606, 153.309753418, 153.716094971, 154.122451782, 154.528793335, 154.923538208, 155.318267822, 155.713012695, 156.119369507, 156.52571106, 156.943664551, 157.361633301, 157.779586792, 158.185943604, 158.603897095, 159.010253906, 159.416595459, 159.822952271, 160.229293823, 160.635650635, 161.030380249, 161.425125122, 161.819854736, 162.214599609, 162.620956421, 163.027297974, 163.433654785, 163.839996338, 164.246353149, 164.652694702, 165.059051514, 165.465393066, 165.871749878, 166.278091431, 166.684448242, 167.102401733, 167.508743286, 167.915100098, 168.309844971, 168.716186523, 169.110931396, 169.505661011, 169.900405884, 170.306747437, 170.713104248, 171.119445801, 171.525802612, 171.932144165, 172.338500977, 172.744842529, 173.139587402, 173.545944214, 173.940673828, 174.34703064, 174.753372192, 175.148117065, 175.554458618, 175.96081543, 176.378768921, 176.796737671, 177.214691162, 177.632644653, 178.039001465, 178.445343018, 178.851699829, 179.281265259, 179.722442627, 180.140411377, 180.558364868, 180.976318359, 181.394287109, 181.800628662, 182.206985474, 182.624938965, 183.042892456, 183.460861206, 183.878814697, 184.27355957, 184.679901123, 185.097869873, 185.504211426, 185.922180176, 186.328521729, 186.73487854, 187.141220093, 187.535964966, 187.93069458, 188.337051392, 188.731781006, 189.138137817, 189.53288269, 189.939224243, 190.333969116, 190.72869873, 191.123443604, 191.518188477, 191.924530029, 192.319274902, 192.725616455, 193.131973267, 193.538314819, 193.933059692, 194.327789307, 194.72253418, 195.117279053, 195.512008667, 195.90675354, 196.301498413, 196.707839966, 197.114196777, 197.52053833, 197.926895142, 198.333236694, 198.739593506, 199.145935059, 199.540679932, 199.947021484, 200.353378296, 200.759719849, 201.154464722, 201.560806274, 201.967163086, 202.373504639, 202.77986145, 203.186203003, 203.580947876, 203.987304688, 204.39364624, 204.800003052, 205.206344604, 205.612701416, 206.00743103, 206.402175903, 206.808517456, 207.214874268, 207.62121582, 208.027572632, 208.422302246, 208.817047119, 209.211791992, 209.606521606, 210.012878418, 210.419219971, 210.813964844, 211.220306396, 211.603439331, 211.998184204, 212.392913818, 212.776046753, 213.159179688, 213.542312622, 213.925445557, 214.308563232, 214.691696167, 215.08644104, 215.481170654, 215.875915527, 216.28225708, 216.677001953, 217.083358765, 217.478088379, 217.872833252, 218.267562866, 218.650695801, 219.033828735, 219.405349731, 219.788482666, 220.159988403, 220.543121338, 220.926254272, 221.309387207, 221.727340698, 222.145309448, 222.563262939, 222.969604492, 223.375961304, 223.782302856, 224.188659668, 224.583404541, 224.978134155, 225.384490967, 225.79083252, 226.185577393, 226.580307007, 226.986663818, 227.393005371, 227.787750244, 228.205703735, 228.600448608, 229.0184021, 229.413146973, 229.819503784, 230.225845337, 230.632202148, 231.026931763, 231.433288574, 231.828018188, 232.234375, 232.640716553, 233.035461426, 233.430206299, 233.836547852, 234.242904663, 234.660858154, 235.067199707, 235.473556519, 235.868301392, 236.274642944, 236.680999756, 237.087341309, 237.482086182, 237.888427734, 238.294784546, 238.701126099, 239.10748291, 239.513824463, 239.920181274, 240.326522827, 240.732879639, 241.139221191, 241.545578003, 241.963531494, 242.369888306, 242.776229858, 243.18258667, 243.600540161, 243.995285034, 244.401626587, 244.79637146, 245.202713013, 245.597457886, 246.003799438, 246.41015625, 246.816497803, 247.222854614, 247.629196167, 248.02394104, 248.430297852, 248.836639404, 249.242996216, 249.649337769, 250.05569458, 250.450424194, 250.845169067, 251.239898682, 251.634643555, 252.029388428, 252.424118042, 252.818862915, 253.225204468, 253.619949341, 254.026306152, 254.432647705, 254.839004517, 255.245346069, 255.663299561, 256.069641113, 256.476013184, 256.882354736, 257.288696289, 257.683441162, 258.089782715, 258.484527588, 258.890869141, 259.285614014, 259.691955566, 260.086700439, 260.493041992, 260.899414062, 261.305755615, 261.723724365, 262.141662598, 262.548034668, 262.9659729, 263.360717773, 263.778686523, 264.185028076, 264.591369629, 264.997741699, 265.404083252, 265.798828125, 266.205169678, 266.61151123, 267.017852783, 267.424224854, 267.830566406, 268.236907959, 268.643249512, 269.049621582, 269.467559814, 269.873931885, 270.280273438, 270.675018311, 271.069732666, 271.464477539, 271.870819092, 272.265563965, 272.671936035, 273.066650391, 273.484619141, 273.902587891, 274.320526123, 274.726898193, 275.133239746, 275.551208496, 275.969146729, 276.410339355, 276.851501465, 277.281097412, 277.710662842, 278.198272705, 278.685882568, 279.161895752, 279.591461182, 280.032653809, 280.473815918, 280.915008545, 281.356170654, 281.797363281, 282.238555908], "danceability": 0.962962687016, "bpm_histogram_second_peak_spread": {"dvar": 0, "var": 0, "median": 0.159663915634, "max": 0.159663915634, "dmean": 0, "dmean2": 0, "mean": 0.159663915634, "dvar2": 0, "min": 0.159663915634}}, "lowlevel": {"spectral_flux": {"dvar": 0.00045687216334, "var": 0.00130343891215, "median": 0.0993837416172, "max": 0.24018907547, "dmean": 0.0227773375809, "dmean2": 0.0363148264587, "mean": 0.100254222751, "dvar2": 0.00102176517248, "min": 1.02730511597e-10}, "spectral_rolloff": {"dvar": 583315.375, "var": 1739243.5, "median": 1571.92382812, "max": 18626.2207031, "dmean": 536.097717285, "dmean2": 874.760498047, "mean": 1642.55395508, "dvar2": 1262739.125, "min": 86.1328125}, "barkbands_flatness_db": {"dvar": 0.00036764430115, "var": 0.00132234906778, "median": 0.122658751905, "max": 0.339561253786, "dmean": 0.020177450031, "dmean2": 0.0312408041209, "mean": 0.127327308059, "dvar2": 0.000839301908854, "min": 0.0256173927337}, "spectral_centroid": {"dvar": 53182.296875, "var": 263496.75, "median": 1663.87255859, "max": 10810.4902344, "dmean": 245.742752075, "dmean2": 383.270599365, "mean": 1689.12316895, "dvar2": 115826.304688, "min": 211.11479187}, "melbands_skewness": {"dvar": 0.799823760986, "var": 3.39105606079, "median": 2.73679447174, "max": 17.7340755463, "dmean": 0.882431328297, "dmean2": 1.35055077076, "mean": 3.12865281105, "dvar2": 1.85082924366, "min": -2.07162547112}, "melbands": {"dvar": [1.43293755173e-06, 7.01462477082e-06, 1.60935201166e-06, 2.04677135685e-07, 2.19732925189e-07, 2.85469887729e-08, 1.95034974837e-08, 2.89870953907e-08, 2.68887347943e-08, 5.00389951696e-08, 4.89472320453e-08, 1.94857676661e-08, 1.43853426948e-08, 1.61858473291e-08, 7.23254078849e-09, 6.48463949204e-09, 8.02115085463e-09, 5.13629938581e-09, 5.16538278816e-09, 4.43673364714e-09, 3.73704400758e-09, 2.31237540227e-09, 7.58640872345e-10, 5.11353737132e-10, 5.39988775916e-10, 6.43638642384e-10, 1.99687891222e-10, 6.43224293273e-11, 2.58692182259e-11, 1.4042382708e-11, 2.18186996248e-11, 3.14626553977e-11, 2.15432238021e-11, 1.03897437528e-11, 6.8141330252e-12, 1.97840407251e-11, 2.5124411232e-11, 1.12836120655e-11, 7.59440774156e-12, 3.53311520665e-12], "var": [1.08057986381e-06, 1.13748710646e-05, 3.1676152048e-06, 3.89171532333e-07, 2.52464161576e-07, 4.63004106166e-08, 2.72414286684e-08, 4.82603255136e-08, 6.35637533719e-08, 9.92542865674e-08, 1.02349289932e-07, 5.61739206262e-08, 2.94865962758e-08, 3.4793046666e-08, 1.08608286808e-08, 1.36953701713e-08, 1.41297595846e-08, 1.20932623915e-08, 1.27235262326e-08, 8.81008421771e-09, 7.76683162229e-09, 5.15855846928e-09, 1.90902471608e-09, 1.15864706718e-09, 1.32141242393e-09, 1.40857525643e-09, 3.91271542943e-10, 1.46005374457e-10, 4.8807496239e-11, 2.62280318991e-11, 3.62745250504e-11, 5.78603623347e-11, 3.57495213987e-11, 1.78303465742e-11, 1.25715653165e-11, 2.57129022935e-11, 3.36815679514e-11, 1.65356339732e-11, 1.32392222185e-11, 6.75743055262e-12], "median": [0.000442000513431, 0.00413010967895, 0.00237279944122, 0.000622634252068, 0.000323426356772, 0.000165769015439, 0.000105473271105, 6.9814377639e-05, 7.13183835614e-05, 8.31668075989e-05, 5.90389827266e-05, 3.7807643821e-05, 2.37808726524e-05, 2.69251995633e-05, 2.94180517812e-05, 2.92080803774e-05, 4.16604016209e-05, 3.3337266359e-05, 3.08393682644e-05, 3.89972810808e-05, 4.88211044285e-05, 4.30085747212e-05, 2.61973891611e-05, 2.33052924159e-05, 2.35190364037e-05, 2.15165091504e-05, 1.58970015036e-05, 9.47093667492e-06, 6.30676413493e-06, 3.6576536786e-06, 2.39269820668e-06, 2.13256112147e-06, 2.52096151598e-06, 2.15901150113e-06, 1.77030631221e-06, 1.28398676225e-06, 7.28597967736e-07, 4.95608844631e-07, 3.7289237298e-07, 2.11777006598e-07], "max": [0.00938740372658, 0.0231640078127, 0.0142306787893, 0.00756558123976, 0.00526824174449, 0.00282110995613, 0.00341615756042, 0.00422982266173, 0.00404985481873, 0.00534254359081, 0.00390330888331, 0.00442240899429, 0.00248680450022, 0.00258155609481, 0.00194052990992, 0.00176716549322, 0.00169405923225, 0.00171635928564, 0.00223166495562, 0.00206539360806, 0.00136024900712, 0.00127425731625, 0.000562651548535, 0.000554662547074, 0.00078978826059, 0.000657856289763, 0.000375584233552, 0.000184054253623, 9.65900908341e-05, 0.00014935019135, 0.000208555880818, 0.000282263528788, 0.000252411322435, 0.000160751587828, 7.44472417864e-05, 0.00018664446543, 0.000197357148863, 0.000118382216897, 9.92087661871e-05, 6.70707886457e-05], "dmean": [0.000596847035922, 0.00238176016137, 0.00126038852613, 0.000412033026805, 0.000310409610393, 0.00013096233306, 9.50095272856e-05, 8.34213278722e-05, 8.73794488143e-05, 0.000113379326649, 0.000105574828922, 6.17698096903e-05, 4.87770448672e-05, 5.6054097513e-05, 3.95630704588e-05, 4.07523839385e-05, 4.88263031002e-05, 3.72746217181e-05, 3.29300528392e-05, 3.48551293428e-05, 3.91660869354e-05, 3.22110972775e-05, 1.93547657545e-05, 1.54871177074e-05, 1.59623632499e-05, 1.60758900165e-05, 1.02176672954e-05, 5.89808496443e-06, 3.89494198316e-06, 2.51043525168e-06, 2.41295924752e-06, 2.26509632739e-06, 1.88022636394e-06, 1.40888607802e-06, 1.18697460039e-06, 1.09649931801e-06, 9.21103435303e-07, 6.6144724542e-07, 5.53293261873e-07, 3.717162258e-07], "dmean2": [0.00105204700958, 0.00389665318653, 0.00204494898207, 0.000677999225445, 0.000522729242221, 0.000214318701182, 0.000156018359121, 0.000136163173011, 0.00014128901239, 0.000183551455848, 0.000170895844349, 9.81390039669e-05, 7.75312219048e-05, 8.87934002094e-05, 6.37728371657e-05, 6.51463560644e-05, 7.97803659225e-05, 6.03146545473e-05, 5.24306014995e-05, 5.72008248128e-05, 6.39709032839e-05, 5.20452849742e-05, 3.11246330966e-05, 2.50331122515e-05, 2.58233321802e-05, 2.58868585661e-05, 1.67720409081e-05, 9.73951682681e-06, 6.58480576021e-06, 4.26270025855e-06, 4.19720663558e-06, 3.87236423194e-06, 3.11102371597e-06, 2.31555213759e-06, 1.92346533368e-06, 1.76286664555e-06, 1.47177320287e-06, 1.05124468064e-06, 8.55478447193e-07, 5.6791014913e-07], "mean": [0.00072758749593, 0.00463236821815, 0.00266479863785, 0.00077456823783, 0.000471122126328, 0.00022650246683, 0.000153090339154, 0.000128849394969, 0.000142002172652, 0.000187212775927, 0.000174576693098, 0.000107940388261, 7.90704070823e-05, 9.37082877499e-05, 6.14718301222e-05, 6.81081073708e-05, 8.06955140433e-05, 6.82954996591e-05, 6.26586406725e-05, 6.57910786686e-05, 7.74476648076e-05, 6.56182019156e-05, 4.14629066654e-05, 3.36440571118e-05, 3.50829759554e-05, 3.37570090778e-05, 2.13850253203e-05, 1.29738054966e-05, 8.21044704935e-06, 4.70500526717e-06, 3.73359011974e-06, 3.51451058123e-06, 3.55368433702e-06, 2.95013978757e-06, 2.53460234489e-06, 2.14625129047e-06, 1.58900013503e-06, 1.12838733912e-06, 9.14497150006e-07, 6.16924751284e-07], "dvar2": [4.06968956668e-06, 1.92811621673e-05, 4.30345062341e-06, 5.40824771633e-07, 6.1556829678e-07, 7.48937765138e-08, 5.03139787611e-08, 6.89917385444e-08, 6.39629575971e-08, 1.24335429064e-07, 1.21835768141e-07, 4.47329355779e-08, 3.42848380797e-08, 4.04881994598e-08, 1.77243979493e-08, 1.50602819105e-08, 2.03430392531e-08, 1.28019488344e-08, 1.20727499109e-08, 1.11489519838e-08, 9.49844736198e-09, 5.44598366403e-09, 1.84560289274e-09, 1.23831989107e-09, 1.30484101302e-09, 1.53054779961e-09, 4.83558471043e-10, 1.63415656007e-10, 7.05026176329e-11, 3.5186163011e-11, 5.56159666931e-11, 7.03755664855e-11, 4.39193299784e-11, 2.32779021753e-11, 1.58200726824e-11, 4.97452253001e-11, 5.89612872415e-11, 2.57323207881e-11, 1.53955771742e-11, 7.01217642979e-12], "min": [1.55030889399e-23, 6.51793009723e-24, 1.17254060364e-23, 3.43543836071e-24, 3.65319710271e-24, 6.38761224784e-24, 3.12358152892e-24, 1.35457988163e-23, 7.53911053904e-24, 3.52267020518e-24, 3.70345424769e-24, 4.02778849241e-24, 9.84989948946e-24, 6.34870405027e-24, 1.43522860295e-23, 9.46268711413e-24, 6.81384365569e-24, 1.02279886884e-23, 1.11866645253e-23, 1.17138295026e-23, 1.05791935077e-23, 7.5098146116e-24, 1.14885860484e-23, 7.47041416483e-24, 1.12635847744e-23, 4.06434194018e-24, 5.02771189384e-24, 1.01759191355e-23, 8.16460229509e-24, 1.38754748326e-23, 1.2094763334e-23, 1.0953220073e-23, 1.06039558515e-23, 8.29931212757e-24, 1.06320424552e-23, 1.33598800781e-23, 9.85294370369e-24, 6.94392839669e-24, 1.00418474915e-23, 1.11513156681e-23]}, "spectral_decrease": {"dvar": 6.08877764092e-18, "var": 1.26725310614e-17, "median": -9.51940393179e-09, "max": 8.799794796e-29, "dmean": 2.42236164461e-09, "dmean2": 3.98212751662e-09, "mean": -9.19569576041e-09, "dvar2": 1.71325863539e-17, "min": -2.26348504384e-08}, "barkbands_kurtosis": {"dvar": 16.6399993896, "var": 37.2482185364, "median": 0.35107254982, "max": 140.040588379, "dmean": 2.26618695259, "dmean2": 3.53972554207, "mean": 2.31629180908, "dvar2": 37.474773407, "min": -1.90479683876}, "silence_rate_30dB": {"dvar": 0, "var": 0, "median": 1, "max": 1, "dmean": 0, "dmean2": 0, "mean": 1, "dvar2": 0, "min": 1}, "gfcc": {"mean": [21.3737049103, 96.6804122925, -133.998809814, 55.0985298157, -46.7255706787, 11.3924455643, -38.9369506836, 7.36844921112, -25.1281967163, -8.66409301758, -20.0514831543, -10.1520872116, -15.5985565186], "cov": [[12213.7246094, 641.760070801, -264.460754395, 210.773239136, -707.720703125, 157.863861084, -529.101501465, -23.9735546112, -248.638198853, -103.230041504, -144.677047729, -13.5796442032, -75.0102386475], [641.760070801, 1125.76721191, -494.470123291, 27.7665119171, 120.722961426, -244.409683228, 92.7750396729, -122.611503601, 55.362537384, -157.944503784, 109.728805542, -140.77645874, 101.570983887], [-264.460754395, -494.470123291, 636.660766602, 103.569816589, -47.483707428, 190.090820312, -48.9590911865, 61.5328063965, -20.9424667358, 93.3435440063, -63.1872749329, 70.2084350586, -53.4157180786], [210.773239136, 27.7665119171, 103.569816589, 228.268127441, 9.63387298584, 45.2828407288, -37.074508667, 12.0814847946, 41.1402130127, 17.7613162994, 18.0668182373, -25.3268756866, 5.70987796783], [-707.720703125, 120.722961426, -47.483707428, 9.63387298584, 205.897064209, -47.8558502197, 44.5231018066, -6.92955780029, 42.5160140991, 9.76929283142, 26.38438797, -27.4801883698, 11.0446958542], [157.863861084, -244.409683228, 190.090820312, 45.2828407288, -47.8558502197, 248.697250366, 29.5760345459, 80.8785629272, -26.485212326, 15.9989995956, -21.0360507965, 41.4251327515, -28.1092834473], [-529.101501465, 92.7750396729, -48.9590911865, -37.074508667, 44.5231018066, 29.5760345459, 153.557388306, 29.1501102448, 2.21536850929, -30.381444931, 24.4918956757, -0.238988399506, 13.8335590363], [-23.9735546112, -122.611503601, 61.5328063965, 12.0814847946, -6.92955780029, 80.8785629272, 29.1501102448, 99.4394836426, 17.4234752655, 20.575510025, -10.6225032806, 13.9558897018, -20.3715133667], [-248.638198853, 55.362537384, -20.9424667358, 41.1402130127, 42.5160140991, -26.485212326, 2.21536850929, 17.4234752655, 88.2458114624, 31.4381027222, 10.858874321, -35.0055503845, 1.27213084698], [-103.230041504, -157.944503784, 93.3435440063, 17.7613162994, 9.76929283142, 15.9989995956, -30.381444931, 20.575510025, 31.4381027222, 99.1929092407, -4.40347385406, 12.4611873627, -22.9340934753], [-144.677047729, 109.728805542, -63.1872749329, 18.0668182373, 26.38438797, -21.0360507965, 24.4918956757, -10.6225032806, 10.858874321, -4.40347385406, 66.2763671875, -0.492967873812, 17.6754646301], [-13.5796442032, -140.77645874, 70.2084350586, -25.3268756866, -27.4801883698, 41.4251327515, -0.238988399506, 13.9558897018, -35.0055503845, 12.4611873627, -0.492967873812, 73.0413360596, 6.04232406616], [-75.0102386475, 101.570983887, -53.4157180786, 5.70987796783, 11.0446958542, -28.1092834473, 13.8335590363, -20.3715133667, 1.27213084698, -22.9340934753, 17.6754646301, 6.04232406616, 52.4377403259]], "icov": [[0.00020057085203, -0.000493808707688, 0.000182572563062, -0.000204365045647, 0.000518178625498, -0.000318520469591, 0.000756532710511, -0.000399214535719, 0.000669400324114, -0.000435506663052, 0.000570983509533, -0.000345350679709, 0.000457700982224], [-0.000493808707688, 0.0039555770345, 0.000229517332627, -2.75393522315e-05, -0.00150021270383, 0.00162617210299, -0.00272693135776, 0.00204724469222, -0.00207173707895, 0.00346021843143, -0.00351151102223, 0.00406874762848, -0.00315062236041], [0.000182572563062, 0.000229517332627, 0.00345285679214, -0.00198920373805, 0.000204017924261, -0.00139792764094, 0.000300539744785, 0.000588591268752, 0.000874336517882, -0.00170198210981, 0.00263775628991, -0.00217140978202, 0.0015029910719], [-0.000204365045647, -2.75393522315e-05, -0.00198920373805, 0.00755149172619, -0.000609191483818, -0.00176867016125, 0.00226288242266, -0.000364210718544, -0.00296136038378, 0.000882624590304, -0.00412814458832, 0.003961738199, -0.00325296004303], [0.000518178625498, -0.00150021270383, 0.000204017924261, -0.000609191483818, 0.00764027563855, 0.000122187891975, -0.000172776766703, -0.000541275425348, -1.52006696226e-05, -0.0023928664159, 0.000531017489266, 2.87006205326e-05, 0.000984372687526], [-0.000318520469591, 0.00162617210299, -0.00139792764094, -0.00176867016125, 0.000122187891975, 0.00893560796976, -0.00353612634353, -0.003834055271, 0.00148556369822, 0.00175501720514, -0.00100805796683, -0.000127442734083, 0.000456673646113], [0.000756532710511, -0.00272693135776, 0.000300539744785, 0.00226288242266, -0.000172776766703, -0.00353612634353, 0.0135451480746, -0.00540802674368, 0.00217783357948, 0.000897982681636, -0.00132794142701, -0.000699678261299, -0.000241349931457], [-0.000399214535719, 0.00204724469222, 0.000588591268752, -0.000364210718544, -0.000541275425348, -0.003834055271, -0.00540802674368, 0.019461510703, -0.00874872785062, 0.00151970481966, 0.000931631715503, -0.00337089574896, 0.00410001957789], [0.000669400324114, -0.00207173707895, 0.000874336517882, -0.00296136038378, -1.52006696226e-05, 0.00148556369822, 0.00217783357948, -0.00874872785062, 0.0259144119918, -0.0109268948436, 0.00092361913994, 0.00970135536045, -0.00382706243545], [-0.000435506663052, 0.00346021843143, -0.00170198210981, 0.000882624590304, -0.0023928664159, 0.00175501720514, 0.000897982681636, 0.00151970481966, -0.0109268948436, 0.0210509747267, -0.00506054563448, -0.00285858660936, 0.00415016151965], [0.000570983509533, -0.00351151102223, 0.00263775628991, -0.00412814458832, 0.000531017489266, -0.00100805796683, -0.00132794142701, 0.000931631715503, 0.00092361913994, -0.00506054563448, 0.0250424575061, -0.00865843333304, 0.00113582867198], [-0.000345350679709, 0.00406874762848, -0.00217140978202, 0.003961738199, 2.87006205326e-05, -0.000127442734083, -0.000699678261299, -0.00337089574896, 0.00970135536045, -0.00285858660936, -0.00865843333304, 0.0319295749068, -0.0144639723003], [0.000457700982224, -0.00315062236041, 0.0015029910719, -0.00325296004303, 0.000984372687526, 0.000456673646113, -0.000241349931457, 0.00410001957789, -0.00382706243545, 0.00415016151965, 0.00113582867198, -0.0144639723003, 0.0325985997915]]}, "silence_rate_20dB": {"dvar": 0, "var": 0, "median": 1, "max": 1, "dmean": 0, "dmean2": 0, "mean": 1, "dvar2": 0, "min": 1}, "barkbands_skewness": {"dvar": 0.29147285223, "var": 1.26817154884, "median": 1.25155186653, "max": 10.2257328033, "dmean": 0.55353808403, "dmean2": 0.846891403198, "mean": 1.43340241909, "dvar2": 0.673388421535, "min": -3.09202241898}, "erbbands_skewness": {"dvar": 0.0572778247297, "var": 0.296757221222, "median": -0.438927650452, "max": 2.30092096329, "dmean": 0.271193534136, "dmean2": 0.42410364747, "mean": -0.48904633522, "dvar2": 0.131512239575, "min": -2.77886414528}, "spectral_contrast_valleys": {"dvar": [0.126827463508, 0.0929469317198, 0.0779554620385, 0.0589786916971, 0.0443677715957, 0.146560266614], "var": [1.69877326488, 1.47641646862, 1.28855288029, 1.11640834808, 1.07413244247, 1.44962203503], "median": [-6.77619981766, -6.41570281982, -6.93562221527, -6.86186981201, -6.58103466034, -9.7164478302], "max": [-5.42595863342, -5.04654359818, -5.25231742859, -5.70608091354, -5.62478494644, -7.29310417175], "dmean": [0.420882254839, 0.355939000845, 0.315829008818, 0.255403667688, 0.19942073524, 0.267132669687], "dmean2": [0.706546127796, 0.593493580818, 0.510187327862, 0.407380193472, 0.313447803259, 0.405077159405], "mean": [-7.06131219864, -6.61968135834, -7.06879806519, -7.01548194885, -6.73204421997, -10.0054063797], "dvar2": [0.331839621067, 0.231577575207, 0.175977140665, 0.121647723019, 0.0837854072452, 0.294121623039], "min": [-27.2983779907, -27.6615848541, -26.9637031555, -27.3964214325, -27.1860561371, -27.3156414032]}, "spectral_strongpeak": {"dvar": 0.56130874157, "var": 0.533413946629, "median": 0.470981359482, "max": 13.2567901611, "dmean": 0.357580453157, "dmean2": 0.630397498608, "mean": 0.623253285885, "dvar2": 1.48217368126, "min": 0}, "erbbands_crest": {"dvar": 3.55711269379, "var": 8.76783752441, "median": 5.8478140831, "max": 23.0258426666, "dmean": 1.86322379112, "dmean2": 3.08507370949, "mean": 6.60109949112, "dvar2": 9.24858856201, "min": 2.04879951477}, "barkbands_crest": {"dvar": 4.78217077255, "var": 14.7230539322, "median": 9.06100082397, "max": 22.8090705872, "dmean": 2.58355760574, "dmean2": 4.13307332993, "mean": 9.67398071289, "dvar2": 11.8840026855, "min": 2.68524885178}, "spectral_energyband_middle_low": {"dvar": 1.8499131329e-05, "var": 3.85959538107e-05, "median": 0.0109800482169, "max": 0.0433425791562, "dmean": 0.00434031616896, "dmean2": 0.0071785072796, "mean": 0.0119273606688, "dvar2": 5.10198224219e-05, "min": 1.89901135184e-22}, "spectral_contrast_coeffs": {"dvar": [0.00175437598955, 0.00136904069223, 0.000931405287702, 0.000543439527974, 0.000312128016958, 0.000207365461392], "var": [0.00584802031517, 0.00382551481016, 0.00392287876457, 0.00231326185167, 0.00139517360367, 0.000946750398725], "median": [-0.587721884251, -0.776059985161, -0.796839475632, -0.805027186871, -0.792027294636, -0.7447514534], "max": [-0.304036438465, -0.477448880672, -0.537489891052, -0.588742136955, -0.633194983006, -0.590861737728], "dmean": [0.053247731179, 0.0471465028822, 0.0384180545807, 0.0293398182839, 0.0212339907885, 0.0164464283735], "dmean2": [0.0888944938779, 0.0789565145969, 0.0633589997888, 0.0487110167742, 0.0347345806658, 0.0271462742239], "mean": [-0.588147580624, -0.770715773106, -0.786531746387, -0.797089755535, -0.787488102913, -0.746359109879], "dvar2": [0.00488191377372, 0.00378965446725, 0.00238851015456, 0.00145044270903, 0.00076977990102, 0.000521784648299], "min": [-0.962975621223, -0.961269557476, -0.964725315571, -0.958224236965, -0.959658741951, -0.957790255547]}, "hfc": {"dvar": 59.4089813232, "var": 230.153533936, "median": 27.2470607758, "max": 197.991867065, "dmean": 6.33557271957, "dmean2": 9.78286552429, "mean": 28.2234706879, "dvar2": 130.041748047, "min": 1.20014602754e-16}, "spectral_energyband_high": {"dvar": 5.45600585156e-07, "var": 1.33046319206e-06, "median": 0.000717850518413, "max": 0.0229314491153, "dmean": 0.000380313693313, "dmean2": 0.000607992580626, "mean": 0.000957211363129, "dvar2": 1.12831037313e-06, "min": 7.94821694731e-21}, "erbbands_spread": {"dvar": 65.364944458, "var": 369.96105957, "median": 41.5576972961, "max": 152.937835693, "dmean": 8.15243625641, "dmean2": 12.4140529633, "mean": 45.0536193848, "dvar2": 136.893539429, "min": 6.48120975494}, "dissonance": {"dvar": 7.46107762097e-05, "var": 0.0001390461548, "median": 0.487552344799, "max": 0.500000119209, "dmean": 0.00899751018733, "dmean2": 0.0153007721528, "mean": 0.484469234943, "dvar2": 0.000204693104024, "min": 0.407645463943}, "spectral_kurtosis": {"dvar": 2.1141705513, "var": 3.701359272, "median": 3.30405902863, "max": 19.0763893127, "dmean": 1.35298585892, "dmean2": 2.34040403366, "mean": 3.70489382744, "dvar2": 6.42709445953, "min": -1.23587667942}, "spectral_skewness": {"dvar": 0.0242813006043, "var": 0.0606586188078, "median": 1.18532180786, "max": 2.59185504913, "dmean": 0.165530622005, "dmean2": 0.279579073191, "mean": 1.19094514847, "dvar2": 0.0678520128131, "min": 0.00616565952078}, "pitch_salience": {"dvar": 0.00533911492676, "var": 0.0131487958133, "median": 0.532149612904, "max": 0.928807795048, "dmean": 0.0853361189365, "dmean2": 0.137806102633, "mean": 0.530751645565, "dvar2": 0.0137005951256, "min": 0.110244721174}, "spectral_complexity": {"dvar": 16.5539093018, "var": 97.4023361206, "median": 33, "max": 58, "dmean": 4.72594404221, "dmean2": 7.2129073143, "mean": 31.7958297729, "dvar2": 35.6669692993, "min": 0}, "spectral_spread": {"dvar": 327090634752, "var": 1696066961410.0, "median": 3705856.5, "max": 40992356, "dmean": 393000.21875, "dmean2": 581273.4375, "mean": 3904424.75, "dvar2": 498656968704, "min": 1704250.875}, "dynamic_complexity": 2.04361152649, "melbands_crest": {"dvar": 9.59614086151, "var": 25.6502513885, "median": 16.5183181763, "max": 31.1145420074, "dmean": 3.74926233292, "dmean2": 6.08288002014, "mean": 16.5106048584, "dvar2": 24.9489822388, "min": 1.74097204208}, "zerocrossingrate": {"dvar": 0.000121460325317, "var": 0.00095865491312, "median": 0.05615234375, "max": 0.5205078125, "dmean": 0.00877863913774, "dmean2": 0.0106244366616, "mean": 0.0603716224432, "dvar2": 0.00013436570589, "min": 0.00732421875}, "spectral_energyband_low": {"dvar": 9.37828881433e-05, "var": 0.000154349530931, "median": 0.0172529350966, "max": 0.0803320556879, "dmean": 0.0088606104254