{"metadata": {"audio_properties": {"downmix": "mix", "bit_rate": 192000, "lossless": false, "md5_encoded": "3e3f5ebf341d5642ed5e43ae2eee30c1", "analysis_sample_rate": 44100, "sample_rate": 44100, "replay_gain": -5.11898803711, "equal_loudness": 0, "codec": "mp3", "length": 251.8465271}, "tags": {"bpm": ["99.84"], "musicbrainz_albumid": ["e15d7a89-d017-4460-aac7-94345614aac6"], "musicbrainz_recordingid": ["75c3b1f6-693f-45e4-9e95-3b26b75aaaa9"], "musicbrainz_artistid": ["9f6413ef-4320-4833-87be-3ad1d3bf238f"], "musicbrainz album type": ["Album"], "acoustid_id": ["0e889877-9a3b-405a-b540-4fede55782dc"], "file_name": "Richard Souther - Simple Joys.mp3", "musicip_puid": ["23729f41-a005-0142-8c5e-167a76979daa"], "album": ["Twelve Tribes"], "artist": ["Richard Souther"], "title": ["Simple Joys"], "language": ["eng"], "acoustid_fingerprint": ["AQADtEkmJUoUJkyC_CJe5Xiu4I1CuFyPMwmesPCCRMezNAUfGU28o8uDWIn048lxZ0OYSqLAqAkeMQ9G5ehLNI-Rpw9-HGW4DZ7Uw55QT2hu9MFz4keeE8llPEpxnMoVdIdzEm-iI6Fn4nqKZnmCI3lE-Alx6TGeB_t19Aqe6mimI2-aCD-49kFTrSIY5UVe55iybMcd47VQ88F3PMdtojeaJzoO_JcQynoCE9ZPqLyO_EA9Gn3RXB9OGngwFsn2HWGeBf_xVkmMH91XJMuyH5F1PHxwM0hP_LiSXQjTdItQ5TmOZjaNMlEePI_QG8czInkihL-E477Qn8GVC1aJH46ooQzRH8159JHRH5ifDpcOig8uZhLyKxv0B7WNMHUePDmR7-D1oTm6afhexEqk4wmmPA_qVPgTPMe544kON8WDOw5y6MhfnEeZa2i2SMdP1MOfo8d_1M3h5mii8PirBP2HZl04PB92WugDn7nQ_sGP3KjaH0z07PiP6EcZJSe26YYv_IZ_MM9xJccPLzx254jD-tBnot6RXoenI9-hIy-NnugfND_y6FD-DLlvPIrxLPDp4mmLH290PEcuMP2GK4ceifBTEXGmBH6HyjnY7ChPuI4YPNrhnBSapKdwHPfxNJUQi0KyNVJnODvqScW740ouxOmiHdqZI-1SfKQivOmR_EYmLhQY6Tn4HOcZ9MuEHteN83gWDbFuNNdEOM6H89Ay_th3hElOoR5u-MG3o__gxy6a6hhT3DnxI-ESEdmTBH2O5omHC-XRJDl-Ci9xKdTxE9_AX8X5FM_2wD0eHtEdTPkMzcejBJeewNeEHb-GK0ee9Zi2Cs0l42JuPEfjrgPbZXBf1OLRZymaNHmGdTpy6EcoLhf-uHiTiBrySBDj5UT-4tpxPUIuKT0Svse5w8pCow_RTYyLU8eeHKeKPnil41mQqMmJSgpD-HXgHD-8FW2UC_mHXhEacrhy1CLxU4T_Fv3AUTiPyz28bHmRZ6EwPTKhKA9-Ih6qMDSaPfiNs8fB486DTuJl-PmGfrgpNGdKdA1AJtERUkl2JIyzwGeKZ0ez58G3B09O3FngkRTwo3Z22JaE3sKf4ZES5DlCJVeFP4HZD-Z6PEdyOkUY_sUX9HB9_B-soc-Oh5dwGzkTQaMVZMl54YtyvEfuDT0a6cfVBfqhxTyOMBWxRyau7LiODrbb4A5-LegvvO7x49goPcgNDtqDKbsyXINGH9se6DyuUEceY610Y8uJJ8c3K8GPp_ClD32UhDiu5siTnNA2jwgTM8iDP8gf40py7Cq8_Dh-7DF-uMcZ4SeuocuDW8eFncaXw9xxB2F3DqWcDaLz4Igu5vCP-ngo8Ep2_Ggeo2ceXEqNMkqOphr-aMbzo3lOMM0X_EKYD8muGMclDleWXBHKw0_xW8WPHjmSC3dePDw-Lcd_PFGKkiRMHY6-o0qZF1eO2t3g8QdTfD-e4_pR8ULyPMhy5ThzPLnwJmhq9MtxHG3gVIth5sYZw3F2wPvRE4-OMJoPVduJtDr6Hj_K8MOToqbwiwivI1mSZhEupXiiHP-H_nA1Oaij4BeS6iny5KqKJv9R4w7eHM-FLx767EMTXaAZ5HkgPkfcZCOeCJw-_Gj0HD3OCJHlEO0PvxDP41FmaD9CGX6K3g1eJcX0G8155FKh7kSYRAt3lGQDHseTHQ-X48Z0VkdT6Wh-TDpx5OIhTvEQczj8p2CeF83xCFeWHU1-9MdjnA-aG_UHPsrRNQcV_fB14eiDnsePhN3SC2FjfD4uVE8Hy3Pwg0nFEPmSSIKeNB_yULiUw8ePmM-QjEqEZnEe_MXXo0EuJEu4C8ecZcGYnHgiNM-GPhsePcLB_PB7pBdUI91VTMyCX2hsCeF3QuERmulyOBLS-dDzIqfgw0dHl_gdNE-HHpyk6cgjk9A35AhPNE4uPMNxcUMYhznqfcGV4To6HkxCB9-DT0HziLj0obGRXLyQP8U-_ugf4RKDL6SQsDfCUsJ_PD8q6rCRXEe03cTDBR-eeIfLTQl--MmRhcwhJxnxyzj86dCZB__xHFrcUAg_PAmupsV1NL_AOA1-CT2R80h2Y1dYPCKqSrDCB3Z91GKCLhWR8CnC6UEtUYd9DtfxB3l3QWu2HPl0fOKMnkJzfJGFX3iWBbseJI-RZkqUCyX1DNZxl8Fx0hIeHRcOuzt6MvjxC__xlMebENUnC94S5XgPV1mKOznOw3WO5NqFdGSOww8_XFdR5XiYTriP64i9HFqOLGxRJjpSJ9QG3Ue-CQ4ndHmIK_qQX0iWZ5jO4FmELyGLC40b9NGOL3jc4Md9HJH4HlrI5WCXH7uO5h96hkbIo_mM3iH8CGd6VCcjHJXKw8eZTMM-9MRrPFkXsMyQD9VraBETXKfQLD5iJ4V_XAzsbiizH-zRX3h2XIePihd-HXeUTMelY6Jg14KZLfheHObjIFc_uOkFjd3Rp0f6HDWedtiVD7eI6mhKnKpRF82zXHjG4XqQo88JcSvCPhWuoxkYjTzYL0OPRjfOWccpfMdl5DuSXzieTEe15cKPaxLhMceJH3ZyPKyk4zmoH91xhsKjLEeeHNqPe0K-IVzS4xekXEGjsHii_ICWH6G4HWUUxriEnviP5kePW-gtIS2PpM3hZFtNtJxR9iN8H-6LPslxhoaWo8qHK9mPM-jnwnF0dJUi_Eby6MiPvgvho_qKJ8NJPMmRJd4aoc9xCXoO_wCjmGFECgAgM0waoAgSBBJkBHLMEcoAYwoBwgIAABECGViGAMKEAoYIjigBRCCAlDGGGQQAYgQAQxAAAjSilCMGQAEQI0YBhQAABARCgBTKGEmRMBoQIpSQDCAHCFHOEAAAdAIIKBAQihDCkEKMISKIocB7pYBCggEAiBWGCYcIIIQAYQECAhoPADEAAoMAIQggAxASxANhBDKAQKKgEMAQpohRAhAGmIAAMCQAMsAoYRQiSjCYGJKAIGEEMApAIQBhAhDFgENEAMIEAUQYghACBijgCDRAAoQsMIwoAwgARBGgABGCEYIMIkpIAAAgBgohlHIOCiIAEEIgYJQBiAAlgCEOCGGYAAgBBJghEgABiNCAAAUAgcIBZiADCAAAEDAGMCUAAsgBR5CiRCkElHGCESQEAQUAoogCSAEDEGAMAwGMESABQphARBgBkGKCCmaQQAQIKawyiEkKgPDACaSIJI5AgRBhyABjLEROAGCccwYhRIUSBgBgADUCEAYMIEAIpJAwzAGhEQAiKK-CEAYIwghjwggEBCJEAOCAQEgYRBhRgBBSHCGCESgAgEoQ6JAUAgBiGAAGMSMAAEQogohhAjjAkCEMA8IUAJABAoBUhhgDlCAGcAWJIEAQKAABBCwgkEIIGSAMowQhIZRgAMAmDEOAGGQAFkAoRiBTCADkgDekMCQUMUMZACQFRCiADLIkISCkERA0RAhEABBoHCAJCSKEAEAQQQgBggoHDEGCICWAMUYwIQIAyCAhhBAAIQScgsIIZYwwgAAiGRIKCCAYdUAQQSAhBDhCsCiLWEAVMEQJgYARFDDBjBEIAGSkQgIaRRQBTgCnDBCEMCK8AkAYIIRCwBhBhCMAMCGEoAwJxghCAAGEhKFCMAACCAIIACAwDgRjgFAAICUANQIIQpQnAADImDbAIGskY4YwIAhFTIqAkACEAQEIgUoooJgkDhBBAESAAsUQIwRBAwAAQCBhgCAECGAAEYRYIYgUAhHAEQA"], "tracknumber": ["02"], "musicbrainz_albumartistid": ["9f6413ef-4320-4833-87be-3ad1d3bf238f"], "genre": ["New Age"]}, "version": {"essentia_build_sha": "2d9f1f26377add8aeb1075a9c2973f962c4f09fd", "essentia_git_sha": "v2.1_beta2-1-ge3940c0", "extractor": "music 1.0", "essentia": "2.1-beta2"}}, "tonal": {"chords_scale": "major", "hpcp": {"dmean": [0.0817297920585, 0.0868033096194, 0.127648949623, 0.154111221433, 0.130733251572, 0.0851920694113, 0.0854026153684, 0.0962095782161, 0.121016018093, 0.14116692543, 0.133417412639, 0.10901492089, 0.107701689005, 0.0937168821692, 0.0851831957698, 0.116343788803, 0.119474865496, 0.148707181215, 0.165262266994, 0.120126433671, 0.0642342418432, 0.0547481961548, 0.0662148296833, 0.11955562979, 0.14367878437, 0.092831403017, 0.0500276237726, 0.0474300906062, 0.0508370399475, 0.0723058283329, 0.0883003473282, 0.0708451718092, 0.0753995254636, 0.0917608514428, 0.0816038101912, 0.0746503248811], "dvar2": [0.0946678668261, 0.0870029628277, 0.0857135653496, 0.116117343307, 0.0869404748082, 0.085622780025, 0.10656606406, 0.114044867456, 0.112156078219, 0.122824274004, 0.120945289731, 0.0938170924783, 0.106108501554, 0.0957026556134, 0.0862795263529, 0.11766692251, 0.107889920473, 0.103558138013, 0.125783964992, 0.0798785760999, 0.0596752129495, 0.0557272881269, 0.0624557249248, 0.091495975852, 0.110038027167, 0.0592042990029, 0.049872148782, 0.0430040098727, 0.0390179269016, 0.0433708056808, 0.0646429732442, 0.0475282780826, 0.0610701628029, 0.0795376226306, 0.0712604671717, 0.0790265277028], "mean": [0.0724740177393, 0.0763630717993, 0.200208455324, 0.330572962761, 0.20744740963, 0.0740251988173, 0.0745550617576, 0.0753186866641, 0.12929020822, 0.186607256532, 0.145677253604, 0.144911363721, 0.160524651408, 0.0928884223104, 0.071255967021, 0.108964316547, 0.119728505611, 0.23864710331, 0.322252064943, 0.169861599803, 0.0618636161089, 0.0628002211452, 0.0598689578474, 0.146749779582, 0.217413768172, 0.122991845012, 0.0383588857949, 0.0398077256978, 0.0533108748496, 0.0907774940133, 0.11716581881, 0.0781747847795, 0.0881581753492, 0.125530138612, 0.0888747647405, 0.0634369552135], "var": [0.0362261086702, 0.027885587886, 0.0577285960317, 0.142817243934, 0.0621770583093, 0.0263614635915, 0.0380851067603, 0.0314907208085, 0.0482632368803, 0.0854711085558, 0.0501941889524, 0.0663707852364, 0.0886457562447, 0.0340579561889, 0.0220215059817, 0.04363720119, 0.0406564623117, 0.0935527831316, 0.148913815618, 0.0524643734097, 0.0223238226026, 0.0360308550298, 0.0206992328167, 0.0421906337142, 0.0875322818756, 0.0382265709341, 0.0119420448318, 0.0139041310176, 0.0223218444735, 0.0244164709002, 0.0467451401055, 0.0209427550435, 0.0302449893206, 0.0573415011168, 0.031445402652, 0.0251691695303], "dmean2": [0.148848712444, 0.156377911568, 0.216907262802, 0.257559657097, 0.220836177468, 0.153374150395, 0.156386509538, 0.176512464881, 0.213818341494, 0.243574589491, 0.234287083149, 0.190107509494, 0.187763944268, 0.167098745704, 0.155407354236, 0.207708746195, 0.209410458803, 0.247568234801, 0.275532513857, 0.202938005328, 0.114908985794, 0.100028730929, 0.120942279696, 0.206242933869, 0.241587609053, 0.157164826989, 0.0920894891024, 0.0851862579584, 0.0883658379316, 0.120169557631, 0.146378606558, 0.122592940927, 0.130126789212, 0.156068086624, 0.141070201993, 0.134070813656], "dvar": [0.035246565938, 0.0317782983184, 0.0333399996161, 0.0498318299651, 0.034128870815, 0.0309106390923, 0.0387372933328, 0.0405542999506, 0.0416782237589, 0.0506322868168, 0.0429134294391, 0.0367542468011, 0.0436430461705, 0.0343378223479, 0.029794940725, 0.0430386699736, 0.0399948768318, 0.0444703996181, 0.0592680387199, 0.031865876168, 0.0215961672366, 0.0213568210602, 0.0221763979644, 0.033888284117, 0.045806851238, 0.0239248499274, 0.0174843277782, 0.0154097257182, 0.0166542753577, 0.0169789735228, 0.0270230062306, 0.0177215840667, 0.0225791651756, 0.03178184852, 0.0264079701155, 0.0287498962134], "min": [0, 0, 0, 0, 0, 0, 0, 0, 0, 0, 0, 0, 0, 0, 0, 0, 0, 0, 0, 0, 0, 0, 0, 0, 0, 0, 0, 0, 0, 0, 0, 0, 0, 0, 0, 0], "median": [0.00774304755032, 0.0147349145263, 0.087954595685, 0.133523970842, 0.0878714248538, 0.0146891539916, 0.00603502150625, 0.00847905967385, 0.028395710513, 0.0441650003195, 0.0416973307729, 0.02073241584, 0.0166667345911, 0.0138299614191, 0.0162424966693, 0.02056004107, 0.0305126365274, 0.0760794505477, 0.101379208267, 0.0587847195566, 0.00919030793011, 0.00410637259483, 0.0121216084808, 0.0590719021857, 0.080702662468, 0.0392857827246, 0.0052460776642, 0.00389847718179, 0.00861944630742, 0.0268796309829, 0.0278337690979, 0.0208422224969, 0.0163227040321, 0.0187125410885, 0.0170117672533, 0.00881813745946], "max": [1, 1, 1, 1, 1, 1, 1, 1, 1, 1, 1, 1, 1, 1, 1, 1, 1, 1, 1, 1, 1, 1, 1, 1, 1, 1, 1, 1, 1, 1, 1, 1, 1, 1, 1, 1]}, "tuning_equal_tempered_deviation": 0.0232119914144, "chords_key": "D#", "chords_strength": {"dmean": 0.00960448384285, "dvar2": 6.72134483466e-05, "mean": 0.471108704805, "var": 0.00635296432301, "dmean2": 0.00897636730224, "dvar": 5.89617302467e-05, "min": 0.22771319747, "median": 0.468977332115, "max": 0.692990720272}, "tuning_diatonic_strength": 0.587467193604, "thpcp": [1, 0.627538919449, 0.223929986358, 0.225532844663, 0.227842852473, 0.39110943675, 0.564496397972, 0.440681099892, 0.438364237547, 0.485595226288, 0.280992180109, 0.215552926064, 0.329622596502, 0.362184822559, 0.721919596195, 0.974828839302, 0.513839960098, 0.187140583992, 0.189973860979, 0.181106641889, 0.443925529718, 0.657687664032, 0.372056573629, 0.116037577391, 0.120420388877, 0.161268100142, 0.274606525898, 0.354432553053, 0.236482694745, 0.266682952642, 0.379735052586, 0.268850684166, 0.191900014877, 0.219237580895, 0.231002166867, 0.605640769005], "chords_histogram": [33.4562225342, 1.36405527592, 5.38248825073, 1.05069124699, 1.78801846504, 1.10599076748, 0.405529946089, 2.58064508438, 0.903225779533, 1.95391702652, 1.27188944817, 0.497695863247, 2.94930887222, 0, 0.221198156476, 0.626728117466, 0, 2.87557601929, 0, 14.3225803375, 4.40552997589, 1.99078345299, 14.8755760193, 5.97235012054], "tuning_nontempered_energy_ratio": 0.655809223652, "tuning_frequency": 439.745910645, "key_strength": 0.795230209827, "chords_changes_rate": 0.069861754775, "key_scale": "major", "hpcp_entropy": {"dmean": 0.62821149826, "dvar2": 0.776034116745, "mean": 1.78448987007, "var": 0.606370985508, "dmean2": 1.0610820055, "dvar": 0.289549350739, "min": 0, "median": 1.80801451206, "max": 4.41887378693}, "key_key": "D#", "chords_number_rate": 0.00294930883683}, "lowlevel": {"melbands_skewness": {"dmean": 1.08503079414, "dvar2": 3.94155740738, "mean": 2.90932631493, "var": 4.82423114777, "dmean2": 1.63914132118, "dvar": 1.71671330929, "min": -1.63421666622, "median": 2.40645885468, "max": 20.1893825531}, "melbands_kurtosis": {"dmean": 13.9370956421, "dvar2": 2219.5859375, "mean": 20.9308109283, "var": 1469.78479004, "dmean2": 22.1134719849, "dvar": 897.581176758, "min": -1.78544342518, "median": 9.08455276489, "max": 542.857788086}, "barkbands_kurtosis": {"dmean": 6.53179359436, "dvar2": 552.790466309, "mean": 8.47987270355, "var": 353.60369873, "dmean2": 10.3437690735, "dvar": 230.607543945, "min": -1.90452456474, "median": 3.28620195389, "max": 309.921875}, "hfc": {"dmean": 14.1091547012, "dvar2": 1877.93029785, "mean": 20.9257946014, "var": 783.820800781, "dmean2": 22.3226356506, "dvar": 731.817749023, "min": 1.14266769523e-16, "median": 11.8681325912, "max": 399.412506104}, "silence_rate_20dB": {"dmean": 0, "dvar2": 0, "mean": 1, "var": 0, "dmean2": 0, "dvar": 0, "min": 1, "median": 1, "max": 1}, "erbbands_flatness_db": {"dmean": 0.0299039967358, "dvar2": 0.00193255790509, "mean": 0.157099440694, "var": 0.00451597431675, "dmean2": 0.0417843610048, "dvar": 0.000990742002614, "min": 0.0248423945159, "median": 0.147258669138, "max": 0.493573784828}, "spectral_flux": {"dmean": 0.0398742854595, "dvar2": 0.00651017110795, "mean": 0.0842106491327, "var": 0.00584745407104, "dmean2": 0.0612820386887, "dvar": 0.0031572051812, "min": 1.01595988566e-10, "median": 0.0597722902894, "max": 0.522899508476}, "spectral_energyband_low": {"dmean": 0.0116478372365, "dvar2": 0.00232969596982, "mean": 0.0137410825118, "var": 0.000915649114177, "dmean2": 0.0185655504465, "dvar": 0.000972514390014, "min": 7.59399411657e-23, "median": 0.00418850872666, "max": 0.327241808176}, "spectral_rolloff": {"dmean": 813.767883301, "dvar2": 6015290, "mean": 1385.38769531, "var": 3048895.25, "dmean2": 1424.74243164, "dvar": 2478358.5, "min": 86.1328125, "median": 839.794921875, "max": 19164.5507813}, "spectral_entropy": {"dmean": 0.318952262402, "dvar2": 0.27230745554, "mean": 7.4175825119, "var": 0.434480726719, "dmean2": 0.460629105568, "dvar": 0.12924157083, "min": 3.72023510933, "median": 7.47860050201, "max": 9.79340744019}, "spectral_energy": {"dmean": 0.0169311258942, "dvar2": 0.00252303876914, "mean": 0.0299194250256, "var": 0.00144297513179, "dmean2": 0.0254827179015, "dvar": 0.00114515412133, "min": 1.0321745476e-20, "median": 0.0189717896283, "max": 0.333482086658}, "spectral_centroid": {"dmean": 323.709259033, "dvar2": 423146.09375, "mean": 1130.18066406, "var": 403386.46875, "dmean2": 510.69430542, "dvar": 181233.359375, "min": 165.208496094, "median": 974.197387695, "max": 10671.4453125}, "barkbands_flatness_db": {"dmean": 0.03627506271, "dvar2": 0.00365130114369, "mean": 0.152656316757, "var": 0.00511448457837, "dmean2": 0.0554225854576, "dvar": 0.00153005262837, "min": 0.0178380049765, "median": 0.142693817616, "max": 0.541208863258}, "spectral_rms": {"dmean": 0.00123190670274, "dvar2": 6.59720490148e-06, "mean": 0.00464892014861, "var": 7.57722045819e-06, "dmean2": 0.0017464394914, "dvar": 3.37392839356e-06, "min": 3.17332553464e-12, "median": 0.00430221576244, "max": 0.0180374160409}, "melbands": {"dmean": [0.00285772327334, 0.00168435962405, 0.000433916633483, 0.000296861311654, 0.000226684278459, 0.00022041205375, 0.000250739365583, 0.000316149642458, 0.000190079575987, 0.000107167317765, 8.18830012577e-05, 0.000120232893096, 7.14074194548e-05, 3.54568765033e-05, 3.62802638847e-05, 4.02039950131e-05, 2.05912147067e-05, 2.23142451432e-05, 3.23611129716e-05, 1.94353397092e-05, 1.21931834656e-05, 9.53961807681e-06, 1.06892939584e-05, 8.88215163286e-06, 7.45551869841e-06, 6.23369760433e-06, 7.29441308067e-06, 7.00009741195e-06, 6.11966788711e-06, 5.33393722435e-06, 3.76143316316e-06, 4.09463791584e-06, 3.9620804273e-06, 3.71000214727e-06, 3.16720866067e-06, 2.80472136183e-06, 2.90236312139e-06, 2.17193382923e-06, 1.9052498601e-06, 1.04767207176e-06], "dvar2": [0.000190166116226, 3.86147403333e-05, 3.64902393812e-06, 1.66603240359e-06, 8.58330793108e-07, 5.22485095189e-07, 8.00118129973e-07, 1.58810541961e-06, 3.76697386173e-07, 1.08624831796e-07, 1.12128212493e-07, 1.54038673372e-07, 6.50188454188e-08, 2.11376978143e-08, 2.77613452226e-08, 2.02900114488e-08, 9.54614343129e-09, 1.65465525725e-08, 1.97778824429e-08, 1.18141194605e-08, 1.61717672587e-09, 1.41189904213e-09, 2.56170507029e-09, 1.7417336462e-09, 1.0561181929e-09, 9.05963359887e-10, 1.02888542131e-09, 9.06517860777e-10, 6.66598942711e-10, 5.41906852725e-10, 2.89434393119e-10, 2.81025230864e-10, 4.07397643398e-10, 3.02037450606e-10, 1.91690954776e-10, 1.48281081858e-10, 1.52402243603e-10, 6.55414958417e-11, 5.53406070969e-11, 1.22927093851e-11], "mean": [0.00286700995639, 0.00220897863619, 0.000605843029916, 0.000411582906963, 0.000372555921786, 0.000441890821094, 0.000532209174708, 0.000515073537827, 0.000280405802187, 0.000175391585799, 0.000121297031001, 0.000194074833416, 0.00012907058408, 5.21715082868e-05, 4.67507343274e-05, 5.01563044963e-05, 2.69881238637e-05, 2.14078718273e-05, 3.640020077e-05, 2.0681107344e-05, 1.30941962198e-05, 1.03826350824e-05, 1.09821121441e-05, 9.51231049839e-06, 8.03591501608e-06, 6.27625149718e-06, 6.7893238338e-06, 5.9512358348e-06, 5.53325617147e-06, 4.9210348152e-06, 3.70105180991e-06, 3.79965081265e-06, 3.41074746757e-06, 3.14243447974e-06, 2.59325292973e-06, 2.32031902669e-06, 2.43300178226e-06, 1.96403902919e-06, 1.71495787527e-06, 1.01757620996e-06], "var": [5.59205836907e-05, 1.99526584765e-05, 1.16389776394e-06, 5.35962215054e-07, 4.4229489049e-07, 9.09017444428e-07, 1.41745397286e-06, 1.1837821603e-06, 3.50068660282e-07, 1.32951925025e-07, 1.6108756995e-07, 3.16747758689e-07, 1.89449792742e-07, 3.06587182308e-08, 3.00496658667e-08, 1.15841363169e-08, 7.51873940885e-09, 5.3320299287e-09, 1.04803428158e-08, 6.14692741152e-09, 6.68413047133e-10, 5.06437780601e-10, 8.99996299708e-10, 6.00252569871e-10, 4.25679824723e-10, 2.81955236936e-10, 3.07431774482e-10, 2.40077346891e-10, 1.9177806565e-10, 1.55231272281e-10, 9.24086848708e-11, 8.39998834379e-11, 1.04256513145e-10, 7.56011364622e-11, 4.98188192088e-11, 3.74117785362e-11, 3.99712242471e-11, 1.92529828885e-11, 1.66043272881e-11, 4.72348028746e-12], "dmean2": [0.00480965711176, 0.00260385707952, 0.000723878794815, 0.000511088815983, 0.000358417251846, 0.000317925732816, 0.000349280308001, 0.000487932527903, 0.000286923692329, 0.000164486031281, 0.000127559193061, 0.000178328817128, 9.93754947558e-05, 5.46184201085e-05, 5.75293815928e-05, 6.63139217068e-05, 3.32584531861e-05, 3.97322692152e-05, 5.57193307031e-05, 3.33538810082e-05, 2.09599638765e-05, 1.61006573762e-05, 1.82799103641e-05, 1.52185757543e-05, 1.27464345496e-05, 1.08668346002e-05, 1.29567315525e-05, 1.2491461348e-05, 1.0820346688e-05, 9.46113141254e-06, 6.52322978567e-06, 7.15588066669e-06, 6.9431744123e-06, 6.49857156532e-06, 5.5524601521e-06, 4.90408137921e-06, 5.02484681419e-06, 3.6892006392e-06, 3.22970845446e-06, 1.71266788129e-06], "dvar": [7.27402875782e-05, 1.7501610273e-05, 1.33889125209e-06, 5.92337300986e-07, 3.37083264412e-07, 2.35579619812e-07, 3.76312613071e-07, 6.12794565313e-07, 1.66547380331e-07, 4.9282391501e-08, 5.30440225077e-08, 8.63802327444e-08, 4.42804264367e-08, 1.00806367698e-08, 1.37155993229e-08, 7.96801469249e-09, 4.49921389034e-09, 6.02268324101e-09, 7.65846319695e-09, 4.73605821227e-09, 6.09609807078e-10, 5.29381816161e-10, 9.54853529578e-10, 6.48317399765e-10, 3.9445433031e-10, 3.34274385949e-10, 3.82159359713e-10, 3.2964925234e-10, 2.44948727968e-10, 1.98903352122e-10, 1.08534736754e-10, 1.03833823484e-10, 1.47660744743e-10, 1.08932404763e-10, 7.03230737531e-11, 5.37488283048e-11, 5.58446205945e-11, 2.45001796628e-11, 2.05267660508e-11, 4.84556622257e-12], "min": [1.44283748193e-23, 1.00352849576e-23, 8.90765878071e-24, 1.05263264164e-23, 1.13272024621e-23, 1.35349646006e-23, 6.06185253146e-24, 7.27385842624e-24, 1.26081177235e-23, 3.44054741836e-23, 9.49520790495e-24, 9.43493340976e-24, 3.9862671931e-24, 1.03750071176e-23, 9.40435400563e-24, 8.35405197465e-24, 1.22770888107e-23, 8.77981361583e-24, 7.55109333619e-24, 6.88896609084e-24, 6.52562425207e-24, 3.62684007657e-24, 1.06039495407e-23, 1.2118923777e-23, 5.43148088185e-24, 7.63721643666e-24, 1.22444055146e-23, 1.34417165084e-23, 1.27327561688e-23, 1.20578438548e-23, 1.08264280374e-23, 5.73643715286e-24, 1.24045679442e-23, 1.24772314999e-23, 1.37027016726e-23, 8.35195518236e-24, 8.39444638616e-24, 9.23354984243e-24, 9.60616434671e-24, 9.9030781808e-24], "median": [0.000552985351533, 0.000617136131041, 0.000253593549132, 0.000193115163711, 0.000154374167323, 0.000118280375318, 0.000127179344418, 0.000103846148704, 7.70741316956e-05, 4.25907637691e-05, 1.76539069798e-05, 2.96178113786e-05, 2.14381470869e-05, 9.91609886114e-06, 1.00823617686e-05, 1.08078584162e-05, 5.68578252569e-06, 4.62609523311e-06, 7.12654400559e-06, 3.80260553356e-06, 3.98020074499e-06, 3.44156478604e-06, 2.44624243351e-06, 1.90866649064e-06, 2.20749643631e-06, 1.69782492776e-06, 1.52077564053e-06, 1.22787798773e-06, 1.19707328849e-06, 9.60454826782e-07, 7.35419064313e-07, 7.47359308662e-07, 5.54197299607e-07, 5.68312771065e-07, 4.04994096925e-07, 3.75192939828e-07, 3.893242706e-07, 3.55144749165e-07, 2.65905669039e-07, 1.97841501404e-07], "max": [0.0856080725789, 0.0667743086815, 0.0251310095191, 0.0132117774338, 0.00982509087771, 0.0152278551832, 0.0140783190727, 0.0150784319267, 0.00942104961723, 0.00668248580769, 0.0101588563994, 0.00972530338913, 0.0119332876056, 0.00496310647577, 0.00546343857422, 0.00142134318594, 0.0032165243756, 0.00317313568667, 0.00232327869162, 0.00220669806004, 0.000383444799809, 0.000479444104712, 0.000871950644068, 0.000558082305361, 0.000382851867471, 0.000377619668143, 0.000300326966681, 0.000300286308629, 0.000211296690395, 0.000242545691435, 0.000207826858968, 0.000151548025315, 0.000225214200327, 0.000129214255139, 8.6339416157e-05, 0.00011261072359, 7.97206230345e-05, 5.37133018952e-05, 5.37197229278e-05, 3.55517440767e-05]}, "barkbands_crest": {"dmean": 3.24792146683, "dvar2": 27.8513011932, "mean": 12.0061502457, "var": 24.225358963, "dmean2": 5.2204079628, "dvar": 10.2578487396, "min": 2.27099013329, "median": 11.3060722351, "max": 26.7848892212}, "mfcc": {"icov": [[8.97418067325e-05, 1.3741226212e-05, 4.56103771285e-05, -4.33638124377e-05, 7.35855837775e-06, -9.60008619586e-05, 9.38212033361e-05, -0.000192320119822, 4.80747912661e-05, -7.82466522651e-05, 6.293887418e-05, -6.57778946334e-05, -2.58011787082e-05], [1.3741226212e-05, 0.000675831455737, -5.68434188608e-05, -7.09239247954e-05, -0.00018680615176, 0.000167323014466, -4.68012476631e-05, -0.000310417672154, 0.000223349008593, 0.000345713924617, -0.000348602159647, 6.56425618217e-05, 0.000191441591596], [4.56103771285e-05, -5.68434188608e-05, 0.00125771004241, -0.000764974742197, -0.000234346996876, -0.00010984709661, -0.00069627672201, 0.000428004335845, -0.000585614528973, -0.000142755234265, 0.000305085850414, -0.000249228614848, 0.000229132172535], [-4.33638124377e-05, -7.09239247954e-05, -0.000764974742197, 0.00400550663471, -0.00213232799433, -0.000435422320152, 0.000881627376657, -0.000306671863655, 0.000638079654891, -0.000657320197206, 0.000800331879873, -0.000400932214689, -0.000184782285942], [7.35855837775e-06, -0.00018680615176, -0.000234346996876, -0.00213232799433, 0.00757584394887, -0.00424125976861, -0.000497672706842, -0.000393341790186, 0.000516573200002, -0.000445496814791, 0.000616381235886, -0.000316330319038, 0.000414729816839], [-9.60008619586e-05, 0.000167323014466, -0.00010984709661, -0.000435422320152, -0.00424125976861, 0.010680035688, -0.00594655331224, 0.00139842217322, -0.00100715016015, 0.00152868614532, -0.00150067545474, 0.00158958451357, -1.33081466629e-05], [9.38212033361e-05, -4.68012476631e-05, -0.00069627672201, 0.000881627376657, -0.000497672706842, -0.00594655331224, 0.013849420473, -0.00718353921548, 0.000134117886773, 0.00105742376763, -0.000622884021141, -0.000282319466351, -0.00137325271498], [-0.000192320119822, -0.000310417672154, 0.000428004335845, -0.000306671863655, -0.000393341790186, 0.00139842217322, -0.00718353921548, 0.0145651819184, -0.00674678618088, 0.00111475738231, -0.000555951555725, 4.35531865151e-06, 0.00171830412], [4.80747912661e-05, 0.000223349008593, -0.000585614528973, 0.000638079654891, 0.000516573200002, -0.00100715016015, 0.000134117886773, -0.00674678618088, 0.0116212423891, -0.00650479597971, 0.000950317597017, -0.000165709585417, -0.000689614738803], [-7.82466522651e-05, 0.000345713924617, -0.000142755234265, -0.000657320197206, -0.000445496814791, 0.00152868614532, 0.00105742376763, 0.00111475738231, -0.00650479597971, 0.0151752596721, -0.00926951598376, 0.00250416365452, -0.000327068322804], [6.293887418e-05, -0.000348602159647, 0.000305085850414, 0.000800331879873, 0.000616381235886, -0.00150067545474, -0.000622884021141, -0.000555951555725, 0.000950317597017, -0.00926951598376, 0.0173556655645, -0.0106718530878, 0.00275055342354], [-6.57778946334e-05, 6.56425618217e-05, -0.000249228614848, -0.000400932214689, -0.000316330319038, 0.00158958451357, -0.000282319466351, 4.35531865151e-06, -0.000165709585417, 0.00250416365452, -0.0106718530878, 0.0178670659661, -0.00887489598244], [-2.58011787082e-05, 0.000191441591596, 0.000229132172535, -0.000184782285942, 0.000414729816839, -1.33081466629e-05, -0.00137325271498, 0.00171830412, -0.000689614738803, -0.000327068322804, 0.00275055342354, -0.00887489598244, 0.0114346491173]], "mean": [-682.805725098, 111.205177307, 14.8072500229, 12.0696544647, -4.14897489548, -0.290090352297, -3.23645305634, -0.430601775646, -0.328581035137, 2.57341456413, 0.163283914328, 3.88616466522, 2.4143807888], "cov": [[12154.8847656, -241.020599365, -218.175216675, 171.678024292, 160.585449219, 222.597885132, 156.102706909, 303.423370361, 210.12348938, 163.808898926, 114.219032288, 125.534828186, 93.5094146729], [-241.020599365, 1617.50598145, 191.523086548, 118.476593018, 129.032028198, 72.4879379272, 73.001373291, 58.4995346069, -28.8536891937, -57.6145591736, -8.34170341492, -31.5028991699, -59.9992294312], [-218.175216675, 191.523086548, 1304.65515137, 392.874938965, 329.098510742, 281.384613037, 245.698608398, 148.223937988, 163.783599854, 56.5941314697, 17.4798812866, 6.4337182045, -15.5833024979], [171.678024292, 118.476593018, 392.874938965, 460.49331665, 247.860198975, 168.406143188, 96.5555114746, 53.8918876648, 27.7415275574, 2.54652714729, -19.7791290283, -8.7753572464, -7.6307964325], [160.585449219, 129.032028198, 329.098510742, 247.860198975, 364.206726074, 243.559951782, 165.850463867, 99.0539550781, 62.0478591919, 4.67141819, -4.86001443863, -14.533914566, -18.5160217285], [222.597885132, 72.4879379272, 281.384613037, 168.406143188, 243.559951782, 308.61114502, 202.97769165, 119.248672485, 89.5530776978, 10.7471208572, 13.8304595947, -9.3497133255, -10.521270752], [156.102706909, 73.001373291, 245.698608398, 96.5555114746, 165.850463867, 202.97769165, 256.359924316, 166.234039307, 127.247383118, 37.5032310486, 43.1987533569, 22.1480426788, 11.3409500122], [303.423370361, 58.4995346069, 148.223937988, 53.8918876648, 99.0539550781, 119.248672485, 166.234039307, 219.010574341, 168.323730469, 70.7575302124, 57.6076698303, 22.4227371216, -3.0736989975], [210.12348938, -28.8536891937, 163.783599854, 27.7415275574, 62.0478591919, 89.5530776978, 127.247383118, 168.323730469, 268.916442871, 145.428939819, 102.267089844, 53.7264976501, 23.4422035217], [163.808898926, -57.6145591736, 56.5941314697, 2.54652714729, 4.67141819, 10.7471208572, 37.5032310486, 70.7575302124, 145.428939819, 195.141357422, 138.138870239, 74.0345840454, 32.5404663086], [114.219032288, -8.34170341492, 17.4798812866, -19.7791290283, -4.86001443863, 13.8304595947, 43.1987533569, 57.6076698303, 102.267089844, 138.138870239, 202.106002808, 131.85546875, 60.2926101685], [125.534828186, -31.5028991699, 6.4337182045, -8.7753572464, -14.533914566, -9.3497133255, 22.1480426788, 22.4227371216, 53.7264976501, 74.0345840454, 131.85546875, 184.410095215, 117.115364075], [93.5094146729, -59.9992294312, -15.5833024979, -7.6307964325, -18.5160217285, -10.521270752, 11.3409500122, -3.0736989975, 23.4422035217, 32.5404663086, 60.2926101685, 117.115364075, 170.080596924]]}, "spectral_decrease": {"dmean": 4.25536583748e-09, "dvar2": 1.71256046187e-16, "mean": -7.42439043577e-09, "var": 9.32122502239e-17, "dmean2": 6.43824726865e-09, "dvar": 7.6457653977e-17, "min": -8.76985097875e-08, "median": -4.67368277413e-09, "max": 7.71382610565e-12}, "zerocrossingrate": {"dmean": 0.0159291680902, "dvar2": 0.000432273460319, "mean": 0.0623183362186, "var": 0.00170445616823, "dmean2": 0.0189547762275, "dvar": 0.000330037815729, "min": 0.00341796875, "median": 0.05224609375, "max": 0.50927734375}, "spectral_contrast_coeffs": {"dmean": [0.0481236390769, 0.0512644276023, 0.0468993969262, 0.03852776438, 0.025311704725, 0.0202403850853], "dvar2": [0.00488601112738, 0.00530677800998, 0.00387933477759, 0.00265126978047, 0.00130474276375, 0.000961973448284], "mean": [-0.677199721336, -0.685139775276, -0.732991635799, -0.759274840355, -0.797590613365, -0.783947765827], "var": [0.0121868634596, 0.0109320040792, 0.0087593216449, 0.00622668396682, 0.00268365629017, 0.00173135963269], "dmean2": [0.0786463692784, 0.0815619528294, 0.0733719021082, 0.0612493865192, 0.0415026769042, 0.0331295505166], "dvar": [0.00191063294187, 0.00218092673458, 0.00167263892945, 0.00112373195589, 0.000507262011524, 0.000374943076167], "min": [-0.970785558224, -0.969279587269, -0.992143571377, -0.972644984722, -0.952944457531, -0.962153196335], "median": [-0.695208311081, -0.698559820652, -0.745597660542, -0.772011041641, -0.804379224777, -0.7860481143], "max": [-0.183360978961, -0.296658635139, -0.373110532761, -0.436915695667, -0.548206567764, -0.502288639545]}, "spectral_skewness": {"dmean": 0.326490998268, "dvar2": 0.38525635004, "mean": 1.75289452076, "var": 0.555587232113, "dmean2": 0.490043640137, "dvar": 0.172123104334, "min": -0.0482569932938, "median": 1.6543264389, "max": 10.888297081}, "spectral_energyband_middle_high": {"dmean": 0.00248002423905, "dvar2": 4.76378772873e-05, "mean": 0.0044946433045, "var": 5.66722919757e-05, "dmean2": 0.00386265665293, "dvar": 2.03443469218e-05, "min": 1.33810307643e-21, "median": 0.00200803764164, "max": 0.112532682717}, "gfcc": {"icov": [[7.77841196395e-05, 4.56974794361e-06, 1.59839273692e-05, -4.26893020631e-05, 2.48087071668e-05, -0.000141504453495, 0.000173582666321, -0.000188240446732, 6.30695940345e-05, 3.36001430696e-05, 3.56255659426e-05, -0.00013669441978, 0.000154105466208], [4.56974794361e-06, 0.000738084956538, -1.21891798699e-05, -7.58148598834e-05, -0.000277094688499, 0.000132626257255, -0.000506638549268, 0.000479330774397, -0.000450944586191, 0.000896338664461, -0.000928419583943, 0.000721684715245, -0.000371471483959], [1.59839273692e-05, -1.21891798699e-05, 0.000730716739781, -0.000370621011825, -0.00037680400419, 7.45477591408e-05, -0.00042930355994, 0.000176550252945, 0.000206227094168, -0.000308022077661, 0.000565525318962, -0.000333914504154, 0.00042924968875], [-4.26893020631e-05, -7.58148598834e-05, -0.000370621011825, 0.00211432040669, -0.000343335006619, -0.00115066452418, 0.000955137482379, -0.000237380212639, 9.39422534429e-06, 0.00030613472336, -0.000546612660401, 0.0010614230996, -0.00120488158427], [2.48087071668e-05, -0.000277094688499, -0.00037680400419, -0.000343335006619, 0.00385931879282, -0.00180677464232, -0.00104883441236, 0.00122348696459, -0.000714339315891, 0.000621125160251, 0.000428725063102, -0.00136937596835, 0.00114796508569], [-0.000141504453495, 0.000132626257255, 7.45477591408e-05, -0.00115066452418, -0.00180677464232, 0.00723537057638, -0.00368280569091, -0.000747494457755, 0.00217864243314, -0.00177549209911, 0.00122799596284, -0.000312402728014, 0.000512025260832], [0.000173582666321, -0.000506638549268, -0.00042930355994, 0.000955137482379, -0.00104883441236, -0.00368280569091, 0.0113889435306, -0.00679505104199, -0.000319486658555, 0.00107707979623, -0.000469424761832, -8.19806737127e-05, -0.000557061634026], [-0.000188240446732, 0.000479330774397, 0.000176550252945, -0.000237380212639, 0.00122348696459, -0.000747494457755, -0.00679505104199, 0.0145600521937, -0.00832160003483, -0.00105805334169, 0.00376106635667, -0.00397284142673, 0.00273079075851], [6.30695940345e-05, -0.000450944586191, 0.000206227094168, 9.39422534429e-06, -0.000714339315891, 0.00217864243314, -0.000319486658555, -0.00832160003483, 0.0166704133153, -0.00652151787654, -0.0030436643865, 0.0072765359655, -0.00302019994706], [3.36001430696e-05, 0.000896338664461, -0.000308022077661, 0.00030613472336, 0.000621125160251, -0.00177549209911, 0.00107707979623, -0.00105805334169, -0.00652151787654, 0.0136367864907, -0.00490384921432, -0.00327428942546, 0.00350062921643], [3.56255659426e-05, -0.000928419583943, 0.000565525318962, -0.000546612660401, 0.000428725063102, 0.00122799596284, -0.000469424761832, 0.00376106635667, -0.0030436643865, -0.00490384921432, 0.0130707612261, -0.00720975035802, 0.00230121868663], [-0.00013669441978, 0.000721684715245, -0.000333914504154, 0.0010614230996, -0.00136937596835, -0.000312402728014, -8.19806737127e-05, -0.00397284142673, 0.0072765359655, -0.00327428942546, -0.00720975035802, 0.0191483516246, -0.00995807163417], [0.000154105466208, -0.000371471483959, 0.00042924968875, -0.00120488158427, 0.00114796508569, 0.000512025260832, -0.000557061634026, 0.00273079075851, -0.00302019994706, 0.00350062921643, 0.00230121868663, -0.00995807163417, 0.0169263202697]], "mean": [-29.1176548004, 70.071182251, -96.632484436, 13.2825565338, -62.0380935669, 8.1736574173, -32.4738693237, 8.47308254242, -17.5183811188, 6.99329662323, -11.7525377274, 1.78796422482, -9.5033454895], "cov": [[15391.1582031, -759.069763184, 195.276672363, 464.85144043, 183.640884399, 613.038635254, 137.939254761, 413.491241455, 1.86044621468, 124.664749146, -123.079627991, 115.283836365, -162.713226318], [-759.069763184, 1940.29187012, 93.9479293823, 159.721191406, 177.426254272, -39.3757743835, 22.5680179596, -149.762313843, -20.7334308624, -171.665039063, 64.5595932007, -75.1508331299, 51.3563995361], [195.276672363, 93.9479293823, 2072.6796875, 468.573486328, 472.051177979, 343.523498535, 247.62940979, 102.956809998, -29.297908783, -4.67955446243, -129.836883545, 2.77231860161, -54.7685241699], [464.85144043, 159.721191406, 468.573486328, 704.772766113, 212.517578125, 191.044281006, 40.3160667419, -3.36189651489, -35.0870819092, -44.8225593567, -40.0768127441, -15.5981273651, 18.5167675018], [183.640884399, 177.426254272, 472.051177979, 212.517578125, 498.570343018, 252.374984741, 166.019989014, 58.9950752258, -4.72179985046, -13.4437675476, -44.6974067688, 14.071814537, -23.8301429749], [613.038635254, -39.3757743835, 343.523498535, 191.044281006, 252.374984741, 379.687164307, 213.019775391, 147.905990601, 24.753786087, 42.9855308533, -52.6476325989, 17.5369491577, -34.0097885132], [137.939254761, 22.5680179596, 247.62940979, 40.3160667419, 166.019989014, 213.019775391, 295.065582275, 207.970214844, 95.5995941162, 63.2593002319, -25.2159175873, 10.154510498, -32.338596344], [413.491241455, -149.762313843, 102.956809998, -3.36189651489, 58.9950752258, 147.905990601, 207.970214844, 290.165496826, 156.017211914, 117.685028076, -14.4143400192, 8.9442987442, -47.6248474121], [1.86044621468, -20.7334308624, -29.297908783, -35.0870819092, -4.72179985046, 24.753786087, 95.5995941162, 156.017211914, 192.550674438, 119.024375916, 38.9718399048, -19.5874500275, -31.7607402802], [124.664749146, -171.665039063, -4.67955446243, -44.8225593567, -13.4437675476, 42.9855308533, 63.2593002319, 117.685028076, 119.024375916, 197.206665039, 76.7943267822, 32.9382629395, -35.8776664734], [-123.079627991, 64.5595932007, -129.836883545, -40.0768127441, -44.6974067688, -52.6476325989, -25.2159175873, -14.4143400192, 38.9718399048, 76.7943267822, 160.623840332, 53.3431892395, 9.71366786957], [115.283836365, -75.1508331299, 2.77231860161, -15.5981273651, 14.071814537, 17.5369491577, 10.154510498, 8.9442987442, -19.5874500275, 32.9382629395, 53.3431892395, 116.197174072, 44.3283004761], [-162.713226318, 51.3563995361, -54.7685241699, 18.5167675018, -23.8301429749, -34.0097885132, -32.338596344, -47.6248474121, -31.7607402802, -35.8776664734, 9.71366786957, 44.3283004761, 100.170799255]]}, "erbbands_spread": {"dmean": 12.48533535, "dvar2": 475.047912598, "mean": 38.3838996887, "var": 632.239746094, "dmean2": 18.6470985413, "dvar": 219.712310791, "min": 0.750030219555, "median": 32.3111572266, "max": 182.080871582}, "erbbands_kurtosis": {"dmean": 2.29771757126, "dvar2": 62.22133255, "mean": 2.46202230453, "var": 50.9465866089, "dmean2": 3.48110294342, "dvar": 28.0871238708, "min": -1.83874905109, "median": 0.62749171257, "max": 157.906188965}, "dynamic_complexity": 4.22006416321, "erbbands_crest": {"dmean": 3.18285799026, "dvar2": 21.2788677216, "mean": 10.8605003357, "var": 31.891450882, "dmean2": 4.9540348053, "dvar": 9.37528705597, "min": 2.31066417694, "median": 9.59827232361, "max": 33.5202789307}, "erbbands": {"dmean": [0.330445080996, 2.01945233345, 2.39190173149, 2.4946398735, 3.18530797958, 4.95139932632, 6.77517604828, 9.88911151886, 14.2914571762, 29.7032642365, 23.4131946564, 17.5599327087, 16.8844890594, 31.1842384338, 17.425453186, 13.3424692154, 16.0140018463, 11.6186132431, 15.7080821991, 16.3543701172, 11.3048152924, 9.1343536377, 10.6961526871, 8.99884414673, 9.08923339844, 10.1311912537, 9.43926715851, 7.16441822052, 7.17275381088, 6.75773477554, 5.29585409164, 4.67744970322, 3.07427310944, 1.51417946815, 0.981352210045, 0.397146463394, 0.142000049353, 0.0598223768175, 0.0103552537039, 0.000389855849789], "dvar2": [2.66760897636, 83.3007202148, 79.3993148804, 121.563697815, 223.852478027, 436.383239746, 887.720458984, 1066.80383301, 3237.94848633, 12907.0966797, 5780.08447266, 2813.24926758, 4564.24804688, 10199.5800781, 6792.51757813, 2160.6484375, 2513.22924805, 2200.79321289, 7014.06591797, 4250.1328125, 1800.95703125, 1376.73657227, 2285.43530273, 1503.08093262, 1469.7109375, 1822.2253418, 1549.82116699, 977.024597168, 941.260009766, 1096.41882324, 503.442932129, 402.188537598, 132.485824585, 26.4830532074, 8.48355960846, 1.53915500641, 0.234874173999, 0.0634588450193, 0.00211680494249, 2.3074562705e-06], "mean": [0.296532124281, 2.34046673775, 3.05729055405, 3.45945858955, 4.31153869629, 6.71365022659, 11.2878370285, 20.1536407471, 29.1882839203, 50.7260551453, 34.7283096313, 28.9233894348, 26.5465297699, 52.1318664551, 31.3037853241, 18.9309272766, 21.323102951, 16.1109828949, 16.6411380768, 18.7412605286, 12.6130781174, 10.0545167923, 11.8266859055, 9.97147846222, 9.24070072174, 9.06802463531, 8.75426769257, 6.98834896088, 6.58873605728, 5.82941579819, 4.42734575272, 3.91989588737, 2.78160786629, 1.45289027691, 0.963749408722, 0.401974797249, 0.141689971089, 0.05475288257, 0.00927506200969, 0.000406314939028], "var": [0.757821679115, 27.596906662, 41.6001663208, 40.5585021973, 64.3565216064, 143.875732422, 497.774291992, 2131.69702148, 3739.48339844, 11917.8417969, 4239.06982422, 3283.0859375, 6686.4609375, 22631.3847656, 17800.3222656, 2350.04711914, 1672.33190918, 1666.91699219, 2470.21411133, 1965.26953125, 864.721984863, 481.109924316, 881.344055176, 592.063781738, 491.24432373, 511.860534668, 455.322631836, 303.733001709, 272.79788208, 272.175445557, 132.835571289, 103.534416199, 39.2059326172, 9.81251049042, 4.02088689804, 0.716572701931, 0.101515725255, 0.0215121265501, 0.000735960900784, 1.11380654744e-06], "dmean2": [0.562571585178, 3.3663277626, 3.78617143631, 4.16036844254, 5.45198774338, 8.53220272064, 10.4436798096, 14.2179908752, 20.4776725769, 45.225440979, 35.8328208923, 26.848405838, 26.2035102844, 45.6516990662, 24.5840969086, 20.7752685547, 26.2943515778, 18.8446865082, 27.673625946, 28.2540569305, 19.3295555115, 15.3914651871, 18.1734409332, 15.3540248871, 15.8864154816, 17.9557247162, 16.6419258118, 12.4709205627, 12.5179443359, 11.8198728561, 9.23246765137, 8.09236240387, 5.19631814957, 2.4878385067, 1.53703558445, 0.619934856892, 0.221379771829, 0.0976877436042, 0.0168893318623, 0.000584067369346], "dvar": [1.02129673958, 32.3376235962, 35.9730987549, 44.9335136414, 79.0456237793, 156.309783936, 358.081634521, 484.664886475, 1409.1237793, 5101.04785156, 2401.99511719, 1263.09790039, 2166.11157227, 5907.39306641, 4432.42285156, 1024.78063965, 1013.15844727, 1006.26977539, 2576.45727539, 1609.10974121, 697.95715332, 519.006103516, 846.808776855, 563.747314453, 552.323547363, 671.563964844, 573.179992676, 364.717