{"tonal": {"hpcp": {"dvar": [0.0731090679765, 0.067931778729, 0.0655728206038, 0.0470003895462, 0.0461769849062, 0.0425936616957, 0.0496608316898, 0.0461507253349, 0.0509952642024, 0.0537056475878, 0.0420894362032, 0.0364681333303, 0.0376019850373, 0.0363000296056, 0.040980104357, 0.0442312434316, 0.0453341789544, 0.0467047840357, 0.0391671285033, 0.0381979458034, 0.0451534613967, 0.0498377233744, 0.0429801531136, 0.0403396226466, 0.0349104441702, 0.0263549070805, 0.0236986428499, 0.020765254274, 0.02417306602, 0.0322883576155, 0.038133457303, 0.036468885839, 0.0441656261683, 0.0453786998987, 0.0600553192198, 0.0774691477418], "var": [0.138397842646, 0.0919772163033, 0.0521427616477, 0.0330336727202, 0.0299109052867, 0.0381165966392, 0.0592098198831, 0.0418709665537, 0.0525382682681, 0.0720291733742, 0.0435290671885, 0.0273257102817, 0.0275695323944, 0.0264150835574, 0.0414352938533, 0.0639127865434, 0.0540403239429, 0.0420876666903, 0.0297958552837, 0.0296384170651, 0.0604497976601, 0.103344500065, 0.0572378002107, 0.0391490831971, 0.0437576584518, 0.0237366147339, 0.0165361911058, 0.0146665386856, 0.0180453825742, 0.0438701361418, 0.0807467103004, 0.0488734319806, 0.0348161198199, 0.0403660722077, 0.0514299571514, 0.0917997211218], "median": [0.221264153719, 0.12810690701, 0.0255511142313, 0.00995473470539, 0.00947416946292, 0.029475916177, 0.0467183887959, 0.0440806820989, 0.0491153672338, 0.0621687322855, 0.0383483320475, 0.0153338592499, 0.0125683043152, 0.0159091092646, 0.0331743806601, 0.0493797659874, 0.0361362844706, 0.0147974845022, 0.0084087587893, 0.0130767673254, 0.0723985061049, 0.109832376242, 0.0734334588051, 0.029697701335, 0.0161945167929, 0.00904165022075, 0.00677450885996, 0.00749614648521, 0.0130665739998, 0.0432961285114, 0.0639542341232, 0.0437434762716, 0.0199177693576, 0.0188377331942, 0.031967997551, 0.133588552475], "max": [1, 1, 1, 1, 1, 1, 1, 1, 1, 1, 1, 1, 1, 1, 1, 1, 1, 1, 1, 1, 1, 1, 1, 1, 1, 1, 1, 1, 1, 1, 1, 1, 1, 1, 1, 1], "dmean": [0.228230237961, 0.219713360071, 0.160079777241, 0.112598657608, 0.102437481284, 0.117817282677, 0.139805853367, 0.133551806211, 0.145789846778, 0.15923435986, 0.125269964337, 0.0917536467314, 0.0911682471633, 0.0954152569175, 0.119071923196, 0.13393945992, 0.132973000407, 0.117900267243, 0.0965162292123, 0.106134086847, 0.150742664933, 0.165400415659, 0.153319180012, 0.12461412698, 0.101719349623, 0.0735783949494, 0.0587428770959, 0.0569025538862, 0.0706168860197, 0.110548831522, 0.127469182014, 0.121676020324, 0.115892849863, 0.120331086218, 0.170181035995, 0.24116922915], "dmean2": [0.399971097708, 0.384250760078, 0.292464435101, 0.21123573184, 0.193718060851, 0.212900221348, 0.246758982539, 0.239606931806, 0.259003609419, 0.275458037853, 0.220278963447, 0.168598845601, 0.168072387576, 0.17620870471, 0.212724819779, 0.23310919106, 0.232131585479, 0.213552638888, 0.177568659186, 0.194792479277, 0.263759493828, 0.281352102757, 0.267203509808, 0.22329556942, 0.181070506573, 0.133463427424, 0.108728758991, 0.10477335006, 0.128641694784, 0.191299781203, 0.216932907701, 0.213166594505, 0.2121399194, 0.218167811632, 0.310792684555, 0.428283244371], "mean": [0.376238882542, 0.267916053534, 0.122066661716, 0.0764815956354, 0.0681724846363, 0.111485399306, 0.154977366328, 0.128823041916, 0.146758437157, 0.18323610723, 0.124567061663, 0.0722060054541, 0.0695034489036, 0.0734767019749, 0.118959084153, 0.163237512112, 0.140597239137, 0.0959736630321, 0.0700562521815, 0.0793874114752, 0.181925401092, 0.263346016407, 0.180639967322, 0.111199870706, 0.101992323995, 0.0638422518969, 0.0430902689695, 0.0437117218971, 0.0569974146783, 0.132197901607, 0.193775609136, 0.140851795673, 0.0935897231102, 0.100423030555, 0.133618846536, 0.269730389118], "dvar2": [0.187904253602, 0.181071907282, 0.176868498325, 0.129490375519, 0.131286144257, 0.119750104845, 0.135753527284, 0.13254955411, 0.142579317093, 0.142676487565, 0.112935051322, 0.100744225085, 0.104336164892, 0.101155772805, 0.113434150815, 0.115044496953, 0.117930367589, 0.124758921564, 0.109527811408, 0.105885952711, 0.122352093458, 0.120078057051, 0.116390787065, 0.109122671187, 0.0897882953286, 0.0717517957091, 0.066827274859, 0.0592276379466, 0.0674622133374, 0.0849999934435, 0.0923402681947, 0.0961068719625, 0.124059170485, 0.121099509299, 0.162251487374, 0.216900169849], "min": [0, 0, 0, 0, 0, 0, 0, 0, 0, 0, 0, 0, 0, 0, 0, 0, 0, 0, 0, 0, 0, 0, 0, 0, 0, 0, 0, 0, 0, 0, 0, 0, 0, 0, 0, 0]}, "key_key": "A", "thpcp": [1, 0.712090313435, 0.324439257383, 0.203279346228, 0.181194677949, 0.296315461397, 0.41191214323, 0.342396944761, 0.39006716013, 0.487020641565, 0.331085026264, 0.19191531837, 0.184732228518, 0.195292681456, 0.316179662943, 0.433866679668, 0.373691409826, 0.255087047815, 0.186201527715, 0.211002677679, 0.483536958694, 0.69994366169, 0.480120420456, 0.29555657506, 0.271083950996, 0.169685423374, 0.114529013634, 0.116180770099, 0.151492625475, 0.35136693716, 0.515033423901, 0.374367982149, 0.248750805855, 0.266912937164, 0.355143636465, 0.716912567616], "chords_key": "A", "tuning_equal_tempered_deviation": 0.00524368882179, "tuning_frequency": 440.254241943, "tuning_diatonic_strength": 0.56412178278, "chords_histogram": [49.2128372192, 12.4735088348, 6.55464744568, 3.36058139801, 0.438994854689, 0.726612150669, 0, 3.34544348717, 1.01422953606, 0.756887674332, 0.196790799499, 0, 0, 0, 0, 0, 0.0302755068988, 0, 2.1192855835, 0, 0.741749942303, 0, 8.29548931122, 10.7326669693], "key_strength": 0.758777320385, "key_scale": "minor", "chords_strength": {"dvar": 6.27501576673e-05, "var": 0.00958721153438, "median": 0.560021579266, "max": 0.816878736019, "dmean": 0.00959018804133, "dmean2": 0.0099061159417, "mean": 0.558302760124, "dvar2": 7.6188109233e-05, "min": 0.264740556479}, "chords_number_rate": 0.00136239780113, "tuning_nontempered_energy_ratio": 0.688728928566, "hpcp_entropy": {"dvar": 0.270582824945, "var": 0.587346613407, "median": 1.91318488121, "max": 4.4130654335, "dmean": 0.634206950665, "dmean2": 1.07552540302, "mean": 1.8839622736, "dvar2": 0.728939890862, "min": 0}, "chords_changes_rate": 0.0496518313885, "chords_scale": "minor"}, "rhythm": {"bpm_histogram_first_peak_spread": {"dvar": 0, "var": 0, "median": 0.501035153866, "max": 0.501035153866, "dmean": 0, "dmean2": 0, "mean": 0.501035153866, "dvar2": 0, "min": 0.501035153866}, "bpm_histogram_first_peak_weight": {"dvar": 0, "var": 0, "median": 0.490835040808, "max": 0.490835040808, "dmean": 0, "dmean2": 0, "mean": 0.490835040808, "dvar2": 0, "min": 0.490835040808}, "bpm_histogram_first_peak_bpm": {"dvar": 0, "var": 0, "median": 98, "max": 98, "dmean": 0, "dmean2": 0, "mean": 98, "dvar2": 0, "min": 98}, "bpm": 96.5910110474, "bpm_histogram_second_peak_weight": {"dvar": 0, "var": 0, "median": 0.014256618917, "max": 0.014256618917, "dmean": 0, "dmean2": 0, "mean": 0.014256618917, "dvar2": 0, "min": 0.014256618917}, "beats_loudness": {"dvar": 0.000238621010794, "var": 0.000483110314235, "median": 0.0256326831877, "max": 0.0941342562437, "dmean": 0.0178470928222, "dmean2": 0.0316104181111, "mean": 0.0298749618232, "dvar2": 0.000622694322374, "min": 2.64784549842e-08}, "beats_loudness_band_ratio": {"dvar": [0.041492048651, 0.0196413397789, 0.0161858573556, 0.0207834597677, 0.00414159335196, 0.00162926246412], "var": [0.0829345956445, 0.0261947307736, 0.021693546325, 0.0250814985484, 0.00429292023182, 0.00132257433143], "median": [0.552494049072, 0.141600236297, 0.101675018668, 0.0413558930159, 0.0198354013264, 0.0148939732462], "max": [0.999318361282, 0.80108743906, 0.696737289429, 0.847822010517, 0.623275518417, 0.444552540779], "dmean": [0.25638115406, 0.146013334394, 0.121498852968, 0.09897711128, 0.038700029254, 0.0221572220325], "dmean2": [0.453632593155, 0.252278983593, 0.209703728557, 0.177280813456, 0.0674926191568, 0.0387952588499], "mean": [0.525126814842, 0.18987724185, 0.153635457158, 0.10669990629, 0.0415534451604, 0.0250161606818], "dvar2": [0.0975793749094, 0.0530527979136, 0.0416134521365, 0.060818515718, 0.0107563761994, 0.00454951636493], "min": [0.0296528674662, 0.000514592451509, 8.25686875032e-05, 1.64037228387e-05, 4.10733809986e-06, 2.53984617302e-05]}, "bpm_histogram_second_peak_bpm": {"dvar": 0, "var": 0, "median": 92, "max": 92, "dmean": 0, "dmean2": 0, "mean": 92, "dvar2": 0, "min": 92}, "onset_rate": 3.84384679794, "beats_count": 492, "beats_position": [0.66176867485, 1.31192743778, 1.95047616959, 2.60063481331, 3.26240348816, 3.92417216301, 4.57433080673, 5.22448968887, 5.88625860214, 6.5596370697, 7.19818592072, 7.8251247406, 8.45206356049, 9.07900238037, 9.70594120026, 10.3328800201, 10.9482088089, 11.5635375977, 12.1904764175, 12.8174142838, 13.4327430725, 14.0480718613, 14.6750106812, 15.301949501, 15.9172782898, 16.5442180634, 17.1595458984, 17.786485672, 18.4018135071, 19.0171432495, 19.6440811157, 20.2710208893, 20.8979587555, 21.5132884979, 22.128616333, 22.7439460754, 23.3592739105, 23.9862117767, 24.6131515503, 25.2400894165, 25.8554191589, 26.470746994, 27.0976867676, 27.7246246338, 28.3399543762, 28.9552822113, 29.5822219849, 30.2091598511, 30.8244895935, 31.4398174286, 32.0667572021, 32.6820869446, 33.2974128723, 33.9243545532, 34.5512924194, 35.1782302856, 35.8167800903, 36.4321098328, 37.0474357605, 37.6627655029, 38.2780952454, 38.8934249878, 39.520362854, 40.1473007202, 40.7626304626, 41.3779602051, 42.0048980713, 42.6202278137, 43.2355537415, 43.8624954224, 44.4894332886, 45.1047592163, 45.7200889587, 46.3354187012, 46.9623565674, 47.5892944336, 48.204624176, 48.8315620422, 49.4585037231, 50.0738296509, 50.6891593933, 51.3160972595, 51.931427002, 52.5583648682, 53.1736946106, 53.8006324768, 54.4159622192, 55.0429000854, 55.6582298279, 56.2851676941, 56.9004974365, 57.5274353027, 58.1427650452, 58.7697029114, 59.3966445923, 60.01197052, 60.6273002625, 61.2542381287, 61.8811798096, 62.5081176758, 63.1234474182, 63.7387733459, 64.3657150269, 64.9810409546, 65.5963668823, 66.2233123779, 66.8502502441, 67.4655761719, 68.0809020996, 68.7078475952, 69.3347854614, 69.9617233276, 70.5770492554, 71.1923828125, 71.8193206787, 72.4346466064, 73.0499725342, 73.6769180298, 74.303855896, 74.9191818237, 75.5345077515, 76.1614532471, 76.7767791748, 77.403717041, 78.0190429688, 78.6459884644, 79.2729263306, 79.8998641968, 80.5151901245, 81.1305236816, 81.7458496094, 82.3727874756, 82.9881134033, 83.6150588989, 84.2419967651, 84.8689346313, 85.4842605591, 86.0995864868, 86.7265319824, 87.3534698486, 87.9687957764, 88.5841217041, 89.1994552612, 89.8263931274, 90.4417190552, 91.0686569214, 91.695602417, 92.3225402832, 92.9378662109, 93.5531921387, 94.1685256958, 94.795463562, 95.4107894897, 96.037727356, 96.6646728516, 97.2799987793, 97.895324707, 98.5222625732, 99.1492080688, 99.7645339966, 100.379859924, 101.006797791, 101.633743286, 102.260681152, 102.87600708, 103.491333008, 104.106666565, 104.733604431, 105.348930359, 105.964263916, 106.579589844, 107.20652771, 107.821853638, 108.437187195, 109.064125061, 109.691062927, 110.318000793, 110.933334351, 111.548660278, 112.175598145, 112.790924072, 113.406257629, 114.033195496, 114.648521423, 115.26385498, 115.879180908, 116.506118774, 117.121452332, 117.748390198, 118.375328064, 119.00226593, 119.629203796, 120.244529724, 120.87147522, 121.486801147, 122.102127075, 122.717460632, 123.344398499, 123.971336365, 124.598274231, 125.213600159, 125.828933716, 126.455871582, 127.082809448, 127.698135376, 128.313461304, 128.94039917, 129.555740356, 130.171066284, 130.79800415, 131.424942017, 132.051879883, 132.667205811, 133.282531738, 133.909469604, 134.536407471, 135.163360596, 135.790298462, 136.40562439, 137.032562256, 137.647888184, 138.263214111, 138.878540039, 139.505477905, 140.120819092, 140.73614502, 141.363082886, 141.990020752, 142.60534668, 143.220672607, 143.836013794, 144.46295166, 145.078277588, 145.705215454, 146.33215332, 146.959091187, 147.586029053, 148.20135498, 148.816680908, 149.432022095, 150.047348022, 150.674285889, 151.301223755, 151.928161621, 152.543487549, 153.170425415, 153.785751343, 154.401092529, 155.016418457, 155.643356323, 156.270294189, 156.897232056, 157.512557983, 158.127883911, 158.743209839, 159.358551025, 159.973876953, 160.589202881, 161.216140747, 161.843078613, 162.458404541, 163.073745728, 163.700683594, 164.32762146, 164.942947388, 165.558273315, 166.185211182, 166.812149048, 167.439086914, 168.06602478, 168.681350708, 169.296691895, 169.912017822, 170.52734375, 171.154281616, 171.781219482, 172.408157349, 173.023483276, 173.638824463, 174.265762329, 174.892700195, 175.519638062, 176.146575928, 176.761901855, 177.377227783, 177.992553711, 178.607894897, 179.223220825, 179.850158691, 180.465484619, 181.092422485, 181.719360352, 182.334686279, 182.950012207, 183.576965332, 184.203903198, 184.830841064, 185.457778931, 186.084716797, 186.700042725, 187.315368652, 187.93069458, 188.546035767, 189.172973633, 189.788299561, 190.403625488, 191.030563354, 191.645889282, 192.272827148, 192.888153076, 193.515090942, 194.130432129, 194.745758057, 195.372695923, 195.999633789, 196.626571655, 197.241897583, 197.857223511, 198.484161377, 199.111114502, 199.738052368, 200.353378296, 200.968704224, 201.584030151, 202.199356079, 202.826293945, 203.453231812, 204.068572998, 204.683898926, 205.310836792, 205.937774658, 206.564712524, 207.180038452, 207.79536438, 208.422302246, 209.037643433, 209.664581299, 210.291519165, 210.906845093, 211.522171021, 212.149108887, 212.764434814, 213.379776001, 213.995101929, 214.622039795, 215.248977661, 215.875915527, 216.491241455, 217.106567383, 217.721893311, 218.348846436, 218.964172363, 219.591110229, 220.206436157, 220.821762085, 221.437088013, 222.052429199, 222.679367065, 223.306304932, 223.933242798, 224.560180664, 225.175506592, 225.79083252, 226.417770386, 227.044708252, 227.671646118, 228.298583984, 228.913925171, 229.529251099, 230.156188965, 230.783126831, 231.398452759, 232.013778687, 232.629104614, 233.256057739, 233.882995605, 234.498321533, 235.102035522, 235.728973389, 236.355911255, 236.982849121, 237.609786987, 238.236724854, 238.840454102, 239.455780029, 240.071105957, 240.698043823, 241.313369751, 241.928695679, 242.555648804, 243.18258667, 243.809524536, 244.436462402, 245.063400269, 245.667114258, 246.294052124, 246.92098999, 247.536315918, 248.151657104, 248.778594971, 249.393920898, 250.009246826, 250.636184692, 251.263122559, 251.890060425, 252.493789673, 253.109115601, 253.736053467, 254.362991333, 254.978317261, 255.605255127, 256.220581055, 256.84753418, 257.462860107, 258.089782715, 258.705108643, 259.32043457, 259.935791016, 260.551116943, 261.178039551, 261.781768799, 262.408691406, 263.035644531, 263.662567139, 264.289520264, 264.916442871, 265.543395996, 266.170349121, 266.785675049, 267.401000977, 268.016326904, 268.643249512, 269.270202637, 269.885528564, 270.512481689, 271.127807617, 271.743133545, 272.358459473, 272.98538208, 273.600708008, 274.227661133, 274.85458374, 275.481536865, 276.096862793, 276.723815918, 277.339141846, 277.966064453, 278.581390381, 279.196716309, 279.812072754, 280.427398682, 281.054321289, 281.669647217, 282.284973145, 282.91192627, 283.538848877, 284.165802002, 284.792724609, 285.419677734, 286.035003662, 286.65032959, 287.265655518, 287.880981445, 288.50793457, 289.134857178, 289.761810303, 290.37713623, 290.992462158, 291.607788086, 292.223114014, 292.850067139, 293.476989746, 294.103942871, 294.730865479, 295.357818604, 295.973144531, 296.588470459, 297.203796387, 297.819122314, 298.446075439, 299.061401367, 299.676727295, 300.292053223, 300.90737915, 301.522705078, 302.161254883, 302.799804688, 303.438354492, 304.065307617, 304.703857422, 305.342407227, 305.980957031], "danceability": 1.03091466427, "bpm_histogram_second_peak_spread": {"dvar": 0, "var": 0, "median": 0.125000059605, "max": 0.125000059605, "dmean": 0, "dmean2": 0, "mean": 0.125000059605, "dvar2": 0, "min": 0.125000059605}}, "lowlevel": {"spectral_flux": {"dvar": 0.000571138516534, "var": 0.0018394991057, "median": 0.0625354498625, "max": 0.287134677172, "dmean": 0.0213793255389, "dmean2": 0.0338215380907, "mean": 0.0696220248938, "dvar2": 0.00125721481163, "min": 1.05979454379e-10}, "spectral_rolloff": {"dvar": 545249.8125, "var": 1560701.125, "median": 689.0625, "max": 18583.1542969, "dmean": 302.189941406, "dmean2": 513.434387207, "mean": 996.803710938, "dvar2": 1145509, "min": 64.599609375}, "barkbands_flatness_db": {"dvar": 0.000609645794611, "var": 0.00476292148232, "median": 0.148813351989, "max": 0.640812754631, "dmean": 0.0239609051496, "dmean2": 0.0362268686295, "mean": 0.161377727985, "dvar2": 0.001216367702, "min": 0.028425808996}, "spectral_centroid": {"dvar": 57866.125, "var": 320657.28125, "median": 944.484863281, "max": 10840.6152344, "dmean": 190.35256958, "dmean2": 294.392333984, "mean": 1033.24157715, "dvar2": 114060.335938, "min": 85.3868865967}, "melbands_skewness": {"dvar": 1.01074135303, "var": 4.43536520004, "median": 2.43765997887, "max": 29.6732215881, "dmean": 0.831609845161, "dmean2": 1.28566563129, "mean": 2.73616552353, "dvar2": 2.2758769989, "min": -2.09179997444}, "melbands": {"dvar": [2.35241031987e-06, 3.36176140081e-06, 1.10403914277e-06, 1.85244516615e-07, 1.4167024176e-07, 1.31222591904e-07, 8.63710170051e-08, 1.54324624191e-07, 7.82435165547e-08, 1.14961942188e-07, 8.19112884187e-08, 1.39848879144e-07, 4.60791973467e-08, 2.33222579027e-08, 1.48644447862e-08, 1.58942956574e-08, 1.64746953857e-08, 9.29832033592e-09, 8.15339085136e-09, 4.19610968194e-09, 1.11150300075e-09, 5.99913591026e-11, 3.35538506702e-11, 5.49396361738e-11, 5.03842911836e-10, 2.13256620696e-10, 7.99162333531e-11, 3.12105341571e-11, 1.12233125571e-10, 2.43040670922e-10, 1.07435935148e-11, 4.84147314253e-12, 7.361147282e-12, 3.37713364218e-12, 1.51549877248e-12, 2.95606334549e-12, 5.56437144625e-12, 1.28044829514e-12, 7.71416730407e-13, 3.77821824391e-13], "var": [4.52665426565e-06, 4.30936233897e-06, 1.31024751227e-06, 3.87196081419e-07, 4.47875493137e-07, 3.46845297372e-07, 2.42030665731e-07, 2.2051821702e-07, 2.51900360126e-07, 3.77378739813e-07, 4.03455914011e-07, 8.46164653012e-07, 2.57275758031e-07, 1.11320964891e-07, 5.62862325637e-08, 3.2709024822e-08, 4.39076082159e-08, 3.08310958985e-08, 2.31056596078e-08, 1.85129156449e-08, 1.49754331158e-09, 1.75989736673e-10, 8.29967899962e-11, 1.79300282954e-10, 7.69567465309e-10, 6.35753782952e-10, 1.58046603582e-10, 9.62561766404e-11, 3.54264895197e-10, 5.86845405603e-10, 2.91465220015e-11, 6.71716024817e-12, 9.50001449035e-12, 6.08309279684e-12, 3.2226053423e-12, 7.54690754334e-12, 1.40901804113e-11, 3.63471839432e-12, 2.1960280816e-12, 9.49367537709e-13], "median": [0.000355269876309, 0.000420131837018, 0.000308669405058, 0.000267636380158, 0.000236661493545, 0.000167728561792, 0.000108303443994, 8.35762621136e-05, 4.43933531642e-05, 3.18259262713e-05, 2.45103692578e-05, 2.40842218773e-05, 1.32861459861e-05, 6.49096955385e-06, 5.78013623453e-06, 4.28430485044e-06, 6.53821734886e-06, 7.44442786527e-06, 4.61239915239e-06, 4.63880587631e-06, 3.17242893288e-06, 2.11719498111e-06, 1.81407142463e-06, 1.27945827444e-06, 2.83816507363e-06, 2.74308354165e-06, 1.56969576892e-06, 1.14574754662e-06, 1.02673925539e-06, 9.45234432947e-07, 3.94660219172e-07, 2.04615929533e-07, 1.84223353017e-07, 1.63270087228e-07, 1.28512880337e-07, 1.17866619576e-07, 8.62526547962e-08, 6.7525249392e-08, 6.99895039702e-08, 5.09126820702e-08], "max": [0.0178171601146, 0.0214026644826, 0.0188338309526, 0.00744963437319, 0.0101907281205, 0.013102713041, 0.00953000038862, 0.016497887671, 0.00982542801648, 0.0130562679842, 0.0137615287676, 0.0176243241876, 0.0111948866397, 0.00860048271716, 0.00508225476369, 0.00478794099763, 0.00702612102032, 0.0059823053889, 0.0041300621815, 0.00401599146426, 0.00177206192166, 0.000413045781897, 0.000225069263251, 0.00033686007373, 0.00106380134821, 0.000516620930284, 0.000615917087998, 0.000241110799834, 0.000358070654329, 0.000624894804787, 0.000143552562804, 6.73022586852e-05, 0.000198185516638, 7.65945951571e-05, 3.70401648979e-05, 7.96869062469e-05, 0.00014132927754, 4.93758743687e-05, 3.29484209942e-05, 3.37280325766e-05], "dmean": [0.000841082888655, 0.000924360007048, 0.000539618602488, 0.000272967066849, 0.000216580505366, 0.000182796589797, 0.000122483892483, 0.000125136401039, 8.11101563158e-05, 8.11982390587e-05, 7.76068263804e-05, 0.000115132177598, 5.58507599635e-05, 2.82549754047e-05, 2.89939507638e-05, 2.22480739467e-05, 2.25253570534e-05, 2.20059391722e-05, 1.75835939444e-05, 1.26032391563e-05, 5.87119575357e-06, 2.87349848804e-06, 2.51385131378e-06, 2.0298734853e-06, 5.31291334482e-06, 4.61709396404e-06, 2.13667817661e-06, 1.80059862487e-06, 2.4776054488e-06, 2.49937852459e-06, 8.50017386256e-07, 5.63955666166e-07, 4.85063424094e-07, 4.35341064531e-07, 3.52472028453e-07, 3.84146659371e-07, 3.96985683437e-07, 2.47149046118e-07, 2.20947768526e-07, 1.52603647052e-07], "dmean2": [0.00136303016916, 0.00155110820197, 0.000918031844776, 0.000459604343632, 0.000346057116985, 0.000297672318993, 0.000185982775292, 0.000198332287255, 0.000123300924315, 0.000118374118756, 0.000110997556476, 0.000166712488863, 7.83485374996e-05, 4.02375262638e-05, 4.24664103775e-05, 3.2866224501e-05, 3.39290854754e-05, 3.33058087563e-05, 2.57850351773e-05, 1.82279873115e-05, 9.24148480408e-06, 4.58726981378e-06, 4.04839374823e-06, 3.23437780025e-06, 8.37946754473e-06, 7.15979513188e-06, 3.34725064022e-06, 2.8316078442e-06, 3.8365446926e-06, 3.95721008317e-06, 1.35927984957e-06, 9.08511708531e-07, 7.59710587772e-07, 6.67372034968e-07, 5.33574791461e-07, 5.61551644296e-07, 5.84629447076e-07, 3.61582721098e-07, 3.30001967086e-07, 2.19248988742e-07], "mean": [0.00133591273334, 0.00114451709669, 0.000708429783117, 0.000480211689137, 0.000454211782198, 0.00036433164496, 0.00026236922713, 0.000214405474253, 0.000168864135048, 0.000167354490259, 0.000188218575204, 0.000290203955956, 0.000130959437229, 6.29994756309e-05, 6.37208868284e-05, 4.07563020417e-05, 4.06364706578e-05, 4.19516727561e-05, 3.19200880767e-05, 2.62812063738e-05, 1.08176318463e-05, 6.07828405919e-06, 4.69411770609e-06, 4.07711695516e-06, 1.00482411654e-05, 9.91846991383e-06, 4.54674182038e-06, 3.85765270039e-06, 5.25784253114e-06, 5.19834884471e-06, 1.57515705723e-06, 9.07020250906e-07, 7.95188441316e-07, 7.38514813747e-07, 6.1621489067e-07, 6.80088760419e-07, 6.87038152591e-07, 4.57970401158e-07, 4.17228022798e-07, 2.83127462808e-07], "dvar2": [6.31157990938e-06, 8.56442693475e-06, 2.90818024951e-06, 4.94799564876e-07, 3.49392735188e-07, 3.35744772428e-07, 1.92215452444e-07, 3.90063803479e-07, 1.6433038752e-07, 2.30698631754e-07, 1.53057214902e-07, 2.75201870181e-07, 8.59351345639e-08, 4.68969219014e-08, 2.92301880478e-08, 3.33158496346e-08, 3.52158480155e-08, 1.80052381893e-08, 1.50074921379e-08, 6.49326015179e-09, 2.69159006194e-09, 1.38910938308e-10, 7.78114794819e-11, 1.21380738793e-10, 1.19112752994e-09, 4.66594318738e-10, 1.88878870877e-10, 6.61030258309e-11, 2.58060628422e-10, 6.1757421399e-10, 2.39746712066e-11, 1.18515171635e-11, 1.7205098457e-11, 7.34061422758e-12, 3.32159473537e-12, 5.89609524398e-12, 1.20124327152e-11, 2.5485741989e-12, 1.63712630692e-12, 7.77932948094e-13], "min": [1.13280307661e-23, 1.37788157059e-23, 1.53849743742e-23, 1.77173221043e-23, 2.73472422083e-23, 6.49585895239e-24, 4.74834745388e-24, 3.08541939656e-24, 8.28559304757e-24, 2.18901754119e-23, 1.7771996476e-23, 1.52864566912e-23, 2.16976807293e-23, 4.21668833592e-24, 4.77565545183e-24, 1.22662143632e-23, 1.4385172063e-23, 1.34437501918e-23, 3.9499646031e-24, 1.49182811073e-23, 1.36378336403e-23, 1.82899846344e-23, 7.94072041475e-24, 1.2996616731e-23, 7.74957231766e-24, 8.89076453557e-24, 8.28107366344e-24, 1.16446779557e-23, 9.85464685439e-24, 2.24848692494e-23, 1.39441577962e-23, 9.89128549913e-24, 8.97998312623e-24, 1.35968396945e-23, 1.83236989718e-23, 1.00802531847e-23, 8.18164011292e-24, 1.06658072797e-23, 1.08744704554e-23, 9.15092770667e-24]}, "spectral_decrease": {"dvar": 5.15353332596e-18, "var": 2.30325414084e-17, "median": -4.03542799177e-09, "max": -8.37663247788e-29, "dmean": 1.73690983818e-09, "dmean2": 2.7287030413e-09, "mean": -5.43720490853e-09, "dvar2": 1.21126191222e-17, "min": -3.02813738529e-08}, "barkbands_kurtosis": {"dvar": 1908.08312988, "var": 2762.44873047, "median": 3.57406640053, "max": 2489.21850586, "dmean": 7.18265485764, "dmean2": 11.5442876816, "mean": 11.114397049, "dvar2": 4846.73583984, "min": -1.90315556526}, "silence_rate_30dB": {"dvar": 0.000302717351587, "var": 0.000151366970385, "median": 1, "max": 1, "dmean": 0.000302823842503, "dmean2": 0.000605693494435, "mean": 0.999848604202, "dvar2": 0.000908114248887, "min": 0}, "gfcc": {"mean": [-52.9966926575, 111.572944641, -105.294464111, 30.5304718018, -59.4613609314, 5.85776376724, -30.0153675079, 6.80627059937, -23.843963623, 5.48863649368, -12.989947319, -3.61787581444, -6.32122278214], "cov": [[11695.1035156, -534.496459961, -1257.97351074, -370.963653564, -87.6633529663, 149.981674194, -359.2371521, 80.7867279053, -404.907653809, 17.5987930298, -114.746841431, 49.7322807312, 104.955001831], [-534.496459961, 1111.39331055, 46.7019805908, -25.7903308868, 176.724563599, -105.963233948, 205.461639404, -33.0471878052, 123.96522522, -11.4044733047, 119.241539001, -36.3485717773, 91.1020965576], [-1257.97351074, 46.7019805908, 976.017578125, 185.222229004, 11.9557237625, 86.7454071045, 67.1622390747, 17.3396377563, 137.490966797, 22.5281963348, 55.7105178833, 49.5103797913, -17.0473823547], [-370.963653564, -25.7903308868, 185.222229004, 444.453918457, 88.7026443481, -19.7102737427, 7.95320606232, 25.7494792938, 69.2026138306, 34.9270019531, -6.69380426407, -1.30909490585, -27.9288005829], [-87.6633529663, 176.724563599, 11.9557237625, 88.7026443481, 241.487136841, 24.2846832275, 88.9858932495, 24.3012828827, 47.7259521484, 36.1656723022, 29.5668926239, 10.3426837921, 32.1333885193], [149.981674194, -105.963233948, 86.7454071045, -19.7102737427, 24.2846832275, 196.660064697, 73.8438262939, 21.3907051086, 9.30631828308, 24.501455307, 33.2742271423, 13.4059429169, 12.9659852982], [-359.2371521, 205.461639404, 67.1622390747, 7.95320606232, 88.9858932495, 73.8438262939, 238.834320068, 36.2164344788, 77.1483001709, 32.7467575073, 63.3778114319, -1.09839832783, 25.9703235626], [80.7867279053, -33.0471878052, 17.3396377563, 25.7494792938, 24.3012828827, 21.3907051086, 36.2164344788, 107.786087036, 45.517162323, 23.7982807159, 8.21484661102, 19.6597080231, 5.79903745651], [-404.907653809, 123.96522522, 137.490966797, 69.2026138306, 47.7259521484, 9.30631828308, 77.1483001709, 45.517162323, 148.951446533, 46.4202423096, 48.3943901062, 10.5036306381, 25.1464195251], [17.5987930298, -11.4044733047, 22.5281963348, 34.9270019531, 36.1656723022, 24.501455307, 32.7467575073, 23.7982807159, 46.4202423096, 95.6992492676, 36.0060882568, 10.7652006149, -0.167224034667], [-114.746841431, 119.241539001, 55.7105178833, -6.69380426407, 29.5668926239, 33.2742271423, 63.3778114319, 8.21484661102, 48.3943901062, 36.0060882568, 113.864593506, 26.0211086273, 36.1838111877], [49.7322807312, -36.3485717773, 49.5103797913, -1.30909490585, 10.3426837921, 13.4059429169, -1.09839832783, 19.6597080231, 10.5036306381, 10.7652006149, 26.0211086273, 83.9692077637, 29.1778678894], [104.955001831, 91.1020965576, -17.0473823547, -27.9288005829, 32.1333885193, 12.9659852982, 25.9703235626, 5.79903745651, 25.1464195251, -0.167224034667, 36.1838111877, 29.1778678894, 95.4218978882]], "icov": [[0.000120497417811, -4.6335386287e-05, 0.000126169106807, 1.3645487229e-07, 2.68247767963e-05, -0.000217919718125, 0.000211618549656, -0.000223111434025, 0.000281611748505, -0.000185970362509, 6.95744747645e-05, -5.1705261285e-05, -0.000174286367837], [-4.6335386287e-05, 0.00190688378643, -0.000198560504941, 0.000398192554712, -0.00108685693704, 0.00185116974171, -0.00134743039962, 0.000927303102799, -0.000882792868651, 0.0011543657165, -0.00151618162636, 0.00130891602021, -0.000854332349263], [0.000126169106807, -0.000198560504941, 0.00160860549659, -0.000526106101461, 0.000384048034903, -0.00113842240535, 0.00034224402043, 0.000340800412232, -0.00124583346769, 0.000481207011035, -6.94964401191e-05, -0.00123001739848, 0.000827319046948], [1.3645487229e-07, 0.000398192554712, -0.000526106101461, 0.00307110114954, -0.00145616580267, 0.000807172385976, 0.000256722938502, -4.3730957259e-05, -0.00113753741607, -0.000264574249741, 0.000235306317336, 0.000412085064454, 0.000822115573101], [2.68247767963e-05, -0.00108685693704, 0.000384048034903, -0.00145616580267, 0.00627453858033, -0.00105550792068, -0.00112959963735, -0.000569045776501, 0.000599922495894, -0.00191178242676, 0.00122857035603, -0.000978575902991, -0.00130504753906], [-0.000217919718125, 0.00185116974171, -0.00113842240535, 0.000807172385976, -0.00105550792068, 0.00860066432506, -0.0034944890067, 3.76670359401e-05, 0.00101573904976, -0.000226053758524, -0.0021199407056, 0.0012996790465, -0.0012208543485], [0.000211618549656, -0.00134743039962, 0.00034224402043, 0.000256722938502, -0.00112959963735, -0.0034944890067, 0.00812259037048, -0.00186469126493, -0.00145408022217, -0.000275167025393, -0.00124708807562, 0.000736129935831, 0.000578344275709], [-0.000223111434025, 0.000927303102799, 0.000340800412232, -4.3730957259e-05, -0.000569045776501, 3.76670359401e-05, -0.00186469126493, 0.0128337675706, -0.00479769613594, -0.000106882340333, 0.00128533574753, -0.00274352659471, 0.000937885721214], [0.000281611748505, -0.000882792868651, -0.00124583346769, -0.00113753741607, 0.000599922495894, 0.00101573904976, -0.00145408022217, -0.00479769613594, 0.0142644494772, -0.00482954410836, -0.00134116911795, 0.00146141077857, -0.00338101503439], [-0.000185970362509, 0.0011543657165, 0.000481207011035, -0.000264574249741, -0.00191178242676, -0.000226053758524, -0.000275167025393, -0.000106882340333, -0.00482954410836, 0.0156717915088, -0.00471352459863, -0.000398350384785, 0.00307622528635], [6.95744747645e-05, -0.00151618162636, -6.94964401191e-05, 0.000235306317336, 0.00122857035603, -0.0021199407056, -0.00124708807562, 0.00128533574753, -0.00134116911795, -0.00471352459863, 0.0151680102572, -0.00377715891227, -0.00268842699006], [-5.1705261285e-05, 0.00130891602021, -0.00123001739848, 0.000412085064454, -0.000978575902991, 0.0012996790465, 0.000736129935831, -0.00274352659471, 0.00146141077857, -0.000398350384785, -0.00377715891227, 0.016655292362, -0.00521894870326], [-0.000174286367837, -0.000854332349263, 0.000827319046948, 0.000822115573101, -0.00130504753906, -0.0012208543485, 0.000578344275709, 0.000937885721214, -0.00338101503439, 0.00307622528635, -0.00268842699006, -0.00521894870326, 0.015778189525]]}, "silence_rate_20dB": {"dvar": 0, "var": 0, "median": 1, "max": 1, "dmean": 0, "dmean2": 0, "mean": 1, "dvar2": 0, "min": 1}, "barkbands_skewness": {"dvar": 0.967185437679, "var": 3.51446199417, "median": 1.66241645813, "max": 31.9155254364, "dmean": 0.667093098164, "dmean2": 1.03127932549, "mean": 1.96538078785, "dvar2": 2.24959611893, "min": -2.08971858025}, "erbbands_skewness": {"dvar": 0.146494299173, "var": 0.720526576042, "median": 0.652413129807, "max": 9.73494911194, "dmean": 0.364267498255, "dmean2": 0.55724298954, "mean": 0.747372031212, "dvar2": 0.301420688629, "min": -3.25623869896}, "spectral_contrast_valleys": {"dvar": [0.143429219723, 0.0936316177249, 0.0772620812058, 0.0848145335913, 0.0900240987539, 0.11117683351], "var": [1.24434113503, 1.23434257507, 1.25246322155, 1.29231274128, 1.19920003414, 1.32453858852], "median": [-7.23848581314, -6.64931774139, -7.67968559265, -8.13797092438, -7.8798289299, -10.6912202835], "max": [-5.20008850098, -4.84077501297, -5.1781206131, -6.19019412994, -6.03776168823, -7.90478181839], "dmean": [0.428863286972, 0.332966893911, 0.30142313242, 0.277483046055, 0.249691590667, 0.297980487347], "dmean2": [0.693418741226, 0.546074390411, 0.483758091927, 0.436384260654, 0.368787825108, 0.392976790667], "mean": [-7.42266082764, -6.94030284882, -7.92532587051, -8.38425445557, -8.11703777313, -10.8281888962], "dvar2": [0.327446728945, 0.216673523188, 0.170317679644, 0.173277407885, 0.158145174384, 0.172716259956], "min": [-27.6455230713, -27.0509262085, -26.9114303589, -27.3491821289, -27.4020900726, -27.2421112061]}, "spectral_strongpeak": {"dvar": 0.917285680771, "var": 3.31144309044, "median": 0.352414667606, "max": 18.23695755, "dmean": 0.465626657009, "dmean2": 0.763490259647, "mean": 1.07476723194, "dvar2": 2.05705595016, "min": 0}, "erbbands_crest": {"dvar": 6.51554965973, "var": 31.6843948364, "median": 8.89117431641, "max": 31.9377861023, "dmean": 2.65000939369, "dmean2": 4.20791959763, "mean": 10.4375104904, "dvar2": 15.1409387589, "min": 2.39037036896}, "barkbands_crest": {"dvar": 6.58259534836, "var": 23.1724529266, "median": 10.4059181213, "max": 26.26121521, "dmean": 2.8994269371, "dmean2": 4.69786787033, "mean": 11.3561468124, "dvar2": 16.4416465759, "min": 2.80338907242}, "spectral_energyband_middle_low": {"dvar": 2.44422517426e-05, "var": 8.64865505719e-05, "median": 0.00718327518553, "max": 0.0931595936418, "dmean": 0.00334943761118, "dmean2": 0.00538680749014, "mean": 0.00952767115086, "dvar2": 5.93038566876e-05, "min": 4.44735696018e-22}, "spectral_contrast_coeffs": {"dvar": [0.00202147220261, 0.00126262230333, 0.00100724154618, 0.000583329703659, 0.00027901105932, 0.000367578701116], "var": [0.00725366920233, 0.00558623624966, 0.0079249497503, 0.00453337933868, 0.00210533291101, 0.00167716748547], "median": [-0.663209319115, -0.731166005135, -0.755364775658, -0.791963458061, -0.816219329834, -0.768431425095], "max": [-0.282730847597, -0.432745933533, -0.382066607475, -0.494457304478, -0.549646675587, -0.554231643677], "dmean": [0.0560961216688, 0.0440493933856, 0.0373794920743, 0.0285523626953, 0.0191279239953, 0.0204757358879], "dmean2": [0.0913841426373, 0.0715729147196, 0.0589078739285, 0.0458918623626, 0.0310758147389, 0.0332598127425], "mean": [-0.658520698547, -0.725254535675, -0.737077593803, -0.781986951828, -0.811937451363, -0.769107937813], "dvar2": [0.00530617684126, 0.00326852407306, 0.00224905996583, 0.00134070497006, 0.000641093938611, 0.000933929812163], "min": [-0.977966606617, -0.96854865551, -0.963170289993, -0.957647204399, -0.956931293011, -0.958585619926]}, "hfc": {"dvar": 48.2074966431, "var": 354.253967285, "median": 6.68538856506, "max": 158.177688599, "dmean": 3.3936958313, "dmean2": 4.88340568542, "mean": 14.0114440918, "dvar2": 93.8663406372, "min": 1.20343357417e-16}, "spectral_energyband_high": {"dvar": 2.77694852002e-07, "var": 9.72782686404e-07, "median": 0.000103470418253, "max": 0.016210783273, "dmean": 0.000158902563271, "dmean2": 0.000230020697927, "mean": 0.000413163128542, "dvar2": 6.17708565187e-07, "min": 8.14108816273e-21}, "erbbands_spread": {"dvar": 94.3826370239, "var": 415.772338867, "median": 33.4483108521, "max": 159.173904419, "dmean": 7.80831241608, "dmean2": 11.7239351273, "mean": 35.5136184692, "dvar2": 200.047912598, "min": 2.04196310043}, "dissonance": {"dvar": 0.000545713061001, "var": 0.00174441630952, "median": 0.459743052721, "max": 0.500000178814, "dmean": 0.0234564635903, "dmean2": 0.0385611355305, "mean": 0.44814696908, "dvar2": 0.00143043394201, "min": 0.170698150992}, "spectral_kurtosis": {"dvar": 4.70539712906, "var": 15.0467119217, "median": 4.29931640625, "max": 50.4688835144, "dmean": 1.74921369553, "dmean2": 2.84003400803, "mean": 5.17536354065, "dvar2": 10.724111557, "min": -1.17367017269}, "spectral_skewness": {"dvar": 0.0662519708276, "var": 0.350435376167, "median": 1.55442893505, "max": 5.74186849594, "dmean": 0.24067991972, "dmean2": 0.373290121555, "mean": 1.66697382927, "dvar2": 0.136432617903, "min": -0.0155588909984}, "pitch_salience": {"dvar": 0.00538211222738, "var": 0.0172186139971, "median": 0.550039410591, "max": 0.916070818901, "dmean": 0.080088891089, "dmean2": 0.131072178483, "mean": 0.536915302277, "dvar2": 0.0136952484027, "min": 0.035632789135}, "spectral_complexity": {"dvar": 4.32253313065, "var": 64.8467178345, "median": 11, "max": 48, "dmean": 1.99666893482, "dmean2": 3.24591159821, "mean": 12.7454957962, "dvar2": 10.5383300781, "min": 0}, "spectral_spread": {"dvar": 390250856448, "var": 2053297537020.0, "median": 3973712.25, "max": 39232352, "dmean": 463770.46875, "dmean2": 666501.1875, "mean": 4304265.5, "dvar2": 635881783296, "min": 1452909.375}, "dynamic_complexity": 5.26136016846, "melbands_crest": {"dvar": 9.30433654785, "var": 31.8123321533, "median": 14.303273201, "max": 34.4514923096, "dmean": 3.64075946808, "dmean2": 5.9315366745, "mean": 15.1989450455, "dvar2": 23.3866386414, "min": 1.5084836483}, "zerocrossingrate": {"dvar": 0.000135349138873, "var": 0.00116413529031, "median": 0.03857421875, "max": 0.5107421875, "dmean": 0.00749086076394, "dmean2": 0.00902802776545, "mean": 0.0442421622574, "dvar2": 0.000149195853737, "min": 0.00244140625}, "spectral_energyband_low": {"dvar": 5.39550965186e-05, "var": 0.000100960533018, "median": 0.00346796703525, "max": 0.0950999334455, "dmean": 0.00451463740319, "dmean2": 0.00744648836553, "mean": 0.00736534455791, "dvar2": 0.000136808535899, "min": 7.39011837987e-23}, "melbands_kurtosis": {"dvar": 868.080932617, "var": 2205.45214844, "median": 9.19715881348, "max": 1245.65698242, "dmean": 10.9255867004, "dmean2": 17.2665348053, "mean": 20.0244369507, "dvar2": 1959.85058594, "min": -1.76485109329}, "spectral_energyband_middle_high": {"dvar": 1.55061425176e-05, "var": 0.000110669418063, "median": 0.00123588123824, "max": 0.116743288934, "dmean": 0.00157473958097, "dmean2": 0.0022414017003, "mean": 0.00549148628488, "dvar2": 2.92123404506e-05, "min": 1.63877969499e-21}, "barkbands_spread": {"dvar": 34.1880912781, "var": 157.316467285, "median": 13.037273407, "max": 129.125228882, "dmean": 4.06072044373, "dmean2": 6.27454948425, "mean": 15.7147436142, "dvar2": 64.5725097656, "min": 0.0461284592748}, "mfcc": {"mean": [-698.465942383, 139.475479126, 10.313170433, 28.647983551, -2.69295167923, 1.80871474743, 3.31117367744, -3.6814262867, 0.321873009205, 5.93672370911, -3.60856771469, -2.41474628448, -0.17034059763], "cov": [[10242.8154297, -255.160842896, -1357.79797363, -367.128479004, -88.6874389648, -198.090789795, -12.2004575729, -170.151580811, -101.104927063, 0.702583909035, -318.301452637, -287.176147461, -75.7211532593], [-255.160842896, 1129.43395996, -48.7008094788, 68.5124206543, -28.3189144135, 13.6953487396, 71.9878005981, 13.5203552246, 34.6642189026, 28.1164188385, 31.0958995819, 35.1281166077, 42.5715942383], [-1357.79797363, -48.7008094788, 844.922485352, 82.6129684448, 87.1796112061, 93.3005828857, -5.206782341, 68.8422317505, 13.9362163544, 19.1565570831, 67.7633590698, 85.234161377, 23.8411407471], [-367.128479004, 68.5124206543, 82.6129684448, 401.197509766, 89.7457504272, 43.3299407959, -20.2089672089, 25.6284160614, 45.2276000977, 4.40240621567, 61.6033401489, 38.4839630127, 26.4851207733], [-88.6874389648, -28.3189144135, 87.1796112061, 89.7457504272, 166.586639404, 34.8740997314, -0.0909351631999, 16.6425914764, 20.7381877899, 9.91689777374, 6.15382909775, 5.2410364151, 9.58833885193], [-198.090789795, 13.6953487396, 93.3005828857, 43.3299407959, 34.8740997314, 152.411361694, 67.9929046631, 22.7528381348, 24.3996944427, 26.5555286407, 34.3697776794, 27.762966156, 21.7657852173], [-12.2004575729, 71.9878005981, -5.206782341, -20.2089672089, -0.0909351631999, 67.9929046631, 141.263793945, 35.8254623413, 20.9056415558, 29.5351257324, 20.1297454834, 27.2044372559, 17.3026199341], [-170.151580811, 13.5203552246, 68.8422317505, 25.6284160614, 16.6425914764, 22.7528381348, 35.8254623413, 101.545661926, 42.5000839233, 7.67967510223, 17.4513988495, 18.3448734283, 27.7806682587], [-101.104927063, 34.6642189026, 13.9362163544, 45.2276000977, 20.7381877899, 24.3996944427, 20.9056415558, 42.5000839233, 99.6206588