{"tonal": {"hpcp": {"dvar": [0.0537763088942, 0.0496026165783, 0.0307734794915, 0.0271968599409, 0.0264271888882, 0.0324117578566, 0.0368244126439, 0.037041772157, 0.0390902087092, 0.0355861373246, 0.0302277822047, 0.028562868014, 0.0278734173626, 0.031450457871, 0.0318912155926, 0.0416655093431, 0.0621241703629, 0.0577661320567, 0.044695943594, 0.0399148315191, 0.0445715598762, 0.048469606787, 0.0499990470707, 0.0365818403661, 0.0495882481337, 0.0368964113295, 0.0286812763661, 0.0273773781955, 0.0328460671008, 0.0262283813208, 0.0351242385805, 0.0438030548394, 0.0503128431737, 0.0515386909246, 0.0581420138478, 0.0478522516787], "var": [0.103683032095, 0.0973130837083, 0.0302473027259, 0.0189374424517, 0.0191167052835, 0.0247974675149, 0.0368814021349, 0.0413377471268, 0.0321828424931, 0.0282988417894, 0.0256512202322, 0.0221212450415, 0.0378170982003, 0.046781886369, 0.0309904813766, 0.0715966150165, 0.134013622999, 0.0798135623336, 0.0451283566654, 0.0335403755307, 0.0408858992159, 0.0812617093325, 0.103235773742, 0.0531885772943, 0.0527356863022, 0.0332289934158, 0.0220903195441, 0.0372531749308, 0.0524674244225, 0.0264160912484, 0.0320034064353, 0.0395854413509, 0.0383492894471, 0.0600422360003, 0.0740006193519, 0.0492143668234], "median": [0.157969623804, 0.186543881893, 0.0930669158697, 0.0280879791826, 0.0259159263223, 0.0300195012242, 0.052630443126, 0.0626001879573, 0.0467122346163, 0.0365429222584, 0.0303656775504, 0.031944423914, 0.0581023730338, 0.0653162300587, 0.057251252234, 0.0726743191481, 0.0897085890174, 0.0822824761271, 0.0481597408652, 0.0399644114077, 0.0552818886936, 0.135500952601, 0.164887517691, 0.116325505078, 0.0690106600523, 0.0436569899321, 0.0315359570086, 0.0636881887913, 0.0681494101882, 0.051124855876, 0.0354534871876, 0.0335151851177, 0.0405510440469, 0.0654979422688, 0.0743305757642, 0.0899121537805], "max": [1, 1, 1, 1, 1, 1, 1, 1, 1, 1, 1, 1, 1, 1, 1, 1, 1, 1, 1, 1, 1, 1, 1, 1, 1, 1, 1, 1, 1, 1, 1, 1, 1, 1, 1, 1], "dmean": [0.178100675344, 0.186336874962, 0.122616291046, 0.0828693956137, 0.0802029147744, 0.093805514276, 0.115128748119, 0.121486313641, 0.112535111606, 0.0997508168221, 0.0873828232288, 0.087020508945, 0.103425428271, 0.115891382098, 0.113666087389, 0.149407744408, 0.1752961725, 0.179163441062, 0.142368942499, 0.124774806201, 0.139812126756, 0.177449449897, 0.181563138962, 0.156001761556, 0.150246754289, 0.113359101117, 0.0879842117429, 0.106242008507, 0.113013446331, 0.0970149189234, 0.105998314917, 0.123146116734, 0.137370765209, 0.159917801619, 0.169628411531, 0.161178186536], "dmean2": [0.308142453432, 0.317472547293, 0.213907912374, 0.150477170944, 0.145339801908, 0.168818056583, 0.201821863651, 0.209899887443, 0.200361043215, 0.179497420788, 0.15636318922, 0.154148295522, 0.175856009126, 0.199208974838, 0.198790282011, 0.251728028059, 0.30497533083, 0.314094811678, 0.24907900393, 0.221342518926, 0.248233810067, 0.301397174597, 0.304977923632, 0.264720082283, 0.268646776676, 0.2036049366, 0.156307443976, 0.179493129253, 0.192082062364, 0.169468417764, 0.188648089767, 0.2241012007, 0.250100344419, 0.281539797783, 0.298440605402, 0.287050783634], "mean": [0.294352889061, 0.309516191483, 0.148107036948, 0.072740457952, 0.0708980932832, 0.0851765722036, 0.125054016709, 0.138739004731, 0.111008822918, 0.0929157957435, 0.0828042402864, 0.0827787145972, 0.132901325822, 0.153107509017, 0.123660475016, 0.208965420723, 0.295565336943, 0.223269402981, 0.136284694076, 0.111603677273, 0.135086491704, 0.255684792995, 0.300734341145, 0.209908083081, 0.157166048884, 0.111740127206, 0.08277656883, 0.137371942401, 0.159954115748, 0.110962204635, 0.101009555161, 0.110820174217, 0.116856835783, 0.171971172094, 0.19331613183, 0.180266186595], "dvar2": [0.135002717376, 0.128243520856, 0.0861743018031, 0.0785878673196, 0.0750812366605, 0.0908473208547, 0.100620135665, 0.0984175056219, 0.108370840549, 0.0999601781368, 0.0826948732138, 0.0791713222861, 0.0723216608167, 0.0819931551814, 0.0863337367773, 0.106395624578, 0.146259263158, 0.151093110442, 0.116792492568, 0.1101000458, 0.121716439724, 0.119418390095, 0.117113344371, 0.0964938923717, 0.135682314634, 0.100841380656, 0.079464033246, 0.0705842003226, 0.0818585306406, 0.0720158070326, 0.0962169915438, 0.121867738664, 0.147013217211, 0.135456815362, 0.151506885886, 0.134795457125], "min": [0, 0, 0, 0, 0, 0, 0, 0, 0, 0, 0, 0, 0, 0, 0, 0, 0, 0, 0, 0, 0, 0, 0, 0, 0, 0, 0, 0, 0, 0, 0, 0, 0, 0, 0, 0]}, "key_key": "A", "thpcp": [1, 0.478511422873, 0.235013410449, 0.229061022401, 0.27519261837, 0.404030621052, 0.4482447505, 0.358652710915, 0.300196886063, 0.267527967691, 0.267445504665, 0.429384082556, 0.494667202234, 0.399528294802, 0.675135672092, 0.954926908016, 0.721349656582, 0.440315246582, 0.360574603081, 0.436444014311, 0.826078891754, 0.971627175808, 0.678181290627, 0.507779717445, 0.361015439034, 0.267438560724, 0.443827956915, 0.516787528992, 0.358502089977, 0.326346606016, 0.358043223619, 0.37754675746, 0.55561286211, 0.624575197697, 0.582412779331, 0.951009690762], "chords_key": "A", "tuning_equal_tempered_deviation": 0.268859118223, "tuning_frequency": 434.193115234, "tuning_diatonic_strength": 0.627556920052, "chords_histogram": [35.8597564697, 5.59422540665, 4.51147222519, 0, 0, 0.0515596792102, 0.464037120342, 0.335137933493, 0.876514554024, 0.721835553646, 0.0257798396051, 0.154679045081, 0, 0.953854084015, 0.180458888412, 3.91853570938, 1.3663315773, 1.08275330067, 1.41789126396, 0.10311935842, 9.82211875916, 4.45991230011, 24.1557102203, 3.9443154335], "key_strength": 0.77598965168, "key_scale": "major", "chords_strength": {"dvar": 0.000534742546733, "var": 0.0236371662468, "median": 0.504017293453, "max": 0.843025863171, "dmean": 0.0108954189345, "dmean2": 0.0118694985285, "mean": 0.497103512287, "dvar2": 0.00105003558565, "min": -1}, "chords_number_rate": 0.00283578247763, "tuning_nontempered_energy_ratio": 0.95018851757, "hpcp_entropy": {"dvar": 0.311175763607, "var": 0.636085629463, "median": 2.20520973206, "max": 4.64724349976, "dmean": 0.672348737717, "dmean2": 1.12799918652, "mean": 2.18848896027, "dvar2": 0.836533010006, "min": 0}, "chords_changes_rate": 0.0585202388465, "chords_scale": "major"}, "rhythm": {"bpm_histogram_first_peak_spread": {"dvar": 0, "var": 0, "median": 0.178191542625, "max": 0.178191542625, "dmean": 0, "dmean2": 0, "mean": 0.178191542625, "dvar2": 0, "min": 0.178191542625}, "bpm_histogram_first_peak_weight": {"dvar": 0, "var": 0, "median": 0.682119190693, "max": 0.682119190693, "dmean": 0, "dmean2": 0, "mean": 0.682119190693, "dvar2": 0, "min": 0.682119190693}, "bpm_histogram_first_peak_bpm": {"dvar": 0, "var": 0, "median": 152, "max": 152, "dmean": 0, "dmean2": 0, "mean": 152, "dvar2": 0, "min": 152}, "bpm": 152.018188477, "bpm_histogram_second_peak_weight": {"dvar": 0, "var": 0, "median": 0.143487855792, "max": 0.143487855792, "dmean": 0, "dmean2": 0, "mean": 0.143487855792, "dvar2": 0, "min": 0.143487855792}, "beats_loudness": {"dvar": 0.000416752503952, "var": 0.000587571819779, "median": 0.0460892468691, "max": 0.140210226178, "dmean": 0.0251664314419, "dmean2": 0.0452162101865, "mean": 0.0485409386456, "dvar2": 0.0011769576231, "min": 3.28829047325e-11}, "beats_loudness_band_ratio": {"dvar": [0.0383508317173, 0.00602819956839, 0.0103152403608, 0.0115741146728, 0.0105926217511, 0.00827249977738], "var": [0.0641316697001, 0.00722315022722, 0.0105949603021, 0.011537133716, 0.0118127083406, 0.00815339200199], "median": [0.471310138702, 0.0588668696582, 0.0607506707311, 0.108206547797, 0.106583967805, 0.0798833072186], "max": [0.998252570629, 0.575212836266, 0.828022837639, 0.746794760227, 0.674158334732, 0.970190525055], "dmean": [0.316822707653, 0.0814485326409, 0.0829171016812, 0.114503420889, 0.113306634128, 0.0981948599219], "dmean2": [0.577653706074, 0.149388730526, 0.14331869781, 0.212790712714, 0.206513211131, 0.187539681792], "mean": [0.495829939842, 0.0838060081005, 0.0945860594511, 0.124902039766, 0.132925286889, 0.0963105857372], "dvar2": [0.130747258663, 0.0174652189016, 0.0283398404717, 0.0342381484807, 0.0292678382248, 0.0239120293409], "min": [0, 0, 0, 0, 0, 0]}, "bpm_histogram_second_peak_bpm": {"dvar": 0, "var": 0, "median": 157, "max": 157, "dmean": 0, "dmean2": 0, "mean": 157, "dvar2": 0, "min": 157}, "onset_rate": 3.44842243195, "beats_count": 454, "beats_position": [0.383129239082, 0.801088392735, 1.23065757751, 1.67183673382, 2.11301589012, 2.51936507225, 2.92571425438, 3.32045340538, 3.7151927948, 4.12154197693, 4.52789115906, 4.92263031006, 5.31736946106, 5.71210861206, 6.10684776306, 6.5015873909, 6.8963265419, 7.2910656929, 7.6858048439, 8.06893444061, 8.45206356049, 8.84680271149, 9.25315189362, 9.64789104462, 10.0542402267, 10.4373693466, 10.8204984665, 11.2152376175, 11.6099767685, 12.0047159195, 12.3994560242, 12.7941951752, 13.1889343262, 13.5952835083, 14.0016326904, 14.3847618103, 14.7678909302, 15.1626300812, 15.5573692322, 15.9637184143, 16.3700675964, 16.7531967163, 17.1363258362, 17.5426750183, 17.9490242004, 18.3321533203, 18.7152824402, 19.1100215912, 19.5047607422, 19.9111099243, 20.3174591064, 20.7121982574, 21.1069393158, 21.5016784668, 21.8964176178, 22.2911567688, 22.6858959198, 23.0690250397, 23.4521541595, 23.8468933105, 24.2416324615, 24.6363716125, 25.0195007324, 25.4142398834, 25.7973690033, 26.2037181854, 26.6100673676, 27.0048065186, 27.3995456696, 27.7942848206, 28.1890239716, 28.5837631226, 28.9901123047, 29.3732414246, 29.7679805756, 30.1627197266, 30.5574588776, 30.9521980286, 31.3469390869, 31.7416782379, 32.1364173889, 32.5311546326, 32.9375038147, 33.3206329346, 33.7153739929, 34.121723175, 34.5280723572, 34.9228096008, 35.3059387207, 35.7006797791, 36.1070289612, 36.4901580811, 36.8848991394, 37.2796363831, 37.6859855652, 38.0807266235, 38.4638557434, 38.8702049255, 39.2649421692, 39.6480712891, 40.0428123474, 40.4375495911, 40.8438987732, 41.2270278931, 41.6101570129, 42.0048980713, 42.3996353149, 42.8059844971, 43.2007255554, 43.5838546753, 43.9785919189, 44.3849411011, 44.7796821594, 45.1744194031, 45.5575485229, 45.9522895813, 46.3354187012, 46.7301597595, 47.1248970032, 47.5312461853, 47.9259872437, 48.3207244873, 48.7154655457, 49.1102027893, 49.5049438477, 49.8996810913, 50.2944221497, 50.6891593933, 51.0839004517, 51.4786376953, 51.8733787537, 52.2681159973, 52.6628570557, 53.0575942993, 53.4523353577, 53.8470726013, 54.2418136597, 54.6365509033, 55.0312919617, 55.4260292053, 55.8207702637, 56.2155075073, 56.6102485657, 57.0049858093, 57.3997268677, 57.794467926, 58.1892051697, 58.583946228, 58.9786834717, 59.37342453, 59.7681617737, 60.1745109558, 60.5808601379, 60.9756011963, 61.3703384399, 61.7650794983, 62.1598167419, 62.5429458618, 62.9376869202, 63.32081604, 63.7155532837, 64.1102905273, 64.5050354004, 64.899772644, 65.2945098877, 65.6892471313, 66.0839920044, 66.478729248, 66.8734664917, 67.2682037354, 67.6629486084, 68.0576858521, 68.4524230957, 68.8471679688, 69.2419052124, 69.6366424561, 70.0313796997, 70.4261245728, 70.8208618164, 71.2155990601, 71.6103363037, 72.0050811768, 72.4114303589, 72.8061676025, 73.1892929077, 73.5840377808, 73.9787750244, 74.3735122681, 74.7682495117, 75.1745986938, 75.580947876, 75.975692749, 76.3704299927, 76.7651672363, 77.15990448, 77.5430374146, 77.9261627197, 78.3325119019, 78.738861084, 79.133605957, 79.5283432007, 79.9230804443, 80.3178253174, 80.712562561, 81.1072998047, 81.4904327393, 81.8735580444, 82.2682952881, 82.6630401611, 83.0577774048, 83.4525146484, 83.8472518921, 84.2536010742, 84.6599502563, 85.0546951294, 85.449432373, 85.8441696167, 86.2273025513, 86.6104278564, 87.0051651001, 87.3999099731, 87.7946472168, 88.1893844604, 88.5841217041, 88.9788665771, 89.3736038208, 89.7683410645, 90.1630859375, 90.5578231812, 90.9525604248, 91.3589096069, 91.7652587891, 92.1599960327, 92.5547409058, 92.9494781494, 93.3442153931, 93.7389526367, 94.1336975098, 94.5284347534, 94.9115600586, 95.3063049316, 95.6894302368, 96.0841674805, 96.4905166626, 96.8968658447, 97.2916107178, 97.6863479614, 98.0810852051, 98.4758224487, 98.8705673218, 99.2653045654, 99.6600418091, 100.043174744, 100.426300049, 100.809432983, 101.215782166, 101.610519409, 102.005256653, 102.400001526, 102.79473877, 103.189476013, 103.584213257, 103.97895813, 104.373695374, 104.768432617, 105.163169861, 105.557914734, 105.952651978, 106.347389221, 106.742126465, 107.136871338, 107.531608582, 107.926345825, 108.321083069, 108.715827942, 109.110565186, 109.505302429, 109.911651611, 110.294784546, 110.68952179, 111.084259033, 111.479003906, 111.87374115, 112.268478394, 112.674827576, 113.05796051, 113.464309692, 113.870658875, 114.265396118, 114.660133362, 115.043266296, 115.426391602, 115.821128845, 116.227478027, 116.633827209, 117.028572083, 117.423309326, 117.81804657, 118.212783813, 118.607528687, 118.990653992, 119.385391235, 119.780136108, 120.174873352, 120.581222534, 120.964347839, 121.370697021, 121.753829956, 122.136962891, 122.531700134, 122.926437378, 123.321174622, 123.715919495, 124.110656738, 124.505393982, 124.900131226, 125.294876099, 125.689613342, 126.072738647, 126.467483521, 126.873832703, 127.280181885, 127.686531067, 128.081268311, 128.476013184, 128.870742798, 129.265487671, 129.660217285, 130.054962158, 130.449707031, 130.844436646, 131.239181519, 131.633926392, 132.017044067, 132.41178894, 132.818145752, 133.212875366, 133.607620239, 133.990753174, 134.37387085, 134.768615723, 135.163360596, 135.55809021, 135.952835083, 136.347564697, 136.753921509, 137.160263062, 137.555007935, 137.949752808, 138.344482422, 138.739227295, 139.145568848, 139.563537598, 139.958267212, 140.353012085, 140.73614502, 141.130874634, 141.514007568, 141.897140503, 142.291885376, 142.68661499, 143.081359863, 143.476104736, 143.859222412, 144.242355347, 144.63710022, 145.031829834, 145.426574707, 145.82131958, 146.216049194, 146.622406006, 147.01713562, 147.400268555, 147.795013428, 148.178131104, 148.561264038, 148.979232788, 149.373962402, 149.768707275, 150.175048828, 150.58140564, 150.987747192, 151.382492065, 151.765625, 152.160354614, 152.555099487, 152.94984436, 153.344573975, 153.739318848, 154.134063721, 154.528793335, 154.923538208, 155.318267822, 155.713012695, 156.107757568, 156.490875244, 156.885620117, 157.28036499, 157.675094604, 158.069839478, 158.464584351, 158.859313965, 159.254058838, 159.648788452, 160.031921387, 160.42666626, 160.821395874, 161.216140747, 161.61088562, 162.005615234, 162.400360107, 162.79510498, 163.189834595, 163.584579468, 163.979324341, 164.374053955, 164.780410767, 165.175140381, 165.569885254, 165.953018188, 166.347747803, 166.742492676, 167.137237549, 167.531967163, 167.926712036, 168.32144165, 168.716186523, 169.110931396, 169.505661011, 169.900405884, 170.295150757, 170.689880371, 171.084625244, 171.479354858, 171.874099731, 172.268844604, 172.663574219, 173.046707153, 173.429840088, 173.836181641, 174.230926514, 174.637283325, 175.032012939, 175.426757812, 175.833099365, 176.239456177, 176.657409668, 177.063766479, 177.470108032, 177.888076782, 178.306030273, 178.723983765, 179.141952515, 179.559906006], "danceability": 1.20521521568, "bpm_histogram_second_peak_spread": {"dvar": 0, "var": 0, "median": 0, "max": 0, "dmean": 0, "dmean2": 0, "mean": 0, "dvar2": 0, "min": 0}}, "lowlevel": {"spectral_flux": {"dvar": 0.00115252519026, "var": 0.00284980377182, "median": 0.0948491990566, "max": 0.498579740524, "dmean": 0.0292544439435, "dmean2": 0.0431743860245, "mean": 0.104279361665, "dvar2": 0.00224381429143, "min": 1.02384822842e-10}, "spectral_rolloff": {"dvar": 1170210.5, "var": 4584708.5, "median": 2067.1875, "max": 19186.0839844, "dmean": 647.62286377, "dmean2": 1039.60644531, "mean": 2356.41796875, "dvar2": 2489267.5, "min": 21.533203125}, "barkbands_flatness_db": {"dvar": 0.000557258550543, "var": 0.00260513694957, "median": 0.0808316022158, "max": 0.547107100487, "dmean": 0.0202645212412, "dmean2": 0.0299998708069, "mean": 0.094045996666, "dvar2": 0.00112034450285, "min": 0.0170228723437}, "spectral_centroid": {"dvar": 86485.40625, "var": 400455.1875, "median": 1880.8190918, "max": 11653.78125, "dmean": 251.572921753, "dmean2": 382.791748047, "mean": 1881.7767334, "dvar2": 163953, "min": 157.583709717}, "melbands_skewness": {"dvar": 1.05673396587, "var": 3.40000271797, "median": 1.84125375748, "max": 21.0577087402, "dmean": 0.745857536793, "dmean2": 1.09345364571, "mean": 2.27939152718, "dvar2": 1.98387658596, "min": -1.50714325905}, "melbands": {"dvar": [1.13577470984e-05, 1.42537464853e-05, 2.21556001634e-06, 5.40863425158e-07, 1.13856550854e-07, 9.31645089963e-08, 1.06297420643e-07, 7.49960165081e-08, 1.08205561844e-07, 1.13358183285e-07, 5.08312929526e-08, 2.37150121762e-08, 3.00872251557e-08, 1.53595713925e-08, 1.32770336947e-08, 2.16982396495e-08, 1.07850102182e-08, 1.50015821987e-08, 5.41169908885e-09, 3.73885500338e-09, 2.89057378033e-09, 2.39953612535e-09, 1.10465570025e-09, 5.50701095836e-10, 2.86341145239e-10, 2.66575622687e-10, 1.08891326511e-10, 4.5210946098e-11, 3.87176436745e-11, 3.08723498155e-11, 2.52498594949e-11, 2.66451097297e-11, 3.21323974373e-11, 3.92750137967e-11, 8.40912339761e-11, 1.57798926703e-10, 1.70648453701e-10, 9.59769139164e-11, 3.0888437641e-11, 8.47759015765e-12], "var": [1.69402173924e-05, 1.74779142981e-05, 2.24788868763e-06, 5.04870968143e-07, 2.21749175466e-07, 1.70268776856e-07, 1.45203046031e-07, 1.22697414895e-07, 1.99194289507e-07, 2.27624042282e-07, 9.4317961441e-08, 5.46886198549e-08, 5.28683337109e-08, 2.59003787306e-08, 2.0871286921e-08, 3.29154055123e-08, 2.06057251262e-08, 2.78082534777e-08, 1.24902612697e-08, 9.05114827532e-09, 7.92734677901e-09, 6.39698027882e-09, 2.51548315511e-09, 1.19747989302e-09, 6.81852796447e-10, 6.27420670973e-10, 2.13552953099e-10, 1.09409731275e-10, 9.84826248329e-11, 7.40320305059e-11, 6.95122570615e-11, 6.41338093743e-11, 6.2760782682e-11, 7.89228890574e-11, 1.49287526785e-10, 2.14397194442e-10, 1.86521770251e-10, 1.03364580784e-10, 3.61039323438e-11, 1.17975013439e-11], "median": [0.000714024587069, 0.00105347135104, 0.00117601570673, 0.000329040747602, 0.000164533470524, 0.000109239932499, 0.000115877948701, 7.5204327004e-05, 8.78132123034e-05, 6.99524243828e-05, 6.72619789839e-05, 9.47198859649e-05, 4.36286209151e-05, 4.83669937239e-05, 5.94230805291e-05, 7.87005919847e-05, 6.60441437503e-05, 6.81778910803e-05, 4.75455381093e-05, 3.47490858985e-05, 3.58094948751e-05, 3.5738627048e-05, 3.07576301566e-05, 2.40152021433e-05, 1.95925931621e-05, 2.10173093365e-05, 1.21313942145e-05, 8.57529448695e-06, 7.46864998291e-06, 6.67617496219e-06, 6.30066460872e-06, 5.04102263221e-06, 4.49884873888e-06, 3.81612881029e-06, 3.40014639733e-06, 3.1507370295e-06, 2.52015706792e-06, 1.82426435913e-06, 1.23898826132e-06, 8.09302491689e-07], "max": [0.0365866310894, 0.0440200716257, 0.0111924326047, 0.0089793978259, 0.00729636661708, 0.00616541225463, 0.0051878457889, 0.00763785978779, 0.00572095997632, 0.00596512435004, 0.00638637831435, 0.00274028559215, 0.00463409069926, 0.00341333309188, 0.0023058548104, 0.00267035979778, 0.00357461255044, 0.00312340073287, 0.00215711304918, 0.00155755016021, 0.000976799638011, 0.0013131564483, 0.00135982234497, 0.000379518634873, 0.000268094387138, 0.000311484356644, 0.000234951745369, 8.27397088869e-05, 7.30242391001e-05, 9.29130983423e-05, 0.000110065600893, 0.000186073884834, 0.000175586756086, 0.000193895553821, 0.000448818784207, 0.000339218153385, 0.0004296854313, 0.000302904489217, 0.00015036779223, 9.11516035558e-05], "dmean": [0.00157437648159, 0.00161917496007, 0.000883280532435, 0.000353511364665, 0.000194684704184, 0.000162998228916, 0.000162978249136, 0.000108718304546, 0.000157362170285, 0.000139441646752, 8.79265062395e-05, 9.28904555622e-05, 6.58693898004e-05, 5.95537640038e-05, 6.26765468041e-05, 7.73028659751e-05, 6.02972468187e-05, 6.68328284519e-05, 4.1036393668e-05, 3.42746861861e-05, 3.47889654222e-05, 3.1095722079e-05, 2.18895529542e-05, 1.67990983755e-05, 1.25442884382e-05, 1.22959881992e-05, 7.07837625669e-06, 5.17977014169e-06, 4.55043391412e-06, 3.85454677598e-06, 3.62034847967e-06, 3.3073645227e-06, 3.24593816003e-06, 3.17317449117e-06, 3.23683639181e-06, 3.58290617442e-06, 3.1990161915e-06, 2.53320354204e-06, 1.66978986726e-06, 1.02041053651e-06], "dmean2": [0.00236918847077, 0.00238777068444, 0.00152830441948, 0.000607122085057, 0.000319971790304, 0.000260750617599, 0.000274335063295, 0.000174429660547, 0.000247518066317, 0.0002203292388, 0.000141868033097, 0.000147695056512, 0.000105010411062, 9.67548621702e-05, 0.000102716549009, 0.000125237173052, 9.61131445365e-05, 0.000104461032606, 6.41071383143e-05, 5.42745401617e-05, 5.47014205949e-05, 4.95899039379e-05, 3.56465207005e-05, 2.77073613688e-05, 2.05679134524e-05, 2.07652519748e-05, 1.18019206639e-05, 8.42733606987e-06, 7.42616884963e-06, 6.1407049543e-06, 5.62342756893e-06, 4.97308974445e-06, 5.14187831868e-06, 4.80056542074e-06, 4.93106654176e-06, 5.61825527257e-06, 4.96303437103e-06, 3.9374381231e-06, 2.57057786257e-06, 1.54238102823e-06], "mean": [0.0021977792494, 0.00245267804712, 0.00146810791921, 0.00051791529404, 0.000316964957165, 0.000264742644504, 0.000236950712861, 0.000178672737093, 0.000256713858107, 0.000227758573601, 0.000152041277033, 0.000171037638211, 0.000103505401057, 9.48209199123e-05, 0.000102387224615, 0.000129858730361, 0.000103892278275, 0.000116870760394, 7.97660686658e-05, 6.50687579764e-05, 6.83815596858e-05, 6.03782682447e-05, 4.31057742389e-05, 3.39568941854e-05, 2.67261639237e-05, 2.65720118477e-05, 1.5279127183e-05, 1.12951192932e-05, 1.02013236756e-05, 8.94274580787e-06, 8.47867613629e-06, 7.28136319594e-06, 6.65233437758e-06, 6.20494211034e-06, 6.05674222243e-06, 6.25623488304e-06, 5.19929744769e-06, 3.9521078179e-06, 2.65874450633e-06, 1.71569206486e-06], "dvar2": [2.31443118537e-05, 3.12827178277e-05, 6.12242683928e-06, 1.47228900005e-06, 2.8515725603e-07, 2.26050431706e-07, 2.85289956992e-07, 1.88020749192e-07, 2.55534047255e-07, 2.83517408661e-07, 1.39649074526e-07, 6.10659469658e-08, 6.74207214502e-08, 3.80244209452e-08, 3.53760327698e-08, 5.36270086116e-08, 2.42387816485e-08, 3.38268897337e-08, 1.21984600199e-08, 8.73280825431e-09, 6.68646515933e-09, 5.39015099221e-09, 2.43463338379e-09, 1.45351142233e-09, 7.44217243387e-10, 7.3298817016e-10, 2.84227918979e-10, 1.12494305538e-10, 9.39667094135e-11, 6.98027191604e-11, 5.56917602312e-11, 5.43463191116e-11, 7.54137308157e-11, 8.66192395588e-11, 1.82038162322e-10, 3.53484103099e-10, 4.22344742512e-10, 2.36383107532e-10, 7.56315912676e-11, 1.99451982708e-11], "min": [1.61212216097e-24, 7.52086891947e-24, 5.31295886957e-24, 7.081576243e-25, 2.022012611e-24, 1.2997875753e-23, 1.39878654235e-23, 4.90750921341e-24, 3.44922252174e-24, 6.04152161378e-24, 6.18936519147e-24, 3.2151615747e-24, 5.00089180635e-24, 7.68578896917e-24, 1.00815910928e-23, 5.42323058007e-24, 5.57829105175e-24, 1.07672516366e-23, 1.2736061496e-23, 6.98476614803e-24, 5.60000287045e-24, 4.4176037143e-24, 4.54681794728e-24, 6.78546517349e-24, 6.730699294e-24, 6.31250322333e-24, 1.08631747561e-23, 6.02860401646e-24, 6.16465451805e-24, 1.04828081157e-23, 9.69715077466e-24, 9.37727004417e-24, 8.58039904532e-24, 6.95673792006e-24, 8.90154826414e-24, 7.6112826344e-24, 8.49216258649e-24, 7.23500466008e-24, 7.52558236338e-24, 7.94480671424e-24]}, "spectral_decrease": {"dvar": 1.75566967432e-17, "var": 3.36141286262e-17, "median": -7.61707674712e-09, "max": 2.41895437466e-17, "dmean": 2.83654766342e-09, "dmean2": 4.20954160418e-09, "mean": -8.649091221e-09, "dvar2": 3.80667558367e-17, "min": -7.74743611487e-08}, "barkbands_kurtosis": {"dvar": 208.397872925, "var": 329.143188477, "median": -0.22728729248, "max": 798.576843262, "dmean": 2.58408999443, "dmean2": 3.93507003784, "mean": 2.2326695919, "dvar2": 446.530975342, "min": -1.96503472328}, "silence_rate_30dB": {"dvar": 0.00742393638939, "var": 0.00513078924268, "median": 1, "max": 1, "dmean": 0.00747904600576, "dmean2": 0.0149600207806, "mean": 0.994842708111, "dvar2": 0.0193803422153, "min": 0}, "gfcc": {"mean": [38.3527870178, 65.4589538574, -122.861785889, 40.1968193054, -50.7988624573, 25.4735622406, -38.6206855774, 10.8347625732, -20.9230499268, 1.24716722965, -16.8279838562, -1.59491574764, -14.3383760452], "cov": [[16799.859375, 860.217590332, -1011.6953125, 230.22644043, -719.251586914, 295.030792236, -461.966369629, 67.4931030273, -363.412445068, 56.838092804, -265.244018555, -47.4979515076, -250.62612915], [860.217590332, 1112.8704834, -216.55241394, 81.1903686523, 85.1500549316, -13.6423072815, 27.1706237793, 58.4657287598, 59.1377868652, -46.22631073, 87.4865341187, -56.4536209106, 33.0871696472], [-1011.6953125, -216.55241394, 626.575073242, 83.387046814, 31.5259895325, 88.0787506104, 68.6757736206, -13.5026197433, -2.13391256332, 34.203994751, 9.59956264496, 24.786895752, -7.57586479187], [230.22644043, 81.1903686523, 83.387046814, 391.120666504, 104.165626526, 74.0359573364, 15.5025539398, 18.2271213531, 2.18538570404, 7.1824760437, 13.2052307129, -22.0520133972, 12.0676012039], [-719.251586914, 85.1500549316, 31.5259895325, 104.165626526, 327.116790771, -3.52483606339, 98.5843505859, 11.2914791107, 38.9626312256, -1.7524074316, -12.3662137985, -6.7211971283, 5.78218603134], [295.030792236, -13.6423072815, 88.0787506104, 74.0359573364, -3.52483606339, 182.479934692, 59.928150177, 30.8081226349, -4.93717861176, 13.3396968842, 16.9199352264, -8.29754161835, 5.32968521118], [-461.966369629, 27.1706237793, 68.6757736206, 15.5025539398, 98.5843505859, 59.928150177, 193.829940796, 37.3971557617, 13.5322847366, 12.2606830597, -5.83864736557, -4.97820091248, 0.831709802151], [67.4931030273, 58.4657287598, -13.5026197433, 18.2271213531, 11.2914791107, 30.8081226349, 37.3971557617, 116.406059265, 59.0151596069, 17.804189682, 14.8499584198, -1.35093283653, 13.6622562408], [-363.412445068, 59.1377868652, -2.13391256332, 2.18538570404, 38.9626312256, -4.93717861176, 13.5322847366, 59.0151596069, 141.76411438, 22.5229816437, 29.6334323883, -5.33106279373, 17.5493869781], [56.838092804, -46.22631073, 34.203994751, 7.1824760437, -1.7524074316, 13.3396968842, 12.2606830597, 17.804189682, 22.5229816437, 77.6439590454, 25.4193019867, 10.1463088989, -3.52129817009], [-265.244018555, 87.4865341187, 9.59956264496, 13.2052307129, -12.3662137985, 16.9199352264, -5.83864736557, 14.8499584198, 29.6334323883, 25.4193019867, 102.542228699, 27.0256843567, 28.298822403], [-47.4979515076, -56.4536209106, 24.786895752, -22.0520133972, -6.7211971283, -8.29754161835, -4.97820091248, -1.35093283653, -5.33106279373, 10.1463088989, 27.0256843567, 71.2001724243, 25.3445491791], [-250.62612915, 33.0871696472, -7.57586479187, 12.0676012039, 5.78218603134, 5.32968521118, 0.831709802151, 13.6622562408, 17.5493869781, -3.52129817009, 28.298822403, 25.3445491791, 67.5349884033]], "icov": [[0.000140270640259, -0.000217568609514, 0.000224108545808, -0.00014577282127, 0.000261738459812, -0.000450052146334, 0.000350827380316, -0.000152349908603, 0.000223733426537, -0.000461880001239, 0.00075254245894, -0.000606314046308, 0.000547922274563], [-0.000217568609514, 0.00163217075169, 2.09258487303e-05, 4.4125768909e-05, -0.000653899332974, 0.00100565620232, -0.000805019692052, -0.000238404914853, -0.000305563997244, 0.00179354171269, -0.00289960787632, 0.00235426821746, -0.00107341015246], [0.000224108545808, 2.09258487303e-05, 0.00237225671299, -0.000661510217469, 0.000438141694758, -0.00141065125354, -8.70272706379e-05, 0.000453665415989, -1.43701090565e-05, -0.000999230076559, 0.000959590252023, -0.00169769488275, 0.00137550407089], [-0.00014577282127, 4.4125768909e-05, -0.000661510217469, 0.00355804641731, -0.00166480115149, -0.000863983470481, 0.000768343103118, -0.000370702124201, 0.000521239184309, 3.96338546125e-05, -0.00106484454591, 0.00200797547586, -0.00143705925439], [0.000261738459812, -0.000653899332974, 0.000438141694758, -0.00166480115149, 0.00502563500777, 0.00026870588772, -0.00195791316219, 0.000777611508965, -0.00114869582467, -0.000594001205172, 0.00245147082023, -0.00192162417807, 0.00101507478394], [-0.000450052146334, 0.00100565620232, -0.00141065125354, -0.000863983470481, 0.00026870588772, 0.00924025289714, -0.00354448985308, -0.00128900154959, 0.000618102320004, 0.00148681527935, -0.00418386608362, 0.00381947727874, -0.00237786048092], [0.000350827380316, -0.000805019692052, -8.70272706379e-05, 0.000768343103118, -0.00195791316219, -0.00354448985308, 0.0087378481403, -0.00250976299867, 0.00139316427521, -0.0021198336035, 0.00283674732782, -0.00127276079729, 0.0012131765252], [-0.000152349908603, -0.000238404914853, 0.000453665415989, -0.000370702124201, 0.000777611508965, -0.00128900154959, -0.00250976299867, 0.0130481654778, -0.00547369662672, -0.00114610220771, 0.000509841600433, -0.000442144897534, -0.00159011420328], [0.000223733426537, -0.000305563997244, -1.43701090565e-05, 0.000521239184309, -0.00114869582467, 0.000618102320004, 0.00139316427521, -0.00547369662672, 0.0111803030595, -0.00261137331836, -0.00141804490704, 0.00222569308244, -0.0012575162109], [-0.000461880001239, 0.00179354171269, -0.000999230076559, 3.96338546125e-05, -0.000594001205172, 0.00148681527935, -0.0021198336035, -0.00114610220771, -0.00261137331836, 0.0182196125388, -0.00740000605583, 0.000752524530981, 0.00192648021039], [0.00075254245894, -0.00289960787632, 0.000959590252023, -0.00106484454591, 0.00245147082023, -0.00418386608362, 0.00283674732782, 0.000509841600433, -0.00141804490704, -0.00740000605583, 0.0200577210635, -0.0089745093137, -0.000560619402677], [-0.000606314046308, 0.00235426821746, -0.00169769488275, 0.00200797547586, -0.00192162417807, 0.00381947727874, -0.00127276079729, -0.000442144897534, 0.00222569308244, 0.000752524530981, -0.0089745093137, 0.0238037183881, -0.00969615206122], [0.000547922274563, -0.00107341015246, 0.00137550407089, -0.00143705925439, 0.00101507478394, -0.00237786048092, 0.0012131765252, -0.00159011420328, -0.0012575162109, 0.00192648021039, -0.000560619402677, -0.00969615206122, 0.0224858783185]]}, "silence_rate_20dB": {"dvar": 0, "var": 0, "median": 1, "max": 1, "dmean": 0, "dmean2": 0, "mean": 1, "dvar2": 0, "min": 1}, "barkbands_skewness": {"dvar": 0.58298355341, "var": 1.82746899128, "median": 0.758158147335, "max": 26.3654193878, "dmean": 0.52766597271, "dmean2": 0.768056750298, "mean": 0.982311010361, "dvar2": 1.16627991199, "min": -4.68277168274}, "erbbands_skewness": {"dvar": 0.0974812433124, "var": 0.515814602375, "median": -0.21839210391, "max": 4.72331809998, "dmean": 0.301830768585, "dmean2": 0.460123538971, "mean": -0.191080182791, "dvar2": 0.208768844604, "min": -5.06191205978}, "spectral_contrast_valleys": {"dvar": [0.128964647651, 0.164115414023, 0.115693941712, 0.112321890891, 0.107010453939, 0.124211087823], "var": [2.49478459358, 1.94639062881, 1.84179830551, 1.79493963718, 1.71162748337, 1.69991075993], "median": [-6.88531208038, -6.59566497803, -6.86537647247, -6.86345911026, -6.77678108215, -9.17275428772], "max": [-5.49674701691, -4.8168258667, -5.28290081024, -5.56204509735, -5.64982175827, -7.23869514465], "dmean": [0.366817682981, 0.385089784861, 0.325896501541, 0.29471963644, 0.240962162614, 0.267588615417], "dmean2": [0.596608400345, 0.624992847443, 0.519677519798, 0.457173347473, 0.364402830601, 0.361960530281], "mean": [-7.21824407578, -6.80562925339, -7.07540655136, -7.08921098709, -7.05094623566, -9.39602375031], "dvar2": [0.275573462248, 0.369635403156, 0.22286619246, 0.19480471313, 0.183931604028, 0.196144804358], "min": [-27.6858844757, -28.0369606018, -27.2453708649, -27.280046463, -27.3186855316, -27.3467388153]}, "spectral_strongpeak": {"dvar": 1.28260946274, "var": 1.67940473557, "median": 0.476598858833, "max": 13.6517648697, "dmean": 0.610759139061, "dmean2": 1.0646263361, "mean": 0.899696707726, "dvar2": 3.34258294106, "min": 0}, "erbbands_crest": {"dvar": 4.87368965149, "var": 13.4344186783, "median": 6.6937122345, "max": 29.4277839661, "dmean": 2.26044464111, "dmean2": 3.66291284561, "mean": 7.64748954773, "dvar2": 12.5614233017, "min": 2.31231069565}, "barkbands_crest": {"dvar": 7.40249252319, "var": 22.0876083374, "median": 7.39817810059, "max": 26.2950706482, "dmean": 2.73149752617, "dmean2": 4.11911058426, "mean": 8.7812166214, "dvar2": 15.6432743073, "min": 2.2225549221}, "spectral_energyband_middle_low": {"dvar": 3.21814186464e-05, "var": 6.03057233093e-05, "median": 0.00916136056185, "max": 0.0575350262225, "dmean": 0.00421615177765, "dmean2": 0.00681337341666, "mean": 0.0105795562267, "dvar2": 8.17010368337e-05, "min": 2.32810220692e-22}, "spectral_contrast_coeffs": {"dvar": [0.00193271005992, 0.00154950178694, 0.000964119506534, 0.000619307451416, 0.00038380708429, 0.000235344501561], "var": [0.0062446272932, 0.00563030922785, 0.00393694033846, 0.00299284490757, 0.00199954328127, 0.00129671883769], "median": [-0.641219735146, -0.747484028339, -0.774053931236, -0.777024507523, -0.777139425278, -0.752029538155], "max": [-0.332055270672, -0.369104295969, -0.432586252689, -0.496967852116, -0.539842903614, -0.62552177906], "dmean": [0.0506992675364, 0.0473050326109, 0.0379333458841, 0.0306839682162, 0.022570554167, 0.0170897319913], "dmean2": [0.0822922810912, 0.0778020694852, 0.0616009347141, 0.0490484125912, 0.0361579023302, 0.0270480401814], "mean": [-0.641882956028, -0.740544319153, -0.770002961159, -0.771769583225, -0.773984193802, -0.758285045624], "dvar2": [0.00500605208799, 0.00405959319323, 0.00238323444501, 0.00149182626046, 0.000887697096914, 0.000542197783943], "min": [-0.96747636795, -0.974688529968, -0.967045783997, -0.965944647789, -0.961844921112, -0.960174977779]}, "hfc": {"dvar": 188.825256348, "var": 465.606689453, "median": 34.1900863647, "max": 263.080993652, "dmean": 8.81294727325, "dmean2": 12.8233280182, "mean": 35.896686554, "dvar2": 422.035369873, "min": 1.16668822612e-16}, "spectral_energyband_high": {"dvar": 2.28390717893e-06, "var": 4.59425200461e-06, "median": 0.00135983293876, "max": 0.0311195626855, "dmean": 0.00070743606193, "dmean2": 0.000986277242191, "mean": 0.00190525420476, "dvar2": 4.86122371512e-06, "min": 7.74588646921e-21}, "erbbands_spread": {"dvar": 73.3447570801, "var": 299.407989502, "median": 34.0693740845, "max": 155.485870361, "dmean": 7.76101446152, "dmean2": 11.6018285751, "mean": 37.7282867432, "dvar2": 149.520187378, "min": 5.50899744034}, "dissonance": {"dvar": 0.000156889000209, "var": 0.000332754512783, "median": 0.484335184097, "max": 0.500000059605, "dmean": 0.0115997930989, "dmean2": 0.0195336043835, "mean": 0.47911798954, "dvar2": 0.000422381330281, "min": 0.323466092348}, "spectral_kurtosis": {"dvar": 3.01044917107, "var": 7.15942716599, "median": 3.01345062256, "max": 63.8125915527, "dmean": 1.00161755085, "dmean2": 1.61007034779, "mean": 3.37936353683, "dvar2": 8.16722774506, "min": -1.33165860176}, "spectral_skewness": {"dvar": 0.035695116967, "var": 0.130113363266, "median": 1.32348394394, "max": 6.17693567276, "dmean": 0.1540132761, "dmean2": 0.24002173543, "mean": 1.34898614883, "dvar2": 0.0807981789112, "min": -0.323938697577}, "pitch_salience": {"dvar": 0.00571928592399, "var": 0.0172799546272, "median": 0.583442866802, "max": 0.882062077522, "dmean": 0.0753448680043, "dmean2": 0.11739244312, "mean": 0.560546934605, "dvar2": 0.0125565715134, "min": 0.0316615514457}, "spectral_complexity": {"dvar": 19.0997657776, "var": 143.575820923, "median": 31, "max": 63, "dmean": 4.3156671524, "dmean2": 6.58395671844, "mean": 29.998840332, "dvar2": 36.8249359131, "min": 0}, "spectral_spread": {"dvar": 637845504000, "var": 2596561747970.0, "median": 4757978, "max": 40095916, "dmean": 521830.6875, "dmean2": 743814.4375, "mean": 4999695, "dvar2": 999768588288, "min": 895377.5}, "dynamic_complexity": 1.89867818356, "melbands_crest": {"dvar": 12.2519826889, "var": 36.0720977783, "median": 13.0542850494, "max": 38.6266975403, "dmean": 3.53681468964, "dmean2": 5.74640083313, "mean": 14.0380630493, "dvar2": 30.9204273224, "min": 1.92591130733}, "zerocrossingrate": {"dvar": 0.000246067153057, "var": 0.00332498922944, "median": 0.0791015625, "max": 0.6787109375, "dmean": 0.0136476969346, "dmean2": 0.0151878520846, "mean": 0.0858263224363, "dvar2": 0.000285707152216, "min": 0.0009765625}, "spectral_energyband_low": {"dvar": 0.000211028498597, "var": 0.000379381119274, "median": 0.00870439037681, "max": 0.159123510122, "dmean": 0.00773197598755, "dmean2": 0.0112945986912, "mean": 0.014652797021, "dvar2": 0.000384986866266, "min": 3.32649422423e-23}, "melbands_kurtosis": {"dvar": 618.913024902, "var": 1078.5501709, "median": 3.46750330925, "max": 918.617614746, "dmean": 6.96245098114, "dmean2": 10.4856882095, "mean": 10.3911457062, "dvar2": 1313.96643066, "min": -1.8836966753}, "spectral_energyband_middle_high": {"dvar": 1.12383231681e-05, "var": 4.5216500439e-05, "median": 0.00908838119358, "max": 0.0426947511733, "dmean": 0.00276733678766, "dmean2": 0.00424507819116, "mean": 0.00998446624726, "dvar2": 2.69895626843e-05, "min": 1.40291114261e-21}, "barkbands_spread": {"dvar": 62.5965766907, "var": 203.814697266, "median": 33.159942627, "max": 144.267532349, "dmean": 6.74571418762, "dmean2": 10.1074256897, "mean": 33.662437439, "dvar2": 128.812927246, "min": 0.227746605873}, "mfcc": {"mean": [-593.534240723, 92.4854049683, -6.25080633163, 18.170999527, 12.2109060287, 11.9743118286, 0.74952185154, 8.32556724548, -0.136049345136, 5.32195329666, 1.64959609509, 0.561902940273, -4.65882205963], "cov": [[7371.81103516, 157.488555908, -197.528320312, 52.7994651794, -101.279853821, 109.961791992, 29.8272914886, -17.4747581482, -50.1711044312, 0.356755554676, -51.3257675171, -59.9818878174, -65.6583023071], [157.488555908, 838.508056641, -130.164505005, 44.6296157837, 49.4769668579, -27.3034324646, 26.3424530029, 60.133228302, 11.1281747818, 16.8739337921, 48.5845146179, 30.4319915771, 4.41452741623], [-197.528320312, -130.164505005, 556.114196777, -9.91688632965, 2.02180719376, 58.0152587891, 41.4777603149, 0.501881539822, -16.6883411407, 7.62130689621, 3.82978510857, 22.1569213867, 15.1705217361], [52.7994651794, 44.6296157837, -9.91688632965, 307.065460205, 120.226806641, 67.3734588623, 46.1029129028, 22.1472454071, 35.1623535156, 22.6907119751, 0.350627839565, -3.1989030838, 20.2674446106], [-101.279853821, 49.4769668579, 2.02180719376, 120.226806641, 198.194015503, 41.6159591675, 0.918832540512, 23.5497493744, 20.5451984406, 26.6415328979, 5.73453521729, 8.12732315063, 14.1336574554], [109.961791992, -27.3034324646, 58.0152587891, 67.3734588623, 41.6159591675, 154.873016357, 86.2701950073, 21.1547927856, 20.2829971313, 18.4993953705, -0.997709870338, -1.6840274334, 3.02893924713], [29.8272914886, 26.3424530029, 41.4777603149, 46.1029129028, 0.918832540512, 86.2701950073, 161.591903687, 40.6480560303, 21.6649360657, 12.1726160049, 2.76919436455, 0.61447930336, 6.4178609848], [-17.4747581482, 60.133228302, 0.501881539822, 22.1472454071, 23.5497493744, 21.1547927856, 40.6480560303, 99.3734283447, 47.6541023254, 24.3135509491, 14.0183067322, 10.7302885056, 7.23703956604], [-50.1711044312, 11.1281747818, -16.6883411407, 35.1623535156, 20.5451984406, 20.2829971313, 21.6649360657, 47.6541023254, 98.836479187, 46.0593147278, 16.0415935516, 0.162068769336, 3.14027953148], [0.356755554676, 16.8739337921, 7.62130689621, 22.6907119751, 26.6415328979, 18.4993953705, 12.1726160049, 24.3135509491, 46.0593147278, 95.5159301758, 41.5622520447, 10.2369213104, -1.73914694786], [-51.3257675171, 48.5845146179, 3.82978510857, 0.350627839565, 5.73453521729, -0.997709870338, 2.76919436455, 14.0183067322, 16.0415935516, 41.5622520447, 78.9472045898, 33.0366439819, 2.67370915413], [-59.9818878174, 30.4319915771, 22.1569213867, -3.1989030838, 8.12732315063, -1.6840274334, 0.61447930336, 10.7302885056, 0.162068769336, 10.2369213104, 33.0366439819, 64.3142852783, 23.4255619049], [-65.6583023071, 4.41452741623, 15.1705217361, 2