{"tonal": {"hpcp": {"dvar": [0.0177544597536, 0.0198718253523, 0.0227657109499, 0.0251170005649, 0.0288784001023, 0.0232946183532, 0.0263229720294, 0.0342844389379, 0.0446104370058, 0.0528870373964, 0.0418177209795, 0.0392970703542, 0.031255364418, 0.0308369565755, 0.0319352149963, 0.0363576970994, 0.0408681221306, 0.0449724458158, 0.0427973084152, 0.0405238159001, 0.0281070936471, 0.0282620359212, 0.0241745207459, 0.0252273026854, 0.0354812406003, 0.0308494735509, 0.0285140872002, 0.0254528671503, 0.0290338434279, 0.0279631279409, 0.0372018069029, 0.0320774801075, 0.0362216755748, 0.0372522287071, 0.0293455570936, 0.0209868419915], "var": [0.0140591412783, 0.0161203853786, 0.0259973984212, 0.0575491674244, 0.0399870350957, 0.0169654786587, 0.0230453517288, 0.0323386266828, 0.0835749730468, 0.164285257459, 0.0628302320838, 0.0329114571214, 0.0331558287144, 0.0249192081392, 0.0327507779002, 0.0600269138813, 0.0481244251132, 0.051702555269, 0.0869618356228, 0.0521786287427, 0.020532341674, 0.0217155423015, 0.0183938331902, 0.0368572659791, 0.079329945147, 0.0513922646642, 0.0313963927329, 0.0494721084833, 0.0390636064112, 0.0395446941257, 0.0919793769717, 0.0412887185812, 0.034514978528, 0.0964701846242, 0.0666593015194, 0.0166179612279], "median": [0.00535739399493, 0.00638997321948, 0.0132780894637, 0.0188928898424, 0.0117195528001, 0.00802282802761, 0.00684337131679, 0.00806925166398, 0.0485184565187, 0.094867579639, 0.0694426223636, 0.00835193879902, 0.0027981128078, 0.00280546140857, 0.00757448142394, 0.0103596001863, 0.0130472294986, 0.0204371735454, 0.0238445214927, 0.0175394993275, 0.00648944964632, 0.00323383091018, 0.00370762241073, 0.0110373077914, 0.0250826645643, 0.0220185220242, 0.0106449658051, 0.00465207686648, 0.0034948005341, 0.0297033917159, 0.0458304919302, 0.0359009765089, 0.0135747753084, 0.00781217589974, 0.00694709643722, 0.00638159038499], "max": [1, 1, 1, 1, 1, 1, 1, 1, 1, 1, 1, 1, 1, 1, 1, 1, 1, 1, 1, 1, 1, 1, 1, 1, 1, 1, 1, 1, 1, 1, 1, 1, 1, 1, 1, 1], "dmean": [0.0499290041625, 0.0535431057215, 0.0683356449008, 0.0723955854774, 0.0727089717984, 0.0590909831226, 0.0618956387043, 0.0856824293733, 0.13209977746, 0.129607468843, 0.134389519691, 0.0907259657979, 0.0694039240479, 0.0678993687034, 0.0762714296579, 0.0860382020473, 0.0980239659548, 0.107686690986, 0.105915695429, 0.101331695914, 0.0647807717323, 0.0552544295788, 0.0527522005141, 0.0726840570569, 0.0919404178858, 0.0863267034292, 0.0710652917624, 0.0578115843236, 0.066943846643, 0.0911125168204, 0.103905528784, 0.0994474440813, 0.0941561236978, 0.0902079343796, 0.0835039243102, 0.0622095316648], "dmean2": [0.0902229398489, 0.0976604893804, 0.120182782412, 0.1227177158, 0.128712102771, 0.108080387115, 0.112182341516, 0.152610033751, 0.227998584509, 0.22519376874, 0.230985209346, 0.165953829885, 0.126880511642, 0.123481296003, 0.134981349111, 0.149708196521, 0.173310503364, 0.190497547388, 0.182279020548, 0.174423098564, 0.117192305624, 0.101015232503, 0.0958607792854, 0.125352978706, 0.154943943024, 0.145732417703, 0.126206502318, 0.101937487721, 0.121510930359, 0.158921837807, 0.178774908185, 0.175769656897, 0.170684382319, 0.158623963594, 0.146717488766, 0.112663753331], "mean": [0.0423546843231, 0.0458917692304, 0.0758253484964, 0.117194339633, 0.0900686308742, 0.0479848012328, 0.0536385029554, 0.0730573534966, 0.219995006919, 0.340035617352, 0.202399715781, 0.0732988864183, 0.0648096427321, 0.0540961399674, 0.0737824440002, 0.113734357059, 0.1049227193, 0.117538884282, 0.168404906988, 0.121700257063, 0.0507400073111, 0.0427402108908, 0.0414867214859, 0.0928597450256, 0.158299744129, 0.124028749764, 0.0743350833654, 0.0803543925285, 0.0723566487432, 0.123864620924, 0.19621527195, 0.129830420017, 0.0944362953305, 0.164580389857, 0.130686357617, 0.0519674755633], "dvar2": [0.0487875603139, 0.0541123859584, 0.061175622046, 0.0598674789071, 0.0766778960824, 0.0646823570132, 0.0712034478784, 0.0894910693169, 0.11504047364, 0.125545009971, 0.110537849367, 0.110866323113, 0.0848122239113, 0.0853466913104, 0.0853589773178, 0.0929813757539, 0.110201835632, 0.124095864594, 0.10542216152, 0.106155864894, 0.0766499191523, 0.0769409388304, 0.0676712989807, 0.0640254467726, 0.0868054255843, 0.0763185322285, 0.0761112198234, 0.0677138641477, 0.0809821486473, 0.0772598907351, 0.0947462022305, 0.0883763357997, 0.101911269128, 0.0953216403723, 0.0782397165895, 0.0585758425295], "min": [0, 0, 0, 0, 0, 0, 0, 0, 0, 0, 0, 0, 0, 0, 0, 0, 0, 0, 0, 0, 0, 0, 0, 0, 0, 0, 0, 0, 0, 0, 0, 0, 0, 0, 0, 0]}, "key_key": "C", "thpcp": [1, 0.595230937004, 0.2155623734, 0.190596625209, 0.159089624882, 0.216984450817, 0.334477782249, 0.308563917875, 0.345666378736, 0.495256662369, 0.357904434204, 0.149219676852, 0.125693336129, 0.122006990016, 0.273088276386, 0.465538710356, 0.364752233028, 0.218609690666, 0.236311689019, 0.212791383266, 0.364269554615, 0.577043294907, 0.381814181805, 0.277724713087, 0.4840092659, 0.38433137536, 0.152829512954, 0.124559551477, 0.134961649776, 0.222992375493, 0.344653129578, 0.264880001545, 0.141116991639, 0.157743781805, 0.214852064848, 0.646976351738], "chords_key": "C", "tuning_equal_tempered_deviation": 0.0624635890126, "tuning_frequency": 437.971466064, "tuning_diatonic_strength": 0.454432547092, "chords_histogram": [24.3852920532, 2.7520866394, 1.19557857513, 9.11346721649, 0.203022778034, 4.62440776825, 0.699300706387, 5.16580200195, 0.135348528624, 1.78208887577, 0.406045556068, 0, 0.586510241032, 0, 0.157906606793, 0, 0, 0.789533019066, 1.01511394978, 1.6016241312, 0.0451161749661, 4.62440776825, 21.6332054138, 19.0841407776], "key_strength": 0.710455179214, "key_scale": "minor", "chords_strength": {"dvar": 9.06164714252e-05, "var": 0.00879037380219, "median": 0.483422547579, "max": 0.762631654739, "dmean": 0.0106935184449, "dmean2": 0.00991707388312, "mean": 0.481724858284, "dvar2": 0.000119521799206, "min": 0.181318342686}, "chords_number_rate": 0.00270697055385, "tuning_nontempered_energy_ratio": 0.692785799503, "hpcp_entropy": {"dvar": 0.261383652687, "var": 0.523586571217, "median": 1.74457991123, "max": 4.04515600204, "dmean": 0.560043334961, "dmean2": 0.935286164284, "mean": 1.72502601147, "dvar2": 0.675003826618, "min": 0}, "chords_changes_rate": 0.0658696144819, "chords_scale": "minor"}, "rhythm": {"bpm_histogram_first_peak_spread": {"dvar": 0, "var": 0, "median": 0.303178489208, "max": 0.303178489208, "dmean": 0, "dmean2": 0, "mean": 0.303178489208, "dvar2": 0, "min": 0.303178489208}, "bpm_histogram_first_peak_weight": {"dvar": 0, "var": 0, "median": 0.653669714928, "max": 0.653669714928, "dmean": 0, "dmean2": 0, "mean": 0.653669714928, "dvar2": 0, "min": 0.653669714928}, "bpm_histogram_first_peak_bpm": {"dvar": 0, "var": 0, "median": 126, "max": 126, "dmean": 0, "dmean2": 0, "mean": 126, "dvar2": 0, "min": 126}, "bpm": 126.010665894, "bpm_histogram_second_peak_weight": {"dvar": 0, "var": 0, "median": 0.0344036705792, "max": 0.0344036705792, "dmean": 0, "dmean2": 0, "mean": 0.0344036705792, "dvar2": 0, "min": 0.0344036705792}, "beats_loudness": {"dvar": 0.000316747755278, "var": 0.000595652265474, "median": 0.0373897925019, "max": 0.110857225955, "dmean": 0.0198474358767, "dmean2": 0.0356018580496, "mean": 0.0397358499467, "dvar2": 0.000949130335357, "min": 4.73677874702e-10}, "beats_loudness_band_ratio": {"dvar": [0.0513780042529, 0.0354634858668, 0.0155106410384, 0.0176498722285, 0.0026117451489, 0.00738023268059], "var": [0.0707563236356, 0.0514809675515, 0.0183202195913, 0.0175049621612, 0.00260475906543, 0.00444734608755], "median": [0.434348702431, 0.248277917504, 0.0650344118476, 0.0583309903741, 0.0147024914622, 0.0123425498605], "max": [0.967928111553, 0.951182425022, 0.77693772316, 0.94100099802, 0.288561582565, 0.625938892365], "dmean": [0.301776826382, 0.216317206621, 0.113286726177, 0.104865916073, 0.0403272919357, 0.0443739332259], "dmean2": [0.554201960564, 0.390588849783, 0.198790743947, 0.188816204667, 0.077071852982, 0.0852290913463], "mean": [0.461241722107, 0.305336356163, 0.113528810441, 0.102367766201, 0.0345882959664, 0.0311116948724], "dvar2": [0.157988220453, 0.097645021975, 0.0398176163435, 0.0505688749254, 0.00801278930157, 0.0224303230643], "min": [0.00823837053031, 0.00349833606742, 0.00264934613369, 0.000918739242479, 3.59333898814e-05, 4.73863437946e-05]}, "bpm_histogram_second_peak_bpm": {"dvar": 0, "var": 0, "median": 161, "max": 161, "dmean": 0, "dmean2": 0, "mean": 161, "dvar2": 0, "min": 161}, "onset_rate": 3.63886737823, "beats_count": 437, "beats_position": [0.429569154978, 0.882358253002, 1.34675729275, 1.82276642323, 2.29877543449, 2.76317453384, 3.25079369545, 3.72680258751, 4.20281171799, 4.67882061005, 5.15482997894, 5.630838871, 6.10684776306, 6.58285713196, 7.05886602402, 7.53487491608, 8.01088428497, 8.48689365387, 8.96290206909, 9.43891143799, 9.91492080688, 10.3909292221, 10.866938591, 11.3429479599, 11.8189563751, 12.294965744, 12.7709751129, 13.2469835281, 13.722992897, 14.1990022659, 14.6750106812, 15.15102005, 15.6270294189, 16.1030387878, 16.5790481567, 17.0550556183, 17.5310649872, 18.0070743561, 18.483083725, 18.9590930939, 19.4351024628, 19.9111099243, 20.3871192932, 20.8631286621, 21.3275279999, 21.8035373688, 22.2795467377, 22.7555541992, 23.2431735992, 23.7307929993, 24.2068023682, 24.6828117371, 25.158821106, 25.6348285675, 26.1108379364, 26.5868473053, 27.0628566742, 27.5388660431, 28.0264854431, 28.4908847809, 28.9552822113, 29.4429016113, 29.9189109802, 30.3949203491, 30.8593196869, 31.3469390869, 31.8345565796, 32.2989578247, 32.7633552551, 33.2509727478, 33.7269821167, 34.2029914856, 34.6673927307, 35.1434020996, 35.6194114685, 36.0954170227, 36.5714263916, 37.0474357605, 37.5234451294, 37.9994544983, 38.4870758057, 38.9630813599, 39.4390907288, 39.9151000977, 40.3911094666, 40.8671188354, 41.3431282043, 41.8191375732, 42.2951469421, 42.771156311, 43.2587738037, 43.7347831726, 44.2107925415, 44.6868019104, 45.1628112793, 45.650428772, 46.1380500793, 46.6140594482, 47.0900688171, 47.5544662476, 48.018863678, 48.4948730469, 48.9708824158, 49.4468917847, 49.9229011536, 50.3989105225, 50.8749198914, 51.3509292603, 51.8269386292, 52.302947998, 52.7789573669, 53.2549667358, 53.73097229, 54.2069816589, 54.6829910278, 55.1706123352, 55.6350097656, 56.1110191345, 56.5870285034, 57.0514259338, 57.5390472412, 58.0150566101, 58.491065979, 58.9554634094, 59.4430847168, 59.919090271, 60.3950996399, 60.8711090088, 61.3471183777, 61.8347396851, 62.2991371155, 62.7751464844, 63.2511558533, 63.7271652222, 64.2031707764, 64.67918396, 65.1551895142, 65.6312026978, 66.107208252, 66.5716094971, 67.0476150513, 67.5236282349, 67.9996337891, 68.4756469727, 68.9632644653, 69.450881958, 69.9268951416, 70.4029006958, 70.8789138794, 71.3665313721, 71.8425369263, 72.3069381714, 72.7829437256, 73.2589569092, 73.7349624634, 74.210975647, 74.6753692627, 75.1629943848, 75.638999939, 76.1150131226, 76.5794067383, 77.0670318604, 77.5430374146, 78.0190429688, 78.4834442139, 78.9710617065, 79.4586868286, 79.9230804443, 80.3874816895, 80.8750991821, 81.3511123657, 81.8271179199, 82.291519165, 82.7791366577, 83.2551422119, 83.7311553955, 84.2071609497, 84.6831741333, 85.1591796875, 85.6351928711, 86.0995864868, 86.5755996704, 87.0400009155, 87.5160064697, 87.9920196533, 88.479637146, 88.9672546387, 89.4432601929, 89.9192733765, 90.3952789307, 90.8712921143, 91.3472976685, 91.8233108521, 92.3109283447, 92.7985458374, 93.274559021, 93.7621765137, 94.2381820679, 94.7141952515, 95.1785888672, 95.6429901123, 96.1190032959, 96.5950088501, 97.0594100952, 97.5470275879, 98.011428833, 98.4990463257, 98.9750518799, 99.4510650635, 99.9270706177, 100.403083801, 100.867477417, 101.355102539, 101.842720032, 102.318725586, 102.79473877, 103.259140015, 103.72353363, 104.199546814, 104.675552368, 105.163169861, 105.639183044, 106.115188599, 106.591201782, 107.067207336, 107.54322052, 108.019226074, 108.506843567, 108.971244812, 109.447257996, 109.934875488, 110.410881042, 110.875282288, 111.339683533, 111.815689087, 112.291702271, 112.779319763, 113.255325317, 113.731338501, 114.218955994, 114.683357239, 115.159362793, 115.635368347, 116.099769592, 116.575782776, 117.05178833, 117.527801514, 118.003807068, 118.479812622, 118.955825806, 119.443443298, 119.919456482, 120.395462036, 120.87147522, 121.347480774, 121.823486328, 122.299499512, 122.775505066, 123.25151825, 123.727523804, 124.203536987, 124.69115448, 125.167160034, 125.643173218, 126.107574463, 126.583580017, 127.059593201, 127.535598755, 128.011611938, 128.487609863, 128.963623047, 129.451248169, 129.927261353, 130.403259277, 130.879272461, 131.355285645, 131.831283569, 132.307296753, 132.771697998, 133.247711182, 133.723709106, 134.19972229, 134.675735474, 135.140136719, 135.627746582, 136.115371704, 136.591384888, 137.067382812, 137.543395996, 138.01940918, 138.495422363, 138.971420288, 139.45904541, 139.935058594, 140.411056519, 140.875457764, 141.363082886, 141.850692749, 142.326705933, 142.791107178, 143.267120361, 143.731521606, 144.21913147, 144.683532715, 145.159545898, 145.635559082, 146.111557007, 146.58757019, 147.063583374, 147.539596558, 148.027206421, 148.491607666, 148.96762085, 149.443618774, 149.931243896, 150.395645142, 150.860046387, 151.336044312, 151.823669434, 152.299682617, 152.775695801, 153.251693726, 153.727706909, 154.203720093, 154.679718018, 155.155731201, 155.631744385, 156.107757568, 156.583755493, 157.071380615, 157.547393799, 158.011795044, 158.487792969, 158.963806152, 159.451431274, 159.927429199, 160.415054321, 160.891067505, 161.378677368, 161.843078613, 162.330703735, 162.80670166, 163.271102905, 163.723892212, 164.188293457, 164.675918579, 165.163528442, 165.639541626, 166.11555481, 166.591567993, 167.067565918, 167.531967163, 168.019592285, 168.49559021, 168.971603394, 169.447616577, 169.923629761, 170.399627686, 170.875640869, 171.363265991, 171.827667236, 172.303665161, 172.779678345, 173.255691528, 173.731704712, 174.196090698, 174.68371582, 175.159729004, 175.635726929, 176.123352051, 176.599365234, 177.075378418, 177.539764404, 178.027389526, 178.50340271, 178.979400635, 179.455413818, 179.931427002, 180.407440186, 180.88343811, 181.347839355, 181.823852539, 182.299865723, 182.775863647, 183.251876831, 183.727890015, 184.203903198, 184.679901123, 185.155914307, 185.63192749, 186.107940674, 186.583938599, 187.059951782, 187.535964966, 188.011962891, 188.476364136, 188.963989258, 189.451599121, 189.927612305, 190.403625488, 190.879638672, 191.355636597, 191.83164978, 192.307662964, 192.783676147, 193.259674072, 193.724075317, 194.200088501, 194.676101685, 195.152099609, 195.628112793, 196.115737915, 196.475646973, 196.83555603, 197.195465088, 197.555374146, 197.926895142, 198.298416138, 198.669921875, 199.041442871, 199.412963867, 199.784484863, 200.156005859, 200.527526855, 200.899047852, 201.270568848, 201.642089844, 202.013595581, 202.373504639, 202.733413696, 203.093322754, 203.453231812, 203.824752808, 204.184661865, 204.556182861, 204.916091919, 205.287612915], "danceability": 1.0753288269, "bpm_histogram_second_peak_spread": {"dvar": 0, "var": 0, "median": 0, "max": 0, "dmean": 0, "dmean2": 0, "mean": 0, "dvar2": 0, "min": 0}}, "lowlevel": {"spectral_flux": {"dvar": 0.00191529351287, "var": 0.00368583574891, "median": 0.0591789335012, "max": 0.459814876318, "dmean": 0.0293970219791, "dmean2": 0.0469692349434, "mean": 0.0738199651241, "dvar2": 0.00403832038864, "min": 6.40400232843e-11}, "spectral_rolloff": {"dvar": 1092521.625, "var": 3894553.5, "median": 495.263671875, "max": 19982.8125, "dmean": 305.295074463, "dmean2": 516.093994141, "mean": 1003.4196167, "dvar2": 2293076, "min": 86.1328125}, "barkbands_flatness_db": {"dvar": 0.000801894871984, "var": 0.00597970467061, "median": 0.196404978633, "max": 0.529959619045, "dmean": 0.0245793685317, "dmean2": 0.0350718162954, "mean": 0.206923693419, "dvar2": 0.00154883076902, "min": 0.0309223663062}, "spectral_centroid": {"dvar": 88775.8515625, "var": 842503.625, "median": 545.636352539, "max": 11500.40625, "dmean": 147.104934692, "dmean2": 218.344146729, "mean": 775.201843262, "dvar2": 168324.46875, "min": 153.689239502}, "melbands_skewness": {"dvar": 1.20545935631, "var": 3.79027700424, "median": 2.52342176437, "max": 19.6136417389, "dmean": 0.798973798752, "dmean2": 1.2213460207, "mean": 2.78447890282, "dvar2": 2.7848572731, "min": -3.49515628815}, "melbands": {"dvar": [9.40766767599e-06, 2.31366939261e-05, 2.06654931389e-06, 6.20239143245e-06, 1.12853626888e-06, 3.72197405341e-07, 8.69959251304e-08, 9.74760112626e-08, 1.19663525311e-07, 2.45017446332e-07, 3.91594845439e-08, 1.15711333848e-08, 3.55638327676e-08, 2.95491187075e-08, 2.25214655813e-08, 3.91192180871e-08, 3.35033423227e-09, 5.31526112013e-09, 4.28243174255e-09, 4.53398457667e-10, 8.02966443336e-11, 1.80657253046e-10, 9.62277271754e-11, 5.70261962651e-11, 8.3155995978e-11, 3.12752948539e-11, 2.80135411396e-11, 5.85882037329e-11, 1.15504571185e-10, 1.89372979104e-11, 4.97629715213e-12, 4.61844668412e-12, 4.88815541863e-12, 4.96869602754e-12, 5.63087554015e-12, 4.96699166172e-12, 3.19710642509e-12, 1.72710283575e-12, 1.58567993805e-12, 1.60591527056e-12], "var": [7.82366623753e-06, 2.10647449421e-05, 2.84002385342e-06, 5.85916222917e-06, 4.38308143202e-06, 1.37369636377e-06, 1.62250231028e-07, 3.20503716011e-07, 1.77406676016e-07, 7.7848443425e-07, 8.15851706193e-08, 2.24533724946e-08, 8.74458550015e-08, 9.10797552933e-08, 9.15508167054e-08, 1.53553330051e-07, 8.96481910928e-09, 1.24072982999e-08, 2.56927030762e-08, 8.22992007876e-10, 1.72404104881e-10, 2.77105505209e-10, 2.35150787731e-10, 1.72553221711e-10, 2.86895146528e-10, 5.5656555753e-11, 5.38813230144e-11, 1.45974954346e-10, 2.2182362891e-10, 4.88086689121e-11, 9.0060511132e-12, 8.1056134027e-12, 1.14756121272e-11, 1.15229657413e-11, 1.38334985827e-11, 1.20190758388e-11, 7.38119895066e-12, 4.08847218233e-12, 4.45609217928e-12, 3.03126490922e-12], "median": [0.000836310209706, 0.00159453880042, 0.000590971496422, 0.00051991129294, 0.000476526620332, 0.000189222599147, 6.72542882967e-05, 3.75503368559e-05, 4.66949277325e-05, 3.78946606361e-05, 2.54018414125e-05, 2.69536103588e-05, 3.7397720007e-05, 2.53099424299e-05, 1.47064147313e-05, 9.71839381236e-06, 8.33682406665e-06, 4.89737749376e-06, 4.31453690908e-06, 2.47715001933e-06, 1.3534778418e-06, 7.93610865912e-07, 7.08578340891e-07, 7.24032759081e-07, 6.97873531408e-07, 5.02483089804e-07, 3.16871052064e-07, 2.9884512287e-07, 3.92175280695e-07, 2.92985021133e-07, 1.7327606372e-07, 1.77347274644e-07, 1.3591767356e-07, 7.83048506037e-08, 6.0111013056e-08, 7.82182283388e-08, 1.02932432355e-07, 9.86586243812e-08, 8.34260802662e-08, 7.66369154803e-08], "max": [0.0338752679527, 0.0565211623907, 0.0179412998259, 0.0386859849095, 0.0169506352395, 0.0133984582499, 0.0155031774193, 0.0171398185194, 0.00759067339823, 0.0120734404773, 0.00655019469559, 0.0040907994844, 0.00592541787773, 0.0079232128337, 0.00631735473871, 0.00889744795859, 0.00187072053086, 0.00215937313624, 0.00257637887262, 0.000995898735709, 0.000254080776358, 0.000332946714479, 0.000388738175388, 0.000212594095501, 0.000287601607852, 0.000251065794146, 0.000227008902584, 0.000344422209309, 0.000393730064388, 0.000186619450687, 6.12190779066e-05, 5.42589768884e-05, 4.63879478048e-05, 5.89376140852e-05, 5.14798848599e-05, 4.55085719295e-05, 3.91843241232e-05, 3.34977412422e-05, 3.29528702423e-05, 2.88331284537e-05], "dmean": [0.000970043125562, 0.00143834203482, 0.000581985805184, 0.00083528162213, 0.000561638618819, 0.00026041266392, 9.40035388339e-05, 9.45143328863e-05, 0.000118702126201, 0.000147312792251, 6.21380604571e-05, 3.71111491404e-05, 5.73532852286e-05, 5.14360071975e-05, 3.98005395255e-05, 4.3053409172e-05, 1.9872932171e-05, 2.0088193196e-05, 1.80451461347e-05, 5.78948811381e-06, 2.79993355434e-06, 3.49476317751e-06, 2.68839835371e-06, 2.48450783147e-06, 2.77968433693e-06, 1.55502914367e-06, 1.33185073992e-06, 1.79201356332e-06, 2.17830393012e-06, 1.15914860999e-06, 6.46765045076e-07, 7.09910978003e-07, 7.47599642636e-07, 6.81292817717e-07, 7.52990104047e-07, 7.35999662993e-07, 6.141015092e-07, 4.80047219753e-07, 4.65533986471e-07, 4.73995868333e-07], "dmean2": [0.00164394022431, 0.00249659409747, 0.000985409715213, 0.0014040422393, 0.000846268318128, 0.000386849074857, 0.000147996601299, 0.00013810339442, 0.000182557356311, 0.00021891821234, 9.32072507567e-05, 5.69894036744e-05, 8.49467760418e-05, 7.50869803596e-05, 5.59547406738e-05, 6.17397527094e-05, 2.98831582768e-05, 2.91821033898e-05, 2.60379783867e-05, 9.08936635824e-06, 4.47943148174e-06, 5.52996152692e-06, 4.11621113017e-06, 3.77966330234e-06, 4.1635580601e-06, 2.39768428401e-06, 2.0175100417e-06, 2.66286497208e-06, 3.25681571667e-06, 1.79178118742e-06, 1.02055514617e-06, 1.12428710963e-06, 1.1637167745e-06, 1.06190634597e-06, 1.16241074011e-06, 1.14905469673e-06, 9.6216865586e-07, 7.39696019991e-07, 7.18127182608e-07, 7.4035739317e-07], "mean": [0.00162378279492, 0.00289194239303, 0.0011556110112, 0.00128531933296, 0.00135485443752, 0.000603991036769, 0.000177792113391, 0.000166280049598, 0.000175737004611, 0.000302831351291, 0.000110884779133, 6.87396532157e-05, 0.000111997665954, 0.000101558107417, 8.45879767439e-05, 8.71715092217e-05, 3.57327189704e-05, 3.39803664247e-05, 3.92428373743e-05, 9.7597239801e-06, 5.09709616381e-06, 5.51527273274e-06, 4.53845314041e-06, 4.6361819841e-06, 5.00888518218e-06, 2.40969779952e-06, 2.33856644627e-06, 3.18391630572e-06, 3.77567471332e-06, 1.9135184175e-06, 9.33344779241e-07, 1.02592196072e-06, 1.1353897662e-06, 9.96080302684e-07, 1.11926260615e-06, 1.08943368105e-06, 9.00714496765e-07, 7.20280695532e-07, 7.16209569873e-07, 6.39492725441e-07], "dvar2": [2.57522042375e-05, 6.68422944727e-05, 5.5179480114e-06, 1.72839609149e-05, 2.53966004493e-06, 8.05556396699e-07, 2.05535940268e-07, 1.74107427142e-07, 2.68431932682e-07, 5.0368561233e-07, 8.65400267003e-08, 2.71788707096e-08, 8.38091125388e-08, 5.8753972354e-08, 3.78072897433e-08, 7.87299114791e-08, 6.81115652768e-09, 1.01774091377e-08, 7.85433673656e-09, 9.46012490566e-10, 1.92419774558e-10, 4.51283621583e-10, 2.23398619048e-10, 1.23829474452e-10, 1.78462244982e-10, 7.01304153639e-11, 6.8232766659e-11, 1.31959165817e-10, 2.68673916448e-10, 4.3655884463e-11, 1.11884477377e-11, 1.10008564758e-11, 1.1016265157e-11, 1.13297288218e-11, 1.24335411758e-11, 1.08995078588e-11, 7.17457994057e-12, 3.6920510052e-12, 3.42748767736e-12, 3.62967967314e-12], "min": [1.14119280955e-24, 6.1371938755e-25, 1.61841589049e-24, 1.98987145949e-24, 6.85830987138e-25, 1.6197099182e-24, 3.80362972189e-24, 3.41663941091e-24, 2.2061433959e-24, 2.47014200872e-24, 1.63228189584e-24, 2.6812664305e-24, 2.77880651764e-24, 3.138949131e-24, 2.49268331465e-24, 3.98333420825e-24, 3.84614340822e-24, 2.7664172599e-24, 3.45738289337e-24, 3.49918344945e-24, 3.36125388118e-24, 4.37513775405e-24, 4.70355908712e-24, 4.15097030605e-24, 5.55952089537e-24, 5.07899298027e-24, 3.56651154442e-24, 4.29122622513e-24, 3.27927072275e-24, 3.67537592706e-24, 5.05989623548e-24, 4.85468866491e-24, 4.84957408524e-24, 5.99289819973e-24, 6.71332226598e-24, 4.22810749195e-24, 7.42884040626e-24, 5.81022759637e-24, 7.121616949e-24, 4.80651687374e-24]}, "spectral_decrease": {"dvar": 3.39650947426e-17, "var": 4.69613528629e-17, "median": -7.24345650127e-09, "max": 2.41279733823e-13, "dmean": 2.79034284567e-09, "dmean2": 4.58208004872e-09, "mean": -8.2769178178e-09, "dvar2": 9.29796338007e-17, "min": -6.30858991713e-08}, "barkbands_kurtosis": {"dvar": 961.089599609, "var": 3063.63598633, "median": 5.32739543915, "max": 1944.76660156, "dmean": 7.01269769669, "dmean2": 10.990527153, "mean": 12.9801111221, "dvar2": 1900.87939453, "min": -1.89310383797}, "silence_rate_30dB": {"dvar": 0.0203253664076, "var": 0.0132438382134, "median": 1, "max": 1, "dmean": 0.0207581222057, "dmean2": 0.0415209308267, "mean": 0.98657643795, "dvar2": 0.0544599331915, "min": 0}, "gfcc": {"mean": [-58.8847846985, 123.613143921, -84.3885498047, 10.0604724884, -47.2202682495, 18.8705940247, -32.1550674438, -0.3717199862, -28.5722503662, 1.84893894196, -11.5502929688, -1.56487989426, -4.28436374664], "cov": [[22373, -1735.74780273, -1396.3482666, 581.26739502, -799.607055664, 435.417480469, -845.330322266, 179.497390747, -503.244689941, 91.1157836914, -536.300964355, -152.837524414, -302.704437256], [-1735.74780273, 2937.77441406, -374.253509521, -327.713470459, 433.022277832, -246.044540405, 216.667739868, -143.400650024, 169.939315796, -178.796020508, 201.954193115, -157.987915039, 248.421478271], [-1396.3482666, -374.253509521, 1196.41540527, 45.1246299744, -129.126831055, 7.50836849213, 41.2043647766, -32.410949707, 0.233841627836, 21.8695468903, -63.8782157898, 130.402587891, 8.60851192474], [581.26739502, -327.713470459, 45.1246299744, 408.018249512, -38.1528282166, 28.5627880096, 7.16230392456, 59.7132492065, -5.06838083267, 13.8369779587, -25.4248867035, 5.12587404251, -24.1094799042], [-799.607055664, 433.022277832, -129.126831055, -38.1528282166, 458.703430176, 30.9507312775, 71.4776382446, 10.3304491043, 71.5562133789, -62.0647087097, 63.9242591858, -15.8152513504, -19.5326519012], [435.417480469, -246.044540405, 7.50836849213, 28.5627880096, 30.9507312775, 298.573059082, 13.7167510986, 13.8258085251, -5.30671310425, 15.4436254501, -22.9117202759, 2.68510818481, -53.7287139893], [-845.330322266, 216.667739868, 41.2043647766, 7.16230392456, 71.4776382446, 13.7167510986, 243.807739258, 48.5300178528, 50.2039871216, 18.4965496063, 43.8404502869, -8.88153934479, 17.7699680328], [179.497390747, -143.400650024, -32.410949707, 59.7132492065, 10.3304491043, 13.8258085251, 48.5300178528, 180.69909668, 25.4916591644, 31.1958560944, 10.8901147842, 7.3144826889, -16.5856704712], [-503.244689941, 169.939315796, 0.233841627836, -5.06838083267, 71.5562133789, -5.30671310425, 50.2039871216, 25.4916591644, 138.262298584, 14.9721517563, 26.3510303497, 6.23176288605, 7.40433740616], [91.1157836914, -178.796020508, 21.8695468903, 13.8369779587, -62.0647087097, 15.4436254501, 18.4965496063, 31.1958560944, 14.9721517563, 137.484542847, 14.8209791183, 10.2934808731, 3.42006993294], [-536.300964355, 201.954193115, -63.8782157898, -25.4248867035, 63.9242591858, -22.9117202759, 43.8404502869, 10.8901147842, 26.3510303497, 14.8209791183, 129.546615601, 15.921710968, 23.4501419067], [-152.837524414, -157.987915039, 130.402587891, 5.12587404251, -15.8152513504, 2.68510818481, -8.88153934479, 7.3144826889, 6.23176288605, 10.2934808731, 15.921710968, 124.650268555, -0.511798501015], [-302.704437256, 248.421478271, 8.60851192474, -24.1094799042, -19.5326519012, -53.7287139893, 17.7699680328, -16.5856704712, 7.40433740616, 3.42006993294, 23.4501419067, -0.511798501015, 131.597824097]], "icov": [[7.58068272262e-05, -4.34397734352e-05, 9.98849791358e-05, -9.45686042542e-05, 9.75157381617e-05, -0.000106065825094, 0.000205260032089, -0.000123747973703, 0.000179795446456, -0.000101454395917, 0.000248872442171, -5.81249805691e-05, 0.000108318665298], [-4.34397734352e-05, 0.000835095823277, 3.50298832927e-05, 0.000413963076426, -0.000444711156888, 0.000415315967984, -0.000573500816245, 0.000576482678298, -0.000743962067645, 0.000896852696314, -0.000788077770267, 0.000870370247867, -0.00118678691797], [9.98849791358e-05, 3.50298832927e-05, 0.00120108714327, -0.000168387341546, 0.000298577069771, -7.9941302829e-05, -0.00023691948445, 0.000243332586251, 7.8479781223e-05, -9.64967548498e-05, 0.000967285013758, -0.00119398860261, -5.03672963532e-05], [-9.45686042542e-05, 0.000413963076426, -0.000168387341546, 0.00293783238158, -0.000118903488328, 0.000144178047776, -0.000495941145346, -0.000513309787493, -0.000417290284531, 0.000488929101266, -0.000209543504752, 0.000446453370387, -0.000356398784788], [9.75157381617e-05, -0.000444711156888, 0.000298577069771, -0.000118903488328, 0.00333668850362, -0.000714129186235, -8.1286423665e-05, -0.000383347447496, -0.000814461498521, 0.00115297967568, -0.000665814324748, -0.000260131870164, 0.00132233451586], [-0.000106065825094, 0.000415315967984, -7.9941302829e-05, 0.000144178047776, -0.000714129186235, 0.00407118164003, -0.000848811352625, 0.000438755843788, -0.000190915088751, -0.000183875876246, 0.000126853439724, 0.000221009584493, 0.000723537872545], [0.000205260032089, -0.000573500816245, -0.00023691948445, -0.000495941145346, -8.1286423665e-05, -0.000848811352625, 0.00602215528488, -0.0018403531285, -0.000243662987486, -0.0011018892983, -0.000382400408853, 0.000490881793667, 0.000188047721167], [-0.000123747973703, 0.000576482678298, 0.000243332586251, -0.000513309787493, -0.000383347447496, 0.000438755843788, -0.0018403531285, 0.00714710261673, -0.00141170062125, -0.000513192673679, -0.000753304222599, -5.38925705769e-05, 1.54544304678e-05], [0.000179795446456, -0.000743962067645, 7.8479781223e-05, -0.000417290284531, -0.000814461498521, -0.000190915088751, -0.000243662987486, -0.00141170062125, 0.00965395662934, -0.00210693082772, 0.000717584684025, -0.00121831172146, 0.000771503313445], [-0.000101454395917, 0.000896852696314, -9.64967548498e-05, 0.000488929101266, 0.00115297967568, -0.000183875876246, -0.0011018892983, -0.000513192673679, -0.00210693082772, 0.00975069031119, -0.00249961926602, 0.000808937125839, -0.00133662240114], [0.000248872442171, -0.000788077770267, 0.000967285013758, -0.000209543504752, -0.000665814324748, 0.000126853439724, -0.000382400408853, -0.000753304222599, 0.000717584684025, -0.00249961926602, 0.0115052387118, -0.00306698749773, -0.00016938286717], [-5.81249805691e-05, 0.000870370247867, -0.00119398860261, 0.000446453370387, -0.000260131870164, 0.000221009584493, 0.000490881793667, -5.38925705769e-05, -0.00121831172146, 0.000808937125839, -0.00306698749773, 0.0106671685353, -0.00100274861325], [0.000108318665298, -0.00118678691797, -5.03672963532e-05, -0.000356398784788, 0.00132233451586, 0.000723537872545, 0.000188047721167, 1.54544304678e-05, 0.000771503313445, -0.00133662240114, -0.00016938286717, -0.00100274861325, 0.0105122467503]]}, "silence_rate_20dB": {"dvar": 0, "var": 0, "median": 1, "max": 1, "dmean": 0, "dmean2": 0, "mean": 1, "dvar2": 0, "min": 1}, "barkbands_skewness": {"dvar": 1.16476416588, "var": 3.854398489, "median": 1.88256072998, "max": 34.4312705994, "dmean": 0.695555090904, "dmean2": 1.06535768509, "mean": 2.09393453598, "dvar2": 2.63260912895, "min": -3.10686373711}, "erbbands_skewness": {"dvar": 0.26004114747, "var": 1.60155212879, "median": 0.645913779736, "max": 10.2469167709, "dmean": 0.436481326818, "dmean2": 0.647724568844, "mean": 0.747956871986, "dvar2": 0.525349974632, "min": -4.14583921432}, "spectral_contrast_valleys": {"dvar": [0.163532942533, 0.134291425347, 0.110395744443, 0.126510292292, 0.182478010654, 0.324347913265], "var": [3.64391756058, 3.58338975906, 3.33822870255, 3.53127574921, 3.85475230217, 3.84672832489], "median": [-6.99733066559, -6.99366855621, -7.45129156113, -8.24730682373, -8.58620548248, -10.834692955], "max": [-5.02646827698, -4.91175746918, -5.05366563797, -5.80293798447, -5.39066934586, -7.8905711174], "dmean": [0.353009968996, 0.341842114925, 0.283925771713, 0.298634111881, 0.316623985767, 0.400192141533], "dmean2": [0.568217933178, 0.55203717947, 0.449767142534, 0.452035874128, 0.438637316227, 0.508708655834], "mean": [-7.35154819489, -7.33614349365, -7.77029418945, -8.56292247772, -8.98347949982, -11.1181735992], "dvar2": [0.321947515011, 0.265029877424, 0.20620533824, 0.22804325819, 0.311733454466, 0.563812315464], "min": [-28.2575588226, -28.3574123383, -27.9017391205, -27.6657524109, -27.4802188873, -27.4872817993]}, "spectral_strongpeak": {"dvar": 0.830654680729, "var": 2.19133400917, "median": 0.566642522812, "max": 13.8927078247, "dmean": 0.463170081377, "dmean2": 0.76209717989, "mean": 1.09224689007, "dvar2": 1.85211384296, "min": 0}, "erbbands_crest": {"dvar": 7.48354196548, "var": 33.0716056824, "median": 10.2473449707, "max": 32.7882423401, "dmean": 2.70044374466, "dmean2": 4.21730422974, "mean": 11.7227907181, "dvar2": 16.7934093475, "min": 2.33375763893}, "barkbands_crest": {"dvar": 6.03073406219, "var": 22.1355686188, "median": 11.6330509186, "max": 26.8937072754, "dmean": 2.35008001328, "dmean2": 3.79147458076, "mean": 12.451215744, "dvar2": 15.1848468781, "min": 3.2599234581}, "spectral_energyband_middle_low": {"dvar": 0.000133569730679, "var": 0.000248638680205, "median": 0.0117827309296, "max": 0.176198899746, "dmean": 0.00589005928487, "dmean2": 0.00950018968433, "mean": 0.0161207094789, "dvar2": 0.000358191347914, "min": 1.36978085262e-22}, "spectral_contrast_coeffs": {"dvar": [0.00181888905354, 0.001675895066, 0.00113093655091, 0.000830363715068, 0.000491120386869, 0.000363517581718], "var": [0.0105058439076, 0.00962511636317, 0.00611924473196, 0.00508176209405, 0.00304278847761, 0.00218233233318], "median": [-0.618919372559, -0.703689754009, -0.754968345165, -0.768220245838, -0.811719715595, -0.802956461906], "max": [-0.263245046139, -0.320827662945, -0.404343962669, -0.413824856281, -0.539714336395, -0.580883026123], "dmean": [0.0454542823136, 0.0442195571959, 0.0356578864157, 0.0314658805728, 0.0220834705979, 0.0188791751862], "dmean2": [0.0743244364858, 0.0709753781557, 0.0559119395912, 0.0484820082784, 0.0337616167963, 0.0285910852253], "mean": [-0.61543905735, -0.690645098686, -0.744260430336, -0.759058654308, -0.800751924515, -0.801495790482], "dvar2": [0.0046911938116, 0.00386451603845, 0.00244873855263, 0.00179243658204, 0.000979092554189, 0.000770569895394], "min": [-0.982192754745, -0.979192197323, -0.977294683456, -0.973821043968, -0.965968489647, -0.963522017002]}, "hfc": {"dvar": 77.5768890381, "var": 262.517669678, "median": 11.014383316, "max": 142.889266968, "dmean": 5.22516298294, "dmean2": 7.72438097, "mean": 15.9961557388, "dvar2": 173.571533203, "min": 1.0536170039e-16}, "spectral_energyband_high": {"dvar": 4.31624130215e-07, "var": 1.04305297555e-06, "median": 8.30255594337e-05, "max": 0.009824979119, "dmean": 0.000273548997939, "dmean2": 0.000412165158195, "mean": 0.000469704973511, "dvar2": 9.55661221269e-07, "min": 7.15966179195e-21}, "erbbands_spread": {"dvar": 171.765930176, "var": 512.648620605, "median": 24.0356502533, "max": 166.939651489, "dmean": 8.28190517426, "dmean2": 12.6120004654, "mean": 29.7042236328, "dvar2": 373.033172607, "min": 0.588157773018}, "dissonance": {"dvar": 0.00074146699626, "var": 0.0023813531734, "median": 0.442887216806, "max": 0.500000119209, "dmean": 0.0275229606777, "dmean2": 0.0455306954682, "mean": 0.431860506535, "dvar2": 0.00196725758724, "min": 0.162813901901}, "spectral_kurtosis": {"dvar": 67.5838394165, "var": 242.136611938, "median": 7.71325969696, "max": 142.647064209, "dmean": 4.84616851807, "dmean2": 7.6848950386, "mean": 13.127404213, "dvar2": 161.405319214, "min": -1.2981723547}, "spectral_skewness": {"dvar": 0.308075606823, "var": 1.55453932285, "median": 2.31789946556, "max": 9.53454017639, "dmean": 0.43613883853, "dmean2": 0.66078042984, "mean": 2.61383461952, "dvar2": 0.679057955742, "min": -0.176456704736}, "pitch_salience": {"dvar": 0.0042608724907, "var": 0.0146956853569, "median": 0.498023748398, "max": 0.885872423649, "dmean": 0.0620024092495, "dmean2": 0.0999388992786, "mean": 0.492350488901, "dvar2": 0.0108600193635, "min": 0.0370381623507}, "spectral_complexity": {"dvar": 6.83152770996, "var": 43.4079322815, "median": 12, "max": 51, "dmean": 2.04106497765, "dmean2": 3.10481786728, "mean": 12.3598423004, "dvar2": 13.6784057617, "min": 0}, "spectral_spread": {"dvar": 2424458444800.0, "var": 13747110281200.0, "median": 3932191.75, "max": 49290032, "dmean": 908275, "dmean2": 1280734.75, "mean": 4610823, "dvar2": 4838175801340.0, "min": 550655.375}, "dynamic_complexity": 3.88678860664, "melbands_crest": {"dvar": 7.60856151581, "var": 30.4364280701, "median": 15.3968715668, "max": 33.8580741882, "dmean": 2.66765332222, "dmean2": 4.21965408325, "mean": 16.2192020416, "dvar2": 18.6659698486, "min": 1.68165242672}, "zerocrossingrate": {"dvar": 0.000273057812592, "var": 0.00258522504009, "median": 0.0283203125, "max": 0.53369140625, "dmean": 0.00881930440664, "dmean2": 0.0102683957666, "mean": 0.0412562675774, "dvar2": 0.000353708077455, "min": 0.00244140625}, "spectral_energyband_low": {"dvar": 0.000399232871132, "var": 0.000364344363334, "median": 0.0080506214872, "max": 0.226155057549, "dmean": 0.00618999404833, "dmean2": 0.0105206267908, "mean": 0.0129447188228, "dvar2": 0.00111516891047, "min": 1.2968180662e-23}, "melbands_kurtosis": {"dvar": 683.09942627, "var": 1063.4309082, "median": 10.7771453857, "max": 536.529052734, "dmean": 10.524055481, "dmean2": 16.9506340027, "mean": 19.8428344727, "dvar2": 1753.24536133, "min": -1.87695467472}, "spectral_energyband_middle_high": {"dvar": 9.83474819805e-06, "var": 4.63055475848e-05, "median": 0.00155419693328, "max": 0.0731104016304, "dmean": 0.00147470482625, "dmean2": 0.00204721582122, "mean": 0.00414461642504, "dvar2": 1.8391672711e-05, "min": 1.19955729104e-21}, "barkbands_spread": {"dvar": 66.2135314941, "var": 227.697891235, "median": 9.3260974884, "max": 128.341384888, "dmean": 4.21822404861, "dmean2": 6.36652421951, "mean": 13.7938327789, "dvar2": 128.718093872, "min": 0.0574962459505}, "mfcc": {"mean": [-709.443603516, 161.347503662, 21.1178417206, 7.66597223282, 8.33995056152, 12.6740531921, 10.4058685303, -1.70847451687, -1.88060903549, -2.24533939362, -4.38193416595, -2.96436429024, -3.24681138992], "cov": [[11650.7900391, -934.342407227, -633.474365234, 191.267608643, -115.99067688, -98.1500701904, 29.5366611481, -129.509719849, -53.7651405334, 121.913101196, -21.2988395691, -21.5813503265, -214.51890564], [-934.342407227, 2607.83325195, -285.997772217, -70.698677063, 106.77696991, 13.8173971176, 69.0032348633, -25.9102859497, 69.2253799438, -59.4421043396, -49.014251709, -33.0064659119, 26.4459934235], [-633.474365234, -285.997772217, 964.15637207, 25.2844524384, -74.0810317993, 58.3469657898, -53.7647209167, 4.26033306122, 52.3831138611, -70.2550964355, -45.6907844543, -11.2756500244, 22.7243671417], [191.267608643, -70.698677063, 25.2844524384, 352.731842041, 11.8475875854, -55.4871139526, 13.7706451416, 21.8634395599, 37.5838317871, 3.37118530273, -1.94905090332, 26.9400253296, 20.8338565826], [-115.99067688, 106.77696991, -74.0810317993, 11.8475875854, 254.091156006, 49.4518661499, 6.69804954529, 70.9038391113, -14.2478837967, -10.1121368408, 24.9051837921, 11.6447753906, 8.9749622345], [-98.1500701904, 13.8173971176, 58.3469657898, -55.4871139526, 49.4518661499, 226.69682312, 18.4649124146, 40.5581550598, -5.48239469528, 7.83679866791, 27.2176303864, -28.3199901581, 12.0172166824], [29.5366611481, 69.0032348633, -53.7647209167, 13.7706451416, 6.69804954529, 18.4649124146, 177.428970337, 30.2029762268, 18.5283050537, 49.0508613586, -7.43058395386, 27.6070137024, 0.395118623972], [-129.509719849, -25.9102859497, 4.26033306122, 21.8634395599, 70.9038391113, 40.5581550598, 30.2029762268, 186.264633179, 12.8522577286, 2.93511247635, 32.4440612793, 23.0193710327, 35.6895294189], [-53.7651405334, 69.2253799438, 52.3831138611, 37.5838317871, -14.2478837967, -5.48239469528, 18.5283050537, 12.8522577286, 133.56892395, 25.1903247833, 4.19578409195, 4.72546005249, 5.8158659935], [121.913101196, -59.4421043396, -70.2550964355, 3.37118530273, -10.1121368408, 7.83679866791, 49.0508613586, 2.93511247635, 25.1903247833, 153.599334717, 8.79180431366, 33.3726272583, 20.8640060425], [-21.2988395691, -49.014251709, -45.6907844543, -1.94905090332, 24.9051837921, 27.2176303864, -7.43058395386, 32.4440612793, 4.19578409195, 8.79180431366, 129.274795532, 12.8994646072, 7.76933670044], [-21.5813503265, -33.0064659119, -11.2756500244, 26.9400253296, 11.6447753906, -28.3199901581, 27.6070137024, 23.0193710327, 4.72546005249, 33.3726272583, 12.8994646072, 114.605827332, 32.3237113953], [-214.51890564, 26.4459934235, 22.724367