{"tonal": {"hpcp": {"dvar": [0.0371047966182, 0.0458780378103, 0.066415309906, 0.0432942770422, 0.0341581627727, 0.035069886595, 0.0450699031353, 0.039659563452, 0.0357940942049, 0.0358092412353, 0.0428480245173, 0.0551596805453, 0.0527744032443, 0.0372684411705, 0.0409349687397, 0.0461788438261, 0.0515784025192, 0.0565178543329, 0.0738413333893, 0.0570732243359, 0.0699998736382, 0.0599711053073, 0.0586394444108, 0.0607121139765, 0.0590160191059, 0.0529489293694, 0.0585430711508, 0.0650480017066, 0.0490365065634, 0.036756336689, 0.0343971811235, 0.0469565056264, 0.0345282815397, 0.0334885902703, 0.0342453755438, 0.0378215946257], "var": [0.0411363393068, 0.0728269144893, 0.113363072276, 0.0472959317267, 0.0318633727729, 0.0353655815125, 0.0468342900276, 0.0341442935169, 0.0298210792243, 0.0318423360586, 0.0485159754753, 0.080951102078, 0.0515740849078, 0.0327246412635, 0.0443314798176, 0.0491812117398, 0.0444769002497, 0.0488084889948, 0.0888562053442, 0.0767365545034, 0.0690550506115, 0.05950377509, 0.0865943953395, 0.0855892449617, 0.0587789267302, 0.0436291247606, 0.0559409968555, 0.0586838647723, 0.0402229353786, 0.033049043268, 0.0362688861787, 0.0507304035127, 0.0376202389598, 0.047496099025, 0.0564780347049, 0.0537451431155], "median": [0.0350107848644, 0.0813464000821, 0.0994935780764, 0.0613449476659, 0.0303337089717, 0.0231536049396, 0.0194453038275, 0.0209492482245, 0.0284625440836, 0.0406077541411, 0.0703952610493, 0.063224889338, 0.0372543670237, 0.0250859260559, 0.0323890820146, 0.0386107563972, 0.032730076462, 0.0342846140265, 0.0349497720599, 0.0389705374837, 0.0322754383087, 0.076025813818, 0.14417886734, 0.122429855168, 0.0405420213938, 0.0279472563416, 0.0284478999674, 0.0259067937732, 0.0273273289204, 0.0235684551299, 0.0199616104364, 0.022133987397, 0.030486933887, 0.0361546128988, 0.0469933710992, 0.03696192801], "max": [1, 1, 1, 1, 1, 1, 1, 1, 1, 1, 1, 1, 1, 1, 1, 1, 1, 1, 1, 1, 1, 1, 1, 1, 1, 1, 1, 1, 1, 1, 1, 1, 1, 1, 1, 1], "dmean": [0.117279827595, 0.163301110268, 0.195177957416, 0.147418618202, 0.107741236687, 0.110256396234, 0.115489788353, 0.112396731973, 0.112108819187, 0.11857701093, 0.152228042483, 0.169609695673, 0.146691352129, 0.118790186942, 0.132054567337, 0.146585822105, 0.146071344614, 0.165066823363, 0.172649532557, 0.163676410913, 0.171186879277, 0.171021297574, 0.203130334616, 0.193362861872, 0.150311559439, 0.149013355374, 0.150842696428, 0.153849244118, 0.136100396514, 0.118881456554, 0.115766644478, 0.123916395009, 0.1178965047, 0.122444137931, 0.1263320297, 0.122908554971], "dmean2": [0.201287418604, 0.2809882164, 0.331224828959, 0.256893068552, 0.189564421773, 0.192218825221, 0.202454119921, 0.199433356524, 0.201340287924, 0.210602924228, 0.266011357307, 0.294398933649, 0.25919803977, 0.212776750326, 0.23158288002, 0.259700864553, 0.262449085712, 0.298274338245, 0.310797005892, 0.276414364576, 0.3063364923, 0.304707884789, 0.350378572941, 0.325765609741, 0.263736516237, 0.273020505905, 0.273759275675, 0.277983516455, 0.245364487171, 0.211751610041, 0.196693211794, 0.211821168661, 0.199767798185, 0.210175603628, 0.216415703297, 0.206921026111], "mean": [0.115222409368, 0.207397639751, 0.262591540813, 0.159513294697, 0.0971811190248, 0.10125323385, 0.106708921492, 0.0945983082056, 0.0935325324535, 0.108301758766, 0.16171900928, 0.198976501822, 0.143664777279, 0.101259060204, 0.123376309872, 0.134131073952, 0.121628195047, 0.133843109012, 0.175829187036, 0.176132842898, 0.15239264071, 0.178160339594, 0.263146281242, 0.246574983001, 0.143715202808, 0.116701722145, 0.128184437752, 0.127238735557, 0.108720973134, 0.0995817855, 0.104578740895, 0.115859225392, 0.115361340344, 0.13383077085, 0.152432098985, 0.136631280184], "dvar2": [0.0957636758685, 0.11318448931, 0.152821525931, 0.116623111069, 0.0925873368979, 0.0929249152541, 0.114627741277, 0.107359476388, 0.0990937575698, 0.0985980406404, 0.111859060824, 0.136755391955, 0.1429258883, 0.101550854743, 0.107634164393, 0.121008351445, 0.141425400972, 0.154286891222, 0.166130468249, 0.132299900055, 0.180124431849, 0.150034055114, 0.150889843702, 0.143269583583, 0.145331054926, 0.149537593126, 0.144603803754, 0.154882743955, 0.131335377693, 0.0973917990923, 0.0856020078063, 0.107007466257, 0.0848805829883, 0.086839735508, 0.0854760408401, 0.0914266481996], "min": [0, 0, 0, 0, 0, 0, 0, 0, 0, 0, 0, 0, 0, 0, 0, 0, 0, 0, 0, 0, 0, 0, 0, 0, 0, 0, 0, 0, 0, 0, 0, 0, 0, 0, 0, 0]}, "key_key": "A", "thpcp": [1, 0.937026262283, 0.546141862869, 0.443486124277, 0.487122356892, 0.483528524637, 0.413157939911, 0.378427475691, 0.397416740656, 0.440284490585, 0.438392430544, 0.50857937336, 0.579267561436, 0.519221782684, 0.437864482403, 0.788145840168, 0.997891902924, 0.606177270412, 0.369304537773, 0.384779274464, 0.405511796474, 0.359489440918, 0.355439305305, 0.411564856768, 0.614559352398, 0.756144046783, 0.545950233936, 0.384801417589, 0.468850672245, 0.509720563889, 0.462207525969, 0.508626282215, 0.668180406094, 0.669334352016, 0.579117596149, 0.677039146423], "chords_key": "A", "tuning_equal_tempered_deviation": 0.34302970767, "tuning_frequency": 449.504882813, "tuning_diatonic_strength": 0.384296774864, "chords_histogram": [58.8235282898, 5.44117641449, 0, 0.063025213778, 0, 0.252100855112, 0.063025213778, 0.945378124714, 0.546218514442, 0.252100855112, 0, 0.0210084039718, 0.189075633883, 0.126050427556, 0.588235318661, 0.0840336158872, 1.72268903255, 20.042016983, 3.84453773499, 0.378151267767, 0.672268927097, 0.126050427556, 0, 5.81932783127], "key_strength": 0.632484853268, "key_scale": "minor", "chords_strength": {"dvar": 0.000135717840749, "var": 0.00799285620451, "median": 0.499746531248, "max": 0.751094937325, "dmean": 0.014184622094, "dmean2": 0.0173657368869, "mean": 0.49327403307, "dvar2": 0.000222692804527, "min": 0.177149146795}, "chords_number_rate": 0.00126050424296, "tuning_nontempered_energy_ratio": 0.951567769051, "hpcp_entropy": {"dvar": 0.342352807522, "var": 0.625018954277, "median": 2.09745240211, "max": 4.32506084442, "dmean": 0.738029301167, "dmean2": 1.21983444691, "mean": 2.16065406799, "dvar2": 0.896990120411, "min": 0}, "chords_changes_rate": 0.0978991612792, "chords_scale": "minor"}, "rhythm": {"bpm_histogram_first_peak_spread": {"dvar": 0, "var": 0, "median": 0.420512825251, "max": 0.420512825251, "dmean": 0, "dmean2": 0, "mean": 0.420512825251, "dvar2": 0, "min": 0.420512825251}, "bpm_histogram_first_peak_weight": {"dvar": 0, "var": 0, "median": 0.567839205265, "max": 0.567839205265, "dmean": 0, "dmean2": 0, "mean": 0.567839205265, "dvar2": 0, "min": 0.567839205265}, "bpm_histogram_first_peak_bpm": {"dvar": 0, "var": 0, "median": 108, "max": 108, "dmean": 0, "dmean2": 0, "mean": 108, "dvar2": 0, "min": 108}, "bpm": 108.450454712, "bpm_histogram_second_peak_weight": {"dvar": 0, "var": 0, "median": 0.0100502511486, "max": 0.0100502511486, "dmean": 0, "dmean2": 0, "mean": 0.0100502511486, "dvar2": 0, "min": 0.0100502511486}, "beats_loudness": {"dvar": 0.000704117701389, "var": 0.000825775205158, "median": 0.0363376140594, "max": 0.260503649712, "dmean": 0.0270309783518, "dmean2": 0.0420178845525, "mean": 0.0407176539302, "dvar2": 0.00206544226967, "min": 3.99736709369e-05}, "beats_loudness_band_ratio": {"dvar": [0.0874332040548, 0.011815273203, 0.019061062485, 0.0105780102313, 0.00772569235414, 0.0265855770558], "var": [0.0948008224368, 0.016545349732, 0.0268530640751, 0.0113938506693, 0.0105361780152, 0.0358768738806], "median": [0.16076759994, 0.105037212372, 0.164325669408, 0.0449738539755, 0.069138891995, 0.199642151594], "max": [0.999544858932, 0.746207118034, 0.911474525928, 0.698454022408, 0.72805929184, 0.973734676838], "dmean": [0.372468292713, 0.17224830389, 0.180565074086, 0.0937061756849, 0.0931427851319, 0.212630778551], "dmean2": [0.672423243523, 0.322490304708, 0.318744271994, 0.173422515392, 0.154034271836, 0.348300993443], "mean": [0.302990287542, 0.128989472985, 0.194606140256, 0.0816857069731, 0.0948572829366, 0.237620875239], "dvar2": [0.204125702381, 0.0363552235067, 0.0521427094936, 0.0274068415165, 0.018134130165, 0.0747760683298], "min": [0.000908539979719, 0.000361904763849, 8.43480229378e-05, 1.98035941139e-05, 8.1341004261e-06, 2.69030260824e-05]}, "bpm_histogram_second_peak_bpm": {"dvar": 0, "var": 0, "median": 126, "max": 126, "dmean": 0, "dmean2": 0, "mean": 126, "dvar2": 0, "min": 126}, "onset_rate": 4.97720623016, "beats_count": 399, "beats_position": [0.476009070873, 0.952018141747, 1.43963718414, 1.91564619541, 2.39165520668, 2.86766433716, 3.40172338486, 3.94739222527, 4.48145103455, 5.01551008224, 5.5727891922, 6.11845779419, 6.66412687302, 7.22140598297, 7.77868461609, 8.32435321808, 8.87002277374, 9.42730140686, 9.98458003998, 10.5418596268, 11.0991382599, 11.656416893, 12.202085495, 12.7477550507, 13.3050336838, 13.8623123169, 14.4195919037, 14.9652605057, 15.5109291077, 16.0682086945, 16.6254863739, 17.1827659607, 17.7400455475, 18.2857131958, 18.8313827515, 19.3886623383, 19.9459400177, 20.5032196045, 21.0604991913, 21.6177768707, 22.1750564575, 22.7207260132, 23.2663936615, 23.8236732483, 24.3577327728, 24.9150104523, 25.4722900391, 26.0295696259, 26.5752372742, 27.132516861, 27.6781845093, 28.2354640961, 28.7927436829, 29.3500213623, 29.9073009491, 30.4413604736, 30.9754180908, 31.5443077087, 32.1131973267, 32.6588668823, 33.204536438, 33.7618141174, 34.3190917969, 34.8763694763, 35.4336509705, 35.9909286499, 36.5365982056, 37.0822677612, 37.6279373169, 38.1968231201, 38.7541046143, 39.3113822937, 39.8686599731, 40.4143295288, 40.9599990845, 41.5056686401, 42.0513381958, 42.6086158752, 43.1658935547, 43.7231750488, 44.2804527283, 44.8377304077, 45.3950119019, 45.9406776428, 46.4863471985, 47.0320167542, 47.5892944336, 48.1465759277, 48.7038536072, 49.2611312866, 49.8068008423, 50.3524703979, 50.8981399536, 51.4670295715, 52.0126991272, 52.5583648682, 53.1156463623, 53.6729240417, 54.2302017212, 54.7874832153, 55.333152771, 55.8904304504, 56.4477081299, 56.9933776855, 57.5390472412, 58.0963249207, 58.6536026001, 59.2108840942, 59.7565536499, 60.3138313293, 60.859500885, 61.4167785645, 61.9740562439, 62.531337738, 63.0886154175, 63.6342849731, 64.1799545288, 64.7372360229, 65.2945098877, 65.8401794434, 66.385848999, 66.9431304932, 67.5004043579, 68.0576858521, 68.5917434692, 69.1490249634, 69.7062988281, 70.2635803223, 70.8208618164, 71.3781356812, 71.9354171753, 72.481086731, 73.0267562866, 73.5840377808, 74.1413116455, 74.6985931396, 75.2558746338, 75.8015441895, 76.3472061157, 76.9044876099, 77.4501571655, 78.0074386597, 78.5531082153, 79.1103820801, 79.6676635742, 80.2249450684, 80.7822189331, 81.3395004272, 81.8735580444, 82.4308395386, 82.9881134033, 83.533782959, 84.0794525146, 84.6251220703, 85.170791626, 85.7396774292, 86.2969589233, 86.8542404175, 87.3999099731, 87.9455795288, 88.514465332, 89.0717468262, 89.6174163818, 90.1630859375, 90.7203598022, 91.2776412964, 91.8349151611, 92.3805847168, 92.9262542725, 93.4835357666, 94.0408172607, 94.5864868164, 95.1321487427, 95.6894302368, 96.246711731, 96.8039855957, 97.3612670898, 97.918548584, 98.4758224487, 99.0214920044, 99.5671615601, 100.124443054, 100.681724548, 101.250610352, 101.796279907, 102.353561401, 102.899223328, 103.444892883, 104.002174377, 104.559455872, 105.105125427, 105.650794983, 106.208068848, 106.765350342, 107.322631836, 107.868293762, 108.413963318, 108.971244812, 109.528526306, 110.085800171, 110.643081665, 111.188751221, 111.734420776, 112.291702271, 112.848976135, 113.406257629, 113.951927185, 114.497596741, 115.054870605, 115.6121521, 116.169433594, 116.715103149, 117.260765076, 117.81804657, 118.375328064, 118.932601929, 119.478271484, 120.035552979, 120.581222534, 121.138504028, 121.695777893, 122.253059387, 122.810340881, 123.356010437, 123.901672363, 124.458953857, 125.016235352, 125.561904907, 126.107574463, 126.664848328, 127.222129822, 127.779411316, 128.336685181, 128.870742798, 129.428024292, 129.985305786, 130.54258728, 131.099868774, 131.65713501, 132.214416504, 132.748474121, 133.305755615, 133.863037109, 134.408706665, 134.954376221, 135.511657715, 136.068939209, 136.626205444, 137.183486938, 137.740768433, 138.286437988, 138.832107544, 139.389389038, 139.946670532, 140.503936768, 141.049606323, 141.595275879, 142.152557373, 142.709838867, 143.255508423, 143.801177979, 144.358459473, 144.915740967, 145.473007202, 146.018676758, 146.564346313, 147.121627808, 147.69052124, 148.236190796, 148.781860352, 149.350738525, 149.896408081, 150.442077637, 150.999359131, 151.556640625, 152.113922119, 152.647979736, 153.20526123, 153.762542725, 154.31980896, 154.877090454, 155.434371948, 155.991653442, 156.537322998, 157.082992554, 157.640274048, 158.197555542, 158.743209839, 159.288879395, 159.846160889, 160.403442383, 160.960723877, 161.506393433, 162.063674927, 162.609344482, 163.166610718, 163.723892212, 164.281173706, 164.8384552, 165.384124756, 165.929794312, 166.487075806, 167.032745361, 167.578414917, 168.135681152, 168.692962646, 169.250244141, 169.807525635, 170.364807129, 170.910476685, 171.45614624, 172.013427734, 172.57069397, 173.127975464, 173.685256958, 174.230926514, 174.776596069, 175.333877563, 175.891159058, 176.436828613, 176.982498169, 177.539764404, 178.097045898, 178.654327393, 179.199996948, 179.757278442, 180.314559937, 180.871826172, 181.429107666, 181.974777222, 182.532058716, 183.077728271, 183.623397827, 184.180679321, 184.737960815, 185.283630371, 185.829299927, 186.386566162, 186.943847656, 187.50112915, 188.046798706, 188.6040802, 189.149749756, 189.70703125, 190.264297485, 190.821578979, 191.367248535, 191.924530029, 192.470199585, 193.015869141, 193.584762573, 194.142044067, 194.687713623, 195.244979858, 195.790649414, 196.347930908, 196.905212402, 197.462493896, 198.019775391, 198.577041626, 199.122711182, 199.668380737, 200.225662231, 200.771331787, 201.317001343, 201.874282837, 202.431564331, 202.988845825, 203.534515381, 204.091781616, 204.637451172, 205.194732666, 205.75201416, 206.309295654, 206.85496521, 207.400634766, 207.95791626, 208.515182495, 209.072463989, 209.629745483, 210.175415039, 210.721084595, 211.278366089, 211.835647583, 212.381317139, 212.938583374, 213.48425293, 214.041534424, 214.610427856, 215.179321289, 215.748199463, 216.317092896, 216.885986328, 217.454864502, 218.035369873, 218.615875244, 219.184753418, 219.753646851, 220.334152222], "danceability": 1.21812796593, "bpm_histogram_second_peak_spread": {"dvar": 0, "var": 0, "median": 0.200000017881, "max": 0.200000017881, "dmean": 0, "dmean2": 0, "mean": 0.200000017881, "dvar2": 0, "min": 0.200000017881}}, "lowlevel": {"spectral_flux": {"dvar": 0.0019648342859, "var": 0.00449225585908, "median": 0.0780859291553, "max": 0.539525508881, "dmean": 0.0363989584148, "dmean2": 0.0548833981156, "mean": 0.0930121317506, "dvar2": 0.00436601648107, "min": 6.6362922102e-11}, "spectral_rolloff": {"dvar": 2467983.5, "var": 6486153, "median": 1248.92578125, "max": 18733.8867188, "dmean": 973.915222168, "dmean2": 1533.13769531, "mean": 2307.77148438, "dvar2": 4373549.5, "min": 43.06640625}, "barkbands_flatness_db": {"dvar": 0.0011830162257, "var": 0.00660947477445, "median": 0.143315315247, "max": 0.604546904564, "dmean": 0.0342378914356, "dmean2": 0.0514112189412, "mean": 0.161032989621, "dvar2": 0.00286687235348, "min": 0.0311414618045}, "spectral_centroid": {"dvar": 351912.84375, "var": 1193247.375, "median": 1422.47558594, "max": 10659.5537109, "dmean": 505.480285645, "dmean2": 741.619567871, "mean": 1656.36206055, "dvar2": 685281.4375, "min": 67.3961639404}, "melbands_skewness": {"dvar": 3.59996318817, "var": 15.5747842789, "median": 2.2507853508, "max": 53.6787414551, "dmean": 1.37565886974, "dmean2": 2.11155128479, "mean": 3.67836403847, "dvar2": 8.56920051575, "min": -2.3454413414}, "melbands": {"dvar": [1.60899962793e-05, 9.51941256062e-05, 4.3684767661e-06, 2.6044207857e-07, 1.87876466384e-07, 3.62547410759e-07, 5.9325697066e-07, 5.34996672741e-07, 1.60246358405e-07, 8.60127826741e-08, 4.28853219603e-08, 2.0513311938e-08, 3.62286698419e-08, 3.25206741536e-08, 1.57823194513e-08, 9.01555807786e-09, 7.07269487421e-09, 4.63111282656e-09, 3.09827186129e-09, 1.76453307521e-09, 2.26374274881e-09, 2.61639843124e-09, 2.87225576656e-09, 9.3208174512e-10, 6.80685841026e-10, 5.60352209078e-10, 3.68875957557e-10, 3.3418040557e-10, 1.47683018592e-10, 1.36744601753e-10, 1.76096998095e-10, 3.77119557804e-10, 5.09445596819e-10, 3.52346929411e-10, 4.74614070267e-10, 8.51539783131e-10, 1.12078457626e-09, 4.17036905009e-10, 5.25866121481e-11, 6.16898849712e-12], "var": [5.02700422658e-05, 0.000182526608114, 4.8181323109e-06, 3.40265785326e-07, 2.47032119205e-07, 3.986443744e-07, 6.10500080711e-07, 4.84714576032e-07, 1.65363019278e-07, 1.07676257244e-07, 4.917550811e-08, 2.5795866776e-08, 3.85237228784e-08, 4.33832880731e-08, 1.91038100894e-08, 1.04251460797e-08, 8.59373283646e-09, 4.83184869893e-09, 4.7753330179e-09, 2.66529709414e-09, 4.27865476382e-09, 7.07451386361e-09, 6.88169299323e-09, 8.43598135791e-10, 8.35085944839e-10, 7.34446059525e-10, 4.90319229662e-10, 3.39644284919e-10, 1.96705651767e-10, 2.26486968069e-10, 3.12892184384e-10, 5.92608961902e-10, 7.18690551516e-10, 5.48782075338e-10, 6.49378550932e-10, 1.10672793152e-09, 1.62309310436e-09, 6.2836946757e-10, 7.24471871383e-11, 9.03399664104e-12], "median": [0.000112765999802, 9.54016650212e-05, 0.000300838670228, 0.000109294793219, 2.99629591609e-05, 3.24964639731e-05, 0.000169736595126, 0.000131116466946, 4.40011135652e-05, 7.91552156443e-06, 8.46459715831e-06, 6.03523949394e-06, 4.54250039184e-06, 3.53482982973e-06, 4.90888942295e-06, 9.45185729506e-06, 4.0755048758e-06, 4.64747427031e-06, 2.00084059543e-06, 3.06525498672e-06, 3.49799688593e-06, 4.71190242024e-06, 4.37998869529e-06, 2.83358417619e-06, 3.40278506883e-06, 5.45687134945e-06, 3.50717891706e-06, 2.79849609797e-06, 2.3796262667e-06, 2.39221412812e-06, 1.58524392191e-06, 2.52525524047e-06, 2.53961184171e-06, 1.75382217549e-06, 1.69355473645e-06, 1.46357569974e-06, 1.24711800709e-06, 6.4495765173e-07, 3.09490360451e-07, 1.04621570074e-07], "max": [0.0584745630622, 0.155802100897, 0.0284405387938, 0.0127221550792, 0.00781100057065, 0.0108779128641, 0.0145956072956, 0.0130690569058, 0.00936854910105, 0.00671535963193, 0.00402991240844, 0.00372077943757, 0.00452356459573, 0.0124187786132, 0.00441734911874, 0.00249012443237, 0.00254717026837, 0.000980785349384, 0.00211926875636, 0.00180523749441, 0.0014806658728, 0.00121388607658, 0.00203716359101, 0.000654110917822, 0.000681278062984, 0.000456440844573, 0.000454498396721, 0.000334062555339, 0.000270871678367, 0.000220298272325, 0.000411292567151, 0.000591621617787, 0.000489059835672, 0.000417669245508, 0.000602287298534, 0.000707177445292, 0.000644483312499, 0.000505864212755, 0.000179277602001, 6.76837007632e-05], "dmean": [0.00156474101823, 0.00353614985943, 0.000791838509031, 0.000200845563086, 0.000173166481545, 0.000216598244151, 0.000328750000335, 0.000278063147562, 0.000138201547088, 8.96290002856e-05, 7.1954804298e-05, 4.54536457255e-05, 4.71613820991e-05, 3.38315949193e-05, 3.29833928845e-05, 2.90779044008e-05, 2.43965641857e-05, 2.54735023191e-05, 1.38142186188e-05, 1.24187381516e-05, 1.54124936671e-05, 2.14282863453e-05, 1.87121040653e-05, 9.78763819148e-06, 1.07989535536e-05, 1.18336611195e-05, 8.97757490748e-06, 7.79817582952e-06, 6.02460340815e-06, 6.54449968351e-06, 5.68634823139e-06, 8.69902123668e-06, 9.8235295809e-06, 7.60743341743e-06, 7.40338100513e-06, 8.78369610291e-06, 9.50827779889e-06, 5.45026432519e-06, 2.13770044866e-06, 7.4371394021e-07], "dmean2": [0.0026444545947, 0.0059894178994, 0.00134386564605, 0.000313053285936, 0.000277742481558, 0.000353496288881, 0.000545194081496, 0.000473930092994, 0.000225890093134, 0.000142620978295, 0.000117335257528, 7.34316854505e-05, 7.59866597946e-05, 5.52087949472e-05, 5.37314153917e-05, 4.78092115372e-05, 4.00559183618e-05, 4.28601524618e-05, 2.17713095481e-05, 2.03469680855e-05, 2.4558557925e-05, 3.28714704665e-05, 2.76826649497e-05, 1.63429285749e-05, 1.76460725925e-05, 1.91672097571e-05, 1.47735499922e-05, 1.27698185679e-05, 8.94726599654e-06, 9.55474752118e-06, 8.369722309e-06, 1.34657539093e-05, 1.47325008584e-05, 1.10928776849e-05, 1.10525415948e-05, 1.34626552608e-05, 1.44229243233e-05, 8.11278914625e-06, 3.21795391756e-06, 1.11823760562e-06], "mean": [0.00337447901256, 0.00623594364151, 0.00118722114712, 0.000277237588307, 0.000204803276574, 0.000237667511101, 0.000397239171434, 0.000318112462992, 0.000159665782121, 0.00010293606465, 7.64941141824e-05, 5.34441533091e-05, 5.22241061844e-05, 3.81958379876e-05, 3.78146251023e-05, 3.41332997777e-05, 2.63983420155e-05, 2.69689007837e-05, 1.57269205374e-05, 1.46072861753e-05, 2.04411098821e-05, 3.26071276504e-05, 2.76327173196e-05, 1.13741598398e-05, 1.33750436362e-05, 1.45120529851e-05, 1.06649767986e-05, 8.61854459799e-06, 7.30498095436e-06, 8.26889572636e-06, 7.16219392416e-06, 1.09285065264e-05, 1.17746212709e-05, 9.23420429899e-06, 8.86704856384e-06, 1.01737514342e-05, 1.14177510113e-05, 6.64862136546e-06, 2.52415725299e-06, 8.87645342118e-07], "dvar2": [4.53258835478e-05, 0.000263614987489, 1.21429693536e-05, 6.04175568242e-07, 4.54440169051e-07, 8.77958882484e-07, 1.48045569404e-06, 1.3827929024e-06, 4.11958012592e-07, 2.08162049375e-07, 1.07495949919e-07, 5.25305345889e-08, 9.25873848701e-08, 7.42701828926e-08, 3.93733046167e-08, 2.26087450983e-08, 1.7590313206e-08, 1.23027410481e-08, 7.2354380265e-09, 4.38427782967e-09, 5.48743228634e-09, 5.88442095051e-09, 5.95583937724e-09, 2.53022447438e-09, 1.72268499465e-09, 1.3748578942e-09, 9.02096786159e-10, 8.63763449654e-10, 3.12479209175e-10, 2.75185402243e-10, 3.83529291659e-10, 8.51547554692e-10, 1.16683818163e-09, 7.43563821626e-10, 1.06469022487e-09, 1.94076354987e-09, 2.44335374155e-09, 9.06125618982e-10, 1.21682011689e-10, 1.41363448725e-11], "min": [2.44986157814e-24, 3.67971623976e-24, 4.92544436052e-24, 2.50475111157e-24, 8.35323550361e-24, 7.59453353966e-24, 1.96592361456e-24, 2.50057369864e-24, 1.73495243847e-24, 2.36633639385e-24, 4.8105199484e-24, 4.25825815018e-24, 4.51684636048e-24, 6.60022761674e-24, 4.65359500397e-24, 8.94507918661e-24, 8.40308125763e-24, 4.67022182527e-24, 6.25147181611e-24, 1.17146372962e-23, 6.70110833259e-24, 3.11831982668e-24, 4.27210975881e-24, 8.00125838948e-24, 1.02796085906e-23, 1.00744716231e-23, 7.47955469614e-24, 7.07469944667e-24, 8.86123352758e-24, 8.98597373594e-24, 5.69450604031e-24, 8.66563152183e-24, 1.27848556985e-23, 1.28963832755e-23, 8.17245303882e-24, 8.29331126267e-24, 8.90970745248e-24, 8.7356886811e-24, 1.111577354e-23, 6.40717520943e-24]}, "spectral_decrease": {"dvar": 8.67475160994e-17, "var": 1.9603156137e-16, "median": -3.67766084253e-09, "max": 1.65574580657e-28, "dmean": 4.58125182234e-09, "dmean2": 7.55812923359e-09, "mean": -9.55615320208e-09, "dvar2": 2.40841113058e-16, "min": -1.44747318132e-07}, "barkbands_kurtosis": {"dvar": 2077.02856445, "var": 5378.81103516, "median": 2.48324990273, "max": 2446.23266602, "dmean": 11.2661008835, "dmean2": 17.962978363, "mean": 17.7543582916, "dvar2": 4418.07568359, "min": -1.95856285095}, "silence_rate_30dB": {"dvar": 0.0475102961063, "var": 0.122447013855, "median": 1, "max": 1, "dmean": 0.0500105060637, "dmean2": 0.100031524897, "mean": 0.857127845287, "dvar2": 0.115455597639, "min": 0}, "gfcc": {"mean": [-36.2187385559, 74.5009994507, -117.258979797, 55.9821395874, -73.6033096313, 13.949804306, -31.9307823181, 8.07780361176, 0.929567992687, 2.23850274086, 1.13967859745, -8.98610591888, -17.6329193115], "cov": [[9228.88085938, -556.049743652, -628.771118164, 348.881378174, -610.63659668, 82.2151107788, -205.966629028, -409.936889648, -357.601470947, -764.909851074, -230.72756958, -150.917556763, 193.950531006], [-556.049743652, 1920.69885254, 184.447280884, -122.851783752, 474.430450439, -127.168113708, 200.025634766, -117.287940979, -79.698059082, -236.8203125, -26.2792873383, -133.371749878, 7.84095525742], [-628.771118164, 184.447280884, 1408.66479492, 635.928955078, 239.125366211, 262.61706543, 194.460388184, -112.994247437, 38.2716255188, 29.5755672455, 16.5158863068, -180.029205322, -83.095489502], [348.881378174, -122.851783752, 635.928955078, 781.574157715, 167.429229736, 107.386795044, 71.1963729858, -113.221321106, 101.423103333, -25.1006374359, 37.1237373352, -155.562911987, -27.6597328186], [-610.63659668, 474.430450439, 239.125366211, 167.429229736, 517.479431152, 102.68196106, 132.409133911, 28.0435581207, 55.5494651794, 25.3639278412, 7.64342069626, -80.4987030029, -52.67004776], [82.2151107788, -127.168113708, 262.61706543, 107.386795044, 102.68196106, 288.934112549, 149.507339478, -1.52336132526, 17.748003006, 25.0234088898, 7.94338464737, -53.2079353333, -40.7720298767], [-205.966629028, 200.025634766, 194.460388184, 71.1963729858, 132.409133911, 149.507339478, 315.418243408, 54.8567199707, 51.4128913879, 3.67177319527, 24.7576560974, -46.8734092712, -25.5581150055], [-409.936889648, -117.287940979, -112.994247437, -113.221321106, 28.0435581207, -1.52336132526, 54.8567199707, 204.031677246, 88.1477813721, 102.298713684, 19.0598812103, 60.0055618286, -26.2691993713], [-357.601470947, -79.698059082, 38.2716255188, 101.423103333, 55.5494651794, 17.748003006, 51.4128913879, 88.1477813721, 220.934967041, 137.973754883, 62.1861076355, -12.1726322174, -34.7632598877], [-764.909851074, -236.8203125, 29.5755672455, -25.1006374359, 25.3639278412, 25.0234088898, 3.67177319527, 102.298713684, 137.973754883, 277.657623291, 76.2725067139, 28.6317081451, -66.5098571777], [-230.72756958, -26.2792873383, 16.5158863068, 37.1237373352, 7.64342069626, 7.94338464737, 24.7576560974, 19.0598812103, 62.1861076355, 76.2725067139, 105.695083618, 11.6752243042, -13.8140878677], [-150.917556763, -133.371749878, -180.029205322, -155.562911987, -80.4987030029, -53.2079353333, -46.8734092712, 60.0055618286, -12.1726322174, 28.6317081451, 11.6752243042, 136.480194092, 23.5351676941], [193.950531006, 7.84095525742, -83.095489502, -27.6597328186, -52.67004776, -40.7720298767, -25.5581150055, -26.2691993713, -34.7632598877, -66.5098571777, -13.8140878677, 23.5351676941, 96.7866973877]], "icov": [[0.000196000823053, 2.02286651074e-06, 0.000208527490031, -0.000230937206652, 0.000246455252636, -0.000299297331367, 9.35702846618e-05, 3.6218592868e-05, 2.48723481491e-05, 0.000440939940745, 0.000108248379547, 0.0001673851948, 4.93650659337e-05], [2.02286651074e-06, 0.00171926186886, -0.000603392370977, 0.00156249117572, -0.00179267232306, 0.0021625852678, -0.00124101631809, 0.00138162390795, -0.000680161872879, 0.001717676525, -0.000923877872992, 0.00102166261058, 0.000323651212966], [0.000208527490031, -0.000603392370977, 0.00187005789485, -0.00184479053132, 0.000812881567981, -0.00160605355632, 4.68326070404e-05, -8.92097232281e-05, 0.000924349646084, -0.000804267066997, 0.000806173367891, 3.56195050699e-05, 0.000349014997482], [-0.000230937206652, 0.00156249117572, -0.00184479053132, 0.00452386587858, -0.00220414600335, 0.00229672365822, -0.000730913074221, 0.00209420337342, -0.00255646184087, 0.00212275865488, -0.00187439355068, 0.00190537190065, -1.7236052372e-06], [0.000246455252636, -0.00179267232306, 0.000812881567981, -0.00220414600335, 0.00465780450031, -0.00279372301884, 0.0008407580317, -0.00199303985573, 0.000744708580896, -0.00122500979342, 0.00126001285389, 5.91154239373e-05, 0.000349411624484], [-0.000299297331367, 0.0021625852678, -0.00160605355632, 0.00229672365822, -0.00279372301884, 0.00855351332575, -0.00393906561658, 0.00217560399324, -0.000339009682648, 0.000702079269104, -0.000874534831382, 0.00134179578163, 0.00124487967696], [9.35702846618e-05, -0.00124101631809, 4.68326070404e-05, -0.000730913074221, 0.0008407580317, -0.00393906561658, 0.00639971997589, -0.00318250013515, -0.000289760995656, 0.000721282733139, -0.00104298570659, 0.000684562430251, -0.000555037346203], [3.6218592868e-05, 0.00138162390795, -8.92097232281e-05, 0.00209420337342, -0.00199303985573, 0.00217560399324, -0.00318250013515, 0.0108353951946, -0.00381035171449, -0.00025347317569, 0.00148073746823, -0.00323559390381, 0.00172513001598], [2.48723481491e-05, -0.000680161872879, 0.000924349646084, -0.00255646184087, 0.000744708580896, -0.000339009682648, -0.000289760995656, -0.00381035171449, 0.00985438749194, -0.00427880184725, -0.00162722950336, 0.0016053612344, -0.000803463568445], [0.000440939940745, 0.001717676525, -0.000804267066997, 0.00212275865488, -0.00122500979342, 0.000702079269104, 0.000721282733139, -0.00025347317569, -0.00427880184725, 0.0108340810984, -0.00416875397786, 0.000474786793347, 0.0038418660406], [0.000108248379547, -0.000923877872992, 0.000806173367891, -0.00187439355068, 0.00126001285389, -0.000874534831382, -0.00104298570659, 0.00148073746823, -0.00162722950336, -0.00416875397786, 0.0142049379647, -0.00290458020754, -0.000257268635323], [0.0001673851948, 0.00102166261058, 3.56195050699e-05, 0.00190537190065, 5.91154239373e-05, 0.00134179578163, 0.000684562430251, -0.00323559390381, 0.0016053612344, 0.000474786793347, -0.00290458020754, 0.0137182585895, -0.00279059424065], [4.93650659337e-05, 0.000323651212966, 0.000349014997482, -1.7236052372e-06, 0.000349411624484, 0.00124487967696, -0.000555037346203, 0.00172513001598, -0.000803463568445, 0.0038418660406, -0.000257268635323, -0.00279059424065, 0.0145355490968]]}, "silence_rate_20dB": {"dvar": 0.000210040947422, "var": 0.000105031249404, "median": 1, "max": 1, "dmean": 0.000210128171602, "dmean2": 0.000420300522819, "mean": 0.999894976616, "dvar2": 0.000630101771094, "min": 0}, "barkbands_skewness": {"dvar": 1.75609374046, "var": 8.77085113525, "median": 1.32663857937, "max": 35.6404075623, "dmean": 1.0490219593, "dmean2": 1.59647679329, "mean": 2.04525208473, "dvar2": 4.08839082718, "min": -5.93940973282}, "erbbands_skewness": {"dvar": 0.477157592773, "var": 1.67420578003, "median": 0.208903700113, "max": 10.8368167877, "dmean": 0.67324668169, "dmean2": 0.980635106564, "mean": 0.246362313628, "dvar2": 0.960403501987, "min": -5.72792243958}, "spectral_contrast_valleys": {"dvar": [0.142209842801, 0.223625987768, 0.210772499442, 0.163491860032, 0.181701242924, 0.262515127659], "var": [1.05738019943, 1.19235563278, 1.41436398029, 1.13954794407, 1.10737884045, 1.60936057568], "median": [-8.05256843567, -7.1888461113, -8.01966571808, -8.07877540588, -7.67145967484, -9.94742012024], "max": [-5.14932489395, -4.4291343689, -5.00546884537, -5.288646698, -5.34420394897, -6.92835760117], "dmean": [0.43966370821, 0.513608694077, 0.502870440483, 0.430231660604, 0.419627577066, 0.515191257], "dmean2": [0.698191165924, 0.796656131744, 0.740201413631, 0.623790442944, 0.579722702503, 0.597480297089], "mean": [-7.9712934494, -7.25948095322, -8.08933258057, -8.13557434082, -7.73577260971, -9.99430656433], "dvar2": [0.335389494896, 0.498182028532, 0.430135965347, 0.333374708891, 0.366873502731, 0.441066026688], "min": [-27.0710506439, -27.6238002777, -27.5860748291, -27.22697258, -27.2176761627, -27.3115730286]}, "spectral_strongpeak": {"dvar": 2.04940509796, "var": 2.81350040436, "median": 0.644590556622, "max": 26.0898723602, "dmean": 0.72044801712, "dmean2": 1.18488562107, "mean": 1.14519989491, "dvar2": 4.93018817902, "min": 0}, "erbbands_crest": {"dvar": 8.62160873413, "var": 20.1727218628, "median": 8.52403259277, "max": 29.3073139191, "dmean": 3.22476220131, "dmean2": 5.13253498077, "mean": 9.57286453247, "dvar2": 20.2583694458, "min": 2.55324101448}, "barkbands_crest": {"dvar": 8.02420711517, "var": 28.9151573181, "median": 10.4477939606, "max": 26.5571994781, "dmean": 3.21005773544, "dmean2": 5.10884904861, "mean": 11.4597158432, "dvar2": 18.3226833344, "min": 2.52907443047}, "spectral_energyband_middle_low": {"dvar": 7.35423382139e-05, "var": 0.000104567785456, "median": 0.00492069683969, "max": 0.105700813234, "dmean": 0.00525965867564, "dmean2": 0.00844084471464, "mean": 0.00862025376409, "dvar2": 0.000182917749044, "min": 1.40038726734e-22}, "spectral_contrast_coeffs": {"dvar": [0.00250513548963, 0.00236154696904, 0.00142827315722, 0.000810692610685, 0.000578023958951, 0.000492696592119], "var": [0.0162798911333, 0.00563906086609, 0.00470424536616, 0.00206884043291, 0.00212907395326, 0.00155434175394], "median": [-0.622213304043, -0.685103178024, -0.808938801289, -0.803806185722, -0.786520123482, -0.737390697002], "max": [-0.352853506804, -0.383358180523, -0.466440349817, -0.549543023109, -0.548491120338, -0.548668146133], "dmean": [0.0570808686316, 0.0593877136707, 0.0435959137976, 0.0332386493683, 0.0282580871135, 0.0236483439803], "dmean2": [0.0879136249423, 0.0958988815546, 0.0699460655451, 0.0540107339621, 0.0449415296316, 0.0363711491227], "mean": [-0.645983695984, -0.682804524899, -0.794555187225, -0.796742618084, -0.782425284386, -0.739774703979], "dvar2": [0.00532145658508, 0.00588900549337, 0.00338077615015, 0.00198968220502, 0.0013531310251, 0.00115275394637], "min": [-0.969167470932, -0.963319897652, -0.981369554996, -0.964786171913, -0.959372460842, -0.962047636509]}, "hfc": {"dvar": 940.664001465, "var": 1753.6496582, "median": 14.2841291428, "max": 438.993164063, "dmean": 15.9694423676, "dmean2": 22.9422397614, "mean": 28.1980571747, "dvar2": 1926.10461426, "min": 1.20556968538e-16}, "spectral_energyband_high": {"dvar": 1.52681968757e-05, "var": 2.73758960248e-05, "median": 0.000529556535184, "max": 0.0544001422822, "dmean": 0.00171276961919, "dmean2": 0.00243149255402, "mean": 0.00232236948796, "dvar2": 3.05117882817e-05, "min": 7.93923832181e-21}, "erbbands_spread": {"dvar": 253.275161743, "var": 906.222412109, "median": 44.698600769, "max": 179.788726807, "dmean": 15.665350914, "dmean2": 23.7777175903, "mean": 51.110042572, "dvar2": 598.523986816, "min": 2.12666559219}, "dissonance": {"dvar": 0.000514211074915, "var": 0.00100654317066, "median": 0.473130226135, "max": 0.499988526106, "dmean": 0.0203540995717, "dmean2": 0.0330144129694, "mean": 0.463869541883, "dvar2": 0.00127995118964, "min": 0.119756288826}, "spectral_kurtosis": {"dvar": 3.80351209641, "var": 8.3126707077, "median": 1.45325291157, "max": 29.4270553589, "dmean": 1.54089891911, "dmean2": 2.44793820381, "mean": 2.42047047615, "dvar2": 9.05834293365, "min": -1.26369440556}, "spectral_skewness": {"dvar": 0.107076354325, "var": 0.341037303209, "median": 1.00853025913, "max": 4.61257314682, "dmean": 0.313632518053, "dmean2": 0.458865910769, "mean": 1.07039964199, "dvar2": 0.229662954807, "min": -0.483756393194}, "pitch_salience": {"dvar": 0.00649378728122, "var": 0.0290871206671, "median": 0.548576295376, "max": 0.986205399036, "dmean": 0.0869753211737, "dmean2": 0.138473555446, "mean": 0.521971344948, "dvar2": 0.0150346532464, "min": 0.0408325381577}, "spectral_complexity": {"dvar": 29.9624271393, "var": 108.009735107, "median": 10, "max": 65, "dmean": 4.8274846077, "dmean2": 6.91436386108, "mean": 13.5565710068, "dvar2": 53.3900489807, "min": 0}, "spectral_spread": {"dvar": 558066368512, "var": 2084397383680.0, "median": 4932205.5, "max": 40352644, "dmean": 665361.8125, "dmean2": 987423.3125, "mean": 4971898.5, "dvar2": 1196490358780.0, "min": 1623705.375}, "dynamic_complexity": 3.98640060425, "melbands_crest": {"dvar": 10.8695573807, "var": 39.5212783813, "median": 14.0958614349, "max": 38.7479705811, "dmean": 3.67428565025, "dmean2": 5.93835830688, "mean": 15.0508489609, "dvar2": 26.1593570709, "min": 2.1769657135}, "zerocrossingrate": {"dvar": 0.000667149201035, "var": 0.00441388273612, "median": 0.06201171875, "max": 0.52587890625, "dmean": 0.0223223231733, "dmean2": 0.0234050229192, "mean": 0.0808584839106, "dvar2": 0.000682802405208, "min": 0.00146484375}, "spectral_energyband_low": {"dvar": 0.00126738217659, "var": 0.00275159487501, "median": 0.00111752178054, "max": 0.546342551708, "dmean": 0.0131691386923, "dmean2": 0.0223849453032, "mean": 0.0255050491542, "dvar2": 0.00355626619421, "min": 2.19559711446e-23}, "melbands_kurtosis": {"dvar": 6749.17919922, "var": 11389.4033203, "median": 8.11060619354, "max": 4082.93847656, "dmean": 29.0964164734, "dmean2": 46.7431564331, "mean": 45.6056480408, "dvar2": 16826.1191406, "min": -1.90107023716}, "spectral_energyband_middle_high": {"dvar": 1.62609703693e-05, "var": 3.61038910341e-05, "median": 0.00125824369024, "max": 0.107787869871, "dmean": 0.00211880914867, "dmean2": 0.00327343470417, "mean": 0.00357820210047, "dvar2": 3.81154786737e-05, "min": 1.28977611947e-21}, "barkbands_spread": {"dvar": 126.794036865, "var": 328.934906006, "median": 20.1941146851, "max": 106.267745972, "dmean": 10.2077264786, "dmean2": 15.5056476593, "mean": 24.3196907043, "dvar2": 291.616088867, "min": 0.0530360862613}, "mfcc": {"mean": [-667.049194336, 84.5575332642, 16.9413490295, 31.0097045898, -1.35577070713, 4.98333644867, -10.2544727325, 5.59835243225, -4.8992638588, 11.5329370499, 11.6061315536, 15.0277290344, 2.67149996758], "cov": [[7973.1171875, -798.895751953, -72.3791885376, -196.903564453, -303.205230713, -51.7515258789, -86.2009353638, 158.91065979, -183.941513062, -304.174285889, -694.22064209, -577.577636719, -264.805023193], [-798.895751953, 2030.90649414, -282.061584473, 42.2044372559, 93.2663726807, -6.37560367584, 171.707336426, 107.889503479, 31.0444717407, -118.230812073, 8.51151275635, -89.4122085571, -36.9675140381], [-72.3791885376, -282.061584473, 1194.53686523, 422.439697266, 181.33821106, 347.885650635, 151.207214355, 3.8758893013, 7.00620555878, 113.202171326, -28.0785446167, 29.0784072876, 19.2320365906], [-196.903564453, 42.2044372559, 422.439697266, 602.389709473, 263.915771484, 192.14414978, 54.6262054443, 2.43993115425, 25.826215744, 102.544471741, 5.28784990311, 47.1667709351, 44.5843582153], [-303.205230713, 93.2663726807, 181.33821106, 263.915771484, 373.375427246, 178.692123413, 57.9532203674, -6.27128791809, 24.8455066681, 73.4791183472, 25.0486602783, 63.2232093811, 24.032585144], [-51.7515258789, -6.37560367584, 347.885650635, 192.14414978, 178.692123413, 345.908843994, 168.996963501, 33.7395210266, 39.5047607422, 89.2575378418, 34.1120796204, 39.6831550598, 24.7806987762], [-86.2009353638, 171.707336426, 151.207214355, 54.6262054443, 57.9532203674, 168.996963501, 264.677886963, 87.6337356567, 56.8548660278, 20.0798130035, 18.4617366791, 15.7460422516, 20.3375244141], [158.91065979, 107.889503479, 3.8758893013, 2.43993115425, -6.27128791809, 33.7395210266, 87.6337356567, 175.885147095, 61.1182937622, -4.11226320267, -9.37511444092, -0.781156241894, 10.9730482101], [-183.941513062, 31.0444717407, 7.00620555878, 25.826215744, 24.8455066681, 39.5047607422, 56.8548660278, 61.1182937622, 133.521652222, 67.7919311523, 52.4550437927, 36.8031921387, 23.6090068817], [-304.174285889, -118.230812073, 113.202171326, 102.544471741, 73.4791183472, 89.2575378418, 20.0798130035, -4.11226320267, 67.7919311523, 173.740753174, 105.823219299, 84.5002441406, 33.7706069946], [-694.22064209, 8.51151275635, -28.0785446167, 5.28784990311, 25.0486602783, 34.1120796204, 18.4617366791, -9.37511444092, 52.4550437927, 105.823219299, 239.978256226, 153.825057983, 51.4833755493], [-577.577636719, -89.4122085571, 29.0784072876, 47.1667709351, 63.2232093811, 39.6831550598, 15.7460422516, -0.781156241894, 36.8031921387, 84.5002441406, 153.825057983, 196.629806519, 73.0920791626], [-264.805023193, -36.9675140381, 19.2320365906, 44.5843582153, 24.032585144, 24.7806987762, 20.3375244141, 10.9730482101, 23.6090068817, 33.7706069946, 51.4833755493, 73.0920791626, 96.494682312]], "icov": [[0.000206132928724, 0.000109182241431, 7.81885682954e-05, -3.43946121575e-05, 0.000106464809505, -0.000175079359906, 5.33347847522e-05, -0.0002935952798, 0.000160023977514, -1.37244196594e-05, 0.000355795171345, 0.000260847707978, 0.000226643649512], [0.000109182241431, 0.000724573270418, 0.000241871821345, -0.00024270999711, -0.000259481137618, 0.000111859568278, -0.000504602387082, -0.000353415380232, 1.5137941773e-05, 0.00