{"tonal": {"chords_number_rate": 0.00202702707611, "thpcp": [1, 0.580708026886, 0.074799567461, 0.0536469779909, 0.0949166864157, 0.199218720198, 0.293502092361, 0.236433520913, 0.115685798228, 0.0506547354162, 0.0407716818154, 0.127262741327, 0.176239073277, 0.108170263469, 0.178598105907, 0.302952617407, 0.183558925986, 0.047143176198, 0.0416268743575, 0.086942397058, 0.379084795713, 0.631852149963, 0.365142047405, 0.0696997419, 0.044598441571, 0.0450818054378, 0.0748640224338, 0.106261603534, 0.0685544759035, 0.0243207607418, 0.0154326632619, 0.0198850985616, 0.0492802262306, 0.0731697157025, 0.0939622595906, 0.527212977409], "hpcp": {"dvar": [0.0324528515339, 0.0301113389432, 0.0187232233584, 0.0132028311491, 0.012993555516, 0.0112284645438, 0.00998011883348, 0.00735135283321, 0.00454568536952, 0.00435008667409, 0.00574006745592, 0.00952290464193, 0.0130634726956, 0.0221951920539, 0.0314729772508, 0.0386773571372, 0.0292395278811, 0.0211051627994, 0.0225429311395, 0.0393727496266, 0.0542477332056, 0.0503030829132, 0.0561959557235, 0.0414936952293, 0.0222832225263, 0.0119411675259, 0.0186702664942, 0.0191361270845, 0.0176804326475, 0.0185087583959, 0.0206474736333, 0.0159412398934, 0.0116510018706, 0.0133181316778, 0.0193529184908, 0.0316332653165], "mean": [0.328344345093, 0.189747422934, 0.0362197309732, 0.0231757462025, 0.0234269294888, 0.0389033704996, 0.0552192404866, 0.035624589771, 0.0126383742318, 0.00801964104176, 0.0103333657607, 0.0256086532027, 0.038022916764, 0.0488278381526, 0.273968189955, 0.519653737545, 0.301767110825, 0.0388698764145, 0.0278778523207, 0.0493238121271, 0.103524751961, 0.152519464493, 0.122863560915, 0.0601165555418, 0.026322921738, 0.0211871564388, 0.0661325603724, 0.0915832966566, 0.0562110804021, 0.0928091704845, 0.157430455089, 0.0953870788217, 0.0244981274009, 0.0216315612197, 0.0451799407601, 0.196992829442], "min": [0, 0, 0, 0, 0, 0, 0, 0, 0, 0, 0, 0, 0, 0, 0, 0, 0, 0, 0, 0, 0, 0, 0, 0, 0, 0, 0, 0, 0, 0, 0, 0, 0, 0, 0, 0], "median": [0.139112621546, 0.0647756531835, 0.00251920986921, 0.000428514933446, 0.000823611684609, 0.0027381228283, 0.00288997450843, 0.00365527393296, 0.00218734750524, 0.00102410197724, 0.000294632802252, 0.00118189514615, 0.00191759760492, 0.0034255606588, 0.230276167393, 0.466125190258, 0.245082095265, 0.00301926326938, 0.000208085664781, 0.000183000869583, 0.0041427644901, 0.0112768933177, 0.00721309613436, 0.000834180274978, 0.000285753165372, 0.000743506825529, 0.0056959874928, 0.00799954216927, 0.00490040099248, 0.00357953249477, 0.00277427304536, 0.00261405110359, 0.00142024806701, 0.000576903752517, 0.00174347183201, 0.070253841579], "dvar2": [0.0777486339211, 0.0764031484723, 0.0497443191707, 0.0366328842938, 0.0358716584742, 0.0307856872678, 0.0241438113153, 0.017990635708, 0.0120629696175, 0.0125122480094, 0.0148849179968, 0.0246718004346, 0.0351490490139, 0.0597748234868, 0.0850685462356, 0.0906589850783, 0.0760081037879, 0.056100603193, 0.0602088309824, 0.104067765176, 0.134863555431, 0.143327906728, 0.150893747807, 0.100583910942, 0.0622851476073, 0.0331298969686, 0.0437875017524, 0.048573885113, 0.0443185418844, 0.0498328320682, 0.0484779514372, 0.0406686402857, 0.0323150791228, 0.0362369455397, 0.0511926673353, 0.0823318809271], "var": [0.137504145503, 0.0638200342655, 0.0134076476097, 0.00874019041657, 0.0092017641291, 0.011173340492, 0.0194801781327, 0.0100665912032, 0.00348130590282, 0.00260265590623, 0.00465704780072, 0.0132703157142, 0.0180689170957, 0.0194266922772, 0.0595731921494, 0.166950523853, 0.0705780610442, 0.0164140164852, 0.0166190583259, 0.0306588634849, 0.0592584349215, 0.0851657614112, 0.0680091008544, 0.0380133166909, 0.0149707552046, 0.0107244504616, 0.0337695255876, 0.051446415484, 0.0239476375282, 0.0343150794506, 0.0891891419888, 0.038594506681, 0.00858172960579, 0.00935453921556, 0.0183604434133, 0.067176759243], "dmean2": [0.17718449235, 0.164780065417, 0.0883945003152, 0.064226411283, 0.0624098144472, 0.0639356002212, 0.0591150596738, 0.0424325540662, 0.0251090340316, 0.0213659070432, 0.0244002509862, 0.0395726673305, 0.0587533861399, 0.104037947953, 0.203365564346, 0.195030152798, 0.196393370628, 0.0931403189898, 0.0774086937308, 0.125701963902, 0.171834558249, 0.183449372649, 0.189841464162, 0.131833046675, 0.0769013762474, 0.0474275387824, 0.0701736062765, 0.0800290927291, 0.0776814669371, 0.0910614654422, 0.0919620916247, 0.0804987102747, 0.0551978386939, 0.055926579982, 0.0960795134306, 0.166708394885], "max": [1, 1, 1, 1, 1, 1, 1, 1, 1, 1, 1, 1, 1, 1, 1, 1, 1, 1, 1, 1, 1, 1, 1, 1, 1, 1, 1, 1, 1, 1, 1, 1, 1, 1, 1, 1], "dmean": [0.109529472888, 0.100715562701, 0.0486717261374, 0.0349788144231, 0.0338436365128, 0.0365501046181, 0.0358181670308, 0.0256759095937, 0.0142769506201, 0.0114104533568, 0.0136282052845, 0.0224987845868, 0.0331975594163, 0.0581311881542, 0.120473183692, 0.118538044393, 0.117985755205, 0.0509713813663, 0.0414290316403, 0.0688606873155, 0.0982587859035, 0.105860665441, 0.109491482377, 0.0742572769523, 0.0412524975836, 0.0257446393371, 0.0424266792834, 0.0478271618485, 0.0452837869525, 0.0537543818355, 0.0576768480241, 0.0492511279881, 0.0303211323917, 0.0304048266262, 0.0539244115353, 0.0994852259755]}, "key_strength": 0.799561917782, "chords_strength": {"dvar": 0.000497065135278, "mean": 0.479891121387, "min": -1, "median": 0.484291791916, "dvar2": 0.0009521166794, "var": 0.0145301753655, "dmean2": 0.00642997864634, "max": 0.7503028512, "dmean": 0.00740916235372}, "tuning_equal_tempered_deviation": 0.0278077367693, "chords_key": "D", "tuning_frequency": 440, "chords_scale": "major", "chords_changes_rate": 0.0479729734361, "key_scale": "major", "tuning_diatonic_strength": 0.568500459194, "hpcp_entropy": {"dvar": 0.228277146816, "mean": 1.15687453747, "min": 0, "median": 1.11036360264, "dvar2": 0.585013270378, "var": 0.566343903542, "dmean2": 0.775658905506, "max": 3.6013906002, "dmean": 0.452122151852}, "chords_histogram": [40.6981964111, 0.450450450182, 10.4504508972, 1.37387382984, 0.180180177093, 0, 0.112612612545, 0.450450450182, 0, 0, 0.225225225091, 0.180180177093, 0.788288295269, 0, 0, 2.00450444221, 0.135135129094, 11.5990991592, 0, 0.878378391266, 1.35135138035, 3.37837839127, 22.9279270172, 2.81531524658], "tuning_nontempered_energy_ratio": 0.622554302216, "key_key": "D"}, "metadata": {"version": {"extractor": "music 1.0", "essentia_build_sha": "70f2e5ece6736b2c40cc944ad0e695b16b925413", "essentia": "2.1-beta2", "essentia_git_sha": "v2.1_beta2"}, "audio_properties": {"sample_rate": 44100, "length": 206.132247925, "lossless": false, "analysis_sample_rate": 44100, "downmix": "mix", "bit_rate": 96000, "equal_loudness": 0, "md5_encoded": "ca00702b41fe6eb50ed58842f0c07721", "codec": "mp3", "replay_gain": -16.0957145691}, "tags": {"tracknumber": ["11"], "genre": ["Folk"], "albumartist": ["Allison Moorer"], "date": ["2008"], "musicbrainz_recordingid": ["fc765225-20f9-4f2a-aa21-108c8e532d3b"], "file_name": "2230199.mp3", "title": ["Where Is My Love"], "artist": ["Allison Moorer"], "album": ["Mockingbird"], "discnumber": ["1"]}}, "lowlevel": {"melbands": {"dvar": [1.68361991015e-10, 3.45035999771e-08, 3.92675048033e-08, 1.97846077299e-08, 7.98921391265e-08, 1.51164272211e-07, 1.02284204218e-07, 4.94892660186e-09, 8.20687784397e-09, 4.17061926328e-07, 1.22562695992e-07, 1.85211689541e-07, 1.77488281849e-08, 1.47846241916e-08, 1.15597276196e-09, 1.0859002586e-09, 6.29665652951e-09, 1.86457849161e-09, 4.0273373525e-10, 4.93972987514e-11, 4.03790612058e-11, 1.26432952649e-11, 9.85099415235e-12, 1.02472934652e-11, 2.0571701894e-12, 4.56525279819e-13, 6.74268475255e-13, 1.00847661385e-12, 3.44874600882e-13, 6.82691750353e-13, 3.32899354784e-12, 2.3502668995e-12, 5.06158483182e-13, 4.62243307867e-13, 2.13206541181e-13, 2.78414254542e-13, 1.82931198401e-13, 1.32289659912e-13, 1.17282580674e-13, 8.36351251926e-14], "mean": [1.42541512105e-05, 0.000225868701818, 0.000389713444747, 0.000118448871945, 0.000365115440218, 0.000569723721128, 0.000341176812071, 4.6668061259e-05, 7.1172900789e-05, 0.000356719247065, 0.000232240694459, 0.000217462846194, 7.4527648394e-05, 7.19821618986e-05, 1.92898369278e-05, 2.74819121842e-05, 2.97611077258e-05, 1.63660224644e-05, 9.3546732387e-06, 2.29709007726e-06, 2.88268302029e-06, 1.58394993832e-06, 1.63865308878e-06, 1.57228123498e-06, 8.22128356504e-07, 4.05181737051e-07, 3.85165066064e-07, 3.97298435928e-07, 2.54854541026e-07, 2.26146184445e-07, 2.85195625338e-07, 1.64594524676e-07, 2.05265706654e-07, 1.91402946825e-07, 2.49940256936e-07, 1.92513979869e-07, 1.28850757619e-07, 7.72423831563e-08, 9.71828697516e-08, 8.72204495295e-08], "min": [1.21696595633e-24, 9.25746514685e-25, 1.08421101978e-24, 2.01750052383e-24, 9.2214921035e-25, 3.7194361752e-24, 3.57859492133e-24, 2.85040570276e-24, 2.46033193172e-24, 3.2038891468e-24, 2.6441140401e-24, 1.47779512325e-24, 1.59808231041e-24, 3.41329779611e-24, 3.07690088207e-24, 2.65371585782e-24, 2.75358032361e-24, 4.26644928739e-24, 4.24078882543e-24, 4.39253292587e-24, 5.63458022164e-24, 4.11075181052e-24, 4.73390814387e-24, 5.69596937729e-24, 4.8074489129e-24, 4.7106178145e-24, 5.64731993083e-24, 5.92624694742e-24, 6.07361050325e-24, 3.65672291652e-24, 3.82279470315e-24, 4.67118463e-24, 5.605240118e-24, 5.44057329264e-24, 5.28929895887e-24, 5.49479604139e-24, 6.55819868543e-24, 6.12786835631e-24, 7.45317360975e-24, 6.50482632873e-24], "median": [3.96315454054e-06, 0.000120856631838, 0.000267638883088, 4.06002327509e-05, 6.67984204483e-05, 6.89503140165e-05, 6.07860929449e-05, 1.09192314994e-05, 1.08312478915e-05, 4.20244941779e-06, 2.41165298576e-06, 1.71404440152e-06, 1.9323908873e-06, 8.72115208495e-07, 4.99944121657e-07, 4.36115726643e-07, 3.30041586949e-07, 2.60444494415e-07, 1.23384154449e-07, 8.69995488983e-08, 9.02068819641e-08, 6.64057324684e-08, 8.78165806739e-08, 8.34547719819e-08, 7.1068555485e-08, 6.11214758806e-08, 6.23543741085e-08, 4.62803093626e-08, 2.24640661628e-08, 1.51853463137e-08, 1.10491100713e-08, 7.53210560589e-09, 5.27487653557e-09, 3.74105502132e-09, 2.99618374555e-09, 2.29846675026e-09, 1.23071564051e-09, 8.18990708584e-10, 6.08229966392e-10, 4.12963024887e-10], "dvar2": [3.94063170983e-10, 7.14158403525e-08, 9.25659477957e-08, 5.5163130952e-08, 1.52445963408e-07, 2.74385058674e-07, 1.61307667668e-07, 6.5996088594e-09, 1.68587899196e-08, 5.4213006706e-07, 1.47597546629e-07, 2.22355282631e-07, 1.86274373704e-08, 1.47895011793e-08, 1.46768797116e-09, 1.90122495525e-09, 9.11200892517e-09, 2.54728282911e-09, 6.13033013241e-10, 6.97998256416e-11, 6.28787993895e-11, 1.86797851492e-11, 1.29445534153e-11, 2.29332594581e-11, 3.69365345601e-12, 9.79823535675e-13, 1.52239310568e-12, 2.18435577785e-12, 8.08420171083e-13, 1.37394089161e-12, 5.81600349478e-12, 5.81191041474e-12, 1.08624611042e-12, 1.07325931996e-12, 4.37148174647e-13, 5.34979504273e-13, 3.75147883678e-13, 2.28980571483e-13, 2.19267963161e-13, 1.83502396763e-13], "var": [7.00187463565e-10, 1.23115739825e-07, 2.29321372558e-07, 4.65311380538e-08, 6.00540602136e-07, 1.52486427396e-06, 1.8319302626e-06, 2.24613376787e-08, 5.10639317497e-08, 1.97724307327e-06, 9.95276764115e-07, 1.84068449016e-06, 1.07451008091e-07, 2.03862185799e-07, 9.75270175729e-09, 1.35928868161e-08, 4.78667416814e-08, 1.10282813992e-08, 2.19792140044e-09, 1.98960403708e-10, 1.40293235362e-10, 5.37055400152e-11, 8.11486156049e-11, 2.8695868598e-11, 6.2494072417e-12, 1.4177395152e-12, 1.52705799394e-12, 2.18799544455e-12, 8.59957667142e-13, 2.25830422071e-12, 1.14070419777e-11, 2.94942954608e-12, 1.36528939196e-12, 1.02542312749e-12, 6.79885672501e-13, 6.99118931149e-13, 4.09826035955e-13, 3.58767675941e-13, 3.45388404292e-13, 1.98012423515e-13], "dmean2": [8.62590241013e-06, 0.000147003142047, 0.00017133433721, 8.07979449746e-05, 0.000156002060976, 0.000183781652595, 0.000101998863101, 2.00066860998e-05, 3.2051186281e-05, 0.000157917864271, 8.07712422102e-05, 6.82465761201e-05, 3.10968644044e-05, 1.96854434762e-05, 7.63956450101e-06, 9.28664758248e-06, 1.27378616526e-05, 7.86043347034e-06, 4.54951123174e-06, 1.34354900183e-06, 1.79586231752e-06, 9.3820915481e-07, 7.68570259879e-07, 1.18033437957e-06, 5.46131957435e-07, 2.84326830524e-07, 3.07676174316e-07, 3.10937878112e-07, 2.15909381041e-07, 1.80561556817e-07, 2.26727607355e-07, 1.59844873338e-07, 1.52139620013e-07, 1.40377778735e-07, 1.73509079104e-07, 1.32886441406e-07, 1.00039002859e-07, 5.64430528982e-08, 7.18945258882e-08, 6.56625971374e-08], "max": [0.000412217254052, 0.00605727126822, 0.0114745497704, 0.00269814883359, 0.00844570808113, 0.0119560314342, 0.0224618483335, 0.00353943975642, 0.00330022070557, 0.0227512102574, 0.0157318320125, 0.0181613601744, 0.00935104954988, 0.00641679763794, 0.00182663637679, 0.00173738924786, 0.00458849593997, 0.00164967600722, 0.00104618829209, 0.000443194585387, 0.000281515734969, 0.000173002466909, 0.000252451864071, 0.000115201801236, 5.23191702086e-05, 3.12268166454e-05, 3.87085674447e-05, 5.69947042095e-05, 2.32651327678e-05, 6.92215035087e-05, 0.000146177844726, 0.000107700645458, 4.06733015552e-05, 4.38786264567e-05, 1.71438350662e-05, 3.11521071126e-05, 1.98817197088e-05, 2.44400671363e-05, 2.01645361813e-05, 1.43957759065e-05], "dmean": [5.50518052478e-06, 9.74139329628e-05, 0.00011083103891, 4.99321504321e-05, 0.000115138405818, 0.000144000252476, 8.31012876006e-05, 1.66676727531e-05, 2.32726360991e-05, 0.000129034277052, 7.19690287951e-05, 5.94260527578e-05, 2.77849358099e-05, 1.7402564481e-05, 6.23413552603e-06, 6.99561087458e-06, 1.09203692773e-05, 6.49820776744e-06, 3.43199303643e-06, 1.01354339677e-06, 1.36096093684e-06, 7.33712795409e-07, 5.99186193995e-07, 8.05465163012e-07, 3.83118532454e-07, 1.95036335526e-07, 2.02789735226e-07, 2.04277000648e-07, 1.40756853284e-07, 1.21454959867e-07, 1.5400753739e-07, 1.04404755064e-07, 9.94696591761e-08, 9.29773662506e-08, 1.14187209022e-07, 9.30211925265e-08, 6.91264787633e-08, 3.95510930673e-08, 4.83257771577e-08, 4.39081304648e-08]}, "spectral_decrease": {"dvar": 1.16892625012e-18, "mean": -3.09948267052e-09, "min": -3.04358493963e-08, "median": -1.21802035125e-09, "dvar2": 1.63724055098e-18, "var": 1.97432097261e-17, "dmean2": 7.21761539424e-10, "max": 2.46822330335e-16, "dmean": 5.69546021456e-10}, "spectral_rolloff": {"dvar": 217895.0625, "mean": 775.065124512, "min": 129.19921875, "median": 430.6640625, "dvar2": 428378.3125, "var": 3946534, "dmean2": 149.652252197, "max": 19229.1503906, "dmean": 87.6626739502}, "melbands_crest": {"dvar": 6.18492364883, "mean": 18.4410591125, "min": 1.50496852398, "median": 17.8344268799, "dvar2": 14.6523256302, "var": 37.1330070496, "dmean2": 3.47083306313, "max": 34.2380752563, "dmean": 2.33731532097}, "barkbands_skewness": {"dvar": 0.363521546125, "mean": 2.17958426476, "min": -3.97348237038, "median": 2.12333917618, "dvar2": 0.772293627262, "var": 3.14305067062, "dmean2": 0.714661598206, "max": 17.3536396027, "dmean": 0.496059805155}, "spectral_centroid": {"dvar": 37895.2421875, "mean": 572.800964355, "min": 129.651062012, "median": 415.009918213, "dvar2": 60638.375, "var": 753851.875, "dmean2": 84.4550857544, "max": 11595.0673828, "dmean": 60.46251297}, "spectral_energyband_middle_low": {"dvar": 1.53840828716e-05, "mean": 0.00850838981569, "min": 1.81002481251e-22, "median": 0.00330904801376, "dvar2": 2.24540253839e-05, "var": 0.00016528503329, "dmean2": 0.00228947261348, "max": 0.117657713592, "dmean": 0.00178327586036}, "erbbands_crest": {"dvar": 5.60826635361, "mean": 15.6092586517, "min": 2.68874716759, "median": 14.8335380554, "dvar2": 12.3404836655, "var": 35.2399139404, "dmean2": 3.15630936623, "max": 33.0510787964, "dmean": 2.20606064796}, "dynamic_complexity": 7.14148664474, "spectral_energyband_low": {"dvar": 7.1909619237e-07, "mean": 0.00154748279601, "min": 2.14418105392e-23, "median": 0.00104553811252, "dvar2": 1.56625321779e-06, "var": 3.36872881235e-06, "dmean2": 0.000739783223253, "max": 0.0369308553636, "dmean": 0.000485713593662}, "silence_rate_60dB": {"dvar": 0.0491295233369, "mean": 0.361076712608, "min": 0, "median": 0, "dvar2": 0.109571278095, "var": 0.230692625046, "dmean2": 0.103638619184, "max": 1, "dmean": 0.0518134720623}, "erbbands_kurtosis": {"dvar": 27.4675064087, "mean": 7.36012268066, "min": -1.97519803047, "median": 3.8935303688, "dvar2": 49.9423713684, "var": 126.928482056, "dmean2": 3.88802337646, "max": 205.409805298, "dmean": 2.77140498161}, "spectral_complexity": {"dvar": 0.826490819454, "mean": 5.51661205292, "min": 0, "median": 5, "dvar2": 1.8063056469, "var": 9.47928714752, "dmean2": 1.27115011215, "max": 19, "dmean": 0.759855806828}, "barkbands_crest": {"dvar": 3.3944940567, "mean": 13.9507331848, "min": 3.35003328323, "median": 13.338353157, "dvar2": 8.11058998108, "var": 22.4231491089, "dmean2": 2.71376109123, "max": 26.3865184784, "dmean": 1.79164838791}, "spectral_energy": {"dvar": 1.90266237041e-05, "mean": 0.0124051803723, "min": 9.96294699953e-21, "median": 0.00477677257732, "dvar2": 2.62595149252e-05, "var": 0.000328116875608, "dmean2": 0.00285899266601, "max": 0.122742012143, "dmean": 0.00227069458924}, "spectral_spread": {"dvar": 454642958336, "mean": 3247112.5, "min": 450612.4375, "median": 2724829.25, "dvar2": 954468859904, "var": 10335849283600.0, "dmean2": 629867.5, "max": 47864840, "dmean": 410892.6875}, "spectral_contrast_valleys": {"dvar": [0.124541804194, 0.0855818390846, 0.0753932967782, 0.0820159316063, 0.104447759688, 0.131004720926], "mean": [-9.11900138855, -8.19037628174, -9.24639511108, -10.3860855103, -10.3515415192, -12.7076511383], "min": [-27.9696292877, -27.8859500885, -27.7186145782, -27.6152095795, -27.4977359772, -27.3598098755], "median": [-9.00195789337, -7.96130609512, -9.0193195343, -10.1553030014, -10.0637655258, -13.015414238], "dvar2": [0.301338851452, 0.178235813975, 0.155253380537, 0.167048603296, 0.198679834604, 0.245683297515], "var": [2.76753592491, 3.00686073303, 2.84824156761, 2.72524046898, 3.01979756355, 3.22047352791], "dmean2": [0.632069170475, 0.410233765841, 0.415406376123, 0.398679286242, 0.358445227146, 0.35775578022], "max": [-6.682284832, -5.88794469833, -6.61514377594, -6.90712594986, -7.50993013382, -7.97419929504], "dmean": [0.383192420006, 0.260368466377, 0.258285135031, 0.251426517963, 0.240751773119, 0.24540387094]}, "spectral_rms": {"dvar": 1.40386262615e-07, "mean": 0.00281593529508, "min": 3.11768319494e-12, "median": 0.0021587649826, "dvar2": 2.2482845452e-07, "var": 4.17318460677e-06, "dmean2": 0.000374193332391, "max": 0.010942957364, "dmean": 0.00028555263998}, "barkbands_spread": {"dvar": 18.1070213318, "mean": 5.94603633881, "min": 0.211520686746, "median": 3.83548021317, "dvar2": 36.0086975098, "var": 121.752578735, "dmean2": 1.92234694958, "max": 154.477264404, "dmean": 1.32237064838}, "pitch_salience": {"dvar": 0.00266788527369, "mean": 0.458799213171, "min": 0.0580706708133, "median": 0.46133467555, "dvar2": 0.00633993651718, "var": 0.0202085264027, "dmean2": 0.0740782767534, "max": 0.822909474373, "dmean": 0.0491928718984}, "erbbands_skewness": {"dvar": 0.243705660105, "mean": 1.52797913551, "min": -6.46954965591, "median": 1.46087956429, "dvar2": 0.436312347651, "var": 1.85828948021, "dmean2": 0.55594098568, "max": 12.6288805008, "dmean": 0.403865903616}, "spectral_energyband_middle_high": {"dvar": 6.61916556055e-06, "mean": 0.00310840923339, "min": 1.30561260942e-21, "median": 9.38214507187e-05, "dvar2": 8.22749007057e-06, "var": 0.000122343408293, "dmean2": 0.000701825018041, "max": 0.110343806446, "dmean": 0.000613704905845}, "erbbands": {"dvar": [2.92157920967e-07, 0.00111497088801, 0.246502697468, 1.78242635727, 1.61183869839, 5.70361709595, 108.48072052, 380.560943604, 442.160858154, 57.4538726807, 57.0195350647, 9947.24609375, 4994.37109375, 11293.4326172, 1449.12194824, 399.166717529, 252.215194702, 1473.60241699, 453.679260254, 64.1221847534, 20.147851944, 7.19145441055, 6.31598615646, 2.67227339745, 0.539983212948, 1.49843084812, 0.762489140034, 5.44525909424, 4.16394615173, 1.68852937222, 0.615239322186, 0.499632537365, 0.237698033452, 0.108765386045, 0.0151261147112, 0.000794008781668, 5.80532723689e-05, 9.42756400946e-07, 7.92729970556e-09, 3.33268655728e-11], "mean": [0.000701522920281, 0.0384089238942, 0.613069415092, 2.64408969879, 1.51061153412, 2.110850811, 12.3562526703, 25.9194564819, 23.6540412903, 6.13403558731, 6.57151174545, 50.6133422852, 47.1436729431, 51.6663093567, 25.2927837372, 13.8213262558, 12.2126350403, 16.6347789764, 10.5544309616, 3.6684243679, 2.41835808754, 1.68905079365, 1.54714596272, 1.1144888401, 0.526325583458, 0.598427772522, 0.383928239346, 0.475719630718, 0.320231795311, 0.359813630581, 0.410921901464, 0.244052559137, 0.125616297126, 0.105273574591, 0.0252848584205, 0.00783678051084, 0.00254706433043, 0.0003967533994, 4.21660006396e-05, 1.56046389748e-05], "min": [1.49531676919e-22, 7.78194546528e-22, 1.72764567114e-21, 5.20415229781e-21, 1.87390222982e-20, 2.79920471916e-20, 3.46052010926e-20, 1.56370261771e-19, 2.72748202082e-19, 3.20322874627e-19, 2.96766709486e-19, 5.25673641169e-19, 5.92234745411e-19, 4.73545649544e-19, 6.99761659297e-19, 1.40441867686e-18, 1.76907483925e-18, 2.12776682263e-18, 3.30214057408e-18, 3.46357562397e-18, 4.9927455449e-18, 4.75375734951e-18, 6.71819384467e-18, 6.66135040657e-18, 8.02455853172e-18, 1.00270411992e-17, 8.45032493661e-18, 7.1136192647e-18, 1.03270571258e-17, 9.53305638197e-18, 1.09510772168e-17, 1.0100533715e-17, 9.91848615147e-18, 9.17035588133e-18, 5.84843948676e-18, 4.49510583018e-18, 2.40829644198e-18, 9.6989439383e-19, 2.067199831e-19, 2.61989571149e-20], "median": [0.000340147904353, 0.0129555780441, 0.331149399281, 1.74770390987, 0.873205661774, 0.789899110794, 2.11052656174, 3.11120676994, 4.86420106888, 1.43419802189, 1.72308385372, 1.04153895378, 0.734098315239, 0.602878034115, 0.677635252476, 0.297226041555, 0.251189619303, 0.19942227006, 0.164536103606, 0.0909902900457, 0.0809971392155, 0.0781928151846, 0.111928917468, 0.099400497973, 0.0965153500438, 0.0816767662764, 0.0366436317563, 0.0241836626083, 0.0139710092917, 0.00816288776696, 0.00541127985343, 0.00273439590819, 0.00127630343195, 0.000591257703491, 0.000279083120404, 0.000119629476103, 3.57135722879e-05, 8.45953854878e-06, 5.15068768436e-06, 5.6280246099e-06], "dvar2": [5.9395478047e-07, 0.00247575715184, 0.500129699707, 4.03023386002, 4.57227230072, 14.5862770081, 203.756347656, 648.063476562, 725.151367188, 82.6646575928, 122.726272583, 12995.2988281, 5959.29833984, 12725.4130859, 1549.02856445, 424.383209229, 504.95803833, 1901.1237793, 716.55859375, 103.721366882, 29.3510608673, 11.2953968048, 13.0579376221, 4.76608562469, 1.08757913113, 3.12424778938, 1.75494432449, 7.86816549301, 9.79568958282, 3.91149353981, 1.16984903812, 0.928460419178, 0.385029315948, 0.221147984266, 0.0320568792522, 0.00137986266054, 9.50917237788e-05, 1.55301268023e-06, 1.51115404634e-08, 4.75161784919e-11], "var": [1.40323390951e-06, 0.00482810335234, 0.908058643341, 11.6198482513, 3.95590186119, 14.8128919601, 723.962097168, 3344.12963867, 8682.73046875, 443.506225586, 269.021881104, 42731.4804688, 38160.1171875, 98073.59375, 12357.5839844, 4956.87841797, 3070.90356445, 11826.6328125, 3530.00317383, 270.449951172, 95.1066894531, 61.6921386719, 25.5956687927, 9.84850406647, 2.05323338509, 3.7497856617, 2.18407177925, 23.6217441559, 7.09461402893, 3.8136305809, 2.00472068787, 1.27534306049, 0.737373709679, 0.301314234734, 0.0257062539458, 0.00192112347577, 0.000153723347466, 2.8013832889e-06, 2.24602629828e-08, 5.37592026451e-10], "dmean2": [0.000405506812967, 0.0225257724524, 0.385214656591, 1.12870144844, 0.873183906078, 1.41427946091, 5.46619319916, 8.69616127014, 6.91586685181, 2.22354769707, 2.67363071442, 23.9079856873, 16.4612102509, 16.4199314117, 8.75768089294, 4.10725069046, 4.0997004509, 6.39258432388, 4.32280302048, 1.85576176643, 1.27329409122, 0.734932005405, 0.920636355877, 0.664753615856, 0.331509143114, 0.429519295692, 0.284387290478, 0.32779482007, 0.247716024518, 0.245907753706, 0.262728780508, 0.168397694826, 0.0822090804577, 0.0735936313868, 0.0187701955438, 0.0053604375571, 0.0016762020532, 0.000236447231146, 2.31647027249e-05, 3.62856167158e-06], "max": [0.0233485940844, 1.1243185997, 16.6112613678, 82.7750549316, 26.0755157471, 50.9338302612, 317.292236328, 601.612426758, 1552.35888672, 324.780487061, 480.844238281, 3428.12158203, 3117.77197266, 4419.58740234, 1931.94836426, 984.484069824, 1096.06738281, 2017.6048584, 957.247802734, 359.888671875, 225.326171875, 176.688156128, 94.1466064453, 52.2986793518, 43.6306419373, 60.47032547, 45.5979232788, 201.37878418, 144.800186157, 85.0019454956, 37.8284835815, 35.3446426392, 32.3125801086, 17.1790866852, 6.82445478439, 1.58690083027, 0.403993487358, 0.0500446073711, 0.00521573144943, 0.000165641220519], "dmean": [0.000258864922216, 0.014773636125, 0.255972236395, 0.732358753681, 0.544273674488, 0.911429703236, 4.11808729172, 7.03350687027, 5.62116718292, 1.88166737556, 1.96567440033, 19.7333850861, 14.7148981094, 14.7911024094, 7.97997522354, 3.58386898041, 2.98915910721, 5.57594251633, 3.45158886909, 1.39205241203, 0.978729248047, 0.568428099155, 0.655335247517, 0.473605036736, 0.223314449191, 0.285808712244, 0.190336465836, 0.229855552316, 0.168154388666, 0.164304122329, 0.177622690797, 0.120022810996, 0.0583359748125, 0.0495070032775, 0.0131358569488, 0.0038426630199, 0.00118779623881, 0.000163629447343, 1.55361667566e-05, 2.89979425361e-06]}, "dissonance": {"dvar": 0.00109265348874, "mean": 0.386533379555, "min": 0.100641295314, "median": 0.396757245064, "dvar2": 0.00283887935802, "var": 0.00393871916458, "dmean2": 0.0569605827332, "max": 0.5, "dmean": 0.0344973802567}, "erbbands_flatness_db": {"dvar": 0.000405179336667, "mean": 0.262903898954, "min": 0.0355177484453, "median": 0.257107257843, "dvar2": 0.000813716324046, "var": 0.00404874701053, "dmean2": 0.0229722838849, "max": 0.494119286537, "dmean": 0.0166430938989}, "melbands_kurtosis": {"dvar": 157.604446411, "mean": 19.4507846832, "min": -1.85374033451, "median": 11.1994304657, "dvar2": 327.91973877, "var": 872.319091797, "dmean2": 9.75727272034, "max": 526.91595459, "dmean": 6.61699962616}, "melbands_spread": {"dvar": 34.0253601074, "mean": 7.71977615356, "min": 0.31869789958, "median": 4.69864368439, "dvar2": 51.0668296814, "var": 219.651473999, "dmean2": 2.30117416382, "max": 247.249603271, "dmean": 1.64770293236}, "melbands_skewness": {"dvar": 0.421195685863, "mean": 2.29161047935, "min": -2.00722575188, "median": 2.11155390739, "dvar2": 0.867852210999, "var": 3.61284637451, "dmean2": 0.761428356171, "max": 15.8748922348, "dmean": 0.531366825104}, "spectral_entropy": {"dvar": 0.049854632467, "mean": 6.07767820358, "min": 3.63131189346, "median": 6.1088309288, "dvar2": 0.100173905492, "var": 0.546261966228, "dmean2": 0.248565375805, "max": 9.81921958923, "dmean": 0.175000339746}, "zerocrossingrate": {"dvar": 7.67249512137e-05, "mean": 0.0290662907064, "min": 0.0048828125, "median": 0.02001953125, "dvar2": 6.33049785392e-05, "var": 0.00309300771914, "dmean2": 0.00401741545647, "max": 0.72021484375, "dmean": 0.00340003916062}, "average_loudness": 0.068162150681, "spectral_contrast_coeffs": {"dvar": [0.00100478460081, 0.000916558492463, 0.00079181662295, 0.000494042469654, 0.000338959798682, 0.000209166333661], "mean": [-0.566601037979, -0.641808152199, -0.718858242035, -0.758358716965, -0.789826691151, -0.80328130722], "min": [-0.98274409771, -0.978779554367, -0.986185967922, -0.972539782524, -0.967291116714, -0.964188158512], "median": [-0.56225425005, -0.647025883198, -0.756086170673, -0.774449825287, -0.791860282421, -0.803487718105], "dvar2": [0.00273271766491, 0.00213415361941, 0.00149518018588, 0.00105645228177, 0.000641436432488, 0.000443217926659], "var": [0.00684172939509, 0.0100139342248, 0.0149247245863, 0.00694939214736, 0.00370907015167, 0.00233533908613], "dmean2": [0.0607561990619, 0.0477777086198, 0.0435287021101, 0.037165671587, 0.029269553721, 0.0232299249619], "max": [-0.288320124149, -0.313706696033, -0.331224948168, -0.454351276159, -0.569111645222, -0.597549796104], "dmean": [0.0369440875947, 0.0310017317533, 0.0292324125767, 0.0238382853568, 0.0195528808981, 0.015186692588]}, "barkbands_flatness_db": {"dvar": 0.000450326682767, "mean": 0.274322539568, "min": 0.0600121617317, "median": 0.266123443842, "dvar2": 0.000904722022824, "var": 0.00522315083072, "dmean2": 0.0265804138035, "max": 0.533757388592, "dmean": 0.0185968205333}, "silence_rate_30dB": {"dvar": 0.0013498540502, "mean": 0.998761117458, "min": 0, "median": 1, "dvar2": 0.00314700906165, "var": 0.00123741687275, "dmean2": 0.00270361616276, "max": 1, "dmean": 0.00135165581014}, "spectral_energyband_high": {"dvar": 2.17845403938e-08, "mean": 5.70227093704e-05, "min": 6.81648038856e-21, "median": 2.90896127808e-06, "dvar2": 3.87762923992e-08, "var": 7.62636886975e-08, "dmean2": 2.74360299954e-05, "max": 0.010293927975, "dmean": 2.03582221729e-05}, "melbands_flatness_db": {"dvar": 0.00060596934054, "mean": 0.362525850534, "min": 0.00363163766451, "median": 0.351824879646, "dvar2": 0.00115630717482, "var": 0.00889832153916, "dmean2": 0.0283608343452, "max": 0.674520850182, "dmean": 0.0204262975603}, "barkbands": {"dvar": [6.20457907274e-10, 7.85955744931e-09, 3.60706991387e-07, 2.19695493797e-07, 3.74796968572e-07, 3.32076911036e-06, 1.8051847519e-06, 1.04323575556e-07, 1.06817897176e-05, 5.98030464971e-06, 9.64002424553e-07, 1.11007545911e-06, 1.31975227191e-07, 5.23892254023e-07, 1.21590133517e-07, 1.01555883703e-08, 3.65932550928e-09, 2.76580469638e-09, 4.01486233148e-10, 5.98455340839e-10, 1.51563195327e-09, 3.87918808187e-09, 7.96811561177e-10, 8.72010241793e-10, 4.6884623961e-10, 2.11846564596e-11, 2.52754902511e-13], "mean": [4.32354772784e-06, 9.28477602429e-05, 0.00072420318611, 0.000898835540283, 0.000592576980125, 0.00293786334805, 0.00129897613078, 0.00011019520025, 0.00243351771496, 0.00152166048065, 0.000375433446607, 0.000534602557309, 0.000259444088442, 0.000278458377579, 0.000165536985151, 3.99296768592e-05, 3.31518313033e-05, 2.88206374535e-05, 1.17538002087e-05, 1.26102786453e-05, 1.07744062916e-05, 9.45937063079e-06, 1.3213627426e-05, 8.85085682967e-06, 6.52378048471e-06, 1.45294177401e-06, 2.00257218808e-07], "min": [1.32937631805e-25, 3.9432695406e-24, 1.4195585516e-24, 1.29513447925e-24, 1.08412736108e-23, 1.68964997107e-23, 1.31020850675e-23, 1.03626346232e-23, 2.59255949503e-23, 1.61746825161e-23, 9.39852353468e-24, 2.4773867495e-23, 3.10820221226e-23, 4.00373415126e-23, 6.88183068618e-23, 5.94770262298e-23, 7.82698071394e-23, 1.28317667322e-22, 1.23097970349e-22, 2.0111492548e-22, 1.73437494496e-22, 3.35179627512e-22, 3.77505637526e-22, 5.65377140886e-22, 8.06130168531e-22, 1.39678231185e-21, 1.72556519881e-21], "median": [8.91342551768e-07, 2.0505845896e-05, 0.000412597582908, 0.000587475544307, 0.000204022289836, 0.000399243057473, 0.000193234896869, 3.55007141479e-05, 2.73370169452e-05, 1.07068653961e-05, 9.09319896891e-06, 5.15278225066e-06, 4.75722572446e-06, 3.48089656654e-06, 2.00315412258e-06, 1.19598416859e-06, 1.55187967721e-06, 1.73740409082e-06, 1.6932563085e-06, 1.65263008967e-06, 7.14096415777e-07, 3.49697018009e-07, 2.00488102564e-07, 9.4118909999e-08, 4.54506476899e-08, 2.15331468212e-08, 1.62261706294e-08], "dvar2": [1.43725487067e-09, 1.89119422345e-08, 7.85057920893e-07, 5.30470515514e-07, 9.48776289533e-07, 6.71301677357e-06, 2.84879070023e-06, 2.23224887463e-07, 1.37784136314e-05, 9.28174813453e-06, 1.27476209855e-06, 1.38207758482e-06, 2.33644854575e-07, 6.5034095087e-07, 2.26579672358e-07, 1.73922192204e-08, 7.11313585811e-09, 5.6671294324e-09, 8.03350386214e-10, 1.2983276676e-09, 1.902109803e-09, 9.93648630043e-09, 1.49552792372e-09, 1.50377788e-09, 9.75262648417e-10, 3.50464414434e-11, 4.65923415301e-13], "var": [7.69973251824e-10, 3.11581551671e-08, 1.08477490812e-06, 1.44437387917e-06, 1.25709129861e-06, 3.81728568755e-05, 3.20315448334e-05, 1.40831019735e-07, 7.9587327491e-05, 7.23229022697e-05, 4.11045994042e-06, 1.20438517115e-05, 1.35561174375e-06, 3.78833919967e-06, 8.10354151781e-07, 3.67766688214e-08, 2.30278729418e-08, 8.65857696652e-09, 1.25881893798e-09, 1.54559443022e-09, 7.38068983708e-09, 5.5387032738e-09, 2.39505371091e-09, 2.42557307573e-09, 1.15218756758e-09, 5.42971813344e-11, 6.72754603762e-13], "dmean2": [7.73345800553e-06, 5.70245683775e-05, 0.000497961882502, 0.000363806873793, 0.000387629668694, 0.000952349975705, 0.00038516020868, 6.44991596346e-05, 0.000884945271537, 0.000534010585397, 0.000203297269763, 0.000155916597578, 0.000106633051473, 0.000138303643325, 8.04243754828e-05, 2.69341599051e-05, 1.95696793526e-05, 1.98384750547e-05, 8.07926880952e-06, 9.45116789808e-06, 7.49238279241e-06, 7.6897931649e-06, 8.34102320368e-06, 5.9660842453e-06, 4.54430892205e-06, 9.26979112137e-07, 1.30338804638e-07], "max": [0.00195027852897, 0.0025207826402, 0.0182379409671, 0.0295298844576, 0.014102187939, 0.052342761308, 0.0931725874543, 0.026486851275, 0.113735102117, 0.102872751653, 0.0670217499137, 0.0517928265035, 0.0198612790555, 0.0358238071203, 0.0152505636215, 0.00510194245726, 0.00314641231671, 0.0014678464504, 0.000799711677246, 0.000941955193412, 0.00380237656645, 0.00449362071231, 0.0015296083875, 0.00180276622996, 0.00101442099549, 0.000253709673416, 2.97440110444e-05], "dmean": [4.38961706095e-06, 3.66843778465e-05, 0.000331004790496, 0.000234655744862, 0.000245360366534, 0.000691320514306, 0.000318781618262, 4.70911145385e-05, 0.000725057325326, 0.000405539292842, 0.000166543177329, 0.00012884948228, 7.72840794525e-05, 0.000114404581836, 5.92329124629e-05, 1.92562438315e-05, 1.33236644615e-05, 1.40024758366e-05, 5.48507978237e-06, 6.27257122687e-06, 5.39193433724e-06, 5.06699234393e-06, 5.67139977647e-06, 4.2389679038e-06, 3.11898770633e-06, 6.64791173222e-07, 8.49491712529e-08]}, "erbbands_spread": {"dvar": 46.1346282959, "mean": 16.6324043274, "min": 0.877760589123, "median": 13.615152359, "dvar2": 97.0810928345, "var": 185.816467285, "dmean2": 5.14192438126, "max": 130.40184021, "dmean": 3.55270171165}, "barkbands_kurtosis": {"dvar": 101.174232483, "mean": 15.9538536072, "min": -1.96303784847, "median": 10.5274963379, "dvar2": 207.81678772, "var": 634.635986328, "dmean2": 7.60239076614, "max": 499.991455078, "dmean": 5.16586494446}, "spectral_flux": {"dvar": 0.000356989097781, "mean": 0.0294978935272, "min": 6.43274669643e-11, "median": 0.0189898665994, "dvar2": 0.000802829454187, "var": 0.00104431156069, "dmean2": 0.0189402829856, "max": 0.267271280289, "dmean": 0.0121215302497}, "silence_rate_20dB": {"dvar": 0, "mean": 1, "min": 1, "median": 1, "dvar2": 0, "var": 0, "dmean2": 0, "max": 1, "dmean": 0}, "gfcc": {"cov": [[18740.7558594, -1362.13183594, -3026.50439453, 96.473991394, -1829.61779785, 621.348754883, -787.559448242, 379.106170654, -419.917419434, -420.617492676, -250.987548828, 342.486358643, 311.289764404], [-1362.13183594, 2213.39160156, 163.960601807, -223.123672485, 521.661193848, -492.043151855, 266.369750977, -213.396728516, 98.5978546143, -17.1658039093, 109.758605957, -232.501754761, -144.647994995], [-3026.50439453, 163.960601807, 1340.22814941, 173.201370239, 160.795806885, 14.1046037674, -56.0417289734, -53.1977615356, 50.5634803772, 111.595817566, 74.0188522339, -30.9512233734, -131.362609863], [96.473991394, -223.123672485, 173.201370239, 684.135681152, -47.6934356689, -148.76348877, -68.6864395142, 34.1084861755, 0.830057442188, -2.58348369598, -16.2601623535, 60.3378791809, 48.7183952332], [-1829.61779785, 521.661193848, 160.795806885, -47.6934356689, 523.562133789, -63.9339370728, 145.722183228, -52.3552742004, 70.3192062378, 0.789768576622, 4.00184011459, -78.8308792114, -56.191028595], [621.348754883, -492.043151855, 14.1046037674, -148.76348877, -63.9339370728, 512.006896973, 11.3394651413, 1.34059798717, -93.7738265991, -12.3621606827, -49.8107070923, -8.52745246887, -12.6044645309], [-787.559448242, 266.369750977, -56.0417289734, -68.6864395142, 145.722183228, 11.3394651413, 295.141418457, -43.7743492126, -26.8807621002, 3.94784379005, -6.73005533218, -76.048576355, -13.2384881973], [379.106170654, -213.396728516, -53.1977615356, 34.1084861755, -52.3552742004, 1.34059798717, -43.7743492126, 175.35748291, 29.5123100281, -57.1857643127, -22.611038208, 68.1073455811, 49.8370285034], [-419.917419434, 98.5978546143, 50.5634803772, 0.830057442188, 70.3192062378, -93.7738265991, -26.8807621002, 29.5123100281, 145.724456787, 8.28729629517, 1.937469244, 8.08248710632, 1.90466010571], [-420.617492676, -17.1658039093, 111.595817566, -2.58348369598, 0.789768576622, -12.3621606827, 3.94784379005, -57.1857643127, 8.28729629517, 136.15133667, 31.8786220551, -44.3263511658, -39.039680481], [-250.987548828, 109.758605957, 74.0188522339, -16.2601623535, 4.00184011459, -49.8107070923, -6.73005533218, -22.611038208, 1.937469244, 31.8786220551, 110.54057312, 5.81379365921, -32.6145439148], [342.486358643, -232.501754761, -30.9512233734, 60.3378791809, -78.8308792114, -8.52745246887, -76.048576355, 68.1073455811, 8.08248710632, -44.3263511658, 5.81379365921, 144.141921997, 61.2521324158], [311.289764404, -144.647994995, -131.362609863, 48.7183952332, -56.191028595, -12.6044645309, -13.2384881973, 49.8370285034, 1.90466010571, -39.039680481, -32.6145439148, 61.2521324158, 131.893722534]], "mean": [-186.86895752, 147.248855591, -89.5931777954, 4.20431804657, -63.4258651733, -12.1877593994, -34.0709686279, -8.96344852448, -26.0183010101, -10.239777565, -11.6104679108, -10.6938257217, -15.4124183655], "icov": [[0.000267773604719, -0.000392141431803, 0.000630181282759, -0.000319869344821, 0.000750402105041, -0.000654205738101, 0.000684708647896, -0.000431286345702, 0.000261246488662, -8.09096018202e-05, 0.000291336938972, -0.000257014500676, 0.000336292374413], [-0.000392141431803, 0.00185637513641, -0.00109351926949, 0.000931621529162, -0.00167259993032, 0.00222401763313, -0.00139454647433, 0.00161902944092, -0.000529531796928, 0.00165831821505, -0.00121625233442, 0.00174996186979, -0.000338557263603], [0.000630181282759, -0.00109351926949, 0.00250859558582, -0.00117656216025, 0.00149548402987, -0.00197341153398, 0.00190939987078, -0.00116626359522, 0.000373431219487, -0.000983286299743, 0.000394522765419, -0.000983242294751, 0.00158510683104], [-0.000319869344821, 0.000931621529162, -0.00117656216025, 0.00238610198721, -0.00102881947532, 0.00194944837131, -0.000758784764912, 0.000739063078072, 0.000270331947831, 0.000466407567728, 9.63074562605e-05, 0.000308100425173, -0.000869092997164], [0.000750402105041, -0.00167259993032, 0.00149548402987, -0.00102881947532, 0.00520724337548, -0.0022180727683, 0.000752167543396, -0.00103955040686, -0.000811871548649, 9.53699563979e-05, 0.00130329281092, -0.000710252439603, 0.00143093348015], [-0.000654205738101, 0.00222401763313, -0.00197341153398, 0.00194944837131, -0.0022180727683, 0.00551701616496, -0.00204563234001, 0.00171715707984, 0.000998017727397, 0.00159967783839, 5.7897210354e-05, 0.00167724431958, -0.000279858300928], [0.000684708647896, -0.00139454647433, 0.00190939987078, -0.000758784764912, 0.000752167543396, -0.00204563234001, 0.00663253618404, -0.00134656904265, 0.00204558786936, -0.000607763940934, 0.000770203710999, 0.00100891035981, -0.000151462983922], [-0.000431286345702, 0.00161902944092, -0.00116626359522, 0.000739063078072, -0.00103955040686, 0.00171715707984, -0.00134656904265, 0.0097806500271, -0.00270441686735, 0.00374501966871, -0.000334346463205, -0.00085856905207, -0.00128709408455], [0.000261246488662, -0.000529531796928, 0.000373431219487, 0.000270331947831, -0.000811871548649, 0.000998017727397, 0.00204558786936, -0.00270441686735, 0.00992522761226, -0.00180417147931, 0.00135639030486, -0.000720542855561, 4.41281626991e-05], [-8.09096018202e-05, 0.00165831821505, -0.000983286299743, 0.000466407567728, 9.53699563979e-05, 0.00159967783839, -0.000607763940934, 0.003