{"tonal": {"hpcp": {"dvar": [0.0434816963971, 0.0354074500501, 0.0270855743438, 0.0268869455904, 0.0292669720948, 0.0293324925005, 0.0341356508434, 0.0370274037123, 0.0455098189414, 0.0496131815016, 0.0451414659619, 0.0415901355445, 0.0437952503562, 0.0503804571927, 0.0448374412954, 0.040178693831, 0.0364157110453, 0.0299606192857, 0.0248181466013, 0.0250249020755, 0.0297097023576, 0.0341697484255, 0.03688390553, 0.03623265028, 0.0270294435322, 0.0245033595711, 0.0262221768498, 0.0297275204211, 0.0325530655682, 0.0341689139605, 0.0289564747363, 0.0263832043856, 0.0236048717052, 0.0281255654991, 0.0394686460495, 0.0436585694551], "var": [0.158889859915, 0.0726603791118, 0.0210601240396, 0.019860368222, 0.0220910366625, 0.0259809084237, 0.050487164408, 0.0435373708606, 0.0368615947664, 0.0399199984968, 0.0367369763553, 0.0382585935295, 0.061062451452, 0.0595148541033, 0.0521907880902, 0.108433306217, 0.0693318471313, 0.0223128478974, 0.0162627641112, 0.0172568429261, 0.0367523729801, 0.104001067579, 0.0740228146315, 0.0296491011977, 0.0219884365797, 0.0185400787741, 0.0320309586823, 0.0742774233222, 0.0601633265615, 0.0346093475819, 0.0422287918627, 0.0290366001427, 0.0202989317477, 0.0275407303125, 0.0392045043409, 0.0773046687245], "median": [0.141921579838, 0.106345370412, 0.0160219594836, 0.00205862754956, 0.00141012296081, 0.00327644567005, 0.00587514229119, 0.00608842354268, 0.00315068592317, 0.00155162950978, 0.00183959328569, 0.0162914153188, 0.0397314056754, 0.0357040576637, 0.0250622332096, 0.0117128780112, 0.00729093048722, 0.00353890284896, 0.00127306918148, 0.00199764268473, 0.0200129784644, 0.0400909408927, 0.0330452769995, 0.0070064230822, 0.00240860483609, 0.00195760675706, 0.00668858364224, 0.0155619457364, 0.0147550757974, 0.00550248194486, 0.00205447408371, 0.00130874558818, 0.00424633733928, 0.00818499270827, 0.0164132528007, 0.0774933844805], "max": [1, 1, 1, 1, 1, 1, 1, 1, 1, 1, 1, 1, 1, 1, 1, 1, 1, 1, 1, 1, 1, 1, 1, 1, 1, 1, 1, 1, 1, 1, 1, 1, 1, 1, 1, 1], "dmean": [0.129853487015, 0.132848709822, 0.0831349045038, 0.0606697425246, 0.0632580816746, 0.072472140193, 0.0821274071932, 0.0915467813611, 0.0990544185042, 0.0970228612423, 0.0936548262835, 0.101657085121, 0.122532963753, 0.132178932428, 0.119593374431, 0.0953952670097, 0.0939790457487, 0.0688622519374, 0.0506162419915, 0.0535965785384, 0.0873419195414, 0.0944448560476, 0.103601336479, 0.0859790816903, 0.0588137544692, 0.0514104403555, 0.0706009268761, 0.085780762136, 0.0887242406607, 0.0832301527262, 0.0654903352261, 0.0623324774206, 0.0608450695872, 0.0764614269137, 0.10773307085, 0.148102506995], "dmean2": [0.221420764923, 0.226312369108, 0.151801452041, 0.113540373743, 0.117878451943, 0.132365331054, 0.147066056728, 0.164314597845, 0.179373443127, 0.177758023143, 0.171610087156, 0.18275013566, 0.212058275938, 0.23180256784, 0.212968483567, 0.167476385832, 0.166961565614, 0.127152562141, 0.0952689647675, 0.0998239591718, 0.151745468378, 0.158790871501, 0.178339347243, 0.155763164163, 0.108791202307, 0.0954329147935, 0.122885130346, 0.143990725279, 0.153151288629, 0.149802938104, 0.118565373123, 0.113379627466, 0.111411713064, 0.135876849294, 0.193193659186, 0.259109377861], "mean": [0.35632660985, 0.232245862484, 0.0676726251841, 0.04155722633, 0.0437709949911, 0.0642398223281, 0.102252021432, 0.0976660102606, 0.0741952806711, 0.070280700922, 0.0675863400102, 0.0926655605435, 0.150148704648, 0.145151466131, 0.13279157877, 0.182785391808, 0.137459799647, 0.051685038954, 0.0335314422846, 0.0367013551295, 0.108730666339, 0.210650578141, 0.165034174919, 0.0731417313218, 0.0488615259528, 0.0376009605825, 0.0826010406017, 0.150280803442, 0.128418713808, 0.0777602419257, 0.0725096613169, 0.0583764016628, 0.0494986101985, 0.0687803402543, 0.0956893786788, 0.22550933063], "dvar2": [0.106545783579, 0.0967793613672, 0.0760914906859, 0.0746590569615, 0.0823801159859, 0.0838598757982, 0.0941365137696, 0.101655587554, 0.122442893684, 0.130655363202, 0.12221737206, 0.112373664975, 0.113476984203, 0.138139456511, 0.125884830952, 0.103725865483, 0.102313511074, 0.0853280425072, 0.069841593504, 0.0697370842099, 0.0821752622724, 0.0821155756712, 0.0969949439168, 0.103442206979, 0.0760810524225, 0.0701615810394, 0.0710249766707, 0.0757098942995, 0.0861691683531, 0.0975769534707, 0.0790242031217, 0.075032748282, 0.0670250728726, 0.0773838460445, 0.109240807593, 0.118422888219], "min": [0, 0, 0, 0, 0, 0, 0, 0, 0, 0, 0, 0, 0, 0, 0, 0, 0, 0, 0, 0, 0, 0, 0, 0, 0, 0, 0, 0, 0, 0, 0, 0, 0, 0, 0, 0]}, "key_key": "D", "thpcp": [1, 0.651778042316, 0.189917400479, 0.116626784205, 0.122839532793, 0.180283546448, 0.286961495876, 0.274091273546, 0.208222672343, 0.19723674655, 0.18967525661, 0.260057926178, 0.421379446983, 0.407355099916, 0.372668147087, 0.512971460819, 0.385769098997, 0.145049616694, 0.0941031128168, 0.102999195457, 0.305143266916, 0.591172754765, 0.463154226542, 0.205265983939, 0.13712567091, 0.105523861945, 0.23181271553, 0.421750158072, 0.36039608717, 0.218227431178, 0.203492134809, 0.163828358054, 0.138913601637, 0.19302611053, 0.268544018269, 0.632872521877], "chords_key": "A", "tuning_equal_tempered_deviation": 0.0796595439315, "tuning_frequency": 438.984558105, "tuning_diatonic_strength": 0.613436043262, "chords_histogram": [20.728603363, 18.024181366, 31.2122173309, 0.572701215744, 6.07699632645, 0, 0.509067773819, 0, 4.23162603378, 0, 0.668151438236, 0, 0, 0.206808775663, 0, 0.111358575523, 0.111358575523, 0.111358575523, 0, 0, 0.604517996311, 6.72923946381, 3.42029905319, 6.68151426315], "key_strength": 0.866985201836, "key_scale": "major", "chords_strength": {"dvar": 0.000348305125954, "var": 0.016881454736, "median": 0.596845626831, "max": 0.802123963833, "dmean": 0.00799148529768, "dmean2": 0.00805096048862, "mean": 0.585906147957, "dvar2": 0.000632179027889, "min": -1}, "chords_number_rate": 0.00127266941126, "tuning_nontempered_energy_ratio": 0.724232017994, "hpcp_entropy": {"dvar": 0.235135123134, "var": 0.462191879749, "median": 1.7863380909, "max": 4.23016357422, "dmean": 0.573148310184, "dmean2": 0.967817664146, "mean": 1.77312338352, "dvar2": 0.639748692513, "min": 0}, "chords_changes_rate": 0.035793825984, "chords_scale": "major"}, "rhythm": {"bpm_histogram_first_peak_spread": {"dvar": 0, "var": 0, "median": 0.415204703808, "max": 0.415204703808, "dmean": 0, "dmean2": 0, "mean": 0.415204703808, "dvar2": 0, "min": 0.415204703808}, "bpm_histogram_first_peak_weight": {"dvar": 0, "var": 0, "median": 0.544464588165, "max": 0.544464588165, "dmean": 0, "dmean2": 0, "mean": 0.544464588165, "dvar2": 0, "min": 0.544464588165}, "bpm_histogram_first_peak_bpm": {"dvar": 0, "var": 0, "median": 112, "max": 112, "dmean": 0, "dmean2": 0, "mean": 112, "dvar2": 0, "min": 112}, "bpm": 112.300735474, "bpm_histogram_second_peak_weight": {"dvar": 0, "var": 0, "median": 0.0181488208473, "max": 0.0181488208473, "dmean": 0, "dmean2": 0, "mean": 0.0181488208473, "dvar2": 0, "min": 0.0181488208473}, "beats_loudness": {"dvar": 0.00104230176657, "var": 0.00118493149057, "median": 0.0448030009866, "max": 0.190839916468, "dmean": 0.0327915549278, "dmean2": 0.0588483549654, "mean": 0.05063264817, "dvar2": 0.00313089415431, "min": 1.96192262436e-09}, "beats_loudness_band_ratio": {"dvar": [0.0257257893682, 0.0210072770715, 0.0132385957986, 0.00252067740075, 0.000808975310065, 0.00111518776976], "var": [0.0423131324351, 0.0275062546134, 0.0119810700417, 0.00182127521839, 0.000709759129677, 0.00293680257164], "median": [0.678094565868, 0.181878119707, 0.0694898813963, 0.0115842483938, 0.00872896518558, 0.00442159920931], "max": [0.97462028265, 0.854210734367, 0.754237174988, 0.319251090288, 0.255992293358, 0.736591100693], "dmean": [0.199700668454, 0.171312481165, 0.0962167456746, 0.0302575528622, 0.0190470162779, 0.0153587879613], "dmean2": [0.34547123313, 0.307488709688, 0.173778712749, 0.0556606799364, 0.034492764622, 0.0278493594378], "mean": [0.640757024288, 0.226247727871, 0.105338484049, 0.0272799562663, 0.018409140408, 0.0146794524044], "dvar2": [0.0728761255741, 0.0639878809452, 0.0386727750301, 0.00692021567374, 0.00221916451119, 0.00267379963771], "min": [0.107590004802, 0.00107199547347, 0.00110565067735, 0.000188153222553, 0.000275707425317, 4.24370846304e-05]}, "bpm_histogram_second_peak_bpm": {"dvar": 0, "var": 0, "median": 157, "max": 157, "dmean": 0, "dmean2": 0, "mean": 157, "dvar2": 0, "min": 157}, "onset_rate": 3.59086585045, "beats_count": 552, "beats_position": [0.53405892849, 1.07972788811, 1.62539684772, 2.18267560005, 2.73995471001, 3.28562355042, 3.83129239082, 4.38857126236, 4.93424034119, 5.47990942001, 6.03718805313, 6.58285713196, 7.12852573395, 7.6858048439, 8.23147392273, 8.77714252472, 9.32281208038, 9.86848068237, 10.4141492844, 10.95981884, 11.4938774109, 12.0395460129, 12.5852155685, 13.1424942017, 13.6765527725, 14.2222223282, 14.7678909302, 15.3135595322, 15.8476190567, 16.3932876587, 16.9389572144, 17.4846248627, 18.0186843872, 18.5527439117, 19.1100215912, 19.6556911469, 20.1781406403, 20.7121982574, 21.246257782, 21.7919273376, 22.3259868622, 22.8716545105, 23.4173240662, 23.9513835907, 24.497051239, 25.0311107635, 25.5767803192, 26.1224479675, 26.6681175232, 27.2137870789, 27.747844696, 28.2819042206, 28.8159637451, 29.3616313934, 29.895690918, 30.4297504425, 30.9638080597, 31.5094776154, 32.0435371399, 32.5775947571, 33.1000442505, 33.6224937439, 34.1565513611, 34.690612793, 35.2246704102, 35.7587280273, 36.304397583, 36.8384590149, 37.3841247559, 37.94140625, 38.4986839294, 39.0443534851, 39.5900230408, 40.124080658, 40.6697502136, 41.2154197693, 41.7494773865, 42.2951469421, 42.8408164978, 43.3864860535, 43.9321517944, 44.4894332886, 45.0351028442, 45.5691604614, 46.1148300171, 46.6604995728, 47.2061653137, 47.7518348694, 48.2858963013, 48.8199539185, 49.3656234741, 49.8996810913, 50.445350647, 50.9910202026, 51.5250778198, 52.0707473755, 52.6164169312, 53.1620864868, 53.7077522278, 54.2534217834, 54.7874832153, 55.333152771, 55.878818512, 56.4128799438, 56.946937561, 57.4926071167, 58.0266647339, 58.5723342896, 59.1180038452, 59.6636734009, 60.2093429565, 60.7550086975, 61.3006782532, 61.8347396851, 62.3687973022, 62.9028549194, 63.4369163513, 63.9825820923, 64.5166397095, 65.0507049561, 65.5847625732, 66.107208252, 66.6412658691, 67.1753311157, 67.7093887329, 68.2434463501, 68.7775039673, 69.3231735229, 69.8572311401, 70.3796844482, 70.9137420654, 71.4477996826, 71.9818572998, 72.515914917, 73.0499725342, 73.5840377808, 74.1180953979, 74.6521530151, 75.1862106323, 75.7202682495, 76.2427215576, 76.7767791748, 77.310836792, 77.8565063477, 78.3905639648, 78.924621582, 79.4470748901, 79.9695205688, 80.491973877, 81.0144195557, 81.5484771729, 82.08253479, 82.6166000366, 83.1506576538, 83.6963272095, 84.2303848267, 84.7528305054, 85.2868881226, 85.8209533691, 86.3550109863, 86.8890686035, 87.4347381592, 87.9804077148, 88.514465332, 89.0485229492, 89.5825805664, 90.116645813, 90.6507034302, 91.1731491089, 91.7072067261, 92.2296600342, 92.7637176514, 93.2977752686, 93.8318328857, 94.3658905029, 94.8999557495, 95.4456253052, 95.9912872314, 96.5137405396, 97.0477981567, 97.5818557739, 98.1275253296, 98.6615829468, 99.1956481934, 99.7297058105, 100.263763428, 100.797821045, 101.331878662, 101.865936279, 102.411605835, 102.945663452, 103.46811676, 104.002174377, 104.536231995, 105.070289612, 105.604354858, 106.138412476, 106.672470093, 107.20652771, 107.740585327, 108.274642944, 108.808708191, 109.33115387, 109.853607178, 110.387664795, 110.921722412, 111.444168091, 111.978225708, 112.512290955, 113.05796051, 113.592018127, 114.126075745, 114.660133362, 115.194190979, 115.739860535, 116.28553009, 116.831199646, 117.376869202, 117.910926819, 118.456596375, 118.990653992, 119.524711609, 120.047164917, 120.581222534, 121.115280151, 121.649337769, 122.183395386, 122.717460632, 123.25151825, 123.785575867, 124.319633484, 124.853691101, 125.387756348, 125.921813965, 126.455871582, 126.989929199, 127.523986816, 128.058044434, 128.580490112, 129.114562988, 129.637008667, 130.159454346, 130.681900024, 131.215957642, 131.73840332, 132.260864258, 132.794921875, 133.340591431, 133.863037109, 134.397094727, 134.907928467, 135.430389404, 135.952835083, 136.463668823, 136.99772644, 137.531784058, 138.054244995, 138.576690674, 139.099136353, 139.63319397, 140.155639648, 140.689697266, 141.212158203, 141.734603882, 142.257049561, 142.779495239, 143.313552856, 143.847610474, 144.381668091, 144.915740967, 145.449798584, 145.983856201, 146.517913818, 147.051971436, 147.586029053, 148.12008667, 148.654144287, 149.188201904, 149.722259521, 150.256317139, 150.790390015, 151.324447632, 151.858505249, 152.392562866, 152.926620483, 153.460678101, 153.994735718, 154.517181396, 155.039627075, 155.573699951, 156.09614563, 156.630203247, 157.152648926, 157.675094604, 158.197555542, 158.720001221, 159.242446899, 159.764892578, 160.298950195, 160.833007812, 161.35546875, 161.889526367, 162.423583984, 162.957641602, 163.48008728, 164.002532959, 164.524978638, 165.047439575, 165.569885254, 166.092330933, 166.614776611, 167.137237549, 167.671295166, 168.193740845, 168.716186523, 169.250244141, 169.784301758, 170.318359375, 170.852416992, 171.386474609, 171.920547485, 172.466217041, 173.011871338, 173.545944214, 174.080001831, 174.614059448, 175.148117065, 175.682174683, 176.2162323, 176.750289917, 177.295959473, 177.83001709, 178.352462769, 178.874923706, 179.408981323, 179.94303894, 180.488708496, 181.022766113, 181.533599854, 182.067657471, 182.601715088, 183.135772705, 183.669830322, 184.203903198, 184.737960815, 185.272018433, 185.794464111, 186.31690979, 186.850967407, 187.373413086, 187.907485962, 188.441543579, 188.987213135, 189.521270752, 190.055328369, 190.589385986, 191.135055542, 191.680725098, 192.214782715, 192.748840332, 193.282897949, 193.816955566, 194.351013184, 194.885070801, 195.419128418, 195.964797974, 196.498855591, 197.044525146, 197.590194702, 198.135864258, 198.669921875, 199.203994751, 199.738052368, 200.272109985, 200.806167603, 201.34022522, 201.874282837, 202.408340454, 202.930786133, 203.46484375, 203.998901367, 204.544570923, 205.07862854, 205.612701416, 206.146759033, 206.68081665, 207.214874268, 207.737319946, 208.259765625, 208.793823242, 209.327880859, 209.861953735, 210.396011353, 210.93006897, 211.464126587, 211.986572266, 212.509017944, 213.043075562, 213.565536499, 214.087982178, 214.622039795, 215.156097412, 215.690155029, 216.224212646, 216.758270264, 217.292327881, 217.826385498, 218.360443115, 218.894515991, 219.428573608, 219.962631226, 220.496688843, 221.03074646, 221.576416016, 222.098861694, 222.632919312, 223.166976929, 223.701034546, 224.246704102, 224.780761719, 225.326431274, 225.87210083, 226.406158447, 226.951828003, 227.48588562, 228.008346558, 228.530792236, 229.064849854, 229.598907471, 230.132965088, 230.667022705, 231.189468384, 231.711929321, 232.245986938, 232.780044556, 233.314102173, 233.84815979, 234.382217407, 234.916275024, 235.450332642, 235.984390259, 236.518447876, 237.040908813, 237.563354492, 238.097412109, 238.631469727, 239.165527344, 239.676361084, 240.198822021, 240.7212677, 241.23210144, 241.754547119, 242.277008057, 242.799453735, 243.321899414, 243.855957031, 244.390014648, 244.924072266, 245.434921265, 245.945755005, 246.468200684, 247.002258301, 247.524719238, 248.058776855, 248.592834473, 249.12689209, 249.649337769, 250.171783447, 250.705841064, 251.239898682, 251.773956299, 252.308029175, 252.842086792, 253.376144409, 253.910202026, 254.444259644, 254.978317261, 255.512374878, 256.046447754, 256.568878174, 257.091339111, 257.625396729, 258.147827148, 258.681884766, 259.204345703, 259.73840332, 260.272460938, 260.794921875, 261.317352295, 261.851409912, 262.385467529, 262.919555664, 263.453613281, 263.987670898, 264.510101318, 265.044158936, 265.578216553, 266.10067749, 266.623138428, 267.145568848, 267.668029785, 268.190460205, 268.712921143, 269.23538208, 269.74621582, 270.257049561, 270.791107178, 271.325164795, 271.859222412, 272.393280029, 272.927337646, 273.461395264, 273.983856201, 274.506286621, 275.028747559, 275.551208496, 276.085266113, 276.61932373, 277.153381348, 277.687438965, 278.209869385, 278.743927002, 279.277984619, 279.695953369, 280.125518799, 280.555084229, 280.973052979, 281.391021729, 281.808959961, 282.215332031, 282.586853027, 282.969970703, 283.353088379, 283.736236572, 284.130981445, 284.525695801, 284.920440674, 285.315185547, 285.698303223, 286.081451416, 286.464569092, 286.847717285, 287.230834961, 287.613952637, 287.99710083, 288.449890137, 288.902679443, 289.36706543, 289.819854736, 290.272644043, 290.737060547, 291.189849854], "danceability": 1.07810485363, "bpm_histogram_second_peak_spread": {"dvar": 0, "var": 0, "median": 0.0909090638161, "max": 0.0909090638161, "dmean": 0, "dmean2": 0, "mean": 0.0909090638161, "dvar2": 0, "min": 0.0909090638161}}, "lowlevel": {"spectral_flux": {"dvar": 0.000790714169852, "var": 0.0023741221521, "median": 0.0701769441366, "max": 0.45931661129, "dmean": 0.0250522121787, "dmean2": 0.0400751009583, "mean": 0.0783492326736, "dvar2": 0.00198338041082, "min": 8.32279874885e-06}, "spectral_rolloff": {"dvar": 551965.1875, "var": 2555155.75, "median": 344.53125, "max": 18152.4902344, "dmean": 177.346130371, "dmean2": 305.791900635, "mean": 609.053161621, "dvar2": 1319895.875, "min": 21.533203125}, "barkbands_flatness_db": {"dvar": 0.000602575950325, "var": 0.00368093489669, "median": 0.215103775263, "max": 0.484334945679, "dmean": 0.0261575300246, "dmean2": 0.0379060916603, "mean": 0.22054849565, "dvar2": 0.00129162194207, "min": 0.0581022538245}, "spectral_centroid": {"dvar": 51925.5703125, "var": 242592.5625, "median": 485.53894043, "max": 11104.6425781, "dmean": 131.865844727, "dmean2": 197.769210815, "mean": 618.861083984, "dvar2": 94195.75, "min": 128.369018555}, "melbands_skewness": {"dvar": 0.662251651287, "var": 2.62019562721, "median": 3.17355060577, "max": 15.3925514221, "dmean": 0.787311077118, "dmean2": 1.20504367352, "mean": 3.40467095375, "dvar2": 1.56016778946, "min": -1.09973931313}, "melbands": {"dvar": [1.03979045889e-05, 1.58219736477e-05, 9.93987896436e-07, 9.87519229056e-07, 1.04809976165e-06, 1.89449849586e-07, 1.62902097145e-07, 1.90580209392e-07, 1.47845398146e-07, 3.43869714925e-08, 1.83106205753e-08, 1.15158851344e-08, 4.3962247176e-09, 4.95048091409e-09, 1.29606880783e-09, 1.09327424891e-09, 1.01032493482e-09, 1.15891640728e-09, 5.22837551031e-10, 2.67376148999e-10, 5.96819094145e-10, 1.7268239616e-10, 4.86648603359e-11, 7.32445354368e-11, 5.87893692061e-11, 6.41124722756e-11, 8.39604843983e-11, 1.00477466625e-10, 3.36019025104e-11, 1.21287303118e-11, 9.48706564696e-12, 8.92956888987e-12, 8.25882157801e-12, 1.06631431115e-11, 7.7503810661e-12, 5.30767530621e-12, 3.05194376715e-11, 7.56344986641e-12, 4.83176823204e-12, 4.09492925679e-12], "var": [1.23082345453e-05, 2.49501608778e-05, 2.37808080783e-06, 2.28367503041e-06, 4.18053332396e-06, 5.6312939023e-07, 4.050515372e-07, 7.65420111293e-07, 4.58732444031e-07, 1.36837854825e-07, 7.05359752828e-08, 3.74174078388e-08, 1.11591829111e-08, 1.23593686396e-08, 4.95274310452e-09, 3.05544456403e-09, 3.53492501937e-09, 2.45746600847e-09, 1.18951026806e-09, 7.37860550437e-10, 1.57299273607e-09, 4.33244135012e-10, 1.07175796016e-10, 1.06498483643e-10, 1.13052935069e-10, 1.28287977463e-10, 1.23356380666e-10, 1.32937480468e-10, 5.18603458788e-11, 1.78400280659e-11, 1.32071454467e-11, 1.30828499076e-11, 1.33365488791e-11, 1.5221820332e-11, 1.19729998485e-11, 1.11986860757e-11, 3.435771459e-11, 1.56124072004e-11, 8.32088131036e-12, 6.18862643423e-12], "median": [0.00144335022196, 0.00374315842055, 0.00142080942169, 0.000820999615826, 0.000440162722953, 0.000269609066891, 0.000200976472115, 0.000119057920529, 8.80229563336e-05, 3.21626066579e-05, 2.26353222388e-05, 1.33573666972e-05, 7.91785714682e-06, 8.83036136656e-06, 5.14678458785e-06, 4.93137440571e-06, 4.04924685427e-06, 4.3513118726e-06, 3.64943457498e-06, 3.05486832985e-06, 3.7952013372e-06, 1.81602467819e-06, 1.77630022336e-06, 1.15148122859e-06, 1.25952874441e-06, 1.34122444706e-06, 7.82335860094e-07, 4.81685901832e-07, 3.8956270032e-07, 2.6514203455e-07, 1.71797552184e-07, 1.40705878948e-07, 6.88147068217e-08, 6.41090736053e-08, 6.6507794827e-08, 5.70256624144e-08, 5.03922024109e-08, 4.1294143216e-08, 3.13081471859e-08, 2.15232649481e-08], "max": [0.0445440970361, 0.0773994699121, 0.0217903200537, 0.0238741356879, 0.0277806930244, 0.0122756417841, 0.0140026584268, 0.0174354594201, 0.0110197309405, 0.0088048633188, 0.00626124441624, 0.00381395127624, 0.00282637984492, 0.00289096636698, 0.00261015421711, 0.00126104603987, 0.00116693216842, 0.000985177350231, 0.00075716531137, 0.000438293209299, 0.000865805661306, 0.00037542937207, 0.000177912239451, 0.000418837618781, 0.000257421401329, 0.000273448298685, 0.000390630593756, 0.00042645377107, 0.000204457872314, 0.000127394829178, 0.000126626662677, 0.000155865520355, 0.000124928948935, 0.000138060364407, 0.000148662293213, 0.000150831721839, 0.00050002313219, 0.000126030266983, 0.000106568862975, 0.000130317130242], "dmean": [0.00140650756657, 0.00242976984009, 0.000717933580745, 0.000656287418678, 0.000540044216905, 0.000235962797888, 0.000197463727091, 0.000165549849044, 0.000142534423503, 5.23455237271e-05, 4.12813205912e-05, 3.2062685932e-05, 1.82600870176e-05, 2.02863102459e-05, 1.03341108115e-05, 9.60760553426e-06, 9.60467514233e-06, 1.09943885036e-05, 7.24066376279e-06, 5.45171633348e-06, 8.02533850219e-06, 4.0206509766e-06, 2.72303191196e-06, 2.2028893909e-06, 2.51006554208e-06, 2.67380664809e-06, 1.77550055014e-06, 1.68696783476e-06, 1.35295431392e-06, 9.02635235889e-07, 7.0702441235e-07, 6.08215941611e-07, 5.26623750829e-07, 5.10867494086e-07, 4.66010732225e-07, 4.22908328801e-07, 5.12256463026e-07, 4.16113834945e-07, 3.06515204329e-07, 2.36398861375e-07], "dmean2": [0.00228366185911, 0.00394225912169, 0.00112716516014, 0.0010190588655, 0.000814332568552, 0.000337977340678, 0.000299825245747, 0.00023040198721, 0.000204560157727, 7.39377283026e-05, 5.57822022529e-05, 4.54596956843e-05, 2.78136103589e-05, 3.17033009196e-05, 1.56201185746e-05, 1.41484451888e-05, 1.39134463097e-05, 1.69306222233e-05, 1.09940101538e-05, 8.16107967694e-06, 1.23738864204e-05, 6.14176042291e-06, 4.31539319834e-06, 3.42628800354e-06, 3.83478345611e-06, 4.30248519478e-06, 2.74289641311e-06, 2.57866827269e-06, 2.0839845547e-06, 1.38199936828e-06, 1.0835132116e-06, 9.32851150992e-07, 7.81365088187e-07, 7.74613226895e-07, 7.00558302924e-07, 6.37525886305e-07, 7.84886651672e-07, 6.35565186258e-07, 4.62889147457e-07, 3.50847557229e-07], "mean": [0.00259359017946, 0.00517546152696, 0.00180408684537, 0.00127801578492, 0.00118880113587, 0.000522825750522, 0.000391104724258, 0.000352515926352, 0.00028196698986, 0.000108040941996, 8.58370258356e-05, 5.8397592511e-05, 3.15884499287e-05, 3.40087244695e-05, 1.8526085114e-05, 1.75186796696e-05, 1.8247990738e-05, 1.87275036296e-05, 1.29150994326e-05, 1.05136432467e-05, 1.49645020429e-05, 7.79293623054e-06, 4.87438273922e-06, 3.66133690477e-06, 4.17657065555e-06, 4.53163011116e-06, 2.71987209999e-06, 2.3193913421e-06, 1.98127486328e-06, 1.26764643937e-06, 8.93400908808e-07, 7.63977368479e-07, 6.2817593971e-07, 5.98693816301e-07, 5.57783948807e-07, 5.18910439951e-07, 5.8770507394e-07, 5.14692260367e-07, 3.84914926599e-07, 2.84324841004e-07], "dvar2": [2.79283012787e-05, 4.45863770437e-05, 2.6421300845e-06, 2.31999115385e-06, 2.28210865316e-06, 4.07509389788e-07, 3.89813692436e-07, 3.61493448509e-07, 2.9558717074e-07, 5.94350275662e-08, 2.85593255711e-08, 1.99918623878e-08, 9.34871557945e-09, 1.06887814155e-08, 2.33540387029e-09, 2.14320161618e-09, 1.84369830514e-09, 2.76231837404e-09, 1.26475163675e-09, 5.55052670492e-10, 1.34761035664e-09, 4.07268441194e-10, 1.13975370808e-10, 1.76628586757e-10, 1.30181906921e-10, 1.59353710782e-10, 1.82110243552e-10, 2.12407397226e-10, 7.08545305761e-11, 2.72183022648e-11, 2.00765879615e-11, 1.78566692682e-11, 1.66113251626e-11, 2.17200910035e-11, 1.58759498603e-11, 9.85075389315e-12, 7.39145827877e-11, 1.46213804952e-11, 1.00545977794e-11, 8.4539476114e-12], "min": [5.29829357606e-15, 1.61455766461e-15, 3.85666038755e-16, 3.5137705979e-16, 4.52739375005e-16, 2.25181353217e-16, 3.54094050317e-16, 1.41428747096e-16, 4.95593471724e-16, 2.04813265448e-15, 7.50404910939e-16, 1.17753800349e-15, 1.32207401155e-15, 9.2915406204e-16, 1.05385404078e-15, 9.11912071124e-16, 1.0408254035e-15, 2.40321299526e-16, 5.03747752028e-16, 2.15825244334e-15, 1.22776250446e-15, 4.23060346385e-16, 8.57398830584e-16, 8.12752676846e-16, 4.59383342625e-16, 7.04466343743e-16, 1.28840328722e-15, 4.30691848542e-16, 3.81038777174e-16, 6.15675585651e-16, 8.97796796454e-16, 3.47600722213e-16, 3.74712923366e-16, 7.93577650865e-16, 8.30022143393e-16, 5.63301156242e-16, 8.33551676745e-16, 8.13785633525e-16, 8.18654908302e-16, 8.01008988549e-16]}, "spectral_decrease": {"dvar": 2.20776540355e-17, "var": 5.30187137706e-17, "median": -8.9401694936e-09, "max": 1.32960614615e-16, "dmean": 3.16851278548e-09, "dmean2": 4.95696017566e-09, "mean": -1.03509965044e-08, "dvar2": 5.76992226225e-17, "min": -8.58860431663e-08}, "barkbands_kurtosis": {"dvar": 73.8340530396, "var": 200.984664917, "median": 9.57427692413, "max": 217.12272644, "dmean": 5.58354282379, "dmean2": 8.76059627533, "mean": 13.1728935242, "dvar2": 181.884109497, "min": -1.96349680424}, "silence_rate_30dB": {"dvar": 0.021930642426, "var": 0.0213982332498, "median": 1, "max": 1, "dmean": 0.0224361531436, "dmean2": 0.0448758751154, "mean": 0.978122532368, "dvar2": 0.0543202273548, "min": 0}, "gfcc": {"mean": [-55.5235023499, 142.293716431, -85.4194946289, 36.3737487793, -42.6802062988, 2.14266729355, -34.645198822, 7.32615232468, -17.1848526001, 0.300749093294, -11.1188602448, -6.91287994385, -8.00637531281], "cov": [[15027.9667969, 1290.33032227, -1423.31787109, 508.972564697, -843.967285156, 48.8649940491, -366.056976318, 56.0118255615, -185.466461182, -54.2919921875, -113.793449402, -279.961212158, 16.5521812439], [1290.33032227, 1589.55297852, -233.520843506, -200.404922485, 266.75579834, -236.45300293, 73.5469894409, -115.542175293, 98.7432250977, -136.356796265, 94.7637863159, -148.044906616, 61.5992736816], [-1423.31787109, -233.520843506, 628.98828125, 69.786277771, 87.6386413574, 53.6534042358, -47.5275421143, -14.9180078506, 2.48700833321, 39.9592819214, -25.7022380829, 38.5763282776, -26.9916591644], [508.972564697, -200.404922485, 69.786277771, 299.32901001, -24.962392807, 18.3967323303, -49.6951637268, -12.4764852524, -1.25882828236, -1.15699219704, -28.8728313446, 6.17881059647, -6.94861221313], [-843.967285156, 266.75579834, 87.6386413574, -24.962392807, 314.182128906, -38.8039779663, 22.7748794556, -32.3837051392, 65.9701156616, -22.8635749817, 7.3545293808, -16.3796062469, -4.49027252197], [48.8649940491, -236.45300293, 53.6534042358, 18.3967323303, -38.8039779663, 150.93762207, 8.62615585327, 20.8814868927, -21.2984428406, 24.0771846771, -17.157661438, 6.19087123871, -16.1627025604], [-366.056976318, 73.5469894409, -47.5275421143, -49.6951637268, 22.7748794556, 8.62615585327, 175.467514038, 9.06762504578, -14.2892904282, -12.8783426285, 1.13604128361, 6.97079706192, 5.03210735321], [56.0118255615, -115.542175293, -14.9180078506, -12.4764852524, -32.3837051392, 20.8814868927, 9.06762504578, 102.087028503, 8.89390087128, 14.4040336609, -2.91340374947, 2.15143656731, -0.374938577414], [-185.466461182, 98.7432250977, 2.48700833321, -1.25882828236, 65.9701156616, -21.2984428406, -14.2892904282, 8.89390087128, 110.519798279, 8.0042514801, 6.43306684494, -22.9177646637, -10.0510463715], [-54.2919921875, -136.356796265, 39.9592819214, -1.15699219704, -22.8635749817, 24.0771846771, -12.8783426285, 14.4040336609, 8.0042514801, 84.3290634155, 2.87291741371, 10.4534816742, -12.5442914963], [-113.793449402, 94.7637863159, -25.7022380829, -28.8728313446, 7.3545293808, -17.157661438, 1.13604128361, -2.91340374947, 6.43306684494, 2.87291741371, 85.1434783936, 3.84278225899, 16.3918571472], [-279.961212158, -148.044906616, 38.5763282776, 6.17881059647, -16.3796062469, 6.19087123871, 6.97079706192, 2.15143656731, -22.9177646637, 10.4534816742, 3.84278225899, 101.100563049, 9.59603404999], [16.5521812439, 61.5992736816, -26.9916591644, -6.94861221313, -4.49027252197, -16.1627025604, 5.03210735321, -0.374938577414, -10.0510463715, -12.5442914963, 16.3918571472, 9.59603404999, 71.7125091553]], "icov": [[0.000295474746963, -0.000788036792073, 0.000583743094467, -0.000847968622111, 0.000776010216214, -0.000841863045935, 0.0008388326969, -0.000663685961626, 0.000707877567038, -0.00069454300683, 0.000798949040473, -0.000205862612347, 0.000365418440197], [-0.000788036792073, 0.00372397666797, -0.00134371384047, 0.00297250645235, -0.00275989342481, 0.00370987993665, -0.00270149786957, 0.00303484406322, -0.00252316682599, 0.00323804304935, -0.00315991183743, 0.00242938799784, -0.00175591208972], [0.000583743094467, -0.00134371384047, 0.00315796094947, -0.00191309198271, 0.000596557860263, -0.00211612530984, 0.00215125246905, -0.000963802973274, 0.00161633139942, -0.00201104767621, 0.00183448032476, -0.00093181518605, 0.00100727751851], [-0.000847968622111, 0.00297250645235, -0.00191309198271, 0.00650547398254, -0.00212900829501, 0.00269857025705, -0.0016841214383, 0.00298566138372, -0.00264859176241, 0.00308914249763, -0.00163803901523, 0.00115950091276, -0.00145020254422], [0.000776010216214, -0.00275989342481, 0.000596557860263, -0.00212900829501, 0.00675460975617, -0.00219374056906, 0.00147181784268, -0.000955536495894, -0.000615599448793, -0.00111536774784, 0.00236156070605, -0.00108501676004, 0.00135405152105], [-0.000841863045935, 0.00370987993665, -0.00211612530984, 0.00269857025705, -0.00219374056906, 0.0117139080539, -0.00355415325612, 0.00166834588163, -0.00115756806917, 0.00152504874859, -0.00231189862825, 0.00259402976371, -0.000480662623886], [0.0008388326969, -0.00270149786957, 0.00215125246905, -0.0016841214383, 0.00147181784268, -0.00355415325612, 0.00899200327694, -0.00295478082262, 0.00328638660721, -0.00158949254546, 0.00279604853131, -0.00176260259468, 0.00119743472897], [-0.000663685961626, 0.00303484406322, -0.000963802973274, 0.00298566138372, -0.000955536495894, 0.00166834588163, -0.00295478082262, 0.0134961493313, -0.00417879922315, 0.00145096774213, -0.00204173964448, 0.00162263493985, -0.00201536272652], [0.000707877567038, -0.00252316682599, 0.00161633139942, -0.00264859176241, -0.000615599448793, -0.00115756806917, 0.00328638660721, -0.00417879922315, 0.0139695135877, -0.00416092760861, 0.00152699137107, 0.00094001123216, 0.00255904602818], [-0.00069454300683, 0.00323804304935, -0.00201104767621, 0.00308914249763, -0.00111536774784, 0.00152504874859, -0.00158949254546, 0.00145096774213, -0.00416092760861, 0.01694868505, -0.00400408450514, 0.000607722206041, 0.0005297845928], [0.000798949040473, -0.00315991183743, 0.00183448032476, -0.00163803901523, 0.00236156070605, -0.00231189862825, 0.00279604853131, -0.00204173964448, 0.00152699137107, -0.00400408450514, 0.0159333571792, -0.00235890806653, -0.00133117951918], [-0.000205862612347, 0.00242938799784, -0.00093181518605, 0.00115950091276, -0.00108501676004, 0.00259402976371, -0.00176260259468, 0.00162263493985, 0.00094001123216, 0.000607722206041, -0.00235890806653, 0.0134065719321, -0.0026454848703], [0.000365418440197, -0.00175591208972, 0.00100727751851, -0.00145020254422, 0.00135405152105, -0.000480662623886, 0.00119743472897, -0.00201536272652, 0.00255904602818, 0.0005297845928, -0.00133117951918, -0.0026454848703, 0.0165986269712]]}, "silence_rate_20dB": {"dvar": 0, "var": 0, "median": 1, "max": 1, "dmean": 0, "dmean2": 0, "mean": 1, "dvar2": 0, "min": 1}, "barkbands_skewness": {"dvar": 0.376515865326, "var": 1.58385288715, "median": 2.45379590988, "max": 10.6903800964, "dmean": 0.60470366478, "dmean2": 0.927989602089, "mean": 2.58618783951, "dvar2": 0.904984951019, "min": -3.2161693573}, "erbbands_skewness": {"dvar": 0.129435822368, "var": 0.73600679636, "median": 0.991923451424, "max": 5.62755298615, "dmean": 0.365111470222, "dmean2": 0.551243066788, "mean": 1.02449274063, "dvar2": 0.285258471966, "min": -3.77511405945}, "spectral_contrast_valleys": {"dvar": [0.0975319072604, 0.07302018255, 0.0738756656647, 0.064706876874, 0.0937197953463, 0.216375261545], "var": [1.75154566765, 1.77375555038, 1.62528455257, 1.59856963158, 1.5662740469, 1.52181816101], "median": [-6.46311092377, -6.7022562027, -7.90513324738, -8.36600494385, -8.35300827026, -11.1312427521], "max": [-4.85749101639, -4.9314827919, -5.43164539337, -5.73381614685, -5.86409473419, -7.36632394791], "dmean": [0.331411123276, 0.289388954639, 0.285098403692, 0.255276083946, 0.293476492167, 0.434666991234], "dmean2": [0.53771173954, 0.466387629509, 0.452215313911, 0.38420522213, 0.400560677052, 0.562479019165], "mean": [-6.66396379471, -6.95075893402, -8.15981674194, -8.54672718048, -8.56293106079, -11.2301683426], "dvar2": [0.218391850591, 0.155385762453, 0.155925959349, 0.116986885667, 0.159813955426, 0.397161900997], "min": [-27.3942546844, -27.6113510132, -27.300409317, -27.4690284729, -27.2011356354, -27.2159576416]}, "spectral_strongpeak": {"dvar": 0.240974709392, "var": 0.550440013409, "median": 0.458476126194, "max": 8.48363399506, "dmean": 0.308166027069, "dmean2": 0.519126713276, "mean": 0.684899568558, "dvar2": 0.57589495182, "min": 0}, "erbbands_crest": {"dvar": 4.95852661133, "var": 17.9813289642, "median": 8.81374168396, "max": 29.5426902771, "dmean": 2.40187048912, "dmean2": 3.78501701355, "mean": 9.77281761169, "dvar2": 12.306684494, "min": 1.93438732624}, "barkbands_crest": {"dvar": 4.60734939575, "var": 14.6440486908, "median": 11.1302509308, "max": 25.079498291, "dmean": 2.25865125656, "dmean2": 3.66287469864, "mean": 11.7860298157, "dvar2": 12.3218002319, "min": 3.50788116455}, "spectral_energyband_middle_low": {"dvar": 3.77373507945e-05, "var": 0.000206049051485, "median": 0.0135568995029, "max": 0.117974638939, "dmean": 0.00501601165161, "dmean2": 0.00757123623043, "mean": 0.0173454284668, "dvar2": 8.45620816108e-05, "min": 2.01514034002e-14}, "spectral_contrast_coeffs": {"dvar": [0.00125280814245, 0.00117468065582, 0.000795653322712, 0.000513380975462, 0.000382574740797, 0.000226669624681], "var": [0.00549416290596, 0.00545916007832, 0.00478113442659, 0.0026182315778, 0.00239096139558, 0.00170968589373], "median": [-0.637258410454, -0.689110040665, -0.752027392387, -0.785682082176, -0.787570416927, -0.78839635849], "max": [-0.33990496397, -0.416346520185, -0.41637724638, -0.572869479656, -0.567988395691, -0.642336905003], "dmean": [0.0432789176702, 0.0409174449742, 0.0349549353123, 0.0279170703143, 0.0230139680207, 0.01735525392], "dmean2": [0.0708359926939, 0.0647386908531, 0.0553948059678, 0.0444993190467, 0.0361357815564, 0.0265007633716], "mean": [-0.636192858219, -0.688972473145, -0.74845457077, -0.782178640366, -0.783690571785, -0.790094077587], "dvar2": [0.00334648485295, 0.002866192488, 0.00196211319417, 0.00124389794655, 0.00087851221906, 0.000505271134898], "min": [-0.966421484947, -0.964917123318, -0.964547336102, -0.952296733856, -0.961860537529, -0.959295988083]}, "hfc": {"dvar": 35.2103652954, "var": 145.150588989, "median": 9.00782012939, "max": 186.045669556, "dmean": 3.29591441154, "dmean2": 4.66064119339, "mean": 12.3582363129, "dvar2": 65.4700698853, "min": 1.11170130879e-08}, "spectral_energyband_high": {"dvar": 4.92447554734e-07, "var": 9.89007389762e-07, "median": 4.82584728161e-05, "max": 0.0219469852746, "dmean": 0.000163546690601, "dmean2": 0.000234345236095, "mean": 0.000240761306486, "dvar2": 8.96836354514e-07, "min": 5.74533151089e-13}, "erbbands_spread": {"dvar": 116.550697327, "var": 333.087524414, "median": 30.4211006165, "max": 145.012878418, "dmean": 8.21667003632, "dmean2": 12.454914093, "mean": 33.8628807068, "dvar2": 260.800628662, "min": 1.32059550285}, "dissonance": {"dvar": 0.000448656908702, "var": 0.00130713975523, "median": 0.441259384155, "max": 0.500000059605, "dmean": 0.023425810039, "dmean2": 0.038019221276, "mean": 0.435553997755, "dvar2": 0.00116501876619, "min": 0.228733718395}, "spectral_kurtosis": {"dvar": 23.1002616882, "var": 64.6369628906, "median": 7.84776210785, "max": 88.3972015381, "dmean": 3.9961309433, "dmean2": 6.39701318741, "mean": 9.92286014557, "dvar2": 56.070514679, "min": -1.30639564991}, "spectral_skewness": {"dvar": 0.150850638747, "var": 0.695110142231, "median": 2.17338371277, "max": 7.59771251678, "dmean": 0.392935097218, "dmean2": 0.599631845951, "mean": 2.29518461227, "dvar2": 0.330428510904, "min": -0.240325406194}, "pitch_salience": {"dvar": 0.00407088315114, "var": 0.0112667316571, "median": 0.51512748003, "max": 0.846727788448, "dmean": 0.069043405354, "dmean2": 0.111269526184, "mean": 0.511551260948, "dvar2": 0.0111598074436, "min": 0.0936966612935}, "spectral_complexity": {"dvar": 4.57040405273, "var": 37.7644233704, "median": 11, "max": 48, "dmean": 1.93491923809, "dmean2": 3.04408025742, "mean": 11.9197292328, "dvar2": 9.22585487366, "min": 0}, "spectral_spread": {"dvar": 704516325376, "var": 3225112805380.0, "median": 3254014.25, "max": 40310912, "dmean": 664132.375, "dmean2": 934071.25, "mean": 3693151.75, "dvar2": 1272729960450.0, "min": 998338.4375}, "dynamic_complexity": 3.39126014709, "melbands_crest": {"dvar": 7.00441074371, "var": 24.548374176, "median": 15.8759860992, "max": 37.3723220825, "dmean": 2.84679818153, "dmean2": 4.58654356003, "mean": 16.4329071045, "dvar2": 19.093038559, "min": 4.43105459213}, "zerocrossingrate": {"dvar": 9.33236588025e-05, "var": 0.00217342120595, "median": 0.019775390625, "max": 0.591796875, "dmean": 0.00578758399934, "dmean2": 0.00717988656834, "mean": 0.0277290139347, "dvar2": 0.000124693557154, "min": 0.0029296875}, "spectral_energyband_low": {"dvar": 0.000282061082544, "var": 0.000420664175181, "median": 0.0171924680471, "max": 0.301528990269, "dmean": 0.00978667661548, "dmean2": 0.0158035047352, "mean": 0.0222729537636, "dvar2": 0.000772859028075, "min": 2.27067493362e-14}, "melbands_kurtosis": {"dvar": 263.691375732, "var": 693.019714355, "median": 18.0907821655, "max": 404.288421631, "dmean": 10.7349491119, "dmean2": 16.6988506317, "mean": 25.6485710144, "dvar2": 623.400878906, "min": -1.24651253223}, "spectral_energyband_middle_high": {"dvar": 1.70825990153e-06, "var": 1.00405577541e-05, "median": 0.00085383746773, "max": 0.0447105951607, "dmean": 0.000651909853332, "dmean2": 0.000893553020433, "mean": 0.00202601542696, "dvar2": 3.03592037199e-06, "min": 1.45517983514e-13}, "barkbands_spread": {"dvar": 35.0914916992, "var": 191.473693848, "median": 6.56512928009, "max": 156.323684692, "dmean": 3.00599575043, "dmean2": 4.56324672699, "mean": 9.88178348541, "dvar2": 71.143913269, "min": 0.373585492373}, "mfcc": {"mean": [-704.286560059, 170.219573975, 19.2395000458, 38.9655227661, 15.2694787979, 2.13800406456, 0.650354504585, 0.169676139951, 0.700676679611, 5.80156612396, -1.3108394146, 1.79652798176, -0.358957350254], "cov": [[9446.28613281, 309.981079102, -435.802185059, 6.2179980278, -371.313842773, -181.302734375, -95.6358108521, -61.7593154907, -20.785068512, 125.382202148, -126.009033203, 0.87194275856, -94.6710739136], [309.981079102, 1782.91638184, -301.090789795, 69.0474319458, 111.322120667, -58.5043754578, 19.4511165619, -0.76350235939, -2.88776493073, 32.2053947449, 19.0712776184, -6.31308412552, -5.78286409378], [-435.802185059, -301.090789795, 483.984100342, 42.8813743591, 64.4262084961, 54.2047843933, 2.4471142292, -15.94880867, -2.65404582024, -15.4665355682, 12.2647686005, 12.8265247345, -16.1782741547], [6.2179980278, 69.0474319458, 42.8813743591, 240.169525146, 72.1872940063, 29.4544410706, -22.7631130219, 8.03089141846, 8.14711666107, -15.6959505081, -5.009953022, 1.4238461256, -2.42291235924], [-3