{"metadata": {"audio_properties": {"downmix": "mix", "bit_rate": 224000, "lossless": false, "md5_encoded": "85499ad1338c95ac2d695b62ed35b8c4", "analysis_sample_rate": 44100, "sample_rate": 44100, "replay_gain": -8.4308013916, "equal_loudness": 0, "codec": "mp3", "length": 99.7877578735}, "tags": {"musicbrainz_albumid": ["ea36740f-e67e-4113-88d4-8bb8919010a6"], "musicbrainz_recordingid": ["74fc8a32-00b5-4ae3-a69e-59d4ada5df94"], "artist": ["Elizabeth Cotten"], "album": ["Shake Sugaree"], "musicbrainz album type": ["album"], "originaldate": ["2004"], "albumartist": ["Elizabeth Cotten"], "asin": ["B0002PUHA6"], "script": ["Latn"], "musicbrainz_albumartistid": ["907f53c2-f7d1-406a-8071-30262ba472ca"], "file_name": "13 Jesus Is Tenderly Calling.mp3", "musicbrainz album release country": ["US"], "musicbrainz_artistid": ["907f53c2-f7d1-406a-8071-30262ba472ca"], "albumartistsort": ["Cotten, Elizabeth"], "tracknumber": ["13/26"], "label": ["Smithsonian Folkways"], "musicbrainz album status": ["official"], "date": ["2004"], "title": ["Jesus Is Tenderly Calling"], "discnumber": ["1/1"], "artistsort": ["Cotten, Elizabeth"], "musicbrainz_releasegroupid": ["723efde8-f1ad-3621-9bbd-a5aaee29857a"]}, "version": {"essentia_build_sha": "cead25079874084f62182a551b7393616cd33d87", "essentia_git_sha": "v2.1_beta2-1-ge3940c0", "extractor": "music 1.0", "essentia": "2.1-beta2"}}, "tonal": {"chords_scale": "major", "hpcp": {"dmean": [0.0406072922051, 0.0301157161593, 0.0214099977165, 0.0209254045039, 0.0143191618845, 0.00606180820614, 0.0113846901804, 0.0415023528039, 0.131259381771, 0.12685123086, 0.099708378315, 0.0195206291974, 0.00444732094184, 0.00691697373986, 0.0167586635798, 0.028965935111, 0.0250087697059, 0.0108328154311, 0.00814531650394, 0.0221691448241, 0.0948121920228, 0.103390552104, 0.0672011002898, 0.0829614624381, 0.0842510908842, 0.0548094920814, 0.0193217713386, 0.0125127118081, 0.0195942800492, 0.0607452318072, 0.0726648569107, 0.0446046963334, 0.0193595327437, 0.0181636381894, 0.0245277807117, 0.0402591712773], "dvar2": [0.0282694511116, 0.0348337963223, 0.0193493086845, 0.0158651117235, 0.00722133507952, 0.00288842688315, 0.0128180542961, 0.0305868890136, 0.0637640804052, 0.0764802470803, 0.0486990213394, 0.0137552749366, 0.00188070477452, 0.00695874448866, 0.0141611788422, 0.0361311100423, 0.0201560407877, 0.00633994070813, 0.0094415396452, 0.00940791983157, 0.0464745759964, 0.0610155500472, 0.0276931785047, 0.0389936342835, 0.0560055151582, 0.0276694484055, 0.0184471849352, 0.0154130551964, 0.0132640013471, 0.0360917747021, 0.044608335942, 0.0268907044083, 0.0132231805474, 0.0195343159139, 0.0223963689059, 0.0376148372889], "mean": [0.0707040801644, 0.0304723028094, 0.0295376162976, 0.0468368381262, 0.0268898680806, 0.00557532347739, 0.00842554308474, 0.0350415706635, 0.370398551226, 0.586804807186, 0.257187992334, 0.0126172481105, 0.00297165033408, 0.00475423457101, 0.026483329013, 0.0649347230792, 0.050479747355, 0.0134187629446, 0.0071643772535, 0.0240647476166, 0.180553391576, 0.26230597496, 0.133092626929, 0.20698146522, 0.310543745756, 0.142416343093, 0.013884736225, 0.00765594746917, 0.0186427868903, 0.126917377114, 0.176793575287, 0.071645617485, 0.0142214605585, 0.0151502210647, 0.0204989630729, 0.0608797632158], "var": [0.0362870544195, 0.00990833342075, 0.0120311239734, 0.03262649104, 0.0107553536072, 0.000525974843185, 0.00223220721819, 0.00641786493361, 0.0747157856822, 0.15887157619, 0.0460999533534, 0.00264681363478, 0.000330429291353, 0.00146051472984, 0.0108579192311, 0.0540340319276, 0.0306738633662, 0.00172762805596, 0.00176770985126, 0.00257133110426, 0.045385196805, 0.115687415004, 0.0366022363305, 0.0661239102483, 0.154451712966, 0.047187410295, 0.00403289450333, 0.00369368889369, 0.0037522688508, 0.0494462922215, 0.077691078186, 0.0141691416502, 0.00491630425677, 0.00886303465813, 0.00540664512664, 0.0252882186323], "dmean2": [0.0605795308948, 0.0553414188325, 0.0369386188686, 0.0316384732723, 0.0228783059865, 0.0111378189176, 0.0217407327145, 0.0774959698319, 0.217064872384, 0.208867967129, 0.169021487236, 0.0373415239155, 0.00847700238228, 0.0130422450602, 0.0293234307319, 0.0497146733105, 0.0403053127229, 0.0186820980161, 0.014842197299, 0.0385421514511, 0.147591546178, 0.160024255514, 0.103185720742, 0.131449192762, 0.136066809297, 0.0910826176405, 0.0358301475644, 0.0239239465445, 0.0352842994034, 0.0964931994677, 0.116728588939, 0.0774239823222, 0.0354706607759, 0.0345759876072, 0.0456354878843, 0.0674846246839], "dvar": [0.0145164653659, 0.0118506606668, 0.00771532999352, 0.00904595758766, 0.00365322665311, 0.000974572263658, 0.00431066472083, 0.010543782264, 0.0278170425445, 0.04210806638, 0.0193869099021, 0.00469109462574, 0.000631972332485, 0.00243503390811, 0.00602545030415, 0.0200823713094, 0.0111548723653, 0.00218870071694, 0.00322201335803, 0.00336684659123, 0.0206802021712, 0.0335251316428, 0.0127931982279, 0.0196949206293, 0.0302483774722, 0.0119965411723, 0.00650432379916, 0.00569314137101, 0.00472773658112, 0.0173815824091, 0.0239268559963, 0.00990908779204, 0.00516544887796, 0.0078171659261, 0.00772472750396, 0.015053588897], "min": [0, 0, 0, 0, 0, 0, 0, 0, 0, 0, 0, 0, 0, 0, 0, 0, 0, 0, 0, 0, 0, 0, 0, 0, 0, 0, 0, 0, 0, 0, 0, 0, 0, 0, 0, 0], "median": [0.00469394540414, 0.00210957764648, 0.00115780625492, 0.000937756034546, 0.000763654941693, 0.00187087268569, 0.00138104171492, 0.0133419036865, 0.369297981262, 0.640296161175, 0.233758866787, 0.00105293514207, 0.000447408296168, 0.000515229650773, 0.00101001025178, 0.00146785425022, 0.00262242741883, 0.00231843627989, 0.001658206922, 0.00866430066526, 0.0858971476555, 0.0971565395594, 0.0496050938964, 0.0812297016382, 0.0897032171488, 0.0246676318347, 0.000588015420362, 0.000224937219173, 0.00114808569197, 0.0286795645952, 0.0529078245163, 0.0272625572979, 0.000674206879921, 0.000544077367522, 0.0021960134618, 0.00454335659742], "max": [1, 1, 1, 1, 0.790870249271, 0.483227521181, 1, 1, 1, 1, 1, 0.664360940456, 0.451275855303, 1, 1, 1, 1, 0.770377218723, 1, 0.719846248627, 1, 1, 1, 1, 1, 1, 1, 1, 1, 1, 1, 1, 1, 1, 1, 1]}, "tuning_equal_tempered_deviation": 0.0432267747819, "chords_key": "C", "chords_strength": {"dmean": 0.00705406116322, "dvar2": 0.00205282215029, "mean": 0.472792804241, "var": 0.0881247147918, "dmean2": 0.00646230578423, "dvar": 0.000992022454739, "min": -1, "median": 0.51861679554, "max": 0.692749559879}, "tuning_diatonic_strength": 0.594370305538, "thpcp": [1, 0.438285410404, 0.0215016100556, 0.00506412051618, 0.00810190103948, 0.0451314114034, 0.11065813154, 0.0860247686505, 0.0228675063699, 0.0122091313824, 0.041009798646, 0.307689011097, 0.447007209063, 0.226809024811, 0.352726250887, 0.529211342335, 0.24269798398, 0.0236615929753, 0.0130468383431, 0.0317699983716, 0.216285511851, 0.301281750202, 0.122094459832, 0.024235419929, 0.0258181616664, 0.0349331870675, 0.10374789685, 0.120489947498, 0.0519291982055, 0.0503363572061, 0.0798167288303, 0.0458242110908, 0.00950115546584, 0.0143583398312, 0.0597158893943, 0.63121253252], "chords_histogram": [23.9534893036, 14.8372097015, 47.6744194031, 0, 0, 0, 0, 0, 3.72093033791, 0.0465116277337, 0, 0, 0, 0, 0, 0.883720934391, 0, 4.97674417496, 0, 0, 0, 0, 3.44186043739, 0.465116292238], "tuning_nontempered_energy_ratio": 0.644065916538, "tuning_frequency": 440.763122559, "key_strength": 0.840968251228, "chords_changes_rate": 0.0320930220187, "key_scale": "major", "hpcp_entropy": {"dmean": 0.437338322401, "dvar2": 0.564409136772, "mean": 1.04231977463, "var": 0.512648046017, "dmean2": 0.719125270844, "dvar": 0.244663923979, "min": 0, "median": 1.05965828896, "max": 2.93015956879}, "key_key": "F", "chords_number_rate": 0.00279069761746}, "lowlevel": {"melbands_skewness": {"dmean": 0.591478824615, "dvar2": 1.08353579044, "mean": 2.30645561218, "var": 2.63985657692, "dmean2": 0.862505793571, "dvar": 0.533691525459, "min": -0.48081111908, "median": 2.03546643257, "max": 11.3917531967}, "melbands_kurtosis": {"dmean": 6.784968853, "dvar2": 218.918838501, "mean": 19.8576564789, "var": 425.559234619, "dmean2": 9.97949504852, "dvar": 108.724746704, "min": -1.42869853973, "median": 14.2684459686, "max": 199.937301636}, "barkbands_kurtosis": {"dmean": 6.9601187706, "dvar2": 389.575164795, "mean": 21.9230899811, "var": 580.489868164, "dmean2": 10.1197986603, "dvar": 187.172653198, "min": -1.80189275742, "median": 15.6023368835, "max": 402.173858643}, "hfc": {"dmean": 2.56118607521, "dvar2": 41.7279319763, "mean": 9.62382793427, "var": 70.6465911865, "dmean2": 3.57159161568, "dvar": 22.2483062744, "min": 1.0537073982e-16, "median": 7.49915361404, "max": 107.332679749}, "silence_rate_20dB": {"dmean": 0, "dvar2": 0, "mean": 1, "var": 0, "dmean2": 0, "dvar": 0, "min": 1, "median": 1, "max": 1}, "erbbands_flatness_db": {"dmean": 0.0198960527778, "dvar2": 0.00115830160212, "mean": 0.231770083308, "var": 0.00273246248253, "dmean2": 0.0284068565816, "dvar": 0.000527301395778, "min": 0.0237022731453, "median": 0.238490641117, "max": 0.341241180897}, "spectral_flux": {"dmean": 0.021183475852, "dvar2": 0.00219131377526, "mean": 0.0365260988474, "var": 0.00120728369802, "dmean2": 0.033116877079, "dvar": 0.000939352088608, "min": 6.25460933046e-11, "median": 0.0247476622462, "max": 0.243462011218}, "spectral_energyband_low": {"dmean": 0.000177880807314, "dvar2": 1.74233690586e-07, "mean": 0.000701863551512, "var": 2.76530016663e-07, "dmean2": 0.000289762887405, "dvar": 7.51047366521e-08, "min": 1.21704079951e-23, "median": 0.000613734358922, "max": 0.00463375169784}, "spectral_rolloff": {"dmean": 76.5082244873, "dvar2": 373969.3125, "mean": 1437.24328613, "var": 15685105, "dmean2": 130.235916138, "dvar": 187701.53125, "min": 215.33203125, "median": 581.396484375, "max": 19702.8808594}, "spectral_entropy": {"dmean": 0.239894062281, "dvar2": 0.200725063682, "mean": 6.26003980637, "var": 0.848133027554, "dmean2": 0.357282012701, "dvar": 0.0894978195429, "min": 4.84722709656, "median": 6.05059146881, "max": 9.82369709015}, "spectral_energy": {"dmean": 0.00539350509644, "dvar2": 0.000142082993989, "mean": 0.0230112113059, "var": 0.000337675039191, "dmean2": 0.00740113621578, "dvar": 7.56887238822e-05, "min": 9.86875180728e-21, "median": 0.0181269776076, "max": 0.110388107598}, "spectral_centroid": {"dmean": 71.3078460693, "dvar2": 72152.9921875, "mean": 973.803466797, "var": 5090433, "dmean2": 111.702987671, "dvar": 34453.1875, "min": 212.656707764, "median": 446.133422852, "max": 12030.1367188}, "barkbands_flatness_db": {"dmean": 0.0207029562443, "dvar2": 0.00122302211821, "mean": 0.236334696412, "var": 0.00333865289576, "dmean2": 0.0306582991034, "dvar": 0.000579438172281, "min": 0.0331779755652, "median": 0.244432747364, "max": 0.387982994318}, "spectral_rms": {"dmean": 0.000540348584764, "dvar2": 1.20261006487e-06, "mean": 0.00427587330341, "var": 4.16680995841e-06, "dmean2": 0.000730438448954, "dvar": 6.88382499447e-07, "min": 3.10291007298e-12, "median": 0.00420533679426, "max": 0.0103776548058}, "melbands": {"dmean": [1.20630193123e-05, 3.81360659958e-05, 0.000164121986018, 0.000455117085949, 0.000489290861879, 0.000356316711986, 9.37368167797e-05, 7.89572950453e-05, 0.000141047858051, 0.000213891471503, 9.96694416244e-06, 1.9516426164e-06, 3.40755559591e-06, 9.52976449753e-07, 1.55522479872e-06, 8.64446178639e-07, 6.23964069746e-07, 5.37323955996e-07, 7.67385586187e-07, 3.77053623879e-07, 3.61144515182e-07, 8.13451606518e-07, 1.79054296723e-07, 1.54216422743e-07, 3.66037681943e-07, 7.22684490029e-07, 6.32611431683e-07, 6.66633582114e-07, 5.5930564713e-07, 5.93692561779e-07, 3.96865573293e-07, 2.67920825081e-07, 1.98118797812e-07, 1.3164800805e-07, 1.08243447983e-07, 8.21040444521e-08, 4.13582412762e-08, 2.85449637261e-08, 2.80526073482e-08, 7.93644332475e-08], "dvar2": [6.66263821891e-10, 7.4383619264e-09, 2.89862157388e-07, 2.35281731875e-06, 1.35481104735e-06, 1.21690982269e-06, 4.04236033091e-07, 4.07596445484e-08, 1.52127071829e-07, 5.11659550284e-07, 1.10393905128e-09, 3.74883249443e-11, 2.63034621861e-10, 1.14262869999e-11, 3.4459223669e-11, 8.47970478557e-12, 5.81493013463e-12, 2.91004438428e-12, 1.6677813644e-11, 1.23546561436e-12, 1.48166819525e-12, 1.16254011626e-11, 3.76382356271e-13, 2.85876628359e-13, 3.99044382607e-12, 1.31895171868e-11, 4.70078186446e-12, 4.99800765011e-12, 5.1983543338e-12, 5.11596407599e-12, 2.05932731805e-12, 1.28582919052e-12, 8.27209882624e-13, 3.64761633441e-13, 2.92085827096e-13, 2.87519872277e-13, 4.9199979892e-14, 2.62220224646e-14, 6.65697016825e-14, 5.69440599275e-13], "mean": [3.46107626683e-05, 0.00014147128968, 0.000460568902781, 0.0016063953517, 0.00193748949096, 0.00106488808524, 0.000259472144535, 0.000322757812683, 0.000401202618377, 0.000539454456884, 3.22563828377e-05, 5.72769340579e-06, 9.92304740066e-06, 1.92389188669e-06, 3.00717192658e-06, 1.96731798496e-06, 1.46463298734e-06, 1.17450542803e-06, 1.20928780234e-06, 9.22168453599e-07, 8.33881699691e-07, 1.67544862961e-06, 3.07245556996e-07, 3.37111174531e-07, 7.56818678838e-07, 1.4520970808e-06, 1.35795403367e-06, 1.37168251513e-06, 1.04549519619e-06, 1.22161122817e-06, 8.08012202924e-07, 4.88064642923e-07, 3.72847182462e-07, 2.46510353463e-07, 1.80979625952e-07, 1.32504439421e-07, 6.06779551049e-08, 4.14537559834e-08, 3.56477301011e-08, 8.97812881817e-08], "var": [1.81745218875e-09, 1.15267519973e-08, 4.73734161233e-07, 3.79165794584e-06, 4.4925882321e-06, 1.86090767329e-06, 5.00980547713e-07, 2.07355526527e-07, 3.69328972738e-07, 8.86662974153e-07, 2.90692914184e-09, 9.67237678839e-11, 7.47589712358e-10, 6.89001416684e-12, 2.79080959731e-11, 8.43285944546e-12, 7.46597575429e-12, 2.70143846529e-12, 8.04551737732e-12, 2.03412872483e-12, 1.69446336303e-12, 1.22778783668e-11, 2.826157548e-13, 3.21341423522e-13, 2.64514126748e-12, 1.10963339212e-11, 6.62262345658e-12, 7.39361436658e-12, 4.38699814323e-12, 6.33928239763e-12, 2.53026701154e-12, 1.29290491074e-12, 8.06559409105e-13, 3.13964945622e-13, 2.05947997371e-13, 1.63270276205e-13, 2.84186008195e-14, 1.81620770669e-14, 2.70353909344e-14, 3.3482499542e-13], "dmean2": [1.96143937501e-05, 6.22691659373e-05, 0.00026061970857, 0.000680278521031, 0.000656449352391, 0.000533279380761, 0.000145505589899, 9.70325199887e-05, 0.000181047376827, 0.000278624997009, 1.36071585075e-05, 2.82577730104e-06, 4.92997969559e-06, 1.52094355599e-06, 2.60222441284e-06, 1.34045046707e-06, 9.9760404737e-07, 8.29713826533e-07, 1.22349717913e-06, 5.69883468415e-07, 5.44760496268e-07, 1.24307655369e-06, 2.90952243631e-07, 2.39901027044e-07, 5.78923391004e-07, 1.13641499411e-06, 9.1009951575e-07, 9.78727712209e-07, 8.74056354405e-07, 8.77794491316e-07, 5.82740710797e-07, 3.98318917405e-07, 2.99197324694e-07, 1.97581186967e-07, 1.6300576533e-07, 1.23839797084e-07, 6.48717843887e-08, 4.35825278089e-08, 4.45781900282e-08, 1.1848585757e-07], "dvar": [2.80307027589e-10, 3.084376754e-09, 1.25825962982e-07, 1.02313583739e-06, 7.66592677337e-07, 4.84620500174e-07, 1.82027534379e-07, 2.70659956669e-08, 9.6302890995e-08, 2.87290504275e-07, 6.16087347804e-10, 2.1205055073e-11, 1.54307774891e-10, 4.47508740134e-12, 1.30462906103e-11, 3.6258166608e-12, 2.29002797628e-12, 1.30472325652e-12, 6.88624721482e-12, 6.22873660202e-13, 7.08956222721e-13, 5.29230782462e-12, 1.53949891572e-13, 1.20352241628e-13, 1.53292417822e-12, 4.96927412413e-12, 2.30661041482e-12, 2.41241315119e-12, 2.18330995644e-12, 2.47716604174e-12, 1.00299879079e-12, 6.12084547543e-13, 3.99480985401e-13, 1.63150620943e-13, 1.31283045958e-13, 1.21395948849e-13, 2.03424974213e-14, 1.17472034839e-14, 2.65000135957e-14, 2.62801878783e-13], "min": [9.11314008601e-25, 3.89755391715e-25, 8.36385633241e-25, 8.51232981553e-25, 1.02484006616e-24, 1.53525308918e-24, 7.79960236931e-25, 1.64736166229e-24, 2.19955167417e-24, 1.69814556914e-24, 1.16121883249e-24, 1.9754635067e-24, 1.97493713926e-24, 1.9644048601e-24, 2.14395630745e-24, 2.93860626842e-24, 2.05690787314e-24, 3.46751896714e-24, 2.64501886355e-24, 3.47920949133e-24, 3.7617668458e-24, 3.26110108673e-24, 3.16130249083e-24, 3.20485372647e-24, 3.39457221038e-24, 4.08005052738e-24, 2.92532638673e-24, 3.43134417261e-24, 4.53850138119e-24, 4.86614647513e-24, 4.51011816582e-24, 5.18433983214e-24, 4.43299557385e-24, 5.22309341297e-24, 5.03136471426e-24, 5.4855249536e-24, 5.51595210758e-24, 5.42834279316e-24, 5.68300918148e-24, 5.45424859086e-24], "median": [1.42279695865e-05, 0.000119772936159, 0.000185336160939, 0.000880422303453, 0.00122884556185, 0.000468987505883, 0.000111488792754, 0.000191116472706, 0.000190707942238, 0.000236389285419, 1.11891886263e-05, 2.52729500971e-06, 2.23448705583e-06, 1.06062304894e-06, 1.37002075462e-06, 1.01585089851e-06, 6.47952504096e-07, 6.84311544319e-07, 4.66458601522e-07, 4.32286839214e-07, 3.73468196813e-07, 5.34582568434e-07, 1.28595189608e-07, 1.32078682213e-07, 2.25578176583e-07, 3.86407435826e-07, 3.52940304538e-07, 3.56830838655e-07, 2.75035432651e-07, 2.42941013084e-07, 1.69081317836e-07, 1.41923820252e-07, 8.23973920205e-08, 4.75965400426e-08, 3.89761147801e-08, 2.21131024603e-08, 1.05770423531e-08, 7.376955935e-09, 6.50130838054e-09, 8.05382072144e-09], "max": [0.000238972716033, 0.000794292718638, 0.00499686039984, 0.0186621174216, 0.0122064743191, 0.00972388964146, 0.00878571998328, 0.00372073473409, 0.00467375200242, 0.0100347073749, 0.000642592436634, 0.000141845914186, 0.000407529354561, 3.63524995919e-05, 6.16865581833e-05, 4.11107175751e-05, 3.92035326513e-05, 2.24026534852e-05, 6.34391108179e-05, 2.27731998166e-05, 1.96353284991e-05, 6.00864041189e-05, 6.43704788672e-06, 5.77561695536e-06, 2.34887320403e-05, 5.21790134371e-05, 2.92856111628e-05, 3.16695768561e-05, 3.72775393771e-05, 4.22683951911e-05, 2.41912384809e-05, 2.44213169935e-05, 1.96673317987e-05, 1.03484753708e-05, 1.60270046763e-05, 1.65404635482e-05, 4.2483411562e-06, 3.34983724315e-06, 7.51310426494e-06, 1.81297364179e-05]}, "barkbands_crest": {"dmean": 1.62310314178, "dvar2": 7.12238264084, "mean": 13.9506320953, "var": 21.2448291779, "dmean2": 2.39926362038, "dvar": 3.20007991791, "min": 3.59443569183, "median": 13.1833925247, "max": 25.581451416}, "mfcc": {"icov": [[0.000275179947494, -0.000126647471916, -0.000149442421389, -0.000545948161744, 0.00076967763016, 3.16507648677e-05, 0.000555383739993, 0.000127956998767, 0.000105572136817, -0.000182481715456, 5.3460142226e-05, 0.000233904254856, 6.62120100969e-06], [-0.000126647471916, 0.000748702615965, -0.00036249787081, 0.000110093671537, -0.000603202031925, 0.000700259872247, 0.000180077870027, 0.000914172152989, 5.74637306272e-05, 0.000314526405418, -0.000357324344805, 0.000330658862367, 0.000163868433447], [-0.000149442421389, -0.00036249787081, 0.00364872743376, 0.000588607916143, -0.000177364709089, -0.00113239360508, -0.000186133227544, 0.00013040433987, 0.000591980933677, 0.00110413366929, 0.00153528340161, -0.00097307190299, 0.00136704184115], [-0.000545948161744, 0.000110093671537, 0.000588607916143, 0.00644550984725, 0.000590982555877, 0.00111328263301, -0.00116151839029, 1.68950027728e-05, 0.000603166990913, -0.000291276053758, 0.00083710293984, -0.000746968551539, -0.000606026616879], [0.00076967763016, -0.000603202031925, -0.000177364709089, 0.000590982555877, 0.00869363453239, -4.28540879511e-05, -0.00122610351536, -0.000756689114496, 0.00140715611633, -0.000668127147947, -0.00138470996171, -0.000956076779403, 0.00026733436971], [3.16507648677e-05, 0.000700259872247, -0.00113239360508, 0.00111328263301, -4.28540879511e-05, 0.0100288372487, 0.000228135817451, -0.00149463384878, 0.00134096865077, 0.0010125443805, 0.00146285677329, -0.000749440048821, -0.000821416266263], [0.000555383739993, 0.000180077870027, -0.000186133227544, -0.00116151839029, -0.00122610351536, 0.000228135817451, 0.0112921157852, -0.000821823079605, 0.00139660900459, 0.00155912945047, -0.000187260200619, 0.00150934315752, -0.00134173058905], [0.000127956998767, 0.000914172152989, 0.00013040433987, 1.68950027728e-05, -0.000756689114496, -0.00149463384878, -0.000821823079605, 0.0140949506313, -0.0018495908007, -0.00059813586995, -0.000837444269564, 0.00081377819879, -0.000235086816247], [0.000105572136817, 5.74637306272e-05, 0.000591980933677, 0.000603166990913, 0.00140715611633, 0.00134096865077, 0.00139660900459, -0.0018495908007, 0.0149147240445, -0.00146614259575, 0.000427168677561, -0.000902068859432, -0.00242779077962], [-0.000182481715456, 0.000314526405418, 0.00110413366929, -0.000291276053758, -0.000668127147947, 0.0010125443805, 0.00155912945047, -0.00059813586995, -0.00146614259575, 0.0125907082111, -0.00338758947328, 0.00275390595198, -0.000199973816052], [5.3460142226e-05, -0.000357324344805, 0.00153528340161, 0.00083710293984, -0.00138470996171, 0.00146285677329, -0.000187260200619, -0.000837444269564, 0.000427168677561, -0.00338758947328, 0.0156998895109, -0.00564172118902, 0.0043680514209], [0.000233904254856, 0.000330658862367, -0.00097307190299, -0.000746968551539, -0.000956076779403, -0.000749440048821, 0.00150934315752, 0.00081377819879, -0.000902068859432, 0.00275390595198, -0.00564172118902, 0.0137334410101, -0.00296209193766], [6.62120100969e-06, 0.000163868433447, 0.00136704184115, -0.000606026616879, 0.00026733436971, -0.000821416266263, -0.00134173058905, -0.000235086816247, -0.00242779077962, -0.000199973816052, 0.0043680514209, -0.00296209193766, 0.0148127619177]], "mean": [-769.411071777, 160.277511597, 35.6364326477, 32.1378517151, -26.0805187225, -14.2763118744, -20.5599822998, -20.0824832916, -5.19664716721, -2.10500264168, -6.09782886505, -8.62268829346, -8.07193279266], "cov": [[11734.5410156, 1929.48876953, 355.322296143, 965.712585449, -1146.88232422, -289.03225708, -635.71496582, -357.576812744, -3.76384282112, 138.278335571, -248.676391602, -317.851593018, -67.4395980835], [1929.48876953, 2238.08276367, 254.320068359, 100.596580505, -48.2568778992, -177.693832397, -125.560722351, -198.30670166, -50.3040466309, -19.3869419098, 14.5671491623, -64.5096359253, -94.1819381714], [355.322296143, 254.320068359, 375.88949585, -12.7682447433, -13.4646654129, 33.4059333801, -14.8628463745, -30.5572986603, -31.033159256, -52.6864051819, -37.7719154358, 4.2602481842, -31.7278499603], [965.712585449, 100.596580505, -12.7682447433, 249.985488892, -109.359321594, -41.4671630859, -35.0548400879, -27.2795677185, -0.26762932539, 16.6049690247, -28.2846641541, -23.4463443756, 9.75981044769], [-1146.88232422, -48.2568778992, -13.4646654129, -109.359321594, 247.407867432, 20.5624446869, 72.3515853882, 31.222738266, -15.8842687607, -11.0825386047, 47.2268600464, 41.4388008118, -6.85382032394], [-289.03225708, -177.693832397, 33.4059333801, -41.4671630859, 20.5624446869, 132.789840698, 18.1691513062, 26.5484809875, -8.06826114655, -22.4057273865, -15.8695993423, 14.5245256424, 12.3343801498], [-635.71496582, -125.560722351, -14.8628463745, -35.0548400879, 72.3515853882, 18.1691513062, 131.536209106, 25.4275722504, -10.2798089981, -19.6224822998, 6.40877866745, 9.36410331726, 11.6633939743], [-357.576812744, -198.30670166, -30.5572986603, -27.2795677185, 31.222738266, 26.5484809875, 25.4275722504, 95.2987670898, 12.0639410019, 4.62898349762, 7.34356975555, 7.4667725563, 10.1493711472], [-3.76384282112, -50.3040466309, -31.033159256, -0.26762932539, -15.8842687607, -8.06826114655, -10.2798089981, 12.0639410019, 77.4371871948, 13.9241008759, -0.582990288734, 3.4927175045, 16.2609767914], [138.278335571, -19.3869419098, -52.6864051819, 16.6049690247, -11.0825386047, -22.4057273865, -19.6224822998, 4.62898349762, 13.9241008759, 101.554573059, 20.9474315643, -16.2855892181, -2.83258867264], [-248.676391602, 14.5671491623, -37.7719154358, -28.2846641541, 47.2268600464, -15.8695993423, 6.40877866745, 7.34356975555, -0.582990288734, 20.9474315643, 98.2717208862, 32.5456123352, -21.0400333405], [-317.851593018, -64.5096359253, 4.2602481842, -23.4463443756, 41.4388008118, 14.5245256424, 9.36410331726, 7.4667725563, 3.4927175045, -16.2855892181, 32.5456123352, 100.326011658, 11.3450536728], [-67.4395980835, -94.1819381714, -31.7278499603, 9.75981044769, -6.85382032394, 12.3343801498, 11.6633939743, 10.1493711472, 16.2609767914, -2.83258867264, -21.0400333405, 11.3450536728, 85.0339660645]]}, "spectral_decrease": {"dmean": 1.37306099823e-09, "dvar2": 9.21468200882e-18, "mean": -5.86564485872e-09, "var": 2.19542105639e-17, "dmean2": 1.88721793748e-09, "dvar": 4.88892486545e-18, "min": -2.77360996392e-08, "median": -4.62618965358e-09, "max": 1.60449596537e-17}, "zerocrossingrate": {"dmean": 0.00531201809645, "dvar2": 9.50556786847e-05, "mean": 0.04978344962, "var": 0.0106824459508, "dmean2": 0.00704354513437, "dvar": 7.22942859284e-05, "min": 0.0087890625, "median": 0.02392578125, "max": 0.53857421875}, "spectral_contrast_coeffs": {"dmean": [0.0349679328501, 0.035683054477, 0.0310781560838, 0.0242220479995, 0.0248171295971, 0.0227000974119], "dvar2": [0.00265547772869, 0.00315968459472, 0.00193645595573, 0.00119282864034, 0.00104845454916, 0.00112996739335], "mean": [-0.506420552731, -0.663904607296, -0.677849829197, -0.789887726307, -0.767956376076, -0.76240837574], "var": [0.0187114868313, 0.0110249873251, 0.0103439828381, 0.00328696146607, 0.00625709211454, 0.00579458335415], "dmean2": [0.0574052557349, 0.0560502558947, 0.045777246356, 0.0383451469243, 0.0344725586474, 0.0307052396238], "dvar": [0.00108984683175, 0.00134716299362, 0.00105219334364, 0.000504459720105, 0.000673493137583, 0.000746434088796], "min": [-0.981825947762, -0.978540956974, -0.977539420128, -0.973578572273, -0.969182610512, -0.966811358929], "median": [-0.488495588303, -0.659041583538, -0.668598413467, -0.782297134399, -0.753907084465, -0.752510130405], "max": [-0.22112596035, -0.386840432882, -0.442400664091, -0.615868151188, -0.560500919819, -0.585928499699]}, "spectral_skewness": {"dmean": 0.473209440708, "dvar2": 0.63075107336, "mean": 2.93288016319, "var": 1.43455779552, "dmean2": 0.719965875149, "dvar": 0.319830715656, "min": -0.085255689919, "median": 2.79358077049, "max": 7.08926391602}, "spectral_energyband_middle_high": {"dmean": 9.51360707404e-05, "dvar2": 5.96484426296e-08, "mean": 0.000310612929752, "var": 1.25739006762e-07, "dmean2": 0.000135335227242, "dvar": 3.29269767008e-08, "min": 1.13454495406e-21, "median": 0.000198685142095, "max": 0.00375790987164}, "gfcc": {"icov": [[0.000344421656337, -0.00075973890489, 0.000583805900533, -0.000438770221081, 0.00138339784462, -8.78185601323e-05, 0.0011134846136, -0.00053097930504, 0.00115783559158, -0.000958208751399, 0.000665403145831, -0.000788894132711, 0.000426890677772], [-0.00075973890489, 0.00322814239189, -0.000611670722719, 0.00234648399055, -0.00266400701366, 0.00128946290351, -0.00137432885822, 0.00197951216251, -0.00279889907688, 0.00247045536526, -0.00236373883672, 0.00217068870552, -0.00118087325245], [0.000583805900533, -0.000611670722719, 0.00467432802543, 0.000621946586762, 0.00122205202933, -0.00228750612587, 0.00283391773701, -0.000133025969262, 0.00279960990883, -0.000795430969447, -0.000614774529822, -0.00123240367975, 0.000431961205322], [-0.000438770221081, 0.00234648399055, 0.000621946586762, 0.00594246247783, -0.000547621049918, 0.000564375543036, -0.00155403697863, 0.000998766161501, -0.00113557174336, 0.00153441820294, -0.00244215759449, 0.000148489387357, -0.000991808599792], [0.00138339784462, -0.00266400701366, 0.00122205202933, -0.000547621049918, 0.0105362646282, -0.000727912585717, 0.00364267150871, -0.00311483582482, 0.00317878718488, -0.00257144751959, -0.0018808391178, -0.00236116466112, 0.0023274703417], [-8.78185601323e-05, 0.00128946290351, -0.00228750612587, 0.000564375543036, -0.000727912585717, 0.0104723479599, -0.000863180262968, 0.00153989484534, -0.00153049337678, -7.69990874687e-05, 0.000542834342923, -0.00270106433891, 0.000831975834444], [0.0011134846136, -0.00137432885822, 0.00283391773701, -0.00155403697863, 0.00364267150871, -0.000863180262968, 0.0144520998001, -0.00206943834201, 0.00153728597797, -0.000249980745139, -0.00059170962777, -0.000863246212248, -0.00235950131901], [-0.00053097930504, 0.00197951216251, -0.000133025969262, 0.000998766161501, -0.00311483582482, 0.00153989484534, -0.00206943834201, 0.0127754956484, -0.00402653915808, -0.00212577194907, 0.000529743963853, 0.000805280869827, -0.000495038868394], [0.00115783559158, -0.00279889907688, 0.00279960990883, -0.00113557174336, 0.00317878718488, -0.00153049337678, 0.00153728597797, -0.00402653915808, 0.0142059624195, -0.0046429564245, 0.000703210360371, -0.00210107746534, 0.000115191687655], [-0.000958208751399, 0.00247045536526, -0.000795430969447, 0.00153441820294, -0.00257144751959, -7.69990874687e-05, -0.000249980745139, -0.00212577194907, -0.0046429564245, 0.0182137824595, -0.006090444047, -0.00117666774895, -6.113883137e-05], [0.000665403145831, -0.00236373883672, -0.000614774529822, -0.00244215759449, -0.0018808391178, 0.000542834342923, -0.00059170962777, 0.000529743963853, 0.000703210360371, -0.006090444047, 0.0192109458148, -0.00476192729548, -0.000399901764467], [-0.000788894132711, 0.00217068870552, -0.00123240367975, 0.000148489387357, -0.00236116466112, -0.00270106433891, -0.000863246212248, 0.000805280869827, -0.00210107746534, -0.00117666774895, -0.00476192729548, 0.0180195514113, -0.00652749231085], [0.000426890677772, -0.00118087325245, 0.000431961205322, -0.000991808599792, 0.0023274703417, 0.000831975834444, -0.00235950131901, -0.000495038868394, 0.000115191687655, -6.113883137e-05, -0.000399901764467, -0.00652749231085, 0.0174599792808]], "mean": [-133.95904541, 112.562683105, -66.652053833, 2.85026359558, -80.3109283447, -31.2534313202, -37.8965492249, -5.05166196823, -28.147567749, 4.97762918472, -29.5361175537, -4.80173063278, -11.768155098], "cov": [[56297.2851562, 5143.99511719, -4184.43017578, 647.038208008, -4813.14941406, -1715.90820312, -1882.74316406, -176.565231323, -1495.34667969, 306.523162842, -1761.47900391, -232.35218811, -540.603088379], [5143.99511719, 1354.6114502, -364.985900879, -213.840301514, -290.031463623, -243.516204834, -182.105117798, -74.2824554443, -77.7482070923, -26.2281799316, -106.585624695, -99.1632614136, -52.8120651245], [-4184.43017578, -364.985900879, 662.556640625, -124.277603149, 369.700622559, 203.475372314, 66.8155517578, -19.5845165253, 48.0829200745, -17.3215827942, 141.522598267, 39.75548172, 21.393907547], [647.038208008, -213.840301514, -124.277603149, 299.949554443, -105.127296448, -13.7916879654, 19.9841060638, 11.8216953278, -13.6389904022, 13.9431695938, -11.19759655, 30.9413528442, 18.9872837067], [-4813.14941406, -290.031463623, 369.700622559, -105.127296448, 571.507263184, 140.878448486, 128.860733032, 31.788734436, 128.883010864, -5.52595186234, 185.22795105, 26.159286499, 31.5171737671], [-1715.90820312, -243.516204834, 203.475372314, -13.7916879654, 140.878448486, 182.255950928, 45.8459892273, -2.1693046093, 37.8856620789, 4.51013326645, 54.8048591614, 40.8026580811, 14.6114320755], [-1882.74316406, -182.105117798, 66.8155517578, 19.9841060638, 128.860733032, 45.8459892273, 161.786392212, 17.4760723114, 63.8229560852, -12.9127531052, 60.8316917419, 12.4499559402, 41.776550293], [-176.565231323, -74.2824554443, -19.5845165253, 11.8216953278, 31.788734436, -2.1693046093, 17.4760723114, 107.705169678, 36.4375762939, 29.2754936218, 9.20828342438, 10.2854757309, 5.64859580994], [-1495.34667969, -77.7482070923, 48.0829200745, -13.6389904022, 128.883010864, 37.8856620789, 63.8229560852, 36.4375762939, 149.857345581, 17.537109375, 58.8456001282, 14.8823385239, 25.9946041107], [306.523162842, -26.2281799316, -17.3215827942, 13.9431695938, -5.52595186234, 4.51013326645, -12.9127531052, 29.2754936218, 17.537109375, 87.8744354248, 19.476978302, 27.0747413635, 2.31916880608], [-1761.47900391, -106.585624695, 141.522598267, -11.19759655, 185.22795105, 54.8048591614, 60.8316917419, 9.20828342438, 58.8456001282, 19.476978302, 134.4243927, 34.4813804626, 28.5501194], [-232.35218811, -99.1632614136, 39.75548172, 30.9413528442, 26.159286499, 40.8026580811, 12.4499559402, 10.2854757309, 14.8823385239, 27.0747413635, 34.4813804626, 93.6529922485, 32.0899429321], [-540.603088379, -52.8120651245, 21.393907547, 18.9872837067, 31.5171737671, 14.6114320755, 41.776550293, 5.64859580994, 25.9946041107, 2.31916880608, 28.5501194, 32.0899429321, 80.8644943237]]}, "erbbands_spread": {"dmean": 4.30871391296, "dvar2": 102.811820984, "mean": 16.5022144318, "var": 145.061187744, "dmean2": 6.42779111862, "dvar": 45.3741111755, "min": 2.32866978645, "median": 12.5542058945, "max": 110.326942444}, "erbbands_kurtosis": {"dmean": 2.66677236557, "dvar2": 41.8066825867, "mean": 8.87056064606, "var": 49.3882865906, "dmean2": 4.05883359909, "dvar": 18.0717506409, "min": -1.49999475479, "median": 7.61307430267, "max": 88.8201217651}, "dynamic_complexity": 2.99368166924, "erbbands_crest": {"dmean": 1.99053359032, "dvar2": 10.6016654968, "mean": 13.6357431412, "var": 22.9322662354, "dmean2": 2.9232571125, "dvar": 4.83417415619, "min": 2.39195871353, "median": 13.1899623871, "max": 28.5271186829}, "erbbands": {"dmean": [0.000760339084081, 0.0180891603231, 0.0891292244196, 0.471582472324, 3.72275209427, 9.78811740875, 12.4920511246, 16.558467865, 7.20567369461, 6.50748825073, 11.5701732635, 38.6771507263, 3.60657382011, 0.591507017612, 0.83260589838, 0.412536293268, 0.509244740009, 0.323891043663, 0.362085580826, 0.4133464396, 0.277641564608, 0.595798432827, 0.172892555594, 0.439023703337, 0.889579474926, 1.03746592999, 0.890515267849, 0.775133907795, 0.429640948772, 0.261790364981, 0.175933480263, 0.0843764916062, 0.0420162267983, 0.0750655084848, 0.10014680773, 0.138214498758, 0.0275030676275, 0.00322024570778, 0.000442147080321, 1.58506718435e-05], "dvar2": [2.2432732294e-06, 0.001604695688, 0.044741909951, 2.36008667946, 189.936828613, 826.60357666, 1028.07507324, 2677.5456543, 2343.55102539, 274.334533691, 1154.34191895, 16596.5234375, 111.35408783, 3.07080197334, 13.9955730438, 2.11771297455, 2.44071555138, 1.3119109869, 1.89830124378, 2.32641911507, 0.681064605713, 6.1248884201, 0.349964380264, 4.82818984985, 14.3830776215, 12.3824300766, 11.4330596924, 7.08623886108, 2.80260252953, 1.43372130394, 0.931557118893, 0.180516809225, 0.0645256564021, 0.451256513596, 0.485021114349, 1.85653281212, 0.0523634180427, 0.000842380861286, 1.20173608593e-05, 7.92676502215e-09], "mean": [0.00181180122308, 0.0578555315733, 0.313297152519, 1.40405476093, 10.2700090408, 38.3549842834, 46.1360626221, 49.9908905029, 20.1393260956, 26.763589859, 36.9686012268, 97.367477417, 11.0933160782, 1.91517722607, 2.38339591026, 0.894981622696, 1.12516605854, 0.819878578186, 0.765462338924, 0.839764416218, 0.696730792522, 1.2377821207, 0.362003445625, 0.96799993515, 1.91164302826, 2.17012548447, 1.79189252853, 1.63682019711, 0.815798103809, 0.514226913452, 0.295757949352, 0.134061113, 0.0609238408506, 0.0871414765716, 0.114464305341, 0.128896161914, 0.0273805260658, 0.00333082606085, 0.000416549679358, 3.66923450201e-05], "var": [3.58145302926e-06, 0.00477065797895, 0.0554469786584, 2.74115419388, 286.592102051, 2214.28515625, 2599.68676758, 3966.80493164, 2816.52392578, 1335.53149414, 3350.93383789, 29559.6796875, 199.448516846, 8.09826278687, 35.1527099609, 1.98971188068, 2.19762802124, 1.83216106892, 1.40894329548, 2.10517215729, 0.907177984715, 6.27651691437, 0.280362635851, 3.62617397308, 15.2832288742, 17.6980609894, 11.4169588089, 9.29629325867, 2.80483818054, 1.33794367313, 0.560123860836, 0.126073926687, 0.0402958393097, 0.251264303923, 0.323955118656, 0.655522227287, 0.0219119880348, 0.000316498248139, 6.48895820632e-06, 3.93063448456e-09], "dmean2": [0.00130793766584, 0.028437487781, 0.148887321353, 0.739393830299, 5.93310689926, 13.8885765076, 17.0689334869, 24.8340091705, 11.1970376968, 8.11201667786, 15.2604637146, 50.0128746033, 4.81999111176, 0.83992087841, 1.21743690968, 0.668447077274, 0.809005916119, 0.514329969883, 0.561568081379, 0.635857999325, 0.416050493717, 0.915558338165, 0.274986773729, 0.69099855423, 1.34199488163, 1.50690639019, 1.36472129822, 1.13151466846, 0.638762414455, 0.38898190856, 0.264361917973, 0.127395167947, 0.0640181526542, 0.11228813976, 0.149628192186, 0.224491477013, 0.0441315434873, 0.00528476480395, 0.000726664555259, 2.49499316851e-05], "dvar": [8.28548934351e-07, 0.000721139716916, 0.0180686917156, 1.04558181763, 78.8994522095, 403.552001953, 554.871337891, 1027.75341797, 1053.39855957, 176.115264893, 717.590393066, 9508.42480469, 56.7829322815, 1.77352869511, 7.77170991898, 0.896083116531, 0.976513326168, 0.526651620865, 0.827563524246, 1.05107474327, 0.330992728472, 2.77596664429, 0.142503157258, 1.88436496258, 5.78416347504, 5.97315645218, 5.09975290298, 3.52835416794, 1.34931492805, 0.67103344202, 0.401704519987, 0.0788986086845, 0.0282585211098, 0.203224331141, 0.226225152612, 0.728121578693, 0.021346481517, 0.000338716141414, 5.56792838324e-06, 3.4234068913e-09], "min": [6.96732616891e-23, 2.41659700193e-22, 1.11887668711e-21, 4.26240636263e-21, 4.49692741436e-21, 1.75018105178e-20, 2.96656694465e-20, 6.14918958789e-20, 4.8742124889e-20, 1.29486723842e-19, 3.17718367222e-19, 2.64716717773e-19, 3.23574082175e-19, 5.23956052326e-19, 6.80347471826e-19, 1.19523979599e-18, 1.46859496769e-18, 1.48784159939e-18, 2.33343907809e-18, 2.07853427334e-18, 3.27208207139e-18, 3.89321654285e-18, 5.7948497636e-18, 5.43636250742e-18, 7.25408694042e-18, 6.84586834504e-18, 8.27204021764e-18, 8.97750451178e-18, 1.0000468022e-17, 8.3777125409e-18, 9.29803617197e-18, 1.06275660521e-17, 8.51116407066e-18, 7.34068365157e-18, 6.17329730155e-18, 4.03000615998e-18, 2.29074973424e-18, 9.9568030186e-19, 2.2797606915e-19, 2.48989765432e-20], "median": [0.0010519658681, 0.0262524355203, 0.269185513258, 0.887870788574, 3.22591471672, 21.354227066, 27.272315979, 23.2042617798, 9.38577747345, 16.467874527, 17.5995349884, 44.2285461426, 5.61542034149, 0.974322259426, 0.634470701218, 0.470344871283, 0.630067765713, 0.444311112165, 0.442684531212, 0.375128656626, 0.36792498827, 0.440247029066, 0.189227446914, 0.34813067317, 0.559482753277, 0.645105302334, 0.557461500168, 0.394310683012, 0.277682155371, 0.125728547573, 0.0698322802782, 0.0261361207813, 0.0120836971328, 0.00999309122562, 0.00996078457683, 0.00816328171641, 0.0028040423058, 0.000711799424607, 9.4028080639e-05, 2.52870468103e-05], "max": [0.0118345916271, 0.409869730473, 1.77346634865, 18.4246501923, 156.465713501, 319.960784912, 310.379547119, 387.56439209, 680.834899902, 295.399902344, 489.23034668, 1818.68554688, 128.940032959, 32.7114715576, 89.2799911499, 15.5122680664, 18.0283184052, 19.1281280518, 19.8259773254, 22.2307128906, 11.3848724365, 46.6317520142, 5.1019525528, 28.258020401, 53.2648735046, 51.2140769958, 63.4393882751, 38.1123313904, 38.8677330017, 25.0308799744, 30.1520328522, 8.91785621643, 5.64943170547, 15.3031606674, 15.6966600418, 34.9155845642, 6.51618242264, 0.739727556705, 0.0947652906179, 0.00164490228053]}, "silence_rate_30dB": {"dmean": 0.000930665410124, "dvar2": 0.00232389452867, "mean": 0.999302148819, "var": 0.000697341107298, "dmean2": 0.00186176400166, "dvar": 0.000929803762119, "min": 0, "median": 1, "max": 1}, "silence_rate_60dB": {"dmean": 0.0223359707743, "dvar2": 0.0464104227722, "mean": 0.0918818339705, "var": 0.0834403336048, "dmean2": 0.0446823351085, "dvar": 0.021836746484, "min": 0, "median": 0, "max": 1}, "spectral_energyband_middle_low": {"dmean": 0.00527356518432, "dvar2": 0.000135740221594, "mean": 0.0220740679651, "var": 0.000321559084114, "dmean2": 0.00725934887305, "dvar": 7.19246963854e-05, "min": 1.57390031578e-22, "median": 0.0171427242458, "max": 0.105530828238}, "spectral_spread": {"dmean": 641849.75, "dvar2": 2457891504130.0, "mean": 5325653, "var": 63646055006200.0, "dmean2": 999142.125, "dvar": 1104504291330.0, "min": 1433527.25, "median": 3416880.5, "max": 43838128}, "barkbands": {"dmean": [2.29095735449e-06, 6.31566726952e-05, 9.43234