{"tonal": {"chords_key": "C#", "hpcp_entropy": {"dmean": 0.567482948303, "dmean2": 0.934431314468, "max": 4.37945318222, "dvar": 0.255242556334, "mean": 1.80541288853, "dvar2": 0.655905544758, "min": 0, "var": 0.514370441437, "median": 1.82286000252}, "key_key": "C#", "chords_strength": {"dmean": 0.00868232361972, "dmean2": 0.00798441190273, "max": 0.708487033844, "dvar": 0.000868859118782, "mean": 0.528469026089, "dvar2": 0.00167685456108, "min": -1, "var": 0.0131481848657, "median": 0.536747634411}, "key_scale": "minor", "chords_number_rate": 0.00163032405544, "thpcp": [1, 0.569049537182, 0.329453796148, 0.360518097878, 0.216455131769, 0.18638907373, 0.224415659904, 0.187925994396, 0.426447212696, 0.659582972527, 0.397289305925, 0.159345030785, 0.148913115263, 0.183183282614, 0.629144966602, 0.997249007225, 0.580092847347, 0.16428309679, 0.11372178793, 0.0972314700484, 0.23592582345, 0.35140389204, 0.239222571254, 0.3108984828, 0.484493553638, 0.332297921181, 0.198713988066, 0.163716852665, 0.120921008289, 0.385082215071, 0.615428984165, 0.384969770908, 0.151584565639, 0.130365341902, 0.183216452599, 0.671947717667], "key_strength": 0.693239033222, "tuning_nontempered_energy_ratio": 0.625472068787, "tuning_frequency": 440.254241943, "chords_changes_rate": 0.0444263294339, "tuning_diatonic_strength": 0.517186105251, "chords_scale": "minor", "chords_histogram": [37.5789680481, 10.556347847, 3.09761571884, 13.4297943115, 0, 7.25494194031, 0, 7.90707159042, 0, 0, 0, 0, 0, 0, 0, 0, 0, 0, 0, 0, 0, 0, 6.25636863708, 13.9188909531], "tuning_equal_tempered_deviation": 0.00553822377697, "hpcp": {"dmean": [0.0852093547583, 0.0734264552593, 0.0689451172948, 0.0750281885266, 0.0803632363677, 0.120279766619, 0.134783804417, 0.117163985968, 0.0784565508366, 0.072075560689, 0.0942003652453, 0.156605169177, 0.164269074798, 0.14957216382, 0.0801837742329, 0.0583588667214, 0.0517597049475, 0.0743038058281, 0.095631532371, 0.0800786539912, 0.0874175801873, 0.108568452299, 0.0941135287285, 0.0719205588102, 0.0612060464919, 0.0596584118903, 0.115726202726, 0.129067614675, 0.117533318698, 0.0822399929166, 0.0717206671834, 0.0913851261139, 0.155230626464, 0.167802795768, 0.143617153168, 0.102241002023], "dmean2": [0.149539366364, 0.130616858602, 0.120217092335, 0.130173489451, 0.14249701798, 0.202309921384, 0.224217012525, 0.199833288789, 0.140985369682, 0.128290474415, 0.169299259782, 0.267063289881, 0.272687703371, 0.253550350666, 0.143479719758, 0.106643274426, 0.0945848599076, 0.125013262033, 0.157435506582, 0.137537747622, 0.1493370682, 0.17992284894, 0.159177958965, 0.125784695148, 0.108169004321, 0.10758394748, 0.196211770177, 0.211349353194, 0.200693666935, 0.148888126016, 0.13045693934, 0.164578676224, 0.262321025133, 0.27876251936, 0.242934882641, 0.179455772042], "max": [1, 1, 1, 1, 1, 1, 1, 1, 1, 1, 1, 1, 1, 1, 1, 1, 1, 1, 1, 1, 1, 1, 1, 1, 1, 1, 1, 1, 1, 1, 1, 1, 1, 1, 1, 1], "dvar": [0.0271924771369, 0.0200236812234, 0.0169423818588, 0.0204646587372, 0.0218264125288, 0.0297195650637, 0.0423908084631, 0.030953289941, 0.0247409455478, 0.0228820554912, 0.0301448535174, 0.0373599790037, 0.0447696149349, 0.0349428318441, 0.0232744589448, 0.0199089106172, 0.0169250965118, 0.0172657184303, 0.0245723444968, 0.0180230885744, 0.0194497983903, 0.0280381608754, 0.0208500474691, 0.0202402845025, 0.0174093022943, 0.0168820768595, 0.0321398153901, 0.0388514176011, 0.0328039005399, 0.0277886241674, 0.0246251020581, 0.0303570907563, 0.0380255393684, 0.0438138619065, 0.0317364707589, 0.028610335663], "mean": [0.160189121962, 0.0961775779724, 0.0828183144331, 0.0997146815062, 0.0835012122989, 0.189483419061, 0.2930727005, 0.176527678967, 0.0708018243313, 0.0661666095257, 0.0813938826323, 0.279548168182, 0.443107962608, 0.257752835751, 0.0729959607124, 0.0505300350487, 0.0432028882205, 0.104828990996, 0.156139403582, 0.106293834746, 0.138141617179, 0.215275168419, 0.147650033236, 0.088294647634, 0.0727443620563, 0.0537288673222, 0.171103700995, 0.273453742266, 0.171053737402, 0.0673536136746, 0.0579252690077, 0.0814086198807, 0.29856672883, 0.444330304861, 0.252845942974, 0.146386310458], "dvar2": [0.0721288472414, 0.0561176948249, 0.0458911471069, 0.053778886795, 0.0607509277761, 0.0783973708749, 0.0944699943066, 0.0831539183855, 0.0699918791652, 0.0621097907424, 0.0839791744947, 0.100161761045, 0.10372376442, 0.0959429368377, 0.0647817850113, 0.0572915561497, 0.0490573011339, 0.044990286231, 0.0584201589227, 0.0492713302374, 0.0528960637748, 0.070652961731, 0.0562451481819, 0.0551528558135, 0.0473682619631, 0.0474353246391, 0.0844232812524, 0.0858320146799, 0.0879893675447, 0.0790568068624, 0.068207681179, 0.0835448950529, 0.0943192094564, 0.0978571400046, 0.0859993994236, 0.077435195446], "min": [0, 0, 0, 0, 0, 0, 0, 0, 0, 0, 0, 0, 0, 0, 0, 0, 0, 0, 0, 0, 0, 0, 0, 0, 0, 0, 0, 0, 0, 0, 0, 0, 0, 0, 0, 0], "var": [0.082975693047, 0.0280421972275, 0.0206736661494, 0.0329848714173, 0.0198635999113, 0.0522985085845, 0.116929963231, 0.0489819981158, 0.019049776718, 0.0189053807408, 0.0238317772746, 0.0708311200142, 0.137343019247, 0.0593643374741, 0.0192854106426, 0.0140521209687, 0.0107461828738, 0.023740503937, 0.0474501028657, 0.0206584818661, 0.0330260619521, 0.0770562961698, 0.0341801568866, 0.0206176973879, 0.0164846200496, 0.0128941731527, 0.0520828813314, 0.11044087261, 0.0511495620012, 0.0205851569772, 0.0181368645281, 0.0238531995565, 0.0781937688589, 0.130239009857, 0.0507707223296, 0.0532471351326], "median": [0.023525994271, 0.0201365184039, 0.0282145664096, 0.0283103659749, 0.0289734583348, 0.0868336930871, 0.13280788064, 0.0803199931979, 0.0227455683053, 0.0186040140688, 0.0249948725104, 0.186668783426, 0.323523849249, 0.175599321723, 0.0223854053766, 0.0125253656879, 0.0135128404945, 0.0450420714915, 0.0685096383095, 0.052316442132, 0.0627530887723, 0.0896442979574, 0.076673142612, 0.0397685840726, 0.0295373816043, 0.0172931049019, 0.0667606294155, 0.110092766583, 0.0691705495119, 0.0160883385688, 0.0122939869761, 0.0225048325956, 0.205896154046, 0.349420189857, 0.192431882024, 0.0343163907528]}}, "lowlevel": {"melbands_flatness_db": {"dmean": 0.0181967280805, "dmean2": 0.0266262590885, "max": 0.561543822289, "dvar": 0.000369071844034, "mean": 0.184369534254, "dvar2": 0.000782786344644, "min": 0.00652945833281, "var": 0.00467568822205, "median": 0.169132456183}, "melbands_crest": {"dmean": 2.25990819931, "dmean2": 3.71178388596, "max": 39.2083244324, "dvar": 5.30989694595, "mean": 10.1692590714, "dvar2": 13.5675258636, "min": 1.69493043423, "var": 18.541015625, "median": 9.27417945862}, "spectral_entropy": {"dmean": 0.119116716087, "dmean2": 0.158614382148, "max": 9.80320644379, "dvar": 0.0167325194925, "mean": 7.47031211853, "dvar2": 0.0267850682139, "min": 4.69206523895, "var": 0.20918789506, "median": 7.52582502365}, "melbands": {"dmean": [0.000217944441829, 0.00060220254818, 0.000601086358074, 0.000369722692994, 0.000148969556903, 0.000182234536624, 0.000275002268609, 0.000222440299694, 0.000110468048661, 8.63917375682e-05, 0.000107634885353, 7.80534101068e-05, 4.52060994576e-05, 4.45603254775e-05, 3.90502573282e-05, 2.71736553259e-05, 3.58881661668e-05, 5.18084780197e-05, 2.1970781745e-05, 2.25140101975e-05, 2.91055548587e-05, 3.04248023895e-05, 9.55149153015e-06, 7.83820905781e-06, 6.76371564623e-06, 6.97851646692e-06, 4.56117049907e-06, 1.56399505613e-06, 1.54716735778e-06, 1.02100557342e-06, 7.4136795547e-07, 7.85786085089e-07, 8.69629957378e-07, 6.94810751156e-07, 6.93914444128e-07, 6.8446087198e-07, 4.91123955726e-07, 3.63089242228e-07, 3.52476064336e-07, 3.23836644611e-07], "dmean2": [0.000369619549019, 0.00102542550303, 0.0010563818505, 0.000632928393316, 0.000231941885431, 0.000291163014481, 0.000443513097707, 0.000329469970893, 0.000156074951519, 0.000122018587717, 0.000152681808686, 0.000112867841381, 6.70209701639e-05, 6.70720546623e-05, 6.05358145549e-05, 4.34399044025e-05, 5.8386951423e-05, 8.46778057166e-05, 3.63257204299e-05, 3.51157759724e-05, 4.64689728688e-05, 4.85037198814e-05, 1.49008465087e-05, 1.20125150715e-05, 1.02089961729e-05, 1.05493190858e-05, 6.98516259945e-06, 2.34524259213e-06, 2.40675899477e-06, 1.45118633554e-06, 1.06843060621e-06, 1.09953123228e-06, 1.25519329686e-06, 9.90018634184e-07, 9.91452566268e-07, 9.71205736278e-07, 7.23859557183e-07, 5.23933806562e-07, 5.04854483552e-07, 4.46397081078e-07], "max": [0.00527393445373, 0.0192773789167, 0.01395972725, 0.0122429328039, 0.00498923752457, 0.00591661734506, 0.00851889420301, 0.0120416292921, 0.00677269976586, 0.00704820733517, 0.00604766001925, 0.00364829157479, 0.00388323189691, 0.0026510595344, 0.00286240060814, 0.000949643785134, 0.0012890676735, 0.0026631609071, 0.000638881523628, 0.000920437450986, 0.000884022389073, 0.00170471763704, 0.000275688944384, 0.000343273888575, 0.000226787713473, 0.000259144988377, 0.000229062599828, 4.99825146107e-05, 5.49266114831e-05, 8.6470899987e-05, 6.0295307776e-05, 5.27373340447e-05, 8.76989870449e-05, 8.91837917152e-05, 0.000160766532645, 8.24478120194e-05, 4.87649485876e-05, 3.5605422454e-05, 5.29378412466e-05, 6.70781664667e-05], "dvar": [1.26845009163e-07, 1.88927799627e-06, 1.62769390499e-06, 5.3008903933e-07, 5.42463070019e-08, 1.3285790601e-07, 3.36163481052e-07, 3.09226066975e-07, 7.01398832348e-08, 3.76441029459e-08, 5.04846084937e-08, 2.12997903759e-08, 9.54088896776e-09, 6.57825749428e-09, 6.27430996047e-09, 1.99344762919e-09, 3.18512616282e-09, 9.2197813828e-09, 1.04549746638e-09, 1.01346531167e-09, 1.99452210303e-09, 3.28899907309e-09, 2.33685321094e-10, 1.78551631813e-10, 1.32763355865e-10, 1.46932452316e-10, 6.369733907e-11, 7.09040161653e-12, 7.39600394817e-12, 3.94848390095e-12, 3.28763904121e-12, 3.7017238233e-12, 5.23274609407e-12, 4.97153056569e-12, 1.07112825554e-11, 6.45309456912e-12, 1.78099267105e-12, 1.11477222852e-12, 2.63794303242e-12, 2.53179161663e-12], "mean": [0.000433275767136, 0.000883673666976, 0.000850573007483, 0.000611360708717, 0.000338106736308, 0.000406387611292, 0.000512748083565, 0.000506907934323, 0.000283692148514, 0.000187684141565, 0.00025161364465, 0.000192333536688, 0.000108967957203, 8.96854689927e-05, 8.08045515441e-05, 5.07685726916e-05, 6.77253483445e-05, 9.51744077611e-05, 4.46562407888e-05, 4.91405553475e-05, 5.54270845896e-05, 5.63133908145e-05, 2.15522322833e-05, 1.55645375344e-05, 1.36310382004e-05, 1.42183225762e-05, 8.71858355822e-06, 3.04655532091e-06, 3.11597727887e-06, 1.91169283426e-06, 1.47467267197e-06, 1.56298767706e-06, 1.67264204265e-06, 1.30907392304e-06, 1.27782413983e-06, 1.34791389428e-06, 1.01111504591e-06, 7.15254373063e-07, 6.85599388817e-07, 5.96813720222e-07], "dvar2": [3.49551356749e-07, 5.03735236634e-06, 4.55093004348e-06, 1.44511147937e-06, 1.30594230541e-07, 3.42119278685e-07, 8.64321577865e-07, 6.31574778254e-07, 1.21369083672e-07, 6.59944845438e-08, 9.87563311128e-08, 4.59430005151e-08, 1.88122211142e-08, 1.4579795149e-08, 1.41482559002e-08, 5.05149166941e-09, 8.01500998904e-09, 2.27875673886e-08, 2.7435833605e-09, 2.22045137832e-09, 5.01488495175e-09, 7.52511919444e-09, 5.34342126102e-10, 4.08119732453e-10, 2.98572916391e-10, 3.15955761554e-10, 1.38896283364e-10, 1.57256967864e-11, 1.7606603675e-11, 8.10945147839e-12, 6.73721885572e-12, 7.2506653459e-12, 1.07446326142e-11, 9.57931737405e-12, 2.09376162241e-11, 1.25527548425e-11, 3.6460964456e-12, 2.0328339706e-12, 4.96200086228e-12, 4.55068578306e-12], "min": [5.0335360539e-24, 3.5712103944e-24, 9.15444050428e-24, 8.59006416913e-24, 1.20157431372e-23, 3.17384222378e-24, 4.69247716913e-24, 6.34848750795e-24, 2.42013355214e-24, 8.43359203086e-24, 7.54566281772e-24, 2.52138641312e-24, 1.01249902755e-23, 1.05935815418e-23, 6.96989059794e-24, 6.76969821058e-24, 7.06814953457e-24, 1.25884451103e-23, 1.1859599165e-23, 1.15883414541e-23, 9.23803372782e-24, 6.95646576305e-24, 1.2387078109e-23, 1.52173903413e-23, 1.18639315891e-23, 9.83676574425e-24, 1.38473408973e-23, 1.40976717061e-23, 9.36995335928e-24, 1.15555019635e-23, 1.5905603639e-23, 1.35506092901e-23, 9.17968405324e-24, 7.1349628978e-24, 7.480184996e-24, 1.24659989094e-23, 1.45374048627e-23, 9.69595091722e-24, 1.04319297428e-23, 9.55320022554e-24], "var": [1.36750529123e-07, 1.59424087087e-06, 1.32232730721e-06, 5.55525673462e-07, 1.38940464467e-07, 2.65856670012e-07, 5.26397059275e-07, 9.15457064821e-07, 3.54539082537e-07, 1.36358423219e-07, 2.04392605951e-07, 8.16239875689e-08, 4.4426279544e-08, 1.99026217729e-08, 2.08211528019e-08, 4.96306817865e-09, 7.42619388205e-09, 2.12278763456e-08, 2.55932097737e-09, 2.89789792163e-09, 4.35182068159e-09, 7.72600117216e-09, 5.79342629425e-10, 3.45252021416e-10, 2.59105015221e-10, 3.66301572408e-10, 1.53142942771e-10, 1.65500564642e-11, 2.09475648633e-11, 9.94816989203e-12, 8.45441078257e-12, 9.76090128862e-12, 1.25136507059e-11, 1.17372084274e-11, 2.7680356271e-11, 1.87331712642e-11, 5.56564776905e-12, 3.48206337895e-12, 7.95787307578e-12, 7.42146014782e-12], "median": [0.000367907865439, 0.000560634478461, 0.000524928444065, 0.000390998320654, 0.000226231582928, 0.000241940797423, 0.000274106219877, 0.00016820259043, 8.65819893079e-05, 6.95101771271e-05, 9.70504625002e-05, 8.7078064098e-05, 4.50869847555e-05, 4.20132237196e-05, 3.53116665792e-05, 2.67035993602e-05, 4.07626284868e-05, 4.84988559037e-05, 2.89957679342e-05, 3.54772164428e-05, 3.29971917381e-05, 2.8554635719e-05, 1.49166935444e-05, 1.02773128674e-05, 8.66658774612e-06, 7.96020231064e-06, 4.44736724603e-06, 1.67866323864e-06, 1.33155037929e-06, 1.00902650502e-06, 5.71064219912e-07, 6.96051017712e-07, 7.97812731435e-07, 5.96904385475e-07, 4.21802184292e-07, 4.90850482038e-07, 3.70026754126e-07, 3.14018365088e-07, 2.46871621812e-07, 1.99367008236e-07]}, "silence_rate_60dB": {"dmean": 0.011414594017, "dmean2": 0.0228315163404, "max": 1, "dvar": 0.0112837385386, "mean": 0.062264341861, "dvar2": 0.0265888329595, "min": 0, "var": 0.0583859905601, "median": 0}, "spectral_energyband_middle_high": {"dmean": 0.00193038396537, "dmean2": 0.00276735262014, "max": 0.0580435581505, "dvar": 5.85302723266e-06, "mean": 0.00774825690314, "dvar2": 1.12742318379e-05, "min": 1.5667653024e-21, "var": 3.81898789783e-05, "median": 0.00683814380318}, "erbbands_skewness": {"dmean": 0.29354378581, "dmean2": 0.448632538319, "max": 4.57281541824, "dvar": 0.0766561850905, "mean": 0.0638064220548, "dvar2": 0.168513178825, "min": -3.12779211998, "var": 0.51895326376, "median": 0.00896051246673}, "dynamic_complexity": 3.04261493683, "dissonance": {"dmean": 0.0159011799842, "dmean2": 0.0263689737767, "max": 0.5, "dvar": 0.000251684978139, "mean": 0.463127225637, "dvar2": 0.000643098843284, "min": 0.203183814883, "var": 0.000880634703208, "median": 0.470247447491}, "spectral_skewness": {"dmean": 0.221852943301, "dmean2": 0.358684569597, "max": 10.4693002701, "dvar": 0.089603357017, "mean": 1.90847837925, "dvar2": 0.245607316494, "min": -0.250236362219, "var": 0.446130394936, "median": 1.84542095661}, "spectral_kurtosis": {"dmean": 2.15365934372, "dmean2": 3.57495284081, "max": 159.221389771, "dvar": 17.0480232239, "mean": 7.57507801056, "dvar2": 45.4980049133, "min": -1.22726428509, "var": 63.0249023438, "median": 6.17179965973}, "gfcc": {"cov": [[21022.6132812, -709.254821777, -983.89440918, -51.7985076904, -1168.82556152, 638.773620605, -966.874328613, 457.788635254, -138.688903809, 96.3543243408, -564.924560547, 154.213134766, -377.102508545], [-709.254821777, 1746.38830566, -525.538635254, -158.057662964, 248.927230835, -413.230102539, 136.740783691, -105.062698364, 7.01424217224, -102.461601257, 163.44480896, -127.455131531, 83.5021057129], [-983.89440918, -525.538635254, 921.296691895, 151.879608154, -97.454750061, 259.013397217, -47.5444641113, 0.466297358274, -33.6232299805, 63.565536499, -31.125328064, 67.552947998, -14.0939826965], [-51.7985076904, -158.057662964, 151.879608154, 277.594238281, 4.31022262573, 22.7444839478, -35.6431541443, -12.3803215027, -11.8162078857, 10.6027326584, -21.3605194092, -9.00566101074, 5.01872348785], [-1168.82556152, 248.927230835, -97.454750061, 4.31022262573, 289.293914795, -113.038650513, 53.7098960876, -26.6194629669, 2.9757232666, -32.6106033325, 43.030834198, -39.1826095581, 31.9362545013], [638.773620605, -413.230102539, 259.013397217, 22.7444839478, -113.038650513, 282.292266846, -40.8396072388, 42.1487426758, -21.038061142, 30.4206428528, -50.8068161011, 46.684009552, -24.1803092957], [-966.874328613, 136.740783691, -47.5444641113, -35.6431541443, 53.7098960876, -40.8396072388, 170.28163147, -18.9179267883, 2.73375320435, -10.6240234375, 22.4845657349, -20.1986122131, 21.7201843262], [457.788635254, -105.062698364, 0.466297358274, -12.3803215027, -26.6194629669, 42.1487426758, -18.9179267883, 111.949409485, 28.8675117493, -14.0948629379, -28.6367111206, 11.2189884186, -29.2455787659], [-138.688903809, 7.01424217224, -33.6232299805, -11.8162078857, 2.9757232666, -21.038061142, 2.73375320435, 28.8675117493, 79.0911865234, 0.566857039928, 7.65217399597, -15.1192083359, -6.05750179291], [96.3543243408, -102.461601257, 63.565536499, 10.6027326584, -32.6106033325, 30.4206428528, -10.6240234375, -14.0948629379, 0.566857039928, 88.7281036377, -1.34151017666, 11.8355722427, 1.52039837837], [-564.924560547, 163.44480896, -31.125328064, -21.3605194092, 43.030834198, -50.8068161011, 22.4845657349, -28.6367111206, 7.65217399597, -1.34151017666, 86.371131897, -4.77022695541, 13.5907754898], [154.213134766, -127.455131531, 67.552947998, -9.00566101074, -39.1826095581, 46.684009552, -20.1986122131, 11.2189884186, -15.1192083359, 11.8355722427, -4.77022695541, 69.9251022339, -3.02140021324], [-377.102508545, 83.5021057129, -14.0939826965, 5.01872348785, 31.9362545013, -24.1803092957, 21.7201843262, -29.2455787659, -6.05750179291, 1.52039837837, 13.5907754898, -3.02140021324, 69.4122314453]], "mean": [-2.18805932999, 97.3810119629, -119.94884491, 14.9934043884, -40.5219306946, 3.05082893372, -41.1251335144, 11.3563299179, -20.060338974, -0.384730607271, -15.7949295044, 0.810398876667, -13.0788545609], "icov": [[0.000158457623911, -0.00016044054064, 0.000339560967404, -8.3460676251e-05, 0.000412366527598, -0.000373766495613, 0.000689634762239, -0.000312784541165, 0.000354963616701, -0.000267825846095, 0.000635440112092, -6.92433168297e-05, 0.000370752968593], [-0.00016044054064, 0.00136221223511, -0.000204512296477, 0.000548670941498, -0.000481048569782, 0.00139138870873, -0.000819684471935, 0.000384148355806, 0.000222859467613, 0.000948298547883, -0.00193607248366, 0.00131914182566, -0.00103201041929], [0.000339560967404, -0.000204512296477, 0.00245246803388, -0.000973260262981, 0.000811271893326, -0.00213803094812, 0.00137152348179, -0.00025085156085, 0.000780393776949, -0.000981560791843, 0.000877366168424, -0.000864794186782, 0.000886377121788], [-8.3460676251e-05, 0.000548670941498, -0.000973260262981, 0.00456052320078, -0.000541037181392, 0.000962853431702, 0.000543065892998, 0.000540747889318, 0.000384651182685, 0.000269532494713, 0.000288188603008, 0.00185215403326, -0.000946722517256], [0.000412366527598, -0.000481048569782, 0.000811271893326, -0.000541037181392, 0.00575601775199, 0.000207226956263, 0.00107601552736, -0.00116562226322, 0.00143222289626, 0.00030709177372, 0.000342163897585, 0.00121425488032, -0.000276979058981], [-0.000373766495613, 0.00139138870873, -0.00213803094812, 0.000962853431702, 0.000207226956263, 0.00811198633164, -0.00161170854699, -0.0010550939478, 0.00103027315345, 0.0003641997464, -0.000770342070609, 1.13804653665e-05, -0.00118458492216], [0.000689634762239, -0.000819684471935, 0.00137152348179, 0.000543065892998, 0.00107601552736, -0.00161170854699, 0.00983684975654, -0.00101121538319, 0.00151479896158, -0.000897273188457, 0.00219170586206, 0.00104932452086, 0.000179642505827], [-0.000312784541165, 0.000384148355806, -0.00025085156085, 0.000540747889318, -0.00116562226322, -0.0010550939478, -0.00101121538319, 0.0143168494105, -0.00652483850718, 0.00334497680888, 0.00224761897698, -0.00252673844807, 0.00307311769575], [0.000354963616701, 0.000222859467613, 0.000780393776949, 0.000384651182685, 0.00143222289626, 0.00103027315345, 0.00151479896158, -0.00652483850718, 0.0172607302666, -0.0021600050386, -0.00175948638935, 0.00451147882268, 0.000362323218724], [-0.000267825846095, 0.000948298547883, -0.000981560791843, 0.000269532494713, 0.00030709177372, 0.0003641997464, -0.000897273188457, 0.00334497680888, -0.0021600050386, 0.0138209825382, -0.00185071513988, -0.000553257297724, -0.0012918805005], [0.000635440112092, -0.00193607248366, 0.000877366168424, 0.000288188603008, 0.000342163897585, -0.000770342070609, 0.00219170586206, 0.00224761897698, -0.00175948638935, -0.00185071513988, 0.0189905893058, -0.00345654645935, 0.00179220328573], [-6.92433168297e-05, 0.00131914182566, -0.000864794186782, 0.00185215403326, 0.00121425488032, 1.13804653665e-05, 0.00104932452086, -0.00252673844807, 0.00451147882268, -0.000553257297724, -0.00345654645935, 0.0200489349663, -0.00226495158859], [0.000370752968593, -0.00103201041929, 0.000886377121788, -0.000946722517256, -0.000276979058981, -0.00118458492216, 0.000179642505827, 0.00307311769575, 0.000362323218724, -0.0012918805005, 0.00179220328573, -0.00226495158859, 0.0184746161103]]}, "spectral_complexity": {"dmean": 3.20994710922, "dmean2": 4.82539987564, "max": 51, "dvar": 12.5205993652, "mean": 21.8507080078, "dvar2": 22.7541542053, "min": 0, "var": 84.7902374268, "median": 22}, "spectral_flux": {"dmean": 0.0196088403463, "dmean2": 0.0298182331026, "max": 0.259672909975, "dvar": 0.000651046051644, "mean": 0.0708581954241, "dvar2": 0.00129773386288, "min": 1.04446104543e-10, "var": 0.00180918711703, "median": 0.0633597448468}, "spectral_energyband_low": {"dmean": 0.00284337974153, "dmean2": 0.0048337127082, "max": 0.0763466581702, "dvar": 3.93964655814e-05, "mean": 0.0046453117393, "dvar2": 0.000104208142147, "min": 2.78835066963e-23, "var": 3.425308023e-05, "median": 0.00322886230424}, "spectral_decrease": {"dmean": 1.60040924957e-09, "dmean2": 2.52016829627e-09, "max": 2.88396158675e-19, "dvar": 5.81160802922e-18, "mean": -5.93940896465e-09, "dvar2": 1.4074086039e-17, "min": -2.6162204847e-08, "var": 1.57022885044e-17, "median": -5.2945194895e-09}, "barkbands_spread": {"dmean": 3.96323847771, "dmean2": 5.97959947586, "max": 161.647735596, "dvar": 28.4520893097, "mean": 23.5218448639, "dvar2": 53.939365387, "min": 1.79192221165, "var": 272.297180176, "median": 21.5627841949}, "spectral_rms": {"dmean": 0.000598033075221, "dmean2": 0.000912764109671, "max": 0.00999079551548, "dvar": 6.41856956918e-07, "mean": 0.00455533573404, "dvar2": 1.43590011703e-06, "min": 3.26234829082e-12, "var": 3.04026320919e-06, "median": 0.00463038124144}, "spectral_centroid": {"dmean": 182.155883789, "dmean2": 275.7449646, "max": 10987.0107422, "dvar": 44909.5234375, "mean": 1361.22839355, "dvar2": 89811.3515625, "min": 206.292205811, "var": 288833.3125, "median": 1311.57751465}, "barkbands_skewness": {"dmean": 0.347377985716, "dmean2": 0.540049374104, "max": 7.07722759247, "dvar": 0.137348800898, "mean": 0.925940752029, "dvar2": 0.329156845808, "min": -2.07963442802, "var": 0.593263924122, "median": 0.836697161198}, "spectral_rolloff": {"dmean": 358.846862793, "dmean2": 590.926025391, "max": 19186.0839844, "dvar": 448742.375, "mean": 1812.29333496, "dvar2": 882869.6875, "min": 43.06640625, "var": 3916021.75, "median": 1658.05664062}, "erbbands_spread": {"dmean": 5.24364995956, "dmean2": 7.92356061935, "max": 138.958679199, "dvar": 37.054485321, "mean": 31.333896637, "dvar2": 84.9162521362, "min": 3.90146565437, "var": 164.415985107, "median": 29.4638748169}, "barkbands": {"dmean": [9.16413482628e-05, 0.000973356072791, 0.00157931109425, 0.0012240546057, 0.00149680487812, 0.000830524775665, 0.00147077278234, 0.000796744425315, 0.000678479613271, 0.000710088643245, 0.00033429346513, 0.000416252558352, 0.000277541286778, 0.000615958066192, 0.000289183866698, 0.000385156279663, 0.00038732480607, 0.000151457177708, 0.000171739127836, 7.64275609981e-05, 4.22771954618e-05, 3.978499808e-05, 3.86697392969e-05, 3.33186762873e-05, 3.40675687767e-05, 2.03423023777e-05, 5.24477582076e-06], "dmean2": [0.000156729016453, 0.00166119611822, 0.00273650093004, 0.00216487562284, 0.00249257381074, 0.00134243734647, 0.00230166967958, 0.00116085167974, 0.000942210608628, 0.0010214507347, 0.000497268280014, 0.000618892838247, 0.00044911284931, 0.00100650952663, 0.000474803644465, 0.000609604932833, 0.00061220920179, 0.000230776422541, 0.000256354484009, 0.000115974347864, 6.026954361e-05, 5.4896587244e-05, 5.22535483469e-05, 4.62441748823e-05, 4.5851804316e-05, 2.81844586425e-05, 8.07770811662e-06], "max": [0.00419698562473, 0.0247769542038, 0.0526566356421, 0.0318015776575, 0.0495573207736, 0.0258026234806, 0.065906509757, 0.0553615055978, 0.0476604998112, 0.047022935003, 0.0259991008788, 0.0193896051496, 0.0145476041362, 0.0294603444636, 0.00729397265241, 0.0106785586104, 0.0181614235044, 0.00459384173155, 0.00456490274519, 0.00375264254399, 0.00303452834487, 0.00371329672635, 0.00631474889815, 0.00283817853779, 0.00424828985706, 0.00198432942852, 0.000315878976835], "dvar": [3.68350931979e-08, 2.86759905066e-06, 1.56652040459e-05, 6.68532902637e-06, 7.7947470345e-06, 2.58193244917e-06, 9.31814156502e-06, 3.95330289393e-06, 2.47632829087e-06, 2.08699611903e-06, 5.03833007315e-07, 5.16985721788e-07, 2.31740685308e-07, 1.13553562642e-06, 1.57682364943e-07, 3.18669208355e-07, 4.36913353496e-07, 5.53232553102e-08, 8.06776867535e-08, 1.67244529337e-08, 5.9280269582e-09, 9.52284739952e-09, 2.33569341646e-08, 8.98050789289e-09, 1.84186905727e-08, 3.19688431283e-09, 9.00272703608e-11], "mean": [0.00010630270117, 0.00173790252302, 0.00200666766614, 0.0015434557572, 0.00276038330048, 0.00175097049214, 0.00284996628761, 0.00181421358138, 0.00152740767226, 0.00161363661755, 0.000740016053896, 0.000869343115482, 0.000534093182068, 0.00109942385461, 0.000615077617113, 0.000765732431319, 0.000775930879172, 0.000328445137711, 0.000362313323421, 0.000151245840243, 8.85472472874e-05, 8.41815126478e-05, 7.81021153671e-05, 7.24458732293e-05, 6.56786141917e-05, 3.72333051928e-05, 7.35212006475e-06], "dvar2": [9.61270245625e-08, 7.96092717792e-06, 4.32568886026e-05, 1.88217090908e-05, 2.08998189919e-05, 6.76891750118e-06, 2.23750193982e-05, 7.4919630606e-06, 4.1229859562e-06, 4.34349885836e-06, 9.96065864456e-07, 1.14887029667e-06, 5.61060119253e-07, 2.81059692497e-06, 4.05918086699e-07, 7.77230866333e-07, 9.99499320642e-07, 1.24862566508e-07, 1.7531878882e-07, 3.75328532698e-08, 1.17172982428e-08, 1.82406907356e-08, 4.01264799166e-08, 1.6128076652e-08, 3.0187454314e-08, 6.19137985325e-09, 1.96851077106e-10], "min": [1.63503855055e-23, 1.49041652302e-23, 8.70072952122e-24, 1.84578889449e-23, 5.86599935239e-23, 2.32742618468e-23, 2.09727980212e-23, 2.27853968553e-23, 4.99746286466e-23, 3.69830393261e-23, 5.71068841737e-23, 9.36013251433e-23, 5.94891431333e-23, 1.22180758619e-22, 1.41131482104e-22, 1.44362833076e-22, 1.23264767099e-22, 3.60090516991e-22, 2.85411667801e-22, 4.09438348317e-22, 4.64982890312e-22, 6.18654155852e-22, 5.23566301219e-22, 1.00453795058e-21, 1.02260960533e-21, 2.01701348269e-21, 2.24466263455e-21], "var": [3.86492509108e-08, 2.76364630736e-06, 1.21092925838e-05, 5.44853492102e-06, 9.48599517869e-06, 5.00587066199e-06, 1.89483926079e-05, 1.65593537531e-05, 1.01455216281e-05, 7.46817613617e-06, 2.28488943321e-06, 1.75143350134e-06, 6.05715172242e-07, 2.56942803389e-06, 4.44938336841e-07, 7.15952523933e-07, 1.05723347588e-06, 1.34641211957e-07, 1.94961529587e-07, 3.83046696584e-08, 1.78292900443e-08, 2.64797996863e-08, 7.10007626026e-08, 3.16828874247e-08, 5.96905564976e-08, 8.26344770388e-09, 1.55873564056e-10], "median": [3.85812163586e-05, 0.00138842349406, 0.0010893807048, 0.000832495687064, 0.00188594055362, 0.00101049651857, 0.00137879315298, 0.000483193900436, 0.000483373005409, 0.000600901665166, 0.000230002682656, 0.000449062994448, 0.00028514303267, 0.000622598163318, 0.0004093394964, 0.000522778835148, 0.000454509514384, 0.00021609441319, 0.000218606932322, 8.56627593748e-05, 4.47016755061e-05, 4.32291344623e-05, 3.00320643873e-05, 2.9174512747e-05, 2.31779504247e-05, 1.48530562001e-05, 3.19283981298e-06]}, "melbands_kurtosis": {"dmean": 2.74776482582, "dmean2": 4.3222489357, "max": 313.360443115, "dvar": 39.3034706116, "mean": 5.08694458008, "dvar2": 97.0169296265, "min": -1.68652391434, "var": 85.4091186523, "median": 2.7047996521}, "erbbands_crest": {"dmean": 2.0734474659, "dmean2": 3.32903051376, "max": 28.5473327637, "dvar": 4.01662874222, "mean": 8.35507392883, "dvar2": 9.70389461517, "min": 2.29934763908, "var": 11.9975643158, "median": 7.50947093964}, "melbands_skewness": {"dmean": 0.442351520061, "dmean2": 0.686434388161, "max": 13.1244459152, "dvar": 0.280970662832, "mean": 1.69820046425, "dvar2": 0.687544107437, "min": -1.21728241444, "var": 1.10244870186, "median": 1.50721311569}, "spectral_energyband_middle_low": {"dmean": 0.00404341099784, "dmean2": 0.0063959127292, "max": 0.0753249004483, "dvar": 3.74166775146e-05, "mean": 0.0124133042991, "dvar2": 9.04907938093e-05, "min": 2.13608538466e-22, "var": 0.000105727463961, "median": 0.00917353387922}, "spectral_contrast_coeffs": {"dmean": [0.0462414696813, 0.0432210154831, 0.0361877717078, 0.0316619426012, 0.022650944069, 0.0164564680308], "dmean2": [0.0782164111733, 0.0693065226078, 0.0571948550642, 0.0503588840365, 0.0356999188662, 0.0263203606009], "max": [-0.363061189651, -0.446594417095, -0.507284402847, -0.554295599461, -0.557301938534, -0.594333171844], "dvar": [0.00167913548648, 0.00134075677488, 0.000918687612284, 0.000635061936919, 0.000389842374716, 0.000241246583755], "mean": [-0.649825870991, -0.708520889282, -0.725388467312, -0.7410389781, -0.755413115025, -0.787275493145], "dvar2": [0.00470438133925, 0.00325206061825, 0.00218540849164, 0.00160012312699, 0.000899859820493, 0.00059559463989], "min": [-0.959683954716, -0.967572569847, -0.969770073891, -0.967387676239, -0.965083897114, -0.9601354599], "var": [0.00438281428069, 0.00539108971134, 0.00456184754148, 0.00289145251736, 0.00244520138949, 0.00117892783601], "median": [-0.650722146034, -0.709896564484, -0.724705815315, -0.738445460796, -0.755702674389, -0.787190675735]}, "spectral_contrast_valleys": {"dmean": [0.368892937899, 0.327835589647, 0.312619119883, 0.27403280139, 0.257647305727, 0.282564580441], "dmean2": [0.618037104607, 0.526036202908, 0.486189454794, 0.417697906494, 0.35665756464, 0.369712740183], "max": [-5.59397888184, -4.79217576981, -5.34781694412, -5.94934225082, -5.844414711, -7.65925741196], "dvar": [0.122584454715, 0.104132592678, 0.100877866149, 0.0900418311357, 0.100941412151, 0.121859997511], "mean": [-7.30504512787, -6.74078369141, -7.49531173706, -7.70161533356, -7.72042608261, -10.5065736771], "dvar2": [0.296286225319, 0.22570322454, 0.200043082237, 0.162935465574, 0.152963876724, 0.194160655141], "min": [-26.874130249, -27.3852787018, -27.6511688232, -27.0703144073, -27.1417922974, -27.3148670197], "var": [2.24137163162, 2.1812646389, 2.04195618629, 2.0544025898, 1.93374204636, 2.74193811417], "median": [-7.02029132843, -6.49425983429, -7.23806905746, -7.40250205994, -7.46441221237, -10.0388336182]}, "silence_rate_20dB": {"dmean": 0, "dmean2": 0, "max": 1, "dvar": 0, "mean": 1, "dvar2": 0, "min": 1, "var": 0, "median": 1}, "silence_rate_30dB": {"dmean": 0, "dmean2": 0, "max": 1, "dvar": 0, "mean": 1, "dvar2": 0, "min": 1, "var": 0, "median": 1}, "spectral_strongpeak": {"dmean": 0.618434309959, "dmean2": 1.03321623802, "max": 13.6348924637, "dvar": 0.878741204739, "mean": 1.25328183174, "dvar2": 2.08759617805, "min": 0, "var": 1.85478723049, "median": 0.729052126408}, "spectral_spread": {"dmean": 412370.21875, "dmean2": 573238.4375, "max": 40358620, "dvar": 374029975552, "mean": 4008773.5, "dvar2": 558605467648, "min": 610821.0625, "var": 2433781858300.0, "median": 3866846.5}, "barkbands_flatness_db": {"dmean": 0.0143016418442, "dmean2": 0.0208323523402, "max": 0.429393172264, "dvar": 0.000211599646718, "mean": 0.113645143807, "dvar2": 0.00042271008715, "min": 0.0198944099247, "var": 0.00356244202703, "median": 0.0967339277267}, "pitch_salience": {"dmean": 0.0525358244777, "dmean2": 0.084924466908, "max": 0.934172213078, "dvar": 0.00226668873802, "mean": 0.592984497547, "dvar2": 0.00593502633274, "min": 0.113916419446, "var": 0.00682347314432, "median": 0.597923994064}, "erbbands_kurtosis": {"dmean": 0.615628898144, "dmean2": 0.960828483105, "max": 37.6456871033, "dvar": 0.891085207462, "mean": 0.206620752811, "dvar2": 2.08764028549, "min": -1.74793970585, "var": 4.73634910583, "median": -0.254472017288}, "average_loudness": 0.900784730911, "barkbands_crest": {"dmean": 1.69719195366, "dmean2": 2.73736739159, "max": 22.7433414459, "dvar": 2.75753283501, "mean": 7.52441263199, "dvar2": 7.08231210709, "min": 2.354596138, "var": 9.85787296295, "median": 6.79696178436}, "hfc": {"dmean": 4.91630220413, "dmean2": 6.6947054863, "max": 111.459480286, "dvar": 41.647441864, "mean": 21.7121391296, "dvar2": 70.3628921509, "min": 1.22740579771e-16, "var": 254.115921021, "median": 19.708530426}, "barkbands_kurtosis": {"dmean": 1.16167855263, "dmean2": 1.82430231571, "max": 72.289642334, "dvar": 4.3982334137, "mean": 1.25117874146, "dvar2": 9.97249031067, "min": -1.97468221188, "var": 13.1124591827, "median": 0.313379526138}, "erbbands": {"dmean": [0.0194943584502, 0.26170116663, 1.43345499039, 3.37792420387, 5.17708539963, 4.62069702148, 4.21273946762, 8.32036495209, 17.7786045074, 21.3197231293, 14.6373109818, 12.6746959686, 20.1477241516, 16.9147720337, 12.7520475388, 12.3795309067, 12.900349617, 17.0785179138, 24.0408763885, 17.4138793945, 24.0975074768, 23.9575176239, 8.60399532318, 7.82613945007, 7.69823074341, 2.93786001205, 2.14638257027, 1.27644646168, 1.36751937866, 1.27769863605, 1.14840805531, 0.843490421772, 0.4962451756, 0.371897041798, 0.260824978352, 0.101872429252, 0.0368465185165, 0.00794672500342, 0.00114734261297, 3.40549377142e-05], "dmean2": [0.0332987718284, 0.447499841452, 2.45992350578, 5.95168161392, 9.01983356476, 7.65402126312, 6.57620477676, 13.2964687347, 28.6552371979, 31.8403129578, 20.7818050385, 18.0420379639, 28.5942726135, 24.5357227325, 18.8546619415, 18.5076160431, 20.59790802, 27.7485160828, 39.265007019, 27.9809780121, 38.1115646362, 37.9266624451, 13.1308832169, 11.550368309, 11.4359369278, 4.26426124573, 3.20937418938, 1.75976240635, 1.87495875359, 1.79504692554, 1.57892012596, 1.19308936596, 0.690772473812, 0.502053081989, 0.367295861244, 0.142386242747, 0.0517035759985, 0.0115068275481, 0.00178327760659, 5.10454083269e-05], "max": [0.6579657197, 7.36344861984, 48.0030212402, 80.2058639526, 106.604972839, 183.178878784, 139.228134155, 286.167297363, 554.054016113, 1366.8894043, 958.757873535, 857.862060547, 1089.16271973, 699.33581543, 813.865478516, 570.092346191, 740.308288574, 571.160217285, 1128.9588623, 399.609313965, 749.885620117, 1204.79882812, 213.417419434, 251.608047485, 287.417602539, 83.3522949219, 95.5106277466, 117.884391785, 99.8335952759, 130.770294189, 245.872787476, 98.879486084, 57.9557952881, 67.1144332886, 32.7936897278, 10.6308002472, 4.36723709106, 0.672121226788, 0.0468130707741, 0.00116634636652], "dvar": [0.00108088075649, 0.22901968658, 12.1694955826, 63.2079353333, 86.9854354858, 80.4719772339, 43.9295578003, 296.725250244, 1455.68701172, 3117.90722656, 1271.1229248, 683.064208984, 1855.9239502, 979.876464844, 655.172546387, 494.898498535, 475.060424805, 726.179260254, 1720.98925781, 617.464538574, 1356.015625, 1852.13085938, 179.866073608, 169.669158936, 178.822723389, 22.6868209839, 13.0825786591, 8.77831935883, 11.642821312, 14.2995882034, 26.1422386169, 6.13672161102, 2.7016351223, 3.01062464714, 0.909715652466, 0.108386322856, 0.0092848232016, 0.000348247645888, 3.37755955115e-06, 2.75615286149e-09], "mean": [0.0413710325956, 0.436603784561, 1.91945195198, 4.33600568771, 7.89287948608, 8.17657470703, 9.33631515503, 17.958650589, 33.2358512878, 46.8500442505, 37.6482086182, 29.0638217926, 47.9018707275, 43.0513191223, 32.0407447815, 28.5901985168, 27.8955917358, 33.7206192017, 48.7889671326, 38.2211761475, 49.424621582, 47.9391860962, 20.6171970367, 17.4403553009, 16.5197715759, 6.41561794281, 4.59332704544, 2.71130728722, 2.85548400879, 2.58010196686, 2.28700041771, 1.82484555244, 1.04375731945, 0.739998817444, 0.457112699747, 0.182850062847, 0.0657773986459, 0.0131415678188, 0.0015476095723, 7.00647142367e-05], "dvar2": [0.00296003022231, 0.628638267517, 32.9227218628, 176.232086182, 242.172943115, 213.78302002, 107.039802551, 763.15246582, 3752.07592773, 6474.94970703, 2282.63647461, 1258.43334961, 3628.50585938, 2140.52172852, 1341.79626465, 1105.55493164, 1133.48339844, 1857.4954834, 4270.53125, 1515.44421387, 3384.91235352, 4256.57373047, 411.91885376, 363.204345703, 376.734954834, 47.4278869629, 28.6010513306, 17.1136283875, 22.0861530304, 26.5322475433, 48.5187339783, 11.3789892197, 4.69432210922, 4.94949293137, 1.70788609982, 0.218975648284, 0.0174082424492, 0.00071350322105, 7.51156449041e-06, 5.88390580702e-09], "min": [7.94801166677e-22, 1.94095668914e-21, 8.18708715961e-21, 3.03464714024e-20, 1.1748492769e-19, 1.6949153056e-19, 3.31624953529e-19, 1.28395918183e-19, 2.95264394397e-19, 5.58554484108e-19, 3.05251307824e-19, 1.28689202824e-18, 1.54070205945e-18, 8.23775368465e-19, 3.21994156866e-18, 3.81198409797e-18, 3.11825708314e-18, 3.7262546857e-18, 7.31564075852e-18, 9.42247556896e-18, 7.98617486975e-18, 7.42935658605e-18, 1.60533356846e-17, 1.49871660494e-17, 1.7312648684e-17, 2.12874136547e-17, 1.63132639572e-17, 2.50067336717e-17, 2.20443434722e-17, 1.36757729314e-17, 1.49511555686e-17, 2.28736797174e-17, 1.45261948377e-17, 1.16680169876e-17, 7.31713630107e-18, 6.57866171022e-18, 3.62933393332e-18, 1.41242919731e-18, 3.26355942274e-19, 3.32746649214e-20], "var": [0.00127635477111, 0.210125863552, 9.80536460876, 47.6087760925, 95.4836273193, 105.826271057, 108.660423279, 579.14666748, 2390.99804688, 8392.1875, 6101.99560547, 2387.59106445, 7370.31787109, 3874.5546875, 3047.88989258, 1823.1484375, 1404.73071289, 1690.15429688, 4221.92236328, 1658.01330566, 2966.83837891, 4351.58447266, 453.677734375, 375.741149902, 476.336761475, 62.0830917358, 40.1276931763, 24.5011348724, 32.2278594971, 37.7111434937, 74.8953170776, 20.8733253479, 9.17292690277, 10.0187625885, 2.34695124626, 0.276768177748, 0.0236209966242, 0.000710991385859, 5.60522130399e-06, 5.535632841e-09], "median": [0.0366995297372, 0.334657371044, 1.08701336384, 2.54024600983, 4.585313797, 5.20112037659, 6.13853406906, 10.2226781845, 17.1738033295, 16.4305477142, 11.7351512909, 12.4250240326, 19.1054477692, 20.5423812866, 15.7678670883, 16.3447723389, 16.2839260101, 20.8765144348, 28.8235092163, 27.7786579132, 32.9855613708, 28.0904655457, 14.5133476257, 11.6500959396, 9.04605484009, 3.87798285484, 2.21568775177, 1.29203224182, 1.37027704716, 1.25492787361, 0.822208464146, 0.695357143879, 0.446219325066, 0.261529028416, 0.157319009304, 0.0687027871609, 0.0267004761845, 0.00443270010874, 0.000668602413498, 4.93384141009e-05]}, "spectral_energy": {"dmean": 0.00636217324063, "dmean2": 0.00994130596519, "max": 0.102311387658, "dvar": 8.91121380846e-05, "mean": 0.0243860445917, "dvar2": 0.000212797589484, "min": 1.09089887809e-20, "var": 0.000259158550762, "median": 0.0219764430076}, "zerocrossingrate": {"dmean": 0.00785907916725, "dmean2": 0.0092476317659, "max": 0.5146484375, "dvar": 0.000120657939988, "mean": 0.064750880003, "dvar2": 0.00012872206571, "min": 0.0029296875, "var": 0.00198399391957, "median": 0.05908203125}, "spectral_energyband_high": {"dmean": 0.000187374447705, "dmean2": 0.000230948993703, "max": 0.0119497245178, "dvar": 2.00212809887e-07, "mean": 0.00047795381397, "dvar2": 2.85057296878e-07, "min": 7.9051098514e-21, "var": 8.64584706051e-07, "median": 0.000261108245468}, "mfcc": 