{"tonal": {"chords_number_rate": 0.0019539729692, "thpcp": [1, 0.853203296661, 0.301902830601, 0.0584360472858, 0.029330920428, 0.0546547360718, 0.152217119932, 0.162984520197, 0.0634851530194, 0.0241975858808, 0.0253273695707, 0.0652529448271, 0.341154813766, 0.507197797298, 0.482007831335, 0.731395244598, 0.697914481163, 0.27703884244, 0.0692393183708, 0.0440904833376, 0.0956609249115, 0.347843915224, 0.436049520969, 0.202417165041, 0.0736897736788, 0.0666828453541, 0.105956271291, 0.255074620247, 0.31731531024, 0.196123749018, 0.198159039021, 0.311852276325, 0.233163550496, 0.14720544219, 0.158957377076, 0.47587954998], "hpcp": {"dvar": [0.0110365413129, 0.0119277080521, 0.01294952631, 0.0189781337976, 0.0174716301262, 0.0126065248623, 0.00503282248974, 0.00465017277747, 0.00680964114144, 0.00978115573525, 0.00977353658527, 0.00482989056036, 0.00424365699291, 0.00630102539435, 0.00651411665604, 0.0137898046523, 0.0150104854256, 0.0168950986117, 0.019314032048, 0.0199888069183, 0.016104048118, 0.00875006057322, 0.00945901405066, 0.0142134455964, 0.0254653580487, 0.0212724134326, 0.0248642098159, 0.0141249513254, 0.0141670284793, 0.0174266435206, 0.0216737966985, 0.0230081323534, 0.0190691072494, 0.0150102907792, 0.0140673555434, 0.0108342375606], "mean": [0.0529586970806, 0.0571865811944, 0.171202644706, 0.359760463238, 0.306948810816, 0.108612701297, 0.0210229791701, 0.0105521054938, 0.0196626130491, 0.0547617040575, 0.0586353838444, 0.0228394493461, 0.0087053347379, 0.0091117862612, 0.0234754290432, 0.12273401022, 0.182469710708, 0.173407360911, 0.263127088547, 0.251082032919, 0.0996676236391, 0.0249095689505, 0.015862012282, 0.0344150178134, 0.125140488148, 0.156873375177, 0.0728216916323, 0.0265106670558, 0.0239898506552, 0.0381188765168, 0.091765768826, 0.114157497883, 0.0705575719476, 0.0712897852063, 0.112192116678, 0.0838830247521], "min": [0, 0, 0, 0, 0, 0, 0, 0, 0, 0, 0, 0, 0, 0, 0, 0, 0, 0, 0, 0, 0, 0, 0, 0, 0, 0, 0, 0, 0, 0, 0, 0, 0, 0, 0, 0], "median": [0.00439511565492, 0.00707012834027, 0.0199848115444, 0.0788751840591, 0.12994210422, 0.0395117998123, 0.00256993854418, 0.000600301777013, 0.000894640921615, 0.0031240445096, 0.00417533935979, 0.0022601285018, 0.000513210310601, 0.000477624824271, 0.0035092625767, 0.0253619924188, 0.0459988228977, 0.046311121434, 0.0385723263025, 0.0177610069513, 0.00340370507911, 0.00063495489303, 0.000402343604947, 0.00548500148579, 0.0338118113577, 0.044566757977, 0.0160156395286, 0.00181616144255, 0.00164182018489, 0.0023845275864, 0.0066388444975, 0.00942346733063, 0.00582693051547, 0.00189973157831, 0.000693156034686, 0.000601791893132], "dvar2": [0.0268944725394, 0.0310488883406, 0.0350893214345, 0.0480698943138, 0.0408570021391, 0.0305484496057, 0.01372565981, 0.0127323996276, 0.0170875974, 0.0221487246454, 0.0216176118702, 0.0120967151597, 0.0109767206013, 0.0165351629257, 0.0173139180988, 0.0288560409099, 0.0343285016716, 0.0339978821576, 0.0415092222393, 0.0424429066479, 0.0363082587719, 0.0221594423056, 0.0264641270041, 0.0439853519201, 0.0795001760125, 0.0547806769609, 0.079457230866, 0.0431005358696, 0.0413912571967, 0.047890894115, 0.0553897954524, 0.0538540929556, 0.052208788693, 0.0400326326489, 0.035996966064, 0.027902694419], "var": [0.0252847354859, 0.0239066034555, 0.052814848721, 0.18755748868, 0.108442209661, 0.0274613425136, 0.00498910527676, 0.00323147443123, 0.00767884822562, 0.0311355758458, 0.0314163565636, 0.00659779878333, 0.00319941737689, 0.00445898808539, 0.00532567501068, 0.0488709248602, 0.0896047353745, 0.0639378875494, 0.138741418719, 0.12334202975, 0.0412538088858, 0.0092906691134, 0.00694694416597, 0.0103771770373, 0.0443883836269, 0.0607538931072, 0.0232854466885, 0.00972855836153, 0.00984680186957, 0.0159559026361, 0.0408645235002, 0.0573380030692, 0.0283150523901, 0.0311559922993, 0.0840918272734, 0.0450785383582], "dmean2": [0.0584299191833, 0.0622358880937, 0.0925962477922, 0.0931952893734, 0.123179964721, 0.0957989245653, 0.0395905487239, 0.0234411861748, 0.030471118167, 0.0430937185884, 0.045623447746, 0.0291537716985, 0.0195524934679, 0.0225842464715, 0.0394690185785, 0.0819617733359, 0.0863345116377, 0.10328579694, 0.106783621013, 0.102439679205, 0.0775004476309, 0.0432329066098, 0.0382403731346, 0.0711475759745, 0.116432100534, 0.116436250508, 0.113413862884, 0.0666960477829, 0.0600540414453, 0.0792689621449, 0.109712392092, 0.108675725758, 0.0973189473152, 0.0810964107513, 0.0613578595221, 0.064734891057], "max": [1, 1, 1, 1, 1, 1, 1, 1, 1, 1, 1, 1, 1, 1, 1, 1, 1, 1, 1, 1, 1, 1, 1, 1, 1, 1, 1, 1, 1, 1, 1, 1, 1, 1, 1, 1], "dmean": [0.033700697124, 0.0366245061159, 0.0547713264823, 0.0554364994168, 0.0788788348436, 0.0605491027236, 0.022334497422, 0.0130681898445, 0.0177962761372, 0.0264617726207, 0.0277789179236, 0.017607005313, 0.0109684728086, 0.0122328530997, 0.0235774386674, 0.0547939278185, 0.0548656396568, 0.0734853968024, 0.0697506889701, 0.0700653940439, 0.0521620847285, 0.0258794873953, 0.0206275228411, 0.0396162383258, 0.0692577511072, 0.0709515735507, 0.0642309486866, 0.0359943285584, 0.0325982570648, 0.0444986671209, 0.0645141303539, 0.0656237825751, 0.0575745105743, 0.0472743287683, 0.0351507402956, 0.0386250168085]}, "key_strength": 0.855059325695, "chords_strength": {"dvar": 0.000472278421512, "mean": 0.519836544991, "min": -1, "median": 0.547228217125, "dvar2": 0.00088933238294, "var": 0.0427153706551, "dmean2": 0.00560704292729, "max": 0.768721699715, "dmean": 0.00690755899996}, "tuning_equal_tempered_deviation": 0.255920618773, "chords_key": "A#", "tuning_frequency": 434.444000244, "chords_scale": "major", "chords_changes_rate": 0.0319148935378, "key_scale": "major", "tuning_diatonic_strength": 0.642800331116, "hpcp_entropy": {"dvar": 0.152618736029, "mean": 1.84564101696, "min": 0, "median": 1.92396426201, "dvar2": 0.397505283356, "var": 0.427066445351, "dmean2": 0.716632544994, "max": 3.72392678261, "dmean": 0.429623514414}, "chords_histogram": [14.1337385178, 5.38428115845, 44.4637413025, 14.7633523941, 1.51975679398, 0, 0, 0, 0.803300023079, 0, 0.32566216588, 0, 1.6717325449, 0, 0, 0.803300023079, 0.260529756546, 1.08554065228, 0.0217108111829, 0.759878396988, 0, 0.217108115554, 11.5284414291, 2.25792455673], "tuning_nontempered_energy_ratio": 0.930736720562, "key_key": "D#"}, "metadata": {"version": {"extractor": "music 1.0", "essentia_build_sha": "70f2e5ece6736b2c40cc944ad0e695b16b925413", "essentia": "2.1-beta2", "essentia_git_sha": "v2.1_beta2"}, "audio_properties": {"sample_rate": 44100, "length": 213.839996338, "lossless": true, "analysis_sample_rate": 44100, "downmix": "mix", "bit_rate": 0, "equal_loudness": 0, "md5_encoded": "079a6be11acd119b6f560b6272c06a07", "codec": "flac", "replay_gain": -8.9605922699}, "tags": {"disctotal": ["1"], "genre": ["Acoustic", "Indie Rock"], "catalognumber": ["GAD 5013 CD"], "composersort": ["Halstead, Neil"], "releasecountry": ["US"], "musicbrainz_recordingid": ["6113d556-582f-4889-8104-7b6912ffc408"], "language": ["eng"], "title": ["After All"], "musicbrainz_releasetrackid": ["21db0e6e-eb43-39c5-8df2-3533c50c81b6"], "discnumber": ["1"], "artistsort": ["Mojave 3"], "releasetype": ["album"], "originaldate": ["1995-10-16"], "musicbrainz_artistid": ["abf74786-2f3e-47e0-ae68-69a55c13909a"], "composer": ["Neil Halstead"], "tracknumber": ["7"], "musicbrainz_albumartistid": ["abf74786-2f3e-47e0-ae68-69a55c13909a"], "totaltracks": ["9"], "barcode": ["652637501322"], "tracktotal": ["9"], "grouping": ["Rock"], "date": ["1995-10-17"], "acoustid_id": ["41d54ba6-242b-48a6-80df-299362c29f64"], "albumartistsort": ["Mojave 3"], "musicbrainz_releasegroupid": ["225de0e3-30af-3698-9a8f-e393a6abd0bf"], "media": ["CD"], "performer": ["Ian McCutcheon (drums)", "Ian McCutcheon (percussion)", "Neil Halstead (guitar)", "Simon Rowe (guitar)", "Neil Halstead (vocals)", "Rachel Goswell (vocals)", "Christopher Andrews (piano)", "Audrey Riley (cello)"], "producer": ["Mojave 3", "Paul Tipler"], "label": ["4AD"], "albumartist": ["Mojave 3"], "asin": ["B00000IP5F"], "script": ["Latn"], "musicbrainz_albumid": ["08972b3b-a5ce-3e51-9085-8a12f2753879"], "file_name": "1-07 After All.flac", "releasestatus": ["official"], "totaldiscs": ["1"], "album": ["Ask Me Tomorrow"], "artist": ["Mojave 3"]}}, "lowlevel": {"melbands": {"dvar": [3.21871607412e-06, 1.52502088895e-05, 2.32508773479e-06, 1.49170489294e-06, 3.86965325561e-07, 1.00001116721e-07, 8.93313369943e-08, 6.28820941984e-08, 3.80222680008e-08, 5.91302224962e-08, 7.58274012469e-08, 2.14309956448e-08, 1.33141826453e-08, 2.03427652501e-09, 3.5188023606e-09, 2.32695107627e-09, 1.15272713597e-09, 2.58686794208e-10, 2.96309365933e-10, 5.16810830242e-11, 3.9207467134e-11, 3.21436176287e-11, 1.84598794584e-11, 1.24532068685e-11, 8.82682035103e-12, 1.08748504993e-11, 8.17690793548e-12, 2.8457648564e-12, 1.85498057886e-12, 1.45731972497e-12, 2.16154199574e-12, 7.48204189577e-12, 3.69530924957e-12, 1.81775211203e-12, 7.84830642316e-13, 5.09553445445e-13, 1.02136246509e-12, 5.89185330298e-13, 7.97438124648e-13, 5.0287351323e-13], "mean": [0.00525864074007, 0.00576613936573, 0.00197431747802, 0.00162528653163, 0.000996120274067, 0.000530812365469, 0.000282221706584, 0.000197650442715, 0.000156713678734, 0.000213611216168, 0.000170539467945, 8.80987354321e-05, 6.28906418569e-05, 3.32696581609e-05, 2.43115900957e-05, 2.63837100647e-05, 1.75467357622e-05, 1.38991981657e-05, 1.37329725476e-05, 6.97704126651e-06, 4.86156841362e-06, 5.20371668244e-06, 3.72152135242e-06, 3.23496601595e-06, 2.97623842016e-06, 2.03447166314e-06, 1.85088322269e-06, 7.70871793065e-07, 5.07850415943e-07, 4.82777181787e-07, 5.41401561804e-07, 6.90540900905e-07, 6.75445335219e-07, 5.04822821767e-07, 2.80998960989e-07, 2.0225408548e-07, 2.34120278719e-07, 3.05846185711e-07, 2.20491074288e-07, 1.41520402508e-07], "min": [1.41905644164e-24, 1.07588183191e-24, 8.67454328347e-25, 1.24145742503e-24, 1.66280716439e-24, 2.32898028011e-24, 1.5573033292e-24, 1.29472101753e-24, 9.41090943976e-25, 1.79201765028e-24, 1.75232256396e-24, 2.02034732563e-24, 2.71718326752e-24, 1.23104308058e-24, 2.47028360925e-24, 2.49763203633e-24, 2.133933238e-24, 2.57728588573e-24, 2.82348128842e-24, 3.60034144991e-24, 2.71878800782e-24, 2.28109898696e-24, 3.50160012483e-24, 4.14506371003e-24, 3.92876120526e-24, 3.64360613182e-24, 4.69515653519e-24, 3.75492426631e-24, 4.03690614676e-24, 5.06422708185e-24, 3.86098148742e-24, 3.69461861112e-24, 5.49227602523e-24, 5.19127273621e-24, 5.06185182167e-24, 5.32072362746e-24, 5.27209074709e-24, 5.05998813778e-24, 5.90271049345e-24, 5.75305214125e-24], "median": [0.00492723612115, 0.00442773522809, 0.00125179439783, 0.000875853875186, 0.000543344183825, 0.000294710160233, 0.00010864714568, 5.59412983421e-05, 4.41549091192e-05, 5.73131583224e-05, 2.84852067125e-05, 2.52967474808e-05, 1.69442500919e-05, 1.2514968148e-05, 4.70100530947e-06, 7.48126603867e-06, 5.26720577909e-06, 6.01891679253e-06, 6.21202798357e-06, 2.88681371785e-06, 2.00076533474e-06, 2.1163477868e-06, 1.44069963426e-06, 1.2573876802e-06, 1.13580836114e-06, 3.97678121544e-07, 3.05783146359e-07, 1.75357001808e-07, 1.04909553045e-07, 8.79230768192e-08, 7.91113095033e-08, 8.57535837895e-08, 4.56116033831e-08, 3.52977309603e-08, 2.4939053489e-08, 1.48125733901e-08, 1.25556507413e-08, 1.24156640524e-08, 6.45670539257e-09, 3.3009344147e-09], "dvar2": [1.09242992039e-05, 5.16718137078e-05, 6.48198147246e-06, 3.67779080079e-06, 1.16176863685e-06, 2.60378470784e-07, 2.61057437001e-07, 1.43852744827e-07, 8.52714236999e-08, 1.33504400424e-07, 1.74550351062e-07, 5.29421448903e-08, 3.27209583872e-08, 4.65363259039e-09, 9.48886214047e-09, 5.87271342667e-09, 3.22215543136e-09, 6.10613726248e-10, 5.54171264433e-10, 1.18414264505e-10, 8.62513116484e-11, 8.04062719184e-11, 4.21862961231e-11, 3.13712077149e-11, 2.18048114287e-11, 2.21370231174e-11, 1.7827236215e-11, 7.07579958167e-12, 4.77553023168e-12, 3.70153690685e-12, 5.06403165929e-12, 1.91532865956e-11, 9.54367140871e-12, 4.21344122786e-12, 1.82620932265e-12, 1.10746340484e-12, 2.51767161806e-12, 1.34334568209e-12, 1.80283934482e-12, 1.16724555368e-12], "var": [1.44824271047e-05, 2.57047959167e-05, 5.19376590091e-06, 4.55077633887e-06, 1.58872205702e-06, 4.18256945522e-07, 2.14818712152e-07, 1.64207591524e-07, 1.00185857832e-07, 1.8038868177e-07, 2.19096719434e-07, 6.99121684988e-08, 3.84024687605e-08, 6.43662012578e-09, 8.32546298568e-09, 5.88238435739e-09, 1.86691240245e-09, 6.17486062282e-10, 8.42427516634e-10, 1.39323316772e-10, 9.31366719858e-11, 7.50606521382e-11, 4.92565571664e-11, 3.61908003566e-11, 2.67153764388e-11, 4.61255998674e-11, 2.80430904193e-11, 4.66378801897e-12, 2.19836887409e-12, 1.83853821924e-12, 3.22745953227e-12, 8.61024706394e-12, 6.1717046404e-12, 4.22039920372e-12, 1.41233411684e-12, 9.49761536778e-13, 1.85437971402e-12, 1.36173505198e-12, 1.43855001696e-12, 8.21155806113e-13], "dmean2": [0.00211168336682, 0.0047994768247, 0.00158737553284, 0.00109118013643, 0.000587078859098, 0.00026210930082, 0.000194830659893, 0.000128987259814, 0.000107226223918, 0.000133690598886, 0.00011936455121, 6.30160429864e-05, 4.19814314228e-05, 2.18565382966e-05, 2.03582403628e-05, 2.05356536753e-05, 1.40632737384e-05, 1.20384265756e-05, 8.94524055184e-06, 4.47476668342e-06, 3.47339528162e-06, 3.82468078897e-06, 2.73382579508e-06, 2.38851293943e-06, 2.18504328586e-06, 1.32578020384e-06, 1.15047248528e-06, 6.30281988379e-07, 4.88256262088e-07, 4.73658587907e-07, 5.15933322731e-07, 6.42388101824e-07, 5.72503893181e-07, 4.05875397291e-07, 2.82854045963e-07, 2.29452638223e-07, 2.4850530167e-07, 2.76745652172e-07, 2.08373364785e-07, 1.58564120056e-07], "max": [0.0212576389313, 0.0469796620309, 0.0269932840019, 0.0230543166399, 0.00933775119483, 0.00569646293297, 0.00495088472962, 0.00632803840563, 0.005415674299, 0.00646305037662, 0.00754732219502, 0.00687945168465, 0.00504885334522, 0.00193520751782, 0.00215282780118, 0.00156273890752, 0.00149533280637, 0.000473641674034, 0.000723875651602, 0.000346001354046, 0.000414947164245, 0.000201680581085, 0.000131752531161, 0.000128437561216, 7.5504729466e-05, 0.000245623872615, 0.000106963765575, 6.66117994115e-05, 6.93686306477e-05, 4.19414645876e-05, 4.73267755297e-05, 0.000137430848554, 5.72957724216e-05, 4.33487402915e-05, 4.32298111264e-05, 3.35106669809e-05, 7.3953269748e-05, 2.61430850514e-05, 3.08787966787e-05, 2.82766395685e-05], "dmean": [0.00116922764573, 0.0026851487346, 0.000935261778068, 0.000715207424946, 0.000364345876733, 0.000174092521775, 0.000124946367578, 8.87449641596e-05, 7.39925089874e-05, 9.21066093724e-05, 8.19936321932e-05, 4.2151161324e-05, 2.7932894227e-05, 1.4365635252e-05, 1.2715129742e-05, 1.30956268549e-05, 8.80028255779e-06, 7.66482844483e-06, 6.05078776061e-06, 2.93044672617e-06, 2.17671822611e-06, 2.41288034886e-06, 1.74804256403e-06, 1.48229378283e-06, 1.35902928378e-06, 8.66778407271e-07, 7.69758003116e-07, 4.01246893489e-07, 3.10485575028e-07, 3.0167259979e-07, 3.32012888293e-07, 4.03171213748e-07, 3.57051163746e-07, 2.59141074821e-07, 1.78844302923e-07, 1.47186199229e-07, 1.61471774618e-07, 1.75230141508e-07, 1.36246143256e-07, 1.03342252089e-07]}, "spectral_decrease": {"dvar": 1.48701563887e-17, "mean": -1.25288668329e-08, "min": -4.88789453357e-08, "median": -1.16443423792e-08, "dvar2": 4.72121705682e-17, "var": 5.00233107928e-17, "dmean2": 5.4444497799e-09, "max": 3.02078476584e-28, "dmean": 3.14471537699e-09}, "spectral_rolloff": {"dvar": 129876.835938, "mean": 742.017883301, "min": 21.533203125, "median": 301.46484375, "dvar2": 288631.96875, "var": 6913821, "dmean2": 174.554351807, "max": 21124.0722656, "dmean": 98.2449493408}, "melbands_crest": {"dvar": 5.18910694122, "mean": 17.0546131134, "min": 1.52544260025, "median": 17.0068130493, "dvar2": 15.8020210266, "var": 27.1772174835, "dmean2": 4.22129678726, "max": 33.5247802734, "dmean": 2.4343187809}, "barkbands_skewness": {"dvar": 0.324336975813, "mean": 2.79793047905, "min": -2.22421002388, "median": 2.49535179138, "dvar2": 0.941375255585, "var": 3.18967247009, "dmean2": 0.901304721832, "max": 21.7477245331, "dmean": 0.539772331715}, "spectral_centroid": {"dvar": 36965.546875, "mean": 690.668518066, "min": 114.527793884, "median": 429.469665527, "dvar2": 79752.515625, "var": 2265313, "dmean2": 139.440597534, "max": 11654.6191406, "dmean": 85.3126144409}, "spectral_energyband_middle_low": {"dvar": 5.26389521838e-05, "mean": 0.0180509984493, "min": 1.3244799156e-22, "median": 0.0136190997437, "dvar2": 0.000134354821057, "var": 0.000254142301856, "dmean2": 0.00858009513468, "max": 0.127560302615, "dmean": 0.00532287312672}, "erbbands_crest": {"dvar": 3.88736987114, "mean": 9.8321647644, "min": 2.53111481667, "median": 8.9317817688, "dvar2": 10.822924614, "var": 16.9651527405, "dmean2": 3.28215241432, "max": 28.9981155396, "dmean": 2.03736352921}, "dynamic_complexity": 3.11873531342, "spectral_energyband_low": {"dvar": 0.000187512763659, "mean": 0.0297190975398, "min": 1.21086890956e-23, "median": 0.0277811735868, "dvar2": 0.000638201541733, "var": 0.000375313014956, "dmean2": 0.0175608024001, "max": 0.162776693702, "dmean": 0.00985030923039}, "silence_rate_60dB": {"dvar": 0.00173408037517, "mean": 0.0365866906941, "min": 0, "median": 0, "dvar2": 0.00411386415362, "var": 0.0352483578026, "dmean2": 0.00347486161627, "max": 1, "dmean": 0.0017372420989}, "erbbands_kurtosis": {"dvar": 1.03194594383, "mean": 1.05530619621, "min": -1.81357872486, "median": 0.460058927536, "dvar2": 2.63822865486, "var": 5.04559087753, "dmean2": 1.31129431725, "max": 22.2926959991, "dmean": 0.825054228306}, "spectral_complexity": {"dvar": 2.51764702797, "mean": 12.1743564606, "min": 0, "median": 12, "dvar2": 5.681640625, "var": 30.8704528809, "dmean2": 2.59159517288, "max": 37, "dmean": 1.60021710396}, "barkbands_crest": {"dvar": 3.07278609276, "mean": 14.1862602234, "min": 3.96340918541, "median": 13.8673868179, "dvar2": 8.98511600494, "var": 24.8193969727, "dmean2": 3.14771795273, "max": 25.9896774292, "dmean": 1.84915852547}, "spectral_energy": {"dvar": 0.000216654821998, "mean": 0.0483540222049, "min": 9.66787697319e-21, "median": 0.0449265018106, "dvar2": 0.000685986422468, "var": 0.000746242760215, "dmean2": 0.0208221208304, "max": 0.187498986721, "dmean": 0.0120430001989}, "spectral_spread": {"dvar": 704666140672, "mean": 3648491.5, "min": 780431.0625, "median": 2526714.5, "dvar2": 1336404475900.0, "var": 30169012109300.0, "dmean2": 678300.9375, "max": 43325184, "dmean": 456624.1875}, "spectral_contrast_valleys": {"dvar": [0.105854950845, 0.0839486867189, 0.0675747022033, 0.0749330297112, 0.10423065722, 0.230688393116], "mean": [-6.86023521423, -7.36760902405, -8.0981798172, -9.08917713165, -9.48121356964, -12.1907987595], "min": [-28.4985408783, -28.3463973999, -27.7039318085, -27.6467895508, -27.4965019226, -27.405632019], "median": [-6.34482955933, -6.91043949127, -7.64421272278, -8.62014579773, -9.03329181671, -12.0538063049], "dvar2": [0.250834077597, 0.180603191257, 0.13725605607, 0.131579950452, 0.155630216002, 0.327952384949], "var": [9.29449176788, 9.00105667114, 8.33846855164, 7.8186583519, 7.83492898941, 6.63999652863], "dmean2": [0.51704454422, 0.416307002306, 0.365730464458, 0.347148030996, 0.316477060318, 0.39882221818], "max": [-5.04690742493, -4.65520811081, -5.59916067123, -6.55254459381, -6.17646741867, -7.83936071396], "dmean": [0.307053595781, 0.25890186429, 0.226507738233, 0.223330616951, 0.224804058671, 0.298043459654]}, "spectral_rms": {"dvar": 7.7311693758e-07, "mean": 0.00652140891179, "min": 3.07116831966e-12, "median": 0.00662047835067, "dvar2": 2.42788723881e-06, "var": 4.64583399662e-06, "dmean2": 0.00140471686609, "max": 0.013525008224, "dmean": 0.000816662970465}, "barkbands_spread": {"dvar": 10.2144575119, "mean": 7.22009372711, "min": 0.288264811039, "median": 5.75012874603, "dvar2": 22.1818027496, "var": 46.0725479126, "dmean2": 2.73051452637, "max": 117.16003418, "dmean": 1.67704606056}, "pitch_salience": {"dvar": 0.00338957388885, "mean": 0.451878339052, "min": 0.0668943151832, "median": 0.46060821414, "dvar2": 0.0104463044554, "var": 0.0165498312563, "dmean2": 0.112913221121, "max": 0.810066878796, "dmean": 0.0647904500365}, "erbbands_skewness": {"dvar": 0.0634895637631, "mean": 0.783677041531, "min": -2.11435556412, "median": 0.760859310627, "dvar2": 0.162313297391, "var": 0.44718387723, "dmean2": 0.428853005171, "max": 4.35438585281, "dmean": 0.26823580265}, "spectral_energyband_middle_high": {"dvar": 2.94773394671e-06, "mean": 0.00238145934418, "min": 1.05121044534e-21, "median": 0.00107570679393, "dvar2": 6.78048718328e-06, "var": 1.72887321241e-05, "dmean2": 0.000970729975961, "max": 0.0676371976733, "dmean": 0.000668816035613}, "erbbands": {"dvar": [0.0105954427272, 8.37382221222, 49.8756828308, 59.6806945801, 250.564224243, 408.38067627, 450.230285645, 168.785247803, 468.082092285, 508.239349365, 579.717224121, 1254.00085449, 3034.79980469, 1373.67614746, 958.720947266, 170.856872559, 752.39831543, 240.227249146, 101.588287354, 50.2474212646, 22.3323669434, 23.0287876129, 18.7822761536, 10.5952711105, 17.1284923553, 5.89287996292, 4.04900884628, 5.27182149887, 17.0343532562, 7.13675451279, 1.94446384907, 1.86242508888, 1.25278604031, 0.697132468224, 0.0835860669613, 0.00351146864705, 0.000161398711498, 6.77354819345e-06, 5.56993136058e-08, 3.33590016721e-10], "mean": [0.492039561272, 5.05578374863, 9.61305999756, 9.51932430267, 18.0782852173, 25.8927612305, 28.8486595154, 22.6882629395, 18.3705368042, 18.7500362396, 20.5131549835, 32.5089607239, 35.3024215698, 22.9579524994, 17.655292511, 10.7983360291, 11.5073623657, 10.1451530457, 9.73693466187, 7.34354305267, 4.28593969345, 4.50955963135, 4.09809827805, 3.61156105995, 2.83220052719, 1.48187208176, 0.831565320492, 0.907903194427, 1.20975971222, 1.01583576202, 0.471321761608, 0.37609604001, 0.412204086781, 0.188245221972, 0.068626023829, 0.0145505238324, 0.00388016784564, 0.000674621202052, 7.80951595516e-05, 5.60957887501e-05], "min": [8.34278782978e-23, 4.52703923224e-22, 1.29863357593e-21, 3.66192412891e-21, 5.45870703391e-21, 9.49755046843e-21, 5.66266909345e-20, 1.05124484119e-19, 1.04770347419e-19, 1.29883072602e-19, 1.38740884493e-19, 2.64120889239e-19, 4.19759109092e-19, 6.39737401544e-19, 8.78681084286e-19, 6.4489585494e-19, 1.34171383693e-18, 1.50110306237e-18, 1.82773704073e-18, 2.92370730499e-18, 3.43410131758e-18, 2.84216115187e-18, 4.81389751594e-18, 5.23856832011e-18, 6.25669613245e-18, 8.36729171954e-18, 7.73187721558e-18, 8.80620119719e-18, 9.65415148774e-18, 1.14577427128e-17, 1.07699072919e-17, 9.00132731342e-18, 8.49959264107e-18, 8.08174897209e-18, 5.9236790081e-18, 3.51057602637e-18, 2.1650877643e-18, 8.74141517084e-19, 2.12052364145e-19, 2.37616710556e-20], "median": [0.356699407101, 4.51544618607, 6.08998250961, 6.27549266815, 9.07362270355, 12.4141273499, 14.1920032501, 11.8514547348, 7.41999101639, 5.51261091232, 6.919444561, 9.92524337769, 6.31890916824, 7.09901332855, 4.91055393219, 3.88413119316, 2.604357481, 3.49993562698, 4.66462087631, 3.16861367226, 1.99235379696, 1.94510996342, 1.75747334957, 1.43640291691, 0.574339330196, 0.351880252361, 0.185861498117, 0.152689129114, 0.139217272401, 0.0737148448825, 0.0417935736477, 0.0235312394798, 0.0164422430098, 0.00523884315044, 0.00231789285317, 0.000746418139897, 0.000252108671702, 5.24154093e-05, 3.12967276841e-05, 5.13081249665e-05], "dvar2": [0.027626497671, 30.0058193207, 154.908737183, 174.889312744, 638.618225098, 963.485595703, 1432.75866699, 389.253540039, 1434.44702148, 1173.72802734, 1323.36437988, 2803.18286133, 7002.359375, 3403.22802734, 2240.67553711, 412.429138184, 1963.0057373, 665.720825195, 237.100341797, 94.4187469482, 47.7645301819, 56.9891281128, 46.6493797302, 25.6958808899, 35.3695373535, 13.7277784348, 10.3857402802, 12.5952949524, 43.2388000488, 17.1746330261, 4.28676605225, 4.43398475647, 2.78101420403, 1.58243584633, 0.203930482268, 0.00824715290219, 0.000308540911647, 1.09007432911e-05, 8.55600674754e-08, 8.98453533793e-10], "var": [0.197399348021, 14.7306680679, 118.688987732, 108.340682983, 645.330932617, 1329.34057617, 1651.77026367, 862.24621582, 1004.25109863, 1323.45874023, 1510.63330078, 3891.09228516, 8765.92871094, 4527.17382812, 2694.00097656, 587.103820801, 1896.23254395, 463.527313232, 247.899902344, 178.952957153, 55.1251831055, 53.6238174438, 53.0690002441, 38.0767402649, 72.3039474487, 13.4043855667, 5.02901649475, 7.73771095276, 21.6921920776, 15.3119535446, 3.85954642296, 3.91430330276, 2.79463410378, 1.25237047672, 0.140642866492, 0.00567568186671, 0.00034833321115, 1.80720635399e-05, 1.4139192217e-07, 1.21248777685e-09], "dmean2": [0.110562957823, 3.39398217201, 8.61512756348, 8.24198818207, 14.4479074478, 15.8335294724, 18.2649612427, 9.97129440308, 13.1520795822, 12.1097459793, 13.5255651474, 19.8354492188, 24.0300197601, 15.638958931, 11.2716112137, 7.37979650497, 9.12769794464, 7.21109199524, 7.81846904755, 3.88679170609, 2.65806698799, 3.02671647072, 3.01541090012, 2.3778026104, 1.62723588943, 0.987376928329, 0.722638368607, 0.792715966702, 1.0395591259, 0.795544981956, 0.444403767586, 0.379846692085, 0.363311380148, 0.188516870141, 0.0710398554802, 0.0155391972512, 0.00361498468556, 0.000550515542272, 5.15015599376e-05, 2.34429626289e-05], "max": [2.3038213253, 30.7782554626, 115.23236084, 119.954833984, 249.041702271, 445.010375977, 336.913696289, 271.914733887, 387.613311768, 493.625396729, 493.599609375, 943.148376465, 1527.60620117, 1868.31848145, 1399.17724609, 581.854370117, 1120.91418457, 652.813659668, 288.067840576, 264.852203369, 306.204345703, 185.65335083, 165.750762939, 107.296051025, 263.839019775, 92.8017120361, 101.98526001, 69.3742523193, 192.073974609, 83.1100158691, 66.1590423584, 87.0939025879, 34.6816978455, 33.2358932495, 13.1048984528, 2.22436308861, 0.62373483181, 0.204316541553, 0.0177667606622, 0.000820484070573], "dmean": [0.0633468478918, 1.85409736633, 4.95358753204, 4.80658578873, 8.9038772583, 10.7724742889, 11.092124939, 6.96847343445, 8.28434467316, 8.29031944275, 9.33544254303, 13.6698732376, 16.5404033661, 10.5002298355, 7.50908756256, 4.78811454773, 5.75912714005, 4.5572681427, 5.00573682785, 2.68691515923, 1.68682229519, 1.93655252457, 1.88164150715, 1.49441933632, 1.08815872669, 0.641360044479, 0.467404454947, 0.517517447472, 0.655340909958, 0.504403650761, 0.287592500448, 0.249006181955, 0.234536752105, 0.124530553818, 0.0463579557836, 0.0100348703563, 0.00245222589001, 0.000382979866117, 3.54425865225e-05, 1.37734277814e-05]}, "dissonance": {"dvar": 0.00045744763338, "mean": 0.437580645084, "min": 0.267798066139, "median": 0.442168533802, "dvar2": 0.0012698530918, "var": 0.00124336627778, "dmean2": 0.0396601706743, "max": 0.500000059605, "dmean": 0.0235977228731}, "erbbands_flatness_db": {"dvar": 0.000307324662572, "mean": 0.197434529662, "min": 0.0274443533272, "median": 0.195809453726, "dvar2": 0.000540071690921, "var": 0.00217739213258, "dmean2": 0.0209185238928, "max": 0.3543651402, "dmean": 0.0142840277404}, "melbands_kurtosis": {"dvar": 187.078567505, "mean": 26.3095493317, "min": -1.40970993042, "median": 17.858505249, "dvar2": 508.129821777, "var": 760.792724609, "dmean2": 14.6875953674, "max": 536.228027344, "dmean": 8.84169101715}, "melbands_spread": {"dvar": 12.4247102737, "mean": 8.7713508606, "min": 0.363476395607, "median": 4.99787282944, "dvar2": 32.596534729, "var": 344.81463623, "dmean2": 2.97317957878, "max": 160.253585815, "dmean": 1.78163790703}, "melbands_skewness": {"dvar": 0.432514458895, "mean": 3.51640605927, "min": -0.428569704294, "median": 3.26373815536, "dvar2": 1.18461036682, "var": 2.88937807083, "dmean2": 1.05130112171, "max": 15.8657464981, "dmean": 0.63975661993}, "spectral_entropy": {"dvar": 0.0417516492307, "mean": 6.65714979172, "min": 4.99512147903, "median": 6.59774255753, "dvar2": 0.0791638866067, "var": 0.470492660999, "dmean2": 0.254537165165, "max": 9.82547092438, "dmean": 0.167854070663}, "zerocrossingrate": {"dvar": 5.21306064911e-05, "mean": 0.0273617729545, "min": 0.00244140625, "median": 0.0146484375, "dvar2": 8.40747234179e-05, "var": 0.00486066192389, "dmean2": 0.00454675778747, "max": 0.5244140625, "dmean": 0.00346361589618}, "average_loudness": 0.928845584393, "spectral_contrast_coeffs": {"dvar": [0.00127500051167, 0.000882924417965, 0.000623159226961, 0.000431224849308, 0.000305473600747, 0.000194843436475], "mean": [-0.650874316692, -0.691889286041, -0.740939676762, -0.750930309296, -0.764427602291, -0.773739993572], "min": [-0.979978203773, -0.987230181694, -0.975474715233, -0.973114907742, -0.967539668083, -0.964751362801], "median": [-0.652417004108, -0.686594903469, -0.749597728252, -0.750103592873, -0.760592579842, -0.768998742104], "dvar2": [0.00358519772999, 0.00240011303686, 0.00152992631774, 0.001079530688, 0.000665176135954, 0.000445305311587], "var": [0.00770559068769, 0.00643131928518, 0.00588359730318, 0.00370482075959, 0.00283015030436, 0.00194211013149], "dmean2": [0.0733810514212, 0.0567987971008, 0.0450705364347, 0.0394594371319, 0.030493516475, 0.0228913277388], "max": [-0.33089157939, -0.396236777306, -0.469072252512, -0.550904512405, -0.605311751366, -0.62058365345], "dmean": [0.0431749746203, 0.0348672755063, 0.0286894328892, 0.0245167445391, 0.0193536411971, 0.0146626159549]}, "barkbands_flatness_db": {"dvar": 0.000466648372822, "mean": 0.258844166994, "min": 0.0470128171146, "median": 0.257274329662, "dvar2": 0.00107467640191, "var": 0.00611320603639, "dmean2": 0.0315213873982, "max": 0.481824547052, "dmean": 0.019911294803}, "silence_rate_30dB": {"dvar": 0.0247604269534, "mean": 0.969927251339, "min": 0, "median": 1, "dvar2": 0.0636554434896, "var": 0.0291682444513, "dmean2": 0.0508198514581, "max": 1, "dmean": 0.0254071652889}, "spectral_energyband_high": {"dvar": 7.44753450022e-08, "mean": 0.000123024990899, "min": 6.87090709572e-21, "median": 1.52838911163e-05, "dvar2": 1.64521352986e-07, "var": 1.64953945614e-07, "dmean2": 8.45692120492e-05, "max": 0.00737032247707, "dmean": 5.74128171138e-05}, "melbands_flatness_db": {"dvar": 0.000671806687023, "mean": 0.359786868095, "min": 0.00300614582375, "median": 0.361190885305, "dvar2": 0.00150735711213, "var": 0.0108393449336, "dmean2": 0.0366973057389, "max": 0.625108778477, "dmean": 0.0231695659459}, "barkbands": {"dvar": [2.74764277997e-09, 0.000105674553197, 2.44879774982e-05, 1.71893825609e-05, 2.18088189285e-05, 4.40637268184e-06, 1.92308402802e-06, 1.44791852108e-06, 1.92701440938e-06, 2.28480416808e-06, 1.38762709412e-06, 8.3238745674e-08, 3.69971303371e-07, 8.26140933441e-08, 4.27967101757e-08, 8.13960365775e-09, 8.7004385918e-09, 4.91361396016e-09, 5.75352254728e-09, 2.8660622764e-09, 2.57780508051e-09, 1.05628910063e-08, 2.57177745766e-09, 3.56158080805e-09, 3.44506490002e-09, 6.85872886264e-11, 2.11581707016e-12], "mean": [0.000139303811011, 0.0209653135389, 0.00697783147916, 0.00389515957795, 0.00685568666086, 0.0033025816083, 0.00129779416602, 0.000890911847819, 0.00123524712399, 0.000926457054447, 0.000586456328165, 0.000223305236432, 0.000267570401775, 0.000146138103446, 0.000207259974559, 6.46067710477e-05, 9.59659955697e-05, 6.65684419801e-05, 6.45603067824e-05, 3.37026722264e-05, 2.08056881092e-05, 3.48960020347e-05, 1.86638408195e-05, 2.19610483327e-05, 1.27191224237e-05, 2.29134275287e-06, 3.5362617723e-07], "min": [2.39578486726e-25, 2.33311233353e-24, 6.64456603695e-25, 1.67655843978e-25, 3.13679573795e-24, 9.01656733957e-24, 4.67930792517e-24, 6.91586151454e-24, 1.24429649599e-23, 8.0861453449e-24, 1.43647042779e-23, 9.91215244779e-24, 1.73236710463e-23, 2.86862862633e-23, 3.65388033514e-23, 6.45919498522e-23, 4.05349802152e-23, 8.98847552942e-23, 1.21859572324e-22, 1.55920995868e-22, 2.1507319442e-22, 2.88120351092e-22, 4.03961507933e-22, 4.90208718308e-22, 7.53141434894e-22, 1.22381856303e-21, 1.84680612748e-21], "median": [5.89322098676e-06, 0.0199285112321, 0.00391787197441, 0.0019825627096, 0.00371354911476, 0.00194196950179, 0.00044651812641, 0.000216327360249, 0.000330925075104, 0.000175305569428, 0.00014733496937, 8.02072172519e-05, 6.06935391261e-05, 4.30624422734e-05, 0.000104360588011, 2.77447925328e-05, 3.71641690435e-05, 2.63559159066e-05, 1.91962953977e-05, 7.12958626536e-06, 4.16131479142e-06, 3.42746920978e-06, 1.57021645464e-06, 1.02908529698e-06, 3.87935671142e-07, 1.36213728297e-07, 4.75746517736e-08], "dvar2": [6.84199807921e-09, 0.000377408694476, 6.73416725476e-05, 5.08018674736e-05, 5.37737723789e-05, 1.32793893499e-05, 5.27647807758e-06, 3.30967145601e-06, 4.32233218817e-06, 5.22692153027e-06, 3.43996157426e-06, 1.87326151035e-07, 9.7187614756e-07, 2.26873225984e-07, 8.93139997515e-08, 1.79185377647e-08, 2.14787334585e-08, 1.21341230397e-08, 1.25786421279e-08, 6.50035669736e-09, 6.58778365192e-09, 2.56269316878e-08, 5.6170947893e-09, 7.81280817819e-09, 8.1053963541e-09, 1.44308565098e-10, 2.91452127189e-12], "var": [3.90271743811e-08, 0.000221995884203, 8.0048237578e-05, 3.07198024529e-05, 7.18954543117e-05, 1.52422862811e-05, 4.85410782858e-06, 3.69942631551e-06, 5.96573227085e-06, 6.68666461934e-06, 4.24448489866e-06, 2.70184187912e-07, 8.91952936399e-07, 1.38678345252e-07, 1.19514439234e-07, 1.66669806845e-08, 2.56356411654e-08, 1.49433958541e-08, 2.53383980464e-08, 6.77145584049e-09, 3.24867244217e-09, 1.67408344964e-08, 5.80586378973e-09, 8.66886118445e-09, 5.80081804813e-09, 1.3114706543e-10, 5.96720936552e-12], "dmean2": [4.00289973186e-05, 0.0120855048299, 0.00596462702379, 0.00406110053882, 0.00432987185195, 0.00185178802349, 0.000931363494601, 0.000630300841294, 0.000778734160122, 0.00067717616912, 0.000403321580961, 0.000158445414854, 0.000218315588427, 0.00012425078603, 0.000147183411173, 4.8634934501e-05, 6.75152987242e-05, 4.86205572088e-05, 4.15344875364e-05, 2.28036187764e-05, 1.86082852451e-05, 2.84844209091e-05, 1.66004338098e-05, 1.95141874428e-05, 1.30960079332e-05, 2.23987626669e-06, 2.85154413859e-07], "max": [0.00159996608272, 0.107520923018, 0.0990319699049, 0.0750207304955, 0.0814946070313, 0.0327084101737, 0.0256214234978, 0.0303348973393, 0.0334211438894, 0.0385956987739, 0.061974838376, 0.0112658049911, 0.0220803469419, 0.0123442588374, 0.0066030160524, 0.004478902556, 0.00271292519756, 0.00267637032084, 0.00479870848358, 0.00212529627606, 0.00214316649362, 0.00399457709864, 0.00204025581479, 0.00267235771753, 0.00264683738351, 0.000362932943972, 0.000105989369331], "dmean": [2.31202120631e-05, 0.00661839731038, 0.00355032389052, 0.00232149846852, 0.00281549571082, 0.00116167601664, 0.000606241519563, 0.000434074085206, 0.00053930451395, 0.000465708668344, 0.000268346891971, 0.00010278695845, 0.000137376890052, 7.76396118454e-05, 9.70378459897e-05, 3.10489085678e-05, 4.27785525972e-05, 3.04104032693e-05, 2.65701437456e-05, 1.49685838551e-05, 1.20599343063e-05, 1.79769122042e-05, 1.07599553303e-05, 1.28486335598e-05, 8.60440104589e-06, 1.49251934545e-06, 2.01175353709e-07]}, "erbbands_spread": {"dvar": 53.8465270996, "mean": 29.9614830017, "min": 4.72237443924, "median": 27.6831359863, "dvar2": 111.627914429, "var": 223.71395874, "dmean2": 7.89250230789, "max": 146.100311279, "dmean": 5.14560079575}, "barkbands_kurtosis": {"dvar": 135.899765015, "mean": 16.1197509766, "min": -1.86016905308, "median": 9.17790794373, "dvar2": 416.31036377, "var": 843.44732666, "dmean2": 9.39294433594, "max": 711.836853027, "dmean": 5.53601884842}, "spectral_flux": {"dvar": 0.00040013686521, "mean": 0.0700289309025, "min": 6.37788363789e-11, "median": 0.0625972822309, "dvar2": 0.000991635024548, "var": 0.00183312583249, "dmean2": 0.0283160768449, "max": 0.32887712121, "dmean": 0.018296469003}, "silence_rate_20dB": {"dvar": 0, "mean": 1, "min": 1, "median": 1, "dvar2": 0, "var": 0, "dmean2": 0, "max": 1, "dmean": 0}, "gfcc": {"cov": [[32140.4902344, 2025.58911133, -3076.4309082, 892.954772949, -1997.4140625, 497.904663086, -1189.43054199, 242.549667358, -729.151000977, -242.154800415, -472.860107422, -246.885742188, -336.563903809], [2025.58911133, 2009.44128418, -350.681060791, -210.826797485, 513.404724121, -245.49041748, 223.357498169, -187.612609863, 222.104492188, -68.0088119507, 189.301055908, -6.32747268677, 120.551727295], [-3076.4309082, -350.681060791, 623.398071289, 39.3345794678, 124.517524719, 30.1910495758, 99.3708343506, -3.33848929405, 46.1797904968, 52.7009620667, 16.3323059082, 39.5291557312, 25.3568897247], [892.954772949, -210.826797485, 39.3345794678, 312.984161377, -83.9410629272, 31.7298622131, -74.7591781616, 33.8241958618, -7.16467142105, -8.66862106323, -33.1876945496, 7.75741624832, -0.827085852623], [-1997.4140625, 513.404724121, 124.517524719, -83.9410629272, 504.950927734, -111.138748169, 164.979003906, -83.0438461304, 154.641998291, 5.30092334747, 105.61126709, 30.3272094727, 87.8261032104], [497.904663086, -245.49041748, 30.1910495758, 31.7298622131, -111.138748169, 202.364517212, 7.4377746582, 33.0321807861, -49.9971656799, 2.40523529053, -40.4863090515, -17.8191413879, -29.3330898285], [-1189.43054199, 223.357498169, 99.3708343506, -74.7591781616, 164.979003906, 7.4377746582, 232.458816528, -16.0837192535, 68.4231109619, -6.17902088165, 57.7445831299, -2.25729680061, 11.3442659378], [242.549667358, -187.612609863, -3.33848929405, 33.8241958618, -83.0438461304, 33.0321807861, -16.0837192535, 111.159080505, -9.82107639313, -3.65086746216, -27.1912479401, 0.00517012691125, -21.5678596497], [-729.151000977, 222.104492188, 46.1797904968, -7.16467142105, 154.641998291, -49.9971656799, 68.4231109619, -9.82107639313, 136.236373901, 6.93879508972, 48.0106964111, 11.6946983337, 35.4452781677], [-242.154800415, -68.0088119507, 52.7009620667, -8.66862106323, 5.30092334747, 2.40523529053, -6.17902088165, -3.65086746216, 6.93879508972, 69.5793228149, 13.7382955551, 3.23985409737, -3.52913141251], [-472.860107422, 189.301055908, 16.3323059082, -33.1876945496, 105.61126709, -40.4863090515, 57.7445831299, -27.1912479401, 48.0106964111, 13.7382955551, 95.3642425537, 13.1177711487, 17.8236198425], [-246.885742188, -6.32747268677, 39.5291557312, 7.75741624832, 30.3272094727, -17.8191413879, -2.25729680061, 0.00517012691125, 11.6946983337, 3.23985409737, 13.1177711487, 62.6923789978, 29.6087989807], [-336.563903809, 120.551727295, 25.3568897247, -0.827085852623, 87.8261032104, -29.3330898285, 11.3442659378, -21.5678596497, 35.4452781677, -3.52913141251, 17.8236198425, 29.6087989807, 78.4705276489]], "mean": [-83.0466079712, 165.852615356, -88.114364624, 28.2960891724, -33.7651023865, 7.56369781494, -22.2369804382, 1.05700314045, -10.7784824371, -8.40696144104, -7.81646966934, -3.89362549782, -2.76554083824], "icov": [[0.000498452223837, -0.00157356029376, 0.00124915177003, -0.00157682446297, 0.00126283615828, -0.00159704789985, 0.0013368712971, -0.0011038890807, 0.00148934696335, -0.00118793162983, 0.000970172462985, -0.000664714141749, 0.000932244292926], [-0.00157356029376, 0.00624375930056, -0.00304932869039, 0.00517636071891, -0.00443267356604, 0.00557254580781, -0.0048700068146, 0.00463774194941, -0.00558655150235, 0.00454572122544, -0.00384367490187, 0.00260887830518, -0.00366172846407], [0.00124915177003, -0.00304932869039, 0.005874061957, -0.00433819787577, 0.00240270514041, -0.00397988688201, 0.00186465994921, -0.00196333951317, 0.00317127304152, -0.0042436523363, 0.00271769613028, -0.00259712687694, 0.00185165018775], [-0.00157682446297, 0.00517636071891, -0.00433819787577, 0.00889071449637, -0.00363401998766, 0.00456721382216, -0.00285856681876, 0.00310626812279, -0.00596862565726, 0.00492826895788, -0.00303241447546, 0.00195765239187, -0.0033104356844], [0.00126283615828, -0.00443267356604, 0.00240270514041, -0.00363401998766, 0.00819439161569, -0.00312514672987, 0.00187947554514, -0.0013504428789, 0.00125453842338, -0.00296556157991, 0.00148566800635, -0.00173801265191, 4.72633219033e-05], [-0.00159704789985, 0.00557254580781, -0.00397988688201, 0.00456721382216, -0.00312514672987, 0.012052218429