{"tonal": {"chords_number_rate": 0.0017721070908, "thpcp": [1, 0.571413755417, 0.14669187367, 0.111776098609, 0.116256728768, 0.274110347033, 0.514994382858, 0.430323928595, 0.2527590096, 0.223580077291, 0.162462860346, 0.186909630895, 0.287199139595, 0.295950084925, 0.469568312168, 0.774008095264, 0.559661567211, 0.186346411705, 0.131266847253, 0.169381588697, 0.390061914921, 0.595295608044, 0.409617066383, 0.174206703901, 0.138804361224, 0.148147463799, 0.313840091228, 0.531389534473, 0.434822022915, 0.446373552084, 0.52261698246, 0.274193078279, 0.123015090823, 0.131125465035, 0.160696938634, 0.609803974628], "hpcp": {"dvar": [0.0343345366418, 0.0326659455895, 0.0277986899018, 0.0268652886152, 0.0268293749541, 0.0281031597406, 0.0370986387134, 0.0320513509214, 0.0265749171376, 0.0280431099236, 0.0192902870476, 0.0172355230898, 0.0195291079581, 0.0233826022595, 0.027824157849, 0.0383268073201, 0.0269128400832, 0.0192093253136, 0.0185151081532, 0.0162286516279, 0.0188754182309, 0.0314824171364, 0.0363486111164, 0.0218988880515, 0.0170719195157, 0.0171305947006, 0.016822071746, 0.0219436120242, 0.0263458061963, 0.0268962346017, 0.0357422493398, 0.0366386324167, 0.028666023165, 0.0288257002831, 0.0303023438901, 0.0327469930053], "mean": [0.201387420297, 0.138572707772, 0.0589338093996, 0.0469572618604, 0.0501180179417, 0.106171533465, 0.179768100381, 0.147099494934, 0.151007354259, 0.176800370216, 0.0927590206265, 0.041615780443, 0.0443595051765, 0.0543634817004, 0.206295579672, 0.338298171759, 0.193308219314, 0.0496255904436, 0.0378136485815, 0.0393294394016, 0.0927310287952, 0.174221649766, 0.145577803254, 0.0855079069734, 0.075636729598, 0.0549608878791, 0.0632311850786, 0.0971589460969, 0.100119374692, 0.158854097128, 0.261845529079, 0.189332485199, 0.063040651381, 0.0444073341787, 0.0573014840484, 0.131957232952], "min": [0, 0, 0, 0, 0, 0, 0, 0, 0, 0, 0, 0, 0, 0, 0, 0, 0, 0, 0, 0, 0, 0, 0, 0, 0, 0, 0, 0, 0, 0, 0, 0, 0, 0, 0, 0], "median": [0.0503250099719, 0.0354031808674, 0.00890246778727, 0.0050858319737, 0.00487629277632, 0.0202823504806, 0.0376821309328, 0.0373960770667, 0.0198905840516, 0.0163702107966, 0.0136926108971, 0.0069534080103, 0.00618270598352, 0.010063290596, 0.0607385672629, 0.111840195954, 0.077616840601, 0.00841274112463, 0.00350348069333, 0.00422624917701, 0.0157707501203, 0.0344703905284, 0.030672846362, 0.0101929921657, 0.00456695817411, 0.00401442637667, 0.0126628987491, 0.0221648979932, 0.0301722586155, 0.0415286682546, 0.0678752660751, 0.050549082458, 0.012805913575, 0.00403818814084, 0.00547468988225, 0.0294676683843], "dvar2": [0.0846620723605, 0.085795328021, 0.0757204070687, 0.0750521868467, 0.0738283023238, 0.0726341381669, 0.0890005230904, 0.0836303383112, 0.0676747560501, 0.0645837560296, 0.0506705529988, 0.0478496477008, 0.0547837652266, 0.0659650191665, 0.0732000544667, 0.0880133062601, 0.0688013657928, 0.0516342483461, 0.0512870550156, 0.0452160723507, 0.048154361546, 0.0763677880168, 0.097334176302, 0.0606356374919, 0.0424019694328, 0.0474749095738, 0.0455080233514, 0.0544045604765, 0.0685048177838, 0.0712323710322, 0.0900286436081, 0.100903049111, 0.0804072320461, 0.0803027898073, 0.0838465318084, 0.0842057988048], "var": [0.0878657624125, 0.0500577688217, 0.0236468184739, 0.0213211718947, 0.0217099692672, 0.0375384278595, 0.0859422236681, 0.0553111433983, 0.0732239559293, 0.0995200648904, 0.0284340754151, 0.0144794117659, 0.0154401203617, 0.0177983362228, 0.0693379715085, 0.156242966652, 0.0541560612619, 0.0174096301198, 0.0145194735378, 0.0129135539755, 0.0319701358676, 0.08281211555, 0.0580296702683, 0.0372021831572, 0.0425101257861, 0.0217404440045, 0.0193977952003, 0.0345217175782, 0.0326042100787, 0.0556382499635, 0.130133077502, 0.0709081217647, 0.0209980718791, 0.0197205804288, 0.0243013352156, 0.0513947494328], "dmean2": [0.172642573714, 0.160886883736, 0.122529551387, 0.110466577113, 0.113644368947, 0.139545738697, 0.173181325197, 0.168617278337, 0.139660567045, 0.131973952055, 0.110098108649, 0.0866245478392, 0.094121478498, 0.117347940803, 0.16860345006, 0.179391905665, 0.168808564544, 0.100641638041, 0.0853556841612, 0.0848202034831, 0.111628651619, 0.162646830082, 0.177296414971, 0.119569636881, 0.0860859453678, 0.0924770236015, 0.0986021384597, 0.124218069017, 0.141822487116, 0.153473168612, 0.173570618033, 0.188248455524, 0.133154779673, 0.115918941796, 0.128285080194, 0.155443772674], "max": [1, 1, 1, 1, 1, 1, 1, 1, 1, 1, 1, 1, 1, 1, 1, 1, 1, 1, 1, 1, 1, 1, 1, 1, 1, 1, 1, 1, 1, 1, 1, 1, 1, 1, 1, 1], "dmean": [0.105081640184, 0.0956843644381, 0.068227276206, 0.0600295625627, 0.0632670521736, 0.0822246968746, 0.104165069759, 0.100087940693, 0.0813714414835, 0.0775997489691, 0.0645305141807, 0.0480229519308, 0.0522375516593, 0.0645826384425, 0.100301921368, 0.108272157609, 0.101641125977, 0.0564671196043, 0.0472803190351, 0.0474627315998, 0.0658789798617, 0.095591917634, 0.102975614369, 0.0678352788091, 0.0497904904187, 0.0519083924592, 0.0576779507101, 0.0742698311806, 0.0829999595881, 0.0906520783901, 0.102259002626, 0.109151378274, 0.0730333328247, 0.0626004114747, 0.0704431161284, 0.0911223813891]}, "key_strength": 0.868095934391, "chords_strength": {"dvar": 0.000415328162489, "mean": 0.528518378735, "min": -1, "median": 0.53793913126, "dvar2": 0.000794694817159, "var": 0.0288037452847, "dmean2": 0.00813090335578, "max": 0.822145521641, "dmean": 0.00944982562214}, "tuning_equal_tempered_deviation": 0.056601177901, "chords_key": "G", "tuning_frequency": 452.631469727, "chords_scale": "major", "chords_changes_rate": 0.0450115203857, "key_scale": "major", "tuning_diatonic_strength": 0.631819546223, "hpcp_entropy": {"dvar": 0.21672950685, "mean": 1.74969387054, "min": 0, "median": 1.76604163647, "dvar2": 0.571651399136, "var": 0.483587414026, "dmean2": 0.888961136341, "max": 4.12362194061, "dmean": 0.53085309267}, "chords_histogram": [31.6143894196, 5.13911056519, 20.9640254974, 0, 1.13414847851, 0.0886053517461, 1.16959059238, 0.318979263306, 0.549353182316, 0, 0, 0, 0, 0, 0, 0.0354421399534, 0, 0, 0.0531632117927, 4.41254663467, 5.93655872345, 6.23781681061, 12.5465173721, 9.79975223541], "tuning_nontempered_energy_ratio": 0.679611206055, "key_key": "G"}, "metadata": {"version": {"extractor": "music 1.0", "essentia_build_sha": "ca57ba49d9b1854bd80e60cf9ccf267278fb7d6b", "essentia": "2.1-beta1", "essentia_git_sha": "v2.1_beta1-28-g21ef5f4-dirty"}, "audio_properties": {"sample_rate": 44100, "length": 262, "lossless": true, "analysis_sample_rate": 44100, "downmix": "mix", "bit_rate": 0, "equal_loudness": 0, "md5_encoded": "b93d3746de1fe2e943c2d7e1ffd1f304", "codec": "flac", "replay_gain": -6.7502784729}, "tags": {"musicbrainz_workid": ["25060e21-86b6-4572-9a29-20359b6dddfe"], "catalognumber": ["822 088-2", "9 24031-2"], "composersort": ["John, Elton"], "releasecountry": ["XE"], "musicbrainz_recordingid": ["3669d6de-41e7-4933-9f55-baa8c064fbd8"], "language": ["eng"], "title": ["In Neon"], "musicbrainz_releasetrackid": ["08c38ed8-5217-40b7-a171-b6fddeabf410"], "artists": ["Elton John"], "artistsort": ["John, Elton"], "releasetype": ["album"], "originaldate": ["1984"], "work": ["In Neon"], "musicbrainz_artistid": ["b83bc61f-8451-4a5d-8b8e-7e9ed295e822"], "composer": ["Elton John"], "tracknumber": ["7"], "musicbrainz_albumartistid": ["b83bc61f-8451-4a5d-8b8e-7e9ed295e822"], "totaltracks": ["10"], "barcode": ["075992403122"], "tracktotal": ["10"], "date": ["1984"], "acoustid_id": ["00201b80-cd6e-49a6-a0ac-2554934f91c1"], "albumartistsort": ["John, Elton"], "musicbrainz_releasegroupid": ["5276a1aa-cd46-3bc2-bcf7-4f1f8a21b771"], "media": ["CD"], "performer": ["Elton John (lead vocals)"], "producer": ["Chris Thomas"], "label": ["Geffen Records"], "albumartist": ["Elton John"], "lyricist": ["Bernie Taupin"], "script": ["Latn"], "musicbrainz_albumid": ["897554ba-fe8e-4754-a293-d19ea64e2a8c"], "file_name": "07 - In Neon.flac", "releasestatus": ["official"], "album": ["Breaking Hearts"], "artist": ["Elton John"]}}, "lowlevel": {"melbands": {"dvar": [1.37334745887e-05, 3.40728070114e-06, 5.68912980725e-07, 3.20317127489e-07, 2.25001741683e-07, 1.10528240782e-07, 2.20068613999e-07, 1.52219271854e-07, 1.53148747017e-07, 8.48608934234e-08, 4.3677932382e-08, 6.54796536992e-08, 5.48600915806e-08, 2.6486727478e-08, 2.37873880593e-08, 1.50984309499e-08, 2.23033875812e-08, 9.39689837054e-09, 1.32749979898e-08, 1.34701059196e-08, 2.70095790178e-09, 1.21312992984e-09, 4.80534612102e-10, 7.15943762608e-11, 4.14755590983e-11, 1.5335718806e-10, 1.42500372613e-10, 3.14628219311e-11, 1.91796925564e-11, 1.48304580422e-11, 1.28094227933e-11, 6.24536230023e-12, 6.79586898908e-12, 4.79085434518e-12, 7.77366018778e-12, 1.86112392858e-11, 2.57277671389e-11, 2.42680771312e-11, 1.06341307288e-11, 2.31161682678e-12], "mean": [0.00229783705436, 0.00167505641002, 0.000737845664844, 0.000635467004031, 0.000456500274595, 0.000345730717527, 0.000315939803841, 0.000279973755823, 0.000217916909605, 0.000141364245792, 0.000126183731481, 0.000152317792526, 0.000154984460096, 0.000102592930489, 9.87908570096e-05, 8.19739507278e-05, 8.61249427544e-05, 5.09828823851e-05, 4.63960350316e-05, 4.59817056253e-05, 2.31511985476e-05, 1.82422445505e-05, 1.35688705996e-05, 5.81556651014e-06, 4.37737980974e-06, 7.89645946497e-06, 8.00606812845e-06, 3.25089922626e-06, 1.84851330687e-06, 1.5581806565e-06, 1.29330055643e-06, 1.05261904082e-06, 9.10867981929e-07, 8.1438287225e-07, 8.67407379701e-07, 1.11995950647e-06, 1.27288853946e-06, 1.14741942525e-06, 7.20856121461e-07, 4.12195561239e-07], "min": [6.81227145591e-25, 9.64434521452e-25, 9.86700514933e-25, 1.56628510225e-24, 5.15053842425e-25, 1.24127726892e-24, 1.95649652953e-24, 1.51434275316e-24, 6.50439679397e-25, 2.12315128436e-24, 1.85773923002e-24, 2.44073564075e-24, 2.12634715711e-24, 2.31829377864e-24, 3.17340026445e-24, 2.17373087624e-24, 2.60419472006e-24, 3.36863643596e-24, 2.32112283106e-24, 3.89443273968e-24, 4.53432357383e-24, 4.6808974799e-24, 3.33952431312e-24, 3.66606421293e-24, 4.43947764391e-24, 3.23657066802e-24, 4.61693387669e-24, 3.74649015994e-24, 4.28746690849e-24, 4.80493323547e-24, 4.93610305464e-24, 5.60767059844e-24, 4.73929448613e-24, 5.31211794385e-24, 5.18755956793e-24, 5.63512453567e-24, 5.46373424882e-24, 6.08588517894e-24, 6.14783205924e-24, 6.15628391498e-24], "median": [0.0013522944646, 0.00134748197161, 0.000445984187536, 0.000328622729285, 0.000226025455049, 0.000181910581887, 0.000131659820909, 8.49883290357e-05, 5.71044656681e-05, 3.47586901626e-05, 2.75368984148e-05, 2.26421907428e-05, 2.62688045041e-05, 2.23490533244e-05, 1.42555718412e-05, 1.16216078823e-05, 1.05255949165e-05, 6.03960234002e-06, 5.04722993355e-06, 4.70168788524e-06, 3.74531191483e-06, 4.0032623474e-06, 3.51519497599e-06, 1.81308132596e-06, 1.57847830451e-06, 2.47144453169e-06, 1.98641350835e-06, 8.24697508506e-07, 4.9454922646e-07, 3.45105917177e-07, 2.29795347195e-07, 2.13594290699e-07, 1.77111587618e-07, 1.46269400148e-07, 1.21543749287e-07, 1.18320841125e-07, 1.14787397365e-07, 1.07944565286e-07, 6.60355823356e-08, 4.05528837177e-08], "dvar2": [2.6592399081e-05, 8.71034990269e-06, 1.46275340285e-06, 8.53135702528e-07, 5.51975119834e-07, 2.73245007065e-07, 5.06723552007e-07, 3.38515206977e-07, 3.7493194327e-07, 2.05513089213e-07, 9.81550059009e-08, 1.36477794399e-07, 1.14721544264e-07, 5.97681335535e-08, 5.3249088694e-08, 3.37898846681e-08, 4.86413362921e-08, 1.89579001386e-08, 2.73633737891e-08, 2.45317917091e-08, 5.36833955067e-09, 2.82693490838e-09, 1.10587428104e-09, 1.72654085473e-10, 9.65605720382e-11, 3.69589692184e-10, 3.20566517775e-10, 7.46903927595e-11, 4.87134638183e-11, 3.33291623467e-11, 2.81973056016e-11, 1.45444576521e-11, 1.6306169956e-11, 1.10241598836e-11, 1.58728204191e-11, 3.56979931726e-11, 5.23280967168e-11, 5.03753254388e-11, 2.2143179651e-11, 4.49101346389e-12], "var": [1.79460548679e-05, 3.56325222128e-06, 1.02182320916e-06, 8.30317958389e-07, 6.82198617596e-07, 2.5795642955e-07, 3.85197893138e-07, 4.31730740047e-07, 2.88617428623e-07, 1.47999315914e-07, 9.65307407341e-08, 2.53279893059e-07, 1.87883514968e-07, 7.20649353525e-08, 7.77393793783e-08, 4.34158842211e-08, 5.84890678113e-08, 2.12017656764e-08, 2.93853315014e-08, 4.10040108534e-08, 7.71845165559e-09, 2.58704613287e-09, 9.18097931013e-10, 1.41169909096e-10, 9.25862303491e-11, 3.18977871894e-10, 3.03129882306e-10, 5.45672951269e-11, 2.82468076707e-11, 2.82998416368e-11, 2.36615206595e-11, 1.10592802277e-11, 9.56275163222e-12, 8.41951421776e-12, 1.81561241736e-11, 4.51333415086e-11, 6.37253444458e-11, 5.38331566824e-11, 2.25584863289e-11, 5.41271194532e-12], "dmean2": [0.00157936720643, 0.00107861869037, 0.000566306582186, 0.000440354458988, 0.000305240275338, 0.000260755041381, 0.000278642401099, 0.000229541474255, 0.000193565094378, 0.00012901329319, 0.000108301879663, 0.000113243200758, 0.000116280323709, 8.12756770756e-05, 7.62665222283e-05, 6.80251177982e-05, 7.24665733287e-05, 4.54673499917e-05, 4.13655507145e-05, 3.66045605915e-05, 1.85489570868e-05, 1.62622054631e-05, 1.22060164358e-05, 5.16420777785e-06, 3.81439190278e-06, 6.97546101947e-06, 6.96207007422e-06, 3.04952277475e-06, 1.91964181795e-06, 1.48181186432e-06, 1.231790975e-06, 9.71169470176e-07, 8.93850085504e-07, 7.57387965677e-07, 7.99918666416e-07, 1.04605805973e-06, 1.19685057598e-06, 1.11609756459e-06, 7.12647022283e-07, 3.97606640945e-07], "max": [0.0531799644232, 0.0274368114769, 0.0231313668191, 0.0194344110787, 0.0197058655322, 0.00743153365329, 0.00967190973461, 0.0118827046826, 0.00921073462814, 0.0088447695598, 0.00625324528664, 0.00707939080894, 0.00650521088392, 0.00594121729955, 0.00429708277807, 0.00365505181253, 0.00373716303147, 0.00220788945444, 0.00420303223655, 0.00400978978723, 0.00214076577686, 0.00128954474349, 0.000548686308321, 0.0001776607387, 0.000245374714723, 0.000475987384561, 0.000265509122983, 0.000149025785504, 0.000139445590321, 0.000138720162795, 0.000148264254676, 8.39486674522e-05, 0.000122673416627, 8.42329609441e-05, 0.000135519061587, 0.000270516757155, 0.000241356246988, 0.000302448257571, 0.000154238005052, 6.28588531981e-05], "dmean": [0.00107996631414, 0.000668761902489, 0.000353114912286, 0.000275941070868, 0.000196106237127, 0.000167413265444, 0.000178795875399, 0.000152673732373, 0.000125714228489, 8.55667894939e-05, 7.16585564078e-05, 7.72021885496e-05, 7.96706444817e-05, 5.46778319404e-05, 5.01168397022e-05, 4.47332240583e-05, 4.76456261822e-05, 3.01240252156e-05, 2.83157878584e-05, 2.59039406956e-05, 1.23791569422e-05, 1.05345725387e-05, 7.81893777457e-06, 3.26082636093e-06, 2.40845292865e-06, 4.38041115558e-06, 4.51488676845e-06, 1.91727849597e-06, 1.19320964131e-06, 9.69014536167e-07, 8.13509132058e-07, 6.29211626801e-07, 5.72378212382e-07, 4.94176788379e-07, 5.40401117632e-07, 6.97239727288e-07, 8.02502540864e-07, 7.48324850974e-07, 4.91607067943e-07, 2.7095379096e-07]}, "spectral_decrease": {"dvar": 1.16941310795e-17, "mean": -6.81314293871e-09, "min": -4.78117705427e-08, "median": -5.3261031141e-09, "dvar2": 2.14928042552e-17, "var": 3.22345832703e-17, "dmean2": 2.60604138269e-09, "max": 2.19534202504e-28, "dmean": 1.78751935476e-09}, "spectral_rolloff": {"dvar": 498803.96875, "mean": 1112.65429688, "min": 21.533203125, "median": 624.462890625, "dvar2": 1076862.75, "var": 4333769, "dmean2": 415.66116333, "max": 19573.6816406, "dmean": 250.890930176}, "melbands_crest": {"dvar": 7.32668685913, "mean": 14.3849525452, "min": 1.52035796642, "median": 13.4746274948, "dvar2": 15.7537250519, "var": 31.6084480286, "dmean2": 3.63038659096, "max": 39.2650756836, "dmean": 2.34575724602}, "barkbands_skewness": {"dvar": 0.317507535219, "mean": 1.72218859196, "min": -2.1146337986, "median": 1.58406150341, "dvar2": 0.619938611984, "var": 2.30074810982, "dmean2": 0.673956155777, "max": 13.3715715408, "dmean": 0.468186467886}, "spectral_centroid": {"dvar": 67680, "mean": 1055.42333984, "min": 111.860664368, "median": 874.291320801, "dvar2": 133178.78125, "var": 1317011.625, "dmean2": 251.258331299, "max": 11826.2978516, "dmean": 167.356964111}, "spectral_energyband_middle_low": {"dvar": 2.62695721176e-05, "mean": 0.0103668998927, "min": 1.73315404071e-22, "median": 0.00772799225524, "dvar2": 6.39788922854e-05, "var": 8.53084566188e-05, "dmean2": 0.00499304011464, "max": 0.103024616838, "dmean": 0.00322968442924}, "erbbands_crest": {"dvar": 5.34753322601, "mean": 9.96155929565, "min": 2.19188046455, "median": 9.15318012238, "dvar2": 13.3093166351, "var": 17.1623859406, "dmean2": 3.85275554657, "max": 28.5403804779, "dmean": 2.44784998894}, "dynamic_complexity": 3.92083454132, "spectral_energyband_low": {"dvar": 0.000145741374581, "mean": 0.0110462103039, "min": 1.09448510477e-23, "median": 0.00806955900043, "dvar2": 0.000273549376288, "var": 0.000224345014431, "dmean2": 0.00616006180644, "max": 0.17034484446, "dmean": 0.00420196354389}, "silence_rate_60dB": {"dvar": 0.00808719266206, "mean": 0.0420912727714, "min": 0, "median": 0, "dvar2": 0.0181655380875, "var": 0.0403182916343, "dmean2": 0.0163077190518, "max": 1, "dmean": 0.0081531368196}, "erbbands_kurtosis": {"dvar": 1.2643917799, "mean": 1.16951155663, "min": -1.83339869976, "median": 0.400383472443, "dvar2": 2.69741463661, "var": 6.0872797966, "dmean2": 1.41157972813, "max": 28.295167923, "dmean": 0.938247561455}, "spectral_complexity": {"dvar": 9.04430294037, "mean": 14.7539215088, "min": 0, "median": 13, "dvar2": 18.1836147308, "var": 67.0334701538, "dmean2": 3.73624038696, "max": 53, "dmean": 2.39507269859}, "barkbands_crest": {"dvar": 4.9202132225, "mean": 11.433216095, "min": 2.59215307236, "median": 10.567908287, "dvar2": 11.2771081924, "var": 21.5662822723, "dmean2": 3.12777447701, "max": 26.4878730774, "dmean": 2.00927519798}, "spectral_energy": {"dvar": 0.000174564585905, "mean": 0.0272499099374, "min": 1.00423886501e-20, "median": 0.021069156006, "dvar2": 0.000320568709867, "var": 0.00051294878358, "dmean2": 0.0102770598605, "max": 0.187881454825, "dmean": 0.00706351362169}, "spectral_spread": {"dvar": 827282423808, "mean": 4145354.25, "min": 1140911.875, "median": 3369345.75, "dvar2": 1481215442940.0, "var": 16605700423700.0, "dmean2": 749067.1875, "max": 42975796, "dmean": 535675.125}, "spectral_contrast_valleys": {"dvar": [0.12611438334, 0.098697386682, 0.0961049720645, 0.0943205207586, 0.0993462949991, 0.194095373154], "mean": [-7.30250120163, -7.20596456528, -8.00339031219, -8.41899394989, -8.53075122833, -11.1906204224], "min": [-28.1309490204, -27.9452648163, -28.1667861938, -27.9123687744, -27.5983371735, -27.4317855835], "median": [-6.93223524094, -6.86792850494, -7.6615562439, -8.06539821625, -8.1058921814, -10.7113676071], "dvar2": [0.267221152782, 0.213896423578, 0.187957137823, 0.17623116076, 0.164994955063, 0.301325172186], "var": [5.04356431961, 5.20478439331, 5.16868972778, 5.17026948929, 5.14039325714, 4.83140659332], "dmean2": [0.517659187317, 0.501836001873, 0.475254952908, 0.420615702868, 0.344545006752, 0.38464692235], "max": [-5.03064966202, -4.62928199768, -5.14643573761, -5.19446086884, -5.67500495911, -7.13005399704], "dmean": [0.324467301369, 0.311933755875, 0.301927834749, 0.271137475967, 0.238757655025, 0.30861479044]}, "spectral_rms": {"dvar": 7.65731215324e-07, "mean": 0.00475586717948, "min": 3.13008820252e-12, "median": 0.00453379238024, "dvar2": 1.31665285608e-06, "var": 3.96711538997e-06, "dmean2": 0.000835675571579, "max": 0.0135387955233, "dmean": 0.000581901636906}, "barkbands_spread": {"dvar": 36.2368736267, "mean": 15.6912851334, "min": 0.216923981905, "median": 13.3477106094, "dvar2": 69.5858383179, "var": 150.344985962, "dmean2": 5.45584917068, "max": 137.216705322, "dmean": 3.64388775826}, "pitch_salience": {"dvar": 0.00337302568369, "mean": 0.513123214245, "min": 0.0283710267395, "median": 0.522664964199, "dvar2": 0.0077178911306, "var": 0.0144681688398, "dmean2": 0.0856100618839, "max": 0.841464817524, "dmean": 0.0554995574057}, "erbbands_skewness": {"dvar": 0.0913086235523, "mean": 0.478906780481, "min": -3.71530628204, "median": 0.4743668437, "dvar2": 0.195052742958, "var": 0.628341078758, "dmean2": 0.483868837357, "max": 3.75594520569, "dmean": 0.324080348015}, "spectral_energyband_middle_high": {"dvar": 1.45558788063e-05, "mean": 0.00640404596925, "min": 1.219126898e-21, "median": 0.00172245397698, "dvar2": 2.79005471384e-05, "var": 0.000101407589682, "dmean2": 0.00272426032461, "max": 0.0786635354161, "dmean": 0.00192243885249}, "erbbands": {"dvar": [0.25324717164, 4.64397287369, 11.3630409241, 17.4856777191, 48.8943634033, 144.621185303, 181.652709961, 233.446487427, 1026.23937988, 1297.28417969, 1835.41796875, 2446.35498047, 1739.35461426, 4087.56445312, 3976.39770508, 3934.8815918, 2844.80419922, 5006.84667969, 3070.90332031, 4746.28125, 2140.53051758, 745.029846191, 192.044509888, 62.6593475342, 251.406967163, 82.7818222046, 41.8005905151, 33.4099349976, 18.0854759216, 15.6596775055, 27.7707061768, 58.5053710938, 37.6447639465, 4.87028741837, 0.416428357363, 0.0416658557951, 0.0024462598376, 0.000151752159582, 5.87353179071e-06, 5.91961537566e-08], "mean": [0.25305429101, 1.7464171648, 2.43715596199, 3.78538274765, 6.96050643921, 10.2933454514, 12.9069490433, 14.6214323044, 21.3618068695, 25.7757968903, 26.6845474243, 23.5761241913, 26.8954372406, 40.2331542969, 44.363368988, 41.2798347473, 39.8545188904, 45.4389038086, 32.9059028625, 32.1330070496, 23.8246898651, 17.0443553925, 10.231212616, 6.03385925293, 11.4388885498, 6.3000330925, 3.03447365761, 2.34539651871, 1.81674671173, 1.54052352905, 1.64224112034, 1.99521815777, 1.48491597176, 0.582506656647, 0.218128338456, 0.0724916085601, 0.0180885288864, 0.00417904695496, 0.000679558783304, 7.92568753241e-05], "min": [3.72034060423e-23, 5.78882641532e-22, 1.4750277211e-21, 5.19326162494e-21, 1.04599007941e-20, 2.77777007842e-20, 1.35451851203e-20, 4.7227696128e-20, 1.16426084807e-19, 1.60906403928e-19, 1.32109364598e-19, 3.19957157399e-19, 4.14049081324e-19, 7.45734444887e-19, 8.6179419208e-19, 1.25019953704e-18, 1.21133538654e-18, 1.74306455848e-18, 2.46189216221e-18, 2.62666550625e-18, 4.65678283039e-18, 4.96100042095e-18, 5.24228153388e-18, 5.76431976796e-18, 6.86952157465e-18, 6.95984804318e-18, 7.72176989567e-18, 9.99324838959e-18, 1.12057959059e-17, 1.18024454177e-17, 1.09378638337e-17, 1.0596335848e-17, 9.29568201594e-18, 7.47440236067e-18, 6.0049573615e-18, 4.09016659234e-18, 2.1159625417e-18, 9.75906859509e-19, 2.36953770531e-19, 2.57392773388e-20], "median": [0.0996438041329, 1.33056497574, 1.62370955944, 2.09769892693, 3.45765256882, 4.8513379097, 6.03328084946, 7.51178693771, 9.03145313263, 8.42141723633, 8.05210113525, 6.13103246689, 6.5460600853, 6.60692358017, 8.77062702179, 7.74886322021, 5.98877334595, 6.06104850769, 4.02892017365, 3.95368289948, 3.63803052902, 4.11808919907, 3.15079808235, 2.29132390022, 3.4231865406, 1.73188412189, 0.849868774414, 0.482389241457, 0.383656561375, 0.28557524085, 0.230302900076, 0.198239386082, 0.146712377667, 0.0621572844684, 0.0242614597082, 0.00739828264341, 0.00158920674585, 0.000321432919009, 5.22566551808e-05, 3.18574457197e-05], "dvar2": [0.495244771242, 10.1507968903, 32.4114494324, 45.2067527771, 129.122390747, 379.525756836, 424.963562012, 577.200073242, 2380.18481445, 2844.89111328, 4367.46044922, 6081.69970703, 3878.12890625, 8526.61816406, 8444.48730469, 9108.58984375, 6395.07128906, 10908.5693359, 6040.69677734, 9719.60449219, 3974.83544922, 1702.39050293, 442.932861328, 144.18812561, 581.996459961, 184.958847046, 101.190795898, 71.7239074707, 41.0806922913, 35.0332984924, 54.0246238708, 113.780578613, 74.7849731445, 9.57518577576, 0.812148690224, 0.0921864211559, 0.00546052819118, 0.000313648226438, 1.39353960549e-05, 1.54380174422e-07], "var": [0.317350745201, 5.68541288376, 9.89168739319, 30.8283042908, 105.625816345, 359.331848145, 551.131835938, 511.324462891, 1755.87536621, 3660.54980469, 3872.95605469, 4076.64160156, 3915.43066406, 16115.7724609, 13884.4570312, 13247.4111328, 8737.9921875, 14427.9248047, 8293.04394531, 12010.2861328, 7824.81933594, 1804.19799805, 408.284759521, 148.637512207, 559.622619629, 171.951080322, 71.5768966675, 68.3193588257, 32.4152374268, 28.5193004608, 71.3735046387, 148.464767456, 89.4266052246, 11.6338243484, 0.960568964481, 0.0664523690939, 0.00387627840973, 0.000293586752377, 7.08112702341e-06, 4.88765259377e-08], "dmean2": [0.198160022497, 1.11183297634, 1.93905258179, 2.93668198586, 5.41732597351, 7.22364330292, 8.62021350861, 11.2772893906, 18.8920383453, 20.6652927399, 22.7648086548, 21.1100654602, 21.8725509644, 28.3683776855, 31.9562606812, 30.90974617, 29.5536956787, 34.7886352539, 25.4988498688, 24.9697227478, 16.2588844299, 13.7028484344, 8.42262649536, 4.67277002335, 9.54453849792, 5.1554107666, 2.81122422218, 2.04451990128, 1.55803096294, 1.36322402954, 1.42808020115, 1.79324793816, 1.37669324875, 0.539187073708, 0.217524066567, 0.0855740755796, 0.0227231476456, 0.00499840965495, 0.0010198977543, 9.78871175903e-05], "max": [7.05312299728, 30.2914505005, 63.8221359253, 107.184967041, 167.779922485, 549.113098145, 504.021453857, 339.211914062, 627.867492676, 1142.19750977, 1115.71704102, 1639.52880859, 1291.67663574, 1903.94775391, 1946.92138672, 2561.28393555, 1160.83398438, 2066.37353516, 1572.8692627, 2352.14819336, 1760.58251953, 899.793029785, 337.44317627, 290.455993652, 427.869384766, 243.372314453, 188.393554688, 233.16947937, 172.620925903, 163.173583984, 284.66619873, 417.207366943, 358.180969238, 92.6680145264, 28.7275753021, 7.85366487503, 1.20041739941, 0.447506278753, 0.0914761945605, 0.00692819384858], "dmean": [0.135995149612, 0.721334397793, 1.12136232853, 1.82939565182, 3.37303829193, 4.54796981812, 5.62624263763, 7.24809408188, 12.0844936371, 13.8026628494, 14.8738594055, 13.8815326691, 14.523235321, 19.3502044678, 21.8190002441, 20.4969367981, 19.6310367584, 23.1102428436, 17.3810520172, 17.1175708771, 11.2980155945, 8.93014526367, 5.37979745865, 3.00446820259, 6.09345769882, 3.32018303871, 1.79337441921, 1.38464272022, 1.03776335716, 0.90417778492, 0.977618098259, 1.22098255157, 0.94446015358, 0.37380105257, 0.149145826697, 0.0582939945161, 0.0151762189344, 0.00338261690922, 0.000651776441373, 6.08928894508e-05]}, "dissonance": {"dvar": 0.000481744529679, "mean": 0.445877879858, "min": 0.2142111063, "median": 0.45509698987, "dvar2": 0.00131702423096, "var": 0.00149937917013, "dmean2": 0.0370959863067, "max": 0.500000059605, "dmean": 0.02228618972}, "erbbands_flatness_db": {"dvar": 0.000374780327547, "mean": 0.178840219975, "min": 0.0243440698832, "median": 0.181926965714, "dvar2": 0.000647898647003, "var": 0.00253603723831, "dmean2": 0.0235914271325, "max": 0.338667839766, "dmean": 0.0175219606608}, "melbands_kurtosis": {"dvar": 152.157333374, "mean": 14.7021226883, "min": -1.81423604488, "median": 8.23335266113, "dvar2": 318.627624512, "var": 459.189910889, "dmean2": 9.15554618835, "max": 292.245239258, "dmean": 6.14930343628}, "melbands_spread": {"dvar": 48.586643219, "mean": 18.2160243988, "min": 0.249101787806, "median": 13.253238678, "dvar2": 100.072166443, "var": 348.673065186, "dmean2": 6.2551856041, "max": 178.613601685, "dmean": 4.19496679306}, "melbands_skewness": {"dvar": 0.522112429142, "mean": 2.57737851143, "min": -1.32090222836, "median": 2.36300587654, "dvar2": 1.00579607487, "var": 3.04764103889, "dmean2": 0.8638484478, "max": 13.5728406906, "dmean": 0.595504105091}, "spectral_entropy": {"dvar": 0.0352225489914, "mean": 7.15589618683, "min": 4.68807172775, "median": 7.19791650772, "dvar2": 0.0630297884345, "var": 0.405687123537, "dmean2": 0.215718239546, "max": 9.82145118713, "dmean": 0.154670014977}, "zerocrossingrate": {"dvar": 0.00012588352547, "mean": 0.0432771220803, "min": 0, "median": 0.03466796875, "dvar2": 0.00015516084386, "var": 0.00297431764193, "dmean2": 0.0083224195987, "max": 0.537109375, "dmean": 0.00706726964563}, "average_loudness": 0.867418289185, "spectral_contrast_coeffs": {"dvar": [0.00129689415917, 0.0013508683769, 0.000986223691143, 0.000714207941201, 0.000396029907279, 0.000253864651313], "mean": [-0.663205206394, -0.695050299168, -0.734319329262, -0.752863645554, -0.775204122066, -0.791479885578], "min": [-0.981284022331, -0.980384647846, -0.978150725365, -0.970244824886, -0.966260313988, -0.964726984501], "median": [-0.670482099056, -0.696432650089, -0.738016247749, -0.759553134441, -0.775129497051, -0.79154676199], "dvar2": [0.00340564968064, 0.00342965056188, 0.00228620413691, 0.0015720463125, 0.000892078271136, 0.000578405626584], "var": [0.00746963778511, 0.0060750269331, 0.00559294503182, 0.00458631245419, 0.00261337310076, 0.00192644831259], "dmean2": [0.0655776560307, 0.0679438859224, 0.0571171827614, 0.0476677529514, 0.0351464226842, 0.0248201787472], "max": [-0.233997136354, -0.408951342106, -0.502221167088, -0.473435103893, -0.58005297184, -0.612101197243], "dmean": [0.0406226329505, 0.0420954041183, 0.0368531793356, 0.0305228196084, 0.0223629046232, 0.0157537255436]}, "barkbands_flatness_db": {"dvar": 0.000466892699478, "mean": 0.183435112238, "min": 0.0315327383578, "median": 0.167398989201, "dvar2": 0.000878998311237, "var": 0.00606615375727, "dmean2": 0.0257463604212, "max": 0.564772367477, "dmean": 0.0185138192028}, "silence_rate_30dB": {"dvar": 0.0155252097175, "mean": 0.987682759762, "min": 0, "median": 1, "dvar2": 0.0381813980639, "var": 0.012166114524, "dmean2": 0.0315518938005, "max": 1, "dmean": 0.0157745480537}, "spectral_energyband_high": {"dvar": 6.30661645573e-07, "mean": 0.000367214612197, "min": 7.05619312955e-21, "median": 7.93704894022e-05, "dvar2": 1.16017952223e-06, "var": 1.85389399121e-06, "dmean2": 0.000272060307907, "max": 0.0322192162275, "dmean": 0.00019467950915}, "melbands_flatness_db": {"dvar": 0.000683160440531, "mean": 0.266675144434, "min": 0.00358482892625, "median": 0.24622964859, "dvar2": 0.00125940865837, "var": 0.0105961747468, "dmean2": 0.0299500860274, "max": 0.729371190071, "dmean": 0.0215589087456}, "barkbands": {"dvar": [4.40403283619e-07, 0.000131021166453, 8.8149236035e-06, 3.37459709954e-06, 6.82261179463e-06, 2.62414187091e-06, 4.9944451348e-06, 3.49030983671e-06, 4.65047787657e-06, 2.26420820582e-06, 3.20210915561e-06, 2.13083490053e-06, 1.42120563851e-06, 2.07277003028e-06, 1.72409284005e-06, 1.5851895796e-06, 2.9542073321e-07, 6.05447141311e-08, 6.21642115561e-08, 5.24450598505e-08, 2.31758807701e-08, 1.55623869347e-08, 2.60148773634e-08, 1.30179330426e-07, 1.77541963353e-08, 1.12058751167e-09, 2.65052563231e-10], "mean": [0.000246615498327, 0.00821840390563, 0.00180565204937, 0.00147626164835, 0.00292893336155, 0.00180617463775, 0.00150987319648, 0.00131528195925, 0.0010009201942, 0.00101335172076, 0.00110629410483, 0.000954459537752, 0.000763193122111, 0.000856136786751, 0.000576098449528, 0.000570810225327, 0.000295608100714, 0.000164409357239, 0.000176733417902, 0.000142400866025, 6.5322376031e-05, 5.07732438564e-05, 5.50729637325e-05, 9.50121175265e-05, 3.9912887587e-05, 1.20430086099e-05, 4.22628454544e-06], "min": [1.79216501936e-25, 2.3575269869e-24, 9.10485113005e-25, 7.01031005578e-25, 6.25573876474e-24, 6.40821453367e-24, 8.84771324053e-24, 6.37639385691e-24, 1.71555663651e-23, 1.16239056703e-23, 7.83897234633e-24, 1.71652914424e-23, 2.2240910859e-23, 2.2583768741e-23, 3.20143642047e-23, 5.86637548127e-23, 8.30092077273e-23, 8.851897201e-23, 1.32464071701e-22, 1.3495210113e-22, 2.35996486687e-22, 2.85697752941e-22, 3.99468913523e-22, 5.70820306376e-22, 8.23474405181e-22, 1.19708786611e-21, 1.90290294784e-21], "median": [9.66428251559e-06, 0.0057375067845, 0.000870959367603, 0.000682777026668, 0.00157475564629, 0.000966773368418, 0.000568884366658, 0.000391036621295, 0.000251160789048, 0.000208496086998, 0.000170295170392, 0.000188644204172, 9.73895730567e-05, 0.000106750907435, 5.68963914702e-05, 6.96166971466e-05, 6.59978613839e-05, 4.99305206176e-05, 5.80880114285e-05, 3.63985418517e-05, 1.49342859004e-05, 1.03156935438e-05, 8.31276338431e-06, 9.41646976571e-06, 4.46432477474e-06, 1.14918259442e-06, 2.17755314225e-07], "dvar2": [8.42413726332e-07, 0.000257101637544, 2.52049831033e-05, 8.39120821183e-06, 1.81163413799e-05, 6.37832317807e-06, 1.11589652079e-05, 8.08138793218e-06, 1.16617002277e-05, 4.95085441798e-06, 6.53234337733e-06, 4.87119541503e-06, 3.13372447636e-06, 4.5449269237e-06, 3.56885357178e-06, 2.93044718092e-06, 6.74746615914e-07, 1.41034149692e-07, 1.4601671694e-07, 1.19261514442e-07, 5.22363627908e-08, 3.55230440618e-08, 5.3192010796e-08, 2.50958009929e-07, 3.39470744848e-08, 2.52760234964e-09, 6.42881747837e-10], "var": [5.70271822653e-07, 0.000173610373167, 8.35586342873e-06, 6.56132078802e-06, 1.94261774595e-05, 7.03301247995e-06, 9.63553702604e-06, 8.42750523589e-06, 6.96044662618e-06, 6.06360663369e-06, 1.04177961475e-05, 6.83772213961e-06, 3.92617948819e-06, 5.32165677214e-06, 4.04996717407e-06, 5.5040704865e-06, 6.43980570203e-07, 1.19369289564e-07, 1.43771032413e-07, 9.81973897751e-08, 4.46654624398e-08, 2.69798139385e-08, 6.57192984477e-08, 3.45264737689e-07, 4.29435971228e-08, 1.71453140574e-09, 2.9773242205e-10], "dmean2": [0.000244955794187, 0.00529184984043, 0.00168273702729, 0.00124184368178, 0.00200671865605, 0.00129352870863, 0.0013031110866, 0.00113058427814, 0.00094837177312, 0.000840101216454, 0.000867970054969, 0.00075715809362, 0.000633648131043, 0.000737633090466, 0.000522219459526, 0.000430877931649, 0.000264391564997, 0.000145425088704, 0.000151174666826, 0.000126093320432, 5.9231864725e-05, 4.37751841673e-05, 4.72491810797e-05, 8.4037630586e-05, 3.7421759771e-05, 1.47356822708e-05, 6.66996220389e-06], "max": [0.0101654445753, 0.16136983037, 0.0598598346114, 0.0624841228127, 0.0948747619987, 0.0387911833823, 0.0501181893051, 0.0483199208975, 0.0711104869843, 0.0293609835207, 0.0626078471541, 0.0516438111663, 0.0296579264104, 0.0374229960144, 0.0375554263592, 0.0435804612935, 0.0170538891107, 0.00633040023968, 0.00798254925758, 0.00577773572877, 0.00552184926346, 0.00498321419582, 0.00750211812556, 0.0172360241413, 0.0054353075102, 0.00104929564986, 0.000563645036891], "dmean": [0.000171341947862, 0.00358471809886, 0.000977736199275, 0.000781197624747, 0.00126043520868, 0.000834388483781, 0.000851094257087, 0.00073593808338, 0.000621774001047, 0.000558935396839, 0.000592460623011, 0.000505754491314, 0.000417968258262, 0.000483530282509, 0.000353838171577, 0.000298552418826, 0.000171096398844, 9.23290281207e-05, 9.49545501499e-05, 8.13008009573e-05, 3.88074586226e-05, 2.89917752525e-05, 3.20682593156e-05, 5.78090839554e-05, 2.61672703346e-05, 9.93317189568e-06, 4.23355550083e-06]}, "erbbands_spread": {"dvar": 72.470916748, "mean": 30.8653850555, "min": 3.1804625988, "median": 27.6406803131, "dvar2": 142.654724121, "var": 327.133544922, "dmean2": 9.39505290985, "max": 147.536941528, "dmean": 6.37462520599}, "barkbands_kurtosis": {"dvar": 43.0957946777, "mean": 7.0621471405, "min": -1.92779350281, "median": 3.12995815277, "dvar2": 92.5679168701, "var": 199.684783936, "dmean2": 4.50452613831, "max": 313.561920166, "dmean": 3.04746413231}, "spectral_flux": {"dvar": 0.000978491851129, "mean": 0.0676663294435, "min": 6.30590371586e-11, "median": 0.0546260774136, "dvar2": 0.00230570393614, "var": 0.00287379208021, "dmean2": 0.035643287003, "max": 0.359285831451, "dmean": 0.0224965400994}, "silence_rate_20dB": {"dvar": 0, "mean": 1, "min": 1, "median": 1, "dvar2": 0, "var": 0, "dmean2": 0, "max": 1, "dmean": 0}, "gfcc": {"cov": [[24464.6894531, -622.676818848, -2931.95239258, 239.250595093, -1271.17480469, 848.807312012, -992.792175293, 258.692382812, -465.624298096, 10.9996957779, -337.863494873, -157.639694214, -207.000793457], [-622.676818848, 1934.28869629, -179.626373291, -68.0583190918, 322.060302734, -342.234588623, 282.485748291, -45.4868507385, 78.53956604, -88.6844558716, 182.275405884, -22.8182582855, 26.9502754211], [-2931.95239258, -179.626373291, 1319.51049805, 148.264587402, 152.218811035, -5.23960399628, 69.1050643921, 33.5839347839, 37.8472480774, 42.1859855652, 13.9640617371, 56.9012985229, 14.102563858], [239.250595093, -68.0583190918, 148.264587402, 319.39630127, 4.96895265579, 5.83796834946, -28.3541107178, 9.07179832458, 10.1234197617, 13.2926187515, -4.56812477112, -5.2084479332, 32.6514930725], [-1271.17480469, 322.060302734, 152.218811035, 4.96895265579, 364.56262207, -67.8966598511, 83.1264648438, 9.39246273041, 49.0882492065, -12.7360630035, 29.4411621094, -14.5003004074, 17.016960144], [848.807312012, -342.234588623, -5.23960399628, 5.83796834946, -67.8966598511, 335.333557129, 9.5916891098, 39.7172698975, -10.7451601028, 13.1141614914, -28.3128128052, 10.4180383682, -3.95472979546], [-992.792175293, 282.485748291, 69.1050643921, -28.3541107178, 83.1264648438, 9.5916891098, 327.289978027, 35.8865432739, 30.4632911682, 25.6197414398, 55.5948295593, 28.6454277039, -1.85095775127], [258.692382812, -45.4868507385, 33.5839347839, 9.07179832458, 9.39246273041, 39.7172698975, 35.8865432739, 127.826919556, 32.9812316895, 22.4993801117, 10.3347969055, -6.56761360168, -9.38190746307], [-465.624298096, 78.53956604, 37.8472480774, 10.1234197617, 49.0882492065, -10.7451601028, 30.4632911682, 32.9812316895, 132.105331421, 47.1951255798, 26.4070262909, 3.82670497894, 9.25744342804], [10.9996957779, -88.6844558716, 42.1859855652, 13.2926187515, -12.7360630035, 13.1141614914, 25.6197414398, 22.4993801117, 47.1951255798, 119.054580688, 32.3502388, 19.1738510132, -9.05905818939], [-337.863494873, 182.275405884, 13.9640617371, -4.56812477112, 29.4411621094, -28.3128128052, 55.5948295593, 10.3347969055, 26.4070262909, 32.3502388, 118.796012878, 26.503408432, -4.38011217117], [-157.639694214, -22.8182582855, 56.9012985229, -5.2084479332, -14.5003004074, 10.4180383682, 28.6454277039, -6.56761360168, 3.82670497894, 19.1738510132, 26.503408432, 97.8622055054, 32.3625335693], [-207.000793457, 26.9502754211, 14.102563858, 32.6514930725, 17.016960144, -3.95472979546, -1.85095775127, -9.38190746307, 9.25744342804, -9.05905818939, -4.38011217117, 32.3625335693, 80.1427841187]], "mean": [-52.5800056458, 126.896430969, -104.881111145, 24.530298233, -42.679977417, 9.14377880096, -28.2846832275, 7.31472301483, -19.2549781799, 1.59500801563, -3.34228134155, -2.18229460716, -6.78441047668], "icov": [[0.000137998780701, -0.00022178744257, 0.000263947935309, -0.000250228040386, 0.000257440609857, -0.000384511891752, 0.000473533582408, -0.000517471286003, 0.000497241038829, -0.000419847667217, 0.00044031185098, -0.000277323066257, 0.000394397065975], [-0.00022178744257, 0.00145962729584, -0.000215164996916, 0.000443889643066, -0.000894288008567, 0.00142496696208, -0.00155057816301, 0.00121381832287, -0.00131747999694, 0.0018507320201, -0.00211042980663, 0.000969323387835, -0.000985576072708], [0.000263947935309, -0.000215164996916, 0.00144185684621, -0.000924286723603, -2.2934143999e-05, -0.000567381910514, 0.000690885877702, -0.00107437372208, 0.000851352815516, -0.000768461322878, 0.000844775466248, -0.00120195630006, 0.00109033996705], [-0.000250228040386, 0.000443889643066, -0.000924286723603, 0.00407828530297, -0.000305681984173, 0.000655953714158, -0.000543176138308, 0.000730985717382, -0.000803375092801, 0.000219217690756, -0.00107686861884, 0.00174384517595, -0.00276965741068], [0.000257440609857, -0.000894288008567, -2.2934143999e-05, -0.000305681984173, 0.00423644948751, -0.000532943231519, 0.000430926214904, -0.00105706311297, -1.88398225873e-05, -0.000341529288562, 0.00076186779188, 0.000614164688159, -0.000188177218661], [-0.000384511891752, 0.00142496696208, -0.000567381910514, 0.000655953714158, -0.000532943231519, 0.00502777565271, -0.00214505987242, 0.000578517501708, -0.00141890533268, 0.00167327653617, -0.00122055946849, 0.000589147384744, -0.00121187255718], [0.000473533582408, -0.00155057816301, 0.000690885877702, -0.000543176138308, 0.000430926214904, -0.00214505987242, 0.00589514523745, -0.00283347256482, 0.0020051416941, -0.0024