{"tonal": {"hpcp": {"dvar": [0.0452342405915, 0.045391574502, 0.0481171794236, 0.0504791028798, 0.0483289584517, 0.0437013842165, 0.040878996253, 0.0413008667529, 0.0401468127966, 0.0365437492728, 0.0384169854224, 0.0427608042955, 0.0557807870209, 0.0410535447299, 0.0437469407916, 0.04782172665, 0.0416311658919, 0.0435536615551, 0.0445515401661, 0.0435829982162, 0.0441026054323, 0.0446087904274, 0.0454296208918, 0.0492145605385, 0.0508686117828, 0.0441955886781, 0.0433846004307, 0.0577899068594, 0.0467330776155, 0.0583288371563, 0.0552221387625, 0.0439659804106, 0.0430633239448, 0.04047286883, 0.0402014702559, 0.0439254008234], "var": [0.0493473596871, 0.0406333394349, 0.0451722592115, 0.0450106412172, 0.0382891744375, 0.0496274009347, 0.0831214860082, 0.0526239946485, 0.0370453856885, 0.0414605401456, 0.0408518463373, 0.0579717457294, 0.105294927955, 0.0572564378381, 0.0428581535816, 0.0519558824599, 0.0366551801562, 0.0350492037833, 0.035599630326, 0.0409038364887, 0.0564347617328, 0.065597936511, 0.0630732700229, 0.0499092191458, 0.0591202378273, 0.0569652803242, 0.0730364695191, 0.132976561785, 0.0621826946735, 0.0572981238365, 0.0558362901211, 0.0397012382746, 0.0449367687106, 0.0350859388709, 0.0344780646265, 0.0495287962258], "median": [0.0395768731833, 0.0257930010557, 0.030880516395, 0.0305063165724, 0.0248674787581, 0.0671895220876, 0.110853582621, 0.0836020931602, 0.0283623822033, 0.0224534161389, 0.0280640758574, 0.0919879898429, 0.12216258049, 0.0917734727263, 0.0252743661404, 0.020023746416, 0.022678475827, 0.0268715266138, 0.0284050181508, 0.0395204201341, 0.0599953010678, 0.0660544037819, 0.0479670912027, 0.0464506819844, 0.0362950339913, 0.0443665906787, 0.140745565295, 0.183295041323, 0.142679288983, 0.0350088998675, 0.0267281085253, 0.0238985102624, 0.0280263498425, 0.0298013836145, 0.038614243269, 0.0477175414562], "max": [1, 1, 1, 1, 1, 1, 1, 1, 1, 1, 1, 1, 1, 1, 1, 1, 1, 1, 1, 1, 1, 1, 1, 1, 1, 1, 1, 1, 1, 1, 1, 1, 1, 1, 1, 1], "dmean": [0.134731411934, 0.124881848693, 0.128817111254, 0.129550844431, 0.12681466341, 0.137329414487, 0.148276105523, 0.144641697407, 0.122589230537, 0.10977114737, 0.118717446923, 0.152191251516, 0.181328624487, 0.148997053504, 0.126014962792, 0.124662287533, 0.115499161184, 0.1161628142, 0.121574148536, 0.127694576979, 0.141194283962, 0.145007610321, 0.145526319742, 0.149760529399, 0.147103622556, 0.138524591923, 0.165588602424, 0.183986485004, 0.175893738866, 0.154050007463, 0.137188002467, 0.121323354542, 0.120250508189, 0.115754067898, 0.11733455956, 0.135078847408], "dmean2": [0.242359355092, 0.226970076561, 0.231580615044, 0.232698231936, 0.230887115002, 0.244902253151, 0.254001408815, 0.253420591354, 0.220016881824, 0.193938478827, 0.211900919676, 0.265896499157, 0.307567417622, 0.256870269775, 0.22405089438, 0.224346294999, 0.208172425628, 0.210316777229, 0.222826629877, 0.230201110244, 0.249045878649, 0.253328174353, 0.255803108215, 0.26587715745, 0.260214596987, 0.244658976793, 0.284850955009, 0.312430113554, 0.305123567581, 0.27927428484, 0.250296264887, 0.219447314739, 0.216986760497, 0.20841409266, 0.210902228951, 0.240216463804], "mean": [0.138453304768, 0.110823877156, 0.119984149933, 0.115638121963, 0.0988906025887, 0.160352230072, 0.231698811054, 0.180496141315, 0.11034091562, 0.105176962912, 0.11369562149, 0.194375038147, 0.277498036623, 0.196160286665, 0.117043405771, 0.117030650377, 0.100464567542, 0.0979117378592, 0.101547069848, 0.123540922999, 0.165087804198, 0.183260634542, 0.165145769715, 0.146589130163, 0.151417851448, 0.14708147943, 0.251989841461, 0.345662981272, 0.232041656971, 0.143316328526, 0.126488596201, 0.107754535973, 0.115021839738, 0.105745472014, 0.112153381109, 0.148047238588], "dvar2": [0.124628186226, 0.127081796527, 0.133601218462, 0.138390257955, 0.135251030326, 0.120258398354, 0.104074016213, 0.110875859857, 0.108345635235, 0.0966380015016, 0.101951040328, 0.113929890096, 0.129882410169, 0.106216408312, 0.112824261189, 0.121803767979, 0.113232888281, 0.120081372559, 0.124998010695, 0.121795460582, 0.118607565761, 0.118347235024, 0.12041927129, 0.132361888885, 0.134161144495, 0.114282473922, 0.113597124815, 0.132460594177, 0.123986572027, 0.164735525846, 0.154291823506, 0.12420976907, 0.1177502051, 0.112925000489, 0.112974718213, 0.120150342584], "min": [0, 0, 0, 0, 0, 0, 0, 0, 0, 0, 0, 0, 0, 0, 0, 0, 0, 0, 0, 0, 0, 0, 0, 0, 0, 0, 0, 0, 0, 0, 0, 0, 0, 0, 0, 0]}, "key_key": "B", "thpcp": [1, 0.671294510365, 0.41461288929, 0.365930408239, 0.311732947826, 0.332757174969, 0.3059207201, 0.324458748102, 0.428299367428, 0.400544196367, 0.320612519979, 0.347113102674, 0.334540069103, 0.286089658737, 0.463897615671, 0.670302629471, 0.522173762321, 0.319215297699, 0.304276049137, 0.328920453787, 0.562325298786, 0.802799403667, 0.567489981651, 0.338605552912, 0.338568657637, 0.290643125772, 0.283257812262, 0.293774783611, 0.357402801514, 0.477597594261, 0.530171394348, 0.477765262127, 0.424081087112, 0.438050538301, 0.425505429506, 0.729004442692], "chords_key": "F#", "tuning_equal_tempered_deviation": 0.119332492352, "tuning_frequency": 440, "tuning_diatonic_strength": 0.524196147919, "chords_histogram": [4.43974637985, 0.211416497827, 28.9640598297, 8.10429859161, 0.563777327538, 1.05708241463, 0.105708248913, 8.5271320343, 1.55038762093, 15.0458068848, 4.08738565445, 3.66455245018, 2.43128967285, 0.916138112545, 1.30373501778, 0, 2.008456707, 0.599013388157, 0.810429871082, 0.317124724388, 4.65116262436, 4.40451002121, 2.64270615578, 3.59408044815], "key_strength": 0.712070465088, "key_scale": "minor", "chords_strength": {"dvar": 0.000729893450625, "var": 0.0634292289615, "median": 0.429278433323, "max": 0.681940972805, "dmean": 0.00977687351406, "dmean2": 0.0117779057473, "mean": 0.395025074482, "dvar2": 0.00142464973032, "min": -1}, "chords_number_rate": 0.00563777284697, "tuning_nontempered_energy_ratio": 0.749378740788, "hpcp_entropy": {"dvar": 0.316017180681, "var": 0.685505449772, "median": 2.05825638771, "max": 4.23925971985, "dmean": 0.605876326561, "dmean2": 1.01788926125, "mean": 2.00171113014, "dvar2": 0.798196136951, "min": 0}, "chords_changes_rate": 0.0905567333102, "chords_scale": "minor"}, "rhythm": {"bpm_histogram_first_peak_spread": {"dvar": 0, "var": 0, "median": 0.510040163994, "max": 0.510040163994, "dmean": 0, "dmean2": 0, "mean": 0.510040163994, "dvar2": 0, "min": 0.510040163994}, "bpm_histogram_first_peak_weight": {"dvar": 0, "var": 0, "median": 0.471042484045, "max": 0.471042484045, "dmean": 0, "dmean2": 0, "mean": 0.471042484045, "dvar2": 0, "min": 0.471042484045}, "bpm_histogram_first_peak_bpm": {"dvar": 0, "var": 0, "median": 120, "max": 120, "dmean": 0, "dmean2": 0, "mean": 120, "dvar2": 0, "min": 120}, "bpm": 119.06174469, "bpm_histogram_second_peak_weight": {"dvar": 0, "var": 0, "median": 0.0193050187081, "max": 0.0193050187081, "dmean": 0, "dmean2": 0, "mean": 0.0193050187081, "dvar2": 0, "min": 0.0193050187081}, "beats_loudness": {"dvar": 0.000602299638558, "var": 0.000838253239635, "median": 0.0504915937781, "max": 0.168706282973, "dmean": 0.0277967080474, "dmean2": 0.0487699136138, "mean": 0.0533898100257, "dvar2": 0.00183562899474, "min": 0}, "beats_loudness_band_ratio": {"dvar": [0.0192422028631, 0.00845096632838, 0.0152655504644, 0.00323446071707, 0.00087898701895, 0.000193029205548], "var": [0.0481451451778, 0.011756805703, 0.0229536872357, 0.00317420740612, 0.000678858777974, 0.00024500823929], "median": [0.691723704338, 0.117574796081, 0.074190787971, 0.0207727886736, 0.0147603573278, 0.0168702341616], "max": [0.948860406876, 0.651615083218, 0.99013954401, 0.362569093704, 0.190122157335, 0.0820266231894], "dmean": [0.161158919334, 0.110857091844, 0.0940117612481, 0.0389888845384, 0.0212529636919, 0.0204597841948], "dmean2": [0.286433160305, 0.199598774314, 0.170460939407, 0.0685296803713, 0.0397988259792, 0.0402352400124], "mean": [0.647309184074, 0.14195625484, 0.122855044901, 0.041037119925, 0.0212993659079, 0.0208669602871], "dvar2": [0.0520066916943, 0.0234084576368, 0.0424593314528, 0.00903505831957, 0.00267883646302, 0.000608687405474], "min": [0, 0, 0, 0, 0, 0]}, "bpm_histogram_second_peak_bpm": {"dvar": 0, "var": 0, "median": 126, "max": 126, "dmean": 0, "dmean2": 0, "mean": 126, "dvar2": 0, "min": 126}, "onset_rate": 6.64895582199, "beats_count": 260, "beats_position": [0.545668900013, 1.11455774307, 1.67183673382, 2.22911548615, 2.73995471001, 3.25079369545, 3.75002264977, 4.2492518425, 4.76009082794, 5.27092981339, 5.7701587677, 6.26938772202, 6.76861667633, 7.27945566177, 7.77868461609, 8.28952407837, 8.78875255585, 9.287981987, 9.79882049561, 10.3096599579, 10.8088884354, 11.3081178665, 11.8189563751, 12.3297958374, 12.8290243149, 13.328253746, 13.8390922546, 14.3499317169, 14.8491611481, 15.3483896255, 15.8476190567, 16.3468475342, 16.8576869965, 17.3569164276, 17.8561439514, 18.3669834137, 18.877822876, 19.3770523071, 19.8762817383, 20.3871192932, 20.8979587555, 21.3971881866, 21.9080276489, 22.4072551727, 22.9064846039, 23.405714035, 23.9165534973, 24.4157810211, 24.9150104523, 25.4142398834, 25.9134693146, 26.4243087769, 26.9351463318, 27.4459857941, 27.9568252563, 28.4560546875, 28.9552822113, 29.4661216736, 29.9653511047, 30.4645805359, 30.9754180908, 31.4862575531, 31.9854869843, 32.4847145081, 32.9955558777, 33.5063934326, 33.99401474, 34.5048522949, 35.0156898499, 35.514919281, 36.0141487122, 36.5249862671, 37.0242156982, 37.5350570679, 38.034286499, 38.545124054, 39.0559616089, 39.55519104, 40.0544204712, 40.5652618408, 41.0644874573, 41.5637168884, 42.0629463196, 42.5621757507, 43.0730133057, 43.5838546753, 44.0946922302, 44.5823135376, 45.0931510925, 45.5923805237, 46.0916099548, 46.6024475098, 47.1132888794, 47.6125144958, 48.111743927, 48.6225852966, 49.1334228516, 49.6326522827, 50.1318817139, 50.6427192688, 51.1535606384, 51.6527900696, 52.152015686, 52.6628570557, 53.1736946106, 53.6845359802, 54.1721534729, 54.6829910278, 55.182220459, 55.6814498901, 56.1922874451, 56.7031288147, 57.2023582458, 57.701587677, 58.2124252319, 58.7232627869, 59.222492218, 59.7217216492, 60.2209510803, 60.7201805115, 61.2310180664, 61.741859436, 62.2410888672, 62.7403144836, 63.2395439148, 63.7387733459, 64.2496109009, 64.7604522705, 65.2712936401, 65.7705230713, 66.2697525024, 66.7689819336, 67.2682037354, 67.779045105, 68.2782745361, 68.7891159058, 69.2883453369, 69.7875747681, 70.2868041992, 70.7976379395, 71.3084793091, 71.8193206787, 72.3185501099, 72.817779541, 73.3286132812, 73.8394546509, 74.338684082, 74.8379135132, 75.3487548828, 75.859588623, 76.3472061157, 76.8580474854, 77.368888855, 77.8797302246, 78.3789520264, 78.8781814575, 79.3890228271, 79.8998641968, 80.3990936279, 80.8983230591, 81.3859405518, 81.8967819214, 82.4076156616, 82.9184570312, 83.4060745239, 83.9169158936, 84.4277572632, 84.9269790649, 85.4262084961, 85.9370498657, 86.4246673584, 86.9238967896, 87.4231262207, 87.9339675903, 88.4331970215, 88.9324264526, 89.4316558838, 89.9308853149, 90.4417190552, 90.9525604248, 91.451789856, 91.9510192871, 92.4618606567, 92.972694397, 93.4835357666, 93.9943771362, 94.4936065674, 94.9928359985, 95.5036697388, 96.0028991699, 96.5137405396, 97.0129699707, 97.5121994019, 98.011428833, 98.5222625732, 99.0214920044, 99.5207214355, 100.019950867, 100.530792236, 101.030021667, 101.540863037, 102.051696777, 102.562538147, 103.073379517, 103.584213257, 104.071838379, 104.582672119, 105.093513489, 105.59274292, 106.091972351, 106.602806091, 107.113647461, 107.612876892, 108.112106323, 108.622947693, 109.133781433, 109.633010864, 110.132240295, 110.643081665, 111.153923035, 111.653152466, 112.152381897, 112.663215637, 113.174057007, 113.673286438, 114.172515869, 114.6717453, 115.170974731, 115.681808472, 116.192649841, 116.691879272, 117.202720642, 117.701950073, 118.212783813, 118.712013245, 119.211242676, 119.722084045, 120.232925415, 120.732154846, 121.231384277, 121.742218018, 122.253059387, 122.752288818, 123.25151825, 123.762359619, 124.261581421, 124.760810852, 125.271652222, 125.759269714, 126.270111084, 126.757728577, 127.210517883, 127.779411316, 128.25541687, 128.743041992, 129.219039917, 129.695053101, 130.171066284, 130.658676147, 131.134689331], "danceability": 1.2507392168, "bpm_histogram_second_peak_spread": {"dvar": 0, "var": 0, "median": 0, "max": 0, "dmean": 0, "dmean2": 0, "mean": 0, "dvar2": 0, "min": 0}}, "lowlevel": {"spectral_flux": {"dvar": 0.00227295490913, "var": 0.00532510550693, "median": 0.0493691973388, "max": 0.404827326536, "dmean": 0.0325942374766, "dmean2": 0.0469284243882, "mean": 0.0747059211135, "dvar2": 0.00400392757729, "min": 6.36004651722e-11}, "spectral_rolloff": {"dvar": 1468707.875, "var": 11821099, "median": 689.0625, "max": 19767.4804688, "dmean": 468.971588135, "dmean2": 809.43371582, "mean": 1669.19775391, "dvar2": 3654177.75, "min": 21.533203125}, "barkbands_flatness_db": {"dvar": 0.00156873173546, "var": 0.00604393240064, "median": 0.153613984585, "max": 0.657769441605, "dmean": 0.0454696118832, "dmean2": 0.0630281493068, "mean": 0.166123762727, "dvar2": 0.0034849960357, "min": 0.0253218114376}, "spectral_centroid": {"dvar": 137897.46875, "var": 3692802.75, "median": 826.979614258, "max": 11741.6259766, "dmean": 246.107131958, "dmean2": 384.433319092, "mean": 1318.62402344, "dvar2": 298809.53125, "min": 143.943664551}, "melbands_skewness": {"dvar": 4.50940990448, "var": 13.3503980637, "median": 1.91194462776, "max": 126.7265625, "dmean": 1.0057451725, "dmean2": 1.46441102028, "mean": 2.30520057678, "dvar2": 9.3674955368, "min": -4.09996318817}, "melbands": {"dvar": [8.50652941153e-06, 1.24517364384e-05, 8.76869307831e-06, 1.71826320639e-06, 6.51332868529e-07, 4.34792610804e-07, 8.17520685814e-07, 4.78392848891e-07, 3.28195085331e-07, 1.76445922762e-07, 8.45634531288e-08, 4.96517920112e-08, 2.90304349448e-08, 7.99736721291e-09, 5.5830291501e-09, 4.54929649507e-09, 1.84757609212e-09, 4.37684943844e-10, 8.12753586654e-10, 2.49195997171e-10, 2.15857789976e-10, 1.12945197639e-09, 1.28621435724e-09, 1.84931181479e-10, 5.65008213826e-11, 2.81431544735e-11, 2.66914823577e-11, 2.62199931905e-11, 1.93057479725e-11, 1.58898606079e-11, 1.70335377747e-11, 1.26660921335e-11, 5.53638515241e-12, 5.59124187921e-12, 5.08374592423e-12, 6.32653825161e-12, 9.53900326783e-12, 1.51591586506e-12, 2.97875439592e-13, 1.60494867721e-13], "var": [6.42802297079e-06, 1.06966945168e-05, 6.70369763611e-06, 1.48702315528e-06, 6.36432730516e-07, 6.63251114474e-07, 2.35792185777e-06, 7.75010562393e-07, 5.27416887053e-07, 2.11698079511e-07, 1.21638279893e-07, 6.62640644578e-08, 3.48421380636e-08, 9.53686907224e-09, 7.81409070783e-09, 1.87144522101e-08, 6.59500631883e-09, 1.34887279124e-09, 1.48384760035e-09, 7.29215299256e-10, 3.76797287815e-10, 1.35510380694e-09, 2.85556422952e-09, 2.96724783633e-10, 7.01834285133e-11, 3.64564801958e-11, 2.67462805376e-11, 2.4525497952e-11, 1.85767391053e-11, 1.57029510922e-11, 1.39044973452e-11, 9.15799814455e-12, 4.32519471627e-12, 4.11726815835e-12, 3.90672693848e-12, 4.63558661942e-12, 5.94728346431e-12, 1.18791077235e-12, 3.02654819609e-13, 1.3583914809e-13], "median": [6.84710394125e-05, 0.00025519929477, 0.000193909334484, 0.000123086996609, 9.25384665607e-05, 0.000167191028595, 0.000117076495371, 0.000148399689351, 0.000105333776446, 5.28133859916e-05, 3.18451566272e-05, 9.94952188194e-06, 8.62852812133e-06, 3.77777223548e-06, 2.61259970102e-06, 4.34201410826e-06, 2.43201543526e-06, 1.39273345212e-06, 2.37615222431e-06, 2.73856380772e-06, 1.68367250808e-06, 1.5462205738e-06, 1.98225257009e-06, 1.40487145472e-06, 7.51983236569e-07, 7.63262107739e-07, 4.96567736263e-07, 2.88966901962e-07, 2.90636734235e-07, 2.26059668762e-07, 1.36910614401e-07, 1.04993169714e-07, 8.27694250916e-08, 1.00530776592e-07, 1.08593411596e-07, 7.57832694376e-08, 7.32901028755e-08, 5.26681276369e-08, 4.53029187497e-08, 2.63384176691e-08], "max": [0.0224552676082, 0.0376460626721, 0.0486561208963, 0.0301856566221, 0.0190104432404, 0.0183729305863, 0.0423756167293, 0.0211459062994, 0.0198685601354, 0.0105824340135, 0.00897360686213, 0.00605327123776, 0.00615194067359, 0.00262822327204, 0.00351749220863, 0.00219779205509, 0.00173427595291, 0.000424602680141, 0.00063314352883, 0.000651869748253, 0.000301619234961, 0.000902571249753, 0.000776390137617, 0.000218658169615, 0.000152069449541, 8.53660894791e-05, 0.000167267819052, 9.5721326943e-05, 9.65668514255e-05, 6.81184683344e-05, 0.000131981287268, 0.00011012214236, 6.24410022283e-05, 6.01195024501e-05, 8.28248303151e-05, 8.80828301888e-05, 0.000100869467133, 4.59943912574e-05, 1.18884890981e-05, 1.65505061887e-05], "dmean": [0.00105254037771, 0.00144158769399, 0.00102471152786, 0.000497479457408, 0.000303484819597, 0.000269751762971, 0.000241805668338, 0.000214643339859, 0.000179093127372, 0.000117226991279, 7.65739023336e-05, 5.05456155224e-05, 3.61935053661e-05, 2.39668661379e-05, 1.72628188011e-05, 2.32597012655e-05, 1.29424606712e-05, 7.60221382734e-06, 8.70230087457e-06, 6.72380883771e-06, 5.48606521988e-06, 7.62922036301e-06, 9.15840337257e-06, 5.14362454851e-06, 2.68757116828e-06, 2.13963880924e-06, 1.71942440375e-06, 1.58255340921e-06, 1.48744061335e-06, 1.58456873578e-06, 1.29369004753e-06, 9.3102636356e-07, 7.75581042944e-07, 7.74768238898e-07, 7.79157176112e-07, 7.81105882197e-07, 7.12933854174e-07, 4.31382005672e-07, 3.01902417732e-07, 1.83496112527e-07], "dmean2": [0.00178567855619, 0.00238322932273, 0.00176829402335, 0.000830117263831, 0.000497260829434, 0.000437838752987, 0.000379936798709, 0.000347756256815, 0.000287131901132, 0.000187954181456, 0.000120096978208, 8.09469347587e-05, 5.88950824749e-05, 3.95896677219e-05, 2.79717351077e-05, 3.55969568773e-05, 1.9426785002e-05, 1.07130917968e-05, 1.26772083604e-05, 1.07029518404e-05, 8.69770974532e-06, 1.22252195069e-05, 1.2267269085e-05, 7.59438034947e-06, 4.26306269219e-06, 3.29785734721e-06, 2.71824001175e-06, 2.48497690336e-06, 2.2578599328e-06, 2.44501779889e-06, 2.01752254725e-06, 1.46702711845e-06, 1.23053450807e-06, 1.22931669466e-06, 1.20392212466e-06, 1.23689574139e-06, 1.13763496756e-06, 6.75420665175e-07, 4.70031437771e-07, 2.84718709054e-07], "mean": [0.000834098493215, 0.0014020674862, 0.000927430868614, 0.000502494163811, 0.000339520862326, 0.000377492746338, 0.000377899588784, 0.000343043910107, 0.000270143616945, 0.000166357800481, 0.000108735897811, 6.60872392473e-05, 4.51190207968e-05, 2.78748884739e-05, 2.04463103728e-05, 4.5777138439e-05, 2.05372180062e-05, 1.11009003376e-05, 1.1889182133e-05, 1.14546010082e-05, 7.71533359512e-06, 9.19154808798e-06, 1.3993567336e-05, 7.96175299911e-06, 3.60824469681e-06, 2.87701413981e-06, 2.08957362702e-06, 1.66969493876e-06, 1.44393561641e-06, 1.4390107026e-06, 1.14373210636e-06, 8.30447675071e-07, 6.61253238832e-07, 6.5527501647e-07, 6.7867853204e-07, 6.47454328373e-07, 5.8885694898e-07, 3.74619048671e-07, 2.63642021991e-07, 1.58378057336e-07], "dvar2": [2.19554694922e-05, 3.15116230922e-05, 2.27407563216e-05, 4.30991303801e-06, 1.62401738635e-06, 1.01424052446e-06, 1.53837083872e-06, 1.01172815903e-06, 7.56522183565e-07, 4.38514121015e-07, 1.8120088896e-07, 1.17501762986e-07, 6.79164671169e-08, 1.90935498523e-08, 1.28566064461e-08, 9.83365033846e-09, 3.33268967978e-09, 7.32304050732e-10, 1.53750745469e-09, 5.79621683983e-10, 5.17724307869e-10, 2.44411424433e-09, 1.75274639247e-09, 3.9851003053e-10, 1.34263627993e-10, 6.65504942821e-11, 6.71446995226e-11, 6.46046480202e-11, 4.55107757036e-11, 3.67165915727e-11, 4.34696237339e-11, 3.39580724651e-11, 1.43282052889e-11, 1.48518784077e-11, 1.33188911289e-11, 1.69227028224e-11, 2.69786692986e-11, 3.91613911438e-12, 6.85541846814e-13, 4.10209003267e-13], "min": [4.60866740326e-25, 9.88248753067e-25, 1.0233964507e-24, 1.15842439134e-24, 1.89834170359e-24, 1.1999294204e-24, 1.04660799258e-24, 8.76771564499e-25, 1.58938008994e-24, 1.05044550506e-24, 1.73081367974e-24, 2.55693386602e-24, 2.01992252403e-24, 1.9468428442e-24, 1.94700495512e-24, 2.15555552098e-24, 2.43706191552e-24, 2.06353213538e-24, 2.9126133016e-24, 3.29876742002e-24, 3.08478041922e-24, 3.01347508478e-24, 4.06387296237e-24, 3.87774083735e-24, 4.18062674293e-24, 3.23742993476e-24, 3.49681410572e-24, 3.79363248764e-24, 4.93977441329e-24, 4.46924452131e-24, 4.67591937316e-24, 3.68208716121e-24, 5.52635797178e-24, 5.86930262855e-24, 4.89950385294e-24, 5.47154436621e-24, 5.76429301472e-24, 5.41409793737e-24, 4.75820348203e-24, 6.15999392782e-24]}, "spectral_decrease": {"dvar": 4.56196923791e-17, "var": 6.01318946295e-17, "median": -2.30293939474e-09, "max": 2.74925488448e-28, "dmean": 3.29847149594e-09, "dmean2": 4.99551999766e-09, "mean": -4.8681831899e-09, "dvar2": 9.88164054913e-17, "min": -8.39395823959e-08}, "barkbands_kurtosis": {"dvar": 30077.1738281, "var": 64952.546875, "median": 3.93971538544, "max": 11992.9746094, "dmean": 10.6489772797, "dmean2": 14.9706583023, "mean": 17.3918361664, "dvar2": 63765.6054688, "min": -1.90474677086}, "silence_rate_30dB": {"dvar": 0.0307178217918, "var": 0.0238939411938, "median": 1, "max": 1, "dmean": 0.031723652035, "dmean2": 0.0634584873915, "mean": 0.975506603718, "dvar2": 0.0788224563003, "min": 0}, "gfcc": {"mean": [-111.267852783, 103.024681091, -92.7685241699, 11.8252916336, -58.935760498, -4.18413877487, -33.7289772034, 10.6746053696, -14.1905889511, -0.429789185524, -15.3605670929, -2.11275076866, -15.8102893829], "cov": [[51494.1992188, 3185.91088867, -3788.82226562, 856.900146484, -2076.99780273, 369.528411865, -1533.88195801, 209.086425781, -897.002624512, 61.5446128845, -638.009277344, 76.0886306763, -817.612609863], [3185.91088867, 2569.51098633, -1033.96508789, -279.242004395, -114.384208679, -302.021057129, -41.9877357483, 14.2684726715, 72.7181854248, -215.75567627, 84.1863098145, -197.391296387, 46.9210395813], [-3788.82226562, -1033.96508789, 1890.39941406, 180.641540527, -162.952484131, 307.139160156, 197.352279663, -105.003173828, -45.679485321, 123.805450439, -82.1743011475, 109.245681763, -1.61917829514], [856.900146484, -279.242004395, 180.641540527, 674.213806152, 100.16242218, 106.957458496, -55.4016342163, 13.0703525543, -87.7793502808, 22.5674343109, 10.1469087601, 47.1082954407, 4.2336139679], [-2076.99780273, -114.384208679, -162.952484131, 100.16242218, 582.958557129, 16.4633865356, 31.2152938843, -21.9545574188, 39.9657745361, -19.8803424835, 86.3816070557, 10.6327543259, 25.7080192566], [369.528411865, -302.021057129, 307.139160156, 106.957458496, 16.4633865356, 336.686676025, 36.6342811584, -66.0607833862, -55.0293273926, 48.2659606934, -24.862411499, 48.2439155579, -18.5350322723], [-1533.88195801, -41.9877357483, 197.352279663, -55.4016342163, 31.2152938843, 36.6342811584, 221.49822998, 46.3073348999, 24.9030609131, -6.86326313019, 25.1847896576, -3.48634505272, 41.283870697], [209.086425781, 14.2684726715, -105.003173828, 13.0703525543, -21.9545574188, -66.0607833862, 46.3073348999, 170.648422241, 58.0999145508, -2.53529834747, -0.1848295331, 4.08406257629, 5.41502857208], [-897.002624512, 72.7181854248, -45.679485321, -87.7793502808, 39.9657745361, -55.0293273926, 24.9030609131, 58.0999145508, 146.541702271, 27.6548709869, 19.5005092621, -28.0664138794, 20.8278312683], [61.5446128845, -215.75567627, 123.805450439, 22.5674343109, -19.8803424835, 48.2659606934, -6.86326313019, -2.53529834747, 27.6548709869, 122.275001526, 17.1660041809, 18.5186367035, -16.7825813293], [-638.009277344, 84.1863098145, -82.1743011475, 10.1469087601, 86.3816070557, -24.862411499, 25.1847896576, -0.1848295331, 19.5005092621, 17.1660041809, 107.48500824, 28.1264724731, 26.2297077179], [76.0886306763, -197.391296387, 109.245681763, 47.1082954407, 10.6327543259, 48.2439155579, -3.48634505272, 4.08406257629, -28.0664138794, 18.5186367035, 28.1264724731, 100.862243652, 12.4805545807], [-817.612609863, 46.9210395813, -1.61917829514, 4.2336139679, 25.7080192566, -18.5350322723, 41.283870697, 5.41502857208, 20.8278312683, -16.7825813293, 26.2297077179, 12.4805545807, 91.6287155151]], "icov": [[7.78233952587e-05, -0.000139143390697, 0.000191725892364, -0.00011918736709, 0.000195130312932, -0.000177753201569, 0.000160744864843, -0.000155361223733, 0.00030723886448, -0.000369092333131, 0.000516227737535, -0.000446436082711, 0.000396218994865], [-0.000139143390697, 0.001000332064, -9.70874680206e-05, 0.000254697981291, 9.14922929951e-05, 0.000269581156317, -0.000203299714485, 0.000483790470753, -0.000886200228706, 0.00188553950284, -0.00213799928315, 0.0019844355993, -0.000786931777839], [0.000191725892364, -9.70874680206e-05, 0.00158935668878, -0.00075377401663, 0.000952111382503, -0.000477834284538, -0.0011656297138, 0.00110835267697, -0.000143120370922, -0.00120260892436, 0.00239109946415, -0.00231542461552, 0.0013624757994], [-0.00011918736709, 0.000254697981291, -0.00075377401663, 0.00242971256375, -0.000933148665354, -0.00043854379328, 0.0014604878379, -0.00178411311936, 0.00172188703436, 0.000228138640523, -0.00181051343679, 0.00186374806799, -0.00178421277087], [0.000195130312932, 9.14922929951e-05, 0.000952111382503, -0.000933148665354, 0.00307912868448, -0.000739340612199, -0.000301023479551, 0.000927776854951, -0.000998854753561, 0.000752958527301, -0.000724948360585, -0.000985642662272, 0.00152832991444], [-0.000177753201569, 0.000269581156317, -0.000477834284538, -0.00043854379328, -0.000739340612199, 0.00519776251167, -0.00237558642402, 0.00267785671167, -0.000478405534523, -0.000932687951718, 0.00136371876579, -0.00158434920013, 0.0002219381131], [0.000160744864843, -0.000203299714485, -0.0011656297138, 0.0014604878379, -0.000301023479551, -0.00237558642402, 0.00923131592572, -0.00541545636952, 0.00279504456557, 0.000639184261672, -0.00327131547965, 0.00369541556574, -0.00287005701102], [-0.000155361223733, 0.000483790470753, 0.00110835267697, -0.00178411311936, 0.000927776854951, 0.00267785671167, -0.00541545636952, 0.0117672150955, -0.00661929277703, 0.00127104285639, 0.00250691617839, -0.00438102521002, 0.00211042491719], [0.00030723886448, -0.000886200228706, -0.000143120370922, 0.00172188703436, -0.000998854753561, -0.000478405534523, 0.00279504456557, -0.00661929277703, 0.0144900148734, -0.00603746483102, 0.000323017302435, 0.00344736478291, -0.00253294524737], [-0.000369092333131, 0.00188553950284, -0.00120260892436, 0.000228138640523, 0.000752958527301, -0.000932687951718, 0.000639184261672, 0.00127104285639, -0.00603746483102, 0.0155929159373, -0.00803261995316, 0.00306827714667, 0.00105602073018], [0.000516227737535, -0.00213799928315, 0.00239109946415, -0.00181051343679, -0.000724948360585, 0.00136371876579, -0.00327131547965, 0.00250691617839, 0.000323017302435, -0.00803261995316, 0.0216489396989, -0.0117652947083, 0.00149271334521], [-0.000446436082711, 0.0019844355993, -0.00231542461552, 0.00186374806799, -0.000985642662272, -0.00158434920013, 0.00369541556574, -0.00438102521002, 0.00344736478291, 0.00306827714667, -0.0117652947083, 0.0214011631906, -0.00634553702548], [0.000396218994865, -0.000786931777839, 0.0013624757994, -0.00178421277087, 0.00152832991444, 0.0002219381131, -0.00287005701102, 0.00211042491719, -0.00253294524737, 0.00105602073018, 0.00149271334521, -0.00634553702548, 0.0169492755085]]}, "silence_rate_20dB": {"dvar": 0, "var": 0, "median": 1, "max": 1, "dmean": 0, "dmean2": 0, "mean": 1, "dvar2": 0, "min": 1}, "barkbands_skewness": {"dvar": 3.04231333733, "var": 10.1346349716, "median": 1.5380320549, "max": 104.544517517, "dmean": 0.842748045921, "dmean2": 1.23780369759, "mean": 1.70713591576, "dvar2": 6.02544403076, "min": -8.62221050262}, "erbbands_skewness": {"dvar": 0.609637856483, "var": 2.28068804741, "median": 0.76494550705, "max": 11.4679613113, "dmean": 0.617265641689, "dmean2": 0.911967813969, "mean": 0.909984588623, "dvar2": 1.22962319851, "min": -10.7473487854}, "spectral_contrast_valleys": {"dvar": [0.360132068396, 0.312682777643, 0.358336985111, 0.317747950554, 0.403893738985, 0.661415994167], "var": [14.3651943207, 15.8367547989, 14.3378686905, 13.3636465073, 13.4218063354, 10.7267122269], "median": [-7.7494893074, -6.56045532227, -7.7877202034, -8.43995094299, -8.40513324738, -10.8638830185], "max": [-4.9373960495, -4.4627366066, -5.25607633591, -5.83067178726, -5.71179628372, -8.06257152557], "dmean": [0.617523252964, 0.479623496532, 0.523944914341, 0.50408244133, 0.59956151247, 1.00380766392], "dmean2": [0.896448552608, 0.732614398003, 0.741310358047, 0.691817462444, 0.766858458519, 1.20329046249], "mean": [-8.47182178497, -7.44975376129, -8.59814548492, -9.24707317352, -9.2007894516, -11.5495977402], "dvar2": [0.610681712627, 0.551687836647, 0.597751796246, 0.540698289871, 0.748685240746, 1.5333160162], "min": [-28.367609024, -28.4112644196, -27.8944339752, -27.8258991241, -27.5730819702, -27.407875061]}, "spectral_strongpeak": {"dvar": 0.40615567565, "var": 0.911923289299, "median": 0.372573018074, "max": 9.33580589294, "dmean": 0.370041161776, "dmean2": 0.624369323254, "mean": 0.705260932446, "dvar2": 0.973307490349, "min": 0}, "erbbands_crest": {"dvar": 9.04345798492, "var": 37.4244232178, "median": 9.20038032532, "max": 34.2515029907, "dmean": 2.81228089333, "dmean2": 4.4454536438, "mean": 10.6548814774, "dvar2": 19.986530304, "min": 2.43202114105}, "barkbands_crest": {"dvar": 7.79357671738, "var": 21.8760108948, "median": 8.87132835388, "max": 26.9204692841, "dmean": 2.75578904152, "dmean2": 4.55825805664, "mean": 10.231013298, "dvar2": 19.3086166382, "min": 2.29126358032}, "spectral_energyband_middle_low": {"dvar": 0.000234891063883, "var": 0.00031902801129, "median": 0.00476282229647, "max": 0.218703389168, "dmean": 0.00715172104537, "dmean2": 0.0113088795915, "mean": 0.0107387611642, "dvar2": 0.000551820150577, "min": 1.27923413574e-22}, "spectral_contrast_coeffs": {"dvar": [0.00206560711376, 0.00168173573911, 0.00136705173645, 0.000701689277776, 0.000622069346718, 0.000433448847616], "var": [0.00894687883556, 0.00739616155624, 0.00719008781016, 0.00546293659136, 0.00332325440831, 0.00198017759249], "median": [-0.667727470398, -0.756032049656, -0.7782574296, -0.814337432384, -0.816449224949, -0.805671155453], "max": [-0.392664045095, -0.320849657059, -0.416842848063, -0.460718005896, -0.513747692108, -0.633068740368], "dmean": [0.0529473908246, 0.0468749292195, 0.0397471599281, 0.0290339607745, 0.0257668811828, 0.021968960762], "dmean2": [0.0878367573023, 0.0763159766793, 0.0625439658761, 0.0460066609085, 0.0401520505548, 0.0344954431057], "mean": [-0.67269641161, -0.749798893929, -0.771955907345, -0.804742455482, -0.812737584114, -0.805673956871], "dvar2": [0.00528439832851, 0.00404592091218, 0.00314671196975, 0.0015917486744, 0.00128954381216, 0.00103913655039], "min": [-0.982455909252, -0.978622972965, -0.977522790432, -0.971672415733, -0.971480429173, -0.965458810329]}, "hfc": {"dvar": 102.77645874, "var": 195.009750366, "median": 5.32925987244, "max": 113.794006348, "dmean": 5.79618644714, "dmean2": 8.40846157074, "mean": 10.1672515869, "dvar2": 210.196212769, "min": 1.07688870473e-16}, "spectral_energyband_high": {"dvar": 2.6016076049e-07, "var": 3.07187377757e-07, "median": 4.77115245303e-05, "max": 0.00746794324368, "dmean": 0.000264402478933, "dmean2": 0.000396198884118, "mean": 0.000246781331953, "dvar2": 5.41895701645e-07, "min": 7.20509856451e-21}, "erbbands_spread": {"dvar": 208.860214233, "var": 460.694488525, "median": 27.3957939148, "max": 169.056015015, "dmean": 12.0180425644, "dmean2": 17.6351490021, "mean": 31.2930202484, "dvar2": 450.178710938, "min": 0.266498506069}, "dissonance": {"dvar": 0.000886210415047, "var": 0.00228092516772, "median": 0.470404624939, "max": 0.500000119209, "dmean": 0.0259652249515, "dmean2": 0.0432195700705, "mean": 0.454742968082, "dvar2": 0.00221200403757, "min": 0.12612105906}, "spectral_kurtosis": {"dvar": 83.2301864624, "var": 145.155532837, "median": 5.95305919647, "max": 128.313461304, "dmean": 6.01486349106, "dmean2": 9.07155990601, "mean": 9.40665626526, "dvar2": 190.16267395, "min": -1.27946019173}, "spectral_skewness": {"dvar": 0.513650715351, "var": 1.27041709423, "median": 1.90038871765, "max": 9.26150989532, "dmean": 0.601518452168, "dmean2": 0.873600304127, "mean": 2.10412216187, "dvar2": 1.14258825779, "min": -0.0924211964011}, "pitch_salience": {"dvar": 0.00637425109744, "var": 0.0215290151536, "median": 0.616324603558, "max": 0.91561961174, "dmean": 0.0821626484394, "dmean2": 0.132010623813, "mean": 0.591658055782, "dvar2": 0.0153899779543, "min": 0.00173699867446}, "spectral_complexity": {"dvar": 27.7270717621, "var": 73.8432922363, "median": 10, "max": 55, "dmean": 3.44941830635, "dmean2": 4.95963335037, "mean": 11.7365636826, "dvar2": 50.472076416, "min": 0}, "spectral_spread": {"dvar": 2160092512260.0, "var": 48024986320900.0, "median": 4287541.5, "max": 50174608, "dmean": 1545829.125, "dmean2": 2084136.875, "mean": 5637179, "dvar2": 4780183257090.0, "min": 625828.5}, "dynamic_complexity": 4.24483633041, "melbands_crest": {"dvar": 9.14293861389, "var": 36.4722137451, "median": 11.6527423859, "max": 39.9938850403, "dmean": 3.06631326675, "dmean2": 4.93008136749, "mean": 13.0261964798, "dvar2": 21.4446239471, "min": 1.47962546349}, "zerocrossingrate": {"dvar": 0.000384793878766, "var": 0.00761771062389, "median": 0.04443359375, "max": 0.525390625, "dmean": 0.014813836664, "dmean2": 0.0196458101273, "mean": 0.0655830949545, "dvar2": 0.000577447179239, "min": 0}, "spectral_energyband_low": {"dvar": 0.000271444354439, "var": 0.000257638195762, "median": 0.00123207853176, "max": 0.160966560245, "dmean": 0.00686537381262, "dmean2": 0.0109530296177, "mean": 0.00677445251495, "dvar2": 0.000642267754301, "min": 1.52686584115e-23}, "melbands_kurtosis": {"dvar": 62941.7851562, "var": 126608.703125, "median": 7.28885269165, "max": 17225.7714844, "dmean": 16.7206802368, "dmean2": 24.5524654388, "mean": 25.9869060516, "dvar2": 134689.9375, "min": -1.91648519039}, "spectral_energyband_middle_high": {"dvar": 7.82626011642e-06, "var": 1.74525903276e-05, "median": 0.000814925006125, "max": 0.0707893297076, "dmean": 0.00118977553211, "dmean2": 0.00179103587288, "mean": 0.00234660133719, "dvar2": 1.73000098584e-05, "min": 1.07278247157e-21}, "barkbands_spread": {"dvar": 99.2222290039, "var": 155.366775513, "median": 12.7400398254, "max": 101.21749115, "dmean": 6.8121342659, "dmean2": 10.7066259384, "mean": 15.7473688126, "dvar2": 236.179489136, "min": 0.0411905944347}, "mfcc": {"mean": [-739.502929688, 140.547241211, 15.005396843, 18.5279083252, -2.76764559746, -10.6062135696, -9.54015445709, 2.7197971344, -0.430029511452, 4.91520929337, 1.26987493038, 2.61629652977, -4.06204175949], "cov": [[16693.1171875, 1826.23681641, -661.54309082, 341.037200928, 211.074050903, 263.259429932, 142.909286499, 178.791183472, -181.394393921, -93.5683364868, -91.4390029907, 160.235290527, -76.256187439], [1826.23681641, 2607.8046875, -386.908843994, -43.4228782654, -91.7535171509, -266.451477051, -91.9315185547, 29.7853908539, -16.1265640259, -4.19237804413, 23.1179332733, -7.83866357803, 12.3518018723], [-661.54309082, -386.908843994, 1508.82653809, -2.1558740139, -191.132888794, 223.58821106, 22.3903694153, -31.806016922, 65.4570007324, 25.0976905823, -49.7747497559, -14.2572469711, 18.8443584442], [341.037200928, -43.4228782654, -2.1558740139, 449.815704346, 145.970031738, -25.6160392761, 52.71717453, 26.8920383453, -15.3775472641, 10.0475111008, -24.8705883026, 19.6282119751, 17.875793457], [211.074050903, -91.7535171509, -191.132888794, 145.970031738, 304.477966309, 102.541816711, 24.0757312775, 18.4316387177, -30.909570694, -19.8743629456, 3.77609109879, 20.3562889099, -23.0638484955], [263.259429932, -266.451477051, 223.58821106, -25.6160392761, 102.541816711, 309.275695801, 96.5780105591, -5.56516170502, -13.150677681, -32.2495002747, -12.8842773438, 5.09556245804, -15.8010396957], [142.909286499, -91.9315185547, 22.3903694153, 52.71717453, 24.0757312775, 96.5780105591, 164.527236938, 54.8656272888, -6.29026889801, -21.1267547607, -21.8992366791, 5.22524261475, 21.0177631378], [178.791183472, 29.7853908539, -31.806016922, 26.8920383453, 18.4316387177, -5.56516170502, 54.8656272888, 119.96472168, 37.3063850403, -6.95072984695, -9.9881811142, 11.1625728607, 7.98051691055], [-181.394393921, -16.1265640259, 65.4570007324, -15.3775472641, -30.909570694, -13.150677681, -6.29026889801, 37.3063850403, 98.8939361572, 48.7151870728, 12.6333656311, -5.68165874481, -4.14826393127], [-93.5683364868, -4.19237804413, 25.0976905823, 10.0475111008, -19.8743629456, -32.2495002747, -21.1267547607, -6.95072984695, 48.7151870728, 102.905288696, 45.0621185303, -1.64181184769, -0.17363551259], [-91.4390029907, 23.1179332733, -49.7747497559, -24.8705883026, 3.77609109879, -12.8842773438, -21.8992366791, -9.9881811142, 12.6333656311, 45.0621185303, 92.9903411865, 37.032699585, -2.46369361877], [160.235290527, -7.83866357803, -14.2572469711, 19.6282119751, 20.3562889099, 5.09556245804, 5.22524261475, 11.1625728607, -5.68165874481, -1.64181184769, 37.032699585, 81.4556655884, 25.4508914948], [-76.256187439, 12.3518018723, 18.8443584442, 17.875793457, -23.0638484955, -15.8010396957, 21.0177631378, 7.98051691055, -4.14826393127, -0.17363551259, -2.46369361877, 25.4508914948, 78.1869812012]], "icov": [[8.17148174974e-05, -6.70526351314e-05, 6.43684907118e-05, -9.59569442784e-05, 0.000139104144182, -0.000250830082223, 0.000107587213279, -0.000195872315089, 0.000231626749155, -0.000207333883736, 0.000263899215497, -0.000301289575873, 0.00019634635828], [-6.70526351314e-05, 0.000488696387038, 1.4923888557e-05, 9.10611197469e-05, -1.78731261258e-05, 0.000455000379588, 5.95671735937e-05, -6.73573376844e-05, -3.13192940666e-05, 0.000277917570202, -0.000374713272322, 0.000386020896258, -0.000227979980991], [6.43684907118e-05, 1.4923888557e-05, 0.00117139099166, -0.000653089955449, 0.00149480171967, -0.00176334136631, 0.000953336304519, -0.000214147716179, -0.000273699086392, -0.000506873882841, 0.000875643803738, -0.000466983474325, -5.84638146393e-05], [-9.59569442784e-05, 9.10611197469e-05, -0.000653089955449, 0.00375340273604, -0.00288858055137, 0.00253488379531, -0.00218014232814, 0.000739297480322, 0.000217244334635, -0.00118640530854, 0.00141337618697, -0.000766012934037, -0.000335136341164], [0.000139104144182, -1.78731261258e-05, 0.00149480171967, -0.00288858055137, 0.00736340414733, -0.0047376784496, 0.00297219119966, -0.0024567625951, 0.00184354942758, -0.000537038955372, 0.00016710156342, -0.00116972951218, 0.00158770231064], [-0.000250830082223, 0.000455000379588, -0.00176334136631, 0.00253488379531, -0.0047376784496, 0.0089596491307, -0.00591392209753, 0.00355248874985, -0.0017147292383, 0.0021975398995, -0.00111496495083, 0.000264857430011, 0.000961778860074], [0.000107587213279, 5.95671735937e-05, 0.000953336304519, -0.00218014232814, 0.00297219119966, -0.00591392209753, 0.0122306374833, -0.00652784621343, 0.0028692597989, -0.000863590743393, 0.000880395527929, 0.000840583175886, -0.00267126178369], [-0.000195872315089, -6.73573376844e-05, -0.000214147716179, 0.000739297480322, -0.0024567625951, 0.00355248874985, -0.00652784621343, 0.0150809027255, -0.00861386675388, 0.00387785048224, 0.000652051181532, -0.00194878329057, 0.000117396273708], [0.000231626749155, -3.13192940666e-05, -0.000273699086392, 0.000217244334635, 0.00184354942758, -0.0017147292383, 0.0028692597989, -0.00861386675388, 0.0191812999547, -0.00979259051383, 0.00181310658809, -0.000112830886792, 0.00164213974494], [-0.000207333883736, 0.000277917570202, -0.000506873882841, -0.00118640530854, -0.000537038955372, 0.0021975398995, -0.000863590743393, 0.00387785048224, -0.00979259051383, 0.0199703760445, -0.0109608834609, 0.00559663772583, -0.00237304554321], [0.000263899215497, -0.000374713272322, 0.000875643803738, 0.00141337618697, 0.00016710156342, -0.00111496495083, 0.000880395527929, 0.000652051181532, 0.00181310658809, -0.0109608834609, 0.0221377294511, -0.0122923040763, 0.004073870