{"lowlevel": {"erbbands": {"mean": [1.01499652863, 3.13492584229, 5.67607975006, 9.8187379837, 13.6453943253, 22.078994751, 25.9955253601, 25.9013786316, 38.1003379822, 53.8158607483, 36.9471130371, 34.2806816101, 36.1048164368, 37.0109214783, 29.6537361145, 23.1773490906, 23.6278476715, 19.1940345764, 19.1473731995, 17.4391117096, 16.4054374695, 16.0693378448, 13.3942079544, 11.4219808578, 11.963013649, 12.1152715683, 10.0320482254, 9.73348903656, 11.1202917099, 13.1915655136, 10.8856153488, 7.4074640274, 5.3388543129, 3.13336324692, 1.31803977489, 0.469514012337, 0.123884558678, 0.025578500703, 0.00185725686606, 0.000102807403891], "dvar": [0.323133200407, 5.60855531693, 30.3088226318, 123.256690979, 267.823852539, 608.615112305, 773.777587891, 1032.18395996, 2728.16796875, 5853.2265625, 3645.38769531, 2951.75415039, 3312.04467773, 3718.48046875, 2711.70068359, 1403.63903809, 1349.15344238, 1098.9765625, 779.087463379, 541.412719727, 752.171691895, 552.318664551, 248.484130859, 139.305709839, 141.280883789, 149.165725708, 89.0464477539, 73.0315170288, 107.793205261, 147.5912323, 104.444122314, 51.6893959045, 44.8094711304, 17.4116420746, 2.87399530411, 0.392035007477, 0.026826582849, 0.00146093894728, 1.89490310731e-05, 6.17247986057e-09], "min": [4.57589862613e-22, 2.0839474596e-21, 8.78947336277e-21, 4.45205989394e-20, 1.63178074535e-19, 2.65844604388e-19, 1.61856356238e-19, 3.64428894521e-19, 4.18067473041e-19, 1.59133605949e-18, 3.60132807933e-18, 1.49193779778e-18, 1.35246015386e-18, 1.59871874985e-18, 1.79356889796e-18, 5.91258858404e-18, 4.85460555543e-18, 4.69661240407e-18, 5.02100534335e-18, 6.70838348261e-18, 9.02541067696e-18, 1.3760388545e-17, 1.59971850102e-17, 9.8511197352e-18, 9.7783873983e-18, 1.3615811436e-17, 1.5358838151e-17, 1.52893682144e-17, 2.19467080358e-17, 1.59072390448e-17, 2.62124370957e-17, 1.94852898481e-17, 1.3005778142e-17, 1.31792577688e-17, 1.00508606921e-17, 6.21433414533e-18, 4.2617143388e-18, 1.41956487086e-18, 3.12812178063e-19, 3.1308876658e-20], "dmean": [0.362308561802, 1.39481306076, 4.16551303864, 7.52353048325, 10.0737371445, 14.6105852127, 17.7614574432, 18.0471229553, 26.7132873535, 35.9156608582, 25.4792690277, 23.1416969299, 24.319355011, 23.8019123077, 19.8911056519, 15.2369565964, 15.455622673, 12.9936876297, 12.2531919479, 10.4145803452, 9.74591159821, 8.76717090607, 7.19673347473, 5.91308832169, 6.21881961823, 7.02531337738, 5.66477870941, 5.45066928864, 6.22592926025, 7.19701337814, 5.72841691971, 4.53408765793, 3.34516048431, 2.03193759918, 0.843604624271, 0.308244615793, 0.0871638134122, 0.0202523041517, 0.00187693210319, 4.625692236e-05], "dmean2": [0.351701676846, 2.08565950394, 6.90096378326, 12.7178726196, 16.5721378326, 24.2776546478, 29.1681480408, 30.1188011169, 43.3601531982, 56.649230957, 41.1753768921, 37.2974739075, 39.6194839478, 38.4838600159, 32.4128265381, 24.7655906677, 25.7541618347, 21.7966957092, 20.410528183, 17.1078681946, 15.5618724823, 13.9889373779, 11.3410491943, 9.00541591644, 9.62476348877, 11.3494081497, 8.86637687683, 8.42373371124, 9.28174114227, 10.9519433975, 8.33418560028, 6.72891569138, 5.06147003174, 2.94644331932, 1.20983684063, 0.442878931761, 0.123132348061, 0.028361260891, 0.00287618860602, 6.80718148942e-05], "dvar2": [0.318916648626, 13.0571937561, 79.9911270142, 320.625915527, 654.819030762, 1665.56713867, 1952.78540039, 2572.38061523, 6595.81884766, 13353, 9038.61816406, 7077.10253906, 8171.23779297, 8935.67578125, 6546.04589844, 3630.52954102, 3453.890625, 3055.40185547, 2132.99682617, 1461.47937012, 1971.03857422, 1458.71899414, 642.253234863, 329.023529053, 324.727325439, 382.884643555, 205.922225952, 170.721633911, 234.889602661, 325.975067139, 223.040649414, 113.082572937, 103.070556641, 38.4986572266, 6.29286289215, 0.890680551529, 0.0588305965066, 0.00314358551987, 4.43786993856e-05, 1.39733709048e-08], "max": [8.2475528717, 25.3486099243, 67.3522033691, 94.4922561646, 162.527328491, 350.053466797, 730.717468262, 784.564086914, 966.258361816, 1336.38598633, 1467.99377441, 1213.94519043, 1324.12890625, 1489.96777344, 1155.13574219, 863.852172852, 960.3046875, 795.782531738, 739.760253906, 631.118774414, 1223.0402832, 944.907287598, 472.82434082, 540.284851074, 348.80871582, 255.785491943, 157.612503052, 119.559906006, 264.11819458, 243.724060059, 218.880737305, 124.969093323, 186.335281372, 117.847511292, 42.9695129395, 18.5816631317, 3.49959135056, 1.40233099461, 0.0730331912637, 0.00161315663718], "median": [0.0282049719244, 0.846861243248, 3.70581030846, 5.18747758865, 7.5368103981, 12.5106916428, 15.2279338837, 14.6671972275, 19.4444255829, 20.4713668823, 16.9524745941, 15.842165947, 16.8927364349, 14.4158782959, 13.0668697357, 11.1205425262, 10.2042541504, 9.37519741058, 8.87310028076, 7.63663005829, 7.87813425064, 7.9341506958, 7.21289014816, 6.09129142761, 5.42959117889, 5.42550420761, 4.09697008133, 3.82442355156, 5.0792593956, 6.36283445358, 4.98882055283, 3.01051139832, 2.14709925652, 1.21150815487, 0.517770648003, 0.197703912854, 0.0476443618536, 0.00695992494002, 0.000232402671827, 8.08404292911e-05], "var": [2.72821521759, 16.5955905914, 37.2864265442, 142.557159424, 322.670562744, 796.460083008, 1139.84838867, 1426.11755371, 4243.55224609, 10403.0732422, 4897.00537109, 4450.63427734, 5066.15527344, 6993.91064453, 3748.10986328, 1698.80773926, 1764.32714844, 1106.16577148, 971.623962402, 768.191711426, 865.161499023, 684.629089355, 365.013000488, 246.783111572, 338.019165039, 314.490447998, 216.24156189, 163.58946228, 233.430419922, 333.102752686, 249.384124756, 109.921531677, 77.8238372803, 29.3197021484, 4.98889112473, 0.599302768707, 0.0392783842981, 0.00190651719458, 1.93460182345e-05, 7.91500287534e-09]}, "gfcc": {"icov": [[0.000164019409567, -0.000135761816637, 0.000118323681818, -0.000218430286623, 0.000238420863752, -0.000214128929656, 0.000245689123403, -0.000335174612701, 0.000226883552386, -0.00043115747394, 0.000451546511613, -0.000354501593392, 0.000307652779156], [-0.000135761816637, 0.00202875980176, 9.58286764217e-05, 0.00114405609202, -0.000387094070902, 0.00119901378639, -0.00140432966873, 0.00126082298812, -0.0019719642587, 0.00293921446428, -0.0035816160962, 0.00234798202291, -0.00194547395222], [0.000118323681818, 9.58286764217e-05, 0.00168725603726, -0.000152336520841, 0.000638082216028, -0.000123263715068, -0.000575782964006, -7.49593891669e-05, -0.000557269551791, -0.000363470520824, 0.000144075209391, -0.000828124582767, -0.00019120858633], [-0.000218430286623, 0.00114405609202, -0.000152336520841, 0.00459508597851, -0.00141591776628, -7.66377415857e-05, -1.92031202459e-05, 0.000358786870493, -0.000997989904135, 0.000531532918103, -0.00224084430374, 0.00072011660086, -0.00204308470711], [0.000238420863752, -0.000387094070902, 0.000638082216028, -0.00141591776628, 0.00502964109182, -0.000439892552095, -0.00079647405073, -0.000283778674202, -0.000570153759327, -0.00137364736293, 0.00117956928443, -0.000364331237506, -0.00114467856474], [-0.000214128929656, 0.00119901378639, -0.000123263715068, -7.66377415857e-05, -0.000439892552095, 0.0079120406881, -0.00298907095566, 8.93202741281e-05, -0.000914453179576, -0.000269882322755, -0.000972078531049, -0.000236355946981, -0.00103825901169], [0.000245689123403, -0.00140432966873, -0.000575782964006, -1.92031202459e-05, -0.00079647405073, -0.00298907095566, 0.00871386379004, -0.00376960448921, 0.00259976717643, -0.000855948659591, -0.000715265108738, -5.58594147151e-05, -0.00134681956843], [-0.000335174612701, 0.00126082298812, -7.49593891669e-05, 0.000358786870493, -0.000283778674202, 8.93202741281e-05, -0.00376960448921, 0.0130672575906, -0.00690728612244, 0.000474246888189, 0.000363644852769, -0.0035307505168, 0.00122371036559], [0.000226883552386, -0.0019719642587, -0.000557269551791, -0.000997989904135, -0.000570153759327, -0.000914453179576, 0.00259976717643, -0.00690728612244, 0.0148709407076, -0.00593466684222, -0.000948826142121, 0.00170872115996, -0.0006822750438], [-0.00043115747394, 0.00293921446428, -0.000363470520824, 0.000531532918103, -0.00137364736293, -0.000269882322755, -0.000855948659591, 0.000474246888189, -0.00593466684222, 0.0222338400781, -0.0110533684492, 0.00237895199098, -0.000629120972008], [0.000451546511613, -0.0035816160962, 0.000144075209391, -0.00224084430374, 0.00117956928443, -0.000972078531049, -0.000715265108738, 0.000363644852769, -0.000948826142121, -0.0110533684492, 0.0268051568419, -0.00989451259375, -0.00103870872408], [-0.000354501593392, 0.00234798202291, -0.000828124582767, 0.00072011660086, -0.000364331237506, -0.000236355946981, -5.58594147151e-05, -0.0035307505168, 0.00170872115996, 0.00237895199098, -0.00989451259375, 0.0223213601857, -0.00796735845506], [0.000307652779156, -0.00194547395222, -0.00019120858633, -0.00204308470711, -0.00114467856474, -0.00103825901169, -0.00134681956843, 0.00122371036559, -0.0006822750438, -0.000629120972008, -0.00103870872408, -0.00796735845506, 0.0210212431848]], "mean": [34.0956459045, 84.9539108276, -87.821472168, 31.4521312714, -67.880027771, 20.3804569244, -38.7284927368, 8.9417219162, -22.8641891479, 1.85304141045, -15.9209051132, 2.06778550148, -13.2057199478], "cov": [[9328.56054688, -969.700805664, -491.993225098, 308.764892578, -370.395812988, 191.402633667, -334.919006348, 210.230987549, -94.7228164673, 128.904205322, -172.589431763, 89.1391677856, -219.107818604], [-969.700805664, 1555.53869629, -43.7110290527, -221.97277832, 99.2780761719, -144.543106079, 186.368896484, -84.194190979, 115.233039856, -91.1128158569, 146.980163574, -73.1474914551, 131.843002319], [-491.993225098, -43.7110290527, 757.783630371, 62.5979576111, -2.2294254303, 75.8021697998, 113.642982483, 76.8240661621, 75.3947219849, 56.1159515381, 63.4083786011, 72.9503555298, 57.4721794128], [308.764892578, -221.97277832, 62.5979576111, 354.00491333, 103.024131775, 83.2982788086, 28.5126819611, 64.0000457764, 50.3600769043, 65.6946563721, 44.3640327454, 56.8063316345, 45.0621414185], [-370.395812988, 99.2780761719, -2.2294254303, 103.024131775, 295.649688721, 48.149143219, 86.8323364258, 40.7068443298, 61.7762985229, 38.2626228333, 49.1430969238, 27.4591007233, 62.2583656311], [191.402633667, -144.543106079, 75.8021697998, 83.2982788086, 48.149143219, 202.679763794, 80.7995758057, 65.9560241699, 34.7399749756, 49.5974884033, 31.0687732697, 48.097530365, 28.9534015656], [-334.919006348, 186.368896484, 113.642982483, 28.5126819611, 86.8323364258, 80.7995758057, 231.060089111, 69.0851364136, 50.0687980652, 28.1047840118, 66.7303848267, 38.3778648376, 65.7651672363], [210.230987549, -84.194190979, 76.8240661621, 64.0000457764, 40.7068443298, 65.9560241699, 69.0851364136, 159.001998901, 77.399810791, 49.9528846741, 33.4257965088, 50.9705734253, 21.6721019745], [-94.7228164673, 115.233039856, 75.3947219849, 50.3600769043, 61.7762985229, 34.7399749756, 50.0687980652, 77.399810791, 145.910507202, 53.4085655212, 57.1809082031, 23.9257564545, 39.6410102844], [128.904205322, -91.1128158569, 56.1159515381, 65.6946563721, 38.2626228333, 49.5974884033, 28.1047840118, 49.9528846741, 53.4085655212, 95.7120513916, 45.5568618774, 33.613319397, 19.5913887024], [-172.589431763, 146.980163574, 63.4083786011, 44.3640327454, 49.1430969238, 31.0687732697, 66.7303848267, 33.4257965088, 57.1809082031, 45.5568618774, 102.765792847, 44.4348907471, 52.6959533691], [89.1391677856, -73.1474914551, 72.9503555298, 56.8063316345, 27.4591007233, 48.097530365, 38.3778648376, 50.9705734253, 23.9257564545, 33.613319397, 44.4348907471, 92.6647644043, 40.5723800659], [-219.107818604, 131.843002319, 57.4721794128, 45.0621414185, 62.2583656311, 28.9534015656, 65.7651672363, 21.6721019745, 39.6410102844, 19.5913887024, 52.6959533691, 40.5723800659, 95.5083084106]]}, "spectral_skewness": {"mean": 1.56783115864, "dvar": 0.138669714332, "min": -0.17653593421, "dmean": 0.258266180754, "dmean2": 0.375658094883, "dvar2": 0.28544357419, "max": 7.34587574005, "median": 1.46577906609, "var": 0.495507597923}, "spectral_energyband_low": {"mean": 0.030308175832, "dvar": 0.00016456884623, "min": 3.10873705995e-23, "dmean": 0.0113062011078, "dmean2": 0.0154717229307, "dvar2": 0.000288697134238, "max": 0.169485092163, "median": 0.014656460844, "var": 0.00107308861334}, "spectral_energyband_middle_low": {"mean": 0.0192842520773, "dvar": 8.75129117048e-05, "min": 4.14572280331e-22, "dmean": 0.00793095026165, "dmean2": 0.012610854581, "dvar2": 0.000217849301407, "max": 0.0969863459468, "median": 0.0167716406286, "var": 0.000174693879671}, "mfcc": {"icov": [[0.000204699739697, 0.000161262840265, 0.00010294491949, -5.59220170544e-05, 5.04976451339e-05, -7.64542528486e-06, 0.000176712899702, -0.000147044615005, 7.97817046987e-05, -6.00976600253e-05, 4.41371885245e-05, -0.000115815761092, -1.42018070619e-05], [0.000161262840265, 0.000855045975186, 7.35142166377e-05, -2.58081818174e-05, 0.000293044664431, 0.000283068162389, -9.97508977889e-05, -0.000221176785999, 0.000159798466484, -0.000194505963009, -0.000100982717413, -0.000165661462233, 0.000196342414711], [0.00010294491949, 7.35142166377e-05, 0.00171704438981, -0.000163054952282, 0.000431059132097, -0.000222530172323, 0.000152577980771, -0.00042665048386, 1.71691444848e-05, -0.000189106343896, -0.000755996152293, 0.000355201686034, -0.000532095204107], [-5.59220170544e-05, -2.58081818174e-05, -0.000163054952282, 0.00467496970668, -0.00172864599153, 6.79171716911e-05, -0.00105276855174, 0.000175649416633, -0.000205230040592, -0.000409761152696, 8.17381005618e-05, -0.000257306382991, -0.000683030113578], [5.04976451339e-05, 0.000293044664431, 0.000431059132097, -0.00172864599153, 0.00690829660743, -0.00225872476585, 0.00208719354123, -0.000392887508497, -0.000834535923786, -0.00152910815086, 0.000723946257494, -0.00115072517656, -0.000628348032478], [-7.64542528486e-06, 0.000283068162389, -0.000222530172323, 6.79171716911e-05, -0.00225872476585, 0.00992139335722, -0.00519258296117, 0.00137004465796, -0.000617015582975, 0.000129472740809, -0.000990306492895, 0.000761022616643, -0.000292363460176], [0.000176712899702, -9.97508977889e-05, 0.000152577980771, -0.00105276855174, 0.00208719354123, -0.00519258296117, 0.0116342855617, -0.00411903113127, -0.00195523584262, 0.00153650343418, 0.000370420428226, -0.0027385528665, 0.00164041004609], [-0.000147044615005, -0.000221176785999, -0.00042665048386, 0.000175649416633, -0.000392887508497, 0.00137004465796, -0.00411903113127, 0.0138152660802, -0.00592084880918, 0.00117662793491, -0.0035495844204, 0.00320383533835, -0.00505938474089], [7.97817046987e-05, 0.000159798466484, 1.71691444848e-05, -0.000205230040592, -0.000834535923786, -0.000617015582975, -0.00195523584262, -0.00592084880918, 0.0196695029736, -0.00929010938853, 0.00326672242954, -0.00439807865769, 0.00233714445494], [-6.00976600253e-05, -0.000194505963009, -0.000189106343896, -0.000409761152696, -0.00152910815086, 0.000129472740809, 0.00153650343418, 0.00117662793491, -0.00929010938853, 0.0231511816382, -0.00947417970747, -0.000496258726344, -0.000662772334181], [4.41371885245e-05, -0.000100982717413, -0.000755996152293, 8.17381005618e-05, 0.000723946257494, -0.000990306492895, 0.000370420428226, -0.0035495844204, 0.00326672242954, -0.00947417970747, 0.0231540780514, -0.00898973736912, -0.000165625300724], [-0.000115815761092, -0.000165661462233, 0.000355201686034, -0.000257306382991, -0.00115072517656, 0.000761022616643, -0.0027385528665, 0.00320383533835, -0.00439807865769, -0.000496258726344, -0.00898973736912, 0.0261825583875, -0.00973613932729], [-1.42018070619e-05, 0.000196342414711, -0.000532095204107, -0.000683030113578, -0.000628348032478, -0.000292363460176, 0.00164041004609, -0.00505938474089, 0.00233714445494, -0.000662772334181, -0.000165625300724, -0.00973613932729, 0.0218498948961]], "mean": [-612.357421875, 115.706443787, 30.7056331635, 15.5683441162, 2.14438509941, 6.86228609085, -1.8566750288, 5.82479572296, -2.74770188332, 1.5276517868, -1.09733057022, -0.705270051956, 0.46243724227], "cov": [[6076.35644531, -1151.56860352, -322.270111084, 62.1382293701, 75.9032897949, -17.4246501923, -117.298576355, -1.95656919479, -18.3838214874, 4.32499456406, -17.2778434753, 18.1376724243, 28.7434043884], [-1151.56860352, 1445.02819824, 25.6234436035, -32.3708267212, -87.2481994629, -47.9550971985, 29.0047054291, 20.7400074005, -1.31794214249, 6.05369567871, 16.1513957977, 1.91417312622, -13.3473005295], [-322.270111084, 25.6234436035, 650.648803711, 23.8379459381, -21.4294223785, 22.0597114563, 28.7568721771, 50.1759223938, 24.9484367371, 29.4456939697, 46.4729309082, 17.9895133972, 31.8813934326], [62.1382293701, -32.3708267212, 23.8379459381, 261.368713379, 82.1900863647, 36.4679603577, 37.2002449036, 26.9258918762, 32.6154975891, 28.8247127533, 20.321231842, 27.8897895813, 25.342792511], [75.9032897949, -87.2481994629, -21.4294223785, 82.1900863647, 202.530075073, 47.1843147278, -0.0959084257483, 16.333612442, 32.969203949, 34.2696418762, 16.5806674957, 26.7127399445, 22.6673088074], [-17.4246501923, -47.9550971985, 22.0597114563, 36.4679603577, 47.1843147278, 151.580047607, 75.2552185059, 23.4286689758, 29.4189071655, 15.8667640686, 16.9383335114, 17.2845726013, 10.4217824936], [-117.298576355, 29.0047054291, 28.7568721771, 37.2002449036, -0.0959084257483, 75.2552185059, 154.86680603, 59.6657409668, 43.7670135498, 13.9604921341, 20.5615139008, 25.4721260071, 11.9674043655], [-1.95656919479, 20.7400074005, 50.1759223938, 26.9258918762, 16.333612442, 23.4286689758, 59.6657409668, 126.522949219, 55.2119445801, 29.4766311646, 34.7205924988, 24.8205604553, 33.7877845764], [-18.3838214874, -1.31794214249, 24.9484367371, 32.6154975891, 32.969203949, 29.4189071655, 43.7670135498, 55.2119445801, 97.9615402222, 48.6616134644, 27.2221317291, 31.6403121948, 17.770072937], [4.32499456406, 6.05369567871, 29.4456939697, 28.8247127533, 34.2696418762, 15.8667640686, 13.9604921341, 29.4766311646, 48.6616134644, 82.4797668457, 43.8773880005, 31.0879611969, 20.023607254], [-17.2778434753, 16.1513957977, 46.4729309082, 20.321231842, 16.5806674957, 16.9383335114, 20.5615139008, 34.7205924988, 27.2221317291, 43.8773880005, 79.8015136719, 40.0940513611, 25.6996498108], [18.1376724243, 1.91417312622, 17.9895133972, 27.8897895813, 26.7127399445, 17.2845726013, 25.4721260071, 24.8205604553, 31.6403121948, 31.0879611969, 40.0940513611, 71.6438064575, 35.9253311157], [28.7434043884, -13.3473005295, 31.8813934326, 25.342792511, 22.6673088074, 10.4217824936, 11.9674043655, 33.7877845764, 17.770072937, 20.023607254, 25.6996498108, 35.9253311157, 70.0999679565]]}, "silence_rate_20dB": {"mean": 1, "dvar": 0, "min": 1, "dmean": 0, "dmean2": 0, "dvar2": 0, "max": 1, "median": 1, "var": 0}, "dynamic_complexity": 1.61504042149, "silence_rate_60dB": {"mean": 0.0172399431467, "dvar": 0.00612574489787, "min": 0, "dmean": 0.00616358499974, "dmean2": 0.012328196317, "dvar2": 0.0155087346211, "max": 1, "median": 0, "var": 0.016943084076}, "dissonance": {"mean": 0.462444394827, "dvar": 0.000435016438132, "min": 0.239231660962, "dmean": 0.020819041878, "dmean2": 0.0350206084549, "dvar2": 0.00117218540981, "max": 0.500000059605, "median": 0.468654870987, "var": 0.00081402802607}, "barkbands": {"mean": [0.00181751977652, 0.0210997071117, 0.0057272859849, 0.00299110962078, 0.00624748552218, 0.00312296091579, 0.00317793898284, 0.00191417674068, 0.00146619521547, 0.00123635353521, 0.000748925493099, 0.000587222573813, 0.00051145022735, 0.000355108932126, 0.000358443299774, 0.000292888376862, 0.000281333312159, 0.000236417312408, 0.00022972804436, 0.000251647172263, 0.000242224996327, 0.000325279077515, 0.000407243467635, 0.000332408759277, 0.000230176185141, 8.1723133917e-05, 1.05330946099e-05], "dvar": [3.72499425794e-06, 0.000137879032991, 3.16752339131e-05, 1.62269880093e-05, 3.47938330378e-05, 1.0680174455e-05, 1.87490004464e-05, 1.11679946713e-05, 5.41971758139e-06, 3.98990459871e-06, 2.26533529712e-06, 1.06400045752e-06, 7.29443058844e-07, 4.59347347714e-07, 2.51877963819e-07, 2.27701548283e-07, 1.75799371505e-07, 7.07342167061e-08, 6.08177117556e-08, 6.10390458178e-08, 4.61689531051e-08, 8.19379906147e-08, 1.40553353845e-07, 1.31246892465e-07, 8.82543034209e-08, 1.1584211812e-08, 4.62395483014e-10], "min": [6.24204413943e-24, 1.11364140856e-23, 8.47579608929e-24, 1.96279937039e-23, 6.94969733649e-23, 4.08496820738e-23, 3.45719869435e-23, 1.75066978204e-22, 7.36058847629e-23, 4.07618061244e-23, 3.55845277807e-23, 1.10889925011e-22, 1.12958318305e-22, 1.04844700879e-22, 1.1055262071e-22, 1.28474896766e-22, 2.65734548573e-22, 2.82841167697e-22, 1.71577978948e-22, 2.77250529394e-22, 3.85787061444e-22, 5.22122370218e-22, 8.06903277461e-22, 8.5962301584e-22, 1.33183520419e-21, 1.95753927743e-21, 2.29171257086e-21], "dmean": [0.00102591631003, 0.00757806748152, 0.00446581188589, 0.00257913023233, 0.00392099702731, 0.00212980760261, 0.00219430495054, 0.00138696143404, 0.00101499818265, 0.000840016233269, 0.00054321839707, 0.000423026533099, 0.00035057507921, 0.000261715089437, 0.000234528677538, 0.00018103311595, 0.00016253819922, 0.000128180603497, 0.000122493031085, 0.000145924219396, 0.000137457842357, 0.000173668653588, 0.000218985267566, 0.000205723175895, 0.000148306731717, 5.57088569622e-05, 1.03440179373e-05], "dmean2": [0.00138530670665, 0.00936182402074, 0.00743496138602, 0.00442349538207, 0.00642855511978, 0.00355239678174, 0.00352443289012, 0.00221642595716, 0.00164642964955, 0.00136516417842, 0.000892883515917, 0.000697422365192, 0.000588646973483, 0.000446898979135, 0.000394145696191, 0.000292371725664, 0.000260518951109, 0.00020212608797, 0.000188602236449, 0.000237602580455, 0.000212318918784, 0.000256041181274, 0.000323465676047, 0.000309943570755, 0.000211714068428, 7.87989920354e-05, 1.52512011482e-05], "dvar2": [7.47570720705e-06, 0.000229479526752, 8.17080799607e-05, 4.27942613896e-05, 9.33308911044e-05, 2.66975403065e-05, 4.4922449888e-05, 2.68139210675e-05, 1.31043034344e-05, 9.61794012255e-06, 5.49569267605e-06, 2.76488913187e-06, 1.88418573543e-06, 1.3025755834e-06, 6.80389746321e-07, 5.75458955154e-07, 4.64451233029e-07, 1.8066651819e-07, 1.38140023864e-07, 1.56796374995e-07, 1.08118172193e-07, 1.71616477473e-07, 2.9972898119e-07, 2.94919487942e-07, 1.92451580006e-07, 2.63380179888e-08, 1.01771779892e-09], "max": [0.0248702578247, 0.151607364416, 0.0619427263737, 0.0399872846901, 0.081302203238, 0.0635823607445, 0.0889623984694, 0.0738278925419, 0.0506292618811, 0.0371300131083, 0.0356456972659, 0.0237935706973, 0.022028202191, 0.0147893447429, 0.0110264029354, 0.0191386397928, 0.0163469854742, 0.00720288325101, 0.0118535561487, 0.00429709209129, 0.00323270540684, 0.00710049225017, 0.00762526551262, 0.00785271078348, 0.0087056234479, 0.00357072497718, 0.000443518976681], "median": [0.00011235090642, 0.00297777610831, 0.00339699536562, 0.00131742097437, 0.00415147934109, 0.00191660947166, 0.00133329094388, 0.000711416825652, 0.000668344204314, 0.000484238058561, 0.000318125006743, 0.000258279411355, 0.000211328937439, 0.000170214814716, 0.000150000822032, 0.000129739521071, 0.000135126538225, 0.000128167346702, 0.000107480111183, 0.00011300330516, 9.51273541432e-05, 0.00015270440781, 0.000191355720744, 0.000135148220579, 8.79482831806e-05, 3.27284978994e-05, 1.34486197112e-06], "var": [1.15543680295e-05, 0.000918707984965, 4.32322012784e-05, 1.58894654305e-05, 4.58074937342e-05, 1.57656068041e-05, 3.22525083902e-05, 1.58917719091e-05, 8.17499221739e-06, 7.59994054533e-06, 2.93400944429e-06, 1.19869434911e-06, 9.0565112032e-07, 4.16589642782e-07, 3.44117950135e-07, 2.85407224965e-07, 2.17830475435e-07, 1.1005094791e-07, 1.22819216131e-07, 1.31683478344e-07, 1.11649121948e-07, 1.94717131308e-07, 3.31933080133e-07, 2.51361115033e-07, 1.53338405084e-07, 1.68012164181e-08, 5.34788768825e-10]}, "spectral_complexity": {"mean": 21.176897049, "dvar": 23.9986877441, "min": 0, "dmean": 4.48758935928, "dmean2": 6.66955423355, "dvar2": 45.4905357361, "max": 63, "median": 18, "var": 132.535369873}, "spectral_energyband_high": {"mean": 0.0017661616439, "dvar": 1.71077840605e-06, "min": 8.04876785935e-21, "dmean": 0.000854903424624, "dmean2": 0.001204732107, "dvar2": 3.493285476e-06, "max": 0.0190208796412, "median": 0.000875437865034, "var": 4.56089173895e-06}, "hfc": {"mean": 29.0239486694, "dvar": 152.71206665, "min": 1.16365161301e-16, "dmean": 9.38666820526, "dmean2": 13.3200082779, "dvar2": 309.950286865, "max": 183.94380188, "median": 24.1006546021, "var": 429.766601563}, "melbands_kurtosis": {"mean": 34.6761322021, "dvar": 37347.1171875, "min": -1.91004562378, "dmean": 18.7787952423, "dmean2": 28.8294219971, "dvar2": 105269.585938, "max": 18760.1230469, "median": 16.5040798187, "var": 42472.5546875}, "spectral_strongpeak": {"mean": 0.799035787582, "dvar": 0.381184458733, "min": 0, "dmean": 0.403334021568, "dmean2": 0.664797544479, "dvar2": 0.991801321507, "max": 7.8083152771, "median": 0.61745595932, "var": 0.537824392319}, "silence_rate_30dB": {"mean": 0.923627912998, "dvar": 0.0619027912617, "min": 0, "dmean": 0.0663001835346, "dmean2": 0.13261140883, "dvar2": 0.147505164146, "max": 1, "median": 1, "var": 0.07054656744}, "melbands_spread": {"mean": 16.6603221893, "dvar": 139.241455078, "min": 0.0464729815722, "dmean": 6.30256986618, "dmean2": 9.68290710449, "dvar2": 306.756347656, "max": 235.454803467, "median": 12.2302751541, "var": 303.605773926}, "melbands_crest": {"mean": 17.8193893433, "dvar": 11.1823005676, "min": 2.17566394806, "dmean": 4.1115193367, "dmean2": 6.0129327774, "dvar2": 26.2533988953, "max": 39.982219696, "median": 15.7800369263, "var": 60.234954834}, "average_loudness": 0.974323093891, "spectral_flux": {"mean": 0.1164374277, "dvar": 0.00115730741527, "min": 1.03870023693e-10, "dmean": 0.0331696346402, "dmean2": 0.0519747026265, "dvar2": 0.00260102842003, "max": 0.398078143597, "median": 0.109101228416, "var": 0.00240838807076}, "spectral_rolloff": {"mean": 1119.92675781, "dvar": 1338893.875, "min": 21.533203125, "dmean": 534.184997559, "dmean2": 880.553833008, "dvar2": 2959581, "max": 18281.6894531, "median": 559.86328125, "var": 2977263.5}, "melbands": {"mean": [0.00708787981421, 0.00329597271048, 0.00180141546298, 0.0012580063194, 0.000972348381765, 0.00058898847783, 0.000607207708526, 0.000562889443245, 0.000280267006019, 0.000212379687582, 0.0001797859004, 0.000152906577569, 0.000102166100987, 7.05559141352e-05, 5.6143355323e-05, 4.7263198212e-05, 3.4108714317e-05, 3.07382688334e-05, 2.59156167886e-05, 2.113978735e-05, 1.87845380424e-05, 1.72170566657e-05, 1.36966173159e-05, 1.06470961327e-05, 8.97212339623e-06, 8.81153664523e-06, 8.39006679598e-06, 7.97343727754e-06, 6.26838664175e-06, 5.75109106649e-06, 5.49463265997e-06, 5.82832490181e-06, 6.98511621522e-06, 7.69048619986e-06, 6.62778893457e-06, 5.08735365656e-06, 4.38014694737e-06, 3.96420136894e-06, 3.09692882183e-06, 2.49565596278e-06], "dvar": [1.48459103002e-05, 6.60136765873e-06, 3.23592462337e-06, 1.77744493612e-06, 8.96658207239e-07, 4.47470483778e-07, 6.47511171792e-07, 6.4569536562e-07, 2.24889504352e-07, 1.24279807778e-07, 8.82013111436e-08, 6.80306939671e-08, 3.89350596208e-08, 1.48068934891e-08, 1.08017292888e-08, 6.85630219266e-09, 4.30009894359e-09, 2.71022870812e-09, 1.53031642913e-09, 1.03082964387e-09, 1.40666867043e-09, 7.71309904835e-10, 3.62985114188e-10, 1.69301295205e-10, 1.12219823711e-10, 1.00609715004e-10, 7.06385436255e-11, 1.01468097813e-10, 4.61524429785e-11, 3.04653247074e-11, 2.47685153637e-11, 3.05491500152e-11, 5.04439476301e-11, 6.01331137662e-11, 4.57194698766e-11, 2.41721174327e-11, 2.36005277821e-11, 2.59639896388e-11, 2.09250897859e-11, 1.13930601064e-11], "min": [3.44963825143e-24, 3.69076818104e-24, 8.99004662479e-24, 1.96499540138e-23, 5.97613687765e-24, 7.92698634639e-24, 6.69385948973e-24, 2.47377565982e-23, 2.59931861304e-23, 9.16045477982e-24, 6.87631197306e-24, 6.73020467822e-24, 4.99736244266e-24, 1.07441151352e-23, 1.81028526282e-23, 7.22575763255e-24, 9.32681923384e-24, 7.5820584933e-24, 9.97468071859e-24, 9.12059758258e-24, 1.08082463713e-23, 1.30657950992e-23, 1.5982728992e-23, 1.46643720254e-23, 6.87670877009e-24, 7.20037682178e-24, 7.84050825851e-24, 9.36789916548e-24, 1.00502701594e-23, 7.27282659618e-24, 9.35098677653e-24, 1.37061789715e-23, 8.26127877675e-24, 9.41433388495e-24, 1.75870369927e-23, 1.19966637473e-23, 1.1102059982e-23, 7.86328898374e-24, 1.12883739395e-23, 1.1343451419e-23], "dmean": [0.00249190628529, 0.00189002708066, 0.00126118620392, 0.000845593283884, 0.000630633439869, 0.000404599413741, 0.000419882097049, 0.000377952121198, 0.000200843918719, 0.000147917424329, 0.000125428312458, 0.000101547695522, 7.14410925866e-05, 5.08837947564e-05, 4.04844358854e-05, 3.30910952471e-05, 2.52089776041e-05, 2.1203459255e-05, 1.71733045136e-05, 1.28933852466e-05, 1.20816275739e-05, 1.04969658423e-05, 8.54066274769e-06, 6.00659177508e-06, 5.03017736264e-06, 4.86671524413e-06, 4.7948296924e-06, 5.14135535923e-06, 3.86541159969e-06, 3.38833729074e-06, 3.24768302562e-06, 3.33852722179e-06, 4.12389454141e-06, 4.52277981822e-06, 3.64850325241e-06, 3.01735235553e-06, 2.95418089991e-06, 2.56358543993e-06, 2.11134715755e-06, 1.65696803833e-06], "dmean2": [0.00273647927679, 0.00310275494121, 0.00209270091727, 0.00140569452196, 0.00102898478508, 0.00067216635216, 0.000679780554492, 0.000593782926444, 0.000325904897181, 0.000239140324993, 0.000204602663871, 0.00016509150737, 0.000116797687951, 8.36129984236e-05, 6.78291326039e-05, 5.56510058232e-05, 4.27400809713e-05, 3.56657947123e-05, 2.89823728963e-05, 2.10473590414e-05, 1.97794579435e-05, 1.69525010278e-05, 1.43569241118e-05, 9.47879652813e-06, 7.80799018685e-06, 7.55318887968e-06, 7.55541759645e-06, 8.5574156401e-06, 6.14812915956e-06, 5.39907841812e-06, 5.06455580762e-06, 5.02652392242e-06, 6.36842241875e-06, 7.0148330451e-06, 5.43444184586e-06, 4.43824183094e-06, 4.57940905108e-06, 3.92999299947e-06, 3.21385846291e-06, 2.4049422791e-06], "dvar2": [1.89876882359e-05, 1.67683647305e-05, 8.19211072667e-06, 4.81667302665e-06, 2.25674489229e-06, 1.11439760531e-06, 1.56772705395e-06, 1.48091226038e-06, 5.61509921226e-07, 2.99568625906e-07, 2.17156511439e-07, 1.627229409e-07, 9.34109394279e-08, 3.79684124141e-08, 2.78755010186e-08, 1.81378858599e-08, 1.20169243445e-08, 7.51842321733e-09, 4.19820889164e-09, 2.70962896565e-09, 3.8537764091e-09, 2.06292694038e-09, 9.97378957202e-10, 4.40329994689e-10, 2.72377703725e-10, 2.29234312088e-10, 1.7451458334e-10, 2.81740880625e-10, 1.11486514465e-10, 7.62045634928e-11, 5.85375498074e-11, 6.74066219508e-11, 1.15571829884e-10, 1.38476397016e-10, 1.01603198077e-10, 5.40506389646e-11, 5.48424847202e-11, 6.1024033049e-11, 4.89469055565e-11, 2.50774609412e-11], "max": [0.0548309646547, 0.0324949249625, 0.0165406372398, 0.0191725697368, 0.0210364423692, 0.0152384834364, 0.0155348088592, 0.0152555024251, 0.0116694783792, 0.00809196848422, 0.00677543971688, 0.00568113755435, 0.00438437331468, 0.00285945087671, 0.00211669644341, 0.00248106033541, 0.00152286072262, 0.00152207340579, 0.000859458465129, 0.000899866223335, 0.00168704788666, 0.00107568677049, 0.000430501066148, 0.000370671768906, 0.000502956507262, 0.000443991419161, 0.000231355181313, 0.000238103515585, 0.000151417436427, 8.02287613624e-05, 6.60078585497e-05, 0.000132449335069, 0.000168406884768, 0.00016239361139, 0.000136709815706, 0.000125707345433, 0.000100817182101, 0.000143158787978, 0.000167129925103, 0.000103491227492], "median": [0.000518909539096, 0.0026080114767, 0.00107246427797, 0.000768718717154, 0.000588950293604, 0.000348779023625, 0.000300640298519, 0.000210125086596, 0.000122810059111, 9.58711098065e-05, 7.9811856267e-05, 5.65748632653e-05, 4.32531051047e-05, 3.11466319545e-05, 2.38124230236e-05, 2.01301936613e-05, 1.60621166287e-05, 1.4003436263e-05, 1.09959892143e-05, 8.99344104255e-06, 8.62840897753e-06, 8.01382884674e-06, 6.89561693434e-06, 5.87784052186e-06, 4.64846289105e-06, 3.83045153285e-06, 3.8153375499e-06, 3.44328145729e-06, 2.5465442377e-06, 2.22251446758e-06, 2.12689633372e-06, 2.51128994933e-06, 3.32897229782e-06, 3.63896651834e-06, 2.97742167277e-06, 2.15478689825e-06, 1.68301687609e-06, 1.58419550189e-06, 1.17190961646e-06, 9.18732496302e-07], "var": [0.000117546565889, 9.12076393433e-06, 3.83908945878e-06, 2.17340425479e-06, 1.3954604583e-06, 6.51593495604e-07, 1.06464210603e-06, 1.13618511932e-06, 2.9924032674e-07, 1.84949087156e-07, 1.36136165452e-07, 1.30378822405e-07, 5.2864312039e-08, 1.7257043794e-08, 1.24074803765e-08, 7.884157327e-09, 3.98838784221e-09, 2.91661694796e-09, 1.89911264492e-09, 1.36822775332e-09, 1.35104405441e-09, 9.01622609906e-10, 4.55337489935e-10, 2.31837923859e-10, 1.72427488954e-10, 2.0649301713e-10, 1.53217577514e-10, 1.60251520387e-10, 9.0692592325e-11, 6.691812382e-11, 5.25421026132e-11, 6.75296277231e-11, 9.80837147613e-11, 1.20400842074e-10, 9.99873309149e-11, 5.26593837979e-11, 4.21887802471e-11, 4.33507847675e-11, 3.1721365118e-11, 1.90349420254e-11]}, "spectral_energy": {"mean": 0.0542833283544, "dvar": 0.00022151209123, "min": 1.07889821608e-20, "dmean": 0.0130374915898, "dmean2": 0.0194463357329, "dvar2": 0.000446850404842, "max": 0.173279166222, "median": 0.0466773808002, "var": 0.00096341437893}, "spectral_decrease": {"mean": -1.36851570076e-08, "dvar": 1.46802423375e-17, "min": -4.54058444177e-08, "dmean": 3.37272099138e-09, "dmean2": 5.0122652695e-09, "dvar2": 2.94975054891e-17, "max": 3.72946249211e-18, "median": -1.14811253837e-08, "var": 6.65143209743e-17}, "erbbands_spread": {"mean": 49.7789611816, "dvar": 183.703735352, "min": 2.49256253242, "dmean": 12.4830503464, "dmean2": 18.3567619324, "dvar2": 355.645141602, "max": 178.347518921, "median": 45.4685325623, "var": 713.067382813}, "spectral_contrast_coeffs": {"mean": [-0.614422261715, -0.721724569798, -0.788971066475, -0.817280232906, -0.820818722248, -0.784417331219], "dvar": [0.00220987410285, 0.00190614571329, 0.00109697284643, 0.000645640480798, 0.000411831191741, 0.000317517202348], "min": [-0.945509970188, -0.967634916306, -0.958531975746, -0.961424231529, -0.955514192581, -0.956481873989], "dmean": [0.0571452975273, 0.0552608519793, 0.0402965694666, 0.0285199508071, 0.0218801423907, 0.0190345533192], "dmean2": [0.0899253338575, 0.0912414118648, 0.0671803876758, 0.0474900901318, 0.0354625880718, 0.0297289304435], "dvar2": [0.0051150447689, 0.00510730035603, 0.00288661313243, 0.00170304591302, 0.000986899598502, 0.000755546207074], "max": [-0.260408550501, -0.362554430962, -0.520346879959, -0.54237061739, -0.559602856636, -0.615342617035], "median": [-0.608555078506, -0.724726736546, -0.796653270721, -0.822896182537, -0.825584471226, -0.785674989223], "var": [0.0124741354957, 0.0050065042451, 0.00327102607116, 0.00171990634408, 0.0013094159076, 0.00106818694621]}, "spectral_energyband_middle_high": {"mean": 0.00477549387142, "dvar": 9.32464081416e-06, "min": 1.48048234716e-21, "dmean": 0.00191559141967, "dmean2": 0.00293111451901, "dvar2": 2.15472628042e-05, "max": 0.0459176078439, "median": 0.00304818991572, "var": 2.60591059487e-05}, "erbbands_crest": {"mean": 8.1984500885, "dvar": 8.08304214478, "min": 2.04740142822, "dmean": 2.86567306519, "dmean2": 4.68120098114, "dvar2": 20.5729446411, "max": 29.4130897522, "median": 7.12784433365, "var": 19.2597179413}, "barkbands_crest": {"mean": 12.2513628006, "dvar": 7.16049861908, "min": 2.01721453667, "dmean": 3.06378865242, "dmean2": 4.73516893387, "dvar2": 17.1587543488, "max": 26.73828125, "median": 10.8986997604, "var": 28.8475475311}, "pitch_salience": {"mean": 0.521104454994, "dvar": 0.00628041429445, "min": 0.00439316174015, "dmean": 0.0949887409806, "dmean2": 0.145504698157, "dvar2": 0.0157433748245, "max": 0.906110882759, "median": 0.553042650223, "var": 0.0259412266314}, "melbands_skewness": {"mean": 3.9183473587, "dvar": 2.47781133652, "min": -1.69109654427, "dmean": 1.10474872589, "dmean2": 1.61999344826, "dvar2": 5.60251379013, "max": 128.674407959, "median": 3.29729628563, "var": 9.20846557617}, "spectral_spread": {"mean": 5974172.5, "dvar": 914891800576, "min": 953875.75, "dmean": 802265.25, "dmean2": 1061271.875, "dvar2": 1496116887550.0, "max": 40873740, "median": 5712224.5, "var": 3910455263230.0}, "spectral_entropy": {"mean": 7.72707271576, "dvar": 0.05508344993, "min": 4.46745300293, "dmean": 0.198752850294, "dmean2": 0.280016571283, "dvar2": 0.0997114852071, "max": 9.78691673279, "median": 7.80440616608, "var": 0.281630545855}, "erbbands_flatness_db": {"mean": 0.127081736922, "dvar": 0.000444263307145, "min": 0.0387951694429, "dmean": 0.0193460956216, "dmean2": 0.027254415676, "dvar2": 0.000806261319667, "max": 0.376860976219, "median": 0.121429339051, "var": 0.00200574030168}, "spectral_kurtosis": {"mean": 3.88454270363, "dvar": 14.5190258026, "min": -1.46427583694, "dmean": 1.67087686062, "dmean2": 2.56413412094, "dvar2": 33.2269248962, "max": 90.3733673096, "median": 2.63138222694, "var": 30.7736797333}, "erbbands_skewness": {"mean": 0.667907059193, "dvar": 0.178844094276, "min": -4.68904733658, "dmean": 0.422576665878, "dmean2": 0.646199405193, "dvar2": 0.400562644005, "max": 6.25510072708, "median": 0.659629106522, "var": 0.666928589344}, "erbbands_kurtosis": {"mean": 1.03248274326, "dvar": 5.02702379227, "min": -1.86129665375, "dmean": 1.33057880402, "dmean2": 2.09190225601, "dvar2": 11.8278026581, "max": 54.5654182434, "median": -0.00464387284592, "var": 9.43678855896}, "barkbands_spread": {"mean": 20.1657409668, "dvar": 80.1216659546, "min": 0.0596445314586, "dmean": 6.61818170547, "dmean2": 9.60013389587, "dvar2": 165.546279907, "max": 122.427711487, "median": 15.9818086624, "var": 264.188568115}, "zerocrossingrate": {"mean": 0.0509075596929, "dvar": 0.000281387649011, "min": 0, "dmean": 0.0133662819862, "dmean2": 0.0148479389027, "dvar2": 0.000342793093296, "max": 0.52978515625, "median": 0.041015625, "var": 0.00182271155063}, "spectral_centroid": {"mean": 1083.26379395, "dvar": 111173.257813, "min": 140.149169922, "dmean": 253.466293335, "dmean2": 375.642852783, "dvar2": 218067.34375, "max": 11244.6923828, "median": 930.915588379, "var": 410670.8125}, "barkbands_skewness": {"mean": 2.46903586388, "dvar": 1.15983939171, "min": -4.96285486221, "dmean": 0.739175319672, "dmean2": 1.09106302261, "dvar2": 3.09825468063, "max": 71.9996109009, "median": 2.17937541008, "var": 3.49166440964}, "melbands_flatness_db": {"mean": 0.223387435079, "dvar": 0.0010075395694, "min": 0.00696037663147, "dmean": 0.0318719558418, "dmean2": 0.0433322563767, "dvar2": 0.00192738638725, "max": 0.621004700661, "median": 0.208380013704, "var": 0.00719419820234}, "spectral_contrast_valleys": {"mean": [-6.85653305054, -6.28215551376, -6.86172962189, -7.4454665184, -7.39884614944, -9.38648319244], "dvar": [0.186686202884, 0.137517094612, 0.100164659321, 0.116696812212, 0.165011629462, 0.265727579594], "min": [-27.8128871918, -27.1541633606, -27.6288661957, -27.2461986542, -27.3721446991, -27.2964363098], "dmean": [0.450437486172, 0.39741975069, 0.329142361879, 0.311020076275, 0.29968175292, 0.391904056072], "dmean2": [0.725425839424, 0.641546010971, 0.531426429749, 0.484364181757, 0.426104605198, 0.485170036554], "dvar2": [0.393174260855, 0.319817870855, 0.21736048162, 0.244537174702, 0.289535492659, 0.448957800865], "max": [-4.93419504166, -4.20244121552, -4.88677024841, -5.09683036804, -5.64191961288, -7.39580440521], "median": [-6.75625801086, -6.14205884933, -6.78308057785, -7.29997253418, -7.24108409882, -9.20203399658], "var": [1.30401623249, 0.964187145233, 0.878762423992, 1.02082192898, 1.14287793636, 1.46822071075]}, "barkbands_flatness_db": {"mean": 0.142847627401, "dvar": 0.000666867708787, "min": 0.0176885221153, "dmean": 0.0259152371436, "dmean2": 0.0352394133806, "dvar2": 0.00129091204144, "max": 0.61513787508, "median": 0.128359004855, "var": 0.00446805916727}, "barkbands_kurtosis": {"mean": 11.9829854965, "dvar": 6673.80761719, "min": -1.8891727924