{"tonal": {"hpcp": {"dvar": [0.0656507462263, 0.0552820041776, 0.0555641166866, 0.045327283442, 0.0412089377642, 0.0359021574259, 0.042948897928, 0.049722135067, 0.0583981126547, 0.0623663850129, 0.0597179941833, 0.0578469596803, 0.0510809645057, 0.0488851480186, 0.0445625074208, 0.0451976507902, 0.0549637302756, 0.056699346751, 0.0484381839633, 0.0431230627, 0.0340715423226, 0.0360959880054, 0.0408763177693, 0.04614745453, 0.065701700747, 0.0471592731774, 0.0419121608138, 0.0317377634346, 0.0307070016861, 0.0404013246298, 0.0464536510408, 0.0539953559637, 0.0622615814209, 0.0697467327118, 0.0644151642919, 0.0688293278217], "var": [0.0548572987318, 0.0644988119602, 0.0731502473354, 0.0419097952545, 0.0332825854421, 0.0304963830858, 0.0351817905903, 0.0519428178668, 0.0644864663482, 0.059830468148, 0.0728445500135, 0.0729561820626, 0.0444187521935, 0.0388837829232, 0.0384722165763, 0.0425625406206, 0.074376732111, 0.0966021344066, 0.053568765521, 0.034384816885, 0.0250374563038, 0.0312868990004, 0.0566378831863, 0.0700423941016, 0.0708039104939, 0.0543637573719, 0.0506593361497, 0.0343567989767, 0.035842910409, 0.0446044690907, 0.0450633652508, 0.0668141394854, 0.0861108377576, 0.0746793374419, 0.0659010335803, 0.0648102909327], "median": [0.0590268820524, 0.0985353365541, 0.102097310126, 0.0603453814983, 0.0310606118292, 0.0296992175281, 0.0379472523928, 0.0635309740901, 0.081862770021, 0.078904747963, 0.0769464671612, 0.0663986355066, 0.0449804067612, 0.0359498336911, 0.0356277301908, 0.0481438450515, 0.119592703879, 0.151556059718, 0.088099963963, 0.0274188071489, 0.0195019543171, 0.0301617905498, 0.0574039183557, 0.0852599740028, 0.0736149176955, 0.0620925575495, 0.0445807650685, 0.0390268824995, 0.0486287884414, 0.0546176359057, 0.0594638884068, 0.0912092775106, 0.116160817444, 0.0896902903914, 0.0577470511198, 0.0479260534048], "max": [1, 1, 1, 1, 1, 1, 1, 1, 1, 1, 1, 1, 1, 1, 1, 1, 1, 1, 1, 1, 1, 1, 1, 1, 1, 1, 1, 1, 1, 1, 1, 1, 1, 1, 1, 1], "dmean": [0.187175124884, 0.188423842192, 0.183140262961, 0.143333509564, 0.114554293454, 0.107003569603, 0.121186159551, 0.153247907758, 0.178630918264, 0.189150676131, 0.183684110641, 0.173041164875, 0.147569000721, 0.134769335389, 0.129338905215, 0.141280949116, 0.193713605404, 0.20812933147, 0.169058904052, 0.123798519373, 0.101101577282, 0.113122805953, 0.139276966453, 0.173558220267, 0.197699517012, 0.166978999972, 0.133000776172, 0.112979136407, 0.114912413061, 0.135949030519, 0.154329955578, 0.185478553176, 0.212688684464, 0.21507319808, 0.193657621741, 0.189058512449], "dmean2": [0.339411050081, 0.329543203115, 0.316868573427, 0.252818197012, 0.207512527704, 0.191653028131, 0.216894626617, 0.267894893885, 0.315278142691, 0.339430183172, 0.319675803185, 0.295272231102, 0.264309495687, 0.245128646493, 0.233347758651, 0.25320187211, 0.335602939129, 0.354191064835, 0.295991271734, 0.224945619702, 0.184619277716, 0.202949732542, 0.240206554532, 0.298163205385, 0.35226264596, 0.295752435923, 0.231789380312, 0.196972638369, 0.199560150504, 0.239155113697, 0.276294767857, 0.327521532774, 0.370944082737, 0.385093986988, 0.348782628775, 0.342081010342], "mean": [0.160556450486, 0.207216963172, 0.217783227563, 0.141839668155, 0.0977012887597, 0.0931103602052, 0.107442498207, 0.158073842525, 0.189548462629, 0.182093635201, 0.199607074261, 0.189286828041, 0.132953092456, 0.113100245595, 0.112969048321, 0.130430623889, 0.237703248858, 0.286201089621, 0.183468237519, 0.0982120260596, 0.0776042789221, 0.0996278449893, 0.161017969251, 0.205928310752, 0.195022717118, 0.166386410594, 0.140296220779, 0.113894537091, 0.122638769448, 0.140077918768, 0.144809022546, 0.202797785401, 0.24722032249, 0.213052451611, 0.177168786526, 0.164182052016], "dvar2": [0.186131522059, 0.147679507732, 0.138496130705, 0.123490646482, 0.111877337098, 0.0954311192036, 0.116380035877, 0.130488991737, 0.154235199094, 0.174761742353, 0.156445756555, 0.140110567212, 0.136598333716, 0.133551388979, 0.120093412697, 0.120162039995, 0.145375907421, 0.139377862215, 0.13038508594, 0.117202952504, 0.0940937995911, 0.0988611280918, 0.105663351715, 0.115229651332, 0.170143336058, 0.122300706804, 0.10523442924, 0.0819993987679, 0.0808402597904, 0.104522943497, 0.124257996678, 0.143953174353, 0.16028739512, 0.182855993509, 0.179489403963, 0.185853973031], "min": [0, 0, 0, 0, 0, 0, 0, 0, 0, 0, 0, 0, 0, 0, 0, 0, 0, 0, 0, 0, 0, 0, 0, 0, 0, 0, 0, 0, 0, 0, 0, 0, 0, 0, 0, 0]}, "key_key": "G", "thpcp": [1, 0.641046583652, 0.343157410622, 0.271152973175, 0.348104357719, 0.562604308128, 0.719523131847, 0.681418478489, 0.581361889839, 0.490201562643, 0.397952854633, 0.428505599499, 0.489438802004, 0.505969524384, 0.708584964275, 0.863799393177, 0.744415223598, 0.619036018848, 0.573659777641, 0.560991764069, 0.724025785923, 0.760944783688, 0.495594441891, 0.341372877359, 0.325331956148, 0.375409126282, 0.552317380905, 0.662291169167, 0.636243700981, 0.697436451912, 0.66137701273, 0.464544326067, 0.395177543163, 0.394719153643, 0.455730706453, 0.83054625988], "chords_key": "G", "tuning_equal_tempered_deviation": 0.400708675385, "tuning_frequency": 434.193115234, "tuning_diatonic_strength": 0.677259147167, "chords_histogram": [33.6140213013, 2.35435652733, 9.48616600037, 0.20622099936, 0.515552520752, 0.670218229294, 2.35435652733, 0.154665753245, 0, 0.20622099936, 1.68413817883, 0.171850830317, 2.4230966568, 6.46159124374, 2.54339241982, 0.549922645092, 0.0171850826591, 1.59821271896, 0.10311049968, 9.95016288757, 3.38546133041, 11.3765249252, 6.42722129822, 3.74634814262], "key_strength": 0.777195692062, "key_scale": "major", "chords_strength": {"dvar": 0.000565664202441, "var": 0.017173724249, "median": 0.498174279928, "max": 0.871940732002, "dmean": 0.0146067338064, "dmean2": 0.0167929921299, "mean": 0.501837015152, "dvar2": 0.00106124288868, "min": -1}, "chords_number_rate": 0.00240591168404, "tuning_nontempered_energy_ratio": 0.953633785248, "hpcp_entropy": {"dvar": 0.32553973794, "var": 0.623797476292, "median": 2.28754258156, "max": 4.70475769043, "dmean": 0.709051012993, "dmean2": 1.19135153294, "mean": 2.27830314636, "dvar2": 0.898249447346, "min": 0}, "chords_changes_rate": 0.09709572047, "chords_scale": "major"}, "rhythm": {"bpm_histogram_first_peak_spread": {"dvar": 0, "var": 0, "median": 0.0135746598244, "max": 0.0135746598244, "dmean": 0, "dmean2": 0, "mean": 0.0135746598244, "dvar2": 0, "min": 0.0135746598244}, "bpm_histogram_first_peak_weight": {"dvar": 0, "var": 0, "median": 0.984198629856, "max": 0.984198629856, "dmean": 0, "dmean2": 0, "mean": 0.984198629856, "dvar2": 0, "min": 0.984198629856}, "bpm_histogram_first_peak_bpm": {"dvar": 0, "var": 0, "median": 99, "max": 99, "dmean": 0, "dmean2": 0, "mean": 99, "dvar2": 0, "min": 99}, "bpm": 98.8127746582, "bpm_histogram_second_peak_weight": {"dvar": 0, "var": 0, "median": 0.00225733639672, "max": 0.00225733639672, "dmean": 0, "dmean2": 0, "mean": 0.00225733639672, "dvar2": 0, "min": 0.00225733639672}, "beats_loudness": {"dvar": 0.000183323849342, "var": 0.000318275269819, "median": 0.0476385504007, "max": 0.108332514763, "dmean": 0.0178060848266, "dmean2": 0.0313337445259, "mean": 0.047701574862, "dvar2": 0.000574427249376, "min": 0}, "beats_loudness_band_ratio": {"dvar": [0.0278470795602, 0.00310855382122, 0.0133466888219, 0.00967453792691, 0.00290161254816, 0.0035789674148], "var": [0.0425791852176, 0.00369721464813, 0.0177861209959, 0.0104547822848, 0.00327860075049, 0.00344136543572], "median": [0.513538658619, 0.0685381740332, 0.113431632519, 0.0676440596581, 0.0750392302871, 0.083313241601], "max": [0.985308289528, 0.406875044107, 0.925101161003, 0.873386919498, 0.546890377998, 0.599465966225], "dmean": [0.24911698699, 0.0687896981835, 0.122870579362, 0.0893117710948, 0.074149698019, 0.0718875899911], "dmean2": [0.460915207863, 0.125343084335, 0.213168889284, 0.158687114716, 0.141312494874, 0.137553751469], "mean": [0.533727943897, 0.0820074751973, 0.146185949445, 0.0958494096994, 0.0810265690088, 0.0918493196368], "dvar2": [0.0908660814166, 0.0091740610078, 0.037129200995, 0.0260921698064, 0.00944606866688, 0.0112587492913], "min": [0, 0, 0, 0, 0, 0]}, "bpm_histogram_second_peak_bpm": {"dvar": 0, "var": 0, "median": 105, "max": 105, "dmean": 0, "dmean2": 0, "mean": 105, "dvar2": 0, "min": 105}, "onset_rate": 5.529733181, "beats_count": 444, "beats_position": [0.638548731804, 1.26548755169, 1.89242625237, 2.50775504112, 3.13469386101, 3.76163268089, 4.37696123123, 4.99229001999, 5.59600877762, 6.21133756638, 6.82666635513, 7.4303855896, 8.03410434723, 8.63782310486, 9.24154186249, 9.84526062012, 10.4489793777, 11.0526981354, 11.6680269241, 12.2717456818, 12.8870744705, 13.4907932281, 14.0945119858, 14.6982307434, 15.3135595322, 15.9288883209, 16.5326080322, 17.1363258362, 17.7400455475, 18.3437633514, 18.9474830627, 19.5512008667, 20.1665306091, 20.7818584442, 21.3855781555, 21.9892959595, 22.5930156708, 23.1967334747, 23.800453186, 24.4157810211, 25.0311107635, 25.6348285675, 26.2385482788, 26.8422679901, 27.4459857941, 28.0497055054, 28.6534233093, 29.2687530518, 29.8840808868, 30.4878005981, 31.0915184021, 31.6952381134, 32.2989578247, 32.9142837524, 33.5296134949, 34.1333312988, 34.7370529175, 35.3407707214, 35.9444885254, 36.5482063293, 37.1635360718, 37.7788658142, 38.3825836182, 38.9863014221, 39.5900230408, 40.1937408447, 40.7974586487, 41.4011802673, 42.0165061951, 42.6318359375, 43.2355537415, 43.8392753601, 44.4429931641, 45.0583229065, 45.6620407104, 46.2657585144, 46.8810882568, 47.4848060608, 48.0885238647, 48.6922454834, 49.3075714111, 49.9229011536, 50.5266189575, 51.1303405762, 51.7340583801, 52.3377761841, 52.941493988, 53.5452156067, 54.1605415344, 54.7642631531, 55.3795890808, 55.9833106995, 56.5870285034, 57.1907463074, 57.794467926, 58.39818573, 59.0135154724, 59.6288414001, 60.2325630188, 60.8362808228, 61.4399986267, 62.0437164307, 62.6590461731, 63.2743759155, 63.8780937195, 64.4818115234, 65.0855331421, 65.6892471313, 66.29296875, 66.8966903687, 67.5120162964, 68.1273422241, 68.7310638428, 69.3347854614, 69.9384994507, 70.5422210693, 71.145942688, 71.7612686157, 72.3765945435, 72.9803161621, 73.5840377808, 74.18775177, 74.7914733887, 75.4067993164, 76.0221328735, 76.6258468628, 77.2295684814, 77.8332901001, 78.4370040894, 79.0523376465, 79.6676635742, 80.2713851929, 80.8750991821, 81.4788208008, 82.08253479, 82.6862564087, 83.2899780273, 83.9169158936, 84.5206298828, 85.1243515015, 85.7280731201, 86.3317871094, 86.935508728, 87.5392303467, 88.1545562744, 88.7698822021, 89.3736038208, 89.9773254395, 90.5810394287, 91.1963729858, 91.8116989136, 92.4154205322, 93.0191345215, 93.6228561401, 94.2265777588, 94.830291748, 95.4340133667, 96.0493392944, 96.6530609131, 97.2683868408, 97.8721084595, 98.4758224487, 99.0795440674, 99.683265686, 100.298591614, 100.913917542, 101.51763916, 102.121360779, 102.725074768, 103.328796387, 103.932518005, 104.536231995, 105.151565552, 105.766891479, 106.370613098, 106.974327087, 107.578048706, 108.181770325, 108.797096252, 109.41242218, 110.016143799, 110.619865417, 111.223579407, 111.827301025, 112.442626953, 113.05796051, 113.6616745, 114.265396118, 114.869110107, 115.472831726, 116.076553345, 116.680267334, 117.295600891, 117.910926819, 118.514648438, 119.118362427, 119.722084045, 120.325805664, 120.929519653, 121.54485321, 122.160179138, 122.763900757, 123.367614746, 123.971336365, 124.575057983, 125.178771973, 125.79410553, 126.409431458, 127.013153076, 127.616867065, 128.220581055, 128.824310303, 129.43963623, 130.054962158, 130.658676147, 131.262405396, 131.866119385, 132.469833374, 133.085174561, 133.68888855, 134.304214478, 134.907928467, 135.511657715, 136.115371704, 136.719085693, 137.322814941, 137.938140869, 138.553466797, 139.157180786, 139.760910034, 140.364624023, 140.968338013, 141.572067261, 142.17578125, 142.791107178, 143.406433105, 144.010162354, 144.613876343, 145.229202271, 145.844528198, 146.448257446, 147.051971436, 147.655685425, 148.259414673, 148.863128662, 149.466842651, 150.070556641, 150.685897827, 151.301223755, 151.904937744, 152.508651733, 153.112380981, 153.716094971, 154.331420898, 154.946762085, 155.550476074, 156.154190063, 156.757904053, 157.361633301, 157.96534729, 158.580673218, 159.195999146, 159.799728394, 160.403442383, 161.007156372, 161.61088562, 162.214599609, 162.818313599, 163.433654785, 164.048980713, 164.652694702, 165.256408691, 165.860137939, 166.463851929, 167.079177856, 167.694503784, 168.298233032, 168.901947021, 169.505661011, 170.109390259, 170.724716187, 171.340042114, 171.943756104, 172.547485352, 173.151199341, 173.75491333, 174.358642578, 174.962356567, 175.577682495, 176.193008423, 176.796737671, 177.40045166, 178.004165649, 178.607894897, 179.223220825, 179.838546753, 180.442260742, 181.04598999, 181.649703979, 182.253417969, 182.857131958, 183.460861206, 184.076187134, 184.691513062, 185.29524231, 185.898956299, 186.502670288, 187.106384277, 187.721725464, 188.337051392, 188.940765381, 189.54447937, 190.148208618, 190.751922607, 191.355636597, 191.959365845, 192.574691772, 193.1900177, 193.793731689, 194.397460938, 195.001174927, 195.604888916, 196.208618164, 196.812332153, 197.427658081, 198.042984009, 198.646713257, 199.250427246, 199.854141235, 200.457870483, 201.061584473, 201.665298462, 202.28062439, 202.895965576, 203.499679565, 204.103393555, 204.707122803, 205.310836792, 205.914550781, 206.529876709, 207.145217896, 207.748931885, 208.352645874, 208.956375122, 209.57170105, 210.187026978, 210.790740967, 211.394470215, 211.998184204, 212.601898193, 213.205612183, 213.809341431, 214.424667358, 215.039993286, 215.643707275, 216.247436523, 216.851150513, 217.46647644, 218.070205688, 218.685531616, 219.289245605, 219.892959595, 220.496688843, 221.100402832, 221.71572876, 222.319458008, 222.923171997, 223.538497925, 224.142211914, 224.745941162, 225.349655151, 225.953369141, 226.568710327, 227.184036255, 227.799362183, 228.41468811, 229.0184021, 229.622131348, 230.225845337, 230.829559326, 231.433288574, 232.037002563, 232.640716553, 233.244445801, 233.859771729, 234.475097656, 235.078811646, 235.682540894, 236.286254883, 236.889968872, 237.49369812, 238.097412109, 238.712738037, 239.328063965, 239.931793213, 240.535507202, 241.139221191, 241.742950439, 242.346664429, 242.961990356, 243.577316284, 244.181045532, 244.784759521, 245.388473511, 245.9921875, 246.595916748, 247.211242676, 247.826568604, 248.430297852, 249.034011841, 249.63772583, 250.241439819, 250.856781006, 251.472106934, 252.075820923, 252.679534912, 253.28326416, 253.886978149, 254.490692139, 255.094421387, 255.709747314, 256.325073242, 256.92880249, 257.532501221, 258.136230469, 258.739959717, 259.343658447, 259.947387695, 260.562713623, 261.178039551, 261.781768799, 262.385467529, 263.000823975, 263.616149902, 264.219848633, 264.823577881, 265.427307129, 266.031005859, 266.634735107, 267.238464355, 267.818939209, 268.3878479, 269.003173828, 269.618499756], "danceability": 1.36394751072, "bpm_histogram_second_peak_spread": {"dvar": 0, "var": 0, "median": 0, "max": 0, "dmean": 0, "dmean2": 0, "mean": 0, "dvar2": 0, "min": 0}}, "lowlevel": {"spectral_flux": {"dvar": 0.00123035931028, "var": 0.00268562370911, "median": 0.0818475931883, "max": 0.348597973585, "dmean": 0.0316534861922, "dmean2": 0.0465358905494, "mean": 0.0928873047233, "dvar2": 0.00247022742406, "min": 6.39737637864e-11}, "spectral_rolloff": {"dvar": 1292722, "var": 5209420.5, "median": 1787.25585938, "max": 19982.8125, "dmean": 835.72857666, "dmean2": 1331.82019043, "mean": 2347.74658203, "dvar2": 2651361, "min": 21.533203125}, "barkbands_flatness_db": {"dvar": 0.000383944367059, "var": 0.00163523049559, "median": 0.10315207392, "max": 0.669341862202, "dmean": 0.0204609334469, "dmean2": 0.031762521714, "mean": 0.111136063933, "dvar2": 0.000865712412633, "min": 0.0257292892784}, "spectral_centroid": {"dvar": 118085.84375, "var": 987807.875, "median": 1747.39245605, "max": 11826.0771484, "dmean": 332.140594482, "dmean2": 508.90020752, "mean": 1864.55041504, "dvar2": 260225.65625, "min": 293.273132324}, "melbands_skewness": {"dvar": 1.59754550457, "var": 12.7350540161, "median": 2.09446001053, "max": 142.797225952, "dmean": 0.877249896526, "dmean2": 1.31094908714, "mean": 2.56104111671, "dvar2": 2.3729557991, "min": -2.7193274498}, "melbands": {"dvar": [9.94361812445e-07, 4.29157216786e-06, 5.88526245338e-06, 1.22615892906e-06, 8.84658390987e-08, 1.08378564789e-07, 1.53850777451e-07, 1.13414010627e-07, 3.4543035099e-07, 2.84169544784e-07, 7.4796780325e-08, 3.68001700224e-08, 2.31314647436e-08, 9.08864361548e-09, 1.30121673436e-08, 1.19148646505e-08, 5.56203705315e-09, 3.97336519242e-09, 2.48478837506e-09, 1.86822846082e-09, 8.20148449154e-10, 6.11994399602e-10, 5.22035192851e-10, 2.3720128639e-10, 2.29548630104e-10, 2.81980633288e-10, 2.80368284145e-10, 1.50201226456e-10, 8.3627604841e-11, 7.56290655102e-11, 5.24981551286e-11, 3.50417438122e-11, 3.15912469795e-11, 2.77019449046e-11, 2.55081407385e-11, 1.79804504619e-11, 1.00279775803e-11, 7.24189198192e-12, 2.79634084985e-12, 2.2244914244e-12], "var": [2.71800877272e-06, 4.17096953242e-06, 4.68615280624e-06, 8.35493096929e-07, 8.85357138714e-08, 1.1969095226e-07, 1.94084833538e-07, 2.94412529911e-07, 8.84327789663e-07, 9.06900879727e-07, 1.66454469763e-07, 1.18691403372e-07, 6.4330116345e-08, 1.62402038484e-08, 1.97411242908e-08, 1.88582038874e-08, 8.43515035598e-09, 7.05754610308e-09, 4.26242952045e-09, 2.7439308603e-09, 1.18314036346e-09, 8.17558798438e-10, 7.62661933607e-10, 3.50368539737e-10, 3.12219666787e-10, 3.51048218272e-10, 3.15179438104e-10, 2.19543980218e-10, 1.14526110817e-10, 9.54658713193e-11, 7.08793024273e-11, 5.37140575074e-11, 4.53031778758e-11, 4.14465545218e-11, 4.00405437972e-11, 3.38435737768e-11, 2.11122248156e-11, 1.29231443255e-11, 5.72846804714e-12, 4.14065743498e-12], "median": [0.000364497303963, 0.000721076794434, 0.00044035166502, 0.00017280728207, 9.9445154774e-05, 7.82058850746e-05, 6.83537873556e-05, 6.80233351886e-05, 0.000117150164442, 7.0639711339e-05, 4.76979766972e-05, 3.37834826496e-05, 3.02630178339e-05, 2.50653574767e-05, 2.31189897022e-05, 2.94670880976e-05, 2.95735389955e-05, 2.66578754236e-05, 2.40324407059e-05, 1.95630163944e-05, 1.02469311969e-05, 8.89070361154e-06, 1.14701097118e-05, 8.12066900835e-06, 5.86058786212e-06, 6.76717309034e-06, 7.26831058273e-06, 6.84810402163e-06, 5.03839146404e-06, 4.53761322206e-06, 4.71526982437e-06, 4.67045583719e-06, 4.2147385102e-06, 3.7324762161e-06, 3.68068367607e-06, 3.10151358462e-06, 1.90515629583e-06, 1.38641394187e-06, 9.71808390204e-07, 7.94049526576e-07], "max": [0.0132849691436, 0.0288934260607, 0.0255165807903, 0.0131815234199, 0.00389702804387, 0.0110511733219, 0.00641291541979, 0.0111997146159, 0.0127824973315, 0.0131211839616, 0.00803092680871, 0.00578794628382, 0.00470507144928, 0.00214380514808, 0.00270359148271, 0.00289602577686, 0.00137835228816, 0.00184340716805, 0.00111843727063, 0.000924286607187, 0.000513882609084, 0.000556967395823, 0.00035901326919, 0.0002433242189, 0.000252096273471, 0.000248196709435, 0.000434001267422, 0.000190948776435, 0.00012366953888, 0.000151149666635, 0.000103762431536, 9.40267782426e-05, 0.000239889428485, 9.86152736004e-05, 9.79495234787e-05, 6.90813321853e-05, 9.28329973249e-05, 0.000110898792627, 4.46695412393e-05, 4.1626401071e-05], "dmean": [0.00058796495432, 0.00116987654474, 0.00115037895739, 0.000451014639111, 0.000148402017658, 0.000144222649396, 0.000159883958986, 0.000139970099553, 0.000242087044171, 0.000202860159334, 0.000103696445876, 7.91982893134e-05, 6.19005732005e-05, 4.37848648289e-05, 4.56123234471e-05, 4.88855876029e-05, 4.18761010224e-05, 3.70534799004e-05, 2.92043951049e-05, 2.3778538889e-05, 1.50156611198e-05, 1.27701250676e-05, 1.33833209475e-05, 9.24090727494e-06, 8.69004816195e-06, 9.1894517027e-06, 8.6612863015e-06, 7.42977681512e-06, 5.43949454368e-06, 5.03123737872e-06, 4.84209749629e-06, 4.13955740441e-06, 3.6076280594e-06, 3.66249855688e-06, 3.64324841939e-06, 2.95402787742e-06, 2.01748616746e-06, 1.65167250543e-06, 1.21694984045e-06, 1.08137101051e-06], "dmean2": [0.000846604176331, 0.00193783361465, 0.00193202681839, 0.000795170082711, 0.000250697106821, 0.000239105691435, 0.00026478728978, 0.000223757786443, 0.000378789787646, 0.000315458193654, 0.000163985459949, 0.000123480465845, 9.40843092394e-05, 6.87249339535e-05, 7.25287463865e-05, 7.69620892243e-05, 6.78955693729e-05, 5.88275361224e-05, 4.64363583887e-05, 3.84036829928e-05, 2.39222499658e-05, 2.04456082429e-05, 2.15408981603e-05, 1.45636868183e-05, 1.37650959005e-05, 1.45971780512e-05, 1.37198949233e-05, 1.156835242e-05, 8.59510873852e-06, 7.84581243352e-06, 7.41733583709e-06, 6.22317975285e-06, 5.42081761523e-06, 5.58226838621e-06, 5.35985373062e-06, 4.31514445154e-06, 2.89420063382e-06, 2.43670888267e-06, 1.7902655145e-06, 1.60308138675e-06], "mean": [0.00112496095244, 0.00140299182385, 0.0011230178643, 0.000425232457928, 0.000191871586139, 0.000183910364285, 0.000200835711439, 0.000207713455893, 0.000400867429562, 0.000328480848111, 0.000157762988238, 0.000128539089928, 9.95665395749e-05, 6.55886979075e-05, 6.60314472043e-05, 7.11690299795e-05, 5.98825572524e-05, 5.55549595447e-05, 4.51576961495e-05, 3.69199333363e-05, 2.21066748054e-05, 1.85974313354e-05, 2.10129128391e-05, 1.44982832353e-05, 1.23067829918e-05, 1.27834700834e-05, 1.26182339955e-05, 1.17754361781e-05, 8.64420417201e-06, 7.67762139731e-06, 7.37654045224e-06, 6.89504622642e-06, 6.26682503935e-06, 5.84618101129e-06, 5.81006452194e-06, 4.98905319546e-06, 3.30596071763e-06, 2.49147910836e-06, 1.86924683021e-06, 1.53940959535e-06], "dvar2": [2.00934596251e-06, 1.1280126273e-05, 1.53398559632e-05, 3.36902326126e-06, 2.38032725974e-07, 2.78688219169e-07, 3.97949804665e-07, 2.5807048587e-07, 7.9272098219e-07, 6.14226507878e-07, 1.69495407931e-07, 8.04297854984e-08, 4.76851091946e-08, 2.16307878276e-08, 3.06297813779e-08, 2.67431676804e-08, 1.40928220205e-08, 9.33975563555e-09, 5.85837600653e-09, 4.70427918842e-09, 2.08264472334e-09, 1.51240020507e-09, 1.30298838386e-09, 5.72533076504e-10, 5.43389999663e-10, 6.51358522674e-10, 6.9891809007e-10, 3.5666636311e-10, 2.02373048874e-10, 1.83892456818e-10, 1.24704996329e-10, 8.06996483527e-11, 7.60321181015e-11, 6.30809085522e-11, 5.71172276143e-11, 3.82565090717e-11, 2.01616414536e-11, 1.56147247909e-11, 5.84129663042e-12, 4.90788356136e-12], "min": [1.06435874346e-24, 1.18786951209e-24, 1.86885704119e-24, 4.48553903495e-25, 1.43860648563e-24, 7.90970713712e-25, 2.12389991336e-24, 1.22217450907e-24, 1.73727445055e-24, 1.22627776906e-24, 2.29817743113e-24, 2.52384903965e-24, 2.81731732652e-24, 2.70366317768e-24, 1.81211447349e-24, 1.51542122463e-24, 2.34270922087e-24, 1.78796152472e-24, 3.62162965029e-24, 3.29823237511e-24, 3.86132424748e-24, 3.6744892474e-24, 3.03016619825e-24, 3.7025995169e-24, 3.59603939696e-24, 4.08103857567e-24, 3.37067800799e-24, 4.02330776247e-24, 4.06730332402e-24, 5.53475302953e-24, 4.70157155207e-24, 4.90300639536e-24, 5.70083507135e-24, 5.93165774437e-24, 5.29275180305e-24, 5.72666158853e-24, 6.61877807535e-24, 6.18944999402e-24, 5.54925899829e-24, 6.04990562748e-24]}, "spectral_decrease": {"dvar": 1.57672900113e-17, "var": 2.36952967132e-17, "median": -4.60798155189e-09, "max": 1.64372321393e-25, "dmean": 2.71837596877e-09, "dmean2": 4.21754897673e-09, "mean": -5.85088155702e-09, "dvar2": 3.77515735536e-17, "min": -3.98310291416e-08}, "barkbands_kurtosis": {"dvar": 18873.7617188, "var": 144472.875, "median": 0.398542165756, "max": 19087.3984375, "dmean": 5.32400941849, "dmean2": 6.1259636879, "mean": 11.9666032791, "dvar2": 17360.3183594, "min": -1.93844544888}, "silence_rate_30dB": {"dvar": 0.00240067695267, "var": 0.00137316808105, "median": 1, "max": 1, "dmean": 0.00240653194487, "dmean2": 0.00481347786263, "mean": 0.99862498045, "dvar2": 0.00685296440497, "min": 0}, "gfcc": {"mean": [16.6174850464, 59.8717498779, -116.682937622, 41.2835693359, -66.9307785034, 30.8090724945, -38.1659812927, 15.6841964722, -21.9992084503, 7.8921880722, -21.1740093231, -1.60367369652, -14.8311662674], "cov": [[15128.8476562, 580.147644043, -1124.74987793, 401.194885254, -766.868652344, 131.141708374, -476.216278076, 31.191942215, -389.485870361, 77.9098434448, -416.627685547, -173.677185059, -374.78237915], [580.147644043, 628.40032959, -125.509140015, 11.4832572937, 33.5415496826, -17.1907234192, 55.9727592468, -1.28110432625, 29.1118526459, -53.0954246521, 22.505317688, -62.9726791382, -3.3332798481], [-1124.74987793, -125.509140015, 646.466552734, 210.824386597, 86.4757537842, 19.5805606842, 16.93034935, -17.3851490021, 2.66124081612, -2.84268903732, -9.49349212646, 8.30306720734, -39.8342323303], [401.194885254, 11.4832572937, 210.824386597, 402.294189453, 103.889785767, 6.68427419662, -40.4077682495, -11.436299324, -5.32687282562, -1.78370940685, 1.63105797768, 0.589968204498, -16.8958969116], [-766.868652344, 33.5415496826, 86.4757537842, 103.889785767, 234.552444458, 58.7272491455, 53.0470619202, 5.4748749733, 25.9317569733, -8.64360237122, 23.9071102142, 14.2305421829, 26.3313331604], [131.141708374, -17.1907234192, 19.5805606842, 6.68427419662, 58.7272491455, 207.074401855, 114.097442627, 12.6258096695, -15.9494543076, 10.4877529144, 15.026307106, 22.4841136932, 19.4743843079], [-476.216278076, 55.9727592468, 16.93034935, -40.4077682495, 53.0470619202, 114.097442627, 209.786743164, 50.5262794495, 12.4135322571, -5.33657836914, 32.8202476501, 18.1038818359, 26.4131679535], [31.191942215, -1.28110432625, -17.3851490021, -11.436299324, 5.4748749733, 12.6258096695, 50.5262794495, 132.119293213, 78.7567825317, 12.1993312836, 1.90533983707, 7.06202745438, 16.9914569855], [-389.485870361, 29.1118526459, 2.66124081612, -5.32687282562, 25.9317569733, -15.9494543076, 12.4135322571, 78.7567825317, 149.156524658, 45.6778411865, 23.4254722595, 0.711212456226, 28.0916385651], [77.9098434448, -53.0954246521, -2.84268903732, -1.78370940685, -8.64360237122, 10.4877529144, -5.33657836914, 12.1993312836, 45.6778411865, 93.4420089722, 42.3254127502, 23.16929245, 11.3225831985], [-416.627685547, 22.505317688, -9.49349212646, 1.63105797768, 23.9071102142, 15.026307106, 32.8202476501, 1.90533983707, 23.4254722595, 42.3254127502, 108.515556335, 57.7191238403, 38.618396759], [-173.677185059, -62.9726791382, 8.30306720734, 0.589968204498, 14.2305421829, 22.4841136932, 18.1038818359, 7.06202745438, 0.711212456226, 23.16929245, 57.7191238403, 99.3317337036, 52.6953811646], [-374.78237915, -3.3332798481, -39.8342323303, -16.8958969116, 26.3313331604, 19.4743843079, 26.4131679535, 16.9914569855, 28.0916385651, 11.3225831985, 38.618396759, 52.6953811646, 100.930664062]], "icov": [[0.000371195405023, -0.000728374812752, 0.000724033277947, -0.00088143494213, 0.00106834829785, -0.000989947235212, 0.000884845969267, -0.00107268313877, 0.00127395917661, -0.00164703396149, 0.00192782178055, -0.00119492772501, 0.00107023573946], [-0.000728374812752, 0.003723945003, -0.000840564724058, 0.0012822332792, -0.00207735435106, 0.00224436586723, -0.00260079745203, 0.00285214511678, -0.00359267252497, 0.00522803654894, -0.00563596235588, 0.00442059244961, -0.00212746649049], [0.000724033277947, -0.000840564724058, 0.00361510924995, -0.00284560024738, 0.00180931459181, -0.00170165358577, 0.000817740568891, -0.00115103670396, 0.00150605465751, -0.00270622223616, 0.00406297715381, -0.00301046879031, 0.00334884249605], [-0.00088143494213, 0.0012822332792, -0.00284560024738, 0.00574434641749, -0.00405646814033, 0.00196107267402, -0.000424236030085, 0.00162077962887, -0.0020750167314, 0.0034409116488, -0.00483774673194, 0.00282046641223, -0.00230405735783], [0.00106834829785, -0.00207735435106, 0.00180931459181, -0.00405646814033, 0.00913393031806, -0.00415464257821, 0.00157572794706, -0.00179884734098, 0.00155349331908, -0.00274532311596, 0.00459503754973, -0.00323008722626, 0.00204651337117], [-0.000989947235212, 0.00224436586723, -0.00170165358577, 0.00196107267402, -0.00415464257821, 0.0106392279267, -0.00692527974024, 0.00309295533225, -0.00151611969341, 0.0018124707276, -0.00343247177079, 0.00241125561297, -0.00334933982231], [0.000884845969267, -0.00260079745203, 0.000817740568891, -0.000424236030085, 0.00157572794706, -0.00692527974024, 0.0116521278396, -0.00662304181606, 0.00445843068883, -0.00237444369122, 0.00148163957056, -0.00179169024341, 0.00183628301602], [-0.00107268313877, 0.00285214511678, -0.00115103670396, 0.00162077962887, -0.00179884734098, 0.00309295533225, -0.00662304181606, 0.0171822793782, -0.0124196866527, 0.00677977409214, -0.00283150095493, 0.000764764903579, -0.00197851122357], [0.00127395917661, -0.00359267252497, 0.00150605465751, -0.0020750167314, 0.00155349331908, -0.00151611969341, 0.00445843068883, -0.0124196866527, 0.0195333100855, -0.0128928115591, 0.00555268675089, -0.000132695015054, -0.000375342962798], [-0.00164703396149, 0.00522803654894, -0.00270622223616, 0.0034409116488, -0.00274532311596, 0.0018124707276, -0.00237444369122, 0.00677977409214, -0.0128928115591, 0.0261248741299, -0.0160318911076, 0.00522911222652, -0.00252699409612], [0.00192782178055, -0.00563596235588, 0.00406297715381, -0.00483774673194, 0.00459503754973, -0.00343247177079, 0.00148163957056, -0.00283150095493, 0.00555268675089, -0.0160318911076, 0.0293062273413, -0.0164042133838, 0.00492286728695], [-0.00119492772501, 0.00442059244961, -0.00301046879031, 0.00282046641223, -0.00323008722626, 0.00241125561297, -0.00179169024341, 0.000764764903579, -0.000132695015054, 0.00522911222652, -0.0164042133838, 0.0259398557246, -0.0121056297794], [0.00107023573946, -0.00212746649049, 0.00334884249605, -0.00230405735783, 0.00204651337117, -0.00334933982231, 0.00183628301602, -0.00197851122357, -0.000375342962798, -0.00252699409612, 0.00492286728695, -0.0121056297794, 0.0195370931178]]}, "silence_rate_20dB": {"dvar": 0, "var": 0, "median": 1, "max": 1, "dmean": 0, "dmean2": 0, "mean": 1, "dvar2": 0, "min": 1}, "barkbands_skewness": {"dvar": 0.896509647369, "var": 9.56823921204, "median": 1.00352716446, "max": 126.618797302, "dmean": 0.554012060165, "dmean2": 0.822287380695, "mean": 1.215056777, "dvar2": 1.00371444225, "min": -4.15176105499}, "erbbands_skewness": {"dvar": 0.157441735268, "var": 0.688739538193, "median": 0.139429837465, "max": 8.44511318207, "dmean": 0.385274291039, "dmean2": 0.578515052795, "mean": 0.241646140814, "dvar2": 0.335862070322, "min": -5.17787647247}, "spectral_contrast_valleys": {"dvar": [0.170318111777, 0.199777111411, 0.154439628124, 0.132846370339, 0.11392261833, 0.0932191833854], "var": [3.8092110157, 3.85367298126, 3.59951710701, 3.53157067299, 3.55327987671, 2.96085190773], "median": [-7.17082262039, -6.70178174973, -7.20230865479, -7.38252687454, -7.17212677002, -9.18650913239], "max": [-5.32650613785, -4.56826400757, -5.09658575058, -5.43707799911, -5.3245344162, -7.48780965805], "dmean": [0.457440167665, 0.475409537554, 0.419244945049, 0.375200927258, 0.321530342102, 0.352764368057], "dmean2": [0.725244879723, 0.734555363655, 0.634823739529, 0.540384888649, 0.44314545393, 0.437179088593], "mean": [-7.46320152283, -6.96538543701, -7.41143846512, -7.60767841339, -7.3647608757, -9.35725021362], "dvar2": [0.373474538326, 0.431270539761, 0.324134469032, 0.248885124922, 0.204938113689, 0.164241909981], "min": [-28.2285861969, -27.7782249451, -27.672618866, -27.6835212708, -27.6205863953, -27.4066505432]}, "spectral_strongpeak": {"dvar": 0.66490906477, "var": 1.43000471592, "median": 0.344752967358, "max": 10.4040222168, "dmean": 0.536486983299, "dmean2": 0.906282126904, "mean": 0.885336816311, "dvar2": 1.60841953754, "min": 0}, "erbbands_crest": {"dvar": 7.65523052216, "var": 23.9760246277, "median": 7.03630256653, "max": 31.2109107971, "dmean": 2.82435917854, "dmean2": 4.54692029953, "mean": 8.43863105774, "dvar2": 18.2691059113, "min": 2.24292325974}, "barkbands_crest": {"dvar": 6.49405479431, "var": 20.2074203491, "median": 8.0469379425, "max": 26.9197769165, "dmean": 2.77883028984, "dmean2": 4.44111585617, "mean": 9.17632007599, "dvar2": 15.4500522614, "min": 1.92001569271}, "spectral_energyband_middle_low": {"dvar": 0.000112188208732, "var": 0.000148890947457, "median": 0.00597157794982, "max": 0.103118531406, "dmean": 0.00618534395471, "dmean2": 0.00992104317993, "mean": 0.0100038927048, "dvar2": 0.000278804713162, "min": 1.61444498952e-22}, "spectral_contrast_coeffs": {"dvar": [0.00248573976569, 0.00195533130318, 0.00136558047961, 0.000788007630035, 0.000355746218702, 0.000293117831461], "var": [0.00745177967474, 0.00660689780489, 0.00620227959007, 0.00326177012175, 0.00132885377388, 0.00131437100936], "median": [-0.673119962215, -0.754375576973, -0.774357199669, -0.771318435669, -0.802241206169, -0.765909612179], "max": [-0.353622734547, -0.364199399948, -0.368864685297, -0.524006962776, -0.630273580551, -0.616582989693], "dmean": [0.0578504167497, 0.0523795038462, 0.0438130386174, 0.0344730876386, 0.0224129911512, 0.0200173296034], "dmean2": [0.091567248106, 0.0850283429027, 0.0696668028831, 0.0544831380248, 0.0363300330937, 0.0308839734644], "mean": [-0.671834230423, -0.743554413319, -0.762390434742, -0.769213497639, -0.799409747124, -0.768083691597], "dvar2": [0.00582099799067, 0.00490431208163, 0.00318662379868, 0.00183903344441, 0.000869065988809, 0.000704118690919], "min": [-0.992838442326, -0.978257894516, -0.977176368237, -0.971816956997, -0.968698501587, -0.966419458389]}, "hfc": {"dvar": 186.701202393, "var": 385.192687988, "median": 21.2654075623, "max": 148.508712769, "dmean": 10.864315033, "dmean2": 14.9837732315, "mean": 25.5623340607, "dvar2": 387.197906494, "min": 1.09009209549e-16}, "spectral_energyband_high": {"dvar": 1.26094471398e-06, "var": 2.44181478593e-06, "median": 0.00115268980153, "max": 0.0141503736377, "dmean": 0.000874018180184, "dmean2": 0.0011924294522, "mean": 0.0016496819444, "dvar2": 2.61993523054e-06, "min": 7.02748656956e-21}, "erbbands_spread": {"dvar": 113.598205566, "var": 430.962432861, "median": 42.2052192688, "max": 167.451904297, "dmean": 10.6083202362, "dmean2": 15.7508592606, "mean": 45.0761680603, "dvar2": 240.763671875, "min": 1.54256391525}, "dissonance": {"dvar": 0.000351522961864, "var": 0.000699375697877, "median": 0.479348808527, "max": 0.500000119209, "dmean": 0.0169570241123, "dmean2": 0.0285962000489, "mean": 0.471436560154, "dvar2": 0.000928124296479, "min": 0.100951611996}, "spectral_kurtosis": {"dvar": 1.15869677067, "var": 3.07945036888, "median": 1.91745519638, "max": 48.7319030762, "dmean": 0.721113026142, "dmean2": 1.14073550701, "mean": 2.06694746017, "dvar2": 2.50624370575, "min": -1.27493298054}, "spectral_skewness": {"dvar": 0.0238463673741, "var": 0.10249645263, "median": 1.1705262661, "max": 5.35824394226, "dmean": 0.151909530163, "dmean2": 0.227709203959, "mean": 1.17270576954, "dvar2": 0.0495646595955, "min": -0.112014397979}, "pitch_salience": {"dvar": 0.00496216351166, "var": 0.014760132879, "median": 0.571138620377, "max": 0.980439424515, "dmean": 0.0775997713208, "dmean2": 0.12337474525, "mean": 0.558040261269, "dvar2": 0.0120403291658, "min": 0.00107500143349}, "spectral_complexity": {"dvar": 39.7846946716, "var": 139.742660522, "median": 20, "max": 61, "dmean": 5.68560361862, "dmean2": 8, "mean": 21.2646102905, "dvar2": 70.4241027832, "min": 0}, "spectral_spread": {"dvar": 506598883328, "var": 10422275014700.0, "median": 5610826, "max": 42837180, "dmean": 616649.375, "dmean2": 888502.375, "mean": 6081528.5, "dvar2": 1021499473920.0, "min": 1036085.5625}, "dynamic_complexity": 2.68029379845, "melbands_crest": {"dvar": 10.9798727036, "var": 36.3826942444, "median": 13.5963668823, "max": 39.9954605103, "dmean": 3.83112406731, "dmean2": 6.1448507309, "mean": 14.4191904068, "dvar2": 26.4939060211, "min": 1.68582761288}, "zerocrossingrate": {"dvar": 0.000224258852541, "var": 0.00278324447572, "median": 0.08154296875, "max": 0.537109375, "dmean": 0.0146788628772, "dmean2": 0.0167081672698, "mean": 0.0913201719522, "dvar2": 0.000265222945018, "min": 0}, "spectral_energyband_low": {"dvar": 9.2069429229e-05, "var": 0.000107311687316, "median": 0.00520729925483, "max": 0.117715805769, "dmean": 0.00568770617247, "dmean2": 0.0092883342877, "mean": 0.00854507833719, "dvar2": 0.000239860048168, "min": 1.43002464533e-23}, "melbands_kurtosis": {"dvar": 19407.9160156, "var": 178103.109375, "median": 5.59919881821, "max": 23153.8574219, "dmean": 11.6904649734, "dmean2": 14.8334693909, "mean": 23.1117401123, "dvar2": 13609.6708984, "min": -1.87544000149}, "spectral_energyband_middle_high": {"dvar": 1.09321927084e-05, "var": 3.2373402064e-05, "median": 0.00400879234076, "max": 0.062093950808, "dmean": 0.00233747228049, "dmean2": 0.00345549802296, "mean": 0.00574148306623, "dvar2": 2.30832247325e-05, "min": 1.08328580742e-21}, "barkbands_spread": {"dvar": 66.1412963867, "var": 221.889465332, "median": 31.9628334045, "max": 109.541793823, "dmean": 8.18081378937, "dmean2": 12.2330694199, "mean": 33.554309845, "dvar2": 143.038665771, "min": 0.0202105119824}, "mfcc": {"mean": [-616.542053223, 83.8117446899, 7.85968732834, 15.0061120987, 1.86660254002, 12.2109737396, -0.7674716115, 6.41972255707, 2.83807015419, 9.3785943985, 1.9670675993, 0.222695171833, -2.14242696762], "cov": [[6364.61035156, 386.096160889, -101.632453918, 138.726379395, -141.568344116, 21.6387825012, -83.2815551758, -137.52482605, -92.2475738525, 44.2613639832, 21.2835540771, -113.12197876, -151.747299194], [386.096160889, 564.374511719, -98.2286987305, -40.2429885864, -41.0551834106, -13.6836767197, 20.8684616089, 33.7658576965, 10.194934845, 25.7525253296, 18.7228050232, 3.73443651199, -16.2678947449], [-101.632453918, -98.2286987305, 467.306884766, 152.13911438, 57.2712898254, 55.6866989136, 9.88611030579, 13.103272438, -10.6871004105, -3.18030428886, 10.687210083, 2.42594432831, 2.27589130402], [138.726379395, -40.2429885864, 152.13911438, 340.240509033, 142.453659058, 22.8804550171, -17.2507610321, 2.90724349022, -7.07886171341, -12.9133148193, -4.15823554993, 8.5833234787, 23.2716350555], [-141.568344116, -41.0551834106, 57.2712898254, 142.453659058, 207.642196655, 44.1215286255, -18.5668773651, 6.54759597778, 15.3120527267, 3.52274823189, -6.42682695389, 3.67119979858, 14.9395837784], [21.6387825012, -13.6836767197, 55.6866989136, 22.8804550171, 44.1215286255, 188.850692749, 105.737861633, 27.379650116, -1.64985609055, -3.72501754761, -0.264571428299, -0.468721449375, -3.247351408], [-83.2815551758, 20.8684616089, 9.88611030579, -17.2507610321, -18.5668773651, 105.737861633, 177.523849487, 72.8118667603, 7.20344924927, -15.7530527115, 1.43642580509, 6.24244737625, -0.348170369864], [-137.52482605, 33.7658576965, 13.103272438, 2.90724349022, 6.54759597778, 27.379650116, 72.8118667603, 128.286804199, 56.0930709839, 13.262304306, 7.55222034454, 10.2458257675, 7.42967319489], [-92.2475738525, 10.194934845, -10.6871004105, -7.07886171341, 15.3120527267, -1.64985609055, 7.20344924927, 56.0930709839, 106.375030518, 55.6420059204, 11.208489418, 5.52892160416, 6.07183742523], [44.2613639832, 25.7525253296, -3.18030428886, -12.9133148193, 3.52274823189, -3.72501754761, -15.7530527115, 13.262304306, 55.6420059204, 95.866394043, 39.6171073914, 7.2086224556, -4.63213300705], [21.2835540771, 18.7228050232, 10.687210083, -4.15823554993, -6.42682695389, -0.264571428299, 1.43642580509, 7.55222034454, 11.208489418, 39.6171073914, 79.3603363037, 35.4046287537, -0.697679460049], [-113.12197876, 3.73443651199, 2.42594432831, 8.5833234787, 3.67119979858, -0.468721449375, 6.24244737625, 10.2458257675, 5.52892160416, 7.2086224556, 35.4046287537, 77.4912567139, 44.3958625793], [-151.747299194, -16.2678947449, 2.27589130402, 23.2716350555, 14.9395837784, -3.247351408, -0.348170369864, 7.42967319489, 6.07183742523, -4.63213300705, -0.697679460049, 44.3958625793, 79.5198898315]], "icov": [[0.000194068343262, -0.000121519471577, 8.097