{"tonal": {"chords_number_rate": 0.000824062619358, "thpcp": [1, 0.57629609108, 0.0951562672853, 0.0400252006948, 0.034710187465, 0.0840103104711, 0.161155208945, 0.131020545959, 0.0532078407705, 0.0366203151643, 0.0553443580866, 0.20287784934, 0.409527391195, 0.314167141914, 0.143997326493, 0.175829917192, 0.145421549678, 0.0754704996943, 0.0772223174572, 0.107791572809, 0.456874668598, 0.855884730816, 0.567876338959, 0.143029928207, 0.0566586703062, 0.0461672022939, 0.193027496338, 0.483919531107, 0.389842778444, 0.0857118293643, 0.0252139847726, 0.0266662668437, 0.0678003802896, 0.129715546966, 0.149978131056, 0.567808568478], "hpcp": {"dvar": [0.0261468533427, 0.0233924984932, 0.0121822627261, 0.00537891965359, 0.00540429214016, 0.0103021776304, 0.0162173695862, 0.0203986130655, 0.0291517004371, 0.0356385968626, 0.0287312939763, 0.0240753702819, 0.0123644126579, 0.00977967679501, 0.013482789509, 0.0158225353807, 0.0145524842665, 0.0117249442264, 0.0104123754427, 0.0155412200838, 0.0224401596934, 0.0275904349983, 0.0272151753306, 0.0193529967219, 0.0163750611246, 0.0144860884175, 0.0147001612931, 0.0147791858763, 0.020101133734, 0.0320480503142, 0.0411986969411, 0.0356977432966, 0.0341363810003, 0.0189883112907, 0.0126568591222, 0.0201996732503], "mean": [0.252778798342, 0.20363715291, 0.0447721816599, 0.0131707042456, 0.01392931398, 0.0354160107672, 0.0677578374743, 0.0783421397209, 0.296598851681, 0.522357106209, 0.301032364368, 0.0497055537999, 0.0209074486047, 0.0181311126798, 0.0438833832741, 0.0841805711389, 0.0684395134449, 0.0277934931219, 0.0191288813949, 0.0289095193148, 0.105974689126, 0.213919535279, 0.164107441902, 0.0752180293202, 0.0918460041285, 0.0759619772434, 0.0394225530326, 0.040337625891, 0.0563056953251, 0.23865172267, 0.447077482939, 0.296634227037, 0.0747127011418, 0.0295960586518, 0.0241157654673, 0.100829280913], "min": [0, 0, 0, 0, 0, 0, 0, 0, 0, 0, 0, 0, 0, 0, 0, 0, 0, 0, 0, 0, 0, 0, 0, 0, 0, 0, 0, 0, 0, 0, 0, 0, 0, 0, 0, 0], "median": [0.0257329121232, 0.0198006518185, 0.00834043696523, 0.002562855836, 0.00119851098862, 0.0120413871482, 0.0295621771365, 0.0307653751224, 0.245887160301, 0.454795449972, 0.237490937114, 0.00677410513163, 0.00200215564109, 0.00205748504959, 0.0113101014867, 0.0253035500646, 0.0173494350165, 0.002991422778, 0.00128070602659, 0.00155487179291, 0.0376584716141, 0.0902836546302, 0.0608315430582, 0.0154953105375, 0.00778306042776, 0.00409248191863, 0.00207780301571, 0.00107731041498, 0.00354687939398, 0.141739562154, 0.323468118906, 0.205095380545, 0.00823060236871, 0.00173494545743, 0.00159661541693, 0.0121229430661], "dvar2": [0.0628312900662, 0.0584298409522, 0.0345985516906, 0.0155942598358, 0.0153874037787, 0.0289848633111, 0.0453597046435, 0.0564471669495, 0.0805620774627, 0.0870135575533, 0.0776440054178, 0.0663842186332, 0.0350662395358, 0.0273842252791, 0.0369371064007, 0.0416567511857, 0.0385702960193, 0.0318640097976, 0.0289734266698, 0.0431979969144, 0.0602406859398, 0.0693156123161, 0.0702154636383, 0.0519077517092, 0.043633390218, 0.0394089967012, 0.0395152084529, 0.0389055423439, 0.0559401772916, 0.083201020956, 0.100404828787, 0.0943427085876, 0.0908349081874, 0.0526834055781, 0.0350434444845, 0.0572590306401], "var": [0.13018655777, 0.0902598276734, 0.0107162473723, 0.00340085942298, 0.00373766082339, 0.00783083681017, 0.0147494729608, 0.0195934437215, 0.0548908822238, 0.128447338939, 0.060938064009, 0.018793605268, 0.0078715775162, 0.00658425549045, 0.0130024151877, 0.0318590812385, 0.0264357086271, 0.010271157138, 0.00743516208604, 0.0120298070833, 0.0320446193218, 0.0781858861446, 0.0590567365289, 0.0249231141061, 0.0389717966318, 0.0304075330496, 0.0151937333867, 0.0230765435845, 0.0295676346868, 0.0590290278196, 0.147102594376, 0.0825713053346, 0.0323288924992, 0.0128497844562, 0.00898769497871, 0.0295470636338], "dmean2": [0.143429681659, 0.141571477056, 0.0781464576721, 0.0314506515861, 0.0361264273524, 0.066287048161, 0.102618038654, 0.126456752419, 0.23737077415, 0.247200548649, 0.230461403728, 0.118740670383, 0.0580211058259, 0.0466048531234, 0.0675618425012, 0.082576610148, 0.0752511397004, 0.0570709221065, 0.049520932138, 0.0714138075709, 0.122997365892, 0.170012488961, 0.157593071461, 0.108010955155, 0.0943164229393, 0.0812578871846, 0.0692156627774, 0.0629012808204, 0.0942978262901, 0.218114748597, 0.241598114371, 0.241170197725, 0.152048110962, 0.0816062688828, 0.0621961727738, 0.121801361442], "max": [1, 1, 1, 1, 1, 1, 1, 1, 1, 1, 1, 1, 1, 1, 1, 1, 1, 1, 1, 1, 1, 1, 1, 1, 1, 1, 1, 1, 1, 1, 1, 1, 1, 1, 1, 1], "dmean": [0.0857928693295, 0.0858900696039, 0.0436484254897, 0.0170510206372, 0.0194902922958, 0.0365394428372, 0.0578447505832, 0.0720389410853, 0.140074566007, 0.150448486209, 0.135648608208, 0.0655680075288, 0.0312079172581, 0.0251802504063, 0.0388596467674, 0.0491833537817, 0.0440911352634, 0.0316503532231, 0.026896731928, 0.0389506630599, 0.0728192105889, 0.104530230165, 0.0949071422219, 0.0631767883897, 0.0548892207444, 0.0475713163614, 0.0392669178545, 0.0351137444377, 0.0530367977917, 0.12826487422, 0.143200173974, 0.140834525228, 0.0862116888165, 0.0440690554678, 0.0339376479387, 0.0690194442868]}, "key_strength": 0.838575959206, "chords_strength": {"dvar": 0.000311442650855, "mean": 0.60895383358, "min": -1, "median": 0.613639831543, "dvar2": 0.000598344951868, "var": 0.00808307342231, "dmean2": 0.00518912728876, "max": 0.802625060081, "dmean": 0.00558685557917}, "tuning_equal_tempered_deviation": 0.0394168831408, "chords_key": "C", "tuning_frequency": 439.491973877, "chords_scale": "major", "chords_changes_rate": 0.0204642228782, "key_scale": "major", "tuning_diatonic_strength": 0.641735196114, "hpcp_entropy": {"dvar": 0.220340296626, "mean": 1.5633636713, "min": 0, "median": 1.60825717449, "dvar2": 0.589453458786, "var": 0.415992408991, "dmean2": 0.835097134113, "max": 4.54748535156, "dmean": 0.496614307165}, "chords_histogram": [63.0682601929, 0.412031322718, 0.0412031300366, 1.84040653706, 2.38978171349, 0, 0.109875015914, 0, 0, 0, 0.0686718821526, 0.0549375079572, 0, 0, 0, 0, 0, 1.66185963154, 0, 0.0137343769893, 0, 0.357093811035, 12.2235956192, 17.7585487366], "tuning_nontempered_energy_ratio": 0.623416662216, "key_key": "C"}, "metadata": {"version": {"extractor": "music 1.0", "essentia_build_sha": "65e368e5454dd45657e4cc002e00185f437e13e1", "essentia": "2.1-beta1", "essentia_git_sha": "v2.1_beta1-28-g21ef5f4"}, "audio_properties": {"sample_rate": 44100, "length": 338.076721191, "lossless": false, "analysis_sample_rate": 44100, "downmix": "mix", "bit_rate": 184523, "equal_loudness": 0, "md5_encoded": "4a53f5f2f3822662e8852ee31c753bfd", "codec": "mp3", "replay_gain": -5.02806091309}, "tags": {"catalognumber": ["KEM085"], "musicbrainz_recordingid": ["5594a12d-8b74-4ea0-ba5c-d994db54dfb6"], "title": ["Mistress"], "artist": ["Marissa Nadler"], "artists": ["Marissa Nadler"], "artistsort": ["Nadler, Marissa"], "originaldate": ["2009"], "musicbrainz_artistid": ["06ae569e-0b5b-4cd7-aded-98c3ad743ca3"], "tracknumber": ["10/10"], "musicbrainz_albumartistid": ["06ae569e-0b5b-4cd7-aded-98c3ad743ca3"], "musicbrainz album status": ["official"], "date": ["2009-03-03"], "acoustid_id": ["b35cf3e2-4486-4a6a-a154-fb906d5dc182"], "albumartistsort": ["Nadler, Marissa"], "musicbrainz_releasegroupid": ["08ec3ca7-fe7c-3b08-bd17-636ab5eda490"], "media": ["CD"], "musicbrainz release track id": ["66390e35-bdd9-3035-b950-d66c0288f66e"], "musicbrainz album release country": ["US"], "label": ["Kemado Records"], "musicbrainz album type": ["album"], "asin": ["B001QBC3FC"], "script": ["Latn"], "musicbrainz_albumid": ["963761c2-b792-4fea-a454-13dbe18b6a14"], "file_name": "10 - Mistress.mp3", "album": ["Little Hells"], "albumartist": ["Marissa Nadler"]}}, "lowlevel": {"melbands": {"dvar": [2.70742702924e-07, 1.38719519782e-06, 9.04591786366e-07, 2.11679389395e-06, 5.94497123529e-07, 1.0187297903e-06, 7.16111856036e-07, 8.89667006732e-08, 2.35030768181e-08, 4.67981848828e-08, 2.69408246822e-07, 1.42988980656e-08, 4.71023797743e-09, 2.31649233129e-09, 7.0020700349e-10, 3.44762524085e-10, 9.67729452128e-10, 1.03307778998e-10, 1.35124272882e-10, 1.84795706515e-10, 2.82238694221e-11, 1.10179721249e-11, 1.00253780971e-11, 2.80545725539e-12, 4.09662798476e-12, 9.31330425107e-13, 4.26956159229e-13, 4.86214475799e-13, 4.67239961999e-13, 4.07495651805e-13, 2.9523941885e-13, 3.5696540667e-13, 2.1558074065e-13, 2.21710887496e-13, 2.01732483799e-13, 2.5905259925e-13, 2.16201473499e-13, 1.46104021893e-13, 6.98734486612e-14, 4.02802249021e-14], "mean": [0.000220316767809, 0.000991768902168, 0.00131372874603, 0.00166822143365, 0.00108298461419, 0.00123514304869, 0.000804589886684, 0.000376828917069, 0.000228930221056, 0.000276759907138, 0.000306614296278, 7.50743711251e-05, 9.16962671909e-05, 3.62688078894e-05, 2.60736014752e-05, 1.84815889952e-05, 2.75531474472e-05, 9.71984263742e-06, 8.53892288433e-06, 1.17945837701e-05, 5.85285306443e-06, 4.00266753786e-06, 3.59124055649e-06, 1.97743656827e-06, 2.3478564799e-06, 1.08983465452e-06, 6.68272775783e-07, 8.02808415301e-07, 9.42599797327e-07, 6.94417224167e-07, 4.53134106237e-07, 3.40217695793e-07, 2.75384024917e-07, 2.60923172846e-07, 2.69423821919e-07, 3.45427082493e-07, 3.5718190361e-07, 3.61786106851e-07, 3.29040261704e-07, 2.41935083523e-07], "min": [4.91669687915e-25, 1.66713288316e-24, 2.69288004075e-24, 1.7553460706e-24, 2.92484971753e-24, 2.53008991549e-24, 2.31156538677e-24, 2.59638992748e-24, 2.42491542973e-24, 2.23981276819e-24, 2.7865618092e-24, 3.25731928755e-24, 3.21804426966e-24, 2.74129815375e-24, 2.62336699829e-24, 3.31224629188e-24, 2.44328721135e-24, 3.03066673049e-24, 3.60788374902e-24, 2.65064482232e-24, 5.43747622473e-24, 4.90933858185e-24, 2.74383789143e-24, 3.77581961397e-24, 3.89782168613e-24, 4.81448318559e-24, 4.40997266833e-24, 5.63693615474e-24, 7.11224054828e-24, 5.47385691195e-24, 6.23135152429e-24, 5.6547139241e-24, 7.26992122146e-24, 5.10179816018e-24, 5.27138944974e-24, 6.68205418628e-24, 6.78497213542e-24, 7.53518122287e-24, 6.49276188448e-24, 5.90056400293e-24], "median": [3.90846653318e-05, 0.000625049637165, 0.000942065613344, 0.00126085244119, 0.00054515118245, 0.000374634662876, 0.000333172269166, 0.000218666726141, 0.000141500204336, 0.000127739840536, 9.51621550485e-05, 3.33358257194e-05, 6.07962938375e-05, 1.51427620949e-05, 1.25826099975e-05, 9.82356232271e-06, 1.34247948154e-05, 4.81160577692e-06, 3.05123444377e-06, 5.40988457942e-06, 3.32488025379e-06, 2.31290187003e-06, 2.0602665245e-06, 1.0626031326e-06, 1.27606904243e-06, 6.21118374511e-07, 3.95219899474e-07, 5.15472152074e-07, 5.87581951095e-07, 3.39695702678e-07, 1.83101093398e-07, 1.1264367572e-07, 6.0045969974e-08, 4.77916550778e-08, 7.13968546506e-08, 1.0563081787e-07, 1.10939843978e-07, 1.18668118887e-07, 1.17783642395e-07, 8.52556283348e-08], "dvar2": [6.86524572302e-07, 4.0757631723e-06, 2.51655683314e-06, 5.79504012421e-06, 1.35717664307e-06, 2.38186021306e-06, 1.65938445207e-06, 2.14795434772e-07, 5.48154979185e-08, 1.12277511732e-07, 7.28220129531e-07, 3.19439372731e-08, 1.11262075109e-08, 5.36574606969e-09, 1.67230040926e-09, 7.77699016297e-10, 2.64007238293e-09, 2.45208658933e-10, 3.50781376168e-10, 5.50986478665e-10, 7.19948267669e-11, 2.73028596259e-11, 2.51655293826e-11, 7.16999636746e-12, 1.01658473306e-11, 2.40684967616e-12, 1.09376277566e-12, 1.18862331002e-12, 1.13325733346e-12, 9.86293186879e-13, 6.74763088286e-13, 7.95723621543e-13, 4.84594135652e-13, 4.76592452569e-13, 4.44268401364e-13, 5.42451175124e-13, 4.35039320106e-13, 2.76131114502e-13, 1.50292281333e-13, 8.75938793612e-14], "var": [2.98096836104e-07, 1.60990055065e-06, 1.66350082509e-06, 2.86642807623e-06, 2.2368046757e-06, 4.11728206018e-06, 2.31365993386e-06, 2.5548840199e-07, 8.01886912427e-08, 2.04536291903e-07, 6.05878142323e-07, 2.90045036877e-08, 1.30205384252e-08, 8.7967624296e-09, 2.5804847148e-09, 8.98510543745e-10, 2.12707695901e-09, 2.81691142634e-10, 3.45960982084e-10, 3.54961005034e-10, 6.86855503029e-11, 3.08981139285e-11, 2.53561182467e-11, 7.69209088786e-12, 1.10756161187e-11, 2.52336194474e-12, 1.11226511942e-12, 1.33690172648e-12, 1.31951025627e-12, 1.14006113577e-12, 8.29538260999e-13, 9.46098884999e-13, 5.81511130481e-13, 6.39732732934e-13, 6.11230846752e-13, 8.99209363654e-13, 8.66137077424e-13, 6.48436599554e-13, 3.26640868216e-13, 1.67813367911e-13], "dmean2": [0.000288189592538, 0.000872462056577, 0.000832027755678, 0.00110006378964, 0.000653434603009, 0.000768520578276, 0.00052228505956, 0.000232015110669, 0.00012365951261, 0.000162617987371, 0.000276170845609, 6.16842953605e-05, 5.64611837035e-05, 2.53758043982e-05, 1.8524531697e-05, 1.33309085868e-05, 2.68487874564e-05, 8.01960777608e-06, 7.01022008798e-06, 1.08506274046e-05, 4.59869488623e-06, 2.98478016703e-06, 2.88844717033e-06, 1.44907755839e-06, 1.77409788193e-06, 8.03227749202e-07, 4.90704735512e-07, 5.40239454949e-07, 6.30121576251e-07, 4.8115981599e-07, 3.3274091038e-07, 2.56973379464e-07, 2.23144482447e-07, 2.10521605482e-07, 1.83139974297e-07, 2.38284158627e-07, 2.24181064823e-07, 2.213654966e-07, 1.99117963007e-07, 1.49442229258e-07], "max": [0.00642149755731, 0.0185958705842, 0.0170628931373, 0.0250375308096, 0.024377675727, 0.0253851935267, 0.0283608343452, 0.00689822854474, 0.00579064479098, 0.010888107121, 0.0144100841135, 0.00813204236329, 0.00237610330805, 0.0037231608294, 0.00078928336734, 0.000814380880911, 0.000961636775173, 0.000448890496045, 0.000362479215255, 0.000309053400997, 0.000145386205986, 0.000121484168631, 8.89673319762e-05, 4.66468445666e-05, 5.81166568736e-05, 3.56031086994e-05, 3.67843313143e-05, 3.01039544865e-05, 1.99200476345e-05, 2.13982057176e-05, 1.54745721375e-05, 2.16635489778e-05, 1.42298085848e-05, 1.33778503368e-05, 1.79210364877e-05, 1.87424921023e-05, 2.1668673071e-05, 1.71957817656e-05, 8.57497798279e-06, 5.64549418414e-06], "dmean": [0.000173302250914, 0.000488884805236, 0.000484375428641, 0.000663013081066, 0.000438422488514, 0.000514108745847, 0.000350425834768, 0.000154916444444, 8.33688172861e-05, 0.000111619054223, 0.000169840786839, 3.92650836147e-05, 3.66841959476e-05, 1.67986472661e-05, 1.22104693219e-05, 8.76173817232e-06, 1.62445776368e-05, 4.98035660712e-06, 4.40542225988e-06, 6.48317018204e-06, 2.79977871287e-06, 1.83387930974e-06, 1.75758236765e-06, 8.9281985538e-07, 1.09128711756e-06, 4.88885518735e-07, 2.96723982274e-07, 3.35971662935e-07, 3.91210278394e-07, 3.01338843656e-07, 2.10372078868e-07, 1.63030762224e-07, 1.45402310636e-07, 1.4000792703e-07, 1.20167840123e-07, 1.57507102472e-07, 1.49111173187e-07, 1.47986071397e-07, 1.31409464643e-07, 9.84320749353e-08]}, "spectral_decrease": {"dvar": 6.58252423009e-18, "mean": -7.46700923315e-09, "min": -3.50205660027e-08, "median": -6.49286890919e-09, "dvar2": 1.69820940763e-17, "var": 2.03385299586e-17, "dmean2": 2.96673752231e-09, "max": 1.73242598508e-28, "dmean": 1.87869342305e-09}, "spectral_rolloff": {"dvar": 49933.90625, "mean": 731.668212891, "min": 150.732421875, "median": 602.9296875, "dvar2": 107026.789062, "var": 1638641.75, "dmean2": 179.73475647, "max": 19487.5488281, "dmean": 105.512039185}, "melbands_crest": {"dvar": 5.15390586853, "mean": 13.398311615, "min": 1.57501804829, "median": 12.7566366196, "dvar2": 13.393081665, "var": 17.3245983124, "dmean2": 3.90757226944, "max": 32.3140792847, "dmean": 2.40228557587}, "barkbands_skewness": {"dvar": 0.202468976378, "mean": 2.06032371521, "min": -3.7656006813, "median": 1.97702491283, "dvar2": 0.486734986305, "var": 1.34020245075, "dmean2": 0.691633105278, "max": 8.41028404236, "dmean": 0.448558241129}, "spectral_centroid": {"dvar": 12879.3242188, "mean": 580.446960449, "min": 239.155395508, "median": 521.041625977, "dvar2": 22571.0996094, "var": 245251.84375, "dmean2": 97.1162414551, "max": 12010.359375, "dmean": 62.645111084}, "spectral_energyband_middle_low": {"dvar": 7.65622098697e-05, "mean": 0.0230370443314, "min": 1.650442669e-22, "median": 0.0185333713889, "dvar2": 0.000194264241145, "var": 0.000252272584476, "dmean2": 0.00987276062369, "max": 0.131175920367, "dmean": 0.00632676901296}, "erbbands_crest": {"dvar": 5.37299442291, "mean": 11.0002508163, "min": 2.4152135849, "median": 9.6858549118, "dvar2": 12.885799408, "var": 25.3098430634, "dmean2": 3.73325848579, "max": 31.9524383545, "dmean": 2.40466856956}, "dynamic_complexity": 2.65994167328, "spectral_energyband_low": {"dvar": 2.55417926383e-05, "mean": 0.00506810517982, "min": 1.37749692201e-23, "median": 0.00320865632966, "dvar2": 7.03074038029e-05, "var": 3.76707903342e-05, "dmean2": 0.00367021700367, "max": 0.0928264260292, "dmean": 0.00213255942799}, "silence_rate_60dB": {"dvar": 0.00109789951239, "mean": 0.0258910786361, "min": 0, "median": 0, "dvar2": 0.00219308561645, "var": 0.0252198223025, "dmean2": 0.00219795317389, "max": 1, "dmean": 0.00109890114982}, "erbbands_kurtosis": {"dvar": 4.30554485321, "mean": 3.01252198219, "min": -1.71387565136, "median": 1.83638572693, "dvar2": 9.36001682281, "var": 19.8578853607, "dmean2": 2.22112989426, "max": 88.9137191772, "dmean": 1.44552147388}, "spectral_complexity": {"dvar": 1.89333796501, "mean": 13.4274435043, "min": 0, "median": 13, "dvar2": 4.86674165726, "var": 12.3817682266, "dmean2": 2.52517342567, "max": 31, "dmean": 1.51414835453}, "barkbands_crest": {"dvar": 3.87704014778, "mean": 11.4498405457, "min": 3.15967655182, "median": 10.7441520691, "dvar2": 9.86067581177, "var": 15.7313222885, "dmean2": 3.34293580055, "max": 25.0335941315, "dmean": 2.10700082779}, "spectral_energy": {"dvar": 9.92576897261e-05, "mean": 0.0293643195182, "min": 1.01873706317e-20, "median": 0.0254899766296, "dvar2": 0.000255733146332, "var": 0.000312970747473, "dmean2": 0.0115422131494, "max": 0.138091981411, "dmean": 0.00731537677348}, "spectral_spread": {"dvar": 431592407040, "mean": 3868644.75, "min": 603219.0625, "median": 3684568.75, "dvar2": 648617328640, "var": 5231785541630.0, "dmean2": 581232.875, "max": 42833492, "dmean": 433681.40625}, "spectral_contrast_valleys": {"dvar": [0.131350547075, 0.0663252323866, 0.0563690885901, 0.0535000190139, 0.0590045675635, 0.138182371855], "mean": [-7.740026474, -6.6041431427, -7.53298616409, -8.45133686066, -8.59446811676, -11.1582784653], "min": [-27.947763443, -28.2836418152, -27.4968090057, -27.7274417877, -27.4541702271, -27.336774826], "median": [-7.63943624496, -6.45735788345, -7.37863731384, -8.30718803406, -8.39882278442, -10.6549825668], "dvar2": [0.303221344948, 0.149270236492, 0.116715446115, 0.102627888322, 0.0991020724177, 0.208160981536], "var": [1.7981762886, 1.67553925514, 1.68970954418, 1.55590891838, 1.56958198547, 2.66346096992], "dmean2": [0.645558714867, 0.458689779043, 0.404764503241, 0.36426192522, 0.296691656113, 0.302279502153], "max": [-5.31471443176, -4.67166757584, -5.32503557205, -6.49331188202, -6.78998041153, -8.24029254913], "dmean": [0.39123570919, 0.276765942574, 0.249238669872, 0.227917864919, 0.200624734163, 0.237611442804]}, "spectral_rms": {"dvar": 4.95366975883e-07, "mean": 0.00509343622252, "min": 3.15260187747e-12, "median": 0.00498680956662, "dvar2": 1.23873348912e-06, "var": 2.70500390798e-06, "dmean2": 0.000950368936174, "max": 0.0116070620716, "dmean": 0.000610939227045}, "barkbands_spread": {"dvar": 5.51203393936, "mean": 8.7775850296, "min": 0.515004992485, "median": 7.5583152771, "dvar2": 11.2243242264, "var": 53.2034034729, "dmean2": 2.70193457603, "max": 115.401489258, "dmean": 1.78707265854}, "pitch_salience": {"dvar": 0.0021723608952, "mean": 0.548303067684, "min": 0.200432240963, "median": 0.550308942795, "dvar2": 0.00560010503978, "var": 0.00775969773531, "dmean2": 0.0855294838548, "max": 0.85308021307, "dmean": 0.0528172068298}, "erbbands_skewness": {"dvar": 0.085556641221, "mean": 1.10724747181, "min": -1.85352480412, "median": 1.01790571213, "dvar2": 0.200381800532, "var": 0.635151445866, "dmean2": 0.472443878651, "max": 6.59533691406, "dmean": 0.308778643608}, "spectral_energyband_middle_high": {"dvar": 3.64003994946e-06, "mean": 0.00275019416586, "min": 1.09055463686e-21, "median": 0.00183902215213, "dvar2": 9.74773502094e-06, "var": 1.15915081551e-05, "dmean2": 0.00135684933048, "max": 0.0540249794722, "dmean": 0.000866278656758}, "erbbands": {"dvar": [0.00190835318062, 0.403271079063, 7.50580644608, 28.4179821014, 259.301300049, 414.862060547, 545.618225098, 2185.12109375, 3633.29980469, 751.30645752, 338.592285156, 1154.09423828, 10844.3544922, 740.15637207, 296.575073242, 290.679077148, 102.815383911, 195.255172729, 29.3956489563, 104.1068573, 23.8564758301, 6.65714216232, 5.04619264603, 4.40438270569, 1.07263636589, 0.897618353367, 0.937759160995, 0.735962510109, 0.862847924232, 0.598536908627, 0.546378552914, 0.514478385448, 0.205016285181, 0.0493586696684, 0.0089616579935, 0.00348138459958, 0.00113780575339, 0.000171713676536, 6.87873125571e-06, 5.44854295015e-09], "mean": [0.017247274518, 0.297599196434, 2.27985239029, 6.38159370422, 17.0448131561, 25.6610126495, 29.2538585663, 53.5680503845, 57.7852783203, 34.5558929443, 26.0863800049, 46.7869300842, 63.4665374756, 20.6851463318, 24.8111057281, 12.4888648987, 11.1862630844, 13.2462644577, 5.85097789764, 8.25277709961, 5.67434215546, 3.77947616577, 2.81270337105, 2.74389910698, 1.33632814884, 1.176410079, 1.3864928484, 0.896549224854, 0.583682358265, 0.484523743391, 0.50645083189, 0.578826844692, 0.514903664589, 0.306742072105, 0.122205130756, 0.0621060356498, 0.032419603318, 0.00819394178689, 0.00120622373652, 6.42542217975e-05], "min": [3.34201742912e-23, 7.08211502316e-22, 4.54703848439e-21, 1.09263062594e-20, 1.29597948938e-20, 6.11808436568e-20, 7.13368961319e-20, 1.03952168858e-19, 1.61772035514e-19, 2.59152092847e-19, 2.82224693372e-19, 3.45035800156e-19, 5.77722947238e-19, 7.82116433167e-19, 9.42799265685e-19, 1.21424768268e-18, 1.22719791895e-18, 1.59226746486e-18, 2.13682962022e-18, 3.34195360414e-18, 5.41585090977e-18, 5.35207032145e-18, 5.15843933418e-18, 5.97308071582e-18, 7.24747694014e-18, 9.91829424557e-18, 1.17989580242e-17, 1.09240772144e-17, 1.10613089596e-17, 1.11764260311e-17, 1.17782115073e-17, 1.1981721099e-17, 1.12578470731e-17, 8.55819094285e-18, 7.23545883302e-18, 4.644170394e-18, 2.3075448094e-18, 1.0789323082e-18, 2.61944964788e-19, 2.73633285337e-20], "median": [0.00354404584505, 0.104560554028, 1.36050701141, 4.05542707443, 12.2746553421, 16.4536132812, 12.4084997177, 15.6939029694, 24.3218212128, 20.7459659576, 17.3793048859, 21.9348583221, 21.2222290039, 10.4907588959, 16.9706230164, 4.55316781998, 6.47679424286, 6.87063598633, 3.10830497742, 3.68802309036, 3.3914937973, 2.38917565346, 1.68078589439, 1.56991422176, 0.81860435009, 0.767149209976, 0.838062524796, 0.41470977664, 0.193395197392, 0.0972114875913, 0.150325477123, 0.196067288518, 0.188998654485, 0.114802896976, 0.0431448109448, 0.0195626690984, 0.00943525694311, 0.00137023511343, 6.26314431429e-05, 3.51277849404e-05], "dvar2": [0.00488939741626, 1.06795251369, 23.1292133331, 82.1113815308, 675.586914062, 1106.5423584, 1222.39685059, 5084.80761719, 8428.50390625, 1817.59008789, 800.066955566, 2639.15795898, 29179.9550781, 1668.73986816, 684.458740234, 719.443786621, 245.017669678, 524.175964355, 69.0015792847, 293.605773926, 67.0456085205, 16.2503509521, 13.4233131409, 10.9118328094, 2.73158335686, 2.18342852592, 2.23859548569, 1.62502205372, 1.86032295227, 1.24471867085, 1.1049901247, 0.987606883049, 0.363239854574, 0.0990063026547, 0.0173844192177, 0.00708574755117, 0.0022534087766, 0.000336114724632, 1.34311385409e-05, 1.09603996989e-08], "var": [0.00218235747889, 0.389779895544, 8.56499481201, 50.263130188, 364.528533936, 828.093811035, 2197.61621094, 8578.46875, 11396.9316406, 2188.17797852, 949.000305176, 5583.88867188, 24535.4550781, 1568.60998535, 937.105651855, 1230.39501953, 238.584533691, 444.956970215, 94.4601821899, 231.976455688, 52.1121139526, 20.6602668762, 12.8320856094, 13.0292644501, 3.26816248894, 2.69512224197, 2.9795987606, 2.42669844627, 2.53807234764, 1.89322710037, 1.98758554459, 2.21491742134, 1.07343435287, 0.256592154503, 0.0361388735473, 0.0091380821541, 0.002493042266, 0.00027156539727, 9.46181535255e-06, 7.85315190655e-09], "dmean2": [0.0228033382446, 0.368010401726, 2.17343568802, 4.30253458023, 11.8854703903, 16.0573348999, 18.4285449982, 33.7930450439, 37.5358924866, 20.8839111328, 14.3565607071, 26.1397705078, 55.5168914795, 15.3852777481, 14.7650051117, 8.2808637619, 7.83133172989, 12.020781517, 4.25918054581, 6.80846071243, 4.30022525787, 2.51470828056, 1.9412176609, 1.89616441727, 0.861481785774, 0.728908538818, 0.841089069843, 0.576587557793, 0.399754703045, 0.361733078957, 0.308644235134, 0.331639558077, 0.279759705067, 0.164954707026, 0.0717551112175, 0.0414130315185, 0.0239140018821, 0.0078984349966, 0.00149720953777, 4.89749654662e-05], "max": [0.542337238789, 9.02337169647, 44.0411643982, 107.994697571, 312.898895264, 369.800994873, 900.596557617, 1280.66491699, 1942.3371582, 803.480407715, 727.477111816, 1626.04431152, 2903.00488281, 1800.63012695, 767.833129883, 727.881225586, 462.297180176, 506.612548828, 281.827331543, 362.258270264, 128.230529785, 87.787727356, 71.1392745972, 63.2439956665, 36.6190223694, 43.740814209, 27.4995937347, 25.0945148468, 34.2107391357, 19.0490703583, 31.5552330017, 32.8138618469, 20.6437187195, 6.649477005, 2.98354578018, 2.16998505592, 0.496353983879, 0.163384228945, 0.0314004421234, 0.000856577709783], "dmean": [0.0141397174448, 0.213864758611, 1.19461333752, 2.45379471779, 7.14478492737, 10.0427942276, 12.3216304779, 22.6888561249, 25.1995410919, 13.8407087326, 9.49412727356, 18.1972312927, 34.1956443787, 9.72217082977, 9.72609806061, 5.36371135712, 5.14742708206, 7.30558013916, 2.65088152885, 4.18477201462, 2.59725022316, 1.55785596371, 1.18213844299, 1.17173373699, 0.529790997505, 0.454780519009, 0.533027112484, 0.368420213461, 0.26158875227, 0.244070112705, 0.207835420966, 0.22664372623, 0.190787747502, 0.11120865494, 0.0506268292665, 0.0294247344136, 0.0171209704131, 0.00574680231512, 0.00106389413122, 3.42620805895e-05]}, "dissonance": {"dvar": 0.000579848070629, "mean": 0.42555886507, "min": 0.130875244737, "median": 0.43297213316, "dvar2": 0.0016101867659, "var": 0.00183890806511, "dmean2": 0.0449417196214, "max": 0.500000059605, "dmean": 0.0267892256379}, "erbbands_flatness_db": {"dvar": 0.000327456888044, "mean": 0.202632963657, "min": 0.0393921583891, "median": 0.198973074555, "dvar2": 0.000545363058336, "var": 0.00309001421556, "dmean2": 0.0224483720958, "max": 0.498724728823, "dmean": 0.016617404297}, "melbands_kurtosis": {"dvar": 34.4830322266, "mean": 11.8773984909, "min": -1.41652810574, "median": 8.73150062561, "dvar2": 87.2617111206, "var": 123.712417603, "dmean2": 6.88801193237, "max": 128.960708618, "dmean": 4.33169031143}, "melbands_spread": {"dvar": 5.90709400177, "mean": 9.83238220215, "min": 0.875201165676, "median": 8.60897064209, "dvar2": 13.8458423615, "var": 80.9014511108, "dmean2": 2.97902107239, "max": 188.163330078, "dmean": 1.92469012737}, "melbands_skewness": {"dvar": 0.212232649326, "mean": 2.20553517342, "min": -3.17832374573, "median": 2.13828921318, "dvar2": 0.525254786015, "var": 1.3163292408, "dmean2": 0.733305931091, "max": 8.80103111267, "dmean": 0.467728495598}, "spectral_entropy": {"dvar": 0.0190008580685, "mean": 6.82219028473, "min": 4.507396698, "median": 6.8229060173, "dvar2": 0.0362740382552, "var": 0.218783065677, "dmean2": 0.202804923058, "max": 9.82298469543, "dmean": 0.143326610327}, "zerocrossingrate": {"dvar": 3.97568292101e-05, "mean": 0.0349738933146, "min": 0.0087890625, "median": 0.02978515625, "dvar2": 5.64975343877e-05, "var": 0.00118394277524, "dmean2": 0.00610913336277, "max": 0.5205078125, "dmean": 0.00488633383065}, "average_loudness": 0.780395567417, "spectral_contrast_coeffs": {"dvar": [0.00138414930552, 0.00108963693492, 0.000764629687183, 0.000489824917167, 0.000265847047558, 0.000233961618505], "mean": [-0.526456832886, -0.673826098442, -0.703948557377, -0.753338396549, -0.792823016644, -0.788853883743], "min": [-0.971235513687, -0.969280481339, -0.97332406044, -0.969891905785, -0.9691644907, -0.964080691338], "median": [-0.519175648689, -0.680878162384, -0.707469820976, -0.755138516426, -0.796134710312, -0.803154349327], "dvar2": [0.00354653177783, 0.00284254155122, 0.00197250908241, 0.00130459642969, 0.000623958010692, 0.000501950737089], "var": [0.00854810234159, 0.0061530447565, 0.00422021700069, 0.00271734944545, 0.00176613347139, 0.00274494965561], "dmean2": [0.071888782084, 0.0642375871539, 0.0544054247439, 0.0449818968773, 0.030760820955, 0.0236921291798], "max": [-0.216296941042, -0.396370112896, -0.419640392065, -0.543447554111, -0.620096385479, -0.566023588181], "dmean": [0.0442689843476, 0.0395443104208, 0.0337857827544, 0.0277199856937, 0.0190933272243, 0.0148479146883]}, "barkbands_flatness_db": {"dvar": 0.000258532178123, "mean": 0.198557257652, "min": 0.0201216395944, "median": 0.194149658084, "dvar2": 0.000498697569128, "var": 0.00270733213983, "dmean2": 0.0240075532347, "max": 0.444226801395, "dmean": 0.0168507620692}, "silence_rate_30dB": {"dvar": 0.00178256514482, "mean": 0.998695135117, "min": 0, "median": 1, "dvar2": 0.00465817423537, "var": 0.00130325625651, "dmean2": 0.00357167399488, "max": 1, "dmean": 0.00178571429569}, "spectral_energyband_high": {"dvar": 9.79726344497e-09, "mean": 0.000150898675201, "min": 7.38622203809e-21, "median": 7.55568617024e-05, "dvar2": 1.60217847878e-08, "var": 5.33325632546e-08, "dmean2": 6.29867208772e-05, "max": 0.00300527038053, "dmean": 4.75152337458e-05}, "melbands_flatness_db": {"dvar": 0.000256541679846, "mean": 0.278290808201, "min": 0.00349341682158, "median": 0.276704758406, "dvar2": 0.000538773601875, "var": 0.00309551530518, "dmean2": 0.0250271279365, "max": 0.528813064098, "dmean": 0.0170802474022}, "barkbands": {"dvar": [1.17574860958e-09, 5.3667163229e-06, 8.42000008561e-06, 3.5228017623e-06, 3.41942359228e-05, 2.22862527153e-05, 1.15094708235e-05, 1.45974900079e-06, 2.02995670406e-06, 7.24640358385e-06, 2.32394683053e-07, 1.45405550711e-07, 4.25958788242e-08, 7.38920178378e-08, 2.31161614295e-08, 1.82829751338e-08, 4.3741645861e-09, 1.4236246626e-09, 9.43594757885e-10, 3.67451874483e-10, 4.79940864828e-10, 5.75524294888e-10, 6.61176502437e-10, 8.23092427549e-10, 2.32545011025e-10, 2.73238376369e-10, 1.61151383904e-10], "mean": [8.01846999821e-06, 0.00101558398455, 0.00299255782738, 0.0017581989523, 0.00787498988211, 0.006000849884, 0.00278940494172, 0.00162524008192, 0.0017494559288, 0.00164623302408, 0.000635197502561, 0.00024406540615, 0.000211332415347, 0.000249634904321, 0.000112675479613, 0.000123162113596, 8.24598246254e-05, 4.34304383816e-05, 4.2035113438e-05, 2.39080527535e-05, 2.84463421849e-05, 1.59231422003e-05, 1.76159228431e-05, 2.97438564303e-05, 2.19555950025e-05, 1.62643354997e-05, 6.01152623858e-06], "min": [7.63135473174e-26, 2.28220260337e-24, 2.53782035793e-24, 3.8972178131e-24, 1.80227012048e-23, 1.42920312559e-23, 1.1130502362e-23, 1.58012199863e-23, 1.03345069987e-23, 1.99369084789e-23, 1.88703432915e-23, 2.73233996763e-23, 2.18239947151e-23, 3.19327644327e-23, 4.76097561813e-23, 6.96367216519e-23, 8.69620824383e-23, 8.13196128187e-23, 1.55604214572e-22, 1.99480216358e-22, 2.77266205638e-22, 3.46613894965e-22, 3.68136948711e-22, 6.84011572151e-22, 9.35333972773e-22, 1.23690845389e-21, 2.05579746937e-21], "median": [4.84680413138e-07, 0.000189283979125, 0.00167484139092, 0.00111238914542, 0.00597167108208, 0.00184338656254, 0.00111248262692, 0.00100338796619, 0.000761936651543, 0.000557676365133, 0.000424186990131, 6.48285640636e-05, 0.000116322909889, 0.000121252145618, 4.04911806982e-05, 6.28504494671e-05, 4.84518095618e-05, 2.24785908358e-05, 2.53166526818e-05, 1.51759259097e-05, 1.53376095113e-05, 4.61436002297e-06, 4.79126401842e-06, 1.10119735837e-05, 8.45377326186e-06, 5.306058938e-06, 1.91495544755e-07], "dvar2": [3.30606786392e-09, 1.38135073939e-05, 2.6170286219e-05, 9.96254675556e-06, 9.05966517166e-05, 5.20116227563e-05, 2.6189674827e-05, 3.47191917172e-06, 4.91411083203e-06, 1.94969434233e-05, 5.51910375179e-07, 3.43062907859e-07, 9.94816531374e-08, 1.99759512043e-07, 6.05044050417e-08, 5.40431912555e-08, 1.08147890643e-08, 3.73506958695e-09, 2.32284258495e-09, 8.85570172748e-10, 1.1012754042e-09, 1.20490184496e-09, 1.27087362856e-09, 1.40049560837e-09, 4.52287401975e-10, 5.32074051485e-10, 3.13706560728e-10], "var": [9.28683407952e-10, 5.58935607842e-06, 1.40873298733e-05, 4.57109354102e-06, 5.74977348151e-05, 9.45654683164e-05, 3.51820890501e-05, 4.01014631279e-06, 8.56433052832e-06, 1.58833991009e-05, 6.06815490301e-07, 5.98143401476e-07, 1.01010819265e-07, 1.69744652112e-07, 5.78854866262e-08, 3.36558834135e-08, 1.17790923682e-08, 3.73503228346e-09, 2.85714585324e-09, 1.12503162342e-09, 1.61807378607e-09, 1.82187198661e-09, 2.48884646226e-09, 4.33585878312e-09, 1.16839626862e-09, 6.0793764467e-10, 2.27007607156e-10], "dmean2": [1.70616131072e-05, 0.00131684739608, 0.00243460247293, 0.00157969794236, 0.00476873619482, 0.0036888003815, 0.00193356897216, 0.000987829873338, 0.00105497310869, 0.00146869686432, 0.000392572488636, 0.0001830097317, 0.000158279261086, 0.000235792103922, 9.51787369559e-05, 0.00011261900363, 6.33873278275e-05, 3.27007110172e-05, 2.84779980575e-05, 1.53353739734e-05, 1.74920951395e-05, 1.11079052658e-05, 1.12604511742e-05, 1.50993610077e-05, 1.17089302876e-05, 1.13313471957e-05, 7.31795671527e-06], "max": [0.000361656537279, 0.0310993120074, 0.05786447227, 0.0296748168766, 0.0949593782425, 0.105636909604, 0.121706552804, 0.0270095355809, 0.0567309856415, 0.0757096409798, 0.0158576536924, 0.0246167946607, 0.00907874386758, 0.00877977255732, 0.00490074465051, 0.00304960017093, 0.00142946199048, 0.00102016399615, 0.00076192477718, 0.00083826307673, 0.000588725670241, 0.00077045429498, 0.000915765354875, 0.00140966090839, 0.000492852646858, 0.000381611782359, 0.000139498515637], "dmean": [9.79524975264e-06, 0.000774881453253, 0.00134698383044, 0.000903954729438, 0.00296380976215, 0.00246044248343, 0.00130015832838, 0.000663160113618, 0.00072286935756, 0.000909550290089, 0.00025573145831, 0.000117380732263, 0.000104087790533, 0.000142766861245, 5.98354490648e-05, 6.71447778586e-05, 3.88039843529e-05, 2.00856284209e-05, 1.74996948772e-05, 9.56801704888e-06, 1.1126845493e-05, 7.36852507544e-06, 7.65602271713e-06, 1.05295221147e-05, 8.11105383036e-06, 8.24897779239e-06, 5.23935113961e-06]}, "erbbands_spread": {"dvar": 20.649728775, "mean": 22.3697528839, "min": 0.628888309002, "median": 20.610710144, "dvar2": 40.7227859497, "var": 129.364440918, "dmean2": 5.99114704132, "max": 111.095146179, "dmean": 3.9914791584}, "barkbands_kurtosis": {"dvar": 23.1241188049, "mean": 9.11739063263, "min": -1.80601239204, "median": 6.37341594696, "dvar2": 56.749622345, "var": 81.3404159546, "dmean2": 5.39065599442, "max": 115.36125946, "dmean": 3.45398736}, "spectral_flux": {"dvar": 0.000454835273558, "mean": 0.0617596618831, "min": 6.53643736359e-11, "median": 0.0538497641683, "dvar2": 0.00102422374766, "var": 0.00130444264505, "dmean2": 0.0285062305629, "max": 0.273688018322, "dmean": 0.0178879871964}, "silence_rate_20dB": {"dvar": 0, "mean": 1, "min": 1, "median": 1, "dvar2": 0, "var": 0, "dmean2": 0, "max": 1, "dmean": 0}, "gfcc": {"cov": [[11839.4208984, -731.370788574, 294.255249023, 139.875991821, -433.249298096, 511.102996826, -817.665710449, 213.007781982, -507.396453857, 16.1696014404, -19.0726013184, 125.747886658, -84.8560409546], [-731.370788574, 1997.64245605, -958.792724609, 63.3101615906, 407.448181152, -449.458679199, 437.937194824, -360.505767822, 144.566345215, -180.170639038, 0.10372260958, -202.490737915, 53.9241790771], [294.255249023, -958.792724609, 836.943481445, -62.0056991577, -155.7472229, 272.773590088, -215.052871704, 237.666793823, -57.879535675, 130.088623047, 4.88421058655, 117.520530701, -28.5708599091], [139.875991821, 63.3101615906, -62.0056991577, 245.505935669, 34.4336700439, -31.2741470337, 32.7437934875, -51.3022270203, 0.287923276424, -28.4340209961, 7.4923286438, 8.94007492065, -4.8596739769], [-433.249298096, 407.448181152, -155.7472229, 34.4336700439, 347.00869751, -88.8120498657, 169.93800354, -76.2473983765, 68.3602676392, -28.3716011047, -13.9520492554, -36.9314498901, -10.800488472], [511.102996826, -449.458679199, 272.773590088, -31.2741470337, -88.8120498657, 285.714813232, -105.384872437, 138.747817993, -38.9460220337, 61.2308349609, 6.28306341171, 26.9009380341, -11.2415418625], [-817.665710449, 437.937194824, -215.052871704, 32.7437934875, 169.93800354, -105.384872437, 309.495056152, -111.565803528, 92.7988510132, -37.5575752258, -19.3099746704, -48.0050773621, -12.8517169952], [213.007781982, -360.505767822, 237.666793823, -51.3022270203, -76.2473983765, 138.747817993, -111.565803528, 222.030075073, -13.1448278427, 52.0294418335, 12.6162509918, 37.3812408447, 11.3288211823], [-507.396453857, 144.566345215, -57.879535675, 0.287923276424, 68.3602676392, -38.9460220337, 92.7988510132, -13.1448278427, 119.844665527, 10.634510994, -6.81211471558, -12.8464212418, 1.30692589283], [16.1696014404, -180.170639038, 130.088623047, -28.4340209961, -28.3716011047, 61.2308349609, -37.5575752258, 52.0294418335, 10.634510994, 90.7914505005, 25.4753684998, 22.556394577, 0.698069930077], [-19.0726013184, 0.10372260958, 4.88421058655, 7.4923286438, -13.9520492554, 6.28306341171, -19.3099746704, 12.6162509918, -6.81211471558, 25.4753684998, 84.6763687134, 27.6303577423, 17.6886501312], [125.747886658, -202.490737915, 117.520530701, 8.94007492065, -36.9314498901, 26.9009380341, -48.0050773621, 37.3812408447, -12.8464212418, 22.556394577, 27.6303577423, 97.4454956055, 11.2163515091], [-84.8560409546, 53.9241790771, -28.5708599091, -4.8596739769, -10.800488472, -11.2415418625, -12.8517169952, 11.3288211823, 1.30692589283, 0.698069930077, 17.6886501312, 11.2163515091, 67.0245132446]], "mean": [-40.424369812, 132.731735229, -101.884864807, -2.21018362045, -61.1833381653, -7.6447930336, -40.1104850769, -1.07530319691, -30.1144676208, -5.56540203094, -21.8197536469, -7.88186454773, -10.073720932], "icov": [[0.000136092552566, -0.000140521631693, 7.87011595094e-05, -0.000121850127471, 3.19535356539e-05, -0.000279618892819, 0.000349022186128, -3.4993954614e-05, 0.000391246227082, -0.000134944930323, 0.000251870398642, -0.000302011001622, 0.000319003040204], [-0.000140521631693, 0.00207989756018, 0.00087721348973, 0.000364403211279, -0.00093906908296, 0.00118165940512, -0.00106759183109, 0.000539682689123, -0.000800860696472, 0.00113038800191, -0.00146681687329, 0.0022393851541, -0.00168377917726], [7.87011595094e-05, 0.00087721348973, 0.00327868293971, 9.48810775299e-05, -0.000386195169995, -0.000786957272794, 0.000297072023386, -0.00102597940713, 0.000518571410794, -0.00177139311563, 0.000924770371057, -0.00151262676809, 0.00085194921121], [-0.000121850127471, 0.000364403211279, 9.48810775299e-05, 0.00465353950858, -0.000407050480135, 9.47989101405e-05, -0.000473322172184, 0.000996068818495, -0.00044588118908, 0.00160822994076, -0.00112017407082, -0.000535912578925, -1.14677482088e-06], [3.19535356539e-05, -0.00093906908296, -0.000386195169995, -0.000407050480135, 0.00453049130738, -9.65921863099e-05, -0.00128875777591, -0.000211967257201, -0.000570070114918, -0.000333312433213, 0.000580972002354, -0.000584523309954, 0.00106348411646], [-0.000279618892819, 0.00118165940512, -0.000786957272794, 9.47989101405e-05, -9.65921863099e-05, 0.00726399291307, -0.00115103542339, -0.00219729193486, 0.000397735653678, -0.00102178181987, -0.000927773595322, 0.00259636901319, -0.000466587458504], [0.000349022186128, -0.00106759183109, 0.000297072023386, -0.000473322172184, -0.00128875777591, -0.00115103542339, 0.0074899639003, 0.00134982157033, -0.00244732829742, 0.00012631888967, 0.00109989033081, -0.000888416077942, 0.00210521416739], [-3.4993954614e-05, 0.000539682689123, -0.00102