{"tonal": {"chords_number_rate": 0.00159744406119, "thpcp": [1, 0.757963299751, 0.457013070583, 0.32704821229, 0.247743025422, 0.250637233257, 0.279604792595, 0.306263059378, 0.4448364079, 0.544032096863, 0.459286004305, 0.396824538708, 0.363462567329, 0.346348494291, 0.573764562607, 0.785482823849, 0.585061013699, 0.334004193544, 0.23114849627, 0.197801843286, 0.363578349352, 0.521525919437, 0.428341507912, 0.382191240788, 0.397069513798, 0.315740048885, 0.305076092482, 0.311736702919, 0.30133074522, 0.382470905781, 0.412437617779, 0.331003278494, 0.274355471134, 0.286129921675, 0.379252582788, 0.726160943508], "hpcp": {"dvar": [0.0341661162674, 0.0337998792529, 0.0347568802536, 0.0419842042029, 0.0598000921309, 0.0582974627614, 0.0599737837911, 0.0542343519628, 0.0625455379486, 0.0474389530718, 0.0337523184717, 0.0331043377519, 0.0338975898921, 0.0358850173652, 0.0442594401538, 0.0482475757599, 0.0520855300128, 0.0496397987008, 0.0451587848365, 0.0451152920723, 0.0495856292546, 0.0470730923116, 0.0488204881549, 0.0439084433019, 0.0289736315608, 0.0220998190343, 0.0243504159153, 0.0322843678296, 0.0313020162284, 0.0291822850704, 0.0296790543944, 0.0243037603796, 0.023202681914, 0.0241450499743, 0.0283927284181, 0.0371947549284], "mean": [0.162797123194, 0.13065341115, 0.108293421566, 0.112941034138, 0.149698346853, 0.286629796028, 0.394719392061, 0.299182802439, 0.180391922593, 0.129092276096, 0.0977889746428, 0.0989313796163, 0.110365435481, 0.120887964964, 0.17558555305, 0.214740023017, 0.181289091706, 0.156634345651, 0.143465727568, 0.136710464954, 0.226475998759, 0.310045301914, 0.230934932828, 0.131837934256, 0.091238796711, 0.0780762210488, 0.143511429429, 0.205856397748, 0.169074699283, 0.150858297944, 0.156731039286, 0.124628722668, 0.120419450104, 0.123048521578, 0.118941091001, 0.150968685746], "min": [0, 0, 0, 0, 0, 0, 0, 0, 0, 0, 0, 0, 0, 0, 0, 0, 0, 0, 0, 0, 0, 0, 0, 0, 0, 0, 0, 0, 0, 0, 0, 0, 0, 0, 0, 0], "median": [0.0629477053881, 0.0518359467387, 0.0385417640209, 0.0364312157035, 0.051415797323, 0.179902374744, 0.266871064901, 0.192378625274, 0.0720112770796, 0.0453861802816, 0.0374774821103, 0.0430894680321, 0.0535041987896, 0.0613149181008, 0.0809124261141, 0.0968183875084, 0.0711014419794, 0.0629549026489, 0.0599338337779, 0.0503613129258, 0.101988114417, 0.127946645021, 0.0994621217251, 0.0459282360971, 0.0308593157679, 0.0289674922824, 0.0774610638618, 0.115350395441, 0.0963550508022, 0.0529576614499, 0.0452788174152, 0.0530819967389, 0.0623025968671, 0.0668827146292, 0.0621503293514, 0.0620634332299], "dvar2": [0.0918617844582, 0.091799788177, 0.0945460647345, 0.115497097373, 0.163786530495, 0.157906919718, 0.138522878289, 0.144001275301, 0.176098287106, 0.132968842983, 0.0930503085256, 0.0915170609951, 0.0923582166433, 0.0980827435851, 0.120458371937, 0.125707417727, 0.141771823168, 0.132812559605, 0.125175356865, 0.125422149897, 0.141902565956, 0.115529365838, 0.13465847075, 0.123804323375, 0.0806939080358, 0.0618392378092, 0.0672405511141, 0.0850591510534, 0.0855737477541, 0.0769104287028, 0.0773406997323, 0.0619492903352, 0.0607279762626, 0.0652252137661, 0.0789919272065, 0.10412824899], "var": [0.0570066981018, 0.0390725061297, 0.0331072323024, 0.0374547801912, 0.0537176318467, 0.0797178000212, 0.122713238001, 0.0825012102723, 0.064526617527, 0.0434127599001, 0.0281860660762, 0.0272729266435, 0.0293073225766, 0.030209235847, 0.0528626255691, 0.0747099071741, 0.0625084191561, 0.0532806739211, 0.0441447161138, 0.043470159173, 0.0725127086043, 0.126194000244, 0.0785890296102, 0.0420071147382, 0.0248147230595, 0.0184128340334, 0.0307059977204, 0.0558658726513, 0.03928565979, 0.0502130873501, 0.0677925050259, 0.0349855087698, 0.0284865424037, 0.0269080363214, 0.0277374703437, 0.0495650060475], "dmean2": [0.206347495317, 0.198697075248, 0.195340901613, 0.222050234675, 0.304502516985, 0.374767512083, 0.370291769505, 0.361769586802, 0.324536144733, 0.245297372341, 0.183336302638, 0.176845788956, 0.183191761374, 0.201982229948, 0.251086086035, 0.266741544008, 0.267283856869, 0.261528491974, 0.258288532495, 0.258583754301, 0.299749612808, 0.270422965288, 0.284431815147, 0.244637876749, 0.176791399717, 0.149581894279, 0.190501600504, 0.231820985675, 0.225025638938, 0.19496062398, 0.17884196341, 0.164029702544, 0.166048884392, 0.17213511467, 0.191705316305, 0.224511653185], "max": [1, 1, 1, 1, 1, 1, 1, 1, 1, 1, 1, 1, 1, 1, 1, 1, 1, 1, 1, 1, 1, 1, 1, 1, 1, 1, 1, 1, 1, 1, 1, 1, 1, 1, 1, 1], "dmean": [0.119154602289, 0.11373975873, 0.110120713711, 0.124014407396, 0.166734144092, 0.21613688767, 0.218111723661, 0.208004757762, 0.182677954435, 0.136657968163, 0.102520748973, 0.0996834784746, 0.104196831584, 0.113534264266, 0.143784031272, 0.154408231378, 0.152730792761, 0.148894608021, 0.144608691335, 0.145560845733, 0.170984953642, 0.159087657928, 0.163309887052, 0.137308627367, 0.0991334989667, 0.0841061547399, 0.110212914646, 0.136212915182, 0.131134882569, 0.112433925271, 0.102393299341, 0.0945798978209, 0.0961289927363, 0.0986744612455, 0.108609229326, 0.126168698072]}, "key_strength": 0.806920945644, "chords_strength": {"dvar": 0.000399648706662, "mean": 0.556221306324, "min": -1, "median": 0.561033606529, "dvar2": 0.00067285815021, "var": 0.0119856484234, "dmean2": 0.0117649380118, "max": 0.79542350769, "dmean": 0.010529323481}, "tuning_equal_tempered_deviation": 0.0609560906887, "chords_key": "E", "tuning_frequency": 441.527557373, "chords_scale": "major", "chords_changes_rate": 0.0592651739717, "key_scale": "minor", "tuning_diatonic_strength": 0.563513159752, "hpcp_entropy": {"dvar": 0.329799085855, "mean": 2.40169334412, "min": 0, "median": 2.43365716934, "dvar2": 0.893603086472, "var": 0.768017828465, "dmean2": 1.14835226536, "max": 4.5949716568, "dmean": 0.680723667145}, "chords_histogram": [15.5431308746, 9.36102199554, 19.2811508179, 1.30990409851, 1.4057507515, 2.85942482948, 0.255591064692, 22.2204475403, 2.85942482948, 21.9808311462, 0, 0, 0, 0, 0, 0, 0.127795532346, 0.0638977661729, 0.0159744415432, 0.127795532346, 0.511182129383, 0, 1.27795529366, 0.798722028732], "tuning_nontempered_energy_ratio": 0.754808783531, "key_key": "E"}, "metadata": {"version": {"extractor": "music 1.0", "essentia_build_sha": "2d9f1f26377add8aeb1075a9c2973f962c4f09fd", "essentia": "2.1-beta2", "essentia_git_sha": "v2.1_beta2-1-ge3940c0"}, "audio_properties": {"sample_rate": 44100, "length": 290.640014648, "lossless": true, "analysis_sample_rate": 44100, "downmix": "mix", "bit_rate": 0, "equal_loudness": 0, "md5_encoded": "3327c0ea107096391430c6c882e5ad25", "codec": "flac", "replay_gain": -10.9161472321}, "tags": {"disctotal": ["1"], "genre": ["Alternative"], "catalognumber": ["72787-21024-2"], "producer": ["Al Clay"], "releasecountry": ["US"], "musicbrainz_recordingid": ["f74a6a10-50b0-4363-ad23-fe9fc9197e1d"], "title": ["Come Home"], "engineer": ["Lou Giordano"], "discnumber": ["1"], "musicbrainz_releasetrackid": ["372b5267-9a64-3c7d-bbbc-b3d7faf92b0c"], "artistsort": ["Pere Ubu"], "releasetype": ["album"], "originaldate": ["1993-04-06"], "musicbrainz_artistid": ["5a54b72e-bfb3-4ca6-944a-e17261399965"], "initialkey": ["B"], "tracknumber": ["2"], "musicbrainz_albumartistid": ["5a54b72e-bfb3-4ca6-944a-e17261399965"], "totaltracks": ["11"], "barcode": ["727872102426"], "writer": ["David Thomas", "Jim Jones", "Scott Krauss", "Tony Maimone"], "tracktotal": ["11"], "originalyear": ["1993"], "date": ["1993-04-06"], "acoustid_id": ["77b45719-36fd-4304-a501-6535d2bb022b"], "albumartistsort": ["Pere Ubu"], "musicbrainz_releasegroupid": ["f5fb3062-d3e7-3fe7-b96e-ffa810762cd8"], "media": ["CD"], "performer": ["Tony Maimone (bass)", "Al Clay (calliope)", "Scott Krauss (drums)", "Scott Krauss (percussion)", "Al Clay (guitar)", "David Thomas (guitar)", "Jim Jones (guitar)", "Jim Jones (hammond organ)", "David Thomas (diatonic accordion / melodeon)", "Al Clay (keyboard)", "Jim Jones (keyboard)", "Scott Krauss (keyboard)", "David Thomas (vocals)", "Al Clay (background vocals)", "Jim Jones (background vocals)", "Tony Maimone (synthesizer)"], "musicip_puid": ["c56da15e-b0b1-3fb9-2d02-83e59b3a0731"], "bpm": ["103"], "label": ["Imago Recording Company"], "albumartist": ["Pere Ubu"], "asin": ["B000008JDN"], "script": ["Latn"], "musicbrainz_albumid": ["cc5a228a-a9cf-45cf-982c-db1b6066b694"], "file_name": "02 - Come Home.flac", "releasestatus": ["official"], "totaldiscs": ["1"], "album": ["Story Of My Life"], "artist": ["Pere Ubu"]}}, "lowlevel": {"melbands": {"dvar": [1.58361194735e-06, 3.34410947289e-06, 9.04815692593e-07, 6.64163451347e-07, 4.3763932922e-07, 9.87046817613e-08, 9.47542702079e-08, 8.51209094321e-08, 4.94113194804e-08, 7.65606316122e-08, 2.26324843311e-08, 6.45556630374e-09, 6.65941790601e-09, 7.04654734562e-09, 4.32357216695e-09, 2.14391926434e-09, 1.08657505216e-09, 9.71784208659e-10, 5.34385591333e-10, 4.06384786933e-10, 6.83336665031e-10, 1.24611654329e-09, 5.10710751467e-10, 4.41297220988e-10, 6.56293741574e-10, 4.25292412398e-10, 1.86219095699e-10, 1.38693001528e-10, 1.13345638431e-10, 1.49751724909e-10, 1.25076962676e-10, 1.445579767e-10, 1.82756337841e-10, 8.14913553304e-11, 3.45811816682e-11, 1.15885539012e-11, 9.86057416275e-12, 9.36498708443e-12, 5.77492047238e-12, 3.61189723963e-12], "mean": [0.000757128756959, 0.00135751615744, 0.000926610548049, 0.000547317147721, 0.000409861269873, 0.000315953104291, 0.000226775955525, 0.000180054252269, 0.000140634569107, 0.000121833523735, 8.7602144049e-05, 5.42070047231e-05, 5.84198387514e-05, 4.7137200454e-05, 3.77579563065e-05, 2.25950461754e-05, 2.06592394534e-05, 1.85309181688e-05, 1.91732760868e-05, 1.95487082237e-05, 2.98436207231e-05, 2.75034744845e-05, 1.99413516384e-05, 2.37115000346e-05, 3.33816460625e-05, 2.97493552353e-05, 1.81021823664e-05, 1.70354214788e-05, 1.36443923111e-05, 8.90376941243e-06, 6.8837625804e-06, 4.80570770378e-06, 3.89178103433e-06, 2.65594098892e-06, 1.81462155524e-06, 1.32336606384e-06, 1.24227358356e-06, 9.90590820038e-07, 7.30045428554e-07, 5.46237401977e-07], "min": [5.80426538565e-24, 4.22368789873e-24, 8.57731538804e-24, 1.72528786687e-23, 2.04950543906e-23, 8.01784892317e-24, 1.18600259388e-23, 7.54943199512e-24, 3.37826724433e-24, 5.80431153401e-24, 7.2392779196e-24, 3.34762512575e-24, 4.12169883331e-24, 4.51619278922e-24, 3.36763852692e-24, 6.00267494736e-24, 9.44143677907e-24, 2.05548169151e-23, 1.11182623962e-23, 1.12374442906e-23, 5.82363389302e-24, 5.24387279807e-24, 5.6313959846e-24, 9.35565367765e-24, 1.57149974894e-23, 7.73272224873e-24, 6.73967179794e-24, 1.06079388103e-23, 1.20371054905e-23, 1.20048592232e-23, 9.10249085822e-24, 6.14396900739e-24, 8.71294108803e-24, 8.65822806223e-24, 1.40775352426e-23, 1.00703403585e-23, 9.60450537223e-24, 1.0382094244e-23, 9.66511197785e-24, 1.12183885666e-23], "median": [0.000306556466967, 0.000704378820956, 0.000517644279171, 0.000314451026497, 0.000220717425691, 0.00020495991339, 0.000115032104077, 9.05149427126e-05, 6.4398147515e-05, 4.66751844215e-05, 3.1213137845e-05, 2.56295370491e-05, 2.38272041315e-05, 1.60460003826e-05, 1.59498558787e-05, 8.46423517942e-06, 8.25045026431e-06, 8.96728033695e-06, 9.75326111075e-06, 1.11760618893e-05, 1.76322282641e-05, 1.72025975189e-05, 9.98346877168e-06, 1.6477313693e-05, 2.60788510786e-05, 2.39126202359e-05, 1.4247539184e-05, 1.45145331771e-05, 1.14890071927e-05, 6.42199938738e-06, 4.33456352766e-06, 2.03235867957e-06, 6.32152136859e-07, 3.29158524437e-07, 1.90123500943e-07, 1.45301669363e-07, 1.35567987058e-07, 9.36134725293e-08, 5.75455629814e-08, 3.54600615537e-08], "dvar2": [3.32469562636e-06, 8.66332720761e-06, 2.37024664784e-06, 1.74732792857e-06, 1.22073242892e-06, 2.68904841505e-07, 2.27387104701e-07, 2.26472536724e-07, 1.27496363689e-07, 2.12896281937e-07, 5.51902239465e-08, 1.51228647383e-08, 1.50405590205e-08, 1.68128746481e-08, 1.02658921364e-08, 5.04080288621e-09, 2.31643482174e-09, 2.27489849181e-09, 1.23477073011e-09, 1.00482544507e-09, 1.79635917252e-09, 3.45523964995e-09, 1.18803955562e-09, 1.02772657051e-09, 1.57474222551e-09, 1.07016950857e-09, 4.5730985665e-10, 3.50800777316e-10, 2.88148394034e-10, 3.9325750989e-10, 3.10178743801e-10, 3.68437447218e-10, 4.63486277136e-10, 1.8493902243e-10, 7.9183999635e-11, 2.6131423414e-11, 2.0906495285e-11, 1.74920460061e-11, 9.27881469576e-12, 6.97511753217e-12], "var": [2.22265339289e-06, 4.30183990829e-06, 1.41797613651e-06, 6.74042269111e-07, 4.1955658503e-07, 1.37401315214e-07, 1.47856297872e-07, 9.20269940252e-08, 6.15354949218e-08, 7.55426015075e-08, 3.94809838156e-08, 1.02015436099e-08, 1.29923387604e-08, 1.3470506488e-08, 6.91891210991e-09, 3.4525173831e-09, 2.86999712884e-09, 1.85623316717e-09, 1.15188281136e-09, 8.42430125658e-10, 1.43578393619e-09, 1.6413561621e-09, 1.38558164942e-09, 1.17940845978e-09, 1.87998483447e-09, 1.19777643359e-09, 4.48754838844e-10, 3.04207797841e-10, 2.05289632516e-10, 1.65590929857e-10, 1.47258108485e-10, 1.48777878906e-10, 1.84608023313e-10, 9.93559678975e-11, 4.24740485838e-11, 1.85374268019e-11, 1.89925401795e-11, 2.40837749049e-11, 1.7286344231e-11, 8.21331978124e-12], "dmean2": [0.000768598052673, 0.00137039890978, 0.000878981023561, 0.000658423814457, 0.000489161233418, 0.000318617851008, 0.000243466027314, 0.000214275729377, 0.000162724812981, 0.000162274285685, 9.45253195823e-05, 5.30044962943e-05, 5.72017306695e-05, 4.44661600341e-05, 3.76855787181e-05, 2.44539442065e-05, 1.94147578441e-05, 1.73509179149e-05, 1.73237276613e-05, 1.68928017956e-05, 2.63271213043e-05, 2.40419431066e-05, 1.57265585585e-05, 1.86254201253e-05, 2.42713485932e-05, 2.1380445105e-05, 1.29995187308e-05, 1.2244604477e-05, 1.00586530607e-05, 7.92824721429e-06, 6.2784124566e-06, 5.38444237463e-06, 5.32825106347e-06, 3.54406961378e-06, 2.36093387684e-06, 1.50685536937e-06, 1.35540528845e-06, 9.85774363471e-07, 7.14267343938e-07, 5.67480924474e-07], "max": [0.0231104381382, 0.0381489731371, 0.0147160068154, 0.0118679199368, 0.00891570840031, 0.00440758140758, 0.00616174330935, 0.00596976419911, 0.0039201839827, 0.00523297442123, 0.00399025017396, 0.00232477276586, 0.00245548039675, 0.00259305047803, 0.00248136441223, 0.00214478140697, 0.00142968608998, 0.00152713351417, 0.000658327015117, 0.000722278491594, 0.000508055672981, 0.00196644617245, 0.000990576460026, 0.000810607278254, 0.000884937006049, 0.000476875866298, 0.000376429845346, 0.000311708659865, 0.000186368866707, 0.000344410713296, 0.000288257462671, 0.000251232588198, 0.000312275340548, 0.000406589591876, 0.000202832583454, 7.85741358413e-05, 9.36302021728e-05, 0.000173712265678, 0.000109947686724, 6.92419416737e-05], "dmean": [0.000502362439875, 0.000832497724332, 0.000534831546247, 0.000396016170271, 0.000287655653665, 0.000190479113371, 0.000148559949594, 0.000128226660308, 9.86794184428e-05, 9.56149524427e-05, 5.88894545217e-05, 3.34098367603e-05, 3.70400412066e-05, 2.85051901301e-05, 2.38610991801e-05, 1.55137731781e-05, 1.23515137602e-05, 1.09116081148e-05, 1.08777794594e-05, 1.04848004412e-05, 1.59977298608e-05, 1.44931127579e-05, 9.74692829914e-06, 1.14353588287e-05, 1.50015966938e-05, 1.31217011585e-05, 7.97890788817e-06, 7.5079619819e-06, 6.18853800916e-06, 4.86046201331e-06, 3.92403535443e-06, 3.33465209224e-06, 3.30945545102e-06, 2.24457039621e-06, 1.53316329943e-06, 9.83183667813e-07, 9.00754628219e-07, 6.76142065004e-07, 5.00028875194e-07, 3.89324867456e-07]}, "spectral_decrease": {"dvar": 1.11718393146e-17, "mean": -4.8216266535e-09, "min": -4.88469638071e-08, "median": -3.94173316209e-09, "dvar2": 2.61112993766e-17, "var": 1.9285735834e-17, "dmean2": 2.85855872306e-09, "max": 1.78451291965e-15, "dmean": 1.82370207824e-09}, "spectral_rolloff": {"dvar": 909981.1875, "mean": 2225.24389648, "min": 86.1328125, "median": 2196.38671875, "dvar2": 1991183.75, "var": 4614120.5, "dmean2": 1091.69311523, "max": 21576.2695313, "dmean": 649.151062012}, "melbands_crest": {"dvar": 5.9777841568, "mean": 12.1838989258, "min": 2.26850795746, "median": 11.7211856842, "dvar2": 16.4269542694, "var": 16.4342556, "dmean2": 4.52081298828, "max": 39.9490432739, "dmean": 2.73006463051}, "barkbands_skewness": {"dvar": 0.315196663141, "mean": 1.12690722942, "min": -29.0497665405, "median": 1.12429785728, "dvar2": 0.652360379696, "var": 2.86806082726, "dmean2": 0.669917881489, "max": 10.5121860504, "dmean": 0.429239749908}, "spectral_centroid": {"dvar": 84439.9921875, "mean": 1892.27893066, "min": 163.674835205, "median": 1958.08544922, "dvar2": 197516.15625, "var": 506736.96875, "dmean2": 429.346710205, "max": 11159.0449219, "dmean": 269.483581543}, "spectral_energyband_middle_low": {"dvar": 6.68394350214e-05, "mean": 0.00875587575138, "min": 3.06299694829e-22, "median": 0.00664479471743, "dvar2": 0.000174339453224, "var": 8.2320679212e-05, "dmean2": 0.00670652650297, "max": 0.129167512059, "dmean": 0.0041148038581}, "erbbands_crest": {"dvar": 3.5496006012, "mean": 6.96261310577, "min": 2.48840403557, "median": 6.07875347137, "dvar2": 8.84318447113, "var": 9.68053627014, "dmean2": 3.07211208344, "max": 27.3359394073, "dmean": 1.86235141754}, "dynamic_complexity": 3.56713557243, "spectral_energyband_low": {"dvar": 5.83982000535e-05, "mean": 0.0067640915513, "min": 5.27977472562e-23, "median": 0.00365286273882, "dvar2": 0.000136771835969, "var": 9.28820518311e-05, "dmean2": 0.00587211735547, "max": 0.148140519857, "dmean": 0.00369328795932}, "silence_rate_60dB": {"dvar": 0.0211015995592, "mean": 0.108244128525, "min": 0, "median": 0, "dvar2": 0.0483073554933, "var": 0.0965296700597, "dmean2": 0.0431447736919, "max": 1, "dmean": 0.0215706638992}, "erbbands_kurtosis": {"dvar": 0.842153012753, "mean": -0.38892737031, "min": -1.8138614893, "median": -0.735996365547, "dvar2": 2.13395357132, "var": 1.7577688694, "dmean2": 0.917795240879, "max": 28.8950004578, "dmean": 0.574437022209}, "spectral_complexity": {"dvar": 24.8990116119, "mean": 24.6569747925, "min": 0, "median": 27, "dvar2": 45.1038627625, "var": 172.203445435, "dmean2": 6.3854265213, "max": 62, "dmean": 4.29927301407}, "barkbands_crest": {"dvar": 4.04281616211, "mean": 8.17848968506, "min": 2.33626770973, "median": 7.48623847961, "dvar2": 10.0511236191, "var": 12.0520467758, "dmean2": 3.45615053177, "max": 26.7691631317, "dmean": 2.12538862228}, "spectral_energy": {"dvar": 0.00018009802443, "mean": 0.019987815991, "min": 1.05220160805e-20, "median": 0.0165917556733, "dvar2": 0.000420527620008, "var": 0.000317484402331, "dmean2": 0.0114311370999, "max": 0.190360680223, "dmean": 0.00734893558547}, "spectral_spread": {"dvar": 447912214528, "mean": 3903366, "min": 884079.25, "median": 3378878, "dvar2": 876287361024, "var": 5437229367300.0, "dmean2": 559574.375, "max": 40145228, "dmean": 382005.25}, "spectral_contrast_valleys": {"dvar": [0.150715947151, 0.134074121714, 0.106762334704, 0.0965408235788, 0.105527579784, 0.217708259821], "mean": [-7.37434482574, -6.62869882584, -7.42256546021, -7.87948560715, -7.19720220566, -10.8039531708], "min": [-27.5594444275, -27.7285232544, -27.0417499542, -27.196434021, -27.4410247803, -27.2896671295], "median": [-7.10926151276, -6.38016319275, -7.15181827545, -7.53774785995, -6.58676147461, -10.6711416245], "dvar2": [0.318997591734, 0.282567113638, 0.205732792616, 0.175180912018, 0.183951318264, 0.37537202239], "var": [1.76104724407, 1.44878292084, 1.44420659542, 1.54404425621, 2.06104826927, 1.96076023579], "dmean2": [0.635900318623, 0.568032085896, 0.503245890141, 0.418189287186, 0.326468765736, 0.406891912222], "max": [-4.87312412262, -4.39309835434, -5.25994110107, -5.76081800461, -5.29888868332, -7.30961179733], "dmean": [0.396743178368, 0.350400745869, 0.31737574935, 0.269235730171, 0.217812463641, 0.312797963619]}, "spectral_rms": {"dvar": 9.60607394518e-07, "mean": 0.00402648095042, "min": 3.20396335331e-12, "median": 0.00402331678197, "dvar2": 2.05501419259e-06, "var": 3.28783448822e-06, "dmean2": 0.00102904031519, "max": 0.0136278299615, "dmean": 0.00068410707172}, "barkbands_spread": {"dvar": 47.9783935547, "mean": 30.4996204376, "min": 0.628352284431, "median": 30.3091926575, "dvar2": 110.573455811, "var": 206.219268799, "dmean2": 9.5716753006, "max": 168.779922485, "dmean": 6.02821207047}, "pitch_salience": {"dvar": 0.00336930109188, "mean": 0.609817266464, "min": 0.0725124105811, "median": 0.619230687618, "dvar2": 0.00875253602862, "var": 0.0099336206913, "dmean2": 0.104607433081, "max": 0.89767575264, "dmean": 0.0636628642678}, "erbbands_skewness": {"dvar": 0.0917540341616, "mean": -0.256357848644, "min": -3.79019260406, "median": -0.287548243999, "dvar2": 0.222830057144, "var": 0.482385784388, "dmean2": 0.489728808403, "max": 4.63940143585, "dmean": 0.312324792147}, "spectral_energyband_middle_high": {"dvar": 3.81875861422e-06, "mean": 0.0042612273246, "min": 1.25517640248e-21, "median": 0.00331398053095, "dvar2": 8.26854011393e-06, "var": 1.6740639694e-05, "dmean2": 0.00186740537174, "max": 0.0344175286591, "dmean": 0.00124664488249}, "erbbands": {"dvar": [0.00968296732754, 2.09625101089, 13.7742395401, 29.7564296722, 59.901260376, 367.346954346, 259.689025879, 204.154388428, 432.015686035, 683.334838867, 694.871459961, 1916.56774902, 913.801696777, 351.920379639, 538.739257813, 770.520263672, 492.751617432, 242.395477295, 279.018066406, 286.415985107, 291.781768799, 714.851257324, 396.028106689, 760.296691895, 462.241760254, 276.717437744, 275.784576416, 355.975830078, 487.370819092, 302.289520264, 80.5473861694, 25.9887523651, 15.0792551041, 5.61808443069, 2.14473176003, 0.57563239336, 0.0173471234739, 0.000727554026525, 4.21977074438e-06, 6.93258028761e-09], "mean": [0.0631177425385, 0.833746373653, 2.67811346054, 4.9756526947, 6.34837961197, 9.3179769516, 11.2779483795, 13.9313764572, 14.4216766357, 17.5251941681, 16.7328014374, 19.6084728241, 18.0173492432, 13.9501791, 16.7255783081, 17.6313991547, 12.9955053329, 10.9469347, 11.5265846252, 16.384147644, 22.075838089, 24.0671463013, 24.0165977478, 39.6315994263, 33.2026252747, 26.0940971375, 20.2383918762, 12.4813365936, 8.31342983246, 5.41781044006, 3.0260617733, 2.07162976265, 1.31598472595, 0.720402479172, 0.368396371603, 0.154423743486, 0.0306007619947, 0.00490666134283, 0.000429985753726, 4.32329179603e-05], "min": [6.53831748157e-22, 9.81044486372e-22, 1.12488614619e-20, 5.51177971749e-20, 9.33468086764e-20, 3.82085116395e-19, 6.47860108364e-19, 2.81597276877e-19, 8.21930135314e-19, 7.76096057572e-19, 3.52664085614e-19, 8.55809850541e-19, 1.4848504109e-18, 9.13009906887e-19, 1.25370709303e-18, 1.90437718564e-18, 1.7674471546e-18, 5.53041377024e-18, 1.28161378875e-17, 6.81919342465e-18, 6.41903156843e-18, 5.27086351918e-18, 7.85205166933e-18, 1.80874522202e-17, 9.47848231387e-18, 1.44817967455e-17, 1.92987192609e-17, 1.75272375329e-17, 1.30754590096e-17, 1.64114866918e-17, 2.29660890267e-17, 1.58438389595e-17, 1.48570753545e-17, 1.24868199149e-17, 8.81966769756e-18, 8.67842329924e-18, 2.72925927006e-18, 1.16963173179e-18, 3.88515773573e-19, 3.66077988932e-20], "median": [0.0247504040599, 0.369517803192, 1.3460444212, 2.57956218719, 3.7176656723, 4.11027812958, 5.96572303772, 8.83248138428, 7.22254228592, 8.79044914246, 8.17506790161, 7.81787919998, 6.64507579803, 6.80391025543, 7.40234661102, 6.71764087677, 5.17979049683, 4.71234893799, 5.94164180756, 8.5589132309, 13.8589277267, 15.3891239166, 15.6191673279, 31.7567481995, 27.6916847229, 22.8439178467, 17.1052017212, 8.52382659912, 3.2230963707, 0.82158011198, 0.342408597469, 0.247220873833, 0.132379278541, 0.0546653345227, 0.0248654931784, 0.0101145766675, 0.00192521885037, 0.000312735763146, 4.48726023023e-05, 2.4519264116e-05], "dvar2": [0.0202218424529, 4.72564315796, 38.2073783875, 82.0913696289, 154.997573853, 980.381774902, 721.851257324, 559.990356445, 1041.42077637, 1806.16564941, 1803.41052246, 5286.77929688, 2242.87719727, 825.426879883, 1236.1027832, 1839.0012207, 1143.56665039, 516.080871582, 652.539123535, 697.580932617, 754.633422852, 1959.24511719, 904.117919922, 1808.13842773, 1117.60998535, 679.359863281, 696.811706543, 886.990905762, 1241.22631836, 702.401428223, 182.607025146, 56.0761108398, 25.9905090332, 10.0419874191, 4.53577661514, 1.31885385513, 0.0384362228215, 0.0017171734944, 9.97723236651e-06, 1.62053961361e-08], "var": [0.0142551520839, 2.71375489235, 16.1077518463, 44.6644973755, 72.078742981, 333.02633667, 295.194824219, 277.837127686, 628.270629883, 813.42578125, 831.740112305, 1915.87060547, 1586.31628418, 596.857299805, 1021.98852539, 1699.44335938, 888.956237793, 638.772583008, 568.460693359, 665.227539063, 681.554382324, 1122.81408691, 1303.35974121, 2431.83374023, 1492.2746582, 690.532165527, 467.466339111, 418.163635254, 500.019378662, 360.827423096, 104.951347351, 48.8133621216, 42.4459533691, 14.6451320648, 2.95683860779, 0.66566079855, 0.0216970015317, 0.000745347351767, 4.43343787992e-06, 8.25350632283e-09], "dmean2": [0.0594779923558, 0.91884213686, 2.88868832588, 5.06109189987, 6.90340280533, 12.7386217117, 13.1032495499, 14.2609605789, 16.0161876678, 20.2624492645, 18.8958778381, 25.6024494171, 19.0932636261, 12.8794116974, 15.434463501, 15.7991724014, 13.0699329376, 9.69090080261, 9.80061817169, 13.6981592178, 17.5825023651, 18.5176429749, 16.0617218018, 26.332408905, 20.870059967, 16.6427078247, 14.1350450516, 10.3767662048, 9.35099601746, 6.83965444565, 3.70370793343, 2.21219849586, 1.24367523193, 0.713735997677, 0.457973092794, 0.20411747694, 0.0391926281154, 0.00710038701072, 0.000619627069682, 3.60292178812e-05], "max": [2.05100035667, 21.9375324249, 78.7469558716, 88.5236663818, 137.832183838, 259.067962646, 218.539428711, 201.136825562, 459.283477783, 456.519165039, 515.970275879, 788.18762207, 782.645629883, 483.920196533, 669.737487793, 850.925109863, 601.347167969, 623.966552734, 893.00970459, 530.258056641, 309.22644043, 1405.20068359, 599.549255371, 919.080444336, 567.508666992, 484.953033447, 281.420623779, 489.490966797, 444.041442871, 652.980834961, 313.025634766, 148.095962524, 219.656829834, 99.5044631958, 43.6991195679, 25.5620536804, 3.56358623505, 0.9927957654, 0.0901340842247, 0.00305351964198], "dmean": [0.0391543805599, 0.579183042049, 1.70918440819, 3.03875231743, 4.14374399185, 7.63467884064, 7.72303676605, 8.51329231262, 9.74133586884, 12.1673650742, 11.4457359314, 15.0890359879, 11.8798017502, 8.17866897583, 10.0529079437, 10.0696058273, 8.32082176208, 6.17828369141, 6.20597982407, 8.56921863556, 10.7462387085, 11.2801876068, 10.1609458923, 16.4259872437, 13.0082416534, 10.4015541077, 8.81432819366, 6.54966545105, 5.87834835052, 4.40167665482, 2.44431209564, 1.4768037796, 0.876284837723, 0.495702654123, 0.302976340055, 0.134067252278, 0.025980796665, 0.0046058781445, 0.000398334756028, 2.37385647779e-05]}, "dissonance": {"dvar": 0.000163913297001, "mean": 0.477301329374, "min": 0.291481614113, "median": 0.483749806881, "dvar2": 0.00043933923007, "var": 0.000441320647951, "dmean2": 0.0206059608608, "max": 0.500000119209, "dmean": 0.0121905263513}, "erbbands_flatness_db": {"dvar": 0.000229613069678, "mean": 0.160313233733, "min": 0.0197630859911, "median": 0.161645650864, "dvar2": 0.000434735324234, "var": 0.00143466459122, "dmean2": 0.0196624454111, "max": 0.358326643705, "dmean": 0.0134559404105}, "melbands_kurtosis": {"dvar": 635.481262207, "mean": 10.6208658218, "min": -1.82351839542, "median": 6.89253425598, "dvar2": 1962.81115723, "var": 865.926330566, "dmean2": 8.37283229828, "max": 1883.87548828, "dmean": 5.12848901749}, "melbands_spread": {"dvar": 103.196311951, "mean": 31.9102783203, "min": 0.588374555111, "median": 28.2026062012, "dvar2": 232.106185913, "var": 516.36529541, "dmean2": 13.1946954727, "max": 281.485015869, "dmean": 8.3430480957}, "melbands_skewness": {"dvar": 0.539879500866, "mean": 2.62829566002, "min": -1.4648168087, "median": 2.51513814926, "dvar2": 1.41905474663, "var": 2.07997179031, "dmean2": 0.921009063721, "max": 41.3728637695, "dmean": 0.587529540062}, "spectral_entropy": {"dvar": 0.0175810121, "mean": 7.65303230286, "min": 5.06127691269, "median": 7.71640491486, "dvar2": 0.0363504104316, "var": 0.175581261516, "dmean2": 0.164096519351, "max": 9.77844047546, "dmean": 0.107150912285}, "zerocrossingrate": {"dvar": 0.000192274339497, "mean": 0.0741257220507, "min": 0.00439453125, "median": 0.0673828125, "dvar2": 0.000183476338862, "var": 0.0043369717896, "dmean2": 0.0111150303856, "max": 0.86376953125, "dmean": 0.00972552318126}, "average_loudness": 0.898434579372, "spectral_contrast_coeffs": {"dvar": [0.00185311574023, 0.00130114750937, 0.000931993010454, 0.000453043845482, 0.000304674962536, 0.000435988069512], "mean": [-0.648688554764, -0.762481033802, -0.786141216755, -0.801176667213, -0.787519097328, -0.700287699699], "min": [-0.966723442078, -0.95918905735, -0.968807697296, -0.959775745869, -0.952769458294, -0.957626342773], "median": [-0.6568338871, -0.767900824547, -0.794994175434, -0.808751881123, -0.794363796711, -0.70295727253], "dvar2": [0.00501203909516, 0.00357622071169, 0.00250099948607, 0.0011782492511, 0.00074855145067, 0.000850287498906], "var": [0.00597403850406, 0.00382912345231, 0.00372856669128, 0.00252779829316, 0.00203738268465, 0.00440359581262], "dmean2": [0.0828491970897, 0.0739997699857, 0.0613267160952, 0.0438240617514, 0.0337820015848, 0.0304426569492], "max": [-0.276255369186, -0.462154388428, -0.503193259239, -0.580663979053, -0.536098599434, -0.529844820499], "dmean": [0.0497972555459, 0.0445784553885, 0.0374557748437, 0.0266593005508, 0.0204964820296, 0.0199701786041]}, "barkbands_flatness_db": {"dvar": 0.000329621398123, "mean": 0.125840961933, "min": 0.0240267924964, "median": 0.119155526161, "dvar2": 0.000716265290976, "var": 0.0022940619383, "dmean2": 0.0259888190776, "max": 0.544951736927, "dmean": 0.0167721733451}, "silence_rate_30dB": {"dvar": 0.0027091591619, "mean": 0.998562097549, "min": 0, "median": 1, "dvar2": 0.00796112883836, "var": 0.00143570674118, "dmean2": 0.00543304579332, "max": 1, "dmean": 0.0027163058985}, "spectral_energyband_high": {"dvar": 2.80190511148e-06, "mean": 0.00119691388682, "min": 7.92993011654e-21, "median": 0.000775457010604, "dvar2": 6.58467843095e-06, "var": 3.97533813157e-06, "dmean2": 0.000917630037293, "max": 0.0328084826469, "dmean": 0.000610137183685}, "melbands_flatness_db": {"dvar": 0.000518305401783, "mean": 0.181705862284, "min": 0.00752680655569, "median": 0.173465803266, "dvar2": 0.00115489156451, "var": 0.003906394355, "dmean2": 0.0341365337372, "max": 0.592668950558, "dmean": 0.0219676997513}, "barkbands": {"dvar": [6.47170539381e-10, 3.04035002046e-05, 1.27838311528e-05, 4.36921436631e-06, 1.54724712047e-05, 2.86235126623e-06, 2.2522594918e-06, 1.74280717147e-06, 3.31195633407e-06, 6.14757880157e-07, 3.24089199921e-07, 4.79270283904e-07, 2.4615150096e-07, 1.18535268712e-07, 1.03615889202e-07, 7.08448197884e-08, 2.62496484993e-07, 1.91594196508e-07, 2.95501138226e-07, 1.2740594002e-07, 1.88230160347e-07, 3.5722413827e-07, 1.25984740862e-07, 5.05791426519e-08, 3.90567649333e-08, 1.16279128548e-08, 2.05922473517e-10], "mean": [2.04102507269e-05, 0.00318641285412, 0.00268725911155, 0.00171211222187, 0.00243907910772, 0.00171479582787, 0.00111782806925, 0.00068156409543, 0.000884667853825, 0.000479430251289, 0.000400003918912, 0.000413849425968, 0.000255096529145, 0.000227055206778, 0.000255592545727, 0.000307108886773, 0.000484278833028, 0.000482167873997, 0.000798783672508, 0.000533834623639, 0.00039426406147, 0.000224321673159, 0.000115814698802, 8.83095126483e-05, 5.80466548854e-05, 2.31474150496e-05, 2.56021394307e-06], "min": [3.14166379859e-23, 8.67070863061e-24, 1.47159303965e-23, 1.74014827083e-23, 8.07409738784e-23, 6.2916491331e-23, 5.73063650086e-23, 2.1865334182e-23, 4.0621628697e-23, 4.08925961071e-23, 2.76506318016e-23, 4.13273184193e-23, 4.02780703064e-23, 1.04567318452e-22, 2.19132331851e-22, 1.44611532521e-22, 7.94828795741e-23, 2.46779319115e-22, 2.2285111051e-22, 3.09042381181e-22, 4.85054086583e-22, 3.7122110455e-22, 6.60530931669e-22, 8.57562031528e-22, 1.17701773007e-21, 1.74201692454e-21, 2.57088178668e-21], "median": [1.12634452307e-05, 0.00136995397042, 0.00118178047705, 0.000840618566144, 0.00137127761263, 0.00109514826909, 0.000549087533727, 0.00031891168328, 0.000354508491, 0.00017939938698, 0.000160197814694, 0.000146519741975, 9.19533995329e-05, 9.36080978136e-05, 0.000126588842249, 0.000191985469428, 0.000293273245916, 0.000317444413668, 0.000654362607747, 0.000465996912681, 0.000306084228214, 7.57325760787e-05, 1.30594817165e-05, 1.00200059023e-05, 4.11531618738e-06, 1.50222831508e-06, 1.94939019593e-07], "dvar2": [1.72717928848e-09, 6.74635884934e-05, 3.5722994653e-05, 1.13859332487e-05, 4.15375798184e-05, 7.75904481998e-06, 5.54709185963e-06, 4.60428191218e-06, 9.17931720323e-06, 1.43215709159e-06, 7.38400046885e-07, 1.17973274882e-06, 5.76908803396e-07, 2.63085240704e-07, 2.42683142915e-07, 1.77292093895e-07, 7.03831176452e-07, 4.4272317723e-07, 7.06479454493e-07, 3.16338258699e-07, 4.73065256301e-07, 8.88992246928e-07, 2.8397860774e-07, 9.59365138442e-08, 7.6565100926e-08, 2.64610040546e-08, 5.02866970287e-10], "var": [8.25267076898e-10, 3.99198979721e-05, 1.70569128386e-05, 6.27874715065e-06, 1.46648271766e-05, 4.09077301811e-06, 3.51627636519e-06, 1.73595697106e-06, 3.44585714629e-06, 1.07874870992e-06, 6.17736077402e-07, 9.69348207036e-07, 4.05048240282e-07, 2.92719590789e-07, 2.16471988779e-07, 1.4850901664e-07, 4.52020714192e-07, 5.57715452487e-07, 8.97914674169e-07, 2.90775176381e-07, 2.53885019674e-07, 3.88267466178e-07, 1.62342473686e-07, 1.24352268926e-07, 7.74788446734e-08, 1.37664208921e-08, 1.99005673052e-10], "dmean2": [1.9615103156e-05, 0.00345868547447, 0.00293148076162, 0.00190761033446, 0.00293442513794, 0.00172096386086, 0.00122876709793, 0.000871147727594, 0.00114851666149, 0.000478550005937, 0.000406201172154, 0.000387282780139, 0.000280903448584, 0.00021293835016, 0.000234396968153, 0.000256334518781, 0.000407301529776, 0.000361952348612, 0.000530984369107, 0.000347473251168, 0.000300324085401, 0.000256009254372, 0.000143580735312, 8.72047894518e-05, 6.31248403806e-05, 3.00969168165e-05, 3.98865267925e-06], "max": [0.000405666301958, 0.0906101092696, 0.063492834568, 0.037395413965, 0.0530952140689, 0.0238737277687, 0.0252776555717, 0.029297048226, 0.0334117598832, 0.0220798105001, 0.0151315396652, 0.0185426287353, 0.0162797961384, 0.0121237849817, 0.0125942490995, 0.00680789956823, 0.0221708696336, 0.0161863472313, 0.0148518756032, 0.00723724998534, 0.0104154935107, 0.0130358980969, 0.0153185883537, 0.0106318881735, 0.00597786065191, 0.00337605248205, 0.000489749596454], "dmean": [1.1940339391e-05, 0.00220116204582, 0.00173945049755, 0.00115601252764, 0.00175779312849, 0.00103172508534, 0.000746534205973, 0.000519178865943, 0.00067937001586, 0.000305133959046, 0.00026048408472, 0.00024626054801, 0.000177424721187, 0.000134868198074, 0.000147126324009, 0.000157719143317, 0.000247372547165, 0.000226074276725, 0.000330148002831, 0.000216521977563, 0.000188709731447, 0.000162511321832, 9.41053367569e-05, 6.0096692323e-05, 4.32366068708e-05, 1.99213209271e-05, 2.52404856838e-06]}, "erbbands_spread": {"dvar": 50.2562026978, "mean": 46.0889778137, "min": 6.5147819519, "median": 45.6175994873, "dvar2": 115.457481384, "var": 258.864501953, "dmean2": 10.8196468353, "max": 198.54536438, "dmean": 6.92026948929}, "barkbands_kurtosis": {"dvar": 193.92527771, "mean": 3.50833892822, "min": -1.9995418787, "median": 0.170776098967, "dvar2": 394.877685547, "var": 1072.17419434, "dmean2": 3.31604957581, "max": 905.096679688, "dmean": 2.07146024704}, "spectral_flux": {"dvar": 0.00072859210195, "mean": 0.0737233683467, "min": 1.02576877548e-10, "median": 0.0670983418822, "dvar2": 0.00152498029638, "var": 0.00205619377084, "dmean2": 0.0292082875967, "max": 0.343564212322, "dmean": 0.0191315729171}, "silence_rate_20dB": {"dvar": 0, "mean": 1, "min": 1, "median": 1, "dvar2": 0, "var": 0, "dmean2": 0, "max": 1, "dmean": 0}, "gfcc": {"cov": [[13069.7353516, -357.967407227, -849.732177734, 799.271057129, -1040.19775391, 102.099830627, -373.321685791, 188.844924927, -541.07824707, 308.117492676, -259.230133057, -3.88755297661, -140.435409546], [-357.967407227, 1649.30126953, -413.368286133, 273.787994385, 430.280090332, -203.560440063, 335.539428711, -47.3596305847, 140.937835693, -80.0023498535, 68.3072891235, -102.282737732, 49.0180091858], [-849.732177734, -413.368286133, 914.127746582, -80.3439407349, -12.122136116, 218.823226929, -73.161239624, 94.8194351196, -11.6963481903, 45.5418395996, -19.4155921936, 28.0683517456, -50.8779602051], [799.271057129, 273.787994385, -80.3439407349, 457.685424805, 79.7694702148, -99.6987762451, 144.542068481, -7.41061544418, 25.9242362976, 32.3292579651, 19.4308319092, -69.971321106, -3.271245718], [-1040.19775391, 430.280090332, -12.122136116, 79.7694702148, 408.308990479, 1.80314230919, 173.250244141, 29.5945720673, 81.4783706665, -33.5014762878, 43.7477912903, -36.73229599, 12.3640584946], [102.099830627, -203.560440063, 218.823226929, -99.6987762451, 1.80314230919, 245.113769531, -47.3609352112, 52.3206748962, -19.1641998291, 4.78963041306, -8.46254920959, 29.1196327209, -14.4792947769], [-373.321685791, 335.539428711, -73.161239624, 144.542068481, 173.250244141, -47.3609352112, 258.003662109, 20.7029037476, 35.4575119019, 1.64627039433, 33.5039482117, -43.0782279968, 2.07719087601], [188.844924927, -47.3596305847, 94.8194351196, -7.41061544418, 29.5945720673, 52.3206748962, 20.7029037476, 143.66708374, -12.1592073441, 13.505235672, 0.71836823225, 2.52213931084, -16.5614318848], [-541.07824707, 140.937835693, -11.6963481903, 25.9242362976, 81.4783706665, -19.1641998291, 35.4575119019, -12.1592073441, 117.057723999, -11.3081455231, 17.667339325, -5.76975393295, 14.1160497665], [308.117492676, -80.0023498535, 45.5418395996, 32.3292579651, -33.5014762878, 4.78963041306, 1.64627039433, 13.505235672, -11.3081455231, 85.0576400757, 11.655834198, -0.677034139633, -15.2361059189], [-259.230133057, 68.3072891235, -19.4155921936, 19.4308319092, 43.7477912903, -8.46254920959, 33.5039482117, 0.71836823225, 17.667339325, 11.655834198, 73.0631561279, 5.05120325089, 4.87962675095], [-3.88755297661, -102.282737732, 28.0683517456, -69.971321106, -36.73229599, 29.1196327209, -43.0782279968, 2.52213931084, -5.76975393295, -0.677034139633, 5.05120325089, 76.5627441406, 16.4399585724], [-140.435409546, 49.0180091858, -50.8779602051, -3.271245718, 12.3640584946, -14.4792947769, 2.07719087601, -16.5614318848, 14.1160497665, -15.2361059189, 4.87962675095, 16.4399585724, 60.1716651917]], "mean": [-22.1187038422, 103.516326904, -131.805404663, 49.1597747803, -55.4324531555, -6.52514362335, -26.0419330597, 6.18688774109, -24.1437835693, -0.949557423592, -14.1617498398, -2.38880944252, -7.78100013733], "icov": [[0.000330024340656, -0.000264719768893, 0.000527363503352, -0.000908199290279, 0.000684914994054, -0.000736033194698, 0.000604789995123, -0.000653603463434, 0.00093728560023, -0.000903831387404, 0.000953835377004, -0.000491517595947, 0.000472007173812], [-0.000264719768893, 0.00141777051613, -0.000141098775202, 0.000544617359992, -0.00129257200751, 0.00097478996031, -0.00114123907406, 0.000694530666806, -0.00117903889623, 0.00137493072543, -0.000995673588477, 0.000907979148906, -0.000674362643622], [0.000527363503352, -0.000141098775202, 0.00243599107489, -0.00154993264005, 0.000801009708084, -0.00222274451517, 0.00113640516065, -0.00148832937703, 0.00107835396193, -0.00194305751938, 0.00183058914263, -0.000939703313634, 0.00153622799553], [-0.000908199290279, 0.000544617359992, -0.00154993264005, 0.00568115292117, -0.00172111112624, 0.00277672056109, -0.00287334923632, 0.0018769413, -0.00267913518474, 0.0011271511903, -0.00264564249665, 0.00322472001426, -0.00167996797245], [0.000684914994054, -0.00129257200751, 0.000801009708084, -0.00172111112624, 0.00618414441124, -0.00239736493677, -0.000713535118848, -0.00209975615144, 0.000249324337346, -0.00049741769908, 0.0006648523