{"tonal": {"hpcp": {"dvar": [0.0283402670175, 0.0212696101516, 0.015923153609, 0.0108891548589, 0.0101214842871, 0.0100919846445, 0.0189997572452, 0.0309494435787, 0.0383387468755, 0.0379794985056, 0.0372629798949, 0.0390677116811, 0.0419185645878, 0.043258856982, 0.0481676720083, 0.0513517484069, 0.0612289458513, 0.0734713152051, 0.0630858615041, 0.0721285417676, 0.0595611408353, 0.0375776477158, 0.0313337892294, 0.0336740091443, 0.0327161476016, 0.0378121435642, 0.0195793565363, 0.00836467929184, 0.0115516362712, 0.0240812953562, 0.0257259570062, 0.0320748016238, 0.0280372407287, 0.0376378782094, 0.0412914715707, 0.0411774888635], "var": [0.026197547093, 0.0160938203335, 0.0348290242255, 0.0774765089154, 0.0263023991138, 0.00789278838784, 0.0246487855911, 0.0560017935932, 0.0510190315545, 0.0428420715034, 0.0305170044303, 0.0472820699215, 0.0631082653999, 0.0513446219265, 0.0403259731829, 0.0410443097353, 0.0560554265976, 0.0902196317911, 0.154855713248, 0.11737959832, 0.0559433996677, 0.0279077105224, 0.0302680823952, 0.0623672269285, 0.0782309696078, 0.0497113466263, 0.0164320301265, 0.00550104072317, 0.00841790344566, 0.0373012237251, 0.117341883481, 0.0943388342857, 0.0289264563471, 0.0456448569894, 0.0694481357932, 0.0543741062284], "median": [0.009222866036, 0.004061229527, 0.00584853626788, 0.00876980274916, 0.0101641826332, 0.009855392389, 0.0310617722571, 0.053598921746, 0.0329984277487, 0.0032264078036, 0.00126084999647, 0.0025857987348, 0.00904767494649, 0.015408382751, 0.0126351201907, 0.00528030563146, 0.00472030974925, 0.0286773536354, 0.0575807206333, 0.0418405942619, 0.0133712338284, 0.00344681786373, 0.003156601917, 0.00620245235041, 0.0130094755441, 0.0116416290402, 0.00417937198654, 0.00115349027328, 0.00110278977081, 0.0150642804801, 0.028735185042, 0.0265942607075, 0.0128729185089, 0.0130072934553, 0.0323978997767, 0.0233826804906], "max": [1, 1, 1, 1, 1, 1, 1, 1, 1, 1, 1, 1, 1, 1, 1, 1, 1, 1, 1, 1, 1, 1, 1, 1, 1, 1, 1, 1, 1, 1, 1, 1, 1, 1, 1, 1], "dmean": [0.0888006538153, 0.0630974546075, 0.0581910721958, 0.0392937883735, 0.0457754544914, 0.0511058680713, 0.0870041027665, 0.117680676281, 0.123197153211, 0.0978133007884, 0.0903717130423, 0.089270837605, 0.0990174040198, 0.115042798221, 0.117465309799, 0.127121716738, 0.160113170743, 0.204739183187, 0.166559666395, 0.199071854353, 0.152954563498, 0.0933701619506, 0.0878213495016, 0.0988378822803, 0.102756984532, 0.111938074231, 0.066762149334, 0.0304269697517, 0.0373718254268, 0.0820877850056, 0.0911836773157, 0.106758989394, 0.0982641577721, 0.121077634394, 0.132929965854, 0.129551485181], "dmean2": [0.159336879849, 0.114549435675, 0.104533933103, 0.0715354755521, 0.0811172798276, 0.0916769653559, 0.150294408202, 0.198373243213, 0.213152125478, 0.174763068557, 0.166284531355, 0.163479611278, 0.179281443357, 0.20769803226, 0.217570573092, 0.237881407142, 0.297356903553, 0.369780302048, 0.292439669371, 0.355665564537, 0.2833802104, 0.176554560661, 0.159390151501, 0.178305074573, 0.180017769337, 0.196279659867, 0.119978643954, 0.0561100244522, 0.068885050714, 0.142119392753, 0.15013743937, 0.181546732783, 0.174499794841, 0.210431948304, 0.229005277157, 0.228638231754], "mean": [0.0703416317701, 0.0447815805674, 0.0789374485612, 0.114364936948, 0.0713222771883, 0.0411334484816, 0.0967283844948, 0.158358752728, 0.142754629254, 0.0891325995326, 0.0656209290028, 0.083002500236, 0.112856715918, 0.112329527736, 0.0919681340456, 0.0886665806174, 0.120171241462, 0.212115362287, 0.317137658596, 0.260801166296, 0.120691627264, 0.0615788698196, 0.0706295073032, 0.122506737709, 0.154893621802, 0.119445256889, 0.0531585887074, 0.0205845404416, 0.0262298062444, 0.102472133934, 0.231127336621, 0.199243634939, 0.0891496017575, 0.113571867347, 0.164109930396, 0.133739590645], "dvar2": [0.0768792629242, 0.0574147254229, 0.0433472134173, 0.0294214263558, 0.0281731132418, 0.0282922573388, 0.0518479496241, 0.0826703906059, 0.106929011643, 0.103570051491, 0.105706304312, 0.105746671557, 0.11143360287, 0.121566332877, 0.138615489006, 0.151751250029, 0.177548184991, 0.218822076917, 0.158106252551, 0.202733635902, 0.171875581145, 0.108444027603, 0.0844839438796, 0.0923969224095, 0.0867702066898, 0.100281283259, 0.0536641851068, 0.0234891381115, 0.0321469418705, 0.0659348741174, 0.0628438442945, 0.0839334130287, 0.076742246747, 0.0967927500606, 0.104802675545, 0.11427051574], "min": [0, 0, 0, 0, 0, 0, 0, 0, 0, 0, 0, 0, 0, 0, 0, 0, 0, 0, 0, 0, 0, 0, 0, 0, 0, 0, 0, 0, 0, 0, 0, 0, 0, 0, 0, 0]}, "key_key": "G#", "thpcp": [1, 0.822359502316, 0.380565434694, 0.19417078793, 0.222709298134, 0.3862888515, 0.488411307335, 0.376635372639, 0.167619913816, 0.0649072751403, 0.0827079489827, 0.323115617037, 0.728791832924, 0.62825602293, 0.281106948853, 0.358115375042, 0.517472207546, 0.421708315611, 0.221801578999, 0.141205489635, 0.248905941844, 0.360616058111, 0.22489374876, 0.129702195525, 0.305004417896, 0.49933758378, 0.450134575367, 0.281053334475, 0.206916227937, 0.261723875999, 0.355860352516, 0.354198008776, 0.289994359016, 0.279583901167, 0.378924548626, 0.668843209743], "chords_key": "G#", "tuning_equal_tempered_deviation": 0.252789288759, "tuning_frequency": 445.627075195, "tuning_diatonic_strength": 0.411431640387, "chords_histogram": [11.8354263306, 17.8733634949, 0.507614195347, 0, 8.2821264267, 0.0267165377736, 1.04194498062, 0, 0.801496148109, 8.95003986359, 9.21720504761, 2.11060643196, 0, 0, 0.106866151094, 2.40448832512, 0.0801496133208, 24.8463802338, 3.04568529129, 0.561047315598, 0, 0.267165362835, 4.51509475708, 3.52658295631], "key_strength": 0.675040006638, "key_scale": "major", "chords_strength": {"dvar": 5.32679732714e-05, "var": 0.00974095333368, "median": 0.499098747969, "max": 0.745918273926, "dmean": 0.00860404688865, "dmean2": 0.00966883637011, "mean": 0.48431199789, "dvar2": 7.26837970433e-05, "min": 0.20703804493}, "chords_number_rate": 0.00320598459803, "tuning_nontempered_energy_ratio": 0.897268414497, "hpcp_entropy": {"dvar": 0.278816670179, "var": 0.601987242699, "median": 2.40632462502, "max": 4.37149047852, "dmean": 0.626378059387, "dmean2": 1.0701700449, "mean": 2.34685373306, "dvar2": 0.773499250412, "min": 0}, "chords_changes_rate": 0.0724018141627, "chords_scale": "minor"}, "rhythm": {"bpm_histogram_first_peak_spread": {"dvar": 0, "var": 0, "median": 0.575079917908, "max": 0.575079917908, "dmean": 0, "dmean2": 0, "mean": 0.575079917908, "dvar2": 0, "min": 0.575079917908}, "bpm_histogram_first_peak_weight": {"dvar": 0, "var": 0, "median": 0.339285701513, "max": 0.339285701513, "dmean": 0, "dmean2": 0, "mean": 0.339285701513, "dvar2": 0, "min": 0.339285701513}, "bpm_histogram_first_peak_bpm": {"dvar": 0, "var": 0, "median": 136, "max": 136, "dmean": 0, "dmean2": 0, "mean": 136, "dvar2": 0, "min": 136}, "bpm": 136.556930542, "bpm_histogram_second_peak_weight": {"dvar": 0, "var": 0, "median": 0.0612244904041, "max": 0.0612244904041, "dmean": 0, "dmean2": 0, "mean": 0.0612244904041, "dvar2": 0, "min": 0.0612244904041}, "beats_loudness": {"dvar": 0.0043249852024, "var": 0.00374942156486, "median": 0.0272377301008, "max": 0.65800845623, "dmean": 0.0397619716823, "dmean2": 0.0714292377234, "mean": 0.0443814583123, "dvar2": 0.0125805679709, "min": 1.95452920515e-09}, "beats_loudness_band_ratio": {"dvar": [0.015496397391, 0.01687897183, 0.00498323794454, 4.56654124719e-05, 0.000351767783286, 0.00105067808181], "var": [0.0229090657085, 0.0327028743923, 0.00507168332115, 4.11672808696e-05, 0.000190605831449, 0.000715946487617], "median": [0.849030554295, 0.168743699789, 0.0209336634725, 0.00141805422027, 0.000477551162476, 0.0134222554043], "max": [0.995069086552, 0.764650702477, 0.534732043743, 0.101061053574, 0.252112030983, 0.382469266653], "dmean": [0.118046343327, 0.13396435976, 0.0377465598285, 0.00336773600429, 0.00324574299157, 0.00931930262595], "dmean2": [0.201328262687, 0.229310363531, 0.0658086314797, 0.00599881447852, 0.00604541786015, 0.0164984818548], "mean": [0.798956274986, 0.232878804207, 0.0412177182734, 0.00305535946973, 0.00217226683162, 0.0161632560194], "dvar2": [0.0415164753795, 0.043965138495, 0.0130455074832, 8.49145653774e-05, 0.00101214437746, 0.00257983175106], "min": [0.12028041482, 0.00250861700624, 0.000573406694457, 5.01555550727e-05, 2.26961492444e-06, 0.00118549307808]}, "bpm_histogram_second_peak_bpm": {"dvar": 0, "var": 0, "median": 129, "max": 129, "dmean": 0, "dmean2": 0, "mean": 129, "dvar2": 0, "min": 129}, "onset_rate": 3.35485243797, "beats_count": 393, "beats_position": [0.406349211931, 0.835918366909, 1.26548755169, 1.69505667686, 2.13623571396, 2.57741498947, 3.01859402657, 3.45977306366, 3.90095233917, 4.34213161469, 4.79492044449, 5.24770975113, 5.70049858093, 6.13006782532, 6.57124710083, 7.01242637634, 7.45360517502, 7.89478445053, 8.34757328033, 8.80036258698, 9.24154186249, 9.682721138, 10.1355104446, 10.5302495956, 10.9133787155, 11.2848978043, 11.656416893, 12.051156044, 12.4226751328, 12.8058052063, 13.1889343262, 13.6185035706, 14.0480718613, 14.4776411057, 14.8839902878, 15.301949501, 15.7199087143, 16.1262588501, 16.5326080322, 16.9389572144, 17.3453063965, 17.7516555786, 18.1580047607, 18.575963974, 18.9939231873, 19.4234924316, 19.8298416138, 20.247800827, 20.6773700714, 21.1069393158, 21.5365066528, 21.9776859283, 22.4072551727, 22.8484344482, 23.2780036926, 23.7191829681, 24.1719722748, 24.6131515503, 25.0427207947, 25.4722900391, 25.9134693146, 26.343038559, 26.7726078033, 27.2137870789, 27.6549663544, 28.0961437225, 28.537322998, 28.9901123047, 29.4312915802, 29.8608608246, 30.3020401001, 30.7316093445, 31.1611785889, 31.6139678955, 32.0783653259, 32.5311546326, 32.960723877, 33.3902931213, 33.8198623657, 34.2494316101, 34.6790008545, 35.1085700989, 35.5613594055, 35.9909286499, 36.4088897705, 36.8268470764, 37.2796363831, 37.7324256897, 38.1736030579, 38.6147842407, 39.0675735474, 39.520362854, 39.9731521606, 40.4259414673, 40.8787307739, 41.3199081421, 41.761089325, 42.2022666931, 42.6318359375, 43.0730133057, 43.5374145508, 43.9902038574, 44.4429931641, 44.8841705322, 45.3369598389, 45.7897491455, 46.2193183899, 46.6488876343, 47.0784568787, 47.508026123, 47.9608154297, 48.4252128601, 48.8896141052, 49.3307914734, 49.7603607178, 50.2015419006, 50.6659393311, 51.1187286377, 51.5831298828, 52.0126991272, 52.4422683716, 52.871837616, 53.3130149841, 53.7541923523, 54.1953735352, 54.6365509033, 55.08934021, 55.5189094543, 55.9484786987, 56.3664398193, 56.8076171875, 57.2604064941, 57.7131958008, 58.1892051697, 58.6536026001, 59.1180038452, 59.5707931519, 60.0235824585, 60.4647598267, 60.9059410095, 61.3703384399, 61.8347396851, 62.2991371155, 62.7403144836, 63.1931037903, 63.6458930969, 64.0870742798, 64.5282516479, 64.957824707, 65.3873901367, 65.8401794434, 66.2813568115, 66.7109298706, 67.1521072388, 67.5932846069, 68.0344696045, 68.4640350342, 68.8936004639, 69.3231735229, 69.7527389526, 70.1823120117, 70.6118774414, 71.053062439, 71.4942398071, 71.9354171753, 72.3765945435, 72.817779541, 73.2589569092, 73.7001342773, 74.1413116455, 74.5708847046, 75.0004501343, 75.4416275024, 75.859588623, 76.2891616821, 76.7187271118, 77.1483001709, 77.5778656006, 78.0074386597, 78.4370040894, 78.8665771484, 79.2961425781, 79.7257156372, 80.1668930054, 80.6080703735, 81.0376434326, 81.4555969238, 81.8967819214, 82.3379592896, 82.7791366577, 83.2203140259, 83.649887085, 84.0910644531, 84.5438537598, 84.9850311279, 85.4262084961, 85.8789978027, 86.3085708618, 86.7381362915, 87.1677093506, 87.6088867188, 88.0500640869, 88.4912490845, 88.9208145142, 89.3619918823, 89.7915649414, 90.2211303711, 90.6507034302, 91.0802688599, 91.5098419189, 91.9394073486, 92.4270248413, 92.9146499634, 93.4022674561, 93.9014968872, 94.4123306274, 94.9231719971, 95.3759613037, 95.8287506104, 96.2699279785, 96.7111129761, 97.1406784058, 97.5702438354, 97.9882049561, 98.4293823242, 98.8473434448, 99.288520813, 99.7297058105, 100.182495117, 100.635284424, 101.146118164, 101.656959534, 102.167800903, 102.690246582, 103.224304199, 103.746757507, 104.199546814, 104.652336121, 105.105125427, 105.557914734, 105.999092102, 106.44026947, 106.893058777, 107.345848083, 107.787025452, 108.22820282, 108.669387817, 109.122177124, 109.574966431, 110.016143799, 110.457321167, 110.898498535, 111.351287842, 111.792472839, 112.222038269, 112.674827576, 113.139228821, 113.592018127, 114.033195496, 114.474372864, 114.92716217, 115.368339539, 115.797912598, 116.227478027, 116.657051086, 117.098228455, 117.551017761, 118.015419006, 118.479812622, 118.932601929, 119.397003174, 119.861404419, 120.314193726, 120.755371094, 121.184944153, 121.626121521, 122.055686951, 122.473648071, 122.891609192, 123.33278656, 123.773963928, 124.203536987, 124.644714355, 125.085891724, 125.527069092, 125.956642151, 126.386207581, 126.81578064, 127.245346069, 127.686531067, 128.116104126, 128.545669556, 128.975234985, 129.428024292, 129.892425537, 130.356826782, 130.809616089, 131.262405396, 131.726806641, 132.191192627, 132.643981934, 133.09677124, 133.537963867, 133.979141235, 134.431930542, 134.884719849, 135.337509155, 135.778686523, 136.208251953, 136.649429321, 137.090606689, 137.531784058, 137.984573364, 138.425750732, 138.866943359, 139.296508789, 139.737686157, 140.167251587, 140.596817017, 141.014785767, 141.444351196, 141.873916626, 142.291885376, 142.721450806, 143.151016235, 143.592193604, 144.021759033, 144.451339722, 144.89251709, 145.333694458, 145.774871826, 146.216049194, 146.657226562, 147.086807251, 147.516372681, 147.957550049, 148.398727417, 148.839904785, 149.269470215, 149.687438965, 150.105392456, 150.534957886, 150.952926636, 151.382492065, 151.812057495, 152.230026245, 152.647979736, 153.065933228, 153.495513916, 153.925079346, 154.366256714, 154.795822144, 155.225387573, 155.643356323, 156.084533691, 156.52571106, 156.966888428, 157.396453857, 157.826034546, 158.278823853, 158.720001221, 159.172790527, 159.613967896, 160.055145264, 160.484710693, 160.914276123, 161.35546875, 161.796646118, 162.249435425, 162.702224731, 163.166610718, 163.596191406, 164.037368774, 164.490158081, 164.954559326, 165.418960571, 165.860137939, 166.301315308, 166.742492676, 167.183670044, 167.648071289, 168.158905029, 168.669754028, 169.180587769, 169.621765137, 170.062942505, 170.504119873, 170.945297241, 171.386474609, 171.827667236, 172.268844604, 172.698410034, 173.151199341], "danceability": 1.03462612629, "bpm_histogram_second_peak_spread": {"dvar": 0, "var": 0, "median": 0.039999961853, "max": 0.039999961853, "dmean": 0, "dmean2": 0, "mean": 0.039999961853, "dvar2": 0, "min": 0.039999961853}}, "lowlevel": {"spectral_flux": {"dvar": 0.000825787021313, "var": 0.00238041509874, "median": 0.0591998808086, "max": 0.706860303879, "dmean": 0.0207168590277, "dmean2": 0.033017411828, "mean": 0.070605777204, "dvar2": 0.00209963787347, "min": 1.04158910663e-10}, "spectral_rolloff": {"dvar": 482959.59375, "var": 2221195.75, "median": 215.33203125, "max": 22050, "dmean": 94.7251281738, "dmean2": 170.856277466, "mean": 376.401611328, "dvar2": 1312615.375, "min": 21.533203125}, "barkbands_flatness_db": {"dvar": 0.00345218274742, "var": 0.00679972441867, "median": 0.295123577118, "max": 0.582785010338, "dmean": 0.0685431808233, "dmean2": 0.113410450518, "mean": 0.300865411758, "dvar2": 0.00982572883368, "min": 0.0423844121397}, "spectral_centroid": {"dvar": 48415.2265625, "var": 206609.96875, "median": 228.702209473, "max": 11138.4042969, "dmean": 66.2749176025, "dmean2": 103.885032654, "mean": 302.459136963, "dvar2": 69983.828125, "min": 132.796966553}, "melbands_skewness": {"dvar": 1.26603329182, "var": 3.77484583855, "median": 2.50234913826, "max": 14.352396965, "dmean": 1.21500658989, "dmean2": 2.06966614723, "mean": 2.89265751839, "dvar2": 3.516736269, "min": -1.52538108826}, "melbands": {"dvar": [1.52405800691e-06, 3.94627249989e-06, 3.61397687811e-05, 1.8783143787e-06, 1.57011058377e-07, 1.97902423338e-07, 9.93814595063e-08, 2.71572142552e-09, 1.64737279373e-09, 4.5590287101e-10, 2.34728769755e-09, 4.94283745878e-11, 5.39255237686e-11, 1.24630037193e-11, 7.28762709901e-12, 1.93589366759e-10, 4.82038942096e-09, 9.13557857835e-12, 1.01991731033e-11, 1.85014902704e-11, 3.78808182738e-12, 3.81843558508e-12, 7.52082597588e-12, 2.04899049117e-11, 6.86031301211e-11, 6.92835996907e-11, 2.06874600783e-10, 6.99949750937e-11, 2.76125927678e-11, 1.86693698695e-11, 1.72168685558e-11, 7.91498550728e-12, 6.68500714854e-12, 1.60659202955e-12, 2.48605742112e-13, 4.37740392979e-14, 3.70356770561e-15, 2.45611856726e-15, 1.90824939841e-15, 1.49715455707e-15], "var": [2.68175426754e-06, 1.39986595968e-05, 0.000121423159726, 5.68037921767e-06, 4.28496093718e-07, 1.03356671843e-06, 6.67229130613e-07, 5.30792565456e-09, 4.78883732669e-09, 1.06840081227e-09, 6.55147980311e-09, 7.21093115774e-11, 8.98665586391e-11, 1.54638819111e-11, 9.60395218214e-12, 3.20343196414e-10, 5.75283198856e-09, 1.78127547434e-11, 1.44956130432e-11, 2.15325760694e-11, 4.08328362442e-12, 3.51497737167e-12, 8.56064351351e-12, 2.88321692909e-11, 6.9394108515e-11, 7.73057104442e-11, 2.1740921563e-10, 7.08231528979e-11, 3.21800364134e-11, 2.49583687051e-11, 1.86791745266e-11, 8.85084193436e-12, 7.85705788625e-12, 1.77008429615e-12, 3.11141845795e-13, 4.87981339093e-14, 3.75136873944e-15, 2.37244420581e-15, 1.84221365105e-15, 1.44468393649e-15], "median": [0.000840753316879, 0.00120597879868, 0.00177113281097, 0.000806837226264, 0.000198153065867, 6.32453447906e-05, 4.57284331787e-05, 1.51776230268e-05, 6.42195891487e-06, 4.71284192827e-06, 1.53523058088e-06, 1.14146541819e-06, 7.68721008626e-07, 4.57718272173e-07, 3.34645363864e-07, 2.38801362684e-07, 2.16880096104e-07, 1.80726502208e-07, 1.4352757205e-07, 1.21917665297e-07, 9.30457773052e-08, 7.4588868415e-08, 7.60382619092e-08, 6.90730317388e-08, 5.13834201854e-08, 4.41573071441e-08, 3.58391503141e-08, 3.3194790916e-08, 3.90779852921e-08, 3.62528531639e-08, 3.28731495358e-08, 3.05122860311e-08, 2.20179465771e-08, 1.88767543818e-08, 1.64945568315e-08, 1.2944482819e-08, 7.43737738063e-09, 4.79353490235e-09, 4.23206314437e-09, 3.75839670497e-09], "max": [0.0570586398244, 0.0506076440215, 0.197942793369, 0.0698697865009, 0.012024294585, 0.0287784617394, 0.0174097176641, 0.00160647765733, 0.00234391959384, 0.0010025401134, 0.00367454625666, 0.000281792279566, 0.000365313811926, 8.79647777765e-05, 8.20922577986e-05, 0.000964057515375, 0.00461337342858, 0.000233161714277, 0.000181293362402, 0.000268280913588, 7.56864537834e-05, 7.52137348172e-05, 9.07376233954e-05, 0.000169651859323, 0.00046143057989, 0.000348434958141, 0.000932633876801, 0.000516090134624, 0.000236415711697, 0.000226558171562, 0.000167951104231, 0.000111380824819, 0.000100873876363, 5.49313590454e-05, 2.26334923354e-05, 9.91281103779e-06, 8.73861210948e-07, 7.52332653065e-07, 6.63744742724e-07, 5.87424608511e-07], "dmean": [0.000801304413471, 0.00126039166935, 0.00255721295252, 0.000694357557222, 0.000203980933293, 0.000111047040264, 7.99172485131e-05, 2.22699054575e-05, 1.23404797705e-05, 8.09324865259e-06, 6.64698200126e-06, 3.04492755276e-06, 2.33728360399e-06, 1.59798423738e-06, 1.19332321447e-06, 1.20606489418e-06, 2.15451814256e-06, 7.45024465232e-07, 6.26845690022e-07, 5.92866399529e-07, 4.56826938944e-07, 3.9289247411e-07, 4.65195711286e-07, 5.77747300667e-07, 6.5228874746e-07, 6.97635130109e-07, 9.09176776531e-07, 5.87542615449e-07, 4.83375458771e-07, 4.02567081892e-07, 3.4959194295e-07, 2.93739731205e-07, 2.48576725426e-07, 1.47973281628e-07, 8.43364844627e-08, 5.00576504692e-08, 2.93478787938e-08, 2.40358346559e-08, 2.11853041776e-08, 1.87700344156e-08], "dmean2": [0.00139171769843, 0.00207320367917, 0.00422440515831, 0.00114783516619, 0.000338216894306, 0.000148714199895, 0.000106451239844, 3.5902558011e-05, 1.92848783627e-05, 1.33082257889e-05, 1.05018089016e-05, 5.15146257385e-06, 3.94692779082e-06, 2.75662705462e-06, 2.05667470254e-06, 2.08329038287e-06, 3.79157654606e-06, 1.25320275401e-06, 1.05447918486e-06, 9.94004039967e-07, 7.71738200456e-07, 6.72368514643e-07, 7.72550549755e-07, 9.08933941446e-07, 1.00423562799e-06, 1.06445781967e-06, 1.32556419885e-06, 9.04509306565e-07, 7.39246786452e-07, 6.23571054348e-07, 5.60754926937e-07, 4.54511109638e-07, 3.97212943426e-07, 2.35722964703e-07, 1.3487934325e-07, 8.26507573493e-08, 5.10160020895e-08, 4.21375254689e-08, 3.71372124164e-08, 3.29001608179e-08], "mean": [0.00126675888896, 0.00238890573382, 0.004835288506, 0.00147811847273, 0.000396801304305, 0.000269820913672, 0.000216794971493, 3.72380382032e-05, 2.1059280698e-05, 1.30524495034e-05, 9.80750519375e-06, 3.59611226486e-06, 2.7327062071e-06, 1.68856672644e-06, 1.24701057302e-06, 1.36365588332e-06, 2.39979635808e-06, 8.39482424908e-07, 6.67997653636e-07, 6.40638575078e-07, 4.61138483843e-07, 3.77590367862e-07, 4.78562753869e-07, 6.2307628923e-07, 6.1726734657e-07, 6.70680321946e-07, 8.49029163419e-07, 5.59856005111e-07, 5.07799370553e-07, 4.61667696072e-07, 3.82357598028e-07, 3.17842932418e-07, 2.57571798556e-07, 1.63277803722e-07, 1.03713588828e-07, 5.61336790383e-08, 2.73096087966e-08, 2.08194848028e-08, 1.83481567717e-08, 1.62591256014e-08], "dvar2": [4.3352524699e-06, 9.52689697442e-06, 7.96853055363e-05, 4.39169298261e-06, 3.58565330316e-07, 2.70132829883e-07, 1.35426176939e-07, 6.622167259e-09, 2.79030243355e-09, 9.91533521955e-10, 3.82599862903e-09, 1.17204773664e-10, 1.08584675973e-10, 3.26517562987e-11, 1.93723197206e-11, 3.54483553622e-10, 8.83005668584e-09, 1.80285439355e-11, 2.06531354519e-11, 3.58968896275e-11, 8.98581643122e-12, 1.05392534977e-11, 1.77181290473e-11, 3.93728556702e-11, 1.48418471957e-10, 1.42378095425e-10, 4.57205273641e-10, 1.60501209545e-10, 5.69907662729e-11, 3.3202815497e-11, 3.55488624648e-11, 1.64961221766e-11, 1.33695702079e-11, 3.39270603798e-12, 4.94716138714e-13, 9.89752645618e-14, 9.95309198693e-15, 6.69312983536e-15, 5.19968920012e-15, 4.0796223821e-15], "min": [3.56542488852e-24, 6.31163587077e-24, 6.18475114404e-24, 3.97595954208e-24, 4.4456492972e-24, 9.89867160378e-24, 1.14516784021e-23, 7.14388807008e-24, 4.99195913989e-24, 8.04569807971e-24, 1.2312017205e-23, 6.00630173538e-24, 1.20014923649e-23, 6.10562405651e-24, 6.32073853675e-24, 5.73406702027e-24, 1.41091874975e-23, 1.38005204248e-23, 1.67912120234e-23, 1.47921390931e-23, 8.33389421194e-24, 1.25116353017e-23, 7.35491861742e-24, 9.9766315716e-24, 4.79360124857e-24, 8.78668617204e-24, 9.19312072104e-24, 7.22865117435e-24, 7.26115539908e-24, 5.78156709639e-24, 7.75283583523e-24, 8.93341587813e-24, 1.14754215376e-23, 1.29288196582e-23, 8.68829470677e-24, 6.84046771124e-24, 7.75603624392e-24, 5.58084025577e-24, 9.46364794671e-24, 1.07833349328e-23]}, "spectral_decrease": {"dvar": 4.50387733611e-17, "var": 1.53163118031e-16, "median": -4.69913707946e-09, "max": 6.33660756989e-18, "dmean": 3.11572279088e-09, "dmean2": 5.03125408002e-09, "mean": -8.09290146009e-09, "dvar2": 1.07068240168e-16, "min": -2.31795638683e-07}, "barkbands_kurtosis": {"dvar": 483.989715576, "var": 912.343994141, "median": 23.7327289581, "max": 495.48815918, "dmean": 17.948846817, "dmean2": 30.8190975189, "mean": 29.6889209747, "dvar2": 1363.31616211, "min": -1.92799496651}, "silence_rate_30dB": {"dvar": 0.0211783032864, "var": 0.0465038828552, "median": 1, "max": 1, "dmean": 0.0216461792588, "dmean2": 0.0432981438935, "mean": 0.95110219717, "dvar2": 0.0494369380176, "min": 0}, "gfcc": {"mean": [-146.287582397, 136.273117065, -20.1646823883, 28.9903106689, -35.4953346252, -10.3601121902, -21.7455329895, -13.7921743393, -14.0415992737, -8.6953830719, -14.7027931213, -6.07195425034, -10.4953355789], "cov": [[14273.1777344, -125.196983337, -1013.33129883, 117.612571716, -484.947784424, -54.489616394, -162.346069336, -269.753662109, -94.3825836182, -48.7931098938, -418.104614258, 88.2410583496, -425.136932373], [-125.196983337, 1365.24035645, 720.530578613, -196.77394104, -10.9505634308, -160.921813965, -13.2238912582, -65.5224990845, 67.6559371948, -116.794914246, 67.3517684937, -128.993515015, 54.0213127136], [-1013.33129883, 720.530578613, 559.52532959, -64.200378418, 24.76471138, -82.2240982056, 9.94495773315, -20.8755569458, 42.9481620789, -68.3150482178, 58.0010986328, -81.0070114136, 49.6161766052], [117.612571716, -196.77394104, -64.200378418, 172.610702515, 59.3661880493, 2.60002613068, 47.2732467651, -43.0656929016, 1.84249937534, -6.71153783798, -30.33685112, 25.7175998688, -28.8563556671], [-484.947784424, -10.9505634308, 24.76471138, 59.3661880493, 138.375793457, 66.6048202515, 14.2532224655, 29.3254261017, -31.930398941, -7.44034528732, 25.495016098, -29.9089164734, 14.9687862396], [-54.489616394, -160.921813965, -82.2240982056, 2.60002613068, 66.6048202515, 155.952362061, -35.1099967957, 90.4306488037, -55.1273574829, 31.4359931946, 6.81455421448, -17.8442058563, 5.37774133682], [-162.346069336, -13.2238912582, 9.94495773315, 47.2732467651, 14.2532224655, -35.1099967957, 121.790061951, -35.6516647339, 56.8456420898, -8.41539478302, -10.8068161011, 17.6069908142, -20.4279136658], [-269.753662109, -65.5224990845, -20.8755569458, -43.0656929016, 29.3254261017, 90.4306488037, -35.6516647339, 137.438095093, -16.2702636719, 36.59608078, 38.1165351868, -24.696269989, 20.4468135834], [-94.3825836182, 67.6559371948, 42.9481620789, 1.84249937534, -31.930398941, -55.1273574829, 56.8456420898, -16.2702636719, 82.8993606567, 11.9325609207, 1.74630868435, 19.6692581177, -13.7861862183], [-48.7931098938, -116.794914246, -68.3150482178, -6.71153783798, -7.44034528732, 31.4359931946, -8.41539478302, 36.59608078, 11.9325609207, 55.7020683289, 20.3667888641, 15.9250898361, 5.9213719368], [-418.104614258, 67.3517684937, 58.0010986328, -30.33685112, 25.495016098, 6.81455421448, -10.8068161011, 38.1165351868, 1.74630868435, 20.3667888641, 59.7749519348, -0.464926511049, 29.2486820221], [88.2410583496, -128.993515015, -81.0070114136, 25.7175998688, -29.9089164734, -17.8442058563, 17.6069908142, -24.696269989, 19.6692581177, 15.9250898361, -0.464926511049, 61.9653053284, 2.22617197037], [-425.136932373, 54.0213127136, 49.6161766052, -28.8563556671, 14.9687862396, 5.37774133682, -20.4279136658, 20.4468135834, -13.7861862183, 5.9213719368, 29.2486820221, 2.22617197037, 55.9555931091]], "icov": [[0.00020930118626, -0.00076476787217, 0.00086233014008, -0.000733724504244, 0.00080922502093, -6.40083962935e-05, 9.2513519121e-06, -0.00034119177144, 0.000974954862613, -0.000499517889693, 0.000597161299083, -0.000440885312855, 0.00110172561835], [-0.00076476787217, 0.00663029542193, -0.00620449101552, 0.00569042889401, -0.00359284156002, -0.000307299051201, 0.00181705038995, 0.00413799844682, -0.00778545904905, 0.00589962210506, -0.00441309716552, 0.00479664094746, -0.00406007654965], [0.00086233014008, -0.00620449101552, 0.0139744058251, -0.010483764112, 0.0124037051573, -0.00771685084328, 0.000363790546544, 0.00325947534293, -0.00604836689308, 0.0105256251991, -0.0130593627691, 0.0127390092239, -0.00517518213019], [-0.000733724504244, 0.00569042889401, -0.010483764112, 0.023439116776, -0.0233074985445, 0.0115801263601, -0.000390457251342, -0.00224977452308, 0.00495431292802, -0.0109415650368, 0.0195469018072, -0.0181809160858, 0.00900126900524], [0.00080922502093, -0.00359284156002, 0.0124037051573, -0.0233074985445, 0.0424994565547, -0.0253133419901, -0.00406523700804, 0.0118064126, -0.0106231076643, 0.025600599125, -0.0386847108603, 0.0333672314882, -0.0145687675104], [-6.40083962935e-05, -0.000307299051201, -0.00771685084328, 0.0115801263601, -0.0253133419901, 0.0361782833934, -0.00301855197176, -0.022106166929, 0.0286815408617, -0.0317571163177, 0.0355311483145, -0.0264390725642, 0.0158016942441], [9.2513519121e-06, 0.00181705038995, 0.000363790546544, -0.000390457251342, -0.00406523700804, -0.00301855197176, 0.0184017680585, 0.00479852361605, -0.0186250228435, 0.0095659904182, -0.00287570874207, 0.00169241498224, -3.09587012453e-05], [-0.00034119177144, 0.00413799844682, 0.00325947534293, -0.00224977452308, 0.0118064126, -0.022106166929, 0.00479852361605, 0.0295971576124, -0.0236664004624, 0.0171195305884, -0.0300757475197, 0.0274407751858, -0.0137480245903], [0.000974954862613, -0.00778545904905, -0.00604836689308, 0.00495431292802, -0.0106231076643, 0.0286815408617, -0.0186250228435, -0.0236664004624, 0.0652796477079, -0.0467921420932, 0.0370120815933, -0.0379897914827, 0.0279754661024], [-0.000499517889693, 0.00589962210506, 0.0105256251991, -0.0109415650368, 0.025600599125, -0.0317571163177, 0.0095659904182, 0.0171195305884, -0.0467921420932, 0.0759015530348, -0.0553575120866, 0.0343681052327, -0.0230182595551], [0.000597161299083, -0.00441309716552, -0.0130593627691, 0.0195469018072, -0.0386847108603, 0.0355311483145, -0.00287570874207, -0.0300757475197, 0.0370120815933, -0.0553575120866, 0.0879350081086, -0.0523557290435, 0.0184270534664], [-0.000440885312855, 0.00479664094746, 0.0127390092239, -0.0181809160858, 0.0333672314882, -0.0264390725642, 0.00169241498224, 0.0274407751858, -0.0379897914827, 0.0343681052327, -0.0523557290435, 0.0739174038172, -0.0330172404647], [0.00110172561835, -0.00406007654965, -0.00517518213019, 0.00900126900524, -0.0145687675104, 0.0158016942441, -3.09587012453e-05, -0.0137480245903, 0.0279754661024, -0.0230182595551, 0.0184270534664, -0.0330172404647, 0.0477934591472]]}, "silence_rate_20dB": {"dvar": 0.00293132825755, "var": 0.00359446159564, "median": 1, "max": 1, "dmean": 0.00293960445561, "dmean2": 0.0058799944818, "mean": 0.996392786503, "dvar2": 0.00798337906599, "min": 0}, "barkbands_skewness": {"dvar": 1.46253311634, "var": 3.86570501328, "median": 2.48226761818, "max": 16.3645496368, "dmean": 1.37169933319, "dmean2": 2.34187054634, "mean": 2.67849159241, "dvar2": 4.24835777283, "min": -1.67787563801}, "erbbands_skewness": {"dvar": 0.618026077747, "var": 1.53147268295, "median": 2.63449549675, "max": 9.1687078476, "dmean": 0.900300264359, "dmean2": 1.51461482048, "mean": 2.65963697433, "dvar2": 1.72205007076, "min": -4.52567338943}, "spectral_contrast_valleys": {"dvar": [0.143741101027, 0.180287644267, 0.358559429646, 0.549100458622, 0.587454855442, 0.582437038422], "var": [1.53596711159, 1.54690372944, 1.54810583591, 1.70969188213, 1.6798658371, 1.50395822525], "median": [-6.66806650162, -7.29167222977, -8.4790391922, -8.96618080139, -9.0432434082, -11.5366363525], "max": [-5.10752820969, -4.94266891479, -5.90712881088, -6.29213094711, -5.77451610565, -8.94974708557], "dmean": [0.405697613955, 0.451497107744, 0.715894162655, 0.880852520466, 0.891807854176, 0.90278172493], "dmean2": [0.687698960304, 0.734793841839, 1.18775188923, 1.48515474796, 1.50114011765, 1.51708972454], "mean": [-6.86115550995, -7.43191051483, -8.60644340515, -9.13018608093, -9.2021894455, -11.6854600906], "dvar2": [0.32786205411, 0.428534388542, 0.930971741676, 1.43542158604, 1.56264066696, 1.56513810158], "min": [-27.8753356934, -27.2471313477, -27.1297950745, -27.3209724426, -27.3072528839, -27.3353767395]}, "spectral_strongpeak": {"dvar": 0.10779903084, "var": 0.373240798712, "median": 0.363019883633, "max": 7.11395788193, "dmean": 0.249455541372, "dmean2": 0.418136447668, "mean": 0.533822238445, "dvar2": 0.255411416292, "min": 0}, "erbbands_crest": {"dvar": 6.52734565735, "var": 17.9606132507, "median": 12.7656364441, "max": 28.1794986725, "dmean": 3.00961971283, "dmean2": 5.11618995667, "mean": 13.0849294662, "dvar2": 19.1162586212, "min": 3.12506890297}, "barkbands_crest": {"dvar": 5.73739385605, "var": 11.8325710297, "median": 12.4542999268, "max": 25.9583377838, "dmean": 2.89164876938, "dmean2": 5.03836345673, "mean": 12.8823919296, "dvar2": 17.5326328278, "min": 4.04643344879}, "spectral_energyband_middle_low": {"dvar": 0.000369816145394, "var": 0.00126432348043, "median": 0.00903135351837, "max": 0.571708738804, "dmean": 0.00871699396521, "dmean2": 0.0140604684129, "mean": 0.0194578338414, "dvar2": 0.000804447568953, "min": 2.69639195484e-22}, "spectral_contrast_coeffs": {"dvar": [0.00203281943686, 0.001371303224, 0.00116402818821, 0.000897969992366, 0.000881115032826, 0.00137468019966], "var": [0.00765516329557, 0.00502740964293, 0.0030372175388, 0.00235511898063, 0.002586373128, 0.00456387083977], "median": [-0.62410068512, -0.766358971596, -0.875266432762, -0.94191390276, -0.942854404449, -0.85688751936], "max": [-0.243695244193, -0.424311488867, -0.548121035099, -0.603336334229, -0.612679243088, -0.323126316071], "dmean": [0.0554756000638, 0.0458438210189, 0.0408964753151, 0.034090153873, 0.0293254964054, 0.026727790013], "dmean2": [0.0954375192523, 0.0756074115634, 0.0688737556338, 0.0587689392269, 0.0499590709805, 0.0434639789164], "mean": [-0.621224045753, -0.76219201088, -0.86851131916, -0.930849909782, -0.924609839916, -0.827208518982], "dvar2": [0.00595876248553, 0.00378398294561, 0.0031325945165, 0.00234144902788, 0.00227274070494, 0.0034971581772], "min": [-0.9570966959, -0.966989636421, -0.976208806038, -0.9904281497, -0.976476728916, -0.959145843983]}, "hfc": {"dvar": 62.7882652283, "var": 195.776687622, "median": 9.28586292267, "max": 282.981994629, "dmean": 4.54315567017, "dmean2": 7.43648672104, "mean": 13.0986623764, "dvar2": 147.728973389, "min": 1.17468964345e-16}, "spectral_energyband_high": {"dvar": 2.60692218035e-07, "var": 3.31280489263e-07, "median": 8.85204735823e-06, "max": 0.0244890116155, "dmean": 5.82486281928e-05, "dmean2": 9.08948059077e-05, "mean": 6.57424752717e-05, "dvar2": 4.89085437039e-07, "min": 7.73428655359e-21}, "erbbands_spread": {"dvar": 102.393310547, "var": 208.170379639, "median": 11.7802867889, "max": 119.408432007, "dmean": 8.88317489624, "dmean2": 15.1283588409, "mean": 16.6650161743, "dvar2": 264.793670654, "min": 1.13003957272}, "dissonance": {"dvar": 0.00144132226706, "var": 0.0025830657687, "median": 0.433551043272, "max": 0.500000178814, "dmean": 0.0403778702021, "dmean2": 0.0671989023685, "mean": 0.422946423292, "dvar2": 0.00400001276284, "min": 0.104273192585}, "spectral_kurtosis": {"dvar": 1634.52990723, "var": 1372.23730469, "median": 13.4761066437, "max": 521.494140625, "dmean": 21.4454841614, "dmean2": 37.6589431763, "mean": 25.8495006561, "dvar2": 4659.859375, "min": -1.26483118534}, "spectral_skewness": {"dvar": 3.66674852371, "var": 4.41994905472, "median": 3.07692456245, "max": 19.6853408813, "dmean": 1.42426681519, "dmean2": 2.41494512558, "mean": 3.72409796715, "dvar2": 10.321267128, "min": -0.0231092292815}, "pitch_salience": {"dvar": 0.00526090757921, "var": 0.0118437632918, "median": 0.588945269585, "max": 0.832433223724, "dmean": 0.0832990854979, "dmean2": 0.144110843539, "mean": 0.573141634464, "dvar2": 0.0154299316928, "min": 0.0805013403296}, "spectral_complexity": {"dvar": 2.43929243088, "var": 6.73840141296, "median": 5, "max": 36, "dmean": 1.24371993542, "dmean2": 2.11091804504, "mean": 5.07842350006, "dvar2": 5.22011423111, "min": 0}, "spectral_spread": {"dvar": 1059344089090.0, "var": 2093114458110.0, "median": 3671993.5, "max": 42286312, "dmean": 1073043.625, "dmean2": 1795861.125, "mean": 3567555, "dvar2": 2522097909760.0, "min": 328239.59375}, "dynamic_complexity": 4.8266415596, "melbands_crest": {"dvar": 10.330827713, "var": 22.5719718933, "median": 16.9545974731, "max": 37.2083015442, "dmean": 3.78235316277, "dmean2": 6.60225486755, "mean": 17.6789894104, "dvar2": 31.0428676605, "min": 1.80338656902}, "zerocrossingrate": {"dvar": 0.000180282382644, "var": 0.00167398527265, "median": 0.0361328125, "max": 0.67138671875, "dmean": 0.0117085715756, "dmean2": 0.0162668842822, "mean": 0.0430554486811, "dvar2": 0.000306352827465, "min": 0.00341796875}, "spectral_energyband_low": {"dvar": 0.000256290513789, "var": 0.00109688006341, "median": 0.00910357199609, "max": 0.525929927826, "dmean": 0.00813809037209, "dmean2": 0.0130587238818, "mean": 0.0183416921645, "dvar2": 0.000528750650119, "min": 4.10880979275e-23}, "melbands_kurtosis": {"dvar": 611.729125977, "var": 1636.03015137, "median": 25.1984119415, "max": 571.201904297, "dmean": 21.1364612579, "dmean2": 35.9870948792, "mean": 36.5710105896, "dvar2": 1624.97180176, "min": -1.84024596214}, "spectral_energyband_middle_high": {"dvar": 6.74896455166e-07, "var": 1.00940735592e-06, "median": 3.48542162101e-05, "max": 0.0506427586079, "dmean": 0.00013884701184, "dmean2": 0.000223059614655, "mean": 0.00016638955276, "dvar2": 1.17867944027e-06, "min": 1.65440524986e-21}, "barkbands_spread": {"dvar": 22.8868465424, "var": 139.952957153, "median": 2.15762734413, "max": 148.8384552, "dmean": 1.53661680222, "dmean2": 2.52960991859, "mean": 3.87644648552, "dvar2": 44.0179824829, "min": 0.241135925055}, "mfcc": {"mean": [-817.457641602, 178.229476929, 65.4410171509, 49.2916755676, 12.4012174606, 14.22448349, -2.15341758728, 1.50716495514, -1.60121953487, -2.20854187012, -2.51123166084, -2.99309062958, -4.25262832642], "cov": [[9241.85449219, -143.903961182, -1169.44726562, 75.7096710205, -535.406921387, 202.675643921, -296.517669678, 2.27821779251, -74.9740219116, -25.2195892334, -45.0510139465, -65.0055770874, -71.8763580322], [-143.903961182, 1270.9473877, 589.63482666, 24.87981987, 26.8079414368, -122.701652527, -47.8260192871, -66.5501556396, -9.04801559448, -17.5505580902, 3.16995954514, 2.7970354557, -6.29404592514], [-1169.44726562, 589.63482666, 569.931396484, 46.3441009521, 52.9779586792, -71.3857955933, -13.3434228897, -24.6912765503, 5.47742652893, -13.2904539108, 7.70152568817, 9.2680978775, -8.50049591064], [75.7096710205, 24.87981987, 46.3441009521, 211.479766846, -48.4467163086, 73.1096038818, -45.5425376892, 21.3061599731, -10.9526081085, -7.9752407074, -11.8529567719, -10.0727157593, -14.0955228806], [-535.406921387, 26.8079414368, 52.9779586792, -48.4467163086, 187.758407593, -24.5184249878, 111.327423096, -7.6680688858, 8.29409790039, 6.21158361435, 3.93754649162, 8.6576166153, 14.376578331], [202.675643921, -122.701652527, -71.3857955933, 73.1096038818, -24.5184249878, 111.322593689, -2.3395178318, 22.6330242157, 3.9475312233, -3.88826680183, -7.57668828964, -7.94441652298, -12.3450498581], [-296.517669678, -47.8260192871, -13.3434228897, -45.5425376892, 111.327423096, -2.3395178318, 126.72088623, 13.2000818253, 16.1458301544, 12.7788505554, 2.56320691109, 14.5520200729, 18.9817276001], [2.27821779251, -66.5501556396, -24.6912765503, 21.3061599731, -7.6680688858, 22.6330242157, 13.2000818253, 49.7000160217, 14.238199234, 15.5478029251, 6.19684505463, 1.46899473667, 4.35526323318], [-74.9740219116, -9.04801559448, 5.47742652893, -10.9526081085, 8.29409790039, 3.9475312233, 16.1458301544, 14.238199234, 38.9007453918, 17.7365436554, 13.3173666, 9.5687789917, 2.50911307335], [-25.2195892334, -17.5505580902, -13.2904539108, -7.9752407074, 6.21158361435, -3.88826680183, 12.7788505554, 15.5478029251, 17.7365436554, 40.5079612732, 17.5372314453, 9.24885845184, 13.4620580673], [-45.0510139465, 3.16995954514, 7.70152568817, -11.8529567719, 3.93754649162, -7.57668828964, 2.56320691109, 6.19684505463, 13.3173666, 17.5372314453, 35.5851860046, 21.112455368, 13.0452651978], [-65.0055770874, 2.7970354557, 9.2680978775, -10.0727157593, 8.6576166153, -7.94441652298, 14.5520200729, 1.46899473667, 9.5687789917, 9.24885845184, 21.112455368, 35.5981483459, 19.7191238403], [-71.8763580322, -6.29404592514, -8.50049591064, -14.0955228806, 14.376578331, -12.3450498581, 18.9817276001, 4.35526323318, 2.50911307335, 13.4620580673, 13.0452651978, 19.7191238403, 35.9641647339]], "icov": [[0.000243512695306, -0.000389945111237, 0.000853880832437, -1.68506685441e-05, 0.000381001096684, -0.000187002297025, 0.00010374977137, -7.58669775678e-05, 0.000216490458115, -2.15435852624e-06, -4.87581710331e-05, -0.000216558837565, 0.000473710650112], [-0.000389945111237, 0.00228607910685, -0.00298557290807, -0.000116426163004, -0.000278564926703, 0.000970494991634, -0.000146625898196, 0.00147729471792, -0.0003820565762, -0.000331790244672, 9.12804607651e-05, 0.000921726692468, -0.00117521092761], [0.000853880832437, -0.0029855729