{"lowlevel": {"erbbands": {"mean": [0.00149453757331, 0.0074521289207, 0.0371358171105, 0.246195822954, 0.508471310139, 1.01546645164, 3.01430845261, 5.45632553101, 5.18381500244, 11.2860784531, 20.2001457214, 28.2757034302, 39.2079544067, 36.883228302, 41.3006057739, 41.8786239624, 39.0524864197, 23.5517463684, 23.3093166351, 34.4997940063, 24.9625892639, 13.2526788712, 7.26572799683, 4.30168676376, 1.79051625729, 1.37548744678, 1.49838638306, 1.14869654179, 0.912485659122, 0.522000014782, 0.334215193987, 0.226070076227, 0.110113084316, 0.0129734650254, 0.00474374881014, 0.0156660452485, 0.0225869622082, 0.0147870210931, 0.0061218845658, 0.00334346713498], "dvar": [0.000169476814335, 0.00471113622189, 0.0142465597019, 0.637941241264, 5.41900014877, 21.6759490967, 186.903137207, 473.049041748, 1302.38220215, 2937.17456055, 7674.63378906, 13482.4365234, 35085.3359375, 21255.6230469, 25039.9765625, 14176.265625, 18988.3515625, 4492.46533203, 2063.12353516, 5160.24267578, 3203.33325195, 731.155090332, 492.081420898, 920.148071289, 171.290725708, 72.2727127075, 44.8450698853, 11.7514047623, 10.2947893143, 3.13653349876, 1.35529088974, 0.314829289913, 0.0596267879009, 0.000711789121851, 0.000193340805708, 0.00127293390688, 0.00292517710477, 0.00180378428195, 0.000664099177811, 6.06582798355e-05], "min": [3.00638627025e-22, 4.38016216693e-22, 5.7143159406e-21, 2.13653191275e-20, 2.11131146668e-20, 7.77908048403e-20, 2.80821323301e-20, 9.70528363146e-20, 2.84320381303e-19, 2.40726179413e-19, 3.7937604819e-19, 1.0488314125e-18, 6.51552280727e-19, 1.20646587767e-18, 1.41578786079e-18, 2.68833223451e-18, 2.36317518713e-18, 3.26163746859e-18, 2.57087610304e-18, 5.92971329067e-18, 5.95047428327e-18, 6.0056526068e-18, 6.00821769388e-18, 5.31320358601e-18, 6.69350291698e-18, 1.02115926384e-17, 1.09734474893e-17, 9.78541181606e-18, 1.35990568927e-17, 1.55185468749e-17, 1.25539323867e-17, 1.05692109414e-17, 1.07678840081e-17, 1.06932160686e-17, 7.54228328328e-18, 4.26393407798e-18, 2.41770376029e-18, 1.03936805271e-18, 2.51201155251e-19, 3.62203326309e-20], "dmean": [0.00127750320826, 0.0063776280731, 0.0296196173877, 0.216565057635, 0.516516149044, 1.02165651321, 2.62385106087, 4.56080579758, 5.8684015274, 11.9040231705, 20.9835948944, 25.5416259766, 35.7925071716, 35.8565864563, 38.795009613, 35.3890609741, 34.4675064087, 18.8894844055, 16.9097652435, 26.8996238708, 19.8025360107, 9.66138648987, 5.33505582809, 3.8266248703, 1.5226162672, 1.15446186066, 1.19842660427, 0.899835765362, 0.713089168072, 0.388046979904, 0.260373026133, 0.159154221416, 0.0751682147384, 0.0107998456806, 0.00482456386089, 0.0110808787867, 0.0154973967001, 0.0101682413369, 0.0044201486744, 0.00219920510426], "dmean2": [0.00196790788323, 0.0101777594537, 0.0472275987267, 0.335543006659, 0.832821726799, 1.64240288734, 4.23931264877, 6.25437784195, 9.36324119568, 19.1281261444, 33.2293357849, 39.6244697571, 54.9559020996, 58.3997764587, 59.461894989, 52.9334793091, 52.1026000977, 28.6726379395, 24.8224983215, 39.284866333, 29.4166889191, 13.9678382874, 7.85951375961, 5.472615242, 2.26616120338, 1.77513885498, 1.82969987392, 1.34152150154, 1.06509244442, 0.572539806366, 0.384614855051, 0.232928961515, 0.106190420687, 0.0169625543058, 0.00789775699377, 0.015956312418, 0.0220328085124, 0.0145821506158, 0.0061730244197, 0.00297787133604], "dvar2": [0.000395624578232, 0.00882508978248, 0.036281503737, 1.30054962635, 14.1407489777, 45.7015571594, 475.262786865, 727.39239502, 3566.27563477, 6710.86279297, 18573.3457031, 31456.5996094, 84742.6171875, 59409.9882812, 60246.453125, 33140.3671875, 43969.4257812, 10086.8466797, 4654.78271484, 11186.0810547, 7121.93798828, 1422.01818848, 935.033874512, 2036.80883789, 326.795501709, 157.216537476, 93.412437439, 22.9491386414, 19.4478397369, 5.75001621246, 3.17845487595, 0.699212312698, 0.107388712466, 0.00161673594266, 0.000462774682092, 0.00242018420249, 0.00614307774231, 0.0031422288157, 0.00119787396397, 0.000112758905743], "max": [0.503567934036, 2.61488294601, 3.92394375801, 16.137430191, 45.9061203003, 123.266387939, 371.607025146, 734.992553711, 1028.05187988, 1345.40258789, 1546.2532959, 2009.50878906, 3950.40063477, 2910.49804688, 2704.28100586, 1939.68493652, 3672.80615234, 1093.42773438, 674.977111816, 1175.01757812, 934.756591797, 536.381469727, 787.032653809, 1173.35217285, 464.050872803, 279.183959961, 230.838806152, 109.689712524, 70.7994384766, 47.894733429, 36.1994819641, 12.3639163971, 5.72540664673, 0.427159756422, 0.255717873573, 0.82002556324, 1.16336452961, 1.11635887623, 1.05215442181, 0.289680510759], "median": [6.88643485773e-05, 0.000641836901195, 0.00288529787213, 0.00986316241324, 0.0294354707003, 0.071304269135, 0.120650529861, 0.104264676571, 0.117886275053, 0.190948188305, 0.250917971134, 0.248716667295, 0.227616995573, 0.254332005978, 0.365318566561, 0.494166254997, 0.479055523872, 0.386595904827, 0.506183981895, 0.706946611404, 0.67577123642, 0.495660960674, 0.360709249973, 0.221465826035, 0.121508263052, 0.111278519034, 0.144697517157, 0.102842874825, 0.077695094049, 0.0551032535732, 0.0440779179335, 0.0275231264532, 0.0105690415949, 0.0015805674484, 0.000434030662291, 0.00150063517503, 0.00292261620052, 0.00170999206603, 0.000858910032548, 0.000370351917809], "var": [0.000234248611378, 0.00644480343908, 0.0195634420961, 1.04196131229, 5.61440944672, 28.2821483612, 270.150512695, 1366.2722168, 895.470153809, 3091.34326172, 8332.28320312, 16824.984375, 41604.84375, 21194.671875, 30719.09375, 20650.6171875, 24692.6269531, 6778.28955078, 3867.39697266, 8601.42675781, 5000.74609375, 1484.26135254, 753.880371094, 1052.45654297, 267.178314209, 99.0817184448, 66.700668335, 22.6229095459, 18.8309516907, 5.83906030655, 1.82846927643, 0.481034427881, 0.149507075548, 0.00114323676098, 0.000200184702408, 0.00296735391021, 0.0051983720623, 0.0038645141758, 0.00118479470257, 0.000104876744444]}, "gfcc": {"icov": [[8.55063772178e-05, -0.000165583172929, 0.000526879914105, -0.000537568645086, 0.000598244194407, -0.000311105861329, 0.000227551776334, 0.000166281330166, -0.000269578769803, 0.000493859464768, -0.000224653587793, 0.00036213468411, -0.000179986687726], [-0.000165583172929, 0.00155955716036, -0.00320598040707, 0.00350926327519, -0.00299067539163, 0.00222457572818, -0.00146164908074, 0.000188334379345, 0.000151844244101, -0.000361117738066, -0.000343464693287, 0.000159969378728, 8.79363287822e-05], [0.000526879914105, -0.00320598040707, 0.00893749296665, -0.0101149789989, 0.00885397288948, -0.00611606379971, 0.00374336563982, -0.000204344978556, -0.00191666558385, 0.00350323971361, -0.00200897455215, 0.00289392005652, -0.00182529247832], [-0.000537568645086, 0.00350926327519, -0.0101149789989, 0.0154381617904, -0.0148862916976, 0.0106978965923, -0.00469123199582, -0.00229584542103, 0.00901459623128, -0.0118583422154, 0.0111189736053, -0.00923027191311, 0.00711849052459], [0.000598244194407, -0.00299067539163, 0.00885397288948, -0.0148862916976, 0.0183481480926, -0.012026945129, 0.00376744731329, 0.00506405951455, -0.0124015472829, 0.0153180444613, -0.0168968457729, 0.0138558903709, -0.00891198031604], [-0.000311105861329, 0.00222457572818, -0.00611606379971, 0.0106978965923, -0.012026945129, 0.01155548729, -0.00272256089374, -0.00432414887473, 0.0100645860657, -0.0115627823398, 0.0111682713032, -0.00914173666388, 0.00725002773106], [0.000227551776334, -0.00146164908074, 0.00374336563982, -0.00469123199582, 0.00376744731329, -0.00272256089374, 0.00432863458991, -0.00145348743536, -0.00132609251887, 0.00170958961826, -0.000561575288884, 0.000782101531513, -0.000319380545989], [0.000166281330166, 0.000188334379345, -0.000204344978556, -0.00229584542103, 0.00506405951455, -0.00432414887473, -0.00145348743536, 0.00748823769391, -0.00750921526924, 0.00760570121929, -0.00807436555624, 0.00702324835584, -0.00584014505148], [-0.000269578769803, 0.000151844244101, -0.00191666558385, 0.00901459623128, -0.0124015472829, 0.0100645860657, -0.00132609251887, -0.00750921526924, 0.0207408200949, -0.0179398562759, 0.018527533859, -0.0151136834174, 0.0103823347017], [0.000493859464768, -0.000361117738066, 0.00350323971361, -0.0118583422154, 0.0153180444613, -0.0115627823398, 0.00170958961826, 0.00760570121929, -0.0179398562759, 0.0296732094139, -0.02598907426, 0.0184400901198, -0.0121874306351], [-0.000224653587793, -0.000343464693287, -0.00200897455215, 0.0111189736053, -0.0168968457729, 0.0111682713032, -0.000561575288884, -0.00807436555624, 0.018527533859, -0.02598907426, 0.0357189886272, -0.0238240174949, 0.0126941567287], [0.00036213468411, 0.000159969378728, 0.00289392005652, -0.00923027191311, 0.0138558903709, -0.00914173666388, 0.000782101531513, 0.00702324835584, -0.0151136834174, 0.0184400901198, -0.0238240174949, 0.0275786519051, -0.0120028331876], [-0.000179986687726, 8.79363287822e-05, -0.00182529247832, 0.00711849052459, -0.00891198031604, 0.00725002773106, -0.000319380545989, -0.00584014505148, 0.0103823347017, -0.0121874306351, 0.0126941567287, -0.0120028331876, 0.016347695142]], "mean": [-210.852462769, 46.4888153076, -121.552528381, -19.3645515442, -31.9247226715, -16.1968746185, -18.3671875, -20.0155849457, -3.86520266533, -12.7784872055, -12.1556119919, -0.446305245161, -11.2573604584], "cov": [[34344.9257812, 52.920124054, -5210.67822266, -3408.13037109, -718.265441895, -1432.82592773, -1094.64929199, -1067.04736328, 478.338378906, -935.53302002, -213.34274292, -42.2036247253, 254.829605103], [52.920124054, 3530.7121582, 610.431945801, -317.750823975, 240.177062988, -247.345458984, 135.382995605, 145.811538696, 144.891326904, -104.018295288, 102.09728241, -140.995834351, 131.105300903], [-5210.67822266, 610.431945801, 2118.70751953, 1348.04528809, -17.8170528412, 216.312332153, 163.421600342, 160.557113647, -250.480804443, 158.507644653, -124.589584351, -84.9207458496, -144.537612915], [-3408.13037109, -317.750823975, 1348.04528809, 1507.95153809, 267.904998779, 63.8383026123, 192.598388672, -50.9650344849, -191.40725708, 166.727478027, -69.5429763794, -48.3992042542, -174.308273315], [-718.265441895, 240.177062988, -17.8170528412, 267.904998779, 538.474609375, 81.8645782471, -4.25389480591, -81.8174972534, 31.0570697784, 36.1727142334, 112.875732422, -35.218170166, -6.17832946777], [-1432.82592773, -247.345458984, 216.312332153, 63.8383026123, 81.8645782471, 440.763519287, 68.5829620361, 113.932594299, -80.185585022, 59.1315345764, 4.76752710342, -2.82085609436, -37.6582870483], [-1094.64929199, 135.382995605, 163.421600342, 192.598388672, -4.25389480591, 68.5829620361, 516.172973633, 202.42414856, 28.4703197479, 12.9381074905, -28.9873332977, -7.18144226074, -19.9340629578], [-1067.04736328, 145.811538696, 160.557113647, -50.9650344849, -81.8174972534, 113.932594299, 202.42414856, 384.192993164, 54.8321685791, 1.5645802021, -13.7835960388, -9.23223304749, 43.9294013977], [478.338378906, 144.891326904, -250.480804443, -191.40725708, 31.0570697784, -80.185585022, 28.4703197479, 54.8321685791, 189.823440552, 9.71085548401, 16.3154983521, 18.5338993073, 20.1263446808], [-935.53302002, -104.018295288, 158.507644653, 166.727478027, 36.1727142334, 59.1315345764, 12.9381074905, 1.5645802021, 9.71085548401, 152.650985718, 62.1633453369, 7.19866847992, -5.68469953537], [-213.34274292, 102.09728241, -124.589584351, -69.5429763794, 112.875732422, 4.76752710342, -28.9873332977, -13.7835960388, 16.3154983521, 62.1633453369, 153.423950195, 50.3600654602, 21.2244815826], [-42.2036247253, -140.995834351, -84.9207458496, -48.3992042542, -35.218170166, -2.82085609436, -7.18144226074, -9.23223304749, 18.5338993073, 7.19866847992, 50.3600654602, 109.581237793, 25.4481105804], [254.829605103, 131.105300903, -144.537612915, -174.308273315, -6.17832946777, -37.6582870483, -19.9340629578, 43.9294013977, 20.1263446808, -5.68469953537, 21.2244815826, 25.4481105804, 136.854614258]]}, "spectral_skewness": {"mean": 2.68994784355, "dvar": 0.200436294079, "min": -0.0543063916266, "dmean": 0.438439786434, "dmean2": 0.63220345974, "dvar2": 0.410578429699, "max": 7.23676967621, "median": 2.5940489769, "var": 0.992159187794}, "spectral_energyband_low": {"mean": 0.000143208089867, "dvar": 2.01428036917e-07, "min": 3.10187302344e-23, "dmean": 0.000110628650873, "dmean2": 0.000162016091053, "dvar2": 3.08271239646e-07, "max": 0.0162806827575, "median": 1.0686276255e-05, "var": 4.35820254552e-07}, "spectral_energyband_middle_low": {"mean": 0.00385206751525, "dvar": 5.42399393453e-05, "min": 1.73759488585e-22, "dmean": 0.00299368659034, "dmean2": 0.004479537718, "dvar2": 0.000124521669932, "max": 0.0817268714309, "median": 0.00024049251806, "var": 9.50908943196e-05}, "mfcc": {"icov": [[0.000275144353509, -0.000334332115017, 0.000474702101201, -0.000326024193782, 0.000457195332274, -0.000354329153197, 0.000460548733827, -0.00033853581408, 0.000388157874113, -0.00037052234984, 0.000552178127691, -0.000399684620788, 0.000278512947261], [-0.000334332115017, 0.000809366698377, -0.000622594845481, 0.000592559459619, -0.000748675432988, 0.000730293570086, -0.000384853105061, 0.00045105049503, -0.000785830139648, 0.000864721951075, -0.00081922049867, 0.000721990596503, -0.000324955995893], [0.000474702101201, -0.000622594845481, 0.00164265627973, -0.00120213744231, 0.000752336462028, -0.000497716013342, 0.000176004410605, -0.000453378859675, 0.000459236151073, -0.000590465846471, 0.00103759136982, -0.000385393330362, 7.28888844606e-05], [-0.000326024193782, 0.000592559459619, -0.00120213744231, 0.00211301678792, -0.000788171426393, 5.15676256327e-05, -0.000452876032796, 0.000777294044383, -0.000763827702031, 0.000550697208382, -0.00107537407894, 0.000684706668835, 0.000460167182609], [0.000457195332274, -0.000748675432988, 0.000752336462028, -0.000788171426393, 0.00324445520528, -0.0014231322566, 0.000546365452465, 0.000163912642165, 0.00114381441381, -0.000652703107335, -0.000247012736509, -0.000671616639011, 0.000701122567989], [-0.000354329153197, 0.000730293570086, -0.000497716013342, 5.15676256327e-05, -0.0014231322566, 0.00496449368075, -0.00219515361823, 0.00103142485023, 0.000608062953688, 0.000351970491465, -0.000354652205715, -0.000629192742053, 0.00120609567966], [0.000460548733827, -0.000384853105061, 0.000176004410605, -0.000452876032796, 0.000546365452465, -0.00219515361823, 0.00573925627396, -0.00255503552034, 3.58293218596e-05, -0.00128705182578, -0.000646284082904, 0.00137394072954, -0.00147168012336], [-0.00033853581408, 0.00045105049503, -0.000453378859675, 0.000777294044383, 0.000163912642165, 0.00103142485023, -0.00255503552034, 0.00708725769073, -0.00272441492416, 0.000121929704619, -0.000500352180097, -0.00098150910344, 0.0007778328727], [0.000388157874113, -0.000785830139648, 0.000459236151073, -0.000763827702031, 0.00114381441381, 0.000608062953688, 3.58293218596e-05, -0.00272441492416, 0.007201585453, -0.00237496453337, 0.000558430096135, -0.000564903370105, -0.000179035836481], [-0.00037052234984, 0.000864721951075, -0.000590465846471, 0.000550697208382, -0.000652703107335, 0.000351970491465, -0.00128705182578, 0.000121929704619, -0.00237496453337, 0.00845575612038, -0.00119789270684, 0.000577660568524, -0.000780226488132], [0.000552178127691, -0.00081922049867, 0.00103759136982, -0.00107537407894, -0.000247012736509, -0.000354652205715, -0.000646284082904, -0.000500352180097, 0.000558430096135, -0.00119789270684, 0.00910735223442, -0.0028195604682, -0.0010000707116], [-0.000399684620788, 0.000721990596503, -0.000385393330362, 0.000684706668835, -0.000671616639011, -0.000629192742053, 0.00137394072954, -0.00098150910344, -0.000564903370105, 0.000577660568524, -0.0028195604682, 0.013544600457, -0.00393029535189], [0.000278512947261, -0.000324955995893, 7.28888844606e-05, 0.000460167182609, 0.000701122567989, 0.00120609567966, -0.00147168012336, 0.0007778328727, -0.000179035836481, -0.000780226488132, -0.0010000707116, -0.00393029535189, 0.0111274104565]], "mean": [-847.214538574, 101.242118835, -29.2275619507, -1.35271024704, -4.09929418564, 4.55031108856, -14.3061361313, 2.0300385952, -3.85862493515, -2.6395149231, -8.06658267975, 3.62510633469, -5.85949420929], "cov": [[21709.3867188, 3480.18261719, -5055.99902344, -1802.75830078, -1214.1965332, -470.648071289, -1924.37158203, -65.4551925659, -479.449584961, -318.683776855, -841.208251953, 185.102203369, -496.772125244], [3480.18261719, 3426.56665039, -315.009643555, -549.581054688, 18.4755706787, -406.543945312, -269.260314941, -8.59781360626, 120.073432922, -169.042678833, -4.38970994949, -34.3859672546, 23.1802406311], [-5055.99902344, -315.009643555, 2448.04418945, 1007.97351074, 237.407440186, 166.77381897, 523.237243652, 32.9154510498, 159.142700195, 86.929069519, 155.134918213, -84.6391983032, 86.1987686157], [-1802.75830078, -549.581054688, 1007.97351074, 1147.44128418, 247.319473267, 230.455657959, 223.155517578, -64.6466064453, 9.03393363953, 32.7703475952, 92.3321609497, -50.5913162231, -38.6390419006], [-1214.1965332, 18.4755706787, 237.407440186, 247.319473267, 597.565795898, 183.667175293, 83.699760437, -106.278739929, -85.3845977783, -12.5656967163, 100.509788513, -7.24726915359, -15.6944103241], [-470.648071289, -406.543945312, 166.77381897, 230.455657959, 183.667175293, 382.638031006, 124.163360596, -53.2629966736, -86.8646774292, 11.2726192474, 28.5929851532, 1.18855071068, -41.2346191406], [-1924.37158203, -269.260314941, 523.237243652, 223.155517578, 83.699760437, 124.163360596, 457.195343018, 113.424591064, 101.502464294, 86.8009872437, 110.905532837, -22.8216323853, 71.0799255371], [-65.4551925659, -8.59781360626, 32.9154510498, -64.6466064453, -106.278739929, -53.2629966736, 113.424591064, 246.291564941, 125.089431763, 50.9118270874, 15.0554180145, 15.1673603058, 26.3922996521], [-479.449584961, 120.073432922, 159.142700195, 9.03393363953, -85.3845977783, -86.8646774292, 101.502464294, 125.089431763, 257.905761719, 68.6954421997, 29.8259658813, 1.31217730045, 45.6768455505], [-318.683776855, -169.042678833, 86.929069519, 32.7703475952, -12.5656967163, 11.2726192474, 86.8009872437, 50.9118270874, 68.6954421997, 161.890548706, 28.3312759399, 4.36512041092, 25.1510887146], [-841.208251953, -4.38970994949, 155.134918213, 92.3321609497, 100.509788513, 28.5929851532, 110.905532837, 15.0554180145, 29.8259658813, 28.3312759399, 180.167907715, 22.4503116608, 46.8642845154], [185.102203369, -34.3859672546, -84.6391983032, -50.5913162231, -7.24726915359, 1.18855071068, -22.8216323853, 15.1673603058, 1.31217730045, 4.36512041092, 22.4503116608, 97.6600189209, 30.0978965759], [-496.772125244, 23.1802406311, 86.1987686157, -38.6390419006, -15.6944103241, -41.2346191406, 71.0799255371, 26.3922996521, 45.6768455505, 25.1510887146, 46.8642845154, 30.0978965759, 134.367721558]]}, "silence_rate_20dB": {"mean": 1, "dvar": 0, "min": 1, "dmean": 0, "dmean2": 0, "dvar2": 0, "max": 1, "median": 1, "var": 0}, "dynamic_complexity": 11.7215938568, "silence_rate_60dB": {"mean": 0.592307686806, "dvar": 0.106426611543, "min": 0, "dmean": 0.121087737381, "dmean2": 0.242299795151, "dvar2": 0.21028675139, "max": 1, "median": 1, "var": 0.241477355361}, "dissonance": {"mean": 0.466151088476, "dvar": 0.000948661763687, "min": 0.230324283242, "dmean": 0.0256156679243, "dmean2": 0.043110024184, "dvar2": 0.00253302487545, "max": 0.500000059605, "median": 0.480911016464, "var": 0.00151648861356}, "barkbands": {"mean": [9.04780154087e-06, 3.83961596526e-05, 4.05184182455e-05, 0.000117059396871, 0.000282852852251, 0.000595914840233, 0.000492264342029, 0.00076465040911, 0.00118191249203, 0.00135644839611, 0.000957256241236, 0.000991883105598, 0.000810424797237, 0.000436060392531, 0.000564297079109, 0.000515052524861, 0.000237336920691, 0.000121738368762, 5.10427089466e-05, 2.95988775179e-05, 3.20518593071e-05, 2.35818552028e-05, 1.24554553622e-05, 8.64293269842e-06, 5.77153969061e-07, 9.83241079666e-06, 0.000123187201098], "dvar": [2.27205032566e-09, 1.23538882235e-07, 1.45130636398e-08, 1.54814202347e-07, 1.3466284372e-06, 4.3097275011e-06, 7.869246474e-06, 1.09199418148e-05, 2.02957726287e-05, 5.45880684513e-05, 1.35985210363e-05, 9.69513712334e-06, 8.58196108311e-06, 1.8181563064e-06, 1.6112371668e-06, 1.35198240514e-06, 2.58149611909e-07, 1.98453761868e-07, 1.50632445184e-07, 4.25447730379e-08, 1.15385798694e-08, 6.64706734099e-09, 1.76547321207e-09, 3.82880283034e-10, 3.84839425951e-12, 5.21981513568e-10, 9.60027080055e-08], "min": [8.30325958754e-24, 3.56973956324e-24, 5.10548253504e-24, 3.75383248282e-24, 2.43341722036e-23, 9.96613419954e-24, 2.06848937675e-23, 1.27342408051e-23, 4.52655676491e-23, 1.58926978746e-23, 1.99167877927e-23, 6.95963887716e-23, 3.38765839674e-23, 5.37396030008e-23, 4.24098249078e-23, 7.79682350817e-23, 9.60267063953e-23, 1.31837817116e-22, 1.07910214357e-22, 2.11934083376e-22, 2.89829339357e-22, 3.98319095111e-22, 4.45629418626e-22, 6.33780948674e-22, 1.0821428805e-21, 1.29768674089e-21, 2.13379902594e-21], "dmean": [7.83429277362e-06, 3.27369998558e-05, 3.45700100297e-05, 0.000108451131382, 0.000289229705231, 0.000484203425003, 0.000556589337066, 0.000843253335916, 0.00106804433744, 0.00136647885665, 0.000915952667128, 0.000864412344526, 0.00075862655649, 0.000377266056603, 0.000455821544165, 0.000430767569924, 0.000183875163202, 9.65815052041e-05, 4.67840618512e-05, 2.63802612608e-05, 2.45569735853e-05, 1.85849294212e-05, 9.51438778429e-06, 5.8259843172e-06, 6.42738143597e-07, 6.71967927701e-06, 8.24857124826e-05], "dmean2": [1.22243300211e-05, 4.97756482218e-05, 5.60365406272e-05, 0.000167392310686, 0.000462699797936, 0.000686418672558, 0.000889866554644, 0.00132483185735, 0.0016473850701, 0.0021486969199, 0.0014398500789, 0.00133702449966, 0.0011796526378, 0.000571118551306, 0.000695021357387, 0.000649099471048, 0.000275228521787, 0.0001427045936, 6.92987960065e-05, 3.87700638385e-05, 3.73578368453e-05, 2.78325478575e-05, 1.39571602631e-05, 8.21966568765e-06, 1.06654090359e-06, 9.4361785159e-06, 0.00011415224435], "dvar2": [3.92642629521e-09, 2.47521455776e-07, 3.85860019492e-08, 3.31072300241e-07, 3.07800769406e-06, 6.86461680743e-06, 1.89233614947e-05, 2.65679118456e-05, 4.72817737318e-05, 0.000139541341923, 3.36367447744e-05, 2.27419077419e-05, 2.07885987038e-05, 4.30615455116e-06, 3.83607630283e-06, 3.10608788823e-06, 5.4683982853e-07, 3.90277108409e-07, 2.96826726753e-07, 9.65128350572e-08, 2.26126122271e-08, 1.24426007275e-08, 3.87214837971e-09, 7.69601382622e-10, 9.20065759691e-12, 1.05971953435e-09, 1.76494083348e-07], "max": [0.00183586939238, 0.0137424767017, 0.00226271501742, 0.00665754312649, 0.0269066020846, 0.0693651214242, 0.0597444437444, 0.0639822334051, 0.0785792320967, 0.19030828774, 0.0604472011328, 0.0490009970963, 0.0659113824368, 0.027007393539, 0.0178770627826, 0.0161620099097, 0.00883285980672, 0.0164841637015, 0.0150007344782, 0.00757038593292, 0.00341222574934, 0.00187511066906, 0.00134657265153, 0.000387623294955, 3.59495206794e-05, 0.00047694722889, 0.0119256619364], "median": [6.33262004612e-07, 2.40453846345e-06, 2.64879827228e-06, 3.69562781088e-06, 2.15592299355e-05, 1.31438846438e-05, 7.60384136811e-06, 9.92784225673e-06, 9.93928915705e-06, 6.67997665005e-06, 6.40755524728e-06, 1.08370168164e-05, 9.10384551389e-06, 7.44690441934e-06, 1.08110480141e-05, 1.25978622236e-05, 8.08944059827e-06, 5.9200110627e-06, 2.82611313196e-06, 2.28707972383e-06, 3.37662186212e-06, 2.14701549339e-06, 1.58799366545e-06, 9.76033106781e-07, 2.44677522687e-08, 1.29038562591e-06, 1.62662126968e-05], "var": [4.48668391329e-09, 1.75309281758e-07, 1.96277198938e-08, 2.36183538505e-07, 1.6609354816e-06, 1.28681222122e-05, 7.1717145147e-06, 1.19408477985e-05, 2.68126859737e-05, 5.35526341991e-05, 1.75984714588e-05, 1.31139977384e-05, 1.05771414383e-05, 2.39906762545e-06, 2.4409141588e-06, 1.97682629732e-06, 4.98246492953e-07, 2.88164699214e-07, 2.10774501852e-07, 5.22426724103e-08, 2.08059347528e-08, 1.19544036892e-08, 2.69187538926e-09, 7.565643112e-10, 3.81970973948e-12, 1.04889652519e-09, 1.6979250006e-07]}, "spectral_complexity": {"mean": 6.51230764389, "dvar": 17.1158771515, "min": 0, "dmean": 2.80246281624, "dmean2": 3.82443523407, "dvar2": 28.6148433685, "max": 62, "median": 2, "var": 68.7169494629}, "spectral_energyband_high": {"mean": 0.00018532568356, "dvar": 3.30686930283e-07, "min": 7.40538290149e-21, "dmean": 0.000127117717057, "dmean2": 0.000180067887413, "dvar2": 6.23651374099e-07, "max": 0.0223172176629, "median": 3.17313242704e-05, "var": 5.75470608055e-07}, "hfc": {"mean": 20.0162525177, "dvar": 731.034790039, "min": 1.13705874893e-16, "dmean": 12.5287504196, "dmean2": 17.2967414856, "dvar2": 1492.1295166, "max": 584.53717041, "median": 2.63161754608, "var": 1493.06591797}, "melbands_kurtosis": {"mean": 12.6548881531, "dvar": 1022.78338623, "min": -1.87939989567, "dmean": 10.8306941986, "dmean2": 17.5222320557, "dvar2": 2485.91967773, "max": 860.873291016, "median": 2.86934971809, "var": 1446.18530273}, "spectral_strongpeak": {"mean": 0.913148880005, "dvar": 1.08886218071, "min": 0, "dmean": 0.597871541977, "dmean2": 0.925937891006, "dvar2": 2.52427887917, "max": 13.2279109955, "median": 0.180477321148, "var": 2.37649130821}, "silence_rate_30dB": {"mean": 0.996410250664, "dvar": 0.0051044896245, "min": 0, "dmean": 0.00513083627447, "dmean2": 0.0102669401094, "dvar2": 0.0132415257394, "max": 1, "median": 1, "var": 0.00357685354538}, "melbands_spread": {"mean": 28.6996479034, "dvar": 507.573425293, "min": 0.481930881739, "dmean": 13.7908096313, "dmean2": 21.7148590088, "dvar2": 1134.6114502, "max": 213.754074097, "median": 18.052980423, "var": 1090.50036621}, "melbands_crest": {"mean": 14.1790370941, "dvar": 18.5040187836, "min": 1.70303702354, "dmean": 4.73644924164, "dmean2": 7.8745136261, "dvar2": 43.7470970154, "max": 37.4833297729, "median": 12.890504837, "var": 48.2450141907}, "average_loudness": 0.76070445776, "spectral_flux": {"mean": 0.0542247481644, "dvar": 0.000834066770039, "min": 6.47750741933e-11, "dmean": 0.0210026670247, "dmean2": 0.029621463269, "dvar2": 0.00164300040342, "max": 0.402609109879, "median": 0.0298388190567, "var": 0.0035557767842}, "spectral_rolloff": {"mean": 3700.96484375, "dvar": 11191247, "min": 43.06640625, "dmean": 1550.54345703, "dmean2": 2579.36279297, "dvar2": 24805486, "max": 22050, "median": 1959.52148438, "var": 24307518}, "melbands": {"mean": [1.20759304991e-05, 1.56405421876e-05, 4.92732615385e-05, 5.15859246661e-05, 9.61062687566e-05, 0.000118657531857, 8.42183144414e-05, 0.00013081432553, 0.000174553395482, 0.000172818457941, 0.000198631125386, 0.000151899424964, 0.000138532792334, 0.000110880093416, 0.000109212742245, 6.84653496137e-05, 4.06224608014e-05, 3.56722630386e-05, 4.50939041912e-05, 4.25844482379e-05, 2.6235005862e-05, 1.43135503095e-05, 8.51954246173e-06, 5.28801137989e-06, 3.36221273756e-06, 1.53791631874e-06, 8.75380806065e-07, 9.29794396143e-07, 1.00032048067e-06, 7.60731040828e-07, 6.40052519429e-07, 5.55157555482e-07, 3.69386185639e-07, 2.59716756545e-07, 2.00875163614e-07, 1.57286478952e-07, 1.28848753889e-07, 9.12925486318e-08, 2.80791176976e-08, 5.28980104164e-09], "dvar": [1.19563461354e-08, 3.46700557152e-09, 2.36475354853e-08, 6.27825116339e-08, 1.47802353467e-07, 2.0261106215e-07, 2.68710863338e-07, 3.23674896663e-07, 5.47523768546e-07, 5.43701673905e-07, 1.0345231658e-06, 4.89859701247e-07, 2.88802937121e-07, 1.24388719769e-07, 1.33556440574e-07, 6.25649931862e-08, 1.73599854492e-08, 6.97008584183e-09, 1.05734443423e-08, 7.46429229537e-09, 4.51713066951e-09, 9.74645919527e-10, 4.34310615249e-10, 5.51057421916e-10, 7.04915126271e-10, 1.33895200483e-10, 4.18012950643e-11, 3.25354916619e-11, 2.56427188511e-11, 8.74051612337e-12, 3.42436213933e-12, 4.11058643721e-12, 1.95663320615e-12, 8.42132841326e-13, 6.00703623128e-13, 1.90836428149e-13, 1.24001137592e-13, 4.43431505707e-14, 4.14324175622e-15, 3.24914797605e-16], "min": [2.75439659743e-24, 2.68323976606e-24, 5.92618107754e-24, 2.9319005563e-24, 1.62003749269e-24, 1.55677469379e-24, 4.4707792502e-24, 2.78308194653e-24, 3.7377831077e-24, 7.05185403485e-24, 2.98516917778e-24, 4.52363805844e-24, 3.89299622397e-24, 5.70540612587e-24, 4.04442201903e-24, 3.73767740034e-24, 5.21827702271e-24, 3.91553319117e-24, 5.22284373849e-24, 7.07381671131e-24, 5.79823059972e-24, 5.24432402651e-24, 4.73525078513e-24, 6.09531995536e-24, 3.8819691318e-24, 4.89911178907e-24, 5.1714478728e-24, 6.13852350056e-24, 5.68101020794e-24, 6.9462586918e-24, 5.31279281435e-24, 6.53671642526e-24, 6.72664612667e-24, 6.820227907e-24, 7.81920506977e-24, 4.95725241551e-24, 6.94111137439e-24, 6.32627791803e-24, 7.73003538849e-24, 8.47607061288e-24], "dmean": [1.03986776594e-05, 1.22331148305e-05, 4.3741245463e-05, 5.24827992194e-05, 8.30751596368e-05, 0.000100018332887, 9.49521709117e-05, 0.000139175055665, 0.000179373731953, 0.000160102979862, 0.000187560945051, 0.000156028268975, 0.000133131921757, 9.73371352302e-05, 0.000101126875961, 6.05463646934e-05, 3.46953020198e-05, 2.83651479549e-05, 3.61988131772e-05, 3.42066050507e-05, 2.21373538807e-05, 1.09374777821e-05, 6.41169845039e-06, 4.38476035924e-06, 3.13871964863e-06, 1.38142024753e-06, 7.69004600443e-07, 7.93548281308e-07, 8.36693914152e-07, 6.27743929726e-07, 5.15870908657e-07, 4.49026629212e-07, 3.0235278814e-07, 1.99883629648e-07, 1.63688298471e-07, 1.20817347238e-07, 9.50939309519e-08, 6.39811048586e-08, 2.14186197667e-08, 5.9021312282e-09], "dmean2": [1.54182453116e-05, 1.83517222467e-05, 6.76279596519e-05, 8.44226960908e-05, 0.000131885433802, 0.000138272342156, 0.000151320113218, 0.000222905859118, 0.000285318645183, 0.000245509610977, 0.000288774579531, 0.0002585380862, 0.000208699901123, 0.000150181309436, 0.000159331553732, 9.3549482699e-05, 5.37542182428e-05, 4.37237249571e-05, 5.46558476344e-05, 5.07336044393e-05, 3.36056327797e-05, 1.6188238078e-05, 9.55554151005e-06, 6.5732638177e-06, 4.592553978e-06, 2.09339259527e-06, 1.13531643819e-06, 1.24249845612e-06, 1.28030831092e-06, 9.67754090198e-07, 7.75112823703e-07, 6.80971879774e-07, 4.34097700008e-07, 2.95497073921e-07, 2.43992673177e-07, 1.81432753266e-07, 1.37989971449e-07, 9.13728825935e-08, 3.2902406133e-08, 9.79769865239e-09], "dvar2": [2.62919055416e-08, 6.03289729284e-09, 5.43543450249e-08, 1.28078397665e-07, 3.67617843722e-07, 3.18561319546e-07, 7.08931281679e-07, 7.64513060858e-07, 1.33907246891e-06, 1.26551856283e-06, 2.51727465184e-06, 1.36503001613e-06, 7.08230061264e-07, 2.80942202835e-07, 3.34865291052e-07, 1.4880563981e-07, 4.00005859547e-08, 1.67475651125e-08, 2.50769716104e-08, 1.57916204557e-08, 1.01873052216e-08, 2.01719196902e-09, 8.40452207829e-10, 1.21855148194e-09, 1.588927101e-09, 2.63503385778e-10, 8.20967044346e-11, 7.18875514671e-11, 5.73896520584e-11, 1.74757916471e-11, 6.90976355994e-12, 7.92688657769e-12, 3.8841980847e-12, 1.61030379569e-12, 1.45401605253e-12, 4.48962752825e-13, 2.82282416842e-13, 7.86030176494e-14, 9.03741803073e-15, 7.76896184002e-16], "max": [0.0042845052667, 0.00249615032226, 0.00231859530322, 0.00752907479182, 0.0104194814339, 0.015100450255, 0.0137594053522, 0.0121559556574, 0.0124900564551, 0.0127714173868, 0.0228146836162, 0.0161663051695, 0.00971211399883, 0.00550110079348, 0.00562193803489, 0.00632539391518, 0.00244419183582, 0.00133297475986, 0.00153605279047, 0.00115081388503, 0.00136416160967, 0.000608487986028, 0.000535865605343, 0.000857451406773, 0.0010222797282, 0.000413450179622, 0.000225652445806, 0.000186396908248, 0.000178731061169, 9.32771217776e-05, 5.33095408173e-05, 4.63568067062e-05, 3.62731625501e-05, 2.7675394449e-05, 2.41986890614e-05, 9.57058909989e-06, 7.45459237805e-06, 4.9215573199e-06, 1.56021269504e-06, 3.29342952909e-07], "median": [6.58742237647e-07, 1.34529000206e-06, 2.07157177101e-06, 3.59691239282e-06, 4.48378341389e-06, 2.28011981562e-06, 1.63731442626e-06, 2.05270134757e-06, 1.96168730326e-06, 1.45291869558e-06, 1.08245649244e-06, 9.83299969448e-07, 9.58322061706e-07, 1.19732032999e-06, 1.12979319056e-06, 8.55381358633e-07, 6.34212597106e-07, 6.76442425629e-07, 8.83876623448e-07, 8.68469214765e-07, 7.26386019778e-07, 4.85869634304e-07, 3.61404374871e-07, 2.59448597717e-07, 1.52695378119e-07, 8.8789676056e-08, 5.78346757152e-08, 7.06830434183e-08, 8.47034868912e-08, 7.44141175346e-08, 5.0573074617e-08, 4.23154844498e-08, 3.30783507252e-08, 2.51381280236e-08, 2.32170833669e-08, 2.03686152389e-08, 1.31332980047e-08, 7.22190751645e-09, 2.55182053266e-09, 2.14088177741e-10], "var": [1.63982019075e-08, 6.20415008257e-09, 3.40062413784e-08, 8.70120828722e-08, 2.29701967669e-07, 5.78811921059e-07, 2.03834545687e-07, 3.44519321516e-07, 6.07531490004e-07, 6.63864000217e-07, 1.16828175578e-06, 4.42196636641e-07, 3.69988327975e-07, 1.76782705807e-07, 1.51627617129e-07, 8.37979854396e-08, 2.36929267317e-08, 1.1211710671e-08, 1.65740328129e-08, 1.22251000434e-08, 6.63799637479e-09, 1.89767246361e-09, 7.24202864344e-10, 6.71190159007e-10, 7.73000996546e-10, 2.03805389232e-10, 6.26859814057e-11, 4.37277852816e-11, 3.41609830701e-11, 1.38845289432e-11, 6.53824910879e-12, 7.07344165879e-12, 3.40014019544e-12, 1.49309481879e-12, 7.62832505496e-13, 2.54789543413e-13, 1.74079555024e-13, 1.11690381065e-13, 8.51272601265e-15, 3.22150240884e-16]}, "spectral_energy": {"mean": 0.0101273963228, "dvar": 0.000177251029527, "min": 1.05070904787e-20, "dmean": 0.00645928550512, "dmean2": 0.00893315952271, "dvar2": 0.0003925532219, "max": 0.213283926249, "median": 0.001015205984, "var": 0.000386711064493}, "spectral_decrease": {"mean": -2.20226659131e-09, "dvar": 8.72414405324e-18, "min": -4.82216186981e-08, "dmean": 1.4184420305e-09, "dmean2": 1.96728500157e-09, "dvar2": 1.95608445252e-17, "max": 1.63639631804e-16, "median": -1.88083937314e-10, "var": 1.90375105127e-17}, "erbbands_spread": {"mean": 24.0834007263, "dvar": 138.214645386, "min": 2.12613129616, "dmean": 9.46219444275, "dmean2": 14.8002605438, "dvar2": 333.876190186, "max": 116.892036438, "median": 19.017250061, "var": 339.185089111}, "spectral_contrast_coeffs": {"mean": [-0.688698291779, -0.789267361164, -0.821066319942, -0.817567706108, -0.811798036098, -0.764942646027], "dvar": [0.00261321710423, 0.00268414220773, 0.00166922970675, 0.00114824902266, 0.0012126712827, 0.00121339573525], "min": [-0.971224725246, -0.980488777161, -0.973690509796, -0.970194756985, -0.963888347149, -0.965494036674], "dmean": [0.0603079199791, 0.0581971853971, 0.0440768487751, 0.0377076044679, 0.0344208404422, 0.0388705655932], "dmean2": [0.0948606058955, 0.0912036672235, 0.0677121654153, 0.0582885444164, 0.04990965873, 0.0593455247581], "dvar2": [0.0061666755937, 0.0062491693534, 0.00390631752089, 0.00256501766853, 0.00243443786167, 0.00278195971623], "max": [-0.320845425129, -0.421689987183, -0.435379296541, -0.554823756218, -0.49635758996, -0.506273090839], "median": [-0.694060564041, -0.809645354748, -0.846013963223, -0.836919903755, -0.833944559097, -0.773329496384], "var": [0.0137476734817, 0.0103705590591, 0.00749917700887, 0.00588055234402, 0.00632813433185, 0.00490489602089]}, "spectral_energyband_middle_high": {"mean": 0.00589471077546, "dvar": 0.000104618899059, "min": 1.20256177824e-21, "dmean": 0.00398159353063, "dmean2": 0.00567779224366, "dvar2": 0.000244853028562, "max": 0.198707461357, "median": 0.000187457946595, "var": 0.000184229793376}, "erbbands_crest": {"mean": 10.6124305725, "dvar": 9.40872192383, "min": 2.30783557892, "dmean": 3.44169616699, "dmean2": 5.75581169128, "dvar2": 23.6629390717, "max": 29.1433753967, "median": 9.79089832306, "var": 22.5297813416}, "barkbands_crest": {"mean": 10.2400684357, "dvar": 9.26494979858, "min": 2.20732188225, "dmean": 3.40929389, "dmean2": 5.58672714233, "dvar2": 22.3073158264, "max": 24.9857902527, "median": 9.27939224243, "var": 21.2838020325}, "pitch_salience": {"mean": 0.621005833149, "dvar": 0.00869808159769, "min": 0.0617667920887, "dmean": 0.101685874164, "dmean2": 0.16535332799, "dvar2": 0.0214599687606, "max": 0.92573851347, "median": 0.649384021759, "var": 0.0219656899571}, "melbands_skewness": {"mean": 1.70130097866, "dvar": 1.86662769318, "min": -2.78455758095, "dmean": 1.13964211941, "dmean2": 1.76312482357, "dvar2": 4.18100166321, "max": 25.1515102386, "median": 1.15189230442, "var": 5.94537162781}, "spectral_spread": {"mean": 3990534.25, "dvar": 984063541248, "min": 1260282.125, "dmean": 700513.75, "dmean2": 1032340.25, "dvar2": 1882760413180.0, "max": 42223656, "median": 3474723.75, "var": 8076120293380.0}, "spectral_entropy": {"mean": 7.43666028976, "dvar": 0.0710446685553, "min": 5.40500164032, "dmean": 0.269742429256, "dmean2": 0.392632633448, "dvar2": 0.142726317048, "max": 9.81408691406, "median": 7.40443229675, "var": 0.343441039324}, "erbbands_flatness_db": {"mean": 0.199493035674, "dvar": 0.000935859570745, "min": 0.038631208241, "dmean": 0.0347366631031, "dmean2": 0.0499597936869, "dvar2": 0.00189406936988, "max": 0.429316192865, "median": 0.195096462965, "var": 0.00609444221482}, "spectral_kurtosis": {"mean": 16.7989749908, "dvar": 36.2279777527, "min": -1.25859022141, "dmean": 5.10701036453, "dmean2": 7.49270963669, "dvar2": 80.6760101318, "max": 90.6324386597, "median": 13.910071373, "var": 132.277770996}, "erbbands_skewness": {"mean": 0.160970196128, "dvar": 0.356377720833, "min": -4.47517585754, "dmean": 0.619506776333, "dmean2": 0.944371700287, "dvar2": 0.764610767365, "max": 4.27694940567, "median": 0.122937329113, "var": 1.37073290348}, "erbbands_kurtosis": {"mean": 2.50815272331, "dvar": 9.88817596436, "min": -1.77503311634, "dmean": 2.37357378006, "dmean2": 3.73617315292, "dvar2": 23.0546531677, "max": 42.5420722961, "median": 1.11501812935, "var": 17.8717556}, "barkbands_spread": {"mean": 20.0048351288, "dvar": 148.968048096, "min": 0.66341650486, "dmean": 8.96911144257, "dmean2": 13.95977211, "dvar2": 340.379180908, "max": 134.006881714, "median": 14.1801118851, "var": 313.083831787}, "zerocrossingrate": {"mean": 0.13038687408, "dvar": 0.00091146415798, "min": 0.01416015625, "dmean": 0.0274512264878, "dmean2": 0.0315061733127, "dvar2": 0.000980473821983, "max": 0.52392578125, "median": 0.10205078125, "var": 0.0069831609726}, "spectral_centroid": {"mean": 1605.98132324, "dvar": 322704.9375, "min": 176.205963135, "dmean": 399.742828369, "dmean2": 595.349182129, "dvar2": 509244.4375, "max": 11372.8720703, "median": 1327.69262695, "var": 1433717.25}, "barkbands_skewness": {"mean": 1.57077980042, "dvar": 1.05222690105, "min": -3.14458560944, "dmean": 0.919373631477, "dmean2": 1.42030334473, "dvar2": 2.23223114014, "max": 14.3517541885, "median": 1.28115999699, "var": 3.34902620316}, "melbands_flatness_db": {"mean": 0.217169716954, "dvar": 0.00169490242843, "min": 0.0030086687766, "dmean": 0.0446472726762, "dmean2": 0.0653599053621, "dvar2": 0.00338368071243, "max": 0.586224377155, "median": 0.218780726194, "var": 0.0083392560482}, "spectral_contrast_valleys": {"mean": [-10.3299407959, -8.72871208191, -8.88153648376, -9.06864356995, -9.53342628479, -12.6007509232], "dvar": [0.348240882158, 0.376834779978, 0.36767449975, 0.334159851074, 0.281026035547, 0.379394054413], "min": [-28.0059223175, -27.8728961945, -27.520866394, -27.4366950989, -27.4208889008, -27.3427829742], "dmean": [0.662129044533, 0.649211287498, 0.618835389614, 0.58099758625, 0.522492289543, 0.648759126663], "dmean2": [0.983240604401, 0.869739472866, 0.795807003975, 0.74013710022, 0.656883239746, 0.938407838345], "dvar2": [0.672525405884, 0.571981430054, 0.542330622673, 0.51321876049, 0.459945470095, 0.80047506094], "max": [-6.0270113945, -5.10868644714, -4.4210062027, -5.22222137451, -5.03006124496, -9.25328826904], "median": [-9.97783088684, -8.39037704468, -8.70638275146, -8.7334651947, -9.01484870911, -12.2081203461], "var": [3.34253025055, 4.63816547394, 5.09773540497, 5.16051244736, 4.051197052, 3.51493024826]}, "barkbands_flatness_db": {"mean": 0.157514438033, "dvar": 0.00106615503319, "min": 0.0286243911833, "dmean": 0.0373396575451, "dmean2": 0.056072242558, "dvar2": 