{"tonal": {"chords_number_rate": 0.00251607503742, "thpcp": [1, 0.922767579556, 0.320258140564, 0.0788784325123, 0.0792428255081, 0.112564042211, 0.144099995494, 0.136930063367, 0.155680596828, 0.202140927315, 0.148881912231, 0.0648053735495, 0.0434886217117, 0.0640808418393, 0.266861885786, 0.583199858665, 0.471315264702, 0.137978255749, 0.0443651564419, 0.0466570071876, 0.100025400519, 0.2105448246, 0.231272041798, 0.247668251395, 0.309977501631, 0.217509508133, 0.108215488493, 0.0955381020904, 0.0776128619909, 0.160732597113, 0.327885091305, 0.260828971863, 0.106324620545, 0.0865836143494, 0.13606312871, 0.442162483931], "hpcp": {"dvar": [0.0398194268346, 0.0360896214843, 0.0273571200669, 0.0148417083547, 0.0142985740677, 0.0147907538339, 0.0175468232483, 0.0184456277639, 0.0149353854358, 0.0159274078906, 0.014441601932, 0.00669591827318, 0.00408326322213, 0.00930301751941, 0.0160939302295, 0.0272991675884, 0.0241707079113, 0.0126190874726, 0.00648004421964, 0.00756046827883, 0.0123894168064, 0.0184084661305, 0.0218691006303, 0.018179833889, 0.0225285552442, 0.01643801108, 0.00993263721466, 0.0092471735552, 0.00794445164502, 0.0118589960039, 0.019876210019, 0.0166681278497, 0.0145854130387, 0.017876168713, 0.0222057085484, 0.0332786850631], "mean": [0.441273331642, 0.407192736864, 0.141321375966, 0.0348069481552, 0.0349677465856, 0.0496715083718, 0.0635874867439, 0.0604235865176, 0.0686976984143, 0.0891994014382, 0.0656976178288, 0.028596881777, 0.0191903691739, 0.0282771680504, 0.117759034038, 0.257350534201, 0.207978859544, 0.0608861222863, 0.0195771604776, 0.0205884929746, 0.0441385433078, 0.0929078161716, 0.102054186165, 0.109289392829, 0.136784806848, 0.095981143415, 0.0477526076138, 0.0421584174037, 0.0342484861612, 0.0709270089865, 0.144686952233, 0.115096874535, 0.046918220818, 0.038207039237, 0.0600410327315, 0.195114508271], "min": [0, 0, 0, 0, 0, 0, 0, 0, 0, 0, 0, 0, 0, 0, 0, 0, 0, 0, 0, 0, 0, 0, 0, 0, 0, 0, 0, 0, 0, 0, 0, 0, 0, 0, 0, 0], "median": [0.347089231014, 0.284025520086, 0.0513842701912, 0.00380995171145, 0.00313364947215, 0.0052105775103, 0.00804607570171, 0.00701895728707, 0.00751932989806, 0.00885419547558, 0.00817068014294, 0.00586676876992, 0.00430951220915, 0.00459749158472, 0.0222939308733, 0.0710703507066, 0.0678292736411, 0.0139723280445, 0.00285984622315, 0.00212737964466, 0.00552061200142, 0.0147635340691, 0.0173861980438, 0.0154625838622, 0.00868529453874, 0.00703688664362, 0.00733215129003, 0.00660275947303, 0.00601058872417, 0.0045194607228, 0.00421837205067, 0.00560874538496, 0.00714194821194, 0.00494794128463, 0.0067549739033, 0.0663781017065], "dvar2": [0.0946927443147, 0.086442373693, 0.0730894133449, 0.0382376536727, 0.0367459766567, 0.0366593673825, 0.045032761991, 0.0467732325196, 0.0382244065404, 0.0373807065189, 0.0356337875128, 0.0169773101807, 0.0113609014079, 0.0256633814424, 0.0415654443204, 0.0624976977706, 0.0571224316955, 0.0340353138745, 0.017566671595, 0.0192857347429, 0.031864259392, 0.0439933314919, 0.0564158894122, 0.0479369685054, 0.05693782866, 0.043064519763, 0.0266748648137, 0.0233514495194, 0.0196537729353, 0.0318379029632, 0.0505841523409, 0.0429388210177, 0.0395499654114, 0.0479331500828, 0.0606410391629, 0.0885199904442], "var": [0.146761476994, 0.138063848019, 0.0394881851971, 0.0145852295682, 0.0186824314296, 0.0233549680561, 0.0285983346403, 0.0278641209006, 0.0312142968178, 0.0501348339021, 0.0282884538174, 0.00746859144419, 0.0033126368653, 0.00869182124734, 0.0415090173483, 0.12114778161, 0.0787270367146, 0.0155834602192, 0.0056714490056, 0.00845275633037, 0.0191923920065, 0.0434975661337, 0.0451417006552, 0.0467366240919, 0.0819675475359, 0.0443661026657, 0.0153918862343, 0.0138050047681, 0.00969211384654, 0.0251712538302, 0.092144548893, 0.0586453601718, 0.0143223535269, 0.0155980940908, 0.0252631101757, 0.069971345365], "dmean2": [0.242241814733, 0.232053518295, 0.167550742626, 0.0694490820169, 0.054934669286, 0.0629612505436, 0.0804710611701, 0.0826053023338, 0.0776745229959, 0.0818032920361, 0.0744184404612, 0.0444306693971, 0.0331180915236, 0.0526988394558, 0.108284883201, 0.15305827558, 0.153117910028, 0.086526222527, 0.0400073491037, 0.0368374809623, 0.0629261806607, 0.0911978855729, 0.112443000078, 0.113031208515, 0.108447641134, 0.0967522412539, 0.0661735162139, 0.0567244179547, 0.0527202598751, 0.0726178735495, 0.0895647034049, 0.0932115614414, 0.0742028281093, 0.0774733424187, 0.107162311673, 0.207874044776], "max": [1, 1, 1, 1, 1, 1, 1, 1, 1, 1, 1, 1, 1, 1, 1, 1, 1, 1, 1, 1, 1, 1, 1, 1, 1, 1, 1, 1, 1, 1, 1, 1, 1, 1, 1, 1], "dmean": [0.148567467928, 0.14250227809, 0.0984553471208, 0.039507675916, 0.0320515856147, 0.03812206164, 0.0476874373853, 0.0484749786556, 0.0465018749237, 0.048997823149, 0.045167863369, 0.0263727381825, 0.0193945821375, 0.0300916228443, 0.0667569562793, 0.0954603329301, 0.0953696072102, 0.0512232035398, 0.0225810520351, 0.02105922997, 0.0364556349814, 0.0561695061624, 0.066604077816, 0.0661252662539, 0.0637542828918, 0.0575563758612, 0.0388830043375, 0.0334935002029, 0.0316946096718, 0.0426914542913, 0.0527743138373, 0.0558501332998, 0.0422890074551, 0.0440827347338, 0.0618992112577, 0.122733138502]}, "key_strength": 0.770362615585, "chords_strength": {"dvar": 0.00071559875505, "mean": 0.529265761375, "min": -1, "median": 0.545868217945, "dvar2": 0.00153321598191, "var": 0.03580404073, "dmean2": 0.0073509933427, "max": 0.779938042164, "dmean": 0.00788005813956}, "tuning_equal_tempered_deviation": 0.154155567288, "chords_key": "D", "tuning_frequency": 434.695007324, "chords_scale": "minor", "chords_changes_rate": 0.0514397546649, "key_scale": "minor", "tuning_diatonic_strength": 0.636648893356, "hpcp_entropy": {"dvar": 0.275506973267, "mean": 1.65654754639, "min": 0, "median": 1.7109926939, "dvar2": 0.723167479038, "var": 0.683309078217, "dmean2": 0.992576122284, "max": 4.03384399414, "dmean": 0.580870270729}, "chords_histogram": [24.8532295227, 11.3782501221, 13.6427173615, 2.90746426582, 0.111825555563, 8.9460439682, 0.0279563888907, 18.7028236389, 0.0559127777815, 12.8319816589, 0, 0.363433033228, 0, 0, 0, 0, 0, 0.0838691666722, 1.00642991066, 0, 0.251607477665, 0, 4.78054237366, 0.0559127777815], "tuning_nontempered_energy_ratio": 0.879992127419, "key_key": "D"}, "metadata": {"version": {"extractor": "music 1.0", "essentia_build_sha": "70f2e5ece6736b2c40cc944ad0e695b16b925413", "essentia": "2.1-beta2", "essentia_git_sha": "v2.1_beta2"}, "audio_properties": {"sample_rate": 44100, "length": 166.034286499, "lossless": false, "analysis_sample_rate": 44100, "downmix": "mix", "bit_rate": 192000, "equal_loudness": 0, "md5_encoded": "24e3e422cd1a4e7842a0c536c25ea164", "codec": "mp3", "replay_gain": -13.949174881}, "tags": {"genre": ["Darkwave/Neo-classical"], "albumartist": ["Persephone"], "date": ["2002"], "encoding": ["Audiograbber 1.82.01, Fraunhofer acm, 192 kBit/s, 44,100 Hz, Stereo, HQ = off"], "musicbrainz_recordingid": ["ef88fa01-ee0d-4fad-9390-fac93e6d788a"], "file_name": "158270.mp3", "title": ["My greatest day"], "tracknumber": ["9"], "album": ["Home"], "artist": ["Persephone"]}}, "lowlevel": {"melbands": {"dvar": [4.74437999998e-09, 9.83946222277e-08, 4.1268455675e-07, 2.80745189229e-06, 5.19095578966e-07, 3.78931531486e-07, 7.9791062646e-09, 6.28459151386e-09, 4.8013690801e-09, 3.64548480292e-09, 1.99781546861e-09, 3.69418584611e-09, 3.0049104871e-10, 1.73374328782e-10, 1.11027194383e-10, 4.36589167596e-11, 8.41255468065e-11, 9.33779997769e-11, 9.85956663535e-11, 6.64982929832e-11, 4.08001306351e-11, 8.31678892421e-11, 6.50001302782e-11, 1.10296986822e-10, 2.68300687223e-10, 2.3498003543e-10, 9.8506036661e-10, 1.05642106174e-09, 2.62813631968e-10, 2.0302970416e-10, 3.84636628104e-10, 1.01747325842e-10, 2.17378157141e-10, 3.34318371598e-11, 8.31487136088e-12, 1.21388723726e-11, 1.77666353851e-11, 3.65612609632e-11, 3.54314425022e-11, 3.24263255136e-11], "mean": [0.000112318797619, 0.000656050106045, 0.00105099752545, 0.00227476586588, 0.000914567732252, 0.00044898383203, 0.000141402735608, 4.97126820846e-05, 4.9330843467e-05, 4.07937332056e-05, 3.80944002245e-05, 5.53412610316e-05, 1.44361820276e-05, 9.57095380727e-06, 6.29871419733e-06, 4.15507429352e-06, 5.27043721377e-06, 5.34282435183e-06, 4.17021328758e-06, 2.96391817756e-06, 2.41742168328e-06, 4.27508894063e-06, 4.77715866509e-06, 3.52524057234e-06, 4.58778868051e-06, 7.35028697818e-06, 6.42762870484e-06, 4.70893246529e-06, 4.1510261326e-06, 2.86430622509e-06, 1.87684190678e-06, 1.47673222273e-06, 1.07471385036e-06, 7.28523559701e-07, 5.8003564618e-07, 7.98386565748e-07, 1.00422300875e-06, 1.36956089136e-06, 2.14897681872e-06, 2.7533096727e-06], "min": [1.56970114607e-23, 1.92528856103e-23, 1.43224039785e-23, 2.41020577709e-23, 1.11351889846e-23, 9.21712812497e-24, 5.55835338123e-24, 1.42491582434e-23, 1.94300211711e-23, 4.96366782682e-24, 7.0979582216e-24, 1.34166086435e-23, 1.58978459809e-23, 1.28768763231e-23, 3.98590826139e-24, 5.91290533736e-24, 1.97499137345e-23, 1.05048378454e-23, 9.7663267763e-24, 9.475420118e-24, 1.71419064497e-23, 1.40937542228e-23, 5.94532120968e-24, 1.65507577531e-23, 2.57670623073e-23, 1.62772533664e-23, 9.57824182611e-24, 7.07010196531e-24, 1.91604500449e-23, 1.73365089687e-23, 8.63141546892e-24, 7.14971065242e-24, 8.75502050644e-24, 7.52986824467e-24, 1.19943863059e-23, 7.40117189887e-24, 9.92634247776e-24, 1.05541014201e-23, 1.16494379424e-23, 1.04634297476e-23], "median": [2.5090539566e-05, 0.000131007109303, 0.000315590470564, 0.000652922317386, 0.000324081309373, 0.000111353045213, 7.68452737248e-05, 2.59682710748e-05, 1.47505525092e-05, 1.28574047267e-05, 1.39979638334e-05, 1.73282132891e-05, 5.09652727487e-06, 2.56758494288e-06, 1.73875696419e-06, 1.7243238517e-06, 1.37528377309e-06, 1.44323064433e-06, 9.10667040444e-07, 7.588517974e-07, 5.5194198012e-07, 1.02290437098e-06, 9.57278189162e-07, 3.71273273458e-07, 3.50209973021e-07, 7.35864091439e-07, 6.89038870405e-07, 4.23894334745e-07, 4.35480956185e-07, 3.00544286347e-07, 1.51480918475e-07, 1.032976229e-07, 3.67745514041e-08, 2.30387229294e-08, 3.93789676423e-08, 4.41368328552e-08, 4.39459810764e-08, 8.53384563015e-08, 1.89991851585e-07, 2.33928474813e-07], "dvar2": [9.42417610617e-09, 1.95682247295e-07, 1.11124302293e-06, 5.90183572058e-06, 9.90558078229e-07, 7.58207761464e-07, 1.58530024663e-08, 1.38996147925e-08, 9.49414857843e-09, 7.28254345717e-09, 4.58570248441e-09, 7.05211444796e-09, 6.9941813452e-10, 4.54806692307e-10, 2.78466388837e-10, 1.13492867881e-10, 1.90481241891e-10, 2.13503756341e-10, 2.12615786088e-10, 1.7333588731e-10, 9.95682633564e-11, 1.97943592073e-10, 1.62860308572e-10, 2.72050548755e-10, 7.137642144e-10, 5.23500576222e-10, 2.53152876439e-09, 2.78385225982e-09, 7.034487437e-10, 5.41477696014e-10, 1.06698649915e-09, 2.65321070669e-10, 6.11875772272e-10, 9.52746770366e-11, 2.3188860554e-11, 3.33522515161e-11, 4.71122654777e-11, 1.00178351725e-10, 8.28093357774e-11, 7.84559917033e-11], "var": [1.45069250834e-07, 3.20876461046e-06, 4.74651096738e-06, 1.45362209878e-05, 1.99317014449e-06, 1.51394601744e-06, 3.41340609111e-08, 1.01142205722e-08, 1.18721796838e-08, 8.54716475374e-09, 4.79936357323e-09, 1.49535424043e-08, 6.02614569356e-10, 3.74835745776e-10, 2.03421168798e-10, 7.23361023858e-11, 1.83408496723e-10, 2.00621436131e-10, 1.66753139075e-10, 9.26294319026e-11, 5.48644150944e-11, 1.42303585582e-10, 1.54724719148e-10, 1.63002333853e-10, 3.01331126717e-10, 4.36274516513e-10, 9.85877934845e-10, 9.28620513818e-10, 2.31994021216e-10, 1.60073621025e-10, 2.50274995173e-10, 9.24393339652e-11, 1.38451958231e-10, 2.42321492733e-11, 7.00713966018e-12, 1.22480732154e-11, 2.14609094384e-11, 3.84588853819e-11, 5.27962014385e-11, 5.40091998902e-11], "dmean2": [4.27042359661e-05, 0.000175549372216, 0.000410776468925, 0.00104364799336, 0.000488905294333, 0.000273730227491, 6.95427879691e-05, 3.69579938706e-05, 3.7295241782e-05, 3.19304199365e-05, 2.90812658932e-05, 4.09528838645e-05, 1.33927696879e-05, 9.51715719566e-06, 6.15502676737e-06, 3.95870210923e-06, 4.89836793349e-06, 4.91164655614e-06, 4.29508872912e-06, 3.23777112499e-06, 2.57944338955e-06, 4.03421336159e-06, 4.25623557021e-06, 3.48531625605e-06, 4.59262355434e-06, 6.75654018778e-06, 6.81005303704e-06, 5.87624208492e-06, 5.10045492774e-06, 3.94104199586e-06, 3.27767065755e-06, 2.34801154875e-06, 2.02979595088e-06, 1.23742313463e-06, 8.10298843135e-07, 1.12938607799e-06, 1.35664129175e-06, 1.69452107457e-06, 2.22217204282e-06, 2.66995994025e-06], "max": [0.00466298917308, 0.0216153636575, 0.0257544200867, 0.0377290695906, 0.0183688197285, 0.0187129862607, 0.00204997183755, 0.00419147638604, 0.00238092290238, 0.00193267257418, 0.00107156345621, 0.00282827648334, 0.000449692888651, 0.000277608080069, 0.000341709092027, 0.000282879220322, 0.000362451013643, 0.000381490564905, 0.000291330477921, 0.000362404447515, 0.000185356271686, 0.000226791555178, 0.000166281140991, 0.000507497170474, 0.000851669930853, 0.000798702880275, 0.00187663384713, 0.00169811549131, 0.000580150168389, 0.000525779207237, 0.000779158435762, 0.000298475526506, 0.000747540441807, 0.000216573840589, 0.000105037630419, 7.4237890658e-05, 0.00012465864711, 0.000224844945478, 0.000199372909265, 0.000155307934619], "dmean": [2.87171296804e-05, 0.000128784304252, 0.000275497761322, 0.000760314811487, 0.000360378180631, 0.000188110498129, 4.90984057251e-05, 2.36174819293e-05, 2.47910757025e-05, 2.14969131775e-05, 1.91834096768e-05, 2.79246887658e-05, 8.37812058307e-06, 5.79265224587e-06, 3.77959258913e-06, 2.40908843807e-06, 3.05589082927e-06, 3.14023532155e-06, 2.71658791462e-06, 2.02000251193e-06, 1.59688283929e-06, 2.56724320025e-06, 2.64742698164e-06, 2.14555234379e-06, 2.85937539957e-06, 4.37993230662e-06, 4.27607983511e-06, 3.58463648809e-06, 3.14872318086e-06, 2.3729280656e-06, 1.92372567653e-06, 1.43872284752e-06, 1.19105845897e-06, 7.1727095019e-07, 4.86819487833e-07, 6.85440795678e-07, 8.25466372589e-07, 1.01944397102e-06, 1.41283214816e-06, 1.74332831193e-06]}, "spectral_decrease": {"dvar": 3.53062233493e-18, "mean": -4.77104800112e-09, "min": -3.58431755387e-08, "median": -2.85529799804e-09, "dvar2": 7.42689655091e-18, "var": 2.96682620373e-17, "dmean2": 1.60289703732e-09, "max": 1.59556406911e-17, "dmean": 1.14949594288e-09}, "spectral_rolloff": {"dvar": 1721294.5, "mean": 1481.55480957, "min": 21.533203125, "median": 452.197265625, "dvar2": 3745009.25, "var": 8955868, "dmean2": 831.950378418, "max": 19315.2832031, "dmean": 485.745025635}, "melbands_crest": {"dvar": 6.79753684998, "mean": 18.3901424408, "min": 1.24034702778, "median": 17.6586608887, "dvar2": 15.5286540985, "var": 47.7413253784, "dmean2": 3.87892985344, "max": 39.90001297, "dmean": 2.57973837852}, "barkbands_skewness": {"dvar": 0.976646006107, "mean": 2.88785839081, "min": -5.18502569199, "median": 2.50546789169, "dvar2": 1.85499274731, "var": 7.63370704651, "dmean2": 1.0586066246, "max": 39.591255188, "dmean": 0.719424068928}, "spectral_centroid": {"dvar": 153870.359375, "mean": 921.469299316, "min": 166.87159729, "median": 612.535766602, "dvar2": 311456.4375, "var": 710128.25, "dmean2": 316.82723999, "max": 10903.3066406, "dmean": 213.349975586}, "spectral_energyband_middle_low": {"dvar": 5.05445423187e-05, "mean": 0.0150335906073, "min": 3.55776369229e-22, "median": 0.00836417451501, "dvar2": 0.00010656863742, "var": 0.000328807451297, "dmean2": 0.00580457830802, "max": 0.134812995791, "dmean": 0.00416170246899}, "erbbands_crest": {"dvar": 5.71943330765, "mean": 11.4021062851, "min": 2.54312610626, "median": 10.5156955719, "dvar2": 14.0828380585, "var": 23.3480949402, "dmean2": 3.91674494743, "max": 31.5420608521, "dmean": 2.5141479969}, "dynamic_complexity": 5.22052192688, "spectral_energyband_low": {"dvar": 1.45389037698e-06, "mean": 0.00325620919466, "min": 1.14490791054e-22, "median": 0.000803227769211, "dvar2": 3.10781433654e-06, "var": 4.32804736192e-05, "dmean2": 0.000833105121274, "max": 0.0671003237367, "dmean": 0.00060844788095}, "silence_rate_60dB": {"dvar": 0.0306028537452, "mean": 0.223434001207, "min": 0, "median": 0, "dvar2": 0.0676133707166, "var": 0.17351038754, "dmean2": 0.0632167831063, "max": 1, "dmean": 0.0316039696336}, "erbbands_kurtosis": {"dvar": 9.25319576263, "mean": 2.21821188927, "min": -1.92683124542, "median": 0.930925250053, "dvar2": 21.3214378357, "var": 23.288269043, "dmean2": 2.64982032776, "max": 68.5672912598, "dmean": 1.70479500294}, "spectral_complexity": {"dvar": 5.51055335999, "mean": 9.22944641113, "min": 0, "median": 8, "dvar2": 11.4052753448, "var": 37.054561615, "dmean2": 2.95496511459, "max": 37, "dmean": 1.87162637711}, "barkbands_crest": {"dvar": 4.58810758591, "mean": 13.6286582947, "min": 3.01000785828, "median": 12.7787284851, "dvar2": 10.6684532166, "var": 29.1507549286, "dmean2": 3.19346570969, "max": 26.9004211426, "dmean": 2.11646938324}, "spectral_energy": {"dvar": 5.51960438315e-05, "mean": 0.0191106647253, "min": 1.09301352009e-20, "median": 0.0117479357868, "dvar2": 0.000116637485917, "var": 0.000454652210465, "dmean2": 0.00646478449926, "max": 0.139570131898, "dmean": 0.00461764913052}, "spectral_spread": {"dvar": 1226756456450.0, "mean": 5730115.5, "min": 924762.6875, "median": 5151055.5, "dvar2": 2197282619390.0, "var": 8329635561470.0, "dmean2": 1042279.125, "max": 41951756, "dmean": 730071.875}, "spectral_contrast_valleys": {"dvar": [0.0919709429145, 0.0785923674703, 0.0769240185618, 0.0898871272802, 0.0937537997961, 0.202398017049], "mean": [-8.43652057648, -7.54734897614, -8.36569595337, -9.01141548157, -8.72474861145, -11.0955095291], "min": [-27.4547519684, -27.3003425598, -26.871887207, -27.2027893066, -27.1988334656, -27.3575229645], "median": [-8.20425796509, -7.2545838356, -8.07488441467, -8.67727661133, -8.42409324646, -10.8133716583], "dvar2": [0.234546005726, 0.185625642538, 0.178799152374, 0.193439736962, 0.165101721883, 0.386147797108], "var": [2.81913566589, 2.52397990227, 2.42067456245, 2.51258444786, 2.98354887962, 2.97971963882], "dmean2": [0.573604822159, 0.513837337494, 0.484731703997, 0.445125043392, 0.356278955936, 0.408292859793], "max": [-5.97304296494, -5.59928131104, -6.10974168777, -6.31753396988, -5.99253320694, -7.49102687836], "dmean": [0.340185135603, 0.304341733456, 0.29361397028, 0.277613729239, 0.246250063181, 0.293287336826]}, "spectral_rms": {"dvar": 3.60025893542e-07, "mean": 0.0036711145658, "min": 3.26550852331e-12, "median": 0.00338546908461, "dvar2": 7.27676820134e-07, "var": 5.16739100931e-06, "dmean2": 0.00065952911973, "max": 0.0116690183058, "dmean": 0.000478736415971}, "barkbands_spread": {"dvar": 78.5062942505, "mean": 16.9129047394, "min": 0.329354315996, "median": 10.5188188553, "dvar2": 171.562225342, "var": 283.973632812, "dmean2": 8.05359840393, "max": 104.359771729, "dmean": 5.3239030838}, "pitch_salience": {"dvar": 0.00331198587082, "mean": 0.524963796139, "min": 0.0064226584509, "median": 0.540795683861, "dvar2": 0.00754343857989, "var": 0.0218983720988, "dmean2": 0.0929553359747, "max": 0.989555776119, "dmean": 0.0608401186764}, "erbbands_skewness": {"dvar": 0.259137034416, "mean": 0.948197424412, "min": -4.8019285202, "median": 0.944690108299, "dvar2": 0.537240505219, "var": 1.26694715023, "dmean2": 0.654380142689, "max": 7.85252380371, "dmean": 0.44258916378}, "spectral_energyband_middle_high": {"dvar": 9.51706056185e-07, "mean": 0.00115358026233, "min": 1.96380331264e-21, "median": 0.000673571950756, "dvar2": 2.30891373576e-06, "var": 2.3212458018e-06, "dmean2": 0.000625923450571, "max": 0.041770350188, "dmean": 0.000421347329393}, "erbbands": {"dvar": [2.72038141702e-05, 0.0158460792154, 0.571228921413, 5.87811470032, 161.423278809, 874.763793945, 449.827819824, 872.890991211, 36.9367256165, 46.3636169434, 67.5400543213, 102.505813599, 80.3016815186, 187.207748413, 26.107591629, 25.8835678101, 14.4473009109, 17.5824794769, 31.3944072723, 42.6301078796, 24.4978504181, 58.9636535645, 77.6913223267, 319.88381958, 897.889953613, 2157.1105957, 495.741973877, 875.924621582, 342.372314453, 219.63609314, 28.3141994476, 32.6248626709, 69.5070495605, 33.1732139587, 5.22421884537, 0.49193868041, 0.0151908323169, 0.000356016738806, 1.69633585756e-06, 9.00001051463e-09], "mean": [0.00608362304047, 0.215661868453, 1.6440435648, 4.83993768692, 18.3907146454, 35.6071014404, 23.3112888336, 20.1208992004, 9.9630355835, 4.9032330513, 6.19986963272, 6.80390930176, 7.65816497803, 12.9167747498, 4.69908237457, 3.10519886017, 2.30772399902, 2.71639704704, 3.26215410233, 2.74678707123, 2.12659955025, 4.32361888885, 4.42618370056, 5.86912107468, 9.89029979706, 7.56448745728, 6.20570850372, 3.62831664085, 2.4932718277, 1.4998884201, 1.15082168579, 1.56087422371, 2.27346539497, 3.04667472839, 1.39409005642, 0.433276116848, 0.0632125288248, 0.0197082981467, 0.000943631457631, 5.95688761678e-05], "min": [1.51290627217e-21, 1.23065152726e-20, 3.84479687946e-20, 7.24502424623e-20, 1.58398780052e-19, 5.00261825571e-19, 1.95430221434e-19, 4.44895887137e-19, 3.08227891409e-19, 1.05370526407e-18, 2.75892444837e-18, 8.78874334356e-19, 1.39713224963e-18, 3.43762427981e-18, 4.88598341119e-18, 3.2771545497e-18, 2.20853129008e-18, 9.30644198135e-18, 6.28933295711e-18, 7.36800873592e-18, 1.24623229611e-17, 1.1501595693e-17, 1.28322761813e-17, 2.95077625287e-17, 1.90630373064e-17, 1.22164369065e-17, 3.09556363119e-17, 1.82959596372e-17, 1.35157705584e-17, 1.46263862622e-17, 1.82090279179e-17, 1.43867967065e-17, 1.4530171922e-17, 1.30857855324e-17, 7.30850053547e-18, 6.38601506787e-18, 2.72719421366e-18, 1.29467641819e-18, 3.39053087129e-19, 3.47306869764e-20], "median": [0.00236340239644, 0.0334177576005, 0.359553813934, 1.09421634674, 5.60865592957, 9.49350452423, 7.07473611832, 4.81615257263, 5.50480794907, 2.73233652115, 1.92668819427, 2.34513044357, 2.95694851875, 4.46384716034, 1.98114943504, 0.897578120232, 0.920771956444, 0.831671833992, 0.921281218529, 0.694897949696, 0.587215304375, 1.08412647247, 0.733484506607, 0.590266406536, 1.15046954155, 0.807197570801, 0.745515823364, 0.3768247962, 0.180472195148, 0.0656503066421, 0.0787490159273, 0.0856476724148, 0.179961264133, 0.287837445736, 0.156736940145, 0.0583187788725, 0.00926523096859, 0.0127805937082, 0.000520008907188, 3.28151218127e-05], "dvar2": [6.8817200372e-05, 0.0277653243393, 1.18176496029, 14.3565835953, 398.472442627, 1825.26025391, 876.098266602, 1757.77062988, 74.1702346802, 98.6781082153, 138.575241089, 197.651519775, 185.266815186, 359.96105957, 63.6577262878, 67.9197921753, 37.2373733521, 39.8926086426, 71.5256118774, 101.221092224, 60.6266899109, 142.253555298, 195.690597534, 835.055053711, 2138.5703125, 5823.72314453, 1303.29443359, 2410.67382812, 904.39831543, 628.481628418, 78.9249267578, 84.8207931519, 183.555831909, 78.6588287354, 11.5440883636, 1.24348902702, 0.0364382527769, 0.000905598921236, 4.27702661909e-06, 2.49533407271e-08], "var": [0.000180654184078, 0.641081511974, 17.1197071075, 110.343215942, 966.848388672, 3768.18432617, 1614.60412598, 3456.33325195, 165.524719238, 82.4087982178, 175.482467651, 236.525314331, 188.821609497, 754.364135742, 56.8953361511, 49.2914161682, 24.8740882874, 41.2375526428, 70.2623062134, 67.3620071411, 34.4012374878, 119.575782776, 162.724655151, 398.138366699, 1167.03466797, 1829.46911621, 453.197418213, 594.225830078, 289.133148193, 142.03338623, 25.1445465088, 42.8076400757, 83.8506240845, 62.3005828857, 11.6884346008, 0.737283408642, 0.0212307460606, 0.000614704564214, 2.37897916122e-06, 8.92357654436e-09], "dmean2": [0.00384726724587, 0.0598208494484, 0.441209673882, 1.5362752676, 8.93853759766, 17.4461593628, 12.8711185455, 12.5573101044, 4.83607149124, 3.33762669563, 4.62744808197, 5.10967922211, 5.75515985489, 9.40658473969, 4.09526777267, 2.99519658089, 2.11544036865, 2.33279061317, 2.83200860023, 2.72688603401, 2.02757787704, 3.71403026581, 3.81818819046, 5.2807264328, 8.97541713715, 8.50448703766, 7.38371658325, 5.59003734589, 3.99393010139, 2.59538698196, 1.55423927307, 1.99140715599, 2.48629283905, 2.76074910164, 1.13047540188, 0.390072673559, 0.0590420626104, 0.0106358295307, 0.000684030354023, 4.54224682471e-05], "max": [0.154377087951, 9.59515857697, 49.2854957581, 101.370491028, 265.308746338, 626.55847168, 569.171691895, 948.47668457, 138.42779541, 367.749603271, 193.138626099, 356.596557617, 216.964584351, 633.522338867, 101.050849915, 106.207328796, 158.829360962, 154.848403931, 243.805023193, 293.361968994, 141.986480713, 181.077880859, 220.109512329, 950.946044922, 2010.8248291, 2555.11669922, 603.098999023, 1177.01342773, 640.96685791, 708.723999023, 180.785949707, 132.421966553, 307.672546387, 127.395446777, 101.690208435, 22.9088191986, 3.27875423431, 0.58819693327, 0.0268219523132, 0.00163006945513], "dmean": [0.00233201100491, 0.0433689393103, 0.323109209538, 1.06456923485, 6.10659122467, 12.8360586166, 9.44493770599, 8.5621213913, 3.40443253517, 2.15460348129, 3.0596101284, 3.46620702744, 3.80124354362, 6.39867925644, 2.5667424202, 1.82173478603, 1.29874408245, 1.47031605244, 1.82920634747, 1.7371108532, 1.27272570133, 2.36462330818, 2.38666176796, 3.35325670242, 5.80680990219, 5.28379297256, 4.57527256012, 3.33261585236, 2.4324491024, 1.51060509682, 0.935125470161, 1.21184360981, 1.53920757771, 1.81840896606, 0.759535014629, 0.252946555614, 0.0384401381016, 0.00707878824323, 0.00043971001287, 2.81842985714e-05]}, "dissonance": {"dvar": 0.000511866994202, "mean": 0.442913204432, "min": 0.225303456187, "median": 0.451403081417, "dvar2": 0.00133311806712, "var": 0.00153529213276, "dmean2": 0.0364068523049, "max": 0.499980509281, "dmean": 0.0220861937851}, "erbbands_flatness_db": {"dvar": 0.000314429024002, "mean": 0.168114423752, "min": 0.0304073132575, "median": 0.16243866086, "dvar2": 0.000711825385224, "var": 0.00218677823432, "dmean2": 0.0238274224102, "max": 0.328645199537, "dmean": 0.016150796786}, "melbands_kurtosis": {"dvar": 924.650146484, "mean": 35.6531295776, "min": -1.92217469215, "median": 19.0318984985, "dvar2": 1966.18432617, "var": 3716.88037109, "dmean2": 20.3593101501, "max": 1468.58850098, "dmean": 13.5809984207}, "melbands_spread": {"dvar": 235.377929688, "mean": 17.0767612457, "min": 0.370133727789, "median": 8.29490089417, "dvar2": 508.64932251, "var": 910.861206055, "dmean2": 8.87849235535, "max": 292.681732178, "dmean": 5.81744813919}, "melbands_skewness": {"dvar": 1.06109881401, "mean": 4.03585577011, "min": -3.02531147003, "median": 3.52619457245, "dvar2": 2.2361907959, "var": 7.40809011459, "dmean2": 1.28027546406, "max": 34.4369239807, "dmean": 0.859494149685}, "spectral_entropy": {"dvar": 0.0595251582563, "mean": 7.10217809677, "min": 5.01572656631, "median": 7.15708065033, "dvar2": 0.120549194515, "var": 0.475568830967, "dmean2": 0.290302395821, "max": 9.78764629364, "dmean": 0.201127663255}, "zerocrossingrate": {"dvar": 0.000339747813996, "mean": 0.0649450272322, "min": 0, "median": 0.0419921875, "dvar2": 0.000370845780708, "var": 0.00698099238798, "dmean2": 0.0133045371622, "max": 0.62451171875, "dmean": 0.0117769939825}, "average_loudness": 0.393627732992, "spectral_contrast_coeffs": {"dvar": [0.00117878068704, 0.00106989953201, 0.000828607240692, 0.000422143202741, 0.000403093115892, 0.000374313764041], "mean": [-0.544154107571, -0.708076357841, -0.766118407249, -0.82306098938, -0.806509792805, -0.79506456852], "min": [-0.958668768406, -0.994610249996, -0.971145749092, -0.971136450768, -0.983469963074, -0.955622971058], "median": [-0.53418725729, -0.710864543915, -0.767126441002, -0.825374603271, -0.811184644699, -0.797548890114], "dvar2": [0.00275614648126, 0.00267607392743, 0.00211688806303, 0.00110730098095, 0.00092520553153, 0.000855401391163], "var": [0.0168001968414, 0.00812746025622, 0.00489531317726, 0.00183925102465, 0.00268310075626, 0.00227899895981], "dmean2": [0.0643017739058, 0.0639218911529, 0.0574204586446, 0.041305065155, 0.034255810082, 0.0290969479829], "max": [-0.217722401023, -0.298609465361, -0.492588192225, -0.636384725571, -0.520257055759, -0.586196243763], "dmean": [0.0404219292104, 0.0392301641405, 0.0354570895433, 0.0249347873032, 0.0213711000979, 0.0184584781528]}, "barkbands_flatness_db": {"dvar": 0.000478923873743, "mean": 0.181788370013, "min": 0.0185663495213, "median": 0.175277963281, "dvar2": 0.00102935440373, "var": 0.00445022201166, "dmean2": 0.030830219388, "max": 0.482160151005, "dmean": 0.0210464242846}, "silence_rate_30dB": {"dvar": 0.00334505201317, "mean": 0.997623026371, "min": 0, "median": 1, "dvar2": 0.00890653673559, "var": 0.00237136613578, "dmean2": 0.00671328650787, "max": 1, "dmean": 0.00335617386736}, "spectral_energyband_high": {"dvar": 2.77086064671e-06, "mean": 0.000714315043297, "min": 7.46350122526e-21, "median": 0.000116203038488, "dvar2": 7.21981359675e-06, "var": 3.05556295643e-06, "dmean2": 0.000654153292999, "max": 0.0409962907434, "dmean": 0.000422100303695}, "melbands_flatness_db": {"dvar": 0.000763832591474, "mean": 0.272292673588, "min": 0.000699903990608, "median": 0.27170458436, "dvar2": 0.00153741962276, "var": 0.00792319886386, "dmean2": 0.0350367166102, "max": 0.551446259022, "dmean": 0.0246315635741}, "barkbands": {"dvar": [1.15660263589e-08, 1.65859333379e-07, 4.97387247833e-07, 2.35964535023e-06, 3.92588153773e-05, 9.82477649814e-06, 1.50505655938e-07, 1.61787411912e-07, 1.58612195378e-07, 1.73447290308e-07, 1.47462611011e-08, 1.19340510807e-08, 7.02028568611e-09, 1.01206136804e-08, 1.51727856945e-08, 9.23367693417e-09, 1.95422824589e-08, 4.93657523748e-08, 1.70792446852e-07, 6.78593835346e-07, 4.09579001825e-07, 3.07769198571e-07, 3.82136136068e-08, 1.44303712091e-07, 1.35639112386e-07, 9.08931951926e-09, 9.16503956061e-11], "mean": [3.25828732457e-05, 0.000673548900522, 0.00155406654812, 0.00210275524296, 0.00912740454078, 0.00265391357243, 0.000543461588677, 0.00025091128191, 0.000249636126682, 0.00043158698827, 9.65774815995e-05, 6.96863717167e-05, 4.77622961625e-05, 5.90062227275e-05, 5.83860273764e-05, 3.68603359675e-05, 7.92959690443e-05, 7.61318588047e-05, 0.000170833809534, 0.000162790107424, 0.000119776348583, 6.42663944745e-05, 4.09714848502e-05, 0.000106387778942, 0.000233739890973, 5.67264251004e-05, 1.15517814265e-05], "min": [2.79033607475e-23, 5.30592893561e-23, 3.54091640014e-23, 2.80415281574e-23, 1.01100722847e-22, 3.92240322302e-23, 4.14939163761e-23, 1.08911651188e-22, 3.44568416503e-23, 6.27096583125e-23, 1.23253836642e-22, 8.83086490708e-23, 3.53765619579e-23, 2.05430638342e-22, 1.03426827531e-22, 2.05542088611e-22, 2.08761650846e-22, 2.99018092155e-22, 5.12685170411e-22, 2.73936329094e-22, 6.83385431162e-22, 3.7974865307e-22, 5.94969900905e-22, 8.23754305652e-22, 1.06626802035e-21, 1.52767677754e-21, 2.46717300764e-21], "median": [9.84150028671e-06, 0.000100767661934, 0.000333205272909, 0.000237654108787, 0.00333263864741, 0.000709592713974, 0.000274869002169, 6.82268728269e-05, 8.16088286228e-05, 0.000154769222718, 3.03177512251e-05, 1.80589304364e-05, 1.77648817044e-05, 1.49937750393e-05, 1.4090723198e-05, 9.87727526081e-06, 2.05202359211e-05, 8.31469697005e-06, 1.70852435986e-05, 1.69865743374e-05, 1.39393878271e-05, 4.00688895752e-06, 2.56227394857e-06, 7.32803391656e-06, 2.49075637839e-05, 7.65876757214e-06, 7.1746494541e-06], "dvar2": [2.60224179982e-08, 2.94208604146e-07, 1.16697060548e-06, 5.98567203269e-06, 8.23790032882e-05, 1.9731996872e-05, 2.94247001875e-07, 3.62212034588e-07, 3.11049149104e-07, 3.46719104982e-07, 3.47654562916e-08, 3.09481471561e-08, 1.78969390419e-08, 2.22573355302e-08, 3.39206209787e-08, 2.32172183701e-08, 4.66553728984e-08, 1.26202408524e-07, 4.07505069688e-07, 1.76558296516e-06, 1.10719668101e-06, 8.38154107896e-07, 1.05513137783e-07, 3.79810387585e-07, 3.10902464662e-07, 2.26082637056e-08, 2.31482749635e-10], "var": [1.86602928665e-08, 6.70435201755e-06, 1.14869517347e-05, 3.27595917042e-05, 0.000201765084057, 3.8892536395e-05, 5.81363622132e-07, 3.20402250509e-07, 3.51678693278e-07, 6.72801775181e-07, 2.94588780037e-08, 2.45449349734e-08, 1.19371872387e-08, 2.20764153624e-08, 2.78963430134e-08, 1.31807675885e-08, 3.93132886245e-08, 7.09889036443e-08, 2.58783018126e-07, 6.54709481296e-07, 3.02627512383e-07, 2.29341210911e-07, 3.50547502137e-08, 1.87778738336e-07, 2.95173606446e-07, 1.31525954572e-08, 1.89544671625e-10], "dmean2": [5.19078930665e-05, 0.000204478797968, 0.000456299545476, 0.000848621944897, 0.00420934380963, 0.0015481292503, 0.000285019399598, 0.000211914681131, 0.000197406086954, 0.000309680035571, 9.40535610425e-05, 7.07359067746e-05, 4.61710587842e-05, 5.44456743228e-05, 5.82785287406e-05, 4.01702745876e-05, 7.04057238181e-05, 7.25751742721e-05, 0.000152577718836, 0.000178187212441, 0.000163324759342, 0.000106429914013, 5.64019828744e-05, 0.000121312325064, 0.000190526494407, 5.35828839929e-05, 6.20460195933e-06], "max": [0.00630147522315, 0.0313857533038, 0.0366025641561, 0.0726929306984, 0.133239343762, 0.0822779461741, 0.00847218092531, 0.0145701467991, 0.0178776327521, 0.0172856710851, 0.00284424051642, 0.00216446560808, 0.00287425029092, 0.00373298232444, 0.00395119329914, 0.00295514450409, 0.0031328718178, 0.0113890245557, 0.0238514244556, 0.042601749301, 0.0253107342869, 0.0252407677472, 0.00576324388385, 0.0117381419986, 0.0101081328467, 0.00270405039191, 0.000210121273994], "dmean": [3.01978398056e-05, 0.000145905753016, 0.000329430709826, 0.000565313152038, 0.0030705051031, 0.00108192069456, 0.000200116002816, 0.000136870614369, 0.00013274140656, 0.000209068981349, 5.87685644859e-05, 4.31927219324e-05, 2.83607005258e-05, 3.45535845554e-05, 3.7193447497e-05, 2.48859960266e-05, 4.49936451332e-05, 4.52781569038e-05, 9.79593532975e-05, 0.000112305860966, 9.85968872556e-05, 6.39803838567e-05, 3.39530852216e-05, 7.47245940147e-05, 0.000128320854856, 3.44973850588e-05, 4.10727625422e-06]}, "erbbands_spread": {"dvar": 179.572875977, "mean": 43.8538284302, "min": 3.04237103462, "median": 37.9819297791, "dvar2": 394.355316162, "var": 826.825317383, "dmean2": 14.9218912125, "max": 183.677505493, "dmean": 9.77841281891}, "barkbands_kurtosis": {"dvar": 766.225830078, "mean": 20.8500900269, "min": -1.94199872017, "median": 8.5985584259, "dvar2": 1545.74182129, "var": 5110.91943359, "dmean2": 12.4387769699, "max": 1649.89746094, "dmean": 8.3347492218}, "spectral_flux": {"dvar": 0.00029068737058, "mean": 0.041862308979, "min": 1.04547287494e-10, "median": 0.0372668839991, "dvar2": 0.00075989915058, "var": 0.000812315323856, "dmean2": 0.0201727878302, "max": 0.227449521422, "dmean": 0.0121851963922}, "silence_rate_20dB": {"dvar": 0, "mean": 1, "min": 1, "median": 1, "dvar2": 0, "var": 0, "dmean2": 0, "max": 1, "dmean": 0}, "gfcc": {"cov": [[29370.4863281, -88.9106216431, -1009.60406494, 912.578674316, -1255.55200195, -368.715179443, -1619.0057373, 134.938064575, -2037.3182373, -156.794815063, -624.083068848, -510.401550293, 333.595611572], [-88.9106216431, 2544.72509766, 75.0826873779, -517.620849609, 356.50958252, -227.729156494, 307.259307861, -221.780578613, 189.664520264, -229.808334351, -27.1902618408, -34.7177619934, -138.653381348], [-1009.60406494, 75.0826873779, 598.437255859, -35.2457580566, -25.9024791718, 157.232315063, 6.83176231384, -20.8595809937, 47.3612251282, 1.08384931087, 6.93003511429, -11.8153886795, -46.5863647461], [912.578674316, -517.620849609, -35.2457580566, 456.395629883, -66.7880706787, -45.5104751587, -71.2714385986, 87.6903076172, -63.3263435364, -3.62005758286, -9.05795669556, -9.68335723877, 25.6077861786], [-1255.55200195, 356.50958252, -25.9024791718, -66.7880706787, 346.274017334, -70.7354507446, 106.0522995, -9.82700920105, 59.8534126282, -43.8301696777, 1.56058526039, -27.3996543884, -40.6138381958], [-368.715179443, -227.729156494, 157.232315063, -45.5104751587, -70.7354507446, 384.934020996, 9.75677871704, -39.8132247925, 44.2318382263, 50.6316146851, -30.5904827118, -31.2905845642, -5.62853050232], [-1619.0057373, 307.259307861, 6.83176231384, -71.2714385986, 106.0522995, 9.75677871704, 283.802764893, -21.0131511688, 161.132369995, -11.6618185043, 26.7119197845, 49.1083335876, -51.1770858765], [134.938064575, -221.780578613, -20.8595809937, 87.6903076172, -9.82700920105, -39.8132247925, -21.0131511688, 217.941513062, -14.7876691818, 10.8115520477, 51.4579849243, 20.3537025452, 19.9678840637], [-2037.3182373, 189.664520264, 47.3612251282, -63.3263435364, 59.8534126282, 44.2318382263, 161.132369995, -14.7876691818, 368.785400391, -6.80684566498, 47.1665534973, 92.2819061279, -51.8738098145], [-156.794815063, -229.808334351, 1.08384931087, -3.62005758286, -43.8301696777, 50.6316146851, -11.6618185043, 10.8115520477, -6.80684566498, 185.200881958, 33.2137451172, -8.4298210144, 41.7823982239], [-624.083068848, -27.1902618408, 6.93003511429, -9.05795669556, 1.56058526039, -30.5904827118, 26.7119197845, 51.4579849243, 47.1665534973, 33.2137451172, 102.410430908, 43.5915641785, 2.34515857697], [-510.401550293, -34.7177619934, -11.8153886795, -9.68335723877, -27.3996543884, -31.2905845642, 49.1083335876, 20.3537025452, 92.2819061279, -8.4298210144, 43.5915641785, 127.79309845, 13.2006216049], [333.595611572, -138.653381348, -46.5863647461, 25.6077861786, -40.6138381958, -5.62853050232, -51.1770858765, 19.9678840637, -51.8738098145, 41.7823982239, 2.34515857697, 13.2006216049, 105.803695679]], "mean": [-91.9599533081, 83.3715667725, -70.8117904663, 9.1411781311, -57.3266944885, -9.80361557007, -42.9380378723, 5.58255815506, -45.2994194031, -0.352864921093, -21.3319950104, -3.86173677444, -4.76631116867], "icov": [[0.000146161968587, -0.000279183674138, 0.000264075089945, -0.00032776183798, 0.000446999241831, -0.000139958865475, 0.000566810369492, -0.000261696084635, 0.000560846936423, -0.000186631237739, 0.000610737712122, -0.000255803752225, 0.000223643161007], [-0.000279183674138, 0.00141268316656, -0.000712694658432, 0.00145103433169, -0.00105580885429, 0.000974485883489, -0.00172970455606, 0.000993120716885, -0.00131550186779, 0.00123393745162, -0.00124505336862, 0.00134789419826, -0.000583810731769], [0.000264075089945, -0.000712694658432, 0.00249638641253, -0.000756461988203, 0.000914541888051, -0.00124272704124, 0.00138843001332, -0.000510498473886, 0.000996764516458, -0.000402818899602, 0.00059405626962, -0.000606961839367, 0.00127888354473], [-0.00032776183798, 0.00145103433169, -0.000756461988203, 0.00408027041703, -0.000728676095605, 0.00129361683503, -0.00163266668096, -5.02309994772e-05, -0.00148238858674, 0.00132185092662, -0.000770288927015, 0.00162449118216, -0.000811192439869], [0.000446999241831, -0.00105580885429, 0.000914541888051, -0.000728676095605, 0.00538269476965, 0.000320889434079, 0.000461578689283, -0.00112427212298, 0.00117686600424, -3.06530091621e-05, 0.00169067294337, 0.00126137840562, 0.000699026044458], [-0.000139958865475, 0.000974485883489, -0.00124272704124, 0.00129361683503, 0.000320889434079, 0.00427174009383, -0.00139486568514, 0.000683247752022, -0.00153988355305, -4.30716681876e-05, 0.000713718531188, 0.00216039200313, -0.000618500693236], [0.000566810369492, -0.00172970455606, 0.00138843001332, -0.00163266668096, 0.000461578689283, -0.00139486568514, 0.00825207401067, -0.00108022836503, 0.000884963956196, -0.00175875553396, 0.00219846330583, -0.00323043158278, 0.00273372186348], [-0.000261696084635, 0.000993120716885, -0.000510498473886, -5.02309994772e-05, -0.00112427212298, 0.000683247752022, -0.00108022836503, 0.00667083449662, -0.000813140184619, 0.00115384534001, -0.00444153277203, 0.000745656085201, -0.00111163035035], [0.000560846936423, -0.00131550186779, 0.000996764516458, -0.00148238858674, 0.00117686600424, -0.00153988355305, 0.000884963956196, -0.000813140184619, 0.00691500678658, -0.00120921933558, 0.00156997912563, -0.00435357214883, 0.00263296696357], [-0.000186631237739, 0.00123393745162, -0.000402818899602, 0.00132185092662, -3.06530091621e-05, -4.30716681876e-05, -0.00175875553396, 0.00115384534001, -0.00120921933558, 0.00831482000649, -0.00429757963866, 0.0033