{"tonal": {"chords_key": "D", "hpcp_entropy": {"dmean": 0.599921703339, "dmean2": 1.00559604168, "max": 4.27542161942, "dvar": 0.316700994968, "mean": 1.7109156847, "dvar2": 0.781947791576, "min": 0, "var": 0.65784907341, "median": 1.70176398754}, "key_key": "D", "chords_strength": {"dmean": 0.01103679277, "dmean2": 0.0105470530689, "max": 0.747167646885, "dvar": 8.23853479233e-05, "mean": 0.484025627375, "dvar2": 9.49014647631e-05, "min": 0.250236570835, "var": 0.00864568911493, "median": 0.478882372379}, "key_scale": "major", "chords_number_rate": 0.00296033150516, "thpcp": [1, 0.651376664639, 0.289134711027, 0.263578474522, 0.262764424086, 0.434061914682, 0.705395877361, 0.543301522732, 0.312681823969, 0.349717527628, 0.261690765619, 0.217474266887, 0.296549379826, 0.282374590635, 0.420722723007, 0.774051845074, 0.665713489056, 0.309903025627, 0.236799612641, 0.213385134935, 0.460673242807, 0.905940294266, 0.761503875256, 0.545329153538, 0.484194666147, 0.273047745228, 0.389934837818, 0.613502681255, 0.484185785055, 0.493425935507, 0.726924538612, 0.530112683773, 0.382515728474, 0.51020014286, 0.49537178874, 0.725977540016], "key_strength": 0.64131629467, "tuning_nontempered_energy_ratio": 0.722159862518, "tuning_frequency": 437.718536377, "chords_changes_rate": 0.0777580440044, "tuning_diatonic_strength": 0.527895689011, "chords_scale": "major", "chords_histogram": [20.1302547455, 8.3283996582, 11.9794750214, 3.31557130814, 4.20367097855, 2.07223200798, 1.00651276112, 0.907835006714, 0.0197355430573, 0.256562054157, 0, 0.710479557514, 0.789421737194, 2.3880007267, 0.572330772877, 4.02605104446, 0.355239778757, 9.37438297272, 0.967041671276, 3.84843111038, 4.47996854782, 4.24314212799, 5.72330760956, 10.3019542694], "tuning_equal_tempered_deviation": 0.0852218642831, "hpcp": {"dmean": [0.125965222716, 0.110578544438, 0.0810090303421, 0.0713322609663, 0.0749885961413, 0.0853926241398, 0.0902162119746, 0.0856061577797, 0.065434359014, 0.0551216118038, 0.0518477857113, 0.0522765107453, 0.058273255825, 0.063737526536, 0.0829035937786, 0.0977860316634, 0.100433036685, 0.0787103027105, 0.0540198124945, 0.051256261766, 0.0821918994188, 0.108118608594, 0.114912703633, 0.118469662964, 0.0998050346971, 0.0697607472539, 0.0851913765073, 0.09491186589, 0.0915243700147, 0.0920594036579, 0.0885475426912, 0.0869243592024, 0.0964038670063, 0.103760875762, 0.106465056539, 0.127765744925], "dmean2": [0.219840243459, 0.19314391911, 0.148189768195, 0.131479233503, 0.138945028186, 0.154077962041, 0.158269584179, 0.151598155499, 0.116984352469, 0.0982753187418, 0.095235042274, 0.0953326076269, 0.104704901576, 0.112985268235, 0.145457774401, 0.166883558035, 0.176535248756, 0.142627775669, 0.0984198972583, 0.0920299440622, 0.145965442061, 0.184946626425, 0.199461489916, 0.213105365634, 0.181900799274, 0.126935765147, 0.152386009693, 0.165216833353, 0.160158321261, 0.165950134397, 0.154255449772, 0.153532370925, 0.174819841981, 0.184641480446, 0.18809068203, 0.22602404654], "max": [1, 1, 1, 1, 1, 1, 1, 1, 1, 1, 1, 1, 1, 1, 1, 1, 1, 1, 1, 1, 1, 1, 1, 1, 1, 1, 1, 1, 1, 1, 1, 1, 1, 1, 1, 1], "dvar": [0.0552803575993, 0.0430081635714, 0.0390941798687, 0.0338332392275, 0.0355913601816, 0.0358168780804, 0.0378116853535, 0.034144166857, 0.0251255463809, 0.0256978888065, 0.0225675497204, 0.0228309892118, 0.0254224911332, 0.0246135480702, 0.0324028395116, 0.0392678454518, 0.0414771102369, 0.0346779339015, 0.0232902728021, 0.020065555349, 0.0310817789286, 0.0444206595421, 0.0434683933854, 0.051600497216, 0.0477415025234, 0.028715826571, 0.0367704592645, 0.0425123609602, 0.0374975129962, 0.0368745326996, 0.0392399206758, 0.0340350605547, 0.0454545803368, 0.0516109727323, 0.0472873710096, 0.0543920286], "mean": [0.215639993548, 0.140462860465, 0.0623490065336, 0.0568380579352, 0.0566625185311, 0.0936011075974, 0.152111560106, 0.117157541215, 0.0674267038703, 0.0754130855203, 0.0564309954643, 0.046896148473, 0.0639479085803, 0.0608912520111, 0.0907246470451, 0.166916534305, 0.143554449081, 0.0668274834752, 0.0510634668171, 0.0460143685341, 0.0993395745754, 0.195356965065, 0.164210692048, 0.117594771087, 0.104411736131, 0.0588800124824, 0.0840855464339, 0.132295712829, 0.104409821332, 0.106402367353, 0.156754001975, 0.114313490689, 0.0824856907129, 0.110019549727, 0.106821969151, 0.156549796462], "dvar2": [0.138177722692, 0.114236302674, 0.108949124813, 0.094947449863, 0.102063179016, 0.0985315144062, 0.0939264595509, 0.091559804976, 0.0685772746801, 0.0674466490746, 0.0628456026316, 0.0626284629107, 0.0679125189781, 0.0651814341545, 0.0855814963579, 0.0974660739303, 0.107673920691, 0.0954226255417, 0.0631873980165, 0.0547360889614, 0.0833873450756, 0.107314184308, 0.110387481749, 0.138311028481, 0.125550568104, 0.0785898640752, 0.099043533206, 0.106391787529, 0.0971636474133, 0.101398698986, 0.0974443405867, 0.0913815274835, 0.122602507472, 0.127722620964, 0.120725035667, 0.142545431852], "min": [0, 0, 0, 0, 0, 0, 0, 0, 0, 0, 0, 0, 0, 0, 0, 0, 0, 0, 0, 0, 0, 0, 0, 0, 0, 0, 0, 0, 0, 0, 0, 0, 0, 0, 0, 0], "var": [0.11454153806, 0.0558440424502, 0.0307157970965, 0.0291479248554, 0.0268867760897, 0.0395435020328, 0.0834935680032, 0.0561270490289, 0.0259586088359, 0.046947170049, 0.0274132508785, 0.0198846310377, 0.0290598385036, 0.0251398850232, 0.036275524646, 0.0866127982736, 0.0703949257731, 0.0285776369274, 0.0255039166659, 0.0202228613198, 0.0379812642932, 0.10428763926, 0.0708925276995, 0.0561282709241, 0.0551615841687, 0.0244009997696, 0.0378778874874, 0.072899505496, 0.0485101342201, 0.0418427139521, 0.0922776982188, 0.0517262294888, 0.040007751435, 0.0645795539021, 0.0531218759716, 0.0706053972244], "median": [0.0342958793044, 0.0249302890152, 0.00546118011698, 0.00282676820643, 0.0032282306347, 0.00864117313176, 0.0138579644263, 0.0121037587523, 0.00578653207049, 0.00241945288144, 0.00190937938169, 0.00375694339164, 0.00530624995008, 0.00497856922448, 0.0125153679401, 0.021551091224, 0.0165252219886, 0.00622653961182, 0.00230355723761, 0.00211974955164, 0.0112817343324, 0.022568019107, 0.0260711684823, 0.00914351176471, 0.00360341742635, 0.00326165277511, 0.00726070487872, 0.0104362368584, 0.0108364960179, 0.0119978133589, 0.00951664242893, 0.00637347018346, 0.00409613456577, 0.00345540931448, 0.00614007469267, 0.0200416445732]}}, "lowlevel": {"melbands_flatness_db": {"dmean": 0.0296953208745, "dmean2": 0.0409923158586, "max": 0.615251779556, "dvar": 0.00125409220345, "mean": 0.288712054491, "dvar2": 0.00246407254599, "min": 0.00411399547011, "var": 0.00871520210057, "median": 0.284492909908}, "melbands_crest": {"dmean": 2.67812085152, "dmean2": 4.15413379669, "max": 34.2990951538, "dvar": 8.21146774292, "mean": 16.755947113, "dvar2": 19.8371582031, "min": 1.68190014362, "var": 32.7849273682, "median": 16.139831543}, "spectral_entropy": {"dmean": 0.239325404167, "dmean2": 0.327418327332, "max": 9.81647014618, "dvar": 0.0787062123418, "mean": 7.08673524857, "dvar2": 0.137979462743, "min": 3.95663833618, "var": 0.570029079914, "median": 7.10248422623}, "melbands": {"dmean": [0.00248337094672, 0.00155521731358, 0.00046998023754, 0.000366184103768, 0.000297403428704, 0.000429578096373, 0.00024278111232, 8.04469673312e-05, 9.19440208236e-05, 0.000102277379483, 7.18363735359e-05, 3.23824569932e-05, 1.60827421496e-05, 1.53074142872e-05, 1.30010803332e-05, 1.07863052108e-05, 8.94502227311e-06, 8.88229624252e-06, 7.1059257607e-06, 6.09899962001e-06, 6.28739235253e-06, 4.56685438621e-06, 4.84523661726e-06, 3.78563618142e-06, 2.18888408199e-06, 2.02342630473e-06, 2.53363396041e-06, 2.43955787482e-06, 1.93375376512e-06, 1.91546700989e-06, 2.62964931608e-06, 3.00443844026e-06, 2.55030931839e-06, 2.83519830191e-06, 2.61125910583e-06, 2.11052088162e-06, 1.35165987558e-06, 1.17935178423e-06, 1.13157830128e-06, 9.43534814724e-07], "dmean2": [0.00407683569938, 0.00270515284501, 0.000815144798253, 0.000640998070594, 0.000465003598947, 0.000658665434457, 0.000364678562619, 0.000112551657367, 0.000128557352582, 0.00013755823602, 9.65267463471e-05, 4.57814712718e-05, 2.31326757785e-05, 2.27869841183e-05, 1.97290573851e-05, 1.61798634508e-05, 1.37304605232e-05, 1.35942436827e-05, 1.11523277155e-05, 9.25832227949e-06, 9.14636075322e-06, 7.09177038516e-06, 7.58693977332e-06, 6.04900833423e-06, 3.51417907041e-06, 3.15402166962e-06, 3.89960587199e-06, 3.80602364203e-06, 2.93472817248e-06, 2.94736128126e-06, 4.11408154832e-06, 4.49977733297e-06, 3.63362232747e-06, 4.09591893913e-06, 3.82329108106e-06, 3.00618262372e-06, 1.97588769879e-06, 1.78372113169e-06, 1.74244041773e-06, 1.44888645082e-06], "max": [0.104371793568, 0.071412332356, 0.0339719951153, 0.0353392586112, 0.0109057743102, 0.0181810446084, 0.0297361202538, 0.0124599179253, 0.012319185771, 0.00953113567084, 0.00980824511498, 0.00682787969708, 0.00407140282914, 0.00461733853444, 0.00269007799216, 0.00281922356226, 0.00163214735221, 0.00120898964815, 0.00161951512564, 0.00159830669872, 0.0018937458517, 0.00102063722443, 0.000664068968035, 0.000309879513225, 0.000182657939149, 0.000138722840347, 0.000283897330519, 0.000183853509952, 0.000192628722289, 0.000183810669114, 0.000278848368907, 0.00036134981201, 0.000312428484904, 0.000349360227119, 0.000408698659157, 0.000349247566191, 0.0002314831072, 0.000131491149659, 0.000204264884815, 0.000269914366072], "dvar": [7.44990829844e-05, 3.42256353179e-05, 2.57597298514e-06, 3.46790488948e-06, 6.06027015237e-07, 1.05615367829e-06, 5.82780671721e-07, 6.51607692248e-08, 9.40696551766e-08, 8.31814261915e-08, 6.78582665614e-08, 1.69827565344e-08, 5.35343591679e-09, 5.87841686439e-09, 2.33967001328e-09, 1.79574088932e-09, 9.16430265008e-10, 8.66646143738e-10, 6.17812356829e-10, 7.66309682376e-10, 1.21708843004e-09, 3.4331015808e-10, 2.68637362355e-10, 1.2157561069e-10, 5.43333156244e-11, 3.71771016749e-11, 9.13336975494e-11, 8.27150500871e-11, 5.40255895576e-11, 6.00776997595e-11, 1.37812039558e-10, 1.50559398282e-10, 1.26879631801e-10, 1.48085169127e-10, 1.51355775135e-10, 1.22619012166e-10, 3.78348706531e-11, 2.54084756707e-11, 2.95495850011e-11, 2.35870645932e-11], "mean": [0.00389350345358, 0.00287386309355, 0.000830306438729, 0.000489529920742, 0.000583673361689, 0.00103634153493, 0.000639672623947, 0.000169772509253, 0.000175437744474, 0.00021555267449, 0.000149919957039, 5.91033676756e-05, 2.79290252365e-05, 2.6201003493e-05, 2.15551899601e-05, 1.81516024895e-05, 1.50694295371e-05, 1.38875730045e-05, 1.09943612188e-05, 9.80026288744e-06, 1.14665454021e-05, 8.73751469044e-06, 8.43747147883e-06, 5.76282536713e-06, 3.01214822684e-06, 2.81485790765e-06, 3.33815341946e-06, 3.27438851855e-06, 2.58726504399e-06, 2.46058948505e-06, 3.37660162586e-06, 4.05696664529e-06, 3.77071478397e-06, 4.01544821216e-06, 3.8481671254e-06, 3.21755419463e-06, 1.89056606814e-06, 1.47455955357e-06, 1.35918332944e-06, 1.13215992315e-06], "dvar2": [0.000205629476113, 9.81522534858e-05, 7.120936516e-06, 1.00335300885e-05, 1.56409282681e-06, 2.49222034654e-06, 1.30732473735e-06, 1.26903032083e-07, 1.87782816852e-07, 1.48087181628e-07, 1.17632311003e-07, 3.41169652529e-08, 1.14838885068e-08, 1.35170168392e-08, 4.79241224483e-09, 3.53269835607e-09, 2.01652694543e-09, 1.83993265068e-09, 1.3078421679e-09, 1.68478331286e-09, 2.23304663649e-09, 8.11084865937e-10, 6.27442375833e-10, 3.13313375244e-10, 1.40897959966e-10, 8.71270416924e-11, 2.21436827208e-10, 1.94198435111e-10, 1.20451787433e-10, 1.40631228884e-10, 3.14712700344e-10, 3.190787079e-10, 2.66382554903e-10, 3.19543391747e-10, 3.3011529621e-10, 2.48343651199e-10, 7.82976739e-11, 5.81581276193e-11, 7.25274909574e-11, 6.0743715613e-11], "min": [1.45678124924e-24, 1.92613544265e-24, 2.99363523302e-24, 1.49635208997e-24, 2.42794859991e-24, 1.67954620115e-24, 1.76325597889e-24, 2.12869954033e-24, 2.43335249433e-24, 2.92686308777e-24, 3.06101874547e-24, 3.24769163463e-24, 4.00268851613e-24, 5.50244680888e-24, 3.71364948603e-24, 4.08904827487e-24, 3.00737304847e-24, 2.16362122931e-24, 4.86619420122e-24, 3.36869875598e-24, 5.31342074763e-24, 4.2299266052e-24, 3.68978999352e-24, 6.47898403434e-24, 6.33255251767e-24, 5.15865925423e-24, 5.80141799221e-24, 8.21998427494e-24, 6.7569794062e-24, 7.88547806328e-24, 6.5741360423e-24, 6.86661371709e-24, 4.9633696374e-24, 6.69028831641e-24, 7.31680795823e-24, 5.43462094268e-24, 7.50595155975e-24, 6.35917184005e-24, 7.07350668898e-24, 6.6028162638e-24], "var": [7.46341975173e-05, 2.88492956315e-05, 2.42203418566e-06, 2.2466201699e-06, 1.13650355615e-06, 3.59620071322e-06, 3.16500199915e-06, 3.4915152014e-07, 2.67871968163e-07, 3.17490361113e-07, 2.57053130781e-07, 4.3268538974e-08, 1.13577796057e-08, 8.5045401832e-09, 5.04154229475e-09, 3.54645735001e-09, 1.75770953348e-09, 1.69646963144e-09, 1.09848807828e-09, 1.45810075125e-09, 3.93472676663e-09, 1.4741202703e-09, 7.17562398389e-10, 1.82984710717e-10, 5.86162923755e-11, 5.60417996731e-11, 1.17702347868e-10, 1.22243118406e-10, 8.77510841768e-11, 8.91803714209e-11, 2.02130617799e-10, 2.92411234115e-10, 2.71677541575e-10, 2.82427192744e-10, 3.31581345714e-10, 2.78161826905e-10, 7.20745754745e-11, 3.75380664053e-11, 3.72136384208e-11, 2.42719629118e-11], "median": [0.0014360715868, 0.00150874187239, 0.000428456667578, 0.000157078669872, 0.000164815312019, 0.0001677449618, 9.99129042611e-05, 3.00735337078e-05, 2.8337841286e-05, 2.40494027821e-05, 1.67047510331e-05, 1.13130781756e-05, 4.60201636088e-06, 5.30660236109e-06, 4.8025021897e-06, 3.5176055917e-06, 3.47857940142e-06, 3.52437768925e-06, 2.61828222392e-06, 2.12730810745e-06, 1.43907845995e-06, 1.57286137892e-06, 1.84624298072e-06, 1.75278751158e-06, 8.93424271453e-07, 6.57692339701e-07, 6.46767091439e-07, 5.05701450493e-07, 3.16915475196e-07, 2.81357984022e-07, 3.55459235379e-07, 3.63926005775e-07, 3.88132633589e-07, 3.8304480654e-07, 2.44339986466e-07, 2.11025167118e-07, 1.82520068392e-07, 1.16514286219e-07, 7.97149795062e-08, 7.391117407e-08]}, "silence_rate_60dB": {"dmean": 0.0203316230327, "dmean2": 0.040667258203, "max": 1, "dvar": 0.019916953519, "mean": 0.146748244762, "dvar2": 0.0435490682721, "min": 0, "var": 0.125216498971, "median": 0}, "spectral_energyband_middle_high": {"dmean": 0.000737485825084, "dmean2": 0.00101991044357, "max": 0.083025790751, "dvar": 3.87357113141e-06, "mean": 0.00199141493067, "dvar2": 7.3050591709e-06, "min": 1.38087645262e-21, "var": 1.432985664e-05, "median": 0.000802746508271}, "erbbands_skewness": {"dmean": 0.44498565793, "dmean2": 0.641434907913, "max": 8.25633525848, "dvar": 0.281056970358, "mean": 0.978384554386, "dvar2": 0.502478539944, "min": -5.23438882828, "var": 1.68012022972, "median": 0.963878571987}, "dynamic_complexity": 5.26092433929, "dissonance": {"dmean": 0.0264707766473, "dmean2": 0.0426340140402, "max": 0.500000059605, "dvar": 0.000689847453032, "mean": 0.425326734781, "dvar2": 0.00170194823295, "min": 0.114405184984, "var": 0.00280578737147, "median": 0.436465799809}, "spectral_skewness": {"dmean": 0.367773115635, "dmean2": 0.550246238708, "max": 11.5095920563, "dvar": 0.247285202146, "mean": 2.22127127647, "dvar2": 0.572675287724, "min": -0.306189537048, "var": 2.12884998322, "median": 1.90744543076}, "spectral_kurtosis": {"dmean": 3.65680623055, "dmean2": 5.75712108612, "max": 199.281448364, "dvar": 67.5627441406, "mean": 10.5362949371, "dvar2": 170.343444824, "min": -1.35877263546, "var": 451.585906982, "median": 4.97156572342}, "gfcc": {"cov": [[19139.4101562, -2629.27270508, -542.934875488, 1590.09423828, -151.672515869, 420.202880859, 62.3673095703, 706.545471191, 249.672912598, 268.634735107, 15.5142679214, 518.03338623, 47.273639679], [-2629.27270508, 2794.02783203, -197.603057861, -774.883239746, 307.141235352, -74.2595367432, 85.1492462158, -229.012527466, 65.2269363403, -91.6002578735, 172.564590454, -160.444442749, 79.4997329712], [-542.934875488, -197.603057861, 964.559143066, 95.6251068115, 184.511566162, 128.747634888, 160.497329712, -2.65757584572, -4.86214447021, 76.5400619507, 25.9334602356, -6.98301649094, -24.9313907623], [1590.09423828, -774.883239746, 95.6251068115, 940.736755371, 75.9684906006, 107.026153564, 10.1059646606, 176.206176758, 80.9201431274, 7.71444034576, 0.0923972055316, 46.3622589111, 4.52434825897], [-151.672515869, 307.141235352, 184.511566162, 75.9684906006, 563.075805664, 151.979568481, 154.720550537, 66.8822631836, 94.9903640747, 65.0609817505, 80.9768066406, 25.7262783051, 59.6870117188], [420.202880859, -74.2595367432, 128.747634888, 107.026153564, 151.979568481, 321.1824646, 169.370773315, 39.8393669128, 24.5533790588, 87.8538208008, 41.656627655, -6.63158416748, 11.1360492706], [62.3673095703, 85.1492462158, 160.497329712, 10.1059646606, 154.720550537, 169.370773315, 250.367523193, 40.7408409119, 25.2376251221, 60.6884498596, 56.2554664612, 2.19590067863, 6.9455499649], [706.545471191, -229.012527466, -2.65757584572, 176.206176758, 66.8822631836, 39.8393669128, 40.7408409119, 170.980865479, 72.4345397949, 32.9113960266, 7.6696267128, 44.359172821, 11.7499771118], [249.672912598, 65.2269363403, -4.86214447021, 80.9201431274, 94.9903640747, 24.5533790588, 25.2376251221, 72.4345397949, 166.338638306, 36.3182182312, 41.0871124268, 44.7968521118, 42.6902961731], [268.634735107, -91.6002578735, 76.5400619507, 7.71444034576, 65.0609817505, 87.8538208008, 60.6884498596, 32.9113960266, 36.3182182312, 128.749359131, 52.0113754272, 29.0171489716, 23.2280082703], [15.5142679214, 172.564590454, 25.9334602356, 0.0923972055316, 80.9768066406, 41.656627655, 56.2554664612, 7.6696267128, 41.0871124268, 52.0113754272, 124.277328491, 44.4603004456, 38.4082717896], [518.03338623, -160.444442749, -6.98301649094, 46.3622589111, 25.7262783051, -6.63158416748, 2.19590067863, 44.359172821, 44.7968521118, 29.0171489716, 44.4603004456, 142.103775024, 52.8575553894], [47.273639679, 79.4997329712, -24.9313907623, 4.52434825897, 59.6870117188, 11.1360492706, 6.9455499649, 11.7499771118, 42.6902961731, 23.2280082703, 38.4082717896, 52.8575553894, 107.486625671]], "mean": [-64.5171432495, 104.812744141, -79.6100769043, 24.1219863892, -58.3364562988, 11.7402553558, -35.8340950012, 7.31028318405, -15.6092967987, 3.27702236176, -11.8439731598, 2.28091859818, -9.17523288727], "icov": [[7.81506678322e-05, 7.40948917155e-06, 6.27569170319e-05, -8.56936385389e-05, 5.01456925122e-05, -9.492225945e-05, 7.54536768e-06, -0.000157602087711, 2.75409729511e-05, -0.000109857704956, 7.20613315934e-05, -0.00025132598239, 8.76853446243e-05], [7.40948917155e-06, 0.000914914999157, 0.000177422407432, 0.000621436221991, -0.000486595497932, 0.000184517441085, -0.000229398079682, 0.000585479254369, -0.000748119142372, 0.00119961902965, -0.00157590012532, 0.0014222075697, -0.000561423948966], [6.27569170319e-05, 0.000177422407432, 0.00137267599348, -0.000177309702849, -0.000393986469135, 0.000118569827464, -0.000778183399234, 0.000579791085329, 4.09169042541e-05, -0.000595799123403, 0.000116455157695, -0.000102027188404, 0.000481488241348], [-8.56936385389e-05, 0.000621436221991, -0.000177309702849, 0.00199814978987, -0.000356647273293, -0.000539914821275, 0.000551025150344, -0.000974742753897, -0.000712579581887, 0.00170837494079, -0.00135940883774, 0.00113046949264, -0.000378571101464], [5.01456925122e-05, -0.000486595497932, -0.000393986469135, -0.000356647273293, 0.00289090792648, -0.000704094476532, -0.000617070763838, -0.000904694607016, -0.000428409053711, -0.000345206266502, 0.000108224710857, -0.000469163700473, -0.000695330207236], [-9.492225945e-05, 0.000184517441085, 0.000118569827464, -0.000539914821275, -0.000704094476532, 0.00613338733092, -0.0034090008121, 0.000909416005015, 0.000178862115717, -0.0025630982127, 0.000258184183622, 0.00149591441732, -0.000513127364684], [7.54536768e-06, -0.000229398079682, -0.000778183399234, 0.000551025150344, -0.000617070763838, -0.0034090008121, 0.00787807162851, -0.0020049221348, 0.000546976574697, 0.000157908987603, -0.0019267546013, 6.20111022727e-05, 0.000775234831963], [-0.000157602087711, 0.000585479254369, 0.000579791085329, -0.000974742753897, -0.000904694607016, 0.000909416005015, -0.0020049221348, 0.0107284877449, -0.00355066987686, -0.000950449320953, 0.00126981991343, -0.000905113760382, 0.000783667492215], [2.75409729511e-05, -0.000748119142372, 4.09169042541e-05, -0.000712579581887, -0.000428409053711, 0.000178862115717, 0.000546976574697, -0.00355066987686, 0.00951836444438, -0.00183847243898, -0.000162971278769, -0.00158002926037, -0.00139500643127], [-0.000109857704956, 0.00119961902965, -0.000595799123403, 0.00170837494079, -0.000345206266502, -0.0025630982127, 0.000157908987603, -0.000950449320953, -0.00183847243898, 0.0139752039686, -0.00577962538227, 0.00147893384565, -0.00145004002843], [7.20613315934e-05, -0.00157590012532, 0.000116455157695, -0.00135940883774, 0.000108224710857, 0.000258184183622, -0.0019267546013, 0.00126981991343, -0.000162971278769, -0.00577962538227, 0.0153670497239, -0.00539100216702, -0.000409372238209], [-0.00025132598239, 0.0014222075697, -0.000102027188404, 0.00113046949264, -0.000469163700473, 0.00149591441732, 6.20111022727e-05, -0.000905113760382, -0.00158002926037, 0.00147893384565, -0.00539100216702, 0.0134323667735, -0.00518331769854], [8.76853446243e-05, -0.000561423948966, 0.000481488241348, -0.000378571101464, -0.000695330207236, -0.000513127364684, 0.000775234831963, 0.000783667492215, -0.00139500643127, -0.00145004002843, -0.000409372238209, -0.00518331769854, 0.0136739267036]]}, "spectral_complexity": {"dmean": 2.24713778496, "dmean2": 3.41901087761, "max": 60, "dvar": 14.1541852951, "mean": 10.4792261124, "dvar2": 28.4662303925, "min": 0, "var": 55.9698638916, "median": 9}, "spectral_flux": {"dmean": 0.0316113457084, "dmean2": 0.0492096319795, "max": 0.581159293652, "dvar": 0.00298373377882, "mean": 0.0705483257771, "dvar2": 0.00651380000636, "min": 6.37958227911e-11, "var": 0.00539721269161, "median": 0.0504891350865}, "spectral_energyband_low": {"dmean": 0.0102469436824, "dmean2": 0.0169833265245, "max": 0.392121523619, "dvar": 0.0012315827189, "mean": 0.018520636484, "dvar2": 0.00338113470934, "min": 1.36889581379e-23, "var": 0.0012376626255, "median": 0.00907213520259}, "spectral_decrease": {"dmean": 3.59838714381e-09, "dmean2": 5.85178261403e-09, "max": 1.16149235864e-28, "dvar": 9.508296881e-17, "mean": -8.63708837784e-09, "dvar2": 2.58138372873e-16, "min": -1.07995617782e-07, "var": 1.20707925691e-16, "median": -5.58061863387e-09}, "barkbands_spread": {"dmean": 5.38648033142, "dmean2": 7.92604446411, "max": 121.229286194, "dvar": 108.242637634, "mean": 14.982922554, "dvar2": 213.65637207, "min": 0.290458828211, "var": 341.443725586, "median": 8.66959381104}, "spectral_rms": {"dmean": 0.000900803250261, "dmean2": 0.00137390650343, "max": 0.0200897790492, "dvar": 3.06108518089e-06, "mean": 0.00493042124435, "dvar2": 7.66011635278e-06, "min": 3.11895149464e-12, "var": 8.99897986528e-06, "median": 0.00469847302884}, "spectral_centroid": {"dmean": 201.864944458, "dmean2": 288.926971436, "max": 11523.8212891, "dvar": 161186.21875, "mean": 882.793640137, "dvar2": 275073.4375, "min": 123.430015564, "var": 849621.6875, "median": 593.874145508}, "barkbands_skewness": {"dmean": 0.745195508003, "dmean2": 1.10864019394, "max": 19.2900524139, "dvar": 1.07381629944, "mean": 2.53798699379, "dvar2": 2.34947347641, "min": -4.66644859314, "var": 4.13380146027, "median": 2.17605900764}, "spectral_rolloff": {"dmean": 370.908111572, "dmean2": 619.910217285, "max": 19832.0800781, "dvar": 1286664.875, "mean": 1022.23406982, "dvar2": 2729075.5, "min": 64.599609375, "var": 3775951.25, "median": 430.6640625}, "erbbands_spread": {"dmean": 10.5478315353, "dmean2": 15.8046369553, "max": 185.713027954, "dvar": 253.713256836, "mean": 35.2394790649, "dvar2": 561.659423828, "min": 1.36692655087, "var": 593.598266602, "median": 29.4136104584}, "barkbands": {"dmean": [0.000506618525833, 0.00837301742285, 0.00199447618797, 0.000840599357616, 0.0016080995556, 0.00205712229945, 0.000887904781848, 0.000433287699707, 0.000700224016327, 0.000359530036803, 0.000118388634291, 0.000133627370815, 0.000116688199341, 0.000100251061667, 0.000102122248791, 9.28297813516e-05, 8.74781253515e-05, 8.13443330117e-05, 5.01646609337e-05, 7.5236603152e-05, 8.23487280286e-05, 0.000136568167363, 0.000147917686263, 9.98602190521e-05, 9.06656423467e-05, 5.94614866714e-05, 4.01498364226e-05], "dmean2": [0.000852837867569, 0.0138698052615, 0.00352446665056, 0.0014640718, 0.00277166184969, 0.0031513585709, 0.0013289952185, 0.000616770412307, 0.000959292810876, 0.000500861147884, 0.000174703105586, 0.000201663759071, 0.000181370036444, 0.000155367597472, 0.000160555064213, 0.000136533155455, 0.000138198403874, 0.000128582774778, 7.82539937063e-05, 0.000115166483738, 0.000124332422274, 0.000195833024918, 0.000207684322959, 0.000143636963912, 0.000136370115797, 9.33554765652e-05, 6.51631635264e-05], "max": [0.0299004167318, 0.329268753529, 0.118169754744, 0.0792384147644, 0.144838526845, 0.084557890892, 0.128037944436, 0.0544911809266, 0.0477148890495, 0.0595209151506, 0.0260722953826, 0.0325510054827, 0.0210235193372, 0.0136897275224, 0.014518561773, 0.0251193512231, 0.0189144853503, 0.00699035031721, 0.00288530252874, 0.00512528931722, 0.00720643531531, 0.0175578407943, 0.0242795906961, 0.0113345356658, 0.0197337977588, 0.00288221449591, 0.00189220369793], "dvar": [3.76432194571e-06, 0.000849589589052, 5.86952337471e-05, 9.11784354685e-06, 6.00501516601e-05, 2.16781245399e-05, 9.57406609814e-06, 2.27092868954e-06, 3.68273003915e-06, 2.0632091946e-06, 2.99229071743e-07, 3.45024915305e-07, 2.1423342389e-07, 1.10428906908e-07, 9.33154282734e-08, 2.31495249636e-07, 1.35863487571e-07, 6.23048137527e-08, 2.34891359696e-08, 7.44354125004e-08, 1.0209428325e-07, 3.05743384388e-07, 4.40505459665e-07, 1.6710816908e-07, 1.53488826982e-07, 4.06044868839e-08, 2.20900844283e-08], "mean": [0.000602223153692, 0.0134042836726, 0.00381696969271, 0.00132880092133, 0.00234038592316, 0.00492185354233, 0.00230026361533, 0.000811280915514, 0.00151199765969, 0.000662480189931, 0.000191041035578, 0.000230070378166, 0.000185424767551, 0.000161363961524, 0.000159243558301, 0.000153477289132, 0.000159732444445, 0.000129391002702, 7.03130717739e-05, 0.00010466810636, 0.000113306668936, 0.000199765141588, 0.000235289378907, 0.000139727082569, 0.000113684982352, 6.02385953243e-05, 3.34938667947e-05], "dvar2": [1.01686036942e-05, 0.00236281543039, 0.000170050901943, 2.48787491728e-05, 0.000172958432813, 5.11450743943e-05, 2.08449910133e-05, 4.50317156719e-06, 6.8322815423e-06, 3.97048233935e-06, 6.95184951383e-07, 7.92573700892e-07, 4.36487709976e-07, 2.37173665596e-07, 2.00938401917e-07, 4.52325878086e-07, 3.35530700113e-07, 1.50139541688e-07, 5.59340556094e-08, 1.73008686488e-07, 2.17944077008e-07, 6.25063819371e-07, 8.72812336183e-07, 3.39450650699e-07, 3.85639168599e-07, 9.55356611598e-08, 5.35137374413e-08], "min": [5.35059256374e-25, 4.69542711448e-24, 4.47735913901e-24, 4.74513008468e-24, 1.22512323169e-23, 1.07047107441e-23, 3.77877350363e-24, 1.11534668918e-23, 1.97538517281e-23, 2.57380069825e-23, 2.71753778161e-23, 4.27994622416e-23, 4.56726608969e-23, 3.81612188653e-23, 4.93619582468e-23, 7.56664462453e-23, 8.18848916108e-23, 1.40700549479e-22, 1.70735387149e-22, 2.54070691042e-22, 3.34911263343e-22, 4.40598429803e-22, 5.14933411369e-22, 6.53288153574e-22, 9.58125767291e-22, 1.42241632803e-21, 1.99717992919e-21], "var": [3.33134562425e-06, 0.000816825369839, 6.07583097008e-05, 8.64151570568e-06, 4.10786087741e-05, 7.19796589692e-05, 5.57664825465e-05, 9.09098071133e-06, 1.47716082211e-05, 6.10374218013e-06, 5.31756199962e-07, 6.05174022894e-07, 3.56307623406e-07, 2.12461671367e-07, 1.75420225901e-07, 5.72314206693e-07, 4.49169817784e-07, 1.25373261994e-07, 3.26350715341e-08, 1.12619595427e-07, 1.77723549655e-07, 6.78094068007e-07, 1.10173948542e-06, 3.20710910273e-07, 1.76506688376e-07, 4.44191172733e-08, 1.91945552785e-08], "median": [3.82358557545e-05, 0.0058052977547, 0.0012923773611, 0.000477397756185, 0.00076349824667, 0.000888034352101, 0.000315820798278, 0.000110907829367, 0.000166649624589, 9.81370249065e-05, 2.32457750826e-05, 4.96500251757e-05, 3.33368843712e-05, 3.69954213966e-05, 4.02462574129e-05, 2.48520955211e-05, 3.13196178467e-05, 3.80965029763e-05, 1.90572100109e-05, 1.83937991096e-05, 1.47816299432e-05, 2.11462174775e-05, 1.7752405256e-05, 1.31855340442e-05, 8.5793708422e-06, 2.77917729363e-06, 2.16086988303e-07]}, "melbands_kurtosis": {"dmean": 16.2163219452, "dmean2": 25.416683197, "max": 813.44543457, "dvar": 1694.73962402, "mean": 30.3990650177, "dvar2": 4132.78027344, "min": -1.92073476315, "var": 2653.29467773, "median": 14.1871166229}, "erbbands_crest": {"dmean": 2.61611771584, "dmean2": 4.02512264252, "max": 31.530374527, "dvar": 7.43535041809, "mean": 11.7877664566, "dvar2": 16.3908081055, "min": 2.12135767937, "var": 35.5542373657, "median": 10.4172716141}, "melbands_skewness": {"dmean": 0.976436555386, "dmean2": 1.46794140339, "max": 22.7835578918, "dvar": 2.2335293293, "mean": 3.36042809486, "dvar2": 5.00990390778, "min": -2.37346482277, "var": 6.526450634, "median": 2.81577205658}, "spectral_energyband_middle_low": {"dmean": 0.00486322911456, "dmean2": 0.00769971590489, "max": 0.243307352066, "dvar": 0.000145325262565, "mean": 0.0134861264378, "dvar2": 0.00038999519893, "min": 1.26881082193e-22, "var": 0.000267549592536, "median": 0.00791721604764}, "spectral_contrast_coeffs": {"dmean": [0.0425328165293, 0.0440647378564, 0.036181550473, 0.0294391736388, 0.0233311671764, 0.0184216406196], "dmean2": [0.0702709630132, 0.0686439648271, 0.0549020431936, 0.0463098138571, 0.0362623594701, 0.0276358909905], "max": [-0.260503023863, -0.297421962023, -0.398665726185, -0.492295831442, -0.525467991829, -0.616852939129], "dvar": [0.00163989677094, 0.00192644074559, 0.00103093311191, 0.0006402451545, 0.000437376846094, 0.000297912425594], "mean": [-0.652974307537, -0.662016093731, -0.735804617405, -0.774998486042, -0.797357439995, -0.795198559761], "dvar2": [0.00418774783611, 0.00398405874148, 0.00218338356353, 0.00140780536458, 0.000924261228647, 0.000629313988611], "min": [-0.969832122326, -0.980659842491, -0.983102560043, -0.970745265484, -0.967126071453, -0.964426040649], "var": [0.010943534784, 0.0117765124887, 0.00641145370901, 0.00345640000887, 0.00321091990918, 0.00200477987528], "median": [-0.675215959549, -0.677631616592, -0.743945538998, -0.777085185051, -0.801162242889, -0.795127987862]}, "spectral_contrast_valleys": {"dmean": [0.381319910288, 0.33439129591, 0.315631240606, 0.311036527157, 0.328121930361, 0.39813414216], "dmean2": [0.622680306435, 0.53679895401, 0.492432773113, 0.462368160486, 0.448310047388, 0.494583129883], "max": [-4.78284072876, -4.73357772827, -5.12004852295, -5.90608072281, -5.49126720428, -7.13978815079], "dvar": [0.160001397133, 0.119209527969, 0.105778574944, 0.113380476832, 0.155994400382, 0.226656883955], "mean": [-7.58518409729, -7.40009880066, -8.32287406921, -8.85382080078, -8.80515670776, -10.7732868195], "dvar2": [0.350496143103, 0.260667949915, 0.217629492283, 0.218557596207, 0.284609377384, 0.369161248207], "min": [-27.7216014862, -27.60754776, -28.0330295563, -27.4745025635, -27.5791244507, -27.3521404266], "var": [3.03351855278, 1.83029520512, 1.89393544197, 2.22558927536, 2.73666262627, 3.05052185059], "median": [-7.04076910019, -7.28885126114, -8.20500850677, -8.64463806152, -8.46249008179, -10.5332431793]}, "silence_rate_20dB": {"dmean": 0, "dmean2": 0, "max": 1, "dvar": 0, "mean": 1, "dvar2": 0, "min": 1, "var": 0, "median": 1}, "silence_rate_30dB": {"dmean": 0.0454007089138, "dmean2": 0.0908103808761, "max": 1, "dvar": 0.0433425530791, "mean": 0.942563891411, "dvar2": 0.0955885499716, "min": 0, "var": 0.0541354902089, "median": 1}, "spectral_strongpeak": {"dmean": 0.372657686472, "dmean2": 0.618203878403, "max": 12.7773199081, "dvar": 0.517888426781, "mean": 0.883738577366, "dvar2": 1.24149417877, "min": 0, "var": 1.28435516357, "median": 0.423280209303}, "spectral_spread": {"dmean": 886691, "dmean2": 1234435.75, "max": 42362868, "dvar": 1589706489860.0, "mean": 5092198.5, "dvar2": 2976327139330.0, "min": 441447.09375, "var": 7140641603580.0, "median": 4756705}, "barkbands_flatness_db": {"dmean": 0.025880491361, "dmean2": 0.0363700985909, "max": 0.491150438786, "dvar": 0.000851694610901, "mean": 0.201030641794, "dvar2": 0.00173216452822, "min": 0.0183286126703, "var": 0.00579715939239, "median": 0.194117590785}, "pitch_salience": {"dmean": 0.0584661960602, "dmean2": 0.0917514115572, "max": 0.913695812225, "dvar": 0.00424464419484, "mean": 0.479335337877, "dvar2": 0.0100728841498, "min": 0.0637736320496, "var": 0.0168009120971, "median": 0.478384047747}, "erbbands_kurtosis": {"dmean": 1.90587949753, "dmean2": 2.89343738556, "max": 99.8845672607, "dvar": 10.2043390274, "mean": 3.28426003456, "dvar2": 23.0368938446, "min": -1.8702596426, "var": 42.2863922119, "median": 1.21568918228}, "average_loudness": 0.597053229809, "barkbands_crest": {"dmean": 2.35928845406, "dmean2": 3.73763275146, "max": 26.1561717987, "dvar": 6.46645736694, "mean": 13.2132701874, "dvar2": 15.9890928268, "min": 2.48968553543, "var": 22.5951595306, "median": 12.5891036987}, "hfc": {"dmean": 7.43861246109, "dmean2": 10.6994457245, "max": 335.307800293, "dvar": 359.345428467, "mean": 17.0064926147, "dvar2": 777.596557617, "min": 1.07710880095e-16, "var": 755.985656738, "median": 8.33254718781}, "barkbands_kurtosis": {"dmean": 7.58995342255, "dmean2": 11.8097381592, "max": 601.140197754, "dvar": 311.728088379, "mean": 15.4365873337, "dvar2": 716.599365234, "min": -1.95040774345, "var": 726.060913086, "median": 7.65338897705}, "erbbands": {"dmean": [0.293006122112, 1.7223534584, 2.38094878197, 2.61809849739, 3.85596060753, 6.10630178452, 8.93951034546, 19.9846134186, 17.330537796, 7.4282913208, 10.7358036041, 15.6801166534, 14.4643669128, 7.33266496658, 4.47158193588, 5.16786050797, 5.0065870285, 4.59221076965, 5.12999868393, 4.61956119537, 4.94984388351, 4.08731794357, 4.28153371811, 2.76482248306, 2.93490624428, 3.55848693848, 2.91221857071, 4.00770282745, 4.89138364792, 4.74629163742, 4.18224000931, 2.44195914268, 1.64333248138, 1.14207196236, 0.566485881805, 0.284448057413, 0.102110274136, 0.0357912965119, 0.00816279370338, 0.000294379453408], "dmean2": [0.477459102869, 2.91295099258, 4.23597240448, 4.53104305267, 6.70438337326, 10.6221380234, 13.6631135941, 30.5558643341, 26.023525238, 10.4014253616, 15.0325393677, 21.2562084198, 19.325050354, 10.3917837143, 6.29346752167, 7.73553562164, 7.59838294983, 6.95240068436, 7.84980964661, 7.07326602936, 7.12188148499, 6.27754020691, 6.63149309158, 4.36506557465, 4.51329517365, 5.48349380493, 4.34011936188, 6.03092241287, 7.12662172318, 6.79299449921, 5.89719772339, 3.42577552795, 2.4470949173, 1.73456120491, 0.850814461708, 0.442795336246, 0.160246789455, 0.0571963563561, 0.0132546098903, 0.000480500108097], "max": [12.6694946289, 70.7788009644, 120.906616211, 233.088424683, 271.154296875, 623.401245117, 362.211486816, 887.925354004, 2299.07226562, 1215.38085938, 1473.67565918, 1473.74353027, 1862.88830566, 1469.43359375, 1251.16992188, 1192.7677002, 884.761352539, 746.514221191, 589.134399414, 560.645751953, 1687.64709473, 879.909790039, 472.856781006, 198.338424683, 265.813140869, 255.543441772, 250.888916016, 396.091644287, 565.013427734, 611.251953125, 673.244873047, 344.084991455, 180.908950806, 298.275115967, 78.2057876587, 15.1962747574, 5.02705144882, 1.63189828396, 0.407798200846, 0.020193759352], "dvar": [1.04900622368, 37.6354751587, 89.561668396, 96.6559829712, 249.973403931, 985.696105957, 457.144927979, 2391.0871582, 3153.50976562, 551.395751953, 1361.41296387, 1970.71240234, 2692.32666016, 769.168762207, 406.94744873, 385.162353516, 366.309265137, 214.152984619, 242.298950195, 245.439102173, 728.411193848, 253.3565979, 161.326370239, 78.9747619629, 86.8970489502, 172.74559021, 117.151191711, 281.874267578, 384.774627686, 421.048248291, 389.380340576, 128.886138916, 47.2474861145, 32.5425682068, 4.33580112457, 0.893543124199, 0.122342139482, 0.0158502813429, 0.000917279860005, 1.25512860905e-06], "mean": [0.455084353685, 2.72156190872, 4.6615114212, 4.58902645111, 5.48612546921, 8.24499320984, 18.2926521301, 46.9105911255, 44.9929084778, 17.1345252991, 20.8460121155, 32.9149894714, 30.5178184509, 14.2705173492, 8.45478820801, 9.6331205368, 8.79698562622, 8.40682411194, 8.66439056396, 7.74703788757, 9.49597930908, 8.4705953598, 7.60548067093, 4.18327522278, 4.21081018448, 4.97806787491, 4.0810379982, 5.42236042023, 7.00917959213, 7.20463609695, 6.58167314529, 3.7051923275, 2.13301515579, 1.40792179108, 0.704898357391, 0.306857168674, 0.0995323210955, 0.0317663066089, 0.00676566036418, 0.000266722112428], "dvar2": [2.86229467392, 106.592460632, 260.886535645, 264.183990479, 716.395690918, 2844.2019043, 1076.67541504, 5634.49707031, 7035.66943359, 1055.93847656, 2661.19873047, 3572.89550781, 4703.32714844, 1558.64550781, 802.41192627, 771.446716309, 801.886291504, 463.688171387, 510.918334961, 553.310791016, 1371.58618164, 602.48223877, 368.47567749, 202.373809814, 199.497619629, 403.853546143, 251.489715576, 607.919616699, 779.130554199, 864.278259277, 796.219787598, 260.18939209, 104.824378967, 81.9840087891, 10.4380378723, 2.08951497078, 0.289181917906, 0.0379790998995, 0.00223450083286, 3.10485279442e-06], "min": [8.7984250534e-23, 9.98547858355e-22, 4.67517271946e-21, 1.33300632311e-20, 1.78867015343e-20, 3.24239613602e-20, 6.72126188341e-20, 7.00471212241e-20, 1.21928012028e-19, 1.83486030657e-19, 2.40138338341e-19, 4.8147825992e-19, 6.11919007351e-19, 9.25717675843e-19, 1.46789041661e-18, 2.57068667868e-18, 2.40511117624e-18, 2.21105915403e-18, 2.41654384628e-18, 5.13285422424e-18, 4.69887102073e-18, 4.79837464457e-18, 6.07426889298e-18, 8.5202374148e-18, 7.21247479252e-18, 1.27453610056e-17, 1.14323681203e-17, 1.40772309797e-17, 1.31158932523e-17, 1.28135016629e-17, 1.48194187843e-17, 1.30942988752e-17, 9.81317778768e-18, 8.20066611131e-18, 6.50105686593e-18, 4.7576186286e-18, 2.6307637726e-18, 1.01487937067e-18, 2.55551737532e-19, 2.67591732626e-20], "var": [1.11483824253, 32.686340332, 80.0102844238, 91.921333313, 177.424591064, 662.622375488, 1173.98217773, 7969.51660156, 15974.3046875, 3065.91796875, 4182.34619141, 7097.79931641, 10042.4882812, 1953.03442383, 909.42980957, 912.773803711, 645.015319824, 474.525817871, 501.921539307, 523.985412598, 2239.87133789, 1005.63458252, 423.479125977, 94.3844451904, 134.025726318, 256.509307861, 203.80506897, 470.523620605, 842.719055176, 906.142822266, 960.603942871, 277.503662109, 74.7989501953, 36.6607627869, 5.49063634872, 1.08950650692, 0.126869469881, 0.0146068213508, 0.000789263634942, 1.04909997845e-06], "median": [0.128084629774, 1.3154129982, 2.03295755386, 2.08280515671, 2.02916502953, 2.33938550949, 4.81173610687, 7.16928911209, 7.43903207779, 3.63624978065, 4.11964130402, 4.56030607224, 3.9270131588, 3.10933065414, 1.74461781979, 2.35252809525, 1.86999487877, 2.12748098373, 2.46165633202, 1.9364606142, 1.59917056561, 1.80293655396, 2.25160455704, 1.40095460415, 1.04130935669, 0.905867815018, 0.558223724365, 0.630992114544, 0.695565760136, 0.728965222836, 0.450177401304, 0.336173564196, 0.16883072257, 0.0950314104557, 0.0557855628431, 0.0170753914863, 0.00404907157645, 0.000674358685501, 5.80791565881e-05, 3.52250026481e-05]}, "spectral_energy": {"dmean": 0.0140929678455, "dmean2": 0.0228251535445, "max": 0.41368919611, "dvar": 0.00140921550337, "mean": 0.034140765667, "dvar2": 0.00381921418011, "min": 9.97105563136e-21, "var": 0.00181164673995, "median": 0.0226275399327}, "zerocrossingrate": {"dmean": 0.0116771599278, "dmean2": 0.0132448999211, "max": 0.52197265625, "dvar": 0.000355544354534, "mean": 0.0458781979978, "dvar2": 0.000369629153283, "min": 0.001953125, "var": 0.0027847471647, "median": 0.029296875}, "spectral_energyband_high": {"dmean": 0.000613989424892, "dmean2":