{"lowlevel": {"spectral_strongpeak": {"max": 15.9288921356, "dmean": 0.578587293625, "dvar2": 2.43891167641, "dmean2": 0.957210600376, "var": 1.89413356781, "median": 0.884654283524, "min": 0, "dvar": 0.963350832462, "mean": 1.20520412922}, "barkbands_flatness_db": {"max": 0.577229142189, "dmean": 0.0223448034376, "dvar2": 0.00110997841693, "dmean2": 0.0356468521059, "var": 0.00660566380247, "median": 0.177738949656, "min": 0.0304109249264, "dvar": 0.000466738740215, "mean": 0.19772516191}, "barkbands_skewness": {"max": 15.106549263, "dmean": 0.509229779243, "dvar2": 0.930827260017, "dmean2": 0.81777536869, "var": 1.34593069553, "median": 0.731894791126, "min": -6.17390155792, "dvar": 0.376420110464, "mean": 0.782086849213}, "spectral_energyband_middle_high": {"max": 0.25175717473, "dmean": 0.00344622693956, "dvar2": 0.000230771925999, "dmean2": 0.00560002308339, "var": 0.000154456545715, "median": 0.00291859870777, "min": 1.85713679746e-21, "dvar": 9.03740365175e-05, "mean": 0.00715259974822}, "erbbands_kurtosis": {"max": 120.794586182, "dmean": 1.8488099575, "dvar2": 41.9546432495, "dmean2": 3.08681845665, "var": 28.231464386, "median": 0.73813533783, "min": -1.62933290005, "dvar": 16.4176521301, "mean": 2.17495584488}, "erbbands_crest": {"max": 31.5191364288, "dmean": 2.97237038612, "dvar2": 21.9101028442, "dmean2": 4.90719127655, "var": 28.4111423492, "median": 10.2091464996, "min": 2.90305423737, "dvar": 8.75704574585, "mean": 11.5124502182}, "dynamic_complexity": 7.72737407684, "barkbands_crest": {"max": 26.8732700348, "dmean": 2.74916815758, "dvar2": 16.5846004486, "dmean2": 4.52370166779, "var": 29.6256771088, "median": 9.24753856659, "min": 2.60617017746, "dvar": 6.58104419708, "mean": 10.8815517426}, "dissonance": {"max": 0.500000059605, "dmean": 0.0311986338347, "dvar2": 0.0034890177194, "dmean2": 0.0531979128718, "var": 0.00348727614619, "median": 0.457919061184, "min": 0.0977930277586, "dvar": 0.00122177356388, "mean": 0.439673542976}, "spectral_energyband_low": {"max": 0.0861679166555, "dmean": 0.000914123025723, "dvar2": 2.32330403378e-05, "dmean2": 0.00150823313743, "var": 2.60734341282e-05, "median": 0.000257263513049, "min": 6.46522503798e-23, "dvar": 8.77914681041e-06, "mean": 0.00189911748748}, "spectral_contrast_coeffs": {"max": [-0.366314798594, -0.38015460968, -0.483958750963, -0.556887447834, -0.603010952473, -0.626012861729], "dmean": [0.0455838553607, 0.0465929023921, 0.0375993512571, 0.0291086621583, 0.0211799219251, 0.0168093461543], "dvar2": [0.00370514881797, 0.00370725197718, 0.00274388561957, 0.00173386896495, 0.000862482585944, 0.00070583622437], "dmean2": [0.0766336098313, 0.0766170620918, 0.0632554814219, 0.0482491143048, 0.0351798050106, 0.0276309996843], "var": [0.00739549286664, 0.00918009597808, 0.00467251846567, 0.00309223937802, 0.00241537042893, 0.00553631875664], "median": [-0.692091524601, -0.713874697685, -0.768056571484, -0.791823208332, -0.777422904968, -0.803573846817], "min": [-0.970297992229, -0.955725371838, -0.964437782764, -0.958004355431, -0.962378382683, -0.95675265789], "dvar": [0.00129302986898, 0.00139951601159, 0.000998815754429, 0.00064874481177, 0.000324091553921, 0.000264663947746], "mean": [-0.689185142517, -0.706773877144, -0.7636936903, -0.784369468689, -0.778526902199, -0.784425854683]}, "silence_rate_60dB": {"max": 1, "dmean": 0.0259647872299, "dvar2": 0.0583005324006, "dmean2": 0.0519341938198, "var": 0.219551339746, "median": 0, "min": 0, "dvar": 0.0252886470407, "mean": 0.325597941875}, "mfcc": {"icov": [[0.000141391006764, -1.08433860078e-05, 0.000359539058991, -0.000152233973495, 0.000148501276271, -0.000437404873082, 0.000290314666927, -0.000134592177346, 0.000320824299706, -0.000293909484753, 0.000356792617822, -0.000270529766567, 0.000155946327141], [-1.08433860078e-05, 0.000864562753122, 0.000242673282628, 0.000247278803727, -0.000727359671146, 0.000890082621481, -0.000541940389667, -0.000154533336172, -0.00049082771875, 0.000467465317342, -0.000467400765046, 0.000719640753232, -8.96481142263e-05], [0.000359539058991, 0.000242673282628, 0.00252447440289, -0.00011801943765, -0.00147078547161, -0.000773241103161, 0.000806824187748, -0.000349167647073, 0.000745108351111, -0.000740744639188, 0.000290781114018, -1.21408111227e-05, -0.000896396348253], [-0.000152233973495, 0.000247278803727, -0.00011801943765, 0.00266452273354, -0.0002455249778, -0.000758306996431, -0.000237336294958, 0.00134212907869, -0.0005749957636, -0.000779678521212, 0.000253184116445, 0.000785086071119, 0.000984073616564], [0.000148501276271, -0.000727359671146, -0.00147078547161, -0.0002455249778, 0.00835662614554, -0.00259009655565, -0.00121861149091, 0.00060680223396, 0.000952068832703, 0.000957328127697, -0.0017516980879, 0.000775475346018, 0.00184872583486], [-0.000437404873082, 0.000890082621481, -0.000773241103161, -0.000758306996431, -0.00259009655565, 0.0100606884807, -0.00416103983298, -0.00241808383726, 0.000265868089627, -0.00236348970793, 0.00126286363229, -0.000694807327818, -0.000149045867147], [0.000290314666927, -0.000541940389667, 0.000806824187748, -0.000237336294958, -0.00121861149091, -0.00416103983298, 0.0113332718611, -0.00307202083059, -0.000646391825285, 0.000895209610462, -0.000981306191534, 0.0012370259501, 0.0026365830563], [-0.000134592177346, -0.000154533336172, -0.000349167647073, 0.00134212907869, 0.00060680223396, -0.00241808383726, -0.00307202083059, 0.0122479684651, -0.0043202736415, 0.000399227137677, -0.000188402540516, -0.000393300462747, -0.000849141797516], [0.000320824299706, -0.00049082771875, 0.000745108351111, -0.0005749957636, 0.000952068832703, 0.000265868089627, -0.000646391825285, -0.0043202736415, 0.0136246625334, -0.00802477728575, 0.00448983348906, -0.00447547342628, -0.00101497315336], [-0.000293909484753, 0.000467465317342, -0.000740744639188, -0.000779678521212, 0.000957328127697, -0.00236348970793, 0.000895209610462, 0.000399227137677, -0.00802477728575, 0.022410063073, -0.0110942935571, 0.00377694889903, -0.00163557822816], [0.000356792617822, -0.000467400765046, 0.000290781114018, 0.000253184116445, -0.0017516980879, 0.00126286363229, -0.000981306191534, -0.000188402540516, 0.00448983348906, -0.0110942935571, 0.0228678379208, -0.00980978272855, 0.00271592196077], [-0.000270529766567, 0.000719640753232, -1.21408111227e-05, 0.000785086071119, 0.000775475346018, -0.000694807327818, 0.0012370259501, -0.000393300462747, -0.00447547342628, 0.00377694889903, -0.00980978272855, 0.0215716827661, -0.00957117695361], [0.000155946327141, -8.96481142263e-05, -0.000896396348253, 0.000984073616564, 0.00184872583486, -0.000149045867147, 0.0026365830563, -0.000849141797516, -0.00101497315336, -0.00163557822816, 0.00271592196077, -0.00957117695361, 0.0152852395549]], "cov": [[21321.8574219, -1077.0135498, -3032.24267578, 1475.56555176, -744.525939941, 754.337341309, -101.040977478, 64.1179122925, -98.8865814209, 158.212203979, -313.100982666, -32.1467781067, -332.411804199], [-1077.0135498, 1693.37341309, -60.351940155, -218.085235596, 149.758666992, -158.076019287, 103.795135498, 14.4440984726, 2.23734331131, -67.9476470947, 15.5795412064, -90.7936935425, -72.0776519775], [-3032.24267578, -60.351940155, 964.931274414, -143.990768433, 207.680664062, -8.76450538635, 9.10033893585, 2.63425374031, -7.8419919014, 4.70925140381, 53.9611816406, 14.330327034, 69.1813735962], [1475.56555176, -218.085235596, -143.990768433, 610.25567627, 24.6467151642, 138.232315063, 44.554019928, -42.2337760925, -28.735906601, 29.461894989, -34.8251113892, -74.123046875, -114.712341309], [-744.525939941, 149.758666992, 207.680664062, 24.6467151642, 240.778305054, 57.3999633789, 78.9629440308, -2.5605661869, -37.809841156, -13.8427009583, 16.0399608612, -52.5863075256, -63.02784729], [754.337341309, -158.076019287, -8.76450538635, 138.232315063, 57.3999633789, 228.318130493, 88.9219055176, 55.7309608459, 12.6757793427, 35.5146598816, -6.33300876617, -11.8133850098, -36.6251029968], [-101.040977478, 103.795135498, 9.10033893585, 44.554019928, 78.9629440308, 88.9219055176, 169.230361938, 48.4574394226, 6.66874313354, 2.282102108, 1.5696092844, -40.4077301025, -60.7714576721], [64.1179122925, 14.4440984726, 2.63425374031, -42.2337760925, -2.5605661869, 55.7309608459, 48.4574394226, 134.955551147, 63.9629707336, 24.7930965424, 7.67498159409, 26.7587451935, 24.5879554749], [-98.8865814209, 2.23734331131, -7.8419919014, -28.735906601, -37.809841156, 12.6757793427, 6.66874313354, 63.9629707336, 147.1015625, 52.8151779175, 12.5884923935, 54.4795608521, 56.807888031], [158.212203979, -67.9476470947, 4.70925140381, 29.461894989, -13.8427009583, 35.5146598816, 2.282102108, 24.7930965424, 52.8151779175, 85.3967208862, 32.5475692749, 25.9163150787, 22.4607048035], [-313.100982666, 15.5795412064, 53.9611816406, -34.8251113892, 16.0399608612, -6.33300876617, 1.5696092844, 7.67498159409, 12.5884923935, 32.5475692749, 77.231918335, 37.415309906, 20.8704490662], [-32.1467781067, -90.7936935425, 14.330327034, -74.123046875, -52.5863075256, -11.8133850098, -40.4077301025, 26.7587451935, 54.4795608521, 25.9163150787, 37.415309906, 122.673797607, 96.6669921875], [-332.411804199, -72.0776519775, 69.1813735962, -114.712341309, -63.02784729, -36.6251029968, -60.7714576721, 24.5879554749, 56.807888031, 22.4607048035, 20.8704490662, 96.6669921875, 161.945465088]], "mean": [-758.379943848, 165.137771606, -23.9609069824, -6.60345411301, -9.63687515259, -4.33820533752, -2.10021305084, 3.11360049248, -4.6549987793, -1.8932107687, 0.640533328056, 4.45350313187, 4.83391237259]}, "melbands_spread": {"max": 159.45803833, "dmean": 4.2211561203, "dvar2": 52.523765564, "dmean2": 6.87373399734, "var": 197.399154663, "median": 15.3816204071, "min": 0.262995243073, "dvar": 20.6579608917, "mean": 17.7752189636}, "barkbands_kurtosis": {"max": 962.927490234, "dmean": 3.35531115532, "dvar2": 708.278686523, "dmean2": 5.69099998474, "var": 253.111114502, "median": 1.18274354935, "min": -1.80683803558, "dvar": 259.293457031, "mean": 3.8436498642}, "spectral_energyband_high": {"max": 0.00366418925114, "dmean": 0.000100132019725, "dvar2": 1.78954806529e-07, "dmean2": 0.000165171572007, "var": 1.86438029459e-07, "median": 1.07288578874e-05, "min": 7.73460482426e-21, "dvar": 6.08737877883e-08, "mean": 0.000207090866752}, "hfc": {"max": 358.038391113, "dmean": 4.96293497086, "dvar2": 380.190185547, "dmean2": 7.94143724442, "var": 425.318359375, "median": 6.85618019104, "min": 1.16473052122e-16, "dvar": 149.244247437, "mean": 14.6396665573}, "spectral_skewness": {"max": 10.495716095, "dmean": 0.450719356537, "dvar2": 0.704119324684, "dmean2": 0.760529100895, "var": 2.36430072784, "median": 2.57513284683, "min": -0.0227751750499, "dvar": 0.257859438658, "mean": 2.87682819366}, "erbbands": {"max": [2.99497199059, 15.3611717224, 47.5923156738, 76.7626571655, 198.431381226, 137.236907959, 277.271942139, 335.736175537, 542.153381348, 620.556030273, 1733.59631348, 838.006103516, 1792.81164551, 4327.55322266, 1360.47631836, 6675.93115234, 1659.88452148, 945.515930176, 924.847900391, 1892.20678711, 646.455871582, 807.624755859, 370.856536865, 203.555618286, 135.137283325, 92.0057296753, 87.4635925293, 48.3066978455, 42.3342514038, 51.5564002991, 35.5852012634, 79.6594238281, 13.9548120499, 9.02894687653, 3.47903609276, 2.04482769966, 0.281617254019, 0.017636725679, 0.00450047664344, 0.00043973265565], "dmean": [0.0119177373126, 0.129670396447, 0.504715025425, 0.637811779976, 1.20332407951, 1.43987798691, 4.1419262886, 4.55116510391, 12.165189743, 21.7084617615, 23.5668907166, 9.90139007568, 12.8498620987, 24.9883232117, 32.0249404907, 101.230262756, 22.5616111755, 13.8117876053, 9.97328567505, 13.9346408844, 11.0120677948, 7.55763912201, 4.1209564209, 3.7318418026, 2.37811136246, 1.56782758236, 1.99807703495, 1.36847150326, 0.704844117165, 0.840155601501, 0.573908030987, 0.400191038847, 0.198358073831, 0.10179951787, 0.01986290887, 0.00605246936902, 0.000963943311945, 0.00011938760872, 1.26328923216e-05, 6.42877557766e-06], "dvar2": [0.0122235510498, 0.58510863781, 6.48805093765, 12.6915960312, 46.3833236694, 48.7280197144, 371.386383057, 458.038269043, 1551.49804688, 2875.51098633, 7098.01464844, 1785.00683594, 3946.92749023, 15367.6689453, 11623.9833984, 395703.96875, 14622.5986328, 3802.92333984, 1529.92565918, 6787.40869141, 2310.36254883, 2107.93383789, 217.108932495, 141.422988892, 67.3121185303, 26.6602516174, 97.5659637451, 28.5163459778, 8.92897224426, 18.0527114868, 7.74873638153, 7.15287351608, 1.48529160023, 0.479864865541, 0.0103919301182, 0.00248661614023, 5.81528765906e-05, 9.88905526356e-07, 3.83615805788e-08, 4.63778654369e-10], "dmean2": [0.0192768573761, 0.21588344872, 0.833758175373, 1.05897843838, 1.9799952507, 2.38186359406, 7.1795091629, 7.7607998848, 18.3263683319, 33.4905471802, 37.2294845581, 15.8606853485, 21.5130462646, 42.3039169312, 53.7820358276, 167.11517334, 37.4552001953, 23.8229827881, 16.2428951263, 22.8816261292, 18.2010498047, 12.5999898911, 6.75116348267, 5.95223140717, 3.89205479622, 2.53656077385, 3.37227964401, 2.22890353203, 1.15464568138, 1.39857375622, 0.925791084766, 0.69035422802, 0.354717344046, 0.177489623427, 0.0343220457435, 0.0103898076341, 0.00171574077103, 0.000216638436541, 2.29848992603e-05, 1.0270254279e-05], "var": [0.00734882522374, 0.348413646221, 6.08599424362, 15.6852273941, 36.7177810669, 34.072177887, 257.97869873, 463.337188721, 2107.07568359, 2897.26831055, 8364.16503906, 3470.15917969, 2091.19067383, 7546.38134766, 8313.82128906, 161148.71875, 6598.35986328, 1936.41552734, 1243.20251465, 4058.13330078, 1308.73291016, 952.386230469, 298.767822266, 150.988769531, 69.2484130859, 32.5037231445, 50.8478088379, 23.1774349213, 8.83327293396, 12.9718894958, 7.14507389069, 3.52043485641, 0.636492788792, 0.203371614218, 0.00684259692207, 0.0014522151323, 2.70584441751e-05, 2.38568048871e-07, 7.27752791363e-09, 6.53174625498e-10], "median": [0.00162111106329, 0.0231512673199, 0.102255277336, 0.199405267835, 0.485655665398, 0.798472702503, 1.8261244297, 2.34303283691, 3.8166539669, 20.1718387604, 11.9566526413, 5.44965744019, 8.72974681854, 18.0931911469, 21.9595890045, 15.1831064224, 7.33030796051, 6.66342020035, 5.6589179039, 3.15999555588, 2.52250146866, 2.06172847748, 1.50835573673, 1.1713026762, 0.585067808628, 0.203256264329, 0.121496520936, 0.0891152322292, 0.0428475737572, 0.0324981734157, 0.0199005454779, 0.0139647601172, 0.00781698711216, 0.00473410729319, 0.00176283379551, 0.000819306180347, 0.000242245441768, 2.7230455089e-05, 6.49461662761e-06, 1.12299721877e-05], "min": [1.34640487189e-21, 9.51455290742e-21, 5.77654108686e-21, 2.91822922384e-20, 4.32917381289e-20, 2.78557879265e-19, 2.63821992694e-19, 1.00335754607e-19, 3.62991771604e-19, 1.36087361466e-18, 1.60481538116e-18, 1.70287547143e-18, 1.63583785946e-18, 4.61354196387e-18, 4.4514236628e-18, 2.57154963486e-18, 8.60878709938e-18, 5.44646982732e-18, 1.13728359316e-17, 7.92511984156e-18, 1.24767200396e-17, 1.17245316214e-17, 1.35660184719e-17, 1.39316323026e-17, 1.26103552035e-17, 1.73829110596e-17, 1.78641812836e-17, 2.6328158009e-17, 1.5465091155e-17, 1.71050908703e-17, 1.93887777229e-17, 2.11291177553e-17, 1.92883695771e-17, 1.30682493034e-17, 9.13501955275e-18, 5.22779346545e-18, 2.51220707733e-18, 1.0876064343e-18, 3.49446223785e-19, 3.40831467285e-20], "dvar": [0.00477183330804, 0.220370933414, 2.31003046036, 4.83465147018, 18.3582115173, 17.6446609497, 119.106803894, 145.229766846, 702.663635254, 1192.79699707, 2639.63916016, 757.948608398, 1424.04736328, 5679.65869141, 4165.62451172, 155895.9375, 5574.05957031, 1284.41564941, 600.145202637, 2810.98168945, 857.765258789, 768.0703125, 85.3728866577, 57.6463088989, 24.2689037323, 10.6391801834, 32.9390182495, 10.1983528137, 3.20263409615, 6.34436273575, 2.94350862503, 2.42327904701, 0.47685995698, 0.167864471674, 0.00430095754564, 0.00108561536763, 2.35886091104e-05, 3.46053553812e-07, 1.30277895138e-08, 1.80517434334e-10], "mean": [0.0175001062453, 0.199541822076, 0.909455299377, 1.31535315514, 1.84423208237, 2.36047697067, 6.86639022827, 9.52219676971, 22.9628562927, 38.932559967, 46.445640564, 23.1626815796, 23.4599151611, 43.3442153931, 56.403629303, 116.456497192, 32.1625595093, 22.8520050049, 19.0192489624, 20.9625759125, 18.227973938, 12.3245306015, 8.97193527222, 7.44220352173, 5.24916553497, 3.38605618477, 3.10899710655, 2.40640640259, 1.41858673096, 1.34900271893, 0.99530518055, 0.587882697582, 0.242705345154, 0.121353238821, 0.0255441982299, 0.00668076099828, 0.00110195379239, 0.000122934536193, 1.68584265339e-05, 2.04158477572e-05]}, "spectral_contrast_valleys": {"max": [-5.23120880127, -4.42026472092, -4.04664850235, -5.27857351303, -5.93796682358, -8.74211978912], "dmean": [0.403448402882, 0.312586307526, 0.281194537878, 0.240024313331, 0.216178715229, 0.252235502005], "dvar2": [0.300463169813, 0.189890757203, 0.179951488972, 0.14705042541, 0.179042547941, 0.269899427891], "dmean2": [0.681714475155, 0.530381321907, 0.470935940742, 0.397399872541, 0.350672394037, 0.402788221836], "var": [2.10874056816, 2.02232098579, 2.59183549881, 2.69260525703, 3.13008189201, 1.99652481079], "median": [-8.35100460052, -6.91524982452, -7.02742671967, -7.8719420433, -8.83165073395, -12.0467214584], "min": [-27.1103744507, -27.7871952057, -26.9623603821, -27.2234592438, -27.1065979004, -27.3498783112], "dvar": [0.116184897721, 0.082013912499, 0.0827467143536, 0.0718153491616, 0.0882837846875, 0.123074941337], "mean": [-8.57406806946, -7.26193284988, -7.54365587234, -8.37603664398, -9.21969604492, -12.2127761841]}, "average_loudness": 0.144621834159, "erbbands_spread": {"max": 72.5554199219, "dmean": 3.60737991333, "dvar2": 32.8983535767, "dmean2": 5.85356807709, "var": 73.4739685059, "median": 16.5869922638, "min": 0.413835704327, "dvar": 13.1616077423, "mean": 16.4823360443}, "melbands_flatness_db": {"max": 0.654501497746, "dmean": 0.0252493396401, "dvar2": 0.00139699643478, "dmean2": 0.0399885997176, "var": 0.00992103479803, "median": 0.247418865561, "min": 0.00537485862151, "dvar": 0.000580830208492, "mean": 0.255858123302}, "barkbands_spread": {"max": 107.616363525, "dmean": 2.73565602303, "dvar2": 22.0879669189, "dmean2": 4.43696260452, "var": 87.3364105225, "median": 10.4336261749, "min": 0.0400246940553, "dvar": 8.61729335785, "mean": 11.7718992233}, "spectral_decrease": {"max": -1.05094819281e-28, "dmean": 1.29203236998e-09, "dvar2": 1.79947500889e-17, "dmean2": 2.05200567649e-09, "var": 2.61853982158e-17, "median": -2.31353780578e-09, "min": -8.80907364831e-08, "dvar": 7.01355770754e-18, "mean": -4.10496214798e-09}, "melbands_crest": {"max": 33.8712348938, "dmean": 3.22971510887, "dvar2": 20.7779254913, "dmean2": 5.43855237961, "var": 28.9216022491, "median": 11.4717435837, "min": 1.91412067413, "dvar": 7.77069425583, "mean": 12.7400169373}, "erbbands_flatness_db": {"max": 0.573378205299, "dmean": 0.0204446259886, "dvar2": 0.000966498511843, "dmean2": 0.0322995558381, "var": 0.00582778686658, "median": 0.232571512461, "min": 0.0855139121413, "dvar": 0.000403381622164, "mean": 0.253600388765}, "melbands_kurtosis": {"max": 144.913833618, "dmean": 2.78058958054, "dvar2": 66.0434799194, "dmean2": 4.60100793839, "var": 44.9020347595, "median": 2.22950267792, "min": -1.7294011116, "dvar": 26.0604553223, "mean": 3.98803043365}, "spectral_rms": {"max": 0.0188692472875, "dmean": 0.000516153173521, "dvar2": 1.24792234146e-06, "dmean2": 0.00080511282431, "var": 5.61033220947e-06, "median": 0.00303237535991, "min": 3.27013134453e-12, "dvar": 5.05758350755e-07, "mean": 0.00328638870269}, "melbands_skewness": {"max": 8.16895580292, "dmean": 0.513225793839, "dvar2": 0.632046222687, "dmean2": 0.832931041718, "var": 1.03260612488, "median": 1.05242431164, "min": -4.29115867615, "dvar": 0.244628235698, "mean": 1.04960155487}, "barkbands": {"max": [0.00341947819106, 0.0811597555876, 0.0533002912998, 0.0333350971341, 0.058392778039, 0.0479047782719, 0.0310865342617, 0.0928154438734, 0.0539365746081, 0.108485721052, 0.0472145155072, 0.143680736423, 0.0441550463438, 0.0098356185481, 0.0315910354257, 0.0396926663816, 0.0178567431867, 0.00516328774393, 0.00351969664916, 0.00175782910082, 0.00163085036911, 0.000961481651757, 0.00128317368217, 0.00212599500082, 0.000613621610682, 0.000293678196613, 2.08136025321e-05], "dmean": [1.2223673366e-05, 0.000513368868269, 0.000485780561576, 0.000277429469861, 0.000433035515016, 0.000594325072598, 0.000919814629015, 0.00156435801182, 0.000435759167885, 0.000677975360304, 0.000555871403776, 0.00238987989724, 0.000345222186297, 0.000269429350737, 0.00027356974897, 0.000150753505295, 0.000186960387509, 7.58848254918e-05, 6.87839419697e-05, 3.35943550454e-05, 4.66312812932e-05, 1.95882057596e-05, 2.40777299041e-05, 1.32899212986e-05, 7.07906656316e-06, 8.12066502931e-07, 4.95409828716e-08], "dvar2": [2.30620322839e-08, 1.1734094187e-05, 7.27244560039e-06, 2.19141770685e-06, 4.25259031545e-06, 8.57615850691e-06, 7.93507388153e-06, 2.65658272838e-05, 3.37863457389e-06, 1.19866954265e-05, 3.78999266104e-06, 0.000181501847692, 3.04123545902e-06, 8.57646057284e-07, 2.36839491663e-06, 4.01231375236e-07, 1.70283828993e-06, 6.47767564033e-08, 5.15816296343e-08, 1.22435581673e-08, 4.50253629936e-08, 6.43016928592e-09, 1.54976689259e-08, 7.13242043204e-09, 1.98838678855e-09, 4.91929205704e-11, 7.1221972547e-13], "dmean2": [2.02894952963e-05, 0.000850396696478, 0.000800885842182, 0.000470339582535, 0.000707784376573, 0.00102354283445, 0.00136926304549, 0.00245136558078, 0.000695292372257, 0.00114483886864, 0.000934124051128, 0.00396655732766, 0.000585581408814, 0.000447427097242, 0.000454395747511, 0.000243281872827, 0.000314473756589, 0.000123398116557, 0.000110825385491, 5.39957509318e-05, 7.88936304161e-05, 3.15456200042e-05, 3.9967639168e-05, 2.33548962569e-05, 1.23424915728e-05, 1.40269673921e-06, 9.28948580281e-08], "var": [1.13622551368e-08, 6.83229154674e-06, 7.33147089704e-06, 1.79827281954e-06, 3.5950615711e-06, 7.21077276467e-06, 1.09565289677e-05, 2.48969790846e-05, 7.98459495854e-06, 5.27400652572e-06, 4.01855822929e-06, 7.84391741036e-05, 1.3414296518e-06, 6.49937646813e-07, 1.25405529161e-06, 5.32848389412e-07, 5.50897652829e-07, 8.21651084948e-08, 4.81473350078e-08, 1.41355949168e-08, 2.65282409373e-08, 6.19123508017e-09, 1.25341585999e-08, 3.30076077582e-09, 8.86832940417e-10, 2.91734796043e-11, 1.31374471306e-13], "median": [1.30293176426e-06, 8.84742767084e-05, 8.94541517482e-05, 6.98795192875e-05, 0.000293092743959, 0.000257897627307, 0.000226166535867, 0.000593178556301, 0.000200966693228, 0.000376753509045, 0.000397669180529, 0.00043183361413, 0.000136326823849, 0.000125803475385, 7.62675481383e-05, 4.42679483967e-05, 3.67408356396e-05, 2.40600893449e-05, 1.71423635038e-05, 3.98581687477e-06, 2.75506181424e-06, 1.11399958769e-06, 7.17324951438e-07, 5.65126015317e-07, 3.36768295028e-07, 1.52574898493e-07, 3.04157521391e-09], "min": [4.22470923694e-23, 4.2466679691e-23, 2.55436355997e-24, 1.65315837e-23, 6.18983811358e-23, 1.18766212056e-23, 4.01931573186e-23, 8.27664278951e-23, 5.93747456803e-23, 1.09596634889e-22, 1.25111774468e-22, 4.33184348985e-23, 1.76612703816e-22, 1.60652091328e-22, 1.2057566018e-22, 2.40426073198e-22, 2.05744428278e-22, 2.31680445658e-22, 3.1317782986e-22, 3.21807690484e-22, 6.25219901965e-22, 4.39898577652e-22, 6.24541355368e-22, 1.08583106398e-21, 1.25391493185e-21, 1.35192240487e-21, 2.33594613489e-21], "dvar": [9.03865959856e-09, 4.47458523922e-06, 2.61113041233e-06, 8.7104223212e-07, 1.59751539286e-06, 2.65902303909e-06, 3.76940806746e-06, 1.0280466995e-05, 1.42884232446e-06, 4.40302392235e-06, 1.41673820053e-06, 7.04271733412e-05, 1.10462133307e-06, 3.16412808843e-07, 9.47826322317e-07, 2.08581695915e-07, 6.19231627752e-07, 2.51179823607e-08, 2.00747685142e-08, 4.95091523334e-09, 1.47529055639e-08, 2.3869628496e-09, 5.50155698775e-09, 2.35081554223e-09, 7.05044411742e-10, 2.14527545034e-11, 2.42334445696e-13], "mean": [1.49004990817e-05, 0.00077950040577, 0.000894440454431, 0.000429451494711, 0.000756408495363, 0.00112822372466, 0.00169166491833, 0.00271847681142, 0.000976777053438, 0.00104461447336, 0.00104212923907, 0.00292346160859, 0.00051271612756, 0.000465495249955, 0.000391792709706, 0.00026422762312, 0.000244953786023, 0.000160848008818, 0.000130907661514, 6.9802357757e-05, 7.47770900489e-05, 3.73234397557e-05, 4.06871113228e-05, 1.81369050551e-05, 8.3212626123e-06, 8.92122670848e-07, 3.28903659863e-08]}, "spectral_kurtosis": {"max": 158.403244019, "dmean": 6.25797080994, "dvar2": 207.845657349, "dmean2": 10.5735549927, "var": 404.840301514, "median": 12.0172433853, "min": -1.23275494576, "dvar": 77.4731674194, "mean": 18.6754112244}, "erbbands_skewness": {"max": 8.24953746796, "dmean": 0.435051381588, "dvar2": 0.56873190403, "dmean2": 0.70049238205, "var": 0.747917830944, "median": 0.530953764915, "min": -2.3470082283, "dvar": 0.228204071522, "mean": 0.565939366817}, "melbands": {"max": [0.0248391367495, 0.0178858414292, 0.0138427531347, 0.0132877724245, 0.00801115110517, 0.00796705577523, 0.00735936872661, 0.0120027856901, 0.0129610905424, 0.0049918233417, 0.00941203068942, 0.0184657927603, 0.00499802688137, 0.0143052004278, 0.0160582456738, 0.0049673714675, 0.00152980524581, 0.00173914642073, 0.00280367559753, 0.00401580007747, 0.00111158087384, 0.00115626002662, 0.000279562023934, 0.000275369093288, 0.000189839760424, 9.56377916737e-05, 8.74343604664e-05, 5.37172236363e-05, 9.02641186258e-05, 3.04553905153e-05, 2.52067893598e-05, 2.45230676228e-05, 2.49375680141e-05, 4.20538781327e-05, 2.08739838854e-05, 2.08731653402e-05, 5.7957295212e-05, 1.40022239066e-05, 1.17547269838e-05, 8.9894492703e-06], "dmean": [0.000123734891531, 0.000220545087359, 0.000122227807879, 8.40570646687e-05, 0.000125842328998, 0.000106184183096, 0.000190672828467, 0.000298607687, 0.000168735336047, 5.97087055212e-05, 6.8688103056e-05, 0.000105600644019, 8.52272933116e-05, 0.000226310381549, 0.000187464756891, 3.03888082271e-05, 2.55876839219e-05, 1.84185246326e-05, 2.4061617296e-05, 1.16184337458e-05, 1.48734970935e-05, 1.070172857e-05, 4.37332573711e-06, 3.78009053748e-06, 3.35817207997e-06, 2.22131961891e-06, 1.79547475909e-06, 8.75543150869e-07, 1.86973568361e-06, 7.84493010997e-07, 7.61738363053e-07, 4.06247323781e-07, 5.32501644557e-07, 6.09985420397e-07, 3.31832183065e-07, 2.94487790597e-07, 2.28655196111e-07, 1.60833224072e-07, 1.19305340718e-07, 8.5463661037e-08], "dvar2": [9.56688495535e-07, 1.11492295218e-06, 3.91979710912e-07, 2.20469559054e-07, 3.00916724427e-07, 2.4504302587e-07, 3.60152000667e-07, 6.76096533425e-07, 3.80587067639e-07, 6.27549212595e-08, 1.13371214638e-07, 2.8116176054e-07, 7.76847883799e-08, 1.29434488372e-06, 1.51078893396e-06, 2.9814565039e-08, 1.09008011506e-08, 5.04892883058e-09, 2.01235117459e-08, 3.71765063178e-09, 5.89919357807e-09, 5.20009635352e-09, 2.30867297502e-10, 1.99125410605e-10, 1.18135057292e-10, 5.16908529868e-11, 4.09103133314e-11, 8.1252582787e-12, 1.02780443878e-10, 7.744942708e-12, 9.94428844825e-12, 3.09601107772e-12, 5.5205579691e-12, 1.2549511777e-11, 2.49611963044e-12, 2.78262807761e-12, 3.08905939023e-12, 1.05666777411e-12, 6.5311086617e-13, 4.40708694581e-13], "dmean2": [0.000203689633054, 0.000364599283785, 0.000204676020076, 0.0001381184411, 0.000216098807869, 0.00018128110969, 0.000285270158201, 0.000463270174805, 0.00026673998218, 9.58039454417e-05, 0.000115203823952, 0.000178958900506, 0.000143289071275, 0.000377942051273, 0.00031129794661, 5.2369920013e-05, 4.38274619228e-05, 2.99483763229e-05, 3.98549309466e-05, 1.86323850357e-05, 2.47811840381e-05, 1.80069109774e-05, 7.18715091352e-06, 6.25773918728e-06, 5.36593961442e-06, 3.57946237273e-06, 2.96999951388e-06, 1.39918472541e-06, 3.20028175338e-06, 1.24951782254e-06, 1.26400925637e-06, 6.7282985583e-07, 8.55152393342e-07, 1.04627054043e-06, 5.32586682311e-07, 4.91690059334e-07, 3.99292275688e-07, 2.87298263402e-07, 2.07145291142e-07, 1.50091238993e-07], "var": [5.56804479857e-07, 1.1552306205e-06, 5.45286354736e-07, 1.71667196014e-07, 2.26729397923e-07, 2.40755042569e-07, 4.87698798679e-07, 6.01678664225e-07, 5.46012131508e-07, 1.101149536e-07, 5.81913788267e-08, 1.31239957568e-07, 6.83544385538e-08, 6.17751368281e-07, 5.68920938804e-07, 1.12361009386e-08, 6.12964390356e-09, 3.44474404557e-09, 9.68501367993e-09, 4.9670667579e-09, 2.37344677245e-09, 1.94800398035e-09, 2.09665798612e-10, 2.15165593676e-10, 1.07143842409e-10, 5.03641572891e-11, 3.53123051633e-11, 1.03848474958e-11, 4.53716265947e-11, 6.00973220841e-12, 7.1112781462e-12, 2.39269910308e-12, 3.97004521271e-12, 6.63702513087e-12, 2.11106132575e-12, 1.89060377596e-12, 1.16785574267e-12, 4.02892725692e-13, 2.71545400098e-13, 1.50837418185e-13], "median": [1.9947428882e-05, 4.86485696456e-05, 4.89556332468e-05, 4.82712457597e-05, 6.22718143859e-05, 4.71375205962e-05, 4.69953447464e-05, 0.000232463673456, 8.83232060005e-05, 2.85506666842e-05, 3.72440008505e-05, 6.91988097969e-05, 6.9458350481e-05, 5.38752537977e-05, 2.04184452741e-05, 1.24471080198e-05, 1.12394354801e-05, 9.05939941731e-06, 5.04473700857e-06, 3.20179719893e-06, 2.70662258117e-06, 2.02340129363e-06, 1.60987804065e-06, 1.06124309696e-06, 8.80569132278e-07, 5.20628645972e-07, 1.9751091429e-07, 1.10641479978e-07, 6.86341365963e-08, 6.74700544323e-08, 3.95314181389e-08, 2.1138781392e-08, 1.90518676391e-08, 1.54018362508e-08, 1.07702868846e-08, 9.200009643e-09, 7.64304797229e-09, 5.15291187497e-09, 4.52428805531e-09, 3.53131657249e-09], "min": [1.44939575595e-23, 6.15061200507e-24, 5.36058003584e-24, 9.93097703558e-24, 1.15941261712e-23, 2.33536788407e-24, 6.16769557684e-24, 1.51590398778e-23, 1.41601416011e-23, 9.09937564651e-24, 8.66176846997e-24, 1.90719729834e-23, 1.76515042836e-23, 5.61105757274e-24, 1.31708169404e-23, 1.5437231676e-23, 9.12428235187e-24, 2.19524338923e-23, 6.53682883794e-24, 1.35519866412e-23, 1.57621035295e-23, 1.32302915306e-23, 1.02037872247e-23, 1.18864756561e-23, 1.10845677803e-23, 1.34964950097e-23, 6.50499356725e-24, 1.25441048165e-23, 9.4813302639e-24, 1.44850797189e-23, 1.56536588208e-23, 8.51415366195e-24, 8.2551879817e-24, 9.67251149315e-24, 1.19666531119e-23, 1.08537746896e-23, 1.33511158335e-23, 1.27800286586e-23, 1.45080103277e-23, 9.2910380809e-24], "dvar": [3.68520517213e-07, 4.09231716958e-07, 1.58824704499e-07, 8.42123171196e-08, 9.71907496705e-08, 7.73121726638e-08, 1.66657969203e-07, 2.70339313602e-07, 1.41078700722e-07, 2.6674698006e-08, 4.08127824869e-08, 1.04011931512e-07, 2.84836669806e-08, 4.99854479585e-07, 5.88150271597e-07, 1.05003925555e-08, 3.71993036374e-09, 1.95741889364e-09, 8.00438737514e-09, 2.02949612671e-09, 2.16005080489e-09, 1.88484339247e-09, 8.66084218232e-11, 7.49877590578e-11, 4.82168367733e-11, 1.9841097515e-11, 1.52287366745e-11, 3.38274699051e-12, 3.46253928307e-11, 2.99816963791e-12, 3.41982648797e-12, 1.1160076769e-12, 2.09542713042e-12, 4.28765920338e-12, 9.68870491648e-13, 1.0258570252e-12, 1.03360278236e-12, 3.42017565528e-13, 2.32924763461e-13, 1.5283099493e-13], "mean": [0.000184735079529, 0.000413230038248, 0.000254373298958, 0.000138541377964, 0.000216018612264, 0.000218076893361, 0.000354701129254, 0.000513987906743, 0.000351734925061, 0.000129158695927, 0.000117343646707, 0.000174814689672, 0.000159377639648, 0.000298073602607, 0.0001996387291, 4.49745639344e-05, 4.16589318775e-05, 3.16502846545e-05, 3.26397930621e-05, 2.03806066565e-05, 2.15516574826e-05, 1.45787398651e-05, 8.2445130829e-06, 7.28168288333e-06, 5.96721429247e-06, 4.31599164585e-06, 3.45235980603e-06, 1.82878943633e-06, 2.50598441198e-06, 1.28542285438e-06, 1.29289298911e-06, 7.33758668048e-07, 7.95910636953e-07, 8.24886399187e-07, 5.36610855306e-07, 4.7433732675e-07, 2.94566547154e-07, 1.80952966389e-07, 1.32910415118e-07, 9.40575048958e-08]}, "spectral_centroid": {"max": 11229.6523438, "dmean": 134.136886597, "dvar2": 57825.0390625, "dmean2": 214.531265259, "var": 233519.9375, "median": 884.291015625, "min": 321.994995117, "dvar": 26340.9746094, "mean": 995.283874512}, "pitch_salience": {"max": 0.847775578499, "dmean": 0.0669419541955, "dvar2": 0.00879522506148, "dmean2": 0.111011624336, "var": 0.0154362590984, "median": 0.57720887661, "min": 0.0312674045563, "dvar": 0.00333223142661, "mean": 0.555411636829}, "gfcc": {"icov": [[0.000135122434585, -0.000290758383926, 0.000516585074365, -0.000218094006414, 0.000350515649188, -0.000319050013786, 0.000185306445928, 3.66335007129e-05, 0.000138141258503, -0.000143124183523, 0.000327433430357, -0.000190064762137, 0.000380300363759], [-0.000290758383926, 0.00282827089541, -0.00212995940819, 0.00109812174924, -0.00259801512584, 0.0020232941024, -0.000897236168385, 0.000781049544457, -0.00118076836225, 0.00242580915801, -0.00196222914383, 0.00280617806129, -0.00167182146106], [0.000516585074365, -0.00212995940819, 0.00442173983902, -0.000921389495488, 0.000763316405937, -0.00219093938358, 0.00265044555999, -0.00227850279771, 0.00127133971546, -0.00172411976382, 0.00138673267793, -0.00246640271507, 0.00231174728833], [-0.000218094006414, 0.00109812174924, -0.000921389495488, 0.00214534648694, -0.000811499776319, 0.000114383932669, -0.000434107292676, 0.00123965961393, -0.000411878980231, 5.75547392145e-06, 0.000638550613075, 0.00169660651591, -0.000441468961071], [0.000350515649188, -0.00259801512584, 0.000763316405937, -0.000811499776319, 0.00776505703107, -0.00178242952097, -0.00234475079924, 0.00036720384378, 0.00325254793279, -0.00265288539231, 0.00289610796608, -0.00170960777905, 0.00211131083779], [-0.000319050013786, 0.0020232941024, -0.00219093938358, 0.000114383932669, -0.00178242952097, 0.00565513269976, -0.00170663604513, -0.000773455773015, -0.000651923008263, 0.00275099556893, -0.00207823654637, 0.00174222781789, -0.000470183731522], [0.000185306445928, -0.000897236168385, 0.00265044555999, -0.000434107292676, -0.00234475079924, -0.00170663604513, 0.00890754722059, -0.00302450382151, -0.00262601790018, 0.00152508669998, 0.000821744324639, 8.10861965874e-05, 0.000411346467445], [3.66335007129e-05, 0.000781049544457, -0.00227850279771, 0.00123965961393, 0.00036720384378, -0.000773455773015, -0.00302450382151, 0.0137671362609, -0.00327970110811, -0.00258099334314, 0.00250735040754, -0.000740530726034, -0.000640339567326], [0.000138141258503, -0.00118076836225, 0.00127133971546, -0.000411878980231, 0.00325254793279, -0.000651923008263, -0.00262601790018, -0.00327970110811, 0.009202638641, -0.00286602368578, -0.00431042630225, 0.00177858583629, -0.00101288279984], [-0.000143124183523, 0.00242580915801, -0.00172411976382, 5.75547392145e-06, -0.00265288539231, 0.00275099556893, 0.00152508669998, -0.00258099334314, -0.00286602368578, 0.016695804894, -0.00419966084883, 0.00103777123149, 0.00155154778622], [0.000327433430357, -0.00196222914383, 0.00138673267793, 0.000638550613075, 0.00289610796608, -0.00207823654637, 0.000821744324639, 0.00250735040754, -0.00431042630225, -0.00419966084883, 0.0181529931724, -0.00718511082232, 0.000925501342863], [-0.000190064762137, 0.00280617806129, -0.00246640271507, 0.00169660651591, -0.00170960777905, 0.00174222781789, 8.10861965874e-05, -0.000740530726034, 0.00177858583629, 0.00103777123149, -0.00718511082232, 0.0203362833709, -0.00631713122129], [0.000380300363759, -0.00167182146106, 0.00231174728833, -0.000441468961071, 0.00211131083779, -0.000470183731522, 0.000411346467445, -0.000640339567326, -0.00101288279984, 0.00155154778622, 0.000925501342863, -0.00631713122129, 0.0174276400357]], "cov": [[24430.8652344, -1216.98120117, -3201.72827148, 2361.58618164, -702.98815918, 353.682739258, 138.741882324, -726.266052246, -174.206069946, -334.798950195, -474.842071533, -516.353759766, -242.861068726], [-1216.98120117, 1312.78796387, 414.601501465, -456.743682861, 323.864257812, -171.092605591, 86.5182342529, 24.2437171936, 25.9170742035, -67.9666900635, 44.9143371582, -34.1725540161, 33.7079086304], [-3201.72827148, 414.601501465, 977.782470703, -224.917709351, 206.130310059, 39.4338989258, -130.390930176, 121.284889221, -100.615005493, 54.9411964417, 15.2535905838, 71.9101257324, -27.6166629791], [2361.58618164, -456.743682861, -224.917709351, 986.570983887, -7.83484315872, 140.624526978, -4.14339780807, -111.699981689, -109.036056519, -19.928647995, -144.803482056, -105.071792603, -74.7450561523], [-702.98815918, 323.864257812, 206.130310059, -7.83484315872, 335.984649658, 26.2342090607, 57.8847198486, 2.76142597198, -107.398483276, -16.1859016418, -56.6457557678, -19.2100086212, -31.1494274139], [353.682739258, -171.092605591, 39.4338989258, 140.624526978, 26.2342090607, 300.32232666, 48.5497779846, 26.8872909546, -3.98799824715, -15.6486635208, -18.0514411926, -15.6394395828, -24.5820407867], [138.741882324, 86.5182342529, -130.390930176, -4.14339780807, 57.8847198486, 48.5497779846, 224.082427979, 39.6114997864, 88.765625, -21.3580665588, 2.36030340195, -27.6356678009, 9.84469223022], [-726.266052246, 24.2437171936, 121.284889221, -111.699981689, 2.76142597198, 26.8872909546, 39.6114997864, 133.424957275, 70.6898422241, 31.8312072754, 24.6497859955, 20.8913497925, 11.1527528763], [-174.206069946, 25.9170742035, -100.615005493, -109.036056519, -107.398483276, -3.98799824715, 88.765625, 70.6898422241, 270.114990234, 36.5490341187, 92.8471755981, 4.82016324997, 39.5392036438], [-334.798950195, -67.9666900635, 54.9411964417, -19.928647995, -16.1859016418, -15.6486635208, -21.3580665588, 31.8312072754, 36.5490341187, 92.6338729858, 29.5183849335, 16.607717514, -5.46489048004], [-474.842071533, 44.9143371582, 15.2535905838, -144.803482056, -56.6457557678, -18.0514411926, 2.36030340195, 24.6497859955, 92.8471755981, 29.5183849335, 120.161560059, 42.4916496277, 27.9937534332], [-516.353759766, -34.1725540161, 71.9101257324, -105.071792603, -19.2100086212, -15.6394395828, -27.6356678009, 20.8913497925, 4.82016324997, 16.607717514, 42.4916496277, 89.6339035034, 28.1497116089], [-242.861068726, 33.7079086304, -27.6166629791, -74.7450561523, -31.1494274139, -24.5820407867, 9.84469223022, 11.1527528763, 39.5392036438, -5.46489048004, 27.9937534332, 28.1497116089, 82.4726486206]], "mean": [-131.527069092, 139.635742188, -146.576507568, -7.51566457748, -58.2778625488, 5.85725498199, -30.8177490234, 7.01272964478, -17.9470233917, -0.956764161587, -4.09706878662, -0.757301151752, -7.91247749329]}, "spectral_flux": {"max": 0.455828815699, "dmean": 0.0134123060852, "dvar2": 0.00100755062886, "dmean2": 0.0222764629871, "var": 0.00218213326298, "median": 0.0475573502481, "min": 1.04695287162e-10, "dvar": 0.00041268102359, "mean": 0.0557029061019}, "zerocrossingrate": {"max": 0.48388671875, "dmean": 0.00450785271823, "dvar2": 4.5070250053e-05, "dmean2": 0.00594131229445, "var": 0.000655840965919, "median": 0.04052734375, "min": 0.009765625, "dvar": 3.47488894477e-05, "mean": 0.0443636104465}, "spectral_energyband_middle_low": {"max": 0.152129918337, "dmean": 0.00279117631726, "dvar2": 5.53058744117e-05, "dmean2": 0.00435062218457, "var": 0.000104806313175, "median": 0.00458483677357, "min": 2.76919283545e-22, "dvar": 2.1128111257e-05, "mean": 0.00788639113307}, "silence_rate_20dB": {"max": 1, "dmean": 0, "dvar2": 0, "dmean2": 0, "var": 0, "median": 1, "min": 1, "dvar": 0, "mean": 1}, "silence_rate_30dB": {"max": 1, "dmean": 0.0039125024341, "dvar2": 0.00989862717688, "dmean2": 0.00782570056617, "var": 0.00416154321283, "median": 1, "min": 0, "dvar": 0.00389716541395, "mean": 0.995821118355}, "spectral_entropy": {"max": 9.79611206055, "dmean": 0.164912968874, "dvar2": 0.0806157961488, "dmean2": 0.261668324471, "var": 0.524831771851, "median": 7.0100774765, "min": 3.22802686691, "dvar": 0.0345962196589, "mean": 6.87914133072}, "spectral_rolloff": {"max": 18690.8203125, "dmean": 211.339004517, "dvar2": 226698.890625, "dmean2": 364.043426514, "var": 531801.1875, "median": 1076.66015625, "min": 21.533203125, "dvar": 106072.890625, "mean": 1163.90917969}, "spectral_complexity