{"tonal": {"hpcp": {"dvar": [0.0341928079724, 0.0318060778081, 0.0232138857245, 0.0279694553465, 0.0230824071914, 0.0160338617861, 0.0187714677304, 0.0149140590802, 0.0175287500024, 0.0282391533256, 0.0185759924352, 0.0122367767617, 0.00982598867267, 0.0161312725395, 0.0219336505979, 0.0323632769287, 0.0262639559805, 0.0270163696259, 0.027412397787, 0.0184110719711, 0.0153325740248, 0.019173424691, 0.0174572598189, 0.0259336251765, 0.0359410755336, 0.0323237851262, 0.0419352911413, 0.0494256317616, 0.0487089604139, 0.0607900358737, 0.0697757378221, 0.0622571185231, 0.0769104138017, 0.0765258520842, 0.0682361647487, 0.0570596419275], "var": [0.0460625439882, 0.0476965419948, 0.0344392471015, 0.0474991612136, 0.0358453541994, 0.023431384936, 0.0301283858716, 0.0199421923608, 0.0251299422234, 0.0516826286912, 0.028110915795, 0.0133652118966, 0.0109255807474, 0.0178247634321, 0.0319346748292, 0.0606541372836, 0.0421129800379, 0.0375169850886, 0.0604234747589, 0.0340584777296, 0.0168292466551, 0.027054393664, 0.0268728993833, 0.038629103452, 0.0666122585535, 0.0495254024863, 0.0493986494839, 0.0602552071214, 0.0564724653959, 0.083330526948, 0.116327866912, 0.0983897447586, 0.112735286355, 0.127724587917, 0.0978246107697, 0.0526769384742], "median": [0.0555655062199, 0.0487381666899, 0.0653862506151, 0.0798819363117, 0.0635785385966, 0.0521400459111, 0.0559876002371, 0.0434376299381, 0.0495871901512, 0.0651154220104, 0.0572601146996, 0.0341466404498, 0.0312545746565, 0.0290917940438, 0.0713451206684, 0.116183593869, 0.0939080119133, 0.0598575398326, 0.0733754783869, 0.0560892559588, 0.0355510190129, 0.0359171628952, 0.0398324206471, 0.0616886764765, 0.084502980113, 0.0737708210945, 0.0528860837221, 0.0576886795461, 0.0773887485266, 0.164797097445, 0.273030221462, 0.273776143789, 0.252049148083, 0.239522367716, 0.143312066793, 0.0715684145689], "max": [1, 1, 1, 1, 1, 1, 1, 1, 1, 1, 1, 1, 1, 1, 1, 1, 1, 1, 1, 1, 1, 1, 1, 1, 1, 1, 1, 1, 1, 1, 1, 1, 1, 1, 1, 1], "dmean": [0.123827055097, 0.110351249576, 0.102883219719, 0.116867020726, 0.100985750556, 0.0820392221212, 0.0879173651338, 0.0745531022549, 0.0827239751816, 0.107205539942, 0.0884669721127, 0.0627369508147, 0.0586463473737, 0.0688430443406, 0.101454779506, 0.137550652027, 0.120123833418, 0.100539311767, 0.108738526702, 0.0854460522532, 0.0687315538526, 0.0779111906886, 0.0783323571086, 0.10290826112, 0.127596020699, 0.123321600258, 0.132659256458, 0.151967927814, 0.163151085377, 0.218239471316, 0.261547416449, 0.261301577091, 0.290508568287, 0.269257634878, 0.236385926604, 0.186694577336], "dmean2": [0.217462956905, 0.190339416265, 0.174003139138, 0.196667209268, 0.171726033092, 0.137261629105, 0.145710721612, 0.124322749674, 0.139000415802, 0.176798373461, 0.147686317563, 0.10757381469, 0.101223707199, 0.118387416005, 0.171966522932, 0.23106880486, 0.202423766255, 0.172307223082, 0.182573676109, 0.144351556897, 0.119822025299, 0.131935566664, 0.133048444986, 0.173669293523, 0.215189188719, 0.212631821632, 0.237366959453, 0.271197706461, 0.28712195158, 0.383310288191, 0.459882467985, 0.450594246387, 0.506870925426, 0.470793068409, 0.409733623266, 0.341466009617], "mean": [0.145750015974, 0.140295282006, 0.136368647218, 0.167203262448, 0.139410555363, 0.109497636557, 0.122312478721, 0.0969394817948, 0.109812885523, 0.156344786286, 0.120769962668, 0.0735066235065, 0.0673010870814, 0.076039172709, 0.137153103948, 0.209492713213, 0.172456726432, 0.135161668062, 0.174520671368, 0.130314365029, 0.0820248201489, 0.100242726505, 0.103393092752, 0.138281673193, 0.19140842557, 0.16729657352, 0.147139951587, 0.166576802731, 0.176546871662, 0.279047727585, 0.393117040396, 0.369775623083, 0.362227380276, 0.373299062252, 0.277058809996, 0.169458195567], "dvar2": [0.0899218246341, 0.0816744193435, 0.059237331152, 0.0710452273488, 0.0598649419844, 0.0410423353314, 0.0461434945464, 0.0390821583569, 0.0451092682779, 0.0675284340978, 0.0481046624482, 0.0336085595191, 0.0266066230834, 0.0448055528104, 0.0581509508193, 0.08161983639, 0.0682451501489, 0.0720131918788, 0.0700866803527, 0.0485462807119, 0.0422595888376, 0.0501994378865, 0.0447475612164, 0.0660378783941, 0.0854308903217, 0.0862541422248, 0.116226539016, 0.131504312158, 0.128188967705, 0.161008253694, 0.186931625009, 0.166440427303, 0.199458613992, 0.203502938151, 0.179774492979, 0.159421622753], "min": [0, 0, 0, 0, 0, 0, 0, 0, 0, 0, 0, 0, 0, 0, 0, 0, 0, 0, 0, 0, 0, 0, 0, 0, 0, 0, 0, 0, 0, 0, 0, 0, 0, 0, 0, 0]}, "key_key": "C", "thpcp": [1, 0.940624773502, 0.921423733234, 0.949587583542, 0.70477437973, 0.431062966585, 0.370754778385, 0.356879174709, 0.346890717745, 0.425326913595, 0.354628622532, 0.278536975384, 0.311135023832, 0.24659191072, 0.279338896275, 0.397705435753, 0.307211220264, 0.186984062195, 0.171198606491, 0.193426296115, 0.348886191845, 0.532901644707, 0.438690543175, 0.343820422888, 0.443940758705, 0.331489980221, 0.208652421832, 0.254994601011, 0.263008415699, 0.351757019758, 0.486899346113, 0.425564289093, 0.374290436506, 0.423733353615, 0.44909492135, 0.709833681583], "chords_key": "G", "tuning_equal_tempered_deviation": 0.0417537502944, "tuning_frequency": 438.224517822, "tuning_diatonic_strength": 0.492308706045, "chords_histogram": [6.09382963181, 13.3095359802, 26.1601219177, 1.52983176708, 1.19836819172, 0, 0.99439060688, 5.22692489624, 3.28913807869, 15.3238143921, 0, 1.73380923271, 0.331463545561, 2.34574198723, 1.50433456898, 2.49872517586, 0.688424289227, 0, 0.0509943887591, 0.560938298702, 0.0509943887591, 1.14737379551, 8.36308002472, 7.59816408157], "key_strength": 0.52029645443, "key_scale": "minor", "chords_strength": {"dvar": 0.00054848723812, "var": 0.0475314110518, "median": 0.466077417135, "max": 0.772810101509, "dmean": 0.00992204993963, "dmean2": 0.0109277144074, "mean": 0.448871701956, "dvar2": 0.00103360775393, "min": -1}, "chords_number_rate": 0.00382457929663, "tuning_nontempered_energy_ratio": 0.742484629154, "hpcp_entropy": {"dvar": 0.260380685329, "var": 0.675896167755, "median": 2.43710899353, "max": 4.36592435837, "dmean": 0.589121937752, "dmean2": 0.989151895046, "mean": 2.37190794945, "dvar2": 0.700933873653, "min": 0}, "chords_changes_rate": 0.0777664482594, "chords_scale": "minor"}, "rhythm": {"bpm_histogram_first_peak_spread": {"dvar": 0, "var": 0, "median": 0.510204076767, "max": 0.510204076767, "dmean": 0, "dmean2": 0, "mean": 0.510204076767, "dvar2": 0, "min": 0.510204076767}, "bpm_histogram_first_peak_weight": {"dvar": 0, "var": 0, "median": 0.469273746014, "max": 0.469273746014, "dmean": 0, "dmean2": 0, "mean": 0.469273746014, "dvar2": 0, "min": 0.469273746014}, "bpm_histogram_first_peak_bpm": {"dvar": 0, "var": 0, "median": 117, "max": 117, "dmean": 0, "dmean2": 0, "mean": 117, "dvar2": 0, "min": 117}, "bpm": 118.738418579, "bpm_histogram_second_peak_weight": {"dvar": 0, "var": 0, "median": 0.0335195548832, "max": 0.0335195548832, "dmean": 0, "dmean2": 0, "mean": 0.0335195548832, "dvar2": 0, "min": 0.0335195548832}, "beats_loudness": {"dvar": 0.00010815042333, "var": 0.000190866427147, "median": 0.0237826574594, "max": 0.0694710537791, "dmean": 0.0128145366907, "dmean2": 0.0239168647677, "mean": 0.0234164688736, "dvar2": 0.000319699640386, "min": 3.72462338749e-10}, "beats_loudness_band_ratio": {"dvar": [0.0257408097386, 0.0173805803061, 0.00609384989366, 0.00890490878373, 0.0147260837257, 0.00715106446296], "var": [0.0621679611504, 0.0281581059098, 0.00925576593727, 0.0193361137062, 0.0182992815971, 0.0124545721337], "median": [0.53430223465, 0.182761073112, 0.0481571890414, 0.0745312273502, 0.073100708425, 0.0523309372365], "max": [0.91154140234, 0.893552422523, 0.707713365555, 0.80333930254, 0.734462916851, 0.903758168221], "dmean": [0.188034966588, 0.153227970004, 0.0649407729506, 0.0953746438026, 0.091172106564, 0.073997400701], "dmean2": [0.327137619257, 0.266596585512, 0.110338151455, 0.168443724513, 0.159139946103, 0.130421608686], "mean": [0.494645535946, 0.218464910984, 0.0819917991757, 0.127219989896, 0.125839859247, 0.0831130817533], "dvar2": [0.0660632178187, 0.0441895462573, 0.0165934022516, 0.0244300533086, 0.040662009269, 0.0183946471661], "min": [0.000389101973269, 0.00481978105381, 0.0029807027895, 0.00315192271955, 0.00403352919966, 0.000604012573604]}, "bpm_histogram_second_peak_bpm": {"dvar": 0, "var": 0, "median": 123, "max": 123, "dmean": 0, "dmean2": 0, "mean": 123, "dvar2": 0, "min": 123}, "onset_rate": 3.18013644218, "beats_count": 359, "beats_position": [0.592108845711, 1.11455774307, 1.62539684772, 2.13623571396, 2.63546490669, 3.13469386101, 3.64553284645, 4.15637159348, 4.65560102463, 5.15482997894, 5.66566896439, 6.17650794983, 6.68734693527, 7.18657588959, 7.6858048439, 8.18503379822, 8.68426322937, 9.19510173798, 9.69433116913, 10.1935596466, 10.7043991089, 11.2036275864, 11.7028570175, 12.2136955261, 12.7245349884, 13.2237634659, 13.7346029282, 14.2338323593, 14.7446708679, 15.2555103302, 15.7547388077, 16.2539672852, 16.7648067474, 17.2756462097, 17.7748756409, 18.2741031647, 18.784942627, 19.2841720581, 19.7834014893, 20.2942390442, 20.7934684753, 21.2926979065, 21.8035373688, 22.3143768311, 22.825214386, 23.3244438171, 23.8236732483, 24.3345127106, 24.8337402344, 25.3329696655, 25.8438091278, 26.3546485901, 26.8538761139, 27.353105545, 27.8639450073, 28.3747844696, 28.8740139008, 29.3732414246, 29.8724708557, 30.3949203491, 30.8941497803, 31.3933773041, 31.9042167664, 32.4034461975, 32.9026756287, 33.4135131836, 33.9243545532, 34.4235839844, 34.9228096008, 35.4336509705, 35.9444885254, 36.455329895, 36.9429473877, 37.4537849426, 37.9646263123, 38.4638557434, 38.9630813599, 39.4739227295, 39.9847602844, 40.4956016541, 40.9948310852, 41.4940567017, 42.0048980713, 42.5041275024, 43.0033569336, 43.5141944885, 44.0134239197, 44.5126533508, 45.0234909058, 45.5343284607, 46.0451698303, 46.5443992615, 47.0436286926, 47.5544662476, 48.0536956787, 48.5529251099, 49.0637626648, 49.5746040344, 50.0854415894, 50.5846710205, 51.0839004517, 51.5831298828, 52.0823554993, 52.5931968689, 53.1040344238, 53.603263855, 54.1024932861, 54.6133308411, 55.1241722107, 55.6350097656, 56.1458511353, 56.6450767517, 57.1443061829, 57.643535614, 58.1427650452, 58.6536026001, 59.1644439697, 59.6636734009, 60.162902832, 60.673740387, 61.1729698181, 61.6721992493, 62.1598167419, 62.6822662354, 63.1931037903, 63.7039451599, 64.2031707764, 64.714012146, 65.2132415771, 65.7124710083, 66.2233123779, 66.7341461182, 67.2449874878, 67.7442169189, 68.2434463501, 68.7542877197, 69.26512146, 69.7643508911, 70.2635803223, 70.7744216919, 71.273651123, 71.7844848633, 72.2837142944, 72.7945556641, 73.2937850952, 73.7930145264, 74.303855896, 74.8030853271, 75.3023147583, 75.8131484985, 76.3239898682, 76.8232192993, 77.3224487305, 77.8332901001, 78.3325119019, 78.831741333, 79.3425827026, 79.8534240723, 80.3526535034, 80.8634872437, 81.3627166748, 81.8735580444, 82.3843994141, 82.8836288452, 83.3828582764, 83.8936920166, 84.3929214478, 84.9037628174, 85.4029922485, 85.9138336182, 86.4130630493, 86.9122848511, 87.4231262207, 87.9223556519, 88.421585083, 88.9324264526, 89.4432601929, 89.9541015625, 90.4533309937, 90.9525604248, 91.4634017944, 91.9626312256, 92.4618606567, 92.972694397, 93.4835357666, 93.9943771362, 94.5052108765, 95.0044403076, 95.5036697388, 96.0028991699, 96.5021286011, 97.0129699707, 97.5238113403, 98.0230331421, 98.5338745117, 99.0331039429, 99.532333374, 100.031562805, 100.542404175, 101.053237915, 101.564079285, 102.063308716, 102.562538147, 103.073379517, 103.572608948, 104.071838379, 104.582672119, 105.093513489, 105.59274292, 106.091972351, 106.602806091, 107.113647461, 107.612876892, 108.112106323, 108.622947693, 109.133781433, 109.633010864, 110.132240295, 110.643081665, 111.142311096, 111.641540527, 112.152381897, 112.663215637, 113.162445068, 113.6616745, 114.172515869, 114.6717453, 115.170974731, 115.681808472, 116.192649841, 116.703491211, 117.202720642, 117.701950073, 118.212783813, 118.712013245, 119.211242676, 119.722084045, 120.232925415, 120.743759155, 121.254600525, 121.753829956, 122.253059387, 122.752288818, 123.25151825, 123.762359619, 124.261581421, 124.772422791, 125.271652222, 125.782493591, 126.293327332, 126.804168701, 127.303398132, 127.802627563, 128.313461304, 128.812698364, 129.311920166, 129.799545288, 130.310379028, 130.821228027, 131.332061768, 131.842895508, 132.353744507, 132.84135437, 133.352203369, 133.851425171, 134.362258911, 134.861495972, 135.372329712, 135.883178711, 136.382400513, 136.881637573, 137.392471313, 137.903305054, 138.402542114, 138.901763916, 139.412597656, 139.911834717, 140.422668457, 140.921905518, 141.432739258, 141.931976318, 142.442810059, 142.953643799, 143.452880859, 143.952102661, 144.46295166, 144.962173462, 145.473007202, 145.960632324, 146.471466064, 146.982315063, 147.493148804, 147.992385864, 148.491607666, 149.002441406, 149.513290405, 150.012512207, 150.511749268, 151.022583008, 151.52180481, 152.02104187, 152.53187561, 153.042724609, 153.541946411, 154.041183472, 154.552017212, 155.062850952, 155.562088013, 156.061309814, 156.572158813, 157.071380615, 157.582214355, 158.081451416, 158.592285156, 159.091522217, 159.602355957, 160.101577759, 160.612426758, 161.11164856, 161.61088562, 162.12171936, 162.632553101, 163.1434021, 163.642623901, 164.141860962, 164.652694702, 165.151931763, 165.651153564, 166.161987305, 166.672836304, 167.172058105, 167.671295166, 168.182128906, 168.692962646, 169.192199707, 169.703033447, 170.225479126, 170.736328125, 171.281997681, 171.827667236, 172.373336792, 172.884170532, 173.395004272, 173.917449951, 174.439910889, 174.962356567, 175.473190308, 175.984039307, 176.494873047, 176.994094849, 177.504943848, 178.015777588, 178.50340271, 178.991012573, 179.478637695, 179.966262817, 180.453872681, 180.941497803, 181.429107666], "danceability": 1.08113503456, "bpm_histogram_second_peak_spread": {"dvar": 0, "var": 0, "median": 0, "max": 0, "dmean": 0, "dmean2": 0, "mean": 0, "dvar2": 0, "min": 0}}, "lowlevel": {"spectral_flux": {"dvar": 0.000464091048343, "var": 0.00142856675666, "median": 0.0511511042714, "max": 0.249511137605, "dmean": 0.0166370775551, "dmean2": 0.0264364592731, "mean": 0.0551336742938, "dvar2": 0.00107288511936, "min": 1.06573708192e-10}, "spectral_rolloff": {"dvar": 452558.34375, "var": 5388052, "median": 1937.98828125, "max": 18626.2207031, "dmean": 452.745849609, "dmean2": 747.545654297, "mean": 2303.18823242, "dvar2": 1049008.875, "min": 107.666015625}, "barkbands_flatness_db": {"dvar": 0.000475507084047, "var": 0.00222499202937, "median": 0.158144205809, "max": 0.430282235146, "dmean": 0.0218805521727, "dmean2": 0.0325491465628, "mean": 0.16064119339, "dvar2": 0.000993178226054, "min": 0.0470117330551}, "spectral_centroid": {"dvar": 102896.3125, "var": 667914.875, "median": 1633.59228516, "max": 11342.3330078, "dmean": 278.853820801, "dmean2": 429.386871338, "mean": 1736.56762695, "dvar2": 225045.234375, "min": 208.887893677}, "melbands_skewness": {"dvar": 0.632663071156, "var": 2.6661863327, "median": 1.64155852795, "max": 11.3793153763, "dmean": 0.72990655899, "dmean2": 1.0656028986, "mean": 1.95279574394, "dvar2": 1.28954696655, "min": -2.64681553841}, "melbands": {"dvar": [2.21435385583e-08, 7.92009984707e-07, 1.10248106466e-06, 1.01878129044e-06, 9.09802011506e-09, 2.19877787089e-08, 4.69869192443e-08, 1.0195391198e-08, 1.35164572868e-08, 4.29449009687e-09, 1.45905110216e-08, 1.35644029342e-08, 8.83144579689e-09, 1.88398239231e-08, 5.33619992638e-09, 5.2879465251e-09, 2.62522448224e-09, 1.15597476036e-09, 1.1478169526e-09, 1.41094091965e-09, 9.23774057249e-10, 1.20208598631e-09, 3.33263394658e-09, 2.30377938948e-09, 1.08165587598e-09, 8.81048567436e-10, 1.42453160379e-09, 2.63533084244e-10, 6.04287730965e-11, 1.58386203458e-11, 2.13780868008e-11, 7.46258610462e-12, 4.48834936231e-12, 2.65558911666e-11, 7.61887167938e-12, 5.79427304748e-11, 1.30422669192e-11, 1.72911912653e-12, 7.78167203526e-14, 1.25161111943e-14], "var": [3.44978836608e-08, 1.5765471062e-06, 1.47047080645e-06, 1.44958846704e-06, 1.74184293655e-08, 3.41919665914e-08, 7.58851754767e-08, 1.88169479998e-08, 2.94518578414e-08, 9.40348776624e-09, 3.54876270592e-08, 2.29566907706e-08, 1.87556121745e-08, 3.57763312309e-08, 1.23813892472e-08, 9.44224343158e-09, 5.37789990318e-09, 2.18594942147e-09, 2.34816921463e-09, 3.09450687297e-09, 2.57485699429e-09, 4.19802592688e-09, 7.91271048683e-09, 5.51846035535e-09, 1.95989646734e-09, 2.61785615407e-09, 4.44634107311e-09, 7.31326943448e-10, 1.43865030999e-10, 4.16246412338e-11, 3.51697490575e-11, 1.74574989881e-11, 1.08619016559e-11, 4.95568586167e-11, 1.84197605085e-11, 1.05930285377e-10, 1.77849263094e-11, 2.60665035563e-12, 1.54584204053e-13, 2.77696634676e-14], "median": [1.60318741109e-05, 0.000131287932163, 0.000251796940574, 0.000274242687738, 3.89122542401e-05, 3.35676231771e-05, 3.75273593818e-05, 1.84266118595e-05, 2.12547092815e-05, 1.3798134205e-05, 1.52944503498e-05, 1.62638934853e-05, 1.86105207831e-05, 1.85847093235e-05, 1.45788153532e-05, 9.86810118775e-06, 9.31049999053e-06, 5.49912238057e-06, 8.74768193171e-06, 6.65258085064e-06, 9.15564669413e-06, 1.18593934531e-05, 1.09551092464e-05, 8.94013555808e-06, 4.96597385791e-06, 4.42463078798e-06, 3.02697344523e-06, 1.02198828245e-06, 6.31086777503e-07, 3.48723773413e-07, 8.85241462356e-08, 5.64277797821e-08, 5.9407931019e-08, 4.52324258049e-08, 3.53718760948e-08, 2.7529550195e-08, 1.92005096267e-08, 1.11393134716e-08, 5.47757572633e-09, 3.20230109097e-09], "max": [0.00395390111953, 0.0222785379738, 0.0143409380689, 0.0180506706238, 0.00333877722733, 0.00405081501231, 0.00532996281981, 0.00343075627461, 0.00295732636005, 0.00293936650269, 0.00525759905577, 0.00409228587523, 0.00260490155779, 0.00671003945172, 0.00250192545354, 0.00245200260542, 0.00184807984624, 0.00109734060243, 0.0010091153672, 0.00106338527985, 0.00084729102673, 0.00144220120274, 0.0014167240588, 0.00107241224032, 0.00141521112528, 0.000915534619708, 0.00128182000481, 0.000623347063083, 0.000357532931957, 0.000120346288895, 5.45827642782e-05, 0.000105833001726, 0.000104004626337, 0.000266692659352, 0.000127994862851, 0.000568512012251, 0.000200337774004, 6.06590001553e-05, 1.13208307084e-05, 4.84575230075e-06], "dmean": [5.22405389347e-05, 0.000353642128175, 0.000547710282262, 0.000560729182325, 4.04375387006e-05, 5.23794333276e-05, 7.14443667675e-05, 3.71633650502e-05, 4.37635280832e-05, 2.31639442063e-05, 4.27430604759e-05, 3.25957480527e-05, 3.03760298266e-05, 3.32596537191e-05, 2.4053877496e-05, 2.33650716837e-05, 1.7963035134e-05, 1.0776655472e-05, 1.23674108181e-05, 1.19813430501e-05, 1.22305827972e-05, 1.54887493409e-05, 2.14076480916e-05, 1.74955439434e-05, 9.75840885076e-06, 1.02296635305e-05, 1.11642975753e-05, 4.72238480143e-06, 2.54666588262e-06, 1.58128159455e-06, 1.41948703458e-06, 8.56964106788e-07, 6.47688921163e-07, 9.62461740528e-07, 5.40727569387e-07, 7.63231753353e-07, 4.21977432552e-07, 1.90308199421e-07, 6.57638423718e-08, 3.2388683735e-08], "dmean2": [7.22835029592e-05, 0.000497788772918, 0.000845507544, 0.000896745885257, 6.41507795081e-05, 8.35399114294e-05, 0.000113470967335, 5.8492696553e-05, 7.06869759597e-05, 3.6451692722e-05, 6.89353400958e-05, 5.25249670318e-05, 4.79855116282e-05, 5.14933199156e-05, 3.7169746065e-05, 3.69919507648e-05, 2.89992131002e-05, 1.71318752109e-05, 1.97125282284e-05, 1.8811730115e-05, 1.9099252313e-05, 2.44296661549e-05, 3.41012855642e-05, 2.82013224933e-05, 1.53715700435e-05, 1.58190305228e-05, 1.68715396285e-05, 7.13907820682e-06, 3.62875198334e-06, 2.15206296161e-06, 2.05758942684e-06, 1.17713670988e-06, 8.32194700706e-07, 1.36011794893e-06, 7.43462067021e-07, 1.06194988803e-06, 5.8722906715e-07, 2.6878387871e-07, 9.23119216623e-08, 4.33921520937e-08], "mean": [7.43404161767e-05, 0.000560445711017, 0.000696760194842, 0.000720387382898, 7.75140069891e-05, 8.31439174362e-05, 0.000108931279101, 6.16766410531e-05, 7.33067063265e-05, 4.46195408585e-05, 6.87190549797e-05, 5.40542714589e-05, 5.54605940124e-05, 5.66706694372e-05, 4.43781391368e-05, 3.7014749978e-05, 2.97063961625e-05, 1.92149982468e-05, 2.34503568208e-05, 2.21393966058e-05, 2.5071652999e-05, 3.23796084558e-05, 4.25404068665e-05, 3.60987505701e-05, 1.90411210497e-05, 2.0279587261e-05, 2.11330370803e-05, 8.96645178727e-06, 4.45014984507e-06, 2.64586810772e-06, 1.96519704332e-06, 1.32234947614e-06, 9.82296000984e-07, 1.43984061651e-06, 8.91094373401e-07, 1.16371973036e-06, 6.81944413827e-07, 2.95466861644e-07, 1.03235372251e-07, 5.29853139142e-08], "dvar2": [4.62358293873e-08, 1.58546970397e-06, 2.51659798778e-06, 2.39198880081e-06, 2.24562803908e-08, 5.61747057759e-08, 1.1816679546e-07, 2.46878109067e-08, 3.43391235447e-08, 1.10355999894e-08, 3.48965230046e-08, 3.7017105825e-08, 2.33341861389e-08, 4.02898550078e-08, 1.27232313574e-08, 1.19608341009e-08, 6.74719258242e-09, 2.74828648728e-09, 2.75946421269e-09, 3.11576453527e-09, 2.05638683859e-09, 2.78995382352e-09, 8.05269628756e-09, 6.08381345302e-09, 2.45307996138e-09, 1.91504967439e-09, 3.13901193927e-09, 5.79600645256e-10, 1.2529882687e-10, 2.91741110436e-11, 4.60157363602e-11, 1.36268869452e-11, 7.26420182687e-12, 6.06094271993e-11, 1.59452989007e-11, 1.23358281923e-10, 3.17100443126e-11, 3.73117595848e-12, 1.73354765872e-13, 2.2191387386e-14], "min": [1.15384231249e-23, 8.48107514647e-24, 1.15414602394e-23, 7.06204532888e-24, 1.52203643469e-23, 9.39886116715e-24, 1.43975114252e-23, 1.11031699093e-23, 1.11269248778e-23, 1.59092955081e-23, 1.84323203853e-23, 9.91981465377e-24, 8.14206848334e-24, 1.06026352984e-23, 1.0452946575e-23, 1.23822968231e-23, 1.4428052964e-23, 1.06312244065e-23, 9.36125695666e-24, 1.69329498177e-23, 2.1103059467e-23, 1.34384742901e-23, 1.22451580879e-23, 9.4240021642e-24, 1.01676455623e-23, 8.85124733738e-24, 1.31960526008e-23, 1.37482662785e-23, 1.27961703304e-23, 1.20737244137e-23, 8.12292204031e-24, 9.35507544261e-24, 9.17040310469e-24, 7.47647498316e-24, 8.36876028623e-24, 1.49907790022e-23, 1.29836778344e-23, 1.38923927436e-23, 1.19381089689e-23, 1.35824461385e-23]}, "spectral_decrease": {"dvar": 2.9904789784e-18, "var": 8.79293735606e-18, "median": -2.07441974709e-09, "max": 1.71629058321e-17, "dmean": 1.14710518861e-09, "dmean2": 1.64925761936e-09, "mean": -2.96550051182e-09, "dvar2": 5.96749145642e-18, "min": -2.52506051623e-08}, "barkbands_kurtosis": {"dvar": 27.5633544922, "var": 70.349571228, "median": -0.260169267654, "max": 227.85987854, "dmean": 2.05832982063, "dmean2": 3.11005663872, "mean": 1.84055614471, "dvar2": 52.8848419189, "min": -1.93122804165}, "silence_rate_30dB": {"dvar": 0, "var": 0, "median": 1, "max": 1, "dmean": 0, "dmean2": 0, "mean": 1, "dvar2": 0, "min": 1}, "gfcc": {"mean": [-119.513442993, 117.854629517, -162.610626221, 34.3416481018, -45.2010192871, -7.58909702301, -33.2443161011, -2.81057262421, -28.0679912567, -20.2709140778, -10.2401533127, -12.8866710663, -12.8120079041], "cov": [[32961.6757812, 3237.62060547, -2841.55810547, 2637.63745117, -778.800415039, 440.902618408, -369.210174561, -475.181060791, -503.413574219, -891.05645752, -71.0001449585, -987.090332031, -454.164306641], [3237.62060547, 2400.98120117, -674.271057129, -292.773254395, 335.047149658, -229.501296997, 75.6496429443, -190.678222656, 36.4696960449, -231.532394409, 31.2672405243, -167.725158691, 66.3832321167], [-2841.55810547, -674.271057129, 1164.39880371, 204.333358765, 4.60506868362, 253.920578003, 47.2733421326, 8.90695571899, 2.69363260269, 125.163414001, -86.3769378662, 104.339485168, 5.75955581665], [2637.63745117, -292.773254395, 204.333358765, 780.385559082, -82.0018234253, 166.607055664, -57.0928382874, -43.8518486023, -62.0895690918, -29.230796814, 6.14231729507, -84.1687240601, -33.8090324402], [-778.800415039, 335.047149658, 4.60506868362, -82.0018234253, 309.059661865, -8.14363098145, 54.089630127, -7.17660522461, 33.2839546204, -2.36701750755, 0.712031662464, 3.24176216125, 46.6146087646], [440.902618408, -229.501296997, 253.920578003, 166.607055664, -8.14363098145, 355.591217041, 124.866760254, -5.12736845016, -34.2273750305, 50.2267799377, -37.5368270874, -11.5452709198, -35.5400848389], [-369.210174561, 75.6496429443, 47.2733421326, -57.0928382874, 54.089630127, 124.866760254, 219.009674072, 14.6043100357, 2.26344609261, 43.1587562561, -8.05870056152, -2.19541049004, -10.1546545029], [-475.181060791, -190.678222656, 8.90695571899, -43.8518486023, -7.17660522461, -5.12736845016, 14.6043100357, 173.058334351, 51.6578865051, 31.4190502167, 35.7119445801, 13.8844232559, -15.1408147812], [-503.413574219, 36.4696960449, 2.69363260269, -62.0895690918, 33.2839546204, -34.2273750305, 2.26344609261, 51.6578865051, 122.52318573, 25.6705513, 16.4204750061, 12.687664032, -4.66922283173], [-891.05645752, -231.532394409, 125.163414001, -29.230796814, -2.36701750755, 50.2267799377, 43.1587562561, 31.4190502167, 25.6705513, 145.963516235, 14.26816082, 34.8681488037, 6.62410736084], [-71.0001449585, 31.2672405243, -86.3769378662, 6.14231729507, 0.712031662464, -37.5368270874, -8.05870056152, 35.7119445801, 16.4204750061, 14.26816082, 121.644897461, 3.86401867867, 5.31973218918], [-987.090332031, -167.725158691, 104.339485168, -84.1687240601, 3.24176216125, -11.5452709198, -2.19541049004, 13.8844232559, 12.687664032, 34.8681488037, 3.86401867867, 119.057655334, 25.9620838165], [-454.164306641, 66.3832321167, 5.75955581665, -33.8090324402, 46.6146087646, -35.5400848389, -10.1546545029, -15.1408147812, -4.66922283173, 6.62410736084, 5.31973218918, 25.9620838165, 78.8261871338]], "icov": [[0.000257713050814, -0.000529321318027, 0.000678264827002, -0.000968028791249, 0.000670193170663, -0.000675625749864, 0.000521075271536, -0.000378490512958, 0.000450829975307, -1.36722392199e-05, 0.000661192461848, -0.000156483816681, 0.000794107618276], [-0.000529321318027, 0.00204237713479, -0.00118060573004, 0.00227709440514, -0.00205404125154, 0.00163902842905, -0.00166826159693, 0.00186333735473, -0.00157938164193, 0.00117655331269, -0.00180349871516, 0.0014531534398, -0.00215945788659], [0.000678264827002, -0.00118060573004, 0.00318148592487, -0.00288143567741, 0.00146156107076, -0.00244080391712, 0.00147549447138, -0.000881987798493, 0.000863358785864, -0.000570774951484, 0.00261237006634, -0.00143194920383, 0.00188411516137], [-0.000968028791249, 0.00227709440514, -0.00288143567741, 0.00565212313086, -0.00244244234636, 0.00159306952264, -0.00115649763029, 0.00203236774541, -0.0015257333871, 0.000800993409939, -0.00347468932159, 0.00239765364677, -0.00316913402639], [0.000670193170663, -0.00205404125154, 0.00146156107076, -0.00244244234636, 0.00631496077403, -0.00195486261509, 0.000602386309765, -0.001386979362, 0.000216008062125, -9.87323874142e-05, 0.00189945357852, -0.000523213937413, -0.000302557979012], [-0.000675625749864, 0.00163902842905, -0.00244080391712, 0.00159306952264, -0.00195486261509, 0.00715952506289, -0.00436816830188, 0.00122698908672, -0.000152767228428, -0.000637164048385, -0.000966725114267, 0.000844958005473, -0.000522950256709], [0.000521075271536, -0.00166826159693, 0.00147549447138, -0.00115649763029, 0.000602386309765, -0.00436816830188, 0.00840379670262, -0.00175113638397, 0.00157546391711, -0.00199749041349, 0.00148272316437, -0.000401460332796, 0.00251720799133], [-0.000378490512958, 0.00186333735473, -0.000881987798493, 0.00203236774541, -0.001386979362, 0.00122698908672, -0.00175113638397, 0.0091170091182, -0.00397590035573, 0.000687650695909, -0.00339976721443, 0.00117001903709, -0.000363979983376], [0.000450829975307, -0.00157938164193, 0.000863358785864, -0.0015257333871, 0.000216008062125, -0.000152767228428, 0.00157546391711, -0.00397590035573, 0.0118616791442, -0.00242022913881, 0.00114323932212, -0.00124805257656, 0.00369265163317], [-1.36722392199e-05, 0.00117655331269, -0.000570774951484, 0.000800993409939, -9.87323874142e-05, -0.000637164048385, -0.00199749041349, 0.000687650695909, -0.00242022913881, 0.0106496503577, -0.00212546437979, 6.9004134275e-05, -0.00195606262423], [0.000661192461848, -0.00180349871516, 0.00261237006634, -0.00347468932159, 0.00189945357852, -0.000966725114267, 0.00148272316437, -0.00339976721443, 0.00114323932212, -0.00212546437979, 0.0119666578248, -0.00177369115409, 0.00164892245084], [-0.000156483816681, 0.0014531534398, -0.00143194920383, 0.00239765364677, -0.000523213937413, 0.000844958005473, -0.000401460332796, 0.00117001903709, -0.00124805257656, 6.9004134275e-05, -0.00177369115409, 0.0131883369759, -0.00443269778043], [0.000794107618276, -0.00215945788659, 0.00188411516137, -0.00316913402639, -0.000302557979012, -0.000522950256709, 0.00251720799133, -0.000363979983376, 0.00369265163317, -0.00195606262423, 0.00164892245084, -0.00443269778043, 0.0195123944432]]}, "silence_rate_20dB": {"dvar": 0, "var": 0, "median": 1, "max": 1, "dmean": 0, "dmean2": 0, "mean": 1, "dvar2": 0, "min": 1}, "barkbands_skewness": {"dvar": 0.345418602228, "var": 1.7441534996, "median": 0.653371870518, "max": 10.8973875046, "dmean": 0.554574251175, "dmean2": 0.820375919342, "mean": 0.812434971333, "dvar2": 0.708913505077, "min": -4.16605615616}, "erbbands_skewness": {"dvar": 0.11749047786, "var": 0.901771783829, "median": -0.460924446583, "max": 6.25899934769, "dmean": 0.353282570839, "dmean2": 0.536321938038, "mean": -0.498316973448, "dvar2": 0.269380569458, "min": -5.10548448563}, "spectral_contrast_valleys": {"dvar": [0.186174243689, 0.0942756161094, 0.0972802788019, 0.0940092653036, 0.157481893897, 0.27880603075], "var": [3.68930840492, 3.19096398354, 3.45556402206, 3.51446342468, 3.78379440308, 2.97394394875], "median": [-8.40648269653, -7.32155036926, -7.59910583496, -7.83375692368, -7.67663669586, -11.8513641357], "max": [-5.92766189575, -5.3976817131, -5.28147983551, -5.65801477432, -5.18363046646, -8.24408245087], "dmean": [0.471638470888, 0.317678898573, 0.300598561764, 0.269606739283, 0.273454993963, 0.396222651005], "dmean2": [0.737916171551, 0.517099797726, 0.47427752614, 0.412869632244, 0.391600608826, 0.470316469669], "mean": [-8.87477779388, -7.778840065, -7.97250699997, -8.30480003357, -8.07709312439, -11.9979982376], "dvar2": [0.394901871681, 0.194556355476, 0.183270201087, 0.159946992993, 0.270559877157, 0.415548682213], "min": [-26.9362926483, -27.1679267883, -26.9276924133, -27.584356308, -27.3204212189, -27.2860965729]}, "spectral_strongpeak": {"dvar": 0.972314953804, "var": 1.3731637001, "median": 0.364891201258, "max": 12.0668354034, "dmean": 0.500944018364, "dmean2": 0.860557258129, "mean": 0.747742235661, "dvar2": 2.54561924934, "min": 0}, "erbbands_crest": {"dvar": 5.44207572937, "var": 16.0887928009, "median": 8.27043914795, "max": 27.8810710907, "dmean": 2.41552257538, "dmean2": 3.85706210136, "mean": 9.07913780212, "dvar2": 13.2936420441, "min": 2.32436966896}, "barkbands_crest": {"dvar": 5.60448122025, "var": 17.1745433807, "median": 8.60264778137, "max": 25.6706390381, "dmean": 2.58113598824, "dmean2": 4.16436624527, "mean": 9.4867811203, "dvar2": 13.6195297241, "min": 2.5990152359}, "spectral_energyband_middle_low": {"dvar": 2.89641902782e-05, "var": 4.94570012961e-05, "median": 0.00346647272818, "max": 0.0891342759132, "dmean": 0.00327666499652, "dmean2": 0.00509380595759, "mean": 0.00571680348366, "dvar2": 6.60951118334e-05, "min": 3.89708343854e-22}, "spectral_contrast_coeffs": {"dvar": [0.00208136835136, 0.0011834311299, 0.000746437406633, 0.000495773449074, 0.000355913653038, 0.000345234177075], "var": [0.0106262303889, 0.00484992703423, 0.00335549865849, 0.00292282318696, 0.0034239103552, 0.00318778655492], "median": [-0.572913885117, -0.764891028404, -0.790356457233, -0.785039782524, -0.768050670624, -0.741534888744], "max": [-0.26810336113, -0.433687925339, -0.481000393629, -0.567088127136, -0.544296264648, -0.565069496632], "dmean": [0.0540831163526, 0.0407295078039, 0.0332459621131, 0.0270774345845, 0.021040417254, 0.0184121765196], "dmean2": [0.0856618136168, 0.0666921511292, 0.0538023114204, 0.0435383059084, 0.0334762074053, 0.0275511145592], "mean": [-0.580833017826, -0.761701881886, -0.786734521389, -0.784087002277, -0.766737818718, -0.748659789562], "dvar2": [0.00501028308645, 0.00309274881147, 0.00186711200513, 0.00124423461966, 0.000830279313959, 0.000719530740753], "min": [-0.988888680935, -0.991450965405, -0.988112747669, -0.979732096195, -0.986814677715, -0.957758545876]}, "hfc": {"dvar": 61.3361930847, "var": 337.883636475, "median": 7.50030660629, "max": 210.792358398, "dmean": 4.30742788315, "dmean2": 5.87671661377, "mean": 14.0811853409, "dvar2": 110.399406433, "min": 1.19895382867e-16}, "spectral_energyband_high": {"dvar": 3.78700747206e-07, "var": 1.21018945265e-06, "median": 4.28876301157e-05, "max": 0.0244668591768, "dmean": 0.000213500155951, "dmean2": 0.000272619654424, "mean": 0.000412764115026, "dvar2": 6.85580687332e-07, "min": 7.95510177188e-21}, "erbbands_spread": {"dvar": 59.5579833984, "var": 230.80871582, "median": 29.1266288757, "max": 108.372619629, "dmean": 7.28022575378, "dmean2": 10.8807001114, "mean": 31.5249271393, "dvar2": 125.676475525, "min": 2.44302725792}, "dissonance": {"dvar": 0.000178222719114, "var": 0.000416198978201, "median": 0.482364147902, "max": 0.499999970198, "dmean": 0.0120199676603, "dmean2": 0.0200151465833, "mean": 0.476431757212, "dvar2": 0.000479468464619, "min": 0.348377764225}, "spectral_kurtosis": {"dvar": 15.4292135239, "var": 28.0135917664, "median": 5.45040082932, "max": 66.6302337646, "dmean": 3.57983517647, "dmean2": 6.28161096573, "mean": 6.82838392258, "dvar2": 46.4803504944, "min": -1.20876216888}, "spectral_skewness": {"dvar": 0.121242120862, "var": 0.329755753279, "median": 1.21957695484, "max": 5.16824913025, "dmean": 0.345934271812, "dmean2": 0.597330391407, "mean": 1.31614792347, "dvar2": 0.357127040625, "min": -0.288302630186}, "pitch_salience": {"dvar": 0.00394374225289, "var": 0.013803942129, "median": 0.56688439846, "max": 0.969758331776, "dmean": 0.0712875723839, "dmean2": 0.112462930381, "mean": 0.558338820934, "dvar2": 0.00940777920187, "min": 0.102993458509}, "spectral_complexity": {"dvar": 19.393371582, "var": 151.052566528, "median": 17, "max": 55, "dmean": 3.30595588684, "dmean2": 4.93928575516, "mean": 17.7147407532, "dvar2": 37.057094574, "min": 0}, "spectral_spread": {"dvar": 273610850304, "var": 2792260108290.0, "median": 2435249.5, "max": 41643588, "dmean": 309817.78125, "dmean2": 428912.40625, "mean": 2864083.75, "dvar2": 396097028096, "min": 855030.9375}, "dynamic_complexity": 5.31558513641, "melbands_crest": {"dvar": 9.07466506958, "var": 31.6209754944, "median": 13.2942943573, "max": 30.742931366, "dmean": 3.43520331383, "dmean2": 5.45550394058, "mean": 13.9028673172, "dvar2": 21.9616775513, "min": 1.78088796139}, "zerocrossingrate": {"dvar": 9.62103149504e-05, "var": 0.00352012296207, "median": 0.0595703125, "max": 0.57763671875, "dmean": 0.0088563170284, "dmean2": 0.0102167250589, "mean": 0.0721483156085, "dvar2": 0.000104531434772, "min": 0.005859375}, "spectral_energyband_low": {"dvar": 1.07045725599e-05, "var": 1.99075311684e-05, "median": 0.000626116117928, "max": 0.0693460330367, "dmean": 0.00139471306466, "dmean2": 0.0019909569528, "mean": 0.00216802302748, "dvar2": 2.14662268263e-05, "min": 8.61180012697e-23}, "melbands_kurtosis": {"dvar": 100.085174561, "var": 252.781097412, "median": 2.2142393589, "max": 243.201553345, "dmean": 4.98237657547, "dmean2": 7.42416715622, "mean": 7.3298459053, "dvar2": 205.029159546, "min": -1.83229672909}, "spectral_energyband_middle_high": {"dvar": 6.04623028266e-06, "var": 3.47592322214e-05, "median": 0.00257347524166, "max": 0.0632505118847, "dmean": 0.00139249244239, "dmean2": 0.00205938029103, "mean": 0.00466301757842, "dvar2": 1.26314926092e-05, "min": 1.85020875593e-21}, "barkbands_spread": {"dvar": 35.9962387085, "var": 360.061889648, "median": 22.0620269775, "max": 149.871536255, "dmean": 5.3147187233, "dmean2": 8.31082820892, "mean": 25.7213897705, "dvar2": 83.8649291992, "min": 0.284557163715}, "mfcc": {"mean": [-727.401794434, 132.888153076, -43.6688232422, 31.5333461761, 2.93811869621, -4.23072814941, 3.07651567459, 6.77870845795, -11.6786661148, -3.16018271446, -9.88969707489, -1.8566981554, -5.45433425903], "cov": [[16379.5390625, 1637.46130371, -714.688354492, 1626.86193848, 116.879844666, 286.607269287, 110.295333862, 410.291320801, -384.017364502, 246.57019043, -216.339889526, 18.8002605438, -206.025604248], [1637.46130371, 2679.56494141, -685.2109375, 88.9492416382, 154.658004761, -0.674145281315, 84.8545761108, 34.7867774963, 48.0024642944, -91.0378112793, -10.1700992584, -5.88523387909, -13.010641098], [-714.688354492, -685.2109375, 763.335327148, 67.6315231323, 0.0402865260839, 215.802703857, 65.679107666, -8.82529449463, 67.1304244995, 0.494100004435, 14.209561348, -7.09739875793, 4.59537649155], [1626.86193848, 88.9492416382, 67.6315231323, 506.144714355, 131.098510742, 50.1974868774, 25.0999546051, 6.93171787262, -38.166103363, 25.6610031128, -72.1270370483, 15.5464601517, 5.39140892029], [116.879844666, 154.658004761, 0.0402865260839, 131.098510742, 240.607406616, 7.78486347198, 4.45942211151, 4.33290815353, 7.27822303772, -4.85432863235, -36.0246086121, 10.3171949387, 20.5347976685], [286.607269287, -0.674145281315, 215.802703857, 50.1974868774, 7.78486347198, 324.679656982, 120.864814758, 13.458940506, 75.771522522, -9.0030040741, 25.4127445221, -14.9444389343, -13.8670663834], [110.295333862, 84.8545761108, 65.679107666, 25.0999546051, 4.45942211151, 120.864814758, 203.261291504, 37.03282547, 27.5320606232, 38.4661903381, 13.0696058273, 9.78451156616, 4.9499912262], [410.291320801, 34.7867774963, -8.82529449463, 6.93171787262, 4.33290815353, 13.458940506, 37.03282547, 142.058364868, 4.59476137161, 27.1944274902, 24.7308483124, -0.422478497028, 5.15242052078], [-384.017364502, 48.0024642944, 67.1304244995, -38.166103363, 7.27822303772, 75.771522522, 27.5320606232, 4.59476137161, 143.528488159, -2.99032211304, 22.8598175049, 4.59623146057, 5.81586694717], [246.57019043, -91.0378112793, 0.494100004435, 25.6610031128, -4.85432863235, -9.0030040741, 38.4661903381, 27.1944274902, -2.99032211304, 161.206848145, 36.2262115479, 11.7340364456, 9.72636604309], [-216.339889526, -10.1700992584, 14.209561348, -72.1270370483, -36.0246086121, 25.4127445221, 13.0696058273, 24.7308483124, 22.8598175049, 36.2262115479, 114.23853302, 12.0383853912, 2.71429109573], [18.8002605438, -5.88523387909, -7.09739875793, 15.5464601517, 10.3171949387, -14.9444389343, 9.78451156616, -0.422478497028, 4.59623146057, 11.7340364456, 12.0383853912, 75.110786438, 25.7764339447], [-206.025604248, -13.010641098, 4.59537649155, 5.39140892029, 20.5347976685, -13.8670663834, 4.9499912262, 5.15242052078, 5.81586694717, 9.72636604309, 2.71429109573, 25.7764339447, 91.3101730347]], "icov": [[0.000151274129166, -6.13809825154e-05, 0.000161396179465, -0.000461894465843, 0.000229528261116, -0.000323518877849, 0.000202248833375, -0.000432937347796, 0.000317134137731, -0.000225031020818, 0.000203763513127, -0.000180899354746, 0.000313223426929], [-6.13809825154e-05, 0.000626468972769, 0.000597776263021, 1.1319614714e-05, -0.00040464947233, 1.16675437312e-06, -0.000476146291476, 0.00016650283942, -0.000482774601551, 0.000571806100197, -0.000347206514562, 0.000255296326941, -6.42948871246e-05], [0.000161396179465, 0.000597776263021, 0.00255199125968, -0.000866219808813, 5.42359412066e-05, -0.00157055852469, -6.68150096317e-05, -0.000263790367171, -0.000335034012096, 0.000193986066733, -7.95496380306e-05, 7.53720742068e-05, 0.000121606848552], [-0.000461894465843, 1.1319614714e-05, -0.000866219808813, 0.00424981862307, -0.0018697330961, 0.000260323256953, -0.000304071931168, 0.00105102325324, 0.000121178323752, -0.000303929671645, 0.00120795983821, -0.000393561116653, -0.000730862084311], [0.000229528261116, -0.00040464947233, 5.42359412066e-05, -0.0018697330961, 0.00562560465187, -0.000409499363741, 0.00057931302581, -0