{"tonal": {"chords_key": "C", "hpcp_entropy": {"dmean": 0.69284337759, "dmean2": 1.16322827339, "max": 4.5299987793, "dvar": 0.325334399939, "mean": 2.08652687073, "dvar2": 0.866542160511, "min": 0, "var": 0.687255620956, "median": 2.05813002586}, "key_key": "C", "chords_strength": {"dmean": 0.0105094891042, "dmean2": 0.0112003395334, "max": 0.790688931942, "dvar": 7.74789223215e-05, "mean": 0.509324669838, "dvar2": 0.000107263833343, "min": 0.231658875942, "var": 0.00920322537422, "median": 0.509118378162}, "key_scale": "major", "chords_number_rate": 0.00169755273964, "thpcp": [1, 0.649734795094, 0.320591032505, 0.256556421518, 0.262551158667, 0.507200479507, 0.704250693321, 0.536994099617, 0.420987725258, 0.440330654383, 0.36242467165, 0.341942965984, 0.385320097208, 0.437014073133, 0.771817922592, 0.936496973038, 0.564329862595, 0.290744960308, 0.24566423893, 0.287353396416, 0.569207966328, 0.784572482109, 0.556368649006, 0.358918011189, 0.34847137332, 0.337045311928, 0.560877501965, 0.693143546581, 0.564392268658, 0.669825434685, 0.675747513771, 0.387572020292, 0.308156907558, 0.400149345398, 0.424592614174, 0.730160951614], "key_strength": 0.835967600346, "tuning_nontempered_energy_ratio": 0.728612482548, "tuning_frequency": 440.254241943, "chords_changes_rate": 0.0738435387611, "tuning_diatonic_strength": 0.661640763283, "chords_scale": "major", "chords_histogram": [20.1725845337, 2.6170604229, 7.44093942642, 1.81072282791, 1.73999154568, 0.0565850883722, 0.72145986557, 0.778044998646, 0.933654010296, 0.282925456762, 1.83901536465, 0, 0.212194085121, 0, 0, 0.268779188395, 0, 7.82288885117, 0.311217993498, 15.9004106522, 2.71608424187, 6.80435705185, 9.90239048004, 17.6686935425], "tuning_equal_tempered_deviation": 0.0191027447581, "hpcp": {"dmean": [0.150246173143, 0.131228283048, 0.107858575881, 0.112440600991, 0.104326613247, 0.0964598730206, 0.10634700954, 0.122164674103, 0.167440161109, 0.184343904257, 0.14546687901, 0.103756599128, 0.0892237350345, 0.0917194187641, 0.1278437078, 0.156960293651, 0.132577627897, 0.107110768557, 0.108146093786, 0.108668759465, 0.134119808674, 0.156720876694, 0.149497911334, 0.177501559258, 0.170727461576, 0.113127805293, 0.0995781347156, 0.116500481963, 0.119155488908, 0.156256318092, 0.168346464634, 0.137187808752, 0.0897688120604, 0.0739116743207, 0.0816156119108, 0.122502684593], "dmean2": [0.256406784058, 0.22812910378, 0.188849747181, 0.197321623564, 0.185602277517, 0.17050036788, 0.187640279531, 0.216670334339, 0.292745172977, 0.319785743952, 0.258645921946, 0.191886916757, 0.164130568504, 0.166718199849, 0.219104409218, 0.26748034358, 0.232016727328, 0.193768665195, 0.197012469172, 0.196341514587, 0.233988180757, 0.274397999048, 0.266086488962, 0.320959866047, 0.305375665426, 0.204327568412, 0.179615527391, 0.205393448472, 0.20709246397, 0.267555266619, 0.288564145565, 0.236262068152, 0.160566538572, 0.131380051374, 0.145553901792, 0.211380437016], "max": [1, 1, 1, 1, 1, 1, 1, 1, 1, 1, 1, 1, 1, 1, 1, 1, 1, 1, 1, 1, 1, 1, 1, 1, 1, 1, 1, 1, 1, 1, 1, 1, 1, 1, 1, 1], "dvar": [0.0473169796169, 0.0396390818059, 0.0338453277946, 0.0360422879457, 0.0317525975406, 0.0304136034101, 0.0340918712318, 0.0395686179399, 0.0588582642376, 0.0631662085652, 0.0495754033327, 0.0431591123343, 0.0338762067258, 0.0323436558247, 0.0417505651712, 0.0535289347172, 0.0408674888313, 0.0405717715621, 0.0453190021217, 0.0414582639933, 0.047231670469, 0.0590974800289, 0.0485990643501, 0.0674446672201, 0.0594047196209, 0.0383823141456, 0.0331894643605, 0.051398191601, 0.0404517278075, 0.0470127053559, 0.0576544366777, 0.039635643363, 0.0310069285333, 0.0220055542886, 0.0265782866627, 0.03780131042], "mean": [0.191159904003, 0.145760223269, 0.114271767437, 0.119522154331, 0.0983755737543, 0.0928160697222, 0.104590244591, 0.118621915579, 0.209500163794, 0.254200190306, 0.153180167079, 0.0789190232754, 0.0666824355721, 0.0779984295368, 0.154504269361, 0.21296222508, 0.151019200683, 0.0974237322807, 0.0945881232619, 0.0914866626263, 0.152243062854, 0.188145011663, 0.153197109699, 0.181815594435, 0.1834230721, 0.105201497674, 0.0836452767253, 0.108615450561, 0.115250267088, 0.19819290936, 0.271437287331, 0.176362246275, 0.0870203599334, 0.0696389824152, 0.0712661743164, 0.137673124671], "dvar2": [0.116142570972, 0.103988721967, 0.0865783393383, 0.0931444391608, 0.0867786929011, 0.0822027400136, 0.0938876867294, 0.108477920294, 0.142760455608, 0.157671421766, 0.137647494674, 0.121806062758, 0.0941097512841, 0.0897837504745, 0.102101348341, 0.126827716827, 0.108744136989, 0.110335975885, 0.124919489026, 0.115664094687, 0.117344602942, 0.147240430117, 0.134196817875, 0.185612842441, 0.161057919264, 0.106610678136, 0.0925519242883, 0.126950904727, 0.107565194368, 0.122982494533, 0.135318517685, 0.104577854276, 0.0823770612478, 0.0593397729099, 0.071793332696, 0.0971143767238], "min": [0, 0, 0, 0, 0, 0, 0, 0, 0, 0, 0, 0, 0, 0, 0, 0, 0, 0, 0, 0, 0, 0, 0, 0, 0, 0, 0, 0, 0, 0, 0, 0, 0, 0, 0, 0], "var": [0.0782016143203, 0.0487812198699, 0.0447560846806, 0.048000998795, 0.0331628844142, 0.0300427377224, 0.0366524495184, 0.0400092303753, 0.0847913995385, 0.108145646751, 0.0522206388414, 0.0321450605989, 0.0243027769029, 0.0263276789337, 0.0579745322466, 0.0894490033388, 0.0511089451611, 0.0398393422365, 0.0438222102821, 0.0335800796747, 0.0631855353713, 0.086036786437, 0.0509023629129, 0.0765973329544, 0.0725118890405, 0.0344961583614, 0.0274739041924, 0.0515754036605, 0.0428659766912, 0.0688764452934, 0.120602354407, 0.0581285357475, 0.03328974545, 0.0226010009646, 0.0224602147937, 0.0471222400665], "median": [0.0586006045341, 0.0474228411913, 0.0250531490892, 0.0234680771828, 0.0206048563123, 0.0239196568727, 0.0255117192864, 0.0322392508388, 0.0635377839208, 0.0847236141562, 0.0458668470383, 0.0129918623716, 0.0102858971804, 0.0154415350407, 0.0450522489846, 0.0652692392468, 0.0467531383038, 0.0174131374806, 0.0127307353541, 0.0180743504316, 0.0357175767422, 0.0454851314425, 0.048339292407, 0.0469181872904, 0.0461777411401, 0.0259908512235, 0.0167681034654, 0.0172933377326, 0.0262541547418, 0.0673374012113, 0.0894938260317, 0.0565596595407, 0.0191390085965, 0.0137858726084, 0.0160460211337, 0.0390077605844]}}, "lowlevel": {"melbands_flatness_db": {"dmean": 0.0414170436561, "dmean2": 0.0591375604272, "max": 0.607768118382, "dvar": 0.00193137221504, "mean": 0.226391762495, "dvar2": 0.00389244942926, "min": 0.00636336347088, "var": 0.00913341250271, "median": 0.217677071691}, "melbands_crest": {"dmean": 3.45950841904, "dmean2": 5.53368997574, "max": 36.9281005859, "dvar": 10.8905954361, "mean": 14.335059166, "dvar2": 26.4372062683, "min": 1.88042938709, "var": 31.8897171021, "median": 13.6603097916}, "spectral_entropy": {"dmean": 0.248093545437, "dmean2": 0.356830537319, "max": 9.80084323883, "dvar": 0.0679993927479, "mean": 7.47214603424, "dvar2": 0.142895892262, "min": 4.45582962036, "var": 0.346358507872, "median": 7.49929380417}, "melbands": {"dmean": [0.0023016994819, 0.00320315500721, 0.00104664103128, 0.00076534145046, 0.000249409902608, 0.000153237488121, 0.000114079768537, 8.24013040983e-05, 6.23670493951e-05, 4.73283216706e-05, 6.54792092973e-05, 4.82793657284e-05, 4.00361932407e-05, 2.69863267022e-05, 1.78655645868e-05, 1.49796787809e-05, 2.60148790403e-05, 1.47773889694e-05, 1.1668596926e-05, 7.96098993305e-06, 6.17952764514e-06, 5.28597502125e-06, 3.93802065446e-06, 4.39018685938e-06, 4.41075417257e-06, 3.02616217596e-06, 3.7405693547e-06, 2.63870219896e-06, 2.76731543636e-06, 3.81364020541e-06, 2.13925750359e-06, 2.96713574244e-06, 2.58793306784e-06, 2.97455176224e-06, 2.58535328612e-06, 1.92513175534e-06, 1.65484686931e-06, 1.34688491471e-06, 1.01233376881e-06, 8.24847120384e-07], "dmean2": [0.00373016460799, 0.00514963082969, 0.00167487503495, 0.00121619249694, 0.000421953242039, 0.000253897742368, 0.000184178366908, 0.000126858998556, 9.51463516685e-05, 7.09436790203e-05, 9.93730354821e-05, 7.91515194578e-05, 6.23591477051e-05, 4.11067267123e-05, 2.76611772279e-05, 2.36927244259e-05, 4.15616559621e-05, 2.32941692957e-05, 1.84428045031e-05, 1.26942768475e-05, 9.62423746387e-06, 8.57196300785e-06, 6.06834510108e-06, 6.82040945321e-06, 6.68506481816e-06, 4.47498587164e-06, 5.72906947127e-06, 3.69473445971e-06, 3.93109439756e-06, 5.56042323296e-06, 3.09649135488e-06, 4.25152848038e-06, 3.57539738616e-06, 4.41694419351e-06, 3.7342908854e-06, 2.82291489384e-06, 2.33765308622e-06, 1.92817083189e-06, 1.46835714077e-06, 1.26711199755e-06], "max": [0.0691030621529, 0.0786662921309, 0.0243098586798, 0.026585014537, 0.0109060229734, 0.00456710578874, 0.00327710458077, 0.00818976946175, 0.00642101792619, 0.00588103709742, 0.0099125681445, 0.00339377322234, 0.005761499051, 0.00294033321552, 0.00572390388697, 0.00133554369677, 0.00431898515671, 0.00133578211535, 0.00207393057644, 0.000682110141497, 0.000673858216032, 0.000497079745401, 0.000401404016884, 0.000804650539067, 0.000833387312014, 0.000717558257747, 0.00065838592127, 0.00036744112731, 0.00015499087749, 0.000189421218238, 0.000213318358874, 0.000302783038933, 0.000289869931294, 0.000420173571911, 0.000474268221296, 0.000303150503896, 0.000140096613904, 0.000127922234242, 0.000135609981953, 7.39376264391e-05], "dvar": [5.24499373569e-05, 0.000100674958958, 7.33496517569e-06, 5.60642956771e-06, 4.30731887491e-07, 1.32738762204e-07, 7.36165119974e-08, 4.74261945271e-08, 2.90598780595e-08, 2.44607765154e-08, 5.21013454602e-08, 3.00015017274e-08, 2.04494980949e-08, 7.42940109433e-09, 3.94016330674e-09, 1.6401748848e-09, 1.0083226698e-08, 1.74836445321e-09, 1.23653920436e-09, 4.91360674371e-10, 2.99107461021e-10, 2.17426340821e-10, 9.51680123595e-11, 2.11723735766e-10, 2.01622940565e-10, 1.11318683438e-10, 2.33320446297e-10, 7.00199204173e-11, 5.90035312276e-11, 1.17811621569e-10, 3.81400223903e-11, 7.55343634862e-11, 9.57651596911e-11, 1.42293357652e-10, 1.1154651508e-10, 6.4166401359e-11, 2.94628314801e-11, 1.68255010619e-11, 1.26061721825e-11, 7.01921507029e-12], "mean": [0.00234065693803, 0.00303363194689, 0.00116678990889, 0.000865372247063, 0.000309879222186, 0.000202330804314, 0.000155527348397, 0.000132067318191, 9.95362424874e-05, 7.74058062234e-05, 9.98443501885e-05, 6.06991270615e-05, 6.47062333883e-05, 4.36931113654e-05, 2.57792071352e-05, 2.21076770686e-05, 3.95527058572e-05, 2.24655359489e-05, 1.75286422746e-05, 1.02769736259e-05, 9.09877871891e-06, 8.56608130562e-06, 5.78343315283e-06, 6.21919889454e-06, 6.05907143836e-06, 4.07042762163e-06, 4.70539225716e-06, 3.50600862475e-06, 3.52702954842e-06, 4.5500073611e-06, 3.17309536513e-06, 3.67043048755e-06, 3.46022375197e-06, 3.59387695426e-06, 3.19262585435e-06, 2.46617264565e-06, 2.1576531708e-06, 1.75304830918e-06, 1.32445597956e-06, 1.0699413906e-06], "dvar2": [0.000127099716337, 0.000247055315413, 1.81005561899e-05, 1.38256618811e-05, 1.18465686683e-06, 3.51418634637e-07, 1.87021313991e-07, 1.12428949706e-07, 5.76839376265e-08, 4.37780123264e-08, 1.19887062056e-07, 8.11101443787e-08, 4.96217147372e-08, 1.68274318924e-08, 6.85816470281e-09, 3.9396872431e-09, 2.58945238585e-08, 4.21837542675e-09, 2.76041234315e-09, 1.15280585078e-09, 7.2039818555e-10, 4.92280050057e-10, 2.16828818789e-10, 5.10005704335e-10, 4.89228324518e-10, 2.46560466488e-10, 5.960487659e-10, 1.37118857935e-10, 1.18767870538e-10, 2.55305193653e-10, 7.75659050878e-11, 1.61864063819e-10, 1.98090294168e-10, 2.97488311762e-10, 2.25696350498e-10, 1.26872082284e-10, 5.61377923314e-11, 3.51972999357e-11, 2.58700786487e-11, 1.5070934084e-11], "min": [8.1144252195e-24, 4.91402954322e-24, 2.05967460555e-24, 1.01742806714e-23, 1.90899179913e-23, 1.60739292013e-23, 9.51080920707e-24, 1.10478321057e-23, 1.12661075516e-23, 8.74814558365e-24, 8.81964714724e-24, 9.22650215911e-24, 7.58578112791e-24, 7.13382299379e-24, 8.99141608733e-24, 1.21689983007e-23, 1.54154512265e-23, 8.5907347009e-24, 6.2377397199e-24, 5.47996900625e-24, 1.24563266859e-23, 1.00271738898e-23, 8.92836716834e-24, 1.81266178518e-23, 1.23830280972e-23, 1.04997780915e-23, 7.02972096443e-24, 3.23314799777e-24, 1.1638006559e-23, 1.81121690755e-23, 1.18465813824e-23, 1.24965783136e-23, 1.20824302826e-23, 9.31742942249e-24, 1.00903703258e-23, 6.35518769805e-24, 4.81465712942e-24, 7.19739492756e-24, 1.68942230581e-23, 1.18973643031e-23], "var": [4.73225009046e-05, 8.81137893884e-05, 7.20866046322e-06, 5.36266952622e-06, 4.10566997289e-07, 1.47652329474e-07, 9.47826350739e-08, 1.03371213811e-07, 5.97928746515e-08, 6.29125196383e-08, 1.07383968384e-07, 3.2929182936e-08, 5.30519521647e-08, 1.65916187456e-08, 8.8964648981e-09, 2.9809352764e-09, 2.45355540329e-08, 3.44501804861e-09, 2.52112530852e-09, 7.60010943068e-10, 6.27712382073e-10, 6.59795051927e-10, 1.84021561878e-10, 3.54140494707e-10, 3.18147702627e-10, 1.50738505011e-10, 2.45157005807e-10, 1.12144904474e-10, 1.05457399757e-10, 1.85515144913e-10, 9.49077136325e-11, 1.33030267357e-10, 1.59745106032e-10, 2.00839039843e-10, 1.7296689081e-10, 1.01867840552e-10, 5.61511774577e-11, 3.33378706585e-11, 2.35196046666e-11, 1.29829679993e-11], "median": [0.000157377857249, 0.000216933316551, 0.00023117128876, 0.000166572193848, 8.71881784406e-05, 6.30588183412e-05, 4.58788708784e-05, 3.20136277878e-05, 2.7835214496e-05, 1.89536131074e-05, 1.83234751603e-05, 1.41419041029e-05, 1.07292935354e-05, 8.99641509022e-06, 6.41728001938e-06, 5.45577677258e-06, 6.54093901176e-06, 4.956002158e-06, 3.4003055589e-06, 1.95761458599e-06, 1.56146938934e-06, 1.29961836137e-06, 1.00473516795e-06, 1.05311403331e-06, 9.42459621456e-07, 7.80759819463e-07, 5.86715884765e-07, 3.64986789236e-07, 3.02827487531e-07, 3.09662254949e-07, 2.35027243889e-07, 1.82757545986e-07, 1.33878685915e-07, 1.39548305356e-07, 1.17957505097e-07, 8.77540315969e-08, 6.49288551813e-08, 5.09282784833e-08, 4.7281243809e-08, 3.93521055742e-08]}, "silence_rate_60dB": {"dmean": 0.0785229206085, "dmean2": 0.157056957483, "max": 1, "dvar": 0.072356082499, "mean": 0.245242983103, "dvar2": 0.149930432439, "min": 0, "var": 0.185092061758, "median": 0}, "spectral_energyband_middle_high": {"dmean": 0.00129341136198, "dmean2": 0.00189990573563, "max": 0.0599582754076, "dvar": 6.8450353865e-06, "mean": 0.00269009615295, "dvar2": 1.53667497216e-05, "min": 1.5087523957e-21, "var": 2.21778973355e-05, "median": 0.000910300761461}, "erbbands_skewness": {"dmean": 0.510310828686, "dmean2": 0.779326975346, "max": 14.7566404343, "dvar": 0.311468094587, "mean": 0.52763825655, "dvar2": 0.705171346664, "min": -4.54413414001, "var": 1.50875461102, "median": 0.45906239748}, "dynamic_complexity": 5.23357391357, "dissonance": {"dmean": 0.0219895225018, "dmean2": 0.036583095789, "max": 0.500000119209, "dvar": 0.000627510773484, "mean": 0.460842967033, "dvar2": 0.00172178226057, "min": 0.122700661421, "var": 0.00114247738384, "median": 0.46977853775}, "spectral_skewness": {"dmean": 0.352504521608, "dmean2": 0.536683380604, "max": 6.4753575325, "dvar": 0.149971425533, "mean": 1.77719497681, "dvar2": 0.36679944396, "min": -0.1684384197, "var": 0.545483708382, "median": 1.7295242548}, "spectral_kurtosis": {"dmean": 2.60968637466, "dmean2": 4.23863172531, "max": 72.0766830444, "dvar": 14.3795375824, "mean": 6.09346246719, "dvar2": 39.6074180603, "min": -1.23183214664, "var": 35.5863838196, "median": 4.71262979507}, "gfcc": {"cov": [[11951.5927734, -217.559692383, 816.061645508, 1256.62890625, -214.58215332, 288.076385498, -363.621673584, 7.29475736618, -106.231971741, 30.6047420502, -288.024108887, -92.2258605957, -166.64541626], [-217.559692383, 3343.65820313, -168.657623291, -161.4140625, 904.344848633, -373.491546631, 205.798156738, -84.9805603027, 264.150115967, -136.984893799, 255.783966064, -121.976028442, 154.61088562], [816.061645508, -168.657623291, 1557.26428223, 645.824462891, 99.39453125, 283.042419434, 20.6354942322, 93.2799911499, 75.2617797852, 135.583908081, -22.3585224152, 59.4316711426, -48.8114433289], [1256.62890625, -161.4140625, 645.824462891, 842.182128906, 193.946594238, 131.660324097, 75.3846969604, 93.4601745605, 81.6471481323, 67.9253463745, -2.19167304039, 16.0453796387, 2.86395764351], [-214.58215332, 904.344848633, 99.39453125, 193.946594238, 727.514404297, -28.452205658, 220.697616577, 56.0199241638, 157.247299194, -22.7610645294, 112.840950012, -3.34929513931, 68.7208175659], [288.076385498, -373.491546631, 283.042419434, 131.660324097, -28.452205658, 336.116516113, 94.4652862549, 74.736114502, -4.20810127258, 65.6494293213, -9.52056598663, 41.8331565857, -15.5979738235], [-363.621673584, 205.798156738, 20.6354942322, 75.3846969604, 220.697616577, 94.4652862549, 304.67300415, 92.1432418823, 73.8143234253, 10.5142688751, 78.806427002, 17.7824935913, 43.2165870667], [7.29475736618, -84.9805603027, 93.2799911499, 93.4601745605, 56.0199241638, 74.736114502, 92.1432418823, 157.185211182, 67.7704772949, 46.2605171204, 19.7564048767, 25.4645957947, 8.37166309357], [-106.231971741, 264.150115967, 75.2617797852, 81.6471481323, 157.247299194, -4.20810127258, 73.8143234253, 67.7704772949, 171.093093872, 64.8642578125, 58.4089202881, 4.555164814, 23.4057044983], [30.6047420502, -136.984893799, 135.583908081, 67.9253463745, -22.7610645294, 65.6494293213, 10.5142688751, 46.2605171204, 64.8642578125, 152.961517334, 44.6142120361, 35.246925354, -1.76625478268], [-288.024108887, 255.783966064, -22.3585224152, -2.19167304039, 112.840950012, -9.52056598663, 78.806427002, 19.7564048767, 58.4089202881, 44.6142120361, 126.80305481, 40.9277496338, 39.3516960144], [-92.2258605957, -121.976028442, 59.4316711426, 16.0453796387, -3.34929513931, 41.8331565857, 17.7824935913, 25.4645957947, 4.555164814, 35.246925354, 40.9277496338, 98.3261108398, 39.7435684204], [-166.64541626, 154.61088562, -48.8114433289, 2.86395764351, 68.7208175659, -15.5979738235, 43.2165870667, 8.37166309357, 23.4057044983, -1.76625478268, 39.3516960144, 39.7435684204, 92.6487045288]], "mean": [-70.5796508789, 90.836555481, -111.457618713, 20.5904064178, -58.8026733398, 13.8441953659, -35.8820991516, 3.6946606636, -24.6947822571, 0.0772343277931, -15.2762975693, -2.24629545212, -10.7649497986], "icov": [[0.000124144833535, -9.39823075896e-05, 7.30040628696e-05, -0.00026576363598, 7.94666775619e-05, -0.000156169437105, 0.000169123144588, -4.25203070336e-05, 9.93158246274e-05, -6.46405678708e-05, 0.000256399885984, -0.000111968256533, 0.000179333786946], [-9.39823075896e-05, 0.000872691860422, -0.000301684485748, 0.000558025843929, -0.000721333257388, 0.000479102978716, 3.37087221851e-05, 0.000404585152864, -0.000689677312039, 0.00074797985144, -0.00154866650701, 0.00158877298236, -0.00107341725379], [7.30040628696e-05, -0.000301684485748, 0.00126963283401, -0.000993415596895, 9.00752420421e-05, -0.000834055128507, 0.000340573402354, 5.8720495872e-05, -5.53358004254e-05, -0.000578102597501, 0.000902093655895, -0.00124751136173, 0.00111791444942], [-0.00026576363598, 0.000558025843929, -0.000993415596895, 0.00265821744688, -0.000875830766745, 0.000460105977254, -0.000327731133439, -0.000277777435258, -0.000476649700431, 0.000111630375613, -0.000636167300399, 0.00127259106375, -0.00126288202591], [7.94666775619e-05, -0.000721333257388, 9.00752420421e-05, -0.000875830766745, 0.00313343666494, -0.000107558327727, -0.00118796457537, 6.64828767185e-05, -0.0012099579908, 0.000926173874177, -4.81414899696e-05, -0.000757086323574, 0.000295595091302], [-0.000156169437105, 0.000479102978716, -0.000834055128507, 0.000460105977254, -0.000107558327727, 0.0054221758619, -0.00239216117188, -0.000676014227793, 0.0011094128713, -0.00149421649985, 0.000808489101473, -0.000812352343928, 0.000331821676809], [0.000169123144588, 3.37087221851e-05, 0.000340573402354, -0.000327731133439, -0.00118796457537, -0.00239216117188, 0.00683421827853, -0.00265456712805, -0.000172757892869, 0.00160783447791, -0.00323219434358, 0.00180293014273, -0.0013583379332], [-4.25203070336e-05, 0.000404585152864, 5.8720495872e-05, -0.000277777435258, 6.64828767185e-05, -0.000676014227793, -0.00265456712805, 0.0105441631749, -0.00397918373346, -0.000538522901479, 0.00145196926314, -0.0019724261947, 0.000634621537756], [9.93158246274e-05, -0.000689677312039, -5.53358004254e-05, -0.000476649700431, -0.0012099579908, 0.0011094128713, -0.000172757892869, -0.00397918373346, 0.0123100914061, -0.00528648169711, -0.000645052525215, 0.00185081548989, -0.000891099334694], [-6.46405678708e-05, 0.00074797985144, -0.000578102597501, 0.000111630375613, 0.000926173874177, -0.00149421649985, 0.00160783447791, -0.000538522901479, -0.00528648169711, 0.0125531377271, -0.00569893373176, -0.000537763698958, 0.000913716445211], [0.000256399885984, -0.00154866650701, 0.000902093655895, -0.000636167300399, -4.81414899696e-05, 0.000808489101473, -0.00323219434358, 0.00145196926314, -0.000645052525215, -0.00569893373176, 0.0182895436883, -0.00815167464316, 0.000871629221365], [-0.000111968256533, 0.00158877298236, -0.00124751136173, 0.00127259106375, -0.000757086323574, -0.000812352343928, 0.00180293014273, -0.0019724261947, 0.00185081548989, -0.000537763698958, -0.00815167464316, 0.0204590912908, -0.00957908760756], [0.000179333786946, -0.00107341725379, 0.00111791444942, -0.00126288202591, 0.000295595091302, 0.000331821676809, -0.0013583379332, 0.000634621537756, -0.000891099334694, 0.000913716445211, 0.000871629221365, -0.00957908760756, 0.0179296713322]]}, "spectral_complexity": {"dmean": 3.65223550797, "dmean2": 5.21697902679, "max": 59, "dvar": 27.7519187927, "mean": 11.7464103699, "dvar2": 45.3498840332, "min": 0, "var": 96.8533935547, "median": 9}, "spectral_flux": {"dmean": 0.0401036776602, "dmean2": 0.064609348774, "max": 0.518398225307, "dvar": 0.00442921603099, "mean": 0.0799151286483, "dvar2": 0.0103242080659, "min": 1.04190010786e-10, "var": 0.00744357565418, "median": 0.0510425418615}, "spectral_energyband_low": {"dmean": 0.0140893915668, "dmean2": 0.022025629878, "max": 0.354271352291, "dvar": 0.00177652691491, "mean": 0.014524133876, "dvar2": 0.00424624374136, "min": 3.7338301257e-23, "var": 0.00166926346719, "median": 0.00178669462912}, "spectral_decrease": {"dmean": 5.01579000556e-09, "dmean2": 7.57878382274e-09, "max": 1.13891128939e-15, "dvar": 1.4060973241e-16, "mean": -6.60694210453e-09, "dvar2": 3.25917314038e-16, "min": -9.50548368905e-08, "var": 1.52563087832e-16, "median": -2.39076380915e-09}, "barkbands_spread": {"dmean": 7.61054468155, "dmean2": 11.6213541031, "max": 108.259895325, "dvar": 104.246353149, "mean": 19.0306129456, "dvar2": 233.725082397, "min": 0.0999059081078, "var": 266.85760498, "median": 14.2226352692}, "spectral_rms": {"dmean": 0.00136274448596, "dmean2": 0.00187301775441, "max": 0.018779842183, "dvar": 5.2450172916e-06, "mean": 0.00388933438808, "dvar2": 1.03069523902e-05, "min": 3.25434926403e-12, "var": 1.04971231849e-05, "median": 0.00309263705276}, "spectral_centroid": {"dmean": 326.530761719, "dmean2": 486.43548584, "max": 11273.4833984, "dvar": 196429.0625, "mean": 1208.44873047, "dvar2": 388895.125, "min": 105.02256012, "var": 735672.8125, "median": 990.663024902}, "barkbands_skewness": {"dmean": 0.966514110565, "dmean2": 1.44164919853, "max": 38.3712921143, "dvar": 1.83766031265, "mean": 1.87317204475, "dvar2": 4.06645298004, "min": -22.767162323, "var": 5.48350524902, "median": 1.52276980877}, "spectral_rolloff": {"dmean": 666.218261719, "dmean2": 1095.99353027, "max": 19530.6152344, "dvar": 1746838, "mean": 1602.32226563, "dvar2": 3737576, "min": 21.533203125, "var": 4962248, "median": 904.39453125}, "erbbands_spread": {"dmean": 11.6224222183, "dmean2": 17.3290138245, "max": 172.188949585, "dvar": 184.02923584, "mean": 37.4420700073, "dvar2": 390.328308105, "min": 0.190152928233, "var": 582.029663086, "median": 30.5412082672}, "barkbands": {"dmean": [0.000336245750077, 0.010660238564, 0.00322524295188, 0.00203543971293, 0.00310039450414, 0.00081124267308, 0.000505102798343, 0.000392492773244, 0.000308115850203, 0.000471873267088, 0.000311508367304, 0.000189092141227, 0.000157829024829, 0.000243796952418, 0.0001644937729, 8.83489847183e-05, 9.59299504757e-05, 8.83379179868e-05, 9.26392021938e-05, 8.79249855643e-05, 0.000123202131363, 0.000138857372804, 0.000151087457198, 0.000117181982205, 7.3018760304e-05, 4.05148166465e-05, 6.36266076981e-06], "dmean2": [0.000577182509005, 0.0171739682555, 0.0054698982276, 0.00333332805894, 0.00488960649818, 0.00134130800143, 0.000817718799226, 0.000594041193835, 0.000462638039608, 0.000731510750484, 0.000487250421429, 0.000292381067993, 0.000252753845416, 0.000390500412323, 0.000262020796072, 0.000137852752232, 0.000153273547767, 0.000136199843837, 0.000136584203574, 0.000125351114548, 0.000175181077793, 0.000191330633243, 0.000221350783249, 0.000164450975717, 0.000107483567263, 6.11273935647e-05, 1.02360654637e-05], "max": [0.0109147978947, 0.3033618927, 0.102271534503, 0.0590767487884, 0.105613067746, 0.0253974348307, 0.0209614541382, 0.0327510088682, 0.0404527932405, 0.0520662590861, 0.041875757277, 0.0267328992486, 0.0392538867891, 0.0376007407904, 0.0186398178339, 0.00661289738491, 0.00940004270524, 0.0179506801069, 0.0161304734647, 0.0124674588442, 0.00714541506022, 0.0121118137613, 0.0269323270768, 0.0110164629295, 0.00836225599051, 0.00592169491574, 0.00164578063414], "dvar": [6.03894875439e-07, 0.00114975345787, 0.000108818640001, 3.04167951981e-05, 8.53885430843e-05, 3.81630115953e-06, 1.49740117195e-06, 1.05127583083e-06, 9.37077118124e-07, 2.19741514229e-06, 1.06676588985e-06, 4.67968845896e-07, 2.41134614498e-07, 7.62362617479e-07, 2.03854369829e-07, 5.64898599009e-08, 7.56220899234e-08, 8.18754770648e-08, 7.49511670506e-08, 8.17036394096e-08, 1.1203930228e-07, 1.8604565355e-07, 3.885710953e-07, 1.39806658694e-07, 6.58008545429e-08, 3.6175077156e-08, 2.53408583006e-09], "mean": [0.000326184555888, 0.0102706542239, 0.00325092393905, 0.00211102282628, 0.00364589202218, 0.00106877915096, 0.000683528895024, 0.000635600474197, 0.000485942640807, 0.000680171768181, 0.000487183773657, 0.000272649223916, 0.000224954172154, 0.000373161339667, 0.000249509816058, 0.000111955843749, 0.000157326241606, 0.00012544884521, 0.000128229250549, 0.000122030818602, 0.000162891315995, 0.000182131087058, 0.000192557636183, 0.000155982590513, 0.000101985686342, 5.11000507686e-05, 6.73224440106e-06], "dvar2": [1.58826173902e-06, 0.00280123436823, 0.000285967602395, 7.72431085352e-05, 0.000208579367609, 1.0234896763e-05, 3.77248034056e-06, 2.27760142479e-06, 1.72715749613e-06, 5.32815101906e-06, 2.58786212726e-06, 1.08044525859e-06, 4.82696520976e-07, 1.91987601283e-06, 4.59756989812e-07, 1.36118202931e-07, 1.71145188688e-07, 2.01489484652e-07, 1.62701610407e-07, 1.75512269607e-07, 2.2512290343e-07, 3.7452858237e-07, 7.69537052747e-07, 2.66647134595e-07, 1.36421817842e-07, 8.43538998652e-08, 6.80920608787e-09], "min": [8.27048241693e-24, 2.69535659068e-23, 5.7527847174e-24, 4.73345375999e-24, 6.5290161173e-23, 8.24328407064e-23, 4.44048541371e-23, 5.38244591907e-23, 7.40479245488e-23, 6.49589153235e-23, 5.36108924555e-23, 8.85926326858e-23, 6.95934226546e-23, 1.72718267921e-22, 8.29964597351e-23, 1.30010575446e-22, 1.84072879355e-22, 3.21442264869e-22, 2.5984843453e-22, 1.41248410223e-22, 6.15644619945e-22, 6.42225875058e-22, 5.46039168739e-22, 6.21446041881e-22, 1.23584368099e-21, 2.09395016539e-21, 2.50334317629e-21], "var": [5.82618156386e-07, 0.00101076357532, 8.80759835127e-05, 2.80501117231e-05, 8.45150352689e-05, 4.098559657e-06, 1.98516045202e-06, 2.2741292014e-06, 2.40610324909e-06, 3.82043299396e-06, 2.80877270598e-06, 7.84431279044e-07, 4.55470598126e-07, 1.93280197891e-06, 4.38782876699e-07, 8.2061696105e-08, 2.18424048626e-07, 1.17023752466e-07, 1.23058384816e-07, 1.23165733612e-07, 2.21534875777e-07, 3.45834223481e-07, 6.02176612574e-07, 2.83518090782e-07, 1.34212555736e-07, 5.41311244717e-08, 2.02702965524e-09], "median": [3.32903618983e-05, 0.000497223576531, 0.000256383966189, 0.000318518723361, 0.000757251342293, 0.000337253470207, 0.000197466288228, 0.000152849810547, 0.000113144982606, 0.000144799676491, 7.82155038905e-05, 6.12220246694e-05, 5.45834482182e-05, 6.53328606859e-05, 5.08167795488e-05, 2.20002730202e-05, 2.35121697187e-05, 2.23118349822e-05, 2.22184025915e-05, 1.44660780279e-05, 1.29404943436e-05, 8.48175204737e-06, 7.49997388994e-06, 5.09617802891e-06, 4.04710363e-06, 1.29377292524e-06, 2.21129539568e-07]}, "melbands_kurtosis": {"dmean": 16.7032604218, "dmean2": 25.9792098999, "max": 631.901367188, "dvar": 1315.61376953, "mean": 23.1411800385, "dvar2": 3092.2265625, "min": -1.85102820396, "var": 1947.31567383, "median": 8.08697986603}, "erbbands_crest": {"dmean": 2.77380466461, "dmean2": 4.46843576431, "max": 34.7418937683, "dvar": 7.35101652145, "mean": 9.37924575806, "dvar2": 17.7839260101, "min": 2.26990461349, "var": 27.059217453, "median": 7.97979259491}, "melbands_skewness": {"dmean": 1.14205825329, "dmean2": 1.69906568527, "max": 21.16746521, "dvar": 2.04107737541, "mean": 2.85848331451, "dvar2": 4.41058349609, "min": -8.33875465393, "var": 5.65175104141, "median": 2.30217790604}, "spectral_energyband_middle_low": {"dmean": 0.0061100833118, "dmean2": 0.00944841932505, "max": 0.159322917461, "dvar": 0.000242740657995, "mean": 0.00898747704923, "dvar2": 0.000585247064009, "min": 3.34998429318e-22, "var": 0.000273675686913, "median": 0.00356992869638}, "spectral_contrast_coeffs": {"dmean": [0.057603944093, 0.0458991117775, 0.0385273247957, 0.0314746797085, 0.0237291697413, 0.018898865208], "dmean2": [0.0901571586728, 0.0741859525442, 0.0618273280561, 0.0506376959383, 0.0383507423103, 0.0297484677285], "max": [-0.237692445517, -0.409590274096, -0.406023293734, -0.472724795341, -0.525708258152, -0.571460723877], "dvar": [0.00303745130077, 0.00150373962242, 0.00103548064362, 0.000685638107825, 0.000455146771856, 0.000302402419038], "mean": [-0.632140159607, -0.750333726406, -0.779181599617, -0.801660716534, -0.810310959816, -0.788347482681], "dvar2": [0.00659541040659, 0.00370464823209, 0.00251975213178, 0.0017083795974, 0.00115213776007, 0.000743609736674], "min": [-0.958706796169, -0.959692060947, -0.960709929466, -0.962648570538, -0.957334339619, -0.964205980301], "var": [0.0149701014161, 0.00537453917786, 0.00589849753305, 0.00388541957363, 0.00272225704975, 0.00158536515664], "median": [-0.648447275162, -0.755718410015, -0.794252872467, -0.813833296299, -0.82050538063, -0.791226863861]}, "spectral_contrast_valleys": {"dmean": [0.588165462017, 0.445847183466, 0.40778580308, 0.413117796183, 0.412815064192, 0.454511493444], "dmean2": [0.881191551685, 0.704123854637, 0.64117705822, 0.635590136051, 0.585412442684, 0.620968520641], "max": [-4.85926771164, -4.66867208481, -5.53520393372, -5.47276830673, -5.60527420044, -7.00948143005], "dvar": [0.400009036064, 0.218916848302, 0.173056364059, 0.20288823545, 0.202539175749, 0.30458381772], "mean": [-8.17915058136, -7.31394672394, -7.78348588943, -8.23763751984, -8.35449790955, -10.714840889], "dvar2": [0.694947719574, 0.481802672148, 0.376258939505, 0.43763461709, 0.391826033592, 0.556222319603], "min": [-27.5625209808, -27.1843471527, -27.3864994049, -27.4017868042, -27.363576889, -27.1107158661], "var": [3.24139499664, 1.41290187836, 0.972357988358, 1.08096718788, 1.2275403738, 2.14128804207], "median": [-7.85724163055, -7.13457155228, -7.69991731644, -8.19172382355, -8.36902618408, -10.7820453644]}, "silence_rate_20dB": {"dmean": 0, "dmean2": 0, "max": 1, "dvar": 0, "mean": 1, "dvar2": 0, "min": 1, "var": 0, "median": 1}, "silence_rate_30dB": {"dmean": 0.0727221295238, "dmean2": 0.145454540849, "max": 1, "dvar": 0.0674415752292, "mean": 0.930536866188, "dvar2": 0.140980228782, "min": 0, "var": 0.0646357610822, "median": 1}, "spectral_strongpeak": {"dmean": 0.393334805965, "dmean2": 0.647261500359, "max": 12.3145933151, "dvar": 0.464181184769, "mean": 0.664860904217, "dvar2": 1.14408934116, "min": 0, "var": 0.953648865223, "median": 0.351945370436}, "spectral_spread": {"dmean": 750256.125, "dmean2": 1118780.75, "max": 41613252, "dvar": 887810949120, "mean": 4737312.5, "dvar2": 1725324853250.0, "min": 1049887.125, "var": 3990518497280.0, "median": 4504560.5}, "barkbands_flatness_db": {"dmean": 0.0334230363369, "dmean2": 0.0486073978245, "max": 0.484257906675, "dvar": 0.00123409344815, "mean": 0.158401742578, "dvar2": 0.00263873371296, "min": 0.0112353023142, "var": 0.00518696242943, "median": 0.14827260375}, "pitch_salience": {"dmean": 0.0891112536192, "dmean2": 0.141356348991, "max": 0.935840427876, "dvar": 0.00781086040661, "mean": 0.547246277332, "dvar2": 0.0186869446188, "min": 0.0240455251187, "var": 0.0218900125474, "median": 0.564479649067}, "erbbands_kurtosis": {"dmean": 1.92310404778, "dmean2": 2.97695922852, "max": 348.297973633, "dvar": 42.3460083008, "mean": 2.66400146484, "dvar2": 89.3893356323, "min": -1.78981530666, "var": 312.883666992, "median": 0.261594593525}, "average_loudness": 0.907924115658, "barkbands_crest": {"dmean": 3.01774430275, "dmean2": 4.76552915573, "max": 26.7551803589, "dvar": 8.384724617, "mean": 11.0156965256, "dvar2": 19.762802124, "min": 1.88277065754, "var": 25.1301879883, "median": 10.0064258575}, "hfc": {"dmean": 8.06972408295, "dmean2": 10.9909791946, "max": 424.279876709, "dvar": 287.886352539, "mean": 14.6472816467, "dvar2": 505.205200195, "min": 1.20712624077e-16, "var": 716.02331543, "median": 4.960044384}, "barkbands_kurtosis": {"dmean": 10.3994379044, "dmean2": 16.5899677277, "max": 1727.47033691, "dvar": 1319.61157227, "mean": 13.2876501083, "dvar2": 3079.43725586, "min": -1.93428611755, "var": 2271.12719727, "median": 2.95589494705}, "erbbands": {"dmean": [0.171434164047, 2.81336545944, 5.05074167252, 4.48113155365, 11.7573270798, 9.36312007904, 6.33191204071, 6.82558107376, 7.53464317322, 7.53791713715, 7.66651535034, 7.65458059311, 13.070057869, 11.7218093872, 12.3885593414, 8.74910545349, 7.12274932861, 12.1894760132, 8.854139328, 6.9602971077, 4.92985773087, 4.39989805222, 4.49328708649, 5.11799001694, 4.63909387589, 4.02839040756, 5.30218410492, 4.28149747849, 4.92030525208, 5.02564907074, 4.215528965, 2.74559140205, 1.79954195023, 1.01562833786, 0.430126875639, 0.229161337018, 0.0639470666647, 0.0116129862145, 0.00104810565244, 4.75894121337e-05], "dmean2": [0.281874984503, 4.55355215073, 8.28949260712, 7.36227798462, 18.3236980438, 15.9660873413, 10.6683683395, 11.3833732605, 12.1481924057, 11.73117733, 11.6650714874, 11.4103336334, 19.7836933136, 19.1558570862, 18.9881286621, 13.2992830276, 11.2978658676, 19.3168582916, 13.8395748138, 11.0257482529, 7.56055736542, 7.03698396683, 6.93952322006, 7.65389585495, 6.85893249512, 5.57052135468, 7.52997732162, 6.03531980515, 6.82105112076, 7.26468610764, 6.12187719345, 3.8793964386, 2.56065392494, 1.51543164253, 0.618690490723, 0.335610449314, 0.0953774750233, 0.0183376017958, 0.00163782283198, 7.12220207788e-05], "max": [5.21721982956, 79.0248947144, 139.743438721, 121.541069031, 435.271240234, 350.353942871, 311.193145752, 219.897720337, 238.711959839, 698.04119873, 674.395324707, 1020.61364746, 1974.56445313, 745.062072754, 2069.72216797, 1370.7512207, 1345.24487305, 1916.89331055, 796.259399414, 741.899719238, 421.91494751, 328.060516357, 456.767181396, 971.52545166, 1127.29162598, 604.79296875, 260.664886475, 336.760345459, 522.278320313, 646.678039551, 719.507019043, 304.444976807, 184.941940308, 104.787994385, 54.8587722778, 31.0026073456, 9.05501556396, 2.2587916851, 0.273516178131, 0.0075220586732], "dvar": [0.269645422697, 82.3966217041, 256.169219971, 124.282852173, 1411.78771973, 796.730407715, 276.427429199, 272.635894775, 314.896362305, 385.285308838, 432.602905273, 631.538696289, 2076.88598633, 1651.98571777, 2009.05944824, 1053.11755371, 393.677642822, 2020.06079102, 580.647338867, 396.561859131, 146.044158936, 114.347412109, 122.253875732, 257.611419678, 303.303863525, 158.411392212, 223.321212769, 138.88142395, 218.980560303, 391.914642334, 280.74621582, 91.6835861206, 31.9943275452, 10.8403644562, 2.81285858154, 1.0390213728, 0.0952543392777, 0.00520040746778, 7.42844422348e-05, 5.10893620742e-08], "mean": [0.183087259531, 2.62928104401, 4.7869143486, 5.03791284561, 12.8401670456, 10.2323646545, 7.91695308685, 8.89353752136, 10.3155479431, 11.9040050507, 12.4993591309, 12.7878074646, 20.3114280701, 15.5793199539, 21.2896327972, 13.3816823959, 10.9285030365, 19.3751220703, 14.0997810364, 10.366651535, 7.3977432251, 7.25784301758, 6.72391366959, 7.38975667953, 6.24443006516, 5.63513278961, 6.57280445099, 6.05375957489, 6.45205211639, 6.361515522, 5.34743213654, 3.63683414459, 2.37625551224, 1.34838581085, 0.611298084259, 0.297630935907, 0.0810524076223, 0.0128401266411, 0.00118574278895, 6.43300809315e-05], "dvar2": [0.655413687229, 202.97517395, 646.673217773, 325.858398438, 3252.99536133, 2187.32617188, 750.613586426, 723.086730957, 798.632324219, 926.034973145, 859.391418457, 1108.0958252, 4764.33203125, 4472.64501953, 4761.49023438, 2372.02026367, 813.384460449, 5077.15185547, 1357.33410645, 911.36315918, 346.486175537, 259.071166992, 272.993255615, 613.203125, 716.924438477, 308.207214355, 459.617340088, 282.246856689, 444.680480957, 801.746887207, 550.204467773, 169.421966553, 64.8980102539, 22.3602390289, 6.02190494537, 2.3339612484, 0.223079815507, 0.0137112606317, 0.000198158071726, 1.31671399117e-07], "min": [1.20215919412e-21, 4.08615751933e-21, 9.17937108372e-21, 1.19086389746e-20, 3.51552858934e-20, 2.92621423093e-19, 5.77125154149e-19, 7.48562472004e-19, 6.57844023262e-19, 8.82448374988e-19, 1.28030705018e-18, 1.47487357873e-18, 1.69374443144e-18, 2.20599701547e-18, 2.34710306783e-18, 3.42902553055e-18, 3.47934210003e-18, 8.8447064547e-18, 5.40068083092e-18, 4.29508073676e-18, 8.86546455217e-18, 9.86532077196e-18, 1.42496269999e-17, 1.65263704984e-17, 1.27270778325e-17, 6.85765815031e-18, 2.27491939983e-17, 2.31064433787e-17, 2.19040139356e-17, 1.89875851997e-17, 1.66165761985e-17, 8.62017654923e-18, 1.43797011512e-17, 1.57753930726e-17, 7.69464664339e-18, 6.88390789987e-18, 3.90984742265e-18, 1.54514226158e-18, 3.65800282428e-19, 3.3781413213e-20], "var": [0.252319842577, 70.5586700439, 215.591247559, 112.887084961, 1465.9576416, 640.91809082, 269.191864014, 298.869812012, 401.888122559, 789.271911621, 870.567871094, 1646.6138916, 4324.40039063, 1839.52478027, 5876.17578125, 1856.26733398, 826.095581055, 5097.13574219, 1274.24560547, 782.375915527, 295.098022461, 332.718109131, 245.787384033, 417.656524658, 374.077575684, 264.754302979, 373.960784912, 316.071685791, 420.363525391, 587.769470215, 456.119628906, 172.293029785, 64.5942153931, 20.9423904419, 5.63099622726, 1.75598394871, 0.144222423434, 0.00477175600827, 6.2291357608e-05, 4.9932566526e-08], "median": [0.0132011855021, 0.113867715001, 0.375691860914, 1.02737128735, 1.61316037178, 2.35125231743, 2.34760379791, 2.78558492661, 3.11642670631, 2.97811150551, 3.54083895683, 3.39369106293, 3.92968463898, 4.02085494995, 3.57967567444, 3.16385650635, 2.99246692657, 3.68263268471, 3.19479131699, 2.15176010132, 1.45373666286, 1.29155683517, 1.22306764126, 1.28531587124, 1.0845041275, 0.693298459053, 0.54594630003, 0.472128987312, 0.318438500166, 0.259257912636, 0.197780951858, 0.121749654412, 0.0756217688322, 0.0508839078248, 0.0236196536571, 0.00793935358524, 0.00198129285127, 0.000369930115994, 4.87151555717e-05, 1.56451260409e-05]}, "spectral_energy": {"dmean": 0.0194914955646, "dmean2": 0.029262913391, "max": 0.361499518156, "dvar": 0.00205038138665, "mean": 0.0262646730989, "dvar2": 0.00472803413868, "min": 1.0855558891e-20, "var": 0.00227278587408, "median": 0.00980351492763}, "zerocrossingrate": {"dmean": 0.014508577995, "dmean2": 0.0165400039405, "max": 0.82470703125, "dvar": 0.000398902921006, "mean": 0.0630742833018, "dvar2": 0.000467717851279, "min": 0.00244140625, "var": 0.00418797833845, "median": 0.046875}, "spectral_energyband_high": {"dmean": 0.000646543572657, "dmean2": 0.000883723259903, "max": 0.0538678988814, "dvar": 3.6881754113e-06, "mean": 0.00091168971266