{"lowlevel": {"spectral_strongpeak": {"max": 5.61701917648, "dmean": 0.345834076405, "dvar2": 0.927386105061, "dmean2": 0.608473062515, "var": 0.43529316783, "median": 0.401963174343, "min": 0, "dvar": 0.341973602772, "mean": 0.609147548676}, "barkbands_flatness_db": {"max": 0.490536987782, "dmean": 0.017902335152, "dvar2": 0.000830318196677, "dmean2": 0.0292654205114, "var": 0.00245698308572, "median": 0.105819664896, "min": 0.018628846854, "dvar": 0.000308781513013, "mean": 0.115906625986}, "barkbands_skewness": {"max": 9.56050395966, "dmean": 0.467683434486, "dvar2": 0.6624802351, "dmean2": 0.778979957104, "var": 0.921046257019, "median": 1.1538079977, "min": -2.10573816299, "dvar": 0.239455938339, "mean": 1.2909860611}, "spectral_energyband_middle_high": {"max": 0.0320016220212, "dmean": 0.00117776577827, "dvar2": 7.51446350478e-06, "dmean2": 0.0017884473782, "var": 1.41554455695e-05, "median": 0.00446015503258, "min": 1.49557405144e-21, "dvar": 3.26463896272e-06, "mean": 0.00524838967249}, "erbbands_kurtosis": {"max": 88.6052932739, "dmean": 0.44815453887, "dvar2": 1.59002804756, "dmean2": 0.701708137989, "var": 4.85132551193, "median": -0.659752488136, "min": -1.80597567558, "dvar": 0.9203145504, "mean": -0.370325356722}, "erbbands_crest": {"max": 28.8780002594, "dmean": 1.60403776169, "dvar2": 6.34769105911, "dmean2": 2.57259297371, "var": 12.849864006, "median": 6.23977613449, "min": 2.1432993412, "dvar": 2.48044490814, "mean": 7.28253221512}, "dynamic_complexity": 2.04381036758, "barkbands_crest": {"max": 26.6257839203, "dmean": 2.21263837814, "dvar2": 11.5273637772, "dmean2": 3.74672293663, "var": 10.3522911072, "median": 7.79024982452, "min": 2.19605469704, "dvar": 3.91445398331, "mean": 8.28016281128}, "dissonance": {"max": 0.500000059605, "dmean": 0.0109834903851, "dvar2": 0.000325745088048, "dmean2": 0.0187159776688, "var": 0.000335595163051, "median": 0.483706504107, "min": 0.177206605673, "dvar": 0.00011538376566, "mean": 0.479307711124}, "spectral_energyband_low": {"max": 0.11868404597, "dmean": 0.0077037406154, "dvar2": 0.000493379076943, "dmean2": 0.0137029280886, "var": 0.000176246176125, "median": 0.0067179389298, "min": 5.84632200597e-23, "dvar": 0.000171311708982, "mean": 0.010953174904}, "spectral_contrast_coeffs": {"max": [-0.295954614878, -0.44908452034, -0.469118028879, -0.556593120098, -0.654925763607, -0.595606088638], "dmean": [0.0528073348105, 0.04293660447, 0.0361043438315, 0.0274922382087, 0.017558882013, 0.0156644433737], "dvar2": [0.00483050290495, 0.00356068089604, 0.00221830955707, 0.0013476612512, 0.000521120033227, 0.000500286056194], "dmean2": [0.088306337595, 0.0722867622972, 0.0589551925659, 0.0457741878927, 0.0295839458704, 0.0258974283934], "var": [0.00521568674594, 0.0043063708581, 0.00427721673623, 0.00233914703131, 0.000793581886683, 0.00130920228548], "median": [-0.619288504124, -0.763472259045, -0.771530628204, -0.778190433979, -0.795644521713, -0.727885603905], "min": [-0.960697829723, -0.996850550175, -0.996947467327, -0.985963106155, -0.987236559391, -0.961581110954], "dvar": [0.00174928619526, 0.00127406429965, 0.000832644407637, 0.000505288830027, 0.000185208802577, 0.000197079090867], "mean": [-0.613680839539, -0.757194578648, -0.76331025362, -0.776627361774, -0.793935894966, -0.727221012115]}, "silence_rate_60dB": {"max": 1, "dmean": 0.00174034107476, "dvar2": 0.00416508782655, "dmean2": 0.0034809850622, "var": 0.0129665238783, "median": 0, "min": 0, "dvar": 0.00173727597576, "mean": 0.0131384320557}, "mfcc": {"icov": [[0.000225183684961, -2.08138430935e-06, -6.53051829431e-05, -6.81489764247e-05, -3.9043943616e-06, -0.000305848603602, 0.000289323594188, -0.000394533126382, 0.00027160521131, 0.000327073299559, -0.000122839948745, 7.76644956204e-05, 0.000258085143287], [-2.08138430935e-06, 0.00289969635196, 0.000848424970172, -0.002554242732, 0.00031811586814, 0.000628084992059, -0.00224896869622, 0.000506740121637, -0.000407565414207, 0.00058221135987, -6.21142771706e-06, -0.00110532401595, 0.00125922239386], [-6.53051829431e-05, 0.000848424970172, 0.0045769950375, 0.000623073719908, -0.00204368424602, -0.000134147674544, -0.000323204963934, -0.00193819147535, 0.00189040449914, -0.00119373796042, -0.00200150441378, -0.000115405055112, -0.0013579397928], [-6.81489764247e-05, -0.002554242732, 0.000623073719908, 0.00849698670208, -0.00300166592933, -0.000525752140675, 0.000990494387224, 0.00177341781091, -0.00112007954158, -0.00353786139749, 0.00276004103944, -0.00146534584928, -0.00242768740281], [-3.9043943616e-06, 0.00031811586814, -0.00204368424602, -0.00300166592933, 0.00978166610003, -0.00410454114899, -0.00320183485746, 0.00281846919097, -0.0016023904318, 4.47552229161e-05, 0.00256917998195, 0.00148529873695, -0.000501498288941], [-0.000305848603602, 0.000628084992059, -0.000134147674544, -0.000525752140675, -0.00410454114899, 0.0177879706025, -0.00429659662768, -0.00473303487524, 0.00710146687925, 0.00030788074946, -0.00505765108392, 0.00211273506284, -0.000327558460413], [0.000289323594188, -0.00224896869622, -0.000323204963934, 0.000990494387224, -0.00320183485746, -0.00429659662768, 0.020075134933, -0.00668543484062, -0.00303265498951, 0.00108621676918, -0.000366094434867, -0.00542345456779, 0.00158405012917], [-0.000394533126382, 0.000506740121637, -0.00193819147535, 0.00177341781091, 0.00281846919097, -0.00473303487524, -0.00668543484062, 0.019879842177, -0.0113502386957, 0.00457511795685, 0.0016005593352, 0.0034497755114, -0.00267033954151], [0.00027160521131, -0.000407565414207, 0.00189040449914, -0.00112007954158, -0.0016023904318, 0.00710146687925, -0.00303265498951, -0.0113502386957, 0.0263507198542, -0.014550127089, 0.00392241403461, 0.000665347848553, 0.000738196249586], [0.000327073299559, 0.00058221135987, -0.00119373796042, -0.00353786139749, 4.47552229161e-05, 0.00030788074946, 0.00108621676918, 0.00457511795685, -0.014550127089, 0.0307922232896, -0.0179675649852, 0.00472713587806, -0.000291181233479], [-0.000122839948745, -6.21142771706e-06, -0.00200150441378, 0.00276004103944, 0.00256917998195, -0.00505765108392, -0.000366094434867, 0.0016005593352, 0.00392241403461, -0.0179675649852, 0.0343232527375, -0.0204037670046, 0.00829231180251], [7.76644956204e-05, -0.00110532401595, -0.000115405055112, -0.00146534584928, 0.00148529873695, 0.00211273506284, -0.00542345456779, 0.0034497755114, 0.000665347848553, 0.00472713587806, -0.0204037670046, 0.0384887233377, -0.0182170420885], [0.000258085143287, 0.00125922239386, -0.0013579397928, -0.00242768740281, -0.000501498288941, -0.000327558460413, 0.00158405012917, -0.00267033954151, 0.000738196249586, -0.000291181233479, 0.00829231180251, -0.0182170420885, 0.0266546737403]], "cov": [[5596.97216797, -334.213623047, 226.734725952, -196.045425415, 23.9332923889, 207.408935547, -46.1304664612, 138.990280151, -178.047836304, -182.439178467, -39.5023765564, -87.2777862549, -69.4659194946], [-334.213623047, 724.718811035, -183.969940186, 277.263000488, 48.492855072, -38.6280937195, 75.7488937378, -33.5595359802, 69.6367874146, 40.7830810547, -6.12324142456, 37.6802330017, 3.62749695778], [226.734725952, -183.969940186, 355.914581299, -68.881652832, 63.3261985779, 64.4552536011, 22.1640167236, 40.7605743408, -30.5666160583, 7.72806215286, 44.1242370605, 20.7550792694, 24.4930706024], [-196.045425415, 277.263000488, -68.881652832, 272.335723877, 79.5447692871, -11.2891216278, 27.8511238098, -32.4896354675, 42.8520050049, 42.4379425049, -5.79784727097, 25.8500118256, 25.2901058197], [23.9332923889, 48.492855072, 63.3261985779, 79.5447692871, 174.435180664, 47.2912826538, 41.6944656372, 4.16823148727, 8.25155925751, 6.65914392471, -8.04024791718, 1.83209788799, 13.3489665985], [207.408935547, -38.6280937195, 64.4552536011, -11.2891216278, 47.2912826538, 100.49156189, 29.7974681854, 26.0385780334, -25.4720001221, -10.221200943, 14.8790464401, 4.16221046448, 3.8441734314], [-46.1304664612, 75.7488937378, 22.1640167236, 27.8511238098, 41.6944656372, 29.7974681854, 91.4147262573, 39.1090393066, 25.9195690155, 8.58809280396, 8.68463420868, 16.457616806, 8.09206962585], [138.990280151, -33.5595359802, 40.7605743408, -32.4896354675, 4.16823148727, 26.0385780334, 39.1090393066, 104.155220032, 33.0852241516, -9.72471427917, -12.3808965683, -12.7900133133, 1.95376455784], [-178.047836304, 69.6367874146, -30.5666160583, 42.8520050049, 8.25155925751, -25.4720001221, 25.9195690155, 33.0852241516, 93.1757507324, 42.5513153076, -0.865771412849, -2.02488589287, -0.833911299706], [-182.439178467, 40.7830810547, 7.72806215286, 42.4379425049, 6.65914392471, -10.221200943, 8.58809280396, -9.72471427917, 42.5513153076, 83.2652664185, 44.5406188965, 18.8692417145, 1.38439273834], [-39.5023765564, -6.12324142456, 44.1242370605, -5.79784727097, -8.04024791718, 14.8790464401, 8.68463420868, -12.3808965683, -0.865771412849, 44.5406188965, 82.9507675171, 42.1334228516, 4.16710662842], [-87.2777862549, 37.6802330017, 20.7550792694, 25.8500118256, 1.83209788799, 4.16221046448, 16.457616806, -12.7900133133, -2.02488589287, 18.8692417145, 42.1334228516, 67.3586502075, 33.4934501648], [-69.4659194946, 3.62749695778, 24.4930706024, 25.2901058197, 13.3489665985, 3.8441734314, 8.09206962585, 1.95376455784, -0.833911299706, 1.38439273834, 4.16710662842, 33.4934501648, 63.2153625488]], "mean": [-625.845825195, 117.016746521, -19.5773391724, 47.7585639954, 1.30349957943, -6.22195100784, 4.63375234604, 7.24259662628, 10.2905673981, 4.45634317398, -4.01879405975, -2.30597519875, -7.00043964386]}, "melbands_spread": {"max": 183.087051392, "dmean": 7.81902694702, "dvar2": 157.237197876, "dmean2": 12.9062309265, "var": 241.372512817, "median": 27.3752155304, "min": 0.488037198782, "dvar": 59.6274261475, "mean": 29.4337615967}, "barkbands_kurtosis": {"max": 217.729110718, "dmean": 1.81259822845, "dvar2": 33.7436103821, "dmean2": 3.0602183342, "var": 57.6207618713, "median": 0.177209571004, "min": -1.87786221504, "dvar": 14.3671712875, "mean": 1.79271793365}, "spectral_energyband_high": {"max": 0.0155056938529, "dmean": 0.000299925624859, "dvar2": 1.44716477735e-06, "dmean2": 0.000476861925563, "var": 8.99695123735e-07, "median": 0.00060351024149, "min": 7.75459529166e-21, "dvar": 5.58878923584e-07, "mean": 0.000853854231536}, "hfc": {"max": 171.931442261, "dmean": 5.14017534256, "dvar2": 256.695922852, "dmean2": 7.98178863525, "var": 216.925460815, "median": 17.9024543762, "min": 1.14561682572e-16, "dvar": 102.117240906, "mean": 20.8446502686}, "spectral_skewness": {"max": 5.9135222435, "dmean": 0.164911910892, "dvar2": 0.0863013938069, "dmean2": 0.279952675104, "var": 0.101562768221, "median": 1.15575349331, "min": -0.0167192611843, "dvar": 0.0305081643164, "mean": 1.16582846642}, "erbbands": {"max": [1.42279112339, 20.8154411316, 75.6514282227, 146.354904175, 247.127365112, 126.679466248, 243.841690063, 321.271697998, 294.574371338, 482.600799561, 266.503479004, 320.311004639, 613.118896484, 283.136810303, 209.318405151, 344.822418213, 207.749221802, 509.728973389, 283.471221924, 358.942749023, 469.03314209, 452.740447998, 532.105834961, 315.50592041, 365.100067139, 254.216262817, 232.248901367, 207.968612671, 264.714538574, 160.406982422, 138.667190552, 41.0589866638, 29.1576690674, 22.0298347473, 8.44993591309, 2.51459360123, 0.456032842398, 0.101497404277, 0.0175083577633, 0.00148226006422], "dmean": [0.0556473955512, 0.817298710346, 4.68847227097, 6.71259975433, 8.36340713501, 4.5924782753, 6.09334564209, 8.59393310547, 5.59273481369, 9.11276054382, 6.23524188995, 11.3343381882, 27.2451515198, 6.65499353409, 5.7741894722, 4.85379362106, 5.01970815659, 12.1321125031, 5.70193624496, 10.3847455978, 13.783577919, 14.8726387024, 16.1199131012, 14.4227972031, 11.5208721161, 9.13535785675, 6.35959672928, 4.16027736664, 2.84651017189, 1.82609391212, 1.04164016247, 0.565577924252, 0.323528677225, 0.170843914151, 0.11054559052, 0.0367056317627, 0.01110754814, 0.00238336017355, 0.000360709062079, 3.776867743e-05], "dvar2": [0.027157118544, 7.08965444565, 153.701339722, 451.096130371, 671.130859375, 155.335784912, 831.251159668, 1899.70239258, 451.04876709, 1832.77661133, 337.82522583, 847.970947266, 4823.61279297, 276.644897461, 167.993499756, 176.660415649, 238.620635986, 1404.85705566, 331.057495117, 501.703887939, 826.028869629, 1259.10864258, 1158.8782959, 1181.73669434, 745.488586426, 439.066314697, 297.096740723, 260.659362793, 235.725875854, 103.451850891, 44.0547828674, 9.40419006348, 1.70163238049, 0.55114531517, 0.172369152308, 0.0147297764197, 0.000948729808442, 4.5176497224e-05, 1.21115351703e-06, 1.09643671919e-08], "dmean2": [0.0837188735604, 1.44777131081, 8.37615394592, 12.1556911469, 14.1566143036, 7.94829320908, 10.8312864304, 15.2343969345, 9.45680904388, 15.1631069183, 10.3075609207, 17.659040451, 42.1241073608, 10.8252229691, 9.2989654541, 7.86412668228, 8.39696788788, 19.5687389374, 9.30728626251, 16.7746047974, 21.9041786194, 24.3788394928, 26.0560626984, 23.1754207611, 18.6521644592, 14.8839540482, 10.4648284912, 6.98151016235, 4.84355354309, 3.11550688744, 1.77914118767, 0.949139475822, 0.517167329788, 0.261324346066, 0.161516025662, 0.0507321618497, 0.0153003586456, 0.00322949653491, 0.000492763705552, 5.47092931811e-05], "var": [0.0208910424262, 2.39931821823, 50.2761039734, 122.350769043, 300.821533203, 60.6300849915, 215.18019104, 450.071990967, 167.31401062, 571.998168945, 217.679214478, 703.53717041, 5128.57617188, 270.013946533, 154.853713989, 140.338516235, 143.548171997, 2371.03320313, 247.69418335, 624.229064941, 997.924987793, 1037.70690918, 1203.1817627, 985.043579102, 627.713562012, 428.007232666, 203.430130005, 137.050888062, 95.0298843384, 39.7316474915, 16.3875694275, 4.38527917862, 1.36971652508, 0.462022900581, 0.152241483331, 0.0168451536447, 0.00141137989704, 6.81320379954e-05, 1.60614615652e-06, 1.15090266206e-08], "median": [0.0198227800429, 0.51210296154, 3.6778614521, 4.7881565094, 6.88939285278, 4.59742641449, 2.62471580505, 4.91687393188, 4.70730781555, 10.6345872879, 9.87633037567, 16.5460567474, 31.6787319183, 11.1834449768, 9.97042179108, 7.18503522873, 5.98158597946, 9.28545761108, 8.02647972107, 21.2557868958, 32.2511749268, 32.0700149536, 33.9517707825, 28.8675098419, 22.6772537231, 18.9333572388, 13.0082473755, 5.94726657867, 2.54411435127, 1.35597527027, 0.720396339893, 0.54183703661, 0.371574997902, 0.204380065203, 0.102603055537, 0.0367781296372, 0.0112288221717, 0.00193521706387, 0.000216630927753, 4.30278923886e-05], "min": [1.54397572931e-21, 4.93711634332e-21, 7.43796444722e-21, 1.27616915995e-20, 5.85577505368e-20, 3.23027419188e-19, 2.02274507693e-19, 2.1761214231e-19, 3.2302478255e-19, 2.9768555205e-19, 8.2361003574e-19, 9.78350351039e-19, 4.51609233289e-19, 7.97672029875e-19, 2.39816802897e-18, 5.11220324666e-18, 4.34152982329e-18, 4.31166901677e-18, 3.54638798381e-18, 6.96809007081e-18, 8.38613241235e-18, 9.22451966784e-18, 9.66655836975e-18, 1.19684688384e-17, 1.29731003719e-17, 1.07282604024e-17, 1.52054623218e-17, 1.60939667962e-17, 1.55626719975e-17, 1.82073404694e-17, 1.29537311106e-17, 1.35747394371e-17, 1.21918729511e-17, 1.08249842858e-17, 8.845564241e-18, 5.7658285454e-18, 3.74985208062e-18, 1.18571905053e-18, 3.18245591465e-19, 3.15017196007e-20], "dvar": [0.0144526492804, 2.45121002197, 50.669090271, 157.343307495, 248.222488403, 56.9709320068, 302.180725098, 666.356018066, 167.049087524, 647.244018555, 121.970352173, 329.093231201, 1830.8548584, 107.476242065, 65.3207855225, 74.9023742676, 92.2667312622, 583.642944336, 135.642822266, 195.349975586, 336.636383057, 484.344024658, 467.530151367, 485.524597168, 295.873199463, 173.785568237, 117.245330811, 98.491569519, 85.5761795044, 37.1152229309, 16.1091175079, 3.44402122498, 0.658640861511, 0.232442244887, 0.0772679820657, 0.00719868671149, 0.00048659692402, 2.40327935899e-05, 6.35260846593e-07, 5.31604626985e-09], "mean": [0.0704717338085, 1.05785870552, 6.06472063065, 8.04144477844, 13.077293396, 6.77551412582, 6.24223852158, 10.0794391632, 8.3729095459, 16.9469928741, 13.9918308258, 24.9675884247, 59.1580543518, 15.7626247406, 12.9401025772, 9.90291595459, 9.58348464966, 28.0148658752, 12.3254356384, 27.893535614, 39.3970146179, 37.7525558472, 41.4410247803, 36.1089134216, 29.0882987976, 24.4241847992, 16.3200263977, 9.26171684265, 5.19769144058, 3.35667705536, 1.83545231819, 1.1644949913, 0.772215008736, 0.409928321838, 0.225222989917, 0.07818184793, 0.0242363419384, 0.00494350679219, 0.000685641192831, 7.84730509622e-05]}, "spectral_contrast_valleys": {"max": [-5.07764577866, -4.52694272995, -5.46031618118, -5.7823972702, -5.1266913414, -7.82161617279], "dmean": [0.46683049202, 0.350224405527, 0.278896570206, 0.250049799681, 0.172340124846, 0.198274865746], "dvar2": [0.396770358086, 0.25418150425, 0.167633622885, 0.152176722884, 0.0755793303251, 0.187340691686], "dmean2": [0.7688357234, 0.583577990532, 0.463633179665, 0.412476837635, 0.264050960541, 0.276109546423], "var": [1.36699593067, 1.1107262373, 1.18725705147, 1.0689958334, 1.02030563354, 1.34877789021], "median": [-7.10264396667, -6.60815143585, -6.92884588242, -7.33176374435, -6.57566833496, -10.1015167236], "min": [-27.902381897, -27.8289718628, -27.7032318115, -27.3349380493, -27.2713069916, -27.2837219238], "dvar": [0.166131854057, 0.108579702675, 0.0756431147456, 0.0719625130296, 0.0476815961301, 0.100737005472], "mean": [-7.24691772461, -6.75641918182, -7.18793964386, -7.53212165833, -6.77978897095, -10.3496179581]}, "average_loudness": 0.931124150753, "erbbands_spread": {"max": 100.911811829, "dmean": 6.32110452652, "dvar2": 108.53453064, "dmean2": 10.447347641, "var": 145.467819214, "median": 41.8216056824, "min": 0.818269610405, "dvar": 39.9147949219, "mean": 43.1730499268}, "melbands_flatness_db": {"max": 0.565690159798, "dmean": 0.0247441865504, "dvar2": 0.00151217193343, "dmean2": 0.0408749058843, "var": 0.00391947990283, "median": 0.174484744668, "min": -3.53774026962e-07, "dvar": 0.00056708639022, "mean": 0.181905090809}, "barkbands_spread": {"max": 132.222747803, "dmean": 5.31956148148, "dvar2": 71.350112915, "dmean2": 8.79074668884, "var": 121.17048645, "median": 29.4775772095, "min": 0.4585493505, "dvar": 26.2733364105, "mean": 29.3861961365}, "spectral_decrease": {"max": 1.22406124845e-28, "dmean": 2.88198398479e-09, "dvar2": 6.04480893818e-17, "dmean2": 5.05053421307e-09, "var": 2.38963164913e-17, "median": -5.10888709115e-09, "min": -4.22976711434e-08, "dvar": 2.15662148802e-17, "mean": -6.41863984185e-09}, "melbands_crest": {"max": 39.9016876221, "dmean": 3.3635725975, "dvar2": 23.7911987305, "dmean2": 5.66160345078, "var": 29.5524539948, "median": 14.4049110413, "min": 1.00046265125, "dvar": 8.59549999237, "mean": 15.0600757599}, "erbbands_flatness_db": {"max": 0.442315161228, "dmean": 0.0110210645944, "dvar2": 0.000242161157075, "dmean2": 0.0161404237151, "var": 0.0016669225879, "median": 0.142417341471, "min": 0.0191980767995, "dvar": 0.000122184763313, "mean": 0.149991199374}, "melbands_kurtosis": {"max": 540.563293457, "dmean": 5.71490812302, "dvar2": 260.843566895, "dmean2": 9.7477350235, "var": 432.868743896, "median": 6.29521465302, "min": -1.71214282513, "dvar": 103.702400208, "mean": 10.7180233002}, "spectral_rms": {"max": 0.0126906810328, "dmean": 0.000928880879655, "dvar2": 4.08023879572e-06, "dmean2": 0.00158637796994, "var": 2.68394978775e-06, "median": 0.00452766008675, "min": 3.23963945947e-12, "dvar": 1.50014318478e-06, "mean": 0.00477441726252}, "melbands_skewness": {"max": 23.0093402863, "dmean": 0.704341590405, "dvar2": 1.54446089268, "dmean2": 1.18242931366, "var": 2.09997415543, "median": 2.45997166634, "min": -3.04448866844, "dvar": 0.561012148857, "mean": 2.69363570213}, "barkbands": {"max": [0.000760436232667, 0.0742394030094, 0.0863521099091, 0.0569752752781, 0.0445488393307, 0.0421643964946, 0.0169084630907, 0.0118587268516, 0.0224147252738, 0.014540287666, 0.0087670199573, 0.00941195711493, 0.00697699422017, 0.00972037017345, 0.00457833567634, 0.00916269142181, 0.0072901956737, 0.00775630446151, 0.00740823289379, 0.00572199979797, 0.00410778308287, 0.00624099979177, 0.00459229992703, 0.00182891334407, 0.00164609507192, 0.000319167447742, 0.000101850288047], "dmean": [3.91853754991e-05, 0.00285604898818, 0.00477638328448, 0.0023537017405, 0.0018047071062, 0.00101205636747, 0.000460447947262, 0.000300236861221, 0.000835965562146, 0.00042624436901, 0.000170428407728, 0.000126675658976, 0.000119210184494, 0.000229101700825, 0.000110799046524, 0.000298363360344, 0.000277319457382, 0.000310975970933, 0.000269155338174, 0.000189065656741, 0.000124019265058, 7.98651308287e-05, 3.91649700759e-05, 2.1334957637e-05, 1.47745749928e-05, 6.42524037175e-06, 2.42761939262e-06], "dvar2": [1.08391713383e-08, 8.51238219184e-05, 0.000159045099281, 5.63950343349e-05, 2.75566944765e-05, 2.87778657366e-05, 4.08779078498e-06, 9.63249249253e-07, 4.00457338401e-06, 1.67966777553e-06, 1.52261094399e-07, 1.18688866735e-07, 1.56666033035e-07, 4.9948079095e-07, 1.10152114985e-07, 3.70784221104e-07, 3.96650790435e-07, 4.40828046067e-07, 3.95371927198e-07, 1.9020725972e-07, 1.58526475502e-07, 1.64516094969e-07, 6.23740064043e-08, 9.68325508666e-09, 3.31860849911e-09, 3.48981094023e-10, 5.89863505263e-11], "dmean2": [5.36588740943e-05, 0.00489892670885, 0.00856737978756, 0.0041643017903, 0.00307089858688, 0.00179724907503, 0.000768815225456, 0.000510114245117, 0.00126557960175, 0.000690682209097, 0.000277389277471, 0.000207585297176, 0.000202343930141, 0.000368541222997, 0.000183917727554, 0.000472179584904, 0.000457288319012, 0.000502812734339, 0.000434204732301, 0.000308184389723, 0.000206548415008, 0.000134971822263, 6.71410380164e-05, 3.45665503119e-05, 2.14500287257e-05, 8.64655976329e-06, 3.35207528224e-06], "var": [9.09949537942e-09, 3.53106552211e-05, 4.84902157041e-05, 1.66622066899e-05, 1.22115034173e-05, 6.68353595756e-06, 1.29555587591e-06, 4.94699918363e-07, 4.45103387392e-06, 2.021770797e-06, 1.4824050254e-07, 8.44908001341e-08, 8.63374722826e-08, 8.03350303613e-07, 5.90795288247e-08, 5.23323762991e-07, 3.34724916229e-07, 4.16791976932e-07, 3.35390268447e-07, 1.82009486593e-07, 9.07868837885e-08, 7.02818496734e-08, 2.25792575748e-08, 6.25887963679e-09, 3.17204440492e-09, 4.9857373785e-10, 6.98632054985e-11], "median": [8.80120569491e-06, 0.00170747819357, 0.00375535408966, 0.00139433308505, 0.00187113392167, 0.000564622459933, 0.000471176375868, 0.000427078513894, 0.00103362556547, 0.000334403768647, 0.000271045748377, 0.000176579225808, 0.000103710386611, 0.000176646426553, 0.000164857483469, 0.000629113055766, 0.000556764309295, 0.000622255494818, 0.00049363297876, 0.000382378348149, 0.000225541181862, 6.61834565108e-05, 2.70984000963e-05, 2.45683695539e-05, 1.68597016454e-05, 6.63248420096e-06, 1.31267029246e-06], "min": [3.60957128027e-23, 3.18257349405e-23, 5.01311875595e-24, 5.98184980833e-24, 7.38708852291e-23, 3.05337669489e-23, 1.92381418e-23, 2.40741952037e-23, 4.35422978462e-23, 1.06072517124e-23, 3.07222131974e-23, 9.24882171624e-23, 9.57977537171e-23, 8.57798323769e-23, 5.95208553417e-23, 1.4837206401e-22, 1.60045640308e-22, 1.78940777497e-22, 3.29453431352e-22, 2.32864317618e-22, 4.26483145989e-22, 4.68758820367e-22, 4.84499788735e-22, 6.54499440028e-22, 1.14867397037e-21, 1.76244461021e-21, 2.08977972915e-21], "dvar": [5.74401726183e-09, 3.18414495268e-05, 5.25532013853e-05, 2.03133058676e-05, 1.02211397461e-05, 1.01222994999e-05, 1.47678815665e-06, 3.42616971238e-07, 1.60927334036e-06, 6.55664678106e-07, 5.90166884251e-08, 4.88320992531e-08, 6.06960668392e-08, 2.11899063629e-07, 4.22086152696e-08, 1.49844808561e-07, 1.54294838239e-07, 1.78617511892e-07, 1.60720730946e-07, 7.5207836403e-08, 6.14113133679e-08, 5.95694871208e-08, 2.26165379758e-08, 3.63906216272e-09, 1.48558931823e-09, 1.80637241276e-10, 2.99881404431e-11], "mean": [5.09482597408e-05, 0.0038156202063, 0.0058427923359, 0.00273414212279, 0.0029516662471, 0.00114671257325, 0.000744324410334, 0.000621757411864, 0.00179535907228, 0.000867878785357, 0.000369260349544, 0.00024273332383, 0.000183957716217, 0.000519284571055, 0.000223987779464, 0.000812915270217, 0.00066381302895, 0.00077318638796, 0.000636868178844, 0.000500270922203, 0.00029775587609, 0.00014937040396, 6.84372280375e-05, 5.0153270422e-05, 3.40039005096e-05, 1.42078588397e-05, 4.35947504229e-06]}, "spectral_kurtosis": {"max": 54.5375976563, "dmean": 1.31312048435, "dvar2": 8.24640750885, "dmean2": 2.3296251297, "var": 4.86770915985, "median": 3.8781349659, "min": -1.22486150265, "dvar": 2.66545200348, "mean": 4.18896484375}, "erbbands_skewness": {"max": 6.29790735245, "dmean": 0.245687901974, "dvar2": 0.116954468191, "dmean2": 0.379947960377, "var": 0.341807067394, "median": -0.351035684347, "min": -3.18048882484, "dvar": 0.0487156882882, "mean": -0.309542536736}, "melbands": {"max": [0.0146343708038, 0.0304736550897, 0.0245538707823, 0.0114792203531, 0.00676685478538, 0.00713447015733, 0.00389733817428, 0.0048571145162, 0.00272143539041, 0.00241482141428, 0.00302006886341, 0.00105944671668, 0.0011297352612, 0.000476091721794, 0.00132912141271, 0.000867733906489, 0.00108031241689, 0.000631601258647, 0.000445440149633, 0.000585213478189, 0.000497161410749, 0.000507652119268, 0.000527345284354, 0.000432576256571, 0.000289822288323, 0.000471337931231, 0.000219636262045, 0.000173982378328, 0.000135904992931, 0.000125596416183, 0.000139516530908, 0.000144591060234, 0.000141128650284, 0.000101002056908, 0.000106390223664, 5.20327994309e-05, 2.87568745989e-05, 2.41082780121e-05, 1.73270273081e-05, 1.82573021448e-05], "dmean": [0.000617045443505, 0.00194259767886, 0.00119337672368, 0.000449935207143, 0.000202565395739, 0.000191387865925, 8.66100599524e-05, 9.21210667002e-05, 5.12166152475e-05, 9.84750149655e-05, 0.000135386333568, 2.66698880296e-05, 2.18692930503e-05, 1.48252429426e-05, 1.15818902486e-05, 1.48253329826e-05, 2.38602624449e-05, 1.00666366052e-05, 8.47344472277e-06, 2.35203551711e-05, 1.61795578606e-05, 1.75380300789e-05, 1.51187687152e-05, 1.67202688317e-05, 1.25995438793e-05, 1.13066707854e-05, 7.73450119596e-06, 6.14811779087e-06, 4.76943750982e-06, 3.11470353154e-06, 2.52266090683e-06, 1.8497810288e-06, 1.32431637212e-06, 9.42259759995e-07, 6.63167440962e-07, 4.65869021582e-07, 3.37648629056e-07, 2.6704825018e-07, 1.78955090746e-07, 1.47872739831e-07], "dvar2": [3.83004316973e-06, 2.87089296762e-05, 1.27355160657e-05, 1.77424362846e-06, 7.07967160452e-07, 9.45710723954e-07, 1.12410504016e-07, 1.70491716744e-07, 2.21008118473e-08, 5.90387081445e-08, 1.17186573334e-07, 4.6844874646e-09, 2.41119946232e-09, 1.51966739192e-09, 1.42861256158e-09, 2.10533568357e-09, 5.88483572983e-09, 1.12923603801e-09, 6.52537135437e-10, 2.37126385194e-09, 1.17644383124e-09, 1.70949621126e-09, 1.17510945419e-09, 1.27509736103e-09, 9.55867052177e-10, 7.38666516842e-10, 3.26240812143e-10, 2.05551742294e-10, 1.4402223858e-10, 1.10753406446e-10, 1.01941725894e-10, 9.51098505508e-11, 4.87658212422e-11, 2.97411748007e-11, 1.7718018025e-11, 9.01257801028e-12, 2.59621447604e-12, 1.06936475733e-12, 5.86039680325e-13, 4.00980057534e-13], "dmean2": [0.00100963562727, 0.00347118196078, 0.00213031517342, 0.000768146768678, 0.000355740892701, 0.000339098682161, 0.000146413629409, 0.000153314045747, 8.33692320157e-05, 0.000151158863446, 0.000209065503441, 4.35372603533e-05, 3.51274757122e-05, 2.44813090831e-05, 1.88101639651e-05, 2.4797353035e-05, 3.84569611924e-05, 1.64897610375e-05, 1.4156733414e-05, 3.72575159417e-05, 2.59523003479e-05, 2.90587340714e-05, 2.50132052315e-05, 2.72684355878e-05, 2.05346914299e-05, 1.85360804608e-05, 1.2862242329e-05, 1.00378392744e-05, 7.86033433542e-06, 5.285889074e-06, 4.25030066253e-06, 3.17247418025e-06, 2.26900192501e-06, 1.62059870945e-06, 1.14337626655e-06, 7.97180973677e-07, 5.6502830148e-07, 4.34654396031e-07, 2.87922972575e-07, 2.27499100447e-07], "var": [2.05877336157e-06, 9.41698272072e-06, 3.82408416044e-06, 7.50748654355e-07, 1.98462856815e-07, 2.24253767556e-07, 3.97748110004e-08, 5.46323093431e-08, 1.37811033696e-08, 5.77646233069e-08, 1.27148524598e-07, 4.56750948175e-09, 2.43397701993e-09, 1.04832797998e-09, 8.83140949259e-10, 1.81943204947e-09, 9.68051505623e-09, 8.87041051723e-10, 3.43180373008e-10, 3.80575615466e-09, 1.15192400063e-09, 1.34517375017e-09, 9.6071173239e-10, 1.14825471353e-09, 6.93219204262e-10, 5.29045918185e-10, 2.71521832795e-10, 1.79576062354e-10, 1.0013346402e-10, 5.41299643997e-11, 5.09982472918e-11, 3.71435902868e-11, 1.89979768028e-11, 1.04794280892e-11, 6.32733145392e-12, 3.25242415465e-12, 1.37836530384e-12, 8.14669512406e-13, 4.14755984548e-13, 3.22135222143e-13], "median": [0.000329889502609, 0.00157505448442, 0.00103342893999, 0.000454600260127, 0.000105219471152, 0.000111208217277, 8.37303377921e-05, 0.000114920963824, 7.66619850765e-05, 0.000126318351249, 0.00015770731261, 3.64002153219e-05, 3.54754993168e-05, 1.98843627004e-05, 1.44398190969e-05, 1.35469254019e-05, 1.63911263371e-05, 1.07984942588e-05, 1.36028447741e-05, 4.45065343229e-05, 3.2441035728e-05, 3.24848697346e-05, 2.88631326839e-05, 2.96295911539e-05, 2.16199987335e-05, 1.86990564544e-05, 1.33596486194e-05, 1.14554659376e-05, 8.71340034792e-06, 5.10430845679e-06, 2.72269085144e-06, 1.45736521517e-06, 9.06436355308e-07, 6.50645688438e-07, 4.12731679944e-07, 3.24697424503e-07, 3.21181403251e-07, 2.76612126981e-07, 2.00397366257e-07, 1.57769505904e-07], "min": [1.30907657023e-23, 4.82304429856e-24, 2.32958651971e-24, 1.9173119151e-23, 7.16710424652e-24, 5.07674512113e-24, 4.82857263579e-24, 3.45348513164e-24, 7.02063959769e-24, 5.75438807719e-24, 2.09048672365e-24, 2.77392800458e-24, 6.37199792951e-24, 9.69977531489e-24, 9.94040628998e-24, 8.90956466866e-24, 8.14260175331e-24, 5.85823924878e-24, 5.67743311817e-24, 9.12237961937e-24, 8.98039570048e-24, 1.1234975156e-23, 6.89796304946e-24, 8.95406904549e-24, 8.38532478751e-24, 8.64932024489e-24, 1.09149287647e-23, 5.82489528161e-24, 7.9856641871e-24, 1.12929942978e-23, 8.42405864682e-24, 8.2435309841e-24, 9.83100627078e-24, 1.01574077255e-23, 7.10225120264e-24, 9.2384155365e-24, 8.16691523527e-24, 6.86345275144e-24, 1.16040184869e-23, 7.51354276824e-24], "dvar": [1.63882236848e-06, 9.46744603425e-06, 4.45640944235e-06, 6.50102151667e-07, 2.60474934066e-07, 3.31927623165e-07, 4.16023659966e-08, 6.02577969744e-08, 8.05707500717e-09, 2.32007018042e-08, 4.46708732227e-08, 1.83672532739e-09, 9.4664964756e-10, 5.81684478362e-10, 6.13686212958e-10, 8.20661649747e-10, 2.45764852913e-09, 4.77765882412e-10, 2.41244330068e-10, 9.71916547243e-10, 4.72572814214e-10, 6.56158682943e-10, 4.58983046014e-10, 5.08490305418e-10, 3.84677206755e-10, 2.83151224689e-10, 1.25835564191e-10, 8.01579566612e-11, 5.67203090052e-11, 4.11275666301e-11, 3.80724410332e-11, 3.43911323031e-11, 1.75427831983e-11, 1.05838888001e-11, 6.47878322171e-12, 3.29752544714e-12, 9.58623696916e-13, 4.09476299439e-13, 2.30198347363e-13, 1.69921978506e-13], "mean": [0.000821651890874, 0.00260120397434, 0.00164756050799, 0.000724023848306, 0.000222024289542, 0.000224682429689, 0.00013584944827, 0.000174663582584, 0.000109516513476, 0.000209363541217, 0.000294472818496, 5.68060531805e-05, 4.78991642012e-05, 2.82893743133e-05, 2.10356483876e-05, 2.7445714295e-05, 5.41813060408e-05, 1.85687858902e-05, 1.8059674403e-05, 6.18871563347e-05, 4.07816442021e-05, 4.00570206693e-05, 3.49663387169e-05, 3.83779115509e-05, 2.79357373074e-05, 2.47058887908e-05, 1.80220031325e-05, 1.50527630467e-05, 1.11536601253e-05, 6.81263782099e-06, 4.94840878673e-06, 3.11345252157e-06, 2.28239582611e-06, 1.62765218192e-06, 1.09633049306e-06, 7.90588899235e-07, 6.88783416081e-07, 5.88278396663e-07, 3.99111513616e-07, 3.27989084781e-07]}, "spectral_centroid": {"max": 11173.7451172, "dmean": 249.519714355, "dvar2": 160093.921875, "dmean2": 410.206939697, "var": 244943.90625, "median": 1877.4855957, "min": 155.96321106, "dvar": 63773.1523438, "mean": 1851.16772461}, "pitch_salience": {"max": 0.996097326279, "dmean": 0.0649154484272, "dvar2": 0.00889383722097, "dmean2": 0.106996208429, "var": 0.0123269995674, "median": 0.550281643867, "min": 0.0123132234439, "dvar": 0.00339398114011, "mean": 0.540320575237}, "gfcc": {"icov": [[0.000242726920987, -0.000433532055467, 0.000305760040646, -0.000318912381772, 0.000276229169685, -0.000533751328476, 0.000630106078461, -0.000635951408185, 0.000960712844972, -0.000861280481331, 0.00116527464706, -0.00100835773628, 0.000705498328898], [-0.000433532055467, 0.00401355931535, 0.00010379304149, -0.00102034863085, -0.00181755318772, 0.00261956709437, -0.00362720317207, 0.00248448224738, -0.00143480766565, 0.00336905056611, -0.00555577594787, 0.00432452792302, -0.00255972822197], [0.000305760040646, 0.00010379304149, 0.00376392318867, -0.000565360242035, -0.00167475931812, -0.00119048927445, 0.00102869432885, -0.00235541909933, 0.00186110462528, -0.00244402885437, 0.00122860260308, -0.00293288053945, 0.00282262754627], [-0.000318912381772, -0.00102034863085, -0.000565360242035, 0.00717034656554, -0.00133701576851, -0.00176745455246, 0.00291061680764, -0.000218007990043, -0.00356169953011, 0.002304028254, -0.00426142849028, 0.00338538875803, -0.00217612297274], [0.000276229169685, -0.00181755318772, -0.00167475931812, -0.00133701576851, 0.00686771003529, 0.000140067364555, -0.0011148537742, -0.000633505638689, 0.00347181758843, -0.00415887450799, 0.0035590918269, -0.000440846983111, -0.00268223648891], [-0.000533751328476, 0.00261956709437, -0.00119048927445, -0.00176745455246, 0.000140067364555, 0.0101114977151, -0.00367645360529, 2.63553647528e-05, -0.00114906707313, 0.00400641048327, -0.00391473388299, -0.00294302403927, 0.00204653898254], [0.000630106078461, -0.00362720317207, 0.00102869432885, 0.00291061680764, -0.0011148537742, -0.00367645360529, 0.0180983580649, -0.0108750695363, -0.00217712833546, 0.0025387974456, -0.00312707782723, 0.00243097241037, 0.000111474932055], [-0.000635951408185, 0.00248448224738, -0.00235541909933, -0.000218007990043, -0.000633505638689, 2.63553647528e-05, -0.0108750695363, 0.0234963707626, -0.00800402462482, -0.00313882366754, 0.00765645876527, -0.00248419330455, -0.00315846689045], [0.000960712844972, -0.00143480766565, 0.00186110462528, -0.00356169953011, 0.00347181758843, -0.00114906707313, -0.00217712833546, -0.00800402462482, 0.0280598029494, -0.00986229907721, -0.000460956071038, 0.0031800349243, -0.00182626780588], [-0.000861280481331, 0.00336905056611, -0.00244402885437, 0.002304028254, -0.00415887450799, 0.00400641048327, 0.0025387974456, -0.00313882366754, -0.00986229907721, 0.0265361499041, -0.0196751933545, 0.00842298101634, 0.00325084337965], [0.00116527464706, -0.00555577594787, 0.00122860260308, -0.00426142849028, 0.0035590918269, -0.00391473388299, -0.00312707782723, 0.00765645876527, -0.000460956071038, -0.0196751933545, 0.0430715791881, -0.0255160704255, 0.0104284211993], [-0.00100835773628, 0.00432452792302, -0.00293288053945, 0.00338538875803, -0.000440846983111, -0.00294302403927, 0.00243097241037, -0.00248419330455, 0.0031800349243, 0.00842298101634, -0.0255160704255, 0.0386027880013, -0.0212718825787], [0.000705498328898, -0.00255972822197, 0.00282262754627, -0.00217612297274, -0.00268223648891, 0.00204653898254, 0.000111474932055, -0.00315846689045, -0.00182626780588, 0.00325084337965, 0.0104284211993, -0.0212718825787, 0.0344201400876]], "cov": [[9440.01269531, -190.403610229, -249.20375061, 277.876037598, -364.821777344, 455.372619629, -409.67855835, -16.8020687103, -292.231872559, -19.0801448822, -60.6898651123, 222.00138855, -83.481628418], [-190.403610229, 903.801513672, -223.124298096, 154.452026367, 187.492080688, -195.402374268, 149.736907959, -50.3976287842, 54.4013977051, -41.5552253723, 37.003490448, -104.996398926, 51.0087013245], [-249.20375061, -223.124298096, 545.230102539, 5.52571249008, 121.385734558, 103.707168579, -12.8369731903, 70.5951766968, -7.68319797516, 86.8653106689, 31.7892875671, 62.6910018921, -25.5346755981], [277.876037598, 154.452026367, 5.52571249008, 223.240036011, 53.0651473999, 20.5515003204, -4.47027015686, -7.66246986389, 22.1339035034, 6.74110841751, 31.1116371155, -4.43412828445, 10.0472002029], [-364.821777344, 187.492080688, 121.385734558, 53.0651473999, 282.361175537, -46.4006156921, 57.7168807983, 24.7668323517, 9.20641136169, 28.2058982849, 4.13168239594, -17.3286743164, 27.533033371], [455.372619629, -195.402374268, 103.707168579, 20.5515003204, -46.4006156921, 212.544006348, -13.4543838501, 29.7087898254, -14.4814004898, 4.29140806198, 23.0559673309, 67.8512954712, -10.7802829742], [-409.67855835, 149.736907959, -12.8369731903, -4.47027015686, 57.7168807983, -13.4543838501, 141.866653442, 50.3296356201, 42.3410186768, -3.2042453289, 6.75927019119, -23.9091968536, 15.4843950272], [-16.8020687103, -50.3976287842, 70.5951766968, -7.66246986389, 24.7668323517, 29.7087898254, 50.3296356201, 95.0145339966, 27.5200157166, 18.8144321442, -9.60807228088, 7.45142745972, 6.2414150238], [-292.231872559, 54.4013977051, -7.68319797516, 22.1339035034, 9.20641136169, -14.4814004898, 42.3410186768, 27.5200157166, 74.0458221436, 29.4048709869, 15.5837917328, -20.4643230438, -0.185522586107], [-19.0801448822, -41.5552253723, 86.8653106689, 6.74110841751, 28.2058982849, 4.29140806198, -3.2042453289, 18.8144321442, 29.4048709869, 99.7024459839, 40.2185401917, 0.667579889297, -25.3457641602], [-60.6898651123, 37.003490448, 31.7892875671, 31.1116371155, 4.13168239594, 23.0559673309, 6.75927019119, -9.60807228088, 15.5837917328, 40.2185401917, 73.6107406616, 30.5711097717, -4.97722816467], [222.00138855, -104.996398926, 62.6910018921, -4.43412828445, -17.3286743164, 67.8512954712, -23.9091968536, 7.45142745972, -20.4643230438, 0.667579889297, 30.5711097717, 89.8374938965, 22.7057380676], [-83.481628418, 51.0087013245, -25.5346755981, 10.0472002029, 27.533033371, -10.7802829742, 15.4843950272, 6.2414150238, -0.185522586107, -25.3457641602, -4.97722816467, 22.7057380676, 58.5197410583]], "mean": [10.1179924011, 90.4427108765, -128.010162354, 45.569152832, -45.1472549438, -4.62489748001, -25.9963512421, 16.0273303986, -24.6244487762, -5.69526576996, -25.9905357361, -10.325428009, -11.4959754944]}, "spectral_flux": {"max": 0.321819961071, "dmean": 0.0248728301376, "dvar2": 0.00223549432121, "dmean2": 0.0390450619161, "var": 0.00248036254197, "median": 0.070264339447, "min": 6.67300034674e-11, "dvar": 0.00114456797019, "mean": 0.0830422565341}, "zerocrossingrate": {"max": 0.51953125, "dmean": 0.00753232883289, "dvar2": 6.5447333327e-05, "dmean2": 0.00919635314494, "var": 0.00119618221652, "median": 0.0625, "min": 0, "dvar": 4.42843374913e-05, "mean": 0.0659052655101}, "spectral_energyband_middle_low": {"max": 0.104131132364, "dmean": 0.00522528449073, "dvar2": 0.000258941145148, "dmean2": 0.00891827791929, "var": 9.81988705462e-05, "median": 0.00806860532612, "min": 2.77658061249e-22, "dvar": 9.61332043516e-05, "mean": 0.0105639174581}, "silence_rate_20dB": {"max": 1, "dmean": 0, "dvar2": 0, "dmean2": 0, "var": 0, "median": 1, "min": 1, "dvar": 0, "mean": 1}, "silence_rate_30dB": {"max": 1, "dmean": 0.000696136441547, "dvar2": 0.00208664382808, "dmean2": 0.00139239407144, "var": 0.000347924767993, "median": 1, "min": 0, "dvar": 0.000695649709087, "mean": 0.999651968479}, "spectral_entropy": {"max": 9.80355167389, "dmean": 0.080138579011, "dvar2": 0.0180781930685, "dmean2": 0.12749363482, "var": 0.0947323963046, "median": 7.76357030869, "min": 5.0939040184, "dvar": 0.00784291885793, "mean": 7.69851398468}, "spectral_rolloff": {"max": 19509.0820313, "dmean": 530.756286621, "dvar2": 997289.1875, "dmean2": 912.76184082, "var": 2230534.25, "median": 2045.65429688, "min": 21.533203125, "dvar": 384928.0625, "mean": 1888.87255859}, "spectral_complexity": {"max": 64, "dmean": 3.88600754738, "dvar2": 30.5928115845, "dmean2": 5.99512672424, "var": 143.384185791, "median": 31, "min": 0, "dvar": 14.9574174881, "mean": 28.9