{"tonal": {"chords_key": "G", "hpcp_entropy": {"dmean": 0.632781088352, "dmean2": 1.05187642574, "max": 4.41782808304, "dvar": 0.323017716408, "mean": 1.78506672382, "dvar2": 0.801094055176, "min": 0, "var": 0.726921319962, "median": 1.77775979042}, "key_key": "G", "chords_strength": {"dmean": 0.0117316311225, "dmean2": 0.0121171250939, "max": 0.815001904964, "dvar": 0.000431362714153, "mean": 0.486349970102, "dvar2": 0.000836942286696, "min": -1, "var": 0.020684832707, "median": 0.48609739542}, "key_scale": "major", "chords_number_rate": 0.00252479710616, "thpcp": [1, 0.656711041927, 0.368596732616, 0.301531851292, 0.302676707506, 0.61490124464, 0.928262352943, 0.682063341141, 0.447417527437, 0.419236570597, 0.257224291563, 0.169857859612, 0.174765780568, 0.194845765829, 0.517285227776, 0.969310879707, 0.779550135136, 0.392352968454, 0.304337739944, 0.244477882981, 0.382454454899, 0.515767097473, 0.362758040428, 0.2151504457, 0.173722937703, 0.155258387327, 0.312006771564, 0.468345761299, 0.400048226118, 0.56926959753, 0.769838869572, 0.507429718971, 0.308324962854, 0.31886702776, 0.364419817924, 0.758308112621], "key_strength": 0.75166863203, "tuning_nontempered_energy_ratio": 0.712194681168, "tuning_frequency": 440.254241943, "chords_changes_rate": 0.0715960338712, "tuning_diatonic_strength": 0.594967842102, "chords_scale": "major", "chords_histogram": [21.8935985565, 15.9963932037, 21.1361579895, 0.180342644453, 3.3002705574, 1.37060415745, 9.59422874451, 0.46889090538, 2.38052296638, 0.486925154924, 0, 0, 0, 0.0360685288906, 0.739404857159, 2.308385849, 1.06402158737, 1.38863837719, 0.631199300289, 4.29215526581, 0, 5.41027975082, 1.9477006197, 5.3742108345], "tuning_equal_tempered_deviation": 0.0034047877416, "hpcp": {"dmean": [0.14098931849, 0.12969648838, 0.0957757309079, 0.0758338868618, 0.0889929160476, 0.119849972427, 0.128487125039, 0.118828043342, 0.0982949510217, 0.0803916603327, 0.0654208660126, 0.0528272800148, 0.0516435801983, 0.0573166310787, 0.0933746099472, 0.103638872504, 0.111391924322, 0.0887078568339, 0.0722903385758, 0.0660558715463, 0.078706741333, 0.0856561213732, 0.0744202956557, 0.0586690679193, 0.0493914522231, 0.0492738373578, 0.0713360309601, 0.081356331706, 0.089263908565, 0.115191482008, 0.114211365581, 0.102073855698, 0.0892226919532, 0.0798813477159, 0.101582489908, 0.142019852996], "dmean2": [0.238803386688, 0.224245935678, 0.172117561102, 0.138796135783, 0.163697570562, 0.206761941314, 0.217078983784, 0.202960342169, 0.170968011022, 0.140724003315, 0.115752771497, 0.0956898331642, 0.0930027812719, 0.101935788989, 0.159070849419, 0.175577297807, 0.188809782267, 0.153398364782, 0.126426637173, 0.116834886372, 0.136660352349, 0.146051391959, 0.128293976188, 0.103434100747, 0.0889421328902, 0.0902657732368, 0.125259801745, 0.136763587594, 0.156198605895, 0.196313664317, 0.189738497138, 0.175775408745, 0.159879013896, 0.143474370241, 0.183961182833, 0.248948186636], "max": [1, 1, 1, 1, 1, 1, 1, 1, 1, 1, 1, 1, 1, 1, 1, 1, 1, 1, 1, 1, 1, 1, 1, 1, 1, 1, 1, 1, 1, 1, 1, 1, 1, 1, 1, 1], "dvar": [0.0513707958162, 0.0463101565838, 0.0405951179564, 0.0311190206558, 0.0397547036409, 0.0414119884372, 0.0490655265749, 0.038245420903, 0.0355095006526, 0.0320693030953, 0.0244822390378, 0.0209343973547, 0.0217235609889, 0.0215751044452, 0.0309027247131, 0.036950301379, 0.0355550087988, 0.0325878039002, 0.0277482867241, 0.0237683914602, 0.0308225005865, 0.0341154262424, 0.027225593105, 0.0228123553097, 0.0185083039105, 0.0187679138035, 0.0260149724782, 0.0302226543427, 0.0300356689841, 0.0415302589536, 0.0434472560883, 0.0371563322842, 0.0394999533892, 0.0334846153855, 0.038564350456, 0.0536924488842], "mean": [0.242521002889, 0.159266218543, 0.0893924459815, 0.0731278061867, 0.0734054595232, 0.149126470089, 0.225123122334, 0.165414690971, 0.108508147299, 0.101673670113, 0.0623822957277, 0.0411940999329, 0.0423843711615, 0.0472541898489, 0.125452533364, 0.235078245401, 0.189057275653, 0.0951538383961, 0.0738082975149, 0.0592910200357, 0.092753238976, 0.125084355474, 0.0879764407873, 0.0521785020828, 0.0421314612031, 0.0376534201205, 0.0756681933999, 0.113583683968, 0.0970200970769, 0.138059839606, 0.186702087522, 0.123062364757, 0.0747752785683, 0.0773319527507, 0.088379457593, 0.183905646205], "dvar2": [0.120972163975, 0.117621064186, 0.108433686197, 0.0852646902204, 0.111413009465, 0.106103383005, 0.11325353384, 0.0991790220141, 0.0940229147673, 0.0830368623137, 0.0685348957777, 0.0590340681374, 0.0606059134007, 0.0592564195395, 0.0808918625116, 0.0854712575674, 0.0875943526626, 0.0830239206553, 0.071775957942, 0.0654637590051, 0.0816404223442, 0.08566724509, 0.0715788602829, 0.0609236769378, 0.049772258848, 0.0538241453469, 0.0718905925751, 0.0738820284605, 0.0802579373121, 0.107923202217, 0.100738838315, 0.0965712368488, 0.108401171863, 0.0902423486114, 0.108831398189, 0.14185115695], "min": [0, 0, 0, 0, 0, 0, 0, 0, 0, 0, 0, 0, 0, 0, 0, 0, 0, 0, 0, 0, 0, 0, 0, 0, 0, 0, 0, 0, 0, 0, 0, 0, 0, 0, 0, 0], "var": [0.114645332098, 0.0643663853407, 0.0424336716533, 0.0362683236599, 0.0326638780534, 0.0616634041071, 0.112262912095, 0.0670695453882, 0.045702856034, 0.0516023226082, 0.0231004077941, 0.0157371815294, 0.0174294468015, 0.0174785777926, 0.0439640581608, 0.117940470576, 0.0813715830445, 0.0394935831428, 0.0324993282557, 0.0218373108655, 0.0433834902942, 0.0654154643416, 0.0367890819907, 0.0212899204344, 0.0166910048574, 0.0126058300957, 0.0274610947818, 0.0542548708618, 0.0363913066685, 0.0563366003335, 0.0961961820722, 0.049737598747, 0.0337126627564, 0.0398430712521, 0.0344187580049, 0.079818919301], "median": [0.0553139969707, 0.0350789166987, 0.00847162865102, 0.00585862854496, 0.00726770004258, 0.0268155205995, 0.0459282919765, 0.0346374437213, 0.0171426273882, 0.0114090228453, 0.00752724753693, 0.00393404392526, 0.0040465509519, 0.00517970183864, 0.0281951949, 0.0516756437719, 0.0387519784272, 0.0137174036354, 0.00607268791646, 0.00522789591923, 0.00806675571948, 0.0126108154655, 0.011565040797, 0.00571352895349, 0.00393336592242, 0.00450911093503, 0.0121796540916, 0.015880420804, 0.01832950674, 0.0251208692789, 0.0266506932676, 0.0176709741354, 0.00544948829338, 0.0041076624766, 0.0124304285273, 0.0360342264175]}}, "lowlevel": {"melbands_flatness_db": {"dmean": 0.0285486262292, "dmean2": 0.0418051853776, "max": 0.450591146946, "dvar": 0.000939559191465, "mean": 0.23437269032, "dvar2": 0.00180888862815, "min": 0.000986383762211, "var": 0.00568981003016, "median": 0.241988807917}, "melbands_crest": {"dmean": 2.97784495354, "dmean2": 4.73899078369, "max": 39.3287773132, "dvar": 8.05056285858, "mean": 16.7961215973, "dvar2": 20.2057647705, "min": 1.58533740044, "var": 34.7898178101, "median": 16.2929801941}, "spectral_entropy": {"dmean": 0.233013123274, "dmean2": 0.336888045073, "max": 9.81953620911, "dvar": 0.0627188310027, "mean": 7.47422122955, "dvar2": 0.120708741248, "min": 5.24683141708, "var": 0.367603093386, "median": 7.40788936615}, "melbands": {"dmean": [0.000757742091082, 0.00081920606317, 0.000853606441524, 0.00134675961453, 0.000485639087856, 0.00019018749299, 0.000148208084283, 0.000128242201754, 0.000105833685666, 6.90786837367e-05, 3.40870938089e-05, 2.22126054723e-05, 2.67090017587e-05, 1.80917413672e-05, 1.4301261217e-05, 1.63548520504e-05, 1.77042529685e-05, 1.73389671545e-05, 1.2666125258e-05, 1.05162816908e-05, 1.08786989585e-05, 9.7779711723e-06, 7.71125269239e-06, 7.78007233748e-06, 3.40170959134e-06, 3.44621821569e-06, 4.47835009254e-06, 2.65150879386e-06, 2.2832778086e-06, 2.68717008112e-06, 2.79834785033e-06, 2.88784849545e-06, 2.27242048823e-06, 2.05368337447e-06, 1.6137627199e-06, 1.7117539528e-06, 1.85368855909e-06, 1.84109194379e-06, 1.68104088516e-06, 1.56563419296e-06], "dmean2": [0.00111814611591, 0.00123758567497, 0.00142887863331, 0.00233642826788, 0.000811729871202, 0.000311400275677, 0.000231814905419, 0.000198626468773, 0.000156973066623, 0.000105154431367, 5.29655917489e-05, 3.48636494891e-05, 4.22528755735e-05, 2.93030698231e-05, 2.14590108953e-05, 2.48916512646e-05, 2.8370117434e-05, 2.63519741566e-05, 1.9453560526e-05, 1.62974683917e-05, 1.76303437911e-05, 1.60576710186e-05, 1.22898491099e-05, 1.23258287203e-05, 5.47179161003e-06, 5.34573382538e-06, 6.94684831615e-06, 4.06046683565e-06, 3.59062596544e-06, 4.21689992436e-06, 4.2934098019e-06, 4.47235106549e-06, 3.56360988008e-06, 3.1523297821e-06, 2.48250171353e-06, 2.63405127043e-06, 2.83266217593e-06, 2.87828265755e-06, 2.60361980509e-06, 2.35734387388e-06], "max": [0.0447858162224, 0.0539811104536, 0.0479644946754, 0.0623331330717, 0.021587761119, 0.0162115637213, 0.0161433145404, 0.0107501428574, 0.00950118899345, 0.00663973065093, 0.00446482049301, 0.00251769716851, 0.00311137223616, 0.0023681409657, 0.00232094270177, 0.00381861347705, 0.00363755668513, 0.00124171294738, 0.00101215799805, 0.0013453894062, 0.00138701242395, 0.00102737487759, 0.00037764859735, 0.000487254175823, 0.000209057834581, 0.000167589256307, 0.000337583594956, 0.000264257017989, 0.000357342418283, 0.000324401742546, 0.000674620969221, 0.000381782505428, 0.000257488165516, 0.000111622881377, 0.000101230638393, 0.000148794817505, 0.000107928615762, 0.000148356746649, 0.000111707457108, 0.000129614025354], "dvar": [6.8237841333e-06, 9.99954227154e-06, 1.33156154334e-05, 1.49737634274e-05, 1.44889486364e-06, 3.32384956891e-07, 2.42516762228e-07, 1.45813487507e-07, 1.03618162939e-07, 3.8259830859e-08, 1.17828919954e-08, 4.83928852546e-09, 6.69722943769e-09, 5.5665254628e-09, 2.97109425951e-09, 6.30000007718e-09, 7.71326646998e-09, 2.53933984951e-09, 1.32005695264e-09, 1.28726496129e-09, 2.18206985814e-09, 1.29770083568e-09, 4.50327941603e-10, 4.93852236882e-10, 6.71786237749e-11, 5.40159618423e-11, 1.34558794662e-10, 5.85749851401e-11, 7.5407104172e-11, 1.00039733442e-10, 2.24361682011e-10, 1.43293668597e-10, 5.91205764899e-11, 4.06368723394e-11, 1.81723022047e-11, 2.0155333999e-11, 2.27725859003e-11, 2.7024292526e-11, 2.1335809855e-11, 1.77283743241e-11], "mean": [0.00191980844829, 0.00153994339053, 0.00110869959462, 0.00209339475259, 0.000873057171702, 0.000354933814378, 0.000288490846287, 0.000280449254205, 0.000215737571125, 0.000142464807141, 5.44132562936e-05, 3.64339393855e-05, 3.46764318238e-05, 2.33640694205e-05, 2.19253579417e-05, 2.40403442149e-05, 2.49989770964e-05, 2.74630383501e-05, 1.88589710888e-05, 1.48062836161e-05, 1.30465723487e-05, 1.07433661469e-05, 1.08315462057e-05, 1.1975615962e-05, 5.47090303371e-06, 5.81884569328e-06, 6.97466930433e-06, 3.77138917429e-06, 2.7636269806e-06, 3.07704954139e-06, 3.36635457643e-06, 3.33543243869e-06, 2.8192011996e-06, 2.81570441985e-06, 2.55460645349e-06, 2.79687378679e-06, 2.90786715595e-06, 2.52699419434e-06, 2.31323906519e-06, 2.25396752285e-06], "dvar2": [1.41444288602e-05, 2.26029587793e-05, 3.5918528738e-05, 4.33718960267e-05, 4.00447697757e-06, 8.55758855778e-07, 6.07744709669e-07, 3.42480262816e-07, 2.18201861912e-07, 8.60027711269e-08, 2.69162647726e-08, 1.06196056393e-08, 1.59523061427e-08, 1.38784477244e-08, 7.07596514715e-09, 1.40463587428e-08, 2.13480646494e-08, 5.68733371509e-09, 3.04794012251e-09, 3.01545854953e-09, 5.69547209395e-09, 3.41205241838e-09, 1.10797993003e-09, 1.23497423399e-09, 1.60250951398e-10, 1.21706672518e-10, 3.19980569818e-10, 1.40143466276e-10, 1.98378938276e-10, 2.46719727981e-10, 5.67068947355e-10, 3.52351064992e-10, 1.44054657092e-10, 9.58219545377e-11, 4.089834027e-11, 4.24468897531e-11, 4.91283021209e-11, 5.97910401745e-11, 4.46456378811e-11, 3.60575597158e-11], "min": [8.68831087842e-25, 1.85617511606e-24, 9.41518210763e-25, 1.54254009318e-24, 2.64218330303e-24, 2.07962588392e-24, 9.97544394151e-25, 1.23494311028e-24, 7.33794272517e-25, 3.05396514568e-24, 2.45176194406e-24, 2.25713299823e-24, 2.64210027542e-24, 1.6968419765e-24, 3.53621652464e-24, 3.27308861705e-24, 1.60477135784e-24, 3.56734892027e-24, 2.76519630044e-24, 2.8687064869e-24, 3.50602326793e-24, 3.01162855862e-24, 3.94042806362e-24, 1.85056966768e-24, 4.25171415454e-24, 4.46409049858e-24, 5.20083412481e-24, 3.36564665313e-24, 3.50509517307e-24, 4.96086973719e-24, 5.83364138247e-24, 4.83336023262e-24, 5.58969206398e-24, 5.18978888884e-24, 5.55396770903e-24, 5.57533558437e-24, 6.33581090764e-24, 6.45046434603e-24, 5.78956299053e-24, 5.84005600492e-24], "var": [1.63126351254e-05, 1.3910047528e-05, 9.90908938547e-06, 1.27040102598e-05, 2.06897516364e-06, 6.80862115132e-07, 4.02963877377e-07, 5.00914609347e-07, 3.09201283244e-07, 1.27760827695e-07, 2.385089104e-08, 9.32114119223e-09, 9.34969257571e-09, 7.77791431261e-09, 5.74743763693e-09, 1.04946833446e-08, 6.99571689466e-09, 5.93337201593e-09, 2.19550377878e-09, 1.99633665154e-09, 2.23008678191e-09, 1.21495036254e-09, 6.69480304527e-10, 8.34334323851e-10, 1.14713238908e-10, 1.36891734059e-10, 2.86907636537e-10, 7.84330447812e-11, 7.65036159422e-11, 1.2274940786e-10, 2.65649918729e-10, 1.81658646459e-10, 7.57887572145e-11, 5.38420176499e-11, 3.25575712223e-11, 4.21827087149e-11, 4.24277106503e-11, 4.25790409875e-11, 3.96116021928e-11, 3.5515951291e-11], "median": [0.000368761830032, 0.00048980070278, 0.000396748218918, 0.00102948537096, 0.000337448320352, 8.96567216842e-05, 7.4815179687e-05, 4.91525061079e-05, 4.0813072701e-05, 2.6603209335e-05, 1.32792174554e-05, 1.00147335615e-05, 7.83393443271e-06, 5.15890133101e-06, 4.96960001328e-06, 5.31695241079e-06, 5.80306823394e-06, 3.64573634215e-06, 3.22482446791e-06, 2.63061633632e-06, 2.10207304008e-06, 1.96394466911e-06, 2.04538878279e-06, 2.14551914723e-06, 1.4931054011e-06, 1.63592471836e-06, 1.68256167399e-06, 8.90664807685e-07, 5.06687570123e-07, 3.65189634977e-07, 2.65515666342e-07, 2.99520877434e-07, 4.88936848342e-07, 7.15211967872e-07, 8.47565274853e-07, 9.2419008979e-07, 8.45947852213e-07, 5.2841210163e-07, 4.95965480241e-07, 6.06991989116e-07]}, "silence_rate_60dB": {"dmean": 0.0212861914188, "dmean2": 0.0425762236118, "max": 1, "dvar": 0.0208354070783, "mean": 0.0959595963359, "dvar2": 0.0445449538529, "min": 0, "var": 0.0867559015751, "median": 0}, "spectral_energyband_middle_high": {"dmean": 0.00114515412133, "dmean2": 0.00171573273838, "max": 0.0633934661746, "dvar": 8.06743628345e-06, "mean": 0.00234053982422, "dvar2": 1.91750277736e-05, "min": 1.1232633091e-21, "var": 1.39870689964e-05, "median": 0.000976525596343}, "erbbands_skewness": {"dmean": 0.446156620979, "dmean2": 0.650056064129, "max": 6.64029121399, "dvar": 0.236759752035, "mean": 0.843109369278, "dvar2": 0.476333111525, "min": -4.48833560944, "var": 1.15107643604, "median": 0.855749964714}, "dynamic_complexity": 4.09921216965, "dissonance": {"dmean": 0.0212603770196, "dmean2": 0.0345013253391, "max": 0.499999910593, "dvar": 0.000420219177613, "mean": 0.444984644651, "dvar2": 0.00106264709029, "min": 0.236166849732, "var": 0.00143778638449, "median": 0.451749026775}, "spectral_skewness": {"dmean": 0.199010804296, "dmean2": 0.289390921593, "max": 4.91116333008, "dvar": 0.0502595454454, "mean": 1.6696921587, "dvar2": 0.0974901244044, "min": -0.376772493124, "var": 0.293354153633, "median": 1.66849827766}, "spectral_kurtosis": {"dmean": 1.04192483425, "dmean2": 1.57965970039, "max": 34.853603363, "dvar": 1.67105937004, "mean": 3.62920713425, "dvar2": 3.68580913544, "min": -1.34214401245, "var": 7.06829166412, "median": 3.12241268158}, "gfcc": {"cov": [[20871.0644531, 253.115829468, -1090.85644531, 196.059005737, -508.349243164, 3.18739914894, -592.747436523, 274.718292236, -216.127090454, 111.097373962, -174.703887939, -39.8702049255, -180.443817139], [253.115829468, 1406.65063477, 39.8666343689, -149.646865845, 121.780563354, 43.0892753601, -26.378074646, 99.0765762329, 73.3556900024, -29.3007888794, 166.166732788, -34.5666618347, -25.5326938629], [-1090.85644531, 39.8666343689, 775.002258301, 162.025848389, 148.442428589, 141.618804932, 195.564193726, -6.9826965332, 84.5272064209, 80.202041626, 44.5105934143, 103.074363708, 43.3981590271], [196.059005737, -149.646865845, 162.025848389, 404.89956665, 70.4333572388, 63.2593421936, 16.5895252228, 29.6193885803, 56.1884422302, 35.7074813843, -10.0885295868, 23.3339557648, 40.7346343994], [-508.349243164, 121.780563354, 148.442428589, 70.4333572388, 392.601928711, 72.9089508057, 108.974327087, 71.1434936523, 136.150634766, 56.7418327332, 14.0586977005, 35.7863388062, 40.6611747742], [3.18739914894, 43.0892753601, 141.618804932, 63.2593421936, 72.9089508057, 246.759719849, 111.574317932, 53.9244041443, 23.6139240265, 51.1535987854, 33.4138793945, 19.5019989014, 19.4168319702], [-592.747436523, -26.378074646, 195.564193726, 16.5895252228, 108.974327087, 111.574317932, 259.291137695, 42.5688018799, 50.1955947876, 52.6456451416, 36.3102798462, 65.410949707, 25.1472606659], [274.718292236, 99.0765762329, -6.9826965332, 29.6193885803, 71.1434936523, 53.9244041443, 42.5688018799, 182.167205811, 79.5156784058, 42.4285125732, 52.1048965454, 2.67637515068, 3.13555049896], [-216.127090454, 73.3556900024, 84.5272064209, 56.1884422302, 136.150634766, 23.6139240265, 50.1955947876, 79.5156784058, 184.002349854, 76.7070846558, 26.75481987, 40.3747062683, 33.0135536194], [111.097373962, -29.3007888794, 80.202041626, 35.7074813843, 56.7418327332, 51.1535987854, 52.6456451416, 42.4285125732, 76.7070846558, 127.516166687, 36.9571037292, 31.7849903107, 23.8812484741], [-174.703887939, 166.166732788, 44.5105934143, -10.0885295868, 14.0586977005, 33.4138793945, 36.3102798462, 52.1048965454, 26.75481987, 36.9571037292, 137.475845337, 43.9312324524, -0.0811930447817], [-39.8702049255, -34.5666618347, 103.074363708, 23.3339557648, 35.7863388062, 19.5019989014, 65.410949707, 2.67637515068, 40.3747062683, 31.7849903107, 43.9312324524, 140.447158813, 47.8988075256], [-180.443817139, -25.5326938629, 43.3981590271, 40.7346343994, 40.6611747742, 19.4168319702, 25.1472606659, 3.13555049896, 33.0135536194, 23.8812484741, -0.0811930447817, 47.8988075256, 96.5160293579]], "mean": [-27.2949943542, 67.2940597534, -73.7502975464, 24.8968429565, -58.9946174622, 12.9416399002, -51.4596633911, 11.7266044617, -29.793800354, 0.528467476368, -17.2369842529, -1.35101997852, -14.8778734207], "icov": [[7.05333950464e-05, -6.84601764078e-05, 9.83304125839e-05, -9.12105388124e-05, 6.4096195274e-05, -5.73674369662e-05, 0.00014527978783, -0.000200614740606, 0.000201639442821, -0.000290572323138, 0.000309014896629, -0.000285139336484, 0.0002059351973], [-6.84601764078e-05, 0.00114234257489, -0.000294439407298, 0.000586630427279, -0.00039754921454, -0.000219541194383, 0.000328076392179, 9.9238997791e-05, -0.00080997281475, 0.00128506007604, -0.00186948280316, 0.00100711314008, -0.000360334175639], [9.83304125839e-05, -0.000294439407298, 0.00214163633063, -0.000843450718094, -7.57458910812e-05, -0.000539362081327, -0.000879848550539, 0.000711660191882, -9.976804904e-06, -0.000835375918541, 0.000416774651967, -0.00113546685316, 0.000619455240667], [-9.12105388124e-05, 0.000586630427279, -0.000843450718094, 0.00334420194849, -0.00034570475691, -0.000627855071798, 0.000775725755375, -0.000250059820246, -0.000904773303773, 0.000708047882654, -0.00044544544653, 0.00063174549723, -0.00114915263839], [6.4096195274e-05, -0.00039754921454, -7.57458910812e-05, -0.00034570475691, 0.0040153991431, -0.00036438103416, -0.000948381202761, -0.000416863476858, -0.00217308220454, -3.75214149244e-05, 0.00110419187695, -7.46843288653e-05, -0.000372483336832], [-5.73674369662e-05, -0.000219541194383, -0.000539362081327, -0.000627855071798, -0.00036438103416, 0.00604888889939, -0.00209343899041, -0.00113724137191, 0.00161319703329, -0.00146012217738, -0.000344647996826, 0.000922449224163, -0.000787416356616], [0.00014527978783, 0.000328076392179, -0.000879848550539, 0.000775725755375, -0.000948381202761, -0.00209343899041, 0.00688349455595, -0.00126570498105, 0.000537435873412, -0.000820509158075, 0.000240263761953, -0.00227375444956, 0.000642753904685], [-0.000200614740606, 9.9238997791e-05, 0.000711660191882, -0.000250059820246, -0.000416863476858, -0.00113724137191, -0.00126570498105, 0.00914973206818, -0.00398527784273, 0.000835609680507, -0.00361987994984, 0.00229257508181, -0.000110716282506], [0.000201639442821, -0.00080997281475, -9.976804904e-06, -0.000904773303773, -0.00217308220454, 0.00161319703329, 0.000537435873412, -0.00398527784273, 0.0119651174173, -0.00589789636433, 0.00247187749483, -0.00264219241217, -0.000190569960978], [-0.000290572323138, 0.00128506007604, -0.000835375918541, 0.000708047882654, -3.75214149244e-05, -0.00146012217738, -0.000820509158075, 0.000835609680507, -0.00589789636433, 0.0141753926873, -0.00463144015521, 0.0019588326104, -0.00209640315734], [0.000309014896629, -0.00186948280316, 0.000416774651967, -0.00044544544653, 0.00110419187695, -0.000344647996826, 0.000240263761953, -0.00361987994984, 0.00247187749483, -0.00463144015521, 0.013663969934, -0.00582109112293, 0.00294375070371], [-0.000285139336484, 0.00100711314008, -0.00113546685316, 0.00063174549723, -7.46843288653e-05, 0.000922449224163, -0.00227375444956, 0.00229257508181, -0.00264219241217, 0.0019588326104, -0.00582109112293, 0.0130016636103, -0.00569714838639], [0.0002059351973, -0.000360334175639, 0.000619455240667, -0.00114915263839, -0.000372483336832, -0.000787416356616, 0.000642753904685, -0.000110716282506, -0.000190569960978, -0.00209640315734, 0.00294375070371, -0.00569714838639, 0.0144223365933]]}, "spectral_complexity": {"dmean": 3.06214475632, "dmean2": 4.48944616318, "max": 60, "dvar": 23.7187480927, "mean": 11.4596862793, "dvar2": 40.5813713074, "min": 0, "var": 71.9208984375, "median": 10}, "spectral_flux": {"dmean": 0.0265634916723, "dmean2": 0.0401498302817, "max": 0.532091200352, "dvar": 0.00161862885579, "mean": 0.0720418170094, "dvar2": 0.00285950605758, "min": 6.47743247928e-11, "var": 0.00416012573987, "median": 0.0563671030104}, "spectral_energyband_low": {"dmean": 0.00376341980882, "dmean2": 0.00576669443399, "max": 0.199502035975, "dvar": 0.000155988018378, "mean": 0.00949151627719, "dvar2": 0.00033605468343, "min": 9.69735114533e-24, "var": 0.000356713106157, "median": 0.00317858136259}, "spectral_decrease": {"dmean": 2.60620613979e-09, "dmean2": 4.19737711255e-09, "max": 3.31878836585e-21, "dvar": 3.37578793817e-17, "mean": -7.19843074037e-09, "dvar2": 8.51622409991e-17, "min": -8.31920345945e-08, "var": 6.11254973639e-17, "median": -5.72353409112e-09}, "barkbands_spread": {"dmean": 7.58597755432, "dmean2": 11.1071653366, "max": 126.721809387, "dvar": 124.360847473, "mean": 21.1084976196, "dvar2": 242.212188721, "min": 0.636858224869, "var": 371.263641357, "median": 13.9302186966}, "spectral_rms": {"dmean": 0.000816479208879, "dmean2": 0.00126017699949, "max": 0.0177496839315, "dvar": 1.53567543748e-06, "mean": 0.00474131479859, "dvar2": 3.5825823943e-06, "min": 3.155060848e-12, "var": 5.82200027566e-06, "median": 0.00475143780932}, "spectral_centroid": {"dmean": 265.879760742, "dmean2": 387.537078857, "max": 11655.6689453, "dvar": 159042.578125, "mean": 1084.17749023, "dvar2": 277027, "min": 197.524856567, "var": 1458592.375, "median": 723.797363281}, "barkbands_skewness": {"dmean": 0.74073767662, "dmean2": 1.09317517281, "max": 17.9615306854, "dvar": 0.705107152462, "mean": 2.68036437035, "dvar2": 1.45422899723, "min": -5.31061315536, "var": 3.47396707535, "median": 2.5913066864}, "spectral_rolloff": {"dmean": 706.443054199, "dmean2": 1142.60656738, "max": 19853.6132813, "dvar": 2705561.75, "mean": 1593.98718262, "dvar2": 5637570, "min": 21.533203125, "var": 8145403, "median": 495.263671875}, "erbbands_spread": {"dmean": 11.7172403336, "dmean2": 17.9875640869, "max": 171.425521851, "dvar": 195.950546265, "mean": 49.936214447, "dvar2": 454.47744751, "min": 0.947459101677, "var": 583.815551758, "median": 46.8237533569}, "barkbands": {"dmean": [3.92907604692e-05, 0.00298167392612, 0.00150572275743, 0.00173974782228, 0.00552062597126, 0.00110339804087, 0.000753501197323, 0.000581834698096, 0.000482602888951, 0.000189983315067, 0.000181898474693, 0.000148565435666, 0.00015602260828, 0.000179322829354, 0.000204028823646, 0.000152810607688, 0.000163342629094, 0.000151092099259, 8.54176323628e-05, 0.000100633347756, 0.0001023713412, 0.000127473918837, 9.74158610916e-05, 0.000140718722832, 0.000155606117914, 0.000154473716975, 2.08379115065e-05], "dmean2": [5.57320745429e-05, 0.00445830961689, 0.0026090266183, 0.00302033638582, 0.00952436309308, 0.00179472891614, 0.00117120880168, 0.000883512781002, 0.000748584687244, 0.000294162629871, 0.000288475799607, 0.000237751475652, 0.000238194101257, 0.000288160459604, 0.000309366587317, 0.000239720757236, 0.000266115006525, 0.000242161288043, 0.000132599525386, 0.000153793676873, 0.000156776426593, 0.000193961779587, 0.000147169470438, 0.000213966035517, 0.000230586141697, 0.000218004308408, 3.03296619677e-05], "max": [0.00322090368718, 0.159461379051, 0.130158022046, 0.117360129952, 0.23749884963, 0.0737082213163, 0.0685339570045, 0.0483738072217, 0.0336213037372, 0.0182741321623, 0.0213244538754, 0.0169367995113, 0.0319647938013, 0.0329120494425, 0.0129651194438, 0.0200442243367, 0.0223002303392, 0.00801931414753, 0.00369728705846, 0.00758313760161, 0.011555718258, 0.0193540100008, 0.00704900315031, 0.00932773109525, 0.0113411899656, 0.00558416731656, 0.000950339250267], "dvar": [1.36074094215e-08, 0.000104358252429, 7.72377316025e-05, 7.28073791834e-05, 0.000233241706155, 1.03471038528e-05, 5.47215631741e-06, 2.93147581942e-06, 1.63996946867e-06, 3.51751964445e-07, 3.05035683823e-07, 3.22624003957e-07, 5.69855387766e-07, 6.47552326427e-07, 3.23927054069e-07, 3.10633481604e-07, 3.85639964406e-07, 1.70569094848e-07, 3.43216228771e-08, 7.46586223954e-08, 1.32942943765e-07, 2.57209222809e-07, 6.57516352476e-08, 1.36964246167e-07, 1.4932636816e-07, 1.87726058698e-07, 4.45730874432e-09], "mean": [9.34613417485e-05, 0.00712457112968, 0.00161537411623, 0.0019005429931, 0.00898086838424, 0.00208932370879, 0.00159391760826, 0.00105996837374, 0.00099152000621, 0.000294531288091, 0.000236542487983, 0.000203073737794, 0.000226847434533, 0.000249285425525, 0.000325286062434, 0.000196144654183, 0.000189792175661, 0.000232672813581, 0.000144930716488, 0.0001514468604, 0.000126716942759, 0.000159053117386, 0.000165365650901, 0.000218415560084, 0.000235167521168, 0.000183691619895, 2.11466194742e-05], "dvar2": [2.12365875996e-08, 0.000227552620345, 0.000214580330066, 0.000207048753509, 0.00067569751991, 2.72019206022e-05, 1.36551170726e-05, 6.08931213719e-06, 3.75543572773e-06, 7.49396974697e-07, 7.10286030881e-07, 7.9157308619e-07, 1.33860544338e-06, 1.79176345227e-06, 7.30629551526e-07, 7.55015719278e-07, 1.00422766991e-06, 4.41913556415e-07, 7.45948156577e-08, 1.79032269898e-07, 3.19506199276e-07, 6.3059991362e-07, 1.32453692459e-07, 2.85959259827e-07, 3.0250825489e-07, 3.84117669228e-07, 9.3475076568e-09], "min": [3.0478725757e-25, 3.14889449765e-24, 8.55797527966e-25, 1.03669053189e-24, 8.69496373687e-24, 1.08210125073e-23, 3.89995476601e-24, 2.49769080647e-24, 2.03917451665e-23, 9.42767036741e-24, 1.52569532934e-23, 1.87164270626e-23, 3.33338918409e-23, 1.58945848299e-23, 4.60267900236e-23, 4.2653728078e-23, 4.97603929574e-23, 5.69357076682e-23, 1.34557594947e-22, 1.06631641223e-22, 2.33718003957e-22, 3.28340165599e-22, 4.23437461319e-22, 6.26551852582e-22, 8.16306549939e-22, 1.34022666474e-21, 1.91849881628e-21], "var": [7.89002569945e-08, 0.00021716565243, 5.11575308337e-05, 4.62341413368e-05, 0.000200977534405, 2.02248102141e-05, 1.33365738293e-05, 7.89470686868e-06, 5.36322295375e-06, 7.30744091015e-07, 4.45324189968e-07, 5.24977508576e-07, 1.0150054095e-06, 5.90725278471e-07, 7.09785922481e-07, 4.12135733541e-07, 3.84856406299e-07, 2.63812012236e-07, 7.45723767182e-08, 1.25602952039e-07, 1.85570542044e-07, 3.24265386098e-07, 1.3289964329e-07, 2.56696040424e-07, 3.07474465444e-07, 2.51085623404e-07, 5.32845767509e-09], "median": [7.81626295066e-06, 0.0015017001424, 0.000377810443752, 0.000456385547295, 0.00489818956703, 0.000509486184455, 0.000310903240461, 0.000184861710295, 0.00019243148563, 7.57587113185e-05, 5.18726410519e-05, 4.33708555647e-05, 4.81036186102e-05, 5.71242635488e-05, 4.5640677854e-05, 3.23681451846e-05, 3.49099354935e-05, 4.55297486042e-05, 4.22594457632e-05, 3.69822228095e-05, 1.52795000758e-05, 2.09202389669e-05, 5.29983299202e-05, 5.93329241383e-05, 6.47329216008e-05, 2.64927439275e-05, 1.49518268699e-06]}, "melbands_kurtosis": {"dmean": 14.9649238586, "dmean2": 22.9904460907, "max": 576.91607666, "dvar": 568.132751465, "mean": 35.247013092, "dvar2": 1244.20117188, "min": -1.87829959393, "var": 1744.53222656, "median": 22.4818744659}, "erbbands_crest": {"dmean": 2.68514823914, "dmean2": 4.21094179153, "max": 30.6927089691, "dvar": 6.80889701843, "mean": 10.793422699, "dvar2": 15.8828544617, "min": 2.30666947365, "var": 26.6456699371, "median": 9.83515548706}, "melbands_skewness": {"dmean": 0.967504501343, "dmean2": 1.4549138546, "max": 17.8793773651, "dvar": 1.14338457584, "mean": 4.05813026428, "dvar2": 2.49108362198, "min": -3.98438334465, "var": 5.50754642487, "median": 3.73443508148}, "spectral_energyband_middle_low": {"dmean": 0.00827544182539, "dmean2": 0.0139551991597, "max": 0.309501498938, "dvar": 0.000521416717675, "mean": 0.0167214050889, "dvar2": 0.00144985574298, "min": 1.48881617668e-22, "var": 0.000466369267087, "median": 0.0124532654881}, "spectral_contrast_coeffs": {"dmean": [0.0505146533251, 0.0446792878211, 0.0359310731292, 0.030736906454, 0.0232321340591, 0.0162398796529], "dmean2": [0.0821187719703, 0.0709849521518, 0.0572239868343, 0.0485703535378, 0.0360103882849, 0.0253249239177], "max": [-0.233582392335, -0.348244190216, -0.456056624651, -0.534499883652, -0.574827969074, -0.619900643826], "dvar": [0.00220241071656, 0.00164258258883, 0.000983038335107, 0.000725240912288, 0.000440446747234, 0.000266821676632], "mean": [-0.587481737137, -0.689024567604, -0.762407243252, -0.780866026878, -0.796574831009, -0.826952457428], "dvar2": [0.00538471201435, 0.00365862506442, 0.0023102897685, 0.0016077720793, 0.000934687617701, 0.000579754007049], "min": [-0.981200218201, -0.983865261078, -0.979143083096, -0.975090324879, -0.966892004013, -0.965079367161], "var": [0.0148995276541, 0.0099772028625, 0.00562395062298, 0.00424757599831, 0.00302372244187, 0.00116632145364], "median": [-0.596440315247, -0.695308029652, -0.771434545517, -0.788871407509, -0.805312275887, -0.830768346786]}, "spectral_contrast_valleys": {"dmean": [0.352385312319, 0.409106135368, 0.380747467279, 0.352367997169, 0.317807793617, 0.309236913919], "dmean2": [0.576599359512, 0.649897873402, 0.590616106987, 0.520247936249, 0.46070048213, 0.417923867702], "max": [-5.23819446564, -4.46893930435, -5.10688972473, -5.40371274948, -5.29152488708, -7.15758609772], "dvar": [0.113650456071, 0.180572286248, 0.160709872842, 0.146103724837, 0.145862028003, 0.144756421447], "mean": [-7.69944190979, -7.49459171295, -8.24314212799, -8.55464267731, -8.30070304871, -9.90446472168], "dvar2": [0.251239210367, 0.394698441029, 0.33457621932, 0.276556015015, 0.252188444138, 0.250516265631], "min": [-28.3524913788, -28.2352409363, -27.7042675018, -27.6175880432, -27.5686511993, -27.4443073273], "var": [4.88118600845, 4.38219881058, 4.03086328506, 3.98933649063, 4.10487365723, 3.64771318436], "median": [-7.18834686279, -7.24030447006, -8.02697944641, -8.35243797302, -8.10760593414, -9.72838592529]}, "silence_rate_20dB": {"dmean": 0, "dmean2": 0, "max": 1, "dvar": 0, "mean": 1, "dvar2": 0, "min": 1, "var": 0, "median": 1}, "silence_rate_30dB": {"dmean": 0.0156940557063, "dmean2": 0.0313909426332, "max": 1, "dvar": 0.0154468175024, "mean": 0.973845601082, "dvar2": 0.0322090238333, "min": 0, "var": 0.0254697669297, "median": 1}, "spectral_strongpeak": {"dmean": 0.319182991982, "dmean2": 0.535515785217, "max": 9.06588172913, "dvar": 0.337060838938, "mean": 0.820863842964, "dvar2": 0.86765307188, "min": 0, "var": 0.682952105999, "median": 0.551851153374}, "spectral_spread": {"dmean": 844709.375, "dmean2": 1251051.5, "max": 50929320, "dvar": 1202790596610.0, "mean": 7191991.5, "dvar2": 2542555627520.0, "min": 2171753.25, "var": 12669119627300.0, "median": 6780744}, "barkbands_flatness_db": {"dmean": 0.0240178797394, "dmean2": 0.0356368161738, "max": 0.382845759392, "dvar": 0.00059044448426, "mean": 0.157908722758, "dvar2": 0.00120184861589, "min": 0.0136455995962, "var": 0.00306643219665, "median": 0.160886138678}, "pitch_salience": {"dmean": 0.0695237144828, "dmean2": 0.108890682459, "max": 0.961484134197, "dvar": 0.00512920180336, "mean": 0.490927606821, "dvar2": 0.0119896121323, "min": 0.0248917676508, "var": 0.0184454228729, "median": 0.493712931871}, "erbbands_kurtosis": {"dmean": 1.47799766064, "dmean2": 2.30520749092, "max": 81.9360122681, "dvar": 6.21877813339, "mean": 1.67719125748, "dvar2": 14.2592782974, "min": -1.83757150173, "var": 14.8937826157, "median": 0.449288964272}, "average_loudness": 0.915843307972, "barkbands_crest": {"dmean": 2.61466240883, "dmean2": 4.16749429703, "max": 26.7240772247, "dvar": 6.38045167923, "mean": 13.4455595016, "dvar2": 15.4308319092, "min": 2.07368683815, "var": 26.1674900055, "median": 12.9328117371}, "hfc": {"dmean": 9.6074848175, "dmean2": 13.779168129, "max": 239.399795532, "dvar": 414.992828369, "mean": 20.297416687, "dvar2": 858.989624023, "min": 1.08543109818e-16, "var": 753.103637695, "median": 11.5729942322}, "barkbands_kurtosis": {"dmean": 6.26423597336, "dmean2": 9.61622238159, "max": 381.297943115, "dvar": 115.878700256, "mean": 13.2832536697, "dvar2": 254.767074585, "min": -1.94291687012, "var": 316.249481201, "median": 8.51903343201}, "erbbands": {"dmean": [0.0715594962239, 0.739802539349, 1.64827632904, 3.40356492996, 14.2646636963, 20.5817489624, 11.4791212082, 8.30900382996, 9.62033748627, 12.1201438904, 12.6882286072, 11.5800476074, 6.91504764557, 5.48199510574, 7.36094903946, 6.02893638611, 6.74455738068, 9.18058586121, 10.7396316528, 7.661921978, 8.90444278717, 8.33769989014, 8.42245292664, 4.46439027786, 5.25858831406, 4.37523126602, 3.72847890854, 4.53060245514, 4.71851730347, 3.54424214363, 2.75050759315, 2.83686470985, 2.45508050919, 1.83470857143, 1.07310807705, 0.697872817516, 0.276457935572, 0.0517877601087, 0.00450381776318, 0.000159511095262], "dmean2": [0.0997733995318, 1.10518836975, 2.69592833519, 5.81865882874, 24.4165973663, 35.4994773865, 18.7920036316, 13.5708580017, 15.0824928284, 18.7411136627, 18.8695869446, 17.4240856171, 10.7139635086, 8.65131664276, 11.8090677261, 9.4178352356, 10.0851020813, 14.413187027, 16.1702079773, 11.7342576981, 14.2029666901, 13.2559022903, 13.4346942902, 7.03218650818, 8.04707527161, 6.58529281616, 5.75653409958, 6.79374742508, 7.25988864899, 5.38424062729, 4.12616968155, 4.25260686874, 3.78670907021, 2.76542568207, 1.57381546497, 1.00259625912, 0.392230838537, 0.0745691135526, 0.00658680964261, 0.000230019475566], "max": [5.41720104218, 40.1894035339, 126.333900452, 255.57762146, 746.384887695, 759.114990234, 480.056274414, 751.6171875, 1185.63684082, 1078.08044434, 1274.24365234, 1072.32128906, 922.987060547, 552.159484863, 1012.27514648, 811.188415527, 1287.99841309, 1630.02709961, 796.641601563, 685.291931152, 1178.53942871, 624.267333984, 514.513671875, 230.030517578, 327.049621582, 371.372192383, 667.813781738, 723.084411621, 456.13949585, 284.615966797, 198.074996948, 175.556976318, 182.407180786, 144.086807251, 58.1783714294, 25.5666637421, 10.2707309723, 2.34628629684, 0.213748067617, 0.00622819503769], "dvar": [0.0626055747271, 6.44975471497, 67.1287765503, 307.032592773, 2479.71069336, 2593.8125, 954.650695801, 662.07421875, 1136.04125977, 1338.01647949, 1548.63122559, 1040.89355469, 469.908050537, 273.846740723, 536.459716797, 517.504394531, 919.32208252, 1756.94006348, 958.202697754, 455.287536621, 1246.81677246, 746.193664551, 573.812561035, 108.343399048, 146.072097778, 142.00100708, 203.90536499, 353.371704102, 294.056274414, 116.888427734, 51.4635429382, 51.5146903992, 45.80260849, 24.2662887573, 6.64587879181, 3.52448821068, 0.629714429379, 0.0268984120339, 0.000200528709684, 2.20255316208e-07], "mean": [0.195463106036, 1.61239504814, 2.2309319973, 4.13143873215, 19.9763240814, 33.17370224, 20.863483429, 15.1894950867, 17.7365207672, 28.0635032654, 26.3214378357, 24.867811203, 11.777639389, 9.26182174683, 9.60293960571, 8.8939037323, 10.7636938095, 13.8549108505, 17.4361476898, 12.371925354, 11.4819879532, 10.4713954926, 12.8811712265, 7.89460468292, 8.97400093079, 6.70730304718, 4.68504858017, 5.63172149658, 5.68269586563, 5.03722333908, 4.61451768875, 4.67448425293, 3.53699707985, 2.69161891937, 1.59972381592, 0.874384641647, 0.318056285381, 0.0539952553809, 0.00467938557267, 0.000196802007849], "dvar2": [0.115845941007, 14.2840261459, 173.029693604, 841.950561523, 7124.55615234, 7461.10351563, 2554.90356445, 1676.34777832, 2823.62036133, 3148.78076172, 3142.73779297, 2297.296875, 1078.25427246, 612.116210938, 1271.29626465, 1217.87817383, 1997.91015625, 4735.76269531, 2131.78222656, 1044.48522949, 3177.84228516, 1863.77416992, 1464.24731445, 253.582061768, 336.963775635, 336.778015137, 527.276123047, 827.094604492, 705.336669922, 256.421173096, 110.510025024, 106.99747467, 97.2233428955, 48.5464820862, 14.2690048218, 7.89598083496, 1.21879172325, 0.0561252348125, 0.000420100812335, 4.51689487591e-07], "min": [7.79544394821e-23, 7.97638137684e-22, 2.94819166048e-21, 3.0700917487e-21, 1.15013833854e-20, 2.68507576661e-20, 6.38463039338e-20, 1.07284013591e-19, 1.01566896627e-19, 1.28400920041e-19, 8.85539626485e-20, 5.389968325e-19, 5.4130120259e-19, 6.18908373335e-19, 7.58234901702e-19, 1.00446919927e-18, 1.92744683933e-18, 1.37184802665e-18, 2.59656936685e-18, 3.13343729494e-18, 3.19615929887e-18, 4.08669367453e-18, 3.822632394e-18, 6.07494469954e-18, 7.04657131297e-18, 5.93020215441e-18, 9.26360064307e-18, 9.47569306085e-18, 1.07971380776e-17, 1.05177553442e-17, 1.18631431038e-17, 1.17131115659e-17, 8.80945284417e-18, 7.98313001792e-18, 5.88530734025e-18, 4.52173608282e-18, 2.29693415009e-18, 8.22031671734e-19, 2.45506301077e-19, 2.62232506986e-20], "var": [0.191077575088, 11.6583395004, 57.4197044373, 208.186172485, 1882.63696289, 2784.0402832, 1666.36975098, 1369.29748535, 1765.5637207, 5457.79248047, 4770.11132813, 3851.10571289, 953.530029297, 519.865539551, 706.645751953, 1045.36035156, 2144.67578125, 1797.42700195, 2232.37939453, 885.330871582, 1389.14416504, 830.109558105, 856.111938477, 212.672851563, 345.000305176, 221.308776855, 215.692642212, 517.658569336, 407.489624023, 177.167877197, 103.743667603, 104.847503662, 79.9290542603, 49.4609146118, 12.4715909958, 4.5734167099, 0.857783675194, 0.0325076691806, 0.000244224560447, 2.87647850428e-07], "median": [0.0318765193224, 0.367496609688, 0.629457235336, 1.41669011116, 7.85903739929, 14.000954628, 6.76128816605, 4.06169366837, 4.94350194931, 5.03110122681, 5.81123447418, 4.94276952744, 3.31689405441, 2.85689973831, 2.49763059616, 2.16301584244, 2.57267260551, 3.59749126434, 2.67911100388, 2.44330096245, 2.07050704956, 2.13590574265, 2.58714056015, 2.19982385635, 2.48677062988, 1.69999015331, 0.854465246201, 0.541597425938, 0.656495451927, 1.20602679253, 1.54810357094, 1.46554803848, 0.802844405174, 0.709462165833, 0.426456928253, 0.171322882175, 0.0354739204049, 0.00371991237625, 0.000402750622015, 4.61820382043e-05]}, "spectral_energy": {"dmean": 0.0104426341131, "dmean2": 0.0166936926544, "max": 0.32292753458, "dvar": 0.00051864143461, "mean": 0.0290096309036, "dvar2": 0.00130522088148, "min": 1.02032688169e-20, "var": 0.000934334995691, "median": 0.0231405645609}, "zerocrossingrate": {"dmean": 0.0171937793493, "dmean2": 0.0188058745116, "max": 0.5283203125, "dvar": 0.000523520808201, "mean": 0.0711859688163, "dvar2": 0.000528923759703, "min": 0.00341796875, "var": 0.00496932631359, "median": 0.048828125}, "spectral_energyband_high": {"dmean": 0.00073652662104, "dmean2": 0.00104492960963, "max": 0.0260598212481, "