{"tonal": {"hpcp": {"dvar": [0.0389273948967, 0.0350031740963, 0.0257603041828, 0.0260836705565, 0.0254460964352, 0.0293648503721, 0.0420555844903, 0.0255893524736, 0.0210530236363, 0.0174095425755, 0.0180289391428, 0.0184665136039, 0.0264857765287, 0.0193876065314, 0.0261776763946, 0.0408194549382, 0.0385873951018, 0.0432073660195, 0.0643629953265, 0.0679362490773, 0.0495900176466, 0.0505849309266, 0.0439936928451, 0.0409603826702, 0.018466822803, 0.0141030950472, 0.0222915485501, 0.0301608480513, 0.0250951610506, 0.0354516357183, 0.0347004309297, 0.0312147140503, 0.0282371621579, 0.0262126252055, 0.0337926931679, 0.0336361862719], "var": [0.10117328912, 0.0509836226702, 0.023242495954, 0.0199699345976, 0.0197046343237, 0.0554772540927, 0.107426472008, 0.0393621437252, 0.0159138161689, 0.0118159428239, 0.0117816887796, 0.0267386771739, 0.0512473508716, 0.0247011911124, 0.0402752235532, 0.0897870883346, 0.0547654293478, 0.037053771317, 0.0483951605856, 0.0589601844549, 0.0863821431994, 0.125632211566, 0.0720438882709, 0.0488830134273, 0.0168073344976, 0.0113224061206, 0.0430382303894, 0.078839674592, 0.0380825847387, 0.0608300343156, 0.0954672843218, 0.0473608337343, 0.0354453399777, 0.0379672013223, 0.0358426272869, 0.0748926475644], "median": [0.109721437097, 0.0670746490359, 0.0222645662725, 0.0139895966277, 0.0220788568258, 0.151402831078, 0.23772418499, 0.127045482397, 0.0205958001316, 0.0116959959269, 0.0167354494333, 0.0413975566626, 0.0497054085135, 0.0533651188016, 0.116936855018, 0.1599060148, 0.100147470832, 0.0292023085058, 0.0201209411025, 0.04056866467, 0.220385819674, 0.318885922432, 0.201034724712, 0.0487831160426, 0.0211771782488, 0.0144726205617, 0.066649377346, 0.119674682617, 0.0983072370291, 0.0851996466517, 0.093144506216, 0.0578874275088, 0.0288011226803, 0.025221304968, 0.0313962548971, 0.0809945613146], "max": [1, 1, 1, 1, 1, 1, 1, 1, 1, 1, 1, 1, 1, 1, 1, 1, 1, 1, 1, 1, 1, 1, 1, 1, 1, 1, 1, 1, 1, 1, 1, 1, 1, 1, 1, 1], "dmean": [0.142196521163, 0.122131437063, 0.0802849754691, 0.0717609152198, 0.0796581581235, 0.137779965997, 0.170617297292, 0.121906325221, 0.0628109425306, 0.0475313588977, 0.0485266707838, 0.0740507617593, 0.0940755605698, 0.0838522613049, 0.124287769198, 0.161442950368, 0.144626677036, 0.121378965676, 0.152023047209, 0.180528178811, 0.198850095272, 0.200108781457, 0.188049837947, 0.133386895061, 0.0725202634931, 0.0518369302154, 0.0982296913862, 0.127526327968, 0.120868183672, 0.139817461371, 0.13300165534, 0.117545768619, 0.0917588397861, 0.0881262049079, 0.105944313109, 0.128303840756], "dmean2": [0.244152590632, 0.211662679911, 0.141686692834, 0.130631387234, 0.143860653043, 0.229711815715, 0.280178636312, 0.205259859562, 0.11344524473, 0.0873212888837, 0.0881834104657, 0.12536072731, 0.158824041486, 0.145466461778, 0.212473571301, 0.274098336697, 0.250012487173, 0.217429712415, 0.281321078539, 0.329505264759, 0.343574076891, 0.337154358625, 0.324345529079, 0.234838202596, 0.1288947016, 0.093235835433, 0.164482355118, 0.211024463177, 0.208142906427, 0.244721710682, 0.224058255553, 0.204269215465, 0.16413846612, 0.157118424773, 0.190544888377, 0.219950899482], "mean": [0.26691994071, 0.165043771267, 0.0761814191937, 0.0597492344677, 0.0691229403019, 0.237683728337, 0.358537495136, 0.197370454669, 0.0579392202199, 0.0398983284831, 0.044795550406, 0.104198910296, 0.143275126815, 0.111466266215, 0.188232392073, 0.2853102386, 0.196023613214, 0.105609156191, 0.111809432507, 0.149243712425, 0.314373463392, 0.425978153944, 0.289052098989, 0.141194552183, 0.0699884593487, 0.048937626183, 0.156546056271, 0.236549317837, 0.171254396439, 0.194322615862, 0.242027163506, 0.153008848429, 0.101986721158, 0.103710182011, 0.111276701093, 0.210068508983], "dvar2": [0.101340338588, 0.0944842025638, 0.070091150701, 0.0732669830322, 0.0708848163486, 0.075936704874, 0.0997278392315, 0.0682181194425, 0.0584883317351, 0.0498910881579, 0.0519927553833, 0.0489652641118, 0.0681473687291, 0.0532293692231, 0.0712277516723, 0.103702753782, 0.104652047157, 0.117818325758, 0.179670155048, 0.190360531211, 0.13502933085, 0.121920190752, 0.121589131653, 0.110141389072, 0.0513993501663, 0.0402871258557, 0.0589639246464, 0.0735993683338, 0.0708813220263, 0.102030955255, 0.0843025147915, 0.0858467593789, 0.0796162188053, 0.0751038566232, 0.100603170693, 0.0875449255109], "min": [0, 0, 0, 0, 0, 0, 0, 0, 0, 0, 0, 0, 0, 0, 0, 0, 0, 0, 0, 0, 0, 0, 0, 0, 0, 0, 0, 0, 0, 0, 0, 0, 0, 0, 0, 0]}, "key_key": "A", "thpcp": [1, 0.678560853004, 0.331459611654, 0.164300590754, 0.114882946014, 0.367497861385, 0.555308580399, 0.402026236057, 0.456179767847, 0.56816804409, 0.359194129705, 0.239417731762, 0.243463620543, 0.261226296425, 0.493143856525, 0.626604735851, 0.387446552515, 0.178838789463, 0.140263617039, 0.162268742919, 0.557971656322, 0.841680467129, 0.463334679604, 0.136014536023, 0.0936628505588, 0.105159267783, 0.244610920548, 0.336343824863, 0.261671334505, 0.44188272953, 0.669776678085, 0.460172921419, 0.247921526432, 0.262476921082, 0.350355327129, 0.738003730774], "chords_key": "E", "tuning_equal_tempered_deviation": 0.0191321093589, "tuning_frequency": 443.060424805, "tuning_diatonic_strength": 0.563497424126, "chords_histogram": [19.8921909332, 0.341835379601, 2.11675000191, 0, 0.0131475152448, 0.197212725878, 0.0131475152448, 0, 0, 0, 0, 0.0920326039195, 0, 1.05180120468, 0, 0.131475150585, 0, 0.276097804308, 0.0657375752926, 29.3978443146, 20.2603206635, 16.3292140961, 8.20404911041, 1.61714434624], "key_strength": 0.672151625156, "key_scale": "major", "chords_strength": {"dvar": 5.20015601069e-05, "var": 0.00919870100915, "median": 0.484247505665, "max": 0.79871737957, "dmean": 0.00905088987201, "dmean2": 0.00762535445392, "mean": 0.49595451355, "dvar2": 4.57445057691e-05, "min": 0.232465818524}, "chords_number_rate": 0.00105180125684, "tuning_nontempered_energy_ratio": 0.657641112804, "hpcp_entropy": {"dvar": 0.222794190049, "var": 0.453610926867, "median": 2.1562743187, "max": 4.72147417068, "dmean": 0.552885890007, "dmean2": 0.929881334305, "mean": 2.11068940163, "dvar2": 0.595282196999, "min": 0}, "chords_changes_rate": 0.0499605573714, "chords_scale": "minor"}, "rhythm": {"bpm_histogram_first_peak_spread": {"dvar": 0, "var": 0, "median": 0.197889208794, "max": 0.197889208794, "dmean": 0, "dmean2": 0, "mean": 0.197889208794, "dvar2": 0, "min": 0.197889208794}, "bpm_histogram_first_peak_weight": {"dvar": 0, "var": 0, "median": 0.785529732704, "max": 0.785529732704, "dmean": 0, "dmean2": 0, "mean": 0.785529732704, "dvar2": 0, "min": 0.785529732704}, "bpm_histogram_first_peak_bpm": {"dvar": 0, "var": 0, "median": 133, "max": 133, "dmean": 0, "dmean2": 0, "mean": 133, "dvar2": 0, "min": 133}, "bpm": 132.135452271, "bpm_histogram_second_peak_weight": {"dvar": 0, "var": 0, "median": 0.00645994814113, "max": 0.00645994814113, "dmean": 0, "dmean2": 0, "mean": 0.00645994814113, "dvar2": 0, "min": 0.00645994814113}, "beats_loudness": {"dvar": 0.000157737304107, "var": 0.000326409237459, "median": 0.0298844911158, "max": 0.112970247865, "dmean": 0.0165033284575, "dmean2": 0.025121493265, "mean": 0.0325621664524, "dvar2": 0.000443940603873, "min": 1.16197593769e-08}, "beats_loudness_band_ratio": {"dvar": [0.0243526138365, 0.0105741396546, 0.00921257212758, 0.00578887620941, 0.0068615488708, 0.00683458382264], "var": [0.0597368404269, 0.0134662948549, 0.0124607346952, 0.00725241797045, 0.00986710190773, 0.0071570253931], "median": [0.447353124619, 0.135805845261, 0.119259208441, 0.0684446841478, 0.0601694732904, 0.0719986706972], "max": [0.979633033276, 0.865712225437, 0.721945881844, 0.465887248516, 0.555103719234, 0.903406858444], "dmean": [0.268750101328, 0.110353372991, 0.102334804833, 0.0711204558611, 0.0769019573927, 0.0908152833581], "dmean2": [0.386372506618, 0.179496198893, 0.174264535308, 0.1221043244, 0.124064341187, 0.173990815878], "mean": [0.452362567186, 0.162747994065, 0.146494433284, 0.0961795374751, 0.0947691127658, 0.0865239799023], "dvar2": [0.0749678760767, 0.0276695638895, 0.0248300340027, 0.0156557299197, 0.0160197783262, 0.0185268074274], "min": [0.00306105613708, 0.000797100889031, 0.000113143425551, 0.000148245977471, 0.000259452441242, 0.000370721129002]}, "bpm_histogram_second_peak_bpm": {"dvar": 0, "var": 0, "median": 120, "max": 120, "dmean": 0, "dmean2": 0, "mean": 120, "dvar2": 0, "min": 120}, "onset_rate": 4.23882484436, "beats_count": 775, "beats_position": [0.476009070873, 0.99845802784, 1.52090704441, 1.99691605568, 2.46131515503, 2.92571425438, 3.3785033226, 3.83129239082, 4.28408145905, 4.73687076569, 5.18965959549, 5.64244890213, 6.09523820877, 6.54802703857, 7.00081634521, 7.45360517502, 7.90639448166, 8.35918331146, 8.8119726181, 9.26476192474, 9.71755123138, 10.1703395844, 10.623128891, 11.0759181976, 11.5287075043, 11.9814968109, 12.4342851639, 12.8870744705, 13.3398637772, 13.7926530838, 14.2570514679, 14.7098407745, 15.1626300812, 15.6270294189, 16.0798187256, 16.5326080322, 16.9853973389, 17.4381847382, 17.8909740448, 18.3437633514, 18.7965526581, 19.2493419647, 19.7021312714, 20.154920578, 20.6077098846, 21.0604991913, 21.5248966217, 21.9776859283, 22.430475235, 22.8832645416, 23.3360538483, 23.800453186, 24.2532424927, 24.7060317993, 25.158821106, 25.6116104126, 26.0643978119, 26.5171871185, 26.9699764252, 27.4227657318, 27.8871650696, 28.3399543762, 28.7927436829, 29.2455329895, 29.6983222961, 30.1511096954, 30.6038990021, 31.0566883087, 31.5094776154, 31.9738769531, 32.4266662598, 32.8794555664, 33.332244873, 33.7850341797, 34.2378234863, 34.690612793, 35.1550102234, 35.60779953, 36.0605888367, 36.5133781433, 36.96616745, 37.4189567566, 37.8717460632, 38.3245353699, 38.7773246765, 39.2417221069, 39.6945114136, 40.1473007202, 40.6000900269, 41.0528793335, 41.5056686401, 41.9584579468, 42.4228553772, 42.8756446838, 43.3284339905, 43.7812232971, 44.2340126038, 44.6868019104, 45.139591217, 45.5923805237, 46.0451698303, 46.497959137, 46.9507484436, 47.415145874, 47.8563270569, 48.3091163635, 48.7619056702, 49.2263031006, 49.6790924072, 50.1318817139, 50.5962791443, 51.0374603271, 51.5018577576, 51.9546470642, 52.4074363708, 52.8602256775, 53.3130149841, 53.7774124146, 54.2302017212, 54.6829910278, 55.1357803345, 55.5885696411, 56.0413589478, 56.4941482544, 56.946937561, 57.3997268677, 57.8525161743, 58.305305481, 58.7580947876, 59.1992721558, 59.6636734009, 60.1164627075, 60.5808601379, 61.0336494446, 61.4864387512, 61.9508361816, 62.4036254883, 62.8564147949, 63.3092041016, 63.7619934082, 64.2263946533, 64.67918396, 65.1319732666, 65.5731506348, 66.0259399414, 66.478729248, 66.9315185547, 67.3959197998, 67.8487091064, 68.3014984131, 68.7542877197, 69.2186813354, 69.6830825806, 70.1242599487, 70.5770492554, 71.029838562, 71.4826278687, 71.9354171753, 72.3882064819, 72.8409957886, 73.3053970337, 73.7581863403, 74.210975647, 74.6637649536, 75.1165542603, 75.5577316284, 76.0221328735, 76.4865264893, 76.9393157959, 77.3921051025, 77.8448944092, 78.2976837158, 78.7504730225, 79.2032623291, 79.6560516357, 80.1088409424, 80.561630249, 81.0144195557, 81.4555969238, 81.9199981689, 82.3843994141, 82.8371887207, 83.2899780273, 83.742767334, 84.1955566406, 84.6599502563, 85.112739563, 85.5655288696, 86.0183181763, 86.4711074829, 86.9238967896, 87.3766860962, 87.8294754028, 88.2822647095, 88.7350540161, 89.1878433228, 89.6522445679, 90.1050338745, 90.5578231812, 91.0106124878, 91.4634017944, 91.9277954102, 92.3921966553, 92.8565979004, 93.2977752686, 93.7389526367, 94.1917419434, 94.64453125, 95.1089324951, 95.5501098633, 96.0028991699, 96.4556884766, 96.9200897217, 97.3728790283, 97.825668335, 98.2784576416, 98.7312469482, 99.1840362549, 99.6368255615, 100.101219177, 100.554008484, 101.006797791, 101.459587097, 101.912376404, 102.353561401, 102.806350708, 103.259140015, 103.72353363, 104.187934875, 104.640724182, 105.093513489, 105.546302795, 105.999092102, 106.451881409, 106.904670715, 107.36907196, 107.810249329, 108.263038635, 108.715827942, 109.180221558, 109.633010864, 110.085800171, 110.538589478, 110.991378784, 111.444168091, 111.896957397, 112.349746704, 112.802536011, 113.266937256, 113.719726562, 114.172515869, 114.625305176, 115.078094482, 115.530883789, 115.983673096, 116.436462402, 116.889251709, 117.342041016, 117.794830322, 118.259223938, 118.712013245, 119.164802551, 119.617591858, 120.070381165, 120.53478241, 120.987571716, 121.440361023, 121.89315033, 122.345939636, 122.810340881, 123.263130188, 123.715919495, 124.157096863, 124.609886169, 125.062675476, 125.527069092, 125.979858398, 126.432647705, 126.885437012, 127.338226318, 127.791015625, 128.243804932, 128.708206177, 129.149383545, 129.61378479, 130.066574097, 130.519363403, 130.97215271, 131.424942017, 131.889343262, 132.342132568, 132.794921875, 133.247711182, 133.700500488, 134.153289795, 134.606079102, 135.070480347, 135.511657715, 135.964447021, 136.417236328, 136.881637573, 137.334411621, 137.787200928, 138.239990234, 138.692779541, 139.145568848, 139.598358154, 140.051147461, 140.503936768, 140.968338013, 141.421127319, 141.873916626, 142.338317871, 142.791107178, 143.243896484, 143.685073853, 144.149475098, 144.602264404, 145.055053711, 145.507843018, 145.960632324, 146.413421631, 146.866210938, 147.319000244, 147.771789551, 148.224578857, 148.677368164, 149.141769409, 149.594558716, 150.047348022, 150.500137329, 150.952926636, 151.405715942, 151.858505249, 152.311294556, 152.764083862, 153.228485107, 153.681274414, 154.134063721, 154.586837769, 155.039627075, 155.50402832, 155.968429565, 156.421218872, 156.86239624, 157.315185547, 157.767974854, 158.22076416, 158.685165405, 159.137954712, 159.590744019, 160.031921387, 160.484710693, 160.9375, 161.401901245, 161.854690552, 162.307479858, 162.760269165, 163.213058472, 163.677459717, 164.130249023, 164.58303833, 165.035827637, 165.488616943, 165.94140625, 166.394195557, 166.846984863, 167.29977417, 167.752563477, 168.205352783, 168.65814209, 169.110931396, 169.575332642, 170.028121948, 170.480911255, 170.933700562, 171.386474609, 171.839263916, 172.292053223, 172.756454468, 173.209243774, 173.67364502, 174.126434326, 174.567611694, 175.020401001, 175.473190308, 175.925979614, 176.378768921, 176.843170166, 177.295959473, 177.748748779, 178.201538086, 178.654327393, 179.107116699, 179.559906006, 180.012695312, 180.465484619, 180.918273926, 181.371063232, 181.823852539, 182.276641846, 182.729431152, 183.182220459, 183.646621704, 184.099411011, 184.552200317, 185.004989624, 185.457778931, 185.922180176, 186.374969482, 186.827758789, 187.280548096, 187.733337402, 188.18611145, 188.638900757, 189.091690063, 189.54447937, 189.997268677, 190.450057983, 190.914459229, 191.378860474, 191.83164978, 192.284439087, 192.737228394, 193.1900177, 193.642807007, 194.095596313, 194.54838562, 195.001174927, 195.453964233, 195.90675354, 196.359542847, 196.812332153, 197.26512146, 197.717910767, 198.182312012, 198.635101318, 199.087890625, 199.540679932, 199.993469238, 200.457870483, 200.91065979, 201.363449097, 201.816238403, 202.26902771, 202.721817017, 203.174606323, 203.62739563, 204.080184937, 204.532974243, 204.985748291, 205.438537598, 205.891326904, 206.355728149, 206.808517456, 207.261306763, 207.725708008, 208.178497314, 208.631286621, 209.084075928, 209.536865234, 209.989654541, 210.442443848, 210.895233154, 211.348022461, 211.800811768, 212.253601074, 212.718002319, 213.170791626, 213.623580933, 214.076370239, 214.529159546, 214.981948853, 215.434738159, 215.887527466, 216.340316772, 216.793106079, 217.245895386, 217.698684692, 218.151473999, 218.615875244, 219.068664551, 219.521453857, 219.962631226, 220.415420532, 220.868209839, 221.320999146, 221.773788452, 222.238174438, 222.690963745, 223.143753052, 223.596542358, 224.049331665, 224.502120972, 224.954910278, 225.407699585, 225.860488892, 226.313278198, 226.766067505, 227.23046875, 227.683258057, 228.136047363, 228.58883667, 229.041625977, 229.494415283, 229.94720459, 230.399993896, 230.852783203, 231.30557251, 231.758361816, 232.222763062, 232.675552368, 233.128341675, 233.581130981, 234.045532227, 234.498321533, 234.95111084, 235.403900146, 235.856689453, 236.30947876, 236.762268066, 237.215057373, 237.66784668, 238.120635986, 238.585037231, 239.0262146, 239.479003906, 239.931793213, 240.396179199, 240.848968506, 241.301757812, 241.754547119, 242.207336426, 242.671737671, 243.124526978, 243.577316284, 244.030105591, 244.482894897, 244.947296143, 245.388473511, 245.852874756, 246.305664062, 246.758453369, 247.211242676, 247.664031982, 248.116821289, 248.569610596, 249.010787964, 249.463577271, 249.916366577, 250.380767822, 250.845169067, 251.297958374, 251.750747681, 252.203536987, 252.656326294, 253.109115601, 253.561904907, 254.014694214, 254.467483521, 254.931884766, 255.384674072, 255.83744812, 256.290252686, 256.743041992, 257.195831299, 257.648620605, 258.101409912, 258.554199219, 259.018585205, 259.471374512, 259.924163818, 260.388580322, 260.841369629, 261.294158936, 261.746948242, 262.199737549, 262.664123535, 263.116912842, 263.569702148, 264.022491455, 264.486877441, 264.939666748, 265.392456055, 265.845245361, 266.298034668, 266.750823975, 267.203613281, 267.656402588, 268.109191895, 268.561981201, 269.014770508, 269.467559814, 269.920349121, 270.373138428, 270.837554932, 271.290344238, 271.754730225, 272.207519531, 272.660308838, 273.113098145, 273.565887451, 274.018676758, 274.471466064, 274.924255371, 275.377044678, 275.829833984, 276.294250488, 276.747009277, 277.199798584, 277.652587891, 278.105377197, 278.558166504, 279.010955811, 279.463745117, 279.916534424, 280.380950928, 280.833740234, 281.286529541, 281.739318848, 282.192108154, 282.644897461, 283.097686768, 283.538848877, 284.003265381, 284.44442749, 284.908843994, 285.361633301, 285.814422607, 286.278808594, 286.7315979, 287.184387207, 287.637176514, 288.101593018, 288.554382324, 288.995544434, 289.44833374, 289.901123047, 290.353912354, 290.80670166, 291.259490967, 291.723907471, 292.176696777, 292.641082764, 293.082275391, 293.535064697, 293.987854004, 294.45223999, 294.905029297, 295.357818604, 295.81060791, 296.263397217, 296.716186523, 297.16897583, 297.633361816, 298.086151123, 298.53894043, 298.991729736, 299.444519043, 299.89730835, 300.350097656, 300.802886963, 301.25567627, 301.708465576, 302.161254883, 302.614044189, 303.066833496, 303.519622803, 303.972412109, 304.425201416, 304.877990723, 305.342407227, 305.795196533, 306.24798584, 306.700775146, 307.153564453, 307.617950439, 308.070739746, 308.523529053, 308.96472168, 309.429107666, 309.881896973, 310.334686279, 310.787475586, 311.240264893, 311.693054199, 312.145843506, 312.598632812, 313.051422119, 313.504211426, 313.957000732, 314.421386719, 314.874176025, 315.326965332, 315.779754639, 316.232543945, 316.685333252, 317.138122559, 317.590911865, 318.043701172, 318.496490479, 318.949279785, 319.402069092, 319.854858398, 320.319274902, 320.783660889, 321.236450195, 321.689239502, 322.130432129, 322.583221436, 323.036010742, 323.488800049, 323.941589355, 324.394378662, 324.847167969, 325.311553955, 325.775970459, 326.228759766, 326.681549072, 327.134338379, 327.587127686, 328.039916992, 328.492706299, 328.957092285, 329.398284912, 329.851074219, 330.303863525, 330.756652832, 331.209442139, 331.662200928, 332.114990234, 332.579406738, 333.043792725, 333.496582031, 333.949371338, 334.390563965, 334.843353271, 335.296142578, 335.760528564, 336.213317871, 336.666107178, 337.130523682, 337.583312988, 338.036102295, 338.488891602, 338.941680908, 339.394470215, 339.847259521, 340.300048828, 340.752838135, 341.205627441, 341.658416748, 342.111206055, 342.563995361, 343.016784668, 343.469573975, 343.933959961, 344.386749268, 344.839538574, 345.303924561, 345.768341064, 346.232727051, 346.708740234, 347.184753418, 347.660766602, 348.148376465, 348.636016846, 349.111999512, 349.611236572, 350.110473633, 350.621307373, 351.132141113, 351.631378174, 352.130615234, 352.629821777], "danceability": 1.03308665752, "bpm_histogram_second_peak_spread": {"dvar": 0, "var": 0, "median": 0.444444477558, "max": 0.444444477558, "dmean": 0, "dmean2": 0, "mean": 0.444444477558, "dvar2": 0, "min": 0.444444477558}}, "lowlevel": {"spectral_flux": {"dvar": 0.000754838809371, "var": 0.00176063436083, "median": 0.0635047703981, "max": 0.308324426413, "dmean": 0.0206492133439, "dmean2": 0.0326550900936, "mean": 0.0711640492082, "dvar2": 0.00159371248446, "min": 1.03119866812e-10}, "spectral_rolloff": {"dvar": 840394.375, "var": 1961063.25, "median": 1335.05859375, "max": 18841.5527344, "dmean": 487.190307617, "dmean2": 806.436767578, "mean": 1620.80297852, "dvar2": 1728663.875, "min": 64.599609375}, "barkbands_flatness_db": {"dvar": 0.000398397998651, "var": 0.00212226063013, "median": 0.119602650404, "max": 0.356443464756, "dmean": 0.0201422926039, "dmean2": 0.0291307978332, "mean": 0.128270745277, "dvar2": 0.000797733431682, "min": 0.0335410311818}, "spectral_centroid": {"dvar": 76587.203125, "var": 360464.15625, "median": 1362.48352051, "max": 10964.6787109, "dmean": 244.264404297, "dmean2": 377.767242432, "mean": 1392.23510742, "dvar2": 160039.71875, "min": 208.646743774}, "melbands_skewness": {"dvar": 0.614986002445, "var": 2.20770764351, "median": 2.01099395752, "max": 22.103395462, "dmean": 0.636502563953, "dmean2": 0.985347270966, "mean": 2.25949764252, "dvar2": 1.36262583733, "min": -1.68418061733}, "melbands": {"dvar": [1.53902249167e-06, 2.77081426248e-06, 1.89525746919e-06, 4.89820820349e-07, 6.85679495405e-08, 4.33189306648e-08, 6.82762859583e-08, 1.04690407454e-07, 5.79847991844e-08, 4.01060553656e-08, 1.26923822563e-08, 1.76775092342e-08, 1.09910809343e-08, 9.10604125437e-09, 2.54244247877e-09, 1.08665636489e-08, 9.83082593109e-09, 1.40468117138e-08, 2.89174462154e-09, 7.63941465642e-10, 1.634515856e-09, 9.02173724615e-10, 1.60005630967e-09, 6.32455476879e-10, 3.15192982825e-10, 2.78587403146e-10, 1.14770686011e-10, 5.52566811751e-11, 5.27573471021e-11, 3.7713068779e-11, 1.84497746941e-11, 6.5468290511e-11, 8.48707631951e-11, 2.18036543681e-11, 2.12336467853e-11, 2.12004511169e-11, 2.62142339086e-11, 1.60597438126e-11, 1.73984975732e-11, 1.18346842742e-11], "var": [2.31116723626e-06, 3.39615735356e-06, 1.86826150639e-06, 6.51614357139e-07, 1.14918897509e-07, 1.02378258759e-07, 1.72884909944e-07, 1.95020078309e-07, 1.34785267392e-07, 8.98669867411e-08, 2.93330870704e-08, 4.55418351919e-08, 2.15763531486e-08, 2.16803979214e-08, 5.82941828142e-09, 2.35775488022e-08, 2.04903098933e-08, 3.12078896059e-08, 6.84463197231e-09, 1.89964244335e-09, 3.84206444437e-09, 2.6776130202e-09, 3.94267729575e-09, 1.64873581454e-09, 7.83142273253e-10, 7.20174420099e-10, 3.32652627666e-10, 1.64586386187e-10, 6.77462252963e-11, 4.11648909404e-11, 2.12745238093e-11, 7.83179771036e-11, 1.08168182744e-10, 3.7825197835e-11, 3.44963814458e-11, 3.70535997718e-11, 4.43278087847e-11, 3.06453300236e-11, 3.20325675707e-11, 1.90313979853e-11], "median": [0.000144269346492, 0.000345960957929, 0.000355419877451, 0.000288378971163, 0.000212863276829, 0.000203125193366, 0.000134413014166, 0.000131410633912, 0.00012278064969, 7.16416689102e-05, 6.18957419647e-05, 3.6872435885e-05, 2.81536867988e-05, 2.14365572901e-05, 1.9319501007e-05, 2.12779923459e-05, 1.29491345433e-05, 9.19936428545e-06, 1.04789542092e-05, 1.23251575133e-05, 1.40146094054e-05, 8.77342426975e-06, 7.69666621636e-06, 7.83793166192e-06, 5.63413777854e-06, 4.66168785351e-06, 3.83305541618e-06, 2.23315078074e-06, 1.71749684341e-06, 1.42282215165e-06, 8.01371470516e-07, 8.96166397979e-07, 1.17234696972e-06, 5.27140286977e-07, 3.30487978317e-07, 2.21307061565e-07, 3.3202414329e-07, 1.51332741893e-07, 9.67267226315e-08, 8.15953029587e-08], "max": [0.0199613943696, 0.0278274081647, 0.0237649381161, 0.0201743803918, 0.00938895717263, 0.00666428776458, 0.0100580081344, 0.0131439631805, 0.00718009471893, 0.00585582992062, 0.00232093431987, 0.0042738141492, 0.00291555374861, 0.00376671692356, 0.0014217676362, 0.00385237135924, 0.0026928964071, 0.00351873366162, 0.00273653981276, 0.00055828737095, 0.00166905065998, 0.000878263905179, 0.00121729588136, 0.000627138011623, 0.000425757985795, 0.000516144908033, 0.000323637010297, 0.000194656458916, 0.000103382422822, 0.000116716597404, 8.08578115539e-05, 0.00023382071231, 0.000244962604484, 0.000170663726749, 0.000232237653108, 0.000159465824254, 0.000195241140318, 0.000147020371514, 0.000193203188246, 0.000171462277649], "dmean": [0.000506784417666, 0.000730695726816, 0.000688427302521, 0.000359424157068, 0.000155075715156, 0.000144427496707, 0.00012197183969, 0.000118900403322, 0.000125368416775, 9.04894841369e-05, 6.43369712634e-05, 6.04888664384e-05, 4.39130162704e-05, 3.66954882338e-05, 2.54159367614e-05, 4.0681065002e-05, 3.61627826351e-05, 3.70255402231e-05, 1.89089932974e-05, 1.35480349854e-05, 1.79770959221e-05, 1.3795563973e-05, 1.62106225616e-05, 1.12595635073e-05, 7.76063006924e-06, 6.90778415446e-06, 5.17898342878e-06, 3.8886105358e-06, 3.39228313351e-06, 2.93007974506e-06, 1.97354506781e-06, 2.56071871263e-06, 3.26426197717e-06, 1.73264459136e-06, 1.18102411761e-06, 9.71218923951e-07, 1.31376509671e-06, 8.47007470384e-07, 5.83713983815e-07, 5.1623192121e-07], "dmean2": [0.000777792942245, 0.00120902981143, 0.00117614911869, 0.000615515979007, 0.000253134377999, 0.000241341258516, 0.000194557243958, 0.000185011187568, 0.000192418170627, 0.000137211754918, 0.000100462653791, 9.53587295953e-05, 7.05938582541e-05, 5.79060833843e-05, 4.12088447774e-05, 6.56334086671e-05, 5.87675131101e-05, 6.07749861956e-05, 3.06996989821e-05, 2.16103562707e-05, 2.92868116958e-05, 2.20132969844e-05, 2.61752084043e-05, 1.86529996427e-05, 1.25152901091e-05, 1.09699149107e-05, 7.95633877715e-06, 6.18117974227e-06, 5.62054538022e-06, 4.97969131175e-06, 3.17681360684e-06, 3.90746981793e-06, 4.99404677612e-06, 2.57464012066e-06, 1.71958834017e-06, 1.39461019444e-06, 1.93597338694e-06, 1.2266102658e-06, 8.27290818961e-07, 7.66591199408e-07], "mean": [0.000752997642849, 0.001056858222, 0.000814678263851, 0.000536131847184, 0.000309115450364, 0.000298813887639, 0.000247798830969, 0.000240487293922, 0.00024172119447, 0.000170026600244, 0.000121969918837, 0.00010863137868, 7.71209961385e-05, 6.58750286675e-05, 4.59474795207e-05, 6.64058607072e-05, 6.1025199102e-05, 6.56810880173e-05, 3.47593777406e-05, 2.64856626018e-05, 3.4082793718e-05, 2.7471125577e-05, 3.03329870803e-05, 2.09499849007e-05, 1.48589879245e-05, 1.33012053993e-05, 1.05534800241e-05, 7.1083977673e-06, 4.99136694998e-06, 3.83829683415e-06, 2.53119696936e-06, 3.19322202813e-06, 3.97678968511e-06, 2.13843054553e-06, 1.48996161897e-06, 1.2648918073e-06, 1.62305616414e-06, 1.08277390609e-06, 7.9870017089e-07, 6.71282009534e-07], "dvar2": [3.47542686541e-06, 7.27103542886e-06, 4.81951246911e-06, 1.29425825435e-06, 1.73840319917e-07, 1.19993430303e-07, 1.55569054527e-07, 2.60494402937e-07, 1.33109807621e-07, 8.73741683449e-08, 3.00017539701e-08, 4.24200976568e-08, 2.93638002802e-08, 2.11091801816e-08, 6.50685860748e-09, 2.64554067542e-08, 2.60209809255e-08, 3.97725763435e-08, 8.01807065187e-09, 1.89081750257e-09, 4.31399937995e-09, 2.18322382395e-09, 4.19265777651e-09, 1.66191449491e-09, 7.57642948379e-10, 6.2021421332e-10, 2.5400581638e-10, 1.32782410067e-10, 1.39395758825e-10, 1.00259474334e-10, 4.55792174836e-11, 1.50751605643e-10, 1.93100133106e-10, 4.1145916535e-11, 4.31562702241e-11, 4.16205576947e-11, 5.29767167634e-11, 3.2483949558e-11, 3.6487268068e-11, 2.62555480829e-11], "min": [6.19600661143e-24, 1.53550891677e-23, 3.22812039001e-24, 2.10639035671e-24, 1.21565713748e-23, 2.23652810916e-23, 6.59999253619e-24, 5.53848039731e-24, 1.3702217312e-23, 2.28747353528e-23, 4.39303779685e-24, 6.37683680231e-24, 1.8006905054e-23, 1.521329142e-23, 8.50228682735e-24, 8.87610513337e-24, 1.13497575731e-23, 6.50953030631e-24, 1.15294072336e-23, 1.17786431035e-23, 1.03179630078e-23, 1.20102731756e-23, 7.99207447082e-24, 9.72600809543e-24, 1.08463791186e-23, 7.8006486947e-24, 9.93225972341e-24, 1.61467363296e-23, 1.22899361995e-23, 9.20114422531e-24, 6.0208889568e-24, 7.66594280652e-24, 1.12901354659e-23, 9.13532798227e-24, 1.4830427246e-23, 1.1788661637e-23, 1.28275472729e-23, 1.04827765613e-23, 1.02635158281e-23, 1.07567929188e-23]}, "spectral_decrease": {"dvar": 6.71697375327e-18, "var": 1.57586112323e-17, "median": -3.89849263982e-09, "max": -5.46047963406e-29, "dmean": 1.72324454706e-09, "dmean2": 2.66780708635e-09, "mean": -4.97554131229e-09, "dvar2": 1.59028897291e-17, "min": -3.48037403342e-08}, "barkbands_kurtosis": {"dvar": 13.6718759537, "var": 35.670791626, "median": 0.812654256821, "max": 91.435333252, "dmean": 1.92510545254, "dmean2": 3.03857541084, "mean": 2.58974480629, "dvar2": 32.3869781494, "min": -1.90028142929}, "silence_rate_30dB": {"dvar": 0.000262917863438, "var": 0.000131471213535, "median": 1, "max": 1, "dmean": 0.000263002177235, "dmean2": 0.00052603892982, "mean": 0.999868512154, "dvar2": 0.000788721023127, "min": 0}, "gfcc": {"mean": [-18.6874427795, 104.670272827, -128.321868896, 32.2117881775, -63.1418037415, 5.51171255112, -37.7718353271, 6.40076637268, -21.3438186646, -2.98370218277, -15.789358139, -2.43645501137, -12.38326931], "cov": [[9702.64257812, -850.497619629, -1168.13720703, 161.529541016, -217.915740967, 244.718215942, -198.858505249, 220.197967529, -133.005401611, 147.408081055, -110.746833801, -91.6062011719, -176.084762573], [-850.497619629, 1330.05090332, -217.685958862, -126.110969543, 259.373962402, -169.109008789, 169.66229248, -11.8856153488, 154.344894409, -71.9479370117, 182.471206665, -39.7190933228, 125.565216064], [-1168.13720703, -217.685958862, 1023.07470703, 168.693603516, -52.2631912231, 198.171691895, 48.316444397, -12.4980955124, 30.630153656, 39.4479179382, -46.7264823914, 103.229240417, -13.570069313], [161.529541016, -126.110969543, 168.693603516, 322.396789551, 24.7309322357, 36.6308097839, 59.2181091309, -16.8969211578, 27.2250556946, 12.5528516769, -24.4618377686, 4.18227577209, 5.76404476166], [-217.915740967, 259.373962402, -52.2631912231, 24.7309322357, 217.457504272, 14.8127441406, 67.2837905884, 48.090801239, 67.4978408813, 18.6072502136, 50.6707267761, -11.6159725189, 33.7223434448], [244.718215942, -169.109008789, 198.171691895, 36.6308097839, 14.8127441406, 220.920715332, 51.8855361938, 33.7218055725, 1.99676930904, 57.2084579468, -6.88332080841, 26.4566745758, -10.9297990799], [-198.858505249, 169.66229248, 48.316444397, 59.2181091309, 67.2837905884, 51.8855361938, 181.847290039, 27.6714267731, 18.0826911926, 9.47990608215, 49.3907318115, -3.76940751076, 22.1317062378], [220.197967529, -11.8856153488, -12.4980955124, -16.8969211578, 48.090801239, 33.7218055725, 27.6714267731, 147.161651611, 45.3491325378, 29.5601940155, 21.591173172, 7.06352424622, 12.6094875336], [-133.005401611, 154.344894409, 30.630153656, 27.2250556946, 67.4978408813, 1.99676930904, 18.0826911926, 45.3491325378, 121.264701843, 26.4803161621, 16.8805141449, 4.67897844315, 30.5782623291], [147.408081055, -71.9479370117, 39.4479179382, 12.5528516769, 18.6072502136, 57.2084579468, 9.47990608215, 29.5601940155, 26.4803161621, 95.0537185669, 10.3071279526, 5.27482795715, -11.6509160995], [-110.746833801, 182.471206665, -46.7264823914, -24.4618377686, 50.6707267761, -6.88332080841, 49.3907318115, 21.591173172, 16.8805141449, 10.3071279526, 110.83908844, 13.7284412384, 22.8921508789], [-91.6062011719, -39.7190933228, 103.229240417, 4.18227577209, -11.6159725189, 26.4566745758, -3.76940751076, 7.06352424622, 4.67897844315, 5.27482795715, 13.7284412384, 92.7516784668, 14.8211774826], [-176.084762573, 125.565216064, -13.570069313, 5.76404476166, 33.7223434448, -10.9297990799, 22.1317062378, 12.6094875336, 30.5782623291, -11.6509160995, 22.8921508789, 14.8211774826, 82.4219436646]], "icov": [[0.000201750328415, -0.000147103724885, 0.000401404045988, -0.00043847138295, 0.000396027578972, -0.000590670038946, 0.000393233116483, -0.000484948366648, 0.000256843515672, -0.000183019554242, 0.000137770242873, -9.66813968262e-05, 0.000338074634783], [-0.000147103724885, 0.00252447579987, -0.000431463471614, 0.00175989035051, -0.00188610190526, 0.00184299657121, -0.00217007752508, 0.00211779028177, -0.00288837170228, 0.00172423257027, -0.00212113279849, 0.000900481070857, -0.00133697560523], [0.000401404045988, -0.000431463471614, 0.00231854151934, -0.001477258862, 0.00135421694722, -0.00239983643405, 0.000608575122897, -0.000682222889736, -0.000110149085231, -0.000216751155676, 0.000864303088747, -0.00166319916025, 0.00113780261017], [-0.00043847138295, 0.00175989035051, -0.001477258862, 0.00569759728387, -0.00219512241893, 0.00235271663405, -0.00345126073807, 0.0029579163529, -0.00287428568117, 0.000886792782694, -1.27472785607e-05, 0.00073434371734, -0.00151200499386], [0.000396027578972, -0.00188610190526, 0.00135421694722, -0.00219512241893, 0.00875155348331, -0.00273211486638, 0.000669402943458, -0.00277809612453, -0.000713202229235, -0.00132039829623, -0.000253212900134, 0.000360932463082, 0.000481614086311], [-0.000590670038946, 0.00184299657121, -0.00239983643405, 0.00235271663405, -0.00273211486638, 0.00991602987051, -0.00416199862957, 0.00128663075157, -0.000531500962097, -0.00242269714363, -2.52883455687e-05, -0.000280846899841, -0.00136350037064], [0.000393233116483, -0.00217007752508, 0.000608575122897, -0.00345126073807, 0.000669402943458, -0.00416199862957, 0.0104936975986, -0.00308026978746, 0.00333991460502, -0.000506454089191, -0.0018297212664, 0.000945797539316, 0.000342782062944], [-0.000484948366648, 0.00211779028177, -0.000682222889736, 0.0029579163529, -0.00277809612453, 0.00128663075157, -0.00308026978746, 0.0111512448639, -0.00530280871317, 0.000338882469805, -0.00196467619389, 0.000162670548889, -0.00162153260317], [0.000256843515672, -0.00288837170228, -0.000110149085231, -0.00287428568117, -0.000713202229235, -0.000531500962097, 0.00333991460502, -0.00530280871317, 0.0161240231246, -0.00539209228009, 0.0027374108322, -0.000703872647136, -0.00211027613841], [-0.000183019554242, 0.00172423257027, -0.000216751155676, 0.000886792782694, -0.00132039829623, -0.00242269714363, -0.000506454089191, 0.000338882469805, -0.00539209228009, 0.015863744542, -0.0035222095903, 0.0007664366276, 0.00227098399773], [0.000137770242873, -0.00212113279849, 0.000864303088747, -1.27472785607e-05, -0.000253212900134, -2.52883455687e-05, -0.0018297212664, -0.00196467619389, 0.0027374108322, -0.0035222095903, 0.0147794242948, -0.00374691234902, -0.000383497215807], [-9.66813968262e-05, 0.000900481070857, -0.00166319916025, 0.00073434371734, 0.000360932463082, -0.000280846899841, 0.000945797539316, 0.000162670548889, -0.000703872647136, 0.0007664366276, -0.00374691234902, 0.0141468942165, -0.00350108207203], [0.000338074634783, -0.00133697560523, 0.00113780261017, -0.00151200499386, 0.000481614086311, -0.00136350037064, 0.000342782062944, -0.00162153260317, -0.00211027613841, 0.00227098399773, -0.000383497215807, -0.00350108207203, 0.016803001985]]}, "silence_rate_20dB": {"dvar": 0, "var": 0, "median": 1, "max": 1, "dmean": 0, "dmean2": 0, "mean": 1, "dvar2": 0, "min": 1}, "barkbands_skewness": {"dvar": 0.227379500866, "var": 1.08638596535, "median": 1.17339706421, "max": 8.56269741058, "dmean": 0.452820271254, "dmean2": 0.702079713345, "mean": 1.27144396305, "dvar2": 0.505428135395, "min": -3.96890974045}, "erbbands_skewness": {"dvar": 0.094719953835, "var": 0.437541276217, "median": 0.155371963978, "max": 3.91324257851, "dmean": 0.322135269642, "dmean2": 0.495377451181, "mean": 0.177803978324, "dvar2": 0.208847656846, "min": -3.58756089211}, "spectral_contrast_valleys": {"dvar": [0.157982751727, 0.09067286551, 0.0853040218353, 0.131064921618, 0.165620937943, 0.24586173892], "var": [1.00964951515, 0.975511670113, 1.09167551994, 1.13615369797, 1.33382833004, 1.36796462536], "median": [-7.38306331635, -6.4191942215, -7.33779478073, -7.89157772064, -7.61948394775, -10.4089841843], "max": [-5.26736783981, -4.83900356293, -5.63691425323, -5.8521938324, -5.59269094467, -7.2328338623], "dmean": [0.419163167477, 0.311925798655, 0.299682736397, 0.336437165737, 0.334176599979, 0.457902491093], "dmean2": [0.688792645931, 0.518587529659, 0.474869161844, 0.523960530758, 0.481221348047, 0.56255698204], "mean": [-7.4880695343, -6.57063913345, -7.46576833725, -8.05122470856, -7.80357551575, -10.5117225647], "dvar2": [0.364435136318, 0.218165516853, 0.183487817645, 0.285503059626, 0.307939112186, 0.410143345594], "min": [-27.6368675232, -27.3924999237, -27.5261802673, -27.365152359, -27.33319664, -27.2790355682]}, "spectral_strongpeak": {"dvar": 1.04324877262, "var": 1.77988052368, "median": 0.401224434376, "max": 13.2573356628, "dmean": 0.57726919651, "dmean2": 0.993419587612, "mean": 0.921629667282, "dvar2": 2.67832899094, "min": 0}, "erbbands_crest": {"dvar": 5.23791837692, "var": 14.8040132523, "median": 7.38383293152, "max": 31.9219799042, "dmean": 2.39228916168, "dmean2": 3.86551618576, "mean": 8.29951953888, "dvar2": 13.2711782455, "min": 1.82589221001}, "barkbands_crest": {"dvar": 4.94472312927, "var": 13.5033512115, "median": 7.61792850494, "max": 25.4600982666, "dmean": 2.34870243073, "dmean2": 3.8547410965, "mean": 8.4766626358, "dvar2": 12.6628961563, "min": 2.52728819847}, "spectral_energyband_middle_low": {"dvar": 3.58357210644e-05, "var": 6.62595775793e-05, "median": 0.00724392198026, "max": 0.0954311713576, "dmean": 0.00382392434403, "dmean2": 0.00617036549374, "mean": 0.00948415789753, "dvar2": 8.8250162662e-05, "min": 3.45163804538e-22}, "spectral_contrast_coeffs": {"dvar": [0.00198049494065, 0.00105665565934, 0.000840501917992, 0.000722377211787, 0.000442692777142, 0.000518902612384], "var": [0.0069752628915, 0.00308073381893, 0.00329135823995, 0.00399896735325, 0.00291067711078, 0.00192155630793], "median": [-0.640701532364, -0.743075370789, -0.743721246719, -0.751160979271, -0.769467949867, -0.752025842667], "max": [-0.290186345577, -0.462940484285, -0.502859592438, -0.545908033848, -0.494427204132, -0.627367854118], "dmean": [0.0528418123722, 0.0404022224247, 0.0360265634954, 0.0325928851962, 0.0240311138332, 0.0219067186117], "dmean2": [0.087412931025, 0.0677489861846, 0.0584858469665, 0.0527934581041, 0.038320183754, 0.0342761278152], "mean": [-0.634804606438, -0.741917133331, -0.74322026968, -0.750129878521, -0.766752958298, -0.751305103302], "dvar2": [0.00492180185392, 0.0029112379998, 0.00216773850843, 0.00185107719153, 0.00101589062251, 0.00121998018585], "min": [-0.934349477291, -0.98448741436, -0.987305104733, -0.981947422028, -0.982017040253, -0.959977507591]}, "hfc": {"dvar": 104.651199341, "var": 392.793334961, "median": 11.5693893433, "max": 241.735900879, "dmean": 6.11184644699, "dmean2": 8.85003852844, "mean": 18.6169376373, "dvar2": 207.555923462, "min": 1.14964499678e-16}, "spectral_energyband_high": {"dvar": 1.1436746945e-06, "var": 2.39731912188e-06, "median": 0.000272459699772, "max": 0.0247118491679, "dmean": 0.000467402307549, "dmean2": 0.000673828180879, "mean": 0.000715537287761, "dvar2": 2.14900842366e-06, "min": 7.80771660442e-21}, "erbbands_spread": {"dvar": 115.549339294, "var": 362.012329102, "median": 33.6464767456, "max": 166.706665039, "dmean": 8.88112640381, "dmean2": 13.4713430405, "mean": 38.242389679, "dvar2": 237.545959473, "min": 2.82736086845}, "dissonance": {"dvar": 0.00026917993091, "var": 0.000689169915859, "median": 0.469391196966, "max": 0.5, "dmean": 0.0171208847314, "dmean2": 0.0285635590553, "mean": 0.463269859552, "dvar2": 0.000717528513633, "min": 0.250973045826}, "spectral_kurtosis": {"dvar": 6.09882068634, "var": 14.1501264572, "median": 3.96809053421, "max": 51.3147010803, "dmean": 2.07955265045, "dmean2": 3.39316320419, "mean": 4.71417093277, "dvar2": 15.7245388031, "min": -1.46401977539}, "spectral_skewness": {"dvar": 0.0922205522656, "var": 0.296898514032, "median": 1.43554902077, "max": 5.79689455032, "dmean": 0.2