{"tonal": {"hpcp": {"dvar": [0.0659512132406, 0.0525928139687, 0.0397471860051, 0.0438414923847, 0.0391822718084, 0.0375485084951, 0.0464658550918, 0.0470504388213, 0.0508940517902, 0.0632019490004, 0.0624074339867, 0.0836225301027, 0.089769333601, 0.0772177278996, 0.0727111101151, 0.0866767093539, 0.0708206892014, 0.0603189207613, 0.0514272265136, 0.0429174564779, 0.0366750024259, 0.0411198884249, 0.0432663634419, 0.0538878925145, 0.0696037858725, 0.0438741780818, 0.0310476515442, 0.0318638160825, 0.0311535336077, 0.0376093313098, 0.0490386411548, 0.0470853745937, 0.0434179790318, 0.040141671896, 0.0499920658767, 0.0610540099442], "var": [0.113837137818, 0.0642853304744, 0.0296104829758, 0.0318913124502, 0.0287631358951, 0.0275045894086, 0.038112975657, 0.0394069775939, 0.040703240782, 0.0611296854913, 0.0592742525041, 0.0675047412515, 0.0758786201477, 0.066784478724, 0.0752953439951, 0.105156540871, 0.0917344391346, 0.0517588034272, 0.0446039065719, 0.0331133082509, 0.0268836766481, 0.040928684175, 0.0468354225159, 0.0636835172772, 0.0877496451139, 0.0448854826391, 0.021240727976, 0.0208946764469, 0.0208888538182, 0.0282083004713, 0.052017532289, 0.0529520958662, 0.0343225300312, 0.0282870996743, 0.0374428629875, 0.067448310554], "median": [0.0428619794548, 0.0355479605496, 0.0207287278026, 0.0144906332716, 0.0129801267758, 0.0143977878615, 0.0144585995004, 0.0143311293796, 0.0214332062751, 0.028024725616, 0.026412980631, 0.0211438219994, 0.02102333121, 0.0293096136302, 0.0471442565322, 0.0601643621922, 0.0501983761787, 0.0300630964339, 0.0135299907997, 0.00865449663252, 0.0146293248981, 0.0215701088309, 0.0272743664682, 0.0396128445864, 0.0423864983022, 0.0228081122041, 0.00885585136712, 0.00802232418209, 0.00719704339281, 0.00891494192183, 0.011556904763, 0.0106397159398, 0.00801098905504, 0.00809668470174, 0.0111316908151, 0.0297496002167], "max": [1, 1, 1, 1, 1, 1, 1, 1, 1, 1, 1, 1, 1, 1, 1, 1, 1, 1, 1, 1, 1, 1, 1, 1, 1, 1, 1, 1, 1, 1, 1, 1, 1, 1, 1, 1], "dmean": [0.166574701667, 0.152849256992, 0.114361993968, 0.109836183488, 0.105203002691, 0.103121206164, 0.115088224411, 0.121464312077, 0.136937528849, 0.159418717027, 0.167026132345, 0.204125195742, 0.21834102273, 0.206696122885, 0.208972156048, 0.229578152299, 0.195429816842, 0.162539109588, 0.12339220196, 0.101015076041, 0.098703533411, 0.109042242169, 0.119811423123, 0.164117023349, 0.188848882914, 0.135099560022, 0.0865137949586, 0.0805098563433, 0.0779892429709, 0.093160495162, 0.114934436977, 0.110746957362, 0.0998232141137, 0.0981904044747, 0.125527143478, 0.163822218776], "dmean2": [0.290439784527, 0.269770652056, 0.209037005901, 0.20270460844, 0.193668931723, 0.190063655376, 0.208675205708, 0.22025001049, 0.249774932861, 0.288894295692, 0.301915019751, 0.376768171787, 0.402804106474, 0.380583792925, 0.375004202127, 0.407669663429, 0.343895316124, 0.293886035681, 0.229004964232, 0.18772636354, 0.180803507566, 0.1981459409, 0.216212019324, 0.285634636879, 0.332061707973, 0.239885270596, 0.161598056555, 0.150357693434, 0.144426748157, 0.170625507832, 0.207402467728, 0.199620351195, 0.183542460203, 0.181925609708, 0.233031913638, 0.293373942375], "mean": [0.220257818699, 0.157968267798, 0.0864933952689, 0.0805769860744, 0.0760547295213, 0.0766000151634, 0.0911031588912, 0.0960152745247, 0.106110215187, 0.135562166572, 0.138679653406, 0.144643053412, 0.157031655312, 0.154241546988, 0.183448910713, 0.231002852321, 0.205310329795, 0.132394522429, 0.0959433615208, 0.0743910744786, 0.074438944459, 0.099332138896, 0.11222089082, 0.160347655416, 0.191185817122, 0.120377987623, 0.0609132163227, 0.0564470365644, 0.0552879683673, 0.0702663660049, 0.10442789644, 0.103622108698, 0.075815603137, 0.0681228265166, 0.0886336192489, 0.161444738507], "dvar2": [0.151897311211, 0.138569697738, 0.110684998333, 0.121388040483, 0.109351940453, 0.105746440589, 0.127013429999, 0.126107364893, 0.138692393899, 0.165022939444, 0.164590597153, 0.225228697062, 0.239568412304, 0.212984383106, 0.193041175604, 0.218454822898, 0.174289032817, 0.165632396936, 0.138288512826, 0.119794361293, 0.103322796524, 0.1106717363, 0.116999641061, 0.136246874928, 0.167217150331, 0.114461496472, 0.0870784968138, 0.090870551765, 0.0888451114297, 0.107177697122, 0.131607785821, 0.123339951038, 0.120852217078, 0.111735440791, 0.135377138853, 0.160188362002], "min": [0, 0, 0, 0, 0, 0, 0, 0, 0, 0, 0, 0, 0, 0, 0, 0, 0, 0, 0, 0, 0, 0, 0, 0, 0, 0, 0, 0, 0, 0, 0, 0, 0, 0, 0, 0]}, "key_key": "D", "thpcp": [1, 0.888778328896, 0.573129355907, 0.415334105492, 0.322035312653, 0.3222425282, 0.430003941059, 0.485798716545, 0.694137096405, 0.827634036541, 0.521110415459, 0.263690322638, 0.244356453419, 0.239338904619, 0.304179638624, 0.45206323266, 0.448575019836, 0.328202009201, 0.294900357723, 0.383690595627, 0.698886334896, 0.953485250473, 0.683836877346, 0.374425649643, 0.348813802004, 0.329237192869, 0.331597715616, 0.3943811059, 0.415645420551, 0.459345906973, 0.58684194088, 0.600337386131, 0.626152694225, 0.67978233099, 0.667704105377, 0.794141352177], "chords_key": "D", "tuning_equal_tempered_deviation": 0.0769053846598, "tuning_frequency": 434.193115234, "tuning_diatonic_strength": 0.500094175339, "chords_histogram": [35.6656646729, 16.4951725006, 10.907075882, 2.21624183655, 0.744024038315, 8.46920967102, 0.759854376316, 0.791514933109, 0.221624195576, 2.45369648933, 6.2054772377, 0, 0, 0, 0, 0.17413328588, 0, 0.0158302988857, 1.20310270786, 5.46145343781, 2.40620541573, 0, 1.55136930943, 4.25835037231], "key_strength": 0.751827836037, "key_scale": "minor", "chords_strength": {"dvar": 0.000118127871247, "var": 0.00871119834483, "median": 0.474225431681, "max": 0.781148135662, "dmean": 0.0138254966587, "dmean2": 0.0168931614608, "mean": 0.479229837656, "dvar2": 0.00019402783073, "min": 0.227619975805}, "chords_number_rate": 0.00189963588491, "tuning_nontempered_energy_ratio": 0.813639760017, "hpcp_entropy": {"dvar": 0.340068340302, "var": 0.592986524105, "median": 2.29014110565, "max": 4.59556055069, "dmean": 0.729436278343, "dmean2": 1.2390332222, "mean": 2.28542304039, "dvar2": 0.94873303175, "min": 0}, "chords_changes_rate": 0.0978312492371, "chords_scale": "minor"}, "rhythm": {"bpm_histogram_first_peak_spread": {"dvar": 0, "var": 0, "median": 0.482412040234, "max": 0.482412040234, "dmean": 0, "dmean2": 0, "mean": 0.482412040234, "dvar2": 0, "min": 0.482412040234}, "bpm_histogram_first_peak_weight": {"dvar": 0, "var": 0, "median": 0.496784567833, "max": 0.496784567833, "dmean": 0, "dmean2": 0, "mean": 0.496784567833, "dvar2": 0, "min": 0.496784567833}, "bpm_histogram_first_peak_bpm": {"dvar": 0, "var": 0, "median": 126, "max": 126, "dmean": 0, "dmean2": 0, "mean": 126, "dvar2": 0, "min": 126}, "bpm": 126.939712524, "bpm_histogram_second_peak_weight": {"dvar": 0, "var": 0, "median": 0.0096463020891, "max": 0.0096463020891, "dmean": 0, "dmean2": 0, "mean": 0.0096463020891, "dvar2": 0, "min": 0.0096463020891}, "beats_loudness": {"dvar": 0.000771646096837, "var": 0.00110875454266, "median": 0.0459967255592, "max": 0.191245675087, "dmean": 0.034297183156, "dmean2": 0.0589957907796, "mean": 0.0495325066149, "dvar2": 0.00233690952882, "min": 3.88724075151e-09}, "beats_loudness_band_ratio": {"dvar": [0.0416179299355, 0.0136119211093, 0.0040396200493, 0.00272846361622, 0.00300240307115, 0.00494099408388], "var": [0.0711969509721, 0.0159342270344, 0.00424075033516, 0.00254278630018, 0.00311549333856, 0.00735771842301], "median": [0.747891426086, 0.0865560621023, 0.0407306849957, 0.0185775440186, 0.0252583604306, 0.0503357052803], "max": [0.995028018951, 0.68818295002, 0.525000631809, 0.548541247845, 0.403889983892, 0.89959102869], "dmean": [0.226727202535, 0.114085681736, 0.0543843843043, 0.0349583588541, 0.0443432815373, 0.0610651783645], "dmean2": [0.397412151098, 0.204109668732, 0.0946277230978, 0.062045134604, 0.0788406357169, 0.108586065471], "mean": [0.678248345852, 0.12813089788, 0.0586447939277, 0.0340876579285, 0.0430327579379, 0.0707208365202], "dvar2": [0.114039227366, 0.036948915571, 0.0116035984829, 0.00804834906012, 0.00884814560413, 0.0123238172382], "min": [0.00877254270017, 0.00305010890588, 0.000305752793793, 6.06089633948e-05, 2.4243738153e-05, 8.66335813043e-06]}, "bpm_histogram_second_peak_bpm": {"dvar": 0, "var": 0, "median": 167, "max": 167, "dmean": 0, "dmean2": 0, "mean": 167, "dvar2": 0, "min": 167}, "onset_rate": 5.35261678696, "beats_count": 623, "beats_position": [0.487619042397, 0.986848056316, 1.50929701328, 2.02013611794, 2.50775504112, 2.99537420273, 3.48299312592, 3.97061228752, 4.45823097229, 4.94585037231, 5.4334692955, 5.90947818756, 6.38548755646, 6.87310647964, 7.3491153717, 7.8251247406, 8.31274318695, 8.78875255585, 9.26476192474, 9.75238037109, 10.22838974, 10.7043991089, 11.1687984467, 11.6331968307, 12.1092061996, 12.5852155685, 13.0496139526, 13.5256233215, 14.0016326904, 14.4776411057, 14.9420404434, 15.4180498123, 15.8940582275, 16.3700675964, 16.8460769653, 17.3220863342, 17.7980957031, 18.2741031647, 18.7501125336, 19.2261219025, 19.7021312714, 20.1781406403, 20.642539978, 21.1069393158, 21.5713367462, 22.0473461151, 22.523355484, 22.9993648529, 23.4753742218, 23.9513835907, 24.4273910522, 24.9150104523, 25.3910198212, 25.8670291901, 26.3314285278, 26.8190479279, 27.2834453583, 27.7594547272, 28.2354640961, 28.6998634338, 29.1758728027, 29.6402721405, 30.1046714783, 30.5806789398, 31.0566883087, 31.5326976776, 32.0087051392, 32.4847145081, 32.960723877, 33.4367332458, 33.901134491, 34.3655319214, 34.8415412903, 35.3175506592, 35.7935600281, 36.269569397, 36.7339668274, 37.2099761963, 37.6743774414, 38.1503829956, 38.6263923645, 39.1024017334, 39.5668029785, 40.0312004089, 40.5072097778, 40.9832191467, 41.4476165771, 41.9120178223, 42.3880271912, 42.8524246216, 43.3284339905, 43.7928352356, 44.257232666, 44.7332420349, 45.2092514038, 45.6736488342, 46.1380500793, 46.6024475098, 47.0900688171, 47.5544662476, 48.0304756165, 48.5064849854, 48.994102478, 49.4585037231, 49.9229011536, 50.3989105225, 50.8749198914, 51.3509292603, 51.8269386292, 52.2913360596, 52.7557373047, 53.2317466736, 53.7077522278, 54.1837615967, 54.6597709656, 55.1357803345, 55.6117897034, 56.0877990723, 56.5522003174, 57.0282058716, 57.5042152405, 57.9802246094, 58.4446258545, 58.9206352234, 59.3966445923, 59.8610420227, 60.3254394531, 60.801448822, 61.2774581909, 61.7650794983, 62.2410888672, 62.7170982361, 63.1931037903, 63.6691131592, 64.1451263428, 64.621131897, 65.0855331421, 65.5615386963, 66.0375518799, 66.5251693726, 67.0011749268, 67.4771881104, 67.9415893555, 68.4059829712, 68.8936004639, 69.3812255859, 69.8572311401, 70.3332443237, 70.8092498779, 71.2852630615, 71.7496566772, 72.2256698608, 72.701675415, 73.1776885986, 73.6536941528, 74.1413116455, 74.6173248291, 75.0933303833, 75.5693435669, 76.0453491211, 76.5213623047, 76.9973678589, 77.461769104, 77.9261627197, 78.4021759033, 78.8781814575, 79.3658065796, 79.8418121338, 80.3294296265, 80.8054428101, 81.2930603027, 81.7574615479, 82.2334671021, 82.7094802856, 83.1854858398, 83.661491394, 84.1375045776, 84.6135101318, 85.1011352539, 85.5887527466, 86.0647583008, 86.5291595459, 87.0051651001, 87.4927902222, 87.9687957764, 88.44480896, 88.9208145142, 89.3968200684, 89.872833252, 90.3488388062, 90.8132400513, 91.3008575439, 91.7768707275, 92.2528762817, 92.7288894653, 93.2048950195, 93.6692962646, 94.1336975098, 94.609703064, 95.0857162476, 95.5501098633, 96.0261230469, 96.4905166626, 96.9665298462, 97.4425354004, 97.918548584, 98.3829498291, 98.8705673218, 99.3349609375, 99.7993621826, 100.263763428, 100.728164673, 101.204170227, 101.668571472, 102.132965088, 102.608978271, 103.073379517, 103.537773132, 104.002174377, 104.466575623, 104.942581177, 105.41859436, 105.882987976, 106.35900116, 106.835006714, 107.299407959, 107.763809204, 108.239814758, 108.704216003, 109.180221558, 109.644622803, 110.109024048, 110.573425293, 111.049430847, 111.525436401, 111.989837646, 112.454238892, 112.918640137, 113.383033752, 113.859046936, 114.33505249, 114.822669983, 115.298683167, 115.774688721, 116.250701904, 116.726707458, 117.191108704, 117.667114258, 118.143127441, 118.630744934, 119.118362427, 119.582763672, 120.058776855, 120.53478241, 120.999183655, 121.463577271, 121.927978516, 122.392379761, 122.879997253, 123.367614746, 123.832015991, 124.296417236, 124.772422791, 125.248435974, 125.736053467, 126.212059021, 126.688072205, 127.15246582, 127.616867065, 128.092880249, 128.568893433, 129.033279419, 129.497680664, 129.973693848, 130.449707031, 130.925704956, 131.40171814, 131.866119385, 132.342132568, 132.818145752, 133.305755615, 133.793380737, 134.280990601, 134.757003784, 135.233016968, 135.709014893, 136.173416138, 136.649429321, 137.125442505, 137.613052368, 138.089065552, 138.576690674, 139.052688599, 139.528701782, 140.004714966, 140.480728149, 140.968338013, 141.455963135, 141.943572998, 142.419586182, 142.895599365, 143.36000061, 143.824401855, 144.288803101, 144.753189087, 145.217590332, 145.705215454, 146.169616699, 146.645614624, 147.121627808, 147.586029053, 148.050430298, 148.526443481, 149.002441406, 149.490066528, 149.966079712, 150.442077637, 150.91809082, 151.394104004, 151.858505249, 152.334503174, 152.810516357, 153.298141479, 153.785751343, 154.261764526, 154.73777771, 155.202178955, 155.67817688, 156.154190063, 156.630203247, 157.106216431, 157.593826294, 158.069839478, 158.545852661, 159.010253906, 159.474639893, 159.962265015, 160.449890137, 160.9375, 161.425125122, 161.901138306, 162.365524292, 162.829925537, 163.305938721, 163.770339966, 164.234741211, 164.699142456, 165.163528442, 165.627929688, 166.092330933, 166.579956055, 167.0443573, 167.508743286, 167.973144531, 168.449157715, 168.925170898, 169.389572144, 169.85395813, 170.329971313, 170.805984497, 171.270385742, 171.746398926, 172.210784912, 172.686798096, 173.151199341, 173.615600586, 174.09161377, 174.567611694, 175.032012939, 175.496414185, 175.96081543, 176.436828613, 176.912826538, 177.388839722, 177.864852905, 178.34085083, 178.816864014, 179.281265259, 179.757278442, 180.233291626, 180.709289551, 181.185302734, 181.661315918, 182.137313843, 182.613327026, 183.08934021, 183.553741455, 184.029754639, 184.505752563, 184.970153809, 185.434555054, 185.922180176, 186.398178101, 186.874191284, 187.350204468, 187.826202393, 188.302215576, 188.77822876, 189.242630005, 189.718643188, 190.194641113, 190.659042358, 191.123443604, 191.611068726, 192.08706665, 192.551467896, 193.027481079, 193.491882324, 193.956283569, 194.420669556, 194.896682739, 195.372695923, 195.848709106, 196.324707031, 196.789108276, 197.26512146, 197.741134644, 198.217132568, 198.681533813, 199.157546997, 199.621948242, 200.086349487, 200.562347412, 201.038360596, 201.502761841, 201.978775024, 202.454788208, 202.919174194, 203.395187378, 203.859588623, 204.335601807, 204.82321167, 205.287612915, 205.75201416, 206.216415405, 206.704025269, 207.191650391, 207.667663574, 208.143676758, 208.619674683, 209.095687866, 209.560089111, 210.036102295, 210.51210022, 210.976501465, 211.44090271, 211.905303955, 212.3697052, 212.822494507, 213.286895752, 213.739685059, 214.204071045, 214.66847229, 215.132873535, 215.59727478, 216.061676025, 216.526077271, 216.990478516, 217.454864502, 217.919265747, 218.383666992, 218.859680176, 219.324081421, 219.788482666, 220.252868652, 220.717269897, 221.181671143, 221.646072388, 222.122085571, 222.598098755, 223.07409668, 223.538497925, 224.00289917, 224.467300415, 224.93170166, 225.396102905, 225.860488892, 226.324890137, 226.789291382, 227.265304565, 227.741317749, 228.205703735, 228.67010498, 229.134506226, 229.610519409, 230.086532593, 230.550918579, 231.026931763, 231.502944946, 231.967346191, 232.431747437, 232.896133423, 233.372146606, 233.84815979, 234.312561035, 234.77696228, 235.241363525, 235.705749512, 236.170150757, 236.64616394, 237.122177124, 237.598175049, 238.074188232, 238.561813354, 239.037811279, 239.513824463, 239.978225708, 240.454238892, 240.930252075, 241.40625, 241.882263184, 242.358276367, 242.834274292, 243.310287476, 243.786300659, 244.273925781, 244.738311768, 245.214324951, 245.690338135, 246.166351318, 246.642349243, 247.106750488, 247.571151733, 248.035552979, 248.499954224, 248.964355469, 249.440353394, 249.916366577, 250.392379761, 250.868392944, 251.332778931, 251.797180176, 252.273193359, 252.749206543, 253.213607788, 253.677993774, 254.165618896, 254.653244019, 255.129241943, 255.605255127, 256.081268311, 256.557281494, 257.033294678, 257.509277344, 257.985290527, 258.461303711, 258.925720215, 259.390106201, 259.854522705, 260.318908691, 260.783294678, 261.247711182, 261.712097168, 262.199737549, 262.664123535, 263.140136719, 263.616149902, 264.080535889, 264.556549072, 265.032562256, 265.508575439, 265.984588623, 266.448974609, 266.913360596, 267.3777771, 267.853790283, 268.31817627, 268.794189453, 269.258575439, 269.734588623, 270.199005127, 270.675018311, 271.139404297, 271.61541748, 272.091430664, 272.567443848, 273.043426514, 273.507843018, 273.972229004, 274.448242188, 274.924255371, 275.388671875, 275.853057861, 276.317443848, 276.781860352, 277.257873535, 277.733886719, 278.198272705, 278.662658691, 279.127075195, 279.579864502, 280.044250488, 280.520263672, 280.984680176, 281.437469482, 281.890258789, 282.354644775, 282.819030762, 283.283447266, 283.747833252, 284.212249756, 284.676635742, 285.141052246, 285.605438232, 286.069824219, 286.534240723, 286.894134521, 287.242431641, 287.602355957, 287.985473633, 288.391845703, 288.740142822, 289.088439941, 289.436737061, 289.796630859, 290.156555176, 290.504852295, 290.864746094, 291.22467041, 291.596191406, 291.967712402, 292.350830078, 292.722351074], "danceability": 1.50349271297, "bpm_histogram_second_peak_spread": {"dvar": 0, "var": 0, "median": 0, "max": 0, "dmean": 0, "dmean2": 0, "mean": 0, "dvar2": 0, "min": 0}}, "lowlevel": {"spectral_flux": {"dvar": 0.00217141746543, "var": 0.00415526051074, "median": 0.0923794284463, "max": 0.412329912186, "dmean": 0.0452291332185, "dmean2": 0.0704365000129, "mean": 0.106871187687, "dvar2": 0.00468578189611, "min": 1.02683903047e-10}, "spectral_rolloff": {"dvar": 1214033.75, "var": 3551089, "median": 344.53125, "max": 20198.1445313, "dmean": 579.866027832, "dmean2": 959.601379395, "mean": 1134.61279297, "dvar2": 2646041.25, "min": 64.599609375}, "barkbands_flatness_db": {"dvar": 0.00188032537699, "var": 0.00880593713373, "median": 0.165342256427, "max": 0.604302048683, "dmean": 0.0432726293802, "dmean2": 0.0620429925621, "mean": 0.188159584999, "dvar2": 0.00356165878475, "min": 0.0310210715979}, "spectral_centroid": {"dvar": 169774.84375, "var": 699899.1875, "median": 1167.4979248, "max": 11128.5009766, "dmean": 372.14654541, "dmean2": 560.489929199, "mean": 1265.64318848, "dvar2": 357301.65625, "min": 109.69443512}, "melbands_skewness": {"dvar": 3.00076007843, "var": 8.08685302734, "median": 4.34995698929, "max": 20.1377601624, "dmean": 1.71505463123, "dmean2": 2.64797091484, "mean": 4.87642765045, "dvar2": 6.99284744263, "min": -0.784455776215}, "melbands": {"dvar": [1.66562858794e-05, 2.78535517282e-05, 4.14301484852e-06, 6.69182327329e-07, 4.27513441537e-06, 2.90886276844e-07, 4.230688333e-08, 5.74003529152e-08, 8.98681520312e-08, 4.04845295066e-08, 2.37808031045e-08, 8.41375236149e-09, 2.54805532229e-09, 2.8368223326e-09, 2.91193669177e-09, 1.55713963945e-09, 1.63934199549e-09, 3.16580961446e-09, 2.39598940688e-09, 1.1783954923e-09, 4.48954651233e-10, 2.33355584855e-10, 3.235213486e-10, 2.01267461031e-10, 1.70891384377e-10, 1.82480572319e-10, 1.51862994402e-10, 1.36273145546e-10, 7.64876634252e-11, 4.19184791045e-11, 5.25187948686e-11, 4.13001681465e-11, 2.71946198199e-11, 2.28657578982e-11, 2.23700832164e-11, 1.65324195306e-11, 1.51785996966e-11, 8.13067928956e-12, 3.24097909968e-12, 1.37613358209e-12], "var": [2.3190785214e-05, 3.65877131117e-05, 4.60236105937e-06, 5.80488006108e-07, 3.4813926959e-06, 2.8534896046e-07, 5.07751600765e-08, 6.97300492902e-08, 1.17252319853e-07, 6.25654834607e-08, 3.73671724674e-08, 1.48012748724e-08, 5.28793897558e-09, 3.97195476509e-09, 4.70392347296e-09, 3.50830564599e-09, 2.02239780478e-09, 5.34925126416e-09, 4.1517318472e-09, 1.81365311658e-09, 7.38669403422e-10, 4.55201210059e-10, 6.5715183295e-10, 4.19048268308e-10, 3.12106118727e-10, 4.17205520131e-10, 3.78396231016e-10, 3.3458397164e-10, 1.63425897814e-10, 9.69108543414e-11, 1.06340991568e-10, 9.34103835948e-11, 5.27199291167e-11, 3.96706105465e-11, 3.31853017288e-11, 3.00261968067e-11, 2.78387677494e-11, 1.32389750204e-11, 5.50243097613e-12, 2.09844207982e-12], "median": [0.00248707621358, 0.00360779114999, 0.00115166138858, 0.000217425375013, 0.000219566529267, 0.000102797246655, 4.6642820962e-05, 4.52224121545e-05, 2.52282843576e-05, 1.92607585632e-05, 9.87351450021e-06, 8.10633264337e-06, 5.65768414162e-06, 4.76355080536e-06, 4.60442015537e-06, 3.52482675225e-06, 3.51845687874e-06, 4.92204208058e-06, 3.19268951898e-06, 4.37049629909e-06, 7.04991089151e-06, 4.55075178252e-06, 5.07423146701e-06, 4.13660745835e-06, 4.25640655521e-06, 5.12140013598e-06, 4.16318380303e-06, 2.80448784906e-06, 2.4009207209e-06, 1.94301151168e-06, 1.72290685896e-06, 1.86223110177e-06, 1.79441417458e-06, 1.32600746383e-06, 9.77670993052e-07, 6.97191353538e-07, 4.62854274019e-07, 3.19410816019e-07, 2.2949863876e-07, 1.5868356229e-07], "max": [0.040464386344, 0.0564914271235, 0.0324616767466, 0.0107010053471, 0.0177840664983, 0.00763654103503, 0.00581497792155, 0.0108194192871, 0.0067825037986, 0.00517337070778, 0.0064250100404, 0.00453492999077, 0.00172594853211, 0.00123095407616, 0.0026018160861, 0.00143721117638, 0.00156794977374, 0.00133071630262, 0.00180397822987, 0.00120805692859, 0.000660389196128, 0.000425266276579, 0.000551364384592, 0.000347123801475, 0.000333748932462, 0.000324014632497, 0.000277647108305, 0.00045354483882, 0.000181654497283, 0.00017140644195, 0.000151786895003, 0.00017550085613, 0.000118648116768, 7.49555838411e-05, 0.000125225269585, 0.000109947985038, 0.000129153602757, 0.000110911292722, 7.54436478019e-05, 3.74267656298e-05], "dmean": [0.00268875272013, 0.00336393387988, 0.00111679686233, 0.000460583425593, 0.000926543609239, 0.000291783973807, 0.000105119375803, 0.00011257398728, 0.000127914259792, 8.01278292784e-05, 4.75272900076e-05, 2.91431915684e-05, 2.26243737416e-05, 2.06575441553e-05, 1.82516323548e-05, 1.46527736433e-05, 1.62231044669e-05, 2.19054782065e-05, 1.64211596712e-05, 1.44302521221e-05, 1.16457267723e-05, 8.32872137835e-06, 9.77115905698e-06, 7.80747723184e-06, 7.11959137334e-06, 7.63327352615e-06, 6.9962766247e-06, 5.65477967029e-06, 4.65244056613e-06, 3.71613305106e-06, 3.72717795472e-06, 3.37186042998e-06, 3.11640292239e-06, 2.74784360954e-06, 2.32142042478e-06, 1.83620886673e-06, 1.31483545829e-06, 9.10749236027e-07, 6.00698797371e-07, 3.87398955581e-07], "dmean2": [0.00441561033949, 0.00562677020207, 0.00187446724158, 0.000779188296292, 0.00157078483608, 0.000488312332891, 0.00017392548034, 0.00018262786034, 0.000211547390791, 0.000131309687276, 7.69192702137e-05, 4.57115165773e-05, 3.58619254257e-05, 3.29066533595e-05, 2.92141903628e-05, 2.35016832448e-05, 2.64745631284e-05, 3.46436681866e-05, 2.61061431956e-05, 2.3266315111e-05, 1.8731385353e-05, 1.31330298245e-05, 1.5365998479e-05, 1.23814397739e-05, 1.12613279271e-05, 1.18765892694e-05, 1.06940624391e-05, 8.63832974574e-06, 7.11919210516e-06, 5.62176956009e-06, 5.73315855945e-06, 5.03040473632e-06, 4.53675011158e-06, 3.97202074964e-06, 3.41980194207e-06, 2.68702842732e-06, 1.92198604054e-06, 1.34887682179e-06, 8.80694585703e-07, 5.6611384025e-07], "mean": [0.00389281683601, 0.00531437480822, 0.001636169618, 0.000477902154671, 0.000823084730655, 0.000297170627164, 0.000126578990603, 0.000141585667734, 0.000150610649143, 0.000102682395664, 5.84000154049e-05, 3.91844987462e-05, 3.10394425469e-05, 2.73545938398e-05, 2.6269161026e-05, 2.03509571293e-05, 2.00820522878e-05, 2.91617525363e-05, 2.06770182558e-05, 1.94899675989e-05, 1.7368927729e-05, 1.31343758767e-05, 1.5720297597e-05, 1.34801475724e-05, 1.14454132927e-05, 1.33114390337e-05, 1.25211299746e-05, 9.48808337853e-06, 7.72058228904e-06, 6.03258649789e-06, 5.84011650062e-06, 5.42733141629e-06, 4.70346230941e-06, 3.83107453672e-06, 3.15720490107e-06, 2.45071441896e-06, 1.81138648259e-06, 1.25253711758e-06, 8.43530756356e-07, 5.47716183519e-07], "dvar2": [4.36185291619e-05, 7.48293459765e-05, 1.0563883734e-05, 1.71188548848e-06, 1.0837674381e-05, 7.65172103456e-07, 1.08012237376e-07, 1.4069793508e-07, 2.38046851564e-07, 9.76773009143e-08, 5.91754982793e-08, 1.96887501858e-08, 5.69638025638e-09, 6.5332188548e-09, 7.07607306083e-09, 3.77491682357e-09, 4.21458201671e-09, 7.59870211198e-09, 5.48047829341e-09, 2.84125767358e-09, 1.09506959056e-09, 5.40890110479e-10, 7.70349062318e-10, 4.90345875015e-10, 4.14461187592e-10, 4.15938727905e-10, 3.37686517637e-10, 2.94636620657e-10, 1.77528131085e-10, 9.55896750643e-11, 1.28373256469e-10, 9.68591873374e-11, 5.77825738646e-11, 4.71326727647e-11, 5.12402620334e-11, 3.45073414287e-11, 3.08451007791e-11, 1.70347329992e-11, 6.6337443351e-12, 3.04299901249e-12], "min": [3.63070470615e-24, 1.52460417693e-23, 7.40808626471e-24, 3.46751265625e-24, 1.19544675775e-23, 4.54971582782e-24, 7.68057302087e-24, 8.89858609144e-24, 4.98706859671e-24, 3.15046847237e-24, 7.61259135464e-24, 7.65428344234e-24, 8.38771898036e-24, 7.78102972398e-24, 7.52488501034e-24, 1.34202421369e-23, 1.02881156666e-23, 9.89080429398e-24, 1.13418145327e-23, 1.57384471687e-23, 8.57005865658e-24, 8.25803892501e-24, 1.66421204677e-23, 9.89937368999e-24, 5.62520382092e-24, 8.45040186789e-24, 9.67565510385e-24, 5.73348917966e-24, 9.68124497223e-24, 1.12454449179e-23, 1.33508523539e-23, 1.35138751931e-23, 1.40793212237e-23, 8.78158934173e-24, 1.03236790939e-23, 1.02718383107e-23, 8.43030248089e-24, 7.94841575288e-24, 1.02348998988e-23, 7.42882541791e-24]}, "spectral_decrease": {"dvar": 4.02055901292e-17, "var": 6.65797675044e-17, "median": -8.25904855617e-09, "max": 7.87021509974e-16, "dmean": 5.02014341208e-09, "dmean2": 7.93466803373e-09, "mean": -9.7220889117e-09, "dvar2": 9.72153874896e-17, "min": -6.09045116562e-08}, "barkbands_kurtosis": {"dvar": 941.171630859, "var": 1704.99169922, "median": 7.44733715057, "max": 684.870178223, "dmean": 16.0067653656, "dmean2": 25.1991558075, "mean": 22.7253723145, "dvar2": 2244.46069336, "min": -1.95600914955}, "silence_rate_30dB": {"dvar": 0.0345029719174, "var": 0.0234104152769, "median": 1, "max": 1, "dmean": 0.0357821397483, "dmean2": 0.0715699493885, "mean": 0.976015210152, "dvar2": 0.0911525338888, "min": 0}, "gfcc": {"mean": [-30.8894042969, 98.7025680542, -95.2589187622, 68.0311203003, -59.5061340332, 17.2296485901, -32.6017532349, 8.23034763336, -14.8759450912, -1.21413707733, -10.2162952423, -3.93070411682, -6.60352993011], "cov": [[11206.1503906, -881.75994873, -2109.18945313, 204.382019043, -715.062194824, 349.862884521, -297.454467773, 395.34286499, -277.807220459, 322.034881592, -147.177474976, 83.9988021851, -122.174102783], [-881.75994873, 1333.23779297, 239.737884521, 30.8722953796, 330.55279541, -101.108474731, 154.148498535, -143.496383667, 196.190673828, -188.612564087, 105.580169678, -118.277572632, 89.9935684204], [-2109.18945313, 239.737884521, 1529.23571777, 251.199783325, 266.747833252, 86.8948440552, 127.030570984, -94.2029342651, 44.8733329773, -57.78125, 20.0048236847, 2.86924815178, -12.3176593781], [204.382019043, 30.8722953796, 251.199783325, 346.275970459, 89.2159881592, 59.8074150085, 55.3911895752, 14.8481693268, 27.4273395538, 0.354126632214, 16.8695030212, -20.3589401245, 15.6712551117], [-715.062194824, 330.55279541, 266.747833252, 89.2159881592, 390.64956665, 52.0248413086, 131.738098145, 9.94210147858, 111.001754761, -43.8461036682, -0.0425937585533, -60.7796058655, 9.82971286774], [349.862884521, -101.108474731, 86.8948440552, 59.8074150085, 52.0248413086, 186.556015015, 68.0021057129, 51.9231529236, -7.02845335007, 23.7846813202, 0.853345394135, 5.48494100571, -25.2381420135], [-297.454467773, 154.148498535, 127.030570984, 55.3911895752, 131.738098145, 68.0021057129, 195.193145752, 34.4979896545, 40.5662155151, -17.2212848663, 21.9522762299, -22.0047302246, -7.84511518478], [395.34286499, -143.496383667, -94.2029342651, 14.8481693268, 9.94210147858, 51.9231529236, 34.4979896545, 145.042129517, 36.8191833496, 52.5846252441, -17.1911754608, -1.55633699894, -19.0792274475], [-277.807220459, 196.190673828, 44.8733329773, 27.4273395538, 111.001754761, -7.02845335007, 40.5662155151, 36.8191833496, 147.390304565, 15.2551765442, 21.7661132813, -34.6547737122, 21.556470871], [322.034881592, -188.612564087, -57.78125, 0.354126632214, -43.8461036682, 23.7846813202, -17.2212848663, 52.5846252441, 15.2551765442, 120.79940033, 6.21957397461, 24.2222957611, -18.8237800598], [-147.177474976, 105.580169678, 20.0048236847, 16.8695030212, -0.0425937585533, 0.853345394135, 21.9522762299, -17.1911754608, 21.7661132813, 6.21957397461, 95.2099227905, 23.1225242615, 19.783531189], [83.9988021851, -118.277572632, 2.86924815178, -20.3589401245, -60.7796058655, 5.48494100571, -22.0047302246, -1.55633699894, -34.6547737122, 24.2222957611, 23.1225242615, 92.9755401611, 19.695602417], [-122.174102783, 89.9935684204, -12.3176593781, 15.6712551117, 9.82971286774, -25.2381420135, -7.84511518478, -19.0792274475, 21.556470871, -18.8237800598, 19.783531189, 19.695602417, 76.436126709]], "icov": [[0.000243935501203, -0.00035527793807, 0.000351813359885, -0.000486064585857, 0.000313909258693, -0.000632418668829, 0.000419441581471, -0.000473592343042, 0.000495752086863, -0.000501793809235, 0.000542280438822, -0.000343996129232, 0.000325092842104], [-0.00035527793807, 0.00267497519962, -0.000492885883432, 0.00100797170307, -0.00111787137575, 0.00156947842333, -0.00152617914136, 0.00228137895465, -0.00276356213726, 0.00285079702735, -0.00260617840104, 0.00195946800523, -0.00127752160188], [0.000351813359885, -0.000492885883432, 0.00146328227129, -0.00131846254226, 8.57433406054e-06, -0.00113110663369, 0.000352655188181, 0.00035534077324, 0.00022942420037, -0.000469474121928, 0.00106710311957, -0.00145355414134, 0.00131711084396], [-0.000486064585857, 0.00100797170307, -0.00131846254226, 0.00476257735863, -0.0009441022994, 0.00053699593991, -0.00104789377656, 0.000427518913057, -0.000584370049182, 0.000689851411153, -0.00211708433926, 0.00260413461365, -0.00264307647012], [0.000313909258693, -0.00111787137575, 8.57433406054e-06, -0.0009441022994, 0.00552174402401, -0.00191674812231, -0.0012134044664, -0.000424209749326, -0.00192918244284, -4.486236503e-05, 0.00246248301119, 0.000132213841425, 0.000301032094285], [-0.000632418668829, 0.00156947842333, -0.00113110663369, 0.00053699593991, -0.00191674812231, 0.00956878438592, -0.00316928722896, -0.000655283161905, 0.000203691946808, 0.000913189374842, -0.00235940609127, 0.000477462366689, 0.00042113402742], [0.000419441581471, -0.00152617914136, 0.000352655188181, -0.00104789377656, -0.0012134044664, -0.00316928722896, 0.00936268363148, -0.00366564956494, 0.00179624848533, -2.39323253481e-05, -0.0010034928564, -0.000460114591988, 0.00176035286859], [-0.000473592343042, 0.00228137895465, 0.00035534077324, 0.000427518913057, -0.000424209749326, -0.000655283161905, -0.00366564956494, 0.0139812957495, -0.00665781926364, -0.000669226283208, 0.00141615746543, -0.000310502393404, 0.000904733431526], [0.000495752086863, -0.00276356213726, 0.00022942420037, -0.000584370049182, -0.00192918244284, 0.000203691946808, 0.00179624848533, -0.00665781926364, 0.0163882989436, -0.00649565970525, -0.00118821312208, 0.0038573469501, -0.00386712350883], [-0.000501793809235, 0.00285079702735, -0.000469474121928, 0.000689851411153, -4.486236503e-05, 0.000913189374842, -2.39323253481e-05, -0.000669226283208, -0.00649565970525, 0.0158364269882, -0.00374677893706, -0.00210657669231, 0.0030066750478], [0.000542280438822, -0.00260617840104, 0.00106710311957, -0.00211708433926, 0.00246248301119, -0.00235940609127, -0.0010034928564, 0.00141615746543, -0.00118821312208, -0.00374677893706, 0.0169068537652, -0.0065257945098, 0.00041400527698], [-0.000343996129232, 0.00195946800523, -0.00145355414134, 0.00260413461365, 0.000132213841425, 0.000477462366689, -0.000460114591988, -0.000310502393404, 0.0038573469501, -0.00210657669231, -0.0065257945098, 0.0195415057242, -0.00856201909482], [0.000325092842104, -0.00127752160188, 0.00131711084396, -0.00264307647012, 0.000301032094285, 0.00042113402742, 0.00176035286859, 0.000904733431526, -0.00386712350883, 0.0030066750478, 0.00041400527698, -0.00856201909482, 0.0202976558357]]}, "silence_rate_20dB": {"dvar": 0, "var": 0, "median": 1, "max": 1, "dmean": 0, "dmean2": 0, "mean": 1, "dvar2": 0, "min": 1}, "barkbands_skewness": {"dvar": 1.91797351837, "var": 6.19925069809, "median": 2.61379790306, "max": 20.0831604004, "dmean": 1.26161074638, "dmean2": 1.91886138916, "mean": 3.10616350174, "dvar2": 4.47391748428, "min": -22.2652626038}, "erbbands_skewness": {"dvar": 0.544453859329, "var": 1.88005387783, "median": 0.241753906012, "max": 10.5442228317, "dmean": 0.64010477066, "dmean2": 0.960940659046, "mean": 0.538162827492, "dvar2": 1.12275147438, "min": -6.10804796219}, "spectral_contrast_valleys": {"dvar": [0.223342821002, 0.334113746881, 0.277441769838, 0.297454357147, 0.271996796131, 0.278212964535], "var": [1.21321594715, 1.14551758766, 1.17490446568, 1.30971372128, 1.44037306309, 1.41713547707], "median": [-6.66798877716, -7.03399848938, -7.97942304611, -8.22982883453, -7.50676584244, -9.97357177734], "max": [-4.96494722366, -4.37702035904, -5.4610915184, -5.67577552795, -5.4804315567, -7.44409370422], "dmean": [0.523767054081, 0.58080124855, 0.540373444557, 0.525192260742, 0.483130902052, 0.561485588551], "dmean2": [0.814908564091, 0.905430853367, 0.799859046936, 0.75415211916, 0.663484096527, 0.726063907146], "mean": [-6.89675045013, -7.09447336197, -8.0435333252, -8.32884216309, -7.7343583107, -10.1772975922], "dvar2": [0.466439127922, 0.714240133762, 0.522853076458, 0.53612691164, 0.455069124699, 0.507902085781], "min": [-27.5718345642, -27.5412731171, -26.9490642548, -27.3721580505, -27.3547859192, -27.1287651062]}, "spectral_strongpeak": {"dvar": 0.257696628571, "var": 0.31608247757, "median": 0.387696921825, "max": 8.93043899536, "dmean": 0.334639191628, "dmean2": 0.576656579971, "mean": 0.518941760063, "dvar2": 0.648518264294, "min": 0}, "erbbands_crest": {"dvar": 7.93480634689, "var": 20.1382293701, "median": 7.29424285889, "max": 29.3502311707, "dmean": 2.87718915939, "dmean2": 4.66886138916, "mean": 8.48954772949, "dvar2": 18.7351741791, "min": 2.26310276985}, "barkbands_crest": {"dvar": 9.57615184784, "var": 22.7329044342, "median": 12.3766946793, "max": 26.6272945404, "dmean": 3.57990288734, "dmean2": 5.88136768341, "mean": 12.608133316, "dvar2": 24.1548728943, "min": 2.10310530663}, "spectral_energyband_middle_low": {"dvar": 0.000147411832586, "var": 0.000153102097102, "median": 0.00648853974417, "max": 0.105995886028, "dmean": 0.00748470239341, "dmean2": 0.0120980581269, "mean": 0.0101570934057, "dvar2": 0.000363410683349, "min": 1.86866999438e-22}, "spectral_contrast_coeffs": {"dvar": [0.00266666756943, 0.00227411533706, 0.00131677719764, 0.000975667324383, 0.000531610334292, 0.000466188881546], "var": [0.00597334979102, 0.00603007944301, 0.00542775122449, 0.00464053777978, 0.00291941314936, 0.00211574137211], "median": [-0.654837369919, -0.73777794838, -0.798885881901, -0.809731185436, -0.809508860111, -0.7546697855], "max": [-0.315987914801, -0.406988590956, -0.482583522797, -0.505205988884, -0.548181772232, -0.594856142998], "dmean": [0.0619593188167, 0.0588531680405, 0.0430328473449, 0.0366194881499, 0.0257770717144, 0.0226989518851], "dmean2": [0.100569576025, 0.0952344313264, 0.0683438703418, 0.056275986135, 0.0393834002316, 0.0349783562124], "mean": [-0.650748670101, -0.731900572777, -0.784965157509, -0.797838866711, -0.802755653858, -0.752272605896], "dvar2": [0.00671193841845, 0.00562618300319, 0.00305084441788, 0.00216167187318, 0.00110479234718, 0.00101669400465], "min": [-0.961583316326, -0.96447956562, -0.983060717583, -0.953964352608, -0.957723140717, -0.962102234364]}, "hfc": {"dvar": 118.366783142, "var": 322.69128418, "median": 11.5591287613, "max": 147.865493774, "dmean": 7.79054641724, "dmean2": 10.9438295364, "mean": 17.4879322052, "dvar2": 225.357772827, "min": 1.1766707741e-16}, "spectral_energyband_high": {"dvar": 8.550007351e-07, "var": 2.50252583101e-06, "median": 0.000417252071202, "max": 0.0165414661169, "dmean": 0.000585818313994, "dmean2": 0.000803534523584, "mean": 0.00105945498217, "dvar2": 1.58264583661e-06, "min": 7.81961217248e-21}, "erbbands_spread": {"dvar": 278.844451904, "var": 729.536376953, "median": 54.0185127258, "max": 194.550598145, "dmean": 16.6246471405, "dmean2": 25.5245227814, "mean": 56.3892822266, "dvar2": 648.527954102, "min": 1.11251091957}, "dissonance": {"dvar": 0.000343278807122, "var": 0.000707550614607, "median": 0.473541051149, "max": 0.500000119209, "dmean": 0.0185082219541, "dmean2": 0.0309470631182, "mean": 0.466353982687, "dvar2": 0.000886877183802, "min": 0.245646357536}, "spectral_kurtosis": {"dvar": 12.1648674011, "var": 21.6539154053, "median": 2.01103925705, "max": 75.832244873, "dmean": 1.97509908676, "dmean2": 3.1443374157, "mean": 3.31410908699, "dvar2": 27.3663978577, "min": -1.40716159344}, "spectral_skewness": {"dvar": 0.167390584946, "var": 0.476468622684, "median": 1.0983402729, "max": 7.42681312561, "dmean": 0.323673129082, "dmean2": 0.486024230719, "mean": 1.28458893299, "dvar2": 0.351427406073, "min": -0.660640239716}, "pitch_salience": {"dvar": 0.00942704919726, "var": 0.0186108332127, "median": 0.472265452147, "max": 0.949311196804, "dmean": 0.106933161616, "dmean2": 0.175774931908, "mean": 0.478140324354, "dvar2": 0.0242361593992, "min": 0.0770627483726}, "spectral_complexity": {"dvar": 40.3323059082, "var": 155.393341064, "median": 11, "max": 58, "dmean": 4.77327442169, "dmean2": 6.6913151741, "mean": 15.0067281723, "dvar2": 64.5846328735, "min": 0}, "spectral_spread": {"dvar": 707046670336, "var": 2963218366460.0, "median": 4828460, "max": 40175952, "dmean": 792656.6875, "dmean2": 1180300.5, "mean": 5069234.5, "dvar2": 1389213515780.0, "min": 940753.3125}, "dynamic_complexity": 2.84564805031, "melbands_crest": {"dvar": 11.3131361008, "var": 26.2411594391, "median": 17.6157207489, "max": 33.8623275757, "dmean": 3.83631372452, "dmean2": 6.23901510239, "mean": 17.1780128479, "dvar2": 27.7536945343, "min": 1.80520880222}, "zerocrossingrate": {"dvar": 0.000254901911831, "var": 0.00320898345672, "median": 0.0400390625, "max": 0.81591796875, "dmean": 0.0132450545207, "dmean2": 0.0154643785208, "mean": 0.050289683044, "dvar2": 0.000314795121085, "min": 0.0029296875}, "spectral_energyband_low": {"dvar": 0.00045065980521, "var": 0.000734762754291, "median": 0.0200104266405, "max": 0.224421963096, "dmean": 0.0148313064128, "dmean2": 0.0240175053477, "mean": 0.0261615943164, "dvar2": 0.00113788049202, "min": 6.45902206691e-23}, "melbands_kurtosis": {"dvar": 2530.15161133, "var": 4749.70556641, "median": 29.2029972076, "max": 753.876098633, "dmean": 33.8872413635, "dmean2": 53.479434967, "mean": 53.897064209, "dvar2": 5883.11474609, "min": -1.95924758911}, "spectral_energyband_middle_high": {"dvar": 5.80466030442e-06, "var": 1.51888189066e-05, "median": 0.00113070814405, "max": 0.0386616066098, "dmean": 0.00140472280327, "dmean2": 0.00208390248008, "mean": 0.00285107968375, "dvar2": 1.26339600683e-05, "min": 1.48610287382e-21}, "barkbands_spread": {"dvar": 93.0916748047, "var": 290.670043945, "median": 16.5583152771, "max": 124.616477966, "dmean": 7.9792842865, "dmean2": 12.0938844681, "mean": 19.8506679535, "dvar2": 202.428604126, "min": 0.194267243147}, "mfcc": {"mean": [-669.987243652, 108.909812927, 27.8442802429, 47.8503227234, 8