{"lowlevel": {"spectral_strongpeak": {"max": 8.1989068985, "dmean": 0.385462373495, "dvar2": 1.11842930317, "dmean2": 0.662298560143, "var": 0.663049280643, "median": 0.451429903507, "min": 0, "dvar": 0.436862617731, "mean": 0.702834784985}, "barkbands_flatness_db": {"max": 0.751150012016, "dmean": 0.0219879727811, "dvar2": 0.00125237554312, "dmean2": 0.0335662290454, "var": 0.00451085809618, "median": 0.0985018610954, "min": 0.0184749029577, "dvar": 0.000597384583671, "mean": 0.118358582258}, "barkbands_skewness": {"max": 93.3699417114, "dmean": 0.581313490868, "dvar2": 2.93409156799, "dmean2": 0.886493623257, "var": 6.32167291641, "median": 1.51428818703, "min": -7.18109703064, "dvar": 1.8260011673, "mean": 1.62687885761}, "spectral_energyband_middle_high": {"max": 0.0392740368843, "dmean": 0.00149004580453, "dvar2": 9.70757628238e-06, "dmean2": 0.00233595794998, "var": 1.99576734303e-05, "median": 0.00457527302206, "min": 1.52981864218e-21, "dvar": 3.97791336582e-06, "mean": 0.00527781294659}, "erbbands_kurtosis": {"max": 461.47177124, "dmean": 1.11280941963, "dvar2": 30.2200469971, "dmean2": 1.75057339668, "var": 70.190788269, "median": -0.300675868988, "min": -1.94039988518, "dvar": 21.3577270508, "mean": 0.708244264126}, "erbbands_crest": {"max": 32.1136512756, "dmean": 2.35676598549, "dvar2": 14.5873165131, "dmean2": 3.81143140793, "var": 21.6570930481, "median": 6.64120197296, "min": 2.04037809372, "dvar": 6.07525920868, "mean": 8.05325889587}, "dynamic_complexity": 3.03118157387, "barkbands_crest": {"max": 26.8433094025, "dmean": 2.624761343, "dvar2": 16.2931842804, "dmean2": 4.32981157303, "var": 15.6693716049, "median": 8.90173530579, "min": 2.59172916412, "dvar": 6.31696844101, "mean": 9.72445964813}, "dissonance": {"max": 0.500000119209, "dmean": 0.0201710257679, "dvar2": 0.00150066369679, "dmean2": 0.0340972654521, "var": 0.00143667194061, "median": 0.472091913223, "min": 0.106834091246, "dvar": 0.000558670435566, "mean": 0.460111856461}, "spectral_energyband_low": {"max": 0.106865152717, "dmean": 0.00534803187475, "dvar2": 0.000241910864133, "dmean2": 0.00882810447365, "var": 0.000193760293769, "median": 0.00889575760812, "min": 4.69798444376e-23, "dvar": 9.37698860071e-05, "mean": 0.012617812492}, "spectral_contrast_coeffs": {"max": [-0.220084369183, -0.441226601601, -0.475284010172, -0.503224909306, -0.541567087173, -0.610382199287], "dmean": [0.0543011017144, 0.0502627305686, 0.0407981388271, 0.0297725144774, 0.0223493687809, 0.0184548292309], "dvar2": [0.00529835280031, 0.00446561910212, 0.00297696725465, 0.00157179008238, 0.000980101758614, 0.000671606860124], "dmean2": [0.0884549915791, 0.0828482657671, 0.0668370649219, 0.0485995821655, 0.0359086953104, 0.0290143489838], "var": [0.0116272140294, 0.00568211078644, 0.00476270681247, 0.00276344758458, 0.00189011613838, 0.00147595605813], "median": [-0.632024824619, -0.721226513386, -0.776825785637, -0.792991578579, -0.794166922569, -0.795209765434], "min": [-0.955893933773, -0.987598359585, -0.974735498428, -0.966526627541, -0.960024952888, -0.958700954914], "dvar": [0.00210366258398, 0.00165103771724, 0.00113480631262, 0.000622473133262, 0.000396634248318, 0.000278012565104], "mean": [-0.612967789173, -0.720161616802, -0.769803583622, -0.78966242075, -0.793864250183, -0.795971989632]}, "silence_rate_60dB": {"max": 1, "dmean": 0.0218938142061, "dvar2": 0.0464129187167, "dmean2": 0.0437910556793, "var": 0.0716247782111, "median": 0, "min": 0, "dvar": 0.0214103162289, "mean": 0.0776387825608}, "mfcc": {"icov": [[0.000110666420369, 2.08792389458e-05, 2.65065464191e-05, -0.00015759539383, -3.51493727067e-05, -0.000104130151158, 0.000133185385494, -0.000176415167516, -8.39141503093e-05, -7.41790518077e-06, 8.03776129032e-05, -4.34316170868e-05, 0.000138370349305], [2.08792389458e-05, 0.000810865138192, 0.000524008180946, 0.000250721524935, -0.000693261041306, 0.000109901739052, -0.000313540280331, 0.000543373636901, 2.94792225759e-05, 0.000385622406611, -0.000316806545015, 0.000168983184267, 0.000144528094097], [2.65065464191e-05, 0.000524008180946, 0.00212518963963, 4.07103689213e-05, -0.000299480889225, -0.00119268847629, -0.000363917497452, -0.000274076825008, 0.0005734981969, -0.000491638551466, 9.83450227068e-05, -0.000422150274972, 0.000996981281787], [-0.00015759539383, 0.000250721524935, 4.07103689213e-05, 0.0026713241823, -0.000963085331023, -0.00039157102583, -0.000908442772925, 0.00113746535499, -0.00183230964467, 0.00129247433506, -0.00203907303512, 0.00170398515183, -0.00039594079135], [-3.51493727067e-05, -0.000693261041306, -0.000299480889225, -0.000963085331023, 0.00562979420647, -0.00106144486926, 0.000594479031861, -0.00229718489572, 0.00174209941179, -0.00243215193041, 0.00170661066659, -0.0032805420924, 0.00190232135355], [-0.000104130151158, 0.000109901739052, -0.00119268847629, -0.00039157102583, -0.00106144486926, 0.00941502302885, -0.00443296832964, 0.00212043756619, -0.00293606589548, 0.00228254962713, -0.00264356355183, 0.00219959835522, -0.00229290290736], [0.000133185385494, -0.000313540280331, -0.000363917497452, -0.000908442772925, 0.000594479031861, -0.00443296832964, 0.0100481500849, -0.00537861976773, 0.0011374320602, -0.00257658096962, 0.00137965485919, -0.00285381660797, 0.000813232501969], [-0.000176415167516, 0.000543373636901, -0.000274076825008, 0.00113746535499, -0.00229718489572, 0.00212043756619, -0.00537861976773, 0.015202078037, -0.00557622872293, 0.000273629266303, -0.000547940377146, 0.00185346789658, -0.00133702333551], [-8.39141503093e-05, 2.94792225759e-05, 0.0005734981969, -0.00183230964467, 0.00174209941179, -0.00293606589548, 0.0011374320602, -0.00557622872293, 0.0164719335735, -0.00673940824345, -0.00069372728467, 0.000608017959166, -0.000985116465017], [-7.41790518077e-06, 0.000385622406611, -0.000491638551466, 0.00129247433506, -0.00243215193041, 0.00228254962713, -0.00257658096962, 0.000273629266303, -0.00673940824345, 0.0181093160063, -0.00592303136364, -4.1338003939e-05, -0.00119017343968], [8.03776129032e-05, -0.000316806545015, 9.83450227068e-05, -0.00203907303512, 0.00170661066659, -0.00264356355183, 0.00137965485919, -0.000547940377146, -0.00069372728467, -0.00592303136364, 0.0205861590803, -0.00821503996849, 0.00120034185238], [-4.34316170868e-05, 0.000168983184267, -0.000422150274972, 0.00170398515183, -0.0032805420924, 0.00219959835522, -0.00285381660797, 0.00185346789658, 0.000608017959166, -4.1338003939e-05, -0.00821503996849, 0.0232362374663, -0.0106211472303], [0.000138370349305, 0.000144528094097, 0.000996981281787, -0.00039594079135, 0.00190232135355, -0.00229290290736, 0.000813232501969, -0.00133702333551, -0.000985116465017, -0.00119017343968, 0.00120034185238, -0.0106211472303, 0.0197647269815]], "cov": [[11625.3876953, -806.662963867, 305.359069824, 1153.62463379, 253.928207397, 406.326477051, 217.145080566, 275.672424316, 357.961883545, 126.287002563, 115.978691101, -33.5163078308, -34.9788093567], [-806.662963867, 1852.61987305, -518.583557129, -271.482177734, 111.019515991, -161.347747803, -111.324623108, -113.109382629, -125.57736969, -76.7027282715, -44.6313285828, -4.69667339325, -30.3452625275], [305.359069824, -518.583557129, 737.761413574, 148.971817017, 63.4921951294, 177.706069946, 148.604354858, 81.9348678589, 62.5026664734, 63.3357391357, 41.4272766113, 22.9300422668, -1.90766680241], [1153.62463379, -271.482177734, 148.971817017, 681.273376465, 91.2980575562, 181.006454468, 135.952697754, 65.2665481567, 136.378799438, 48.0785064697, 82.4290237427, -3.99383115768, 13.6148395538], [253.928207397, 111.019515991, 63.4921951294, 91.2980575562, 264.074035645, 54.0717086792, 62.8014564514, 51.1413383484, 21.2567100525, 44.1378631592, 19.5598106384, 36.2624015808, -0.215488687158], [406.326477051, -161.347747803, 177.706069946, 181.006454468, 54.0717086792, 233.717727661, 139.669647217, 56.2105865479, 81.4541778564, 41.0263710022, 50.8406143188, 17.8720340729, 26.0090084076], [217.145080566, -111.324623108, 148.604354858, 135.952697754, 62.8014564514, 139.669647217, 229.446105957, 95.4748001099, 73.3327941895, 61.8881454468, 42.8916015625, 35.088470459, 25.3304862976], [275.672424316, -113.109382629, 81.9348678589, 65.2665481567, 51.1413383484, 56.2105865479, 95.4748001099, 127.385246277, 66.9990844727, 45.2216758728, 23.6364803314, 15.0875606537, 15.0939416885], [357.961883545, -125.57736969, 62.5026664734, 136.378799438, 21.2567100525, 81.4541778564, 73.3327941895, 66.9990844727, 133.343414307, 61.436126709, 41.4804077148, 12.8461580276, 21.6397094727], [126.287002563, -76.7027282715, 63.3357391357, 48.0785064697, 44.1378631592, 41.0263710022, 61.8881454468, 45.2216758728, 61.436126709, 102.303894043, 42.7951698303, 27.5629425049, 19.9043197632], [115.978691101, -44.6313285828, 41.4272766113, 82.4290237427, 19.5598106384, 50.8406143188, 42.8916015625, 23.6364803314, 41.4804077148, 42.7951698303, 84.5964431763, 35.2501983643, 21.3750534058], [-33.5163078308, -4.69667339325, 22.9300422668, -3.99383115768, 36.2624015808, 17.8720340729, 35.088470459, 15.0875606537, 12.8461580276, 27.5629425049, 35.2501983643, 81.1485824585, 40.9591369629], [-34.9788093567, -30.3452625275, -1.90766680241, 13.6148395538, -0.215488687158, 26.0090084076, 25.3304862976, 15.0939416885, 21.6397094727, 19.9043197632, 21.3750534058, 40.9591369629, 77.4373779297]], "mean": [-636.066101074, 118.103866577, 11.2487030029, 5.33806085587, 9.9319229126, 0.0804934799671, -2.48154163361, -3.18482375145, -1.60130524635, -0.242434769869, -2.36321353912, 1.71830105782, -0.594298422337]}, "melbands_spread": {"max": 255.011871338, "dmean": 7.37119483948, "dvar2": 472.643493652, "dmean2": 11.7310724258, "var": 459.544891357, "median": 18.60090065, "min": 0.202830031514, "dvar": 197.092895508, "mean": 23.0122051239}, "barkbands_kurtosis": {"max": 18136.2539062, "dmean": 9.60691452026, "dvar2": 63684.6640625, "dmean2": 13.2048492432, "var": 99513.546875, "median": 2.14131355286, "min": -1.95860612392, "dvar": 40730.296875, "mean": 13.7010593414}, "spectral_energyband_high": {"max": 0.0182045027614, "dmean": 0.000561743276194, "dvar2": 1.86323086382e-06, "dmean2": 0.000793379615061, "var": 3.5052619296e-06, "median": 0.000916890799999, "min": 7.66133067759e-21, "dvar": 8.93267554147e-07, "mean": 0.00153826409951}, "hfc": {"max": 212.252761841, "dmean": 7.05284881592, "dvar2": 290.825683594, "dmean2": 10.3591279984, "var": 509.655975342, "median": 25.4088592529, "min": 1.17443791585e-16, "dvar": 126.758247375, "mean": 28.1400699615}, "spectral_skewness": {"max": 10.2797145844, "dmean": 0.282651484013, "dvar2": 0.481620848179, "dmean2": 0.4282335639, "var": 0.756799221039, "median": 1.64369356632, "min": -0.595863461494, "dvar": 0.219882428646, "mean": 1.84981954098}, "erbbands": {"max": [3.13252353668, 24.3560066223, 58.4199829102, 86.1593704224, 312.613586426, 203.01600647, 488.999542236, 552.246643066, 738.135498047, 397.958221436, 1009.1151123, 2647.86450195, 1093.15270996, 1162.96679688, 765.11706543, 1065.31433105, 1193.53649902, 588.751586914, 892.302368164, 764.130249023, 499.376251221, 373.774902344, 163.259338379, 113.043228149, 209.315124512, 115.789474487, 347.636474609, 228.917556763, 225.360580444, 116.291938782, 87.1376647949, 64.4216766357, 45.5714683533, 33.3958435059, 31.4144649506, 29.1942863464, 25.8162918091, 5.19887685776, 0.452588677406, 0.00717916339636], "dmean": [0.105709627271, 1.04374265671, 1.84682881832, 2.88290476799, 9.42982959747, 9.36688041687, 14.0512828827, 14.2604255676, 22.920042038, 13.8588218689, 17.3624725342, 16.5583133698, 17.4387931824, 22.6810207367, 11.0543212891, 15.9482221603, 14.3185062408, 13.5135993958, 15.9254274368, 11.5680246353, 12.4186620712, 11.1366796494, 6.29498672485, 4.54707241058, 5.36302232742, 3.20614695549, 4.42842006683, 3.3619697094, 3.22712540627, 2.55638122559, 2.10636520386, 2.52409410477, 1.98013722897, 1.09852421284, 0.887476742268, 0.612522006035, 0.337447971106, 0.0859035328031, 0.00650077499449, 0.000112873160106], "dvar2": [0.14623644948, 11.4977655411, 31.0999298096, 57.7592849731, 948.846191406, 580.469360352, 1282.68823242, 1213.04370117, 2819.72607422, 1349.14233398, 2354.16870117, 5327.61474609, 3102.7097168, 6892.93212891, 1178.26135254, 3276.65649414, 2171.57592773, 1292.38757324, 2038.45202637, 1073.53100586, 1261.27160645, 885.433776855, 239.05619812, 116.872451782, 213.034011841, 64.8468399048, 180.77947998, 120.248954773, 111.111846924, 50.0318946838, 27.9284591675, 30.3913726807, 18.4223098755, 5.525390625, 4.72777843475, 3.57937288284, 3.30377101898, 0.273032605648, 0.00174630561378, 4.9153237569e-07], "dmean2": [0.175941452384, 1.78258597851, 3.08614897728, 4.77642726898, 15.6784191132, 15.6293945312, 23.168302536, 23.2992019653, 36.4641571045, 22.3950233459, 26.5007209778, 24.7024879456, 27.6468486786, 36.1503448486, 17.6702919006, 25.5524959564, 23.1170501709, 21.9893112183, 26.1781253815, 18.8998470306, 20.2961387634, 18.1826972961, 10.2074670792, 7.42951345444, 8.77843379974, 5.17430782318, 6.91645812988, 5.1579375267, 4.84942007065, 3.7806892395, 3.12351727486, 3.97879815102, 3.1021168232, 1.62656140327, 1.27168798447, 0.862958312035, 0.512546062469, 0.138424709439, 0.0106967343017, 0.000183544514584], "var": [0.0755475088954, 7.11159896851, 30.1541786194, 46.0376968384, 458.175689697, 366.559509277, 842.593994141, 1285.83007812, 3269.78540039, 1071.70715332, 2553.89697266, 9801.09570312, 3237.11938477, 6207.37011719, 1074.90307617, 2835.48120117, 1975.72973633, 1087.94555664, 1552.81689453, 927.745788574, 1215.21020508, 1027.86572266, 325.292541504, 159.128982544, 265.820861816, 93.897354126, 281.636016846, 157.770217896, 178.757675171, 87.6936187744, 58.3026237488, 34.3229789734, 22.3971748352, 10.5280580521, 8.5337228775, 4.44587612152, 1.48316001892, 0.0921210721135, 0.000511960999575, 1.47188600863e-07], "median": [0.0666807591915, 1.09597921371, 1.78828644753, 3.8187456131, 4.90095615387, 7.39572429657, 12.9146299362, 13.0172195435, 23.5179672241, 14.0392484665, 14.025727272, 12.7279624939, 16.0813560486, 17.860294342, 12.4797649384, 14.1857261658, 16.9280052185, 16.9926986694, 17.4878139496, 13.2477264404, 13.0554828644, 10.7696018219, 7.74321174622, 7.18851423264, 7.69174098969, 5.26447582245, 5.73109292984, 3.7738199234, 2.74308252335, 2.32906794548, 2.30446767807, 2.87325572968, 2.3453514576, 1.61751174927, 1.1791446209, 0.553328990936, 0.129796117544, 0.0191028267145, 0.0012058459688, 7.42597840144e-05], "min": [7.42455335745e-22, 4.57180745464e-21, 1.57692823404e-20, 2.52587904161e-20, 1.67783906658e-19, 1.33604609877e-19, 1.85993615759e-19, 4.9088774958e-19, 1.09504320159e-18, 2.69704125729e-19, 4.85294767868e-19, 1.13052097807e-18, 1.04375562547e-18, 1.68236408058e-18, 7.57860230243e-18, 2.74283164955e-18, 1.34462644327e-18, 1.96272092258e-18, 4.13315516877e-18, 9.61649739908e-18, 1.31881962825e-17, 1.09543702228e-17, 1.22943622833e-17, 1.41930230305e-17, 1.39743479094e-17, 1.60206885201e-17, 1.69325641556e-17, 2.43082722887e-17, 2.11556801791e-17, 1.86109103098e-17, 1.67903105969e-17, 1.46312500842e-17, 1.20835809468e-17, 1.18040617286e-17, 1.06496534288e-17, 6.01099743433e-18, 3.32001119083e-18, 1.19266374876e-18, 3.34161192685e-19, 3.48587190256e-20], "dvar": [0.0569106414914, 4.26070356369, 11.9622383118, 21.9234447479, 382.41418457, 218.216812134, 467.497039795, 477.137664795, 1198.48291016, 527.815368652, 1101.86791992, 2855.80297852, 1315.44482422, 2811.1730957, 504.527160645, 1327.17272949, 935.567626953, 501.330413818, 808.544189453, 414.7394104, 478.114562988, 351.821380615, 94.6181945801, 46.1280021667, 82.5478820801, 25.7397136688, 76.9836044312, 53.2112503052, 51.9415130615, 24.097776413, 13.2340278625, 12.7863321304, 7.69977235794, 2.65280103683, 2.41714429855, 1.79054367542, 1.32503855228, 0.103077031672, 0.000645549618639, 1.81218211992e-07], "mean": [0.169440940022, 2.03071594238, 3.80107712746, 5.91220235825, 12.080871582, 14.3419761658, 21.9883670807, 25.0681838989, 41.9560966492, 24.1483669281, 30.0491104126, 30.2814731598, 31.1603221893, 39.1963386536, 21.1058712006, 28.7043304443, 27.0947914124, 26.6358528137, 28.6008338928, 23.8118038177, 26.5479278564, 24.5491886139, 15.0182991028, 11.3738985062, 12.4850521088, 8.21277141571, 10.7762708664, 8.01811504364, 7.48623752594, 6.07957696915, 5.19478273392, 4.89533948898, 3.97269129753, 2.63070249557, 2.10987186432, 1.22952079773, 0.464659631252, 0.0997103899717, 0.00703970715404, 0.000163524979143]}, "spectral_contrast_valleys": {"max": [-5.08140277863, -4.52558851242, -5.28896379471, -5.63714408875, -6.03727293015, -7.59872293472], "dmean": [0.482852876186, 0.418615579605, 0.362618684769, 0.290030300617, 0.258927404881, 0.333398014307], "dvar2": [0.554030478001, 0.485689103603, 0.36912432313, 0.261371433735, 0.236200988293, 0.40799921751], "dmean2": [0.770044803619, 0.6890848279, 0.591830790043, 0.464191436768, 0.392339646816, 0.457141816616], "var": [3.80662035942, 1.81124782562, 1.65556323528, 1.67660617828, 2.05722379684, 2.38562250137], "median": [-6.88174152374, -6.29741287231, -6.91926860809, -7.23234081268, -7.24962806702, -9.27196311951], "min": [-26.92486763, -27.313129425, -26.9781913757, -26.9572181702, -27.2683315277, -27.3115730286], "dvar": [0.242236599326, 0.197292611003, 0.148789331317, 0.111853726208, 0.109529331326, 0.232052892447], "mean": [-7.60106086731, -6.56637859344, -7.1974234581, -7.5468287468, -7.75613355637, -9.78921604156]}, "average_loudness": 0.89634257555, "erbbands_spread": {"max": 189.240005493, "dmean": 9.45026302338, "dvar2": 348.036529541, "dmean2": 14.6859064102, "var": 503.578216553, "median": 44.387588501, "min": 0.660877585411, "dvar": 150.656661987, "mean": 45.3781471252}, "melbands_flatness_db": {"max": 0.896357417107, "dmean": 0.0273256208748, "dvar2": 0.00191059627105, "dmean2": 0.0411994941533, "var": 0.00579283712432, "median": 0.18183156848, "min": 0.00707195466384, "dvar": 0.000919060374144, "mean": 0.195655196905}, "barkbands_spread": {"max": 122.485015869, "dmean": 7.64213275909, "dvar2": 216.439102173, "dmean2": 11.681760788, "var": 319.261779785, "median": 23.7123565674, "min": 0.0076878098771, "dvar": 97.4471054077, "mean": 27.3258152008}, "spectral_decrease": {"max": 1.42852549234e-10, "dmean": 2.25703478129e-09, "dvar2": 2.03131818359e-17, "dmean2": 3.53932350095e-09, "var": 3.3783541833e-17, "median": -7.93394594467e-09, "min": -3.58855771765e-08, "dvar": 8.57680912407e-18, "mean": -8.37998470615e-09}, "melbands_crest": {"max": 36.7700424194, "dmean": 3.14247989655, "dvar2": 21.262348175, "dmean2": 5.11757993698, "var": 23.1586380005, "median": 12.6217918396, "min": 1.99013221264, "dvar": 8.39572715759, "mean": 13.3781471252}, "erbbands_flatness_db": {"max": 0.511817753315, "dmean": 0.0178306158632, "dvar2": 0.000939544988796, "dmean2": 0.025754423812, "var": 0.00475142570212, "median": 0.108873553574, "min": 0.0304439198226, "dvar": 0.000483711191919, "mean": 0.133471950889}, "melbands_kurtosis": {"max": 969.939758301, "dmean": 8.03601551056, "dvar2": 927.65802002, "dmean2": 12.422949791, "var": 1194.76330566, "median": 9.37066078186, "min": -1.97148323059, "dvar": 536.251098633, "mean": 15.1557798386}, "spectral_rms": {"max": 0.0116696730256, "dmean": 0.000731007137801, "dvar2": 1.47967944031e-06, "dmean2": 0.00111712352373, "var": 4.91231321575e-06, "median": 0.00566326407716, "min": 3.20744602753e-12, "dvar": 6.40106350147e-07, "mean": 0.00533239543438}, "melbands_skewness": {"max": 23.4501590729, "dmean": 0.748665511608, "dvar2": 1.86925017834, "dmean2": 1.16900956631, "var": 2.77398300171, "median": 2.63653516769, "min": -2.04906606674, "dvar": 0.860625743866, "mean": 2.78017473221}, "barkbands": {"max": [0.062229655683, 0.0978352501988, 0.0477121211588, 0.038768671453, 0.0845151692629, 0.0501189306378, 0.0435667932034, 0.0535342879593, 0.0933558568358, 0.0298327207565, 0.0190048720688, 0.0221321582794, 0.0243624597788, 0.0113712344319, 0.0153891723603, 0.0166845787317, 0.00827435869724, 0.00274609238841, 0.00310748047195, 0.0034456148278, 0.00519306818023, 0.00531357945874, 0.00323717668653, 0.00290003232658, 0.00398580683395, 0.00855087302625, 0.00282037490979], "dmean": [0.000767770106904, 0.00430749310181, 0.00148582889233, 0.00127069756854, 0.00312008173205, 0.00178949639667, 0.00149269972462, 0.000755796325393, 0.000731628329959, 0.00074017199222, 0.000263541558525, 0.000396462943172, 0.000320893450407, 0.000262650690274, 0.000294116500299, 0.00021083788306, 0.000236980849877, 0.000114806549391, 9.5444440376e-05, 7.65095392126e-05, 9.66276056715e-05, 8.50615397212e-05, 7.42868796806e-05, 0.000122949117213, 0.000108739521238, 0.000161382209626, 4.15423783124e-05], "dvar2": [8.9771074272e-06, 0.000197169501917, 2.02980609174e-05, 1.21417742776e-05, 7.24876663298e-05, 1.74009364855e-05, 1.23075724332e-05, 4.85044984089e-06, 9.20020465855e-06, 5.37445293958e-06, 7.73273768573e-07, 1.99749297281e-06, 9.46749764807e-07, 5.04074876062e-07, 6.10945562585e-07, 4.19850749722e-07, 4.58474829657e-07, 8.14453144926e-08, 5.77130556678e-08, 4.59521132257e-08, 7.97045061063e-08, 6.7938614734e-08, 3.53713254242e-08, 7.35617646797e-08, 6.34224832652e-08, 5.30731995241e-07, 7.08454237497e-08], "dmean2": [0.00121063285042, 0.00727870967239, 0.00246219686233, 0.00214106589556, 0.00514753349125, 0.00293333129957, 0.0023929621093, 0.00116775254719, 0.00110426382162, 0.00118778203614, 0.000424850120908, 0.000638856436126, 0.000517962558661, 0.000429182633525, 0.000482678151457, 0.000346546090441, 0.000387277745176, 0.000187638957868, 0.000156321752002, 0.000124257494463, 0.000148306397023, 0.000126792656374, 0.00010961908265, 0.000193360247067, 0.000155169764184, 0.000237117274082, 6.84141996317e-05], "var": [9.09544269234e-06, 0.000118786607345, 1.95614629774e-05, 7.57050793254e-06, 4.16034999944e-05, 1.66242170963e-05, 1.24782600324e-05, 4.51923642686e-06, 1.46966522152e-05, 5.30727538717e-06, 6.83867313001e-07, 1.65620008374e-06, 8.65085723945e-07, 4.08930503681e-07, 5.28714281245e-07, 3.41763268352e-07, 4.42824415359e-07, 9.40069071476e-08, 7.55220312953e-08, 5.42304761098e-08, 1.27313143139e-07, 1.16589006893e-07, 7.4830083463e-08, 8.24558270551e-08, 1.24457471884e-07, 3.22077426063e-07, 2.14234407991e-08], "median": [0.000315256591421, 0.00416097417474, 0.00129975285381, 0.00109979510307, 0.00254831509665, 0.00180781225208, 0.00143791013397, 0.000562763307244, 0.00046700675739, 0.000597938487772, 0.000218436805881, 0.000300486455671, 0.000349845562596, 0.000281470187474, 0.000310537579935, 0.000201047296287, 0.000206629280001, 0.000135598384077, 0.00014578626724, 0.000108564563561, 0.000127273888211, 7.63949065004e-05, 7.82565912232e-05, 0.000140219344757, 0.000159576215083, 9.2423913884e-05, 7.15893565939e-06], "min": [2.56334387363e-23, 2.26277840241e-23, 1.38995698001e-23, 1.27231060334e-23, 4.87617045177e-23, 4.6595407275e-23, 6.28394353978e-23, 1.41894809159e-23, 5.54688239704e-23, 2.51915614557e-23, 1.62280615781e-22, 5.90763858641e-23, 2.52504057461e-23, 5.46294381019e-23, 1.35833908783e-22, 2.35935119619e-22, 1.73368036871e-22, 2.10154716096e-22, 2.93962692822e-22, 3.5043748484e-22, 5.34870110011e-22, 5.70121716402e-22, 5.85968859137e-22, 7.19378945457e-22, 1.32226537478e-21, 1.60952827824e-21, 2.39170953846e-21], "dvar": [4.35809715782e-06, 7.42148040445e-05, 7.79552192398e-06, 4.52497260994e-06, 2.86555023195e-05, 6.58531644149e-06, 5.06652804688e-06, 2.22764720093e-06, 4.62243679067e-06, 2.19828666559e-06, 3.20044762248e-07, 8.12051723642e-07, 4.083555325e-07, 1.95328965447e-07, 2.49783141726e-07, 1.54312289169e-07, 1.81438693403e-07, 3.20603987802e-08, 2.23021388024e-08, 1.7470227931e-08, 3.44163773036e-08, 3.2709706943e-08, 1.71004952421e-08, 3.07453724702e-08, 3.26506608417e-08, 2.23935359145e-07, 2.63266475287e-08], "mean": [0.00106570567004, 0.00811132695526, 0.00287673086859, 0.00215462152846, 0.00472794100642, 0.00317373964936, 0.00260850810446, 0.00120832701214, 0.00127024343237, 0.00127451389562, 0.000429433013778, 0.000670124136377, 0.000575801765081, 0.000485005206428, 0.000526928401086, 0.000429151346907, 0.000487177807372, 0.000251577643212, 0.000230558842304, 0.000180061746505, 0.000241107307374, 0.000199743619305, 0.000185964949196, 0.000241971501964, 0.000269305863185, 0.000260008964688, 4.47666898253e-05]}, "spectral_kurtosis": {"max": 160.699523926, "dmean": 2.54096269608, "dvar2": 95.4087219238, "dmean2": 3.97455191612, "var": 100.141967773, "median": 3.40604805946, "min": -1.47915506363, "dvar": 41.116897583, "mean": 6.23937273026}, "erbbands_skewness": {"max": 15.744553566, "dmean": 0.383439034224, "dvar2": 0.5089173913, "dmean2": 0.594263911247, "var": 0.652470827103, "median": 0.378451436758, "min": -4.80504226685, "dvar": 0.222283348441, "mean": 0.428142786026}, "melbands": {"max": [0.026192644611, 0.0264804959297, 0.0147665143013, 0.0218587368727, 0.0133834006265, 0.0113591747358, 0.010261612013, 0.00709391478449, 0.00780336232856, 0.0143113369122, 0.00547307170928, 0.00508369226009, 0.00185577699449, 0.00320596061647, 0.00224074418657, 0.00156345777214, 0.00134856801014, 0.00130481109954, 0.000960348348599, 0.00169107934926, 0.000637096411083, 0.000504813680891, 0.000268988689641, 0.000181551207788, 9.10513772396e-05, 0.000164383716765, 0.000131326640258, 8.36774270283e-05, 0.000346096494468, 9.48912202148e-05, 0.000162940777955, 0.000144806370372, 8.62816814333e-05, 6.796164962e-05, 5.51380180696e-05, 4.34433313785e-05, 3.8463549572e-05, 3.16772675433e-05, 2.85845544568e-05, 3.64767292922e-05], "dmean": [0.00109973805957, 0.00108543562237, 0.000621547573246, 0.000731136242393, 0.000442446093075, 0.00032382592326, 0.000343744497513, 0.000145027734106, 0.000139507057611, 0.000104709535663, 8.96016572369e-05, 9.89990003291e-05, 3.55964584742e-05, 4.88069672429e-05, 3.27579691657e-05, 3.01402287732e-05, 2.67275991064e-05, 2.64140708168e-05, 1.75415734702e-05, 1.54361314344e-05, 1.6058989786e-05, 1.42469316415e-05, 8.20698278403e-06, 6.28168345429e-06, 3.79923335458e-06, 4.2227297854e-06, 3.34707965521e-06, 2.18944342123e-06, 3.35834965881e-06, 2.45340447691e-06, 2.03052627512e-06, 2.14341775973e-06, 1.65834990185e-06, 1.52266136411e-06, 1.3051011365e-06, 1.27213138512e-06, 1.83931194897e-06, 1.62845583418e-06, 1.05363972125e-06, 9.75681473392e-07], "dvar2": [1.35719401442e-05, 1.05695135062e-05, 2.71132580565e-06, 4.68968983114e-06, 1.15063073736e-06, 5.96313498136e-07, 6.32308911008e-07, 1.59989824056e-07, 1.54490123805e-07, 1.91931704308e-07, 8.04769513252e-08, 1.301155379e-07, 1.09759872302e-08, 3.23759294929e-08, 1.03154471631e-08, 8.12422928931e-09, 5.51942669347e-09, 5.58621415792e-09, 1.97084126796e-09, 2.59559684856e-09, 2.31745689305e-09, 1.68694991309e-09, 5.27095478375e-10, 2.634728824e-10, 8.51430592697e-11, 1.26165813907e-10, 8.2831144721e-11, 3.39370927194e-11, 1.49645948411e-10, 4.92083908343e-11, 5.55174968497e-11, 5.39592433235e-11, 2.81280398279e-11, 1.90737026867e-11, 1.2558661576e-11, 8.63113486932e-12, 1.87555231762e-11, 1.36889848415e-11, 5.29042911909e-12, 5.20342666524e-12], "dmean2": [0.00183989328798, 0.00182881474029, 0.00102963845711, 0.00122372678015, 0.000727848091628, 0.000528076896444, 0.000547825649846, 0.000233246813877, 0.000211493039387, 0.000157843722263, 0.000142666714964, 0.000158418086357, 5.70801785216e-05, 7.88082543295e-05, 5.24519418832e-05, 4.86928656755e-05, 4.35000329162e-05, 4.35886868217e-05, 2.85160476778e-05, 2.53029102169e-05, 2.62671655946e-05, 2.32880538533e-05, 1.35144782689e-05, 1.03849879451e-05, 6.28674024483e-06, 6.94020127412e-06, 5.51603170607e-06, 3.57747285307e-06, 5.32626154381e-06, 3.88814487451e-06, 3.1563720313e-06, 3.30574175678e-06, 2.5511410513e-06, 2.3012901238e-06, 1.96545101971e-06, 1.96918131223e-06, 2.96331290883e-06, 2.6026600608e-06, 1.63506899753e-06, 1.47286220908e-06], "var": [7.83617542766e-06, 8.55571215652e-06, 1.71813383076e-06, 2.40831423071e-06, 7.84598285009e-07, 6.43708119696e-07, 7.25824918391e-07, 1.30033924961e-07, 2.03376600894e-07, 3.15308255949e-07, 8.28533117669e-08, 1.17291740764e-07, 1.01064507874e-08, 2.56702072932e-08, 9.96916060814e-09, 6.93320600931e-09, 4.44569980829e-09, 4.0889758246e-09, 2.02646965874e-09, 1.82741088928e-09, 1.95677074544e-09, 1.62971014461e-09, 4.96439611641e-10, 2.57962567973e-10, 9.48168488168e-11, 1.41539488463e-10, 9.16554679375e-11, 3.89750350049e-11, 1.79822698398e-10, 5.8114429935e-11, 5.98015456599e-11, 7.10734804343e-11, 3.72897129841e-11, 2.74649070847e-11, 2.15841285817e-11, 1.44663543297e-11, 1.45127772647e-11, 1.31141642684e-11, 7.82642527175e-12, 8.16895943251e-12], "median": [0.00102228741162, 0.00131381826941, 0.000819167762529, 0.000453260086942, 0.000439021387137, 0.000305631227093, 0.000358236778993, 0.000141956334119, 0.000108172389446, 7.02034012647e-05, 7.7552467701e-05, 7.02128600096e-05, 3.49155816366e-05, 3.71620626538e-05, 3.37588426191e-05, 3.4660428355e-05, 2.8480311812e-05, 2.6146077289e-05, 2.04135685635e-05, 1.40425017889e-05, 1.46371858136e-05, 1.14472186397e-05, 7.36214951758e-06, 6.732856491e-06, 5.02415741721e-06, 5.71619602852e-06, 4.43689259555e-06, 3.01049749396e-06, 3.42327848557e-06, 3.04956756736e-06, 1.78830782716e-06, 1.57539875545e-06, 1.33600747176e-06, 1.20471850096e-06, 1.214602662e-06, 1.44049158735e-06, 1.78853747457e-06, 1.66098880072e-06, 1.38683935802e-06, 1.29898080559e-06], "min": [7.0727596377e-24, 8.12832494865e-24, 9.77020481651e-24, 1.05770194071e-23, 6.36093809962e-24, 1.13416283615e-23, 1.5119962864e-23, 2.33594099152e-24, 4.90327066376e-24, 7.19946332085e-24, 5.19637272196e-24, 5.03347294503e-24, 2.35192978212e-23, 1.12424795897e-23, 3.36926989127e-24, 2.70008174917e-24, 3.85910912606e-24, 6.21990041939e-24, 1.05978216691e-23, 1.33462138518e-23, 1.64372895783e-23, 1.04460077545e-23, 1.15316838862e-23, 1.06334016626e-23, 1.15038560289e-23, 1.09376235041e-23, 9.97442118335e-24, 1.08645347523e-23, 1.04450587548e-23, 1.12425182439e-23, 1.41867546126e-23, 1.10920248825e-23, 1.27966602131e-23, 8.70693233452e-24, 1.02102984826e-23, 8.7182445999e-24, 9.21640237294e-24, 6.94977070055e-24, 1.02996511796e-23, 1.01790643239e-23], "dvar": [5.18817614648e-06, 3.99230248149e-06, 1.04738251139e-06, 1.83534621101e-06, 4.20276592195e-07, 2.34353123574e-07, 2.66677204763e-07, 6.52876011031e-08, 7.41462571341e-08, 9.78092344894e-08, 3.39923893478e-08, 5.31470654153e-08, 4.64507410314e-09, 1.30523325481e-08, 4.51169546167e-09, 3.39244921044e-09, 2.13991802056e-09, 2.18412177233e-09, 8.47059811182e-10, 9.56435819432e-10, 8.85137796391e-10, 6.69010347121e-10, 2.02172639741e-10, 1.01250702267e-10, 3.29723123804e-11, 4.83268702833e-11, 3.15399685535e-11, 1.32311592238e-11, 6.2410944468e-11, 1.97539883756e-11, 2.46170722695e-11, 2.40685093383e-11, 1.22777630077e-11, 8.69439329559e-12, 5.62986376268e-12, 3.83273057389e-12, 7.57544634661e-12, 5.57081160715e-12, 2.27536132297e-12, 2.40328286785e-12], "mean": [0.00201098877005, 0.00233226362616, 0.00115766644012, 0.00100466317963, 0.000719646806829, 0.00057398492936, 0.000633167568594, 0.00024923714227, 0.000243155518547, 0.000184091026313, 0.00015597937454, 0.00016544025857, 6.28279231023e-05, 8.19453489385e-05, 5.9828387748e-05, 5.54913167434e-05, 4.88541809318e-05, 4.52259882877e-05, 3.37533165293e-05, 3.07596747007e-05, 3.12126212521e-05, 2.82211676677e-05, 1.61532352649e-05, 1.26511095004e-05, 8.4450457507e-06, 9.33871615416e-06, 7.29410930944e-06, 4.93507059218e-06, 7.20164825907e-06, 5.5184982557e-06, 4.29572128269e-06, 4.51291589343e-06, 3.5385985484e-06, 3.32634863298e-06, 3.04329091705e-06, 2.75628985946e-06, 3.12663769364e-06, 2.94818914881e-06, 2.27886266657e-06, 2.21100140152e-06]}, "spectral_centroid": {"max": 10633.1279297, "dmean": 242.879669189, "dvar2": 256346.359375, "dmean2": 376.06854248, "var": 485293.0625, "median": 1104.75561523, "min": 64.0838012695, "dvar": 115256.320312, "mean": 1239.29370117}, "pitch_salience": {"max": 0.971241652966, "dmean": 0.0753244906664, "dvar2": 0.0137767484412, "dmean2": 0.123979918659, "var": 0.0125138796866, "median": 0.587841331959, "min": 0.00665106531233, "dvar": 0.00531999627128, "mean": 0.580924153328}, "gfcc": {"icov": [[0.000105959392386, -0.000159159739269, 0.000121371544083, -0.000196132110432, 0.000197028013645, -0.000251462130109, 0.000193964049686, -0.00020517341909, 6.31072107353e-05, -0.000126187718706, 0.000464520620881, -0.000615987577476, 0.000517225533258], [-0.000159159739269, 0.00122425227892, 6.74673938192e-05, 0.000219634239329, -0.0010683236178, 0.00070499785943, -0.000291251955787, 0.000854185956996, -9.00270606508e-05, 0.000749986618757, -0.00184841733426, 0.00290253199637, -0.00205347687006], [0.000121371544083, 6.74673938192e-05, 0.00200666021556, -0.000563597655855, -0.000213208477362, -0.0013553580502, 0.000171142732142, 3.22804517054e-05, 0.000346660846844, -0.00028226597351, 0.00073908950435, -0.00129849929363, 0.00172121077776], [-0.000196132110432, 0.000219634239329, -0.000563597655855, 0.00241951597854, -0.00105202384293, 0.000412269204389, -0.000982902594842, -0.000407634972362, 0.000662586477119, -0.00139239360578, 0.000697347684763, 0.00122758036014, -0.000698955904227], [0.000197028013645, -0.0010683236178, -0.000213208477362, -0.00105202384293, 0.00498447753489, -0.000664875260554, -0.000543523055967, -0.00130689574871, -0.000962076999713, 0.000254853366641, 0.000549805350602, -0.00158992572688, 0.0014137577964], [-0.000251462130109, 0.00070499785943, -0.0013553580502, 0.000412269204389, -0.000664875260554, 0.0059376093559, -0.00137527892366, -0.001689363271, 0.00104956293944, -8.27198618936e-06, -0.00292650400661, 0.00216383859515, -0.00233271787874], [0.000193964049686, -0.000291251955787, 0.000171142732142, -0.000982902594842, -0.000543523055967, -0.00137527892366, 0.00629331776872, -0.00107788620517, -0.000304451066768, -0.00185112608597, 0.00146195513662, -0.00143747241236, -0.000860117201228], [-0.00020517341909, 0.000854185956996, 3.22804517054e-05, -0.000407634972362, -0.00130689574871, -0.001689363271, -0.00107788620517, 0.0100602051243, -0.00284753134474, 0.000178060596227, -0.00108771771193, 0.00118158606347, -0.000671851506922], [6.31072107353e-05, -9.00270606508e-05, 0.000346660846844, 0.000662586477119, -0.000962076999713, 0.00104956293944, -0.000304451066768, -0.00284753134474, 0.0115820290521, -0.00312134483829, -0.00173257058486, 0.000976654351689, -0.000939070887398], [-0.000126187718706, 0.000749986618757, -0.00028226597351, -0.00139239360578, 0.000254853366641, -8.27198618936e-06, -0.00185112608597, 0.000178060596227, -0.00312134483829, 0.0129984905943, -0.0032702377066, -0.00131311267614, 3.37486053468e-05], [0.000464520620881, -0.00184841733426, 0.00073908950435, 0.000697347684763, 0.000549805350602, -0.00292650400661, 0.00146195513662, -0.00108771771193, -0.00173257058486, -0.0032702377066, 0.0146864494309, -0.00635319342837, 0.00126503058709], [-0.000615987577476, 0.00290253199637, -0.00129849929363, 0.00122758036014, -0.00158992572688, 0.00216383859515, -0.00143747241236, 0.00118158606347, 0.000976654351689, -0.00131311267614, -0.00635319342837, 0.0246915705502, -0.0094477282837], [0.000517225533258, -0.00205347687006, 0.00172121077776, -0.000698955904227, 0.0014137577964, -0.00233271787874, -0.000860117201228, -0.000671851506922, -0.000939070887398, 3.37486053468e-05, 0.00126503058709, -0.0094477282837, 0.0233477447182]], "cov": [[18683.4941406, -155.903182983, 200.358718872, 1664.52575684, -130.56262207, 491.454650879, -6.13763904572, 379.538848877, -208.240707397, 220.436569214, -457.597320557, 149.436630249, -248.277099609], [-155.903182983, 2265.90600586, -592.823181152, -311.088317871, 227.681015015, -256.626037598, -91.8923797607, -165.276611328, 58.2737998962, -157.515655518, 159.391296387, -172.399917603, 113.740081787], [200.358718872, -592.823181152, 922.938781738, 387.761291504, 97.0573654175, 272.967407227, 134.618835449, 113.017875671, -31.3419399261, 99.5838088989, -50.6208229065, 60.1197090149, -57.7368583679], [1664.52575684, -311.088317871, 387.761291504, 915.795837402, 181.605636597, 180.380874634, 211.750488281, 151.125396729, -14.34806633, 141.54447937, -91.5583114624, 26.4853630066, -31.3336772919], [-130.56262207, 227.681015015, 97.0573654175, 181.605636597, 333.341461182, 66.8072967529, 100.648887634, 65.7688598633, 42.4737091064, 29.5789146423, 23.2598152161, -5.33188915253, 11.537317276], [491.454650879, -256.626037598, 272.967407227, 180.380874634, 66.8072967529, 333.645080566, 114.572845459, 112.747283936, 1.30008077621, 67.2492446899, 20.2017421722, 33.2085723877, 0.872133791447], [-6.13763904572, -91.8923797607, 134.618835449, 211.750488281, 100.648887634, 114.572845459, 262.839691162, 80.8736724854, 27.1138496399, 74.0203933716, -0.622632026672, 24.1339969635, 16.6147251129], [379.538848877, -165.276611328, 113.017875671, 151.125396729, 65.7688598633, 112.747283936, 80.8736724854, 170.362091064, 36.353717804, 51.3368530273, 3.22887444496, 19.3930664062, -2.52740812302], [-208.240707397, 58.2737998962, -31.3419399261, -14.34806633, 42.4737091064, 1.30008077621, 27.1138496399, 36.353717804, 117.732223511, 32.1068000793, 35.1080932617, 1.09337508678, 14.4515771866], [220.436569214, -157.515655518, 99.5838088989, 141.54447937, 29.5789146423, 67.2492446899, 74.0203933716, 51.3368530273, 32.1068000793, 129.406143188, 15.6112318039, 29.5136642456, -0.507835745811], [-457.597320557, 159.391296387, -50.6208229065, -91.5583114624, 23.2598152161, 20.2017421722, -0.622632026672, 3.22887444496, 35.1080932617, 15.6112318039, 123.718971252, 12.302312851, 25.4910697937], [149.436630249, -172.399917603, 60.1197090149, 26.4853630066, -5.33188915253, 33.2085723877, 24.1339969635, 19.3930664062, 1.09337508678, 29.5136642456, 12.302312851, 72.7487411499, 11.7480955124], [-248.277099609, 113.740081787, -57.7368583679, -31.3336772919, 11.537317276, 0.872133791447, 16.6147251129, -2.52740812302, 14.4515771866, -0.507835745811, 25.4910697937, 11.7480955124, 65.5354232788]], "mean": [13.6702451706, 71.5061950684, -95.2505874634, 10.3185558319, -55.4039077759, 14.0259275436, -47.0919036865, 10.6647109985, -26.6746196747, 8.19149684906, -16.9289016724, 3.94966125488, -11.2156600952]}, "spectral_flux": {"max": 0.308545142412, "dmean": 0.0232173074037, "dvar2": 0.00160672701895, "dmean2": 0.0370375066996, "var": 0.00209222105332, "median": 0.0867831334472, "min": 1.02688378634e-10, "dvar": 0.000721180287655, "mean": 0.0882788076997}, "zerocrossingrate": {"max": 0.6796875, "dmean": 0.0164811443537, "dvar2": 0.000541897141375, "dmean2": 0.0194105915725, "var": 0.00587732763961, "median": 0.0654296875, "min": 0.00244140625, "dvar": 0.000451924599474, "mean": 0.0843291506171}, "spectral_energyband_middle_low": {"max": 0.120495058596, "dmean": 0.00572510343045, "dvar2": 0.000144575387822, "dmean2": 0.00918500591069, "var": 0.00015755147615, "median": 0.0127929458395, "min": 2.42859197909e-22, "dvar": 5.86773639952e-05, "mean": 0.0154617382213}, "silence_rate_20dB": {"max": 1, "dmean": 0, "dvar2": 0, "dmean2": 0, "var": 0, "median": 1, "min": 1, "dvar": 0, "mean": 1}, "silence_rate_30dB": {"max": 1, "dmean": 0.00234576594085, "dvar2": 0.00654742959887, "dmean2": 0.00469189882278, "var": 0.00148312980309, "median": 1, "min": 0, "dvar": 0.00234045996331, "mean": 0.998514473438}, "spectral_entropy": {"max": 9.79715061188, "dmean": 0.182124465704, "dvar2": 0.108657047153, "dmean2": 0.264898180962, "var": 0.36759981513, "median": 7.85021686554, "min": 3.2616276741, "dvar": 0.0558676049113, "mean": 7.6827287674}, "spectral_rolloff": {"max": 18927.6855469, "dmean": 768.493652344, "dvar2": 6125171.5, "dmean2": 1296.00524902, "var": 7146495, "median": 1076.66015625, "min": 64.599609375, "dvar": 2652409, "mean": 1874.97875977}, "spectral_complexity": {"max": 51, "dmean": 3.17116260529, "dvar2": 23.0736579895, "dmean2": 5.05426979065, "var": 136.227508545, "median": 21, "min": 0, "dvar": 9.42576694489, "mean": 21.6119632721}, "spectral_spread": {"max": 40734468, "dme