{"tonal": {"hpcp": {"dvar": [0.0643193796277, 0.0644388720393, 0.0547100305557, 0.0254729744047, 0.0246101282537, 0.018987191841, 0.0149492956698, 0.00576054956764, 0.0129909925163, 0.0301468800753, 0.0356952510774, 0.0204807408154, 0.0282277595252, 0.0298831388354, 0.020954741165, 0.0139878699556, 0.0098854759708, 0.0100994994864, 0.00870830565691, 0.00779908290133, 0.0127304466441, 0.0227763336152, 0.0277197100222, 0.04337900877, 0.0602596662939, 0.015848794952, 0.0040916800499, 0.00400188658386, 0.0105411773548, 0.0157572235912, 0.0205510277301, 0.0345091149211, 0.060049854219, 0.0835567712784, 0.0768894776702, 0.0723374262452], "var": [0.103131555021, 0.0718731284142, 0.0422133877873, 0.0169018041342, 0.013605043292, 0.0109669202939, 0.0088677816093, 0.00457154074684, 0.011841090396, 0.0326101072133, 0.036893915385, 0.024195259437, 0.032958637923, 0.0366560854018, 0.0164910200983, 0.011471205391, 0.0130324326456, 0.0105858677998, 0.00652653677389, 0.00503747723997, 0.00849264487624, 0.0172498598695, 0.032430421561, 0.076805062592, 0.080109782517, 0.014974815771, 0.00277509423904, 0.00264172931202, 0.0075427046977, 0.0184033997357, 0.0209337174892, 0.0222225356847, 0.0445753894746, 0.0832960605621, 0.115602307022, 0.103608258069], "median": [0.604140996933, 0.130688816309, 0.00466426741332, 0.00305035011843, 0.00222526118159, 0.00311832991429, 0.00405375193805, 0.0082839615643, 0.048263952136, 0.0936690866947, 0.079472206533, 0.0410634316504, 0.0276167839766, 0.0168186146766, 0.0101434327662, 0.00890152994543, 0.00952820293605, 0.0057015074417, 0.00355359609239, 0.00687679741532, 0.0280115604401, 0.0458641648293, 0.0981688052416, 0.219965040684, 0.170478135347, 0.0363524854183, 0.00445194588974, 0.00508831813931, 0.0245479103178, 0.0878746584058, 0.085043400526, 0.0240931361914, 0.0103487297893, 0.0574323683977, 0.319666743279, 0.751656591892], "max": [1, 1, 1, 1, 1, 1, 1, 0.737856626511, 0.730713427067, 1, 1, 1, 1, 1, 1, 1, 1, 1, 1, 0.988450586796, 1, 1, 1, 1, 1, 0.898812055588, 0.584798634052, 0.47055926919, 0.879518270493, 1, 1, 1, 1, 1, 1, 1], "dmean": [0.332401305437, 0.236063361168, 0.12914685905, 0.0640774071217, 0.0463627390563, 0.0424859896302, 0.0354382283986, 0.0366408526897, 0.0911799147725, 0.148238360882, 0.148719578981, 0.103300504386, 0.105293057859, 0.108485773206, 0.0757164955139, 0.0480906702578, 0.0371173359454, 0.0365057066083, 0.0351572930813, 0.0403008125722, 0.0670239776373, 0.104424245656, 0.134124472737, 0.216301172972, 0.231008589268, 0.0915881171823, 0.0296430606395, 0.0281886979938, 0.0619346685708, 0.10603954643, 0.107661269605, 0.103147268295, 0.151846215129, 0.260351717472, 0.328535586596, 0.321512013674], "dmean2": [0.573404371738, 0.418618828058, 0.242658138275, 0.120747089386, 0.0885735601187, 0.0799338817596, 0.0668230503798, 0.066427834332, 0.162934273481, 0.257335305214, 0.263382524252, 0.179284870625, 0.186748370528, 0.191624760628, 0.134976372123, 0.086690813303, 0.0650212243199, 0.0660616457462, 0.064622849226, 0.0751846432686, 0.12478403002, 0.192213028669, 0.231769368052, 0.354214847088, 0.393823087215, 0.16126319766, 0.0555131733418, 0.0522077940404, 0.112585246563, 0.179598867893, 0.182574540377, 0.192421942949, 0.283343553543, 0.477178037167, 0.576205611229, 0.570236265659], "mean": [0.591432392597, 0.240942507982, 0.0882311612368, 0.0412821508944, 0.0283565074205, 0.0264959447086, 0.023365309462, 0.0289504025131, 0.0848736017942, 0.155708372593, 0.147110670805, 0.101290516555, 0.106801398098, 0.103882305324, 0.0588901862502, 0.037624143064, 0.0386352278292, 0.0330097004771, 0.0257218442857, 0.0289900172502, 0.058944363147, 0.0900768265128, 0.161030352116, 0.322490990162, 0.281187921762, 0.0832063183188, 0.0211188793182, 0.0211825072765, 0.053017962724, 0.131722658873, 0.131257668138, 0.0752362534404, 0.0995237007737, 0.204781934619, 0.408649504185, 0.681275010109], "dvar2": [0.161977797747, 0.172485366464, 0.149544298649, 0.0723421946168, 0.0722813308239, 0.0550933480263, 0.0438360758126, 0.0169559009373, 0.0357075445354, 0.0848914682865, 0.0974949151278, 0.0542725622654, 0.078635647893, 0.0797972232103, 0.0591291114688, 0.0369224883616, 0.0241805426776, 0.0278737209737, 0.0245020873845, 0.0226642061025, 0.0380712598562, 0.0703239440918, 0.077523894608, 0.103749185801, 0.144133418798, 0.0401281043887, 0.0112298782915, 0.0117594394833, 0.031461507082, 0.0438633263111, 0.0563220195472, 0.0958997383714, 0.158039823174, 0.211707338691, 0.208680331707, 0.17605561018], "min": [0, 0, 0, 0, 0, 0, 0, 0, 0, 0, 0, 0, 0, 0, 0, 0, 0, 0, 0, 0, 0, 0, 0, 0, 0, 0, 0, 0, 0, 0, 0, 0, 0, 0, 0, 0]}, "key_key": "C#", "thpcp": [1, 0.868125796318, 0.35366410017, 0.129508882761, 0.0605954267085, 0.0416227020323, 0.0388917028904, 0.0342964418232, 0.0424944423139, 0.124580532312, 0.228554353118, 0.215934336185, 0.148677870631, 0.156766936183, 0.152482196689, 0.0864411368966, 0.055226072669, 0.0567101798952, 0.0484528280795, 0.0377554483712, 0.0425525903702, 0.0865206569433, 0.132218003273, 0.236366152763, 0.473363906145, 0.412737756968, 0.122133232653, 0.030999051407, 0.0310924462974, 0.0778216719627, 0.193347260356, 0.192664727569, 0.110434480011, 0.146084472537, 0.300586313009, 0.599830448627], "chords_key": "E", "tuning_equal_tempered_deviation": 0.178800478578, "tuning_frequency": 434.193115234, "tuning_diatonic_strength": 0.53635931015, "chords_histogram": [18.8022289276, 25.7660160065, 0, 0, 0, 0, 0, 0, 0, 1.67130923271, 0, 0, 0, 0, 3.89972138405, 24.3732585907, 19.359331131, 0, 0, 0, 0, 0, 0, 6.1281337738], "key_strength": 0.650633335114, "key_scale": "minor", "chords_strength": {"dvar": 1.55178622663e-05, "var": 0.000940465251915, "median": 0.603541851044, "max": 0.689306080341, "dmean": 0.00524895312265, "dmean2": 0.00701950397342, "mean": 0.603819429874, "dvar2": 2.7576701541e-05, "min": 0.545073926449}, "chords_number_rate": 0.00974930357188, "tuning_nontempered_energy_ratio": 0.834238946438, "hpcp_entropy": {"dvar": 0.287558168173, "var": 0.405505120754, "median": 2.39849567413, "max": 3.84516429901, "dmean": 0.634003639221, "dmean2": 1.07326626778, "mean": 2.33043050766, "dvar2": 0.808913826942, "min": 0}, "chords_changes_rate": 0.11281336844, "chords_scale": "major"}, "rhythm": {"bpm_histogram_first_peak_spread": {"dvar": 0, "var": 0, "median": 0.326923072338, "max": 0.326923072338, "dmean": 0, "dmean2": 0, "mean": 0.326923072338, "dvar2": 0, "min": 0.326923072338}, "bpm_histogram_first_peak_weight": {"dvar": 0, "var": 0, "median": 0.507246375084, "max": 0.507246375084, "dmean": 0, "dmean2": 0, "mean": 0.507246375084, "dvar2": 0, "min": 0.507246375084}, "bpm_histogram_first_peak_bpm": {"dvar": 0, "var": 0, "median": 129, "max": 129, "dmean": 0, "dmean2": 0, "mean": 129, "dvar2": 0, "min": 129}, "bpm": 128.169036865, "bpm_histogram_second_peak_weight": {"dvar": 0, "var": 0, "median": 0.0869565233588, "max": 0.0869565233588, "dmean": 0, "dmean2": 0, "mean": 0.0869565233588, "dvar2": 0, "min": 0.0869565233588}, "beats_loudness": {"dvar": 0.000682381796651, "var": 0.00212866486982, "median": 0.0615327507257, "max": 0.164985582232, "dmean": 0.025170776993, "dmean2": 0.0463380478323, "mean": 0.0676562413573, "dvar2": 0.00185672368389, "min": 5.93186223341e-06}, "beats_loudness_band_ratio": {"dvar": [0.0134094422683, 0.0113341286778, 0.00492178555578, 0.000128454732476, 0.000187842990272, 0.00243221060373], "var": [0.023708537221, 0.0160043425858, 0.00553937442601, 0.00018054060638, 0.000139429816045, 0.00300395372324], "median": [0.513481616974, 0.245238929987, 0.0737252905965, 0.0231316853315, 0.0103592881933, 0.100614830852], "max": [0.80499881506, 0.604103207588, 0.348265171051, 0.0825839191675, 0.0763269513845, 0.294213354588], "dmean": [0.159306451678, 0.12683686614, 0.066652148962, 0.010898059234, 0.00994915235788, 0.0539858192205], "dmean2": [0.268959075212, 0.21238052845, 0.115437082946, 0.0186859536916, 0.018302757293, 0.0968609452248], "mean": [0.502331972122, 0.264314234257, 0.0996107235551, 0.026774128899, 0.0130508588627, 0.113509438932], "dvar2": [0.0420811325312, 0.0358419269323, 0.0113965338096, 0.000331755087245, 0.000561642635148, 0.00597211439162], "min": [0.182120859623, 0.0660920441151, 0.0199884083122, 0.00417932681739, 0.0014751420822, 0.0144750373438]}, "bpm_histogram_second_peak_bpm": {"dvar": 0, "var": 0, "median": 120, "max": 120, "dmean": 0, "dmean2": 0, "mean": 120, "dvar2": 0, "min": 120}, "onset_rate": 1.71124792099, "beats_count": 70, "beats_position": [0.49922901392, 0.99845802784, 1.49768710136, 1.99691605568, 2.49614500999, 2.99537420273, 3.49460315704, 3.98222208023, 4.45823097229, 4.93424034119, 5.41024923325, 5.87464857101, 6.33904743195, 6.81505680084, 7.2910656929, 7.75546455383, 8.2198638916, 8.68426322937, 9.14866161346, 9.61306095123, 10.077460289, 10.5418596268, 11.017868042, 11.4938774109, 11.9582767487, 12.4226751328, 12.8870744705, 13.3514738083, 13.8158731461, 14.2802715302, 14.7446708679, 15.2090702057, 15.6850786209, 16.1610889435, 16.6254863739, 17.0898857117, 17.5542850494, 18.0302944183, 18.4946937561, 18.9590930939, 19.4351024628, 19.8994998932, 20.363899231, 20.8282985687, 21.2926979065, 21.7570972443, 22.2331066132, 22.7091159821, 23.1735134125, 23.6495227814, 24.1255321503, 24.589931488, 25.0775508881, 25.5419502258, 26.0063495636, 26.470746994, 26.9351463318, 27.3995456696, 27.8639450073, 28.3399543762, 28.8275737762, 29.3035831451, 29.7215423584, 30.1394996643, 30.5690689087, 30.9986381531, 31.4165973663, 31.8461666107, 32.2757377625, 32.7053070068], "danceability": 0.807143867016, "bpm_histogram_second_peak_spread": {"dvar": 0, "var": 0, "median": 0.333333313465, "max": 0.333333313465, "dmean": 0, "dmean2": 0, "mean": 0.333333313465, "dvar2": 0, "min": 0.333333313465}}, "lowlevel": {"spectral_flux": {"dvar": 0.000512134924065, "var": 0.00330858887173, "median": 0.109470501542, "max": 0.292967021465, "dmean": 0.0219414811581, "dmean2": 0.0352405197918, "mean": 0.106583654881, "dvar2": 0.00125437532552, "min": 6.87110437991e-11}, "spectral_rolloff": {"dvar": 48930152, "var": 42477980, "median": 581.396484375, "max": 21963.8671875, "dmean": 3336.17016602, "dmean2": 6456.2734375, "mean": 3173.8659668, "dvar2": 125383792, "min": 86.1328125}, "barkbands_flatness_db": {"dvar": 0.000652142916806, "var": 0.00127299176529, "median": 0.200525075197, "max": 0.350551784039, "dmean": 0.0329291708767, "dmean2": 0.0564862713218, "mean": 0.200981497765, "dvar2": 0.0018836162053, "min": 0.0656299591064}, "spectral_centroid": {"dvar": 92259.1875, "var": 214761.296875, "median": 447.978942871, "max": 11641.1640625, "dmean": 69.9375762939, "dmean2": 117.152336121, "mean": 484.095733643, "dvar2": 184760.703125, "min": 221.461395264}, "melbands_skewness": {"dvar": 0.224804356694, "var": 0.820117533207, "median": 2.07013630867, "max": 10.8128118515, "dmean": 0.517012357712, "dmean2": 0.832281708717, "mean": 2.21962809563, "dvar2": 0.57487988472, "min": -0.0578057765961}, "melbands": {"dvar": [1.90567061509e-05, 7.05219736119e-06, 3.29610134031e-06, 6.50813092307e-07, 6.87970384661e-07, 1.42700923789e-06, 4.62005772306e-07, 9.35047150818e-09, 8.7905354107e-09, 5.61605428828e-09, 2.37634467659e-09, 7.86186504786e-10, 2.17600581998e-09, 8.20994161543e-10, 1.84852610996e-09, 1.21147269994e-09, 1.7686550835e-10, 2.36224573236e-09, 5.62093011025e-11, 1.01167980243e-11, 4.17361501262e-12, 3.2446849027e-12, 1.89405674304e-12, 1.36647084707e-12, 9.60705039826e-13, 4.21226286273e-13, 2.50615608995e-13, 1.52022966156e-13, 2.00188945824e-13, 8.06957446827e-14, 4.32286957695e-14, 2.83332402272e-14, 1.99652238644e-14, 1.45883908523e-14, 1.11263732263e-14, 8.5750710257e-15, 6.52304307845e-15, 5.02051632079e-15, 3.87588893543e-15, 3.07013973875e-15], "var": [4.70477207273e-05, 1.95359098143e-05, 5.41922372577e-06, 9.77054355644e-07, 1.34275410346e-06, 3.50972050001e-06, 1.79411051704e-06, 1.83754398364e-08, 1.93079774391e-08, 1.04821795688e-08, 4.82131934376e-09, 1.30352417749e-09, 5.19847365155e-09, 2.22394680449e-09, 6.48731335318e-09, 4.08265554697e-09, 3.43241823852e-10, 4.97599295102e-09, 1.6842620354e-10, 2.40522931433e-11, 6.64825442961e-12, 3.90036353909e-12, 2.21328684546e-12, 1.73065663363e-12, 1.20496516411e-12, 5.35275003575e-13, 3.41466275828e-13, 2.28451291088e-13, 3.13686088823e-13, 1.19121292691e-13, 5.37150178666e-14, 3.26266859124e-14, 2.10497224984e-14, 1.50624548641e-14, 1.12093240099e-14, 8.46900301895e-15, 6.48802292476e-15, 5.03797959906e-15, 3.89515851146e-15, 3.09353288293e-15], "median": [0.00399960856885, 0.00233378261328, 0.00131145853084, 0.000805354909971, 0.000997361261398, 0.00143120472785, 0.00108623725828, 0.000122253681184, 5.73670331505e-05, 5.33966485818e-05, 3.55339616362e-05, 2.0512025003e-05, 2.80493786704e-05, 2.71339322353e-05, 6.14432792645e-05, 4.96094980917e-05, 1.53504770424e-05, 4.48706705356e-05, 1.07078994915e-05, 3.53510040441e-06, 1.5491987142e-06, 8.62660954226e-07, 5.59900684038e-07, 4.00765600261e-07, 3.75140331244e-07, 2.64992536358e-07, 2.18850686906e-07, 1.85368278949e-07, 1.66930576029e-07, 1.08397074428e-07, 7.68326344769e-08, 5.29846637676e-08, 3.58199088168e-08, 2.61243169319e-08, 1.91771611924e-08, 1.63788591578e-08, 1.46792205058e-08, 1.34554296594e-08, 1.24778187782e-08, 1.06271267342e-08], "max": [0.0449255369604, 0.036592848599, 0.0151165900752, 0.00835767574608, 0.00657791830599, 0.0118677644059, 0.00857702083886, 0.00138046231586, 0.00167277292348, 0.00126284186263, 0.00060666986974, 0.000375167903258, 0.000497049826663, 0.000327222922351, 0.000531517085619, 0.000400348071707, 0.000140524294693, 0.000720939133316, 0.000104142360215, 3.62418941222e-05, 2.18360637518e-05, 2.15025211219e-05, 1.79541530088e-05, 1.05369645098e-05, 9.55266841629e-06, 7.1787262641e-06, 5.19215836903e-06, 4.08005098507e-06, 5.7704178289e-06, 2.82706446342e-06, 2.18055970436e-06, 1.80914378234e-06, 1.62527851444e-06, 1.40869349252e-06, 1.23114682538e-06, 1.0998990092e-06, 9.46417628711e-07, 8.22549509394e-07, 7.04776766725e-07, 6.37464950159e-07], "dmean": [0.00313634914346, 0.00190048804507, 0.00138944294304, 0.000647008884698, 0.000755845336244, 0.000903546053451, 0.000563966808841, 7.44129210943e-05, 5.96003119426e-05, 5.11832186021e-05, 3.36746379617e-05, 1.89095972019e-05, 3.12852826028e-05, 2.1009669581e-05, 3.58022953151e-05, 2.71429889835e-05, 1.06030420284e-05, 3.54184921889e-05, 6.0717497945e-06, 2.5020206067e-06, 1.46269417201e-06, 1.11883571208e-06, 8.27508756629e-07, 7.18070964467e-07, 5.98107078531e-07, 4.20914489041e-07, 3.32829472427e-07, 2.66444601493e-07, 2.82414163166e-07, 1.98273298224e-07, 1.41726516745e-07, 1.1471931316e-07, 9.48880085616e-08, 7.99369814786e-08, 6.91536001796e-08, 6.00785554639e-08, 5.29344319489e-08, 4.6817998367e-08, 4.11327789607e-08, 3.66951553588e-08], "dmean2": [0.00532613135874, 0.00326792546548, 0.00244177901186, 0.00111466168892, 0.00126445759088, 0.00144350435585, 0.000788695469964, 0.000126910104882, 9.9792421679e-05, 8.48808995215e-05, 5.69228832319e-05, 3.26507069985e-05, 5.36826410098e-05, 3.67182619812e-05, 5.53617355763e-05, 4.162451296e-05, 1.76663652383e-05, 5.6537995988e-05, 9.77788113232e-06, 4.18657100454e-06, 2.44078682954e-06, 1.88693263681e-06, 1.39009182476e-06, 1.1989691302e-06, 9.95400796455e-07, 7.05410343471e-07, 5.58537863071e-07, 4.48807583098e-07, 4.62366244847e-07, 3.30301418217e-07, 2.42853758436e-07, 1.98323832024e-07, 1.65344005154e-07, 1.39888442163e-07, 1.21025991007e-07, 1.05660795668e-07, 9.30690831069e-08, 8.21802217388e-08, 7.20840205304e-08, 6.41889599251e-08], "mean": [0.0062756515108, 0.0037172655575, 0.00209583342075, 0.00102125154808, 0.00126256269868, 0.00192742608488, 0.0014245940838, 0.00015026483743, 9.79465985438e-05, 8.53068049764e-05, 5.79812040087e-05, 3.10884752253e-05, 5.69145449845e-05, 4.41754491476e-05, 8.15263847471e-05, 6.48816931061e-05, 1.99104324565e-05, 6.3706531364e-05, 1.36024482345e-05, 4.89366584588e-06, 2.36697837863e-06, 1.50980883973e-06, 1.06284005597e-06, 8.81266998931e-07, 7.73057593051e-07, 5.33645049927e-07, 4.35202991866e-07, 3.62556505706e-07, 3.78804941192e-07, 2.4691482281e-07, 1.68130867451e-07, 1.23950840702e-07, 9.34255268703e-08, 7.54182281071e-08, 6.29013712228e-08, 5.3856094695e-08, 4.74463028866e-08, 4.24600514748e-08, 3.76853321882e-08, 3.33259855267e-08], "dvar2": [5.77026112296e-05, 1.95882439584e-05, 9.5713439805e-06, 1.7941221131e-06, 1.80970221209e-06, 3.168375315e-06, 8.78735818333e-07, 2.69003290754e-08, 2.45313245273e-08, 1.47562300157e-08, 6.47453912705e-09, 2.12230677477e-09, 6.18782758366e-09, 2.38582131828e-09, 4.36291047734e-09, 2.9621243236e-09, 4.48363540739e-10, 5.64119684299e-09, 1.37259065225e-10, 2.68874957021e-11, 1.10923163016e-11, 8.58159810574e-12, 4.93879590002e-12, 3.36854567677e-12, 2.43344558913e-12, 1.07580003933e-12, 6.40509021689e-13, 4.0392466932e-13, 4.8232739417e-13, 2.10894629126e-13, 1.18417347325e-13, 7.79405972271e-14, 5.58574081357e-14, 4.05907370161e-14, 3.11726115569e-14, 2.40008005332e-14, 1.82731891548e-14, 1.40859258258e-14, 1.09065173546e-14, 8.65240936895e-15], "min": [5.35831482175e-24, 4.42827700235e-24, 2.1843459858e-24, 8.16172453051e-24, 4.74181016356e-24, 4.22674710132e-24, 6.3379203217e-24, 1.38397394336e-23, 5.34123006669e-24, 8.11902427857e-24, 6.72220010661e-24, 3.39976094298e-24, 5.23984487429e-24, 4.01217890725e-24, 1.73568584246e-23, 7.70870932277e-24, 7.08538851193e-24, 6.73120653157e-24, 1.04504845402e-23, 5.0122178768e-24, 1.29000372792e-23, 1.02689755345e-23, 1.02328867258e-23, 1.13361994207e-23, 9.624526662e-24, 1.17374913855e-23, 9.11206684075e-24, 6.04793623623e-24, 9.32767435906e-24, 9.67696145751e-24, 7.5865502673e-24, 1.38850026946e-23, 1.16009293076e-23, 7.48678223975e-24, 7.77811882724e-24, 7.73848329992e-24, 1.06429184805e-23, 7.65430316386e-24, 8.70013945326e-24, 9.29289742606e-24]}, "spectral_decrease": {"dvar": 1.88612118544e-17, "var": 9.39786165178e-17, "median": -1.12731983748e-08, "max": 3.47953285265e-28, "dmean": 3.58859297833e-09, "dmean2": 6.05206595949e-09, "mean": -1.27604007361e-08, "dvar2": 5.30941294814e-17, "min": -4.76304187202e-08}, "barkbands_kurtosis": {"dvar": 20.3455867767, "var": 47.1423301697, "median": 13.4335231781, "max": 88.9106826782, "dmean": 4.57431650162, "dmean2": 7.58283948898, "mean": 14.4225540161, "dvar2": 54.598400116, "min": -1.90838265419}, "silence_rate_30dB": {"dvar": 0.0696404054761, "var": 0.145221620798, "median": 1, "max": 1, "dmean": 0.0753138065338, "dmean2": 0.150732725859, "mean": 0.823693394661, "dvar2": 0.154529929161, "min": 0}, "gfcc": {"mean": [-55.5290222168, 139.429443359, -57.1567878723, -20.6401901245, -9.26768779755, -10.665977478, -14.6154727936, -26.9241638184, -1.15733528137, 6.37045001984, 10.1180372238, -7.85707426071, 2.50699973106], "cov": [[23655.2578125, 1314.24768066, -730.639099121, -410.339355469, 141.807601929, -419.984527588, 8.77426528931, -534.426940918, 97.4484405518, -31.2053756714, 148.29019165, -353.622924805, 115.092933655], [1314.24768066, 777.364440918, -71.3428649902, -278.628631592, 211.106491089, -146.878860474, 107.380874634, -162.329452515, 69.4266357422, 11.0342521667, 81.5054397583, -72.2365341187, 52.0268363953], [-730.639099121, -71.3428649902, 117.727737427, 52.0853309631, -46.8195114136, 91.5381774902, -23.4530239105, 54.1034049988, -22.6787090302, 4.44908618927, -8.40790081024, 10.4587011337, -15.8518447876], [-410.339355469, -278.628631592, 52.0853309631, 187.765533447, -61.1580162048, 57.6391868591, -21.7789649963, 68.3089828491, -30.7109203339, -12.4807462692, -36.7847709656, 28.8863868713, -24.4835968018], [141.807601929, 211.106491089, -46.8195114136, -61.1580162048, 174.350128174, -82.6213912964, 62.8346862793, -73.4153289795, 34.5791969299, 5.77528762817, 18.2899703979, -20.017578125, 27.6921749115], [-419.984527588, -146.878860474, 91.5381774902, 57.6391868591, -82.6213912964, 167.389801025, -40.1553688049, 70.2856674194, -25.6829586029, 6.902551651, -4.6679854393, 17.3301696777, -19.8553161621], [8.77426528931, 107.380874634, -23.4530239105, -21.7789649963, 62.8346862793, -40.1553688049, 93.2386322021, -12.1968450546, 11.7082691193, -6.55471467972, 2.49445962906, -3.99211025238, 13.2684116364], [-534.426940918, -162.329452515, 54.1034049988, 68.3089828491, -73.4153289795, 70.2856674194, -12.1968450546, 101.633598328, -1.74286675453, -1.70436120033, -25.5745296478, 16.8124256134, -21.2160892487], [97.4484405518, 69.4266357422, -22.6787090302, -30.7109203339, 34.5791969299, -25.6829586029, 11.7082691193, -1.74286675453, 58.0424461365, 21.587053299, 9.37089252472, -11.3483934402, 11.9492511749], [-31.2053756714, 11.0342521667, 4.44908618927, -12.4807462692, 5.77528762817, 6.902551651, -6.55471467972, -1.70436120033, 21.587053299, 40.4304847717, 28.2391262054, 7.14763069153, 7.87557411194], [148.29019165, 81.5054397583, -8.40790081024, -36.7847709656, 18.2899703979, -4.6679854393, 2.49445962906, -25.5745296478, 9.37089252472, 28.2391262054, 59.7527351379, 18.1249790192, 16.178445816], [-353.622924805, -72.2365341187, 10.4587011337, 28.8863868713, -20.017578125, 17.3301696777, -3.99211025238, 16.8124256134, -11.3483934402, 7.14763069153, 18.1249790192, 52.0387802124, 10.5923337936], [115.092933655, 52.0268363953, -15.8518447876, -24.4835968018, 27.6921749115, -19.8553161621, 13.2684116364, -21.2160892487, 11.9492511749, 7.87557411194, 16.178445816, 10.5923337936, 42.0217933655]], "icov": [[7.69359903643e-05, -0.000248658849159, 0.000706621678546, -0.000374892348191, 0.000244349503191, -0.000192696534214, 0.000159264280228, 2.02756727958e-05, 0.000213181177969, -9.05163251446e-05, -0.000163120697835, 0.000578992825467, -0.00027365036658], [-0.000248658849159, 0.00719645805657, -0.00729071395472, 0.00671825092286, -0.0020853462629, 0.00205541518517, -0.00429977476597, 0.00400677323341, -0.00551732443273, 0.00739510450512, -0.00717344367877, 0.00303319888189, 0.000841402506921], [0.000706621678546, -0.00729071395472, 0.0277839973569, -0.00859946012497, 0.000413862551795, -0.00949408765882, 0.00580601720139, -0.00957628898323, 0.0128333298489, -0.0111591313034, 0.00446056434885, 0.0041577690281, -0.00318832066841], [-0.000374892348191, 0.00671825092286, -0.00859946012497, 0.0159385688603, -0.00320040783845, 0.00223858188838, -0.00319313746877, 2.02900519071e-05, -0.00206305645406, 0.00423377472907, 0.000335705874022, -0.00447629299015, 0.00372897950001], [0.000244349503191, -0.0020853462629, 0.000413862551795, -0.00320040783845, 0.0146819362417, 0.000535829691216, -0.0057754307054, 0.00904768891633, -0.00583129329607, -0.000715939968359, 0.00135610951111, 0.00129993853625, -0.00188391178381], [-0.000192696534214, 0.00205541518517, -0.00949408765882, 0.00223858188838, 0.000535829691216, 0.0141848986968, 0.000839177402668, -0.00458441255614, 0.00170928589068, 0.000159486895427, -0.00403971225023, 0.000938114360906, 0.000278408057056], [0.000159264280228, -0.00429977476597, 0.00580601720139, -0.00319313746877, -0.0057754307054, 0.000839177402668, 0.019070809707, -0.00940964370966, 0.00543421693146, -0.000304811750539, 0.00182093866169, -0.00101735722274, -0.00328559940681], [2.02756727958e-05, 0.00400677323341, -0.00957628898323, 2.02900519071e-05, 0.00904768891633, -0.00458441255614, -0.00940964370966, 0.0339619629085, -0.0189890731126, 0.00548842176795, 0.00556424539536, -0.0074281450361, 0.00747371232137], [0.000213181177969, -0.00551732443273, 0.0128333298489, -0.00206305645406, -0.00583129329607, 0.00170928589068, 0.00543421693146, -0.0189890731126, 0.0422568768263, -0.0270437058061, 0.00703663146123, 0.0083078481257, -0.00851743947715], [-9.05163251446e-05, 0.00739510450512, -0.0111591313034, 0.00423377472907, -0.000715939968359, 0.000159486895427, -0.000304811750539, 0.00548842176795, -0.0270437058061, 0.0618262849748, -0.0326112173498, 0.00431883661076, 0.000333297008183], [-0.000163120697835, -0.00717344367877, 0.00446056434885, 0.000335705874022, 0.00135610951111, -0.00403971225023, 0.00182093866169, 0.00556424539536, 0.00703663146123, -0.0326112173498, 0.0505049154162, -0.0237814392895, 0.00129931990523], [0.000578992825467, 0.00303319888189, 0.0041577690281, -0.00447629299015, 0.00129993853625, 0.000938114360906, -0.00101735722274, -0.0074281450361, 0.0083078481257, 0.00431883661076, -0.0237814392895, 0.0441495999694, -0.0153679465875], [-0.00027365036658, 0.000841402506921, -0.00318832066841, 0.00372897950001, -0.00188391178381, 0.000278408057056, -0.00328559940681, 0.00747371232137, -0.00851743947715, 0.000333297008183, 0.00129931990523, -0.0153679465875, 0.0363917462528]]}, "silence_rate_20dB": {"dvar": 0, "var": 0, "median": 1, "max": 1, "dmean": 0, "dmean2": 0, "mean": 1, "dvar2": 0, "min": 1}, "barkbands_skewness": {"dvar": 0.186941921711, "var": 0.566651284695, "median": 3.17127633095, "max": 8.27565383911, "dmean": 0.479435890913, "dmean2": 0.789041280746, "mean": 3.21914291382, "dvar2": 0.491654843092, "min": -3.00952172279}, "erbbands_skewness": {"dvar": 0.072319380939, "var": 0.24399112165, "median": 0.745290637016, "max": 2.37685537338, "dmean": 0.33113348484, "dmean2": 0.511182963848, "mean": 0.732714653015, "dvar2": 0.163911268115, "min": -2.19841909409}, "spectral_contrast_valleys": {"dvar": [0.263348430395, 0.285182833672, 0.276824951172, 0.239596247673, 0.352106332779, 0.556802809238], "var": [2.70535135269, 2.89736199379, 2.77838587761, 2.76341342926, 2.56029033661, 2.48915457726], "median": [-6.14290428162, -6.17725038528, -6.95388698578, -7.44614744186, -8.43326282501, -11.0281982422], "max": [-4.79841279984, -4.83274841309, -5.82366323471, -6.44408988953, -6.44568872452, -8.91227245331], "dmean": [0.35724812746, 0.369869291782, 0.3131531775, 0.290828615427, 0.527369260788, 0.85671466589], "dmean2": [0.597945213318, 0.620323479176, 0.523560762405, 0.476450681686, 0.890765070915, 1.48237192631], "mean": [-6.55219268799, -6.6233587265, -7.42187833786, -7.92096662521, -8.75477981567, -11.3684501648], "dvar2": [0.452450335026, 0.52104562521, 0.49449890852, 0.396570831537, 0.750763833523, 1.40838110447], "min": [-27.4164505005, -27.2166137695, -27.52734375, -27.321395874, -27.3626346588, -27.2094783783]}, "spectral_strongpeak": {"dvar": 8.99774360657, "var": 4.79683876038, "median": 0.367088615894, "max": 61.9375991821, "dmean": 0.530342936516, "dmean2": 0.975687623024, "mean": 0.621128678322, "dvar2": 26.8607387543, "min": 0}, "erbbands_crest": {"dvar": 5.35546922684, "var": 13.32929039, "median": 10.4977855682, "max": 23.2775382996, "dmean": 2.70448660851, "dmean2": 4.39119958878, "mean": 10.9984312057, "dvar2": 13.0396347046, "min": 2.59585857391}, "barkbands_crest": {"dvar": 5.5235080719, "var": 11.7002344131, "median": 9.74415969849, "max": 20.8428859711, "dmean": 2.73631000519, "dmean2": 4.69235372543, "mean": 10.4519138336, "dvar2": 16.6830673218, "min": 3.95583581924}, "spectral_energyband_middle_low": {"dvar": 7.51851112e-05, "var": 0.000293344346574, "median": 0.0233676508069, "max": 0.0984160080552, "dmean": 0.00752746174112, "dmean2": 0.0120632024482, "mean": 0.0244907662272, "dvar2": 0.000191652885405, "min": 2.71062351044e-22}, "spectral_contrast_coeffs": {"dvar": [0.00177673867438, 0.00169709569309, 0.00070421397686, 0.00058235618053, 0.000448173843324, 0.000770997197833], "var": [0.00558833545074, 0.00644922954962, 0.00178258190863, 0.00199531461112, 0.0010365259368, 0.00130075379275], "median": [-0.697268188, -0.65923833847, -0.821544885635, -0.77942442894, -0.866380870342, -0.843468904495], "max": [-0.464101910591, -0.463476866484, -0.672817349434, -0.67588442564, -0.738927781582, -0.661685705185], "dmean": [0.0550268441439, 0.0508151687682, 0.0352461151779, 0.0307234805077, 0.0267076473683, 0.0254438463598], "dmean2": [0.0933355242014, 0.0837404876947, 0.0605242103338, 0.050948575139, 0.0452779345214, 0.0433239117265], "mean": [-0.699890136719, -0.666348993778, -0.819861412048, -0.783722221851, -0.870855808258, -0.835803449154], "dvar2": [0.00518333772197, 0.004532226827, 0.00211694696918, 0.00164499657694, 0.00130197487306, 0.00203810213134], "min": [-0.979155600071, -0.98334389925, -0.973228275776, -0.963108003139, -0.959978818893, -0.964089274406]}, "hfc": {"dvar": 5398.13623047, "var": 13272.7509766, "median": 117.917434692, "max": 999.959777832, "dmean": 39.3293533325, "dmean2": 62.9169311523, "mean": 135.630157471, "dvar2": 13519.7431641, "min": 1.17745970588e-16}, "spectral_energyband_high": {"dvar": 3.21527160452e-08, "var": 1.09365210221e-07, "median": 0.000236974126892, "max": 0.00234028464183, "dmean": 0.000121742406918, "dmean2": 0.000179107824806, "mean": 0.000330217473675, "dvar2": 6.02741110356e-08, "min": 7.75905269656e-21}, "erbbands_spread": {"dvar": 11.6293487549, "var": 60.0596313477, "median": 22.5833129883, "max": 98.591583252, "dmean": 3.92694783211, "dmean2": 6.10190582275, "mean": 23.1796379089, "dvar2": 25.6909866333, "min": 6.92199516296}, "dissonance": {"dvar": 0.000531938101631, "var": 0.000856613798533, "median": 0.448307484388, "max": 0.499959528446, "dmean": 0.0277909077704, "dmean2": 0.0470688231289, "mean": 0.446825504303, "dvar2": 0.00154337042477, "min": 0.32576829195}, "spectral_kurtosis": {"dvar": 247.508102417, "var": 352.420196533, "median": 31.4921264648, "max": 115.492958069, "dmean": 17.3994064331, "dmean2": 30.3536205292, "mean": 35.8701591492, "dvar2": 709.539855957, "min": -1.21337878704}, "spectral_skewness": {"dvar": 0.909470975399, "var": 1.51659452915, "median": 4.3813419342, "max": 8.32815742493, "dmean": 1.12623846531, "dmean2": 1.94715082645, "mean": 4.56010341644, "dvar2": 2.61637759209, "min": -0.0446538552642}, "pitch_salience": {"dvar": 0.0041847047396, "var": 0.00908338744193, "median": 0.58128285408, "max": 0.996031045914, "dmean": 0.0835264921188, "dmean2": 0.140202492476, "mean": 0.579481303692, "dvar2": 0.012390434742, "min": 0.276536822319}, "spectral_complexity": {"dvar": 2.97820043564, "var": 35.7444190979, "median": 15, "max": 26, "dmean": 1.90376567841, "dmean2": 3.14584779739, "mean": 13.9219512939, "dvar2": 7.80914020538, "min": 0}, "spectral_spread": {"dvar": 1222386778110.0, "var": 3341683261440.0, "median": 3349414.25, "max": 41276880, "dmean": 841493.6875, "dmean2": 1444604, "mean": 3513674.5, "dvar2": 2567988576260.0, "min": 1479138.25}, "dynamic_complexity": 5.70202541351, "melbands_crest": {"dvar": 8.22927379608, "var": 22.2040882111, "median": 14.1753387451, "max": 31.0631656647, "dmean": 3.57347130775, "dmean2": 5.93828010559, "mean": 14.9007310867, "dvar2": 22.7210464478, "min": 1.00186467171}, "zerocrossingrate": {"dvar": 0.0006413711817, "var": 0.00268962327391, "median": 0.18798828125, "max": 0.5009765625, "dmean": 0.0282185021788, "dmean2": 0.0386662185192, "mean": 0.193363457918, "dvar2": 0.00111667392775, "min": 0.056640625}, "spectral_energyband_low": {"dvar": 0.000239555694861, "var": 0.000795556872617, "median": 0.021869096905, "max": 0.160434901714, "dmean": 0.0120800798759, "dmean2": 0.0204655397683, "mean": 0.0295635294169, "dvar2": 0.000711713975761, "min": 2.80316263753e-23}, "melbands_kurtosis": {"dvar": 34.2326126099, "var": 87.2663040161, "median": 7.25104141235, "max": 151.756652832, "dmean": 3.75739264488, "dmean2": 6.15257358551, "mean": 9.06863594055, "dvar2": 91.892074585, "min": -1.72178399563}, "spectral_energyband_middle_high": {"dvar": 5.94615300997e-07, "var": 3.98349720854e-06, "median": 0.00242292997427, "max": 0.0117447627708, "dmean": 0.000656559888739, "dmean2": 0.00104986561928, "mean": 0.00266895955428, "dvar2": 1.51994254338e-06, "min": 1.67708173184e-21}, "barkbands_spread": {"dvar": 30.4462966919, "var": 90.9771194458, "median": 16.5647258759, "max": 118.429489136, "dmean": 5.47460269928, "dmean2": 8.79339981079, "mean": 18.831319809, "dvar2": 67.8401947021, "min": 2.93357419968}, "mfcc": {"mean": [-725.114807129, 202.858139038, 12.7218122482, 13.7926797867, 13.7233343124, 20.0435333252, 2.91442108154, -15.4111442566, -7.67841768265, 2.34712314606, 3.95122599602, 3.80650997162, 3.78458356857], "cov": [[13362.4365234, 2801.51538086, -753.914672852, 117.147697449, -85.6405487061, 213.638092041, -82.1526260376, -296.719024658, -101.583496094, 35.2859420776, 15.3671178818, -50.8664779663, -139.110992432], [2801.51538086, 1931.53625488, -370.204589844, -48.9628334045, 20.4738807678, 109.782142639, -5.45469999313, -220.487380981, -40.0616264343, 39.3661956787, 17.9251441956, 2.84080910683, -10.9965257645], [-753.914672852, -370.204589844, 306.592193604, -66.7488327026, 14.9339809418, -7.84471178055, 23.2902908325, 73.0988693237, -14.6733646393, 8.02836704254, 2.42105054855, 5.26637649536, 20.3243732452], [117.147697449, -48.9628334045, -66.7488327026, 139.702697754, -2.51420044899, -6.52412033081, 1.29490613937, -0.107996962965, 19.4906044006, -13.2472887039, -1.57751941681, -4.1141910553, -15.1743888855], [-85.6405487061, 20.4738807678, 14.9339809418, -2.51420044899, 64.9229278564, 20.6062870026, -6.45951509476, -6.76546621323, -5.07795715332, 6.66993761063, 1.09517514706, 3.13371801376, 9.33382415771], [213.638092041, 109.782142639, -7.84471178055, -6.52412033081, 20.6062870026, 60.9066963196, 22.8625411987, -15.4732637405, -9.30253982544, -1.77401554585, -1.71964383125, 1.50893092155, 7.20125484467], [-82.1526260376, -5.45469999313, 23.2902908325, 1.29490613937, -6.45951509476, 22.8625411987, 54.8738174438, 22.2550373077, -2.63385438919, -6.16201257706, -2.15112328529, 3.65519952774, 0.757375061512], [-296.719024658, -220.487380981, 73.0988693237, -0.107996962965, -6.76546621323, -15.4732637405, 22.2550373077, 74.689239502, 22.9526290894, -1.78158962727, 2.03080201149, -2.27317714691, -4.02794408798], [-101.583496094, -40.0616264343, -14.6733646393, 19.4906044006, -5.07795715332, -9.30253982544, -2.63385438919, 22.9526290894, 50.1925430298, 22.4340171814, 1.27256095409, -7.93596172333, -11.0605325699], [35.2859420776, 39.3661956787, 8.02836704254, -13.2472887039, 6.66993761063, -1.77401554585, -6.16201257706, -1.78158962727, 22.4340171814, 43.5990791321, 15.2131347656, -4.29153013229, -4.17047643661], [15.3671178818, 17.9251441956, 2.42105054855, -1.57751941681, 1.09517514706, -1.71964383125, -2.15112328529, 2.03080201149, 1.27256095409, 15.2131347656, 29.8625888824, 14.4143276215, 0.0656324923038], [-50.8664779663, 2.84080910683, 5.26637649536, -4.1141910553, 3.13371801376, 1.50893092155, 3.65519952774, -2.27317714691, -7.93596172333, -4.29153013229, 14.4143276215, 33.1014518738, 19.0717086792], [-139.110992432, -10.9965257645, 20.3243732452, -15.1743888855, 9.33382415771, 7.20125484467, 0.757375061512, -4.02794408798, -11.0605325699, -4.17047643661, 0.0656324923038, 19.0717086792, 38.5222167969]], "icov": [[0.00015560897009, -0.000233578975894, 0.000221201175009, -0.000383150705602, 0.000630754220765, -0.000928589550313, 0.00108748627827, -0.00120811059605, 0.00138016440906, -0.00114962633234, 0.000966649269685, -0.000695118738804, 0.000714986235835], [-0.000233578975894, 0.00139965047128, 0.000573057681322, 0.0013700358104, -0.0011101514101, 0.000720402109437, -0.00280304253101, 0.00431626476347, -0.00226522400044, 0.00122718582861, -0.0022578893695, 0.00129182182718, -0.000719133066013], [0.000221201175009, 0.000573057681322, 0.0075116106309, 0.00115681043826, 0.000142658289406, -0.00229518953711, 0.00174613739364, -0.00933563429862, 0.0102135250345, -0.0092481598258, 0.00507592828944, -0.00244916859083, -2.58669733739e-05], [-0.000383150705602, 0.0013700358104, 0.00115681043826, 0.011657839641, -0.00433974340558, 0.00469147972763, -0.00701044825837, 0.00858270097524, -0.0124708693475, 0.0126518709585, -0.00908799655735, 0.00499831186607, -0.000470992119517], [0.000630754220765, -0.0011101514101, 0.000142658289406, -0.00433974340558, 0.0238712299615, -0.0150108011439, 0.0142442323267, -0.0108279949054, 0.0128033598885, -0.0145116550848, 0.0108025167137, -0.00794663932174, 0.00180693285074], [-0.000928589550313, 0.000720402109437, -0.00229518953711, 0.00469147972763, -0.0150108011439, 0.0373311750591, -0.0264882463962, 0.0207500234246, -0.0166317559779, 0.0171380788088, -0.0152173833922, 0.0146671971306, -0.0108952717856], [0.00108748627827, -0.00280304253101, 0.00174613739364, -0.00701044825837, 0.0142442323267, -0.0264882463962, 0.0457611419261, -0.0322783887386, 0.0249108634889, -0.0207040831447, 0.0232096835971, -0.0200839191675, 0.0114843752235], [-0.00120811059605, 0.00431626476347, -0.00933563429862, 0.00858270097524, -0.0108279949054, 0.0207500234246, -0.0322783887386, 0.0596565455198, -0.0462637059391, 0.0387179106474, -0.0339181572199, 0.0220357049257, -0.00915057398379], [0.00138016440906, -0.00226522400044, 0.0102135250345, -0.0124708693475, 0.0128033598885, -0.0166317559779, 0.0249108634889, -0.0462637059391, 0.0745291188359, -0.0593813955784, 0.0412885695696, -0.0239729937166, 0.0154844401404], [-0.00114962633234, 0.00122718582861, -0.0092481598258, 0.0126518709585, -0.0145116550848, 0.0171380788088, -0.0207040831447, 0.0387179106474, -0.0593813955784, 0.0837227702141, -0.0602302737534, 0.0389752574265, -0.0163493510336], [0.000966649269685, -0.0022578893695, 0.00507592828944, -0.00908799655735, 0.0108025167137, -0.0152173833922, 0.0232096835971, -0.0339181572199, 0.0412885695696, -0.0602302737534, 0.094240680337, -0.0605338513851, 0.0279556270689], [-0.000695118738804, 0.00129182182718, -0.00244916859083, 0.00499831186607, -0.00794663932174, 0.0146671971306, -0.0200839191675, 0.0220357049257, -0.0239729937166, 0.0389752574265, -0.0605338513851, 0.0829207450151, -0.0406109802425], [0.000714986235835, -0.000719133066013, -2.58669733739e-05, -0.000470992119517, 0.00180693285074, -0.0108952717856, 0.0114843752235, -0.00915057398379, 0.0154844401404, -0.0163493510336, 0.0279556270689, -0.0406109802425, 0.05131425336]]}, "silence_rate_60dB": {"dvar": 0.00692487927154, "var": 0.114872939885, "median": 0, "max": 1, "dmean": 0.00697350082919, "dmean2": 0.0139567339793, "mean": 0.132404178381, "dvar2": 0.0165532566607, "min": 0}, "melbands_flatness_db": {"dvar": 0.00111839512829, "var": 0.00239145150408, "median": 0.340692520142, "max": 0.483337670565, "dmean": 0.0424213074148, "dmean2": 0.072675421834, "mean": 0.34052914381, "dvar2": 0.00316019053571, "min": -3.45146169423e-08}, "spectral_rms": {"dvar": 6.55862038457e-07, "var": 1.12371590149e-05, "median": 0.0073764375411, "max": 0.0139702744782, "dmean": 0.000816078099888, "dmean2": 0.0013210196048, "mean": 0.00691020442173, "dvar2": 1.7058754338e-06, "min": 3.25220731422e-12}, "melbands_spread": {"dvar": 45.5640945435, "var": 99.5710220337, "median": 7.88020324707, "max": 279.745758057, "dmean": 2.08350563049, "dmean2": 3.31199884415, "mean": 8.63151359558, "dvar2": 88.0110778809, "min": 1.33800113201}, "average_loudness": 0.859440684319, "erbbands_kurtosis": {"dvar": 0.787691235542, "var": 1.79770934582, "median": -0.0207679271698, "max": 10.7061328888, "dmean": 0.867797791958, "dmean2": 1.38736391068, "mean": 0.285031855106, "dvar2": 1.85350477695, "min": -1.54939711094}, "spectral_energy": {"dvar": 0.000274868303677, "var": 0.00188712507952, "median": 0.055772125721, "max": 0.200047791004, "dmean": 0.0141259878874, "dmean2": 0.0230561625212, "mean": 0.060462731868, "dvar2": 0.000748333521187, "min": 1.08412746774e-20}, "spectral_entropy": {"dvar": 0.0600022636354, "var": 0.15186367929, "median": 6.77695798874, "max": 9.81107616425, "dmean": 0.301135390997, "dmean2": 0.511422812939, "mean": 6.80191707611, "dvar2": 0.162734851241, "min": 5.91656732559}, "erbbands": {"dvar": [0.299641519785, 7.87087154388, 34.5657577515, 125.224632263, 110.466842651, 367.234039307, 422.252319336, 3430.36743164, 2284.32275391, 121.347335815, 116.638389587, 147.980773926, 92.0144577026, 39.3446083069, 258.126434326, 71.5607299805, 392.663543701, 46.8308105469, 684.886047363, 8.54029750824, 3.07628583908, 2.65523982048, 1.7574737072, 1.34282422066, 0.62414431572, 0.372733235359, 0.355469197035, 0.145817354321, 0.0825096815825, 0.0511945411563, 0.0324758328497, 0.018945414573, 0.00990295130759, 0.00459335884079, 0.00182332773693, 0.0005872746114