{"lowlevel": {"erbbands": {"mean": [1.33697021008, 9.33083438873, 10.9481592178, 3.79645037651, 3.86554002762, 4.49991989136, 4.92362785339, 9.76918125153, 7.41060495377, 6.28317785263, 4.40209197998, 3.53891849518, 3.44302296638, 4.55461978912, 6.49573612213, 6.88377189636, 8.66271114349, 9.2333278656, 13.9213047028, 20.6700515747, 22.6707019806, 13.2097473145, 15.6232004166, 15.402762413, 15.2550916672, 20.1752662659, 13.1452636719, 13.4742746353, 10.025513649, 11.9407587051, 6.72282409668, 2.86023736, 3.26308059692, 1.7643995285, 1.07784330845, 0.428523868322, 0.290748298168, 0.0710498094559, 0.0180641692132, 0.00068287254544], "dvar": [2.16289901733, 91.6808700562, 490.271209717, 129.570480347, 290.215148926, 359.43560791, 413.186981201, 2422.36621094, 829.640991211, 288.794403076, 245.816589355, 127.286689758, 91.0018234253, 164.832473755, 417.394165039, 454.897918701, 1753.53186035, 812.644592285, 1782.22106934, 2919.26220703, 3840.63354492, 1021.18145752, 1523.54882812, 1778.27661133, 1730.63037109, 5260.83105469, 2139.36083984, 2221.57202148, 1582.22424316, 1647.68518066, 1262.82421875, 170.667724609, 261.114837646, 35.7932357788, 20.3914585114, 2.44898557663, 2.20809221268, 0.140676617622, 0.0306619592011, 2.39527144004e-05], "min": [6.43653385131e-23, 5.02113222591e-22, 9.32510936205e-22, 5.25893322245e-21, 1.08530789648e-20, 1.35169236546e-20, 3.73987451175e-20, 2.37506640604e-20, 1.02199954751e-19, 1.6608105197e-19, 1.90097349251e-19, 3.29471026913e-19, 3.71143300499e-19, 7.19922584065e-19, 8.71840921005e-19, 1.00503995389e-18, 1.17750183833e-18, 1.93723217918e-18, 2.00798755442e-18, 2.15056784942e-18, 3.22728734609e-18, 3.91093433798e-18, 4.99113461066e-18, 5.83779904895e-18, 5.46294188845e-18, 8.31088213767e-18, 8.31551269474e-18, 9.30652221787e-18, 1.06402822996e-17, 1.00534357053e-17, 1.09316980294e-17, 1.02888736415e-17, 9.52987173661e-18, 7.52931474563e-18, 6.10132431645e-18, 4.18517035364e-18, 2.07275703715e-18, 8.93846510239e-19, 2.32736105835e-19, 2.50349605122e-20], "dmean": [0.848013937473, 5.39074230194, 8.45394420624, 4.07507705688, 5.54997730255, 5.7484664917, 6.7478852272, 13.5409450531, 9.62521934509, 6.51305055618, 5.51298570633, 4.55178165436, 4.40595579147, 5.62556934357, 7.79526329041, 8.47595500946, 10.9390592575, 11.1775455475, 16.6846122742, 22.2926921844, 26.3453140259, 15.3814792633, 17.0622692108, 17.5367641449, 16.4925937653, 25.7346172333, 17.1602878571, 17.262090683, 12.2111101151, 13.9015607834, 9.19522762299, 3.75634145737, 4.29227352142, 2.18146920204, 1.413220644, 0.595813691616, 0.471624940634, 0.120638951659, 0.032006252557, 0.00110477721319], "dmean2": [1.32163226604, 8.26123142242, 13.2668209076, 6.70972394943, 10.0453081131, 10.0924167633, 12.2135486603, 24.7360801697, 17.3899345398, 11.1399173737, 9.86639118195, 8.0387096405, 7.92519950867, 9.86833190918, 13.4159345627, 14.6196680069, 18.8396282196, 18.7489833832, 28.1814918518, 37.7234687805, 44.0063247681, 25.8947982788, 27.9929141998, 28.4725513458, 26.1407966614, 42.1031494141, 29.3204097748, 28.9042739868, 20.0294017792, 21.6315917969, 15.4947977066, 6.36529827118, 7.23551654816, 3.54042649269, 2.40860199928, 1.05526518822, 0.874824821949, 0.228809759021, 0.0611990690231, 0.00210612057708], "dvar2": [4.82829475403, 243.402862549, 1258.1348877, 314.861297607, 814.978210449, 977.375976562, 1170.80090332, 6836.31787109, 2314.00195312, 719.138549805, 655.643066406, 339.842529297, 248.454833984, 426.563751221, 1068.53930664, 1158.81945801, 4392.79003906, 1909.28112793, 4374.27880859, 6808.67773438, 9505.0625, 2508.69726562, 3397.66625977, 4240.59960938, 3560.31811523, 12843.1875, 5578.15576172, 5491.63867188, 3964.49414062, 3663.88720703, 3303.16650391, 430.857574463, 675.160461426, 86.7625198364, 52.1088027954, 6.36913061142, 6.23545408249, 0.401115328074, 0.0891488194466, 6.97405776009e-05], "max": [23.0183315277, 112.268264771, 229.512710571, 215.817626953, 150.821685791, 235.510925293, 208.714935303, 909.282226562, 524.29675293, 341.766296387, 212.736755371, 159.680374146, 105.09727478, 151.568023682, 238.139541626, 542.34552002, 772.865600586, 377.840301514, 521.196594238, 776.587585449, 747.28515625, 391.364013672, 742.592712402, 851.295349121, 645.60723877, 894.923034668, 533.773925781, 414.206726074, 514.86517334, 387.363525391, 448.425567627, 152.802703857, 253.583389282, 80.144317627, 93.9726257324, 22.0638389587, 14.4093723297, 3.21491718292, 2.68367671967, 0.0669525936246], "median": [0.563384413719, 3.89787960052, 1.83614194393, 0.393970400095, 0.243265405297, 0.331868946552, 0.433720350266, 0.609265208244, 0.712588906288, 0.611566185951, 0.266723692417, 0.18418982625, 0.252404987812, 0.3311830163, 0.370460689068, 0.477458208799, 0.589769661427, 0.66814494133, 1.25382184982, 2.96731710434, 2.1973118782, 1.28610563278, 1.14541387558, 0.854170560837, 0.608320951462, 0.434230625629, 0.36226439476, 0.322008639574, 0.276772528887, 0.178322568536, 0.101593345404, 0.0778404474258, 0.0607761405408, 0.0451324246824, 0.0312189534307, 0.0136642288417, 0.00490339845419, 0.000896494893823, 8.84299297468e-05, 7.53141357563e-05], "var": [4.42703390121, 159.512023926, 526.498291016, 111.431228638, 180.36555481, 257.33380127, 258.946075439, 1509.43127441, 567.796264648, 351.993377686, 208.627700806, 107.640151978, 72.9955368042, 144.96434021, 362.011688232, 387.797210693, 1389.53845215, 757.660705566, 1560.17272949, 2759.07177734, 3305.78540039, 942.609741211, 1829.18664551, 1902.38049316, 2154.76586914, 4680.25830078, 1747.32128906, 1919.69055176, 1310.21057129, 1642.08813477, 916.155334473, 133.263809204, 192.570373535, 31.6374740601, 15.6609621048, 1.82015264034, 1.31283581257, 0.0802613794804, 0.0167524982244, 1.30759381136e-05]}, "gfcc": {"icov": [[4.31334228779e-05, -5.63261019124e-05, 5.42863454029e-05, -5.17782282259e-05, 7.05565253156e-05, -6.3390842115e-05, -6.11259893049e-05, -6.76833296893e-05, 0.000151632746565, -0.000239986009547, 0.000162479671417, -0.000103731457784, 7.69361577113e-05], [-5.63261019124e-05, 0.00066525733564, -0.00013292375661, 0.000316201389069, -0.000455478671938, 0.00029524450656, 0.000632856681477, 0.000170599407284, -0.000766789831687, 0.000995182665065, -0.000977919436991, 0.000938809942454, -0.000473106018035], [5.42863454029e-05, -0.00013292375661, 0.000950046349317, -0.000285903341137, 0.000121650693472, -0.000305420631776, -0.00104032363743, 0.000787430384662, -0.000420649419539, -0.000141090131365, -8.62801316543e-05, 0.000443671480753, -8.13041333458e-05], [-5.17782282259e-05, 0.000316201389069, -0.000285903341137, 0.0015079661971, -0.000137051771162, -0.000743611657526, 0.00012103075278, -0.0012018106645, 0.000355317053618, 0.000713440531399, -0.000706015445758, 0.000588793947827, -0.000293345045066], [7.05565253156e-05, -0.000455478671938, 0.000121650693472, -0.000137051771162, 0.00255527789705, -6.20751670795e-05, -0.0014068193268, 9.22748440644e-05, -0.00159389676992, 6.12898656982e-05, 0.00160834903363, -0.000178518224857, -0.000405433791457], [-6.3390842115e-05, 0.00029524450656, -0.000305420631776, -0.000743611657526, -6.20751670795e-05, 0.0046826377511, -0.00106841977686, -0.000752378546167, -0.00120866065845, -0.000362866587238, 0.0016026631929, 0.000307585200062, -0.000355063879397], [-6.11259893049e-05, 0.000632856681477, -0.00104032363743, 0.00012103075278, -0.0014068193268, -0.00106841977686, 0.00599793810397, -0.0025345524773, 0.000678640848491, 0.00238359975629, -0.00439712917432, 0.00150897947606, 0.000649653200526], [-6.76833296893e-05, 0.000170599407284, 0.000787430384662, -0.0012018106645, 9.22748440644e-05, -0.000752378546167, -0.0025345524773, 0.0105004822835, -0.0022219447419, -0.000703357742168, -0.00023108755704, -0.00218418240547, 0.00170282379258], [0.000151632746565, -0.000766789831687, -0.000420649419539, 0.000355317053618, -0.00159389676992, -0.00120866065845, 0.000678640848491, -0.0022219447419, 0.0121445395052, -0.00652129063383, -0.00248268968426, 0.00288130249828, -0.00474297255278], [-0.000239986009547, 0.000995182665065, -0.000141090131365, 0.000713440531399, 6.12898656982e-05, -0.000362866587238, 0.00238359975629, -0.000703357742168, -0.00652129063383, 0.0160843916237, -0.00360085698776, -0.00609551370144, 0.00331964646466], [0.000162479671417, -0.000977919436991, -8.62801316543e-05, -0.000706015445758, 0.00160834903363, 0.0016026631929, -0.00439712917432, -0.00023108755704, -0.00248268968426, -0.00360085698776, 0.0157017819583, -0.0032663969323, -0.00331684970297], [-0.000103731457784, 0.000938809942454, 0.000443671480753, 0.000588793947827, -0.000178518224857, 0.000307585200062, 0.00150897947606, -0.00218418240547, 0.00288130249828, -0.00609551370144, -0.0032663969323, 0.0194242354482, -0.00678601069376], [7.69361577113e-05, -0.000473106018035, -8.13041333458e-05, -0.000293345045066, -0.000405433791457, -0.000355063879397, 0.000649653200526, 0.00170282379258, -0.00474297255278, 0.00331964646466, -0.00331684970297, -0.00678601069376, 0.0202577058226]], "mean": [-140.157989502, 85.2517776489, -68.0589447021, 43.8853225708, -10.1712875366, 17.7152919769, -26.4655570984, 12.7748861313, -6.51754426956, 10.4498090744, -9.02792167664, 6.11705684662, -3.43512582779], "cov": [[45092.4179688, -4546.54296875, -5020.38623047, 1369.40429688, -2788.57104492, 488.523162842, -1068.85632324, 687.548339844, -1426.11914062, 708.471008301, -831.301330566, 711.520080566, -696.280822754], [-4546.54296875, 5092.79589844, 710.83782959, -1373.20996094, 1036.12792969, -570.744995117, -253.267929077, -414.932189941, 592.262878418, -174.554107666, 245.367401123, -251.363754272, 296.151641846], [-5020.38623047, 710.83782959, 2941.74414062, 736.097412109, 741.561828613, 439.6065979, 925.095092773, 77.6894607544, 377.408325195, -144.063339233, 293.319946289, -220.141479492, 130.735931396], [1369.40429688, -1373.20996094, 736.097412109, 1690.24694824, 4.20525121689, 565.35333252, 564.853637695, 337.373535156, -61.2317733765, -28.0312995911, 54.1254730225, -18.4901714325, -53.3958511353], [-2788.57104492, 1036.12792969, 741.561828613, 4.20525121689, 913.030273438, 75.9239349365, 312.624908447, 3.8598241806, 294.011810303, -64.0528259277, 117.582939148, -103.909797668, 110.857635498], [488.523162842, -570.744995117, 439.6065979, 565.35333252, 75.9239349365, 474.374725342, 315.09375, 160.948547363, 32.6794548035, 8.33319568634, 23.1553726196, -13.1896305084, -13.3748283386], [-1068.85632324, -253.267929077, 925.095092773, 564.853637695, 312.624908447, 315.09375, 668.344543457, 176.987518311, 101.875495911, -59.1060943604, 143.816009521, -68.4629745483, 19.6571235657], [687.548339844, -414.932189941, 77.6894607544, 337.373535156, 3.8598241806, 160.948547363, 176.987518311, 207.913604736, 15.5254764557, 35.0231246948, 31.4728832245, 27.553445816, -15.0801086426], [-1426.11914062, 592.262878418, 377.408325195, -61.2317733765, 294.011810303, 32.6794548035, 101.875495911, 15.5254764557, 280.354949951, 45.2296485901, 115.410110474, -23.1359577179, 91.135559082], [708.471008301, -174.554107666, -144.063339233, -28.0312995911, -64.0528259277, 8.33319568634, -59.1060943604, 35.0231246948, 45.2296485901, 142.878311157, 24.2526550293, 67.7387542725, 3.90272712708], [-831.301330566, 245.367401123, 293.319946289, 54.1254730225, 117.582939148, 23.1553726196, 143.816009521, 31.4728832245, 115.410110474, 24.2526550293, 154.588790894, 4.57717990875, 56.2414741516], [711.520080566, -251.363754272, -220.141479492, -18.4901714325, -103.909797668, -13.1896305084, -68.4629745483, 27.553445816, -23.1359577179, 67.7387542725, 4.57717990875, 109.169754028, 8.64698505402], [-696.280822754, 296.151641846, 130.735931396, -53.3958511353, 110.857635498, -13.3748283386, 19.6571235657, -15.0801086426, 91.135559082, 3.90272712708, 56.2414741516, 8.64698505402, 94.1010818481]]}, "spectral_skewness": {"mean": 2.88568472862, "dvar": 5.65091228485, "min": -0.0966653525829, "dmean": 1.23007047176, "dmean2": 2.00558209419, "dvar2": 13.3029708862, "max": 35.5638237, "median": 1.86803972721, "var": 10.3456983566}, "spectral_energyband_low": {"mean": 0.0527026243508, "dvar": 0.00194456893951, "min": 1.47131078521e-23, "dmean": 0.0287190414965, "dmean2": 0.0429012775421, "dvar2": 0.00473647238687, "max": 0.484028458595, "median": 0.027071390301, "var": 0.00440917629749}, "spectral_energyband_middle_low": {"mean": 0.00400251941755, "dvar": 0.000169695194927, "min": 1.45589316147e-22, "dmean": 0.00490367831662, "dmean2": 0.00858949031681, "dvar2": 0.000463976786705, "max": 0.138102710247, "median": 0.000473185122246, "var": 0.000121404977108}, "mfcc": {"icov": [[6.42458253424e-05, -1.68420483533e-05, 0.000118413860037, -0.00012740996317, 0.000269207754172, -9.17710713111e-05, 3.27669386024e-06, 3.03276356135e-05, -6.78990036249e-05, 5.56180275453e-05, 9.27146288632e-07, 5.03265000589e-05, -8.59663341544e-05], [-1.68420483533e-05, 0.00039821214159, -0.000176757370355, 0.000346803513821, -0.000827424461022, 0.000429440522566, 1.99349633476e-05, 0.000181442170287, 0.000163562901434, -0.000245979288593, 0.000309790833853, -0.000351016264176, 5.57616804144e-05], [0.000118413860037, -0.000176757370355, 0.00124911428429, -0.000854240264744, 0.000906979897991, -0.00112693023402, 2.74173180514e-05, -4.66250048703e-06, 0.000287469214527, -0.000750955019612, 0.000290696276352, -0.000304891960695, 0.000114867187222], [-0.00012740996317, 0.000346803513821, -0.000854240264744, 0.00307634426281, -0.00188579759561, 0.00093584129354, -0.0016488423571, -0.000430819200119, -5.16433865414e-05, 0.00108591897879, -0.00133832544088, 0.000954399758484, -0.000632307841443], [0.000269207754172, -0.000827424461022, 0.000906979897991, -0.00188579759561, 0.00665702251717, -0.00362004735507, 0.00166797998827, -0.000466600700747, -0.001736958744, -0.00141554675065, 0.00111156434286, 0.00138830021024, -0.00194390979595], [-9.17710713111e-05, 0.000429440522566, -0.00112693023402, 0.00093584129354, -0.00362004735507, 0.00886626634747, -0.00296773971058, 0.000829200958833, -0.00300084869377, 0.000786739867181, -0.000536853796802, -0.000623311614618, -0.000243251561187], [3.27669386024e-06, 1.99349633476e-05, 2.74173180514e-05, -0.0016488423571, 0.00166797998827, -0.00296773971058, 0.00972378905863, -0.00713545549661, 0.00139884813689, -0.000583665387239, 0.000434377754573, -0.00415747845545, 0.00363451684825], [3.03276356135e-05, 0.000181442170287, -4.66250048703e-06, -0.000430819200119, -0.000466600700747, 0.000829200958833, -0.00713545549661, 0.0145983044058, -0.00617231056094, 0.000207530538319, -0.00371413421817, 0.00386205222458, -0.00070280849468], [-6.78990036249e-05, 0.000163562901434, 0.000287469214527, -5.16433865414e-05, -0.001736958744, -0.00300084869377, 0.00139884813689, -0.00617231056094, 0.0197013486177, -0.00945608410984, 0.00365959852934, -0.00350321596488, 0.000470615545055], [5.56180275453e-05, -0.000245979288593, -0.000750955019612, 0.00108591897879, -0.00141554675065, 0.000786739867181, -0.000583665387239, 0.000207530538319, -0.00945608410984, 0.0226584207267, -0.00890119280666, -0.000390793808037, -0.00187070586253], [9.27146288632e-07, 0.000309790833853, 0.000290696276352, -0.00133832544088, 0.00111156434286, -0.000536853796802, 0.000434377754573, -0.00371413421817, 0.00365959852934, -0.00890119280666, 0.0190086755902, -0.00852546747774, -0.000157095200848], [5.03265000589e-05, -0.000351016264176, -0.000304891960695, 0.000954399758484, 0.00138830021024, -0.000623311614618, -0.00415747845545, 0.00386205222458, -0.00350321596488, -0.000390793808037, -0.00852546747774, 0.026011120528, -0.0104596903548], [-8.59663341544e-05, 5.57616804144e-05, 0.000114867187222, -0.000632307841443, -0.00194390979595, -0.000243251561187, 0.00363451684825, -0.00070280849468, 0.000470615545055, -0.00187070586253, -0.000157095200848, -0.0104596903548, 0.020116712898]], "mean": [-777.635253906, 113.564361572, 18.210231781, 40.5709686279, 36.5695343018, 21.7105255127, 6.69911432266, 9.59275436401, 12.6512794495, 6.99828052521, 6.0691318512, 6.36507797241, 10.6402177811], "cov": [[24935.890625, -2481.61962891, -2507.3671875, -126.880882263, -1581.76416016, -729.100463867, -162.575973511, -279.599761963, -425.134094238, -494.592773438, -152.81388855, -203.68170166, -161.437179565], [-2481.61962891, 4820.54980469, -68.840385437, -713.48651123, 608.788330078, -144.470840454, -612.631225586, -422.012634277, -63.2462768555, 15.0377902985, -223.733200073, -17.8549480438, 98.8694915771], [-2507.3671875, -68.840385437, 1776.6652832, 702.86126709, 247.71812439, 436.806762695, 478.971496582, 352.828338623, 223.562591553, 218.112380981, 200.467102051, 137.345657349, 44.4639015198], [-126.880882263, -713.48651123, 702.86126709, 959.689147949, 196.733795166, 303.080108643, 495.479217529, 375.574890137, 190.14390564, 141.785415649, 197.206848145, 88.2962341309, 30.0513191223], [-1581.76416016, 608.788330078, 247.71812439, 196.733795166, 489.96081543, 224.292449951, 66.8684921265, 99.0021972656, 144.43560791, 116.819015503, 43.6015739441, 45.5193634033, 69.2503051758], [-729.100463867, -144.470840454, 436.806762695, 303.080108643, 224.292449951, 357.739501953, 274.2394104, 210.914932251, 165.898223877, 123.850967407, 110.257087708, 77.8439712524, 37.1100463867], [-162.575973511, -612.631225586, 478.971496582, 495.479217529, 66.8684921265, 274.2394104, 542.468566895, 362.362854004, 169.306030273, 130.352294922, 170.819488525, 94.9928588867, -2.84230470657], [-279.599761963, -422.012634277, 352.828338623, 375.574890137, 99.0021972656, 210.914932251, 362.362854004, 340.011047363, 163.45880127, 120.955215454, 141.80960083, 67.5140457153, 11.927942276], [-425.134094238, -63.2462768555, 223.562591553, 190.14390564, 144.43560791, 165.898223877, 169.306030273, 163.45880127, 172.960510254, 112.723976135, 81.6885375977, 59.3269691467, 32.0648040771], [-494.592773438, 15.0377902985, 218.112380981, 141.785415649, 116.819015503, 123.850967407, 130.352294922, 120.955215454, 112.723976135, 140.058944702, 95.7716064453, 62.0444602966, 37.9120101929], [-152.81388855, -223.733200073, 200.467102051, 197.206848145, 43.6015739441, 110.257087708, 170.819488525, 141.80960083, 81.6885375977, 95.7716064453, 154.352966309, 74.7405395508, 31.721446991], [-203.68170166, -17.8549480438, 137.345657349, 88.2962341309, 45.5193634033, 77.8439712524, 94.9928588867, 67.5140457153, 59.3269691467, 62.0444602966, 74.7405395508, 93.1126785278, 45.0856513977], [-161.437179565, 98.8694915771, 44.4639015198, 30.0513191223, 69.2503051758, 37.1100463867, -2.84230470657, 11.927942276, 32.0648040771, 37.9120101929, 31.721446991, 45.0856513977, 83.9728164673]]}, "silence_rate_20dB": {"mean": 0.999744534492, "dvar": 0.000102179263195, "min": 0, "dmean": 0.000102192017948, "dmean2": 0.000204394484172, "dvar2": 0.000204343450605, "max": 1, "median": 1, "var": 0.000255387218203}, "dynamic_complexity": 5.58817052841, "silence_rate_60dB": {"mean": 0.18700183928, "dvar": 0.0739580243826, "min": 0, "dmean": 0.0804251208901, "dmean2": 0.16085845232, "dvar2": 0.160836160183, "max": 1, "median": 0, "var": 0.151998966932}, "dissonance": {"mean": 0.469298809767, "dvar": 0.000966209336184, "min": 0.00264525599778, "dmean": 0.0237505976111, "dmean2": 0.0406197682023, "dvar2": 0.00265998323448, "max": 0.500000119209, "median": 0.48322224617, "var": 0.00154647813179}, "barkbands": {"mean": [0.00265687052161, 0.0438387840986, 0.00664934422821, 0.00074601569213, 0.00132322672289, 0.00104187324177, 0.000468323705718, 0.000232747523114, 0.000156406167662, 0.000119470307254, 0.00015004206216, 0.000158566559548, 0.000186450895853, 0.000210528814932, 0.000324800028466, 0.000430862186477, 0.000233438782743, 0.000281871121842, 0.000288843933959, 0.000397834402975, 0.000328559661284, 0.000322222185787, 0.000268022151431, 0.000163773569511, 0.000154451045091, 0.000129569321871, 7.69145044615e-05], "dvar": [1.17811914606e-05, 0.0017162358854, 0.000344029249391, 1.35558093461e-05, 2.60308133875e-05, 2.60526539932e-05, 2.13569774132e-06, 6.43860403216e-07, 2.49825433229e-07, 1.2613385536e-07, 2.5990337349e-07, 1.91117280224e-07, 9.61150931289e-07, 5.25177824784e-07, 7.15788473826e-07, 1.55542613811e-06, 3.72328713638e-07, 5.48608966255e-07, 5.81227993735e-07, 1.71747069544e-06, 1.1568630498e-06, 1.44876503327e-06, 1.47510831994e-06, 5.69523308513e-07, 3.12007529146e-07, 3.39603673183e-07, 3.6138274595e-07], "min": [8.81109190142e-26, 1.6823237804e-24, 2.08628613793e-25, 3.72842016692e-25, 2.25007604579e-24, 3.86650627477e-24, 7.54461205499e-24, 5.72246484851e-24, 9.99620952155e-24, 1.19599422722e-23, 7.01905240955e-24, 2.61709338473e-23, 2.54170037029e-23, 1.72409637136e-23, 2.23670465623e-23, 4.94995040342e-23, 4.74671806168e-23, 8.79887501966e-23, 1.39696764998e-22, 1.62014813832e-22, 1.98494392662e-22, 3.16141902136e-22, 3.94066112468e-22, 5.49636172518e-22, 8.13224918455e-22, 1.2128107601e-21, 1.90333814662e-21], "dmean": [0.00181999267079, 0.0249444264919, 0.00635562185198, 0.00110611133277, 0.00174953660462, 0.00146290974226, 0.000564079615287, 0.000265084701823, 0.000203504940146, 0.000156619877089, 0.000185445212992, 0.000191452782019, 0.000239287925069, 0.000265136099188, 0.000353710463969, 0.000510523503181, 0.000278507533949, 0.000310191710014, 0.00031737567042, 0.000494044448715, 0.000419663003413, 0.000391467416193, 0.000345198146533, 0.000214896645048, 0.000195682499907, 0.000201989052584, 0.00013638085511], "dmean2": [0.00274286814965, 0.0386915653944, 0.010389235802, 0.00202176999301, 0.00310403900221, 0.00268004019745, 0.00100040493999, 0.000461410934804, 0.000361382932169, 0.000282556458842, 0.000323879765347, 0.000333034986397, 0.000413382338593, 0.00044796714792, 0.000594384327997, 0.000849205127452, 0.000470294820843, 0.000505849893671, 0.000510238925926, 0.00080133829033, 0.000710194755811, 0.000635044358205, 0.000561633554753, 0.000362540129572, 0.000325095199514, 0.00037093120045, 0.000261168985162], "dvar2": [2.62991015916e-05, 0.00428774254397, 0.000895768869668, 3.83537662856e-05, 7.09013111191e-05, 7.3964598414e-05, 5.82307166042e-06, 1.59617354711e-06, 6.74881960094e-07, 3.41151633165e-07, 7.0056921686e-07, 4.92503829719e-07, 2.42682153839e-06, 1.26376426124e-06, 1.63549452736e-06, 3.95557754018e-06, 9.34344427606e-07, 1.21286461763e-06, 1.27841099129e-06, 4.09410768043e-06, 2.84786528937e-06, 3.46570664078e-06, 3.7685888401e-06, 1.45221986259e-06, 7.78718117544e-07, 9.44615010212e-07, 1.04797470613e-06], "max": [0.0638939291239, 0.452005326748, 0.249866172671, 0.034936979413, 0.0465187616646, 0.0831565633416, 0.0233197677881, 0.0164019335061, 0.00640206364915, 0.00367752253078, 0.00572432018816, 0.0118705648929, 0.0184996649623, 0.0100969281048, 0.0100533757359, 0.0147060751915, 0.00894714798778, 0.0175377521664, 0.011208396405, 0.0173940248787, 0.011179686524, 0.0123559040949, 0.015293375589, 0.0107274353504, 0.00959079992026, 0.00537927635014, 0.00871720723808], "median": [0.00100784387905, 0.0203338172287, 0.000294888042845, 4.07978222938e-05, 9.38617449719e-05, 7.14352936484e-05, 4.61246600025e-05, 1.30010575958e-05, 7.94976403995e-06, 8.98937378224e-06, 8.58159182826e-06, 1.07365503936e-05, 1.28950732687e-05, 1.28858755488e-05, 4.37796006736e-05, 3.96864707e-05, 2.09249228647e-05, 1.94025978999e-05, 1.38814275488e-05, 9.13105759537e-06, 8.56152473716e-06, 7.27571750758e-06, 3.85882049159e-06, 3.73679858967e-06, 4.30766340287e-06, 2.87436705548e-06, 2.42106068526e-07], "var": [2.19273024413e-05, 0.00343668390997, 0.000316075049341, 8.21607045509e-06, 1.83013071364e-05, 1.58148286573e-05, 1.75409081749e-06, 7.44272369957e-07, 2.02520695325e-07, 9.63455732972e-08, 2.06378501844e-07, 1.66152162251e-07, 7.46499495108e-07, 4.6201765258e-07, 7.23282539639e-07, 1.28291560486e-06, 3.24698447685e-07, 6.57316377328e-07, 6.97992220466e-07, 1.62332355558e-06, 1.03076672531e-06, 1.28231249619e-06, 1.15219870622e-06, 4.3383619186e-07, 2.58344783788e-07, 2.11858903754e-07, 1.98007924723e-07]}, "spectral_complexity": {"mean": 9.84222316742, "dvar": 82.7469863892, "min": 0, "dmean": 6.88804864883, "dmean2": 10.5585079193, "dvar2": 157.49798584, "max": 65, "median": 4, "var": 155.240844727}, "spectral_energyband_high": {"mean": 0.00162158708554, "dvar": 2.90280622721e-05, "min": 6.93327441364e-21, "dmean": 0.00206867791712, "dmean2": 0.00345398485661, "dvar2": 7.06301507307e-05, "max": 0.048625420779, "median": 4.46871708846e-05, "var": 2.53237176366e-05}, "hfc": {"mean": 23.0174732208, "dvar": 2276.66381836, "min": 1.05236054964e-16, "dmean": 23.2534770966, "dmean2": 37.8614082336, "dvar2": 5485.26953125, "max": 418.465484619, "median": 6.79410648346, "var": 2200.04833984}, "melbands_kurtosis": {"mean": 130.816833496, "dvar": 91041.0234375, "min": -1.96314191818, "dmean": 131.335617065, "dmean2": 228.053939819, "dvar2": 263013.84375, "max": 9722.1875, "median": 23.6673316956, "var": 78563.453125}, "spectral_strongpeak": {"mean": 0.515090703964, "dvar": 0.1608248353, "min": 0, "dmean": 0.263361513615, "dmean2": 0.412617594004, "dvar2": 0.355459362268, "max": 6.5749669075, "median": 0.432446122169, "var": 0.264725834131}, "silence_rate_30dB": {"mean": 0.771203756332, "dvar": 0.112944222987, "min": 0, "dmean": 0.12978386879, "dmean2": 0.259580999613, "dvar2": 0.221850022674, "max": 1, "median": 1, "var": 0.176429733634}, "melbands_spread": {"mean": 19.458946228, "dvar": 466.29675293, "min": 0.0171621348709, "dmean": 13.1865673065, "dmean2": 21.6443252563, "dvar2": 1174.82446289, "max": 262.409210205, "median": 6.16462087631, "var": 900.725524902}, "melbands_crest": {"mean": 22.262550354, "dvar": 22.5233879089, "min": 1.00250828266, "dmean": 4.26754283905, "dmean2": 7.07662630081, "dvar2": 51.2457466125, "max": 39.3739356995, "median": 23.6883144379, "var": 84.3998184204}, "average_loudness": 0.791842579842, "spectral_flux": {"mean": 0.114375367761, "dvar": 0.00357853993773, "min": 6.23925772159e-11, "dmean": 0.0550411678851, "dmean2": 0.0829265266657, "dvar2": 0.0073001421988, "max": 0.635706603527, "median": 0.0861294269562, "var": 0.00946842320263}, "spectral_rolloff": {"mean": 1562.11572266, "dvar": 5061430, "min": 21.533203125, "dmean": 1067.4152832, "dmean2": 1862.27246094, "dvar2": 12329583, "max": 20521.1425781, "median": 129.19921875, "var": 10204475}, "melbands": {"mean": [0.0122981471941, 0.00826370809227, 0.000702551449649, 0.000318874255754, 0.0001727691415, 0.000212408951484, 0.000110868815682, 6.55478361296e-05, 3.43336323567e-05, 2.14439842239e-05, 1.69763625308e-05, 1.78298432729e-05, 2.11564820347e-05, 1.68716906046e-05, 2.26517004194e-05, 1.60254257935e-05, 1.73550797626e-05, 2.12435625144e-05, 2.60900214926e-05, 2.99292369164e-05, 2.55090817518e-05, 1.38143432196e-05, 1.23846375573e-05, 1.37909883051e-05, 1.23126910694e-05, 1.09027423605e-05, 1.31687284011e-05, 1.29491345433e-05, 7.73041301727e-06, 7.63665775594e-06, 8.10677647678e-06, 5.57908288101e-06, 5.91165598962e-06, 6.71952830089e-06, 4.22880884798e-06, 2.2130002435e-06, 1.5210194988e-06, 2.33326636589e-06, 2.09497738979e-06, 1.24754024e-06], "dvar": [0.000140525575262, 0.000109974462248, 4.43052658738e-06, 1.76208720859e-06, 4.09457783235e-07, 1.109096047e-06, 1.57746072205e-07, 3.27536326949e-08, 1.66912972333e-08, 4.39549108222e-09, 2.30244134869e-09, 2.61430210813e-09, 5.25193888379e-09, 2.03958583356e-09, 1.50144465749e-08, 3.06587244481e-09, 3.07456082815e-09, 5.18087972523e-09, 4.68672967102e-09, 7.85038078988e-09, 5.02537744751e-09, 1.36773214976e-09, 9.41040245728e-10, 1.44026035542e-09, 1.26412058599e-09, 9.53838008577e-10, 1.71434388907e-09, 2.52241916243e-09, 9.65649116225e-10, 6.36742381044e-10, 9.4069074752e-10, 6.21301843307e-10, 4.29015961645e-10, 5.43943057263e-10, 5.46772238597e-10, 1.6116878665e-10, 4.18273506109e-11, 1.83763892991e-10, 6.84389697692e-11, 1.53281328602e-11], "min": [4.72407726066e-25, 8.44413279028e-25, 1.02230180759e-24, 7.4235395568e-25, 1.02816324133e-24, 5.85465890496e-25, 1.51088547164e-24, 1.86454216925e-24, 1.60061751214e-24, 1.40053043771e-24, 1.58771569204e-24, 2.59172361801e-24, 2.26038389402e-24, 2.82275040879e-24, 2.27098934003e-24, 2.03115353674e-24, 2.40191106244e-24, 1.94525545884e-24, 1.87520322995e-24, 2.90985110514e-24, 2.9125162717e-24, 2.42877591778e-24, 3.78907839363e-24, 2.73203850444e-24, 3.93222706565e-24, 3.99538760845e-24, 3.51107197772e-24, 4.59006172438e-24, 4.08277051979e-24, 4.45716311654e-24, 4.82337088698e-24, 4.91394079637e-24, 4.04592479905e-24, 4.82472457229e-24, 5.11112959583e-24, 5.55845041112e-24, 5.81299807587e-24, 5.23386451977e-24, 6.27497119361e-24, 5.883864212e-24], "dmean": [0.0071179298684, 0.0051441276446, 0.000756289286073, 0.000437294744188, 0.000226663352805, 0.000295695528621, 0.000139767100336, 6.7469147325e-05, 4.48461978522e-05, 2.73135756288e-05, 2.19972789637e-05, 2.23160259338e-05, 2.61050645349e-05, 1.99056430574e-05, 3.01328564092e-05, 1.90744922293e-05, 2.14118754229e-05, 2.65422822849e-05, 2.84393227048e-05, 3.48292815033e-05, 3.04640943796e-05, 1.67805774254e-05, 1.38137957038e-05, 1.54406116053e-05, 1.42656645039e-05, 1.20767081171e-05, 1.51188078235e-05, 1.70895946212e-05, 1.0346988347e-05, 9.83112022368e-06, 1.05696472019e-05, 6.96895494912e-06, 6.84887481839e-06, 7.90067224443e-06, 5.9038229665e-06, 3.02366765936e-06, 1.97777876565e-06, 3.15452598443e-06, 2.64047821474e-06, 1.51848939822e-06], "dmean2": [0.0110737206414, 0.00774290505797, 0.00123718113173, 0.000781961483881, 0.000406556326197, 0.00054115941748, 0.000250727985986, 0.00011502084817, 8.10270721558e-05, 4.79636073578e-05, 3.97465009883e-05, 3.95082424802e-05, 4.55340377812e-05, 3.42308921972e-05, 5.31712103111e-05, 3.2566516893e-05, 3.60386002285e-05, 4.52284039056e-05, 4.71030143672e-05, 5.87689173699e-05, 5.09635574417e-05, 2.8647518775e-05, 2.29555153055e-05, 2.4969700462e-05, 2.35385305132e-05, 1.91304043256e-05, 2.44945840677e-05, 2.8302125429e-05, 1.79976887011e-05, 1.65613546415e-05, 1.78395039256e-05, 1.16675209938e-05, 1.08417907541e-05, 1.22735264085e-05, 1.00480583569e-05, 5.20315234098e-06, 3.34360015586e-06, 5.39883376405e-06, 4.33291188529e-06, 2.44928833126e-06], "dvar2": [0.000332121562678, 0.000279642641544, 1.06560419226e-05, 4.85731652589e-06, 1.14446004318e-06, 3.1355370993e-06, 4.36358845946e-07, 8.03003175065e-08, 4.51424710946e-08, 1.16233831449e-08, 6.30518570688e-09, 6.80514489204e-09, 1.40035893992e-08, 5.11701525596e-09, 3.99719972677e-08, 6.8554197874e-09, 7.34588923024e-09, 1.29960202599e-08, 1.04559987335e-08, 2.01271586064e-08, 1.25400090312e-08, 3.45477757513e-09, 2.25293472766e-09, 3.19995452358e-09, 3.11554049226e-09, 2.05758365901e-09, 3.79211773094e-09, 6.38436326028e-09, 2.64702126884e-09, 1.5719828772e-09, 2.37281905235e-09, 1.62676483395e-09, 9.60316159926e-10, 1.25247867633e-09, 1.45213097102e-09, 4.18760859322e-10, 1.05573515208e-10, 4.9286652537e-10, 1.65797639506e-10, 3.69667074729e-11], "max": [0.156035974622, 0.0938732400537, 0.0352198854089, 0.0125798368827, 0.00643084989861, 0.0184661000967, 0.00685309572145, 0.00309306546114, 0.0016950868303, 0.00097340362845, 0.000534092076123, 0.000629460206255, 0.00085250067059, 0.000734649598598, 0.00215562758967, 0.000875699101016, 0.000744126737118, 0.001070730621, 0.00084859872004, 0.00111616100185, 0.000783564057201, 0.000493675062899, 0.000542446272448, 0.000950266083237, 0.000665092084091, 0.000430542102549, 0.000582960608881, 0.000601966923568, 0.000412452383898, 0.00027190556284, 0.00028922277852, 0.000408897933085, 0.000239866858465, 0.000229032782954, 0.000321444909787, 0.000192288556718, 0.000103436359495, 0.00026400553179, 0.000135157053592, 4.30780164606e-05], "median": [0.00587986269966, 0.00288956193253, 5.13250961376e-05, 1.91266699403e-05, 1.57370232046e-05, 1.36125163408e-05, 1.08526692202e-05, 6.10470942775e-06, 1.51250992531e-06, 1.15211025786e-06, 1.21241555462e-06, 1.26866564187e-06, 1.20077993415e-06, 1.12315956358e-06, 1.25354699776e-06, 1.32429295263e-06, 1.15792704491e-06, 1.59799151334e-06, 3.29669273924e-06, 3.78542404178e-06, 2.22142216444e-06, 1.23532470298e-06, 9.87553903542e-07, 8.82765107235e-07, 6.53813799545e-07, 4.6281954269e-07, 3.26186977873e-07, 2.52465952144e-07, 2.19169862703e-07, 2.01177300596e-07, 1.68753700791e-07, 1.57134621759e-07, 1.23484454662e-07, 8.26978023838e-08, 5.68434970205e-08, 4.90337939141e-08, 4.50985879752e-08, 4.1888505109e-08, 3.96703399019e-08, 3.68720947108e-08], "var": [0.00029550990439, 0.000156655587489, 3.86017200071e-06, 1.18181947073e-06, 2.7638731126e-07, 6.85717907345e-07, 1.13943833924e-07, 4.19154240205e-08, 1.31328095065e-08, 3.87964727011e-09, 1.80216608303e-09, 2.2358224161e-09, 4.14979384189e-09, 1.88520354882e-09, 1.05416821938e-08, 2.99822855432e-09, 2.77740075383e-09, 4.28388124973e-09, 4.92461049717e-09, 6.34839203428e-09, 4.26772484019e-09, 1.15524745326e-09, 1.0278126128e-09, 1.67962221909e-09, 1.25994548128e-09, 1.14354747893e-09, 1.83938542175e-09, 2.0697892289e-09, 7.09144909461e-10, 5.63799673614e-10, 7.70844776898e-10, 4.6732206993e-10, 4.20422391345e-10, 5.23082799297e-10, 3.83514525693e-10, 1.16955806151e-10, 3.30625422873e-11, 1.25160895537e-10, 5.80156270247e-11, 1.40895212164e-11]}, "spectral_energy": {"mean": 0.0613461621106, "dvar": 0.00179526815191, "min": 9.7916366022e-21, "dmean": 0.0312409810722, "dmean2": 0.0459689684212, "dvar2": 0.00433095404878, "max": 0.490784704685, "median": 0.0392941124737, "var": 0.00480820098892}, "spectral_decrease": {"mean": -1.5700758027e-08, "dvar": 1.24697675866e-16, "min": -1.2913442049e-07, "dmean": 8.04809197064e-09, "dmean2": 1.18580949504e-08, "dvar2": 3.02102241572e-16, "max": 4.3641763741e-18, "median": -9.60740287326e-09, "var": 3.27882615764e-16}, "erbbands_spread": {"mean": 41.4768486023, "dvar": 804.351501465, "min": 0.319517731667, "dmean": 22.1476383209, "dmean2": 36.6811943054, "dvar2": 1898.20153809, "max": 183.437744141, "median": 33.7899589539, "var": 1121.89819336}, "spectral_contrast_coeffs": {"mean": [-0.6647554636, -0.792288839817, -0.862065315247, -0.830735981464, -0.822354316711, -0.808839857578], "dvar": [0.00310039753094, 0.00183623482008, 0.000713352928869, 0.000983942998573, 0.00133213598747, 0.000934148905799], "min": [-0.996409237385, -0.992982268333, -0.991792500019, -0.994442522526, -0.996246874332, -0.968952596188], "dmean": [0.0665665641427, 0.0520108826458, 0.0331857204437, 0.0370366200805, 0.0399872809649, 0.0350608117878], "dmean2": [0.106688894331, 0.0852581039071, 0.0550676211715, 0.0584688931704, 0.0624371320009, 0.0515302419662], "dvar2": [0.00768055766821, 0.00472697941586, 0.00187730533071, 0.00232323538512, 0.00304100196809, 0.00195265293587], "max": [-0.318613827229, -0.47024077177, -0.680606245995, -0.618540763855, -0.600929915905, -0.596636772156], "median": [-0.662859618664, -0.804755330086, -0.864043354988, -0.829784452915, -0.820167243481, -0.811122596264], "var": [0.0110477237031, 0.00673866411671, 0.00187517458107, 0.0034238549415, 0.00366282393225, 0.00395547132939]}, "spectral_energyband_middle_high": {"mean": 0.00259874155745, "dvar": 2.52472163993e-05, "min": 1.07760469624e-21, "dmean": 0.00271347002126, "dmean2": 0.00439346814528, "dvar2": 5.49386168132e-05, "max": 0.0481769479811, "median": 0.000314193137456, "var": 2.91425421892e-05}, "erbbands_crest": {"mean": 12.1409492493, "dvar": 22.0078697205, "min": 2.12124538422, "dmean": 4.42081880569, "dmean2": 7.18961763382, "dvar2": 48.1807670593, "max": 34.1134719849, "median": 9.71927833557, "var": 49.5841712952}, "barkbands_crest": {"mean": 16.326965332, "dvar": 13.2920036316, "min": 2.17613339424, "dmean": 3.6110534668, "dmean2": 5.47771167755, "dvar2": 28.4001693726, "max": 26.8989372253, "median": 16.269859314, "var": 52.7467422485}, "pitch_salience": {"mean": 0.355950057507, "dvar": 0.0177254527807, "min": 0.00191994174384, "dmean": 0.127240732312, "dmean2": 0.195567414165, "dvar2": 0.0380235984921, "max": 0.99854362011, "median": 0.288623094559, "var": 0.0701640322804}, "melbands_skewness": {"mean": 6.00656652451, "dvar": 21.7715015411, "min": -6.45827531815, "dmean": 3.67372202873, "dmean2": 5.99268484116, "dvar2": 55.2325248718, "max": 77.8448257446, "median": 3.9265294075, "var": 35.7017478943}, "spectral_spread": {"mean": 4826466.5, "dvar": 4378308116480.0, "min": 60940.890625, "dmean": 1586043.875, "dmean2": 2602415, "dvar2": 9961050472450.0, "max": 51265464, "median": 4416737, "var": 22229821685800.0}, "spectral_entropy": {"mean": 7.02819538116, "dvar": 0.841093182564, "min": 2.11897325516, "dmean": 0.655771613121, "dmean2": 1.01589524746, "dvar2": 1.72358977795, "max": 9.82418251038, "median": 7.44780921936, "var": 2.21797370911}, "erbbands_flatness_db": {"mean": 0.199817046523, "dvar": 0.00469561805949, "min": 0.0245599672198, "dmean": 0.0575716942549, "dmean2": 0.091901935637, "dvar2": 0.0100423814729, "max": 0.641962468624, "median": 0.166134744883, "var": 0.0120274331421}, "spectral_kurtosis": {"mean": 26.8983154297, "dvar": 5496.14892578, "min": -1.27744543552, "dmean": 21.485370636, "dmean2": 36.6349449158, "dvar2": 14480.0585938, "max": 1574.79162598, "median": 6.03479480743, "var": 6503.30664062}, "erbbands_skewness": {"mean": 0.987829208374, "dvar": 5.51141262054, "min": -7.83071279526, "dmean": 1.57697916031, "dmean2": 2.49419760704, "dvar2": 13.4142866135, "max": 18.5378704071, "median": 0.095267906785, "var": 10.9617366791}, "erbbands_kurtosis": {"mean": 23.8774814606, "dvar": 3569.40209961, "min": -1.92476928234, "dmean": 21.7235298157, "dmean2": 37.739566803, "dvar2": 9126.72753906, "max": 619.947021484, "median": 0.649225831032, "var": 5282.73388672}, "barkbands_spread": {"mean": 17.9255371094, "dvar": 290.675689697, "min": 0.0043427022174, "dmean": 12.3523426056, "dmean2": 19.656867981, "dvar2": 631.91809082, "max": 114.694389343, "median": 9.12735176086, "var": 471.531982422}, "zerocrossingrate": {"mean": 0.0470217689872, "dvar": 0.000848587602377, "min": 0.00146484375, "dmean": 0.018394138664, "dmean2": 0.0242227911949, "dvar2": 0.00159778748639, "max": 0.54248046875, "median": 0.0234375, "var": 0.00534549308941}, "spectral_centroid": {"mean": 1408.72473145, "dvar": 574620.75, "min": 31.2722415924, "dmean": 575.40057373, "dmean2": 895.417907715, "dvar2": 1082741.125, "max": 11884.9765625, "median": 853.476257324, "var": 2449432}, "barkbands_skewness": {"mean": 5.44172906876, "dvar": 58.8777351379, "min": -7.04334115982, "dmean": 4.5142364502, "dmean2": 7.30876016617, "dvar2": 163.823699951, "max": 96.9464263916, "median": 2.61168527603, "var": 68.1132583618}, "melbands_flatness_db": {"mean": 0.390274643898, "dvar": 0.0136075438932, "min": -2.24344702815e-07, "dmean": 0.110611394048, "dmean2": 0.157793164253, "dvar2": 0.0272314380854, "max": 1, "median": 0.34185218811, "var": 0.057152338326}, "spectral_contrast_valleys": {"mean": [-8.08040142059, -8.46744918823, -9.03692340851, -8.95768642426, -9.12671756744, -11.557592392], "dvar": [0.733194053173, 1.25770497322, 1.38077890873, 1.43893373013, 1.65685606003, 1.75413572788], "min": [-28.5237560272, -27.977602005, -27.926990509, -27.7275772095, -27.5340080261, -27.4460258484], "dmean": [0.705438315868, 0.966523647308, 0.995516896248, 0.999920248985, 1.13132083416, 1.23711919785], "dmean2": [1.04699254036, 1.45925569534, 1.48131930828, 1.45686662197, 1.61461746693, 1.78962314129], "dvar2": [1.23322963715, 2.4570069313, 2.62416243553, 2.74291467667, 3.01806783676, 3.16537618637], "max": [-4.82690286636, -4.26811504364, -5.45265245438, -5.30713367462, -5.04046916962, -7.11718893051], "median": [-7.61742401123, -8.03531742096, -8.56553649902, -8.33570671082, -8.27542686462, -10.7514543533], "var": [7.11683702469, 7.8864274025, 8.0146188736, 8.46704769135, 9.44356060028, 8.49371910095]}, "barkbands_flatness_db": {"mean": 0.295666903257, "dvar": 0.0113321598619, "min": 0.0142557611689, "dmean": 0.0969567075372, "dmean2": 0.139798685908, "dvar2": 0.0229725856334, "max": 1, "median": 0.241180360317, "var": 0.0433315448463}, "barkbands_kurtosis": {"mean": 176.205490112, "dvar": 791965.375, "min": -1.96638429165, "dm