{"lowlevel": {"erbbands": {"mean": [0.022082939744, 0.368889182806, 1.90461790562, 4.89622449875, 8.81227970123, 8.39048099518, 8.18991374969, 14.5859966278, 18.3149013519, 18.0258693695, 18.3428573608, 23.2001647949, 29.1207370758, 21.186164856, 16.0914669037, 16.5471172333, 19.5041828156, 23.7472019196, 24.7236824036, 25.1583557129, 35.8023834229, 50.6733589172, 47.8688201904, 31.5444011688, 29.85978508, 20.3645935059, 12.1727952957, 9.08876800537, 8.42799472809, 7.79105758667, 5.38159132004, 5.35684633255, 4.6190404892, 2.71822690964, 1.26937663555, 0.525432646275, 0.137314796448, 0.0210693404078, 0.00232485495508, 0.000151199463289], "dvar": [0.00189712061547, 0.293341726065, 7.67388010025, 44.622177124, 132.467941284, 80.5130081177, 181.005783081, 675.390380859, 1080.28405762, 1054.93652344, 799.965026855, 1434.0213623, 3048.52954102, 1523.78625488, 560.597351074, 595.993347168, 834.769226074, 640.126342773, 833.778076172, 778.854003906, 976.893798828, 1519.15930176, 1752.53198242, 787.695068359, 463.706481934, 326.945770264, 68.6939849854, 92.4042434692, 112.64176178, 136.785675049, 76.7244033813, 89.1272125244, 64.7140045166, 25.9161128998, 4.40354347229, 0.797729671001, 0.0462798215449, 0.00107733567711, 1.25030519484e-05, 2.53589025334e-08], "min": [1.09435013067e-22, 4.37389217423e-22, 2.1606262542e-21, 3.39894935657e-21, 5.55819044675e-21, 1.20622764642e-20, 6.43084781763e-20, 6.39409191787e-20, 1.10128396912e-19, 2.05749015233e-19, 3.75319140876e-19, 4.0544911714e-19, 5.5194805105e-19, 6.29043248694e-19, 1.01517953384e-18, 1.15932164924e-18, 1.84892361776e-18, 2.05607404497e-18, 2.55300755425e-18, 2.72985173818e-18, 3.54905440052e-18, 4.74920289305e-18, 5.01886253197e-18, 6.47081886504e-18, 6.62947003858e-18, 7.46446047689e-18, 9.26523184323e-18, 9.57830150711e-18, 1.20262680837e-17, 1.08858540255e-17, 1.14536465144e-17, 9.73541784702e-18, 8.95265187028e-18, 8.2816975513e-18, 5.60139496579e-18, 4.03415281639e-18, 2.59061656157e-18, 8.99726627021e-19, 2.59296461713e-19, 2.89550663703e-20], "dmean": [0.0178575795144, 0.239666730165, 1.26081287861, 3.52057552338, 5.66279983521, 4.9317522049, 5.71122407913, 10.9533052444, 14.0768709183, 11.6542158127, 10.8806581497, 13.1678361893, 17.064912796, 11.8490133286, 9.07142448425, 9.73015975952, 11.6980314255, 13.0746631622, 14.1409778595, 12.7053842545, 16.440820694, 23.7695159912, 22.6109714508, 14.5645933151, 13.3130493164, 9.16397666931, 5.24080324173, 4.7918715477, 4.54779052734, 4.54876613617, 3.16151595116, 3.05500292778, 2.54542636871, 1.51892578602, 0.676047444344, 0.280641615391, 0.0728444904089, 0.0112431552261, 0.001247235341, 6.94961272529e-05], "dmean2": [0.0311064366251, 0.413982361555, 2.18520259857, 6.01383733749, 9.86762332916, 8.36097431183, 9.48439788818, 18.3994121552, 23.3852500916, 17.67146492, 16.2730236053, 20.1757068634, 26.7013988495, 18.6839141846, 14.1016206741, 15.3069448471, 18.8243331909, 20.7755737305, 22.3758354187, 20.028711319, 25.7442836761, 37.8187484741, 35.5670394897, 22.7490844727, 21.2282314301, 14.5926771164, 8.47870540619, 7.83360481262, 7.02118968964, 6.92720317841, 4.85291957855, 4.46265602112, 3.58173251152, 2.16037416458, 0.966680347919, 0.399007111788, 0.104425475001, 0.0163452085108, 0.00185233494267, 0.000103032223706], "dvar2": [0.00518267089501, 0.821531414986, 21.5131568909, 117.128669739, 366.721313477, 214.855514526, 451.998260498, 1748.60290527, 2813.85546875, 2269.97851562, 1616.61962891, 3587.98144531, 7740.41162109, 4136.74609375, 1332.11999512, 1320.25622559, 2013.24597168, 1587.69482422, 1912.54455566, 1966.28320312, 2304.11962891, 3716.81469727, 4180.31542969, 1722.30212402, 1062.63220215, 801.012817383, 167.077636719, 226.41229248, 237.217605591, 266.105102539, 155.905181885, 178.016555786, 125.715934753, 49.3791313171, 8.42684173584, 1.54041922092, 0.0909158959985, 0.00245422893204, 2.844546907e-05, 5.40580131769e-08], "max": [0.638261139393, 6.4780421257, 26.9240112305, 86.1503601074, 143.506469727, 146.495651245, 232.883377075, 422.756286621, 510.460662842, 931.697875977, 614.749389648, 812.201049805, 1182.17443848, 1180.21130371, 466.002624512, 641.511352539, 778.999389648, 427.95803833, 643.201904297, 975.738037109, 707.322753906, 592.599304199, 752.916442871, 783.441345215, 501.91809082, 596.192626953, 130.825561523, 158.217132568, 256.515808105, 250.13734436, 187.623596191, 203.332366943, 156.893615723, 107.538459778, 43.4256782532, 18.0336494446, 4.15514469147, 0.850239336491, 0.0871360898018, 0.00306407106109], "median": [0.00523958168924, 0.118004411459, 0.648203849792, 2.22491288185, 5.67551374435, 5.34155035019, 3.69333362579, 5.1080789566, 6.73951053619, 4.12112522125, 5.19248962402, 8.21643638611, 6.85587501526, 4.37809276581, 4.2651014328, 5.06155872345, 7.91907453537, 9.73268127441, 12.1964731216, 13.3256778717, 19.9640693665, 30.1232872009, 27.3812198639, 18.0331192017, 21.5446777344, 14.9265460968, 8.91660118103, 5.05123996735, 3.66560149193, 2.01772975922, 1.37027347088, 1.2376768589, 1.05832588673, 0.619096636772, 0.298196315765, 0.128892093897, 0.0355515107512, 0.00520918704569, 0.000579319370445, 6.23621017439e-05], "var": [0.0020363018848, 0.389300495386, 9.01827907562, 51.2727737427, 125.149993896, 106.230476379, 248.748565674, 833.85345459, 1249.55957031, 2091.54956055, 1724.61621094, 2674.04345703, 6133.73925781, 2995.72167969, 1417.98791504, 1442.08068848, 1459.64208984, 1328.32873535, 1621.93981934, 1471.15014648, 2748.65649414, 4199.18017578, 4180.12841797, 1965.7142334, 1093.60192871, 570.311340332, 163.866744995, 167.824859619, 256.981414795, 363.409393311, 187.0362854, 216.328521729, 177.859451294, 63.0644760132, 11.3701276779, 1.97054541111, 0.114155516028, 0.00235428847373, 2.6840614737e-05, 7.10156982109e-08]}, "gfcc": {"icov": [[0.000114987633424, -0.000125809732708, 0.000270674587227, -0.000220382396947, 0.000295391771942, -0.000396825082134, 0.000409702188335, -0.000391324865632, 0.000271502271062, -0.000283369969111, 0.000524716218933, -0.000541617977433, 0.000581710308325], [-0.000125809732708, 0.00140493188519, 0.000473460007925, 0.0001310880034, -0.000894276192412, 0.00127455266193, -0.00107501051389, 0.000316226592986, -0.000229474666412, 0.000898309517652, -0.00153832382057, 0.00176051980816, -0.000570360687561], [0.000270674587227, 0.000473460007925, 0.0023601197172, -0.000320182618452, 0.000130216372781, -0.00123831478413, 0.00127715314738, -0.000877123966347, -0.000450166349765, -0.000209418969462, 0.000672623456921, -0.00180889526382, 0.00165386067238], [-0.000220382396947, 0.0001310880034, -0.000320182618452, 0.00263030501083, -0.00139404158108, 0.000169426988577, -0.000203264120501, 0.00126947497483, -0.00130420632195, 0.000228655597311, -8.53355231811e-05, 0.000177159221494, -0.00131057528779], [0.000295391771942, -0.000894276192412, 0.000130216372781, -0.00139404158108, 0.00507832877338, -0.0012072736863, -0.000251603894867, -0.000382259459002, -0.00019419810269, -0.0020359933842, 0.00155628554057, -0.00131967605557, -0.000313575088512], [-0.000396825082134, 0.00127455266193, -0.00123831478413, 0.000169426988577, -0.0012072736863, 0.0062616514042, -0.00366533105262, -0.000308731134282, 0.000299780338537, 0.000356965319952, -0.00261978898197, 0.00200385600328, -0.000186190794921], [0.000409702188335, -0.00107501051389, 0.00127715314738, -0.000203264120501, -0.000251603894867, -0.00366533105262, 0.0061889695935, -0.00165994674899, 0.000317778525641, 0.000207716293517, 0.00104435021058, -0.00240900856443, 0.000786442600656], [-0.000391324865632, 0.000316226592986, -0.000877123966347, 0.00126947497483, -0.000382259459002, -0.000308731134282, -0.00165994674899, 0.00970678590238, -0.00376538024284, 0.00129082985222, 0.000500636815559, 0.00106235663407, -0.002135963412], [0.000271502271062, -0.000229474666412, -0.000450166349765, -0.00130420632195, -0.00019419810269, 0.000299780338537, 0.000317778525641, -0.00376538024284, 0.0109570883214, -0.00355584686622, 0.000159815739607, -0.00142547558062, 0.00150426861364], [-0.000283369969111, 0.000898309517652, -0.000209418969462, 0.000228655597311, -0.0020359933842, 0.000356965319952, 0.000207716293517, 0.00129082985222, -0.00355584686622, 0.0151601852849, -0.00646217959002, 0.00452796509489, -0.000569065334275], [0.000524716218933, -0.00153832382057, 0.000672623456921, -8.53355231811e-05, 0.00155628554057, -0.00261978898197, 0.00104435021058, 0.000500636815559, 0.000159815739607, -0.00646217959002, 0.0184003934264, -0.00747637497261, 0.00243875058368], [-0.000541617977433, 0.00176051980816, -0.00180889526382, 0.000177159221494, -0.00131967605557, 0.00200385600328, -0.00240900856443, 0.00106235663407, -0.00142547558062, 0.00452796509489, -0.00747637497261, 0.0177316498011, -0.00454950425774], [0.000581710308325, -0.000570360687561, 0.00165386067238, -0.00131057528779, -0.000313575088512, -0.000186190794921, 0.000786442600656, -0.002135963412, 0.00150426861364, -0.000569065334275, 0.00243875058368, -0.00454950425774, 0.0213471185416]], "mean": [-14.6471004486, 59.5914955139, -118.895530701, 34.9391441345, -50.6865501404, -5.27629852295, -45.561668396, 7.59089756012, -30.4637203217, -3.06136250496, -22.2573451996, -5.67220544815, -13.797747612], "cov": [[32914.7265625, 868.994445801, -2512.72412109, 850.538146973, -1320.0604248, 358.875274658, -1030.5814209, 446.369537354, -603.915710449, -70.7846603394, -528.845703125, -23.9090709686, -464.459991455], [868.994445801, 2016.79309082, -1030.76147461, 43.8484687805, 208.984481812, -319.120147705, 233.494094849, -88.1912078857, -83.6262664795, -38.1468391418, 20.5597934723, -162.693252563, 63.4692611694], [-2512.72412109, -1030.76147461, 1238.17700195, -2.82995486259, 25.0254840851, 223.618759155, -79.6267318726, 67.2066040039, 142.497436523, 36.3438301086, 38.6996383667, 124.428535461, -30.1687908173], [850.538146973, 43.8484687805, -2.82995486259, 558.67578125, 142.668807983, 43.413444519, 1.40281569958, -15.1034030914, 51.8531990051, 27.4736652374, -8.06721496582, 20.3591060638, 15.7631416321], [-1320.0604248, 208.984481812, 25.0254840851, 142.668807983, 376.336456299, 39.936340332, 146.003051758, -9.78213977814, 58.995716095, 36.403553009, 28.2645778656, 2.09521770477, 41.925075531], [358.875274658, -319.120147705, 223.618759155, 43.413444519, 39.936340332, 370.240753174, 129.042419434, 71.4701385498, 24.05585289, 18.5626525879, 20.490814209, 39.6342163086, -21.8465156555], [-1030.5814209, 233.494094849, -79.6267318726, 1.40281569958, 146.003051758, 129.042419434, 369.73348999, 29.2579727173, 19.510684967, -7.88119602203, 31.8930206299, 6.51192426682, 29.3129768372], [446.369537354, -88.1912078857, 67.2066040039, -15.1034030914, -9.78213977814, 71.4701385498, 29.2579727173, 152.60295105, 39.4095649719, -1.73807990551, -12.6986608505, 12.4776611328, -4.69639110565], [-603.915710449, -83.6262664795, 142.497436523, 51.8531990051, 58.995716095, 24.05585289, 19.510684967, 39.4095649719, 142.862548828, 35.2791519165, 19.2583618164, 17.2043571472, 3.00662732124], [-70.7846603394, -38.1468391418, 36.3438301086, 27.4736652374, 36.403553009, 18.5626525879, -7.88119602203, -1.73807990551, 35.2791519165, 93.5979919434, 28.6128540039, -5.26950454712, -3.78902339935], [-528.845703125, 20.5597934723, 38.6996383667, -8.06721496582, 28.2645778656, 20.490814209, 31.8930206299, -12.6986608505, 19.2583618164, 28.6128540039, 87.3864364624, 22.8023834229, 3.89729404449], [-23.9090709686, -162.693252563, 124.428535461, 20.3591060638, 2.09521770477, 39.6342163086, 6.51192426682, 12.4776611328, 17.2043571472, -5.26950454712, 22.8023834229, 93.8367843628, 5.34024953842], [-464.459991455, 63.4692611694, -30.1687908173, 15.7631416321, 41.925075531, -21.8465156555, 29.3129768372, -4.69639110565, 3.00662732124, -3.78902339935, 3.89729404449, 5.34024953842, 63.7576446533]]}, "spectral_skewness": {"mean": 1.30246222019, "dvar": 0.0430776439607, "min": -0.273696631193, "dmean": 0.198302194476, "dmean2": 0.306528031826, "dvar2": 0.100294552743, "max": 3.41629648209, "median": 1.30503296852, "var": 0.207330301404}, "spectral_energyband_low": {"mean": 0.00428071664646, "dvar": 2.61701607087e-05, "min": 1.37290512045e-23, "dmean": 0.00259865727276, "dmean2": 0.00439038872719, "dvar2": 7.09528394509e-05, "max": 0.0436783321202, "median": 0.00207153707743, "var": 3.43515494023e-05}, "spectral_energyband_middle_low": {"mean": 0.00962788145989, "dvar": 5.10831450811e-05, "min": 1.47687862859e-22, "dmean": 0.0041575320065, "dmean2": 0.00683583738282, "dvar2": 0.000134628411615, "max": 0.0690969750285, "median": 0.00693538691849, "var": 8.06879252195e-05}, "mfcc": {"icov": [[0.000102285666799, -7.61959599913e-05, -4.71699713671e-05, -7.11850152584e-05, -9.5191080618e-06, -4.22633711423e-05, 9.36512296903e-05, -0.000226058298722, 4.8300713388e-05, -2.60758133663e-05, -5.00646165165e-05, -7.02499019098e-05, 0.000127924693516], [-7.61959599913e-05, 0.00118549051695, 0.000806757481769, -0.000376970681828, 0.00014211985399, 0.000685355276801, -0.000786647433415, 0.000309513066895, 0.000330153532559, -0.000462879950646, 0.000366547174053, -0.000428211060353, 0.000272481498541], [-4.71699713671e-05, 0.000806757481769, 0.00242589623667, 0.000379716715543, -0.000734970148187, -0.000213170598727, 0.000678525888361, -0.000744752236642, 0.000776788569055, -0.000420287658926, 0.000621320621576, -0.000745087338146, -0.000662529026158], [-7.11850152584e-05, -0.000376970681828, 0.000379716715543, 0.00318158813752, -0.00138332205825, -0.000788816076238, 0.000709685729817, 0.000456578069134, -0.00150300445966, 0.00150211050641, -0.000508042576257, 0.00073954265099, -0.00129373662639], [-9.5191080618e-06, 0.00014211985399, -0.000734970148187, -0.00138332205825, 0.00482793757692, -0.000842995068524, 0.00106945319567, 0.000566877191886, -0.000351408409188, -0.000757964735385, -0.000213418155909, -0.000545857881662, 0.000298561615637], [-4.22633711423e-05, 0.000685355276801, -0.000213170598727, -0.000788816076238, -0.000842995068524, 0.00669275550172, -0.00349549017847, -0.000814421451651, 0.000560599029996, -0.000191927043488, -0.00272920331918, 0.000657577475067, 0.000170315834112], [9.36512296903e-05, -0.000786647433415, 0.000678525888361, 0.000709685729817, 0.00106945319567, -0.00349549017847, 0.0085314437747, -0.00247525493614, -0.00166656333022, 0.0016172392061, -0.00114931922872, -0.000811500940472, 0.0015547904186], [-0.000226058298722, 0.000309513066895, -0.000744752236642, 0.000456578069134, 0.000566877191886, -0.000814421451651, -0.00247525493614, 0.00815843697637, -0.00251016416587, -0.00121432857122, 0.00182678073179, -0.000860360043589, -0.00216628261842], [4.8300713388e-05, 0.000330153532559, 0.000776788569055, -0.00150300445966, -0.000351408409188, 0.000560599029996, -0.00166656333022, -0.00251016416587, 0.0105863362551, -0.00344465160742, -0.000442593824118, -0.000841635919642, 0.00147907377686], [-2.60758133663e-05, -0.000462879950646, -0.000420287658926, 0.00150211050641, -0.000757964735385, -0.000191927043488, 0.0016172392061, -0.00121432857122, -0.00344465160742, 0.0130978263915, -0.0028056637384, -0.00126806902699, 0.000190662962268], [-5.00646165165e-05, 0.000366547174053, 0.000621320621576, -0.000508042576257, -0.000213418155909, -0.00272920331918, -0.00114931922872, 0.00182678073179, -0.000442593824118, -0.0028056637384, 0.0124848233536, -0.00326069328003, 0.000237913918681], [-7.02499019098e-05, -0.000428211060353, -0.000745087338146, 0.00073954265099, -0.000545857881662, 0.000657577475067, -0.000811500940472, -0.000860360043589, -0.000841635919642, -0.00126806902699, -0.00326069328003, 0.0157440453768, -0.00471349805593], [0.000127924693516, 0.000272481498541, -0.000662529026158, -0.00129373662639, 0.000298561615637, 0.000170315834112, 0.0015547904186, -0.00216628261842, 0.00147907377686, 0.000190662962268, 0.000237913918681, -0.00471349805593, 0.0151385394856]], "mean": [-643.907592773, 93.7358093262, -12.9566526413, 33.0653419495, 8.30393695831, -8.34137248993, -3.0947868824, -3.46522140503, -2.24579596519, -4.33535146713, -4.34585666656, -5.21615695953, -7.62523889542], "cov": [[11421.9589844, 681.299560547, 60.9327545166, 337.959991455, 117.591598511, 163.33706665, 83.8435745239, 343.929138184, 106.306732178, 96.8035202026, 83.9792327881, 101.090141296, -22.2355556488], [681.299560547, 1653.51208496, -730.612670898, 171.826339722, -151.260070801, -120.570281982, 154.171600342, -89.7470855713, 32.804058075, -15.2694454193, -9.67525577545, -19.0055675507, -85.9248199463], [60.9327545166, -730.612670898, 852.016906738, -120.4376297, 142.97819519, 35.7256393433, -133.840774536, 88.1466903687, -52.3363227844, 33.4040336609, -24.1187705994, 47.3879203796, 82.595085144], [337.959991455, 171.826339722, -120.4376297, 484.355865479, 130.004974365, 57.39894104, -4.1131234169, -32.1638336182, 53.722492218, -26.5128898621, 34.157623291, -10.0685224533, 14.1970233917], [117.591598511, -151.260070801, 142.97819519, 130.004974365, 298.702545166, 49.4488372803, -57.4483947754, -10.0028400421, 13.3952646255, 18.3971996307, 23.2765331268, 14.8064975739, 19.8217697144], [163.33706665, -120.570281982, 35.7256393433, 57.39894104, 49.4488372803, 277.422119141, 124.476119995, 71.4627685547, 42.4511566162, 18.1157341003, 77.1697998047, 16.6645355225, 0.204390987754], [83.8435745239, 154.171600342, -133.840774536, -4.1131234169, -57.4483947754, 124.476119995, 246.178192139, 79.204750061, 61.5413856506, 5.22679901123, 47.068939209, 13.798913002, -26.4312992096], [343.929138184, -89.7470855713, 88.1466903687, -32.1638336182, -10.0028400421, 71.4627685547, 79.204750061, 208.256408691, 58.3754920959, 33.8308258057, 8.0903377533, 31.7668437958, 24.5117759705], [106.306732178, 32.804058075, -52.3363227844, 53.722492218, 13.3952646255, 42.4511566162, 61.5413856506, 58.3754920959, 142.001464844, 37.8564376831, 28.6654663086, 15.6541471481, -7.82423305511], [96.8035202026, -15.2694454193, 33.4040336609, -26.5128898621, 18.3971996307, 18.1157341003, 5.22679901123, 33.8308258057, 37.8564376831, 101.921737671, 27.8145713806, 21.9774036407, 3.81396102905], [83.9792327881, -9.67525577545, -24.1187705994, 34.157623291, 23.2765331268, 77.1697998047, 47.068939209, 8.0903377533, 28.6654663086, 27.8145713806, 117.737174988, 25.7798461914, -0.650247871876], [101.090141296, -19.0055675507, 47.3879203796, -10.0685224533, 14.8064975739, 16.6645355225, 13.798913002, 31.7668437958, 15.6541471481, 21.9774036407, 25.7798461914, 84.6037826538, 27.4809684753], [-22.2355556488, -85.9248199463, 82.595085144, 14.1970233917, 19.8217697144, 0.204390987754, -26.4312992096, 24.5117759705, -7.82423305511, 3.81396102905, -0.650247871876, 27.4809684753, 87.7310256958]]}, "silence_rate_20dB": {"mean": 1, "dvar": 0, "min": 1, "dmean": 0, "dmean2": 0, "dvar2": 0, "max": 1, "median": 1, "var": 0}, "dynamic_complexity": 2.87570476532, "silence_rate_60dB": {"mean": 0.0819638445973, "dvar": 0.0213049910963, "min": 0, "dmean": 0.0217793304473, "dmean2": 0.0435676127672, "dvar2": 0.0453686118126, "max": 1, "median": 0, "var": 0.0752457752824}, "dissonance": {"mean": 0.475441128016, "dvar": 0.00025670582545, "min": 0.221304491162, "dmean": 0.0117936907336, "dmean2": 0.0191245898604, "dvar2": 0.000621409446467, "max": 0.500000119209, "median": 0.484173566103, "var": 0.000736077025067}, "barkbands": {"mean": [5.01032736793e-05, 0.00132420565933, 0.00194761529565, 0.0019545154646, 0.0027427286841, 0.00152878963854, 0.00127257348504, 0.000799708534032, 0.00110285240225, 0.000836882623844, 0.000398842559662, 0.000413010769989, 0.000432460976299, 0.000504293304402, 0.000419932883233, 0.000602116109803, 0.000858918996528, 0.000823836715426, 0.000580191670451, 0.000444665842224, 0.000255954801105, 0.000236421852605, 0.000200191381737, 0.000277470244328, 0.000207613047678, 8.92315802048e-05, 1.39446583489e-05], "dvar": [2.26038032736e-08, 3.84426311939e-06, 8.93450032891e-06, 1.03829870568e-05, 8.12130474515e-06, 6.4987807491e-06, 4.71665862278e-06, 1.91303001884e-06, 2.70164719041e-06, 3.71000874111e-06, 5.25356028902e-07, 4.1944269924e-07, 4.91498212796e-07, 3.48754269908e-07, 2.8841020594e-07, 3.18639990837e-07, 4.95506128573e-07, 5.75622095766e-07, 2.07895951121e-07, 1.39373526054e-07, 4.55221957907e-08, 9.53796615022e-08, 1.00767820754e-07, 2.09579710031e-07, 1.2555807416e-07, 1.97117593359e-08, 4.70101457761e-10], "min": [6.97008850342e-25, 3.38982642317e-24, 3.80046929858e-25, 3.37814423133e-25, 4.61190252184e-24, 3.47996640337e-24, 8.44953333203e-24, 1.02488422264e-23, 1.76885996788e-23, 1.18600638041e-23, 1.17731620979e-23, 2.7459730618e-23, 3.66092423193e-23, 3.09243288276e-23, 3.73448740461e-23, 6.03923068283e-23, 7.77503012125e-23, 9.79297544431e-23, 1.28046387523e-22, 1.43134078087e-22, 2.35606701047e-22, 3.34837602667e-22, 3.7254283153e-22, 6.13341751946e-22, 7.29707696926e-22, 1.31743295171e-21, 2.04968954027e-21], "dmean": [5.71292948734e-05, 0.000883518194314, 0.00137443712447, 0.00156216998585, 0.00155805028044, 0.0011375756003, 0.000938740966376, 0.000525566225406, 0.000613708572928, 0.000522191287018, 0.00025036680745, 0.000261882523773, 0.000284692272544, 0.000307407230139, 0.000252914789598, 0.000303867302136, 0.000427716469858, 0.000405633181799, 0.000271452503512, 0.000204724055948, 0.00012016036635, 0.000129884356284, 0.000117584226246, 0.000148772174725, 0.00011101088603, 4.61389463453e-05, 7.60685907153e-06], "dmean2": [9.68519962044e-05, 0.00151785940398, 0.00236992095597, 0.0026912568137, 0.00265380367637, 0.00190911372192, 0.00153568456881, 0.00080208084546, 0.00094171683304, 0.000831098470371, 0.000396907329559, 0.000417986128014, 0.000467248231871, 0.000494209933095, 0.000404504913604, 0.000477953784866, 0.00068908353569, 0.000643315666821, 0.000425094593083, 0.000328738358803, 0.000196146851522, 0.000197908724658, 0.000179151509656, 0.000212230457691, 0.000155437344802, 6.609569391e-05, 1.12555617306e-05], "dvar2": [6.04271832572e-08, 1.07198347905e-05, 2.49603526754e-05, 2.7862844945e-05, 2.22643520829e-05, 1.69514132722e-05, 1.17089257401e-05, 3.95690130972e-06, 6.83297412252e-06, 9.81055472948e-06, 1.31171259454e-06, 9.68188942352e-07, 1.23119195905e-06, 8.51240429256e-07, 7.12115877377e-07, 7.66806010688e-07, 1.2301662764e-06, 1.36185508381e-06, 4.62300590698e-07, 3.3863796034e-07, 1.11899417732e-07, 1.95008155401e-07, 2.02511586167e-07, 4.04991880032e-07, 2.34755205497e-07, 3.89816072754e-08, 1.07049102915e-09], "max": [0.00175396818668, 0.0228684768081, 0.0286099631339, 0.042299926281, 0.034057173878, 0.0371387600899, 0.0377000980079, 0.0235113538802, 0.0304438583553, 0.0610215850174, 0.015796314925, 0.0130431298167, 0.0194397848099, 0.0120119834319, 0.0103976819664, 0.0106759658083, 0.00998269207776, 0.0145149417222, 0.00898573640734, 0.0112320082262, 0.00340783805586, 0.00644243229181, 0.00869646761566, 0.00749177206308, 0.00733174756169, 0.00264492374845, 0.000581751635764], "median": [4.19865227741e-06, 0.000341399514582, 0.000588090741076, 0.000861905689817, 0.00192879443057, 0.000552844256163, 0.000400534714572, 0.000128539511934, 0.00036862611887, 0.000177621332114, 7.51757906983e-05, 0.000114467911771, 0.000165568955708, 0.000201985138119, 0.000203629941097, 0.000318611913826, 0.000505153555423, 0.00046547682723, 0.000375336501747, 0.000322877051076, 0.000167414822499, 9.17128345463e-05, 5.04315794387e-05, 6.56311312923e-05, 4.94442574563e-05, 2.29518409469e-05, 3.24165785059e-06], "var": [2.00447018983e-08, 5.26154690306e-06, 1.03511592897e-05, 1.02798931039e-05, 9.41576490732e-06, 8.26099949336e-06, 6.42993381916e-06, 4.28739440395e-06, 5.74301884626e-06, 7.02897523297e-06, 1.17916658837e-06, 9.07573394215e-07, 7.51366656004e-07, 6.64364563363e-07, 4.92372407734e-07, 8.10825611097e-07, 1.28895987928e-06, 1.33712092065e-06, 5.07716492848e-07, 2.62270674511e-07, 9.24637078015e-08, 2.27382699336e-07, 2.57517086766e-07, 5.92301262259e-07, 3.25764204945e-07, 4.9937231239e-08, 9.91748905221e-10]}, "spectral_complexity": {"mean": 24.5858669281, "dvar": 17.325466156, "min": 0, "dmean": 4.10232162476, "dmean2": 6.24373197556, "dvar2": 36.2163848877, "max": 58, "median": 25, "var": 177.874923706}, "spectral_energyband_high": {"mean": 0.00146090518683, "dvar": 1.52700295075e-06, "min": 7.04409238192e-21, "dmean": 0.000598913640715, "dmean2": 0.000852223369293, "dvar2": 2.69396150543e-06, "max": 0.0172824151814, "median": 0.00068908103276, "var": 5.43940132047e-06}, "hfc": {"mean": 26.8676013947, "dvar": 119.037948608, "min": 1.07763832889e-16, "dmean": 7.33356428146, "dmean2": 10.7452039719, "dvar2": 230.887771606, "max": 151.97505188, "median": 21.2291316986, "var": 538.217163086}, "melbands_kurtosis": {"mean": 8.18087482452, "dvar": 116.221107483, "min": -1.92979347706, "dmean": 4.68989896774, "dmean2": 7.34048318863, "dvar2": 247.544647217, "max": 450.601776123, "median": 3.67621612549, "var": 385.254089355}, "spectral_strongpeak": {"mean": 0.826563358307, "dvar": 0.652207553387, "min": 0, "dmean": 0.469851672649, "dmean2": 0.807332336903, "dvar2": 1.69013226032, "max": 9.3271484375, "median": 0.476475656033, "var": 0.968141973019}, "silence_rate_30dB": {"mean": 1, "dvar": 0, "min": 1, "dmean": 0, "dmean2": 0, "dvar2": 0, "max": 1, "median": 1, "var": 0}, "melbands_spread": {"mean": 43.6513710022, "dvar": 323.050323486, "min": 0.720513105392, "dmean": 12.4048938751, "dmean2": 19.1368942261, "dvar2": 623.616210938, "max": 305.814483643, "median": 34.9239692688, "var": 1192.8001709}, "melbands_crest": {"mean": 12.6668634415, "dvar": 8.34884643555, "min": 1.66798436642, "dmean": 2.97850990295, "dmean2": 4.8977432251, "dvar2": 21.9523906708, "max": 32.6849594116, "median": 11.9563846588, "var": 24.8666324615}, "average_loudness": 0.918992698193, "spectral_flux": {"mean": 0.0786566063762, "dvar": 0.000493467203341, "min": 6.36543734389e-11, "dmean": 0.0189279485494, "dmean2": 0.0291515421122, "dvar2": 0.00103930186015, "max": 0.237508431077, "median": 0.0731672048569, "var": 0.00193898170255}, "spectral_rolloff": {"mean": 3138.66772461, "dvar": 1851385.5, "min": 43.06640625, "dmean": 774.16003418, "dmean2": 1245.3059082, "dvar2": 3763522.5, "max": 19638.28125, "median": 2497.8515625, "var": 9461226}, "melbands": {"mean": [0.000285019923467, 0.00084561057156, 0.000972538953647, 0.000656479445752, 0.000299723702483, 0.000324544729665, 0.000272466888418, 0.000195333181182, 0.000149586019688, 0.000149142782902, 0.000147995378939, 9.04722401174e-05, 5.46344344912e-05, 4.5150922233e-05, 4.54904147773e-05, 4.30132713518e-05, 4.38014176325e-05, 4.14681526308e-05, 3.13323071168e-05, 3.71946043742e-05, 4.20734941144e-05, 5.16350955877e-05, 5.02402581333e-05, 3.74280753022e-05, 2.38228603848e-05, 2.22547369049e-05, 2.00474878511e-05, 1.18139787446e-05, 7.8988759924e-06, 5.91775460634e-06, 5.05824891661e-06, 4.67817199024e-06, 4.63590549771e-06, 4.25375628765e-06, 3.24597522194e-06, 2.56495513895e-06, 3.59234149983e-06, 3.43957435689e-06, 2.63137849288e-06, 2.2101671675e-06], "dvar": [1.99247807586e-07, 1.41078169236e-06, 1.55280190484e-06, 4.60050159745e-07, 1.82125191373e-07, 3.05861192373e-07, 2.26265385095e-07, 1.07694290818e-07, 4.84588618122e-08, 5.74968552769e-08, 8.44248404519e-08, 3.48531408179e-08, 7.80832376535e-09, 5.57540502655e-09, 6.7170953244e-09, 3.81576148456e-09, 2.64296806662e-09, 3.01182701001e-09, 1.51458379172e-09, 1.51591417197e-09, 1.87544713093e-09, 2.07807060448e-09, 1.84641191225e-09, 1.68891711727e-09, 6.27662422037e-10, 3.28307991904e-10, 2.95192092992e-10, 1.54738583058e-10, 3.23995726081e-11, 3.06049005583e-11, 3.7878075676e-11, 3.93663122933e-11, 4.5951787514e-11, 5.11641701229e-11, 3.47199456685e-11, 1.92855488523e-11, 4.96184239529e-11, 4.02080833906e-11, 2.49985344924e-11, 2.14027510992e-11], "min": [1.48454589905e-24, 8.55376473458e-25, 5.59827713861e-25, 1.16003623138e-24, 1.58535561742e-24, 1.46458337942e-24, 1.84212984207e-24, 2.79370474748e-24, 2.79181779219e-24, 2.76628828115e-24, 2.44514024562e-24, 2.16400422128e-24, 2.39859902993e-24, 3.23755575808e-24, 3.372027749e-24, 3.50933806145e-24, 2.90612215964e-24, 3.2584804908e-24, 3.53974115517e-24, 3.0057117074e-24, 3.42581031336e-24, 4.03866293999e-24, 2.99737758915e-24, 4.18193073e-24, 4.6123734718e-24, 3.5726895086e-24, 4.6472927942e-24, 4.67211943018e-24, 5.37583463359e-24, 5.3276237938e-24, 5.61471118202e-24, 6.39321552685e-24, 5.33423365932e-24, 5.72360278037e-24, 6.21444229079e-24, 4.99243482302e-24, 5.30284370061e-24, 5.44424504572e-24, 5.82197728512e-24, 6.4463476754e-24], "dmean": [0.000198605965124, 0.000540871697012, 0.000655645388179, 0.000371335772797, 0.000194771550014, 0.000239138607867, 0.000209385150811, 0.000124063299154, 8.93813557923e-05, 8.51559670991e-05, 8.87920468813e-05, 5.37003361387e-05, 3.18768943544e-05, 2.85789574264e-05, 2.97453789244e-05, 2.69102110906e-05, 2.57883075392e-05, 2.5935631129e-05, 1.81993964361e-05, 1.98421021196e-05, 2.16499174712e-05, 2.67879622697e-05, 2.50891134783e-05, 1.99375263037e-05, 1.23228419397e-05, 1.08132508103e-05, 1.00479228422e-05, 5.97712778472e-06, 3.66992230738e-06, 3.06030460706e-06, 2.97148039863e-06, 2.67033874479e-06, 2.75125353255e-06, 2.6476570838e-06, 2.02571482077e-06, 1.56245926064e-06, 2.18278978537e-06, 1.98490738512e-06, 1.54591714363e-06, 1.3279027371e-06], "dmean2": [0.000342792191077, 0.000934533192776, 0.00112350448035, 0.00063440395752, 0.000323297601426, 0.000401422177674, 0.00034629626316, 0.000188387886737, 0.000133885143441, 0.000130671687657, 0.000139473908348, 8.4876533947e-05, 4.97515502502e-05, 4.53665961686e-05, 4.79527152493e-05, 4.34479225078e-05, 4.14690257458e-05, 4.1389168473e-05, 2.91287651635e-05, 3.18533202517e-05, 3.46021115547e-05, 4.30730106018e-05, 4.0274229832e-05, 3.20158687828e-05, 1.95890243049e-05, 1.7285148715e-05, 1.626446101e-05, 9.61146906775e-06, 6.01505416853e-06, 5.03427145304e-06, 4.90245383844e-06, 4.20756759922e-06, 4.24429254053e-06, 4.09576205129e-06, 3.14804810841e-06, 2.39762198362e-06, 3.22512232742e-06, 2.84886846202e-06, 2.22589824261e-06, 1.94381141227e-06], "dvar2": [5.47155877939e-07, 3.96428777094e-06, 4.11536939282e-06, 1.26539634948e-06, 4.54336884559e-07, 7.94659058556e-07, 5.85697193856e-07, 2.30362076081e-07, 1.01501633765e-07, 1.43476938774e-07, 2.16255045871e-07, 9.46090494836e-08, 1.85321358259e-08, 1.35116478006e-08, 1.60250657188e-08, 9.38179578469e-09, 6.63486288133e-09, 6.96021240643e-09, 3.67028429871e-09, 3.6555811711e-09, 4.55186022208e-09, 5.10671460674e-09, 4.47479608923e-09, 3.9225289683e-09, 1.43397982377e-09, 7.46546546804e-10, 7.1214456554e-10, 3.91876697758e-10, 8.05393182701e-11, 7.75735309322e-11, 9.49453918264e-11, 8.85314252463e-11, 9.26232771037e-11, 1.02304345551e-10, 7.26073992596e-11, 4.07387630574e-11, 1.05780044446e-10, 8.00907742904e-11, 5.00259590697e-11, 4.31369835685e-11], "max": [0.00618154136464, 0.0109739871696, 0.0149020487443, 0.00806770566851, 0.00734103051946, 0.00872472394258, 0.00816788803786, 0.00883334223181, 0.00432222476229, 0.0046693244949, 0.00630100863054, 0.00614250730723, 0.00209249835461, 0.00151243305299, 0.00255828979425, 0.00100821431261, 0.000922260805964, 0.00118557061069, 0.00081397005124, 0.000984020181932, 0.000918076606467, 0.000800705573056, 0.00057366467081, 0.00110490608495, 0.000662574078888, 0.000309671420837, 0.000352112925611, 0.000424615194788, 9.94876390905e-05, 0.000103704514913, 0.000102529789729, 0.00013160223898, 0.000149448344018, 0.000210078607779, 0.000153581393533, 0.000110202403448, 0.000151188156451, 0.000138979041367, 0.000111413930426, 0.000104657752672], "median": [7.53855274525e-05, 0.000316897028824, 0.000532130419742, 0.000465903372969, 0.000148920764332, 0.000117687690363, 9.82518176897e-05, 3.65209707525e-05, 4.68146718049e-05, 4.82143041154e-05, 3.26879198838e-05, 1.81189279829e-05, 1.26146605908e-05, 1.18639300126e-05, 1.49149200297e-05, 1.66940044437e-05, 1.66528898262e-05, 1.78977643372e-05, 1.50253954416e-05, 1.91337294382e-05, 2.17941633309e-05, 2.93574757961e-05, 3.05628273054e-05, 1.98510206246e-05, 1.24402995425e-05, 1.46216170833e-05, 1.41280106618e-05, 8.24700691737e-06, 5.68217456021e-06, 3.66276231034e-06, 2.49645563599e-06, 2.11991346077e-06, 1.42065584896e-06, 9.68862877926e-07, 7.73335443682e-07, 6.4026801283e-07, 7.77722561907e-07, 7.30134729565e-07, 5.95720848651e-07, 4.89798480885e-07], "var": [2.56948396782e-07, 1.68496035258e-06, 1.71715294073e-06, 5.22909999745e-07, 2.66138442839e-07, 3.822094925e-07, 2.64511527348e-07, 2.27436842692e-07, 9.89654509453e-08, 1.15410699664e-07, 1.68092753938e-07, 6.34359835772e-08, 2.03104555396e-08, 1.11551479165e-08, 1.25002408424e-08, 6.30223473408e-09, 5.00374053303e-09, 5.56162138565e-09, 2.76525646825e-09, 3.35619909642e-09, 4.53898207908e-09, 5.07114927828e-09, 4.3721395393e-09, 3.43676198611e-09, 1.32794608643e-09, 7.22724879942e-10, 5.75873737585e-10, 2.29438509858e-10, 7.2178533983e-11, 5.49803536032e-11, 6.36949312738e-11, 7.76744155107e-11, 1.10245777785e-10, 1.29908417357e-10, 8.09055392126e-11, 4.07871444952e-11, 1.09099805579e-10, 1.05030595332e-10, 5.97538546421e-11, 4.54565586561e-11]}, "spectral_energy": {"mean": 0.0203195512295, "dvar": 8.36882391013e-05, "min": 1.0013146523e-20, "dmean": 0.00616208883002, "dmean2": 0.00993748940527, "dvar2": 0.000219620123971, "max": 0.0885254517198, "median": 0.0177236590534, "var": 0.000209451012779}, "spectral_decrease": {"mean": -4.73807082457e-09, "dvar": 5.41867779951e-18, "min": -2.21963691871e-08, "dmean": 1.52666757014e-09, "dmean2": 2.48174214512e-09, "dvar2": 1.42364516671e-17, "max": 1.78896914643e-11, "median": -4.03040267827e-09, "var": 1.2450071589e-17}, "erbbands_spread": {"mean": 40.7737350464, "dvar": 97.8368911743, "min": 3.23250555992, "dmean": 8.9256811142, "dmean2": 13.8795528412, "dvar2": 221.492080688, "max": 164.654922485, "median": 38.0739593506, "var": 333.475036621}, "spectral_contrast_coeffs": {"mean": [-0.583689689636, -0.721125662327, -0.775047361851, -0.787109851837, -0.787191152573, -0.760439515114], "dvar": [0.00192008563317, 0.00171360268723, 0.00117546948604, 0.000694694754202, 0.00039586663479, 0.0004563901457], "min": [-0.978642880917, -0.977720499039, -0.976933240891, -0.975951850414, -0.968429148197, -0.965721309185], "dmean": [0.0497403256595, 0.0486110299826, 0.0394253395498, 0.0311545655131, 0.0229534637183, 0.0212052371353], "dmean2": [0.0807437449694, 0.0778893083334, 0.0630411580205, 0.0504133440554, 0.0367607660592, 0.0335083082318], "dvar2": [0.00467337109149, 0.00403405120596, 0.00279268668965, 0.00169835181441, 0.000933546514716, 0.00103614164982], "max": [-0.236873790622, -0.384803593159, -0.428202629089, -0.522306203842, -0.59280949831, -0.487270504236], "median": [-0.585295915604, -0.727561116219, -0.788348674774, -0.790246725082, -0.788708925247, -0.758569180965], "var": [0.010495939292, 0.00842998083681, 0.00659623136744, 0.00303301471286, 0.00205721124075, 0.00314074940979]}, "spectral_energyband_middle_high": {"mean": 0.00603778660297, "dvar": 6.66069490762e-06, "min": 1.12396346418e-21, "dmean": 0.00177544762846, "dmean2": 0.00267695309594, "dvar2": 1.5643910956e-05, "max": 0.0667404830456, "median": 0.00438034208491, "var": 3.26859371853e-05}, "erbbands_crest": {"mean": 8.24349594116, "dvar": 5.28545379639, "min": 2.19943237305, "dmean": 2.34216427803, "dmean2": 3.83128786087, "dvar2": 13.4102020264, "max": 28.4007797241, "median": 7.41276454926, "var": 13.7031230927}, "barkbands_crest": {"mean": 8.34031581879, "dvar": 4.06888389587, "min": 2.46233558655, "dmean": 2.09196186066, "dmean2": 3.43533277512, "dvar2": 10.1225700378, "max": 25.2976608276, "median": 7.57512235641, "var": 13.1975431442}, "pitch_salience": {"mean": 0.622103393078, "dvar": 0.00392978964373, "min": 0.129373803735, "dmean": 0.0629926547408, "dmean2": 0.103453367949, "dvar2": 0.0100956019014, "max": 0.863900125027, "median": 0.634626746178, "var": 0.0117795374244}, "melbands_skewness": {"mean": 2.16981363297, "dvar": 0.548529267311, "min": -4.73725748062, "dmean": 0.65118521452, "dmean2": 1.00184297562, "dvar2": 1.20425832272, "max": 18.6946430206, "median": 1.93498396873, "var": 2.54540491104}, "spectral_spread": {"mean": 5292593, "dvar": 791436132352, "min": 1491337.125, "dmean": 585274.5625, "dmean2": 832149.3125, "dvar2": 1432763629570.0, "max": 42771504, "median": 4289020, "var": 24182716891100.0}, "spectral_entropy": {"mean": 7.82341051102, "dvar": 0.0240824595094, "min": 5.95740795135, "dmean": 0.127701789141, "dmean2": 0.181787893176, "dvar2": 0.0428710207343, "max": 9.82421016693, "median": 7.80824565887, "var": 0.227154776454}, "erbbands_flatness_db": {"mean": 0.149979889393, "dvar": 0.000271301658358, "min": 0.0252322200686, "dmean": 0.015640206635, "dmean2": 0.0231988541782, "dvar2": 0.000547013536561, "max": 0.309982657433, "median": 0.145841687918, "var": 0.00202559377067}, "spectral_kurtosis": {"mean": 4.11787939072, "dvar": 2.21862649918, "min": -1.26595664024, "dmean": 1.30651712418, "dmean2": 2.13911032677, "dvar2": 6.24591827393, "max": 21.2638053894, "median": 3.91762638092, "var": 6.08816862106}, "erbbands_skewness": {"mean": -0.385691583157, "dvar": 0.172306105494, "min": -5.22484064102, "dmean": 0.387046992779, "dmean2": 0.578460454941, "dvar2": 0.361481010914, "max": 4.41605138779, "median": -0.502860188484, "var": 0.857799470425}, "erbbands_kurtosis": {"mean": 0.654471993446, "dvar": 3.33420348167, "min": -1.78450250626, "dmean": 1.11415958405, "dmean2": 1.73573672771, "dvar2": 7.04178762436, "max": 44.2397727966, "median": -0.0115706063807, "var": 7.28890275955}, "barkbands_spread": {"mean": 34.0636787415, "dvar": 75.9282226562, "min": 1.29843258858, "dmean": 7.01144504547, "dmean2": 10.7363195419, "dvar2": 166.699478149, "max": 131.480163574, "median": 31.9313468933, "var": 296.203308105}, "zerocrossingrate": {"mean": 0.101798914373, "dvar": 0.000448981241789, "min": 0.00732421875, "dmean": 0.0148468799889, "dmean2": 0.0158919189125, "dvar2": 0.000416616530856, "max": 0.52197265625, "median": 0.07958984375, "var": 0.00623460672796}, "spectral_centroid": {"mean": 2101.89111328, "dvar": 148609.90625, "min": 163.950546265, "dmean": 312.143798828, "dmean2": 468.987945557, "dvar2": 297661.71875, "max": 12108.5498047, "median": 1961.50341797, "var": 1831538.125}, "barkbands_skewness": {"mean": 0.801049530506, "dvar": 0.307468980551, "min": -7.24705171585, "dmean": 0.490021646023, "dmean2": 0.743036687374, "dvar2": 0.632921516895, "max": 9.65381526947, "median": 0.769436597824, "var": 1.33574080467}, "melbands_flatness_db": {"mean": 0.153962820768, "dvar": 0.000565721362364, "min": 0.00374591606669, "dmean": 0.0221358817071, "dmean2": 0.0336916074157, "dvar2": 0.00124957237858, "max": 0.468527674675, "median": 0.148196414113, "var": 0.00329555827193}, "spectral_contrast_valleys": {"mean": [-8.29020881653, -7.40592575073, -7.97828769684, -7.87372732162, -7.32997226715, -10.2096948624], "dvar": [0.211594119668, 0.157994136214, 0.12858311832, 0.0983097106218, 0.0883963406086, 0.133530274034], "min": [-28.2934513092, -27.8671188354, -27.7144241333, -27.5630550385, -27.5011577606, -27.3820858002], "dmean": [0.468578249216, 0.404827147722, 0.359587132931, 0.301388084888, 0.245716199279, 0.271938025951], "dmean2": [0.742047727108, 0.645503878593, 0.568571269512, 0.460083752871, 0.361557453871, 0.369776904583], "dvar2": [0.449657261372, 0.35713738203, 0.276837199926, 0.196514099836, 0.158434703946, 0.232433363795], "max": [-5.64387559891, -4.73348522186, -5.18797826767, -5.74351644516, -5.50640773773, -7.45792818069], "median": [-7.70079803467, -6.92367172241, -7.49186038971, -7.34158325195, -6.74658584595, -9.63154792786], "var": [7.81901359558, 7.73166275024, 7.41265439987, 7.36173009872, 7.68221998215, 6.62518548965]}, "barkbands_flatness_db": {"mean": 0.106179282069, "dvar": 0.00030375958886, "min": 0.0197100527585, "dmean": 0.016600901261, "dmean2": 0.0256128143519, "dvar2": 0.000659543788061, "max": 0.33133623004, "median": 0.0973886847496, "var": 0.00187987659592}, "barkbands_kurtosis": {"mean": 1.176883220