{"lowlevel": {"erbbands": {"mean": [0.215953245759, 2.22289347649, 4.72216320038, 4.08365774155, 8.76705551147, 16.3530540466, 12.0856018066, 16.9453296661, 11.8550930023, 21.3355751038, 26.3886699677, 46.043926239, 34.4203948975, 32.6827316284, 27.3610610962, 33.989440918, 29.7813930511, 25.7199783325, 32.2009963989, 36.7817764282, 53.4720611572, 64.6399612427, 30.2298259735, 25.7821617126, 15.9658050537, 11.8000822067, 10.0683526993, 14.3588485718, 12.336271286, 10.9320077896, 7.00249099731, 5.48352003098, 3.06643724442, 1.40745401382, 0.44483140111, 0.167194977403, 0.0521856993437, 0.0114042395726, 0.00130893941969, 7.29707171558e-05], "dvar": [0.29207906127, 32.7833442688, 90.5585479736, 31.2845516205, 605.268066406, 1651.94873047, 234.646209717, 519.685913086, 371.501037598, 649.514099121, 995.479858398, 1631.29711914, 1043.60656738, 1076.26037598, 660.630371094, 881.00390625, 602.390686035, 360.348846436, 1162.57250977, 1739.03674316, 2725.59472656, 3309.07275391, 587.938964844, 398.716552734, 156.134689331, 125.689506531, 102.46383667, 239.533065796, 149.555297852, 337.706481934, 99.2983474731, 96.1856460571, 41.109752655, 12.7492465973, 0.466752707958, 0.0302888508886, 0.00234236009419, 0.000122504789033, 2.73432578979e-06, 2.55328025389e-09], "min": [9.77191311058e-22, 5.50140902134e-21, 1.72810583074e-20, 8.56885766949e-21, 9.2402097331e-20, 2.50903370231e-19, 5.66480735533e-19, 6.88446293806e-19, 8.50827948507e-19, 7.10515317452e-19, 7.8022322354e-19, 1.33471185644e-18, 1.24814533739e-18, 2.04967849127e-18, 2.67138661248e-18, 4.27094939675e-18, 7.34507763498e-18, 1.10929362103e-17, 7.21373789732e-18, 4.47352303363e-18, 7.58908847106e-18, 7.31248092858e-18, 9.03951906949e-18, 1.384922857e-17, 1.46473073142e-17, 1.53133084757e-17, 1.90613333144e-17, 1.55046171534e-17, 1.34239377939e-17, 1.30120233556e-17, 2.53874286594e-17, 2.08674755644e-17, 1.65568123993e-17, 1.63613661641e-17, 9.07198177263e-18, 6.55506555607e-18, 2.93239042668e-18, 1.1790048255e-18, 3.34126502798e-19, 3.78236703831e-20], "dmean": [0.230321526527, 2.23480367661, 3.97015428543, 3.01429152489, 8.95771694183, 15.3826494217, 8.32583808899, 11.4246435165, 8.4738445282, 14.0507717133, 16.2934684753, 24.4762744904, 17.8347129822, 15.7401981354, 13.3836174011, 16.909078598, 13.7868719101, 12.3959159851, 18.0598983765, 20.5433387756, 27.2847442627, 32.2793388367, 14.1436653137, 12.094745636, 7.55624437332, 6.43462228775, 5.51981115341, 7.16138648987, 6.13683605194, 6.37099790573, 3.64362931252, 2.98285007477, 1.70389568806, 0.763531327248, 0.207950130105, 0.0748428553343, 0.0220020264387, 0.00532325729728, 0.000761190254707, 3.2502310205e-05], "dmean2": [0.389440357685, 4.14052057266, 7.23568201065, 5.39042568207, 15.7204523087, 26.7966403961, 14.5328865051, 19.499835968, 14.7352170944, 23.2721996307, 25.8320083618, 38.3329353333, 26.9224224091, 23.3839225769, 20.873134613, 26.2889938354, 21.3715305328, 19.6777877808, 28.2335414886, 31.5688056946, 42.3743553162, 51.400226593, 22.2909126282, 19.3099727631, 12.4651021957, 11.2116327286, 9.44909477234, 11.5121517181, 9.71480083466, 9.77252197266, 5.46520233154, 4.42300748825, 2.41887044907, 1.12377548218, 0.310235202312, 0.116313241422, 0.0336587615311, 0.0079961437732, 0.00117279519327, 5.17988410138e-05], "dvar2": [0.76522231102, 93.781036377, 260.063262939, 89.7802352905, 1647.61914062, 4499.72998047, 656.15423584, 1454.37231445, 1036.77148438, 1728.5546875, 2417.50097656, 3882.26538086, 2208.98168945, 2168.73681641, 1570.44567871, 1995.89489746, 1249.7701416, 861.831298828, 2635.70214844, 3994.39599609, 6210.16699219, 8030.91845703, 1382.78173828, 943.232666016, 393.243743896, 329.217895508, 264.672821045, 563.204711914, 328.280517578, 731.59197998, 203.767364502, 192.437057495, 69.0340957642, 27.8277626038, 1.07233953476, 0.0706919506192, 0.00544929178432, 0.000266594986897, 6.01253304922e-06, 5.81686387946e-09], "max": [3.82435655594, 37.0534133911, 71.0029602051, 64.7292404175, 185.6199646, 346.890686035, 216.348876953, 313.971191406, 236.434783936, 356.106262207, 574.566101074, 652.438293457, 679.949951172, 737.402099609, 433.154724121, 623.171081543, 442.381225586, 316.087677002, 555.871398926, 746.993347168, 761.271728516, 985.571899414, 493.467895508, 545.446105957, 266.427734375, 206.430770874, 162.860794067, 350.771270752, 209.28817749, 370.909698486, 175.307449341, 220.321228027, 146.549255371, 136.584136963, 27.2761173248, 5.57359552383, 0.924964129925, 0.226018220186, 0.0380914360285, 0.000896888959687], "median": [0.0425265356898, 0.965004980564, 2.49389457703, 2.6843726635, 3.62415552139, 6.35232019424, 7.99876499176, 10.1476678848, 7.09496974945, 11.7039480209, 14.0634708405, 25.8774204254, 16.9562339783, 16.5443878174, 15.2858104706, 17.3839168549, 19.6029891968, 17.9380073547, 16.5803909302, 14.4617576599, 26.0789012909, 36.471321106, 21.1136379242, 19.7307987213, 12.5426216125, 8.7146396637, 7.46142482758, 9.34490203857, 7.50277233124, 4.59973287582, 3.19895291328, 2.32567381859, 1.29605364799, 0.691765904427, 0.272902786732, 0.101405255497, 0.0315200537443, 0.00665431469679, 0.00063684763154, 5.46978917555e-05], "var": [0.245388939977, 20.9520683289, 62.6149253845, 26.5227832794, 438.549133301, 1247.63586426, 227.68699646, 496.876037598, 324.784057617, 868.804626465, 1576.51074219, 3678.95654297, 2575.15307617, 2941.38012695, 1395.01391602, 2383.02124023, 1498.48937988, 824.407653809, 2150.67871094, 3469.78540039, 6489.29833984, 9081.44042969, 1241.61083984, 803.479125977, 238.755844116, 159.209106445, 127.29258728, 379.31072998, 292.89364624, 557.337341309, 192.572753906, 185.706863403, 89.0279541016, 17.9850502014, 0.653972566128, 0.0501934885979, 0.00448252120987, 0.000230781311984, 4.15317026636e-06, 4.04040090274e-09]}, "gfcc": {"icov": [[0.000198426059796, -0.000338471174473, 0.000463244476123, -0.000567430164665, 0.000522321730386, -0.000331676477799, 0.000402126694098, -0.000612745119724, 0.000760092050768, -0.000978024909273, 0.000957644544542, -0.000741844181903, 0.000639001431409], [-0.000338471174473, 0.00201890012249, -0.00096062279772, 0.00133592716884, -0.00202648760751, 0.00119106215425, -0.00196497049183, 0.00180078926496, -0.00275888317265, 0.00409302674234, -0.00313707557507, 0.00261289905757, -0.00126868940424], [0.000463244476123, -0.00096062279772, 0.00298986025155, -0.00249050348066, 0.000915545620956, 0.000122901547002, -0.000196130247787, -0.000582260428928, 0.00245686876588, -0.00329005811363, 0.00154716253746, -0.00165116123389, 0.00124052306637], [-0.000567430164665, 0.00133592716884, -0.00249050348066, 0.00409040460363, -0.00102674611844, 0.000233246770222, -0.000569517491385, -3.63399994967e-05, -0.00432151695713, 0.00460911961272, -0.00237317988649, 0.00204032892361, -0.00173540972173], [0.000522321730386, -0.00202648760751, 0.000915545620956, -0.00102674611844, 0.00615598727018, -0.00182803533971, 0.00098744162824, -0.00288768182509, 0.000649733818136, -0.0042802253738, 0.00312976096757, -0.00196449155919, -0.000571526878048], [-0.000331676477799, 0.00119106215425, 0.000122901547002, 0.000233246770222, -0.00182803533971, 0.00841876678169, -0.00443443562835, 0.000705852871761, -0.00208583869971, 0.00170691730455, -0.00425824290141, 0.00276743108407, 9.35105636017e-05], [0.000402126694098, -0.00196497049183, -0.000196130247787, -0.000569517491385, 0.00098744162824, -0.00443443562835, 0.011276348494, -0.0067874439992, 0.00556387146935, -0.00328949396499, -0.000459951668745, -0.00185602763668, 0.00172181834932], [-0.000612745119724, 0.00180078926496, -0.000582260428928, -3.63399994967e-05, -0.00288768182509, 0.000705852871761, -0.0067874439992, 0.0152252288535, -0.00729039730504, 0.00301690166816, 0.000207877412322, -0.000462632626295, -0.000669170345645], [0.000760092050768, -0.00275888317265, 0.00245686876588, -0.00432151695713, 0.000649733818136, -0.00208583869971, 0.00556387146935, -0.00729039730504, 0.0184479989111, -0.0101470397785, 0.00440064258873, -0.00127595185768, -0.000830367265735], [-0.000978024909273, 0.00409302674234, -0.00329005811363, 0.00460911961272, -0.0042802253738, 0.00170691730455, -0.00328949396499, 0.00301690166816, -0.0101470397785, 0.0232111029327, -0.0107090119272, 0.00397331640124, -0.000902928062715], [0.000957644544542, -0.00313707557507, 0.00154716253746, -0.00237317988649, 0.00312976096757, -0.00425824290141, -0.000459951668745, 0.000207877412322, 0.00440064258873, -0.0107090119272, 0.0241226479411, -0.00962689798325, 0.00333761004731], [-0.000741844181903, 0.00261289905757, -0.00165116123389, 0.00204032892361, -0.00196449155919, 0.00276743108407, -0.00185602763668, -0.000462632626295, -0.00127595185768, 0.00397331640124, -0.00962689798325, 0.0237624868751, -0.0086311083287], [0.000639001431409, -0.00126868940424, 0.00124052306637, -0.00173540972173, -0.000571526878048, 9.35105636017e-05, 0.00172181834932, -0.000669170345645, -0.000830367265735, -0.000902928062715, 0.00333761004731, -0.0086311083287, 0.0250661876053]], "mean": [17.8953418732, 76.9118881226, -116.694480896, 28.5070724487, -55.3012008667, 13.2630939484, -36.1928482056, 8.25672149658, -19.7236938477, -1.94629812241, -18.0347480774, 3.6486260891, -12.0584144592], "cov": [[19048.3769531, -1456.6817627, -1302.38293457, 1620.71191406, -997.347106934, 225.693389893, -341.124694824, 560.733703613, 46.3960113525, 5.58979272842, -467.523834229, 117.16394043, -263.505432129], [-1456.6817627, 1749.99755859, 231.956329346, -174.191207886, 470.897186279, 49.9619140625, 247.440002441, -2.50782513618, 91.6281280518, -74.0843200684, 121.554801941, -67.306640625, 56.6610794067], [-1302.38293457, 231.956329346, 862.162597656, 358.558654785, 117.27973175, 17.3213939667, 138.025680542, 49.1001586914, 38.049495697, 32.4276771545, 60.9510765076, 10.7919445038, 19.5649681091], [1620.71191406, -174.191207886, 358.558654785, 885.05291748, 9.64777469635, 73.8390731812, 27.6560573578, 185.319732666, 147.594909668, -4.21942710876, -36.7975196838, 14.3445901871, 10.9658470154], [-997.347106934, 470.897186279, 117.27973175, 9.64777469635, 420.592071533, 79.9549407959, 117.76839447, 78.3412399292, 97.2513046265, 33.3736724854, 43.9779624939, -6.00120401382, 43.9174919128], [225.693389893, 49.9619140625, 17.3213939667, 73.8390731812, 79.9549407959, 216.651367188, 121.366165161, 72.087890625, 31.804567337, 27.5326347351, 40.495677948, -0.702600598335, -7.95599794388], [-341.124694824, 247.440002441, 138.025680542, 27.6560573578, 117.76839447, 121.366165161, 243.559692383, 86.1544265747, 7.55172729492, 22.4435806274, 61.0255737305, 6.81374597549, -0.614942312241], [560.733703613, -2.50782513618, 49.1001586914, 185.319732666, 78.3412399292, 72.087890625, 86.1544265747, 173.269577026, 75.5362014771, 22.1040267944, -3.83080530167, 14.0322799683, 4.84410429001], [46.3960113525, 91.6281280518, 38.049495697, 147.594909668, 97.2513046265, 31.804567337, 7.55172729492, 75.5362014771, 141.473052979, 31.28673172, -1.30042898655, -3.03790783882, 20.3274841309], [5.58979272842, -74.0843200684, 32.4276771545, -4.21942710876, 33.3736724854, 27.5326347351, 22.4435806274, 22.1040267944, 31.28673172, 90.7071838379, 27.0038642883, 9.34144496918, -2.15766572952], [-467.523834229, 121.554801941, 60.9510765076, -36.7975196838, 43.9779624939, 40.495677948, 61.0255737305, -3.83080530167, -1.30042898655, 27.0038642883, 88.9699478149, 15.8079948425, 3.5904686451], [117.16394043, -67.306640625, 10.7919445038, 14.3445901871, -6.00120401382, -0.702600598335, 6.81374597549, 14.0322799683, -3.03790783882, 9.34144496918, 15.8079948425, 62.648765564, 13.5409574509], [-263.505432129, 56.6610794067, 19.5649681091, 10.9658470154, 43.9174919128, -7.95599794388, -0.614942312241, 4.84410429001, 20.3274841309, -2.15766572952, 3.5904686451, 13.5409574509, 55.2533340454]]}, "spectral_skewness": {"mean": 1.67282831669, "dvar": 0.151798278093, "min": -0.426701843739, "dmean": 0.226366132498, "dmean2": 0.367490887642, "dvar2": 0.415062278509, "max": 11.5764245987, "median": 1.38032269478, "var": 1.78458201885}, "spectral_energyband_low": {"mean": 0.01380010508, "dvar": 0.000818701286335, "min": 4.7569615783e-23, "dmean": 0.0119796022773, "dmean2": 0.0214354712516, "dvar2": 0.00228151516058, "max": 0.176117092371, "median": 0.00739394361153, "var": 0.000593288219534}, "spectral_energyband_middle_low": {"mean": 0.0117845311761, "dvar": 0.000184385600733, "min": 3.22227490703e-22, "dmean": 0.00627234159037, "dmean2": 0.0105331968516, "dvar2": 0.00049208290875, "max": 0.108636446297, "median": 0.00895504746586, "var": 0.000169064849615}, "mfcc": {"icov": [[0.000168524275068, 4.98250774399e-05, 0.000287479313556, -0.000420348893385, 0.000451326486655, -0.000113987334771, 0.000320494145853, -0.000403236772399, 2.72835095529e-05, -0.000208614394069, 5.84864974371e-05, -0.000392249407014, 0.000439007417299], [4.98250774399e-05, 0.0012008449994, 4.73504878755e-05, 0.00039680453483, -0.000733140390366, 0.000171104256879, -0.00085282739019, -0.000500431517139, -0.000232983118622, 0.000441488868091, -0.000805058225524, 0.000964678649325, -0.000653875526041], [0.000287479313556, 4.73504878755e-05, 0.00313153630123, -0.00220786035061, 0.00106814550236, -0.00147011107765, -5.41466142749e-05, -0.000340358295944, 0.00161252124235, -0.000927260552999, 0.00101914128754, -0.00118194823153, 0.000721296062693], [-0.000420348893385, 0.00039680453483, -0.00220786035061, 0.00489859236404, -0.00351583841257, 0.0019508410478, -0.000596916943323, -0.00100607017521, -0.00118811230641, 0.000785031937994, -0.00105245504528, 0.00162850331981, -0.00128778826911], [0.000451326486655, -0.000733140390366, 0.00106814550236, -0.00351583841257, 0.00862621702254, -0.00332756130956, 0.00311888917349, -0.000483263429487, -0.00229560909793, -0.00198045000434, 0.00154848420061, -0.00231263274327, 0.000294305064017], [-0.000113987334771, 0.000171104256879, -0.00147011107765, 0.0019508410478, -0.00332756130956, 0.0111551349983, -0.00363040133379, 0.000312507676426, 0.00017741524789, -0.000877571466845, -0.00250588404015, 0.00092486536596, -0.00136517186183], [0.000320494145853, -0.00085282739019, -5.41466142749e-05, -0.000596916943323, 0.00311888917349, -0.00363040133379, 0.0089304940775, -0.00438122497872, 0.00115817692131, -0.00178036815487, 8.14770464785e-05, -0.0032613389194, 0.00142368860543], [-0.000403236772399, -0.000500431517139, -0.000340358295944, -0.00100607017521, -0.000483263429487, 0.000312507676426, -0.00438122497872, 0.0133817484602, -0.00542878126726, 0.00166698545218, -0.0010504599195, -0.000151338303112, -0.00181101623457], [2.72835095529e-05, -0.000232983118622, 0.00161252124235, -0.00118811230641, -0.00229560909793, 0.00017741524789, 0.00115817692131, -0.00542878126726, 0.0159067884088, -0.00578782008961, 0.00167690217495, -0.00213834107853, 0.000676646421198], [-0.000208614394069, 0.000441488868091, -0.000927260552999, 0.000785031937994, -0.00198045000434, -0.000877571466845, -0.00178036815487, 0.00166698545218, -0.00578782008961, 0.0149712888524, -0.00658805854619, 0.00328996847384, -0.00206011906266], [5.84864974371e-05, -0.000805058225524, 0.00101914128754, -0.00105245504528, 0.00154848420061, -0.00250588404015, 8.14770464785e-05, -0.0010504599195, 0.00167690217495, -0.00658805854619, 0.0205515082926, -0.0089013967663, 0.00453230831772], [-0.000392249407014, 0.000964678649325, -0.00118194823153, 0.00162850331981, -0.00231263274327, 0.00092486536596, -0.0032613389194, -0.000151338303112, -0.00213834107853, 0.00328996847384, -0.0089013967663, 0.0220290571451, -0.010748943314], [0.000439007417299, -0.000653875526041, 0.000721296062693, -0.00128778826911, 0.000294305064017, -0.00136517186183, 0.00142368860543, -0.00181101623457, 0.000676646421198, -0.00206011906266, 0.00453230831772, -0.010748943314, 0.0240625496954]], "mean": [-616.621520996, 105.962608337, -1.20825529099, 17.5665931702, 3.49451899529, 5.51999282837, -4.50447177887, 8.37963008881, 1.30789613724, -2.16868209839, -0.0683732330799, 0.584238290787, -3.87649106979], "cov": [[11312.8964844, -881.795959473, -515.550537109, 863.793029785, -106.596702576, -217.428100586, -269.995788574, 358.970336914, 262.66986084, 109.608459473, 84.6415328979, 100.739448547, -105.660209656], [-881.795959473, 1172.62756348, 7.36729955673, -46.9067001343, 119.66947937, 97.1579971313, 192.695175171, 111.216781616, 64.0818328857, 41.1346740723, 60.5906486511, 21.7124710083, 46.2459411621], [-515.550537109, 7.36729955673, 571.762573242, 239.577468872, 67.8134765625, 79.1135406494, 81.964050293, 41.2756385803, -8.4899969101, 32.2757492065, 10.8105287552, 28.6312026978, 20.9605064392], [863.793029785, -46.9067001343, 239.577468872, 594.158081055, 226.146392822, 11.6619558334, 2.20458912849, 130.59046936, 120.406547546, 67.6092681885, 26.9861469269, 37.6368522644, 29.30884552], [-106.596702576, 119.66947937, 67.8134765625, 226.146392822, 290.672515869, 58.6036643982, -8.28873538971, 65.7430343628, 101.320823669, 67.1569366455, 21.5436248779, 31.965259552, 33.5967750549], [-217.428100586, 97.1579971313, 79.1135406494, 11.6619558334, 58.6036643982, 151.55065918, 90.8119125366, 37.8799247742, 22.4861564636, 42.8437957764, 36.8800582886, 28.7906627655, 19.1691989899], [-269.995788574, 192.695175171, 81.964050293, 2.20458912849, -8.28873538971, 90.8119125366, 243.281280518, 89.0587692261, 20.6992511749, 39.7067985535, 46.9502983093, 48.17345047, 20.8791675568], [358.970336914, 111.216781616, 41.2756385803, 130.59046936, 65.7430343628, 37.8799247742, 89.0587692261, 165.612304688, 81.7016906738, 41.7357292175, 35.0581970215, 41.2171173096, 23.8492698669], [262.66986084, 64.0818328857, -8.4899969101, 120.406547546, 101.320823669, 22.4861564636, 20.6992511749, 81.7016906738, 137.468109131, 63.3937988281, 25.083442688, 28.773481369, 18.299041748], [109.608459473, 41.1346740723, 32.2757492065, 67.6092681885, 67.1569366455, 42.8437957764, 39.7067985535, 41.7357292175, 63.3937988281, 118.20425415, 44.2536430359, 21.3781719208, 13.7218971252], [84.6415328979, 60.5906486511, 10.8105287552, 26.9861469269, 21.5436248779, 36.8800582886, 46.9502983093, 35.0581970215, 25.083442688, 44.2536430359, 83.2660675049, 38.4742164612, 7.49861335754], [100.739448547, 21.7124710083, 28.6312026978, 37.6368522644, 31.965259552, 28.7906627655, 48.17345047, 41.2171173096, 28.773481369, 21.3781719208, 38.4742164612, 86.1177520752, 33.6463127136], [-105.660209656, 46.2459411621, 20.9605064392, 29.30884552, 33.5967750549, 19.1691989899, 20.8791675568, 23.8492698669, 18.299041748, 13.7218971252, 7.49861335754, 33.6463127136, 61.197177887]]}, "silence_rate_20dB": {"mean": 1, "dvar": 0, "min": 1, "dmean": 0, "dmean2": 0, "dvar2": 0, "max": 1, "median": 1, "var": 0}, "dynamic_complexity": 2.50660920143, "silence_rate_60dB": {"mean": 0.061746545136, "dvar": 0.00410030223429, "min": 0, "dmean": 0.00411704182625, "dmean2": 0.00823529437184, "dvar2": 0.0102271065116, "max": 1, "median": 0, "var": 0.0579357109964}, "dissonance": {"mean": 0.470025718212, "dvar": 0.000296870217426, "min": 0.183006554842, "dmean": 0.0148122515529, "dmean2": 0.0249403789639, "dvar2": 0.000817978580017, "max": 0.500000059605, "median": 0.479480862617, "var": 0.00120166165289}, "barkbands": {"mean": [0.000333845586283, 0.00934182666242, 0.00353041035123, 0.00126477482263, 0.00415389705449, 0.00190115789883, 0.00105361791793, 0.000980991404504, 0.00218932842836, 0.000773432606366, 0.000855001562741, 0.000818041269667, 0.000729832681827, 0.000468448357424, 0.000712472596206, 0.000786122051068, 0.00115189421922, 0.000489366764668, 0.000410844979342, 0.000256952771451, 0.000298057246255, 0.000365908228559, 0.000269692827715, 0.000216854881728, 9.17760553421e-05, 3.17774502037e-05, 6.80629318595e-06], "dvar": [3.96358444732e-07, 0.000542572059203, 4.83175863337e-05, 2.26688280236e-06, 0.000120576783956, 5.3956669035e-06, 2.01072771233e-06, 1.88644833088e-06, 3.37267283612e-06, 9.01709029222e-07, 9.48629121922e-07, 4.96178131471e-07, 3.87058946671e-07, 2.58941554421e-07, 8.13737244698e-07, 8.61463206547e-07, 1.02894284737e-06, 2.11183447618e-07, 1.04815228497e-07, 5.58501191961e-08, 9.6522974502e-08, 1.70654431031e-07, 1.7281851683e-07, 1.65137834074e-07, 4.49134844871e-08, 8.64310845117e-10, 7.65461860563e-11], "min": [9.36635852013e-24, 2.72552641822e-23, 1.31484574669e-23, 2.95314714427e-24, 7.6461939893e-23, 8.17357716561e-23, 6.36367024048e-23, 2.24922025003e-23, 6.24007214494e-23, 6.66072875166e-23, 3.54591336066e-23, 1.05493472709e-22, 1.7204140002e-22, 2.07336526289e-22, 9.32954679931e-23, 1.11582696348e-22, 1.37110929438e-22, 1.53921732033e-22, 2.98895433751e-22, 3.63968784393e-22, 4.69354012764e-22, 3.44216767555e-22, 8.75282800955e-22, 8.44294628037e-22, 1.43355216625e-21, 1.58922125674e-21, 2.4595938845e-21], "dmean": [0.000307658076053, 0.00934114214033, 0.00301530817524, 0.000943031802308, 0.00397701421753, 0.00125715776812, 0.00073385622818, 0.000677200499922, 0.00116456137039, 0.000434345449321, 0.000466816913104, 0.000419057556428, 0.000368131761206, 0.00028301301063, 0.000441991433036, 0.00045688872342, 0.000601058301982, 0.00025485700462, 0.000199414673261, 0.000140766263939, 0.000153970351676, 0.000190467122593, 0.000145319922012, 0.000116261704534, 4.69406368211e-05, 1.33657422339e-05, 4.00129829359e-06], "dmean2": [0.000480148708448, 0.0168860983104, 0.00548448739573, 0.00165127392393, 0.00692862225696, 0.00215927232057, 0.00124961219262, 0.00108180998359, 0.00180763355456, 0.00065100833308, 0.000714543915819, 0.00065142812673, 0.0005697751767, 0.000446688558441, 0.00069245218765, 0.000709465122782, 0.000957902811933, 0.000407801679103, 0.000322767184116, 0.000245284463745, 0.000255401042523, 0.000298577477224, 0.000219402616494, 0.000166313562659, 6.96375864209e-05, 2.03619401873e-05, 6.12799112787e-06], "dvar2": [9.22988078855e-07, 0.00152153708041, 0.000139148207381, 6.50894207865e-06, 0.000326466513798, 1.52328984768e-05, 5.49872629563e-06, 4.56920633951e-06, 7.88785928307e-06, 1.82844235042e-06, 2.04392495107e-06, 1.13379473987e-06, 8.46848649871e-07, 5.93976778873e-07, 1.91877211364e-06, 1.9398544282e-06, 2.48491619459e-06, 4.97682719924e-07, 2.58145917087e-07, 1.47731995526e-07, 2.32303079883e-07, 3.71686383005e-07, 3.643557136e-07, 2.88399178316e-07, 1.02953038095e-07, 1.98406113761e-09, 1.67410668661e-10], "max": [0.0066851656884, 0.15077124536, 0.0613705888391, 0.0179002266377, 0.0882229655981, 0.0309462491423, 0.0172450933605, 0.0216271579266, 0.0283021219075, 0.0216856952757, 0.0241074711084, 0.0141269098967, 0.011750580743, 0.0105776824057, 0.0135738113895, 0.0134557532147, 0.0152702564374, 0.00930012203753, 0.00789725594223, 0.00399672146887, 0.0077232895419, 0.00722332578152, 0.00889935158193, 0.00770191755146, 0.00758020533249, 0.000663809594698, 0.000223669339903], "median": [3.74822011509e-05, 0.00375863048248, 0.00189258251339, 0.000771518272813, 0.00169924017973, 0.00128890911583, 0.000557543942705, 0.000397599418648, 0.0011942202691, 0.000292611191981, 0.000409131869674, 0.00038479961222, 0.000429079751484, 0.000263443973381, 0.000265128328465, 0.000318409351166, 0.000659635115881, 0.000335101445671, 0.000315978541039, 0.000192257764866, 0.000207246950595, 0.00021274392202, 0.000119765405543, 9.14866104722e-05, 5.01842405356e-05, 1.92484567378e-05, 3.21125844494e-06], "var": [5.11257837843e-07, 0.000373859133106, 3.46052693203e-05, 2.42505188908e-06, 8.88731447048e-05, 5.21240008311e-06, 2.40733993451e-06, 2.87500574814e-06, 8.40230222821e-06, 2.42926284955e-06, 2.10022108149e-06, 1.38260975291e-06, 9.99069811769e-07, 4.49045927553e-07, 1.43320880852e-06, 1.90175205717e-06, 2.57574470197e-06, 3.96674920466e-07, 1.88516153798e-07, 7.17456387633e-08, 1.41957031019e-07, 3.15569820941e-07, 3.1415589774e-07, 3.60935416666e-07, 5.8236391709e-08, 1.65837699129e-09, 1.18631951485e-10]}, "spectral_complexity": {"mean": 25.3337249756, "dvar": 16.5709877014, "min": 0, "dmean": 3.99647116661, "dmean2": 6.3658823967, "dvar2": 38.6729888916, "max": 55, "median": 27, "var": 114.102371216}, "spectral_energyband_high": {"mean": 0.00139838026371, "dvar": 1.73209377863e-06, "min": 8.04274737389e-21, "dmean": 0.000596978643443, "dmean2": 0.000899422331713, "dvar2": 3.43156943927e-06, "max": 0.0202078763396, "median": 0.000892653712071, "var": 3.88184525946e-06}, "hfc": {"mean": 28.1034469604, "dvar": 118.676864624, "min": 1.20344257389e-16, "dmean": 7.52890062332, "dmean2": 11.6173219681, "dvar2": 270.19644165, "max": 133.24911499, "median": 26.368927002, "var": 331.453643799}, "melbands_kurtosis": {"mean": 9.73746490479, "dvar": 311.809844971, "min": -1.89527642727, "dmean": 7.92523384094, "dmean2": 14.0040712357, "dvar2": 856.38482666, "max": 300.860565186, "median": 4.48177623749, "var": 349.369293213}, "spectral_strongpeak": {"mean": 0.927126944065, "dvar": 1.14395046234, "min": 0, "dmean": 0.594368517399, "dmean2": 1.02611863613, "dvar2": 2.77409434319, "max": 12.1996870041, "median": 0.44549998641, "var": 1.72771811485}, "silence_rate_30dB": {"mean": 0.995883584023, "dvar": 0.00642787991092, "min": 0, "dmean": 0.00646963668987, "dmean2": 0.0129411760718, "dvar2": 0.0174799393862, "max": 1, "median": 1, "var": 0.00409968430176}, "melbands_spread": {"mean": 31.9577217102, "dvar": 155.327880859, "min": 0.639521181583, "dmean": 9.99900531769, "dmean2": 15.4689846039, "dvar2": 323.688934326, "max": 259.259429932, "median": 29.2214813232, "var": 471.250366211}, "melbands_crest": {"mean": 13.8674583435, "dvar": 14.3027687073, "min": 2.01297497749, "dmean": 3.60970497131, "dmean2": 5.87854480743, "dvar2": 36.4073181152, "max": 34.7060012817, "median": 12.921131134, "var": 31.1292419434}, "average_loudness": 0.96407109499, "spectral_flux": {"mean": 0.10341270268, "dvar": 0.00269689946435, "min": 1.04501636511e-10, "dmean": 0.0382870920002, "dmean2": 0.0608342327178, "dvar2": 0.00483353761956, "max": 0.398127704859, "median": 0.0870921462774, "var": 0.00494865933433}, "spectral_rolloff": {"mean": 1957.33117676, "dvar": 919559.375, "min": 86.1328125, "dmean": 636.989257812, "dmean2": 1027.10070801, "dvar2": 1793518.25, "max": 18863.0859375, "median": 1658.05664062, "var": 2543371}, "melbands": {"mean": [0.00228218734264, 0.00277098082006, 0.000809305522125, 0.00099340302404, 0.000475776294479, 0.000370159745216, 0.000195667045773, 0.000227881479077, 0.000240105364355, 0.000304366927594, 0.000170905797859, 0.000128881278215, 0.000108859851025, 7.280074351e-05, 9.19796875678e-05, 6.3221414166e-05, 4.5310222049e-05, 4.97256478411e-05, 5.77210957999e-05, 4.88778896397e-05, 6.34766329313e-05, 7.37850350561e-05, 3.76042116841e-05, 2.14556894207e-05, 2.14295287151e-05, 1.23339214042e-05, 1.03327702163e-05, 7.08537800165e-06, 5.84188774155e-06, 7.25542304281e-06, 8.85109784576e-06, 7.21129345038e-06, 6.48414470561e-06, 5.78908293392e-06, 3.92247557102e-06, 3.94898779632e-06, 3.04386912831e-06, 2.26744236898e-06, 1.63139816323e-06, 1.02392584722e-06], "dvar": [3.32633826474e-05, 3.56165946869e-05, 1.02709373095e-06, 8.52100947668e-06, 4.06587787438e-07, 2.31653842775e-07, 8.57172750557e-08, 7.72434063379e-08, 7.7216739669e-08, 7.18363324381e-08, 2.81955632175e-08, 1.74835221856e-08, 1.22331620389e-08, 4.31021929259e-09, 6.47384457153e-09, 3.29945404332e-09, 1.45706291477e-09, 3.442242269e-09, 6.4970873126e-09, 3.62198337989e-09, 4.22726031957e-09, 4.94532104156e-09, 1.21899512706e-09, 5.08233177765e-10, 3.33067295966e-10, 1.37335351424e-10, 6.50504511368e-11, 6.13730871679e-11, 4.29298818716e-11, 6.1138941132e-11, 1.01859978785e-10, 5.15897151387e-11, 8.42439590309e-11, 1.29443109009e-10, 3.81408307715e-11, 3.50226410373e-11, 4.03817049244e-11, 2.34331477833e-11, 2.77648060792e-11, 5.23113757173e-12], "min": [8.60206668781e-24, 8.38510627304e-24, 2.85167576882e-24, 1.33333065097e-23, 1.93114190894e-23, 1.67729846033e-23, 1.21872146767e-23, 7.14682578809e-24, 7.37689391565e-24, 8.52627450975e-24, 6.43785164345e-24, 8.71512386616e-24, 7.23096490338e-24, 9.15269238851e-24, 1.73019253066e-23, 1.57625642242e-23, 2.13936000938e-23, 1.3269552349e-23, 5.32000063644e-24, 6.20410624078e-24, 9.33979362915e-24, 7.76051539614e-24, 8.09394717926e-24, 7.23997921694e-24, 1.21219814018e-23, 8.74035479335e-24, 1.39425611417e-23, 9.47639357236e-24, 8.8130215045e-24, 1.69929316455e-23, 6.44163265377e-24, 7.2901673366e-24, 7.27565229594e-24, 6.83467589448e-24, 1.24618700115e-23, 1.88145298047e-23, 1.05581238218e-23, 1.00731613251e-23, 1.41902839763e-23, 1.33704176821e-23], "dmean": [0.00236240238883, 0.00241999188438, 0.000603079388384, 0.00101179548074, 0.000332161580445, 0.000245980510954, 0.000137420982355, 0.000150818406837, 0.000150522857439, 0.000162079391885, 9.19770536711e-05, 6.40320431557e-05, 5.60180851608e-05, 3.74493283744e-05, 4.70901941299e-05, 3.28481000906e-05, 2.40755598497e-05, 3.02087792079e-05, 3.71549176634e-05, 2.82095388684e-05, 3.41542872775e-05, 3.96611067117e-05, 2.03467552637e-05, 1.1520118278e-05, 1.09234406409e-05, 6.55757594359e-06, 5.39525308341e-06, 4.31159696745e-06, 3.58381521437e-06, 4.02261912313e-06, 4.6776626732e-06, 3.72036038243e-06, 3.85360999644e-06, 3.62843525181e-06, 2.19729372475e-06, 2.13077919398e-06, 1.80158974672e-06, 1.28829015011e-06, 1.02643844002e-06, 5.57961868708e-07], "dmean2": [0.00418188842013, 0.00444259447977, 0.0010752097005, 0.00176759401802, 0.000578688981477, 0.00042061728891, 0.00023716854048, 0.000248256954364, 0.000236344611039, 0.000252605386777, 0.000138514442369, 9.53135095187e-05, 8.62395172589e-05, 5.90063573327e-05, 7.28758677724e-05, 5.13310733368e-05, 3.83970000257e-05, 4.73671789223e-05, 5.80152081966e-05, 4.29446881753e-05, 5.46742267034e-05, 6.36003387626e-05, 3.23816529999e-05, 1.85946391866e-05, 1.75914174179e-05, 1.08120029836e-05, 9.13938038138e-06, 7.58333317208e-06, 6.25728262094e-06, 6.70341023579e-06, 7.49626678953e-06, 5.96901782046e-06, 6.09069684288e-06, 5.57067141926e-06, 3.3493142837e-06, 3.27660541188e-06, 2.69529482466e-06, 1.8616167381e-06, 1.54009683229e-06, 8.3953017338e-07], "dvar2": [9.15430136956e-05, 0.000101853765955, 2.90613365905e-06, 2.30900859606e-05, 1.13863632123e-06, 6.50401034363e-07, 2.39546977809e-07, 2.00718446308e-07, 1.85639819961e-07, 1.69109370063e-07, 5.8849515483e-08, 3.55997258339e-08, 2.78426313116e-08, 9.91630244584e-09, 1.42190401675e-08, 7.63162866235e-09, 3.48599260569e-09, 7.65727303786e-09, 1.53192605268e-08, 8.00537769408e-09, 1.01624326732e-08, 1.19476615268e-08, 2.86810597494e-09, 1.23254906281e-09, 7.88244081118e-10, 3.55881407677e-10, 1.66599886664e-10, 1.6239333489e-10, 1.15507943488e-10, 1.46223880226e-10, 2.42685316287e-10, 1.17918300124e-10, 1.8791533607e-10, 2.90737961484e-10, 8.07184874496e-11, 7.38587663252e-11, 8.24271900735e-11, 3.85786368129e-11, 6.39678865433e-11, 1.11313267631e-11], "max": [0.0380763635039, 0.039156217128, 0.010589459911, 0.0234885774553, 0.00850026775151, 0.00631328206509, 0.0031421801541, 0.00379917188548, 0.0042798765935, 0.00463005155325, 0.00355575466529, 0.00313617358916, 0.00261606555432, 0.00101041595917, 0.00165654183365, 0.00124509073794, 0.000583717774134, 0.00116891693324, 0.00130477896892, 0.000971466011833, 0.00104369781911, 0.00131654355209, 0.000581110711209, 0.000622344377916, 0.000501091883052, 0.000294031400699, 0.000146090504131, 0.000133622685098, 9.11318056751e-05, 0.000202912531677, 0.00018978654407, 0.000137780778459, 0.00015431526117, 0.000265310081886, 0.000121965735161, 9.44265557337e-05, 0.00016505921667, 0.000117933159345, 0.00018852519861, 8.11974023236e-05], "median": [0.000764493306633, 0.00142410257831, 0.000535681610927, 0.000358489662176, 0.000307000649627, 0.000233826140175, 0.000116135932331, 0.00012246024562, 0.000125023041619, 0.000160344585311, 7.88653997006e-05, 6.17699188297e-05, 5.88165275985e-05, 3.4895936551e-05, 5.05757780047e-05, 3.40759943356e-05, 3.01459767797e-05, 2.53006983257e-05, 1.97828339878e-05, 1.69631530298e-05, 3.34204742103e-05, 4.01504003094e-05, 2.27732271014e-05, 1.47996979649e-05, 1.58498078235e-05, 8.92878961167e-06, 7.77093373472e-06, 4.98698136653e-06, 4.11221571994e-06, 5.11933831149e-06, 5.46901810594e-06, 4.55764802609e-06, 3.06231208924e-06, 2.25389203479e-06, 1.71648571268e-06, 1.7570636146e-06, 1.20578545193e-06, 9.34120691909e-07, 6.8857889346e-07, 5.23819494447e-07], "var": [2.4355154892e-05, 2.37943022512e-05, 9.1125156132e-07, 6.15603676124e-06, 3.65759689203e-07, 2.20519950744e-07, 8.02307056347e-08, 1.05398008543e-07, 1.34695497422e-07, 1.7636591565e-07, 7.00345523796e-08, 4.78929500503e-08, 2.62973589571e-08, 1.11889200127e-08, 1.54601949021e-08, 8.56933635163e-09, 2.82184919875e-09, 5.97942184655e-09, 1.09918092406e-08, 8.26789925412e-09, 8.33339175443e-09, 1.24411618785e-08, 2.66085087297e-09, 7.9282547194e-10, 6.50678011471e-10, 1.86074600173e-10, 1.04926851929e-10, 6.92645732436e-11, 4.60771108768e-11, 8.63405805185e-11, 1.61390317777e-10, 9.65086066618e-11, 1.41522168984e-10, 1.9783433225e-10, 6.96479054985e-11, 6.47488937466e-11, 7.34521263257e-11, 5.18490216039e-11, 3.5868110565e-11, 7.67803355617e-12]}, "spectral_energy": {"mean": 0.033483106643, "dvar": 0.000865453330334, "min": 1.09205919277e-20, "dmean": 0.0167875662446, "dmean2": 0.0292082559317, "dvar2": 0.00235265097581, "max": 0.192831546068, "median": 0.0281232595444, "var": 0.000786273274571}, "spectral_decrease": {"mean": -8.1961184506e-09, "dvar": 5.98454916143e-17, "min": -5.01022405786e-08, "dmean": 4.33864055793e-09, "dmean2": 7.56724016782e-09, "dvar2": 1.62635606594e-16, "max": -1.32638221629e-30, "median": -6.66327215626e-09, "var": 5.29211031496e-17}, "erbbands_spread": {"mean": 37.8015975952, "dvar": 93.7909240723, "min": 0.365660905838, "dmean": 8.03902053833, "dmean2": 12.8763980865, "dvar2": 233.94241333, "max": 143.296417236, "median": 36.3256912231, "var": 303.861297607}, "spectral_contrast_coeffs": {"mean": [-0.643019735813, -0.742465317249, -0.751123726368, -0.767686009407, -0.778818547726, -0.745934188366], "dvar": [0.00257198652253, 0.00152766006067, 0.00114318204578, 0.000740156741813, 0.000472694111522, 0.000286888389383], "min": [-0.951930165291, -0.964708268642, -0.96629691124, -0.963152050972, -0.959115862846, -0.959917902946], "dmean": [0.0550331100821, 0.0469229966402, 0.0405936017632, 0.0316480062902, 0.0239582713693, 0.0176050625741], "dmean2": [0.0887859985232, 0.0772746279836, 0.0651999488473, 0.0497784875333, 0.0385638736188, 0.0282081067562], "dvar2": [0.00650373660028, 0.00413895305246, 0.00284608616494, 0.0016870709369, 0.00112977693789, 0.00068555760663], "max": [-0.26749330759, -0.416236490011, -0.440917938948, -0.426394701004, -0.525297880173, -0.600868880749], "median": [-0.658814072609, -0.746218442917, -0.758154392242, -0.77622795105, -0.783016443253, -0.739981412888], "var": [0.00936753116548, 0.00478420592844, 0.00448577152565, 0.00391800282523, 0.00219989055768, 0.00201486586593]}, "spectral_energyband_middle_high": {"mean": 0.00726831611246, "dvar": 4.93997686135e-06, "min": 1.55912094992e-21, "dmean": 0.00201976741664, "dmean2": 0.0030369318556, "dvar2": 1.12848283607e-05, "max": 0.0302712991834, "median": 0.00645587034523, "var": 2.35221450566e-05}, "erbbands_crest": {"mean": 8.21453380585, "dvar": 4.83013916016, "min": 2.40391302109, "dmean": 2.23274207115, "dmean2": 3.60343194008, "dvar2": 11.8391819, "max": 32.6623687744, "median": 7.13313245773, "var": 17.6438064575}, "barkbands_crest": {"mean": 9.35633563995, "dvar": 13.8612337112, "min": 2.51173448563, "dmean": 3.27659916878, "dmean2": 5.53072500229, "dvar2": 36.8480300903, "max": 25.6156768799, "median": 7.83642101288, "var": 21.4536895752}, "pitch_salience": {"mean": 0.543736875057, "dvar": 0.00745932664722, "min": 0.0573878400028, "dmean": 0.0831421539187, "dmean2": 0.139711245894, "dvar2": 0.0204427335411, "max": 0.881346166134, "median": 0.556237280369, "var": 0.0143279312178}, "melbands_skewness": {"mean": 2.18782782555, "dvar": 1.60308396816, "min": -6.91849184036, "dmean": 0.889398813248, "dmean2": 1.48689472675, "dvar2": 4.27989625931, "max": 12.6801776886, "median": 1.95464515686, "var": 2.89405822754}, "spectral_spread": {"mean": 4583596, "dvar": 400500817920, "min": 438246.78125, "dmean": 402137.71875, "dmean2": 590517.4375, "dvar2": 581587369984, "max": 41814848, "median": 4530219, "var": 2238568202240.0}, "spectral_entropy": {"mean": 7.70675563812, "dvar": 0.0193636119366, "min": 4.74201726913, "dmean": 0.117767505348, "dmean2": 0.177376523614, "dvar2": 0.0403890274465, "max": 9.798620224, "median": 7.85012340546, "var": 0.369524985552}, "erbbands_flatness_db": {"mean": 0.147675991058, "dvar": 0.00021979858866, "min": 0.0423253253102, "dmean": 0.0137196695432, "dmean2": 0.0207465775311, "dvar2": 0.000464795622975, "max": 0.56205457449, "median": 0.130360156298, "var": 0.00470550311729}, "spectral_kurtosis": {"mean": 7.89094018936, "dvar": 51.5448913574, "min": -1.23986947536, "dmean": 2.27531647682, "dmean2": 3.7751762867, "dvar2": 143.044845581, "max": 200.535888672, "median": 3.31451821327, "var": 401.370452881}, "erbbands_skewness": {"mean": -0.0790186598897, "dvar": 0.128337100148, "min": -6.29745769501, "dmean": 0.329260081053, "dmean2": 0.495035797358, "dvar2": 0.268990069628, "max": 4.47917556763, "median": 0.00739759718999, "var": 0.76888936758}, "erbbands_kurtosis": {"mean": 0.907563090324, "dvar": 4.61004734039, "min": -1.8628462553, "dmean": 0.922018110752, "dmean2": 1.42706227303, "dvar2": 9.71077919006, "max": 72.2461624146, "median": -0.192000150681, "var": 21.1248226166}, "barkbands_spread": {"mean": 28.8273506165, "dvar": 66.2391967773, "min": 0.364984095097, "dmean": 6.83424377441, "dmean2": 10.7089567184, "dvar2": 151.202682495, "max": 121.020179749, "median": 28.0591449738, "var": 233.38381958}, "zerocrossingrate": {"mean": 0.0731466412544, "dvar": 0.000200938418857, "min": 0.00341796875, "dmean": 0.0115667590871, "dmean2": 0.0135206514969, "dvar2": 0.000211626640521, "max": 0.50341796875, "median": 0.06640625, "var": 0.00148274761159}, "spectral_centroid": {"mean": 1632.19641113, "dvar": 87062.921875, "min": 149.582778931, "dmean": 258.763549805, "dmean2": 398.298614502, "dvar2": 179487.296875, "max": 10786.5566406, "median": 1624.3762207, "var": 373060.5625}, "barkbands_skewness": {"mean": 1.04395413399, "dvar": 0.73369294405, "min": -10.1350593567, "dmean": 0.642967641354, "dmean2": 1.05026996136, "dvar2": 1.90133213997, "max": 11.4854545593, "median": 0.932219266891, "var": 1.98048341274}, "melbands_flatness_db": {"mean": 0.176109448075, "dvar": 0.0012776145013, "min": 0.00583512987942, "dmean": 0.0290010888129, "dmean2": 0.0472161658108, "dvar2": 0.0032554178033, "max": 0.648487746716, "median": 0.150450915098, "var": 0.00882426369935}, "spectral_contrast_valleys": {"mean": [-7.34158992767, -6.64116477966, -7.24094772339, -7.48277378082, -7.38117599487, -9.90418338776], "dvar": [0.171940907836, 0.145662471652, 0.106195159256, 0.0846396535635, 0.0916620790958, 0.0945308357477], "min": [-27.4981632233, -27.3259754181, -27.1635723114, -26.937871933, -27.2595367432, -27.2281837463], "dmean": [0.429725438356, 0.377530038357, 0.321910440922, 0.270892590284, 0.243909105659, 0.2235879004], "dmean2": [0.680101394653, 0.608223795891, 0.515732169151, 0.417375296354, 0.380688965321, 0.328246504068], "dvar2": [0.390856266022, 0.33187136054, 0.218752458692, 0.151386708021, 0.175075680017, 0.168737977743], "max": [-4.9749917984, -4.40058279037, -5.49268388748, -5.89274168015, -5.616106987, -7.41452550888], "median": [-6.84339189529, -6.35700035095, -6.94843196869, -7.10242080688, -6.91037511826, -9.51357364655], "var": [2.83185362816, 1.76725816727, 1.76482248306, 1.88671457767, 2.45659327507, 2.48540210724]}, "barkbands_flatness_db": {"mean": 0.115220464766, "dvar": 0.000722101773135, "min": 0.028195457533, "dmean": 0.0223281569779, "dmean2": 0.0370731092989, "dvar2": 0.00190320366528, "max": 0.492794811726, "median": 0.091141268611, "var": 0.00594791164622}, "barkbands_kurtosis": {"mean": 3.13761258125, "dvar": 50.8136291504, "min": -1.88027882576, "dmean": 2.93747806549, "dmean2