{"tonal": {"chords_number_rate": 0.00280426256359, "thpcp": [1, 0.515455722809, 0.0249659884721, 0.0126187214628, 0.0446537621319, 0.142365291715, 0.159582495689, 0.111633375287, 0.432267248631, 0.738125264645, 0.464532732964, 0.147833317518, 0.0777911096811, 0.112033836544, 0.273934334517, 0.275334686041, 0.110346406698, 0.0360675491393, 0.0167862977833, 0.0785217806697, 0.230366155505, 0.206963181496, 0.0613009519875, 0.0228439364582, 0.0139081273228, 0.0155564220622, 0.0245056319982, 0.0348792858422, 0.0771222263575, 0.204573735595, 0.20525790751, 0.0713991597295, 0.0270480345935, 0.0310743469745, 0.0530215278268, 0.540114343166], "hpcp": {"dvar": [0.0138683756813, 0.0175897348672, 0.0250091608614, 0.0230262894183, 0.0219592284411, 0.00484901387244, 0.00287819374353, 0.00757363624871, 0.0106669524685, 0.00932905357331, 0.0141529319808, 0.0581370517612, 0.0414405167103, 0.0600456856191, 0.0398241840303, 0.0275004152209, 0.0195759069175, 0.0196596495807, 0.0286418218166, 0.0289675984532, 0.00869454722852, 0.0046130749397, 0.0100391032174, 0.0202998910099, 0.0185341704637, 0.00715505378321, 0.00487838219851, 0.00303396186791, 0.00393732171506, 0.00485518435016, 0.00728330994025, 0.0133425658569, 0.0169624071568, 0.0139079242945, 0.00731328735128, 0.0069467886351], "mean": [0.0129390675575, 0.0220776684582, 0.224898561835, 0.416390657425, 0.214630946517, 0.0103956041858, 0.00525431754068, 0.01859341003, 0.0592795759439, 0.0664486587048, 0.0464830957353, 0.179992049932, 0.307348459959, 0.193427085876, 0.0615564137697, 0.0323914922774, 0.0466498434544, 0.114063695073, 0.114646784961, 0.0459472127259, 0.0150181902573, 0.00698965787888, 0.0326957367361, 0.0959223136306, 0.0861775353551, 0.02552514337, 0.00951200164855, 0.00579121429473, 0.0064775487408, 0.0102039165795, 0.014523409307, 0.0321129746735, 0.0851825922728, 0.0854674726725, 0.0297299437225, 0.0112625490874], "min": [0, 0, 0, 0, 0, 0, 0, 0, 0, 0, 0, 0, 0, 0, 0, 0, 0, 0, 0, 0, 0, 0, 0, 0, 0, 0, 0, 0, 0, 0, 0, 0, 0, 0, 0, 0], "median": [0.000125241160276, 0.000325118598994, 0.00933445524424, 0.00909330137074, 0.0043047145009, 0.000232081103604, 7.9479701526e-05, 0.000239485016209, 0.000633933232166, 0.000666392501444, 0.00390897877514, 0.013432295993, 0.0152363711968, 0.00504337856546, 0.000199502814212, 0.000138452960528, 0.000327507412294, 0.00079186016228, 0.000976061273832, 0.000534827529918, 0.000190615377505, 0.000149588828208, 0.000548552256078, 0.00158446351998, 0.00190601288341, 0.00106611510273, 0.000179401205969, 0.00012285374396, 0.000142635399243, 0.000289036688628, 0.00044246899779, 0.000853672856465, 0.000886000751052, 0.000762754993048, 0.000443562457804, 0.000142635355587], "dvar2": [0.0416230857372, 0.0501957722008, 0.071236141026, 0.0509998574853, 0.0619994699955, 0.013451853767, 0.0083442768082, 0.0218050777912, 0.0292567033321, 0.0246407520026, 0.0393761210144, 0.146525248885, 0.10123231262, 0.15981118381, 0.100903660059, 0.068847425282, 0.0521284937859, 0.0452919714153, 0.0649094432592, 0.0796082019806, 0.0247410349548, 0.013356895186, 0.028849164024, 0.0440478362143, 0.0417241193354, 0.018861245364, 0.0127658816054, 0.00860275700688, 0.0112451724708, 0.0139740025625, 0.0209923386574, 0.0372686162591, 0.0416363440454, 0.0300689227879, 0.0195705164224, 0.0198695622385], "var": [0.00766053842381, 0.0107742017135, 0.0722901374102, 0.224903970957, 0.0682119131088, 0.00337481242605, 0.00203148950823, 0.00758187146857, 0.0366315469146, 0.0436449870467, 0.0141697423533, 0.0801019966602, 0.176917314529, 0.093011982739, 0.03516260162, 0.0225935205817, 0.0199289135635, 0.0772151350975, 0.0712722614408, 0.0210131648928, 0.00558939296752, 0.00269716302864, 0.0106589719653, 0.0612149909139, 0.046706341207, 0.00794362276793, 0.00420798873529, 0.00214304216206, 0.00243911403231, 0.00330206006765, 0.00487902015448, 0.0131823569536, 0.0431710034609, 0.0429197065532, 0.00933471508324, 0.0046722269617], "dmean2": [0.043402723968, 0.0680678933859, 0.130731731653, 0.0763480961323, 0.122139066458, 0.0288973152637, 0.013659844175, 0.0337220914662, 0.0484487228096, 0.0436623208225, 0.098696231842, 0.231613129377, 0.157487377524, 0.237330690026, 0.143619313836, 0.0814218372107, 0.0740060806274, 0.0784316733479, 0.111281447113, 0.110341966152, 0.047522302717, 0.0214616116136, 0.0494861155748, 0.0718032047153, 0.0753584206104, 0.0416596531868, 0.0215013809502, 0.0153502905741, 0.017615776509, 0.0223561227322, 0.0354935973883, 0.0620072223246, 0.0775214731693, 0.0658656582236, 0.0416488051414, 0.0311626214534], "max": [1, 1, 1, 1, 1, 1, 1, 1, 1, 1, 1, 1, 1, 1, 1, 1, 1, 1, 1, 1, 1, 1, 1, 1, 1, 1, 1, 1, 1, 1, 1, 1, 1, 1, 1, 1], "dmean": [0.0223712455481, 0.0358287729323, 0.0727669894695, 0.0442735590041, 0.0679633691907, 0.0155795142055, 0.00737651111558, 0.0187705140561, 0.0280456505716, 0.0253103300929, 0.0538879483938, 0.137209460139, 0.0891767889261, 0.139093711972, 0.0803239494562, 0.0436977818608, 0.0418848469853, 0.0462117120624, 0.0631433278322, 0.0600592494011, 0.0247193612158, 0.0112596498802, 0.0277756806463, 0.0438012368977, 0.0465626567602, 0.0239612255245, 0.011883713305, 0.00834570266306, 0.00944453384727, 0.0122560327873, 0.019118424505, 0.0339293852448, 0.0453267619014, 0.0418548025191, 0.0237305667251, 0.0166394412518]}, "key_strength": 0.496065229177, "chords_strength": {"dvar": 0.00039618043229, "mean": 0.443675816059, "min": -1, "median": 0.463805139065, "dvar2": 0.000738014641684, "var": 0.0158835593611, "dmean2": 0.00564085226506, "max": 0.721821069717, "dmean": 0.00684767542407}, "tuning_equal_tempered_deviation": 0.107291728258, "chords_key": "A#", "tuning_frequency": 445.627075195, "chords_scale": "minor", "chords_changes_rate": 0.0607590191066, "key_scale": "minor", "tuning_diatonic_strength": 0.509054601192, "hpcp_entropy": {"dvar": 0.199832677841, "mean": 1.48517906666, "min": 0, "median": 1.49217128754, "dvar2": 0.510668814182, "var": 0.519892275333, "dmean2": 0.763125836849, "max": 4.43925237656, "dmean": 0.442401349545}, "chords_histogram": [27.2574310303, 17.5920734406, 1.83211815357, 2.46775102615, 2.11254429817, 9.40362644196, 2.52383613586, 2.87904286385, 0, 4.28117418289, 4.09422302246, 0.878668904305, 0.149560660124, 7.16021680832, 0.168255746365, 0, 2.37427568436, 1.62647223473, 10.2449054718, 0.729108273983, 0, 0, 0.635632812977, 1.58908212185], "tuning_nontempered_energy_ratio": 0.743904054165, "key_key": "A#"}, "metadata": {"version": {"extractor": "music 1.0", "essentia_build_sha": "70f2e5ece6736b2c40cc944ad0e695b16b925413", "essentia": "2.1-beta2", "essentia_git_sha": "v2.1_beta2"}, "audio_properties": {"sample_rate": 44100, "length": 248.346664429, "lossless": true, "analysis_sample_rate": 44100, "downmix": "mix", "bit_rate": 0, "equal_loudness": 0, "md5_encoded": "e6c37a1b43759a977d30fd6723e849e8", "codec": "flac", "replay_gain": -11.5698223114}, "tags": {"disctotal": ["1"], "genre": ["Rock"], "catalognumber": ["CKM004"], "releasecountry": ["US"], "musicbrainz_recordingid": ["e8b1dd4a-4d56-401d-86bd-ac96858eae9d"], "language": ["eng"], "title": ["Barreling Towards Nowhere Like There's No Tomorrow"], "releasetype": ["album"], "discnumber": ["1"], "artistsort": ["Rivulets"], "originaldate": ["2002-01-22"], "musicbrainz_artistid": ["d1f78c68-bcca-48fd-88dd-a2f70f4b02a6"], "tracknumber": ["6"], "musicbrainz_albumartistid": ["d1f78c68-bcca-48fd-88dd-a2f70f4b02a6"], "totaltracks": ["9"], "barcode": ["656605750422"], "tracktotal": ["9"], "date": ["2002-01-22"], "albumartistsort": ["Rivulets"], "musicbrainz_releasegroupid": ["9491893c-780c-3463-aad9-7ea0b5c01b23"], "media": ["CD"], "label": ["Chairkickers' Music"], "albumartist": ["Rivulets"], "asin": ["B00005YK1W"], "script": ["Latn"], "musicbrainz_albumid": ["3f1a7292-47a3-4213-8ebc-a3bff35540e7"], "file_name": "06. Barreling Towards Nowhere Like There's No Tomorrow.flac", "releasestatus": ["official"], "totaldiscs": ["1"], "album": ["Rivulets"], "artist": ["Rivulets"]}}, "lowlevel": {"melbands": {"dvar": [5.47911511717e-08, 1.17546524052e-05, 9.70886594587e-06, 5.56848988253e-07, 2.35875333487e-07, 5.0353379244e-09, 3.57796388073e-08, 1.03406975427e-07, 1.81736101723e-08, 2.05314587554e-09, 1.50229106932e-09, 6.43230579911e-10, 2.15821360783e-10, 6.58979468215e-11, 1.00625209554e-10, 5.22439418116e-11, 6.62915347616e-11, 2.9001736776e-11, 1.20517892541e-11, 1.31961698513e-11, 1.23776986924e-11, 6.18744465386e-12, 2.72657642991e-11, 1.75624376153e-11, 1.95112294377e-11, 3.5628344025e-11, 2.93595009415e-11, 9.38331270323e-12, 2.40866181167e-11, 8.69640123802e-11, 2.78348212535e-11, 5.22259423208e-11, 7.50493486801e-11, 4.69420925742e-11, 2.44315817577e-11, 2.6241463863e-11, 8.46315101333e-11, 2.3938885596e-11, 1.43344158158e-12, 2.905483471e-13], "mean": [0.00010906677926, 0.00488347373903, 0.00392417469993, 0.000933720264584, 0.000430670886999, 4.78793190268e-05, 7.82221686677e-05, 0.000313989032293, 0.000130262415041, 4.6354780352e-05, 3.1998482882e-05, 1.14765007311e-05, 6.5890908445e-06, 4.62206344309e-06, 4.16139846493e-06, 4.05044647778e-06, 3.78018694391e-06, 1.96739324565e-06, 1.06188088012e-06, 7.84074870808e-07, 7.38735764116e-07, 6.54325788219e-07, 1.04166042547e-06, 8.3533865336e-07, 6.29405576547e-07, 7.64692515531e-07, 7.23603250208e-07, 5.20386208791e-07, 5.61940794341e-07, 6.74352861552e-07, 6.17944579062e-07, 6.74713533044e-07, 6.24539552518e-07, 4.81023391785e-07, 3.54425651494e-07, 3.35530074835e-07, 4.72065806889e-07, 3.07162224544e-07, 1.28841350033e-07, 8.4969457248e-08], "min": [9.72976110119e-25, 1.21129345478e-24, 9.50085634625e-25, 2.13652859038e-24, 1.44632667288e-24, 2.16556419372e-24, 1.84180187315e-24, 1.32851946719e-24, 2.39715620334e-24, 1.81177033292e-24, 2.19093514372e-24, 2.1411075335e-24, 3.20704636535e-24, 1.88508016292e-24, 3.55691702366e-24, 3.50720774257e-24, 2.58487610814e-24, 2.92218711476e-24, 3.63348820185e-24, 3.21887060146e-24, 4.31731977172e-24, 4.3729261825e-24, 4.26466251744e-24, 4.19658855448e-24, 4.64951304321e-24, 4.28744363709e-24, 3.4224600211e-24, 3.43341572135e-24, 4.60600657543e-24, 4.53495939572e-24, 4.43794094286e-24, 4.7191067467e-24, 3.9385095539e-24, 5.6201405172e-24, 5.6018803594e-24, 6.7470941902e-24, 6.47535803519e-24, 6.25022383816e-24, 6.09398954145e-24, 6.31459607131e-24], "median": [1.09902584882e-05, 0.00157536449842, 0.00216598366387, 0.000222571441554, 5.36813313374e-05, 1.12037205326e-05, 4.80439848616e-06, 4.49264643976e-06, 5.16466479894e-06, 1.54037888933e-06, 1.65883113823e-06, 6.91073580583e-07, 5.86527903579e-07, 1.10530879738e-06, 3.01511306589e-07, 3.91240860154e-07, 1.53316804585e-07, 1.70082870454e-07, 1.30165460632e-07, 6.7425141026e-08, 6.84965542064e-08, 5.26321208838e-08, 6.08426304893e-08, 6.80749323578e-08, 5.08208159999e-08, 4.74315129395e-08, 7.92907570712e-08, 4.9111022804e-08, 3.33853016343e-08, 3.5544545085e-08, 6.29005683095e-08, 4.01411703876e-08, 3.5811407173e-08, 2.15332978115e-08, 2.53370160408e-08, 2.31954686569e-08, 1.63807900577e-08, 9.34816046794e-09, 1.00686028404e-08, 6.54677201339e-09], "dvar2": [1.40116739544e-07, 2.67702216661e-05, 2.85388123302e-05, 1.14493639103e-06, 5.13859902185e-07, 8.56086934675e-09, 7.10291274686e-08, 1.69931468008e-07, 3.17211608092e-08, 3.82303877444e-09, 2.92326851614e-09, 1.15276677093e-09, 4.92029694765e-10, 1.64644339828e-10, 2.19383344824e-10, 1.07521255788e-10, 1.5568088485e-10, 6.0230966048e-11, 2.46409871674e-11, 2.96504071295e-11, 2.82475935004e-11, 1.40481072955e-11, 6.70019525972e-11, 4.13162351554e-11, 4.8009887732e-11, 8.0698774052e-11, 6.21606724427e-11, 1.85270531555e-11, 5.51215392774e-11, 2.30933286383e-10, 6.16191125902e-11, 9.07229916192e-11, 1.890178708e-10, 8.52396556117e-11, 3.06418744545e-11, 6.08727165896e-11, 1.04564093495e-10, 3.93942344024e-11, 2.68047021211e-12, 3.38585984336e-13], "var": [6.39283186388e-08, 6.2682229327e-05, 2.45584651566e-05, 3.6483763779e-06, 1.88641138266e-06, 2.0558985625e-08, 1.33662467761e-07, 1.28178407977e-06, 1.60096902846e-07, 1.68952585256e-08, 1.44449616712e-08, 3.42343398074e-09, 7.75282726906e-10, 1.27056462573e-10, 2.12207057482e-10, 1.46344450447e-10, 1.58256477367e-10, 5.47170642129e-11, 1.95933304303e-11, 1.63582619672e-11, 1.58915051257e-11, 8.26346803484e-12, 3.4759382872e-11, 2.56231078022e-11, 2.68933625369e-11, 6.01484487217e-11, 4.16680093207e-11, 1.33503694211e-11, 3.14713706484e-11, 9.10450256852e-11, 6.24716528508e-11, 1.60147187178e-10, 1.7128269636e-10, 1.33101779598e-10, 7.27576124349e-11, 6.05049621516e-11, 2.17812226588e-10, 6.7445916907e-11, 4.50637357291e-12, 1.27391977175e-12], "dmean2": [0.000112363857625, 0.00180972949602, 0.00259489635937, 0.000493953295518, 0.00021623831708, 2.57719384535e-05, 4.60666087747e-05, 0.000102172663901, 4.80510461784e-05, 1.77542224264e-05, 1.45406547745e-05, 7.78451976657e-06, 4.74392209071e-06, 3.62089303962e-06, 3.28438795805e-06, 3.22624669025e-06, 3.20141975862e-06, 1.87336752333e-06, 1.08907192953e-06, 8.96863298294e-07, 8.59257625052e-07, 7.032939493e-07, 1.12276472919e-06, 8.75528826327e-07, 7.05269087575e-07, 8.60106297296e-07, 7.38294431812e-07, 5.24964377746e-07, 6.23857545179e-07, 7.92444041053e-07, 5.84844428886e-07, 5.30214322225e-07, 5.56699092158e-07, 3.80061152327e-07, 2.4734561066e-07, 3.0276962093e-07, 3.35562617693e-07, 2.46713028673e-07, 9.85109309681e-08, 6.24610621003e-08], "max": [0.00368613516912, 0.0696642249823, 0.0712405741215, 0.0260174162686, 0.0225506834686, 0.002739577787, 0.00885176379234, 0.0115519342944, 0.00661635678262, 0.00267880386673, 0.00172155862674, 0.00208185217343, 0.000660560966935, 0.000213380990317, 0.000590437150095, 0.000298252416542, 0.00027812802, 0.000195309417904, 9.30379173951e-05, 0.000109383858216, 0.000148559513036, 6.28596317256e-05, 0.000257851846982, 0.000230020232266, 0.000350432819687, 0.000352703820681, 0.000379243836505, 0.00021328193543, 0.000353559385985, 0.000659843557514, 0.000361857062671, 0.000660018471535, 0.000758468697313, 0.000568302057218, 0.000576093443669, 0.00049621949438, 0.00104113039561, 0.000474531203508, 0.000111260582344, 6.10309398326e-05], "dmean": [6.45202599117e-05, 0.00108113512397, 0.00154686544556, 0.000325234606862, 0.000139281837619, 1.92312381841e-05, 3.28238711518e-05, 8.05974341347e-05, 3.63488179573e-05, 1.34645006256e-05, 1.02496351246e-05, 5.31337491338e-06, 3.12658403345e-06, 2.27534019359e-06, 2.15033787754e-06, 2.11817609852e-06, 2.04693969863e-06, 1.23342454117e-06, 7.40849145586e-07, 6.00492057856e-07, 5.69229598568e-07, 4.78619710975e-07, 7.39646907277e-07, 5.86975431816e-07, 4.70936328156e-07, 5.70734755456e-07, 5.14591761203e-07, 3.57669819095e-07, 4.19765171955e-07, 5.18814545103e-07, 3.91994689153e-07, 3.98044619487e-07, 3.85632773714e-07, 2.77974521623e-07, 2.08904396004e-07, 1.99255950406e-07, 3.07887518147e-07, 1.78001286599e-07, 6.95276796137e-08, 4.69734402486e-08]}, "spectral_decrease": {"dvar": 1.5008748846e-17, "mean": -7.84581111191e-09, "min": -6.94341011354e-08, "median": -4.39341008018e-09, "dvar2": 3.76752711052e-17, "var": 8.13474759199e-17, "dmean2": 3.38388295162e-09, "max": 5.26057964584e-16, "dmean": 2.05392702846e-09}, "spectral_rolloff": {"dvar": 201622.921875, "mean": 557.975280762, "min": 129.19921875, "median": 193.798828125, "dvar2": 488763.53125, "var": 4390824.5, "dmean2": 143.60609436, "max": 21253.2714844, "dmean": 81.4698181152}, "melbands_crest": {"dvar": 7.82418012619, "mean": 23.3427085876, "min": 1.62335836887, "median": 24.6577186584, "dvar2": 22.2044734955, "var": 33.8214378357, "dmean2": 4.13893318176, "max": 35.059928894, "dmean": 2.4294397831}, "barkbands_skewness": {"dvar": 2.00073766708, "mean": 5.91731309891, "min": -13.900343895, "median": 5.11871576309, "dvar2": 4.96209764481, "var": 17.7651252747, "dmean2": 1.82581198215, "max": 26.2821998596, "dmean": 1.13363981247}, "spectral_centroid": {"dvar": 40332.2734375, "mean": 415.9034729, "min": 118.356544495, "median": 232.662322998, "dvar2": 74706.4375, "var": 1042681.75, "dmean2": 96.934463501, "max": 11968.2246094, "dmean": 63.5519065857}, "spectral_energyband_middle_low": {"dvar": 7.88144898252e-05, "mean": 0.0129439122975, "min": 1.64013837853e-22, "median": 0.00573342107236, "dvar2": 0.000218648317968, "var": 0.000313748896588, "dmean2": 0.00807636044919, "max": 0.186069712043, "dmean": 0.00496527226642}, "erbbands_crest": {"dvar": 6.32014226913, "mean": 15.7898330688, "min": 1.78928184509, "median": 15.1801357269, "dvar2": 16.5785503387, "var": 38.0956916809, "dmean2": 3.64156293869, "max": 30.2360706329, "dmean": 2.22612643242}, "dynamic_complexity": 5.18458080292, "spectral_energyband_low": {"dvar": 0.000189244994544, "mean": 0.0210735723376, "min": 1.16886924499e-23, "median": 0.00969606544822, "dvar2": 0.000474844040582, "var": 0.000829432043247, "dmean2": 0.0105378683656, "max": 0.234930723906, "dmean": 0.00617822399363}, "silence_rate_60dB": {"dvar": 0.028671355918, "mean": 0.139197900891, "min": 0, "median": 0, "dvar2": 0.0707406550646, "var": 0.119810067117, "dmean2": 0.0590930357575, "max": 1, "dmean": 0.029543755576}, "erbbands_kurtosis": {"dvar": 405.655151367, "mean": 20.8776702881, "min": -1.93756759167, "median": 6.63077640533, "dvar2": 1212.16003418, "var": 1453.78259277, "dmean2": 15.0533790588, "max": 500.056945801, "dmean": 8.95881938934}, "spectral_complexity": {"dvar": 5.11049365997, "mean": 4.76236343384, "min": 0, "median": 4, "dvar2": 8.20242214203, "var": 16.9242343903, "dmean2": 1.43076205254, "max": 46, "dmean": 0.913425564766}, "barkbands_crest": {"dvar": 3.53827500343, "mean": 16.5923061371, "min": 2.85343647003, "median": 15.8721437454, "dvar2": 8.93297100067, "var": 26.2535648346, "dmean2": 2.73614835739, "max": 25.7444076538, "dmean": 1.67223858833}, "spectral_energy": {"dvar": 0.000219876761548, "mean": 0.0302204880863, "min": 1.00834584906e-20, "median": 0.0169373098761, "dvar2": 0.000550680910237, "var": 0.00120179366786, "dmean2": 0.0129823433235, "max": 0.265788584948, "dmean": 0.00789239164442}, "spectral_spread": {"dvar": 605127639040, "mean": 4553405.5, "min": 1102445.75, "median": 4055868.5, "dvar2": 1418580197380.0, "var": 12702695030800.0, "dmean2": 977259.75, "max": 44542368, "dmean": 587164.1875}, "spectral_contrast_valleys": {"dvar": [0.256271272898, 0.112662889063, 0.0891183614731, 0.095206104219, 0.0914526134729, 0.099550999701], "mean": [-9.11568164825, -8.7765455246, -9.45729064941, -9.96002006531, -9.78961372375, -11.8034238815], "min": [-28.5324020386, -28.2083530426, -27.8872585297, -27.6383361816, -27.4614715576, -27.396068573], "median": [-9.057472229, -8.59785270691, -9.31597232819, -9.80057048798, -9.64546871185, -11.719628334], "dvar2": [0.511815190315, 0.242493271828, 0.184951454401, 0.179134011269, 0.156332492828, 0.147122457623], "var": [4.26769590378, 3.91277170181, 3.63532972336, 3.52464866638, 3.4783437252, 2.80316281319], "dmean2": [0.838117420673, 0.540784657001, 0.454285740852, 0.403935790062, 0.300268173218, 0.258754193783], "max": [-5.74332380295, -5.4760966301, -6.2060379982, -6.2386879921, -6.16364240646, -6.79135322571], "dmean": [0.526916086674, 0.330088406801, 0.27632817626, 0.250326812267, 0.199576586485, 0.199350982904]}, "spectral_rms": {"dvar": 1.04436003312e-06, "mean": 0.00461752945557, "min": 3.13648217641e-12, "median": 0.00406499765813, "dvar2": 2.66730967269e-06, "var": 8.16191641206e-06, "dmean2": 0.00114073802251, "max": 0.0161029789597, "dmean": 0.000693951849826}, "barkbands_spread": {"dvar": 16.6013069153, "mean": 4.66764831543, "min": 0.121962405741, "median": 2.07815241814, "dvar2": 35.4466400146, "var": 111.205673218, "dmean2": 2.10426878929, "max": 125.78931427, "dmean": 1.33883869648}, "pitch_salience": {"dvar": 0.00385297415778, "mean": 0.299405246973, "min": 0.0113186044618, "median": 0.300827562809, "dvar2": 0.00993872527033, "var": 0.0269461292773, "dmean2": 0.0896832346916, "max": 0.858563423157, "dmean": 0.0540554225445}, "erbbands_skewness": {"dvar": 0.97935038805, "mean": 2.83915805817, "min": -5.64648199081, "median": 2.03535699844, "dvar2": 2.73592376709, "var": 6.90986728668, "dmean2": 1.10645020008, "max": 16.2767066956, "dmean": 0.68655860424}, "spectral_energyband_middle_high": {"dvar": 2.15611322574e-07, "mean": 0.000382565602195, "min": 1.1407055917e-21, "median": 6.12015937804e-05, "dvar2": 3.81395267368e-07, "var": 8.85604038103e-07, "dmean2": 0.000195001033717, "max": 0.0165479835123, "dmean": 0.000143824276165}, "erbbands": {"dvar": [9.15265700314e-05, 0.446853935719, 86.7885131836, 465.775299072, 156.349868774, 216.674758911, 116.723213196, 11.0854492188, 134.303543091, 775.16595459, 282.350982666, 64.4799957275, 58.653591156, 37.6702461243, 10.6749515533, 8.02695560455, 8.73393821716, 15.2238264084, 9.14554595947, 4.93566656113, 8.10055923462, 6.21505832672, 30.7059173584, 23.9693527222, 43.5003433228, 28.5108127594, 96.2910842896, 104.674423218, 137.078094482, 161.461105347, 70.7741241455, 131.982894897, 28.5609169006, 0.720860183239, 0.057086341083, 0.0032055657357, 0.000144661360537, 3.72045087715e-06, 7.25938562596e-08, 6.37519370628e-10], "mean": [0.00742125418037, 0.540977776051, 13.3899774551, 24.2219524384, 13.2094774246, 14.9121952057, 8.82390499115, 2.39729261398, 4.81417560577, 26.1530742645, 17.0306053162, 8.08708381653, 6.64744710922, 2.97088837624, 1.89466273785, 1.58337748051, 1.73466897011, 2.01312351227, 1.13992023468, 0.631084859371, 0.64980751276, 0.711022078991, 1.11304008961, 0.82079076767, 1.01014947891, 0.870974361897, 0.983614981174, 1.10633111, 1.16973567009, 0.937004089355, 0.626442551613, 0.682085037231, 0.371193438768, 0.117241293192, 0.0452176146209, 0.0156910568476, 0.00396076636389, 0.00129244639538, 0.000129338819534, 4.15794529545e-05], "min": [6.55461496922e-23, 6.86428995374e-22, 2.04967378829e-21, 3.92162127885e-21, 1.0274080001e-20, 3.05860888237e-20, 3.0030352699e-20, 8.74871193782e-20, 1.06901830299e-19, 2.03412488496e-19, 3.41356345695e-19, 3.54845050697e-19, 4.82197751956e-19, 7.60528001456e-19, 1.04061812941e-18, 9.5514266158e-19, 1.67879097052e-18, 1.62393317948e-18, 2.65540713741e-18, 3.3197518697e-18, 4.22772341948e-18, 4.76582177874e-18, 4.89703537136e-18, 6.23274801294e-18, 5.72670621114e-18, 6.24757687979e-18, 8.01240311261e-18, 8.85770394367e-18, 1.04178641863e-17, 9.95795259285e-18, 1.11656189164e-17, 1.11437242728e-17, 9.60855481083e-18, 8.67249572297e-18, 5.53861774756e-18, 4.41630033322e-18, 2.12265360568e-18, 1.02782671181e-18, 2.4190390366e-19, 2.68404534513e-20], "median": [0.00201431429014, 0.117383621633, 4.30058860779, 12.887556076, 4.90197563171, 1.98578500748, 1.37144470215, 0.581452608109, 0.380478471518, 0.559147298336, 0.93440169096, 0.345328092575, 0.481025487185, 0.202866524458, 0.259848684072, 0.294010430574, 0.263153910637, 0.128363013268, 0.127257928252, 0.10107459873, 0.0651302710176, 0.0558190904558, 0.0830575600266, 0.0705115944147, 0.0871416404843, 0.0894711613655, 0.058440823108, 0.100611239672, 0.0751792415977, 0.0503094941378, 0.0471000336111, 0.0299891103059, 0.0156192993745, 0.00920713413507, 0.0045476751402, 0.00142816326115, 0.000477387337014, 0.000851121672895, 6.66804044158e-05, 2.5286055461e-05], "dvar2": [0.000226351141464, 1.11750853062, 198.044174194, 1406.21032715, 330.225189209, 480.243988037, 244.634658813, 18.9613552094, 252.149536133, 1357.68041992, 473.908050537, 120.129547119, 113.472541809, 68.0733261108, 25.8578510284, 18.0219326019, 16.9674854279, 35.2734909058, 18.2654457092, 10.2969341278, 17.5205936432, 13.4901838303, 73.4050521851, 56.250831604, 97.29347229, 56.5666732788, 230.162780762, 240.261825562, 237.808609009, 322.49331665, 101.487426758, 155.070281982, 46.5220832825, 0.826360225677, 0.0824671685696, 0.00538181653246, 0.000273171375738, 7.76192882768e-06, 1.5354582672e-07, 1.39875200311e-09], "var": [0.000188650476048, 1.01668655872, 471.764007568, 1060.63537598, 552.826477051, 1635.22814941, 827.650390625, 43.2094993591, 467.112884521, 8458.91601562, 2378.19506836, 551.913269043, 581.715087891, 212.647216797, 32.6602630615, 19.3760871887, 23.3284339905, 37.9660186768, 17.7504520416, 7.55529308319, 11.1997833252, 9.34883785248, 44.948009491, 37.7049102783, 80.9926528931, 40.3114624023, 118.546310425, 201.914505005, 470.541473389, 450.144714355, 216.059570312, 378.647155762, 84.6938705444, 3.10317611694, 0.211717709899, 0.0102789467201, 0.000332961353706, 5.1407855608e-06, 8.94464307066e-08, 2.23774065944e-09], "dmean2": [0.00488855084404, 0.322174668312, 4.9689540863, 17.5298118591, 9.05926799774, 7.29298448563, 4.65435218811, 1.21258723736, 2.75815200806, 8.7550239563, 6.1460313797, 2.98458313942, 2.86746883392, 1.84152364731, 1.36502480507, 1.13485717773, 1.25550818443, 1.5900747776, 1.01948523521, 0.611910998821, 0.704537451267, 0.696081638336, 1.13816404343, 0.840479969978, 1.0047031641, 0.811845839024, 1.05125844479, 1.0305327177, 0.834804534912, 0.744763433933, 0.409895867109, 0.470058888197, 0.293330818415, 0.0809786468744, 0.0343556776643, 0.0129971783608, 0.00391728058457, 0.000847083574627, 0.000109807027911, 1.9129807697e-05], "max": [0.158045381308, 11.7195234299, 192.686889648, 497.520446777, 409.870361328, 672.424255371, 505.484100342, 143.723403931, 666.276367188, 985.55645752, 701.483215332, 495.385192871, 342.690216064, 476.461090088, 93.2065734863, 122.500976562, 117.355316162, 122.069526672, 113.728157043, 62.2436408997, 107.11505127, 76.8584060669, 257.370941162, 375.124755859, 461.377593994, 403.800018311, 738.304016113, 601.036682129, 1090.38037109, 1077.47741699, 984.706604004, 1283.83435059, 491.391998291, 94.6658248901, 25.6005554199, 4.08987188339, 0.621012210846, 0.0429048240185, 0.00588483130559, 0.000964073289651], "dmean": [0.00284484680742, 0.185669839382, 2.9688334465, 10.2261867523, 5.87361192703, 4.70073890686, 3.03661513329, 0.904801487923, 1.95655632019, 6.83770418167, 4.70398235321, 2.2501642704, 2.03863930702, 1.2668710947, 0.883360862732, 0.739715278149, 0.831987082958, 1.02732563019, 0.683174133301, 0.428721517324, 0.480658441782, 0.487557858229, 0.759714245796, 0.574207484722, 0.702914297581, 0.580170750618, 0.703460693359, 0.709598243237, 0.639789104462, 0.550585329533, 0.357763886452, 0.407036155462, 0.201782733202, 0.0616501681507, 0.0255459323525, 0.00949464086443, 0.00278248428367, 0.000571926939301, 7.35944704502e-05, 1.22881929201e-05]}, "dissonance": {"dvar": 0.000943412422203, "mean": 0.396491736174, "min": 0.158992320299, "median": 0.410757929087, "dvar2": 0.00259214523248, "var": 0.00423033395782, "dmean2": 0.051096636802, "max": 0.499906718731, "dmean": 0.0302786268294}, "erbbands_flatness_db": {"dvar": 0.000573255587369, "mean": 0.225269258022, "min": 0.0191851798445, "median": 0.226402819157, "dvar2": 0.00150157150347, "var": 0.00403913296759, "dmean2": 0.0299016200006, "max": 0.434424430132, "dmean": 0.0191126670688}, "melbands_kurtosis": {"dvar": 3167.37255859, "mean": 112.458564758, "min": -1.92144334316, "median": 56.6758880615, "dvar2": 7859.36328125, "var": 21447.734375, "dmean2": 51.8394584656, "max": 1159.2253418, "dmean": 31.8222866058}, "melbands_spread": {"dvar": 26.5727806091, "mean": 4.82126569748, "min": 0.177686884999, "median": 1.65478122234, "dvar2": 50.8607978821, "var": 214.342041016, "dmean2": 2.08238005638, "max": 252.046005249, "dmean": 1.34611165524}, "melbands_skewness": {"dvar": 2.25283813477, "mean": 5.50217962265, "min": -1.39441382885, "median": 4.71055316925, "dvar2": 5.55741643906, "var": 15.0953521729, "dmean2": 1.781924963, "max": 26.9604740143, "dmean": 1.10542738438}, "spectral_entropy": {"dvar": 0.105824954808, "mean": 5.90999889374, "min": 3.14079451561, "median": 5.8389544487, "dvar2": 0.264115959406, "var": 1.01198720932, "dmean2": 0.408916264772, "max": 9.82229423523, "dmean": 0.254662066698}, "zerocrossingrate": {"dvar": 7.39030801924e-05, "mean": 0.0221346095204, "min": 0.0048828125, "median": 0.01171875, "dvar2": 0.000115054717753, "var": 0.0028234408237, "dmean2": 0.00481798220426, "max": 0.779296875, "dmean": 0.0036753481254}, "average_loudness": 0.482258051634, "spectral_contrast_coeffs": {"dvar": [0.00175693142228, 0.000913611496799, 0.000560262182262, 0.000340910715749, 0.000200144815608, 0.000112430199806], "mean": [-0.430325716734, -0.681537032127, -0.77309179306, -0.816373825073, -0.843820929527, -0.811451613903], "min": [-0.983289837837, -0.978347063065, -0.9781011343, -0.968663096428, -0.965504586697, -0.965133488178], "median": [-0.424675911665, -0.69563472271, -0.792371273041, -0.825010418892, -0.846132993698, -0.804391860962], "dvar2": [0.00448243366554, 0.00219594570808, 0.00140339927748, 0.000845396018121, 0.000450166116934, 0.000265300972387], "var": [0.0104913599789, 0.0112648261711, 0.00720448698848, 0.00333481142297, 0.00125683017541, 0.00155778496992], "dmean2": [0.0802354216576, 0.0552100278437, 0.0469117425382, 0.0357845164835, 0.0249309372157, 0.0183178279549], "max": [-0.173031911254, -0.307682573795, -0.465810835361, -0.593790113926, -0.614120960236, -0.627628147602], "dmean": [0.0480074994266, 0.0343705713749, 0.0285893008113, 0.0216363985091, 0.0153468251228, 0.0112544642761]}, "barkbands_flatness_db": {"dvar": 0.000960460165516, "mean": 0.324985474348, "min": 0.0354616045952, "median": 0.322201400995, "dvar2": 0.00236404594034, "var": 0.00923481397331, "dmean2": 0.0406706295907, "max": 0.589217424393, "dmean": 0.0253163333982}, "silence_rate_30dB": {"dvar": 0.0187104381621, "mean": 0.952042639256, "min": 0, "median": 1, "dvar2": 0.0445501729846, "var": 0.0456506498158, "dmean2": 0.0381486676633, "max": 1, "dmean": 0.0190725512803}, "spectral_energyband_high": {"dvar": 1.33100036237e-06, "mean": 0.000130710061057, "min": 6.97214463229e-21, "median": 1.05301924123e-05, "dvar2": 1.83961822131e-06, "var": 5.06976766701e-06, "dmean2": 8.12418657006e-05, "max": 0.114203639328, "dmean": 6.70966619509e-05}, "melbands_flatness_db": {"dvar": 0.00111955939792, "mean": 0.426576912403, "min": 0.00359129835851, "median": 0.424654006958, "dvar2": 0.00265905167907, "var": 0.0132969282568, "dmean2": 0.0427596531808, "max": 0.730335593224, "dmean": 0.0268251616508}, "barkbands": {"dvar": [2.23776641661e-09, 2.70054579232e-06, 9.48759916355e-05, 6.62704333081e-05, 1.11174476842e-05, 1.47509254589e-07, 1.26637371523e-06, 1.86999511698e-06, 2.43376859999e-07, 5.71567078111e-08, 2.45971261137e-08, 5.84212189736e-09, 5.05674568885e-09, 6.2002554202e-09, 2.52934140299e-09, 2.99711699903e-09, 2.06025618787e-09, 7.79406583717e-09, 1.68334857165e-08, 1.36064697287e-08, 7.62124088283e-08, 1.5300098255e-07, 8.07712652318e-08, 2.02962908702e-07, 2.1635877534e-09, 6.51702858345e-11, 3.03182761015e-12], "mean": [4.54048858956e-06, 0.000780817761552, 0.0160440970212, 0.00625434378162, 0.00405886210501, 0.000249899894698, 0.00051519315457, 0.0013351944508, 0.00040848433855, 0.000176683985046, 5.92722208239e-05, 4.27536033385e-05, 3.88148437196e-05, 3.43340616382e-05, 1.50181085701e-05, 1.16325927593e-05, 1.2038105524e-05, 1.87523019122e-05, 1.88978519873e-05, 1.8623924916e-05, 2.68532930932e-05, 3.25207365677e-05, 2.31756821449e-05, 2.83113058686e-05, 7.90184003563e-06, 2.57226679423e-06, 1.02211799913e-06], "min": [9.14607700096e-25, 3.28562933607e-24, 7.31583687045e-25, 1.16195188148e-24, 1.31051142933e-23, 1.27012885073e-23, 1.10504085254e-23, 3.71099496908e-24, 9.37406963548e-24, 2.07114184266e-23, 2.201467344e-23, 1.86179740662e-23, 3.59636133109e-23, 2.73822360781e-23, 4.53644119205e-23, 5.60648304724e-23, 6.28595229519e-23, 8.79746327418e-23, 1.25780488702e-22, 1.21757853443e-22, 1.81736626763e-22, 3.09297744922e-22, 3.90848822152e-22, 6.09912264358e-22, 8.86280001601e-22, 1.2824416568e-21, 2.0095284675e-21], "median": [9.2317321787e-08, 7.45832439861e-05, 0.00575323775411, 0.00216962839477, 0.000647857144941, 6.74116017763e-05, 1.97739882424e-05, 2.7634883736e-05, 1.12324205475e-05, 8.83163011167e-06, 2.21345680984e-06, 8.97925838217e-06, 4.86124645249e-06, 1.47063656186e-06, 1.86092506738e-06, 1.01324610569e-06, 8.58047371821e-07, 1.47587763877e-06, 1.30195132897e-06, 1.99497139874e-06, 2.03724471248e-06, 2.05126593755e-06, 1.49494997004e-06, 1.12680072561e-06, 7.33099511763e-07, 2.50403587643e-07, 6.62051718336e-07], "dvar2": [6.15855766384e-09, 6.93413585395e-06, 0.000207652468816, 0.000201769304113, 2.41157049459e-05, 2.54014082657e-07, 2.58159752775e-06, 2.75290403806e-06, 4.38098282984e-07, 1.07043739206e-07, 5.30921298036e-08, 1.39276794542e-08, 9.66172919448e-09, 1.47857006638e-08, 5.14230436011e-09, 6.6132197496e-09, 4.65720528808e-09, 1.82179302755e-08, 3.71097073071e-08, 2.55537209171e-08, 1.89519028027e-07, 3.47399861766e-07, 1.07576603625e-07, 2.46463230269e-07, 2.55367460511e-09, 1.1864402516e-10, 6.60312906783e-12], "var": [1.93539295701e-09, 3.20136996379e-06, 0.000617200508714, 0.000114815666166, 8.09246485005e-05, 6.00887574365e-07, 5.03302771904e-06, 2.35263250943e-05, 2.26460701924e-06, 4.55009484313e-07, 1.11626654586e-07, 1.23764376525e-08, 1.3463198556e-08, 1.37330138372e-08, 4.23186197196e-09, 3.85275367165e-09, 2.75355760415e-09, 1.17821690182e-08, 2.98266087384e-08, 1.99020320224e-08, 1.03055178613e-07, 3.9782253225e-07, 2.92671046509e-07, 6.09208257174e-07, 9.1047516193e-09, 1.73192141184e-10, 3.35771970124e-12], "dmean2": [9.54812276177e-06, 0.000780982954893, 0.00556236924604, 0.00643021613359, 0.00198864936829, 0.000148462902871, 0.000294761237456, 0.000428963510785, 0.00015115676797, 8.80592269823e-05, 4.12407025578e-05, 3.32954150508e-05, 3.06057772832e-05, 3.11717085424e-05, 1.52624070324e-05, 1.31391652758e-05, 1.30589596665e-05, 1.92525149032e-05, 1.99312707991e-05, 1.73257885763e-05, 2.73846708296e-05, 2.62021294475e-05, 1.4849553736e-05, 2.05253509193e-05, 5.48431899006e-06, 2.33838204622e-06, 7.4108879744e-07], "max": [0.00152167049237, 0.026100423187, 0.208401709795, 0.180656671524, 0.114176131785, 0.0115496218204, 0.0579771324992, 0.0470501147211, 0.0331472344697, 0.0123189873993, 0.00869346410036, 0.00308801233768, 0.0030763016548, 0.00246647489257, 0.00166433840059, 0.00224577495828, 0.00129546015523, 0.00397093454376, 0.00753199262545, 0.0090292384848, 0.019046606496, 0.0345048010349, 0.0317987427115, 0.0485076084733, 0.00529679795727, 0.000434057699749, 2.91045707854e-05], "dmean": [5.50653339815e-06, 0.000446110061603, 0.0033698270563, 0.00376358977519, 0.00131248496473, 0.000108083273517, 0.000211551800021, 0.0003423007729, 0.000114843453048, 6.16715915385e-05, 2.75599013548e-05, 2.13571165659e-05, 2.00996528292e-05, 1.98847556021e-05, 1.02558360595e-05, 9.01855764823e-06, 8.85766985448e-06, 1.29936606754e-05, 1.37147762871e-05, 1.23550462376e-05, 1.86441102414e-05, 1.91195940715e-05, 1.26702070702e-05, 1.60783492902e-05, 4.2471397137e-06, 1.69043403275e-06, 4.87060390242e-07]}, "erbbands_spread": {"dvar": 94.9523773193, "mean": 21.6369972229, "min": 0.590224444866, "median": 16.2640094757, "dvar2": 221.989883423, "var": 407.758056641, "dmean2": 8.69554424286, "max": 162.379425049, "dmean": 5.43673658371}, "barkbands_kurtosis": {"dvar": 2868.77758789, "mean": 105.529960632, "min": -1.95404243469, "median": 49.596031189, "dvar2": 7085.3046875, "var": 18280.2675781, "dmean2": 49.0138931274, "max": 1340.81420898, "dmean": 30.029499054}, "spectral_flux": {"dvar": 0.000991984969005, "mean": 0.0404882654548, "min": 6.27411109178e-11, "median": 0.0279481597245, "dvar2": 0.00241310941055, "var": 0.0017191398656, "dmean2": 0.0325884260237, "max": 0.395370751619, "dmean": 0.0208552926779}, "silence_rate_20dB": {"dvar": 0, "mean": 1, "min": 1, "median": 1, "dvar2": 0, "var": 0, "dmean2": 0, "max": 1, "dmean": 0}, "gfcc": {"cov": [[16332.703125, 1456.88659668, -2053.11083984, 264.408508301, -1533.78601074, 360.694824219, -532.588562012, 336.304931641, 89.7312927246, 172.813873291, -108.719230652, -316.222991943, -325.618804932], [1456.88659668, 1036.93981934, 110.341598511, -286.223815918, -50.8789787292, -10.4946012497, 52.2541313171, -0.915933430195, 65.8602142334, -35.6116371155, 37.2811546326, -50.4487762451, -43.8542404175], [-2053.11083984, 110.341598511, 1089.90368652, 208.244369507, 449.00402832, 28.0329532623, 99.1019668579, -104.340393066, -96.1501464844, -79.6519927979, 36.4489631653, 93.8190765381, 75.7780685425], [264.408508301, -286.223815918, 208.244369507, 681.494140625, 254.667251587, 68.8473434448, 41.3263473511, -18.0825157166, -43.2403030396, -26.172121048, 19.0534362793, 15.2340068817, 63.7581329346], [-1533.78601074, -50.8789787292, 449.00402832, 254.667251587, 566.04119873, 47.8502960205, 104.468811035, -35.307849884, -29.3015403748, -39.410484314, 17.1438350677, 33.3662834167, 41.01014328], [360.694824219, -10.4946012497, 28.0329532623, 68.8473434448, 47.8502960205, 179.529556274, 42.3816757202, 37.9752616882, 15.0749931335, 25.9922370911, 13.0797481537, -25.0592975616, -22.5886478424], [-532.588562012, 52.2541313171, 99.1019668579, 41.3263473511, 104.468811035, 42.3816757202, 229.005325317, 42.2217521667, 32.6404724121, -14.1624526978, -13.9918136597, -8.91155910492, 6.51493549347], [336.304931641, -0.915933430195, -104.340393066, -18.0825157166, -35.307849884, 37.9752616882, 42.2217521667, 143.573104858, 80.4576568604, 26.8030929565, -10.1482067108, -11.3561067581, 5.04595899582], [89.7312927246, 65.8602142334, -96.1501464844, -43.2403030396, -29.3015403748, 15.0749931335, 32.6404724121, 80.4576568604, 143.092590332, 41.3860664368, -16.605474472, -33.3209686279, 9.45980358124], [172.813873291, -35.6116371155, -79.6519927979, -26.172121048, -39.410484314, 25.9922370911, -14.1624526978, 26.8030929565, 41.3860664368, 76.1020507812, 18.9790363312, -6.21949481964, -6.4554309845], [-108.719230652, 37.2811546326, 36.4489631653, 19.0534362793, 17.1438350677, 13.0797481537, -13.9918136597, -10.1482067108, -16.605474472, 18.9790363312, 95.8176193237, 44.2742576599, 9.97414016724], [-316.222991943, -50.4487762451, 93.8190765381, 15.2340068817, 33.3662834167, -25.0592975616, -8.91155910492, -11.3561067581, -33.3209686279, -6.21949481964, 44.2742576599, 99.4110565186, 52.1206817627], [-325.618804932, -43.8542404175, 75.7780685425, 63.7581329346, 41.01014328, -22.5886478424, 6.51493549347, 5.04595899582, 9.45980358124, -6.4554309845, 9.97414016724, 52.1206817627, 96.1018600464]], "mean": [-154.562255859, 113.135307312, -41.9524536133, 27.2153663635, -47.0773506165, 4.60581922531, -27.9276809692, -11.5484619141, -31.270242691, -15.3304929733, -26.4209709167, -16.9257583618, -25.3091640472], "icov": [[0.000566208211239, -0.00165144796483, 0.000879085098859, -0.0017045866698, 0.001151725417, -0.00124299654271, 0.00130131712649, -0.0012454057578, 0.00151470024139, -0.00150924187619, 0.00251608644612, -0.00165914476383, 0.00118432217278], [-0.00165144796483, 0.00630093645304, -0.00292292283848, 0.00565733760595, -0.00316679989919, 0.00364686967805, -0.00402830773965, 0.00388044700958, -0.00556417321786, 0.00612249784172, -0.00917252432555, 0.00627809111029, -0.00338480644859], [0.000879085098859, -0.00292292283848, 0.00308313500136, -0.00273344037123, 0.000714569061529, -0.0023656541016, 0.00175289157778, -0.00111855985597, 0.00276180845685, -0.00195707706735, 0.00432046223432, -0.00379315298051, 0.0013115326874], [-0.0017045866698, 0.00565733760595, -0.00273344037123, 0.00748984748498, -0.00417668232694, 0.00303442077711, -0.00394884776324, 0.00370843964629, -0.00413226149976, 0.00555149652064, -0.00887134391814, 0.00690549984574, -0.00548392161727], [0.001151725417, -0.00316679989919, 0.000714569061529, -0.00417668232694, 0.00550983753055, -0.00281231245026, 0.00182209000923, -0.0020900357049, 0.00243158824742, -0.00246875081211, 0.00476953200996, -0.00344061548822, 0.0026045339182], [-0.00124299654271, 0.00364686967805, -0.0023656541016, 0.00303442077711, -0.00281231245026, 0.0103593552485, -0.00378086534329, 0.000359571509762, -0.00210618018173, 0.000581089814659, -0.00708623602986, 0.00597519660369, -0.00108154769987], [0.00130131712649, -0.00402830773965, 0.00175289157778, -0.00394884776324, 0.00182209000923, -0.00378086534329, 0.00861479714513, -0.00436901906505, 0.00253974716179