{"lowlevel": {"erbbands": {"mean": [0.0973855406046, 1.05484390259, 2.61190509796, 4.3866724968, 8.93632316589, 10.2890148163, 9.28831768036, 12.2467327118, 22.5944099426, 31.7605228424, 36.9592895508, 26.1179256439, 48.7020950317, 87.4324493408, 48.9181556702, 38.4138221741, 40.8989448547, 52.7908554077, 69.2923202515, 36.1914749146, 33.4722290039, 37.4176445007, 37.1476097107, 16.8028049469, 12.9204721451, 7.57712030411, 6.20637178421, 4.27465486526, 4.17357397079, 3.20157575607, 2.13618063927, 1.81812024117, 1.23961806297, 0.73020452261, 0.369681477547, 0.139510601759, 0.0408268980682, 0.00634811725467, 0.000267368188361, 3.99908349209e-05], "dvar": [0.0147282741964, 1.91472291946, 12.1761674881, 24.8935089111, 153.8306427, 388.057128906, 60.0110244751, 100.428421021, 301.981536865, 987.42755127, 1733.84326172, 1931.35168457, 3774.12597656, 20884.3515625, 10196.6601562, 1496.18310547, 2616.9519043, 2434.24487305, 4950.77490234, 754.99005127, 641.835510254, 450.050445557, 509.523193359, 114.635375977, 57.5141944885, 21.2905712128, 17.9268245697, 9.77271842957, 9.82284832001, 8.672914505, 4.88295125961, 5.5922999382, 2.11744403839, 0.627030491829, 0.367905557156, 0.06427526474, 0.00494268396869, 0.000134285684908, 4.46853789526e-07, 3.32384064716e-10], "min": [1.00385775053e-22, 7.01478694397e-22, 1.37161005066e-21, 4.21390360959e-21, 2.10223332101e-20, 1.79714923938e-20, 4.73860236671e-20, 5.94032002087e-20, 1.17093180122e-19, 2.50688303271e-19, 1.90912135079e-19, 3.60450698612e-19, 4.20328209354e-19, 7.0670196313e-19, 1.39317801611e-18, 8.31770689471e-19, 1.68809406408e-18, 2.24137242835e-18, 2.20440200446e-18, 1.86915314682e-18, 3.82670543133e-18, 4.56862564302e-18, 4.87819964163e-18, 5.47257399309e-18, 7.08642487488e-18, 8.3790393386e-18, 9.06362228535e-18, 1.04741529998e-17, 1.0030768475e-17, 1.23060379377e-17, 1.27396708302e-17, 1.10064809471e-17, 9.97685615139e-18, 7.75745281294e-18, 6.44800563734e-18, 4.51464466343e-18, 2.36045727844e-18, 1.00711121414e-18, 2.39461394407e-19, 2.84097152398e-20], "dmean": [0.0720768794417, 0.725602865219, 1.70581698418, 2.92419838905, 6.41793203354, 8.47462558746, 5.02257061005, 5.60186958313, 11.0226097107, 16.6246337891, 19.5323543549, 16.5011062622, 27.1747589111, 53.1852416992, 30.2482585907, 20.7960357666, 24.0426864624, 28.0312728882, 34.9048042297, 16.9512634277, 15.4768619537, 15.6141366959, 16.7292251587, 7.36892747879, 5.8229060173, 3.18093419075, 2.75919651985, 1.93179774284, 1.92735922337, 1.60184693336, 1.15990650654, 1.06872057915, 0.676123142242, 0.403729856014, 0.231576561928, 0.0955836772919, 0.0304506905377, 0.00486691389233, 0.000223798779189, 1.32903887788e-05], "dmean2": [0.119628868997, 1.23508882523, 3.0557346344, 5.26410579681, 11.3928337097, 14.6887149811, 8.49525737762, 8.92124652863, 17.781879425, 26.2606525421, 28.6643238068, 27.4593372345, 42.7914886475, 81.5305328369, 45.9924812317, 32.8001937866, 38.6369361877, 43.9111633301, 56.2590141296, 25.9409732819, 24.719997406, 25.3037414551, 26.7779998779, 11.6630105972, 9.27908325195, 4.95455503464, 4.18031167984, 2.91426277161, 2.87295007706, 2.35546183586, 1.72749018669, 1.5733345747, 0.976675748825, 0.565289378166, 0.337468713522, 0.137045413256, 0.0444251708686, 0.00696195941418, 0.000336900382536, 2.00212816708e-05], "dvar2": [0.0372941717505, 5.01634788513, 34.7414283752, 71.0365982056, 436.899993896, 1097.76379395, 163.017959595, 228.386688232, 751.533996582, 2399.72436523, 3725.45776367, 4939.14990234, 9566.8671875, 50080.9257812, 23345.3261719, 3826.83398438, 6712.19970703, 6196.13525391, 13625.078125, 1734.63476562, 1593.69567871, 1180.86352539, 1265.11242676, 273.44720459, 144.764343262, 50.477973938, 40.0412559509, 21.6804771423, 21.3731822968, 19.7770061493, 11.4488925934, 13.2534198761, 4.39789581299, 1.30068123341, 0.741956651211, 0.143370226026, 0.0117202727124, 0.000289166317089, 9.74971271717e-07, 7.46953221498e-10], "max": [1.14124774933, 13.291967392, 40.8501777649, 67.9865036011, 124.371734619, 221.634109497, 129.149307251, 359.613769531, 325.520111084, 1098.10986328, 630.353515625, 1191.3927002, 1221.28991699, 2512.30615234, 2904.8293457, 821.819213867, 1373.93908691, 1015.79107666, 1183.28137207, 545.770996094, 549.485168457, 364.801147461, 366.640838623, 245.403106689, 103.467323303, 73.2265853882, 78.392326355, 55.8569259644, 45.3786849976, 50.2950134277, 30.7882900238, 68.9501571655, 57.8134918213, 18.3673858643, 28.8172721863, 11.1032676697, 1.6429425478, 0.417957395315, 0.0271463766694, 0.000545747112483], "median": [0.057506237179, 0.662448883057, 1.78868460655, 3.43804883957, 6.16063404083, 5.32219219208, 5.85053539276, 7.60061359406, 15.8871383667, 19.9240570068, 12.9225311279, 11.6917362213, 17.1568927765, 25.5806541443, 14.9595813751, 17.6430282593, 16.6976318359, 30.6872940063, 30.456949234, 23.3132019043, 20.1681175232, 28.1990432739, 29.5412712097, 13.1598730087, 9.86467933655, 5.15411710739, 4.12810850143, 2.80026745796, 2.54187226295, 1.73908042908, 1.08665966988, 0.73316526413, 0.496388554573, 0.304220855236, 0.120252035558, 0.0416631065309, 0.00908162258565, 0.00123614771292, 4.99362504343e-05, 3.39978869306e-05], "var": [0.0166311468929, 1.83245050907, 9.65626621246, 20.7920074463, 127.667625427, 303.244567871, 125.969352722, 258.085784912, 580.195068359, 1675.23046875, 4843.58251953, 3243.55297852, 7426.27392578, 38892.0703125, 16475.5820312, 3680.85522461, 5004.16064453, 4745.12548828, 13000.1542969, 1807.81237793, 1850.39367676, 1344.25146484, 1133.53295898, 243.737548828, 140.958114624, 66.3739471436, 47.5834579468, 23.0777339935, 23.7241592407, 17.8434658051, 8.88332748413, 8.83237075806, 4.80912733078, 1.29610228539, 0.787073850632, 0.110200226307, 0.00692262360826, 0.000210178783163, 6.05926857133e-07, 7.48696271646e-10]}, "gfcc": {"icov": [[0.000355611351551, -0.000761004921515, 0.00085981405573, -0.000657698721625, 0.000701063836459, -0.00125026039314, 0.0009543846827, -0.000893710413948, 0.000991706969216, -0.00115749251563, 0.00170956633519, -0.0012507828651, 0.00104228151031], [-0.000761004921515, 0.00294636026956, -0.00146926403977, 0.00162033026572, -0.00190719566308, 0.00362978107296, -0.00258526438847, 0.0018842330901, -0.00249809678644, 0.00349891022779, -0.00517216511071, 0.00392497144639, -0.00285120517947], [0.00085981405573, -0.00146926403977, 0.00341964093968, -0.00120702711865, 0.00142232060898, -0.0027380855754, 0.00136440864298, -0.00252970587462, 0.00233490718529, -0.00332110957243, 0.00424489984289, -0.00345057016239, 0.00268785096705], [-0.000657698721625, 0.00162033026572, -0.00120702711865, 0.00601634476334, -0.00151394982822, 0.00084377330495, -0.000110585744551, 0.000889416376594, -0.00318737654015, 0.0024093084503, -0.00410928949714, 0.00499171670526, -0.00310023617931], [0.000701063836459, -0.00190719566308, 0.00142232060898, -0.00151394982822, 0.00751077244058, -0.00210291403346, 0.000156768583111, -0.000269639509497, -0.00100076221861, -0.00300121749751, 0.00286864093505, -0.00399377709255, 0.00221370626241], [-0.00125026039314, 0.00362978107296, -0.0027380855754, 0.00084377330495, -0.00210291403346, 0.0126299383119, -0.00666429521516, 0.000502512091771, 0.00115134485532, 0.000866217014845, -0.0058440733701, 0.00345172174275, -0.00453863525763], [0.0009543846827, -0.00258526438847, 0.00136440864298, -0.000110585744551, 0.000156768583111, -0.00666429521516, 0.0127198239788, -0.00254632974975, 0.000655578449368, 8.01203786978e-05, 0.0017772866413, -0.000602889806032, 0.000510743528139], [-0.000893710413948, 0.0018842330901, -0.00252970587462, 0.000889416376594, -0.000269639509497, 0.000502512091771, -0.00254632974975, 0.0171864293516, -0.00895505119115, 0.00141151878051, 0.000832587771583, -0.00144818064291, -0.000816231535282], [0.000991706969216, -0.00249809678644, 0.00233490718529, -0.00318737654015, -0.00100076221861, 0.00115134485532, 0.000655578449368, -0.00895505119115, 0.0222993157804, -0.00902245100588, 0.000747469777707, 0.00201489613391, -0.00206317496486], [-0.00115749251563, 0.00349891022779, -0.00332110957243, 0.0024093084503, -0.00300121749751, 0.000866217014845, 8.01203786978e-05, 0.00141151878051, -0.00902245100588, 0.0247799754143, -0.0103391520679, 0.00354471383616, 0.00337399658747], [0.00170956633519, -0.00517216511071, 0.00424489984289, -0.00410928949714, 0.00286864093505, -0.0058440733701, 0.0017772866413, 0.000832587771583, 0.000747469777707, -0.0103391520679, 0.0292729195207, -0.0128925517201, 0.00402550119907], [-0.0012507828651, 0.00392497144639, -0.00345057016239, 0.00499171670526, -0.00399377709255, 0.00345172174275, -0.000602889806032, -0.00144818064291, 0.00201489613391, 0.00354471383616, -0.0128925517201, 0.0250725653023, -0.00949559919536], [0.00104228151031, -0.00285120517947, 0.00268785096705, -0.00310023617931, 0.00221370626241, -0.00453863525763, 0.000510743528139, -0.000816231535282, -0.00206317496486, 0.00337399658747, 0.00402550119907, -0.00949559919536, 0.0254176594317]], "mean": [-1.44224917889, 107.690490723, -127.949028015, 28.5278701782, -48.8836212158, 13.3748750687, -37.8515739441, 11.5667333603, -20.2700252533, 0.577159941196, -15.3800630569, -0.679215192795, -11.6569252014], "cov": [[26078.125, -387.251159668, -2801.76147461, 824.182861328, -1180.04223633, 909.30065918, -1027.30773926, 413.209259033, -640.346008301, 200.526779175, -537.624511719, 103.829299927, -371.606933594], [-387.251159668, 1792.58081055, -380.652496338, -33.3265037537, 259.315460205, -343.5, 180.931396484, -134.536193848, 187.933639526, -128.995742798, 166.143112183, -126.464904785, 120.092407227], [-2801.76147461, -380.652496338, 983.671813965, -99.8343811035, 37.8599853516, 65.1844863892, 75.8915100098, 54.622177124, -2.65696597099, 52.4289360046, -10.7903251648, 56.9235954285, -19.6368751526], [824.182861328, -33.3265037537, -99.8343811035, 266.722625732, -9.55196857452, 36.4329986572, -34.7467422485, 20.403169632, 22.8715057373, 11.4069261551, -2.7002389431, -30.1165428162, 3.76469373703], [-1180.04223633, 259.315460205, 37.8599853516, -9.55196857452, 254.027450562, -64.0028839111, 81.7744827271, -26.536813736, 78.4199066162, -3.04360675812, 54.929561615, -8.46390533447, 31.1689929962], [909.30065918, -343.5, 65.1844863892, 36.4329986572, -64.0028839111, 239.187072754, 1.88452720642, 52.4611854553, -63.3741073608, 38.2041778564, -31.7274703979, 36.6718788147, -19.827922821], [-1027.30773926, 180.931396484, 75.8915100098, -34.7467422485, 81.7744827271, 1.88452720642, 172.208511353, -11.636051178, 41.2264518738, -21.5556182861, 39.17603302, -12.9533157349, 34.7029571533], [413.209259033, -134.536193848, 54.622177124, 20.403169632, -26.536813736, 52.4611854553, -11.636051178, 102.874038696, 9.86461734772, 25.5407829285, -23.663066864, 18.1646595001, -12.1630163193], [-640.346008301, 187.933639526, -2.65696597099, 22.8715057373, 78.4199066162, -63.3741073608, 41.2264518738, 9.86461734772, 114.658088684, 9.46603775024, 36.7089691162, -25.9873466492, 24.2805900574], [200.526779175, -128.995742798, 52.4289360046, 11.4069261551, -3.04360675812, 38.2041778564, -21.5556182861, 25.5407829285, 9.46603775024, 77.3243103027, 3.33263134956, 11.1476535797, -24.3645706177], [-537.624511719, 166.143112183, -10.7903251648, -2.7002389431, 54.929561615, -31.7274703979, 39.17603302, -23.663066864, 36.7089691162, 3.33263134956, 82.6562728882, 6.02523136139, 21.1958084106], [103.829299927, -126.464904785, 56.9235954285, -30.1165428162, -8.46390533447, 36.6718788147, -12.9533157349, 18.1646595001, -25.9873466492, 11.1476535797, 6.02523136139, 78.4431915283, 4.75393438339], [-371.606933594, 120.092407227, -19.6368751526, 3.76469373703, 31.1689929962, -19.827922821, 34.7029571533, -12.1630163193, 24.2805900574, -24.3645706177, 21.1958084106, 4.75393438339, 66.8690795898]]}, "spectral_skewness": {"mean": 1.74976468086, "dvar": 0.0720203891397, "min": -0.0811749324203, "dmean": 0.222819373012, "dmean2": 0.361962616444, "dvar2": 0.205172196031, "max": 10.4107580185, "median": 1.60663342476, "var": 0.99128395319}, "spectral_energyband_low": {"mean": 0.00740865897387, "dvar": 6.49002467981e-05, "min": 1.81943936254e-23, "dmean": 0.00438133813441, "dmean2": 0.00740431668237, "dvar2": 0.000170301602338, "max": 0.0799277722836, "median": 0.00573450140655, "var": 6.04475280852e-05}, "spectral_energyband_middle_low": {"mean": 0.0116197271273, "dvar": 6.07088513789e-05, "min": 1.08875287855e-22, "dmean": 0.00467220926657, "dmean2": 0.007847847417, "dvar2": 0.000166786863701, "max": 0.093591786921, "median": 0.00946881622076, "var": 7.67486562836e-05}, "mfcc": {"icov": [[0.000126194572658, 4.80661401525e-05, 0.000153656292241, 0.000144590478158, -6.36106269667e-05, -0.000204381809453, 0.000177862631972, -0.000271064986009, 0.000105606413854, -0.000149893239723, 4.37614726252e-05, -2.40729641519e-05, 0.000167014601175], [4.80661401525e-05, 0.00103468366433, 0.000569852534682, -0.000812565791421, 1.99237856577e-05, 0.000208316472708, -0.000447613769211, -0.000350806658389, -7.77090972406e-05, 0.000296794460155, -0.000402902049245, -7.10498807166e-06, -0.000137165610795], [0.000153656292241, 0.000569852534682, 0.00217875954695, 0.00010806600767, -0.000161344942171, 7.63499483583e-05, -0.00100858777296, -0.000229104800383, 6.06489375059e-05, -0.00111971411388, 0.00112941197585, -0.000344491243595, -0.000262371991994], [0.000144590478158, -0.000812565791421, 0.00010806600767, 0.00588107714429, -0.0017258777516, -0.000896359328181, 0.00199303054251, -5.5639015045e-05, -0.000319375132676, -0.00179611414205, -0.000309032999212, -0.000625104294159, 0.00030438308022], [-6.36106269667e-05, 1.99237856577e-05, -0.000161344942171, -0.0017258777516, 0.00904951617122, -0.00102541060187, 0.00155620463192, -0.000264195492491, -0.0010553477332, 0.000811803038232, -0.000245450384682, -0.00293370266445, 0.000673677481245], [-0.000204381809453, 0.000208316472708, 7.63499483583e-05, -0.000896359328181, -0.00102541060187, 0.0123718911782, -0.00740623474121, 0.000927212007809, 0.000307880603941, -0.0013172092149, -0.000531319121365, 0.000707084895112, -0.00224221521057], [0.000177862631972, -0.000447613769211, -0.00100858777296, 0.00199303054251, 0.00155620463192, -0.00740623474121, 0.0169362295419, -0.00624238466844, 0.00138170679566, -0.000285345275188, 0.000862890505232, -0.001218344667, 0.00110041513108], [-0.000271064986009, -0.000350806658389, -0.000229104800383, -5.5639015045e-05, -0.000264195492491, 0.000927212007809, -0.00624238466844, 0.0202141664922, -0.00935978721827, 0.00315093062818, -0.000526031246409, 0.00163613946643, -0.00408232025802], [0.000105606413854, -7.77090972406e-05, 6.06489375059e-05, -0.000319375132676, -0.0010553477332, 0.000307880603941, 0.00138170679566, -0.00935978721827, 0.023552197963, -0.0103327957913, 0.00319182523526, 0.00113207020331, 7.33231790946e-05], [-0.000149893239723, 0.000296794460155, -0.00111971411388, -0.00179611414205, 0.000811803038232, -0.0013172092149, -0.000285345275188, 0.00315093062818, -0.0103327957913, 0.0207676608115, -0.00894424133003, 0.00131264713127, 0.00137030659243], [4.37614726252e-05, -0.000402902049245, 0.00112941197585, -0.000309032999212, -0.000245450384682, -0.000531319121365, 0.000862890505232, -0.000526031246409, 0.00319182523526, -0.00894424133003, 0.0241823177785, -0.00832328666002, 0.00250852527097], [-2.40729641519e-05, -7.10498807166e-06, -0.000344491243595, -0.000625104294159, -0.00293370266445, 0.000707084895112, -0.001218344667, 0.00163613946643, 0.00113207020331, 0.00131264713127, -0.00832328666002, 0.0234810430557, -0.0103354630992], [0.000167014601175, -0.000137165610795, -0.000262371991994, 0.00030438308022, 0.000673677481245, -0.00224221521057, 0.00110041513108, -0.00408232025802, 7.33231790946e-05, 0.00137030659243, 0.00250852527097, -0.0103354630992, 0.0209069550037]], "mean": [-628.998718262, 132.936538696, -14.0515899658, 20.3227596283, 8.8323841095, 2.94706225395, -2.20238780975, 5.731569767, 0.773298799992, 0.0773559361696, 2.33854699135, 0.0697502046824, -2.9983689785], "cov": [[9588.19433594, -312.251312256, -601.795532227, -218.847076416, 27.1355400085, 116.680404663, -38.0413894653, 84.2047653198, 4.18297624588, 30.7314319611, 12.2355327606, -45.1198425293, -78.7284011841], [-312.251312256, 1393.5715332, -376.769989014, 227.106872559, 43.8492698669, -13.7352371216, -13.8084745407, 20.9405441284, 11.321269989, -4.02415990829, 50.588508606, 27.8750762939, 13.4666261673], [-601.795532227, -376.769989014, 663.130004883, -64.5522613525, -13.3666629791, 26.3208408356, 62.0697669983, 16.7572345734, 15.955780983, 24.1833019257, -33.1213951111, 0.733571171761, 17.5516223907], [-218.847076416, 227.106872559, -64.5522613525, 248.879623413, 55.7740631104, -0.905040025711, -33.6787567139, -6.63564968109, 15.5180740356, 29.7140464783, 27.3748188019, 19.2366008759, 1.61060094833], [27.1355400085, 43.8492698669, -13.3666629791, 55.7740631104, 132.16217041, 5.96368312836, -15.9784021378, -0.315253198147, 7.21020126343, 5.91084003448, 12.6809606552, 23.2245903015, 5.79854869843], [116.680404663, -13.7352371216, 26.3208408356, -0.905040025711, 5.96368312836, 119.599197388, 57.2667007446, 17.2275409698, 5.47682762146, 10.6695384979, 3.10971498489, 5.84071969986, 14.1012573242], [-38.0413894653, -13.8084745407, 62.0697669983, -33.6787567139, -15.9784021378, 57.2667007446, 105.119438171, 34.3245277405, 6.50755977631, 0.376723557711, -6.78653430939, 1.28702545166, 10.7115592957], [84.2047653198, 20.9405441284, 16.7572345734, -6.63564968109, -0.315253198147, 17.2275409698, 34.3245277405, 77.237197876, 29.6180515289, 2.27675628662, -4.678211689, -0.657884955406, 14.8871793747], [4.18297624588, 11.321269989, 15.955780983, 15.5180740356, 7.21020126343, 5.47682762146, 6.50755977631, 29.6180515289, 68.6760940552, 32.8419799805, 1.69056618214, -4.43249750137, 1.02346491814], [30.7314319611, -4.02415990829, 24.1833019257, 29.7140464783, 5.91084003448, 10.6695384979, 0.376723557711, 2.27675628662, 32.8419799805, 80.3316268921, 26.1106567383, 1.68529200554, -6.70258808136], [12.2355327606, 50.588508606, -33.1213951111, 27.3748188019, 12.6809606552, 3.10971498489, -6.78653430939, -4.678211689, 1.69056618214, 26.1106567383, 61.4385910034, 22.2880554199, 0.717766225338], [-45.1198425293, 27.8750762939, 0.733571171761, 19.2366008759, 23.2245903015, 5.84071969986, 1.28702545166, -0.657884955406, -4.43249750137, 1.68529200554, 22.2880554199, 67.3461914062, 30.4780960083], [-78.7284011841, 13.4666261673, 17.5516223907, 1.61060094833, 5.79854869843, 14.1012573242, 10.7115592957, 14.8871793747, 1.02346491814, -6.70258808136, 0.717766225338, 30.4780960083, 67.8302383423]]}, "silence_rate_20dB": {"mean": 1, "dvar": 0, "min": 1, "dmean": 0, "dmean2": 0, "dvar2": 0, "max": 1, "median": 1, "var": 0}, "dynamic_complexity": 2.53106307983, "silence_rate_60dB": {"mean": 0.0506382994354, "dvar": 0.00198202510364, "min": 0, "dmean": 0.0019860973116, "dmean2": 0.00397275807336, "dvar2": 0.00424023251981, "max": 1, "median": 0, "var": 0.0480732731521}, "dissonance": {"mean": 0.462544649839, "dvar": 0.000327223562635, "min": 0.127630650997, "dmean": 0.0181988924742, "dmean2": 0.0306780654937, "dvar2": 0.000909739406779, "max": 0.500000059605, "median": 0.471794009209, "var": 0.00166644470301}, "barkbands": {"mean": [6.50853326079e-05, 0.00428804149851, 0.00228820345365, 0.00172115245368, 0.00300512067042, 0.00151303573512, 0.00211384124123, 0.00152021215763, 0.000974210735876, 0.00188580644317, 0.001967927441, 0.00083510321565, 0.000884864362888, 0.000955381721724, 0.00125492492225, 0.000405812286772, 0.000796759326477, 0.000585346773732, 0.000278574007098, 0.000161125542945, 0.000128661471535, 0.000116190312838, 7.88857942098e-05, 7.97764296294e-05, 5.9149646404e-05, 2.47143725574e-05, 1.90292462321e-06], "dvar": [4.99986585467e-09, 2.92147396976e-05, 1.04199052657e-05, 3.02293028653e-06, 2.69054307864e-05, 1.04123500932e-06, 3.00043166135e-06, 3.10924315272e-06, 3.18981369674e-06, 7.98567907623e-06, 1.52098491526e-05, 9.90827516034e-07, 1.32347372528e-06, 9.87751491266e-07, 1.29545287564e-06, 1.85086705073e-07, 2.68181821639e-07, 1.29630464585e-07, 2.46529534564e-08, 1.02435127047e-08, 7.76936559532e-09, 7.7803594678e-09, 6.12897199659e-09, 9.25942522656e-09, 5.21271381615e-09, 1.80283188378e-09, 2.46877865373e-11], "min": [4.7014941451e-25, 4.19219696582e-24, 1.04118427804e-24, 2.7026584154e-25, 4.397922818e-24, 7.54994791016e-24, 1.04331059344e-23, 7.890481808e-24, 1.97366529827e-23, 1.53426551421e-23, 1.43916785877e-23, 1.71314997966e-23, 2.52151263087e-23, 3.30588223541e-23, 4.01296098395e-23, 5.66362813121e-23, 6.61148489851e-23, 7.85229557593e-23, 9.54309397071e-23, 2.01784409642e-22, 2.20263369062e-22, 2.9490962883e-22, 4.50899716292e-22, 5.24095910877e-22, 8.87512088739e-22, 1.37672388881e-21, 1.94588180651e-21], "dmean": [4.54821747553e-05, 0.00295169441961, 0.00158512080088, 0.00113761832472, 0.00230094557628, 0.000670063542202, 0.0011083240388, 0.00084583228454, 0.00068069959525, 0.00112304463983, 0.00126492592972, 0.000495915592182, 0.000560527318157, 0.000553073245101, 0.000646097236313, 0.000218427958316, 0.00037316622911, 0.000270144606475, 0.000121996919916, 7.01671015122e-05, 5.76642560191e-05, 5.44645881746e-05, 4.21077202191e-05, 4.44348006567e-05, 3.39920443366e-05, 1.75803052116e-05, 1.71034707819e-06], "dmean2": [7.57958332542e-05, 0.00498397741467, 0.00286028697155, 0.00204251962714, 0.00405955500901, 0.00107643706724, 0.00175424444024, 0.0012538980227, 0.00114143500105, 0.00175981619395, 0.00193743139971, 0.00078578729881, 0.000901955645531, 0.000869092822541, 0.00102287239861, 0.000349410780473, 0.000609954295214, 0.000430988613516, 0.000193910585949, 0.000109726119263, 8.64208850544e-05, 8.09042248875e-05, 6.24763633823e-05, 6.43858948024e-05, 4.76903405797e-05, 2.5117833502e-05, 2.59807097791e-06], "dvar2": [1.29185702136e-08, 7.54507491365e-05, 3.01501822833e-05, 8.60064210428e-06, 7.59631584515e-05, 2.46087529376e-06, 7.40376754038e-06, 6.99788370184e-06, 8.16278043203e-06, 1.89024831343e-05, 3.47798631992e-05, 2.34874732996e-06, 3.36820767188e-06, 2.38839584199e-06, 3.4215818232e-06, 4.55732617866e-07, 7.10641131718e-07, 3.17242296433e-07, 5.81876307137e-08, 2.46057290099e-08, 1.69829554864e-08, 1.69533098671e-08, 1.42356082478e-08, 2.06625845323e-08, 1.03890096526e-08, 4.1212717683e-09, 5.38471836564e-11], "max": [0.00101769180037, 0.0498731955886, 0.0340092554688, 0.0255034528673, 0.0549919269979, 0.0359474420547, 0.0310458764434, 0.0335944183171, 0.0529426671565, 0.0614652857184, 0.0892314463854, 0.0197900272906, 0.0251410584897, 0.018902009353, 0.0170393325388, 0.00700997840613, 0.0133270099759, 0.00554978149012, 0.00328285712749, 0.00178723491263, 0.00132519798353, 0.00139815767761, 0.00122960063163, 0.00289544579573, 0.00242223450914, 0.00160251627676, 0.000199505055207], "median": [2.39636283368e-05, 0.00274560740218, 0.00158814061433, 0.00133011036087, 0.0018415794475, 0.00102607207373, 0.00135634839535, 0.000475097389426, 0.000357594370143, 0.000643845065497, 0.000499524758197, 0.000341759732692, 0.00032060459489, 0.000476597837405, 0.000625199172646, 0.000208202225622, 0.00056078331545, 0.000455979374237, 0.000221459471504, 0.000104068371002, 8.57445702422e-05, 7.03277619323e-05, 4.07906263717e-05, 3.23409840348e-05, 2.29654488066e-05, 6.2193771555e-06, 1.99310292714e-07], "var": [1.15992229155e-08, 2.93095363304e-05, 8.22217316454e-06, 3.11231337946e-06, 2.06696313398e-05, 2.79861569652e-06, 6.1185710365e-06, 7.73803094489e-06, 5.31856949237e-06, 1.51267322508e-05, 2.62665107584e-05, 2.22251060222e-06, 2.48715605267e-06, 1.94470158021e-06, 3.44150748788e-06, 3.99999919409e-07, 7.30285989903e-07, 2.843374034e-07, 6.16012840737e-08, 3.33581660072e-08, 2.05525303443e-08, 1.8548240277e-08, 1.15159917158e-08, 1.78307573151e-08, 1.14228315695e-08, 2.86916401748e-09, 3.41498010425e-11]}, "spectral_complexity": {"mean": 23.9754600525, "dvar": 13.0836620331, "min": 0, "dmean": 3.6022131443, "dmean2": 5.29341650009, "dvar2": 23.4998893738, "max": 52, "median": 25, "var": 84.7658615112}, "spectral_energyband_high": {"mean": 0.000569252180867, "dvar": 1.45352231584e-07, "min": 7.21091467819e-21, "dmean": 0.000228397693718, "dmean2": 0.000306816102238, "dvar2": 2.73942248441e-07, "max": 0.00829066708684, "median": 0.000368616048945, "var": 4.05358377975e-07}, "hfc": {"mean": 23.6074638367, "dvar": 68.6285858154, "min": 1.08643549396e-16, "dmean": 6.20315599442, "dmean2": 9.0984544754, "dvar2": 149.114212036, "max": 118.322212219, "median": 20.0491333008, "var": 273.810699463}, "melbands_kurtosis": {"mean": 4.6990146637, "dvar": 31.3489990234, "min": -1.70328438282, "dmean": 2.70878481865, "dmean2": 4.4312877655, "dvar2": 84.2479629517, "max": 216.366653442, "median": 2.90430641174, "var": 50.1543731689}, "spectral_strongpeak": {"mean": 1.08704197407, "dvar": 1.30053091049, "min": 0, "dmean": 0.727420985699, "dmean2": 1.2622269392, "dvar2": 3.31974840164, "max": 10.6700124741, "median": 0.419328391552, "var": 1.98591399193}, "silence_rate_30dB": {"mean": 1, "dvar": 0, "min": 1, "dmean": 0, "dmean2": 0, "dvar2": 0, "max": 1, "median": 1, "var": 0}, "melbands_spread": {"mean": 28.9001331329, "dvar": 34.9741020203, "min": 0.992610931396, "dmean": 6.08433675766, "dmean2": 9.54861736298, "dvar2": 84.8955993652, "max": 155.868911743, "median": 27.4994468689, "var": 267.293487549}, "melbands_crest": {"mean": 10.9789628983, "dvar": 6.91112661362, "min": 1.55911183357, "dmean": 2.73030257225, "dmean2": 4.54997491837, "dvar2": 18.9513874054, "max": 27.5751857758, "median": 10.2699146271, "var": 15.6458559036}, "average_loudness": 0.905752599239, "spectral_flux": {"mean": 0.0847538560629, "dvar": 0.000808607903309, "min": 6.32259106181e-11, "dmean": 0.0240342356265, "dmean2": 0.0360933765769, "dvar2": 0.0015471491497, "max": 0.279093831778, "median": 0.0768581330776, "var": 0.00211589224637}, "spectral_rolloff": {"mean": 1752.71679688, "dvar": 295197.84375, "min": 129.19921875, "dmean": 344.194366455, "dmean2": 564.315551758, "dvar2": 662511.5, "max": 19250.6835938, "median": 1571.92382812, "var": 4693449}, "melbands": {"mean": [0.00106131238863, 0.00142698804848, 0.000908884918317, 0.000735724810511, 0.000331491115503, 0.000280949810985, 0.000399136217311, 0.000338949990692, 0.000269986223429, 0.000163039716426, 0.000234158389503, 0.000338829937391, 0.000202600815101, 0.000108581298264, 6.67145723128e-05, 0.000102376150608, 9.60942561505e-05, 0.000110145891085, 7.62891213526e-05, 3.06980800815e-05, 4.38708084403e-05, 4.05302125728e-05, 4.07992738474e-05, 2.28084336413e-05, 1.25834458231e-05, 1.00784936876e-05, 6.81106348566e-06, 4.70606346425e-06, 3.88035095966e-06, 3.08008179672e-06, 2.39258793044e-06, 2.4191515422e-06, 2.19336334339e-06, 1.60533943472e-06, 1.23960433029e-06, 1.08555707357e-06, 1.1273165228e-06, 8.75416162671e-07, 7.68404902374e-07, 5.57292935355e-07], "dvar": [1.74591627911e-06, 3.16863247463e-06, 7.9028836808e-07, 1.79404389655e-06, 1.04302365855e-07, 4.69183589757e-08, 8.83659652118e-08, 1.06982909642e-07, 9.18872444799e-08, 9.01684913401e-08, 9.93104833924e-08, 3.32838254735e-07, 2.04753888511e-07, 1.62846482965e-08, 7.12267045344e-09, 1.81139743205e-08, 1.15231921782e-08, 1.61282045497e-08, 4.77222217299e-09, 1.27735855227e-09, 1.37189426486e-09, 7.28900606539e-10, 5.29541799299e-10, 2.12895298612e-10, 8.93155827075e-11, 4.04420490152e-11, 2.42016962027e-11, 9.95765622736e-12, 8.17514458906e-12, 5.52108532503e-12, 3.880176562e-12, 3.89418792351e-12, 3.91015822152e-12, 2.82411984423e-12, 1.96962671867e-12, 1.63862174697e-12, 2.67549155573e-12, 1.2893352835e-12, 7.51923209027e-13, 4.63315583815e-13], "min": [1.26728956284e-24, 8.03752774871e-25, 1.09105113408e-24, 8.77760796074e-25, 2.03350098958e-24, 1.27927324746e-24, 1.97737511389e-24, 2.58853859211e-24, 1.36655104308e-24, 2.26146108359e-24, 1.73367763925e-24, 2.97791185467e-24, 4.16479193798e-24, 1.88565169264e-24, 2.12410718657e-24, 2.37673121399e-24, 3.19530791787e-24, 2.94808522106e-24, 2.8978464171e-24, 2.93324221148e-24, 4.46831169329e-24, 3.54626424599e-24, 4.50823476041e-24, 3.910316454e-24, 4.022788692e-24, 3.78541965675e-24, 4.69469386827e-24, 5.71315313439e-24, 3.93555093107e-24, 3.69342467014e-24, 5.18823246628e-24, 4.89583209986e-24, 5.51765249726e-24, 6.89807348999e-24, 6.61828503729e-24, 6.32681394901e-24, 5.81278429456e-24, 5.98464316479e-24, 6.22190807039e-24, 5.83390880631e-24], "dmean": [0.000746943114791, 0.00090048473794, 0.000555811217055, 0.000590047275182, 0.000188708174392, 0.000127073129988, 0.000194659689441, 0.000173681095475, 0.00014651575475, 0.000110029817733, 0.000136952046887, 0.000211044360185, 0.000132013257826, 6.26558176009e-05, 3.80246456189e-05, 6.54031755403e-05, 5.6484437664e-05, 5.94473785895e-05, 3.99637137889e-05, 1.76289158844e-05, 2.24298619287e-05, 1.90973405552e-05, 1.84782038559e-05, 1.07442956505e-05, 6.41742690277e-06, 4.94195137435e-06, 3.24630855175e-06, 2.20070273826e-06, 1.8626359406e-06, 1.48641720443e-06, 1.23026802612e-06, 1.21485311411e-06, 1.14479973945e-06, 8.82032168192e-07, 7.21283299754e-07, 6.33453282717e-07, 7.11364464223e-07, 5.11286202709e-07, 4.30796376349e-07, 3.27891768848e-07], "dmean2": [0.00124690402299, 0.00156604393851, 0.000998058239929, 0.00104404706508, 0.000322761945426, 0.000202355862712, 0.000309453549562, 0.000270929565886, 0.000215762585867, 0.000184215561603, 0.000214907064219, 0.000324816210195, 0.000200506096007, 9.90871558315e-05, 5.94803896092e-05, 0.000106070627226, 8.81421365193e-05, 9.61687183008e-05, 6.13159427303e-05, 2.801957271e-05, 3.62690007023e-05, 3.10661816911e-05, 3.00026549667e-05, 1.72471645783e-05, 1.0295314496e-05, 7.96250242274e-06, 5.24617462361e-06, 3.47634909303e-06, 2.85286296275e-06, 2.31803710449e-06, 1.89641161796e-06, 1.84594068742e-06, 1.74377055373e-06, 1.32018521981e-06, 1.10507255613e-06, 9.43674024256e-07, 1.07279868189e-06, 7.63317302699e-07, 6.2038662918e-07, 4.68411570864e-07], "dvar2": [4.4526509555e-06, 8.70903113537e-06, 2.26097904488e-06, 5.06626838614e-06, 2.91099553351e-07, 1.06917561027e-07, 2.19452545025e-07, 2.5928122227e-07, 1.9885531799e-07, 2.32464898886e-07, 2.48554158588e-07, 7.9557241861e-07, 4.57744590676e-07, 3.80204205896e-08, 1.67056448674e-08, 4.82823914183e-08, 2.90248358681e-08, 4.41650414018e-08, 1.08588258385e-08, 3.1829949787e-09, 3.45009842917e-09, 1.92938220955e-09, 1.35102551369e-09, 5.12945519393e-10, 2.16582557444e-10, 1.02211079878e-10, 5.97611335418e-11, 2.40338669105e-11, 1.85142959991e-11, 1.31040673104e-11, 8.93859639084e-12, 8.83186666162e-12, 9.03632984411e-12, 6.73481756475e-12, 4.84692407737e-12, 3.81344608669e-12, 6.54258635116e-12, 2.80184469376e-12, 1.62624330235e-12, 1.01461623391e-12], "max": [0.0117504242808, 0.0201517753303, 0.0107094887644, 0.0138197978958, 0.00553422654048, 0.00806159060448, 0.00522586423904, 0.0118127809837, 0.00469747185707, 0.00892574992031, 0.00617505982518, 0.0103437062353, 0.0114121595398, 0.00283505697735, 0.00307087204419, 0.00257232971489, 0.00221576076001, 0.00213231798261, 0.0016844724305, 0.000595526595134, 0.000954991963226, 0.00050032249419, 0.000339164806064, 0.000214202678762, 0.000219043693505, 8.96318961168e-05, 8.30756616779e-05, 4.65390803583e-05, 5.48200769117e-05, 4.05154933105e-05, 3.91697576561e-05, 2.60327979049e-05, 4.24524623668e-05, 3.24746906699e-05, 2.316107566e-05, 2.4564233172e-05, 5.16780419275e-05, 4.36662012362e-05, 3.73244401999e-05, 1.93138694158e-05], "median": [0.000662698585074, 0.00102338765282, 0.000744901481085, 0.000440250791144, 0.000215824489715, 0.000178866248461, 0.000276110367849, 0.000207539997064, 9.27640212467e-05, 6.5662599809e-05, 7.45822617318e-05, 9.29628004087e-05, 5.05479292769e-05, 4.41702431999e-05, 2.90179013973e-05, 3.76338975911e-05, 4.68337675557e-05, 4.10132124671e-05, 4.41164156655e-05, 1.53051405505e-05, 2.53907237493e-05, 2.89852068818e-05, 3.1937212043e-05, 1.76118610398e-05, 8.9743434728e-06, 7.70202314015e-06, 4.46533795184e-06, 3.03865863316e-06, 2.38811526287e-06, 2.00578688236e-06, 1.46151478475e-06, 1.39371627483e-06, 1.18682748962e-06, 8.09885818853e-07, 6.00390876571e-07, 4.62170760329e-07, 4.13428494994e-07, 3.34533808655e-07, 3.16974194448e-07, 2.14487528183e-07], "var": [1.82598375886e-06, 2.65929884335e-06, 6.87844249114e-07, 1.34834704113e-06, 1.50376962438e-07, 1.20759679589e-07, 1.83525969533e-07, 1.88149016367e-07, 2.58396767094e-07, 1.45612759184e-07, 1.92452375813e-07, 6.16089153027e-07, 3.32832797767e-07, 3.78965694381e-08, 1.66551750169e-08, 3.11087333671e-08, 2.12024584556e-08, 4.03382642844e-08, 1.05364259539e-08, 2.40911179894e-09, 3.62454644076e-09, 1.86384774281e-09, 1.37393818544e-09, 4.49962400673e-10, 1.73064923503e-10, 8.79610620452e-11, 5.98484387049e-11, 2.95139711282e-11, 2.05592279312e-11, 1.30447250224e-11, 8.11283158708e-12, 8.79241904977e-12, 8.01935254313e-12, 5.12857464829e-12, 3.2466310456e-12, 2.83339389277e-12, 3.79881456153e-12, 2.66505632666e-12, 1.58785604023e-12, 8.29651180655e-13]}, "spectral_energy": {"mean": 0.0279897954315, "dvar": 0.000156889014761, "min": 1.0065554554e-20, "dmean": 0.00906994659454, "dmean2": 0.0149263609201, "dvar2": 0.00041024145321, "max": 0.128551617265, "median": 0.024516183883, "var": 0.000285593530862}, "spectral_decrease": {"mean": -6.84869450041e-09, "dvar": 1.01735009712e-17, "min": -3.19132489324e-08, "dmean": 2.28939112112e-09, "dmean2": 3.79056963595e-09, "dvar2": 2.67521410125e-17, "max": 7.16391151507e-17, "median": -5.99538685364e-09, "var": 1.72579687368e-17}, "erbbands_spread": {"mean": 30.911781311, "dvar": 29.6237449646, "min": 1.91043150425, "dmean": 5.32718086243, "dmean2": 8.24584388733, "dvar2": 65.3963851929, "max": 149.954498291, "median": 29.9039459229, "var": 157.648101807}, "spectral_contrast_coeffs": {"mean": [-0.65321958065, -0.723807513714, -0.736538648605, -0.763699769974, -0.763259351254, -0.762116849422], "dvar": [0.00194059289061, 0.00138040236197, 0.00119696196634, 0.000736246642191, 0.000413303321693, 0.000292510900181], "min": [-0.982246994972, -0.976236760616, -0.984597504139, -0.97637039423, -0.967709064484, -0.96437728405], "dmean": [0.0505218580365, 0.0447854883969, 0.0413190722466, 0.0319956056774, 0.0232316143811, 0.0178920645267], "dmean2": [0.0849358737469, 0.0734882503748, 0.065076880157, 0.051634632051, 0.0380006358027, 0.02741635032], "dvar2": [0.00530419033021, 0.00369303906336, 0.00287804962136, 0.00174949201755, 0.000986214727163, 0.000619958154857], "max": [-0.295412927866, -0.44225949049, -0.415707409382, -0.527326226234, -0.601930975914, -0.597181200981], "median": [-0.659183621407, -0.725351333618, -0.743708431721, -0.764143824577, -0.762794554234, -0.76127654314], "var": [0.00598336337134, 0.00489328568801, 0.0059855193831, 0.00329044554383, 0.00235932855867, 0.00219144462608]}, "spectral_energyband_middle_high": {"mean": 0.00949686579406, "dvar": 2.75473794318e-05, "min": 1.16064880318e-21, "dmean": 0.00317762722261, "dmean2": 0.0048153186217, "dvar2": 6.35253527435e-05, "max": 0.100486524403, "median": 0.00670314067975, "var": 8.9312743512e-05}, "erbbands_crest": {"mean": 9.28476047516, "dvar": 6.8305773735, "min": 2.62681341171, "dmean": 2.52885198593, "dmean2": 4.07110929489, "dvar2": 16.9281902313, "max": 30.4666252136, "median": 7.82943439484, "var": 24.0654468536}, "barkbands_crest": {"mean": 7.88201665878, "dvar": 5.12930488586, "min": 2.37012171745, "dmean": 2.27078342438, "dmean2": 3.78099393845, "dvar2": 13.6236028671, "max": 22.8521728516, "median": 7.0415096283, "var": 10.3814153671}, "pitch_salience": {"mean": 0.559050261974, "dvar": 0.00275566056371, "min": 0.265120059252, "dmean": 0.0589906573296, "dmean2": 0.0956635698676, "dvar2": 0.00711300456896, "max": 0.859742879868, "median": 0.560451805592, "var": 0.00885330606252}, "melbands_skewness": {"mean": 1.7366079092, "dvar": 0.278905272484, "min": -0.661872625351, "dmean": 0.480789333582, "dmean2": 0.766785800457, "dvar2": 0.694709539413, "max": 10.0995903015, "median": 1.63899946213, "var": 0.976579904556}, "spectral_spread": {"mean": 4367362.5, "dvar": 639042387968, "min": 590364, "dmean": 474355.21875, "dmean2": 661138.3125, "dvar2": 1112232820740.0, "max": 43174968, "median": 3882010, "var": 18384787865600.0}, "spectral_entropy": {"mean": 7.5643787384, "dvar": 0.0253524016589, "min": 4.22454214096, "dmean": 0.131984591484, "dmean2": 0.182111129165, "dvar2": 0.0431993342936, "max": 9.81982898712, "median": 7.62403678894, "var": 0.334261089563}, "erbbands_flatness_db": {"mean": 0.166203230619, "dvar": 0.000289459771011, "min": 0.0638487264514, "dmean": 0.016626611352, "dmean2": 0.0233431383967, "dvar2": 0.000521739537362, "max": 0.413349121809, "median": 0.159677654505, "var": 0.00267176935449}, "spectral_kurtosis": {"mean": 7.2117433548, "dvar": 16.0734062195, "min": -1.24387931824, "dmean": 2.21295237541, "dmean2": 3.71371531487, "dvar2": 48.343875885, "max": 151.35446167, "median": 4.61615753174, "var": 193.439376831}, "erbbands_skewness": {"mean": 0.0671931505203, "dvar": 0.0831968039274, "min": -2.35880160332, "dmean": 0.296231418848, "dmean2": 0.461780309677, "dvar2": 0.19828286767, "max": 6.29520940781, "median": 0.0147723341361, "var": 0.373706579208}, "erbbands_kurtosis": {"mean": 0.356726199389, "dvar": 1.51442229748, "min": -1.70464873314, "dmean": 0.693983197212, "dmean2": 1.0912733078, "dvar2": 3.31464409828, "max": 68.8819580078, "median": -0.144548177719, "var": 6.3990278244}, "barkbands_spread": {"mean": 23.7712917328, "dvar": 21.609500885, "min": 1.10549426079, "dmean": 4.50574827194, "dmean2": 6.94085550308, "dvar2": 50.2150650024, "max": 98.476348877, "median": 23.6094818115, "var": 71.6377868652}, "zerocrossingrate": {"mean": 0.0647672191262, "dvar": 0.000109954089567, "min": 0.00390625, "dmean": 0.00810287799686, "dmean2": 0.00939574185759, "dvar2": 0.000149749030243, "max": 0.640625, "median": 0.05712890625, "var": 0.00356647814624}, "spectral_centroid": {"mean": 1483.41345215, "dvar": 49757.6171875, "min": 183.205154419, "dmean": 195.101394653, "dmean2": 301.431732178, "dvar2": 97247.3046875, "max": 11827.2822266, "median": 1388.3494873, "var": 1318400.625}, "barkbands_skewness": {"mean": 0.885325133801, "dvar": 0.153799593449, "min": -5.80262947083, "dmean": 0.362890869379, "dmean2": 0.577002584934, "dvar2": 0.38707986474, "max": 6.54967164993, "median": 0.844837605953, "var": 0.615640163422}, "melbands_flatness_db": {"mean": 0.183476299047, "dvar": 0.000569038616959, "min": 0.00276333605871, "dmean": 0.0225672069937, "dmean2": 0.0323507450521, "dvar2": 0.00111397879664, "max": 0.638150453568, "median": 0.169559568167, "var": 0.00589464977384}, "spectral_contrast_valleys": {"mean": [-7.28565216064, -6.78940534592, -7.35062456131, -7.63077449799, -7.73162508011, -10.5352449417], "dvar": [0.143043786287, 0.112847827375, 0.136362373829, 0.121112443507, 0.111221440136, 0.208900436759], "min": [-28.159280777, -28.1223125458, -27.8762207031, -27.7728652954, -27.5173988342, -27.3738861084], "dmean": [0.392186611891, 0.329577177763, 0.347031831741, 0.300263673067, 0.252441078424, 0.336308121681], "dmean2": [0.646519362926, 0.539566755295, 0.535018980503, 0.457551419735, 0.369173467159, 0.412518918514], "dvar2": [0.321445256472, 0.235558882356, 0.258436113596, 0.213706344366, 0.181055963039, 0.309575021267], "max": [-5.22455692291, -4.75839710236, -5.02763128281, -5.61251068115, -5.940741539, -7.94246959686], "median": [-6.88405513763, -6.37184906006, -6.97966051102, -7.1915063858, -7.26957893372, -9.97178268433], "var": [5.93223953247, 6.37117576599, 6.2603058815, 6.19109582901, 6.07785606384, 5.45953226089]}, "barkbands_flatness_db": {"mean": 0.12271541357, "dvar": 0.000351543945726, "min": 0.0286605823785, "dmean": 0.0183563344181, "dmean2": 0.0260355398059, "dvar2": 0.000663690268993, "max": 0.49400395155, "median": 0.110625892878, "var": 0.00357305305079}, "barkbands_kurtosis": {"mean": 0.907766699791, "dvar": 5.75673913956, "min": -1.70020520687, "dmean": 1.18740236759, "dmea