{"lowlevel": {"erbbands": {"mean": [0.23418083787, 1.83487689495, 3.29909920692, 5.63579273224, 19.3262634277, 12.7354774475, 9.05416107178, 12.162402153, 16.5757675171, 38.7163047791, 55.9735794067, 29.5779438019, 25.3433837891, 41.4438591003, 34.944026947, 42.0851821899, 21.3456707001, 27.1274585724, 24.4965248108, 26.701669693, 27.9671726227, 26.4944095612, 29.0949478149, 28.7450370789, 27.9045181274, 16.3080692291, 11.0449953079, 8.11030006409, 7.29052495956, 7.1554851532, 7.04520273209, 6.51457643509, 5.71554374695, 4.25620079041, 2.25984668732, 0.8633030653, 0.307581394911, 0.0972685590386, 0.00916753895581, 0.000178756585228], "dvar": [0.148495480418, 6.98225641251, 23.1308631897, 48.371131897, 1678.17980957, 686.723083496, 56.3947601318, 142.025466919, 173.170135498, 822.743774414, 3772.42358398, 890.298156738, 681.053161621, 2498.20922852, 1373.67175293, 2515.91748047, 549.228942871, 1191.94348145, 467.797729492, 679.592834473, 549.027404785, 451.296081543, 311.084503174, 399.6980896, 308.970733643, 81.6489562988, 34.8678970337, 34.4283027649, 22.7605400085, 25.0810470581, 23.9325771332, 16.2699508667, 12.7739639282, 6.33233499527, 2.66256642342, 0.479125529528, 0.0738133639097, 0.0120033975691, 0.000151280095452, 2.73195741585e-08], "min": [3.13186160231e-22, 2.99926723603e-21, 1.43394101787e-20, 4.81999241534e-20, 6.11565904627e-20, 1.02649230146e-19, 3.84273810446e-19, 1.1407124636e-18, 7.53906575749e-19, 9.34196173724e-19, 2.53198537936e-18, 2.90225582337e-18, 2.87832176594e-18, 5.54165267323e-18, 7.53145962496e-18, 2.3718847786e-18, 2.10687803062e-18, 5.53653325242e-18, 6.27755638673e-18, 8.07993331064e-18, 1.22144897234e-17, 1.05315345188e-17, 1.1611695914e-17, 1.13046861753e-17, 1.29863567684e-17, 1.89612345341e-17, 1.58100618664e-17, 1.65639278069e-17, 1.72668791263e-17, 2.01732195676e-17, 1.92185158287e-17, 1.59453240945e-17, 1.62705169175e-17, 1.0021306356e-17, 9.51981322036e-18, 8.36745798284e-18, 2.64923285452e-18, 1.25401625179e-18, 3.46583222438e-19, 3.79136456618e-20], "dmean": [0.198427781463, 1.32666301727, 2.19563293457, 4.26862859726, 18.1493606567, 12.1640129089, 5.29119253159, 7.41536712646, 8.89974975586, 18.209022522, 28.7847328186, 14.7314300537, 12.0793886185, 20.7345981598, 17.3509082794, 23.3549785614, 10.5075216293, 14.8358259201, 12.7968492508, 14.5008640289, 13.1629943848, 11.9430217743, 12.6118116379, 12.8326539993, 12.8956022263, 6.93430233002, 4.5787191391, 3.6536757946, 3.1099729538, 3.07799506187, 2.97405433655, 2.68931484222, 2.26295876503, 1.67442584038, 1.00679445267, 0.402097374201, 0.150895565748, 0.0574258267879, 0.00622440408915, 9.16805438465e-05], "dmean2": [0.297700405121, 2.01851272583, 3.99189829826, 7.77438688278, 33.0264625549, 21.8620662689, 8.7376203537, 12.7447299957, 15.0942239761, 28.7074165344, 43.0784492493, 23.0730190277, 19.1741027832, 31.9336509705, 26.0421047211, 36.5848388672, 16.3626441956, 24.0017318726, 20.5548095703, 23.3343639374, 21.2399749756, 18.5057468414, 19.7583179474, 19.9397182465, 20.110458374, 10.7693243027, 7.29139852524, 5.8296751976, 4.99265241623, 4.92310857773, 4.72819900513, 4.17591667175, 3.47596812248, 2.504529953, 1.48440515995, 0.581604957581, 0.216969043016, 0.0838649570942, 0.00924189202487, 0.000134027970489], "dvar2": [0.311902970076, 15.7824373245, 66.1960830688, 136.451324463, 4718.53808594, 1922.25183105, 146.050674438, 402.852935791, 451.557281494, 1913.20214844, 8431.35839844, 2165.37231445, 1630.36474609, 5849.28369141, 2936.49072266, 5922.35888672, 1180.76940918, 3196.26049805, 1153.02282715, 1762.27197266, 1375.42919922, 1106.97692871, 759.739257812, 1049.20678711, 736.408203125, 192.276397705, 91.9611663818, 92.4534225464, 59.9818878174, 60.8280830383, 58.8448677063, 36.3464775085, 28.1137237549, 12.7929286957, 5.03568983078, 0.91684705019, 0.145573690534, 0.0245770458132, 0.000318776932545, 5.61978588109e-08], "max": [2.86989998817, 20.4811859131, 40.5715904236, 72.8387756348, 348.547576904, 241.305679321, 132.152404785, 187.594055176, 332.983642578, 831.393127441, 1211.71777344, 761.617675781, 709.932922363, 1297.75256348, 1194.41210938, 1083.8770752, 712.596374512, 913.420715332, 602.704528809, 598.293029785, 554.358337402, 694.470092773, 413.933380127, 689.417114258, 387.794830322, 152.242767334, 179.731964111, 113.200294495, 93.2176589966, 171.590072632, 116.151298523, 110.96559906, 93.2038269043, 41.133934021, 18.5630569458, 10.7707586288, 4.27719497681, 1.05611085892, 0.151948437095, 0.0018753336044], "median": [0.0350561626256, 0.605959117413, 2.29894542694, 3.60458230972, 9.73173809052, 6.4273519516, 5.83696460724, 7.88557338715, 11.3202037811, 21.2319297791, 21.8824310303, 14.135969162, 12.1768169403, 14.0230617523, 15.4867725372, 16.400396347, 10.2684297562, 13.8891944885, 14.2582025528, 14.7588024139, 15.5322599411, 15.4978189468, 18.3706932068, 19.5094184875, 18.2763996124, 11.5016613007, 8.71403694153, 6.58026647568, 6.29419660568, 5.70939970016, 4.90680265427, 4.2440867424, 3.4119515419, 2.21884894371, 1.0229524374, 0.351854115725, 0.106151901186, 0.0230899397284, 0.0014745433582, 8.57036720845e-05], "var": [0.212177410722, 9.2007932663, 16.765422821, 39.3244590759, 1124.00939941, 473.650146484, 100.51877594, 195.470169067, 332.56854248, 2656.28393555, 9272.71777344, 2452.02172852, 1824.63977051, 7257.01416016, 3809.85742188, 6049.14208984, 1548.04992676, 2644.45605469, 994.609802246, 1438.30090332, 1634.78808594, 1506.71520996, 1141.19055176, 1013.68322754, 882.844421387, 245.763259888, 102.921432495, 53.1498565674, 36.3762817383, 51.7995414734, 60.0479125977, 56.116394043, 45.5858192444, 24.2570037842, 8.15181064606, 1.35805571079, 0.191115930676, 0.0235585719347, 0.000257360836258, 5.1945935553e-08]}, "gfcc": {"icov": [[0.000177118403371, -0.000162134456332, 0.000106076295197, -8.71911470313e-05, 0.000107769294118, -0.000238331616856, 0.0004668525944, -0.00078741327161, 0.000818103260826, -0.000804468931165, 0.000672499649227, -0.000535495870281, 0.000644547282718], [-0.000162134456332, 0.00219755922444, 0.000797115615569, -0.000897110090591, 3.94808484998e-05, 5.27902811882e-05, -0.00116719258949, 0.00145084131509, -0.00157262815628, 0.00217097601853, -0.00256554689258, 0.00269144144841, -0.0023989265319], [0.000106076295197, 0.000797115615569, 0.0019366304623, -0.000590596871916, -0.00014100583212, -0.00111488881521, -0.000359775178367, 0.000474387750728, -0.000293731049169, -0.000890353694558, 0.00106795271859, -0.00104342785198, 0.000828055257443], [-8.71911470313e-05, -0.000897110090591, -0.000590596871916, 0.00507769361138, 9.41594262258e-05, -0.000230639736401, 0.00159242516384, -3.24223437929e-05, -0.00103134708479, 0.000887802918442, -0.00224499753676, -0.000288407522021, -0.00162774906494], [0.000107769294118, 3.94808484998e-05, -0.00014100583212, 9.41594262258e-05, 0.0058826780878, 0.000479975307826, -0.00128985545598, -0.00215814285912, -0.000126467057271, -0.00128176459111, 0.000684959697537, -0.00109539402183, -0.00173573778011], [-0.000238331616856, 5.27902811882e-05, -0.00111488881521, -0.000230639736401, 0.000479975307826, 0.0101349838078, -0.00398325407878, -0.00095930043608, -0.0002237308654, -8.93799879123e-05, -0.00155890546739, 0.000462947791675, -0.00122254213784], [0.0004668525944, -0.00116719258949, -0.000359775178367, 0.00159242516384, -0.00128985545598, -0.00398325407878, 0.0131883192807, -0.0059599597007, 0.00487388437614, -0.00156177708413, -0.00345574086532, 0.000222959148232, 0.00102139310911], [-0.00078741327161, 0.00145084131509, 0.000474387750728, -3.24223437929e-05, -0.00215814285912, -0.00095930043608, -0.0059599597007, 0.0180314201862, -0.0106870271266, 0.00474257208407, -0.00120235432405, -0.00147835654207, 9.46585714701e-05], [0.000818103260826, -0.00157262815628, -0.000293731049169, -0.00103134708479, -0.000126467057271, -0.0002237308654, 0.00487388437614, -0.0106870271266, 0.0212997626513, -0.0105950860307, 0.00157270021737, 0.00289917178452, -0.00152500974946], [-0.000804468931165, 0.00217097601853, -0.000890353694558, 0.000887802918442, -0.00128176459111, -8.93799879123e-05, -0.00156177708413, 0.00474257208407, -0.0105950860307, 0.0213364679366, -0.00922288186848, 0.00165265006945, -0.000303058710415], [0.000672499649227, -0.00256554689258, 0.00106795271859, -0.00224499753676, 0.000684959697537, -0.00155890546739, -0.00345574086532, -0.00120235432405, 0.00157270021737, -0.00922288186848, 0.0264358948916, -0.0129734920338, 0.00607522297651], [-0.000535495870281, 0.00269144144841, -0.00104342785198, -0.000288407522021, -0.00109539402183, 0.000462947791675, 0.000222959148232, -0.00147835654207, 0.00289917178452, 0.00165265006945, -0.0129734920338, 0.0277862306684, -0.0115921488032], [0.000644547282718, -0.0023989265319, 0.000828055257443, -0.00162774906494, -0.00173573778011, -0.00122254213784, 0.00102139310911, 9.46585714701e-05, -0.00152500974946, -0.000303058710415, 0.00607522297651, -0.0115921488032, 0.0243954248726]], "mean": [46.83020401, 62.5972442627, -97.2187271118, 30.1554222107, -58.6460266113, 14.7907781601, -38.5350341797, 15.6730279922, -26.7707099915, 1.37768065929, -16.6318073273, -2.28463292122, -17.3717060089], "cov": [[10791.1845703, -150.097961426, -309.106750488, 2.89466238022, -167.649307251, 127.565544128, -187.931396484, 258.405273438, -187.238739014, 177.199417114, -113.339538574, 76.3924865723, -232.834884644], [-150.097961426, 1156.03820801, -566.226013184, 209.17590332, -39.9125747681, -35.2885284424, 22.354227066, -41.9529914856, 28.652671814, -97.4550628662, 67.9360733032, -61.07995224, 100.078346252], [-309.106750488, -566.226013184, 918.891418457, -33.7075271606, 62.1856651306, 105.067611694, 43.3951644897, 28.616859436, 21.0208148956, 88.3728408813, -8.89674568176, 55.769077301, -42.0625343323], [2.89466238022, 209.17590332, -33.7075271606, 271.807830811, -3.0654258728, 3.75566673279, -19.9277915955, -1.01794207096, 27.287115097, -6.98518323898, 34.8963165283, 11.3674154282, 38.9116287231], [-167.649307251, -39.9125747681, 62.1856651306, -3.0654258728, 220.019058228, 22.9782333374, 51.1518440247, 53.1512794495, 30.81508255, 26.9395999908, 17.7635002136, 26.8124446869, 23.2253284454], [127.565544128, -35.2885284424, 105.067611694, 3.75566673279, 22.9782333374, 144.767349243, 64.5211868286, 39.1698570251, 8.11007499695, 23.9381809235, 24.9031009674, 19.0931434631, -0.444538682699], [-187.931396484, 22.354227066, 43.3951644897, -19.9277915955, 51.1518440247, 64.5211868286, 144.586776733, 47.8705863953, 2.09514355659, 13.16979599, 38.8575286865, 16.5563220978, 3.47942614555], [258.405273438, -41.9529914856, 28.616859436, -1.01794207096, 53.1512794495, 39.1698570251, 47.8705863953, 115.449287415, 42.6821479797, 22.7340660095, 15.064620018, 18.1767406464, -0.863371551037], [-187.238739014, 28.652671814, 21.0208148956, 27.287115097, 30.81508255, 8.11007499695, 2.09514355659, 42.6821479797, 97.870765686, 37.2892227173, 13.8711433411, -2.42742919922, 13.1908731461], [177.199417114, -97.4550628662, 88.3728408813, -6.98518323898, 26.9395999908, 23.9381809235, 13.16979599, 22.7340660095, 37.2892227173, 93.4715194702, 26.1108760834, 16.2010288239, -10.5658140182], [-113.339538574, 67.9360733032, -8.89674568176, 34.8963165283, 17.7635002136, 24.9031009674, 38.8575286865, 15.064620018, 13.8711433411, 26.1108760834, 77.9453430176, 29.0719013214, 8.72688484192], [76.3924865723, -61.07995224, 55.769077301, 11.3674154282, 26.8124446869, 19.0931434631, 16.5563220978, 18.1767406464, -2.42742919922, 16.2010288239, 29.0719013214, 67.4541244507, 17.8040332794], [-232.834884644, 100.078346252, -42.0625343323, 38.9116287231, 23.2253284454, -0.444538682699, 3.47942614555, -0.863371551037, 13.1908731461, -10.5658140182, 8.72688484192, 17.8040332794, 69.4762649536]]}, "spectral_skewness": {"mean": 1.37633597851, "dvar": 0.0238641966134, "min": 0.0223751328886, "dmean": 0.141991809011, "dmean2": 0.219201028347, "dvar2": 0.0545883849263, "max": 4.62107992172, "median": 1.37465667725, "var": 0.0891411527991}, "spectral_energyband_low": {"mean": 0.0120044443756, "dvar": 0.000165023142472, "min": 5.72103764136e-23, "dmean": 0.00695577217266, "dmean2": 0.0104395896196, "dvar2": 0.000333418051014, "max": 0.0974906384945, "median": 0.00587446801364, "var": 0.000257626496023}, "spectral_energyband_middle_low": {"mean": 0.0144587364048, "dvar": 0.000206848562812, "min": 4.4605451999e-22, "dmean": 0.00790217798203, "dmean2": 0.0138707198203, "dvar2": 0.00057470088359, "max": 0.116684041917, "median": 0.0114786121994, "var": 0.000168202313944}, "mfcc": {"icov": [[0.000214063300518, -4.38689494331e-06, 9.53542985371e-05, 2.6429323043e-05, -0.000123030331451, 0.000240924433456, -0.000173194333911, -6.71791030982e-06, 0.00012074267579, -0.000103985548776, -3.77899341402e-05, -0.000299992185319, 0.000129959618789], [-4.38689494331e-06, 0.00199919636361, 0.000693547597621, -0.00084045965923, 0.000595687131863, -0.000879811646882, 0.000189555270481, -0.000751827959903, 0.000288514129352, -0.000478291825857, -0.000479256152175, 0.000925102212932, -0.000187809375348], [9.53542985371e-05, 0.000693547597621, 0.00208407943137, -4.03383346566e-05, -0.000276495411526, -0.00142343400512, 7.71862505644e-06, -0.00016029793187, -0.000293276360026, 0.000362656690413, -0.000438200630015, -0.000564116693567, -0.000106087572931], [2.6429323043e-05, -0.00084045965923, -4.03383346566e-05, 0.00601278245449, -0.00211582914926, -0.000112916648504, 0.00065754057141, -0.000295639911201, 0.000127013467136, 0.00134105270263, 0.000657714612316, -0.000774323649239, -0.00094985589385], [-0.000123030331451, 0.000595687131863, -0.000276495411526, -0.00211582914926, 0.00885054189712, -0.00165965827182, 0.00150261144154, -0.000762788811699, -0.00271772569977, -0.000850242213346, -0.00157538894564, 0.00261203036644, -0.00254235835746], [0.000240924433456, -0.000879811646882, -0.00142343400512, -0.000112916648504, -0.00165965827182, 0.0139504503459, -0.00522336177528, 0.00325969350524, -0.000426938873716, -0.000358266144758, 0.000293515244266, -0.00181515037548, 0.00150528550148], [-0.000173194333911, 0.000189555270481, 7.71862505644e-06, 0.00065754057141, 0.00150261144154, -0.00522336177528, 0.0123875373974, -0.00714485533535, 0.00242288899608, -0.00123356492259, -0.0008429690497, 0.000760828552302, -0.00198796740733], [-6.71791030982e-06, -0.000751827959903, -0.00016029793187, -0.000295639911201, -0.000762788811699, 0.00325969350524, -0.00714485533535, 0.0156613923609, -0.00530324969441, 0.0022255408112, -0.0025791793596, 0.00155999918934, -0.00133291701786], [0.00012074267579, 0.000288514129352, -0.000293276360026, 0.000127013467136, -0.00271772569977, -0.000426938873716, 0.00242288899608, -0.00530324969441, 0.0208541806787, -0.00938879791647, 0.00516622513533, -0.00154823029879, -8.78406062839e-05], [-0.000103985548776, -0.000478291825857, 0.000362656690413, 0.00134105270263, -0.000850242213346, -0.000358266144758, -0.00123356492259, 0.0022255408112, -0.00938879791647, 0.0213872864842, -0.0130893699825, 0.00773419020697, -0.00263763056137], [-3.77899341402e-05, -0.000479256152175, -0.000438200630015, 0.000657714612316, -0.00157538894564, 0.000293515244266, -0.0008429690497, -0.0025791793596, 0.00516622513533, -0.0130893699825, 0.0290949754417, -0.0177682582289, 0.00607717875391], [-0.000299992185319, 0.000925102212932, -0.000564116693567, -0.000774323649239, 0.00261203036644, -0.00181515037548, 0.000760828552302, 0.00155999918934, -0.00154823029879, 0.00773419020697, -0.0177682582289, 0.033072501421, -0.0157154425979], [0.000129959618789, -0.000187809375348, -0.000106087572931, -0.00094985589385, -0.00254235835746, 0.00150528550148, -0.00198796740733, -0.00133291701786, -8.78406062839e-05, -0.00263763056137, 0.00607717875391, -0.0157154425979, 0.0226005651057]], "mean": [-598.947631836, 99.1511917114, 15.3482446671, 18.9591121674, 7.08361959457, -1.53881490231, 4.07253789902, 5.06182146072, -1.71146714687, 2.93926310539, 1.25821125507, -0.276580929756, 0.317086607218], "cov": [[5102.72851562, 71.5150909424, -290.655426025, -19.5308933258, 23.7892589569, -89.9717636108, 70.2167892456, 47.1691894531, -22.4284305573, 44.0726089478, 71.0071716309, 62.7440567017, 16.2861328125], [71.5150909424, 647.161865234, -221.612030029, 70.2535552979, -24.2479820251, 11.2603578568, 16.8010807037, 32.6252174377, -3.36008906364, 19.7883033752, 2.82591581345, -27.3080806732, -10.6490259171], [-290.655426025, -221.612030029, 643.073791504, -3.99633097649, 43.2194442749, 73.4863128662, 26.3308525085, 1.93886888027, 14.0166521072, -3.69276475906, 23.8797492981, 41.6567382812, 27.2468013763], [-19.5308933258, 70.2535552979, -3.99633097649, 202.799255371, 48.615272522, 4.55163812637, -12.7251930237, 5.59628486633, 3.40374231339, -13.5731630325, -6.7441368103, 7.84622335434, 19.2754840851], [23.7892589569, -24.2479820251, 43.2194442749, 48.615272522, 151.772964478, 14.745265007, -7.7724480629, 11.8054246902, 32.3222618103, 22.0080413818, 9.27932453156, 1.82019376755, 19.4759693146], [-89.9717636108, 11.2603578568, 73.4863128662, 4.55163812637, 14.745265007, 98.6363525391, 39.2108192444, 0.207171827555, 2.19019818306, 6.65064764023, 9.34643936157, 9.21424007416, 4.37621498108], [70.2167892456, 16.8010807037, 26.3308525085, -12.7251930237, -7.7724480629, 39.2108192444, 136.185562134, 55.9055404663, -0.0569257624447, 12.5598192215, 18.8338680267, 12.0438499451, 15.8908939362], [47.1691894531, 32.6252174377, 1.93886888027, 5.59628486633, 11.8054246902, 0.207171827555, 55.9055404663, 100.29258728, 22.2082481384, 11.4434051514, 12.6639728546, 4.26272773743, 13.3715286255], [-22.4284305573, -3.36008906364, 14.0166521072, 3.40374231339, 32.3222618103, 2.19019818306, -0.0569257624447, 22.2082481384, 72.5735702515, 33.9020462036, 2.76505732536, -3.32779335976, 6.28589391708], [44.0726089478, 19.7883033752, -3.69276475906, -13.5731630325, 22.0080413818, 6.65064764023, 12.5598192215, 11.4434051514, 33.9020462036, 85.4680786133, 34.1078529358, -1.31084752083, 3.15914225578], [71.0071716309, 2.82591581345, 23.8797492981, -6.7441368103, 9.27932453156, 9.34643936157, 18.8338680267, 12.6639728546, 2.76505732536, 34.1078529358, 71.2294464111, 35.6321983337, 11.8838596344], [62.7440567017, -27.3080806732, 41.6567382812, 7.84622335434, 1.82019376755, 9.21424007416, 12.0438499451, 4.26272773743, -3.32779335976, -1.31084752083, 35.6321983337, 70.8041992188, 40.3263130188], [16.2861328125, -10.6490259171, 27.2468013763, 19.2754840851, 19.4759693146, 4.37621498108, 15.8908939362, 13.3715286255, 6.28589391708, 3.15914225578, 11.8838596344, 40.3263130188, 74.3270950317]]}, "silence_rate_20dB": {"mean": 1, "dvar": 0, "min": 1, "dmean": 0, "dmean2": 0, "dvar2": 0, "max": 1, "median": 1, "var": 0}, "dynamic_complexity": 1.83085012436, "silence_rate_60dB": {"mean": 0.0195507965982, "dvar": 0.000232720514759, "min": 0, "dmean": 0.000232774676988, "dmean2": 0.000465603545308, "dvar2": 0.000465408345917, "max": 1, "median": 0, "var": 0.0191687177867}, "dissonance": {"mean": 0.468589782715, "dvar": 0.000198510431801, "min": 0.236266538501, "dmean": 0.0151908742264, "dmean2": 0.0257336441427, "dvar2": 0.000555884034839, "max": 0.500000119209, "median": 0.473351150751, "var": 0.000476914690807}, "barkbands": {"mean": [0.000173856460606, 0.00819196365774, 0.00283963815309, 0.00229844404384, 0.00527393491939, 0.00143157155253, 0.0018617833266, 0.00221346202306, 0.00120587437414, 0.00108244887087, 0.000847151037306, 0.000955041963607, 0.000513302104082, 0.00044830373372, 0.000506505544763, 0.000438056711573, 0.000489018857479, 0.000528313277755, 0.000632602081168, 0.000313963013468, 0.000235321713262, 0.00021185244259, 0.000243159811362, 0.000329194881488, 0.000341368519003, 0.000178913745913, 5.54565158382e-05], "dvar": [1.25586524291e-07, 0.000131359134684, 1.76823614311e-05, 1.30761955006e-05, 0.000116479088319, 1.54402039243e-06, 2.00570411835e-06, 5.20461435372e-06, 2.02087016987e-06, 2.16773105421e-06, 1.17657896226e-06, 1.2479531506e-06, 5.77989908379e-07, 2.17601510144e-07, 1.63759310112e-07, 1.59598769756e-07, 1.77133330226e-07, 1.2009464001e-07, 1.82107569913e-07, 2.88550694449e-08, 1.88271265245e-08, 1.69975571396e-08, 2.59098982269e-08, 3.81524287718e-08, 4.33405027422e-08, 2.26075425047e-08, 5.4058775234e-09], "min": [5.95531165973e-23, 1.08674708926e-23, 1.27647318568e-23, 1.67159941361e-23, 3.21839850765e-23, 1.08675964793e-22, 4.65133625854e-23, 1.05947402207e-22, 1.01272511508e-22, 9.49537609009e-23, 2.20479125675e-22, 5.74390072366e-23, 4.28301394645e-23, 1.02657738636e-22, 1.5570449457e-22, 1.97610186872e-22, 1.78426856706e-22, 2.09519108777e-22, 2.43625743517e-22, 4.23529499298e-22, 3.49638804194e-22, 5.72959444715e-22, 6.38927401489e-22, 8.95146949637e-22, 1.10892911323e-21, 1.73981185005e-21, 2.52241659604e-21], "dmean": [0.000193526182557, 0.00585283897817, 0.00192633178085, 0.00202262401581, 0.00485539343208, 0.000827436975669, 0.000944816216361, 0.00114423560444, 0.000666324049234, 0.00057853537146, 0.000467589125037, 0.000550395867322, 0.000300687126582, 0.000259836408077, 0.000269896554528, 0.000226663207286, 0.0002435494971, 0.000245535629801, 0.000295752834063, 0.000135911017423, 0.000101360070403, 8.73552344274e-05, 9.94241272565e-05, 0.000127703970065, 0.000135533191497, 8.46337716212e-05, 3.74654409825e-05], "dmean2": [0.000333194388077, 0.00868593156338, 0.00350346788764, 0.00371173094027, 0.00876174401492, 0.00141385954339, 0.00153607164975, 0.00173749099486, 0.00106467900332, 0.000902865489479, 0.00070394272916, 0.000865678011905, 0.000480501097627, 0.000417756295064, 0.000435376685346, 0.000364302715752, 0.000382653262932, 0.000384845159715, 0.000461911578896, 0.000212788305362, 0.000162276235642, 0.000139456256875, 0.00015750998864, 0.000195191343664, 0.000198729569092, 0.000119636475574, 5.5488297221e-05], "dvar2": [3.59650755399e-07, 0.00026371574495, 5.07450968144e-05, 3.70900270354e-05, 0.000325792148942, 4.3317327254e-06, 4.89022249894e-06, 1.16614619401e-05, 5.01405884279e-06, 5.29357566847e-06, 2.50344714914e-06, 2.9477573662e-06, 1.46785714605e-06, 5.37523476396e-07, 4.12043419828e-07, 3.99179072019e-07, 4.14009548422e-07, 2.89065809511e-07, 4.51920726618e-07, 6.99858517805e-08, 4.95252763244e-08, 4.26831938682e-08, 6.30426697512e-08, 8.2450604566e-08, 8.0525630608e-08, 4.2196102612e-08, 1.13881784003e-08], "max": [0.00310648046434, 0.0862745195627, 0.0387648865581, 0.037587095052, 0.0896785855293, 0.0180080141872, 0.031070522964, 0.0430855602026, 0.0364131852984, 0.0326990187168, 0.0347149521112, 0.0216954294592, 0.0170464422554, 0.0105754472315, 0.00635819975287, 0.00858972035348, 0.0140302684158, 0.00900675263256, 0.0116433026269, 0.00312226917595, 0.00291396281682, 0.0040264823474, 0.00386566924863, 0.00564640481025, 0.00244468357414, 0.00194421829656, 0.00083646265557], "median": [3.12071788358e-05, 0.00223549897783, 0.00162201025523, 0.00133161479607, 0.00277624162845, 0.000970335677266, 0.00113005388994, 0.00094053382054, 0.000491018523462, 0.000287001486868, 0.000287831673631, 0.000363142171409, 0.000204609474167, 0.000242840862484, 0.000305600173306, 0.000231708938372, 0.000275280995993, 0.000328296155203, 0.000410988228396, 0.000223856681259, 0.000190796112292, 0.000182382733328, 0.000176179397386, 0.000204669151572, 0.000170132145286, 6.51067166473e-05, 9.39696838032e-06], "var": [1.18666619642e-07, 0.000197374247364, 1.44006335177e-05, 9.45719693846e-06, 7.94488732936e-05, 2.27662303587e-06, 5.20004914506e-06, 1.30489434014e-05, 4.95107042298e-06, 5.76032107347e-06, 3.43080773746e-06, 2.84356701741e-06, 1.26260943034e-06, 4.51283767688e-07, 3.82091371876e-07, 4.13594790416e-07, 5.63165826861e-07, 3.93191328385e-07, 5.0282835673e-07, 8.70429275324e-08, 4.28812469977e-08, 3.21427258143e-08, 6.55168150843e-08, 1.45175349076e-07, 1.59535247235e-07, 6.22031066655e-08, 9.17956555213e-09]}, "spectral_complexity": {"mean": 24.0282783508, "dvar": 14.6593084335, "min": 0, "dmean": 4.01769065857, "dmean2": 5.85612869263, "dvar2": 26.508014679, "max": 60, "median": 24, "var": 106.182640076}, "spectral_energyband_high": {"mean": 0.00173933315091, "dvar": 5.03794751694e-07, "min": 7.95355646279e-21, "dmean": 0.00052289449377, "dmean2": 0.000770021928474, "dvar2": 1.00424881566e-06, "max": 0.0133571028709, "median": 0.00137309695128, "var": 2.04790694625e-06}, "hfc": {"mean": 32.0550880432, "dvar": 54.0302734375, "min": 1.18118585676e-16, "dmean": 6.85599327087, "dmean2": 10.0775985718, "dvar2": 102.971099854, "max": 107.207000732, "median": 31.881811142, "var": 290.860717773}, "melbands_kurtosis": {"mean": 15.6927127838, "dvar": 295.96585083, "min": -1.59723305702, "dmean": 8.85834217072, "dmean2": 13.9433546066, "dvar2": 616.664794922, "max": 385.36126709, "median": 8.243516922, "var": 620.514038086}, "spectral_strongpeak": {"mean": 0.932941019535, "dvar": 0.820602595806, "min": 3.74987196849e-09, "dmean": 0.562522232533, "dmean2": 0.972022950649, "dvar2": 2.04290747643, "max": 10.4474258423, "median": 0.488619476557, "var": 1.1773866415}, "silence_rate_30dB": {"mean": 1, "dvar": 0, "min": 1, "dmean": 0, "dmean2": 0, "dvar2": 0, "max": 1, "median": 1, "var": 0}, "melbands_spread": {"mean": 27.6873397827, "dvar": 80.9180145264, "min": 0.89549946785, "dmean": 8.23977565765, "dmean2": 13.0073747635, "dvar2": 185.009552002, "max": 202.079406738, "median": 26.1170005798, "var": 300.758483887}, "melbands_crest": {"mean": 12.9624671936, "dvar": 10.7088079453, "min": 2.06645154953, "dmean": 3.54543972015, "dmean2": 5.57596445084, "dvar2": 25.099187851, "max": 30.7242527008, "median": 11.8290863037, "var": 25.9297523499}, "average_loudness": 0.952724516392, "spectral_flux": {"mean": 0.0982109904289, "dvar": 0.00159856176469, "min": 1.0468080569e-10, "dmean": 0.0332567542791, "dmean2": 0.0540004260838, "dvar2": 0.00325823877938, "max": 0.315275907516, "median": 0.0851112082601, "var": 0.00275725475512}, "spectral_rolloff": {"mean": 2324.40209961, "dvar": 2167314.75, "min": 64.599609375, "dmean": 939.414001465, "dmean2": 1534.1394043, "dvar2": 4346530.5, "max": 18583.1542969, "median": 1485.79101562, "var": 6163891.5}, "melbands": {"mean": [0.00223509571515, 0.00202173506841, 0.00142112153117, 0.00128354085609, 0.000324812659528, 0.000275097525446, 0.000289576593786, 0.000414038193412, 0.000421940232627, 0.000172083964571, 0.000127954685013, 0.000171559076989, 0.000128811851027, 0.000111653411295, 6.5429318056e-05, 5.42516936548e-05, 4.64634540549e-05, 3.93838054151e-05, 3.19587270496e-05, 3.1951458368e-05, 3.34024371114e-05, 2.81337652268e-05, 2.55733848462e-05, 2.67356026598e-05, 2.19372577703e-05, 2.71048520517e-05, 1.22840638141e-05, 1.00835632111e-05, 6.96781262377e-06, 5.59301042813e-06, 4.40392977907e-06, 4.1107296056e-06, 4.00435646952e-06, 3.85904786526e-06, 3.85980456485e-06, 4.11044447901e-06, 4.00807539336e-06, 4.10274606111e-06, 3.66164681509e-06, 3.62591890735e-06], "dvar": [1.0797419236e-05, 6.94375057719e-06, 4.12276722273e-06, 8.19616980152e-06, 7.6338714905e-08, 6.53808314155e-08, 4.59958684473e-08, 8.03346935641e-08, 2.19743853336e-07, 3.80260694044e-08, 1.93806819482e-08, 5.00163466199e-08, 2.60792525353e-08, 1.76529351137e-08, 5.50586154446e-09, 5.72180391956e-09, 3.32802096992e-09, 1.61709323709e-09, 7.06925740168e-10, 9.35224453436e-10, 9.60706958431e-10, 7.67741648033e-10, 4.86050921733e-10, 3.44695633148e-10, 3.52790602287e-10, 3.98465455076e-10, 5.64119410906e-11, 4.17094171701e-11, 1.75760621335e-11, 1.11777418918e-11, 1.63792659991e-11, 8.3322489533e-12, 1.0081377573e-11, 9.09976087538e-12, 8.49022414873e-12, 7.99763814202e-12, 7.97717881335e-12, 8.01307371151e-12, 6.09468595383e-12, 5.46850282071e-12], "min": [5.6639412301e-24, 6.37798341163e-24, 7.10540427968e-24, 7.04422417218e-24, 1.07389512517e-23, 2.35980892484e-23, 1.09973521075e-23, 1.23074836214e-23, 1.93186008791e-23, 1.77808348735e-23, 1.31285797498e-23, 2.0375317927e-23, 2.64370544959e-23, 1.0167301619e-23, 5.05077976443e-24, 5.08775051961e-24, 1.08400453544e-23, 8.28808979234e-24, 1.17968579018e-23, 9.59504456339e-24, 1.55919746312e-23, 1.08998725654e-23, 9.39249584851e-24, 1.10717235471e-23, 8.6735903395e-24, 1.0420892001e-23, 8.86664826883e-24, 1.41218897358e-23, 1.12192318589e-23, 7.277642592e-24, 1.07030927904e-23, 8.88712473135e-24, 1.2581011674e-23, 1.01892516737e-23, 1.1390416253e-23, 9.79517226416e-24, 9.54463950699e-24, 1.15259961991e-23, 1.08661566504e-23, 7.66581185561e-24], "dmean": [0.00169269856997, 0.00130139675457, 0.00112425035331, 0.00125750154257, 0.000197778208531, 0.000163179109222, 0.000150577034219, 0.000191316154087, 0.000222119444516, 9.22316685319e-05, 6.39073987259e-05, 8.93707328942e-05, 6.9660389272e-05, 6.44805259071e-05, 3.61723941751e-05, 3.03686501866e-05, 2.64027021331e-05, 2.26531738008e-05, 1.68228070834e-05, 1.71224601218e-05, 1.73068656295e-05, 1.45421763591e-05, 1.2622165741e-05, 1.32124150696e-05, 1.11430044853e-05, 1.36640946948e-05, 5.80715686738e-06, 4.67894324174e-06, 3.27300449499e-06, 2.57804981629e-06, 2.26820429816e-06, 1.91300568986e-06, 1.83614645266e-06, 1.77093534148e-06, 1.76776939043e-06, 1.80982885922e-06, 1.84711484508e-06, 1.79938012934e-06, 1.5352347873e-06, 1.56093801706e-06], "dmean2": [0.00248708133586, 0.00219446141273, 0.00205444870517, 0.00228159013204, 0.000329522503307, 0.000280614418443, 0.000253923528362, 0.00030112452805, 0.000331929215463, 0.000147520942846, 0.000101773468486, 0.000138166724355, 0.000103830469016, 0.000101940204331, 5.61866654607e-05, 4.90250822622e-05, 4.2797630158e-05, 3.64493134839e-05, 2.70629770966e-05, 2.73812584055e-05, 2.81180127786e-05, 2.30981040659e-05, 1.96805613086e-05, 2.109360139e-05, 1.7658345314e-05, 2.15679156099e-05, 9.14833981369e-06, 7.38711150916e-06, 5.28366126673e-06, 4.19666548623e-06, 3.69140889234e-06, 3.09761867356e-06, 2.97997144116e-06, 2.85769306174e-06, 2.85057740257e-06, 2.8519461921e-06, 2.91209175884e-06, 2.83361328002e-06, 2.3480326945e-06, 2.37616313825e-06], "dvar2": [2.11898059206e-05, 1.84253713087e-05, 1.15582670333e-05, 2.30007226492e-05, 1.98055218448e-07, 1.85800857366e-07, 1.1872803185e-07, 1.89935207118e-07, 4.95511756071e-07, 9.49839247255e-08, 4.7221387689e-08, 1.18279444905e-07, 5.45014557929e-08, 4.25900275047e-08, 1.20656622471e-08, 1.53633159528e-08, 8.85389805916e-09, 4.00792821154e-09, 1.78079861968e-09, 2.3655075676e-09, 2.38610087244e-09, 1.96581928513e-09, 1.06050157545e-09, 8.79476269589e-10, 9.71496549873e-10, 9.72268709987e-10, 1.37190231397e-10, 9.91594237276e-11, 4.58601559505e-11, 2.95813894213e-11, 4.47743890575e-11, 2.22294353064e-11, 2.4955383246e-11, 2.27830358746e-11, 2.15335926174e-11, 1.88624706132e-11, 1.8669730692e-11, 1.87288344555e-11, 1.3415856967e-11, 1.16788584012e-11], "max": [0.0254654474556, 0.0213830135763, 0.0171475354582, 0.0241365786642, 0.00359451468103, 0.00390418758616, 0.00556390872225, 0.00778048904613, 0.00953658018261, 0.00472012767568, 0.00362661597319, 0.00554414885119, 0.00545354373753, 0.00250958721153, 0.00215173163451, 0.00190502463374, 0.00149672012776, 0.00119599048048, 0.000549464602955, 0.000678558659274, 0.00070580560714, 0.000621644954663, 0.00086494354764, 0.000480165617773, 0.000684301892761, 0.000471135572297, 0.000116489434731, 0.000142086166306, 9.88423853414e-05, 6.8325389293e-05, 9.70715118456e-05, 5.0986171118e-05, 0.000137052396894, 7.56296940381e-05, 7.48694583308e-05, 7.84953736002e-05, 6.45877153147e-05, 7.2372109571e-05, 6.54928444419e-05, 3.58967809007e-05], "median": [0.000466100987978, 0.00126760266721, 0.000988170853816, 0.0006268954603, 0.000211886392208, 0.000179936294444, 0.000200312817469, 0.0002440699609, 0.00015594776778, 7.40640971344e-05, 5.62931418244e-05, 5.22094778717e-05, 4.67104764539e-05, 4.08114901802e-05, 2.93063276331e-05, 2.28271019296e-05, 2.34934668697e-05, 2.04686311918e-05, 2.00510439754e-05, 1.66231602634e-05, 1.71624815266e-05, 1.48854960571e-05, 1.37589222504e-05, 1.67331727425e-05, 1.40286247188e-05, 1.65248839039e-05, 8.13698807178e-06, 6.88861427989e-06, 5.22496702615e-06, 4.36044774688e-06, 3.31564660883e-06, 3.45800117429e-06, 3.26230519931e-06, 2.95624749924e-06, 2.6896025247e-06, 2.70687178272e-06, 2.43543945544e-06, 2.40050371758e-06, 2.03717922886e-06, 1.79217079221e-06], "var": [1.66174668266e-05, 6.68972370477e-06, 2.90120556201e-06, 5.44830754734e-06, 1.19435938473e-07, 9.45207858649e-08, 9.43294082845e-08, 2.51616540936e-07, 5.24433175997e-07, 9.7600832305e-08, 5.09918756109e-08, 1.40526296377e-07, 7.39640242386e-08, 3.98964878912e-08, 1.35781172972e-08, 1.28460051485e-08, 7.30552640604e-09, 3.09523495723e-09, 1.54468071667e-09, 2.08742978458e-09, 2.62307109367e-09, 2.00949168416e-09, 1.64445690398e-09, 9.80152736751e-10, 7.18474613137e-10, 1.01683184095e-09, 1.56964025111e-10, 1.09274124471e-10, 4.48523301833e-11, 2.69271705627e-11, 2.07544034042e-11, 1.25177715415e-11, 1.70003820049e-11, 1.69209073836e-11, 1.86169898941e-11, 2.33206388228e-11, 2.36580078444e-11, 2.44370391977e-11, 2.03539806537e-11, 1.84711690387e-11]}, "spectral_energy": {"mean": 0.033840380609, "dvar": 0.000302657455904, "min": 1.09580711258e-20, "dmean": 0.0127880731598, "dmean2": 0.0206997022033, "dvar2": 0.000744530290831, "max": 0.123370759189, "median": 0.0282763484865, "var": 0.00042462797137}, "spectral_decrease": {"mean": -8.1958138054e-09, "dvar": 2.10687054464e-17, "min": -3.18121813336e-08, "dmean": 3.32499094924e-09, "dmean2": 5.39646283215e-09, "dvar2": 5.15810308526e-17, "max": 5.60825940682e-17, "median": -6.64045929355e-09, "var": 2.86766776237e-17}, "erbbands_spread": {"mean": 51.8795394897, "dvar": 81.3683624268, "min": 3.53528165817, "dmean": 8.92534637451, "dmean2": 13.5067844391, "dvar2": 164.874237061, "max": 161.376022339, "median": 47.212928772, "var": 533.504394531}, "spectral_contrast_coeffs": {"mean": [-0.623118102551, -0.729891896248, -0.764139354229, -0.783768475056, -0.778167843819, -0.785119891167], "dvar": [0.00292069558054, 0.00136060628574, 0.000861856911797, 0.000555655686185, 0.000332859373884, 0.00023479165975], "min": [-0.931529581547, -0.972182631493, -0.967457532883, -0.964838862419, -0.955999851227, -0.957645118237], "dmean": [0.0571529045701, 0.0459951423109, 0.0377321094275, 0.0298898648471, 0.0222464408726, 0.0166220143437], "dmean2": [0.0934715718031, 0.076274394989, 0.0614775903523, 0.0484164394438, 0.035932932049, 0.0261569283903], "dvar2": [0.00780360586941, 0.00372018571943, 0.0022762294393, 0.00144208199345, 0.000815016916022, 0.000524974893779], "max": [-0.295462995768, -0.412918061018, -0.507475376129, -0.585425376892, -0.549187421799, -0.654833078384], "median": [-0.626027822495, -0.732280135155, -0.772391915321, -0.787485420704, -0.779657125473, -0.784888744354], "var": [0.0065732896328, 0.00414342433214, 0.00411180919036, 0.00246622320265, 0.00172760011628, 0.00108718231786]}, "spectral_energyband_middle_high": {"mean": 0.00651680771261, "dvar": 5.14378325533e-06, "min": 1.64193120062e-21, "dmean": 0.00174972403329, "dmean2": 0.00256493943743, "dvar2": 1.21218808999e-05, "max": 0.0433812774718, "median": 0.00504222745076, "var": 3.47025925294e-05}, "erbbands_crest": {"mean": 8.20789813995, "dvar": 4.967192173, "min": 2.11402964592, "dmean": 2.36226320267, "dmean2": 3.76241564751, "dvar2": 11.5239391327, "max": 29.6415519714, "median": 7.05245447159, "var": 17.8460693359}, "barkbands_crest": {"mean": 9.46495723724, "dvar": 9.99672889709, "min": 2.52292823792, "dmean": 3.1407763958, "dmean2": 5.0463051796, "dvar2": 22.6565036774, "max": 25.4027748108, "median": 8.07782363892, "var": 21.1920089722}, "pitch_salience": {"mean": 0.555924892426, "dvar": 0.0052932985127, "min": 0.161082178354, "dmean": 0.0747611001134, "dmean2": 0.119975179434, "dvar2": 0.0129900872707, "max": 0.878065824509, "median": 0.568706274033, "var": 0.0114562083036}, "melbands_skewness": {"mean": 2.92229104042, "dvar": 0.931835472584, "min": -0.535569906235, "dmean": 0.820065259933, "dmean2": 1.28000986576, "dvar2": 2.03453350067, "max": 15.1351137161, "median": 2.53634548187, "var": 3.05255508423}, "spectral_spread": {"mean": 6313689, "dvar": 875863015424, "min": 1889585.375, "dmean": 718276.3125, "dmean2": 995417.1875, "dvar2": 1317522767870.0, "max": 40425212, "median": 5676943.5, "var": 5232598712320.0}, "spectral_entropy": {"mean": 7.87829399109, "dvar": 0.026030478999, "min": 5.76829099655, "dmean": 0.145594105124, "dmean2": 0.225318193436, "dvar2": 0.0570453628898, "max": 9.79425239563, "median": 7.91921949387, "var": 0.113681174815}, "erbbands_flatness_db": {"mean": 0.113454125822, "dvar": 0.000199256115593, "min": 0.0374225825071, "dmean": 0.0139098586515, "dmean2": 0.0202738940716, "dvar2": 0.000388148386264, "max": 0.321686565876, "median": 0.110653281212, "var": 0.0013156409841}, "spectral_kurtosis": {"mean": 2.83576178551, "dvar": 0.967792510986, "min": -1.24189209938, "dmean": 0.759159207344, "dmean2": 1.21665894985, "dvar2": 2.44286632538, "max": 31.3199539185, "median": 2.77630758286, "var": 3.00504732132}, "erbbands_skewness": {"mean": 0.291225373745, "dvar": 0.0872928574681, "min": -1.80922579765, "dmean": 0.319858938456, "dmean2": 0.49537602067, "dvar2": 0.206203639507, "max": 3.05130958557, "median": 0.283649265766, "var": 0.360506504774}, "erbbands_kurtosis": {"mean": -0.138765484095, "dvar": 0.639448642731, "min": -1.74197912216, "dmean": 0.59933412075, "dmean2": 0.933973431587, "dvar2": 1.33464968204, "max": 34.3907966614, "median": -0.497996091843, "var": 1.81179583073}, "barkbands_spread": {"mean": 32.4502372742, "dvar": 107.676971436, "min": 1.13816010952, "dmean": 8.56658935547, "dmean2": 13.2856311798, "dvar2": 214.5572052, "max": 108.118164062, "median": 29.155714035, "var": 323.105804443}, "zerocrossingrate": {"mean": 0.0923613533378, "dvar": 0.000349271169398, "min": 0.00439453125, "dmean": 0.0169486794621, "dmean2": 0.0192095562816, "dvar2": 0.000372031499865, "max": 0.70263671875, "median": 0.078125, "var": 0.00402464531362}, "spectral_centroid": {"mean": 1530.11462402, "dvar": 103551.140625, "min": 215.361602783, "dmean": 302.578735352, "dmean2": 481.69128418, "dvar2": 248457.40625, "max": 10954.6318359, "median": 1524.49316406, "var": 303305.875}, "barkbands_skewness": {"mean": 1.48606383801, "dvar": 0.494207978249, "min": -8.71543502808, "dmean": 0.590858757496, "dmean2": 0.927304208279, "dvar2": 1.06614637375, "max": 9.81578445435, "median": 1.2160615921, "var": 1.51305639744}, "melbands_flatness_db": {"mean": 0.163082093, "dvar": 0.000956853094976, "min": 0.00511104799807, "dmean": 0.0283851791173, "dmean2": 0.0438437014818, "dvar2": 0.00198405329138, "max": 0.440835446119, "median": 0.151535004377, "var": 0.00318791763857}, "spectral_contrast_valleys": {"mean": [-7.07864141464, -6.44397830963, -7.06658220291, -7.54944801331, -7.19718027115, -9.25286769867], "dvar": [0.145376116037, 0.0915322303772, 0.068458430469, 0.0698145851493, 0.0721173360944, 0.0817320197821], "min": [-28.4067687988, -28.0849933624, -27.0760669708, -27.2549228668, -27.3857402802, -27.2958774567], "dmean": [0.399945110083, 0.330901473761, 0.280656695366, 0.263368576765, 0.247393190861, 0.228570282459], "dmean2": [0.648478329182, 0.542824208736, 0.459809988737, 0.411621451378, 0.361500948668, 0.330577284098], "dvar2": [0.326745927334, 0.206163436174, 0.144279167056, 0.128948971629, 0.128165602684, 0.141496002674], "max": [-4.94919490814, -4.91091012955, -5.22437047958, -6.11877346039, -5.65743637085, -7.58023929596], "median": [-6.95075178146, -6.30181407928, -6.94000482559, -7.35263681412, -7.00921821594, -9.02970027924], "var": [1.44315445423, 1.15493893623, 1.08679461479, 1.12076616287, 1.15865755081, 1.22249948978]}, "barkbands_flatness_db": {"mean": 0.0955864042044, "dvar": 0.000561110384297, "min": 0.0141171915457, "dmean": 0.0220375880599, "dmean2": 0.0344116874039, "dvar2": 0.00121833081357, "max": 0.323152422905, "median": 0.08466604352, "var": 0.0018424144946}, "barkbands_kurtosis": {"mean": 3.51925158501, "dvar": 39.8885955811, "min": -1.85079300404, "dmean": 3.1163892746, "dmean2": 5.00620