{"tonal": {"chords_key": "G", "hpcp_entropy": {"dmean": 0.447941839695, "dmean2": 0.737297177315, "max": 3.97888350487, "dvar": 0.180322155356, "mean": 1.61933207512, "dvar2": 0.45625513792, "min": 0, "var": 0.46327021718, "median": 1.64646244049}, "key_key": "G", "chords_strength": {"dmean": 0.0080589428544, "dmean2": 0.00626215990633, "max": 0.705138802528, "dvar": 0.000391758047044, "mean": 0.465724915266, "dvar2": 0.000736126617994, "min": -1, "var": 0.0111476331949, "median": 0.470575064421}, "key_scale": "major", "chords_number_rate": 0.00148948049173, "thpcp": [1, 0.673550546169, 0.141775906086, 0.0793440192938, 0.0668717548251, 0.216568395495, 0.418415427208, 0.29651722312, 0.112834267318, 0.0870154574513, 0.067222468555, 0.159417450428, 0.256435960531, 0.193402424455, 0.424194067717, 0.696806192398, 0.383212953806, 0.0750784873962, 0.0547151304781, 0.0818937048316, 0.241202548146, 0.379778832197, 0.246793404222, 0.0875959917903, 0.0627414658666, 0.0627304911613, 0.2083735466, 0.371290028095, 0.26435905695, 0.372143417597, 0.526828825474, 0.266056120396, 0.109643869102, 0.132753893733, 0.123433329165, 0.477113068104], "key_strength": 0.861633002758, "tuning_nontempered_energy_ratio": 0.62146127224, "tuning_frequency": 439.745910645, "chords_changes_rate": 0.045242972672, "tuning_diatonic_strength": 0.623616576195, "chords_scale": "major", "chords_histogram": [43.0273704529, 5.30627441406, 14.0755910873, 0, 0.986780881882, 0.0186185073107, 0, 0, 0, 0, 0, 0, 0, 0, 0, 0.968162357807, 0, 5.25041913986, 0, 2.49487996101, 0, 4.09607172012, 15.7140197754, 8.06181335449], "tuning_equal_tempered_deviation": 0.0324569642544, "hpcp": {"dmean": [0.0914048403502, 0.0794631019235, 0.0454414971173, 0.0341426134109, 0.0362233296037, 0.0610750354826, 0.0790654718876, 0.0794536322355, 0.0749845206738, 0.0618972368538, 0.0663214027882, 0.0513115413487, 0.0510945059359, 0.0574957542121, 0.102823927999, 0.11216916889, 0.12012130022, 0.0655409395695, 0.0388310551643, 0.0359913595021, 0.0588162429631, 0.0700452327728, 0.067747682333, 0.055644068867, 0.0515578724444, 0.0432556979358, 0.0543140210211, 0.0581439994276, 0.0652824565768, 0.0938450470567, 0.0963443666697, 0.083569958806, 0.0397002659738, 0.0308883208781, 0.0449796840549, 0.0775200277567], "dmean2": [0.148506954312, 0.134362176061, 0.0816657245159, 0.0620275437832, 0.0666534379125, 0.103250324726, 0.128540337086, 0.135059967637, 0.130311787128, 0.106305733323, 0.117736883461, 0.0916097685695, 0.0881339237094, 0.102913185954, 0.173947185278, 0.183373183012, 0.19883851707, 0.117413073778, 0.0698192045093, 0.0654369518161, 0.101677462459, 0.116936415434, 0.112814739347, 0.0995552092791, 0.0954266190529, 0.0805699005723, 0.0962688997388, 0.0977176353335, 0.114109195769, 0.157374873757, 0.157129064202, 0.139659032226, 0.0711865350604, 0.0567680373788, 0.0802380591631, 0.130442723632], "max": [1, 1, 1, 1, 1, 1, 1, 1, 1, 1, 1, 1, 1, 1, 1, 1, 1, 1, 1, 1, 1, 1, 1, 1, 1, 1, 1, 1, 1, 1, 1, 1, 1, 1, 1, 1], "dvar": [0.027414187789, 0.0240848362446, 0.015820229426, 0.0123803857714, 0.0119747137651, 0.0159697886556, 0.0250269267708, 0.0217247996479, 0.0220206975937, 0.0264638978988, 0.022968981415, 0.020659962669, 0.0199536178261, 0.0215496588498, 0.0257017482072, 0.03795048967, 0.0303056892008, 0.0226137768477, 0.0157921668142, 0.0138281052932, 0.0172201935202, 0.023645106703, 0.0184583049268, 0.0203070361167, 0.0261137802154, 0.0203541256487, 0.0185773354024, 0.0187153089792, 0.0196946077049, 0.0225673969835, 0.0279595721513, 0.0195394605398, 0.0121902748942, 0.0111953876913, 0.0141267031431, 0.0229739602655], "mean": [0.164884224534, 0.107147462666, 0.0380305461586, 0.0272397417575, 0.0272349789739, 0.0904671549797, 0.161198735237, 0.114773742855, 0.161569237709, 0.228727221489, 0.11551053822, 0.0476028211415, 0.0576362386346, 0.0535896345973, 0.207142710686, 0.434158533812, 0.292427718639, 0.0615532211959, 0.0344478823245, 0.0290329419076, 0.094025015831, 0.181658625603, 0.128735482693, 0.0489879585803, 0.0377785041928, 0.0291852075607, 0.0692124441266, 0.111333861947, 0.0839673131704, 0.184167474508, 0.302524358034, 0.166375175118, 0.0325959660113, 0.0237550400198, 0.0355548523366, 0.104720145464], "dvar2": [0.0636610835791, 0.0638841837645, 0.0429105050862, 0.0345503725111, 0.0342633724213, 0.0427071526647, 0.0577387362719, 0.0572324469686, 0.0601310953498, 0.0641464293003, 0.064269579947, 0.0577536001801, 0.0497363246977, 0.0590773634613, 0.0684107616544, 0.08533962816, 0.0793660208583, 0.0627562999725, 0.0406449101865, 0.0383984260261, 0.0464640855789, 0.0570472590625, 0.0472784116864, 0.0553281828761, 0.0719891265035, 0.0571524724364, 0.0522677004337, 0.0451563857496, 0.0539581924677, 0.060126632452, 0.0645632222295, 0.051907774061, 0.0335030220449, 0.0301974955946, 0.0385593995452, 0.0575584992766], "min": [0, 0, 0, 0, 0, 0, 0, 0, 0, 0, 0, 0, 0, 0, 0, 0, 0, 0, 0, 0, 0, 0, 0, 0, 0, 0, 0, 0, 0, 0, 0, 0, 0, 0, 0, 0], "var": [0.061168577522, 0.0315028950572, 0.0123276850209, 0.00862566009164, 0.00772840483114, 0.0239856168628, 0.0712661892176, 0.0354215912521, 0.0662977620959, 0.144482389092, 0.0388818047941, 0.0173171833158, 0.0238724332303, 0.019047986716, 0.0473142974079, 0.161369234324, 0.0830257758498, 0.0183322299272, 0.0142116397619, 0.00981835834682, 0.0279945451766, 0.0931212678552, 0.0486444123089, 0.0161174628884, 0.0178183075041, 0.0129750501364, 0.0222039390355, 0.0530486479402, 0.0286073405296, 0.0534229055047, 0.130487307906, 0.0427696481347, 0.00919822603464, 0.00807904265821, 0.0113559858873, 0.0328920185566], "median": [0.0536160990596, 0.0342980846763, 0.00756844226271, 0.00471108173952, 0.00475988909602, 0.0247031245381, 0.0399613715708, 0.0337129682302, 0.0188044793904, 0.0121065108106, 0.00782576017082, 0.00912854727358, 0.0105697773397, 0.0103083914146, 0.111930646002, 0.241417631507, 0.158714264631, 0.0163112748414, 0.00464795669541, 0.00474488269538, 0.0206374805421, 0.0376824997365, 0.0284453574568, 0.00856720563024, 0.00443617207929, 0.00297833117656, 0.0120718851686, 0.0198948197067, 0.0205826852471, 0.0719059929252, 0.124905332923, 0.071732275188, 0.00731043005362, 0.00381592498161, 0.00438891444355, 0.0279004592448]}}, "lowlevel": {"melbands_flatness_db": {"dmean": 0.0188894364983, "dmean2": 0.0280232168734, "max": 0.594858586788, "dvar": 0.000465258781333, "mean": 0.2140558213, "dvar2": 0.00105405983049, "min": 0.00540853338316, "var": 0.00494910730049, "median": 0.202439695597}, "melbands_crest": {"dmean": 2.18673276901, "dmean2": 3.51855969429, "max": 38.1737937927, "dvar": 6.32427501678, "mean": 14.0019178391, "dvar2": 16.1232872009, "min": 2.75602316856, "var": 27.9409427643, "median": 12.7989578247}, "spectral_entropy": {"dmean": 0.141342759132, "dmean2": 0.199918180704, "max": 9.80622959137, "dvar": 0.0243952125311, "mean": 7.41013431549, "dvar2": 0.0456988550723, "min": 5.35951709747, "var": 0.280544728041, "median": 7.45012569427}, "melbands": {"dmean": [0.000633965421002, 0.000592158408836, 0.000579440151341, 0.000423850462539, 0.000185138458619, 0.000140524774906, 0.00017172722437, 0.00014716052101, 0.000143120720168, 5.87268659729e-05, 5.30319121026e-05, 4.48836217402e-05, 2.79147916444e-05, 4.183805504e-05, 3.04771692754e-05, 2.55125360127e-05, 2.61060413322e-05, 2.11201549973e-05, 1.86392171599e-05, 1.73592070496e-05, 1.75511977432e-05, 1.49112529471e-05, 1.25594806377e-05, 5.32818830834e-06, 5.97907728661e-06, 6.98533267496e-06, 5.1056549637e-06, 2.88921796709e-06, 1.79725088856e-06, 1.82034455065e-06, 2.43839235736e-06, 2.48575270234e-06, 1.68898986885e-06, 1.50333187321e-06, 1.50849348302e-06, 1.88699584669e-06, 1.77519984845e-06, 1.48043238823e-06, 1.30467310555e-06, 8.9229428113e-07], "dmean2": [0.00107526581269, 0.000986560597084, 0.000931625138037, 0.000706353690475, 0.00028395478148, 0.000222753122216, 0.00024984969059, 0.000210025609704, 0.000190042832401, 8.13640872366e-05, 7.38966773497e-05, 6.47372580715e-05, 4.17232586187e-05, 5.96162462898e-05, 4.26008809882e-05, 3.73499169655e-05, 4.03815683967e-05, 3.21720799548e-05, 2.82203400275e-05, 2.66727784037e-05, 2.7069101634e-05, 2.3426640837e-05, 2.02572955459e-05, 8.59290139488e-06, 9.42832502915e-06, 1.09274160423e-05, 7.78576122684e-06, 4.51872665508e-06, 2.86834870167e-06, 2.86437079922e-06, 3.72184331354e-06, 3.72487079403e-06, 2.54741303252e-06, 2.27257487495e-06, 2.30345176533e-06, 2.80414383269e-06, 2.61333548224e-06, 2.19871526497e-06, 1.94056497094e-06, 1.3638011751e-06], "max": [0.0229327455163, 0.0194175615907, 0.0245973039418, 0.0130756087601, 0.00729227764532, 0.00628473702818, 0.0104746771976, 0.0113811800256, 0.0132723143324, 0.00733876926824, 0.00578252226114, 0.00519600324333, 0.00389536353759, 0.00245321332477, 0.00220474228263, 0.00243262760341, 0.00168247485999, 0.00135742267594, 0.00126464420464, 0.00137143244501, 0.00139522831887, 0.000810833938885, 0.00065625354182, 0.000274022779195, 0.000628707522992, 0.00050417316379, 0.000412522960687, 0.000313270022161, 0.000141421100125, 0.000103471851617, 0.000174512795638, 0.000136461298098, 0.000103986458271, 0.000174022483407, 0.000163786025951, 0.000232165606576, 0.000214156912989, 0.000182519521331, 0.000150319872773, 0.000105619044916], "dvar": [3.02448370348e-06, 1.71203032551e-06, 2.60054366663e-06, 6.45568093205e-07, 9.32174728518e-08, 6.67473543103e-08, 1.5898116601e-07, 1.33094957278e-07, 1.48800268107e-07, 3.50618023504e-08, 1.99416643198e-08, 2.21483187346e-08, 8.51108339361e-09, 8.69873861831e-09, 6.26194474052e-09, 6.73772104776e-09, 4.58537963155e-09, 3.51290307954e-09, 2.21735207973e-09, 2.20370277582e-09, 1.59967050717e-09, 9.21422049771e-10, 7.72240382751e-10, 1.16675405448e-10, 3.23168575234e-10, 2.93143204155e-10, 2.02481836853e-10, 6.31226598768e-11, 1.65939137431e-11, 1.41149687424e-11, 2.72629488429e-11, 2.95084685853e-11, 1.74733612995e-11, 2.23111373127e-11, 2.4997389575e-11, 4.72787087258e-11, 4.72751039704e-11, 3.18751275374e-11, 2.30256334832e-11, 7.57651840572e-12], "mean": [0.0017545518931, 0.0020589302294, 0.00126624142285, 0.000806414056569, 0.000482006493257, 0.000321710016578, 0.000428533385275, 0.000393294525566, 0.000512577244081, 0.000175653549377, 0.000137716328027, 9.21135797398e-05, 5.74028636038e-05, 9.9806326034e-05, 6.84469850967e-05, 4.4416050514e-05, 4.64084914711e-05, 3.75083327526e-05, 3.74041046598e-05, 3.80680685339e-05, 3.90536661143e-05, 3.31202245434e-05, 2.35321076616e-05, 1.01816522147e-05, 1.13887435873e-05, 1.35489917739e-05, 1.04621403807e-05, 5.86772011957e-06, 3.64072866432e-06, 3.8012258301e-06, 5.03177534483e-06, 5.11989310326e-06, 3.34071660291e-06, 2.7065714221e-06, 2.55889608525e-06, 2.90320667773e-06, 2.76974037661e-06, 2.24803693527e-06, 1.97999179363e-06, 1.34683364195e-06], "dvar2": [8.68778624863e-06, 4.93260586154e-06, 6.1935593294e-06, 1.66943084423e-06, 2.30452755545e-07, 1.69610075318e-07, 3.13522775741e-07, 2.73310064358e-07, 2.62352216396e-07, 6.46556017614e-08, 3.59388465654e-08, 4.67187177833e-08, 1.7223237947e-08, 1.78840924292e-08, 1.27255930238e-08, 1.44153249337e-08, 1.04217710017e-08, 7.50159223628e-09, 4.76281947215e-09, 4.93514162869e-09, 3.21343529563e-09, 2.08329820062e-09, 1.93995797204e-09, 2.85859835802e-10, 7.30035087937e-10, 6.43302355829e-10, 4.27434504457e-10, 1.35155539538e-10, 3.94687581229e-11, 3.36777619681e-11, 6.06209318854e-11, 6.33334495959e-11, 4.03766985124e-11, 5.17042554604e-11, 5.84914408575e-11, 9.82556952467e-11, 9.43304323542e-11, 6.88063078735e-11, 4.9497066168e-11, 1.71717969705e-11], "min": [9.3044708044e-24, 6.78971634491e-24, 9.2959132413e-24, 4.730192609e-24, 1.14603527166e-23, 6.15117682948e-24, 1.33513903571e-23, 8.44127001405e-24, 1.36062508051e-23, 8.58530418243e-24, 1.57689839743e-23, 3.09234800133e-23, 1.89587982648e-23, 1.37736786437e-23, 7.32221402201e-24, 1.0606862804e-23, 2.2187877318e-23, 8.7782564044e-24, 5.90302682668e-24, 7.35858208746e-24, 8.7704616698e-24, 1.28104045366e-23, 9.50982234208e-24, 1.0727340008e-23, 1.22393883592e-23, 9.12312903723e-24, 9.19532400955e-24, 5.19093865361e-24, 1.33910716383e-23, 9.60798582654e-24, 1.39507337407e-23, 1.10229332889e-23, 1.50648041318e-23, 1.64385754215e-23, 7.52296492289e-24, 1.28113898239e-23, 1.08755298956e-23, 9.82352234737e-24, 8.18719448256e-24, 9.25182853847e-24], "var": [3.94005428461e-06, 3.14071803587e-06, 3.21557354255e-06, 1.05123353933e-06, 3.21707830153e-07, 1.87588227618e-07, 5.96036670686e-07, 7.48913009829e-07, 1.959715064e-06, 3.02046629486e-07, 1.33535777991e-07, 7.31540552579e-08, 3.13532311225e-08, 3.33320393509e-08, 1.86108515265e-08, 1.52476395954e-08, 1.15172342774e-08, 7.54473550302e-09, 5.68121238942e-09, 6.09637362814e-09, 6.72983135885e-09, 2.75517586523e-09, 1.5288268429e-09, 2.40769043591e-10, 6.84580447885e-10, 7.50557782592e-10, 5.14342068936e-10, 2.17847795358e-10, 4.22055966565e-11, 3.70577318831e-11, 7.80992562288e-11, 8.86457365845e-11, 4.06476172166e-11, 3.7331280428e-11, 4.12115862269e-11, 9.44216371757e-11, 1.019042975e-10, 5.61048672798e-11, 4.22788505594e-11, 1.35818162272e-11], "median": [0.0013321780134, 0.00191511341836, 0.000902752915863, 0.000499157700688, 0.00030021747807, 0.000191238039406, 0.000175143941306, 0.000106709892862, 9.35565767577e-05, 5.80729720241e-05, 4.98997978866e-05, 2.68217700068e-05, 1.76300400199e-05, 4.41729207523e-05, 2.75230122497e-05, 1.143445661e-05, 1.60032141139e-05, 1.13876103569e-05, 1.27300609165e-05, 1.28675001179e-05, 1.52217307914e-05, 1.52903885464e-05, 1.13242822408e-05, 5.45542570762e-06, 4.76162585983e-06, 5.34328864887e-06, 3.85040584661e-06, 2.26959241445e-06, 1.44618775266e-06, 1.57221415975e-06, 1.66964241544e-06, 1.58538182404e-06, 1.12051384349e-06, 8.23146592666e-07, 7.11462803338e-07, 5.85132625019e-07, 5.08260200149e-07, 4.18642656541e-07, 3.82464008908e-07, 3.01921431856e-07]}, "silence_rate_60dB": {"dmean": 0.00912561733276, "dmean2": 0.0182529333979, "max": 1, "dvar": 0.00904297549278, "mean": 0.0857541933656, "dvar2": 0.0197846759111, "min": 0, "var": 0.0783915147185, "median": 0}, "spectral_energyband_middle_high": {"dmean": 0.00132460542955, "dmean2": 0.0019184302073, "max": 0.0409111641347, "dvar": 4.41185920863e-06, "mean": 0.00520930904895, "dvar2": 9.22074104892e-06, "min": 1.69678815883e-21, "var": 2.69823740382e-05, "median": 0.00377698987722}, "erbbands_skewness": {"dmean": 0.266671508551, "dmean2": 0.393809020519, "max": 5.92078876495, "dvar": 0.0684082210064, "mean": 0.384295582771, "dvar2": 0.142403557897, "min": -2.92848658562, "var": 0.702905654907, "median": 0.321117401123}, "dynamic_complexity": 3.48921632767, "dissonance": {"dmean": 0.0164464861155, "dmean2": 0.0273721758276, "max": 0.499693065882, "dvar": 0.000283289962681, "mean": 0.456910908222, "dvar2": 0.000766818702687, "min": 0.196607813239, "var": 0.000965535291471, "median": 0.464797139168}, "spectral_skewness": {"dmean": 0.200535818934, "dmean2": 0.313574016094, "max": 7.19593811035, "dvar": 0.0539690293372, "mean": 1.68185389042, "dvar2": 0.133107349277, "min": -0.122820526361, "var": 0.409550666809, "median": 1.58888673782}, "spectral_kurtosis": {"dmean": 1.61558520794, "dmean2": 2.66612005234, "max": 82.2964248657, "dvar": 7.35889625549, "mean": 5.15084218979, "dvar2": 20.749124527, "min": -1.23480153084, "var": 34.5448875427, "median": 3.83640241623}, "gfcc": {"cov": [[17841.6425781, -600.856872559, -1371.33740234, 788.800170898, -919.092285156, 552.370910645, -417.907196045, 586.293945312, -128.249343872, 497.759094238, -289.190490723, 160.780593872, -210.975036621], [-600.856872559, 1356.98449707, -303.555480957, -212.67175293, 162.318191528, -175.648910522, 54.5932998657, -97.6525650024, 1.14473569393, -108.95526886, 67.1153411865, -18.9877243042, 44.447052002], [-1371.33740234, -303.555480957, 673.977050781, 27.9119949341, 109.754623413, 102.144081116, 27.140707016, 32.0682220459, -2.31949520111, -9.88576126099, 28.5365753174, 9.23068618774, -1.18804419041], [788.800170898, -212.67175293, 27.9119949341, 417.302398682, 20.3764400482, 94.842880249, -15.5767602921, 28.4119567871, 37.2172393799, 28.3912811279, -22.6905231476, -13.9280700684, 16.7279663086], [-919.092285156, 162.318191528, 109.754623413, 20.3764400482, 276.067260742, -10.6727142334, 46.7834892273, -14.5847797394, 32.8419265747, -16.9995727539, 19.5573978424, -13.945271492, 16.1043949127], [552.370910645, -175.648910522, 102.144081116, 94.842880249, -10.6727142334, 217.799789429, 41.0357055664, 52.523525238, -2.81583189964, 34.7592315674, -2.02368545532, 3.55968618393, -14.7112550735], [-417.907196045, 54.5932998657, 27.140707016, -15.5767602921, 46.7834892273, 41.0357055664, 256.650512695, 39.116771698, -20.1919937134, 0.744865298271, 4.37127304077, -5.60694789886, -29.373046875], [586.293945312, -97.6525650024, 32.0682220459, 28.4119567871, -14.5847797394, 52.523525238, 39.116771698, 148.10446167, 27.7942333221, 40.7368278503, -11.0719976425, 0.694641590118, -20.6203708649], [-128.249343872, 1.14473569393, -2.31949520111, 37.2172393799, 32.8419265747, -2.81583189964, -20.1919937134, 27.7942333221, 129.032943726, 28.7377948761, -1.90345406532, -13.8407716751, 3.99197697639], [497.759094238, -108.95526886, -9.88576126099, 28.3912811279, -16.9995727539, 34.7592315674, 0.744865298271, 40.7368278503, 28.7377948761, 96.744392395, 7.35119581223, 4.68319606781, -15.2606916428], [-289.190490723, 67.1153411865, 28.5365753174, -22.6905231476, 19.5573978424, -2.02368545532, 4.37127304077, -11.0719976425, -1.90345406532, 7.35119581223, 90.0314941406, 16.1354694366, 8.78766441345], [160.780593872, -18.9877243042, 9.23068618774, -13.9280700684, -13.945271492, 3.55968618393, -5.60694789886, 0.694641590118, -13.8407716751, 4.68319606781, 16.1354694366, 80.4599685669, 20.5364608765], [-210.975036621, 44.447052002, -1.18804419041, 16.7279663086, 16.1043949127, -14.7112550735, -29.373046875, -20.6203708649, 3.99197697639, -15.2606916428, 8.78766441345, 20.5364608765, 87.2980804443]], "mean": [-5.37109279633, 98.6716918945, -105.785591125, 35.0865707397, -53.8325538635, 15.2022314072, -39.7235069275, 10.7261705399, -19.777967453, -0.276538074017, -14.3646936417, -0.580791056156, -10.4576835632], "icov": [[0.000185293451068, -0.000129962485516, 0.000332797731971, -0.000319026468787, 0.000287772680167, -0.000367617030861, 0.000443555851234, -0.000616801902652, 0.000488336198032, -0.000626300752629, 0.000443292665295, -0.00046263897093, 0.000400540564442], [-0.000129962485516, 0.00136442552321, 0.00047170810285, 0.000705695652869, -0.00100367388222, 0.000504476425704, -0.000574346631765, 0.000525565585122, -0.000559220672585, 0.00160095386673, -0.00127828796394, 0.000642685452476, -0.000653589959256], [0.000332797731971, 0.00047170810285, 0.00277904444374, -0.000233185535762, -0.000704595528077, -0.0014518693788, 0.000847315764986, -0.00144848076161, 0.000902469386347, 6.96968854754e-05, -0.000216401356738, -0.000876622274518, 0.000673806236591], [-0.000319026468787, 0.000705695652869, -0.000233185535762, 0.00363178434782, -0.00108397821896, -0.000627108034678, -0.000563975656405, 0.00105134188198, -0.00146053766366, 0.00106384337414, -0.000393949536374, 0.00145759969018, -0.00172700348776], [0.000287772680167, -0.00100367388222, -0.000704595528077, -0.00108397821896, 0.00551670184359, -0.000163786913618, -0.000289666815661, -0.000329306494677, -0.000554233964067, -0.00106336828321, 0.000488001242047, -0.000103652950202, -1.23246923067e-06], [-0.000367617030861, 0.000504476425704, -0.0014518693788, -0.000627108034678, -0.000163786913618, 0.00715104490519, -0.00174488069024, 4.42217715317e-05, -0.00020486403082, -7.52850610297e-05, -0.00105480256025, 0.000742628821172, -0.000458544032881], [0.000443555851234, -0.000574346631765, 0.000847315764986, -0.000563975656405, -0.000289666815661, -0.00174488069024, 0.00579157285392, -0.00281977746636, 0.00228392775171, -0.00128483958542, 0.000955983297899, -0.00108730641659, 0.00235650641844], [-0.000616801902652, 0.000525565585122, -0.00144848076161, 0.00105134188198, -0.000329306494677, 4.42217715317e-05, -0.00281977746636, 0.0110511574894, -0.00347802136093, -0.0004462080542, -0.000247789925197, 0.000923257495742, -0.0003608117986], [0.000488336198032, -0.000559220672585, 0.000902469386347, -0.00146053766366, -0.000554233964067, -0.00020486403082, 0.00228392775171, -0.00347802136093, 0.010999343358, -0.00455982331187, 0.00140992109664, 0.000456037203548, 0.000222405738896], [-0.000626300752629, 0.00160095386673, 6.96968854754e-05, 0.00106384337414, -0.00106336828321, -7.52850610297e-05, -0.00128483958542, -0.0004462080542, -0.00455982331187, 0.0168480481952, -0.00434041768312, 0.000493994681165, 0.000588614610024], [0.000443292665295, -0.00127828796394, -0.000216401356738, -0.000393949536374, 0.000488001242047, -0.00105480256025, 0.000955983297899, -0.000247789925197, 0.00140992109664, -0.00434041768312, 0.0142196929082, -0.00347751937807, 0.000353487499524], [-0.00046263897093, 0.000642685452476, -0.000876622274518, 0.00145759969018, -0.000103652950202, 0.000742628821172, -0.00108730641659, 0.000923257495742, 0.000456037203548, 0.000493994681165, -0.00347751937807, 0.0157540719956, -0.00503053003922], [0.000400540564442, -0.000653589959256, 0.000673806236591, -0.00172700348776, -1.23246923067e-06, -0.000458544032881, 0.00235650641844, -0.0003608117986, 0.000222405738896, 0.000588614610024, 0.000353487499524, -0.00503053003922, 0.0149670364335]]}, "spectral_complexity": {"dmean": 2.50935840607, "dmean2": 4.015645504, "max": 48, "dvar": 7.75969314575, "mean": 18.0461826324, "dvar2": 18.6011486053, "min": 0, "var": 76.517364502, "median": 19}, "spectral_flux": {"dmean": 0.0179767310619, "dmean2": 0.0279312543571, "max": 0.280984401703, "dvar": 0.000509145960677, "mean": 0.0663631409407, "dvar2": 0.00114967778791, "min": 1.04642579324e-10, "var": 0.00185670761857, "median": 0.059899572283}, "spectral_energyband_low": {"dmean": 0.00311940116808, "dmean2": 0.00522768916562, "max": 0.0935104414821, "dvar": 5.06417927681e-05, "mean": 0.0113979931921, "dvar2": 0.000144585224916, "min": 5.7557304818e-23, "var": 8.76319463714e-05, "median": 0.0109681328759}, "spectral_decrease": {"dmean": 1.41258260644e-09, "dmean2": 2.22516716164e-09, "max": 4.84288705312e-16, "dvar": 4.94570998732e-18, "mean": -7.56754570119e-09, "dvar2": 1.25000250262e-17, "min": -2.95968192177e-08, "var": 1.98748952253e-17, "median": -7.84384468488e-09}, "barkbands_spread": {"dmean": 4.83252573013, "dmean2": 7.1910533905, "max": 148.538909912, "dvar": 50.5463829041, "mean": 22.4107398987, "dvar2": 100.692459106, "min": 0.638568818569, "var": 223.257629395, "median": 19.3740768433}, "spectral_rms": {"dmean": 0.000462567579234, "dmean2": 0.000711940228939, "max": 0.0106228198856, "dvar": 3.74111209567e-07, "mean": 0.00511258095503, "dvar2": 9.02841406969e-07, "min": 3.26848509195e-12, "var": 3.7243009956e-06, "median": 0.00556335318834}, "spectral_centroid": {"dmean": 186.362976074, "dmean2": 279.027160645, "max": 10214.7382812, "dvar": 56066.1875, "mean": 1197.17907715, "dvar2": 106026.140625, "min": 116.528259277, "var": 396747.1875, "median": 1101.08251953}, "barkbands_skewness": {"dmean": 0.385494291782, "dmean2": 0.588982403278, "max": 15.6491260529, "dvar": 0.212728485465, "mean": 1.72465395927, "dvar2": 0.507018983364, "min": -4.4458694458, "var": 1.65662503242, "median": 1.53411364555}, "spectral_rolloff": {"dmean": 383.764251709, "dmean2": 642.366577148, "max": 21834.6679688, "dvar": 835179.125, "mean": 1384.29272461, "dvar2": 1766908.625, "min": 86.1328125, "var": 4708001, "median": 882.861328125}, "erbbands_spread": {"dmean": 6.77334308624, "dmean2": 9.968791008, "max": 213.841217041, "dvar": 72.0247268677, "mean": 40.7296638489, "dvar2": 148.68321228, "min": 6.02484512329, "var": 354.23425293, "median": 38.1208343506}, "barkbands": {"dmean": [0.000260137545411, 0.00237030582502, 0.00089532637503, 0.00142289756332, 0.00170140026603, 0.000735309848096, 0.000866154034156, 0.000782020040788, 0.000423996447353, 0.00037863504258, 0.000200184440473, 0.000382658065064, 0.000240488865529, 0.000236070045503, 0.000296254263958, 0.000231640049606, 0.000294846657198, 0.000117290881462, 0.000169010148966, 0.000102032696304, 7.59137474233e-05, 0.000100702542113, 9.26989232539e-05, 0.000124549449538, 7.60292605264e-05, 2.40611552726e-05, 4.68422376798e-06], "dmean2": [0.000407269864809, 0.00399811845273, 0.00146446027793, 0.00229393341579, 0.00283319479786, 0.00114122580271, 0.00123676611111, 0.00106660614256, 0.000598114391323, 0.000537054322194, 0.000303099048324, 0.000540474720765, 0.000354795047315, 0.000367809348973, 0.000454441615148, 0.000355711410521, 0.000470778497402, 0.000187389203347, 0.00026379476185, 0.000157543981913, 0.000117949944979, 0.000149823041284, 0.00013804261107, 0.000177833077032, 0.000114025751827, 3.72461181541e-05, 7.4865993156e-06], "max": [0.0120458649471, 0.0823719799519, 0.0512362085283, 0.0669815763831, 0.0529920831323, 0.0290673878044, 0.0508961826563, 0.0642170459032, 0.0561427436769, 0.0341718420386, 0.0248074159026, 0.0206043925136, 0.0202148463577, 0.0171859152615, 0.0152015909553, 0.0165872368962, 0.0181421376765, 0.00708911381662, 0.0114143704996, 0.00871228612959, 0.00421946682036, 0.00530996313319, 0.0102630779147, 0.0153233623132, 0.00736581161618, 0.00139808782842, 0.000476264918689], "dvar": [4.74192148658e-07, 4.16582224716e-05, 3.25034716298e-06, 1.94102594833e-05, 8.80877269083e-06, 1.55609370722e-06, 4.02798877985e-06, 4.14685337091e-06, 1.86716340522e-06, 1.12173233902e-06, 4.80068536035e-07, 7.52987205033e-07, 5.80293544772e-07, 3.64397010344e-07, 5.05485331814e-07, 3.82718241099e-07, 3.29709621383e-07, 5.8426930849e-08, 1.63297769973e-07, 7.23741422348e-08, 2.32407995071e-08, 4.65652121306e-08, 8.58516955304e-08, 1.93125416104e-07, 4.67682497174e-08, 3.64891139526e-09, 2.32468808092e-10], "mean": [0.000420469732489, 0.0070050181821, 0.00284268264659, 0.00241393386386, 0.00364902778529, 0.00186430953909, 0.00220425776206, 0.00259709800594, 0.00121984316502, 0.000851678138133, 0.000379830278689, 0.000897522084415, 0.000413082569139, 0.000414357287809, 0.000602603075095, 0.000494150968734, 0.000640172511339, 0.000232744467212, 0.000336369528668, 0.000216798012843, 0.000168780810782, 0.000216886910493, 0.000163551972946, 0.000205574018764, 0.000122619210742, 3.14803401125e-05, 4.60517730971e-06], "dvar2": [1.08054871362e-06, 0.000119252297736, 9.78283242148e-06, 4.63105752715e-05, 2.35699226323e-05, 3.94847029384e-06, 7.82371080277e-06, 8.0599274952e-06, 3.43971100847e-06, 2.3752877496e-06, 1.03987895272e-06, 1.547409056e-06, 1.19479443583e-06, 8.2927715539e-07, 1.07536493488e-06, 8.57312954849e-07, 7.72969883656e-07, 1.43724548707e-07, 3.58244932386e-07, 1.54993301749e-07, 5.43053886304e-08, 1.00456851726e-07, 1.8847228489e-07, 3.68942380646e-07, 9.96154767563e-08, 8.60308979611e-09, 5.75310743489e-10], "min": [9.29704210125e-24, 2.4720023005e-23, 1.85821014054e-23, 2.08090368081e-23, 4.17315055035e-23, 3.3036693228e-23, 6.04711992297e-23, 4.06410977841e-23, 7.72680295204e-23, 2.12587613615e-22, 1.15109396843e-22, 1.14325483673e-22, 8.91485776756e-23, 1.99870759304e-22, 6.7938752196e-23, 1.15211355537e-22, 2.00089772335e-22, 2.09514047445e-22, 3.09661403489e-22, 2.15985344819e-22, 4.28150381424e-22, 7.8200965457e-22, 7.39397130275e-22, 8.32523813589e-22, 1.18046337353e-21, 1.78360153152e-21, 2.22220173247e-21], "var": [1.2502480331e-06, 5.55098267796e-05, 9.53087783273e-06, 2.16205608012e-05, 1.61666430358e-05, 4.83202074975e-06, 1.9270579287e-05, 4.71416788059e-05, 1.64502998814e-05, 3.66220911019e-06, 1.57509714427e-06, 2.75614138445e-06, 1.44353123233e-06, 8.41392875373e-07, 1.46608249452e-06, 1.17999093163e-06, 9.47855085087e-07, 1.18735641763e-07, 3.92053976839e-07, 2.1911627357e-07, 6.6679696431e-08, 1.35098574106e-07, 1.66408170799e-07, 4.37798405528e-07, 9.76330412072e-08, 5.03620967152e-09, 2.19093188036e-10], "median": [4.68089347123e-05, 0.00562926754355, 0.00202918471768, 0.00136107893195, 0.00248405360617, 0.00120580988005, 0.000721343501937, 0.000427856604801, 0.000364780513337, 0.000332729658112, 9.49206587393e-05, 0.000380994024454, 0.000100028824818, 0.00015381607227, 0.00018834049115, 0.000170718325535, 0.00032498393557, 0.000124826357933, 0.000153463872266, 8.44481546665e-05, 7.12535038474e-05, 7.79858382884e-05, 4.69676924695e-05, 4.47235288448e-05, 3.13287091558e-05, 6.39236259303e-06, 4.10029059594e-07]}, "melbands_kurtosis": {"dmean": 5.59767055511, "dmean2": 8.66559791565, "max": 1190.00964355, "dvar": 116.500778198, "mean": 17.3274288177, "dvar2": 254.860244751, "min": -1.79498910904, "var": 2473.61816406, "median": 9.06736564636}, "erbbands_crest": {"dmean": 2.05635547638, "dmean2": 3.17564916611, "max": 31.5559158325, "dvar": 4.20322084427, "mean": 9.91965198517, "dvar2": 9.68637180328, "min": 2.40438961983, "var": 26.1059989929, "median": 8.51793861389}, "melbands_skewness": {"dmean": 0.533863246441, "dmean2": 0.811931312084, "max": 25.6462650299, "dvar": 0.448848634958, "mean": 2.89064502716, "dvar2": 1.0582678318, "min": -1.40274643898, "var": 3.17721533775, "median": 2.59133911133}, "spectral_energyband_middle_low": {"dmean": 0.0037844851613, "dmean2": 0.00583956437185, "max": 0.10747475177, "dvar": 4.28905550507e-05, "mean": 0.0143226636574, "dvar2": 9.6169715107e-05, "min": 3.13836837949e-22, "var": 0.000144188743434, "median": 0.0118739558384}, "spectral_contrast_coeffs": {"dmean": [0.039569336921, 0.0383615829051, 0.0318459272385, 0.0287713631988, 0.0226026084274, 0.0187577847391], "dmean2": [0.0654696449637, 0.0614922270179, 0.049727331847, 0.0456395000219, 0.0353636667132, 0.0281493458897], "max": [-0.292839318514, -0.39293640852, -0.465283215046, -0.543413102627, -0.518593847752, -0.592442929745], "dvar": [0.00121870241128, 0.00111826322973, 0.000714510912076, 0.000581613916438, 0.000370110123185, 0.000301083695376], "mean": [-0.645623207092, -0.687336564064, -0.727788567543, -0.746051967144, -0.749437868595, -0.766325891018], "dvar2": [0.00320481788367, 0.00278788153082, 0.00166628567968, 0.00135328702163, 0.000843035755679, 0.000606881571002], "min": [-0.967574298382, -0.961134254932, -0.972904086113, -0.961754500866, -0.961100816727, -0.960202336311], "var": [0.00572759890929, 0.00640456005931, 0.00421976996586, 0.00322314398363, 0.00241695553996, 0.00233710068278], "median": [-0.655260145664, -0.693912982941, -0.730536222458, -0.750742793083, -0.749990105629, -0.764930903912]}, "spectral_contrast_valleys": {"dmean": [0.29100254178, 0.291518896818, 0.266574949026, 0.244235113263, 0.220852434635, 0.291017204523], "dmean2": [0.485478281975, 0.479581713676, 0.432731509209, 0.387668937445, 0.328509569168, 0.381296604872], "max": [-5.12262678146, -5.00179338455, -5.40529823303, -5.98163604736, -5.85041666031, -7.37792825699], "dvar": [0.0746119394898, 0.0740784853697, 0.0634237900376, 0.0619944855571, 0.0620842278004, 0.125803351402], "mean": [-7.07457971573, -6.93684101105, -7.73173379898, -8.18019199371, -8.08378982544, -10.2731351852], "dvar2": [0.18545871973, 0.178525313735, 0.14133810997, 0.13286806643, 0.115711085498, 0.200909048319], "min": [-27.4765472412, -27.6174297333, -27.1492099762, -26.9181499481, -27.1974487305, -27.2548332214], "var": [2.1583070755, 1.74053752422, 1.68670678139, 1.86391210556, 2.11974406242, 2.25408411026], "median": [-6.64679145813, -6.65607070923, -7.42909908295, -7.82769775391, -7.72272586823, -9.99632453918]}, "silence_rate_20dB": {"dmean": 0, "dmean2": 0, "max": 1, "dvar": 0, "mean": 1, "dvar2": 0, "min": 1, "var": 0, "median": 1}, "silence_rate_30dB": {"dmean": 0, "dmean2": 0, "max": 1, "dvar": 0, "mean": 1, "dvar2": 0, "min": 1, "var": 0, "median": 1}, "spectral_strongpeak": {"dmean": 0.38851082325, "dmean2": 0.657931745052, "max": 10.8633861542, "dvar": 0.707873165607, "mean": 0.968213617802, "dvar2": 1.75248134136, "min": 0, "var": 1.8269906044, "median": 0.403297960758}, "spectral_spread": {"dmean": 580419.6875, "dmean2": 812798.8125, "max": 40750936, "dvar": 623827156992, "mean": 4992007, "dvar2": 1116453601280.0, "min": 981467.875, "var": 6251496341500.0, "median": 4543178.5}, "barkbands_flatness_db": {"dmean": 0.0157980043441, "dmean2": 0.02365379408, "max": 0.447201341391, "dvar": 0.000301175983623, "mean": 0.139498054981, "dvar2": 0.000694920367096, "min": 0.0260929577053, "var": 0.00342555739917, "median": 0.127948284149}, "pitch_salience": {"dmean": 0.0514791384339, "dmean2": 0.0837829038501, "max": 0.859963238239, "dvar": 0.00306535558775, "mean": 0.523370146751, "dvar2": 0.00835495628417, "min": 0.096812851727, "var": 0.011081838049, "median": 0.52933216095}, "erbbands_kurtosis": {"dmean": 0.642630398273, "dmean2": 0.971802651882, "max": 41.3651351929, "dvar": 0.895884215832, "mean": 0.492293387651, "dvar2": 1.90188848972, "min": -1.76850676537, "var": 7.17707109451, "median": -0.268557310104}, "average_loudness": 0.845790505409, "barkbands_crest": {"dmean": 1.79731118679, "dmean2": 2.88871479034, "max": 25.9539718628, "dvar": 4.47589349747, "mean": 9.99283123016, "dvar2": 12.083609581, "min": 2.55563950539, "var": 17.3388023376, "median": 9.13250541687}, "hfc": {"dmean": 5.18287801743, "dmean2": 7.38681697845, "max": 198.807250977, "dvar": 77.4163818359, "mean": 22.5775947571, "dvar2": 151.210678101, "min": 1.1748215953e-16, "var": 388.603546143, "median": 18.4103984833}, "barkbands_kurtosis": {"dmean": 2.24480104446, "dmean2": 3.53626465797, "max": 339.635162354, "dvar": 20.5665378571, "mean": 5.45061397552, "dvar2": 46.773021698, "min": -1.9328571558, "var": 219.387756348, "median": 2.45270657539}, "erbbands": {"dmean": [0.0665575638413, 0.560291230679, 1.01703548431, 2.63782954216, 6.61703681946, 5.2705578804, 5.29826164246, 6.06079483032, 11.0785989761, 13.7721185684, 18.1179695129, 10.0956096649, 10.3746576309, 10.5542964935, 7.69089365005, 17.1307678223, 10.2991704941, 13.4425926208, 13.2536869049, 13.9089841843, 13.1830635071, 12.8381147385, 6.96124792099, 6.73379611969, 8.54445075989, 4.58678770065, 2.59183454514, 3.64573121071, 3.76322507858, 2.60927391052, 2.66015529633, 2.81470561028, 1.96596777439, 1.12111783028, 0.404766708612, 0.145177319646, 0.0359327979386, 0.00623386260122, 0.000803356524557, 4.12111767218e-05], "dmean2": [0.113269463181, 0.936139285564, 1.69003498554, 4.2166390419, 10.8016557693, 8.98364830017, 7.87332439423, 9.69922447205, 16.2103767395, 19.5648174286, 24.0679740906, 13.7985439301, 14.4229259491, 15.1880645752, 11.5383358002, 23.6456565857, 14.6302185059, 20.587644577, 20.095954895, 21.3060951233, 20.0212497711, 20.0702877045, 11.0500764847, 10.5545873642, 13.1492986679, 7.06524801254, 4.07914590836, 5.55878448486, 5.57650470734, 3.8585190773, 3.95229673386, 4.05885410309, 2.87148547173, 1.67504441738, 0.613351166248, 0.224528610706, 0.0556781776249, 0.00983396358788, 0.00127203017473, 6.5077932959e-05], "max": [2.80162096024, 21.4614009857, 51.6947479248, 97.3705062866, 289.723602295, 189.497741699, 242.147094727, 316.447387695, 713.539855957, 1225.63061523, 1762.00866699, 1347.64416504, 1126.80493164, 1131.9453125, 858.843994141, 1067.37634277, 1011.80279541, 763.808532715, 786.985168457, 868.561889648, 1088.12182617, 613.905456543, 434.3644104, 630.399169922, 788.592285156, 496.124176025, 135.319076538, 221.385955811, 185.641616821, 233.876861572, 335.637237549, 362.656646729, 236.221084595, 133.373825073, 38.8597984314, 9.7566947937, 2.22446227074, 0.457542449236, 0.0878471285105, 0.0043124910444], "dvar": [0.0326894931495, 2.31330490112, 4.0816655159, 39.0097084045, 311.542358398, 78.6175003052, 86.9325180054, 136.136077881, 702.883056641, 1203.58056641, 2409.07543945, 957.462402344, 752.720275879, 1156.67053223, 543.651245117, 1464.89025879, 954.700500488, 1165.85180664, 1308.54003906, 1304.26196289, 914.25970459, 666.53137207, 194.930526733, 345.806884766, 438.116821289, 154.014816284, 28.782793045, 57.9413414001, 63.0661506653, 53.7670173645, 72.5582580566, 106.159095764, 51.3139533997, 12.7324571609, 1.07871997356, 0.142585635185, 0.00824828259647, 0.000354396004695, 8.36806248117e-06, 1.68194382866e-08], "mean": [0.149066373706, 1.74902272224, 3.37520623207, 6.37814188004, 11.4074258804, 10.6122493744, 14.3911418915, 13.5845746994, 26.8132858276, 36.3411560059, 66.3239364624, 32.193775177, 28.3122692108, 22.8842086792, 18.1291427612, 42.1789970398, 20.9576129913, 25.6883487701, 25.6238918304, 30.3232593536, 32.4000434875, 30.280921936, 15.7536039352, 14.5092763901, 17.8984107971, 10.2991113663, 6.00795602798, 8.05406093597, 8.14970016479, 5.20180892944, 4.65029144287, 4.6104092598, 3.17433047295, 1.78649103642, 0.637140333652, 0.200527220964, 0.0455664582551, 0.00694304890931, 0.000823708309326, 7.38388989703e-05], "dvar2": [0.0944668725133, 6.65083694458, 11.803524971, 96.1492156982, 754.163269043, 220.629547119, 205.769088745, 352.196868896, 1424.5958252, 2403.49755859, 4328.88867188, 1757.29162598, 1335.80480957, 2407.86791992, 1160.53601074, 2835.73901367, 1825.63183594, 2618.77270508, 2780.58935547, 2867.41967773, 1824.47314453, 1539.54980469, 474.593597412, 774.69317627, 932.309997559, 319.193511963, 67.5988388062, 129.673034668, 136.590286255, 120.545471191, 157.734558105, 199.835464478, 104.677314758, 27.1848754883, 2.26490902901, 0.334972143173, 0.0197987724096, 0.000863269146066, 2.033058081e-05, 4.27853024121e-08], "min": [1.3258852997e-21, 3.35817436069e-21, 1.50082487119e-20, 4.68284037678e-20, 5.98219927055e-20, 1.09755390155e-19, 3.48352277424e-19, 2.57559304879e-19, 8.64252572861e-19, 8.43455287707e-19, 1.36547522041e-18, 1.36359224715e-18, 3.07420433884e-18, 7.39340979817e-18, 6.26502873635e-18, 3.44120224955e-18, 3.73500046631e-18, 1.10032466709e-17, 5.50199887543e-18, 4.58950161373e-18, 7.32398783808e-18, 1.10328059701e-17, 1.30650927821e-17, 1.41088210073e-17, 1.38414274296e-17, 9.18725435407e-18, 2.02630000969e-17, 1.97832700832e-17, 2.00996170367e-17, 3.10068023958e-17, 1.62981397868e-17, 1.87692707293e-17, 1.338882894e-17, 1.0139906685e-17, 9.04339771938e-18, 6.11732405745e-18, 3.48309460488e-18, 1.56294370535e-18, 3.08451928108e-19, 2.77789253992e-20], "var": [0.0384745635092, 3.21111130714, 10.968372345, 61.4080200195, 377.129272461, 167.11026001, 334.833496094, 349.3331604, 2429.921875, 7641.13378906, 33791.828125, 7789.73779297, 5197.37597656, 3891.37792969, 1770.02514648, 5958.79003906, 2813.47290039, 3160.72094727, 3031.90039062, 3821.10058594, 4308.36181641, 1982.20056152, 440.27053833, 789.819946289, 1166.99975586, 534.137878418, 87.0485076904, 173.333435059, 196.727859497, 108.150939941, 143.845062256, 247.407302856, 101.90586853, 25.2766170502, 2.33098983765, 0.21588486433, 0.0101244449615, 0.000375108880689, 8.14016766526e-06, 1.64776459144e-08], "median": [0.100723803043, 1.43025910854, 2.75548887253, 4.4465675354, 6.21706867218, 6.49459409714, 8.66778182983, 7.95280075073, 11.2058887482, 10.1001214981, 12.154499054, 10.9889965057, 10.791929245, 7.64340114594, 8.12180900574, 18.034702301, 7.0508813858, 9.16238021851, 8.24659347534, 10.0805644989, 13.1348457336, 15.4836025238, 9.55394363403, 7.3688325882, 7.52293682098, 4.42312145233, 2.73100233078, 2.94949293137, 2.77035284042, 1.7777299881, 1.30845355988, 0.970013618469, 0.659868240356, 0.407418251038, 0.171285331249, 0.045865342021, 0.00930849462748, 0.0010942122899, 9.67884261627e-05, 4.55518820672e-05]}, "spectral_energy": {"dmean": 0.00556399021298, "dmean2": 0.0087052937597, "max": 0.115665405989, "dvar": 7.32663975214e-05, "mean": 0.0306094028056, "dvar2": 0.000182803138159, "min": 1.09500699305e-20, "var": 0.000322787294863, "median": 0.0317246727645}, "zerocrossingrate": {"dmean": 0.00903872773051, "dmean2": 0.0103813651949, "max": 0.8720703125, "dvar": 0.000176840621862, "mean": 0.0588009729981, "dvar2": 0.000172850021045, "min": 0.0029296875, "var": 0.00512293213978, "median": 0.04833984375}, "spectral_energyband_high": {"dmean": 0.000426606828114, "dmean2": 0.000603228341788, "max": 0.0232752393931, "dvar": 9.10686651423e-07, "mean": 0.000993898953311, "dv