{"tonal": {"hpcp": {"dvar": [0.0411842800677, 0.024842992425, 0.022871049121, 0.0215302407742, 0.0404154285789, 0.0429564528167, 0.0496784225106, 0.0486980117857, 0.0306379050016, 0.0419964008033, 0.0228445027024, 0.0143353389576, 0.0190118663013, 0.0265366975218, 0.0262383874506, 0.0280890185386, 0.0204654708505, 0.0138437161222, 0.0118193635717, 0.0182781256735, 0.0189790837467, 0.0226181484759, 0.0100412890315, 0.00580725306645, 0.00632917555049, 0.00512097822502, 0.00672848150134, 0.0122300805524, 0.0148357218131, 0.0199141949415, 0.0326836034656, 0.0167549364269, 0.0231619551778, 0.0272595323622, 0.0221243426204, 0.039275161922], "var": [0.0914699733257, 0.0382382832468, 0.0206768196076, 0.0193471927196, 0.053246948868, 0.0837824344635, 0.089440099895, 0.0667604580522, 0.0650738105178, 0.0850826576352, 0.0315917246044, 0.00916506908834, 0.0130089428276, 0.0282587762922, 0.0567832067609, 0.0586150325835, 0.0248420424759, 0.0117650320753, 0.0142075121403, 0.0295226462185, 0.0664090067148, 0.0734153464437, 0.0245171729475, 0.00712403981015, 0.00680856686085, 0.0059541137889, 0.0198897793889, 0.0480561777949, 0.0361795984209, 0.0786933153868, 0.140940755606, 0.0381871722639, 0.0340899005532, 0.0530860051513, 0.0298281218857, 0.0701854377985], "median": [0.0102771893144, 0.00537447631359, 0.000758797337767, 0.000619655882474, 0.00110380770639, 0.00850331410766, 0.0157984159887, 0.0106293391436, 0.00626182090491, 0.00172079633921, 0.000987941748463, 0.000696978939231, 0.00059179821983, 0.000685148115736, 0.00434988783672, 0.00912842713296, 0.00629115477204, 0.000995362061076, 0.000529911660124, 0.000519394525327, 0.00121338746976, 0.00133997504599, 0.00118913617916, 0.000584507128224, 0.000400554330554, 0.000849158212077, 0.0024529681541, 0.00273395190015, 0.00460731703788, 0.014558268711, 0.00712924916297, 0.0101606696844, 0.00155674200505, 0.000770477228798, 0.0025829654187, 0.0101925078779], "max": [1, 1, 1, 1, 1, 1, 1, 1, 1, 1, 1, 1, 1, 1, 1, 1, 1, 1, 1, 1, 1, 1, 1, 1, 1, 1, 1, 1, 1, 1, 1, 1, 1, 1, 1, 1], "dmean": [0.102981120348, 0.0730758085847, 0.0459111891687, 0.0479697920382, 0.0791233628988, 0.0930850952864, 0.116400226951, 0.110885038972, 0.0801932662725, 0.0852146521211, 0.0599531382322, 0.0286841522902, 0.0348670966923, 0.0494593903422, 0.0572577193379, 0.0638775154948, 0.0520868375897, 0.0304272510111, 0.0276227630675, 0.0406707711518, 0.0485635697842, 0.0593013241887, 0.0364697612822, 0.0174662694335, 0.015123102814, 0.019400883466, 0.0292603913695, 0.037228949368, 0.049954559654, 0.0663960874081, 0.0687679499388, 0.0605888962746, 0.0553084462881, 0.0578872486949, 0.0648425146937, 0.0994639471173], "dmean2": [0.171938344836, 0.12197124958, 0.0854604095221, 0.0868570357561, 0.138407975435, 0.15740275383, 0.197536334395, 0.190045192838, 0.139038413763, 0.143199697137, 0.100330360234, 0.0529528595507, 0.0631856098771, 0.0888297706842, 0.098492346704, 0.105856798589, 0.0884630158544, 0.0530246533453, 0.0493224151433, 0.0695992708206, 0.0814115032554, 0.0922119095922, 0.0583005063236, 0.030375616625, 0.0262229796499, 0.0334733165801, 0.0481567569077, 0.060226932168, 0.0828945413232, 0.108408927917, 0.118009321392, 0.100861363113, 0.0949745997787, 0.101825982332, 0.108518339694, 0.165196612477], "mean": [0.175578787923, 0.0917892977595, 0.0358663275838, 0.0384916886687, 0.0874426886439, 0.151013806462, 0.175857618451, 0.135193064809, 0.12247081846, 0.135253459215, 0.0713659152389, 0.0207896307111, 0.0255484357476, 0.0511516779661, 0.0978612154722, 0.108736157417, 0.0613752454519, 0.0272595528513, 0.0273034740239, 0.0518866106868, 0.107037216425, 0.122284054756, 0.0610980018973, 0.0181344877928, 0.014109489508, 0.0205469746143, 0.0516627170146, 0.0828892365098, 0.0815015137196, 0.171874538064, 0.230564400554, 0.113952443004, 0.0672269240022, 0.0834659263492, 0.0749082267284, 0.144066020846], "dvar2": [0.102059580386, 0.0645096823573, 0.0621739551425, 0.058319285512, 0.102324798703, 0.105630271137, 0.120546989143, 0.117676086724, 0.0796352028847, 0.100644208491, 0.0556787662208, 0.0405351221561, 0.0545925572515, 0.0743705257773, 0.070494517684, 0.069117680192, 0.0513724163175, 0.0379839204252, 0.0322104245424, 0.0488242655993, 0.0472430475056, 0.0488241165876, 0.0227832905948, 0.0147834997624, 0.0163076650351, 0.0130426734686, 0.0163815263659, 0.0301632974297, 0.0378094613552, 0.0476626716554, 0.0762367174029, 0.0437708236277, 0.0590374842286, 0.0692337974906, 0.0557085126638, 0.0937462002039], "min": [0, 0, 0, 0, 0, 0, 0, 0, 0, 0, 0, 0, 0, 0, 0, 0, 0, 0, 0, 0, 0, 0, 0, 0, 0, 0, 0, 0, 0, 0, 0, 0, 0, 0, 0, 0]}, "key_key": "B", "thpcp": [1, 0.494232594967, 0.291575461626, 0.362006992102, 0.324890673161, 0.624840676785, 0.761517345905, 0.398106992245, 0.155558824539, 0.166945502162, 0.379254937172, 0.654974520206, 0.762726664543, 0.586357057095, 0.531178355217, 0.586619019508, 0.309527039528, 0.0901684314013, 0.110808238387, 0.221854194999, 0.424441993237, 0.471608608961, 0.266195684671, 0.118229672313, 0.118420161307, 0.225041732192, 0.464239984751, 0.530368328094, 0.264993220568, 0.0786525905132, 0.0611954368651, 0.0891159921885, 0.224070653319, 0.359505802393, 0.353486984968, 0.745451331139], "chords_key": "G", "tuning_equal_tempered_deviation": 0.0862347185612, "tuning_frequency": 436.204162598, "tuning_diatonic_strength": 0.610012173653, "chords_histogram": [1.75438594818, 1.98830413818, 0.292397648096, 4.44444465637, 1.98830413818, 1.11111116409, 0.526315808296, 1.57894742489, 1.92982459068, 1.28654968739, 2.33918118477, 2.45614027977, 1.98830413818, 15.1461992264, 2.45614027977, 0.116959065199, 24.1520462036, 12.2807016373, 7.95321655273, 0.81871342659, 4.09356737137, 2.45614027977, 4.56140327454, 2.28070163727], "key_strength": 0.688447713852, "key_scale": "major", "chords_strength": {"dvar": 0.00121693848632, "var": 0.0401447862387, "median": 0.518934190273, "max": 0.820022463799, "dmean": 0.0124282445759, "dmean2": 0.0119880642742, "mean": 0.499928504229, "dvar2": 0.0024244308006, "min": -1}, "chords_number_rate": 0.0116959065199, "tuning_nontempered_energy_ratio": 0.753817439079, "hpcp_entropy": {"dvar": 0.240229934454, "var": 0.734623849392, "median": 1.3606133461, "max": 4.14642572403, "dmean": 0.489167243242, "dmean2": 0.813697814941, "mean": 1.38731944561, "dvar2": 0.576167881489, "min": 0}, "chords_changes_rate": 0.0771929845214, "chords_scale": "major"}, "rhythm": {"bpm_histogram_first_peak_spread": {"dvar": 0, "var": 0, "median": 0.485294103622, "max": 0.485294103622, "dmean": 0, "dmean2": 0, "mean": 0.485294103622, "dvar2": 0, "min": 0.485294103622}, "bpm_histogram_first_peak_weight": {"dvar": 0, "var": 0, "median": 0.213414639235, "max": 0.213414639235, "dmean": 0, "dmean2": 0, "mean": 0.213414639235, "dvar2": 0, "min": 0.213414639235}, "bpm_histogram_first_peak_bpm": {"dvar": 0, "var": 0, "median": 140, "max": 140, "dmean": 0, "dmean2": 0, "mean": 140, "dvar2": 0, "min": 140}, "bpm": 139.335494995, "bpm_histogram_second_peak_weight": {"dvar": 0, "var": 0, "median": 0.0853658542037, "max": 0.0853658542037, "dmean": 0, "dmean2": 0, "mean": 0.0853658542037, "dvar2": 0, "min": 0.0853658542037}, "beats_loudness": {"dvar": 0.000503013958223, "var": 0.000584468885791, "median": 0.0194149501622, "max": 0.121249563992, "dmean": 0.019985307008, "dmean2": 0.0363698191941, "mean": 0.0252275504172, "dvar2": 0.00166225247085, "min": 0}, "beats_loudness_band_ratio": {"dvar": [0.0363394655287, 0.0416107550263, 0.0245108380914, 0.0126606272534, 0.000947952154092, 0.0459567904472], "var": [0.057051692158, 0.0709871277213, 0.0297761913389, 0.0120494933799, 0.00062610040186, 0.0271530374885], "median": [0.198375597596, 0.635599672794, 0.0965313687921, 0.00845888908952, 0.00419095531106, 0.00213383208029], "max": [0.915412902832, 0.978090643883, 0.850484192371, 0.823714733124, 0.211672693491, 0.991014242172], "dmean": [0.215294912457, 0.246607288718, 0.144149214029, 0.0701985433698, 0.0139666944742, 0.0749112665653], "dmean2": [0.369649082422, 0.443520992994, 0.253923922777, 0.124642141163, 0.025562480092, 0.145528927445], "mean": [0.262181967497, 0.606315732002, 0.154609039426, 0.0560355857015, 0.0118785249069, 0.0466969721019], "dvar2": [0.0912127196789, 0.120644904673, 0.0715967938304, 0.0322539955378, 0.00270327576436, 0.141080588102], "min": [0, 0, 0, 0, 0, 0]}, "bpm_histogram_second_peak_bpm": {"dvar": 0, "var": 0, "median": 110, "max": 110, "dmean": 0, "dmean2": 0, "mean": 110, "dvar2": 0, "min": 110}, "onset_rate": 2.31803965569, "beats_count": 165, "beats_position": [0.487619042397, 0.986848056316, 1.45124709606, 1.91564619541, 2.38004541397, 2.8444442749, 3.28562355042, 3.72680258751, 4.1679816246, 4.60916090012, 5.0387301445, 5.46829938889, 5.89786815643, 6.33904743195, 6.78022670746, 7.22140598297, 7.65097475052, 8.08054447174, 8.52172279358, 8.96290206909, 9.4040813446, 9.83365058899, 10.2632198334, 10.6811790466, 11.0991382599, 11.5170974731, 12.0163259506, 12.5271654129, 13.0496139526, 13.6185035706, 14.1873922348, 14.7446708679, 15.3251695633, 15.9288883209, 16.50938797, 17.0898857117, 17.6703853607, 18.2624931335, 18.8313827515, 19.4002723694, 19.96916008, 20.5264396667, 21.0837192535, 21.6293869019, 22.1750564575, 22.7323360443, 23.2896137238, 23.8468933105, 24.3925609589, 24.9614505768, 25.5187301636, 26.0527877808, 26.5868473053, 27.132516861, 27.6781845093, 28.2122440338, 28.711473465, 29.2107028961, 29.7215423584, 30.2207698822, 30.7316093445, 31.2308387756, 31.7300682068, 32.2292976379, 32.7053070068, 33.1929244995, 33.6805419922, 34.2262115479, 34.7718811035, 35.329158783, 35.8748283386, 36.4204978943, 36.96616745, 37.5002250671, 38.0458946228, 38.5915641785, 39.1372337341, 39.6829032898, 40.2053489685, 40.7277984619, 41.2502479553, 41.7726974487, 42.2951469421, 42.8175964355, 43.3284339905, 43.8392753601, 44.350112915, 44.919002533, 45.4878921509, 46.0567779541, 46.5443992615, 47.0204086304, 47.508026123, 47.9956436157, 48.4832649231, 48.9708824158, 49.4120635986, 49.841632843, 50.2712020874, 50.7007713318, 51.1187286377, 51.5482978821, 51.9894790649, 52.4190483093, 52.8486175537, 53.2665748596, 53.696144104, 54.1257133484, 54.5552825928, 54.9848518372, 55.4260292053, 55.8555984497, 56.2967796326, 56.7031288147, 57.1210861206, 57.5390472412, 57.9686164856, 58.3865737915, 58.8161430359, 59.2457122803, 59.6752815247, 60.104850769, 60.5460319519, 60.9639892578, 61.3819503784, 61.8115196228, 62.2410888672, 62.6358261108, 63.042175293, 63.4601364136, 63.8780937195, 64.2960510254, 64.7256240845, 65.1551895142, 65.5847625732, 66.0143280029, 66.4671173096, 66.9431304932, 67.4075241089, 67.871925354, 68.3363265991, 68.7310638428, 69.1374130249, 69.543762207, 69.9733352661, 70.4029006958, 70.844078064, 71.2852630615, 71.7264404297, 72.1676177979, 72.608795166, 72.9570999146, 73.3053970337, 73.6536941528, 74.001991272, 74.4315643311, 74.8611297607, 75.2907028198, 75.7202682495, 76.2078933716, 76.6955108643, 77.1831283569, 77.6707458496, 78.1699752808, 78.6808166504], "danceability": 0.975897014141, "bpm_histogram_second_peak_spread": {"dvar": 0, "var": 0, "median": 0.461538434029, "max": 0.461538434029, "dmean": 0, "dmean2": 0, "mean": 0.461538434029, "dvar2": 0, "min": 0.461538434029}}, "lowlevel": {"spectral_flux": {"dvar": 0.000463243195554, "var": 0.00105115748011, "median": 0.0284732468426, "max": 0.262190699577, "dmean": 0.0157657768577, "dmean2": 0.0256107952446, "mean": 0.037299670279, "dvar2": 0.00119623471983, "min": 6.34160085555e-11}, "spectral_rolloff": {"dvar": 1031720.8125, "var": 15823062, "median": 452.197265625, "max": 19767.4804688, "dmean": 206.4737854, "dmean2": 363.226806641, "mean": 1592.31140137, "dvar2": 2697187.75, "min": 193.798828125}, "barkbands_flatness_db": {"dvar": 0.000774468586314, "var": 0.00627318723127, "median": 0.278465092182, "max": 0.507221221924, "dmean": 0.0225658342242, "dmean2": 0.0327406004071, "mean": 0.275293499231, "dvar2": 0.00150790042244, "min": 0.0558682605624}, "spectral_centroid": {"dvar": 102809.070312, "var": 3102768.75, "median": 383.80960083, "max": 11832.1152344, "dmean": 88.8345718384, "dmean2": 132.832382202, "mean": 811.612304688, "dvar2": 186785.765625, "min": 199.352432251}, "melbands_skewness": {"dvar": 1.2035074234, "var": 7.32515621185, "median": 3.20297002792, "max": 20.126247406, "dmean": 0.816992044449, "dmean2": 1.18516635895, "mean": 3.65782046318, "dvar2": 2.73488163948, "min": -3.9616086483}, "melbands": {"dvar": [1.50251842218e-11, 3.10077546972e-10, 4.28908350614e-07, 3.50050459019e-06, 3.59053586863e-07, 6.83490739561e-08, 1.59556492463e-08, 9.92125279708e-08, 5.36979669619e-08, 1.27728966959e-07, 1.26010405666e-07, 1.53911265954e-08, 1.2410271033e-08, 1.46571899062e-09, 9.60255208682e-10, 6.01578897808e-10, 1.09233892764e-10, 4.94361940273e-10, 9.34060190305e-11, 5.46819403993e-12, 1.61643062217e-12, 1.36016621143e-12, 2.60481805396e-12, 1.17715663606e-11, 5.96065731495e-12, 9.32899504175e-12, 2.72019750475e-11, 5.11426274594e-12, 7.40383448994e-11, 1.16337627032e-10, 1.06546500789e-10, 1.89690513297e-10, 6.01435958328e-12, 2.78080987057e-12, 2.30502249232e-12, 1.14007436304e-12, 1.95852752419e-12, 3.21793286462e-12, 3.57810526e-12, 2.97924293742e-12], "var": [7.77102063254e-11, 1.69605929301e-09, 1.20636991596e-06, 8.99559745449e-06, 2.45756746153e-06, 6.07385004514e-07, 8.32759781133e-08, 3.11045113222e-07, 2.77754082845e-07, 1.05023423203e-06, 1.37477195494e-06, 5.48895400243e-07, 1.2129106608e-07, 2.04905585832e-08, 3.54304630079e-09, 2.68322430941e-09, 4.7867471098e-10, 2.9168476523e-09, 1.16600284983e-09, 2.17715151463e-11, 5.02781930672e-12, 2.86229481956e-12, 6.75087546628e-12, 2.71604214813e-11, 1.85604084185e-11, 1.6118497162e-11, 3.44560456556e-11, 1.12409127145e-11, 1.03317965294e-10, 3.79545922469e-10, 2.37653730029e-10, 2.10307368742e-10, 1.25456017103e-11, 8.63368578019e-12, 5.81187528659e-12, 4.50440032496e-12, 8.23956614743e-12, 1.46949726693e-11, 1.89644567411e-11, 1.94447600382e-11], "median": [3.12805639169e-07, 3.89825163438e-06, 0.000314045522828, 0.0012083160691, 0.00063555239467, 3.61010497727e-05, 3.26827430399e-05, 1.89651600522e-05, 5.11576172357e-06, 8.04461342341e-06, 4.15987733504e-06, 2.43027534452e-06, 3.28570854435e-06, 1.59784440257e-06, 1.73560169969e-06, 1.10115297502e-06, 1.18082436984e-06, 1.41645500662e-06, 9.14008239761e-07, 3.74048738649e-07, 2.50326706919e-07, 1.75572495209e-07, 1.3442711122e-07, 1.80121446647e-07, 1.23309078504e-07, 7.17599419886e-08, 6.67863417902e-08, 1.16707234099e-07, 9.56777057581e-08, 4.85790394578e-08, 6.35359711509e-08, 2.68254964908e-08, 3.60482843575e-09, 2.54629872742e-09, 2.81115841716e-09, 9.57520196465e-09, 2.29540102481e-08, 5.23816119369e-08, 4.26649897634e-08, 2.07053201251e-08], "max": [8.91209056135e-05, 0.000496459484566, 0.0145651735365, 0.0447394959629, 0.0125031303614, 0.00689420290291, 0.00498742749915, 0.00947844050825, 0.00682872207835, 0.0211955923587, 0.0176360178739, 0.012057967484, 0.00554464058951, 0.00150177360047, 0.00136646733154, 0.00112012540922, 0.000314827746479, 0.0012588336831, 0.000506101700012, 6.41564402031e-05, 4.3392443331e-05, 2.36530377151e-05, 5.04678937432e-05, 0.000191304148757, 0.000140186733915, 0.000122632583953, 0.000204565090826, 8.61544249346e-05, 0.0002851592144, 0.000635632371996, 0.000597207981627, 0.000603364780545, 0.000131986977067, 5.75490412302e-05, 6.35931355646e-05, 4.29535284638e-05, 5.32653539267e-05, 8.8646876975e-05, 0.000114984228276, 0.00010215427028], "dmean": [1.4149738945e-06, 7.29459816284e-06, 0.000263793772319, 0.00090479379287, 0.000345149077475, 9.48883098317e-05, 4.64408549306e-05, 7.37050067983e-05, 4.84516167489e-05, 7.44963545003e-05, 6.45635009278e-05, 2.7940273867e-05, 1.97155786736e-05, 8.5177280198e-06, 6.56715610603e-06, 4.22474613515e-06, 3.10038990392e-06, 4.9355480769e-06, 2.53838311437e-06, 7.65161132676e-07, 4.16569776007e-07, 3.23902582977e-07, 3.60647760544e-07, 5.8214021692e-07, 3.52983931862e-07, 3.17465151056e-07, 4.46556413181e-07, 3.55030010724e-07, 7.89393993728e-07, 7.91835987002e-07, 9.12750124371e-07, 8.86633756636e-07, 1.87177008115e-07, 1.91792551618e-07, 1.44206637742e-07, 1.34291909148e-07, 1.7746260994e-07, 2.59024716343e-07, 2.2099639807e-07, 1.64136139347e-07], "dmean2": [2.05924629881e-06, 1.1561151041e-05, 0.00036735937465, 0.00131236691959, 0.000492071267217, 0.000125948907225, 6.21461731498e-05, 9.67741871136e-05, 6.02617074037e-05, 7.6318581705e-05, 7.0156325819e-05, 2.70168002316e-05, 2.19463126996e-05, 1.02208423414e-05, 8.15184739622e-06, 5.05315256305e-06, 4.36807113147e-06, 6.49081584925e-06, 3.56507030119e-06, 1.13235887511e-06, 6.3403143713e-07, 4.97623773299e-07, 5.38210656487e-07, 8.66892492013e-07, 5.33421371074e-07, 4.9550010317e-07, 6.91326192737e-07, 5.59932288979e-07, 1.24783423416e-06, 1.24684902403e-06, 1.33675007419e-06, 1.50113214659e-06, 3.17749680789e-07, 2.8494793014e-07, 2.15014495097e-07, 1.73909484147e-07, 2.58266823039e-07, 3.57422010211e-07, 3.20756896599e-07, 2.42863563926e-07], "mean": [3.66702306565e-06, 2.05528922379e-05, 0.000664520601276, 0.00220121117309, 0.00123380217701, 0.000340782047715, 0.000133473746246, 0.000188011792488, 0.00017148751067, 0.000262230634689, 0.000277849234408, 0.000147689323057, 7.68962563598e-05, 3.3449534385e-05, 1.75253462658e-05, 1.0053116057e-05, 8.27155690786e-06, 1.30163452923e-05, 7.81616836321e-06, 1.77380331934e-06, 9.13005408165e-07, 6.5152408979e-07, 7.75653575147e-07, 1.27690657337e-06, 7.30920987735e-07, 5.11141422521e-07, 6.50059860163e-07, 6.42368377157e-07, 1.11080873921e-06, 1.5256792949e-06, 1.39885253247e-06, 1.17733532079e-06, 3.11199357839e-07, 3.13665481144e-07, 2.45213925609e-07, 2.55473480593e-07, 3.72616199229e-07, 5.32342596671e-07, 4.89680871851e-07, 4.02252425147e-07], "dvar2": [2.64905510722e-11, 7.90159659925e-10, 9.50899277541e-07, 7.37251775718e-06, 7.30990279862e-07, 1.24755928255e-07, 2.87410255595e-08, 1.66322195128e-07, 1.08668771759e-07, 1.318152556e-07, 1.2233337543e-07, 1.45928122919e-08, 1.61428825862e-08, 1.66378399946e-09, 1.42344536158e-09, 7.12639391942e-10, 2.26382787516e-10, 6.70484445742e-10, 1.39518605002e-10, 9.85418691091e-12, 3.4774446777e-12, 3.42772359975e-12, 5.65111065581e-12, 2.39194410806e-11, 1.43933007873e-11, 2.13867534793e-11, 7.25587923078e-11, 1.20592919331e-11, 1.93348392852e-10, 2.52912746301e-10, 1.9797899431e-10, 5.50929635246e-10, 1.72093745504e-11, 6.41605258506e-12, 5.33720984075e-12, 2.24719526841e-12, 4.11385986041e-12, 6.28915019021e-12, 7.7468717205e-12, 5.40838597865e-12], "min": [6.81763866829e-25, 7.39680111642e-25, 1.47697756753e-24, 1.27916339858e-24, 2.2849748578e-24, 1.76834294844e-24, 1.65350767761e-24, 2.08236106189e-24, 1.30989830692e-24, 1.69141481069e-24, 2.16891290826e-24, 2.26759309662e-24, 1.08764384662e-24, 1.78052572183e-24, 1.92842333649e-24, 3.01483054503e-24, 3.00210621863e-24, 2.88181183312e-24, 3.39470395015e-24, 5.3764045856e-24, 3.2731773639e-24, 3.75800516258e-24, 3.79308659589e-24, 2.34923172005e-24, 3.91610314317e-24, 4.12031043811e-24, 4.04608257124e-24, 5.60467489916e-24, 4.50871083796e-24, 5.64826380291e-24, 5.38303417264e-24, 5.36080998879e-24, 5.90633294273e-24, 5.00484202734e-24, 5.23312851255e-24, 4.54878733853e-24, 6.47026357146e-24, 6.04241105445e-24, 6.61975310743e-24, 6.58181639207e-24]}, "spectral_decrease": {"dvar": 4.71352700682e-18, "var": 2.67804669854e-17, "median": -3.7851268786e-09, "max": 1.64150404665e-18, "dmean": 1.26528643118e-09, "dmean2": 1.74649084084e-09, "mean": -5.04573582916e-09, "dvar2": 9.16328431428e-18, "min": -4.72496743953e-08}, "barkbands_kurtosis": {"dvar": 7624.984375, "var": 20109.4082031, "median": 22.8502292633, "max": 2885.54272461, "dmean": 27.6138496399, "dmean2": 40.9926605225, "mean": 62.0209083557, "dvar2": 16497.640625, "min": -1.92044508457}, "silence_rate_30dB": {"dvar": 0.00465920055285, "var": 0.010131762363, "median": 1, "max": 1, "dmean": 0.00468110013753, "dmean2": 0.00936494022608, "mean": 0.989763081074, "dvar2": 0.0104478755966, "min": 0}, "gfcc": {"mean": [-162.109619141, 98.2898254395, -79.744682312, -18.9516239166, -63.2972640991, -20.223608017, -55.6469993591, -17.6714630127, -46.1863708496, -10.5218276978, -24.3270244598, -15.5311307907, -4.20153999329], "cov": [[38922.6992188, 4301.36474609, -4978.54052734, -1131.79296875, -3080.54614258, -314.68069458, -1826.90771484, -500.260925293, -2038.03771973, -881.318908691, -943.597412109, -1150.92700195, 458.744476318], [4301.36474609, 2000.1706543, -407.511871338, -660.529846191, -18.1340293884, -170.344390869, -200.457748413, -217.021697998, -291.466369629, -247.912979126, -80.3917160034, -221.728256226, 7.11126661301], [-4978.54052734, -407.511871338, 1553.61401367, 368.544555664, 477.801116943, -19.1542224884, 109.853660583, -12.2892007828, 302.989074707, 191.313980103, 85.574546814, 224.337692261, -252.205871582], [-1131.79296875, -660.529846191, 368.544555664, 706.591491699, 192.373580933, -24.9472579956, 31.3683757782, -18.1448326111, 112.624435425, 103.558227539, -55.8790397644, 116.960868835, -89.9387588501], [-3080.54614258, -18.1340293884, 477.801116943, 192.373580933, 645.38104248, -48.9691886902, 117.647987366, -56.5777397156, 157.762130737, 45.5667495728, 25.1325969696, 154.762756348, -114.143096924], [-314.68069458, -170.344390869, -19.1542224884, -24.9472579956, -48.9691886902, 269.844146729, 134.31652832, 67.9494552612, -2.02675843239, 2.99874544144, 37.8436126709, -45.8008880615, 24.6839580536], [-1826.90771484, -200.457748413, 109.853660583, 31.3683757782, 117.647987366, 134.31652832, 300.167297363, 83.5724182129, 70.3568572998, 29.4084606171, 63.7335357666, 30.8928127289, -7.21439027786], [-500.260925293, -217.021697998, -12.2892007828, -18.1448326111, -56.5777397156, 67.9494552612, 83.5724182129, 230.269058228, 100.827026367, 15.2549934387, 20.2075710297, -12.2522506714, 33.0536460876], [-2038.03771973, -291.466369629, 302.989074707, 112.624435425, 157.762130737, -2.02675843239, 70.3568572998, 100.827026367, 251.58404541, 93.6128768921, 24.2406578064, 70.6486968994, -42.2645797729], [-881.318908691, -247.912979126, 191.313980103, 103.558227539, 45.5667495728, 2.99874544144, 29.4084606171, 15.2549934387, 93.6128768921, 133.847473145, 35.114364624, 36.617149353, -44.6682395935], [-943.597412109, -80.3917160034, 85.574546814, -55.8790397644, 25.1325969696, 37.8436126709, 63.7335357666, 20.2075710297, 24.2406578064, 35.114364624, 129.707199097, 28.103105545, 2.23651075363], [-1150.92700195, -221.728256226, 224.337692261, 116.960868835, 154.762756348, -45.8008880615, 30.8928127289, -12.2522506714, 70.6486968994, 36.617149353, 28.103105545, 164.952728271, -36.9925727844], [458.744476318, 7.11126661301, -252.205871582, -89.9387588501, -114.143096924, 24.6839580536, -7.21439027786, 33.0536460876, -42.2645797729, -44.6682395935, 2.23651075363, -36.9925727844, 136.307281494]], "icov": [[0.000332194002112, -0.00083397742128, 0.000694426998962, -0.000724563957192, 0.0010636424413, -0.000683805032168, 0.00111747288611, -0.000709295039997, 0.0011250161333, -0.000791868485976, 0.00088334758766, -0.000962687307037, 0.000791541358922], [-0.00083397742128, 0.00357349659316, -0.00185678433627, 0.00303451973014, -0.0033236022573, 0.0025905512739, -0.00272429268807, 0.00245597911999, -0.00231090676971, 0.0033645639196, -0.00183460500557, 0.00416133087128, -0.00125953613315], [0.000694426998962, -0.00185678433627, 0.00282124942169, -0.00181330961641, 0.00199607084505, -0.00178124546073, 0.00250446680002, -0.00132542639039, 0.00140049378388, -0.00198573525995, 0.0011875317432, -0.00277061550878, 0.00324352830648], [-0.000724563957192, 0.00303451973014, -0.00181330961641, 0.00468277139589, -0.00304238800891, 0.001986235613, -0.00251003657468, 0.00212444667704, -0.00187848112546, 0.00137334666215, 0.000203722156584, 0.00244067562744, -0.00101385696325], [0.0010636424413, -0.0033236022573, 0.00199607084505, -0.00304238800891, 0.00667792139575, -0.00214433693327, 0.00230887508951, -0.00106842303649, 0.001604406978, -0.00161968066823, 0.00258643389679, -0.00502655096352, 0.00320130027831], [-0.000683805032168, 0.0025905512739, -0.00178124546073, 0.001986235613, -0.00214433693327, 0.00762383779511, -0.00484364619479, 0.00113955652341, -0.00131680688355, 0.0024138726294, -0.00237834453583, 0.00487943086773, -0.00178199214861], [0.00111747288611, -0.00272429268807, 0.00250446680002, -0.00251003657468, 0.00230887508951, -0.00484364619479, 0.00953649170697, -0.00388420256786, 0.00380074372515, -0.00269851996563, 0.00136239652056, -0.00369062763639, 0.00288646155968], [-0.000709295039997, 0.00245597911999, -0.00132542639039, 0.00212444667704, -0.00106842303649, 0.00113955652341, -0.00388420256786, 0.00944040343165, -0.00683452142403, 0.00387421110645, -0.00197835988365, 0.00328133488074, -0.00231409701519], [0.0011250161333, -0.00231090676971, 0.00140049378388, -0.00187848112546, 0.001604406978, -0.00131680688355, 0.00380074372515, -0.00683452142403, 0.0137953842059, -0.00714593986049, 0.00437586940825, -0.0035318613518, 0.00203206436709], [-0.000791868485976, 0.0033645639196, -0.00198573525995, 0.00137334666215, -0.00161968066823, 0.0024138726294, -0.00269851996563, 0.00387421110645, -0.00714593986049, 0.0166393984109, -0.00557131879032, 0.0043257814832, 0.00134822062682], [0.00088334758766, -0.00183460500557, 0.0011875317432, 0.000203722156584, 0.00258643389679, -0.00237834453583, 0.00136239652056, -0.00197835988365, 0.00437586940825, -0.00557131879032, 0.013759708032, -0.00437107356265, 0.000721929187421], [-0.000962687307037, 0.00416133087128, -0.00277061550878, 0.00244067562744, -0.00502655096352, 0.00487943086773, -0.00369062763639, 0.00328133488074, -0.0035318613518, 0.0043257814832, -0.00437107356265, 0.0147931780666, -0.00216810405254], [0.000791541358922, -0.00125953613315, 0.00324352830648, -0.00101385696325, 0.00320130027831, -0.00178199214861, 0.00288646155968, -0.00231409701519, 0.00203206436709, 0.00134822062682, 0.000721929187421, -0.00216810405254, 0.0142596084625]]}, "silence_rate_20dB": {"dvar": 0, "var": 0, "median": 1, "max": 1, "dmean": 0, "dmean2": 0, "mean": 1, "dvar2": 0, "min": 1}, "barkbands_skewness": {"dvar": 3.5317568779, "var": 19.1911697388, "median": 3.76824116707, "max": 49.7228813171, "dmean": 1.11215126514, "dmean2": 1.60922563076, "mean": 4.42400598526, "dvar2": 7.37873601913, "min": -7.27378845215}, "erbbands_skewness": {"dvar": 0.555355072021, "var": 3.37633371353, "median": 1.5946662426, "max": 11.715880394, "dmean": 0.498407363892, "dmean2": 0.721951067448, "mean": 1.80986559391, "dvar2": 1.07401502132, "min": -7.95780992508}, "spectral_contrast_valleys": {"dvar": [0.1706879884, 0.121303699911, 0.120999872684, 0.122455373406, 0.135194420815, 0.125577375293], "var": [8.84063053131, 10.2414703369, 9.7196969986, 9.31622505188, 9.0661611557, 6.99884939194], "median": [-9.90257644653, -8.23578548431, -8.91414928436, -9.29915904999, -9.38837814331, -11.7202939987], "max": [-7.34510374069, -5.53963470459, -6.39980316162, -7.40050983429, -6.63132667542, -7.39295244217], "dmean": [0.437463998795, 0.327957391739, 0.331500172615, 0.282311558723, 0.257343322039, 0.228467643261], "dmean2": [0.716021060944, 0.504713952541, 0.517395794392, 0.42798012495, 0.360607981682, 0.306701004505], "mean": [-10.2770748138, -8.83516025543, -9.54550266266, -9.93529129028, -10.0473098755, -12.1937942505], "dvar2": [0.385711401701, 0.240159645677, 0.235553875566, 0.223583713174, 0.218155667186, 0.185040339828], "min": [-28.1453838348, -27.943655014, -27.7544174194, -27.7238464355, -27.5106468201, -27.4297599792]}, "spectral_strongpeak": {"dvar": 0.383917301893, "var": 1.86934125423, "median": 0.824100375175, "max": 14.996462822, "dmean": 0.327857136726, "dmean2": 0.529302000999, "mean": 1.15778470039, "dvar2": 0.858800888062, "min": 0}, "erbbands_crest": {"dvar": 6.4278678894, "var": 35.1995277405, "median": 14.5879039764, "max": 32.4975280762, "dmean": 2.28249764442, "dmean2": 3.38354635239, "mean": 15.3226242065, "dvar2": 15.6678724289, "min": 2.4609003067}, "barkbands_crest": {"dvar": 4.73931694031, "var": 34.4155578613, "median": 17.0825710297, "max": 26.9210071564, "dmean": 1.91726469994, "dmean2": 2.84713816643, "mean": 16.6576423645, "dvar2": 11.0251760483, "min": 4.33201122284}, "spectral_energyband_middle_low": {"dvar": 6.78467913531e-05, "var": 0.000304183544358, "median": 0.0134766446427, "max": 0.180968746543, "dmean": 0.0047579263337, "dmean2": 0.00659612892196, "mean": 0.0174924638122, "dvar2": 0.000133083725814, "min": 1.78917263132e-22}, "spectral_contrast_coeffs": {"dvar": [0.00122739432845, 0.00131627661176, 0.00111193279736, 0.000508286932018, 0.00029856202309, 0.000235540530412], "var": [0.0247624982148, 0.0140594979748, 0.0155132794753, 0.00592659460381, 0.00275238137692, 0.00266180606559], "median": [-0.367834836245, -0.63409614563, -0.713654994965, -0.779489040375, -0.816893339157, -0.804005265236], "max": [-0.183769732714, -0.319855183363, -0.312956154346, -0.500295639038, -0.577640175819, -0.641721248627], "dmean": [0.0376718975604, 0.0370580777526, 0.0335444249213, 0.0253815092146, 0.0181664247066, 0.0153292529285], "dmean2": [0.0607304796576, 0.0555282980204, 0.0503519959748, 0.0390985496342, 0.0279396977276, 0.0234040133655], "mean": [-0.410296112299, -0.634738087654, -0.709154963493, -0.776101112366, -0.819236040115, -0.811950325966], "dvar2": [0.00293948547915, 0.00257031386718, 0.00208507431671, 0.00109441159293, 0.000622536579613, 0.000482202594867], "min": [-0.9749532938, -0.981429696083, -0.974537909031, -0.969854831696, -0.968065202236, -0.964178085327]}, "hfc": {"dvar": 29.9564418793, "var": 263.26083374, "median": 5.32529449463, "max": 222.147445679, "dmean": 2.1898150444, "dmean2": 2.82712078094, "mean": 9.71210289001, "dvar2": 51.641910553, "min": 1.07430240874e-16}, "spectral_energyband_high": {"dvar": 4.96650557125e-07, "var": 2.527460083e-06, "median": 2.09350710065e-05, "max": 0.0333203077316, "dmean": 8.31665020087e-05, "dmean2": 0.00012279546354, "mean": 0.000204004434636, "dvar2": 1.01857244772e-06, "min": 6.81347054973e-21}, "erbbands_spread": {"dvar": 93.8315887451, "var": 495.93637085, "median": 14.3506231308, "max": 145.668365479, "dmean": 4.61546850204, "dmean2": 6.95449638367, "mean": 20.5362033844, "dvar2": 222.429763794, "min": 0.7619612813}, "dissonance": {"dvar": 0.00103200774174, "var": 0.00446439860389, "median": 0.380658358335, "max": 0.499852389097, "dmean": 0.0337115935981, "dmean2": 0.0560518018901, "mean": 0.381842195988, "dvar2": 0.00264580058865, "min": 0.169019728899}, "spectral_kurtosis": {"dvar": 38.4439048767, "var": 194.415313721, "median": 11.7973871231, "max": 107.097450256, "dmean": 4.06452608109, "dmean2": 6.29115486145, "mean": 15.7462797165, "dvar2": 82.7146148682, "min": -1.27445054054}, "spectral_skewness": {"dvar": 0.243025511503, "var": 1.86865782738, "median": 2.92515420914, "max": 8.97886943817, "dmean": 0.372094124556, "dmean2": 0.553414821625, "mean": 3.08668923378, "dvar2": 0.475439280272, "min": -0.0978770107031}, "pitch_salience": {"dvar": 0.00408825092018, "var": 0.0262552499771, "median": 0.437586635351, "max": 0.945557832718, "dmean": 0.0556671507657, "dmean2": 0.0836533457041, "mean": 0.434430330992, "dvar2": 0.0090055372566, "min": 0.0360888391733}, "spectral_complexity": {"dvar": 1.125005126, "var": 8.8141078949, "median": 5, "max": 19, "dmean": 0.823288500309, "dmean2": 1.33274805546, "mean": 5.28283119202, "dvar2": 2.28062677383, "min": 0}, "spectral_spread": {"dvar": 876956155904, "var": 38303550144500.0, "median": 3630473, "max": 42353892, "dmean": 490202.1875, "dmean2": 740402.9375, "mean": 5093372.5, "dvar2": 1777923653630.0, "min": 1071338}, "dynamic_complexity": 5.24975013733, "melbands_crest": {"dvar": 6.85848665237, "var": 43.0324287415, "median": 18.9996700287, "max": 34.8070487976, "dmean": 2.40313076973, "dmean2": 3.61646723747, "mean": 18.9330844879, "dvar2": 15.951292038, "min": 1.64364337921}, "zerocrossingrate": {"dvar": 0.000228291231906, "var": 0.00993923470378, "median": 0.02099609375, "max": 0.52392578125, "dmean": 0.00609037280083, "dmean2": 0.00734365265816, "mean": 0.0515854358673, "dvar2": 0.0003079205635, "min": 0.00830078125}, "spectral_energyband_low": {"dvar": 3.64386849583e-08, "var": 2.5909400847e-07, "median": 6.1525766796e-05, "max": 0.00841213669628, "dmean": 7.934718451e-05, "dmean2": 0.000120848759252, "mean": 0.00026385782985, "dvar2": 9.87686590292e-08, "min": 8.41368828136e-24}, "melbands_kurtosis": {"dvar": 888.835571289, "var": 2847.53295898, "median": 23.3184127808, "max": 662.017456055, "dmean": 16.0139732361, "dmean2": 24.3544921875, "mean": 40.5850105286, "dvar2": 2039.3260498, "min": -1.88212203979}, "spectral_energyband_middle_high": {"dvar": 1.98906309379e-06, "var": 5.59233922104e-05, "median": 0.000233113925788, "max": 0.0975360944867, "dmean": 0.000432060391176, "dmean2": 0.00048667282681, "mean": 0.00227018166333, "dvar2": 2.53870825873e-06, "min": 1.04719389378e-21}, "barkbands_spread": {"dvar": 37.2944068909, "var": 412.549926758, "median": 3.80009102821, "max": 136.916015625, "dmean": 2.13564586639, "dmean2": 3.33052158356, "mean": 9.42227935791, "dvar2": 85.9880371094, "min": 0.0794093161821}, "mfcc": {"mean": [-810.281311035, 150.356491089, 14.0548877716, -0.723159909248, -2.26227235794, -18.065410614, -4.90050792694, -32.3242683411, -12.1634836197, -19.3255519867, -21.9300079346, -14.8236026764, -25.7837333679], "cov": [[12692.0361328, 1945.74023438, -1045.14794922, -908.956176758, -639.515136719, -851.861572266, 434.75, -844.797607422, 181.80078125, -291.50012207, -632.340820312, -419.843475342, -1187.94628906], [1945.74023438, 2783.19506836, -57.9057388306, -297.124603271, 92.4304580688, -188.155517578, 13.8469114304, -257.30758667, -204.369262695, -180.172225952, -229.419723511, -136.572021484, -230.146118164], [-1045.14794922, -57.9057388306, 852.648986816, 208.153640747, 101.009483337, 135.333892822, -84.6261367798, 57.8781356812, -48.3320503235, 50.7934799194, 77.5182495117, 111.902412415, 159.510971069], [-908.956176758, -297.124603271, 208.153640747, 669.783203125, 210.716247559, 222.730010986, -154.447769165, 118.413902283, -5.38238096237, -22.133480072, 68.4501800537, 60.6655845642, 215.034469604], [-639.515136719, 92.4304580688, 101.009483337, 210.716247559, 292.717193604, 96.2162628174, -90.2529449463, 73.4013137817, -1.29900240898, 18.2104225159, 22.969379425, 42.3009223938, 94.47315979], [-851.861572266, -188.155517578, 135.333892822, 222.730010986, 96.2162628174, 342.270355225, 19.8618431091, 115.198150635, -41.8326683044, 29.5102863312, 58.2229385376, 33.5736694336, 145.16506958], [434.75, 13.8469114304, -84.6261367798, -154.447769165, -90.2529449463, 19.8618431091, 280.599029541, 25.6312637329, 30.7595081329, 34.7631454468, -17.1852531433, -6.83645200729, -42.602848053], [-844.797607422, -257.30758667, 57.8781356812, 118.413902283, 73.4013137817, 115.198150635, 25.6312637329, 239.260635376, 68.9614868164, 32.150680542, 76.3641357422, 64.3194656372, 129.551147461], [181.80078125, -204.369262695, -48.3320503235, -5.38238096237, -1.29900240898, -41.8326683044, 30.7595081329, 68.9614868164, 223.444015503, 43.9923553467, 56.1421012878, 33.6178321838, -28.9747676849], [-291.50012207, -180.172225952, 50.7934799194, -22.133480072, 18.2104225159, 29.5102863312, 34.7631454468, 32.150680542, 43.9923553467, 183.739379883, 46.8172988892, 28.287815094, 36.9054794312], [-632.340820312, -229.419723511, 77.5182495117, 68.4501800537, 22.969379425, 58.2229385376, -17.1852531433, 76.3641357422, 56.1421012878, 46.8172988892, 166.693557739, 80.7697372437, 64.9209976196], [-419.843475342, -136.572021484, 111.902412415, 60.6655845642, 42.3009223938, 33.5736694336, -6.83645200729, 64.3194656372, 33.6178321838, 28.287815094, 80.7697372437, 149.537765503, 70.657913208], [-1187.94628906, -230.146118164, 159.510971069, 215.034469604, 94.47315979, 145.16506958, -42.602848053, 129.551147461, -28.9747676849, 36.9054794312, 64.9209976196, 70.657913208, 251.563980103]], "icov": [[0.000199858637643, -7.57983871154e-05, 6.15480676061e-05, -0.000192885985598, 0.000208699319046, 6.79842123645e-05, -0.000218404500629, 0.000293853518087, -0.000284163601464, 2.44835937337e-05, 0.000418337935116, -0.000130532993353, 0.000586746027693], [-7.57983871154e-05, 0.000553206948098, -0.000110183696961, 0.000303659442579, -0.000668000371661, 0.000103700062027, -9.96967501123e-05, 0.000138308358146, 0.000421277887654, 0.000395471928641, 5.6370117818e-05, 0.000156482186867, -6.61291323922e-06], [6.15480676061e-05, -0.000110183696961, 0.00152852630708, -0.000245178263867, 0.000145505240653, -0.000253218080616, 0.000246227078605, 0.0002726156672, 0.00018601375632, -0.000391164590837, 3.57298449671e-05, -0.00093379401369, -0.000245134287979], [-0.000192885985598, 0.000303659442579, -0.000245178263867, 0.00330286100507, -0.00145990785677, -0.00132028490771, 0.00121861847583, 0.000158265276696, -0.000467149278848, 0.00112418143544, -0.000352914066752, 0.000347391556716, -0.00209106411785], [0.000208699319046, -0.000668000371661, 0.000145505240653, -0.00145990785677, 0.00593825243413, -0.000669967150316, 0.00134662806522, -0.000988655723631, -0.000603339984082, -0.00121932616457, 0.0013254978694, -0.00117985578254, 0.000522492977325], [6.79842123645e-05, 0.000103700062027, -0.000253218080616, -0.00132028490771, -0.000669967150316, 0.00533999688923, -0.00167098361999, -0.00116488488857, 0.00164850382134, -0.000308121612761, -0.00106143963058, 0.000954907154664, -0.000567106821109], [-0.000218404500629, -9.96967501123e-05, 0.000246227078605, 0.00121861847583, 0.00134662806522, -0.00167098361999, 0.00554425921291, -0.00159588526003, -0.00032195795211, -0.00103395699989, 0.000827523006592, -0.000614851072896, -2.73083132925e-05], [0.000293853518087, 0.000138308358146, 0.0002726156672, 0.000158265276696, -0.000988655723631, -0.00116488488857, -0.00159588526003, 0.00884878262877, -0.00317876297049, 0.00111070205458, -0.000414879119489, -0.000586522684898, -0.00283498317003], [-0.000284163601464, 0.000421277887654, 0.00018601375632, -0.000467149278848, -0.000603339984082, 0.00164850382134, -0.00032195795211, -0.00317876297049, 0.00757126044482, -0.00131101091392, -0.00220972835086, -0.000379261386115, 0.00192384968977], [2.44835937337e-05, 0.000395471928641, -0.000391164590837, 0.00112418143544, -0.00121932616457, -0.000308121612761, -0.00103395699989, 0.00111070205458, -0.00131101091392, 0.00711460970342, -0.00120559229981, 0.000388720072806, -0.00133967329748], [0.000418337935116, 5.6370117818e-05, 3.57298449671e-05, -0.000352914066752, 0.0013254978694, -0.00106143963058, 0.000827523006592, -0.000414879119489, -0.00220972835086, -0.00120559229981, 0.0110079934821, -0.00430174963549, 0.00106437306385], [-0.000130532993353, 0.000156482186867, -0.00093379401369, 0.000347391556716, -0.00117985578254, 0.000954907154664, -0.000614851072896, -0.000586522684898, -0.000379261386115, 0.000388720072806, -0.00430174963549, 0.0106827430427, -0.00207918789238], [0.000586746027693, -6.61291323922e-06, -0.000245134287979, -0.00209106411785, 0.000522492977325, -0.000567106821109, -2.73083132925e-05, -0.00283498317003, 0.00192384968977, -0.00133967329748, 0.00106437306385, -0.00207918789238, 0.0109964990988]]}, "silence_rate_60dB": {"dvar": 0.0245279744267, "var": 0.131994590163, "median": 0, "max": 1, "dmean": 0.0251609124243, "dmean2": 0.0503365509212, "mean": 0.156478509307, "dvar2": 0.0524845086038, "min": 0}, "melbands_flatness_db": {"dvar": 0.00105460686609, "var": 0.0108752530068, "median": 0.353735536337, "max": 0.622768163681, "dmean": 0.0248993597925, "dmean2": 0.0350057408214, "mean": 0.353625863791, "dvar2": 0.00196714652702, "min": 0.00269013806246}, "spectral_rms": {"dvar": 4.99704185586e-07, "var": 4.7295038712e-06, "median": 0.00381852150895, "max": 0.013319212012, "dmean": 0.000517294858582, "dmean2": 0.000702640216332, "mean": 0.00383525528014, "dvar2": 9.48478032115e-07, "min": 3.109569893