{"metadata": {"audio_properties": {"downmix": "mix", "bit_rate": 256017, "lossless": false, "md5_encoded": "9e99cde035909567a619e75693f92b9f", "analysis_sample_rate": 44100, "sample_rate": 44100, "replay_gain": -8.78928184509, "equal_loudness": 0, "codec": "mp3", "length": 392.64654541}, "tags": {"album": ["Profound Dub"], "length": ["393"], "artist": ["Sandals"], "musicbrainz_recordingid": ["51c24569-0ef6-4322-8e8b-ac0bf7dcb5c9"], "discnumber": ["1"], "title": ["Feet"], "genre": ["Pop"], "tracknumber": ["1"], "date": ["1994"], "file_name": "2146994.mp3"}, "version": {"essentia_build_sha": "70f2e5ece6736b2c40cc944ad0e695b16b925413", "essentia_git_sha": "v2.1_beta2", "extractor": "music 1.0", "essentia": "2.1-beta2"}}, "tonal": {"chords_scale": "minor", "hpcp": {"dmean": [0.148704648018, 0.129268884659, 0.11395227164, 0.134178996086, 0.151807278395, 0.162086933851, 0.169791027904, 0.169599503279, 0.166942387819, 0.152784496546, 0.122381195426, 0.123812660575, 0.131567925215, 0.122476041317, 0.117643244565, 0.118331737816, 0.107905559242, 0.110380269587, 0.117507189512, 0.130042612553, 0.164744511247, 0.172181293368, 0.167678624392, 0.157389178872, 0.132609546185, 0.117448970675, 0.127888649702, 0.130947768688, 0.133330225945, 0.116379842162, 0.102550186217, 0.0963259488344, 0.111815176904, 0.142385050654, 0.180358663201, 0.177767425776], "dvar2": [0.144473284483, 0.136093616486, 0.107629738748, 0.13060939312, 0.138611122966, 0.141531914473, 0.136192724109, 0.151008844376, 0.171588882804, 0.171215519309, 0.127729728818, 0.114700116217, 0.116507664323, 0.122179172933, 0.129153892398, 0.13540276885, 0.106446415186, 0.116918601096, 0.12914711237, 0.128318801522, 0.146078661084, 0.140909820795, 0.168845921755, 0.182061284781, 0.164576798677, 0.131092786789, 0.112491637468, 0.0962962210178, 0.116809152067, 0.10496481508, 0.0801947340369, 0.07859724015, 0.0975993350148, 0.127385273576, 0.168573990464, 0.169900327921], "mean": [0.170165300369, 0.115942917764, 0.0974616408348, 0.114412911236, 0.137303948402, 0.206589952111, 0.244480758905, 0.189539656043, 0.154562070966, 0.138206034899, 0.11241967231, 0.130148231983, 0.154497340322, 0.127013131976, 0.10786639154, 0.108782537282, 0.0984188020229, 0.0989022180438, 0.103027924895, 0.119492247701, 0.178890272975, 0.224006414413, 0.181137904525, 0.122989751399, 0.0980684161186, 0.0917070657015, 0.152279764414, 0.217933923006, 0.170724406838, 0.112360976636, 0.104786157608, 0.0958500579, 0.106765627861, 0.14427703619, 0.182719811797, 0.197423011065], "var": [0.0762996077538, 0.0425790399313, 0.0298652537167, 0.0395031012595, 0.0467981509864, 0.0820099413395, 0.0976094156504, 0.0675590485334, 0.0634694769979, 0.0554759949446, 0.040252931416, 0.0449405945837, 0.0627617761493, 0.0430861935019, 0.0344261750579, 0.0349480807781, 0.0304823648185, 0.0348769426346, 0.0378740280867, 0.0428652875125, 0.060562171042, 0.0918251499534, 0.0724479928613, 0.0517667755485, 0.0423305444419, 0.0345454774797, 0.0516422726214, 0.094312235713, 0.0591109544039, 0.036013379693, 0.0351807326078, 0.0342403911054, 0.0414185784757, 0.0601137578487, 0.074800632894, 0.082516156137], "dmean2": [0.263367980719, 0.234428271651, 0.208544224501, 0.243140637875, 0.273192316294, 0.284018158913, 0.295544028282, 0.298314630985, 0.299699813128, 0.276346802711, 0.220657974482, 0.219586893916, 0.231944233179, 0.219842731953, 0.215358868241, 0.216920748353, 0.196861803532, 0.200071647763, 0.21279796958, 0.232807964087, 0.290281891823, 0.295685201883, 0.296541720629, 0.289832949638, 0.247567713261, 0.217747628689, 0.226173341274, 0.222539514303, 0.233668833971, 0.20900285244, 0.180266663432, 0.170291230083, 0.196075901389, 0.249389186502, 0.320407480001, 0.315032094717], "dvar": [0.0544511042535, 0.0473491847515, 0.0377203300595, 0.0469508618116, 0.0491385534406, 0.0524175725877, 0.0525520443916, 0.0542656220496, 0.0620684288442, 0.0593708045781, 0.0447561219335, 0.0415851213038, 0.0448597706854, 0.0430526360869, 0.0431668385863, 0.0442394800484, 0.0368480756879, 0.0421115085483, 0.0460281223059, 0.0466534011066, 0.0541985295713, 0.0587277710438, 0.0618617199361, 0.0633775815368, 0.0575566217303, 0.0449621155858, 0.0398443639278, 0.0383922234178, 0.0417815744877, 0.0376449525356, 0.0303105022758, 0.0298436935991, 0.0377297960222, 0.0510701350868, 0.0629448741674, 0.0629522651434], "min": [0, 0, 0, 0, 0, 0, 0, 0, 0, 0, 0, 0, 0, 0, 0, 0, 0, 0, 0, 0, 0, 0, 0, 0, 0, 0, 0, 0, 0, 0, 0, 0, 0, 0, 0, 0], "median": [0.0377880334854, 0.029661167413, 0.0320264548063, 0.0340405702591, 0.043494258076, 0.0641597360373, 0.0899793952703, 0.0705191791058, 0.0387110114098, 0.0339943915606, 0.0302223972976, 0.0403541512787, 0.0424320697784, 0.0366045199335, 0.0351330265403, 0.0348763652146, 0.0316524915397, 0.0288391634822, 0.0264093466103, 0.0329667404294, 0.0689973682165, 0.0791345238686, 0.0544541813433, 0.0248578712344, 0.0161165967584, 0.0170977823436, 0.044639185071, 0.0623432397842, 0.050890699029, 0.0353493951261, 0.0299660935998, 0.0223733149469, 0.0207008607686, 0.0312014482915, 0.0474435538054, 0.0551309324801], "max": [1, 1, 1, 1, 1, 1, 1, 1, 1, 1, 1, 1, 1, 1, 1, 1, 1, 1, 1, 1, 1, 1, 1, 1, 1, 1, 1, 1, 1, 1, 1, 1, 1, 1, 1, 1]}, "tuning_equal_tempered_deviation": 0.132860928774, "chords_key": "B", "chords_strength": {"dmean": 0.0116643402725, "dvar2": 0.000177856447408, "mean": 0.501626610756, "var": 0.0090936338529, "dmean2": 0.0143459858373, "dvar": 0.000109945765871, "min": 0.250260949135, "median": 0.498535335064, "max": 0.808411240578}, "tuning_diatonic_strength": 0.587283313274, "thpcp": [1, 0.775274336338, 0.632205486298, 0.565304338932, 0.459830343723, 0.532345473766, 0.631940722466, 0.51952201128, 0.441206067801, 0.444953382015, 0.402562558651, 0.404539883137, 0.421415269375, 0.488759309053, 0.731715142727, 0.916253745556, 0.740908622742, 0.503065168858, 0.40112939477, 0.375109553337, 0.622870147228, 0.891415417194, 0.69831430912, 0.459590256214, 0.428606957197, 0.392055630684, 0.436703592539, 0.59013658762, 0.747379124165, 0.807519614697, 0.696027398109, 0.474241495132, 0.398647487164, 0.467983305454, 0.561614513397, 0.84501516819], "chords_histogram": [10.4895935059, 13.8718070984, 7.21381282806, 0.496688753366, 1.24172186852, 0.331125825644, 0.0827814564109, 0.614947974682, 5.43992424011, 0.0473036915064, 0.0827814564109, 0.0118259228766, 0.331125825644, 0, 0, 4.88410615921, 0.910596013069, 6.19678354263, 6.20860910416, 15.4564809799, 2.81456947327, 7.48580884933, 8.40823078156, 7.37937545776], "tuning_nontempered_energy_ratio": 0.795126914978, "tuning_frequency": 440.254241943, "key_strength": 0.799590826035, "chords_changes_rate": 0.0855014175177, "key_scale": "major", "hpcp_entropy": {"dmean": 0.695870220661, "dvar2": 0.868629574776, "mean": 2.34284949303, "var": 0.580891788006, "dmean2": 1.18936824799, "dvar": 0.309163600206, "min": 0, "median": 2.35318994522, "max": 4.74756717682}, "key_key": "E", "chords_number_rate": 0.00153736991342}, "lowlevel": {"melbands_skewness": {"dmean": 1.27012693882, "dvar2": 4.49201774597, "mean": 4.15148067474, "var": 9.69563293457, "dmean2": 1.93377780914, "dvar": 2.14860510826, "min": -3.30629444122, "median": 3.36504435539, "max": 21.5292797089}, "melbands_kurtosis": {"dmean": 22.0377864838, "dvar2": 3999.27661133, "mean": 38.6782646179, "var": 4183.37158203, "dmean2": 34.3009185791, "dvar": 1754.82324219, "min": -1.85969722271, "median": 14.2186317444, "max": 799.551452637}, "barkbands_kurtosis": {"dmean": 7.46795082092, "dvar2": 637.823242188, "mean": 10.4103384018, "var": 473.190490723, "dmean2": 11.8181343079, "dvar": 263.657104492, "min": -1.93369448185, "median": 2.56469917297, "max": 408.902740479}, "hfc": {"dmean": 8.67998409271, "dvar2": 552.372558594, "mean": 22.5882740021, "var": 719.623718262, "dmean2": 12.4357242584, "dvar": 274.03427124, "min": 1.08599080167e-16, "median": 15.5982131958, "max": 427.269500732}, "silence_rate_20dB": {"dmean": 0, "dvar2": 0, "mean": 1, "var": 0, "dmean2": 0, "dvar": 0, "min": 1, "median": 1, "max": 1}, "erbbands_flatness_db": {"dmean": 0.0149951279163, "dvar2": 0.000524847826455, "mean": 0.121849313378, "var": 0.00192186690401, "dmean2": 0.0231872648001, "dvar": 0.000227926677326, "min": 0.0345913209021, "median": 0.111275032163, "max": 0.441760629416}, "spectral_flux": {"dmean": 0.0343586467206, "dvar2": 0.00465953117236, "mean": 0.0984665229917, "var": 0.00445484230295, "dmean2": 0.0551772452891, "dvar": 0.00205655652098, "min": 6.50568834915e-11, "median": 0.0843166261911, "max": 0.506876170635}, "spectral_energyband_low": {"dmean": 0.0143592217937, "dvar2": 0.00150316779036, "mean": 0.0246190838516, "var": 0.001013503992, "dmean2": 0.0233806967735, "dvar": 0.000601125590038, "min": 2.92456359768e-23, "median": 0.0117378039286, "max": 0.302582889795}, "spectral_rolloff": {"dmean": 714.84552002, "dvar2": 3249729.25, "mean": 1629.12207031, "var": 3822520, "dmean2": 1188.87792969, "dvar": 1500002.75, "min": 64.599609375, "median": 968.994140625, "max": 19099.9511719}, "spectral_entropy": {"dmean": 0.175029620528, "dvar2": 0.0884566754103, "mean": 7.79020309448, "var": 0.185363188386, "dmean2": 0.271689504385, "dvar": 0.0413738749921, "min": 4.28214550018, "median": 7.86736536026, "max": 9.82552528381}, "spectral_energy": {"dmean": 0.0171159505844, "dvar2": 0.00181353394873, "mean": 0.0378402285278, "var": 0.0014328006655, "dmean2": 0.0274189300835, "dvar": 0.000753766973503, "min": 1.03136966209e-20, "median": 0.0273255817592, "max": 0.315167397261}, "spectral_centroid": {"dmean": 327.786560059, "dvar2": 266155.875, "mean": 1480.37036133, "var": 658294.5, "dmean2": 504.583190918, "dvar": 135474.59375, "min": 106.942329407, "median": 1384.20703125, "max": 11676.6962891}, "barkbands_flatness_db": {"dmean": 0.0288444757462, "dvar2": 0.0018549549859, "mean": 0.1315741539, "var": 0.00503651006147, "dmean2": 0.0446058697999, "dvar": 0.000915024196729, "min": 0.0228678006679, "median": 0.117122069001, "max": 0.554123580456}, "spectral_rms": {"dmean": 0.00118752208073, "dvar2": 5.01441900269e-06, "mean": 0.00534590240568, "var": 8.3386694314e-06, "dmean2": 0.00185357488226, "dvar": 2.28904559663e-06, "min": 3.17208824312e-12, "median": 0.00516324536875, "max": 0.0175351183861}, "melbands": {"dmean": [0.0021951214876, 0.00332555593923, 0.00143669708632, 0.000825917581096, 0.000339421239914, 0.000181437018909, 0.000146299091284, 8.70591320563e-05, 8.27113472042e-05, 7.95363594079e-05, 6.12668809481e-05, 3.42930106854e-05, 3.39914513461e-05, 3.3771233575e-05, 2.6284260457e-05, 2.05233282031e-05, 2.19778175961e-05, 2.34569943132e-05, 1.29566287796e-05, 1.81867253559e-05, 1.58905295393e-05, 1.14359299914e-05, 8.11095105746e-06, 7.41601115806e-06, 7.16509202903e-06, 7.01063800079e-06, 6.99239353708e-06, 6.56874271954e-06, 4.83150597574e-06, 3.15883517032e-06, 2.92840172733e-06, 3.23368317368e-06, 2.80472409031e-06, 2.20050037569e-06, 2.36450728153e-06, 2.5789195206e-06, 2.40576264332e-06, 1.64376263001e-06, 1.28624867557e-06, 8.92302182365e-07], "dvar2": [3.94620328734e-05, 9.42099723034e-05, 2.57940828305e-05, 1.18103052955e-05, 1.7052768726e-06, 3.47951328195e-07, 4.44484442141e-07, 1.59139162292e-07, 1.01764484839e-07, 6.73947582186e-08, 4.57475337612e-08, 1.90000672973e-08, 1.44390854828e-08, 9.94282256528e-09, 9.11245123802e-09, 4.71786520961e-09, 5.78009773378e-09, 6.94604107565e-09, 2.21344897966e-09, 4.28615720693e-09, 2.29992558332e-09, 2.05009142995e-09, 7.90677689988e-10, 6.81792622359e-10, 1.20896892497e-09, 8.40261971113e-10, 1.604443578e-09, 6.21998064165e-10, 3.2075794798e-10, 1.3643296215e-10, 1.23191332135e-10, 1.11766894351e-10, 8.53195847306e-11, 6.99363830736e-11, 1.17672885325e-10, 1.76125156126e-10, 3.37664701755e-10, 1.1789398624e-10, 5.3043881787e-11, 2.55299340696e-11], "mean": [0.0034265962895, 0.00514803500846, 0.00177906942554, 0.000823852955364, 0.000378934171749, 0.000249172240729, 0.000177069450729, 0.00011725047807, 0.00012244975369, 0.00013454274449, 8.92074604053e-05, 5.00249225297e-05, 5.84730005357e-05, 5.61171109439e-05, 3.86757201341e-05, 3.18887687172e-05, 3.46976266883e-05, 3.28305977746e-05, 1.97420449695e-05, 2.8461767215e-05, 2.52381087193e-05, 1.97369645321e-05, 1.30910239022e-05, 1.11778053906e-05, 1.01382529465e-05, 1.03729289549e-05, 9.18207842915e-06, 1.0630752513e-05, 8.1111165855e-06, 5.2847990446e-06, 4.69797168989e-06, 5.4320921663e-06, 5.24752749698e-06, 4.00631370212e-06, 3.98929887524e-06, 4.29608962804e-06, 4.08735240853e-06, 2.80230756289e-06, 2.13362000068e-06, 1.54479550929e-06], "var": [2.55121558439e-05, 5.74536643398e-05, 1.0963072782e-05, 3.00294755107e-06, 5.27993677224e-07, 1.51791894609e-07, 1.34829932108e-07, 5.69702507391e-08, 5.52744658933e-08, 7.39764303148e-08, 2.67725841496e-08, 1.17207257233e-08, 1.23752545989e-08, 7.86403120401e-09, 5.18572074171e-09, 3.0346880564e-09, 4.67484273514e-09, 3.86302190236e-09, 1.43367995253e-09, 3.4119345127e-09, 1.51560741735e-09, 1.19812382238e-09, 5.13576292605e-10, 4.43154068996e-10, 4.43541203765e-10, 4.61028937249e-10, 6.34365227015e-10, 4.06117139917e-10, 2.54979343195e-10, 9.23946197329e-11, 9.52040737912e-11, 7.72470629129e-11, 8.52341114355e-11, 6.99748453625e-11, 8.16939502157e-11, 1.21058579827e-10, 2.03983510638e-10, 1.00151290039e-10, 4.36920534475e-11, 2.02453245141e-11], "dmean2": [0.00359763251618, 0.00540141528472, 0.00242315395735, 0.00144758471288, 0.000584299094044, 0.00030809949385, 0.000253465346759, 0.000147971164552, 0.000138205432449, 0.000127926061396, 0.000101639052446, 5.68120667594e-05, 5.34764185431e-05, 5.5060700106e-05, 4.34929788753e-05, 3.33368589054e-05, 3.62729115295e-05, 3.90707755287e-05, 2.10866655834e-05, 2.73199511867e-05, 2.58961827058e-05, 1.831357622e-05, 1.30443941089e-05, 1.17944991871e-05, 1.17908521133e-05, 1.11633862616e-05, 1.13262931336e-05, 1.05485441964e-05, 7.76106753619e-06, 5.02606508235e-06, 4.6748391469e-06, 5.0876997193e-06, 4.2924571062e-06, 3.35631943926e-06, 3.65895743926e-06, 3.92547008232e-06, 3.70886232304e-06, 2.51101482718e-06, 1.95025268113e-06, 1.3639255485e-06], "dvar": [1.42963917824e-05, 3.8358321035e-05, 9.92783679976e-06, 4.2366159505e-06, 6.28170312211e-07, 1.28653894649e-07, 1.58350317747e-07, 5.71287230855e-08, 3.79317697252e-08, 2.83116392552e-08, 1.71349423539e-08, 7.9337265646e-09, 6.29452445722e-09, 3.84894027761e-09, 3.51650863983e-09, 1.87238691218e-09, 2.25492802208e-09, 2.63337440742e-09, 9.08227992813e-10, 1.92031635038e-09, 9.03010000108e-10, 7.68894781178e-10, 3.2230626501e-10, 2.84829937414e-10, 4.49843079453e-10, 3.48381434812e-10, 6.47997322467e-10, 2.51330345424e-10, 1.24401378088e-10, 5.54500646788e-11, 5.28308161107e-11, 4.5896945966e-11, 3.90958133922e-11, 3.31030411416e-11, 5.23417385823e-11, 7.56036136473e-11, 1.36279473817e-10, 5.34652530582e-11, 2.41529591466e-11, 1.12567984448e-11], "min": [1.78005753288e-24, 1.97628155546e-24, 2.10760875238e-24, 3.85612841513e-24, 4.03653222669e-24, 4.06569917537e-24, 2.83384987894e-24, 6.02556847969e-24, 5.0029842599e-24, 3.56664643963e-24, 2.93716580841e-24, 5.98852396601e-24, 3.9952444302e-24, 4.34291673037e-24, 6.90383217459e-24, 6.02077023324e-24, 4.52914509642e-24, 3.26678068803e-24, 5.1239091425e-24, 3.73257386471e-24, 5.74113758057e-24, 4.95251727792e-24, 6.93028268075e-24, 5.87178517382e-24, 5.76655073463e-24, 4.91258158903e-24, 5.30105338079e-24, 5.51499640259e-24, 6.21019585253e-24, 5.97890893487e-24, 7.46611329517e-24, 5.86868495046e-24, 6.30255726504e-24, 6.2382370967e-24, 7.35812375928e-24, 6.5880598317e-24, 5.88589592326e-24, 7.36240254083e-24, 7.83437880928e-24, 7.14456017957e-24], "median": [0.00104576256126, 0.00225965748541, 0.000632574257907, 0.000327990623191, 0.000135769369081, 0.000117963951197, 6.67230924591e-05, 4.75478263979e-05, 4.30421277997e-05, 4.68261750939e-05, 3.69683075405e-05, 1.90325790754e-05, 2.05393680517e-05, 2.2584134058e-05, 1.36844510052e-05, 1.30201551656e-05, 1.29814588945e-05, 9.28642839426e-06, 7.18344017514e-06, 8.52173434396e-06, 1.10553119157e-05, 7.1156841841e-06, 4.63511878479e-06, 4.00938779421e-06, 3.78559320779e-06, 3.7455392885e-06, 3.03156571135e-06, 3.94583230445e-06, 2.96870166494e-06, 2.23964093493e-06, 1.85573196632e-06, 2.89127797259e-06, 2.75489924206e-06, 1.76792241291e-06, 1.75262550783e-06, 1.79598509931e-06, 1.45832223097e-06, 9.89064460555e-07, 6.9212848075e-07, 6.02622890256e-07], "max": [0.0453279130161, 0.0846013352275, 0.041726373136, 0.0259117204696, 0.00958308856934, 0.00653359945863, 0.00711877830327, 0.00730674667284, 0.00401172135025, 0.00605896487832, 0.00371923833154, 0.00214433483779, 0.00267154537141, 0.0010781919118, 0.00107595080044, 0.0011638434371, 0.0017575409729, 0.000966296705883, 0.000880182604305, 0.000718429975677, 0.000645759573672, 0.00140208704397, 0.000645629770588, 0.000414028618252, 0.000548881769646, 0.000896571378689, 0.000994299771264, 0.000318814680213, 0.000315738725476, 0.000342879066011, 0.000210586702451, 0.000203840696486, 0.000200398892048, 0.000232188307564, 0.000201604838367, 0.000307742739096, 0.000621926330496, 0.000296148733469, 0.000197132772882, 0.000107276173367]}, "barkbands_crest": {"dmean": 3.31599664688, "dvar2": 20.1826572418, "mean": 11.5843925476, "var": 28.7459926605, "dmean2": 5.40073013306, "dvar": 8.23002433777, "min": 2.25061273575, "median": 10.9427900314, "max": 25.6633739471}, "mfcc": {"icov": [[0.000164692610269, 4.39224932052e-05, -1.08741915028e-05, 5.28679629497e-05, 3.52524148184e-05, -0.00018771145551, 0.000101739002275, -0.000131265027449, 0.000141642449307, -8.24805829325e-05, 0.000186676450539, -0.000132429820951, 5.96073114139e-05], [4.39224932052e-05, 0.00102430221159, 0.000152201828314, 5.16736181453e-05, -0.00024572777329, -0.000297960883472, 0.000135074631544, -0.000464384327643, -1.09869797598e-05, 0.000257440668065, -0.000528238597326, 0.000383717851946, -0.000286498048808], [-1.08741915028e-05, 0.000152201828314, 0.00142626452725, -0.000879041792359, 0.00025900293258, -0.000619537604507, -0.00019117424381, -0.000106273437268, -0.00023285188945, -0.000472565094242, -9.81622360996e-06, -6.91726163495e-05, 1.31137494463e-05], [5.28679629497e-05, 5.16736181453e-05, -0.000879041792359, 0.00311000156216, -0.00152085255831, 0.000259872613242, -0.000406686391216, 6.96332863299e-05, -5.75478516112e-05, 0.000335189135512, 0.00034649198642, 0.000889696297236, -0.000916107092053], [3.52524148184e-05, -0.00024572777329, 0.00025900293258, -0.00152085255831, 0.00526903243735, -0.00276422593743, 0.000871480267961, -0.000679838820361, -1.89076072274e-05, -0.000319565180689, 6.75623014104e-05, -0.00109420949593, 0.000635902455542], [-0.00018771145551, -0.000297960883472, -0.000619537604507, 0.000259872613242, -0.00276422593743, 0.00932126957923, -0.00340701988898, 0.00128685694654, -0.00137220066972, 8.33193844301e-05, -0.000411066168454, 0.0002321251377, 0.000418333394919], [0.000101739002275, 0.000135074631544, -0.00019117424381, -0.000406686391216, 0.000871480267961, -0.00340701988898, 0.00942248944193, -0.00372529402375, 0.000654168718029, 0.000112475114292, 0.0001345033088, -0.000888520851731, 7.7859403973e-06], [-0.000131265027449, -0.000464384327643, -0.000106273437268, 6.96332863299e-05, -0.000679838820361, 0.00128685694654, -0.00372529402375, 0.011994317174, -0.00444188108668, 0.000900520943105, -9.34532290557e-05, -0.000817983585875, -0.000809574092273], [0.000141642449307, -1.09869797598e-05, -0.00023285188945, -5.75478516112e-05, -1.89076072274e-05, -0.00137220066972, 0.000654168718029, -0.00444188108668, 0.0119866915047, -0.00423376914114, 0.000221691792831, 0.00089577503968, -0.000226548683713], [-8.24805829325e-05, 0.000257440668065, -0.000472565094242, 0.000335189135512, -0.000319565180689, 8.33193844301e-05, 0.000112475114292, 0.000900520943105, -0.00423376914114, 0.0128705594689, -0.00347082107328, -0.000916001037695, 0.00151714554522], [0.000186676450539, -0.000528238597326, -9.81622360996e-06, 0.00034649198642, 6.75623014104e-05, -0.000411066168454, 0.0001345033088, -9.34532290557e-05, 0.000221691792831, -0.00347082107328, 0.0139912609011, -0.00323430076241, 0.000375435716705], [-0.000132429820951, 0.000383717851946, -6.91726163495e-05, 0.000889696297236, -0.00109420949593, 0.0002321251377, -0.000888520851731, -0.000817983585875, 0.00089577503968, -0.000916001037695, -0.00323430076241, 0.0163209121674, -0.00449694180861], [5.96073114139e-05, -0.000286498048808, 1.31137494463e-05, -0.000916107092053, 0.000635902455542, 0.000418333394919, 7.7859403973e-06, -0.000809574092273, -0.000226548683713, 0.00151714554522, 0.000375435716705, -0.00449694180861, 0.0132732875645]], "mean": [-639.131164551, 100.055633545, 19.6686439514, 25.7680339813, 9.36872959137, 12.2756662369, 2.29871344566, 7.6619977951, 2.81949496269, 4.5865316391, -1.22565591335, 1.79802858829, 1.08457219601], "cov": [[6538.51513672, -315.294372559, 52.190574646, -131.06439209, -24.4536418915, 102.59828186, -13.1204996109, 23.9968204498, -51.2074699402, 20.553899765, -75.1413421631, 45.6169128418, -31.4997825623], [-315.294372559, 1095.42272949, -110.541694641, -1.15100753307, 82.1027755737, 47.5778007507, 12.7090978622, 51.7162704468, 21.597076416, -15.1512813568, 40.0012245178, -9.00597953796, 20.7216339111], [52.190574646, -110.541694641, 983.014770508, 321.995544434, 92.9217376709, 112.545455933, 78.3737411499, 40.3001785278, 60.3889884949, 47.6696281433, 1.48768520355, 2.8377187252, 9.54679584503], [-131.06439209, -1.15100753307, 321.995544434, 503.148681641, 156.08782959, 67.15625, 46.7287483215, 25.1988372803, 26.7729167938, 0.856941640377, -13.036775589, -11.2272834778, 23.8114032745], [-24.4536418915, 82.1027755737, 92.9217376709, 156.08782959, 288.597076416, 99.3790130615, 26.3052005768, 26.4196472168, 26.9007282257, 13.4155092239, 6.51011514664, 10.9151515961, -0.359599888325], [102.59828186, 47.5778007507, 112.545455933, 67.15625, 99.3790130615, 170.351928711, 61.9066123962, 20.1543884277, 29.4248371124, 13.8398303986, 7.0655465126, 4.74234628677, -3.51988983154], [-13.1204996109, 12.7090978622, 78.3737411499, 46.7287483215, 26.3052005768, 61.9066123962, 149.001800537, 50.2891998291, 20.3341445923, 4.25402641296, 3.119140625, 10.4432964325, 6.56025123596], [23.9968204498, 51.7162704468, 40.3001785278, 25.1988372803, 26.4196472168, 20.1543884277, 50.2891998291, 118.885444641, 46.43176651, 7.71744394302, 4.98012876511, 9.90130329132, 11.1526603699], [-51.2074699402, 21.597076416, 60.3889884949, 26.7729167938, 26.9007282257, 29.4248371124, 20.3341445923, 46.43176651, 118.575622559, 39.4120140076, 9.71775150299, 0.456205368042, 0.486942410469], [20.553899765, -15.1512813568, 47.6696281433, 0.856941640377, 13.4155092239, 13.8398303986, 4.25402641296, 7.71744394302, 39.4120140076, 101.275627136, 26.1228675842, 7.95088148117, -9.96632385254], [-75.1413421631, 40.0012245178, 1.48768520355, -13.036775589, 6.51011514664, 7.0655465126, 3.119140625, 4.98012876511, 9.71775150299, 26.1228675842, 84.938331604, 17.9414100647, 0.922947347164], [45.6169128418, -9.00597953796, 2.8377187252, -11.2272834778, 10.9151515961, 4.74234628677, 10.4432964325, 9.90130329132, 0.456205368042, 7.95088148117, 17.9414100647, 74.3945388794, 22.5445690155], [-31.4997825623, 20.7216339111, 9.54679584503, 23.8114032745, -0.359599888325, -3.51988983154, 6.56025123596, 11.1526603699, 0.486942410469, -9.96632385254, 0.922947347164, 22.5445690155, 87.1259460449]]}, "spectral_decrease": {"dmean": 4.4267878252e-09, "dvar2": 1.24443446868e-16, "mean": -9.4831031916e-09, "var": 9.56178767336e-17, "dmean2": 7.12605485731e-09, "dvar": 5.1610197241e-17, "min": -8.22925727562e-08, "median": -6.60906129824e-09, "max": 4.58660005607e-29}, "zerocrossingrate": {"dmean": 0.0150977950543, "dvar2": 0.000346946326317, "mean": 0.0740151330829, "var": 0.00235615461133, "dmean2": 0.0179715156555, "dvar": 0.00027261901414, "min": 0.00341796875, "median": 0.0654296875, "max": 0.51220703125}, "spectral_contrast_coeffs": {"dmean": [0.0554441139102, 0.0463133305311, 0.0385407134891, 0.0300929285586, 0.0216797403991, 0.0187537949532], "dvar2": [0.00547525612637, 0.00375546817668, 0.00253272801638, 0.00159823556896, 0.000873660144862, 0.000748650636524], "mean": [-0.660426318645, -0.763151586056, -0.786548376083, -0.796527445316, -0.794352352619, -0.76955807209], "var": [0.00777916470543, 0.00343599705957, 0.0032491767779, 0.00200539524667, 0.0012873794185, 0.00117761373986], "dmean2": [0.092347882688, 0.0775677710772, 0.0631911456585, 0.0494256690145, 0.035008776933, 0.0296112447977], "dvar": [0.00208991556428, 0.00137791899033, 0.000983024714515, 0.000623243045993, 0.000352987641236, 0.00031447125366], "min": [-0.974674880505, -0.97587543726, -0.972291886806, -0.966596066952, -0.967272281647, -0.966195821762], "median": [-0.666819930077, -0.766388475895, -0.793321371078, -0.801542043686, -0.797860145569, -0.770952284336], "max": [-0.309589296579, -0.515222847462, -0.51422059536, -0.560604333878, -0.566620409489, -0.549857914448]}, "spectral_skewness": {"dmean": 0.186792686582, "dvar2": 0.155313432217, "mean": 1.38161408901, "var": 0.225313901901, "dmean2": 0.29154959321, "dvar": 0.0662415027618, "min": -0.0463816486299, "median": 1.32702958584, "max": 8.09558963776}, "spectral_energyband_middle_high": {"dmean": 0.00146656844299, "dvar2": 1.48242170326e-05, "mean": 0.00363072101027, "var": 1.6861842596e-05, "dmean2": 0.00225543556735, "dvar": 6.47561819278e-06, "min": 1.1873071016e-21, "median": 0.00223350990564, "max": 0.0461143739522}, "gfcc": {"icov": [[0.000179328795639, -0.000135392590892, 8.51989752846e-05, -0.0002000307868, 0.000147437705891, -0.000269281299552, 0.000334904296324, -0.000270546268439, 0.000326166977175, -0.000286183232674, 0.000295742182061, -0.000334250187734, 0.000404048361816], [-0.000135392590892, 0.00162305519916, -0.000395908340579, 0.000720956304576, -0.000905424414668, 0.000568681803998, -0.00115216244012, 0.00134103419259, -0.0014096290106, 0.00132218934596, -0.000971921603195, 0.000830807257444, -0.00136706547346], [8.51989752846e-05, -0.000395908340579, 0.00150333053898, -0.00132225814741, 0.000308100541588, -0.000531942467205, -0.0001242779108, -0.000326720415615, 0.000362882768968, -0.000899389036931, 0.00117373315152, -0.000941482197959, 0.00142821995541], [-0.0002000307868, 0.000720956304576, -0.00132225814741, 0.00335561670363, -0.00117702863645, 0.000785640906543, -0.00051564903697, 0.000543617992662, -0.00041238378617, 0.00112761743367, -0.00109922059346, 0.00194221793208, -0.00202111457475], [0.000147437705891, -0.000905424414668, 0.000308100541588, -0.00117702863645, 0.00438703410327, -0.0016213923227, 0.000267365365289, 0.000450368766906, -0.0011985769961, 0.000753641827032, 9.76983574219e-05, -0.000873281678651, 0.00109441613313], [-0.000269281299552, 0.000568681803998, -0.000531942467205, 0.000785640906543, -0.0016213923227, 0.00651817023754, -0.00195386866108, -0.000918114732485, 0.000622398860287, -0.00159320246894, 0.000351460214006, 0.000440414150944, -0.00100488378666], [0.000334904296324, -0.00115216244012, -0.0001242779108, -0.00051564903697, 0.000267365365289, -0.00195386866108, 0.009132290259, -0.00403072824702, 0.00154283898883, 0.000304146873532, -0.000573654950131, 0.000509137054905, -0.000264440634055], [-0.000270546268439, 0.00134103419259, -0.000326720415615, 0.000543617992662, 0.000450368766906, -0.000918114732485, -0.00403072824702, 0.0125476112589, -0.00511943176389, 0.000326062523527, 0.000751561427023, -0.00219650217332, -0.00116072781384], [0.000326166977175, -0.0014096290106, 0.000362882768968, -0.00041238378617, -0.0011985769961, 0.000622398860287, 0.00154283898883, -0.00511943176389, 0.0133536448702, -0.00477350177243, -0.000494549633004, 0.00180497742258, -0.00138635747135], [-0.000286183232674, 0.00132218934596, -0.000899389036931, 0.00112761743367, 0.000753641827032, -0.00159320246894, 0.000304146873532, 0.000326062523527, -0.00477350177243, 0.0142599996179, -0.00277693453245, -0.0016055626329, -0.000214603860513], [0.000295742182061, -0.000971921603195, 0.00117373315152, -0.00109922059346, 9.76983574219e-05, 0.000351460214006, -0.000573654950131, 0.000751561427023, -0.000494549633004, -0.00277693453245, 0.0121552161872, -0.00312204589136, 0.000620689825155], [-0.000334250187734, 0.000830807257444, -0.000941482197959, 0.00194221793208, -0.000873281678651, 0.000440414150944, 0.000509137054905, -0.00219650217332, 0.00180497742258, -0.0016055626329, -0.00312204589136, 0.0147335669026, -0.00506555428728], [0.000404048361816, -0.00136706547346, 0.00142821995541, -0.00202111457475, 0.00109441613313, -0.00100488378666, -0.000264440634055, -0.00116072781384, -0.00138635747135, -0.000214603860513, 0.000620689825155, -0.00506555428728, 0.0183827858418]], "mean": [7.39550018311, 71.2150344849, -96.0024719238, 45.0390281677, -56.7631530762, 25.5848865509, -37.5578727722, 14.1112613678, -23.8308753967, 6.03866291046, -19.4935340881, 2.09989714622, -12.0696582794], "cov": [[8080.07275391, -446.049865723, 254.051391602, 146.947189331, -238.253082275, 310.798553467, -207.831420898, 131.727508545, -189.813690186, 172.860244751, -187.720855713, 163.321060181, -138.802871704], [-446.049865723, 1179.50292969, 16.2365818024, -0.879582464695, 251.341934204, -60.4328346252, 105.618873596, -80.4891967773, 100.726402283, -94.671585083, 77.2485046387, -59.4507064819, 61.8321533203], [254.051391602, 16.2365818024, 1176.20202637, 410.084869385, 55.557434082, 100.101509094, 63.211265564, 37.7238349915, -12.3066282272, 32.8121261597, -73.713142395, 4.72292709351, -41.9714241028], [146.947189331, -0.879582464695, 410.084869385, 544.445922852, 108.749679565, 6.08634805679, 27.4933815002, -8.75639915466, 1.75415372849, -25.4004077911, -9.78108406067, -40.7008056641, 7.35497283936], [-238.253082275, 251.341934204, 55.557434082, 108.749679565, 339.517791748, 42.4338264465, 34.8132553101, -16.6084327698, 45.9203910828, -29.1916675568, 19.5971450806, -15.9976902008, 11.1792602539], [310.798553467, -60.4328346252, 100.101509094, 6.08634805679, 42.4338264465, 218.949111938, 46.3290138245, 48.4094200134, 0.529240131378, 37.0009384155, -15.7918672562, 18.5521125793, 0.849346876144], [-207.831420898, 105.618873596, 63.211265564, 27.4933815002, 34.8132553101, 46.3290138245, 160.590332031, 45.1149482727, 15.3392810822, -6.18771791458, 10.6253395081, -3.20297908783, 15.9962320328], [131.727508545, -80.4891967773, 37.7238349915, -8.75639915466, -16.6084327698, 48.4094200134, 45.1149482727, 131.33392334, 36.0792160034, 29.6012058258, -6.51013755798, 27.803106308, 10.7498273849], [-189.813690186, 100.726402283, -12.3066282272, 1.75415372849, 45.9203910828, 0.529240131378, 15.3392810822, 36.0792160034, 119.522499084, 26.3887882233, 21.0056037903, -3.83273172379, 20.1621704102], [172.860244751, -94.671585083, 32.8121261597, -25.4004077911, -29.1916675568, 37.0009384155, -6.18771791458, 29.6012058258, 26.3887882233, 105.829124451, 12.065987587, 27.2435092926, -0.315741837025], [-187.720855713, 77.2485046387, -73.713142395, -9.78108406067, 19.5971450806, -15.7918672562, 10.6253395081, -6.51013755798, 21.0056037903, 12.065987587, 107.086074829, 14.6362333298, 14.3766498566], [163.321060181, -59.4507064819, 4.72292709351, -40.7008056641, -15.9976902008, 18.5521125793, -3.20297908783, 27.803106308, -3.83273172379, 27.2435092926, 14.6362333298, 95.6349258423, 16.7112350464], [-138.802871704, 61.8321533203, -41.9714241028, 7.35497283936, 11.1792602539, 0.849346876144, 15.9962320328, 10.7498273849, 20.1621704102, -0.315741837025, 14.3766498566, 16.7112350464, 72.0434951782]]}, "erbbands_spread": {"dmean": 11.9836835861, "dvar2": 365.364990234, "mean": 54.7210235596, "var": 670.486083984, "dmean2": 18.6356048584, "dvar": 159.783920288, "min": 1.79546499252, "median": 50.489944458, "max": 171.868377686}, "erbbands_kurtosis": {"dmean": 0.962544620037, "dvar2": 15.6320390701, "mean": 0.287410110235, "var": 10.8833713531, "dmean2": 1.58816719055, "dvar": 6.22959566116, "min": -1.90211009979, "median": -0.305944681168, "max": 114.855873108}, "dynamic_complexity": 3.51361083984, "erbbands_crest": {"dmean": 2.35528302193, "dvar2": 12.3406686783, "mean": 7.60494184494, "var": 12.3960018158, "dmean2": 3.8774664402, "dvar": 4.85872220993, "min": 2.17216658592, "median": 6.73019456863, "max": 30.2425251007}, "erbbands": {"dmean": [0.192206203938, 2.37601256371, 6.77435541153, 8.70046615601, 9.03133773804, 13.2585744858, 8.13401508331, 8.16909408569, 9.70033359528, 8.82557106018, 8.73771858215, 13.322057724, 12.0446424484, 7.93416452408, 10.1168336868, 10.7403774261, 9.40180206299, 11.3920965195, 12.937046051, 10.6331644058, 13.1800994873, 10.1174907684, 7.58436918259, 8.46778964996, 9.32308864594, 9.3223695755, 6.56166362762, 4.87957286835, 5.31065893173, 3.80761194229, 3.97489929199, 3.66975688934, 2.14147496223, 1.13752067089, 0.72992348671, 0.684767127037, 0.0662918388844, 0.00839011371136, 0.000649022113066, 3.86275169149e-05], "dvar2": [0.344489514828, 42.3103752136, 530.508056641, 1045.74035645, 1448.57678223, 2778.91064453, 990.932556152, 724.417053223, 1928.21520996, 1694.62426758, 1196.2467041, 2121.02124023, 1736.13757324, 956.293518066, 1069.37231445, 1350.95812988, 1040.55065918, 1425.82214355, 2042.19934082, 1284.75646973, 1495.97473145, 1318.82263184, 719.646972656, 1387.85742188, 1713.0546875, 1348.93786621, 491.118835449, 299.888702393, 281.585540771, 188.128829956, 289.71496582, 657.280944824, 182.960708618, 39.03307724, 13.2609853745, 4.81474924088, 0.0927691459656, 0.00557162519544, 5.4776246543e-05, 5.96669096353e-08], "mean": [0.314137220383, 3.50675845146, 9.71001338959, 10.2540998459, 9.34638500214, 13.0106487274, 9.13968658447, 11.1764183044, 11.4324398041, 11.8851547241, 12.6506328583, 22.5150108337, 18.1383361816, 12.4677791595, 18.5966148376, 17.6682357788, 15.3580818176, 19.0293216705, 19.3901767731, 17.7399482727, 22.2716789246, 18.7043437958, 12.6339759827, 12.9541215897, 13.8133020401, 15.1159315109, 11.5770587921, 8.52993392944, 9.75893115997, 7.6140332222, 7.23787975311, 6.61635398865, 3.85718536377, 2.03182506561, 1.20354473591, 0.855753779411, 0.108244240284, 0.0134252030402, 0.00081366719678, 7.48983584344e-05], "var": [0.252253830433, 25.105922699, 296.242706299, 417.846618652, 403.590301514, 724.722473145, 313.409606934, 309.395874023, 583.625427246, 606.308532715, 529.73840332, 2394.56176758, 1023.72595215, 614.55682373, 1041.51733398, 852.285339355, 692.94342041, 1186.00366211, 1182.18078613, 1032.87683105, 1119.4901123, 949.284973145, 499.801727295, 604.20715332, 946.208190918, 821.115600586, 411.68081665, 266.692047119, 241.490142822, 220.490081787, 255.384536743, 430.820892334, 166.070968628, 34.1914138794, 10.9356250763, 2.78733086586, 0.0712812021375, 0.00340195000172, 4.13703310187e-05, 4.26888071559e-08], "dmean2": [0.309563338757, 3.96113753319, 11.0979576111, 14.8542232513, 15.6860847473, 23.3115215302, 14.0183029175, 13.8527469635, 16.8141670227, 15.0205392838, 14.7145814896, 21.4882926941, 19.9477462769, 13.0929660797, 15.9488010406, 17.6504402161, 15.2522268295, 18.7732200623, 21.5119285583, 16.5163516998, 20.9411029816, 16.0434131622, 11.9945411682, 13.6546096802, 14.7225561142, 14.7408599854, 10.3467712402, 7.61966562271, 8.19361591339, 5.69181585312, 6.04043388367, 5.56430625916, 3.20960092545, 1.71939659119, 1.11145544052, 1.08504199982, 0.101895548403, 0.012913685292, 0.00105955917388, 6.0731319536e-05], "dvar": [0.129465550184, 15.5470619202, 216.208557129, 392.758209229, 531.887145996, 996.026611328, 364.505859375, 267.051635742, 689.93182373, 607.794677734, 439.277832031, 898.244689941, 649.020629883, 401.748840332, 468.777526855, 517.681518555, 418.113525391, 552.684570312, 770.158203125, 555.426940918, 611.755065918, 510.07723999, 308.415161133, 532.354309082, 741.544006348, 561.695678711, 199.936981201, 132.280197144, 122.735107422, 93.61378479, 138.557373047, 272.071472168, 84.8477783203, 17.7914524078, 6.15085744858, 2.03014302254, 0.0423948653042, 0.00245943339542, 2.65278340521e-05, 2.6542656073e-08], "min": [1.71105091546e-22, 8.17074913082e-22, 4.21727655163e-21, 9.2145714962e-21, 2.45754051364e-20, 5.13337592964e-20, 9.14294621776e-20, 1.78260291288e-19, 1.79964386747e-19, 4.62665329357e-19, 6.36142474602e-19, 6.21848897015e-19, 6.75866272556e-19, 1.77204276329e-18, 1.47217707334e-18, 2.12414418514e-18, 3.55036837692e-18, 2.6465583728e-18, 2.27346207303e-18, 4.24383441627e-18, 5.72188043945e-18, 5.23932105447e-18, 6.50862432776e-18, 7.56055653019e-18, 6.40122526498e-18, 8.85812746014e-18, 1.07517730113e-17, 1.21725028627e-17, 1.13349601586e-17, 1.37042709579e-17, 1.37792358553e-17, 1.14325385195e-17, 1.08443750537e-17, 9.17781043301e-18, 7.38773533917e-18, 4.91199741428e-18, 2.36790190395e-18, 8.68425699051e-19, 2.48893373041e-19, 2.85891035728e-20], "median": [0.0834695249796, 1.36394643784, 3.39273881912, 3.20910620689, 3.93834733963, 4.20901012421, 3.25407385826, 5.3586192131, 4.26800632477, 4.65482950211, 5.15542554855, 7.15086078644, 7.94102144241, 5.11860227585, 7.14131879807, 7.78374004364, 6.14185094833, 7.75076818466, 6.27327871323, 6.26196050644, 9.60524845123, 7.1832985878, 5.01714611053, 5.04539203644, 5.09904384613, 5.88796138763, 4.69978713989, 3.61040329933, 5.35537910461, 3.7203836441, 3.2672867775, 2.55804657936, 1.36429703236, 0.782282829285, 0.435414284468, 0.270877093077, 0.0413572192192, 0.00340517959557, 0.000145828802488, 4.90856400575e-05], "max": [4.89781808853, 38.9206848145, 221.118865967, 272.898712158, 429.654815674, 418.049713135, 249.474121094, 313.169342041, 454.667236328, 720.573425293, 435.952606201, 1132.15258789, 762.350097656, 505.467407227, 675.880065918, 546.170654297, 389.713989258, 816.726318359, 435.860229492, 420.745422363, 455.918182373, 993.434326172, 585.360412598, 578.196472168, 1122.83776855, 497.494232178, 321.658538818, 386.663818359, 359.150238037, 350.787597656, 346.751037598, 754.588317871, 350.004821777, 154.032928467, 107.244949341, 47.7728500366, 8.09194469452, 3.05338716507, 0.393701910973, 0.0156750064343]}, "silence_rate_30dB": {"dmean": 0.0633944422007, "dvar2": 0.139706149697, "mean": 0.942995667458, "var": 0.0537482649088, "dmean2": 0.126796379685, "dvar": 0.05938038975, "min": 0, "median": 1, "max": 1}, "silence_rate_60dB": {"dmean": 0.0281490236521, "dvar2": 0.0622424520552, "mean": 0.0989888235927, "var": 0.0891655012965, "dmean2": 0.0563013777137, "dvar": 0.0273575652391, "min": 0, "median": 0, "max": 1}, "spectral_energyband_middle_low": {"dmean": 0.00643231254071, "dvar2": 0.000418162206188, "mean": 0.00975912436843, "var": 0.000171149556991, "dmean2": 0.0107296034694, "dvar": 0.000163899283507, "min": 2.03866649023e-22, "median": 0.00555871566758, "max": 0.165854007006}, "spectral_spread": {"dmean": 661299.6875, "dvar2": 1248207306750.0, "mean": 5859190.5, "var": 3711483510780.0, "dmean2": 994719.5, "dvar": 569705889792, "min": 732510.1875, "median": 5833390.5, "max": 42673532}, "barkbands": {"dmean": [8.40404463816e-05, 0.00919442158192, 0.00660903193057, 0.00255067367107, 0.00344758830033, 0.000945103121921, 0.000694798014592, 0.000330545561155, 0.000593810866121, 0.000366287160432, 0.000224381263251, 0.000288738112431, 0.000219615001697, 0.000252289581113, 0.000205766205909, 0.000260628032265, 0.000182855306775, 0.0001472007134, 0.000174548738869, 0.000206546887057, 0.00013139701332, 0.000139452327858, 0.000135886541102, 0.000145915866597, 9.9430741102e-05, 8.64666362759e-05, 3.82506186725e-06], "dvar2": [3.85372516121e-08, 0.000644418061711, 0.000638296711259, 9.37322547543e-05, 0.000200629248866, 9.24813411984e-06, 1.09097927634e-05, 1.88198259821e-06, 3.77126093554e-06, 1.9907083697e-06, 6.16406168774e-07, 7.82223139595e-07, 5.77345872443e-07, 6.70057431762e-07, 5.02282830439e-07, 6.57223267808e-07, 4.27365250744e-07, 2.46892682298e-07, 5.35269805368e-07, 7.51469542593e-07, 1.94716989199e-07, 1.97115426204e-07, 2.91601736535e-07, 1.07678022232e-06, 2.44109429559e-07, 8.31698230286e-08, 2.10603290363e-09], "mean": [0.000179114591