{"tonal": {"chords_key": "B", "hpcp_entropy": {"dmean": 0.517528474331, "dmean2": 0.868211209774, "max": 4.28236961365, "dvar": 0.242093384266, "mean": 1.72564470768, "dvar2": 0.627018690109, "min": 0, "var": 0.567853987217, "median": 1.75846505165}, "key_key": "B", "chords_strength": {"dmean": 0.00820434186608, "dmean2": 0.00718877464533, "max": 0.743486046791, "dvar": 0.000399220269173, "mean": 0.48111975193, "dvar2": 0.000713477144018, "min": -1, "var": 0.0317265205085, "median": 0.493668556213}, "key_scale": "major", "chords_number_rate": 0.00207000365481, "thpcp": [1, 0.57285451889, 0.173455044627, 0.140712797642, 0.171747177839, 0.405952781439, 0.577869355679, 0.366347908974, 0.173803448677, 0.139830440283, 0.145767599344, 0.481063872576, 0.749549388885, 0.469186365604, 0.430829048157, 0.71199375391, 0.645064413548, 0.587467432022, 0.459534436464, 0.243711009622, 0.580959379673, 0.85245269537, 0.480114847422, 0.163458794355, 0.137954220176, 0.167757362127, 0.466744035482, 0.726739287376, 0.482071518898, 0.193975359201, 0.157613664865, 0.181500002742, 0.346509367228, 0.474489122629, 0.371626138687, 0.671717822552], "key_strength": 0.754029750824, "tuning_nontempered_energy_ratio": 0.628073573112, "tuning_frequency": 440.763122559, "chords_changes_rate": 0.0436582602561, "tuning_diatonic_strength": 0.625169217587, "chords_scale": "major", "chords_histogram": [40.6473464966, 2.89800524712, 13.3232965469, 2.22054958344, 1.50545728207, 0, 0.451637178659, 0.0564546473324, 0.0752728655934, 0, 0, 0, 0, 0.0752728655934, 0.0188182163984, 0.131727516651, 0, 1.59954833984, 0, 1.03500187397, 1.59954833984, 6.00301074982, 10.8392925262, 17.5197582245], "tuning_equal_tempered_deviation": 0.0204509869218, "hpcp": {"dmean": [0.0659323334694, 0.080445587635, 0.0898093506694, 0.0808489248157, 0.097194083035, 0.123118005693, 0.125576972961, 0.114331819117, 0.064681455493, 0.0536903291941, 0.0622773803771, 0.0811921879649, 0.0787357985973, 0.0756624639034, 0.0539404414594, 0.0511832349002, 0.0616980716586, 0.0957413464785, 0.0976618826389, 0.104920499027, 0.0931903645396, 0.107449918985, 0.115315936506, 0.117833070457, 0.100984968245, 0.0856366381049, 0.110484384, 0.115863807499, 0.101217463613, 0.069375269115, 0.0591405555606, 0.0628361776471, 0.092680580914, 0.09762070328, 0.0930402129889, 0.0708648264408], "dmean2": [0.121512576938, 0.150988355279, 0.159281805158, 0.13951613009, 0.169618681073, 0.210505753756, 0.213042989373, 0.19625389576, 0.118764981627, 0.0994992181659, 0.114629261196, 0.14134760201, 0.136300563812, 0.130436316133, 0.099130988121, 0.0960189476609, 0.114638902247, 0.164774343371, 0.168244749308, 0.178342849016, 0.159957379103, 0.181400448084, 0.19394595921, 0.205390304327, 0.177504733205, 0.156209856272, 0.187579154968, 0.190985798836, 0.174923613667, 0.128856733441, 0.111106805503, 0.113190971315, 0.160657510161, 0.16661465168, 0.159408643842, 0.127283990383], "max": [1, 1, 1, 1, 1, 1, 1, 1, 1, 1, 1, 1, 1, 1, 1, 1, 1, 1, 1, 1, 1, 1, 1, 1, 1, 1, 1, 1, 1, 1, 1, 1, 1, 1, 1, 1], "dvar": [0.0254029482603, 0.0369793362916, 0.0306192487478, 0.0271988827735, 0.0293911397457, 0.0336336009204, 0.0430060103536, 0.0325608924031, 0.0221049878746, 0.0215209685266, 0.0245167706162, 0.0277889538556, 0.0283365882933, 0.0253836885095, 0.0236921384931, 0.0248185396194, 0.0253297425807, 0.0320207551122, 0.0344362147152, 0.0330973304808, 0.0277581848204, 0.0395985841751, 0.0356431268156, 0.0383843705058, 0.0331702195108, 0.0350600071251, 0.0324009247124, 0.0354189872742, 0.0315881557763, 0.0278729572892, 0.0276403408498, 0.0238361917436, 0.032391153276, 0.0383440777659, 0.0318224169314, 0.026929307729], "mean": [0.0477859638631, 0.0550279244781, 0.105056151748, 0.143857583404, 0.112671159208, 0.203654199839, 0.303184151649, 0.173680409789, 0.0525888204575, 0.0426618903875, 0.0520710237324, 0.123078450561, 0.17520083487, 0.111070878804, 0.0526944510639, 0.0423943735659, 0.0441944263875, 0.145850941539, 0.227251499891, 0.14224986732, 0.130620539188, 0.2158652246, 0.195573315024, 0.178110808134, 0.139323562384, 0.0738893151283, 0.176137670875, 0.25845015049, 0.145563215017, 0.0495581179857, 0.0418255329132, 0.0508613735437, 0.141509398818, 0.220335841179, 0.146156445146, 0.0588102564216], "dvar2": [0.0705687105656, 0.104280054569, 0.0830591022968, 0.0679924413562, 0.0781555920839, 0.0896221995354, 0.101029209793, 0.0872915759683, 0.062794148922, 0.0608248412609, 0.0693511143327, 0.0750597268343, 0.0670130550861, 0.0659318342805, 0.0681964531541, 0.071645848453, 0.0717717856169, 0.0819546878338, 0.0808783993125, 0.0844926536083, 0.0720535963774, 0.0890383943915, 0.0891178399324, 0.104480192065, 0.0926473587751, 0.103846698999, 0.0879000797868, 0.0841570794582, 0.0904833748937, 0.0807442739606, 0.0763629227877, 0.0648182928562, 0.0859457403421, 0.0934487581253, 0.0810482427478, 0.0753951668739], "min": [0, 0, 0, 0, 0, 0, 0, 0, 0, 0, 0, 0, 0, 0, 0, 0, 0, 0, 0, 0, 0, 0, 0, 0, 0, 0, 0, 0, 0, 0, 0, 0, 0, 0, 0, 0], "var": [0.0174676142633, 0.0242599584162, 0.0382034145296, 0.0688886716962, 0.0368954949081, 0.064380094409, 0.129033118486, 0.0530435927212, 0.0177344512194, 0.0167649500072, 0.020335899666, 0.0530847012997, 0.0882932320237, 0.0383719466627, 0.0252389013767, 0.0175257660449, 0.016140030697, 0.0503352060914, 0.104993619025, 0.0472371689975, 0.0453869104385, 0.111977927387, 0.0793173983693, 0.0621810108423, 0.042020894587, 0.0277193654329, 0.0533586591482, 0.0975849553943, 0.0406434200704, 0.0194242093712, 0.0188412759453, 0.0194203536958, 0.0573104098439, 0.11810451746, 0.0619645863771, 0.0208809114993], "median": [0.00722319586203, 0.00520859006792, 0.0184955745935, 0.0259589254856, 0.0288718640804, 0.0757102817297, 0.112252056599, 0.0571399480104, 0.00861049629748, 0.00560830067843, 0.00504345260561, 0.0212652608752, 0.0396657660604, 0.027972407639, 0.00710662221536, 0.00506174750626, 0.00649410160258, 0.0343325547874, 0.0504809692502, 0.0343422070146, 0.0209166966379, 0.0191402956843, 0.046738628298, 0.0468273088336, 0.0434461012483, 0.0168879926205, 0.0756305381656, 0.120157659054, 0.0618223957717, 0.00510604772717, 0.0030266775284, 0.00509040337056, 0.0150731736794, 0.0221383161843, 0.0174190439284, 0.0112308626994]}}, "lowlevel": {"melbands_flatness_db": {"dmean": 0.0233128592372, "dmean2": 0.0358677208424, "max": 0.492655962706, "dvar": 0.000763971940614, "mean": 0.21662196517, "dvar2": 0.00171799468808, "min": -3.45145423353e-07, "var": 0.00449193641543, "median": 0.212129861116}, "melbands_crest": {"dmean": 2.50045871735, "dmean2": 4.10376834869, "max": 33.4020881653, "dvar": 7.03126382828, "mean": 13.8327522278, "dvar2": 18.3148517609, "min": 1.00470006466, "var": 22.629611969, "median": 13.0788230896}, "spectral_entropy": {"dmean": 0.169712498784, "dmean2": 0.23922868073, "max": 9.83318710327, "dvar": 0.0465767234564, "mean": 7.51265764236, "dvar2": 0.0879400074482, "min": 5.40975618362, "var": 0.31835770607, "median": 7.47470569611}, "melbands": {"dmean": [0.00141265778802, 0.00179779587779, 0.000625459593721, 0.000722865748685, 0.000440555450041, 0.000278920517303, 0.0001468215778, 0.000184459873708, 0.00011416333291, 9.65267754509e-05, 6.29767164355e-05, 4.69209771836e-05, 5.21580295754e-05, 2.62739013124e-05, 4.06731342082e-05, 2.64607224381e-05, 2.14420124394e-05, 1.48561193782e-05, 1.68233527802e-05, 1.0723356354e-05, 1.45538806464e-05, 1.11767449198e-05, 8.10551864561e-06, 6.3873990257e-06, 4.59040211354e-06, 5.5477062233e-06, 5.22675145476e-06, 3.64512720807e-06, 2.74513149634e-06, 2.90471575681e-06, 3.05398384626e-06, 2.98532131637e-06, 3.33600701197e-06, 2.50444827543e-06, 2.5089977953e-06, 2.62528101302e-06, 1.97287818082e-06, 1.61485604622e-06, 1.68780843524e-06, 1.37117115173e-06], "dmean2": [0.00228547817096, 0.00299253943376, 0.00110048777424, 0.00123319658451, 0.000708813953679, 0.000455078145023, 0.000227352138609, 0.000277348473901, 0.000165290985024, 0.000134339832584, 8.62798915477e-05, 6.59141951473e-05, 7.51722545829e-05, 3.85379134968e-05, 5.98069091211e-05, 4.23920755566e-05, 3.38014942827e-05, 2.29037304962e-05, 2.68903877441e-05, 1.68940969161e-05, 2.37216390815e-05, 1.80878923857e-05, 1.2903006791e-05, 1.01728155641e-05, 7.17632156011e-06, 9.13647545531e-06, 8.27596886666e-06, 5.81049562243e-06, 4.56783845948e-06, 4.86748604089e-06, 5.13821760251e-06, 4.84081920149e-06, 5.33560069016e-06, 3.92161609852e-06, 3.83701762985e-06, 4.01376291848e-06, 2.93784682981e-06, 2.24418317885e-06, 2.38893289861e-06, 1.97903500521e-06], "max": [0.0293183159083, 0.0382652021945, 0.0159496814013, 0.0253464877605, 0.0114024356008, 0.0196473821998, 0.00555713381618, 0.00822114013135, 0.0101407030597, 0.00977641716599, 0.00598339224234, 0.004919861909, 0.00396472634748, 0.002597381128, 0.00440681539476, 0.00140848418232, 0.00108307029586, 0.000937211967539, 0.00112364836968, 0.000654127448797, 0.000563098932616, 0.00110497884452, 0.00136357115116, 0.000876858481206, 0.000669412082061, 0.000834477017634, 0.00094027875457, 0.000601957610343, 0.000308055401547, 0.000222863585805, 0.000164935801877, 0.000125118269352, 0.000149548490299, 0.000172521104105, 0.000211461505387, 0.00028823496541, 0.000182244955795, 0.000140793985338, 0.000144216872286, 0.000109799919301], "dvar": [9.15350938158e-06, 1.37229890242e-05, 1.27102191527e-06, 2.40034410126e-06, 6.63457456085e-07, 4.39597442892e-07, 7.65479697407e-08, 1.19825315892e-07, 7.07230398689e-08, 5.42313358665e-08, 2.24367209256e-08, 1.77409802404e-08, 8.58068638365e-09, 5.56578383382e-09, 1.39918192588e-08, 3.66986196987e-09, 2.02133265681e-09, 1.14114750982e-09, 1.05341380063e-09, 4.37245684104e-10, 6.40219655068e-10, 5.8773536038e-10, 6.06731831443e-10, 5.52024759237e-10, 2.09369507842e-10, 2.51303200471e-10, 3.7190375779e-10, 1.91706595043e-10, 5.92598470295e-11, 5.68742518359e-11, 5.60527908811e-11, 5.40061051435e-11, 6.72086969411e-11, 3.45771258847e-11, 4.77200640114e-11, 6.00908350856e-11, 3.21149599969e-11, 2.52747180823e-11, 3.51235880658e-11, 2.1244488807e-11], "mean": [0.00256909616292, 0.00343604828231, 0.0010941317305, 0.00130232039373, 0.00112781056669, 0.00069470598828, 0.000401955156121, 0.0004768994404, 0.000390404602513, 0.000305330497213, 0.000188454971067, 0.000159934570547, 0.000128527579363, 6.28889538348e-05, 0.000116612667625, 4.712759619e-05, 4.01554498239e-05, 2.85995120066e-05, 3.36438388331e-05, 2.18817203859e-05, 2.86649756163e-05, 2.30225232372e-05, 1.60891486303e-05, 1.15904267659e-05, 8.984523447e-06, 1.03324709926e-05, 9.01899966266e-06, 5.11218104293e-06, 3.58267971023e-06, 3.57526619155e-06, 3.83121823688e-06, 4.14180158259e-06, 4.77058802062e-06, 4.47430284112e-06, 4.474794423e-06, 4.42171085524e-06, 3.50570189767e-06, 2.86835438601e-06, 3.07163850266e-06, 2.49453023571e-06], "dvar2": [2.3587315809e-05, 3.7785492168e-05, 3.61479669664e-06, 6.71300040267e-06, 1.69106715475e-06, 1.17679257983e-06, 1.86435428873e-07, 2.59904737732e-07, 1.30305892299e-07, 1.03436910592e-07, 3.76179691841e-08, 3.81379443581e-08, 1.57420689817e-08, 1.14482299196e-08, 2.94769346709e-08, 9.09509534353e-09, 4.43463266109e-09, 2.53601939448e-09, 2.50440712612e-09, 9.7073793448e-10, 1.67789415695e-09, 1.36264277639e-09, 1.40245814961e-09, 1.26356480834e-09, 3.96407517922e-10, 6.46858955289e-10, 7.44476202907e-10, 3.96720656326e-10, 1.38819691853e-10, 1.39849798408e-10, 1.40406630766e-10, 1.32981681222e-10, 1.65739172386e-10, 7.64358715211e-11, 9.73929825676e-11, 1.22316323736e-10, 6.20661022577e-11, 4.41836116305e-11, 6.45007103284e-11, 4.17453467627e-11], "min": [1.87625912027e-24, 1.37410813333e-24, 9.42706531109e-25, 7.51327494996e-25, 1.28040269906e-24, 1.59892658879e-24, 1.08806933847e-24, 1.76564267756e-24, 2.09810692278e-24, 1.67891964838e-24, 1.66256873118e-24, 1.57432546842e-24, 2.2209814751e-24, 3.6516738123e-24, 2.9564956616e-24, 2.01902677247e-24, 1.89387438429e-24, 3.20420429673e-24, 2.16871608747e-24, 3.15810957631e-24, 3.6427368071e-24, 4.29691746213e-24, 2.93284955597e-24, 3.9542958439e-24, 3.89992518373e-24, 4.21345440064e-24, 4.76484608528e-24, 4.69451006368e-24, 4.42797447419e-24, 3.67314818386e-24, 4.64552259033e-24, 4.64541412195e-24, 4.69979937605e-24, 5.74743939591e-24, 5.42885397503e-24, 5.48962979132e-24, 4.7233886837e-24, 6.00199889357e-24, 4.71844765342e-24, 6.59577528579e-24], "var": [9.76368028205e-06, 1.42172348205e-05, 1.46049364957e-06, 3.15553120345e-06, 2.26302540796e-06, 1.49844561292e-06, 2.67440015023e-07, 4.67801413606e-07, 5.24695906279e-07, 3.37537528594e-07, 1.71543575789e-07, 1.7604669722e-07, 6.04265864013e-08, 1.74535959019e-08, 1.30559953959e-07, 8.49403125613e-09, 6.46220055245e-09, 2.66253730175e-09, 2.38126607321e-09, 1.21364374106e-09, 1.99244665211e-09, 1.80120207638e-09, 1.08363240603e-09, 9.90342918783e-10, 5.07241471048e-10, 4.07968686611e-10, 8.03622113299e-10, 3.74096170708e-10, 9.65983473766e-11, 7.9420622856e-11, 8.20134793411e-11, 9.32070184922e-11, 1.16851070486e-10, 8.40540484437e-11, 1.23056398404e-10, 1.51215234778e-10, 9.18423809226e-11, 7.85272957771e-11, 1.11835665728e-10, 6.37944905235e-11], "median": [0.00188453448936, 0.00277914199978, 0.000784015166573, 0.000578117906116, 0.000457145564724, 0.000301048858091, 0.000209737190744, 0.000199599075131, 7.47472658986e-05, 0.000107822132122, 6.03946282354e-05, 3.53315699613e-05, 5.31279220013e-05, 2.37967287831e-05, 2.19312805712e-05, 1.9445154976e-05, 1.59649243869e-05, 1.48299295688e-05, 1.88395060832e-05, 1.1759058907e-05, 1.4383486814e-05, 1.04903629108e-05, 8.72712462296e-06, 5.39604297956e-06, 4.29568444815e-06, 5.16026466357e-06, 4.03807143812e-06, 1.68926897004e-06, 1.28401870825e-06, 9.95337813947e-07, 9.96063590719e-07, 9.71622739598e-07, 1.08138442556e-06, 1.69625900526e-06, 1.4406750779e-06, 1.18843297514e-06, 9.31878446409e-07, 4.57817492361e-07, 3.69508285303e-07, 4.08868771729e-07]}, "silence_rate_60dB": {"dmean": 0.00414117658511, "dmean2": 0.00828313268721, "max": 1, "dvar": 0.00412395596504, "mean": 0.0502540953457, "dvar2": 0.00877933949232, "min": 0, "var": 0.0477283187211, "median": 0}, "spectral_energyband_middle_high": {"dmean": 0.0012267420534, "dmean2": 0.00184115301818, "max": 0.0432808585465, "dvar": 3.27787529386e-06, "mean": 0.00537135824561, "dvar2": 7.17322245691e-06, "min": 1.08293007533e-21, "var": 3.78459844796e-05, "median": 0.00346431788057}, "erbbands_skewness": {"dmean": 0.280919909477, "dmean2": 0.417871266603, "max": 4.16010761261, "dvar": 0.08993781358, "mean": 0.526075959206, "dvar2": 0.175468847156, "min": -3.130849123, "var": 0.635051846504, "median": 0.572739243507}, "dynamic_complexity": 2.91977477074, "dissonance": {"dmean": 0.0194366406649, "dmean2": 0.0325769856572, "max": 0.500000119209, "dvar": 0.000354797753971, "mean": 0.450526624918, "dvar2": 0.000969398301095, "min": 0.267707228661, "var": 0.00111649290193, "median": 0.457325696945}, "spectral_skewness": {"dmean": 0.215329185128, "dmean2": 0.324584901333, "max": 5.29384660721, "dvar": 0.0678718686104, "mean": 1.68687176704, "dvar2": 0.148091599345, "min": -0.0880334898829, "var": 0.330697655678, "median": 1.71795129776}, "spectral_kurtosis": {"dmean": 1.41081929207, "dmean2": 2.22729754448, "max": 49.4929542542, "dvar": 4.28180503845, "mean": 4.55820798874, "dvar2": 11.0125846863, "min": -1.26208639145, "var": 11.2290868759, "median": 4.20592308044}, "gfcc": {"cov": [[28552.9921875, 971.955200195, -1388.12854004, 862.647338867, -1055.35705566, 487.537506104, -828.483032227, 452.455871582, -274.976226807, -31.2002353668, -513.083740234, -105.877037048, -421.658721924], [971.955200195, 1806.33508301, -513.65625, 33.9576759338, 343.879516602, 32.6115570068, 174.683746338, 107.303649902, 133.862838745, -76.3699493408, 135.98789978, -35.8154258728, 38.4217720032], [-1388.12854004, -513.65625, 862.244812012, 55.0178222656, 125.660331726, 137.964324951, 46.0577964783, 25.2922496796, -9.1553440094, 90.6326141357, -47.6547050476, 33.0962753296, 0.507144868374], [862.647338867, 33.9576759338, 55.0178222656, 497.384002686, 122.13129425, 141.108795166, 48.6464004517, 84.0529708862, 45.0184707642, 25.2495651245, -3.83918786049, -21.9616966248, 38.2667427063], [-1055.35705566, 343.879516602, 125.660331726, 122.13129425, 464.148132324, 60.7360992432, 186.140609741, 86.0615921021, 102.914955139, 16.0509777069, 61.6957588196, -9.94062519073, 45.6746520996], [487.537506104, 32.6115570068, 137.964324951, 141.108795166, 60.7360992432, 348.159210205, 121.270690918, 116.909690857, 13.3359146118, 31.3300914764, 12.4981775284, 13.1106939316, -30.34649086], [-828.483032227, 174.683746338, 46.0577964783, 48.6464004517, 186.140609741, 121.270690918, 303.980926514, 74.5007553101, 47.2972297668, -7.49920368195, 76.5739898682, -15.5162677765, 3.39528560638], [452.455871582, 107.303649902, 25.2922496796, 84.0529708862, 86.0615921021, 116.909690857, 74.5007553101, 169.517547607, 48.442489624, 21.5134677887, 10.0784492493, 2.74001836777, -17.2523193359], [-274.976226807, 133.862838745, -9.1553440094, 45.0184707642, 102.914955139, 13.3359146118, 47.2972297668, 48.442489624, 143.159408569, 26.0307006836, 30.5897083282, 1.73614096642, 30.4209709167], [-31.2002353668, -76.3699493408, 90.6326141357, 25.2495651245, 16.0509777069, 31.3300914764, -7.49920368195, 21.5134677887, 26.0307006836, 96.7341537476, 24.8856582642, 15.0417585373, 5.78028249741], [-513.083740234, 135.98789978, -47.6547050476, -3.83918786049, 61.6957588196, 12.4981775284, 76.5739898682, 10.0784492493, 30.5897083282, 24.8856582642, 119.221694946, 26.4869270325, 11.8059196472], [-105.877037048, -35.8154258728, 33.0962753296, -21.9616966248, -9.94062519073, 13.1106939316, -15.5162677765, 2.74001836777, 1.73614096642, 15.0417585373, 26.4869270325, 84.2157287598, 23.8336544037], [-421.658721924, 38.4217720032, 0.507144868374, 38.2667427063, 45.6746520996, -30.34649086, 3.39528560638, -17.2523193359, 30.4209709167, 5.78028249741, 11.8059196472, 23.8336544037, 95.2542037964]], "mean": [4.5028629303, 87.090423584, -95.177406311, 24.7184734344, -55.645275116, 15.2213001251, -39.7821998596, 11.0290193558, -18.5413570404, 0.4606988132, -13.5085477829, 2.27561903, -10.9861268997], "icov": [[6.74410184729e-05, -7.35138746677e-05, 0.000100076562376, -0.000147402999573, 0.000127687555505, -5.30650395376e-05, 0.000112680216262, -0.000149966595927, 8.97957070265e-05, -0.000151535161422, 0.00029845937388, -0.000114613729238, 0.000249769043876], [-7.35138746677e-05, 0.00106887554284, 0.00049851211952, 0.000360867037671, -0.000931907212362, -0.000271979399258, 0.000141603683005, -0.000142973192851, -0.000351263588527, 0.000854402896948, -0.00105299416464, 0.000557415245567, -0.000523556489497], [0.000100076562376, 0.00049851211952, 0.00220809131861, -4.72681531392e-05, -0.00097077031387, -0.000750220729969, -0.000126540588099, 0.000230406527407, 0.000451486441307, -0.00175109831616, 0.00180275377352, -0.000977339339443, 0.000505056174006], [-0.000147402999573, 0.000360867037671, -4.72681531392e-05, 0.00310290162452, -0.000908912159503, -0.00113814591896, 0.000373635586584, -0.000485538388602, -0.000197741494048, 0.000231093057664, -0.000740021525417, 0.00182161456905, -0.00238731736317], [0.000127687555505, -0.000931907212362, -0.00097077031387, -0.000908912159503, 0.00465210294351, 0.000753167725634, -0.00155056919903, -0.0010930087883, -0.00106621824671, -0.000189787446288, 0.00010502852092, 0.000269024516456, -0.000550310127437], [-5.30650395376e-05, -0.000271979399258, -0.000750220729969, -0.00113814591896, 0.000753167725634, 0.00524260336533, -0.00213653664105, -0.00194077647757, 0.000502125767525, -0.000911580165848, 0.000631245842669, -0.00174772425089, 0.00162375683431], [0.000112680216262, 0.000141603683005, -0.000126540588099, 0.000373635586584, -0.00155056919903, -0.00213653664105, 0.00689737964422, -0.00150761357509, -2.81767916022e-05, 0.00264993659221, -0.00410493602976, 0.00277894712053, -0.000502181821503], [-0.000149966595927, -0.000142973192851, 0.000230406527407, -0.000485538388602, -0.0010930087883, -0.00194077647757, -0.00150761357509, 0.0102762551978, -0.0026067821309, -0.00141756341327, 0.00157716334797, -0.0018272184534, 0.00258866208605], [8.97957070265e-05, -0.000351263588527, 0.000451486441307, -0.000197741494048, -0.00106621824671, 0.000502125767525, -2.81767916022e-05, -0.0026067821309, 0.0102385906503, -0.00266823219135, -0.000275410740869, 0.000646924017929, -0.00241936859675], [-0.000151535161422, 0.000854402896948, -0.00175109831616, 0.000231093057664, -0.000189787446288, -0.000911580165848, 0.00264993659221, -0.00141756341327, -0.00266823219135, 0.0156507771462, -0.00643533468246, 0.00121342623606, -0.0012531549437], [0.00029845937388, -0.00105299416464, 0.00180275377352, -0.000740021525417, 0.00010502852092, 0.000631245842669, -0.00410493602976, 0.00157716334797, -0.000275410740869, -0.00643533468246, 0.0165856834501, -0.00669718859717, 0.00271485676058], [-0.000114613729238, 0.000557415245567, -0.000977339339443, 0.00182161456905, 0.000269024516456, -0.00174772425089, 0.00277894712053, -0.0018272184534, 0.000646924017929, 0.00121342623606, -0.00669718859717, 0.0173817947507, -0.00637388741598], [0.000249769043876, -0.000523556489497, 0.000505056174006, -0.00238731736317, -0.000550310127437, 0.00162375683431, -0.000502181821503, 0.00258866208605, -0.00241936859675, -0.0012531549437, 0.00271485676058, -0.00637388741598, 0.016146402806]]}, "spectral_complexity": {"dmean": 3.23275303841, "dmean2": 5.2737197876, "max": 53, "dvar": 17.4606876373, "mean": 18.0437602997, "dvar2": 43.2925682068, "min": 0, "var": 69.9872894287, "median": 18}, "spectral_flux": {"dmean": 0.0277894530445, "dmean2": 0.0418783575296, "max": 0.387734502554, "dvar": 0.00131158216391, "mean": 0.083325996995, "dvar2": 0.0023862326052, "min": 6.32213101315e-11, "var": 0.00301783625036, "median": 0.0694301873446}, "spectral_energyband_low": {"dmean": 0.00772559083998, "dmean2": 0.0124187944457, "max": 0.1533382833, "dvar": 0.000229376921197, "mean": 0.0167819447815, "dvar2": 0.000567423994653, "min": 1.63495856005e-23, "var": 0.000290051364573, "median": 0.0142317377031}, "spectral_decrease": {"dmean": 2.92678703495e-09, "dmean2": 4.77567985158e-09, "max": 1.89430725804e-28, "dvar": 1.98573407983e-17, "mean": -1.02829789128e-08, "dvar2": 4.95270487474e-17, "min": -5.44324336715e-08, "var": 3.52545237338e-17, "median": -9.962235481e-09}, "barkbands_spread": {"dmean": 5.08109426498, "dmean2": 7.61051940918, "max": 127.706016541, "dvar": 72.4493789673, "mean": 21.4247264862, "dvar2": 124.307243347, "min": 0.876577913761, "var": 318.593994141, "median": 17.437040329}, "spectral_rms": {"dmean": 0.000809951685369, "dmean2": 0.00129836075939, "max": 0.0143423117697, "dvar": 1.15924740385e-06, "mean": 0.00601482065395, "dvar2": 2.8409162951e-06, "min": 3.12911111952e-12, "var": 4.18501258537e-06, "median": 0.00625634007156}, "spectral_centroid": {"dmean": 187.092315674, "dmean2": 284.440765381, "max": 11792.3808594, "dvar": 87435.7109375, "mean": 1202.5177002, "dvar2": 163473.203125, "min": 188.808120728, "var": 1694823.5, "median": 953.512268066}, "barkbands_skewness": {"dmean": 0.468652576208, "dmean2": 0.71849745512, "max": 14.756567955, "dvar": 0.398973613977, "mean": 1.85390472412, "dvar2": 0.923204898834, "min": -2.2817261219, "var": 1.78716814518, "median": 1.78200173378}, "spectral_rolloff": {"dmean": 415.768890381, "dmean2": 678.382202148, "max": 19702.8808594, "dvar": 1301232, "mean": 1572.98730469, "dvar2": 2359768.75, "min": 64.599609375, "var": 8298302.5, "median": 732.12890625}, "erbbands_spread": {"dmean": 8.029337883, "dmean2": 11.8224306107, "max": 164.106430054, "dvar": 109.909820557, "mean": 42.068359375, "dvar2": 230.041351318, "min": 4.61159276962, "var": 439.214233398, "median": 38.2280426025}, "barkbands": {"dmean": [0.000173290231032, 0.00587434927002, 0.00277546560392, 0.00115776457824, 0.00318569154479, 0.00149043858983, 0.000882086693309, 0.000696854258422, 0.000781705952249, 0.00022099573107, 0.00043650297448, 0.000361086509656, 0.000257319887169, 0.00022405537311, 0.00021148234373, 0.000184517135494, 0.00016096777108, 0.000138061674079, 0.000122296914924, 0.000128734696773, 0.000116213224828, 0.000157293499797, 0.000141684271512, 0.00014509675384, 0.000136015107273, 5.93334152654e-05, 1.8243366867e-05], "dmean2": [0.000289139337838, 0.00949395447969, 0.00486631831154, 0.00203890213743, 0.00536279706284, 0.00242030108348, 0.00133834697772, 0.00103733188007, 0.00106612534728, 0.000322334730299, 0.000628843670711, 0.000517805689014, 0.000400018529035, 0.000349648937117, 0.000332240277203, 0.000297695136396, 0.000258059240878, 0.000219073146582, 0.000198515452212, 0.000203657516977, 0.000192730745766, 0.000250961107668, 0.000214050174691, 0.000204850017326, 0.000186277553439, 8.53888341226e-05, 2.89310301014e-05], "max": [0.00607335101813, 0.113318324089, 0.0806898400187, 0.0265937969089, 0.0942731052637, 0.0835830941796, 0.0330422073603, 0.0523778162897, 0.0629762634635, 0.0356802195311, 0.0338686183095, 0.0336737446487, 0.0136352237314, 0.0103094875813, 0.0103430263698, 0.00791496690363, 0.0154226627201, 0.0168966427445, 0.0156681891531, 0.0218862816691, 0.00793059449643, 0.00618842849508, 0.0128812156618, 0.0107191000134, 0.00936587713659, 0.00367793790065, 0.000815952604171], "dvar": [1.61568181056e-07, 0.000143248485983, 4.08962114307e-05, 3.93046639147e-06, 3.91090943594e-05, 1.11271183414e-05, 2.50321545536e-06, 2.52018844549e-06, 2.728130994e-06, 6.18604133251e-07, 8.01681665052e-07, 9.47765670389e-07, 3.59512910109e-07, 2.03964361845e-07, 1.45026362475e-07, 1.08016301681e-07, 1.21640667317e-07, 2.04805104431e-07, 1.1231945507e-07, 1.93455250042e-07, 8.15037495272e-08, 1.4646447255e-07, 1.50096695961e-07, 1.72790890929e-07, 1.96821417831e-07, 3.03679286162e-08, 2.90605517428e-09], "mean": [0.000448537699413, 0.0105537353083, 0.00489984406158, 0.00167989917099, 0.00648086844012, 0.00380891817622, 0.00234038778581, 0.00166186643764, 0.00267737475224, 0.000560959451832, 0.00123422220349, 0.000962510588579, 0.00045652926201, 0.00041393720312, 0.000433678156696, 0.000384046026738, 0.000334591721185, 0.000270798482234, 0.000240508335992, 0.000205224307138, 0.000152071108459, 0.000227915414143, 0.000269690906862, 0.000274633377558, 0.000274823367363, 0.000103146652691, 2.07977336686e-05], "dvar2": [4.1903436454e-07, 0.000369698362192, 0.000119457894471, 1.10101364044e-05, 0.000108676525997, 2.93751127174e-05, 5.72146609557e-06, 5.27172960574e-06, 4.82156519865e-06, 1.33343655762e-06, 1.5216888869e-06, 1.87585317235e-06, 7.79824517849e-07, 4.32139074746e-07, 3.37716443255e-07, 2.67312685764e-07, 2.59974143546e-07, 4.51612237384e-07, 2.70107904043e-07, 3.62810595789e-07, 1.97634378196e-07, 3.57159564146e-07, 2.97828336215e-07, 2.84308185883e-07, 3.27063901295e-07, 5.71671705529e-08, 6.89344714644e-09], "min": [1.08530521916e-25, 4.220209811e-24, 1.4676567815e-24, 8.79178379121e-25, 4.34977627038e-24, 7.08732516545e-24, 3.47597871149e-24, 6.68607264373e-24, 1.12902806163e-23, 9.67261404506e-24, 1.39479963933e-23, 3.04363331608e-23, 2.42229443937e-23, 2.51661333133e-23, 3.45705291285e-23, 3.65221804744e-23, 6.90512858861e-23, 9.48538090688e-23, 1.53759617962e-22, 1.58708073e-22, 2.1496116355e-22, 3.19335816926e-22, 3.70475839254e-22, 5.86982892499e-22, 8.38277323269e-22, 1.20110340793e-21, 1.86531348589e-21], "var": [3.31705109602e-07, 0.000158177484991, 3.7641468225e-05, 5.00641544932e-06, 6.26656546956e-05, 4.08871128457e-05, 1.06843181129e-05, 8.84650216904e-06, 2.15801846934e-05, 3.1807301184e-06, 8.81669529917e-06, 5.95517485635e-06, 8.32751311464e-07, 6.0630588905e-07, 3.50092363988e-07, 3.62950146382e-07, 3.48725933463e-07, 4.18106168354e-07, 2.32227165498e-07, 4.4825861778e-07, 1.26541280565e-07, 2.61369137888e-07, 4.17923814666e-07, 6.02131137839e-07, 7.25019674519e-07, 8.74137455753e-08, 3.38416050738e-09], "median": [0.000191248167539, 0.00758016249165, 0.00338184693828, 0.00090243993327, 0.00329943629913, 0.00157369591761, 0.00103735039011, 0.000518966349773, 0.000919940066524, 0.000142315300764, 0.000365711312043, 0.000258654996287, 0.000172095256858, 0.000177612368134, 0.000255879422184, 0.000204067968298, 0.000166401994647, 0.000134014117066, 0.000122390250908, 8.58709827298e-05, 4.72095198347e-05, 5.44803697267e-05, 9.26305074245e-05, 6.18612248218e-05, 4.81080205645e-05, 1.75576606125e-05, 1.30292005451e-06]}, "melbands_kurtosis": {"dmean": 7.4937953949, "dmean2": 11.9222726822, "max": 567.268920898, "dvar": 308.446411133, "mean": 17.1754055023, "dvar2": 751.625915527, "min": -1.64090740681, "var": 613.565856934, "median": 10.8130741119}, "erbbands_crest": {"dmean": 1.88619840145, "dmean2": 2.9362282753, "max": 28.0342350006, "dvar": 3.54150629044, "mean": 9.1179523468, "dvar2": 8.32747745514, "min": 2.19454860687, "var": 16.0046081543, "median": 8.35439968109}, "melbands_skewness": {"dmean": 0.64397341013, "dmean2": 0.985847771168, "max": 19.8258037567, "dvar": 0.71501994133, "mean": 2.94364309311, "dvar2": 1.62574362755, "min": -0.8627576828, "var": 3.11984014511, "median": 2.72820997238}, "spectral_energyband_middle_low": {"dmean": 0.00551888952032, "dmean2": 0.00919305160642, "max": 0.112579979002, "dvar": 9.20641978155e-05, "mean": 0.0187340024859, "dvar2": 0.000253431790043, "min": 1.49274899539e-22, "var": 0.000182498217328, "median": 0.0176415294409}, "spectral_contrast_coeffs": {"dmean": [0.0469107404351, 0.0413101874292, 0.0337514802814, 0.0291542392224, 0.0225125458091, 0.017065314576], "dmean2": [0.0786801278591, 0.0672638639808, 0.053032014519, 0.046165112406, 0.0356109701097, 0.0273870769888], "max": [-0.246829509735, -0.349413722754, -0.436342418194, -0.517408788204, -0.568771958351, -0.618963956833], "dvar": [0.00176277954597, 0.00141572044231, 0.000822281406727, 0.000618211284745, 0.000436700764112, 0.000274112506304], "mean": [-0.623533666134, -0.681641757488, -0.724397420883, -0.759515523911, -0.776255071163, -0.788604557514], "dvar2": [0.00471167592332, 0.00349395140074, 0.00194382772315, 0.00149648590013, 0.000990394852124, 0.000695455353707], "min": [-0.981883049011, -0.986649036407, -0.997139275074, -0.991267621517, -0.989408969879, -0.964707016945], "var": [0.0104669760913, 0.00833348277956, 0.00655986554921, 0.00392642850056, 0.0027983947657, 0.00161981198471], "median": [-0.629992723465, -0.68114054203, -0.731657385826, -0.759953379631, -0.776584386826, -0.788343310356]}, "spectral_contrast_valleys": {"dmean": [0.348409384489, 0.347495526075, 0.290430635214, 0.283291727304, 0.291620254517, 0.321906745434], "dmean2": [0.580899894238, 0.568007528782, 0.467690259218, 0.446892619133, 0.430337011814, 0.418238550425], "max": [-4.95265722275, -4.38268375397, -5.10004043579, -6.0461935997, -5.46079444885, -7.04954433441], "dvar": [0.108477987349, 0.135931074619, 0.07420206815, 0.0942144393921, 0.142948508263, 0.197954982519], "mean": [-7.32099246979, -7.00159692764, -7.80234146118, -8.10553455353, -8.03011512756, -10.0897655487], "dvar2": [0.246279790998, 0.331220954657, 0.168092146516, 0.205452084541, 0.298098862171, 0.37009704113], "min": [-28.2773933411, -28.0539855957, -27.9287643433, -27.7248706818, -27.5818481445, -27.4292926788], "var": [7.22528457642, 6.65972471237, 5.99213409424, 5.94788837433, 6.16215467453, 5.59384822845], "median": [-6.62823963165, -6.6133646965, -7.4228477478, -7.66954135895, -7.56817674637, -9.75390052795]}, "silence_rate_20dB": {"dmean": 0, "dmean2": 0, "max": 1, "dvar": 0, "mean": 1, "dvar2": 0, "min": 1, "var": 0, "median": 1}, "silence_rate_30dB": {"dmean": 0.0124235292897, "dmean2": 0.0248493980616, "max": 1, "dvar": 0.0122680366039, "mean": 0.993318259716, "dvar2": 0.0357111021876, "min": 0, "var": 0.00663750711828, "median": 1}, "spectral_strongpeak": {"dmean": 0.448604315519, "dmean2": 0.782974123955, "max": 10.2577924728, "dvar": 0.59415692091, "mean": 1.07772684097, "dvar2": 1.46456062794, "min": 0, "var": 1.6161044836, "median": 0.562388122082}, "spectral_spread": {"dmean": 609469, "dmean2": 831862.375, "max": 42401920, "dvar": 765663379456, "mean": 5923125, "dvar2": 1301797535740.0, "min": 1156956.5, "var": 19827620053000.0, "median": 5129704}, "barkbands_flatness_db": {"dmean": 0.0194889008999, "dmean2": 0.0301027521491, "max": 0.37286645174, "dvar": 0.000482413801365, "mean": 0.138694182038, "dvar2": 0.00110692868475, "min": 0.031408559531, "var": 0.0023840633221, "median": 0.131620556116}, "pitch_salience": {"dmean": 0.0611960478127, "dmean2": 0.0992729142308, "max": 0.996013522148, "dvar": 0.00431832438335, "mean": 0.513635516167, "dvar2": 0.0111256623641, "min": 0.0914815366268, "var": 0.0121945636347, "median": 0.514033913612}, "erbbands_kurtosis": {"dmean": 0.764201164246, "dmean2": 1.17070603371, "max": 26.3143901825, "dvar": 1.15572822094, "mean": 0.791569054127, "dvar2": 2.57329082489, "min": -1.83220815659, "var": 5.22854232788, "median": 0.0971350669861}, "average_loudness": 0.943284988403, "barkbands_crest": {"dmean": 2.18421840668, "dmean2": 3.57758259773, "max": 25.5608730316, "dvar": 5.48168373108, "mean": 10.3566808701, "dvar2": 14.2412195206, "min": 2.62992143631, "var": 16.1500453949, "median": 9.47699356079}, "hfc": {"dmean": 8.16110992432, "dmean2": 12.1686553955, "max": 302.293762207, "dvar": 254.588134766, "mean": 28.2447090149, "dvar2": 507.275238037, "min": 1.07895698713e-16, "var": 885.107666016, "median": 21.2148971558}, "barkbands_kurtosis": {"dmean": 3.14450478554, "dmean2": 5.06313753128, "max": 242.137649536, "dvar": 65.2729263306, "mean": 6.24474954605, "dvar2": 169.36227417, "min": -1.9374114275, "var": 106.989868164, "median": 3.54318928719}, "erbbands": {"dmean": [0.13340587914, 1.48189103603, 3.32358384132, 3.41267609596, 6.30161857605, 13.464641571, 11.5013628006, 12.7702827454, 8.82970046997, 17.552280426, 14.2573366165, 13.8966531754, 12.3218545914, 11.9494724274, 11.1755723953, 12.7787179947, 10.7586479187, 11.7670879364, 8.47891521454, 10.50390625, 11.4342880249, 9.67085266113, 7.50641775131, 5.57003879547, 6.93208599091, 5.65473222733, 4.3245177269, 5.10183477402, 5.3227148056, 4.83067417145, 4.29961156845, 3.39543747902, 2.29901027679, 1.63204264641, 1.00555419922, 0.357809990644, 0.0915084034204, 0.0183630269021, 0.0033276937902, 0.000205972799449], "dmean2": [0.219748690724, 2.41867184639, 5.73142957687, 6.02473402023, 11.0778131485, 22.4527816772, 18.2497520447, 20.8626861572, 13.7463083267, 26.281211853, 20.7761535645, 19.3144130707, 16.8918132782, 16.8177719116, 16.2233161926, 18.4645385742, 16.67719841, 18.5706691742, 13.0845184326, 16.6481571198, 18.4801044464, 15.4822673798, 11.8895807266, 8.69678115845, 11.1894416809, 8.88455200195, 7.06266927719, 8.56373214722, 8.53710460663, 7.54313421249, 6.48978710175, 4.99977588654, 3.14861917496, 2.29100966454, 1.40250015259, 0.511031985283, 0.134408071637, 0.0273535791785, 0.00531277712435, 0.000326146109728], "max": [3.20262765884, 30.3950786591, 83.9298629761, 92.8991012573, 240.845031738, 426.667755127, 367.501068115, 967.658081055, 372.909790039, 889.139770508, 1074.05456543, 1399.23339844, 1190.46105957, 1263.98657227, 863.707275391, 1231.11462402, 697.883300781, 644.502807617, 515.808959961, 459.593780518, 461.047485352, 874.88104248, 996.981140137, 762.009155273, 1415.90661621, 981.24230957, 388.551818848, 253.428771973, 203.044799805, 286.641693115, 366.311950684, 286.695770264, 187.636138916, 116.791610718, 94.9714584351, 22.6023693085, 6.5052075386, 1.22092735767, 0.132449865341, 0.0102514661849], "dvar": [0.096221357584, 9.11989974976, 54.5128517151, 47.3432540894, 160.63369751, 739.481323242, 526.073669434, 992.488647461, 329.036743164, 1090.35705566, 1098.1697998, 1211.40551758, 823.846374512, 1068.09350586, 348.090606689, 1343.44177246, 515.083496094, 585.435424805, 292.543731689, 404.504455566, 401.484893799, 421.772033691, 656.182189941, 303.391845703, 525.447692871, 431.229644775, 136.740036011, 151.944595337, 164.735427856, 128.370574951, 143.638442993, 86.9197006226, 52.3860359192, 29.9329586029, 10.4857301712, 1.15807294846, 0.0763211771846, 0.00261556310579, 9.08558140509e-05, 4.43512362835e-07], "mean": [0.243918314576, 2.52054977417, 6.18983793259, 5.68108654022, 10.356256485, 26.0528812408, 30.2952308655, 30.9410934448, 23.9299373627, 46.0234184265, 45.7804756165, 44.7558746338, 38.2220573425, 41.9117012024, 28.1915531158, 35.6295509338, 26.3849201202, 23.193561554, 18.7616558075, 21.4741325378, 24.6872386932, 21.7884235382, 15.4889554977, 11.720867157, 13.4507064819, 8.92629146576, 5.88815927505, 6.58493041992, 7.69215536118, 8.26128005981, 7.85334682465, 6.2216129303, 4.32702875137, 3.14119029045, 1.89569270611, 0.645734369755, 0.153652146459, 0.0260341670364, 0.00391304818913, 0.000254853395745], "dvar2": [0.256586998701, 24.0768413544, 157.517105103, 135.146896362, 459.756408691, 2006.86120605, 1274.57458496, 2656.91967773, 806.684204102, 2349.94873047, 2121.28173828, 2168.09521484, 1389.22912598, 2253.80688477, 658.677734375, 2680.47436523, 1173.37426758, 1314.46154785, 649.580993652, 931.598388672, 1025.77246094, 936.597167969, 1518.88586426, 577.41998291, 1284.75012207, 846.16809082, 317.682983398, 375.084747314, 399.918060303, 288.835357666, 284.811645508, 155.056854248, 86.1835784912, 54.1853485107, 19.1333370209, 2.12116599083, 0.149878799915, 0.00566363334656, 0.000214624684304, 1.08510960217e-06], "min": [1.30519586367e-22, 7.32377404178e-22, 2.76576965874e-21, 5.14979102193e-21, 9.24659566436e-21, 2.3122111808e-20, 4.12157603606e-20, 6.36263062026e-20, 9.42237105986e-20, 2.0941687624e-19, 2.85197321999e-19, 2.91640981423e-19, 4.75878247173e-19, 4.6319126113e-19, 7.30673605583e-19, 1.64466170524e-18, 1.2905717412e-18, 1.33173762515e-18, 2.07606844794e-18, 3.15737776303e-18, 3.25363098065e-18, 4.56376306179e-18, 5.00016494141e-18, 5.54688210906e-18, 6.49423097151e-18, 7.59344523134e-18, 8.51374321981e-18, 8.25573483341e-18, 1.03445726753e-17, 1.21128920918e-17, 1.09981487568e-17, 9.44348430215e-18, 9.32545638209e-18, 7.28609634858e-18, 6.27582220257e-18, 3.78677328726e-18, 2.22735957518e-18, 9.6478727733e-19, 2.38558836962e-19, 2.76131338475e-20], "var": [0.0940349325538, 9.58423137665, 51.5026245117, 49.077709198, 205.525299072, 1376.94128418, 2076.61523438, 3318.60791016, 1037.13708496, 4642.50195312, 6044.08447266, 6897.48144531, 6347.33349609, 12022.171875, 1904.61730957, 8294.2265625, 2613.88085938, 1813.90869141, 725.094604492, 988.433166504, 1440.89172363, 1345.57092285, 1205.26672363, 748.62701416, 931.155578613, 960.390075684, 238.254821777, 226.946456909, 299.018615723, 297.090057373, 392.279510498, 274.72644043, 181.141098022, 100.74294281, 33.9432067871, 3.76643371582, 0.194262757897, 0.00447944924235, 0.000113014772069, 4.49565163763e-07], "median": [0.186834588647, 1.75972986221, 4.74173736572, 3.66114521027, 5.52373504639, 10.2338466644, 10.9399147034, 13.0102205276, 12.0048027039, 20.4106445312, 13.5398244858, 15.9814538956, 14.2338857651, 10.4407205582, 14.3295955658, 10.2314329147, 9.71775054932, 10.379365921, 11.48391819, 12.3867931366, 13.1534748077, 11.4701814651, 8.29701423645, 5.93772506714, 6.85045862198, 3.68459057808, 2.07922315598, 1.78008031845, 1.80777049065, 2.80040979385, 2.4508061409, 1.73401176929, 0.70475935936, 0.503559231758, 0.34372907877, 0.111476242542, 0.024751637131, 0.00330028729513, 0.000265946640866, 6.60910736769e-05]}, "spectral_energy": {"dmean": 0.0114926071838, "dmean2": 0.0187339577824, "max": 0.21084445715, "dvar": 0.000298981671222, "mean": 0.0413720570505, "dvar2": 0.000750408798922, "min": 1.00361193642e-20, "var": 0.000539259694051, "median": 0.0401203334332}, "zerocrossingrate": {"dmean": 0.0113776652142, "dmean2": 0.012669253163, "max": 0.53466796875, "dvar": 0.000300299288938, "mean": 0.0649642422795, "dvar2": 0.000297693710309, "min": 0.00390625, "var": 0.00504054594785, "median": 0.044921875}, "spectral_energyband_high": {"dmean": 0.000710400985554, "dmean2": 0.00102434016299, "max": 0.0280502289534, "dvar": 2.88310411634e-06, "mean": 0.00140287494287, "dvar2": 5.1876