{"lowlevel": {"spectral_strongpeak": {"max": 12.4849624634, "dmean": 0.47788259387, "dvar2": 2.89255332947, "dmean2": 0.851097583771, "var": 1.10636603832, "median": 0.3429659307, "min": 0, "dvar": 1.08582186699, "mean": 0.666378676891}, "barkbands_flatness_db": {"max": 0.749547123909, "dmean": 0.0225246716291, "dvar2": 0.00155360170174, "dmean2": 0.03247962147, "var": 0.00954493228346, "median": 0.0934358984232, "min": 0.0236716270447, "dvar": 0.000807706092019, "mean": 0.129381775856}, "barkbands_skewness": {"max": 61.501083374, "dmean": 0.613546431065, "dvar2": 2.04415917397, "dmean2": 0.961428821087, "var": 11.3977003098, "median": 0.93882215023, "min": -2.24259114265, "dvar": 0.918537735939, "mean": 1.66441249847}, "spectral_energyband_middle_high": {"max": 0.0589782521129, "dmean": 0.0017754357541, "dvar2": 1.30981425173e-05, "dmean2": 0.00274609145708, "var": 3.49448309862e-05, "median": 0.00712215015665, "min": 2.51362732712e-12, "dvar": 5.5800555856e-06, "mean": 0.00741478754207}, "erbbands_kurtosis": {"max": 295.52822876, "dmean": 1.43318367004, "dvar2": 36.6819572449, "dmean2": 2.14616322517, "var": 236.339401245, "median": -0.0310421474278, "min": -1.9111315012, "dvar": 18.6945762634, "mean": 2.50598144531}, "erbbands_crest": {"max": 29.3399944305, "dmean": 2.37363386154, "dvar2": 13.4092512131, "dmean2": 3.85477113724, "var": 20.2870597839, "median": 7.2408246994, "min": 2.19279265404, "dvar": 5.34731531143, "mean": 8.59138298035}, "dynamic_complexity": 2.38781023026, "barkbands_crest": {"max": 26.9261035919, "dmean": 2.31010150909, "dvar2": 15.8893594742, "dmean2": 3.71128535271, "var": 19.0168170929, "median": 7.51521444321, "min": 2.17724871635, "dvar": 6.4366736412, "mean": 8.70405769348}, "dissonance": {"max": 0.500000178814, "dmean": 0.0117447273806, "dvar2": 0.00047493877355, "dmean2": 0.0187477972358, "var": 0.00157899176702, "median": 0.483125507832, "min": 0.147725179791, "dvar": 0.000217112159589, "mean": 0.471110522747}, "spectral_energyband_low": {"max": 0.15632326901, "dmean": 0.00878385454416, "dvar2": 0.000924449588638, "dmean2": 0.0148848760873, "var": 0.000292466778774, "median": 0.00873145088553, "min": 5.56253341999e-11, "dvar": 0.000342976243701, "mean": 0.0133294286206}, "spectral_contrast_coeffs": {"max": [-0.304011434317, -0.44103333354, -0.474675774574, -0.55205231905, -0.652265131474, -0.561176598072], "dmean": [0.0471693724394, 0.0456961169839, 0.0367221608758, 0.0293100252748, 0.0192225463688, 0.0214971322566], "dvar2": [0.00433231983334, 0.00406525237486, 0.00232274597511, 0.00147650798317, 0.000639069185127, 0.000922691018786], "dmean2": [0.0781753584743, 0.075039960444, 0.0579630769789, 0.0475858151913, 0.0316076427698, 0.0326786153018], "var": [0.00484628370032, 0.00439593475312, 0.00552770402282, 0.00283898808993, 0.00131353444885, 0.00357011239976], "median": [-0.634456396103, -0.744938135147, -0.784676671028, -0.782127976418, -0.792032718658, -0.69610452652], "min": [-0.974571585655, -0.975408017635, -0.964076936245, -0.973396420479, -0.959936022758, -0.960480868816], "dvar": [0.00159300037194, 0.00150491402019, 0.000937312142923, 0.00060055765789, 0.000249229720794, 0.000445861835033], "mean": [-0.630123496056, -0.73955732584, -0.773051083088, -0.784593820572, -0.794973492622, -0.709842503071]}, "silence_rate_60dB": {"max": 1, "dmean": 0.00805934611708, "dvar2": 0.0175084881485, "dmean2": 0.0161201693118, "var": 0.031368535012, "median": 0, "min": 0, "dvar": 0.00799791421741, "mean": 0.0324175842106}, "mfcc": {"icov": [[0.000214780098759, 9.79854157777e-05, 0.000314491713652, 6.19712882326e-05, 0.000331568619004, -8.54560712469e-05, 8.39599379105e-05, -0.000182725707418, -0.000355554308044, -0.000129485648358, -0.000354629242793, -0.000171757477801, -3.75243398594e-05], [9.79854157777e-05, 0.00148581585381, 0.000108552580059, -0.000608913891483, -0.000548718729988, 0.000578083738219, -0.000194907581317, -0.000466648925794, 0.000580102088861, 0.000359100406058, 1.35243644763e-05, -0.000228790464462, 0.00125220336486], [0.000314491713652, 0.000108552580059, 0.00257317186333, -0.000432966277003, -0.000819342210889, 0.000722618598957, -0.000820346991532, -0.000871751341037, 0.00206024595536, -0.00151685765013, 0.000455141242128, 0.00183853891212, -0.00141721474938], [6.19712882326e-05, -0.000608913891483, -0.000432966277003, 0.0050346404314, -0.000546817493159, -0.00227855728008, 0.00188041571528, 0.00195179344155, -0.00364118092693, 0.00220973556861, -0.00069571682252, -0.00263847457245, -0.000552980229259], [0.000331568619004, -0.000548718729988, -0.000819342210889, -0.000546817493159, 0.00864493940026, -0.00139065401163, -1.83484871741e-06, 0.00262881396338, -0.00164909602609, 0.000123147285194, 0.000498101813719, -0.000586362497415, -0.000601760460995], [-8.54560712469e-05, 0.000578083738219, 0.000722618598957, -0.00227855728008, -0.00139065401163, 0.0147576108575, -0.00643651653081, -0.00357273011468, 0.00546039035544, -0.00174956209958, 0.000569375813939, 0.00234603160061, -0.00134260312188], [8.39599379105e-05, -0.000194907581317, -0.000820346991532, 0.00188041571528, -1.83484871741e-06, -0.00643651653081, 0.0124671729282, -0.00203363690525, -0.0040799989365, 0.00427798600867, -0.00220927828923, -0.00421698670834, 0.00265084183775], [-0.000182725707418, -0.000466648925794, -0.000871751341037, 0.00195179344155, 0.00262881396338, -0.00357273011468, -0.00203363690525, 0.0171839632094, -0.00562969455495, -0.00354500487447, 0.00161598413251, 0.000610839342698, -0.000512320431881], [-0.000355554308044, 0.000580102088861, 0.00206024595536, -0.00364118092693, -0.00164909602609, 0.00546039035544, -0.0040799989365, -0.00562969455495, 0.0201163217425, -0.00731518678367, 7.37303998903e-05, 0.00232666288503, -0.000613447802607], [-0.000129485648358, 0.000359100406058, -0.00151685765013, 0.00220973556861, 0.000123147285194, -0.00174956209958, 0.00427798600867, -0.00354500487447, -0.00731518678367, 0.0198705289513, -0.00664498656988, 0.000800936948508, 0.00251521565951], [-0.000354629242793, 1.35243644763e-05, 0.000455141242128, -0.00069571682252, 0.000498101813719, 0.000569375813939, -0.00220927828923, 0.00161598413251, 7.37303998903e-05, -0.00664498656988, 0.0226900856942, -0.010813716799, 0.00174305168912], [-0.000171757477801, -0.000228790464462, 0.00183853891212, -0.00263847457245, -0.000586362497415, 0.00234603160061, -0.00421698670834, 0.000610839342698, 0.00232666288503, 0.000800936948508, -0.010813716799, 0.0291580818594, -0.00985641498119], [-3.75243398594e-05, 0.00125220336486, -0.00141721474938, -0.000552980229259, -0.000601760460995, -0.00134260312188, 0.00265084183775, -0.000512320431881, -0.000613447802607, 0.00251521565951, 0.00174305168912, -0.00985641498119, 0.022994896397]], "cov": [[11711.8837891, -1142.24731445, -2020.34118652, -273.588562012, -746.412231445, 6.06212568283, 99.4724578857, 354.854248047, 554.97076416, 366.121887207, 446.67098999, 258.37310791, -20.8749275208], [-1142.24731445, 893.297912598, 158.377365112, 131.828445435, 124.429122925, -15.9150438309, -5.85353469849, -49.1177139282, -62.7152328491, -67.7392120361, -40.1637039185, -12.7834796906, -32.3690681458], [-2020.34118652, 158.377365112, 826.553100586, 29.8961296082, 159.325088501, 5.68216609955, -13.3058004379, -40.6742706299, -126.904602051, -40.4668006897, -99.0777206421, -77.0021743774, 20.413482666], [-273.588562012, 131.828445435, 29.8961296082, 304.48348999, 63.5996246338, 14.5252571106, -15.0485010147, -45.9467735291, 11.9508333206, -36.9685020447, 8.51382160187, 35.1679954529, 23.5543899536], [-746.412231445, 124.429122925, 159.325088501, 63.5996246338, 182.152160645, 8.96483898163, -4.28642606735, -44.0990829468, -32.4167938232, -31.5539512634, -28.3269500732, -8.37370300293, 9.3014383316], [6.06212568283, -15.9150438309, 5.68216609955, 14.5252571106, 8.96483898163, 101.889503479, 52.1965827942, 20.5026321411, -9.24619674683, -2.97135925293, 1.34634363651, 2.36558413506, 3.18954443932], [99.4724578857, -5.85353469849, -13.3058004379, -15.0485010147, -4.28642606735, 52.1965827942, 130.255371094, 31.2815799713, 17.5061511993, -3.98227715492, 18.1934432983, 17.6914710999, -4.97757339478], [354.854248047, -49.1177139282, -40.6742706299, -45.9467735291, -44.0990829468, 20.5026321411, 31.2815799713, 99.2448730469, 42.6484642029, 38.9531974792, 12.1419372559, -2.21543741226, -6.70286607742], [554.97076416, -62.7152328491, -126.904602051, 11.9508333206, -32.4167938232, -9.24619674683, 17.5061511993, 42.6484642029, 107.019714355, 46.9250984192, 31.6509094238, 14.0368251801, -4.3294377327], [366.121887207, -67.7392120361, -40.4668006897, -36.9685020447, -31.5539512634, -2.97135925293, -3.98227715492, 38.9531974792, 46.9250984192, 91.4580993652, 30.9113903046, 1.07234704494, -9.40456581116], [446.67098999, -40.1637039185, -99.0777206421, 8.51382160187, -28.3269500732, 1.34634363651, 18.1934432983, 12.1419372559, 31.6509094238, 30.9113903046, 82.1462402344, 38.9540977478, 2.45845389366], [258.37310791, -12.7834796906, -77.0021743774, 35.1679954529, -8.37370300293, 2.36558413506, 17.6914710999, -2.21543741226, 14.0368251801, 1.07234704494, 38.9540977478, 66.3231582642, 20.7806720734], [-20.8749275208, -32.3690681458, 20.413482666, 23.5543899536, 9.3014383316, 3.18954443932, -4.97757339478, -6.70286607742, -4.3294377327, -9.40456581116, 2.45845389366, 20.7806720734, 57.5293464661]], "mean": [-624.161437988, 111.588653564, -3.77508091927, 44.7842445374, 11.1050577164, 9.12249851227, -1.7753008604, 3.72664690018, 5.28292274475, -5.64990663528, -1.67968118191, 0.680906116962, -8.69828414917]}, "melbands_spread": {"max": 105.122207642, "dmean": 7.74930763245, "dvar2": 181.69380188, "dmean2": 12.2850627899, "var": 362.256317139, "median": 31.3405437469, "min": 0.0133303152397, "dvar": 71.7831268311, "mean": 29.8682518005}, "barkbands_kurtosis": {"max": 3851.01245117, "dmean": 6.14455509186, "dvar2": 3216.50512695, "dmean2": 9.77475452423, "var": 26995.984375, "median": -0.145437315106, "min": -1.8352073431, "dvar": 1416.27062988, "mean": 16.1029262543}, "spectral_energyband_high": {"max": 0.00812858343124, "dmean": 0.000325140135828, "dvar2": 3.93492399553e-07, "dmean2": 0.000495494517963, "var": 1.05162280306e-06, "median": 0.00116914731916, "min": 8.65305440148e-13, "dvar": 1.76756856263e-07, "mean": 0.00130763160996}, "hfc": {"max": 100.394485474, "dmean": 5.09772205353, "dvar2": 88.696975708, "dmean2": 7.81689977646, "var": 283.409515381, "median": 27.3783855438, "min": 2.41140618584e-08, "dvar": 37.7202758789, "mean": 27.1522312164}, "spectral_skewness": {"max": 12.4728050232, "dmean": 0.243497103453, "dvar2": 0.396287560463, "dmean2": 0.362096250057, "var": 1.77205204964, "median": 1.24426007271, "min": 0.00148522073869, "dvar": 0.213827967644, "mean": 1.52933120728}, "erbbands": {"max": [2.74211549759, 29.4791660309, 84.1054229736, 82.4068450928, 105.470535278, 196.767166138, 217.726287842, 297.11932373, 363.703125, 268.056762695, 247.645278931, 2356.28662109, 1085.11682129, 755.916015625, 750.855895996, 620.483459473, 318.758056641, 736.974975586, 620.768798828, 500.734954834, 805.2890625, 1225.94458008, 296.990234375, 257.647674561, 301.656921387, 431.423156738, 134.620101929, 153.721679688, 116.282943726, 81.425567627, 96.7307739258, 44.9062728882, 21.8670139313, 16.7614173889, 6.87141799927, 5.73354101181, 1.79129052162, 0.328946858644, 0.0342938825488, 0.00221559009515], "dmean": [0.135530427098, 1.40687227249, 4.02171897888, 4.55952978134, 4.63304376602, 7.87678384781, 7.05644750595, 6.99700260162, 6.48293972015, 9.37110996246, 7.84340667725, 15.8360500336, 17.79180336, 12.2279481888, 8.70233726501, 9.91172790527, 10.2337865829, 17.260269165, 16.6213817596, 15.921631813, 19.9098739624, 40.775390625, 16.2785415649, 12.8384799957, 8.391705513, 6.61426448822, 5.74977684021, 8.98014545441, 3.6043138504, 2.05317234993, 1.08399403095, 0.737145900726, 0.452193379402, 0.318857550621, 0.224321901798, 0.101387448609, 0.0292939897627, 0.0056563327089, 0.000737954047509, 4.40871190222e-05], "dvar2": [0.235990419984, 28.6085929871, 232.14932251, 138.176528931, 96.2122955322, 428.572875977, 522.184204102, 406.543365479, 500.716522217, 545.799194336, 700.778381348, 3349.28198242, 3801.56835938, 2076.33129883, 1036.16101074, 893.069885254, 812.418823242, 3125.11816406, 1867.83349609, 1410.13806152, 1809.38391113, 12222.6074219, 1068.29040527, 705.798156738, 323.271789551, 247.7293396, 137.010131836, 324.034759521, 67.8898010254, 30.9247455597, 10.8460903168, 4.51056861877, 1.31053650379, 0.76613253355, 0.402282625437, 0.0882107615471, 0.00842046644539, 0.000342484825524, 7.00755890648e-06, 1.74306666878e-08], "dmean2": [0.222373783588, 2.44588899612, 7.20060825348, 7.67238378525, 7.63829421997, 12.6776037216, 11.9393939972, 11.3421907425, 10.6922016144, 14.6309633255, 12.8136224747, 23.9338245392, 27.1320476532, 18.4501152039, 13.2677001953, 15.6732587814, 16.3822784424, 27.9994411469, 27.0002670288, 26.1973609924, 32.6316146851, 68.2482910156, 26.6968021393, 21.1090564728, 13.9273777008, 10.805814743, 9.35867404938, 14.9823417664, 5.78650617599, 3.160851717, 1.6243377924, 1.10538578033, 0.680417716503, 0.479131102562, 0.336850643158, 0.149871826172, 0.0430899523199, 0.00814265944064, 0.00106576364487, 6.35128890281e-05], "var": [0.0918943583965, 7.99857568741, 59.5171813965, 56.83020401, 58.0332145691, 295.320465088, 204.462936401, 252.187805176, 264.947723389, 594.140319824, 375.499298096, 5918.58154297, 4418.21386719, 2129.05151367, 1827.79748535, 822.927368164, 873.881408691, 2832.05639648, 1737.06213379, 1358.1706543, 2139.03344727, 10466.078125, 1688.36083984, 988.839172363, 402.566223145, 344.956970215, 213.420791626, 470.384429932, 92.0198364258, 41.4833717346, 13.6485176086, 5.76037597656, 1.77561688423, 0.750399768353, 0.341776013374, 0.0840249359608, 0.00711959879845, 0.000293971766951, 6.04977367402e-06, 1.76363883497e-08], "median": [0.0636784285307, 0.814544558525, 3.68190073967, 6.55859518051, 7.78478908539, 8.8038892746, 7.42813777924, 7.47951126099, 5.80154037476, 8.87247848511, 7.32079458237, 11.4096431732, 9.81952762604, 8.9726600647, 8.97918319702, 10.9790592194, 12.2491989136, 19.8068027496, 23.0751914978, 24.3091011047, 44.3317260742, 64.3271865845, 43.2318191528, 31.6105270386, 22.0604133606, 14.8188686371, 16.0118427277, 23.7700233459, 8.97953224182, 2.56308364868, 1.60021865368, 1.04525673389, 0.687009572983, 0.382423460484, 0.222081303596, 0.0906826406717, 0.0216211229563, 0.00330434041098, 0.000374994589947, 6.34040552541e-05], "min": [1.20410581506e-09, 5.39422773116e-09, 5.46057599138e-09, 3.12729864227e-09, 2.30917662769e-09, 1.5221727212e-09, 1.08434439205e-09, 9.98233606886e-10, 1.00628005928e-09, 1.56310675514e-09, 1.29593702436e-09, 9.51295042739e-10, 1.35842559423e-09, 2.28007168701e-09, 2.70427813476e-09, 3.62483265626e-09, 4.20960288849e-09, 5.78135317397e-09, 6.36366781492e-09, 4.84467221895e-09, 8.76782113579e-09, 1.04467803297e-08, 1.04562616343e-08, 1.00828572158e-08, 8.62400817425e-09, 7.46253814299e-09, 6.45240394448e-09, 5.33558663918e-09, 4.37739444692e-09, 3.83384080038e-09, 2.85628565244e-09, 2.08433514892e-09, 1.59617719042e-09, 1.08121489539e-09, 6.47849551783e-10, 3.2415758966e-10, 1.6181807283e-10, 6.25593465919e-11, 1.97235075494e-11, 2.4738130381e-12], "dvar": [0.0958560928702, 10.4788713455, 80.4893264771, 48.6302719116, 34.0241508484, 161.816513062, 188.772247314, 158.796615601, 204.968154907, 220.96295166, 267.873168945, 1884.81835938, 1711.22192383, 935.295654297, 462.786376953, 355.071563721, 321.225799561, 1199.65393066, 735.997314453, 547.298156738, 722.690917969, 4315.33984375, 394.070007324, 258.068817139, 117.88470459, 100.731468201, 52.7670936584, 114.178794861, 28.3645057678, 13.5582447052, 4.90449571609, 2.05987811089, 0.607222020626, 0.345959037542, 0.172995299101, 0.0394421443343, 0.00370590901002, 0.000155617730343, 3.25983887706e-06, 8.47085690481e-09], "mean": [0.160255074501, 1.61448132992, 5.65963077545, 8.50896453857, 9.69435977936, 14.2256326675, 11.6681642532, 12.3673839569, 9.92669296265, 17.8020515442, 13.2338123322, 29.897436142, 32.2161598206, 23.0397586823, 19.1544799805, 18.7805404663, 20.7293300629, 34.3224945068, 33.5214614868, 33.2298736572, 49.3912200928, 88.0391998291, 48.0158309937, 35.6731758118, 23.8662281036, 18.0255794525, 17.7486629486, 26.2039375305, 10.6672172546, 5.03566837311, 2.78181505203, 1.83935451508, 1.0938590765, 0.6572239995, 0.419526278973, 0.194022551179, 0.0525273643434, 0.00977116171271, 0.0012716766214, 0.000104757600639]}, "spectral_contrast_valleys": {"max": [-5.04609060287, -4.61802053452, -5.49528074265, -5.61872386932, -5.58784818649, -8.05924034119], "dmean": [0.365701675415, 0.358460783958, 0.332961887121, 0.32312759757, 0.250383764505, 0.270952343941], "dvar2": [0.282627671957, 0.306181132793, 0.226156905293, 0.260348260403, 0.187211900949, 0.214372232556], "dmean2": [0.604856967926, 0.58458507061, 0.51537078619, 0.481974244118, 0.344071209431, 0.376259088516], "var": [1.33740532398, 1.59791815281, 1.87300372124, 2.08861041069, 2.43975067139, 2.05354452133], "median": [-6.67086982727, -6.58196640015, -7.16026687622, -7.08100032806, -6.51686191559, -9.80936431885], "min": [-27.5610389709, -27.2837486267, -27.2108955383, -27.3657455444, -27.2643547058, -27.2015571594], "dvar": [0.122246168554, 0.132229655981, 0.114012047648, 0.141049548984, 0.12891086936, 0.122933872044], "mean": [-6.89494466782, -6.84178829193, -7.51466417313, -7.53978776932, -7.07656955719, -10.1735858917]}, "average_loudness": 0.950543582439, "erbbands_spread": {"max": 191.108169556, "dmean": 8.25497627258, "dvar2": 221.82623291, "dmean2": 12.9628763199, "var": 418.416442871, "median": 37.787147522, "min": 0.587945640087, "dvar": 99.8576126099, "mean": 41.3322105408}, "melbands_flatness_db": {"max": 0.745379686356, "dmean": 0.0289869587868, "dvar2": 0.00245988811366, "dmean2": 0.0418233834207, "var": 0.0132656600326, "median": 0.155976653099, "min": 0.0538385957479, "dvar": 0.00124528736342, "mean": 0.198791325092}, "barkbands_spread": {"max": 85.2717208862, "dmean": 5.4399266243, "dvar2": 93.4086456299, "dmean2": 8.51367473602, "var": 217.067764282, "median": 32.7557563782, "min": 0.145206257701, "dvar": 38.4667510986, "mean": 29.0169334412}, "spectral_decrease": {"max": -2.29297327845e-17, "dmean": 2.92822233128e-09, "dvar2": 6.52745889943e-17, "dmean2": 4.89109419632e-09, "var": 2.66337665038e-17, "median": -6.82725431744e-09, "min": -4.45191972176e-08, "dvar": 2.43737088926e-17, "mean": -7.69329755457e-09}, "melbands_crest": {"max": 39.9990081787, "dmean": 2.92138028145, "dvar2": 18.7999515533, "dmean2": 4.62301397324, "var": 25.5429973602, "median": 12.7540283203, "min": 3.26463270187, "dvar": 7.94416189194, "mean": 13.5870838165}, "erbbands_flatness_db": {"max": 0.477907627821, "dmean": 0.0149175478145, "dvar2": 0.000484920019517, "dmean2": 0.0210130568594, "var": 0.00356986187398, "median": 0.135712265968, "min": 0.0449869036674, "dvar": 0.000272063130978, "mean": 0.147362709045}, "melbands_kurtosis": {"max": 69564.515625, "dmean": 29.802028656, "dvar2": 536965.8125, "dmean2": 47.1629867554, "var": 8138806, "median": 5.07664299011, "min": -1.4678851366, "dvar": 277724.59375, "mean": 174.740936279}, "spectral_rms": {"max": 0.0128932753578, "dmean": 0.000862892891746, "dvar2": 3.63578737961e-06, "dmean2": 0.00139299267903, "var": 3.06785477733e-06, "median": 0.00528122251853, "min": 2.94219915986e-07, "dvar": 1.39796861731e-06, "mean": 0.00525954784825}, "melbands_skewness": {"max": 254.441360474, "dmean": 0.887349009514, "dvar2": 10.5254707336, "dmean2": 1.39889860153, "var": 145.345916748, "median": 2.22612524033, "min": -1.22792625427, "dvar": 5.40722465515, "mean": 3.52343058586}, "barkbands": {"max": [0.00260169641115, 0.120368555188, 0.0790757238865, 0.0300850458443, 0.0366158783436, 0.0411838926375, 0.0195465311408, 0.0120533397421, 0.0751534700394, 0.0500987023115, 0.0191672574729, 0.0157382879406, 0.00692162849009, 0.013857498765, 0.00780846504495, 0.0122414827347, 0.0183284915984, 0.00549815129489, 0.00413988344371, 0.00730095757172, 0.00336805335246, 0.00268036476336, 0.00374605017714, 0.00140021124389, 0.00116375996731, 0.00102097855415, 0.000208315381315], "dmean": [9.76425071713e-05, 0.0056245457381, 0.00361145264469, 0.00171438639518, 0.00181719393004, 0.000851987977512, 0.000536623760127, 0.000317980477121, 0.000698933203239, 0.000589209084865, 0.00024938484421, 0.000260967644863, 0.000201721151825, 0.000456651352579, 0.000274905672995, 0.000332306080963, 0.000661613768898, 0.000303567445371, 0.000200117880013, 0.000147774597281, 0.000182713061804, 9.53883500188e-05, 4.3251329771e-05, 2.95874306175e-05, 2.92277800327e-05, 1.81625982805e-05, 4.33816921941e-06], "dvar2": [1.13931854173e-07, 0.000425199803431, 0.000171538078575, 1.30162461573e-05, 2.18594759644e-05, 5.51000175619e-06, 2.12644226849e-06, 1.23269410324e-06, 4.9847280934e-06, 6.19300044491e-06, 7.63708158047e-07, 6.46475768917e-07, 3.53931227437e-07, 1.53214080001e-06, 4.63447662469e-07, 4.93508480304e-07, 2.82955920738e-06, 3.92460435705e-07, 1.64857809182e-07, 1.11800602554e-07, 1.25783387261e-07, 4.59361615412e-08, 1.64020654836e-08, 5.90745985463e-09, 6.24380103176e-09, 2.99753089017e-09, 2.38145364539e-10], "dmean2": [0.000156814494403, 0.00954001769423, 0.00642132759094, 0.002763642231, 0.00295982323587, 0.00139143608976, 0.000856538361404, 0.000538828608114, 0.00106768193655, 0.00088486057939, 0.000379648408853, 0.000415283226175, 0.000328365480527, 0.000745522556826, 0.000449454353657, 0.000547024654225, 0.00110503577162, 0.000499202171341, 0.00033047501347, 0.000241560293944, 0.000302474887576, 0.000152032298502, 6.50407455396e-05, 4.40915864601e-05, 4.30072432209e-05, 2.65522921836e-05, 6.21307572146e-06], "var": [5.40390914239e-08, 0.000135587179102, 4.70106206194e-05, 9.78546540864e-06, 1.20513595903e-05, 3.36219841301e-06, 1.57200497597e-06, 5.01443480516e-07, 7.33102888262e-06, 7.44794442653e-06, 1.32413333631e-06, 5.90156105318e-07, 3.37729204603e-07, 1.39852647862e-06, 4.07348210274e-07, 5.21089134509e-07, 2.69194970315e-06, 5.2435791531e-07, 2.07297375709e-07, 1.48864700122e-07, 2.27093821081e-07, 5.97271352376e-08, 2.10113046961e-08, 8.46685210831e-09, 6.11114625571e-09, 2.80551870624e-09, 2.14137110821e-10], "median": [3.72884860553e-05, 0.00310857966542, 0.00317298155278, 0.00251403264701, 0.00242740567774, 0.000941778416745, 0.000595409655944, 0.000249598058872, 0.00060008186847, 0.000209199002711, 0.000213860766962, 0.00024101541203, 0.00019560228975, 0.000499133719131, 0.000372491951566, 0.000626218388788, 0.00109865423292, 0.0007088179118, 0.000486439210363, 0.000325096974848, 0.000547704927158, 0.000203086761758, 5.87971771893e-05, 4.54738619737e-05, 3.31974370056e-05, 1.48818571688e-05, 2.0510642571e-06], "min": [2.33155682261e-11, 2.93379001648e-11, 5.7623452349e-15, 1.52355189418e-14, 3.38828933715e-14, 3.13259719542e-14, 2.85062941405e-14, 2.66384729894e-14, 3.64853038461e-14, 2.56989745375e-14, 2.25201124025e-14, 6.65718971919e-14, 6.17726966042e-14, 7.52290008174e-14, 7.15326913371e-14, 1.23502513012e-13, 1.27448859842e-13, 1.90428076953e-13, 1.88938898164e-13, 1.57848912977e-13, 1.4403880649e-13, 1.23489082458e-13, 1.05095565497e-13, 9.69756501663e-14, 9.32444158236e-14, 8.33566885221e-14, 1.46886775204e-13], "dvar": [4.97165117963e-08, 0.000161558025866, 5.96575082454e-05, 4.82411633129e-06, 8.06928619568e-06, 2.07879406844e-06, 8.6449091441e-07, 4.48535871556e-07, 2.54607130046e-06, 2.8940487482e-06, 3.42934242781e-07, 2.52984676763e-07, 1.40420695516e-07, 5.94099674345e-07, 1.81180581649e-07, 1.98510420546e-07, 1.00807073977e-06, 1.44886982412e-07, 5.94910645191e-08, 4.3418751261e-08, 4.60041320594e-08, 1.92699403101e-08, 7.42559569389e-09, 2.73026756759e-09, 2.78109091312e-09, 1.3504660723e-09, 1.12354028858e-10], "mean": [0.000109281732875, 0.00656975246966, 0.0049625034444, 0.00338002620265, 0.00342516880482, 0.00150976795703, 0.000965615501627, 0.00046071613906, 0.0013121025404, 0.00101154309232, 0.000503560062498, 0.000465546327177, 0.00037108376273, 0.000852272380143, 0.00053769396618, 0.000723148521502, 0.00146938906983, 0.000807853939477, 0.000536512990948, 0.000390007393435, 0.000593549804762, 0.000257291772868, 0.000109154425445, 7.49195096432e-05, 5.87232498219e-05, 3.42377170455e-05, 7.47091871744e-06]}, "spectral_kurtosis": {"max": 216.579208374, "dmean": 2.10888981819, "dvar2": 95.1033554077, "dmean2": 3.37361073494, "var": 316.749389648, "median": 3.62490534782, "min": -1.20956480503, "dvar": 41.3420715332, "mean": 7.03249931335}, "erbbands_skewness": {"max": 13.1208772659, "dmean": 0.372263014317, "dvar2": 0.498608767986, "dmean2": 0.543073117733, "var": 1.74370419979, "median": -0.342674612999, "min": -2.58882403374, "dvar": 0.272074431181, "mean": -0.0325758419931}, "melbands": {"max": [0.0293065253645, 0.0398112460971, 0.0141282230616, 0.00888098310679, 0.00766113586724, 0.00702809914947, 0.00470947381109, 0.00246478663757, 0.00355469970964, 0.0134136378765, 0.00625561829656, 0.00425676070154, 0.00318971113302, 0.0022319147829, 0.00205352599733, 0.00084192288341, 0.00127892696764, 0.00139983952977, 0.000760326860473, 0.000736149086151, 0.000958444317803, 0.00162825663574, 0.000445909448899, 0.000298713508528, 0.00021653244039, 0.000234723978792, 0.000252567842836, 0.000304221495753, 7.23153571016e-05, 8.08026015875e-05, 8.27081967145e-05, 6.53545648674e-05, 5.53020217922e-05, 5.61087945243e-05, 5.72447061131e-05, 5.86140486121e-05, 2.40886511165e-05, 1.96515720745e-05, 1.74254364538e-05, 1.64259054145e-05], "dmean": [0.001395072788, 0.00199423148297, 0.000788061355706, 0.000394378701458, 0.000279844593024, 0.000157157395734, 9.79992837529e-05, 9.45194406086e-05, 7.56426234148e-05, 9.82641868177e-05, 9.33183619054e-05, 5.74986515858e-05, 3.45243715856e-05, 2.29717625189e-05, 3.44324362231e-05, 2.22614471568e-05, 3.46610031556e-05, 3.26703338942e-05, 2.11281349038e-05, 2.10722810152e-05, 2.51772089541e-05, 5.15543506481e-05, 2.2011465262e-05, 1.51447584358e-05, 1.15275279313e-05, 7.33975457479e-06, 6.76642639519e-06, 4.5211268116e-06, 3.77822675546e-06, 4.82168525195e-06, 5.48697607883e-06, 2.45400838139e-06, 1.62138837823e-06, 1.12171244382e-06, 6.91970512889e-07, 5.55246799649e-07, 4.64459361638e-07, 3.40684550793e-07, 3.16083088592e-07, 2.74909751852e-07], "dvar2": [2.55355644185e-05, 5.78264152864e-05, 3.79232642445e-06, 8.05645299806e-07, 7.60332227401e-07, 1.92645558172e-07, 9.96489220029e-08, 6.09544770214e-08, 5.76088652338e-08, 1.19960589018e-07, 1.12923800089e-07, 5.45597771406e-08, 1.7587769463e-08, 7.36910443777e-09, 1.15355076602e-08, 5.01911268103e-09, 1.06723634374e-08, 8.31953794744e-09, 3.37793837346e-09, 2.17810125491e-09, 2.93766211357e-09, 2.12747881534e-08, 2.27798291341e-09, 1.08634501395e-09, 5.78308956278e-10, 2.53547211004e-10, 2.59209792519e-10, 1.14348454316e-10, 6.27685958765e-11, 9.00113802937e-11, 1.20674595316e-10, 2.97295070506e-11, 1.9349338104e-11, 9.96250564683e-12, 4.03977979541e-12, 3.61561952253e-12, 1.81478248228e-12, 8.12117246281e-13, 6.58668920187e-13, 6.55864306007e-13], "dmean2": [0.00234257220291, 0.00354304001667, 0.00131840177346, 0.000640741200186, 0.000464614131488, 0.000254761980614, 0.000160131719895, 0.000150002393639, 0.000121096221847, 0.00014892181207, 0.00014210032532, 8.61615990289e-05, 5.22679983987e-05, 3.68668006558e-05, 5.45450857317e-05, 3.63310573448e-05, 5.62686836929e-05, 5.3176379879e-05, 3.45862572431e-05, 3.4986242099e-05, 4.14960741182e-05, 8.63577370183e-05, 3.67286666005e-05, 2.48950636887e-05, 1.90662249224e-05, 1.21848597701e-05, 1.13171245175e-05, 7.44559201848e-06, 6.20825949227e-06, 7.9900437413e-06, 9.19074591366e-06, 4.01024408347e-06, 2.55068175647e-06, 1.74456658897e-06, 1.06310960746e-06, 8.52678454066e-07, 7.08219317858e-07, 5.16865156897e-07, 4.86404019284e-07, 4.20464118633e-07], "var": [8.93557989912e-06, 1.47424880197e-05, 1.70968758084e-06, 5.30036800228e-07, 3.55070795877e-07, 1.22969638028e-07, 5.59472788098e-08, 5.44635483379e-08, 4.51634534215e-08, 1.94478772642e-07, 1.35427654868e-07, 5.79954431146e-08, 3.28594147447e-08, 6.23689233592e-09, 8.84784334687e-09, 4.26496082895e-09, 9.9797148323e-09, 7.31950455801e-09, 2.61914823163e-09, 2.17638951305e-09, 3.13602566138e-09, 1.66981539707e-08, 2.44134845673e-09, 1.24575683103e-09, 6.66132871086e-10, 2.50772846933e-10, 2.50799936374e-10, 1.38633132751e-10, 7.20773787877e-11, 1.3154272116e-10, 1.60505650437e-10, 3.32374960887e-11, 1.93584835662e-11, 1.21049984272e-11, 4.83709339943e-12, 3.47047195669e-12, 2.07328230105e-12, 1.00917733371e-12, 6.9073999992e-13, 5.27216508298e-13], "median": [0.000727531849407, 0.00174460350536, 0.00123474793509, 0.000638862024061, 0.000309381488478, 0.000174504122697, 9.92356290226e-05, 8.78921346157e-05, 6.05689710937e-05, 7.18179217074e-05, 4.31084263255e-05, 3.3303618693e-05, 3.01369727822e-05, 1.97473236767e-05, 3.39813050232e-05, 1.98986017494e-05, 3.80125675292e-05, 3.43928550137e-05, 2.61147652054e-05, 3.64820443792e-05, 4.86248827656e-05, 6.68017673888e-05, 4.61360468762e-05, 3.08554663206e-05, 2.40328154177e-05, 1.63264721778e-05, 1.30612679641e-05, 8.46900729812e-06, 8.60089312482e-06, 1.22574529087e-05, 1.35327500175e-05, 5.26698568137e-06, 2.09663312489e-06, 1.09556992811e-06, 9.42496228618e-07, 7.59271870265e-07, 5.70453096316e-07, 4.72845954391e-07, 3.88824162201e-07, 2.89631543637e-07], "min": [1.06528570687e-11, 4.0770668837e-15, 1.03163776417e-14, 8.92879537261e-15, 3.78244807234e-15, 5.47882933141e-15, 6.3486593234e-15, 8.34802553826e-15, 6.33828994606e-15, 3.95493023842e-15, 3.94617699994e-15, 6.42684893476e-15, 4.4521987178e-15, 8.49490952164e-15, 8.90868935154e-15, 6.79983184628e-15, 9.32980702786e-15, 8.07005643002e-15, 6.197314441e-15, 8.11185157674e-15, 8.65547901635e-15, 8.44240194924e-15, 7.85221056742e-15, 9.110103622e-15, 7.62778664694e-15, 6.60740713648e-15, 5.67212860272e-15, 4.79686701195e-15, 4.0731129339e-15, 3.52206612094e-15, 2.96089895833e-15, 2.50522678469e-15, 2.27317512077e-15, 2.07232709183e-15, 1.67145382059e-15, 1.43394324108e-15, 1.19505792709e-15, 1.11489864649e-15, 1.03149205333e-15, 8.78482274734e-16], "dvar": [1.00148054116e-05, 2.03909057745e-05, 1.33478147291e-06, 2.9506210808e-07, 2.80347336457e-07, 7.48883408619e-08, 4.07666682634e-08, 2.37252812951e-08, 2.35980444074e-08, 6.52113030242e-08, 5.15736573448e-08, 2.49025351451e-08, 8.02564947833e-09, 2.84765855341e-09, 4.38032365935e-09, 1.96814298192e-09, 4.1218273239e-09, 3.26705684728e-09, 1.29008870253e-09, 8.45108150127e-10, 1.17597431792e-09, 7.5710353542e-09, 8.38392300029e-10, 4.01753991186e-10, 2.09804562612e-10, 9.14110037664e-11, 9.37514857413e-11, 4.66834279567e-11, 2.38427715071e-11, 3.28185222054e-11, 4.22537387024e-11, 1.18021478007e-11, 8.11734880701e-12, 4.20843828536e-12, 1.77375453735e-12, 1.63195195205e-12, 7.86796192434e-13, 3.63358106624e-13, 2.95265195757e-13, 2.84712303646e-13], "mean": [0.00163565052208, 0.00269050174393, 0.00157347577624, 0.000832425197586, 0.000489946687594, 0.000281103362795, 0.000158853668836, 0.000171731531736, 0.000129065054352, 0.000181400508154, 0.00016518853954, 0.000103710204712, 7.3016344686e-05, 4.07562220062e-05, 6.0981423303e-05, 4.04591373808e-05, 6.69471919537e-05, 5.94312114117e-05, 3.92712572648e-05, 4.45389923698e-05, 5.63809517189e-05, 0.000100696750451, 5.37776286365e-05, 3.70900015696e-05, 2.82657147181e-05, 1.8120797904e-05, 1.60518702614e-05, 1.07470541479e-05, 9.85206406767e-06, 1.37946844916e-05, 1.50355117512e-05, 6.31335933576e-06, 3.54934650204e-06, 2.48671744885e-06, 1.64628852417e-06, 1.28126100662e-06, 1.05316553345e-06, 7.86978262113e-07, 6.41497138076e-07, 5.20392291037e-07]}, "spectral_centroid": {"max": 11169.0771484, "dmean": 225.191177368, "dvar2": 134686.75, "dmean2": 349.927398682, "var": 540588.75, "median": 1882.56152344, "min": 157.055053711, "dvar": 62214.6640625, "mean": 1657.30957031}, "pitch_salience": {"max": 0.830733776093, "dmean": 0.0695546343923, "dvar2": 0.0120522556826, "dmean2": 0.110777802765, "var": 0.0127440877259, "median": 0.592983603477, "min": 0.000662378093693, "dvar": 0.00477832509205, "mean": 0.576241374016}, "gfcc": {"icov": [[0.000226358242799, -0.000214821833652, 0.00034834863618, -0.000222434624447, 0.000324727996485, -0.000368617213098, 0.000133048190037, -0.000561837514397, 0.000612054078374, -0.000840468565002, 0.000925907224882, -0.000733153952751, 0.000768121739384], [-0.000214821833652, 0.00267735053785, -2.80343519989e-05, 0.000777565408498, -0.00126260658726, 0.00243784347549, -0.0011442945106, 0.00159275799524, -0.00162676454056, 0.00378255057149, -0.00384373799898, 0.00371889979579, -0.00288933841512], [0.00034834863618, -2.80343519989e-05, 0.0015685033286, 9.61580008152e-05, -0.000242231224547, 0.00010387328075, 0.000472453277325, -0.000696423405316, 0.00116124877241, -0.000240037086769, 0.000303325738059, -0.00103674747515, 0.00115951965563], [-0.000222434624447, 0.000777565408498, 9.61580008152e-05, 0.00484349112958, -0.000913415511604, 0.000468067300972, -0.000429463310866, 0.00212599965744, -0.00269827549346, 0.000261922134086, -0.00136177649256, 0.00145737582352, -0.00199730065651], [0.000324727996485, -0.00126260658726, -0.000242231224547, -0.000913415511604, 0.00622532982379, -6.26875116723e-05, -0.00173887540586, -0.000302292348351, 0.00196524336934, -0.00435481034219, 0.00249961903319, -0.00149657798465, 0.00143928045873], [-0.000368617213098, 0.00243784347549, 0.00010387328075, 0.000468067300972, -6.26875116723e-05, 0.00878175999969, -0.00299909268506, -0.0023453659378, 0.00131430139299, 0.00541875185445, -0.00624952977523, 0.00496013555676, -0.00258571840823], [0.000133048190037, -0.0011442945106, 0.000472453277325, -0.000429463310866, -0.00173887540586, -0.00299909268506, 0.00911490991712, -0.00274496269412, -0.000348893197952, -0.00116345984861, 0.000437807233538, -0.00343586341478, 0.000311174517265], [-0.000561837514397, 0.00159275799524, -0.000696423405316, 0.00212599965744, -0.000302292348351, -0.0023453659378, -0.00274496269412, 0.0162397082895, -0.00761124957353, -0.00330216647126, 0.0041766683571, 0.00114379997831, -0.00272501306608], [0.000612054078374, -0.00162676454056, 0.00116124877241, -0.00269827549346, 0.00196524336934, 0.00131430139299, -0.000348893197952, -0.00761124957353, 0.0180822089314, -0.00380566716194, -7.53203421482e-05, 0.00195566401817, 0.000688354892191], [-0.000840468565002, 0.00378255057149, -0.000240037086769, 0.000261922134086, -0.00435481034219, 0.00541875185445, -0.00116345984861, -0.00330216647126, -0.00380566716194, 0.0236409902573, -0.0114492056891, -0.000842801528051, -0.000408265681472], [0.000925907224882, -0.00384373799898, 0.000303325738059, -0.00136177649256, 0.00249961903319, -0.00624952977523, 0.000437807233538, 0.0041766683571, -7.53203421482e-05, -0.0114492056891, 0.0274847410619, -0.0107306381688, 0.00319963973016], [-0.000733153952751, 0.00371889979579, -0.00103674747515, 0.00145737582352, -0.00149657798465, 0.00496013555676, -0.00343586341478, 0.00114379997831, 0.00195566401817, -0.000842801528051, -0.0107306381688, 0.0292601976544, -0.0126855699345], [0.000768121739384, -0.00288933841512, 0.00115951965563, -0.00199730065651, 0.00143928045873, -0.00258571840823, 0.000311174517265, -0.00272501306608, 0.000688354892191, -0.000408265681472, 0.00319963973016, -0.0126855699345, 0.0252428445965]], "cov": [[17364.8183594, -2122.99755859, -3306.50634766, 315.114440918, -652.554016113, 916.550964355, 284.860168457, 959.107727051, -0.223955094814, 544.993347168, -400.532287598, 148.781509399, -229.10774231], [-2122.99755859, 1271.58032227, 253.934310913, -33.9600791931, 147.267059326, -280.382537842, -21.6226119995, -248.480651855, 34.6769142151, -170.903671265, 93.9304504395, -82.0410232544, 75.2774810791], [-3306.50634766, 253.934310913, 1401.68115234, -119.428497314, 168.228347778, -195.843444824, -93.6764373779, -165.691604614, -64.7646865845, -74.3714141846, 62.571762085, 4.87201213837, 4.54066181183], [315.114440918, -33.9600791931, -119.428497314, 257.729675293, 17.629655838, 2.97729110718, 19.9334621429, 1.14005339146, 35.8208122253, 26.8040943146, 9.03789043427, 4.88026571274, 12.3432979584], [-652.554016113, 147.267059326, 168.228347778, 17.629655838, 255.569290161, -67.186706543, 44.4458045959, -31.5571231842, -4.57807970047, 25.8144493103, 22.4119586945, 14.5195331573, 9.97019290924], [916.550964355, -280.382537842, -195.843444824, 2.97729110718, -67.186706543, 264.274169922, 67.8537139893, 98.3188018799, -9.66912651062, 12.4973516464, -11.1389636993, 0.985607802868, -7.69982147217], [284.860168457, -21.6226119995, -93.6764373779, 19.9334621429, 44.4458045959, 67.8537139893, 168.994140625, 57.5922698975, 18.4855594635, 29.869972229, 9.16084289551, 22.8025436401, 13.5644865036], [959.107727051, -248.480651855, -165.691604614, 1.14005339146, -31.5571231842, 98.3188018799, 57.5922698975, 171.205307007, 36.6847572327, 59.6156539917, -35.4975090027, 13.8897247314, -8.83939743042], [-0.223955094814, 34.6769142151, -64.7646865845, 35.8208122253, -4.57807970047, -9.66912651062, 18.4855594635, 36.6847572327, 89.0219421387, 16.3300094604, 2.85989809036, -8.09585475922, 6.19363832474], [544.993347168, -170.903671265, -74.3714141846, 26.8040943146, 25.8144493103, 12.4973516464, 29.869972229, 59.6156539917, 16.3300094604, 108.380737305, 10.3259878159, 34.3672027588, -7.46327781677], [-400.532287598, 93.9304504395, 62.571762085, 9.03789043427, 22.4119586945, -11.1389636993, 9.16084289551, -35.4975090027, 2.85989809036, 10.3259878159, 73.3234329224, 18.5983085632, 14.5577964783], [148.781509399, -82.0410232544, 4.87201213837, 4.88026571274, 14.5195331573, 0.985607802868, 22.8025436401, 13.8897247314, -8.09585475922, 34.3672027588, 18.5983085632, 67.6190643311, 19.1364631653], [-229.10774231, 75.2774810791, 4.54066181183, 12.3432979584, 9.97019290924, -7.69982147217, 13.5644865036, -8.83939743042, 6.19363832474, -7.46327781677, 14.5577964783, 19.1364631653, 60.9745864868]], "mean": [13.9035329819, 87.1263427734, -109.842971802, 49.4339752197, -42.4236526489, 4.19238948822, -35.144493103, 4.88375377655, -23.3324394226, -0.914034247398, -23.5100574493, 0.12377782166, -10.2265176773]}, "spectral_flux": {"max": 0.325450837612, "dmean": 0.0269932635128, "dvar2": 0.00241009611636, "dmean2": 0.0415627546608, "var": 0.00257947598584, "median": 0.0795552656054, "min": 1.10870532808e-05, "dvar": 0.00129055487923, "mean": 0.0879530757666}, "zerocrossingrate": {"max": 0.22412109375, "dmean": 0.00884361937642, "dvar2": 9.99633557512e-05, "dmean2": 0.0107271159068, "var": 0.000842500769068, "median": 0.0703125, "min": 0, "dvar": 7.19166055205e-05, "mean": 0.0654743537307}, "spectral_energyband_middle_low": {"max": 0.0787457972765, "dmean": 0.00389816984534, "dvar2": 7.01289536664e-05, "dmean2": 0.00634954730049, "var": 5.10306854267e-05, "median": 0.00970389228314, "min": 4.4152629144e-13, "dvar": 2.61822369794e-05, "mean": 0.0112153235823}, "silence_rate_20dB": {"max": 1, "dmean": 0, "dvar2": 0, "dmean2": 0, "var": 0, "median": 1, "min": 1, "dvar": 0, "mean": 1}, "silence_rate_30dB": {"max": 1, "dmean": 0.000366333901184, "dvar2": 0.00109892094042, "dmean2": 0.0007327349158, "var": 0.000183088661288, "median": 1, "min": 0, "dvar": 0.000366288615623, "mean": 0.999816834927}, "spectral_entropy": {"max": 9.80744361877, "dmean": 0.148432046175, "dvar2": 0.0990146994591, "dmean2": 0.198958218098, "var": 0.565729439259, "median": 7.84410858154, "min": 3.77300238609, "dvar": 0.064820356667, "mean": 7.60726594925}, "spectral_rolloff": {"max": 7967.28515625, "dmean": 416.827545166, "dvar2": 977058.75, "dmean2": 703.461242676, "var": 1274925.25, "median": 2153.3203125, "min": 21.533203125, "dvar": 391530.84375, "mean": 1754.75793457}, "spectral_complexity": {"max": 60, "dmean": 3.75895237923, "dvar2": 32.646697998, "dmean2": 5.89045619965, "var": 237.542678833, "median": 35, "min":