{"tonal": {"hpcp": {"dvar": [0.035221979022, 0.0289629455656, 0.0309686884284, 0.0521215051413, 0.0615447126329, 0.0368962213397, 0.0254799686372, 0.0264462605119, 0.0246546790004, 0.0226819589734, 0.0210153255612, 0.0279982890934, 0.0396879799664, 0.0453589744866, 0.0374887920916, 0.0242608208209, 0.0217322707176, 0.0303291790187, 0.0396349355578, 0.0353005081415, 0.0257767513394, 0.0177587699145, 0.0176877360791, 0.0261964313686, 0.0628273040056, 0.0415684692562, 0.0391204953194, 0.0615695267916, 0.0632747039199, 0.0577348694205, 0.039459772408, 0.0270991418511, 0.0231454223394, 0.0445974208415, 0.0479666553438, 0.0455096848309], "var": [0.0268523693085, 0.0236164610833, 0.0336049944162, 0.111688524485, 0.129439070821, 0.0435357093811, 0.0241275187582, 0.0286020841449, 0.0230610109866, 0.0189020559192, 0.0163959618658, 0.0256158933043, 0.0774934887886, 0.101094096899, 0.0528662577271, 0.0229347031564, 0.0178731158376, 0.0234937183559, 0.0333379656076, 0.0337327979505, 0.0224680360407, 0.0129842124879, 0.0122415982187, 0.0414089895785, 0.132286012173, 0.0512892045081, 0.0370058566332, 0.071147531271, 0.0922682061791, 0.0631760433316, 0.0405006073415, 0.0309419929981, 0.0198945235461, 0.0476989261806, 0.0946448296309, 0.0555879697204], "median": [0.0120146423578, 0.00999545678496, 0.0332510992885, 0.0841719061136, 0.094819419086, 0.0482724271715, 0.0163493547589, 0.0135296341032, 0.0115607809275, 0.0111063346267, 0.0130597949028, 0.0188232474029, 0.0370445810258, 0.0594422072172, 0.0454573482275, 0.0163880027831, 0.0110429245979, 0.0102234175429, 0.0173520259559, 0.0222923774272, 0.0136279240251, 0.00534703396261, 0.00393584510311, 0.0184519924223, 0.0479686371982, 0.0679900124669, 0.0265473108739, 0.0210262928158, 0.0265333242714, 0.0212188251317, 0.010076187551, 0.00712491478771, 0.0120150595903, 0.0265753734857, 0.0382938608527, 0.0264321751893], "max": [1, 1, 1, 1, 1, 1, 1, 1, 1, 1, 1, 1, 1, 1, 1, 1, 1, 1, 1, 1, 1, 1, 1, 1, 1, 1, 1, 1, 1, 1, 1, 1, 1, 1, 1, 1], "dmean": [0.0956820473075, 0.0834269151092, 0.118205860257, 0.170606076717, 0.182912930846, 0.136200115085, 0.0841699466109, 0.0840470790863, 0.0765045210719, 0.0689199194312, 0.0703289434314, 0.0939574241638, 0.124009661376, 0.14552667737, 0.130056738853, 0.0819582343102, 0.0728938579559, 0.0845082104206, 0.104816973209, 0.100014425814, 0.0719241574407, 0.0509599596262, 0.0461461246014, 0.0754092633724, 0.131798833609, 0.125444963574, 0.117797955871, 0.155334681273, 0.161536097527, 0.14595746994, 0.110389135778, 0.0806302428246, 0.0783648639917, 0.128623947501, 0.122401714325, 0.124617576599], "dmean2": [0.174625620246, 0.149641737342, 0.208190575242, 0.291681975126, 0.312289655209, 0.234993129969, 0.148462980986, 0.145603984594, 0.134921938181, 0.124141432345, 0.126782476902, 0.165496230125, 0.21330010891, 0.244216784835, 0.220887809992, 0.145804047585, 0.130289182067, 0.151729568839, 0.187549203634, 0.176841452718, 0.128890231252, 0.0924591049552, 0.0848997682333, 0.13738104701, 0.238539069891, 0.224830821157, 0.209649592638, 0.275030523539, 0.282693892717, 0.253134250641, 0.199093088508, 0.144580796361, 0.140983521938, 0.227531954646, 0.21628908813, 0.219988822937], "mean": [0.073117390275, 0.0676400363445, 0.113801069558, 0.265558511019, 0.292250573635, 0.142351940274, 0.0779040977359, 0.0818264856935, 0.0697373822331, 0.0585840009153, 0.0588852539659, 0.0847948491573, 0.175944983959, 0.227463364601, 0.151859149337, 0.0776217058301, 0.0622832104564, 0.0679966509342, 0.090728379786, 0.0942347571254, 0.0629128143191, 0.0386227853596, 0.033658772707, 0.122977010906, 0.237244650722, 0.178544029593, 0.107658691704, 0.157273814082, 0.189145699143, 0.144488602877, 0.09748929739, 0.0746463611722, 0.0650225356221, 0.121621996164, 0.175759524107, 0.129155561328], "dvar2": [0.100056037307, 0.0813780799508, 0.0844493359327, 0.128535151482, 0.142311349511, 0.0975426360965, 0.0690837800503, 0.0694745257497, 0.0653493031859, 0.0617004446685, 0.0594881102443, 0.0790736749768, 0.0984060391784, 0.109946116805, 0.0978102311492, 0.0679687187076, 0.0602150373161, 0.0847488492727, 0.109857052565, 0.0949989855289, 0.071125626564, 0.0498662367463, 0.0513233877718, 0.0693677514791, 0.14858584106, 0.109601475298, 0.105397351086, 0.177264913917, 0.165965542197, 0.149211704731, 0.10912976414, 0.0726995170116, 0.0623216368258, 0.128849357367, 0.120928384364, 0.128572881222], "min": [0, 0, 0, 0, 0, 0, 0, 0, 0, 0, 0, 0, 0, 0, 0, 0, 0, 0, 0, 0, 0, 0, 0, 0, 0, 0, 0, 0, 0, 0, 0, 0, 0, 0, 0, 0]}, "key_key": "F#", "thpcp": [1, 0.487088650465, 0.266566097736, 0.279987424612, 0.238621890545, 0.20045812428, 0.201488927007, 0.290144324303, 0.602034687996, 0.778316259384, 0.519619703293, 0.26559984684, 0.213115781546, 0.232665583491, 0.310447216034, 0.322445064783, 0.215270116925, 0.132156401873, 0.115170940757, 0.420793056488, 0.811785042286, 0.61092787981, 0.368378043175, 0.53814715147, 0.647203862667, 0.494399726391, 0.333581209183, 0.255419045687, 0.222488999367, 0.416156560183, 0.601400077343, 0.44193431735, 0.250187337399, 0.231445357203, 0.389395534992, 0.908667206764], "chords_key": "A#", "tuning_equal_tempered_deviation": 0.251956373453, "tuning_frequency": 434.193115234, "tuning_diatonic_strength": 0.56453794241, "chords_histogram": [14.4498605728, 36.31615448, 19.04596138, 0.557103037834, 1.98467969894, 0, 1.81058490276, 0.835654616356, 1.39275765419, 2.33286905289, 2.47214484215, 0, 0, 0, 0, 0.278551518917, 1.39275765419, 0.383008360863, 2.95960998535, 0, 0, 0.557103037834, 6.3370475769, 6.89415025711], "key_strength": 0.649927198887, "key_scale": "major", "chords_strength": {"dvar": 0.000780331494752, "var": 0.077729858458, "median": 0.511564850807, "max": 0.801795601845, "dmean": 0.012804905884, "dmean2": 0.0144353182986, "mean": 0.473424762487, "dvar2": 0.00140910316259, "min": -1}, "chords_number_rate": 0.0041782730259, "tuning_nontempered_energy_ratio": 0.893373310566, "hpcp_entropy": {"dvar": 0.359790444374, "var": 0.765390098095, "median": 2.1503405571, "max": 4.6602101326, "dmean": 0.729749023914, "dmean2": 1.20970404148, "mean": 2.13558959961, "dvar2": 0.990968346596, "min": 0}, "chords_changes_rate": 0.0797353759408, "chords_scale": "minor"}, "rhythm": {"bpm_histogram_first_peak_spread": {"dvar": 0, "var": 0, "median": 0.25, "max": 0.25, "dmean": 0, "dmean2": 0, "mean": 0.25, "dvar2": 0, "min": 0.25}, "bpm_histogram_first_peak_weight": {"dvar": 0, "var": 0, "median": 0.75, "max": 0.75, "dmean": 0, "dmean2": 0, "mean": 0.75, "dvar2": 0, "min": 0.75}, "bpm_histogram_first_peak_bpm": {"dvar": 0, "var": 0, "median": 91, "max": 91, "dmean": 0, "dmean2": 0, "mean": 91, "dvar2": 0, "min": 91}, "bpm": 90.9732055664, "bpm_histogram_second_peak_weight": {"dvar": 0, "var": 0, "median": 0, "max": 0, "dmean": 0, "dmean2": 0, "mean": 0, "dvar2": 0, "min": 0}, "beats_loudness": {"dvar": 0.00191586033907, "var": 0.00244901003316, "median": 0.0639137253165, "max": 0.230590865016, "dmean": 0.0521638393402, "dmean2": 0.0992516279221, "mean": 0.0724098607898, "dvar2": 0.00618053041399, "min": 0}, "beats_loudness_band_ratio": {"dvar": [0.0878830999136, 0.00786686129868, 0.00982984527946, 0.00508475443348, 0.00333478627726, 0.040817886591], "var": [0.153892844915, 0.0212184544653, 0.0110467746854, 0.00690338760614, 0.00282852794044, 0.062986060977], "median": [0.357683330774, 0.0717899873853, 0.0396548323333, 0.0172490309924, 0.0287121552974, 0.0362564660609], "max": [0.985648572445, 0.788772881031, 0.78334903717, 0.826860249043, 0.576280832291, 0.806963145733], "dmean": [0.615520119667, 0.140698820353, 0.0836652219296, 0.0351162441075, 0.0579073429108, 0.40028822422], "dmean2": [1.22389054298, 0.272765666246, 0.156568795443, 0.0632507428527, 0.113070271909, 0.799763679504], "mean": [0.497407376766, 0.128468334675, 0.0711180120707, 0.0311245843768, 0.0379254706204, 0.22045275569], "dvar2": [0.309616267681, 0.0224307514727, 0.029454389587, 0.00988423451781, 0.00924418773502, 0.136940047145], "min": [0, 0, 0, 0, 0, 0]}, "bpm_histogram_second_peak_bpm": {"dvar": 0, "var": 0, "median": 0, "max": 0, "dmean": 0, "dmean2": 0, "mean": 0, "dvar2": 0, "min": 0}, "onset_rate": 4.29051399231, "beats_count": 201, "beats_position": [0.650158703327, 1.31192743778, 1.98530614376, 2.65868473053, 3.34367346764, 4.02866220474, 4.69043064117, 5.36380958557, 6.03718805313, 6.71056699753, 7.38394546509, 8.03410434723, 8.6958732605, 9.35764122009, 10.0078001022, 10.6579589844, 11.3081178665, 11.9698867798, 12.6316547394, 13.2818136215, 13.9551925659, 14.6169614792, 15.2787294388, 15.9288883209, 16.5790481567, 17.2524261475, 17.9141941071, 18.5643539429, 19.2261219025, 19.8878898621, 20.549659729, 21.1998176575, 21.8615875244, 22.523355484, 23.1967334747, 23.8468933105, 24.497051239, 25.158821106, 25.8205890656, 26.470746994, 27.132516861, 27.7942848206, 28.4676647186, 29.1178226471, 29.7679805756, 30.4413604736, 31.1031284332, 31.753288269, 32.4150543213, 33.0652160645, 33.7385940552, 34.3887519836, 35.0389099121, 35.7122879028, 36.3856697083, 37.0242156982, 37.6859855652, 38.3477554321, 39.0095214844, 39.6596832275, 40.3214492798, 40.9948310852, 41.6565971375, 42.3067550659, 42.9569168091, 43.6186828613, 44.2804527283, 44.9306106567, 45.5923805237, 46.2541503906, 46.9275283813, 47.5776863098, 48.2278442383, 48.901222229, 49.5513839722, 50.2131500244, 50.8749198914, 51.5366897583, 52.1984558105, 52.8486175537, 53.510383606, 54.1721534729, 54.8339233398, 55.4840812683, 56.1458511353, 56.8076171875, 57.4693870544, 58.1195449829, 58.7813148499, 59.4430847168, 60.1164627075, 60.766620636, 61.4283905029, 62.0901565552, 62.7635345459, 63.4136962891, 64.0638504028, 64.714012146, 65.3873901367, 66.0375518799, 66.6877059937, 67.3610839844, 68.022857666, 68.6730117798, 69.3347854614, 69.9965515137, 70.6583175659, 71.3084793091, 71.9702453613, 72.632019043, 73.3053970337, 73.9555511475, 74.6057128906, 75.2674789429, 75.9292526245, 76.5794067383, 77.2411804199, 77.9029464722, 78.5763244629, 79.2264862061, 79.8766403198, 80.5500183105, 81.2117919922, 81.8735580444, 82.5237197876, 83.1854858398, 83.8472518921, 84.4974136353, 85.1475753784, 85.8209533691, 86.4943313599, 87.1444854736, 87.7946472168, 88.456413269, 89.1181869507, 89.7683410645, 90.4301147461, 91.0918807983, 91.7652587891, 92.4154205322, 93.065574646, 93.7389526367, 94.4007263184, 95.0508804321, 95.7126541138, 96.3628082275, 97.0361862183, 97.6863479614, 98.3481140137, 99.0098876953, 99.683265686, 100.321815491, 100.983581543, 101.645347595, 102.307121277, 102.957275391, 103.619049072, 104.280815125, 104.942581177, 105.604354858, 106.254508972, 106.916282654, 107.578048706, 108.22820282, 108.90158844, 109.551742554, 110.225120544, 110.875282288, 111.525436401, 112.198822021, 112.860588074, 113.510749817, 114.172515869, 114.834281921, 115.496055603, 116.146209717, 116.807983398, 117.469749451, 118.143127441, 118.793289185, 119.443443298, 120.10521698, 120.766983032, 121.417137146, 122.090522766, 122.74067688, 123.414054871, 124.064216614, 124.725982666, 125.410972595, 126.084350586, 126.757728577, 127.431106567, 128.092880249, 128.754638672, 129.393188477, 130.031738281, 130.670288086, 131.308837891, 131.947387695, 132.5859375], "danceability": 1.34730553627, "bpm_histogram_second_peak_spread": {"dvar": 0, "var": 0, "median": 0, "max": 0, "dmean": 0, "dmean2": 0, "mean": 0, "dvar2": 0, "min": 0}}, "lowlevel": {"spectral_flux": {"dvar": 0.00347363180481, "var": 0.00712776137516, "median": 0.0688552856445, "max": 0.550143897533, "dmean": 0.0363984778523, "dmean2": 0.0557836145163, "mean": 0.091940574348, "dvar2": 0.00687817623839, "min": 6.21113022126e-11}, "spectral_rolloff": {"dvar": 2001315.5, "var": 14304911, "median": 473.73046875, "max": 19616.7480469, "dmean": 706.31829834, "dmean2": 1146.79833984, "mean": 1853.76745605, "dvar2": 4191139.5, "min": 21.533203125}, "barkbands_flatness_db": {"dvar": 0.00157706066966, "var": 0.00904455222189, "median": 0.179527744651, "max": 0.621889770031, "dmean": 0.0374449230731, "dmean2": 0.0536856241524, "mean": 0.19114163518, "dvar2": 0.00302402046509, "min": 0.0295219067484}, "spectral_centroid": {"dvar": 267062.34375, "var": 4205879.5, "median": 962.12878418, "max": 11850.6152344, "dmean": 408.071716309, "dmean2": 591.342163086, "mean": 1593.28039551, "dvar2": 501499.40625, "min": 85.6947860718}, "melbands_skewness": {"dvar": 4.1597161293, "var": 10.1320810318, "median": 3.15121269226, "max": 42.4904289246, "dmean": 1.55358111858, "dmean2": 2.37290501595, "mean": 3.86869525909, "dvar2": 9.54568099976, "min": -2.48388075829}, "melbands": {"dvar": [2.97900060104e-05, 0.000127404025989, 1.14968570415e-05, 8.66074515216e-07, 9.85383437069e-08, 1.97665872292e-06, 6.16879162862e-07, 1.13762233411e-07, 7.37250331895e-08, 3.05216403262e-08, 1.47588448129e-08, 5.05593300559e-09, 6.05380146013e-09, 3.45611694819e-09, 9.27866672384e-09, 4.08356948256e-09, 2.01097472008e-09, 5.07965491892e-09, 2.31470886902e-09, 1.87564941356e-09, 1.34267552632e-09, 8.51383463729e-10, 5.14001008423e-10, 8.18373924183e-10, 7.67246322031e-10, 6.83552991987e-10, 3.52522705471e-10, 2.05098368844e-10, 2.31458713307e-10, 7.43923977975e-10, 9.75103775502e-10, 1.26497323727e-09, 2.81017764614e-10, 1.34238911653e-10, 1.72551931077e-10, 2.40033853904e-10, 7.6055758913e-11, 4.15349803162e-11, 2.10734606848e-11, 1.22460236396e-11], "var": [4.26726110163e-05, 9.52969276113e-05, 7.16908198228e-06, 6.75860292176e-07, 2.12692185642e-07, 1.22019616811e-06, 4.31743842455e-07, 1.05841316156e-07, 6.53558132058e-08, 2.59525965163e-08, 1.25333219358e-08, 4.51326220841e-09, 4.80454964702e-09, 3.01266811498e-09, 6.94050195094e-09, 5.00841901285e-09, 2.63141086698e-09, 8.6398390664e-09, 3.51261131293e-09, 4.24022061907e-09, 2.48952902737e-09, 1.35414601754e-09, 5.20466447718e-10, 7.67603258733e-10, 7.98219268461e-10, 7.37012006979e-10, 3.84019760435e-10, 2.64464311561e-10, 3.2916488979e-10, 8.26641977092e-10, 1.06707964687e-09, 1.14691323105e-09, 3.83329562537e-10, 2.12349110518e-10, 2.22563134589e-10, 3.35727223799e-10, 1.23491245008e-10, 6.21655366073e-11, 2.8653078174e-11, 1.40103154772e-11], "median": [0.000468429934699, 0.00027448462788, 0.000225205614697, 0.000387937063351, 0.000164371333085, 8.77891143318e-05, 8.55266189319e-05, 5.97531034146e-05, 2.39299715759e-05, 2.20296496991e-05, 9.76866067504e-06, 7.83142604632e-06, 5.61947035749e-06, 6.43652401777e-06, 5.87924387219e-06, 6.63340688334e-06, 3.48725393451e-06, 2.91061223834e-06, 2.90291836791e-06, 3.95025745092e-06, 1.99217856789e-06, 1.45873627844e-06, 1.40586075759e-06, 1.49885738665e-06, 1.1313518371e-06, 1.37668871503e-06, 9.82987785392e-07, 8.10103529147e-07, 5.5158068335e-07, 4.99927807596e-07, 5.18001115779e-07, 3.0395790418e-07, 2.23573067615e-07, 1.6625988053e-07, 1.39765447216e-07, 1.05045145915e-07, 8.11616800434e-08, 5.56740644697e-08, 3.87842149507e-08, 2.609489691e-08], "max": [0.0537882819772, 0.0971797481179, 0.0356784760952, 0.0100813433528, 0.003464093199, 0.0167100038379, 0.00838539376855, 0.00487291300669, 0.00637408392504, 0.00351101160049, 0.00252274842933, 0.00133256684057, 0.00282208155841, 0.00182652054355, 0.00366473849863, 0.00341034680605, 0.00111389288213, 0.00313425878994, 0.00173804687802, 0.00240716035478, 0.00148443400394, 0.000935784832109, 0.000449732557172, 0.000660223304294, 0.000640338927042, 0.000592193275224, 0.000305463414406, 0.000311336159939, 0.000286026537651, 0.000713223183993, 0.000523935479578, 0.000424871424912, 0.000320039718645, 0.000195008542505, 0.000183229931281, 0.000192116873222, 9.42657497944e-05, 8.61863736645e-05, 6.03723165113e-05, 4.4490203436e-05], "dmean": [0.00198849872686, 0.00312733673491, 0.000943713996094, 0.000459088740172, 0.000198127236217, 0.000350052723661, 0.000278039078694, 0.000146035570651, 9.97986717266e-05, 6.15755925537e-05, 3.95818351535e-05, 2.78543539025e-05, 1.97062963707e-05, 1.71624797076e-05, 2.28169792535e-05, 2.16108492168e-05, 1.68856040546e-05, 1.58399161592e-05, 1.28462852444e-05, 1.49147554112e-05, 1.25883325381e-05, 1.04032169475e-05, 7.10377344149e-06, 7.78387311584e-06, 7.27142059986e-06, 8.1392690845e-06, 6.42947406959e-06, 5.02268039781e-06, 5.28692908119e-06, 6.43631346975e-06, 9.3785520221e-06, 9.40445261222e-06, 4.96874099554e-06, 3.64878042092e-06, 3.97340318159e-06, 4.30849422628e-06, 2.58365480477e-06, 1.98544194063e-06, 1.3444087017e-06, 9.82496999313e-07], "dmean2": [0.00329330889508, 0.0052321748808, 0.00167324137874, 0.000789777550381, 0.000300460204016, 0.000630778609775, 0.000479600828839, 0.00024079848663, 0.0001652949868, 0.000100028963061, 6.35633332422e-05, 4.49513354397e-05, 3.18301536026e-05, 2.77925428236e-05, 3.81815698347e-05, 3.49947003997e-05, 2.67874129349e-05, 2.4671515348e-05, 2.09685313166e-05, 2.27361451834e-05, 1.98300549528e-05, 1.6413630874e-05, 1.1737269233e-05, 1.2561571566e-05, 1.16174342111e-05, 1.27528801386e-05, 1.01323921626e-05, 7.43754344512e-06, 7.7298582255e-06, 9.24990490603e-06, 1.45178082676e-05, 1.48313138197e-05, 7.53391941544e-06, 5.2965579016e-06, 5.67913866689e-06, 5.97949656367e-06, 3.72466297449e-06, 2.66872530119e-06, 1.78214622792e-06, 1.42689111726e-06], "mean": [0.00439375033602, 0.0030134646222, 0.000852900673635, 0.000596653844696, 0.000352410570486, 0.00029112296761, 0.000266683899099, 0.000168708604178, 0.00011049425666, 7.26124781067e-05, 4.35212823504e-05, 2.7893405786e-05, 2.00702816073e-05, 1.85172448255e-05, 2.3488257284e-05, 2.23437928071e-05, 1.93516134459e-05, 1.80405968422e-05, 1.58305683726e-05, 1.86169399967e-05, 1.53320725076e-05, 1.20166341731e-05, 7.69189682615e-06, 8.29739383335e-06, 8.19032811705e-06, 9.0833309514e-06, 6.81352594256e-06, 5.75218609811e-06, 6.11435507381e-06, 7.02268562236e-06, 9.37588265515e-06, 8.48022864375e-06, 5.12909855388e-06, 4.1846546992e-06, 4.09897438658e-06, 4.69399310532e-06, 3.19732089338e-06, 2.15732325159e-06, 1.41871907999e-06, 9.52821551437e-07], "dvar2": [7.54859720473e-05, 0.000335006741807, 3.27298803313e-05, 2.48789842772e-06, 2.39127018631e-07, 5.53885001864e-06, 1.71231488366e-06, 3.04900112269e-07, 1.98010880581e-07, 8.40945162395e-08, 4.06179481161e-08, 1.32683801723e-08, 1.62130326942e-08, 9.00427465922e-09, 2.54193164295e-08, 8.64716476201e-09, 4.91626961363e-09, 1.01164019384e-08, 5.83783332786e-09, 3.89573706627e-09, 3.01740366027e-09, 2.00329508537e-09, 1.35914901556e-09, 2.15029705153e-09, 1.96231320082e-09, 1.72469949433e-09, 8.56813175965e-10, 4.51710752136e-10, 4.8083398374e-10, 1.74898584504e-09, 2.31063235212e-09, 3.09024339451e-09, 5.60788360193e-10, 2.2890545015e-10, 3.57573581855e-10, 4.54865201061e-10, 1.41538836207e-10, 7.83589859665e-11, 4.31085271646e-11, 2.65637251778e-11], "min": [7.01186115354e-25, 7.97414819839e-25, 1.51782586988e-24, 5.32931550601e-25, 1.13330272138e-24, 1.24599909448e-24, 1.61732972763e-24, 8.87087301341e-25, 1.64710114098e-24, 2.14279865407e-24, 2.13861394418e-24, 1.77312679819e-24, 1.43121140768e-24, 2.10947440842e-24, 2.69271654933e-24, 1.8177151887e-24, 1.68652900067e-24, 2.85823869712e-24, 2.04121092163e-24, 3.16032805039e-24, 3.16703987619e-24, 3.64222246979e-24, 2.76690063442e-24, 3.77717566586e-24, 3.38937046157e-24, 3.90610275348e-24, 4.39505412532e-24, 3.15598596276e-24, 2.8367842443e-24, 4.01676297797e-24, 4.38107748223e-24, 4.39815868741e-24, 4.89640323515e-24, 5.57938007423e-24, 5.51787298388e-24, 5.39105057716e-24, 5.46989604135e-24, 5.21080966538e-24, 5.88617794103e-24, 5.99111537409e-24]}, "spectral_decrease": {"dvar": 1.20802475744e-16, "var": 1.26128089521e-16, "median": -5.0702428922e-09, "max": 1.88147105533e-28, "dmean": 4.5721577635e-09, "dmean2": 7.3500188158e-09, "mean": -8.24245649511e-09, "dvar2": 2.86663292633e-16, "min": -9.50292999846e-08}, "barkbands_kurtosis": {"dvar": 2506.85009766, "var": 2834.84228516, "median": 5.49234580994, "max": 1338.29821777, "dmean": 15.6850814819, "dmean2": 25.982006073, "mean": 18.3363742828, "dvar2": 6607.74169922, "min": -1.93232631683}, "silence_rate_30dB": {"dvar": 0.0287332776934, "var": 0.0324816741049, "median": 1, "max": 1, "dmean": 0.0296115651727, "dmean2": 0.0592334493995, "mean": 0.966388046741, "dvar2": 0.0571192726493, "min": 0}, "gfcc": {"mean": [-96.6778564453, 96.3298950195, -93.9835662842, 40.4133071899, -50.2160072327, 5.27546930313, -27.3749313354, -0.29015827179, -13.5355768204, 3.35236024857, -7.40569353104, -1.71477282047, -6.19141626358], "cov": [[52569, 2266.33984375, -3715.72998047, 1956.64624023, -2481.68188477, 256.601715088, -1601.71154785, 123.271774292, -536.880432129, 310.007751465, -646.109619141, 65.3264694214, -445.575714111], [2266.33984375, 3843.45410156, -652.812805176, -159.618865967, 203.704269409, -221.099258423, 339.808013916, -180.473846436, 71.2014312744, -261.999267578, 223.530960083, -190.770385742, 160.451583862], [-3715.72998047, -652.812805176, 2098.91357422, 240.897033691, 443.978240967, 227.383880615, 252.281219482, 112.868965149, -10.9373474121, 84.3450317383, 57.1398239136, 24.9168338776, -8.72235870361], [1956.64624023, -159.618865967, 240.897033691, 587.73260498, 93.5616760254, 111.098403931, -38.2618522644, 52.1211357117, 18.193277359, 57.6546821594, -24.9977703094, 29.3437194824, -17.8356552124], [-2481.68188477, 203.704269409, 443.978240967, 93.5616760254, 602.902160645, 150.162322998, 109.321212769, -30.9336490631, 78.6697845459, 29.2731990814, 81.5543136597, 27.0291976929, 56.2642555237], [256.601715088, -221.099258423, 227.383880615, 111.098403931, 150.162322998, 302.537445068, 54.3370780945, 7.81089353561, -25.0683670044, 52.2055511475, 16.3634090424, 36.1230278015, 0.936898350716], [-1601.71154785, 339.808013916, 252.281219482, -38.2618522644, 109.321212769, 54.3370780945, 387.662078857, 88.7685699463, 23.5584220886, -46.5928077698, 97.7617492676, 2.70882558823, 57.1778717041], [123.271774292, -180.473846436, 112.868965149, 52.1211357117, -30.9336490631, 7.81089353561, 88.7685699463, 226.620147705, 57.1477355957, 26.6639137268, -27.7065601349, 45.2108726501, -9.32057666779], [-536.880432129, 71.2014312744, -10.9373474121, 18.193277359, 78.6697845459, -25.0683670044, 23.5584220886, 57.1477355957, 191.062133789, 49.4469566345, 19.8766765594, -16.2911911011, 27.9047279358], [310.007751465, -261.999267578, 84.3450317383, 57.6546821594, 29.2731990814, 52.2055511475, -46.5928077698, 26.6639137268, 49.4469566345, 179.401153564, 16.9418945312, 5.6245136261, -41.8276596069], [-646.109619141, 223.530960083, 57.1398239136, -24.9977703094, 81.5543136597, 16.3634090424, 97.7617492676, -27.7065601349, 19.8766765594, 16.9418945312, 157.748794556, 13.6853399277, 30.46459198], [65.3264694214, -190.770385742, 24.9168338776, 29.3437194824, 27.0291976929, 36.1230278015, 2.70882558823, 45.2108726501, -16.2911911011, 5.6245136261, 13.6853399277, 130.897674561, 34.9059791565], [-445.575714111, 160.451583862, -8.72235870361, -17.8356552124, 56.2642555237, 0.936898350716, 57.1778717041, -9.32057666779, 27.9047279358, -41.8276596069, 30.46459198, 34.9059791565, 106.06060791]], "icov": [[5.86846290389e-05, -0.000111791028758, 4.41252050223e-05, -0.000198851543246, 0.000268799543846, -0.00021726518753, 0.000222665606998, -0.000115921633551, 0.000111469220428, -0.000152545646415, 8.10760611785e-05, -0.000114859292808, 3.997382737e-05], [-0.000111791028758, 0.000667757820338, 0.000114127062261, 0.000272808771115, -0.000768450670876, 0.000695697963238, -0.000743999436963, 0.000308961287374, -0.000143889395986, 0.000679847318679, -0.000617161218543, 0.000952205678914, -0.000424973666668], [4.41252050223e-05, 0.000114127062261, 0.000794125895482, -0.000359983940143, -0.000391977286199, -0.000112845591502, -0.000307499489281, -0.000379659089958, 0.000570852425881, -0.000261023407802, -6.50061192573e-05, 0.0004158000811, -1.24654361571e-05], [-0.000198851543246, 0.000272808771115, -0.000359983940143, 0.00271043018438, -0.00100503617432, 7.34791974537e-05, -0.000201397982892, -9.60333709372e-05, -0.000537599553354, 0.000299675943097, -1.45658941619e-06, 9.19008525671e-05, 4.05273822253e-05], [0.000268799543846, -0.000768450670876, -0.000391977286199, -0.00100503617432, 0.004102693405, -0.00214360281825, 0.000879913277458, 0.000673237431329, -0.00116737745702, -0.000630252528936, 0.000191424944205, -0.00161266303621, 5.21894435224e-05], [-0.00021726518753, 0.000695697963238, -0.000112845591502, 7.34791974537e-05, -0.00214360281825, 0.0056785796769, -0.00193376129027, 0.000813955033664, 0.00102567626163, -0.000893620715942, 8.20005880087e-05, 3.04585391859e-05, -0.000416982307797], [0.000222665606998, -0.000743999436963, -0.000307499489281, -0.000201397982892, 0.000879913277458, -0.00193376129027, 0.0061805928126, -0.00377336307429, 0.00107422785368, 0.000846922805067, -0.00270987534896, 0.00126940594055, -0.00169948802795], [-0.000115921633551, 0.000308961287374, -0.000379659089958, -9.60333709372e-05, 0.000673237431329, 0.000813955033664, -0.00377336307429, 0.00880850572139, -0.00385528593324, -0.000170367420651, 0.00296980654821, -0.00429567927495, 0.00295008183457], [0.000111469220428, -0.000143889395986, 0.000570852425881, -0.000537599553354, -0.00116737745702, 0.00102567626163, 0.00107422785368, -0.00385528593324, 0.00920333433896, -0.0033485298045, -0.000742660602555, 0.00354350334965, -0.00436006532982], [-0.000152545646415, 0.000679847318679, -0.000261023407802, 0.000299675943097, -0.000630252528936, -0.000893620715942, 0.000846922805067, -0.000170367420651, -0.0033485298045, 0.00952992215753, -0.00289777549915, -4.70864433737e-05, 0.00371746905148], [8.10760611785e-05, -0.000617161218543, -6.50061192573e-05, -1.45658941619e-06, 0.000191424944205, 8.20005880087e-05, -0.00270987534896, 0.00296980654821, -0.000742660602555, -0.00289777549915, 0.0103354230523, -0.00299640442245, -4.16782058892e-05], [-0.000114859292808, 0.000952205678914, 0.0004158000811, 9.19008525671e-05, -0.00161266303621, 3.04585391859e-05, 0.00126940594055, -0.00429567927495, 0.00354350334965, -4.70864433737e-05, -0.00299640442245, 0.0132662113756, -0.00653630821034], [3.997382737e-05, -0.000424973666668, -1.24654361571e-05, 4.05273822253e-05, 5.21894435224e-05, -0.000416982307797, -0.00169948802795, 0.00295008183457, -0.00436006532982, 0.00371746905148, -4.16782058892e-05, -0.00653630821034, 0.0161730404943]]}, "silence_rate_20dB": {"dvar": 0, "var": 0, "median": 1, "max": 1, "dmean": 0, "dmean2": 0, "mean": 1, "dvar2": 0, "min": 1}, "barkbands_skewness": {"dvar": 2.90141630173, "var": 6.47543859482, "median": 2.05645608902, "max": 29.1485786438, "dmean": 1.25501418114, "dmean2": 1.93887495995, "mean": 2.45679879189, "dvar2": 7.1454949379, "min": -4.00987625122}, "erbbands_skewness": {"dvar": 0.390392243862, "var": 1.33499443531, "median": 0.307173639536, "max": 7.95991706848, "dmean": 0.619897603989, "dmean2": 0.914718687534, "mean": 0.306825786829, "dvar2": 0.843679726124, "min": -4.0206193924}, "spectral_contrast_valleys": {"dvar": [0.19865462184, 0.272996664047, 0.205940023065, 0.184138163924, 0.219603180885, 0.384657382965], "var": [15.7389507294, 15.678768158, 14.0791749954, 13.9406795502, 14.307551384, 11.8546419144], "median": [-7.32762050629, -6.97631311417, -7.90460252762, -8.2720489502, -8.16904640198, -10.8148574829], "max": [-4.77768421173, -4.36714267731, -5.51390028, -6.05044412613, -5.2952337265, -7.14629077911], "dmean": [0.444559454918, 0.49158936739, 0.465102910995, 0.4252640903, 0.418492078781, 0.542413175106], "dmean2": [0.723101735115, 0.742765784264, 0.679920613766, 0.622327446938, 0.567602217197, 0.660765469074], "mean": [-8.13383388519, -7.87866830826, -8.7406539917, -9.04310035706, -8.83378601074, -11.3669986725], "dvar2": [0.437399059534, 0.58324354887, 0.402313649654, 0.325346648693, 0.348688572645, 0.590924918652], "min": [-28.5130844116, -28.370470047, -28.0555152893, -27.8524703979, -27.5706634521, -27.4504432678]}, "spectral_strongpeak": {"dvar": 0.423964858055, "var": 0.399400919676, "median": 0.386847853661, "max": 13.0405340195, "dmean": 0.304432809353, "dmean2": 0.529366195202, "mean": 0.46835321188, "dvar2": 1.18166196346, "min": 0}, "erbbands_crest": {"dvar": 7.83921766281, "var": 16.0707511902, "median": 7.97987937927, "max": 29.3169212341, "dmean": 2.92585873604, "dmean2": 4.82107877731, "mean": 8.85071754456, "dvar2": 20.2815608978, "min": 2.48811650276}, "barkbands_crest": {"dvar": 10.1013555527, "var": 32.647441864, "median": 12.7382030487, "max": 26.8166656494, "dmean": 3.3459379673, "dmean2": 5.4258351326, "mean": 13.3644094467, "dvar2": 24.8170700073, "min": 2.93583297729}, "spectral_energyband_middle_low": {"dvar": 0.000207324759685, "var": 0.000140268210089, "median": 0.00551983620971, "max": 0.121632605791, "dmean": 0.00571389356628, "dmean2": 0.00993228610605, "mean": 0.00790894776583, "dvar2": 0.000594163429923, "min": 1.17889847544e-22}, "spectral_contrast_coeffs": {"dvar": [0.00231850869022, 0.00196792185307, 0.00133189675398, 0.000895922770724, 0.000506491458509, 0.000634583993815], "var": [0.0117774968967, 0.00584564404562, 0.00548380753025, 0.0041606943123, 0.00245015788823, 0.00404659472406], "median": [-0.65592443943, -0.746856033802, -0.797940611839, -0.794558823109, -0.809325575829, -0.758360862732], "max": [-0.386034786701, -0.448123991489, -0.523584127426, -0.491437196732, -0.585388183594, -0.545518517494], "dmean": [0.0552032366395, 0.0508452318609, 0.0411195755005, 0.0354478210211, 0.0252371970564, 0.0259758792818], "dmean2": [0.0883615165949, 0.0835570320487, 0.0663431286812, 0.0573645234108, 0.040445625782, 0.0399904288352], "mean": [-0.6611764431, -0.751038789749, -0.795998752117, -0.795327484608, -0.811386942863, -0.762576878071], "dvar2": [0.00592754222453, 0.00537247443572, 0.00326840695925, 0.00216929754242, 0.00118138280232, 0.00142810004763], "min": [-0.981660366058, -0.996610820293, -0.998833954334, -0.988395214081, -0.989058732986, -0.964975833893]}, "hfc": {"dvar": 808.933044434, "var": 1283.32006836, "median": 6.41702651978, "max": 312.751861572, "dmean": 11.764966011, "dmean2": 16.4454174042, "mean": 17.4963550568, "dvar2": 1515.79821777, "min": 1.05161502829e-16}, "spectral_energyband_high": {"dvar": 1.36059270517e-05, "var": 1.98879552045e-05, "median": 8.10891651781e-05, "max": 0.0415115728974, "dmean": 0.00123635341879, "dmean2": 0.00170262751635, "mean": 0.00138631707523, "dvar2": 2.60657725448e-05, "min": 7.09039834035e-21}, "erbbands_spread": {"dvar": 326.487792969, "var": 640.442687988, "median": 36.6191101074, "max": 164.264816284, "dmean": 15.5659103394, "dmean2": 23.7791194916, "mean": 42.7392692566, "dvar2": 726.301330566, "min": 1.56421375275}, "dissonance": {"dvar": 0.000558241736144, "var": 0.00102266925387, "median": 0.469630002975, "max": 0.500000059605, "dmean": 0.0222926717252, "dmean2": 0.0369676612318, "mean": 0.461747139692, "dvar2": 0.00149819988292, "min": 0.188047870994}, "spectral_kurtosis": {"dvar": 97.0894317627, "var": 79.1097106934, "median": 3.74643278122, "max": 258.639862061, "dmean": 3.23042011261, "dmean2": 5.32047605515, "mean": 5.25588130951, "dvar2": 261.345092773, "min": -1.27478933334}, "spectral_skewness": {"dvar": 0.358909338713, "var": 0.735642135143, "median": 1.45089673996, "max": 13.7162094116, "dmean": 0.397048264742, "dmean2": 0.599064826965, "mean": 1.52095019817, "dvar2": 0.822863459587, "min": -0.101641081274}, "pitch_salience": {"dvar": 0.00971675757319, "var": 0.0325733572245, "median": 0.499762535095, "max": 0.996086716652, "dmean": 0.0996638908982, "dmean2": 0.161086082458, "mean": 0.483542710543, "dvar2": 0.0238107535988, "min": 0.0375100485981}, "spectral_complexity": {"dvar": 33.6667633057, "var": 102.129524231, "median": 10, "max": 57, "dmean": 3.95749878883, "dmean2": 5.76202106476, "mean": 12.2506093979, "dvar2": 57.4435043335, "min": 0}, "spectral_spread": {"dvar": 1540105568260.0, "var": 49542422593500.0, "median": 4054959.5, "max": 43746936, "dmean": 893197.625, "dmean2": 1295908.25, "mean": 5853811.5, "dvar2": 3073566048260.0, "min": 356629.96875}, "dynamic_complexity": 3.52014422417, "melbands_crest": {"dvar": 16.4950866699, "var": 75.6437072754, "median": 18.4749469757, "max": 38.5237617493, "dmean": 3.9331715107, "dmean2": 6.20403194427, "mean": 18.8906745911, "dvar2": 37.1779708862, "min": 1.00092101097}, "zerocrossingrate": {"dvar": 0.000500061491039, "var": 0.00942598748952, "median": 0.033203125, "max": 0.5302734375, "dmean": 0.0162222329527, "dmean2": 0.019098687917, "mean": 0.0644397735596, "dvar2": 0.000645771680865, "min": 0}, "spectral_energyband_low": {"dvar": 0.00159375439398, "var": 0.00154402118642, "median": 0.00354644446634, "max": 0.345658391714, "dmean": 0.0134276011959, "dmean2": 0.0215624663979, "mean": 0.0206147059798, "dvar2": 0.0038715840783, "min": 1.38694558239e-23}, "melbands_kurtosis": {"dvar": 6353.33544922, "var": 9938.05273438, "median": 13.8065862656, "max": 2341.45043945, "dmean": 30.0385761261, "dmean2": 47.5693664551, "mean": 40.7370643616, "dvar2": 14729.5654297, "min": -1.81324076653}, "spectral_energyband_middle_high": {"dvar": 6.03800754106e-06, "var": 1.17296294775e-05, "median": 0.000904586457182, "max": 0.0472262725234, "dmean": 0.00126361334696, "dmean2": 0.00192730571143, "mean": 0.00209056725726, "dvar2": 1.39797330121e-05, "min": 1.03723783806e-21}, "barkbands_spread": {"dvar": 149.234863281, "var": 371.171936035, "median": 12.3076591492, "max": 123.477973938, "dmean": 8.62420940399, "dmean2": 12.8928480148, "mean": 19.2246189117, "dvar2": 324.309814453, "min": 0.0530042909086}, "mfcc": {"mean": [-719.175842285, 123.1146698, 15.082777977, 36.5313224792, 3.43834924698, 11.546918869, -0.978957235813, 0.918299973011, -1.76896870136, 4.55008172989, 1.64157140255, 2.98644471169, 0.604773163795], "cov": [[16686.0976562, 448.048217773, -226.020492554, 552.140441895, -221.572479248, 10.6692276001, -683.820739746, -115.345832825, -47.2160453796, 24.0195960999, -4.81064939499, 116.776931763, -118.617424011], [448.048217773, 3601.55029297, -273.545196533, 217.245117188, -120.923629761, 35.5207710266, 201.079208374, 89.4398269653, -72.4915084839, 38.4154853821, -24.0700111389, -21.5479164124, 49.3903541565], [-226.020492554, -273.545196533, 1141.39526367, 210.573181152, 118.874053955, 115.396743774, 211.345977783, 63.1731071472, 46.9701309204, 62.2055549622, 50.1616973877, 47.3728218079, -6.2087059021], [552.140441895, 217.245117188, 210.573181152, 459.475341797, 126.455505371, 61.7309494019, 24.2316417694, 58.2799758911, 39.7962722778, 36.0746994019, 46.8496780396, 22.2903900146, 20.2266407013], [-221.572479248, -120.923629761, 118.874053955, 126.455505371, 454.008392334, 209.146224976, -2.46533465385, -17.9696502686, 24.9491653442, 13.0925140381, 32.8223075867, 19.444644928, 34.1517333984], [10.6692276001, 35.5207710266, 115.396743774, 61.7309494019, 209.146224976, 328.387878418, 122.863800049, -11.3680171967, -4.07029104233, 12.6577062607, 13.6382684708, 21.3994140625, 36.0393753052], [-683.820739746, 201.079208374, 211.345977783, 24.2316417694, -2.46533465385, 122.863800049, 316.66104126, 111.890045166, -5.05737686157, 2.00560975075, 2.5535299778, 21.9164161682, 45.6477966309], [-115.345832825, 89.4398269653, 63.1731071472, 58.2799758911, -17.9696502686, -11.3680171967, 111.890045166, 215.654312134, 81.9760971069, -26.3598022461, -10.6917276382, 11.3388690948, 44.7552146912], [-47.2160453796, -72.4915084839, 46.9701309204, 39.7962722778, 24.9491653442, -4.07029104233, -5.05737686157, 81.9760971069, 154.098724365, 47.3941497803, 8.84494018555, 8.29049777985, 22.4093532562], [24.0195960999, 38.4154853821, 62.2055549622, 36.0746994019, 13.0925140381, 12.6577062607, 2.00560975075, -26.3598022461, 47.3941497803, 144.651062012, 70.8450317383, 23.5442695618, 3.55440783501], [-4.81064939499, -24.0700111389, 50.1616973877, 46.8496780396, 32.8223075867, 13.6382684708, 2.5535299778, -10.6917276382, 8.84494018555, 70.8450317383, 115.655044556, 46.8196907043, 11.2440328598], [116.776931763, -21.5479164124, 47.3728218079, 22.2903900146, 19.444644928, 21.3994140625, 21.9164161682, 11.3388690948, 8.29049777985, 23.5442695618, 46.8196907043, 81.0995178223, 37.5664482117], [-118.617424011, 49.3903541565, -6.2087059021, 20.2266407013, 34.1517333984, 36.0393753052, 45.6477966309, 44.7552146912, 22.4093532562, 3.55440783501, 11.2440328598, 37.5664482117, 95.0868225098]], "icov": [[8.15874591353e-05, -1.09754837467e-05, -8.94573804544e-06, -0.00011238487059, 0.000142381468322, -0.00019418343436, 0.000328875263222, -0.000150710591697, 0.000126170314616, -7.95439118519e-05, 0.000147485159687, -0.00026949722087, 0.000128585583298], [-1.09754837467e-05, 0.000340879603755, 0.00016345869517, -0.000240439680056, 7.54161010263e-05, 1.90150949493e-05, -0.000287786591798, -0.000106508006866, 0.000309238996124, -0.000349040608853, 0.000211065547774, 0.000149423765833, -0.000118764364743], [-8.94573804544e-06, 0.00016345869517, 0.0012823776342, -0.000555531179998, -0.000256675382843, 0.000199073256226, -0.00119480385911, 0.000253976060776, -0.000319128623232, -0.000283837580355, 0.000173586580786, -0.000644092040602, 0.000896377081517], [-0.00011238487059, -0.000240439680056, -0.000555531179998, 0.00309899193235, -0.000806700612884, 3.37300662068e-05, 0.000347472494468, -0.000897580292076, -6.3259700255e-05, -8.51263539516e-05, -0.00107919157017, 0.000558191095479, -0.000252997007919], [0.000142381468322, 7.54161010263e-05, -0.000256675382843, -0.000806700612884, 0.00405041081831, -0.00295757758431, 0.0018273673486, -0.00015324477863, -0.000238259090111, 0.00051002233522, -0.000676129071508, 0.000156257985509, -0.000790330406744], [-0.00019418343436, 1.90150949493e-05, 0.000199073256226, 3.37300662068e-05, -0.00295757758431, 0.00644443929195, -0.00388784450479, 0.00250454735942, -0.000946887594182, 0.000378677184926, 0.000155684247147, 0.000136955743073, -0.000802513270173], [0.000328875263222, -0.000287786591798, -0.00119480385911, 0.000347472494468, 0.0018273673486, -0.00388784450479, 0.00843503233045, -0.00519594550133, 0.00359940342605, -0.00191687780898, 0.000929013127461, -0.000825739407446, -0.000938953424338], [-0.000150710591697, -0.000106508006866, 0.000253976060776, -0.000897580292076, -0.00015324477863, 0.00250454735942, -0.00519594550133, 0.011327589862, -0.00726489257067, 0.00517494650558, -0.00151581526734, 0.000619390688371, -0.00220341049135], [0.000126170314616, 0.000309238996124, -0.000319128623232, -6.3259700255e-05, -0.000238259090111, -0.000946887594182, 0.00359940342605, -0.00726489257067, 0.012870808132, -0.00688209757209, 0.00306509365328, -0.000200338021386, -0.000934017996769], [-7.95439118519e-05, -0.000349040608853, -0.000283837580355, -8.51263539516e-05, 0.00051002233522, 0.000378677184926, -0.00191687780898, 0.00517494650558, -0.00688209757209, 0.0141225997359, -0.00817445851862, 0.00118365336675, -0.000167556499946], [0.000147485159687, 0.000211065547774, 0.000173586580786, -0.00107919157017, -0.000676129071508, 0.000155684247147, 0.000929013127461, -0.00151581526734, 0.00306509365328, -0.00817445851862, 0.0171116180718, -0.00847348477691, 0.00167397572659], [-0.00026949722087, 0.000149423765833, -0.000644092040602, 0.000558191095479, 0.000156257985509, 0.000136955743073, -0.000825739407446, 0.000619390688371, -0.000200338021386, 0.00118365336675, -0.00847348477691, 0.0213157199323, -0.00799410417676], [0.000128585583298, -0.000118764364743, 0.000896377081517, -0.000252997007919, -0.000790330406744, -0.000802513270173, -0.000938953424338, -0.00220341049135, -0.000934017996769, -0.000167556499946, 0.00167397572659, -0.00799410417676, 0.0161137320101]]}, "silence_rate_60dB": {"dvar": 0.0241218339652, "var": 0.100792378187, "median": 0, "max": 1, "dmean": 0.0247343666852, "dmean2": 0.0494773536921, "mean": 0.113723441958, "dvar2": 0.0550402216613, "min": 0}, "melbands_flatness_db": {"dvar": 0.00232921587303, "var": 0.0161030795425, "median": 0.254592597485, "max": 0.789918482304, "dmean": 0.0437770746648, "dmean2": 0.0597507543862, "mean": 0.259499907494, "dvar2": 0.00423364061862, "min": 1.72573336954e-07}, "spectral_rms": {"dvar": 