{"metadata": {"audio_properties": {"downmix": "mix", "bit_rate": 192000, "lossless": false, "md5_encoded": "cc3b6521ee39252da0b17b8284bb8d9e", "analysis_sample_rate": 44100, "sample_rate": 44100, "replay_gain": -11.987197876, "equal_loudness": 0, "codec": "mp3", "length": 197.172241211}, "tags": {"album": ["freedom¡¯s child"], "artist": ["billy joe shaver"], "musicbrainz_recordingid": ["6cde7eec-8542-4414-ae2f-5af3e6319ee3"], "albumartist": ["billy joe shaver"], "title": ["Honey Chile"], "genre": ["Other"], "tracknumber": ["4"], "date": ["2002"], "file_name": "263696.mp3"}, "version": {"essentia_build_sha": "70f2e5ece6736b2c40cc944ad0e695b16b925413", "essentia_git_sha": "v2.1_beta2", "extractor": "music 1.0", "essentia": "2.1-beta2"}}, "tonal": {"chords_scale": "major", "hpcp": {"dmean": [0.0991777926683, 0.0718764215708, 0.0530816093087, 0.0601168237627, 0.0685748755932, 0.106241039932, 0.108968406916, 0.097404062748, 0.0609484277666, 0.0530342198908, 0.0543790124357, 0.0667617544532, 0.0729064270854, 0.0713204443455, 0.0815602913499, 0.0903398841619, 0.091763868928, 0.0846958309412, 0.0942726880312, 0.111389793456, 0.150335863233, 0.148655772209, 0.142149567604, 0.106662385166, 0.0800049155951, 0.0778985917568, 0.118510715663, 0.132244303823, 0.0975642055273, 0.0654640868306, 0.0586366951466, 0.0545365735888, 0.0669612288475, 0.0739518925548, 0.0671374127269, 0.0894351750612], "dvar2": [0.0855475366116, 0.0552817322314, 0.0616491883993, 0.0718157440424, 0.0711722895503, 0.0782041326165, 0.0912604629993, 0.0735025629401, 0.0672125816345, 0.0649035274982, 0.0604167468846, 0.0660449787974, 0.0669317692518, 0.0727547258139, 0.0758625715971, 0.09417578578, 0.0972680449486, 0.0990164875984, 0.112354442477, 0.135425329208, 0.15288977325, 0.133287087083, 0.138293027878, 0.130994752049, 0.0980596244335, 0.086539439857, 0.10073377192, 0.108185626566, 0.0781273916364, 0.0657431259751, 0.063709653914, 0.0561744347215, 0.0592163950205, 0.0644781440496, 0.0601381212473, 0.0710256323218], "mean": [0.221080750227, 0.115486316383, 0.0417079776525, 0.0475640818477, 0.0577094219625, 0.169460222125, 0.249825134873, 0.140168115497, 0.047301966697, 0.0408516339958, 0.0458738319576, 0.0720176100731, 0.083507604897, 0.0654308870435, 0.10946355015, 0.160903275013, 0.109312020242, 0.0718742832541, 0.0816261470318, 0.0916067659855, 0.191336706281, 0.266817688942, 0.176706135273, 0.0943718403578, 0.0716103985906, 0.0702338144183, 0.182595163584, 0.250956088305, 0.138853296638, 0.0647648125887, 0.0652557760477, 0.0537718050182, 0.0786582827568, 0.0886129140854, 0.0649957507849, 0.152527958155], "var": [0.120881415904, 0.0347204245627, 0.0154296588153, 0.0197518002242, 0.0227919537574, 0.0605643801391, 0.124458990991, 0.0498170144856, 0.0183417908847, 0.0176441147923, 0.0187077391893, 0.0277146156877, 0.0317314714193, 0.0230707395822, 0.0436148233712, 0.089272081852, 0.0426744520664, 0.0277680493891, 0.0351552814245, 0.0430527180433, 0.0769368186593, 0.124923847616, 0.0684711113572, 0.0493295565248, 0.0361213795841, 0.0313812568784, 0.068267531693, 0.112353339791, 0.0479278378189, 0.0287636257708, 0.0357121899724, 0.0216767527163, 0.0300369411707, 0.0351415425539, 0.0204389747232, 0.0583175420761], "dmean2": [0.165857627988, 0.123924612999, 0.0977075695992, 0.109051801264, 0.123265996575, 0.177706196904, 0.182593122125, 0.165426880121, 0.110618069768, 0.0965160727501, 0.0982836857438, 0.118030048907, 0.126655891538, 0.126732558012, 0.140731737018, 0.154847964644, 0.162430420518, 0.152804851532, 0.171304732561, 0.20358993113, 0.262156248093, 0.253692805767, 0.245394140482, 0.195776119828, 0.146036505699, 0.138269484043, 0.201549351215, 0.2197624892, 0.166081786156, 0.115295745432, 0.103177025914, 0.0945341959596, 0.113475807011, 0.125234410167, 0.118542820215, 0.152919024229], "dvar": [0.0371645912528, 0.0202743113041, 0.0214443467557, 0.0254173763096, 0.0261711701751, 0.0304399300367, 0.038512352854, 0.0285514201969, 0.023796889931, 0.0229064989835, 0.0217622593045, 0.0243587344885, 0.0254023782909, 0.0266864579171, 0.0290306638926, 0.0377359464765, 0.0356637649238, 0.0351502969861, 0.0408274568617, 0.0492090918124, 0.0556116551161, 0.0542452037334, 0.0510469786823, 0.0469826050103, 0.0361926741898, 0.0316430516541, 0.0401870235801, 0.0471899062395, 0.0300848446786, 0.0252246875316, 0.0254831146449, 0.02121925354, 0.0234889667481, 0.0255948547274, 0.0216982308775, 0.0275803655386], "min": [0, 0, 0, 0, 0, 0, 0, 0, 0, 0, 0, 0, 0, 0, 0, 0, 0, 0, 0, 0, 0, 0, 0, 0, 0, 0, 0, 0, 0, 0, 0, 0, 0, 0, 0, 0], "median": [0.0229858774692, 0.0165180973709, 0.00413939729333, 0.00382278300822, 0.00945745315403, 0.0428387150168, 0.0602789819241, 0.0318164378405, 0.00480920448899, 0.00318238721229, 0.00394611340016, 0.0107474522665, 0.0139212282375, 0.0124297700822, 0.0121578508988, 0.010944141075, 0.012602576986, 0.0116082625464, 0.0119874877855, 0.012310530059, 0.0452517718077, 0.0684660747647, 0.0397167801857, 0.00697973370552, 0.00360926054418, 0.00814648345113, 0.0568752735853, 0.0834960117936, 0.0386664606631, 0.00494639668614, 0.00248760171235, 0.00586057687178, 0.0144151374698, 0.0159199312329, 0.0141682047397, 0.0229837540537], "max": [1, 1, 1, 1, 1, 1, 1, 1, 1, 1, 1, 1, 1, 1, 1, 1, 1, 1, 1, 1, 1, 1, 1, 1, 1, 1, 1, 1, 1, 1, 1, 1, 1, 1, 1, 1]}, "tuning_equal_tempered_deviation": 0.0327760018408, "chords_key": "E", "chords_strength": {"dmean": 0.00913227722049, "dvar2": 6.71851666993e-05, "mean": 0.527795255184, "var": 0.00880057550967, "dmean2": 0.00796184036881, "dvar": 6.73066169838e-05, "min": 0.246118739247, "median": 0.538863062859, "max": 0.747562885284}, "tuning_diatonic_strength": 0.526465296745, "thpcp": [1, 0.662272930145, 0.353694081306, 0.268386989832, 0.263227730989, 0.684344291687, 0.940552651882, 0.520405113697, 0.242730587721, 0.244570657611, 0.201530128717, 0.294801592827, 0.332110345364, 0.243596106768, 0.571656107903, 0.828583538532, 0.432828575373, 0.156316384673, 0.178264349699, 0.216287836432, 0.635116159916, 0.936313986778, 0.525332927704, 0.177281975746, 0.153106912971, 0.171929493546, 0.269913166761, 0.312976270914, 0.245226949453, 0.410255968571, 0.603045761585, 0.409688055515, 0.269376009703, 0.305924803019, 0.343330919743, 0.71710652113], "chords_histogram": [6.35742855072, 0.96538734436, 28.9380741119, 0.918295264244, 11.396279335, 0, 0.988933384418, 0.0941841304302, 0, 1.01247942448, 0.282552391291, 0.0235460326076, 0.141276195645, 0, 1.3892159462, 1.03602540493, 0.753473043442, 0.518012702465, 0, 5.55686378479, 1.17730164528, 4.12055587769, 25.6416301727, 8.68848609924], "tuning_nontempered_energy_ratio": 0.649071335793, "tuning_frequency": 441.017791748, "key_strength": 0.703769266605, "chords_changes_rate": 0.044972922653, "key_scale": "major", "hpcp_entropy": {"dmean": 0.543315887451, "dvar2": 0.643416881561, "mean": 1.57194566727, "var": 0.525616884232, "dmean2": 0.91591155529, "dvar": 0.247267022729, "min": 0, "median": 1.61774969101, "max": 4.09768629074}, "key_key": "A", "chords_number_rate": 0.0025900634937}, "lowlevel": {"melbands_skewness": {"dmean": 0.60812574625, "dvar2": 1.88618016243, "mean": 2.23941659927, "var": 3.99655127525, "dmean2": 0.932712972164, "dvar": 0.702998459339, "min": -2.32271647453, "median": 1.89621663094, "max": 31.1623840332}, "melbands_kurtosis": {"dmean": 7.70055341721, "dvar2": 4457.33251953, "mean": 15.7548093796, "var": 3367.77978516, "dmean2": 12.975071907, "dvar": 1550.52050781, "min": -1.70886600018, "median": 6.72599124908, "max": 2119.52563477}, "barkbands_kurtosis": {"dmean": 3.74757766724, "dvar2": 345.167785645, "mean": 8.37497615814, "var": 573.373901367, "dmean2": 5.92393445969, "dvar": 120.196815491, "min": -1.85734832287, "median": 4.07488536835, "max": 554.57611084}, "hfc": {"dmean": 3.82900071144, "dvar2": 80.919303894, "mean": 12.6028718948, "var": 163.180862427, "dmean2": 5.14208841324, "dvar": 41.7647171021, "min": 1.08920787251e-16, "median": 8.81014156342, "max": 100.957946777}, "silence_rate_20dB": {"dmean": 0, "dvar2": 0, "mean": 1, "var": 0, "dmean2": 0, "dvar": 0, "min": 1, "median": 1, "max": 1}, "erbbands_flatness_db": {"dmean": 0.0174311455339, "dvar2": 0.000599826220423, "mean": 0.193913608789, "var": 0.00323499995284, "dmean2": 0.0241382662207, "dvar": 0.000314340286423, "min": 0.0263899806887, "median": 0.187385961413, "max": 0.398092925549}, "spectral_flux": {"dmean": 0.0229337401688, "dvar2": 0.00186719652265, "mean": 0.0630033761263, "var": 0.00264614610933, "dmean2": 0.0353281497955, "dvar": 0.000817904132418, "min": 6.36970962087e-11, "median": 0.0484935827553, "max": 0.414501428604}, "spectral_energyband_low": {"dmean": 0.00502823991701, "dvar2": 0.000468487472972, "mean": 0.0107312165201, "var": 0.000318484817399, "dmean2": 0.00799469277263, "dvar": 0.000175838838913, "min": 1.18021929681e-23, "median": 0.00339484307915, "max": 0.247607380152}, "spectral_rolloff": {"dmean": 229.431045532, "dvar2": 1014288.8125, "mean": 1010.57623291, "var": 3562030.75, "dmean2": 375.340576172, "dvar": 490196.25, "min": 21.533203125, "median": 667.529296875, "max": 19659.8144531}, "spectral_entropy": {"dmean": 0.189727008343, "dvar2": 0.0787082836032, "mean": 6.96435594559, "var": 0.360642164946, "dmean2": 0.26160800457, "dvar": 0.0409605205059, "min": 5.0200881958, "median": 6.97641897202, "max": 9.81660461426}, "spectral_energy": {"dmean": 0.00878445059061, "dvar2": 0.000558669329621, "mean": 0.0278886351734, "var": 0.000774008629378, "dmean2": 0.0127096353099, "dvar": 0.000236365915043, "min": 9.99641792598e-21, "median": 0.0199159123003, "max": 0.28215265274}, "spectral_centroid": {"dmean": 142.927871704, "dvar2": 140320.1875, "mean": 927.680847168, "var": 1026493.375, "dmean2": 207.925857544, "dvar": 78643.28125, "min": 182.4871521, "median": 709.958679199, "max": 11672.8691406}, "barkbands_flatness_db": {"dmean": 0.021536225453, "dvar2": 0.00102191721089, "mean": 0.184531643987, "var": 0.00324799609371, "dmean2": 0.0318660438061, "dvar": 0.000449005805422, "min": 0.0159166008234, "median": 0.182017162442, "max": 0.553403198719}, "spectral_rms": {"dmean": 0.000721875287127, "dvar2": 1.95771690414e-06, "mean": 0.00457155331969, "var": 6.30930389889e-06, "dmean2": 0.000997779658064, "dvar": 9.34693730414e-07, "min": 3.12291577147e-12, "median": 0.00440796557814, "max": 0.0165912881494}, "melbands": {"dmean": [0.00112339586485, 0.000922412436921, 0.000287729111733, 0.000191990067833, 0.000208392753848, 0.00047412206186, 0.000360236765118, 0.000192114588572, 0.000145694735693, 8.37777042761e-05, 7.4872514233e-05, 5.55201913812e-05, 5.24994175066e-05, 3.0540064472e-05, 3.50721093128e-05, 3.1867512007e-05, 1.9919098122e-05, 8.79466551851e-06, 5.58674491913e-06, 4.63849210064e-06, 2.82221435555e-06, 2.81485995401e-06, 2.90115713142e-06, 2.47862976721e-06, 2.80295284938e-06, 2.31210901802e-06, 1.72706336343e-06, 1.45787612382e-06, 1.14449085231e-06, 1.10145322196e-06, 1.00724980712e-06, 6.06188621077e-07, 5.59132615763e-07, 4.05776233947e-07, 3.9245469452e-07, 4.27241644729e-07, 4.41757606495e-07, 2.6634810979e-07, 1.80005002903e-07, 1.53666675828e-07], "dvar2": [2.948607289e-05, 1.50240857693e-05, 6.81912013079e-07, 3.41456598107e-07, 4.79462983094e-07, 2.49547633757e-06, 2.19798812395e-06, 7.93662024989e-07, 4.42440210691e-07, 8.73871783824e-08, 1.17050156234e-07, 5.58241097792e-08, 6.39348129994e-08, 2.08096917476e-08, 2.18223874526e-08, 2.18276419162e-08, 1.40715519237e-08, 1.97673899471e-09, 8.08865141533e-10, 5.72154545964e-10, 2.31733354727e-10, 1.01718806989e-10, 1.24923224543e-10, 5.3431120639e-10, 4.91800433711e-10, 1.66017130598e-10, 1.53386761625e-10, 1.68166980341e-10, 6.26523971592e-11, 5.6327938841e-11, 5.00414848448e-11, 9.3756330824e-12, 9.12344418763e-12, 7.25138699087e-12, 6.94333306128e-12, 1.21615590862e-11, 1.20078790661e-11, 3.02767077902e-12, 1.32656375034e-12, 1.79237798648e-12], "mean": [0.00215863413177, 0.00183678464964, 0.000753070053179, 0.000504764728248, 0.00037407092168, 0.000901206163689, 0.00070570432581, 0.000394797767513, 0.000287537754048, 0.000188724181498, 0.000162056981935, 0.000118718737212, 9.90874832496e-05, 5.86819514865e-05, 7.26481302991e-05, 6.1115839344e-05, 3.20686740451e-05, 1.49381012307e-05, 9.85947826848e-06, 8.43821089802e-06, 5.01677641296e-06, 5.41886765859e-06, 5.25187169842e-06, 3.90388095184e-06, 4.52305903309e-06, 3.68997780242e-06, 2.22666812988e-06, 1.802077918e-06, 1.53284497628e-06, 1.55083614573e-06, 1.32329114422e-06, 8.92683601705e-07, 7.13713575351e-07, 5.34627076831e-07, 5.46793842204e-07, 6.26224391453e-07, 6.58278167975e-07, 3.73043206991e-07, 2.51000187745e-07, 2.03054923986e-07], "var": [1.69186350831e-05, 1.03822776509e-05, 1.34045762934e-06, 8.72626173987e-07, 4.94308665111e-07, 2.46289891948e-06, 1.71825718098e-06, 1.08984750113e-06, 4.32903362935e-07, 1.37979498049e-07, 2.01340000672e-07, 7.63397309811e-08, 9.50810346012e-08, 2.86744565869e-08, 3.82613869476e-08, 2.68478572707e-08, 1.21513590301e-08, 2.09479567026e-09, 7.61216090162e-10, 6.21252771449e-10, 2.71618644243e-10, 1.11923359469e-10, 1.20768200995e-10, 1.53148008164e-10, 2.38023767363e-10, 1.06051785409e-10, 7.09056424686e-11, 4.55331120031e-11, 2.68651541985e-11, 2.77755370787e-11, 1.58322799315e-11, 4.46440454049e-12, 4.04657514094e-12, 2.98366171179e-12, 5.69217286153e-12, 7.6157179521e-12, 8.48417777005e-12, 2.40361181479e-12, 8.45560438074e-13, 7.49553739389e-13], "dmean2": [0.00184172962327, 0.00144797679968, 0.000409114727518, 0.000279870349914, 0.000306768546579, 0.000692650151905, 0.000549920019694, 0.000269633164862, 0.000207898308872, 0.000118023315736, 0.000101889672806, 7.874842413e-05, 7.31566105969e-05, 4.50731204182e-05, 5.01494505443e-05, 4.59566654172e-05, 3.01129912259e-05, 1.28702922666e-05, 8.26959512779e-06, 6.76243189446e-06, 4.18827767135e-06, 4.35391848441e-06, 4.47133425041e-06, 3.95059942093e-06, 4.1713092287e-06, 3.46659726347e-06, 2.64017057816e-06, 2.35044467445e-06, 1.7783529529e-06, 1.72935210685e-06, 1.65839651345e-06, 9.4838418363e-07, 8.83397945017e-07, 6.47134754672e-07, 5.71962800677e-07, 6.4603671035e-07, 6.56306042401e-07, 3.9604151425e-07, 2.78222245242e-07, 2.38309993961e-07], "dvar": [1.05576209535e-05, 5.87005661146e-06, 3.35880088187e-07, 1.69070688116e-07, 2.1348607504e-07, 1.10087171379e-06, 9.28649001253e-07, 3.80396983246e-07, 2.16667345398e-07, 4.36505267487e-08, 6.18753119852e-08, 2.74970890501e-08, 3.32395337921e-08, 9.9293346878e-09, 1.17079972384e-08, 1.06086837093e-08, 6.49708864486e-09, 9.56989709699e-10, 3.81991771548e-10, 2.86928425464e-10, 1.23871260471e-10, 4.46009340571e-11, 5.51537426841e-11, 1.9305719523e-10, 2.03787667297e-10, 7.23739401742e-11, 6.68459038122e-11, 6.0694796411e-11, 2.51416752001e-11, 2.36217278377e-11, 1.82665844256e-11, 3.74845033485e-12, 3.58251254183e-12, 2.83609550775e-12, 3.46525347479e-12, 5.14735302992e-12, 5.90588775801e-12, 1.61029121894e-12, 6.58280125288e-13, 7.59033786345e-13], "min": [1.22253561014e-24, 1.27071390942e-24, 6.37291537475e-25, 8.08326294576e-25, 2.16630927284e-24, 2.17343327846e-24, 2.40922478911e-24, 2.61637335193e-24, 9.53152725824e-25, 1.80100612865e-24, 3.24252262355e-24, 2.07124502566e-24, 3.56086448363e-24, 2.23376082454e-24, 1.76152225984e-24, 1.80995910828e-24, 2.28925324492e-24, 4.07798410624e-24, 4.3451357961e-24, 3.40882219377e-24, 2.56003093393e-24, 4.26466212301e-24, 3.71101390174e-24, 5.11511018796e-24, 5.40112866966e-24, 5.95392689329e-24, 5.65508981632e-24, 4.50655882541e-24, 5.34787306438e-24, 6.11693356088e-24, 5.28070392488e-24, 4.38517679793e-24, 4.87782556083e-24, 5.49337688062e-24, 5.04365003957e-24, 5.54868825742e-24, 6.35135777836e-24, 6.0174980382e-24, 6.13844816434e-24, 6.48969992088e-24], "median": [0.000237807907979, 0.000487058132421, 0.000192913692445, 0.000160603303812, 0.00012988387607, 0.000318435661029, 0.000298840022879, 0.00012262686505, 9.87935127341e-05, 6.85104241711e-05, 4.39117648057e-05, 3.92737601942e-05, 2.47604948527e-05, 1.56405658345e-05, 1.70469083969e-05, 1.34018664539e-05, 7.36624042474e-06, 3.59650039172e-06, 2.86412546302e-06, 2.26291581384e-06, 1.50856351411e-06, 2.34087565332e-06, 1.9130061446e-06, 1.69733618804e-06, 1.43191300594e-06, 1.10136227249e-06, 5.70948486711e-07, 4.55009910638e-07, 3.52396170911e-07, 3.36213844321e-07, 3.51800338194e-07, 2.7935396929e-07, 1.83117435881e-07, 1.3597635018e-07, 1.12135353447e-07, 1.2793998394e-07, 1.48985947135e-07, 1.02102553967e-07, 6.82958471998e-08, 5.15750677721e-08], "max": [0.0566102303565, 0.0425515957177, 0.0148587692529, 0.0149645106867, 0.013965097256, 0.0242142193019, 0.0229184105992, 0.0183727405965, 0.0130711514503, 0.00566634582356, 0.00779132032767, 0.00506145553663, 0.00650445884094, 0.00285490276292, 0.00329786655493, 0.00238134362735, 0.00241968012415, 0.00102617812809, 0.000590363575611, 0.000663852726575, 0.000536588428076, 0.000185987868463, 0.000208898956771, 0.000752481864765, 0.000543738657143, 0.000261923880316, 0.000372624432202, 0.000386345433071, 0.000152147520566, 0.000159692339366, 9.09580048756e-05, 3.7673398765e-05, 5.51356824872e-05, 6.53422030155e-05, 8.58415442053e-05, 0.000102712278021, 0.000140880554682, 6.34704701952e-05, 4.52475505881e-05, 6.07769325143e-05]}, "barkbands_crest": {"dmean": 2.38802933693, "dvar2": 14.4149465561, "mean": 11.8711423874, "var": 21.1650867462, "dmean2": 3.78318548203, "dvar": 5.65662240982, "min": 2.01639842987, "median": 10.9399595261, "max": 25.3143024445}, "mfcc": {"icov": [[0.000110230721475, -9.42582337302e-05, -2.66379211098e-05, -0.000127210558276, 0.000118295793072, -5.33890524821e-05, -4.25648904638e-05, 0.000142078337376, 8.1955040514e-05, -0.000228462478844, 0.000142917997437, -0.000126367187477, 6.94746995578e-05], [-9.42582337302e-05, 0.000802640046459, -8.26685845823e-06, 0.000363144645235, -0.000184447038919, 0.00043341802666, 4.14180758526e-05, -0.000314949662425, -0.000140714211739, 0.000818976550363, -0.000506608048454, 3.09137576551e-05, 4.73014406452e-05], [-2.66379211098e-05, -8.26685845823e-06, 0.00261737336405, -0.00046637255582, -0.000796457054093, 0.000374982308131, -0.000798315624706, -0.000737085181754, 0.00021461371216, 2.92241511488e-05, 0.000586511916481, -0.000187337325769, -0.000190081744222], [-0.000127210558276, 0.000363144645235, -0.00046637255582, 0.0040697325021, -0.000766114739235, -0.00169523549266, 0.000596676662099, 0.00014993728837, -0.000380974059226, -0.000618586549535, -0.000126947081299, -0.000757519097533, -0.00103833409958], [0.000118295793072, -0.000184447038919, -0.000796457054093, -0.000766114739235, 0.00430107861757, 0.000116848976177, -0.000887272704858, 0.00119128276128, -0.000776039029006, -0.000178914619028, 0.000386989762774, 0.000100046549051, 0.000160136201885], [-5.33890524821e-05, 0.00043341802666, 0.000374982308131, -0.00169523549266, 0.000116848976177, 0.00555047951639, -0.00141417619307, -2.53140788118e-05, -0.00088382139802, 0.000424266560003, -0.00103757798206, -0.000234707520576, -0.000591856078245], [-4.25648904638e-05, 4.14180758526e-05, -0.000798315624706, 0.000596676662099, -0.000887272704858, -0.00141417619307, 0.00719966460019, -0.00281397765502, 0.000142165314173, -0.000495512038469, -0.000610097078606, -0.000880223524291, 0.00101282156538], [0.000142078337376, -0.000314949662425, -0.000737085181754, 0.00014993728837, 0.00119128276128, -2.53140788118e-05, -0.00281397765502, 0.00843829941005, -0.00258745998144, -0.000118349926197, -0.000225479758228, 7.52410778659e-05, -3.28825553879e-05], [8.1955040514e-05, -0.000140714211739, 0.00021461371216, -0.000380974059226, -0.000776039029006, -0.00088382139802, 0.000142165314173, -0.00258745998144, 0.00904818251729, -0.00275031081401, 9.50470712269e-05, -0.000156464971951, -0.00074837799184], [-0.000228462478844, 0.000818976550363, 2.92241511488e-05, -0.000618586549535, -0.000178914619028, 0.000424266560003, -0.000495512038469, -0.000118349926197, -0.00275031081401, 0.00888394098729, -0.00301761296578, 0.000246721872827, -0.000238770109718], [0.000142917997437, -0.000506608048454, 0.000586511916481, -0.000126947081299, 0.000386989762774, -0.00103757798206, -0.000610097078606, -0.000225479758228, 9.50470712269e-05, -0.00301761296578, 0.00861580763012, -0.00212515424937, 0.000570808711927], [-0.000126367187477, 3.09137576551e-05, -0.000187337325769, -0.000757519097533, 0.000100046549051, -0.000234707520576, -0.000880223524291, 7.52410778659e-05, -0.000156464971951, 0.000246721872827, -0.00212515424937, 0.00847422052175, -0.00280397641473], [6.94746995578e-05, 4.73014406452e-05, -0.000190081744222, -0.00103833409958, 0.000160136201885, -0.000591856078245, 0.00101282156538, -3.28825553879e-05, -0.00074837799184, -0.000238770109718, 0.000570808711927, -0.00280397641473, 0.0104245468974]], "mean": [-704.533752441, 151.187332153, 9.99614524841, 6.58246326447, -5.02116298676, -3.58918571472, -0.0838385820389, 2.91667056084, -5.97337627411, -1.04061317444, 5.11114215851, 5.53980445862, -2.3586473465], "cov": [[11386.7802734, 692.891540527, 119.150718689, 448.445922852, -143.600250244, 194.807662964, 50.013874054, -132.315856934, -27.5019016266, 241.636428833, 20.4347858429, 234.725311279, 41.3752784729], [692.891540527, 1778.76757812, -15.3569736481, -307.350799561, -22.6980876923, -243.436279297, -31.6485557556, 25.6820354462, -72.8346862793, -185.480178833, -13.8511686325, -59.3827133179, -78.5905227661], [119.150718689, -15.3569736481, 476.467071533, 88.37550354, 106.464126587, 20.1690292358, 86.6535186768, 58.7795639038, 25.3418960571, 17.758354187, -16.5736789703, 30.2293052673, 19.3067626953], [448.445922852, -307.350799561, 88.37550354, 451.931549072, 79.7589645386, 195.578964233, 39.1684646606, 8.84874820709, 76.3743057251, 106.864204407, 53.2966537476, 97.5499343872, 82.3842010498], [-143.600250244, -22.6980876923, 106.464126587, 79.7589645386, 285.708343506, 27.4777069092, 43.2917366028, -5.89147615433, 33.7058067322, 19.8145370483, -2.76375889778, 12.0777864456, 10.1657037735], [194.807662964, -243.436279297, 20.1690292358, 195.578964233, 27.4777069092, 303.7550354, 74.4131317139, 31.4056529999, 69.4359207153, 74.4559936523, 64.4581756592, 69.4802322388, 51.1969642639], [50.013874054, -31.6485557556, 86.6535186768, 39.1684646606, 43.2917366028, 74.4131317139, 208.129074097, 82.9930343628, 43.3886108398, 42.5907440186, 39.8067855835, 38.650188446, 1.19879221916], [-132.315856934, 25.6820354462, 58.7795639038, 8.84874820709, -5.89147615433, 31.4056529999, 82.9930343628, 174.864303589, 60.6822624207, 27.6794624329, 27.1770401001, 16.8536739349, 5.11574411392], [-27.5019016266, -72.8346862793, 25.3418960571, 76.3743057251, 33.7058067322, 69.4359207153, 43.3886108398, 60.6822624207, 163.963134766, 75.2736129761, 37.7521286011, 32.3406791687, 28.1102600098], [241.636428833, -185.480178833, 17.758354187, 106.864204407, 19.8145370483, 74.4559936523, 42.5907440186, 27.6794624329, 75.2736129761, 190.094314575, 71.85181427, 43.2110290527, 27.5178127289], [20.4347858429, -13.8511686325, -16.5736789703, 53.2966537476, -2.76375889778, 64.4581756592, 39.8067855835, 27.1770401001, 37.7521286011, 71.85181427, 165.71081543, 55.6215438843, 15.0965919495], [234.725311279, -59.3827133179, 30.2293052673, 97.5499343872, 12.0777864456, 69.4802322388, 38.650188446, 16.8536739349, 32.3406791687, 43.2110290527, 55.6215438843, 168.079666138, 54.505607605], [41.3752784729, -78.5905227661, 19.3067626953, 82.3842010498, 10.1657037735, 51.1969642639, 1.19879221916, 5.11574411392, 28.1102600098, 27.5178127289, 15.0965919495, 54.505607605, 123.698921204]]}, "spectral_decrease": {"dmean": 2.25352336791e-09, "dvar2": 3.80871441845e-17, "mean": -7.08634484425e-09, "var": 5.1020265263e-17, "dmean2": 3.27004978651e-09, "dvar": 1.5975956247e-17, "min": -7.38826315683e-08, "median": -5.02643793254e-09, "max": 6.75267054933e-25}, "zerocrossingrate": {"dmean": 0.00688906665891, "dvar2": 0.000127648076159, "mean": 0.0414299704134, "var": 0.00251946412027, "dmean2": 0.00804890599102, "dvar": 0.000130768385134, "min": 0.00048828125, "median": 0.03125, "max": 0.52587890625}, "spectral_contrast_coeffs": {"dmean": [0.0417572669685, 0.0450961701572, 0.0372030772269, 0.0331219211221, 0.0247442889959, 0.0198237355798], "dvar2": [0.00311815086752, 0.00385005073622, 0.002382960869, 0.00188897759654, 0.000989854917862, 0.000876757025253], "mean": [-0.620255768299, -0.654036581516, -0.708253324032, -0.731731295586, -0.762877702713, -0.777609586716], "var": [0.0131466658786, 0.00971353519708, 0.00684636598453, 0.00523299118504, 0.00300473836251, 0.00281875557266], "dmean2": [0.066020809114, 0.070250198245, 0.0565792955458, 0.0508488081396, 0.0374094769359, 0.0300474260002], "dvar": [0.00139699550346, 0.00166111113504, 0.00111919583287, 0.000831466284581, 0.000463346164906, 0.000365171843441], "min": [-0.982319176197, -0.998514831066, -0.980195820332, -0.968916893005, -0.96543097496, -0.964092493057], "median": [-0.633800148964, -0.653322458267, -0.710384249687, -0.734497785568, -0.763991415501, -0.779562830925], "max": [-0.275653898716, -0.284528255463, -0.408723592758, -0.4804264009, -0.575126051903, -0.605855226517]}, "spectral_skewness": {"dmean": 0.32742241025, "dvar2": 0.338350951672, "mean": 2.29166340828, "var": 0.911182761192, "dmean2": 0.509942114353, "dvar": 0.132438078523, "min": -0.0680817291141, "median": 2.11215901375, "max": 8.03277587891}, "spectral_energyband_middle_high": {"dmean": 0.00127918180078, "dvar2": 1.36103744808e-05, "mean": 0.00360108376481, "var": 3.42955754604e-05, "dmean2": 0.00171877478715, "dvar": 7.78155845182e-06, "min": 1.2624914781e-21, "median": 0.00170265149791, "max": 0.0693996250629}, "gfcc": {"icov": [[0.000123358680867, -0.000317065801937, 0.000227410055231, -0.000273083598586, 0.000404235324822, -0.000322897336446, 0.000278192688711, -0.00037793701631, 0.00035482578096, -0.000460440991446, 0.000253195612459, -0.000338195910444, 0.000192931009224], [-0.000317065801937, 0.00205009058118, -0.000507081800606, 0.00123653502669, -0.00135711836629, 0.00111448485404, -0.000819983077236, 0.00108140252996, -0.00126526714303, 0.00203045760281, -0.00179593265057, 0.00158972037025, -0.00118046288844], [0.000227410055231, -0.000507081800606, 0.00185855245218, -0.000600980536547, -0.000169308157638, -0.000750542036258, 0.000622721505351, -0.00159177661408, 0.00117951782886, -0.000738302303944, 0.00089421326993, -0.00137849373277, 0.000799593050033], [-0.000273083598586, 0.00123653502669, -0.000600980536547, 0.00328502408229, -0.00110266637057, -0.000279793515801, -0.000889230577741, 0.00119103246834, -0.00155958964024, -0.000410499225836, -0.000939432356972, 0.000990872620605, -0.00161855272017], [0.000404235324822, -0.00135711836629, -0.000169308157638, -0.00110266637057, 0.00531763816252, -0.00134722841904, 0.000127658655401, -0.000937489501666, 0.000578278326429, -0.00223388685845, 0.00135323184077, -0.000659487675875, 7.06044302206e-05], [-0.000322897336446, 0.00111448485404, -0.000750542036258, -0.000279793515801, -0.00134722841904, 0.0066028716974, -0.00228469423018, -0.000705061072949, 0.000577852362767, 0.000673920090776, -0.00106142589357, 0.0013121747179, -0.001155354199], [0.000278192688711, -0.000819983077236, 0.000622721505351, -0.000889230577741, 0.000127658655401, -0.00228469423018, 0.00539046479389, -0.00114548811689, -0.00176938960794, 0.000322203646647, -0.000520308327395, -0.00163925881498, 0.00106660614256], [-0.00037793701631, 0.00108140252996, -0.00159177661408, 0.00119103246834, -0.000937489501666, -0.000705061072949, -0.00114548811689, 0.00753843784332, -0.00193720404059, 0.000880244071595, -0.000592296244577, 0.00197672331706, 3.87998297811e-05], [0.00035482578096, -0.00126526714303, 0.00117951782886, -0.00155958964024, 0.000578278326429, 0.000577852362767, -0.00176938960794, -0.00193720404059, 0.00946931354702, -0.00421408051625, 0.000121731434774, -0.000159259681823, -0.00103861105163], [-0.000460440991446, 0.00203045760281, -0.000738302303944, -0.000410499225836, -0.00223388685845, 0.000673920090776, 0.000322203646647, 0.000880244071595, -0.00421408051625, 0.0113319726661, -0.00409563584253, 0.000668535649311, 0.000318680540659], [0.000253195612459, -0.00179593265057, 0.00089421326993, -0.000939432356972, 0.00135323184077, -0.00106142589357, -0.000520308327395, -0.000592296244577, 0.000121731434774, -0.00409563584253, 0.0116141336039, -0.0032364919316, 0.00061183294747], [-0.000338195910444, 0.00158972037025, -0.00137849373277, 0.000990872620605, -0.000659487675875, 0.0013121747179, -0.00163925881498, 0.00197672331706, -0.000159259681823, 0.000668535649311, -0.0032364919316, 0.0136990742758, -0.0038936373312], [0.000192931009224, -0.00118046288844, 0.000799593050033, -0.00161855272017, 7.06044302206e-05, -0.001155354199, 0.00106660614256, 3.87998297811e-05, -0.00103861105163, 0.000318680540659, 0.00061183294747, -0.0038936373312, 0.0137947499752]], "mean": [-70.0533752441, 121.274093628, -110.268730164, 13.5222187042, -67.1597824097, 12.0422811508, -34.9495048523, 10.3687171936, -20.1755104065, 2.28194832802, -4.49035644531, -0.421874552965, -9.83849430084], "cov": [[25375.6328125, 1137.56176758, -1690.50598145, 618.108642578, -1208.2121582, 437.066253662, -656.351379395, 310.342010498, -326.591644287, 392.0496521, 129.007919312, 58.9711112976, -17.1006832123], [1137.56176758, 1235.46606445, -203.007659912, -338.775512695, 10.9445447922, -150.280975342, 17.4263935089, -78.0955963135, 23.8718547821, -148.655929565, 68.0211029053, -48.971698761, 36.4531936646], [-1690.50598145, -203.007659912, 1022.64624023, 101.34135437, 222.827713013, 127.987091064, 32.1012649536, 160.620986938, -48.1177597046, 23.7613620758, -49.5162773132, 35.6121749878, -26.3934822083], [618.108642578, -338.775512695, 101.34135437, 729.914916992, 132.449523926, 201.457687378, 167.690383911, 59.4938049316, 160.869430542, 207.635879517, 77.7741165161, 37.6091117859, 59.6754493713], [-1208.2121582, 10.9445447922, 222.827713013, 132.449523926, 355.799255371, 79.5644760132, 114.475074768, 44.4425735474, 73.0968856812, 58.718006134, 15.3531656265, 6.27766275406, 21.5634613037], [437.066253662, -150.280975342, 127.987091064, 201.457687378, 79.5644760132, 283.878723145, 121.0626297, 92.7504425049, 32.375415802, 69.2285385132, 27.0827770233, 11.6293516159, 13.9125089645], [-656.351379395, 17.4263935089, 32.1012649536, 167.690383911, 114.475074768, 121.0626297, 357.72088623, 53.5266227722, 139.952194214, 53.7764091492, 67.3667449951, 23.3647918701, 23.131149292], [310.342010498, -78.0955963135, 160.620986938, 59.4938049316, 44.4425735474, 92.7504425049, 53.5266227722, 210.907592773, 27.0496292114, 35.7373428345, 1.14379251003, -6.54013109207, -11.2299108505], [-326.591644287, 23.8718547821, -48.1177597046, 160.869430542, 73.0968856812, 32.375415802, 139.952194214, 27.0496292114, 224.481872559, 95.8325424194, 61.521030426, 8.06829166412, 33.9509086609], [392.0496521, -148.655929565, 23.7613620758, 207.635879517, 58.718006134, 69.2285385132, 53.7764091492, 35.7373428345, 95.8325424194, 199.400421143, 61.7190437317, 21.1083621979, 11.8491449356], [129.007919312, 68.0211029053, -49.5162773132, 77.7741165161, 15.3531656265, 27.0827770233, 67.3667449951, 1.14379251003, 61.521030426, 61.7190437317, 134.910720825, 25.2274723053, 17.3327350616], [58.9711112976, -48.971698761, 35.6121749878, 37.6091117859, 6.27766275406, 11.6293516159, 23.3647918701, -6.54013109207, 8.06829166412, 21.1083621979, 25.2274723053, 95.3154754639, 22.3909721375], [-17.1006832123, 36.4531936646, -26.3934822083, 59.6754493713, 21.5634613037, 13.9125089645, 23.131149292, -11.2299108505, 33.9509086609, 11.8491449356, 17.3327350616, 22.3909721375, 91.5131759644]]}, "erbbands_spread": {"dmean": 5.41963577271, "dvar2": 109.977210999, "mean": 25.8253898621, "var": 253.275726318, "dmean2": 8.054022789, "dvar": 52.6471633911, "min": 2.17094397545, "median": 22.3948516846, "max": 137.559738159}, "erbbands_kurtosis": {"dmean": 1.30544638634, "dvar2": 7.66431236267, "mean": 2.25778651237, "var": 9.72267723083, "dmean2": 1.97964668274, "dvar": 3.37877106667, "min": -1.79813456535, "median": 1.44205188751, "max": 38.784362793}, "dynamic_complexity": 4.97916221619, "erbbands_crest": {"dmean": 2.52038097382, "dvar2": 14.6727256775, "mean": 11.2755022049, "var": 21.7622451782, "dmean2": 3.84264779091, "dvar": 6.4484629631, "min": 2.27813005447, "median": 10.4551172256, "max": 30.7212963104}, "erbbands": {"dmean": [0.104504294693, 1.06413567066, 1.23543405533, 1.48229169846, 2.72822904587, 2.9577229023, 6.66010856628, 22.3140335083, 24.1385650635, 18.884469986, 17.7473602295, 13.225435257, 14.615111351, 12.9578809738, 13.3888244629, 10.2584724426, 15.6071653366, 11.1422615051, 4.77148342133, 4.48579311371, 2.51172375679, 2.74817204475, 2.30343532562, 3.2396235466, 2.50941228867, 2.28412485123, 1.92446529865, 1.59154784679, 1.04858195782, 0.749581158161, 0.68824326992, 0.676993191242, 0.333807051182, 0.183908253908, 0.0863442569971, 0.0267075058073, 0.00487470021471, 0.000732334563509, 4.44757424702e-05, 1.03669508462e-05], "dvar2": [0.258555203676, 25.2047653198, 23.1106052399, 19.451593399, 78.3201904297, 123.678337097, 548.300292969, 5781.51953125, 10693.9892578, 8285.79882812, 7687.96582031, 2224.56323242, 4598.50488281, 2942.98510742, 4076.89355469, 1978.11535645, 5079.98291016, 4079.74243164, 521.887695312, 577.530029297, 170.810195923, 88.3654556274, 156.704360962, 638.205200195, 224.793411255, 242.358703613, 171.652954102, 110.346931458, 27.6945858002, 21.3586711884, 21.0915088654, 20.719285965, 4.12996578217, 1.92195463181, 0.459783911705, 0.0224932320416, 0.000591438321862, 1.2642609363e-05, 8.96868002087e-08, 6.88612555866e-10], "mean": [0.196353167295, 2.02972197533, 2.36348891258, 3.52763676643, 7.17957735062, 6.83442926407, 11.3879127502, 42.3206062317, 45.9764862061, 39.5232887268, 35.571144104, 30.667175293, 32.1948738098, 28.8740940094, 26.6276187897, 21.9033966064, 32.9368782043, 19.2563686371, 8.81900215149, 8.14575099945, 4.80663108826, 5.54329538345, 4.36943817139, 5.50828027725, 3.86500453949, 3.01686382294, 2.76453995705, 2.2176463604, 1.52880465984, 1.03313553333, 1.00342071056, 1.06772136688, 0.500669956207, 0.258278518915, 0.125211924314, 0.0387180373073, 0.00707593234256, 0.00105461268686, 6.99916054145e-05, 3.32490963046e-05], "var": [0.157505393028, 14.241396904, 20.657585144, 32.4345397949, 180.154281616, 249.786300659, 493.215698242, 5714.82373047, 7889.22265625, 10619.0390625, 7192.07666016, 3404.93237305, 7670.65917969, 4299.42724609, 5689.18359375, 3037.11181641, 8570.59472656, 3774.1184082, 584.352050781, 641.665100098, 205.396728516, 100.587936401, 78.5590133667, 296.682495117, 118.01550293, 81.6547241211, 92.0018692017, 37.0283966064, 13.3274965286, 9.10970401764, 17.1188983917, 19.5592479706, 3.52683067322, 1.0071105957, 0.249033331871, 0.016586817801, 0.000443021708634, 9.58526288741e-06, 4.25465600529e-08, 1.01409314279e-09], "dmean2": [0.172555938363, 1.72798657417, 1.86346065998, 2.12961339951, 3.92997312546, 4.36208772659, 9.92896175385, 32.5323371887, 36.8916244507, 26.7663002014, 25.3703975677, 18.5805263519, 19.8451919556, 18.248500824, 18.853635788, 14.7475357056, 22.0016498566, 16.6238880157, 6.87217283249, 6.50223064423, 3.67390704155, 4.21363735199, 3.52593159676, 4.81296682358, 3.75367045403, 3.59855985641, 2.93533992767, 2.60403800011, 1.6386423111, 1.17717540264, 1.00628578663, 0.98299407959, 0.492556512356, 0.278600543737, 0.129719406366, 0.0398158729076, 0.00740993767977, 0.00112646899652, 7.23427947378e-05, 1.48996041389e-05], "dvar": [0.0926633179188, 9.17281627655, 10.392411232, 9.54172420502, 38.3149909973, 60.282245636, 243.106018066, 2551.60229492, 4551.15136719, 3772.24584961, 3694.32202148, 1120.78271484, 2402.14282227, 1455.00634766, 2100.296875, 989.589477539, 2685.72143555, 1917.24633789, 253.016311646, 292.903839111, 91.5478973389, 39.2207450867, 62.5466384888, 260.728668213, 97.266998291, 91.1387023926, 73.5573730469, 40.792301178, 11.0963468552, 8.40252304077, 10.2746038437, 11.2425670624, 2.26756358147, 0.886118233204, 0.21173144877, 0.0112696895376, 0.000286748603685, 6.02444333708e-06, 3.40920216502e-08, 2.9781416222e-10], "min": [9.16546309993e-23, 4.24187800568e-22, 2.6770230341e-21, 4.04657725013e-21, 1.18005860837e-20, 2.61029153065e-20, 7.0116778879e-20, 8.80703786453e-20, 1.48903186059e-19, 2.20979232692e-19, 1.50676842238e-19, 3.09975646495e-19, 6.93235307661e-19, 7.92488295771e-19, 9.28140384459e-19, 6.39800008777e-19, 8.9992845909e-19, 1.27553442484e-18, 3.08067061649e-18, 3.55588112211e-18, 2.76771034725e-18, 5.12310962303e-18, 6.36810660761e-18, 7.33635501542e-18, 8.6019636865e-18, 8.97632164351e-18, 1.00869464463e-17, 1.03527195771e-17, 8.14227295033e-18, 9.74798354771e-18, 1.0801669373e-17, 1.04496403295e-17, 9.36697340422e-18, 7.66391026618e-18, 6.20852568307e-18, 4.35038148302e-18, 2.26217023049e-18, 8.90743238773e-19, 2.60599503823e-19, 2.73564752131e-20], "median": [0.015806350857, 0.286276787519, 0.744600534439, 0.9491994977, 1.50599980354, 2.49053001404, 3.82224202156, 14.6276845932, 18.4611473083, 12.5021924973, 12.3835096359, 11.7190055847, 9.16763782501, 10.0403261185, 7.80442857742, 7.1623544693, 7.15620088577, 5.0133357048, 2.59639716148, 2.1937623024, 1.69158089161, 2.50516247749, 2.11774635315, 2.03282928467, 1.25780916214, 0.835114181042, 0.642670452595, 0.628444135189, 0.479453772306, 0.292836785316, 0.218876481056, 0.250392258167, 0.147966817021, 0.0735636204481, 0.0325127281249, 0.009346941486, 0.00184902059846, 0.000179582479177, 1.967688695e-05, 2.43501071964e-05], "max": [5.04236650467, 53.5744132996, 82.5279083252, 53.7627334595, 204.772262573, 329.583679199, 496.700378418, 1228.9074707, 1555.90722656, 2094.54956055, 1986.60546875, 971.801208496, 1537.3548584, 1132.58520508, 1377.1159668, 1227.24169922, 1698.82666016, 1270.00268555, 650.88067627, 715.648681641, 446.121795654, 175.803375244, 371.647827148, 670.39453125, 356.494598389, 399.498779297, 265.710998535, 160.199569702, 54.9293251038, 103.867012024, 149.935974121, 173.844955444, 70.5677261353, 64.4390640259, 34.3784408569, 6.03393602371, 0.616760313511, 0.0640711635351, 0.00715132057667, 0.000306714704493]}, "silence_rate_30dB": {"dmean": 0.0197833254933, "dvar2": 0.0464823208749, "mean": 0.980807721615, "var": 0.0188227463514, "dmean2": 0.0395713113248, "dvar": 0.0193932857364, "min": 0, "median": 1, "max": 1}, "silence_rate_60dB": {"dmean": 0.0261422507465, "dvar2": 0.0559250935912, "mean": 0.13140232861, "var": 0.114140346646, "dmean2": 0.0522906593978, "dvar": 0.0254616327584, "min": 0, "median": 0, "max": 1}, "spectral_energyband_middle_low": {"dmean": 0.00457744998857, "dvar2": 0.00012984542991, "mean": 0.0141070755199, "var": 0.000237881351495, "dmean2": 0.00642605032772, "dvar": 6.15770768491e-05, "min": 1.7737979216e-22, "median": 0.00885950960219, "max": 0.133559018373}, "spectral_spread": {"dmean": 502651.65625, "dvar2": 1363852656640.0, "mean": 4255078.5, "var": 12465033183200.0, "dmean2": 728571.5, "dvar": 699977629696, "min": 763422.3125, "median": 3862028.5, "max": 42081988}, "barkbands": {"dmean": [0.000135950758704, 0.00436958996579, 0.000856574275531, 0.000700057426002, 0.000872116303071, 0.00215253676288, 0.00165439769626, 0.000760946772061, 0.000701943063177, 0.000442328251665, 0.000375508738216, 0.000266167189693, 0.000355097377906, 0.000194727006601, 8.87225978659e-05, 4.59552684333e-05, 5.34920400241e-05, 4.55004119431e-05, 5.98369369982e-05, 4.6977052989e-05, 4.549579171e-05, 2.852718535e-05, 2.37810018007e-05, 2.59256448771e-05, 1.38574823723e-05, 3.73836951439e-06, 2.69624138127e-07], "dvar2": [1.57768596409e-07, 0.000430661370046, 1.14105523608e-05, 4.82555469716e-06, 6.77913658365e-06, 4.95882377436e-05, 5.09196615894e-05, 1.6216574295e-05, 7.47513058741e-06, 3.90039076592e-06, 3.302892992e-06, 1.29332750021e-06, 2.54591691373e-06, 1.13382031941e-06, 1.83145971278e-07, 5.20811767046e-08, 3.32216849586e-08, 1.69354891e-07, 1.30446380808e-07, 1.10480200988e-07, 7