{"tonal": {"chords_key": "C#", "hpcp_entropy": {"dmean": 0.550746798515, "dmean2": 0.928754091263, "max": 4.58111619949, "dvar": 0.223078563809, "mean": 2.4640815258, "dvar2": 0.620241820812, "min": 0, "var": 0.490965873003, "median": 2.49714589119}, "key_key": "F", "chords_strength": {"dmean": 0.0086476309225, "dmean2": 0.00958216842264, "max": 0.715918183327, "dvar": 0.000397438649088, "mean": 0.429607182741, "dvar2": 0.000736283429433, "min": -1, "var": 0.0149355148897, "median": 0.433116555214}, "key_scale": "minor", "chords_number_rate": 0.00218619056977, "thpcp": [1, 0.922376036644, 0.43584433198, 0.185821443796, 0.134067520499, 0.131229534745, 0.170960843563, 0.289605379105, 0.346291393042, 0.356343001127, 0.435813456774, 0.378084570169, 0.197198957205, 0.104767210782, 0.0830589160323, 0.0863773748279, 0.103671990335, 0.125754654408, 0.164539143443, 0.171612918377, 0.16000109911, 0.201251998544, 0.243309751153, 0.317484378815, 0.62630957365, 0.847474753857, 0.5456854105, 0.177427634597, 0.0813141688704, 0.0590597763658, 0.0478924885392, 0.0597286820412, 0.0705169066787, 0.0701548308134, 0.0961437672377, 0.458065450191], "key_strength": 0.653237164021, "tuning_nontempered_energy_ratio": 0.862114667892, "tuning_frequency": 434.193115234, "chords_changes_rate": 0.0843505188823, "tuning_diatonic_strength": 0.414686232805, "chords_scale": "major", "chords_histogram": [9.8378572464, 0, 0.528329372406, 0, 0.18218255043, 1.2934961319, 0.655857145786, 12.9713973999, 0.728730201721, 2.11331748962, 6.63144493103, 0.965567469597, 0.327928572893, 0, 3.7529604435, 4.02623414993, 9.30952835083, 4.80961942673, 0.072873018682, 0.0910912752151, 0.072873018682, 8.63545227051, 15.2304611206, 17.7627983093], "tuning_equal_tempered_deviation": 0.234934940934, "hpcp": {"dmean": [0.0916672423482, 0.0615254566073, 0.0519932173193, 0.0524051561952, 0.0537729412317, 0.0579274743795, 0.0783536285162, 0.0893380567431, 0.0927763953805, 0.100782319903, 0.116116985679, 0.167192339897, 0.197957724333, 0.164067178965, 0.155766010284, 0.0830982327461, 0.049241669476, 0.0374827794731, 0.0290091205388, 0.0314447693527, 0.0353361554444, 0.0347170867026, 0.0476548708975, 0.119607463479, 0.187022596598, 0.177228808403, 0.154058098793, 0.105877108872, 0.0772286430001, 0.0735723599792, 0.0904485657811, 0.105877503753, 0.132141619921, 0.140231922269, 0.12980248034, 0.121567443013], "dmean2": [0.164393275976, 0.114311985672, 0.0981942862272, 0.0989290326834, 0.0993318632245, 0.107043616474, 0.144132494926, 0.16448546946, 0.17434990406, 0.186216294765, 0.211588963866, 0.303223311901, 0.353599905968, 0.279791235924, 0.265731066465, 0.14943048358, 0.0920111685991, 0.070894792676, 0.0545890070498, 0.058352202177, 0.0645965188742, 0.0628543645144, 0.0858960598707, 0.211113214493, 0.325530618429, 0.305434793234, 0.268929928541, 0.195181280375, 0.1422380656, 0.135272994637, 0.164899379015, 0.189623355865, 0.237774685025, 0.249213412404, 0.222232684493, 0.211603075266], "max": [1, 1, 1, 1, 1, 1, 1, 1, 1, 1, 1, 1, 1, 1, 1, 1, 1, 1, 1, 1, 1, 1, 1, 1, 1, 1, 1, 1, 1, 1, 1, 1, 1, 1, 1, 1], "dvar": [0.0305228419602, 0.0247856397182, 0.0249113515019, 0.0252547338605, 0.0263219028711, 0.0257289074361, 0.0338363274932, 0.0374768301845, 0.0396306067705, 0.042028542608, 0.0447745099664, 0.0546955242753, 0.0599675923586, 0.0436385422945, 0.040826395154, 0.0278095658869, 0.0201691500843, 0.0170821025968, 0.0110609503463, 0.0130108855665, 0.0134122697636, 0.0122271040455, 0.017105512321, 0.0379439294338, 0.0591969266534, 0.0499215312302, 0.0489705465734, 0.0454490669072, 0.0360413864255, 0.0337870530784, 0.0373171158135, 0.0389846861362, 0.0446913093328, 0.038236618042, 0.0379686504602, 0.0380658395588], "mean": [0.0828307569027, 0.0440060533583, 0.0348877757788, 0.0362816490233, 0.0435460209846, 0.052821546793, 0.0691124424338, 0.0720836892724, 0.0672063007951, 0.0845331847668, 0.102198973298, 0.133355021477, 0.263072878122, 0.355970323086, 0.229207798839, 0.074526078999, 0.0341549180448, 0.0248072613031, 0.0201165936887, 0.0250882264227, 0.0296196751297, 0.0294675882906, 0.0403838902712, 0.192404210567, 0.420036494732, 0.387431591749, 0.183070525527, 0.0780517905951, 0.0563132539392, 0.0551211945713, 0.0718097910285, 0.121644824743, 0.145455017686, 0.149677067995, 0.183057561517, 0.158809319139], "dvar2": [0.0838394761086, 0.0751348137856, 0.0783769488335, 0.0768272578716, 0.0783253163099, 0.0784090012312, 0.107256166637, 0.122530840337, 0.12544940412, 0.129275605083, 0.127125605941, 0.160995647311, 0.174876973033, 0.113713614643, 0.111000739038, 0.0776176378131, 0.0575485825539, 0.0493657551706, 0.0323813296854, 0.0377740301192, 0.0380988121033, 0.0340752452612, 0.0472049750388, 0.103513248265, 0.153788492084, 0.127933934331, 0.132714554667, 0.128915920854, 0.100551724434, 0.0918631255627, 0.105351917446, 0.107650630176, 0.125434294343, 0.107244767249, 0.0994719788432, 0.100608542562], "min": [0, 0, 0, 0, 0, 0, 0, 0, 0, 0, 0, 0, 0, 0, 0, 0, 0, 0, 0, 0, 0, 0, 0, 0, 0, 0, 0, 0, 0, 0, 0, 0, 0, 0, 0, 0], "var": [0.0309703554958, 0.0170929953456, 0.0159313343465, 0.016929268837, 0.0227683596313, 0.0265158805996, 0.0291431993246, 0.0278614200652, 0.0281119663268, 0.0388101935387, 0.0489350222051, 0.0526720546186, 0.0942885652184, 0.131113439798, 0.0718051120639, 0.0252059772611, 0.0135369645432, 0.0103872818872, 0.00662521785125, 0.00810016784817, 0.00916797295213, 0.00873930566013, 0.0134399216622, 0.0541192963719, 0.14974360168, 0.115372210741, 0.0646468326449, 0.0359786711633, 0.026871168986, 0.0258810557425, 0.0304400473833, 0.0558753609657, 0.0647592917085, 0.0486428067088, 0.0732582956553, 0.0669890716672], "median": [0.013671727851, 0.00626396760345, 0.00369535386562, 0.00319231441244, 0.00364138954319, 0.00580301461741, 0.013287554495, 0.0150549840182, 0.0120139531791, 0.00887570064515, 0.00895639881492, 0.0233854576945, 0.115339107811, 0.203720137477, 0.114588148892, 0.0142057407647, 0.00396937318146, 0.00282383104786, 0.00304924021475, 0.00573005480692, 0.00772360339761, 0.00784383062273, 0.00771969277412, 0.071701452136, 0.30463963747, 0.339608758688, 0.0590744242072, 0.0090815089643, 0.00593192270026, 0.00543394032866, 0.00734165171161, 0.0115999123082, 0.0240201149136, 0.0546045936644, 0.0532538220286, 0.0368133224547]}}, "lowlevel": {"melbands_flatness_db": {"dmean": 0.0473583638668, "dmean2": 0.0751306563616, "max": 0.656943082809, "dvar": 0.00162578606978, "mean": 0.37054169178, "dvar2": 0.00430134683847, "min": 0.00295558688231, "var": 0.00739727308974, "median": 0.36858150363}, "melbands_crest": {"dmean": 3.27629590034, "dmean2": 5.29279661179, "max": 35.2806510925, "dvar": 7.70409870148, "mean": 18.7516708374, "dvar2": 21.4941806793, "min": 1.59598577023, "var": 29.366891861, "median": 18.0527381897}, "spectral_entropy": {"dmean": 0.366729408503, "dmean2": 0.583756804466, "max": 9.8284072876, "dvar": 0.121436998248, "mean": 6.8461151123, "dvar2": 0.313017040491, "min": 4.19917345047, "var": 0.475759118795, "median": 6.93217229843}, "melbands": {"dmean": [0.00342808896676, 0.00286684604362, 0.00184793968219, 0.00109450030141, 0.000229946832405, 8.32785663079e-05, 4.27504164691e-05, 2.26430347539e-05, 1.9184744815e-05, 2.61648474407e-05, 1.7299913452e-05, 1.57105951075e-05, 1.61845455295e-05, 9.93339926936e-06, 9.1667925517e-06, 8.77528054843e-06, 6.49729099678e-06, 5.96791687713e-06, 6.74343937135e-06, 6.33337276668e-06, 6.02126738158e-06, 6.43902058073e-06, 6.85700979375e-06, 5.79644711252e-06, 3.6427888972e-06, 3.11519806928e-06, 1.99147029889e-06, 1.51993776853e-06, 9.37825120673e-07, 5.21382162333e-07, 3.87965172877e-07, 3.28287541151e-07, 2.39256166878e-07, 1.39671328725e-07, 9.16887117342e-08, 6.65715944592e-08, 4.53913813203e-08, 3.72456412379e-08, 3.29163007962e-08, 2.92734601004e-08], "dmean2": [0.00522094918415, 0.0046231537126, 0.00290230312385, 0.00178641662933, 0.00035176234087, 0.000136791946716, 7.13010012987e-05, 3.75806630473e-05, 3.21257211908e-05, 4.37847593275e-05, 2.82084256469e-05, 2.55022932834e-05, 2.57724914263e-05, 1.58168804774e-05, 1.45571912071e-05, 1.37221013574e-05, 1.00201677924e-05, 9.08858055482e-06, 1.09723596324e-05, 9.96830385702e-06, 9.34256695473e-06, 9.61288333201e-06, 1.01604055089e-05, 8.75417117641e-06, 5.69890607949e-06, 4.68307325718e-06, 2.98711552205e-06, 2.33976834352e-06, 1.44300668126e-06, 7.89213288499e-07, 6.00047997068e-07, 5.16598220202e-07, 3.78628868702e-07, 2.19692651626e-07, 1.48983858139e-07, 1.08515720854e-07, 7.61245857461e-08, 6.29611207614e-08, 5.55923094225e-08, 4.93772205346e-08], "max": [0.12607114017, 0.0686594024301, 0.0863649994135, 0.126146823168, 0.0132010914385, 0.00497418548912, 0.00305933644995, 0.00394171569496, 0.00297619658522, 0.00486790109426, 0.00212604529224, 0.000959343917202, 0.000636819633655, 0.00115773174912, 0.00169846124481, 0.00106547784526, 0.00145315960981, 0.00165717559867, 0.00369692360982, 0.00320378364995, 0.00225802022032, 0.00212068925612, 0.00159592460841, 0.00157100835349, 0.0007496784674, 0.000557024439331, 0.000330826034769, 0.000382639176678, 0.000135594978929, 9.86561863101e-05, 4.88805380883e-05, 3.06626643578e-05, 3.02300959447e-05, 1.29699647005e-05, 8.94968798093e-06, 6.11932955508e-06, 2.17207616515e-06, 1.41552379773e-06, 1.25104497783e-06, 1.11119686608e-06], "dvar": [2.65485014097e-05, 1.62064206961e-05, 7.97458142188e-06, 7.36497759135e-06, 2.18689322651e-07, 2.80186895907e-08, 7.51625250928e-09, 3.31578364765e-09, 2.61719645955e-09, 6.54439435976e-09, 2.18971707433e-09, 1.07185793574e-09, 8.34485314183e-10, 5.31925614666e-10, 7.79301623233e-10, 7.17868930966e-10, 6.44451492171e-10, 1.04857422745e-09, 3.2612321732e-09, 2.46185472008e-09, 1.79994674721e-09, 2.43573006209e-09, 1.86520265899e-09, 1.41861467018e-09, 3.71083441753e-10, 1.68190017469e-10, 8.60284760096e-11, 4.11699077607e-11, 9.46789348311e-12, 3.26811949898e-12, 1.24055193201e-12, 1.04265684628e-12, 7.38465495351e-13, 1.66273705958e-13, 5.67100111716e-14, 2.23896252829e-14, 7.58565438111e-15, 5.12477210055e-15, 3.97733044823e-15, 3.11894831827e-15], "mean": [0.00775726092979, 0.00537781557068, 0.00378955155611, 0.0018977363361, 0.000449242681498, 0.000143584577017, 6.81783494656e-05, 3.51983180735e-05, 3.26843583025e-05, 4.68740727229e-05, 2.97607184621e-05, 3.02187545458e-05, 3.41240265698e-05, 1.97433018911e-05, 1.78272457561e-05, 1.65925175679e-05, 1.16505034384e-05, 9.81312041404e-06, 9.18914065551e-06, 8.80414518178e-06, 8.39831682242e-06, 8.71023803484e-06, 9.84709731711e-06, 8.63365130499e-06, 5.71434475205e-06, 5.52795654585e-06, 3.55303882316e-06, 2.57582973973e-06, 1.63485015037e-06, 9.06384798327e-07, 6.54934467548e-07, 5.55644589895e-07, 3.74433341221e-07, 2.08920710065e-07, 1.31256570057e-07, 9.03790891016e-08, 4.8488146831e-08, 3.56997240658e-08, 3.1802560585e-08, 2.85698220637e-08], "dvar2": [5.99439445068e-05, 4.66657402285e-05, 1.95481716219e-05, 1.85052540473e-05, 4.65569371499e-07, 6.65831692004e-08, 1.96529423846e-08, 8.54226467339e-09, 6.2745928453e-09, 1.85570279143e-08, 5.99808513968e-09, 2.82143641783e-09, 2.06439687567e-09, 1.23298349308e-09, 1.73867620301e-09, 1.68593783378e-09, 1.4367332879e-09, 2.05047800961e-09, 8.94061891188e-09, 6.29361585069e-09, 3.70524833038e-09, 5.35069588636e-09, 4.23472101829e-09, 3.41364336798e-09, 9.48233380704e-10, 3.73690078881e-10, 1.81115927811e-10, 9.28786769716e-11, 2.17098145017e-11, 6.70784131365e-12, 2.81406603748e-12, 2.58825881734e-12, 1.72424292726e-12, 3.76357663567e-13, 1.34319842033e-13, 5.20159477014e-14, 2.00319785309e-14, 1.35960519441e-14, 1.05440287577e-14, 8.26259210113e-15], "min": [4.85321921426e-25, 6.02631503793e-25, 1.28801027642e-24, 8.32458092009e-25, 1.26384007132e-24, 8.51306345617e-25, 2.50317871457e-24, 1.68034650054e-24, 1.23038684691e-24, 2.83638212245e-24, 2.54231627344e-24, 2.01394019735e-24, 2.22927319207e-24, 2.29017818433e-24, 2.64613056579e-24, 3.55080374607e-24, 2.36815511266e-24, 3.58181110724e-24, 3.48631712808e-24, 3.61154169704e-24, 3.25262359301e-24, 2.84908199416e-24, 4.83416644847e-24, 3.54561738005e-24, 3.72264881123e-24, 5.13305835127e-24, 4.49548242944e-24, 4.72548508155e-24, 5.06912985238e-24, 3.86042218504e-24, 5.92070717171e-24, 5.68331683723e-24, 5.15523796449e-24, 6.11181188145e-24, 5.62660562675e-24, 5.1204535373e-24, 5.65622538159e-24, 6.20993828945e-24, 5.50811911322e-24, 6.51856868013e-24], "var": [0.000106052371848, 3.46714477928e-05, 1.96868768398e-05, 1.35874497573e-05, 5.42290365502e-07, 5.5186234249e-08, 1.40742821841e-08, 4.72370897953e-09, 4.51267201385e-09, 6.95219259939e-09, 2.83985590599e-09, 1.79031089953e-09, 2.12834749824e-09, 1.08876463401e-09, 1.32480804105e-09, 1.09948383731e-09, 1.0768591574e-09, 1.78255510352e-09, 2.68826561012e-09, 2.31854380139e-09, 2.32254238064e-09, 2.99084246258e-09, 3.27535842892e-09, 2.56609999916e-09, 6.80903389227e-10, 4.36602309861e-10, 2.4072149829e-10, 9.47063469314e-11, 2.36178264446e-11, 9.80489387598e-12, 2.94601495976e-12, 1.93691590544e-12, 1.17975507835e-12, 3.36297504601e-13, 1.16836770293e-13, 4.23464533567e-14, 8.15673246448e-15, 5.02129305e-15, 3.91825413532e-15, 3.09303546283e-15], "median": [0.00352405523881, 0.00338182831183, 0.00262319203466, 0.000972667708993, 0.000235409359448, 8.14501763671e-05, 3.51074559148e-05, 1.8973265469e-05, 1.83184783964e-05, 2.5218943847e-05, 1.55028137669e-05, 1.78239206434e-05, 1.93128544197e-05, 1.1119289411e-05, 9.41602411331e-06, 8.77442380443e-06, 4.89422473038e-06, 3.30645752911e-06, 2.37192580244e-06, 1.73511318735e-06, 1.25963128994e-06, 8.39643689687e-07, 5.61358945106e-07, 4.55608926586e-07, 4.10600733858e-07, 3.6187870478e-07, 2.63103430598e-07, 2.36249817931e-07, 1.8976248839e-07, 1.25533333062e-07, 1.04770961684e-07, 9.37502093734e-08, 7.2017542152e-08, 5.24008108016e-08, 3.99869861667e-08, 3.25729523354e-08, 1.9479838187e-08, 1.22871730568e-08, 1.11524203206e-08, 1.02511164002e-08]}, "silence_rate_60dB": {"dmean": 0.000546647235751, "dmean2": 0.00109339412302, "max": 1, "dvar": 0.000546390481759, "mean": 0.0359843298793, "dvar2": 0.00127441913355, "min": 0, "var": 0.0346895605326, "median": 0}, "spectral_energyband_middle_high": {"dmean": 0.00064415729139, "dmean2": 0.000920579186641, "max": 0.0956666916609, "dvar": 4.93428024129e-06, "mean": 0.00163746101316, "dvar2": 9.95536538539e-06, "min": 1.18649557199e-21, "var": 1.17223007692e-05, "median": 0.000878277118318}, "erbbands_skewness": {"dmean": 0.444041877985, "dmean2": 0.690624535084, "max": 10.6282348633, "dvar": 0.247262299061, "mean": 0.873598515987, "dvar2": 0.631807684898, "min": -4.85479640961, "var": 1.37202310562, "median": 0.770883738995}, "dynamic_complexity": 3.02458238602, "dissonance": {"dmean": 0.0241141021252, "dmean2": 0.0401887595654, "max": 0.500000059605, "dvar": 0.000635945529211, "mean": 0.452565103769, "dvar2": 0.00174102734309, "min": 0.158407330513, "var": 0.0013406984508, "median": 0.462256669998}, "spectral_skewness": {"dmean": 0.699648737907, "dmean2": 1.12255811691, "max": 9.88517093658, "dvar": 0.774747729301, "mean": 2.97593092918, "dvar2": 2.06952834129, "min": -0.0737772509456, "var": 1.98734867573, "median": 2.62349963188}, "spectral_kurtosis": {"dmean": 8.92916965485, "dmean2": 14.635436058, "max": 157.410186768, "dvar": 198.275299072, "mean": 18.0618667603, "dvar2": 532.131103516, "min": -1.26268792152, "var": 271.09387207, "median": 12.0864019394}, "gfcc": {"cov": [[18904.6386719, 591.778503418, -2161.09008789, 685.852111816, 150.701675415, -401.926025391, 223.27053833, -21.0411243439, -1.8892185688, 51.9145050049, -49.1247940063, 183.189590454, -25.6782188416], [591.778503418, 864.998352051, 223.039764404, -421.676422119, 67.6809692383, 192.181365967, -1.81766223907, -122.365989685, -19.0640048981, -50.8460121155, 47.9101295471, -82.3967895508, 49.1617774963], [-2161.09008789, 223.039764404, 749.298950195, -274.325561523, -134.286956787, 270.991973877, -102.974433899, 25.1995868683, -55.8184738159, 8.50521278381, 34.5372390747, -73.6389312744, 18.7377586365], [685.852111816, -421.676422119, -274.325561523, 553.342773438, 77.3966293335, -247.996337891, 133.494445801, 52.1715545654, 45.0868530273, 5.17344808578, -30.7687339783, 77.372253418, -36.2265129089], [150.701675415, 67.6809692383, -134.286956787, 77.3966293335, 252.162124634, -0.676026940346, 106.308822632, -14.5393714905, 57.3100814819, -16.4190826416, 23.1521682739, 18.0043811798, 25.8303031921], [-401.926025391, 192.181365967, 270.991973877, -247.996337891, -0.676026940346, 328.616790771, -60.7740516663, 24.4975318909, -27.016582489, 46.5422477722, 38.5825538635, -34.0224342346, 32.9493904114], [223.27053833, -1.81766223907, -102.974433899, 133.494445801, 106.308822632, -60.7740516663, 199.107116699, -9.58229064941, 45.9670524597, -7.21345424652, 15.6234970093, 27.8045940399, 3.22104620934], [-21.0411243439, -122.365989685, 25.1995868683, 52.1715545654, -14.5393714905, 24.4975318909, -9.58229064941, 134.209609985, 17.4167728424, 26.9923095703, 11.5549993515, 16.4571647644, 16.3444652557], [-1.8892185688, -19.0640048981, -55.8184738159, 45.0868530273, 57.3100814819, -27.016582489, 45.9670524597, 17.4167728424, 83.2219009399, 15.6511335373, 0.407435953617, 23.6837673187, 3.41849160194], [51.9145050049, -50.8460121155, 8.50521278381, 5.17344808578, -16.4190826416, 46.5422477722, -7.21345424652, 26.9923095703, 15.6511335373, 76.7588653564, 27.208770752, 3.95352292061, 3.89064216614], [-49.1247940063, 47.9101295471, 34.5372390747, -30.7687339783, 23.1521682739, 38.5825538635, 15.6234970093, 11.5549993515, 0.407435953617, 27.208770752, 54.7618789673, 8.9293012619, 11.3862686157], [183.189590454, -82.3967895508, -73.6389312744, 77.372253418, 18.0043811798, -34.0224342346, 27.8045940399, 16.4571647644, 23.6837673187, 3.95352292061, 8.9293012619, 60.9951248169, 11.1965551376], [-25.6782188416, 49.1617774963, 18.7377586365, -36.2265129089, 25.8303031921, 32.9493904114, 3.22104620934, 16.3444652557, 3.41849160194, 3.89064216614, 11.3862686157, 11.1965551376, 56.1310195923]], "mean": [-63.1800575256, 124.039901733, -52.6097106934, 14.1318225861, -9.78959560394, 0.0951136127114, -5.164083004, -17.1940898895, -16.2599563599, -14.1602172852, -10.2066745758, -7.76553678513, -5.89750862122], "icov": [[0.000144976904267, -0.000503198825754, 0.000592054158915, -0.000395671231672, 0.000337680365192, -0.000290340394713, 5.72509525227e-05, -0.000295728154015, 0.000320427585393, -0.00024810055038, 0.000214814994251, -0.000275757716736, 0.000161017771461], [-0.000503198825754, 0.00463531492278, -0.00199454743415, 0.0025788936764, -0.00106487283483, 0.000245845498284, -0.00077945535304, 0.00306187081151, -0.00280414195731, 0.00382567942142, -0.00394290219992, 0.00395962269977, -0.00254529411905], [0.000592054158915, -0.00199454743415, 0.00523852510378, -0.00247619813308, 0.00393392518163, -0.00391398882493, 0.000511760066729, -0.000946614716668, -0.000742635398638, 0.00250106584281, -0.00275523541495, 0.00231531751342, -0.000626659835689], [-0.000395671231672, 0.0025788936764, -0.00247619813308, 0.00748896505684, -0.00441629439592, 0.00481354305521, -0.00279386807233, -0.00154570618179, 0.00321513903327, -0.004150506109, 0.00488411355764, -0.0043854797259, 0.00301323295571], [0.000337680365192, -0.00106487283483, 0.00393392518163, -0.00441629439592, 0.0112131293863, -0.00551076978445, -0.000937433214858, 0.00215167994611, -0.00770871620625, 0.00848058611155, -0.00885258428752, 0.00603773863986, -0.00510119181126], [-0.000290340394713, 0.000245845498284, -0.00391398882493, 0.00481354305521, -0.00551076978445, 0.00996556691825, -0.000484523130581, -0.00247823400423, 0.00537169910967, -0.00878228340298, 0.00534807797521, -0.00413104845211, 0.00152129190974], [5.72509525227e-05, -0.00077945535304, 0.000511760066729, -0.00279386807233, -0.000937433214858, -0.000484523130581, 0.00862347986549, 0.0012504903134, -0.00339179113507, 0.00221816962585, -0.00418725516647, 0.000575180631131, -0.000620801874902], [-0.000295728154015, 0.00306187081151, -0.000946614716668, -0.00154570618179, 0.00215167994611, -0.00247823400423, 0.0012504903134, 0.01261157915, -0.00634095957503, 0.00383198284544, -0.00665696989745, 0.00416709296405, -0.00613831588998], [0.000320427585393, -0.00280414195731, -0.000742635398638, 0.00321513903327, -0.00770871620625, 0.00537169910967, -0.00339179113507, -0.00634095957503, 0.0258456002921, -0.0154760070145, 0.015164882876, -0.013643167913, 0.00650452962145], [-0.00024810055038, 0.00382567942142, 0.00250106584281, -0.004150506109, 0.00848058611155, -0.00878228340298, 0.00221816962585, 0.00383198284544, -0.0154760070145, 0.0328049808741, -0.0233660135418, 0.0131904724985, -0.0061908098869], [0.000214814994251, -0.00394290219992, -0.00275523541495, 0.00488411355764, -0.00885258428752, 0.00534807797521, -0.00418725516647, -0.00665696989745, 0.015164882876, -0.0233660135418, 0.0420285798609, -0.0179082676768, 0.0064792772755], [-0.000275757716736, 0.00395962269977, 0.00231531751342, -0.0043854797259, 0.00603773863986, -0.00413104845211, 0.000575180631131, 0.00416709296405, -0.013643167913, 0.0131904724985, -0.0179082676768, 0.0347573645413, -0.0121810538694], [0.000161017771461, -0.00254529411905, -0.000626659835689, 0.00301323295571, -0.00510119181126, 0.00152129190974, -0.000620801874902, -0.00613831588998, 0.00650452962145, -0.0061908098869, 0.0064792772755, -0.0121810538694, 0.0266981683671]]}, "spectral_complexity": {"dmean": 2.34584546089, "dmean2": 3.67362189293, "max": 54, "dvar": 6.50021123886, "mean": 11.6347818375, "dvar2": 12.902338028, "min": 0, "var": 54.8261260986, "median": 10}, "spectral_flux": {"dmean": 0.0266280490905, "dmean2": 0.044203363359, "max": 0.409570157528, "dvar": 0.000753968197387, "mean": 0.0995437055826, "dvar2": 0.00202903756872, "min": 6.39231584332e-11, "var": 0.00272041978315, "median": 0.094637081027}, "spectral_energyband_low": {"dmean": 0.0160293634981, "dmean2": 0.0251088812947, "max": 0.48360735178, "dvar": 0.000426731246989, "mean": 0.041181512177, "dvar2": 0.00107726955321, "min": 7.37043314484e-24, "var": 0.00174849259201, "median": 0.0280120801181}, "spectral_decrease": {"dmean": 5.04323383055e-09, "dmean2": 8.01705812847e-09, "max": 1.28004762345e-08, "dvar": 4.00989136087e-17, "mean": -1.35020510328e-08, "dvar2": 1.00533136135e-16, "min": -1.31316383545e-07, "var": 1.53040615891e-16, "median": -1.03027293363e-08}, "barkbands_spread": {"dmean": 2.37665748596, "dmean2": 3.66114139557, "max": 110.246078491, "dvar": 16.5564517975, "mean": 6.63158464432, "dvar2": 34.0312347412, "min": 0.482390314341, "var": 69.2548370361, "median": 4.19213342667}, "spectral_rms": {"dmean": 0.00115634524263, "dmean2": 0.00184127152897, "max": 0.0224672146142, "dvar": 1.30760452066e-06, "mean": 0.00722666922957, "dvar2": 3.56151667802e-06, "min": 3.11336655241e-12, "var": 1.0255325833e-05, "median": 0.00711096590385}, "spectral_centroid": {"dmean": 126.460754395, "dmean2": 191.870956421, "max": 11717.1601562, "dvar": 49805.9882812, "mean": 579.590515137, "dvar2": 95826.1171875, "min": 138.931106567, "var": 1093857.25, "median": 332.837371826}, "barkbands_skewness": {"dmean": 0.877703607082, "dmean2": 1.39912736416, "max": 13.6918268204, "dvar": 0.640129268169, "mean": 3.74624109268, "dvar2": 1.67251980305, "min": -2.24016666412, "var": 2.49918746948, "median": 3.61528658867}, "spectral_rolloff": {"dmean": 3320.61914062, "dmean2": 6527.8671875, "max": 22028.4667969, "dvar": 54628580, "mean": 6927.47167969, "dvar2": 142483760, "min": 43.06640625, "var": 95301504, "median": 366.064453125}, "erbbands_spread": {"dmean": 7.14825105667, "dmean2": 11.2450113297, "max": 135.958862305, "dvar": 47.6387672424, "mean": 37.7902488708, "dvar2": 111.676948547, "min": 2.03410410881, "var": 333.474456787, "median": 34.2658691406}, "barkbands": {"dmean": [0.00318966968916, 0.0117708742619, 0.00505596771836, 0.00393111491576, 0.00437772925943, 0.000512218393851, 0.000184571603313, 9.08408037503e-05, 0.000167443227838, 0.000115148170153, 0.000117321804282, 7.83703508205e-05, 9.43754057516e-05, 7.40915056667e-05, 8.51737277117e-05, 9.06494897208e-05, 0.000108239903057, 0.000117876035802, 7.81387570896e-05, 4.54136461485e-05, 2.17733286263e-05, 1.32730719997e-05, 5.67186225453e-06, 3.44415093423e-06, 3.18735442306e-06, 3.79036555387e-06, 2.69235915766e-05], "dmean2": [0.00537542952225, 0.0180831067264, 0.00810605939478, 0.00604932568967, 0.00719659402966, 0.000817474618088, 0.00030264040106, 0.000151416257722, 0.000278944149613, 0.000188148536836, 0.00018622528296, 0.000125598569866, 0.00015049247304, 0.000113138870802, 0.000135732290801, 0.000138761344715, 0.000162540600286, 0.000177044348675, 0.000116365816211, 6.71985108056e-05, 3.27630332322e-05, 2.06812983379e-05, 9.08550828171e-06, 5.77962146053e-06, 5.37240111953e-06, 6.2213853198e-06, 3.82103025913e-05], "max": [0.0787904709578, 0.434649407864, 0.129163622856, 0.217280656099, 0.450891524553, 0.0368508584797, 0.0126216663048, 0.0160458367318, 0.0324419848621, 0.00814078282565, 0.00444100284949, 0.00820400007069, 0.0108507014811, 0.0143542382866, 0.0382269881666, 0.0438328012824, 0.034725882113, 0.0276493970305, 0.0149736162275, 0.0090518919751, 0.00393819063902, 0.00117873284034, 0.000466815312393, 0.000128177984152, 0.000120595657791, 0.000144754521898, 0.00335505558178], "dvar": [2.84031557385e-05, 0.000283848727122, 4.84559277538e-05, 3.84907762054e-05, 0.000107958236185, 1.02685726233e-06, 1.45196153767e-07, 6.65505979214e-08, 2.69867115321e-07, 8.54150528085e-08, 4.12232559199e-08, 3.50368303259e-08, 7.61655272186e-08, 8.56785149494e-08, 4.09343300589e-07, 4.39858524715e-07, 6.37784921764e-07, 5.61985359582e-07, 1.16636876157e-07, 3.10108951851e-08, 4.69081795629e-09, 1.59448187986e-09, 1.9532625517e-10, 4.25969572115e-11, 3.67155958414e-11, 4.69772276634e-11, 6.91788937246e-09], "mean": [0.00755258835852, 0.0235153045505, 0.00844330620021, 0.00728825572878, 0.00765048339963, 0.000918077421375, 0.000297059246805, 0.000131571548991, 0.000309805240249, 0.000199114132556, 0.000247781630605, 0.00014983912115, 0.000171487030457, 0.000135314126965, 0.000119239361084, 0.000129204170662, 0.00015013027587, 0.000185349257663, 0.000141896220157, 8.41011278681e-05, 4.01850120397e-05, 2.35019615502e-05, 8.54320023791e-06, 3.6397243548e-06, 3.1340221085e-06, 4.93880406793e-06, 6.18269623374e-05], "dvar2": [7.39743336453e-05, 0.000664943654556, 0.00013421390031, 8.77114725881e-05, 0.000272480945569, 2.2851961603e-06, 3.73113834939e-07, 1.47084946889e-07, 7.66973016653e-07, 2.29072625757e-07, 1.01925238027e-07, 7.99125885464e-08, 1.77205521368e-07, 1.87584831224e-07, 1.06369122932e-06, 1.06460572624e-06, 1.38657503612e-06, 1.30024557166e-06, 2.65988830961e-07, 6.18006268382e-08, 9.97193971841e-09, 3.65899688326e-09, 4.2673689582e-10, 1.1290500479e-10, 9.72078528783e-11, 1.18382498249e-10, 1.3098662599e-08], "min": [5.18955597766e-25, 1.83981571861e-24, 6.76123116926e-25, 1.67186762631e-24, 1.35547034782e-23, 6.91448652998e-24, 1.11539922732e-23, 1.20575298882e-23, 1.78849976452e-23, 1.93990347147e-23, 1.89200431063e-23, 1.61856934366e-23, 2.1802761735e-23, 2.43551685255e-23, 4.2744980352e-23, 6.39926869323e-23, 4.73750037977e-23, 8.473830879e-23, 1.23289278585e-22, 1.54509616423e-22, 2.40950078787e-22, 3.26883638067e-22, 3.97553685463e-22, 5.68812585952e-22, 8.19048251792e-22, 1.36446117857e-21, 1.85109934834e-21], "var": [0.000122336874483, 0.000906772445887, 9.61117839324e-05, 9.43824488786e-05, 0.000202875031391, 2.16012222154e-06, 2.53397843153e-07, 1.22152172821e-07, 2.8681623121e-07, 1.15151443936e-07, 1.10687366828e-07, 7.2695634401e-08, 1.23051052014e-07, 1.51268295667e-07, 3.96295860128e-07, 4.56984054154e-07, 8.30680335184e-07, 1.10613973447e-06, 3.08677897465e-07, 9.81232588515e-08, 1.43385774365e-08, 3.32414296089e-09, 4.66883698369e-10, 4.49468691432e-11, 3.6596066455e-11, 7.12989042806e-11, 2.4938396237e-08], "median": [0.00200683251023, 0.0121053364128, 0.00521448161453, 0.00467775389552, 0.00401942245662, 0.000523098453414, 0.000158880793606, 6.84209007886e-05, 0.000176647256012, 0.000108144828118, 0.000139302879688, 7.67292222008e-05, 8.84688997758e-05, 5.32481935807e-05, 3.17202066071e-05, 2.50091488851e-05, 1.35371938086e-05, 1.01703308246e-05, 9.89696673059e-06, 7.79319361754e-06, 5.83680548516e-06, 4.40044414063e-06, 2.58158229371e-06, 1.46236834553e-06, 1.14584952371e-06, 2.26778024626e-06, 1.9429702661e-05]}, "melbands_kurtosis": {"dmean": 17.344669342, "dmean2": 27.7652454376, "max": 387.089599609, "dvar": 387.711914062, "mean": 47.2516441345, "dvar2": 1010.01422119, "min": -1.86437022686, "var": 1404.19335938, "median": 37.6655273438}, "erbbands_crest": {"dmean": 2.65592002869, "dmean2": 4.40184640884, "max": 27.7161426544, "dvar": 6.14933300018, "mean": 9.53916168213, "dvar2": 17.6391677856, "min": 2.55258893967, "var": 18.0088062286, "median": 8.60172557831}, "melbands_skewness": {"dmean": 0.973154127598, "dmean2": 1.56226193905, "max": 14.7523059845, "dvar": 0.784167647362, "mean": 4.8225979805, "dvar2": 2.05667805672, "min": -0.317210972309, "var": 3.67489981651, "median": 4.58082151413}, "spectral_energyband_middle_low": {"dmean": 0.00731029780582, "dmean2": 0.0116933947429, "max": 0.466545432806, "dvar": 0.000196344364667, "mean": 0.0166541431099, "dvar2": 0.000488593883347, "min": 1.37048199219e-22, "var": 0.000463257863885, "median": 0.0110771358013}, "spectral_contrast_coeffs": {"dmean": [0.05135210976, 0.0453437678516, 0.0355570726097, 0.0371371991932, 0.0291522815824, 0.030181242153], "dmean2": [0.085530012846, 0.0754963308573, 0.0592512488365, 0.0610222034156, 0.0480356700718, 0.0484054610133], "max": [-0.230953931808, -0.46248921752, -0.620059967041, -0.544344723225, -0.566676199436, -0.420926898718], "dvar": [0.00168923474848, 0.00127967621665, 0.000810027646367, 0.000995035283267, 0.00068325427128, 0.00114652805496], "mean": [-0.639888465405, -0.786696910858, -0.809469044209, -0.823558390141, -0.863821983337, -0.807066857815], "dvar2": [0.0047336355783, 0.00352828321047, 0.00219038152136, 0.00259649474174, 0.0017581396969, 0.00283668958582], "min": [-0.980995774269, -0.976026535034, -0.977619469166, -0.994015097618, -0.990744531155, -0.964192152023], "var": [0.00664565572515, 0.00338381552137, 0.00263295788318, 0.00361604779027, 0.00461321603507, 0.00632571754977], "median": [-0.641832172871, -0.788164496422, -0.807573199272, -0.820521533489, -0.861747682095, -0.842220127583]}, "spectral_contrast_valleys": {"dmean": [0.359945386648, 0.435379505157, 0.360967338085, 0.447657555342, 0.541599690914, 0.692954897881], "dmean2": [0.604423820972, 0.716831028461, 0.588368594646, 0.724540054798, 0.868480920792, 1.13254654408], "max": [-4.59479999542, -4.72545289993, -5.46958017349, -5.27642297745, -5.34194660187, -8.63138961792], "dvar": [0.104634523392, 0.148215353489, 0.120740175247, 0.199831187725, 0.320729315281, 0.351191848516], "mean": [-6.54346513748, -7.22291851044, -7.73279714584, -8.37758731842, -8.49905109406, -11.2829265594], "dvar2": [0.25901901722, 0.356792718172, 0.289861679077, 0.497173160315, 0.835213124752, 0.897379159927], "min": [-28.2807559967, -28.1172943115, -27.832157135, -27.7397079468, -27.6011333466, -27.376619339], "var": [4.40265846252, 4.15729522705, 4.07643079758, 4.09384202957, 4.40157032013, 3.08564281464], "median": [-6.2148733139, -6.96801662445, -7.42237234116, -8.03339195251, -8.17559051514, -11.0657310486]}, "silence_rate_20dB": {"dmean": 0.00145772600081, "dmean2": 0.00291571742855, "max": 1, "dvar": 0.00145543017425, "mean": 0.998724579811, "dvar2": 0.00363571103662, "min": 0, "var": 0.00127385836095, "median": 1}, "silence_rate_30dB": {"dmean": 0.0623177848756, "dmean2": 0.124646924436, "max": 1, "dvar": 0.0584401153028, "mean": 0.814521253109, "dvar2": 0.13461522758, "min": 0, "var": 0.151086777449, "median": 1}, "spectral_strongpeak": {"dmean": 1.81256067753, "dmean2": 3.4254655838, "max": 252.232055664, "dvar": 156.38319397, "mean": 1.78135216236, "dvar2": 413.073852539, "min": 0, "var": 153.609085083, "median": 0.351897656918}, "spectral_spread": {"dmean": 744883.25, "dmean2": 1196419.625, "max": 42370088, "dvar": 639999213568, "mean": 3988898.5, "dvar2": 1648306552830.0, "min": 759325.5, "var": 12372090552300.0, "median": 3724234.75}, "barkbands_flatness_db": {"dmean": 0.0391271598637, "dmean2": 0.0619463697076, "max": 0.469721406698, "dvar": 0.00109532487113, "mean": 0.238671779633, "dvar2": 0.00287332129665, "min": 0.0433371029794, "var": 0.00458854064345, "median": 0.235079199076}, "pitch_salience": {"dmean": 0.0751286000013, "dmean2": 0.122332550585, "max": 0.839808225632, "dvar": 0.00425293715671, "mean": 0.533733069897, "dvar2": 0.011825225316, "min": 0.10771265626, "var": 0.0129400119185, "median": 0.545163214207}, "erbbands_kurtosis": {"dmean": 1.93606376648, "dmean2": 3.14304637909, "max": 151.16746521, "dvar": 35.1588249207, "mean": 1.8452988863, "dvar2": 96.6061477661, "min": -1.81408858299, "var": 60.1518058777, "median": -0.0796473026276}, "average_loudness": 0.680478274822, "barkbands_crest": {"dmean": 2.648209095, "dmean2": 4.250020504, "max": 24.1205196381, "dvar": 4.88267850876, "mean": 12.2332658768, "dvar2": 12.9013156891, "min": 3.5288746357, "var": 13.0404567719, "median": 11.7151975632}, "hfc": {"dmean": 42.2509040833, "dmean2": 64.5769042969, "max": 1992.31091309, "dvar": 4578.58740234, "mean": 144.233016968, "dvar2": 10705.5302734, "min": 1.08777612213e-16, "var": 25161.6640625, "median": 101.069923401}, "barkbands_kurtosis": {"dmean": 11.7764787674, "dmean2": 19.0006256104, "max": 281.956817627, "dvar": 204.894821167, "mean": 28.7362155914, "dvar2": 530.944091797, "min": -1.77309930325, "var": 554.163513184, "median": 23.2220497131}, "erbbands": {"dmean": [0.417083263397, 2.45351862907, 5.43468856812, 9.0183763504, 20.5755214691, 8.74890899658, 6.48307037354, 3.65702342987, 2.96340632439, 2.25710248947, 2.20473885536, 4.17121887207, 3.45543289185, 3.81263136864, 4.41842842102, 3.07378101349, 4.45528697968, 3.52297306061, 3.75804519653, 4.49204444885, 5.04795360565, 5.99119472504, 6.74107122421, 4.45859384537, 3.63413238525, 2.19198536873, 1.23440301418, 0.681439220905, 0.51271957159, 0.287350893021, 0.147416144609, 0.0832525789738, 0.0525076948106, 0.0358194448054, 0.0225919801742, 0.012796740979, 0.00712492177263, 0.00490170205012, 0.0027205881197, 0.00139092898462], "dmean2": [0.621589064598, 3.84498548508, 8.89843940735, 13.6418275833, 34.3043479919, 13.9920358658, 9.84227466583, 6.067923069, 4.94668579102, 3.73730397224, 3.67637419701, 7.00231790543, 5.61647510529, 6.1623134613, 7.02728509903, 4.84962081909, 7.04659032822, 5.39222669601, 5.67136621475, 7.01678466797, 7.65837430954, 8.80296802521, 9.84728813171, 6.73131322861, 5.35668897629, 3.25436043739, 1.85208427906, 1.03279972076, 0.79975771904, 0.447496920824, 0.237725794315, 0.137984082103, 0.0887256711721, 0.0604406930506, 0.038032848388, 0.0214735660702, 0.0116476574913, 0.00752581702545, 0.0038684043102, 0.00203943485394], "max": [13.0158853531, 93.6606369019, 156.31867981, 403.298950195, 1412.15905762, 1734.14379883, 414.507537842, 248.385223389, 219.200302124, 381.762145996, 422.395446777, 785.317504883, 463.63180542, 226.188751221, 201.348907471, 356.908569336, 586.678588867, 681.899353027, 980.265441895, 2266.18530273, 2239.80249023, 1749.45556641, 1913.51318359, 885.323608398, 574.951660156, 491.386138916, 217.419235229, 118.589294434, 39.8313789368, 30.4757671356, 13.1744995117, 5.86094522476, 1.99247872829, 1.36024570465, 0.85161447525, 0.474275290966, 0.385422676802, 0.435622304678, 0.406556397676, 0.0868333652616], "dvar": [0.464767426252, 12.4859676361, 63.0240859985, 152.00289917, 2000.82104492, 769.198547363, 168.662460327, 56.6730155945, 37.8226356506, 31.2979488373, 38.1694869995, 171.71975708, 90.6808242798, 58.8992271423, 68.2368240356, 51.921169281, 165.115875244, 162.080703735, 467.096710205, 1187.11779785, 1313.10241699, 1821.04370117, 1874.88757324, 551.166564941, 253.027145386, 80.0015640259, 15.9765748978, 4.27829170227, 2.51301550865, 0.785141766071, 0.127811282873, 0.0267419405282, 0.0101293288171, 0.00468038022518, 0.00182701495942, 0.000566313159652, 0.000168158614542, 0.000151333559188, 5.7456385548e-05, 8.08888489701e-06], "mean": [0.921147823334, 4.33886241913, 9.53351402283, 18.181268692, 34.2352142334, 15.7038726807, 12.8468046188, 6.13360834122, 4.69328260422, 3.56852507591, 3.65812110901, 7.51873970032, 6.22324228287, 7.78004598618, 9.58356380463, 6.5367026329, 8.50410842896, 6.78183221817, 6.27146959305, 6.55373287201, 7.34458398819, 8.7403345108, 10.4543199539, 7.51489496231, 6.77715682983, 4.08611249924, 2.32746481895, 1.24512660503, 0.914652407169, 0.463105916977, 0.219340190291, 0.100930422544, 0.0513894706964, 0.0349609553814, 0.0224646124989, 0.0131920296699, 0.00962297804654, 0.00925507117063, 0.00657228566706, 0.00472619384527], "dvar2": [1.0269588232, 31.3216590881, 184.674285889, 351.000793457, 5236.24804688, 1804.25280762, 342.622253418, 137.034317017, 98.9684829712, 81.8206787109, 84.2373199463, 486.902374268, 251.005126953, 153.693130493, 166.936843872, 113.855102539, 376.079711914, 359.029296875, 978.985046387, 3133.17944336, 2858.68920898, 3841.23120117, 4269.36523438, 1353.29296875, 536.675476074, 165.760269165, 33.5448379517, 9.08253097534, 5.92201471329, 1.76580226421, 0.289357572794, 0.0671587511897, 0.0268707852811, 0.0124011887237, 0.00483313994482, 0.00149412301835, 0.000417432864197, 0.000325443281326, 9.78069729172e-05, 1.69555205503e-05], "min": [2.82569282053e-23, 3.63949170155e-22, 1.39166887759e-21, 5.35293010138e-21, 6.79548098699e-21, 3.09726438949e-20, 4.88080214571e-20, 3.62193826656e-20, 1.47073695189e-19, 1.69964781268e-19, 1.86872572708e-19, 3.86980681453e-19, 6.52514240081e-19, 7.52972843934e-19, 6.44268231651e-19, 9.92555523698e-19, 1.4316417078e-18, 1.37685784603e-18, 2.91685949029e-18, 3.99098226022e-18, 4.42213071577e-18, 4.46834281505e-18, 5.53516261414e-18, 5.85075683325e-18, 8.80951322836e-18, 8.02603835783e-18, 9.17562254029e-18, 1.02276060279e-17, 1.16575779683e-17, 1.2087786333e-17, 1.00424482652e-17, 1.04900199783e-17, 1.06049310818e-17, 8.23338110454e-18, 5.82629958408e-18, 3.62517445561e-18, 2.5417498329e-18, 1.012450665e-18, 2.43711112353e-19, 2.52895043431e-20], "var": [1.85068428516, 32.8482894897, 120.020812988, 401.276702881, 3959.69873047, 1220.08056641, 445.844116211, 106.071807861, 72.1320648193, 43.6527290344, 72.2675628662, 186.306838989, 116.056343079, 107.214332581, 164.053207397, 118.063499451, 278.444610596, 288.721801758, 711.758789062, 1109.20092773, 1605.49145508, 2581.76416016, 3668.27246094, 1161.11779785, 726.629699707, 234.85093689, 49.5220794678, 12.2298755646, 5.09439945221, 1.55410063267, 0.289972305298, 0.0375874862075, 0.00998289510608, 0.00463523017243, 0.00183440197725, 0.000582839536946, 0.000267683295533, 0.000378637196263, 0.000269322714303, 3.5656226828e-05], "median": [0.303465396166, 2.3575129509, 5.7700176239, 12.4175262451, 17.9615345001, 8.64261341095, 6.53797197342, 3.42846941948, 2.31826305389, 1.9172770977, 2.09821033478, 3.91154289246, 3.39651942253, 4.71416950226, 5.47317266464, 3.71576833725, 4.59466552734, 3.06678748131, 2.24549460411, 1.67370700836, 1.24560832977, 0.822733700275, 0.582556188107, 0.536117315292, 0.461435645819, 0.371862649918, 0.294481575489, 0.196886494756, 0.164693206549, 0.108738340437, 0.0700313299894, 0.0407127179205, 0.0187814310193, 0.0125240599737, 0.0084400717169, 0.0053678015247, 0.0045247990638, 0.00315800658427, 0.00193911162205, 0.00306852115318]}, "spectral_energy": {"dmean": 0.0197011921555, "dmean2": 0.0311228241771, "max": 0.517395138741, "dvar": 0.000594446260948, "mean": 0.064042314887, "dvar2": 0.00148187868763, "min": 9.93537700509e-21, "var": 0.00272114994004, "median": 0.0518299862742}, "zerocrossingrate": {"dmean": 0.0357290990651, "dmean2": 0.0483949668705, "max": 0.79345703125, "dvar": 0.00090675096726, "mean": 0.207326695323, "dvar2": 0.00164071377367, "min": 0.015625