{"metadata": {"audio_properties": {"downmix": "mix", "bit_rate": 0, "lossless": true, "md5_encoded": "e8e0c8617b48cb5f271c6670f49eb88d", "analysis_sample_rate": 44100, "sample_rate": 44100, "replay_gain": 8.9689617157, "equal_loudness": 0, "codec": "flac", "length": 569.760009766}, "tags": {"releasestatus": ["official"], "musicbrainz_albumid": ["1bc0a418-38dd-4edd-9854-3409eaa3b5e4"], "musicbrainz_recordingid": ["42e2729e-cafb-4411-bd8e-296aa6447632"], "artist": ["Aeoliah"], "acoustid_id": ["42ffa142-b90e-421a-9fd0-54bf85f9242a"], "barcode": ["046951113123"], "totaltracks": ["6"], "originaldate": ["1991"], "musicbrainz_releasegroupid": ["db575d52-66e7-3d8b-ac24-be6d9d358405"], "asin": ["B000008OMJ"], "releasetype": ["album"], "script": ["Latn"], "musicbrainz_albumartistid": ["585a9c75-dcca-4019-97df-899921f841f9"], "file_name": "02. Aeoliah - The Inner Chamber.flac", "musicbrainz_artistid": ["585a9c75-dcca-4019-97df-899921f841f9"], "albumartistsort": ["Aeoliah"], "musicbrainz_releasetrackid": ["65f78505-a7c6-367a-8f24-3ba495d42a20"], "tracknumber": ["2"], "releasecountry": ["US"], "album": ["The Journey Home on Wings of Light"], "date": ["1991"], "title": ["The Inner Chamber"], "tracktotal": ["6"], "discnumber": ["1"], "artistsort": ["Aeoliah"], "disctotal": ["1"], "genre": ["New age"], "originalyear": ["1991"], "totaldiscs": ["1"], "albumartist": ["Aeoliah"]}, "version": {"essentia_build_sha": "70f2e5ece6736b2c40cc944ad0e695b16b925413", "essentia_git_sha": "v2.1_beta2", "extractor": "music 1.0", "essentia": "2.1-beta2"}}, "tonal": {"chords_scale": "major", "hpcp": {"dmean": [0.0662639141083, 0.0629662051797, 0.0458173491061, 0.0486226975918, 0.0535700283945, 0.0460273176432, 0.0419016927481, 0.0489378832281, 0.061684012413, 0.0715989619493, 0.0730762034655, 0.0568031854928, 0.0517547093332, 0.0466866157949, 0.0489160791039, 0.0629326701164, 0.0572879426181, 0.0239520706236, 0.0182999819517, 0.0202702563256, 0.0350792966783, 0.0415091216564, 0.042365193367, 0.040532335639, 0.0475740619004, 0.0421689301729, 0.0374829098582, 0.0359465368092, 0.0440826192498, 0.0574558898807, 0.0661902427673, 0.0627009645104, 0.0417643226683, 0.0344778671861, 0.0356101319194, 0.0507792942226], "dvar2": [0.0559537410736, 0.0377817451954, 0.0300965812057, 0.0477990955114, 0.0486504361033, 0.0367811769247, 0.0420383960009, 0.0392307937145, 0.0448626540601, 0.0641286075115, 0.0493247807026, 0.0348512381315, 0.0368355885148, 0.0304292310029, 0.0247085466981, 0.0483200326562, 0.0355806238949, 0.0104662943631, 0.013881849125, 0.011109395884, 0.0145249767229, 0.0318278744817, 0.018818333745, 0.030270094052, 0.0416475646198, 0.0233619306237, 0.023722473532, 0.0270707588643, 0.0314642116427, 0.0364787094295, 0.055058542639, 0.0449357591569, 0.0280632395297, 0.0294726174325, 0.0276146568358, 0.0300715491176], "mean": [0.183946371078, 0.130557507277, 0.0668475404382, 0.135084554553, 0.110194519162, 0.0681439638138, 0.112441204488, 0.090890340507, 0.101171985269, 0.194803968072, 0.156679004431, 0.0893335193396, 0.125393733382, 0.10037920624, 0.0828392729163, 0.153937444091, 0.113067813218, 0.0361465029418, 0.0490664504468, 0.0391278155148, 0.08475497365, 0.163717016578, 0.0996546596289, 0.0578949041665, 0.10522711277, 0.0780596584082, 0.0682946518064, 0.107584886253, 0.0767826810479, 0.090100415051, 0.167796596885, 0.119845099747, 0.0578455291688, 0.0781889334321, 0.0590704455972, 0.0872773453593], "var": [0.107669994235, 0.0569550171494, 0.0187724623829, 0.087490439415, 0.0604513958097, 0.0211290959269, 0.0748885422945, 0.045816976577, 0.0363044254482, 0.113595850766, 0.0742538198829, 0.0290628541261, 0.069509036839, 0.0524125359952, 0.0229773242027, 0.0844982936978, 0.0493618659675, 0.0082219587639, 0.0334616452456, 0.019324991852, 0.027495669201, 0.103852160275, 0.0350343324244, 0.0185558348894, 0.060875389725, 0.0315309949219, 0.028622476384, 0.0684835314751, 0.0347723178566, 0.0287136789411, 0.0940385088325, 0.0519782863557, 0.0190949514508, 0.0483294390142, 0.0281234961003, 0.0264820493758], "dmean2": [0.111769519746, 0.103316143155, 0.0793125852942, 0.0841434374452, 0.092835046351, 0.0806319117546, 0.0727594271302, 0.0839120149612, 0.103494152427, 0.122572556138, 0.120777569711, 0.0955661684275, 0.0872083306313, 0.078153654933, 0.0820385590196, 0.106173053384, 0.0947211608291, 0.0405345633626, 0.0314713157713, 0.0345092527568, 0.060366909951, 0.0700186118484, 0.0721047446132, 0.0696301609278, 0.0813662335277, 0.0706909522414, 0.0645176023245, 0.0615015178919, 0.0755988061428, 0.0975875705481, 0.110760562122, 0.10505233705, 0.070839188993, 0.0594334900379, 0.0620293170214, 0.0842426419258], "dvar": [0.0219420716166, 0.0146735524759, 0.0105198398232, 0.018044821918, 0.0174612253904, 0.0123251276091, 0.0153420204297, 0.0141187589616, 0.0163352172822, 0.0238616894931, 0.0191890019923, 0.0132393771783, 0.0142068080604, 0.011994080618, 0.00893561821431, 0.0186190642416, 0.0138788670301, 0.00372598413378, 0.00546341901645, 0.00416951999068, 0.00515848770738, 0.0121263666078, 0.00694045005366, 0.0108621064574, 0.0159971583635, 0.00877442955971, 0.00827646441758, 0.0102554699406, 0.0110977599397, 0.0129427053034, 0.0210014432669, 0.0165286026895, 0.0102572776377, 0.0111998151988, 0.00983135588467, 0.0110955322161], "min": [0, 0, 0, 0, 0, 0, 0, 0, 0, 0, 0, 0, 0, 0, 0, 0, 0, 0, 0, 0, 0, 0, 0, 0, 0, 0, 0, 0, 0, 0, 0, 0, 0, 0, 0, 0], "median": [0.0142295388505, 0.0132808517665, 0.00843758881092, 0.00145876221359, 0.00206398125738, 0.0061087841168, 0.00303034950048, 0.00458860164508, 0.0123043637723, 0.00876524485648, 0.0127888265997, 0.0173616968095, 0.00478642247617, 0.00424406956881, 0.015268523246, 0.0104622356594, 0.00808537844568, 0.00416394416243, 0.00179553439375, 0.0026467021089, 0.00774040119722, 0.0105569232255, 0.0102876164019, 0.00779595412314, 0.00441937008873, 0.00638100132346, 0.00522593036294, 0.0033090217039, 0.00464025232941, 0.0122201722115, 0.0106195509434, 0.0109144290909, 0.0067215776071, 0.00207002460957, 0.00301454029977, 0.0099143050611], "max": [1, 1, 1, 1, 1, 1, 1, 1, 1, 1, 1, 1, 1, 1, 1, 1, 1, 1, 1, 1, 1, 1, 1, 1, 1, 1, 1, 1, 1, 1, 1, 1, 1, 1, 1, 1]}, "tuning_equal_tempered_deviation": 0.100456289947, "chords_key": "A", "chords_strength": {"dmean": 0.00626380369067, "dvar2": 0.000533743237611, "mean": 0.535634040833, "var": 0.0376224145293, "dmean2": 0.0051204492338, "dvar": 0.000314833043376, "min": -1, "median": 0.561614871025, "max": 0.777971327305}, "tuning_diatonic_strength": 0.260966449976, "thpcp": [1, 0.80429059267, 0.458581626415, 0.643691897392, 0.515283167362, 0.425244271755, 0.790217161179, 0.580418407917, 0.185553222895, 0.251876026392, 0.200857385993, 0.435078263283, 0.84041929245, 0.511563777924, 0.297195702791, 0.540169239044, 0.400708764791, 0.350581407547, 0.552272558212, 0.394153565168, 0.462518364191, 0.861361265182, 0.615208745003, 0.296942263842, 0.401372373104, 0.303230196238, 0.448026537895, 0.944263994694, 0.670199453831, 0.343152880669, 0.693438410759, 0.56566876173, 0.349807888269, 0.577201843262, 0.466573357582, 0.519352793694], "chords_histogram": [12.1760387421, 0.643846809864, 8.13365936279, 1.79299104214, 8.9649553299, 1.75224125385, 13.1458845139, 1.37734305859, 1.64629173279, 2.26568865776, 0, 0.391198039055, 10.065199852, 1.85819065571, 0.67644661665, 8.14995956421, 1.0839445591, 3.86308073997, 0.505297482014, 4.44172763824, 5.01222515106, 2.73023629189, 5.85982084274, 3.46373271942], "tuning_nontempered_energy_ratio": 0.692430615425, "tuning_frequency": 438.731048584, "key_strength": 0.522936999798, "chords_changes_rate": 0.0248573757708, "key_scale": "major", "hpcp_entropy": {"dmean": 0.540123581886, "dvar2": 0.63605672121, "mean": 1.39605510235, "var": 0.427151888609, "dmean2": 0.934497654438, "dvar": 0.230117738247, "min": 0, "median": 1.4987462759, "max": 4.12617015839}, "key_key": "C", "chords_number_rate": 0.00154849223327}, "lowlevel": {"melbands_skewness": {"dmean": 0.604586005211, "dvar2": 1.21041989326, "mean": 1.1998513937, "var": 1.30341780186, "dmean2": 0.936435580254, "dvar": 0.476706117392, "min": -2.38048934937, "median": 1.02832138538, "max": 54.4829406738}, "melbands_kurtosis": {"dmean": 3.82843375206, "dvar2": 3382.44897461, "mean": 5.03878593445, "var": 657.408935547, "dmean2": 6.25328397751, "dvar": 1144.85546875, "min": -1.81426775455, "median": 2.4366569519, "max": 3756.36865234}, "barkbands_kurtosis": {"dmean": 3.2744846344, "dvar2": 1020.05633545, "mean": 4.16092729568, "var": 241.366516113, "dmean2": 5.37264585495, "dvar": 352.892333984, "min": -1.86151635647, "median": 2.11629390717, "max": 2052.37915039}, "hfc": {"dmean": 4.21441698074, "dvar2": 103.564308167, "mean": 12.5602293015, "var": 242.895446777, "dmean2": 6.39112281799, "dvar": 46.0016746521, "min": 1.04723593413e-16, "median": 8.20201969147, "max": 297.504638672}, "silence_rate_20dB": {"dmean": 0.000163012475241, "dvar2": 0.000407435407396, "mean": 0.999877750874, "var": 0.000122238576296, "dmean2": 0.000326038221829, "dvar": 0.000162984375493, "min": 0, "median": 1, "max": 1}, "erbbands_flatness_db": {"dmean": 0.0206393115222, "dvar2": 0.000679278164171, "mean": 0.342558801174, "var": 0.00305259344168, "dmean2": 0.0315253548324, "dvar": 0.000276690494502, "min": 0.0279390532523, "median": 0.343930572271, "max": 0.535857737064}, "spectral_flux": {"dmean": 0.0162147954106, "dvar2": 0.000884244218469, "mean": 0.0512235946953, "var": 0.000964000297245, "dmean2": 0.0280451830477, "dvar": 0.000297126942314, "min": 6.32933358502e-11, "median": 0.0453866533935, "max": 0.347300887108}, "spectral_energyband_low": {"dmean": 0.000593160453718, "dvar2": 4.58439026261e-05, "mean": 0.00170616409741, "var": 0.000103985497844, "dmean2": 0.000931635848247, "dvar": 1.76091434696e-05, "min": 1.53018394789e-23, "median": 3.54228286596e-05, "max": 0.260050296783}, "spectral_rolloff": {"dmean": 137.952529907, "dvar2": 150804.609375, "mean": 1132.82092285, "var": 4318796, "dmean2": 250.108016968, "dvar": 71124.6953125, "min": 21.533203125, "median": 882.861328125, "max": 19659.8144531}, "spectral_entropy": {"dmean": 0.163103342056, "dvar2": 0.043657142669, "mean": 6.15913438797, "var": 0.39169973135, "dmean2": 0.244813799858, "dvar": 0.0188693385571, "min": 4.26812648773, "median": 6.18667030334, "max": 9.82584571838}, "spectral_energy": {"dmean": 0.00639827409759, "dvar2": 0.0002241270995, "mean": 0.0195970013738, "var": 0.000568395305891, "dmean2": 0.00937120057642, "dvar": 0.000104378108517, "min": 9.9779194533e-21, "median": 0.012753999792, "max": 0.432768493891}, "spectral_centroid": {"dmean": 77.7770843506, "dvar2": 31703.1777344, "mean": 853.174133301, "var": 1446012.75, "dmean2": 121.446510315, "dvar": 14235.8525391, "min": 123.418739319, "median": 706.821411133, "max": 11779.4667969}, "barkbands_flatness_db": {"dmean": 0.0218139123172, "dvar2": 0.000772777595557, "mean": 0.2874969244, "var": 0.00425453716889, "dmean2": 0.0329464934766, "dvar": 0.000328741996782, "min": 0.0418041497469, "median": 0.278894454241, "max": 0.575466275215}, "spectral_rms": {"dmean": 0.000639128906187, "dvar2": 9.81909920483e-07, "mean": 0.0038403077051, "var": 4.37095695816e-06, "dmean2": 0.000936754979193, "dvar": 4.38366640765e-07, "min": 3.12002485479e-12, "median": 0.00352745340206, "max": 0.0205478258431}, "melbands": {"dmean": [0.000102942482044, 0.000131150431116, 6.35065007373e-05, 1.97230274352e-05, 3.16357945849e-05, 0.000111105917313, 0.000293741002679, 0.000359990284778, 0.000320813589497, 0.000273134734016, 0.000188320933376, 0.000169362538145, 0.000121826305985, 7.57469606469e-05, 3.79309421987e-05, 2.40500157815e-05, 1.74261585926e-05, 5.76267757424e-06, 6.39184690954e-06, 4.06664139518e-06, 2.37619906329e-06, 1.27676003103e-06, 1.35542779844e-06, 8.52764287629e-07, 5.29184717379e-07, 2.17977301986e-07, 2.1362373559e-07, 1.18164670937e-07, 5.828745131e-08, 2.6004013165e-08, 1.0402532169e-08, 7.64304441958e-09, 6.12974293546e-09, 2.64013921836e-09, 1.2638687874e-09, 1.53226231703e-09, 7.25211779518e-10, 5.56874324431e-10, 8.23213164303e-10, 4.48599490888e-10], "dvar2": [2.0207455691e-06, 2.69887254944e-06, 2.84990619548e-07, 3.24701581178e-08, 8.24283219458e-09, 1.44255508872e-07, 1.11202621156e-06, 1.31009596771e-06, 1.73339697085e-06, 1.37336132866e-06, 8.4008848944e-07, 5.35721767392e-07, 2.84883128643e-07, 1.03281301733e-07, 3.74071333908e-08, 1.57321480287e-08, 3.60449199377e-08, 1.01593145008e-09, 6.66658017678e-09, 4.30614960356e-10, 1.20028237349e-10, 3.4721905906e-11, 5.06130276579e-11, 2.39608177049e-11, 1.35880829158e-11, 2.39097392059e-12, 2.10219797299e-12, 3.41221273242e-13, 6.48905774492e-14, 1.48723061318e-14, 2.24556205844e-15, 1.5292321183e-15, 9.27526911748e-16, 4.07920903002e-16, 5.37460272134e-17, 9.29973354658e-17, 2.22821661701e-17, 1.13773018798e-17, 2.56148255729e-17, 1.02196220806e-17], "mean": [0.000277909392025, 0.000282478780719, 0.000142942706589, 5.48299576622e-05, 0.00011761476344, 0.000276593811577, 0.000644351297524, 0.000767173594795, 0.000694911810569, 0.000573196797632, 0.0002856363717, 0.000263451074716, 0.00018446163449, 0.000115172340884, 5.60644512007e-05, 3.68422952306e-05, 2.84461129922e-05, 9.28325880523e-06, 9.61466412264e-06, 6.23019332124e-06, 3.85303792427e-06, 2.20411811824e-06, 2.15717136598e-06, 1.48954040924e-06, 9.03302520783e-07, 4.13101020058e-07, 3.96618105469e-07, 2.23944638833e-07, 1.25522547023e-07, 5.97527858304e-08, 2.57533070425e-08, 1.9570826737e-08, 1.47161438591e-08, 6.4668164157e-09, 3.54916918077e-09, 4.11726031047e-09, 2.06161443472e-09, 1.71854330766e-09, 2.49087195314e-09, 1.39535061283e-09], "var": [4.3792915676e-06, 3.07805316879e-06, 5.94246671426e-07, 2.76611853423e-08, 3.74617634691e-08, 2.50891588394e-07, 1.68667372691e-06, 3.02360490423e-06, 3.57015528607e-06, 3.82906273444e-06, 5.59598845484e-07, 4.12739780131e-07, 2.09162166698e-07, 7.85828220273e-08, 2.34065264948e-08, 1.06077502338e-08, 2.49203147007e-08, 6.84325318634e-10, 3.17063419963e-09, 2.49523179896e-10, 7.50416534467e-11, 2.09515772787e-11, 2.83296251041e-11, 2.0486922922e-11, 1.26042188839e-11, 2.38298768739e-12, 1.75590965379e-12, 3.19098398963e-13, 7.46355695346e-14, 1.76062337181e-14, 3.5474241698e-15, 2.04840518733e-15, 1.09783728535e-15, 4.16354915937e-16, 7.37051807103e-17, 1.00944549302e-16, 2.3326767898e-17, 1.24149784515e-17, 3.73061831158e-17, 1.18820499711e-17], "dmean2": [0.000165117089637, 0.000211017104448, 9.992064588e-05, 2.90274747385e-05, 3.42005914717e-05, 0.000148458610056, 0.000397156516556, 0.000490757171065, 0.000446017715149, 0.000381622696295, 0.000301461928757, 0.000276958133327, 0.000197132001631, 0.000123536796309, 6.42289596726e-05, 4.03710291721e-05, 2.91725446004e-05, 9.84112193692e-06, 1.11903455036e-05, 6.97977611708e-06, 4.06280332754e-06, 2.18177592615e-06, 2.34236472352e-06, 1.43130819197e-06, 8.68575796176e-07, 3.51063164317e-07, 3.50999641796e-07, 1.94207842696e-07, 9.76934018126e-08, 4.41452776556e-08, 1.7816917719e-08, 1.3212420491e-08, 1.05177759835e-08, 4.57537385756e-09, 2.17733142627e-09, 2.66825206374e-09, 1.25782206872e-09, 9.68561897352e-10, 1.4054115649e-09, 7.73012986954e-10], "dvar": [7.55059716084e-07, 9.94332367554e-07, 1.10354598348e-07, 1.18019682915e-08, 4.33766489394e-09, 7.3284773805e-08, 5.40540270322e-07, 7.2812184726e-07, 9.01659404917e-07, 8.08170341315e-07, 3.25036751292e-07, 2.06441640671e-07, 1.10686471544e-07, 3.95950756626e-08, 1.34081599157e-08, 5.75066572139e-09, 1.21721628332e-08, 3.51410289756e-10, 2.16461026881e-09, 1.51270940218e-10, 4.15814674359e-11, 1.21376415863e-11, 1.79942085538e-11, 9.17451791621e-12, 6.05406046475e-12, 9.94062471227e-13, 8.06160205865e-13, 1.3898585516e-13, 2.44998774279e-14, 5.20785713883e-15, 7.94122822446e-16, 5.09724522383e-16, 3.33552019038e-16, 1.45737683108e-16, 1.89910775562e-17, 3.24121425519e-17, 7.58576816808e-18, 3.80608754098e-18, 8.99695814543e-18, 3.57768312152e-18], "min": [5.20910049963e-25, 4.69737579813e-25, 8.86948659037e-25, 8.39723205123e-25, 1.03476038647e-24, 1.49637703769e-24, 1.0935407791e-24, 1.64884728459e-24, 1.3406156631e-24, 1.26306511409e-24, 2.24463645541e-24, 2.10596555511e-24, 1.81591520533e-24, 1.97989138296e-24, 2.55086496186e-24, 2.58743576456e-24, 1.43083226141e-24, 2.33920549516e-24, 2.15547446553e-24, 3.05311534527e-24, 2.00932772764e-24, 3.79102451349e-24, 2.90674674026e-24, 3.44132878509e-24, 3.11370301824e-24, 3.68279200843e-24, 3.93242585859e-24, 3.58295534999e-24, 4.52840869477e-24, 5.45037962255e-24, 4.59792824533e-24, 4.51262871565e-24, 4.71658160295e-24, 4.06626202762e-24, 4.86965177856e-24, 4.43298374094e-24, 5.01951760119e-24, 5.32840161065e-24, 6.67520845135e-24, 5.90766453994e-24], "median": [5.71908344682e-07, 3.75583249479e-06, 1.8423770598e-05, 1.86471315828e-05, 4.91855280416e-05, 0.000109102009446, 0.000200846407097, 0.000220837740926, 0.000130426895339, 7.14705238352e-05, 4.86063581775e-05, 4.57738133264e-05, 2.81038210233e-05, 2.16107528104e-05, 1.09075908767e-05, 7.80431673775e-06, 3.47935565514e-06, 1.94000631382e-06, 1.59221053764e-06, 1.57851252425e-06, 1.05936135242e-06, 8.09458867934e-07, 5.82399366067e-07, 3.07250644482e-07, 1.8737959806e-07, 1.02043479444e-07, 7.8518787916e-08, 6.65068426997e-08, 4.65659617532e-08, 1.83872845838e-08, 8.74478089941e-09, 7.80009479229e-09, 6.18246964734e-09, 2.68910738122e-09, 1.49461365506e-09, 1.62629198996e-09, 8.32973579001e-10, 6.35499708412e-10, 7.34133254188e-10, 4.03385630454e-10], "max": [0.0741075500846, 0.0619958266616, 0.0237228367478, 0.00811920594424, 0.00302231614478, 0.0178837217391, 0.0228545628488, 0.0317069552839, 0.0416807830334, 0.0612559989095, 0.0233204886317, 0.0111139304936, 0.00804321561009, 0.00435342313722, 0.00512377545238, 0.00359899154864, 0.00680870097131, 0.000661033205688, 0.00271728495136, 0.000340107886586, 0.000185188066098, 0.000127605657326, 0.000144658290083, 0.000114451875561, 0.000217551016249, 4.94569976581e-05, 4.08263258578e-05, 1.84321434062e-05, 5.52198434889e-06, 2.18624199988e-06, 2.0353841137e-06, 1.59143621659e-06, 1.05006131434e-06, 7.97047562173e-07, 2.48338523079e-07, 2.52410927715e-07, 1.20935226278e-07, 7.07166947223e-08, 1.76367976223e-07, 9.18754778922e-08]}, "barkbands_crest": {"dmean": 2.96420407295, "dvar2": 15.5494890213, "mean": 13.4614725113, "var": 20.7476158142, "dmean2": 4.75234174728, "dvar": 6.19657325745, "min": 2.52555441856, "median": 12.8427181244, "max": 26.8941249847}, "mfcc": {"icov": [[0.000942444545217, -0.00115046137944, 0.00123007199727, -0.00131646962836, 0.00146203686018, -0.000878440914676, 0.000435774971265, -4.3457665015e-05, 0.000434028508607, -0.000693680834956, 0.000824855058454, -0.000303474807879, 0.000370523484889], [-0.00115046137944, 0.00242365640588, -0.00175660278182, 0.0018447880866, -0.00217263307422, 0.00191269116476, -0.000184181932127, 0.000145271071233, -0.000706003746018, 0.00115219445433, -0.00115253054537, 0.000682845013216, -0.000693022389896], [0.00123007199727, -0.00175660278182, 0.00291504501365, -0.00235685007647, 0.00111397053115, -0.00182508048601, 8.89711154741e-05, 0.000102508434793, 0.000300259387586, -0.00167736550793, 0.00150930916425, -0.00119763659313, 0.000295930745779], [-0.00131646962836, 0.0018447880866, -0.00235685007647, 0.00612542685121, -0.00346353068016, 0.00196304754354, -0.00108971574809, -6.37392222416e-05, -0.00124493206386, 0.000587101269048, -0.00247291405685, 0.00162774219643, -0.00196512555704], [0.00146203686018, -0.00217263307422, 0.00111397053115, -0.00346353068016, 0.00810395739973, -0.00457866303623, 0.00298354565166, -0.0026203468442, 0.00229644984938, -0.00296457204968, 0.00261337333359, -0.00177557684947, 0.0014366832329], [-0.000878440914676, 0.00191269116476, -0.00182508048601, 0.00196304754354, -0.00457866303623, 0.01163617149, -0.00487766927108, 0.00208916165866, -0.00447494117543, 0.00263191736303, -0.00434996327385, 0.0034837257117, -0.00258946185932], [0.000435774971265, -0.000184181932127, 8.89711154741e-05, -0.00108971574809, 0.00298354565166, -0.00487766927108, 0.0141807487234, -0.00404998427257, 0.00520243309438, -0.00422124192119, 0.0049151792191, -0.00266823568381, 0.00342478230596], [-4.3457665015e-05, 0.000145271071233, 0.000102508434793, -6.37392222416e-05, -0.0026203468442, 0.00208916165866, -0.00404998427257, 0.0111198434606, -0.00460812449455, 0.00369472499005, -0.00357302743942, 0.00148557196371, -0.00140586530324], [0.000434028508607, -0.000706003746018, 0.000300259387586, -0.00124493206386, 0.00229644984938, -0.00447494117543, 0.00520243309438, -0.00460812449455, 0.0132942153141, -0.00635128375143, 0.00405374122784, -0.00233384780586, 0.000120404685731], [-0.000693680834956, 0.00115219445433, -0.00167736550793, 0.000587101269048, -0.00296457204968, 0.00263191736303, -0.00422124192119, 0.00369472499005, -0.00635128375143, 0.0149096809328, -0.00903126876801, 0.00548877147958, -3.97463591071e-05], [0.000824855058454, -0.00115253054537, 0.00150930916425, -0.00247291405685, 0.00261337333359, -0.00434996327385, 0.0049151792191, -0.00357302743942, 0.00405374122784, -0.00903126876801, 0.0162195116282, -0.00972485821694, 0.0064731691964], [-0.000303474807879, 0.000682845013216, -0.00119763659313, 0.00162774219643, -0.00177557684947, 0.0034837257117, -0.00266823568381, 0.00148557196371, -0.00233384780586, 0.00548877147958, -0.00972485821694, 0.0145171741024, -0.0064064678736], [0.000370523484889, -0.000693022389896, 0.000295930745779, -0.00196512555704, 0.0014366832329, -0.00258946185932, 0.00342478230596, -0.00140586530324, 0.000120404685731, -3.97463591071e-05, 0.0064731691964, -0.0064064678736, 0.0103862788528]], "mean": [-795.815002441, 199.391677856, -39.7209854126, -18.3829498291, -28.2064628601, -26.6507568359, -14.7454471588, -10.744559288, -5.69630289078, -6.35851430893, -3.05432367325, 1.85609662533, 1.34552145004], "cov": [[5336.72314453, 924.97253418, -2003.53552246, -357.533325195, -840.598571777, -425.921539307, -129.577453613, -200.31968689, -226.074249268, -289.411071777, -242.181396484, -182.804077148, -73.8336029053], [924.97253418, 1175.23620605, 250.363250732, 15.9725322723, 97.493598938, -69.5491867065, -72.3622131348, 8.70386695862, 17.2124996185, -29.2695045471, -29.6438274384, 20.6247367859, 66.4071426392], [-2003.53552246, 250.363250732, 1784.9855957, 499.3203125, 575.291259766, 292.733642578, 53.2251777649, 119.101264954, 197.860580444, 241.863311768, 136.587371826, 114.913093567, 108.15712738], [-357.533325195, 15.9725322723, 499.3203125, 429.011169434, 250.048110962, 106.794136047, 13.0217103958, 65.0434036255, 86.746635437, 112.829071045, 76.8567352295, 28.9301643372, 46.6826438904], [-840.598571777, 97.493598938, 575.291259766, 250.048110962, 442.486022949, 160.805297852, 5.47356796265, 89.2831802368, 88.6491851807, 118.234680176, 80.2740020752, 42.0777282715, 31.925359726], [-425.921539307, -69.5491867065, 292.733642578, 106.794136047, 160.805297852, 196.345687866, 38.8674278259, 33.616859436, 68.2005996704, 70.553276062, 48.144329071, 5.35655927658, 13.6395645142], [-129.577453613, -72.3622131348, 53.2251777649, 13.0217103958, 5.47356796265, 38.8674278259, 109.023971558, 17.6470737457, -14.4231615067, 25.2537574768, 2.77181792259, -10.9870834351, -32.1271286011], [-200.31968689, 8.70386695862, 119.101264954, 65.0434036255, 89.2831802368, 33.616859436, 17.6470737457, 133.0753479, 47.190246582, 15.5436372757, 29.9686431885, 20.2182292938, 18.1706695557], [-226.074249268, 17.2124996185, 197.860580444, 86.746635437, 88.6491851807, 68.2005996704, -14.4231615067, 47.190246582, 143.949111938, 69.0520858765, 27.1127204895, 15.1251249313, 26.9005565643], [-289.411071777, -29.2695045471, 241.863311768, 112.829071045, 118.234680176, 70.553276062, 25.2537574768, 15.5436372757, 69.0520858765, 192.106735229, 109.164955139, -10.1324911118, -56.5115585327], [-242.181396484, -29.6438274384, 136.587371826, 76.8567352295, 80.2740020752, 48.144329071, 2.77181792259, 29.9686431885, 27.1127204895, 109.164955139, 189.712677002, 57.9162864685, -61.0562896729], [-182.804077148, 20.6247367859, 114.913093567, 28.9301643372, 42.0777282715, 5.35655927658, -10.9870834351, 20.2182292938, 15.1251249313, -10.1324911118, 57.9162864685, 143.475326538, 64.1602935791], [-73.8336029053, 66.4071426392, 108.15712738, 46.6826438904, 31.925359726, 13.6395645142, -32.1271286011, 18.1706695557, 26.9005565643, -56.5115585327, -61.0562896729, 64.1602935791, 198.234512329]]}, "spectral_decrease": {"dmean": 1.59798563271e-09, "dvar2": 1.40979320017e-17, "mean": -4.89047424779e-09, "var": 3.5803146312e-17, "dmean2": 2.33529218185e-09, "dvar": 6.56495904979e-18, "min": -1.07514516401e-07, "median": -3.17391601889e-09, "max": 2.36994322267e-28}, "zerocrossingrate": {"dmean": 0.00305799604394, "dvar2": 5.98052356509e-05, "mean": 0.0390987545252, "var": 0.00297899544239, "dmean2": 0.00399384880438, "dvar": 3.07988811983e-05, "min": 0, "median": 0.033203125, "max": 0.52783203125}, "spectral_contrast_coeffs": {"dmean": [0.0375769324601, 0.0388569533825, 0.0407077297568, 0.0293500926346, 0.0179590396583, 0.0114897415042], "dvar2": [0.0024870489724, 0.0023647218477, 0.00270939315669, 0.00157490093261, 0.00058830861235, 0.000269392156042], "mean": [-0.598042488098, -0.631820082664, -0.638169407845, -0.728458225727, -0.771582484245, -0.791390478611], "var": [0.00641229376197, 0.0086226426065, 0.0100269503891, 0.00573928514495, 0.00320622231811, 0.0019995549228], "dmean2": [0.0643794983625, 0.0586973764002, 0.0658080354333, 0.0497328490019, 0.0304686538875, 0.0198845323175], "dvar": [0.000860154861584, 0.000996417133138, 0.0010353603866, 0.000553953519557, 0.000205921154702, 8.76685953699e-05], "min": [-0.98305773735, -0.981478691101, -0.978856921196, -0.994327902794, -0.986603438854, -0.96532702446], "median": [-0.592281699181, -0.634570121765, -0.631143510342, -0.726515829563, -0.772371292114, -0.784879684448], "max": [-0.326035231352, -0.281968802214, -0.277296185493, -0.406035453081, -0.557325124741, -0.594521999359]}, "spectral_skewness": {"dmean": 0.792394697666, "dvar2": 1.36440420151, "mean": 4.08402442932, "var": 3.88892912865, "dmean2": 1.40191197395, "dvar": 0.43779283762, "min": -0.091822989285, "median": 3.67363262177, "max": 16.7779369354}, "spectral_energyband_middle_high": {"dmean": 0.00244115828536, "dvar2": 4.64463046228e-05, "mean": 0.00477619050071, "var": 4.42457785539e-05, "dmean2": 0.00401403428987, "dvar": 1.76575922524e-05, "min": 1.19025110526e-21, "median": 0.00261200545356, "max": 0.10102147609}, "gfcc": {"icov": [[0.000562700617593, -0.00160365784541, 0.00146054907236, -0.00112001853995, 0.00182920589577, -0.00108948780689, 0.00053636461962, -0.00106760126073, -8.64368485054e-05, -0.000522185990121, 0.000670590321533, -0.000261034292635, 0.000268440169748], [-0.00160365784541, 0.00580959627405, -0.00468470482156, 0.00368221197277, -0.00558235123754, 0.00407445710152, -0.000851075397804, 0.00343441381119, -0.000160726354807, 0.0021459707059, -0.00192641036119, 0.00144519621972, -0.000560870044865], [0.00146054907236, -0.00468470482156, 0.00502116046846, -0.00370061537251, 0.00414163246751, -0.00387872406282, 0.00124310830142, -0.00303479540162, -0.00122104864568, -0.0015557827428, 0.000955083756708, -0.000944543629885, 0.000175441571628], [-0.00112001853995, 0.00368221197277, -0.00370061537251, 0.0064407386817, -0.00537845678627, 0.00212528649718, -3.50845766661e-05, 0.00105070788413, 0.000773273175582, 0.00114160089288, -0.00118482357357, 0.00173713022377, -0.000932005525101], [0.00182920589577, -0.00558235123754, 0.00414163246751, -0.00537845678627, 0.0116130076349, -0.00443251244724, 0.00122446171008, -0.0032803977374, -0.00150475243572, -0.00198530778289, 0.00447779428214, -0.00253885332495, 0.00313258240931], [-0.00108948780689, 0.00407445710152, -0.00387872406282, 0.00212528649718, -0.00443251244724, 0.0102995634079, -0.00278507708572, 0.00297251716256, 0.000490701175295, 0.00111267063767, -0.00148270570207, 0.00219583231956, -0.00151497882325], [0.00053636461962, -0.000851075397804, 0.00124310830142, -3.50845766661e-05, 0.00122446171008, -0.00278507708572, 0.0105037698522, -0.00419804966077, -6.83246034896e-05, -0.00054138735868, 0.000807971227914, 0.00066905701533, 0.00154582713731], [-0.00106760126073, 0.00343441381119, -0.00303479540162, 0.00105070788413, -0.0032803977374, 0.00297251716256, -0.00419804966077, 0.0189675204456, -0.00666732247919, 0.00480295903981, -0.0033310437575, 0.0021981112659, -0.00105881842319], [-8.64368485054e-05, -0.000160726354807, -0.00122104864568, 0.000773273175582, -0.00150475243572, 0.000490701175295, -6.83246034896e-05, -0.00666732247919, 0.0134254265577, -0.00618266966194, 0.00301391282119, 0.000395374547224, 0.00150719983503], [-0.000522185990121, 0.0021459707059, -0.0015557827428, 0.00114160089288, -0.00198530778289, 0.00111267063767, -0.00054138735868, 0.00480295903981, -0.00618266966194, 0.0156516581774, -0.00544563308358, 0.0014210077934, -0.00220524403267], [0.000670590321533, -0.00192641036119, 0.000955083756708, -0.00118482357357, 0.00447779428214, -0.00148270570207, 0.000807971227914, -0.0033310437575, 0.00301391282119, -0.00544563308358, 0.0145626859739, -0.00253124418668, 0.000940851459745], [-0.000261034292635, 0.00144519621972, -0.000944543629885, 0.00173713022377, -0.00253885332495, 0.00219583231956, 0.00066905701533, 0.0021981112659, 0.000395374547224, 0.0014210077934, -0.00253124418668, 0.00986800901592, -0.00294356280938], [0.000268440169748, -0.000560870044865, 0.000175441571628, -0.000932005525101, 0.00313258240931, -0.00151497882325, 0.00154582713731, -0.00105881842319, 0.00150719983503, -0.00220524403267, 0.000940851459745, -0.00294356280938, 0.0101836873218]], "mean": [-164.465866089, 154.118713379, -155.073898315, -49.1741752625, -62.9000205994, -28.0434455872, -27.2641105652, -4.42419195175, -15.1363763809, -5.40594816208, -9.86462211609, -6.14394807816, -9.83306789398], "cov": [[17229.9863281, 1318.04199219, -3960.96630859, -870.266357422, -1418.81494141, -608.068115234, -394.361877441, -218.001022339, -523.43347168, -247.812576294, -82.29322052, -82.7664337158, -2.3350918293], [1318.04199219, 1318.49475098, 757.22479248, 105.663604736, 240.185348511, -49.2018585205, -55.2496147156, 40.6894035339, 151.522094727, -6.13514375687, -35.4175682068, -73.8431243896, -75.9130477905], [-3960.96630859, 757.22479248, 2432.98779297, 622.820739746, 622.057556152, 285.45324707, 74.3972930908, 186.489868164, 381.809234619, 119.018623352, 3.03775238991, -84.6102905273, -35.0596466064], [-870.266357422, 105.663604736, 622.820739746, 461.733184814, 256.454589844, 96.3005218506, 15.238817215, 70.6317977905, 106.981124878, 24.9125232697, -23.5481681824, -53.1091766357, -22.8574943542], [-1418.81494141, 240.185348511, 622.057556152, 256.454589844, 427.707550049, 90.3481140137, 38.490322113, 65.2951965332, 144.61100769, 22.5203666687, -54.3807907104, -30.6337356567, -74.1537017822], [-608.068115234, -49.2018585205, 285.45324707, 96.3005218506, 90.3481140137, 186.247268677, 45.0740776062, 24.3722820282, 41.2008934021, 18.7285175323, -1.91316652298, -29.288105011, 2.49072575569], [-394.361877441, -55.2496147156, 74.3972930908, 15.238817215, 38.490322113, 45.0740776062, 130.995773315, 38.0904502869, 32.0009384155, 4.55709266663, -6.50057554245, -26.2591915131, -24.3321094513], [-218.001022339, 40.6894035339, 186.489868164, 70.6317977905, 65.2951965332, 24.3722820282, 38.0904502869, 101.822441101, 75.9052124023, 5.43167304993, -5.33071327209, -31.0414562225, -18.9537677765], [-523.43347168, 151.522094727, 381.809234619, 106.981124878, 144.61100769, 41.2008934021, 32.0009384155, 75.9052124023, 187.285171509, 50.1472167969, -21.5639209747, -40.5207252502, -36.543258667], [-247.812576294, -6.13514375687, 119.018623352, 24.9125232697, 22.5203666687, 18.7285175323, 4.55709266663, 5.43167304993, 50.1472167969, 97.1877822876, 25.1967735291, -4.45514917374, 12.1638822556], [-82.29322052, -35.4175682068, 3.03775238991, -23.5481681824, -54.3807907104, -1.91316652298, -6.50057554245, -5.33071327209, -21.5639209747, 25.1967735291, 98.0467300415, 24.3086929321, 21.5027732849], [-82.7664337158, -73.8431243896, -84.6102905273, -53.1091766357, -30.6337356567, -29.288105011, -26.2591915131, -31.0414562225, -40.5207252502, -4.45514917374, 24.3086929321, 140.116485596, 43.8233451843], [-2.3350918293, -75.9130477905, -35.0596466064, -22.8574943542, -74.1537017822, 2.49072575569, -24.3321094513, -18.9537677765, -36.543258667, 12.1638822556, 21.5027732849, 43.8233451843, 136.215484619]]}, "erbbands_spread": {"dmean": 2.43593072891, "dvar2": 14.4911422729, "mean": 9.50821685791, "var": 36.4982376099, "dmean2": 3.87960648537, "dvar": 6.02593278885, "min": 0.763846337795, "median": 8.25765514374, "max": 151.272338867}, "erbbands_kurtosis": {"dmean": 2.17725992203, "dvar2": 23.9084339142, "mean": 2.44837450981, "var": 16.413225174, "dmean2": 3.58020663261, "dvar": 9.42329597473, "min": -1.70176148415, "median": 1.26888608932, "max": 80.7365722656}, "dynamic_complexity": 3.97357344627, "erbbands_crest": {"dmean": 3.54868626595, "dvar2": 22.896490097, "mean": 15.3240718842, "var": 30.5612335205, "dmean2": 5.73728656769, "dvar": 8.95798969269, "min": 2.16610121727, "median": 14.5768346786, "max": 32.724571228}, "erbbands": {"dmean": [0.0128291603178, 0.0829736143351, 0.293938577175, 0.392707616091, 0.357897907495, 0.245045617223, 1.08785557747, 4.97932577133, 18.2427196503, 31.2444553375, 38.5710105896, 43.6572113037, 37.0786476135, 41.4180259705, 33.1384315491, 22.1448459625, 13.3340778351, 9.23882579803, 3.76729869843, 3.69181346893, 2.24065041542, 1.21924269199, 1.01043248177, 0.640391111374, 0.270267903805, 0.191131561995, 0.0713616609573, 0.020721970126, 0.0113210948184, 0.00621073832735, 0.00216009397991, 0.00139320862945, 0.000808316341136, 0.000563189969398, 0.000211986567592, 5.89163064433e-05, 2.40492845478e-05, 6.35621290712e-06, 3.69710323866e-06, 7.3450560194e-06], "dvar2": [0.0337056517601, 1.59882164001, 13.3515338898, 12.448135376, 10.5924596786, 2.3704893589, 11.0354881287, 316.196899414, 4296.13574219, 10980.0869141, 25903.3398438, 33525.109375, 32455.1914062, 31801.8417969, 18801.7753906, 13226.8925781, 6022.05908203, 7799.77148438, 584.438232422, 800.789611816, 92.5169677734, 26.6269664764, 23.130689621, 17.377456665, 2.70782899857, 0.921480596066, 0.0842195078731, 0.00777756981552, 0.00275582494214, 0.00204332871363, 0.000170619983692, 6.70427252771e-05, 2.05035994441e-05, 1.60209747264e-05, 1.75160005256e-06, 4.99779673646e-07, 4.28514361772e-08, 4.59683002774e-09, 2.52748849627e-10, 2.9133351287e-10], "mean": [0.0306411478668, 0.205014452338, 0.529128074646, 0.823522806168, 0.795193433762, 0.950244009495, 3.95319414139, 12.5001745224, 39.7383918762, 68.885307312, 79.783531189, 97.951210022, 59.602355957, 65.8260650635, 51.5025863647, 33.8890762329, 20.736000061, 15.5732421875, 6.46957397461, 5.8715171814, 3.76908564568, 2.25717592239, 1.86520385742, 1.19196903706, 0.5701816082, 0.397770285606, 0.178447306156, 0.0597838647664, 0.0334477126598, 0.0166783258319, 0.00701733678579, 0.00442680856213, 0.00290769687854, 0.00200727488846, 0.000727809907403, 0.000207815872272, 0.000182375864824, 4.64967706648e-05, 1.39714557008e-05, 2.27193722822e-05], "var": [0.0490816161036, 2.78306555748, 10.1254339218, 25.7211360931, 9.3847284317, 2.87730908394, 45.0209465027, 525.469238281, 6452.25244141, 27334.0273438, 39223.5, 122453.765625, 22647.546875, 24455.1679688, 14184.6083984, 8009.26269531, 3751.73852539, 5433.16259766, 397.728393555, 411.164215088, 56.3294334412, 16.2537307739, 18.4108314514, 16.6126670837, 2.8638677597, 0.957009255886, 0.126005470753, 0.0149766616523, 0.00470728660002, 0.00221778056584, 0.000250798824709, 9.15313212317e-05, 3.3587384678e-05, 2.27487635129e-05, 1.68644339738e-06, 1.74385419882e-07, 2.81023311288e-08, 2.37572383988e-09, 2.11618556012e-10, 7.41584071928e-10], "dmean2": [0.0210081227124, 0.131293192506, 0.489175975323, 0.622360050678, 0.556732416153, 0.307860970497, 1.19097447395, 6.685110569, 24.5710048676, 42.1024436951, 54.630645752, 59.2382583618, 58.9520683289, 67.5965499878, 53.3378639221, 37.0745048523, 22.4311141968, 15.433839798, 6.44453477859, 6.42038345337, 3.83027982712, 2.08949971199, 1.71551954746, 1.05233085155, 0.437132298946, 0.313720494509, 0.119343616068, 0.0352070853114, 0.0195580478758, 0.0106932995841, 0.00371411442757, 0.00241405982524, 0.00138726644218, 0.000961229088716, 0.000361262704246, 0.000101834855741, 4.13728812418e-05, 1.09794082164e-05, 5.60916987524e-06, 1.08001286208e-05], "dvar": [0.0122141800821, 0.624517083168, 4.62122440338, 4.79032373428, 3.95969128609, 0.815020263195, 5.61747217178, 158.186645508, 2137.1652832, 6085.67431641, 12474.4316406, 22671.8164062, 12605.6386719, 12334.3017578, 7610.19335938, 4733.22851562, 2168.69091797, 2678.95922852, 197.051223755, 264.505554199, 32.0117111206, 9.16870307922, 8.52718257904, 7.67401027679, 1.11741101742, 0.37444871664, 0.0315698608756, 0.00274478807114, 0.000934177194722, 0.000727527425624, 6.05684836046e-05, 2.28451081057e-05, 6.89534635967e-06, 5.58513283977e-06, 5.65512607409e-07, 1.7024589738e-07, 1.29479147404e-08, 1.48016932044e-09, 9.32523086528e-11, 1.35550695668e-10], "min": [3.12452374439e-23, 3.43703212795e-22, 8.98824227902e-22, 4.13993031759e-21, 6.22953596723e-21, 1.02424379191e-20, 2.52169644808e-20, 6.92009348445e-20, 7.47166850289e-20, 1.91220634674e-19, 2.13816779165e-19, 2.74178991897e-19, 4.78874398749e-19, 6.17173413699e-19, 8.04016970462e-19, 1.0137218348e-18, 1.39603788968e-18, 1.14880942442e-18, 2.12213785856e-18, 2.65918011498e-18, 2.60401854185e-18, 3.62140664792e-18, 4.4159769056e-18, 4.94108770206e-18, 5.93434343415e-18, 6.77609359242e-18, 8.39965185228e-18, 8.98723960041e-18, 9.91614771188e-18, 9.07735100198e-18, 9.90429173216e-18, 1.04075872943e-17, 9.16377235084e-18, 8.23058440688e-18, 5.6514625539e-18, 3.6778716509e-18, 2.199165124e-18, 8.7411308275e-19, 2.19254793759e-19, 2.38547514927e-20], "median": [5.37703890586e-05, 0.000772982428316, 0.0101102720946, 0.0862763300538, 0.181277170777, 0.417710155249, 1.6095020771, 5.10915136337, 12.9144802094, 19.4632854462, 19.4958305359, 13.7633142471, 13.8226194382, 14.6057281494, 12.3335952759, 8.98569107056, 5.65637350082, 2.90292143822, 1.65953075886, 1.5226713419, 1.28108716011, 1.00351631641, 0.580279588699, 0.287418991327, 0.14821626246, 0.115366242826, 0.070136770606, 0.0221316982061, 0.0148470299318, 0.00733405770734, 0.00317267025821, 0.0019176522037, 0.00108868861571, 0.000623553642072, 0.000314782810165, 0.000137375493068, 0.000154739100253, 3.79401535611e-05, 1.0784891856e-05, 1.49481129483e-05], "max": [8.1992483139, 62.7440223694, 138.544326782, 164.459350586, 130.749053955, 60.0408782959, 112.674690247, 892.63848877, 1517.33312988, 3437.09106445, 5588.90234375, 11371.0927734, 4914.69287109, 2997.52148438, 2592.06518555, 1806.76696777, 2797.89208984, 2993.19555664, 585.078735352, 855.82019043, 145.836425781, 87.4320907593, 118.50125885, 240.074020386, 43.6047744751, 34.4645690918, 6.03739356995, 2.67186570168, 2.33632469177, 1.91081345081, 0.349393844604, 0.188525304198, 0.090719461441, 0.116158612072, 0.0276722162962, 0.0265699103475, 0.00414358498529, 0.00149545923341, 0.000313546624966, 0.000498020439409]}, "silence_rate_30dB": {"dmean": 0.00725405476987, "dvar2": 0.0173163563013, "mean": 0.987489283085, "var": 0.0123565560207, "dmean2": 0.0145087009296, "dvar": 0.00720141083002, "min": 0, "median": 1, "max": 1}, "silence_rate_60dB": {"dmean": 0.0229847580194, "dvar2": 0.0526583567262, "mean": 0.12637026608, "var": 0.110382482409, "dmean2": 0.0459713898599, "dvar": 0.0224558748305, "min": 0, "median": 0, "max": 1}, "spectral_energyband_middle_low": {"dmean": 0.00502587249503, "dvar2": 0.000152644715854, "mean": 0.0134589336812, "var": 0.000370010529878, "dmean2": 0.0070251757279, "dvar": 7.84592339187e-05, "min": 1.56115320708e-22, "median": 0.00786185823381, "max": 0.41708818078}, "spectral_spread": {"dmean": 247339.296