{"tonal": {"chords_key": "D", "hpcp_entropy": {"dmean": 0.453281164169, "dmean2": 0.762117147446, "max": 3.97596240044, "dvar": 0.175070658326, "mean": 1.53329050541, "dvar2": 0.443531394005, "min": 0, "var": 0.364216297865, "median": 1.56076800823}, "key_key": "F", "chords_strength": {"dmean": 0.00714110163972, "dmean2": 0.00532504823059, "max": 0.717842638493, "dvar": 3.54671610694e-05, "mean": 0.508012890816, "dvar2": 2.57866995526e-05, "min": 0.242303431034, "var": 0.00868840422481, "median": 0.515851438046}, "key_scale": "major", "chords_number_rate": 0.00145830574911, "thpcp": [1, 0.486323595047, 0.0973563343287, 0.0935162603855, 0.0900488197803, 0.345676392317, 0.587434470654, 0.345255970955, 0.229136779904, 0.317500144243, 0.222060456872, 0.466403126717, 0.695024371147, 0.328437179327, 0.0493520647287, 0.045561928302, 0.0421230942011, 0.119303256273, 0.217717245221, 0.185631066561, 0.519301652908, 0.809072494507, 0.395935595036, 0.0734225809574, 0.0731688737869, 0.0791683867574, 0.409823328257, 0.774146795273, 0.468375355005, 0.11118825525, 0.0882813408971, 0.078682154417, 0.357161641121, 0.639172554016, 0.433644831181, 0.677486717701], "key_strength": 0.768785595894, "tuning_nontempered_energy_ratio": 0.606404185295, "tuning_frequency": 440.254241943, "chords_changes_rate": 0.0367227904499, "tuning_diatonic_strength": 0.555731415749, "chords_scale": "minor", "chords_histogram": [22.1927623749, 11.8918199539, 16.7572574615, 3.80485224724, 2.83706736565, 0, 0.490521013737, 0, 0.159087896347, 0.914755403996, 6.04534006119, 2.04162788391, 0, 0, 0, 0, 0, 5.64762020111, 1.1799018383, 1.88254010677, 0, 0.145830571651, 0, 24.0090141296], "tuning_equal_tempered_deviation": 0, "hpcp": {"dmean": [0.0826424732804, 0.059379208833, 0.0174287613481, 0.0150252962485, 0.0159207005054, 0.0293650887907, 0.0444879047573, 0.0444448255002, 0.0786308571696, 0.0990963578224, 0.0715515837073, 0.0268463864923, 0.0253077037632, 0.0314050093293, 0.0627841204405, 0.0619313493371, 0.072136849165, 0.0409770645201, 0.0281513724476, 0.027086801827, 0.0664381012321, 0.0911773890257, 0.0833998322487, 0.0978612303734, 0.0884420797229, 0.0832322686911, 0.0341706424952, 0.0259642824531, 0.0289285965264, 0.0590366013348, 0.0717264711857, 0.0644873678684, 0.046117760241, 0.0353404022753, 0.046120736748, 0.0696864053607], "dmean2": [0.130796998739, 0.0958798825741, 0.0314215607941, 0.0266718901694, 0.0283062998205, 0.0497779250145, 0.0738251581788, 0.0750350430608, 0.127644583583, 0.156068786979, 0.115801729262, 0.048471942544, 0.0460520125926, 0.0569417402148, 0.106021143496, 0.104605093598, 0.121654875576, 0.0732275918126, 0.0499424599111, 0.0483094193041, 0.109070263803, 0.144484803081, 0.13704881072, 0.161603495479, 0.145069792867, 0.139061912894, 0.0609202794731, 0.0453389436007, 0.0518454350531, 0.0979533940554, 0.117476627231, 0.106607854366, 0.0785597488284, 0.0612445995212, 0.0789155364037, 0.113200061023], "max": [1, 1, 1, 1, 1, 1, 1, 1, 1, 1, 1, 1, 1, 1, 1, 1, 1, 1, 1, 1, 1, 1, 1, 1, 1, 1, 1, 1, 1, 1, 1, 1, 1, 1, 1, 1], "dvar": [0.0248046983033, 0.0114806499332, 0.00371228833683, 0.00451286835596, 0.00512089440599, 0.00753000518307, 0.0142915677279, 0.0109150027856, 0.0172768682241, 0.0301795694977, 0.0134318685159, 0.00702571403235, 0.00926492363214, 0.0106021938846, 0.0160773154348, 0.0247545838356, 0.0212606210262, 0.0142565714195, 0.0110756391659, 0.00769879110157, 0.0156263466924, 0.0274842232466, 0.018774908036, 0.0234486311674, 0.030408795923, 0.0194608904421, 0.00887266453356, 0.00802335515618, 0.00883327797055, 0.0159044545144, 0.02570993267, 0.015833966434, 0.0140471626073, 0.013814101927, 0.0121924458072, 0.0156598035246], "mean": [0.21840518713, 0.103208445013, 0.0155084449798, 0.0143174277619, 0.0132368048653, 0.0374899804592, 0.0684156939387, 0.058332901448, 0.163185894489, 0.254243791103, 0.124419219792, 0.0230723898858, 0.0229926649481, 0.0248779561371, 0.12878331542, 0.243268698454, 0.147182762623, 0.0349399149418, 0.0277416221797, 0.0247251633555, 0.112234845757, 0.200854256749, 0.136269003153, 0.212894141674, 0.314241051674, 0.152822837234, 0.0305933561176, 0.0293866470456, 0.0282970350236, 0.108625717461, 0.184596017003, 0.108493603766, 0.0720041841269, 0.0997715815902, 0.0697805136442, 0.146563008428], "dvar2": [0.0515059009194, 0.029068319127, 0.0106398528442, 0.0125015061349, 0.0141893131658, 0.0199567694217, 0.0341762565076, 0.0286664348096, 0.0420592278242, 0.0614665858448, 0.0323680713773, 0.0194801837206, 0.0247390158474, 0.0298888608813, 0.043520975858, 0.0566226243973, 0.0563080646098, 0.0397328995168, 0.0301130749285, 0.021997012198, 0.0400376692414, 0.060893189162, 0.0485840030015, 0.0585458539426, 0.0683478787541, 0.0513878688216, 0.0252373088151, 0.0210709758103, 0.0249458421022, 0.0407841093838, 0.0574882254004, 0.0416730493307, 0.0377042144537, 0.0347050093114, 0.0336100012064, 0.0369442179799], "min": [0, 0, 0, 0, 0, 0, 0, 0, 0, 0, 0, 0, 0, 0, 0, 0, 0, 0, 0, 0, 0, 0, 0, 0, 0, 0, 0, 0, 0, 0, 0, 0, 0, 0, 0, 0], "var": [0.107902109623, 0.0254865083843, 0.00334370881319, 0.00525792967528, 0.00464138295501, 0.00997117720544, 0.0318915173411, 0.017122361809, 0.0606916211545, 0.123194746673, 0.0317144803703, 0.00589947681874, 0.00944361835718, 0.00828118529171, 0.0468367300928, 0.149967685342, 0.0601274557412, 0.0116550121456, 0.0115903504193, 0.00666849128902, 0.0355049520731, 0.0958481431007, 0.0386132486165, 0.0798114016652, 0.163828536868, 0.0457195751369, 0.00757117616013, 0.0112297115847, 0.00901571009308, 0.0420537702739, 0.104941248894, 0.0365546904504, 0.0319776050746, 0.0707120150328, 0.0262691732496, 0.0572174601257], "median": [0.0529731921852, 0.0281207468361, 0.00207715923898, 0.00065646506846, 0.000826040224638, 0.00314697762951, 0.0048325592652, 0.0101158125326, 0.0400632582605, 0.0652967989445, 0.0349678806961, 0.00309477443807, 0.00160024769139, 0.00253149890341, 0.00993283744901, 0.0140695106238, 0.0100993746892, 0.00359517219476, 0.00122977572028, 0.00210288027301, 0.0219769664109, 0.0416155233979, 0.0458880960941, 0.0501104258001, 0.066059961915, 0.0327178202569, 0.00413294229656, 0.00216568936594, 0.00266111455858, 0.0104386582971, 0.0173065848649, 0.0163929611444, 0.00292574404739, 0.00126706494484, 0.00438340101391, 0.0362676531076]}}, "lowlevel": {"melbands_flatness_db": {"dmean": 0.0204098951072, "dmean2": 0.0293900892138, "max": 0.788606643677, "dvar": 0.00056028488325, "mean": 0.403938144445, "dvar2": 0.00111653807107, "min": 0.00621033040807, "var": 0.0115013988689, "median": 0.376864135265}, "melbands_crest": {"dmean": 2.42399477959, "dmean2": 3.76886558533, "max": 34.8198204041, "dvar": 5.84353494644, "mean": 15.7252750397, "dvar2": 14.5834207535, "min": 2.05161547661, "var": 31.2032852173, "median": 14.7309370041}, "spectral_entropy": {"dmean": 0.162739261985, "dmean2": 0.240661680698, "max": 9.79277515411, "dvar": 0.0394723713398, "mean": 5.95003223419, "dvar2": 0.085183031857, "min": 2.78764128685, "var": 0.681002557278, "median": 6.20958900452}, "melbands": {"dmean": [0.000181674593478, 0.00057409144938, 0.000967190775555, 0.00044693457312, 0.000331866176566, 0.000408886699006, 0.000229850149481, 0.000224833871471, 0.000117660187243, 0.000161631120136, 0.000125062579173, 9.07200519578e-05, 5.37828345841e-05, 2.75599122688e-05, 2.60212564172e-05, 2.07742032217e-05, 1.70728235389e-05, 5.66546714253e-06, 2.61922878053e-06, 2.98210466099e-06, 2.03497097573e-06, 1.74224726379e-06, 1.12599661861e-06, 6.3909783421e-07, 5.81737594985e-07, 3.35603317581e-07, 2.12000685451e-07, 1.67844916632e-07, 8.97822758361e-08, 6.8098778172e-08, 4.56298359097e-08, 4.38817053805e-08, 4.05158040451e-08, 3.02915559303e-08, 2.29477983282e-08, 1.99939798051e-08, 1.31238326873e-08, 1.03329211854e-08, 1.04631370235e-08, 8.08060018898e-09], "dmean2": [0.00028882623883, 0.000932662456762, 0.0015750300372, 0.000694682297762, 0.000504218100104, 0.000617894518655, 0.000320435647154, 0.000295337114949, 0.000146599821164, 0.000193938918528, 0.000159146235092, 0.000122732686577, 7.90925114416e-05, 4.12400804635e-05, 3.98292067985e-05, 3.12021329592e-05, 2.62702287728e-05, 9.12068753678e-06, 4.27546137871e-06, 4.94270307172e-06, 3.35099343829e-06, 2.94589585792e-06, 1.92551851796e-06, 1.0731276916e-06, 9.78587991085e-07, 5.52482617877e-07, 3.47993221794e-07, 2.78046201174e-07, 1.36846239229e-07, 1.07254294335e-07, 6.90066173092e-08, 6.65139978651e-08, 6.16130790831e-08, 4.65522234094e-08, 3.42160895173e-08, 2.83669123746e-08, 1.93324396491e-08, 1.57141446522e-08, 1.71683520733e-08, 1.34405473418e-08], "max": [0.00622963439673, 0.0339505150914, 0.035981439054, 0.0154530741274, 0.0130100520328, 0.026738256216, 0.0125067085028, 0.0176184121519, 0.00845707394183, 0.0136584518477, 0.0165708586574, 0.0338548645377, 0.0103345634416, 0.00341884954832, 0.00281915254891, 0.00481822993606, 0.00392396794632, 0.000532392237801, 0.000227131662541, 0.000198545894818, 0.000198944733711, 0.000414107460529, 5.30779470864e-05, 4.4604865252e-05, 6.84364276822e-05, 3.01816799038e-05, 1.94520634977e-05, 1.2811769011e-05, 1.28034653244e-05, 7.30339661459e-06, 4.96912798553e-06, 9.06559216673e-06, 7.10440826879e-06, 7.03186788087e-06, 8.56685892359e-06, 1.57445756486e-05, 2.24060636356e-06, 1.91345998246e-06, 2.33570176533e-06, 1.53875737396e-06], "dvar": [1.27175297848e-07, 1.98310362975e-06, 6.52294602332e-06, 8.5609673306e-07, 3.79010288043e-07, 5.43468445358e-07, 1.79095039243e-07, 1.68426595337e-07, 5.22351832899e-08, 1.61541265697e-07, 1.90634409591e-07, 2.27036679235e-07, 3.28377360859e-08, 8.43520098215e-09, 5.2740518619e-09, 6.1261027362e-09, 4.12796818949e-09, 1.8924307954e-10, 3.20988652325e-11, 4.06416914012e-11, 2.33912351294e-11, 4.08663554385e-11, 8.49151565036e-12, 3.38248764935e-12, 2.66166624331e-12, 9.02826262101e-13, 3.9390612625e-13, 2.18793055505e-13, 8.88759348777e-14, 4.9692661688e-14, 2.83458373012e-14, 4.85994674137e-14, 3.91897275807e-14, 2.45752887712e-14, 1.59132045919e-14, 2.20180776687e-14, 4.12917465655e-15, 3.17991372641e-15, 3.96617036563e-15, 2.1214107453e-15], "mean": [0.000636998913251, 0.00182441330981, 0.00233435886912, 0.00122962635942, 0.000921575701796, 0.00107423390727, 0.000570256903302, 0.000458890135633, 0.00025570881553, 0.00034637277713, 0.000252727651969, 0.000171344130649, 9.78468815447e-05, 5.52321944269e-05, 5.20983448951e-05, 4.21318582084e-05, 3.20733815897e-05, 1.04482214738e-05, 5.03100636706e-06, 5.17604985362e-06, 3.60658077625e-06, 2.96313896797e-06, 1.73487342181e-06, 1.05767344394e-06, 1.01012972209e-06, 6.05798675224e-07, 3.61390533499e-07, 2.85404468059e-07, 1.56717717914e-07, 1.12641025396e-07, 6.91718682333e-08, 6.11230177583e-08, 5.00833863271e-08, 3.59065026601e-08, 2.63019312996e-08, 2.42962450159e-08, 1.62454902863e-08, 1.22407701753e-08, 9.85422943245e-09, 7.43409245274e-09], "dvar2": [3.02515587691e-07, 5.27461770616e-06, 1.8112548787e-05, 2.27049167734e-06, 9.01186069768e-07, 1.35774678256e-06, 3.96928925284e-07, 3.11604367198e-07, 7.77149153919e-08, 2.16565737787e-07, 2.91254423246e-07, 3.85528664992e-07, 6.01278316026e-08, 1.6338413289e-08, 1.1543575873e-08, 1.35752307173e-08, 8.8738287829e-09, 4.39326408586e-10, 7.79398906525e-11, 1.06507802577e-10, 5.80948587847e-11, 1.25826987718e-10, 2.34592050646e-11, 9.13487081117e-12, 7.50312052072e-12, 2.32245429485e-12, 1.02493729649e-12, 6.04421731849e-13, 1.87814905772e-13, 1.13425666971e-13, 5.73717844608e-14, 1.1757477316e-13, 8.84726591033e-14, 5.5797719418e-14, 3.3422076955e-14, 3.632847739e-14, 8.38133426187e-15, 7.5006376842e-15, 1.05902725215e-14, 5.59784338973e-15], "min": [1.76323822952e-23, 1.36240964165e-23, 7.56707329155e-24, 6.66693408931e-24, 1.18257057562e-23, 5.47200190553e-24, 1.06720747796e-23, 6.51374361241e-24, 9.75049039363e-24, 7.17122525589e-24, 1.42067569697e-23, 9.6036967898e-24, 5.23019473884e-24, 8.78927442467e-24, 6.48632438506e-24, 4.76784888432e-24, 3.13178883778e-24, 8.37072060558e-24, 8.93527758987e-24, 8.96965220381e-24, 5.93265525899e-24, 7.74170106355e-24, 1.13136892748e-23, 1.85187700742e-23, 1.48665176324e-23, 9.57052282215e-24, 1.93451933802e-23, 1.34488052125e-23, 1.59740783433e-23, 2.12972091798e-23, 6.77181078008e-24, 9.28933256363e-24, 1.59317606889e-23, 1.43188036173e-23, 9.1312109172e-24, 1.22455564626e-23, 5.85688832448e-24, 9.52986098679e-24, 7.79688425046e-24, 1.09596240459e-23], "var": [7.65705635786e-07, 6.40963708065e-06, 1.06531924757e-05, 3.36912216881e-06, 1.69149109297e-06, 2.88921887659e-06, 7.84733742876e-07, 7.2913672966e-07, 2.03904448881e-07, 6.61948547531e-07, 7.12269127234e-07, 7.13911731509e-07, 1.09944963356e-07, 3.02025071619e-08, 2.31932268946e-08, 2.42247395477e-08, 1.67055667077e-08, 6.30297924964e-10, 8.9812150772e-11, 8.3404914919e-11, 4.4248361919e-11, 7.57256340966e-11, 1.15332448453e-11, 4.8302594563e-12, 5.48222751917e-12, 1.86213501216e-12, 6.32953975691e-13, 3.65368569817e-13, 1.82202492568e-13, 9.96195178215e-14, 5.38897980331e-14, 7.04010078858e-14, 5.11753589809e-14, 3.13383047539e-14, 2.10653045165e-14, 4.5928823353e-14, 6.83231259519e-15, 4.2100222573e-15, 3.32823491294e-15, 1.7224918967e-15], "median": [0.000140412739711, 0.000772406579927, 0.00124467047863, 0.000567260663956, 0.000456016103271, 0.000494217325468, 0.000275116355624, 0.000183539406862, 0.000113623857033, 9.01673338376e-05, 5.11570033268e-05, 4.10783977713e-05, 3.12819320243e-05, 1.5915480617e-05, 1.23810932564e-05, 1.04483060568e-05, 6.72431178828e-06, 3.9593596739e-06, 2.36678988585e-06, 2.0552361093e-06, 1.42946134929e-06, 8.93719743544e-07, 6.02108400471e-07, 3.63455910701e-07, 3.02152528775e-07, 1.8168687177e-07, 1.35296204462e-07, 9.84084067568e-08, 4.64756411134e-08, 2.80165810551e-08, 1.5277739962e-08, 9.93098403512e-09, 6.55350973489e-09, 3.66762975545e-09, 2.52173615323e-09, 1.6902463873e-09, 1.19345822114e-09, 8.22696022418e-10, 5.94307048019e-10, 4.60376542444e-10]}, "silence_rate_60dB": {"dmean": 0.00822117645293, "dmean2": 0.0164434425533, "max": 1, "dvar": 0.0081546138972, "mean": 0.024197826162, "dvar2": 0.0182984210551, "min": 0, "var": 0.0236076842993, "median": 0}, "spectral_energyband_middle_high": {"dmean": 0.00133436219767, "dmean2": 0.00185756303836, "max": 0.211172699928, "dvar": 1.22312367239e-05, "mean": 0.00350592890754, "dvar2": 2.21284899453e-05, "min": 1.6223610888e-21, "var": 4.50714760518e-05, "median": 0.00179608911276}, "erbbands_skewness": {"dmean": 0.382176756859, "dmean2": 0.543279528618, "max": 6.19604301453, "dvar": 0.145735561848, "mean": 0.529441952705, "dvar2": 0.299299389124, "min": -5.76870155334, "var": 1.01206207275, "median": 0.547648370266}, "dynamic_complexity": 2.53984022141, "dissonance": {"dmean": 0.0378568284214, "dmean2": 0.0625598579645, "max": 0.499999076128, "dvar": 0.00132470286917, "mean": 0.372960925102, "dvar2": 0.00356380781159, "min": 0.0551825128496, "var": 0.00781535822898, "median": 0.397853732109}, "spectral_skewness": {"dmean": 0.943999111652, "dmean2": 1.57518970966, "max": 18.0806655884, "dvar": 0.891447246075, "mean": 5.2028222084, "dvar2": 2.25348138809, "min": 0.0175974387676, "var": 10.0527210236, "median": 3.85322952271}, "spectral_kurtosis": {"dmean": 18.5109043121, "dmean2": 30.7564258575, "max": 449.345123291, "dvar": 517.051391602, "mean": 60.4284477234, "dvar2": 1318.19445801, "min": -1.22408950329, "var": 4178.02050781, "median": 30.4317836761}, "gfcc": {"cov": [[8908.96777344, -938.064453125, -2259.26953125, 1971.55212402, 518.432312012, 486.296936035, -83.2723693848, 504.239593506, 329.460144043, 183.985626221, 26.1685714722, 223.554321289, 34.0132255554], [-938.064453125, 880.375671387, 339.699462891, -320.862762451, 176.809844971, -154.914016724, 98.7107925415, -152.205337524, 11.341091156, -48.1784820557, 66.0337142944, -97.5131530762, 0.756879448891], [-2259.26953125, 339.699462891, 1294.69946289, -377.468780518, -146.614852905, -40.815990448, -34.5230331421, -181.835449219, -144.135650635, -86.887260437, -22.325712204, -54.0908622742, -38.7024421692], [1971.55212402, -320.862762451, -377.468780518, 947.381774902, 271.280609131, 145.283782959, -16.5415802002, 138.664031982, 80.7719268799, 43.3208427429, 14.3463850021, 87.9375076294, -8.48346042633], [518.432312012, 176.809844971, -146.614852905, 271.280609131, 356.880065918, 63.6859970093, 35.1386756897, 17.5553035736, 47.1960525513, 18.1094264984, 40.6492919922, 13.324385643, -12.4513082504], [486.296936035, -154.914016724, -40.815990448, 145.283782959, 63.6859970093, 208.512359619, 25.2836360931, 53.4300041199, 3.87415575981, 8.66815471649, -15.1019773483, 29.0826568604, -7.3247756958], [-83.2723693848, 98.7107925415, -34.5230331421, -16.5415802002, 35.1386756897, 25.2836360931, 204.442276001, 100.608589172, 23.9640960693, -38.4085464478, -29.8152122498, -30.7609424591, 27.9373531342], [504.239593506, -152.205337524, -181.835449219, 138.664031982, 17.5553035736, 53.4300041199, 100.608589172, 240.834197998, 97.3260650635, -17.3288612366, -67.3621749878, 2.5195286274, 15.4174823761], [329.460144043, 11.341091156, -144.135650635, 80.7719268799, 47.1960525513, 3.87415575981, 23.9640960693, 97.3260650635, 160.208511353, 49.839263916, -20.8603744507, -15.2070531845, 4.07618570328], [183.985626221, -48.1784820557, -86.887260437, 43.3208427429, 18.1094264984, 8.66815471649, -38.4085464478, -17.3288612366, 49.839263916, 151.683563232, 72.8000335693, -1.76619946957, -31.1172809601], [26.1685714722, 66.0337142944, -22.325712204, 14.3463850021, 40.6492919922, -15.1019773483, -29.8152122498, -67.3621749878, -20.8603744507, 72.8000335693, 148.918945312, 57.2615203857, -12.4916038513], [223.554321289, -97.5131530762, -54.0908622742, 87.9375076294, 13.324385643, 29.0826568604, -30.7609424591, 2.5195286274, -15.2070531845, -1.76619946957, 57.2615203857, 139.301223755, 52.9447669983], [34.0132255554, 0.756879448891, -38.7024421692, -8.48346042633, -12.4513082504, -7.3247756958, 27.9373531342, 15.4174823761, 4.07618570328, -31.1172809601, -12.4916038513, 52.9447669983, 108.341690063]], "mean": [-117.97845459, 201.372070312, -102.826622009, -19.1310710907, -43.7339515686, -13.7874002457, -23.6159439087, -11.8548316956, -20.9865322113, -8.62177753448, -9.00008296967, -10.7210092545, -8.45755386353], "icov": [[0.000467149540782, -0.0005799017963, 0.000724872807041, -0.000834782375023, 0.000610352435615, -0.000924355583265, 0.000783053168561, -0.000574960082304, 0.000292811717372, -0.000155134650413, 0.000111485205707, -6.74998955219e-06, -0.000100900855614], [-0.0005799017963, 0.00529212132096, -0.00184505165089, 0.00231284787878, -0.00412540370598, 0.00326644605957, -0.0032085517887, 0.00349717517383, -0.00377280660905, 0.00344394380227, -0.00378846284002, 0.00297483569011, -0.0010159452213], [0.000724872807041, -0.00184505165089, 0.00234558805823, -0.00132032914553, 0.00183991366066, -0.00205474044196, 0.00155135290697, -0.000783390656579, 0.00136236252729, -0.000405761151342, 0.0010902256472, -0.000620053673629, 0.000564732879866], [-0.000834782375023, 0.00231284787878, -0.00132032914553, 0.00366680673324, -0.00326478062198, 0.00176933431067, -0.0013387708459, 0.000853295670822, -0.00125270953868, 0.000806788157206, -0.000709990679752, -0.000193681378732, 0.000321228115354], [0.000610352435615, -0.00412540370598, 0.00183991366066, -0.00326478062198, 0.00769854011014, -0.0037569750566, 0.00152379344217, -0.00128583691549, 0.000986083527096, -0.00103133963421, 0.000791952363215, -0.00131887535099, 0.00106214662082], [-0.000924355583265, 0.00326644605957, -0.00205474044196, 0.00176933431067, -0.0037569750566, 0.0093203810975, -0.00376831949688, 0.00161510100588, -0.000517466047313, -0.000453106855275, 0.00108321011066, -0.00164346967358, 0.00142950622831], [0.000783053168561, -0.0032085517887, 0.00155135290697, -0.0013387708459, 0.00152379344217, -0.00376831949688, 0.0111190751195, -0.00710724014789, 0.00309914234094, 0.000357149838237, -0.00153849902563, 0.0035215402022, -0.00362184853293], [-0.000574960082304, 0.00349717517383, -0.000783390656579, 0.000853295670822, -0.00128583691549, 0.00161510100588, -0.00710724014789, 0.0127274766564, -0.0074586160481, 0.00295009091496, 0.00152495189104, -0.00166650919709, 0.00204412871972], [0.000292811717372, -0.00377280660905, 0.00136236252729, -0.00125270953868, 0.000986083527096, -0.000517466047313, 0.00309914234094, -0.0074586160481, 0.0146979801357, -0.00818034727126, 0.00533235585317, -0.00126738881227, -0.0010047480464], [-0.000155134650413, 0.00344394380227, -0.000405761151342, 0.000806788157206, -0.00103133963421, -0.000453106855275, 0.000357149838237, 0.00295009091496, -0.00818034727126, 0.016252387315, -0.0115355607122, 0.00632951967418, -0.00016566782142], [0.000111485205707, -0.00378846284002, 0.0010902256472, -0.000709990679752, 0.000791952363215, 0.00108321011066, -0.00153849902563, 0.00152495189104, 0.00533235585317, -0.0115355607122, 0.020742315799, -0.0129527477548, 0.00587683729827], [-6.74998955219e-06, 0.00297483569011, -0.000620053673629, -0.000193681378732, -0.00131887535099, -0.00164346967358, 0.0035215402022, -0.00166650919709, -0.00126738881227, 0.00632951967418, -0.0129527477548, 0.0196585003287, -0.0104235345498], [-0.000100900855614, -0.0010159452213, 0.000564732879866, 0.000321228115354, 0.00106214662082, 0.00142950622831, -0.00362184853293, 0.00204412871972, -0.0010047480464, -0.00016566782142, 0.00587683729827, -0.0104235345498, 0.0161191057414]]}, "spectral_complexity": {"dmean": 1.57501828671, "dmean2": 2.56849217415, "max": 33, "dvar": 2.79396605492, "mean": 11.4156723022, "dvar2": 6.51017332077, "min": 0, "var": 23.258146286, "median": 12}, "spectral_flux": {"dmean": 0.0202914439142, "dmean2": 0.0321567058563, "max": 0.381692349911, "dvar": 0.000803396629635, "mean": 0.0588080734015, "dvar2": 0.00171905150637, "min": 1.05464123545e-10, "var": 0.00164483301342, "median": 0.0504501722753}, "spectral_energyband_low": {"dmean": 0.00306572252885, "dmean2": 0.00490226782858, "max": 0.125255346298, "dvar": 5.38633285032e-05, "mean": 0.010007253848, "dvar2": 0.000142798977322, "min": 9.80551770161e-23, "var": 0.000155621237354, "median": 0.00477887969464}, "spectral_decrease": {"dmean": 2.12496953367e-09, "dmean2": 3.10659742375e-09, "max": 2.88955946124e-16, "dvar": 1.33498852768e-17, "mean": -8.52279846697e-09, "dvar2": 3.38649562577e-17, "min": -5.23982421896e-08, "var": 3.51164474372e-17, "median": -7.47226902575e-09}, "barkbands_spread": {"dmean": 1.1994433403, "dmean2": 1.80199348927, "max": 49.6754722595, "dvar": 1.88262450695, "mean": 6.07931566238, "dvar2": 4.40203809738, "min": 0.0677113458514, "var": 14.5534057617, "median": 5.51127624512}, "spectral_rms": {"dmean": 0.000668041582685, "dmean2": 0.00093613617355, "max": 0.0144781107083, "dvar": 7.81585129062e-07, "mean": 0.00535517092794, "dvar2": 1.8148352865e-06, "min": 3.29414577213e-12, "var": 3.81239487979e-06, "median": 0.00534026091918}, "spectral_centroid": {"dmean": 51.404499054, "dmean2": 76.447265625, "max": 10900.0527344, "dvar": 8966.8984375, "mean": 476.510437012, "dvar2": 17416.7167969, "min": 150.291503906, "var": 48926.4765625, "median": 446.717468262}, "barkbands_skewness": {"dmean": 0.441176623106, "dmean2": 0.625053882599, "max": 16.6959972382, "dvar": 0.222123488784, "mean": 1.27637553215, "dvar2": 0.459629863501, "min": -9.1095790863, "var": 1.51091921329, "median": 1.29375529289}, "spectral_rolloff": {"dmean": 92.564239502, "dmean2": 157.670349121, "max": 18927.6855469, "dvar": 63663.8867188, "mean": 600.787353516, "dvar2": 111122.84375, "min": 129.19921875, "var": 311648.46875, "median": 538.330078125}, "erbbands_spread": {"dmean": 2.74842333794, "dmean2": 4.04081678391, "max": 67.2537384033, "dvar": 8.00174427032, "mean": 14.4744110107, "dvar2": 18.087846756, "min": 0.333113789558, "var": 61.7001342773, "median": 14.1223173141}, "barkbands": {"dmean": [2.06798722502e-05, 0.000915948243346, 0.0014782048529, 0.00234612450004, 0.00197046226822, 0.00195221439935, 0.00101084273774, 0.000890432798769, 0.0010139986407, 0.000980798853561, 0.000387755571865, 0.000194640029804, 0.000236639942159, 0.000150611085701, 4.60316805402e-05, 3.39036378136e-05, 3.11732328555e-05, 1.33696030389e-05, 1.00955639937e-05, 5.20845469509e-06, 2.6183895443e-06, 2.1463615667e-06, 1.44833063587e-06, 9.639450127e-07, 8.72072519087e-07, 5.83810617627e-07, 3.96177824769e-07], "dmean2": [3.56682539859e-05, 0.00145559408702, 0.00243690377101, 0.0038397917524, 0.00305491662584, 0.00294981221668, 0.00140660803299, 0.00115321634803, 0.00121951918118, 0.0012660730863, 0.0005734275328, 0.000297948892694, 0.000360600155545, 0.00023288418015, 7.53320127842e-05, 5.57393650524e-05, 5.30395809619e-05, 2.23346578423e-05, 1.67173857335e-05, 8.6213931354e-06, 3.94841435991e-06, 3.23895301335e-06, 2.1111800379e-06, 1.44351884046e-06, 1.45331068779e-06, 1.00271324754e-06, 7.3791630939e-07], "max": [0.00119686813559, 0.0368459448218, 0.09136711061, 0.0988207533956, 0.0622580051422, 0.111572586, 0.0784067809582, 0.0444697663188, 0.0927856042981, 0.204417407513, 0.0748296529055, 0.0302342996001, 0.0358333773911, 0.0318441540003, 0.00558202713728, 0.0023216358386, 0.00445588165894, 0.000706528371666, 0.000937032804359, 0.000308790447889, 0.000234688981436, 0.000392998335883, 0.000494107080158, 0.000139698313433, 0.000106662220787, 0.000108507127152, 9.20134916669e-05], "dvar": [1.58077562151e-09, 3.25163341586e-06, 1.58624698088e-05, 4.07773150073e-05, 1.33319836095e-05, 1.15816874313e-05, 3.40624342243e-06, 2.50756352216e-06, 6.34129810351e-06, 1.29239388116e-05, 1.74928970864e-06, 4.55742764416e-07, 6.625612059e-07, 2.90118663315e-07, 9.33823418592e-09, 5.79886227925e-09, 7.42486339078e-09, 1.49816381523e-09, 6.65161925539e-10, 2.23012677769e-10, 7.1056042994e-11, 1.04830998049e-10, 6.15540812765e-11, 2.33827159024e-11, 2.08773207055e-11, 1.35370993928e-11, 9.59639919612e-12], "mean": [2.51812562055e-05, 0.0030438087415, 0.00408671004698, 0.00503869261593, 0.0054849521257, 0.00526611693203, 0.00243944558315, 0.00173538341187, 0.00215713866055, 0.00195104198065, 0.000682360841893, 0.000378094875487, 0.000471758597996, 0.000282792811049, 8.41947694425e-05, 6.05257991992e-05, 5.24704119016e-05, 2.2269301553e-05, 1.88117355719e-05, 8.96758137969e-06, 4.51205778518e-06, 2.95348422696e-06, 1.69151223872e-06, 1.16810826967e-06, 8.04551234523e-07, 4.8370930017e-07, 2.47504800654e-07], "dvar2": [4.56963178408e-09, 7.94863626652e-06, 4.35956353613e-05, 0.000112126850581, 3.57462304237e-05, 2.87046350422e-05, 7.30390001991e-06, 4.24329391535e-06, 8.51299682836e-06, 2.14990232053e-05, 3.23736026075e-06, 9.82397068583e-07, 1.4604105445e-06, 6.29112037132e-07, 2.17985576256e-08, 1.45414631447e-08, 2.21895568586e-08, 4.00543376244e-09, 1.76457060075e-09, 6.00452798594e-10, 1.40490327705e-10, 2.42548869878e-10, 1.19162429923e-10, 5.23859428059e-11, 5.46419923197e-11, 3.6967880146e-11, 2.76332793453e-11], "min": [1.22161761271e-23, 5.00752021011e-23, 3.69709318889e-23, 6.48525784512e-24, 5.18863415425e-23, 2.22907416246e-23, 6.09506815096e-23, 4.3143339332e-23, 4.88159813034e-23, 9.48210997402e-23, 3.41164607915e-23, 7.31595725063e-23, 5.4560365441e-23, 5.26034381935e-23, 1.26523355861e-22, 1.10855656894e-22, 1.13793614718e-22, 3.59091175374e-22, 2.96471371474e-22, 5.24892698256e-22, 6.64589942882e-22, 5.7576688077e-22, 8.04651552893e-22, 6.1529484533e-22, 1.2017847818e-21, 1.92320138653e-21, 2.30959853407e-21], "var": [2.03581329572e-09, 1.74887954927e-05, 4.01233592129e-05, 7.03306504874e-05, 5.21974980074e-05, 6.04085580562e-05, 1.62317101058e-05, 9.77622585197e-06, 2.56833754975e-05, 4.45395962743e-05, 5.75451349505e-06, 1.66097959209e-06, 3.02878447656e-06, 1.14170723009e-06, 3.10588745833e-08, 1.20772076784e-08, 1.34387079243e-08, 2.06751948895e-09, 1.36893230085e-09, 3.5551778188e-10, 1.55859936068e-10, 1.49568454844e-10, 1.00142338866e-10, 3.26544416507e-11, 1.77363315007e-11, 9.49679224149e-12, 5.39660070104e-12], "median": [7.73490319261e-06, 0.000763798423577, 0.00126413768157, 0.00213453453034, 0.00305771664716, 0.00251560262404, 0.00113943475299, 0.000632000388578, 0.000572524615563, 0.000433272274677, 0.000203843665076, 9.04606713448e-05, 0.000117004485219, 5.94871671638e-05, 3.91556604882e-05, 2.39540531766e-05, 1.77563324542e-05, 7.90474314272e-06, 6.39046720607e-06, 3.33733987645e-06, 1.21978951029e-06, 4.50792100537e-07, 1.58152133167e-07, 8.55435118297e-08, 5.43416511789e-08, 3.79562443698e-08, 1.5900685213e-08]}, "melbands_kurtosis": {"dmean": 3.08328843117, "dmean2": 4.57253217697, "max": 98.1734771729, "dvar": 19.7929725647, "mean": 7.01073169708, "dvar2": 43.0877113342, "min": -1.88525354862, "var": 76.728805542, "median": 4.62271881104}, "erbbands_crest": {"dmean": 2.59287500381, "dmean2": 3.92316937447, "max": 34.3725547791, "dvar": 6.03804254532, "mean": 13.3839225769, "dvar2": 13.7832489014, "min": 3.46800875664, "var": 33.0339279175, "median": 12.1554222107}, "melbands_skewness": {"dmean": 0.477147310972, "dmean2": 0.679543554783, "max": 7.52438592911, "dvar": 0.228933230042, "mean": 1.68103206158, "dvar2": 0.476359546185, "min": -5.78378820419, "var": 1.59544456005, "median": 1.65881454945}, "spectral_energyband_middle_low": {"dmean": 0.00665045436472, "dmean2": 0.00957799702883, "max": 0.148432672024, "dvar": 0.000112880137749, "mean": 0.0230702124536, "dvar2": 0.000281381187961, "min": 2.66349506669e-22, "var": 0.00030403805431, "median": 0.0187523774803}, "spectral_contrast_coeffs": {"dmean": [0.0447898060083, 0.0435936897993, 0.0395527109504, 0.0289834011346, 0.0192353203893, 0.0175791606307], "dmean2": [0.0737526863813, 0.0692278668284, 0.0605949610472, 0.0462762191892, 0.0309752319008, 0.028610881418], "max": [-0.225935310125, -0.305587589741, -0.258214503527, -0.484243154526, -0.624771952629, -0.625977098942], "dvar": [0.00149021449033, 0.0013709916966, 0.00117056141607, 0.000595627003349, 0.000293381366646, 0.000328130205162], "mean": [-0.554931879044, -0.641575574875, -0.695730030537, -0.747907161713, -0.796449184418, -0.796513020992], "dvar2": [0.00385590386577, 0.00346575397998, 0.00265657203272, 0.00143701478373, 0.000691268825904, 0.0008305455558], "min": [-0.965992629528, -0.965908944607, -0.970299065113, -0.954941034317, -0.960332512856, -0.957848846912], "var": [0.00946319662035, 0.00913613848388, 0.00806180667132, 0.003547902219, 0.00239688903093, 0.00265915086493], "median": [-0.565783500671, -0.65081179142, -0.707692146301, -0.75093126297, -0.793499112129, -0.784493029118]}, "spectral_contrast_valleys": {"dmean": [0.415864735842, 0.342174112797, 0.348068296909, 0.273174375296, 0.235064193606, 0.303557395935], "dmean2": [0.683505475521, 0.543209850788, 0.551462471485, 0.427619338036, 0.352120757103, 0.445977389812], "max": [-5.41211557388, -4.50508022308, -5.15850687027, -6.13489675522, -6.58298444748, -9.14976024628], "dvar": [0.148041963577, 0.106629133224, 0.148452371359, 0.0919121727347, 0.0968057513237, 0.152929618955], "mean": [-7.64595508575, -6.8416390419, -7.79253959656, -8.90311717987, -9.69852828979, -12.9137248993], "dvar2": [0.351452767849, 0.240844413638, 0.326941817999, 0.187600195408, 0.186031579971, 0.285616695881], "min": [-26.880865097, -27.143119812, -27.0991687775, -27.4609222412, -27.1422767639, -27.334356308], "var": [1.46395349503, 1.01424610615, 1.20939803123, 1.72109615803, 1.72824466228, 0.968341767788], "median": [-7.47802257538, -6.6197681427, -7.49544143677, -8.41997528076, -9.20104694366, -12.906411171]}, "silence_rate_20dB": {"dmean": 0, "dmean2": 0, "max": 1, "dvar": 0, "mean": 1, "dvar2": 0, "min": 1, "var": 0, "median": 1}, "silence_rate_30dB": {"dmean": 0.0108731687069, "dmean2": 0.0217477791011, "max": 1, "dvar": 0.0107552502304, "mean": 0.991249024868, "dvar2": 0.0284303203225, "min": 0, "var": 0.00867413729429, "median": 1}, "spectral_strongpeak": {"dmean": 0.428810477257, "dmean2": 0.673566639423, "max": 16.6902427673, "dvar": 0.471952021122, "mean": 1.2544760704, "dvar2": 0.980730354786, "min": 0, "var": 1.65344500542, "median": 0.87096375227}, "spectral_spread": {"dmean": 316999.75, "dmean2": 517264.09375, "max": 41099020, "dvar": 233185394688, "mean": 1576111.25, "dvar2": 491713232896, "min": 218966.4375, "var": 827862417408, "median": 1520534.75}, "barkbands_flatness_db": {"dmean": 0.0189274586737, "dmean2": 0.0274311453104, "max": 0.648390889168, "dvar": 0.000451494037407, "mean": 0.299892872572, "dvar2": 0.000918536330573, "min": 0.0498592332006, "var": 0.00893941055983, "median": 0.272362470627}, "pitch_salience": {"dmean": 0.0546368733048, "dmean2": 0.0852909609675, "max": 0.862398743629, "dvar": 0.00276035815477, "mean": 0.517092823982, "dvar2": 0.00684395572171, "min": 0.0202566981316, "var": 0.0153558664024, "median": 0.526934087276}, "erbbands_kurtosis": {"dmean": 1.48044526577, "dmean2": 2.16003370285, "max": 92.2181396484, "dvar": 8.03985118866, "mean": 2.09461355209, "dvar2": 17.5250110626, "min": -1.88478386402, "var": 21.5570354462, "median": 0.689723134041}, "average_loudness": 0.91603076458, "barkbands_crest": {"dmean": 1.88827395439, "dmean2": 2.90171575546, "max": 26.8522109985, "dvar": 3.42133760452, "mean": 11.5447311401, "dvar2": 8.33266544342, "min": 3.73809218407, "var": 19.0807552338, "median": 10.5502157211}, "hfc": {"dmean": 3.26506829262, "dmean2": 4.44237232208, "max": 188.455291748, "dvar": 29.7895698547, "mean": 12.5197134018, "dvar2": 58.9767036438, "min": 1.21630834262e-16, "var": 110.613395691, "median": 10.2199230194}, "barkbands_kurtosis": {"dmean": 2.55953097343, "dmean2": 3.79035592079, "max": 350.329650879, "dvar": 33.3763008118, "mean": 5.13111019135, "dvar2": 77.1223297119, "min": -1.84436869621, "var": 92.7109069824, "median": 2.96376466751}, "erbbands": {"dmean": [0.0125553524122, 0.260554552078, 1.36345756054, 5.18573713303, 7.81016731262, 5.20905208588, 10.3196744919, 19.4007720947, 16.0039978027, 19.9440898895, 12.6610441208, 27.85414505, 25.2836265564, 21.2908229828, 15.6766328812, 9.25671482086, 11.6784639359, 8.5107011795, 3.19450759888, 2.00235128403, 1.71025586128, 1.44308304787, 0.768108606339, 0.673421502113, 0.358657479286, 0.260845810175, 0.130726113915, 0.0805776640773, 0.0719775930047, 0.0572677999735, 0.0383713468909, 0.02356515266, 0.0152406431735, 0.0102091999725, 0.00623267609626, 0.00287909153849, 0.00101299607195, 0.000305365712848, 8.73299723025e-05, 1.15526418085e-05], "dmean2": [0.0201543308794, 0.414775043726, 2.24136805534, 8.40111160278, 12.5865488052, 7.90023040771, 15.6076421738, 29.3259372711, 22.3989543915, 26.4168663025, 16.2424716949, 33.2247390747, 31.8344287872, 28.7236423492, 22.8486614227, 13.8683156967, 17.6414337158, 13.0077552795, 5.12401151657, 3.29351401329, 2.80512428284, 2.43230438232, 1.28887379169, 1.12690412998, 0.585677325726, 0.430657297373, 0.197326481342, 0.119644731283, 0.107080981135, 0.0894167497754, 0.0555144920945, 0.0348400734365, 0.0233687330037, 0.0167503654957, 0.0104736005887, 0.00489857699722, 0.00176648446359, 0.000543308502529, 0.000162374519277, 1.76968496817e-05], "max": [0.479626119137, 12.0268335342, 83.8632507324, 225.193893433, 311.594573975, 317.600738525, 473.135101318, 1376.11584473, 962.075073242, 1938.84338379, 700.444091797, 2547.64208984, 3357.2878418, 7620.35595703, 3212.81494141, 1535.20129395, 1925.63305664, 1706.6418457, 340.108856201, 89.0043869019, 156.234481812, 294.241027832, 40.0916595459, 69.0426864624, 32.7481193542, 19.7993907928, 14.1031646729, 5.49758338928, 11.6374311447, 14.8356456757, 15.8149585724, 10.6829071045, 2.55407714844, 1.44953811169, 1.20789039135, 0.385612487793, 0.213565900922, 0.0777972862124, 0.0201981645077, 0.00101063330658], "dvar": [0.000708387000486, 0.272273302078, 12.9460105896, 198.755828857, 367.381317139, 87.2686767578, 402.34085083, 1303.5480957, 895.520446777, 1320.73571777, 460.857208252, 4960.734375, 7879.84716797, 11348.2412109, 3083.7890625, 1120.96911621, 1603.01550293, 831.979553223, 54.9152641296, 16.2128334045, 14.7584819794, 23.6880512238, 4.66088819504, 3.23271512985, 0.865151882172, 0.551916182041, 0.17210803926, 0.0767779126763, 0.116582222283, 0.0926439836621, 0.0463727936149, 0.0171199794859, 0.00701784156263, 0.00324682844803, 0.00107041175943, 0.000300946529023, 4.78751535411e-05, 4.41225301984e-06, 5.01407896536e-07, 9.77366965138e-10], "mean": [0.0444781668484, 0.864822566509, 4.02922916412, 12.6042823792, 18.1422309875, 15.3018188477, 28.3118247986, 50.6188316345, 40.1218223572, 42.2547912598, 27.8084640503, 60.0270347595, 52.5032577515, 41.6498985291, 30.3737487793, 19.6827373505, 24.3947200775, 16.97082901, 6.33956480026, 3.84692406654, 3.30517506599, 2.61319041252, 1.3918184042, 1.24990332127, 0.710312664509, 0.468069136143, 0.243734791875, 0.135380849242, 0.101275451481, 0.0743245705962, 0.0462119802833, 0.0306138768792, 0.0172458998859, 0.00961158145219, 0.00567638175562, 0.00246393866837, 0.000820802466478, 0.000228838936891, 6.63159662508e-05, 3.89767628803e-05], "dvar2": [0.00166146445554, 0.673715651035, 34.930103302, 540.108032227, 1046.23669434, 216.699859619, 910.822021484, 3226.43847656, 2005.08044434, 2552.69506836, 798.194641113, 6546.04248047, 11844.8935547, 19269.8046875, 5174.203125, 2397.33447266, 3466.5480957, 1796.73205566, 125.5284729, 41.873462677, 36.4221839905, 71.5409317017, 12.759888649, 9.06908035278, 2.15402197838, 1.49579644203, 0.34024399519, 0.14967443049, 0.2667093575, 0.212015151978, 0.0920607298613, 0.0299405381083, 0.01724819839, 0.00848768651485, 0.00277536618523, 0.00081946013961, 0.000132599263452, 1.23327299661e-05, 1.4503143575e-06, 2.70431499416e-09], "min": [2.46889199235e-21, 7.66825427626e-21, 2.80482566991e-20, 4.31964992673e-20, 4.37504679397e-20, 1.7117534717e-19, 2.97305126517e-19, 2.25579365024e-19, 7.0674249498e-19, 7.02856348763e-19, 1.20446337681e-18, 1.0490234218e-18, 2.80377004528e-18, 2.27329725729e-18, 1.89144731869e-18, 2.92047406277e-18, 2.32928952655e-18, 1.93170226999e-18, 5.18878073263e-18, 6.97685156786e-18, 6.21643559767e-18, 7.75168240098e-18, 1.88521095589e-17, 1.83477609958e-17, 1.92298763272e-17, 2.29636868942e-17, 2.93836391147e-17, 1.82967040997e-17, 2.01070236119e-17, 2.64337459599e-17, 1.85797421443e-17, 1.2675570123e-17, 1.27605455601e-17, 1.22551919726e-17, 1.04540442391e-17, 7.74919258734e-18, 3.07749651768e-18, 1.2648228495e-18, 3.30039222446e-19, 3.48337582044e-20], "var": [0.00427310122177, 1.38147580624, 38.074420929, 392.116027832, 894.728637695, 401.342224121, 1988.69836426, 7218.18261719, 3970.46337891, 6055.18945312, 1740.78674316, 20321.703125, 29776.6796875, 36117.2890625, 11018.9267578, 4223.46777344, 7941.01074219, 3328.0456543, 205.552581787, 36.9272766113, 31.0394515991, 44.6535949707, 6.57355499268, 6.76115369797, 1.96489048004, 0.926276385784, 0.385137796402, 0.16227170825, 0.172795102, 0.121704354882, 0.069367736578, 0.0342598371208, 0.00814194139093, 0.00275588431396, 0.000959841068834, 0.000221847891225, 3.1592000596e-05, 2.73750902124e-06, 2.78916502339e-07, 1.14010567653e-09], "median": [0.00736547075212, 0.232607319951, 1.59562718868, 5.41064023972, 8.55253791809, 8.33717918396, 12.3657169342, 21.138874054, 19.317735672, 18.6424598694, 13.8413209915, 15.8686714172, 11.8038110733, 11.5898284912, 11.2723779678, 5.25888156891, 6.53462362289, 4.47697353363, 2.72099685669, 1.79544985294, 1.47719430923, 0.937762975693, 0.574072122574, 0.435208380222, 0.255442917347, 0.173145830631, 0.074929356575, 0.0345814600587, 0.017453238368, 0.00877820793539, 0.00435475911945, 0.00230939500034, 0.00118185090832, 0.000636973476503, 0.000398835923988, 0.000179486436537, 7.86542077549e-05, 3.01658674289e-05, 1.68661426869e-05, 3.30440598191e-05]}, "spectral_energy": {"dmean": 0.00829202309251, "dmean2": 0.0120900254697, "max": 0.21485607326, "dvar": 0.00020113773644, "mean": 0.0333025492728, "dvar2": 0.000507332966663, "min": 1.11226808755e-20, "var": 0.00053401524201, "median": 0.0292313471437}, "zerocrossingrate": {"dmean": 0.00258005969226, "dmean2": 0.00319992238656, "max": 0.70361328125, "dvar": 2.99938019452e-05, "mean": 0.0225358754