{"tonal": {"chords_number_rate": 0.00170357746538, "thpcp": [1, 0.659664094448, 0.0983074977994, 0.0177732221782, 0.0334253497422, 0.174618512392, 0.282516032457, 0.162240579724, 0.0379402339458, 0.0177970007062, 0.018064700067, 0.0624242015183, 0.105246387422, 0.0651155412197, 0.0340658724308, 0.0478223115206, 0.0338980667293, 0.0133488187566, 0.0123002035543, 0.026740912348, 0.26099935174, 0.7334664464, 0.617098152637, 0.177498117089, 0.104324862361, 0.068461380899, 0.0846583172679, 0.180972099304, 0.148960366845, 0.171320602298, 0.264762967825, 0.145555511117, 0.0369109176099, 0.0428065657616, 0.0730913951993, 0.478945821524], "hpcp": {"dvar": [0.0176157895476, 0.0216344129294, 0.00963218230754, 0.00458088237792, 0.00493633840233, 0.00636381329969, 0.00689276726916, 0.00541708478704, 0.00417618313804, 0.00380879617296, 0.00350128440186, 0.00140658265445, 0.00178318715189, 0.00454766117036, 0.0158021133393, 0.0288893356919, 0.0281990431249, 0.0169147830456, 0.0076852645725, 0.00710027525201, 0.00820794887841, 0.0119807207957, 0.0110313231125, 0.0127142081037, 0.0102515984327, 0.0127639565617, 0.00363392708823, 0.00493469648063, 0.00989548116922, 0.0245827008039, 0.0282571837306, 0.0273257270455, 0.0108495373279, 0.00477266917005, 0.00852311309427, 0.022439558059], "mean": [0.165441572666, 0.0950081944466, 0.0222178269178, 0.0104219354689, 0.0105787003413, 0.0365556553006, 0.0616323538125, 0.0381317064166, 0.0199489984661, 0.0280047785491, 0.019850730896, 0.00781707745045, 0.00720300758258, 0.0156594961882, 0.152841389179, 0.429518461227, 0.361373096704, 0.103943020105, 0.0610927082598, 0.0400910302997, 0.0495759658515, 0.105977386236, 0.0872312933207, 0.100325457752, 0.155045375228, 0.0852374061942, 0.0216150581837, 0.0250675529242, 0.0428023710847, 0.280470997095, 0.585600674152, 0.386299729347, 0.0575689375401, 0.0104080112651, 0.0195739082992, 0.102256715298], "min": [0, 0, 0, 0, 0, 0, 0, 0, 0, 0, 0, 0, 0, 0, 0, 0, 0, 0, 0, 0, 0, 0, 0, 0, 0, 0, 0, 0, 0, 0, 0, 0, 0, 0, 0, 0], "median": [0.0176860913634, 0.0120740514249, 0.00171058124397, 0.000780160131399, 0.00130046554841, 0.00638408819214, 0.0101192099974, 0.00658449018374, 0.0038056820631, 0.00305402697995, 0.00176210643258, 0.0019839538727, 0.00145769969095, 0.00181191519368, 0.0954848900437, 0.299684494734, 0.24096404016, 0.0403247326612, 0.00205336976796, 0.00136242317967, 0.00302520254627, 0.00406264606863, 0.00552223669365, 0.00723762298003, 0.00433096196502, 0.00211428687908, 0.00438688928261, 0.00512597477064, 0.00942872930318, 0.218050539494, 0.662697672844, 0.345758408308, 0.0173409767449, 0.000746251607779, 0.000956346630119, 0.00814501289278], "dvar2": [0.0422989465296, 0.0572775192559, 0.0269106701016, 0.0111760869622, 0.0129329459742, 0.0175475273281, 0.016941556707, 0.0135301351547, 0.0109030175954, 0.00978649128228, 0.00943150743842, 0.004135386087, 0.00517667084932, 0.0128039689735, 0.041451510042, 0.0690835416317, 0.0683739706874, 0.0476144142449, 0.0194449406117, 0.0199967250228, 0.0215832553804, 0.0302780922502, 0.029206989333, 0.0376824960113, 0.024076839909, 0.0398767255247, 0.0100956223905, 0.0135992784053, 0.0258745979518, 0.0634339824319, 0.0658241137862, 0.0692604705691, 0.0297152157873, 0.0138305714354, 0.0233278702945, 0.0586060024798], "var": [0.0923676937819, 0.0367692410946, 0.00819854438305, 0.00450387597084, 0.00389797007665, 0.0124856568873, 0.0302285887301, 0.0136168450117, 0.00510257622227, 0.0138105843216, 0.00798287149519, 0.000986824394204, 0.00110524042975, 0.0030703318771, 0.0273683983833, 0.12442920357, 0.0988335460424, 0.0268708150834, 0.0414899513125, 0.0175351854414, 0.0154282273725, 0.0647825598717, 0.0427163429558, 0.0361188463867, 0.10230050236, 0.0335289388895, 0.00325284642167, 0.0047463956289, 0.00919769424945, 0.0650783628225, 0.157889097929, 0.093441568315, 0.0110418517143, 0.00283400109038, 0.00621117465198, 0.0467590689659], "dmean2": [0.0960233360529, 0.107323102653, 0.0484522506595, 0.0207691341639, 0.0232401899993, 0.0419876165688, 0.0463592745364, 0.0397642664611, 0.0285859648138, 0.0253957044333, 0.0233381465077, 0.0159235782921, 0.0178700145334, 0.0415791198611, 0.151969015598, 0.230494752526, 0.246374875307, 0.132003739476, 0.0467448160052, 0.047692399472, 0.0597572363913, 0.06645334512, 0.0763499736786, 0.0981317460537, 0.0609114095569, 0.0891330391169, 0.0394540689886, 0.0418223962188, 0.0886950716376, 0.220813080668, 0.188990190625, 0.245657339692, 0.0962037965655, 0.0298715680838, 0.0515027679503, 0.110833317041], "max": [1, 1, 1, 1, 1, 1, 1, 1, 1, 1, 1, 0.719443321228, 0.786720991135, 1, 1, 1, 1, 1, 1, 1, 1, 1, 1, 1, 1, 1, 1, 1, 1, 1, 1, 1, 1, 1, 1, 1], "dmean": [0.0569226779044, 0.0622500255704, 0.0270307101309, 0.0117354150862, 0.0130733260885, 0.0247777402401, 0.0275109149516, 0.0237092673779, 0.0168521907181, 0.0148686850443, 0.0137039087713, 0.00886602513492, 0.00962508749217, 0.0225452240556, 0.0915658250451, 0.140420302749, 0.150174498558, 0.0770532414317, 0.0264803897589, 0.0273418743163, 0.036017678678, 0.0390498973429, 0.0450520701706, 0.0555735714734, 0.0352248549461, 0.0491229631007, 0.0221513211727, 0.0235869716853, 0.0499207042158, 0.134039357305, 0.114125490189, 0.151268452406, 0.0558346249163, 0.0159171726555, 0.0279933717102, 0.0632156208158]}, "key_strength": 0.716637730598, "chords_strength": {"dvar": 2.54861079156e-05, "mean": 0.552011072636, "min": 0.26850643754, "median": 0.566184461117, "dvar2": 1.45936046465e-05, "var": 0.00726943230256, "dmean2": 0.00403798185289, "max": 0.742508113384, "dmean": 0.00515995640308}, "tuning_equal_tempered_deviation": 0.0778344422579, "chords_key": "G", "tuning_frequency": 439.745910645, "chords_scale": "major", "chords_changes_rate": 0.0278250984848, "key_scale": "major", "tuning_diatonic_strength": 0.631888687611, "hpcp_entropy": {"dvar": 0.164242148399, "mean": 1.48710727692, "min": 0, "median": 1.5713378191, "dvar2": 0.427927166224, "var": 0.367666333914, "dmean2": 0.816477656364, "max": 3.4134914875, "dmean": 0.475919663906}, "chords_histogram": [50.5773239136, 0.283929586411, 2.25250816345, 0, 0.643573701382, 0, 0.0378572791815, 0, 0, 0, 0, 0, 0, 0.283929586411, 0, 7.42002630234, 0, 10.4864664078, 2.27143669128, 19.5911407471, 1.04107511044, 0, 2.82036709785, 2.29036521912], "tuning_nontempered_energy_ratio": 0.710934758186, "key_key": "G"}, "metadata": {"version": {"extractor": "music 1.0", "essentia_build_sha": "70f2e5ece6736b2c40cc944ad0e695b16b925413", "essentia": "2.1-beta2", "essentia_git_sha": "v2.1_beta2"}, "audio_properties": {"sample_rate": 44100, "length": 245.266662598, "lossless": true, "analysis_sample_rate": 44100, "downmix": "mix", "bit_rate": 0, "equal_loudness": 0, "md5_encoded": "b1d31b013e4b5562ffe58f3e51d28346", "codec": "flac", "replay_gain": -8.02893257141}, "tags": {"disctotal": ["1"], "genre": ["Indie Rock"], "catalognumber": ["RTRADECD061"], "releasecountry": ["GB"], "musicbrainz_recordingid": ["e4ca3fd4-5028-4867-b47c-2eab61a30ed3"], "language": ["eng"], "title": ["Tonight"], "engineer": ["Tom Herbers"], "discnumber": ["1"], "musicbrainz_releasetrackid": ["0c58f392-3e00-338c-a121-c7ef57dee489"], "artistsort": ["Low"], "releasetype": ["album"], "originaldate": ["2002-09-23"], "musicbrainz_discid": ["2X2oLXujP4HqTAvHobJOKUQS71Q-"], "musicbrainz_artistid": ["42faad37-8aaa-42e4-a300-5a7dae79ed24"], "tracknumber": ["5"], "musicbrainz_albumartistid": ["42faad37-8aaa-42e4-a300-5a7dae79ed24"], "barcode": ["5050159806126"], "mixer": ["Tchad Blake"], "tracktotal": ["13"], "grouping": ["Rock"], "date": ["2002-09-23"], "acoustid_id": ["ae12ab80-adf7-493c-9acc-e2308cdc868c"], "albumartistsort": ["Low"], "musicbrainz_releasegroupid": ["373f9395-2485-340c-986a-91b2f569b623"], "media": ["CD"], "bpm": ["82.6"], "label": ["Rough Trade"], "albumartist": ["Low"], "asin": ["B00006BC7L"], "script": ["Latn"], "musicbrainz_albumid": ["ea8d230f-f10b-388d-85b2-75815c370e43"], "file_name": "1-05 Tonight.flac", "releasestatus": ["official"], "totaldiscs": ["1"], "album": ["Trust"], "artist": ["Low"]}}, "lowlevel": {"melbands": {"dvar": [1.90374862541e-07, 5.67318465983e-07, 1.48817150603e-06, 8.15845567104e-07, 6.85575614057e-08, 3.51554021449e-08, 3.28468487965e-08, 7.87489398135e-08, 2.16397552322e-07, 1.21737812719e-07, 9.13236249289e-07, 1.69040994535e-08, 9.57932932977e-09, 2.84176309151e-07, 1.41233513773e-07, 9.53425072225e-09, 1.15782450294e-09, 1.73953865201e-10, 6.433226174e-11, 1.75693678356e-11, 2.42869578615e-11, 7.47761574882e-12, 3.4894433263e-12, 9.65332501435e-12, 1.31194100722e-12, 3.25689291075e-13, 1.50713642955e-12, 4.76484867187e-12, 1.38494055633e-12, 3.62900600412e-13, 7.70918431089e-14, 9.06428591582e-14, 4.91901820925e-13, 1.02812918769e-12, 6.88063755278e-13, 7.92859538874e-13, 4.9132524221e-13, 2.56653449578e-13, 3.41339126018e-13, 1.94622042007e-13], "mean": [0.00078867864795, 0.00199034437537, 0.00147333205678, 0.00131751573645, 0.00042414048221, 0.000422772107413, 0.00033931035432, 0.000175161185325, 0.000435465044575, 0.000243596557993, 0.000519155350048, 0.00010595825006, 6.31556904409e-05, 0.00035755886347, 0.0002580328146, 4.15884023823e-05, 2.67296964012e-05, 1.21173843581e-05, 5.63841513213e-06, 3.54545159098e-06, 3.87435920857e-06, 2.63967331193e-06, 1.85055614565e-06, 2.18938043872e-06, 8.06315881619e-07, 4.42007632273e-07, 5.38653011972e-07, 5.14245243721e-07, 2.36541239929e-07, 1.2112546699e-07, 6.80401797126e-08, 3.67617012387e-08, 7.2929800865e-08, 9.96044136059e-08, 8.63536300244e-08, 9.81956276291e-08, 7.49158246549e-08, 7.20024431189e-08, 7.60095062446e-08, 6.6837181123e-08], "min": [1.77652909744e-11, 8.73049375849e-12, 5.96918608292e-12, 2.24591027199e-12, 1.39721068916e-12, 1.72956527572e-11, 1.12536932897e-11, 7.91335660194e-12, 8.93915670652e-12, 5.90079764565e-12, 2.07789384657e-12, 6.90708720687e-13, 1.51292704493e-12, 1.01436107777e-11, 8.48217242971e-12, 4.93113471063e-13, 6.11595192893e-13, 5.08424357303e-13, 3.76163754008e-13, 2.61408624781e-13, 2.53137761403e-13, 3.45676205759e-13, 2.58686464177e-13, 2.76817848158e-13, 2.65917740301e-13, 1.33430118625e-13, 3.71711152527e-13, 3.64891385336e-13, 1.40073038888e-13, 2.24757482048e-13, 2.92095855966e-13, 2.89939919946e-13, 2.25390412172e-13, 1.39616128988e-13, 1.11284394785e-13, 1.13066633421e-13, 1.32251536653e-13, 1.34245791024e-13, 2.17205919049e-13, 1.3607248195e-13], "median": [0.000210224476177, 0.00132450438105, 0.000736843270715, 0.000240548310103, 0.000171990133822, 0.000269052805379, 0.000223638227908, 4.54430264654e-05, 0.000117271614727, 5.91466850892e-05, 6.55883850413e-05, 3.30406728608e-05, 2.06024487852e-05, 7.23435805412e-05, 5.45729089936e-05, 9.89412365016e-06, 1.07377491076e-05, 4.7402936616e-06, 2.30803448176e-06, 1.66852760231e-06, 1.95814777726e-06, 1.40684835515e-06, 8.37105289975e-07, 6.99276938576e-07, 3.19929426951e-07, 2.41887903485e-07, 3.24800737417e-07, 1.36465573064e-07, 3.05433260905e-08, 3.5977812729e-08, 1.52546206778e-08, 4.82421302905e-09, 2.75281220041e-09, 1.14748099911e-09, 7.79158182418e-10, 4.09070610718e-10, 3.52314233343e-10, 3.07132319577e-10, 2.46398207393e-10, 2.5259250247e-10], "dvar2": [4.79062407521e-07, 1.32046545787e-06, 4.41127804152e-06, 2.4061826025e-06, 1.58844372322e-07, 6.36989625491e-08, 6.13400814586e-08, 1.75136023017e-07, 4.48274164455e-07, 2.48058313446e-07, 1.8874449097e-06, 4.12736724797e-08, 2.22805400796e-08, 6.97874497746e-07, 3.50861398601e-07, 2.46235494217e-08, 3.07271608158e-09, 4.16756351651e-10, 1.28544438982e-10, 3.99598618084e-11, 5.35015781677e-11, 1.74961191368e-11, 8.05089762218e-12, 2.47517076279e-11, 2.504106731e-12, 7.79166173855e-13, 2.84160845895e-12, 8.60558065779e-12, 3.80579075199e-12, 9.61211253821e-13, 1.63174974834e-13, 2.08049804598e-13, 1.13497774547e-12, 2.08787978226e-12, 1.58115870657e-12, 1.76239741117e-12, 9.3308368844e-13, 4.74062358379e-13, 7.56889071817e-13, 3.01250832006e-13], "var": [1.51501899381e-06, 6.25634220341e-06, 4.25250300395e-06, 4.63005562779e-06, 4.1184293309e-07, 2.62662950945e-07, 1.54376834871e-07, 2.76686279221e-07, 9.89418140307e-07, 5.16077193424e-07, 2.91177798317e-06, 5.05334831757e-08, 3.08585832443e-08, 9.3165334647e-07, 4.82476650632e-07, 3.64422980681e-08, 2.32009544909e-09, 5.70621161433e-10, 1.49992657184e-10, 6.99966820616e-11, 9.07469446809e-11, 2.99583829966e-11, 1.27617144283e-11, 3.77115665084e-11, 5.21893205735e-12, 1.09945006658e-12, 2.83441282597e-12, 8.4404367176e-12, 1.81337280261e-12, 4.90016122297e-13, 1.19021722274e-13, 1.19583366104e-13, 7.97537817038e-13, 1.53140510255e-12, 9.51212307705e-13, 1.24975344743e-12, 9.11191044492e-13, 4.6642209409e-13, 5.90757152398e-13, 4.47371252457e-13], "dmean2": [0.000252550700679, 0.000596656405833, 0.00109268841334, 0.000728400831576, 0.00020260468591, 0.000168118771398, 0.000151531290612, 0.000113589259854, 0.000267505965894, 0.000156073307153, 0.000374155584723, 7.67952587921e-05, 4.9221158406e-05, 0.000261279288679, 0.000180907009053, 3.0499042623e-05, 2.3407590561e-05, 9.57734573603e-06, 4.47122920377e-06, 2.40551412389e-06, 2.70782743428e-06, 1.9264139155e-06, 1.1977624581e-06, 1.57436511472e-06, 5.12045801315e-07, 2.47128838282e-07, 2.98452306424e-07, 3.83227643397e-07, 2.10198990658e-07, 1.09282616734e-07, 5.97076024178e-08, 4.35735536541e-08, 8.9333276776e-08, 1.02261324741e-07, 9.06330868133e-08, 1.07374177105e-07, 7.99287533937e-08, 6.13762480839e-08, 7.39601020427e-08, 5.6427595041e-08], "max": [0.0122348079458, 0.027502136305, 0.0251567009836, 0.0202470906079, 0.00569038884714, 0.00540632707998, 0.0052120918408, 0.0138309039176, 0.0165890213102, 0.0184636488557, 0.02601977624, 0.00362188764848, 0.00431888876483, 0.0243513919413, 0.0209309458733, 0.0056750732474, 0.00108067912515, 0.000588494352996, 0.000322073232383, 0.000151231142809, 0.000285057874862, 0.000134806672577, 7.57423331379e-05, 0.000137720358907, 5.83616529184e-05, 3.12072479574e-05, 0.000100384189864, 0.000189404119737, 6.78971046e-05, 3.67406391888e-05, 1.16993969641e-05, 1.3303916603e-05, 3.30644506903e-05, 7.56308363634e-05, 5.24189745192e-05, 4.92025392305e-05, 5.23555136169e-05, 3.40027218044e-05, 3.52153147105e-05, 3.20081308018e-05], "dmean": [0.000147594662849, 0.000370071735233, 0.000678159762174, 0.000438634335296, 0.000137754090247, 0.000131924753077, 0.000118615214888, 7.68843601691e-05, 0.000188321297173, 0.000107492887764, 0.000261864886852, 5.05784264533e-05, 3.12128504447e-05, 0.00017001775268, 0.000117935051094, 1.92587158381e-05, 1.45334934132e-05, 6.02291220275e-06, 2.87472698801e-06, 1.51068422838e-06, 1.69367274339e-06, 1.2000997458e-06, 7.63016259953e-07, 9.89612772173e-07, 3.35069671564e-07, 1.60440052355e-07, 1.99720460614e-07, 2.50653471312e-07, 1.30640430029e-07, 6.63807071533e-08, 3.80553686341e-08, 2.68859086106e-08, 5.4695380669e-08, 7.21652426705e-08, 6.1175470023e-08, 7.18109021136e-08, 5.30663548659e-08, 4.18886436648e-08, 4.97537016031e-08, 4.1694292463e-08]}, "spectral_decrease": {"dvar": 5.25119771371e-18, "mean": -7.63767360468e-09, "min": -7.47897246356e-08, "median": -6.7683441074e-09, "dvar2": 1.3263519349e-17, "var": 3.87723772952e-17, "dmean2": 2.42260789207e-09, "max": -4.17719168378e-16, "dmean": 1.56985413557e-09}, "spectral_rolloff": {"dvar": 355625.5, "mean": 860.149536133, "min": 129.19921875, "median": 796.728515625, "dvar2": 774473.9375, "var": 876636.6875, "dmean2": 279.958282471, "max": 17614.1601562, "dmean": 159.801757812}, "melbands_crest": {"dvar": 4.88162279129, "mean": 13.9915275574, "min": 4.31561326981, "median": 13.2261743546, "dvar2": 11.9566640854, "var": 19.7293109894, "dmean2": 3.63036084175, "max": 32.7962493896, "dmean": 2.29933452606}, "barkbands_skewness": {"dvar": 0.140928432345, "mean": 0.807055413723, "min": -8.16260719299, "median": 0.912513256073, "dvar2": 0.330468684435, "var": 1.51186871529, "dmean2": 0.588201105595, "max": 5.64254760742, "dmean": 0.386914074421}, "spectral_centroid": {"dvar": 6894.984375, "mean": 621.792724609, "min": 214.987319946, "median": 599.931396484, "dvar2": 14757.0478516, "var": 46830.1171875, "dmean2": 106.180328369, "max": 3092.29858398, "dmean": 69.5109786987}, "spectral_energyband_middle_low": {"dvar": 5.1034570788e-05, "mean": 0.0172974038869, "min": 9.80043934895e-10, "median": 0.013164171949, "dvar2": 0.000130866726977, "var": 0.000260627479292, "dmean2": 0.00730771152303, "max": 0.176817059517, "dmean": 0.00477273389697}, "erbbands_crest": {"dvar": 8.8096408844, "mean": 15.1347370148, "min": 3.44391345978, "median": 13.3704776764, "dvar2": 21.4005031586, "var": 51.5391082764, "dmean2": 4.98466110229, "max": 34.7732315063, "dmean": 3.14955735207}, "dynamic_complexity": 4.84569549561, "spectral_energyband_low": {"dvar": 1.14370950541e-05, "mean": 0.00866526644677, "min": 1.09434392104e-10, "median": 0.00608138181269, "dvar2": 2.75989623333e-05, "var": 9.86147133517e-05, "dmean2": 0.00297614908777, "max": 0.103316128254, "dmean": 0.00188373075798}, "silence_rate_60dB": {"dvar": 0.0187581051141, "mean": 0.110564179718, "min": 0, "median": 0, "dvar2": 0.0413333885372, "var": 0.0983487218618, "dmean2": 0.0382503308356, "max": 1, "dmean": 0.0191233549267}, "erbbands_kurtosis": {"dvar": 11.8273515701, "mean": 2.11996841431, "min": -1.8458660841, "median": 0.420686006546, "dvar2": 28.1668930054, "var": 40.6767578125, "dmean2": 2.61069560051, "max": 103.704437256, "dmean": 1.66738450527}, "spectral_complexity": {"dvar": 1.60855793953, "mean": 11.195854187, "min": 0, "median": 12, "dvar2": 4.06262731552, "var": 20.0843658447, "dmean2": 2.29842829704, "max": 27, "dmean": 1.36514246464}, "barkbands_crest": {"dvar": 3.76373648643, "mean": 10.9974002838, "min": 2.84183859825, "median": 10.2113656998, "dvar2": 9.2019033432, "var": 15.6952400208, "dmean2": 3.13306093216, "max": 26.3109378815, "dmean": 1.98038756847}, "spectral_energy": {"dvar": 8.43188900035e-05, "mean": 0.0301392581314, "min": 2.45589615311e-09, "median": 0.026693791151, "dvar2": 0.000211674385355, "var": 0.000610398128629, "dmean2": 0.00959253497422, "max": 0.313248753548, "dmean": 0.00622494984418}, "spectral_spread": {"dvar": 202861101056, "mean": 2092540.875, "min": 406263.84375, "median": 1721096.25, "dvar2": 313137725440, "var": 2047611633660.0, "dmean2": 414726.875, "max": 25992288, "dmean": 258991.171875}, "spectral_contrast_valleys": {"dvar": [0.0913038030267, 0.050948690623, 0.0371898189187, 0.0296601336449, 0.0204219352454, 0.0552401430905], "mean": [-7.73304367065, -7.2265086174, -7.74578809738, -8.75385379791, -9.40595149994, -12.7626361847], "min": [-15.7456817627, -14.6090154648, -15.1804361343, -15.6624670029, -15.5541706085, -16.6945934296], "median": [-7.44072914124, -6.87116384506, -7.42225122452, -8.38621902466, -9.21917629242, -13.1219539642], "dvar2": [0.255553424358, 0.141264691949, 0.102483421564, 0.0799532011151, 0.0484081357718, 0.115471534431], "var": [1.88094365597, 1.6899793148, 1.55527973175, 1.72731685638, 1.52720022202, 2.11394643784], "dmean2": [0.628897368908, 0.472455471754, 0.405093550682, 0.350650519133, 0.251961648464, 0.280568748713], "max": [-5.41213321686, -4.99055528641, -5.69814491272, -6.59318590164, -6.93491601944, -7.62043476105], "dmean": [0.369420647621, 0.285206466913, 0.242792800069, 0.210734978318, 0.153896868229, 0.172874853015]}, "spectral_rms": {"dvar": 3.37282983764e-07, "mean": 0.00488446606323, "min": 1.5479005242e-06, "median": 0.00510320719332, "dvar2": 8.34266529637e-07, "var": 5.54610596737e-06, "dmean2": 0.000778267392889, "max": 0.017481662333, "dmean": 0.000513888662681}, "barkbands_spread": {"dvar": 6.46080875397, "mean": 9.58375263214, "min": 0.496483385563, "median": 8.57624816895, "dvar2": 11.7283067703, "var": 42.195728302, "dmean2": 2.89276409149, "max": 99.4955596924, "dmean": 1.91468858719}, "pitch_salience": {"dvar": 0.00195331661962, "mean": 0.477522194386, "min": 0.094244658947, "median": 0.480491310358, "dvar2": 0.00485630193725, "var": 0.00978598557413, "dmean2": 0.0806815624237, "max": 0.781293272972, "dmean": 0.0506390072405}, "erbbands_skewness": {"dvar": 0.178834885359, "mean": -0.0920813828707, "min": -7.41218900681, "median": 0.0899505466223, "dvar2": 0.407635688782, "var": 1.246088624, "dmean2": 0.636363983154, "max": 5.00122404099, "dmean": 0.42136195302}, "spectral_energyband_middle_high": {"dvar": 3.81661084248e-05, "mean": 0.00681428425014, "min": 6.23428086932e-10, "median": 0.00270886067301, "dvar2": 9.05027482077e-05, "var": 0.00014133429795, "dmean2": 0.00382181210443, "max": 0.273388534784, "dmean": 0.00254241237417}, "erbbands": {"dvar": [0.00131939921994, 0.25928285718, 2.73666715622, 29.9724235535, 277.665405273, 72.0565185547, 86.3396835327, 56.9526786804, 141.93522644, 830.044311523, 3392.85351562, 2884.32373047, 36362.4375, 1024.84680176, 1015.26141357, 73972.7109375, 3972.74365234, 280.830413818, 48.782119751, 17.9779510498, 10.4716529846, 3.5264647007, 5.20165967941, 2.03278446198, 0.872348606586, 8.26678943634, 2.17083287239, 0.311091631651, 0.514891088009, 1.69324421883, 1.64470970631, 1.39591419697, 0.659440219402, 0.255614161491, 0.105678975582, 0.0065591102466, 0.000200697788387, 2.90741036224e-06, 3.96444690409e-08, 3.37972844155e-10], "mean": [0.0443561673164, 1.20128512383, 3.98195815086, 6.56449604034, 18.6972885132, 13.807759285, 13.2803525925, 16.062084198, 23.9622955322, 15.5917625427, 52.6137466431, 42.7528419495, 105.132949829, 28.6578121185, 27.5858402252, 181.319946289, 34.1090087891, 15.3208465576, 7.27508735657, 3.40657758713, 3.06950092316, 2.22757983208, 2.23117947578, 1.18539118767, 0.69723957777, 0.774814367294, 0.326453596354, 0.150590211153, 0.0873656347394, 0.160575389862, 0.156294360757, 0.136128649116, 0.108236745, 0.0808270722628, 0.039048075676, 0.0110616544262, 0.00261256820522, 0.000335212243954, 5.95949386479e-05, 3.74363226001e-05], "min": [1.38033617869e-09, 5.30411581323e-09, 1.01975752287e-08, 2.22463238941e-08, 5.51572263419e-08, 5.21346841253e-08, 1.20960422123e-07, 7.22004472209e-07, 8.42347390062e-07, 1.20987942864e-06, 1.25631902392e-06, 1.00241766177e-06, 4.87885870371e-07, 2.56892150219e-07, 1.37805307077e-06, 4.29627107223e-06, 1.6419937765e-06, 9.97744905362e-07, 4.48553379329e-07, 2.58214782889e-07, 2.81178017758e-07, 4.4307034841e-07, 3.06860869159e-07, 3.16627591701e-07, 3.12665378033e-07, 5.43283590559e-07, 2.8310688549e-07, 4.69103412115e-07, 4.71286796255e-07, 2.99319225405e-07, 2.16383014617e-07, 1.92680218447e-07, 2.25138833798e-07, 1.8950960623e-07, 1.43276210451e-07, 2.23344855499e-07, 1.69556059859e-07, 1.55697264859e-07, 3.5702786505e-08, 4.2580277082e-09], "median": [0.00919913686812, 0.487722754478, 2.5550661087, 3.65160655975, 4.63915014267, 2.84831619263, 5.87031078339, 10.0463962555, 15.9224271774, 4.81185531616, 14.3751583099, 12.5911188126, 14.8185949326, 10.0553436279, 10.8880329132, 35.3149375916, 9.84338378906, 7.21875286102, 3.33572459221, 1.66360783577, 1.7089099884, 1.35222363472, 1.04482793808, 0.516590476036, 0.449379950762, 0.295216441154, 0.068600974977, 0.0406387671828, 0.0108666839078, 0.00327831809409, 0.00127560901456, 0.000674996175803, 0.000459093716927, 0.000336446566507, 0.000203371455427, 0.000116355673526, 7.10476306267e-05, 6.11378636677e-05, 2.66429524345e-05, 3.3500342397e-05], "dvar2": [0.00337578123435, 0.639703392982, 6.13795995712, 83.5359573364, 843.727905273, 184.587661743, 199.212844849, 103.91506958, 243.684158325, 1848.18884277, 6939.93554688, 6004.11572266, 75236.6015625, 2454.82788086, 2283.66967773, 182027.453125, 11238.9228516, 718.750976562, 117.608573914, 39.465057373, 23.4972610474, 7.8657989502, 13.6036615372, 4.29880952835, 1.94056427479, 14.3660554886, 5.58696985245, 0.691118121147, 1.17964315414, 3.31199073792, 3.42992353439, 2.65759658813, 1.35647284985, 0.391024947166, 0.123131357133, 0.00903349742293, 0.000328444555635, 4.69315727969e-06, 6.87926231535e-08, 8.47105607882e-10], "var": [0.00741377752274, 2.79105806351, 30.204656601, 87.0450592041, 1034.08862305, 632.053344727, 455.831695557, 435.343719482, 727.49407959, 2737.71630859, 15761.4550781, 12158.8212891, 115878.820312, 3149.42553711, 3412.75341797, 245490.5, 12339.1064453, 751.841186523, 148.903869629, 63.1039123535, 40.0959968567, 17.2520027161, 20.7265110016, 8.92559432983, 2.25813865662, 15.2292470932, 3.25558495522, 0.504023134708, 0.758347511292, 3.08481287956, 2.75291848183, 2.69837141037, 1.13435208797, 0.63297700882, 0.285835027695, 0.0171771366149, 0.000452861568192, 6.6561760832e-06, 8.79287043176e-08, 1.14425358078e-09], "dmean2": [0.0174348503351, 0.348763465881, 1.31294369698, 5.14103889465, 13.0276050568, 5.93938779831, 6.73080396652, 6.53922796249, 10.4414205551, 10.039141655, 31.841545105, 26.4068126678, 74.9131317139, 19.7732753754, 18.3794593811, 131.59425354, 23.4837779999, 11.9407873154, 5.46038627625, 2.36421132088, 1.90507423878, 1.35709905624, 1.37863588333, 0.678010940552, 0.34339672327, 0.512334823608, 0.255226880312, 0.12139108032, 0.0962901562452, 0.159594237804, 0.153189361095, 0.140648424625, 0.0930400341749, 0.0650232285261, 0.0311235357076, 0.009153412655, 0.00215264689177, 0.000251147343079, 3.56155032932e-05, 1.25208625832e-05], "max": [1.32210075855, 15.0933198929, 59.668094635, 121.612785339, 436.008728027, 212.526138306, 210.975479126, 240.619400024, 301.543426514, 1503.59204102, 2130.31787109, 2636.00097656, 5232.04882812, 819.401184082, 1614.30688477, 13992.8935547, 3271.08935547, 668.967529297, 239.186157227, 198.129470825, 170.954360962, 100.518302917, 105.689376831, 70.0721435547, 70.7509918213, 252.755828857, 89.3040618896, 23.4149341583, 35.2653465271, 78.633895874, 62.3367729187, 83.9901199341, 54.494720459, 32.0585517883, 28.9871196747, 5.18457984924, 0.948156416416, 0.0904051959515, 0.0110568795353, 0.000804407463875], "dmean": [0.0101934997365, 0.205552190542, 0.828056395054, 3.24976658821, 7.84818840027, 3.69296765327, 4.60223245621, 5.07106924057, 8.30624961853, 6.74023723602, 22.4980258942, 18.2426757812, 52.4596405029, 13.0958604813, 11.8318862915, 85.8165283203, 14.7995300293, 7.45559453964, 3.4315032959, 1.49785399437, 1.19760274887, 0.854350626469, 0.856521606445, 0.439078420401, 0.222987473011, 0.337182193995, 0.160771042109, 0.0771676003933, 0.0605520568788, 0.108446270227, 0.106470704079, 0.0941093564034, 0.0647624433041, 0.0480305701494, 0.024902170524, 0.00700219813734, 0.0015203881776, 0.000186877528904, 2.47893312917e-05, 8.19613705971e-06]}, "dissonance": {"dvar": 0.00155887997244, "mean": 0.395182013512, "min": 0.118908420205, "median": 0.408001750708, "dvar2": 0.00449464190751, "var": 0.00357085466385, "dmean2": 0.0710860639811, "max": 0.498218089342, "dmean": 0.0416703820229}, "erbbands_flatness_db": {"dvar": 0.000277548329905, "mean": 0.285393238068, "min": 0.043251670897, "median": 0.279632985592, "dvar2": 0.000604497035965, "var": 0.00639688968658, "dmean2": 0.0243118442595, "max": 0.566798567772, "dmean": 0.0164129119366}, "melbands_kurtosis": {"dvar": 11.1689586639, "mean": 4.93566799164, "min": -1.86694908142, "median": 2.2939620018, "dvar2": 26.6991958618, "var": 57.5774459839, "dmean2": 3.6068482399, "max": 123.25843811, "dmean": 2.3189227581}, "melbands_spread": {"dvar": 7.93272733688, "mean": 12.9731683731, "min": 1.04674339294, "median": 12.1209449768, "dvar2": 17.6718444824, "var": 44.5906257629, "dmean2": 4.12892818451, "max": 88.6564865112, "dmean": 2.71341896057}, "melbands_skewness": {"dvar": 0.154900997877, "mean": 1.37318372726, "min": -5.16759777069, "median": 1.29612278938, "dvar2": 0.360712081194, "var": 1.85476946831, "dmean2": 0.649431943893, "max": 10.3585090637, "dmean": 0.427426278591}, "spectral_entropy": {"dvar": 0.0183902475983, "mean": 6.3216176033, "min": 4.24340009689, "median": 6.39263677597, "dvar2": 0.038222938776, "var": 0.270233660936, "dmean2": 0.205588966608, "max": 8.62863826752, "dmean": 0.138266086578}, "zerocrossingrate": {"dvar": 3.24868124153e-05, "mean": 0.03147893399, "min": 0.00439453125, "median": 0.02783203125, "dvar2": 3.68430701201e-05, "var": 0.000556837418117, "dmean2": 0.00442397966981, "max": 0.3076171875, "dmean": 0.00359404203482}, "average_loudness": 0.616738736629, "spectral_contrast_coeffs": {"dvar": [0.00135934795253, 0.000923895917367, 0.000853418081533, 0.00047812005505, 0.000193978528841, 0.000154644003487], "mean": [-0.605575084686, -0.659691274166, -0.684481441975, -0.729633152485, -0.786342084408, -0.794132769108], "min": [-0.955706059933, -0.924936830997, -0.938599824905, -0.931981861591, -0.941944479942, -0.927534103394], "median": [-0.597811579704, -0.66294157505, -0.69387447834, -0.733637750149, -0.781670212746, -0.798607885838], "dvar2": [0.0037900400348, 0.00228990335017, 0.00215530139394, 0.00126417016145, 0.00050374068087, 0.000425582082244], "var": [0.00913036707789, 0.00529481656849, 0.00599889038131, 0.00311358785257, 0.00201038527302, 0.00170564791188], "dmean2": [0.0770878493786, 0.0598906800151, 0.0573294237256, 0.0453582443297, 0.0282189249992, 0.0223138984293], "max": [-0.229220047593, -0.40839728713, -0.390238702297, -0.463859587908, -0.624139428139, -0.63038957119], "dmean": [0.0455111302435, 0.0384494736791, 0.0363408438861, 0.0278778262436, 0.0170733593404, 0.0133770452812]}, "barkbands_flatness_db": {"dvar": 0.000219133828068, "mean": 0.255263090134, "min": 0.0470140390098, "median": 0.253584861755, "dvar2": 0.000480102346046, "var": 0.00347928260453, "dmean2": 0.022653227672, "max": 0.506053805351, "dmean": 0.0150908138603}, "silence_rate_30dB": {"dvar": 0.00714372843504, "mean": 0.99053388834, "min": 0, "median": 1, "dvar2": 0.016646578908, "var": 0.00937642157078, "dmean2": 0.0143912136555, "max": 1, "dmean": 0.00719492556527}, "spectral_energyband_high": {"dvar": 2.61436046145e-08, "mean": 3.64915031241e-05, "min": 4.25854157493e-10, "median": 4.14575060859e-06, "dvar2": 4.13601206617e-08, "var": 6.51206377711e-08, "dmean2": 2.50846842391e-05, "max": 0.00949398521334, "dmean": 1.82446547115e-05}, "melbands_flatness_db": {"dvar": 0.000242270049057, "mean": 0.352432191372, "min": 0.102627046406, "median": 0.354174822569, "dvar2": 0.000506463460624, "var": 0.00405829586089, "dmean2": 0.0231780093163, "max": 0.575214087963, "dmean": 0.0155723486096}, "barkbands": {"dvar": [2.08023087644e-09, 3.76414232051e-06, 2.50304719884e-06, 8.81340201886e-06, 1.16309565783e-05, 1.14987221878e-06, 1.36466292133e-06, 4.49443086836e-06, 4.12477265854e-06, 2.52557711065e-05, 4.55232026297e-07, 2.79959658656e-05, 1.45027365761e-06, 9.74048859348e-08, 1.41201681458e-08, 3.3101368313e-09, 3.7497689398e-09, 2.3222066492e-09, 2.70830247118e-10, 2.86810641903e-09, 5.9516253037e-10, 5.37030975245e-10, 2.65329025417e-09, 2.32979302517e-09, 2.00318939214e-09, 1.08312074587e-10, 1.44601084578e-12], "mean": [1.48097133206e-05, 0.00421329867095, 0.00307846930809, 0.00271905655973, 0.00539114000276, 0.00234185298905, 0.0012471221853, 0.00184340029955, 0.00144654558972, 0.00292598037049, 0.000436137779616, 0.00351855996996, 0.000430176762166, 0.000237879299675, 0.000100378456409, 4.41611919086e-05, 5.33417151019e-05, 3.8941285311e-05, 1.36547123475e-05, 1.5954949049e-05, 5.1047973102e-06, 2.76992886938e-06, 5.88466264162e-06, 6.41989026917e-06, 6.33673835182e-06, 1.66840868587e-06, 2.87954748046e-07], "min": [6.97885152445e-12, 3.89649840171e-11, 7.23053691573e-12, 6.52563897016e-12, 7.00576142237e-12, 7.47833947545e-11, 3.22446860879e-11, 3.19505637225e-11, 3.22156537558e-11, 1.02331459279e-11, 5.24287774653e-12, 8.886238273e-11, 4.43241363751e-12, 4.41956801017e-12, 5.05418016467e-12, 2.34973932672e-12, 7.11702875453e-12, 5.39268022598e-12, 5.29192488441e-12, 1.08096647952e-11, 1.02553703377e-11, 1.17782381071e-11, 8.20060512552e-12, 1.12661512064e-11, 1.81388463277e-11, 9.21975204515e-11, 2.79664874592e-10], "median": [1.30443845592e-06, 0.0013903034851, 0.00167822965886, 0.00111456937157, 0.00143101206049, 0.00144399749115, 0.000725410995074, 0.000385865510907, 0.000308529881295, 0.000458031601738, 0.000134493064252, 0.000687772233505, 8.90087758307e-05, 9.38372977544e-05, 3.94687740481e-05, 1.88100802916e-05, 2.83964836854e-05, 1.53628006956e-05, 7.49421269575e-06, 6.28418865745e-06, 1.33618232212e-06, 2.28086832976e-07, 4.59980959988e-08, 2.80080172388e-08, 2.76780980357e-08, 3.00842160073e-08, 8.94092977433e-08], "dvar2": [5.16047249377e-09, 9.36042943067e-06, 5.51778430236e-06, 2.5905235816e-05, 3.44988256984e-05, 2.41905286202e-06, 2.94488245345e-06, 9.17828401725e-06, 8.609446013e-06, 5.2255418268e-05, 1.03569914245e-06, 6.88923391863e-05, 4.02601335736e-06, 2.53374764725e-07, 3.11366719075e-08, 7.68158958664e-09, 8.26533863574e-09, 5.93077764677e-09, 5.29866317489e-10, 5.01761787675e-09, 1.57841784088e-09, 1.21925514129e-09, 5.4832196561e-09, 4.22663060107e-09, 2.60783061812e-09, 1.69911112957e-10, 2.806061156e-12], "var": [5.8809312975e-09, 3.69740955648e-05, 2.19959583774e-05, 2.01934453798e-05, 6.72347305226e-05, 7.94143488747e-06, 4.63067817691e-06, 2.09615500353e-05, 1.67997332028e-05, 8.04136871011e-05, 1.47605146594e-06, 9.25875283428e-05, 4.22552466262e-06, 2.00806638873e-07, 3.49870390437e-08, 1.02145412129e-08, 1.51172621088e-08, 8.83225581561e-09, 1.25144272722e-09, 5.41861888692e-09, 7.82031994717e-10, 8.57994508774e-10, 4.23760138091e-09, 4.81293138677e-09, 5.28214805229e-09, 2.61631910581e-10, 2.87417117016e-12], "dmean2": [1.43102006405e-05, 0.0012564555509, 0.00126185757108, 0.00263651413843, 0.00282023567706, 0.000940603844356, 0.000660580641124, 0.00115935585927, 0.00098399980925, 0.00211834278889, 0.000341272650985, 0.00256747123785, 0.000339308142429, 0.000209610851016, 8.25777460705e-05, 2.98466020467e-05, 3.84576233046e-05, 2.62180674326e-05, 7.28524992155e-06, 1.02322073872e-05, 4.36293430539e-06, 3.19684409078e-06, 5.73673514737e-06, 5.76692855248e-06, 5.02117200085e-06, 1.39814869726e-06, 1.99551337232e-07], "max": [0.00215908652171, 0.0536767467856, 0.0471639111638, 0.0538100004196, 0.079344458878, 0.0294296778738, 0.056990288198, 0.0769480019808, 0.0972482934594, 0.135301887989, 0.0322358421981, 0.272476881742, 0.0613174214959, 0.00991205498576, 0.00349992257543, 0.00156079709996, 0.00390806980431, 0.00207179877907, 0.00108744949102, 0.0046315472573, 0.00159843428992, 0.0010433527641, 0.00317666959018, 0.00357772014104, 0.00362370931543, 0.000543182191905, 6.06648172834e-05], "dmean": [8.75952173374e-06, 0.000737313122954, 0.000831283687148, 0.00161939824466, 0.00170900172088, 0.000709184445441, 0.000479936948977, 0.00081703037722, 0.000664111052174, 0.00147066870704, 0.000217724125832, 0.00167243345641, 0.000211211459828, 0.000130773652927, 5.22491682204e-05, 1.90702885448e-05, 2.42123169301e-05, 1.63699696714e-05, 4.81488586956e-06, 6.78308470015e-06, 2.6780328426e-06, 1.98094494408e-06, 4.12968483943e-06, 3.95525739805e-06, 3.84154600397e-06, 1.00513841517e-06, 1.37451579008e-07]}, "erbbands_spread": {"dvar": 13.0782566071, "mean": 16.1726531982, "min": 0.410090833902, "median": 14.6303634644, "dvar2": 25.7002468109, "var": 99.1439437866, "dmean2": 4.51797485352, "max": 132.277236938, "dmean": 2.97207999229}, "barkbands_kurtosis": {"dvar": 6.66548347473, "mean": 2.64760899544, "min": -1.87991929054, "median": 1.25034570694, "dvar2": 16.7199077606, "var": 24.1693477631, "dmean2": 2.58021450043, "max": 81.4037246704, "dmean": 1.63723373413}, "spectral_flux": {"dvar": 0.000318894104566, "mean": 0.0523354113102, "min": 3.9807993744e-05, "median": 0.047609180212, "dvar2": 0.000880040286575, "var": 0.000980090117082, "dmean2": 0.0251409113407, "max": 0.267766386271, "dmean": 0.0150175914168}, "silence_rate_20dB": {"dvar": 0, "mean": 1, "min": 1, "median": 1, "dvar2": 0, "var": 0, "dmean2": 0, "max": 1, "dmean": 0}, "gfcc": {"cov": [[16349.4853516, 356.27041626, -471.399658203, 1784.74255371, -195.975036621, 600.554199219, -801.564025879, 751.697875977, -459.296325684, -514.768676758, -457.032745361, -719.185241699, 122.526504517], [356.27041626, 1456.57434082, -530.891296387, -244.280548096, 472.862243652, -349.820495605, 394.545593262, -203.834945679, 161.732254028, 11.4492883682, 100.359214783, 16.2475090027, -17.1200389862], [-471.399658203, -530.891296387, 672.91796875, 156.784301758, -190.983932495, 271.313140869, -236.66204834, 120.308746338, -41.2967681885, 1.51551580429, -24.2866306305, 30.2615642548, 16.062078476], [1784.74255371, -244.280548096, 156.784301758, 555.736572266, -14.5247755051, 99.5705795288, -196.050949097, 133.799362183, -61.0675354004, -77.9350280762, -109.869804382, -95.851234436, 24.6177272797], [-195.975036621, 472.862243652, -190.983932495, -14.5247755051, 312.854675293, -115.929222107, 187.258499146, -64.4160232544, 69.692024231, 17.3416805267, 30.1497955322, 13.4015493393, -14.4001092911], [600.554199219, -349.820495605, 271.313140869, 99.5705795288, -115.929222107, 305.614929199, -129.639266968, 107.521522522, -66.9896469116, -28.4551506042, -24.0985431671, -13.7619695663, 12.4555625916], [-801.564025879, 394.545593262, -236.66204834, -196.050949097, 187.258499146, -129.639266968, 331.119110107, -73.5336456299, 79.4097824097, 63.6153030396, 55.5082435608, 49.3954162598, -16.7912788391], [751.697875977, -203.834945679, 120.308746338, 133.799362183, -64.4160232544, 107.521522522, -73.5336456299, 188.305206299, -5.7871260643, -16.1751251221, -51.4646987915, -44.3101539612, 31.7645549774], [-459.296325684, 161.732254028, -41.2967681885, -61.0675354004, 69.692024231, -66.9896469116, 79.4097824097, -5.7871260643, 136.626754761, 52.4520378113, 17.2426624298, 26.037530899, -8.72396183014], [-514.768676758, 11.4492883682, 1.51551580429, -77.9350280762, 17.3416805267, -28.4551506042, 63.6153030396, -16.1751251221, 52.4520378113, 107.044342041, 54.2569160461, 46.3463554382, -0.734167397022], [-457.032745361, 100.359214783, -24.2866306305, -109.869804382, 30.1497955322, -24.0985431671, 55.5082435608, -51.4646987915, 17.2426624298, 54.2569160461, 134.440368652, 70.1873016357, -11.3419389725], [-719.185241699, 16.2475090027, 30.2615642548, -95.851234436, 13.4015493393, -13.7619695663, 49.3954162598, -44.3101539612, 26.037530899, 46.3463554382, 70.1873016357, 118.399421692, 20.0582828522], [122.526504517, -17.1200389862, 16.062078476, 24.6177272797, -14.4001092911, 12.4555625916, -16.7912788391, 31.7645549774, -8.72396183014, -0.734167397022, -11.3419389725, 20.0582828522, 85.3612823486]], "mean": [-113.622619629, 184.482681274, -117.050689697, -17.7611446381, -31.5708618164, -3.09415578842, -17.7695217133, -4.93833589554, -26.4460258484, -5.7118768692, -4.42454195023, -7.98312234879, -11.1407661438], "icov": [[0.000468992162496, -0.00120053510182, 0.00125713867601, -0.00135341100395, 0.00122755125631, -0.00144163612276, 0.000922621693462, -0.00140028668102, 0.00106903619599, -0.000687785155606, 0.000234439939959, 0.000200461567147, 0.000447188474936], [-0.00120053510182, 0.00528951967135, -0.00305088656023, 0.0039142598398, -0.00530741503462, 0.00439022295177, -0.00298824650235, 0.00448366487399, -0.00421248143539, 0.0036988731008, -0.00225525069982, 0.00121286627837, -0.00254625361413], [0.00125713867601, -0.00305088656023, 0.00660560745746, -0.00395848974586, 0.0035411559511, -0.00586989568546, 0.00395202357322, -0.0041694669053, 0.00224058446474, -0.00273512792774, 0.00129095267039, -0.00166211661417, 0.00203267391771], [-0.00135341100395, 0.0039142598398, -0.00395848974586, 0.00736558483914, -0.0058272741735, 0.00457935826853, -0.000812113052234, 0.00260567408986, -0.0024433399085, 0.00240642554127, 0.000164884928381, 0.000518333516084, -0.00176114251371], [0.00122755125631, -0.00530741503462, 0.0035411559511, -0.0058272741735, 0.0117948548868, -0.00432798871771, -0.000642793835141, -0.00291197374463, 0.00190872885287, -0.00201740837656, 0.000791465572547, -0.000566507340409, 0.00218219123781], [-0.00144163612276, 0.00439022295177, -0.00586989568546, 0.00457935826853, -0.00432798871771, 0.0111750885844, -0.00302733015269, 0.00189813703764, -0.00137480488047, 0.00340175884776, -0.00175957521424, -0.000166579571669, -0.00123480986804], [0.000922621693462, -0.00298824650235, 0.003952023