{"tonal": {"hpcp": {"dvar": [0.0424358174205, 0.0308293197304, 0.0252237580717, 0.0309521052986, 0.0267238691449, 0.0218322891742, 0.0238912142813, 0.0261033270508, 0.0310789551586, 0.0317869372666, 0.0256548579782, 0.0199704505503, 0.0243725236505, 0.0246334932745, 0.0222025196999, 0.031218342483, 0.0220810305327, 0.0154751334339, 0.0190792810172, 0.0219249036163, 0.0254622418433, 0.0299294441938, 0.026965374127, 0.0324020497501, 0.0341093875468, 0.0300316773355, 0.0342731922865, 0.0369095429778, 0.0338034145534, 0.0361018329859, 0.0397475101054, 0.029752034694, 0.0211868435144, 0.0268591195345, 0.0390032939613, 0.0381656810641], "var": [0.0916103422642, 0.0386982858181, 0.0631778463721, 0.117725066841, 0.0400687642395, 0.0294719897211, 0.0370752587914, 0.0306808259338, 0.0869889706373, 0.0893314182758, 0.0317549631, 0.024735596031, 0.0281981881708, 0.0270014330745, 0.0439108647406, 0.076895236969, 0.0294288508594, 0.015078141354, 0.0247861575335, 0.0254489723593, 0.0461329966784, 0.0640425682068, 0.0315041206777, 0.0469353981316, 0.0463316626847, 0.0326213911176, 0.0534578859806, 0.0702486038208, 0.0430823676288, 0.0596084594727, 0.102204203606, 0.0548390448093, 0.0235397201031, 0.0459931343794, 0.048713631928, 0.0877381339669], "median": [0.0284657478333, 0.0267647206783, 0.0162614509463, 0.0110473036766, 0.012028709054, 0.0112563408911, 0.0110320243984, 0.0151537861675, 0.0155575759709, 0.017637565732, 0.0114313410595, 0.00431262049824, 0.00413850974292, 0.0067148944363, 0.0230604596436, 0.0309695191681, 0.018308127299, 0.00847385916859, 0.0080307116732, 0.0121213523671, 0.017627581954, 0.021308299154, 0.0247505027801, 0.0207855030894, 0.0188489370048, 0.0162648707628, 0.015367093496, 0.0162350200117, 0.0165447238833, 0.0432321801782, 0.0532451719046, 0.0334352403879, 0.0175438635051, 0.0129818413407, 0.0185584276915, 0.0244343802333], "max": [1, 1, 1, 1, 1, 1, 1, 1, 1, 1, 1, 1, 1, 1, 1, 1, 1, 1, 1, 1, 1, 1, 1, 1, 1, 1, 1, 1, 1, 1, 1, 1, 1, 1, 1, 1], "dmean": [0.122684657574, 0.105229496956, 0.0866816490889, 0.0778642743826, 0.0824506133795, 0.0650671571493, 0.0676716789603, 0.0754882097244, 0.0809618383646, 0.0849044546485, 0.0698747113347, 0.052691809833, 0.0583384484053, 0.0597976222634, 0.0735359042883, 0.0850489810109, 0.0691210627556, 0.0473833195865, 0.0547355599701, 0.0636222660542, 0.0747739300132, 0.0874727964401, 0.0887634009123, 0.0868357941508, 0.0919398143888, 0.0871013924479, 0.0930879190564, 0.0948474630713, 0.0980746820569, 0.112193629146, 0.121937535703, 0.102046944201, 0.0698535516858, 0.0767393410206, 0.109133318067, 0.110374219716], "dmean2": [0.212193727493, 0.185689032078, 0.148386090994, 0.134135171771, 0.142010897398, 0.112054042518, 0.117018096149, 0.132764950395, 0.138348430395, 0.145207688212, 0.120627827942, 0.0928267836571, 0.102310188115, 0.104891039431, 0.122641436756, 0.144585624337, 0.118567377329, 0.082982942462, 0.0952117592096, 0.109819211066, 0.12654055655, 0.150044590235, 0.153821721673, 0.150531485677, 0.16015483439, 0.152043953538, 0.163040474057, 0.167696192861, 0.171754017472, 0.193638712168, 0.206043541431, 0.175940960646, 0.123804189265, 0.135815247893, 0.195971861482, 0.191303983331], "mean": [0.191388130188, 0.112346202135, 0.143392965198, 0.189422398806, 0.110624551773, 0.0746846199036, 0.0859897434711, 0.0895729959011, 0.158452019095, 0.166407763958, 0.0817925184965, 0.0551836304367, 0.0601034536958, 0.0597489587963, 0.113203957677, 0.152301624417, 0.0878984332085, 0.0488665625453, 0.0645058453083, 0.0696674063802, 0.109329715371, 0.132020577788, 0.0997237190604, 0.104516267776, 0.107938036323, 0.0873667150736, 0.115303061903, 0.132475748658, 0.106912627816, 0.155853495002, 0.217891275883, 0.141745358706, 0.0782424286008, 0.0986824706197, 0.122543878853, 0.1843752563], "dvar2": [0.113614954054, 0.0845045670867, 0.0658515766263, 0.073899641633, 0.0718736350536, 0.0582228675485, 0.0634083300829, 0.071410484612, 0.0765124037862, 0.0800672397017, 0.0681460425258, 0.0514053478837, 0.0639012902975, 0.0664649382234, 0.055563211441, 0.073025085032, 0.0593452975154, 0.0424817539752, 0.0509739741683, 0.05783065781, 0.0632800087333, 0.0738164335489, 0.0724936053157, 0.0810572654009, 0.0872727632523, 0.0787206590176, 0.0909549146891, 0.0964640825987, 0.090506196022, 0.0933400169015, 0.0962107256055, 0.0779000744224, 0.0580122508109, 0.0711383968592, 0.114683575928, 0.0985038951039], "min": [0, 0, 0, 0, 0, 0, 0, 0, 0, 0, 0, 0, 0, 0, 0, 0, 0, 0, 0, 0, 0, 0, 0, 0, 0, 0, 0, 0, 0, 0, 0, 0, 0, 0, 0, 0]}, "key_key": "G", "thpcp": [1, 0.650532484055, 0.359089314938, 0.452897757292, 0.562408387661, 0.846180081367, 0.878365278244, 0.515606701374, 0.658094108105, 0.86934363842, 0.507705271244, 0.342760950327, 0.394645184278, 0.411090314388, 0.72720682621, 0.763719260693, 0.375382244587, 0.253262221813, 0.275841474533, 0.274214565754, 0.519543349743, 0.698979914188, 0.4034050107, 0.224270388484, 0.2960460186, 0.319734722376, 0.50176268816, 0.605901181698, 0.457676500082, 0.479671657085, 0.495375663042, 0.400964736938, 0.529177069664, 0.607990145683, 0.490669608116, 0.715281009674], "chords_key": "A#", "tuning_equal_tempered_deviation": 0.0330683328211, "tuning_frequency": 443.828887939, "tuning_diatonic_strength": 0.352533012629, "chords_histogram": [4.50511932373, 11.1433448792, 2.4061434269, 0.699658691883, 3.68600678444, 9.94880580902, 10.1365184784, 6.87713289261, 4.60750865936, 8.46416378021, 1.10921502113, 2.16723561287, 2.23549485207, 2.15017056465, 0.546075105667, 6.84300327301, 1.39931738377, 0.58020478487, 0.49488055706, 5.17064857483, 5.63139915466, 4.98293495178, 2.66211605072, 1.55290102959], "key_strength": 0.453731060028, "key_scale": "minor", "chords_strength": {"dvar": 0.000797698274255, "var": 0.0263938456774, "median": 0.486608564854, "max": 0.848366081715, "dmean": 0.0117089040577, "dmean2": 0.010117020458, "mean": 0.479774534702, "dvar2": 0.00148028880358, "min": -1}, "chords_number_rate": 0.00341296917759, "tuning_nontempered_energy_ratio": 0.714733362198, "hpcp_entropy": {"dvar": 0.258752435446, "var": 0.514951884747, "median": 1.66873574257, "max": 3.96346259117, "dmean": 0.560724496841, "dmean2": 0.956882357597, "mean": 1.62987053394, "dvar2": 0.696673333645, "min": 0}, "chords_changes_rate": 0.0653583630919, "chords_scale": "major"}, "rhythm": {"bpm_histogram_first_peak_spread": {"dvar": 0, "var": 0, "median": 0.464730322361, "max": 0.464730322361, "dmean": 0, "dmean2": 0, "mean": 0.464730322361, "dvar2": 0, "min": 0.464730322361}, "bpm_histogram_first_peak_weight": {"dvar": 0, "var": 0, "median": 0.259036153555, "max": 0.259036153555, "dmean": 0, "dmean2": 0, "mean": 0.259036153555, "dvar2": 0, "min": 0.259036153555}, "bpm_histogram_first_peak_bpm": {"dvar": 0, "var": 0, "median": 108, "max": 108, "dmean": 0, "dmean2": 0, "mean": 108, "dvar2": 0, "min": 108}, "bpm": 107.262672424, "bpm_histogram_second_peak_weight": {"dvar": 0, "var": 0, "median": 0.0582329332829, "max": 0.0582329332829, "dmean": 0, "dmean2": 0, "mean": 0.0582329332829, "dvar2": 0, "min": 0.0582329332829}, "beats_loudness": {"dvar": 0.000441619777121, "var": 0.000540691544302, "median": 0.0101009607315, "max": 0.199762895703, "dmean": 0.0152918929234, "dmean2": 0.0257020685822, "mean": 0.0186964590102, "dvar2": 0.00111271475907, "min": 0}, "beats_loudness_band_ratio": {"dvar": [0.0336042232811, 0.0166891478002, 0.0226906258613, 0.0146992625669, 0.00703882612288, 0.0294225737453], "var": [0.0653055161238, 0.0251533519477, 0.0376553088427, 0.0196199696511, 0.00609593978152, 0.0179944839329], "median": [0.284617125988, 0.179909437895, 0.237912833691, 0.104683294892, 0.0188948251307, 0.0105230808258], "max": [0.987254559994, 0.845246434212, 0.813341498375, 0.761445522308, 0.50484931469, 0.955447971821], "dmean": [0.220224708319, 0.150746792555, 0.179541870952, 0.124032139778, 0.0597159713507, 0.069235637784], "dmean2": [0.375911474228, 0.25794929266, 0.310265541077, 0.216612190008, 0.107625626028, 0.12999035418], "mean": [0.345761358738, 0.211633995175, 0.262877166271, 0.150767162442, 0.0496967919171, 0.0469878874719], "dvar2": [0.0870206952095, 0.0456619337201, 0.0624081268907, 0.0377359949052, 0.0202360507101, 0.0857608839869], "min": [0, 0, 0, 0, 0, 0]}, "bpm_histogram_second_peak_bpm": {"dvar": 0, "var": 0, "median": 103, "max": 103, "dmean": 0, "dmean2": 0, "mean": 103, "dvar2": 0, "min": 103}, "onset_rate": 4.21199941635, "beats_count": 499, "beats_position": [0.615328788757, 1.25387752056, 1.89242625237, 2.48453521729, 3.05342388153, 3.62231278419, 4.17959165573, 4.73687076569, 5.2941493988, 5.86303853989, 6.40870714188, 6.96598625183, 7.52326536179, 8.08054447174, 8.63782310486, 9.19510173798, 9.75238037109, 10.321269989, 10.8785486221, 11.4358272552, 11.9931058884, 12.5503854752, 13.1076641083, 13.6533327103, 14.2106122971, 14.756280899, 15.3135595322, 15.8592290878, 16.4165077209, 16.9737873077, 17.5310649872, 18.0999546051, 18.6804523468, 19.272562027, 19.7717914581, 20.2710208893, 20.758638382, 21.2810878754, 21.8035373688, 22.3259868622, 22.8484344482, 23.3708839417, 23.8933334351, 24.4157810211, 24.9266204834, 25.5071201324, 26.0992279053, 26.6913375854, 27.2950553894, 27.8871650696, 28.4908847809, 29.0946025848, 29.6983222961, 30.3020401001, 30.8941497803, 31.4862575531, 32.0899772644, 32.7053070068, 33.2974128723, 33.8779144287, 34.4584121704, 35.0505218506, 35.6310195923, 36.2231292725, 36.8036270142, 37.3957366943, 37.9646263123, 38.545124054, 39.1256217957, 39.7177314758, 40.344669342, 40.9716110229, 41.5985488892, 42.1674385071, 42.7363243103, 43.2239456177, 43.7115631104, 44.1759643555, 44.6635818481, 45.1511993408, 45.650428772, 46.1496582031, 46.625667572, 47.0900688171, 47.5544662476, 48.0304756165, 48.4948730469, 49.0405426025, 49.5978240967, 50.1551017761, 50.7007713318, 51.2464370728, 51.8037185669, 52.2797279358, 52.7325172424, 53.1736946106, 53.6380958557, 54.1024932861, 54.5668907166, 55.0312919617, 55.4956893921, 55.9600906372, 56.4477081299, 56.9353294373, 57.4345550537, 58.0266647339, 58.6187744141, 59.2108840942, 59.7681617737, 60.3370513916, 60.9059410095, 61.5096588135, 62.1133766174, 62.7635345459, 63.4136962891, 64.0754623413, 64.7372360229, 65.3873901367, 66.0375518799, 66.6877059937, 67.3378677368, 67.98802948, 68.5685272217, 69.1374130249, 69.7179107666, 70.2868041992, 70.844078064, 71.4013595581, 71.9586410522, 72.515914917, 72.9454879761, 73.3634490967, 73.7697982788, 74.18775177, 74.6057128906, 75.0236740112, 75.4300231934, 75.8363723755, 76.2427215576, 76.6490707397, 77.0554199219, 77.461769104, 77.8797302246, 78.2976837158, 78.7156448364, 79.1452102661, 79.5747833252, 80.0159606934, 80.4571380615, 80.8983230591, 81.3395004272, 81.8967819214, 82.4540557861, 82.9997253418, 83.5686187744, 84.1375045776, 84.7063903809, 85.2868881226, 85.8789978027, 86.5407714844, 87.2025375366, 87.8526992798, 88.4912490845, 89.1181869507, 89.7451248169, 90.3720626831, 91.0106124878, 91.637550354, 92.2528762817, 92.8914260864, 93.5183639526, 94.1336975098, 94.7490234375, 95.4107894897, 96.0609512329, 96.7111129761, 97.3728790283, 98.011428833, 98.6499786377, 99.3001327515, 99.9967346191, 100.681724548, 101.355102539, 102.040092468, 102.678634644, 103.328796387, 103.97895813, 104.629112244, 105.290885925, 105.952651978, 106.61441803, 107.183311462, 107.763809204, 108.321083069, 108.878364563, 109.435646057, 109.992919922, 110.550201416, 111.10748291, 111.664756775, 112.222038269, 112.779319763, 113.336593628, 113.893875122, 114.451156616, 115.008430481, 115.565711975, 116.111381531, 116.657051086, 117.202720642, 117.748390198, 118.294059753, 118.839729309, 119.397003174, 119.942672729, 120.511566162, 121.068840027, 121.637733459, 122.183395386, 122.74067688, 123.297958374, 123.855232239, 124.412513733, 124.969795227, 125.527069092, 126.072738647, 126.630020142, 127.187301636, 127.7445755, 128.301864624, 128.847518921, 129.404800415, 129.962081909, 130.519363403, 131.076644897, 131.633926392, 132.191192627, 132.748474121, 133.305755615, 133.863037109, 134.420318604, 134.977600098, 135.534866333, 136.092147827, 136.649429321, 137.206710815, 137.76399231, 138.321273804, 138.878540039, 139.435821533, 139.993103027, 140.538772583, 141.096054077, 141.653335571, 142.199005127, 142.756271362, 143.325164795, 143.894058228, 144.451339722, 145.008621216, 145.554275513, 146.099945068, 146.668838501, 147.214508057, 147.771789551, 148.329071045, 148.886352539, 149.443618774, 150.012512207, 150.558181763, 151.115463257, 151.626296997, 152.113922119, 152.601531982, 153.100769043, 153.599990845, 154.087615967, 154.575241089, 155.062850952, 155.550476074, 156.026489258, 156.514099121, 157.013336182, 157.500946045, 157.988571167, 158.47618103, 158.963806152, 159.381759644, 159.799728394, 160.217681885, 160.635650635, 161.053604126, 161.459945679, 161.86630249, 162.284255981, 162.702224731, 163.096954346, 163.48008728, 163.863220215, 164.246353149, 164.629470825, 165.035827637, 165.442169189, 165.860137939, 166.278091431, 166.672836304, 167.055953979, 167.439086914, 167.822219849, 168.216964722, 168.623306274, 169.029663086, 169.412780762, 169.807525635, 170.202270508, 170.608612061, 171.131057739, 171.665115356, 172.187576294, 172.756454468, 173.3253479, 173.871017456, 174.42829895, 174.973968506, 175.554458618, 176.134963989, 176.703857422, 177.272735596, 177.841629028, 178.422134399, 179.002624512, 179.571517944, 180.140411377, 180.709289551, 181.289794922, 181.881896973, 182.462402344, 183.054504395, 183.658233643, 184.250335693, 184.842453003, 185.457778931, 186.015060425, 186.57232666, 187.129608154, 187.67527771, 188.209335327, 188.743392944, 189.2890625, 189.823120117, 190.415237427, 191.007339478, 191.587844849, 192.145126343, 192.702392578, 193.259674072, 193.816955566, 194.374237061, 194.931518555, 195.488800049, 196.046066284, 196.603347778, 197.160629272, 197.717910767, 198.275192261, 198.832473755, 199.401351929, 199.970245361, 200.527526855, 201.061584473, 201.607254028, 202.164535522, 202.733413696, 203.29069519, 203.824752808, 204.370422363, 204.916091919, 205.473373413, 206.00743103, 206.553100586, 207.098770142, 207.656051636, 208.224945068, 208.793823242, 209.351104736, 209.919998169, 210.488891602, 211.092605591, 211.69631958, 212.311645508, 212.915374756, 213.530700684, 214.099594116, 214.66847229, 215.248977661, 215.794647217, 216.340316772, 216.897598267, 217.454864502, 218.012145996, 218.557815552, 219.103485107, 219.660766602, 220.241271973, 220.821762085, 221.46031189, 222.098861694, 222.737411499, 223.375961304, 224.026123047, 224.676269531, 225.314819336, 225.895324707, 226.475830078, 227.05632019, 227.601989746, 228.15927124, 228.704940796, 229.238998413, 229.77305603, 230.341949463, 230.910827637, 231.468109131, 232.037002563, 232.594284058, 233.16317749, 233.790115356, 234.417053223, 235.055603027, 235.694152832, 236.321090698, 236.959625244, 237.586578369, 238.236724854, 238.886886597, 239.455780029, 240.024673462, 240.593551636, 241.162445068, 241.742950439, 242.323440552, 242.892333984, 243.461227417, 244.018493652, 244.587387085, 245.156280518, 245.690338135, 246.212783813, 246.723617554, 247.246078491, 247.756912231, 248.267745972, 248.801803589, 249.312652588, 249.869934082, 250.427200317, 250.99609375, 251.553375244, 252.122268677, 252.679534912, 253.236816406, 253.7940979, 254.362991333, 254.920272827, 255.489151001, 256.046447754, 256.615325928, 257.172607422, 257.729888916, 258.29876709, 258.856048584, 259.424926758, 259.993835449, 260.551116943, 261.119995117, 261.700500488, 262.281005859, 262.87310791, 263.418762207, 263.976043701, 264.510101318, 264.916442871, 265.322814941, 265.729156494, 266.089050293, 266.448974609, 266.808898926, 267.180389404, 267.540313721, 267.911834717, 268.283355713, 268.643249512, 269.014770508, 269.386291504, 269.7578125, 270.129333496, 270.512481689, 270.895599365, 271.278717041], "danceability": 1.07972931862, "bpm_histogram_second_peak_spread": {"dvar": 0, "var": 0, "median": 0.546875, "max": 0.546875, "dmean": 0, "dmean2": 0, "mean": 0.546875, "dvar2": 0, "min": 0.546875}}, "lowlevel": {"spectral_flux": {"dvar": 0.000534022634383, "var": 0.00168500305153, "median": 0.0351839102805, "max": 0.322534948587, "dmean": 0.0177560374141, "dmean2": 0.0291524790227, "mean": 0.0484743826091, "dvar2": 0.00133022549562, "min": 6.41843939109e-11}, "spectral_rolloff": {"dvar": 956374.6875, "var": 6244934.5, "median": 818.26171875, "max": 19552.1484375, "dmean": 346.280700684, "dmean2": 576.831970215, "mean": 1396.7644043, "dvar2": 1879983.625, "min": 64.599609375}, "barkbands_flatness_db": {"dvar": 0.000490959966555, "var": 0.00404035206884, "median": 0.173050761223, "max": 0.486148834229, "dmean": 0.0216848626733, "dmean2": 0.031763613224, "mean": 0.180344432592, "dvar2": 0.00101279630326, "min": 0.0327760726213}, "spectral_centroid": {"dvar": 117657.367188, "var": 1794431.5, "median": 696.688354492, "max": 11614.5400391, "dmean": 190.498641968, "dmean2": 268.979095459, "mean": 1019.81182861, "dvar2": 198617.21875, "min": 152.316436768}, "melbands_skewness": {"dvar": 0.501614511013, "var": 2.3644952774, "median": 1.79723775387, "max": 16.0207500458, "dmean": 0.59717297554, "dmean2": 0.887451350689, "mean": 2.10633182526, "dvar2": 1.0548428297, "min": -1.49452459812}, "melbands": {"dvar": [1.26224461994e-08, 1.03258848583e-07, 2.85624679464e-07, 1.54935932528e-07, 7.18160535484e-08, 6.36378771901e-08, 1.4693732453e-07, 1.53506078959e-07, 1.23182786638e-07, 5.77979761829e-08, 1.22951504977e-07, 4.35755964645e-08, 6.12581274595e-08, 6.44661923843e-08, 3.25646247745e-08, 1.27134187622e-08, 9.69389901684e-09, 4.9224322396e-09, 2.20637397241e-09, 9.81284276058e-10, 5.57384582933e-10, 5.19146836631e-10, 9.05303443322e-10, 3.39648364989e-10, 3.12743081432e-10, 2.31268310058e-10, 4.94727418754e-11, 2.05891640542e-11, 6.12944894493e-12, 1.28259000642e-11, 1.15932341851e-11, 1.53956968701e-11, 3.31501250062e-11, 3.17645111603e-11, 2.17694230698e-11, 3.15177987875e-11, 6.59738444431e-11, 8.00428473502e-11, 3.68440659926e-11, 1.35941223556e-11], "var": [4.07499101129e-08, 2.91438738032e-07, 6.65725110593e-07, 5.69952135265e-07, 3.05702997139e-07, 1.45503875615e-07, 2.60792035078e-07, 3.55873424951e-07, 2.93093989967e-07, 2.30554775271e-07, 3.87152766734e-07, 1.05273237239e-07, 1.55603700591e-07, 1.66934285062e-07, 6.52027054571e-08, 2.63591619643e-08, 1.56090802506e-08, 9.58139967366e-09, 4.76960027029e-09, 1.62422919558e-09, 1.85797643937e-09, 2.17355555776e-09, 3.58607232798e-09, 1.14072218338e-09, 8.3728091127e-10, 5.87250026385e-10, 1.10649503449e-10, 2.13822484024e-11, 8.74443226162e-12, 1.90891226437e-11, 2.07050140921e-11, 3.0364502579e-11, 6.4059993421e-11, 6.05642758167e-11, 3.60500865271e-11, 5.98397581486e-11, 1.16716830645e-10, 1.75135780878e-10, 8.45878228573e-11, 2.91177013056e-11], "median": [1.74661108758e-05, 0.000221013935516, 0.000278063322185, 0.000189851925825, 6.86224520905e-05, 5.12261358381e-05, 7.87525350461e-05, 3.71241985704e-05, 2.11224250961e-05, 1.38423911267e-05, 2.33565860981e-05, 1.23422778415e-05, 9.43493068917e-06, 9.40551672102e-06, 9.42925362324e-06, 6.98000440025e-06, 3.91655612475e-06, 1.52981237989e-06, 1.15399473088e-06, 7.72498310653e-07, 7.43849170703e-07, 1.09345273813e-06, 1.0630194538e-06, 6.25316829428e-07, 4.18753245413e-07, 4.88026728362e-07, 2.48107141942e-07, 1.04913453924e-07, 7.63401004633e-08, 6.59671073322e-08, 4.39795648788e-08, 4.60228513077e-08, 3.9698431209e-08, 3.96312387352e-08, 3.88273093677e-08, 3.38561889635e-08, 2.28937722113e-08, 2.02131911209e-08, 2.37579200757e-08, 1.74420549115e-08], "max": [0.0125569608063, 0.00963275320828, 0.0134005397558, 0.0109637463465, 0.00730109075084, 0.0071541108191, 0.0134887155145, 0.0126502905041, 0.010495047085, 0.00905032455921, 0.0134655078873, 0.00995731446892, 0.0104711595923, 0.0121201416478, 0.00838270969689, 0.00376588385552, 0.00322324875742, 0.00226327311248, 0.00195200752933, 0.00100469705649, 0.00114131334703, 0.000816194340587, 0.00126340740826, 0.000573753495701, 0.000519940746017, 0.000411284330767, 0.000251948513323, 0.000180129733053, 8.56014376041e-05, 0.000247652991675, 0.000164106575539, 0.000134610774694, 0.000268727482762, 0.000308472895995, 0.00018960890884, 0.000206063516089, 0.000346697430359, 0.000485304888571, 0.000448037171736, 0.000286869850243], "dmean": [2.72021898127e-05, 0.000184223885299, 0.000281732936855, 0.000218202141696, 0.00010385987116, 9.49383393163e-05, 0.000134782239911, 0.000130006970721, 9.33289993554e-05, 7.53975691623e-05, 9.66224033618e-05, 5.11718426424e-05, 5.15780193382e-05, 4.84427037009e-05, 3.72778740712e-05, 2.87049097096e-05, 2.45871342486e-05, 1.53427390615e-05, 9.44301700656e-06, 6.58321323499e-06, 5.56973100174e-06, 6.84043016008e-06, 9.59192038863e-06, 6.09505377724e-06, 5.63544745091e-06, 4.63726973976e-06, 1.67134783169e-06, 6.85933343902e-07, 5.09603012233e-07, 5.21557865341e-07, 4.87036004415e-07, 7.4428140806e-07, 1.02236242583e-06, 1.03384354588e-06, 8.01586622856e-07, 8.58635530676e-07, 9.75815851234e-07, 1.08329584236e-06, 8.06201342129e-07, 4.66296398827e-07], "dmean2": [3.80597666663e-05, 0.000286789465463, 0.000428965053288, 0.000338998361258, 0.000156420370331, 0.000139113573823, 0.000197139161173, 0.000188394129509, 0.000129854655825, 0.000101986501249, 0.000135757480166, 7.08102961653e-05, 7.09091182216e-05, 7.02944525983e-05, 5.19212881045e-05, 4.05510836572e-05, 3.57703429472e-05, 2.24278574024e-05, 1.36903499879e-05, 9.57573502092e-06, 7.57302541388e-06, 9.15476084629e-06, 1.30675143737e-05, 8.26981704449e-06, 7.68459449318e-06, 6.47821070743e-06, 2.40649433181e-06, 1.06282584511e-06, 7.49962509872e-07, 7.62851698255e-07, 6.79458082686e-07, 1.05018250451e-06, 1.43809540987e-06, 1.46020363445e-06, 1.13261125989e-06, 1.21532593766e-06, 1.38284110562e-06, 1.55179611738e-06, 1.1348992075e-06, 6.42497980152e-07], "mean": [4.94861233165e-05, 0.000382210535463, 0.000581243773922, 0.000475455599371, 0.000241364337853, 0.000186752877198, 0.000238145017647, 0.000221251815674, 0.000171558407601, 0.000165213452419, 0.000187910423847, 9.27530854824e-05, 8.5788553406e-05, 7.6591517427e-05, 5.85141351621e-05, 4.61037852801e-05, 3.4470565879e-05, 2.11539172597e-05, 1.33353541969e-05, 9.49863533606e-06, 1.00791976365e-05, 1.30313837872e-05, 1.85510270967e-05, 1.14029371616e-05, 9.67788855633e-06, 7.96881795395e-06, 2.60290062215e-06, 8.56296082929e-07, 7.13277586328e-07, 7.27805229417e-07, 6.54453572224e-07, 1.08757126327e-06, 1.49270044858e-06, 1.46009574564e-06, 1.0756100437e-06, 1.136230253e-06, 1.2369068827e-06, 1.41566067668e-06, 1.08331641968e-06, 6.2183346472e-07], "dvar2": [1.61327786685e-08, 2.35691913986e-07, 6.25536983989e-07, 3.43203055309e-07, 1.41717578117e-07, 1.37001194389e-07, 3.08214424649e-07, 3.08180148068e-07, 2.71339388291e-07, 1.05460735256e-07, 2.31150210084e-07, 9.23789471585e-08, 1.14616952374e-07, 1.30504560047e-07, 6.24588096798e-08, 2.45219773376e-08, 2.11125179561e-08, 9.80124514882e-09, 4.12301481845e-09, 2.17990936413e-09, 1.02172770244e-09, 8.61243687478e-10, 1.52961776578e-09, 5.93800009163e-10, 5.64847946194e-10, 4.48345693904e-10, 1.01034430822e-10, 5.28989005377e-11, 1.40074271626e-11, 2.30937144408e-11, 2.06214108289e-11, 2.95383544013e-11, 6.31884267133e-11, 6.00484661994e-11, 4.27903198985e-11, 5.96697413702e-11, 1.37657288346e-10, 1.46999717954e-10, 6.53460757727e-11, 2.57390185554e-11], "min": [1.38823702658e-24, 7.40781755896e-25, 8.87413988364e-25, 7.85760583256e-25, 1.53837076608e-24, 1.30914100045e-24, 1.17243998443e-24, 1.10785111035e-24, 1.58139257745e-24, 1.62524072061e-24, 1.92826004229e-24, 2.28892961474e-24, 2.87934092355e-24, 2.65358983729e-24, 2.53794992833e-24, 2.41768828055e-24, 3.37548927065e-24, 3.02679204294e-24, 2.08376740367e-24, 3.61904494754e-24, 4.54668423536e-24, 3.15957567431e-24, 3.21014698314e-24, 2.99541865031e-24, 3.6547460311e-24, 3.32826174597e-24, 3.98175766973e-24, 4.29994234927e-24, 4.77128634571e-24, 5.21615735346e-24, 4.4989751111e-24, 4.83343793542e-24, 5.04785111832e-24, 4.6218390138e-24, 5.20192511944e-24, 5.43400129244e-24, 5.23814882335e-24, 6.07198544979e-24, 6.25359148536e-24, 6.51085401491e-24]}, "spectral_decrease": {"dvar": 3.57058136237e-18, "var": 1.82303460166e-17, "median": -1.70132530286e-09, "max": 1.66149807783e-28, "dmean": 1.0696833419e-09, "dmean2": 1.43285205922e-09, "mean": -3.26807580997e-09, "dvar2": 5.84219055082e-18, "min": -4.73995704908e-08}, "barkbands_kurtosis": {"dvar": 27.5007305145, "var": 72.9191894531, "median": 2.21775841713, "max": 126.267333984, "dmean": 2.80175161362, "dmean2": 4.26776838303, "mean": 4.75026798248, "dvar2": 58.1379241943, "min": -1.92522823811}, "silence_rate_30dB": {"dvar": 0.00323295639828, "var": 0.00492477137595, "median": 1, "max": 1, "dmean": 0.00324315088801, "dmean2": 0.00648685544729, "mean": 0.995050370693, "dvar2": 0.0069576385431, "min": 0}, "gfcc": {"mean": [-111.171485901, 126.464378357, -114.125610352, 11.0436372757, -59.5692253113, 6.00435495377, -40.126209259, 0.237083002925, -29.2834873199, -14.0164985657, -9.05608654022, -9.64928436279, -17.9096031189], "cov": [[24424.0585938, -818.87310791, -3279.87426758, 435.790771484, -1812.43847656, 291.983795166, -1121.02905273, 383.672576904, -433.341094971, -507.554534912, -350.800506592, -124.604423523, -568.432067871], [-818.87310791, 2217.35058594, -248.80770874, -447.356445312, 308.275421143, -235.122573853, 221.234481812, -186.035125732, 70.7061080933, -48.8289222717, 143.787612915, -69.9882354736, 73.0769119263], [-3279.87426758, -248.80770874, 1189.47717285, 105.426834106, 208.830047607, 137.83996582, 109.737678528, -20.487745285, -65.497428894, 127.867149353, -4.24012231827, 55.2179298401, 70.3356399536], [435.790771484, -447.356445312, 105.426834106, 542.85748291, 30.9483528137, 25.3683643341, -121.392997742, 17.3145751953, -13.8447551727, -37.749004364, -23.8914165497, 34.8819885254, -4.82166481018], [-1812.43847656, 308.275421143, 208.830047607, 30.9483528137, 409.672515869, -75.7853088379, 66.9551696777, -32.9804916382, 47.4044265747, 54.1647377014, 26.3657875061, 8.11545753479, 33.8699264526], [291.983795166, -235.122573853, 137.83996582, 25.3683643341, -75.7853088379, 225.35307312, 24.1227436066, 29.0881977081, -53.4181861877, 30.7023601532, -15.9421806335, -22.4927425385, -14.7145376205], [-1121.02905273, 221.234481812, 109.737678528, -121.392997742, 66.9551696777, 24.1227436066, 259.132171631, -16.631937027, 16.5790138245, 44.1395759583, 33.2510185242, -16.346660614, -1.36054456234], [383.672576904, -186.035125732, -20.487745285, 17.3145751953, -32.9804916382, 29.0881977081, -16.631937027, 130.024475098, 0.285355210304, 7.49078941345, -14.2849082947, -1.15265393257, -17.2922592163], [-433.341094971, 70.7061080933, -65.497428894, -13.8447551727, 47.4044265747, -53.4181861877, 16.5790138245, 0.285355210304, 148.984970093, 19.1443824768, 10.3521776199, -9.25119876862, 5.99262666702], [-507.554534912, -48.8289222717, 127.867149353, -37.749004364, 54.1647377014, 30.7023601532, 44.1395759583, 7.49078941345, 19.1443824768, 173.370040894, 16.9242420197, -13.191119194, 1.3078558445], [-350.800506592, 143.787612915, -4.24012231827, -23.8914165497, 26.3657875061, -15.9421806335, 33.2510185242, -14.2849082947, 10.3521776199, 16.9242420197, 104.242790222, 15.1814613342, -1.15276551247], [-124.604423523, -69.9882354736, 55.2179298401, 34.8819885254, 8.11545753479, -22.4927425385, -16.346660614, -1.15265393257, -9.25119876862, -13.191119194, 15.1814613342, 101.752784729, 16.1023521423], [-568.432067871, 73.0769119263, 70.3356399536, -4.82166481018, 33.8699264526, -14.7145376205, -1.36054456234, -17.2922592163, 5.99262666702, 1.3078558445, -1.15276551247, 16.1023521423, 126.789077759]], "icov": [[0.000184079690371, -0.000187092009583, 0.000416341848904, -0.000241228437517, 0.00050571578322, -0.00033298478229, 0.000478473695694, -0.000320586608723, 0.000408518069889, -0.000194716732949, 0.0004934722092, -0.000227546828683, 0.000496735388879], [-0.000187092009583, 0.0011283144122, -0.000235935149249, 0.000843278423417, -0.0011678095907, 0.000793441256974, -0.00085545697948, 0.00112329050899, -0.000260632659774, 0.000767267949414, -0.00140718801413, 0.000959213357419, -0.000908299349248], [0.000416341848904, -0.000235935149249, 0.00226933462545, -0.000674930284731, 0.000377735559596, -0.00148572074249, 0.000585018540733, -0.000358470948413, 0.00148921646178, -0.00104348105378, 0.00130698084831, -0.00119617546443, 0.000506226380821], [-0.000241228437517, 0.000843278423417, -0.000674930284731, 0.00298665021546, -0.00150516012218, 0.000222546557779, 0.000323936692439, 0.000767184305005, -0.000643589184619, 0.00118919205852, -0.00106591510121, 0.000200389520614, -0.000560509390198], [0.00050571578322, -0.0011678095907, 0.000377735559596, -0.00150516012218, 0.00528229353949, 0.000327837304212, 0.000856114260387, -0.00109733757563, 0.000393603142584, -0.00159777642693, 0.00161113508511, -0.000708205683623, 0.00126251997426], [-0.00033298478229, 0.000793441256974, -0.00148572074249, 0.000222546557779, 0.000327837304212, 0.00733102532104, -0.00188449188136, -0.000117625117127, 0.00105660175905, -0.000345452688634, -0.00101996713784, 0.00248222192749, -0.000761452247389], [0.000478473695694, -0.00085545697948, 0.000585018540733, 0.000323936692439, 0.000856114260387, -0.00188449188136, 0.00653673615307, -0.000775791879278, 0.000405202736147, -0.000882595661096, 0.000359902333003, -0.000302427040879, 0.00187454104889], [-0.000320586608723, 0.00112329050899, -0.000358470948413, 0.000767184305005, -0.00109733757563, -0.000117625117127, -0.000775791879278, 0.00962476991117, -0.00111892283894, 0.000172510524862, -0.000621515675448, 0.000415181246353, -0.000280100241071], [0.000408518069889, -0.000260632659774, 0.00148921646178, -0.000643589184619, 0.000393603142584, 0.00105660175905, 0.000405202736147, -0.00111892283894, 0.00897748582065, -0.00151586462744, 0.000727257865947, 0.000412886205595, 0.000545829825569], [-0.000194716732949, 0.000767267949414, -0.00104348105378, 0.00118919205852, -0.00159777642693, -0.000345452688634, -0.000882595661096, 0.000172510524862, -0.00151586462744, 0.00772790191695, -0.00217444985174, 0.00163069576956, -0.000525257957634], [0.0004934722092, -0.00140718801413, 0.00130698084831, -0.00106591510121, 0.00161113508511, -0.00101996713784, 0.000359902333003, -0.000621515675448, 0.000727257865947, -0.00217444985174, 0.0130576137453, -0.00351990177296, 0.00218199542724], [-0.000227546828683, 0.000959213357419, -0.00119617546443, 0.000200389520614, -0.000708205683623, 0.00248222192749, -0.000302427040879, 0.000415181246353, 0.000412886205595, 0.00163069576956, -0.00351990177296, 0.0124443648383, -0.00201996788383], [0.000496735388879, -0.000908299349248, 0.000506226380821, -0.000560509390198, 0.00126251997426, -0.000761452247389, 0.00187454104889, -0.000280100241071, 0.000545829825569, -0.000525257957634, 0.00218199542724, -0.00201996788383, 0.0101477680728]]}, "silence_rate_20dB": {"dvar": 0, "var": 0, "median": 1, "max": 1, "dmean": 0, "dmean2": 0, "mean": 1, "dvar2": 0, "min": 1}, "barkbands_skewness": {"dvar": 0.299741625786, "var": 1.47200489044, "median": 1.19584310055, "max": 9.53509902954, "dmean": 0.495320349932, "dmean2": 0.730672299862, "mean": 1.3602013588, "dvar2": 0.611125767231, "min": -4.30441188812}, "erbbands_skewness": {"dvar": 0.16084331274, "var": 0.741998434067, "median": 0.47090780735, "max": 5.70140504837, "dmean": 0.37380862236, "dmean2": 0.541467368603, "mean": 0.446598172188, "dvar2": 0.313534170389, "min": -5.92240333557}, "spectral_contrast_valleys": {"dvar": [0.143650963902, 0.105568736792, 0.10698723793, 0.115166842937, 0.131607636809, 0.206420227885], "var": [5.34938049316, 6.07412004471, 5.95538425446, 5.6632642746, 5.75871324539, 5.51712083817], "median": [-8.37812042236, -7.46192264557, -8.2621049881, -9.09305763245, -9.28105449677, -11.7269039154], "max": [-6.30200004578, -5.12987327576, -5.06402397156, -5.75838375092, -5.68885850906, -6.91133403778], "dmean": [0.429900199175, 0.326924145222, 0.329898416996, 0.331958025694, 0.338011443615, 0.406010508537], "dmean2": [0.70594149828, 0.531278312206, 0.530670404434, 0.511882424355, 0.496667832136, 0.554389178753], "mean": [-8.67111873627, -7.80481147766, -8.60885047913, -9.39953899384, -9.59020328522, -11.9947433472], "dvar2": [0.352793246508, 0.242443978786, 0.23858293891, 0.232536658645, 0.255772531033, 0.385103076696], "min": [-28.0671920776, -28.1797161102, -27.9464378357, -27.6855125427, -27.50847435, -27.4372711182]}, "spectral_strongpeak": {"dvar": 0.562273621559, "var": 1.34190022945, "median": 0.433831870556, "max": 12.762172699, "dmean": 0.391507804394, "dmean2": 0.622088968754, "mean": 0.837285518646, "dvar2": 1.25691998005, "min": 0}, "erbbands_crest": {"dvar": 6.16356182098, "var": 22.5200576782, "median": 9.85907363892, "max": 31.2075977325, "dmean": 2.57555198669, "dmean2": 4.00506782532, "mean": 10.9492282867, "dvar2": 14.2082691193, "min": 2.5770175457}, "barkbands_crest": {"dvar": 3.83008527756, "var": 14.5996999741, "median": 9.57507133484, "max": 25.3791599274, "dmean": 2.16413521767, "dmean2": 3.44670772552, "mean": 10.2906827927, "dvar2": 8.98822498322, "min": 3.02615094185}, "spectral_energyband_middle_low": {"dvar": 2.42728347075e-05, "var": 0.000105827937659, "median": 0.00403374014422, "max": 0.110094301403, "dmean": 0.00289333728142, "dmean2": 0.0041029183194, "mean": 0.00804483611137, "dvar2": 4.66532655992e-05, "min": 1.58775296571e-22}, "spectral_contrast_coeffs": {"dvar": [0.00149519369006, 0.00173110631295, 0.00134779431392, 0.00108190998435, 0.00110579328611, 0.000509596371558], "var": [0.00871695019305, 0.00778842438012, 0.00807860214263, 0.0056756879203, 0.00640889583156, 0.00262085115537], "median": [-0.567183613777, -0.690105676651, -0.710360169411, -0.72770524025, -0.752144932747, -0.784895062447], "max": [-0.297907233238, -0.374782979488, -0.383145481348, -0.443816065788, -0.46362683177, -0.614018499851], "dmean": [0.0465184934437, 0.043415043503, 0.0398149937391, 0.0343347452581, 0.0315427035093, 0.0224296879023], "dmean2": [0.0760225206614, 0.0680315196514, 0.0614016130567, 0.0522292293608, 0.0462090261281, 0.0332529097795], "mean": [-0.567436277866, -0.688215792179, -0.708200395107, -0.726613402367, -0.743476569653, -0.785673797131], "dvar2": [0.0038228505291, 0.00383336027153, 0.00283866026439, 0.00218678102829, 0.00197299337015, 0.00104150746483], "min": [-0.983322441578, -0.980458974838, -0.982985377312, -0.977219939232, -0.967103779316, -0.964180827141]}, "hfc": {"dvar": 166.123382568, "var": 582.661132812, "median": 3.50902366638, "max": 491.822357178, "dmean": 4.97296142578, "dmean2": 6.37970399857, "mean": 11.8735704422, "dvar2": 261.000305176, "min": 1.0368603761e-16}, "spectral_energyband_high": {"dvar": 1.59425928814e-06, "var": 4.06083245252e-06, "median": 1.96755026991e-05, "max": 0.0523126423359, "dmean": 0.000221746959141, "dmean2": 0.000290900003165, "mean": 0.000343218795024, "dvar2": 2.41282327806e-06, "min": 6.89871942823e-21}, "erbbands_spread": {"dvar": 96.8270645142, "var": 277.840637207, "median": 23.5729789734, "max": 156.392715454, "dmean": 6.52025032043, "dmean2": 9.80426025391, "mean": 27.1054725647, "dvar2": 220.859375, "min": 2.62005639076}, "dissonance": {"dvar": 0.000837835890707, "var": 0.00232655764557, "median": 0.429995685816, "max": 0.499927639961, "dmean": 0.0305060520768, "dmean2": 0.0503163598478, "mean": 0.421980261803, "dvar2": 0.00217653880827, "min": 0.198407933116}, "spectral_kurtosis": {"dvar": 38.4985466003, "var": 150.409957886, "median": 8.34445095062, "max": 117.600723267, "dmean": 4.66866064072, "dmean2": 7.75662565231, "mean": 12.2640304565, "dvar2": 102.580039978, "min": -1.26912295818}, "spectral_skewness": {"dvar": 0.192992806435, "var": 1.23587274551, "median": 2.26732850075, "max": 8.78664112091, "dmean": 0.419644862413, "dmean2": 0.67418384552, "mean": 2.45285511017, "dvar2": 0.476578503847, "min": -0.581004202366}, "pitch_salience": {"dvar": 0.00336487940513, "var": 0.0136284064502, "median": 0.550764203072, "max": 0.902052462101, "dmean": 0.0621744506061, "dmean2": 0.0982332080603, "mean": 0.553150773048, "dvar2": 0.00809557083994, "min": 0.120199128985}, "spectral_complexity": {"dvar": 6.52672147751, "var": 38.5358772278, "median": 9, "max": 45, "dmean": 1.98463773727, "dmean2": 2.95442128181, "mean": 10.2919435501, "dvar2": 11.2249126434, "min": 0}, "spectral_spread": {"dvar": 971894489088, "var": 21872443916300.0, "median": 3153449, "max": 43267592, "dmean": 634067.4375, "dmean2": 954488.4375, "mean": 3986804, "dvar2": 1945809584130.0, "min": 744968.25}, "dynamic_complexity": 4.86500740051, "melbands_crest": {"dvar": 7.27570056915, "var": 26.3028011322, "median": 13.432258606, "max": 35.4506111145, "dmean": 2.92361283302, "dmean2": 4.65114355087, "mean": 14.0967702866, "dvar2": 17.6382522583, "min": 1.63687372208}, "zerocrossingrate": {"dvar": 0.000294355937513, "var": 0.00431649805978, "median": 0.033203125, "max": 0.52490234375, "dmean": 0.00867808796465, "dmean2": 0.00978067051619, "mean": 0.047550458461, "dvar2": 0.000288723502308, "min": 0.00390625}, "spectral_energyband_low": {"dvar": 1.73993009867e-06, "var": 5.1191559578e-06, "median": 0.00121508503798, "max": 0.0394998751581, "dmean": 0.000803112285212, "dmean2": 0.00123376690317, "mean": 0.00185340817552, "dvar2": 3.88167063647e-06, "min": 1.61942983313e-23}, "melbands_kurtosis": {"dvar": 139.825057983, "var": 331.653442383, "median": 4.57399749756, "max": 391.009063721, "dmean": 5.37093353271, "dmean2": 8.23637580872, "mean": 10.3100366592, "dvar2": 305.012298584, "min": -1.94086289406}, "spectral_energyband_middle_high": {"dvar": 1.85958724614e-05, "var": 7.87687968113e-05, "median": 0.000912653224077, "max": 0.12502720952, "dmean": 0.00167683651671, "dmean2": 0.00213359831832, "mean": 0.00390134053305, "dvar2": 2.72274482995e-05, "min": 1.22801323308e-21}, "barkbands_spread": {"dvar": 56.1428527832, "var": 159.805221558, "median": 10.6209802628, "max": 101.510223389, "dmean": 4.08909082413, "dmean2": 6.08691883087, "mean": 14.3088407516, "dvar2": 117.216491699, "min": 0.551928579807}, "mfcc": {"mean": [-744.830932617, 155.736480713, 3.57071995735, 7.31974458694, 3.21686458588, -4.99350833893, 1.64329302311, 4.58637809753, -14.2727651596, -7.41717290878, 1.07590448856, -4.11580133438, -5.56890439987], "cov": [[10789.3847656, -1299.7454834, -944.768981934, -289.522521973, -284.428985596, -490.946655273, -539.813903809, 402.223022461, -304.29385376, -35.859161377, 250.869827271, -505.940979004, -147.976211548], [-1299.7454834, 2232.23803711, -206.37902832, -150.203887939, -45.0882301331, -4.60155296326, 112.94065094, -66.068397522, -18.479221344, -35.7440299988, 2.18599462509, 90.3524780273, 23.3110256195], [-944.768981934, -206.37902832, 719.88885498, 37.4534873962, 46.3943252563, 134.707580566, 141.532562256, -32.0335693359, 42.6968040466, -13.018163681, -60.5900382996, 48.2352409363, 4.7499332428], [-289.522521973, -150.203887939, 37.4534873962, 399.364654541, 173.037963867, 39.1486663818, -11.7009620667, 2.25070405006, 20.2607021332, -58.7717208862, -36.5807228088, 42.6828956604, 31.7117614746], [-284.428985596, -45.0882301331, 46.3943252563, 173.037963867, 299.122589111, 20.0692272186, -27.919670105, -20.1871471405, 21.3777732849, -34.3825759888, -36.0447235107, 7.73261404037, 22.0772209167], [-490.946655273, -4.60155296326, 134.707580566, 39.1486663818, 20.0692272186, 183.934921265, 79.8611526489, -32.3246154785, 21.4982280731, 27.3425712585, -23.1191749573, 58.1563682556, 1.56456708908], [-539.813903809, 112.94065094, 141.532562256, -11.7009620667, -27.919670105, 79.8611526489, 219.523635864, -10.7932090759, 5.76978302002, 38.1347198486, -33.1632766724, 63.7606620789, -0.435997486115], [402.223022461, -66.068397522, -32.0335693359, 2.25070405006, -20.1871471405, -32.3246154785, -10.7932090759, 166.993774414, -26.7451038361, -36.9367675781, 25.731