{"lowlevel": {"spectral_strongpeak": {"max": 277.616546631, "dmean": 19.5320320129, "dvar2": 3031.40869141, "dmean2": 33.1123390198, "var": 2217.28808594, "median": 0.799659729004, "min": 0, "dvar": 1367.19018555, "mean": 24.9987812042}, "barkbands_flatness_db": {"max": 0.354262769222, "dmean": 0.0187816824764, "dvar2": 0.000908267567866, "dmean2": 0.0291355215013, "var": 0.00320631987415, "median": 0.134180665016, "min": 0.0323522351682, "dvar": 0.000359502097126, "mean": 0.139862447977}, "barkbands_skewness": {"max": 9.78071498871, "dmean": 0.502965569496, "dvar2": 0.844170451164, "dmean2": 0.790225505829, "var": 2.40639662743, "median": 2.54001879692, "min": -2.12973284721, "dvar": 0.328815072775, "mean": 2.41036128998}, "spectral_energyband_middle_high": {"max": 0.0535576827824, "dmean": 0.000251510413364, "dvar2": 1.2444636468e-06, "dmean2": 0.000381816149456, "var": 4.10612165069e-06, "median": 0.000553455785848, "min": 1.18022446858e-21, "dvar": 7.14858344963e-07, "mean": 0.000951769645326}, "erbbands_kurtosis": {"max": 61.3136138916, "dmean": 1.53139424324, "dvar2": 19.7287750244, "dmean2": 2.42153644562, "var": 34.9875183105, "median": 0.767984986305, "min": -1.66740608215, "dvar": 7.7365860939, "mean": 3.09703969955}, "erbbands_crest": {"max": 30.1841545105, "dmean": 1.97872614861, "dvar2": 8.60115623474, "dmean2": 3.12624549866, "var": 18.805437088, "median": 9.00424766541, "min": 2.41130685806, "dvar": 3.41615557671, "mean": 9.90694236755}, "dynamic_complexity": 11.5279998779, "barkbands_crest": {"max": 22.9942111969, "dmean": 1.7913877964, "dvar2": 7.26472949982, "dmean2": 2.87115645409, "var": 8.37653827667, "median": 8.44350814819, "min": 3.07969546318, "dvar": 2.79207062721, "mean": 8.95705223083}, "dissonance": {"max": 0.5, "dmean": 0.0231902003288, "dvar2": 0.00161873141769, "dmean2": 0.0389427915215, "var": 0.00123125757091, "median": 0.464590847492, "min": 0.258303850889, "dvar": 0.000595282705035, "mean": 0.45515525341}, "spectral_energyband_low": {"max": 0.0655972659588, "dmean": 0.00207070191391, "dvar2": 2.53945072473e-05, "dmean2": 0.00297319423407, "var": 6.75612100167e-05, "median": 0.00247435504571, "min": 1.58332903376e-23, "dvar": 1.23412273751e-05, "mean": 0.00588357029483}, "spectral_contrast_coeffs": {"max": [-0.307951211929, -0.444527804852, -0.617814421654, -0.591556847095, -0.688382506371, -0.62876611948], "dmean": [0.0457388684154, 0.0419157855213, 0.0302213411778, 0.0264480262995, 0.0219567380846, 0.0235747881234], "dvar2": [0.00392134208232, 0.00329722627066, 0.00154842913616, 0.00133086973801, 0.00101555336732, 0.000980295822956], "dmean2": [0.075914144516, 0.0693827494979, 0.0498505011201, 0.0432861149311, 0.0355316922069, 0.0374732352793], "var": [0.0124224610627, 0.00925827771425, 0.00318559701554, 0.00276444666088, 0.00311102857813, 0.003340984229], "median": [-0.645065784454, -0.726095080376, -0.811265707016, -0.821702778339, -0.803598403931, -0.783293247223], "min": [-0.979560136795, -0.980240464211, -0.975023269653, -0.973814368248, -0.968671143055, -0.965489864349], "dvar": [0.00143531593494, 0.0011978817638, 0.000591978605371, 0.000485987431603, 0.000401030672947, 0.000404822028941], "mean": [-0.646297991276, -0.728173315525, -0.810508549213, -0.823202610016, -0.815961897373, -0.787171840668]}, "silence_rate_60dB": {"max": 1, "dmean": 0.00964552722871, "dvar2": 0.0189244244248, "dmean2": 0.019295707345, "var": 0.222477331758, "median": 0, "min": 0, "dvar": 0.00955239217728, "mean": 0.334136933088}, "mfcc": {"icov": [[0.000173186839675, -0.00037456487189, 0.000186997829587, -0.00041902664816, 0.000305720226606, -0.000226053103688, 9.59829194471e-05, 9.00709201233e-05, 0.000113847680041, -0.000368992710719, 0.000267990719294, -0.000280191365164, 0.000396745454054], [-0.00037456487189, 0.00171658175532, -0.00121841416694, 0.000363849831047, -0.00069595122477, 0.000928294670302, 0.00113868014887, -0.00147873349488, 0.000287930481136, 0.000917100231163, -0.000299714040011, 0.00139185471926, -0.000755101907998], [0.000186997829587, -0.00121841416694, 0.00303856073879, -0.00210880325176, 0.00224379915744, -0.000335825578077, -0.00280231307261, 0.00296765007079, -0.000987611128949, 0.00111192488112, -0.0026899180375, 0.00267572165467, -0.000491810671519], [-0.00041902664816, 0.000363849831047, -0.00210880325176, 0.0097542591393, -0.00620472570881, -0.00175909569953, 0.000556805171072, -0.00286899670027, 0.00157402211335, -0.00524630676955, 0.00821666698903, -0.00598177639768, 0.00231033656746], [0.000305720226606, -0.00069595122477, 0.00224379915744, -0.00620472570881, 0.0168486032635, -0.009317278862, 0.00463722785935, 0.00209681107663, -0.00422371504828, 0.00939000304788, -0.0120585775003, 0.00856141932309, -0.00335436267778], [-0.000226053103688, 0.000928294670302, -0.000335825578077, -0.00175909569953, -0.009317278862, 0.0244639534503, -0.0136276204139, -0.00199042935856, 0.00922532752156, -0.0141630787402, 0.0126306060702, -0.00513154035434, 0.000236209059949], [9.59829194471e-05, 0.00113868014887, -0.00280231307261, 0.000556805171072, 0.00463722785935, -0.0136276204139, 0.0290165878832, -0.00967241823673, -0.00456334650517, 0.0081494320184, -0.00531412428245, 0.00459371693432, 0.000124803118524], [9.00709201233e-05, -0.00147873349488, 0.00296765007079, -0.00286899670027, 0.00209681107663, -0.00199042935856, -0.00967241823673, 0.0308642685413, -0.012943171896, 0.000996538321488, 0.000580437364988, -0.00552084017545, 0.00811805669218], [0.000113847680041, 0.000287930481136, -0.000987611128949, 0.00157402211335, -0.00422371504828, 0.00922532752156, -0.00456334650517, -0.012943171896, 0.0340584926307, -0.0205220915377, 0.00910568796098, 0.006631501019, -0.0104813510552], [-0.000368992710719, 0.000917100231163, 0.00111192488112, -0.00524630676955, 0.00939000304788, -0.0141630787402, 0.0081494320184, 0.000996538321488, -0.0205220915377, 0.0439195744693, -0.0227500032634, 0.00206314376555, 0.0035177427344], [0.000267990719294, -0.000299714040011, -0.0026899180375, 0.00821666698903, -0.0120585775003, 0.0126306060702, -0.00531412428245, 0.000580437364988, 0.00910568796098, -0.0227500032634, 0.0359647534788, -0.0168773680925, 0.0057382392697], [-0.000280191365164, 0.00139185471926, 0.00267572165467, -0.00598177639768, 0.00856141932309, -0.00513154035434, 0.00459371693432, -0.00552084017545, 0.006631501019, 0.00206314376555, -0.0168773680925, 0.0356183610857, -0.0153348371387], [0.000396745454054, -0.000755101907998, -0.000491810671519, 0.00231033656746, -0.00335436267778, 0.000236209059949, 0.000124803118524, 0.00811805669218, -0.0104813510552, 0.0035177427344, 0.0057382392697, -0.0153348371387, 0.0278194397688]], "cov": [[22148.5390625, 4792.07128906, 1027.46203613, 1920.82202148, 147.859634399, 699.58203125, 92.440071106, 393.945587158, -25.8710193634, 223.953430176, -496.40914917, -71.2268066406, -405.574371338], [4792.07128906, 2223.50634766, 784.233459473, 326.589477539, 15.8191184998, 9.48058509827, -7.02873420715, 45.6054267883, -0.808716058731, -23.6964836121, -93.58618927, -124.753288269, -79.469329834], [1027.46203613, 784.233459473, 822.242004395, 123.088005066, -26.294424057, -2.53837370872, 57.5304336548, -17.1898612976, 9.85335350037, -17.7118263245, -17.8881568909, -88.5261688232, -26.5997810364], [1920.82202148, 326.589477539, 123.088005066, 420.126708984, 94.6557922363, 175.250793457, 48.6005897522, 74.132598877, 8.94311141968, 45.0965499878, -85.2495727539, 7.96503400803, -43.5274238586], [147.859634399, 15.8191184998, -26.294424057, 94.6557922363, 124.899032593, 60.8426742554, 5.05386352539, 8.19246768951, 1.02970147133, 3.51817727089, -3.44196629524, -4.00089883804, 0.572459578514], [699.58203125, 9.48058509827, -2.53837370872, 175.250793457, 60.8426742554, 162.846084595, 57.3374710083, 47.2864646912, 2.22624492645, 32.8127822876, -46.0082397461, 10.6376028061, -20.3779087067], [92.440071106, -7.02873420715, 57.5304336548, 48.6005897522, 5.05386352539, 57.3374710083, 74.3134536743, 32.1454238892, 13.3109712601, 7.1368393898, -16.453125, -8.193151474, -11.1293964386], [393.945587158, 45.6054267883, -17.1898612976, 74.132598877, 8.19246768951, 47.2864646912, 32.1454238892, 69.9877700806, 24.675617218, 20.0031089783, -20.0451030731, 3.64065504074, -17.9130077362], [-25.8710193634, -0.808716058731, 9.85335350037, 8.94311141968, 1.02970147133, 2.22624492645, 13.3109712601, 24.675617218, 59.6057090759, 22.2309551239, -6.63627672195, -9.02994251251, 8.66085624695], [223.953430176, -23.6964836121, -17.7118263245, 45.0965499878, 3.51817727089, 32.8127822876, 7.1368393898, 20.0031089783, 22.2309551239, 57.3952331543, 15.4532814026, 14.1056566238, -7.91278505325], [-496.40914917, -93.58618927, -17.8881568909, -85.2495727539, -3.44196629524, -46.0082397461, -16.453125, -20.0451030731, -6.63627672195, 15.4532814026, 82.7434082031, 23.182100296, 8.45867824554], [-71.2268066406, -124.753288269, -88.5261688232, 7.96503400803, -4.00089883804, 10.6376028061, -8.193151474, 3.64065504074, -9.02994251251, 14.1056566238, 23.182100296, 64.7498703003, 19.5291500092], [-405.574371338, -79.469329834, -26.5997810364, -43.5274238586, 0.572459578514, -20.3779087067, -11.1293964386, -17.9130077362, 8.66085624695, -7.91278505325, 8.45867824554, 19.5291500092, 61.5208587646]], "mean": [-780.808898926, 140.635955811, 9.70819473267, 21.6200885773, 2.31224942207, -2.19221806526, -10.2677202225, -0.31876423955, -7.35792398453, -4.01388025284, -6.16867017746, 2.08367657661, -3.04591917992]}, "melbands_spread": {"max": 163.248275757, "dmean": 3.33057570457, "dvar2": 63.7223968506, "dmean2": 5.25650644302, "var": 413.257537842, "median": 8.37357711792, "min": 1.00956249237, "dvar": 27.2425518036, "mean": 17.3448257446}, "barkbands_kurtosis": {"max": 136.439193726, "dmean": 4.10950994492, "dvar2": 91.1195220947, "dmean2": 6.34242916107, "var": 167.66104126, "median": 8.87244606018, "min": -1.67289400101, "dvar": 37.0950775146, "mean": 11.9119358063}, "spectral_energyband_high": {"max": 0.00305244582705, "dmean": 9.68764652498e-05, "dvar2": 6.23859932602e-08, "dmean2": 0.000148049512063, "var": 1.84436203199e-07, "median": 0.00029683340108, "min": 7.18088333675e-21, "dvar": 2.73442406495e-08, "mean": 0.000393923197407}, "hfc": {"max": 2963.00146484, "dmean": 105.738090515, "dvar2": 92394.1953125, "dmean2": 158.558563232, "var": 283583.75, "median": 184.458251953, "min": 1.09761778471e-16, "dvar": 38960.0039062, "mean": 407.34072876}, "spectral_skewness": {"max": 10.6442966461, "dmean": 0.343726873398, "dvar2": 0.911581933498, "dmean2": 0.555044770241, "var": 0.951415121555, "median": 3.18836402893, "min": -0.0507791675627, "dvar": 0.319984614849, "mean": 3.30759477615}, "erbbands": {"max": [0.556306660175, 7.50117301941, 25.4436073303, 106.507637024, 230.946090698, 149.299377441, 351.075714111, 684.201782227, 686.099060059, 200.737335205, 299.117675781, 344.092590332, 131.221542358, 145.772323608, 77.2130432129, 181.24848938, 312.818054199, 154.188858032, 2977.67871094, 379.988311768, 177.779510498, 69.117729187, 44.3270606995, 50.7536773682, 31.4180908203, 7.13841152191, 8.95531272888, 8.82093906403, 3.89222002029, 2.24427628517, 2.09833502769, 1.46610116959, 1.3911408186, 0.565889716148, 0.454608500004, 0.92306548357, 0.712398171425, 0.745213031769, 0.449783116579, 0.23134624958], "dmean": [0.0243017040193, 0.144091382623, 0.902034461498, 3.26247239113, 5.97001457214, 5.21255779266, 10.1360340118, 15.8303966522, 11.5492362976, 4.90411663055, 4.69580841064, 6.44704341888, 2.85487055779, 2.90791654587, 1.82810091972, 1.78402578831, 1.89439725876, 1.65320515633, 3.6474878788, 1.18439590931, 2.86088323593, 1.78365039825, 0.735782921314, 0.894389748573, 0.401661068201, 0.283643037081, 0.228037789464, 0.236061826348, 0.149095654488, 0.0938723832369, 0.0736952647567, 0.0542321950197, 0.0439186654985, 0.0240728054196, 0.0165605526417, 0.0208316463977, 0.0219131913036, 0.018786540255, 0.00804210081697, 0.00420606508851], "dvar2": [0.00481598218903, 0.185179933906, 5.02929925919, 90.9941177368, 449.757446289, 216.842193604, 1116.83898926, 1634.09143066, 1108.92028809, 241.171890259, 358.406677246, 395.102783203, 79.5546340942, 72.2932891846, 30.9415130615, 39.0001296997, 71.5459976196, 29.6676387787, 3175.99365234, 54.5156364441, 143.912277222, 35.1463432312, 7.11947488785, 9.20585632324, 1.42128419876, 0.469687908888, 0.361484497786, 0.349823445082, 0.15365408361, 0.067785307765, 0.0417364053428, 0.0227873846889, 0.0152472564951, 0.00556755950674, 0.00283979787491, 0.00435079261661, 0.00368805718608, 0.00295365578495, 0.000557311810553, 0.000108760010335], "dmean2": [0.0395633503795, 0.225592643023, 1.26301276684, 4.79874706268, 10.0182533264, 7.88666915894, 17.0648441315, 22.6014976501, 14.7871837616, 7.47053766251, 7.65386533737, 9.42036628723, 4.40740251541, 4.57623958588, 3.0533246994, 3.00682854652, 2.93793225288, 2.76703500748, 5.0418715477, 1.76766335964, 4.74912261963, 2.91518497467, 1.18346393108, 1.47540962696, 0.632771015167, 0.436396062374, 0.364648640156, 0.363707780838, 0.238735482097, 0.149446487427, 0.119073726237, 0.0869916528463, 0.0685479789972, 0.0384196639061, 0.0263905897737, 0.0326133742929, 0.034029494971, 0.0280877444893, 0.0119505543262, 0.00635693501681], "var": [0.00540887704119, 0.31422239542, 10.6128768921, 195.764099121, 436.852844238, 357.234802246, 1208.17248535, 5694.10449219, 8328.11621094, 564.313537598, 609.318115234, 749.140930176, 190.112380981, 226.062515259, 32.7713088989, 69.0183258057, 266.413848877, 40.4322052002, 8963.40722656, 153.065567017, 105.62575531, 33.8299713135, 8.89558315277, 10.5637149811, 2.40452694893, 1.1309633255, 0.63027048111, 0.592482089996, 0.238880470395, 0.0795722305775, 0.0504897758365, 0.0281789507717, 0.0179555993527, 0.00332741183229, 0.00163168471772, 0.00481179496273, 0.00968932639807, 0.00754642114043, 0.00130834116135, 0.000478967529489], "median": [0.0166041217744, 0.12413969636, 0.668002724648, 1.59609413147, 3.4902920723, 3.7993452549, 5.65138530731, 12.1371173859, 4.96194982529, 2.3495619297, 1.85976600647, 3.28733730316, 2.13703250885, 2.08958053589, 1.68125426769, 2.48126173019, 1.41147422791, 1.5840035677, 1.21486496925, 1.0728738308, 2.15788316727, 2.06099009514, 0.825722694397, 1.48956513405, 0.7567704916, 0.476271927357, 0.39740267396, 0.353698164225, 0.250878155231, 0.164175122976, 0.128468096256, 0.0981764420867, 0.0603516958654, 0.0143372509629, 0.00635419879109, 0.026604950428, 0.0433858111501, 0.0408107861876, 0.0218956116587, 0.015253778547], "min": [8.93892875368e-23, 4.02730001396e-22, 1.12097351726e-21, 7.1473631349e-21, 9.63827133896e-21, 2.35049138703e-20, 7.62597904617e-20, 8.04528012984e-20, 1.6533161341e-19, 1.77560677435e-19, 2.97480928246e-19, 4.50927533067e-19, 7.39461727507e-19, 8.07614999332e-19, 1.16314632559e-18, 1.42795517061e-18, 1.98175558924e-18, 1.72280070142e-18, 2.53694246598e-18, 2.97428526355e-18, 2.94902378802e-18, 4.31655393187e-18, 5.54732754582e-18, 7.68360047349e-18, 6.87733264118e-18, 6.94841557994e-18, 1.03505705619e-17, 9.94296821606e-18, 1.04938258363e-17, 1.08798122983e-17, 1.24363164026e-17, 1.12322425245e-17, 9.34908562347e-18, 8.3409857217e-18, 6.81845764749e-18, 4.52353023757e-18, 2.3324743787e-18, 9.99948450423e-19, 2.5728276806e-19, 2.77421190931e-20], "dvar": [0.00182819087058, 0.0778480917215, 2.4954726696, 43.697971344, 143.683380127, 88.7324295044, 388.959228516, 751.750671387, 683.518127441, 105.554496765, 125.155899048, 192.414230347, 35.1055221558, 30.6163539886, 11.5427827835, 14.0374546051, 34.2219924927, 12.9496679306, 2040.3223877, 34.744758606, 52.9560661316, 13.2669658661, 2.9193611145, 3.33900690079, 0.680007100105, 0.220041394234, 0.155892714858, 0.152919366956, 0.0607908256352, 0.0274680629373, 0.0167746506631, 0.00929973740131, 0.00603676121682, 0.00225277245045, 0.00115149968769, 0.00165785895661, 0.00165202072822, 0.00141250737943, 0.000257203588262, 4.65452103526e-05], "mean": [0.0491232648492, 0.315659344196, 2.16647338867, 7.73482370377, 12.9558868408, 12.6066551208, 21.060710907, 50.3227767944, 41.5360221863, 12.6500015259, 12.0991382599, 14.9480447769, 7.83547496796, 8.20311260223, 3.8394780159, 4.44891357422, 4.77215242386, 3.29226446152, 7.74062728882, 2.75915765762, 5.53098630905, 3.91392350197, 1.68139183521, 2.5605032444, 1.14093661308, 0.861968994141, 0.653410077095, 0.623379290104, 0.41356959939, 0.242745906115, 0.199762120843, 0.147962123156, 0.107739090919, 0.0347528904676, 0.0213138516992, 0.0534155145288, 0.0802718475461, 0.0709293857217, 0.0309425294399, 0.0206038858742]}, "spectral_contrast_valleys": {"max": [-5.48903369904, -4.84222793579, -5.96315097809, -6.29391479492, -6.66340303421, -9.09221744537], "dmean": [0.375534504652, 0.334960997105, 0.305641829967, 0.324318110943, 0.291613459587, 0.420299887657], "dvar2": [0.281939744949, 0.212593868375, 0.186752736568, 0.255906194448, 0.301935195923, 0.391702353954], "dmean2": [0.617293655872, 0.543651044369, 0.484900742769, 0.517576873302, 0.459686815739, 0.661145806313], "var": [9.35164260864, 8.06968975067, 7.1983704567, 6.71631193161, 6.62087059021, 5.99164772034], "median": [-7.4543261528, -6.98156547546, -7.83057498932, -8.47762870789, -8.51693344116, -11.3370504379], "min": [-28.3649425507, -27.8522510529, -27.8547134399, -27.5543174744, -27.4892311096, -27.3734207153], "dvar": [0.143212810159, 0.123535804451, 0.111008673906, 0.137169063091, 0.152473181486, 0.179673194885], "mean": [-8.62411117554, -7.70691490173, -8.60221004486, -9.1847410202, -9.30033779144, -12.0876684189]}, "average_loudness": 0.318957000971, "erbbands_spread": {"max": 96.6911468506, "dmean": 4.56269311905, "dvar2": 49.09167099, "dmean2": 7.07430362701, "var": 223.547607422, "median": 28.252117157, "min": 2.31471729279, "dvar": 21.4940452576, "mean": 29.5909156799}, "melbands_flatness_db": {"max": 0.514087736607, "dmean": 0.0233677718788, "dvar2": 0.00141126150265, "dmean2": 0.0359698385, "var": 0.00752864964306, "median": 0.251520574093, "min": 0.00341463764198, "dvar": 0.000565888243727, "mean": 0.242213129997}, "barkbands_spread": {"max": 116.079673767, "dmean": 5.40393781662, "dvar2": 94.7928161621, "dmean2": 8.34355640411, "var": 612.726257324, "median": 23.2584991455, "min": 1.16908323765, "dvar": 42.4805107117, "mean": 30.7921009064}, "spectral_decrease": {"max": 2.52477843077e-08, "dmean": 1.78578263288e-09, "dvar2": 2.28989550482e-17, "dmean2": 2.71601940938e-09, "var": 2.03704359692e-17, "median": -4.49084346099e-12, "min": -2.49078073722e-08, "dvar": 9.55646228458e-18, "mean": -6.34441388314e-10}, "melbands_crest": {"max": 30.8615093231, "dmean": 2.61795496941, "dvar2": 14.3798074722, "dmean2": 4.20836448669, "var": 18.7805252075, "median": 12.0006113052, "min": 1.64860415459, "dvar": 5.55288743973, "mean": 12.540977478}, "erbbands_flatness_db": {"max": 0.341665953398, "dmean": 0.015255978331, "dvar2": 0.000751476385631, "dmean2": 0.0239459406585, "var": 0.00208634021692, "median": 0.13756519556, "min": 0.0389355830848, "dvar": 0.000277164625004, "mean": 0.139499291778}, "melbands_kurtosis": {"max": 139.879943848, "dmean": 4.11893987656, "dvar2": 83.3882369995, "dmean2": 6.43131017685, "var": 131.223922729, "median": 9.08426094055, "min": -1.68159258366, "dvar": 36.8077011108, "mean": 11.3503608704}, "spectral_rms": {"max": 0.0146545320749, "dmean": 0.000405167083954, "dvar2": 5.85350051097e-07, "dmean2": 0.000574626901653, "var": 1.55006255227e-05, "median": 0.00444220472127, "min": 3.12871516889e-12, "dvar": 2.52408625556e-07, "mean": 0.00478344550356}, "melbands_skewness": {"max": 9.8625831604, "dmean": 0.482841283083, "dvar2": 0.551076173782, "dmean2": 0.748805165291, "var": 1.55514132977, "median": 2.03888440132, "min": -0.475662708282, "dvar": 0.231408506632, "mean": 2.17061424255}, "barkbands": {"max": [0.0111241890118, 0.0269038993865, 0.0388606972992, 0.0501919910312, 0.0567284747958, 0.057644546032, 0.0319208577275, 0.00779014173895, 0.0147691760212, 0.00396682880819, 0.00299274292774, 0.00447657937184, 0.00564333237708, 0.00250394362956, 0.0488404594362, 0.00237051933073, 0.00158467772417, 0.000939182529692, 0.000749415077735, 0.000143733559526, 0.000183003372513, 0.000126835890114, 7.66953817219e-05, 5.82122265769e-05, 5.48303542018e-05, 0.000310164410621, 0.0143929691985], "dmean": [0.000287860719254, 0.000658543372992, 0.00113254599273, 0.00127161084674, 0.0016766176559, 0.00166931562126, 0.000620905775577, 0.000165766483406, 0.000276615290204, 0.000102826154034, 4.55146582681e-05, 4.20110154664e-05, 3.98687298002e-05, 3.66048370779e-05, 6.03287189733e-05, 4.29839892604e-05, 3.51834169123e-05, 1.33688681672e-05, 1.43976922118e-05, 5.84359077038e-06, 5.81978747505e-06, 3.48498178937e-06, 2.85728970084e-06, 2.51724486589e-06, 2.19355479203e-06, 1.10941518869e-05, 0.000102983532997], "dvar2": [1.24359860365e-06, 3.66171093447e-06, 8.53095207276e-06, 1.67955513461e-05, 2.7693766242e-05, 1.86393608601e-05, 3.30853276864e-06, 3.98715769734e-07, 7.1420038239e-07, 8.23964398933e-08, 2.12392041732e-08, 2.37117863122e-08, 2.72318807504e-08, 1.89888140767e-08, 8.57495251694e-07, 3.03824698733e-08, 1.52190899882e-08, 2.05891148575e-09, 2.28670704594e-09, 2.10792439059e-10, 2.02981090269e-10, 8.82072540009e-11, 6.04299665863e-11, 4.85597534405e-11, 4.97109853281e-11, 9.4266050521e-10, 1.2550736983e-07], "dmean2": [0.000493810279295, 0.00104700122029, 0.00157028029207, 0.00197587604634, 0.00270053232089, 0.00244674854912, 0.000834228296299, 0.000274446705589, 0.000402149744332, 0.000161059695529, 7.56442241254e-05, 7.16173817636e-05, 6.2200211687e-05, 6.03359585511e-05, 8.12676444184e-05, 7.11581087671e-05, 5.76489983359e-05, 2.16827538679e-05, 2.3815455279e-05, 9.11209644983e-06, 9.01724524738e-06, 5.55410451852e-06, 4.61053650724e-06, 3.95124152419e-06, 3.50524169335e-06, 1.7026633941e-05, 0.000154572902829], "var": [5.08174707647e-07, 5.6542371567e-06, 1.88558169611e-05, 2.77329472738e-05, 3.97664371121e-05, 6.18263657088e-05, 1.75772129296e-05, 5.66568758131e-07, 1.60097124535e-06, 2.32803103017e-07, 3.38918582088e-08, 3.88302865417e-08, 9.46664542312e-08, 1.35799584911e-08, 2.42913051807e-06, 2.18213678238e-08, 1.23440715427e-08, 2.57948706839e-09, 2.88228507728e-09, 4.5499776169e-10, 3.61332352927e-10, 1.24360410858e-10, 8.14538853033e-11, 5.98516791683e-11, 2.81628904225e-11, 2.40512187943e-09, 3.74995721586e-07], "median": [8.63590248628e-05, 0.000486840028316, 0.000629073765595, 0.000373440328985, 0.00138632394373, 0.00141565361992, 0.000184142787475, 6.60801451886e-05, 0.000134966321639, 6.50948495604e-05, 3.11097537633e-05, 5.43770220247e-05, 1.79057860805e-05, 2.53533326031e-05, 2.88173796434e-05, 2.77276558336e-05, 3.49305446434e-05, 1.64911070897e-05, 2.39880700974e-05, 9.04246189748e-06, 1.01152736534e-05, 6.06305138717e-06, 5.34367245564e-06, 4.06614253734e-06, 5.23833364241e-07, 2.22129565373e-05, 0.000274169637123], "min": [1.5451735081e-24, 4.74089153503e-24, 5.72541637159e-25, 1.94722307516e-24, 1.12986977622e-23, 1.69910273352e-23, 6.52776837601e-24, 8.91250396439e-24, 9.83781492925e-24, 1.96489726708e-23, 2.26447066683e-23, 2.9777855186e-23, 4.04093746264e-23, 3.29602021192e-23, 5.39151718839e-23, 5.43742826198e-23, 7.38409590018e-23, 1.21492884532e-22, 1.61411821178e-22, 1.85222773497e-22, 2.61872386555e-22, 2.88870134984e-22, 3.86389296792e-22, 5.60156926421e-22, 8.76523067003e-22, 1.31325140831e-21, 2.05511831693e-21], "dvar": [4.24772537144e-07, 1.45762442116e-06, 4.48026594313e-06, 7.18609635442e-06, 9.49502009462e-06, 8.06467232906e-06, 1.89080856217e-06, 1.38417817652e-07, 3.53911559614e-07, 3.42818893273e-08, 7.62675167465e-09, 8.49766479405e-09, 1.26070656137e-08, 7.62908136664e-09, 5.53873064746e-07, 1.1095483643e-08, 5.76356162796e-09, 8.53976278581e-10, 8.65763682967e-10, 9.34585880907e-11, 8.54800952244e-11, 3.59629825919e-11, 2.4418531433e-11, 1.98683916541e-11, 2.01756545498e-11, 4.43222902824e-10, 6.5588686482e-08], "mean": [0.000330510432832, 0.00144044717308, 0.00263208313845, 0.00276586250402, 0.00426198309287, 0.00543254008517, 0.00197105109692, 0.000383970182156, 0.000668218126521, 0.00027634104481, 9.3596012448e-05, 9.73711066763e-05, 9.30188325583e-05, 6.11137875239e-05, 0.000129022737383, 7.80793779995e-05, 6.95289636496e-05, 2.92626591545e-05, 4.18513918703e-05, 1.72597137862e-05, 1.62468950293e-05, 9.4356637419e-06, 8.10801157058e-06, 6.63379660182e-06, 2.62807634499e-06, 4.07310908486e-05, 0.000391619745642]}, "spectral_kurtosis": {"max": 140.994186401, "dmean": 4.36946868896, "dvar2": 216.602355957, "dmean2": 7.14716815948, "var": 126.83531189, "median": 17.396697998, "min": -1.26213347912, "dvar": 75.6203842163, "mean": 19.3954181671}, "erbbands_skewness": {"max": 6.12495708466, "dmean": 0.333962380886, "dvar2": 0.289152681828, "dmean2": 0.522044241428, "var": 1.22211122513, "median": 0.900797128677, "min": -2.35634708405, "dvar": 0.118820399046, "mean": 0.972335636616}, "melbands": {"max": [0.00584885012358, 0.0109060415998, 0.0202796440572, 0.0138503033668, 0.0110589899123, 0.0143297743052, 0.00930745154619, 0.00187267642468, 0.00294272741303, 0.00186429580208, 0.000642654020339, 0.000649653899018, 0.000285681133391, 0.000204869604204, 0.000533932179678, 0.000488897378091, 9.66533189057e-05, 0.00439414661378, 0.00197378452867, 5.63953217352e-05, 0.000247347401455, 9.53694980126e-05, 8.79013241502e-05, 1.70124149008e-05, 4.6989400289e-05, 3.98596421292e-05, 6.10337474427e-06, 4.98686449646e-06, 6.84732367517e-06, 3.9235001168e-06, 7.37428763387e-06, 2.6215352591e-06, 1.22328128782e-06, 1.36076664603e-06, 1.11375425149e-06, 1.26815791646e-06, 9.30573321511e-07, 1.34136928409e-06, 5.58913541227e-07, 4.56818526118e-07], "dmean": [0.000193344065337, 0.000368172768503, 0.000567811890505, 0.000395347393351, 0.000314877455821, 0.000341307691997, 0.000157968956046, 4.5410470193e-05, 4.62839743705e-05, 3.71928508685e-05, 1.46817028508e-05, 1.29924583234e-05, 6.08560958426e-06, 4.01079887524e-06, 6.2483882175e-06, 2.99279281535e-06, 3.43033684658e-06, 5.87393878959e-06, 3.0727385365e-06, 1.41568852996e-06, 3.95446204493e-06, 2.20815877583e-06, 1.2559072502e-06, 4.17867255464e-07, 8.38434402795e-07, 4.38398501501e-07, 2.17897095922e-07, 1.90932581745e-07, 1.67155789654e-07, 1.54799948859e-07, 1.26820964397e-07, 9.30002457267e-08, 5.71569884755e-08, 5.91464726085e-08, 4.19106456206e-08, 4.45521379788e-08, 3.37710943654e-08, 3.19470245813e-08, 2.68167301698e-08, 1.91098781244e-08], "dvar2": [3.05132090261e-07, 8.31888939956e-07, 2.96021607937e-06, 1.64373125244e-06, 1.03229808701e-06, 7.24172366517e-07, 2.03748783179e-07, 2.00568610609e-08, 3.15718118316e-08, 1.26661348077e-08, 2.04917438573e-09, 1.44434808558e-09, 3.58031770897e-10, 1.34175656696e-10, 5.15783138422e-10, 1.74554051768e-10, 1.13098294618e-10, 7.26733073719e-09, 1.35146005498e-09, 2.64754156099e-11, 2.82799839102e-10, 5.55604416641e-11, 2.59752028914e-11, 1.61242633828e-12, 8.55899205676e-12, 1.88396173662e-12, 3.55795281475e-13, 2.16477199664e-13, 2.09728474821e-13, 1.63396301155e-13, 1.28414179247e-13, 6.0653976145e-14, 2.33116257282e-14, 2.51274847961e-14, 1.39554895282e-14, 1.45977217673e-14, 8.6465335014e-15, 9.36493687231e-15, 5.42859731302e-15, 3.78992440865e-15], "dmean2": [0.000312335963827, 0.000515735766385, 0.000878329505213, 0.000622707302682, 0.000532124540769, 0.000483606505441, 0.000203537900234, 7.02503675711e-05, 7.3505405453e-05, 5.43813985132e-05, 2.26162956096e-05, 2.04549978662e-05, 1.01325003925e-05, 6.6511292971e-06, 1.02968488136e-05, 4.61399258711e-06, 5.84549479754e-06, 8.4277253336e-06, 4.24698100687e-06, 2.33991886489e-06, 6.57229475109e-06, 3.67837265003e-06, 2.0437139483e-06, 6.7358769229e-07, 1.39363407925e-06, 7.02989439105e-07, 3.41654299518e-07, 3.004477378e-07, 2.68427612582e-07, 2.50551948966e-07, 1.93210780708e-07, 1.49300291241e-07, 9.07460062649e-08, 9.54449888013e-08, 6.78403964116e-08, 7.32151619331e-08, 5.4112632597e-08, 5.02365047339e-08, 4.26144488586e-08, 3.05701490788e-08], "var": [3.79775826786e-07, 1.84942553005e-06, 5.66776589039e-06, 2.2223605356e-06, 1.08785752673e-06, 2.92094750876e-06, 1.53572693762e-06, 4.20468069251e-08, 5.54386900831e-08, 2.41327153816e-08, 4.8206056924e-09, 4.55806459243e-09, 4.22262447231e-10, 1.7287950238e-10, 9.91527193683e-10, 7.04818037267e-10, 8.5889274859e-11, 2.03448475844e-08, 3.68627772751e-09, 2.06731784469e-11, 2.05101421957e-10, 4.40220811193e-11, 2.8564919527e-11, 1.717390119e-12, 8.91191374169e-12, 2.9149256793e-12, 4.92586819858e-13, 4.67094028386e-13, 2.81632085274e-13, 3.06439606763e-13, 1.69797132626e-13, 9.00998229476e-14, 2.59767234172e-14, 2.99131582677e-14, 1.61472923113e-14, 1.7467584589e-14, 1.01868773155e-14, 1.02598322633e-14, 4.50305965815e-15, 2.12075048312e-15], "median": [0.000152274238644, 0.000309117836878, 0.000403405661928, 0.000288750685286, 0.000189942948055, 0.000281322252704, 6.32904484519e-05, 2.18067107198e-05, 1.61325424415e-05, 1.9361723389e-05, 9.95412756311e-06, 8.33644298837e-06, 4.8626707212e-06, 5.5320761021e-06, 6.15268891124e-06, 1.55718180395e-06, 2.74535432254e-06, 1.61934622156e-06, 1.72505724549e-06, 1.13510986921e-06, 2.79362075162e-06, 2.23481015382e-06, 7.4394006333e-07, 4.95035010317e-07, 1.24957284697e-06, 6.97598807164e-07, 2.74225016028e-07, 2.92270328828e-07, 2.21550578772e-07, 2.40807537466e-07, 1.68726785432e-07, 1.44769487065e-07, 8.92908360584e-08, 9.04828141302e-08, 6.50609592867e-08, 7.55726290436e-08, 5.21662357755e-08, 4.37935483433e-08, 2.71959770259e-08, 4.33223501517e-09], "min": [1.67819902394e-24, 8.55316520029e-25, 1.93211165566e-24, 1.07745649689e-24, 2.60965837069e-24, 2.31342492913e-24, 2.76228954522e-24, 1.47988649212e-24, 3.13548760935e-24, 1.93833990972e-24, 3.56049608558e-24, 2.65882747927e-24, 3.46861508937e-24, 3.46223281022e-24, 2.43218083867e-24, 3.42177962857e-24, 2.30938951117e-24, 2.73840954233e-24, 4.20370723529e-24, 3.95182513154e-24, 2.96003922479e-24, 3.84000725367e-24, 3.80031690052e-24, 5.59846301396e-24, 4.39508015773e-24, 6.40092940321e-24, 4.70094322436e-24, 4.15309076417e-24, 5.63650898656e-24, 4.82509494249e-24, 4.30759666663e-24, 5.11703461414e-24, 4.82915718172e-24, 5.88757461927e-24, 5.90905727387e-24, 6.12205050714e-24, 5.60098303012e-24, 6.45510008714e-24, 6.20962313952e-24, 6.56304623569e-24], "dvar": [1.15816789048e-07, 4.11289420299e-07, 1.21942809983e-06, 5.64389893043e-07, 3.50948283767e-07, 3.38336320738e-07, 1.25314315369e-07, 8.40092528875e-09, 1.1509083464e-08, 6.08175865224e-09, 9.04740338203e-10, 6.13492034951e-10, 1.29092250778e-10, 4.85814583007e-11, 1.95730057162e-10, 8.72342614811e-11, 4.27653086554e-11, 4.60474458563e-09, 9.07834529773e-10, 1.032180591e-11, 1.04398961698e-10, 2.04762873324e-11, 1.08210653979e-11, 6.41466046947e-13, 3.05242224725e-12, 8.85892216789e-13, 1.47014399352e-13, 9.8824126779e-14, 8.94425186042e-14, 6.47065951168e-14, 5.51095695228e-14, 2.37997708157e-14, 9.36573138922e-15, 1.00968741357e-14, 5.62758822222e-15, 5.55221245431e-15, 3.53522287196e-15, 3.50668019097e-15, 2.19093605664e-15, 1.53607233287e-15], "mean": [0.000410657085013, 0.000917101337109, 0.00145289313514, 0.00097509752959, 0.000678478972986, 0.00114100729115, 0.000570555101149, 0.000109830478323, 0.000113133792183, 8.66428235895e-05, 3.87016152672e-05, 3.55731681339e-05, 1.23329664348e-05, 9.14750671654e-06, 1.46780021169e-05, 7.21229935152e-06, 5.86386522627e-06, 1.22829014799e-05, 6.28450061413e-06, 2.7028893328e-06, 7.49547825762e-06, 4.41338625023e-06, 2.38029815591e-06, 9.63285174294e-07, 2.29434590437e-06, 1.21876132653e-06, 5.38194228739e-07, 5.44941144653e-07, 4.06532763009e-07, 4.54806780681e-07, 2.96032368396e-07, 2.46687250183e-07, 1.38401915706e-07, 1.45853903177e-07, 1.08453463099e-07, 1.16862224786e-07, 8.5302218622e-08, 7.91288172763e-08, 5.14442817234e-08, 2.27292851207e-08]}, "spectral_centroid": {"max": 11524.6533203, "dmean": 125.645889282, "dvar2": 99119.3671875, "dmean2": 194.243865967, "var": 1807966.25, "median": 601.708068848, "min": 199.748397827, "dvar": 55469.6757812, "mean": 1058.29211426}, "pitch_salience": {"max": 0.863022625446, "dmean": 0.0527688078582, "dvar2": 0.00543635617942, "dmean2": 0.0840141549706, "var": 0.00788221042603, "median": 0.592314600945, "min": 0.237415477633, "dvar": 0.00213983934373, "mean": 0.588894784451}, "gfcc": {"icov": [[5.32551493961e-05, -0.000314216682455, 0.000203527670237, -0.000126450395328, -6.2878956669e-05, -9.34617037274e-06, 0.000113793314085, -0.000294107565423, 0.000637471035589, -0.000521479640156, 0.000579975137953, -0.000340326310834, 0.000242933878326], [-0.000314216682455, 0.00456474442035, -0.00341005367227, 0.00183559197467, -0.000291530508548, 0.00240623392165, -0.000491237093229, 0.00304771587253, -0.0052125104703, 0.00661581987515, -0.00552985211834, 0.00521812634543, -0.00375049188733], [0.000203527670237, -0.00341005367227, 0.0059274029918, -0.00472980784252, 0.00243212631904, -0.00362476054579, 0.0010945770191, -0.00363114872016, 0.00517870066687, -0.00318830367178, -1.43523402585e-06, 0.00177818932571, -0.000367298751371], [-0.000126450395328, 0.00183559197467, -0.00472980784252, 0.00994219630957, -0.0048919338733, 8.53506644489e-05, -0.000338288227795, 0.00230196956545, -0.00144412915688, -0.00128995499108, 0.00484223105013, -0.00556153804064, 0.00124551262707], [-6.2878956669e-05, -0.000291530508548, 0.00243212631904, -0.0048919338733, 0.00823644828051, -0.00386213324964, -0.000149075334775, 0.000903636566363, -0.00327994348481, 0.00273554422893, -0.0013376288116, 0.000202042836463, -0.000120252821944], [-9.34617037274e-06, 0.00240623392165, -0.00362476054579, 8.53506644489e-05, -0.00386213324964, 0.0193511862308, -0.00591191416606, -0.00311926729046, 0.00749725988135, -0.0045841219835, -0.00160415901337, 0.00737880030647, -0.00384279619902], [0.000113793314085, -0.000491237093229, 0.0010945770191, -0.000338288227795, -0.000149075334775, -0.00591191416606, 0.0155346989632, -0.00326968263835, -0.00459668133408, 0.00492793321609, 0.00106796936598, -0.00622556684539, 0.00201906613074], [-0.000294107565423, 0.00304771587253, -0.00363114872016, 0.00230196956545, 0.000903636566363, -0.00311926729046, -0.00326968263835, 0.0225270930678, -0.0106126628816, -0.000477694004076, 0.0001742412569, 0.00734447594732, -0.00449276249856], [0.000637471035589, -0.0052125104703, 0.00517870066687, -0.00144412915688, -0.00327994348481, 0.00749725988135, -0.00459668133408, -0.0106126628816, 0.0324224792421, -0.0164912883192, 0.00355543685146, -0.00117075641174, 0.00303696887568], [-0.000521479640156, 0.00661581987515, -0.00318830367178, -0.00128995499108, 0.00273554422893, -0.0045841219835, 0.00492793321609, -0.000477694004076, -0.0164912883192, 0.037315942347, -0.0211184285581, 0.0023066138383, -0.00113730994053], [0.000579975137953, -0.00552985211834, -1.43523402585e-06, 0.00484223105013, -0.0013376288116, -0.00160415901337, 0.00106796936598, 0.0001742412569, 0.00355543685146, -0.0211184285581, 0.0437216870487, -0.0206803865731, 0.00449787592515], [-0.000340326310834, 0.00521812634543, 0.00177818932571, -0.00556153804064, 0.000202042836463, 0.00737880030647, -0.00622556684539, 0.00734447594732, -0.00117075641174, 0.0023066138383, -0.0206803865731, 0.0412635728717, -0.0178089309484], [0.000242933878326, -0.00375049188733, -0.000367298751371, 0.00124551262707, -0.000120252821944, -0.00384279619902, 0.00201906613074, -0.00449276249856, 0.00303696887568, -0.00113730994053, 0.00449787592515, -0.0178089309484, 0.0188513733447]], "cov": [[44013.5351562, 3471.29394531, 1762.66271973, 621.900146484, 85.6149902344, 123.718177795, -526.054321289, 28.6886844635, -790.82623291, -354.33001709, -498.169219971, -407.953887939, 45.1151046753], [3471.29394531, 1470.12219238, 824.469055176, -68.9270172119, -194.360931396, -8.55202674866, -99.7545852661, 13.0701675415, -86.3838348389, -146.031539917, -7.32032823563, -154.491027832, 140.086685181], [1762.66271973, 824.469055176, 1209.1138916, 249.023895264, -124.044326782, 222.07699585, -66.1680526733, 102.999938965, -153.306411743, -29.6758422852, -19.1341190338, -133.726501465, 125.672683716], [621.900146484, -68.9270172119, 249.023895264, 323.85055542, 141.483383179, 103.330574036, 15.8246793747, 15.0782060623, -37.426322937, 24.0449943542, -21.9789028168, 22.2001361847, 19.2891769409], [85.6149902344, -194.360931396, -124.044326782, 141.483383179, 258.076629639, 38.4764213562, 40.8616142273, -10.6123561859, 22.5519580841, 12.4241943359, -8.70550441742, 40.0424156189, -11.9306278229], [123.718177795, -8.55202674866, 222.07699585, 103.330574036, 38.4764213562, 146.946899414, 22.3214607239, 42.7872123718, -40.3895988464, 17.7579650879, -8.83922100067, -21.5114517212, 21.5760211945], [-526.054321289, -99.7545852661, -66.1680526733, 15.8246793747, 40.8616142273, 22.3214607239, 97.4386062622, 14.4797067642, 25.6024150848, 3.81923747063, 2.9085893631, 22.9573936462, -0.476470321417], [28.6886844635, 13.0701675415, 102.999938965, 15.0782060623, -10.6123561859, 42.7872123718, 14.4797067642, 81.0048751831, 10.5661439896, 16.3775787354, -4.46461439133, -22.8952007294, 8.37222194672], [-790.82623291, -86.3838348389, -153.306411743, -37.426322937, 22.5519580841, -40.3895988464, 25.6024150848, 10.5661439896, 88.4658355713, 28.5055141449, 19.5190410614, 19.432346344, -14.6540966034], [-354.33001709, -146.031539917, -29.6758422852, 24.0449943542, 12.4241943359, 17.7579650879, 3.81923747063, 16.3775787354, 28.5055141449, 75.3528747559, 30.7383460999, 25.1686954498, -3.06378364563], [-498.169219971, -7.32032823563, -19.1341190338, -21.9789028168, -8.70550441742, -8.83922100067, 2.9085893631, -4.46461439133, 19.5190410614, 30.7383460999, 57.5018043518, 33.6409835815, 19.5807170868], [-407.953887939, -154.491027832, -133.726501465, 22.2001361847, 40.0424156189, -21.5114517212, 22.9573936462, -22.8952007294, 19.432346344, 25.1686954498, 33.6409835815, 91.583732605, 35.2844734192], [45.1151046753, 140.086685181, 125.672683716, 19.2891769409, -11.9306278229, 21.5760211945, -0.476470321417, 8.37222194672, -14.6540966034, -3.06378364563, 19.5807170868, 35.2844734192, 118.715446472]], "mean": [-121.968185425, 73.8772354126, -64.6912612915, -15.1582622528, -23.7348022461, -32.6632041931, -15.9483242035, -19.4341030121, -5.38833141327, -10.9938459396, -7.00519752502, 2.72832107544, -10.2228803635]}, "spectral_flux": {"max": 0.257256895304, "dmean": 0.0114179514349, "dvar2": 0.000681944307871, "dmean2": 0.0186489056796, "var": 0.00258631631732, "median": 0.0557020008564, "min": 6.38876868075e-11, "dvar": 0.000235023311689, "mean": 0.0610375516117}, "zerocrossingrate": {"max": 0.8935546875, "dmean": 0.0411356054246, "dvar2": 0.00237710913643, "dmean2": 0.0521357432008, "var": 0.0119518851861, "median": 0.46142578125, "min": 0.0771484375, "dvar": 0.00148960202932, "mean": 0.465748041868}, "spectral_energyband_middle_low": {"max": 0.106301277876, "dmean": 0.00337404408492, "dvar2": 7.9015022493e-05, "dmean2": 0.00517084589228, "var": 0.000379102886654, "median": 0.00600514607504, "min": 1.55412527683e-22, "dvar": 3.08313319692e-05, "mean": 0.0155347092077}, "silence_rate_20dB": {"max": 1, "dmean": 0, "dvar2": 0, "dmean2": 0, "var": 0, "median": 1, "min": 1, "dvar": 0, "mean": 1}, "silence_rate_30dB": {"max": 1, "dmean": 0.031830240041, "dvar2": 0.0726469010115, "dmean2": 0.0636758357286, "var": 0.104913160205, "median": 1, "min": 0, "dvar": 0.0308177042753, "mean": 0.880906462669}, "spectral_entropy": {"max": 9.8219833374, "dmean": 0.182538241148, "dvar2": 0.103425763547, "dmean2": 0.283203929663, "var": 0.385536015034, "median": 7.24575233459, "min": 5.17176771164, "dvar": 0.0404011085629, "mean": 7.18475437164}, "spectral_rolloff": {"max": 22006.9335938, "dmean": 456.337005615, "dvar2": 17252828, "dmean2": 844.546081543, "var": 5742103, "median": 21834.6679688, "min": 129.19921875, "dvar": 6249955.5, "mean": 21353.5917969}, "spectral_complexity": {"max": 33, "dmean": 1.42367970943, "dvar2": 7.4656291008, "dmean2": 2.30101299286, "var": 39.7630195618, "median":