{"tonal": {"hpcp": {"dvar": [0.0324370078743, 0.026692615822, 0.0335264652967, 0.0345668196678, 0.0154146319255, 0.00586504023522, 0.00362685485743, 0.00671830680221, 0.0154499895871, 0.0190322194248, 0.0116058057174, 0.00792910717428, 0.00479014776647, 0.00613660505041, 0.0207105856389, 0.0289744772017, 0.0220635570586, 0.0114537840709, 0.0162368156016, 0.0059652919881, 0.00263929064386, 0.00532138952985, 0.00390370935202, 0.01674445346, 0.0223995577544, 0.00906024314463, 0.00392752792686, 0.00446977466345, 0.006061791908, 0.0251513738185, 0.0259533338249, 0.0190641041845, 0.00501248519868, 0.00401162588969, 0.0165485180914, 0.0355607643723], "var": [0.132996037602, 0.0599806569517, 0.0891042426229, 0.132711365819, 0.0344832800329, 0.00712372735143, 0.00776884797961, 0.00771751860157, 0.0445569530129, 0.0745174884796, 0.0230960845947, 0.00885856617242, 0.00524996360764, 0.00553060462698, 0.0556807927787, 0.140411481261, 0.0663479045033, 0.050067871809, 0.0802803635597, 0.0173539109528, 0.0068249842152, 0.00950150657445, 0.00479814969003, 0.0400856696069, 0.0794340893626, 0.0219901446253, 0.00769661273807, 0.0138904992491, 0.0103259999305, 0.0835610702634, 0.127008676529, 0.0401176661253, 0.0042040636763, 0.00283157057129, 0.019200919196, 0.0940673649311], "median": [0.0388459861279, 0.0354416370392, 0.0268085170537, 0.0191303938627, 0.00810684263706, 0.000502682290971, 0.000389573746361, 0.000702556979377, 0.00236501777545, 0.00322061521001, 0.00303514278494, 0.000478961737826, 0.000217594919377, 0.000631440780126, 0.00949841085821, 0.0170142930001, 0.0184164606035, 0.0027660781052, 0.000396043877117, 0.000589267816395, 0.00042154698167, 0.000435345864389, 0.00107878085691, 0.0120008513331, 0.01960927248, 0.00822303351015, 0.000172412605025, 0.000130276239361, 0.00108487112448, 0.0120325796306, 0.0167485773563, 0.00624979939312, 0.000187355442904, 0.000100885248685, 0.000941580161452, 0.0223739314824], "max": [1, 1, 1, 1, 1, 1, 1, 1, 1, 1, 1, 1, 1, 1, 1, 1, 1, 1, 1, 1, 1, 1, 1, 1, 1, 1, 1, 1, 1, 1, 1, 1, 1, 1, 1, 1], "dmean": [0.10363329947, 0.0993329808116, 0.108496360481, 0.0950531065464, 0.0632559657097, 0.0199212115258, 0.0128925731406, 0.0224900655448, 0.0522442869842, 0.0585096925497, 0.0460518933833, 0.0210944339633, 0.0141588952392, 0.0238980352879, 0.073809966445, 0.0819180086255, 0.0824014618993, 0.0454378314316, 0.0397285111248, 0.0268613100052, 0.0140615953133, 0.0184157099575, 0.0198811925948, 0.0590573586524, 0.0734132379293, 0.0422592163086, 0.0138560160995, 0.0130327781662, 0.0299560874701, 0.0824926868081, 0.0802248567343, 0.0632724612951, 0.0188798457384, 0.0131694227457, 0.052578818053, 0.10642632097], "dmean2": [0.173611402512, 0.168251991272, 0.18433406949, 0.161106526852, 0.105050712824, 0.034991890192, 0.0222738999873, 0.0396084561944, 0.0853137224913, 0.0973910167813, 0.0775554254651, 0.0366469323635, 0.0248735975474, 0.0421472489834, 0.120168849826, 0.137424185872, 0.132360950112, 0.0760879069567, 0.0646841004491, 0.042626593262, 0.0233054608107, 0.0307105425745, 0.0335082598031, 0.0975760146976, 0.118139840662, 0.0668253600597, 0.0243639666587, 0.0229178965092, 0.0500162616372, 0.134008124471, 0.129881486297, 0.104547411203, 0.0336571261287, 0.0240515302867, 0.0908533558249, 0.179918050766], "mean": [0.260356098413, 0.15976446867, 0.196378573775, 0.237778887153, 0.102225735784, 0.0214056130499, 0.0177563223988, 0.0232280269265, 0.0925363451242, 0.131130129099, 0.0660125762224, 0.0222829990089, 0.01451005321, 0.0215396769345, 0.137129709125, 0.247902929783, 0.158213883638, 0.101012185216, 0.116328425705, 0.0494095720351, 0.020065555349, 0.0248138885945, 0.0228788536042, 0.103029459715, 0.155635908246, 0.072856977582, 0.0182440057397, 0.0215039495379, 0.0404160246253, 0.169543981552, 0.227667570114, 0.0995985046029, 0.0143322674558, 0.00902301166207, 0.0536942966282, 0.198558613658], "dvar2": [0.0820201858878, 0.0714675486088, 0.0840700045228, 0.086565643549, 0.0412634462118, 0.017131568864, 0.00950087513775, 0.0180341545492, 0.0371600501239, 0.0461433753371, 0.0296326372772, 0.0202587842941, 0.0133371911943, 0.016736837104, 0.0512578673661, 0.069499887526, 0.0539478547871, 0.0298461969942, 0.0373101271689, 0.0140470732003, 0.00641552265733, 0.0138513101265, 0.0100829051808, 0.0436857864261, 0.0513046830893, 0.0217598192394, 0.0104150241241, 0.0113589391112, 0.0151631105691, 0.0591544881463, 0.0599534623325, 0.0501219965518, 0.0134625444189, 0.0109801944345, 0.0435630716383, 0.0910870209336], "min": [0, 0, 0, 0, 0, 0, 0, 0, 0, 0, 0, 0, 0, 0, 0, 0, 0, 0, 0, 0, 0, 0, 0, 0, 0, 0, 0, 0, 0, 0, 0, 0, 0, 0, 0, 0]}, "key_key": "G", "thpcp": [1, 0.613638281822, 0.754269123077, 0.913283348083, 0.392638146877, 0.0822166725993, 0.0682001411915, 0.0892163738608, 0.355422228575, 0.503656864166, 0.253547251225, 0.0855866223574, 0.0557315647602, 0.0827316045761, 0.526700556278, 0.952168703079, 0.607682645321, 0.387977033854, 0.44680505991, 0.18977689743, 0.0770696550608, 0.0953074991703, 0.0878752395511, 0.395725160837, 0.597780942917, 0.279835879803, 0.0700732767582, 0.0825943797827, 0.155233636498, 0.651200354099, 0.874446868896, 0.382547229528, 0.0550487115979, 0.0346564240754, 0.206234067678, 0.76264244318], "chords_key": "G", "tuning_equal_tempered_deviation": 0.0730183050036, "tuning_frequency": 440.763122559, "tuning_diatonic_strength": 0.604737102985, "chords_histogram": [17.4024753571, 17.0287322998, 17.355758667, 10.7451534271, 1.72856807709, 0.18687222898, 0.467180579901, 1.14459240437, 0.770847916603, 6.68068218231, 1.49497783184, 0.32702639699, 0.18687222898, 0.817565977573, 1.4015417099, 0.256949305534, 0.14015416801, 0.350385427475, 0, 0.513898611069, 0.677411794662, 0.840925037861, 4.71852350235, 14.7629060745], "key_strength": 0.715308845043, "key_scale": "minor", "chords_strength": {"dvar": 0.000519664492458, "var": 0.0184093602002, "median": 0.5120190382, "max": 0.784092307091, "dmean": 0.00860877335072, "dmean2": 0.00679942872375, "mean": 0.512721002102, "dvar2": 0.00087381672347, "min": -1}, "chords_number_rate": 0.00256949313916, "tuning_nontempered_energy_ratio": 0.694130718708, "hpcp_entropy": {"dvar": 0.174993127584, "var": 0.385552674532, "median": 1.52352929115, "max": 3.28406906128, "dmean": 0.470136225224, "dmean2": 0.811022996902, "mean": 1.44239163399, "dvar2": 0.454327702522, "min": 0}, "chords_changes_rate": 0.0539593547583, "chords_scale": "minor"}, "rhythm": {"bpm_histogram_first_peak_spread": {"dvar": 0, "var": 0, "median": 0.563106775284, "max": 0.563106775284, "dmean": 0, "dmean2": 0, "mean": 0.563106775284, "dvar2": 0, "min": 0.563106775284}, "bpm_histogram_first_peak_weight": {"dvar": 0, "var": 0, "median": 0.245231613517, "max": 0.245231613517, "dmean": 0, "dmean2": 0, "mean": 0.245231613517, "dvar2": 0, "min": 0.245231613517}, "bpm_histogram_first_peak_bpm": {"dvar": 0, "var": 0, "median": 110, "max": 110, "dmean": 0, "dmean2": 0, "mean": 110, "dvar2": 0, "min": 110}, "bpm": 109.248802185, "bpm_histogram_second_peak_weight": {"dvar": 0, "var": 0, "median": 0.106267027557, "max": 0.106267027557, "dmean": 0, "dmean2": 0, "mean": 0.106267027557, "dvar2": 0, "min": 0.106267027557}, "beats_loudness": {"dvar": 0.00023052378674, "var": 0.000362825288903, "median": 0.0205026082695, "max": 0.10871142149, "dmean": 0.0166457202286, "dmean2": 0.0289980657399, "mean": 0.0247043501586, "dvar2": 0.000649739929941, "min": 1.14789011629e-10}, "beats_loudness_band_ratio": {"dvar": [0.0330550484359, 0.0337993726134, 0.0379341356456, 0.0220585782081, 0.00362541503273, 0.00167294160929], "var": [0.0324883200228, 0.0461748205125, 0.0847756788135, 0.0290399380028, 0.00420753238723, 0.00308544025756], "median": [0.000827598327305, 0.0651571452618, 0.701353251934, 0.0562621988356, 0.00137060182169, 0.000193337735254], "max": [0.944253981113, 0.907034635544, 0.998020887375, 0.889243364334, 0.804431498051, 0.921364426613], "dmean": [0.126008018851, 0.144892469049, 0.217667400837, 0.12548302114, 0.0202927440405, 0.00694088172168], "dmean2": [0.224399164319, 0.246848598123, 0.368747860193, 0.229095757008, 0.0341058671474, 0.00954062398523], "mean": [0.104660585523, 0.161002069712, 0.632383048534, 0.134448245168, 0.0212075710297, 0.00721817836165], "dvar2": [0.0786894634366, 0.077167570591, 0.0950927138329, 0.0619720965624, 0.00868699233979, 0.00216504302807], "min": [5.17424859936e-06, 6.53692086416e-06, 0.000359445664799, 0.00101540714968, 2.68583462457e-05, 5.81562289881e-06]}, "bpm_histogram_second_peak_bpm": {"dvar": 0, "var": 0, "median": 105, "max": 105, "dmean": 0, "dmean2": 0, "mean": 105, "dvar2": 0, "min": 105}, "onset_rate": 1.85156106949, "beats_count": 368, "beats_position": [0.359909296036, 0.731428563595, 1.11455774307, 1.49768710136, 1.88081634045, 2.27555561066, 2.65868473053, 3.06503391266, 3.47138309479, 3.86612248421, 4.27247142792, 4.67882061005, 5.0967798233, 5.50312900543, 5.90947818756, 6.31582736969, 6.72217655182, 7.12852573395, 7.5464849472, 7.95283412933, 8.37079334259, 8.78875255585, 9.287981987, 9.78721046448, 10.2864398956, 10.774058342, 11.261677742, 11.749297142, 12.2601356506, 12.7593650818, 13.2585935593, 13.7694330215, 14.268661499, 14.7678909302, 15.2787294388, 15.7895689011, 16.3004074097, 16.8460769653, 17.391746521, 17.9490242004, 18.5063037872, 19.0635814667, 19.6208610535, 20.1665306091, 20.7121982574, 21.2926979065, 21.8848075867, 22.4188652039, 22.9645347595, 23.4985942841, 24.0326519012, 24.5667114258, 25.1123809814, 25.6580486298, 26.2153282166, 26.7726078033, 27.3298854828, 27.8871650696, 28.4444446564, 29.0017223358, 29.5590019226, 30.1046714783, 30.6387290955, 31.17278862, 31.7184581757, 32.264125824, 32.8097953796, 33.3670730591, 33.9243545532, 34.4816322327, 35.0389099121, 35.5845794678, 36.1302490234, 36.6875267029, 37.2215881348, 37.755645752, 38.3013153076, 38.8702049255, 39.427482605, 39.9847602844, 40.5188217163, 41.0760993958, 41.6333770752, 42.1906585693, 42.7479362488, 43.2936058044, 43.8392753601, 44.3849411011, 44.9306106567, 45.4762802124, 46.0219497681, 46.5676193237, 47.1132888794, 47.6705665588, 48.2394561768, 48.8199539185, 49.3888435364, 49.9693412781, 50.5266189575, 51.0606803894, 51.6063499451, 52.152015686, 52.6976852417, 53.2433547974, 53.8006324768, 54.3579139709, 54.9151916504, 55.4724693298, 56.0181388855, 56.5638084412, 57.1210861206, 57.6783676147, 58.2356452942, 58.7813148499, 59.3269844055, 59.8726501465, 60.4183197021, 60.9639892578, 61.498046875, 62.0321083069, 62.6009979248, 63.169883728, 63.7387733459, 64.2728347778, 64.806892395, 65.3409500122, 65.8982315063, 66.443901062, 66.9895706177, 67.5352401733, 68.0809020996, 68.6265716553, 69.1722412109, 69.7295227051, 70.2751922607, 70.8208618164, 71.3781356812, 71.9354171753, 72.481086731, 73.0267562866, 73.5724258423, 74.1180953979, 74.6753692627, 75.2442626953, 75.8015441895, 76.3588180542, 76.9160995483, 77.461769104, 77.9958267212, 78.5414962769, 79.0871658325, 79.6328353882, 80.1668930054, 80.712562561, 81.2582321167, 81.8155059814, 82.3611755371, 82.9184570312, 83.4757385254, 84.0330123901, 84.5902938843, 85.1359634399, 85.6816329956, 86.2273025513, 86.7729721069, 87.3302459717, 87.8875274658, 88.4331970215, 88.9904708862, 89.5361404419, 90.0702056885, 90.6042633057, 91.1731491089, 91.7420425415, 92.3341445923, 92.9146499634, 93.4835357666, 94.0524215698, 94.6213150024, 95.1902008057, 95.7706985474, 96.3628082275, 96.9317016602, 97.5005874634, 98.0694732666, 98.6383666992, 99.1956481934, 99.7761459351, 100.345031738, 100.902313232, 101.471199036, 102.040092468, 102.608978271, 103.166259766, 103.711929321, 104.269203186, 104.838096619, 105.406982422, 105.975868225, 106.533149719, 107.090431213, 107.647705078, 108.204986572, 108.762268066, 109.319541931, 109.865211487, 110.410881042, 110.968162537, 111.525436401, 112.082717896, 112.63999939, 113.336593628, 114.056411743, 114.741401672, 115.426391602, 116.122993469, 116.807983398, 117.469749451, 118.15473938, 118.839729309, 119.408615112, 119.977500916, 120.557998657, 121.12689209, 121.695777893, 122.276275635, 122.845169067, 123.414054871, 123.971336365, 124.51700592, 125.085891724, 125.654785156, 126.223670959, 126.780952454, 127.338226318, 127.872291565, 128.406341553, 128.94039917, 129.43963623, 129.927261353, 130.403259277, 130.902496338, 131.390106201, 131.866119385, 132.353744507, 132.84135437, 133.317367554, 133.793380737, 134.280990601, 134.768615723, 135.267837524, 135.767074585, 136.266296387, 136.835189819, 137.392471313, 137.949752808, 138.53024292, 139.110748291, 139.679641724, 140.202087402, 140.712921143, 141.24697876, 141.792648315, 142.326705933, 142.86076355, 143.383224487, 143.894058228, 144.439727783, 144.985397339, 145.542678833, 146.088348389, 146.634017944, 147.179672241, 147.725341797, 148.259414673, 148.805084229, 149.350738525, 149.896408081, 150.442077637, 150.987747192, 151.545028687, 152.102310181, 152.647979736, 153.20526123, 153.774139404, 154.343032837, 154.900314331, 155.445983887, 155.991653442, 156.52571106, 157.071380615, 157.617050171, 158.174331665, 158.720001221, 159.277282715, 159.846160889, 160.403442383, 160.949111938, 161.494781494, 162.04045105, 162.586120605, 163.131790161, 163.677459717, 164.211517334, 164.75718689, 165.314468384, 165.860137939, 166.417419434, 166.96307373, 167.508743286, 168.042816162, 168.600082397, 169.157363892, 169.714645386, 170.27192688, 170.829208374, 171.386474609, 171.955368042, 172.55909729, 173.162811279, 173.75491333, 174.312194824, 174.869476318, 175.391921997, 175.914367676, 176.436828613, 176.959274292, 177.481719971, 178.004165649, 178.538223267, 179.060684204, 179.583129883, 180.105575562, 180.62802124, 181.162078857, 181.684524536, 182.206985474, 182.717819214, 183.217056274, 183.716278076, 184.227111816, 184.737960815, 185.248794556, 185.748016357, 186.247253418, 186.73487854, 187.222488403, 187.721725464, 188.220947266, 188.731781006, 189.254241943, 189.776687622, 190.287521362, 190.809967041, 191.332427979, 191.866485596, 192.388931274, 192.911376953, 193.422225952, 193.933059692, 194.455505371, 194.954742432, 195.442352295, 195.929977417, 196.429199219, 196.928436279, 197.427658081, 197.926895142], "danceability": 0.921710073948, "bpm_histogram_second_peak_spread": {"dvar": 0, "var": 0, "median": 0.26415091753, "max": 0.26415091753, "dmean": 0, "dmean2": 0, "mean": 0.26415091753, "dvar2": 0, "min": 0.26415091753}}, "lowlevel": {"spectral_flux": {"dvar": 0.000401155848522, "var": 0.000847708550282, "median": 0.0407336689532, "max": 0.243148416281, "dmean": 0.0186898447573, "dmean2": 0.0316905193031, "mean": 0.0457596890628, "dvar2": 0.00116226822138, "min": 1.03755296021e-10}, "spectral_rolloff": {"dvar": 84457, "var": 2162456.5, "median": 689.0625, "max": 19250.6835938, "dmean": 113.338859558, "dmean2": 204.144012451, "mean": 908.583618164, "dvar2": 178295.125, "min": 21.533203125}, "barkbands_flatness_db": {"dvar": 0.000599797698669, "var": 0.00937896035612, "median": 0.409956663847, "max": 0.602557480335, "dmean": 0.0266443733126, "dmean2": 0.0398130528629, "mean": 0.385989785194, "dvar2": 0.00140691944398, "min": 0.0372027866542}, "spectral_centroid": {"dvar": 21080.21875, "var": 210962.203125, "median": 581.701782227, "max": 11533.6171875, "dmean": 63.4042892456, "dmean2": 93.6615829468, "mean": 697.782714844, "dvar2": 32279.6308594, "min": 190.556808472}, "melbands_skewness": {"dvar": 0.756547927856, "var": 4.42300701141, "median": 1.34707665443, "max": 15.5715808868, "dmean": 0.750698566437, "dmean2": 1.09809172153, "mean": 1.78371763229, "dvar2": 1.709395051, "min": -4.54963254929}, "melbands": {"dvar": [1.11543863035e-09, 4.88409632737e-08, 1.23650174544e-08, 9.8035632945e-09, 8.36274161031e-09, 1.67545266549e-07, 1.82939743354e-06, 6.12069470662e-07, 2.0358133952e-06, 7.05570641912e-08, 2.66558988216e-08, 1.38075478162e-07, 1.25715580168e-08, 7.2549339869e-09, 4.73613503971e-09, 1.36014498275e-11, 2.29253317718e-11, 1.99731342576e-09, 1.94590676905e-09, 2.07797987151e-10, 3.82896041262e-11, 5.18422682561e-09, 3.70635688807e-10, 3.55650647821e-11, 1.83788290142e-10, 5.53536869119e-11, 1.37261781802e-11, 9.7777289737e-12, 2.32062698051e-12, 3.93373240882e-13, 1.61054980116e-13, 5.81431604252e-14, 8.15423710542e-15, 3.98378822742e-15, 2.5158280373e-15, 2.34013392228e-16, 1.01996736276e-16, 7.00322473276e-17, 8.81650588239e-17, 2.47950498812e-17], "var": [1.36396911543e-08, 4.47995034847e-07, 1.05869254696e-07, 6.77198386256e-08, 1.0190341726e-07, 1.17918204978e-06, 5.98675660513e-06, 2.55887312051e-06, 6.75762566971e-06, 4.48546330745e-07, 9.99796441192e-08, 5.68508085053e-07, 5.64239996947e-08, 1.83860020542e-08, 8.57700221957e-09, 2.56631087908e-11, 6.47106812579e-11, 4.46667014486e-09, 7.368782029e-09, 5.85492043736e-10, 6.85946091594e-11, 1.39884788197e-08, 9.02042995854e-10, 1.09386472102e-10, 3.87670257007e-10, 2.50051285233e-10, 3.42331094028e-11, 2.00589562321e-11, 1.11326772453e-11, 1.21303618192e-12, 7.62505835382e-13, 2.67668184709e-13, 3.33499775105e-14, 2.66515579544e-14, 1.15808724711e-14, 6.28063866021e-16, 3.93315408014e-16, 2.81650234014e-16, 3.52109690349e-16, 7.86297045341e-17], "median": [2.57473317333e-07, 8.81822117549e-08, 2.82078417513e-07, 1.68934695921e-06, 1.98325651581e-05, 0.00012891786173, 0.000415268237703, 0.000252175552305, 0.000124496495118, 8.35850078147e-05, 3.73929360649e-05, 5.0620015827e-05, 1.79724956979e-05, 6.58379758534e-06, 2.01033117264e-06, 3.1662375477e-07, 1.32871065261e-07, 2.25305768708e-07, 2.06314496154e-07, 7.72932935433e-08, 9.11306017315e-08, 1.03257136175e-07, 7.57301279464e-08, 7.50369366642e-08, 4.99043579794e-08, 2.61258250589e-08, 2.82076246805e-08, 4.02464443994e-08, 1.51918086999e-08, 6.13792394688e-09, 1.78695302999e-09, 7.24083737413e-10, 4.56908705315e-10, 5.35500199739e-10, 6.3179783627e-10, 4.9667725488e-10, 3.26971311138e-10, 2.70038463812e-10, 1.39298350632e-10, 8.46715753067e-11], "max": [0.0011932507623, 0.00589772406965, 0.00321904825978, 0.00334435794502, 0.00445939367637, 0.0121701499447, 0.0327082946897, 0.0152997039258, 0.0262194667011, 0.00746006984264, 0.00461493479088, 0.0141455540434, 0.00592064438388, 0.00386268948205, 0.00226205657236, 0.000228996184887, 0.000163018761668, 0.00117011019029, 0.0017608058406, 0.000776910048444, 0.000399249984184, 0.00438122730702, 0.00100193428807, 0.000226522795856, 0.000598027778324, 0.000721177144442, 9.952858818e-05, 0.000112399975478, 6.37619159534e-05, 2.06513050216e-05, 2.82089640677e-05, 1.33243856908e-05, 2.86907265945e-06, 3.05840239889e-06, 3.9940860006e-06, 7.22152663002e-07, 4.51404048363e-07, 4.04574336699e-07, 4.44446271786e-07, 1.59522215881e-07], "dmean": [8.55612142914e-06, 6.79363511153e-05, 3.60560552508e-05, 2.77411636489e-05, 4.17484843638e-05, 0.000175590743311, 0.000657606113236, 0.00039563147584, 0.00052616733592, 0.000112319787149, 6.43268504064e-05, 0.000117780575238, 3.96195064241e-05, 2.53308808169e-05, 1.43272018249e-05, 8.0160049265e-07, 7.51795937504e-07, 9.48555862124e-06, 8.07124888524e-06, 1.81923053333e-06, 8.71406314218e-07, 6.24380254521e-06, 2.89887293548e-06, 8.90966475708e-07, 1.25991857658e-06, 7.1066261853e-07, 7.37544155527e-07, 5.83750136229e-07, 3.10012040927e-07, 1.12915799377e-07, 5.44423279791e-08, 3.72418789141e-08, 1.81217565398e-08, 1.39313902636e-08, 7.64844365619e-09, 3.61766061552e-09, 2.85671197808e-09, 2.30618235619e-09, 1.80116865867e-09, 1.13937392854e-09], "dmean2": [7.95527103037e-06, 6.00799830863e-05, 4.23945057264e-05, 4.0330698539e-05, 4.97513647133e-05, 0.000222459391807, 0.000945152656641, 0.000545588030946, 0.000760744151194, 0.000150172199938, 9.00704035303e-05, 0.00016266250168, 5.58049905521e-05, 3.77500437025e-05, 2.25997318921e-05, 1.27305963815e-06, 1.21269999909e-06, 1.5375087969e-05, 1.2276185771e-05, 2.80330846181e-06, 1.26560962599e-06, 8.35392529552e-06, 4.22679659096e-06, 1.41195789638e-06, 2.11794599636e-06, 1.12523855478e-06, 1.16396131489e-06, 9.21759919947e-07, 4.75007226441e-07, 1.78257764105e-07, 8.38281266624e-08, 5.59114354814e-08, 2.67537902943e-08, 2.09374615423e-08, 1.15508766996e-08, 5.43087574911e-09, 4.33100533215e-09, 3.52788664948e-09, 2.69548383613e-09, 1.70160718849e-09], "mean": [3.16290243063e-05, 0.000219106193981, 0.000121886863781, 7.66365192248e-05, 0.000149519386468, 0.000518334156368, 0.0014220783487, 0.000882222491782, 0.00107722927351, 0.000327144021867, 0.000149018902448, 0.000271941709798, 8.94243348739e-05, 4.98909539601e-05, 2.36526084336e-05, 1.33494688725e-06, 1.38902726121e-06, 1.60664640134e-05, 1.66526369867e-05, 3.30314765051e-06, 1.46077036334e-06, 1.00448287412e-05, 5.16199088452e-06, 1.81995903858e-06, 2.08505548471e-06, 1.3553340068e-06, 1.30623504901e-06, 1.00482702692e-06, 7.15214355296e-07, 2.16209770088e-07, 1.16430108221e-07, 8.46019645451e-08, 3.94131269843e-08, 3.52818361193e-08, 1.6450812268e-08, 7.76278774595e-09, 6.94857149597e-09, 5.73628033962e-09, 4.60273019698e-09, 2.53098852987e-09], "dvar2": [1.04089903363e-09, 4.43211192191e-08, 2.2314905479e-08, 2.24187566289e-08, 1.16647269621e-08, 2.83958371483e-07, 4.00818726121e-06, 1.20417723792e-06, 4.6222949095e-06, 1.36864088063e-07, 5.65183739809e-08, 3.06314973386e-07, 2.57914205548e-08, 1.69463447719e-08, 1.38614382195e-08, 3.29228901086e-11, 5.45304877642e-11, 5.28082200191e-09, 4.73482941743e-09, 4.66054250747e-10, 8.41252414951e-11, 7.5300228275e-09, 6.59782783963e-10, 9.19303036473e-11, 5.15524789524e-10, 8.99399374421e-11, 3.24365083404e-11, 2.41040330057e-11, 5.32284069252e-12, 9.83058144437e-13, 3.32029325908e-13, 1.33492311172e-13, 1.83541587283e-14, 8.69168798078e-15, 5.29890471033e-15, 4.64965236808e-16, 2.19388455186e-16, 1.56286115272e-16, 1.9751300876e-16, 5.43761899477e-17], "min": [4.7290203617e-24, 1.00306573023e-24, 1.09057921777e-23, 3.40404209111e-24, 2.19796823312e-24, 4.97529800314e-24, 4.13640753931e-24, 1.15864505546e-23, 4.10812687586e-24, 5.96359280597e-24, 3.63642749758e-24, 8.30914291217e-24, 1.4562771474e-23, 1.53841965574e-23, 8.9562762783e-24, 7.76416072239e-24, 4.51490102949e-24, 5.09596887252e-24, 8.82852735445e-24, 8.58129519131e-24, 9.00189610445e-24, 4.43545445329e-24, 1.10378435489e-23, 1.08065424318e-23, 8.8286575165e-24, 1.10935032078e-23, 1.04488728973e-23, 8.65543628349e-24, 8.1263543741e-24, 7.45768668298e-24, 1.0773340854e-23, 8.14496439172e-24, 1.23459453237e-23, 8.35766495759e-24, 5.76841915168e-24, 1.0099760926e-23, 9.50417567572e-24, 9.49086838111e-24, 8.50215982074e-24, 8.43102428861e-24]}, "spectral_decrease": {"dvar": 5.2787684707e-18, "var": 2.10701811366e-17, "median": -4.29593471907e-09, "max": 1.59795247041e-17, "dmean": 1.75079206688e-09, "dmean2": 2.47777220963e-09, "mean": -5.39491518126e-09, "dvar2": 1.18457301248e-17, "min": -3.52623494848e-08}, "barkbands_kurtosis": {"dvar": 1220.54174805, "var": 2018.54418945, "median": 4.43990945816, "max": 1094.06103516, "dmean": 10.8953151703, "dmean2": 16.8983211517, "mean": 16.9457359314, "dvar2": 2903.42333984, "min": -1.91397404671}, "silence_rate_30dB": {"dvar": 0.00279601942748, "var": 0.00233119982295, "median": 1, "max": 1, "dmean": 0.00280406582169, "dmean2": 0.00560878729448, "mean": 0.997663557529, "dvar2": 0.00744618428871, "min": 0}, "gfcc": {"mean": [-211.220458984, 149.4921875, -153.262771606, -57.056098938, -89.1064987183, -42.7075042725, -16.2046718597, 4.27981758118, -12.2098827362, -2.06833171844, 2.65148186684, -4.58272266388, 2.04533696175], "cov": [[14333.8398438, 1018.83782959, -921.402832031, 1413.58972168, 9.33463096619, 161.580123901, -101.260528564, 222.169784546, -302.855895996, -325.62878418, -360.124145508, -401.344268799, -137.183837891], [1018.83782959, 2286.57177734, 144.547332764, -258.474365234, 495.992340088, -376.784332275, 62.816822052, -437.846405029, 86.9771652222, -229.158432007, -177.571838379, -21.9777259827, 199.88973999], [-921.402832031, 144.547332764, 1831.83764648, 427.762329102, -55.4734268188, 722.223022461, 120.443641663, 408.833221436, -88.0018539429, -62.3079223633, 76.3314285278, -80.3891525269, -146.088150024], [1413.58972168, -258.474365234, 427.762329102, 1436.24597168, 549.023193359, 619.206237793, 63.521987915, 143.922088623, -161.381195068, -118.537979126, -338.684692383, -131.642852783, -178.164672852], [9.33463096619, 495.992340088, -55.4734268188, 549.023193359, 825.265014648, 191.020462036, 85.6964035034, -180.184402466, -15.6931428909, -117.728477478, -314.026702881, -25.5563583374, -9.80062294006], [161.580123901, -376.784332275, 722.223022461, 619.206237793, 191.020462036, 883.151367188, 206.863739014, 318.101989746, -148.615646362, -81.4098892212, -75.7227020264, -90.8796768188, -198.791915894], [-101.260528564, 62.816822052, 120.443641663, 63.521987915, 85.6964035034, 206.863739014, 283.491607666, 147.719100952, 32.3706245422, -10.8144598007, -39.5772438049, -113.091064453, -100.057929993], [222.169784546, -437.846405029, 408.833221436, 143.922088623, -180.184402466, 318.101989746, 147.719100952, 434.522521973, 57.4744110107, 42.014087677, 55.3339004517, -125.695289612, -162.349655151], [-302.855895996, 86.9771652222, -88.0018539429, -161.381195068, -15.6931428909, -148.615646362, 32.3706245422, 57.4744110107, 214.554077148, 81.3467636108, 2.92967414856, -54.415348053, -4.30098867416], [-325.62878418, -229.158432007, -62.3079223633, -118.537979126, -117.728477478, -81.4098892212, -10.8144598007, 42.014087677, 81.3467636108, 184.323135376, 125.315193176, -0.798194169998, -30.2883834839], [-360.124145508, -177.571838379, 76.3314285278, -338.684692383, -314.026702881, -75.7227020264, -39.5772438049, 55.3339004517, 2.92967414856, 125.315193176, 330.827423096, 103.108757019, -8.579413414], [-401.344268799, -21.9777259827, -80.3891525269, -131.642852783, -25.5563583374, -90.8796768188, -113.091064453, -125.695289612, -54.415348053, -0.798194169998, 103.108757019, 230.29510498, 128.778839111], [-137.183837891, 199.88973999, -146.088150024, -178.164672852, -9.80062294006, -198.791915894, -100.057929993, -162.349655151, -4.30098867416, -30.2883834839, -8.579413414, 128.778839111, 225.016433716]], "icov": [[0.000203224146389, -0.00047607551096, 0.000497625558637, -0.000382521393476, 0.000352034869138, -0.000216313434066, 0.000503014191054, -0.000810737081338, 0.000543383241165, -0.000168658138136, -8.7846077804e-05, 0.000266393122729, -0.000138155330205], [-0.00047607551096, 0.00244395877235, -0.00183879770339, 0.0010422335472, -0.00164052669425, 0.00126488471869, -0.00201334152371, 0.00339436344802, -0.0022352586966, 0.00239236047491, -0.000868928211275, 0.000586347479839, -0.000319501239574], [0.000497625558637, -0.00183879770339, 0.00252464134246, -0.00112650054507, 0.00123119808268, -0.0016737957485, 0.00201292592101, -0.0031579521019, 0.00156112702098, -0.000810610246845, -0.000530643214006, 0.000586755631957, -0.000559804611839], [-0.000382521393476, 0.0010422335472, -0.00112650054507, 0.00264871469699, -0.00172876613215, 2.35628285736e-05, -1.5069697838e-05, 0.00069538934622, 0.000329063623212, -0.000461431074655, 0.00169742200524, -0.000452238309663, 0.00091505254386], [0.000352034869138, -0.00164052669425, 0.00123119808268, -0.00172876613215, 0.00465317815542, -0.00166979338974, -9.16871285881e-05, 0.000536595471203, -0.000606812478509, -0.00124420307111, 0.00249123713002, -0.00192784273531, 0.00119557918515], [-0.000216313434066, 0.00126488471869, -0.0016737957485, 2.35628285736e-05, -0.00166979338974, 0.00464553292841, -0.00239286501892, -0.000519255176187, 0.00152177643031, 0.00110147765372, -4.50721017842e-05, -0.000739400449675, 0.000867967901286], [0.000503014191054, -0.00201334152371, 0.00201292592101, -1.5069697838e-05, -9.16871285881e-05, -0.00239286501892, 0.00819408986717, -0.00460770446807, 0.00169368973002, -0.00108557729982, -0.000237863452639, 0.00237481575459, 0.000109381035145], [-0.000810737081338, 0.00339436344802, -0.0031579521019, 0.00069538934622, 0.000536595471203, -0.000519255176187, -0.00460770446807, 0.0126229366288, -0.00742836203426, 0.00359543785453, -0.00137777009513, 0.000731624255423, 0.00148467230611], [0.000543383241165, -0.0022352586966, 0.00156112702098, 0.000329063623212, -0.000606812478509, 0.00152177643031, 0.00169368973002, -0.00742836203426, 0.0126279527321, -0.006454187911, 0.00256955088116, 0.00105157133657, -0.000828677089885], [-0.000168658138136, 0.00239236047491, -0.000810610246845, -0.000461431074655, -0.00124420307111, 0.00110147765372, -0.00108557729982, 0.00359543785453, -0.006454187911, 0.0138884596527, -0.00696112401783, 0.00290499953553, -0.000271240773145], [-8.7846077804e-05, -0.000868928211275, -0.000530643214006, 0.00169742200524, 0.00249123713002, -4.50721017842e-05, -0.000237863452639, -0.00137777009513, 0.00256955088116, -0.00696112401783, 0.0118656838313, -0.00725191598758, 0.00440153712407], [0.000266393122729, 0.000586347479839, 0.000586755631957, -0.000452238309663, -0.00192784273531, -0.000739400449675, 0.00237481575459, 0.000731624255423, 0.00105157133657, 0.00290499953553, -0.00725191598758, 0.013254837133, -0.00694014597684], [-0.000138155330205, -0.000319501239574, -0.000559804611839, 0.00091505254386, 0.00119557918515, 0.000867967901286, 0.000109381035145, 0.00148467230611, -0.000828677089885, -0.000271240773145, 0.00440153712407, -0.00694014597684, 0.0110308891162]]}, "silence_rate_20dB": {"dvar": 0, "var": 0, "median": 1, "max": 1, "dmean": 0, "dmean2": 0, "mean": 1, "dvar2": 0, "min": 1}, "barkbands_skewness": {"dvar": 1.34828829765, "var": 6.31288528442, "median": 1.23740577698, "max": 24.92537117, "dmean": 0.860859751701, "dmean2": 1.26384830475, "mean": 1.78450214863, "dvar2": 3.03715467453, "min": -5.18095016479}, "erbbands_skewness": {"dvar": 0.501355886459, "var": 3.68213295937, "median": 1.09029316902, "max": 11.6963167191, "dmean": 0.671173989773, "dmean2": 0.989115059376, "mean": 1.38015305996, "dvar2": 1.1363940239, "min": -9.45742416382}, "spectral_contrast_valleys": {"dvar": [0.235185071826, 0.0770675390959, 0.0563493296504, 0.0399809069932, 0.0309152770787, 0.233680784702], "var": [2.34278941154, 1.95798933506, 1.42449510098, 0.997846066952, 0.820970594883, 1.14526987076], "median": [-10.6910066605, -7.82582616806, -8.59412002563, -10.0419483185, -10.2606468201, -13.4429187775], "max": [-6.78007173538, -5.41820716858, -6.13672685623, -7.79552745819, -7.28166246414, -10.9924020767], "dmean": [0.520467162132, 0.300280451775, 0.25367346406, 0.193657398224, 0.137223616242, 0.361477226019], "dmean2": [0.885293543339, 0.489721506834, 0.4175568223, 0.32390281558, 0.225602164865, 0.643754124641], "mean": [-10.5448904037, -7.93274593353, -8.73832607269, -10.156671524, -10.3433675766, -13.6442556381], "dvar2": [0.595416843891, 0.170658588409, 0.11548884958, 0.0734356790781, 0.0451138280332, 0.72831851244], "min": [-28.108341217, -27.5114574432, -27.0534553528, -27.3685359955, -27.2344036102, -27.289144516]}, "spectral_strongpeak": {"dvar": 0.764229655266, "var": 2.67532682419, "median": 1.78620135784, "max": 23.8076114655, "dmean": 0.673874437809, "dmean2": 1.02089226246, "mean": 2.10174584389, "dvar2": 1.69979071617, "min": 0}, "erbbands_crest": {"dvar": 8.90828227997, "var": 37.2238616943, "median": 18.0354728699, "max": 34.0887985229, "dmean": 3.23277950287, "dmean2": 5.01457738876, "mean": 18.4233798981, "dvar2": 20.9643802643, "min": 2.53752017021}, "barkbands_crest": {"dvar": 5.96795606613, "var": 29.6716690063, "median": 15.3331890106, "max": 26.8979434967, "dmean": 2.61650037766, "dmean2": 4.00791978836, "mean": 15.7006406784, "dvar2": 14.1752557755, "min": 2.84285354614}, "spectral_energyband_middle_low": {"dvar": 8.22033325676e-05, "var": 0.000299957377138, "median": 0.0126558337361, "max": 0.136987388134, "dmean": 0.00642479443923, "dmean2": 0.00915939360857, "mean": 0.0176932252944, "dvar2": 0.000184177450137, "min": 2.3303660484e-22}, "spectral_contrast_coeffs": {"dvar": [0.00153538852464, 0.00142933207098, 0.000709207030013, 0.000465446530143, 0.000213507679291, 0.000853336474393], "var": [0.0157480277121, 0.0164447501302, 0.00908905267715, 0.0072168475017, 0.00715158320963, 0.00476742722094], "median": [-0.641810894012, -0.532073974609, -0.61314201355, -0.759246110916, -0.788488149643, -0.8028408885], "max": [-0.291584998369, -0.186969310045, -0.297067582607, -0.432007133961, -0.381524831057, -0.550581932068], "dmean": [0.0464089103043, 0.0443514734507, 0.0326127111912, 0.0269507635385, 0.0172332245857, 0.024859810248], "dmean2": [0.0767677128315, 0.0685332268476, 0.0507833063602, 0.0441763997078, 0.0279077719897, 0.0440234802663], "mean": [-0.635952591896, -0.535643160343, -0.615721225739, -0.743823885918, -0.774699568748, -0.786097586155], "dvar2": [0.00409818813205, 0.00345519348048, 0.00167737458833, 0.00124375149608, 0.000532072561327, 0.00278627173975], "min": [-0.957202732563, -0.964104533195, -0.968941748142, -0.964616000652, -0.96023619175, -0.958954274654]}, "hfc": {"dvar": 32.0672645569, "var": 147.589874268, "median": 9.56448745728, "max": 144.727050781, "dmean": 4.00345659256, "dmean2": 5.68718719482, "mean": 12.8278112411, "dvar2": 69.4965057373, "min": 1.18610155953e-16}, "spectral_energyband_high": {"dvar": 2.40774755689e-09, "var": 1.04127551026e-08, "median": 1.38395182603e-06, "max": 0.00182818307076, "dmean": 1.27141956909e-05, "dmean2": 1.95124794118e-05, "mean": 3.20595463563e-05, "dvar2": 6.02234173641e-09, "min": 7.50447493835e-21}, "erbbands_spread": {"dvar": 6.94466590881, "var": 56.9352226257, "median": 4.98847293854, "max": 88.7133102417, "dmean": 1.93600809574, "dmean2": 2.95355772972, "mean": 7.39208650589, "dvar2": 16.224187851, "min": 0.264492481947}, "dissonance": {"dvar": 0.00263328617439, "var": 0.00824659597129, "median": 0.343493402004, "max": 0.500000059605, "dmean": 0.0541438907385, "dmean2": 0.09164711833, "mean": 0.337687522173, "dvar2": 0.00718605238944, "min": 0.0554812960327}, "spectral_kurtosis": {"dvar": 303.280395508, "var": 1486.9440918, "median": 45.2870445251, "max": 222.178482056, "dmean": 17.2048740387, "dmean2": 29.4798583984, "mean": 52.8043785095, "dvar2": 889.78326416, "min": -1.204611063}, "spectral_skewness": {"dvar": 0.870775699615, "var": 5.26441860199, "median": 4.97798919678, "max": 12.3189373016, "dmean": 1.03773355484, "dmean2": 1.80487537384, "mean": 5.11979389191, "dvar2": 2.63201212883, "min": -0.0525320507586}, "pitch_salience": {"dvar": 0.00328177632764, "var": 0.0195331927389, "median": 0.416820824146, "max": 0.844064235687, "dmean": 0.0638490095735, "dmean2": 0.0971391797066, "mean": 0.403187155724, "dvar2": 0.0076389638707, "min": 0.0319283492863}, "spectral_complexity": {"dvar": 0.860028088093, "var": 13.2430009842, "median": 6, "max": 25, "dmean": 0.872064471245, "dmean2": 1.50245380402, "mean": 6.49252319336, "dvar2": 2.05768990517, "min": 0}, "spectral_spread": {"dvar": 286338056192, "var": 1941254963200.0, "median": 1508025.75, "max": 40537016, "dmean": 336637.9375, "dmean2": 582608.4375, "mean": 1728401.5, "dvar2": 466282938368, "min": 359742.53125}, "dynamic_complexity": 3.94351625443, "melbands_crest": {"dvar": 9.25721931458, "var": 46.7429428101, "median": 19.1178874969, "max": 37.3332633972, "dmean": 3.11634755135, "dmean2": 4.80375003815, "mean": 19.7420024872, "dvar2": 21.9032173157, "min": 1.90841424465}, "zerocrossingrate": {"dvar": 2.51558303717e-05, "var": 0.00238552549854, "median": 0.02685546875, "max": 0.61767578125, "dmean": 0.00258003501222, "dmean2": 0.00323265232146, "mean": 0.0337228924036, "dvar2": 2.54933001997e-05, "min": 0.00537109375}, "spectral_energyband_low": {"dvar": 4.92604726787e-07, "var": 4.66182382297e-06, "median": 1.84545604043e-06, "max": 0.0181378088892, "dmean": 0.000239511835389, "dmean2": 0.000210677972063, "mean": 0.000790251651779, "dvar2": 4.40067623231e-07, "min": 5.20594302469e-23}, "melbands_kurtosis": {"dvar": 438.62210083, "var": 1190.85266113, "median": 4.37979984283, "max": 464.444122314, "dmean": 9.04349040985, "dmean2": 13.9904384613, "mean": 16.2470474243, "dvar2": 1079.39611816, "min": -1.95278322697}, "spectral_energyband_middle_high": {"dvar": 7.87017143011e-06, "var": 4.33332497778e-05, "median": 0.00123688834719, "max": 0.117758154869, "dmean": 0.00116949388757, "dmean2": 0.00164926925208, "mean": 0.00327394041233, "dvar2": 1.72712261701e-05, "min": 1.48706162381e-21}, "barkbands_spread": {"dvar": 6.80655193329, "var": 41.5130958557, "median": 2.38774418831, "max": 79.7565460205, "dmean": 1.29537296295, "dmean2": 1.95809495449, "mean": 4.51602840424, "dvar2": 15.2297725677, "min": 0.0433952920139}, "mfcc": {"mean": [-845.379760742, 179.739212036, -16.8734588623, -25.9539871216, -49.1894111633, -48.35729599, -14.7199773788, -7.45388698578, -5.83038806915, 1.26909661293, -8.62141990662, 4.15590286255, 10.0541296005], "cov": [[7415.40429688, 1038.38037109, -1234.45263672, 1381.83728027, 344.697814941, 207.007781982, 142.718917847, 124.524986267, 208.158782959, 0.589920520782, -419.040893555, -349.434783936, -63.20154953], [1038.38037109, 1822.87133789, 225.83190918, -70.6370773315, 111.429283142, -92.2452850342, -110.922523499, -52.3102684021, 77.4970169067, -137.571807861, -154.784042358, -102.155479431, 29.2220306396], [-1234.45263672, 225.83190918, 1325.4420166, 138.569412231, 127.242042542, 359.428070068, 305.591827393, 335.125183105, 125.247825623, 144.526107788, 151.269699097, 72.0673294067, -82.5951538086], [1381.83728027, -70.6370773315, 138.569412231, 870.33013916, 427.874420166, 412.513092041, 246.129165649, 210.834243774, 203.451690674, 103.514938354, -6.25236415863, -82.6271514893, -86.8329544067], [344.697814941, 111.429283142, 127.242042542, 427.874420166, 533.255981445, 411.73815918, 110.359260559, 121.727851868, 162.990768433, -80.532989502, -64.3865432739, -115.254547119, -55.6815338135], [207.007781982, -92.2452850342, 359.428070068, 412.513092041, 411.73815918, 596.020996094, 317.739807129, 266.442016602, 193.686935425, -31.7066020966, -20.6061534882, -75.0877151489, -45.9287719727], [142.718917847, -110.922523499, 305.591827393, 246.129165649, 110.359260559, 317.739807129, 435.913879395, 309.202758789, 93.3896102905, 99.0782089233, 73.2115325928, 82.1572113037, 17.2208003998], [124.524986267, -52.3102684021, 335.125183105, 210.834243774, 121.727851868, 266.442016602, 309.202758789, 373.417236328, 168.149887085, 106.939682007, 77.4238204956, 10.0728330612, -39.8766555786], [208.158782959, 77.4970169067, 125.247825623, 203.451690674, 162.990768433, 193.686935425, 93.3896102905, 168.149887085, 321.854827881, 136.226348877, 58.8581848145, -104.416511536, -111.37588501], [0.589920520782, -137.571807861, 144.526107788, 103.514938354, -80.532989502, -31.7066020966, 99.0782089233, 106.939682007, 136.226348877, 368.184631348, 203.589614868, 46.7023239136, -69.0286560059], [-419.040893555, -154.784042358, 151.269699097, -6.25236415863, -64.3865432739, -20.6061534882, 73.2115325928, 77.4238204956, 58.8581848145, 203.589614868, 276.631866455, 138.570205688, -12.4545097351], [-349.434783936, -102.155479431, 72.0673294067, -82.6271514893, -115.254547119, -75.0877151489, 82.1572113037, 10.0728330612, -104.416511536, 46.7023239136, 138.570205688, 323.033691406, 155.331207275], [-63.20154953, 29.2220306396, -82.5951538086, -86.8329544067, -55.6815338135, -45.9287719727, 17.2208003998, -39.8766555786, -111.37588501, -69.0286560059, -12.4545097351, 155.331207275, 244.708236694]], "icov": [[0.000706087390427, -0.00075619207928, 0.00114445493091, -0.00157168961596, 0.00138037174474, -0.00104196288157, 0.000639323028736, -0.000976114475634, 0.000678009644616, -0.000496056396514, 0.000642315484583, -0.000149074752699, 0.000311693904223], [-0.00075619207928, 0.00161539006513, -0.00165995361749, 0.0017493495252, -0.00213412824087, 0.00232204818167, -0.00119157950394, 0.00139622169081, -0.00154020998161, 0.000958865217399, -0.000320217834087, 0.000426063343184, -0.000783417432103], [0.00114445493091, -0.00165995361749, 0.00328345992602, -0.00231101899408, 0.00274414871819, -0.00340504036285, 0.00178730837069, -0.00269418861717, 0.00204255175777, -0.001481966348