{"metadata": {"version": {"essentia_git_sha": "v2.1_beta1-28-g21ef5f4-dirty", "essentia_build_sha": "ca57ba49d9b1854bd80e60cf9ccf267278fb7d6b", "extractor": "music 1.0", "essentia": "2.1-beta1"}, "audio_properties": {"analysis_sample_rate": 44100, "md5_encoded": "c5501665d96e31a40c474b36b81f3749", "downmix": "mix", "sample_rate": 44100, "equal_loudness": 0, "lossless": true, "codec": "flac", "bit_rate": 0, "length": 57.887348175, "replay_gain": -6.18961715698}, "tags": {"script": ["Latn"], "compilation": ["1"], "releasecountry": ["US"], "releasestatus": ["official"], "musicbrainz_artistid": ["c755c612-184b-4aeb-b281-0970eb19ea40"], "replaygain_track_peak": ["1.00000000"], "replaygain_album_peak": ["1.00000000"], "date": ["1998-06-02"], "disctotal": ["1"], "replaygain_album_gain": ["-2.97 dB"], "musicbrainz_albumid": ["0a8f89e3-eadf-4cf9-9751-dd9fa50753ab"], "replaygain_track_gain": ["-1.63 dB"], "tracktotal": ["21"], "replaygain_reference_loudness": ["89.0 dB"], "album": ["The Truman Show"], "discnumber": ["1"], "artistsort": ["Dallwitz, Burkhard"], "file_name": "10 Burkhard Dallwitz - Underground.flac", "genre": ["Soundtrack, Score, Sci Fi, Drama, Comedy"], "artist": ["Burkhard Dallwitz"], "asin": ["B00008O88N"], "musicbrainz_discid": ["7Y5QO7mYgX5iNlbIXRkiOGQ4src-"], "totaltracks": ["21"], "originaldate": ["1998-06-02"], "albumartist": ["Various Artists"], "tracknumber": ["10"], "musicbrainz_recordingid": ["f2559abc-f983-4051-92f4-33371ef2e54d"], "totaldiscs": ["1"], "releasetype": ["album", "soundtrack"], "albumartistsort": ["Various Artists"], "discid": ["200d4a15"], "title": ["Underground"], "musicbrainz_releasegroupid": ["3388313b-87e9-3f3c-875b-0c892633fe90"], "musicbrainz_albumartistid": ["89ad4ac3-39f7-470e-963a-56509c546377"]}}, "rhythm": {"beats_loudness": {"var": 0.00661107944325, "mean": 0.0423415377736, "dmean2": 0.10200869292, "dvar": 0.00908433739096, "dmean": 0.0534713417292, "max": 0.330435723066, "min": 0, "median": 0.00510673318058, "dvar2": 0.0252856016159}, "beats_position": [0.603718817234, 1.21904754639, 1.74149656296, 2.27555561066, 2.80961441994, 3.35528349876, 3.9125623703, 4.46984100342, 5.02712011337, 5.58439922333, 6.15328788757, 6.71056699753, 7.26784563065, 7.81351470947, 8.33596324921, 8.85841274261, 9.39247131348, 9.91492080688, 10.4489793777, 10.9714279175, 11.4938774109, 12.0279359818, 12.5503854752, 13.0728340149, 13.5952835083, 14.117732048, 14.6517915726, 15.1742401123, 15.696688652, 16.2307472229, 16.7648067474, 17.298866272, 17.8329238892, 18.3437633514, 18.8546028137, 19.3886623383, 19.9227199554, 20.4451694489, 20.9676189423, 21.4900684357, 22.0125160217, 22.5465755463, 23.0690250397, 23.6030826569, 24.1255321503, 24.6595916748, 25.1704311371, 25.7044887543, 26.2269382477, 26.7493877411, 27.2718353271, 27.8058948517, 28.3283443451, 28.8624038696, 29.3848514557, 29.9189109802, 30.4413604736, 30.9638080597, 31.4862575531, 32.0203170776, 32.542766571, 33.0652160645, 33.6108856201, 34.1565513611, 34.6790008545, 35.2014503479, 35.7935600281, 36.3856697083, 36.9893875122, 37.6511573792, 38.3013153076, 38.9050331116, 39.5087509155, 40.1124725342, 40.6116981506, 41.1109275818, 41.6217689514, 42.1209983826, 42.6202278137, 43.1194534302, 43.6186828613, 44.1179122925, 44.6171417236, 45.1163711548, 45.6156005859, 46.0683898926, 46.497959137, 46.9391365051, 47.380317688, 47.8098869324, 48.2394561768, 48.6690254211, 49.0985946655, 49.5281639099, 49.9577331543, 50.3873023987, 50.8168716431, 51.2464370728, 51.6760063171, 52.0823554993, 52.4887046814, 52.8950538635, 53.3014030457, 53.7193641663, 54.1489334106, 54.5668907166, 54.9848518372, 55.4144210815, 55.8439903259, 56.2735595703, 56.7031288147, 57.1326980591], "bpm_histogram_first_peak_spread": {"var": 0, "mean": 0.444444417953, "dmean2": 0, "dvar": 0, "dmean": 0, "max": 0.444444417953, "min": 0.444444417953, "median": 0.444444417953, "dvar2": 0}, "danceability": 1.11231648922, "bpm_histogram_second_peak_weight": {"var": 0, "mean": 0.153153151274, "dmean2": 0, "dvar": 0, "dmean": 0, "max": 0.153153151274, "min": 0.153153151274, "median": 0.153153151274, "dvar2": 0}, "bpm_histogram_first_peak_weight": {"var": 0, "mean": 0.270270258188, "dmean2": 0, "dvar": 0, "dmean": 0, "max": 0.270270258188, "min": 0.270270258188, "median": 0.270270258188, "dvar2": 0}, "bpm": 113.82585144, "bpm_histogram_second_peak_spread": {"var": 0, "mean": 0.227272748947, "dmean2": 0, "dvar": 0, "dmean": 0, "max": 0.227272748947, "min": 0.227272748947, "median": 0.227272748947, "dvar2": 0}, "bpm_histogram_second_peak_bpm": {"var": 0, "mean": 140, "dmean2": 0, "dvar": 0, "dmean": 0, "max": 140, "min": 140, "median": 140, "dvar2": 0}, "beats_count": 112, "beats_loudness_band_ratio": {"var": [0.0361201278865, 0.0141935814172, 0.00732363853604, 0.0032465599943, 0.000860382453538, 0.00021463779558], "mean": [0.713120162487, 0.152930140495, 0.0747226253152, 0.0422439537942, 0.0182776451111, 0.011517281644], "dmean2": [0.227082580328, 0.169050186872, 0.075288310647, 0.0570029467344, 0.0261095650494, 0.0178293343633], "dvar": [0.0181801263243, 0.00984254851937, 0.00288095418364, 0.00311802979559, 0.000733550696168, 0.000242056528805], "dmean": [0.138879403472, 0.0970981195569, 0.044475633651, 0.032790876925, 0.0149911027402, 0.0101434672251], "max": [0.971083045006, 0.641135454178, 0.49632692337, 0.308487266302, 0.179834380746, 0.120649561286], "min": [0, 0, 0, 0, 0, 0], "median": [0.76524913311, 0.114473775029, 0.0434799641371, 0.0260426718742, 0.0094555914402, 0.00620770268142], "dvar2": [0.036743029952, 0.0277472343296, 0.00752192363143, 0.00810176134109, 0.00225704209879, 0.000638823432382]}, "onset_rate": 1.69260394573, "bpm_histogram_first_peak_bpm": {"var": 0, "mean": 115, "dmean2": 0, "dvar": 0, "dmean": 0, "max": 115, "min": 115, "median": 115, "dvar2": 0}}, "lowlevel": {"hfc": {"var": 340.720214844, "mean": 7.27718019485, "dmean2": 7.80303001404, "dvar": 373.570373535, "dmean": 4.5956993103, "max": 307.456054688, "min": 1.09108649894e-16, "median": 1.66168069839, "dvar2": 1004.05828857}, "barkbands_spread": {"var": 83.1468200684, "mean": 12.3151702881, "dmean2": 5.53160762787, "dvar": 29.91065979, "dmean": 3.39898514748, "max": 97.8039932251, "min": 0.726529955864, "median": 10.2684955597, "dvar2": 71.5214920044}, "spectral_spread": {"var": 28305738694700.0, "mean": 5465019, "dmean2": 607574.9375, "dvar": 539499986944, "dmean": 379517.0625, "max": 42465132, "min": 894474.625, "median": 4865103, "dvar2": 1092050157570.0}, "spectral_energy": {"var": 0.00267912261188, "mean": 0.0242087785155, "dmean2": 0.0242703147233, "dvar": 0.00159823498689, "dmean": 0.0142252082005, "max": 0.530036270618, "min": 9.911957454e-21, "median": 0.0050268759951, "dvar2": 0.00421679066494}, "gfcc": {"icov": [[0.000300838728435, -0.00088381342357, 0.000821523484774, -0.000868755334523, 0.000143014491186, -0.00135455536656, 0.000931415241212, -0.000675900781062, 0.00138783373404, -0.000690205313731, 0.00103395851329, -0.000496063265018, 0.000585367379244], [-0.00088381342357, 0.00383271300234, -0.00210451660678, 0.00309068569914, -0.000717936374713, 0.0041355099529, -0.00227271555923, 0.00236495165154, -0.00486578792334, 0.00329178012908, -0.00363354268484, 0.00262434966862, -0.00187025766354], [0.000821523484774, -0.00210451660678, 0.0039442977868, -0.00161771860439, -0.000500672089402, -0.00384839903563, 0.00333195575513, -0.00149817951024, 0.00158070260659, -0.00180978013668, 0.00544782960787, -0.00357707147487, 0.00223771273158], [-0.000868755334523, 0.00309068569914, -0.00161771860439, 0.00642160512507, 0.000634089927189, 0.00408844556659, -0.00331980455667, 0.00454347906634, -0.00632398808375, 0.00399260269478, -0.00297309225425, 0.00275181722827, -0.00259566260502], [0.000143014491186, -0.000717936374713, -0.000500672089402, 0.000634089927189, 0.00536643527448, 0.000822461384814, -0.00270016631112, 0.00219033705071, 0.00187769555487, -0.000856007274706, -0.00395199097693, 0.00580331496894, 0.000604591215961], [-0.00135455536656, 0.0041355099529, -0.00384839903563, 0.00408844556659, 0.000822461384814, 0.0133003639057, -0.00288282870315, 0.00207489589229, -0.00451814988628, 0.00460638292134, -0.00841742940247, 0.00357867451385, -0.00260542193428], [0.000931415241212, -0.00227271555923, 0.00333195575513, -0.00331980455667, -0.00270016631112, -0.00288282870315, 0.0133001450449, -0.0026267725043, 5.52388155484e-05, -0.000198550289497, 0.00574944820255, -0.00227475026622, -0.00295620667748], [-0.000675900781062, 0.00236495165154, -0.00149817951024, 0.00454347906634, 0.00219033705071, 0.00207489589229, -0.0026267725043, 0.0174340102822, -0.00756599335, 0.000434651214164, -0.00237173913047, 0.00125065527391, -7.53546487431e-08], [0.00138783373404, -0.00486578792334, 0.00158070260659, -0.00632398808375, 0.00187769555487, -0.00451814988628, 5.52388155484e-05, -0.00756599335, 0.023113919422, -0.00552474847063, 0.000821811670903, -0.00187336583622, 0.00228962232359], [-0.000690205313731, 0.00329178012908, -0.00180978013668, 0.00399260269478, -0.000856007274706, 0.00460638292134, -0.000198550289497, 0.000434651214164, -0.00552474847063, 0.0161672141403, -0.00550133967772, 0.00140192185063, -0.00200169230811], [0.00103395851329, -0.00363354268484, 0.00544782960787, -0.00297309225425, -0.00395199097693, -0.00841742940247, 0.00574944820255, -0.00237173913047, 0.000821811670903, -0.00550133967772, 0.0254307147115, -0.0111689381301, -2.7844651413e-05], [-0.000496063265018, 0.00262434966862, -0.00357707147487, 0.00275181722827, 0.00580331496894, 0.00357867451385, -0.00227475026622, 0.00125065527391, -0.00187336583622, 0.00140192185063, -0.0111689381301, 0.0334439501166, -0.00552971381694], [0.000585367379244, -0.00187025766354, 0.00223771273158, -0.00259566260502, 0.000604591215961, -0.00260542193428, -0.00295620667748, -7.53546487431e-08, 0.00228962232359, -0.00200169230811, -2.7844651413e-05, -0.00552971381694, 0.0233599096537]], "mean": [-134.321228027, 120.247680664, -82.7102127075, 39.4907112122, -51.622089386, 20.6934299469, -28.0037117004, 4.40187835693, -14.5094146729, -8.32058811188, -4.76418972015, 0.0811380967498, -8.72681808472], "cov": [[38584.6875, 3028.65869141, -4279.06396484, 944.148986816, -1206.49133301, 1315.24572754, -1006.26092529, -6.45673179626, -864.722045898, -348.914825439, 239.817886353, -178.160018921, -146.035598755], [3028.65869141, 1122.13110352, -258.852020264, -60.274356842, 192.164459229, -19.9251270294, 19.4083862305, -48.3952980042, -5.48822784424, -73.0959014893, 52.2684059143, -73.0072174072, 4.36024618149], [-4279.06396484, -258.852020264, 1100.33337402, -215.910629272, 41.7340011597, -55.5844230652, -30.3211994171, 38.5064277649, 91.0418014526, 51.829334259, -94.7763824463, 51.0851516724, -46.5113105774], [944.148986816, -60.274356842, -215.910629272, 427.571655273, -61.2405052185, -14.3471860886, 65.4815444946, -51.6804962158, 28.603477478, -60.009552002, -3.77868628502, -11.9869003296, 37.1915817261], [-1206.49133301, 192.164459229, 41.7340011597, -61.2405052185, 456.515594482, -98.886138916, 125.350784302, -66.7556838989, 8.58471107483, 7.28198099136, 35.9666175842, -66.9443740845, 11.8125658035], [1315.24572754, -19.9251270294, -55.5844230652, -14.3471860886, -98.886138916, 194.433959961, -70.062713623, 20.5104675293, -31.4030323029, -9.01927280426, 25.1836700439, 12.4789943695, -10.1550865173], [-1006.26092529, 19.4083862305, -30.3211994171, 65.4815444946, 125.350784302, -70.062713623, 185.565567017, -20.1126766205, 44.5008926392, -16.1662120819, -2.02367830276, -16.9144001007, 39.6213302612], [-6.45673179626, -48.3952980042, 38.5064277649, -51.6804962158, -66.7556838989, 20.5104675293, -20.1126766205, 89.7251586914, 18.71342659, 18.0860958099, -1.69351935387, 15.0753927231, -8.39147663116], [-864.722045898, -5.48822784424, 91.0418014526, 28.603477478, 8.58471107483, -31.4030323029, 44.5008926392, 18.71342659, 97.0146942139, 11.7898244858, 3.35098266602, 7.024746418, 10.761721611], [-348.914825439, -73.0959014893, 51.829334259, -60.009552002, 7.28198099136, -9.01927280426, -16.1662120819, 18.0860958099, 11.7898244858, 91.9228973389, 12.8110780716, 9.55966281891, -2.9826066494], [239.817886353, 52.2684059143, -94.7763824463, -3.77868628502, 35.9666175842, 25.1836700439, -2.02367830276, -1.69351935387, 3.35098266602, 12.8110780716, 77.2847595215, 7.93108654022, 11.1950063705], [-178.160018921, -73.0072174072, 51.0851516724, -11.9869003296, -66.9443740845, 12.4789943695, -16.9144001007, 15.0753927231, 7.024746418, 9.55966281891, 7.93108654022, 51.5931739807, 5.73086261749], [-146.035598755, 4.36024618149, -46.5113105774, 37.1915817261, 11.8125658035, -10.1550865173, 39.6213302612, -8.39147663116, 10.761721611, -2.9826066494, 11.1950063705, 5.73086261749, 59.0402259827]]}, "silence_rate_60dB": {"var": 0.242146119475, "mean": 0.411387324333, "dmean2": 0.0593900494277, "dvar": 0.0288015697151, "dmean": 0.0296831130981, "max": 1, "min": 0, "median": 0, "dvar2": 0.0679004266858}, "spectral_centroid": {"var": 2397609.75, "mean": 962.028076172, "dmean2": 266.659759521, "dvar": 86919.578125, "dmean": 165.649337769, "max": 11587.6914062, "min": 159.73223877, "median": 596.537719727, "dvar2": 193848.8125}, "spectral_complexity": {"var": 61.5151863098, "mean": 9.19526863098, "dmean2": 3.47190999985, "dvar": 18.154542923, "dmean": 2.24388289452, "max": 54, "min": 0, "median": 7, "dvar2": 35.4433708191}, "melbands_spread": {"var": 377.733184814, "mean": 12.5640563965, "dmean2": 5.99839258194, "dvar": 40.1647224426, "dmean": 3.67596507072, "max": 149.751495361, "min": 0.653956055641, "median": 7.79984855652, "dvar2": 100.293518066}, "spectral_strongpeak": {"var": 0.157161295414, "mean": 0.273603349924, "dmean2": 0.308656156063, "dvar": 0.149944141507, "dmean": 0.176500886679, "max": 4.69489717484, "min": 0, "median": 0.141244411469, "dvar2": 0.432089954615}, "zerocrossingrate": {"var": 0.00484986277297, "mean": 0.0421075038612, "dmean2": 0.00821104086936, "dvar": 7.17735601938e-05, "dmean": 0.00627420842648, "max": 0.5283203125, "min": 0.001953125, "median": 0.0302734375, "dvar2": 8.74803372426e-05}, "erbbands_kurtosis": {"var": 3.03573822975, "mean": 0.941684961319, "dmean2": 1.30143928528, "dvar": 0.805715918541, "dmean": 0.836399137974, "max": 16.1526374817, "min": -1.7199524641, "median": 0.480553269386, "dvar2": 1.89781033993}, "spectral_energyband_middle_low": {"var": 0.000497854489367, "mean": 0.00779354292899, "dmean2": 0.00884541124105, "dvar": 0.000419202260673, "dmean": 0.00519648753107, "max": 0.360769450665, "min": 1.70409278362e-22, "median": 0.00165439490229, "dvar2": 0.0011103048455}, "erbbands": {"var": [0.0484919957817, 20.0631008148, 408.227844238, 668.897949219, 1243.00024414, 1060.85327148, 980.815734863, 394.495819092, 355.340209961, 266.010345459, 111.58921051, 165.813369751, 304.574066162, 4528.33300781, 1053.33642578, 1502.70629883, 783.332397461, 658.38494873, 508.546112061, 386.22253418, 263.314544678, 150.419021606, 365.31048584, 228.880584717, 249.85218811, 205.660766602, 112.53175354, 87.6480102539, 79.4694519043, 49.144241333, 22.3573913574, 17.6192531586, 4.53055429459, 1.30010724068, 0.46892914176, 0.073817178607, 0.00430251052603, 0.000187562371138, 1.98999987333e-06, 9.99238913835e-09], "mean": [0.144575878978, 2.15354967117, 7.27787494659, 8.42671585083, 10.9199886322, 8.9217672348, 7.81748008728, 7.3280248642, 6.95012331009, 6.79312324524, 3.91194343567, 5.23859786987, 5.57582044601, 21.3680839539, 10.7314157486, 13.2501115799, 8.07147121429, 5.50133705139, 6.17247390747, 6.51365089417, 3.78762197495, 3.381118536, 7.61718225479, 3.13455533981, 4.32557249069, 3.17523598671, 1.94569563866, 1.40146064758, 1.66228580475, 0.995012938976, 0.869589924812, 0.709054291248, 0.440366059542, 0.216119319201, 0.0904196202755, 0.0328126624227, 0.00803010258824, 0.00170950766187, 0.000172939835466, 3.41632148775e-05], "dmean2": [0.180221185088, 3.0088083744, 11.725271225, 11.8792877197, 15.1165370941, 12.973941803, 10.4280662537, 8.27222156525, 7.7246336937, 7.09145450592, 5.31973028183, 6.53625154495, 7.75513267517, 27.6337585449, 14.657374382, 15.6634044647, 11.566857338, 9.55460643768, 10.4080677032, 10.2122068405, 6.46603870392, 5.62077140808, 10.6929502487, 5.88514471054, 7.37671089172, 6.01025819778, 4.0637345314, 3.31964039803, 3.22164201736, 2.1765832901, 1.73443102837, 1.39146399498, 0.848659098148, 0.450772792101, 0.235016673803, 0.0892738848925, 0.0212393775582, 0.00427806470543, 0.000452236272395, 4.3964406359e-05], "dvar": [0.0332911014557, 14.5602416992, 410.017456055, 603.896789551, 1069.01318359, 1436.05725098, 912.069702148, 350.340240479, 359.463653564, 219.273193359, 124.515579224, 202.518508911, 437.603149414, 3114.5871582, 1405.56750488, 1979.53186035, 1126.08117676, 1042.76965332, 741.325683594, 486.437011719, 392.005401611, 204.020614624, 384.009796143, 344.771148682, 342.909484863, 328.334991455, 179.119003296, 142.034362793, 130.914489746, 83.32472229, 34.4555053711, 27.7740116119, 6.75374794006, 1.99006688595, 0.760626912117, 0.121956430376, 0.00702035520226, 0.000319226266583, 3.36620428243e-06, 1.21525420838e-08], "dmean": [0.10086800158, 1.69388234615, 6.61249017715, 6.77523469925, 8.74785137177, 7.57649946213, 6.52853822708, 5.1224603653, 4.74055576324, 4.4504365921, 3.25959944725, 3.99802565575, 4.64089679718, 16.2586326599, 8.54189491272, 9.29582214355, 6.72711324692, 5.52206039429, 5.96941757202, 5.83223056793, 3.72478675842, 3.25332164764, 6.12036371231, 3.35381174088, 4.21174812317, 3.37896108627, 2.28072118759, 1.8235732317, 1.77814853191, 1.18812322617, 0.957878649235, 0.766659021378, 0.471684426069, 0.250619202852, 0.128250136971, 0.0485895052552, 0.0115233454853, 0.00232117529958, 0.000244120368734, 2.52588870353e-05], "max": [1.9790699482, 48.2001533508, 301.151977539, 334.428710938, 467.617858887, 873.317504883, 595.855285645, 444.941589355, 411.318115234, 231.959274292, 160.41633606, 232.333679199, 419.035308838, 822.123352051, 784.07800293, 764.575927734, 632.886413574, 532.381958008, 456.022918701, 341.404144287, 473.833068848, 175.158508301, 301.953796387, 330.419281006, 286.008880615, 338.826507568, 254.554382324, 248.540771484, 219.233291626, 199.226486206, 109.527854919, 139.955459595, 40.2729072571, 20.7700462341, 20.0068149567, 8.37916278839, 1.79344046116, 0.405604243279, 0.0391783937812, 0.00233266875148], "min": [1.11030733528e-22, 5.80109023628e-22, 3.04975069889e-21, 8.81533325822e-21, 1.89709818365e-20, 3.45986870452e-20, 2.76517334553e-20, 5.16970983804e-20, 1.19580654395e-19, 2.61211850121e-19, 1.35973112314e-19, 3.7679392636e-19, 4.9589074472e-19, 9.39124102223e-19, 9.94837611611e-19, 1.50044659115e-18, 1.61851132076e-18, 2.22913718632e-18, 2.87753718513e-18, 3.74966472421e-18, 4.18172680075e-18, 4.67381447921e-18, 5.61270996939e-18, 7.64498768249e-18, 8.5405761317e-18, 9.48564238925e-18, 8.75756794025e-18, 1.11127157531e-17, 1.14488877443e-17, 1.09992728952e-17, 1.23360166174e-17, 1.17867364306e-17, 9.53229703016e-18, 8.88854289126e-18, 5.84535534385e-18, 3.70531626285e-18, 2.4285236963e-18, 9.59052847734e-19, 2.51135032501e-19, 2.86733176677e-20], "median": [0.0531648471951, 0.342788100243, 0.735009670258, 0.935764670372, 1.41157054901, 1.92123603821, 1.21980571747, 2.32156658173, 1.97202146053, 2.30194115639, 1.1678917408, 1.94773650169, 1.64955866337, 1.27684652805, 2.54256510735, 1.73047697544, 1.55962014198, 0.661852121353, 0.52094912529, 0.447571337223, 0.552840590477, 0.430182605982, 0.815780282021, 0.401176810265, 0.178645014763, 0.187326014042, 0.144323244691, 0.143292158842, 0.170506626368, 0.194296121597, 0.177305281162, 0.156114131212, 0.096748188138, 0.0398156493902, 0.00639504846185, 0.00141647388227, 0.000344517931808, 0.000209093559533, 1.57104786922e-05, 6.22512652626e-06], "dvar2": [0.102867282927, 42.5501823425, 1246.69995117, 1684.38708496, 2852.25292969, 4109.68457031, 2225.2956543, 850.002380371, 943.185791016, 545.095397949, 328.686035156, 563.108886719, 1241.73010254, 8636.74414062, 4036.40722656, 5590.69482422, 3177.29541016, 2948.24633789, 2079.72973633, 1363.1607666, 1087.2520752, 559.224365234, 1067.94665527, 955.164916992, 969.617675781, 937.601745605, 502.116210938, 398.494842529, 374.476043701, 237.566741943, 95.1047821045, 77.4840774536, 18.5397796631, 5.49808979034, 2.12816524506, 0.343275636435, 0.0196739993989, 0.000908849237021, 9.54928054853e-06, 3.40211627758e-08]}, "barkbands_crest": {"var": 16.0469150543, "mean": 11.6583194733, "dmean2": 4.20083999634, "dvar": 6.06979370117, "dmean": 2.50270867348, "max": 24.2856483459, "min": 2.62567472458, "median": 11.0557556152, "dvar2": 19.5603256226}, "melbands_crest": {"var": 28.5587692261, "mean": 16.4688816071, "dmean2": 5.01669836044, "dvar": 8.77247428894, "dmean": 3.10801911354, "max": 33.5622253418, "min": 1.58878338337, "median": 16.2858886719, "dvar2": 25.5261173248}, "spectral_flux": {"var": 0.00620675552636, "mean": 0.0633548721671, "dmean2": 0.0339241661131, "dvar": 0.00191505835392, "dmean": 0.0207372419536, "max": 0.560387134552, "min": 6.42568082077e-11, "median": 0.0260895676911, "dvar2": 0.00440652435645}, "spectral_contrast_valleys": {"var": [9.70395088196, 9.7315196991, 9.49673938751, 9.06051254272, 8.55158615112, 7.08427715302], "mean": [-7.68157625198, -8.08456325531, -8.68131351471, -9.3672170639, -9.48613548279, -11.6134290695], "dmean2": [0.575151741505, 0.56502366066, 0.513212025166, 0.447299182415, 0.38994756341, 0.271067172289], "dvar": [0.127111032605, 0.132837980986, 0.134994536638, 0.133240953088, 0.178162276745, 0.144465327263], "dmean": [0.350376516581, 0.357044190168, 0.324564039707, 0.28814265132, 0.261020690203, 0.177277356386], "max": [-4.73267555237, -4.47583866119, -4.48047780991, -4.97226858139, -5.29910421371, -7.58368444443], "min": [-27.9696655273, -27.9915523529, -27.7160415649, -27.5892696381, -27.5350437164, -27.4287185669], "median": [-7.24980783463, -7.46238422394, -8.02314853668, -8.78698348999, -9.01455116272, -10.9536743164], "dvar2": [0.261713504791, 0.235143840313, 0.255098968744, 0.24210113287, 0.331242740154, 0.275887191296]}, "mfcc": {"icov": [[0.00014375174942, -0.000253793346928, 0.000266829767497, 0.000198911337066, 0.000165528967045, -0.00015600862389, 1.70859511854e-05, -0.000131073989905, 0.000476300076116, -9.2815986136e-05, 0.000551808450837, -0.000393727939809, 0.000138012605021], [-0.000253793346928, 0.00143852166366, -0.000595334568061, -0.000462608586531, -0.00106474023778, 0.000354662566679, -0.000781006528996, -0.000386155588785, -0.000472231331514, 0.000275985832559, -0.00147386966273, 0.000545700953808, 5.65629234188e-05], [0.000266829767497, -0.000595334568061, 0.00229926779866, 0.000850465614349, -0.000337379082339, -0.000754057080485, 0.0026783272624, -0.00108892295975, -0.000245806382736, 0.000148568549776, 0.00122062524315, 8.20136756374e-06, -0.00015828794858], [0.000198911337066, -0.000462608586531, 0.000850465614349, 0.00442016171291, 0.00012581559713, -0.00290582189336, 0.00159742904361, -0.000446444289992, -0.00217627733946, 0.000102540318039, 0.00308045628481, -0.00160759314895, 0.00183357030619], [0.000165528967045, -0.00106474023778, -0.000337379082339, 0.00012581559713, 0.00836132187396, -0.00158925820142, -0.00234866933897, 0.0011521425331, 0.00295102410018, -0.000781662703957, -0.000679858785588, -0.00341591937467, 0.00275277276523], [-0.00015600862389, 0.000354662566679, -0.000754057080485, -0.00290582189336, -0.00158925820142, 0.0125175230205, -0.00533179659396, -0.000297501857858, 0.00254826666787, -0.00285384384915, 0.00163208541926, 0.000430710118962, -0.00240071141161], [1.70859511854e-05, -0.000781006528996, 0.0026783272624, 0.00159742904361, -0.00234866933897, -0.00533179659396, 0.0159097090364, -0.000360798410838, -0.00243243691511, 0.00085010001203, 0.000169896011357, 0.00291013531387, -0.000367895292584], [-0.000131073989905, -0.000386155588785, -0.00108892295975, -0.000446444289992, 0.0011521425331, -0.000297501857858, -0.000360798410838, 0.0121176037937, -0.00185303087346, -0.000128008890897, 0.00250725029036, -0.00118752557319, -0.000661661557388], [0.000476300076116, -0.000472231331514, -0.000245806382736, -0.00217627733946, 0.00295102410018, 0.00254826666787, -0.00243243691511, -0.00185303087346, 0.0186507944018, -0.00496018119156, -0.00282414420508, -0.00177002197597, 0.00419668806717], [-9.2815986136e-05, 0.000275985832559, 0.000148568549776, 0.000102540318039, -0.000781662703957, -0.00285384384915, 0.00085010001203, -0.000128008890897, -0.00496018119156, 0.0174382533878, -0.00224058935419, 0.00531511753798, -0.00444022798911], [0.000551808450837, -0.00147386966273, 0.00122062524315, 0.00308045628481, -0.000679858785588, 0.00163208541926, 0.000169896011357, 0.00250725029036, -0.00282414420508, -0.00224058935419, 0.0246749315411, -0.0121077299118, 0.00438557332382], [-0.000393727939809, 0.000545700953808, 8.20136756374e-06, -0.00160759314895, -0.00341591937467, 0.000430710118962, 0.00291013531387, -0.00118752557319, -0.00177002197597, 0.00531511753798, -0.0121077299118, 0.0248729474843, -0.00885476451367], [0.000138012605021, 5.65629234188e-05, -0.00015828794858, 0.00183357030619, 0.00275277276523, -0.00240071141161, -0.000367895292584, -0.000661661557388, 0.00419668806717, -0.00444022798911, 0.00438557332382, -0.00885476451367, 0.0317727215588]], "mean": [-764.465820312, 138.323471069, 32.9726638794, 22.9904212952, 12.1578445435, 12.0294694901, 4.77261209488, 12.9330501556, -2.70321416855, -0.334278404713, -1.3275718689, 4.75646543503, 0.241505593061], "cov": [[16596.6425781, 2185.59423828, -1543.5748291, -262.398376465, 233.676071167, 322.914398193, 437.515808105, 73.892326355, -483.806549072, -63.923084259, -185.917800903, 82.1756286621, 45.7625312805], [2185.59423828, 1292.41503906, 8.87540626526, 11.4049549103, 185.01991272, 51.1990470886, 92.0803375244, 41.9436645508, -33.0897903442, -16.1932430267, 39.0970230103, 37.3435935974, -15.5118188858], [-1543.5748291, 8.87540626526, 807.880004883, -44.6198196411, -7.16455841064, -47.3396034241, -138.177963257, 55.4509620667, 38.3347702026, -2.7756588459, 0.239356994629, -4.57811355591, 3.12717795372], [-262.398376465, 11.4049549103, -44.6198196411, 344.082580566, -1.52552449703, 73.4617385864, 5.10993003845, 20.7566833496, 40.1089782715, 13.8245153427, -35.7154273987, -5.23890304565, -12.6812238693], [233.676071167, 185.01991272, -7.16455841064, -1.52552449703, 180.872039795, 36.0629768372, 40.1193389893, -13.4328308105, -25.1304645538, -3.55543923378, 20.25349617, 24.7127552032, -7.13893175125], [322.914398193, 51.1990470886, -47.3396034241, 73.4617385864, 36.0629768372, 137.219207764, 52.8510322571, 7.60967111588, -17.5338363647, 19.0810165405, -26.8290023804, -10.0542583466, 7.92871999741], [437.515808105, 92.0803375244, -138.177963257, 5.10993003845, 40.1193389893, 52.8510322571, 113.021644592, -4.84209632874, -9.17407417297, 5.96374988556, -5.216796875, -8.36141014099, -0.887362718582], [73.892326355, 41.9436645508, 55.4509620667, 20.7566833496, -13.4328308105, 7.60967111588, -4.84209632874, 96.4225311279, 10.0373687744, 2.84870362282, -14.8865461349, -1.25281822681, 3.15143036842], [-483.806549072, -33.0897903442, 38.3347702026, 40.1089782715, -25.1304645538, -17.5338363647, -9.17407417297, 10.0373687744, 85.6091384888, 17.6335296631, 14.5851430893, -0.0397237017751, -9.87559509277], [-63.923084259, -16.1932430267, -2.7756588459, 13.8245153427, -3.55543923378, 19.0810165405, 5.96374988556, 2.84870362282, 17.6335296631, 70.2657470703, -2.29506754875, -14.1564455032, 5.23504114151], [-185.917800903, 39.0970230103, 0.239356994629, -35.7154273987, 20.25349617, -26.8290023804, -5.216796875, -14.8865461349, 14.5851430893, -2.29506754875, 73.7300186157, 32.8058509827, -4.63350582123], [82.1756286621, 37.3435935974, -4.57811355591, -5.23890304565, 24.7127552032, -10.0542583466, -8.36141014099, -1.25281822681, -0.0397237017751, -14.1564455032, 32.8058509827, 67.0355682373, 9.01330566406], [45.7625312805, -15.5118188858, 3.12717795372, -12.6812238693, -7.13893175125, 7.92871999741, -0.887362718582, 3.15143036842, -9.87559509277, 5.23504114151, -4.63350582123, 9.01330566406, 38.510219574]]}, "erbbands_flatness_db": {"var": 0.00126431905665, "mean": 0.14563421905, "dmean2": 0.0198923125863, "dvar": 0.000189663856872, "dmean": 0.0132227977738, "max": 0.306934356689, "min": 0.0269327927381, "median": 0.142791837454, "dvar2": 0.000447169004474}, "barkbands": {"var": [5.14797982021e-08, 0.000249701901339, 0.000321649218677, 0.000116831950436, 8.13437873148e-05, 1.02688391053e-05, 1.6362828319e-06, 2.94750805097e-07, 3.69156879287e-07, 7.04730780399e-07, 2.37658832702e-06, 8.12478333501e-07, 2.89499382689e-07, 2.64258147809e-07, 2.11690007745e-07, 9.45842586475e-08, 4.06351183813e-08, 1.20680795135e-07, 6.26043572538e-08, 1.38403294159e-07, 5.43738423175e-08, 5.70295917157e-08, 3.25504458942e-08, 2.44708484587e-08, 9.34163413291e-09, 1.99052863081e-09, 7.92553730977e-11], "mean": [0.000142084027175, 0.00816937722266, 0.00612123776227, 0.00317742791958, 0.00271091959439, 0.000912024697755, 0.000552686979063, 0.000184561664355, 0.000223416558583, 0.000260109605733, 0.000491537852213, 0.000292058626655, 0.00016738830891, 0.000101708465081, 0.000149446583237, 7.09747619112e-05, 5.043238707e-05, 0.000123322941363, 4.72594692837e-05, 9.90075714071e-05, 3.81679928978e-05, 3.97553885705e-05, 3.33335810865e-05, 2.85036003334e-05, 1.56027235789e-05, 5.40564178664e-06, 1.06329878236e-06], "dmean2": [0.000163895834703, 0.0108559289947, 0.0100561995059, 0.00558601133525, 0.00359142525122, 0.00103224744089, 0.000531118363142, 0.000283154542558, 0.000297978374874, 0.000369163288269, 0.000700693752151, 0.000371224421542, 0.000236814987147, 0.000194164691493, 0.000240032284637, 0.000126152095618, 9.00926679606e-05, 0.000179432143341, 9.7922020359e-05, 0.000170318016899, 8.74711040524e-05, 8.2639278844e-05, 6.38652491034e-05, 5.5161803175e-05, 3.60517806257e-05, 1.44606055983e-05, 2.79442701867e-06], "dvar": [3.54037368311e-08, 0.000172304076841, 0.000316671532346, 0.000134563582833, 9.07218127395e-05, 8.27027633932e-06, 1.21692653465e-06, 3.6144126625e-07, 4.98899396462e-07, 6.61591002427e-07, 2.17544129555e-06, 1.11048791496e-06, 3.97302528654e-07, 4.2661284283e-07, 2.50470947094e-07, 1.43559745425e-07, 5.5433194035e-08, 1.44052151541e-07, 9.58384163141e-08, 1.98569651388e-07, 8.55438884173e-08, 9.50020364598e-08, 5.15361548992e-08, 3.74633515321e-08, 1.4668677828e-08, 3.27771165765e-09, 1.37158492897e-10], "dmean": [0.00010435666627, 0.00614204676822, 0.00572241004556, 0.00311143044382, 0.002095941687, 0.000687864376232, 0.000343905063346, 0.000169445076608, 0.000178354021045, 0.000226558113354, 0.000408373161918, 0.000218021043111, 0.000139355266583, 0.000111902918434, 0.000135901573231, 7.22388795111e-05, 5.21963229403e-05, 0.000103524194856, 5.62419845664e-05, 9.57435258897e-05, 4.84668235003e-05, 4.53891116194e-05, 3.51790004061e-05, 3.04849509121e-05, 1.9855586288e-05, 7.85877364251e-06, 1.50698269863e-06], "max": [0.0025198450312, 0.167382791638, 0.272148609161, 0.164967566729, 0.199462875724, 0.0627709627151, 0.0229166727513, 0.00786029454321, 0.013026480563, 0.0104737235233, 0.021917546168, 0.0184398498386, 0.0120320385322, 0.0124424062669, 0.00937598664314, 0.00835352391005, 0.00274971220642, 0.00612840801477, 0.00520787481219, 0.00794328004122, 0.00500301411375, 0.00502790557221, 0.00495442096144, 0.00473126675934, 0.00234360503964, 0.00129892595578, 0.000254035869148], "min": [1.0023710396e-25, 3.37398333518e-24, 2.87398376914e-24, 3.14310899177e-24, 8.15720435752e-24, 4.53754370405e-24, 1.08375044334e-23, 3.41261069826e-24, 2.15000489844e-23, 1.18038937522e-23, 1.84021701215e-23, 3.60346044815e-23, 2.20661103264e-23, 3.06047170987e-23, 4.57811829139e-23, 7.20038344821e-23, 6.26934519541e-23, 1.0452960459e-22, 1.34262636699e-22, 1.9156744923e-22, 2.78423622358e-22, 3.15141904187e-22, 3.8298631493e-22, 5.94625326462e-22, 8.15377587337e-22, 1.22714849006e-21, 1.97327489416e-21], "median": [5.21789115737e-05, 0.00168774928898, 0.000663044920657, 0.000315818324452, 0.000508114579134, 0.000219273904804, 0.000156798807438, 4.71388011647e-05, 8.55530815898e-05, 2.69307129201e-05, 4.3552419811e-05, 5.19992972841e-05, 2.98672894132e-05, 9.09662958293e-06, 7.47357807995e-06, 9.44907696976e-06, 5.21371111972e-06, 1.27616385726e-05, 5.85194447922e-06, 4.14253372583e-06, 2.9532507142e-06, 4.76499008073e-06, 6.72804071655e-06, 6.63401260681e-06, 1.91477010958e-06, 2.40001327256e-07, 1.09534518344e-07], "dvar2": [8.71685301718e-08, 0.000501280825119, 0.000938591081649, 0.000406680424931, 0.000251745193964, 1.77424844878e-05, 2.99938960779e-06, 9.75067337095e-07, 1.40922452374e-06, 1.67409302776e-06, 6.18985768597e-06, 3.13056648338e-06, 1.11562508209e-06, 1.21205084724e-06, 7.04951446551e-07, 4.01889565183e-07, 1.51767721945e-07, 3.98099558652e-07, 2.66640824975e-07, 5.70445536141e-07, 2.37746533571e-07, 2.70568165206e-07, 1.44025648297e-07, 1.0360896141e-07, 4.06958875487e-08, 9.2144514241e-09, 3.92316679143e-10]}, "spectral_energyband_low": {"var": 0.00123867020011, "mean": 0.0158218480647, "dmean2": 0.0196624323726, "dvar": 0.000885564251803, "dmean": 0.0112450914457, "max": 0.439918994904, "min": 1.87732834235e-23, "median": 0.00278791598976, "dvar2": 0.00251738028601}, "erbbands_spread": {"var": 252.805557251, "mean": 41.427406311, "dmean2": 11.6432390213, "dvar": 53.8370704651, "dmean": 7.49506425858, "max": 121.429443359, "min": 5.85759925842, "median": 38.8215713501, "dvar2": 133.547851562}, "average_loudness": 0.566744744778, "spectral_energyband_middle_high": {"var": 2.16404187086e-05, "mean": 0.00180832517799, "dmean2": 0.00205983710475, "dvar": 2.45534920396e-05, "dmean": 0.00122462352738, "max": 0.068189740181, "min": 1.25731715641e-21, "median": 0.000263032794464, "dvar2": 6.78607975715e-05}, "barkbands_flatness_db": {"var": 0.00392201263458, "mean": 0.18461407721, "dmean2": 0.0360973887146, "dvar": 0.000629201647826, "dmean": 0.022780129686, "max": 0.42802554369, "min": 0.0211800653487, "median": 0.173707619309, "dvar2": 0.0016183424741}, "spectral_entropy": {"var": 0.360991835594, "mean": 7.26486778259, "dmean2": 0.243043586612, "dvar": 0.0359197966754, "dmean": 0.163375064731, "max": 9.82392883301, "min": 4.91979217529, "median": 7.27467918396, "dvar2": 0.0828236937523}, "melbands_skewness": {"var": 3.42191052437, "mean": 3.90746235847, "dmean2": 1.33166182041, "dvar": 0.610906898975, "dmean": 0.836817383766, "max": 11.8664169312, "min": -0.348062008619, "median": 3.67311382294, "dvar2": 1.58816146851}, "spectral_contrast_coeffs": {"var": [0.00626201089472, 0.00455684959888, 0.00402087764814, 0.00297992047854, 0.00405079405755, 0.00300036394037], "mean": [-0.707433462143, -0.759507775307, -0.786879718304, -0.81713116169, -0.817010581493, -0.806304574013], "dmean2": [0.0720248818398, 0.0651571825147, 0.0547127462924, 0.0435032658279, 0.0316270440817, 0.0228932090104], "dvar": [0.0015480859438, 0.00107860227581, 0.000858020444866, 0.000479806156363, 0.000330120819854, 0.000274298770819], "dmean": [0.0431162007153, 0.0397753678262, 0.0348167084157, 0.0261262655258, 0.0190531630069, 0.013967060484], "max": [-0.414439082146, -0.515727996826, -0.51591449976, -0.600363314152, -0.615278303623, -0.650557816029], "min": [-0.976396918297, -0.984235823154, -0.988486647606, -0.970969736576, -0.966937124729, -0.964407920837], "median": [-0.70750528574, -0.760274648666, -0.79022103548, -0.821570515633, -0.82965195179, -0.819720387459], "dvar2": [0.00444437237456, 0.00278426543809, 0.00232399464585, 0.00122380699031, 0.00085128378123, 0.000660228601191]}, "pitch_salience": {"var": 0.0140073467046, "mean": 0.51653110981, "dmean2": 0.134644418955, "dvar": 0.00591363711283, "dmean": 0.0807966589928, "max": 0.869896829128, "min": 0.177891999483, "median": 0.520350456238, "dvar2": 0.0173475127667}, "spectral_rolloff": {"var": 7177569, "mean": 905.502380371, "dmean2": 378.9168396, "dvar": 247902.78125, "dmean": 221.526275635, "max": 19315.2832031, "min": 64.599609375, "median": 366.064453125, "dvar2": 564110.8125}, "melbands_kurtosis": {"var": 1168.63696289, "mean": 32.5758399963, "dmean2": 17.9894390106, "dvar": 175.085983276, "dmean": 11.2945213318, "max": 290.613922119, "min": -1.34884297848, "median": 21.1289138794, "dvar2": 395.560180664}, "silence_rate_30dB": {"var": 0.0519164800644, "mean": 0.945068180561, "dmean2": 0.0497592277825, "dvar": 0.0242507867515, "dmean": 0.0248696357012, "max": 1, "min": 0, "median": 1, "dvar2": 0.053702596575}, "spectral_decrease": {"var": 1.79632672639e-16, "mean": -6.23935081379e-09, "dmean2": 6.27504759265e-09, "dvar": 1.07247685422e-16, "dmean": 3.67335761808e-09, "max": 1.56485154285e-28, "min": -1.38379817827e-07, "median": -1.28475341477e-09, "dvar2": 2.83670698761e-16}, "spectral_rms": {"var": 1.13396017696e-05, "mean": 0.00350410304964, "dmean2": 0.00149499322288, "dvar": 2.99681482829e-06, "dmean": 0.000905977794901, "max": 0.022740021348, "min": 3.10969501018e-12, "median": 0.00221455772407, "dvar2": 7.26464577383e-06}, "spectral_skewness": {"var": 0.917822599411, "mean": 1.85115933418, "dmean2": 0.360608130693, "dvar": 0.096713796258, "dmean": 0.223294749856, "max": 8.36696243286, "min": -0.0892575606704, "median": 1.63594341278, "dvar2": 0.240804195404}, "erbbands_crest": {"var": 14.6150960922, "mean": 8.61603832245, "dmean2": 3.86820054054, "dvar": 6.04482221603, "dmean": 2.42309713364, "max": 27.3947868347, "min": 2.72322034836, "median": 7.84623670578, "dvar2": 15.5200033188}, "melbands_flatness_db": {"var": 0.00764408661053, "mean": 0.278407275677, "dmean2": 0.0428050495684, "dvar": 0.000986198079772, "dmean": 0.0269988756627, "max": 0.593662858009, "min": 0.00301122339442, "median": 0.270311295986, "dvar2": 0.00253140041605}, "dynamic_complexity": 8.26267910004, "dissonance": {"var": 0.00140607100911, "mean": 0.446586608887, "dmean2": 0.0379359796643, "dvar": 0.000576193386223, "dmean": 0.0225575324148, "max": 0.499901384115, "min": 0, "median": 0.451860070229, "dvar2": 0.00162138044834}, "melbands": {"var": [9.74836348178e-06, 8.00086636445e-05, 2.45363589784e-05, 5.08198991156e-06, 1.2373654954e-06, 2.33074914036e-07, 7.65476286801e-08, 2.6964613653e-08, 6.17265083491e-09, 7.68348762392e-09, 7.55747109338e-09, 6.67163035928e-08, 1.98654905859e-08, 8.22214918372e-09, 9.20671183735e-09, 2.34277997002e-09, 2.4347768246e-09, 1.34548350239e-09, 1.51649071078e-09, 4.63674598716e-10, 3.29823668377e-10, 1.63971503042e-10, 2.14221779204e-10, 2.91171226019e-10, 1.56714266564e-10, 6.78781059138e-11, 2.94404584045e-10, 7.14457382145e-11, 5.05359712411e-11, 3.52711262974e-11, 3.22609786108e-11, 3.27663347843e-11, 1.42626067207e-11, 1.58831038599e-11, 6.0500150896e-12, 1.13851350222e-11, 4.48640907411e-12, 2.48139573125e-12, 1.31131379626e-12, 8.74851894487e-13], "mean": [0.00178763188887, 0.00360234943219, 0.00165559980087, 0.000691628316417, 0.000294275669148, 0.000163667398738, 0.000110898923595, 6.80771991028e-05, 2.79467803921e-05, 3.48004396074e-05, 2.53201251326e-05, 8.23705631774e-05, 4.52157728432e-05, 3.27777197526e-05, 2.56049570453e-05, 1.65473957168e-05, 9.39424899116e-06, 8.63428067532e-06, 1.37422030093e-05, 5.20146841154e-06, 3.9971168917e-06, 3.07158325086e-06, 5.89688534092e-06, 5.55788028578e-06, 2.26379074775e-06, 1.76901698978e-06, 4.89092280986e-06, 1.45424530729e-06, 1.28127305743e-06, 9.6434189345e-07, 7.54262259761e-07, 1.11901010769e-06, 5.09690039507e-07, 5.62679758787e-07, 4.40252307499e-07, 5.95372227963e-07, 3.75758787641e-07, 3.35629437132e-07, 2.27314785661e-07, 1.65847623634e-07], "dmean2": [0.00236020004377, 0.00520153157413, 0.00220134970732, 0.000913508527447, 0.000387511594454, 0.000183851065231, 0.000115205468319, 7.3475363024e-05, 3.94349590351e-05, 4.46724479843e-05, 3.75785384676e-05, 0.000106225932541, 6.47217020742e-05, 3.89113847632e-05, 3.69753361156e-05, 2.37991534959e-05, 1.77032616193e-05, 1.55823727255e-05, 2.09