{"metadata": {"audio_properties": {"downmix": "mix", "bit_rate": 320000, "lossless": false, "md5_encoded": "47f8241b8a79740e8f32926a4ac76214", "analysis_sample_rate": 44100, "sample_rate": 44100, "replay_gain": -7.81720352173, "equal_loudness": 0, "codec": "mp3", "length": 57.5477561951}, "tags": {"musicbrainz_albumid": ["14cdf16b-ab36-4a2a-afc2-f38fa4e0f49b"], "musicbrainz_recordingid": ["9a3e5c01-2a58-4f7f-9bd5-6657e4017d3d"], "tracknumber": ["6/20"], "artist": ["Francis Lai"], "musicbrainz album release country": ["FR"], "barcode": ["3460503625525"], "album": ["Le Passager de la pluie"], "musicbrainz album type": ["album/soundtrack"], "originaldate": ["2003"], "albumartist": ["Francis Lai"], "asin": ["B00008GYFQ"], "media": ["CD"], "musicbrainz_albumartistid": ["ddec1c79-0653-4d7a-a92a-ceaabc60748f"], "file_name": "06. Theme Dobbs.mp3", "bpm": ["0"], "musicbrainz_artistid": ["ddec1c79-0653-4d7a-a92a-ceaabc60748f"], "catalognumber": ["FDM 36255-2"], "albumartistsort": ["Lai, Francis"], "script": ["Latn", "Latn"], "label": ["Disques Dreyfus"], "musicbrainz album status": ["official"], "date": ["2003"], "title": ["Thème Dobbs"], "language": ["fra"], "discnumber": ["1/1"], "artistsort": ["Lai, Francis"], "musicbrainz_releasegroupid": ["40167314-2281-32f4-90b9-aa98a6273cd8"], "originalyear": ["2003"], "genre": ["Soundtrack"]}, "version": {"essentia_build_sha": "2d9f1f26377add8aeb1075a9c2973f962c4f09fd", "essentia_git_sha": "v2.1_beta2-1-ge3940c0", "extractor": "music 1.0", "essentia": "2.1-beta2"}}, "tonal": {"chords_scale": "major", "hpcp": {"dmean": [0.0671798065305, 0.074313916266, 0.0521848723292, 0.0530258715153, 0.0660994425416, 0.0615345686674, 0.065369181335, 0.0753772184253, 0.0804916545749, 0.0533518008888, 0.0675929039717, 0.0417487584054, 0.0350338742137, 0.0389926955104, 0.0466403327882, 0.0933011174202, 0.0900615155697, 0.116879552603, 0.0978086292744, 0.0933892130852, 0.0765846520662, 0.058073528111, 0.048927269876, 0.0409714989364, 0.0400129966438, 0.0386416129768, 0.0348160006106, 0.0423142164946, 0.0599396973848, 0.0742409005761, 0.078372195363, 0.0845235958695, 0.0639320909977, 0.0526013895869, 0.0518861785531, 0.0671367943287], "dvar2": [0.0664928555489, 0.0799928978086, 0.0487579777837, 0.0804477706552, 0.0943744257092, 0.0727890506387, 0.0741154626012, 0.0778518542647, 0.0893680080771, 0.0582764931023, 0.0708341896534, 0.0499525330961, 0.0436105653644, 0.0382619276643, 0.0344278551638, 0.0759541839361, 0.0959325134754, 0.118230722845, 0.108699858189, 0.116937063634, 0.092785127461, 0.0617983900011, 0.0533988140523, 0.0540798641741, 0.0596287474036, 0.0606330782175, 0.0450033135712, 0.0566325522959, 0.0850532501936, 0.0881294980645, 0.0899221673608, 0.0869365409017, 0.0729041397572, 0.0624826475978, 0.0758865177631, 0.0888853445649], "mean": [0.116121195257, 0.101734496653, 0.0580694563687, 0.0776949226856, 0.0778208971024, 0.0603401251137, 0.0840529426932, 0.0921488553286, 0.137283667922, 0.17979118228, 0.10292224586, 0.0322167463601, 0.0313847176731, 0.0415218658745, 0.0693112835288, 0.142952173948, 0.197853729129, 0.145729422569, 0.108445256948, 0.12280844152, 0.100496053696, 0.0742427110672, 0.0481051467359, 0.0317073315382, 0.0308594293892, 0.0270409714431, 0.027988050133, 0.0413558110595, 0.0528880022466, 0.0757762864232, 0.108768358827, 0.122707858682, 0.0901307016611, 0.0457902811468, 0.0366199091077, 0.0635614693165], "var": [0.0658568963408, 0.0519724190235, 0.0220971461385, 0.056363530457, 0.0474837198853, 0.0292161572725, 0.0459189116955, 0.0448810830712, 0.0769813135266, 0.128279402852, 0.0523013696074, 0.0135631514713, 0.015150074847, 0.0187567919493, 0.0412505604327, 0.0670862719417, 0.114512994885, 0.0695311948657, 0.054288495332, 0.072837293148, 0.0567694157362, 0.0436847954988, 0.0240929760039, 0.0156587380916, 0.0161856412888, 0.0135782537982, 0.0147609338164, 0.0242499113083, 0.0313132442534, 0.040215883404, 0.0595012530684, 0.0670101344585, 0.0558091625571, 0.0203973222524, 0.0203517880291, 0.0297146588564], "dmean2": [0.111945591867, 0.13032104075, 0.0933827012777, 0.0963027104735, 0.119268015027, 0.109121546149, 0.112800322473, 0.129635512829, 0.144331276417, 0.0910233929753, 0.116478338838, 0.0755944028497, 0.0615653656423, 0.0699419751763, 0.0821854248643, 0.155285418034, 0.161869078875, 0.205867081881, 0.176053375006, 0.166357502341, 0.135260909796, 0.0985267907381, 0.0854303613305, 0.0746439546347, 0.0733261555433, 0.0700587704778, 0.0641633346677, 0.0755672901869, 0.107177831233, 0.129415690899, 0.139861673117, 0.143112957478, 0.112225599587, 0.0920028537512, 0.0956803932786, 0.121560074389], "dvar": [0.0281097441912, 0.0277053061873, 0.0173414144665, 0.0299408696592, 0.0353618524969, 0.026756465435, 0.0288314018399, 0.0309854727238, 0.0323774218559, 0.0247359871864, 0.0267492290586, 0.0172611549497, 0.0160333365202, 0.0144764250144, 0.0158320236951, 0.0320229567587, 0.039346460253, 0.0446997322142, 0.0412819348276, 0.0437989681959, 0.0362166725099, 0.0252709593624, 0.0208375751972, 0.0193989500403, 0.0208037290722, 0.0206645429134, 0.0169012304395, 0.0212487038225, 0.0313234403729, 0.0354710109532, 0.0363834537566, 0.0346982143819, 0.0285320375115, 0.0237855035812, 0.027175007388, 0.0292602721602], "min": [0, 0, 0, 0, 0, 0, 0, 0, 0, 0, 0, 0, 0, 0, 0, 0, 0, 0, 0, 0, 0, 0, 0, 0, 0, 0, 0, 0, 0, 0, 0, 0, 0, 0, 0, 0], "median": [0.00633103121072, 0.00801242422312, 0.00370378280059, 0.000457256246591, 0.00029211860965, 0.00296199927106, 0.00154093327001, 0.00157130684238, 0.00124434393365, 0.000470325729111, 0.000537557294592, 0.000678090320434, 0.000358229910489, 0.000364303996321, 0.00178358121775, 0.00824454054236, 0.0143395289779, 0.0116231162101, 0.0030425931327, 0.000533675716724, 0.00188168510795, 0.00307340431027, 0.00240387604572, 0.0010201575933, 0.000399123935495, 0.000277591083432, 0.000401749712182, 0.000569419120438, 0.000883400382008, 0.001657219138, 0.00440273806453, 0.00660209637135, 0.00317468284629, 0.000716785318218, 0.000307205191348, 0.000978855532594], "max": [1, 1, 1, 1, 1, 1, 1, 1, 1, 1, 1, 1, 1, 1, 1, 1, 1, 1, 1, 1, 1, 1, 1, 1, 1, 1, 1, 1, 1, 1, 1, 1, 1, 1, 1, 1]}, "tuning_equal_tempered_deviation": 0.242234230042, "chords_key": "G", "chords_strength": {"dmean": 0.0117839826271, "dvar2": 0.0031613658648, "mean": 0.468321084976, "var": 0.0556639656425, "dmean2": 0.0114036658779, "dvar": 0.0017034872435, "min": -1, "median": 0.496676713228, "max": 0.737687051296}, "tuning_diatonic_strength": 0.604437708855, "thpcp": [1, 0.73655128479, 0.5481082201, 0.620703220367, 0.507931053638, 0.375240385532, 0.243134900928, 0.160256430507, 0.155970931053, 0.13667152822, 0.141458287835, 0.209022149444, 0.267308592796, 0.382991462946, 0.549741268158, 0.620194852352, 0.455542087555, 0.231435015798, 0.185085773468, 0.321254849434, 0.586904227734, 0.51419043541, 0.293496906757, 0.392688691616, 0.393325388432, 0.304973393679, 0.424823641777, 0.465742319822, 0.69386446476, 0.908707559109, 0.520193636417, 0.162831127644, 0.158625856042, 0.209861427546, 0.350315779448, 0.72251445055], "chords_histogram": [23.2070903778, 2.01450443268, 8.1385974884, 0, 10.9589042664, 3.4649477005, 0, 0.966962099075, 4.27074956894, 0.725221574306, 0, 2.90088629723, 0.161160349846, 0.805801749229, 1.0475423336, 8.21917819977, 2.49798560143, 6.76873493195, 4.99597120285, 6.28525400162, 0, 1.45044314861, 5.31829166412, 5.80177259445], "tuning_nontempered_energy_ratio": 0.923557817936, "tuning_frequency": 438.477722168, "key_strength": 0.624942839146, "chords_changes_rate": 0.0684931501746, "key_scale": "major", "hpcp_entropy": {"dmean": 0.449095904827, "dvar2": 0.42506763339, "mean": 1.51773822308, "var": 0.49866387248, "dmean2": 0.761353433132, "dvar": 0.162795618176, "min": 0, "median": 1.59764754772, "max": 4.20997428894}, "key_key": "G", "chords_number_rate": 0.0128928283229}, "lowlevel": {"melbands_skewness": {"dmean": 0.89356982708, "dvar2": 2.64690136909, "mean": 3.22980594635, "var": 6.16971588135, "dmean2": 1.36941277981, "dvar": 1.1448931694, "min": -2.55991005898, "median": 2.98152589798, "max": 18.0310592651}, "melbands_kurtosis": {"dmean": 12.9420318604, "dvar2": 1711.91906738, "mean": 28.3399410248, "var": 2689.1953125, "dmean2": 20.654050827, "dvar": 675.52545166, "min": -1.78325355053, "median": 13.7651815414, "max": 561.780883789}, "barkbands_kurtosis": {"dmean": 9.44949913025, "dvar2": 2466.77807617, "mean": 17.1016807556, "var": 3046.66918945, "dmean2": 15.309463501, "dvar": 999.890258789, "min": -1.85343408585, "median": 6.62827968597, "max": 1293.21459961}, "hfc": {"dmean": 4.50600099564, "dvar2": 130.688552856, "mean": 14.9371757507, "var": 201.104888916, "dmean2": 6.64017629623, "dvar": 60.4115562439, "min": 1.0449755473e-16, "median": 11.9705219269, "max": 212.140838623}, "silence_rate_20dB": {"dmean": 0, "dvar2": 0, "mean": 1, "var": 0, "dmean2": 0, "dvar": 0, "min": 1, "median": 1, "max": 1}, "erbbands_flatness_db": {"dmean": 0.0234996788204, "dvar2": 0.00148800888564, "mean": 0.297464996576, "var": 0.00646427460015, "dmean2": 0.0334492810071, "dvar": 0.000783638970461, "min": 0.0378076396883, "median": 0.301583945751, "max": 0.49777469039}, "spectral_flux": {"dmean": 0.0330863967538, "dvar2": 0.00444536563009, "mean": 0.0745459347963, "var": 0.00322711188346, "dmean2": 0.0534257628024, "dvar": 0.00165823637508, "min": 6.33291336039e-11, "median": 0.0599845275283, "max": 0.398152321577}, "spectral_energyband_low": {"dmean": 0.0148144057021, "dvar2": 0.00140167202335, "mean": 0.0390158593655, "var": 0.00148376484867, "dmean2": 0.0234382860363, "dvar": 0.000543179339729, "min": 8.52534759819e-24, "median": 0.0330670885742, "max": 0.181584477425}, "spectral_rolloff": {"dmean": 168.538330078, "dvar2": 553884.125, "mean": 1165.70166016, "var": 11762261, "dmean2": 298.563018799, "dvar": 294904.21875, "min": 21.533203125, "median": 301.46484375, "max": 19810.546875}, "spectral_entropy": {"dmean": 0.281313717365, "dvar2": 0.296378672123, "mean": 5.82025051117, "var": 1.16360104084, "dmean2": 0.397708684206, "dvar": 0.146391585469, "min": 3.72661924362, "median": 5.60084533691, "max": 9.82901191711}, "spectral_energy": {"dmean": 0.0175531934947, "dvar2": 0.00138822000008, "mean": 0.0568733029068, "var": 0.00171022198629, "dmean2": 0.0273245312274, "dvar": 0.000547292816918, "min": 9.6383803911e-21, "median": 0.052547134459, "max": 0.204198747873}, "spectral_centroid": {"dmean": 120.939041138, "dvar2": 167912.796875, "mean": 902.387023926, "var": 3883367.75, "dmean2": 184.677749634, "dvar": 88377.859375, "min": 101.07711792, "median": 451.552612305, "max": 11689.28125}, "barkbands_flatness_db": {"dmean": 0.0324880555272, "dvar2": 0.00325856357813, "mean": 0.348978102207, "var": 0.00898689124733, "dmean2": 0.0462767519057, "dvar": 0.0015310565941, "min": 0.0233086571097, "median": 0.361235737801, "max": 0.618201255798}, "spectral_rms": {"dmean": 0.0011124185985, "dvar2": 4.16151851823e-06, "mean": 0.00674094539136, "var": 1.00456654764e-05, "dmean2": 0.00168138300069, "dvar": 1.75483842213e-06, "min": 3.06647979578e-12, "median": 0.00715999305248, "max": 0.0141144711524}, "melbands": {"dmean": [0.00167070550378, 0.00394050730392, 0.00113743054681, 0.000551782315597, 0.000296480575344, 0.000110321125248, 9.52214686549e-05, 7.69263933762e-05, 0.000282633380266, 6.68686188874e-05, 6.26100882073e-05, 3.17578560498e-05, 1.78445261554e-05, 5.1140999858e-05, 5.39674983884e-05, 1.56059504661e-05, 2.77910494333e-05, 2.41856869252e-05, 1.51914728121e-05, 3.23751482938e-05, 1.35836826303e-05, 4.2647347982e-06, 2.91466267299e-06, 1.22271171676e-06, 1.23834740862e-06, 9.06531795408e-07, 5.30633258222e-07, 3.83438219842e-07, 4.70028481914e-07, 3.49709608827e-07, 3.11083198312e-07, 2.5769605827e-07, 2.15469469822e-07, 1.22638255107e-07, 9.24055783003e-08, 6.85279033519e-08, 5.74984042601e-08, 3.98807138424e-08, 2.38117667806e-08, 1.42592258001e-08], "dvar2": [1.99284204427e-05, 0.000113112233521, 1.351352239e-05, 3.09773804474e-06, 6.15137878412e-07, 1.07256433068e-07, 9.6268074401e-08, 6.734947533e-08, 1.24602922824e-06, 1.51304107021e-07, 1.1316681281e-07, 1.80609571743e-08, 1.38227793656e-08, 1.12668082863e-07, 4.17424139698e-08, 3.87066867447e-09, 2.41126247857e-08, 1.07843716179e-08, 3.22232129868e-09, 1.18918883629e-07, 2.31062120548e-08, 1.19065979298e-09, 3.12545545e-10, 5.13955059067e-11, 1.33993982576e-10, 3.44852583989e-11, 1.52516471674e-11, 2.16203981801e-11, 1.81211694955e-11, 1.71438124114e-11, 2.17575003153e-11, 1.28114498177e-11, 9.36484310238e-12, 2.64133333261e-12, 1.56021734161e-12, 9.20421074427e-13, 8.37662621558e-13, 5.02595306952e-13, 1.62453668681e-13, 5.02336480789e-14], "mean": [0.00458361022174, 0.00873794872314, 0.00301437778398, 0.00110654253513, 0.000763176532928, 0.000282289867755, 0.00023943503038, 0.00018317688955, 0.000663770653773, 0.000145060635987, 0.000224735951633, 8.888530283e-05, 3.57452227036e-05, 8.30337667139e-05, 0.000113182562927, 2.85966088995e-05, 4.92487342854e-05, 3.8257396227e-05, 2.52707959589e-05, 3.99045202357e-05, 1.71523479366e-05, 6.52650896882e-06, 4.39717541667e-06, 1.4562283468e-06, 1.23173526845e-06, 1.07000039407e-06, 5.82687277983e-07, 3.08723400622e-07, 4.41712501242e-07, 2.64173337428e-07, 2.13501451185e-07, 1.58648518322e-07, 1.27905792624e-07, 7.26711206767e-08, 5.26282626367e-08, 3.95420194366e-08, 3.24776827654e-08, 2.30953940417e-08, 1.42992062635e-08, 8.55155857238e-09], "var": [3.61148813681e-05, 0.000101342506241, 1.81648920261e-05, 2.47947946264e-06, 2.1317446226e-06, 2.47433348477e-07, 2.73999404499e-07, 1.86056809071e-07, 2.04494062928e-06, 1.70769823171e-07, 7.50581591547e-07, 6.18283522158e-08, 3.28775406899e-08, 7.79333149126e-08, 6.06323951047e-08, 6.41828146186e-09, 4.75647290443e-08, 1.21116574547e-08, 3.56619245245e-09, 8.4663199118e-08, 1.18000427207e-08, 9.38498834202e-10, 3.13678361064e-10, 2.91901988692e-11, 4.99216605554e-11, 2.64595480942e-11, 7.50613026596e-12, 4.34943140531e-12, 5.91675189746e-12, 3.52657725071e-12, 4.20831815576e-12, 2.44368327657e-12, 1.71161403193e-12, 5.25132725932e-13, 2.92720519048e-13, 1.76309677578e-13, 1.56864335432e-13, 9.43445354392e-14, 2.97524930582e-14, 9.2197359434e-15], "dmean2": [0.00258060451597, 0.00635399017483, 0.00176582380664, 0.000894868455362, 0.000438330782345, 0.000154738270794, 0.000127846476971, 0.0001034911038, 0.000430985179264, 0.000102997742943, 8.71092779562e-05, 4.47836646345e-05, 2.48218457273e-05, 8.3747167082e-05, 8.48843192216e-05, 2.14622159547e-05, 3.75506460841e-05, 3.58897523256e-05, 2.25848689297e-05, 4.79254886159e-05, 2.11307269637e-05, 6.58473345538e-06, 4.39800533059e-06, 1.93905020751e-06, 2.06469326258e-06, 1.38490088375e-06, 8.50216451909e-07, 6.87299063884e-07, 7.79912681992e-07, 6.31736099876e-07, 5.71118789594e-07, 4.85985651721e-07, 4.06954995924e-07, 2.30605976981e-07, 1.75900197519e-07, 1.2986016884e-07, 1.09591340447e-07, 7.54928208835e-08, 4.52749411295e-08, 2.72576841098e-08], "dvar": [7.56828694648e-06, 4.30641666753e-05, 5.92950118516e-06, 1.19659966913e-06, 3.11871303893e-07, 5.42908722423e-08, 5.40944995464e-08, 3.62415804034e-08, 5.04823844949e-07, 5.95065792197e-08, 7.00498858919e-08, 9.73051950126e-09, 6.87788004328e-09, 4.53342430262e-08, 1.72424741152e-08, 2.44254860782e-09, 1.4932204806e-08, 5.26161736403e-09, 1.55573320892e-09, 5.18855678422e-08, 9.13257292012e-09, 5.44039924222e-10, 1.52980295098e-10, 2.09200712309e-11, 5.28015790813e-11, 1.66849329492e-11, 6.25155526304e-12, 7.398614707e-12, 6.70506575609e-12, 5.93891862771e-12, 7.46795594114e-12, 4.39819361486e-12, 3.19270521479e-12, 9.20900833888e-13, 5.36166759862e-13, 3.18043144988e-13, 2.87736333241e-13, 1.72757587315e-13, 5.54807698535e-14, 1.71664914814e-14], "min": [9.394502119e-25, 8.9399072173e-25, 8.17744209101e-25, 1.29551401995e-24, 1.56946056322e-24, 2.07751252555e-24, 2.16978992437e-24, 1.8238260997e-24, 1.40450491616e-24, 1.79673148862e-24, 1.84250672037e-24, 2.36122457518e-24, 3.6850828605e-24, 2.93299608688e-24, 2.87625844956e-24, 2.68404124874e-24, 2.27801020209e-24, 2.84717472571e-24, 2.61568566244e-24, 4.83552920568e-24, 4.35972459525e-24, 3.65843592798e-24, 5.02144439395e-24, 3.40821398201e-24, 4.36767670761e-24, 4.43693120091e-24, 4.98106181535e-24, 3.84512459437e-24, 4.16556620495e-24, 3.97300644128e-24, 4.32829243248e-24, 5.51086671575e-24, 4.64233243682e-24, 5.86003154076e-24, 6.25256833277e-24, 6.20933520529e-24, 5.09654355769e-24, 6.10470069482e-24, 5.44938565781e-24, 6.78110908357e-24], "median": [0.00206604832783, 0.00615229923278, 0.00113901507575, 0.000432868022472, 0.0001695095998, 5.66717426409e-05, 5.09646051796e-05, 4.19718926423e-05, 3.45210246451e-05, 1.46844195115e-05, 5.88626971876e-06, 6.42431450615e-06, 2.27596592595e-06, 5.7598517742e-06, 1.17440922622e-05, 3.42293060385e-06, 2.79931145997e-06, 4.84157908431e-06, 3.92007859773e-06, 8.4267639977e-07, 5.29195403942e-07, 3.57005433216e-07, 1.70687570744e-07, 9.87436123978e-08, 7.66249854678e-08, 3.60999408144e-08, 1.99402272472e-08, 1.06364428376e-08, 9.30925558862e-09, 7.25439353033e-09, 3.65978025663e-09, 2.94921642663e-09, 2.10193795702e-09, 1.50744228211e-09, 1.1916634346e-09, 9.95826976435e-10, 9.34053057122e-10, 1.02017949644e-09, 9.78191083689e-10, 7.32002458648e-10], "max": [0.0320099294186, 0.0554924197495, 0.0306645389646, 0.0177610944957, 0.00983208883554, 0.00574178528041, 0.00731535023078, 0.00526416720822, 0.0103031946346, 0.00420884834602, 0.00638375943527, 0.00334442988969, 0.00292995804921, 0.00628417450935, 0.00199886062182, 0.00180542177986, 0.00369551870972, 0.00146117410623, 0.00117980723735, 0.00598800880834, 0.00306157371961, 0.000543065310922, 0.00026503475965, 7.67835299484e-05, 0.00022867914231, 9.45700303419e-05, 5.77020036872e-05, 6.10541246715e-05, 4.82388131786e-05, 4.34630856034e-05, 6.07832298556e-05, 4.66199271614e-05, 4.5568056521e-05, 2.29253619182e-05, 1.33527819344e-05, 1.18420202853e-05, 1.31537808556e-05, 1.11697036118e-05, 6.2263648033e-06, 2.8417791782e-06]}, "barkbands_crest": {"dmean": 2.34797167778, "dvar2": 13.3276853561, "mean": 15.271232605, "var": 23.2321281433, "dmean2": 3.70758605003, "dvar": 5.60014629364, "min": 4.43172597885, "median": 15.1201686859, "max": 26.1710662842}, "mfcc": {"icov": [[0.000446909165476, -0.000575209793169, 0.000641086837277, -0.000688138534315, 0.000803988135885, -0.000851988617796, 0.000948699424043, -0.000997248804197, 0.000880589010194, -0.000356008298695, 0.000184484757483, -9.70478868112e-05, 2.38766060647e-05], [-0.000575209793169, 0.00106390228029, -0.000843364570756, 0.000967133790255, -0.00154482526705, 0.00129322404973, -0.00139976781793, 0.00156781403348, -0.00140213326085, 0.000861692067701, -0.000244689697865, 0.000231825819355, -0.000159534465638], [0.000641086837277, -0.000843364570756, 0.00183835113421, -0.00118572986685, 0.000939016288612, -0.0016512775328, 0.000938451034017, -0.00181768031325, 0.00208693020977, -0.000582076550927, 0.000421561213443, 0.000112969399197, 5.48646967218e-05], [-0.000688138534315, 0.000967133790255, -0.00118572986685, 0.00243809702806, -0.00185598747339, 0.000677469652146, -0.00126042135525, 0.00207394198515, -0.00217522191815, 0.000801473739557, 0.000641596561763, -0.000796119042207, 0.000357447861461], [0.000803988135885, -0.00154482526705, 0.000939016288612, -0.00185598747339, 0.00686044991016, -0.00427969451994, 0.00195479183458, -0.00175428763032, 0.00157492386643, -0.00245415046811, 0.00107061432209, -0.00138589390554, 0.00145866360981], [-0.000851988617796, 0.00129322404973, -0.0016512775328, 0.000677469652146, -0.00427969451994, 0.00923997815698, -0.0051926956512, 0.00304422597401, -0.00151397439186, -6.24755775789e-05, -0.000709221756551, 0.00184997252654, -0.000202880284633], [0.000948699424043, -0.00139976781793, 0.000938451034017, -0.00126042135525, 0.00195479183458, -0.0051926956512, 0.0125678116456, -0.00658260192722, 0.00352578377351, -0.000580571475439, -0.000221136724576, -0.000663475017063, 7.5325187936e-05], [-0.000997248804197, 0.00156781403348, -0.00181768031325, 0.00207394198515, -0.00175428763032, 0.00304422597401, -0.00658260192722, 0.0121739711612, -0.00846439786255, 0.0051518343389, -0.00165270455182, 0.000410478300182, -9.10903982003e-05], [0.000880589010194, -0.00140213326085, 0.00208693020977, -0.00217522191815, 0.00157492386643, -0.00151397439186, 0.00352578377351, -0.00846439786255, 0.0181440673769, -0.012390518561, 0.00670764688402, -0.00380107178353, 0.000668604217935], [-0.000356008298695, 0.000861692067701, -0.000582076550927, 0.000801473739557, -0.00245415046811, -6.24755775789e-05, -0.000580571475439, 0.0051518343389, -0.012390518561, 0.0189622845501, -0.0137485098094, 0.00732212886214, -0.00166528194677], [0.000184484757483, -0.000244689697865, 0.000421561213443, 0.000641596561763, 0.00107061432209, -0.000709221756551, -0.000221136724576, -0.00165270455182, 0.00670764688402, -0.0137485098094, 0.0214729774743, -0.0165618378669, 0.00645125471056], [-9.70478868112e-05, 0.000231825819355, 0.000112969399197, -0.000796119042207, -0.00138589390554, 0.00184997252654, -0.000663475017063, 0.000410478300182, -0.00380107178353, 0.00732212886214, -0.0165618378669, 0.0217776615173, -0.0106911594048], [2.38766060647e-05, -0.000159534465638, 5.48646967218e-05, 0.000357447861461, 0.00145866360981, -0.000202880284633, 7.5325187936e-05, -9.10903982003e-05, 0.000668604217935, -0.00166528194677, 0.00645125471056, -0.0106911594048, 0.0128290150315]], "mean": [-808.43145752, 213.94909668, -0.265430212021, 19.6541137695, 25.4238109589, 14.4757099152, 4.21822452545, -0.782666921616, 6.66535425186, 7.20152854919, 6.93294811249, 3.62270903587, -0.577159881592], "cov": [[10921.5917969, 3933.75561523, -1306.95214844, 979.736694336, 111.953559875, 92.9880142212, -209.768753052, -38.4194107056, 26.6531639099, -151.645797729, -207.006484985, -33.4410057068, 51.737323761], [3933.75561523, 3918.04199219, 339.377410889, 139.896987915, 430.212738037, 130.564544678, 69.3526153564, -76.7567138672, -27.1892871857, -115.449523926, -156.333709717, -100.923782349, -30.8107013702], [-1306.95214844, 339.377410889, 1641.76379395, 415.073120117, 265.550415039, 302.143798828, 171.089355469, 30.0283260345, -112.110877991, -106.732582092, -151.088546753, -153.740310669, -98.2950820923], [979.736694336, 139.896987915, 415.073120117, 1106.81433105, 306.828277588, 252.963119507, 37.1878890991, -47.8806877136, 48.3749923706, 20.8036823273, -77.9968948364, -48.6652793884, -65.2962417603], [111.953559875, 430.212738037, 265.550415039, 306.828277588, 420.231964111, 222.176300049, 52.1628265381, -30.9980239868, 40.6865692139, 85.1212615967, 13.8838996887, -31.1785030365, -73.3722457886], [92.9880142212, 130.564544678, 302.143798828, 252.963119507, 222.176300049, 302.658874512, 89.8287582397, -15.9234666824, 6.04351425171, 40.9192771912, -14.4620656967, -56.2828903198, -62.6402015686], [-209.768753052, 69.3526153564, 171.089355469, 37.1878890991, 52.1628265381, 89.8287582397, 157.855422974, 64.6411514282, -6.97759246826, -15.1811847687, -4.18684196472, -6.2131819725, -10.1725711823], [-38.4194107056, -76.7567138672, 30.0283260345, -47.8806877136, -30.9980239868, -15.9234666824, 64.6411514282, 177.659835815, 48.0417327881, -22.6888809204, -6.97551393509, 14.7140483856, 14.7981138229], [26.6531639099, -27.1892871857, -112.110877991, 48.3749923706, 40.6865692139, 6.04351425171, -6.97759246826, 48.0417327881, 158.852416992, 117.409805298, 52.2313194275, 33.0998382568, 2.87585020065], [-151.645797729, -115.449523926, -106.732582092, 20.8036823273, 85.1212615967, 40.9192771912, -15.1811847687, -22.6888809204, 117.409805298, 239.741424561, 166.002227783, 61.0967674255, -17.9400806427], [-207.006484985, -156.333709717, -151.088546753, -77.9968948364, 13.8838996887, -14.4620656967, -4.18684196472, -6.97551393509, 52.2313194275, 166.002227783, 257.576782227, 161.373580933, 23.2099533081], [-33.4410057068, -100.923782349, -153.740310669, -48.6652793884, -31.1785030365, -56.2828903198, -6.2131819725, 14.7140483856, 33.0998382568, 61.0967674255, 161.373580933, 205.007598877, 99.5178375244], [51.737323761, -30.8107013702, -98.2950820923, -65.2962417603, -73.3722457886, -62.6402015686, -10.1725711823, 14.7981138229, 2.87585020065, -17.9400806427, 23.2099533081, 99.5178375244, 156.009094238]]}, "spectral_decrease": {"dmean": 4.56231630253e-09, "dvar2": 9.56234287699e-17, "mean": -1.47099106229e-08, "var": 1.16636741239e-16, "dmean2": 7.11440240053e-09, "dvar": 3.76482983997e-17, "min": -5.28982297965e-08, "median": -1.35112276922e-08, "max": 1.52464462562e-28}, "zerocrossingrate": {"dmean": 0.00440654624254, "dvar2": 0.000152869746671, "mean": 0.0371942333877, "var": 0.00824028160423, "dmean2": 0.00566646642983, "dvar": 0.000120233060443, "min": 0, "median": 0.01513671875, "max": 0.52783203125}, "spectral_contrast_coeffs": {"dmean": [0.0433971509337, 0.04234675318, 0.0422018170357, 0.0362797565758, 0.0231693889946, 0.0195470433682], "dvar2": [0.00370898307301, 0.00328364199959, 0.00329755991697, 0.00222386582755, 0.000946888350882, 0.000909899710678], "mean": [-0.633584320545, -0.626796126366, -0.699309051037, -0.689391970634, -0.799757421017, -0.819564700127], "var": [0.0144608309492, 0.0189194194973, 0.012405958958, 0.0101954983547, 0.00440100906417, 0.00368964090012], "dmean2": [0.0708001852036, 0.0659418776631, 0.0651714578271, 0.0541751980782, 0.0346584282815, 0.0289880037308], "dvar": [0.00144224439282, 0.0014604574535, 0.00147460703738, 0.00109350227285, 0.000437455571955, 0.000476466928376], "min": [-0.980311870575, -0.976374149323, -0.976416885853, -0.97459179163, -0.974804759026, -0.965297460556], "median": [-0.615674853325, -0.637139797211, -0.699438810349, -0.67652618885, -0.800670027733, -0.835717320442], "max": [-0.300096511841, -0.306514680386, -0.366699397564, -0.411148071289, -0.561305761337, -0.587092399597]}, "spectral_skewness": {"dmean": 1.02116858959, "dvar2": 2.03594064713, "mean": 4.38233709335, "var": 4.30830287933, "dmean2": 1.64208352566, "dvar": 0.875651180744, "min": -0.0896831303835, "median": 4.51093435287, "max": 10.599697113}, "spectral_energyband_middle_high": {"dmean": 0.00175735109951, "dvar2": 3.05839166685e-05, "mean": 0.00450251251459, "var": 6.16632169113e-05, "dmean2": 0.00250917323865, "dvar": 1.48659155457e-05, "min": 1.11511166227e-21, "median": 0.00154552096501, "max": 0.0954270288348}, "gfcc": {"icov": [[0.000437093724031, -0.00150667084381, 0.00105777033605, -0.00105210253969, 0.00115598528646, -0.00113845162559, 0.000542207446415, -0.000255100661889, -9.29286252358e-05, 0.000317118508974, -0.000437353854068, 0.000539696658961, 0.000122288896819], [-0.00150667084381, 0.00574119575322, -0.00354048470035, 0.00373075669631, -0.00422144355252, 0.00405048811808, -0.00175227271393, 0.00136446766555, 0.000261386012426, -0.000380760873668, 0.00061844533775, -0.000851025455631, -0.00101251795422], [0.00105777033605, -0.00354048470035, 0.00324526405893, -0.00284609734081, 0.00272325309925, -0.00315964128822, 0.00112652080134, -9.92725836113e-05, -0.000204816940823, 0.00137783924583, -0.00191755511332, 0.00180072407238, -0.000306171306875], [-0.00105210253969, 0.00373075669631, -0.00284609734081, 0.00378796830773, -0.00325123406947, 0.00331499660388, -0.00176759739406, 0.00133308966178, 0.000701358832885, -0.00138159992639, 0.00269118207507, -0.00221918220632, 0.000550183758605], [0.00115598528646, -0.00422144355252, 0.00272325309925, -0.00325123406947, 0.00611055130139, -0.00356489536352, 0.000323226384353, 0.000600665633101, -0.00181350903586, 0.000935193151236, -0.00147772801574, 0.00330298836343, -0.000494495383464], [-0.00113845162559, 0.00405048811808, -0.00315964128822, 0.00331499660388, -0.00356489536352, 0.00687790615484, -0.00191818305757, 0.000105146835267, 0.00129409471992, -0.00173711788375, 0.00186902761925, -0.0020402749069, 0.0013297861442], [0.000542207446415, -0.00175227271393, 0.00112652080134, -0.00176759739406, 0.000323226384353, -0.00191818305757, 0.0071139074862, -0.00337919127196, -0.000430652551586, 0.00128030823544, -0.00246979342774, 0.000959457713179, -0.000416748109274], [-0.000255100661889, 0.00136446766555, -9.92725836113e-05, 0.00133308966178, 0.000600665633101, 0.000105146835267, -0.00337919127196, 0.00910601206124, -0.00462409341708, 0.0012669772841, 0.00245260936208, -0.00330987502821, 0.00276204105467], [-9.29286252358e-05, 0.000261386012426, -0.000204816940823, 0.000701358832885, -0.00181350903586, 0.00129409471992, -0.000430652551586, -0.00462409341708, 0.0120005551726, -0.00513771921396, 0.00118703162298, 0.00253993528895, -0.000316453457344], [0.000317118508974, -0.000380760873668, 0.00137783924583, -0.00138159992639, 0.000935193151236, -0.00173711788375, 0.00128030823544, 0.0012669772841, -0.00513771921396, 0.0111837275326, -0.00693446351215, 0.00379968201742, 0.000177498222911], [-0.000437353854068, 0.00061844533775, -0.00191755511332, 0.00269118207507, -0.00147772801574, 0.00186902761925, -0.00246979342774, 0.00245260936208, 0.00118703162298, -0.00693446351215, 0.0189438890666, -0.0148860476911, 0.00786053109914], [0.000539696658961, -0.000851025455631, 0.00180072407238, -0.00221918220632, 0.00330298836343, -0.0020402749069, 0.000959457713179, -0.00330987502821, 0.00253993528895, 0.00379968201742, -0.0148860476911, 0.0230503436178, -0.0135548235849], [0.000122288896819, -0.00101251795422, -0.000306171306875, 0.000550183758605, -0.000494495383464, 0.0013297861442, -0.000416748109274, 0.00276204105467, -0.000316453457344, 0.000177498222911, 0.00786053109914, -0.0135548235849, 0.0171852018684]], "mean": [-167.232696533, 179.564163208, -92.1920318604, -0.331419765949, -11.5744342804, 8.04231929779, -21.6506137848, -4.0822930336, -5.79068231583, 0.341387033463, -8.52102184296, -14.0991306305, -8.07873725891], "cov": [[44658.6640625, 8660.14550781, -4659.23632813, 62.8438072205, -196.165481567, -323.394470215, -812.056518555, -512.99005127, -119.875213623, -276.067260742, -247.037689209, -594.501953125, -165.708999634], [8660.14550781, 2893.46337891, 6.33380889893, -84.5084915161, 310.11819458, -177.818374634, -158.292541504, -363.653869629, -118.960906982, -168.828857422, 7.44826698303, -104.024780273, 103.058776855], [-4659.23632813, 6.33380889893, 2393.1940918, 712.06628418, 214.082641602, 98.3942260742, 44.9240646362, -330.846069336, -227.12713623, -144.931030273, 66.2667160034, 101.316581726, 153.095947266], [62.8438072205, -84.5084915161, 712.06628418, 1375.46740723, 297.483734131, -92.0965194702, 29.0873203278, -221.757080078, -82.8448028564, -29.0957603455, -115.953193665, -61.8203659058, 18.3086433411], [-196.165481567, 310.11819458, 214.082641602, 297.483734131, 588.316711426, 38.6341323853, 61.9175643921, -98.0510635376, 80.3339996338, 35.8402404785, -66.3326721191, -153.178588867, -44.2126960754], [-323.394470215, -177.818374634, 98.3942260742, -92.0965194702, 38.6341323853, 328.169433594, 54.7356414795, 58.4875030518, 22.6170959473, 40.8390312195, 12.5409431458, -21.4217624664, -58.4668273926], [-812.056518555, -158.292541504, 44.9240646362, 29.0873203278, 61.9175643921, 54.7356414795, 230.28237915, 105.532875061, 50.9619255066, 13.0038404465, 16.5176143646, 4.92839241028, -20.3731918335], [-512.99005127, -363.653869629, -330.846069336, -221.757080078, -98.0510635376, 58.4875030518, 105.532875061, 305.450775146, 131.055953979, 43.5042648315, -10.5074834824, -7.59007453918, -69.6673049927], [-119.875213623, -118.960906982, -227.12713623, -82.8448028564, 80.3339996338, 22.6170959473, 50.9619255066, 131.055953979, 214.933670044, 106.958908081, -30.7472515106, -96.2805099487, -85.8406829834], [-276.067260742, -168.828857422, -144.931030273, -29.0957603455, 35.8402404785, 40.8390312195, 13.0038404465, 43.5042648315, 106.958908081, 195.234390259, 41.0510482788, -49.3008766174, -76.1485137939], [-247.037689209, 7.44826698303, 66.2667160034, -115.953193665, -66.3326721191, 12.5409431458, 16.5176143646, -10.5074834824, -30.7472515106, 41.0510482788, 164.07522583, 111.362281799, 18.0984115601], [-594.501953125, -104.024780273, 101.316581726, -61.8203659058, -153.178588867, -21.4217624664, 4.92839241028, -7.59007453918, -96.2805099487, -49.3008766174, 111.362281799, 221.180267334, 122.730033875], [-165.708999634, 103.058776855, 153.095947266, 18.3086433411, -44.2126960754, -58.4668273926, -20.3731918335, -69.6673049927, -85.8406829834, -76.1485137939, 18.0984115601, 122.730033875, 169.26802063]]}, "erbbands_spread": {"dmean": 5.90539932251, "dvar2": 185.1640625, "mean": 22.8197021484, "var": 284.824188232, "dmean2": 9.11737823486, "dvar": 79.2802734375, "min": 1.26255249977, "median": 19.1411151886, "max": 128.350082397}, "erbbands_kurtosis": {"dmean": 2.03789401054, "dvar2": 54.6242446899, "mean": 1.97684717178, "var": 77.142829895, "dmean2": 3.11687588692, "dvar": 29.3023090363, "min": -1.92032730579, "median": 0.167753666639, "max": 158.83140564}, "dynamic_complexity": 3.07632231712, "erbbands_crest": {"dmean": 2.95367360115, "dvar2": 18.1110687256, "mean": 14.7007293701, "var": 41.1319694519, "dmean2": 4.59850072861, "dvar": 7.90323734283, "min": 2.67404270172, "median": 13.818561554, "max": 32.5281982422}, "erbbands": {"dmean": [0.101759366691, 2.4024848938, 8.12958526611, 6.77338552475, 6.32254600525, 9.02163219452, 8.26800251007, 4.36698913574, 6.54424333572, 6.404753685, 31.9187793732, 13.6305999756, 12.4691419601, 7.43124818802, 5.85631942749, 27.2823066711, 10.8073787689, 13.0616817474, 13.6197290421, 15.8345022202, 14.9830465317, 4.02661323547, 1.95782053471, 1.4510487318, 1.04535293579, 0.61698693037, 0.691497325897, 0.551109313965, 0.453818917274, 0.259608179331, 0.154302418232, 0.0964223220944, 0.051923468709, 0.0196279287338, 0.00630353810266, 0.00151505135, 0.000292624201393, 4.41947086074e-05, 1.09685988718e-05, 1.93008727365e-05], "dvar2": [0.0726771131158, 43.3423500061, 564.018188477, 529.129211426, 506.13394165, 836.499572754, 572.200073242, 201.939941406, 485.503540039, 546.078063965, 14637.7089844, 5293.77587891, 4304.63623047, 945.25012207, 1002.17828369, 21637.390625, 1333.35046387, 4405.328125, 3009.43188477, 11420.4677734, 28585.9277344, 838.35333252, 108.419326782, 152.283432007, 44.5792961121, 43.1342391968, 45.3737640381, 56.5375061035, 37.874382019, 10.9627485275, 4.10790252686, 1.94422221184, 0.775399684906, 0.0905355513096, 0.00697572203353, 0.000358143966878, 1.40644006024e-05, 3.58090176178e-07, 3.92635879365e-09, 1.64079927423e-09], "mean": [0.35514330864, 5.42601966858, 17.2885284424, 18.2018947601, 12.9067049026, 17.6294212341, 22.8071022034, 10.7549009323, 16.1832962036, 16.5262756348, 75.0872192383, 31.448102951, 44.5685119629, 20.5675411224, 11.4048776627, 49.2550468445, 22.4254455566, 23.8168544769, 22.1350593567, 22.7139892578, 18.9415607452, 6.51283216476, 2.80855917931, 1.57531678677, 1.26200556755, 0.559603571892, 0.616386532784, 0.398089140654, 0.280481100082, 0.155889511108, 0.0886495858431, 0.0551025159657, 0.0302906278521, 0.0118666095659, 0.00385138299316, 0.00104051805101, 0.000270849617664, 5.10487880092e-05, 2.8793763704e-05, 6.2831240939e-05], "var": [0.290212035179, 40.6918907166, 565.561645508, 787.877258301, 320.111541748, 751.329406738, 2728.82836914, 363.398193359, 1303.49145508, 1778.75183105, 26294.7910156, 6019.96728516, 27909.3867188, 3085.12890625, 1852.63708496, 18724.2128906, 2003.62280273, 8510.59863281, 2516.04492188, 9854.81054688, 17015.5703125, 753.878417969, 111.852485657, 61.7591781616, 35.3907966614, 9.85792255402, 11.9016695023, 11.2095422745, 7.16149282455, 2.14145517349, 0.77843028307, 0.370510488749, 0.144378364086, 0.0168362855911, 0.0013216471998, 6.77064817864e-05, 2.53043708653e-06, 6.33952481621e-08, 1.0537660744e-09, 2.0439363535e-09], "dmean2": [0.153052151203, 3.82009387016, 13.2072038651, 10.4518184662, 10.3418197632, 14.541349411, 11.5986366272, 6.252576828, 8.77403831482, 8.58790683746, 48.1610832214, 21.0483226776, 17.4128684998, 10.4304285049, 8.53873348236, 44.4105873108, 15.8008584976, 17.7203712463, 20.6136951447, 23.2260131836, 22.5069198608, 6.00791215897, 2.92007493973, 2.38279604912, 1.55139195919, 1.06450760365, 1.17633521557, 1.00020349026, 0.85411709547, 0.487549751997, 0.292835921049, 0.183076128364, 0.098363801837, 0.037315864116, 0.0120826661587, 0.00290523678996, 0.000564122339711, 8.45183894853e-05, 1.81401719601e-05, 2.9978225939e-05], "dvar": [0.0296631436795, 15.8001489639, 223.590515137, 236.316757202, 195.232635498, 325.728485107, 331.322174072, 97.3241653442, 272.794616699, 312.158325195, 6085.76464844, 2071.78710938, 2648.0480957, 504.655761719, 468.87902832, 8661.97851563, 655.79309082, 2687.97338867, 1261.04882813, 5356.47070313, 11930.8222656, 393.640991211, 53.0552711487, 60.769153595, 21.5869407654, 15.0007314682, 16.1678733826, 19.4616603851, 12.9893579483, 3.80261850357, 1.41534459591, 0.670897364616, 0.265950083733, 0.0310451947153, 0.00240564276464, 0.000123461548355, 4.78333595311e-06, 1.21233256323e-07, 1.34703104226e-09, 6.47645825858e-10], "min": [9.52106960532e-23, 4.01754035306e-22, 1.65422026513e-21, 2.12634793808e-21, 9.0385233896e-21, 1.36066864836e-20, 5.46497421952e-20, 9.4434757977e-20, 1.59015339801e-19, 1.96099643194e-19, 2.13476730386e-19, 3.33490116564e-19, 4.06814947427e-19, 7.84212198646e-19, 1.08620105444e-18, 9.49980330775e-19, 1.46764598474e-18, 1.77758549378e-18, 2.74563972094e-18, 3.71863262994e-18, 4.63423388689e-18, 4.76713120565e-18, 4.54782742729e-18, 6.32865133316e-18, 6.15971334153e-18, 7.59042271338e-18, 8.10631375474e-18, 9.43028415394e-18, 1.23416331738e-17, 1.0547477598e-17, 1.1236655533e-17, 1.04498562236e-17, 1.06020235419e-17, 7.54118975051e-18, 5.990139248e-18, 4.3047641266e-18, 2.11051679814e-18, 9.87055496408e-19, 2.49073155577e-19, 2.76437976913e-20], "median": [0.134649425745, 2.97265195847, 7.47024154663, 5.9879732132, 6.19762659073, 7.14611101151, 3.69678688049, 2.56690788269, 3.4297580719, 4.45230484009, 4.85161304474, 3.51714873314, 2.46923971176, 1.92413163185, 2.31896162033, 3.79801249504, 5.70258283615, 3.37008404732, 4.86543369293, 2.51065444946, 0.764734864235, 0.401875138283, 0.200514063239, 0.119026832283, 0.0526721477509, 0.0215549264103, 0.0151498522609, 0.00823565199971, 0.00522619998083, 0.00321650365368, 0.00210949941538, 0.00164197431877, 0.00157472072169, 0.000997610972263, 0.000435614085291, 0.000235184837948, 0.000124908008729, 2.99578969134e-05, 2.55455415754e-05, 5.85660163779e-05], "max": [2.84794163704, 39.2475242615, 133.80796814, 213.383102417, 146.768356323, 329.203125, 363.718719482, 266.818389893, 469.814605713, 546.80871582, 1238.64257813, 772.349060059, 1238.34094238, 765.916320801, 702.590148926, 2303.00073242, 492.211242676, 1565.45690918, 549.98449707, 1786.06311035, 3604.14770508, 502.011474609, 144.848709106, 234.055892944, 121.338905334, 80.8429718018, 69.0086746216, 94.9388961792, 66.0863876343, 36.7192993164, 21.9592037201, 17.1624908447, 11.948674202, 3.82179164886, 0.862895071507, 0.184201672673, 0.034749314189, 0.00762681476772, 0.000873525394127, 0.00022535478638]}, "silence_rate_30dB": {"dmean": 0.097620010376, "dvar2": 0.211244255304, "mean": 0.867338716984, "var": 0.115062199533, "dmean2": 0.195318803191, "dvar": 0.0880932807922, "min": 0, "median": 1, "max": 1}, "silence_rate_60dB": {"dmean": 0.0137152075768, "dvar2": 0.0299166291952, "mean": 0.087096773088, "var": 0.0795106366277, "dmean2": 0.0274414848536, "dvar": 0.0135268876329, "min": 0, "median": 0, "max": 1}, "spectral_energyband_middle_low": {"dmean": 0.00543850660324, "dvar2": 0.000137688679388, "mean": 0.0168827679008, "var": 0.000189736456377, "dmean2": 0.00829985644668, "dvar": 5.66776652704e-05, "min": 1.66941597284e-22, "median": 0.0149428863078, "max": 0.0976253077388}, "spectral_spread": {"dmean": 501548.8125, "dvar2": 1923175415810.0, "mean": 3251484.75, "var": 52082111414300.0, "dmean2": 808006.6875, "dvar": 1046789881860.0, "min": 536426.25, "median": 1613107.5, "max": 42687272}, "barkbands": {"dmean": [1.54100889631e-05, 0.00857490208, 0.0069883