{"tonal": {"hpcp": {"dvar": [0.0188748203218, 0.0240048058331, 0.032603777945, 0.0434830337763, 0.0444214716554, 0.038731854409, 0.0412156172097, 0.0529842339456, 0.057251047343, 0.0640414506197, 0.0561342164874, 0.0536018460989, 0.0401710681617, 0.0270771663636, 0.0192126594484, 0.0195270366967, 0.0251959431916, 0.0272404588759, 0.0264846328646, 0.0272327754647, 0.0172848496586, 0.0104186190292, 0.00770647218451, 0.0137048754841, 0.0346115119755, 0.0277676228434, 0.0196737553924, 0.0179149303585, 0.0165184736252, 0.0264965184033, 0.0337887778878, 0.0307713579386, 0.0243925508112, 0.016088321805, 0.0111425099894, 0.0152244493365], "var": [0.0269881412387, 0.0399449281394, 0.0504597015679, 0.105951227248, 0.0888676717877, 0.0398434512317, 0.0309496652335, 0.0409441627562, 0.0622456371784, 0.149619162083, 0.134380102158, 0.0534095838666, 0.0297389961779, 0.018662635237, 0.0138223543763, 0.0237403400242, 0.0362972989678, 0.0338402204216, 0.0584740899503, 0.0577832572162, 0.0184547416866, 0.0075424737297, 0.00559425214306, 0.0194343496114, 0.0861157923937, 0.0661308392882, 0.0216383822262, 0.0122153786942, 0.0125014567748, 0.0236287731677, 0.0677522048354, 0.0717147067189, 0.0228512566537, 0.0102987159044, 0.00729504460469, 0.0101966783404], "median": [0.00547667732462, 0.00789074972272, 0.0193655211478, 0.0286712888628, 0.0254721287638, 0.0119450818747, 0.00569445174187, 0.00604531820863, 0.0788240805268, 0.330003499985, 0.314961999655, 0.057592432946, 0.00274623348378, 0.00175902398769, 0.00334639009088, 0.0110947508365, 0.0138271683827, 0.00866854470223, 0.00302183744498, 0.00218471139669, 0.00360720790923, 0.00527694448829, 0.00461941258982, 0.00920345447958, 0.0281584486365, 0.0301211699843, 0.0103816268966, 0.00225254404359, 0.00170496944338, 0.0128081906587, 0.059030611068, 0.066210642457, 0.0212805122137, 0.00211987691, 0.00167174648959, 0.00282937893644], "max": [1, 1, 1, 1, 1, 1, 1, 1, 1, 1, 1, 1, 1, 1, 1, 1, 1, 1, 1, 1, 1, 1, 1, 1, 1, 1, 1, 1, 1, 1, 1, 1, 1, 1, 1, 1], "dmean": [0.0510864108801, 0.0639135167003, 0.094739317894, 0.111172944307, 0.116088844836, 0.0958868488669, 0.0897072926164, 0.1134820804, 0.171339735389, 0.198437720537, 0.195464894176, 0.151743277907, 0.0877294316888, 0.0579822286963, 0.0474887304008, 0.0561668053269, 0.068945094943, 0.0707810521126, 0.0657695233822, 0.0619773343205, 0.0434930175543, 0.0281700547785, 0.0254893824458, 0.0540383383632, 0.0950452759862, 0.0905296504498, 0.0602904073894, 0.0468046814203, 0.0473303794861, 0.0781007930636, 0.107882022858, 0.106018602848, 0.0733170360327, 0.0409967191517, 0.0296426098794, 0.0376124307513], "dmean2": [0.0905164480209, 0.111833423376, 0.163688734174, 0.191553518176, 0.197809502482, 0.170709654689, 0.166904851794, 0.211683258414, 0.306818723679, 0.347982734442, 0.337182670832, 0.271303147078, 0.16057728231, 0.108584187925, 0.0870945602655, 0.096481539309, 0.118332237005, 0.121405243874, 0.112472340465, 0.104638852179, 0.0759836509824, 0.0508479215205, 0.0459007397294, 0.0949287712574, 0.159534052014, 0.14975425601, 0.106064163148, 0.086229622364, 0.0863997042179, 0.13897459209, 0.18314409256, 0.175660923123, 0.128030031919, 0.0760484710336, 0.0554819367826, 0.0698950812221], "mean": [0.0590928271413, 0.0808654278517, 0.120471306145, 0.203649744391, 0.184080436826, 0.0925043225288, 0.0658334344625, 0.0816545933485, 0.188796237111, 0.438358932734, 0.415116518736, 0.157393023372, 0.060594432056, 0.0383845865726, 0.0353266634047, 0.0640294551849, 0.0833579078317, 0.078374914825, 0.10135974735, 0.0939836651087, 0.04515254125, 0.0252061318606, 0.0223422981799, 0.0695861950517, 0.175026938319, 0.159050703049, 0.0619852021337, 0.0325080603361, 0.033573679626, 0.0704628229141, 0.177612766623, 0.186810448766, 0.0775845646858, 0.0271795038134, 0.0202865637839, 0.0275907535106], "dvar2": [0.051588408649, 0.0625883713365, 0.0865481942892, 0.108080923557, 0.110019654036, 0.106232687831, 0.121757492423, 0.154236853123, 0.160948067904, 0.165963307023, 0.153194665909, 0.146717324853, 0.107721820474, 0.0742314234376, 0.0544604510069, 0.0515359155834, 0.0648574233055, 0.0714762806892, 0.0686409473419, 0.0685558244586, 0.0458343625069, 0.0287164542824, 0.0213258583099, 0.0375921539962, 0.084814094007, 0.0654815882444, 0.0524126440287, 0.0505505539477, 0.0448434725404, 0.0728480964899, 0.0859620720148, 0.0760915949941, 0.0652149990201, 0.0455408990383, 0.0330541282892, 0.0452498793602], "min": [0, 0, 0, 0, 0, 0, 0, 0, 0, 0, 0, 0, 0, 0, 0, 0, 0, 0, 0, 0, 0, 0, 0, 0, 0, 0, 0, 0, 0, 0, 0, 0, 0, 0, 0, 0]}, "key_key": "F", "thpcp": [1, 0.946978569031, 0.359050571918, 0.13823017478, 0.0875642821193, 0.0805884450674, 0.146066278219, 0.190159022808, 0.178791642189, 0.231225460768, 0.214398875833, 0.103003583848, 0.0575011260808, 0.0509680472314, 0.158742502332, 0.399277687073, 0.362832129002, 0.141402855515, 0.0741585418582, 0.0765894725919, 0.160742297769, 0.40517655015, 0.426158636808, 0.17698867619, 0.0620028525591, 0.0462784320116, 0.0629410073161, 0.134804666042, 0.184473097324, 0.2748234272, 0.464573055506, 0.419930845499, 0.211024150252, 0.15018157661, 0.186273366213, 0.430688709021], "chords_key": "F", "tuning_equal_tempered_deviation": 0.189594089985, "tuning_frequency": 434.193115234, "tuning_diatonic_strength": 0.625175952911, "chords_histogram": [28.9038333893, 0.564895749092, 17.8345661163, 0, 0.201748490334, 0, 0, 0, 0.228648290038, 0, 0, 0, 0, 1.1835911274, 0, 1.64088773727, 0, 12.5891056061, 0.457296580076, 27.1015472412, 3.21452593803, 0.578345656395, 5.32615995407, 0.174848690629], "key_strength": 0.660791993141, "key_scale": "major", "chords_strength": {"dvar": 0.000329122703988, "var": 0.00942703802139, "median": 0.514084637165, "max": 0.795833468437, "dmean": 0.00856335926801, "dmean2": 0.00841781776398, "mean": 0.512816429138, "dvar2": 0.000592164462432, "min": -1}, "chords_number_rate": 0.00107599189505, "tuning_nontempered_energy_ratio": 0.899316906929, "hpcp_entropy": {"dvar": 0.247135594487, "var": 0.56685590744, "median": 1.65590929985, "max": 4.32889986038, "dmean": 0.554207205772, "dmean2": 0.938388288021, "mean": 1.59906089306, "dvar2": 0.638323128223, "min": 0}, "chords_changes_rate": 0.0563550777733, "chords_scale": "major"}, "rhythm": {"bpm_histogram_first_peak_spread": {"dvar": 0, "var": 0, "median": 0.509316802025, "max": 0.509316802025, "dmean": 0, "dmean2": 0, "mean": 0.509316802025, "dvar2": 0, "min": 0.509316802025}, "bpm_histogram_first_peak_weight": {"dvar": 0, "var": 0, "median": 0.423025429249, "max": 0.423025429249, "dmean": 0, "dmean2": 0, "mean": 0.423025429249, "dvar2": 0, "min": 0.423025429249}, "bpm_histogram_first_peak_bpm": {"dvar": 0, "var": 0, "median": 129, "max": 129, "dmean": 0, "dmean2": 0, "mean": 129, "dvar2": 0, "min": 129}, "bpm": 130.04397583, "bpm_histogram_second_peak_weight": {"dvar": 0, "var": 0, "median": 0.0910307914019, "max": 0.0910307914019, "dmean": 0, "dmean2": 0, "mean": 0.0910307914019, "dvar2": 0, "min": 0.0910307914019}, "beats_loudness": {"dvar": 0.000461188552435, "var": 0.000891571224201, "median": 0.0310739055276, "max": 0.159382894635, "dmean": 0.0221048668027, "dmean2": 0.0374091602862, "mean": 0.037241820246, "dvar2": 0.00123551755678, "min": 0}, "beats_loudness_band_ratio": {"dvar": [0.0405416339636, 0.0257831960917, 0.0290877260268, 0.0112739447504, 0.00154913275037, 0.00487289065495], "var": [0.0701238587499, 0.0428387448192, 0.0484529323876, 0.0122278956696, 0.00166506355163, 0.0029889405705], "median": [0.257244586945, 0.254005670547, 0.238224372268, 0.038154900074, 0.0133506152779, 0.00949581898749], "max": [0.969377398491, 0.918875455856, 0.916462361813, 0.8463742733, 0.326131641865, 0.87325078249], "dmean": [0.223965018988, 0.184797272086, 0.203383669257, 0.0694425627589, 0.0260531790555, 0.0204431824386], "dmean2": [0.387726306915, 0.317593693733, 0.348153889179, 0.121528625488, 0.0459974445403, 0.0371893011034], "mean": [0.330200880766, 0.295713305473, 0.296360105276, 0.0765595734119, 0.0279808808118, 0.0191272329539], "dvar2": [0.111216261983, 0.0734349191189, 0.0828767195344, 0.0304832197726, 0.00423814449459, 0.0139363938943], "min": [0, 0, 0, 0, 0, 0]}, "bpm_histogram_second_peak_bpm": {"dvar": 0, "var": 0, "median": 136, "max": 136, "dmean": 0, "dmean2": 0, "mean": 136, "dvar2": 0, "min": 136}, "onset_rate": 3.45261144638, "beats_count": 748, "beats_position": [0.476009070873, 0.952018141747, 1.43963718414, 1.92725622654, 2.41487526894, 2.91410422325, 3.41333317757, 3.90095233917, 4.35374164581, 4.81814050674, 5.28253936768, 5.73532867432, 6.17650794983, 6.6176867485, 7.05886602402, 7.50004529953, 7.96444416046, 8.42884349823, 8.893242836, 9.33442115784, 9.78721046448, 10.2399997711, 10.6927890778, 11.1455783844, 11.5867567062, 12.0279359818, 12.4691152573, 12.9102945328, 13.3746938705, 13.8158731461, 14.2570514679, 14.6982307434, 15.1394100189, 15.5921993256, 16.0565986633, 16.5209980011, 16.9737873077, 17.4381847382, 17.8793640137, 18.3437633514, 18.8081626892, 19.2609519958, 19.7137413025, 20.154920578, 20.6077098846, 21.0604991913, 21.5016784668, 21.9544658661, 22.4072551727, 22.8484344482, 23.312833786, 23.7656230927, 24.2068023682, 24.6595916748, 25.1123809814, 25.5651702881, 26.0179595947, 26.470746994, 26.9119262695, 27.3647155762, 27.8175048828, 28.2819042206, 28.7463035583, 29.199092865, 29.6518821716, 30.1046714783, 30.5690689087, 31.0218582153, 31.4630374908, 31.9158267975, 32.3686180115, 32.8330154419, 33.2858047485, 33.7385940552, 34.1913833618, 34.6441726685, 35.0853500366, 35.5381393433, 35.9909286499, 36.4437179565, 36.8965072632, 37.3609046936, 37.8136940002, 38.2664833069, 38.7541046143, 39.2417221069, 39.7061233521, 40.1705207825, 40.6349182129, 41.0877075195, 41.5521087646, 42.0165061951, 42.4692955017, 42.9336967468, 43.3980941772, 43.8624954224, 44.3385009766, 44.8145103455, 45.2905197144, 45.7665290833, 46.2309303284, 46.6953277588, 47.1713371277, 47.6357345581, 48.1001358032, 48.5761451721, 49.0405426025, 49.5049438477, 49.9693412781, 50.4337387085, 50.8865280151, 51.3509292603, 51.8153266907, 52.2797279358, 52.7557373047, 53.2085266113, 53.661315918, 54.1257133484, 54.5901107788, 55.0661201477, 55.5305213928, 55.9949188232, 56.4593200684, 56.9237174988, 57.3997268677, 57.8757362366, 58.3517456055, 58.8161430359, 59.280544281, 59.7449417114, 60.2093429565, 60.673740387, 61.1381378174, 61.6025390625, 62.0785484314, 62.531337738, 62.9841270447, 63.4485244751, 63.9129257202, 64.3773193359, 64.8417205811, 65.3061218262, 65.7589111328, 66.2233123779, 66.6877059937, 67.1521072388, 67.6165084839, 68.0809020996, 68.5453033447, 69.0097045898, 69.474105835, 69.9501113892, 70.4261245728, 70.902130127, 71.3665313721, 71.8425369263, 72.3185501099, 72.7945556641, 73.2589569092, 73.7233581543, 74.1993637085, 74.6637649536, 75.1281585693, 75.5925598145, 76.068572998, 76.5445785522, 77.0205917358, 77.49659729, 77.9726028442, 78.4486160278, 78.924621582, 79.3890228271, 79.8418121338, 80.3062133789, 80.7706069946, 81.2466201782, 81.7110214233, 82.1754150391, 82.6398162842, 83.1158294678, 83.591835022, 84.0678405762, 84.5438537598, 84.9966430664, 85.4610443115, 85.9254379272, 86.3898391724, 86.842628479, 87.3070297241, 87.7714233398, 88.235824585, 88.7002258301, 89.1646270752, 89.6290206909, 90.093421936, 90.5694351196, 91.0454406738, 91.521446228, 91.9974594116, 92.4618606567, 92.9146499634, 93.36743927, 93.8202285767, 94.2730178833, 94.737411499, 95.2018127441, 95.6662139893, 96.130607605, 96.5950088501, 97.0477981567, 97.5121994019, 97.9649887085, 98.4293823242, 98.9053955078, 99.381401062, 99.8458023071, 100.310203552, 100.774604797, 101.238998413, 101.715011597, 102.179405212, 102.643806458, 103.119819641, 103.584213257, 104.048614502, 104.513015747, 104.977409363, 105.430198669, 105.894599915, 106.347389221, 106.811790466, 107.276191711, 107.740585327, 108.204986572, 108.669387817, 109.122177124, 109.574966431, 110.039360046, 110.503761292, 110.968162537, 111.432563782, 111.896957397, 112.349746704, 112.802536011, 113.266937256, 113.719726562, 114.172515869, 114.636917114, 115.10131073, 115.565711975, 116.03011322, 116.482902527, 116.935691833, 117.400085449, 117.864486694, 118.328887939, 118.793289185, 119.2576828, 119.722084045, 120.209701538, 120.697319031, 121.161720276, 121.626121521, 122.090522766, 122.554916382, 123.030929565, 123.495323181, 123.959724426, 124.424125671, 124.888526917, 125.364532471, 125.828933716, 126.30493927, 126.769340515, 127.23374176, 127.698135376, 128.17414856, 128.638549805, 129.114562988, 129.590560913, 130.04335022, 130.507751465, 130.97215271, 131.424942017, 131.889343262, 132.365356445, 132.84135437, 133.305755615, 133.77015686, 134.234558105, 134.698959351, 135.163360596, 135.627746582, 136.080535889, 136.544937134, 137.009338379, 137.473739624, 137.938140869, 138.390930176, 138.855331421, 139.308120728, 139.760910034, 140.225296021, 140.689697266, 141.154098511, 141.618499756, 142.082901001, 142.547302246, 143.011703491, 143.476104736, 143.940490723, 144.416503906, 144.89251709, 145.356918335, 145.82131958, 146.297317505, 146.773330688, 147.237731934, 147.702133179, 148.166534424, 148.63092041, 149.083709717, 149.536499023, 150.000900269, 150.465301514, 150.929702759, 151.394104004, 151.858505249, 152.322906494, 152.78729248, 153.240081787, 153.692871094, 154.157272339, 154.598449707, 155.039627075, 155.492416382, 155.945205688, 156.432830811, 156.920455933, 157.419677734, 157.907302856, 158.383300781, 158.847702026, 159.312103271, 159.776504517, 160.2525177, 160.705307007, 161.169708252, 161.634094238, 162.098495483, 162.562896729, 163.027297974, 163.48008728, 163.932876587, 164.397277832, 164.850067139, 165.302856445, 165.755645752, 166.208435059, 166.672836304, 167.12562561, 167.578414917, 168.031204224, 168.48399353, 168.936782837, 169.401168823, 169.85395813, 170.318359375, 170.78276062, 171.247161865, 171.699951172, 172.152740479, 172.593917847, 173.046707153, 173.49949646, 173.952285767, 174.405075073, 174.85786438, 175.310653687, 175.751831055, 176.204620361, 176.657409668, 177.110198975, 177.562988281, 178.027389526, 178.480178833, 178.93296814, 179.385757446, 179.838546753, 180.302947998, 180.767349243, 181.231735229, 181.684524536, 182.137313843, 182.57850647, 183.019683838, 183.472473145, 183.925262451, 184.389663696, 184.842453003, 185.29524231, 185.748016357, 186.200805664, 186.653594971, 187.106384277, 187.547576904, 188.000366211, 188.453155518, 188.894332886, 189.358734131, 189.811508179, 190.264297485, 190.705490112, 191.158279419, 191.611068726, 192.063858032, 192.516647339, 192.981033325, 193.44543457, 193.886611938, 194.351013184, 194.815414429, 195.268203735, 195.720993042, 196.173782349, 196.626571655, 197.079360962, 197.532150269, 197.984939575, 198.437728882, 198.87890625, 199.320083618, 199.772872925, 200.225662231, 200.690063477, 201.154464722, 201.618865967, 202.071655273, 202.52444458, 202.965621948, 203.418411255, 203.871200562, 204.335601807, 204.800003052, 205.276000977, 205.740402222, 206.216415405, 206.692428589, 207.168426514, 207.644439697, 208.108840942, 208.573242188, 209.049255371, 209.513641357, 209.966430664, 210.419219971, 210.895233154, 211.359634399, 211.835647583, 212.300048828, 212.764434814, 213.22883606, 213.693237305, 214.15763855, 214.610427856, 215.063217163, 215.539230347, 216.015228271, 216.479629517, 216.944030762, 217.420043945, 217.896057129, 218.360443115, 218.82484436, 219.277633667, 219.730422974, 220.194824219, 220.670837402, 221.146850586, 221.599639893, 222.052429199, 222.516815186, 222.981216431, 223.457229614, 223.933242798, 224.386032104, 224.85043335, 225.303222656, 225.756011963, 226.20880127, 226.673187256, 227.137588501, 227.601989746, 228.066390991, 228.519180298, 228.983581543, 229.459594727, 229.923980713, 230.37677002, 230.841171265, 231.30557251, 231.769973755, 232.222763062, 232.687164307, 233.151565552, 233.615966797, 234.080352783, 234.544754028, 235.009155273, 235.46194458, 235.926345825, 236.39074707, 236.843536377, 237.307937622, 237.772338867, 238.236724854, 238.701126099, 239.165527344, 239.61831665, 240.082717896, 240.558731079, 241.034729004, 241.522354126, 241.99836731, 242.462768555, 242.927154541, 243.368347168, 243.821136475, 244.273925781, 244.738311768, 245.214324951, 245.690338135, 246.166351318, 246.642349243, 247.106750488, 247.571151733, 248.035552979, 248.499954224, 248.964355469, 249.428741455, 249.904754639, 250.369155884, 250.845169067, 251.309570312, 251.785568237, 252.249969482, 252.714370728, 253.167160034, 253.631561279, 254.084350586, 254.537139893, 255.001541138, 255.465942383, 255.918731689, 256.383117676, 256.835906982, 257.300323486, 257.764709473, 258.229125977, 258.705108643, 259.169525146, 259.622314453, 260.086700439, 260.539489746, 260.992279053, 261.456695557, 261.921081543, 262.385467529, 262.849884033, 263.31427002, 263.778686523, 264.23147583, 264.684265137, 265.148651123, 265.613067627, 266.065856934, 266.51864624, 266.983032227, 267.447418213, 267.911834717, 268.376220703, 268.82901001, 269.293426514, 269.74621582, 270.199005127, 270.651794434, 271.092956543, 271.557373047, 272.021759033, 272.486175537, 272.938964844, 273.40335083, 273.856140137, 274.308929443, 274.76171875, 275.226104736, 275.678894043, 276.13168335, 276.596099854, 277.04888916, 277.501678467, 277.954467773, 278.40725708, 278.871643066, 279.33605957, 279.800445557, 280.264862061, 280.717651367, 281.170440674, 281.63482666, 282.07598877, 282.528778076, 282.981567383, 283.42276001, 283.863952637, 284.328338623, 284.792724609, 285.245513916, 285.70993042, 286.162719727, 286.615509033, 287.07989502, 287.532684326, 287.99710083, 288.473114014, 288.9375, 289.413513184, 289.87789917, 290.342315674, 290.80670166, 291.271118164, 291.73550415, 292.199890137, 292.664306641, 293.128692627, 293.593109131, 294.057495117, 294.521911621, 294.986297607, 295.439086914, 295.891876221, 296.356262207, 296.820678711, 297.273468018, 297.726257324, 298.190643311, 298.643432617, 299.084625244, 299.537414551, 299.97857666, 300.431365967, 300.884155273, 301.3253479, 301.778137207, 302.230926514, 302.672088623, 303.11328125, 303.554473877, 303.995635986, 304.448425293, 304.9012146, 305.342407227, 305.783569336, 306.236358643, 306.689147949, 307.130340576, 307.571502686, 308.024291992, 308.477081299, 308.929870605, 309.382659912, 309.835449219, 310.288238525, 310.729431152, 311.182220459, 311.635009766, 312.076171875, 312.528961182, 312.981750488, 313.422943115, 313.864135742, 314.305297852, 314.746490479, 315.187652588, 315.628845215, 316.070007324, 316.522796631, 316.975585938, 317.416778564, 317.869567871, 318.322357178, 318.775146484, 319.239532471, 319.692321777, 320.133514404, 320.586303711, 321.039093018, 321.491882324, 321.944671631, 322.397460938, 322.850250244, 323.303039551, 323.74420166, 324.196990967, 324.649780273, 325.10256958, 325.543762207, 325.984924316, 326.437713623, 326.89050293, 327.343292236, 327.796081543, 328.24887085, 328.701660156, 329.154449463, 329.60723877, 330.048431396, 330.489593506, 330.930786133, 331.383575439, 331.824768066, 332.277557373, 332.73034668, 333.194732666, 333.659118652, 334.146759033, 334.657592773, 335.156829834, 335.656036377, 336.062408447, 336.48034668, 336.89831543, 337.31628418, 337.699401855, 338.094146729, 338.488891602, 338.941680908, 339.406066895, 339.870483398, 340.381317139, 340.892150879, 341.391387939, 341.925445557, 342.459503174, 342.993560791, 343.527618408, 344.061676025, 344.595733643], "danceability": 1.00635838509, "bpm_histogram_second_peak_spread": {"dvar": 0, "var": 0, "median": 0, "max": 0, "dmean": 0, "dmean2": 0, "mean": 0, "dvar2": 0, "min": 0}}, "lowlevel": {"spectral_flux": {"dvar": 0.000626880093478, "var": 0.00215920084156, "median": 0.0468310564756, "max": 0.300135016441, "dmean": 0.0207534097135, "dmean2": 0.0322986915708, "mean": 0.0594298020005, "dvar2": 0.00147415453102, "min": 6.51405457353e-11}, "spectral_rolloff": {"dvar": 519698.34375, "var": 2564716.25, "median": 538.330078125, "max": 19444.4824219, "dmean": 225.599594116, "dmean2": 379.153198242, "mean": 868.531860352, "dvar2": 1051860.25, "min": 64.599609375}, "barkbands_flatness_db": {"dvar": 0.0005231811665, "var": 0.00345787871629, "median": 0.176566883922, "max": 0.442820489407, "dmean": 0.0220191217959, "dmean2": 0.0315169543028, "mean": 0.180616959929, "dvar2": 0.00107546767686, "min": 0.031660348177}, "spectral_centroid": {"dvar": 86655.6640625, "var": 746936.5, "median": 674.383483887, "max": 11750.578125, "dmean": 158.455673218, "dmean2": 237.466720581, "mean": 856.820251465, "dvar2": 162576.15625, "min": 155.43711853}, "melbands_skewness": {"dvar": 0.523784518242, "var": 2.63529133797, "median": 2.44115233421, "max": 13.7890739441, "dmean": 0.64083057642, "dmean2": 0.957367658615, "mean": 2.64540696144, "dvar2": 1.18353950977, "min": -2.05778503418}, "melbands": {"dvar": [6.57554073769e-06, 1.26527743305e-06, 4.66291538714e-07, 3.95559084154e-07, 3.93119478304e-07, 3.83874350973e-07, 1.38652580972e-07, 4.14846255126e-07, 3.26872992673e-07, 3.09000228071e-07, 1.18629124302e-07, 2.40815989372e-08, 1.53713930473e-08, 7.63431629025e-09, 6.93631818649e-09, 3.53235218853e-09, 1.82845560914e-08, 2.65373656383e-09, 1.33198552188e-09, 6.83343437391e-10, 1.83341439253e-10, 1.73386180413e-10, 3.06182051935e-10, 7.1615553765e-11, 8.84086137631e-11, 3.03651305489e-11, 2.52678451079e-11, 2.57325636493e-11, 1.26322797708e-11, 1.03123074316e-11, 8.67722733944e-12, 7.2546257196e-12, 4.32152534244e-12, 3.62072589792e-12, 1.96881638596e-12, 1.81565103664e-12, 1.39131978508e-12, 5.08497595159e-13, 6.77914647161e-13, 1.01057985764e-12], "var": [2.63544079644e-05, 4.84021393277e-06, 5.39472068795e-07, 8.71156544235e-07, 1.65956146247e-06, 7.13751717285e-07, 2.69013042953e-07, 1.33971923333e-06, 1.28481781303e-06, 8.94286870334e-07, 3.98598871243e-07, 1.23899056348e-07, 4.58703581785e-08, 1.90560918156e-08, 2.0217427732e-08, 6.54883702822e-09, 5.94461937453e-08, 6.52986198446e-09, 4.54094761793e-09, 2.50867526752e-09, 4.84510820353e-10, 5.87489501491e-10, 3.98998334372e-10, 2.05902225825e-10, 2.7708121908e-10, 1.37557687463e-10, 8.30053803469e-11, 5.73990750763e-11, 2.41430191811e-11, 1.68509980275e-11, 1.50483462497e-11, 1.10994729033e-11, 5.14467071375e-12, 3.56042365729e-12, 2.80242062195e-12, 2.92446449002e-12, 2.27622283001e-12, 8.72489689004e-13, 1.37714839532e-12, 2.12336051519e-12], "median": [0.000320699677104, 0.000358301011147, 0.000193158412003, 0.000348939676769, 0.000378915457986, 9.80633194558e-05, 7.6062628068e-05, 0.000157359216246, 5.18430606462e-05, 3.69274821423e-05, 3.70115521946e-05, 1.07624728116e-05, 1.25786673379e-05, 8.58306248119e-06, 5.97392318014e-06, 4.89265676151e-06, 4.65612538392e-06, 2.43807403422e-06, 2.57287615568e-06, 2.54138740274e-06, 1.90274238321e-06, 1.60151910222e-06, 1.62729725162e-06, 1.19523554076e-06, 9.81514290288e-07, 9.62064746091e-07, 8.27771259537e-07, 8.0288970139e-07, 4.63162393771e-07, 3.51318135472e-07, 2.78204908e-07, 2.28214972253e-07, 1.61742775617e-07, 1.45983548805e-07, 1.44799358281e-07, 1.35229626608e-07, 9.39741227057e-08, 8.06420956678e-08, 9.90393402844e-08, 6.97250825965e-08], "max": [0.0617196187377, 0.024612352252, 0.0197619274259, 0.0158155243844, 0.0216676257551, 0.012673552148, 0.0112747997046, 0.0242007803172, 0.0199203472584, 0.0190812367946, 0.0107795158401, 0.007246281486, 0.00644997926429, 0.0029376714956, 0.00380667345598, 0.00279166176915, 0.00381023366936, 0.00177848141175, 0.00116159301251, 0.00113939866424, 0.000576832739171, 0.000600939500146, 0.000468912825454, 0.000307860929752, 0.000314345961669, 0.000213483741391, 0.000158490089234, 0.000179454873432, 0.000200596827199, 8.28276461107e-05, 7.64461001381e-05, 7.46796940803e-05, 5.49273718207e-05, 5.69194889977e-05, 5.65815898881e-05, 6.97248833603e-05, 5.67698625673e-05, 3.01247309835e-05, 2.92108379654e-05, 3.56937307515e-05], "dmean": [0.000923415413126, 0.000464065728011, 0.000221312919166, 0.000317006197292, 0.000339640508173, 0.000216136497329, 0.000130629065097, 0.00026836572215, 0.000181602576049, 0.000145029320265, 0.000105773033283, 3.73351504095e-05, 3.57380595233e-05, 2.54394199146e-05, 1.74225096998e-05, 1.5001814063e-05, 2.69989250228e-05, 1.19265823741e-05, 9.20223465073e-06, 6.71107000016e-06, 4.15715658164e-06, 3.47838408743e-06, 3.79933590011e-06, 2.72885722552e-06, 2.70955683845e-06, 1.82391704584e-06, 1.7564028667e-06, 1.61508023666e-06, 9.9727367342e-07, 9.85402607512e-07, 8.88159092938e-07, 8.07709341188e-07, 5.83612802529e-07, 5.05109028381e-07, 4.11318097804e-07, 3.69407530343e-07, 2.88016252625e-07, 2.13350858758e-07, 2.75883508039e-07, 3.01010913972e-07], "dmean2": [0.00123823655304, 0.000697394949384, 0.000371592381271, 0.000501224305481, 0.000512898783199, 0.000336480734404, 0.000200191745535, 0.000379495118978, 0.000258755870163, 0.000203798816074, 0.000162244119565, 5.30641918886e-05, 5.36136467417e-05, 4.09080239478e-05, 2.58685304289e-05, 2.24647392315e-05, 4.20549113187e-05, 1.69935719896e-05, 1.35744003273e-05, 1.00091629065e-05, 6.46416037853e-06, 5.30122360942e-06, 6.10381130173e-06, 4.17234514316e-06, 4.17436012867e-06, 2.72350894193e-06, 2.6672128115e-06, 2.47412776844e-06, 1.53437395056e-06, 1.57512465648e-06, 1.4222629261e-06, 1.29610089061e-06, 9.55287873694e-07, 8.48183503876e-07, 6.62587581246e-07, 5.82206041599e-07, 4.52851878663e-07, 3.32844905415e-07, 4.20216736075e-07, 4.55278268419e-07], "mean": [0.00239378446713, 0.00126251927577, 0.000413107511122, 0.000691713124979, 0.00088363600662, 0.0004074924218, 0.000244281516643, 0.000570860691369, 0.000364734092727, 0.000281557062408, 0.000232859558309, 7.77927562012e-05, 7.10565509507e-05, 4.67475947517e-05, 3.08432609017e-05, 2.39936434809e-05, 5.51031298528e-05, 1.86940669664e-05, 1.90822174773e-05, 1.39200274134e-05, 7.5665748227e-06, 6.8740300776e-06, 6.67354561301e-06, 5.29812086825e-06, 5.28998816662e-06, 3.93980189983e-06, 3.38032646141e-06, 2.76543005384e-06, 1.58699788244e-06, 1.43472686887e-06, 1.27059900024e-06, 1.12469706437e-06, 7.62038723678e-07, 6.59459999497e-07, 6.16662248376e-07, 5.68440839288e-07, 4.36656307556e-07, 3.37392066285e-07, 4.60434335992e-07, 4.83430426357e-07], "dvar2": [1.17948866318e-05, 2.88914611701e-06, 1.2749110283e-06, 1.02599074125e-06, 9.83829067991e-07, 9.92112632048e-07, 3.41966853057e-07, 8.68149697908e-07, 6.39594361473e-07, 5.808948913e-07, 2.76124552556e-07, 4.97502803398e-08, 3.65255026225e-08, 2.11420783103e-08, 1.33206832231e-08, 7.54907603095e-09, 4.57258622077e-08, 4.78407802262e-09, 2.76280309741e-09, 1.41547396026e-09, 4.30187441225e-10, 3.85760007271e-10, 8.14506351254e-10, 1.61761062878e-10, 2.08561751203e-10, 6.27787405394e-11, 5.36462922696e-11, 5.66157329351e-11, 2.58841888895e-11, 2.43620141421e-11, 1.98633037102e-11, 1.72016498268e-11, 1.08183366779e-11, 9.80818377905e-12, 4.83273794247e-12, 3.90605950362e-12, 2.94135852827e-12, 1.07727325324e-12, 1.30645353476e-12, 1.93327016722e-12], "min": [3.71718456896e-25, 3.69732351656e-25, 2.1138247791e-24, 2.51472310227e-24, 2.06191023736e-24, 1.26189365564e-24, 5.81243364589e-25, 1.49040082469e-24, 9.32880676889e-25, 2.40151268769e-24, 2.35891340994e-24, 3.16204086463e-24, 4.0561693412e-24, 3.09843974301e-24, 2.16604993482e-24, 3.16506654064e-24, 3.45563517204e-24, 3.83430497262e-24, 3.49895191877e-24, 3.17788000832e-24, 2.99383698419e-24, 3.80295564025e-24, 4.90740745035e-24, 5.56817588279e-24, 3.97178252359e-24, 5.15490506518e-24, 4.96725004419e-24, 4.99084092956e-24, 4.37355529907e-24, 5.55462601346e-24, 5.02987534487e-24, 6.64174418289e-24, 3.87785837763e-24, 5.00056206249e-24, 6.14074887717e-24, 5.22718523449e-24, 5.64731756425e-24, 6.01361644812e-24, 6.68147437352e-24, 5.46138068231e-24]}, "spectral_decrease": {"dvar": 6.75755647489e-18, "var": 4.44741067877e-17, "median": -4.66445815306e-09, "max": 4.52431531468e-16, "dmean": 1.61581947822e-09, "dmean2": 2.28780083766e-09, "mean": -6.69207045334e-09, "dvar2": 1.3334388048e-17, "min": -5.65013706932e-08}, "barkbands_kurtosis": {"dvar": 53.3085098267, "var": 160.826553345, "median": 6.41733169556, "max": 211.774429321, "dmean": 4.08121538162, "dmean2": 6.22428655624, "mean": 9.87554073334, "dvar2": 117.149230957, "min": -1.89060044289}, "silence_rate_30dB": {"dvar": 0.0101196514443, "var": 0.0134647805244, "median": 1, "max": 1, "dmean": 0.0102232983336, "dmean2": 0.0204479712993, "mean": 0.986347436905, "dvar2": 0.0229898337275, "min": 0}, "gfcc": {"mean": [-58.7803726196, 114.35774231, -99.5452423096, 21.5870914459, -61.4238586426, 4.87547111511, -34.6089668274, 8.53450012207, -20.2789268494, 1.51404607296, -11.3041257858, -2.56285953522, -5.58277463913], "cov": [[13775.4169922, -788.203430176, -841.561828613, -76.5157546997, -834.498901367, 367.650543213, -201.800689697, 590.560791016, -16.3132591248, 374.981811523, 112.387130737, 131.160949707, 77.03465271], [-788.203430176, 1429.95544434, -136.568954468, -51.1597175598, 272.007720947, -48.7539558411, 203.608001709, -141.860046387, 89.77003479, -130.371353149, 61.5506095886, -65.2492370605, 34.576713562], [-841.561828613, -136.568954468, 676.002441406, 149.817062378, 37.8709754944, -3.76543927193, 2.61023664474, 40.6895484924, -2.43869972229, 11.6109724045, 3.25742673874, 12.3080177307, 21.3925628662], [-76.5157546997, -51.1597175598, 149.817062378, 503.385559082, 134.921066284, 27.4563026428, 25.570514679, -20.6465358734, 67.2110671997, 23.607339859, -10.2124500275, 63.6955108643, 39.9658927917], [-834.498901367, 272.007720947, 37.8709754944, 134.921066284, 411.739532471, 99.350982666, 112.214134216, -14.9634876251, 80.9731292725, -0.755899548531, 14.5467796326, 30.2047328949, 26.0899372101], [367.650543213, -48.7539558411, -3.76543927193, 27.4563026428, 99.350982666, 246.605819702, 127.618843079, 43.9115867615, 21.4398231506, 35.9962615967, 24.0726509094, 11.7600259781, -2.79688262939], [-201.800689697, 203.608001709, 2.61023664474, 25.570514679, 112.214134216, 127.618843079, 278.770965576, 38.4124336243, 36.5708694458, 17.116186142, 58.7140846252, 13.0065717697, 13.0385446548], [590.560791016, -141.860046387, 40.6895484924, -20.6465358734, -14.9634876251, 43.9115867615, 38.4124336243, 207.750686646, 38.709526062, 42.0333404541, 44.9228935242, 12.5913238525, 29.2195415497], [-16.3132591248, 89.77003479, -2.43869972229, 67.2110671997, 80.9731292725, 21.4398231506, 36.5708694458, 38.709526062, 152.807647705, 35.293132782, 18.2781410217, 20.6647567749, 21.3629894257], [374.981811523, -130.371353149, 11.6109724045, 23.607339859, -0.755899548531, 35.9962615967, 17.116186142, 42.0333404541, 35.293132782, 146.858856201, 37.6494178772, 36.1456031799, 12.5718564987], [112.387130737, 61.5506095886, 3.25742673874, -10.2124500275, 14.5467796326, 24.0726509094, 58.7140846252, 44.9228935242, 18.2781410217, 37.6494178772, 119.706268311, 30.1945018768, 23.2694511414], [131.160949707, -65.2492370605, 12.3080177307, 63.6955108643, 30.2047328949, 11.7600259781, 13.0065717697, 12.5913238525, 20.6647567749, 36.1456031799, 30.1945018768, 135.885467529, 33.43151474], [77.03465271, 34.576713562, 21.3925628662, 39.9658927917, 26.0899372101, -2.79688262939, 13.0385446548, 29.2195415497, 21.3629894257, 12.5718564987, 23.2694511414, 33.43151474, 109.058029175]], "icov": [[0.000145091573359, -0.000130193802761, 0.00019838672597, -0.000149886298459, 0.000396964111133, -0.00042687941459, 0.000300866522593, -0.000464851938887, 0.000136497154017, -0.000290955184028, 8.97869977052e-05, -0.000142964243423, -3.10641007673e-05], [-0.000130193802761, 0.00152519694529, 3.06949891637e-06, 0.000467475736514, -0.00110354681965, 0.00125250464771, -0.00133651518263, 0.00152207922656, -0.00100810395088, 0.00134989980143, -0.00105557986535, 0.000921824772377, -0.000530902238097], [0.00019838672597, 3.06949891637e-06, 0.00193682941608, -0.000714183610398, 0.000317333411658, -0.000287009665044, 0.000288151291898, -0.000985260005109, 0.000516103405971, -0.000340853381203, -4.09113795286e-07, 4.60859846498e-05, -0.000188901947695], [-0.000149886298459, 0.000467475736514, -0.000714183610398, 0.0028457059525, -0.00110183819197, 0.000532279082108, -0.000558074971195, 0.00128353736363, -0.0011883409461, 0.000362529302947, 0.000323902786477, -0.000596930563916, -0.000640158948954], [0.000396964111133, -0.00110354681965, 0.000317333411658, -0.00110183819197, 0.00493891723454, -0.00266400398687, 0.000600783387199, -0.00104404194281, -0.000697103794664, -0.000676143390592, 0.000763745221775, -0.0010757886339, -0.000249624426942], [-0.00042687941459, 0.00125250464771, -0.000287009665044, 0.000532279082108, -0.00266400398687, 0.0077579789795, -0.00387912383303, 0.000976922223344, -0.000246610667091, 0.000258824467892, -0.000272841774859, 0.000869696203154, 0.000614046410192], [0.000300866522593, -0.00133651518263, 0.000288151291898, -0.000558074971195, 0.000600783387199, -0.00387912383303, 0.00690646097064, -0.00193676364142, 0.000528493023012, -0.000847832299769, -0.0013183952542, -0.000604429747909, 0.000270003860351], [-0.000464851938887, 0.00152207922656, -0.000985260005109, 0.00128353736363, -0.00104404194281, 0.000976922223344, -0.00193676364142, 0.00855145510286, -0.00269889342599, 0.00104544509668, -0.00245618959889, 0.00129968044348, -0.00168229546398], [0.000136497154017, -0.00100810395088, 0.000516103405971, -0.0011883409461, -0.000697103794664, -0.000246610667091, 0.000528493023012, -0.00269889342599, 0.00924664083868, -0.00258193607442, 0.000732143700588, -0.000584010093007, -0.000113030197099], [-0.000290955184028, 0.00134989980143, -0.000340853381203, 0.000362529302947, -0.000676143390592, 0.000258824467892, -0.000847832299769, 0.00104544509668, -0.00258193607442, 0.00999095477164, -0.00287704053335, -0.000694479618687, -0.000118004601973], [8.97869977052e-05, -0.00105557986535, -4.09113795286e-07, 0.000323902786477, 0.000763745221775, -0.000272841774859, -0.0013183952542, -0.00245618959889, 0.000732143700588, -0.00287704053335, 0.0119164520875, -0.0023188511841, -0.000864884932525], [-0.000142964243423, 0.000921824772377, 4.60859846498e-05, -0.000596930563916, -0.0010757886339, 0.000869696203154, -0.000604429747909, 0.00129968044348, -0.000584010093007, -0.000694479618687, -0.0023188511841, 0.00965895038098, -0.00224956241436], [-3.10641007673e-05, -0.000530902238097, -0.000188901947695, -0.000640158948954, -0.000249624426942, 0.000614046410192, 0.000270003860351, -0.00168229546398, -0.000113030197099, -0.000118004601973, -0.000864884932525, -0.00224956241436, 0.0110351424664]]}, "silence_rate_20dB": {"dvar": 0, "var": 0, "median": 1, "max": 1, "dmean": 0, "dmean2": 0, "mean": 1, "dvar2": 0, "min": 1}, "barkbands_skewness": {"dvar": 0.369612932205, "var": 1.99751567841, "median": 2.01255512238, "max": 12.6841430664, "dmean": 0.533222436905, "dmean2": 0.796557724476, "mean": 2.11599326134, "dvar2": 0.81402027607, "min": -5.35538625717}, "erbbands_skewness": {"dvar": 0.18659068644, "var": 0.94573289156, "median": 1.06829833984, "max": 7.78029203415, "dmean": 0.388350337744, "dmean2": 0.572335839272, "mean": 1.10593688488, "dvar2": 0.392465889454, "min": -4.31789779663}, "spectral_contrast_valleys": {"dvar": [0.0984533280134, 0.134104758501, 0.111487314105, 0.104875460267, 0.130229607224, 0.203805685043], "var": [2.79060435295, 2.83256936073, 2.59590601921, 2.42550849915, 2.59025096893, 2.74811840057], "median": [-7.40510320663, -7.27747344971, -8.08699417114, -8.66006851196, -8.46712207794, -10.7609920502], "max": [-5.18077993393, -4.47372341156, -5.43721389771, -6.36355495453, -6.23847389221, -7.60628128052], "dmean": [0.335383415222, 0.370293021202, 0.326668292284, 0.312548667192, 0.319212049246, 0.377021402121], "dmean2": [0.554690778255, 0.56436252594, 0.493898957968, 0.461276322603, 0.43936291337, 0.482231616974], "mean": [-7.603474617, -7.42174911499, -8.21805667877, -8.79422283173, -8.715051651, -11.0700378418], "dvar2": [0.232507050037, 0.267457336187, 0.222399696708, 0.199223071337, 0.240458667278, 0.354303121567], "min": [-27.9563617706, -27.972454071, -27.8473625183, -27.6533412933, -27.5328941345, -27.4111309052]}, "spectral_strongpeak": {"dvar": 0.590811252594, "var": 1.66488838196, "median": 0.504787683487, "max": 10.244977951, "dmean": 0.418360680342, "dmean2": 0.679858028889, "mean": 1.00645565987, "dvar2": 1.37364673615, "min": 0}, "erbbands_crest": {"dvar": 6.34586286545, "var": 23.8568553925, "median": 10.7065963745, "max": 32.2326126099, "dmean": 2.56428313255, "dmean2": 3.98297190666, "mean": 11.636592865, "dvar2": 14.7831439972, "min": 2.40243339539}, "barkbands_crest": {"dvar": 5.47268342972, "var": 23.5791416168, "median": 12.303237915, "max": 26.2371425629, "dmean": 2.37798571587, "dmean2": 3.69223451614, "mean": 12.9200115204, "dvar2": 13.0536088943, "min": 2.78055143356}, "spectral_energyband_middle_low": {"dvar": 4.77005269204e-05, "var": 0.000201696224394, "median": 0.00925653427839, "max": 0.123069390655, "dmean": 0.00428512133658, "dmean2": 0.00632870942354, "mean": 0.01388205681, "dvar2": 0.000103163671156, "min": 1.86694232589e-22}, "spectral_contrast_coeffs": {"dvar": [0.00139725080226, 0.00157001498155, 0.000975683156867, 0.000633727875538, 0.00049654848408, 0.00036507283221], "var": [0.011870608665, 0.00869198795408, 0.00677536753938, 0.00450344895944, 0.0027901798021, 0.00186937232502], "median": [-0.638181805611, -0.666997134686, -0.719755649567, -0.765576839447, -0.78335249424, -0.781132400036], "max": [-0.276168853045, -0.320101857185, -0.407059937716, -0.453633189201, -0.546831607819, -0.613456785679], "dmean": [0.0430018752813, 0.0441635511816, 0.0350921005011, 0.0292104315013, 0.0241952333599, 0.0191114731133], "dmean2": [0.0699346736073, 0.0689769238234, 0.0543520525098, 0.0448487065732, 0.0366514958441, 0.0295643042773], "mean": [-0.625604689121, -0.662193000317, -0.712887644768, -0.757969975471, -0.777806997299, -0.779796421528], "dvar2": [0.00357320462354, 0.0036092645023, 0.00222279713489, 0.00138732476626, 0.00103380763903, 0.000866824469995], "min": [-0.974016964436, -0.97676295042, -0.976629257202, -0.969596207142, -0.96836990118, -0.963917195797]}, "hfc": {"dvar": 27.4283256531, "var": 224.526626587, "median": 7.37054252625, "max": 97.4714279175, "dmean": 3.22711873055, "dmean2": 4.50353574753, "mean": 12.7442798615, "dvar2": 53.4053001404, "min": 1.05207944058e-16}, "spectral_energyband_high": {"dvar": 1.55344665131e-07, "var": 3.36784978572e-07, "median": 9.41056423471e-05, "max": 0.0108973225579, "dmean": 0.000141429816722, "dmean2": 0.000215983411181, "mean": 0.000266012910288, "dvar2": 3.16752846174e-07, "min": 7.00209034761e-21}, "erbbands_spread": {"dvar": 85.7313995361, "var": 256.437255859, "median": 26.158662796, "max": 125.160018921, "dmean": 6.85300731659, "dmean2": 10.4366893768, "mean": 29.0039768219, "dvar2": 200.894195557, "min": 1.44629251957}, "dissonance": {"dvar": 0.000649086781777, "var": 0.00217139767483, "median": 0.437289386988, "max": 0.499920755625, "dmean": 0.0263992007822, "dmean2": 0.0434244982898, "mean": 0.428171306849, "dvar2": 0.00172672374174, "min": 0.157889395952}, "spectral_kurtosis": {"dvar": 12.8609542847, "var": 36.2279205322, "median": 5.58375549316, "max": 95.9022293091, "dmean": 2.41827726364, "dmean2": 3.88010454178, "mean": 6.97781562805, "dvar2": 31.7139358521, "min": -1.25624239445}, "spectral_skewness": {"dvar": 0.109956659377, "var": 0.449842005968, "median": 1.94795227051, "max": 7.5906829834, "dmean": 0.288053929806, "dmean2": 0.446169525385, "mean": 2.02084183693, "dvar2": 0.256686985493, "min": -0.0705350637436}, "pitch_salience": {"dvar": 0.00366563932039, "var": 0.015158649534, "median": 0.514812469482, "max": 0.859432935715, "dmean": 0.0620134919882, "dmean2": 0.0969827249646, "mean": 0.509058773518, "dvar2": 0.00860659312457, "min": 0.0892754495144}, "spectral_complexity": {"dvar": 4.32767009735, "var": 37.0426597595, "median": 10, "max": 46, "dmean": 1.7894808054, "dmean2": 2.81832242012, "mean": 10.7567424774, "dvar2": 9.49983501434, "min