{"lowlevel": {"erbbands": {"mean": [0.236903131008, 1.76979637146, 4.34955453873, 9.85799503326, 25.9985790253, 14.8101873398, 5.63783740997, 6.96623516083, 8.49863815308, 9.26219272614, 10.8562765121, 13.8225154877, 12.9444684982, 10.2455511093, 11.4112329483, 12.3697738647, 13.0975036621, 14.0544929504, 14.6922454834, 23.7934303284, 31.2884273529, 22.0070495605, 14.4998283386, 15.6868619919, 16.4438266754, 12.8962059021, 6.44600200653, 4.27287817001, 3.0631916523, 1.74720418453, 1.39185333252, 1.02228915691, 0.72250443697, 0.451553076506, 0.330312132835, 0.159364387393, 0.0521586984396, 0.0114850644022, 0.00189884239808, 0.000142841687193], "dvar": [0.0310555491596, 2.32519936562, 29.362575531, 98.1628570557, 2551.61035156, 882.824279785, 47.8345985413, 136.789703369, 260.087799072, 145.015457153, 157.483825684, 213.187515259, 182.31199646, 99.7769241333, 108.944374084, 120.045043945, 194.199645996, 233.82460022, 154.066635132, 352.086578369, 304.800476074, 87.9234008789, 36.8111076355, 40.7544555664, 58.4833221436, 40.4623146057, 10.9682312012, 6.49390125275, 4.60408449173, 1.77113246918, 1.1364325285, 0.765799582005, 0.532667756081, 0.188745230436, 0.123002879322, 0.0439040996134, 0.0086469091475, 0.000413877627579, 2.11887345358e-05, 1.35559417913e-07], "min": [9.8206311406e-22, 9.63312730953e-21, 2.91160531659e-20, 9.08881952513e-20, 1.83670065419e-19, 1.37833053771e-19, 8.79806166241e-20, 1.54614002234e-19, 2.70062811922e-19, 5.64892703853e-19, 1.45591315153e-18, 4.92292240222e-18, 2.51436126244e-18, 3.08625119049e-18, 5.9718829583e-18, 6.27069575073e-18, 7.86355030702e-18, 6.14628075556e-18, 4.94135984448e-18, 8.35128577469e-18, 1.52997824183e-17, 2.28569078033e-17, 1.17980200014e-17, 1.05647160419e-17, 1.45925463033e-17, 1.25003286015e-17, 1.49358825058e-17, 2.28114840072e-17, 2.8293729396e-17, 2.0089313675e-17, 1.47139267864e-17, 1.89529528018e-17, 1.70490014074e-17, 1.1804563e-17, 7.19730016419e-18, 5.75270160266e-18, 2.97574461694e-18, 1.00190049327e-18, 2.17630676325e-19, 2.59893169128e-20], "dmean": [0.117119245231, 1.06198072433, 2.84741282463, 6.7049741745, 24.313867569, 14.3600730896, 4.04250431061, 5.80048465729, 7.59260177612, 6.84544086456, 6.46629714966, 7.44877338409, 6.92958927155, 5.26985931396, 6.28782939911, 6.48156166077, 6.69827842712, 7.44275712967, 6.92706871033, 11.9237003326, 15.0852622986, 8.66137886047, 5.59206819534, 5.87105464935, 5.97637987137, 4.93047618866, 2.45173192024, 1.79297435284, 1.32779097557, 0.787633657455, 0.6839376688, 0.530892014503, 0.419930070639, 0.255279839039, 0.195073753595, 0.104940637946, 0.0387950763106, 0.00885378755629, 0.00177914695814, 0.000134865520522], "dmean2": [0.186123624444, 1.75795638561, 4.88699579239, 10.8020687103, 38.854724884, 25.1427955627, 6.76431846619, 9.87385463715, 12.9505472183, 11.5170812607, 10.3987112045, 11.6771736145, 10.7036619186, 8.38066005707, 10.2719736099, 10.5571165085, 10.7615365982, 11.8684597015, 11.1328830719, 19.2767620087, 25.0529594421, 14.4463415146, 9.16567420959, 9.65745830536, 9.76354980469, 7.80120182037, 3.86095571518, 2.7410337925, 2.0023086071, 1.14755022526, 0.99089217186, 0.755158007145, 0.606629252434, 0.363117873669, 0.265819132328, 0.147152855992, 0.055881254375, 0.0125883314759, 0.00268483511172, 0.00021758856019], "dvar2": [0.0724702998996, 6.08753681183, 84.4657974243, 224.510971069, 6106.68261719, 2439.94213867, 123.231750488, 365.317138672, 672.412109375, 364.184051514, 364.007659912, 462.046203613, 380.254699707, 224.712600708, 271.460876465, 294.877380371, 432.948577881, 585.852172852, 362.281524658, 831.736694336, 833.611633301, 242.97038269, 95.0051193237, 107.197021484, 151.547973633, 99.6832580566, 26.0388011932, 14.4500656128, 9.83577156067, 3.61785387993, 2.35531568527, 1.65360963345, 1.18356430531, 0.414553612471, 0.247969761491, 0.0962449610233, 0.0206815078855, 0.000972889945842, 5.3146166465e-05, 3.57899551773e-07], "max": [2.36544156075, 21.9461975098, 75.6885910034, 104.756874084, 494.599029541, 363.544799805, 112.379768372, 157.394119263, 181.771408081, 191.438217163, 272.164093018, 355.214050293, 368.19152832, 294.471923828, 273.521820068, 383.445007324, 603.865234375, 490.474700928, 373.607574463, 472.843383789, 269.673126221, 138.208847046, 127.02935791, 83.0626068115, 258.511291504, 154.030517578, 72.6376419067, 42.5210647583, 75.278465271, 43.5336990356, 21.7125473022, 22.0601501465, 15.289273262, 8.62681770325, 5.85013437271, 3.41780567169, 1.80032014847, 0.337957382202, 0.088668435812, 0.00630757166073], "median": [0.194326922297, 1.51887905598, 3.00058817863, 6.09441423416, 9.92891979218, 6.8814239502, 3.1366508007, 3.09452652931, 3.34757685661, 3.75767421722, 4.0441403389, 5.57542800903, 5.66341257095, 5.20457744598, 7.12804079056, 8.00907611847, 7.18711566925, 8.16834545135, 9.3902015686, 15.8308925629, 25.9854259491, 19.335849762, 12.6794700623, 13.8493118286, 14.4175834656, 10.4978628159, 5.42970371246, 3.21797204018, 2.06630277634, 1.08716881275, 0.829250097275, 0.589291155338, 0.386056154966, 0.239822611213, 0.14086997509, 0.0620159991086, 0.018449254334, 0.00336116249673, 0.000366041698726, 4.58739450551e-05], "var": [0.0538367070258, 3.15745282173, 29.1758117676, 125.23890686, 2580.66650391, 669.819885254, 61.1952514648, 138.394989014, 244.777160645, 208.574066162, 406.597503662, 623.568969727, 563.720031738, 303.079223633, 234.144866943, 288.421051025, 543.366943359, 486.362426758, 419.404724121, 908.411743164, 545.070068359, 220.527786255, 90.6672897339, 121.849075317, 155.809875488, 112.260978699, 28.4172897339, 15.3367862701, 13.5552139282, 5.06194496155, 2.86327052116, 1.63218259811, 0.965263485909, 0.353822290897, 0.246642649174, 0.0670431628823, 0.00979219842702, 0.000493121624459, 2.04969637707e-05, 1.08143545674e-07]}, "gfcc": {"icov": [[0.000146428967128, -7.81087655923e-05, 0.000246969051659, -0.000314527656883, 0.000188323509065, -0.000324588356307, 0.000232205551583, -0.000201680712053, 0.000360689504305, -0.000284415989881, 0.000556936196517, -0.000175943365321, 0.00100668659434], [-7.81087655923e-05, 0.00274627702311, 0.000781972776167, -9.46884028963e-05, -0.000576818885747, 0.00121254264377, -0.000892597658094, 0.000549675081857, -0.00247184955515, 0.00187712709885, -0.00274676596746, 0.00322869466618, -0.00290892040357], [0.000246969051659, 0.000781972776167, 0.0030990880914, 9.92740315269e-05, -0.00045795890037, -0.000404850754421, 0.001170726493, 0.000317208410706, -0.000276626291452, 4.21251716034e-05, -0.000388591608498, -0.000440516509116, 0.00160660140682], [-0.000314527656883, -9.46884028963e-05, 9.92740315269e-05, 0.00740122981369, -0.00396149838343, -0.00165823253337, 0.00222443323582, 0.00094838620862, -0.00321809155867, 0.00232821819372, -0.00499225733802, 0.000813501887023, -0.00152393430471], [0.000188323509065, -0.000576818885747, -0.00045795890037, -0.00396149838343, 0.00949009694159, -0.00086817285046, -0.00336735136807, -0.000324142427417, 0.00217010662891, -0.0017460876843, 0.00303244660608, -0.000443679717137, -0.00203915033489], [-0.000324588356307, 0.00121254264377, -0.000404850754421, -0.00165823253337, -0.00086817285046, 0.0136957122013, -0.00478296587244, -0.00284992228262, 0.00126459810417, -0.00338837155141, -0.000525791139808, 0.00300070340745, -0.00362283713184], [0.000232205551583, -0.000892597658094, 0.001170726493, 0.00222443323582, -0.00336735136807, -0.00478296587244, 0.0176598969847, -0.00661780592054, -0.00448617478833, 0.00772784231231, -0.00498845754191, -0.0024346660357, 0.00331271113828], [-0.000201680712053, 0.000549675081857, 0.000317208410706, 0.00094838620862, -0.000324142427417, -0.00284992228262, -0.00661780592054, 0.0183435771614, -0.00324974488467, -0.00512523483485, 0.00520490808412, -0.00160635495558, 0.000195547967451], [0.000360689504305, -0.00247184955515, -0.000276626291452, -0.00321809155867, 0.00217010662891, 0.00126459810417, -0.00448617478833, -0.00324974488467, 0.025811880827, -0.0139545882121, -0.000457650457975, 0.00671456102282, -0.00440739747137], [-0.000284415989881, 0.00187712709885, 4.21251716034e-05, 0.00232821819372, -0.0017460876843, -0.00338837155141, 0.00772784231231, -0.00512523483485, -0.0139545882121, 0.034373819828, -0.0156437978148, -0.00191064819228, 0.00472078751773], [0.000556936196517, -0.00274676596746, -0.000388591608498, -0.00499225733802, 0.00303244660608, -0.000525791139808, -0.00498845754191, 0.00520490808412, -0.000457650457975, -0.0156437978148, 0.0388864614069, -0.0145896887407, 0.00360629777424], [-0.000175943365321, 0.00322869466618, -0.000440516509116, 0.000813501887023, -0.000443679717137, 0.00300070340745, -0.0024346660357, -0.00160635495558, 0.00671456102282, -0.00191064819228, -0.0145896887407, 0.0347409322858, -0.0150801297277], [0.00100668659434, -0.00290892040357, 0.00160660140682, -0.00152393430471, -0.00203915033489, -0.00362283713184, 0.00331271113828, 0.000195547967451, -0.00440739747137, 0.00472078751773, 0.00360629777424, -0.0150801297277, 0.0363137200475]], "mean": [2.18418121338, 88.2604370117, -105.363601685, 46.6047897339, -31.2254066467, 9.2299413681, -31.5549182892, 9.96184062958, -25.8244552612, -1.14540779591, -20.7304210663, -2.7660048008, -10.144238472], "cov": [[14458.8486328, -286.529785156, -894.69140625, 250.316604614, -236.118286133, 291.204864502, -162.623565674, 188.266342163, -203.194107056, 57.8531951904, -239.746353149, -194.487701416, -433.216430664], [-286.529785156, 766.875244141, -221.877349854, 132.358856201, 94.756980896, -12.1577768326, 84.8002319336, 0.537038326263, 118.0548172, -9.02096366882, 52.4312705994, -39.0646972656, 75.1856613159], [-894.69140625, -221.877349854, 474.230773926, -52.3764724731, -9.58278083801, -20.1984424591, -45.2294540405, -30.38539505, -24.4054145813, 6.19218015671, 5.96894216537, 24.1439876556, -8.74705028534], [250.316604614, 132.358856201, -52.3764724731, 251.908859253, 102.563606262, 44.9389724731, 18.9371700287, 4.3815984726, 46.7647476196, 16.0194206238, 36.4497947693, -0.767173647881, 24.6986370087], [-236.118286133, 94.756980896, -9.58278083801, 102.563606262, 177.010848999, 36.3247413635, 49.9026184082, 17.3455066681, 24.6908950806, 2.54507994652, 14.5829524994, 6.07165288925, 31.52135849], [291.204864502, -12.1577768326, -20.1984424591, 44.9389724731, 36.3247413635, 115.39466095, 41.5664978027, 41.0304603577, 14.612112999, 18.2555007935, 5.63147926331, -2.36006593704, 1.13305544853], [-162.623565674, 84.8002319336, -45.2294540405, 18.9371700287, 49.9026184082, 41.5664978027, 111.811248779, 44.519241333, 32.5606040955, -0.566361248493, 15.5750303268, 3.80146956444, 14.6637706757], [188.266342163, 0.537038326263, -30.38539505, 4.3815984726, 17.3455066681, 41.0304603577, 44.519241333, 89.1999053955, 22.7008571625, 18.1156539917, -2.05119848251, -1.22978198528, -3.02889633179], [-203.194107056, 118.0548172, -24.4054145813, 46.7647476196, 24.6908950806, 14.612112999, 32.5606040955, 22.7008571625, 86.6533126831, 31.3631229401, 25.6463947296, -7.10031604767, 18.8281059265], [57.8531951904, -9.02096366882, 6.19218015671, 16.0194206238, 2.54507994652, 18.2555007935, -0.566361248493, 18.1156539917, 31.3631229401, 58.5698699951, 24.7342510223, 5.99206018448, -3.78537654877], [-239.746353149, 52.4312705994, 5.96894216537, 36.4497947693, 14.5829524994, 5.63147926331, 15.5750303268, -2.05119848251, 25.6463947296, 24.7342510223, 55.1069107056, 19.7652797699, 14.7153558731], [-194.487701416, -39.0646972656, 24.1439876556, -0.767173647881, 6.07165288925, -2.36006593704, 3.80146956444, -1.22978198528, -7.10031604767, 5.99206018448, 19.7652797699, 50.1204566956, 18.1373252869], [-433.216430664, 75.1856613159, -8.74705028534, 24.6986370087, 31.52135849, 1.13305544853, 14.6637706757, -3.02889633179, 18.8281059265, -3.78537654877, 14.7153558731, 18.1373252869, 56.4031944275]]}, "spectral_skewness": {"mean": 1.43409669399, "dvar": 0.0437815226614, "min": -0.0272216293961, "dmean": 0.154640972614, "dmean2": 0.248101875186, "dvar2": 0.0974288359284, "max": 16.215013504, "median": 1.42141354084, "var": 0.253831297159}, "spectral_energyband_low": {"mean": 0.0137048279867, "dvar": 8.53491583257e-05, "min": 8.86924583002e-23, "dmean": 0.00667166011408, "dmean2": 0.0110074104741, "dvar2": 0.000228950593737, "max": 0.113711409271, "median": 0.0117976535112, "var": 0.000127412422444}, "spectral_energyband_middle_low": {"mean": 0.0130378752947, "dvar": 0.000339036254445, "min": 3.85465509117e-22, "dmean": 0.00933405384421, "dmean2": 0.014677089639, "dvar2": 0.000799677160103, "max": 0.166930422187, "median": 0.00731476023793, "var": 0.000366491673049}, "mfcc": {"icov": [[0.000162371565239, -0.000126061524497, 1.26658933368e-05, -0.000104581064079, 0.000131061664433, 3.07021982735e-05, -0.000136381349876, 1.78488426172e-05, 0.000366414169548, -0.000258882209891, 0.000131402921397, -5.81039021199e-05, 4.2299303459e-05], [-0.000126061524497, 0.00241015013307, 0.000504155235831, -0.00136333552655, 0.000280137814116, -0.00010443708743, 0.000444499921286, 0.000304822751787, -0.00208030431531, 0.00059798755683, -0.000890567142051, -0.000316242891131, 0.000859369290993], [1.26658933368e-05, 0.000504155235831, 0.00446233758703, 0.000856042897794, -0.00160482514184, 0.00052156264428, 0.000726466416381, 0.000569884723518, 0.000911854789592, 0.00121088337619, -0.00109675899148, -0.000505955249537, 0.000994228292257], [-0.000104581064079, -0.00136333552655, 0.000856042897794, 0.00901612453163, -0.0051827407442, -0.00188239419367, 0.00145078578498, -0.00217712833546, 0.00247700512409, -0.00105385819916, 0.00222309422679, -0.00137584132608, -0.00352145684883], [0.000131061664433, 0.000280137814116, -0.00160482514184, -0.0051827407442, 0.01469177939, -0.00416258675978, -0.00346037582494, 0.00527692213655, -0.0052336640656, 0.000441128271632, 0.00239643640816, -0.00074350804789, 0.000980961951427], [3.07021982735e-05, -0.00010443708743, 0.00052156264428, -0.00188239419367, -0.00416258675978, 0.0162898488343, -0.00358007149771, -0.000427424674854, 0.000921367725823, -0.000942696467973, -0.00306940078735, 0.00218471605331, -0.00246318266727], [-0.000136381349876, 0.000444499921286, 0.000726466416381, 0.00145078578498, -0.00346037582494, -0.00358007149771, 0.0199950430542, -0.0119736008346, 0.000333269766998, 0.00102249742486, -0.000608318543527, -0.00229959376156, 0.00136236392427], [1.78488426172e-05, 0.000304822751787, 0.000569884723518, -0.00217712833546, 0.00527692213655, -0.000427424674854, -0.0119736008346, 0.0268793608993, -0.0116916764528, 0.00126467528753, 0.001063819509, 0.000637700140942, -0.000508195196744], [0.000366414169548, -0.00208030431531, 0.000911854789592, 0.00247700512409, -0.0052336640656, 0.000921367725823, 0.000333269766998, -0.0116916764528, 0.0309210140258, -0.014072005637, 0.00239382730797, -0.000669191067573, 0.000100185199699], [-0.000258882209891, 0.00059798755683, 0.00121088337619, -0.00105385819916, 0.000441128271632, -0.000942696467973, 0.00102249742486, 0.00126467528753, -0.014072005637, 0.0298456605524, -0.0139647731557, 0.00233944458887, -0.000155448637088], [0.000131402921397, -0.000890567142051, -0.00109675899148, 0.00222309422679, 0.00239643640816, -0.00306940078735, -0.000608318543527, 0.001063819509, 0.00239382730797, -0.0139647731557, 0.0332640223205, -0.0169665422291, 0.00392610067502], [-5.81039021199e-05, -0.000316242891131, -0.000505955249537, -0.00137584132608, -0.00074350804789, 0.00218471605331, -0.00229959376156, 0.000637700140942, -0.000669191067573, 0.00233944458887, -0.0169665422291, 0.0363973341882, -0.0156877655536], [4.2299303459e-05, 0.000859369290993, 0.000994228292257, -0.00352145684883, 0.000980961951427, -0.00246318266727, 0.00136236392427, -0.000508195196744, 0.000100185199699, -0.000155448637088, 0.00392610067502, -0.0156877655536, 0.0303670074791]], "mean": [-639.270812988, 118.273712158, -6.42919826508, 42.6323509216, 18.0767784119, 9.35088729858, 8.08817005157, 7.1021232605, 5.00869131088, 2.47069334984, -5.157766819, -1.38108861446, -0.546660900116], "cov": [[6816.88085938, 414.548370361, -114.098869324, 157.12878418, -35.6269493103, 13.2019758224, 27.4808235168, 0.684233903885, -51.8185806274, 36.3897285461, 3.41184186935, 23.220375061, 13.6420507431], [414.548370361, 565.637268066, -100.088417053, 123.773109436, 37.5072135925, 35.2255439758, 12.8453292847, 25.7215328217, 55.563621521, 34.6891975403, 22.2625408173, 21.7409591675, 10.8927154541], [-114.098869324, -100.088417053, 274.740814209, -48.0222473145, 6.39753818512, -21.2854385376, -26.2942276001, -34.8772468567, -32.4432373047, -25.533782959, -0.628128230572, -4.47348642349, -15.1632900238], [157.12878418, 123.773109436, -48.0222473145, 210.857528687, 83.3717880249, 53.1713371277, 16.4593696594, 14.5176105499, 14.4447841644, 10.8637104034, -4.44837760925, 20.285402298, 34.4892997742], [-35.6269493103, 37.5072135925, 6.39753818512, 83.3717880249, 122.252052307, 44.9241600037, 21.5179729462, 0.694650828838, 19.0144443512, 6.74689626694, -4.63165092468, 7.40797138214, 11.5854740143], [13.2019758224, 35.2255439758, -21.2854385376, 53.1713371277, 44.9241600037, 89.0404052734, 28.2024269104, 14.7596111298, 14.1416120529, 12.9089574814, 8.86026191711, 8.72415351868, 13.9813499451], [27.4808235168, 12.8453292847, -26.2942276001, 16.4593696594, 21.5179729462, 28.2024269104, 85.5718002319, 45.4980278015, 23.5971298218, 10.557964325, 5.76838541031, 8.05451583862, 4.27407026291], [0.684233903885, 25.7215328217, -34.8772468567, 14.5176105499, 0.694650828838, 14.7596111298, 45.4980278015, 73.7021102905, 35.4502906799, 15.462896347, 4.000436306, 4.30362224579, 4.13180065155], [-51.8185806274, 55.563621521, -32.4432373047, 14.4447841644, 19.0144443512, 14.1416120529, 23.5971298218, 35.4502906799, 67.5862045288, 34.9901924133, 11.7998342514, 6.79799032211, 3.24693131447], [36.3897285461, 34.6891975403, -25.533782959, 10.8637104034, 6.74689626694, 12.9089574814, 10.557964325, 15.462896347, 34.9901924133, 63.146068573, 29.4087734222, 12.4034013748, 4.49091911316], [3.41184186935, 22.2625408173, -0.628128230572, -4.44837760925, -4.63165092468, 8.86026191711, 5.76838541031, 4.000436306, 11.7998342514, 29.4087734222, 56.6548652649, 27.1718635559, 6.3703494072], [23.220375061, 21.7409591675, -4.47348642349, 20.285402298, 7.40797138214, 8.72415351868, 8.05451583862, 4.30362224579, 6.79799032211, 12.4034013748, 27.1718635559, 51.2503700256, 25.0345249176], [13.6420507431, 10.8927154541, -15.1632900238, 34.4892997742, 11.5854740143, 13.9813499451, 4.27407026291, 4.13180065155, 3.24693131447, 4.49091911316, 6.3703494072, 25.0345249176, 49.8580245972]]}, "silence_rate_20dB": {"mean": 1, "dvar": 0, "min": 1, "dmean": 0, "dmean2": 0, "dvar2": 0, "max": 1, "median": 1, "var": 0}, "dynamic_complexity": 2.68135261536, "silence_rate_60dB": {"mean": 0.0313158929348, "dvar": 0.00171519990545, "min": 0, "dmean": 0.00171821308322, "dmean2": 0.00343669462018, "dvar2": 0.00373694510199, "max": 1, "median": 0, "var": 0.0303350239992}, "dissonance": {"mean": 0.481281876564, "dvar": 8.98465805221e-05, "min": 0.3072527349, "dmean": 0.00967913679779, "dmean2": 0.0163978096098, "dvar2": 0.000249566917773, "max": 0.500000059605, "median": 0.485274612904, "var": 0.000243708665948}, "barkbands": {"mean": [0.000177090027137, 0.00786898750812, 0.00433064997196, 0.0045828637667, 0.00586878508329, 0.000744913180824, 0.000612947216723, 0.00044690008508, 0.00071192975156, 0.00030549330404, 0.000242515845457, 0.000334500306053, 0.00027196269366, 0.000280136388028, 0.000369913730538, 0.000518081942573, 0.00038208992919, 0.00026721204631, 0.000312153628329, 0.000288778886897, 0.000122498866403, 7.89471305325e-05, 4.90344609716e-05, 4.53012144135e-05, 4.38847091573e-05, 3.09305178234e-05, 1.08854301288e-05], "dvar": [4.45609735777e-08, 4.07552070101e-05, 3.29164759023e-05, 4.19797652285e-05, 0.000146414531628, 1.25019062125e-06, 1.18096954793e-06, 3.05106823362e-07, 4.96773395753e-07, 1.24006930946e-07, 6.83450238625e-08, 1.18021453943e-07, 9.50233030039e-08, 9.48498382058e-08, 8.73417107528e-08, 7.53213527105e-08, 3.13039443256e-08, 1.52816319599e-08, 1.94731022418e-08, 2.57886192401e-08, 4.1300505238e-09, 3.02575187128e-09, 1.30262245435e-09, 1.80934012217e-09, 1.77885428609e-09, 2.32654207011e-09, 7.5083544937e-10], "min": [1.33983607131e-23, 4.00431948605e-23, 2.31663330532e-23, 4.86008179138e-23, 4.48694868994e-23, 1.62872513895e-23, 2.22204478071e-23, 3.04710651287e-23, 1.98298338639e-22, 9.26376337288e-23, 9.41075214089e-23, 1.62992799406e-22, 1.7088063853e-22, 9.60314521826e-23, 9.6009824772e-23, 2.5256024329e-22, 4.32331369465e-22, 1.73523751703e-22, 2.53796192691e-22, 2.79058951999e-22, 4.27657576861e-22, 7.75843412864e-22, 6.08260225539e-22, 9.68556805621e-22, 9.6058640747e-22, 1.61684113243e-21, 1.7094937419e-21], "dmean": [0.000142879434861, 0.00443725753576, 0.00303674000315, 0.00386145920493, 0.00551598379388, 0.00057524885051, 0.000536801642738, 0.000289454765152, 0.000378466589609, 0.000173187610926, 0.000151228392497, 0.000195447035367, 0.00014959735563, 0.000152547348989, 0.00018793939671, 0.000248563010246, 0.000164325538208, 0.000116691975563, 0.000119055803225, 0.0001148613228, 4.82977739011e-05, 3.35974873451e-05, 2.33538339671e-05, 2.49556505878e-05, 2.47066673182e-05, 2.18455497816e-05, 1.05253675429e-05], "dmean2": [0.000252287980402, 0.00725544383749, 0.00517983874306, 0.00611489731818, 0.00925143808126, 0.000977731426246, 0.000915948185138, 0.000472510844702, 0.000585124653298, 0.000275140308077, 0.000248600757914, 0.000318130769301, 0.000242489346419, 0.000242969792453, 0.000304311892251, 0.000410844862927, 0.000274460267974, 0.000192422303371, 0.000197354456759, 0.000182120318641, 7.46240475564e-05, 5.03984156239e-05, 3.35301847372e-05, 3.54450021405e-05, 3.35518161592e-05, 3.06671754515e-05, 1.61725092767e-05], "dvar2": [1.22001267755e-07, 0.000103204081825, 9.51338806772e-05, 8.66827249411e-05, 0.000388811517041, 3.33911043526e-06, 3.00972624245e-06, 6.93455831424e-07, 1.05940284811e-06, 2.70290854587e-07, 1.67154652786e-07, 2.88875241949e-07, 2.13937767057e-07, 2.34790036302e-07, 2.04425688821e-07, 2.0447620841e-07, 8.68389449238e-08, 3.98800530377e-08, 5.3758355989e-08, 6.31648191529e-08, 9.41266264931e-09, 6.26229601508e-09, 2.64094235369e-09, 3.93389942843e-09, 3.63475560761e-09, 5.3462780869e-09, 1.90313431681e-09], "max": [0.00527858640999, 0.0937578603625, 0.0830506235361, 0.0685083642602, 0.112004108727, 0.015965051949, 0.0144900847226, 0.0133307930082, 0.014176226221, 0.00848278775811, 0.00658988440409, 0.0104609560221, 0.0108462497592, 0.00969629362226, 0.0113562690094, 0.00390769634396, 0.00247972086072, 0.00225598877296, 0.00243717618287, 0.00577713921666, 0.00111207424197, 0.00210181367584, 0.000766158220358, 0.00111827417277, 0.000795370142441, 0.000894034921657, 0.000491088721901], "median": [9.32275142986e-05, 0.0070620579645, 0.00279626902193, 0.00201225327328, 0.00253219227307, 0.000364445179002, 0.000226059783017, 0.000146543417941, 0.000272758014034, 0.000120110125863, 0.000136903356179, 0.000203513365705, 0.000141617376357, 0.000152183696628, 0.000239036147832, 0.00043320748955, 0.000324459484546, 0.000229185534408, 0.000271157477982, 0.000228166900342, 9.94580404949e-05, 5.3217067034e-05, 2.97973383567e-05, 2.51283599937e-05, 2.1286199626e-05, 1.14966787805e-05, 2.05148216992e-06], "var": [6.90209915888e-08, 5.88115290157e-05, 3.29385838995e-05, 5.34936989425e-05, 0.000121800287161, 1.37913423259e-06, 1.19911112506e-06, 8.02782892606e-07, 1.57629631303e-06, 3.85258147162e-07, 1.34882455427e-07, 2.49492273952e-07, 2.49463255386e-07, 2.24695384077e-07, 2.37370500145e-07, 1.44450822859e-07, 7.80601894235e-08, 3.32792922109e-08, 5.7180905344e-08, 6.29824654652e-08, 1.06445856574e-08, 9.68638769194e-09, 3.46668183049e-09, 3.4717335673e-09, 3.7013541121e-09, 2.98860913794e-09, 7.01137536918e-10]}, "spectral_complexity": {"mean": 21.7158927917, "dvar": 10.9764986038, "min": 0, "dmean": 3.66135573387, "dmean2": 5.51745700836, "dvar2": 22.2511425018, "max": 52, "median": 22, "var": 74.3544921875}, "spectral_energyband_high": {"mean": 0.000498634006362, "dvar": 8.36924343162e-08, "min": 7.116961824e-21, "dmean": 0.000194217034732, "dmean2": 0.000268130301265, "dvar2": 1.67517328009e-07, "max": 0.0052202809602, "median": 0.000373396323994, "var": 2.26353677135e-07}, "hfc": {"mean": 14.607383728, "dvar": 38.9254493713, "min": 1.01853938432e-16, "dmean": 4.22750139236, "dmean2": 6.07863807678, "dvar2": 81.7194671631, "max": 72.0309906006, "median": 12.5594863892, "var": 89.8168029785}, "melbands_kurtosis": {"mean": 21.1866283417, "dvar": 707.94909668, "min": -1.52865898609, "dmean": 10.1945781708, "dmean2": 16.2952270508, "dvar2": 1189.33129883, "max": 2704.3190918, "median": 15.2555980682, "var": 1871.19299316}, "spectral_strongpeak": {"mean": 0.413935869932, "dvar": 0.18143479526, "min": 0, "dmean": 0.260304182768, "dmean2": 0.436305105686, "dvar2": 0.434773206711, "max": 6.08331108093, "median": 0.258854806423, "var": 0.212828189135}, "silence_rate_30dB": {"mean": 0.996095299721, "dvar": 0.00759609648958, "min": 0, "dmean": 0.00765385804698, "dmean2": 0.0153089119121, "dvar2": 0.0225703641772, "max": 1, "median": 1, "var": 0.00388949154876}, "melbands_spread": {"mean": 18.4238681793, "dvar": 52.2343521118, "min": 0.318168491125, "dmean": 6.41237545013, "dmean2": 10.2832250595, "dvar2": 124.926971436, "max": 124.600212097, "median": 16.4255256653, "var": 126.350280762}, "melbands_crest": {"mean": 15.3450450897, "dvar": 7.40069532394, "min": 2.3687376976, "dmean": 3.24964761734, "dmean2": 5.3882188797, "dvar2": 19.5669364929, "max": 39.6528549194, "median": 15.078245163, "var": 15.6383638382}, "average_loudness": 0.973035573959, "spectral_flux": {"mean": 0.0887058600783, "dvar": 0.0016490330454, "min": 1.01495555016e-10, "dmean": 0.0309981647879, "dmean2": 0.0511201880872, "dvar2": 0.0039325854741, "max": 0.360331863165, "median": 0.0748934969306, "var": 0.00259085628204}, "spectral_rolloff": {"mean": 1013.81945801, "dvar": 337125.5625, "min": 21.533203125, "dmean": 471.437683105, "dmean2": 795.233520508, "dvar2": 756788.875, "max": 18130.9570312, "median": 753.662109375, "var": 699285.9375}, "melbands": {"mean": [0.00221053999849, 0.00232375180349, 0.00239330600016, 0.00155043788254, 0.000255316699622, 0.000153707253048, 0.000127749357489, 0.000102373669506, 9.22426697798e-05, 9.05827037059e-05, 6.46014086669e-05, 4.15796166635e-05, 3.74078917957e-05, 3.69027075067e-05, 3.34798387485e-05, 2.56641596934e-05, 2.54844162555e-05, 2.25873372983e-05, 2.70876225841e-05, 3.05412468151e-05, 3.7917157897e-05, 2.2890881155e-05, 1.62792712217e-05, 1.25621500047e-05, 1.24451034935e-05, 1.28959172798e-05, 1.166860784e-05, 7.68566314946e-06, 4.3430372898e-06, 2.83509484689e-06, 2.33188256971e-06, 1.84211023679e-06, 1.26949498735e-06, 8.53848234783e-07, 8.02968656899e-07, 7.26083499103e-07, 5.97041093897e-07, 5.49212359147e-07, 4.00357379249e-07, 3.68860696653e-07], "dvar": [2.97699421026e-06, 4.89529429615e-06, 8.99973383639e-06, 9.86819395621e-06, 1.20767410294e-07, 6.67501325324e-08, 5.35986828254e-08, 1.561208407e-08, 1.09177369367e-08, 8.86509177178e-09, 4.75322492477e-09, 1.91942284289e-09, 1.35530653367e-09, 1.51773471568e-09, 1.59661150967e-09, 8.37338920423e-10, 9.09466779664e-10, 5.83092518713e-10, 5.17864306993e-10, 3.59929086535e-10, 5.31659771763e-10, 1.30810459686e-10, 8.45788439285e-11, 4.55475691885e-11, 3.34519426048e-11, 4.09157395465e-11, 7.23646351175e-11, 1.98199807261e-11, 7.29726869209e-12, 3.04151907653e-12, 2.42354422121e-12, 1.89200499885e-12, 1.21190872008e-12, 4.64353490555e-13, 4.31324030312e-13, 3.4523046314e-13, 3.74157925779e-13, 3.91365108723e-13, 1.46131397998e-13, 1.55763694044e-13], "min": [1.06874181242e-23, 1.44832574502e-23, 2.04237981628e-23, 1.04212761763e-23, 4.05125316004e-24, 3.3715575879e-24, 4.58603143402e-24, 6.18614190581e-24, 1.71921348012e-23, 2.92761301839e-23, 1.16872125468e-23, 1.23647423014e-23, 1.56595626559e-23, 2.09801707152e-23, 1.08595057641e-23, 2.09830437466e-23, 9.32123252091e-24, 7.6407387006e-24, 8.35118604298e-24, 1.05473448264e-23, 2.10679157137e-23, 2.34735470441e-23, 1.79405302975e-23, 8.21011720274e-24, 8.39617793585e-24, 9.40830935421e-24, 8.76513685869e-24, 8.61040258099e-24, 9.29973369466e-24, 1.04039646237e-23, 1.52160429668e-23, 1.62181534851e-23, 1.46152559677e-23, 9.90116677083e-24, 6.0085661606e-24, 1.24427172575e-23, 1.21524953305e-23, 1.10217152877e-23, 1.41172859436e-23, 8.03222039114e-24], "dmean": [0.00117898185272, 0.00135179539211, 0.00177658593748, 0.00144948379602, 0.0002008122392, 0.000126407583593, 0.000111648078018, 7.21236647223e-05, 5.44139766134e-05, 4.92293256684e-05, 3.54778421752e-05, 2.22968083108e-05, 2.21287646127e-05, 2.25085059355e-05, 1.83655083674e-05, 1.40771180668e-05, 1.43475235745e-05, 1.19898313642e-05, 1.39400081025e-05, 1.48426215674e-05, 1.99082369363e-05, 1.03049742393e-05, 7.71683153289e-06, 6.19178990746e-06, 5.12863698532e-06, 5.26527901457e-06, 5.15794545208e-06, 3.306088729e-06, 1.90713274151e-06, 1.24931318624e-06, 1.08840504254e-06, 8.51310289818e-07, 6.09019195963e-07, 4.17571499156e-07, 4.15450017499e-07, 3.7703784983e-07, 3.38059606975e-07, 3.42920088769e-07, 2.25565287337e-07, 2.21956213409e-07], "dmean2": [0.00190429983195, 0.00227991212159, 0.00281229685061, 0.00240851193666, 0.00034102803329, 0.000215095700696, 0.000190508362721, 0.000120863172924, 8.70803633006e-05, 7.67018136685e-05, 5.4825519328e-05, 3.54218791472e-05, 3.63050676242e-05, 3.66989625036e-05, 3.02717362501e-05, 2.27038290177e-05, 2.29746128753e-05, 1.9235720174e-05, 2.26983811444e-05, 2.43223166763e-05, 3.32851814164e-05, 1.73208154592e-05, 1.30205798996e-05, 1.03324382508e-05, 8.50066771818e-06, 8.82609674591e-06, 8.32422119856e-06, 5.29782209924e-06, 3.0690089261e-06, 1.99292708203e-06, 1.69148211171e-06, 1.31455715291e-06, 9.24333448893e-07, 6.24017332029e-07, 6.15279873273e-07, 5.58522515348e-07, 4.95278356993e-07, 5.08913217345e-07, 3.3145019529e-07, 3.2430199326e-07], "dvar2": [7.27949418433e-06, 1.37603019539e-05, 1.92713941942e-05, 2.58542113443e-05, 3.20372919305e-07, 1.78531692541e-07, 1.38178805287e-07, 3.82052647296e-08, 2.53079530665e-08, 1.91489313295e-08, 9.90922366384e-09, 4.27347757181e-09, 3.33901661875e-09, 3.66698471588e-09, 3.96566335326e-09, 1.86930115831e-09, 2.29110863614e-09, 1.35522681965e-09, 1.17805165623e-09, 8.87635354108e-10, 1.45917233851e-09, 3.63134855519e-10, 2.37894703936e-10, 1.21636561934e-10, 8.95470364526e-11, 1.16362496028e-10, 1.85972126587e-10, 4.9839739974e-11, 1.82215683514e-11, 7.28252007309e-12, 5.59009262491e-12, 4.34414266712e-12, 2.48388874573e-12, 9.96245512301e-13, 9.21313481235e-13, 7.50484635374e-13, 8.65589175857e-13, 8.91503776183e-13, 3.35968286611e-13, 3.52045947732e-13], "max": [0.0253903735429, 0.0291606672108, 0.0272703822702, 0.0286427941173, 0.00445324135944, 0.0034786791075, 0.00268595130183, 0.00215153256431, 0.00179693847895, 0.00194082525559, 0.00182823336218, 0.00133332051337, 0.000967244617641, 0.00122975057457, 0.00141021574382, 0.00114127446432, 0.00104324554559, 0.000873051409144, 0.00126726715825, 0.000382059253752, 0.000340921862517, 0.000189538492123, 0.000121087650768, 8.82942695171e-05, 7.5986252341e-05, 0.000137842944241, 0.000374923372874, 8.04615410743e-05, 6.09654089203e-05, 2.91920896416e-05, 2.91220039799e-05, 4.57359237771e-05, 4.88577788929e-05, 1.61918669619e-05, 1.3642515114e-05, 1.04065911728e-05, 2.10841280932e-05, 1.43793467942e-05, 6.12190024185e-06, 9.23335846892e-06], "median": [0.00192735961173, 0.0018105674535, 0.0012566933874, 0.000665331026539, 0.000140568896313, 6.94441114319e-05, 5.12007827638e-05, 3.80850651709e-05, 3.22262203554e-05, 3.58760808012e-05, 2.67753966909e-05, 1.92348888959e-05, 2.26598458539e-05, 2.17570377572e-05, 1.74073320522e-05, 1.46904358189e-05, 1.40626952998e-05, 1.27951225295e-05, 1.7823473172e-05, 2.28075114137e-05, 3.0699546187e-05, 1.92372099264e-05, 1.31931510623e-05, 1.03305392258e-05, 1.05849594547e-05, 1.09104748844e-05, 8.56148471939e-06, 6.06248795521e-06, 3.53107839146e-06, 2.20685342356e-06, 1.68200779171e-06, 1.23591632928e-06, 7.89505349985e-07, 5.19371951668e-07, 4.69707288175e-07, 4.23627597002e-07, 3.29589937564e-07, 2.79385091062e-07, 2.19190141593e-07, 1.86564193427e-07], "var": [4.58761314803e-06, 5.73136458115e-06, 1.10547643999e-05, 8.48067338666e-06, 1.26564486891e-07, 6.66667290261e-08, 5.18293639118e-08, 2.72437290505e-08, 2.93760624714e-08, 2.56665835252e-08, 1.47252778859e-08, 5.96785953988e-09, 2.77805045634e-09, 2.981739744e-09, 4.60481075493e-09, 1.76950276654e-09, 1.85344817272e-09, 1.49644230341e-09, 1.41188594149e-09, 9.05267749651e-10, 8.99507968111e-10, 2.88677498572e-10, 1.69827818475e-10, 8.42893740916e-11, 8.95526292011e-11, 1.04845160331e-10, 1.36356620439e-10, 4.65089529389e-11, 1.52130478354e-11, 6.66247742739e-12, 5.18009420081e-12, 4.73645905483e-12, 3.67540459872e-12, 1.14041989827e-12, 1.00153837047e-12, 7.820730283e-13, 6.49954103125e-13, 6.33041470806e-13, 2.76516467059e-13, 2.57747084309e-13]}, "spectral_energy": {"mean": 0.0292994566262, "dvar": 0.000391228590161, "min": 1.03013470728e-20, "dmean": 0.0130836861208, "dmean2": 0.020909583196, "dvar2": 0.000947946915403, "max": 0.184940293431, "median": 0.023478673771, "var": 0.000504097144585}, "spectral_decrease": {"mean": -7.41197725418e-09, "dvar": 2.60924760545e-17, "min": -4.78622403932e-08, "dmean": 3.3888394313e-09, "dmean2": 5.43009193166e-09, "dvar2": 6.34475389271e-17, "max": -2.81620622788e-28, "median": -5.89403859053e-09, "var": 3.33579177032e-17}, "erbbands_spread": {"mean": 48.1372108459, "dvar": 60.6460151672, "min": 1.19985353947, "dmean": 8.75363349915, "dmean2": 13.6694583893, "dvar2": 136.604309082, "max": 170.201705933, "median": 47.625705719, "var": 215.794204712}, "spectral_contrast_coeffs": {"mean": [-0.646634459496, -0.781843483448, -0.800936222076, -0.797619700432, -0.798224806786, -0.762289226055], "dvar": [0.00362886791117, 0.00137713144068, 0.000728562183212, 0.000442198041128, 0.00020254291303, 0.000176386616658], "min": [-0.956694960594, -0.960123479366, -0.961489975452, -0.96569019556, -0.952057480812, -0.959826231003], "dmean": [0.0664029195905, 0.0467484183609, 0.0343440547585, 0.0273004099727, 0.0183987505734, 0.0157426316291], "dmean2": [0.107991702855, 0.0789884850383, 0.056592233479, 0.0455424338579, 0.0308234449476, 0.0246149618179], "dvar2": [0.00842122454196, 0.00387002038769, 0.00193485303316, 0.00121338188183, 0.000560731627047, 0.000401801051339], "max": [-0.242431238294, -0.539646208286, -0.538765609264, -0.605564653873, -0.669317722321, -0.662858903408], "median": [-0.662629783154, -0.788730740547, -0.809731245041, -0.800522506237, -0.797635018826, -0.762091219425], "var": [0.00800152588636, 0.00360388075933, 0.00307500292547, 0.00155184674077, 0.000808432756457, 0.00106484501157]}, "spectral_energyband_middle_high": {"mean": 0.00342662655748, "dvar": 8.0120128132e-07, "min": 1.90950080374e-21, "dmean": 0.000799431407358, "dmean2": 0.00121888786089, "dvar2": 1.74131071162e-06, "max": 0.0180309414864, "median": 0.00305094313808, "var": 4.66686697109e-06}, "erbbands_crest": {"mean": 7.13356113434, "dvar": 3.80984854698, "min": 2.19049811363, "dmean": 2.12050938606, "dmean2": 3.50856184959, "dvar2": 9.61255645752, "max": 28.1150436401, "median": 6.24324417114, "var": 11.1997423172}, "barkbands_crest": {"mean": 10.8964967728, "dvar": 6.33142518997, "min": 2.59728908539, "dmean": 2.86265826225, "dmean2": 4.77072000504, "dvar2": 17.0613937378, "max": 25.2981567383, "median": 10.534368515, "var": 11.8118810654}, "pitch_salience": {"mean": 0.546484589577, "dvar": 0.00451123155653, "min": 0.0413647592068, "dmean": 0.076621465385, "dmean2": 0.12775889039, "dvar2": 0.012269361876, "max": 0.812543332577, "median": 0.553307890892, "var": 0.00784307811409}, "melbands_skewness": {"mean": 3.80828118324, "dvar": 0.816312909126, "min": -0.0125741036609, "dmean": 0.873984992504, "dmean2": 1.37788939476, "dvar2": 1.81518089771, "max": 49.370174408, "median": 3.66752004623, "var": 2.7477684021}, "spectral_spread": {"mean": 4315382.5, "dvar": 274230214656, "min": 343737, "dmean": 435045.375, "dmean2": 600994.625, "dvar2": 464275996672, "max": 39839284, "median": 4184496.25, "var": 1261722796030.0}, "spectral_entropy": {"mean": 7.71330308914, "dvar": 0.0139311710373, "min": 3.63093829155, "dmean": 0.115763254464, "dmean2": 0.184576839209, "dvar2": 0.0345835573971, "max": 9.7895860672, "median": 7.76645851135, "var": 0.0927684977651}, "erbbands_flatness_db": {"mean": 0.122770242393, "dvar": 0.000162163734785, "min": 0.0216152258217, "dmean": 0.0133079430088, "dmean2": 0.0193663667887, "dvar2": 0.000332928291755, "max": 0.524235963821, "median": 0.119012281299, "var": 0.00097127771005}, "spectral_kurtosis": {"mean": 4.68324613571, "dvar": 18.4498786926, "min": -1.17324006557, "dmean": 1.15893936157, "dmean2": 2.00474691391, "dvar2": 49.5003433228, "max": 337.034851074, "median": 4.18644952774, "var": 59.4759292603}, "erbbands_skewness": {"mean": -0.29398983717, "dvar": 0.105956487358, "min": -3.02229785919, "dmean": 0.338555365801, "dmean2": 0.524735212326, "dvar2": 0.245856642723, "max": 6.20450115204, "median": -0.3734985888, "var": 0.481111854315}, "erbbands_kurtosis": {"mean": -0.168042898178, "dvar": 1.03586268425, "min": -1.70943582058, "dmean": 0.643019258976, "dmean2": 1.04903137684, "dvar2": 2.70035719872, "max": 67.9970474243, "median": -0.52629160881, "var": 4.36454343796}, "barkbands_spread": {"mean": 23.2972126007, "dvar": 33.5525016785, "min": 0.627208471298, "dmean": 6.06722307205, "dmean2": 9.74507331848, "dvar2": 82.9159088135, "max": 75.2607727051, "median": 23.1474227905, "var": 105.024909973}, "zerocrossingrate": {"mean": 0.0536784864962, "dvar": 7.99118497525e-05, "min": 0.00244140625, "dmean": 0.008669661358, "dmean2": 0.0113102532923, "dvar2": 0.000136234550155, "max": 0.46044921875, "median": 0.05224609375, "var": 0.000461675750557}, "spectral_centroid": {"mean": 1453.7755127, "dvar": 86883.53125, "min": 135.961380005, "dmean": 306.332366943, "dmean2": 488.914794922, "dvar2": 192132.0625, "max": 11240.0322266, "median": 1472.99914551, "var": 275095.15625}, "barkbands_skewness": {"mean": 2.05915737152, "dvar": 0.393522381783, "min": -1.49089694023, "dmean": 0.616068303585, "dmean2": 0.9778252244, "dvar2": 0.985330939293, "max": 15.6814241409, "median": 1.88658928871, "var": 1.21104741096}, "melbands_flatness_db": {"mean": 0.212499395013, "dvar": 0.000580877996981, "min": 0.00753719033673, "dmean": 0.0267621874809, "dmean2": 0.0423549264669, "dvar2": 0.00144631369039, "max": 0.917670488358, "median": 0.206263169646, "var": 0.00327316694893}, "spectral_contrast_valleys": {"mean": [-6.78553438187, -6.93675708771, -7.40396022797, -7.53029108047, -7.19427490234, -10.2275543213], "dvar": [0.11537694186, 0.157215610147, 0.0783366709948, 0.0427408181131, 0.0332876443863, 0.0838104486465], "min": [-27.1664638519, -27.175617218, -27.924747467, -27.1765727997, -27.5864620209, -27.248632431], "dmean": [0.399774372578, 0.414492368698, 0.303310275078, 0.227509588003, 0.172272652388, 0.277985036373], "dmean2": [0.672437310219, 0.687011301517, 0.495409429073, 0.367832750082, 0.258767515421, 0.33034580946], "dvar2": [0.295676529408, 0.367435842752, 0.171864569187, 0.0865631252527, 0.0537579655647, 0.123564913869], "max": [-5.05610370636, -4.8152256012, -5.44042873383, -6.09222221375, -5.89139413834, -8.33410453796], "median": [-6.53070211411, -6.83047866821, -7.21334695816, -7.33447122574, -6.94082069397, -10.0127401352], "var": [1.51087725163, 1.49060428143, 1.65289211273, 1.55608618259, 1.54487776756, 1.47897899151]}, "barkbands_flatness_db": {"mean": 0.124679431319, "dvar": 0.000392615474993, "min": 0.0167304184288, "dmean": 0.0219486318529, "dmean2": 0.0347272530198, "dvar2": 0.0010096100159, "max": 0.732991576195, "median": 0.117559455335, "var": 0.00230993051082}, "barkbands_kurtosis": {"mean": 5.2130641937