{"tonal": {"chords_number_rate": 0.00224489788525, "thpcp": [1, 0.624883174896, 0.27909347415, 0.232260346413, 0.221845075488, 0.329659044743, 0.397247254848, 0.338800787926, 0.491065680981, 0.710262537003, 0.6071870327, 0.421452969313, 0.309089481831, 0.43961456418, 0.722154557705, 0.66399294138, 0.409324526787, 0.250371575356, 0.190565735102, 0.204785764217, 0.393040388823, 0.55346506834, 0.417334407568, 0.249748766422, 0.212753027678, 0.231252893806, 0.293927669525, 0.391145259142, 0.40090456605, 0.438469916582, 0.573527634144, 0.511822342873, 0.336013227701, 0.266272604465, 0.309483230114, 0.706289887428], "hpcp": {"dvar": [0.0283813513815, 0.0298084355891, 0.031227266416, 0.0412301979959, 0.0428912676871, 0.0438869334757, 0.0446497425437, 0.0437847189605, 0.0423108041286, 0.0338340215385, 0.0308950208127, 0.0405162461102, 0.0489732921124, 0.0384093895555, 0.0323883593082, 0.0252402517945, 0.0262356232852, 0.0316283069551, 0.0343661047518, 0.0316885598004, 0.0410198159516, 0.0494704060256, 0.0441755577922, 0.0470231994987, 0.0340723246336, 0.0281345285475, 0.0339497327805, 0.0344770811498, 0.0337488092482, 0.0322713330388, 0.0245754346251, 0.0235292669386, 0.0305592361838, 0.0421201847494, 0.0374912843108, 0.0331932380795], "mean": [0.0658682137728, 0.0715957656503, 0.0909998342395, 0.121098347008, 0.124119825661, 0.135750040412, 0.17756383121, 0.15845990181, 0.104029498994, 0.0824378430843, 0.0958158299327, 0.218666940928, 0.309599429369, 0.193463474512, 0.0864071846008, 0.0719076693058, 0.0686831101775, 0.102062247694, 0.122987523675, 0.104892529547, 0.152033656836, 0.219896882772, 0.187984749675, 0.130481600761, 0.0956939309835, 0.136104419827, 0.223578631878, 0.205571830273, 0.126726642251, 0.0775148943067, 0.058999042958, 0.0634015575051, 0.12168508023, 0.171352475882, 0.129206493497, 0.0773220732808], "min": [0, 0, 0, 0, 0, 0, 0, 0, 0, 0, 0, 0, 0, 0, 0, 0, 0, 0, 0, 0, 0, 0, 0, 0, 0, 0, 0, 0, 0, 0, 0, 0, 0, 0, 0, 0], "median": [0.0198641177267, 0.0206636693329, 0.0247175842524, 0.0246327854693, 0.0252720564604, 0.039721455425, 0.0330545194447, 0.0286062806845, 0.0261848662049, 0.0249645896256, 0.0356510952115, 0.0931233391166, 0.109694749117, 0.0775849372149, 0.0355695039034, 0.0276393871754, 0.0232397466898, 0.0260295066983, 0.0263880193233, 0.0295035280287, 0.027962833643, 0.0245320387185, 0.0336175635457, 0.0415922775865, 0.031775508076, 0.0354130789638, 0.0418240316212, 0.0454051196575, 0.0273302905262, 0.0206070262939, 0.0180035047233, 0.0234136730433, 0.0465482920408, 0.0567728281021, 0.0418444946408, 0.0238566510379], "dvar2": [0.081305205822, 0.08544177562, 0.0875915214419, 0.104290150106, 0.110747203231, 0.122753761709, 0.1105100438, 0.112585142255, 0.117778435349, 0.0935828238726, 0.0842526331544, 0.107786864042, 0.116582155228, 0.10190333426, 0.0914783328772, 0.0712508782744, 0.0756043493748, 0.0847617685795, 0.08407561481, 0.0839227885008, 0.110851444304, 0.120335407555, 0.116421170533, 0.130619779229, 0.0927320718765, 0.0771771594882, 0.0878950953484, 0.0847636461258, 0.0891992896795, 0.0895862057805, 0.0696182772517, 0.0670082420111, 0.0845550894737, 0.107146851718, 0.0987516567111, 0.093693330884], "var": [0.0209443345666, 0.0246270336211, 0.0316729471087, 0.0551662035286, 0.0554483607411, 0.0474891848862, 0.0834710150957, 0.0694109946489, 0.0363351814449, 0.0257227271795, 0.0271641351283, 0.0679748728871, 0.130459815264, 0.0567432455719, 0.0247175246477, 0.0189566500485, 0.0195260737091, 0.0390017963946, 0.0560982525349, 0.0363024733961, 0.0579846128821, 0.118798419833, 0.0817757695913, 0.0451595559716, 0.0292933937162, 0.0457769632339, 0.108514502645, 0.0950534939766, 0.0546544343233, 0.0276915635914, 0.0172801315784, 0.0171786732972, 0.0347091965377, 0.0699874907732, 0.0438860915601, 0.0251131728292], "dmean2": [0.143277749419, 0.146921038628, 0.161325469613, 0.187824100256, 0.202971741557, 0.23099219799, 0.218295887113, 0.221758723259, 0.220700860023, 0.178728103638, 0.176509261131, 0.241651296616, 0.252783030272, 0.228972032666, 0.168998464942, 0.134957566857, 0.138134866953, 0.163811221719, 0.164675250649, 0.174222841859, 0.220735803246, 0.220272794366, 0.233785837889, 0.239087939262, 0.183932572603, 0.164854437113, 0.182039394975, 0.170737832785, 0.170876562595, 0.153466507792, 0.130330041051, 0.130760923028, 0.176578462124, 0.207428842783, 0.191388189793, 0.166116520762], "max": [1, 1, 1, 1, 1, 1, 1, 1, 1, 1, 1, 1, 1, 1, 1, 1, 1, 1, 1, 1, 1, 1, 1, 1, 1, 1, 1, 1, 1, 1, 1, 1, 1, 1, 1, 1], "dmean": [0.078486315906, 0.0809862688184, 0.0908893048763, 0.107348307967, 0.114816300571, 0.131272047758, 0.127347230911, 0.127427071333, 0.121596597135, 0.0985508561134, 0.0993857756257, 0.141023173928, 0.151406079531, 0.134433701634, 0.0937979444861, 0.0753260105848, 0.0766929686069, 0.0931502729654, 0.0957127436996, 0.0993653014302, 0.126521930099, 0.129384621978, 0.135204359889, 0.135048180819, 0.103547059, 0.093737244606, 0.108350671828, 0.100367277861, 0.0986845344305, 0.0864774808288, 0.0716862678528, 0.0716346055269, 0.101191177964, 0.12075074017, 0.110235199332, 0.0920972824097]}, "key_strength": 0.667513728142, "chords_strength": {"dvar": 6.21419458184e-05, "mean": 0.532979667187, "min": 0.249774932861, "median": 0.533919692039, "dvar2": 7.43370474083e-05, "var": 0.00627733999863, "dmean2": 0.00910802558064, "max": 0.750195384026, "dmean": 0.00866940896958}, "tuning_equal_tempered_deviation": 0.0734212547541, "chords_key": "C#", "tuning_frequency": 441.272583008, "chords_scale": "minor", "chords_changes_rate": 0.0395918376744, "key_scale": "major", "tuning_diatonic_strength": 0.596123635769, "hpcp_entropy": {"dvar": 0.325126320124, "mean": 2.50979757309, "min": 0, "median": 2.50454545021, "dvar2": 0.862182080746, "var": 1.01990413666, "dmean2": 1.1023607254, "max": 4.7086315155, "dmean": 0.662519991398}, "chords_histogram": [13.3061227798, 0.571428596973, 11, 7.40816307068, 0.755102038383, 0, 1.91836738586, 0, 0.102040819824, 0.26530611515, 5.36734676361, 0.163265302777, 0.367346942425, 2.30612254143, 0, 0.326530605555, 0, 3.08163261414, 0.367346942425, 41.5102043152, 5.32653045654, 0, 2.38775515556, 3.4693877697], "tuning_nontempered_energy_ratio": 0.767186403275, "key_key": "F#"}, "metadata": {"version": {"extractor": "music 1.0", "essentia_build_sha": "2d9f1f26377add8aeb1075a9c2973f962c4f09fd", "essentia": "2.1-beta2", "essentia_git_sha": "v2.1_beta2-1-ge3940c0"}, "audio_properties": {"sample_rate": 44100, "length": 227.47428894, "lossless": false, "analysis_sample_rate": 44100, "downmix": "mix", "bit_rate": 128000, "equal_loudness": 0, "md5_encoded": "048fdbe3a70effaa845e83e8ef3e1fae", "codec": "mp3", "replay_gain": -3.6981678009}, "tags": {"genre": ["Metal", "Heavy Metal", "Hard Rock"], "catalognumber": ["1000 138932"], "musicbrainz_recordingid": ["1ef2c917-de69-4d98-92a2-37277636cacb"], "language": ["fin"], "title": ["Iäisyyskutsu"], "artist": ["Kotiteollisuus"], "discnumber": ["1/1"], "artistsort": ["Kotiteollisuus"], "musicbrainz_artistid": ["44f49e8d-125c-47d4-bab1-37a8a46c5eb9"], "isrc": ["FIJKA0200148"], "tracknumber": ["4/4"], "musicbrainz_albumartistid": ["44f49e8d-125c-47d4-bab1-37a8a46c5eb9"], "barcode": ["6417734183895"], "musicbrainz album status": ["official"], "date": ["2002-09-13"], "albumartistsort": ["Kotiteollisuus"], "media": ["CD"], "musicip_puid": ["7fa35138-2eca-4e94-b638-821bf1b9abd7"], "musicbrainz album release country": ["FI"], "label": ["Megamania"], "musicbrainz album type": ["single"], "script": ["Latn"], "musicbrainz_albumid": ["335c3ca0-ea0f-4125-8c47-8db18edda9ba"], "file_name": "04 - Iäisyyskutsu.mp3", "contentgroup": ["Metal"], "album": ["± 0"], "albumartist": ["Kotiteollisuus"]}}, "lowlevel": {"melbands": {"dvar": [1.50706091517e-05, 9.83791051112e-06, 2.1495159217e-06, 2.97589053844e-07, 1.1328445737e-07, 3.03283194114e-08, 1.34836710686e-08, 1.7124877516e-08, 1.43659653062e-08, 2.13938360361e-08, 3.58331453398e-09, 3.59919094528e-09, 1.04429513925e-08, 6.99421143224e-09, 4.37531122444e-09, 3.75391806529e-09, 1.63465807557e-09, 1.31098765177e-09, 4.6476933413e-10, 5.46386325073e-10, 7.44760864091e-10, 4.13004963562e-10, 3.11707409884e-10, 2.85518247933e-10, 4.33672209255e-10, 3.11068643066e-10, 2.23426971369e-10, 1.94397442588e-10, 1.95892024824e-10, 9.22428383676e-11, 4.9159881027e-11, 5.1532507428e-11, 4.52225097647e-11, 3.2079207346e-11, 1.88526989159e-11, 9.82273030276e-12, 4.31293369074e-12, 2.24534301742e-12, 1.2317000718e-12, 7.94853115618e-13], "mean": [0.00212932028808, 0.00446562608704, 0.00273396563716, 0.000796385109425, 0.000313720025588, 0.000137597322464, 7.12734254193e-05, 8.91555464477e-05, 9.80199547485e-05, 0.000112479865493, 5.60500047868e-05, 4.44755896751e-05, 6.86906423653e-05, 7.15166170266e-05, 6.11021314398e-05, 4.80882335978e-05, 3.94778580812e-05, 3.26120789396e-05, 2.43835511355e-05, 3.03149845422e-05, 3.57347817044e-05, 2.63457022811e-05, 2.64982409135e-05, 2.80355143332e-05, 3.32227900799e-05, 2.93004213745e-05, 2.18907516683e-05, 2.34485687542e-05, 2.18045206566e-05, 1.20005570352e-05, 7.14447196515e-06, 6.65514926368e-06, 4.91794025947e-06, 4.08416053688e-06, 3.45822263625e-06, 2.6041102501e-06, 1.87264731721e-06, 1.64784137269e-06, 1.12651468953e-06, 8.72935459029e-07], "min": [1.86072230753e-24, 1.19711545494e-24, 2.51650277247e-24, 1.49999347191e-24, 2.0926194091e-24, 1.67885949773e-24, 2.08646037759e-24, 6.52712634184e-25, 4.77455459644e-24, 3.4439012605e-24, 3.22912697652e-24, 4.42284096185e-24, 3.516432682e-24, 2.88314993843e-24, 1.79932407999e-24, 3.33282767289e-24, 2.81644977674e-24, 4.28481673027e-24, 4.99541001192e-24, 3.04914205011e-24, 3.65379742586e-24, 5.53828002664e-24, 4.83436129711e-24, 6.09871994587e-24, 4.43628315167e-24, 4.32386258407e-24, 5.43133454815e-24, 4.92408396989e-24, 3.78999150013e-24, 3.92735269411e-24, 4.73791240182e-24, 6.55202624328e-24, 6.14113423573e-24, 7.16386991681e-24, 5.94232472153e-24, 7.05416697502e-24, 5.76052738719e-24, 6.5713292752e-24, 6.46228818771e-24, 6.19589143774e-24], "median": [0.00101278768852, 0.00352784665301, 0.00198694760911, 0.000553074525669, 0.000187299679965, 6.90071246936e-05, 3.48727044184e-05, 4.11356340919e-05, 4.68224570795e-05, 3.6614947021e-05, 2.92664044537e-05, 2.52416884905e-05, 2.66407623712e-05, 3.36515986419e-05, 2.82156379399e-05, 2.24524046644e-05, 2.26914526138e-05, 2.05865762837e-05, 1.73139669641e-05, 2.13730309042e-05, 2.3446898922e-05, 1.71600913745e-05, 1.94949025172e-05, 1.87388777704e-05, 2.28142034757e-05, 2.09522113437e-05, 1.58011389431e-05, 1.341137704e-05, 1.00494253275e-05, 6.25663960818e-06, 3.62711080015e-06, 2.60154706666e-06, 1.56246915139e-06, 1.38829102525e-06, 1.21465245684e-06, 9.97762640509e-07, 7.71391967191e-07, 6.95502421877e-07, 5.41158101441e-07, 4.27927375313e-07], "dvar2": [3.81488753192e-05, 2.6755124054e-05, 4.83923349748e-06, 7.34892523724e-07, 3.12644573341e-07, 8.10053748523e-08, 3.6065625153e-08, 4.40501786159e-08, 3.62434526835e-08, 5.19295930701e-08, 8.66433413904e-09, 9.90329507289e-09, 2.65615440753e-08, 1.85028969923e-08, 9.94059679016e-09, 9.38526856231e-09, 4.16801082537e-09, 3.39509953484e-09, 1.17568887958e-09, 1.47484136015e-09, 2.04000194515e-09, 1.06174069536e-09, 8.41436142984e-10, 7.9918216489e-10, 1.18490461887e-09, 8.73781269561e-10, 6.01397376343e-10, 5.29899568669e-10, 5.55304691119e-10, 2.54189669313e-10, 1.32444930023e-10, 1.35425476389e-10, 1.10266865083e-10, 7.02021357712e-11, 4.09721596928e-11, 2.36808246623e-11, 1.06501691147e-11, 5.60960522825e-12, 3.03800604465e-12, 2.03356645759e-12], "var": [1.49108036567e-05, 1.97696954274e-05, 9.20060210774e-06, 8.29611565223e-07, 1.87593514056e-07, 5.28665751176e-08, 1.7902216598e-08, 3.09282839339e-08, 2.78500280615e-08, 4.88474434235e-08, 9.08540620514e-09, 4.47482850774e-09, 2.32862031879e-08, 1.5843657053e-08, 1.16352545376e-08, 7.26473547985e-09, 3.078567401e-09, 2.30892638342e-09, 9.45657885332e-10, 1.20410026394e-09, 1.73552971994e-09, 1.08756592621e-09, 7.81255282689e-10, 8.68633720508e-10, 1.24880517038e-09, 9.22141307758e-10, 5.7670335174e-10, 6.75923428339e-10, 6.08536498969e-10, 2.08940698077e-10, 8.88656856435e-11, 9.03439614786e-11, 8.82515033274e-11, 8.2103150667e-11, 5.08256978171e-11, 2.43218830492e-11, 9.84671285481e-12, 6.17939033276e-12, 3.1930222355e-12, 1.81167580937e-12], "dmean2": [0.0024218368344, 0.00317165674642, 0.00154032604769, 0.000549751741346, 0.000284904293949, 0.000140959775308, 7.85404627095e-05, 9.35073112487e-05, 9.71006084001e-05, 0.000105330473161, 4.96427273902e-05, 4.92537583341e-05, 6.49488720228e-05, 6.28443813184e-05, 5.35499311809e-05, 4.50136612926e-05, 3.74068731617e-05, 3.02766457025e-05, 2.14339488593e-05, 2.51502387982e-05, 2.86229151243e-05, 2.0255036361e-05, 2.03532908927e-05, 2.04315329029e-05, 2.41695015575e-05, 2.09684385482e-05, 1.5741929019e-05, 1.55406705744e-05, 1.52736884047e-05, 9.36683409236e-06, 6.17373962086e-06, 5.82004940952e-06, 4.53278562418e-06, 3.73126158593e-06, 2.8870749702e-06, 2.12884015127e-06, 1.54946508246e-06, 1.24887571928e-06, 8.56336555444e-07, 7.18404464806e-07], "max": [0.037397839129, 0.0330973677337, 0.0281678885221, 0.0101675549522, 0.00629921536893, 0.00359005643986, 0.00217128614895, 0.00267342175357, 0.00244670989923, 0.00272838911042, 0.00229980610311, 0.00100134965032, 0.00172569730785, 0.00165436626412, 0.00188132189214, 0.00174688850529, 0.000717745104339, 0.000958823016845, 0.000768639787566, 0.000517687585671, 0.000544170383364, 0.000319424492773, 0.00029906805139, 0.000201138609555, 0.000378089491278, 0.000242484442424, 0.000343884690665, 0.000313344877213, 0.000166370431543, 0.000134388130391, 0.00014410050062, 0.000183270793059, 0.000260434433585, 0.000189243044588, 0.000122444631415, 9.36675496632e-05, 5.68338873563e-05, 3.73917791876e-05, 3.05220528389e-05, 2.05099877348e-05], "dmean": [0.00150139711332, 0.00198956253007, 0.00103815970942, 0.000350869377144, 0.000173532447661, 8.48563358886e-05, 4.7026303946e-05, 5.64323599974e-05, 5.87958238611e-05, 6.54775794828e-05, 3.05258508888e-05, 2.88239098154e-05, 4.00186836487e-05, 3.89631095459e-05, 3.35856384481e-05, 2.7797450457e-05, 2.2712016289e-05, 1.8320610252e-05, 1.28855390358e-05, 1.51043232108e-05, 1.71380070242e-05, 1.2398409126e-05, 1.22942019516e-05, 1.23658228404e-05, 1.45447911564e-05, 1.26486193039e-05, 9.50840421865e-06, 9.37432469073e-06, 9.04728312889e-06, 5.53912877876e-06, 3.63155390914e-06, 3.43819692716e-06, 2.70132090918e-06, 2.27493273997e-06, 1.80658878435e-06, 1.31523495384e-06, 9.39765243402e-07, 7.60030502533e-07, 5.31002342541e-07, 4.42513652388e-07]}, "spectral_decrease": {"dvar": 1.47848227823e-17, "mean": -8.96115270876e-09, "min": -4.55210766859e-08, "median": -9.07783181958e-09, "dvar2": 3.72505734176e-17, "var": 4.57832392211e-17, "dmean2": 3.9018273057e-09, "max": 1.77677572207e-27, "dmean": 2.48393949853e-09}, "spectral_rolloff": {"dvar": 535344, "mean": 1600.53796387, "min": 64.599609375, "median": 1098.19335938, "dvar2": 1213947.25, "var": 2923789.5, "dmean2": 816.137023926, "max": 19422.9492188, "dmean": 499.279022217}, "melbands_crest": {"dvar": 8.18307113647, "mean": 16.4515781403, "min": 1.59415769577, "median": 16.2030792236, "dvar2": 21.424489975, "var": 24.6759929657, "dmean2": 4.87738800049, "max": 33.6849098206, "dmean": 3.05707192421}, "barkbands_skewness": {"dvar": 0.319125831127, "mean": 1.70892679691, "min": -2.48217606544, "median": 1.39869201183, "dvar2": 0.707909822464, "var": 1.87704217434, "dmean2": 0.78133648634, "max": 9.70745563507, "dmean": 0.518373250961}, "spectral_centroid": {"dvar": 65232.0195313, "mean": 1672.75427246, "min": 158.021697998, "median": 1827.171875, "dvar2": 128603.164063, "var": 1005255.5, "dmean2": 328.897003174, "max": 11653.5058594, "dmean": 223.653182983}, "spectral_energyband_middle_low": {"dvar": 2.08915007534e-05, "mean": 0.0108210965991, "min": 1.89054580148e-22, "median": 0.00926196575165, "dvar2": 5.01720860484e-05, "var": 9.54354545684e-05, "dmean2": 0.00504572084174, "max": 0.0859334021807, "dmean": 0.00330268708058}, "erbbands_crest": {"dvar": 2.88701963425, "mean": 7.77380609512, "min": 2.40655612946, "median": 6.07259368896, "dvar2": 6.43152523041, "var": 19.187587738, "dmean2": 2.56305170059, "max": 29.0646877289, "dmean": 1.62689006329}, "dynamic_complexity": 6.50241422653, "spectral_energyband_low": {"dvar": 0.000225269497605, "mean": 0.021449835971, "min": 2.35358307681e-23, "median": 0.0173983741552, "dvar2": 0.000571197422687, "var": 0.000450672785519, "dmean2": 0.0140289831907, "max": 0.159036964178, "dmean": 0.00897776149213}, "silence_rate_60dB": {"dvar": 0.000204102456337, "mean": 0.231986120343, "min": 0, "median": 0, "dvar2": 0.000408136780607, "var": 0.178180068731, "dmean2": 0.000408329942729, "max": 1, "dmean": 0.000204144133022}, "erbbands_kurtosis": {"dvar": 2.69279527664, "mean": 0.527580738068, "min": -1.87454748154, "median": -0.0977708622813, "dvar2": 7.03975725174, "var": 8.90742111206, "dmean2": 1.24033880234, "max": 62.6958312988, "dmean": 0.779230177402}, "spectral_complexity": {"dvar": 21.2774200439, "mean": 28.1607475281, "min": 0, "median": 32, "dvar2": 35.5282707214, "var": 421.975524902, "dmean2": 5.45977973938, "max": 66, "dmean": 3.76298856735}, "barkbands_crest": {"dvar": 6.16106796265, "mean": 10.315615654, "min": 2.26597762108, "median": 9.65873718262, "dvar2": 16.1893367767, "var": 14.864897728, "dmean2": 3.86921644211, "max": 24.4594097137, "dmean": 2.40831923485}, "spectral_energy": {"dvar": 0.000214460451389, "mean": 0.0361467599869, "min": 1.03174867883e-20, "median": 0.0373505875468, "dvar2": 0.000537058280315, "var": 0.000714225927368, "dmean2": 0.0149744423106, "max": 0.177153617144, "dmean": 0.00952588487417}, "spectral_spread": {"dvar": 275776831488, "mean": 4027751, "min": 763357.625, "median": 4004057.5, "dvar2": 573798088704, "var": 5826105835520.0, "dmean2": 578622.25, "max": 42860804, "dmean": 376226.03125}, "spectral_contrast_valleys": {"dvar": [0.093116864562, 0.0918383449316, 0.0660820454359, 0.055131547153, 0.0486014634371, 0.192157566547], "mean": [-7.34495973587, -7.54456806183, -7.72003078461, -8.02942371368, -7.71408224106, -11.01354599], "min": [-28.0359020233, -27.8700485229, -27.7610206604, -27.6942367554, -27.4782943726, -27.3620452881], "median": [-6.58240413666, -6.78039836884, -6.96803283691, -7.01103067398, -6.54786205292, -9.62456703186], "dvar2": [0.243611171842, 0.220261991024, 0.149441346526, 0.110304132104, 0.0775561928749, 0.33822157979], "var": [4.1756901741, 4.34175014496, 4.34094142914, 5.73155164719, 6.91068506241, 7.17628860474], "dmean2": [0.604437828064, 0.549045145512, 0.469438672066, 0.381577461958, 0.282989501953, 0.413238674402], "max": [-5.31776952744, -4.5079369545, -5.40563821793, -5.74141788483, -5.47817134857, -7.782766819], "dmean": [0.363756835461, 0.333011120558, 0.286519020796, 0.238922715187, 0.191101074219, 0.296815752983]}, "spectral_rms": {"dvar": 7.96672395609e-07, "mean": 0.00518664252013, "min": 3.17267089336e-12, "median": 0.00603652186692, "dvar2": 1.94513609131e-06, "var": 8.36387880554e-06, "dmean2": 0.00103663944174, "max": 0.0131465885788, "dmean": 0.000668873428367}, "barkbands_spread": {"dvar": 45.3151168823, "mean": 26.9819927216, "min": 0.59640532732, "median": 26.1095275879, "dvar2": 108.533103943, "var": 286.226165771, "dmean2": 8.56270885468, "max": 123.835227966, "dmean": 5.61501598358}, "pitch_salience": {"dvar": 0.00480536324903, "mean": 0.528796434402, "min": 0.106284171343, "median": 0.536148130894, "dvar2": 0.0123154167086, "var": 0.0130964871496, "dmean2": 0.114174209535, "max": 0.979481101036, "dmean": 0.0718930959702}, "erbbands_skewness": {"dvar": 0.0879324674606, "mean": -0.259850025177, "min": -6.46966314316, "median": -0.36308568716, "dvar2": 0.186150535941, "var": 0.650582075119, "dmean2": 0.414421707392, "max": 3.93477773666, "dmean": 0.278691291809}, "spectral_energyband_middle_high": {"dvar": 3.27986344928e-06, "mean": 0.00522046117112, "min": 1.19153650677e-21, "median": 0.00451350258663, "dvar2": 7.95531559561e-06, "var": 2.37482363445e-05, "dmean2": 0.00193313031923, "max": 0.0264904480428, "dmean": 0.00126626249403}, "erbbands": {"dvar": [0.221846073866, 8.99373626709, 40.3763580322, 89.2846374512, 79.1156311035, 131.065216064, 53.7301330566, 72.6783981323, 53.018787384, 146.924453735, 220.405044556, 559.352416992, 146.257919312, 214.539215088, 1131.23754883, 486.760681152, 770.68347168, 426.117614746, 376.425933838, 202.512619019, 407.645141602, 266.905731201, 311.927337646, 489.094818115, 328.671661377, 326.009735107, 322.897125244, 133.334716797, 126.098228455, 91.8005905151, 42.3465843201, 11.9042720795, 3.6771569252, 0.998044788837, 0.22636424005, 0.0320300795138, 0.00527319125831, 0.000208098994335, 2.39515088651e-07, 3.76306735772e-10], "mean": [0.173428431153, 2.52136421204, 9.04045295715, 15.7082538605, 13.3332443237, 10.5332679749, 7.224132061, 6.37531471252, 4.77779054642, 7.07142734528, 12.3591241837, 17.2528858185, 11.8263397217, 11.9362764359, 22.4114780426, 23.5589199066, 24.9075069427, 21.7059421539, 19.7535572052, 19.5612030029, 29.864238739, 25.6705989838, 31.5773525238, 39.8162231445, 34.6168479919, 34.4051132202, 30.2252502441, 14.4935426712, 11.3540039063, 7.75595474243, 5.76492118835, 3.39133572578, 2.19676780701, 1.10797739029, 0.469846516848, 0.160304427147, 0.0544962845743, 0.00879510678351, 0.000241904039285, 5.09719575348e-05], "min": [1.08989439184e-22, 6.70905272988e-22, 2.72986949509e-21, 1.01201799784e-20, 1.62995067287e-20, 2.88591812739e-20, 5.19147987467e-20, 8.12507203968e-20, 1.15142197099e-19, 9.26511433189e-20, 4.54056343734e-19, 5.10934213231e-19, 7.00436121689e-19, 1.10893197767e-18, 1.43348704435e-18, 7.52732547966e-19, 1.33955841105e-18, 2.09960235675e-18, 3.1450953717e-18, 3.27783552614e-18, 3.90824476022e-18, 5.36113125788e-18, 5.86847876428e-18, 7.08078681182e-18, 9.33350815817e-18, 7.52917908801e-18, 7.87316214574e-18, 8.71089261983e-18, 1.14188172475e-17, 1.3507823007e-17, 1.2383173357e-17, 1.09854209287e-17, 1.01963104766e-17, 8.61957932483e-18, 6.69829560145e-18, 4.78153779679e-18, 2.36268053313e-18, 9.76971027367e-19, 2.68682738618e-19, 2.85182180717e-20], "median": [0.0617353878915, 1.50857043266, 6.80193710327, 10.6932888031, 7.93764829636, 6.31800365448, 4.40795516968, 3.05300092697, 2.40339994431, 3.25977754593, 6.16218709946, 5.81109619141, 6.15866947174, 6.75629997253, 9.13746643066, 13.0902023315, 12.0219268799, 13.3798179626, 13.5115613937, 15.2174520493, 20.7100811005, 18.5963668823, 23.4384269714, 28.4453277588, 26.4808311462, 21.7800636292, 14.7339763641, 7.90175247192, 4.34854364395, 2.66299986839, 2.08556318283, 1.43323814869, 1.0066485405, 0.557354569435, 0.23619940877, 0.0706729143858, 0.0211698934436, 0.0024137715809, 8.86406342033e-05, 5.33946549695e-05], "dvar2": [0.557942450047, 24.2430286407, 108.268707275, 199.694595337, 165.234375, 354.382751465, 146.30809021, 194.26902771, 140.523529053, 385.661560059, 550.342529297, 1384.37585449, 351.646240234, 586.734436035, 2935.20581055, 1254.79882813, 1864.05822754, 1086.52526855, 973.443725586, 527.116638184, 1117.60620117, 662.98236084, 846.746887207, 1322.81872559, 884.488464355, 861.668762207, 905.922729492, 356.760681152, 321.184417725, 208.339202881, 92.7585067749, 28.2055149078, 8.88555240631, 2.46453094482, 0.566356956959, 0.0710287839174, 0.0106638483703, 0.000422133336542, 5.66453536521e-07, 8.81132056207e-10], "var": [0.191286668181, 11.1552734375, 87.4937973022, 363.082427979, 328.104064941, 212.749191284, 102.203292847, 124.086982727, 77.8918609619, 219.117874146, 436.977081299, 1170.10559082, 384.48916626, 305.444519043, 2476.2734375, 1279.28430176, 1847.32348633, 879.454711914, 705.672790527, 493.319458008, 1093.03894043, 865.398986816, 1020.7600708, 1673.75842285, 1202.85083008, 1349.73205566, 1112.9119873, 305.828094482, 260.475311279, 224.471908569, 117.83618927, 32.5635223389, 10.9361009598, 2.70223999023, 0.475318878889, 0.0606969259679, 0.00906862691045, 0.000318224017974, 2.70953108839e-07, 1.38409494976e-09], "dmean2": [0.255351543427, 2.26641774178, 6.8223733902, 9.57974243164, 8.05777168274, 9.57224369049, 6.45912456512, 6.71878099442, 5.10288095474, 7.78715419769, 12.0672550201, 16.6364784241, 9.97558879852, 12.1021251678, 20.4312000275, 18.8811416626, 21.3509922028, 18.8860702515, 16.5922756195, 14.5712108612, 22.0454082489, 16.8774700165, 21.0993442535, 25.8128261566, 20.971830368, 19.9905490875, 19.3245944977, 10.4009847641, 9.1458530426, 6.62634038925, 4.46144533157, 2.49644255638, 1.54857027531, 0.807310700417, 0.375325649977, 0.135841727257, 0.0471751056612, 0.00881879683584, 0.000254031358054, 1.94554868358e-05], "max": [4.84545326233, 32.6677932739, 76.1109313965, 184.998703003, 186.714080811, 277.210998535, 124.677955627, 181.73600769, 147.940567017, 251.745132446, 333.106689453, 426.344116211, 467.521911621, 246.071273804, 650.850463867, 527.153686523, 835.040527344, 348.699035645, 500.483734131, 403.268768311, 381.332733154, 265.458007813, 250.385467529, 405.797119141, 307.814544678, 406.51373291, 234.306335449, 192.071655273, 258.246643066, 251.580673218, 160.225158691, 96.3200531006, 50.6481666565, 21.253818512, 9.35018825531, 3.68078923225, 0.993277072906, 0.23705419898, 0.0118344891816, 0.000224567527766], "dmean": [0.155372038484, 1.4031535387, 4.26950311661, 6.40601730347, 5.41598463058, 5.83644151688, 3.95962500572, 4.02950000763, 3.06328725815, 4.65761566162, 7.29606866837, 10.235159874, 6.16535139084, 7.13637161255, 12.6304254532, 11.6395940781, 13.4986448288, 11.5200977325, 10.103222847, 8.88067722321, 13.3017148972, 10.5001630783, 12.8460645676, 15.7216291428, 12.8919420242, 12.194357872, 11.5021419525, 6.18839693069, 5.46142053604, 4.0326385498, 2.78276515007, 1.54290497303, 0.958215117455, 0.502407848835, 0.23690469563, 0.0888420343399, 0.0321042053401, 0.00591150065884, 0.000164202414453, 1.2745776985e-05]}, "dissonance": {"dvar": 0.000447080907179, "mean": 0.464122891426, "min": 0.193737134337, "median": 0.486346125603, "dvar2": 0.00127283332404, "var": 0.00257799727842, "dmean2": 0.0239742361009, "max": 0.5, "dmean": 0.0141661670059}, "erbbands_flatness_db": {"dvar": 0.000218773711822, "mean": 0.161680489779, "min": 0.0404174700379, "median": 0.130878135562, "dvar2": 0.000391404988477, "var": 0.00488623185083, "dmean2": 0.0179522801191, "max": 0.413700908422, "dmean": 0.0126077448949}, "melbands_kurtosis": {"dvar": 184.020446777, "mean": 19.4019355774, "min": -1.91984438896, "median": 9.89429855347, "dvar2": 395.910583496, "var": 685.739074707, "dmean2": 12.7774772644, "max": 280.858001709, "dmean": 8.49982738495}, "melbands_spread": {"dvar": 68.8329467773, "mean": 23.8340415955, "min": 0.531900465488, "median": 19.2810840607, "dvar2": 165.391326904, "var": 354.588104248, "dmean2": 10.5264825821, "max": 157.105484009, "dmean": 6.84117507935}, "melbands_skewness": {"dvar": 0.739038348198, "mean": 3.40771985054, "min": -1.19581878185, "median": 3.04381752014, "dvar2": 1.72797846794, "var": 4.11496973038, "dmean2": 1.20409762859, "max": 12.4330911636, "dmean": 0.786427378654}, "spectral_entropy": {"dvar": 0.0248389858752, "mean": 7.48769283295, "min": 4.31216001511, "median": 7.87234830856, "dvar2": 0.0453323498368, "var": 0.636236071587, "dmean2": 0.174981623888, "max": 9.82821655273, "dmean": 0.122101925313}, "zerocrossingrate": {"dvar": 0.000104110324173, "mean": 0.0603076182306, "min": 0.00439453125, "median": 0.056640625, "dvar2": 0.000148511433508, "var": 0.00193705479614, "dmean2": 0.0103634158149, "max": 0.533203125, "dmean": 0.00881453044713}, "average_loudness": 0.880654215813, "spectral_contrast_coeffs": {"dvar": [0.00149035605136, 0.00104919832665, 0.000701206212398, 0.000376661628252, 0.000212159968214, 0.000289570831228], "mean": [-0.638484299183, -0.780142426491, -0.797881484032, -0.818583607674, -0.80901247263, -0.739226579666], "min": [-0.978504657745, -0.974809706211, -0.977297484875, -0.969523787498, -0.968928694725, -0.964087724686], "median": [-0.636688947678, -0.790735185146, -0.811560928822, -0.821789681911, -0.807575821877, -0.726889967918], "dvar2": [0.00400530546904, 0.00292532285675, 0.00190084194764, 0.00105010019615, 0.000585950212553, 0.000666475913022], "var": [0.00651869177818, 0.00437195319682, 0.00493425875902, 0.00163242523558, 0.00238184188493, 0.00354763609357], "dmean2": [0.0766694098711, 0.0679012089968, 0.053744699806, 0.0408107154071, 0.0294588431716, 0.0295383054763], "max": [-0.335773855448, -0.509501338005, -0.41287741065, -0.631783246994, -0.559333980083, -0.560192584991], "dmean": [0.0470092892647, 0.0406273901463, 0.0323597751558, 0.0242016818374, 0.0175063759089, 0.0184163153172]}, "barkbands_flatness_db": {"dvar": 0.000606902467553, "mean": 0.15617915988, "min": 0.0286443959922, "median": 0.130348801613, "dvar2": 0.00119453074876, "var": 0.00658070715144, "dmean2": 0.0318024083972, "max": 0.423748403788, "dmean": 0.0220853891224}, "silence_rate_30dB": {"dvar": 0.00950229447335, "mean": 0.9938762784, "min": 0, "median": 1, "dvar2": 0.0261714402586, "var": 0.00608672527596, "dmean2": 0.0191915072501, "max": 1, "dmean": 0.00959477387369}, "spectral_energyband_high": {"dvar": 9.28764052333e-07, "mean": 0.00172427843791, "min": 7.40465104052e-21, "median": 0.00112718204036, "dvar2": 2.35478592003e-06, "var": 3.59774026037e-06, "dmean2": 0.000880518171471, "max": 0.0129537796602, "dmean": 0.000543088826817}, "melbands_flatness_db": {"dvar": 0.000853119825479, "mean": 0.227430254221, "min": 0.0035071594175, "median": 0.206034034491, "dvar2": 0.00179788167588, "var": 0.00916953571141, "dmean2": 0.0391945876181, "max": 0.55089956522, "dmean": 0.0271419864148}, "barkbands": {"dvar": [4.18144168179e-07, 0.00018087112403, 4.03265621571e-05, 1.1470417121e-05, 5.92075775785e-06, 6.87025249135e-07, 3.89142627455e-07, 4.09826611758e-07, 7.72205510202e-07, 1.40604910825e-07, 4.68517100671e-07, 4.57989074221e-07, 3.80436461e-07, 1.71785103475e-07, 9.39796791499e-08, 1.26884614815e-07, 9.62876001154e-08, 1.02398615809e-07, 1.92691189227e-07, 1.5459878e-07, 1.24815215941e-07, 8.88049171976e-08, 5.63043762725e-08, 1.72762781858e-08, 5.53570167483e-09, 1.54230739291e-09, 1.35757334194e-11], "mean": [0.000180090646609, 0.00958082824945, 0.00866747181863, 0.00524191185832, 0.00317453010939, 0.000710195919964, 0.000329241971485, 0.000534403312486, 0.000750566774514, 0.000265150127234, 0.000442834745627, 0.000612985459156, 0.000532821984962, 0.000422713259468, 0.000334107957315, 0.000512946571689, 0.000446028803708, 0.000575791986194, 0.000799485947937, 0.000754406675696, 0.000524312141351, 0.00028963087243, 0.000209305871977, 0.000140761650982, 8.13705992186e-05, 3.13920791086e-05, 1.58013165219e-06], "min": [7.48460971682e-25, 6.77507903081e-24, 7.646049115e-25, 3.66059898458e-24, 1.02170030115e-23, 8.33250108358e-24, 8.96902979256e-24, 1.51140085419e-23, 2.04842864393e-23, 2.36319850238e-23, 2.18503773792e-23, 2.32141206691e-23, 3.16632895474e-23, 3.19932258879e-23, 7.00548494861e-23, 7.02827798006e-23, 8.54143688967e-23, 9.74149943035e-23, 1.40753990073e-22, 1.83067946292e-22, 2.31986145036e-22, 3.14979764872e-22, 4.48479970662e-22, 6.04959782973e-22, 9.57394512164e-22, 1.3143017419e-21, 2.09481107138e-21], "median": [2.1192481654e-05, 0.00508966296911, 0.00591899920255, 0.0030882335268, 0.00211217580363, 0.000381963589462, 0.000146263322677, 0.000250283570495, 0.000270100834314, 0.000151125947013, 0.000167402045918, 0.000320389430271, 0.000236361200223, 0.000252111582085, 0.00023314813734, 0.000351481838152, 0.000300237676129, 0.00041733685066, 0.000577069469728, 0.000481543131173, 0.000267235562205, 0.000110170876724, 7.60667389841e-05, 6.26450491836e-05, 4.27102313552e-05, 1.23296504171e-05, 2.65642796649e-07], "dvar2": [9.72836573965e-07, 0.000465556484414, 0.000102997808426, 2.52254849329e-05, 1.50994583237e-05, 1.8374598767e-06, 1.05827336938e-06, 1.00941667824e-06, 1.88237402199e-06, 3.8274370695e-07, 1.23085283121e-06, 1.23053916923e-06, 9.15045063721e-07, 4.49476800668e-07, 2.43450728021e-07, 3.49278565182e-07, 2.45822917577e-07, 2.80711248024e-07, 5.33599006758e-07, 4.15390729813e-07, 3.42821863342e-07, 2.23687450784e-07, 1.18488337364e-07, 4.14316190245e-08, 1.3934583265e-08, 3.1654170396e-09, 3.18897755425e-11], "var": [4.07710643913e-07, 0.000206855780561, 9.53453054535e-05, 4.8062789574e-05, 1.41579766932e-05, 1.18311334063e-06, 4.67771457124e-07, 9.47917669691e-07, 1.95853544938e-06, 1.69467568867e-07, 9.35528817081e-07, 9.89935074358e-07, 9.03150578324e-07, 3.40294633361e-07, 1.7584918055e-07, 3.2482856227e-07, 2.80300156419e-07, 3.41998401154e-07, 6.61163085169e-07, 6.39969812255e-07, 3.55450708867e-07, 1.82263562465e-07, 1.66964895243e-07, 4.95845284831e-08, 1.35824604897e-08, 2.75004174988e-09, 1.58343615997e-11], "dmean2": [0.000308627058985, 0.00941089820117, 0.00679606944323, 0.00326367700472, 0.00234569725581, 0.00070761423558, 0.000401635596063, 0.000530546123628, 0.000667193322442, 0.000295842910418, 0.000457472255221, 0.000542278226931, 0.000485779804876, 0.000393967755372, 0.000297110760584, 0.000401061173761, 0.000327179848682, 0.000390085362596, 0.000526356103364, 0.000442839431344, 0.000359146564733, 0.000235720421188, 0.000160440351465, 9.83592981356e-05, 5.98357364652e-05, 2.67205014097e-05, 2.14182432501e-06], "max": [0.00910578668118, 0.13680267334, 0.0886549577117, 0.0818928107619, 0.049450609833, 0.0147924851626, 0.0106436340138, 0.015093203634, 0.0148132974282, 0.0112105105072, 0.0110665028915, 0.0137385111302, 0.0168680734932, 0.00602386100218, 0.00762407947332, 0.00590023072436, 0.00426079891622, 0.00401521194726, 0.00648290850222, 0.00741107529029, 0.00487448088825, 0.00758814625442, 0.00609699171036, 0.00364147196524, 0.00138469936792, 0.000542743888218, 7.60586190154e-05], "dmean": [0.000195355984033, 0.00589482206851, 0.00431860471144, 0.00221899407916, 0.00148051546421, 0.000427985418355, 0.000238637716393, 0.000323185464367, 0.000415211747168, 0.000173425185494, 0.000277249433566, 0.000331019022269, 0.000302854372421, 0.000238651889958, 0.000177949681529, 0.00024077956914, 0.000201938702958, 0.000237501968513, 0.000321293686284, 0.000269477401162, 0.000212391183595, 0.000140586853377, 0.000100330958958, 6.12019430264e-05, 3.76282914658e-05, 1.80668248504e-05, 1.34842980515e-06]}, "erbbands_spread": {"dvar": 49.9925727844, "mean": 43.5667114258, "min": 2.63343334198, "median": 43.5225753784, "dvar2": 117.344238281, "var": 359.44543457, "dmean2": 10.4018907547, "max": 134.535522461, "dmean": 6.70605421066}, "barkbands_kurtosis": {"dvar": 28.9576683044, "mean": 4.82710361481, "min": -1.91113126278, "median": 1.22327077389, "dvar2": 56.5915985107, "var": 103.57383728, "dmean2": 4.2255654335, "max": 151.694320679, "dmean": 2.8587577343}, "spectral_flux": {"dvar": 0.000792961625848, "mean": 0.078985363245, "min": 6.50381137834e-11, "median": 0.0805125832558, "dvar2": 0.00166585273109, "var": 0.00328272604384, "dmean2": 0.0305267870426, "max": 0.33636584878, "dmean": 0.0199675895274}, "silence_rate_20dB": {"dvar": 0, "mean": 1, "min": 1, "median": 1, "dvar2": 0, "var": 0, "dmean2": 0, "max": 1, "dmean": 0}, "gfcc": {"cov": [[43381.453125, -5732.34179688, -1902.68798828, 4645.84228516, -432.191497803, 1797.71240234, -1879.05786133, 1197.37414551, -582.263000488, 1183.39086914, -122.872840881, 436.417480469, -818.595458984], [-5732.34179688, 2564.00317383, -266.805084229, -754.074462891, 361.31854248, -627.984558105, 404.549285889, -394.181671143, 261.065979004, -378.685668945, 93.8252792358, -302.20111084, 300.886657715], [-1902.68798828, -266.805084229, 959.741271973, -399.462432861, -91.8758392334, 216.007583618, -112.864356995, 117.423072815, 31.3731174469, 60.8108482361, -157.652206421, 52.0676231384, -116.297729492], [4645.84228516, -754.074462891, -399.462432861, 971.309265137, 35.6696166992, 166.996337891, -87.7351074219, 50.5434494019, -111.593177795, 60.3383483887, 117.52053833, 62.2245597839, -47.5714111328], [-432.191497803, 361.31854248, -91.8758392334, 35.6696166992, 310.650115967, -115.458274841, 86.4955749512, -63.7602882385, -3.06051874161, -66.4211273193, 55.893901825, -25.8093185425, 51.1755332947], [1797.71240234, -627.984558105, 216.007583618, 166.996337891, -115.458274841, 359.837799072, -92.5609741211, 144.662628174, -35.4850654602, 87.6911239624, -68.9310302734, 57.607749939, -110.9167099], [-1879.05786133, 404.549285889, -112.864356995, -87.7351074219, 86.4955749512, -92.5609741211, 264.552001953, -78.2711715698, -1.26012432575, -101.596633911, 76.6252593994, -18.0369224548, 48.9400291443], [1197.37414551, -394.181671143, 117.423072815, 50.5434494019, -63.7602882385, 144.662628174, -78.2711715698, 179.160629272, 18.7948989868, 98.683013916, -65.4443893433, 17.5848789215, -63.5870285034], [-582.263000488, 261.065979004, 31.3731174469, -111.593177795, -3.06051874161, -35.4850654602, -1.26012432575, 18.7948989868, 183.996994019, 12.7345170975, -43.8555297852, -88.2080154419, 47.7141952515], [1183.39086914, -378.685668945, 60.8108482361, 60.3383483887, -66.4211273193, 87.6911239624, -101.596633911, 98.683013916, 12.7345170975, 150.104248047, -21.8493480682, 44.1462898254, -50.4168319702], [-122.872840881, 93.8252792358, -157.652206421, 117.52053833, 55.893901825, -68.9310302734, 76.6252593994, -65.4443893433, -43.8555297852, -21.8493480682, 148.514526367, 53.0948371887, 23.9266719818], [436.417480469, -302.20111084, 52.0676231384, 62.2245597839, -25.8093185425, 57.607749939, -18.0369224548, 17.5848789215, -88.2080154419, 44.1462898254, 53.0948371887, 136.729187012, -30.1083946228], [-818.595458984, 300.886657715, -116.297729492, -47.5714111328, 51.1755332947, -110.9167099, 48.9400291443, -63.5870285034, 47.7141952515, -50.4168319702, 23.9266719818, -30.1083946228, 118.278442383]], "mean": [-55.36977005, 101.887054443, -115.964012146, 50.4937515259, -41.7185668945, 13.4919929504, -23.930688858, 6.18819713593, -31.1810150146, -5.27476739883, -18.6140899658, -7.9815993309, -12.6413965225], "icov": [[0.000234198145336, -0.000538451946341, 0.000641013728455, -0.000912587391213, -2.24258510571e-05, -0.000665474741254, 0.00127324578352, -0.000801433634479, 0.000432803150034, -0.000725255697034, 0.000816539628431, -0.000842708919663, 0.000818392611109], [-0.000538451946341, 0.00362470326945, -0.00129900232423, 0.0035259258002, -0.00107488431968, 0.00223394669592, -0.00333022838458, 0.00327761238441, -0.00282944040373, 0.00387306767516, -0.00377781828865, 0.00447537982836, -0.00241077458486], [0.000641013728455, -0.00129900232423, 0.00401536282152, -0.00129657436628, -0.000666587555315, -0.0029561270494, 0.00415303604677, -0.00200936733745, -7.60318725952e-05, -0.000916424090974, 0.00316567672417, -0.00406480114907, 0.00385012361221], [-0.000912587391213, 0.0035259258002, -0.00129657436628, 0.00667149666697, -0.00120836123824, 0.00118625920732, -0.00384244765155, 0.00350246415474, -0.00214060186408, 0.00428367080167, -0.00654063234106, 0.00551586132497, -0.00335233798251], [-2.24258510571e-05, -0.00107488431968, -0.000666587555315, -0.00120836123824, 0.00477550039068, 0.000985651277006, -0.000740392948501, -0.00101717677899, 0.00133301294409, -0.000369420042261, 7.27041424398e-06, -0.000154555120389, -0.000680676894262], [-0.000665474741254, 0.00223394669592, -0.0029561270494, 0.00118625920732, 0.000985651277006, 0.0090175466612, -0.00473885238171, 0.000188054880709, -0.00210140109994, 0.00325673236512, -0.000192778417841, 0.00103302486241, -8.85140179889e-05], [0.00127324578352, -0.00333022838458, 0.00415303604677, -0.00384244765155, -0.000740392948501, -0.00473885238171, 0.0139476377517, -0.00567826628685, 0.00223947060294, -0.000206723299925, 0.000470141501864, -0.00447785435244, 0.00464798090979], [-0.000801433634479, 0.00327761238441, -0.00200936733745, 0.00350246415474, -0.00101717677899, 0.000188054880709, -0.00567826628685, 0.01666325517, -0.00430834153667, -0.00225330539979, 0.000456950481748, 0.00336366076954, -0.000986041501164], [0.0