{"tonal": {"hpcp": {"dvar": [0.0552643761039, 0.0520026423037, 0.0464487336576, 0.0425278395414, 0.04746658355, 0.0572928451002, 0.0584585852921, 0.0648258328438, 0.0568987466395, 0.0579646937549, 0.0575646087527, 0.0548005178571, 0.0486059784889, 0.044096108526, 0.0446958094835, 0.0474190078676, 0.0452021919191, 0.0330978818238, 0.0285745970905, 0.0229963213205, 0.0249827876687, 0.0276723783463, 0.0251084472984, 0.036675170064, 0.102193668485, 0.0414572991431, 0.0283711142838, 0.0253280121833, 0.0243874080479, 0.024432497099, 0.0348499752581, 0.0424895100296, 0.0458319112659, 0.051804702729, 0.0565621629357, 0.0574260130525], "var": [0.0551326982677, 0.0458942614496, 0.044547714293, 0.0419177152216, 0.0442381128669, 0.0763877406716, 0.116772122681, 0.0884567573667, 0.058347299695, 0.0572688095272, 0.0576538406312, 0.0563947744668, 0.0520584583282, 0.0477782674134, 0.0501033999026, 0.0515381209552, 0.0443625189364, 0.0405900590122, 0.0359617955983, 0.0292274877429, 0.0354567728937, 0.0364807061851, 0.0260283071548, 0.0457481779158, 0.130199223757, 0.0558751747012, 0.037174012512, 0.0327798835933, 0.0306745879352, 0.0327864289284, 0.0316300988197, 0.0382291004062, 0.0469954833388, 0.0608575195074, 0.0713101923466, 0.0676001906395], "median": [0.04244434461, 0.0360568761826, 0.035749156028, 0.0343787483871, 0.0360450260341, 0.0555377192795, 0.0800241455436, 0.0781078413129, 0.0587024800479, 0.0562724992633, 0.0544170178473, 0.0475131683052, 0.0481943823397, 0.0542217865586, 0.0509516336024, 0.0454538203776, 0.0421496480703, 0.0336062684655, 0.0260536205024, 0.0256079025567, 0.0301973298192, 0.0337928161025, 0.0300691146404, 0.0699766427279, 0.086396202445, 0.0892333313823, 0.0316722877324, 0.0308316089213, 0.028223445639, 0.0260284990072, 0.0292536932975, 0.0337325558066, 0.0452339164913, 0.0659191086888, 0.0672344043851, 0.053828522563], "max": [1, 1, 1, 1, 1, 1, 1, 1, 1, 1, 1, 1, 1, 1, 1, 1, 1, 1, 1, 1, 1, 1, 1, 1, 1, 1, 1, 1, 1, 1, 1, 1, 1, 1, 1, 1], "dmean": [0.147567421198, 0.136612400413, 0.127578869462, 0.117593243718, 0.131457030773, 0.157464638352, 0.164027571678, 0.18791526556, 0.165914282203, 0.166848242283, 0.164992243052, 0.152503803372, 0.140771895647, 0.134960979223, 0.13355115056, 0.135740414262, 0.129926949739, 0.106647074223, 0.0861150324345, 0.0787685588002, 0.0873005986214, 0.0938369482756, 0.0860550180078, 0.15756110847, 0.252620875835, 0.171836361289, 0.0978660136461, 0.0898216664791, 0.0863229930401, 0.087065666914, 0.104781642556, 0.117269381881, 0.12933126092, 0.15146702528, 0.164746895432, 0.161155760288], "dmean2": [0.268180787563, 0.246567636728, 0.22917971015, 0.21126614511, 0.234822407365, 0.277484923601, 0.290068328381, 0.330329239368, 0.294835925102, 0.29815980792, 0.294739842415, 0.273900687695, 0.250243753195, 0.238897427917, 0.234773397446, 0.240602374077, 0.231573045254, 0.191485017538, 0.153405889869, 0.138875499368, 0.150296211243, 0.163062378764, 0.150506451726, 0.279899060726, 0.456829726696, 0.304086118937, 0.168716177344, 0.155225157738, 0.151083007455, 0.154692605138, 0.190547570586, 0.213111311197, 0.231890559196, 0.268195003271, 0.290594607592, 0.288028895855], "mean": [0.141406908631, 0.123703487217, 0.120674915612, 0.115085914731, 0.124173156917, 0.187512040138, 0.257629096508, 0.224563837051, 0.164124250412, 0.160781368613, 0.158902078867, 0.150016501546, 0.144501194358, 0.142345696688, 0.143115088344, 0.140841424465, 0.129242181778, 0.114093214273, 0.0980633497238, 0.0910335108638, 0.105645976961, 0.109777823091, 0.0905321389437, 0.178775444627, 0.283181816339, 0.202043861151, 0.111129119992, 0.101354971528, 0.0958488583565, 0.0939921885729, 0.099315688014, 0.109311908484, 0.131884232163, 0.169749543071, 0.185905307531, 0.170292258263], "dvar2": [0.152797460556, 0.145428240299, 0.128809064627, 0.116418793797, 0.130240365863, 0.151032686234, 0.156007796526, 0.172674581409, 0.155340984464, 0.158735752106, 0.156909063458, 0.149482503533, 0.130584403872, 0.119925826788, 0.120714209974, 0.128978163004, 0.125607639551, 0.0898421108723, 0.0792002603412, 0.063434459269, 0.0651968568563, 0.0717661827803, 0.0680088177323, 0.0965438857675, 0.262250304222, 0.107836075127, 0.0747004821897, 0.0636468082666, 0.0654337108135, 0.065358325839, 0.0982129797339, 0.11846011132, 0.126819550991, 0.139378517866, 0.151402965188, 0.154754027724], "min": [0, 0, 0, 0, 0, 0, 0, 0, 0, 0, 0, 0, 0, 0, 0, 0, 0, 0, 0, 0, 0, 0, 0, 0, 0, 0, 0, 0, 0, 0, 0, 0, 0, 0, 0, 0]}, "key_key": "F", "thpcp": [1, 0.713477551937, 0.392430275679, 0.357914835215, 0.338471084833, 0.331914633512, 0.350713521242, 0.386013150215, 0.465722799301, 0.599436581135, 0.656487464905, 0.601353108883, 0.499350249767, 0.436834156513, 0.426139354706, 0.406402915716, 0.438492685556, 0.662161290646, 0.909765660763, 0.793002307415, 0.579572021961, 0.567767262459, 0.561130940914, 0.52975332737, 0.510277092457, 0.502665400505, 0.505382359028, 0.497353345156, 0.456392943859, 0.402897387743, 0.346291124821, 0.321466654539, 0.373067647219, 0.387658447027, 0.319696158171, 0.631309747696], "chords_key": "F", "tuning_equal_tempered_deviation": 0.17457421124, "tuning_frequency": 434.193115234, "tuning_diatonic_strength": 0.384350299835, "chords_histogram": [22.8187923431, 4.96332120895, 0.936475753784, 0.0624317154288, 0, 5.41595125198, 0.421414077282, 3.82394266129, 0.171687215567, 0.967691600323, 2.21632599831, 4.88528156281, 5.99344444275, 0.280942708254, 1.24863433838, 0.312158584595, 2.59091615677, 11.659122467, 2.3724052906, 1.15498673916, 0, 1.17059469223, 11.3625717163, 15.1709070206], "key_strength": 0.344740986824, "key_scale": "minor", "chords_strength": {"dvar": 9.95885056909e-05, "var": 0.00799379032105, "median": 0.464479863644, "max": 0.788308978081, "dmean": 0.0118208583444, "dmean2": 0.0146968057379, "mean": 0.464478999376, "dvar2": 0.000157313654199, "min": 0.159327968955}, "chords_number_rate": 0.00234118942171, "tuning_nontempered_energy_ratio": 0.834162473679, "hpcp_entropy": {"dvar": 0.291820406914, "var": 0.646826088428, "median": 2.59124279022, "max": 4.5213227272, "dmean": 0.678171813488, "dmean2": 1.15124738216, "mean": 2.56213521957, "dvar2": 0.812784969807, "min": 0}, "chords_changes_rate": 0.0934914946556, "chords_scale": "minor"}, "rhythm": {"bpm_histogram_first_peak_spread": {"dvar": 0, "var": 0, "median": 0.463414609432, "max": 0.463414609432, "dmean": 0, "dmean2": 0, "mean": 0.463414609432, "dvar2": 0, "min": 0.463414609432}, "bpm_histogram_first_peak_weight": {"dvar": 0, "var": 0, "median": 0.116814158857, "max": 0.116814158857, "dmean": 0, "dmean2": 0, "mean": 0.116814158857, "dvar2": 0, "min": 0.116814158857}, "bpm_histogram_first_peak_bpm": {"dvar": 0, "var": 0, "median": 144, "max": 144, "dmean": 0, "dmean2": 0, "mean": 144, "dvar2": 0, "min": 144}, "bpm": 142.794921875, "bpm_histogram_second_peak_weight": {"dvar": 0, "var": 0, "median": 0.109734512866, "max": 0.109734512866, "dmean": 0, "dmean2": 0, "mean": 0.109734512866, "dvar2": 0, "min": 0.109734512866}, "beats_loudness": {"dvar": 0.000137435563374, "var": 0.000674154318403, "median": 0.0184639245272, "max": 0.130235746503, "dmean": 0.0100265033543, "dmean2": 0.0171923339367, "mean": 0.0266933627427, "dvar2": 0.000375493516913, "min": 2.95729108757e-07}, "beats_loudness_band_ratio": {"dvar": [0.0232084337622, 0.0082520134747, 0.00888492818922, 0.0153539907187, 0.00203920016065, 0.0123200099915], "var": [0.075852252543, 0.0171304438263, 0.00869073253125, 0.022989815101, 0.00320676295087, 0.0239162892103], "median": [0.35505849123, 0.0223605278879, 0.0250070095062, 0.0615600496531, 0.0378013253212, 0.257796019316], "max": [0.97586119175, 0.838931500912, 0.603510022163, 0.871107816696, 0.372469455004, 0.801003932953], "dmean": [0.174885183573, 0.0531752854586, 0.0559865161777, 0.0840631052852, 0.0372543781996, 0.12562546134], "dmean2": [0.294931799173, 0.0943009853363, 0.0992915257812, 0.144982144237, 0.0646207779646, 0.215207099915], "mean": [0.399926066399, 0.0771047249436, 0.0601287558675, 0.112068518996, 0.0538582913578, 0.270457059145], "dvar2": [0.0667015388608, 0.0214376393706, 0.0237287506461, 0.0387118123472, 0.00601655151695, 0.0356961004436], "min": [0.00102882529609, 0.000118953794299, 2.7456879252e-05, 2.85399273707e-05, 9.96404651232e-06, 0.0103566637263]}, "bpm_histogram_second_peak_bpm": {"dvar": 0, "var": 0, "median": 129, "max": 129, "dmean": 0, "dmean2": 0, "mean": 129, "dvar2": 0, "min": 129}, "onset_rate": 2.85372710228, "beats_count": 566, "beats_position": [0.452789098024, 0.882358253002, 1.3235373497, 1.764716506, 2.20589566231, 2.6470746994, 3.07664394379, 3.50621318817, 3.92417216301, 4.35374164581, 4.78331041336, 5.21287965775, 5.630838871, 6.06040811539, 6.48997735977, 6.94276618958, 7.38394546509, 7.8251247406, 8.27791404724, 8.73070240021, 9.16027164459, 9.58984088898, 10.0078001022, 10.4257593155, 10.8437185287, 11.261677742, 11.6912469864, 12.1208162308, 12.5619955063, 13.0031747818, 13.4907932281, 13.9551925659, 14.4195919037, 14.8956003189, 15.3716096878, 15.8476190567, 16.3120174408, 16.7880268097, 17.2524261475, 17.7168254852, 18.1696147919, 18.6224040985, 19.0868015289, 19.5279808044, 19.9575500488, 20.3987293243, 20.8399085999, 21.2694778442, 21.6990470886, 22.128616333, 22.5697956085, 22.9993648529, 23.4405441284, 23.9165534973, 24.3925609589, 24.8569602966, 25.3213596344, 25.7857589722, 26.2617683411, 26.73777771, 27.1673469543, 27.6085262299, 28.0497055054, 28.4908847809, 28.932062149, 29.3500213623, 29.8144207001, 30.2788200378, 30.7432193756, 31.2076187134, 31.6720180511, 32.1364173889, 32.6008148193, 33.0652160645, 33.5296134949, 33.99401474, 34.4468002319, 34.9112014771, 35.3639907837, 35.7587280273, 36.1650772095, 36.5714263916, 36.9777755737, 37.3609046936, 37.7440338135, 38.1155548096, 38.4986839294, 38.9282531738, 39.3462142944, 39.7641716003, 40.2053489685, 40.6465301514, 41.0877075195, 41.5288887024, 41.9584579468, 42.3880271912, 42.7943763733, 43.2123336792, 43.6302947998, 44.0482521057, 44.4662132263, 44.8841705322, 45.3021316528, 45.7200889587, 46.1380500793, 46.5560073853, 46.9855766296, 47.415145874, 47.8331069946, 48.2510643005, 48.6690254211, 49.0869827271, 49.5049438477, 49.9229011536, 50.3408622742, 50.7472114563, 51.1651687622, 51.5831298828, 52.0010871887, 52.4306564331, 52.871837616, 53.3014030457, 53.7774124146, 54.2650337219, 54.7526512146, 55.4028091431, 56.0529708862, 56.6799087524, 57.3068466187, 57.9453964233, 58.5375061035, 59.129611969, 59.7101135254, 60.2906112671, 60.859500885, 61.4399986267, 62.0204963684, 62.6358261108, 63.2511558533, 63.8780937195, 64.5050354004, 65.1319732666, 65.7589111328, 66.385848999, 67.0127868652, 67.6397247314, 68.2782745361, 68.9168243408, 69.543762207, 70.1474838257, 70.7395935059, 71.3433074951, 71.9470291138, 72.5391387939, 73.1196365356, 73.7001342773, 74.2922439575, 74.8146896362, 75.3487548828, 75.789932251, 76.2194976807, 76.6606826782, 77.0902481079, 77.5082092285, 77.9261627197, 78.3325119019, 78.7504730225, 79.1684341431, 79.5979995728, 80.0159606934, 80.433921814, 80.8518829346, 81.2582321167, 81.6645812988, 82.08253479, 82.5121078491, 82.9300689697, 83.3480224609, 83.77759552, 84.2071609497, 84.6367340088, 85.0546951294, 85.4842605591, 85.9138336182, 86.3317871094, 86.74974823, 87.1677093506, 87.5856704712, 88.0036239624, 88.421585083, 88.8511581421, 89.2691116333, 89.6986846924, 90.116645813, 90.5345993042, 90.9641723633, 91.3821334839, 91.8116989136, 92.2296600342, 92.6360092163, 93.0423583984, 93.4487075806, 93.8666687012, 94.2846221924, 94.6909713745, 95.1089324951, 95.5268936157, 95.9448471069, 96.3628082275, 96.7807693481, 97.1987304688, 97.61668396, 98.0346450806, 98.4526062012, 98.8705673218, 99.2769165039, 99.683265686, 100.101219177, 100.519180298, 100.92552948, 101.331878662, 101.749839783, 102.167800903, 102.597366333, 103.026939392, 103.46811676, 103.89768219, 104.396911621, 104.884536743, 105.372154236, 105.859771729, 106.347389221, 106.835006714, 107.322631836, 107.810249329, 108.297866821, 108.773872375, 109.249885559, 109.725891113, 110.190292358, 110.654693604, 111.119087219, 111.595100403, 112.071105957, 112.547119141, 113.069564819, 113.603622437, 114.126075745, 114.648521423, 115.170974731, 115.681808472, 116.169433594, 116.645439148, 117.121452332, 117.597457886, 118.07346344, 118.561088562, 119.037094116, 119.5131073, 119.989112854, 120.453514099, 120.906303406, 121.38230896, 121.846710205, 122.31111145, 122.775505066, 123.228294373, 123.692695618, 124.157096863, 124.621498108, 125.085891724, 125.550292969, 126.014694214, 126.47908783, 126.943489075, 127.40789032, 127.883895874, 128.336685181, 128.801086426, 129.265487671, 129.729888916, 130.194290161, 130.658676147, 131.192733765, 131.726806641, 132.249252319, 132.783309937, 133.328979492, 133.874649048, 134.420318604, 134.954376221, 135.546478271, 136.138595581, 136.730697632, 137.334411621, 137.938140869, 138.553466797, 139.168792725, 139.784118652, 140.399459839, 141.026397705, 141.641723633, 142.268661499, 142.883987427, 143.499313354, 144.149475098, 144.799636841, 145.449798584, 145.99546814, 146.541137695, 147.144851685, 147.736953735, 148.329071045, 148.921173096, 149.513290405, 150.105392456, 150.697509766, 151.289611816, 151.835281372, 152.380950928, 152.926620483, 153.460678101, 153.994735718, 154.540405273, 155.062850952, 155.596908569, 156.130966187, 156.665023804, 157.19909668, 157.802810669, 158.406524658, 159.010253906, 159.613967896, 160.217681885, 160.821395874, 161.425125122, 162.028839111, 162.620956421, 163.213058472, 163.805160522, 164.408889771, 165.000991821, 165.593109131, 166.185211182, 166.777328491, 167.369430542, 167.949935913, 168.530426025, 169.122543335, 169.714645386, 170.306747437, 170.898864746, 171.479354858, 172.071472168, 172.663574219, 173.255691528, 173.847793579, 174.439910889, 175.032012939, 175.624130249, 176.2162323, 176.796737671, 177.377227783, 177.957733154, 178.561447144, 179.165161133, 179.768890381, 180.384216309, 180.999542236, 181.614868164, 182.230194092, 182.83392334, 183.437637329, 184.041351318, 184.645080566, 185.248794556, 185.864120483, 186.479446411, 187.083175659, 187.686889648, 188.302215576, 188.917541504, 189.53288269, 190.148208618, 190.775146484, 191.402084351, 192.017410278, 192.632736206, 193.248062134, 193.86340332, 194.478729248, 195.105667114, 195.720993042, 196.33631897, 196.951644897, 197.578598022, 198.054595947, 198.530609131, 199.006622314, 199.459411621, 199.923812866, 200.388198853, 200.852600098, 201.317001343, 201.781402588, 202.245803833, 202.721817017, 203.186203003, 203.650604248, 204.126617432, 204.591018677, 205.055419922, 205.531417847, 206.00743103, 206.471832275, 206.936233521, 207.412246704, 207.87663269, 208.352645874, 208.817047119, 209.281448364, 209.757461548, 210.233459473, 210.709472656, 211.208709717, 211.69631958, 212.183944702, 212.659957886, 213.135955811, 213.611968994, 214.087982178, 214.563980103, 215.039993286, 215.504394531, 215.968795776, 216.433197021, 216.897598267, 217.350387573, 217.81477356, 218.279174805, 218.801635742, 219.324081421, 219.939407349, 220.543121338, 221.146850586, 221.773788452, 222.400726318, 223.004440308, 223.619766235, 224.235092163, 224.862030029, 225.477371216, 226.092697144, 226.71963501, 227.346572876, 227.973510742, 228.600448608, 229.227386475, 229.854324341, 230.481262207, 231.108200073, 231.735137939, 232.48979187, 233.244445801, 233.987472534, 234.730514526, 235.473556519, 236.216598511, 236.959625244, 237.702667236, 238.468933105, 239.235183716, 240.001449585, 240.779312134, 241.545578003, 242.300216675, 243.066482544, 243.821136475, 244.564163208, 245.295593262, 246.038635254, 246.735229492, 247.420227051, 248.105209351, 248.755371094, 249.405532837, 250.05569458, 250.694229126, 251.332778931, 251.971328735, 252.60987854, 253.248428345, 253.886978149, 254.502304077, 255.117630005, 255.698135376, 256.278625488, 256.870758057, 257.462860107, 258.043365479, 258.623840332, 259.204345703, 259.784851074, 260.376953125, 260.969055176, 261.549560547, 262.141662598, 262.733795166, 263.325897217, 263.917999268, 264.498504639, 265.07901001, 265.659484863, 266.239990234, 266.820495605, 267.412597656, 268.004699707, 268.585205078, 269.177307129, 269.769439697, 270.361541748, 270.953643799, 271.54574585, 272.126251221, 272.706756592, 273.298858643, 273.879364014, 274.459869385, 275.028747559, 275.597625732, 276.178131104, 276.758636475, 277.339141846, 277.919647217, 278.50012207, 279.080627441, 279.661132812, 280.241638184, 280.822113037, 281.402618408, 281.983123779, 282.57522583, 283.155731201, 283.747833252, 284.339935303, 284.932067871, 285.512542725, 286.093048096, 286.65032959, 287.230834961, 287.811340332, 288.403442383, 288.995544434, 289.587646484, 290.179779053, 290.771881104, 291.363983154, 291.944488525, 292.524993896, 293.10546875, 293.685974121, 294.289703369, 294.905029297, 295.520355225, 296.135681152, 296.75100708], "danceability": 0.976436138153, "bpm_histogram_second_peak_spread": {"dvar": 0, "var": 0, "median": 0.465517222881, "max": 0.465517222881, "dmean": 0, "dmean2": 0, "mean": 0.465517222881, "dvar2": 0, "min": 0.465517222881}}, "lowlevel": {"spectral_flux": {"dvar": 0.000298218161333, "var": 0.00234292703681, "median": 0.0731725171208, "max": 0.293979734182, "dmean": 0.016480602324, "dmean2": 0.0269404947758, "mean": 0.0791925340891, "dvar2": 0.000766337150708, "min": 6.5441277397e-11}, "spectral_rolloff": {"dvar": 38729196, "var": 41071404, "median": 21081.0058594, "max": 22050, "dmean": 2557.30126953, "dmean2": 4952.10351562, "mean": 18982.7304688, "dvar2": 105201408, "min": 43.06640625}, "barkbands_flatness_db": {"dvar": 0.00142493727617, "var": 0.00804618932307, "median": 0.144305929542, "max": 0.559664011002, "dmean": 0.0327163748443, "dmean2": 0.0527220405638, "mean": 0.175051003695, "dvar2": 0.00384204718284, "min": 0.0381843075156}, "spectral_centroid": {"dvar": 31306.4355469, "var": 439217, "median": 1053.95983887, "max": 11611.8818359, "dmean": 167.310806274, "dmean2": 256.153137207, "mean": 1092.84838867, "dvar2": 64332.5390625, "min": 79.7073287964}, "melbands_skewness": {"dvar": 2.43696093559, "var": 14.4618749619, "median": 1.92049968243, "max": 50.4676475525, "dmean": 1.2176296711, "dmean2": 1.9524743557, "mean": 3.19546747208, "dvar2": 6.35487127304, "min": -7.6309967041}, "melbands": {"dvar": [1.45957278619e-06, 8.99220708561e-07, 1.17694845869e-07, 1.38546624839e-06, 5.14062890034e-07, 6.75819862295e-08, 5.48044667426e-08, 1.5434473255e-07, 1.27332384636e-08, 1.62725335429e-08, 2.48954457049e-08, 7.7838052448e-08, 9.74619567273e-08, 3.90963670327e-08, 4.44607834993e-08, 1.59438986458e-08, 5.41926015174e-09, 3.57164409159e-09, 1.09045528163e-09, 3.16999004824e-09, 1.05565645114e-09, 1.65739311164e-10, 8.75283248658e-11, 3.49493697871e-11, 1.41973125964e-11, 7.0499790901e-12, 7.35121078593e-12, 4.47716820215e-12, 1.59754295296e-12, 9.73455257375e-13, 4.81070153331e-13, 2.07862115649e-13, 5.93059509921e-13, 1.38376221831e-13, 3.61425672106e-14, 1.47232605204e-14, 2.20885829972e-14, 3.87522062643e-15, 7.44571024455e-16, 4.66847132258e-16], "var": [2.16914440898e-06, 1.00447596196e-06, 1.69979941234e-07, 5.94220409766e-06, 1.78444963694e-06, 1.64452785612e-07, 1.52263538666e-07, 4.31691745462e-07, 3.70031294494e-08, 3.84012643906e-08, 6.50094804655e-08, 1.90110540643e-07, 2.79222433619e-07, 1.26064804817e-07, 2.94241459642e-07, 3.37658789817e-08, 2.11740402989e-08, 7.83341569388e-09, 2.69154010191e-09, 6.51513332173e-09, 3.02293234888e-09, 4.34290436946e-10, 2.6731811209e-10, 1.18965143292e-10, 5.00686367366e-11, 2.62000334622e-11, 2.45550142719e-11, 1.49470123778e-11, 6.66972380103e-12, 4.06843048834e-12, 2.11963151024e-12, 1.02287514396e-12, 1.27053651888e-12, 4.33125405116e-13, 1.54308870911e-13, 5.81193350824e-14, 3.79933138715e-14, 8.11541673841e-15, 1.35125821411e-15, 5.70163181906e-16], "median": [0.000606055837125, 0.000315807847073, 0.00010234137153, 3.65954329027e-05, 3.11273361149e-05, 2.56676048593e-05, 2.51589517575e-05, 1.88744143088e-05, 1.070628241e-05, 1.36466178446e-05, 2.55842132901e-05, 2.09168392757e-05, 2.1119180019e-05, 1.96347918973e-05, 1.63396762218e-05, 1.39597268571e-05, 1.2365796465e-05, 1.28658548419e-05, 9.72658926912e-06, 1.40852844197e-05, 1.13067990242e-05, 5.75132344238e-06, 2.01914394893e-06, 6.85401971623e-07, 4.07657296364e-07, 2.83657669797e-07, 2.3355731571e-07, 1.89615150248e-07, 1.80874280886e-07, 1.38877013001e-07, 1.21238926454e-07, 1.16100572711e-07, 1.20330682307e-07, 8.90367033435e-08, 4.92122751439e-08, 2.68352149391e-08, 1.0677583262e-08, 6.45907505259e-09, 5.19185228143e-09, 3.9081529124e-09], "max": [0.0142458444461, 0.0145237985998, 0.00578354205936, 0.0282569024712, 0.0167366936803, 0.00767867080867, 0.00441809650511, 0.011908444576, 0.00571569660679, 0.00323489611037, 0.00516863819212, 0.00777905667201, 0.00994414743036, 0.010196460411, 0.00990112591535, 0.00263629271649, 0.00590772600845, 0.00179066555575, 0.000660211837385, 0.00139209453482, 0.000830027274787, 0.000548910466023, 0.000206162803806, 0.000175495239091, 7.77734458097e-05, 6.46602929919e-05, 0.000108500498754, 0.000106508370664, 3.06425245071e-05, 2.52130048466e-05, 1.7451324311e-05, 9.66954485193e-06, 5.80083542445e-05, 1.98551260837e-05, 5.59872023587e-06, 4.45308842245e-06, 8.54955123941e-06, 3.40516271535e-06, 5.97544499215e-07, 2.97721697962e-07], "dmean": [0.000806975585874, 0.000502944050822, 0.000178198723006, 0.000319529790431, 0.000209884979995, 9.15620694286e-05, 8.6649772129e-05, 8.71455486049e-05, 3.32887830155e-05, 3.95969182136e-05, 5.46736810065e-05, 7.8894518083e-05, 8.59326464706e-05, 6.2140141381e-05, 6.17975674686e-05, 4.58555587102e-05, 2.80011645373e-05, 2.55148152064e-05, 1.56385049195e-05, 2.43454196607e-05, 1.595273352e-05, 6.68496659273e-06, 4.39996165369e-06, 2.48948640547e-06, 1.58570458098e-06, 1.11046847451e-06, 9.72501084107e-07, 7.28605868971e-07, 5.30994668679e-07, 4.09752715314e-07, 2.83385020339e-07, 2.00342014978e-07, 2.05841132583e-07, 1.48146995116e-07, 8.82994655171e-08, 5.4179587039e-08, 3.5551245503e-08, 2.2212656603e-08, 1.43319587309e-08, 1.14689067132e-08], "dmean2": [0.00132767006289, 0.000848067109473, 0.000297441933071, 0.000477733730804, 0.000326951529132, 0.000144867473864, 0.000135862777825, 0.000130060623633, 5.29249191459e-05, 6.35056057945e-05, 8.7875254394e-05, 0.000122190278489, 0.000133358989842, 9.85463193501e-05, 9.94078945951e-05, 7.47890735511e-05, 4.47171114502e-05, 4.12744120695e-05, 2.5676587029e-05, 4.00460085075e-05, 2.57041374425e-05, 1.10234550448e-05, 7.17820330465e-06, 4.07740526498e-06, 2.61281297753e-06, 1.83825261502e-06, 1.58617763191e-06, 1.19228207041e-06, 8.68156007527e-07, 6.60748526116e-07, 4.50613811154e-07, 3.23678790437e-07, 3.28066903421e-07, 2.36761195538e-07, 1.39456162174e-07, 8.63995524014e-08, 5.67267477436e-08, 3.58486822449e-08, 2.36622863525e-08, 1.90086275609e-08], "mean": [0.00111900211778, 0.000648171175271, 0.0002472991182, 0.00076535565313, 0.000479881244246, 0.000162816199008, 0.000156873196829, 0.000149582774611, 5.44861759408e-05, 6.35336546111e-05, 9.1443209385e-05, 0.00013952984591, 0.000148858336615, 0.000116753370094, 0.000135399430292, 7.72395942477e-05, 5.4617299611e-05, 4.51701926067e-05, 2.90444550046e-05, 4.21940967499e-05, 3.07171176246e-05, 1.33941148306e-05, 9.11090228328e-06, 5.36059860679e-06, 3.53596487912e-06, 2.57249848801e-06, 2.1881403427e-06, 1.68630197095e-06, 1.28818635403e-06, 9.98292193799e-07, 7.13708686817e-07, 5.18424883467e-07, 4.67074045218e-07, 3.42321811786e-07, 2.14895507611e-07, 1.25138143403e-07, 6.72126176937e-08, 3.87829750537e-08, 2.02769729896e-08, 1.26361845432e-08], "dvar2": [3.59406408279e-06, 2.41865996031e-06, 3.02327919144e-07, 3.42744192494e-06, 1.54167344135e-06, 1.56563544351e-07, 1.19808916565e-07, 2.87387535991e-07, 2.612291361e-08, 3.62427527989e-08, 5.48642979936e-08, 1.6998819774e-07, 1.96726261947e-07, 8.44493897034e-08, 1.03739942858e-07, 4.18637924327e-08, 1.15226663766e-08, 9.25029652876e-09, 2.87927037768e-09, 8.30927859852e-09, 2.6640847306e-09, 4.3596143362e-10, 2.29874924651e-10, 9.38175301335e-11, 3.88417562003e-11, 1.94703992512e-11, 1.8628069573e-11, 1.10947041485e-11, 4.28425480856e-12, 2.54216721458e-12, 1.23110983213e-12, 5.34067961296e-13, 1.27596978122e-12, 3.27486627226e-13, 8.51520934385e-14, 3.66293841504e-14, 4.95370278543e-14, 9.12028156989e-15, 1.93882877011e-15, 1.22133193621e-15], "min": [4.49045935763e-24, 2.38086149248e-24, 2.28757080183e-24, 2.07481698784e-24, 1.11020536712e-24, 2.85620836637e-24, 2.37208423162e-24, 1.18184567162e-24, 3.29964759157e-24, 4.38097926905e-24, 2.22981218128e-24, 5.29362073334e-24, 3.45495754052e-24, 3.84809938884e-24, 4.86315748116e-24, 6.01991313586e-24, 3.74814992329e-24, 3.72290676875e-24, 6.82724482475e-24, 6.12519530114e-24, 8.15161606687e-24, 6.64463378038e-24, 6.08545248873e-24, 6.21305902319e-24, 6.23572141928e-24, 6.89746606709e-24, 6.18751097391e-24, 5.04334396154e-24, 6.29195773549e-24, 7.52239063215e-24, 6.42105797807e-24, 5.80401413345e-24, 3.84556872306e-24, 5.19782817033e-24, 7.88511203182e-24, 6.85156540646e-24, 5.70084335439e-24, 7.12537271577e-24, 8.16066035715e-24, 6.72156349586e-24]}, "spectral_decrease": {"dvar": 3.25128075373e-18, "var": 1.07248110592e-17, "median": -1.18916432257e-09, "max": 6.17817974558e-09, "dmean": 1.28975830016e-09, "dmean2": 2.02663330562e-09, "mean": -2.43023601243e-09, "dvar2": 8.34698939859e-18, "min": -2.61247663502e-08}, "barkbands_kurtosis": {"dvar": 9816.54003906, "var": 15959.9208984, "median": 2.09473133087, "max": 2906.24145508, "dmean": 30.304101944, "dmean2": 50.2786865234, "mean": 45.2641716003, "dvar2": 26063.1347656, "min": -1.8741350174}, "silence_rate_30dB": {"dvar": 0.00373247521929, "var": 0.00728240609169, "median": 1, "max": 1, "dmean": 0.00374648766592, "dmean2": 0.00749356020242, "mean": 0.992663681507, "dvar2": 0.0094665363431, "min": 0}, "gfcc": {"mean": [-76.8317718506, 83.6851654053, -83.9262695312, -12.4027862549, 4.68548440933, -6.88521385193, 3.44141411781, -21.2928276062, 7.89056348801, -10.6239681244, -3.85155248642, 3.19046401978, -1.38673889637], "cov": [[18082.484375, -761.348327637, -3200.21533203, -1410.12475586, -6.40860128403, -1311.62805176, -79.651008606, -1138.20251465, 67.2225723267, -413.883972168, -80.7561416626, 70.8075027466, -268.121063232], [-761.348327637, 906.662902832, 402.239196777, -83.8279418945, -88.6090393066, 2.77459359169, -73.1452255249, 144.639160156, 50.8633117676, -7.60454130173, -55.0968704224, -47.1998710632, 106.365188599], [-3200.21533203, 402.239196777, 1111.70214844, 483.696105957, -106.565513611, 274.336151123, -77.1462554932, 378.60256958, -108.329330444, 117.87272644, 27.7636642456, -83.9515075684, 86.8001098633], [-1410.12475586, -83.8279418945, 483.696105957, 440.520385742, 66.495880127, 142.32862854, 14.8409576416, 141.924850464, -51.1455879211, 69.53490448, 35.9269104004, -23.8152618408, -2.698959589], [-6.40860128403, -88.6090393066, -106.565513611, 66.495880127, 285.481567383, 65.3194732666, 119.74029541, -49.3002281189, 112.373352051, -14.8540325165, -6.82988071442, 32.9297485352, -17.6626644135], [-1311.62805176, 2.77459359169, 274.336151123, 142.32862854, 65.3194732666, 316.31149292, 30.0339164734, 154.870559692, -8.33109283447, 50.1377487183, 6.54037237167, -1.74606347084, 47.9910469055], [-79.651008606, -73.1452255249, -77.1462554932, 14.8409576416, 119.74029541, 30.0339164734, 196.53704834, 21.3015117645, 83.7181472778, -8.42919921875, 13.1323432922, 30.4832801819, -33.795665741], [-1138.20251465, 144.639160156, 378.60256958, 141.924850464, -49.3002281189, 154.870559692, 21.3015117645, 310.979492188, 44.4738235474, 69.7268600464, -3.86827087402, -41.1190910339, 39.915473938], [67.2225723267, 50.8633117676, -108.329330444, -51.1455879211, 112.373352051, -8.33109283447, 83.7181472778, 44.4738235474, 241.516540527, 39.1477127075, -33.9805297852, 20.1020946503, -22.9570026398], [-413.883972168, -7.60454130173, 117.87272644, 69.53490448, -14.8540325165, 50.1377487183, -8.42919921875, 69.7268600464, 39.1477127075, 100.265739441, 40.9345474243, -9.78243732452, -5.6796002388], [-80.7561416626, -55.0968704224, 27.7636642456, 35.9269104004, -6.82988071442, 6.54037237167, 13.1323432922, -3.86827087402, -33.9805297852, 40.9345474243, 83.9118270874, 28.449836731, -8.11498451233], [70.8075027466, -47.1998710632, -83.9515075684, -23.8152618408, 32.9297485352, -1.74606347084, 30.4832801819, -41.1190910339, 20.1020946503, -9.78243732452, 28.449836731, 76.6806488037, 10.4172716141], [-268.121063232, 106.365188599, 86.8001098633, -2.698959589, -17.6626644135, 47.9910469055, -33.795665741, 39.915473938, -22.9570026398, -5.6796002388, -8.11498451233, 10.4172716141, 88.5783233643]], "icov": [[0.000146748643601, -0.000118049800221, 0.000586782232858, -0.000199308182346, -5.84212966714e-06, 0.000253133999649, 0.000170978339156, -0.000180542774615, 0.000118640615256, 0.000122404147987, -0.000205815682421, 0.000276661710814, 3.62582710522e-07], [-0.000118049800221, 0.00297802104615, -0.00333791063167, 0.0031218053773, -0.000628822424915, 0.000832326128148, 9.55299838097e-05, 0.000591050484218, -0.00178926554509, 0.00142312969547, -0.000392905698391, 0.000877712911461, -0.00188525102567], [0.000586782232858, -0.00333791063167, 0.00878718867898, -0.00702106487006, 0.00209170137532, -0.000874167191796, 0.00111649243627, -0.00302881747484, 0.00185712066013, -0.000362131075235, -0.00132542045321, 0.00184842769522, -0.000239562243223], [-0.000199308182346, 0.0031218053773, -0.00702106487006, 0.0107948500663, -0.0054223225452, 0.00209430861287, -0.000250331795542, -0.000536279811058, 0.00271700345911, -0.00372013100423, 0.00292881205678, -0.00256143556908, 0.00182250840589], [-5.84212966714e-06, -0.000628822424915, 0.00209170137532, -0.0054223225452, 0.0109343072399, -0.00449212314561, -0.00265387585387, 0.00469451025128, -0.00766245787963, 0.00690428959206, -0.00501214200631, 0.00408403016627, -0.00247408030555], [0.000253133999649, 0.000832326128148, -0.000874167191796, 0.00209430861287, -0.00449212314561, 0.00781366601586, -0.000456178095192, -0.00350917922333, 0.00464392546564, -0.00556558649987, 0.00461907312274, -0.00307194748893, -0.00140349857975], [0.000170978339156, 9.55299838097e-05, 0.00111649243627, -0.000250331795542, -0.00265387585387, -0.000456178095192, 0.0100478427485, -0.00303200911731, -0.00257699517533, 0.00561477988958, -0.0051622223109, -0.000615204800852, 0.00351053266786], [-0.000180542774615, 0.000591050484218, -0.00302881747484, -0.000536279811058, 0.00469451025128, -0.00350917922333, -0.00303200911731, 0.0104809841141, -0.00606984412298, 0.00169645005371, -0.00223601539619, 0.00490302918479, -0.00359283573925], [0.000118640615256, -0.00178926554509, 0.00185712066013, 0.00271700345911, -0.00766245787963, 0.00464392546564, -0.00257699517533, -0.00606984412298, 0.0182631388307, -0.0179034434259, 0.0166610013694, -0.0110861435533, 0.00489416904747], [0.000122404147987, 0.00142312969547, -0.000362131075235, -0.00372013100423, 0.00690428959206, -0.00556558649987, 0.00561477988958, 0.00169645005371, -0.0179034434259, 0.0359237007797, -0.0268272515386, 0.0142712658271, -0.00179976585787], [-0.000205815682421, -0.000392905698391, -0.00132542045321, 0.00292881205678, -0.00501214200631, 0.00461907312274, -0.0051622223109, -0.00223601539619, 0.0166610013694, -0.0268272515386, 0.0376826040447, -0.0199559871107, 0.00516997370869], [0.000276661710814, 0.000877712911461, 0.00184842769522, -0.00256143556908, 0.00408403016627, -0.00307194748893, -0.000615204800852, 0.00490302918479, -0.0110861435533, 0.0142712658271, -0.0199559871107, 0.0289939697832, -0.00926754344255], [3.62582710522e-07, -0.00188525102567, -0.000239562243223, 0.00182250840589, -0.00247408030555, -0.00140349857975, 0.00351053266786, -0.00359283573925, 0.00489416904747, -0.00179976585787, 0.00516997370869, -0.00926754344255, 0.0197866987437]]}, "silence_rate_20dB": {"dvar": 0, "var": 0, "median": 1, "max": 1, "dmean": 0, "dmean2": 0, "mean": 1, "dvar2": 0, "min": 1}, "barkbands_skewness": {"dvar": 3.73630166054, "var": 18.3606071472, "median": 1.50329232216, "max": 41.1979026794, "dmean": 1.17124414444, "dmean2": 1.86810290813, "mean": 3.18468356133, "dvar2": 9.59879970551, "min": -2.79493403435}, "erbbands_skewness": {"dvar": 0.325917363167, "var": 1.49733674526, "median": -0.0332555659115, "max": 9.90790557861, "dmean": 0.492528945208, "dmean2": 0.784472942352, "mean": 0.236262843013, "dvar2": 0.834763646126, "min": -3.51890659332}, "spectral_contrast_valleys": {"dvar": [0.114537499845, 0.180381029844, 0.137085661292, 0.150904208422, 0.172186806798, 0.246512502432], "var": [1.29443621635, 2.00660634041, 2.23332953453, 2.58198833466, 2.24803543091, 1.41296756268], "median": [-7.3765668869, -7.1809835434, -7.19164323807, -7.38901901245, -8.38827323914, -11.4568767548], "max": [-5.54329490662, -5.06004953384, -5.2583026886, -5.44477796555, -5.93741464615, -9.34025192261], "dmean": [0.4194483459, 0.461710572243, 0.381836026907, 0.35575824976, 0.363519489765, 0.578143358231], "dmean2": [0.689891517162, 0.757897734642, 0.620503842831, 0.567766189575, 0.580676317215, 0.921684741974], "mean": [-7.55913543701, -7.47635221481, -7.57885742188, -7.81336450577, -8.50316524506, -11.6113433838], "dvar2": [0.302438288927, 0.483005970716, 0.359222114086, 0.398905724287, 0.457570821047, 0.68111884594], "min": [-27.8563480377, -27.8808422089, -27.6225090027, -27.3717212677, -27.5584068298, -27.3364372253]}, "spectral_strongpeak": {"dvar": 233.451660156, "var": 292.309509277, "median": 0.216851308942, "max": 202.543762207, "dmean": 5.45816135406, "dmean2": 9.9528093338, "mean": 5.46148443222, "dvar2": 602.287597656, "min": 0}, "erbbands_crest": {"dvar": 9.04617023468, "var": 33.8325195312, "median": 8.79666137695, "max": 34.6795349121, "dmean": 3.05729579926, "dmean2": 4.99249458313, "mean": 10.5988292694, "dvar2": 22.7180576324, "min": 2.14620423317}, "barkbands_crest": {"dvar": 6.90988063812, "var": 32.0301399231, "median": 11.3012247086, "max": 26.6215744019, "dmean": 2.95009040833, "dmean2": 4.83568525314, "mean": 12.4627161026, "dvar2": 17.8283977509, "min": 3.25462341309}, "spectral_energyband_middle_low": {"dvar": 3.05554676743e-05, "var": 0.000150110819959, "median": 0.00143747741822, "max": 0.112794809043, "dmean": 0.00237753870897, "dmean2": 0.00362085574307, "mean": 0.00663465866819, "dvar2": 7.74036307121e-05, "min": 1.27840753573e-22}, "spectral_contrast_coeffs": {"dvar": [0.00176900671795, 0.00133077474311, 0.000920953752939, 0.000550010125153, 0.000449325947557, 0.000854511454236], "var": [0.0113395415246, 0.00669593783095, 0.0051748547703, 0.00450273416936, 0.00353474076837, 0.00554316397756], "median": [-0.751151025295, -0.812712073326, -0.820407450199, -0.81356292963, -0.810619533062, -0.772658586502], "max": [-0.274726957083, -0.473060727119, -0.393159359694, -0.481019437313, -0.659308731556, -0.551909387112], "dmean": [0.0518676154315, 0.0441662147641, 0.0373973213136, 0.0297227911651, 0.0249982699752, 0.0315978974104], "dmean2": [0.0851665437222, 0.0737117603421, 0.0616685561836, 0.0494178384542, 0.0412714704871, 0.050260733813], "mean": [-0.727391839027, -0.801944494247, -0.814476668835, -0.819128870964, -0.826613724232, -0.772589504719], "dvar2": [0.00454426323995, 0.00347386393696, 0.00244502117857, 0.00150729087181, 0.00116460805293, 0.00219199620187], "min": [-0.985284030437, -0.971562445164, -0.979040980339, -0.987947404385, -0.973877131939, -0.963863551617]}, "hfc": {"dvar": 4775.82568359, "var": 49508.3125, "median": 105.240913391, "max": 1679.49768066, "dmean": 47.6587715149, "dmean2": 74.5210647583, "mean": 188.575653076, "dvar2": 11569.8759766, "min": 1.08032322481e-16}, "spectral_energyband_high": {"dvar": 1.09168445306e-06, "var": 7.04704461896e-06, "median": 0.000616256846115, "max": 0.0253141634166, "dmean": 0.000556966173463, "dmean2": 0.000833557336591, "mean": 0.00172734842636, "dvar2": 2.38828943111e-06, "min": 7.30596128486e-21}, "erbbands_spread": {"dvar": 56.0244789124, "var": 234.378768921, "median": 22.3946800232, "max": 120.081558228, "dmean": 6.63046312332, "dmean2": 10.6227626801, "mean": 25.8303623199, "dvar2": 144.603591919, "min": 0.47290956974}, "dissonance": {"dvar": 0.000657351978589, "var": 0.00109775050078, "median": 0.481464207172, "max": 0.500000178814, "dmean": 0.0193113423884, "dmean2": 0.032533545047, "mean": 0.470592230558, "dvar2": 0.00178037770092, "min": 0.181436389685}, "spectral_kurtosis": {"dvar": 28.4933700562, "var": 94.5058517456, "median": 22.9325084686, "max": 94.5924377441, "dmean": 4.82054185867, "dmean2": 7.75424766541, "mean": 23.2585926056, "dvar2": 74.157623291, "min": -1.2232401371}, "spectral_skewness": {"dvar": 0.157076135278, "var": 0.625908792019, "median": 3.61437368393, "max": 7.60043764114, "dmean": 0.390044182539, "dmean2": 0.62828618288, "mean": 3.60289788246, "dvar2": 0.410244762897, "min": -0.0666528120637}, "pitch_salience": {"dvar": 0.00523090176284, "var": 0.0298003107309, "median": 0.516283929348, "max": 0.922777295113, "dmean": 0.0818496122956, "dmean2": 0.133017748594, "mean": 0.479425281286, "dvar2": 0.0135975275189, "min": 0.0177512429655}, "spectral_complexity": {"dvar": 7.13717317581, "var": 136.152832031, "median": 13, "max": 51, "dmean": 2.56650018692, "dmean2": 4.08570766449, "mean": 14.3153829575, "dvar2": 16.7711906433, "min": 0}, "spectral_spread": {"dvar": 292549296128, "var": 2504229912580.0, "median": 4323206.5, "max": 41551216, "dmean": 470993.25, "dmean2": 761692.0625, "mean": 4518267, "dvar2": 740297080832, "min": 1559422.875}, "dynamic_complexity": 6.28305912018, "melbands_crest": {"dvar": 14.7191143036, "var": 67.6670761108, "median": 17.8705635071, "max": 39.5116386414, "dmean": 4.36547756195, "dmean2": 7.2012462616, "mean": 18.7516212463, "dvar2": 39.0349311829, "min": 1.55297803879}, "zerocrossingrate": {"dvar": 0.00153250712901, "var": 0.0128203853965, "median": 0.3505859375, "max": 0.99951171875, "dmean": 0.0439510308206, "dmean2": 0.0563909001648, "mean": 0.347630441189, "dvar2": 0.00257306266576, "min": 0.02392578125}, "spectral_energyband_low": {"dvar": 2.28565040743e-05, "var": 3.69634799426e-05, "median": 0.00318524846807, "max": 0.0559108518064, "dmean": 0.00328361196443, "dmean2": 0.00534077547491, "mean": 0.00519818207249, "dvar2": 5.65221671422e-05, "min": 3.00348944679e-23}, "melbands_kurtosis": {"dvar": 5679.08642578, "var": 14327.0576172, "median": 4.13815689087, "max": 3862.22607422, "dmean": 26.3802757263, "dmean2": 43.1603736877, "mean": 46.7838478088, "dvar2": 13784.6171875, "min": -1.90390908718}, "spectral_energyband_middle_high": {"dvar": 1.40200863825e-05, "var": 8.50631113281e-05, "median": 0.00209340429865, "max": 0.086939163506, "dmean": 0.00183937547263, "dmean2": 0.00276691000909, "mean": 0.00591552630067, "dvar2": 2.99066614389e-05, "min": 1.3646586841e-21}, "barkbands_spread": {"dvar": 139.974807739, "var": 1058.37878418, "median": 44.9285583496, "max": 142.52772522, "dmean": 10.7690725327, "dmean2": 17.0029582977, "mean": 44.4612197876, "dvar2": 333.540557861, "min": 0.104134760797}, "mfcc": {"mean": [-746.226318359, 155.141296387, -18.802728653, 18.3929519653, 11.7057323456, 27.4554576874, -0.379024386406, 13.0607643127, 6.28808069229, 1.9841272831, -2.07443284988, 4.22510242462, 7.25825929642], "cov": [[16039.7089844, 543.88848877, -3762.32592773, -322.765563965, -1129.7265625, -53.0195579529, -1019.77789307, -303.067993164, -754.618164062, -329.163909912, -504.400054932, -170.562423706, -148.784454346], [543.88848877, 940.550598145, 8.27954292297, -131.507324219, -20.4875087738, -112.573219299, -142.674926758, -24.9277954102, 117.896965027, -9.00047874451, -23.5079631805, -72.0894927979, 41.6308555603], [-3762.32592773, 8.27954292297, 1429.7755127, 192.469467163, 301.982666016, -148.599273682, 331.424224854, -1.01712679863, 145.936752319, 84.3715133667, 117.660987854, 10.1016311646, -19.8714942