{"tonal": {"hpcp": {"dvar": [0.0340603552759, 0.0311899669468, 0.0204212870449, 0.0146660236642, 0.0148406820372, 0.0145730283111, 0.0234429985285, 0.0228773280978, 0.018401497975, 0.0247433036566, 0.0206401739269, 0.0161663647741, 0.0185731630772, 0.0277106147259, 0.0312404576689, 0.0427017062902, 0.033836286515, 0.041278604418, 0.0203012209386, 0.00993918254972, 0.0153111387044, 0.0213692653924, 0.0235988125205, 0.018136261031, 0.016616685316, 0.0136082163081, 0.0170311257243, 0.022900018841, 0.0249921586365, 0.0229871850461, 0.0286537483335, 0.021822117269, 0.012373002246, 0.00839564017951, 0.014233016409, 0.025273649022], "var": [0.0557076632977, 0.0456843711436, 0.0160875990987, 0.00946338661015, 0.00976059027016, 0.0175537262112, 0.0503462404013, 0.0306444149464, 0.0356167778373, 0.119890622795, 0.0495663434267, 0.0148382866755, 0.0239125173539, 0.0252507701516, 0.0337532646954, 0.130091384053, 0.126590073109, 0.0395604968071, 0.0137486122549, 0.00801843218505, 0.0248857401311, 0.0840606167912, 0.0582550242543, 0.0219891872257, 0.0149787198752, 0.00965986493975, 0.024842068553, 0.0596948601305, 0.0434404797852, 0.0626990273595, 0.170912310481, 0.0631690323353, 0.0102373817936, 0.00608769571409, 0.0107476105914, 0.0295091979206], "median": [0.013264621608, 0.0111499074847, 0.00424272660166, 0.00158195523545, 0.00169356772676, 0.0160322431475, 0.0264163520187, 0.0237289071083, 0.0135713713244, 0.00692942459136, 0.00322550814599, 0.00375262647867, 0.00278406962752, 0.00300169689581, 0.0351717062294, 0.093378610909, 0.0657572448254, 0.0106225805357, 0.00176972011104, 0.00184856995475, 0.00508881406859, 0.00849741417915, 0.00984144303948, 0.00528747169301, 0.0032417983748, 0.00204247259535, 0.00529048452154, 0.00910930149257, 0.011317412369, 0.0626833736897, 0.105822697282, 0.0667926967144, 0.00908055528998, 0.00277134426869, 0.0014597857371, 0.00576418638229], "max": [1, 1, 1, 1, 1, 1, 1, 1, 1, 1, 1, 1, 1, 1, 1, 1, 1, 1, 1, 1, 1, 1, 1, 1, 1, 1, 1, 1, 1, 1, 1, 1, 1, 1, 1, 1], "dmean": [0.0859506949782, 0.0779703482985, 0.0469280034304, 0.0297772064805, 0.0300900060683, 0.0487036705017, 0.0656000077724, 0.0625892281532, 0.0635901167989, 0.0573712289333, 0.0619526393712, 0.0434410609305, 0.044426959008, 0.0591444000602, 0.0937342643738, 0.124846927822, 0.104418486357, 0.0950665026903, 0.04138456285, 0.02443530038, 0.0439659282565, 0.0558214075863, 0.0658533424139, 0.0540884509683, 0.0416141264141, 0.0308123789728, 0.0472212806344, 0.0616864897311, 0.0678680464625, 0.0872509777546, 0.0800872966647, 0.0847217142582, 0.0425645448267, 0.0268883798271, 0.0359168872237, 0.0614596307278], "dmean2": [0.144802227616, 0.13156542182, 0.0851283669472, 0.0553081296384, 0.0564950220287, 0.0856922641397, 0.112293310463, 0.110105022788, 0.10873953253, 0.0974321439862, 0.102261051536, 0.0777612328529, 0.0806066393852, 0.109563924372, 0.167646154761, 0.210301101208, 0.173735976219, 0.172618925571, 0.0779772624373, 0.0444734171033, 0.0745869129896, 0.0916618332267, 0.110480159521, 0.0940392687917, 0.0747074410319, 0.0559991970658, 0.0800938084722, 0.104937270284, 0.117110945284, 0.148476615548, 0.130525678396, 0.142920926213, 0.0764306560159, 0.0490521602333, 0.0649745315313, 0.108099848032], "mean": [0.123879760504, 0.106912173331, 0.0412466526031, 0.0209093112499, 0.0211020987481, 0.0650842860341, 0.121913865209, 0.0883587375283, 0.107160709798, 0.182216480374, 0.113587126136, 0.0384911485016, 0.0477079749107, 0.0505617335439, 0.112774759531, 0.291760951281, 0.277007192373, 0.0952396765351, 0.028247544542, 0.019566655159, 0.0642880275846, 0.137738868594, 0.115521334112, 0.0590159669518, 0.0404870063066, 0.0246170219034, 0.0609885118902, 0.109154708683, 0.090553842485, 0.199942797422, 0.352191448212, 0.20810289681, 0.0385388918221, 0.0217590723187, 0.0261831991374, 0.0639492943883], "dvar2": [0.0897070616484, 0.0797426998615, 0.0566481873393, 0.0416132733226, 0.0421685986221, 0.0404119156301, 0.0611045621336, 0.0629283562303, 0.0491990372539, 0.0555833168328, 0.0524507537484, 0.0446220226586, 0.0501268655062, 0.0793727189302, 0.0882690399885, 0.111249856651, 0.0834498554468, 0.129850924015, 0.0641924515367, 0.027653042227, 0.0389774590731, 0.0475521050394, 0.0555284097791, 0.0447164997458, 0.0456599891186, 0.0374458320439, 0.0417517125607, 0.0534351989627, 0.0629437714815, 0.0627180859447, 0.0611909478903, 0.0552376620471, 0.033122882247, 0.0228638723493, 0.0389342196286, 0.0678027793765], "min": [0, 0, 0, 0, 0, 0, 0, 0, 0, 0, 0, 0, 0, 0, 0, 0, 0, 0, 0, 0, 0, 0, 0, 0, 0, 0, 0, 0, 0, 0, 0, 0, 0, 0, 0, 0]}, "key_key": "G", "thpcp": [1, 0.590880036354, 0.109425969422, 0.0617819428444, 0.0743436515331, 0.181575372815, 0.351739823818, 0.303562670946, 0.117114290595, 0.059369161725, 0.0599165558815, 0.184798032045, 0.346157938242, 0.250882685184, 0.304268360138, 0.517379045486, 0.322515279055, 0.109290413558, 0.135460346937, 0.143563210964, 0.320208668709, 0.828415751457, 0.786524474621, 0.270420193672, 0.0802050828934, 0.055556870997, 0.182537168264, 0.391090899706, 0.328007221222, 0.16756786406, 0.114957377315, 0.0698967054486, 0.173168629408, 0.309930026531, 0.257115393877, 0.567710518837], "chords_key": "G", "tuning_equal_tempered_deviation": 0.0617115050554, "tuning_frequency": 439.238189697, "tuning_diatonic_strength": 0.660095155239, "chords_histogram": [40.2442016602, 15.4822950363, 15.9462757111, 0, 0.732600748539, 0, 0.463980466127, 0, 0, 0, 0, 0, 0, 0, 0.0976800993085, 3.46764349937, 0, 2.4175825119, 0, 0.317460328341, 0, 3.63858366013, 9.05982875824, 8.13186836243], "key_strength": 0.847134053707, "key_scale": "major", "chords_strength": {"dvar": 5.19022178196e-05, "var": 0.007354227826, "median": 0.505549311638, "max": 0.726161003113, "dmean": 0.0084370970726, "dmean2": 0.0064252205193, "mean": 0.493851691484, "dvar2": 4.21482582169e-05, "min": 0.257760822773}, "chords_number_rate": 0.00195360206999, "tuning_nontempered_energy_ratio": 0.697359204292, "hpcp_entropy": {"dvar": 0.27830862999, "var": 0.730454802513, "median": 1.75018930435, "max": 4.28880977631, "dmean": 0.520054638386, "dmean2": 0.859858512878, "mean": 1.71224403381, "dvar2": 0.675165712833, "min": 0}, "chords_changes_rate": 0.0454212464392, "chords_scale": "major"}, "rhythm": {"bpm_histogram_first_peak_spread": {"dvar": 0, "var": 0, "median": 0.482972145081, "max": 0.482972145081, "dmean": 0, "dmean2": 0, "mean": 0.482972145081, "dvar2": 0, "min": 0.482972145081}, "bpm_histogram_first_peak_weight": {"dvar": 0, "var": 0, "median": 0.444148927927, "max": 0.444148927927, "dmean": 0, "dmean2": 0, "mean": 0.444148927927, "dvar2": 0, "min": 0.444148927927}, "bpm_histogram_first_peak_bpm": {"dvar": 0, "var": 0, "median": 120, "max": 120, "dmean": 0, "dmean2": 0, "mean": 120, "dvar2": 0, "min": 120}, "bpm": 119.835838318, "bpm_histogram_second_peak_weight": {"dvar": 0, "var": 0, "median": 0.0478723421693, "max": 0.0478723421693, "dmean": 0, "dmean2": 0, "mean": 0.0478723421693, "dvar2": 0, "min": 0.0478723421693}, "beats_loudness": {"dvar": 0.00119611038826, "var": 0.00122619280592, "median": 0.0178326871246, "max": 0.147698253393, "dmean": 0.0354160666466, "dmean2": 0.068630002439, "mean": 0.0335797294974, "dvar2": 0.00344243808649, "min": 1.8115131617e-09}, "beats_loudness_band_ratio": {"dvar": [0.043066393584, 0.0326256379485, 0.00762578193098, 0.00440669758245, 0.00186617556028, 0.0119810029864], "var": [0.0773585736752, 0.0527315661311, 0.0072915093042, 0.00376701191999, 0.00306814536452, 0.00760155729949], "median": [0.681732833385, 0.213616788387, 0.0362551212311, 0.0123706432059, 0.0113863395527, 0.00825518742204], "max": [0.988679230213, 0.870426237583, 0.765662193298, 0.640012025833, 0.427282989025, 0.628575623035], "dmean": [0.238056629896, 0.216235488653, 0.060424759984, 0.0308885481209, 0.0311700385064, 0.0516460128129], "dmean2": [0.388091117144, 0.353582531214, 0.105734407902, 0.0550329126418, 0.0510052964091, 0.0941175669432], "mean": [0.613899469376, 0.288208603859, 0.0669856667519, 0.0305887553841, 0.03205614537, 0.0356256067753], "dvar2": [0.0840487927198, 0.078218601644, 0.0210794303566, 0.0122980922461, 0.0045547648333, 0.033197209239], "min": [0.0254055019468, 0.00569792138413, 0.00167370843701, 0.000265439186478, 2.21705777221e-05, 1.27920784507e-05]}, "bpm_histogram_second_peak_bpm": {"dvar": 0, "var": 0, "median": 115, "max": 115, "dmean": 0, "dmean2": 0, "mean": 115, "dvar2": 0, "min": 115}, "onset_rate": 3.39755749702, "beats_count": 377, "beats_position": [0.441179126501, 0.893968224525, 1.35836732388, 1.83437633514, 2.31038546562, 2.7863945961, 3.27401351929, 3.76163268089, 4.26086139679, 4.76009082794, 5.24770975113, 5.73532867432, 6.2229475975, 6.71056699753, 7.18657588959, 7.6858048439, 8.18503379822, 8.6958732605, 9.21832180023, 9.74077033997, 10.2864398956, 10.8204984665, 11.354557991, 11.8653964996, 12.3762359619, 12.8986845016, 13.4211339951, 13.9203624725, 14.4312019348, 15.0000905991, 15.5689792633, 16.1378688812, 16.7183666229, 17.298866272, 17.8793640137, 18.4482536316, 19.0287532806, 19.5163707733, 19.9923801422, 20.4799995422, 20.9560089111, 21.4436283112, 21.942855835, 22.4536952972, 22.9645347595, 23.4637641907, 23.9629936218, 24.4622211456, 24.9614505768, 25.4606800079, 25.9599094391, 26.4475269318, 26.958366394, 27.4692058563, 27.9684352875, 28.4792747498, 28.9901123047, 29.5125617981, 29.988571167, 30.476190567, 30.9754180908, 31.4630374908, 31.9274368286, 32.3802261353, 32.8330154419, 33.2858047485, 33.7385940552, 34.3074836731, 34.8763694763, 35.4568710327, 35.9561004639, 36.4669380188, 36.9777755737, 37.4770050049, 37.976234436, 38.4870758057, 38.9979133606, 39.4971427917, 40.0079803467, 40.5072097778, 41.006439209, 41.5056686401, 42.0048980713, 42.5041275024, 42.9917449951, 43.4909744263, 43.9902038574, 44.4778213501, 44.9770507812, 45.4762802124, 45.9638977051, 46.4515190125, 46.9391365051, 47.4383659363, 47.9259872437, 48.4136047363, 48.901222229, 49.3888435364, 49.8764610291, 50.3640823364, 50.8633079529, 51.362537384, 51.8617668152, 52.3609962463, 52.8602256775, 53.3478431702, 53.8354644775, 54.3230819702, 54.8223114014, 55.333152771, 55.8439903259, 56.3548278809, 56.854057312, 57.3648986816, 57.8641242981, 58.3633537292, 58.8509750366, 59.3502044678, 59.8610420227, 60.3602714539, 60.859500885, 61.3587303162, 61.8579597473, 62.3571853638, 62.8564147949, 63.3556442261, 63.8548736572, 64.3657150269, 64.864944458, 65.3641738892, 65.8634033203, 66.3742370605, 66.8734664917, 67.3843078613, 67.8835372925, 68.3827667236, 68.8819961548, 69.392829895, 69.8920593262, 70.3912887573, 70.9137420654, 71.4245758057, 71.9354171753, 72.4462585449, 72.9570999146, 73.4563217163, 73.9555511475, 74.4663925171, 74.9772338867, 75.4764633179, 75.975692749, 76.4749221802, 76.9857559204, 77.5082092285, 78.0074386597, 78.5066680908, 79.0175018311, 79.5283432007, 80.0391845703, 80.5384140015, 81.0376434326, 81.5252609253, 82.012878418, 82.5121078491, 83.0113372803, 83.5221786499, 84.0330123901, 84.5322418213, 85.0314712524, 85.5307006836, 86.0299301147, 86.5407714844, 87.0400009155, 87.5508346558, 88.0500640869, 88.5492935181, 89.0601348877, 89.5593643188, 90.05859375, 90.5578231812, 91.0454406738, 91.544670105, 92.0438995361, 92.5431289673, 93.0423583984, 93.5415878296, 94.0292053223, 94.5284347534, 95.0276641846, 95.5384979248, 96.037727356, 96.5485687256, 97.0594100952, 97.5586395264, 98.0578689575, 98.5687026978, 99.0795440674, 99.590385437, 100.101219177, 100.600448608, 101.09967804, 101.598907471, 102.098136902, 102.597366333, 103.096595764, 103.607437134, 104.118278503, 104.617500305, 105.128341675, 105.639183044, 106.138412476, 106.649246216, 107.160087585, 107.659317017, 108.158546448, 108.669387817, 109.168617249, 109.66784668, 110.167076111, 110.666305542, 111.177139282, 111.676368713, 112.175598145, 112.686439514, 113.197273254, 113.696502686, 114.195732117, 114.706573486, 115.217414856, 115.716644287, 116.215873718, 116.715103149, 117.214332581, 117.713554382, 118.212783813, 118.723625183, 119.234466553, 119.745300293, 120.256141663, 120.766983032, 121.289428711, 121.811882019, 122.322715759, 122.833557129, 123.33278656, 123.832015991, 124.331245422, 124.830474854, 125.329704285, 125.828933716, 126.316551208, 126.81578064, 127.315010071, 127.814239502, 128.313461304, 128.812698364, 129.311920166, 129.799545288, 130.28717041, 130.79800415, 131.308837891, 131.808074951, 132.307296753, 132.794921875, 133.282531738, 133.77015686, 134.269378662, 134.768615723, 135.279449463, 135.790298462, 136.301132202, 136.811965942, 137.299591064, 137.798812866, 138.298049927, 138.797271729, 139.296508789, 139.784118652, 140.271743774, 140.770965576, 141.270202637, 141.769424438, 142.268661499, 142.756271362, 143.255508423, 143.754730225, 144.242355347, 144.741577148, 145.240814209, 145.740036011, 146.239273071, 146.738494873, 147.237731934, 147.736953735, 148.236190796, 148.735412598, 149.234649658, 149.73387146, 150.233108521, 150.720718384, 151.208343506, 151.719177246, 152.230026245, 152.729248047, 153.240081787, 153.750930786, 154.250152588, 154.761001587, 155.271835327, 155.771057129, 156.270294189, 156.78112793, 157.28036499, 157.756362915, 158.243988037, 158.731613159, 159.242446899, 159.75328064, 160.2525177, 160.751739502, 161.250976562, 161.761810303, 162.261047363, 162.771881104, 163.282714844, 163.781951904, 164.281173706, 164.792022705, 165.302856445, 165.813690186, 166.324539185, 166.835372925, 167.357818604, 167.868652344, 168.379501343, 168.890335083, 169.401168823, 169.912017822, 170.411239624, 170.922088623, 171.432922363, 171.943756104, 172.466217041, 172.98866272, 173.522720337, 174.045166016, 174.567611694, 175.090057373, 175.589294434, 176.076919556, 176.576141357, 177.063766479, 177.562988281, 178.050613403, 178.538223267, 179.037460327, 179.536682129, 180.047531128, 180.54675293, 181.04598999, 181.55682373, 182.067657471, 182.57850647, 183.100952148, 183.623397827, 184.145843506, 184.610244751, 185.086257935, 185.55065918, 186.026657104, 186.514282227, 187.001907349, 187.477905273, 187.965530396, 188.453155518, 188.940765381, 189.428390503], "danceability": 1.03550696373, "bpm_histogram_second_peak_spread": {"dvar": 0, "var": 0, "median": 0.142857134342, "max": 0.142857134342, "dmean": 0, "dmean2": 0, "mean": 0.142857134342, "dvar2": 0, "min": 0.142857134342}}, "lowlevel": {"spectral_flux": {"dvar": 0.00119926652405, "var": 0.00240138685331, "median": 0.0295538455248, "max": 0.477711230516, "dmean": 0.0179117042571, "dmean2": 0.0285208579153, "mean": 0.0450793392956, "dvar2": 0.00281886593439, "min": 1.03038924615e-10}, "spectral_rolloff": {"dvar": 892494.1875, "var": 3459661.25, "median": 301.46484375, "max": 19422.9492188, "dmean": 262.816589355, "dmean2": 429.578613281, "mean": 820.492492676, "dvar2": 1768503, "min": 21.533203125}, "barkbands_flatness_db": {"dvar": 0.000659082899801, "var": 0.00560016185045, "median": 0.205878168344, "max": 0.491290390491, "dmean": 0.0234538502991, "dmean2": 0.0318814739585, "mean": 0.213927000761, "dvar2": 0.00129321159329, "min": 0.0144454557449}, "spectral_centroid": {"dvar": 108445.476562, "var": 556636.375, "median": 561.959716797, "max": 11428.0654297, "dmean": 169.133407593, "dmean2": 237.360946655, "mean": 821.031677246, "dvar2": 177542.875, "min": 134.509490967}, "melbands_skewness": {"dvar": 0.765618979931, "var": 4.10211801529, "median": 3.86637496948, "max": 15.0793132782, "dmean": 0.739204764366, "dmean2": 1.03496944904, "mean": 4.11249732971, "dvar2": 1.64256131649, "min": -1.02717661858}, "melbands": {"dvar": [2.60975320998e-05, 8.33482590679e-06, 3.74917874524e-07, 4.34600451626e-07, 5.14029068199e-07, 8.67856726927e-07, 1.23016675957e-07, 7.13523462537e-09, 3.20977271429e-08, 2.75282232565e-08, 2.05202059789e-08, 6.54005560818e-09, 1.911672598e-08, 1.09535776005e-08, 8.66138827327e-10, 1.43128744967e-10, 2.94378604826e-10, 1.38676042871e-10, 2.83042339566e-10, 3.18779377895e-11, 3.54875399899e-11, 3.28675558992e-11, 3.04613036184e-11, 3.68744444701e-11, 1.51801488046e-11, 1.08189559742e-11, 8.99075171951e-12, 2.26903704159e-11, 2.12106148617e-11, 2.96979732473e-11, 2.2299441807e-11, 3.27829152713e-11, 2.91739132852e-11, 1.83647316104e-11, 1.20419490351e-11, 2.44718533632e-11, 2.11886046902e-11, 1.68246527821e-11, 2.23607434652e-11, 4.02121565213e-11], "var": [2.56494477071e-05, 7.83805899118e-06, 1.41744033044e-06, 2.05198057301e-06, 3.24117218042e-06, 6.33050922261e-06, 7.72855173636e-07, 2.25766463302e-08, 2.41140611479e-07, 2.66185537612e-07, 1.76760849513e-07, 5.78033194643e-08, 8.76015633366e-08, 1.05388387794e-07, 3.43293016236e-09, 3.9074460334e-10, 1.6853908269e-09, 3.38269079414e-10, 1.48737455685e-09, 6.86389695082e-11, 7.12070610809e-11, 5.05914719839e-11, 1.00638393452e-10, 8.06618521976e-11, 3.88080713398e-11, 2.45874345189e-11, 1.36008964507e-11, 2.44288044654e-11, 2.48685360499e-11, 3.01275324133e-11, 2.59855054141e-11, 4.45864456466e-11, 4.8016198656e-11, 3.95842525425e-11, 3.0573429205e-11, 6.72587471828e-11, 6.28102153621e-11, 6.04866365328e-11, 6.01269034561e-11, 4.60778047662e-11], "median": [0.000583157932851, 0.00101744045969, 0.000463575124741, 0.000229217519518, 0.000136936374474, 5.72012359044e-05, 2.96103316941e-05, 1.34246165544e-05, 1.19224296213e-05, 5.20952335137e-06, 6.3920597313e-06, 4.80250037072e-06, 4.03355988965e-06, 2.54415022027e-06, 1.95086226995e-06, 1.77418860403e-06, 2.13605017052e-06, 1.90712773929e-06, 2.02559090212e-06, 1.49491370394e-06, 1.26925851873e-06, 1.33765536248e-06, 1.38695224905e-06, 1.35624759423e-06, 9.45266947383e-07, 5.9441782696e-07, 3.0207380064e-07, 2.38701460376e-07, 2.71125941254e-07, 1.54868914137e-07, 9.17486602248e-08, 4.44437198155e-08, 3.55820723996e-08, 3.53034721456e-08, 3.23694280269e-08, 3.00066673731e-08, 3.03984535321e-08, 2.28592096363e-08, 1.82059398668e-08, 1.20480248e-08], "max": [0.0680636689067, 0.0480102710426, 0.0123314894736, 0.0228730589151, 0.0221898835152, 0.0326706729829, 0.0135784912854, 0.00502887647599, 0.0128324199468, 0.0115700950846, 0.00973621755838, 0.00747016305104, 0.0076933442615, 0.00863812211901, 0.00224871514365, 0.000573501863983, 0.00110748794395, 0.000489808910061, 0.00102869060356, 0.000164504017448, 0.00022191744938, 0.000305424240651, 0.000254036771366, 0.000240018009208, 0.000154591543833, 0.000136135189678, 0.000131851964397, 0.000238774082391, 0.000249943288509, 0.000340755621437, 0.000191096754861, 0.000145896570757, 0.000204166819458, 0.000160845127539, 9.2836744443e-05, 0.000222145143198, 0.000136574773933, 0.00015336908109, 0.00016311557556, 0.000320303020999], "dmean": [0.00108000915498, 0.000790513993707, 0.000325933651766, 0.000260133150732, 0.000224621384405, 0.000238747190451, 8.69416398928e-05, 2.18522673094e-05, 3.29791619151e-05, 2.85875430563e-05, 2.51756100624e-05, 1.30156931846e-05, 1.42976405186e-05, 1.34451593112e-05, 4.86999852001e-06, 3.21240736412e-06, 4.46960711997e-06, 3.05495223074e-06, 3.59003274752e-06, 2.03833997148e-06, 1.85491785487e-06, 1.56413727836e-06, 1.75721163487e-06, 1.9021559865e-06, 1.26593045024e-06, 1.05051026367e-06, 7.46655189232e-07, 8.47762805734e-07, 9.78253410722e-07, 8.99933411347e-07, 8.210163287e-07, 1.03119577943e-06, 9.10247422325e-07, 6.86340626999e-07, 6.70339034059e-07, 9.75931811809e-07, 1.00400939118e-06, 8.37761206185e-07, 7.93429705936e-07, 6.48361435651e-07], "dmean2": [0.00180179614108, 0.00122270605061, 0.000473141059047, 0.000368911452824, 0.000313885917421, 0.000337808625773, 0.00012758577941, 3.25068067468e-05, 4.31589505752e-05, 3.66018175555e-05, 3.39703292411e-05, 1.72341297002e-05, 1.89973361557e-05, 1.75382665475e-05, 6.77655043546e-06, 4.79148457089e-06, 6.64448862153e-06, 4.49046547146e-06, 5.3957783166e-06, 3.20025515066e-06, 2.82424753095e-06, 2.35422726291e-06, 2.59248713519e-06, 2.76823311651e-06, 1.83348015526e-06, 1.55116060796e-06, 1.11077781639e-06, 1.28009787659e-06, 1.49123115989e-06, 1.39478220262e-06, 1.28055103232e-06, 1.61498928719e-06, 1.40921542879e-06, 1.0031947113e-06, 9.74240833784e-07, 1.41473003623e-06, 1.45588865053e-06, 1.17997956295e-06, 1.07772814317e-06, 9.45023202803e-07], "mean": [0.00152912887279, 0.0016216885997, 0.000925725093111, 0.000700909760781, 0.000636759214103, 0.000795332249254, 0.000227081138291, 4.62612078991e-05, 9.45781575865e-05, 8.93125106813e-05, 7.71117192926e-05, 3.79988123314e-05, 3.35252079822e-05, 3.90399654862e-05, 1.00178949651e-05, 6.52451581118e-06, 1.00932620626e-05, 6.37672019366e-06, 7.99705048848e-06, 4.00364160669e-06, 3.69538975065e-06, 3.30715056407e-06, 3.97349458581e-06, 4.03783678848e-06, 2.70271857516e-06, 1.9763626824e-06, 1.23344148051e-06, 1.16920045912e-06, 1.39903306717e-06, 1.2059904293e-06, 1.08349377115e-06, 1.35313678129e-06, 1.24457517359e-06, 1.08246524633e-06, 1.13935959689e-06, 1.69387453752e-06, 1.83529584774e-06, 1.60670788318e-06, 1.38631196478e-06, 9.27952953589e-07], "dvar2": [7.51910338295e-05, 2.48195101449e-05, 9.3945578783e-07, 7.95910352736e-07, 8.94830691323e-07, 1.5888846292e-06, 2.22460570853e-07, 1.30307205026e-08, 3.90097127934e-08, 4.40026575177e-08, 3.80576850034e-08, 8.44751824047e-09, 2.42756872382e-08, 1.52558943256e-08, 1.02547126346e-09, 3.07780023689e-10, 6.04400363091e-10, 3.04931802031e-10, 5.7685284327e-10, 7.25165205662e-11, 8.11345296503e-11, 8.57049292646e-11, 5.53575033035e-11, 8.19687651088e-11, 3.00323724223e-11, 2.22671308475e-11, 1.91494962248e-11, 5.28133856093e-11, 4.80617837195e-11, 7.29078880601e-11, 5.42091579958e-11, 7.84184592262e-11, 6.88518200787e-11, 3.89067805751e-11, 2.40878358926e-11, 5.05250598304e-11, 4.36099940881e-11, 2.92584637074e-11, 4.22822957202e-11, 1.06104583453e-10], "min": [8.24357831576e-24, 4.89241988201e-24, 4.84407966903e-24, 1.86054942866e-23, 2.40869668618e-23, 1.33962718094e-23, 3.97131078476e-24, 4.31338020036e-24, 6.93379705608e-24, 4.6703776253e-24, 1.31788712102e-23, 9.04806261121e-24, 8.41211844816e-24, 8.03193955666e-24, 5.67770211974e-24, 1.16689488392e-23, 1.50644396781e-23, 1.36048103451e-23, 8.76197431532e-24, 7.62691391323e-24, 9.29774103201e-24, 9.21414938619e-24, 9.43536728326e-24, 1.52096721262e-23, 2.59063562105e-23, 7.41416680457e-24, 1.35448821599e-23, 9.24294202037e-24, 1.09448258041e-23, 7.90275648368e-24, 1.49228565005e-23, 6.75117654538e-24, 6.60038499449e-24, 7.39566407203e-24, 9.39626423705e-24, 1.62576296625e-23, 9.79724302404e-24, 5.24659042389e-24, 9.91784486809e-24, 9.52739264102e-24]}, "spectral_decrease": {"dvar": 2.94584360944e-17, "var": 5.62545152867e-17, "median": -3.15897663583e-09, "max": 9.84473886396e-18, "dmean": 1.81620640749e-09, "dmean2": 2.76135714294e-09, "mean": -5.40075451028e-09, "dvar2": 8.09408537831e-17, "min": -7.61113270187e-08}, "barkbands_kurtosis": {"dvar": 87.8473434448, "var": 242.431854248, "median": 11.1586446762, "max": 201.070022583, "dmean": 5.37333726883, "dmean2": 7.9009270668, "mean": 15.0589294434, "dvar2": 217.526412964, "min": -1.94603383541}, "silence_rate_30dB": {"dvar": 0.0205658078194, "var": 0.0281047802418, "median": 1, "max": 1, "dmean": 0.0210063513368, "dmean2": 0.0420178323984, "mean": 0.971058726311, "dvar2": 0.0426974520087, "min": 0}, "gfcc": {"mean": [-106.414863586, 133.577651978, -90.1776123047, 36.545539856, -36.4315605164, 2.22699475288, -34.4591064453, 6.20178985596, -20.9211483002, -4.09585285187, -8.99728012085, -3.3997502327, -5.4837012291], "cov": [[17580.1875, -2833.01855469, -478.129058838, 877.768432617, -1409.12255859, 1296.63195801, -800.502197266, 174.945953369, -236.374267578, 21.5968818665, -70.8432159424, 174.801559448, 159.407150269], [-2833.01855469, 3125.87353516, -657.894470215, -424.348297119, 1047.10986328, -781.803588867, 493.442993164, -148.277359009, 110.111808777, -216.190994263, 133.311279297, -216.964797974, 12.2326545715], [-478.129058838, -657.894470215, 1340.99719238, -105.927612305, -267.482330322, 473.157531738, -209.056121826, 2.30322217941, -1.65448415279, 35.9481048584, 18.2147045135, 100.792022705, -93.4272689819], [877.768432617, -424.348297119, -105.927612305, 511.037963867, -68.0469207764, 63.0491142273, -7.10391378403, -20.702709198, -23.6436481476, 18.3314495087, -42.0663871765, -3.73009562492, 31.3660087585], [-1409.12255859, 1047.10986328, -267.482330322, -68.0469207764, 621.874450684, -310.92666626, 219.227386475, -59.5795326233, 21.3097991943, -89.8108825684, 6.81338882446, -99.018699646, -8.37599563599], [1296.63195801, -781.803588867, 473.157531738, 63.0491142273, -310.92666626, 506.462341309, -146.571838379, 31.8618831635, -16.5538787842, 28.5359725952, -2.45715785027, 53.0013923645, -22.692527771], [-800.502197266, 493.442993164, -209.056121826, -7.10391378403, 219.227386475, -146.571838379, 273.440551758, -11.5011768341, 41.3899154663, 3.71150803566, 8.48968982697, -27.1061496735, 5.08445167542], [174.945953369, -148.277359009, 2.30322217941, -20.702709198, -59.5795326233, 31.8618831635, -11.5011768341, 113.876235962, 24.6873912811, 26.0528793335, 8.78804588318, 16.8682003021, 4.47562837601], [-236.374267578, 110.111808777, -1.65448415279, -23.6436481476, 21.3097991943, -16.5538787842, 41.3899154663, 24.6873912811, 103.577339172, 26.4892177582, 21.8130836487, 8.31848907471, 5.82470846176], [21.5968818665, -216.190994263, 35.9481048584, 18.3314495087, -89.8108825684, 28.5359725952, 3.71150803566, 26.0528793335, 26.4892177582, 112.660301208, 15.515212059, 39.6293945312, 8.16761684418], [-70.8432159424, 133.311279297, 18.2147045135, -42.0663871765, 6.81338882446, -2.45715785027, 8.48968982697, 8.78804588318, 21.8130836487, 15.515212059, 104.897247314, 19.889547348, 22.5022315979], [174.801559448, -216.964797974, 100.792022705, -3.73009562492, -99.018699646, 53.0013923645, -27.1061496735, 16.8682003021, 8.31848907471, 39.6293945312, 19.889547348, 98.192527771, 7.52822303772], [159.407150269, 12.2326545715, -93.4272689819, 31.3660087585, -8.37599563599, -22.692527771, 5.08445167542, 4.47562837601, 5.82470846176, 8.16761684418, 22.5022315979, 7.52822303772, 80.4977874756]], "icov": [[0.000117157658678, -9.69062311924e-05, 0.000220628484385, -0.000150350577314, 0.000136941031087, -0.00043675294728, 0.000286732130917, -0.000125460166601, 0.00015428608458, 1.49187690113e-05, 8.66024420247e-05, -0.000213925843127, -3.9515311073e-05], [-9.69062311924e-05, 0.00168097123969, -0.000222072267206, 0.00094748911215, -0.00123433268163, 0.00143527891487, -0.00129552395083, 0.00116216915194, -0.00119883136358, 0.00164326129016, -0.00190571020357, 0.0014041652903, -7.56746158004e-05], [0.000220628484385, -0.000222072267206, 0.00182699214201, 2.44403054239e-05, -1.28737483465e-05, -0.00208769156598, 0.00119120220188, 0.000243928050622, 1.53073779074e-05, -0.000246699928539, -5.45121702089e-06, -0.00134820258245, 0.00118062773254], [-0.000150350577314, 0.00094748911215, 2.44403054239e-05, 0.00293121254072, -0.000675744726323, 0.000489483238198, -0.00100826693233, 0.00133870681748, -0.000463529664557, 0.00025140561047, -3.20996587106e-05, 0.00101303413976, -0.000980839133263], [0.000136941031087, -0.00123433268163, -1.28737483465e-05, -0.000675744726323, 0.00463197566569, 0.000323466316331, -0.00100838730577, -0.00021145203209, 0.000557555234991, 0.000912606774364, 0.00073087529745, 0.000675453746226, 0.000412941561081], [-0.00043675294728, 0.00143527891487, -0.00208769156598, 0.000489483238198, 0.000323466316331, 0.00648778909817, -0.00180762249511, 0.000507885939442, -0.00112020666711, 0.00174253829755, -0.00178687844891, 0.00208746013232, 0.000190086560906], [0.000286732130917, -0.00129552395083, 0.00119120220188, -0.00100826693233, -0.00100838730577, -0.00180762249511, 0.00742664514109, -0.000750620733015, -0.000559477251954, -0.00267757242545, 0.00145636324305, -0.00169578101486, 0.000426258920925], [-0.000125460166601, 0.00116216915194, 0.000243928050622, 0.00133870681748, -0.00021145203209, 0.000507885939442, -0.000750620733015, 0.0111385583878, -0.00316383549944, -0.000167080012034, -0.00133211584762, 0.000593156844843, -5.46071350982e-05], [0.00015428608458, -0.00119883136358, 1.53073779074e-05, -0.000463529664557, 0.000557555234991, -0.00112020666711, -0.000559477251954, -0.00316383549944, 0.0128741972148, -0.00337974308059, -0.000203250310733, -0.00105537299532, -0.000404619786423], [1.49187690113e-05, 0.00164326129016, -0.000246699928539, 0.00025140561047, 0.000912606774364, 0.00174253829755, -0.00267757242545, -0.000167080012034, -0.00337974308059, 0.0142877027392, -0.0027612450067, -0.00177154061384, -0.000166527126567], [8.66024420247e-05, -0.00190571020357, -5.45121702089e-06, -3.20996587106e-05, 0.00073087529745, -0.00178687844891, 0.00145636324305, -0.00133211584762, -0.000203250310733, -0.0027612450067, 0.0137664703652, -0.00341248977929, -0.00355556374416], [-0.000213925843127, 0.0014041652903, -0.00134820258245, 0.00101303413976, 0.000675453746226, 0.00208746013232, -0.00169578101486, 0.000593156844843, -0.00105537299532, -0.00177154061384, -0.00341248977929, 0.0156673640013, -0.00127154588699], [-3.9515311073e-05, -7.56746158004e-05, 0.00118062773254, -0.000980839133263, 0.000412941561081, 0.000190086560906, 0.000426258920925, -5.46071350982e-05, -0.000404619786423, -0.000166527126567, -0.00355556374416, -0.00127154588699, 0.0154965687543]]}, "silence_rate_20dB": {"dvar": 0, "var": 0, "median": 1, "max": 1, "dmean": 0, "dmean2": 0, "mean": 1, "dvar2": 0, "min": 1}, "barkbands_skewness": {"dvar": 0.501317203045, "var": 2.29617142677, "median": 2.73470878601, "max": 12.3954210281, "dmean": 0.562637269497, "dmean2": 0.795130670071, "mean": 2.80508971214, "dvar2": 1.0972225666, "min": -3.27687430382}, "erbbands_skewness": {"dvar": 0.196398839355, "var": 1.46394300461, "median": 0.773759961128, "max": 7.95751523972, "dmean": 0.339892625809, "dmean2": 0.471398562193, "mean": 0.832133293152, "dvar2": 0.338510900736, "min": -4.15801239014}, "spectral_contrast_valleys": {"dvar": [0.0904779732227, 0.108746372163, 0.0907396823168, 0.0953536629677, 0.180403485894, 0.267034769058], "var": [1.71364176273, 1.29562187195, 1.4706299305, 1.67852711678, 2.24185466766, 3.592628479], "median": [-7.0811419487, -7.49018144608, -8.23488044739, -8.67930698395, -8.72833442688, -11.4235973358], "max": [-4.75312566757, -4.82244873047, -5.14100980759, -6.30748224258, -5.78317403793, -7.10309791565], "dmean": [0.312017917633, 0.315266877413, 0.288030594587, 0.286269754171, 0.354954093695, 0.383913427591], "dmean2": [0.497890770435, 0.499454528093, 0.449603378773, 0.413756996393, 0.45813819766, 0.481824874878], "mean": [-7.31674337387, -7.63312482834, -8.38028526306, -8.86711120605, -9.03070259094, -11.684305191], "dvar2": [0.206507220864, 0.237389609218, 0.187711983919, 0.160087972879, 0.291710019112, 0.459949493408], "min": [-27.2486362457, -27.7091903687, -27.2421722412, -27.4603424072, -27.1963806152, -27.3541126251]}, "spectral_strongpeak": {"dvar": 0.204589053988, "var": 1.08643424511, "median": 0.270016610622, "max": 10.9608240128, "dmean": 0.214299216866, "dmean2": 0.347173839808, "mean": 0.656322777271, "dvar2": 0.464280635118, "min": 0}, "erbbands_crest": {"dvar": 4.94550609589, "var": 28.0834579468, "median": 8.90138435364, "max": 32.0273170471, "dmean": 1.87991738319, "dmean2": 2.77522349358, "mean": 10.421339035, "dvar2": 10.5404214859, "min": 2.41729998589}, "barkbands_crest": {"dvar": 4.51719331741, "var": 18.4281902313, "median": 11.2764978409, "max": 25.8719329834, "dmean": 1.9181432724, "dmean2": 2.87210965157, "mean": 12.0654630661, "dvar2": 10.75116539, "min": 3.21509170532}, "spectral_energyband_middle_low": {"dvar": 3.39179168805e-05, "var": 0.000282822817098, "median": 0.00467717228457, "max": 0.149882674217, "dmean": 0.0027715517208, "dmean2": 0.00389241077937, "mean": 0.0108443945646, "dvar2": 6.12137082499e-05, "min": 3.03540852606e-22}, "spectral_contrast_coeffs": {"dvar": [0.000985652091913, 0.00125501072034, 0.000670383567922, 0.00041614176007, 0.000559458392672, 0.000332946656272], "var": [0.00534955738112, 0.0102023612708, 0.0056601096876, 0.00252219592221, 0.00405506929383, 0.0023157056421], "median": [-0.661860823631, -0.731978476048, -0.807417750359, -0.808370292187, -0.79173386097, -0.792182207108], "max": [-0.401502251625, -0.319737881422, -0.431468188763, -0.608652114868, -0.495515167713, -0.596831858158], "dmean": [0.0357218198478, 0.0365670733154, 0.0282055083662, 0.0236115623266, 0.0223090816289, 0.0171840786934], "dmean2": [0.0580811090767, 0.0574793592095, 0.044892244041, 0.0375405661762, 0.0336387455463, 0.0263636689633], "mean": [-0.656560719013, -0.709909260273, -0.790747046471, -0.801360070705, -0.782390058041, -0.791232705116], "dvar2": [0.00253965449519, 0.00279105897062, 0.00150136579759, 0.000956912001129, 0.00104097789153, 0.000712541455869], "min": [-0.965753078461, -0.952350139618, -0.969617843628, -0.96313226223, -0.959712564945, -0.956456840038]}, "hfc": {"dvar": 91.8376235962, "var": 425.289611816, "median": 3.19981503487, "max": 258.192657471, "dmean": 3.0987508297, "dmean2": 4.08255910873, "mean": 9.88519382477, "dvar2": 156.750549316, "min": 1.19508765266e-16}, "spectral_energyband_high": {"dvar": 1.12670659291e-06, "var": 3.96858513341e-06, "median": 3.40515980497e-05, "max": 0.0276509895921, "dmean": 0.000238524691667, "dmean2": 0.000318558479194, "mean": 0.000474320811918, "dvar2": 1.86136207958e-06, "min": 7.49294691636e-21}, "erbbands_spread": {"dvar": 117.004692078, "var": 443.183288574, "median": 39.731262207, "max": 158.633239746, "dmean": 7.54725837708, "dmean2": 11.092420578, "mean": 41.581741333, "dvar2": 264.385162354, "min": 1.52066862583}, "dissonance": {"dvar": 0.000358555087587, "var": 0.00174890924245, "median": 0.462972164154, "max": 0.499999910593, "dmean": 0.0168445911258, "dmean2": 0.0273463614285, "mean": 0.451078742743, "dvar2": 0.000897528487258, "min": 0.216939345002}, "spectral_kurtosis": {"dvar": 51.9528541565, "var": 199.588531494, "median": 5.52711582184, "max": 129.23538208, "dmean": 4.41286420822, "dmean2": 7.31451320648, "mean": 10.5051488876, "dvar2": 137.74697876, "min": -1.34815359116}, "spectral_skewness": {"dvar": 0.245886921883, "var": 1.49846708775, "median": 1.7740688324, "max": 8.21661472321, "dmean": 0.404182702303, "dmean2": 0.639663517475, "mean": 2.09392380714, "dvar2": 0.603947460651, "min": -0.121361382306}, "pitch_salience": {"dvar": 0.00340470368974, "var": 0.0155518716201, "median": 0.504076898098, "max": 0.884493708611, "dmean": 0.0566877089441, "dmean2": 0.0853989124298, "mean": 0.502745687962, "dvar2": 0.00802123267204, "min": 0.11970089376}, "spectral_complexity": {"dvar": 5.44403839111, "var": 28.5547466278, "median": 7, "max": 55, "dmean": 1.63336586952, "dmean2": 2.50861120224, "mean": 7.91329813004, "dvar2": 10.0853786469, "min": 0}, "spectral_spread": {"dvar": 695738302464, "var": 5253293408260.0, "median": 3738591.25, "max": 40266540, "dmean": 547047.75, "dmean2": 774512.8125, "mean": 4152802.75, "dvar2": 1213674029060.0, "min": 638758.1875}, "dynamic_complexity": 5.42652845383, "melbands_crest": {"dvar": 5.27655506134, "var": 27.1060237885, "median": 16.4385299683, "max": 32.8648796082, "dmean": 2.15355658531, "dmean2": 3.21247148514, "mean": 17.0287532806, "dvar2": 12.0448532104, "min": 2.08785200119}, "zerocrossingrate": {"dvar": 0.000246979441727, "var": 0.00267443945631, "median": 0.02587890625, "max": 0.5830078125, "dmean": 0.00823422987014, "dmean2": 0.00902840215713, "mean": 0.0384477525949, "dvar2": 0.000223918934353, "min": 0.00244140625}, "spectral_energyband_low": {"dvar": 0.000387580279494, "var": 0.000408453139244, "median": 0.00548559892923, "max": 0.280465364456, "dmean": 0.00495227426291, "dmean2": 0.00781040126458, "mean": 0.00954159907997, "dvar2": 0.00111877976451, "min": 5.4055475529e-23}, "melbands_kurtosis": {"dvar": 343.194976807, "var": 1285.12390137, "median": 26.4314556122, "max": 322.196258545, "dmean": 11.6984987259, "dmean2": 16.9275913239, "mean": 36.3249778748, "dvar2": 780.778320312, "min": -1.89317452908}, "spectral_energyband_middle_high": {"dvar": 1.75350101017e-06, "var": 1.72883428604e-05, "median": 0.000341387029039, "max": 0.0673202127218, "dmean": 0.00034201060771, "dmean2": 0.00044515429181, "mean": 0.00124146975577, "dvar2": 2.60479055214e-06, "min": 1.75254994681e-21}, "barkbands_spread": {"dvar": 69.364730835, "var": 273.613739014, "median": 7.90616035461, "max": 118.088821411, "dmean": 3.91236042976, "dmean2": 5.63839483261, "mean": 13.3715047836, "dvar2": 133.641891479, "min": 0.385216265917}, "mfcc": {"mean": [-747.574523926, 153.897201538, 15.7706222534, 35.6875572205, 22.5930366516, 1.44376504421, 4.93623209, 3.38225626945, -1.18312573433, 0.493756860495, -3.05203080177, 0.694494366646, -6.108897686], "cov": [[10400.0839844, -1796.13098145, 419.469512939, -371.448181152, -253.810806274, 138.918518066, -39.5240325928, -25.4834194183, -75.3288650513, 46.7663955688, -349.894836426, 86.2946777344, -124.366798401], [-1796.13098145, 2625.73095703, -684.882385254, 233.498977661, 236.242462158, -122.344970703, 138.280883789, 100.940200806, -13.0939350128, -50.3816604614, 139.015060425, -37.1455039978, 14.6142730713], [419.469512939, -684.882385254, 1115.58239746, -301.793029785, 61.0147972107, 209.615097046, -52.4885482788, 34.0394554138, -61.6107559204, -14.6411142349, -58.6476402283, 69.9335403442, 52.8535461426], [-371.448181152, 233.498977661, -301.793029785, 471.609588623, -2.83965349197, -1.38996744156, 45.71144104, -14.9697084427, 56.6228637695, -13.9459381104, 49.3401260376, -11.368103981, -9.84852695465], [-253.810806274, 236.242462158, 61.0147972107, -2.83965349197, 237.434234619, 2.41152215004, 16.6939411163, 27.0951118469, -22.7452964783, -9.69669437408, -19.1417331696, -12.1899871826, -20.6922550201], [138.918518066, -122.344970703, 209.615097046, -1.38996744156, 2.41152215004, 219.955795288, 27.6789798737, 30.1128234863, 15.3036937714, -14.3669462204, 12.3693552017, 9.28556442261, 29.2133426666], [-39.5240325928, 138.280883789, -52.4885482788, 45.71144104, 16.6939411163, 27.6789798737, 134.541397095, 14.7143669128, 9.47487831116, 1.63618898392, 3.59382915497, 11.1283216476, -0.843607366085], [-25.4834194183, 100.940200806, 34.0394554138, -14.9697084427, 27.0951118469, 30.1128234863, 14.7143669128, 102.089767456, 11.1197137833, -9.94997596741, 20.7526340485, -0.0251311510801, 12.7136974335], [-75.3288650513, -13.0939350128, -61.6107559204, 56.6228637695, -22.7452964783, 15.3036937714, 9.47487831116, 11.1197137833, 97.9917755127, 17.352602005, 22.5441837311, -0.884487330914, 4.6478972435], [46.7663955688, -50.3816604614, -14.6411142349, -13.9459381104, -9.69669437408, -14.3669462204, 1.63618898392, -9.94997596741, 17.352602005, 95.4585494995, 0.396351277828, -3.18476700783, 1.03834068775], [-349.894836426, 139.015060425, -58.6476402283, 49.3401260376, -19.1417331696, 12.3693552017, 3.59382915497, 20.7526340485, 22.5441837311, 0.396351277828, 104.129920959, 7.33776569366, 25.7234687805], [86.2946777344, -37.1455039978, 69.9335403442, -11.368103981, -12.1899871826, 9.28556442261, 11.1283216476, -0.0251311510801, -0.884487330914, -3.18476700783, 7.33776569366, 86.6848220825, 20.2110118866], [-124.366798401, 14.6142730713, 52.8535461426, -9.84852695465, -20.6922550201, 29.2133426666, -0.843607366085, 12.7136974335, 4.6478972435, 1.03834068775, 25.7234687805, 20.2110118866, 87.8477172852]], "icov": [[0.00012742918625, 6.10396527918e-05, 4.93388506584e-05, 4.43174139946e-05, 0.000122535246192, -0.00012059299479, 4.7037206059e-06, -0.000148306760821, 9.13972908165e-05, -6.32296432741e-05, 0.00037221837556, -0.000176200206624, 0.000163463264471], [6.10396527918e-05, 0.000665193365421, 0.000408225081628, 6.21646040599e-06, -0.000636676209979, 0.00011791675206, -0.000418843963416, -0.000470695114927, 0.000403568934416, 0.000226244083024, -0.00049927260261, -3.66110580217e-05, -0.000263646041276], [4.93388506584e-05, 0.000408225081628, 0.00188534648623, 0.000785630370956, -0.000800353649538, -0.00155222904868, 0.000557445979211, -0.000420744792791, 0.000773520616349, 4.99052803207e-05, 0.000465750