{"tonal": {"hpcp": {"dvar": [0.0244494453073, 0.0330022163689, 0.0221855547279, 0.0174933057278, 0.0187139157206, 0.0208562426269, 0.0220194961876, 0.0260489284992, 0.0188598297536, 0.0316196009517, 0.0258259829134, 0.0197989549488, 0.0184569302946, 0.0191680174321, 0.0176179669797, 0.0273120626807, 0.0371156893671, 0.0309177096933, 0.0233945157379, 0.0347645655274, 0.0326950363815, 0.020000660792, 0.0136832138523, 0.019250286743, 0.0428890399635, 0.0186184924096, 0.0133072864264, 0.0106232846156, 0.0117794312537, 0.0113649219275, 0.0140846343711, 0.0236333496869, 0.0246659517288, 0.0316195227206, 0.0282620415092, 0.0236257836223], "var": [0.0341540202498, 0.0511377938092, 0.0280986074358, 0.0164655074477, 0.0218606311828, 0.0319977141917, 0.0283811166883, 0.0384307764471, 0.0389770939946, 0.153835445642, 0.0988934487104, 0.022722678259, 0.0164734348655, 0.0192541163415, 0.0388911664486, 0.0603670887649, 0.108913436532, 0.0723562911153, 0.0297477412969, 0.0759384408593, 0.102558471262, 0.0751411169767, 0.0388444401324, 0.0552183873951, 0.138203158975, 0.0570817962289, 0.0422014333308, 0.0261152088642, 0.0116005539894, 0.0121546620503, 0.0178856644779, 0.0383439548314, 0.0448365136981, 0.0544295981526, 0.0531751066446, 0.0336992144585], "median": [0.030722219497, 0.0489484220743, 0.0416552424431, 0.0157124493271, 0.0142907770351, 0.0146280489862, 0.0156361926347, 0.0161738991737, 0.0573928169906, 0.0779514685273, 0.0929122492671, 0.03721896559, 0.0141554018483, 0.026226721704, 0.0352568887174, 0.0877382531762, 0.124927021563, 0.0745936557651, 0.0334359668195, 0.0533360019326, 0.0718829110265, 0.0433003120124, 0.0320815630257, 0.0507024526596, 0.0378971472383, 0.0532516725361, 0.0315526500344, 0.024084109813, 0.0128388749436, 0.00931390561163, 0.0158261097968, 0.0285909380764, 0.0324737653136, 0.0268791522831, 0.0214782971889, 0.0166087374091], "max": [1, 1, 1, 1, 1, 1, 1, 1, 1, 1, 1, 1, 1, 1, 1, 1, 1, 1, 1, 1, 1, 1, 1, 1, 1, 1, 1, 1, 1, 1, 1, 1, 1, 1, 1, 1], "dmean": [0.0894828662276, 0.114576466382, 0.0910822674632, 0.060934536159, 0.0599228441715, 0.0615352652967, 0.06850335747, 0.0758347213268, 0.0799030959606, 0.0946719199419, 0.104978889227, 0.0829292684793, 0.0642451420426, 0.0719110146165, 0.0781423300505, 0.109226174653, 0.137419387698, 0.115365482867, 0.087321460247, 0.109824895859, 0.113965786994, 0.0796668231487, 0.0669399052858, 0.0863793641329, 0.103923067451, 0.08371129632, 0.0651228129864, 0.0561295002699, 0.0497182272375, 0.045938834548, 0.0616310536861, 0.0817807242274, 0.0869793370366, 0.103261344135, 0.0941613614559, 0.0756668746471], "dmean2": [0.152487888932, 0.193016141653, 0.157774671912, 0.10890583694, 0.107323363423, 0.109178617597, 0.121902041137, 0.133531287313, 0.134104341269, 0.167130187154, 0.179032713175, 0.144393622875, 0.11529943347, 0.125375211239, 0.132679462433, 0.187267556787, 0.234588950872, 0.194188907743, 0.153593048453, 0.18739515543, 0.192622959614, 0.1335734725, 0.112464994192, 0.147387981415, 0.184193968773, 0.140659406781, 0.109320908785, 0.0958996489644, 0.0883683636785, 0.0817948877811, 0.104510903358, 0.136874556541, 0.153739452362, 0.175637900829, 0.163384109735, 0.13454630971], "mean": [0.110108613968, 0.150790601969, 0.11197438091, 0.063600435853, 0.070090688765, 0.0777153298259, 0.0803330093622, 0.0963502824306, 0.158449918032, 0.304850518703, 0.264581829309, 0.097037948668, 0.0635939911008, 0.076486684382, 0.113719321787, 0.188272625208, 0.278965979815, 0.202598139644, 0.107775099576, 0.187887594104, 0.239232629538, 0.172376871109, 0.117576487362, 0.187688603997, 0.250225067139, 0.188555762172, 0.1194710657, 0.0837756544352, 0.0534024909139, 0.0477335937321, 0.070323780179, 0.102675274014, 0.118089273572, 0.1403183043, 0.129912108183, 0.0891117826104], "dvar2": [0.0648505538702, 0.0844694972038, 0.0620755515993, 0.0505282022059, 0.0548242665827, 0.0597148127854, 0.0669580101967, 0.0745392665267, 0.0509137324989, 0.0867338627577, 0.0691755712032, 0.0570049807429, 0.0541887059808, 0.0532919615507, 0.0457462631166, 0.0733777061105, 0.0919497832656, 0.0775850862265, 0.0677016824484, 0.0922147110105, 0.0880998522043, 0.0537295117974, 0.0364138633013, 0.0519670881331, 0.113272279501, 0.0514279082417, 0.0340185537934, 0.0288271903992, 0.0342025533319, 0.0332692600787, 0.0377753898501, 0.0581529587507, 0.0688161849976, 0.0853814333677, 0.0752022117376, 0.0675368830562], "min": [0, 0, 0, 0, 0, 0, 0, 0, 0, 0, 0, 0, 0, 0, 0, 0, 0, 0, 0, 0, 0, 0, 0, 0, 0, 0, 0, 0, 0, 0, 0, 0, 0, 0, 0, 0]}, "key_key": "F", "thpcp": [1, 0.867906749249, 0.318313211203, 0.208607122302, 0.250898987055, 0.373033046722, 0.617589950562, 0.91509103775, 0.664581894875, 0.353534251451, 0.616326987743, 0.784753859043, 0.565447211266, 0.385685712099, 0.615674197674, 0.820812344551, 0.618518769741, 0.391900479794, 0.274808973074, 0.175175994635, 0.156580328941, 0.230682834983, 0.336805313826, 0.387367784977, 0.460285604, 0.426150202751, 0.292313039303, 0.361188858747, 0.494637846947, 0.367309123278, 0.20862826705, 0.2299182266, 0.254929304123, 0.263516068459, 0.316057473421, 0.519762635231], "chords_key": "D", "tuning_equal_tempered_deviation": 0.269301384687, "tuning_frequency": 434.193115234, "tuning_diatonic_strength": 0.360662579536, "chords_histogram": [4.20819473267, 13.0306386948, 3.83905506134, 1.47655963898, 5.46327066422, 0, 2.25175333023, 0.369139909744, 4.1712808609, 0, 2.58397936821, 2.91620516777, 0, 0, 0.627537846565, 0.775193810463, 1.62421560287, 1.51347362995, 14.5071983337, 13.9904022217, 0, 1.8826135397, 2.51015138626, 22.2591362], "key_strength": 0.531352639198, "key_scale": "major", "chords_strength": {"dvar": 0.000655555806588, "var": 0.0396414324641, "median": 0.499747633934, "max": 0.750572681427, "dmean": 0.00664468389004, "dmean2": 0.0071460744366, "mean": 0.492437213659, "dvar2": 0.00121105893049, "min": -1}, "chords_number_rate": 0.00590623868629, "tuning_nontempered_energy_ratio": 0.904087901115, "hpcp_entropy": {"dvar": 0.194160535932, "var": 0.55803745985, "median": 2.04269051552, "max": 3.93086695671, "dmean": 0.518381118774, "dmean2": 0.878856539726, "mean": 2.01982903481, "dvar2": 0.537588357925, "min": 0}, "chords_changes_rate": 0.0468807667494, "chords_scale": "minor"}, "rhythm": {"bpm_histogram_first_peak_spread": {"dvar": 0, "var": 0, "median": 0.532608687878, "max": 0.532608687878, "dmean": 0, "dmean2": 0, "mean": 0.532608687878, "dvar2": 0, "min": 0.532608687878}, "bpm_histogram_first_peak_weight": {"dvar": 0, "var": 0, "median": 0.438775509596, "max": 0.438775509596, "dmean": 0, "dmean2": 0, "mean": 0.438775509596, "dvar2": 0, "min": 0.438775509596}, "bpm_histogram_first_peak_bpm": {"dvar": 0, "var": 0, "median": 94, "max": 94, "dmean": 0, "dmean2": 0, "mean": 94, "dvar2": 0, "min": 94}, "bpm": 94.7052230835, "bpm_histogram_second_peak_weight": {"dvar": 0, "var": 0, "median": 0.0204081628472, "max": 0.0204081628472, "dmean": 0, "dmean2": 0, "mean": 0.0204081628472, "dvar2": 0, "min": 0.0204081628472}, "beats_loudness": {"dvar": 0.00116036692634, "var": 0.0010751998052, "median": 0.01791982539, "max": 0.238672539592, "dmean": 0.0230035036802, "dmean2": 0.0425860136747, "mean": 0.0272859614342, "dvar2": 0.00401892047375, "min": 0}, "beats_loudness_band_ratio": {"dvar": [0.0251817535609, 0.0338472500443, 0.00658102473244, 0.0145003646612, 0.000954559247475, 0.0080574741587], "var": [0.0700235590339, 0.0670670494437, 0.0126959756017, 0.0306226518005, 0.000774777319748, 0.0215673372149], "median": [0.0726486444473, 0.19193829596, 0.0482413470745, 0.121706739068, 0.00777635257691, 0.202521204948], "max": [0.929105043411, 0.92858839035, 0.604701161385, 0.859136998653, 0.211046144366, 0.668181717396], "dmean": [0.114038221538, 0.170564264059, 0.0635116696358, 0.104434840381, 0.0170253161341, 0.0957570672035], "dmean2": [0.199581772089, 0.300834804773, 0.104982629418, 0.17484356463, 0.0314048416913, 0.159422665834], "mean": [0.215203344822, 0.291325628757, 0.089142203331, 0.172926962376, 0.0171696804464, 0.224187418818], "dvar2": [0.0721539407969, 0.107135653496, 0.0184693541378, 0.0365539565682, 0.00271031586453, 0.0247831027955], "min": [0, 0, 0, 0, 0, 0]}, "bpm_histogram_second_peak_bpm": {"dvar": 0, "var": 0, "median": 99, "max": 99, "dmean": 0, "dmean2": 0, "mean": 99, "dvar2": 0, "min": 99}, "onset_rate": 1.28034186363, "beats_count": 197, "beats_position": [0.626938760281, 1.25387752056, 1.88081634045, 2.50775504112, 3.13469386101, 3.7732424736, 4.40018129349, 5.02712011337, 5.65405893326, 6.28099775314, 6.90793657303, 7.5464849472, 8.18503379822, 8.82358264923, 9.46213150024, 10.1006803513, 10.7392292023, 11.3777770996, 12.0163259506, 12.6548748016, 13.2934236526, 13.9319725037, 14.5705213547, 15.2090702057, 15.8476190567, 16.4861679077, 17.1247158051, 17.7516555786, 18.3669834137, 18.9939231873, 19.6208610535, 20.247800827, 20.8747386932, 21.5016784668, 22.128616333, 22.7555541992, 23.3824939728, 24.009431839, 24.6363716125, 25.2749195099, 25.9134693146, 26.5404071808, 27.1673469543, 27.7942848206, 28.4212245941, 29.0481624603, 29.686712265, 30.3136501312, 30.9521980286, 31.5791378021, 32.2060775757, 32.8330154419, 33.4599533081, 34.0868911743, 34.7138328552, 35.3407707214, 35.9677085876, 36.5946464539, 37.2215881348, 37.848526001, 38.4870758057, 39.1256217957, 39.7757797241, 40.4143295288, 41.0528793335, 41.6914291382, 42.3299751282, 42.9685249329, 43.6070747375, 44.2340126038, 44.8725624084, 45.5111083984, 46.1496582031, 46.7882080078, 47.415145874, 48.0420837402, 48.6690254211, 49.2959632874, 49.9229011536, 50.538230896, 51.1535606384, 51.7572784424, 52.3726081848, 52.9879341125, 53.6264839172, 54.2650337219, 54.9035835266, 55.5421295166, 56.1690673828, 56.8076171875, 57.4461669922, 58.0847167969, 58.7116546631, 59.3502044678, 59.9887504578, 60.6273002625, 61.2426300049, 61.8695678711, 62.5081176758, 63.1466636658, 63.7852134705, 64.4237594604, 65.0623092651, 65.7124710083, 66.3626327515, 67.0011749268, 67.6281204224, 68.2666625977, 68.9052124023, 69.5321502686, 70.1707000732, 70.7976379395, 71.4245758057, 72.0515213013, 72.6900634766, 73.3286132812, 73.9555511475, 74.5941009521, 75.2326507568, 75.917640686, 76.6142425537, 77.310836792, 77.9958267212, 78.6924285889, 79.3658065796, 80.0391845703, 80.677734375, 81.3162765503, 81.954826355, 82.5933761597, 83.2319259644, 83.870475769, 84.4974136353, 85.1359634399, 85.7745132446, 86.3898391724, 87.0051651001, 87.6204986572, 88.2242126465, 88.8395462036, 89.4200439453, 90.023765564, 90.6274795532, 91.2660293579, 91.9045791626, 92.5315170288, 93.1700668335, 93.8086166382, 94.4355545044, 95.0624923706, 95.6894302368, 96.316368103, 96.9433059692, 97.5702438354, 98.1855773926, 98.8125152588, 99.4278411865, 100.054779053, 100.693328857, 101.331878662, 101.982040405, 102.62059021, 103.259140015, 103.89768219, 104.547843933, 105.198005676, 105.84815979, 106.486709595, 107.136871338, 107.775421143, 108.413963318, 109.052513123, 109.691062927, 110.318000793, 110.94493866, 111.571876526, 112.198822021, 112.825759888, 113.475914001, 114.126075745, 114.764625549, 115.414779663, 116.064941406, 116.715103149, 117.353645325, 117.992195129, 118.630744934, 119.269294739, 119.907844543, 120.53478241, 121.173332214, 121.811882019, 122.438819885, 123.065757751, 123.692695618, 124.319633484, 124.94657135], "danceability": 0.885858714581, "bpm_histogram_second_peak_spread": {"dvar": 0, "var": 0, "median": 0.199999988079, "max": 0.199999988079, "dmean": 0, "dmean2": 0, "mean": 0.199999988079, "dvar2": 0, "min": 0.199999988079}}, "lowlevel": {"spectral_flux": {"dvar": 0.000156119815074, "var": 0.000990398228168, "median": 0.0497073158622, "max": 0.193496569991, "dmean": 0.0118360221386, "dmean2": 0.0198617987335, "mean": 0.0565421618521, "dvar2": 0.000444219738711, "min": 6.35086080947e-11}, "spectral_rolloff": {"dvar": 37025304, "var": 97471352, "median": 20801.0742188, "max": 22028.4667969, "dmean": 2427.93139648, "dmean2": 4735.72949219, "mean": 13091.5195312, "dvar2": 96966240, "min": 43.06640625}, "barkbands_flatness_db": {"dvar": 0.000693385722116, "var": 0.00490270508453, "median": 0.187658190727, "max": 0.45681014657, "dmean": 0.0284598264843, "dmean2": 0.0466250516474, "mean": 0.200353100896, "dvar2": 0.00205919449218, "min": 0.0208392906934}, "spectral_centroid": {"dvar": 33435.0234375, "var": 2337728.75, "median": 748.072753906, "max": 11726.7353516, "dmean": 106.394424438, "dmean2": 170.118469238, "mean": 988.19934082, "dvar2": 68905.234375, "min": 257.887573242}, "melbands_skewness": {"dvar": 0.732178390026, "var": 4.48958492279, "median": 1.57670533657, "max": 27.3621120453, "dmean": 0.702726721764, "dmean2": 1.13317584991, "mean": 1.96676254272, "dvar2": 1.95358014107, "min": -5.71528530121}, "melbands": {"dvar": [8.99406131794e-07, 1.11971900196e-07, 9.26028747017e-08, 2.17080312837e-07, 3.60407398148e-07, 1.13071365604e-07, 3.0672179463e-08, 6.17458129071e-09, 1.80184649423e-08, 4.15727940961e-09, 6.74848488202e-09, 6.81217926513e-09, 9.70032232317e-09, 2.3091753576e-07, 1.77033001592e-07, 4.50504789029e-09, 1.21405302478e-10, 2.95630436797e-10, 1.06893750795e-10, 9.64607907439e-11, 1.73699096773e-10, 2.43402936695e-11, 2.46981341628e-11, 1.97185011375e-11, 1.61200948423e-11, 9.17193404559e-12, 7.23137435349e-12, 2.05430399254e-12, 1.11392275612e-12, 5.61162010956e-13, 1.1072669474e-13, 4.48407451578e-14, 1.97357473923e-14, 6.51241069738e-15, 1.37033350196e-15, 7.71495766628e-16, 5.88344108844e-16, 4.53832841601e-16, 3.55209539769e-16, 2.82637106807e-16], "var": [2.80829272015e-06, 1.73833086592e-07, 1.2498645674e-07, 2.89778472506e-06, 5.43952228327e-06, 3.10544436388e-07, 1.17646621334e-07, 5.15278522073e-08, 3.29820650791e-08, 8.91425866456e-09, 1.21515251195e-08, 1.40713805052e-08, 3.38029941815e-08, 4.88703972223e-06, 2.97810970551e-06, 5.99646980959e-08, 4.08355987913e-10, 5.72053349135e-10, 6.21707463289e-10, 5.06193476024e-10, 9.30109711472e-10, 1.05124596528e-10, 7.98684035574e-11, 6.90985046958e-11, 5.59013182966e-11, 4.30886715197e-11, 2.83628225073e-11, 1.27254855958e-11, 5.15242622873e-12, 2.17599701278e-12, 6.78082861128e-13, 2.74269539371e-13, 9.82359945343e-14, 2.02778433964e-14, 2.17362609133e-15, 8.03843584307e-16, 6.1724656707e-16, 4.8054905485e-16, 3.80418669647e-16, 3.07039596622e-16], "median": [0.000141389813507, 6.91150489729e-05, 6.96930001141e-05, 0.000197267887415, 0.00031552935252, 0.000111742461741, 4.51766973129e-05, 1.23096324387e-05, 1.80058268597e-05, 1.95783504751e-05, 2.12628783629e-05, 2.88575483864e-05, 1.7660568119e-05, 3.69295776181e-05, 4.58531430922e-05, 1.06364823296e-05, 2.39851397055e-06, 1.90689502233e-06, 2.05276000997e-06, 1.22552478388e-06, 9.88613010122e-07, 1.13584508199e-06, 7.22418974419e-07, 2.8736025115e-07, 3.17775857184e-07, 3.57130261364e-07, 2.95038205422e-07, 1.41528332165e-07, 1.06350931617e-07, 7.39723660104e-08, 4.348839866e-08, 2.99919946656e-08, 1.93964186934e-08, 1.23263106389e-08, 6.65946675582e-09, 5.24115906231e-09, 4.76921835357e-09, 4.39214353776e-09, 4.09338429819e-09, 3.82198139803e-09], "max": [0.0195326004177, 0.00576929841191, 0.00448747444898, 0.0103453584015, 0.0143399583176, 0.00635883957148, 0.00603023031726, 0.00439656758681, 0.0027567865327, 0.00110285100527, 0.00193865585607, 0.00149549776688, 0.00387783790939, 0.0309439245611, 0.0223504658788, 0.00629052473232, 0.000248510652455, 0.000339931284543, 0.000280816922896, 0.000468552287202, 0.000693247071467, 0.000121798664622, 0.000148512175656, 0.000196581968339, 0.000134972797241, 0.000117074712762, 0.000119037991681, 7.29681269149e-05, 6.24494059593e-05, 3.60602462024e-05, 1.48782428369e-05, 8.2961487351e-06, 4.90402680953e-06, 2.17679894376e-06, 6.15017427208e-07, 5.05245225213e-07, 4.43099906988e-07, 3.87077591313e-07, 3.39827039397e-07, 2.9899541687e-07], "dmean": [0.000475871405797, 0.00016876970767, 0.000146987033077, 0.000273142068181, 0.000317054858897, 0.000153748333105, 7.7834680269e-05, 2.91193846351e-05, 4.8263987992e-05, 2.96557846013e-05, 3.19555074384e-05, 5.08420416736e-05, 3.1354771636e-05, 0.000123671605252, 0.000127697087009, 1.97056251636e-05, 4.54493147117e-06, 5.3440044212e-06, 4.13249154008e-06, 3.04253808281e-06, 2.8536744594e-06, 1.81325219728e-06, 1.66741006069e-06, 9.45603346736e-07, 9.05776403215e-07, 8.39460540192e-07, 6.59609611375e-07, 3.294395583e-07, 2.05993529789e-07, 1.78652925342e-07, 9.15222031495e-08, 6.19789446432e-08, 4.3479229106e-08, 2.95257720495e-08, 1.89664763894e-08, 1.50435681689e-08, 1.32200250746e-08, 1.16999991917e-08, 1.04435420312e-08, 9.41309608038e-09], "dmean2": [0.000799468136393, 0.000294706027489, 0.000261271634372, 0.00040768639883, 0.000441148877144, 0.000237994856434, 0.000129193038447, 4.83792209707e-05, 8.08926924947e-05, 4.92064900754e-05, 5.29740173079e-05, 8.22011497803e-05, 5.253557174e-05, 0.0001866001694, 0.000192704523215, 2.98135291814e-05, 7.47923104427e-06, 9.12433461053e-06, 6.92485991749e-06, 4.98694907947e-06, 4.59504599348e-06, 3.1425195175e-06, 2.89043032353e-06, 1.6255595483e-06, 1.53960320404e-06, 1.41638668083e-06, 1.12039174383e-06, 5.44699616967e-07, 3.38980669312e-07, 3.08981981334e-07, 1.52134703058e-07, 1.02130144342e-07, 7.34875271746e-08, 5.07752133672e-08, 3.25944142787e-08, 2.57366288281e-08, 2.2601744476e-08, 1.9991171385e-08, 1.78245347371e-08, 1.60451953946e-08], "mean": [0.000940943136811, 0.000256485625869, 0.000213762003114, 0.000934552401304, 0.00127530714963, 0.000321997795254, 0.000151883679791, 6.30390131846e-05, 7.90463600424e-05, 5.62597924727e-05, 5.84187582717e-05, 8.18520784378e-05, 6.35372343822e-05, 0.000464724173071, 0.000436660338892, 5.12904443895e-05, 9.68479980656e-06, 9.94219954009e-06, 1.0065468814e-05, 7.28391705707e-06, 7.43729015085e-06, 4.17251612816e-06, 3.23897370436e-06, 2.22692960961e-06, 1.98362931769e-06, 1.84020427696e-06, 1.40035228924e-06, 8.57891507167e-07, 5.35176809535e-07, 3.69655907662e-07, 2.01733044491e-07, 1.33314571826e-07, 8.66988898451e-08, 4.70272638609e-08, 2.20817160113e-08, 1.49998697907e-08, 1.32935893404e-08, 1.18891376744e-08, 1.07404174443e-08, 9.81710268633e-09], "dvar2": [2.44563216256e-06, 3.43404082059e-07, 2.8802347174e-07, 5.76428647037e-07, 8.23341622436e-07, 2.99687599181e-07, 8.2399445489e-08, 1.64494178279e-08, 4.79106851969e-08, 1.30833983647e-08, 1.94359088823e-08, 1.79193602179e-08, 2.99710620766e-08, 5.1409790558e-07, 4.33487599594e-07, 6.09115158312e-09, 3.48634093816e-10, 9.6235841518e-10, 3.13932047025e-10, 2.63327415428e-10, 3.79542425266e-10, 7.35205993307e-11, 7.54464615782e-11, 5.7295987399e-11, 4.52994863842e-11, 2.50014245418e-11, 2.05382655327e-11, 5.14864626627e-12, 2.82294803852e-12, 1.67038897905e-12, 2.89053449145e-13, 1.16256451081e-13, 5.67014527507e-14, 1.94891066447e-14, 3.88065857796e-15, 2.07167233536e-15, 1.57863775017e-15, 1.21714748757e-15, 9.52435609628e-16, 7.57735822279e-16], "min": [1.18217206281e-24, 4.40072613384e-25, 1.05007316272e-24, 1.45797430275e-24, 2.13142978792e-24, 1.21593994412e-24, 2.31648137071e-24, 1.62983060918e-24, 2.37286934543e-24, 1.29471756626e-24, 1.59631822021e-24, 1.7343310133e-24, 1.87803070465e-24, 2.32136737794e-24, 1.76599174851e-24, 2.41151879662e-24, 3.19858681822e-24, 2.48410741054e-24, 2.50386679849e-24, 3.4999754658e-24, 3.51273805195e-24, 3.60130267692e-24, 4.19396914185e-24, 3.81766000752e-24, 4.40438477211e-24, 4.56314263485e-24, 4.74625894463e-24, 4.41415244784e-24, 4.92067372419e-24, 4.67889180105e-24, 6.27374254275e-24, 4.04351088468e-24, 3.40627456747e-24, 5.62113882068e-24, 6.03709886511e-24, 4.60863860984e-24, 5.35722303825e-24, 5.98171964628e-24, 5.99808929892e-24, 6.51363356631e-24]}, "spectral_decrease": {"dvar": 2.76945363039e-18, "var": 3.66430621972e-17, "median": -2.58512011797e-09, "max": 4.56075666122e-09, "dmean": 1.16756848634e-09, "dmean2": 1.84187720631e-09, "mean": -4.30565805232e-09, "dvar2": 7.11897443198e-18, "min": -7.34732665819e-08}, "barkbands_kurtosis": {"dvar": 1445.04199219, "var": 7390.37402344, "median": 6.53966903687, "max": 1603.56762695, "dmean": 10.9566707611, "dmean2": 18.1226348877, "mean": 25.574382782, "dvar2": 4221.93554688, "min": -1.59393870831}, "silence_rate_30dB": {"dvar": 0.00367980264127, "var": 0.0227231699973, "median": 1, "max": 1, "dmean": 0.00369344418868, "dmean2": 0.00738825276494, "mean": 0.976735591888, "dvar2": 0.00733366655186, "min": 0}, "gfcc": {"mean": [-108.971221924, 105.269294739, -97.1496810913, -33.5153274536, -17.6324577332, -24.6995506287, -7.3034620285, -27.4300365448, -17.6613330841, -11.2923641205, 8.3278131485, 2.08118772507, 7.11298894882], "cov": [[30221.3886719, 2875.34228516, -2414.36889648, -489.489440918, -214.751998901, -522.312072754, 29.5168991089, -615.620605469, -412.664642334, -347.597381592, 94.5273666382, -80.8649673462, 22.4328670502], [2875.34228516, 1286.61682129, 294.174957275, 308.526031494, 403.875488281, 75.5814743042, 78.3408432007, -92.9067611694, -20.0483379364, -89.7683792114, -51.9701728821, -102.898170471, 14.0864496231], [-2414.36889648, 294.174957275, 1233.7598877, 632.726074219, 186.235366821, 411.798095703, -267.816314697, 72.7718429565, -73.8026885986, -17.7305107117, -93.2163085938, -50.2211227417, -2.28378534317], [-489.489440918, 308.526031494, 632.726074219, 629.042297363, 274.166778564, 235.986587524, -54.942817688, 52.5208435059, 10.0711507797, -12.7928066254, -112.888412476, -71.8592910767, -39.1216278076], [-214.751998901, 403.875488281, 186.235366821, 274.166778564, 474.626647949, 167.085952759, 165.108963013, 21.005695343, 56.949344635, -9.07328224182, -24.1818599701, -69.8177032471, -12.2258634567], [-522.312072754, 75.5814743042, 411.798095703, 235.986587524, 167.085952759, 422.167205811, -0.0562551245093, 123.872436523, -0.0550364218652, 28.5503330231, -8.51664352417, -32.4546394348, -14.5490055084], [29.5168991089, 78.3408432007, -267.816314697, -54.942817688, 165.108963013, -0.0562551245093, 482.793365479, 153.601119995, 104.265029907, 20.0302829742, 32.2345085144, -26.7742786407, -49.6824913025], [-615.620605469, -92.9067611694, 72.7718429565, 52.5208435059, 21.005695343, 123.872436523, 153.601119995, 264.013458252, 109.705345154, 41.232421875, -26.259355545, -40.3566703796, -33.6903381348], [-412.664642334, -20.0483379364, -73.8026885986, 10.0711507797, 56.949344635, -0.0550364218652, 104.265029907, 109.705345154, 156.111862183, 63.7002334595, -24.7819499969, -30.9316444397, -25.3925514221], [-347.597381592, -89.7683792114, -17.7305107117, -12.7928066254, -9.07328224182, 28.5503330231, 20.0302829742, 41.232421875, 63.7002334595, 92.2423706055, 35.1953735352, 4.87101650238, -16.7758750916], [94.5273666382, -51.9701728821, -93.2163085938, -112.888412476, -24.1818599701, -8.51664352417, 32.2345085144, -26.259355545, -24.7819499969, 35.1953735352, 124.572402954, 56.7964782715, 14.4540052414], [-80.8649673462, -102.898170471, -50.2211227417, -71.8592910767, -69.8177032471, -32.4546394348, -26.7742786407, -40.3566703796, -30.9316444397, 4.87101650238, 56.7964782715, 92.6171340942, 42.9875984192], [22.4328670502, 14.0864496231, -2.28378534317, -39.1216278076, -12.2258634567, -14.5490055084, -49.6824913025, -33.6903381348, -25.3925514221, -16.7758750916, 14.4540052414, 42.9875984192, 82.9139709473]], "icov": [[0.000133750480018, -0.000511845340952, 0.000750657927711, -0.000437222013716, 0.000409812375437, -0.000322076055454, 0.000294826255413, -0.000246022711508, 0.000486312870635, 1.5470353901e-05, -0.00012849837367, -3.3416927181e-05, 0.000137549839565], [-0.000511845340952, 0.00332855177112, -0.00318831671029, 0.00140685169026, -0.00211336836219, 0.00137938791886, -0.00152946996968, 0.00189287343528, -0.00249755731784, 0.00124883290846, -0.000415927293943, 0.00194585835561, -0.00151649757754], [0.000750657927711, -0.00318831671029, 0.00700834300369, -0.0046309470199, 0.00246208324097, -0.00293205399066, 0.00308278691955, -0.00276310695335, 0.00410520844162, -0.000212265353184, -0.000930947891902, -0.000458622700535, 0.0005339627387], [-0.000437222013716, 0.00140685169026, -0.0046309470199, 0.00693442812189, -0.0037993772421, 0.00132621591911, -0.000821779714897, 0.000459787988802, -0.00063954788493, -0.00179539481178, 0.00460138684139, -0.00237673916854, 0.00226150290109], [0.000409812375437, -0.00211336836219, 0.00246208324097, -0.0037993772421, 0.00762658659369, -0.00328480312601, -0.00156139838509, 0.0028037619777, -0.00284487381577, 0.00291001796722, -0.00342076388188, 0.00388596416451, -0.00242572976276], [-0.000322076055454, 0.00137938791886, -0.00293205399066, 0.00132621591911, -0.00328480312601, 0.00615225220099, -9.33687988436e-05, -0.00277846911922, 0.00230979244225, -0.00298312027007, 0.000439534924226, -0.000174338259967, -7.43710043025e-05], [0.000294826255413, -0.00152946996968, 0.00308278691955, -0.000821779714897, -0.00156139838509, -9.33687988436e-05, 0.0059042586945, -0.00460252165794, 0.00136967457365, 0.0011209405493, -0.00158835621551, -0.00207382976077, 0.00329671008512], [-0.000246022711508, 0.00189287343528, -0.00276310695335, 0.000459787988802, 0.0028037619777, -0.00277846911922, -0.00460252165794, 0.0117952218279, -0.00903043709695, 0.0033073737286, -0.00101277511567, 0.00416257046163, -0.00223140744492], [0.000486312870635, -0.00249755731784, 0.00410520844162, -0.00063954788493, -0.00284487381577, 0.00230979244225, 0.00136967457365, -0.00903043709695, 0.0236173570156, -0.0165455006063, 0.00888897757977, -0.00262252008542, 0.000936588912737], [1.5470353901e-05, 0.00124883290846, -0.000212265353184, -0.00179539481178, 0.00291001796722, -0.00298312027007, 0.0011209405493, 0.0033073737286, -0.0165455006063, 0.0280846673995, -0.0133312819526, 0.00292250118218, 0.00227588927373], [-0.00012849837367, -0.000415927293943, -0.000930947891902, 0.00460138684139, -0.00342076388188, 0.000439534924226, -0.00158835621551, -0.00101277511567, 0.00888897757977, -0.0133312819526, 0.0215086955577, -0.0116403643042, 0.00277085206471], [-3.3416927181e-05, 0.00194585835561, -0.000458622700535, -0.00237673916854, 0.00388596416451, -0.000174338259967, -0.00207382976077, 0.00416257046163, -0.00262252008542, 0.00292250118218, -0.0116403643042, 0.0268653333187, -0.0125757204369], [0.000137549839565, -0.00151649757754, 0.0005339627387, 0.00226150290109, -0.00242572976276, -7.43710043025e-05, 0.00329671008512, -0.00223140744492, 0.000936588912737, 0.00227588927373, 0.00277085206471, -0.0125757204369, 0.0208451636136]]}, "silence_rate_20dB": {"dvar": 0.000738143164199, "var": 0.000738006958272, "median": 1, "max": 1, "dmean": 0.000738688802812, "dmean2": 0.00147765048314, "mean": 0.999261438847, "dvar2": 0.00147546711378, "min": 0}, "barkbands_skewness": {"dvar": 0.87917226553, "var": 10.180598259, "median": 1.84021306038, "max": 31.0192050934, "dmean": 0.734548211098, "dmean2": 1.17454361916, "mean": 2.5178835392, "dvar2": 2.20550298691, "min": -7.81940603256}, "erbbands_skewness": {"dvar": 0.211590245366, "var": 3.01889443398, "median": 0.106463648379, "max": 9.48539161682, "dmean": 0.461609184742, "dmean2": 0.718306422234, "mean": 0.486172765493, "dvar2": 0.517631411552, "min": -6.09825277328}, "spectral_contrast_valleys": {"dvar": [0.162249028683, 0.127936974168, 0.116985432804, 0.132413521409, 0.215266749263, 0.363243669271], "var": [9.9674282074, 9.51975250244, 9.10069465637, 8.45354938507, 8.06225585938, 6.03730201721], "median": [-7.774102211, -7.10658740997, -7.5687623024, -8.49543952942, -8.9877948761, -11.5656290054], "max": [-5.79681777954, -5.11869812012, -5.53885984421, -6.10171747208, -5.79952001572, -9.28374576569], "dmean": [0.454159587622, 0.385838657618, 0.356229066849, 0.365994334221, 0.437221288681, 0.676157653332], "dmean2": [0.762026906013, 0.630015969276, 0.567937135696, 0.583548069, 0.717159032822, 1.12752342224], "mean": [-8.60230445862, -7.5427069664, -7.983689785, -8.80022716522, -9.29664230347, -11.9763536453], "dvar2": [0.4091565907, 0.299350172281, 0.272077590227, 0.323852360249, 0.586142003536, 0.951020002365], "min": [-28.2343826294, -28.0422801971, -27.8546352386, -27.7167015076, -27.5336437225, -27.4127082825]}, "spectral_strongpeak": {"dvar": 125.440055847, "var": 286.11114502, "median": 0.64822268486, "max": 172.443603516, "dmean": 3.22691011429, "dmean2": 5.80842256546, "mean": 5.61521434784, "dvar2": 304.518066406, "min": 0}, "erbbands_crest": {"dvar": 7.00557994843, "var": 43.9345817566, "median": 12.5182762146, "max": 34.9983596802, "dmean": 2.70996427536, "dmean2": 4.42827415466, "mean": 13.8655281067, "dvar2": 18.2433261871, "min": 2.20727133751}, "barkbands_crest": {"dvar": 4.96281290054, "var": 37.1912002563, "median": 11.2375106812, "max": 26.5841522217, "dmean": 2.35145831108, "dmean2": 3.86548662186, "mean": 12.8297452927, "dvar2": 13.2644872665, "min": 2.51346254349}, "spectral_energyband_middle_low": {"dvar": 1.15241773528e-05, "var": 0.0001616380614, "median": 0.00509660784155, "max": 0.0732720792294, "dmean": 0.0023487249855, "dmean2": 0.0034257764928, "mean": 0.00992303155363, "dvar2": 2.94159635814e-05, "min": 1.38113931369e-22}, "spectral_contrast_coeffs": {"dvar": [0.00152733852156, 0.00147964037023, 0.000995261594653, 0.000951893161982, 0.00082677177852, 0.00083204411203], "var": [0.0188776180148, 0.00646416796371, 0.00693849846721, 0.00473390053958, 0.00377074442804, 0.00342339486815], "median": [-0.641163647175, -0.748874127865, -0.764966726303, -0.759123563766, -0.800159037113, -0.83526545763], "max": [-0.263576924801, -0.484581649303, -0.390304833651, -0.49891141057, -0.611373782158, -0.487580537796], "dmean": [0.0473035983741, 0.0477508082986, 0.0398443825543, 0.0374945476651, 0.0345395617187, 0.0279570315033], "dmean2": [0.0804191753268, 0.0785682573915, 0.0641286671162, 0.0610090233386, 0.0567828640342, 0.0466311760247], "mean": [-0.627305805683, -0.743456661701, -0.764853358269, -0.761143565178, -0.811131060123, -0.821128249168], "dvar2": [0.00432988116518, 0.00402547884732, 0.00255475123413, 0.00258110952564, 0.00228513241746, 0.00220857723616], "min": [-0.978672087193, -0.983370065689, -0.974336802959, -0.971099793911, -0.966093719006, -0.96566593647]}, "hfc": {"dvar": 1811.65100098, "var": 22162.7167969, "median": 60.6528396606, "max": 1455.28771973, "dmean": 23.238609314, "dmean2": 33.0435943604, "mean": 108.522476196, "dvar2": 3560.46850586, "min": 1.05639229412e-16}, "spectral_energyband_high": {"dvar": 1.32436479561e-08, "var": 2.13059223597e-07, "median": 6.01313076913e-05, "max": 0.00743229081854, "dmean": 4.39204450231e-05, "dmean2": 6.76423805999e-05, "mean": 0.000166663710843, "dvar2": 2.54725129878e-08, "min": 6.6131914634e-21}, "erbbands_spread": {"dvar": 13.2015924454, "var": 85.3791122437, "median": 16.564699173, "max": 92.9010162354, "dmean": 3.77459192276, "dmean2": 6.06888341904, "mean": 17.1920337677, "dvar2": 32.4122390747, "min": 0.249643445015}, "dissonance": {"dvar": 0.00147489900701, "var": 0.0026760394685, "median": 0.432607233524, "max": 0.500000059605, "dmean": 0.0399102456868, "dmean2": 0.0684152469039, "mean": 0.423609972, "dvar2": 0.00415994040668, "min": 0.115314655006}, "spectral_kurtosis": {"dvar": 146.062393188, "var": 206.179046631, "median": 27.6489372253, "max": 152.551498413, "dmean": 9.86903381348, "dmean2": 16.675245285, "mean": 29.6136016846, "dvar2": 437.026885986, "min": -1.27838420868}, "spectral_skewness": {"dvar": 0.534899532795, "var": 1.21746122837, "median": 3.90748715401, "max": 9.92086029053, "dmean": 0.643012344837, "dmean2": 1.08321893215, "mean": 3.92935538292, "dvar2": 1.63511323929, "min": -0.108606137335}, "pitch_salience": {"dvar": 0.00282286596484, "var": 0.0226874426007, "median": 0.453078687191, "max": 0.93032759428, "dmean": 0.0584632009268, "dmean2": 0.0942627936602, "mean": 0.447166830301, "dvar2": 0.0077621396631, "min": 0.0487484447658}, "spectral_complexity": {"dvar": 2.28508782387, "var": 60.7020721436, "median": 7, "max": 55, "dmean": 1.4999076128, "dmean2": 2.54082012177, "mean": 9.95180988312, "dvar2": 6.1105427742, "min": 0}, "spectral_spread": {"dvar": 604277833728, "var": 29680623157200.0, "median": 3323961.75, "max": 42885452, "dmean": 609527.3125, "dmean2": 1028812.1875, "mean": 4150851.75, "dvar2": 1462650929150.0, "min": 902519.875}, "dynamic_complexity": 4.43475818634, "melbands_crest": {"dvar": 10.5537185669, "var": 47.5867424011, "median": 16.071187973, "max": 39.0003738403, "dmean": 3.22795677185, "dmean2": 5.29510974884, "mean": 16.763299942, "dvar2": 29.1351699829, "min": 1.63177633286}, "zerocrossingrate": {"dvar": 0.000857465085573, "var": 0.0169764198363, "median": 0.279296875, "max": 0.76416015625, "dmean": 0.0310389082879, "dmean2": 0.0376933477819, "mean": 0.288193225861, "dvar2": 0.00122270302381, "min": 0.0263671875}, "spectral_energyband_low": {"dvar": 1.19808146337e-05, "var": 4.13021662098e-05, "median": 0.00105768279172, "max": 0.0715670287609, "dmean": 0.00181528262328, "dmean2": 0.00306623708457, "mean": 0.0041218730621, "dvar2": 3.30216280418e-05, "min": 1.29667891113e-23}, "melbands_kurtosis": {"dvar": 385.035095215, "var": 1060.94030762, "median": 3.66299104691, "max": 914.934387207, "dmean": 7.14728307724, "dmean2": 11.733297348, "mean": 14.0036249161, "dvar2": 1000.82324219, "min": -1.83038640022}, "spectral_energyband_middle_high": {"dvar": 2.76408154605e-05, "var": 0.0005741820205, "median": 0.00154216506053, "max": 0.320047914982, "dmean": 0.00178886530921, "dmean2": 0.00271291309036, "mean": 0.00726982532069, "dvar2": 6.35780743323e-05, "min": 1.14657501976e-21}, "barkbands_spread": {"dvar": 17.2917366028, "var": 112.6043396, "median": 13.9824352264, "max": 87.2654724121, "dmean": 3.64991474152, "dmean2": 5.85072755814, "mean": 15.3193855286, "dvar2": 43.3692092896, "min": 0.119199641049}, "mfcc": {"mean": [-763.169311523, 177.675888062, -22.6940727234, 8.10642528534, -6.14229822159, 5.30660200119, 8.22223377228, -5.1753783226, -9.94089889526, -14.4853010178, -7.43235683441, 1.21298599243, 5.90441036224], "cov": [[8298.234375, 2055.57836914, -735.635681152, 383.828674316, -186.884170532, 99.6608428955, 132.622360229, 77.2733001709, 11.0619134903, -50.776599884, 23.4151248932, -2.25188374519, 30.47955513], [2055.57836914, 1605.99145508, 5.69413852692, 245.711791992, 191.964599609, 172.52935791, 168.95199585, 25.9351539612, 24.9207649231, -28.686252594, -38.4869766235, -9.54052448273, -13.9467754364], [-735.635681152, 5.69413852692, 961.748291016, 161.112319946, 419.982635498, 188.765701294, 13.2632923126, 17.8433055878, -68.3216018677, 11.0603380203, -73.161277771, -59.4252624512, -112.488563538], [383.828674316, 245.711791992, 161.112319946, 421.606231689, 201.887680054, 142.184906006, 62.5206565857, 40.5365943909, 59.2753868103, 35.3595123291, 22.2648582458, -40.7044372559, -53.8652000427], [-186.884170532, 191.964599609, 419.982635498, 201.887680054, 513.245117188, 257.414123535, 45.0312690735, 11.7437124252, -4.55978775024, 50.3436088562, -28.3033180237, -38.3202285767, -100.121810913], [99.6608428955, 172.52935791, 188.765701294, 142.184906006, 257.414123535, 259.69543457, 107.820083618, 32.0984268188, 14.5407896042, 25.5373668671, 5.66729927063, -4.69821405411, -33.4760398865], [132.622360229, 168.95199585, 13.2632923126, 62.5206565857, 45.0312690735, 107.820083618, 227.939956665, 120.025856018, 51.6603469849, 47.5208053589, 25.1181125641, 42.734916687, 31.5388298035], [77.2733001709, 25.9351539612, 17.8433055878, 40.5365943909, 11.7437124252, 32.0984268188, 120.025856018, 154.362747192, 110.509521484, 64.8983840942, 41.0206031799, 31.364315033, 16.4437828064], [11.0619134903, 24.9207649231, -68.3216018677, 59.2753868103, -4.55978775024, 14.5407896042, 51.6603469849, 110.509521484, 192.298583984, 126.991752625, 67.4257888794, 25.3107891083, 2.66583180428], [-50.776599884, -28.686252594, 11.0603380203, 35.3595123291, 50.3436088562, 25.5373668671, 47.5208053589, 64.8983840942, 126.991752625, 167.763839722, 89.5804748535, 23.2732181549, 1.62947630882], [23.4151248932, -38.4869766235, -73.161277771, 22.2648582458, -28.3033180237, 5.66729927063, 25.1181125641, 41.0206031799, 67.4257888794, 89.5804748535, 112.516799927, 58.5581626892, 24.4815559387], [-2.25188374519, -9.54052448273, -59.4252624512, -40.7044372559, -38.3202285767, -4.69821405411, 42.734916687, 31.364315033, 25.3107891083, 23.2732181549, 58.5581626892, 105.110198975, 68.1018447876], [30.47955513, -13.9467754364, -112.488563538, -53.8652000427, -100.121810913, -33.4760398865, 31.5388298035, 16.4437828064, 2.66583180428, 1.62947630882, 24.4815559387, 68.1018447876, 111.350906372]], "icov": [[0.000294575904263, -0.000443345721578, 0.000420146097895, -0.000496122578625, 0.000830512610264, -0.000903521198779, 0.00133669748902, -0.00173813244328, 0.00186267029494, -0.00176475418266, 0.0014429425355, -0.00108495180029, 0.00072902510874], [-0.000443345721578, 0.00148460455239, -0.000550268625375, 0.000502394046634, -0.00174662249628, 0.00165586965159, -0.00315064331517, 0.00369301321916, -0.00377958547324, 0.00366749824025, -0.00238702096976, 0.00192590011284, -0.00134746299591], [0.000420146097895, -0.000550268625375, 0.00281491852365, -0.00149641779717, 0.000852388970088, -0.00238598510623, 0.00392139842734, -0.00573853123933, 0.00638450635597, -0.00605939980596, 0.00586594222113, -0.00399005133659, 0.0028081794735], [-0.000496122578625, 0.000502394046634, -0.00149641779717, 0.00546225206926, -0.00388819002546, 0.00267227762379, -0.00512805627659, 0.00605053454638, -0.00825441721827, 0.00903130602092, -0.00950042065233, 0.00777135742828, -0.00340313767083], [0.000830512610264, -0.00174662249628, 0.000852388970088, -0.00388819002546, 0.0119055053219, -0.0108875120059, 0.0101164253429, -0.0108525054529, 0.0132980402559, -0.0165228713304, 0.0152166197076, -0.0116550559178, 0.00840923655778], [-0.000903521198779, 0.00165586965159, -0.00238598510623, 0.00267227762379, -0.0108875120059, 0.01728467457, -0.0145231438801, 0.0143633559346, -0.0147717194632, 0.0170769002289, -0.0160698983818, 0.0111402822658, -0.00644022878259], [0.00133669748902, -0.00315064331517, 0.00392139842734, -0.00512805627659, 0.0101164253429, -0.0145231438801, 0.0254468992352, -0.0266920141876, 0.0236496552825, -0.0242932420224, 0.0217064470053, -0.0165040213615, 0.00729532632977], [-0.00173813244328, 0.00369301321916, -0.00573853123933, 0.00605053454638, -0.0108525054529, 0.0143633559346, -0.0266920141876, 0.0413421243429, -0.0349780656397, 0.0293744541705, -0.0250007975847, 0.0173144601285, -0.0106021650136], [0.00186267029494, -0.00377958547324, 0.00638450635597, -0.00825441721827, 0.0132980402559, -0.0147717194632, 0.0236496552825, -0.0349780656397, 0.0444764196873, -0.0401334650815, 0.0294906403869, -0.0222853571177, 0.0141248367727], [-0.00176475418266, 0.00366749824025, -0.00605939980596, 0.00903130602092, -0.0165228713304, 0.0170769002289, -0.0242932420224, 0.0293744541705, -0.0401334650815, 0.0521438121796, -0.0434074886143, 0.0287951584905, -0.015859587118], [0.0014429425355, -0.00238702096976, 0.00586594222113, -0.00950042065233, 0.0152166197076, -0.0160698983818, 0.0217064470053, -0.0250007975847, 0.0294906403869, -0.0434074886143, 0.0541539676487, -0.0356772243977, 0.0168739929795], [-0.00108495180029, 0.00192590011284, -0.00399005133659, 0.00777135742828, -0.0116550559178, 0.0111402822658, -0.0165040213615, 0.0173144601285, -0.0222853571177, 0.0287951584905, -0.0356772243977, 0.0414060391486, -0.0221138447523], [0.00072902510874, -0.00134746299591, 0.0028081794735, -0.00340313767083, 0.00840923655778, -0.00644022878259, 0.00729532632977, -0.0106021650136, 0.0141248367727, -0.015859587118, 0.0168739929795, -0.0221138447523, 0.0246361065656]]}, "silence_rate_60dB": {"dvar": 0.0262351855636, "var": 0.0938757956028, "median": 0, "max": 1, "dmean": 0.0269621424377, "dmean2": 0.0539342463017, "mean": 0.104874446988, "dvar2": 0.0628465488553, "min": 0}, "melbands_flatness_db": {"dvar": 0.000995915732346, "var": 0.00806634221226, "median": 0.292775183916, "max": 0.589996278286, "dmean": 0.0339927822351, "dmean2": 0.0559797435999, "mean": 0.302161872387, "dvar2": 0.003007052