{"lowlevel": {"erbbands": {"mean": [1.09292769432, 3.89113521576, 4.286236763, 5.0454082489, 8.08998298645, 9.37352275848, 9.75782966614, 13.2551403046, 16.4276733398, 10.9272289276, 10.9848012924, 15.6856737137, 23.089548111, 23.5225696564, 13.2277488708, 14.5370845795, 17.9888076782, 30.5809993744, 20.5932579041, 21.4540176392, 27.4343414307, 29.6158409119, 37.0905151367, 35.7139434814, 37.785785675, 30.0284824371, 15.0940084457, 14.9252176285, 15.6698932648, 12.8068799973, 10.2884902954, 10.4744272232, 7.40653657913, 4.31212472916, 2.4246339798, 1.25232207775, 0.332736730576, 0.0502302832901, 0.0046551390551, 0.000184545788215], "dvar": [0.682196974754, 8.87400722504, 25.0984268188, 31.4253997803, 82.6081161499, 103.484924316, 155.430633545, 242.214431763, 389.954498291, 212.845489502, 233.643981934, 386.607208252, 728.921325684, 804.32043457, 297.553588867, 703.088806152, 535.631530762, 2161.57714844, 570.083190918, 949.252319336, 2479.98022461, 2606.25317383, 2906.67431641, 2251.86108398, 2808.4909668, 2187.09472656, 475.196289063, 413.257659912, 457.927642822, 331.877441406, 276.758850098, 1108.84973145, 443.285797119, 124.909896851, 41.3168296814, 16.6598529816, 1.00695836544, 0.0146501073614, 0.00012164148211, 1.27147913531e-07], "min": [1.64900090894e-21, 1.28010384163e-20, 2.54083647041e-20, 5.62767353742e-20, 6.13825723287e-20, 2.39550109528e-19, 4.86899860148e-19, 2.09872743231e-19, 2.63192947688e-19, 5.02069577101e-19, 1.13025824482e-18, 2.16130424018e-18, 1.6809338853e-18, 3.70645735851e-18, 1.57641434162e-18, 3.23381276714e-18, 5.92436391365e-18, 1.25711600773e-17, 1.06121349977e-17, 8.7775675131e-18, 6.43065593758e-18, 4.83633024056e-18, 1.0167811623e-17, 1.40789945287e-17, 1.64675976615e-17, 1.43992275767e-17, 2.1097726251e-17, 2.16673277839e-17, 1.72417394532e-17, 1.80869509487e-17, 2.44742311893e-17, 1.70326877513e-17, 1.61370744867e-17, 1.33648332576e-17, 8.95443196296e-18, 4.88273424575e-18, 3.23361341662e-18, 1.50838773183e-18, 3.19253872932e-19, 4.00110461154e-20], "dmean": [0.551183581352, 2.07961297035, 3.00939750671, 3.40317726135, 5.32351970673, 6.13619661331, 5.93599462509, 7.26103258133, 9.44144916534, 6.8161907196, 6.92841625214, 8.52254581451, 11.8319921494, 11.7773828506, 8.96788215637, 13.3547315598, 12.6336193085, 17.160533905, 14.6871204376, 17.1667098999, 24.5809211731, 24.24650383, 26.3008880615, 25.259595871, 30.8830986023, 25.8008956909, 10.9406318665, 11.7560806274, 11.9288539886, 9.88375377655, 8.17224597931, 11.287322998, 7.51516151428, 4.11253595352, 2.29343914986, 1.32848024368, 0.33999222517, 0.0449872426689, 0.00384753081016, 0.000120306220197], "dmean2": [0.761595606804, 3.30886864662, 5.20943212509, 5.91632270813, 9.13084125519, 10.3542795181, 9.6034784317, 11.597243309, 15.0593709946, 11.0373353958, 11.3365001678, 13.8725700378, 19.0698165894, 19.0418434143, 15.2278432846, 23.375743866, 21.4539279938, 27.9064731598, 24.5330982208, 28.5664081573, 40.8156967163, 37.7425842285, 40.4964942932, 38.6586303711, 48.9614715576, 41.3355674744, 17.2289867401, 18.4490814209, 18.6833724976, 15.333902359, 12.1382026672, 18.9985694885, 12.2045145035, 6.3348941803, 3.57067108154, 2.090310812, 0.532548189163, 0.0688490495086, 0.00600222451612, 0.000186270102859], "dvar2": [1.1980663538, 20.3682785034, 67.6949234009, 87.9927749634, 224.191818237, 274.992248535, 367.768371582, 496.905822754, 881.402526855, 516.003051758, 525.88482666, 844.930480957, 1685.18103027, 1716.69970703, 778.609985352, 1898.89770508, 1400.65039063, 4672.98974609, 1514.21789551, 2521.36352539, 6536.67285156, 5962.87744141, 5904.49755859, 4585.92089844, 6690.88085938, 5260.49365234, 1192.50036621, 944.171813965, 1098.14038086, 815.655883789, 620.278686523, 2941.41943359, 1135.59033203, 273.97845459, 83.7935180664, 39.4616470337, 2.39674901962, 0.034344766289, 0.000288022158202, 3.06915183046e-07], "max": [7.32687616348, 24.6310424805, 47.5045394897, 79.0899810791, 183.229644775, 257.031555176, 289.351135254, 395.714538574, 576.576049805, 457.578643799, 591.077270508, 836.809265137, 847.418457031, 1234.73986816, 334.361053467, 295.550018311, 571.979980469, 2061.13574219, 417.595611572, 410.192901611, 1152.14245605, 661.696655273, 1149.3951416, 725.850097656, 586.842041016, 431.288116455, 890.312927246, 330.908416748, 594.245666504, 244.7631073, 356.603637695, 291.063262939, 179.489746094, 112.616279602, 56.714466095, 111.379653931, 22.6349163055, 1.50098097324, 0.425857573748, 0.0167655516416], "median": [0.124500565231, 1.52174890041, 1.9267168045, 2.30720114708, 3.37898564339, 4.05636072159, 3.20027756691, 4.14191055298, 5.47105884552, 3.70187497139, 3.83354139328, 5.19184732437, 8.1294002533, 7.30894184113, 6.13223648071, 6.08041381836, 7.56407928467, 9.22239303589, 9.84167957306, 8.99519252777, 9.8957824707, 9.46352863312, 11.4743871689, 11.7519674301, 10.7053079605, 7.40773248672, 6.18432712555, 5.18472957611, 5.76953125, 4.62413597107, 2.83119320869, 1.95468080044, 1.30755734444, 0.560812413692, 0.261719405651, 0.110052041709, 0.0312330145389, 0.00569804711267, 0.000610574556049, 9.57509982982e-05], "var": [2.5290312767, 20.5581932068, 37.2125205994, 56.9656982422, 176.496948242, 247.529693604, 482.067016602, 991.223144531, 1683.30529785, 710.849304199, 861.875488281, 1790.56298828, 3719.30664063, 5061.85449219, 532.130493164, 616.877319336, 1068.70202637, 9639.5, 805.833190918, 1117.09997559, 2342.6574707, 3284.23071289, 4738.85839844, 4138.99267578, 3871.08837891, 2608.92382813, 592.347839355, 580.950805664, 685.294006348, 421.849243164, 367.07409668, 855.663024902, 389.737976074, 135.125350952, 46.9979019165, 15.5992889404, 0.972481787205, 0.016353180632, 0.000144703430124, 1.45308789001e-07]}, "gfcc": {"icov": [[0.000127765379148, 8.18943008198e-05, -2.97504775517e-05, -0.000213783103391, 5.24766364833e-05, -0.000109214597614, 0.000180298564374, -6.9124471338e-05, -3.00780193356e-05, -0.000106831124867, 7.34125933377e-06, -0.00014572001237, 3.38968493452e-05], [8.18943008198e-05, 0.00141827261541, 0.000138909526868, 0.000287773000309, -0.00119004945736, 0.00112842477392, -0.00118415884208, 0.00159413833171, -0.00137121183798, 0.000723607314285, -0.000824436661787, 0.000847409537528, -0.000739554001484], [-2.97504775517e-05, 0.000138909526868, 0.00154372642282, -0.000373424438294, -0.000629511137959, -0.000681825156789, 0.000437073264038, -0.0001700019493, 0.000557105755433, -0.000883778033312, -0.000244708353421, 0.000140407864819, -0.000363452185411], [-0.000213783103391, 0.000287773000309, -0.000373424438294, 0.00297193322331, -0.00117753155064, -8.76345002325e-05, -0.000972498499323, 0.000792489445303, -0.000218600049266, 0.00095623487141, -0.000799300440121, 0.000294690369628, 0.000227551077842], [5.24766364833e-05, -0.00119004945736, -0.000629511137959, -0.00117753155064, 0.00660961214453, -0.00168807804585, -0.00243617710657, -0.00117656029761, 0.00147726584692, -0.000744511839002, 0.000365680170944, 0.000128363069962, 0.000597802107222], [-0.000109214597614, 0.00112842477392, -0.000681825156789, -8.76345002325e-05, -0.00168807804585, 0.00726331397891, -0.00193047209177, -0.00120418483857, -0.0021777972579, 0.00164905306883, 0.000673248665407, 0.000664502673317, -0.000733596156351], [0.000180298564374, -0.00118415884208, 0.000437073264038, -0.000972498499323, -0.00243617710657, -0.00193047209177, 0.0121176820248, -0.0045649940148, -0.00136552157346, -0.0012537779985, 0.000767944322433, -0.000817542313598, -0.000834177306388], [-6.9124471338e-05, 0.00159413833171, -0.0001700019493, 0.000792489445303, -0.00117656029761, -0.00120418483857, -0.0045649940148, 0.0117572573945, -0.00146759103518, -0.00221868394874, -0.00139242957812, 0.000475422042655, -0.00053109700093], [-3.00780193356e-05, -0.00137121183798, 0.000557105755433, -0.000218600049266, 0.00147726584692, -0.0021777972579, -0.00136552157346, -0.00146759103518, 0.00886665098369, -0.000898653932381, -0.00191804487258, -0.00105179671664, 0.00021192827262], [-0.000106831124867, 0.000723607314285, -0.000883778033312, 0.00095623487141, -0.000744511839002, 0.00164905306883, -0.0012537779985, -0.00221868394874, -0.000898653932381, 0.0107459109277, -0.00252873753197, -0.00150078849401, 0.000596800586209], [7.34125933377e-06, -0.000824436661787, -0.000244708353421, -0.000799300440121, 0.000365680170944, 0.000673248665407, 0.000767944322433, -0.00139242957812, -0.00191804487258, -0.00252873753197, 0.0110406149179, -0.00196855911054, -0.000138067829539], [-0.00014572001237, 0.000847409537528, 0.000140407864819, 0.000294690369628, 0.000128363069962, 0.000664502673317, -0.000817542313598, 0.000475422042655, -0.00105179671664, -0.00150078849401, -0.00196855911054, 0.0123853767291, -0.0030411540065], [3.38968493452e-05, -0.000739554001484, -0.000363452185411, 0.000227551077842, 0.000597802107222, -0.000733596156351, -0.000834177306388, -0.00053109700093, 0.00021192827262, 0.000596800586209, -0.000138067829539, -0.0030411540065, 0.00960353109986]], "mean": [5.2889585495, 71.6763687134, -106.196838379, 42.6670799255, -46.9743347168, 15.4937620163, -30.7042198181, 9.9729309082, -19.7187080383, 2.49596810341, -12.7740650177, 3.0860042572, -10.1748733521], "cov": [[13374.8828125, -2804.91015625, 1362.07885742, 1124.79187012, -5.10557937622, 653.987670898, -135.797103882, 446.447357178, -162.932296753, 339.267547607, 11.3188371658, 246.94972229, -114.267684937], [-2804.91015625, 2265.94311523, -528.383544922, -186.173950195, 226.423568726, -256.366271973, 197.644104004, -219.535430908, 257.284667969, -147.378616333, 107.957809448, -95.3491516113, 114.999420166], [1362.07885742, -528.383544922, 1078.80627441, 298.875457764, 187.545379639, 245.673187256, 62.7295188904, 165.818161011, -47.1280136108, 135.478851318, 30.0275611877, 36.231212616, 14.4857244492], [1124.79187012, -186.173950195, 298.875457764, 552.257080078, 164.500488281, 148.145187378, 84.8600387573, 72.4432678223, 13.9946107864, 22.6115112305, 30.0087051392, 9.89026260376, -5.77797794342], [-5.10557937622, 226.423568726, 187.545379639, 164.500488281, 332.591094971, 123.990730286, 155.428695679, 84.5567169189, 48.8700027466, 34.0692749023, 29.7561130524, -6.04217338562, 22.9185600281], [653.987670898, -256.366271973, 245.673187256, 148.145187378, 123.990730286, 292.175506592, 97.7570571899, 125.411193848, 43.7028007507, 37.5838279724, 2.96605062485, 16.1778030396, 15.6297683716], [-135.797103882, 197.644104004, 62.7295188904, 84.8600387573, 155.428695679, 97.7570571899, 206.32383728, 96.5274887085, 86.1040344238, 37.8130111694, 35.2881660461, 11.8240098953, 37.1167221069], [446.447357178, -219.535430908, 165.818161011, 72.4432678223, 84.5567169189, 125.411193848, 96.5274887085, 196.719512939, 40.7370071411, 78.7532272339, 30.3354988098, 29.0217876434, 13.4905509949], [-162.932296753, 257.284667969, -47.1280136108, 13.9946107864, 48.8700027466, 43.7028007507, 86.1040344238, 40.7370071411, 193.50289917, 21.1945610046, 56.0076751709, 16.9450569153, 28.8852310181], [339.267547607, -147.378616333, 135.478851318, 22.6115112305, 34.0692749023, 37.5838279724, 37.8130111694, 78.7532272339, 21.1945610046, 149.240936279, 41.6611785889, 36.2944297791, 2.78475785255], [11.3188371658, 107.957809448, 30.0275611877, 30.0087051392, 29.7561130524, 2.96605062485, 35.2881660461, 30.3354988098, 56.0076751709, 41.6611785889, 125.931282043, 26.6922264099, 18.2543830872], [246.94972229, -95.3491516113, 36.231212616, 9.89026260376, -6.04217338562, 16.1778030396, 11.8240098953, 29.0217876434, 16.9450569153, 36.2944297791, 26.6922264099, 105.413627625, 28.302148819], [-114.267684937, 114.999420166, 14.4857244492, -5.77797794342, 22.9185600281, 15.6297683716, 37.1167221069, 13.4905509949, 28.8852310181, 2.78475785255, 18.2543830872, 28.302148819, 126.224525452]]}, "spectral_skewness": {"mean": 1.38139975071, "dvar": 0.106515772641, "min": 0.0140853533521, "dmean": 0.243543446064, "dmean2": 0.389444380999, "dvar2": 0.231824234128, "max": 11.3153591156, "median": 1.25248622894, "var": 0.296274870634}, "spectral_energyband_low": {"mean": 0.0307218823582, "dvar": 0.000282106979284, "min": 1.07053662875e-22, "dmean": 0.0122785819694, "dmean2": 0.017512794584, "dvar2": 0.000530820921995, "max": 0.150194004178, "median": 0.0160424429923, "var": 0.00113866967149}, "spectral_energyband_middle_low": {"mean": 0.00846182089299, "dvar": 2.12704380829e-05, "min": 2.77628299104e-22, "dmean": 0.00324533926323, "dmean2": 0.00522929430008, "dvar2": 5.05079951836e-05, "max": 0.0737520083785, "median": 0.00652547040954, "var": 5.98993938183e-05}, "mfcc": {"icov": [[0.000140651129186, 0.000123954334413, 4.25244570579e-06, -0.000123816280393, -0.000129568361444, -4.60678420495e-05, 4.86149619974e-05, -8.68957286002e-05, 8.1177597167e-05, -2.52462159551e-05, 1.06985717139e-05, -9.96385278995e-05, -3.33217576554e-05], [0.000123954334413, 0.000730693398509, 0.000394869188312, -0.000288960640319, -0.000107916886918, -0.000358689983841, 0.000322333769873, 7.511437434e-05, -4.99943525938e-05, -0.000177493668161, 3.32284835167e-05, -0.000421212636866, 0.0001082332019], [4.25244570579e-06, 0.000394869188312, 0.00210534641519, -8.52210214362e-05, -0.00146916997619, -0.000228702279855, -0.000489493017085, 0.000527816300746, -4.0450864617e-05, -7.87623139331e-05, -3.15430515911e-05, -0.000206331082154, -7.77146633482e-05], [-0.000123816280393, -0.000288960640319, -8.52210214362e-05, 0.00334023335017, -0.000857236271258, -0.00102981552482, -0.000681671721395, -0.000231602229178, 0.000706792867277, 0.000303332286421, -0.000326868903358, 6.73229660606e-05, -0.000504895462655], [-0.000129568361444, -0.000107916886918, -0.00146916997619, -0.000857236271258, 0.00898268632591, -0.00197113258764, -0.00196096580476, -0.00119886826724, -7.75731896283e-05, -0.00081372767454, 0.000135294350912, -0.00041450781282, 0.000501962844282], [-4.60678420495e-05, -0.000358689983841, -0.000228702279855, -0.00102981552482, -0.00197113258764, 0.00908684451133, -0.00046257005306, -0.0019614319317, -0.00192737905309, 0.000552001874894, -0.000461865158286, 0.000875523488503, -0.000129196429043], [4.86149619974e-05, 0.000322333769873, -0.000489493017085, -0.000681671721395, -0.00196096580476, -0.00046257005306, 0.00736562395468, 2.00009271794e-05, -0.00127115147188, -0.0020221513696, 0.000552788260393, -0.00114615540951, 4.16244147345e-05], [-8.68957286002e-05, 7.511437434e-05, 0.000527816300746, -0.000231602229178, -0.00119886826724, -0.0019614319317, 2.00009271794e-05, 0.00925654545426, -0.00245056371205, -0.000977364717983, -0.00202118093148, 0.000864329165779, -0.000312801566906], [8.1177597167e-05, -4.99943525938e-05, -4.0450864617e-05, 0.000706792867277, -7.75731896283e-05, -0.00192737905309, -0.00127115147188, -0.00245056371205, 0.00916022900492, -0.00145996292122, 0.00135222868994, -0.00278100860305, 4.47796846856e-05], [-2.52462159551e-05, -0.000177493668161, -7.87623139331e-05, 0.000303332286421, -0.00081372767454, 0.000552001874894, -0.0020221513696, -0.000977364717983, -0.00145996292122, 0.00889612548053, -0.00198141671717, 0.00257428805344, -0.00247535528615], [1.06985717139e-05, 3.32284835167e-05, -3.15430515911e-05, -0.000326868903358, 0.000135294350912, -0.000461865158286, 0.000552788260393, -0.00202118093148, 0.00135222868994, -0.00198141671717, 0.00681391172111, -0.00268707470968, 0.00291265244596], [-9.96385278995e-05, -0.000421212636866, -0.000206331082154, 6.73229660606e-05, -0.00041450781282, 0.000875523488503, -0.00114615540951, 0.000864329165779, -0.00278100860305, 0.00257428805344, -0.00268707470968, 0.0093483608216, -0.00304234563373], [-3.33217576554e-05, 0.0001082332019, -7.77146633482e-05, -0.000504895462655, 0.000501962844282, -0.000129196429043, 4.16244147345e-05, -0.000312801566906, 4.47796846856e-05, -0.00247535528615, 0.00291265244596, -0.00304234563373, 0.00772555172443]], "mean": [-640.109130859, 101.943481445, 5.00360870361, 31.2787742615, 9.71563339233, 10.726568222, 3.95243358612, 9.18650341034, -0.455131679773, 4.40321111679, 1.76193022728, -1.41520166397, -0.700766921043], "cov": [[9569.69238281, -1716.39245605, 657.14251709, 460.74597168, 405.973907471, 195.392532349, 269.794342041, 208.466690063, 48.6028175354, 126.721153259, 69.0956192017, 93.3461608887, 136.952011108], [-1716.39245605, 2015.85314941, -446.421569824, 63.660861969, -81.7357559204, 44.0703735352, -115.913314819, -2.83607268333, 19.3129806519, -20.3522434235, 29.0018959045, 51.5206794739, -26.6957931519], [657.14251709, -446.421569824, 750.302062988, 107.390983582, 201.829727173, 82.7786102295, 166.336074829, 35.8187446594, 58.3794898987, 64.2719421387, 12.2138719559, 38.1816673279, 43.1656417847], [460.74597168, 63.660861969, 107.390983582, 407.363616943, 115.684646606, 99.0998382568, 90.934173584, 60.0961380005, 24.2216262817, 34.5725440979, 35.7669792175, 27.4034519196, 33.1264686584], [405.973907471, -81.7357559204, 201.829727173, 115.684646606, 221.933197021, 94.1872024536, 118.95337677, 70.2950820923, 59.3162460327, 59.9928092957, 27.3127555847, 29.5238857269, 22.0551490784], [195.392532349, 44.0703735352, 82.7786102295, 99.0998382568, 94.1872024536, 178.283782959, 69.3041305542, 75.8860015869, 65.9107437134, 36.949432373, 30.0740871429, 16.7075576782, 13.793589592], [269.794342041, -115.913314819, 166.336074829, 90.934173584, 118.95337677, 69.3041305542, 234.046005249, 53.9913864136, 76.1846084595, 76.9574661255, 10.4762897491, 41.0438957214, 41.1888237], [208.466690063, -2.83607268333, 35.8187446594, 60.0961380005, 70.2950820923, 75.8860015869, 53.9913864136, 169.284072876, 67.4853973389, 53.5705947876, 55.8624992371, 13.9692306519, 9.70525455475], [48.6028175354, 19.3129806519, 58.3794898987, 24.2216262817, 59.3162460327, 65.9107437134, 76.1846084595, 67.4853973389, 173.492416382, 50.4371337891, 3.97347736359, 52.6660423279, 36.0764732361], [126.721153259, -20.3522434235, 64.2719421387, 34.5725440979, 59.9928092957, 36.949432373, 76.9574661255, 53.5705947876, 50.4371337891, 166.202728271, 32.1594963074, -2.5517437458, 42.0434036255], [69.0956192017, 29.0018959045, 12.2138719559, 35.7669792175, 27.3127555847, 30.0740871429, 10.4762897491, 55.8624992371, 3.97347736359, 32.1594963074, 209.169662476, 31.8516769409, -52.7498855591], [93.3461608887, 51.5206794739, 38.1816673279, 27.4034519196, 29.5238857269, 16.7075576782, 41.0438957214, 13.9692306519, 52.6660423279, -2.5517437458, 31.8516769409, 155.82208252, 48.7931632996], [136.952011108, -26.6957931519, 43.1656417847, 33.1264686584, 22.0551490784, 13.793589592, 41.1888237, 9.70525455475, 36.0764732361, 42.0434036255, -52.7498855591, 48.7931632996, 184.337646484]]}, "silence_rate_20dB": {"mean": 1, "dvar": 0, "min": 1, "dmean": 0, "dmean2": 0, "dvar2": 0, "max": 1, "median": 1, "var": 0}, "dynamic_complexity": 3.13820528984, "silence_rate_60dB": {"mean": 0.0841894000769, "dvar": 0.0112093882635, "min": 0, "dmean": 0.011336796917, "dmean2": 0.0226762723178, "dvar2": 0.0233472026885, "max": 1, "median": 0, "var": 0.0770943686366}, "dissonance": {"mean": 0.471388459206, "dvar": 0.000347883062204, "min": 0.135475456715, "dmean": 0.0158576890826, "dmean2": 0.0256464295089, "dvar2": 0.000766448443756, "max": 0.5, "median": 0.480627626181, "var": 0.000890881754458}, "barkbands": {"mean": [0.00250778975897, 0.0243856590241, 0.00333070755005, 0.00169728626497, 0.002934794873, 0.00142704078462, 0.00103060377296, 0.000483577343402, 0.000801037123892, 0.00068662367994, 0.000460690731416, 0.000379441975383, 0.000426546117524, 0.000589057686739, 0.000403618556447, 0.000446722435299, 0.000504022696987, 0.000700226111803, 0.00071602105163, 0.000631159346085, 0.000339227030054, 0.00042846048018, 0.000379347446142, 0.000488182209665, 0.000356888660463, 0.000221286623855, 2.49816766882e-05], "dvar": [1.14540780487e-05, 0.000269836978987, 2.11011738429e-05, 4.36328946307e-06, 7.60152352086e-06, 2.88247656499e-06, 1.50646246766e-06, 5.29271119376e-07, 9.90325816019e-07, 7.26923019556e-07, 4.89868114073e-07, 4.53062284578e-07, 5.92895787577e-07, 9.63899651651e-07, 4.23081360168e-07, 6.90194440267e-07, 9.9208557458e-07, 1.08793790332e-06, 9.06877801299e-07, 8.12182406662e-07, 2.10914819831e-07, 3.10670031922e-07, 3.2171027442e-07, 2.30408045354e-06, 8.34476850287e-07, 5.08859955062e-07, 3.53980444956e-09], "min": [1.60758335115e-23, 5.78945523213e-23, 2.79690823273e-23, 1.48085000683e-23, 6.26347291483e-23, 3.73336154233e-23, 2.57154897368e-23, 3.99878546903e-23, 9.22254191959e-23, 5.31949481883e-23, 8.34330784689e-23, 6.54996195206e-23, 1.43022097704e-22, 2.73235290495e-22, 2.20519313405e-22, 9.38242698568e-23, 8.49350885651e-23, 1.68736602942e-22, 3.33445294724e-22, 3.23264697643e-22, 5.45874782748e-22, 5.51343848119e-22, 8.22557862405e-22, 8.93995540882e-22, 1.27755834274e-21, 1.53666600532e-21, 2.64220551578e-21], "dmean": [0.00184276013169, 0.0115564865991, 0.00275899027474, 0.00122221990023, 0.00169746379834, 0.000804728188086, 0.000590743438806, 0.000325178931234, 0.000410761713283, 0.000383081060136, 0.000260425527813, 0.000350509712007, 0.000332069030264, 0.00039321242366, 0.000330137117999, 0.000404691527365, 0.000456110283267, 0.000500888680108, 0.000559926964343, 0.000513995473739, 0.000259701686446, 0.000320026068948, 0.000292315438855, 0.000515660911333, 0.000333284871886, 0.000233027603826, 2.11463939195e-05], "dmean2": [0.00306816142984, 0.0169782601297, 0.00487550022081, 0.00210440275259, 0.00284391897731, 0.00129377411213, 0.000931269314606, 0.000532865524292, 0.000657634751406, 0.000624820182566, 0.000421181030106, 0.000611463270616, 0.000572111515794, 0.000652983377222, 0.000560006068554, 0.000678117154166, 0.000730279833078, 0.000761490722653, 0.000886904832441, 0.000821855559479, 0.000410451495554, 0.000503827817738, 0.000435497320723, 0.000861168256961, 0.000513507984579, 0.000368901499314, 3.28174137394e-05], "dvar2": [3.16207515425e-05, 0.000511244346853, 5.82829634368e-05, 1.19737987916e-05, 2.00928298e-05, 6.05165587331e-06, 3.29079671246e-06, 1.20383776903e-06, 2.11162432606e-06, 1.48801075284e-06, 1.07890116396e-06, 1.20920060453e-06, 1.7133440906e-06, 2.48379274126e-06, 1.13626776965e-06, 1.85100157069e-06, 2.32111301557e-06, 2.27196846936e-06, 2.01360012397e-06, 1.9369410893e-06, 5.05719583543e-07, 7.19563388429e-07, 7.26347707314e-07, 6.04661636316e-06, 1.71792498804e-06, 1.22536437175e-06, 8.57769677509e-09], "max": [0.0605251602829, 0.127148419619, 0.0464104227722, 0.0357917845249, 0.0451136603951, 0.0351575091481, 0.0333452485502, 0.0282148849219, 0.0282526649535, 0.0372790917754, 0.0305198766291, 0.00899045076221, 0.0215322971344, 0.0343594253063, 0.0111050521955, 0.0186554081738, 0.0114432945848, 0.0180616360158, 0.0129956016317, 0.00966465380043, 0.0135953556746, 0.0109818670899, 0.0095531642437, 0.0130050545558, 0.00854656845331, 0.0192019380629, 0.00200024689548], "median": [0.000539145432413, 0.0068918671459, 0.00104718958028, 0.000578461098485, 0.00130409374833, 0.000451376603451, 0.000322036736179, 0.000147331651533, 0.000230008139624, 0.000230896170251, 0.000114755021059, 0.000151253785589, 0.000157398229931, 0.000181298310054, 0.000130848857225, 0.000166611760505, 0.000136801711051, 0.000190365957678, 0.000185510798474, 0.000178635382326, 0.000131963039166, 0.000156131136464, 0.000117246447189, 8.69236973813e-05, 4.28471466876e-05, 2.04067382583e-05, 2.83227859654e-06], "var": [1.63617696671e-05, 0.000926148088183, 2.99568764603e-05, 9.00383292901e-06, 1.96353194042e-05, 9.99152416625e-06, 6.97002087691e-06, 1.9331130261e-06, 4.92277740705e-06, 4.81015285914e-06, 2.79280561699e-06, 4.31253766919e-07, 9.6267990557e-07, 2.39636233346e-06, 5.1536301271e-07, 6.34404159428e-07, 1.12279008135e-06, 1.79245625986e-06, 1.49733102717e-06, 1.06376967324e-06, 2.73600960554e-07, 4.87651107051e-07, 4.3710377895e-07, 1.85633643923e-06, 9.51686615736e-07, 4.70340182801e-07, 4.09538269963e-09]}, "spectral_complexity": {"mean": 20.5451641083, "dvar": 69.3692550659, "min": 0, "dmean": 7.17619276047, "dmean2": 10.4225816727, "dvar2": 134.136016846, "max": 63, "median": 16, "var": 182.469451904}, "spectral_energyband_high": {"mean": 0.00250681955367, "dvar": 1.67863345268e-05, "min": 8.18945237917e-21, "dmean": 0.00196140259504, "dmean2": 0.00295274588279, "dvar2": 3.73091206711e-05, "max": 0.0380147993565, "median": 0.000997551716864, "var": 1.98091656785e-05}, "hfc": {"mean": 35.5490570068, "dvar": 1661.92553711, "min": 1.20061189566e-16, "dmean": 22.3102302551, "dmean2": 33.5185699463, "dvar2": 3681.82397461, "max": 379.83404541, "median": 20.564907074, "var": 2102.8034668}, "melbands_kurtosis": {"mean": 31.9399280548, "dvar": 1207.23364258, "min": -1.68174040318, "dmean": 19.5757369995, "dmean2": 28.8656635284, "dvar2": 2579.35864258, "max": 987.03338623, "median": 15.1641702652, "var": 2326.18334961}, "spectral_strongpeak": {"mean": 0.808834910393, "dvar": 0.307216107845, "min": 0, "dmean": 0.304229229689, "dmean2": 0.513914763927, "dvar2": 0.723288238049, "max": 11.767742157, "median": 0.589118599892, "var": 0.77471613884}, "silence_rate_30dB": {"mean": 0.94391310215, "dvar": 0.0555551871657, "min": 0, "dmean": 0.059045817703, "dmean2": 0.118105582893, "dvar2": 0.136994034052, "max": 1, "median": 1, "var": 0.0529393218458}, "melbands_spread": {"mean": 24.4052619934, "dvar": 343.86541748, "min": 0.306698292494, "dmean": 13.0330047607, "dmean2": 19.876127243, "dvar2": 746.318603516, "max": 178.196990967, "median": 17.0267448425, "var": 567.399169922}, "melbands_crest": {"mean": 21.1871376038, "dvar": 19.5402965546, "min": 2.27559089661, "dmean": 4.75693464279, "dmean2": 7.54398012161, "dvar2": 46.4024581909, "max": 36.3653869629, "median": 21.5540313721, "var": 58.6078453064}, "average_loudness": 0.920951664448, "spectral_flux": {"mean": 0.106617189944, "dvar": 0.00166776613332, "min": 1.05408903828e-10, "dmean": 0.0403167456388, "dmean2": 0.0619571767747, "dvar2": 0.00368524622172, "max": 0.335081458092, "median": 0.0960497930646, "var": 0.00368677685037}, "spectral_rolloff": {"mean": 1729.37927246, "dvar": 3182482.5, "min": 64.599609375, "dmean": 1044.59106445, "dmean2": 1680.12145996, "dvar2": 5795896.5, "max": 18626.2207031, "median": 861.328125, "var": 5104023}, "melbands": {"mean": [0.00801930483431, 0.00316394004039, 0.000960674777161, 0.000661662721541, 0.00035631438368, 0.000297240854707, 0.000236573279835, 0.000115403054224, 8.94163240446e-05, 0.000107483545435, 0.000119651995192, 0.000100552351796, 4.78198635392e-05, 4.13593734265e-05, 3.53896248271e-05, 5.58401006856e-05, 5.34696082468e-05, 3.10954783345e-05, 3.71019923477e-05, 2.45988194365e-05, 3.24268548866e-05, 2.90753123409e-05, 3.21331353916e-05, 3.52584429493e-05, 2.78699844785e-05, 2.77686540358e-05, 2.6500563763e-05, 1.80828974408e-05, 9.65082381299e-06, 7.81680228101e-06, 8.88396334631e-06, 9.34394756769e-06, 7.34954164727e-06, 7.31054524294e-06, 6.27826148047e-06, 4.79223490402e-06, 7.55632527216e-06, 5.43082023796e-06, 4.03035119234e-06, 3.4749864426e-06], "dvar": [3.15839643008e-05, 5.95503115619e-06, 8.49207140163e-07, 4.38465207253e-07, 1.50515262476e-07, 1.13921032607e-07, 7.67979244642e-08, 2.33748753686e-08, 1.61157132084e-08, 1.90887075036e-08, 1.9545513652e-08, 1.40518441327e-08, 4.23724610954e-09, 5.15958831215e-09, 6.61184973438e-09, 5.67217695036e-09, 6.63333432627e-09, 1.8591335138e-09, 4.05715150364e-09, 1.9360724135e-09, 3.9957597231e-09, 3.02356695236e-09, 4.13681089384e-09, 2.24509166813e-09, 1.67325908684e-09, 1.41816036692e-09, 1.97641503163e-09, 8.04535715826e-10, 2.62265598128e-10, 1.29392996318e-10, 1.91766033608e-10, 2.09121636674e-10, 1.1244498388e-10, 1.30263910769e-10, 1.1253820098e-10, 7.8435015427e-11, 7.82809261857e-10, 2.61414556668e-10, 8.56701376506e-11, 9.3606053464e-11], "min": [1.69204021961e-23, 1.61924792181e-23, 9.57094486274e-24, 9.20056993457e-24, 1.64040596015e-23, 5.31795827556e-24, 4.44608435399e-24, 6.59855641491e-24, 9.84990974465e-24, 1.342262923e-23, 7.91790261306e-24, 1.45781621503e-23, 7.58907619991e-24, 5.4693824929e-24, 1.08645402744e-23, 1.55125710479e-23, 2.57426959717e-23, 1.65512736682e-23, 2.13556984828e-23, 4.69685613601e-24, 8.44345910306e-24, 4.5833370796e-24, 6.87319833906e-24, 8.99984743268e-24, 1.16485938612e-23, 1.14476607335e-23, 1.23922664472e-23, 8.94408285529e-24, 1.2679228801e-23, 1.41289500409e-23, 1.27265691328e-23, 1.00159641763e-23, 9.40349572497e-24, 1.02671934977e-23, 1.36601473599e-23, 1.38614141758e-23, 9.77379492249e-24, 1.21044631677e-23, 1.12063442383e-23, 1.11395221976e-23], "dmean": [0.00386667135172, 0.00159569107927, 0.00059763196623, 0.000411787012126, 0.000205107702641, 0.000162459225976, 0.000136725633638, 7.2469789302e-05, 5.60518419661e-05, 5.73814322706e-05, 6.17074038018e-05, 5.1183753385e-05, 2.99665698549e-05, 3.70236593881e-05, 3.52117458533e-05, 3.32251402142e-05, 3.14180433634e-05, 2.34127073782e-05, 3.04078112094e-05, 2.1957563149e-05, 3.04336863337e-05, 2.51560959441e-05, 2.65844810201e-05, 2.4209746698e-05, 2.05547439691e-05, 2.2008203814e-05, 2.35564439208e-05, 1.57559643412e-05, 7.26432062947e-06, 6.60072146275e-06, 7.42266365705e-06, 7.50774825065e-06, 5.84553481531e-06, 5.83253540754e-06, 4.99025463796e-06, 4.18262970925e-06, 8.82273070602e-06, 5.65058644497e-06, 3.67198117601e-06, 3.4608203805e-06], "dmean2": [0.00552110793069, 0.00265360111371, 0.00102764286567, 0.000699064868968, 0.000329064234393, 0.000259242282482, 0.00021733972244, 0.000116403512948, 9.17032375582e-05, 9.27094806684e-05, 9.90456173895e-05, 8.27348630992e-05, 4.9828144256e-05, 6.43327730359e-05, 6.23983723926e-05, 5.45611437701e-05, 5.13305785717e-05, 3.92404799641e-05, 5.13870618306e-05, 3.67677894246e-05, 5.0758539146e-05, 4.02654441132e-05, 4.16842740378e-05, 3.68500732293e-05, 3.19498831232e-05, 3.4531170968e-05, 3.91436224163e-05, 2.50156135735e-05, 1.17544559544e-05, 1.05744029497e-05, 1.16907513075e-05, 1.18329471661e-05, 9.21501032281e-06, 9.05670276552e-06, 7.39798633731e-06, 6.67182530378e-06, 1.51069261847e-05, 9.24283540371e-06, 5.6794892771e-06, 5.35005528945e-06], "dvar2": [5.73842771701e-05, 1.49819661601e-05, 2.31202488976e-06, 1.16316925869e-06, 3.43123730318e-07, 2.37410844761e-07, 1.76003055685e-07, 5.38325970467e-08, 3.40240902119e-08, 4.030709988e-08, 4.32668301187e-08, 3.05095539943e-08, 1.06559889801e-08, 1.36116637961e-08, 1.82353581124e-08, 1.2987194431e-08, 1.46252263633e-08, 4.90853890867e-09, 1.07856985565e-08, 5.27473265066e-09, 1.05208286527e-08, 7.35930738571e-09, 8.74033823095e-09, 4.73082995001e-09, 3.48383899507e-09, 3.29620153394e-09, 5.02581354311e-09, 1.88910909138e-09, 6.87527479393e-10, 3.16985021565e-10, 4.56225834888e-10, 5.28095900343e-10, 2.76271505673e-10, 3.24523463657e-10, 2.44411935135e-10, 1.93860066888e-10, 2.09495176762e-09, 6.80767942018e-10, 1.94511629026e-10, 2.10883907559e-10], "max": [0.0471991822124, 0.0270330514759, 0.0122629115358, 0.0111570004374, 0.00814413838089, 0.00776105327532, 0.00774961709976, 0.00470976158977, 0.00511719658971, 0.00551516236737, 0.00472535518929, 0.00468261260539, 0.00222233729437, 0.0012723231921, 0.00115639728028, 0.00298704858869, 0.00350993126631, 0.000834478123579, 0.00121468713041, 0.000833934696857, 0.00144778518006, 0.000776687462348, 0.00130506162532, 0.000768050260376, 0.000728306011297, 0.000715117785148, 0.000446550024208, 0.000267438183073, 0.000726242025848, 0.000129300213302, 0.00021352164913, 0.000305650552036, 0.000221146619879, 0.000179077134817, 0.000307435111608, 0.000101529614767, 0.00023951199546, 0.000160275681992, 9.25955246203e-05, 0.000104777027445], "median": [0.00163645925932, 0.00241623702459, 0.000529688608367, 0.000291327334708, 0.000128496729303, 9.39511883189e-05, 7.91431157268e-05, 3.66481435776e-05, 2.87372786261e-05, 3.12567062792e-05, 3.91198846046e-05, 2.98298145935e-05, 1.78409300133e-05, 1.62926608027e-05, 1.22828178064e-05, 1.5987396182e-05, 1.526968299e-05, 1.28560395751e-05, 1.07589667095e-05, 1.01863070086e-05, 1.00219549495e-05, 8.16593728814e-06, 8.88944759936e-06, 8.73070348462e-06, 8.48505351314e-06, 7.06937498762e-06, 5.73825127503e-06, 3.87688805858e-06, 3.75513172912e-06, 2.54826090895e-06, 2.64972800323e-06, 2.97946485261e-06, 2.42426426666e-06, 2.28969724958e-06, 1.53867165409e-06, 1.25454573663e-06, 1.02147123471e-06, 9.5130877753e-07, 6.40756127268e-07, 3.92134950289e-07], "var": [0.000114221824333, 1.14431204565e-05, 1.68240535459e-06, 1.0765324987e-06, 5.20650473845e-07, 4.37766431105e-07, 3.23965821281e-07, 8.81400055164e-08, 6.80476404114e-08, 9.52903960183e-08, 1.10044311441e-07, 8.57128839016e-08, 1.48336560812e-08, 5.38751976364e-09, 5.28031085523e-09, 2.44908395786e-08, 2.796659615e-08, 2.68735567133e-09, 5.14458742273e-09, 1.77584646988e-09, 3.71717190362e-09, 3.44090800297e-09, 5.52383916386e-09, 4.32397273542e-09, 2.9787867728e-09, 2.15830175954e-09, 2.2691468704e-09, 9.88243487043e-10, 2.88231466472e-10, 1.64780869505e-10, 2.7347035747e-10, 2.94334390194e-10, 1.52150500532e-10, 1.5998199987e-10, 1.58666260686e-10, 8.32929419881e-11, 5.76646230765e-10, 2.22130550065e-10, 9.46855718831e-11, 9.67508781424e-11]}, "spectral_energy": {"mean": 0.0467809662223, "dvar": 0.000227221418754, "min": 1.1111037339e-20, "dmean": 0.0133537454531, "dmean2": 0.0189789105207, "dvar2": 0.000442580960225, "max": 0.164648428559, "median": 0.0381163656712, "var": 0.00117928313557}, "spectral_decrease": {"mean": -1.15404841239e-08, "dvar": 1.61059658782e-17, "min": -4.29122088974e-08, "dmean": 3.38582784032e-09, "dmean2": 4.81442752331e-09, "dvar2": 3.11866844006e-17, "max": -5.85882032631e-29, "median": -8.57824478118e-09, "var": 7.96978792551e-17}, "erbbands_spread": {"mean": 47.673625946, "dvar": 128.872512817, "min": 2.03731513023, "dmean": 11.1762971878, "dmean2": 16.923034668, "dvar2": 270.322998047, "max": 161.920333862, "median": 46.5466003418, "var": 460.940948486}, "spectral_contrast_coeffs": {"mean": [-0.663259327412, -0.7465056777, -0.780231297016, -0.790309429169, -0.771800279617, -0.751210689545], "dvar": [0.00222458411008, 0.00186316657346, 0.00121199875139, 0.000786273623817, 0.000657034863252, 0.000748037593439], "min": [-0.962200462818, -0.96238720417, -0.961180269718, -0.970962226391, -0.953939139843, -0.959875583649], "dmean": [0.0571269020438, 0.0519235245883, 0.0414930172265, 0.0331947691739, 0.028481585905, 0.0258455816656], "dmean2": [0.0908415019512, 0.0836916640401, 0.0676387324929, 0.0546090453863, 0.0466966480017, 0.0411061234772], "dvar2": [0.00531840324402, 0.00432581966743, 0.00289366091602, 0.00204135547392, 0.00165942579042, 0.00183099298738], "max": [-0.266768753529, -0.360329627991, -0.341700732708, -0.528051137924, -0.440010249615, -0.48882946372], "median": [-0.682108998299, -0.763904094696, -0.792844593525, -0.796587646008, -0.775373160839, -0.757664680481], "var": [0.00989853870124, 0.00722113437951, 0.00487616797909, 0.00232319580391, 0.00190480798483, 0.00271820113994]}, "spectral_energyband_middle_high": {"mean": 0.00566699076444, "dvar": 1.83980646398e-05, "min": 1.66989388371e-21, "dmean": 0.00305052404292, "dmean2": 0.00472913775593, "dvar2": 4.103709216e-05, "max": 0.0562077648938, "median": 0.00346556142904, "var": 4.13239067711e-05}, "erbbands_crest": {"mean": 8.77878093719, "dvar": 7.87846040726, "min": 2.38248419762, "dmean": 2.757604599, "dmean2": 4.49054765701, "dvar2": 17.583946228, "max": 30.6304187775, "median": 7.24437475204, "var": 24.178440094}, "barkbands_crest": {"mean": 14.3998794556, "dvar": 14.1125392914, "min": 2.60401082039, "dmean": 3.91986870766, "dmean2": 6.28705453873, "dvar2": 30.9499492645, "max": 25.9727039337, "median": 14.8403902054, "var": 33.8668823242}, "pitch_salience": {"mean": 0.433334499598, "dvar": 0.0116788735613, "min": 0.0934559479356, "dmean": 0.108586929739, "dmean2": 0.17024500668, "dvar2": 0.0269805360585, "max": 0.840469837189, "median": 0.421343177557, "var": 0.0247315987945}, "melbands_skewness": {"mean": 4.14127159119, "dvar": 2.32379007339, "min": -0.781310498714, "dmean": 1.38885605335, "dmean2": 1.99977099895, "dvar2": 4.6776266098, "max": 22.9037361145, "median": 3.59971094131, "var": 7.80385923386}, "spectral_spread": {"mean": 5071788.5, "dvar": 858610991104, "min": 652168.375, "dmean": 716572.6875, "dmean2": 1041222.9375, "dvar2": 1475503849470.0, "max": 40971848, "median": 4807410, "var": 3770867515390.0}, "spectral_entropy": {"mean": 7.69943904877, "dvar": 0.0820471569896, "min": 4.31304121017, "dmean": 0.221163988113, "dmean2": 0.323912024498, "dvar2": 0.152714237571, "max": 9.79447746277, "median": 7.79924058914, "var": 0.283772945404}, "erbbands_flatness_db": {"mean": 0.140225857496, "dvar": 0.000466002500616, "min": 0.0451387092471, "dmean": 0.0195504464209, "dmean2": 0.0283976532519, "dvar2": 0.000819162989501, "max": 0.423525303602, "median": 0.12887583673, "var": 0.00300910999067}, "spectral_kurtosis": {"mean": 4.08957719803, "dvar": 13.7396793365, "min": -1.21215224266, "dmean": 1.74046742916, "dmean2": 2.87988996506, "dvar2": 31.0978431702, "max": 200.027160645, "median": 2.8441157341, "var": 25.2689819336}, "erbbands_skewness": {"mean": -0.109757438302, "dvar": 0.249005764723, "min": -2.83087325096, "dmean": 0.459526062012, "dmean2": 0.682637274265, "dvar2": 0.49286043644, "max": 8.40198802948, "median": -0.20128262043, "var": 0.839397728443}, "erbbands_kurtosis": {"mean": 0.461505562067, "dvar": 7.07155036926, "min": -1.90097045898, "dmean": 1.1204829216, "dmean2": 1.74910032749, "dvar2": 13.875166893, "max": 96.9372329712, "median": -0.253107249737, "var": 11.4656600952}, "barkbands_spread": {"mean": 27.2696857452, "dvar": 169.795852661, "min": 0.223827943206, "dmean": 10.5608158112, "dmean2": 15.7017154694, "dvar2": 324.448638916, "max": 114.769691467, "median": 22.0435504913, "var": 397.756774902}, "zerocrossingrate": {"mean": 0.0596570819616, "dvar": 0.000751365849283, "min": 0.001953125, "dmean": 0.0198708791286, "dmean2": 0.022380951792, "dvar2": 0.000955701398198, "max": 0.49365234375, "median": 0.04736328125, "var": 0.00254665501416}, "spectral_centroid": {"mean": 1757.62280273, "dvar": 199436.9375, "min": 100.542449951, "dmean": 407.628601074, "dmean2": 615.103515625, "dvar2": 367931.53125, "max": 10839.0839844, "median": 1727.93994141, "var": 629370.375}, "barkbands_skewness": {"mean": 2.14904475212, "dvar": 1.15240585804, "min": -1.8194258213, "dmean": 0.974773108959, "dmean2": 1.39364385605, "dvar2": 2.27851438522, "max": 18.2351799011, "median": 1.80948889256, "var": 3.44825983047}, "melbands_flatness_db": {"mean": 0.222311139107, "dvar": 0.00233855913393, "min": 0.00564087042585, "dmean": 0.04405143857, "dmean2": 0.062106013298, "dvar2": 0.00459250155836, "max": 0.665073215961, "median": 0.216221302748, "var": 0.00733172474429}, "spectral_contrast_valleys": {"mean": [-7.20659971237, -7.02459526062, -7.43028640747, -7.62847089767, -7.47330141068, -10.0246009827], "dvar": [0.233473539352, 0.199812993407, 0.207330882549, 0.250088453293, 0.299282878637, 0.388497680426], "min": [-27.1257228851, -26.9321479797, -27.4723320007, -26.9714012146, -27.2545166016, -27.2939815521], "dmean": [0.496522337198, 0.465737372637, 0.43233114481, 0.438306987286, 0.446791917086, 0.494644194841], "dmean2": [0.749263465405, 0.729911208153, 0.673774898052, 0.666567087173, 0.630162894726, 0.65877366066], "dvar2": [0.41750985384, 0.395190179348, 0.406309485435, 0.499885767698, 0.535724282265, 0.683132827282], "max": [-5.03135824203, -4.54362535477, -5.46623182297, -5.51948451996, -5.09642982483, -7.02522277832], "median": [-6.93748521805, -6.91669607162, -7.31652784348, -7.56406593323, -7.33858013153, -9.62097740173], "var": [1.98104596138, 1.10768842697, 0.994647860527, 1.10087525845, 1.64665162563, 2.84171271324]}, "barkbands_flatness_db": {"mean": 0.147179186344, "dvar": 0.00143759779166, "min": 0.0180033575743, "dmean": 0.0343404375017, "dmean2": 0.0495130196214, "dvar2": 0.00283365999348, "max": 0.511253297329, "median": 0.138695344329, "var": 0.00437169894576}, "barkbands_kurtosis": {"mean": 8.62857151031, "dvar": 227.984222412, "min": -1.9026132822, "dmean": 6