{"tonal": {"hpcp": {"dvar": [0.0397468917072, 0.0434087067842, 0.0426438450813, 0.0441046282649, 0.0504044741392, 0.0500557869673, 0.0457780137658, 0.0515048392117, 0.0448581315577, 0.0360635817051, 0.0283210240304, 0.0267019942403, 0.0252663996071, 0.0338140167296, 0.0288774203509, 0.0288148950785, 0.0288547687232, 0.0298000648618, 0.0293915718794, 0.0362658649683, 0.0379172861576, 0.0433456860483, 0.045436270535, 0.0363554917276, 0.0605317726731, 0.0331711284816, 0.027873294428, 0.038162317127, 0.0495796948671, 0.0357823111117, 0.0310288220644, 0.0310141574591, 0.0290475003421, 0.0328605733812, 0.0396504662931, 0.0359553098679], "var": [0.055551994592, 0.0613485723734, 0.040841627866, 0.0373131372035, 0.0440759882331, 0.0472451560199, 0.0706302970648, 0.109722785652, 0.064495228231, 0.0337781757116, 0.0242341849953, 0.0221090130508, 0.0320938117802, 0.0626348257065, 0.039638184011, 0.0290630757809, 0.0266322568059, 0.0287007801235, 0.0346800759435, 0.0439128130674, 0.0468271486461, 0.090689457953, 0.124024190009, 0.053831115365, 0.0627606287599, 0.0335259325802, 0.0263064093888, 0.0644303485751, 0.109671473503, 0.0573097243905, 0.0333981812, 0.0313761867583, 0.0331684276462, 0.0518894307315, 0.0714235901833, 0.0484386198223], "median": [0.0671829655766, 0.0640114843845, 0.0488591715693, 0.0458851419389, 0.0533427484334, 0.0611377879977, 0.175291672349, 0.246049538255, 0.147081330419, 0.0492807999253, 0.0368509180844, 0.034071482718, 0.0728605538607, 0.104176990688, 0.0911131054163, 0.0520278252661, 0.0404064282775, 0.0396815165877, 0.0639545619488, 0.0842904150486, 0.1067038849, 0.221132770181, 0.244368210435, 0.180887177587, 0.0813326686621, 0.0669243037701, 0.0533700846136, 0.128134712577, 0.180491864681, 0.128488153219, 0.0541096366942, 0.0440849736333, 0.0525953546166, 0.101025179029, 0.12397454679, 0.0926071926951], "max": [1, 1, 1, 1, 1, 1, 1, 1, 1, 1, 1, 1, 1, 1, 1, 1, 1, 1, 1, 1, 1, 1, 1, 1, 1, 1, 1, 1, 1, 1, 1, 1, 1, 1, 1, 1], "dmean": [0.13527674973, 0.136787116528, 0.123837955296, 0.123921766877, 0.139139547944, 0.155471771955, 0.18456107378, 0.200083404779, 0.175908267498, 0.124495245516, 0.0998698547482, 0.0888265296817, 0.107898145914, 0.131984040141, 0.12290789932, 0.108591273427, 0.0994874835014, 0.101019315422, 0.111211515963, 0.133801534772, 0.154415160418, 0.187148422003, 0.180756568909, 0.173553839326, 0.18877992034, 0.13359695673, 0.108464509249, 0.155406653881, 0.183535128832, 0.152220115066, 0.112510129809, 0.104311466217, 0.108439654112, 0.134645760059, 0.156209379435, 0.140230208635], "dmean2": [0.233582288027, 0.236298248172, 0.219920098782, 0.222148016095, 0.249902874231, 0.278469711542, 0.316418498755, 0.338477879763, 0.304233759642, 0.220732435584, 0.178544208407, 0.158055350184, 0.184556439519, 0.223639011383, 0.208435446024, 0.188823491335, 0.175890788436, 0.178851127625, 0.19407992065, 0.231030002236, 0.265302032232, 0.316325485706, 0.300409704447, 0.299289345741, 0.339330017567, 0.237743958831, 0.191728457808, 0.263239651918, 0.30737131834, 0.255415230989, 0.195386365056, 0.181431055069, 0.186912477016, 0.227098628879, 0.26681125164, 0.241365641356], "mean": [0.164516896009, 0.168528571725, 0.12620832026, 0.117332272232, 0.132854521275, 0.15087017417, 0.272132158279, 0.367386519909, 0.246174812317, 0.120001278818, 0.0943490490317, 0.0846565812826, 0.14102345705, 0.203395679593, 0.167311877012, 0.114936009049, 0.0998988673091, 0.101971022785, 0.135124221444, 0.165619045496, 0.189233273268, 0.331612497568, 0.382334113121, 0.252019196749, 0.190792322159, 0.140352711082, 0.112711206079, 0.233091875911, 0.323374688625, 0.221865549684, 0.122888252139, 0.110417112708, 0.121936887503, 0.192110151052, 0.232132032514, 0.178831353784], "dvar2": [0.102664805949, 0.111472278833, 0.114801488817, 0.122483998537, 0.137481585145, 0.138999164104, 0.124257959425, 0.121437750757, 0.122500285506, 0.101374611259, 0.0777278468013, 0.0748504251242, 0.0670092999935, 0.0820598229766, 0.074834652245, 0.0766323283315, 0.0772984549403, 0.0812911987305, 0.0810762569308, 0.0976226106286, 0.103377841413, 0.110548920929, 0.106931239367, 0.102047845721, 0.174142807722, 0.0924799740314, 0.0774501860142, 0.100830286741, 0.116184301674, 0.0918621644378, 0.0833737030625, 0.0831995159388, 0.0765619203448, 0.0831200778484, 0.103136762977, 0.0965929552913], "min": [0, 0, 0, 0, 0, 0, 0, 0, 0, 0, 0, 0, 0, 0, 0, 0, 0, 0, 0, 0, 0, 0, 0, 0, 0, 0, 0, 0, 0, 0, 0, 0, 0, 0, 0, 0]}, "key_key": "E", "thpcp": [1, 0.659159600735, 0.499019891024, 0.367094397545, 0.29479765892, 0.609654903412, 0.845790863037, 0.580292344093, 0.321415871382, 0.288797438145, 0.318927556276, 0.502466678619, 0.607144415379, 0.467735797167, 0.43029615283, 0.44078874588, 0.33009955287, 0.306884139776, 0.347482770681, 0.394602954388, 0.711765289307, 0.960904359818, 0.643873512745, 0.313864946365, 0.246771201491, 0.221420422196, 0.368848741055, 0.53198415041, 0.437606453896, 0.300616681576, 0.261286824942, 0.266706585884, 0.353419214487, 0.433178842068, 0.494942158461, 0.867336928844], "chords_key": "E", "tuning_equal_tempered_deviation": 0.271463394165, "tuning_frequency": 434.193115234, "tuning_diatonic_strength": 0.729659020901, "chords_histogram": [46.5193367004, 2.05524873734, 20.0883979797, 0.110497236252, 1.03867399693, 0.022099448368, 0.906077325344, 0.861878454685, 0, 0, 0.0662983432412, 0, 0.022099448368, 0, 0, 1.03867399693, 0.883977890015, 2.87292814255, 0, 2.93922662735, 0.0883977934718, 3.2044198513, 8.53038692474, 8.75138092041], "key_strength": 0.89745259285, "key_scale": "major", "chords_strength": {"dvar": 0.000434755842434, "var": 0.0199377462268, "median": 0.52025526762, "max": 0.815208315849, "dmean": 0.0110678058118, "dmean2": 0.0113554550335, "mean": 0.517201662064, "dvar2": 0.00078104500426, "min": -1}, "chords_number_rate": 0.00220994465053, "tuning_nontempered_energy_ratio": 0.957463204861, "hpcp_entropy": {"dvar": 0.287927985191, "var": 0.647508919239, "median": 2.25249838829, "max": 4.7416601181, "dmean": 0.640877842903, "dmean2": 1.07846295834, "mean": 2.16846990585, "dvar2": 0.79135787487, "min": 0}, "chords_changes_rate": 0.0590055249631, "chords_scale": "major"}, "rhythm": {"bpm_histogram_first_peak_spread": {"dvar": 0, "var": 0, "median": 0.282926857471, "max": 0.282926857471, "dmean": 0, "dmean2": 0, "mean": 0.282926857471, "dvar2": 0, "min": 0.282926857471}, "bpm_histogram_first_peak_weight": {"dvar": 0, "var": 0, "median": 0.672768890858, "max": 0.672768890858, "dmean": 0, "dmean2": 0, "mean": 0.672768890858, "dvar2": 0, "min": 0.672768890858}, "bpm_histogram_first_peak_bpm": {"dvar": 0, "var": 0, "median": 126, "max": 126, "dmean": 0, "dmean2": 0, "mean": 126, "dvar2": 0, "min": 126}, "bpm": 125.979293823, "bpm_histogram_second_peak_weight": {"dvar": 0, "var": 0, "median": 0.0251716244966, "max": 0.0251716244966, "dmean": 0, "dmean2": 0, "mean": 0.0251716244966, "dvar2": 0, "min": 0.0251716244966}, "beats_loudness": {"dvar": 0.000106408384454, "var": 0.000343071704265, "median": 0.0329753234982, "max": 0.095203243196, "dmean": 0.0106594366953, "dmean2": 0.0179696269333, "mean": 0.0325736813247, "dvar2": 0.000334774609655, "min": 2.27801680297e-10}, "beats_loudness_band_ratio": {"dvar": [0.0317879207432, 0.00931182783097, 0.0103361187503, 0.0120131513104, 0.00501137739047, 0.00151457381435], "var": [0.0458915010095, 0.00945134181529, 0.0144113190472, 0.01733250916, 0.008042069152, 0.001913420856], "median": [0.31643807888, 0.0969561859965, 0.159049540758, 0.164843946695, 0.124591097236, 0.060430817306], "max": [0.987794280052, 0.687542319298, 0.705110311508, 0.685792684555, 0.624170184135, 0.470321238041], "dmean": [0.199988692999, 0.0957609415054, 0.115759819746, 0.127713114023, 0.0760820880532, 0.0433661229908], "dmean2": [0.367421686649, 0.173623099923, 0.206457108259, 0.210250064731, 0.130033403635, 0.0817887708545], "mean": [0.336136013269, 0.120989494026, 0.18055999279, 0.191390395164, 0.142089098692, 0.062617175281], "dvar2": [0.106713436544, 0.0285533685237, 0.0306160338223, 0.0319988392293, 0.0138615611941, 0.00475965579972], "min": [0.00013828605006, 0.000239395652898, 0.000161284609931, 0.000333117175614, 0.000861807435285, 0.000440636387793]}, "bpm_histogram_second_peak_bpm": {"dvar": 0, "var": 0, "median": 117, "max": 117, "dmean": 0, "dmean2": 0, "mean": 117, "dvar2": 0, "min": 117}, "onset_rate": 3.31737685204, "beats_count": 438, "beats_position": [0.46439909935, 0.952018141747, 1.43963718414, 1.93886613846, 2.43809509277, 2.94893407822, 3.44816327095, 3.94739222527, 4.446621418, 4.94585037231, 5.44507932663, 5.93269824982, 6.420317173, 6.8963265419, 7.38394546509, 7.85995435715, 8.33596324921, 8.8119726181, 9.287981987, 9.76399040222, 10.2399997711, 10.71600914, 11.1920175552, 11.6680269241, 12.144036293, 12.6200447083, 13.0960540771, 13.572063446, 14.0480718613, 14.5240812302, 15.0000905991, 15.4760990143, 15.9521083832, 16.4281177521, 16.904127121, 17.3801364899, 17.8561439514, 18.3321533203, 18.8081626892, 19.2841720581, 19.760181427, 20.2361907959, 20.7121982574, 21.1882076263, 21.6642169952, 22.1402263641, 22.616235733, 23.0922451019, 23.5682544708, 24.0442619324, 24.5202713013, 24.9962806702, 25.4722900391, 25.948299408, 26.4243087769, 26.9003162384, 27.3763256073, 27.8523349762, 28.3283443451, 28.804353714, 29.2803630829, 29.7563705444, 30.2323799133, 30.6967792511, 31.1611785889, 31.6487979889, 32.1364173889, 32.6240348816, 33.1000442505, 33.5760536194, 34.0520629883, 34.5280723572, 35.0040817261, 35.480091095, 35.9561004639, 36.4321098328, 36.908115387, 37.3841247559, 37.8601341248, 38.3361434937, 38.8121528625, 39.2881622314, 39.7641716003, 40.2401809692, 40.7161903381, 41.192199707, 41.6682090759, 42.1442184448, 42.6202278137, 43.0962333679, 43.5722427368, 44.0482521057, 44.5358734131, 45.011882782, 45.4878921509, 45.9638977051, 46.439907074, 46.9159164429, 47.3919258118, 47.8563270569, 48.3323364258, 48.80834198, 49.2843513489, 49.7603607178, 50.2363700867, 50.7123794556, 51.1883888245, 51.6643981934, 52.1404075623, 52.6164169312, 53.1040344238, 53.5800437927, 54.0560531616, 54.5320625305, 55.0080718994, 55.4840812683, 55.9600906372, 56.4244880676, 56.9004974365, 57.3648986816, 57.8409042358, 58.305305481, 58.7813148499, 59.2573242188, 59.7333335876, 60.2093429565, 60.6853485107, 61.1613578796, 61.6257591248, 62.1017684937, 62.5777778625, 63.0653953552, 63.5414047241, 64.0174102783, 64.5050354004, 64.9810409546, 65.4570541382, 65.9446716309, 66.4322891235, 66.9082946777, 67.3843078613, 67.8603134155, 68.3363265991, 68.8123321533, 69.2883453369, 69.7527389526, 70.2287521362, 70.7047576904, 71.1691589355, 71.6451721191, 72.1211776733, 72.5971832275, 73.0731964111, 73.5492019653, 74.0368270874, 74.5128326416, 75.0004501343, 75.4648513794, 75.9408569336, 76.4168701172, 76.8812713623, 77.3572769165, 77.8332901001, 78.2976837158, 78.7853012085, 79.2613143921, 79.7489318848, 80.2249450684, 80.7009506226, 81.1769561768, 81.6645812988, 82.140586853, 82.6166000366, 83.0926055908, 83.5686187744, 84.0446243286, 84.5206298828, 84.9966430664, 85.4726486206, 85.9486618042, 86.4246673584, 86.900680542, 87.3766860962, 87.8526992798, 88.328704834, 88.8047180176, 89.2807235718, 89.7451248169, 90.2095184326, 90.6855316162, 91.1615371704, 91.6259384155, 92.1019515991, 92.5779571533, 93.065574646, 93.5531921387, 94.0175933838, 94.5052108765, 94.9928359985, 95.4804534912, 95.9564590454, 96.432472229, 96.8968658447, 97.3844909668, 97.8721084595, 98.3481140137, 98.8241271973, 99.3001327515, 99.7761459351, 100.252151489, 100.728164673, 101.192558289, 101.656959534, 102.121360779, 102.597366333, 103.073379517, 103.549385071, 104.025398254, 104.513015747, 105.00063324, 105.465034485, 105.929428101, 106.417053223, 106.893058777, 107.36907196, 107.845077515, 108.321083069, 108.808708191, 109.296325684, 109.772331238, 110.248344421, 110.724349976, 111.200363159, 111.676368713, 112.152381897, 112.628387451, 113.104400635, 113.580406189, 114.056411743, 114.544036865, 115.008430481, 115.484443665, 115.960449219, 116.448066711, 116.924079895, 117.38848114, 117.864486694, 118.340499878, 118.816505432, 119.292518616, 119.76852417, 120.256141663, 120.732154846, 121.2081604, 121.672561646, 122.1485672, 122.624580383, 123.100585938, 123.576599121, 124.040992737, 124.51700592, 124.993011475, 125.469024658, 125.945030212, 126.421043396, 126.89704895, 127.384666443, 127.872291565, 128.348297119, 128.824310303, 129.300308228, 129.776321411, 130.252334595, 130.71673584, 131.192733765, 131.680358887, 132.15637207, 132.620773315, 133.09677124, 133.572784424, 134.048797607, 134.524810791, 135.000808716, 135.465209961, 135.941223145, 136.417236328, 136.904846191, 137.380859375, 137.856872559, 138.332870483, 138.808883667, 139.284896851, 139.760910034, 140.236907959, 140.712921143, 141.188934326, 141.66494751, 142.152557373, 142.640182495, 143.127792358, 143.603805542, 144.091430664, 144.567428589, 145.031829834, 145.496231079, 145.960632324, 146.436645508, 146.912643433, 147.388656616, 147.8646698, 148.340682983, 148.816680908, 149.292694092, 149.768707275, 150.244720459, 150.720718384, 151.196731567, 151.672744751, 152.148742676, 152.624755859, 153.100769043, 153.576782227, 154.052780151, 154.528793335, 155.004806519, 155.480819702, 155.968429565, 156.432830811, 156.908843994, 157.384857178, 157.860855103, 158.336868286, 158.81288147, 159.288879395, 159.764892578, 160.240905762, 160.705307007, 161.169708252, 161.645706177, 162.12171936, 162.597732544, 163.073745728, 163.549743652, 164.025756836, 164.50177002, 164.977767944, 165.465393066, 165.94140625, 166.405807495, 166.88180542, 167.369430542, 167.857055664, 168.32144165, 168.809066772, 169.285079956, 169.761077881, 170.248703003, 170.713104248, 171.20072937, 171.665115356, 172.129516602, 172.605529785, 173.081542969, 173.545944214, 174.033554077, 174.521179199, 175.008789062, 175.473190308, 175.949203491, 176.436828613, 176.912826538, 177.377227783, 177.841629028, 178.317642212, 178.793640137, 179.281265259, 179.757278442, 180.233291626, 180.720901489, 181.196914673, 181.672927856, 182.137313843, 182.613327026, 183.08934021, 183.565353394, 184.029754639, 184.505752563, 184.993377686, 185.469390869, 185.945388794, 186.409790039, 186.885803223, 187.361816406, 187.826202393, 188.302215576, 188.789840698, 189.265853882, 189.730239868, 190.21786499, 190.693878174, 191.169876099, 191.634277344, 192.098678589, 192.574691772, 193.050704956, 193.538314819, 194.014328003, 194.501953125, 194.989562988, 195.465576172, 195.953201294, 196.429199219, 196.905212402, 197.369613647, 197.857223511, 198.333236694, 198.809249878, 199.285263062, 199.772872925, 200.272109985, 200.782943726, 201.293777466, 201.816238403, 202.350296021, 202.872741699, 203.395187378, 203.917633057, 204.428482056, 204.939315796, 205.461761475, 205.960998535, 206.471832275, 206.982666016, 207.493515015, 208.015960693, 208.526794434, 209.037643433, 209.548477173], "danceability": 1.07339537144, "bpm_histogram_second_peak_spread": {"dvar": 0, "var": 0, "median": 0.576923072338, "max": 0.576923072338, "dmean": 0, "dmean2": 0, "mean": 0.576923072338, "dvar2": 0, "min": 0.576923072338}}, "lowlevel": {"spectral_flux": {"dvar": 0.000434437504737, "var": 0.00172654376365, "median": 0.0839326828718, "max": 0.261079400778, "dmean": 0.0183538906276, "dmean2": 0.0294258203357, "mean": 0.0829735919833, "dvar2": 0.000986550352536, "min": 1.04758833552e-10}, "spectral_rolloff": {"dvar": 594734.5, "var": 3958192.25, "median": 1851.85546875, "max": 19681.3476562, "dmean": 464.406494141, "dmean2": 762.535766602, "mean": 2098.80102539, "dvar2": 1147907, "min": 86.1328125}, "barkbands_flatness_db": {"dvar": 0.000254520651652, "var": 0.00209442060441, "median": 0.084380440414, "max": 0.392606675625, "dmean": 0.0158000700176, "dmean2": 0.0249295998365, "mean": 0.0963406190276, "dvar2": 0.000604944187216, "min": 0.0227868612856}, "spectral_centroid": {"dvar": 66729.90625, "var": 309899.75, "median": 1713.74645996, "max": 11197.2148438, "dmean": 232.43371582, "dmean2": 354.974304199, "mean": 1720.16271973, "dvar2": 123033.4375, "min": 170.609725952}, "melbands_skewness": {"dvar": 0.418328046799, "var": 1.65713143349, "median": 1.42239916325, "max": 12.2711029053, "dmean": 0.563198208809, "dmean2": 0.896012365818, "mean": 1.68989419937, "dvar2": 0.993220508099, "min": -0.709578633308}, "melbands": {"dvar": [1.17816375678e-06, 3.30661464432e-06, 6.70332951813e-07, 1.114833168e-07, 5.81850692072e-08, 4.56347883926e-08, 1.53801011038e-07, 1.3505258778e-07, 1.34987516276e-07, 7.19228694379e-08, 6.09281798347e-08, 1.85352053705e-08, 2.41201068008e-08, 1.26032499992e-08, 2.17679687609e-08, 1.25135146689e-08, 1.34354491976e-08, 8.2523099465e-09, 1.66876923391e-09, 1.43658773766e-09, 8.21211321167e-10, 9.7781405195e-10, 9.41534739063e-10, 2.73055578148e-10, 1.45590525746e-10, 1.34269623198e-10, 7.91414017653e-11, 3.35915913141e-11, 1.4254371121e-11, 2.3255094031e-11, 3.11272292663e-11, 2.18634624294e-11, 1.26464923603e-11, 1.11143212689e-11, 1.63836895439e-11, 1.89523639837e-11, 9.15672312279e-12, 1.89761379353e-12, 9.55917094612e-13, 7.08762475793e-13], "var": [1.45362912463e-06, 3.41237591783e-06, 8.3797726802e-07, 2.01731424454e-07, 1.09679277216e-07, 7.02000306774e-08, 3.19016521644e-07, 4.89384888169e-07, 2.12836894775e-07, 1.18729118981e-07, 1.22273746683e-07, 4.04659630249e-08, 4.42805401235e-08, 2.64840007702e-08, 3.93410211075e-08, 2.88844894669e-08, 2.64053614529e-08, 1.7594041779e-08, 4.06297884226e-09, 3.59269036743e-09, 2.50374765365e-09, 2.23129359433e-09, 2.12839701419e-09, 6.82557232956e-10, 4.12475775757e-10, 4.2319159288e-10, 2.17082338216e-10, 9.8155282513e-11, 4.48437606493e-11, 4.79824791011e-11, 5.30129239118e-11, 3.53284485e-11, 2.13985235781e-11, 1.94203698262e-11, 2.62553555286e-11, 2.65761006951e-11, 1.12877970859e-11, 3.03310653503e-12, 1.76102351018e-12, 1.18355900167e-12], "median": [0.000665058381855, 0.000753517611884, 0.000454145832919, 0.000213641367736, 0.00015547889052, 0.000130514425109, 0.000107039566501, 0.000104321130493, 0.000122800032841, 0.000143682744238, 8.1436279288e-05, 5.57113380637e-05, 5.65839764022e-05, 3.12299780489e-05, 5.67178722122e-05, 6.48765271762e-05, 6.07449801464e-05, 4.09739513998e-05, 3.16415716952e-05, 2.63279780484e-05, 2.08712081076e-05, 2.37704643951e-05, 2.71675380645e-05, 1.66982663359e-05, 1.45289241118e-05, 1.31760261866e-05, 9.00678423932e-06, 5.21909123563e-06, 4.03126114179e-06, 3.60356716556e-06, 2.6340576369e-06, 1.95179427465e-06, 1.29900945467e-06, 1.05269077721e-06, 9.4797218253e-07, 7.60287264256e-07, 5.24307608885e-07, 4.43626873903e-07, 5.06754872731e-07, 3.61911418167e-07], "max": [0.0121508687735, 0.0202505104244, 0.00916366651654, 0.0049981852062, 0.00476109236479, 0.00469937361777, 0.0102956360206, 0.0095617454499, 0.00869165547192, 0.00670574558899, 0.00540279317647, 0.00359915406443, 0.0044069448486, 0.00349779520184, 0.00200940691866, 0.00187415641267, 0.00262800580822, 0.00190649810247, 0.000861750042532, 0.000790338264778, 0.000663563841954, 0.000663773156703, 0.000632937008049, 0.000376536685508, 0.000207648452488, 0.000203022165806, 0.000174988730578, 0.00012062015594, 8.12834914541e-05, 0.000108978543722, 0.00012922778842, 0.000119620191981, 8.32717778394e-05, 9.28007793846e-05, 0.000160904499353, 0.000169899562025, 9.22202525544e-05, 3.69715853594e-05, 2.95559675578e-05, 2.06415224966e-05], "dmean": [0.000703085912392, 0.000978298485279, 0.000509369419888, 0.000209296762478, 0.000147426806507, 0.000119875701785, 0.00016033569409, 0.000162388925673, 0.000171893218067, 0.000149627929204, 0.000121809243865, 6.99962693034e-05, 7.30328974896e-05, 5.10978643433e-05, 7.99535991973e-05, 7.04149133526e-05, 6.64058097755e-05, 4.7200548579e-05, 2.72090655926e-05, 2.37750809902e-05, 1.8292632376e-05, 1.85842163773e-05, 1.97048302653e-05, 1.09227903522e-05, 8.66709706315e-06, 8.08501135907e-06, 5.8196919781e-06, 3.63480830856e-06, 2.55005488725e-06, 2.63627907771e-06, 2.32186539506e-06, 1.73539854131e-06, 1.30121225084e-06, 1.09756001621e-06, 1.11829410798e-06, 9.52897494244e-07, 6.26830740202e-07, 3.88020538367e-07, 3.68794729866e-07, 3.12827665994e-07], "dmean2": [0.00116747734137, 0.00167162460275, 0.000865638197865, 0.000345403095707, 0.000236785257584, 0.000195879343664, 0.000261206470896, 0.000257310108282, 0.000282371416688, 0.000241703921347, 0.000197928980924, 0.000113166985102, 0.000119258147606, 8.11148420325e-05, 0.000130923741381, 0.000114941052743, 0.000108617059595, 7.72779530962e-05, 4.37548515038e-05, 3.83871774829e-05, 2.95775516861e-05, 3.03828473989e-05, 3.20351937262e-05, 1.77184792847e-05, 1.40617530633e-05, 1.32487684823e-05, 9.50191861193e-06, 5.77500122745e-06, 4.06588696933e-06, 4.18691297455e-06, 3.64475363313e-06, 2.63247284238e-06, 1.97790427592e-06, 1.65116739481e-06, 1.66813003943e-06, 1.46234867771e-06, 9.67019786913e-07, 5.85446912282e-07, 5.56237637284e-07, 4.67012654326e-07], "mean": [0.000996172660962, 0.00130499037914, 0.000748344580643, 0.000363851577276, 0.000260480301222, 0.000203569928999, 0.000256231345702, 0.00030482118018, 0.00026148892357, 0.000249395874562, 0.00020005069382, 0.000122048077174, 0.000121425669931, 8.65273468662e-05, 0.000130505301058, 0.000128838320961, 0.000115953567729, 8.37168845464e-05, 5.29704848304e-05, 4.57839087176e-05, 3.74180017388e-05, 3.83558217436e-05, 4.04592428822e-05, 2.36168252741e-05, 2.00807062356e-05, 1.92828883883e-05, 1.32948371174e-05, 8.32714431453e-06, 6.2240474108e-06, 5.78418212172e-06, 4.85566079078e-06, 3.56719624506e-06, 2.59183798335e-06, 2.27951682064e-06, 2.19949333768e-06, 1.67860969214e-06, 1.10814505661e-06, 8.06509319773e-07, 8.13861447568e-07, 6.40613848191e-07], "dvar2": [3.21563084071e-06, 8.93306332728e-06, 1.80237611858e-06, 2.82157628817e-07, 1.4402870363e-07, 1.14013630537e-07, 3.79857226562e-07, 3.39034187391e-07, 3.61493391665e-07, 1.83281883892e-07, 1.60461908649e-07, 4.74601478118e-08, 6.49145235343e-08, 3.03889962083e-08, 5.77427137216e-08, 3.35560272902e-08, 3.56100997578e-08, 2.13907735969e-08, 4.33073310546e-09, 3.70174535469e-09, 2.07380135286e-09, 2.5766755396e-09, 2.41768294273e-09, 7.0483746617e-10, 3.83046899755e-10, 3.68502034442e-10, 2.163838414e-10, 8.21556919717e-11, 3.66199293111e-11, 5.80007396278e-11, 7.61724155973e-11, 5.00410407556e-11, 2.75769684865e-11, 2.42573600095e-11, 3.56522728007e-11, 4.5154800038e-11, 2.25684176208e-11, 4.48173442802e-12, 2.2233861887e-12, 1.65352410583e-12], "min": [2.72108379026e-24, 1.18353069823e-23, 1.00762197389e-23, 1.25610156278e-23, 8.91465834353e-24, 1.39232450936e-23, 2.74492257517e-24, 4.65713422842e-24, 1.12659418908e-23, 3.30269239745e-24, 4.94222185425e-24, 7.40806338774e-24, 1.15375814103e-23, 1.53058326928e-23, 6.44911184401e-24, 1.19363379762e-23, 8.40853228648e-24, 1.06858522353e-23, 5.7153008082e-24, 9.50918967563e-24, 8.08804571082e-24, 1.09375509289e-23, 1.47661824139e-23, 9.01774668662e-24, 1.11785092812e-23, 1.12486161387e-23, 8.33724134876e-24, 7.94837867642e-24, 7.90846231461e-24, 9.72728447238e-24, 7.24147963039e-24, 1.23347916194e-23, 1.05052567305e-23, 8.31593421571e-24, 6.89493776789e-24, 1.00570015095e-23, 1.20223948123e-23, 1.22740777287e-23, 9.61231351747e-24, 1.44614312467e-23]}, "spectral_decrease": {"dvar": 5.05708902962e-18, "var": 1.82587960666e-17, "median": -5.43316502899e-09, "max": 9.49072336725e-29, "dmean": 1.78816694785e-09, "dmean2": 2.81755019316e-09, "mean": -5.90394089173e-09, "dvar2": 1.20219419291e-17, "min": -2.75654077342e-08}, "barkbands_kurtosis": {"dvar": 7.52013301849, "var": 22.3037166595, "median": -0.285156726837, "max": 85.1258087158, "dmean": 1.20943784714, "dmean2": 1.97981011868, "mean": 0.811145961285, "dvar2": 18.3227710724, "min": -1.96024048328}, "silence_rate_30dB": {"dvar": 0, "var": 0, "median": 1, "max": 1, "dmean": 0, "dmean2": 0, "mean": 1, "dvar2": 0, "min": 1}, "gfcc": {"mean": [4.82655715942, 77.2296905518, -130.985092163, 25.2686233521, -48.7997016907, 11.6856040955, -34.8053512573, 9.27900695801, -20.8871517181, 3.88847184181, -14.8048124313, -3.5490591526, -12.3539686203], "cov": [[19405.9941406, 1097.92944336, -799.782897949, 699.676330566, -491.297363281, 575.168029785, 14.1788578033, 517.305908203, -136.640609741, 51.301574707, -219.075759888, -53.9701004028, -235.480957031], [1097.92944336, 834.45501709, -58.1961402893, 70.9270782471, 147.580856323, 48.2325973511, 61.6014099121, 59.3634986877, 27.0939407349, -8.49845314026, 15.7227163315, -47.880859375, -18.9377841949], [-799.782897949, -58.1961402893, 762.812133789, 307.419006348, 174.215896606, 149.294387817, 77.7314147949, 97.9441375732, 95.5496063232, 40.7130584717, -11.8886194229, -8.56084728241, -15.1574554443], [699.676330566, 70.9270782471, 307.419006348, 432.220153809, 110.470214844, 120.471679688, 28.6524295807, 88.4026107788, 78.5974578857, 29.6713047028, -22.2364883423, -18.0128364563, -6.22090148926], [-491.297363281, 147.580856323, 174.215896606, 110.470214844, 274.825775146, 72.0419158936, 63.6174163818, 10.9062271118, 37.7629508972, 2.23791074753, -0.54199719429, -18.2945957184, 9.02216434479], [575.168029785, 48.2325973511, 149.294387817, 120.471679688, 72.0419158936, 234.90826416, 144.764266968, 85.7137527466, 9.42987346649, 7.46396827698, 3.68632006645, -8.43997383118, -21.6037521362], [14.1788578033, 61.6014099121, 77.7314147949, 28.6524295807, 63.6174163818, 144.764266968, 208.417953491, 75.9107437134, 3.62097454071, -11.9578638077, 12.0060386658, -7.46693086624, -17.5647850037], [517.305908203, 59.3634986877, 97.9441375732, 88.4026107788, 10.9062271118, 85.7137527466, 75.9107437134, 165.922470093, 60.5972747803, 25.8686923981, 4.84962892532, -10.4780731201, -20.679233551], [-136.640609741, 27.0939407349, 95.5496063232, 78.5974578857, 37.7629508972, 9.42987346649, 3.62097454071, 60.5972747803, 103.810798645, 40.016872406, 2.80386924744, -10.9647054672, -4.28337955475], [51.301574707, -8.49845314026, 40.7130584717, 29.6713047028, 2.23791074753, 7.46396827698, -11.9578638077, 25.8686923981, 40.016872406, 67.3999404907, 21.8334293365, -0.441245943308, -3.55075526237], [-219.075759888, 15.7227163315, -11.8886194229, -22.2364883423, -0.54199719429, 3.68632006645, 12.0060386658, 4.84962892532, 2.80386924744, 21.8334293365, 60.6387939453, 20.4599876404, 3.159678936], [-53.9701004028, -47.880859375, -8.56084728241, -18.0128364563, -18.2945957184, -8.43997383118, -7.46693086624, -10.4780731201, -10.9647054672, -0.441245943308, 20.4599876404, 54.8957328796, 26.036901474], [-235.480957031, -18.9377841949, -15.1574554443, -6.22090148926, 9.02216434479, -21.6037521362, -17.5647850037, -20.679233551, -4.28337955475, -3.55075526237, 3.159678936, 26.036901474, 57.3951797485]], "icov": [[0.000125451260828, -0.00018634267326, 0.000252366444329, -0.000277945917333, 0.000221538401092, -0.000377965188818, 0.000265127862804, -0.000362718099495, 0.000451922067441, -0.000410804786952, 0.000726231955923, -0.000512164086103, 0.000463770265924], [-0.00018634267326, 0.00184732116759, 0.000112460191303, 0.000115591712529, -0.00129167793784, 0.000660532678012, -0.00037678721128, -0.000133003835799, -0.000662055623252, 0.00127797864843, -0.00214046030305, 0.00203927443363, -0.000601939798798], [0.000252366444329, 0.000112460191303, 0.00279478006996, -0.00166018714663, -0.000639912846964, -0.00117523118388, 0.000406420353102, -0.00095574290026, 0.000145018231706, -0.00112932792399, 0.00177937862463, -0.00173234695103, 0.0016977674095], [-0.000277945917333, 0.000115591712529, -0.00166018714663, 0.00478476192802, -0.000909894239157, -0.00113937910646, 0.00100384908728, 6.51574227959e-05, -0.00239362660795, 0.000863403955009, -0.000273508310784, 0.00121778459288, -0.00163980084471], [0.000221538401092, -0.00129167793784, -0.000639912846964, -0.000909894239157, 0.00631064921618, -0.00146766775288, -0.000892831594683, 0.00165883044247, -0.00117534212768, 2.68718849838e-05, 0.000638625933789, 0.00105370907113, -0.00160409533419], [-0.000377965188818, 0.000660532678012, -0.00117523118388, -0.00113937910646, -0.00146766775288, 0.0112461410463, -0.00657988712192, -0.000949172710534, 0.00216161203571, -0.00123551872093, -0.0013891889248, 0.000652645889204, 0.000206817843718], [0.000265127862804, -0.00037678721128, 0.000406420353102, 0.00100384908728, -0.000892831594683, -0.00657988712192, 0.0111459828913, -0.00373332737945, 0.000873554556165, 0.00317454291508, -0.00121474056505, -0.00014672629186, 0.00130418513436], [-0.000362718099495, -0.000133003835799, -0.00095574290026, 6.51574227959e-05, 0.00165883044247, -0.000949172710534, -0.00373332737945, 0.0125744193792, -0.00730587635189, 0.000259674066911, -0.0016562291421, 0.000759392045438, 0.000210090162], [0.000451922067441, -0.000662055623252, 0.000145018231706, -0.00239362660795, -0.00117534212768, 0.00216161203571, 0.000873554556165, -0.00730587635189, 0.0203095842153, -0.00996914226562, 0.00385204562917, -4.94142623211e-05, 0.000757323869038], [-0.000410804786952, 0.00127797864843, -0.00112932792399, 0.000863403955009, 2.68718849838e-05, -0.00123551872093, 0.00317454291508, 0.000259674066911, -0.00996914226562, 0.0262414719909, -0.0128308888525, 0.00481879990548, -0.00147286185529], [0.000726231955923, -0.00214046030305, 0.00177937862463, -0.000273508310784, 0.000638625933789, -0.0013891889248, -0.00121474056505, -0.0016562291421, 0.00385204562917, -0.0128308888525, 0.0293747130781, -0.0143394470215, 0.00550339696929], [-0.000512164086103, 0.00203927443363, -0.00173234695103, 0.00121778459288, 0.00105370907113, 0.000652645889204, -0.00014672629186, 0.000759392045438, -4.94142623211e-05, 0.00481879990548, -0.0143394470215, 0.0327992364764, -0.0152405174449], [0.000463770265924, -0.000601939798798, 0.0016977674095, -0.00163980084471, -0.00160409533419, 0.000206817843718, 0.00130418513436, 0.000210090162, 0.000757323869038, -0.00147286185529, 0.00550339696929, -0.0152405174449, 0.0267788376659]]}, "silence_rate_20dB": {"dvar": 0, "var": 0, "median": 1, "max": 1, "dmean": 0, "dmean2": 0, "mean": 1, "dvar2": 0, "min": 1}, "barkbands_skewness": {"dvar": 0.199221476912, "var": 0.76020014286, "median": 0.607090711594, "max": 7.36624622345, "dmean": 0.413253098726, "dmean2": 0.652945697308, "mean": 0.758075416088, "dvar2": 0.46486005187, "min": -2.88815879822}, "erbbands_skewness": {"dvar": 0.0791596993804, "var": 0.349170267582, "median": -0.0417171791196, "max": 3.67082905769, "dmean": 0.299994617701, "dmean2": 0.466610401869, "mean": -0.0218657646328, "dvar2": 0.168994933367, "min": -5.52227687836}, "spectral_contrast_valleys": {"dvar": [0.1554428339, 0.0952241569757, 0.0823670551181, 0.0648333057761, 0.0525808110833, 0.0603982880712], "var": [3.26401638985, 2.10847330093, 2.16576552391, 1.92340958118, 1.90762531757, 1.73451173306], "median": [-6.96645832062, -6.52406549454, -6.97286987305, -7.11313295364, -6.95093393326, -9.75658988953], "max": [-5.33975791931, -4.90538263321, -5.26442241669, -5.65539932251, -5.77368593216, -7.7137556076], "dmean": [0.419072180986, 0.341929584742, 0.315677553415, 0.261311799288, 0.20082655549, 0.201777279377], "dmean2": [0.679766178131, 0.545584797859, 0.487376838923, 0.387534767389, 0.2846775949, 0.253816723824], "mean": [-7.56012296677, -6.84596347809, -7.29192733765, -7.4271440506, -7.3276257515, -10.0863361359], "dvar2": [0.338195055723, 0.216714814305, 0.170791313052, 0.118005491793, 0.0849092081189, 0.0925593450665], "min": [-27.487154007, -27.372795105, -27.1667938232, -27.36469841, -27.1987266541, -27.2418117523]}, "spectral_strongpeak": {"dvar": 0.97209250927, "var": 1.28332555294, "median": 0.398219436407, "max": 11.8432064056, "dmean": 0.685701489449, "dmean2": 1.19256472588, "mean": 0.914417684078, "dvar2": 2.52733898163, "min": 0}, "erbbands_crest": {"dvar": 4.75583267212, "var": 11.8042793274, "median": 7.15306091309, "max": 26.536397934, "dmean": 2.35393977165, "dmean2": 3.88696670532, "mean": 7.95599317551, "dvar2": 12.0757789612, "min": 2.49363899231}, "barkbands_crest": {"dvar": 4.23795938492, "var": 12.4477729797, "median": 6.54042816162, "max": 22.6903934479, "dmean": 2.19096827507, "dmean2": 3.66719794273, "mean": 7.51215171814, "dvar2": 11.3669872284, "min": 2.31530880928}, "spectral_energyband_middle_low": {"dvar": 1.6203526684e-05, "var": 5.64885303902e-05, "median": 0.00739073101431, "max": 0.0619210228324, "dmean": 0.00321633601561, "dmean2": 0.00510550057516, "mean": 0.00890472251922, "dvar2": 4.03632111556e-05, "min": 2.38326365282e-22}, "spectral_contrast_coeffs": {"dvar": [0.00170340330806, 0.00137949036434, 0.000960868201219, 0.000611374678556, 0.000250959332334, 0.000182835865417], "var": [0.00582233676687, 0.00515477685258, 0.00410328432918, 0.00332104042172, 0.00168110546656, 0.00142376066651], "median": [-0.673678517342, -0.741039872169, -0.757610678673, -0.754837572575, -0.77798473835, -0.755913794041], "max": [-0.300219208002, -0.458314567804, -0.464019238949, -0.551511406898, -0.60341334343, -0.625637412071], "dmean": [0.0488835312426, 0.0467669777572, 0.0394262038171, 0.0317358598113, 0.0200018174946, 0.0154686784372], "dmean2": [0.0822753235698, 0.0769312009215, 0.0644281953573, 0.0511592999101, 0.0327711626887, 0.0243756379932], "mean": [-0.667189955711, -0.735181689262, -0.756617367268, -0.754416286945, -0.779336333275, -0.759695708752], "dvar2": [0.00469931075349, 0.0037515964359, 0.00254875374958, 0.00157323188614, 0.000654269766528, 0.000418143667048], "min": [-0.988885462284, -0.96658796072, -0.971883714199, -0.958701133728, -0.961996614933, -0.95894908905]}, "hfc": {"dvar": 40.7098922729, "var": 326.267486572, "median": 21.4862575531, "max": 121.905708313, "dmean": 5.32056427002, "dmean2": 7.54201745987, "mean": 24.2630290985, "dvar2": 85.0541305542, "min": 1.24942190455e-16}, "spectral_energyband_high": {"dvar": 4.46258411557e-07, "var": 1.11766360078e-06, "median": 0.000518401444424, "max": 0.0151781802997, "dmean": 0.000272852979833, "dmean2": 0.000380047218641, "mean": 0.00082148599904, "dvar2": 9.2657580808e-07, "min": 8.22033998179e-21}, "erbbands_spread": {"dvar": 42.1228218079, "var": 166.290084839, "median": 29.6716041565, "max": 117.292373657, "dmean": 5.92980575562, "dmean2": 9.27130413055, "mean": 31.4198112488, "dvar2": 95.0280075073, "min": 5.61523008347}, "dissonance": {"dvar": 0.000205856544198, "var": 0.000440857897047, "median": 0.478071451187, "max": 0.499999970198, "dmean": 0.0147169455886, "dmean2": 0.0248445570469, "mean": 0.473068624735, "dvar2": 0.000568779360037, "min": 0.260601639748}, "spectral_kurtosis": {"dvar": 1.66972160339, "var": 5.4449968338, "median": 4.50791406631, "max": 26.2935829163, "dmean": 1.11280953884, "dmean2": 1.84756278992, "mean": 4.86970376968, "dvar2": 4.54912853241, "min": -1.21866810322}, "spectral_skewness": {"dvar": 0.0246837213635, "var": 0.12368439883, "median": 1.53084397316, "max": 3.83139204979, "dmean": 0.157249525189, "dmean2": 0.246127516031, "mean": 1.55157077312, "dvar2": 0.0560864023864, "min": -0.167623579502}, "pitch_salience": {"dvar": 0.00270453514531, "var": 0.00890415068716, "median": 0.598563432693, "max": 0.845900535583, "dmean": 0.0606685467064, "dmean2": 0.100213564932, "mean": 0.588639438152, "dvar2": 0.00715431012213, "min": 0.174108415842}, "spectral_complexity": {"dvar": 10.8530921936, "var": 156.893920898, "median": 27, "max": 54, "dmean": 3.47612738609, "dmean2": 5.13429880142, "mean": 25.4970722198, "dvar2": 20.6561031342, "min": 0}, "spectral_spread": {"dvar": 270531674112, "var": 1792316014590.0, "median": 3961865.5, "max": 41010336, "dmean": 332866.40625, "dmean2": 474265.15625, "mean": 4170527, "dvar2": 426095050752, "min": 1203029.125}, "dynamic_complexity": 3.5289888382, "melbands_crest": {"dvar": 8.70283126831, "var": 24.5127162933, "median": 10.0762329102, "max": 38.6765556335, "dmean": 3.12304115295, "dmean2": 5.24724817276, "mean": 11.198890686, "dvar2": 23.3139019012, "min": 1.62491858006}, "zerocrossingrate": {"dvar": 0.000155513742357, "var": 0.00129893433768, "median": 0.06982421875, "max": 0.4931640625, "dmean": 0.00917022209615, "dmean2": 0.0109491143376, "mean": 0.0739709660411, "dvar2": 0.000177145382622, "min": 0.00341796875}, "spectral_energyband_low": {"dvar": 5.30112301931e-05, "var": 6.95642302162e-05, "median": 0.00477636652067, "max": 0.0881444588304, "dmean": 0.00440510828048, "dmean2": 0.00741632282734, "mean": 0.00698778033257, "dvar2": 0.00013575910998, "min": 4.75726513198e-23}, "melbands_kurtosis": {"dvar": 60.304058075, "var": 153.440856934, "median": 1.95994281769, "max": 210.685684204, "dmean": 3.36968922615, "dmean2": 5.50401639938, "mean": 5.30344009399, "dvar2": 148.731155396, "min": -1.75192368031}, "spectral_energyband_middle_high": {"dvar": 8.30659791973e-06, "var": 5.4005151469e-05, "median": 0.00670592160895, "max": 0.0507611706853, "dmean": 0.00233208178543, "dmean2": 0.00346906413324, "mean": 0.00854302942753, "dvar2": 2.0008192223e-05, "min": 1.50312076187e-21}, "barkbands_spread": {"dvar": 37.5335655212, "var": 186.161117554, "median": 26.8957290649, "max": 140.138702393, "dmean": 5.21397447586, "dmean2": 8.13760852814, "mean": 27.740146637, "dvar2": 78.0271377563, "min": 1.1191316843}, "mfcc": {"mean": [-628.272155762, 110.985725403, -19.3489627838, 17.2461452484, 4.31786394119, 3.37754440308, 0.938423991203, 1.27444851398, -0.248915106058, 3.29805898666, 4.44462633133, -0.201753467321, -4.10016870499], "cov": [[10111.9414062, 307.356719971, -17.9190139771, 300.370056152, -113.145324707, 151.114273071, 266.586395264, 392.655700684, 189.064758301, 238.065124512, 235.188247681, 77.2955627441, -55.1280097961], [307.356719971, 769.83380127, -99.4392089844, 36.1781196594, 81.5007400513, 14.5814876556, 86.0479812622, 37.8092689514, 24.1848106384, 22.1302871704, 40.6487998962, 4.89646720886, 6.84671068192], [-17.9190139771, -99.4392089844, 545.306518555, 176.183517456, 135.741729736, 94.2141265869, 53.5172729492, 88.3893966675, 89.3495559692, 90.35131073, 53.9313468933, 45.7946205139, 21.4608364105], [300.370056152, 36.1781196594, 176.183517456, 294.159301758, 167.822555542, 60.0822677612, -9.33135318756, 26.1414375305, 61.3791999817, 53.7531166077, 20.7186946869, 10.6814918518, 17.9103527069], [-113.145324707, 81.5007400513, 135.741729736, 167.822555542, 245.63381958, 71.7682037354, -0.900266170502, 11.2870016098, 55.6844291687, 50.0188674927, 16.2515163422, 8.75777435303, 19.5684890747], [151.114273071, 14.5814876556, 94.2141265869, 60.0822677612, 71.7682037354, 168.60055542, 93.7936553955, 56.7773399353, 36.0890007019, 24.1708889008, 24.9780731201, 4.09762811661, -11.4986219406], [266.586395264, 86.0479812622, 53.5172729492, -9.33135318756, -0.900266170502, 93.7936553955, 197.200393677, 112.315376282, 39.3704910278, 32.7154045105, 46.6310806274, 18.3392219543, -16.0681629181], [392.655700684, 37.8092689514, 88.3893966675, 26.1414375305, 11.2870016098, 56.7773399353, 112.315376282, 152.0677948, 64.4103012085, 49.4962730408, 47.7112083435, 20.2114448547, -5.14288473129], [189.064758301, 24.1848106384, 89.3495559692, 61.3791999817, 55.6844291687, 36.0890007019, 39.3704910278, 64.4103012085, 101.22177887, 60.5030250549, 29.8344497681, 12.5418920517, 3.42751717567], [238.065124512, 22.1302871704, 90.35131073, 53.7531166077, 50.0188674927, 24.1708889008, 32.7154045105, 49.4962730408, 60.5030250549, 112.016921997, 56.0791053772, 21.7738246918, 6.05350542068], [235.188247681, 40.6487998962, 53.9313468933, 20.7186946869, 16.2515163422, 24.9780731201, 46.6310806274, 47.7112083435, 29.8344497681, 56.0791053772, 88.6013641357, 34.0870704651, -2.29215836525], [77.2955627441, 4.89646720886, 45.7946205139, 10.6814918518, 8.75777435303, 4.09762811661, 18.3392219543, 20.2114448547, 12.5418920517, 21.7738246918, 34.0870704651, 60.9703941345, 22.6367092133], [-55.1280097961, 6.84671068192, 21.4608364105, 17.9103527069, 19.5684890747, -11.4986219406, -16.0681629181, -5.14288473129, 3.42751717567, 6.05350542068, -2.29215836525, 22.6367092133, 59.4477996826]], "icov": [[0.000128848681925, -3.479809311