{"metadata": {"audio_properties": {"downmix": "mix", "bit_rate": 192000, "lossless": false, "md5_encoded": "db89fee4eebf287500831762d901f604", "analysis_sample_rate": 44100, "sample_rate": 44100, "replay_gain": -11.7734413147, "equal_loudness": 0, "codec": "mp3", "length": 336.535522461}, "tags": {"album": ["Soul Rebel"], "artist": ["Gage"], "musicbrainz_recordingid": ["0fef456c-ba65-4ce9-9fcb-f185f8faa56b"], "albumartist": ["Gage"], "title": ["Viens me voir"], "genre": ["R&B"], "tracknumber": ["8"], "date": ["2005"], "file_name": "266319.mp3"}, "version": {"essentia_build_sha": "70f2e5ece6736b2c40cc944ad0e695b16b925413", "essentia_git_sha": "v2.1_beta2", "extractor": "music 1.0", "essentia": "2.1-beta2"}}, "tonal": {"chords_scale": "minor", "hpcp": {"dmean": [0.078731149435, 0.0863731428981, 0.0663339570165, 0.0488617829978, 0.0527143925428, 0.0668048039079, 0.105510219932, 0.116375379264, 0.0824167951941, 0.0450395531952, 0.0368499830365, 0.0433870926499, 0.0780452787876, 0.101714856923, 0.0855257660151, 0.0891334861517, 0.0853063762188, 0.0572068914771, 0.0323883406818, 0.0297978501767, 0.0443004481494, 0.0789080038667, 0.0868279412389, 0.0821763947606, 0.0725732818246, 0.0587922520936, 0.0652064755559, 0.103044524789, 0.100826591253, 0.0766942501068, 0.0674424394965, 0.067292176187, 0.0555575564504, 0.0481339171529, 0.0494229495525, 0.0550796352327], "dvar2": [0.0724362805486, 0.0751923397183, 0.0633656382561, 0.0527126714587, 0.0633465349674, 0.0707443058491, 0.0939401313663, 0.119744680822, 0.0796985328197, 0.0565200038254, 0.0487694256008, 0.0468082204461, 0.0654308125377, 0.0879865810275, 0.067124068737, 0.0778271779418, 0.0761549696326, 0.053937330842, 0.0337838940322, 0.0382102020085, 0.0429055839777, 0.0635307431221, 0.0721827894449, 0.0718711465597, 0.112838074565, 0.0626311227679, 0.0575251169503, 0.0776390507817, 0.0743672549725, 0.0469371527433, 0.0519028641284, 0.0664027482271, 0.0483709163964, 0.055290337652, 0.0518518462777, 0.056177970022], "mean": [0.118758238852, 0.135989427567, 0.0718297213316, 0.0408891960979, 0.0463172383606, 0.0677123516798, 0.194062829018, 0.253099113703, 0.120497494936, 0.0326438322663, 0.0254436433315, 0.039303008467, 0.122262999415, 0.166723176837, 0.114397674799, 0.122180119157, 0.129018068314, 0.0637781247497, 0.0254027638584, 0.022016633302, 0.0461038723588, 0.170433402061, 0.221363350749, 0.167221114039, 0.15593059361, 0.0962236449122, 0.0787151381373, 0.203540220857, 0.229623526335, 0.114837892354, 0.119099132717, 0.145262628794, 0.0748942121863, 0.0441196374595, 0.0470812432468, 0.0548294447362], "var": [0.0571917705238, 0.0650170966983, 0.0228703282773, 0.0145164094865, 0.0212898030877, 0.0283257234842, 0.0755299031734, 0.126574918628, 0.0397368893027, 0.0154900094494, 0.0111041404307, 0.0141172036529, 0.0476213805377, 0.0737053900957, 0.0384066514671, 0.0495624728501, 0.0569388717413, 0.0202742405236, 0.00807898119092, 0.00850008707494, 0.0145688513294, 0.0780048668385, 0.119706422091, 0.0533429086208, 0.111936323345, 0.036780923605, 0.0315996669233, 0.0880005806684, 0.108044922352, 0.03285940364, 0.0548714138567, 0.088413618505, 0.0257563833147, 0.0177257955074, 0.0171598084271, 0.0201485101134], "dmean2": [0.133865475655, 0.144385144114, 0.115275114775, 0.0877689197659, 0.0960121303797, 0.118453808129, 0.177949234843, 0.199578225613, 0.142701864243, 0.0829088315368, 0.0685558617115, 0.0775007307529, 0.132622778416, 0.171626240015, 0.14341494441, 0.149845391512, 0.144119203091, 0.0999948829412, 0.0592057444155, 0.0548438206315, 0.0781659707427, 0.131999194622, 0.143618270755, 0.144756659865, 0.135198205709, 0.106908500195, 0.112593539059, 0.17147180438, 0.167176887393, 0.128596752882, 0.114986211061, 0.115731135011, 0.0969259142876, 0.0858246609569, 0.0868796184659, 0.0962356179953], "dvar": [0.0293886195868, 0.0314372181892, 0.0235633961856, 0.0190033260733, 0.0229655634612, 0.0263258870691, 0.0360938645899, 0.0483354516327, 0.0298780146986, 0.0208462551236, 0.0168048460037, 0.0168153848499, 0.0260629225522, 0.0358194448054, 0.0267955288291, 0.0313532315195, 0.0308705810457, 0.020038601011, 0.011829498224, 0.0132621312514, 0.0156382862478, 0.0264127422124, 0.0324525050819, 0.0267360042781, 0.0413776300848, 0.0228544399142, 0.0220747888088, 0.0319849178195, 0.0322885364294, 0.0183957591653, 0.02126721479, 0.0276934746653, 0.018472166732, 0.020320083946, 0.0190417151898, 0.0205991175026], "min": [0, 0, 0, 0, 0, 0, 0, 0, 0, 0, 0, 0, 0, 0, 0, 0, 0, 0, 0, 0, 0, 0, 0, 0, 0, 0, 0, 0, 0, 0, 0, 0, 0, 0, 0, 0], "median": [0.0164305381477, 0.0217107608914, 0.0126929078251, 0.00387216615491, 0.00296330684796, 0.00715742260218, 0.048465885222, 0.0591904446483, 0.0244188532233, 0.00153971405234, 0.000900326296687, 0.00337047502398, 0.0237768385559, 0.0401921719313, 0.0302832052112, 0.0205260328948, 0.0211916454136, 0.00925505813211, 0.00249487301335, 0.00192450289614, 0.00497988704592, 0.0243676584214, 0.0329754427075, 0.0309152454138, 0.00403635576367, 0.00317815830931, 0.00876539945602, 0.0488243550062, 0.0607284605503, 0.03201366961, 0.00934462249279, 0.00640187785029, 0.00643584877253, 0.00392683688551, 0.00493655074388, 0.0065981997177], "max": [1, 1, 1, 1, 1, 1, 1, 1, 1, 1, 1, 1, 1, 1, 1, 1, 1, 1, 1, 1, 1, 1, 1, 1, 1, 1, 1, 1, 1, 1, 1, 1, 1, 1, 1, 1]}, "tuning_equal_tempered_deviation": 0.261299699545, "chords_key": "B", "chords_strength": {"dmean": 0.00973687600344, "dvar2": 0.000557193125132, "mean": 0.489786714315, "var": 0.0268084965646, "dmean2": 0.00833341386169, "dvar": 0.000323535816278, "min": -1, "median": 0.488555550575, "max": 0.923798322678}, "tuning_diatonic_strength": 0.475637048483, "thpcp": [1, 0.476088166237, 0.128976479173, 0.100528374314, 0.155287027359, 0.483063727617, 0.658726811409, 0.451987653971, 0.482736259699, 0.509753167629, 0.251988738775, 0.100366860628, 0.0869881883264, 0.182157382369, 0.67338603735, 0.874611318111, 0.660694181919, 0.616085112095, 0.380181670189, 0.311005204916, 0.804191768169, 0.907247424126, 0.45372697711, 0.470563203096, 0.573935747147, 0.295908629894, 0.174317628145, 0.186019003391, 0.216632306576, 0.469216346741, 0.537297129631, 0.283800750971, 0.161554083228, 0.183000400662, 0.267532944679, 0.766746401787], "chords_histogram": [22.075056076, 3.20088291168, 17.1633548737, 16.9839954376, 4.12527608871, 0.40011036396, 0, 0.124172188342, 0, 2.27648997307, 3.11810159683, 1.9039734602, 0.0137969097123, 0, 0, 0, 1.50386309624, 1.44867551327, 3.86313462257, 0, 0, 0.220750555396, 13.9348783493, 7.6434879303], "tuning_nontempered_energy_ratio": 0.961999595165, "tuning_frequency": 434.193115234, "key_strength": 0.643847346306, "chords_changes_rate": 0.0533940382302, "key_scale": "minor", "hpcp_entropy": {"dmean": 0.540676534176, "dvar2": 0.654375970364, "mean": 1.80753648281, "var": 0.542702615261, "dmean2": 0.898925423622, "dvar": 0.257907569408, "min": 0, "median": 1.80046379566, "max": 4.61201190948}, "key_key": "B", "chords_number_rate": 0.00179359829053}, "lowlevel": {"melbands_skewness": {"dmean": 0.837377130985, "dvar2": 5.23432588577, "mean": 3.36723256111, "var": 7.22450971603, "dmean2": 1.23839628696, "dvar": 2.63625144958, "min": -1.95791637897, "median": 2.91250252724, "max": 90.402381897}, "melbands_kurtosis": {"dmean": 19.0031318665, "dvar2": 187525.484375, "mean": 29.7569351196, "var": 46123.53125, "dmean2": 30.8551902771, "dvar": 67984.3359375, "min": -1.89373481274, "median": 12.8314533234, "max": 14827.4951172}, "barkbands_kurtosis": {"dmean": 10.3941669464, "dvar2": 7903.14404297, "mean": 14.7974376678, "var": 2556.65454102, "dmean2": 17.0151405334, "dvar": 2971.62060547, "min": -1.95927202702, "median": 5.47201824188, "max": 1878.45336914}, "hfc": {"dmean": 6.12512302399, "dvar2": 1042.80969238, "mean": 14.8978204727, "var": 575.496887207, "dmean2": 9.44080162048, "dvar": 398.825134277, "min": 1.09275766847e-16, "median": 5.68731975555, "max": 252.729553223}, "silence_rate_20dB": {"dmean": 0, "dvar2": 0, "mean": 1, "var": 0, "dmean2": 0, "dvar": 0, "min": 1, "median": 1, "max": 1}, "erbbands_flatness_db": {"dmean": 0.0181510448456, "dvar2": 0.00090175535297, "mean": 0.175138130784, "var": 0.00358606060036, "dmean2": 0.0260500255972, "dvar": 0.000494232750498, "min": 0.0407599061728, "median": 0.170018523932, "max": 0.449737399817}, "spectral_flux": {"dmean": 0.0266656335443, "dvar2": 0.00538655137643, "mean": 0.0628473237157, "var": 0.00623534619808, "dmean2": 0.040205154568, "dvar": 0.00293444329873, "min": 6.39072475495e-11, "median": 0.0380037613213, "max": 0.620254814625}, "spectral_energyband_low": {"dmean": 0.00922155380249, "dvar2": 0.00424693478271, "mean": 0.0179305411875, "var": 0.00166312884539, "dmean2": 0.0149059174582, "dvar": 0.00175821385346, "min": 6.89188487619e-24, "median": 0.00157745275646, "max": 0.478594273329}, "spectral_rolloff": {"dmean": 369.657592773, "dvar2": 2003175.375, "mean": 1419.05126953, "var": 6571554.5, "dmean2": 606.843261719, "dvar": 970767, "min": 43.06640625, "median": 581.396484375, "max": 19767.4804688}, "spectral_entropy": {"dmean": 0.202064201236, "dvar2": 0.142385810614, "mean": 7.14289569855, "var": 0.531288743019, "dmean2": 0.287483513355, "dvar": 0.0771450102329, "min": 3.62354755402, "median": 7.14687299728, "max": 9.82261657715}, "spectral_energy": {"dmean": 0.0123024974018, "dvar2": 0.00418972456828, "mean": 0.0310355741531, "var": 0.00212632375769, "dmean2": 0.0192439202219, "dvar": 0.00179433007725, "min": 9.92495162132e-21, "median": 0.0239070020616, "max": 0.490745961666}, "spectral_centroid": {"dmean": 209.054397583, "dvar2": 184041.078125, "mean": 1186.09301758, "var": 1356231.625, "dmean2": 314.675201416, "dvar": 91865.9453125, "min": 63.340461731, "median": 953.995056152, "max": 11740.1855469}, "barkbands_flatness_db": {"dmean": 0.0237088166177, "dvar2": 0.00236037094146, "mean": 0.193069577217, "var": 0.00663832807913, "dmean2": 0.0342455841601, "dvar": 0.0011578137055, "min": 0.0103991487995, "median": 0.183359593153, "max": 0.713546574116}, "spectral_rms": {"dmean": 0.000755971355829, "dvar2": 6.46460739517e-06, "mean": 0.00455399043858, "var": 9.53976541496e-06, "dmean2": 0.00110706035048, "dvar": 3.25547807734e-06, "min": 3.11173265974e-12, "median": 0.00482948264107, "max": 0.0218809638172}, "melbands": {"dmean": [0.00206645135768, 0.0017809671117, 0.00036949623609, 0.000257107283687, 0.000256318598986, 0.000210868951399, 0.000151792439283, 7.99978224677e-05, 9.22353574424e-05, 5.70191150473e-05, 4.15878093918e-05, 2.9625467505e-05, 2.91936357826e-05, 4.61427953269e-05, 2.59045918938e-05, 3.67987740901e-05, 3.05456924252e-05, 2.43672820943e-05, 1.58297716553e-05, 8.26323139336e-06, 7.73013653088e-06, 3.54738813257e-06, 3.58467673323e-06, 3.05346725327e-06, 3.92385209125e-06, 5.16373893333e-06, 2.99026896755e-06, 2.51736537393e-06, 2.55028976426e-06, 3.9797782847e-06, 2.23521033149e-06, 1.21896857763e-06, 1.47054277022e-06, 1.43865577229e-06, 1.19812045796e-06, 1.33757714593e-06, 1.31156434691e-06, 1.29823149564e-06, 8.2230968701e-07, 5.84094891565e-07], "dvar2": [0.000239256522036, 0.000201440489036, 6.4618648139e-06, 1.02150261228e-06, 9.86345412457e-07, 6.22269226369e-07, 6.6823713496e-07, 1.29610754129e-07, 2.91927477747e-07, 1.01001567998e-07, 3.65767824917e-08, 1.89387350247e-08, 4.10188896183e-08, 6.25819396305e-08, 4.13349177109e-08, 5.27511083703e-08, 3.70448240972e-08, 3.05767393627e-08, 1.00461070573e-08, 4.95460739103e-09, 5.54285950471e-10, 3.13288922582e-10, 2.62601967949e-10, 1.5324595759e-10, 3.46847661703e-10, 7.33632099514e-10, 2.44419789963e-10, 3.19369308777e-10, 4.02129385346e-10, 1.23686150211e-09, 2.24328278176e-10, 3.70670300009e-11, 1.7839670019e-10, 2.17613246867e-10, 1.31323327213e-10, 1.07236136637e-10, 1.00010819071e-10, 1.09804013104e-10, 3.42412591336e-11, 1.59995124788e-11], "mean": [0.00417771842331, 0.00256098993123, 0.00051111850189, 0.000466776778921, 0.000460936891614, 0.000438709190348, 0.000345975509845, 0.000187082594493, 0.000186313976883, 0.000117990050057, 0.000106405721453, 7.42369593354e-05, 7.00556702213e-05, 0.000106748884718, 5.02820475958e-05, 8.88785507414e-05, 5.77829596295e-05, 3.39835169143e-05, 2.42913883994e-05, 1.23666359286e-05, 1.24990692711e-05, 6.02759564572e-06, 5.3982071222e-06, 4.92931303597e-06, 7.31108275431e-06, 1.02573440017e-05, 5.10446898261e-06, 3.12127258439e-06, 2.97148221762e-06, 4.21142976847e-06, 2.80329527413e-06, 1.71902070178e-06, 1.44561704474e-06, 1.24609425711e-06, 1.02658987089e-06, 1.37854294735e-06, 1.37724555316e-06, 1.28917235998e-06, 8.89040620677e-07, 6.95414485108e-07], "var": [8.90747323865e-05, 5.89744158788e-05, 1.51563392592e-06, 4.89696731165e-07, 5.71683699491e-07, 9.25562630982e-07, 2.07359084925e-06, 3.63487686172e-07, 3.66789407735e-07, 1.79993904226e-07, 1.20834314998e-07, 8.89516371672e-08, 6.08649486367e-08, 1.24533755752e-07, 5.53258310276e-08, 1.32986471613e-07, 6.09466113133e-08, 2.30825740744e-08, 1.40659199843e-08, 4.8256350027e-09, 5.52064338688e-10, 3.88897025694e-10, 1.95903349098e-10, 2.50141102276e-10, 4.65713745346e-10, 1.17573994984e-09, 2.61230592713e-10, 1.05343136991e-10, 1.32282046428e-10, 3.30930088888e-10, 8.66312993564e-11, 2.49440832573e-11, 4.4817521222e-11, 4.90842644307e-11, 3.39635888857e-11, 4.26604411519e-11, 3.40632556883e-11, 4.06679828702e-11, 1.81494524271e-11, 1.36908201789e-11], "dmean2": [0.00342249986716, 0.00306691369042, 0.000657808792312, 0.000431320862845, 0.00042556997505, 0.0003120082838, 0.000215238629607, 0.000107505424239, 0.00012994511053, 8.10473648016e-05, 5.81301028433e-05, 3.94309718104e-05, 4.18752606492e-05, 6.59582728986e-05, 3.76228017558e-05, 5.24922397744e-05, 4.76089699077e-05, 3.75053350581e-05, 2.32150196098e-05, 1.30390262711e-05, 1.24958914967e-05, 5.62233344681e-06, 5.86412443226e-06, 4.99696125189e-06, 6.13555266682e-06, 7.53659514885e-06, 4.59670400232e-06, 4.29339070251e-06, 4.32180286225e-06, 6.87184956405e-06, 3.76222601517e-06, 1.97595045393e-06, 2.53869961853e-06, 2.53779853665e-06, 2.03308172786e-06, 2.08328992812e-06, 2.14479814531e-06, 2.13602470467e-06, 1.3007271491e-06, 9.14176439437e-07], "dvar": [9.483985923e-05, 7.71786799305e-05, 2.26059682973e-06, 3.71271482891e-07, 3.6286382965e-07, 3.07949676426e-07, 4.01096571068e-07, 7.57538387575e-08, 1.40501214219e-07, 5.20644007906e-08, 2.02136973826e-08, 1.3949278177e-08, 1.81586354842e-08, 2.94393718292e-08, 1.9416214414e-08, 2.58889247817e-08, 1.662467497e-08, 1.3156950196e-08, 5.26841592574e-09, 2.41947595292e-09, 2.34097602414e-10, 1.63807981068e-10, 1.13150877556e-10, 6.87346915496e-11, 1.50057702375e-10, 3.89338283835e-10, 1.03843725285e-10, 1.14806018858e-10, 1.47709233733e-10, 4.37925501418e-10, 8.32380275817e-11, 1.56279971603e-11, 6.37167055229e-11, 7.64460023062e-11, 4.82371816102e-11, 4.45423212203e-11, 3.81391758453e-11, 4.22124384059e-11, 1.42781862722e-11, 7.19598729562e-12], "min": [9.16631917179e-25, 7.19596058122e-25, 6.74157472766e-25, 1.68514060548e-24, 1.55154681396e-24, 2.19570203296e-24, 1.0436564695e-24, 2.31451355718e-24, 1.85145753063e-24, 1.97329808352e-24, 2.08075277172e-24, 1.73732099334e-24, 2.4137903216e-24, 1.64745849497e-24, 3.03848591978e-24, 3.67525878121e-24, 3.0531208673e-24, 3.03157372332e-24, 3.2871062809e-24, 2.96420046606e-24, 4.13099398135e-24, 3.54303938261e-24, 4.56786278408e-24, 3.03808833389e-24, 3.87356500215e-24, 4.4018343848e-24, 2.67611812702e-24, 3.67661798855e-24, 5.22152476306e-24, 4.57364671224e-24, 5.29825410787e-24, 3.67679114352e-24, 5.24539411633e-24, 5.56552294357e-24, 5.04599453418e-24, 5.33710905732e-24, 5.99605877095e-24, 5.33464820573e-24, 5.66997877704e-24, 5.54787651955e-24], "median": [3.78798067686e-05, 0.000195981236175, 0.000218320899876, 0.000241266869125, 0.000202107796213, 0.000163288903423, 6.51773589198e-05, 3.18574930134e-05, 1.95067132154e-05, 1.32672694235e-05, 1.26506329252e-05, 8.38054802443e-06, 8.68510596774e-06, 1.3026430679e-05, 5.18929573445e-06, 5.33109414391e-06, 4.03997592002e-06, 3.35070740221e-06, 3.92278388972e-06, 3.23668245983e-06, 5.21635593032e-06, 2.24720065489e-06, 1.72910483798e-06, 1.74328158664e-06, 1.75640684574e-06, 1.70538316979e-06, 8.42419524361e-07, 6.20540276941e-07, 6.91622574323e-07, 5.12122710461e-07, 3.42375784612e-07, 3.41815450611e-07, 1.96064419811e-07, 1.378331973e-07, 8.8754561034e-08, 8.30868884805e-08, 9.02500900679e-08, 6.75840041708e-08, 4.20147117097e-08, 4.04436129031e-08], "max": [0.119673803449, 0.0912669897079, 0.020564911887, 0.0120118418708, 0.0161101333797, 0.0282768197358, 0.022779405117, 0.010479843244, 0.0129853431135, 0.0140259107575, 0.00740084098652, 0.00934057682753, 0.00745808426291, 0.00681414315477, 0.00596205005422, 0.00616777502, 0.00508813327178, 0.00346297724172, 0.00500883953646, 0.00352878589183, 0.000658894772641, 0.00135759473778, 0.000393444235669, 0.000638054334559, 0.000532654114068, 0.00135527935345, 0.000343858118868, 0.000230644262047, 0.000358955410775, 0.000441802170826, 0.000198054418433, 0.000166460886248, 0.000111464367365, 0.000122093115351, 9.91923807305e-05, 0.000104136452137, 9.20177917578e-05, 9.04423359316e-05, 7.17370930943e-05, 7.35701396479e-05]}, "barkbands_crest": {"dmean": 2.19140911102, "dvar2": 16.7594280243, "mean": 13.3812513351, "var": 28.91015625, "dmean2": 3.40166401863, "dvar": 7.02665758133, "min": 2.18324422836, "median": 12.791841507, "max": 26.8692531586}, "mfcc": {"icov": [[0.000102926031104, -1.98143534362e-05, 4.02373989346e-05, -0.000126032813569, 0.000140862728585, -0.000163560602232, -1.63548320415e-05, 5.12972728757e-05, 2.21488426178e-05, -0.000180403352715, -1.33783250931e-05, -0.000128496831167, 6.32134397165e-05], [-1.98143534362e-05, 0.000617169076577, -4.49447143183e-05, -0.000230499586905, -0.000166607089341, 0.000281103362795, -0.000154030683916, -0.000318387028528, -0.000163324148161, 0.000464984390419, -0.000398408184992, 9.94335714495e-05, 5.58477440791e-05], [4.02373989346e-05, -4.49447143183e-05, 0.00116598105524, -0.000191125713172, -0.000272235949524, -0.000483527954202, 0.000204745505471, 0.000304645422148, -0.000901710474864, 0.000255509046838, -0.000116057221021, -0.000182434465387, 0.0002235675056], [-0.000126032813569, -0.000230499586905, -0.000191125713172, 0.00458730058745, -0.00163972971495, -0.000282082124613, 2.41436873694e-06, 0.000112332287244, -0.000497702101711, -0.000195109692868, 0.000382680882467, 0.00041742195026, -0.00134783075191], [0.000140862728585, -0.000166607089341, -0.000272235949524, -0.00163972971495, 0.00415875716135, -0.00218737125397, 0.00149236281868, -0.00152226816863, -2.91038177238e-05, -0.000909309543204, 0.00110333308112, -0.000923568441067, 8.63008754095e-05], [-0.000163560602232, 0.000281103362795, -0.000483527954202, -0.000282082124613, -0.00218737125397, 0.010064794682, -0.00410896772519, 0.00068487302633, -0.00085261289496, -0.000530809978954, -0.00118905631825, -0.000374393741367, -1.23140480355e-05], [-1.63548320415e-05, -0.000154030683916, 0.000204745505471, 2.41436873694e-06, 0.00149236281868, -0.00410896772519, 0.00749632017687, -0.00384887773544, 0.000640531012323, -0.00139308534563, -0.000435486581409, -0.00217106356286, 0.00168115051929], [5.12972728757e-05, -0.000318387028528, 0.000304645422148, 0.000112332287244, -0.00152226816863, 0.00068487302633, -0.00384887773544, 0.00898285955191, -0.00312853371724, 0.0019997714553, -0.00140580045991, -2.6050984161e-05, -0.00198548915796], [2.21488426178e-05, -0.000163324148161, -0.000901710474864, -0.000497702101711, -2.91038177238e-05, -0.00085261289496, 0.000640531012323, -0.00312853371724, 0.0116124525666, -0.00507640372962, 0.000830198230688, 4.63588767161e-05, -0.00103453802876], [-0.000180403352715, 0.000464984390419, 0.000255509046838, -0.000195109692868, -0.000909309543204, -0.000530809978954, -0.00139308534563, 0.0019997714553, -0.00507640372962, 0.0119644999504, -0.00603991188109, 0.00149754283484, 0.000228109201998], [-1.33783250931e-05, -0.000398408184992, -0.000116057221021, 0.000382680882467, 0.00110333308112, -0.00118905631825, -0.000435486581409, -0.00140580045991, 0.000830198230688, -0.00603991188109, 0.0131336580962, -0.00541534507647, 0.000777213834226], [-0.000128496831167, 9.94335714495e-05, -0.000182434465387, 0.00041742195026, -0.000923568441067, -0.000374393741367, -0.00217106356286, -2.6050984161e-05, 4.63588767161e-05, 0.00149754283484, -0.00541534507647, 0.0141765801236, -0.00458734389395], [6.32134397165e-05, 5.58477440791e-05, 0.0002235675056, -0.00134783075191, 8.63008754095e-05, -1.23140480355e-05, 0.00168115051929, -0.00198548915796, -0.00103453802876, 0.000228109201998, 0.000777213834226, -0.00458734389395, 0.00930130854249]], "mean": [-717.24786377, 129.413284302, 3.4154253006, 23.448184967, 1.12544715405, 0.779642760754, -3.69020843506, -5.92106151581, -5.91666078568, -6.7980055809, -6.82022047043, -2.48944973946, -2.41559743881], "cov": [[12828.4208984, 493.22479248, -123.301345825, 379.779388428, -45.0844306946, 607.571105957, 740.712890625, 274.917388916, 291.269561768, 593.269836426, 539.832397461, 388.533050537, 58.2398910522], [493.22479248, 2001.18115234, 221.332061768, 239.189498901, 258.826263428, 125.404541016, 202.948684692, 258.70401001, 141.031723022, 45.937877655, 133.558151245, 112.530738831, 89.1784439087], [-123.301345825, 221.332061768, 1113.27478027, 181.849868774, 268.216674805, 163.822402954, 76.2477493286, 96.7147979736, 169.58934021, 88.0155410767, 73.9173355103, 74.8946990967, 51.1588287354], [379.779388428, 239.189498901, 181.849868774, 370.095123291, 243.809158325, 118.016921997, 79.860534668, 109.808410645, 103.188575745, 73.4140625, 51.983707428, 65.4473800659, 89.7525253296], [-45.0844306946, 258.826263428, 268.216674805, 243.809158325, 508.64163208, 175.956161499, 93.092010498, 166.513000488, 132.563446045, 91.8186798096, 62.8421287537, 90.6204528809, 93.8024215698], [607.571105957, 125.404541016, 163.822402954, 118.016921997, 175.956161499, 279.041046143, 236.914428711, 147.742156982, 119.324462891, 134.733032227, 133.906692505, 111.136360168, 49.3255615234], [740.712890625, 202.948684692, 76.2477493286, 79.860534668, 93.092010498, 236.914428711, 426.750579834, 226.203811646, 124.642242432, 156.805526733, 179.697097778, 147.168609619, 41.6758308411], [274.917388916, 258.70401001, 96.7147979736, 109.808410645, 166.513000488, 147.742156982, 226.203811646, 292.080505371, 131.162353516, 90.1187591553, 118.195960999, 112.357200623, 88.1958236694], [291.269561768, 141.031723022, 169.58934021, 103.188575745, 132.563446045, 119.324462891, 124.642242432, 131.162353516, 195.318130493, 124.034584045, 91.9725799561, 72.452835083, 59.1787719727], [593.269836426, 45.937877655, 88.0155410767, 73.4140625, 91.8186798096, 134.733032227, 156.805526733, 90.1187591553, 124.034584045, 221.462478638, 144.710739136, 78.7924880981, 29.569311142], [539.832397461, 133.558151245, 73.9173355103, 51.983707428, 62.8421287537, 133.906692505, 179.697097778, 118.195960999, 91.9725799561, 144.710739136, 212.010986328, 117.218742371, 40.4077301025], [388.533050537, 112.530738831, 74.8946990967, 65.4473800659, 90.6204528809, 111.136360168, 147.168609619, 112.357200623, 72.452835083, 78.7924880981, 117.218742371, 165.708572388, 79.1159973145], [58.2398910522, 89.1784439087, 51.1588287354, 89.7525253296, 93.8024215698, 49.3255615234, 41.6758308411, 88.1958236694, 59.1787719727, 29.569311142, 40.4077301025, 79.1159973145, 170.345596313]]}, "spectral_decrease": {"dmean": 3.14057224671e-09, "dvar2": 2.88555140721e-16, "mean": -7.86497711402e-09, "var": 1.43556096813e-16, "dmean2": 4.91183804741e-09, "dvar": 1.2345596527e-16, "min": -1.29083119305e-07, "median": -6.03320415848e-09, "max": 1.55509983732e-28}, "zerocrossingrate": {"dmean": 0.00907682999969, "dvar2": 0.000242916998104, "mean": 0.0523610301316, "var": 0.00421566748992, "dmean2": 0.0103880967945, "dvar": 0.00023351307027, "min": 0.001953125, "median": 0.03662109375, "max": 0.52490234375}, "spectral_contrast_coeffs": {"dmean": [0.0434541255236, 0.0417958498001, 0.0350075624883, 0.0308582279831, 0.0241919979453, 0.0186904482543], "dvar2": [0.00399397639558, 0.00329070840962, 0.00203140359372, 0.00154190114699, 0.000974109862, 0.000665404601023], "mean": [-0.601980686188, -0.674971282482, -0.732130408287, -0.75098669529, -0.763762295246, -0.769597351551], "var": [0.0165232680738, 0.0105944890529, 0.00829560589045, 0.00687474338338, 0.00457125529647, 0.0030633516144], "dmean2": [0.0700471624732, 0.065425619483, 0.053747355938, 0.0472443848848, 0.0370202846825, 0.0284041874111], "dvar": [0.00163652095944, 0.00145874056034, 0.000961233745329, 0.000762507552281, 0.000485422322527, 0.000324763997924], "min": [-0.984251260757, -0.979332983494, -0.987398445606, -0.977315664291, -0.967494606972, -0.964634358883], "median": [-0.615091204643, -0.683676719666, -0.742391943932, -0.760016918182, -0.768188774586, -0.772778511047], "max": [-0.20506618917, -0.269146293402, -0.374872148037, -0.428027391434, -0.470123410225, -0.515145242214]}, "spectral_skewness": {"dmean": 0.295474767685, "dvar2": 0.416591882706, "mean": 1.89208388329, "var": 1.20228207111, "dmean2": 0.468179523945, "dvar": 0.199013158679, "min": -0.205435544252, "median": 1.71141135693, "max": 11.6646270752}, "spectral_energyband_middle_high": {"dmean": 0.00137854507193, "dvar2": 2.9012109735e-05, "mean": 0.00414887582883, "var": 7.232799544e-05, "dmean2": 0.00201044720598, "dvar": 1.29259042296e-05, "min": 1.030104516e-21, "median": 0.000962156627793, "max": 0.0701436847448}, "gfcc": {"icov": [[0.000114103946544, -0.000248303840635, 0.000147464961628, -0.000222092538024, 0.000295892270515, -0.000400193326641, 0.000329468370182, -0.000441052950919, 0.000356220611138, -0.000483685202198, 0.000264864036581, -0.000257341860561, 0.000144457924762], [-0.000248303840635, 0.00136326649226, -0.000300486775814, 0.000685912556946, -0.000943607359659, 0.00120794842951, -0.00113073317334, 0.00100926030427, -0.00129444350023, 0.00191858410835, -0.00156369095203, 0.0012692756718, -0.00119851820637], [0.000147464961628, -0.000300486775814, 0.00108654727228, -0.00032704329351, 0.000293933146168, -0.00104755035136, 0.000406698527513, -0.00043368304614, -0.000332524214173, -0.000432140717749, 0.000572099699639, -0.000416284019593, -0.000479229551274], [-0.000222092538024, 0.000685912556946, -0.00032704329351, 0.00340680708177, -0.00120181438979, -0.000260593456915, 0.000379317207262, 0.000252184865531, -0.00153810414486, 0.00105255271774, -0.00065757567063, 0.00035861149081, -0.000733289576601], [0.000295892270515, -0.000943607359659, 0.000293933146168, -0.00120181438979, 0.00387422321364, -0.00200904323719, 0.000273444893537, -0.00134192896076, -0.000316715188092, 0.000464184529847, -0.000590417534113, -0.000362408347428, -0.00037007429637], [-0.000400193326641, 0.00120794842951, -0.00104755035136, -0.000260593456915, -0.00200904323719, 0.007421488408, -0.00328226527199, -0.000100199278677, 0.000526453135535, -0.000480625312775, -0.00101434451062, 0.000469842780149, 0.000705093436409], [0.000329468370182, -0.00113073317334, 0.000406698527513, 0.000379317207262, 0.000273444893537, -0.00328226527199, 0.00672991201282, -0.00454953638837, 0.00193481403403, -0.00166811665986, -0.000980410957709, -0.000246357696597, 0.0010631805053], [-0.000441052950919, 0.00100926030427, -0.00043368304614, 0.000252184865531, -0.00134192896076, -0.000100199278677, -0.00454953638837, 0.0135601069778, -0.00465192180127, 0.00010344893235, 0.000644522369839, -0.00155651045498, -0.000545559276361], [0.000356220611138, -0.00129444350023, -0.000332524214173, -0.00153810414486, -0.000316715188092, 0.000526453135535, 0.00193481403403, -0.00465192180127, 0.0105445841327, -0.00410381192341, -0.000196363442228, -0.000274431251455, -0.00101060338784], [-0.000483685202198, 0.00191858410835, -0.000432140717749, 0.00105255271774, 0.000464184529847, -0.000480625312775, -0.00166811665986, 0.00010344893235, -0.00410381192341, 0.0119904521853, -0.00540281459689, 0.00315271876752, -0.00275108264759], [0.000264864036581, -0.00156369095203, 0.000572099699639, -0.00065757567063, -0.000590417534113, -0.00101434451062, -0.000980410957709, 0.000644522369839, -0.000196363442228, -0.00540281459689, 0.014497352764, -0.00656501110643, 0.00257981778122], [-0.000257341860561, 0.0012692756718, -0.000416284019593, 0.00035861149081, -0.000362408347428, 0.000469842780149, -0.000246357696597, -0.00155651045498, -0.000274431251455, 0.00315271876752, -0.00656501110643, 0.0148734580725, -0.00570159684867], [0.000144457924762, -0.00119851820637, -0.000479229551274, -0.000733289576601, -0.00037007429637, 0.000705093436409, 0.0010631805053, -0.000545559276361, -0.00101060338784, -0.00275108264759, 0.00257981778122, -0.00570159684867, 0.015734275803]], "mean": [-77.2130203247, 97.4435653687, -107.571624756, 24.6022663116, -55.8395118713, 1.35717570782, -41.0716209412, 0.246092349291, -28.2850856781, 1.52405571938, -14.1301851273, 1.48113584518, -7.09264707565], "cov": [[25688.6738281, 796.651123047, -1366.71533203, 788.503601074, -723.981689453, 1077.22851562, 215.784561157, 666.44140625, -199.837783813, 813.97479248, 140.719268799, 205.278686523, -56.0221099854], [796.651123047, 2125.06005859, 253.454498291, -12.3908090591, 502.742950439, -36.2314682007, 239.331069946, 85.4415359497, 230.465652466, -97.3919219971, 189.084121704, 27.666519165, 138.734970093], [-1366.71533203, 253.454498291, 1621.44091797, 267.721740723, 391.084106445, 311.616027832, 217.091812134, 202.972122192, 275.894195557, 114.752464294, 111.578315735, 100.84072876, 137.350738525], [788.503601074, -12.3908090591, 267.721740723, 506.366912842, 231.063735962, 188.546920776, 64.097694397, 121.688613892, 131.266769409, 76.686882019, 65.830078125, 58.9364967346, 52.8463554382], [-723.981689453, 502.742950439, 391.084106445, 231.063735962, 700.046081543, 246.048187256, 260.218231201, 179.168212891, 200.488586426, 39.0422325134, 155.806533813, 78.846534729, 84.4194335938], [1077.22851562, -36.2314682007, 311.616027832, 188.546920776, 246.048187256, 463.60244751, 295.834289551, 201.207122803, 82.0640106201, 157.735290527, 113.886421204, 67.842414856, 16.3881664276], [215.784561157, 239.331069946, 217.091812134, 64.097694397, 260.218231201, 295.834289551, 458.188140869, 208.198684692, 91.4969177246, 118.950408936, 138.105422974, 59.5323371887, 20.5741386414], [666.44140625, 85.4415359497, 202.972122192, 121.688613892, 179.168212891, 201.207122803, 208.198684692, 226.664123535, 117.963302612, 107.97908783, 83.4792709351, 62.3245925903, 36.5849227905], [-199.837783813, 230.465652466, 275.894195557, 131.266769409, 200.488586426, 82.0640106201, 91.4969177246, 117.963302612, 235.204681396, 80.5729598999, 80.6031112671, 45.4583854675, 65.3080749512], [813.97479248, -97.3919219971, 114.752464294, 76.686882019, 39.0422325134, 157.735290527, 118.950408936, 107.97908783, 80.5729598999, 209.541931152, 80.0244293213, 34.1253509521, 22.7912635803], [140.719268799, 189.084121704, 111.578315735, 65.830078125, 155.806533813, 113.886421204, 138.105422974, 83.4792709351, 80.6031112671, 80.0244293213, 160.830566406, 65.3770065308, 28.190656662], [205.278686523, 27.666519165, 100.84072876, 58.9364967346, 78.846534729, 67.842414856, 59.5323371887, 62.3245925903, 45.4583854675, 34.1253509521, 65.3770065308, 116.154380798, 43.2512283325], [-56.0221099854, 138.734970093, 137.350738525, 52.8463554382, 84.4194335938, 16.3881664276, 20.5741386414, 36.5849227905, 65.3080749512, 22.7912635803, 28.190656662, 43.2512283325, 101.643722534]]}, "erbbands_spread": {"dmean": 7.77208900452, "dvar2": 239.719543457, "mean": 36.6857528687, "var": 416.681518555, "dmean2": 11.8625774384, "dvar": 109.815063477, "min": 1.97441732883, "median": 34.8694496155, "max": 162.571746826}, "erbbands_kurtosis": {"dmean": 1.44215023518, "dvar2": 24.7046260834, "mean": 1.72051787376, "var": 28.4300498962, "dmean2": 2.24060845375, "dvar": 10.8750543594, "min": -1.89497506618, "median": -0.0240931510925, "max": 105.524421692}, "dynamic_complexity": 5.21075344086, "erbbands_crest": {"dmean": 2.58129477501, "dvar2": 16.8965396881, "mean": 10.3081645966, "var": 28.2901496887, "dmean2": 4.08839511871, "dvar": 7.10498332977, "min": 2.42209911346, "median": 9.04590129852, "max": 31.9685440063}, "erbbands": {"dmean": [0.20491617918, 1.90380680561, 2.70176267624, 2.04404902458, 2.53164887428, 5.18212366104, 7.4467253685, 9.45319747925, 10.282412529, 7.02125453949, 11.8618574142, 9.02868461609, 8.07725048065, 6.89720010757, 10.1243047714, 11.9877185822, 14.6962690353, 15.95429039, 13.6740064621, 9.02862930298, 6.40667247772, 3.36710476875, 2.98899078369, 4.47732305527, 5.64705371857, 3.68295836449, 4.87888097763, 4.53485822678, 2.27981138229, 2.56524658203, 2.10255026817, 2.21472764015, 1.73086154461, 0.717910706997, 0.266231834888, 0.125831261277, 0.0460069552064, 0.00652182800695, 0.000485580589157, 2.4984448828e-05], "dvar2": [2.12899494171, 239.041275024, 490.002807617, 226.449325562, 140.85736084, 385.892578125, 868.842041016, 1342.03601074, 3487.11010742, 1042.79394531, 4532.2109375, 2844.37084961, 1416.39770508, 942.658569336, 5267.99707031, 4755.83837891, 11005.1513672, 8918.35644531, 8355.94238281, 4809.31298828, 506.112976074, 218.892120361, 181.892288208, 393.481079102, 825.75793457, 572.181030273, 1700.09863281, 1248.24633789, 197.738052368, 654.656799316, 347.446746826, 314.872558594, 187.957595825, 22.2702255249, 2.45214939117, 0.589510858059, 0.0989314168692, 0.0013854712015, 7.78252615419e-06, 1.18586509501e-08], "mean": [0.49833008647, 2.80688619614, 3.51043915749, 2.70576834679, 4.03085327148, 9.57506275177, 12.7378587723, 19.856306076, 22.9594249725, 16.5466938019, 25.3964347839, 18.3521175385, 20.5861473083, 17.3693675995, 25.7871761322, 26.5565319061, 33.2376785278, 34.0854606628, 20.9976673126, 13.9629993439, 10.6518726349, 6.22548770905, 5.34034442902, 9.05361843109, 11.3416147232, 5.31464529037, 5.6379404068, 5.46806001663, 2.98414254189, 2.36916708946, 1.97082853317, 2.29017162323, 1.76164960861, 0.853713691235, 0.393720924854, 0.162839099765, 0.0543830059469, 0.00861371681094, 0.000576454389375, 5.03250921611e-05], "var": [1.04549193382, 68.1653823853, 128.166763306, 51.8125724792, 47.4742469788, 218.403366089, 531.380432129, 1831.16064453, 9524.12304688, 3677.64233398, 6655.06738281, 4175.91503906, 4345.44287109, 4380.10644531, 7267.0625, 6808.36181641, 20161.65625, 18358.5019531, 6840.40136719, 6375.86132812, 515.485229492, 317.60458374, 276.387176514, 582.867553711, 1270.39050293, 237.174789429, 504.610107422, 392.558685303, 85.1778564453, 153.601104736, 104.542396545, 104.047515869, 73.4303817749, 17.5808258057, 3.3289706707, 0.514094471931, 0.0660925582051, 0.00160740432329, 7.15619489711e-06, 7.95833887679e-09], "dmean2": [0.333082288504, 3.26386713982, 4.77459096909, 3.68837165833, 4.27855920792, 8.72248744965, 12.2943515778, 14.0128908157, 14.6851549149, 9.19537734985, 16.6187763214, 12.6544866562, 11.3095903397, 9.11975383759, 14.6176452637, 17.4098968506, 20.6115951538, 24.6997280121, 20.627904892, 13.6986227036, 10.3741817474, 5.34740447998, 4.8488907814, 6.95441532135, 8.30390930176, 6.15052652359, 8.33617782593, 7.70691823959, 3.76581048965, 4.46267700195, 3.42701816559, 3.60651397705, 2.81247520447, 1.10989177227, 0.387653440237, 0.192008733749, 0.0722508355975, 0.00955143943429, 0.000744089367799, 3.81606951123e-05], "dvar": [0.864216804504, 90.7979888916, 179.599639893, 79.1136703491, 51.2288742065, 140.834579468, 324.139862061, 636.058837891, 1991.38745117, 674.302612305, 2223.37280273, 1440.3815918, 775.671203613, 721.031555176, 2223.47900391, 2131.09985352, 5725.28125, 4020.61035156, 3657.24731445, 2441.13427734, 216.407043457, 118.157958984, 88.0698242188, 173.505783081, 394.692749023, 209.83581543, 611.50793457, 450.397674561, 76.0348587036, 232.014328003, 132.836959839, 120.837562561, 73.1812438965, 9.94311332703, 1.29800546169, 0.271457701921, 0.0425396338105, 0.000726955244318, 3.71079704564e-06, 5.29133270533e-09], "min": [8.25764007694e-23, 3.2634393099e-22, 1.54219434255e-21, 4.07142255687e-21, 1.72827094375e-20, 1.95754989991e-20, 5.00686479418e-20, 9.4264992081e-20, 7.7897969966e-20, 2.14995369367e-19, 1.88488663905e-19, 3.2842159321e-19, 4.90184956252e-19, 7.95088486328e-19, 6.97421358549e-19, 9.17755235266e-19, 1.71349843505e-18, 2.13097132033e-18, 2.25931149429e-18, 2.4007184336e-18, 3.46747329901e-18, 4.45144806463e-18, 4.45276038667e-18, 5.79294063074e-18, 5.07785333095e-18, 7.74437756899e-18, 9.17644723937e-18, 8.77466989942e-18, 8.64635185253e-18, 1.00467148628e-17, 1.10175444878e-17, 1.20528627676e-17, 9.55184827112e-18, 8.30667261553e-18, 5.95345296066e-18, 3.97154641095e-18, 2.34090851902e-18, 9.26388415922e-19, 2.4026210524e-19, 2.59585012038e-20], "median": [0.00308400462382, 0.0654144510627, 0.379191845655, 0.991258323193, 2.06663560867, 4.18223714828, 5.29083299637, 7.21515750885, 4.43428039551, 3.18131113052, 2.83006620407, 2.46467852592, 2.76474928856, 2.50550031662, 3.33009052277, 4.15966320038, 2.57791447639, 2.54371070862, 2.45420241356, 2.96375894547, 4.33192443848, 2.77101516724, 2.34178471565, 2.56629872322, 1.89906895161, 1.20647382736, 1.1674028635, 0.700547814369, 0.577090978622, 0.299520999193, 0.167398288846, 0.151370257139, 0.0957646369934, 0.0522999204695, 0.0331412516534, 0.0107564022765, 0.00323008559644, 0.000630765571259, 4.41511001554e-05, 3.10772593366e-05], "max": [13.8296804428, 105.441352844, 147.226852417, 119.862876892, 189.800170898, 223.655075073, 544.162536621, 1419.20251465, 1594.97546387, 1146.19165039, 1684.56860352, 2263.75146484, 1489.41040039, 2165.53588867, 2531.62841797, 1670.53381348, 3108.57226562, 2213.8996582, 1995.76818848, 3656.27490234, 635.705078125, 1104.84155273, 637.109313965, 556.137390137, 901.407104492, 334.493041992, 598.118530273, 393.72076416, 255.738479614, 216.43321228, 166.069396973, 169.63243103, 111.546546936, 77.1330871582, 35.9792022705, 16.2720451355, 4.79141330719, 0.825092077255, 0.0527923591435, 0.00145827257074]}, "silence_rate_30dB": {"dmean": 0.0300814136863, "dvar2": 0.0581972189248, "mean": 0.962538778782, "var": 0.0360583439469, "dmean2": 0.0601669773459, "dvar": 0.0291802491993, "min": 0, "median": 1, "max": 1}, "silence_rate_60dB": {"dmean": 0.0340830683708, "dvar2": 0.0724861621857, "mean": 0.216143503785, "var": 0.169413849711, "dmean2": 0.068170838058, "dvar": 0.0329195037484, "min": 0, "median": 0, "max": 1}, "spectral_energyband_middle_low": {"dmean": 0.00338288559578, "dvar2": 0.000123180550872, "mean": 0.00891912262887, "var": 0.000136185015435, "dmean2": 0.00532912509516, "dvar": 4.89971207571e-05, "min": 1.28858611332e-22, "median": 0.00503162899986, "max": 0.123283818364}, "spectral_spread": {"dmean": 573690.3125, "dvar2": 1478710001660.0, "mean": 4777652, "var": 15788837699600.0, "dmean2": 811416.75, "dvar": 829262266368, "min": 449959.875, "median": 4001585.25, "max": 43034044}, "barkbands": {"dmean": [0.000179364520591, 0.00798707362264, 0.00184536003508, 0.000713038723916, 0.00126579240896, 0.00108777789865, 0.000605766021181, 0.000480513903312, 0.000405448925449, 0.000246141746175, 0.000171185820363, 0.000361219281331, 0.000385649793316, 0.000320496299537, 0.000233620288782, 0.000114274931548, 7.02662509866e-05, 5.66646776861e-05, 0.000119784657727, 7.13631816325e-05, 0.000131848704768, 6.69833389111e-05, 7.51021143515e-05, 0.000109147440526, 4.61112649646e-05, 2.54748247244e-05, 2.66041661234e-06], "dvar2": [9.08655295007e-07, 0.00381029560231, 0.000234472623561, 2.15648033191e-05, 2.16681291931e-05, 1.40793645187e-05, 1.22093933896e-05, 7.13654981155e-06, 4.74740500067e-06, 1.50825076162e-06, 1.93606615539e-06, 3.93398295273e-06, 6.27373538009e-06, 4.29398050983e-06, 2.09177164834e-06, 4.96440463849e-07, 6.17507112111e-08, 6.3864860067e-08, 3.21894248145e-07, 2.1073007872e-07, 1.21097627925e-06, 2.17834326577e-07, 4.50690379239e-07, 7.85621182331e-07, 7.48461417288e-08, 2.50148222136e-08, 2.31480307145e-10], "mean": [0.000823141250294, 0.0144