{"tonal": {"chords_number_rate": 0.00587544078007, "thpcp": [1, 0.589974462986, 0.261412262917, 0.179369330406, 0.106237515807, 0.201019883156, 0.267559498549, 0.204479277134, 0.156377568841, 0.0969226881862, 0.0826318189502, 0.148423194885, 0.146760106087, 0.143209934235, 0.166402637959, 0.138052225113, 0.136463612318, 0.122137866914, 0.118526533246, 0.243621841073, 0.744763076305, 0.939184963703, 0.456312477589, 0.148104518652, 0.113448165357, 0.111615464091, 0.148353427649, 0.131589666009, 0.122807279229, 0.165009826422, 0.180339738727, 0.190583974123, 0.156930416822, 0.10125015676, 0.181921392679, 0.692697882652], "hpcp": {"dvar": [0.0154977934435, 0.0188665594906, 0.0163575019687, 0.0276345442981, 0.026872780174, 0.0375336967409, 0.0400790646672, 0.0453339703381, 0.0265369266272, 0.0247042197734, 0.0225821677595, 0.0226804316044, 0.0229471251369, 0.0186692904681, 0.020560355857, 0.0262574013323, 0.0318538509309, 0.0272501613945, 0.0168396085501, 0.0222962275147, 0.0316774509847, 0.0341608375311, 0.0328554883599, 0.0228458810598, 0.0235252007842, 0.0196532830596, 0.0135575653985, 0.0209394972771, 0.0205839276314, 0.0200522262603, 0.00869869720191, 0.00894836429507, 0.0121340593323, 0.0155535023659, 0.0208483505994, 0.0206271726638], "mean": [0.0881632491946, 0.0871487259865, 0.0779999867082, 0.0756937041879, 0.155582383275, 0.475622415543, 0.599784612656, 0.291411399841, 0.0945828706026, 0.0724505484104, 0.071280144155, 0.0947418287396, 0.0840361192822, 0.0784274861217, 0.105378977954, 0.115169003606, 0.121711209416, 0.100219286978, 0.0646606236696, 0.116179086268, 0.442372411489, 0.638622462749, 0.376770943403, 0.166943743825, 0.114549286664, 0.0678456649184, 0.128375813365, 0.170869514346, 0.130585059524, 0.0998662263155, 0.0618970058858, 0.0527705363929, 0.0947863906622, 0.0937243029475, 0.0914570838213, 0.106268458068], "min": [0.000145832105773, 7.23459597793e-05, 6.66130581521e-05, 1.96235778276e-05, 9.86815575743e-06, 6.27080080449e-05, 0.000102327911009, 9.46764848777e-05, 4.54308246844e-05, 2.89455783786e-05, 3.81382305932e-05, 2.94830661005e-05, 2.54638325714e-05, 3.18808488373e-05, 8.91074741958e-05, 7.50666295062e-05, 4.72953688586e-05, 2.83260269498e-05, 6.44799511065e-05, 6.81218807586e-05, 0.000148823339259, 0.00010335387924, 3.86742649425e-05, 3.17193516821e-05, 3.65286359738e-05, 2.48150863627e-05, 0.000124109021272, 0.000156095993589, 8.28283737064e-05, 0.000113123729534, 1.90635055333e-05, 2.46165145654e-05, 9.38200100791e-05, 5.89701994613e-05, 1.73505304701e-05, 6.72502574162e-05], "median": [0.0292059946805, 0.019127773121, 0.0163311809301, 0.015407233499, 0.0658651441336, 0.491263598204, 0.643580317497, 0.251893013716, 0.0337167717516, 0.018825026229, 0.0271779261529, 0.0604415051639, 0.0494277738035, 0.0477546416223, 0.0765120759606, 0.054980289191, 0.0231967698783, 0.0215230807662, 0.0178114790469, 0.046907056123, 0.443005114794, 0.720221698284, 0.3600512743, 0.114571154118, 0.0508840195835, 0.0280512105674, 0.111643731594, 0.150273114443, 0.0737285688519, 0.0242582038045, 0.0192842967808, 0.0242705885321, 0.0726694837213, 0.0698550119996, 0.0332391858101, 0.0370158553123], "dvar2": [0.0370528064668, 0.0477322861552, 0.0404662080109, 0.0712959840894, 0.0637216120958, 0.104751944542, 0.0921912118793, 0.122624702752, 0.0687644779682, 0.0655991211534, 0.060858592391, 0.0639930665493, 0.0657234340906, 0.0543053559959, 0.0589108280838, 0.0665881708264, 0.0745528787374, 0.0686874911189, 0.0494111068547, 0.0598922595382, 0.0791271179914, 0.0748608037829, 0.0859595164657, 0.0605042204261, 0.0633078143001, 0.0562838613987, 0.0359270609915, 0.053547360003, 0.0505035445094, 0.0464084073901, 0.0211011003703, 0.0237122308463, 0.0340442731977, 0.0436544083059, 0.0530808605254, 0.0504972115159], "var": [0.0262491963804, 0.032933767885, 0.0240953769535, 0.0249324012548, 0.04933186993, 0.0813812464476, 0.124606393278, 0.0573803260922, 0.0241648424417, 0.0220893118531, 0.0185948517174, 0.0187983606011, 0.01806063205, 0.0152419051155, 0.0169891808182, 0.031221691519, 0.051834397018, 0.0414997451007, 0.0163139756769, 0.0310348216444, 0.0784188807011, 0.128243803978, 0.0693627968431, 0.0358735471964, 0.0240031890571, 0.0154299885035, 0.0150815267116, 0.025211578235, 0.0310304109007, 0.042522739619, 0.0127400038764, 0.00809946469963, 0.0105202244595, 0.0126000223681, 0.0307828392833, 0.0388515852392], "dmean2": [0.112673044205, 0.114044353366, 0.113786280155, 0.140247866511, 0.23156093061, 0.390242040157, 0.323242843151, 0.411246329546, 0.188390001655, 0.144241318107, 0.127322763205, 0.125825867057, 0.115333899856, 0.113161191344, 0.130082890391, 0.165734305978, 0.165535971522, 0.137270763516, 0.108131818473, 0.160009354353, 0.312133491039, 0.261549055576, 0.322789102793, 0.205942898989, 0.190089717507, 0.128988787532, 0.112098067999, 0.139333516359, 0.129721105099, 0.112266197801, 0.0799855366349, 0.0769018903375, 0.0968341976404, 0.102599240839, 0.110421016812, 0.113887153566], "max": [1, 1, 1, 1, 1, 1, 1, 1, 1, 1, 1, 1, 1, 1, 1, 1, 1, 1, 1, 1, 1, 1, 1, 1, 1, 1, 1, 1, 1, 1, 0.890911877155, 1, 1, 1, 1, 1], "dmean": [0.0679432451725, 0.0667448118329, 0.0673121511936, 0.0832317769527, 0.134745419025, 0.224261343479, 0.196702003479, 0.229261785746, 0.108675345778, 0.0820379108191, 0.0716312453151, 0.0722628459334, 0.0667316913605, 0.0640723630786, 0.0742413774133, 0.0979581773281, 0.100037790835, 0.0801076218486, 0.0620271265507, 0.0970823019743, 0.185201093554, 0.160580962896, 0.198344707489, 0.119888886809, 0.107910640538, 0.0725595355034, 0.0671466067433, 0.083332285285, 0.0788940340281, 0.0660328119993, 0.0488422736526, 0.045188177377, 0.0562605075538, 0.0590133517981, 0.0658515542746, 0.0705837458372]}, "key_strength": 0.785761117935, "chords_strength": {"dvar": 4.33400127804e-05, "mean": 0.5650857687, "min": 0.289924621582, "median": 0.571347117424, "dvar2": 5.78169056098e-05, "var": 0.00379246938974, "dmean2": 0.00539436936378, "max": 0.685617506504, "dmean": 0.00474693393335}, "tuning_equal_tempered_deviation": 0.0973916724324, "chords_key": "E", "tuning_frequency": 446.91595459, "chords_scale": "major", "chords_changes_rate": 0.04582843557, "key_scale": "major", "tuning_diatonic_strength": 0.653412461281, "hpcp_entropy": {"dvar": 0.240537241101, "mean": 1.8415709734, "min": 0.0810285657644, "median": 1.76231956482, "dvar2": 0.63690418005, "var": 0.477020949125, "dmean2": 0.909177899361, "max": 4.47255706787, "dmean": 0.546294808388}, "chords_histogram": [52.2914199829, 0, 0.705052852631, 2.58519387245, 0, 0, 0, 0, 0.587544083595, 1.99764978886, 2.93772029877, 0, 0, 0, 0, 0, 0, 37.2502937317, 0, 0.822561681271, 0, 0, 0.117508813739, 0.705052852631], "tuning_nontempered_energy_ratio": 0.684621155262, "key_key": "E"}, "metadata": {"version": {"extractor": "music 1.0", "essentia_build_sha": "2d9f1f26377add8aeb1075a9c2973f962c4f09fd", "essentia": "2.1-beta2", "essentia_git_sha": "v2.1_beta2-1-ge3940c0"}, "audio_properties": {"sample_rate": 44100, "length": 39.4399986267, "lossless": true, "analysis_sample_rate": 44100, "downmix": "mix", "bit_rate": 0, "equal_loudness": 0, "md5_encoded": "d8edd85fe7c3dc603ce5c343f733ecbe", "codec": "flac", "replay_gain": -5.15250396729}, "tags": {"disctotal": ["1"], "genre": ["Indie"], "catalognumber": ["7243 8 32816 2 6"], "releasecountry": ["FR"], "musicbrainz_recordingid": ["8f1ee32a-be47-4136-b79d-31873932ccb8"], "title": ["Little Bastard Choo Choo"], "musicbrainz_releasetrackid": ["82dd4450-9cde-3bd8-a8bd-e503604285bc"], "discnumber": ["1"], "artistsort": ["Sparklehorse"], "releasetype": ["album"], "originaldate": ["1995-09-26"], "musicbrainz_artistid": ["45be8e20-3c3c-4e78-98f0-b5bdecf2f703"], "tracknumber": ["9"], "musicbrainz_albumartistid": ["45be8e20-3c3c-4e78-98f0-b5bdecf2f703"], "totaltracks": ["16"], "barcode": ["724383281626"], "tracktotal": ["16"], "originalyear": ["1995"], "date": ["1996"], "acoustid_id": ["ef48bdb3-439d-4897-b5b8-4ed8e5fc33e0"], "albumartistsort": ["Sparklehorse"], "musicbrainz_releasegroupid": ["162c5672-af77-3cbe-80cf-9b8dbf51dac4"], "media": ["CD"], "bpm": ["130"], "label": ["Capitol Records"], "albumartist": ["Sparklehorse"], "asin": ["B000002TWZ"], "script": ["Latn"], "musicbrainz_albumid": ["383317a2-bec7-324e-8abc-2beffca9412c"], "file_name": "09 - Little Bastard Choo Choo.flac", "releasestatus": ["official"], "totaldiscs": ["1"], "album": ["Vivadixiesubmarinetransmissionplot"], "artist": ["Sparklehorse"]}}, "lowlevel": {"melbands": {"dvar": [2.87377916602e-11, 3.84729403891e-09, 2.16029647504e-07, 3.67148527403e-06, 8.25676761451e-06, 1.44362536503e-06, 9.43389864005e-08, 1.5359039196e-07, 5.87413694575e-07, 1.32701552502e-06, 1.88014752212e-07, 7.86957059518e-08, 2.49275160513e-08, 2.44518050252e-09, 7.88926701745e-09, 1.00811794468e-08, 1.79023351699e-09, 2.74697620206e-09, 3.99741084678e-09, 3.0923510419e-09, 2.61977639582e-09, 4.55585391634e-09, 1.79449632931e-09, 1.72724445857e-10, 3.93308129121e-11, 2.90369013556e-11, 3.41404890469e-11, 2.00515409832e-10, 2.44167637498e-11, 9.69307360071e-12, 9.02781321921e-12, 2.52207781569e-12, 2.5345001705e-12, 3.46178120891e-12, 7.71695381208e-12, 7.17350495411e-13, 8.23931580515e-13, 1.96175988323e-13, 1.66489018345e-14, 1.38452558134e-14], "mean": [4.57448413727e-06, 7.42370548323e-06, 0.000236041218159, 0.000473565625725, 0.000718811934348, 0.000342379120411, 6.91523455316e-05, 8.1723475887e-05, 0.000133816327434, 0.000173267006176, 0.000116175920994, 0.000143253506394, 0.000124158759718, 3.44284198945e-05, 3.74633455067e-05, 2.61356635747e-05, 1.46976562974e-05, 1.33562607516e-05, 9.12255654839e-06, 1.26150052893e-05, 1.14904796646e-05, 1.42390781548e-05, 1.01845844256e-05, 5.36380002814e-06, 3.02992293655e-06, 1.908238346e-06, 1.93724827113e-06, 3.19375249092e-06, 1.2577219195e-06, 8.7446244379e-07, 6.09685855579e-07, 4.16069894982e-07, 5.31120690539e-07, 4.93972038385e-07, 4.45345449407e-07, 2.44983283437e-07, 1.95825933247e-07, 1.06686101731e-07, 4.17376391226e-08, 3.32487388732e-08], "min": [9.57275290148e-08, 4.99978547452e-08, 2.63880366447e-07, 8.51400557167e-07, 1.14711451715e-06, 3.63191560382e-07, 1.11825762872e-07, 9.68721849404e-08, 3.25622799835e-08, 3.18860230664e-07, 5.74201692416e-07, 3.43904360989e-07, 1.39222208873e-07, 2.64452125975e-07, 2.4368213758e-07, 1.21659141428e-07, 1.699263521e-07, 1.05542206086e-07, 3.77802962248e-08, 7.00261963971e-08, 5.66037918759e-08, 4.06916100815e-08, 3.21193169839e-08, 1.56964361508e-08, 7.40454142445e-09, 1.15196598927e-08, 5.2123989569e-09, 7.94646126678e-09, 3.63483709798e-09, 2.22338947253e-09, 3.18063819726e-09, 2.52094234376e-09, 1.56172230703e-09, 1.65225133575e-09, 8.09661560019e-10, 8.70945648934e-10, 7.30683458183e-10, 8.23947299278e-10, 6.56810494881e-10, 5.14270792618e-10], "median": [2.62348248725e-06, 2.9056097901e-06, 0.000245863106102, 0.000158051028848, 0.000156870548381, 0.000104783008283, 1.03950387711e-05, 1.26313152577e-05, 3.19825949191e-06, 2.36063024204e-05, 3.89907581848e-05, 2.29191646213e-05, 6.28608540865e-05, 1.60571871675e-05, 4.725719009e-06, 5.0504140745e-06, 7.12215387466e-06, 4.03838384955e-06, 2.07331208912e-06, 3.48403273165e-06, 2.40730787482e-06, 3.37296660291e-06, 2.75273964689e-06, 8.32308217014e-07, 6.0892671172e-07, 6.40831103738e-07, 5.48484536012e-07, 5.85573957324e-07, 1.24863987594e-07, 8.26562853717e-08, 8.25649806302e-08, 7.75743274062e-08, 5.98327432044e-08, 4.09331306628e-08, 2.4359710693e-08, 1.56830317621e-08, 1.08812407973e-08, 9.31501631385e-09, 6.27843510514e-09, 6.40955111209e-09], "dvar2": [6.48171794015e-11, 1.25313475152e-08, 6.94780680988e-07, 9.90395619738e-06, 2.15500294871e-05, 3.71138276023e-06, 2.61605578089e-07, 3.50986709918e-07, 1.41235489082e-06, 3.23885660691e-06, 3.14650947075e-07, 1.46729931316e-07, 5.28938599587e-08, 4.21333323786e-09, 1.58271973305e-08, 1.75442096406e-08, 5.04157515735e-09, 7.66962227061e-09, 1.1775148856e-08, 8.58798454573e-09, 7.22943083176e-09, 1.28161685709e-08, 5.05389508021e-09, 4.46484321737e-10, 1.01851770073e-10, 7.64306049006e-11, 8.60503474032e-11, 5.04048913719e-10, 6.39350863918e-11, 2.52910956067e-11, 2.52617649021e-11, 6.69929606581e-12, 6.86934233454e-12, 9.57804842383e-12, 2.22140639217e-11, 1.86727413046e-12, 2.27467480615e-12, 5.40518042651e-13, 4.43417072266e-14, 3.74453479291e-14], "var": [5.77808495494e-11, 2.40532904705e-09, 1.90206080219e-07, 4.37818562204e-06, 9.90238277154e-06, 1.3352868109e-06, 1.006784629e-07, 2.6190753033e-07, 7.65478205267e-07, 1.82078974831e-06, 3.87003069591e-07, 2.84928034944e-07, 8.39515905682e-08, 1.03702069154e-08, 2.71005049512e-08, 2.50569627269e-08, 1.37488609386e-09, 2.05571115686e-09, 2.32185204396e-09, 2.43270870115e-09, 1.89070870071e-09, 3.08157099838e-09, 1.3097064544e-09, 1.90290075364e-10, 5.63064872505e-11, 3.06583057552e-11, 3.28268384697e-11, 1.66753763575e-10, 1.99432276249e-11, 8.19016902909e-12, 6.40877975688e-12, 2.18763700731e-12, 2.50528287352e-12, 2.69774155272e-12, 4.50221717546e-12, 5.6108909836e-13, 5.37544130302e-13, 1.29625531229e-13, 1.36000135172e-14, 9.84558571823e-15], "dmean2": [3.87408135794e-06, 1.40775382533e-05, 0.000159101633471, 0.000677256321069, 0.0010388380615, 0.000510558951646, 8.701763727e-05, 0.000107882362499, 0.00017811388534, 0.000231024809182, 9.81809134828e-05, 0.000102342208265, 6.83842954459e-05, 1.99623373192e-05, 3.10389223159e-05, 2.6224008252e-05, 1.88630383491e-05, 2.0828212655e-05, 1.34256470119e-05, 2.08322617254e-05, 1.75948789547e-05, 2.45657120104e-05, 1.48398603415e-05, 7.5745660979e-06, 3.92829269913e-06, 2.52047243521e-06, 2.9003617783e-06, 5.48174239157e-06, 2.31143235396e-06, 1.55228372023e-06, 1.02429100934e-06, 6.62603667934e-07, 9.88088686427e-07, 1.03840227439e-06, 1.1512410083e-06, 5.50826825929e-07, 4.84836562009e-07, 2.54727979154e-07, 7.97539456698e-08, 6.64398882577e-08], "max": [0.000137309441925, 0.00109260773752, 0.00703894533217, 0.0296009927988, 0.0406039729714, 0.0218099076301, 0.00646665692329, 0.00908190291375, 0.0180939286947, 0.0267680045217, 0.0153449336067, 0.00800269749016, 0.00365814846009, 0.00118103204295, 0.00233028782532, 0.00321887130849, 0.000685007078573, 0.000800606096163, 0.0017781535862, 0.00115198362619, 0.00140944076702, 0.00107099767774, 0.000650182773825, 0.000247240008321, 8.77982383827e-05, 0.000124619604321, 0.000152004286065, 0.000311358104227, 7.93634026195e-05, 5.11727230332e-05, 7.10899184924e-05, 2.98815411952e-05, 2.09169520531e-05, 2.63526671915e-05, 5.95196761424e-05, 8.65439596964e-06, 8.5021574705e-06, 4.31640000897e-06, 1.40973554608e-06, 1.27930582039e-06], "dmean": [2.50354196396e-06, 7.71564191382e-06, 9.18488949537e-05, 0.000405483180657, 0.000610175542533, 0.00029967437149, 5.27864322066e-05, 6.7069348006e-05, 0.000113212838187, 0.000141996119055, 7.02279648976e-05, 7.21256437828e-05, 5.07808290422e-05, 1.39051326187e-05, 2.07155735552e-05, 1.73976204678e-05, 1.11728213597e-05, 1.21554876387e-05, 7.83858922659e-06, 1.23054678625e-05, 1.07423284135e-05, 1.4346408534e-05, 9.03669570107e-06, 4.57151418232e-06, 2.45965065915e-06, 1.53784719714e-06, 1.7919800257e-06, 3.37756705449e-06, 1.40057966291e-06, 9.2219141834e-07, 6.20627872649e-07, 4.09076562846e-07, 5.79565153203e-07, 6.03836383561e-07, 6.44013312012e-07, 3.20092595985e-07, 2.73478889312e-07, 1.44275958291e-07, 4.70353995752e-08, 3.79879239176e-08]}, "spectral_decrease": {"dvar": 1.49882231862e-17, "mean": -2.74716027704e-09, "min": -5.09168636142e-08, "median": -1.08874265159e-09, "dvar2": 3.74037308711e-17, "var": 2.86607891384e-17, "dmean2": 2.01877603523e-09, "max": -1.76226776227e-11, "dmean": 1.2516651049e-09}, "spectral_rolloff": {"dvar": 691252.375, "mean": 1592.26879883, "min": 193.798828125, "median": 1119.7265625, "dvar2": 1542023.75, "var": 1311657.125, "dmean2": 780.91619873, "max": 8441.015625, "dmean": 476.989135742}, "melbands_crest": {"dvar": 7.12860584259, "mean": 12.0491485596, "min": 2.87154316902, "median": 10.7165927887, "dvar2": 18.1064529419, "var": 24.9116306305, "dmean2": 4.4661397934, "max": 33.8507003784, "dmean": 2.74272441864}, "barkbands_skewness": {"dvar": 1.6452742815, "mean": 1.2979568243, "min": -2.56611943245, "median": 0.977195262909, "dvar2": 3.88198804855, "var": 4.35402011871, "dmean2": 1.08514797688, "max": 29.1291656494, "dmean": 0.68736153841}, "spectral_centroid": {"dvar": 132430.203125, "mean": 1245.32788086, "min": 198.909561157, "median": 1083.74707031, "dvar2": 264743.46875, "var": 434585.71875, "dmean2": 453.800476074, "max": 3689.67724609, "dmean": 296.821380615}, "spectral_energyband_middle_low": {"dvar": 0.000224013405386, "mean": 0.00787248648703, "min": 3.12653501169e-05, "median": 0.00283378339373, "dvar2": 0.000560253742151, "var": 0.000397532276111, "dmean2": 0.00702169956639, "max": 0.194862887263, "dmean": 0.00428120419383}, "erbbands_crest": {"dvar": 7.58991098404, "mean": 10.4662752151, "min": 2.89261627197, "median": 9.10764694214, "dvar2": 19.1004104614, "var": 27.5588932037, "dmean2": 4.32558631897, "max": 33.4714546204, "dmean": 2.80270862579}, "dynamic_complexity": 5.36949491501, "spectral_energyband_low": {"dvar": 2.77451277952e-07, "mean": 0.000263581372565, "min": 2.94255050903e-06, "median": 0.000278653926216, "dvar2": 8.96775418369e-07, "var": 2.09962394138e-07, "dmean2": 0.000163607735885, "max": 0.0106861153618, "dmean": 9.58351229201e-05}, "silence_rate_60dB": {"dvar": 0.0421950556338, "mean": 0.257647067308, "min": 0, "median": 0, "dvar2": 0.108802840114, "var": 0.191260784864, "dmean2": 0.0883392244577, "max": 1, "dmean": 0.0441436134279}, "erbbands_kurtosis": {"dvar": 232.287796021, "mean": 3.30219864845, "min": -1.78218972683, "median": -0.11690800637, "dvar2": 636.473083496, "var": 267.821014404, "dmean2": 6.07823991776, "max": 223.104446411, "dmean": 3.61862254143}, "spectral_complexity": {"dvar": 11.3131122589, "mean": 10.1458826065, "min": 0, "median": 9, "dvar2": 23.2499084473, "var": 55.5763092041, "dmean2": 3.6537103653, "max": 62, "dmean": 2.36315488815}, "barkbands_crest": {"dvar": 5.29890394211, "mean": 9.33793640137, "min": 2.89849495888, "median": 7.99612617493, "dvar2": 12.9426803589, "var": 20.8402576447, "dmean2": 3.86673641205, "max": 26.7302360535, "dmean": 2.39316296577}, "spectral_energy": {"dvar": 0.000229630619287, "mean": 0.0111082112417, "min": 7.55829314585e-05, "median": 0.00442916620523, "dvar2": 0.000571845914237, "var": 0.000446543446742, "dmean2": 0.00809289515018, "max": 0.197131767869, "dmean": 0.00504272570834}, "spectral_spread": {"dvar": 384614203392, "mean": 3230600.5, "min": 1246525.625, "median": 3002302.75, "dvar2": 866878160896, "var": 692660142080, "dmean2": 696690.6875, "max": 7634037, "dmean": 454296.1875}, "spectral_contrast_valleys": {"dvar": [0.0926186814904, 0.109160102904, 0.0562688782811, 0.076854929328, 0.170766979456, 0.227715522051], "mean": [-9.65458869934, -7.94474315643, -7.61860084534, -8.14331150055, -8.37371253967, -11.5205802917], "min": [-11.226726532, -10.4613609314, -9.55227947235, -9.85504245758, -10.1963596344, -13.2301721573], "median": [-9.63418865204, -8.01710891724, -7.49616098404, -8.22169589996, -8.53906440735, -11.7171707153], "dvar2": [0.247786849737, 0.263518452644, 0.128492295742, 0.148396402597, 0.31055483222, 0.434867292643], "var": [0.228783980012, 0.570249259472, 0.567442059517, 0.410983562469, 0.593648135662, 0.546583771706], "dmean2": [0.613735020161, 0.586224853992, 0.397792220116, 0.417024821043, 0.502268850803, 0.511299729347], "max": [-7.5028963089, -4.93149185181, -5.30356216431, -5.27469396591, -5.53448963165, -9.0090713501], "dmean": [0.368138164282, 0.36319604516, 0.253795921803, 0.282407939434, 0.374976754189, 0.378035962582]}, "spectral_rms": {"dvar": 1.04061234651e-06, "mean": 0.00260439841077, "min": 0.000271550088655, "median": 0.00207873457111, "dvar2": 2.4835842396e-06, "var": 4.05437549489e-06, "dmean2": 0.000806619878858, "max": 0.0138680813834, "dmean": 0.000519057095516}, "barkbands_spread": {"dvar": 32.9858779907, "mean": 17.1040782928, "min": 0.105574063957, "median": 15.2016744614, "dvar2": 75.9592056274, "var": 92.973274231, "dmean2": 7.41224908829, "max": 63.5135040283, "dmean": 4.69583749771}, "pitch_salience": {"dvar": 0.00472739664838, "mean": 0.576066911221, "min": 0.0814842134714, "median": 0.592324376106, "dvar2": 0.0118253650144, "var": 0.0117615573108, "dmean2": 0.115104340017, "max": 0.89652210474, "dmean": 0.0709501281381}, "erbbands_skewness": {"dvar": 0.738414227962, "mean": 0.396703034639, "min": -3.01351666451, "median": 0.0469956919551, "dvar2": 1.92643988132, "var": 2.29031038284, "dmean2": 0.790577590466, "max": 11.6331300735, "dmean": 0.498312562704}, "spectral_energyband_middle_high": {"dvar": 1.32485429276e-05, "mean": 0.00310403341427, "min": 2.72522065643e-05, "median": 0.0012072105892, "dvar2": 3.07942646032e-05, "var": 4.33040513599e-05, "dmean2": 0.00184698496014, "max": 0.056200325489, "dmean": 0.00127188640181}, "erbbands": {"dvar": [1.79960977675e-07, 2.57845895248e-05, 0.0293338559568, 2.46375107765, 145.857757568, 2295.05981445, 7167.75927734, 3031.00708008, 466.698028564, 733.302734375, 8123.47167969, 33730.4101563, 7373.27832031, 4892.73828125, 966.406188965, 620.30682373, 1255.01574707, 558.284851074, 1096.71154785, 1193.31396484, 1796.90319824, 3979.72631836, 763.571655273, 61.4403686523, 45.9685974121, 265.558807373, 38.8328552246, 28.7684421539, 7.27717351913, 8.96909809113, 11.6348161697, 2.18586063385, 0.238367453218, 0.02153025195, 0.00488121667877, 0.00178449496161, 7.4312039942e-05, 4.92479739478e-06, 1.79235435382e-08, 3.47201711826e-10], "mean": [0.00048376826453, 0.0026729432866, 0.0368634015322, 1.02191960812, 3.04386615753, 11.7793073654, 19.8326263428, 15.2261991501, 4.9713973999, 6.5811662674, 15.5348644257, 26.1450233459, 24.8855876923, 37.3490791321, 27.6269493103, 15.3262443542, 12.5224733353, 8.93007278442, 8.04322147369, 7.57528591156, 10.2294960022, 13.5753679276, 7.39714622498, 4.05839824677, 2.50830054283, 4.31849241257, 1.91369855404, 1.17971682549, 0.773337602615, 0.922908365726, 0.666987895966, 0.352069377899, 0.127470910549, 0.0430682785809, 0.0192193649709, 0.0105087198317, 0.0034143961966, 0.000902298488654, 7.04053236404e-05, 1.64387984114e-05], "min": [1.31243323267e-05, 3.53341529262e-05, 0.000169912105775, 0.00173714768607, 0.0052816234529, 0.0128565430641, 0.0181063376367, 0.0302463974804, 0.00821167696267, 0.00854498241097, 0.0060832654126, 0.0417890176177, 0.1282235533, 0.0768753886223, 0.0677913948894, 0.116868950427, 0.081409715116, 0.0956964492798, 0.0795475915074, 0.0392229184508, 0.0542546883225, 0.0390589348972, 0.0296225249767, 0.0108359670267, 0.0105986809358, 0.0117605542764, 0.00748692732304, 0.00598923722282, 0.00437085563317, 0.00369567750022, 0.00168467918411, 0.00151794904377, 0.00129119597841, 0.000783583847806, 0.000535116065294, 0.000286484428216, 0.000163106233231, 5.85259876971e-05, 1.29373211166e-05, 1.47815910623e-06], "median": [0.000316505378578, 0.00176565500442, 0.0297371838242, 1.13925409317, 1.84215855598, 3.38376331329, 3.51214599609, 5.13813924789, 0.878250837326, 1.46634960175, 0.455366373062, 2.67657923698, 7.67304325104, 6.75566291809, 15.3467073441, 4.80183124542, 1.88558292389, 3.86385011673, 2.50593137741, 2.25316762924, 2.30706453323, 3.53396654129, 1.9765868187, 0.846424102783, 0.818457424641, 0.931975483894, 0.215618997812, 0.151628911495, 0.131995230913, 0.0872410684824, 0.0423274487257, 0.0207464471459, 0.0125634688884, 0.00775084225461, 0.00366115244105, 0.00216908659786, 0.0010632390622, 0.000271656143013, 3.53167306457e-05, 7.80613481766e-06], "dvar2": [4.16672520487e-07, 8.05507806945e-05, 0.0954852178693, 7.80024290085, 457.765533447, 6089.48681641, 18924.2480469, 7802.64257813, 1286.42956543, 1662.5390625, 20090.2070313, 86833.28125, 11641.953125, 9144.69238281, 2204.76660156, 1223.54077148, 2506.92382813, 1474.40368652, 3107.51269531, 3433.21435547, 4904.03466797, 11112.5449219, 2155.55615234, 154.505371094, 118.627639771, 663.832580566, 96.9591827393, 79.8142776489, 19.7692489624, 24.3258037567, 33.0428619385, 5.9564447403, 0.651950478554, 0.0582708977163, 0.0133888339624, 0.00497701112181, 0.000201062328415, 1.32264667627e-05, 4.85664060079e-08, 8.74855854427e-10], "var": [3.35886539915e-07, 2.16040225496e-05, 0.0194658041, 2.26643419266, 144.533081055, 2723.90112305, 7904.85986328, 2697.12060547, 491.71282959, 1234.80688477, 10562.0732422, 42206.3046875, 16202.4501953, 17824.609375, 3053.91894531, 2775.63525391, 3072.14477539, 587.041564941, 777.155090332, 829.207702637, 1389.12646484, 2757.82470703, 587.727111816, 92.4525375366, 48.8323974609, 228.027679443, 36.0132026672, 21.0102367401, 6.40555667877, 8.04888057709, 7.1954665184, 1.49203872681, 0.16372539103, 0.0156802237034, 0.00337106641382, 0.00115169864148, 5.86040368944e-05, 3.91421008317e-06, 1.43678162701e-08, 6.38904096295e-10], "dmean2": [0.000417375180405, 0.00256943213753, 0.0399343818426, 0.538865327835, 3.4754524231, 18.5167064667, 29.4021205902, 23.3810157776, 6.23713970184, 7.8679265976, 20.4997501373, 37.0171356201, 19.6614665985, 26.0223999023, 14.4746437073, 9.75802230835, 11.6449213028, 10.2764959335, 11.9259109497, 11.330698967, 14.8570384979, 21.8189029694, 10.5236597061, 5.06498289108, 3.22244048119, 7.10939407349, 3.21563196182, 1.98598730564, 1.25164115429, 1.79875195026, 1.61735844612, 0.839559912682, 0.289200842381, 0.0851514041424, 0.0376721322536, 0.0213385075331, 0.00497767515481, 0.00134679442272, 7.73758438299e-05, 1.14681088235e-05], "max": [0.00792880356312, 0.0978267714381, 3.24688649178, 29.9522418976, 195.731185913, 704.352539063, 1271.55712891, 1109.17407227, 444.0519104, 574.491760254, 2228.28222656, 4409.03613281, 3098.95166016, 2075.5949707, 720.38848877, 638.80090332, 944.437988281, 392.069641113, 667.540161133, 757.004760742, 1030.29260254, 1049.65673828, 597.280883789, 110.176094055, 174.262039185, 339.943847656, 86.6391525269, 120.537727356, 48.0235710144, 43.2354278564, 68.8112411499, 12.8537559509, 4.39843273163, 1.47216141224, 0.702480137348, 0.467244148254, 0.0994930118322, 0.0200970489532, 0.00194369524252, 0.000219148030737], "dmean": [0.000269302312518, 0.00149348727427, 0.0226972233504, 0.318357616663, 2.02617812157, 10.7329416275, 16.8786525726, 13.7224884033, 3.76611638069, 4.85156774521, 12.5498228073, 22.8654975891, 14.4959554672, 18.4446983337, 10.647644043, 6.74231672287, 7.65103387833, 6.23165607452, 6.95216417313, 6.65738630295, 9.11567592621, 12.9393510818, 6.26329517365, 3.18361067772, 2.00549459457, 4.39071273804, 1.99424886703, 1.19880700111, 0.764472782612, 1.04359054565, 0.918395161629, 0.478877753019, 0.16587869823, 0.0493154376745, 0.0217814724892, 0.0120363719761, 0.00296655506827, 0.000803570146672, 4.55743720522e-05, 7.04382637196e-06]}, "dissonance": {"dvar": 0.000878399412613, "mean": 0.457471698523, "min": 0.161558762193, "median": 0.464379668236, "dvar2": 0.00253197434358, "var": 0.00130276568234, "dmean2": 0.0356358513236, "max": 0.499999910593, "dmean": 0.021225579083}, "erbbands_flatness_db": {"dvar": 0.000653849507216, "mean": 0.201783835888, "min": 0.0857534781098, "median": 0.197834908962, "dvar2": 0.00141255324706, "var": 0.00293602910824, "dmean2": 0.0287944320589, "max": 0.488018214703, "dmean": 0.0196115951985}, "melbands_kurtosis": {"dvar": 839.588012695, "mean": 12.8424310684, "min": -1.75069928169, "median": 2.62094521523, "dvar2": 2296.13500977, "var": 1705.58642578, "dmean2": 14.452372551, "max": 416.821807861, "dmean": 8.64049339294}, "melbands_spread": {"dvar": 126.216796875, "mean": 24.9056415558, "min": 0.275951564312, "median": 20.1179351807, "dvar2": 293.228240967, "var": 321.750823975, "dmean2": 13.1896152496, "max": 141.339263916, "dmean": 8.22303295135}, "melbands_skewness": {"dvar": 1.17507064342, "mean": 1.93756377697, "min": -1.03854501247, "median": 1.60549712181, "dvar2": 2.94025969505, "var": 3.64412736893, "dmean2": 1.10816907883, "max": 17.1521663666, "dmean": 0.696504831314}, "spectral_entropy": {"dvar": 0.0842178016901, "mean": 7.24689531326, "min": 4.04056167603, "median": 7.2739906311, "dvar2": 0.181559816003, "var": 0.355460643768, "dmean2": 0.33747819066, "max": 8.36648654938, "dmean": 0.233010187745}, "zerocrossingrate": {"dvar": 0.000131308144773, "mean": 0.055588234216, "min": 0.0087890625, "median": 0.049560546875, "dvar2": 0.000174451663042, "var": 0.000826788134873, "dmean2": 0.0117012085393, "max": 0.19921875, "dmean": 0.0100061735138}, "average_loudness": 0.142415747046, "spectral_contrast_coeffs": {"dvar": [0.00196628388949, 0.00237205158919, 0.00106114533264, 0.000522005080711, 0.000335981836542, 0.000322945648804], "mean": [-0.504239082336, -0.683293759823, -0.766015648842, -0.806277871132, -0.791165649891, -0.768581569195], "min": [-0.92166686058, -0.906966030598, -0.912265300751, -0.931107401848, -0.880284130573, -0.86262524128], "median": [-0.482992380857, -0.688974618912, -0.768117249012, -0.811731696129, -0.794497668743, -0.776111721992], "dvar2": [0.00475663878024, 0.00645673274994, 0.00228528934531, 0.00137783389073, 0.000842024863232, 0.000628173002042], "var": [0.0102970339358, 0.00734387105331, 0.00432326551527, 0.00150001398288, 0.00104226439726, 0.00126241554972], "dmean2": [0.0783660039306, 0.0999978929758, 0.0483053401113, 0.0420455783606, 0.0343355536461, 0.0269026085734], "max": [-0.163373142481, -0.341351568699, -0.31942781806, -0.624695777893, -0.639610350132, -0.573509156704], "dmean": [0.0479423552752, 0.0583163350821, 0.0311247184873, 0.0256063826382, 0.0212265457958, 0.0192490033805]}, "barkbands_flatness_db": {"dvar": 0.000768785073888, "mean": 0.149902328849, "min": 0.0283476877958, "median": 0.146377280354, "dvar2": 0.00164450937882, "var": 0.00466599594802, "dmean2": 0.0359043963253, "max": 0.483478575945, "dmean": 0.0240076966584}, "silence_rate_30dB": {"dvar": 0.00932862237096, "mean": 0.989411771297, "min": 0, "median": 1, "dvar2": 0.0232015922666, "var": 0.0104764802381, "dmean2": 0.0188457015902, "max": 1, "dmean": 0.00941730383784}, "spectral_energyband_high": {"dvar": 1.85171330713e-07, "mean": 0.000152159031131, "min": 9.72654561338e-07, "median": 2.00991071324e-05, "dvar2": 4.74812537732e-07, "var": 1.71112191083e-07, "dmean2": 0.000259759341134, "max": 0.00548031367362, "dmean": 0.000157593371114}, "melbands_flatness_db": {"dvar": 0.00119398720562, "mean": 0.208466917276, "min": 0.0171946045011, "median": 0.210943892598, "dvar2": 0.00240907771513, "var": 0.0070024007, "dmean2": 0.0459552258253, "max": 0.578268826008, "dmean": 0.0319825708866}, "barkbands": {"dvar": [7.85881137944e-09, 9.31872426446e-11, 5.62085240574e-08, 9.52989182679e-07, 0.00012851622887, 5.33163947694e-05, 1.76929734153e-06, 1.2106169379e-05, 4.08515625168e-05, 2.30359864872e-06, 1.77349261321e-06, 4.45700521823e-07, 6.05741831805e-07, 2.48963715421e-07, 5.38392328053e-07, 6.77958553297e-07, 1.01579439615e-06, 1.59247434794e-07, 1.51163845885e-08, 8.35183229242e-08, 1.66549742886e-08, 5.69025004893e-09, 1.21962937527e-08, 2.53174747833e-09, 1.31403110615e-10, 4.13692448353e-11, 9.6452988825e-13], "mean": [2.59667976934e-05, 1.06509614852e-05, 2.50703578786e-05, 0.00063585821772, 0.0028914429713, 0.00204687262885, 0.00027615117142, 0.000590596871916, 0.00119028845802, 0.000779238471296, 0.000940100522712, 0.000397737894673, 0.000225563489948, 0.000162298078067, 0.000126371945953, 0.000188825099031, 0.000247728166869, 0.000112662601168, 5.19114364579e-05, 8.22860529297e-05, 3.26660483552e-05, 2.62790654233e-05, 2.40224289882e-05, 1.19259802887e-05, 3.15866236633e-06, 2.05309311241e-06, 4.83859821543e-07], "min": [1.56057533562e-09, 1.71024055362e-07, 1.71213088151e-08, 5.44687850379e-07, 3.39120606441e-06, 1.78501181836e-06, 2.36481866978e-07, 2.64533525751e-07, 3.0145411074e-06, 2.50701236837e-06, 6.23503353836e-07, 1.95755114873e-06, 1.37133997669e-06, 1.56471924129e-06, 7.51580955693e-07, 9.54960228228e-07, 6.93299625709e-07, 3.86036759892e-07, 2.30865978779e-07, 2.27402168207e-07, 1.26076528773e-07, 1.13033934213e-07, 7.22305699696e-08, 7.4946918005e-08, 7.40547747569e-08, 7.82816016454e-08, 9.11665267722e-08], "median": [1.9775511646e-06, 6.42775739834e-06, 8.67664130055e-06, 0.000735398556571, 0.000706241640728, 0.000512559199706, 6.17248006165e-05, 2.35933621298e-05, 0.000213444043766, 0.000145411730045, 0.000389843888115, 0.000118087540613, 3.86424762837e-05, 6.40465295874e-05, 3.71456953872e-05, 4.79565642308e-05, 6.77136558807e-05, 1.57340800797e-05, 1.62484284374e-05, 1.52794564201e-05, 3.71778878616e-06, 3.85658950108e-06, 1.66786139744e-06, 8.54794848237e-07, 5.87074111991e-07, 5.42655129721e-07, 2.34339182725e-07], "dvar2": [1.57140647161e-08, 2.13386863734e-10, 1.82760572898e-07, 2.90731759378e-06, 0.000335932098096, 0.000138883828185, 5.05824709762e-06, 3.01730815409e-05, 9.00907543837e-05, 4.13644647779e-06, 3.27531370203e-06, 8.06910122719e-07, 1.14974238841e-06, 6.88456907483e-07, 1.57659155775e-06, 1.86708246019e-06, 2.83063104689e-06, 4.54046045206e-07, 3.90702723507e-08, 2.07114382533e-07, 4.43945253892e-08, 1.52547361409e-08, 3.44972228561e-08, 6.92120050161e-09, 3.59253016224e-10, 1.1410107581e-10, 2.612743355e-12], "var": [1.73567382689e-08, 1.52332840786e-10, 3.48343291989e-08, 7.85997656294e-07, 0.000172980639036, 5.12554397574e-05, 1.71223393863e-06, 1.72085437953e-05, 6.87003412168e-05, 6.91789091434e-06, 6.8358954195e-06, 2.20707784138e-06, 1.44702551097e-06, 2.04680446814e-07, 3.22567984767e-07, 5.22596110386e-07, 7.17268164863e-07, 1.31841090933e-07, 1.82530683901e-08, 7.47515329635e-08, 1.34864990287e-08, 5.77126479939e-09, 7.90249199412e-09, 1.70614189443e-09, 9.15541809032e-11, 2.90645910117e-11, 7.43273986196e-13], "dmean2": [2.7789892556e-05, 9.31706836127e-06, 5.18474989804e-05, 0.000342202372849, 0.00434381095693, 0.00301577989012, 0.000382655358408, 0.000825329800136, 0.00138889509253, 0.000603775202762, 0.000562339904718, 0.000244135109824, 0.000236737061641, 0.000229568671784, 0.000187868587091, 0.000287940201815, 0.000389501539757, 0.000164347598911, 6.64913532091e-05, 0.000136511283927, 5.7016586652e-05, 4.33596906078e-05, 5.63777794014e-05, 2.83033605228e-05, 6.2497788349e-06, 3.48717071574e-06, 5.82990082876e-07], "max": [0.00247338134795, 0.000205948657822, 0.00426822714508, 0.0146215399727, 0.166247695684, 0.0986590459943, 0.0277779400349, 0.0759253203869, 0.142924159765, 0.0323776453733, 0.0312520861626, 0.0175803899765, 0.0233306158334, 0.00765014626086, 0.0197870470583, 0.0169917568564, 0.0167275629938, 0.00969827920198, 0.00249134167098, 0.0053969505243, 0.00232623587362, 0.00126925378572, 0.00211254414171, 0.000436479778728, 0.000116366711154, 6.80845332681e-05, 1.20216436699e-05], "dmean": [1.91820199689e-05, 5.7657744037e-06, 2.86279991997e-05, 0.000198439141968, 0.00252675684169, 0.00177217414603, 0.000232831735048, 0.000485228985781, 0.00085739052156, 0.000429075764259, 0.000407108978834, 0.000168947139173, 0.000153213346493, 0.000135265145218, 0.00010943137022, 0.000172038402525, 0.000231323327171, 9.95994414552e-05, 4.09449785366e-05, 8.4856095782e-05, 3.42952735082e-05, 2.6253197575e-05, 3.20731014654e-05, 1.60940653586e-05, 3.61750198863e-06, 2.01531838684e-06, 3.41815535876e-07]}, "erbbands_spread": {"dvar": 64.390083313, "mean": 26.4821205139, "min": 0.513770163059, "median": 25.9224033356, "dvar2": 162.4012146, "var": 138.19883728, "dmean2": 10.1958255768, "max": 121.173362732, "dmean": 6.50859498978}, "barkbands_kurtosis": {"dvar": 2607.87084961, "mean": 9.64944934845, "min": -1.6870456934, "median": 0.571733474731, "dvar2": 6389.98632813, "var": 3040.67285156, "dmean2": 14.9821205139, "max": 1123.35583496, "dmean": 8.92184829712}, "spectral_flux": {"dvar": 0.00102867546957, "mean": 0.0475106015801, "min": 0.00442269537598, "median": 0.0306814480573, "dvar2": 0.00296029401943, "var": 0.00291397771798, "dmean2": 0.0281632971019, "max": 0.376145273447, "dmean": 0.0169742200524}, "silence_rate_20dB": {"dvar": 0, "mean": 1, "min": 1, "median": 1, "dvar2": 0, "var": 0, "dmean2": 0, "max": 1, "dmean": 0}, "gfcc": {"cov": [[3136.95117188, -310.030426025, -603.778137207, -57.5412559509, -451.060241699, 60.0393676758, -81.4921951294, -26.6123867035, -77.4802246094, -180.70904541, -125.63584137, -3.72728276253, -30.16746521], [-310.030426025, 1178.42834473, 199.746780396, -378.58682251, 154.353363037, -184.609512329, 32.7076911926, -184.715087891, -202.911773682, -136.542449951, -7.64778852463, -46.8644371033, 69.5639190674], [-603.778137207, 199.746780396, 423.742523193, 69.7642974854, 13.3035802841, -52.7573928833, -62.9499435425, -78.8938217163, -33.0594062805, -17.7179412842, 53.9357528687, -9.75274658203, 24.4825439453], [-57.5412559509, -378.58682251, 69.7642974854, 384.791748047, 42.283531189, 57.8742179871, -47.0085945129, -22.3144321442, -10.5028018951, 14.2551651001, -9.09384822845, 26.2529888153, -14.2617225647], [-451.060241699, 154.353363037, 13.3035802841, 42.283531189, 235.082626343, -1.13655984402, 34.0997772217, -21.8009490967, -70.6188812256, -17.060174942, -28.0520267487, 10.5268421173, 18.1182193756], [60.0393676758, -184.609512329, -52.7573928833, 57.8742179871, -1.13655984402, 143.668304443, 50.4651069641, 34.4011650085, -6.09150886536, -15.4810934067, -24.5490207672, -17.6413440704, -31.1322040558], [-81.4921951294, 32.7076911926, -62.9499435425, -47.0085945129, 34.0997772217, 50.4651069641, 117.57244873, 52.4770736694, -5.94744443893, -11.1488008499, -46.4658927917, -35.8453102112, -12.8244972229], [-26.6123867035, -184.715087891, -78.8938217163, -22.3144321442, -21.8009490967, 34.4011650085, 52.4770736694, 148.779571533, 109.798835754, 51.3111114502, -2.56176424026, -5.62514352798, -29.1411151886], [-77.4802246094, -202.911773682, -33.0594062805, -10.5028018951, -70.6188812256, -6.09150886536, -5.94744443893, 109.798835754, 197.514251709, 127.63609314, 55.9675636292, 10.9773874283, -25.9929580688], [-180.70904541, -136.542449951, -17.7179412842, 14.2551651001, -17.060174942, -15.4810934067, -11.1488008499, 51.3111114502, 127.63609314, 170.644775391, 87.9625244141, 18.3902645111, -10.4794874191], [-125.63584137, -7.64778852463, 53.9357528687, -9.09384822845, -28.0520267487, -24.5490207672, -46.4658927917, -2.56176424026, 55.9675636292, 87.9625244141, 117.143890381, 44.4327926636, 2.60724854469], [-3.72728276253, -46.8644371033, -9.75274658203, 26.2529888153, 10.5268421173, -17.6413440704, -35.8453102112, -5.62514352798, 10.9773874283, 18.3902645111, 44.4327926636, 74.838142395, 23.618768692], [-30.16746521, 69.5639190674, 24.4825439453, -14.2617225647, 18.1182193756, -31.1322040558, -12.8244972229, -29.1411151886, -25.9929580688, -10.4794874191, 2.60724854469, 23.618768692, 62.6982307434]], "mean": [-95.4080581665, 92.3802490234, -142.300186157, 2.2902982235, -56.0228843689, -10.8173065186, -43.4936714172, -13.6253213882, -39.8197669983, -16.0645904541, -21.6481208801, 5.6161775589, -5.21865797043], "icov": [[0.00125953659881, -0.000930285488721, 0.00241283862852, -0.00119441607967, 0.00316834752448, -0.000706271035597, 0.00203016074374, -0.000874869525433, 0.000989345484413, 0.000485647382447, 0.000669940200169, -4.24531608587e-05, -0.000353848212399], [-0.000930285488721, 0.00528730032966, -0.00311260507442, 0.00485313823447, -0.00536051485687, 0.0046304394491, -0.00500701460987, 0.00517098372802, -0.000819779001176, 0.00280043436214, -0.00366828055121, 0.00241152034141, 0.000605265784543], [0.00241283862852, -0.00311260507442, 0.00899766944349, -0.00494170142338, 0.00614447612315, -0.00124129233882, 0.00497599923983, -0.00203150883317, 0.000380938668968, 0.0037435980048, -0.00352635025047, 0.00421524280682, -0.00299909128807], [-0.00119441607967, 0.00485313823447, -0.00494170142338, 0.00891932845116, -0.0060625881888, 0.0013018399477, -0.00193942745682, 0.0049324943684, 4.01508841605e-05, -0.00130523683038, 0.00172738707624, -0.00174785766285, 0.00267850002274], [0.00316834752448, -0.00536051485687, 0.00614447612315, -0.0060625881888, 0.0160424839705, -0.00356492376886, 0