{"metadata": {"audio_properties": {"downmix": "mix", "bit_rate": 320045, "lossless": false, "md5_encoded": "71db3d1a918c86dd68b4ef5147d55c31", "analysis_sample_rate": 44100, "sample_rate": 44100, "replay_gain": -16.7934455872, "equal_loudness": 0, "codec": "mp3", "length": 187.24571228}, "tags": {"musicbrainz_albumid": ["f86d3a7f-4fc2-423c-b217-56fed81a7138"], "musicbrainz_recordingid": ["e2705b29-4fc0-4846-9fb0-5152c024677c"], "tracknumber": ["2/3"], "artist": ["The Kills"], "acoustid_id": ["1c045a09-bcb7-41fa-83b6-1137c4961745"], "album": ["Last Day of Magic"], "musicbrainz album type": ["single"], "originaldate": ["2008"], "albumartist": ["The Kills"], "media": ["Digital Media"], "musicbrainz_albumartistid": ["2c629b8c-d751-4131-b785-5690bb5e0fd7"], "file_name": "02 Superpowerless.mp3", "musicbrainz album release country": ["GB"], "catalognumber": ["RUG291D"], "musicbrainz_artistid": ["2c629b8c-d751-4131-b785-5690bb5e0fd7"], "albumartistsort": ["Kills, The"], "script": ["Latn"], "label": ["Domino"], "musicbrainz album status": ["official"], "date": ["2008"], "title": ["Superpowerless"], "discnumber": ["1/1"], "artistsort": ["Kills, The"], "genre": ["Rock"]}, "version": {"essentia_build_sha": "2d9f1f26377add8aeb1075a9c2973f962c4f09fd", "essentia_git_sha": "v2.1_beta2-1-ge3940c0", "extractor": "music 1.0", "essentia": "2.1-beta2"}}, "tonal": {"chords_scale": "major", "hpcp": {"dmean": [0.177416518331, 0.179999485612, 0.152234435081, 0.126717433333, 0.113831937313, 0.109112590551, 0.114391431212, 0.117147997022, 0.125624030828, 0.137273535132, 0.139266520739, 0.120867274702, 0.103995203972, 0.0801708623767, 0.0661363527179, 0.067440032959, 0.0727684423327, 0.0770424604416, 0.0789624154568, 0.0930876880884, 0.115942031145, 0.141928553581, 0.17626594007, 0.21555224061, 0.204382717609, 0.164660587907, 0.127912819386, 0.0941726639867, 0.0840432792902, 0.0970141664147, 0.109706960618, 0.111345238984, 0.103554345667, 0.108397752047, 0.129132151604, 0.159593313932], "dvar2": [0.140814125538, 0.143973633647, 0.129515632987, 0.118664056063, 0.112226210535, 0.110414735973, 0.110254324973, 0.0991713628173, 0.0980548933148, 0.118077084422, 0.105090908706, 0.0965774208307, 0.0918812230229, 0.0662888735533, 0.0557523332536, 0.0562705621123, 0.0627606287599, 0.0675024241209, 0.0625231638551, 0.0872550681233, 0.113202311099, 0.125391185284, 0.147531121969, 0.1869340837, 0.185410737991, 0.141634643078, 0.122518859804, 0.101806886494, 0.083431199193, 0.0879302322865, 0.095258384943, 0.0930305272341, 0.0869457051158, 0.106676243246, 0.122422397137, 0.139372393489], "mean": [0.280733197927, 0.263281553984, 0.157355859876, 0.111519552767, 0.0938377678394, 0.0887945443392, 0.103018507361, 0.110382422805, 0.145285561681, 0.217908978462, 0.204001352191, 0.135950431228, 0.107323378325, 0.0777444094419, 0.0568909719586, 0.060855768621, 0.0697044506669, 0.072999984026, 0.0770938619971, 0.0927835404873, 0.110903859138, 0.149141907692, 0.192693337798, 0.246568620205, 0.307965010405, 0.246329128742, 0.122356019914, 0.0702026486397, 0.0640771090984, 0.0865178853273, 0.118753060699, 0.123141154647, 0.0984347686172, 0.0855837911367, 0.105830952525, 0.176553606987], "var": [0.11936878413, 0.107581846416, 0.0546276569366, 0.0396174788475, 0.0336554534733, 0.0303096305579, 0.0334258116782, 0.0340325124562, 0.0475583262742, 0.097694426775, 0.0792416855693, 0.0473773218691, 0.0387021005154, 0.0214986614883, 0.0142022501677, 0.0158095210791, 0.0217682030052, 0.0228700526059, 0.0235409494489, 0.0379305109382, 0.0450446382165, 0.0526624172926, 0.0735388696194, 0.0869388058782, 0.136363580823, 0.110011123121, 0.0438082329929, 0.0255609117448, 0.0211107823998, 0.027748670429, 0.0416828840971, 0.044271722436, 0.0333149172366, 0.0294951237738, 0.0378367863595, 0.0648758485913], "dmean2": [0.3038867414, 0.309858679771, 0.266629070044, 0.225744873285, 0.205396264791, 0.197390660644, 0.204206958413, 0.206291079521, 0.221748501062, 0.238876506686, 0.237107649446, 0.21214582026, 0.184788838029, 0.143276169896, 0.118987999856, 0.119985669851, 0.128756657243, 0.135785162449, 0.137401476502, 0.165147453547, 0.204827710986, 0.247247084975, 0.307853192091, 0.382149785757, 0.363207131624, 0.288213580847, 0.22922873497, 0.171461835504, 0.152068763971, 0.174320921302, 0.190983176231, 0.191863581538, 0.181737855077, 0.196465596557, 0.233482301235, 0.279511123896], "dvar": [0.0573928654194, 0.0569755919278, 0.0483614802361, 0.0442009046674, 0.0411948934197, 0.0394859761, 0.0394792892039, 0.0362012200058, 0.0354721173644, 0.0448017306626, 0.0413875393569, 0.0359652787447, 0.0335424616933, 0.0240035001189, 0.0194313824177, 0.0200761761516, 0.0231388080865, 0.0249170456082, 0.0230255275965, 0.0324047394097, 0.0423176661134, 0.0471199974418, 0.0567035935819, 0.0668794512749, 0.0697609335184, 0.0536717288196, 0.0434154495597, 0.036113075912, 0.0299769714475, 0.0320414230227, 0.035936832428, 0.0355648435652, 0.0323833562434, 0.0379138328135, 0.0445578470826, 0.0522087179124], "min": [0, 0, 0, 0, 0, 0, 0, 0, 0, 0, 0, 0, 0, 0, 0, 0, 0, 0, 0, 0, 0, 0, 0, 0, 0, 0, 0, 0, 0, 0, 0, 0, 0, 0, 0, 0], "median": [0.0993207097054, 0.0977068468928, 0.0534271113575, 0.0277383215725, 0.0222929324955, 0.0228457022458, 0.0309704598039, 0.0364709384739, 0.0478118546307, 0.0647589340806, 0.0667045861483, 0.0407059825957, 0.0284955780953, 0.0237692482769, 0.0176275521517, 0.0170279722661, 0.0189662948251, 0.0218045096844, 0.0226442981511, 0.0201517231762, 0.0253181084991, 0.0460956208408, 0.0673348158598, 0.113580442965, 0.104687042534, 0.0596797801554, 0.028095215559, 0.0133124571294, 0.0138063859195, 0.0224149934947, 0.0367726460099, 0.0334953181446, 0.0234603658319, 0.0199199188501, 0.025327751413, 0.0560169629753], "max": [1, 1, 1, 1, 1, 1, 1, 1, 1, 1, 1, 1, 1, 1, 1, 1, 1, 1, 1, 1, 1, 1, 1, 1, 1, 1, 1, 1, 1, 1, 1, 1, 1, 1, 1, 1]}, "tuning_equal_tempered_deviation": 0.224055469036, "chords_key": "F", "chords_strength": {"dmean": 0.0113938599825, "dvar2": 0.00111182313412, "mean": 0.572705686092, "var": 0.0475692525506, "dmean2": 0.0133631657809, "dvar": 0.000552870566025, "min": -1, "median": 0.599312722683, "max": 0.81956744194}, "tuning_diatonic_strength": 0.710951268673, "thpcp": [1, 0.799860775471, 0.397304952145, 0.227956578135, 0.20806619525, 0.280934125185, 0.385605692863, 0.399854362011, 0.319629728794, 0.277901023626, 0.343646019697, 0.573291122913, 0.911574959755, 0.854907333851, 0.510953724384, 0.362117618322, 0.304702699184, 0.288326740265, 0.334513664246, 0.358425199986, 0.471759974957, 0.707577049732, 0.662417292595, 0.441447645426, 0.348492115736, 0.252445578575, 0.184731930494, 0.197606116533, 0.226338863373, 0.237039864063, 0.250333189964, 0.301279485226, 0.36011838913, 0.484281986952, 0.625698804855, 0.800638437271], "chords_histogram": [25.9360275269, 7.53781318665, 1.01661288738, 0.818249464035, 0.34713613987, 0.471113324165, 0, 6.76915454865, 0.0495908744633, 1.58690798283, 2.47954368591, 0.0991817489266, 0.743863105774, 0, 1.51252174377, 0.247954383492, 4.19042873383, 1.83486235142, 0.892635762691, 1.71088516712, 0.371931552887, 0.247954383492, 2.75229358673, 38.3833389282], "tuning_nontempered_energy_ratio": 0.882150113583, "tuning_frequency": 438.224517822, "key_strength": 0.778448879719, "chords_changes_rate": 0.0813290327787, "key_scale": "minor", "hpcp_entropy": {"dmean": 0.688634991646, "dvar2": 0.892418920994, "mean": 2.17232775688, "var": 0.849255144596, "dmean2": 1.14128196239, "dvar": 0.350348502398, "min": 0, "median": 2.19588661194, "max": 4.47541713715}, "key_key": "A", "chords_number_rate": 0.00297545245849}, "lowlevel": {"melbands_skewness": {"dmean": 1.58816230297, "dvar2": 132.610992432, "mean": 4.1516289711, "var": 155.906112671, "dmean2": 2.42056465149, "dvar": 61.7623023987, "min": -1.67372739315, "median": 2.51104092598, "max": 301.74206543}, "melbands_kurtosis": {"dmean": 227.987686157, "dvar2": 25053504, "mean": 243.355072021, "var": 10687094, "dmean2": 374.361480713, "dvar": 9906174, "min": -1.95659303665, "median": 8.36724948883, "max": 114327.265625}, "barkbands_kurtosis": {"dmean": 54.7700309753, "dvar2": 933019.4375, "mean": 62.2679214478, "var": 459766.40625, "dmean2": 88.996673584, "dvar": 381810.28125, "min": -1.97247803211, "median": 1.81656730175, "max": 17044.2050781}, "hfc": {"dmean": 9.59775352478, "dvar2": 1357.78649902, "mean": 25.296037674, "var": 823.527770996, "dmean2": 14.5093774796, "dvar": 534.434448242, "min": 1.05947953069e-16, "median": 18.4153842926, "max": 454.065551758}, "silence_rate_20dB": {"dmean": 0, "dvar2": 0, "mean": 1, "var": 0, "dmean2": 0, "dvar": 0, "min": 1, "median": 1, "max": 1}, "erbbands_flatness_db": {"dmean": 0.0220294166356, "dvar2": 0.000966703577433, "mean": 0.155166134238, "var": 0.00399866420776, "dmean2": 0.029484314844, "dvar": 0.000581803091336, "min": 0.0249933227897, "median": 0.147541940212, "max": 0.475920647383}, "spectral_flux": {"dmean": 0.0266437679529, "dvar2": 0.00191062281374, "mean": 0.0887447223067, "var": 0.00290669710375, "dmean2": 0.040059119463, "dvar": 0.00104008230846, "min": 6.43951350576e-11, "median": 0.08630990237, "max": 0.321224629879}, "spectral_energyband_low": {"dmean": 0.00593003910035, "dvar2": 0.000216921427636, "mean": 0.0115960761905, "var": 0.000123909529066, "dmean2": 0.0100704561919, "dvar": 7.93680155766e-05, "min": 1.46147195423e-23, "median": 0.00888427440077, "max": 0.0993410348892}, "spectral_rolloff": {"dmean": 690.26550293, "dvar2": 5726214.5, "mean": 1843.37573242, "var": 7867715, "dmean2": 1169.96838379, "dvar": 2507244.5, "min": 21.533203125, "median": 947.4609375, "max": 19358.3496094}, "spectral_entropy": {"dmean": 0.232637420297, "dvar2": 0.157301902771, "mean": 7.52857732773, "var": 0.673023104668, "dmean2": 0.310521006584, "dvar": 0.0931616052985, "min": 3.2536175251, "median": 7.66928339005, "max": 9.82663345337}, "spectral_energy": {"dmean": 0.00962568260729, "dvar2": 0.000521135341842, "mean": 0.0303154084831, "var": 0.000373721180949, "dmean2": 0.0157582052052, "dvar": 0.000203292293008, "min": 9.79869267901e-21, "median": 0.0296814795583, "max": 0.126312613487}, "spectral_centroid": {"dmean": 306.069946289, "dvar2": 350669.375, "mean": 1425.10302734, "var": 1675618, "dmean2": 467.589263916, "dvar": 175596.796875, "min": 57.6559486389, "median": 1235.82287598, "max": 11695.2626953}, "barkbands_flatness_db": {"dmean": 0.031451318413, "dvar2": 0.00269183097407, "mean": 0.161292165518, "var": 0.0123130055144, "dmean2": 0.0434780493379, "dvar": 0.00152657891158, "min": 0.0262009873986, "median": 0.126012966037, "max": 0.792245090008}, "spectral_rms": {"dmean": 0.000786918273661, "dvar2": 2.48206015385e-06, "mean": 0.00503535894677, "var": 4.22115908805e-06, "dmean2": 0.00124598643743, "dvar": 1.04689627278e-06, "min": 3.09187658115e-12, "median": 0.00538122141734, "max": 0.0111009823158}, "melbands": {"dmean": [0.000811169506051, 0.00127355812583, 0.0011604182655, 0.000609021575656, 0.000310323870508, 0.000204799129278, 0.00018802357954, 0.000125570542878, 0.000115423055831, 0.000155941801495, 9.57723023021e-05, 7.15397109161e-05, 5.13883023814e-05, 3.41145932907e-05, 3.74611918232e-05, 2.81117499981e-05, 2.05872238439e-05, 3.38386998919e-05, 3.82527905458e-05, 2.76329683402e-05, 2.78038660326e-05, 1.36756525535e-05, 9.09078335098e-06, 8.36415347294e-06, 8.46482362249e-06, 6.53266170048e-06, 5.72074395677e-06, 6.21425124336e-06, 3.83545375371e-06, 3.02942248709e-06, 4.2001993279e-06, 3.4104241422e-06, 2.38116308537e-06, 2.25350208893e-06, 2.28476505981e-06, 2.64747245637e-06, 3.25928294842e-06, 2.77712979369e-06, 2.53379698734e-06, 1.61770776685e-06], "dvar2": [4.45634714197e-06, 1.0964799003e-05, 1.58986658789e-05, 2.63832089331e-06, 7.50467961552e-07, 4.41149808239e-07, 3.6193972619e-07, 1.86296730931e-07, 1.36913470783e-07, 2.7567602956e-07, 1.1601933636e-07, 7.26194784306e-08, 4.49711770045e-08, 1.4202515608e-08, 1.52816710397e-08, 1.09440776441e-08, 4.71287631143e-09, 1.63940221398e-08, 2.45900366735e-08, 6.96877133777e-09, 8.59676418941e-09, 1.39120781562e-09, 8.89920637182e-10, 9.42124156467e-10, 7.57696794196e-10, 3.37439465259e-10, 2.56788840192e-10, 3.35681954455e-10, 1.47253473304e-10, 1.7703426225e-10, 2.66284577721e-10, 1.49972687047e-10, 8.05748037735e-11, 1.14626565184e-10, 9.67928168172e-11, 1.47351991719e-10, 3.37050665156e-10, 2.5147214866e-10, 3.1551000701e-10, 1.1369776648e-10], "mean": [0.00124996516388, 0.00243577151559, 0.00159227661788, 0.00104903616011, 0.000524372095242, 0.000291315460345, 0.000261264765868, 0.000175833105459, 0.000174559390871, 0.000263681140495, 0.000164947996382, 0.000125465652673, 8.34981256048e-05, 5.88775110373e-05, 6.12742369412e-05, 4.16164184571e-05, 3.14289463859e-05, 5.64394213143e-05, 6.50041401968e-05, 5.01922804688e-05, 5.24924653291e-05, 2.36844553001e-05, 1.63315999089e-05, 1.49455236169e-05, 1.54234548972e-05, 1.20413387776e-05, 1.06593370219e-05, 1.14376725833e-05, 6.49443927614e-06, 4.35074252891e-06, 5.2956656873e-06, 4.3801069296e-06, 3.12756810672e-06, 2.946397899e-06, 3.17017565976e-06, 3.5694727103e-06, 3.94328026232e-06, 3.43945316672e-06, 2.93330140266e-06, 1.83063696113e-06], "var": [3.09254642161e-06, 6.29483065495e-06, 4.83783787786e-06, 1.51494316469e-06, 4.94813718888e-07, 2.61717474359e-07, 1.70620552353e-07, 8.77104966435e-08, 9.2819554709e-08, 2.45143354505e-07, 1.17926340693e-07, 6.14549904299e-08, 3.72961537209e-08, 1.26113315346e-08, 1.29029853468e-08, 6.62765264892e-09, 3.43704242844e-09, 1.26538495238e-08, 1.691975271e-08, 7.03022928761e-09, 1.20914647184e-08, 1.22668808444e-09, 9.58387258443e-10, 9.20098608415e-10, 8.05174371621e-10, 3.38086392215e-10, 2.57003918147e-10, 3.64565572175e-10, 1.25278343255e-10, 1.0645019588e-10, 1.42913250678e-10, 8.75396768962e-11, 4.93659557677e-11, 6.76964387325e-11, 7.41675262872e-11, 1.06725003834e-10, 1.85820456244e-10, 1.61958252365e-10, 1.68552144464e-10, 5.98696647813e-11], "dmean2": [0.0013073667651, 0.00215200590901, 0.00203876383603, 0.00101055181585, 0.000507175805978, 0.000332324532792, 0.000313883298077, 0.000210722588236, 0.000190685648704, 0.000245435920078, 0.000152530090418, 0.000113567708468, 8.36661056383e-05, 5.45146067452e-05, 6.1012502556e-05, 4.64681979793e-05, 3.38455720339e-05, 5.53523241251e-05, 6.25480824965e-05, 4.45374862466e-05, 4.37177986896e-05, 2.20972397074e-05, 1.44240648297e-05, 1.32432196551e-05, 1.32694785862e-05, 1.025970505e-05, 8.98406960914e-06, 9.84020334727e-06, 6.03054377279e-06, 4.79612390336e-06, 6.8210460995e-06, 5.40471182831e-06, 3.72950876226e-06, 3.43749252352e-06, 3.45067223861e-06, 4.03251215175e-06, 5.12409860676e-06, 4.1819607759e-06, 3.96755831389e-06, 2.53542998507e-06], "dvar": [1.89424599739e-06, 3.95440292777e-06, 5.75718058826e-06, 9.67225446402e-07, 2.8262454066e-07, 1.684834956e-07, 1.34085141212e-07, 6.76254288123e-08, 5.15562277315e-08, 1.10134344311e-07, 4.86246634068e-08, 2.80086585036e-08, 1.74947505371e-08, 5.70802072275e-09, 5.99935789936e-09, 4.2197232375e-09, 1.8437379401e-09, 6.31166852116e-09, 9.70869873385e-09, 2.71249245287e-09, 3.75221631543e-09, 5.6003307547e-10, 3.85970644334e-10, 3.75115771778e-10, 3.10481917953e-10, 1.34836752874e-10, 1.06864780913e-10, 1.39882744277e-10, 6.21266163514e-11, 7.57615706282e-11, 1.09076039867e-10, 6.1274652019e-11, 3.38284400492e-11, 4.96467693345e-11, 4.49224268895e-11, 6.69751337723e-11, 1.43165895805e-10, 1.12670407726e-10, 1.26768401332e-10, 4.62725378847e-11], "min": [8.43745508271e-25, 1.48087947078e-24, 2.14452192072e-24, 1.59600198559e-24, 7.86129918071e-25, 5.12771273396e-25, 1.7538513764e-24, 1.14075489314e-24, 1.48969154013e-24, 2.15677431108e-24, 3.02419294347e-24, 1.47025597958e-24, 2.81884475845e-24, 2.89132095969e-24, 2.37419739277e-24, 3.06954672628e-24, 1.95673377944e-24, 3.11555072769e-24, 2.58240440971e-24, 2.34048601363e-24, 3.55698881e-24, 2.78103623299e-24, 2.53049460113e-24, 4.40919800692e-24, 4.40262719001e-24, 5.13795638864e-24, 5.14288992474e-24, 4.76225862151e-24, 3.76584131238e-24, 6.08862607615e-24, 3.91533124278e-24, 4.29062235211e-24, 5.30606619741e-24, 5.68990698123e-24, 5.0923121078e-24, 5.6042311649e-24, 4.88491663151e-24, 6.54485510322e-24, 6.63340197882e-24, 6.03460212035e-24], "median": [0.000636132026557, 0.00179730157834, 0.000910851522349, 0.00068085064413, 0.000277867162367, 0.000107899264549, 0.000118412463053, 7.53434869694e-05, 7.38919043215e-05, 0.000101647769043, 5.88699294894e-05, 4.29023239121e-05, 2.46307554335e-05, 2.09649479075e-05, 2.0126642994e-05, 1.33421981445e-05, 1.11775052574e-05, 1.83083193406e-05, 2.42637815973e-05, 1.88437370525e-05, 1.59265982802e-05, 1.01938885564e-05, 6.97681662132e-06, 5.45681632502e-06, 5.99806617174e-06, 5.65133450436e-06, 4.72438159704e-06, 4.55999315818e-06, 2.84002089757e-06, 1.61200853199e-06, 1.39752194173e-06, 9.64275272963e-07, 7.24160884147e-07, 5.02370994582e-07, 4.44002012046e-07, 5.05458103817e-07, 4.26921559438e-07, 3.59264561212e-07, 2.28230234711e-07, 1.79859512173e-07], "max": [0.0171510931104, 0.0260486286134, 0.0224377140403, 0.0130035551265, 0.00579268671572, 0.00766196427867, 0.00474208360538, 0.00590283656493, 0.00425812462345, 0.00696315756068, 0.00651162536815, 0.00498617393896, 0.00415387097746, 0.00185369560495, 0.00142108730506, 0.00138976925518, 0.000807139207609, 0.00251520285383, 0.00432377401739, 0.000972354260739, 0.00216863374226, 0.0004791461688, 0.000719181320164, 0.000751545070671, 0.000452315958682, 0.000229414989008, 0.00019403778424, 0.000249008298852, 0.000180208066013, 0.000301491905702, 0.000248937489232, 0.000129293010104, 9.40517493291e-05, 0.000128089202917, 0.000122161451145, 0.000153150875121, 0.000192694598809, 0.000245330214966, 0.000328883470502, 0.000263334804913]}, "barkbands_crest": {"dmean": 2.61491346359, "dvar2": 16.5556907654, "mean": 10.7646427155, "var": 28.0051288605, "dmean2": 4.25571012497, "dvar": 6.77070140839, "min": 2.60452246666, "median": 9.44757175446, "max": 26.9233627319}, "mfcc": {"icov": [[5.40099863429e-05, -2.66554070549e-05, 3.7133526348e-05, -2.0338988179e-05, 6.9700385211e-05, -2.39032960963e-05, 0.000103334918094, -8.20613786345e-06, 4.2260169721e-05, -9.19306985452e-05, 0.000144494493725, 0.000113431582577, 1.53937471623e-05], [-2.66554070549e-05, 0.000514325336553, 0.000144737132359, -0.000296678219456, -0.000240486260736, 0.000106597588456, -0.000261859124294, 0.000312178308377, -0.000337686855346, 3.09605638904e-05, 0.000187390498468, -5.89914270677e-05, 0.000584342575166], [3.7133526348e-05, 0.000144737132359, 0.00126912549604, -0.000266268267296, -0.00087063171668, -0.000503005459905, 0.000152540815179, 4.25058424298e-05, -0.000180067116162, 0.000789838377386, -0.000722891301848, -0.000289402116323, 0.000755648245104], [-2.0338988179e-05, -0.000296678219456, -0.000266268267296, 0.0032380039338, -0.0013643061975, 5.23968883499e-05, 0.000143025041325, -0.00059290236095, -0.000162651893334, 0.000324658059981, 1.3874614524e-05, -0.000436797825387, -0.000189412734471], [6.9700385211e-05, -0.000240486260736, -0.00087063171668, -0.0013643061975, 0.00657379627228, -0.000348196481355, -0.00110913068056, -0.000292497134069, -0.000141556549352, -0.00107186555397, 0.000349670473952, -0.000440796953626, -0.000772472238168], [-2.39032960963e-05, 0.000106597588456, -0.000503005459905, 5.23968883499e-05, -0.000348196481355, 0.005346105434, -0.000594430253841, -0.00132633885369, -9.53383205342e-05, -0.000207648947253, -0.000200523878448, 0.00067719630897, -0.000818588945549], [0.000103334918094, -0.000261859124294, 0.000152540815179, 0.000143025041325, -0.00110913068056, -0.000594430253841, 0.0062711215578, -0.000789360841736, -7.35754365451e-05, -0.000615775468759, -0.00149011402391, 0.000518720247783, 0.000538797059562], [-8.20613786345e-06, 0.000312178308377, 4.25058424298e-05, -0.00059290236095, -0.000292497134069, -0.00132633885369, -0.000789360841736, 0.0104625029489, -0.000834721024148, -0.0028151741717, 0.00170581776183, -0.0011785919778, -0.00148905755486], [4.2260169721e-05, -0.000337686855346, -0.000180067116162, -0.000162651893334, -0.000141556549352, -9.53383205342e-05, -7.35754365451e-05, -0.000834721024148, 0.00969590712339, -0.00193589599803, -0.00213324301876, 0.000770148646552, 0.000120870419778], [-9.19306985452e-05, 3.09605638904e-05, 0.000789838377386, 0.000324658059981, -0.00107186555397, -0.000207648947253, -0.000615775468759, -0.0028151741717, -0.00193589599803, 0.012019501999, -0.00182905548718, -0.0013959063217, 0.000704151578248], [0.000144494493725, 0.000187390498468, -0.000722891301848, 1.3874614524e-05, 0.000349670473952, -0.000200523878448, -0.00149011402391, 0.00170581776183, -0.00213324301876, -0.00182905548718, 0.0122115118429, -0.00159479328431, -0.00207214080729], [0.000113431582577, -5.89914270677e-05, -0.000289402116323, -0.000436797825387, -0.000440796953626, 0.00067719630897, 0.000518720247783, -0.0011785919778, 0.000770148646552, -0.0013959063217, -0.00159479328431, 0.0149166481569, -0.00438839755952], [1.53937471623e-05, 0.000584342575166, 0.000755648245104, -0.000189412734471, -0.000772472238168, -0.000818588945549, 0.000538797059562, -0.00148905755486, 0.000120870419778, 0.000704151578248, -0.00207214080729, -0.00438839755952, 0.0173388645053]], "mean": [-676.173156738, 120.227935791, 6.57375860214, 26.9515018463, 11.5940971375, 4.92398357391, 3.83845877647, 2.71779489517, 6.42728805542, 5.67068624496, -6.2932100296, -3.03925871849, -3.15576195717], "cov": [[24235.2617188, 1424.01086426, -1630.78381348, -135.340408325, -552.913696289, -190.435119629, -506.375457764, -71.188079834, -188.312316895, 60.3032035828, -535.245544434, -300.388702393, -165.046356201], [1424.01086426, 2542.27392578, -238.277496338, 241.219024658, 96.7863006592, -79.1885299683, 84.0596084595, -59.6388130188, 71.3847885132, 14.4458646774, -62.8623275757, -37.7640838623, -99.2380065918], [-1630.78381348, -238.277496338, 1179.88818359, 162.235488892, 206.719406128, 127.642707825, 51.9813804626, 17.1991596222, 40.0525856018, -39.7732620239, 99.3150024414, 43.5450210571, -0.84686177969], [-135.340408325, 241.219024658, 162.235488892, 403.825439453, 125.489852905, 23.0506343842, 28.4510002136, 27.9285945892, 25.2194156647, 4.64261722565, 12.1785383224, 22.5406341553, 4.32124567032], [-552.913696289, 96.7863006592, 206.719406128, 125.489852905, 233.776992798, 43.240070343, 59.9273948669, 26.7406387329, 26.2854366302, 19.9983844757, 27.2766304016, 23.8493614197, 10.7822217941], [-190.435119629, -79.1885299683, 127.642707825, 23.0506343842, 43.240070343, 218.886367798, 33.8590583801, 38.5090484619, 13.5177955627, 12.9223051071, 19.5136470795, 4.46933221817, 14.886305809], [-506.375457764, 84.0596084595, 51.9813804626, 28.4510002136, 59.9273948669, 33.8590583801, 196.467193604, 22.1698226929, 23.1129894257, 22.7594013214, 35.7813034058, 6.07467508316, 0.457474976778], [-71.188079834, -59.6388130188, 17.1991596222, 27.9285945892, 26.7406387329, 38.5090484619, 22.1698226929, 120.618789673, 15.8718156815, 33.8818702698, 1.44160401821, 16.840171814, 17.2556743622], [-188.312316895, 71.3847885132, 40.0525856018, 25.2194156647, 26.2854366302, 13.5177955627, 23.1129894257, 15.8718156815, 121.21056366, 26.8900775909, 29.4320850372, 3.61309528351, 1.24031555653], [60.3032035828, 14.4458646774, -39.7732620239, 4.64261722565, 19.9983844757, 12.9223051071, 22.7594013214, 33.8818702698, 26.8900775909, 105.378570557, 17.5501213074, 12.9227199554, 5.84834194183], [-535.245544434, -62.8623275757, 99.3150024414, 12.1785383224, 27.2766304016, 19.5136470795, 35.7813034058, 1.44160401821, 29.4320850372, 17.5501213074, 112.435638428, 22.2445735931, 17.6960315704], [-300.388702393, -37.7640838623, 43.5450210571, 22.5406341553, 23.8493614197, 4.46933221817, 6.07467508316, 16.840171814, 3.61309528351, 12.9227199554, 22.2445735931, 83.2303924561, 25.5925750732], [-165.046356201, -99.2380065918, -0.84686177969, 4.32124567032, 10.7822217941, 14.886305809, 0.457474976778, 17.2556743622, 1.24031555653, 5.84834194183, 17.6960315704, 25.5925750732, 72.2459106445]]}, "spectral_decrease": {"dmean": 2.42451614341e-09, "dvar2": 3.443964826e-17, "mean": -7.42431272016e-09, "var": 2.33057872889e-17, "dmean2": 3.99910327076e-09, "dvar": 1.33868883743e-17, "min": -3.21338440301e-08, "median": -7.15254966366e-09, "max": 1.54913920451e-28}, "zerocrossingrate": {"dmean": 0.0137928556651, "dvar2": 0.000506886746734, "mean": 0.0642428547144, "var": 0.00452336901799, "dmean2": 0.0159932542592, "dvar": 0.000413315574406, "min": 0, "median": 0.05078125, "max": 0.5244140625}, "spectral_contrast_coeffs": {"dmean": [0.0552971586585, 0.0471382327378, 0.0403522513807, 0.0293383672833, 0.0214494131505, 0.0225254334509], "dvar2": [0.00580303557217, 0.003976309672, 0.0028414898552, 0.00153807247989, 0.000855089747347, 0.000996579648927], "mean": [-0.622522115707, -0.75387352705, -0.77198946476, -0.798639118671, -0.808101534843, -0.781866550446], "var": [0.0111929057166, 0.00826660823077, 0.00709918839857, 0.00442601414397, 0.00302106840536, 0.0031236319337], "dmean2": [0.089248239994, 0.0770829319954, 0.0642185285687, 0.0473176687956, 0.0338119082153, 0.0350152887404], "dvar": [0.00230095745064, 0.00160232407507, 0.00118862325326, 0.000635766773485, 0.000378066877602, 0.000445479410701], "min": [-0.993331551552, -0.979305028915, -0.979583024979, -0.969397187233, -0.968232452869, -0.964764297009], "median": [-0.614243507385, -0.7624822855, -0.775807380676, -0.800906836987, -0.808827698231, -0.774747669697], "max": [-0.31480666995, -0.368541151285, -0.405694425106, -0.485248535872, -0.515211582184, -0.607954740524]}, "spectral_skewness": {"dmean": 0.304496914148, "dvar2": 0.459982544184, "mean": 1.72017920017, "var": 1.6290371418, "dmean2": 0.459295332432, "dvar": 0.233736500144, "min": -0.623708367348, "median": 1.49538314342, "max": 13.6964588165}, "spectral_energyband_middle_high": {"dmean": 0.00192524166778, "dvar2": 2.17087053898e-05, "mean": 0.00586149049923, "var": 4.36421396444e-05, "dmean2": 0.00298057403415, "dvar": 8.96590427146e-06, "min": 1.20340551862e-21, "median": 0.00342837045901, "max": 0.0598734840751}, "gfcc": {"icov": [[0.000115210816148, -0.000327146524796, 0.000227923243074, -0.000341345818015, 0.000333618343575, -0.000369411893189, 0.000504668278154, -0.000312569522066, 0.000295330246445, -0.000318397738738, 0.000538304448128, -0.000346807035385, 0.000452825071989], [-0.000327146524796, 0.00168354308698, -0.000571033393499, 0.00104595313314, -0.0011910428293, 0.00171980331652, -0.00156605709344, 0.00123081507627, -0.000937696604524, 0.00129641476087, -0.00177430349868, 0.00233211321756, -0.00214208709076], [0.000227923243074, -0.000571033393499, 0.00114535097964, -0.000769277161453, 0.000117572417366, -0.000758500362281, 0.000938215525821, -0.000460063718492, 0.000542715948541, -0.0010884415824, 0.00111231813207, -0.00107464031316, 0.00130312866531], [-0.000341345818015, 0.00104595313314, -0.000769277161453, 0.00367101491429, -0.00105661223643, 0.000783799856436, -0.00111861468758, 0.000781886803452, -0.00146425096318, 0.00157684122678, -0.00192753353622, 0.000695596740115, -0.00105686695315], [0.000333618343575, -0.0011910428293, 0.000117572417366, -0.00105661223643, 0.005161290057, -0.00071006239159, -0.00109428784344, -0.000802834285423, 0.000402281904826, -0.00101591215935, 0.000568171788473, -0.000747338519432, 0.00101993896533], [-0.000369411893189, 0.00171980331652, -0.000758500362281, 0.000783799856436, -0.00071006239159, 0.00609734840691, -0.00290179857984, 0.000701962737367, -0.00044542492833, 0.000427172111813, -0.00156881066505, 0.00187997345347, -0.000680547440425], [0.000504668278154, -0.00156605709344, 0.000938215525821, -0.00111861468758, -0.00109428784344, -0.00290179857984, 0.00981465913355, -0.0019410388777, -0.000346147891833, -0.00109242473263, 0.00123218412045, -0.00117941561621, 0.000967840896919], [-0.000312569522066, 0.00123081507627, -0.000460063718492, 0.000781886803452, -0.000802834285423, 0.000701962737367, -0.0019410388777, 0.00791028421372, -0.0010463099461, -0.00167212367523, -0.00140134606045, 0.00203252327628, -0.00189190043602], [0.000295330246445, -0.000937696604524, 0.000542715948541, -0.00146425096318, 0.000402281904826, -0.00044542492833, -0.000346147891833, -0.0010463099461, 0.00855184905231, -0.00116413377691, 0.000545653223526, -0.00141013925895, 0.000473087071441], [-0.000318397738738, 0.00129641476087, -0.0010884415824, 0.00157684122678, -0.00101591215935, 0.000427172111813, -0.00109242473263, -0.00167212367523, -0.00116413377691, 0.0118530243635, -0.00239664083347, -0.00165602110792, -0.00141882803291], [0.000538304448128, -0.00177430349868, 0.00111231813207, -0.00192753353622, 0.000568171788473, -0.00156881066505, 0.00123218412045, -0.00140134606045, 0.000545653223526, -0.00239664083347, 0.0125592378899, -0.00336276646703, 0.000988551531918], [-0.000346807035385, 0.00233211321756, -0.00107464031316, 0.000695596740115, -0.000747338519432, 0.00187997345347, -0.00117941561621, 0.00203252327628, -0.00141013925895, -0.00165602110792, -0.00336276646703, 0.0144160687923, -0.00396374426782], [0.000452825071989, -0.00214208709076, 0.00130312866531, -0.00105686695315, 0.00101993896533, -0.000680547440425, 0.000967840896919, -0.00189190043602, 0.000473087071441, -0.00141882803291, 0.000988551531918, -0.00396374426782, 0.016659816727]], "mean": [-54.312789917, 94.2843017578, -100.524452209, 35.7865180969, -46.7005081177, 12.8171110153, -34.0082321167, 9.99397468567, -22.4264163971, -1.79866886139, -19.1972007751, -7.85386419296, -5.6131310463], "cov": [[54376.5898438, 2690.1262207, -5598.32666016, 764.495605469, -2786.75708008, 254.893997192, -1885.71044922, 204.273620605, -1020.20050049, -258.67980957, -1060.32141113, -418.315032959, -361.604034424], [2690.1262207, 2712.4543457, -469.419403076, -132.446884155, 257.161590576, -397.299560547, 126.994590759, -155.477813721, 78.484703064, -219.538269043, 69.9048233032, -262.642059326, 159.389221191], [-5598.32666016, -469.419403076, 1937.63195801, 92.5092010498, 311.365600586, 88.7409973145, 131.353729248, 19.6007423401, 68.9242630005, 135.760513306, 60.5131111145, 119.14239502, -40.3649864197], [764.495605469, -132.446884155, 92.5092010498, 401.871398926, 6.81755542755, 37.11378479, -7.07709503174, 8.37971496582, 27.5869255066, -3.19708275795, 13.3219861984, 22.7995510101, -13.5115566254], [-2786.75708008, 257.161590576, 311.365600586, 6.81755542755, 439.614196777, -32.6023178101, 183.632110596, -2.6043856144, 83.6808013916, 8.51611042023, 80.6631088257, -4.87847709656, 38.0813827515], [254.893997192, -397.299560547, 88.7409973145, 37.11378479, -32.6023178101, 279.370697021, 18.0752487183, 39.8071632385, -17.4975910187, 42.8514595032, -12.129322052, 23.6691074371, -35.2230300903], [-1885.71044922, 126.994590759, 131.353729248, -7.07709503174, 183.632110596, 18.0752487183, 227.596115112, 15.1812353134, 68.1384048462, 7.3530960083, 54.4619979858, -3.83411240578, 29.4057064056], [204.273620605, -155.477813721, 19.6007423401, 8.37971496582, -2.6043856144, 39.8071632385, 15.1812353134, 168.216339111, 7.74685907364, 49.4650306702, 3.11193227768, 10.4185962677, -0.251683413982], [-1020.20050049, 78.484703064, 68.9242630005, 27.5869255066, 83.6808013916, -17.4975910187, 68.1384048462, 7.74685907364, 159.058578491, 8.60878658295, 36.507850647, 8.60643577576, 21.3611927032], [-258.67980957, -219.538269043, 135.760513306, -3.19708275795, 8.51611042023, 42.8514595032, 7.3530960083, 49.4650306702, 8.60878658295, 130.847412109, 14.6141700745, 46.0621795654, -4.60832023621], [-1060.32141113, 69.9048233032, 60.5131111145, 13.3219861984, 80.6631088257, -12.129322052, 54.4619979858, 3.11193227768, 36.507850647, 14.6141700745, 125.604766846, 17.599697113, 22.6181354523], [-418.315032959, -262.642059326, 119.14239502, 22.7995510101, -4.87847709656, 23.6691074371, -3.83411240578, 10.4185962677, 8.60643577576, 46.0621795654, 17.599697113, 115.371963501, 2.48229193687], [-361.604034424, 159.389221191, -40.3649864197, -13.5115566254, 38.0813827515, -35.2230300903, 29.4057064056, -0.251683413982, 21.3611927032, -4.60832023621, 22.6181354523, 2.48229193687, 85.3897705078]]}, "erbbands_spread": {"dmean": 10.5921545029, "dvar2": 445.949920654, "mean": 41.2688140869, "var": 597.830749512, "dmean2": 16.3089237213, "dvar": 191.291992188, "min": 0.743101298809, "median": 36.2241973877, "max": 184.717910767}, "erbbands_kurtosis": {"dmean": 1.77707886696, "dvar2": 79.4976043701, "mean": 1.82697582245, "var": 72.7150726318, "dmean2": 2.7607562542, "dvar": 36.3427848816, "min": -1.80204606056, "median": -0.0833233222365, "max": 219.843048096}, "dynamic_complexity": 4.14389944077, "erbbands_crest": {"dmean": 2.68537259102, "dvar2": 17.4680309296, "mean": 9.06111431122, "var": 26.4653358459, "dmean2": 4.24595832825, "dvar": 7.77475881577, "min": 1.81413400173, "median": 7.5480427742, "max": 31.5481452942}, "erbbands": {"dmean": [0.0780052319169, 0.871353149414, 2.71407485008, 6.24904584885, 9.21603679657, 8.46922588348, 8.41089057922, 9.13779830933, 12.4571533203, 11.8522539139, 12.4921636581, 25.5359783173, 19.0818099976, 16.8621101379, 15.0240259171, 11.9083919525, 15.8432092667, 10.3736419678, 22.3539028168, 21.4148406982, 23.7096786499, 11.879981041, 8.31382751465, 9.521525383, 7.82898902893, 8.62991905212, 5.31177520752, 6.32082653046, 5.38453292847, 3.99969744682, 4.07983064651, 4.80901527405, 3.7630648613, 2.17157626152, 0.925635576248, 0.404195636511, 0.111938968301, 0.0206783954054, 0.00189441384282, 7.35149296816e-05], "dvar2": [0.0338144563138, 6.20803403854, 53.240234375, 486.600158691, 754.085144043, 499.038757324, 644.601745605, 909.692810059, 1606.00561523, 1610.66687012, 1714.80554199, 7603.76953125, 4497.96972656, 3963.54174805, 3130.49121094, 2166.43676758, 3259.73754883, 1046.94128418, 7783.14697266, 5286.28222656, 6436.92382813, 971.393920898, 697.684753418, 867.935913086, 448.830566406, 601.175354004, 303.989501953, 554.770141602, 347.60269165, 293.990631104, 300.449707031, 635.568237305, 441.473937988, 211.731216431, 36.1383705139, 9.2357339859, 1.29551827908, 0.0815754234791, 0.000625723158009, 6.22654965809e-07], "mean": [0.107211656868, 1.41249239445, 4.93570423126, 8.13191795349, 12.9187412262, 15.1468019485, 13.2748165131, 12.9703025818, 17.1658573151, 16.781414032, 18.4634914398, 43.6389541626, 34.1496963501, 30.7001075745, 25.7995452881, 21.2187213898, 24.9113502502, 17.5161724091, 39.1298179626, 39.5540428162, 46.8643188477, 23.0900173187, 16.5640468597, 18.8944129944, 15.8666439056, 16.9441757202, 9.49859237671, 8.63559436798, 7.19969940186, 5.47315311432, 5.79121208191, 6.16979551315, 4.72744941711, 2.53219389915, 1.04595482349, 0.420850515366, 0.103826038539, 0.0164763517678, 0.00149529683404, 8.91338277142e-05], "var": [0.0291639361531, 3.65437340736, 26.8688964844, 144.332077026, 292.1043396, 335.705810547, 407.148254395, 522.693664551, 740.977600098, 740.81262207, 900.764892578, 6890.10595703, 4582.56884766, 3483.82543945, 2642.12451172, 1905.23876953, 2268.98022461, 837.545166016, 6087.73632813, 4037.49438477, 9617.52441406, 1036.95422363, 934.83190918, 1026.28161621, 507.176940918, 709.467651367, 264.094848633, 349.310699463, 223.346496582, 193.916305542, 242.964599609, 393.234832764, 295.565551758, 110.236557007, 14.3628826141, 3.16993188858, 0.300426393747, 0.0158787369728, 0.000127474108012, 1.28428752078e-07], "dmean2": [0.12013951689, 1.44356358051, 4.64794778824, 11.0687379837, 15.7646570206, 13.7414779663, 13.8866157532, 14.8684129715, 20.827205658, 19.9192028046, 20.7698879242, 40.2557678223, 30.2221393585, 26.7598266602, 24.3691482544, 19.1102733612, 26.0319080353, 16.914188385, 36.4327583313, 34.8766937256, 37.0633163452, 18.9652862549, 12.8743906021, 14.846909523, 12.0687904358, 13.5203647614, 8.14941883087, 10.0951709747, 8.44703102112, 6.05953407288, 6.09697055817, 7.4206161499, 5.65416383743, 3.35297298431, 1.44733834267, 0.640706837177, 0.187280535698, 0.0363569296896, 0.00331105431542, 0.000125582446344], "dvar": [0.0170715488493, 2.30556726456, 18.9831409454, 174.463729858, 275.091461182, 183.776046753, 243.104476929, 348.764190674, 596.706787109, 583.451660156, 631.683837891, 3058.34057617, 1884.5291748, 1537.20898438, 1216.48449707, 852.52935791, 1268.33422852, 410.190673828, 3031.85766602, 2057.3659668, 2837.49731445, 392.197235107, 307.985839844, 355.962310791, 186.905410767, 252.752960205, 132.916854858, 239.640792847, 146.269943237, 129.902816772, 141.817626953, 277.642333984, 195.652755737, 84.0780105591, 13.9812059402, 3.50097298622, 0.458372533321, 0.0281891804188, 0.000219644454774, 2.18446686517e-07], "min": [1.06826622395e-22, 7.82088969801e-22, 3.22271283212e-21, 9.95261531981e-21, 1.01674326709e-20, 1.90405716367e-20, 2.34876028542e-20, 3.19746084171e-20, 1.01890828309e-19, 2.04345108787e-19, 2.33096032799e-19, 3.62569263257e-19, 7.06524326093e-19, 5.63600957929e-19, 1.26409524075e-18, 1.15132250252e-18, 1.79602789912e-18, 1.38350362186e-18, 2.38951613336e-18, 1.69274405989e-18, 3.84711280423e-18, 3.90266129108e-18, 4.07912786706e-18, 5.94105352328e-18, 8.38833767587e-18, 8.777947189e-18, 8.72284786122e-18, 1.02263454047e-17, 9.65957282947e-18, 1.15557379728e-17, 1.08043684634e-17, 1.09690179371e-17, 1.03848489265e-17, 7.63853153781e-18, 6.63079435474e-18, 4.1670559254e-18, 2.26544793366e-18, 9.04786490828e-19, 2.54559353442e-19, 2.9135301271e-20], "median": [0.0426836907864, 0.761309206486, 3.41197657585, 4.23829889297, 7.08497190475, 9.06642818451, 5.92687082291, 5.06133794785, 7.70367097855, 7.32566308975, 8.54738998413, 17.209356308, 14.0191240311, 11.0993919373, 8.51655960083, 8.25631046295, 7.96016407013, 6.93308162689, 13.6583385468, 16.8707408905, 14.931347847, 10.6077451706, 7.064889431, 7.99219369888, 7.86232042313, 7.27791118622, 4.37520074844, 2.69444847107, 1.68234395981, 1.08636653423, 0.848739564419, 0.780618607998, 0.488370597363, 0.239602267742, 0.110379830003, 0.0322902202606, 0.0060417028144, 0.000883507775143, 9.89116233541e-05, 4.40807343693e-05], "max": [1.56217753887, 19.5617465973, 48.5676193237, 121.62272644, 163.324417114, 152.467498779, 197.580535889, 332.269500732, 309.850372314, 457.197570801, 485.9949646, 1177.07568359, 1312.08789063, 1177.65856934, 949.605163574, 743.701843262, 708.22833252, 355.940490723, 1986.02990723, 1585.80285645, 1931.34924316, 365.100982666, 521.621643066, 448.126922607, 263.927642822, 283.059967041, 314.404052734, 474.997711182, 187.40045166, 203.710098267, 220.493682861, 255.552932739, 250.068252563, 279.622955322, 70.921043396, 40.7551040649, 16.4540367126, 4.09111118317, 0.364021658897, 0.0111138233915]}, "silence_rate_30dB": {"dmean": 0, "dvar2": 0, "mean": 1, "var": 0, "dmean2": 0, "dvar": 0, "min": 1, "median": 1, "max": 1}, "silence_rate_60dB": {"dmean": 0.00942460354418, "dvar2": 0.0192416030914, "mean": 0.0853068828583, "var": 0.0780186206102, "dmean2": 0.018851544708, "dvar": 0.00933561474085, "min": 0, "median": 0, "max": 1}, "spectral_energyband_middle_low": {"dmean": 0.00615185964853, "dvar2": 0.000271523516858, "mean": 0.0131512135267, "var": 0.000139671552461, "dmean2": 0.0101411947981, "dvar": 0.000104067577922, "min": 1.2044200821e-22, "median": 0.0111176064238, "max": 0.0951868966222}, "spectral_spread": {"dmean": 765340.8125, "dvar2": 2314467278850.0, "mean": 5213531.5, "var": 18625555595300.0, "dmean2": 1063137, "dvar": 1271897915390.0, "min": 367126.6875, "median": 4282472, "max": 42803492}, "barkbands": {"dmean": [0.000233666534768, 0.00341876037419, 0.00264467229135, 0.00275857537054, 0.00249895150773, 0.00106518843677, 0.000896140874829, 0.000540355336852, 0.000983950449154, 0.000659465382341, 0.000369776389562, 0.00029392176657, 0.000331766059389, 0.000237312575337, 0.000510970712639, 0.000436635658843, 0.000212761500734, 0.000177091511432, 0.000170802144567, 0.000172925778315, 0.000140453237691, 0.000142142293043, 0.000139971642056, 0.000227298456593, 0.000164368306287, 6.91124078003e-05, 1.10076043711e-05], "dvar2": [4