{"tonal": {"chords_key": "A", "hpcp_entropy": {"dmean": 0.724478125572, "dmean2": 1.20642197132, "max": 4.60857820511, "dvar": 0.366518139839, "mean": 2.11588358879, "dvar2": 0.981852114201, "min": 0, "var": 0.732323050499, "median": 2.07530426979}, "key_key": "D", "chords_strength": {"dmean": 0.0131072076038, "dmean2": 0.014737110585, "max": 0.789166510105, "dvar": 0.000133063498652, "mean": 0.5045748353, "dvar2": 0.000207171295187, "min": 0.20309317112, "var": 0.0111432503909, "median": 0.509162247181}, "key_scale": "major", "chords_number_rate": 0.00329163926654, "thpcp": [1, 0.73883998394, 0.452834755182, 0.393872320652, 0.367101758718, 0.436009436846, 0.530161678791, 0.442637324333, 0.324138700962, 0.301664382219, 0.295462757349, 0.495100289583, 0.704071104527, 0.549088358879, 0.459848672152, 0.555246889591, 0.470740765333, 0.331447988749, 0.272263944149, 0.256493061781, 0.538505554199, 0.870458304882, 0.773905038834, 0.685960233212, 0.612349450588, 0.437332093716, 0.577259838581, 0.826264381409, 0.782959699631, 0.725184679031, 0.693799257278, 0.470398426056, 0.375906735659, 0.442387521267, 0.492708057165, 0.765631437302], "key_strength": 0.647812008858, "tuning_nontempered_energy_ratio": 0.76058369875, "tuning_frequency": 440.763122559, "chords_changes_rate": 0.0844854041934, "tuning_diatonic_strength": 0.578376591206, "chords_scale": "major", "chords_histogram": [9.43603229523, 10.0724163055, 30.9414081573, 3.07219672203, 1.4702655077, 0.0877770483494, 0.899714708328, 0.109721310437, 6.73688840866, 0.065832786262, 1.05332458019, 2.58942294121, 0, 0.175554096699, 0, 0.724160611629, 0, 2.85275411606, 1.93109500408, 7.50493764877, 2.63331127167, 6.03467178345, 7.52688169479, 4.08163261414], "tuning_equal_tempered_deviation": 0.0423590429127, "hpcp": {"dmean": [0.187747895718, 0.166620120406, 0.138471350074, 0.118189089, 0.112937480211, 0.115984171629, 0.113938286901, 0.106517702341, 0.0954658463597, 0.0882613062859, 0.0855621472001, 0.112648792565, 0.126713171601, 0.119958586991, 0.11540158838, 0.112785562873, 0.104880325496, 0.0893148332834, 0.0781809464097, 0.0767514109612, 0.111027941108, 0.147905930877, 0.157523259521, 0.180639520288, 0.168673843145, 0.134127676487, 0.137755721807, 0.142301857471, 0.168440923095, 0.191910997033, 0.168197721243, 0.129695087671, 0.110176719725, 0.115723297, 0.140819638968, 0.18520796299], "dmean2": [0.332739323378, 0.295839339495, 0.252702444792, 0.216126412153, 0.206564188004, 0.207900688052, 0.198730096221, 0.18625022471, 0.172129303217, 0.158608153462, 0.153128892183, 0.199907034636, 0.222049579024, 0.211733743548, 0.204005762935, 0.195405825973, 0.181623250246, 0.158375918865, 0.140329524875, 0.138657808304, 0.192210450768, 0.253827989101, 0.278909891844, 0.328333616257, 0.30888491869, 0.246037021279, 0.245552748442, 0.247298240662, 0.299745619297, 0.339168608189, 0.298373550177, 0.236606299877, 0.200467213988, 0.21070034802, 0.255736500025, 0.333401858807], "max": [1, 1, 1, 1, 1, 1, 1, 1, 1, 1, 1, 1, 1, 1, 1, 1, 1, 1, 1, 1, 1, 1, 1, 1, 1, 1, 1, 1, 1, 1, 1, 1, 1, 1, 1, 1], "dvar": [0.0658303275704, 0.0541214868426, 0.0520790703595, 0.0467060916126, 0.0426943935454, 0.0418822914362, 0.0394201800227, 0.0383665114641, 0.0337068215013, 0.031641818583, 0.0264490228146, 0.0315132327378, 0.0378213301301, 0.0342195369303, 0.0386450812221, 0.0395939610898, 0.0343708693981, 0.0290714465082, 0.0277716480196, 0.025954131037, 0.0322035811841, 0.0475627742708, 0.0497188456357, 0.0682829841971, 0.0697636306286, 0.0555346682668, 0.0503398030996, 0.0496065095067, 0.058778423816, 0.0726368203759, 0.0691464990377, 0.0498881042004, 0.0401101186872, 0.0430530384183, 0.0507942102849, 0.064043007791], "mean": [0.247647419572, 0.182971820235, 0.112143360078, 0.0975414663553, 0.0909118056297, 0.107976615429, 0.131293177605, 0.109617993236, 0.080272115767, 0.0747064054012, 0.0731705874205, 0.12261030823, 0.174361392856, 0.135980308056, 0.113880336285, 0.137505456805, 0.116577737033, 0.0820822417736, 0.0674254596233, 0.0635198429227, 0.133359506726, 0.215566754341, 0.19165559113, 0.169876277447, 0.151646763086, 0.108304165304, 0.142956912518, 0.204622238874, 0.193897947669, 0.179590120912, 0.171817600727, 0.116492956877, 0.0930923298001, 0.109556131065, 0.122017875314, 0.189606651664], "dvar2": [0.173646166921, 0.150907412171, 0.148156687617, 0.126707270741, 0.118446215987, 0.115706831217, 0.101307854056, 0.0981348305941, 0.0935017541051, 0.0882280692458, 0.073284432292, 0.0861843973398, 0.0985392704606, 0.0943804606795, 0.106906406581, 0.0975997522473, 0.0885663032532, 0.0794424787164, 0.0764341205359, 0.0706529468298, 0.0842605605721, 0.114467814565, 0.130414783955, 0.184230700135, 0.183755159378, 0.14994327724, 0.137704670429, 0.123473823071, 0.155255392194, 0.191775038838, 0.177398145199, 0.135710477829, 0.110195882618, 0.115600600839, 0.140761166811, 0.178529039025], "min": [0, 0, 0, 0, 0, 0, 0, 0, 0, 0, 0, 0, 0, 0, 0, 0, 0, 0, 0, 0, 0, 0, 0, 0, 0, 0, 0, 0, 0, 0, 0, 0, 0, 0, 0, 0], "var": [0.105505309999, 0.067585773766, 0.0406668931246, 0.0379794836044, 0.0332312732935, 0.037446655333, 0.0530517324805, 0.0422518998384, 0.0262738298625, 0.025505008176, 0.0217373427004, 0.038852982223, 0.071798928082, 0.0383390113711, 0.0376701503992, 0.0580736063421, 0.0423921793699, 0.0247529000044, 0.0219172500074, 0.0196272563189, 0.03944176808, 0.0884203538299, 0.0648520961404, 0.0666824653745, 0.0650225877762, 0.0440331101418, 0.0536252185702, 0.0926366969943, 0.0800776407123, 0.0778264924884, 0.0868922173977, 0.0479082427919, 0.0326282940805, 0.0439466610551, 0.045046761632, 0.0690992623568], "median": [0.0840726420283, 0.0594713538885, 0.0310954637825, 0.0249571725726, 0.0243350770324, 0.0331632383168, 0.0379775688052, 0.0298017766327, 0.0215978436172, 0.0175372604281, 0.0192566439509, 0.0386432334781, 0.0517302677035, 0.0517790168524, 0.0398701541126, 0.0367282927036, 0.0361607074738, 0.0273544806987, 0.0184977278113, 0.017499152571, 0.0489215180278, 0.0732130780816, 0.0828600972891, 0.0458214655519, 0.0336525216699, 0.0225708577782, 0.0378231033683, 0.0498854257166, 0.0508218631148, 0.0358123481274, 0.0258971564472, 0.0226700715721, 0.0236625541002, 0.0265116691589, 0.0324866473675, 0.0633455142379]}}, "lowlevel": {"melbands_flatness_db": {"dmean": 0.0284575466067, "dmean2": 0.0460770912468, "max": 0.636200726032, "dvar": 0.000927697576117, "mean": 0.16765576601, "dvar2": 0.00249347137287, "min": 0.00536708021536, "var": 0.00525295129046, "median": 0.156009674072}, "melbands_crest": {"dmean": 3.61947441101, "dmean2": 5.93916273117, "max": 33.2697181702, "dvar": 10.9805927277, "mean": 14.2060461044, "dvar2": 29.5870914459, "min": 1.84256029129, "var": 24.8555355072, "median": 13.6805562973}, "spectral_entropy": {"dmean": 0.140139177442, "dmean2": 0.204163208604, "max": 9.79670238495, "dvar": 0.0223248321563, "mean": 7.91256713867, "dvar2": 0.0439846888185, "min": 4.31056690216, "var": 0.217667251825, "median": 7.98808050156}, "melbands": {"dmean": [0.00117142510135, 0.00176874897443, 0.000523591239471, 0.000429175270256, 0.00014786713291, 0.000164397191838, 0.000175405730261, 0.000179959330126, 0.000164341850905, 0.000147447281051, 0.00010615670908, 6.60484292894e-05, 5.30976249138e-05, 5.37380910828e-05, 5.1881026593e-05, 4.72657520731e-05, 3.87019535992e-05, 4.13278576161e-05, 3.06173496938e-05, 2.12178983929e-05, 2.16492899199e-05, 1.66500467458e-05, 1.32002678583e-05, 8.80385596247e-06, 7.96310359874e-06, 8.789603271e-06, 8.95716493687e-06, 6.20724586042e-06, 4.95806307299e-06, 4.88977639179e-06, 4.17659566665e-06, 3.77358333026e-06, 4.07068228014e-06, 3.1333743209e-06, 3.67189454664e-06, 3.21582569995e-06, 2.20018705477e-06, 1.91082426682e-06, 1.39956341627e-06, 9.61180830927e-07], "dmean2": [0.00199772207998, 0.00301130535081, 0.000872730859555, 0.000694039277732, 0.000238533044467, 0.000256377505139, 0.000273560610367, 0.000271527736913, 0.000239807865, 0.000221275258809, 0.000159274961334, 0.000104052676761, 8.53081583045e-05, 8.59747160575e-05, 8.1932383182e-05, 7.40391405998e-05, 6.25094035058e-05, 6.73861286486e-05, 4.96663014928e-05, 3.4187334677e-05, 3.57358549081e-05, 2.72627021332e-05, 2.15102845686e-05, 1.46492075146e-05, 1.33844459924e-05, 1.4508197637e-05, 1.45150934259e-05, 1.02459162008e-05, 8.5400606622e-06, 8.26665018394e-06, 6.73388331052e-06, 6.07396623309e-06, 6.42502936898e-06, 4.80564585814e-06, 5.46274441149e-06, 4.72453803013e-06, 3.24147413266e-06, 2.91456080959e-06, 2.12824420487e-06, 1.42670478454e-06], "max": [0.0245712846518, 0.0314790271223, 0.0125340949744, 0.0130697954446, 0.00679924525321, 0.0186932608485, 0.0111462902278, 0.0083498256281, 0.0102697070688, 0.0151535170153, 0.0124361505732, 0.00454259617254, 0.00415617087856, 0.00754592288285, 0.00285008712672, 0.00300680543296, 0.00246796850115, 0.00199642824009, 0.00147980102338, 0.00171203888021, 0.00125258264598, 0.000575884245336, 0.000516290892847, 0.000258995482, 0.000367801229004, 0.000333009083988, 0.000350481743226, 0.000320202350849, 0.000125721009681, 0.000224196206545, 0.000158871203894, 0.000100327117252, 0.000155499801622, 0.000153746048454, 0.00017875492631, 0.000120824850455, 0.000130309068481, 0.000129312116769, 5.72531935177e-05, 6.12566582276e-05], "dvar": [4.95833000969e-06, 1.62915403052e-05, 7.90692183728e-07, 1.13938403956e-06, 7.44965831245e-08, 1.9075558555e-07, 2.08750023489e-07, 1.72432621071e-07, 1.91459193388e-07, 2.27503775818e-07, 1.25336995893e-07, 2.59379167034e-08, 2.32731895977e-08, 2.33585257803e-08, 1.32293420663e-08, 1.07637720959e-08, 7.92291210416e-09, 7.69094388176e-09, 3.88719501032e-09, 2.31068897349e-09, 2.17045670325e-09, 1.02433683757e-09, 5.44798484103e-10, 2.8827282228e-10, 2.13143516725e-10, 2.60454546819e-10, 2.90682283799e-10, 1.47832135422e-10, 9.60158272334e-11, 8.89312928853e-11, 6.73169228693e-11, 5.41411394883e-11, 5.10752204419e-11, 4.20715996763e-11, 5.46415933333e-11, 3.50775797298e-11, 2.85760373697e-11, 2.29530890822e-11, 1.01082501744e-11, 4.22036060613e-12], "mean": [0.00167838449124, 0.00217697443441, 0.000745474011637, 0.000545789662283, 0.000272029341431, 0.000288084178464, 0.000284967507469, 0.000356256845407, 0.000325110100675, 0.000287491158815, 0.000216865650145, 0.00010502574878, 7.27101287339e-05, 7.96717504272e-05, 8.85784902493e-05, 8.0153287854e-05, 5.57774583285e-05, 6.12353760516e-05, 4.57068672404e-05, 3.26662920997e-05, 3.38940517395e-05, 2.56195598922e-05, 2.07476750802e-05, 1.37747510962e-05, 1.22385217765e-05, 1.41636601256e-05, 1.45673811858e-05, 9.50748471951e-06, 6.58941098663e-06, 7.65400818636e-06, 6.87568899593e-06, 6.42542181595e-06, 7.25109430277e-06, 5.88849934502e-06, 6.46690159556e-06, 6.26638393442e-06, 4.13476436734e-06, 3.0100998174e-06, 2.20507718041e-06, 1.69008956163e-06], "dvar2": [1.42258559208e-05, 4.28861567343e-05, 1.99360601982e-06, 2.76967716673e-06, 1.82387125847e-07, 4.32735504319e-07, 4.9289207027e-07, 3.78202656748e-07, 4.11196026562e-07, 5.15249553246e-07, 2.75544067563e-07, 5.98592038159e-08, 5.62069466525e-08, 5.79114853849e-08, 3.08184979758e-08, 2.49613645309e-08, 1.934718874e-08, 1.95866487473e-08, 9.68922631017e-09, 5.85424064781e-09, 5.43242117956e-09, 2.64872257461e-09, 1.41462808134e-09, 7.50002282501e-10, 5.47851708443e-10, 6.40840713828e-10, 6.943484121e-10, 3.55063090041e-10, 2.5784163693e-10, 2.3700932883e-10, 1.67242719673e-10, 1.32999652958e-10, 1.19641657692e-10, 8.81991910062e-11, 1.15742561368e-10, 6.83410342206e-11, 5.6727643416e-11, 4.96708785214e-11, 2.25766055156e-11, 8.58593057762e-12], "min": [2.78124587277e-24, 5.25386017157e-24, 5.50210049894e-24, 7.31827681723e-24, 9.03444213882e-24, 9.86158961921e-24, 6.64657832251e-24, 6.0829368113e-24, 1.46120610811e-23, 9.30787710579e-24, 7.74203475172e-24, 7.53204076761e-24, 1.09201139474e-23, 3.70595690891e-24, 3.04164589936e-24, 1.28990054492e-23, 7.28565426336e-24, 9.8027563729e-24, 1.69337213236e-23, 8.45716240585e-24, 1.0007198354e-23, 5.72367417228e-24, 6.24957105576e-24, 1.1678432525e-23, 1.70734727662e-23, 9.34650289115e-24, 1.12354997485e-23, 1.01763695751e-23, 9.56087820873e-24, 1.01992268198e-23, 1.02666547057e-23, 1.17051007567e-23, 1.52561344558e-23, 1.18814703336e-23, 9.31054661109e-24, 9.16965368683e-24, 5.80732379938e-24, 9.24494651593e-24, 1.1919925725e-23, 1.01130650652e-23], "var": [5.40236260349e-06, 1.39851663334e-05, 8.764122299e-07, 1.18718980957e-06, 1.39462386528e-07, 3.98324061734e-07, 3.63307293583e-07, 7.64367825923e-07, 6.6471699256e-07, 7.04883007074e-07, 5.62161289963e-07, 5.35837365589e-08, 3.38884014184e-08, 4.28807460651e-08, 2.7407404346e-08, 2.07663628515e-08, 1.59759476759e-08, 1.16170806308e-08, 6.58917764795e-09, 3.51689233291e-09, 5.38479172363e-09, 1.52562507072e-09, 7.74687591854e-10, 3.35367011939e-10, 2.47716569479e-10, 4.56710724794e-10, 5.43177336443e-10, 2.3764368251e-10, 9.03280783504e-11, 9.82122022597e-11, 9.01972038725e-11, 8.0346194975e-11, 8.62927507228e-11, 8.93173660033e-11, 1.1976450387e-10, 8.60051405094e-11, 6.06383623869e-11, 3.90257964833e-11, 1.55801274659e-11, 7.99064807377e-12], "median": [0.000836633262224, 0.00111061346252, 0.000449020619271, 0.00022065336816, 0.000170767947566, 0.00013038374891, 8.64753310452e-05, 6.26598994131e-05, 5.29808457941e-05, 5.27546726516e-05, 4.11714536313e-05, 3.22210580634e-05, 2.16610351345e-05, 2.21753689402e-05, 3.15181496262e-05, 3.2395706512e-05, 2.02092378458e-05, 2.37566346186e-05, 1.62738397194e-05, 1.21512512123e-05, 1.46602542372e-05, 1.25926235341e-05, 1.16589999379e-05, 8.19258821139e-06, 7.73524152464e-06, 7.7364848039e-06, 7.55370820116e-06, 4.79128766528e-06, 3.43604597219e-06, 4.89170133733e-06, 3.77579135602e-06, 3.65443474948e-06, 4.33365312347e-06, 3.15067472911e-06, 3.12808242597e-06, 3.13912596539e-06, 2.07502353078e-06, 1.34541517127e-06, 1.05673291273e-06, 9.05866613721e-07]}, "silence_rate_60dB": {"dmean": 0.0142684662715, "dmean2": 0.0285400655121, "max": 1, "dvar": 0.0140660814941, "mean": 0.04521510005, "dvar2": 0.0321158617735, "min": 0, "var": 0.0431711599231, "median": 0}, "spectral_energyband_middle_high": {"dmean": 0.00231352681294, "dmean2": 0.00358867715113, "max": 0.0618484802544, "dvar": 1.24901362142e-05, "mean": 0.00598905188963, "dvar2": 2.9168164474e-05, "min": 1.481433827e-21, "var": 3.81242753065e-05, "median": 0.00389679451473}, "erbbands_skewness": {"dmean": 0.348901480436, "dmean2": 0.514266490936, "max": 9.85894489288, "dvar": 0.136174649, "mean": 0.241006270051, "dvar2": 0.269492417574, "min": -3.91962122917, "var": 0.825989723206, "median": 0.106716141105}, "dynamic_complexity": 3.27803945541, "dissonance": {"dmean": 0.0152589278296, "dmean2": 0.0252857580781, "max": 0.500000059605, "dvar": 0.000279528234387, "mean": 0.465673595667, "dvar2": 0.000727592559997, "min": 0.170373052359, "var": 0.00116440758575, "median": 0.474461495876}, "spectral_skewness": {"dmean": 0.152886614203, "dmean2": 0.230657503009, "max": 7.00932645798, "dvar": 0.0303979590535, "mean": 1.40391755104, "dvar2": 0.0688646882772, "min": -0.0677972063422, "var": 0.242219567299, "median": 1.36085307598}, "spectral_kurtosis": {"dmean": 0.866687595844, "dmean2": 1.33708262444, "max": 79.7894973755, "dvar": 2.73908567429, "mean": 3.32673978806, "dvar2": 7.40428447723, "min": -1.21400094032, "var": 16.4863471985, "median": 2.74483990669}, "gfcc": {"cov": [[14391.4970703, -1690.7121582, -985.652832031, -57.547077179, 16.6673717499, 854.251403809, -49.4006080627, 63.564037323, -349.098510742, -64.3114471436, -288.994659424, -10.1246366501, -300.95513916], [-1690.7121582, 1333.72070312, -132.234603882, 59.4580574036, 143.12562561, -147.943786621, 66.3478546143, 2.49328970909, 136.974151611, 9.8292427063, 53.4090309143, -47.5364341736, 37.8127212524], [-985.652832031, -132.234603882, 919.534606934, 194.170318604, 229.518615723, 101.57509613, 98.9373168945, 62.2161178589, 21.5993785858, 13.480047226, 32.0679244995, 38.9020042419, 18.6634197235], [-57.547077179, 59.4580574036, 194.170318604, 332.856231689, 132.508209229, 74.3334960938, -14.3022155762, 1.33809328079, 29.9156856537, 4.92175292969, 10.871837616, -1.86767542362, 20.8283214569], [16.6673717499, 143.12562561, 229.518615723, 132.508209229, 331.716674805, 88.4434738159, 52.6912765503, 13.227689743, 31.9030437469, 18.8617534637, -1.34822666645, -7.28866291046, 10.2744197845], [854.251403809, -147.943786621, 101.57509613, 74.3334960938, 88.4434738159, 287.539367676, 100.210113525, 38.4570159912, -57.177230835, -11.1603431702, -8.47873687744, -2.77448391914, -35.4732818604], [-49.4006080627, 66.3478546143, 98.9373168945, -14.3022155762, 52.6912765503, 100.210113525, 241.982925415, 90.6030883789, -6.93623971939, -26.6998310089, 3.89835858345, -15.3156795502, -14.0145664215], [63.564037323, 2.49328970909, 62.2161178589, 1.33809328079, 13.227689743, 38.4570159912, 90.6030883789, 144.084777832, 62.2646713257, 6.15076637268, -4.3102555275, -13.0927257538, -12.1152667999], [-349.098510742, 136.974151611, 21.5993785858, 29.9156856537, 31.9030437469, -57.177230835, -6.93623971939, 62.2646713257, 161.989776611, 59.6774024963, 14.019990921, -21.8497657776, 4.41793060303], [-64.3114471436, 9.8292427063, 13.480047226, 4.92175292969, 18.8617534637, -11.1603431702, -26.6998310089, 6.15076637268, 59.6774024963, 97.8103561401, 43.0694541931, 2.89231467247, -8.29314804077], [-288.994659424, 53.4090309143, 32.0679244995, 10.871837616, -1.34822666645, -8.47873687744, 3.89835858345, -4.3102555275, 14.019990921, 43.0694541931, 88.713973999, 33.929851532, 1.50353181362], [-10.1246366501, -47.5364341736, 38.9020042419, -1.86767542362, -7.28866291046, -2.77448391914, -15.3156795502, -13.0927257538, -21.8497657776, 2.89231467247, 33.929851532, 80.2199554443, 32.8704681396], [-300.95513916, 37.8127212524, 18.6634197235, 20.8283214569, 10.2744197845, -35.4732818604, -14.0145664215, -12.1152667999, 4.41793060303, -8.29314804077, 1.50353181362, 32.8704681396, 77.6874313354]], "mean": [30.007730484, 48.8479347229, -95.1375350952, 27.4940185547, -50.7582511902, 15.7628040314, -33.1486663818, 8.74948215485, -19.0170555115, 6.18863296509, -16.7165107727, 2.72428321838, -15.3491973877], "icov": [[0.000141143784276, 0.000131247477839, 0.000249833130511, -6.04216038482e-05, -0.00016289112682, -0.000303686741972, 8.81863161339e-05, -0.000154256864334, 0.000100685123471, -0.000129926949739, 0.000449745624792, -0.000406131293857, 0.000457344722236], [0.000131247477839, 0.0012871439103, 0.000606863293797, -0.000222550908802, -0.000872359552886, 0.000370594731066, -0.000568497460335, 0.000350540591171, -0.000861274660565, 0.000840019376483, -0.000939485093113, 0.000504395808093, -2.40511162701e-05], [0.000249833130511, 0.000606863293797, 0.00208486593328, -0.000818182830699, -0.00130359584, -0.000186538803973, -0.000463745003799, -0.000640418031253, 0.000105275234091, -7.53354106564e-05, 0.000288858660497, -0.00140374980401, 0.000868973555043], [-6.04216038482e-05, -0.000222550908802, -0.000818182830699, 0.00454932125285, -0.000866651476827, -0.0015911962837, 0.00155229005031, 0.000293702003546, -0.00126937660389, 0.0015788981691, -0.00171255669557, 0.00165873090737, -0.00186294701416], [-0.00016289112682, -0.000872359552886, -0.00130359584, -0.000866651476827, 0.00519541651011, -0.00108283921145, -0.000718881841749, 0.00127599050757, -0.00072239106521, -0.00145830330439, 0.00137464702129, 0.000277208833722, -0.00103163463064], [-0.000303686741972, 0.000370594731066, -0.000186538803973, -0.0015911962837, -0.00108283921145, 0.00707495259121, -0.00245836400427, -0.00102974823676, 0.00275051244535, -0.00123382476158, -5.17166809004e-05, -0.000115316070151, 0.00164591963403], [8.81863161339e-05, -0.000568497460335, -0.000463745003799, 0.00155229005031, -0.000718881841749, -0.00245836400427, 0.00806184951216, -0.00491376640275, 0.00157739198767, 0.00249337754212, -0.00253630359657, 0.00224140495993, -0.000748665013816], [-0.000154256864334, 0.000350540591171, -0.000640418031253, 0.000293702003546, 0.00127599050757, -0.00102974823676, -0.00491376640275, 0.0137403411791, -0.00756811629981, 0.00161597807892, 0.00109849486034, -0.00109015277121, 0.000967208296061], [0.000100685123471, -0.000861274660565, 0.000105275234091, -0.00126937660389, -0.00072239106521, 0.00275051244535, 0.00157739198767, -0.00756811629981, 0.0147650595754, -0.00826648063958, 0.00141362717841, 0.00279248063453, -0.00135092798155], [-0.000129926949739, 0.000840019376483, -7.53354106564e-05, 0.0015788981691, -0.00145830330439, -0.00123382476158, 0.00249337754212, 0.00161597807892, -0.00826648063958, 0.0205265879631, -0.01083769463, 0.00234588817693, 0.000892380892765], [0.000449745624792, -0.000939485093113, 0.000288858660497, -0.00171255669557, 0.00137464702129, -5.17166809004e-05, -0.00253630359657, 0.00109849486034, 0.00141362717841, -0.01083769463, 0.0231886953115, -0.0121729345992, 0.0055620665662], [-0.000406131293857, 0.000504395808093, -0.00140374980401, 0.00165873090737, 0.000277208833722, -0.000115316070151, 0.00224140495993, -0.00109015277121, 0.00279248063453, 0.00234588817693, -0.0121729345992, 0.0243451911956, -0.0117548136041], [0.000457344722236, -2.40511162701e-05, 0.000868973555043, -0.00186294701416, -0.00103163463064, 0.00164591963403, -0.000748665013816, 0.000967208296061, -0.00135092798155, 0.000892380892765, 0.0055620665662, -0.0117548136041, 0.0208880323917]]}, "spectral_complexity": {"dmean": 5.17923402786, "dmean2": 7.84939622879, "max": 60, "dvar": 38.7856864929, "mean": 20.5727615356, "dvar2": 79.0299682617, "min": 0, "var": 118.088729858, "median": 20}, "spectral_flux": {"dmean": 0.0299792289734, "dmean2": 0.0453753806651, "max": 0.313899874687, "dvar": 0.00117406994104, "mean": 0.092322319746, "dvar2": 0.00249146600254, "min": 1.04655915878e-10, "var": 0.00272189918905, "median": 0.0805633813143}, "spectral_energyband_low": {"dmean": 0.00704766996205, "dmean2": 0.0118448315188, "max": 0.114739947021, "dvar": 0.00021704757819, "mean": 0.0105827916414, "dvar2": 0.000574735517148, "min": 2.54049341311e-23, "var": 0.000225496230996, "median": 0.00576384039596}, "spectral_decrease": {"dmean": 2.78020984013e-09, "dmean2": 4.35346558803e-09, "max": 7.96123045373e-29, "dvar": 1.66174860972e-17, "mean": -6.81927936341e-09, "dvar2": 4.09364273614e-17, "min": -3.49354607465e-08, "var": 2.78039557553e-17, "median": -5.56713875e-09}, "barkbands_spread": {"dmean": 8.49388694763, "dmean2": 13.1750278473, "max": 133.418121338, "dvar": 97.6611633301, "mean": 34.0545005798, "dvar2": 222.192047119, "min": 0.260248124599, "var": 345.177307129, "median": 31.3657569885}, "spectral_rms": {"dmean": 0.000947677704971, "dmean2": 0.00141080608591, "max": 0.0114845056087, "dvar": 1.35787092859e-06, "mean": 0.00489707943052, "dvar2": 3.03862998408e-06, "min": 3.26890164243e-12, "var": 3.87150021197e-06, "median": 0.0047972612083}, "spectral_centroid": {"dmean": 309.500396729, "dmean2": 486.804779053, "max": 11294.2792969, "dvar": 119774.398438, "mean": 1656.33422852, "dvar2": 270774.25, "min": 166.487564087, "var": 430102.84375, "median": 1600.07067871}, "barkbands_skewness": {"dmean": 0.569003462791, "dmean2": 0.897795438766, "max": 17.8592777252, "dvar": 0.465443462133, "mean": 1.36641347408, "dvar2": 1.16692686081, "min": -4.99925708771, "var": 1.47231197357, "median": 1.17104911804}, "spectral_rolloff": {"dmean": 931.949645996, "dmean2": 1515.31970215, "max": 18863.0859375, "dvar": 2079801.375, "mean": 2277.26342773, "dvar2": 4459866, "min": 86.1328125, "var": 4970519.5, "median": 1614.99023438}, "erbbands_spread": {"dmean": 9.65146636963, "dmean2": 14.6513051987, "max": 144.427215576, "dvar": 97.693107605, "mean": 46.4667282104, "dvar2": 221.189071655, "min": 1.00665450096, "var": 429.636688232, "median": 44.2700881958}, "barkbands": {"dmean": [9.27229266381e-05, 0.00525152264163, 0.00244280719198, 0.000883673492353, 0.00176614499651, 0.000802441092674, 0.000914094503969, 0.00088453682838, 0.00103293720167, 0.000591637799516, 0.000376798096113, 0.000463456934085, 0.000507312593982, 0.00042900419794, 0.000458566355519, 0.000320382852806, 0.000275018071989, 0.000190106322407, 0.0002129713248, 0.000212361032027, 0.00018535462732, 0.00018779966922, 0.000193713436602, 0.000156883717864, 0.000133628287585, 0.000108548396383, 3.90834393329e-05], "dmean2": [0.000150269072037, 0.00911255273968, 0.00425099814311, 0.00147819600534, 0.00283242994919, 0.00125575810671, 0.00143798242789, 0.00131715519819, 0.00155028968584, 0.000911710143555, 0.000608732341789, 0.00075072835898, 0.000795433414169, 0.000696805887856, 0.000747342768591, 0.00052335759392, 0.000450486899354, 0.000312976946589, 0.000352371513145, 0.000347915251041, 0.000307719310513, 0.000295210425975, 0.000280694774119, 0.000231242069276, 0.000192274019355, 0.000161824922543, 5.49497199245e-05], "max": [0.0035031682346, 0.0975381284952, 0.0525463297963, 0.0300950426608, 0.0478594042361, 0.0825672373176, 0.0409160889685, 0.0497973710299, 0.0988600999117, 0.0659664347768, 0.0298064686358, 0.0542654171586, 0.0296566095203, 0.0208784602582, 0.0175642762333, 0.0179652199149, 0.00900383852422, 0.00473119551316, 0.00895272102207, 0.00798531062901, 0.00530275329947, 0.00581095181406, 0.00859848316759, 0.00699295382947, 0.00467016641051, 0.00477449642494, 0.00141580833588], "dvar": [3.47790169997e-08, 0.000122140132589, 2.86239319394e-05, 2.276858595e-06, 1.74767719727e-05, 3.85051225749e-06, 5.09007122673e-06, 5.36922470928e-06, 1.02879203041e-05, 2.87545162792e-06, 1.24598193452e-06, 1.54365022809e-06, 1.15101022402e-06, 8.55802738897e-07, 8.02332237981e-07, 4.56135040849e-07, 2.53476230228e-07, 1.26534260403e-07, 1.39027079626e-07, 1.52764400241e-07, 1.25329435718e-07, 1.18608660671e-07, 1.37500194342e-07, 1.29213418631e-07, 5.92269486788e-08, 5.76635592608e-08, 7.90313237076e-09], "mean": [0.000139013995067, 0.00690841814503, 0.00296938978136, 0.00118787435349, 0.0023998063989, 0.00143245328218, 0.0014865353005, 0.00182433833834, 0.00203640875407, 0.00106496573426, 0.000484090356622, 0.00068763497984, 0.000888372305781, 0.000611811818089, 0.00069422298111, 0.000495802611113, 0.000430684740422, 0.00030942822923, 0.000347755587427, 0.000349434965756, 0.000302097410895, 0.000348427740391, 0.000380436365958, 0.000297579535982, 0.000232801350649, 0.000176445973921, 6.30082868156e-05], "dvar2": [8.93799736446e-08, 0.000340683909599, 7.83646173659e-05, 6.08732170804e-06, 4.21078111685e-05, 8.79556773725e-06, 1.19537244245e-05, 1.12637799248e-05, 2.33150494751e-05, 6.40228154225e-06, 2.97471865451e-06, 3.91831781599e-06, 2.69785846285e-06, 2.12190775528e-06, 2.04664638659e-06, 1.14182955713e-06, 6.62814045427e-07, 3.32560460947e-07, 3.44396681839e-07, 3.67945631297e-07, 3.24150789766e-07, 2.77672398852e-07, 2.64344095058e-07, 2.54843740777e-07, 1.16001174888e-07, 1.42690495863e-07, 1.62316275976e-08], "min": [1.08605143227e-24, 1.26807513025e-23, 1.02139879851e-23, 9.95393840994e-24, 3.32945560807e-23, 5.26678755076e-23, 2.87126310621e-23, 6.26251555324e-23, 6.2882463027e-23, 4.48693575262e-23, 8.48235436331e-23, 2.84899608721e-23, 1.04726580002e-22, 7.17262627286e-23, 2.11436873813e-22, 1.33852113484e-22, 9.40789015353e-23, 2.14697848091e-22, 3.2736478011e-22, 3.29992229661e-22, 4.09233976544e-22, 7.5754310204e-22, 5.92839294885e-22, 6.7637014793e-22, 1.27008180938e-21, 2.09393400952e-21, 2.4838159785e-21], "var": [5.6033773177e-08, 0.000111131135782, 2.48815304076e-05, 2.53555708696e-06, 1.90073915292e-05, 8.18897751742e-06, 1.15378388728e-05, 2.54157184827e-05, 3.45389089489e-05, 1.15273569463e-05, 1.8021271444e-06, 2.84199927592e-06, 2.51779601967e-06, 1.53943517489e-06, 1.32763295824e-06, 1.0187324051e-06, 3.59376826964e-07, 1.59698060997e-07, 2.19665821533e-07, 2.74253608268e-07, 1.47158388586e-07, 1.98254468842e-07, 3.46259525941e-07, 2.74682918189e-07, 1.21337365044e-07, 7.74471331511e-08, 1.52801806763e-08], "median": [3.69165099983e-05, 0.00369348470122, 0.00125405122526, 0.00067566888174, 0.00108870782424, 0.000677884498145, 0.000357500393875, 0.000223065944738, 0.000364210602129, 0.000262037676293, 0.000131891865749, 0.000199467525817, 0.000308359449264, 0.000227437310969, 0.00024751239107, 0.000199619273189, 0.000224967021495, 0.000183513271622, 0.000199811707716, 0.000188247708138, 0.000185644312296, 0.000208488330827, 0.000203502830118, 0.000154640467372, 0.000117372794193, 8.93303367775e-05, 2.45589562837e-05]}, "melbands_kurtosis": {"dmean": 8.68667697906, "dmean2": 14.5434770584, "max": 349.860809326, "dvar": 332.715240479, "mean": 14.3488311768, "dvar2": 919.253662109, "min": -1.90032958984, "var": 612.034118652, "median": 6.93260908127}, "erbbands_crest": {"dmean": 2.70284771919, "dmean2": 4.30080890656, "max": 31.6109924316, "dvar": 7.55709791183, "mean": 9.08101844788, "dvar2": 18.104719162, "min": 2.29374170303, "var": 27.9206466675, "median": 7.5773601532}, "melbands_skewness": {"dmean": 0.865425348282, "dmean2": 1.38656294346, "max": 14.5321578979, "dvar": 1.18505084515, "mean": 2.74768066406, "dvar2": 3.04468512535, "min": -2.60409903526, "var": 3.35734701157, "median": 2.34003019333}, "spectral_energyband_middle_low": {"dmean": 0.00444603478536, "dmean2": 0.00678208516911, "max": 0.0992518812418, "dvar": 4.38247807324e-05, "mean": 0.0107946721837, "dvar2": 0.000102203637653, "min": 2.6762208446e-22, "var": 0.000118406838737, "median": 0.00701148062944}, "spectral_contrast_coeffs": {"dmean": [0.0514964684844, 0.0509584955871, 0.040655747056, 0.0332644581795, 0.0223335400224, 0.0184204466641], "dmean2": [0.083858333528, 0.0808002799749, 0.0644814521074, 0.0519683845341, 0.0360193513334, 0.0297182127833], "max": [-0.320902466774, -0.301756948233, -0.415669471025, -0.509812772274, -0.585639357567, -0.5521286726], "dvar": [0.00207693502307, 0.00193401367869, 0.00119231233839, 0.000785481883213, 0.000370305206161, 0.000296955608064], "mean": [-0.666514992714, -0.707830905914, -0.7626516819, -0.773063361645, -0.792557954788, -0.764619231224], "dvar2": [0.00519901607186, 0.00467504514381, 0.0028116190806, 0.00182599504478, 0.00087699375581, 0.000724867044482], "min": [-0.974506735802, -0.977340519428, -0.97553640604, -0.954724252224, -0.960025787354, -0.956908464432], "var": [0.00705652078614, 0.007593347691, 0.00630690902472, 0.00399580271915, 0.00180812459439, 0.00122961553279], "median": [-0.67685508728, -0.716220259666, -0.778801381588, -0.779690265656, -0.797721028328, -0.763165950775]}, "spectral_contrast_valleys": {"dmean": [0.391820788383, 0.385395050049, 0.378603190184, 0.353503674269, 0.298017412424, 0.2853756845], "dmean2": [0.61360013485, 0.614359259605, 0.587543845177, 0.526253759861, 0.447473078966, 0.384545505047], "max": [-5.41394615173, -5.08374547958, -5.18105506897, -5.32997465134, -5.48107004166, -7.51723146439], "dvar": [0.146164655685, 0.130504637957, 0.136740282178, 0.137058347464, 0.130616098642, 0.121716052294], "mean": [-7.28569126129, -7.00292062759, -7.42893362045, -7.60632514954, -7.34246826172, -9.4634809494], "dvar2": [0.290108382702, 0.28698989749, 0.283922404051, 0.268723458052, 0.269119739532, 0.214069142938], "min": [-27.2336158752, -26.8123588562, -27.4785881042, -27.2557563782, -27.3044643402, -27.327041626], "var": [1.5035867691, 1.22489869595, 1.58663189411, 1.64044559002, 1.50908470154, 1.88040733337], "median": [-6.98837709427, -6.85091161728, -7.27898025513, -7.44987106323, -7.17864322662, -9.21644687653]}, "silence_rate_20dB": {"dmean": 0, "dmean2": 0, "max": 1, "dvar": 0, "mean": 1, "dvar2": 0, "min": 1, "var": 0, "median": 1}, "silence_rate_30dB": {"dmean": 0.000439029739937, "dmean2": 0.00087815587176, "max": 1, "dvar": 0.000438858929556, "mean": 0.999670743942, "dvar2": 0.0010969148716, "min": 0, "var": 0.000329123926349, "median": 1}, "spectral_strongpeak": {"dmean": 0.561920762062, "dmean2": 0.948193728924, "max": 10.1964349747, "dvar": 0.871473133564, "mean": 1.03914368153, "dvar2": 2.17022061348, "min": 0, "var": 1.91200006008, "median": 0.402044653893}, "spectral_spread": {"dmean": 674162.5, "dmean2": 943092.1875, "max": 41324184, "dvar": 608997474304, "mean": 6165224, "dvar2": 1027626303490.0, "min": 1144733.25, "var": 3005486727170.0, "median": 5973560}, "barkbands_flatness_db": {"dmean": 0.0217023547739, "dmean2": 0.0353031903505, "max": 0.492661744356, "dvar": 0.000558278872631, "mean": 0.0993432998657, "dvar2": 0.00154067168478, "min": 0.0151995513588, "var": 0.00332819856703, "median": 0.0863926112652}, "pitch_salience": {"dmean": 0.0817341729999, "dmean2": 0.134871155024, "max": 0.913352966309, "dvar": 0.00646127574146, "mean": 0.529063045979, "dvar2": 0.0175793077797, "min": 0.0630469471216, "var": 0.0145316040143, "median": 0.532563567162}, "erbbands_kurtosis": {"dmean": 0.927447676659, "dmean2": 1.39706397057, "max": 154.357345581, "dvar": 3.37046051025, "mean": 0.69931948185, "dvar2": 5.27456378937, "min": -1.73248398304, "var": 28.5729084015, "median": -0.255666255951}, "average_loudness": 0.850846886635, "barkbands_crest": {"dmean": 2.9764509201, "dmean2": 4.8974480629, "max": 26.4598236084, "dvar": 7.75825691223, "mean": 10.0819950104, "dvar2": 21.7173805237, "min": 2.08720993996, "var": 18.9654598236, "median": 9.2609539032}, "hfc": {"dmean": 10.8440761566, "dmean2": 15.5515851974, "max": 180.572723389, "dvar": 250.419937134, "mean": 30.9992866516, "dvar2": 548.957397461, "min": 1.24068025983e-16, "var": 596.201538086, "median": 25.4056987762}, "barkbands_kurtosis": {"dmean": 2.66668963432, "dmean2": 4.27352142334, "max": 466.443878174, "dvar": 41.531993866, "mean": 3.17952275276, "dvar2": 87.6553573608, "min": -1.91830253601, "var": 146.696762085, "median": 0.815793275833}, "erbbands": {"dmean": [0.0985299274325, 1.37850737572, 3.29332947731, 2.3548810482, 6.42917966843, 4.61521482468, 4.38412380219, 7.50161647797, 11.2096643448, 15.6486368179, 19.5933456421, 23.0475845337, 21.0151348114, 15.5882978439, 15.8355588913, 18.0276679993, 22.6508178711, 19.9503917694, 24.4435901642, 17.633939743, 17.5663337708, 14.7375326157, 10.7513132095, 9.4150686264, 11.4192886353, 9.69331741333, 7.63837480545, 7.09055948257, 6.56638002396, 5.85539007187, 6.11107587814, 3.75288891792, 2.53148627281, 1.2093616724, 1.18901562691, 0.744045853615, 0.138650789857, 0.0354448966682, 0.00941574573517, 0.000243850474362], "dmean2": [0.161144852638, 2.40472126007, 5.65374135971, 4.01862478256, 10.3262367249, 7.56626033783, 7.01128101349, 11.7181406021, 17.4406967163, 23.9769763947, 28.6178207397, 34.593120575, 31.4926528931, 24.4584999084, 25.4232769012, 28.9823379517, 35.2097625732, 31.8517227173, 39.6608276367, 28.3030605316, 28.7458076477, 23.9601230621, 17.6274871826, 15.7401571274, 18.5990142822, 15.862326622, 13.0204353333, 11.4791231155, 10.3873844147, 8.89329242706, 8.90155887604, 5.39986562729, 3.81265568733, 1.7721221447, 1.74527013302, 1.12526893616, 0.205536872149, 0.0511250831187, 0.0131533164531, 0.00034355049138], "max": [2.18475866318, 23.7397136688, 69.2272415161, 47.8698501587, 192.352905273, 176.729019165, 260.360961914, 933.874206543, 845.331298828, 914.176330566, 1312.16918945, 2807.80712891, 2475.2668457, 1005.99285889, 1171.16894531, 1317.27087402, 1443.07397461, 1120.23083496, 1171.34619141, 812.284545898, 1023.31494141, 493.328369141, 287.799987793, 431.223724365, 367.917785645, 498.082855225, 180.545303345, 249.005813599, 187.129837036, 260.764404297, 247.840255737, 183.793609619, 149.866134644, 60.5552825928, 34.2021980286, 28.5927429199, 9.88030052185, 0.896340429783, 0.446269541979, 0.0093805687502], "dvar": [0.0279876664281, 9.40260791779, 56.9452400208, 14.6734170914, 272.704956055, 97.0892028809, 79.3696670532, 437.887084961, 982.915466309, 1361.85168457, 2638.23217773, 5929.97363281, 5020.24560547, 1392.81323242, 1876.34899902, 1941.18188477, 2297.22436523, 1918.34155273, 2487.76147461, 1368.70874023, 1439.51757812, 763.458190918, 396.290008545, 296.790527344, 405.076019287, 346.567810059, 223.984985352, 193.850036621, 148.356704712, 126.32674408, 134.207092285, 68.6746292114, 37.4500312805, 6.1555314064, 4.76276922226, 3.58143138885, 0.0668868049979, 0.00326371355914, 0.000724450743292, 3.46608203472e-07], "mean": [0.160589322448, 1.65282833576, 3.91367506981, 3.50506186485, 7.62179517746, 6.50786828995, 7.98215103149, 13.0674619675, 18.0001392365, 29.8997402191, 40.9455337524, 45.2659492493, 44.1135940552, 25.8051509857, 23.1426181793, 29.3166980743, 42.2706680298, 31.7130222321, 38.1467857361, 29.1244316101, 29.168132782, 24.5981349945, 18.3854656219, 15.7539491653, 19.761516571, 16.1632404327, 11.4242200851, 12.2862472534, 12.054479599, 11.4918050766, 11.5136785507, 7.71032190323, 4.16129875183, 2.19206190109, 1.95546734333, 1.151476264, 0.225811511278, 0.0578095018864, 0.0150774959475, 0.000412390654674], "dvar2": [0.0769514515996, 25.7514324188, 151.574935913, 39.4582710266, 652.598022461, 247.692153931, 196.666610718, 997.885314941, 2343.87695312, 3015.85986328, 5467.13330078, 13872.4990234, 11167.2119141, 3250.98144531, 4512.66357422, 4950.90283203, 5352.52392578, 4616.0234375, 6308.28027344, 3390.328125, 3589.92163086, 1963.57470703, 1035.99951172, 760.559631348, 977.96661377, 819.127746582, 597.982543945, 485.64743042, 352.625579834, 267.967834473, 267.830444336, 130.668426514, 80.9807662964, 12.0866804123, 9.57620048523, 9.20674037933, 0.152771174908, 0.00686859246343, 0.00150245369878, 7.23987284346e-07], "min": [1.60016572361e-22, 3.54954711905e-21, 8.8694812766e-21, 2.2950260189e-20, 6.42366685594e-20, 1.44048372571e-19, 2.74188116733e-19, 4.21860897481e-19, 4.54233256988e-19, 5.08016902307e-19, 1.68177812651e-18, 1.52575800771e-18, 1.57816817132e-18, 1.90975448e-18, 2.48930285976e-18, 1.31041869923e-18, 4.05316059968e-18, 4.32766917135e-18, 7.30548380778e-18, 9.54665853996e-18, 8.16267949604e-18, 5.83571289945e-18, 1.04804048308e-17, 1.95688946469e-17, 1.41780725681e-17, 1.65116533009e-17, 1.75144211965e-17, 1.64401749698e-17, 2.19353839332e-17, 2.3805253832e-17, 1.67867950793e-17, 1.12396193212e-17, 1.53416642271e-17, 1.23860047962e-17, 1.02768323734e-17, 6.07668012446e-18, 4.35759408437e-18, 1.49591033268e-18, 3.8465338295e-19, 3.66628581027e-20], "var": [0.0460166297853, 7.77292299271, 47.7797775269, 17.8701305389, 274.424316406, 113.176834106, 147.827713013, 886.495910645, 1586.30236816, 5673.04443359, 11164.4111328, 17449.9902344, 22485.96875, 2843.5402832, 2858.63867188, 3756.29858398, 5506.17919922, 4142.60595703, 3861.62109375, 2536.45532227, 3681.96850586, 1155.9588623, 519.729553223, 358.928955078, 753.154846191, 629.970031738, 224.743942261, 255.404251099, 240.948608398, 263.667572021, 321.572540283, 164.239837646, 63.3344573975, 12.4737958908, 9.01543998718, 4.35548782349, 0.0986851602793, 0.0061796400696, 0.00136056868359, 6.46880039312e-07], "median": [0.0622380562127, 0.850306212902, 1.79790306091, 2.06698203087, 2.83262658119, 3.22344899178, 4.68045473099, 5.85840606689, 5.8988442421, 6.17795658112, 6.7929725647, 9.09124183655, 9.10303592682, 8.7055606842, 7.39175891876, 11.3672361374, 15.5296230316, 13.3852367401, 15.9965629578, 10.845790863, 12.8896598816, 13.1283359528, 11.469455719, 10.4185247421, 10.824131012, 8.74158191681, 6.6783156395, 7.39452219009, 7.2577791214, 6.49280548096, 5.8249707222, 4.0695066452, 1.99242627621, 1.16619992256, 0.885111391544, 0.4904281497, 0.128372848034, 0.0307918600738, 0.00491177616641, 0.000179118767846]}, "spectral_energy": {"dmean": 0.0111618479714, "dmean2": 0.0172763038427, "max": 0.135191202164, "dvar": 0.00025484157959, "mean": 0.0285492483526, "dvar2": 0.000616787117906, "min": 1.09528608573e-20, "var": 0.00044957146747, "median": 0.0235890597105}, "zerocrossingrate": {"dmean": 0.0164006985724, "dmean2": 0.0189149230719, "max": 0.5341796875, "dvar": 0.000358859047992, "mean": 0.0935007706285, "dvar2": 0.00040963999345, "min": 0.00390625, "var": 0.0026273666881, "median": 0.08349609375}, "spectral_energyband_high": {"dmean": 0.00089550280245, "dmean2": 0.00127999146935, "max": 0.0191427543759, "dvar": 2.07032053368e-06, "mean": 0.00193952699192, "dvar2": 4.321042069