{"lowlevel": {"erbbands": {"mean": [0.0190921965986, 0.225350767374, 1.24156653881, 4.59572649002, 5.95410013199, 12.2236003876, 33.5305328369, 47.926574707, 35.0328063965, 14.4273948669, 20.4623355865, 33.3284339905, 35.8209266663, 15.1003856659, 10.6145372391, 15.1847600937, 16.2118110657, 15.3469409943, 9.56428337097, 6.45007562637, 4.24628639221, 3.26957941055, 2.7499320507, 2.03658699989, 3.15785098076, 1.80925858021, 0.965648233891, 0.999438643456, 1.31343126297, 1.41901016235, 1.30053913593, 1.11952102184, 0.905652582645, 0.397605240345, 0.151844739914, 0.0598975680768, 0.0173892285675, 0.00279246433638, 0.000332552823238, 4.20611213485e-05], "dvar": [0.0117932287976, 0.398722022772, 3.0400428772, 59.1803283691, 62.8277359009, 240.645462036, 1576.12023926, 3754.30175781, 2331.63818359, 1075.78674316, 1425.89086914, 4714.37109375, 7245.1484375, 2151.99975586, 1191.5480957, 2651.71289063, 3299.08007813, 2055.19848633, 1076.96447754, 484.691772461, 96.0644302368, 56.732131958, 36.1263237, 39.3052215576, 93.7516937256, 29.4179592133, 5.17810869217, 16.0055503845, 23.4501571655, 23.5348434448, 26.0333900452, 20.4317493439, 10.4461622238, 1.46188759804, 0.194926798344, 0.0319423675537, 0.00186564738397, 6.82603858877e-05, 1.72273064436e-06, 7.18554415968e-09], "min": [1.14246940939e-05, 1.00303832369e-05, 1.34440881538e-06, 4.87264401272e-07, 2.88010937766e-07, 1.773349112e-07, 2.31161067177e-07, 1.18255790937e-07, 8.59015898413e-08, 7.05178138105e-08, 6.24772127367e-08, 4.61672975405e-08, 3.557010686e-08, 3.83072027432e-08, 4.05194349185e-08, 5.30125845444e-08, 4.0392443168e-08, 6.22473166345e-08, 5.4119407622e-08, 5.35988853301e-08, 4.89438178874e-08, 7.29089819629e-08, 9.39111757248e-08, 7.68041701349e-08, 6.06709207318e-08, 1.10547553334e-07, 1.13763782394e-07, 1.09724140884e-07, 1.42950796089e-07, 1.58623279845e-07, 2.04453840524e-07, 2.12033882008e-07, 2.23750973305e-07, 2.21866443439e-07, 1.66687968317e-07, 1.22512005873e-07, 9.63521671338e-08, 4.14266381199e-08, 3.30083231859e-08, 3.88706951071e-08], "dmean": [0.0217663422227, 0.162485152483, 0.579821825027, 2.06464958191, 2.84220457077, 6.13454389572, 16.2753505707, 23.8539791107, 18.1761169434, 9.01527881622, 11.8676624298, 20.6214599609, 21.2865486145, 9.76186561584, 6.78179836273, 10.1457033157, 10.5055036545, 10.2429943085, 6.7019701004, 4.91612768173, 2.6208562851, 2.1630525589, 1.77965462208, 1.28946197033, 2.21567964554, 1.25408172607, 0.683028161526, 0.819159090519, 1.07899212837, 1.15660226345, 1.09268426895, 0.913083434105, 0.727279722691, 0.301025867462, 0.119258753955, 0.0470768995583, 0.013730596751, 0.00232168333605, 0.000281478831312, 2.04116422537e-05], "dmean2": [0.0392468236387, 0.280969053507, 0.909028053284, 2.9932975769, 4.21986627579, 8.97750663757, 24.0837593079, 34.9678268433, 26.3297710419, 13.0050106049, 16.6126003265, 27.7133350372, 28.0366382599, 12.4225826263, 8.59297275543, 13.2467193604, 13.7833271027, 14.1779022217, 9.50586128235, 7.07508563995, 3.46470522881, 3.10472941399, 2.54557728767, 1.83267092705, 3.26162457466, 1.82096457481, 1.04826128483, 1.26249372959, 1.6540851593, 1.74593818188, 1.63776624203, 1.36419248581, 1.07786595821, 0.455473691225, 0.183237865567, 0.0729135721922, 0.0216920990497, 0.00377517100424, 0.000459286209662, 3.12633528665e-05], "dvar2": [0.0337110944092, 1.07737100124, 6.02512454987, 103.790794373, 125.842185974, 490.728729248, 3305.56884766, 7989.60595703, 4770.0703125, 2018.83435059, 2613.49780273, 8920.20898438, 12129.5849609, 3200.09960938, 1981.3458252, 4757.16259766, 5271.55273438, 4061.50634766, 2244.7421875, 1087.34692383, 166.346252441, 118.631317139, 75.0799407959, 78.8574523926, 180.703323364, 58.9739723206, 12.3220834732, 38.3779258728, 55.84790802, 55.3168907166, 59.495803833, 42.6599273682, 22.238193512, 2.85663175583, 0.405419707298, 0.0737308263779, 0.00459001073614, 0.000184145508683, 4.79814161736e-06, 2.004901134e-08], "max": [3.25119304657, 19.7054405212, 53.4943733215, 295.664794922, 178.393249512, 373.398376465, 810.020324707, 1296.06774902, 1280.26611328, 949.701171875, 1198.7052002, 1738.91052246, 2138.44238281, 2338.0715332, 1264.06079102, 2476.57592773, 3039.88623047, 1180.15075684, 1329.17919922, 777.505493164, 360.278503418, 287.016143799, 239.345947266, 320.759124756, 603.730773926, 213.086273193, 59.2936668396, 198.570007324, 231.324325562, 130.788162231, 232.078186035, 262.988891602, 151.516494751, 55.1938896179, 17.1923217773, 8.24414920807, 1.37213611603, 0.322656273842, 0.0487042032182, 0.00392703386024], "median": [0.00347309536301, 0.0236229673028, 0.119938120246, 0.331747591496, 0.988787293434, 3.13800024986, 7.03995323181, 8.70922374725, 5.84500741959, 2.27185678482, 2.6687335968, 2.53818202019, 1.46895766258, 0.759864032269, 0.436374098063, 0.51618462801, 0.463671982288, 0.464339196682, 0.47585824132, 0.408391833305, 0.415300667286, 0.399282515049, 0.377823501825, 0.281626522541, 0.337294816971, 0.204947829247, 0.234387114644, 0.184483751655, 0.207639276981, 0.207758590579, 0.167312368751, 0.158320218325, 0.159660115838, 0.0859786197543, 0.0401688627899, 0.0166436042637, 0.00442979112267, 0.000671230081934, 8.4107661678e-05, 2.43263366428e-05], "var": [0.00721858721226, 0.48210310936, 8.74254703522, 190.836654663, 174.759765625, 631.356933594, 4675.63623047, 8932.56835938, 5969.84228516, 1957.55810547, 3298.13891602, 9540.28125, 19114.6386719, 5137.60351563, 2909.65307617, 5355.99462891, 8873.16601563, 3908.38598633, 1869.95849609, 671.205627441, 250.74055481, 105.738754272, 74.1403961182, 80.3506164551, 182.398727417, 54.2854347229, 6.6194152832, 17.0461158752, 25.4048442841, 27.3067035675, 31.9650421143, 27.4310569763, 14.2778348923, 2.44535708427, 0.303029894829, 0.04009988904, 0.00226177927107, 6.26680048299e-05, 1.27564408103e-06, 6.00320593236e-09]}, "gfcc": {"icov": [[0.000131750814035, -8.93758115126e-05, 0.000245254253969, -4.81872084492e-05, 0.000153456290718, -0.000291790609481, 0.000418091192842, -0.000130193744553, 0.000317872152664, -0.000151690808707, 0.00024764140835, -0.000191396058653, 0.000272237870377], [-8.93758115126e-05, 0.00141577690374, -0.000468886893941, 0.000624717969913, -0.000753794796765, 0.00135248340666, -0.000876971287653, 0.000875200901646, -0.000244060414843, 0.000975327449851, -0.000860332627781, 0.0012505762279, -0.000392315676436], [0.000245254253969, -0.000468886893941, 0.00154891575221, -0.000845133501571, 0.000144953868585, -0.000860425934661, 0.00116574787535, -0.00055851804791, 0.00100317329634, -0.000319270795444, 0.00101409375202, -0.00101525627542, 0.000867826631293], [-4.81872084492e-05, 0.000624717969913, -0.000845133501571, 0.002383134095, -0.000809158664197, 0.000589173519984, -0.000479652051581, 0.00107282667886, -0.00131635635626, 0.00044097265345, 4.53092834505e-05, 0.00121115508955, -0.000350741582224], [0.000153456290718, -0.000753794796765, 0.000144953868585, -0.000809158664197, 0.00334213208407, -0.0019555313047, 0.000432970933616, -0.000239877947024, 0.000198648165679, -0.000423415011028, 0.000217667329707, 4.5350221626e-05, -3.85616731364e-05], [-0.000291790609481, 0.00135248340666, -0.000860425934661, 0.000589173519984, -0.0019555313047, 0.00609457259998, -0.00263694487512, 0.000225816562306, 0.000119867909234, 0.000866355490871, -0.000881432555616, 0.00065521459328, 0.000823874433991], [0.000418091192842, -0.000876971287653, 0.00116574787535, -0.000479652051581, 0.000432970933616, -0.00263694487512, 0.00554475234821, -0.0027983605396, 0.00135195476469, -0.000825131777674, 0.000493739033118, -0.0011353812879, 0.00136028043926], [-0.000130193744553, 0.000875200901646, -0.00055851804791, 0.00107282667886, -0.000239877947024, 0.000225816562306, -0.0027983605396, 0.00836752448231, -0.00376670132391, -0.000191526356502, 0.00101906328928, 0.00115187186748, -0.000831255223602], [0.000317872152664, -0.000244060414843, 0.00100317329634, -0.00131635635626, 0.000198648165679, 0.000119867909234, 0.00135195476469, -0.00376670132391, 0.00872844830155, -0.00358347338624, 0.000475273700431, -0.000196328648599, 6.97704017512e-05], [-0.000151690808707, 0.000975327449851, -0.000319270795444, 0.00044097265345, -0.000423415011028, 0.000866355490871, -0.000825131777674, -0.000191526356502, -0.00358347338624, 0.00994858331978, -0.00440473528579, 0.000252725061728, 0.000250474055065], [0.00024764140835, -0.000860332627781, 0.00101409375202, 4.53092834505e-05, 0.000217667329707, -0.000881432555616, 0.000493739033118, 0.00101906328928, 0.000475273700431, -0.00440473528579, 0.00953973457217, -0.00476079247892, 0.000473880092613], [-0.000191396058653, 0.0012505762279, -0.00101525627542, 0.00121115508955, 4.5350221626e-05, 0.00065521459328, -0.0011353812879, 0.00115187186748, -0.000196328648599, 0.000252725061728, -0.00476079247892, 0.0121165020391, -0.00445814989507], [0.000272237870377, -0.000392315676436, 0.000867826631293, -0.000350741582224, -3.85616731364e-05, 0.000823874433991, 0.00136028043926, -0.000831255223602, 6.97704017512e-05, 0.000250474055065, 0.000473880092613, -0.00445814989507, 0.00892571359873]], "mean": [-108.38722229, 90.5327529907, -78.0505905151, 15.1829175949, -73.5329208374, -0.849221110344, -49.1236381531, 3.48379802704, -20.1459159851, 2.02468299866, -11.5335483551, 0.69880181551, -5.92874670029], "cov": [[15789.2519531, -202.973648071, -1939.47705078, -927.896118164, -747.993713379, 109.276992798, -730.094421387, -253.915008545, -512.605041504, -105.51449585, -135.088989258, 2.53181576729, -248.685668945], [-202.973648071, 1296.42333984, 197.499298096, -110.935646057, 138.947906494, -186.58682251, -18.9209957123, -153.243621826, -120.867263794, -145.110794067, -4.96735477448, -84.5465774536, 9.09808826447], [-1939.47705078, 197.499298096, 1497.5032959, 527.36114502, 254.97354126, 90.2518310547, -76.3070755005, -53.5772819519, -80.3358459473, -131.398880005, -176.666320801, -86.1180038452, -86.9484710693], [-927.896118164, -110.935646057, 527.36114502, 767.600402832, 206.779708862, 44.5413780212, -16.3752193451, -16.341211319, 63.9059944153, -39.7501068115, -110.942367554, -95.8295288086, -41.2880096436], [-747.993713379, 138.947906494, 254.97354126, 206.779708862, 477.988555908, 142.868118286, 73.2776870728, 8.14795303345, 3.41047406197, -24.0945701599, -35.4624938965, -54.815071106, -34.1208763123], [109.276992798, -186.58682251, 90.2518310547, 44.5413780212, 142.868118286, 335.136993408, 142.592590332, 53.8004989624, -20.199842453, -4.91870307922, -24.4125232697, -24.1147136688, -76.0491867065], [-730.094421387, -18.9209957123, -76.3070755005, -16.3752193451, 73.2776870728, 142.592590332, 373.535888672, 123.799667358, 38.2528457642, 36.0146217346, 18.4696979523, -4.723320961, -34.6798324585], [-253.915008545, -153.243621826, -53.5772819519, -16.341211319, 8.14795303345, 53.8004989624, 123.799667358, 221.904983521, 107.046661377, 54.2831573486, -11.1644163132, -8.60092544556, -3.61902880669], [-512.605041504, -120.867263794, -80.3358459473, 63.9059944153, 3.41047406197, -20.199842453, 38.2528457642, 107.046661377, 229.733795166, 103.372398376, 35.6228523254, 10.653342247, 25.3961906433], [-105.51449585, -145.110794067, -131.398880005, -39.7501068115, -24.0945701599, -4.91870307922, 36.0146217346, 54.2831573486, 103.372398376, 196.925125122, 107.232803345, 52.7463302612, 22.288444519], [-135.088989258, -4.96735477448, -176.666320801, -110.942367554, -35.4624938965, -24.4125232697, 18.4696979523, -11.1644163132, 35.6228523254, 107.232803345, 223.003860474, 103.909477234, 51.7375564575], [2.53181576729, -84.5465774536, -86.1180038452, -95.8295288086, -54.815071106, -24.1147136688, -4.723320961, -8.60092544556, 10.653342247, 52.7463302612, 103.909477234, 163.977661133, 77.5441207886], [-248.685668945, 9.09808826447, -86.9484710693, -41.2880096436, -34.1208763123, -76.0491867065, -34.6798324585, -3.61902880669, 25.3961906433, 22.288444519, 51.7375564575, 77.5441207886, 173.832855225]]}, "spectral_skewness": {"mean": 2.33236193657, "dvar": 0.238435193896, "min": -0.622578680515, "dmean": 0.44987103343, "dmean2": 0.676988482475, "dvar2": 0.547352790833, "max": 9.08560562134, "median": 2.26527309418, "var": 0.777939558029}, "spectral_energyband_low": {"mean": 0.00345103954896, "dvar": 2.49515123869e-05, "min": 1.16332387279e-06, "dmean": 0.00173277454451, "dmean2": 0.00272026308812, "dvar2": 5.64048896194e-05, "max": 0.128593161702, "median": 0.000668757013045, "var": 5.41402623639e-05}, "spectral_energyband_middle_low": {"mean": 0.0155994705856, "dvar": 6.75399278407e-05, "min": 4.67866891063e-11, "dmean": 0.00530531443655, "dmean2": 0.00749415857717, "dvar2": 0.000129017484142, "max": 0.111717656255, "median": 0.00931610912085, "var": 0.000294551078696}, "mfcc": {"icov": [[0.000119627824461, 1.21544253489e-05, 0.000100021352409, 0.000136706919875, -2.95877307508e-05, -8.04860173957e-05, 0.000101694131445, 1.33214189191e-05, 0.000147668557474, 1.67764264916e-05, 0.000104810591438, 5.37740161235e-05, 7.98582768766e-05], [1.21544253489e-05, 0.000824518501759, -2.87856000796e-05, -2.66774750344e-05, -0.000124953410705, 0.000458796072053, -0.000412293098634, 0.000272091449006, 0.000169308972545, 0.000449704966741, 9.94998190436e-05, 0.000140598087455, 0.000223986557103], [0.000100021352409, -2.87856000796e-05, 0.00147107045632, -0.000600349798333, -0.000183755881153, -0.000275292695733, 0.000329232483637, -0.000326992798364, 9.65081635513e-05, 0.000428607949289, 0.000428815430496, -0.000429595296737, 0.000584814930335], [0.000136706919875, -2.66774750344e-05, -0.000600349798333, 0.00280860811472, -0.000643836508971, -0.000676880008541, 0.00047745835036, 0.000263526075287, -0.000664315302856, -0.000261190842139, 0.000440593954409, 0.000175313078216, -0.000411403249018], [-2.95877307508e-05, -0.000124953410705, -0.000183755881153, -0.000643836508971, 0.00324513250962, -0.00142974371556, 0.000254062790191, 0.00013696255337, -0.000373090297217, -0.000297784456052, 0.000974312017206, 0.000172004380147, 0.000120763310406], [-8.04860173957e-05, 0.000458796072053, -0.000275292695733, -0.000676880008541, -0.00142974371556, 0.00619214586914, -0.0025768019259, -0.000650265603326, 0.000551090401132, 0.000149056868395, -0.000959964876529, 0.000860210682731, -0.00032346646185], [0.000101694131445, -0.000412293098634, 0.000329232483637, 0.00047745835036, 0.000254062790191, -0.0025768019259, 0.00576395913959, -0.00206095376052, -5.30714487468e-06, 0.000397381081712, -0.00038731112727, -0.000601516105235, 0.000947758206166], [1.33214189191e-05, 0.000272091449006, -0.000326992798364, 0.000263526075287, 0.00013696255337, -0.000650265603326, -0.00206095376052, 0.00751432729885, -0.00222272565588, 0.00026439956855, -0.000644387328066, 0.000393998838263, 0.000541452609468], [0.000147668557474, 0.000169308972545, 9.65081635513e-05, -0.000664315302856, -0.000373090297217, 0.000551090401132, -5.30714487468e-06, -0.00222272565588, 0.00746796792373, -0.00277998787351, -0.000115095215733, -0.000122752113384, 0.000429052772233], [1.67764264916e-05, 0.000449704966741, 0.000428607949289, -0.000261190842139, -0.000297784456052, 0.000149056868395, 0.000397381081712, 0.00026439956855, -0.00277998787351, 0.00709459884092, -0.00196904316545, 0.000432922010077, -0.00067442987347], [0.000104810591438, 9.94998190436e-05, 0.000428815430496, 0.000440593954409, 0.000974312017206, -0.000959964876529, -0.00038731112727, -0.000644387328066, -0.000115095215733, -0.00196904316545, 0.0069440966472, -0.00247582723387, 0.00114740431309], [5.37740161235e-05, 0.000140598087455, -0.000429595296737, 0.000175313078216, 0.000172004380147, 0.000860210682731, -0.000601516105235, 0.000393998838263, -0.000122752113384, 0.000432922010077, -0.00247582723387, 0.00770830409601, -0.003226964036], [7.98582768766e-05, 0.000223986557103, 0.000584814930335, -0.000411403249018, 0.000120763310406, -0.00032346646185, 0.000947758206166, 0.000541452609468, 0.000429052772233, -0.00067442987347, 0.00114740431309, -0.003226964036, 0.00726679060608]], "mean": [-766.938354492, 127.384368896, 38.1602745056, 16.243642807, 2.89314651489, -7.1666893959, -13.2513484955, -7.05685520172, -7.33904600143, -1.28241109848, -1.93042445183, -2.74251556396, -2.74610471725], "cov": [[11148.203125, 71.3358001709, -1016.7979126, -853.2578125, -131.424728394, -86.5238571167, -171.844177246, -204.23135376, -422.328796387, -205.143295288, -196.647323608, -212.178909302, -112.502220154], [71.3358001709, 1478.92834473, 78.3599319458, -22.4472389221, 28.5986213684, -86.0070953369, 47.5463256836, -72.0705490112, -114.789154053, -174.906951904, -107.508033752, -66.7760391235, -81.2149505615], [-1016.7979126, 78.3599319458, 996.55645752, 331.24710083, 180.059890747, 86.2286605835, -10.8868074417, 38.139755249, 25.9694709778, -65.1631546021, -91.7671966553, -9.30751609802, -50.4890518188], [-853.2578125, -22.4472389221, 331.24710083, 572.391723633, 193.710922241, 87.5439376831, -29.9197463989, 9.05984592438, 78.5591659546, 29.4633045197, -58.8350143433, -16.0155487061, 19.995010376], [-131.424728394, 28.5986213684, 180.059890747, 193.710922241, 440.778503418, 123.974578857, 11.2165155411, 13.1199703217, 33.5169792175, 2.20880484581, -78.2492599487, -50.0584640503, -18.8564128876], [-86.5238571167, -86.0070953369, 86.2286605835, 87.5439376831, 123.974578857, 273.510131836, 128.525314331, 72.135093689, 22.1733894348, 7.58846235275, 23.734254837, -25.2883319855, -25.9866771698], [-171.844177246, 47.5463256836, -10.8868074417, -29.9197463989, 11.2165155411, 128.525314331, 290.011413574, 105.203620911, 23.9032230377, -6.03841972351, 53.6041908264, -0.405837088823, -51.1390533447], [-204.23135376, -72.0705490112, 38.139755249, 9.05984592438, 13.1199703217, 72.135093689, 105.203620911, 199.98928833, 73.854347229, 27.6113986969, 46.5271339417, -6.00089836121, -35.5293121338], [-422.328796387, -114.789154053, 25.9694709778, 78.5591659546, 33.5169792175, 22.1733894348, 23.9032230377, 73.854347229, 212.161239624, 100.937240601, 44.2702865601, 10.1106243134, -3.31248164177], [-205.143295288, -174.906951904, -65.1631546021, 29.4633045197, 2.20880484581, 7.58846235275, -6.03841972351, 27.6113986969, 100.937240601, 219.156555176, 78.4149017334, 22.7879238129, 25.707359314], [-196.647323608, -107.508033752, -91.7671966553, -58.8350143433, -78.2492599487, 23.734254837, 53.6041908264, 46.5271339417, 44.2702865601, 78.4149017334, 227.303222656, 70.3754806519, 1.45298409462], [-212.178909302, -66.7760391235, -9.30751609802, -16.0155487061, -50.0584640503, -25.2883319855, -0.405837088823, -6.00089836121, 10.1106243134, 22.7879238129, 70.3754806519, 191.395950317, 79.8377532959], [-112.502220154, -81.2149505615, -50.4890518188, 19.995010376, -18.8564128876, -25.9866771698, -51.1390533447, -35.5293121338, -3.31248164177, 25.707359314, 1.45298409462, 79.8377532959, 192.82649231]]}, "silence_rate_20dB": {"mean": 1, "dvar": 0, "min": 1, "dmean": 0, "dmean2": 0, "dvar2": 0, "max": 1, "median": 1, "var": 0}, "dynamic_complexity": 5.47367668152, "silence_rate_60dB": {"mean": 0.227573558688, "dvar": 0.0548352263868, "min": 0, "dmean": 0.0582137145102, "dmean2": 0.116436719894, "dvar2": 0.11627202481, "max": 1, "median": 0, "var": 0.175778448582}, "dissonance": {"mean": 0.378047198057, "dvar": 0.00150640681386, "min": 0.123977199197, "dmean": 0.0433861576021, "dmean2": 0.0704328119755, "dvar2": 0.00372181483544, "max": 0.499980539083, "median": 0.382919371128, "var": 0.00434210523963}, "barkbands": {"mean": [0.000550565076992, 0.000850383134093, 0.00128969270736, 0.00186382990796, 0.00350686977617, 0.00576975150034, 0.00172687356826, 0.0007404088974, 0.00156263122335, 0.000802144291811, 0.000220095636905, 0.000354535557562, 0.000348707893863, 0.000274473539321, 0.000157425936777, 8.42373556225e-05, 5.71916425542e-05, 4.71429266327e-05, 5.43661772099e-05, 3.61743987014e-05, 2.41959951381e-05, 3.73662696802e-05, 4.68668549729e-05, 5.45032416994e-05, 2.76643950201e-05, 1.06921352199e-05, 1.92203356164e-06], "dvar": [1.43444128753e-06, 9.62033209362e-06, 4.40357734988e-06, 1.27353087009e-05, 1.40406573337e-05, 3.51935632352e-05, 9.33314640861e-06, 2.91117498818e-06, 8.55005782796e-06, 4.61585614175e-06, 9.42075587318e-07, 1.91405933947e-06, 1.67352595781e-06, 7.01133558323e-07, 3.28422800067e-07, 8.18865757424e-08, 2.06912940115e-08, 1.49079575351e-08, 3.06167997621e-08, 1.09503055512e-08, 5.6516418212e-09, 1.67211169355e-08, 3.42305490619e-08, 3.81952105499e-08, 6.34356167595e-09, 7.84575071577e-10, 5.30114389885e-11], "min": [1.25638655035e-08, 6.70513387035e-08, 1.03454185052e-13, 2.81075206512e-12, 7.93426001983e-12, 1.07557955598e-11, 1.15989097667e-12, 9.859844061e-13, 3.87487513864e-13, 3.16832335107e-13, 2.075256064e-13, 7.56352174901e-13, 2.80743852644e-13, 8.51484193484e-13, 8.91921031389e-13, 3.94544802645e-13, 1.02752441972e-12, 1.66710341278e-12, 1.1290558332e-12, 2.11400385045e-12, 2.34660815085e-12, 4.16615700272e-12, 6.02350678017e-12, 9.86390830127e-12, 1.93171867391e-11, 4.37883999893e-11, 9.16855411037e-11], "dmean": [0.000517785665579, 0.000718420254998, 0.000614118413068, 0.000891211326234, 0.00162591296248, 0.002601608634, 0.00101356697269, 0.000461519346572, 0.000923974672332, 0.000514975341503, 0.000163726319443, 0.000257022824371, 0.00023983886058, 0.000193574960576, 0.000123736303067, 6.05054738116e-05, 4.0399714635e-05, 3.16441255563e-05, 3.95558708988e-05, 2.63124420599e-05, 1.87115965673e-05, 3.02983189613e-05, 3.93930058635e-05, 4.33720815636e-05, 2.08390156331e-05, 8.2853857748e-06, 1.64255936852e-06], "dmean2": [0.000833681202494, 0.00126283173449, 0.000949276960455, 0.00130896060728, 0.00242820684798, 0.00383772933856, 0.00147085485514, 0.000676949101035, 0.00123606505804, 0.000708545790985, 0.000221022870392, 0.000347658467945, 0.000336862780387, 0.000276861363091, 0.000181921423064, 8.72665041243e-05, 5.98386104684e-05, 4.58165995951e-05, 5.86619280512e-05, 3.84288941859e-05, 2.90373391181e-05, 4.61852177978e-05, 5.90616036789e-05, 6.38195779175e-05, 3.18061320286e-05, 1.28715728351e-05, 2.67520613306e-06], "dvar2": [3.50119421455e-06, 2.67321393039e-05, 8.07164269645e-06, 2.27849850489e-05, 2.86766680802e-05, 7.24221972632e-05, 1.84441505553e-05, 5.57181328986e-06, 1.51292606461e-05, 8.17987802293e-06, 1.62088053912e-06, 3.36129232892e-06, 2.71940871244e-06, 1.39624592066e-06, 6.84545511831e-07, 1.79104091558e-07, 4.48099868322e-08, 2.83797643164e-08, 5.6807408555e-08, 2.20992841804e-08, 1.33917161804e-08, 3.98482171704e-08, 7.89202303508e-08, 7.83156508533e-08, 1.26106591836e-08, 1.88353399544e-09, 1.47571815878e-10], "max": [0.0257446356118, 0.098210208118, 0.0731909051538, 0.109399668872, 0.0835115015507, 0.106381133199, 0.0788433775306, 0.0490460507572, 0.0826821774244, 0.067173063755, 0.0454103164375, 0.0544850192964, 0.0688171982765, 0.0196982752532, 0.0203319583088, 0.00882433261722, 0.0051098363474, 0.00560650229454, 0.0116989184171, 0.00409943703562, 0.0031043055933, 0.00584631133825, 0.00923112779856, 0.00969921983778, 0.00338332494721, 0.00105881935451, 0.000318513280945], "median": [0.000137212686241, 8.52303783176e-05, 8.84956971277e-05, 4.51719097327e-05, 0.000954820832703, 0.00110222748481, 0.000154427485541, 4.64360928163e-05, 6.98649673723e-05, 2.12274026126e-05, 3.77283345188e-06, 9.44296152738e-06, 7.66179437051e-06, 8.32970181364e-06, 6.98952908351e-06, 5.91842490394e-06, 6.63190894556e-06, 5.08750645167e-06, 6.03721036896e-06, 3.85936482417e-06, 5.43194892089e-06, 6.08911295785e-06, 6.16942679699e-06, 9.02696319827e-06, 6.86278644935e-06, 2.97607857647e-06, 4.41968978748e-07], "var": [1.77634024112e-06, 8.83701159182e-06, 1.28776773636e-05, 3.72985268768e-05, 4.35608490079e-05, 0.000104045851913, 2.0908559236e-05, 6.57073542243e-06, 2.10987855098e-05, 1.12610659926e-05, 1.78547452379e-06, 3.48869502886e-06, 4.23138271799e-06, 1.3125551277e-06, 5.07314609877e-07, 1.37592735427e-07, 3.41033370432e-08, 3.56064688845e-08, 6.53812932683e-08, 2.00761931524e-08, 6.48755138499e-09, 1.83950170651e-08, 4.14314804686e-08, 5.39388409493e-08, 1.05494466496e-08, 9.705498627e-10, 3.9800766849e-11]}, "spectral_complexity": {"mean": 5.82625007629, "dvar": 2.85126805305, "min": 0, "dmean": 1.39346086979, "dmean2": 2.12457132339, "dvar2": 5.77366352081, "max": 28, "median": 5, "var": 14.1531734467}, "spectral_energyband_high": {"mean": 0.000216672357055, "dvar": 2.98632102158e-07, "min": 1.90061189009e-10, "dmean": 0.000151996238856, "dmean2": 0.000219207751798, "dvar2": 6.30235149401e-07, "max": 0.0241061132401, "median": 5.17231565027e-05, "var": 4.48211181947e-07}, "hfc": {"mean": 10.4553985596, "dvar": 42.1636428833, "min": 0.000261723063886, "dmean": 3.77882242203, "dmean2": 4.91151285172, "dvar2": 73.6525421143, "max": 204.669708252, "median": 5.05143690109, "var": 181.616592407}, "melbands_kurtosis": {"mean": 4130.84228516, "dvar": 78502576, "min": -1.93630802631, "dmean": 522.9140625, "dmean2": 856.180236816, "dvar2": 145477600, "max": 640019.3125, "median": 22.4173297882, "var": 2086425472}, "spectral_strongpeak": {"mean": 1.07485806942, "dvar": 0.427850991488, "min": 0, "dmean": 0.425479143858, "dmean2": 0.658716678619, "dvar2": 0.89178365469, "max": 13.218752861, "median": 0.736643254757, "var": 1.28103244305}, "silence_rate_30dB": {"mean": 0.999521553516, "dvar": 0.000637570803519, "min": 0, "dmean": 0.000637958524749, "dmean2": 0.00127601879649, "dvar2": 0.00159337883815, "max": 1, "median": 1, "var": 0.000478171743453}, "melbands_spread": {"mean": 9.8301897049, "dvar": 230.45362854, "min": 0.00140571186785, "dmean": 4.88093948364, "dmean2": 7.43860530853, "dvar2": 499.240478516, "max": 289.513122559, "median": 5.58236312866, "var": 338.995269775}, "melbands_crest": {"mean": 19.0358352661, "dvar": 14.862988472, "min": 4.33807897568, "dmean": 3.75416016579, "dmean2": 6.03590631485, "dvar2": 36.1674194336, "max": 39.9996109009, "median": 17.9995326996, "var": 44.375453949}, "average_loudness": 0.701335430145, "spectral_flux": {"mean": 0.0638446733356, "dvar": 0.000996218761429, "min": 1.04932660179e-05, "dmean": 0.0289676040411, "dmean2": 0.0458498597145, "dvar2": 0.00237765721977, "max": 0.325872004032, "median": 0.0495354682207, "var": 0.00275592971593}, "spectral_rolloff": {"mean": 728.614013672, "dvar": 1019978, "min": 21.533203125, "dmean": 287.481536865, "dmean2": 493.11239624, "dvar2": 2223661.75, "max": 12403.125, "median": 430.6640625, "var": 1462800}, "melbands": {"mean": [0.000227282842388, 0.000532964011654, 0.000799248402473, 0.000616516161244, 0.00106398900971, 0.0010806376813, 0.000496706576087, 0.000148855440784, 0.000181435752893, 0.000216295404243, 0.000175287947059, 6.06649082329e-05, 3.27173547703e-05, 3.95801798732e-05, 4.51888772659e-05, 2.67566392722e-05, 2.91496726277e-05, 1.51324138642e-05, 1.07196474346e-05, 6.6713682827e-06, 4.43510543846e-06, 3.03971478388e-06, 3.44199384017e-06, 2.05411652132e-06, 1.40857810038e-06, 2.64114419224e-06, 1.73184844243e-06, 1.03018408026e-06, 5.68756661323e-07, 5.88399984736e-07, 5.61239119179e-07, 7.09748519512e-07, 7.90444744325e-07, 8.04511955721e-07, 7.50281287765e-07, 7.32258456537e-07, 6.55155247387e-07, 6.88079239808e-07, 4.86973135594e-07, 2.81881881392e-07], "dvar": [8.65691390572e-07, 6.26795042535e-07, 1.66408108271e-06, 5.6361255929e-07, 1.30931152853e-06, 1.53510734435e-06, 4.79214122606e-07, 1.21589891933e-07, 1.09710121876e-07, 1.97730159357e-07, 1.78071275059e-07, 4.01960882357e-08, 1.55797206247e-08, 1.95207565667e-08, 2.83274506074e-08, 9.87555637266e-09, 8.94928842143e-09, 3.63088248356e-09, 1.44440948091e-09, 8.16314404961e-10, 1.32893571148e-10, 6.74915123788e-11, 8.03643263048e-11, 4.09044638439e-11, 3.39671936411e-11, 1.03131475582e-10, 2.48521550561e-11, 1.36507246479e-11, 2.5580056736e-12, 3.15464798381e-12, 6.6182046822e-12, 9.15477416097e-12, 5.84246756877e-12, 9.00263284059e-12, 8.43646420084e-12, 1.38046770196e-11, 6.48253412755e-12, 6.87246570416e-12, 3.06873471946e-12, 7.55641426167e-13], "min": [1.38790127835e-07, 9.33691166917e-13, 1.72770576057e-12, 1.53749734298e-12, 3.12323756267e-12, 1.11293808371e-12, 2.66951906544e-13, 2.26270296445e-13, 1.73256157684e-13, 6.98578700312e-14, 1.98003319605e-14, 3.49201495899e-14, 3.75453655796e-14, 8.13944791016e-14, 5.45748443995e-14, 4.98196082099e-14, 7.38956015519e-14, 3.32169865615e-14, 5.96014936623e-14, 2.53553214123e-14, 4.9644150417e-14, 7.55835078228e-14, 4.15434288532e-14, 9.66477399955e-14, 4.71006731068e-14, 3.42203953434e-14, 3.40527065367e-14, 7.35438931434e-14, 6.3676657263e-14, 4.26844195026e-14, 5.34735016683e-14, 5.53830358039e-14, 6.69454048403e-14, 6.96423645206e-14, 7.5633130401e-14, 1.39989650189e-13, 9.78758496776e-14, 1.06965082408e-13, 1.42055380588e-13, 1.50339837151e-13], "dmean": [0.00020733216661, 0.000272685632808, 0.000365973799489, 0.000296002777759, 0.000494157662615, 0.000510657962877, 0.00026204585447, 9.56039366429e-05, 0.000107067535282, 0.000133753434056, 0.000105140083178, 4.10759166698e-05, 2.25209096243e-05, 2.72194229183e-05, 2.92891454592e-05, 2.02730934689e-05, 2.03978270292e-05, 1.18114230645e-05, 8.80622974364e-06, 5.4306074162e-06, 2.97091037282e-06, 2.18826085074e-06, 2.46369199886e-06, 1.36782978188e-06, 1.03998343093e-06, 1.90284276869e-06, 1.29147258576e-06, 7.75793353114e-07, 4.35557581113e-07, 4.61834702037e-07, 4.95236179177e-07, 6.15434373685e-07, 6.43615294393e-07, 6.90667718573e-07, 6.45561613055e-07, 6.380834634e-07, 5.41513259122e-07, 5.72330009163e-07, 3.9100820004e-07, 2.19961137304e-07], "dmean2": [0.000364004226867, 0.000438569666585, 0.000534357503057, 0.000435320078395, 0.000723403762095, 0.000748345803004, 0.00037764548324, 0.000138354123919, 0.00015086766507, 0.000177209483809, 0.000138589748531, 5.33011589141e-05, 3.03218694171e-05, 3.49167603417e-05, 3.884601756e-05, 2.84093512164e-05, 2.86081121885e-05, 1.70750627149e-05, 1.2806887753e-05, 8.03352122603e-06, 4.10284701502e-06, 3.26172562382e-06, 3.62510400009e-06, 1.94989047486e-06, 1.53650432821e-06, 2.78801485365e-06, 1.92789798348e-06, 1.15360455766e-06, 6.87165083946e-07, 7.18332103133e-07, 7.74654267843e-07, 9.62831222751e-07, 9.79320020633e-07, 1.05071410417e-06, 9.79794549494e-07, 9.73055421127e-07, 8.14534644178e-07, 8.5953291773e-07, 5.88133275414e-07, 3.36942690637e-07], "dvar2": [2.43519548349e-06, 1.37135441491e-06, 2.98284726341e-06, 1.12208692826e-06, 2.70825034931e-06, 3.19131208926e-06, 9.6151472917e-07, 2.32760228869e-07, 2.04486269695e-07, 3.64624611393e-07, 2.97062030086e-07, 6.08885031284e-08, 2.72648712496e-08, 3.24376934202e-08, 4.84068891637e-08, 1.82647905689e-08, 1.75403194191e-08, 7.67936381152e-09, 2.94271718104e-09, 1.8890444764e-09, 2.54037568759e-10, 1.49360482316e-10, 1.69474365097e-10, 7.97619054138e-11, 7.29807880795e-11, 1.68009328672e-10, 5.52513763907e-11, 2.90046927448e-11, 6.24180871919e-12, 7.50812259587e-12, 1.61995954845e-11, 2.22174310199e-11, 1.37608084649e-11, 2.09566461407e-11, 1.94966803119e-11, 3.20241611007e-11, 1.33976536462e-11, 1.54026340293e-11, 6.04905838961e-12, 1.52339859477e-12], "max": [0.0288448277861, 0.0200867187232, 0.0415425635874, 0.0205903854221, 0.0264072250575, 0.0255346782506, 0.0166524574161, 0.0101886596531, 0.00835504289716, 0.0122122336179, 0.0103255333379, 0.0106050316244, 0.00426606973633, 0.00644130399451, 0.00818666815758, 0.00418785726652, 0.00249989586882, 0.0023434124887, 0.00120426621288, 0.00099938258063, 0.000363825703971, 0.000366760184988, 0.000361735961633, 0.000308672490064, 0.000275042140856, 0.000833272701129, 0.000165729521541, 0.000131167587824, 5.07410659338e-05, 6.75278424751e-05, 0.000115286617074, 0.000159334173077, 7.64665019233e-05, 8.12201178633e-05, 8.95337725524e-05, 0.000246094190516, 0.000134310117573, 0.0001015102971, 9.71901536104e-05, 3.46507986251e-05], "median": [4.53204775113e-05, 5.27914889972e-05, 7.8274824773e-05, 0.000130124419229, 0.000259006978013, 0.000197312809178, 6.79178629071e-05, 1.30047383209e-05, 1.76149551407e-05, 1.07045252662e-05, 4.08095274906e-06, 2.17885008169e-06, 9.19414901546e-07, 1.10052405944e-06, 9.42404199122e-07, 8.26716473057e-07, 7.01174769802e-07, 6.3248700144e-07, 4.8726735713e-07, 4.36739867382e-07, 4.22380566079e-07, 3.31069884396e-07, 3.85137724379e-07, 2.14814932065e-07, 1.62418231753e-07, 2.44043519615e-07, 1.64161235716e-07, 9.63252162478e-08, 1.23223799164e-07, 1.14071546875e-07, 8.39221669935e-08, 1.00089046384e-07, 1.12517518858e-07, 1.02774535549e-07, 8.50820711662e-08, 8.75475620887e-08, 8.47933421255e-08, 1.10313798984e-07, 8.0445325068e-08, 6.0070128427e-08], "var": [6.40939958885e-07, 1.49330958266e-06, 5.01968088429e-06, 1.58487307544e-06, 4.23266328653e-06, 4.0747318053e-06, 1.24040138871e-06, 2.30457146699e-07, 2.39703126681e-07, 4.27186051866e-07, 4.73186389627e-07, 9.61973398717e-08, 3.10302681328e-08, 4.15232257467e-08, 7.72448203179e-08, 1.95319369567e-08, 1.69423959306e-08, 5.87020032583e-09, 2.26082885746e-09, 1.02170394367e-09, 2.77544459637e-10, 1.11385269064e-10, 1.31345809229e-10, 9.4200293399e-11, 5.33887031806e-11, 2.40097802751e-10, 3.90603972777e-11, 2.15959004152e-11, 2.93489364755e-12, 3.78919421881e-12, 6.66898610988e-12, 9.19768341351e-12, 7.04352765349e-12, 1.03336367241e-11, 1.01491601581e-11, 1.58992957688e-11, 8.7215573305e-12, 8.49446554763e-12, 4.83967727005e-12, 1.19347229582e-12]}, "spectral_energy": {"mean": 0.0205009113997, "dvar": 9.19791782508e-05, "min": 8.0003947005e-06, "dmean": 0.00647231470793, "dmean2": 0.00911098439246, "dvar2": 0.00017633580137, "max": 0.151793852448, "median": 0.0129899811, "var": 0.000435249967268}, "spectral_decrease": {"mean": -5.18051956888e-09, "dvar": 6.03105077392e-18, "min": -3.96557382487e-08, "dmean": 1.64496927191e-09, "dmean2": 2.3252502146e-09, "dvar2": 1.16372111272e-17, "max": -2.10502709014e-12, "median": -3.29298610602e-09, "var": 2.78647270605e-17}, "erbbands_spread": {"mean": 26.3543682098, "dvar": 268.879638672, "min": 0.692400515079, "dmean": 10.5649871826, "dmean2": 16.39021492, "dvar2": 620.003112793, "max": 187.971389771, "median": 19.3259658813, "var": 539.723876953}, "spectral_contrast_coeffs": {"mean": [-0.586610555649, -0.605285108089, -0.700698554516, -0.751935780048, -0.770582437515, -0.799904584885], "dvar": [0.00339448545128, 0.00342615507543, 0.00259255012497, 0.00164091959596, 0.00127744069323, 0.000518311106134], "min": [-0.940882384777, -0.969506204128, -0.968070924282, -0.989818394184, -0.978364288807, -0.927594721317], "dmean": [0.0662602335215, 0.0617350973189, 0.0550190135837, 0.0443815886974, 0.0391303487122, 0.0247434917837], "dmean2": [0.099428512156, 0.0954702571034, 0.0816170275211, 0.0654757618904, 0.0582318603992, 0.0364774391055], "dvar2": [0.00675511313602, 0.00706712156534, 0.00485819065943, 0.0030844907742, 0.00252401130274, 0.00105300208088], "max": [-0.231407210231, -0.235856249928, -0.34812194109, -0.420100361109, -0.494343310595, -0.587056696415], "median": [-0.575304865837, -0.597382247448, -0.713681042194, -0.766319513321, -0.779792606831, -0.80585205555], "var": [0.021318372339, 0.0162988957018, 0.0142525359988, 0.00864825025201, 0.0054935333319, 0.00221544294618]}, "spectral_energyband_middle_high": {"mean": 0.00214832741767, "dvar": 8.84676956048e-06, "min": 1.79412786711e-11, "dmean": 0.00105450302362, "dmean2": 0.0012601709459, "dvar2": 1.21892708194e-05, "max": 0.0870490074158, "median": 0.000190848179045, "var": 3.41231570928e-05}, "erbbands_crest": {"mean": 15.4915418625, "dvar": 12.2220926285, "min": 2.181453228, "dmean": 3.50450444221, "dmean2": 5.48776817322, "dvar2": 27.345407486, "max": 34.6230659485, "median": 14.4934949875, "var": 36.8372154236}, "barkbands_crest": {"mean": 14.7469882965, "dvar": 8.99833965302, "min": 3.53416156769, "dmean": 2.97056150436, "dmean2": 4.72830820084, "dvar2": 21.7868061066, "max": 26.9218235016, "median": 14.0284843445, "var": 26.1140518188}, "pitch_salience": {"mean": 0.478038012981, "dvar": 0.00748323323205, "min": 0.00053892750293, "dmean": 0.0854419395328, "dmean2": 0.135954558849, "dvar2": 0.0183392968029, "max": 0.837654829025, "median": 0.488513499498, "var": 0.0220715329051}, "melbands_skewness": {"mean": 9.03955745697, "dvar": 100.234840393, "min": -1.92582452297, "dmean": 1.81814241409, "dmean2": 2.78487873077, "dvar2": 154.178543091, "max": 747.335693359, "median": 2.86828756332, "var": 3513.62719727}, "spectral_spread": {"mean": 5249007.5, "dvar": 959287459840, "min": 1223592.25, "dmean": 905782.0625, "dmean2": 1339824.875, "dvar2": 1914393329660.0, "max": 16636081, "median": 4924790.5, "var": 4007561003010.0}, "spectral_entropy": {"mean": 6.47302055359, "dvar": 0.183486461639, "min": 3.74603366852, "dmean": 0.43077558279, "dmean2": 0.645731449127, "dvar2": 0.397876083851, "max": 8.85722637177, "median": 6.43683385849, "var": 0.666698753834}, "erbbands_flatness_db": {"mean": 0.210917443037, "dvar": 0.00101372343488, "min": 0.0499400123954, "dmean": 0.0318641625345, "dmean2": 0.0474589429796, "dvar2": 0.00222058780491, "max": 0.493290930986, "median": 0.21027199924, "var": 0.003450632561}, "spectral_kurtosis": {"mean": 8.15309143066, "dvar": 25.8314590454, "min": -1.32123708725, "dmean": 3.50998902321, "dmean2": 5.5236825943, "dvar2": 64.4562301636, "max": 112.235733032, "median": 6.50596570969, "var": 50.0180969238}, "erbbands_skewness": {"mean": 2.16815185547, "dvar": 0.803266048431, "min": -6.28763723373, "dmean": 0.76120787859, "dmean2": 1.1087448597, "dvar2": 1.65991592407, "max": 15.524851799, "median": 2.00420331955, "var": 2.95123910904}, "erbbands_kurtosis": {"mean": 10.1586112976, "dvar": 116.687522888, "min": -1.94184529781, "dmean": 5.60175991058, "dmean2": 8.6018781662, "dvar2": 255.100372314, "max": 406.388397217, "median": 5.61353969574, "var": 299.28805542}, "barkbands_spread": {"mean": 9.74599838257, "dvar": 88.7472457886, "min": 0.00559038575739, "dmean": 4.50486803055, "dmean2": 6.97306776047, "dvar2": 192.449478149, "max": 119.848945618, "median": 6.18028068542, "var": 163.463684082}, "zerocrossingrate": {"mean": 0.0345660746098, "dvar": 0.000263659283519, "min": 0, "dmean": 0.0092085795477, "dmean2": 0.0107964714989, "dvar2": 0.000305252964608, "max": 0.4453125, "median": 0.02734375, "var": 0.00104480632581}, "spectral_centroid": {"mean": 659.957946777, "dvar": 151409.40625, "min": 129.499755859, "dmean": 175.747055054, "dmean2": 260.691711426, "dvar2": 322400.6875, "max": 6736.23779297, "median": 495.35836792, "var": 318444.5}, "barkbands_skewness": {"mean": 4.5327129364, "dvar": 7.10724496841, "min": -3.65927481651, "dmean": 1.29356729984, "dmean2": 1.96358287334, "dvar2": 10.4887123108, "max": 175.449935913, "median": 2.41850757599, "var": 276.325653076}, "melbands_flatness_db": {"mean": 0.315067201853, "dvar": 0.00145778234582, "min": 0.0382165946066, "dmean": 0.0376780033112, "dmean2": 0.0546670369804, "dvar2": 0.00314140552655, "max": 0.873937547207, "median": 0.304318398237, "var": 0.0091062868014}, "spectral_contrast_valleys": {"mean": [-8.72027587891, -8.01596450806, -9.28040409088, -9.740234375, -9.67538070679, -11.2348022461], "dvar": [0.381641298532, 0.284854203463, 0.235349580646, 0.220438197255, 0.267693221569, 0.281720280647], "min": [-17.1915588379, -16.838804245, -17.231546402, -16.8269367218, -16.8680992126, -17.9828872681], "dmean": [0.717559456825, 0.544259130955, 0.51932233572, 0.50478297472, 0.551423072815, 0.548516869545], "dmean2": [1.1497335434, 0.880575180054, 0.84036052227, 0.797598004341, 0.861846804619, 0.808264374733], "dvar2": [0.926474928856, 0.713523507118, 0.606205880642, 0.551505982876, 0.672511398792, 0.631689667702], "max": [-5.72905111313, -4.87742137909, -5.9639377594, -6.04195308685, -6.24412965775, -7.34856557846], "median": [-8.66386890411, -7.91308450699, -9.07342147827, -9.51106739044, -9.45314598083, -10.981924057], "var": [1.75458621979, 1.57641017437, 1.64872825146, 1.69358873367, 1.58163130283, 1.85217297077]}, "barkbands_flatness_db": {"mean": 0.234932795167, "dvar": 0.00135147594847, "min": 0.0264454223216, "dmean": 0.0363037399948, "dmean2": 0.0546342618763, "dvar2"