{"tonal": {"chords_key": "C", "hpcp_entropy": {"dmean": 0.644366919994, "dmean2": 1.09105539322, "max": 4.01573848724, "dvar": 0.275593370199, "mean": 1.92130506039, "dvar2": 0.782064080238, "min": 0, "var": 0.498716503382, "median": 1.97476291656}, "key_key": "C", "chords_strength": {"dmean": 0.0102063221857, "dmean2": 0.0102357650176, "max": 0.804672658443, "dvar": 0.000335506774718, "mean": 0.52075111866, "dvar2": 0.00051583367167, "min": -1, "var": 0.023896260187, "median": 0.536678016186}, "key_scale": "major", "chords_number_rate": 0.00128139415756, "thpcp": [1, 0.731327772141, 0.446148395538, 0.313009768724, 0.144693896174, 0.0786916539073, 0.0904733538628, 0.159506261349, 0.411265999079, 0.599162042141, 0.418550908566, 0.18883164227, 0.126153707504, 0.183952093124, 0.34861856699, 0.421410888433, 0.368898391724, 0.389100968838, 0.330840170383, 0.164033547044, 0.170265391469, 0.317801743746, 0.391819417477, 0.594103395939, 0.782072067261, 0.597226679325, 0.280003458261, 0.128049880266, 0.157883897424, 0.33970528841, 0.652073442936, 0.692721068859, 0.421083182096, 0.24869017303, 0.29935374856, 0.692875564098], "key_strength": 0.641104400158, "tuning_nontempered_energy_ratio": 0.822056114674, "tuning_frequency": 441.782684326, "chords_changes_rate": 0.0559969246387, "tuning_diatonic_strength": 0.554596602917, "chords_scale": "major", "chords_histogram": [23.1035366058, 5.09994888306, 17.4654026031, 4.48487949371, 0.486929774284, 0, 10.263967514, 0.115325473249, 4.97180938721, 0.140953361988, 0.576627373695, 0, 0, 0, 0, 0, 0, 3.21629929543, 0.0128139415756, 0.410046130419, 3.42132234573, 3.43413639069, 0.448487967253, 22.3475131989], "tuning_equal_tempered_deviation": 0.117789298296, "hpcp": {"dmean": [0.113130189478, 0.117928780615, 0.11035643518, 0.0879037901759, 0.0605694390833, 0.0601743087173, 0.0917383208871, 0.108262173831, 0.147359877825, 0.144464790821, 0.129858717322, 0.094085238874, 0.0644144564867, 0.0759480968118, 0.12427739799, 0.16117836535, 0.168426066637, 0.146418571472, 0.109625570476, 0.126408651471, 0.184724062681, 0.195545956492, 0.172708660364, 0.148058176041, 0.105935104191, 0.0592762939632, 0.0366063676775, 0.0423633046448, 0.0638623684645, 0.110255241394, 0.130277603865, 0.101348035038, 0.0715018510818, 0.0611064061522, 0.0774312913418, 0.0994869172573], "dmean2": [0.195164367557, 0.204400449991, 0.194082573056, 0.152723178267, 0.108739435673, 0.107258826494, 0.158330619335, 0.189099311829, 0.25130662322, 0.250325024128, 0.223641246557, 0.167373344302, 0.122262753546, 0.14245839417, 0.223351359367, 0.282338559628, 0.297284424305, 0.262952625751, 0.203014746308, 0.232812434435, 0.318214774132, 0.334092468023, 0.295776098967, 0.258916705847, 0.185935690999, 0.108349345624, 0.068968936801, 0.0797123536468, 0.116249009967, 0.184861719608, 0.216740995646, 0.170412316918, 0.127634644508, 0.114467166364, 0.142514511943, 0.174990162253], "max": [1, 1, 1, 1, 1, 1, 1, 1, 1, 1, 1, 1, 1, 1, 1, 1, 1, 1, 1, 1, 1, 1, 1, 1, 1, 1, 1, 1, 1, 1, 1, 1, 1, 1, 1, 1], "dvar": [0.0429613813758, 0.0391899943352, 0.0416336990893, 0.0351029708982, 0.0187190882862, 0.0150815546513, 0.0267542935908, 0.0301386117935, 0.055457688868, 0.0537377856672, 0.0450068488717, 0.0313343219459, 0.0269825104624, 0.0298823360354, 0.0432687737048, 0.0534179881215, 0.0577858649194, 0.0538405887783, 0.0445702560246, 0.0488563776016, 0.0573904812336, 0.0676774680614, 0.0493791140616, 0.0500175207853, 0.0389745607972, 0.0211419742554, 0.0128843244165, 0.0180181432515, 0.0249001849443, 0.0382576659322, 0.0482664592564, 0.0265444796532, 0.0233675744385, 0.0225679185241, 0.0301249697804, 0.0408958643675], "mean": [0.130498737097, 0.114237137139, 0.120493292809, 0.102451607585, 0.0507964342833, 0.0527262575924, 0.0984139889479, 0.121335119009, 0.183976605535, 0.24218505621, 0.184943795204, 0.0867089554667, 0.0396533347666, 0.0488920658827, 0.105196885765, 0.201928243041, 0.214515641332, 0.130397260189, 0.0770121365786, 0.0927011817694, 0.214563474059, 0.309671014547, 0.226471021771, 0.138159230351, 0.0969300568104, 0.0448075048625, 0.0243685245514, 0.0280169751495, 0.0493944659829, 0.127357155085, 0.185543119907, 0.129613086581, 0.0584756880999, 0.0390661470592, 0.0569646321237, 0.107957065105], "dvar2": [0.103954926133, 0.107708074152, 0.110500261188, 0.0863693282008, 0.051832087338, 0.0410483181477, 0.0685813203454, 0.0819521024823, 0.131818324327, 0.129088044167, 0.115723244846, 0.0838602036238, 0.0767983868718, 0.0835027322173, 0.118754737079, 0.137114495039, 0.147357642651, 0.146734297276, 0.120609551668, 0.134384423494, 0.1519061625, 0.155225530267, 0.128859892488, 0.124304920435, 0.0987294465303, 0.0596670508385, 0.0372451394796, 0.0510833971202, 0.0706320554018, 0.0967768728733, 0.111419640481, 0.0678680688143, 0.0625876933336, 0.0632470995188, 0.0853874906898, 0.101484768093], "min": [0, 0, 0, 0, 0, 0, 0, 0, 0, 0, 0, 0, 0, 0, 0, 0, 0, 0, 0, 0, 0, 0, 0, 0, 0, 0, 0, 0, 0, 0, 0, 0, 0, 0, 0, 0], "var": [0.0657964199781, 0.0405798219144, 0.0590587854385, 0.0568375401199, 0.0167759377509, 0.0130660636351, 0.0346792265773, 0.0402100533247, 0.0914964750409, 0.124909646809, 0.0860035195947, 0.0314726009965, 0.0163464080542, 0.0194592475891, 0.0384357869625, 0.0854706019163, 0.0949915647507, 0.0535723753273, 0.0345997177064, 0.0366967357695, 0.0772577375174, 0.135052919388, 0.0825297981501, 0.0555258207023, 0.0434992164373, 0.0149543210864, 0.00745317013934, 0.0110676176846, 0.0192918162793, 0.0551700592041, 0.0910213068128, 0.0458744242787, 0.0191982779652, 0.0140465591103, 0.0227356366813, 0.0597519055009], "median": [0.0151497330517, 0.0250061973929, 0.0167141109705, 0.00790573935956, 0.00436719693244, 0.0118614537641, 0.0257992744446, 0.0347589403391, 0.0230021104217, 0.029755923897, 0.0244695357978, 0.00787196867168, 0.00268265604973, 0.00432168506086, 0.0238546319306, 0.0577391684055, 0.0602878965437, 0.0258183069527, 0.006569578778, 0.0167261380702, 0.0785427540541, 0.115075334907, 0.0860398858786, 0.0245554987341, 0.00870149955153, 0.00596010219306, 0.00394034385681, 0.00373577163555, 0.00605835113674, 0.0128244841471, 0.0256679989398, 0.0273304060102, 0.00956144277006, 0.00303201563656, 0.00279177469201, 0.00651187635958]}}, "lowlevel": {"melbands_flatness_db": {"dmean": 0.0305435359478, "dmean2": 0.0457333438098, "max": 0.740849375725, "dvar": 0.00091984658502, "mean": 0.366748809814, "dvar2": 0.0020367403049, "min": 0.00531705562025, "var": 0.0090648829937, "median": 0.354105740786}, "melbands_crest": {"dmean": 3.03017306328, "dmean2": 4.97911977768, "max": 30.8737449646, "dvar": 6.79104423523, "mean": 13.9464731216, "dvar2": 18.0054759979, "min": 1.65430927277, "var": 16.5287437439, "median": 13.615395546}, "spectral_entropy": {"dmean": 0.23841394484, "dmean2": 0.33919891715, "max": 9.81281471252, "dvar": 0.0508821569383, "mean": 6.44045972824, "dvar2": 0.108003214002, "min": 4.13436365128, "var": 0.3509555161, "median": 6.45083093643}, "melbands": {"dmean": [0.00159647804685, 0.00204902258702, 0.00114218401723, 0.00101673207246, 0.000742416945286, 0.000455146189779, 0.000190655890037, 0.000255897903116, 0.000180225528311, 5.25617979292e-05, 5.28898017365e-05, 3.63487488357e-05, 4.33523746324e-05, 3.45194785041e-05, 4.89878366352e-05, 3.42313833244e-05, 1.17134859465e-05, 5.2869791034e-06, 9.88895953924e-06, 5.31958448846e-06, 2.50472135122e-06, 2.50765083365e-06, 1.9201095256e-06, 1.85031058209e-06, 7.15200542345e-07, 4.15606365323e-07, 3.6727530528e-07, 2.01457268645e-07, 1.61014000355e-07, 1.22018420257e-07, 8.30453288359e-08, 6.73878162161e-08, 7.80058684313e-08, 7.87650122902e-08, 7.35524139373e-08, 6.23509492925e-08, 5.67729721013e-08, 4.57588242853e-08, 4.59013378418e-08, 3.8581401185e-08], "dmean2": [0.00274616153911, 0.00333502073772, 0.00180242594797, 0.00155701779295, 0.00111179810483, 0.000682672194671, 0.000273623736575, 0.000392316142097, 0.000270612537861, 8.09009143268e-05, 8.28474294394e-05, 5.60723528906e-05, 6.93357433192e-05, 5.50482545805e-05, 7.53314307076e-05, 5.35553226655e-05, 1.90288446902e-05, 8.62239630806e-06, 1.64363464137e-05, 9.06002060219e-06, 4.18964509663e-06, 4.19034722654e-06, 3.18488173434e-06, 3.0944752325e-06, 1.18192645004e-06, 6.72147109526e-07, 5.95324991082e-07, 3.06529756244e-07, 2.41341155061e-07, 1.78473698043e-07, 1.17376181663e-07, 9.21088201267e-08, 1.1513089504e-07, 1.10708064938e-07, 1.01593613522e-07, 8.42323402139e-08, 7.90315013433e-08, 6.00323417643e-08, 5.87221897774e-08, 4.70864698343e-08], "max": [0.0194941665977, 0.0327218472958, 0.0239764880389, 0.0319274254143, 0.0388337373734, 0.0159288533032, 0.00617013499141, 0.0133188897744, 0.0240433234721, 0.00458815321326, 0.00444680498913, 0.00410009128973, 0.0033298053313, 0.00202788948081, 0.00221022684127, 0.00117616786156, 0.000801137357485, 0.000314093806082, 0.000680686498526, 0.000276243605185, 0.000236046791542, 0.000220335365157, 0.000119810632896, 0.000107305466372, 6.72274327371e-05, 7.91424099589e-05, 2.36288105953e-05, 3.89851957152e-05, 3.27665402438e-05, 2.85778514808e-05, 1.56134410645e-05, 1.42107619467e-05, 1.04031005321e-05, 1.62812575581e-05, 1.26112863654e-05, 1.2312245417e-05, 2.44675429713e-05, 2.93725552183e-05, 1.53293876792e-05, 1.26778550111e-05], "dvar": [3.9540814214e-06, 5.78822346142e-06, 2.49291679211e-06, 1.89276079254e-06, 1.22577489492e-06, 4.91305456762e-07, 8.32911339899e-08, 2.3558624207e-07, 1.88266142231e-07, 1.44272531699e-08, 1.54765729121e-08, 6.25175289315e-09, 7.50456674581e-09, 3.97927024665e-09, 7.6381088121e-09, 3.71064023952e-09, 7.97442667455e-10, 1.1031788677e-10, 6.2541555268e-10, 1.57266422107e-10, 2.91388753404e-11, 3.64382898854e-11, 1.42182385657e-11, 1.52734613151e-11, 3.41518501847e-12, 2.05166092448e-12, 7.7866944663e-13, 5.64029671492e-13, 4.96391447911e-13, 2.43719324236e-13, 1.25600078298e-13, 1.05294265874e-13, 6.10080765746e-14, 1.01916020653e-13, 1.01979656544e-13, 7.33914407654e-14, 6.51229829611e-14, 6.58306281666e-14, 6.56482992425e-14, 6.39285987428e-14], "mean": [0.00226858421229, 0.00353667140007, 0.00207224301994, 0.00187442777678, 0.00146654923446, 0.00085635430878, 0.000372868060367, 0.000511632708367, 0.000376722280635, 9.22814142541e-05, 0.000104187129182, 6.29930073046e-05, 7.2000817454e-05, 5.2075702115e-05, 6.70402951073e-05, 4.6755780204e-05, 1.76238518179e-05, 8.18351236376e-06, 1.27955718199e-05, 6.96005736245e-06, 3.78738900508e-06, 4.07338166042e-06, 3.22575328937e-06, 2.92365643872e-06, 1.22547714909e-06, 6.76481306527e-07, 5.97994244345e-07, 3.45616371078e-07, 3.19939630344e-07, 2.58848757539e-07, 1.78746589086e-07, 1.4006013771e-07, 1.82148269801e-07, 1.86088485066e-07, 1.73737689124e-07, 1.38938659688e-07, 1.3109001884e-07, 1.10582092816e-07, 1.02043017591e-07, 8.38383584778e-08], "dvar2": [1.0711001778e-05, 1.53651526489e-05, 6.23265259492e-06, 4.34197363575e-06, 2.53448729381e-06, 1.07503183244e-06, 1.53511706458e-07, 5.35793844847e-07, 3.7718581325e-07, 3.1496476538e-08, 3.70921569015e-08, 1.30465247494e-08, 1.86486914799e-08, 9.74330394143e-09, 1.64914144563e-08, 8.19945178421e-09, 2.19766360665e-09, 2.5904950407e-10, 1.60842661412e-09, 4.16098960843e-10, 7.47696071723e-11, 9.65507812589e-11, 3.64452322488e-11, 4.05787695112e-11, 8.4031757247e-12, 4.2964611903e-12, 1.75874972138e-12, 1.05988308408e-12, 9.82444160746e-13, 4.37138498142e-13, 1.92790539934e-13, 1.57060128791e-13, 1.12189547745e-13, 1.55729582333e-13, 1.70687154189e-13, 1.26022103994e-13, 1.10425056143e-13, 1.00279010898e-13, 1.05038407713e-13, 9.02857568439e-14], "min": [1.06132454776e-23, 1.29461296331e-23, 9.69142916651e-24, 3.69569895613e-24, 1.27385992616e-23, 1.12716145896e-23, 6.39580299062e-24, 1.39208911326e-23, 3.23636718135e-23, 2.54375661513e-23, 1.48263914336e-23, 8.11203102665e-24, 9.08498997904e-24, 6.68349780174e-24, 9.24109529699e-24, 1.05730459147e-23, 1.19004140394e-23, 7.82642235819e-24, 1.00839734527e-23, 4.52959593043e-24, 8.99932520676e-24, 1.04719959882e-23, 1.03098077638e-23, 7.10090225049e-24, 9.75025294649e-24, 8.80710425885e-24, 1.09312439859e-23, 1.00764895293e-23, 7.4276129387e-24, 7.32879469968e-24, 7.95256121694e-24, 9.89591847923e-24, 1.01168476532e-23, 8.34180490909e-24, 9.77671134125e-24, 8.94508707522e-24, 9.803107416e-24, 8.33978621404e-24, 1.19770621315e-23, 9.52610758661e-24], "var": [6.54350242257e-06, 8.54743757372e-06, 4.77185494674e-06, 4.69320457341e-06, 3.87866793972e-06, 1.36378957905e-06, 2.75142213013e-07, 7.90198271261e-07, 9.38463017519e-07, 3.590745834e-08, 7.39933980753e-08, 1.84459185704e-08, 2.26998295716e-08, 9.72231806173e-09, 1.35762325826e-08, 6.26302298912e-09, 1.66799385415e-09, 2.63068788975e-10, 9.0914065165e-10, 2.08880843178e-10, 5.19875670291e-11, 9.33611798981e-11, 3.34437512406e-11, 3.28950790218e-11, 8.34641557257e-12, 3.45373642879e-12, 1.95741036227e-12, 1.45362237872e-12, 1.66241434681e-12, 9.27210890532e-13, 4.73138780759e-13, 3.20694317456e-13, 2.10219726826e-13, 3.8958154194e-13, 4.17309199349e-13, 2.804223867e-13, 2.76015945126e-13, 3.46748535917e-13, 2.64103246651e-13, 2.71261420444e-13], "median": [0.00128023221623, 0.00290285749361, 0.00140969944187, 0.00117389706429, 0.000847415882163, 0.000394089351175, 0.000177208159585, 0.000204698109883, 0.000113276822958, 4.15928043367e-05, 2.92601253022e-05, 2.60160195467e-05, 2.7530004445e-05, 1.85998760571e-05, 1.93618288904e-05, 1.45225149026e-05, 5.96147674514e-06, 2.82196901935e-06, 3.64109519069e-06, 2.45394812737e-06, 1.31981812501e-06, 1.3018906202e-06, 1.22186906992e-06, 9.67713503996e-07, 3.61950469596e-07, 1.85434032574e-07, 1.49532453975e-07, 7.55196225555e-08, 4.49379342626e-08, 4.09272047364e-08, 2.85305787884e-08, 2.33131487448e-08, 3.78228826037e-08, 2.84105485804e-08, 1.4791366354e-08, 9.18411302564e-09, 8.64240679022e-09, 6.51651266281e-09, 4.41638059456e-09, 4.05791666935e-09]}, "silence_rate_60dB": {"dmean": 0.00307593727484, "dmean2": 0.00615226849914, "max": 1, "dvar": 0.00306648644619, "mean": 0.0333845950663, "dvar2": 0.00790911819786, "min": 0, "var": 0.0322696343064, "median": 0}, "spectral_energyband_middle_high": {"dmean": 0.00109507981688, "dmean2": 0.00168192014098, "max": 0.0403641723096, "dvar": 2.44960642704e-06, "mean": 0.00265611452051, "dvar2": 5.5213640735e-06, "min": 1.39634125656e-21, "var": 1.03911452243e-05, "median": 0.00156982592307}, "erbbands_skewness": {"dmean": 0.424449563026, "dmean2": 0.647169709206, "max": 6.85949134827, "dvar": 0.142162099481, "mean": 0.783024013042, "dvar2": 0.320414572954, "min": -2.85359740257, "var": 0.528380811214, "median": 0.726157665253}, "dynamic_complexity": 3.16186881065, "dissonance": {"dmean": 0.0345724411309, "dmean2": 0.0567996948957, "max": 0.499999940395, "dvar": 0.000892421172466, "mean": 0.414911866188, "dvar2": 0.00236944877543, "min": 0.13157248497, "var": 0.00225017475896, "median": 0.421788305044}, "spectral_skewness": {"dmean": 0.835380077362, "dmean2": 1.35506045818, "max": 14.2509460449, "dvar": 1.04633378983, "mean": 3.65778279305, "dvar2": 2.71089625359, "min": -0.0335611365736, "var": 3.27799606323, "median": 3.18189668655}, "spectral_kurtosis": {"dmean": 13.2043809891, "dmean2": 21.5849399567, "max": 321.286071777, "dvar": 414.561126709, "mean": 29.6147327423, "dvar2": 1031.2611084, "min": -1.21438372135, "var": 1144.08483887, "median": 17.4866943359}, "gfcc": {"cov": [[16306.6220703, 250.752075195, -922.51776123, 1422.81762695, -1269.34326172, 739.022644043, -841.892944336, 779.467407227, -292.145965576, 354.495117188, -78.3706741333, 214.914993286, -321.75567627], [250.752075195, 2830.69873047, -388.544372559, -331.526916504, 613.932434082, -333.708984375, 249.251602173, -461.955871582, 198.450775146, -234.890808105, 218.309158325, -170.400466919, 127.564468384], [-922.51776123, -388.544372559, 848.368835449, 19.4019699097, -29.329202652, 140.248535156, 63.3212661743, 129.114318848, -45.1769561768, 18.7594814301, -111.718505859, 30.693529129, 5.01898479462], [1422.81762695, -331.526916504, 19.4019699097, 641.557189941, -80.7025222778, 98.6281204224, 24.8886222839, 165.260696411, 43.4197463989, 42.3293190002, -34.670135498, 46.2129020691, 24.13971138], [-1269.34326172, 613.932434082, -29.329202652, -80.7025222778, 498.909729004, -99.5128479004, 159.283248901, -144.197189331, 88.4910202026, -50.1403121948, 45.8360366821, -49.2677841187, 76.3291320801], [739.022644043, -333.708984375, 140.248535156, 98.6281204224, -99.5128479004, 256.116485596, -9.03905963898, 125.151184082, -22.9856414795, 45.8564300537, -27.9685306549, 22.2361774445, -42.7566452026], [-841.892944336, 249.251602173, 63.3212661743, 24.8886222839, 159.283248901, -9.03905963898, 282.233673096, 11.5092477798, 69.6061553955, -47.8369674683, 29.4920864105, -33.6534042358, 34.6876754761], [779.467407227, -461.955871582, 129.114318848, 165.260696411, -144.197189331, 125.151184082, 11.5092477798, 344.016235352, 8.45648002625, 37.9425354004, -68.2968292236, 38.6559753418, -44.4114532471], [-292.145965576, 198.450775146, -45.1769561768, 43.4197463989, 88.4910202026, -22.9856414795, 69.6061553955, 8.45648002625, 177.867111206, -13.1433849335, 20.0154533386, -24.4296951294, 23.2299995422], [354.495117188, -234.890808105, 18.7594814301, 42.3293190002, -50.1403121948, 45.8564300537, -47.8369674683, 37.9425354004, -13.1433849335, 130.048965454, -1.13426136971, 20.5289649963, -14.4846868515], [-78.3706741333, 218.309158325, -111.718505859, -34.670135498, 45.8360366821, -27.9685306549, 29.4920864105, -68.2968292236, 20.0154533386, -1.13426136971, 122.409919739, -1.08710169792, 3.24705481529], [214.914993286, -170.400466919, 30.693529129, 46.2129020691, -49.2677841187, 22.2361774445, -33.6534042358, 38.6559753418, -24.4296951294, 20.5289649963, -1.08710169792, 85.5185775757, 4.53993749619], [-321.75567627, 127.564468384, 5.01898479462, 24.13971138, 76.3291320801, -42.7566452026, 34.6876754761, -44.4114532471, 23.2299995422, -14.4846868515, 3.24705481529, 4.53993749619, 99.4199523926]], "mean": [-87.1632461548, 183.325714111, -93.8031311035, 7.01422023773, -38.3616409302, 2.71120238304, -30.6683769226, -5.89007902145, -14.3864021301, -10.9049921036, -4.07974815369, -4.69598722458, -8.87069606781], "icov": [[0.000501580594573, -0.000965948798694, 0.000607647234574, -0.00105352490209, 0.000945565581787, -0.00124347873498, 0.00113735720515, -0.000976935611106, 0.000972288951743, -0.00108941737562, 0.000652439775877, -0.000561707129236, 0.000612291856669], [-0.000965948798694, 0.0026135367807, -0.00107972882688, 0.00213357107714, -0.0022663990967, 0.002602806082, -0.00224736984819, 0.00222469167784, -0.00220499932766, 0.00288094743155, -0.00199531251565, 0.00172391114756, -0.0013844006462], [0.000607647234574, -0.00107972882688, 0.00233791815117, -0.00102560280357, 0.0010387506336, -0.00221976987086, 0.0007279436104, -0.00128599454183, 0.00147798366379, -0.00139637314714, 0.00209505669773, -0.00115389958955, 0.000337845936883], [-0.00105352490209, 0.00213357107714, -0.00102560280357, 0.00424681836739, -0.00181390508078, 0.00209535728209, -0.00268192403018, 0.00141610694118, -0.00259241671301, 0.00202948134392, -0.00110838736873, 0.000569775409531, -0.00235283887014], [0.000945565581787, -0.0022663990967, 0.0010387506336, -0.00181390508078, 0.0053031258285, -0.00213123252615, 0.000729008228518, -0.00104247010313, 0.00113370176405, -0.0025831530802, 0.00163396284916, -0.000952522328589, -3.00787678498e-06], [-0.00124347873498, 0.002602806082, -0.00221976987086, 0.00209535728209, -0.00213123252615, 0.0088015422225, -0.00303827598691, 0.00140725146048, -0.0021251894068, 0.00180886359885, -0.00216911803, 0.0015528058866, 0.000109522341518], [0.00113735720515, -0.00224736984819, 0.0007279436104, -0.00268192403018, 0.000729008228518, -0.00303827598691, 0.0081702535972, -0.00346208689734, 0.00141448713839, -0.000903168984223, -0.000474004773423, 0.000432824977906, 0.000449024693808], [-0.000976935611106, 0.00222469167784, -0.00128599454183, 0.00141610694118, -0.00104247010313, 0.00140725146048, -0.00346208689734, 0.00718646217138, -0.00309944176115, 0.00194697955158, 0.000697473995388, -0.000365119049093, 0.000530388730112], [0.000972288951743, -0.00220499932766, 0.00147798366379, -0.00259241671301, 0.00113370176405, -0.0021251894068, 0.00141448713839, -0.00309944176115, 0.00920056831092, -0.00248575024307, 0.000657285563648, 0.000413339730585, 0.000316028716043], [-0.00108941737562, 0.00288094743155, -0.00139637314714, 0.00202948134392, -0.0025831530802, 0.00180886359885, -0.000903168984223, 0.00194697955158, -0.00248575024307, 0.0122813656926, -0.0032873081509, 0.00105604832061, -0.00126928521786], [0.000652439775877, -0.00199531251565, 0.00209505669773, -0.00110838736873, 0.00163396284916, -0.00216911803, -0.000474004773423, 0.000697473995388, 0.000657285563648, -0.0032873081509, 0.0129089010879, -0.00374285248108, 0.00224145245738], [-0.000561707129236, 0.00172391114756, -0.00115389958955, 0.000569775409531, -0.000952522328589, 0.0015528058866, 0.000432824977906, -0.000365119049093, 0.000413339730585, 0.00105604832061, -0.00374285248108, 0.0160359945148, -0.0035776598379], [0.000612291856669, -0.0013844006462, 0.000337845936883, -0.00235283887014, -3.00787678498e-06, 0.000109522341518, 0.000449024693808, 0.000530388730112, 0.000316028716043, -0.00126928521786, 0.00224145245738, -0.0035776598379, 0.0143315270543]]}, "spectral_complexity": {"dmean": 2.2445371151, "dmean2": 3.62227630615, "max": 32, "dvar": 4.74550580978, "mean": 11.8553762436, "dvar2": 11.1497964859, "min": 0, "var": 20.9913349152, "median": 12}, "spectral_flux": {"dmean": 0.0340930484235, "dmean2": 0.0554729327559, "max": 0.36210501194, "dvar": 0.00105610303581, "mean": 0.0920419916511, "dvar2": 0.00289611960761, "min": 1.01440543465e-10, "var": 0.00190799834672, "median": 0.0851182416081}, "spectral_energyband_low": {"dmean": 0.00962407235056, "dmean2": 0.0158613435924, "max": 0.135633915663, "dvar": 0.000112508969323, "mean": 0.0175314247608, "dvar2": 0.000291537493467, "min": 7.81470856261e-23, "var": 0.000193465952179, "median": 0.0145866163075}, "spectral_decrease": {"dmean": 3.77264175455e-09, "dmean2": 5.93213567157e-09, "max": 1.65365321144e-15, "dvar": 1.59093632446e-17, "mean": -1.05940474171e-08, "dvar2": 3.70281147724e-17, "min": -7.89666927403e-08, "var": 3.98855109368e-17, "median": -1.0062388256e-08}, "barkbands_spread": {"dmean": 2.17935824394, "dmean2": 3.28091049194, "max": 111.046974182, "dvar": 11.24766922, "mean": 7.3727273941, "dvar2": 23.6538238525, "min": 0.136145710945, "var": 39.7835998535, "median": 6.30494403839}, "spectral_rms": {"dmean": 0.00114968977869, "dmean2": 0.00177585228812, "max": 0.0173462294042, "dvar": 1.27826729113e-06, "mean": 0.00600210949779, "dvar2": 2.80457788904e-06, "min": 3.16847026047e-12, "var": 4.08149253417e-06, "median": 0.00617098342627}, "spectral_centroid": {"dmean": 84.9068832397, "dmean2": 125.901512146, "max": 11153.0830078, "dvar": 17734.1113281, "mean": 490.028076172, "dvar2": 32950.1523438, "min": 95.0551071167, "var": 152088.5, "median": 425.152496338}, "barkbands_skewness": {"dmean": 0.579047977924, "dmean2": 0.900296151638, "max": 18.4970417023, "dvar": 0.422329366207, "mean": 1.76058828831, "dvar2": 0.956678450108, "min": -22.3746032715, "var": 4.03253078461, "median": 1.79369544983}, "spectral_rolloff": {"dmean": 145.710418701, "dmean2": 253.991729736, "max": 19702.8808594, "dvar": 373157.53125, "mean": 671.431640625, "dvar2": 905203.9375, "min": 86.1328125, "var": 3887981, "median": 409.130859375}, "erbbands_spread": {"dmean": 5.16634368896, "dmean2": 7.72151231766, "max": 173.077941895, "dvar": 38.2214126587, "mean": 22.8281955719, "dvar2": 72.0931625366, "min": 2.64994835854, "var": 198.391799927, "median": 20.4438209534}, "barkbands": {"dmean": [7.46492587496e-05, 0.00686146458611, 0.00300840847194, 0.00264466833323, 0.00474322494119, 0.00241850363091, 0.000923135492485, 0.0012778803939, 0.000384735089028, 0.000364034727681, 0.000294255674817, 0.000290446128929, 0.000468595593702, 8.68358110893e-05, 0.000111206791189, 5.53649297217e-05, 4.11110158893e-05, 3.35022523359e-05, 1.22701630971e-05, 8.05165745987e-06, 4.49027356808e-06, 3.54774351763e-06, 4.06693879995e-06, 3.73603279513e-06, 4.16412513005e-06, 2.03337845051e-06, 1.8922563072e-07], "dmean2": [0.000115693452244, 0.0117101669312, 0.00473617343232, 0.00425645569339, 0.00714352028444, 0.00365986395627, 0.00137679418549, 0.0019284854643, 0.000595817167778, 0.000563494220842, 0.000470495084301, 0.000458011898445, 0.000726490805391, 0.000143040611874, 0.000182947755093, 9.36392971198e-05, 6.85897612129e-05, 5.59123145649e-05, 1.99538026209e-05, 1.241163136e-05, 6.34937896393e-06, 4.92048320666e-06, 5.36992411071e-06, 4.77927051179e-06, 4.60730234408e-06, 2.20977608478e-06, 1.96380938178e-07], "max": [0.00195516087115, 0.0859352499247, 0.0940657258034, 0.0720344036818, 0.186092182994, 0.0784117132425, 0.0388456955552, 0.10001835227, 0.0262118652463, 0.0240732301027, 0.0232800655067, 0.0100818313658, 0.0212370399386, 0.00616977736354, 0.00701392861083, 0.00236285547726, 0.00250179786235, 0.00156422972213, 0.00154556427151, 0.00109116639942, 0.000925871019717, 0.000509390840307, 0.000635736680124, 0.00173331180122, 0.00181023217738, 0.00153624417726, 6.99066949892e-05], "dvar": [1.60525051029e-08, 6.90721863066e-05, 1.86862143892e-05, 1.79964808922e-05, 4.00736062147e-05, 1.25304159155e-05, 1.7704558104e-06, 6.60095020066e-06, 6.67861968395e-07, 5.77658965994e-07, 3.38372359465e-07, 2.6112758178e-07, 7.44322733226e-07, 5.22148297932e-08, 6.90222137223e-08, 1.59634154784e-08, 7.85661846692e-09, 3.99453670141e-09, 1.28085841933e-09, 6.03195160487e-10, 3.00138719433e-10, 1.64049704376e-10, 2.82427081721e-10, 3.05287156666e-10, 7.57399587492e-10, 2.44576692232e-10, 1.36480995776e-12], "mean": [8.1888443674e-05, 0.0102197201923, 0.00496200891212, 0.00432384200394, 0.00902957189828, 0.00455520162359, 0.00180352828465, 0.00266348361038, 0.000653546187095, 0.000714025401976, 0.00048043532297, 0.000419286778197, 0.000624228850938, 0.000135056383442, 0.000150395251694, 7.70447222749e-05, 6.94285117788e-05, 5.74697878619e-05, 2.14075153053e-05, 1.43900142575e-05, 1.01875202745e-05, 8.5469791884e-06, 1.0204080354e-05, 9.83893824014e-06, 9.80201730272e-06, 4.7059697863e-06, 5.02513216816e-07], "dvar2": [3.56244598265e-08, 0.000185135315405, 4.58142749267e-05, 4.52747590316e-05, 8.47904084367e-05, 2.82235432678e-05, 3.8254897845e-06, 1.36459420901e-05, 1.51586914399e-06, 1.32101831696e-06, 8.44616124596e-07, 6.16184536284e-07, 1.63728327607e-06, 1.43448261269e-07, 1.71969034568e-07, 4.17904608696e-08, 2.07847214995e-08, 1.04744941609e-08, 2.8398370322e-09, 1.14054465872e-09, 5.02781871692e-10, 2.33524671822e-10, 3.95930094266e-10, 3.97552046838e-10, 8.55948145695e-10, 3.63876900833e-10, 1.48470612974e-12], "min": [9.31274911074e-24, 4.58078148581e-23, 1.5317140225e-23, 2.0791779687e-23, 4.07974626373e-23, 4.94450442328e-23, 3.42278321741e-23, 1.083556494e-22, 1.91312817551e-22, 8.37545487541e-23, 7.17883429264e-23, 6.11756835725e-23, 1.06698561872e-22, 1.15493313358e-22, 1.18245188361e-22, 7.49792726662e-23, 1.98953370869e-22, 1.90322778182e-22, 2.22912881475e-22, 3.21132425549e-22, 3.05935935289e-22, 5.17474174573e-22, 5.33603439211e-22, 8.14389302395e-22, 1.16403295335e-21, 1.55530937598e-21, 2.46098227969e-21], "var": [2.12946744682e-08, 0.000123607591377, 3.14558274113e-05, 3.52224633389e-05, 0.000118768701213, 3.47162713297e-05, 5.95469691689e-06, 2.96198577416e-05, 1.65691244547e-06, 2.64972823061e-06, 9.90268176793e-07, 4.97358200846e-07, 1.26825113966e-06, 1.23752997183e-07, 1.08783041242e-07, 2.42933992922e-08, 2.00674374895e-08, 9.64300639339e-09, 2.74855760374e-09, 1.64378588519e-09, 1.30537514131e-09, 6.20441198418e-10, 1.29228250323e-09, 1.83847359558e-09, 4.10833278508e-09, 1.11114539791e-09, 9.34515485829e-12], "median": [2.96174330288e-05, 0.00586114730686, 0.0030976801645, 0.00214112177491, 0.00545056909323, 0.00231252820231, 0.000928095541894, 0.000778970192187, 0.000279005529592, 0.000223002803978, 0.000191726518096, 0.000157976319315, 0.000159627612447, 3.97575640818e-05, 4.71634775749e-05, 2.74754711427e-05, 2.37976400967e-05, 2.18713685172e-05, 6.31398233963e-06, 3.78642243959e-06, 1.76117964656e-06, 1.77727656592e-06, 1.14896124614e-06, 7.46952878217e-07, 5.32503804607e-07, 1.87755773595e-07, 2.13859649989e-08]}, "melbands_kurtosis": {"dmean": 6.39259386063, "dmean2": 9.97111797333, "max": 361.140136719, "dvar": 138.09942627, "mean": 13.3877983093, "dvar2": 314.774841309, "min": -1.41844725609, "var": 313.213165283, "median": 9.0758895874}, "erbbands_crest": {"dmean": 2.78187847137, "dmean2": 4.53050470352, "max": 30.4802093506, "dvar": 6.24690198898, "mean": 10.2887239456, "dvar2": 15.3148756027, "min": 2.53842639923, "var": 16.1914272308, "median": 9.43887710571}, "melbands_skewness": {"dmean": 0.664599597454, "dmean2": 1.0272705555, "max": 16.0685310364, "dvar": 0.439702928066, "mean": 2.48074436188, "dvar2": 0.999105989933, "min": -0.562506556511, "var": 1.70087623596, "median": 2.34357833862}, "spectral_energyband_middle_low": {"dmean": 0.00846694037318, "dmean2": 0.0126942312345, "max": 0.290243327618, "dvar": 9.03104591998e-05, "mean": 0.0233816709369, "dvar2": 0.000190604871023, "min": 4.94252785339e-22, "var": 0.000330013484927, "median": 0.0201759971678}, "spectral_contrast_coeffs": {"dmean": [0.057428304106, 0.0546234026551, 0.0408633947372, 0.0362028852105, 0.0243606884032, 0.0184078160673], "dmean2": [0.0894138067961, 0.0873195379972, 0.06640971452, 0.0558301359415, 0.039403680712, 0.029633635655], "max": [-0.281679242849, -0.332577914, -0.452027022839, -0.534397959709, -0.607524037361, -0.627189874649], "dvar": [0.0022519340273, 0.00204685004428, 0.00105153769255, 0.000875128607731, 0.000391771201976, 0.000379280274501], "mean": [-0.596617102623, -0.683062672615, -0.760326504707, -0.76656037569, -0.783160805702, -0.791491627693], "dvar2": [0.00515452073887, 0.00513066351414, 0.00273435493, 0.00194228731561, 0.00100942444988, 0.00101313530467], "min": [-0.965502142906, -0.985669493675, -0.963189542294, -0.96008002758, -0.95967322588, -0.963844299316], "var": [0.00759555911645, 0.00756367435679, 0.00445475848392, 0.00403474224731, 0.00246769539081, 0.00173661729787], "median": [-0.605957269669, -0.684797585011, -0.76703453064, -0.771847248077, -0.784017682076, -0.790646255016]}, "spectral_contrast_valleys": {"dmean": [0.493325322866, 0.43070179224, 0.417335242033, 0.43104377389, 0.383726090193, 0.221733540297], "dmean2": [0.793674588203, 0.718149006367, 0.672223508358, 0.684294641018, 0.598567724228, 0.331334859133], "max": [-4.97704172134, -4.46892404556, -5.46496105194, -6.12432718277, -6.6764626503, -8.30891609192], "dvar": [0.180486425757, 0.17283514142, 0.150498643517, 0.174442648888, 0.15913118422, 0.0824364721775], "mean": [-6.93748188019, -6.73013496399, -7.63943719864, -8.4575138092, -9.26543617249, -12.2110643387], "dvar2": [0.445324599743, 0.449350744486, 0.366967499256, 0.429552108049, 0.389552175999, 0.168209835887], "min": [-27.4753761292, -27.8768939972, -27.4265670776, -27.1831378937, -27.2073497772, -27.159406662], "var": [2.68776750565, 1.75794887543, 1.39107453823, 1.46599757671, 1.60643970966, 2.13367462158], "median": [-6.63190412521, -6.51001262665, -7.45757818222, -8.25890159607, -9.06045436859, -11.9331226349]}, "silence_rate_20dB": {"dmean": 0.000128164043417, "dmean2": 0.000256344530499, "max": 1, "dvar": 0.000128138373839, "mean": 0.999935925007, "dvar2": 0.000384414073778, "min": 0, "var": 6.40715006739e-05, "median": 1}, "silence_rate_30dB": {"dmean": 0.00884331949055, "dmean2": 0.0176877714694, "max": 1, "dvar": 0.00876431260258, "mean": 0.987889289856, "dvar2": 0.0217285398394, "min": 0, "var": 0.0119669539854, "median": 1}, "spectral_strongpeak": {"dmean": 0.404650866985, "dmean2": 0.673571765423, "max": 8.28284072876, "dvar": 0.28902682662, "mean": 0.831068277359, "dvar2": 0.703774273396, "min": 0, "var": 0.578937292099, "median": 0.56906580925}, "spectral_spread": {"dmean": 393979.6875, "dmean2": 573422.5625, "max": 39418656, "dvar": 300872269824, "mean": 2555259.75, "dvar2": 462751268864, "min": 304561.03125, "var": 4876166234110.0, "median": 2143478}, "barkbands_flatness_db": {"dmean": 0.0266088116914, "dmean2": 0.0390816032887, "max": 0.585525512695, "dvar": 0.000650380330626, "mean": 0.26419454813, "dvar2": 0.00140429718886, "min": 0.0577735118568, "var": 0.00576022034511, "median": 0.25219103694}, "pitch_salience": {"dmean": 0.0803517103195, "dmean2": 0.13131287694, "max": 0.938068330288, "dvar": 0.00513637904078, "mean": 0.564009785652, "dvar2": 0.0132359499112, "min": 0.087169662118, "var": 0.0123852100223, "median": 0.572599291801}, "erbbands_kurtosis": {"dmean": 1.39897584915, "dmean2": 2.19061398506, "max": 70.5610580444, "dvar": 3.80754613876, "mean": 1.3195425272, "dvar2": 8.64106559753, "min": -1.85716807842, "var": 8.81542301178, "median": 0.428654104471}, "average_loudness": 0.573907136917, "barkbands_crest": {"dmean": 2.80580067635, "dmean2": 4.61823654175, "max": 26.6442337036, "dvar": 6.03241539001, "mean": 11.7911739349, "dvar2": 15.7709245682, "min": 3.73750185966, "var": 16.5570640564, "median": 11.1132297516}, "hfc": {"dmean": 3.61152482033, "dmean2": 5.4482011795, "max": 114.393440247, "dvar": 18.0950069427, "mean": 12.4066123962, "dvar2": 37.8902435303, "min": 1.15798615373e-16, "var": 80.5271682739, "median": 10.6544466019}, "barkbands_kurtosis": {"dmean": 4.65587997437, "dmean2": 7.42375230789, "max": 646.420654297, "dvar": 179.843811035, "mean": 10.3530759811, "dvar2": 444.302398682, "min": -1.91338813305, "var": 1320.63354492, "median": 5.12984895706}, "erbbands": {"dmean": [0.131594330072, 1.77176451683, 3.58603477478, 6.378490448, 9.76259803772, 19.5678367615, 19.2451725006, 20.3772621155, 12.7923192978, 22.6365432739, 22.5649051666, 10.1603765488, 10.4952831268, 9.03699111938, 12.594086647, 13.6857061386, 20.4460124969, 7.01543474197, 3.88470745087, 5.33297014236, 2.34061574936, 2.04935979843, 1.83051133156, 0.929017186165, 0.508264660835, 0.324261724949, 0.223352640867, 0.150285452604, 0.112061679363, 0.135849043727, 0.117680974305, 0.0863397791982, 0.0620316341519, 0.0453303530812, 0.0308237802237, 0.0133734541014, 0.00269926758483, 0.000346132495906, 3.77841133741e-05, 1.65700294019e-05], "dmean2": [0.228415504098, 3.00440859795, 5.74078083038, 10.1647834778, 15.3558769226, 29.4408473969, 29.4041519165, 30.6605625153, 18.2726383209, 34.8243484497, 33.9273223877, 15.5273427963, 16.4369544983, 13.9939289093, 20.1805438995, 21.0909976959, 31.7165393829, 11.2148885727, 6.2724852562, 8.97362232208, 3.89218521118, 3.39288401604, 3.03987836838, 1.52998566628, 0.816092073917, 0.4950478971, 0.323881745338, 0.208209753036, 0.149889305234, 0.189356148243, 0.159458488226, 0.114263556898, 0.0778326243162, 0.0532548688352, 0.0340731963515, 0.014815909788, 0.00288019329309, 0.000366640335415, 4.0856677515e-05, 2.54571295955e-05], "max": [2.03039336205, 22.3515758514, 79.9817352295, 135.971801758, 289.177703857, 826.956787109, 848.520507813, 736.151123047, 482.062957764, 1368.18896484, 2848.77758789, 815.048950195, 872.402587891, 992.44921875, 1326.89343262, 402.149688721, 990.713317871, 363.181060791, 240.014816284, 299.234924316, 145.137084961, 149.96697998, 89.9321365356, 69.2036819458, 74.3606491089, 45.3719215393, 41.9443473816, 27.384853363, 19.2331562042, 28.1203765869, 18.1175880432, 28.5786132813, 33.4613685608, 14.31553936, 16.3258590698, 11.0272493362, 1.68571519852, 0.164276957512, 0.0128144957125, 0.000528239645064], "dvar": [0.0316254235804, 4.5075006485, 21.7067699432, 86.482711792, 203.372665405, 776.081481934, 850.419799805, 1094.28515625, 423.050506592, 1717.00341797, 2756.62988281, 515.515258789, 596.47076416, 364.028961182, 740.666809082, 585.666015625, 1421.63134766, 199.605331421, 61.5029983521, 175.730178833, 24.7975063324, 19.3479576111, 10.8266000748, 4.43860006332, 1.9328327179, 0.951002717018, 0.756621420383, 0.368148207664, 0.220801651478, 0.248833537102, 0.248273596168, 0.130758404732, 0.112213544548, 0.0793424844742, 0.0488262549043, 0.0115856947377, 0.000379067641916, 4.9417021728e-06, 4.13740899319e-08, 3.24704346744e-10], "mean": [0.168054133654, 2.69805717468, 6.15631103516, 10.9793348312, 17.6680088043, 34.9664039612, 37.0127487183, 38.2387008667, 25.2401809692, 44.8262634277, 48.4727058411, 19.1141242981, 21.3189640045, 16.1809425354, 22.0727291107, 20.8680953979, 27.732919693, 10.9270906448, 6.22919130325, 7.12104511261, 3.71932554245, 3.69817042351, 3.34765291214, 1.74321699142, 0.906090319157, 0.601731836796, 0.493095040321, 0.347216308117, 0.26703107357, 0.342258751392, 0.293802648783, 0.214963078499, 0.158865109086, 0.105214260519, 0.0717773512006, 0.0310062356293, 0.00635896762833, 0.000905231398065, 0.000109758337203, 4.93321604154e-05], "dvar2": [0.0868270769715, 12.021188736, 56.2681465149, 221.664291382, 465.595794678, 1673.87890625, 1885.8692627, 2413.09130859, 760.023986816, 3977.03637695, 5476.28076172, 1119.45019531, 1439.51171875, 767.346191406, 1799.39587402, 1320.63354492, 3182.96069336, 526.082946777, 143.467498779, 455.293060303, 64.1416091919, 49.9877662659, 28.3500919342, 11.0314826965, 4.06770944595, 1.72539401054, 1.38688659668, 0.555005252361, 0.309794157743, 0.369276553392, 0.387668579817, 0.193827271461, 0.157965674996, 0.103202484548, 0.0553254410625, 0.0173478685319, 0.00046937156003, 5.15563760928e-06, 4.08580227429e-08, 6.91368240435e-10], "min": [6.43227589569e-22, 1.2245715882e-20, 1.64757656694e-20, 5.77669400218e-20, 4.76139216194e-20, 1.0482056633e-19, 3.66953268805e-19, 5.65463665271e-19, 4.28369645679e-19, 1.05632649604e-18, 3.29544785574e-18, 4.43242952798e-18, 3.13451138897e-18, 2.14246313378e-18, 2.90661858072e-18, 2.42389706834e-18, 4.59117996319e-18, 6.35632755569e-18, 5.40184715559e-18, 5.77329715915e-18, 6.39825196427e-18, 1.00235686949e-17, 9.31862221587e-18, 1.16727410161e-17, 1.31680453355e-17, 1.58354976702e-17, 1.19204741649e-17, 1.30814287721e-17, 1.81304523771e-17, 1.6012709536e-17, 1.65254175863e-17, 1.5978351762e-17, 1.36723202796e-17, 1.23067890177e-17, 8.91839997547e-18, 5.23411105738e-18, 2.97281329565e-18, 1.43310726505e-18, 3.25315840202e-19, 3.59911098971e-20], "var": [0.0418561771512, 8.20954322815, 30.6353302002, 152.76210022, 472.852600098, 2111.78295898, 2554.11181641, 2984.26391602, 1391.8927002, 5567.27880859, 14179.8066406, 1430.94177246, 2827.95288086, 1050.02746582, 2594.34472656, 1103.03942871, 2416.93725586, 429.222839355, 137.706237793, 223.48664856, 44.7731666565, 55.6630172729, 28.0929889679, 11.9408731461, 4.11708593369, 2.89894962311, 3.29312968254, 1.53138840199, 0.781311571598, 1.02633273602, 1.10468316078, 0.643109560013, 0.62755638361, 0.360638350248, 0.2776440382, 0.0523372665048, 0.00189596856944, 3.30625080096e-05, 3.0371450066e-07, 1.23244203731e-09], "median": [0.0925376415253, 1.57098853588, 5.0186290741, 6.93421840668, 10.4116477966, 19.2529220581, 20.7398414612, 16.6629257202, 11.4420051575, 19.4097099304, 15.1417865753, 8.47139167786, 6.7294049263, 7.16877555847, 8.47801399231, 8.2109413147, 7.8324379921, 4.35740470886, 2.31346440315, 2.38694429398, 1.45803368092, 1.35545814037, 1.36119365692, 0.597684860229, 0.285857498646, 0.170631855726, 0.0833496600389, 0.0626231133938, 0.0546754747629, 0.0621028617024, 0.0299413204193, 0.0166555531323, 0.0100478343666, 0.00594199355692, 0.00366692524403, 0.00119129079394, 0.000270837103017, 3.71899004676e-05, 2.54601873166e-05, 4.48405990028e-05]}, "spectral_energy": {"dmean": 0.014520724304, "dmean2": 0.022812385112, "max": 0.308413982391, "dvar": 0.000236254796619, "mean": 0.0411096513271, "dvar2": 0.000548391253687, "min": 1.02901833657e-20, "var": 0.000599922146648, "median": 0.0390330627561}, "zerocrossingrate": {"dmean": 0.00416476838291, "dmean2": 0.0050858980976, "max": 0.84033203125, "dvar": 8.49020798341e-05, "mean": 0.0286599136889, "dvar2": 8.89280127012e-05, "min": 0.0029296875, "var": 0.00596101