{"lowlevel": {"erbbands": {"mean": [0.432469457388, 1.3500225544, 2.59176659584, 4.39636230469, 11.9580183029, 17.6193790436, 22.4214611053, 36.1007575989, 51.1570091248, 91.7965164185, 43.111743927, 45.9470977783, 32.0113258362, 29.2717933655, 17.370262146, 11.2043972015, 8.88711547852, 8.84112262726, 6.12120342255, 5.81864213943, 4.52170991898, 3.23197674751, 3.60688233376, 3.66665554047, 3.09557676315, 3.3942797184, 2.83113288879, 1.69700956345, 0.733652055264, 0.345912665129, 0.154808312654, 0.0812991783023, 0.0429483875632, 0.0269593372941, 0.0173558648676, 0.011556849815, 0.018824134022, 0.0414768047631, 0.0397802516818, 0.0110370824113], "dvar": [0.601071059704, 3.86586403847, 14.00004673, 37.078994751, 227.291442871, 720.227661133, 612.78125, 1828.67858887, 5956.86474609, 18449.5292969, 2568.57299805, 5063.61279297, 1706.87011719, 1917.51208496, 449.962371826, 166.076629639, 73.7565460205, 239.540084839, 26.7987251282, 32.8009910583, 22.8668899536, 15.4949026108, 27.67603302, 56.4884414673, 24.6231441498, 42.7127037048, 30.4650859833, 7.9073767662, 1.85186195374, 0.313015580177, 0.0252410750836, 0.00890081375837, 0.00420431420207, 0.00189182802569, 0.000740875082556, 0.000240172899794, 0.000520863104612, 0.0040054298006, 0.00321449665353, 1.93150972336e-05], "min": [3.73884601888e-23, 3.82924442991e-22, 1.45203811813e-21, 5.83524344537e-21, 1.18814551054e-20, 2.69779092203e-20, 4.24847265061e-20, 8.81537494037e-20, 7.53725552442e-20, 1.44588301792e-19, 3.47561906349e-19, 2.17290058859e-19, 4.29777326135e-19, 7.03615235277e-19, 1.25081713077e-18, 1.28071640119e-18, 1.4183557396e-18, 1.79182520123e-18, 2.48729901472e-18, 3.0525489572e-18, 3.18384195916e-18, 4.85741011129e-18, 6.06131938049e-18, 5.86026858311e-18, 7.6245331603e-18, 9.1204040985e-18, 9.40094653915e-18, 1.13213943965e-17, 1.06043603272e-17, 1.00905628799e-17, 1.0134813734e-17, 1.1419831371e-17, 9.93771975507e-18, 8.03801758746e-18, 6.06283808409e-18, 4.53756459743e-18, 2.30186910963e-18, 9.33986793631e-19, 2.56797057944e-19, 2.57788883042e-20], "dmean": [0.369709014893, 1.13297998905, 2.21389508247, 3.42728376389, 9.28051376343, 13.8106708527, 15.562664032, 24.0628051758, 33.351890564, 58.8084754944, 25.3856658936, 29.2233333588, 20.1006069183, 18.6824016571, 10.2538747787, 5.99512147903, 4.6120018959, 5.20572662354, 3.14092183113, 3.09121370316, 2.50013923645, 1.85084712505, 2.07944011688, 2.18252706528, 1.81025493145, 2.01571893692, 1.66452264786, 0.961976647377, 0.419470697641, 0.208785638213, 0.103840455413, 0.0649742931128, 0.041909724474, 0.0274424925447, 0.0173509865999, 0.0104268603027, 0.0111593706533, 0.0210200939327, 0.0198127049953, 0.00294390390627], "dmean2": [0.640018999577, 1.93437981606, 3.76029419899, 5.82077789307, 15.9270439148, 23.1864719391, 25.6674060822, 39.4684143066, 54.7147064209, 95.3709259033, 41.2894439697, 47.6819114685, 32.6524124146, 30.2888145447, 16.5202121735, 9.74146556854, 7.48024272919, 8.55270290375, 5.08315372467, 4.94205093384, 4.01253604889, 2.90566897392, 3.15015459061, 3.18046855927, 2.53691077232, 2.77742338181, 2.33134484291, 1.30168581009, 0.592447280884, 0.299765586853, 0.15895113349, 0.104515485466, 0.0695555135608, 0.0456915535033, 0.0288052968681, 0.0171870980412, 0.016120467335, 0.0260786432773, 0.0244717206806, 0.00411998899654], "dvar2": [1.69924616814, 10.5383586884, 36.0385513306, 99.1155471802, 615.402160645, 1871.22387695, 1554.10107422, 4701.38330078, 16005.3710938, 46640.6796875, 6763.65136719, 13089.1572266, 4198.10546875, 4715.83740234, 1115.25976562, 388.123748779, 179.379104614, 630.995422363, 66.939666748, 77.9050979614, 56.4910316467, 38.3030776978, 64.6324996948, 126.469032288, 47.7280807495, 89.7879333496, 61.4892959595, 15.2513151169, 3.8088696003, 0.700804710388, 0.0534301809967, 0.0215026400983, 0.0103859920055, 0.00468157138675, 0.00183312769514, 0.000591910036746, 0.00102100230288, 0.00686629349366, 0.00555727444589, 3.74162955268e-05], "max": [11.5216522217, 30.6766052246, 52.8486480713, 110.983558655, 312.968688965, 376.092071533, 593.062805176, 826.520629883, 2211.7722168, 5289.81201172, 1659.42199707, 1715.17248535, 1359.15356445, 1010.90594482, 730.022277832, 592.511291504, 355.163421631, 981.110839844, 132.308059692, 174.993560791, 121.755767822, 94.4568634033, 200.815444946, 341.027770996, 169.336074829, 287.819946289, 180.894744873, 111.333732605, 84.5767211914, 36.3213806152, 6.70438241959, 1.32074713707, 0.931826412678, 0.545885443687, 0.342243254185, 0.218113005161, 1.24042713642, 2.82447361946, 1.90978229046, 0.111567683518], "median": [0.188028007746, 0.717184245586, 1.3094701767, 2.4238910675, 6.3998041153, 8.50611305237, 13.3019657135, 18.6166114807, 21.5352363586, 38.9929885864, 21.7118644714, 16.8838157654, 15.0472812653, 13.1853675842, 9.99024009705, 6.2987909317, 5.09311580658, 4.74787425995, 3.41085910797, 3.35406255722, 2.39147233963, 1.53150701523, 1.43967461586, 1.18374919891, 0.867617607117, 0.793994426727, 0.631876826286, 0.43854033947, 0.256843984127, 0.148785412312, 0.0782866328955, 0.0410274714231, 0.0174085628241, 0.00995524227619, 0.00676986062899, 0.0056154136546, 0.0087334215641, 0.0115883760154, 0.00938011240214, 0.00796277634799], "var": [0.569790661335, 3.7537279129, 15.4996089935, 42.4825286865, 264.832275391, 820.294067383, 899.60949707, 3139.02270508, 10644.4140625, 36565.6484375, 5202.32421875, 10422.8671875, 2945.16650391, 3129.87109375, 723.530578613, 335.120697021, 192.21963501, 284.894744873, 62.9613113403, 65.2997970581, 44.489074707, 25.8833847046, 53.5878334045, 108.882957458, 59.3439559937, 86.9222717285, 67.4536361694, 18.260269165, 3.46637368202, 0.523542642593, 0.0530080534518, 0.0123285586014, 0.00464598601684, 0.00201736297458, 0.000799338391516, 0.00027909441269, 0.00132372125518, 0.0120136737823, 0.0101069891825, 0.000108480664494]}, "gfcc": {"icov": [[8.95229750313e-05, -0.000291885924526, 0.000576719990931, -0.00044783987687, 0.00029652757803, 3.22050868817e-06, -6.317266525e-05, -5.44234608242e-05, 0.000209386620554, -0.000195957560209, 1.65075107361e-05, 0.000222719449084, -0.000144306308357], [-0.000291885924526, 0.00274404441006, -0.00297745154239, 0.00265659671277, -0.000966052873991, 0.000261830369709, -6.60413061269e-05, 0.00134075863753, -0.00252422085032, 0.0029437772464, -0.00228104554117, 0.000945766223595, -0.000426102720667], [0.000576719990931, -0.00297745154239, 0.00997597910464, -0.0058724633418, 0.00292503531091, -0.00211797049269, 0.000774268351961, -0.001812695642, 0.00196749297902, -0.002467678627, 0.000604879111052, 0.00175960722845, -0.00193822220899], [-0.00044783987687, 0.00265659671277, -0.0058724633418, 0.0101588405669, -0.00589927239344, 0.00267437612638, -0.000738143571652, -0.00228392588906, 0.00400565797463, -0.00528262322769, 0.00615055998787, -0.00783007685095, 0.00399275263771], [0.00029652757803, -0.000966052873991, 0.00292503531091, -0.00589927239344, 0.0110499849543, -0.00481768976897, -0.00284687546082, 0.00697268173099, -0.00608323747292, 0.00709982635453, -0.00688015064225, 0.00572814652696, -0.0033456091769], [3.22050868817e-06, 0.000261830369709, -0.00211797049269, 0.00267437612638, -0.00481768976897, 0.00826226640493, 0.00288856215775, -0.0053009535186, 0.00446802238002, -0.00439346721396, 0.00182033178862, -0.00091745617101, -0.000379583361791], [-6.317266525e-05, -6.60413061269e-05, 0.000774268351961, -0.000738143571652, -0.00284687546082, 0.00288856215775, 0.00964318588376, -0.00203786767088, -0.00368390767835, 0.00038516605855, 0.00170852930751, -0.00419123284519, 0.00235666148365], [-5.44234608242e-05, 0.00134075863753, -0.001812695642, -0.00228392588906, 0.00697268173099, -0.0053009535186, -0.00203786767088, 0.0158816501498, -0.00850959029049, 0.0034899180755, -0.00626707077026, 0.00675483932719, -0.00417453655973], [0.000209386620554, -0.00252422085032, 0.00196749297902, 0.00400565797463, -0.00608323747292, 0.00446802238002, -0.00368390767835, -0.00850959029049, 0.027310045436, -0.0215875227004, 0.0108436075971, -0.00485869031399, 0.00234156032093], [-0.000195957560209, 0.0029437772464, -0.002467678627, -0.00528262322769, 0.00709982635453, -0.00439346721396, 0.00038516605855, 0.0034899180755, -0.0215875227004, 0.0450020357966, -0.0263695362955, 0.00751385185868, -0.00162078463472], [1.65075107361e-05, -0.00228104554117, 0.000604879111052, 0.00615055998787, -0.00688015064225, 0.00182033178862, 0.00170852930751, -0.00626707077026, 0.0108436075971, -0.0263695362955, 0.0418054200709, -0.018779149279, 0.000206489232369], [0.000222719449084, 0.000945766223595, 0.00175960722845, -0.00783007685095, 0.00572814652696, -0.00091745617101, -0.00419123284519, 0.00675483932719, -0.00485869031399, 0.00751385185868, -0.018779149279, 0.0350491032004, -0.0102724973112], [-0.000144306308357, -0.000426102720667, -0.00193822220899, 0.00399275263771, -0.0033456091769, -0.000379583361791, 0.00235666148365, -0.00417453655973, 0.00234156032093, -0.00162078463472, 0.000206489232369, -0.0102724973112, 0.0240108650178]], "mean": [-41.6822776794, 121.98085022, -69.431854248, -15.7108945847, -27.6112442017, -26.0045089722, -1.39388561249, -13.8164520264, -0.47177234292, -3.1036965847, -4.77597522736, -2.90587639809, -3.85799598694], "cov": [[25010.6445312, 1543.95056152, -1247.80554199, 45.0660896301, -245.924285889, -1003.10272217, 482.475585938, -342.694946289, 45.9460639954, -117.07711792, -84.2075042725, -37.6571846008, -115.336387634], [1543.95056152, 1043.10070801, 17.0004386902, -331.539581299, 13.8036355972, 7.82299137115, -40.0897369385, -46.7089805603, 54.6254577637, -38.1815605164, 34.87266922, -62.4337615967, 47.2399597168], [-1247.80554199, 17.0004386902, 299.112792969, 75.9537582397, -27.631855011, 143.771087646, -76.9694213867, 87.6850814819, -16.6518917084, 34.0299530029, 16.8405380249, -0.446419596672, 29.1245975494], [45.0660896301, -331.539581299, 75.9537582397, 390.784484863, 86.0126419067, -52.99584198, 93.1055221558, -6.81762218475, -16.2893295288, 22.7280044556, -18.3439350128, 62.3159484863, -33.7005577087], [-245.924285889, 13.8036355972, -27.631855011, 86.0126419067, 238.149429321, 13.1131772995, 70.9895019531, -75.0858459473, 18.2931060791, -15.0056533813, 5.36969947815, 14.5007457733, -1.03745567799], [-1003.10272217, 7.82299137115, 143.771087646, -52.99584198, 13.1131772995, 314.964813232, -127.877700806, 101.402641296, -24.5341911316, 30.4495697021, 31.2564125061, -21.1358509064, 46.6525382996], [482.475585938, -40.0897369385, -76.9694213867, 93.1055221558, 70.9895019531, -127.877700806, 215.837844849, -33.6772117615, 53.8268661499, 2.61472868919, -8.57930469513, 33.7694091797, -29.2285633087], [-342.694946289, -46.7089805603, 87.6850814819, -6.81762218475, -75.0858459473, 101.402641296, -33.6772117615, 161.380203247, 27.420759201, 43.7140350342, 22.2772789001, -9.31155967712, 23.9285545349], [45.9460639954, 54.6254577637, -16.6518917084, -16.2893295288, 18.2931060791, -24.5341911316, 53.8268661499, 27.420759201, 94.744178772, 38.4490394592, 13.4981737137, 4.96268987656, -0.38161739707], [-117.07711792, -38.1815605164, 34.0299530029, 22.7280044556, -15.0056533813, 30.4495697021, 2.61472868919, 43.7140350342, 38.4490394592, 68.0761413574, 35.4108390808, 12.7156362534, 9.30163860321], [-84.2075042725, 34.87266922, 16.8405380249, -18.3439350128, 5.36969947815, 31.2564125061, -8.57930469513, 22.2772789001, 13.4981737137, 35.4108390808, 59.9778442383, 21.6355552673, 20.2945327759], [-37.6571846008, -62.4337615967, -0.446419596672, 62.3159484863, 14.5007457733, -21.1358509064, 33.7694091797, -9.31155967712, 4.96268987656, 12.7156362534, 21.6355552673, 60.0588531494, 10.9032917023], [-115.336387634, 47.2399597168, 29.1245975494, -33.7005577087, -1.03745567799, 46.6525382996, -29.2285633087, 23.9285545349, -0.38161739707, 9.30163860321, 20.2945327759, 10.9032917023, 62.5252876282]]}, "spectral_skewness": {"mean": 3.55370807648, "dvar": 0.46420019865, "min": -0.0732213705778, "dmean": 0.631256937981, "dmean2": 0.944707393646, "dvar2": 1.13838911057, "max": 9.41372776031, "median": 3.35756707191, "var": 1.47441518307}, "spectral_energyband_low": {"mean": 0.0154649773613, "dvar": 0.000379201112082, "min": 1.97835144759e-23, "dmean": 0.0105443671346, "dmean2": 0.0179215986282, "dvar2": 0.0010425534565, "max": 0.28345516324, "median": 0.00997193716466, "var": 0.000409131200286}, "spectral_energyband_middle_low": {"mean": 0.02024275437, "dvar": 0.000123732592328, "min": 1.80259664579e-22, "dmean": 0.00857310276479, "dmean2": 0.0138431629166, "dvar2": 0.000317719444865, "max": 0.252665877342, "median": 0.0155070703477, "var": 0.000307068432448}, "mfcc": {"icov": [[0.000186464123544, -0.000211523176404, 0.000179602415301, -0.000269145035418, 0.000149355109897, 0.000137292037834, -0.000145525133121, -1.10687487904e-05, 0.000125285499962, -0.000297238992061, 0.0002861218818, -0.000284785084659, 0.000177261608769], [-0.000211523176404, 0.00089395523537, -0.000232579623116, 0.000585568370298, 8.39304047986e-05, -0.00050483684754, 0.000534026359674, 0.000342185085174, -0.000473561056424, 0.000516631407663, -0.000784866570029, 0.000740741321351, -0.000340556231095], [0.000179602415301, -0.000232579623116, 0.00356304086745, -8.34380480228e-05, -0.00154379243031, 0.00224780407734, -0.00126484036446, 0.00022790665389, 0.000249307748163, -0.00181986100506, 0.00101655954495, -0.00079521763837, -0.000146597594721], [-0.000269145035418, 0.000585568370298, -8.34380480228e-05, 0.003236703109, 0.00149894866627, -0.00196006963961, 0.000591343676206, -0.00136837607715, 0.000174069267814, 0.000306571950205, 0.000529142096639, -0.000877117854543, 7.83174691605e-05], [0.000149355109897, 8.39304047986e-05, -0.00154379243031, 0.00149894866627, 0.0077003617771, -0.00432098889723, -0.00186404935084, 0.00151165097486, -0.00152445794083, 0.00228175125085, -0.0018017309485, 0.00149257970043, -0.00119456008542], [0.000137292037834, -0.00050483684754, 0.00224780407734, -0.00196006963961, -0.00432098889723, 0.0123047549278, -0.00404214859009, -0.00191965524573, 0.00388714438304, -0.00499367620796, 0.00523556116968, -0.00161726854276, -0.000888216833118], [-0.000145525133121, 0.000534026359674, -0.00126484036446, 0.000591343676206, -0.00186404935084, -0.00404214859009, 0.0179417692125, -0.00646350858733, -0.00150682369713, 0.00418715504929, -0.00263992790133, 0.00124816235621, -0.00168065389153], [-1.10687487904e-05, 0.000342185085174, 0.00022790665389, -0.00136837607715, 0.00151165097486, -0.00191965524573, -0.00646350858733, 0.0237521957606, -0.00797867309302, 0.000428121391451, -0.00201934203506, -0.000700435892213, 0.00258958851919], [0.000125285499962, -0.000473561056424, 0.000249307748163, 0.000174069267814, -0.00152445794083, 0.00388714438304, -0.00150682369713, -0.00797867309302, 0.0258020609617, -0.0139038525522, 0.00437842682004, -0.00205275858752, -0.000678504060488], [-0.000297238992061, 0.000516631407663, -0.00181986100506, 0.000306571950205, 0.00228175125085, -0.00499367620796, 0.00418715504929, 0.000428121391451, -0.0139038525522, 0.0296843741089, -0.0150059629232, 0.00359667185694, -0.00298316846602], [0.0002861218818, -0.000784866570029, 0.00101655954495, 0.000529142096639, -0.0018017309485, 0.00523556116968, -0.00263992790133, -0.00201934203506, 0.00437842682004, -0.0150059629232, 0.0316313952208, -0.0168637111783, 0.00582881597802], [-0.000284785084659, 0.000740741321351, -0.00079521763837, -0.000877117854543, 0.00149257970043, -0.00161726854276, 0.00124816235621, -0.000700435892213, -0.00205275858752, 0.00359667185694, -0.0168637111783, 0.0395651385188, -0.0188566930592], [0.000177261608769, -0.000340556231095, -0.000146597594721, 7.83174691605e-05, -0.00119456008542, -0.000888216833118, -0.00168065389153, 0.00258958851919, -0.000678504060488, -0.00298316846602, 0.00582881597802, -0.0188566930592, 0.0309055112302]], "mean": [-703.428710938, 186.974868774, 5.42788171768, 26.0017108917, -10.9019031525, 4.19851160049, -3.52020740509, -0.378353923559, 2.26625275612, 3.52740836143, 1.17575109005, 2.33583974838, 1.91767859459], "cov": [[9378.51953125, 1553.16723633, -588.664428711, 783.36730957, -526.752319336, 18.6038970947, -96.6909637451, 40.4940834045, -8.81824970245, 53.0532341003, -28.2600517273, 31.8599281311, -40.2342453003], [1553.16723633, 1689.77758789, 15.4383945465, -202.097427368, -15.7459840775, -22.6304893494, -50.4356536865, -44.1773490906, 12.6454601288, 13.6882133484, 23.2379417419, -16.0664329529, -2.58953523636], [-588.664428711, 15.4383945465, 396.814697266, -129.341110229, 99.1268615723, -48.9457473755, 23.7008285522, -8.70864772797, 20.6388702393, 19.8328857422, 18.3466014862, 7.56910085678, 13.7253160477], [783.36730957, -202.097427368, -129.341110229, 533.910583496, -123.392936707, 69.5054473877, -0.987718164921, 44.5368385315, -7.95536899567, 1.83623826504, -21.571762085, 16.7447299957, -0.95615530014], [-526.752319336, -15.7459840775, 99.1268615723, -123.392936707, 237.54826355, 61.3130378723, 47.7313995361, -5.50230884552, 3.50929760933, -8.11632442474, 1.10696959496, -4.14504003525, 14.1869335175], [18.6038970947, -22.6304893494, -48.9457473755, 69.5054473877, 61.3130378723, 148.004928589, 39.1025619507, 18.2166900635, -8.20751667023, -0.422246783972, -17.2915019989, 1.00159811974, 10.1105117798], [-96.6909637451, -50.4356536865, 23.7008285522, -0.987718164921, 47.7313995361, 39.1025619507, 82.9678955078, 25.0117034912, 7.15573692322, -3.45556259155, 1.24504411221, 2.77283072472, 6.7790851593], [40.4940834045, -44.1773490906, -8.70864772797, 44.5368385315, -5.50230884552, 18.2166900635, 25.0117034912, 62.1253471375, 22.3772506714, 12.4245185852, 6.84294748306, 5.9671421051, -0.366968840361], [-8.81824970245, 12.6454601288, 20.6388702393, -7.95536899567, 3.50929760933, -8.20751667023, 7.15573692322, 22.3772506714, 65.3162994385, 35.8478012085, 15.1915636063, 9.31145381927, 6.43220376968], [53.0532341003, 13.6882133484, 19.8328857422, 1.83623826504, -8.11632442474, -0.422246783972, -3.45556259155, 12.4245185852, 35.8478012085, 68.7960128784, 33.4919433594, 15.2591266632, 8.80230522156], [-28.2600517273, 23.2379417419, 18.3466014862, -21.571762085, 1.10696959496, -17.2915019989, 1.24504411221, 6.84294748306, 15.1915636063, 33.4919433594, 62.1672172546, 26.4341449738, 7.57007408142], [31.8599281311, -16.0664329529, 7.56910085678, 16.7447299957, -4.14504003525, 1.00159811974, 2.77283072472, 5.9671421051, 9.31145381927, 15.2591266632, 26.4341449738, 49.2468986511, 25.8923816681], [-40.2342453003, -2.58953523636, 13.7253160477, -0.95615530014, 14.1869335175, 10.1105117798, 6.7790851593, -0.366968840361, 6.43220376968, 8.80230522156, 7.57007408142, 25.8923816681, 49.2258911133]]}, "silence_rate_20dB": {"mean": 1, "dvar": 0, "min": 1, "dmean": 0, "dmean2": 0, "dvar2": 0, "max": 1, "median": 1, "var": 0}, "dynamic_complexity": 3.29655051231, "silence_rate_60dB": {"mean": 0.0582293532789, "dvar": 0.00473157363012, "min": 0, "dmean": 0.00475388718769, "dmean2": 0.0095087159425, "dvar2": 0.0104098878801, "max": 1, "median": 0, "var": 0.0548355542123}, "dissonance": {"mean": 0.443428367376, "dvar": 0.000945204112213, "min": 0.174085348845, "dmean": 0.0327756479383, "dmean2": 0.0553751625121, "dvar2": 0.00263984478079, "max": 0.500000059605, "median": 0.45426055789, "var": 0.00189086282626}, "barkbands": {"mean": [0.00514991767704, 0.00886873248965, 0.00226870179176, 0.00165240466595, 0.00525593291968, 0.00393225206062, 0.00467339577153, 0.00259990571067, 0.00188195984811, 0.00105032895226, 0.000460621260572, 0.000283530971501, 0.000182069896255, 0.000162609605468, 0.000110458895506, 9.38111843425e-05, 5.54636681045e-05, 6.70129447826e-05, 6.39754507574e-05, 7.21108808648e-05, 5.66118760617e-05, 1.8696020561e-05, 6.17532441538e-06, 3.04104241877e-06, 2.40787403527e-06, 9.30918213271e-06, 0.000349399982952], "dvar": [8.29643395264e-05, 0.000191021812498, 1.25647356981e-05, 6.52850167171e-06, 4.06383733207e-05, 1.78482769115e-05, 3.9863105485e-05, 9.72138332145e-06, 8.18887474452e-06, 2.12094028029e-06, 7.25460438389e-07, 1.08042293334e-07, 3.15015959984e-08, 8.96823735275e-08, 1.25031522913e-08, 8.90576945523e-09, 5.04768804532e-09, 1.10373523654e-08, 1.73432948003e-08, 1.88593229922e-08, 9.60636192815e-09, 1.30933419662e-09, 4.18276073499e-11, 1.66647182165e-11, 1.48608434586e-11, 1.23050208911e-10, 7.16050863048e-08], "min": [1.67225125923e-25, 3.09852493999e-24, 9.39331488334e-25, 1.18959011634e-24, 8.77938053119e-24, 7.34440310155e-24, 4.23924778565e-24, 1.37642422895e-23, 7.85913247563e-24, 1.38326601958e-23, 1.7053096489e-23, 2.79080150269e-23, 2.63409175951e-23, 2.33187220474e-23, 5.37784843771e-23, 3.63718393631e-23, 7.41639565217e-23, 1.12291762394e-22, 1.24378499858e-22, 1.91642157513e-22, 2.24677935662e-22, 3.11263939708e-22, 3.54288463966e-22, 6.3286420395e-22, 8.36073864367e-22, 1.31520758141e-21, 1.98295327084e-21], "dmean": [0.00409355154261, 0.00722663477063, 0.00202221330255, 0.00142024736851, 0.00376889039762, 0.00257215718739, 0.00305088190362, 0.00167607318144, 0.00121653871611, 0.000698369927704, 0.000312899122946, 0.000165315708728, 0.000101486337371, 9.79764736257e-05, 6.20770879323e-05, 5.2994415455e-05, 3.35028889822e-05, 3.91566863982e-05, 3.88920634578e-05, 4.2748026317e-05, 3.28684945998e-05, 1.09356278699e-05, 4.02658270104e-06, 2.7149815196e-06, 2.44295006269e-06, 5.5787418205e-06, 0.000134844871354], "dmean2": [0.00688197137788, 0.0123492106795, 0.00345799769275, 0.00243819807656, 0.00634744623676, 0.00418644584715, 0.00500299828127, 0.00269711157307, 0.0019865159411, 0.00113847700413, 0.000511409132741, 0.000269271666184, 0.000166030178661, 0.000162290598382, 0.00010030559497, 8.62519955263e-05, 5.32483900315e-05, 5.99459090154e-05, 5.5614647863e-05, 5.90429408476e-05, 4.48269056506e-05, 1.56288569997e-05, 6.06831690675e-06, 4.46473359261e-06, 4.06303115597e-06, 8.13266979094e-06, 0.000173465319676], "dvar2": [0.000219425666728, 0.00053115200717, 3.28169153363e-05, 1.75155000761e-05, 0.000106295672595, 4.48397986474e-05, 0.000105066399556, 2.35464303842e-05, 2.13803614315e-05, 5.29528415427e-06, 1.7818907736e-06, 2.55769691648e-07, 7.73638362261e-08, 2.39157458282e-07, 2.96000255418e-08, 2.22280469586e-08, 1.25469261647e-08, 2.53837200148e-08, 3.68524268879e-08, 3.9800102769e-08, 1.96261105145e-08, 2.8368860594e-09, 8.34061639199e-11, 4.08639719285e-11, 3.67789861067e-11, 2.14526160724e-10, 1.20556620686e-07], "max": [0.182288825512, 0.219145268202, 0.0572576746345, 0.0399538725615, 0.105522379279, 0.0695593804121, 0.185735970736, 0.0737961381674, 0.076937533915, 0.0295648965985, 0.0338713750243, 0.0114711197093, 0.00632604118437, 0.0185814853758, 0.00286875618622, 0.00243772403337, 0.00170696014538, 0.00431725056842, 0.00641766237095, 0.00625818781555, 0.00314103369601, 0.00227589323185, 0.000337907113135, 5.76627062401e-05, 4.81630668219e-05, 0.00064723205287, 0.00808376818895], "median": [0.00204685470089, 0.00457093771547, 0.0010716712568, 0.000820515851956, 0.00299554807134, 0.00219147792086, 0.00199338188395, 0.0012418050319, 0.000716071284842, 0.000453544926131, 0.00023204057652, 0.000146990365465, 0.000103178375866, 8.45879258122e-05, 5.85324560234e-05, 5.1606897614e-05, 2.54337537626e-05, 2.54531496466e-05, 1.84696837096e-05, 1.65323181136e-05, 1.3510944882e-05, 6.71877842251e-06, 3.02878424918e-06, 1.425959681e-06, 9.04644195998e-07, 4.42330019723e-06, 0.000162947282661], "var": [9.59050885285e-05, 0.000187478537555, 1.37027291203e-05, 7.21843480278e-06, 4.98025838169e-05, 3.19287573802e-05, 7.50666004024e-05, 2.04549232876e-05, 1.60113995662e-05, 3.58247302756e-06, 9.91308070297e-07, 2.22795151217e-07, 7.50688116113e-08, 1.01642804395e-07, 2.55841943186e-08, 1.72508354268e-08, 7.99408272911e-09, 2.18004778674e-08, 3.43105632794e-08, 3.97902049087e-08, 2.12227018181e-08, 2.23373719521e-09, 9.80594772049e-11, 1.98062122259e-11, 1.59149932816e-11, 3.49961948309e-10, 2.98426044765e-07]}, "spectral_complexity": {"mean": 14.1732025146, "dvar": 7.28030920029, "min": 0, "dmean": 2.6189956665, "dmean2": 4.04952478409, "dvar2": 14.1342515945, "max": 45, "median": 14, "var": 38.3398742676}, "spectral_energyband_high": {"mean": 0.000381935649784, "dvar": 1.85361912486e-07, "min": 7.17210181288e-21, "dmean": 0.000173117325176, "dmean2": 0.000212746846955, "dvar2": 3.15579967491e-07, "max": 0.0127351200208, "median": 0.000136679649586, "var": 6.26109056157e-07}, "hfc": {"mean": 108.211677551, "dvar": 1250.44726562, "min": 1.083792685e-16, "dmean": 28.4775466919, "dmean2": 44.8146247864, "dvar2": 3074.31640625, "max": 741.766357422, "median": 95.3276901245, "var": 5676.33496094}, "melbands_kurtosis": {"mean": 9.10144996643, "dvar": 142.145690918, "min": -1.53559398651, "dmean": 5.86574172974, "dmean2": 9.88565826416, "dvar2": 393.637664795, "max": 534.676879883, "median": 5.77488517761, "var": 229.166946411}, "spectral_strongpeak": {"mean": 1.20162904263, "dvar": 45.8636016846, "min": 0, "dmean": 1.26689302921, "dmean2": 2.33191680908, "dvar2": 130.011764526, "max": 134.654251099, "median": 0.30039075017, "var": 31.8410167694}, "silence_rate_30dB": {"mean": 0.972271740437, "dvar": 0.029570536688, "min": 0, "dmean": 0.0305041093379, "dmean2": 0.061014264822, "dvar2": 0.0685835704207, "max": 1, "median": 1, "var": 0.0269570723176}, "melbands_spread": {"mean": 11.9898614883, "dvar": 23.5162773132, "min": 0.157918229699, "dmean": 3.42790102959, "dmean2": 5.55213737488, "dvar2": 56.6136703491, "max": 204.752227783, "median": 9.2253818512, "var": 270.877960205}, "melbands_crest": {"mean": 15.0315008163, "dvar": 15.9326210022, "min": 1.00098478794, "dmean": 4.6226439476, "dmean2": 7.84353113174, "dvar2": 44.8407707214, "max": 37.781463623, "median": 13.5228118896, "var": 41.3113975525}, "average_loudness": 0.904797494411, "spectral_flux": {"mean": 0.115759558976, "dvar": 0.00109973479994, "min": 6.31855193167e-11, "dmean": 0.0292712301016, "dmean2": 0.0469654500484, "dvar2": 0.00241781049408, "max": 0.484557271004, "median": 0.11118426919, "var": 0.00287363422103}, "spectral_rolloff": {"mean": 7158.13183594, "dvar": 58420740, "min": 21.533203125, "dmean": 4152.78466797, "dmean2": 8040.29296875, "dvar2": 141140608, "max": 22050, "median": 882.861328125, "var": 87950904}, "melbands": {"mean": [0.00340020260774, 0.00149053521454, 0.000948152563069, 0.00113837770186, 0.000786343356594, 0.000807036471087, 0.000812775106169, 0.000927716784645, 0.000316543068038, 0.000276957580354, 0.000157059286721, 0.000124971367768, 6.38008859823e-05, 3.55510528607e-05, 2.23984588956e-05, 1.76763951458e-05, 1.61513689818e-05, 9.61608566286e-06, 8.42371628096e-06, 7.19547324479e-06, 4.73537966172e-06, 3.16966452374e-06, 3.24025472764e-06, 3.29084241457e-06, 2.96375446851e-06, 2.26918996304e-06, 2.36731739278e-06, 2.19959269998e-06, 1.842064421e-06, 1.43257261698e-06, 8.31227794151e-07, 4.40178581584e-07, 2.72541399227e-07, 1.55453079742e-07, 9.14660560625e-08, 6.49180336154e-08, 4.26414494825e-08, 3.06084793067e-08, 2.48180747064e-08, 2.18994227197e-08], "dvar": [2.99586808978e-05, 3.52738243237e-06, 1.33111166178e-06, 2.51966298492e-06, 7.29675264211e-07, 8.21456296762e-07, 1.21292350741e-06, 1.69058523625e-06, 1.70216281958e-07, 1.87392089401e-07, 4.67343070909e-08, 3.69166670566e-08, 1.02236272781e-08, 1.74225212035e-09, 4.18590495599e-10, 4.45866732424e-10, 8.23064894018e-10, 7.75582653656e-11, 8.66999666504e-11, 5.37004017642e-11, 3.49748736916e-11, 1.64306589168e-11, 2.26322190156e-11, 3.02609430569e-11, 4.61742068192e-11, 2.03994321435e-11, 1.30754079439e-11, 2.6950386367e-11, 1.96483627979e-11, 5.36636360349e-12, 2.39795119525e-12, 8.7563192374e-13, 2.22938895534e-13, 5.76641802342e-14, 1.00923247217e-14, 4.66289308123e-15, 3.06648712092e-15, 2.17922370856e-15, 1.61164895347e-15, 1.26027395832e-15], "min": [8.75085374314e-25, 6.1012992252e-25, 1.35171138616e-24, 1.50721598653e-24, 1.54090261516e-24, 1.80912666281e-24, 1.04312477725e-24, 2.30690854363e-24, 2.57289686086e-24, 1.12387425584e-24, 1.52732375518e-24, 2.37961016187e-24, 2.8641705367e-24, 2.87011006767e-24, 2.37435832039e-24, 3.54463169835e-24, 2.82416523083e-24, 3.08354664077e-24, 3.43960078528e-24, 3.51160169782e-24, 2.95249830618e-24, 4.33371585121e-24, 4.63836841078e-24, 4.40293484577e-24, 3.40495007001e-24, 4.61109393941e-24, 4.13110402745e-24, 4.04806931743e-24, 5.53020209097e-24, 4.57536682344e-24, 5.24612736254e-24, 4.70054248302e-24, 5.45653983736e-24, 5.37903307013e-24, 5.02588883629e-24, 6.29278761716e-24, 5.24240472793e-24, 5.7435885714e-24, 6.09924611609e-24, 6.6890718929e-24], "dmean": [0.00267079193145, 0.00118571938947, 0.000692834204528, 0.00087732670363, 0.000535455881618, 0.000527684285771, 0.000517795211636, 0.000589185103308, 0.000196334032807, 0.000181706534931, 0.000103174665128, 8.2850085164e-05, 4.13759626099e-05, 2.10197322303e-05, 1.22782412291e-05, 9.76812225417e-06, 1.01199639175e-05, 5.40739301869e-06, 4.85500095238e-06, 4.08197865909e-06, 2.84215002466e-06, 1.95577581508e-06, 1.99008013624e-06, 1.9990209239e-06, 1.87868431567e-06, 1.4337894072e-06, 1.46110278365e-06, 1.38558584695e-06, 1.14256067718e-06, 8.62433864768e-07, 5.00231010392e-07, 2.65801361365e-07, 1.67463596767e-07, 9.96576403622e-08, 6.29120791018e-08, 4.81342574687e-08, 3.70493573598e-08, 3.02638483163e-08, 2.53771510472e-08, 2.24027782991e-08], "dmean2": [0.00458870502189, 0.00200583599508, 0.00117810233496, 0.00148466264363, 0.000879663683008, 0.000861838692799, 0.000846876413561, 0.000951465161052, 0.000323245039908, 0.000297079619486, 0.000168013313669, 0.00013456644956, 6.71321104164e-05, 3.41687045875e-05, 2.02325936698e-05, 1.57779049914e-05, 1.67408579728e-05, 8.84137716639e-06, 7.79455058364e-06, 6.66501455271e-06, 4.60029013993e-06, 3.12369388666e-06, 3.15922466143e-06, 3.07983737002e-06, 2.79683513327e-06, 2.08801975532e-06, 2.09008317142e-06, 1.9811823222e-06, 1.65572157584e-06, 1.20708875784e-06, 7.06078651547e-07, 3.87415838077e-07, 2.46161164341e-07, 1.46843674997e-07, 9.72396705379e-08, 7.64040350987e-08, 6.06685830462e-08, 5.02992527629e-08, 4.22859223193e-08, 3.72962212225e-08], "dvar2": [8.40200445964e-05, 9.19256672205e-06, 3.5768455291e-06, 6.65733887217e-06, 1.84936936876e-06, 2.09738141166e-06, 3.23192944052e-06, 4.22347147833e-06, 4.62982455929e-07, 4.826729878e-07, 1.15025187597e-07, 9.12773785444e-08, 2.53411940321e-08, 4.1099990078e-09, 1.00913211121e-09, 1.11892506371e-09, 2.17663087554e-09, 1.99822450253e-10, 2.0201518236e-10, 1.35583710925e-10, 8.69568375639e-11, 4.03088395995e-11, 5.87198067947e-11, 7.00535393583e-11, 1.06913616849e-10, 4.32154208252e-11, 2.41621184865e-11, 6.2271118817e-11, 4.17190691715e-11, 1.07866155244e-11, 5.00135046225e-12, 1.84185414316e-12, 5.21474356752e-13, 1.22840268773e-13, 2.15201205516e-14, 1.10120000615e-14, 7.47924756118e-15, 5.38566544809e-15, 3.98892294114e-15, 3.11916028826e-15], "max": [0.0813915655017, 0.0216813292354, 0.0201319865882, 0.0261721406132, 0.0246351081878, 0.0162645447999, 0.0297249741852, 0.0492701455951, 0.0135519169271, 0.00927684921771, 0.00703273992985, 0.00404376303777, 0.00402795430273, 0.00116618466564, 0.000762061506975, 0.00112213846296, 0.00173933594488, 0.000197502304218, 0.000231337806326, 0.000212367231143, 0.00014943840506, 9.10618691705e-05, 0.000151352622197, 0.000216085798456, 0.000317697558785, 0.000178338625119, 0.000167950071045, 0.000264023576165, 0.000152991677169, 8.61779481056e-05, 5.93614277022e-05, 5.65413320146e-05, 3.0938830605e-05, 1.36805119837e-05, 4.96392749483e-06, 1.05174262899e-06, 7.99377460226e-07, 7.09629887297e-07, 5.03297655996e-07, 4.42855423444e-07], "median": [0.00175833608955, 0.000867135240696, 0.000575668818783, 0.000600541825406, 0.000458619731944, 0.000425671227276, 0.0003543306957, 0.000403644022299, 0.000151829837705, 9.99321928248e-05, 7.17065267963e-05, 5.27090269316e-05, 3.37650708389e-05, 1.79710277735e-05, 1.33975372592e-05, 9.66022162174e-06, 8.35301034385e-06, 5.24145798408e-06, 4.50061043011e-06, 4.09695348935e-06, 2.270634468e-06, 1.44521527545e-06, 1.37824349622e-06, 1.18464913612e-06, 9.17718637083e-07, 6.27836413969e-07, 5.81081337714e-07, 4.94981804877e-07, 3.82720372727e-07, 3.32389902269e-07, 2.20435566689e-07, 1.48539641032e-07, 1.07402470917e-07, 6.94075907859e-08, 4.56690933959e-08, 3.32565548433e-08, 2.01750456341e-08, 1.21318812774e-08, 9.06434571846e-09, 7.97997756763e-09], "var": [2.96919206448e-05, 3.85502153222e-06, 1.53546602633e-06, 2.84771272163e-06, 1.08361723505e-06, 1.46100660459e-06, 2.26337328968e-06, 3.46810952578e-06, 3.14916690058e-07, 3.74026029704e-07, 7.78453710382e-08, 5.99752283392e-08, 1.45179148703e-08, 3.58417473478e-09, 1.00254882174e-09, 8.49526782254e-10, 9.74195502046e-10, 1.63354954563e-10, 1.60854315978e-10, 9.6950905637e-11, 6.09749889469e-11, 2.70080607184e-11, 3.2699513236e-11, 5.90974005843e-11, 8.10589789735e-11, 4.13810236077e-11, 3.2518841786e-11, 4.52455538313e-11, 3.98402075219e-11, 1.18557507561e-11, 4.9579472472e-12, 1.49469314963e-12, 3.47551631572e-13, 1.04434053094e-13, 2.00816570133e-14, 7.4448393888e-15, 3.82079960661e-15, 2.41008317361e-15, 1.71750890775e-15, 1.34350712149e-15]}, "spectral_energy": {"mean": 0.0434536933899, "dvar": 0.000512664206326, "min": 9.92138521272e-21, "dmean": 0.0163985136896, "dmean2": 0.0267836153507, "dvar2": 0.001336309826, "max": 0.311672657728, "median": 0.0392087101936, "var": 0.000894648721442}, "spectral_decrease": {"mean": -8.91269191783e-09, "dvar": 3.54070161341e-17, "min": -8.10882809787e-08, "dmean": 4.21709556164e-09, "dmean2": 6.91211132775e-09, "dvar2": 9.2420598673e-17, "max": 1.40333233922e-09, "median": -7.64308261125e-09, "var": 5.47909978638e-17}, "erbbands_spread": {"mean": 21.8805847168, "dvar": 35.631439209, "min": 1.10634684563, "dmean": 5.75301170349, "dmean2": 8.72668170929, "dvar2": 74.7096328735, "max": 102.778968811, "median": 19.082780838, "var": 185.506317139}, "spectral_contrast_coeffs": {"mean": [-0.676999270916, -0.747352778912, -0.786250770092, -0.833606123924, -0.84774273634, -0.774976551533], "dvar": [0.00228316313587, 0.00174534774851, 0.00103897135705, 0.000412672932725, 0.000393968308344, 0.00151977210771], "min": [-0.979626059532, -0.997688651085, -0.996788442135, -0.987297594547, -0.988017916679, -0.965404748917], "dmean": [0.0608609542251, 0.0530255697668, 0.040398567915, 0.0256073102355, 0.0224704891443, 0.0413247011602], "dmean2": [0.101376697421, 0.0889762118459, 0.067179530859, 0.0426845550537, 0.0365952514112, 0.0622271262109], "dvar2": [0.00629715900868, 0.00486294552684, 0.00287638860755, 0.00113970995881, 0.00101432553492, 0.00330542656593], "max": [-0.356230735779, -0.442160844803, -0.49057161808, -0.605694413185, -0.670372605324, -0.429820269346], "median": [-0.678509891033, -0.751637816429, -0.792892336845, -0.834059596062, -0.844568967819, -0.790360093117], "var": [0.00815778411925, 0.00514821428806, 0.00405335053802, 0.00138202204835, 0.00133149442263, 0.00633668527007]}, "spectral_energyband_middle_high": {"mean": 0.00243657804094, "dvar": 3.11395569952e-06, "min": 1.19047304654e-21, "dmean": 0.00102825439535, "dmean2": 0.00159894267563, "dvar2": 7.48218508306e-06, "max": 0.0372331254184, "median": 0.00165219174232, "var": 7.14426914783e-06}, "erbbands_crest": {"mean": 10.0650186539, "dvar": 8.8407907486, "min": 2.43222737312, "dmean": 3.25083398819, "dmean2": 5.38976621628, "dvar2": 22.4118766785, "max": 32.0907859802, "median": 8.83768081665, "var": 23.8400344849}, "barkbands_crest": {"mean": 10.1116685867, "dvar": 6.09583806992, "min": 3.2234852314, "dmean": 3.03750061989, "dmean2": 5.07885456085, "dvar2": 16.8695964813, "max": 26.0389404297, "median": 9.39664745331, "var": 14.2253923416}, "pitch_salience": {"mean": 0.586489617825, "dvar": 0.00521307019517, "min": 0.0732821971178, "dmean": 0.085099697113, "dmean2": 0.142377495766, "dvar2": 0.0142690641806, "max": 0.996071755886, "median": 0.607277214527, "var": 0.0154000027105}, "melbands_skewness": {"mean": 1.88414549828, "dvar": 0.557032525539, "min": -2.34801650047, "dmean": 0.74341148138, "dmean2": 1.21356999874, "dvar2": 1.47920572758, "max": 17.7311267853, "median": 1.76319479942, "var": 1.96630632877}, "spectral_spread": {"mean": 3964013, "dvar": 462308114432, "min": 857506.6875, "dmean": 607743.5625, "dmean2": 951186.4375, "dvar2": 1081083822080.0, "max": 42191488, "median": 3586504.5, "var": 14204233842700.0}, "spectral_entropy": {"mean": 7.07360601425, "dvar": 0.0505909956992, "min": 5.31070899963, "dmean": 0.254086405039, "dmean2": 0.383486181498, "dvar2": 0.120596423745, "max": 9.82493782043, "median": 7.07030582428, "var": 0.29287353158}, "erbbands_flatness_db": {"mean": 0.172161027789, "dvar": 0.000579263141844, "min": 0.0310231242329, "dmean": 0.0280588194728, "dmean2": 0.0429443083704, "dvar2": 0.00138642964885, "max": 0.394096165895, "median": 0.166902393103, "var": 0.00262619671412}, "spectral_kurtosis": {"mean": 24.7487411499, "dvar": 123.123786926, "min": -1.25326967239, "dmean": 8.81923961639, "dmean2": 13.7477140427, "dvar2": 315.313995361, "max": 131.634368896, "median": 20.1300125122, "var": 237.557785034}, "erbbands_skewness": {"mean": 1.00397002697, "dvar": 0.172862738371, "min": -3.22594499588, "dmean": 0.459055513144, "dmean2": 0.727427244186, "dvar2": 0.421759545803, "max": 5.91397809982, "median": 0.960417568684, "var": 0.690668940544}, "erbbands_kurtosis": {"mean": 3.11734175682, "dvar": 8.71509742737, "min": -1.74707508087, "dmean": 2.05545902252, "dmean2": 3.27138447762, "dvar2": 22.0671367645, "max": 61.7582321167, "median": 1.62851810455, "var": 22.6513614655}, "barkbands_spread": {"mean": 14.7105226517, "dvar": 41.4674301147, "min": 0.350176483393, "dmean": 4.67907762527, "dmean2": 7.17935848236, "dvar2": 84.2544708252, "max": 134.498428345, "median": 10.9241771698, "var": 186.284439087}, "zerocrossingrate": {"mean": 0.212709099054, "dvar": 0.000887824688107, "min": 0.00732421875, "dmean": 0.034747954458, "dmean2": 0.0446513779461, "dvar2": 0.00134215201251, "max": 0.77978515625, "median": 0.2021484375, "var": 0.00780484639108}, "spectral_centroid": {"mean": 762.463500977, "dvar": 48042.34375, "min": 190.843688965, "dmean": 131.9765625, "dmean2": 196.286422729, "dvar2": 80169.046875, "max": 11677.3164062, "median": 551.059265137, "var": 1214914.5}, "barkbands_skewness": {"mean": 2.30818963051, "dvar": 0.468374013901, "min": -2.38970303535, "dmean": 0.718442976475, "dmean2": 1.16559243202, "dvar2": 1.21557176113, "max": 11.3347616196, "median": 2.30916428566, "var": 1.61377084255}, "melbands_flatness_db": {"mean": 0.294945776463, "dvar": 0.000928970752284, "min": 2.5023146577e-07, "dmean": 0.0367969349027, "dmean2": 0.0578255876899, "dvar2": 0.00239526596852, "max": 0.689814925194, "median": 0.294809877872, "var": 0.00457871332765}, "spectral_contrast_valleys": {"mean": [-7.01796770096, -6.27026557922, -7.26039409637, -8.05037975311, -8.40475559235, -11.4656524658], "dvar": [0.135946378112, 0.0921160280704, 0.0796985328197, 0.0798664540052, 0.167722567916, 0.32290276885], "min": [-27.8976230621, -28.0600280762, -27.7685813904, -27.6295032501, -27.5298442841, -27.4625091553], "dmean": [0.439707159996, 0.356999903917, 0.312377095222, 0.292666196823, 0.397533267736, 0.686748206615], "dmean2": [0.718843460083, 0.586551725864, 0.500710725784, 0.459128975868, 0.570951163769, 1.08836460114], "dvar2": [0.32467186451, 0.218852728605, 0.174874544144, 0.170303434134, 0.361065745354, 0.862879157066], "max": [-4.96732282639, -4.29538011551, -5.40400457382, -6.11444330215, -5.97329521179, -9.12069988251], "median": [-6.60467243195, -5.87095308304, -6.87448310852, -7.69659233093, -8.03071212769, -11.1977424622], "var": [5.50106859207, 5.72901058197, 5.16041326523, 4.7958445549, 5.00597667694, 3.68998575211]}, "barkbands_flatness_db": {"mean": 0.17693784833, "dvar": 0.000634833064396, "min": 0.0395821481943, "dmean": 0.0301737841219, "dmean2": 0.0474050156772, "dvar2": 0.00161906203721, "max": 0.525937974453, "median": 0.173588395119, "var": 0.00256210216321}, "barkbands_kurtosis": {"m