{"tonal": {"hpcp": {"dvar": [0.043735999614, 0.043977085501, 0.030366377905, 0.0252842344344, 0.0318507440388, 0.0431879498065, 0.0479749105871, 0.048005476594, 0.0677644833922, 0.0608993433416, 0.0499863885343, 0.0511655211449, 0.0473676845431, 0.042633600533, 0.0423025675118, 0.0495158135891, 0.0503281205893, 0.0621804632246, 0.0584831386805, 0.0461971834302, 0.0513415150344, 0.0461850427091, 0.0513984747231, 0.0541891641915, 0.0763423517346, 0.0669533908367, 0.0588201582432, 0.0553722754121, 0.0541536100209, 0.0549992136657, 0.0550262033939, 0.0504510961473, 0.0465847067535, 0.0502573251724, 0.0434139668941, 0.0520404689014], "var": [0.0576374009252, 0.0406966768205, 0.0285667665303, 0.0250770188868, 0.0289039816707, 0.0431675836444, 0.0511780269444, 0.0556763745844, 0.0781709179282, 0.0808246359229, 0.0633038654923, 0.0564574301243, 0.0533827841282, 0.0468188636005, 0.0443606190383, 0.0536446236074, 0.0639993995428, 0.0701476484537, 0.0587449148297, 0.045609343797, 0.049819085747, 0.0544575899839, 0.0578276515007, 0.0645865574479, 0.0977915525436, 0.0886052399874, 0.0801550745964, 0.0761384218931, 0.0616200305521, 0.0644895285368, 0.0609711892903, 0.0489996597171, 0.0437916107476, 0.045322522521, 0.04433029145, 0.0619617402554], "median": [0.050528138876, 0.0391293726861, 0.0293607506901, 0.0224298369139, 0.0221478454769, 0.0288716219366, 0.0364324785769, 0.0446607358754, 0.0611753202975, 0.066799454391, 0.0639713332057, 0.0392097085714, 0.0373783782125, 0.041964571923, 0.0413136482239, 0.0353188216686, 0.0403865948319, 0.0490953624249, 0.0442466810346, 0.0392415784299, 0.0424129292369, 0.0456622205675, 0.0477107055485, 0.0722507610917, 0.0864920988679, 0.102961376309, 0.0837493464351, 0.0826419517398, 0.0687218829989, 0.0541501641273, 0.048040766269, 0.0471999868751, 0.0460639148951, 0.0440432578325, 0.0468815937638, 0.0502943396568], "max": [1, 1, 1, 1, 1, 1, 1, 1, 1, 1, 1, 1, 1, 1, 1, 1, 1, 1, 1, 1, 1, 1, 1, 1, 1, 1, 1, 1, 1, 1, 1, 1, 1, 1, 1, 1], "dmean": [0.13768312335, 0.125394165516, 0.104339383543, 0.0908915549517, 0.100338540971, 0.119608797133, 0.13293479383, 0.150249093771, 0.191083550453, 0.179953232408, 0.166317000985, 0.1505882442, 0.136971414089, 0.127955898643, 0.132658779621, 0.141709968448, 0.148493260145, 0.173816040158, 0.163991048932, 0.140997245908, 0.150139629841, 0.143139198422, 0.152978211641, 0.178970262408, 0.236067950726, 0.227965459228, 0.187304019928, 0.189032554626, 0.177582144737, 0.166479662061, 0.161940485239, 0.152161091566, 0.144875451922, 0.139398485422, 0.144146189094, 0.139857038856], "dmean2": [0.247963935137, 0.221860155463, 0.184183195233, 0.162602499127, 0.180361077189, 0.21351274848, 0.236110389233, 0.260591119528, 0.337318271399, 0.316667199135, 0.291485220194, 0.264861285686, 0.242400690913, 0.228403836489, 0.231559544802, 0.246383368969, 0.257595419884, 0.306763857603, 0.291485577822, 0.249548405409, 0.26990634203, 0.249853119254, 0.262825936079, 0.312275886536, 0.414991915226, 0.406343460083, 0.327496498823, 0.328879266977, 0.313679128885, 0.291537106037, 0.287302047014, 0.269060313702, 0.25533798337, 0.248038902879, 0.255750358105, 0.251593053341], "mean": [0.155753061175, 0.127885445952, 0.106521591544, 0.0940142348409, 0.098399721086, 0.121287204325, 0.138769999146, 0.15938013792, 0.197119116783, 0.208836868405, 0.180792495608, 0.154417261481, 0.144063130021, 0.137422993779, 0.132092997432, 0.139897868037, 0.157818600535, 0.170072451234, 0.157501399517, 0.136075213552, 0.140841692686, 0.151764303446, 0.157038539648, 0.190087258816, 0.247420161963, 0.245629176497, 0.221005469561, 0.210384875536, 0.184821456671, 0.174083441496, 0.164404049516, 0.148498371243, 0.138675495982, 0.13603335619, 0.142534509301, 0.159802913666], "dvar2": [0.11445594579, 0.12177836895, 0.0851250439882, 0.0706490427256, 0.0931465625763, 0.120001256466, 0.134825244546, 0.127475604415, 0.183572977781, 0.159057512879, 0.12641005218, 0.133953988552, 0.127049773932, 0.110734283924, 0.114546485245, 0.133145689964, 0.123511604965, 0.167269840837, 0.1632963866, 0.126145169139, 0.14721173048, 0.118035614491, 0.131445541978, 0.14236536622, 0.201700344682, 0.173906117678, 0.153435304761, 0.138343423605, 0.149634450674, 0.143498376012, 0.141796052456, 0.136804804206, 0.126241192222, 0.138460367918, 0.119193710387, 0.135956689715], "min": [0, 0, 0, 0, 0, 0, 0, 0, 0, 0, 0, 0, 0, 0, 0, 0, 0, 0, 0, 0, 0, 0, 0, 0, 0, 0, 0, 0, 0, 0, 0, 0, 0, 0, 0, 0]}, "key_key": "F", "thpcp": [1, 0.99276137352, 0.893239557743, 0.850314199924, 0.746994316578, 0.703594386578, 0.664473116398, 0.600187003613, 0.560485839844, 0.549807071686, 0.576082825661, 0.645876705647, 0.629508376122, 0.516875624657, 0.430529147387, 0.379978060722, 0.397702932358, 0.490207433701, 0.560867786407, 0.64416795969, 0.796697854996, 0.844057619572, 0.730710446835, 0.624109447002, 0.58226108551, 0.555423557758, 0.533881306648, 0.565426290035, 0.637856662273, 0.687383174896, 0.636574625969, 0.549976229668, 0.569240987301, 0.61338698864, 0.634703874588, 0.768277168274], "chords_key": "B", "tuning_equal_tempered_deviation": 0.211749643087, "tuning_frequency": 431.941772461, "tuning_diatonic_strength": 0.317106634378, "chords_histogram": [10.4287366867, 3.82387018204, 7.41599082947, 0, 0, 1.50637316704, 2.317497015, 0.926998853683, 0, 0.811123967171, 3.01274633408, 4.28736972809, 21.7844734192, 7.64774036407, 1.1587485075, 1.1587485075, 2.43337202072, 1.27462339401, 1.39049828053, 13.4414834976, 0.811123967171, 0, 0.695249140263, 13.6732330322], "key_strength": 0.458420097828, "key_scale": "minor", "chords_strength": {"dvar": 0.000269974290859, "var": 0.0106733813882, "median": 0.395409464836, "max": 0.777912199497, "dmean": 0.0208542086184, "dmean2": 0.0268458276987, "mean": 0.411317318678, "dvar2": 0.000501890550368, "min": 0.210391610861}, "chords_number_rate": 0.0185399763286, "tuning_nontempered_energy_ratio": 0.886230647564, "hpcp_entropy": {"dvar": 0.314320206642, "var": 0.728272676468, "median": 2.32986330986, "max": 4.42443656921, "dmean": 0.683329701424, "dmean2": 1.14393746853, "mean": 2.34451985359, "dvar2": 0.827853441238, "min": 0}, "chords_changes_rate": 0.179606020451, "chords_scale": "minor"}, "rhythm": {"bpm_histogram_first_peak_spread": {"dvar": 0, "var": 0, "median": 0.588235318661, "max": 0.588235318661, "dmean": 0, "dmean2": 0, "mean": 0.588235318661, "dvar2": 0, "min": 0.588235318661}, "bpm_histogram_first_peak_weight": {"dvar": 0, "var": 0, "median": 0.215384617448, "max": 0.215384617448, "dmean": 0, "dmean2": 0, "mean": 0.215384617448, "dvar2": 0, "min": 0.215384617448}, "bpm_histogram_first_peak_bpm": {"dvar": 0, "var": 0, "median": 96, "max": 96, "dmean": 0, "dmean2": 0, "mean": 96, "dvar2": 0, "min": 96}, "bpm": 95.8008041382, "bpm_histogram_second_peak_weight": {"dvar": 0, "var": 0, "median": 0.107692308724, "max": 0.107692308724, "dmean": 0, "dmean2": 0, "mean": 0.107692308724, "dvar2": 0, "min": 0.107692308724}, "beats_loudness": {"dvar": 0.000843601650558, "var": 0.000676964060403, "median": 0.00950514804572, "max": 0.133175909519, "dmean": 0.0227459091693, "dmean2": 0.0418758317828, "mean": 0.0186012554914, "dvar2": 0.00250539393164, "min": 4.85969258079e-06}, "beats_loudness_band_ratio": {"dvar": [0.0812618508935, 0.00909933727235, 0.0522903911769, 0.00560632394627, 0.0679081305861, 0.0190229285508], "var": [0.116103008389, 0.00997023843229, 0.075860530138, 0.00723416544497, 0.0445522479713, 0.011760273017], "median": [0.368344843388, 0.0422618314624, 0.222400903702, 0.029118694365, 0.00576919876039, 0.00402642879635], "max": [0.988885343075, 0.479227244854, 0.881209254265, 0.341782808304, 0.917218506336, 0.667963624001], "dmean": [0.424461185932, 0.0853392332792, 0.272185564041, 0.0738674029708, 0.173253282905, 0.0724861174822], "dmean2": [0.79533803463, 0.148807883263, 0.485223472118, 0.121541321278, 0.340415805578, 0.14018240571], "mean": [0.417712688446, 0.0818597525358, 0.301532566547, 0.0681299567223, 0.104530081153, 0.0485193133354], "dvar2": [0.198119997978, 0.0232378412038, 0.108230896294, 0.0162881501019, 0.208410531282, 0.0543180070817], "min": [0.000356101372745, 8.3890685346e-05, 0.000520104076713, 0.000743149896152, 0.000238899243413, 0.00077433953993]}, "bpm_histogram_second_peak_bpm": {"dvar": 0, "var": 0, "median": 110, "max": 110, "dmean": 0, "dmean2": 0, "mean": 110, "dvar2": 0, "min": 110}, "onset_rate": 3.07438659668, "beats_count": 66, "beats_position": [0.417959183455, 0.835918366909, 1.25387752056, 1.67183673382, 2.08979582787, 2.51936507225, 2.92571425438, 3.39011335373, 3.85451245308, 4.31891155243, 4.841360569, 5.38702917099, 5.93269824982, 6.47836732864, 7.01242637634, 7.55809497833, 8.10376358032, 8.64943313599, 9.19510173798, 9.75238037109, 10.4025392532, 11.0410881042, 11.6912469864, 12.3297958374, 12.9567346573, 13.5836734772, 14.2106122971, 14.8375511169, 15.4528799057, 16.0682086945, 16.6603164673, 17.2640361786, 17.8909740448, 18.5179138184, 19.1448516846, 19.7717914581, 20.4103393555, 21.037279129, 21.6642169952, 22.3143768311, 22.9529247284, 23.6030826569, 24.2996826172, 24.984670639, 25.6232185364, 26.2617683411, 26.9235363007, 27.5969161987, 28.2819042206, 28.9785022736, 29.6634922028, 30.3484802246, 31.0450782776, 31.7416782379, 32.4382743835, 33.0419960022, 33.6457138062, 34.2494316101, 34.8531494141, 35.4684791565, 36.0954170227, 36.7107467651, 37.3376846313, 37.9646263123, 38.57995224, 39.2068939209], "danceability": 1.00195682049, "bpm_histogram_second_peak_spread": {"dvar": 0, "var": 0, "median": 0.222222268581, "max": 0.222222268581, "dmean": 0, "dmean2": 0, "mean": 0.222222268581, "dvar2": 0, "min": 0.222222268581}}, "lowlevel": {"spectral_flux": {"dvar": 0.000587743765209, "var": 0.00214978586882, "median": 0.0240486189723, "max": 0.352471143007, "dmean": 0.015148865059, "dmean2": 0.0242265351117, "mean": 0.0409520715475, "dvar2": 0.0014474238269, "min": 0.00108336447738}, "spectral_rolloff": {"dvar": 9993139, "var": 20085760, "median": 710.595703125, "max": 22028.4667969, "dmean": 1213.58398438, "dmean2": 2132.7109375, "mean": 2341.89233398, "dvar2": 27987074, "min": 64.599609375}, "barkbands_flatness_db": {"dvar": 0.000968870241195, "var": 0.00682014087215, "median": 0.179426521063, "max": 0.400681823492, "dmean": 0.0333547107875, "dmean2": 0.0507897362113, "mean": 0.172162994742, "dvar2": 0.00214117090218, "min": 0.0144436601549}, "spectral_centroid": {"dvar": 110749.007812, "var": 706630.6875, "median": 650.19342041, "max": 3730.79003906, "dmean": 210.399337769, "dmean2": 310.093994141, "mean": 1074.01196289, "dvar2": 201012.796875, "min": 148.953964233}, "melbands_skewness": {"dvar": 1.29429340363, "var": 6.03839588165, "median": 1.68132770061, "max": 13.7333784103, "dmean": 0.963205754757, "dmean2": 1.4429012537, "mean": 2.35775399208, "dvar2": 2.63317108154, "min": -3.84051465988}, "melbands": {"dvar": [2.87476012772e-07, 7.5788165077e-07, 2.82214983827e-07, 1.8992361106e-07, 2.87164368729e-07, 1.09412312099e-07, 1.95522673607e-07, 7.24569076738e-07, 2.31939816331e-06, 3.38921722687e-07, 7.61171108365e-08, 4.66682159583e-09, 2.69234234906e-09, 2.92390361922e-10, 2.31306285237e-09, 5.42931366532e-10, 8.25992274578e-10, 3.32815219828e-09, 3.76913833477e-09, 9.1574410277e-09, 8.52704928889e-09, 1.09330522413e-09, 1.57439894455e-09, 8.07805822234e-10, 1.64303015637e-10, 9.8720746855e-11, 1.02393142576e-10, 1.36660446848e-10, 7.23162571492e-11, 8.04612418359e-11, 1.23465855595e-11, 1.46937507734e-12, 1.78012213802e-13, 2.13165632877e-14, 5.92366731838e-15, 4.94306998084e-15, 1.8808051074e-15, 9.02072407013e-16, 6.38498200201e-16, 4.91308755561e-16], "var": [7.08033041974e-07, 3.09067786475e-06, 1.57628335273e-06, 4.74913662174e-07, 1.10722135105e-06, 2.4311401603e-07, 5.54317182377e-07, 1.33641435696e-06, 4.07692368753e-06, 1.17784509257e-06, 1.75726938778e-07, 1.17555121193e-08, 3.40206374183e-09, 6.34989893999e-10, 3.22500448569e-09, 1.2978891295e-09, 1.60283342154e-09, 7.44880335191e-09, 5.24409626834e-09, 1.21345866688e-08, 9.33155774874e-09, 1.41410549936e-09, 1.91938442917e-09, 1.57785140509e-09, 4.2978817727e-10, 2.31253002858e-10, 3.1347519025e-10, 2.84355317071e-10, 1.86051923867e-10, 2.02418415363e-10, 3.26134189099e-11, 4.2683153019e-12, 5.41510521319e-13, 4.62306211921e-14, 1.23035796164e-14, 9.17349810887e-15, 2.72056564153e-15, 9.64037525786e-16, 5.64831585959e-16, 4.21896893692e-16], "median": [4.04072306992e-05, 0.000179993716301, 6.22186489636e-05, 1.33364846988e-05, 3.72096656065e-06, 2.63687661572e-06, 2.66884262601e-06, 3.4368267734e-06, 7.83035466156e-06, 9.81847733783e-06, 7.13433428245e-06, 2.37966924033e-06, 9.58332066148e-07, 4.41909662641e-07, 4.67627955913e-07, 4.75279620105e-07, 3.2167702102e-07, 2.47979357937e-07, 3.0783303373e-07, 2.37357710375e-07, 1.42957730986e-07, 1.0559091379e-07, 8.27589730079e-08, 8.88714595249e-08, 5.95065614561e-08, 4.51370318899e-08, 5.99358571662e-08, 5.73127110215e-08, 4.1411908569e-08, 3.00085964966e-08, 1.67991025535e-08, 1.07767643698e-08, 8.03641153624e-09, 6.68124666703e-09, 5.41277245247e-09, 4.72019845432e-09, 3.34554961512e-09, 2.87924040165e-09, 1.83717974167e-09, 4.18473478092e-10], "max": [0.0121635682881, 0.0135866533965, 0.0121265240014, 0.00927954073995, 0.0150188729167, 0.00827843789011, 0.0147603591904, 0.0186398550868, 0.0382796339691, 0.0170258898288, 0.00603144336492, 0.001634791377, 0.00156979169697, 0.000316065707011, 0.00149977055844, 0.000634424504824, 0.00129984342493, 0.00267408764921, 0.00155250518583, 0.00227244081907, 0.00199051108211, 0.000736021844205, 0.000798417429905, 0.000656312971842, 0.000393152498873, 0.000265574053628, 0.000330793409375, 0.000366879248759, 0.000229353114264, 0.000314511009492, 0.000116843613796, 4.13795351051e-05, 1.30999960675e-05, 2.98783493236e-06, 1.63680783771e-06, 1.44099760746e-06, 6.11309189935e-07, 4.15329481029e-07, 3.64889103821e-07, 3.21510952972e-07], "dmean": [0.000171544903424, 0.000411524699302, 0.000220971676754, 0.000127815728774, 0.000128867570311, 7.86465388956e-05, 7.62832933106e-05, 0.000152740627527, 0.000287629547529, 0.000181119510671, 8.22321235319e-05, 1.75629320438e-05, 8.81570667843e-06, 4.71634257337e-06, 8.38601681608e-06, 5.46698402104e-06, 3.69589292859e-06, 5.77301534577e-06, 8.64959565661e-06, 1.23630243252e-05, 1.10381979539e-05, 4.98566214446e-06, 5.52586698177e-06, 3.96269206249e-06, 1.9737879029e-06, 1.26543648094e-06, 1.26054817429e-06, 1.43971817579e-06, 1.1789884411e-06, 1.0141744724e-06, 4.60926543155e-07, 1.92323327042e-07, 8.17184897528e-08, 3.82677072253e-08, 2.43988846904e-08, 2.06698604899e-08, 1.4736603049e-08, 1.05568247477e-08, 8.41489722347e-09, 6.94000323875e-09], "dmean2": [0.000234424398514, 0.000533625017852, 0.000292336044367, 0.000186052406207, 0.000167775491718, 0.00011133980297, 0.000110195825982, 0.000216786138481, 0.000439268507762, 0.000253125705058, 0.000123671852634, 2.51430283242e-05, 1.43911529449e-05, 7.45669422031e-06, 1.28984756884e-05, 8.18634725874e-06, 5.12329006597e-06, 7.06582795829e-06, 1.30179741973e-05, 1.87826171896e-05, 1.76226785698e-05, 7.92837090557e-06, 8.82448875927e-06, 5.82920301895e-06, 2.84981251752e-06, 1.86634338206e-06, 1.75030504579e-06, 2.10411485568e-06, 1.84014470506e-06, 1.34116748995e-06, 6.75348985624e-07, 2.67191268222e-07, 1.09964787498e-07, 5.62864101994e-08, 3.7439740197e-08, 3.34571161886e-08, 2.4533145293e-08, 1.74312901891e-08, 1.42201059816e-08, 1.18689937878e-08], "mean": [0.000366835127352, 0.00102046411484, 0.00054252136033, 0.00022129296849, 0.000237673302763, 0.000117662159028, 0.000127441046061, 0.000211768579902, 0.000399734737584, 0.00030298368074, 0.000129941516207, 2.78048955806e-05, 1.14050199045e-05, 7.21112701285e-06, 1.15861012091e-05, 8.56272527017e-06, 5.32598278369e-06, 7.85129941505e-06, 1.02840240288e-05, 1.42745384437e-05, 1.16179462566e-05, 5.79375955567e-06, 6.29009218756e-06, 5.37112373422e-06, 2.80621316051e-06, 1.81943937605e-06, 2.04801904147e-06, 1.99850364879e-06, 1.72810655386e-06, 1.48548508605e-06, 6.68676022997e-07, 2.77845629171e-07, 1.19996002468e-07, 5.07050330611e-08, 3.27064775263e-08, 2.67000395127e-08, 1.71988290276e-08, 1.15881881868e-08, 8.4494597985e-09, 6.27053919899e-09], "dvar2": [6.15233830104e-07, 1.43968486555e-06, 5.03304420363e-07, 4.27063156394e-07, 4.09171150295e-07, 2.42450994392e-07, 4.00505911102e-07, 1.70228361185e-06, 5.2904556469e-06, 5.464233368e-07, 1.5806737963e-07, 8.43000247386e-09, 7.38957917079e-09, 6.70683786286e-10, 5.83207615534e-09, 1.04553921076e-09, 1.38921762982e-09, 4.15279277632e-09, 7.86074139114e-09, 2.00635348335e-08, 1.98598932855e-08, 2.86354584489e-09, 4.30031743548e-09, 1.75723946505e-09, 3.03260916379e-10, 2.074970612e-10, 1.68280264723e-10, 2.61085458808e-10, 1.57376181531e-10, 1.48992762572e-10, 2.40791483974e-11, 2.8055489789e-12, 2.67795713989e-13, 4.21100667899e-14, 1.23278860739e-14, 1.12234093208e-14, 4.82065974392e-15, 2.42649401345e-15, 1.80903685281e-15, 1.4022102105e-15], "min": [4.68060486203e-13, 9.68966931431e-14, 4.86177070824e-13, 7.81795364124e-13, 5.25317473982e-13, 9.62105896796e-14, 7.53089132938e-14, 1.2895358338e-13, 5.36355831168e-14, 4.00943926497e-14, 4.0259167663e-14, 1.8298002138e-14, 6.70038213145e-15, 1.7436603512e-14, 2.6122179303e-14, 2.40236687287e-14, 4.4549728354e-14, 2.66254778099e-14, 9.879952386e-15, 7.65901251654e-15, 1.09632583976e-14, 6.92843008239e-15, 1.10034662046e-14, 4.46032218728e-15, 3.97605185199e-15, 1.66084102715e-14, 1.85832523415e-14, 4.31559771439e-15, 1.49608075223e-14, 1.06832581044e-14, 1.47462811818e-14, 1.89011827701e-14, 1.37627598865e-14, 9.31987641358e-15, 2.72285707741e-15, 4.75227708002e-15, 8.52756433582e-15, 9.44149933338e-15, 9.14255176014e-15, 6.28716091978e-15]}, "spectral_decrease": {"dvar": 7.09069726274e-18, "var": 3.48270070147e-17, "median": -7.5220873974e-10, "max": -1.40939416824e-18, "dmean": 1.16129239558e-09, "dmean2": 1.5448092805e-09, "mean": -3.23446514017e-09, "dvar2": 1.4545449948e-17, "min": -4.98286922834e-08}, "barkbands_kurtosis": {"dvar": 312.081695557, "var": 645.522216797, "median": 4.49235916138, "max": 251.449401855, "dmean": 8.65759754181, "dmean2": 13.7142486572, "mean": 12.8886680603, "dvar2": 746.564331055, "min": -1.71608400345}, "silence_rate_30dB": {"dvar": 0.00919986702502, "var": 0.0137273017317, "median": 1, "max": 1, "dmean": 0.00928612891585, "dmean2": 0.0185830425471, "mean": 0.986078858376, "dvar2": 0.0228835586458, "min": 0}, "gfcc": {"mean": [-176.070968628, 89.2756118774, -89.853477478, 1.60756587982, -33.2367172241, -4.71564388275, -1.72699129581, 2.71049642563, -1.94646930695, -6.28447532654, -20.7425861359, -11.4732789993, -12.4840211868], "cov": [[11845.5556641, 3796.78198242, -72.5029525757, -285.42388916, -263.976898193, -780.39239502, 134.383392334, -380.848388672, -631.366821289, -235.278442383, -276.816711426, -460.09942627, 143.056274414], [3796.78198242, 3330.17114258, 1128.99511719, -176.938873291, -382.783996582, -98.35105896, 72.7856826782, -60.5648994446, -463.808898926, -120.055900574, -101.783706665, -290.169952393, -57.6385650635], [-72.5029525757, 1128.99511719, 1250.0715332, 316.292297363, -194.817321777, 265.845092773, -62.0917549133, 160.985183716, -241.310134888, 26.559627533, 24.2276096344, -44.0045814514, -124.493400574], [-285.42388916, -176.938873291, 316.292297363, 482.083221436, 242.883666992, 76.1121444702, 61.8964385986, 38.7761116028, 5.61098766327, 4.427713871, 17.9690914154, 46.7591629028, -20.1282463074], [-263.976898193, -382.783996582, -194.817321777, 242.883666992, 360.44833374, 59.6562232971, 104.763473511, -37.411113739, 81.3183288574, -25.9593868256, 4.38852119446, 48.459903717, 40.1000289917], [-780.39239502, -98.35105896, 265.845092773, 76.1121444702, 59.6562232971, 340.580963135, 12.5547351837, 100.157402039, -44.6545410156, 19.4000453949, 21.9565792084, 46.7335662842, -25.4237957001], [134.383392334, 72.7856826782, -62.0917549133, 61.8964385986, 104.763473511, 12.5547351837, 191.863388062, 2.88809370995, 25.8589267731, -33.5028533936, -19.9215507507, -5.88265943527, 20.354631424], [-380.848388672, -60.5648994446, 160.985183716, 38.7761116028, -37.411113739, 100.157402039, 2.88809370995, 167.945175171, 28.3413219452, 9.60713195801, -3.37281155586, 10.3421735764, -16.9170608521], [-631.366821289, -463.808898926, -241.310134888, 5.61098766327, 81.3183288574, -44.6545410156, 25.8589267731, 28.3413219452, 186.052215576, 46.3983078003, 8.29743766785, 34.4392967224, 14.7740449905], [-235.278442383, -120.055900574, 26.559627533, 4.427713871, -25.9593868256, 19.4000453949, -33.5028533936, 9.60713195801, 46.3983078003, 99.4723129272, 57.4671592712, 13.6584386826, -9.96431922913], [-276.816711426, -101.783706665, 24.2276096344, 17.9690914154, 4.38852119446, 21.9565792084, -19.9215507507, -3.37281155586, 8.29743766785, 57.4671592712, 87.4375457764, 46.4947814941, -14.8094530106], [-460.09942627, -290.169952393, -44.0045814514, 46.7591629028, 48.459903717, 46.7335662842, -5.88265943527, 10.3421735764, 34.4392967224, 13.6584386826, 46.4947814941, 89.1072235107, 19.9219474792], [143.056274414, -57.6385650635, -124.493400574, -20.1282463074, 40.1000289917, -25.4237957001, 20.354631424, -16.9170608521, 14.7740449905, -9.96431922913, -14.8094530106, 19.9219474792, 78.6162490845]], "icov": [[0.000547856092453, -0.00171991612297, 0.00374210230075, -0.00410883268341, 0.0029081213288, -0.00144356954843, 0.00106664770283, -0.000650077476166, 0.00107679713983, -0.000893642834853, 0.000435793626821, 4.60007795482e-05, 4.51015239378e-06], [-0.00171991612297, 0.00851349439472, -0.018907148391, 0.0227669402957, -0.0183182936162, 0.0120261600241, -0.00685472087935, 0.000951910158619, 0.00272879912518, -0.00265787099488, 0.0044356691651, -0.00255854637362, 0.00110663007945], [0.00374210230075, -0.018907148391, 0.0466869920492, -0.0577106960118, 0.048712413758, -0.0319372825325, 0.0159455146641, -0.00121459004004, -0.00733814807609, 0.011403334327, -0.0169006660581, 0.0135399643332, -0.00487106712535], [-0.00410883268341, 0.0227669402957, -0.0577106960118, 0.0797250047326, -0.0710597634315, 0.0468193143606, -0.0214059725404, -0.00536267086864, 0.0220114775002, -0.0304097719491, 0.0366192571819, -0.0305588375777, 0.0156186074018], [0.0029081213288, -0.0183182936162, 0.048712413758, -0.0710597634315, 0.0710014104843, -0.0465573593974, 0.0172259714454, 0.0106933778152, -0.0295075122267, 0.0394956618547, -0.04361878708, 0.034929305315, -0.0197247751057], [-0.00144356954843, 0.0120261600241, -0.0319372825325, 0.0468193143606, -0.0465573593974, 0.0372169017792, -0.0137941595167, -0.00992535706609, 0.0256020594388, -0.0321143716574, 0.0348574854434, -0.0291362460703, 0.0151435974985], [0.00106664770283, -0.00685472087935, 0.0159455146641, -0.0214059725404, 0.0172259714454, -0.0137941595167, 0.0134870763868, 0.000838639447466, -0.00881044752896, 0.0117577845231, -0.012090979144, 0.0100809875876, -0.00544173456728], [-0.000650077476166, 0.000951910158619, -0.00121459004004, -0.00536267086864, 0.0106933778152, -0.00992535706609, 0.000838639447466, 0.01543594338, -0.0160407107323, 0.0169414393604, -0.014239504002, 0.0123488344252, -0.00762521289289], [0.00107679713983, 0.00272879912518, -0.00733814807609, 0.0220114775002, -0.0295075122267, 0.0256020594388, -0.00881044752896, -0.0160407107323, 0.0424276515841, -0.0456562116742, 0.0433038026094, -0.0330698266625, 0.0189938880503], [-0.000893642834853, -0.00265787099488, 0.011403334327, -0.0304097719491, 0.0394956618547, -0.0321143716574, 0.0117577845231, 0.0169414393604, -0.0456562116742, 0.0735221803188, -0.0695624649525, 0.051477547735, -0.0282304529101], [0.000435793626821, 0.0044356691651, -0.0169006660581, 0.0366192571819, -0.04361878708, 0.0348574854434, -0.012090979144, -0.014239504002, 0.0433038026094, -0.0695624649525, 0.0862758532166, -0.0632634237409, 0.0339883640409], [4.60007795482e-05, -0.00255854637362, 0.0135399643332, -0.0305588375777, 0.034929305315, -0.0291362460703, 0.0100809875876, 0.0123488344252, -0.0330698266625, 0.051477547735, -0.0632634237409, 0.0663148015738, -0.0315166786313], [4.51015239378e-06, 0.00110663007945, -0.00487106712535, 0.0156186074018, -0.0197247751057, 0.0151435974985, -0.00544173456728, -0.00762521289289, 0.0189938880503, -0.0282304529101, 0.0339883640409, -0.0315166786313, 0.0317764803767]]}, "silence_rate_20dB": {"dvar": 0, "var": 0, "median": 1, "max": 1, "dmean": 0, "dmean2": 0, "mean": 1, "dvar2": 0, "min": 1}, "barkbands_skewness": {"dvar": 1.07658493519, "var": 4.31830024719, "median": 1.42450118065, "max": 13.4792337418, "dmean": 0.922837197781, "dmean2": 1.41748178005, "mean": 2.00284361839, "dvar2": 2.35856080055, "min": -3.53896450996}, "erbbands_skewness": {"dvar": 0.279862433672, "var": 0.941898286343, "median": 0.498590409756, "max": 6.40101099014, "dmean": 0.514405608177, "dmean2": 0.811541318893, "mean": 0.58973044157, "dvar2": 0.695283949375, "min": -3.14620137215}, "spectral_contrast_valleys": {"dvar": [0.187140926719, 0.188600882888, 0.172000735998, 0.173015028238, 0.157906904817, 0.305705189705], "var": [2.38874411583, 2.07443976402, 1.46745550632, 1.11804437637, 1.11420071125, 0.822058856487], "median": [-8.3472661972, -8.04373168945, -8.51104259491, -9.12810707092, -9.33236312866, -12.510972023], "max": [-5.89686059952, -4.65782785416, -5.57157993317, -5.43405818939, -4.94923400879, -9.26083374023], "dmean": [0.466236978769, 0.47170689702, 0.430174469948, 0.39517095685, 0.361729055643, 0.529726028442], "dmean2": [0.686316132545, 0.711905777454, 0.649794399738, 0.611279785633, 0.547448158264, 0.847898006439], "mean": [-8.71251487732, -8.06065750122, -8.60941314697, -9.09471607208, -9.22080230713, -12.2249755859], "dvar2": [0.330188363791, 0.370853185654, 0.363392412663, 0.385634094477, 0.316313326359, 0.783862531185], "min": [-15.7062921524, -17.2593288422, -17.7913894653, -17.2450122833, -17.0518283844, -18.6023368835]}, "spectral_strongpeak": {"dvar": 0.592477977276, "var": 1.27388358116, "median": 0.1904553473, "max": 9.69884681702, "dmean": 0.347502142191, "dmean2": 0.557218134403, "mean": 0.579893946648, "dvar2": 1.36408185959, "min": 0}, "erbbands_crest": {"dvar": 9.39475250244, "var": 28.6220111847, "median": 10.6315107346, "max": 31.1153659821, "dmean": 3.36277341843, "dmean2": 5.45847702026, "mean": 11.5163021088, "dvar2": 22.7535934448, "min": 2.51818966866}, "barkbands_crest": {"dvar": 8.06834411621, "var": 26.8899230957, "median": 11.4261837006, "max": 25.4308891296, "dmean": 3.06817865372, "dmean2": 4.81332111359, "mean": 12.0923032761, "dvar2": 20.7295131683, "min": 2.21750307083}, "spectral_energyband_middle_low": {"dvar": 9.87832827377e-05, "var": 0.000414047302911, "median": 0.000478676636703, "max": 0.195832118392, "dmean": 0.00327718886547, "dmean2": 0.00447321590036, "mean": 0.00752098858356, "dvar2": 0.000203836636501, "min": 6.95590243391e-12}, "spectral_contrast_coeffs": {"dvar": [0.00159634894226, 0.00156648003031, 0.00133446743712, 0.000892729614861, 0.000422382698162, 0.00114060274791], "var": [0.0126160867512, 0.006455169525, 0.00789124332368, 0.00373186543584, 0.00126575783361, 0.0037637995556], "median": [-0.718995213509, -0.820810437202, -0.794700920582, -0.856182456017, -0.865010857582, -0.807066559792], "max": [-0.293424993753, -0.390059322119, -0.471813291311, -0.48800432682, -0.628443479538, -0.497489899397], "dmean": [0.0463660694659, 0.0458053797483, 0.0457615368068, 0.030831001699, 0.0214244108647, 0.0310245100409], "dmean2": [0.073725566268, 0.0743514299393, 0.0726040229201, 0.0491552352905, 0.0348713248968, 0.0487245991826], "mean": [-0.709114134312, -0.803220689297, -0.779823362827, -0.841645181179, -0.858414292336, -0.787985861301], "dvar2": [0.00383319356479, 0.00387166440487, 0.00317649985664, 0.00188821810298, 0.00107785279397, 0.0025735963136], "min": [-0.946350753307, -0.943151652813, -0.942542135715, -0.973330140114, -0.938040971756, -0.904752910137]}, "hfc": {"dvar": 118.165420532, "var": 365.808776855, "median": 0.951741814613, "max": 221.199401855, "dmean": 3.63027763367, "dmean2": 4.89281654358, "mean": 7.54684305191, "dvar2": 216.261276245, "min": 2.10328451544e-07}, "spectral_energyband_high": {"dvar": 3.08728715481e-07, "var": 9.93062940324e-07, "median": 5.56758095627e-06, "max": 0.0183955188841, "dmean": 8.33277663332e-05, "dmean2": 0.00010913406004, "mean": 0.000132251239847, "dvar2": 4.69865227615e-07, "min": 7.68377982768e-12}, "erbbands_spread": {"dvar": 69.0935745239, "var": 261.96182251, "median": 20.6677742004, "max": 117.178031921, "dmean": 6.97035360336, "dmean2": 10.9589242935, "mean": 24.0918102264, "dvar2": 165.325073242, "min": 0.632999718189}, "dissonance": {"dvar": 0.00114640023094, "var": 0.00318733858876, "median": 0.474587142467, "max": 0.500000119209, "dmean": 0.0283787511289, "dmean2": 0.0476553365588, "mean": 0.452185511589, "dvar2": 0.00290971319191, "min": 0.160654634237}, "spectral_kurtosis": {"dvar": 24.9515342712, "var": 57.2179260254, "median": 10.2547426224, "max": 79.4330368042, "dmean": 3.5246758461, "dmean2": 5.70309829712, "mean": 12.4302768707, "dvar2": 64.2651901245, "min": 3.03816843033}, "spectral_skewness": {"dvar": 0.136065006256, "var": 0.493554085493, "median": 2.40190410614, "max": 6.95752668381, "dmean": 0.323578894138, "dmean2": 0.51180100441, "mean": 2.49275112152, "dvar2": 0.334804624319, "min": 0.736399054527}, "pitch_salience": {"dvar": 0.00672224303707, "var": 0.0281264334917, "median": 0.561447262764, "max": 0.92728471756, "dmean": 0.090055540204, "dmean2": 0.142596706748, "mean": 0.541160166264, "dvar2": 0.0165384188294, "min": 0.0889077857137}, "spectral_complexity": {"dvar": 7.93218851089, "var": 44.2348861694, "median": 3, "max": 45, "dmean": 1.57515954971, "dmean2": 2.31591176987, "mean": 5.49361944199, "dvar2": 13.7515687943, "min": 0}, "spectral_spread": {"dvar": 303340290048, "var": 1872803921920.0, "median": 3752915, "max": 11193006, "dmean": 565684.9375, "dmean2": 890777.4375, "mean": 3889261.25, "dvar2": 704473989120, "min": 925593.1875}, "dynamic_complexity": 11.6026554108, "melbands_crest": {"dvar": 11.9548816681, "var": 37.4581031799, "median": 16.2437095642, "max": 32.9136695862, "dmean": 3.70555138588, "dmean2": 5.80228424072, "mean": 16.3529167175, "dvar2": 31.135093689, "min": 3.56600999832}, "zerocrossingrate": {"dvar": 0.000502573209815, "var": 0.00670341495425, "median": 0.03759765625, "max": 0.4931640625, "dmean": 0.0155669050291, "dmean2": 0.0173980668187, "mean": 0.0800073221326, "dvar2": 0.000566538830753, "min": 0.00439453125}, "spectral_energyband_low": {"dvar": 1.29314867081e-05, "var": 5.64517140447e-05, "median": 0.000894034164958, "max": 0.0510687381029, "dmean": 0.00167737680022, "dmean2": 0.00215210346505, "mean": 0.00454783346504, "dvar2": 2.44673174166e-05, "min": 2.27932798504e-12}, "melbands_kurtosis": {"dvar": 510.72253418, "var": 1301.67980957, "median": 5.26253700256, "max": 333.018493652, "dmean": 11.658870697, "dmean2": 18.5199489594, "mean": 18.7361793518, "dvar2": 1128.82580566, "min": -1.75452125072}, "spectral_energyband_middle_high": {"dvar": 8.28545125842e-06, "var": 1.82156345545e-05, "median": 9.07554931473e-05, "max": 0.0509006381035, "dmean": 0.000754816341214, "dmean2": 0.00107075297274, "mean": 0.00125255284365, "dvar2": 1.59073188115e-05, "min": 2.21293925025e-12}, "barkbands_spread": {"dvar": 89.409942627, "var": 414.8777771, "median": 9.0761680603, "max": 99.7656860352, "dmean": 6.0292930603, "dmean2": 9.53188323975, "mean": 17.8223323822, "dvar2": 207.734390259, "min": 0.588011145592}, "mfcc": {"mean": [-836.950073242, 144.560333252, 0.152471974492, 19.7721271515, -5.36804914474, 4.91706418991, 2.31681632996, 9.6400384903, 15.7548542023, 15.6343812943, 1.4864770174, 1.01064860821, -6.92827796936], "cov": [[11200.6933594, 3289.23803711, -457.262451172, 641.762817383, -775.444885254, -128.417160034, -17.4354610443, -341.914001465, -183.566986084, -217.382247925, -320.983062744, -235.044418335, -343.820007324], [3289.23803711, 2905.46044922, 1032.41516113, 106.316360474, -330.445648193, -109.859313965, 212.68309021, -131.249679565, -149.74156189, -45.5596466064, -61.2376174927, -145.268600464, -189.372009277], [-457.262451172, 1032.41516113, 1396.64477539, 112.04234314, 84.3650894165, -7.80175542831, 229.729522705, 41.9872436523, -104.622962952, -10.7159452438, 97.2191467285, 14.1552305222, -9.34895515442], [641.762817383, 106.316360474, 112.04234314, 499.439239502, 90.2705459595, 76.2428207397, 57.3522377014, 37.55103302, 24.8742218018, -11.6706953049, -17.8005447388, 16.2244281769, 9.90706539154], [-775.444885254, -330.445648193, 84.3650894165, 90.2705459595, 267.01373291, 115.318374634, 56.6519012451, 77.8989334106, 26.9102172852, -3.47980570793, 18.7908592224, 34.6369552612, 69.1901092529], [-128.417160034, -109.859313965, -7.80175542831, 76.2428207397, 115.318374634, 201.622009277, 107.94934082, 48.608379364, 22.1558094025, -3.54829883575, -21.0811271667, 11.7197303772, 39.3797988892], [-17.4354610443, 212.68309021, 229.729522705, 57.3522377014, 56.6519012451, 107.94934082, 197.767181396, 86.9509277344, 2.39018654823, -5.17756128311, -8.93867969513, -3.2846159935, 13.0097494125], [-341.914001465, -131.249679565, 41.9872436523, 37.55103302, 77.8989334106, 48.608379364, 86.9509277344, 164.883102417, 76.7588500977, 9.2292432785, -1.77813720703, 3.42961740494, 18.0327854156], [-183.566986084, -149.74156189, -104.622962952, 24.8742218018, 26.9102172852, 22.1558094025, 2.39018654823, 76.7588500977, 127.608283997, 53.0833892822, -13.4575109482, -11.402422905, -0.818593144417], [-217.382247925, -45.5596466064, -10.7159452438, -11.6706953049, -3.47980570793, -3.54829883575, -5.17756128311, 9.2292432785, 53.0833892822, 89.1984481812, 33.0792350769, -1.30135011673, -2.32409691811], [-320.983062744, -61.2376174927, 97.2191467285, -17.8005447388, 18.7908592224, -21.0811271667, -8.93867969513, -1.77813720703, -13.4575109482, 33.0792350769, 95.1594848633, 44.2858428955, 13.773648262], [-235.044418335, -145.268600464, 14.1552305222, 16.2244281769, 34.6369552612, 11.7197303772, -3.2846159935, 3.42961740494, -11.402422905, -1.30135011673, 44.2858428955, 76.7295532227, 41.4897079468], [-343.820007324, -189.372009277, -9.34895515442, 9.90706539154, 69.1901092529, 39.3797988892, 13.0097494125, 18.0327854156, -0.818593144417, -2.32409691811, 13.773648262, 41.4897079468, 79.0400314331]], "icov": [[0.000282874680124, -0.000399054522859, 0.000398984964704, -0.000414591951994, 0.000341138598742, -0.000144455159898, 8.70864678291e-05, 2.24473228627e-06, 0.000111678105895, 0.000430004089139, -2.94602887152e-06, -7.9291217844e-05, 0.000187988087418], [-0.000399054522859, 0.00142017740291, -0.00114544515964, 0.000373790448066, 0.000431802473031, 0.000389505992644, -0.00104741926771, 0.000835674640257, -0.000267551309662, -0.000430687796324, 0.000433452194557, 0.000740757328458, 0.000414284295402], [0.000398984964704, -0.00114544515964, 0.00222885981202, -0.00068285560701, -0.000805752875749, 0.000947414780967, -0.00145057961345, -9.46763611864e-05, 0.000846118316986, 0.000613052165136, -0.00165880087297, -5.52818855795e-05, 0.000178962844075], [-0.000414591951994, 0.000373790448066, -0.00068285560701, 0.00299213151447, -0.00136315892451, -0.000288952956907, -1.31605320348e-05, 7.94192310423e-05, -0.000873287790455, -0.000385725084925, 0.000849643256515, -0.00129350682255, 0.000468136189738], [0.000341138598742, 0.000431802473031, -0.000805752875749, -0.00136315892451, 0.00878418330103, -0.00404559681192, 0.00170097372029, -0.00195563351735, -0.000218760920689, 0.00192620849703, -0.00162251177244, 0.00201358390041, -0.0036334937904], [-0.000144455159898, 0.000389505992644, 0.000947414780967, -0.000288952956907, -0.00404559681192, 0.0117037110031, -0.0081419153139, 0.00369692011736, -0.00200001290068, -0.000174010725459, 0.00187335500959, -0.00106170005165, -0.00113481679], [8.70864678291e-05, -0.00104741926771, -0.00145057961345, -1.31605320348e-05, 0.00170097372029, -0.0081419153139, 0.016017889604, -0.00953145883977, 0.00572607386857, -0.00311519927345, 0.00229427358136, -6.33733070572e-05, -0.000593854056206], [2.24473228627e-06, 0.000835674640257, -9.46763611864e-05, 7.94192310423e-05, -0.00195563351735, 0.00369692011736, -0.00953145883977, 0.0170304533094, -0.0125261405483, 0.00689362734556, -0.00336005818099, 0.00115023984108, -0.000401063560275], [0.000111678105895, -0.000267551309662, 0.000846118316986, -0.000873287790455, -0.000218760920689, -0.00200001290068, 0.00572607386857, -0.0125261405483, 0.0234439391643, -0.0152755454183, 0.00815750658512, -0.00172755098902, 0.00243650283664], [0.000430004089139, -0.000430687796324, 0.000613052165136, -0.000385725084925, 0.00192620849703, -0.000174010725459, -0.00311519927345, 0.00689362734556, -0.0152755454183, 0.0254988912493, -0.0138387335464, 0.0064663393423, -0.00209119427018], [-2.94602887152e-06, 0.000433452194557, -0.00165880087297, 0.000849643256515, -0.00162251177244, 0.00187335500959, 0.00229427358136, -0.00336005818099, 0.00815750658512, -0.0138387335464, 0.02563242428, -0.014604171738, 0.00447575654835], [-7.9291217844e-05, 0.000740757328458, -5.52818855795e-05, -0.00129350682255, 0.00201358390041, -0.00106170005165, -6.33733070572e-05, 0.00115023984108, -0.00172755098902, 0.0064663393423, -0.014604171738, 0.0285325497389, -0.0121603375301], [0.000187988087418, 0.000414284295402, 0.000178962844075, 0.000468136189738, -0.0036334937904, -0.00113481679, -0.000593854056206, -0.000401063560275, 0.00243650283664, -0.00209119427018, 0.00447575654835, -0.0121603375301, 0.023926962167]]}, "silence_rate_60dB": {"dvar": 0.0546709671617, "var": 0.249982476234, "median": 1, "max": 1, "dmean": 0.0580383054912, "dmean2": 0.116144016385, "mean": 0.504060328007, "dvar2": 0.116591565311, "min": 0}, "melbands_flatness_db": {"dvar": 0.0013816166902, "var": 0.0121783381328, "median": 0.284911751747, "max": 0.513539910316, "dmean": 0.0387466996908, "dmean2": 0.0584392100573, "mean": 0.26857611537, "dvar2": 0.00268986821175, "min": 0.054075550288}, "spectral_rms": {"dvar": 6.90251226843e-07, "var": 6.4531013777e-06, "median": 0.00169953121804, "max": 0.0139325931668, "dmean": 0.000534221529961, "dmean2": 0.000672980793752, "mean": 0.0024747881107, "dvar2": 1.19559331324e-06, "min": 1.54278126274e-07}, "melbands_spread": {"dvar": 147.624389648, "var": 375.129180908, "median": 10.4883651733, "max": 128.093673706, "dmean": 7.42472171783, "dmean2": 12.0720100403, "mean": 17.8029117584, "dvar2": 381.461975098, "min": 0.431231170893}, "average_loudness": 0.509099602699, "erbbands_kurtosis": {"dvar": 14.3969659805, "var": 32.5271606445, "median": 1.66183137894, "max": 64.6747589111, "dmean": 2.30070590973, "dmean2": 3.6665790081, "mean": 3.3485519886, "dvar2": 33.5244255066, "min": -1.80469250679}, "spectral_energy": {"dvar": 0.000113765745482, "var": 0.000548514537513, "median": 0.00296062510461, "max": 0.198970079422, "dmean": 0.0046876212582, "dmean2": 0.00624872650951, "mean": 0.0128921307623, "dvar2": 0.00023352036078, "min": 2.43967849395e-11}, "spectral_entropy": {"dvar": 0.0640347599983, "var": 0.449905693531, "median": 7.25814723969, "max": 8.58956050873, "dmean": 0.245404183865, "dmean2": 0.3763872087, "mean": 7.25635051727, "dvar2": 0.148608267307, "min": 4.98494386673}, "erbbands": {"dvar": [0.00365623342805, 0.256089299917, 4.70796346664, 9.51261806488, 27.271156311, 109.961120605, 195.750213623, 194.00718689, 573.116577148, 4609.73339844, 36287.9023438, 9668.77734375, 2988.89697266, 257.525634766, 132.483032227, 93.4728164673, 229.488952637, 188.453201294, 1240.50683594, 3024.42626953, 6620.37255859, 1076.76635742, 918.600769043, 278.186096191, 161.20072937, 271.534576416, 194.026168823, 64.4311447144, 3.54904127121, 0.139937907457, 0.0178021192551, 0.0067638438195, 0.0017411459703, 0.000738165108487, 0.000286388152745, 8.92443567864e-05, 3.59449986718e-05, 0.000101096047729, 0.000273823010502, 4.06297840527e-06], "var": [0.00541612738743, 0.932804346085, 17.4718952179, 63.151