{"tonal": {"chords_key": "F", "hpcp_entropy": {"dmean": 0.546565175056, "dmean2": 0.922925412655, "max": 4.21109247208, "dvar": 0.222305685282, "mean": 1.91383945942, "dvar2": 0.578983664513, "min": 0, "var": 0.466519594193, "median": 1.96253442764}, "key_key": "F", "chords_strength": {"dmean": 0.00840603839606, "dmean2": 0.00692974543199, "max": 0.799098432064, "dvar": 5.99393242737e-05, "mean": 0.582344710827, "dvar2": 4.77992361994e-05, "min": 0.254409998655, "var": 0.00886839814484, "median": 0.589889883995}, "key_scale": "major", "chords_number_rate": 0.00193873594981, "thpcp": [1, 0.442955762148, 0.18910767138, 0.13772085309, 0.175524801016, 0.454049050808, 0.604789555073, 0.507263660431, 0.871990501881, 0.987296104431, 0.486159026623, 0.238175213337, 0.180406808853, 0.167493507266, 0.363302558661, 0.460722506046, 0.312636166811, 0.227278754115, 0.206962659955, 0.273719221354, 0.775292873383, 0.981754899025, 0.687468647957, 0.90404266119, 0.838136553764, 0.315770328045, 0.243918791413, 0.303008079529, 0.317808806896, 0.723545670509, 0.827453553677, 0.390158563852, 0.308199197054, 0.339182525873, 0.365473031998, 0.900494813919], "key_strength": 0.755259275436, "tuning_nontempered_energy_ratio": 0.965513944626, "tuning_frequency": 434.193115234, "chords_changes_rate": 0.0329585112631, "tuning_diatonic_strength": 0.551479637623, "chords_scale": "major", "chords_histogram": [25.067855835, 18.5343151093, 23.5944156647, 7.15393543243, 2.32648324966, 0.562233448029, 5.42846059799, 0, 4.22644424438, 0.0581620782614, 8.64676189423, 1.3571151495, 0, 0, 0, 0, 0, 1.16324162483, 0.310197740793, 0.445909261703, 0, 0.213260948658, 0, 0.911205887794], "tuning_equal_tempered_deviation": 0.251356333494, "hpcp": {"dmean": [0.105162508786, 0.111513540149, 0.088033914566, 0.0552725121379, 0.0448540262878, 0.0531597584486, 0.0840908437967, 0.100785717368, 0.104779466987, 0.123886801302, 0.12667144835, 0.0985885113478, 0.065100364387, 0.0502605438232, 0.047298181802, 0.067977398634, 0.0742433443666, 0.0696368962526, 0.058543343097, 0.0572280101478, 0.0728401690722, 0.115257941186, 0.124866642058, 0.121341228485, 0.114110417664, 0.0844823420048, 0.066718518734, 0.052777480334, 0.0511977374554, 0.0730943232775, 0.103221528232, 0.102799475193, 0.0805131644011, 0.0620867013931, 0.0622461140156, 0.0761808902025], "dmean2": [0.174502626061, 0.1826569736, 0.14822845161, 0.0971376001835, 0.0811021402478, 0.0955163165927, 0.141380235553, 0.168000563979, 0.179429516196, 0.206298992038, 0.211609169841, 0.169444203377, 0.114093922079, 0.089113727212, 0.0842895954847, 0.114640906453, 0.123404175043, 0.120221726596, 0.102613709867, 0.102234147489, 0.126773878932, 0.190871611238, 0.204953476787, 0.204401701689, 0.192367210984, 0.14219224453, 0.118680350482, 0.0945112407207, 0.0904410034418, 0.129345774651, 0.172226205468, 0.171622186899, 0.138021692634, 0.108617670834, 0.109917081892, 0.132367148995], "max": [1, 1, 1, 1, 1, 1, 1, 1, 1, 1, 1, 1, 1, 1, 1, 1, 1, 1, 1, 1, 1, 1, 1, 1, 1, 1, 1, 1, 1, 1, 1, 1, 1, 1, 1, 1], "dvar": [0.0285156536847, 0.0326562523842, 0.0253482218832, 0.0175610035658, 0.0151613466442, 0.0176982712001, 0.0243503078818, 0.0289773344994, 0.0267196185887, 0.0337309390306, 0.0365096703172, 0.0281063579023, 0.022286247462, 0.016755765304, 0.0143038099632, 0.0210666600615, 0.0237051434815, 0.0232424605638, 0.0200569480658, 0.0218737516552, 0.0229390002787, 0.0293574985117, 0.0338790230453, 0.0286537837237, 0.0385134480894, 0.026811407879, 0.0204474404454, 0.016659995541, 0.0150127336383, 0.0218089986593, 0.0307460278273, 0.0322867929935, 0.0217786747962, 0.020480029285, 0.0203528702259, 0.0219517592341], "mean": [0.24732555449, 0.274655163288, 0.121660083532, 0.0519393980503, 0.0378257445991, 0.0482087917626, 0.124706916511, 0.166108578444, 0.139322578907, 0.239496693015, 0.271165966988, 0.133526086807, 0.0654160529375, 0.0495496615767, 0.0460029579699, 0.0997829213738, 0.126539811492, 0.0858671367168, 0.0624232813716, 0.0568433627486, 0.075178399682, 0.212938189507, 0.26964405179, 0.188816815615, 0.248299986124, 0.230198532343, 0.0867279544473, 0.0669935569167, 0.0832227319479, 0.0872878283262, 0.198725551367, 0.227264389396, 0.10715906322, 0.0846484974027, 0.0931582301855, 0.100379057229], "dvar2": [0.0706316679716, 0.0776460394263, 0.0632030144334, 0.0463567562401, 0.0425799489021, 0.0497380308807, 0.063610330224, 0.0703322067857, 0.0721756443381, 0.0838422775269, 0.0867104902864, 0.0759506672621, 0.0613547861576, 0.0469633191824, 0.0400264449418, 0.054730374366, 0.0560191757977, 0.0614329427481, 0.0533278174698, 0.0591652989388, 0.0616809912026, 0.0756577178836, 0.0821217522025, 0.0769986286759, 0.0931305363774, 0.0693776682019, 0.0581188797951, 0.0464469492435, 0.0409752726555, 0.0624557994306, 0.0771592855453, 0.0769903212786, 0.0582712069154, 0.0565424785018, 0.0566869862378, 0.0606046952307], "min": [0, 0, 0, 0, 0, 0, 0, 0, 0, 0, 0, 0, 0, 0, 0, 0, 0, 0, 0, 0, 0, 0, 0, 0, 0, 0, 0, 0, 0, 0, 0, 0, 0, 0, 0, 0], "var": [0.10423155129, 0.11826993525, 0.0321274287999, 0.0159201938659, 0.0109792109579, 0.0137356538326, 0.0413090027869, 0.0646340176463, 0.0354091376066, 0.0919319018722, 0.108280330896, 0.0375791229308, 0.0188909955323, 0.0131169026718, 0.0115954652429, 0.0350884646177, 0.052857208997, 0.0255441479385, 0.0174071751535, 0.019197024405, 0.0226333476603, 0.0688168928027, 0.101236321032, 0.0475237891078, 0.124135866761, 0.123369410634, 0.0246248152107, 0.0255436040461, 0.0415402427316, 0.0235260389745, 0.0839712247252, 0.104411251843, 0.0253319982439, 0.0348982736468, 0.0443182624876, 0.0254568960518], "median": [0.0805073231459, 0.0998683720827, 0.0485575646162, 0.0118606649339, 0.00877761654556, 0.0130795575678, 0.0383738428354, 0.0534277409315, 0.0639306753874, 0.0922686904669, 0.109838977456, 0.0534933209419, 0.0181592702866, 0.0128406714648, 0.0134644508362, 0.023435447365, 0.0270225908607, 0.0288879610598, 0.0203744992614, 0.0141013655812, 0.0218048654497, 0.0958124399185, 0.123776569963, 0.103756256402, 0.0362451635301, 0.0210768356919, 0.0160875357687, 0.0128889242187, 0.0129560874775, 0.0287863090634, 0.0521950237453, 0.0585925467312, 0.0410491079092, 0.0147089883685, 0.0146836303174, 0.0357025824487]}}, "lowlevel": {"melbands_flatness_db": {"dmean": 0.0179301984608, "dmean2": 0.0270480643958, "max": 0.526678204536, "dvar": 0.000404343591072, "mean": 0.187532112002, "dvar2": 0.000933177827392, "min": 0.00427741836756, "var": 0.0040580695495, "median": 0.176779523492}, "melbands_crest": {"dmean": 2.57823991776, "dmean2": 4.15811634064, "max": 39.0611801147, "dvar": 7.41202878952, "mean": 13.479593277, "dvar2": 19.5080089569, "min": 1.65061378479, "var": 25.8956069946, "median": 12.5721569061}, "spectral_entropy": {"dmean": 0.126707360148, "dmean2": 0.181515961885, "max": 9.83363246918, "dvar": 0.0235830899328, "mean": 7.5576839447, "dvar2": 0.0473103523254, "min": 5.52059936523, "var": 0.255097597837, "median": 7.65437698364}, "melbands": {"dmean": [0.000522556365468, 0.000733115884941, 0.000264626869466, 0.000268443545792, 0.000228096396313, 0.000175430090167, 0.000146006626892, 0.000193623549421, 0.000170219922438, 0.000125415914226, 7.96457679826e-05, 8.56305123307e-05, 8.22681104182e-05, 3.46596571035e-05, 3.86310857721e-05, 3.71683090634e-05, 4.00889075536e-05, 3.73313341697e-05, 2.30759269471e-05, 2.16702483158e-05, 1.06880424937e-05, 8.72623968462e-06, 7.1409690463e-06, 6.44825558993e-06, 5.08670927957e-06, 4.22903576691e-06, 3.91920775655e-06, 3.34752940034e-06, 2.01995976568e-06, 1.71790259174e-06, 1.59949229328e-06, 1.55090492626e-06, 1.57568297254e-06, 1.6267998717e-06, 1.60347940437e-06, 1.44816419834e-06, 1.20706408779e-06, 8.82343613284e-07, 7.56106487643e-07, 6.19029435711e-07], "dmean2": [0.000845991249662, 0.00127301726025, 0.000455316097941, 0.000443933648057, 0.00036092964001, 0.000269907992333, 0.000218292843783, 0.000300006795442, 0.000258341780864, 0.000190126476809, 0.000122167970403, 0.000131201173645, 0.000130314889248, 5.50085496798e-05, 6.20371210971e-05, 5.86773312534e-05, 6.50222718832e-05, 5.96261088504e-05, 3.61569400411e-05, 3.42618550349e-05, 1.68451351783e-05, 1.38865207191e-05, 1.15721686598e-05, 1.06413108369e-05, 8.37321749714e-06, 6.88998397891e-06, 6.46517992209e-06, 5.54488542548e-06, 3.2782377275e-06, 2.83118151856e-06, 2.62139474216e-06, 2.52325389738e-06, 2.47754906013e-06, 2.51721553468e-06, 2.50977473115e-06, 2.22552534979e-06, 1.81259031251e-06, 1.30350372274e-06, 1.10920336738e-06, 9.22620358779e-07], "max": [0.0348977595568, 0.0436821505427, 0.0181628037244, 0.0152768045664, 0.00903091859072, 0.00998427439481, 0.011477008462, 0.0135562745854, 0.0141532076523, 0.0118857305497, 0.00896926410496, 0.00863483641297, 0.00971769634634, 0.00337169482373, 0.00353176449426, 0.0045003904961, 0.00346401310526, 0.00436178222299, 0.00209331419319, 0.00289805163629, 0.00103082938585, 0.000750124803744, 0.000494627340231, 0.000319261889672, 0.000293159275316, 0.000197261470021, 0.000395458162529, 0.000227186043048, 0.00012749308371, 8.15250605228e-05, 7.29313615011e-05, 7.94497973402e-05, 0.000132313914946, 0.000261504988885, 0.000264248228632, 0.00025483945501, 0.000163171978784, 0.000102531237644, 0.000123902980704, 6.35752658127e-05], "dvar": [3.56123837264e-06, 6.44832516628e-06, 7.67479775732e-07, 6.61578781092e-07, 2.64600487299e-07, 1.47279763496e-07, 1.47058145217e-07, 3.05166878434e-07, 2.7772674116e-07, 1.7951678899e-07, 6.66076189759e-08, 9.75795302338e-08, 9.44671540992e-08, 9.37327282458e-09, 1.29114710035e-08, 1.72020975242e-08, 1.31909878576e-08, 1.46798528888e-08, 6.0826574888e-09, 4.19693080289e-09, 8.93054019624e-10, 5.12675513153e-10, 3.10999448416e-10, 1.91146654061e-10, 1.24081495079e-10, 7.22477008774e-11, 8.01778782256e-11, 5.53937520853e-11, 2.34772930263e-11, 1.23502701121e-11, 1.14655351185e-11, 1.17091562141e-11, 1.33056274332e-11, 1.96734122049e-11, 3.01774993883e-11, 3.60501732632e-11, 1.79121821542e-11, 9.31989641711e-12, 7.07099266292e-12, 4.25941400206e-12], "mean": [0.000974027556367, 0.00142918073107, 0.00043007300701, 0.000483693438582, 0.000483901705593, 0.00037226304994, 0.000300637620967, 0.000338250683853, 0.000307625130517, 0.000213895516936, 0.000146624239278, 0.00014803353406, 0.000139849536936, 6.09883172729e-05, 6.55858530081e-05, 6.04219421803e-05, 6.77434290992e-05, 6.2254810473e-05, 4.05911778216e-05, 4.27348932135e-05, 2.25423045777e-05, 1.75782151928e-05, 1.37713223012e-05, 1.299802625e-05, 1.07437135739e-05, 9.36800825002e-06, 8.85248755367e-06, 7.36219726605e-06, 4.55322606285e-06, 3.82706275559e-06, 3.37293636221e-06, 3.40999213222e-06, 3.41290160577e-06, 3.45835974258e-06, 3.30688726535e-06, 2.85328360405e-06, 2.4483983907e-06, 1.76735318291e-06, 1.46564048009e-06, 1.14803776796e-06], "dvar2": [9.44263774727e-06, 1.83264019142e-05, 2.15727868635e-06, 1.86596491858e-06, 6.82263703311e-07, 3.70074957345e-07, 3.50439819385e-07, 7.25829522707e-07, 5.88576540395e-07, 4.15714708879e-07, 1.59640364927e-07, 2.33235368796e-07, 2.69456393198e-07, 2.43046471837e-08, 3.24991624723e-08, 4.11905070052e-08, 3.31877849646e-08, 3.39814221206e-08, 1.35967619386e-08, 9.27852195076e-09, 1.99512806276e-09, 1.1916778675e-09, 7.7081252492e-10, 4.8510617745e-10, 3.30073357535e-10, 1.89512044946e-10, 2.04385647296e-10, 1.4867936049e-10, 6.26750595867e-11, 3.3034207314e-11, 2.8764310378e-11, 2.82760065362e-11, 3.12946439596e-11, 4.32649090165e-11, 6.8066448311e-11, 8.79579464819e-11, 3.49717754755e-11, 1.83781583701e-11, 1.34156600759e-11, 8.90139090909e-12], "min": [1.66389460915e-24, 1.27986144187e-24, 1.21554186518e-24, 1.55114912946e-24, 3.91185986036e-24, 4.5052919148e-24, 3.04692416767e-24, 2.28912505503e-24, 1.88245108674e-24, 1.99874555303e-24, 4.65373344906e-24, 3.78196168498e-24, 2.11342048788e-24, 3.69800242997e-24, 3.91439525931e-24, 2.71910591876e-24, 3.19244809987e-24, 5.69917294142e-24, 1.76143942944e-24, 3.50725744081e-24, 4.81683635767e-24, 5.28490500363e-24, 5.54483427747e-24, 4.31123134326e-24, 6.08226627953e-24, 4.39082780302e-24, 6.62117936795e-24, 4.93514143319e-24, 4.81275991894e-24, 6.67708278486e-24, 4.9198371372e-24, 5.35594035042e-24, 6.27912178527e-24, 7.79590527407e-24, 6.60162587269e-24, 7.29063434225e-24, 7.71874757779e-24, 6.68053326246e-24, 5.81964699001e-24, 7.05139334008e-24], "var": [3.86655119655e-06, 5.66669177715e-06, 6.79237473378e-07, 7.49479852402e-07, 7.17546356555e-07, 3.72025084516e-07, 3.22754431181e-07, 6.32052262972e-07, 7.47291267089e-07, 3.65790583601e-07, 1.56012958996e-07, 2.19036408566e-07, 1.72524352138e-07, 1.62833639905e-08, 2.33627215351e-08, 3.82626055284e-08, 2.55582364161e-08, 2.54117065168e-08, 1.19514496077e-08, 1.39313476311e-08, 3.17447312881e-09, 1.39177347425e-09, 7.70430719221e-10, 5.05954000918e-10, 3.01159819305e-10, 2.02078090372e-10, 1.96304153488e-10, 1.43735912062e-10, 5.48682488333e-11, 3.16796866517e-11, 2.6835816555e-11, 3.30937846571e-11, 3.77943856766e-11, 6.44476624845e-11, 9.98478730252e-11, 9.40114305847e-11, 6.05888325622e-11, 2.84649682297e-11, 2.08356474435e-11, 1.08159115345e-11], "median": [0.000470364815556, 0.000913611787837, 0.000224111208809, 0.000210871381569, 0.000179583425052, 0.000161314324941, 0.000142773555126, 0.000119364769489, 8.85406334419e-05, 5.77429236728e-05, 4.42375567218e-05, 3.54766380042e-05, 3.63113722415e-05, 2.04429070436e-05, 2.04265616048e-05, 1.61769457918e-05, 1.70877265191e-05, 1.51394478962e-05, 1.12202633318e-05, 1.11113959065e-05, 7.23613584341e-06, 5.96026620769e-06, 4.49081653642e-06, 4.56937868876e-06, 4.43051021648e-06, 4.11138080381e-06, 3.46344222635e-06, 2.77540470961e-06, 1.82769861112e-06, 1.50764503815e-06, 1.17617480555e-06, 1.15046555038e-06, 1.25695737552e-06, 1.15897864816e-06, 9.88276838143e-07, 8.41579037569e-07, 6.98597602877e-07, 4.9019826065e-07, 3.59873041589e-07, 2.53017276464e-07]}, "silence_rate_60dB": {"dmean": 0.0145433396101, "dmean2": 0.029089499265, "max": 1, "dvar": 0.0143335815519, "mean": 0.215511396527, "dvar2": 0.0299842115492, "min": 0, "var": 0.169064566493, "median": 0}, "spectral_energyband_middle_high": {"dmean": 0.00174446869642, "dmean2": 0.0026951811742, "max": 0.0750442072749, "dvar": 1.29896006911e-05, "mean": 0.00587528944016, "dvar2": 3.35205877491e-05, "min": 1.23485140757e-21, "var": 5.83835608268e-05, "median": 0.00324151245877}, "erbbands_skewness": {"dmean": 0.297706902027, "dmean2": 0.45422822237, "max": 7.50486564636, "dvar": 0.100230067968, "mean": 0.536168336868, "dvar2": 0.219140961766, "min": -3.82871723175, "var": 0.663122236729, "median": 0.482669889927}, "dynamic_complexity": 5.76083087921, "dissonance": {"dmean": 0.0178007930517, "dmean2": 0.0299383532256, "max": 0.500000119209, "dvar": 0.000352175993612, "mean": 0.458682000637, "dvar2": 0.000954046321567, "min": 0.206113681197, "var": 0.00104016321711, "median": 0.467218011618}, "spectral_skewness": {"dmean": 0.177478596568, "dmean2": 0.282818943262, "max": 4.46971797943, "dvar": 0.0377146080136, "mean": 1.63319635391, "dvar2": 0.0917872413993, "min": -0.198145925999, "var": 0.272523313761, "median": 1.54219841957}, "spectral_kurtosis": {"dmean": 1.40099096298, "dmean2": 2.32809042931, "max": 32.0008621216, "dvar": 3.73703455925, "mean": 4.65934371948, "dvar2": 10.3079166412, "min": -1.3087208271, "var": 13.1908693314, "median": 3.58674240112}, "gfcc": {"cov": [[23741.0273438, -2480.06665039, -307.582366943, 1034.03955078, -164.570465088, 1356.56298828, -84.5774154663, 751.619140625, -298.899627686, 302.635162354, -248.992538452, 172.771942139, -407.509613037], [-2480.06665039, 1339.71887207, -349.364990234, -128.232589722, 88.3838043213, -260.343139648, 75.1662368774, -191.327972412, 89.244430542, -138.711975098, 90.231086731, -90.7791061401, 112.286880493], [-307.582366943, -349.364990234, 714.233886719, 122.652618408, 69.7391433716, 116.240943909, 46.0246620178, 107.067588806, 22.1165733337, 99.7199783325, -22.3727016449, 67.4063491821, -56.517780304], [1034.03955078, -128.232589722, 122.652618408, 386.622436523, 75.2279968262, 86.1449203491, 9.81383228302, 62.6484031677, 39.6612510681, 35.6010551453, -9.97261428833, 25.9179458618, -1.57983720303], [-164.570465088, 88.3838043213, 69.7391433716, 75.2279968262, 231.002761841, 54.4787368774, 63.6547279358, 37.9206237793, 38.3185958862, 26.2168617249, 10.8322257996, 19.1381931305, 5.25116491318], [1356.56298828, -260.343139648, 116.240943909, 86.1449203491, 54.4787368774, 302.48425293, 92.7929840088, 111.087295532, -8.34840869904, 67.3470687866, 6.99873065948, 18.5504570007, -46.6687736511], [-84.5774154663, 75.1662368774, 46.0246620178, 9.81383228302, 63.6547279358, 92.7929840088, 181.357894897, 53.2868804932, 18.5153999329, 23.6015663147, 32.282875061, 4.5753993988, -12.7076225281], [751.619140625, -191.327972412, 107.067588806, 62.6484031677, 37.9206237793, 111.087295532, 53.2868804932, 171.074996948, 35.4140815735, 61.2707862854, -3.09721446037, 19.4699573517, -36.5423355103], [-298.899627686, 89.244430542, 22.1165733337, 39.6612510681, 38.3185958862, -8.34840869904, 18.5153999329, 35.4140815735, 119.337028503, 29.8769321442, 7.72748279572, -13.3630914688, 9.53337287903], [302.635162354, -138.711975098, 99.7199783325, 35.6010551453, 26.2168617249, 67.3470687866, 23.6015663147, 61.2707862854, 29.8769321442, 107.199264526, 21.3059806824, 18.5157985687, -27.8503303528], [-248.992538452, 90.231086731, -22.3727016449, -9.97261428833, 10.8322257996, 6.99873065948, 32.282875061, -3.09721446037, 7.72748279572, 21.3059806824, 87.8564834595, 16.1355113983, 3.54464435577], [172.771942139, -90.7791061401, 67.4063491821, 25.9179458618, 19.1381931305, 18.5504570007, 4.5753993988, 19.4699573517, -13.3630914688, 18.5157985687, 16.1355113983, 82.4126434326, 14.9467639923], [-407.509613037, 112.286880493, -56.517780304, -1.57983720303, 5.25116491318, -46.6687736511, -12.7076225281, -36.5423355103, 9.53337287903, -27.8503303528, 3.54464435577, 14.9467639923, 82.1741485596]], "mean": [-33.3744888306, 92.9371337891, -117.4401474, 24.9235267639, -65.1927871704, 13.5262651443, -40.3442306519, 7.9815659523, -20.7087287903, 4.77091312408, -13.3565216064, -0.533972978592, -9.61462974548], "icov": [[0.000100628021755, 1.2176285054e-05, 0.000226644580835, -0.000231853933656, 0.000129024032503, -0.000368513079593, 0.00017923800624, -0.000234822146012, 0.000199777656235, -8.81884552655e-05, 0.000284404668491, -0.000273737328826, 0.000324027787428], [1.2176285054e-05, 0.00187086267397, 0.000295350357192, 0.000150041290908, -0.000902331084944, 0.000970935856458, -0.00119708012789, 0.00104662647936, -0.00126509577967, 0.00154056691099, -0.00178875471465, 0.00152467505541, -0.000931917340495], [0.000226644580835, 0.000295350357192, 0.00249440642074, -0.000787839584518, -1.64413377206e-05, -0.000702294986695, -7.18490191502e-05, -0.000438418239355, 6.25323446002e-05, -0.00112622743472, 0.00152277713642, -0.0020215199329, 0.00173001235817], [-0.000231853933656, 0.000150041290908, -0.000787839584518, 0.00371760874987, -0.0010878687026, 0.000116616989544, 0.000156926471391, 0.00026320721372, -0.00149799312931, 0.000511748075951, -0.000501205620822, 0.000244252820266, -0.00122371444013], [0.000129024032503, -0.000902331084944, -1.64413377206e-05, -0.0010878687026, 0.00602938514203, -0.0013017244637, -0.00076725956751, -0.000644734303933, -0.000446201738669, -0.0010014338186, 0.00142156600486, -0.00200601387769, 0.0003265903797], [-0.000368513079593, 0.000970935856458, -0.000702294986695, 0.000116616989544, -0.0013017244637, 0.00757296476513, -0.00337362592109, -0.000793142418843, 0.00075348012615, -0.000781381910201, -0.0016726461472, 0.00212087342516, -0.000791217200458], [0.00017923800624, -0.00119708012789, -7.18490191502e-05, 0.000156926471391, -0.00076725956751, -0.00337362592109, 0.00909287761897, -0.00253638089634, 0.000554566795472, 0.000195903878193, -0.00137180532329, -0.000528366421349, 0.00104684266262], [-0.000234822146012, 0.00104662647936, -0.000438418239355, 0.00026320721372, -0.000644734303933, -0.000793142418843, -0.00253638089634, 0.0115043809637, -0.00419739028439, -0.00133495416958, 0.000487092358526, -0.00110080244485, 0.00163703726139], [0.000199777656235, -0.00126509577967, 6.25323446002e-05, -0.00149799312931, -0.000446201738669, 0.00075348012615, 0.000554566795472, -0.00419739028439, 0.0133652603254, -0.00489812111482, 0.000907603418455, 0.00302602979355, -0.00239092647098], [-8.81884552655e-05, 0.00154056691099, -0.00112622743472, 0.000511748075951, -0.0010014338186, -0.000781381910201, 0.000195903878193, -0.00133495416958, -0.00489812111482, 0.0171611215919, -0.00571015803143, -0.000629342335742, 0.00249493122101], [0.000284404668491, -0.00178875471465, 0.00152277713642, -0.000501205620822, 0.00142156600486, -0.0016726461472, -0.00137180532329, 0.000487092358526, 0.000907603418455, -0.00571015803143, 0.0171489529312, -0.00596641702577, 0.00216095638461], [-0.000273737328826, 0.00152467505541, -0.0020215199329, 0.000244252820266, -0.00200601387769, 0.00212087342516, -0.000528366421349, -0.00110080244485, 0.00302602979355, -0.000629342335742, -0.00596641702577, 0.0194775555283, -0.0079148793593], [0.000324027787428, -0.000931917340495, 0.00173001235817, -0.00122371444013, 0.0003265903797, -0.000791217200458, 0.00104684266262, 0.00163703726139, -0.00239092647098, 0.00249493122101, 0.00216095638461, -0.0079148793593, 0.0191049613059]]}, "spectral_complexity": {"dmean": 2.53092885017, "dmean2": 4.04983997345, "max": 60, "dvar": 8.69101715088, "mean": 17.84100914, "dvar2": 19.6521949768, "min": 0, "var": 132.733306885, "median": 17}, "spectral_flux": {"dmean": 0.0180577952415, "dmean2": 0.0286115836352, "max": 0.412512511015, "dvar": 0.000752635649405, "mean": 0.0658473670483, "dvar2": 0.0016017484013, "min": 6.5368224722e-11, "var": 0.00266335951164, "median": 0.059926263988}, "spectral_energyband_low": {"dmean": 0.00308048306033, "dmean2": 0.00515098916367, "max": 0.187556296587, "dvar": 0.000110150438559, "mean": 0.00666944310069, "dvar2": 0.000295751931844, "min": 2.32164257207e-23, "var": 0.000119109550724, "median": 0.00471115205437}, "spectral_decrease": {"dmean": 1.60992008613e-09, "dmean2": 2.58681454035e-09, "max": 1.97080760284e-28, "dvar": 1.16879024095e-17, "mean": -5.63906299433e-09, "dvar2": 3.02878500946e-17, "min": -5.82918993075e-08, "var": 2.77805730137e-17, "median": -4.70504080141e-09}, "barkbands_spread": {"dmean": 4.54460811615, "dmean2": 6.97763442993, "max": 112.268013, "dvar": 39.6226463318, "mean": 22.2467842102, "dvar2": 83.5669326782, "min": 0.587667167187, "var": 191.572738647, "median": 20.2881679535}, "spectral_rms": {"dmean": 0.000540088163689, "dmean2": 0.000841158034746, "max": 0.0147809209302, "dvar": 7.34993705009e-07, "mean": 0.00416219001636, "dvar2": 1.78394884642e-06, "min": 3.16709484159e-12, "var": 5.30918487129e-06, "median": 0.00436596525833}, "spectral_centroid": {"dmean": 178.975967407, "dmean2": 274.471069336, "max": 11581.0791016, "dvar": 64947.0429688, "mean": 1262.0838623, "dvar2": 129239.007812, "min": 137.134963989, "var": 496600.875, "median": 1196.25561523}, "barkbands_skewness": {"dmean": 0.375153183937, "dmean2": 0.588794350624, "max": 17.8371200562, "dvar": 0.243793651462, "mean": 1.39022779465, "dvar2": 0.612614989281, "min": -3.81705188751, "var": 1.13084232807, "median": 1.31802821159}, "spectral_rolloff": {"dmean": 366.024688721, "dmean2": 605.393188477, "max": 19509.0820312, "dvar": 660120.625, "mean": 1425.4498291, "dvar2": 1302649.125, "min": 21.533203125, "var": 2498381.5, "median": 1055.12695312}, "erbbands_spread": {"dmean": 6.34847784042, "dmean2": 9.60074424744, "max": 124.871383667, "dvar": 59.2853813171, "mean": 35.9871063232, "dvar2": 131.324874878, "min": 2.7586376667, "var": 307.562133789, "median": 32.9202270508}, "barkbands": {"dmean": [0.000182871925062, 0.00206917710602, 0.00123628519941, 0.000498579873238, 0.00129086000379, 0.000905575871002, 0.000724466284737, 0.00102609337773, 0.000863475725055, 0.000640334677882, 0.000608636299148, 0.000293971475912, 0.000398309784941, 0.0004289005592, 0.000361320679076, 0.000225099662202, 0.000158757422469, 0.000121385201055, 0.000109254309791, 9.74354261416e-05, 6.40026846668e-05, 7.22033146303e-05, 8.68199567776e-05, 7.72383646108e-05, 6.13025767962e-05, 2.86859958578e-05, 4.12210783907e-06], "dmean2": [0.000285910617094, 0.00345087400638, 0.00218211603351, 0.000847968796734, 0.00211011129431, 0.0014041387476, 0.00110693939496, 0.00158669345547, 0.00132633070461, 0.000990672037005, 0.000972957001068, 0.000471695995657, 0.000638363417238, 0.000690884422511, 0.000576223887037, 0.000356581353117, 0.000253427162534, 0.000199206391699, 0.000177680791239, 0.000160486175446, 0.000104055841803, 0.000114050904813, 0.000131054010126, 0.000109972679638, 8.70869116625e-05, 4.04622696806e-05, 6.01857891525e-06], "max": [0.0122269000858, 0.135025262833, 0.0751474276185, 0.0362796373665, 0.0591121651232, 0.0507647581398, 0.0494197830558, 0.0773181840777, 0.0750419571996, 0.0584134086967, 0.0664792209864, 0.0271521024406, 0.0355985313654, 0.0271356776357, 0.025933098048, 0.0295667890459, 0.0143338404596, 0.00616281153634, 0.00614168960601, 0.00650328025222, 0.00306912441738, 0.00394171709195, 0.0126420687884, 0.0105591118336, 0.00651411246508, 0.00206073210575, 0.00039359589573], "dvar": [3.60252954579e-07, 5.5515589338e-05, 2.00971899176e-05, 2.55068107435e-06, 1.17085501188e-05, 3.93830168832e-06, 3.60433318747e-06, 9.4485885711e-06, 7.71649956732e-06, 4.32393335359e-06, 4.83253779748e-06, 6.48415664273e-07, 1.64056132235e-06, 1.63372737916e-06, 1.10454527658e-06, 4.65485783252e-07, 1.58201331146e-07, 6.87412864409e-08, 4.59744740056e-08, 4.47647430235e-08, 1.78962800135e-08, 2.43157334268e-08, 8.02178163894e-08, 7.45426618209e-08, 4.12469383093e-08, 6.87153534074e-09, 1.58694418717e-10], "mean": [0.000265828304691, 0.00412341067567, 0.00199834210798, 0.000715430767741, 0.0025067452807, 0.00189422245603, 0.00139787385706, 0.00179615383968, 0.00145466800313, 0.00115468539298, 0.000995199661702, 0.000482423434732, 0.00064948288491, 0.000723592063878, 0.000629200600088, 0.000471920444397, 0.000320400606142, 0.000255481572822, 0.000262104993453, 0.000234635983361, 0.000155021407409, 0.000176093482878, 0.000195912769414, 0.000171398220118, 0.000118640622532, 4.49886574643e-05, 4.94506321047e-06], "dvar2": [8.38191112962e-07, 0.000152781314682, 5.79812767683e-05, 7.04267267793e-06, 3.24604952766e-05, 9.792183846e-06, 8.39677795739e-06, 2.15088002733e-05, 1.81331361091e-05, 1.04261844172e-05, 1.36946946441e-05, 1.65769347404e-06, 4.09229096476e-06, 4.06680555898e-06, 2.51763572123e-06, 1.04779314825e-06, 3.46591775724e-07, 1.76669161078e-07, 1.16658569027e-07, 1.17993842252e-07, 4.67604373e-08, 5.52170966728e-08, 1.70416171841e-07, 1.39820571121e-07, 7.72188641918e-08, 1.41028859701e-08, 3.32881555654e-10], "min": [1.62893229383e-24, 6.46097828418e-24, 4.0612738629e-25, 1.12300601581e-24, 1.00769857228e-23, 2.01491278396e-23, 1.12251995916e-23, 1.12644477882e-23, 1.3052020799e-23, 3.76537288677e-23, 1.05908221063e-23, 3.76802503714e-23, 4.2788774754e-23, 3.3145940997e-23, 2.27632282861e-23, 7.16884731358e-23, 8.63570387458e-23, 9.18578794338e-23, 1.67200987371e-22, 1.84502789616e-22, 3.06545112612e-22, 3.11756365618e-22, 4.69708937063e-22, 6.74802523539e-22, 9.08994449884e-22, 1.4013843118e-21, 2.05148142835e-21], "var": [5.90334082062e-07, 5.58617502975e-05, 1.57594640768e-05, 2.55801614912e-06, 1.84044274647e-05, 9.78221214609e-06, 7.57748239266e-06, 2.20036345127e-05, 1.56499263539e-05, 1.00185288829e-05, 8.98053713172e-06, 1.03071943158e-06, 3.5277578263e-06, 3.13169471156e-06, 2.36782011598e-06, 1.63104550666e-06, 4.43054062771e-07, 1.87373416338e-07, 1.48271993794e-07, 1.22365335642e-07, 4.76224144563e-08, 8.23877641665e-08, 3.04750670921e-07, 2.71843219934e-07, 1.1737969885e-07, 1.32003759035e-08, 2.32646582554e-10], "median": [2.94840319839e-05, 0.00221548648551, 0.000920500489883, 0.000248384865699, 0.00108011125121, 0.000794144754764, 0.000642167578917, 0.000508914352395, 0.000382416008506, 0.000318712962326, 0.000237184460275, 0.000146501915879, 0.000177110734512, 0.000171026069438, 0.000173060499947, 0.000129885331262, 0.000110000364657, 9.07841822482e-05, 0.00011975797679, 9.55130162765e-05, 6.41999577056e-05, 6.57799246255e-05, 6.56620977679e-05, 5.28034470335e-05, 2.60825345322e-05, 8.19324304757e-06, 3.00927780472e-07]}, "melbands_kurtosis": {"dmean": 4.02217006683, "dmean2": 6.48215532303, "max": 1017.35662842, "dvar": 235.585144043, "mean": 9.93918800354, "dvar2": 661.597106934, "min": -1.85272359848, "var": 276.006286621, "median": 6.74931430817}, "erbbands_crest": {"dmean": 2.40602421761, "dmean2": 3.8180437088, "max": 30.7028102875, "dvar": 6.63936376572, "mean": 9.36565113068, "dvar2": 16.525270462, "min": 2.1332526207, "var": 25.2946548462, "median": 7.94031572342}, "melbands_skewness": {"dmean": 0.480932325125, "dmean2": 0.746579706669, "max": 29.3542537689, "dvar": 0.456049054861, "mean": 2.23912906647, "dvar2": 1.14370536804, "min": -1.64563691616, "var": 1.75759363174, "median": 2.15213298798}, "spectral_energyband_middle_low": {"dmean": 0.00358209060505, "dmean2": 0.00566227408126, "max": 0.100999586284, "dvar": 4.55063127447e-05, "mean": 0.0101647553965, "dvar2": 0.000116071729281, "min": 1.65059312055e-22, "var": 0.000119128497317, "median": 0.00690421275795}, "spectral_contrast_coeffs": {"dmean": [0.0401726812124, 0.0398387610912, 0.0349522121251, 0.0285693462938, 0.0198659915477, 0.0155336987227], "dmean2": [0.0663312599063, 0.064603433013, 0.056064195931, 0.0465865693986, 0.0322502106428, 0.0244310703129], "max": [-0.291965901852, -0.346136301756, -0.346646934748, -0.538057088852, -0.574848771095, -0.644829571247], "dvar": [0.00128915649839, 0.00123119412456, 0.000916430319194, 0.000617246318143, 0.000296039681416, 0.000206286815228], "mean": [-0.650365650654, -0.719552576542, -0.747985303402, -0.767496466637, -0.791434586048, -0.773872315884], "dvar2": [0.00347722065635, 0.00312075857073, 0.00225267582573, 0.001517149969, 0.000713957299013, 0.000462864729343], "min": [-0.978767335415, -0.993095338345, -0.979615151882, -0.976148366928, -0.965730190277, -0.968615889549], "var": [0.00693882023916, 0.0049874340184, 0.00498555088416, 0.00366111798212, 0.00187449285295, 0.00141995877493], "median": [-0.6567466259, -0.725400805473, -0.758914411068, -0.776751160622, -0.795629322529, -0.769970536232]}, "spectral_contrast_valleys": {"dmean": [0.341046571732, 0.303599298, 0.286579608917, 0.236678719521, 0.198144540191, 0.261506795883], "dmean2": [0.563376545906, 0.494771331549, 0.462110221386, 0.377256602049, 0.302669584751, 0.341763794422], "max": [-4.81335878372, -4.47034358978, -5.25483322144, -5.34686851501, -5.6287355423, -7.2637257576], "dvar": [0.131603777409, 0.121779456735, 0.111387610435, 0.0901677682996, 0.0948080942035, 0.159504324198], "mean": [-7.77559232712, -6.92990255356, -7.70762443542, -8.05573940277, -8.07081127167, -10.4673128128], "dvar2": [0.284406810999, 0.246865823865, 0.214062064886, 0.165314301848, 0.164484396577, 0.260860145092], "min": [-27.8537063599, -27.9346809387, -27.5062351227, -27.6144199371, -27.4538898468, -27.364812851], "var": [2.93947124481, 2.34189963341, 2.68069672585, 2.66649627686, 3.01758790016, 3.61742377281], "median": [-7.2135310173, -6.59134674072, -7.31458044052, -7.61918067932, -7.55666065216, -9.87937164307]}, "silence_rate_20dB": {"dmean": 0, "dmean2": 0, "max": 1, "dvar": 0, "mean": 1, "dvar2": 0, "min": 1, "var": 0, "median": 1}, "silence_rate_30dB": {"dmean": 0.00523560214788, "dmean2": 0.0104722194374, "max": 1, "dvar": 0.00520789297298, "mean": 0.996800780296, "dvar2": 0.0144341634586, "min": 0, "var": 0.00318914209493, "median": 1}, "spectral_strongpeak": {"dmean": 0.538100242615, "dmean2": 0.904162585735, "max": 11.5419235229, "dvar": 1.1404889822, "mean": 1.00441133976, "dvar2": 2.88449478149, "min": 0, "var": 2.19292736053, "median": 0.365963101387}, "spectral_spread": {"dmean": 510345.84375, "dmean2": 713271.75, "max": 47930264, "dvar": 851586187264, "mean": 4834694.5, "dvar2": 1600585859070.0, "min": 1549853.25, "var": 5137316708350.0, "median": 4603337.5}, "barkbands_flatness_db": {"dmean": 0.0167167950422, "dmean2": 0.0254961028695, "max": 0.387022316456, "dvar": 0.00033179987804, "mean": 0.123612858355, "dvar2": 0.000798821216449, "min": 0.0162214320153, "var": 0.00293248286471, "median": 0.113019041717}, "pitch_salience": {"dmean": 0.0587283298373, "dmean2": 0.0945089682937, "max": 0.992130696774, "dvar": 0.00330661050975, "mean": 0.565865516663, "dvar2": 0.00878964550793, "min": 0.044566527009, "var": 0.013289055787, "median": 0.574433326721}, "erbbands_kurtosis": {"dmean": 0.865643024445, "dmean2": 1.34620523453, "max": 72.098739624, "dvar": 2.1448996067, "mean": 0.927271962166, "dvar2": 5.30546379089, "min": -1.69963765144, "var": 12.8362398148, "median": 0.0651352405548}, "average_loudness": 0.764537632465, "barkbands_crest": {"dmean": 2.13103103638, "dmean2": 3.4657766819, "max": 24.5870323181, "dvar": 5.05574178696, "mean": 9.69655036926, "dvar2": 13.7850437164, "min": 2.59843707085, "var": 15.8038625717, "median": 8.88517475128}, "hfc": {"dmean": 5.03618192673, "dmean2": 7.45677614212, "max": 226.555999756, "dvar": 83.1849899292, "mean": 21.1199398041, "dvar2": 179.529556274, "min": 1.11881127697e-16, "var": 507.194519043, "median": 15.4692373276}, "barkbands_kurtosis": {"dmean": 1.88523256779, "dmean2": 3.02250981331, "max": 372.046539307, "dvar": 37.8594856262, "mean": 3.65908074379, "dvar2": 103.547538757, "min": -1.90265536308, "var": 83.0773925781, "median": 1.78781318665}, "erbbands": {"dmean": [0.0565082989633, 0.515940725803, 1.45912599564, 1.41826617718, 2.39891815186, 5.40430498123, 6.17692327499, 7.8797326088, 9.70474624634, 16.4063129425, 20.0891494751, 21.1634349823, 15.8601903915, 20.6364383698, 21.3694000244, 11.5570697784, 17.1886672974, 19.3722286224, 20.6147632599, 15.6094446182, 9.24126625061, 7.29329681396, 6.52749013901, 5.74442911148, 5.39347267151, 4.78296422958, 2.75704550743, 2.56340193748, 2.53265929222, 2.66454219818, 2.52526903152, 1.94095313549, 1.17261219025, 0.724039316177, 0.436707347631, 0.184323042631, 0.0403402000666, 0.00655761314556, 0.000799455621745, 2.56758248725e-05], "dmean2": [0.090246103704, 0.880719721317, 2.56339454651, 2.43672919273, 4.05371046066, 8.86365413666, 9.76752853394, 12.204577446, 14.4924068451, 25.4897556305, 30.6115703583, 31.940618515, 24.2625713348, 31.7426395416, 33.7590255737, 18.5017280579, 27.3606281281, 31.2784805298, 32.8071899414, 24.5532951355, 14.5514230728, 11.6061573029, 10.6044616699, 9.39588260651, 8.76569366455, 7.88465642929, 4.47502994537, 4.16745758057, 4.03664970398, 4.10601472855, 3.85010886192, 2.88230586052, 1.68352162838, 1.05311906338, 0.632887482643, 0.260426729918, 0.0570430457592, 0.0094536235556, 0.00117419008166, 3.72906797566e-05], "max": [4.03585290909, 33.6043739319, 86.2223815918, 104.599807739, 99.2357940674, 304.295440674, 305.689941406, 432.751708984, 753.372436523, 1198.29748535, 1729.77270508, 1933.11474609, 1779.22302246, 1947.82543945, 2139.51708984, 1197.73999023, 1878.51452637, 1569.90222168, 2087.31933594, 1099.7208252, 831.735473633, 613.445129395, 428.611206055, 319.05355835, 393.06048584, 249.216964722, 175.519317627, 101.655982971, 142.776641846, 352.611663818, 390.398468018, 277.996520996, 157.936782837, 84.9083175659, 48.0596809387, 17.4327507019, 2.69063639641, 0.738047480583, 0.0713429301977, 0.0019494331209], "dvar": [0.0421860963106, 3.44199180603, 26.1009407043, 24.7584342957, 38.2845726013, 284.386138916, 201.237960815, 307.010772705, 649.303833008, 2084.53149414, 3978.98535156, 4874.00146484, 2580.48217773, 5579.96777344, 5067.46923828, 987.731018066, 3284.01123047, 2987.53295898, 4004.25878906, 1789.08764648, 657.147094727, 331.558929443, 220.723968506, 145.80557251, 134.372787476, 102.732460022, 41.2378501892, 27.5270996094, 31.346364975, 45.8367919922, 80.6694869995, 51.1580505371, 16.8486366272, 5.95058822632, 2.32481646538, 0.32205671072, 0.0121234478429, 0.000346266228007, 6.2353942667e-06, 5.20514920055e-09], "mean": [0.0890064388514, 1.00399851799, 2.63863945007, 2.15135622025, 3.99176859856, 9.78501605988, 12.7429475784, 16.6548595428, 20.3130302429, 29.3472766876, 36.921672821, 37.1640777588, 30.3633079529, 37.0236854553, 38.6308708191, 22.0222949982, 30.2615814209, 35.1820259094, 37.1161651611, 31.5068035126, 21.8646316528, 16.0961380005, 14.5853185654, 13.6415100098, 13.1076374054, 11.4654073715, 7.06811523438, 6.09925079346, 6.06108999252, 6.22645998001, 5.57630968094, 4.19643211365, 2.48190569878, 1.46098053455, 0.772139370441, 0.294967412949, 0.0623101368546, 0.00937571469694, 0.000969452143181, 5.43040951015e-05], "dvar2": [0.107438504696, 9.77771568298, 74.9676055908, 69.2700805664, 106.991043091, 813.663452148, 499.885437012, 776.773864746, 1563.57971191, 4932.08496094, 8442.15039062, 11153.5634766, 6199.07226562, 13469.0507812, 14603.6074219, 2552.57128906, 8049.83300781, 7578.05712891, 9164.67675781, 4270.71484375, 1517.75036621, 776.232299805, 563.289306641, 383.837005615, 349.251464844, 271.682739258, 110.782226562, 68.797706604, 71.9623641968, 99.7845458984, 178.947647095, 103.158378601, 32.2007369995, 11.6304111481, 4.47302961349, 0.665438473225, 0.024366369471, 0.000701515295077, 1.3371982277e-05, 1.12760041304e-08], "min": [8.53027419232e-23, 6.93265301844e-22, 9.24938780283e-22, 5.32860299422e-21, 3.45942667988e-20, 2.06564770413e-20, 9.70139846752e-20, 1.45993849673e-19, 2.12677208625e-19, 2.08066012752e-19, 2.78418757825e-19, 3.49202308901e-19, 8.97475041393e-19, 1.03325053509e-18, 8.64475394638e-19, 2.3165004871e-18, 2.249450881e-18, 2.91487322284e-18, 4.81369692464e-18, 3.0947926575e-18, 4.54376679766e-18, 6.26456965111e-18, 6.19805109497e-18, 7.94644786647e-18, 7.51435932016e-18, 8.61814664801e-18, 1.12502998772e-17, 1.1020485942e-17, 1.04094939456e-17, 1.37620710304e-17, 1.32687810449e-17, 1.43471962618e-17, 1.11949474322e-17, 9.91101588336e-18, 7.06459971442e-18, 4.8988299397e-18, 2.62345170278e-18, 1.07374981487e-18, 2.81928614411e-19, 3.15777588247e-20], "var": [0.0493857003748, 3.12923979759, 21.9636154175, 21.5010166168, 41.7128639221, 375.476257324, 550.299194336, 766.577087402, 1430.45129395, 4420.87841797, 11033.9423828, 10311.2080078, 6096.60205078, 12400.2128906, 10017.1152344, 1838.28112793, 7024.43212891, 5853.40429688, 7590.62353516, 5510.51367188, 2537.65356445, 967.684753418, 629.349853516, 414.97946167, 387.359008789, 290.798217773, 104.61920929, 76.8103256226, 99.548828125, 165.579971313, 277.784637451, 177.916946411, 54.6427879333, 17.3335494995, 5.88319635391, 0.631683349609, 0.0234334543347, 0.000622183433734, 8.80161405803e-06, 8.55777582132e-09], "median": [0.0299468319863, 0.557447731495, 1.45634770393, 1.04280126095, 1.94098472595, 3.51757764816, 4.46612024307, 7.3288564682, 9.8453836441, 11.1160907745, 11.2334880829, 10.7282333374, 10.2744131088, 10.1568861008, 11.7320928574, 7.67083787918, 9.70959663391, 9.99249267578, 10.3575296402, 9.14992046356, 7.34274339676, 5.85136556625, 5.3657784462, 5.98201751709, 5.70353269577, 4.66724824905, 3.04244995117, 2.37821054459, 2.23568630219, 2.24630641937, 1.79554605484, 1.27480101585, 0.709536552429, 0.350755095482, 0.152874320745, 0.0547687336802, 0.0111303403974, 0.00134201627225, 6.40222278889e-05, 2.94001965813e-05]}, "spectral_energy": {"dmean": 0.0063978144899, "dmean2": 0.0102621801198, "max": 0.223937511444, "dvar": 0.000177322348463, "mean": 0.0231988057494, "dvar2": 0.000457619869849, "min": 1.02812515922e-20, "var": 0.000456913141534, "median": 0.0195381939411}, "zerocrossingrate": {"dmean": 0.00898676086217, "dmean2": 0.0105368942022, "max": 0.5234375, "dvar": 0.000203885516385, "mean": 0.0619009509683, "dvar2": 0.000261077453615, "min": 0.00390625, "var": 0.00181681104004, "median": 0.0556640625}, "spectral_energyband_high": {"dmean": 0.000333501229761, "dmean2": 0.000467914156