{"tonal": {"hpcp": {"dvar": [0.026527447626, 0.0317982621491, 0.0368296317756, 0.03784840554, 0.0427420884371, 0.0473287254572, 0.0611011758447, 0.0687834396958, 0.0618067719042, 0.0484250150621, 0.0442166514695, 0.0300132762641, 0.0228307936341, 0.0147663448006, 0.0142278680578, 0.0158268306404, 0.0172302126884, 0.0135553255677, 0.0205654185265, 0.0267395917326, 0.0196318011731, 0.0260863360018, 0.0271785110235, 0.0370517633855, 0.0916676595807, 0.0445673130453, 0.0343606844544, 0.0363877937198, 0.0339707657695, 0.0334631465375, 0.0376989208162, 0.0324238538742, 0.0230115260929, 0.022941833362, 0.0240708757192, 0.0230475142598], "var": [0.0306026674807, 0.045904032886, 0.0355455502868, 0.0381762422621, 0.0456222966313, 0.0479862876236, 0.105116792023, 0.139331117272, 0.074303150177, 0.0848981589079, 0.109253361821, 0.0420244187117, 0.0243951585144, 0.0194225460291, 0.013980994001, 0.0228067189455, 0.0375070683658, 0.0186546072364, 0.0421003140509, 0.0649503394961, 0.0227554086596, 0.030527215451, 0.0503719747066, 0.0622895807028, 0.117955051363, 0.0599604994059, 0.0363193228841, 0.055259950459, 0.0911944881082, 0.0536689162254, 0.053434856236, 0.0475240387022, 0.0211560502648, 0.0197382029146, 0.0189295429736, 0.0168427098542], "median": [0.0296307019889, 0.028148882091, 0.0328392162919, 0.0590266697109, 0.0733017846942, 0.0854265168309, 0.169451385736, 0.208815261722, 0.147817373276, 0.0710983425379, 0.0460671260953, 0.0422756150365, 0.0339774973691, 0.0283784605563, 0.0243141539395, 0.0249427706003, 0.0257576033473, 0.040171854198, 0.0661526918411, 0.0636031478643, 0.0426802001894, 0.0261776670814, 0.0286849662662, 0.0461863428354, 0.0466050431132, 0.0426671802998, 0.0311994496733, 0.0843472108245, 0.0961634367704, 0.0826508104801, 0.0589598938823, 0.0467812418938, 0.0310202129185, 0.0244086608291, 0.0226573199034, 0.0257174223661], "max": [1, 1, 1, 1, 1, 1, 1, 1, 1, 1, 1, 1, 1, 1, 1, 1, 1, 1, 1, 1, 1, 1, 1, 1, 1, 1, 1, 1, 1, 1, 1, 1, 1, 1, 1, 1], "dmean": [0.0840238630772, 0.0974683463573, 0.111433155835, 0.123767234385, 0.137211441994, 0.165044739842, 0.212101042271, 0.218201592565, 0.216941267252, 0.167836204171, 0.128390967846, 0.112634338439, 0.0828237682581, 0.068463422358, 0.061846062541, 0.0662223249674, 0.0673462450504, 0.0656603723764, 0.0929704755545, 0.104438997805, 0.0838125124574, 0.0888807475567, 0.0914033874869, 0.138512477279, 0.20452195406, 0.149999067187, 0.11169911176, 0.139647528529, 0.133794561028, 0.131125867367, 0.131424352527, 0.105189263821, 0.0776736363769, 0.0743431150913, 0.0723769962788, 0.0728910937905], "dmean2": [0.149341523647, 0.1721996665, 0.200386986136, 0.219342261553, 0.243202790618, 0.294388741255, 0.368619471788, 0.372241407633, 0.383236408234, 0.292535364628, 0.220737740397, 0.193721577525, 0.144665822387, 0.118245244026, 0.108665332198, 0.113974370062, 0.115217633545, 0.111530989408, 0.155977547169, 0.176338732243, 0.143954560161, 0.155526891351, 0.158028453588, 0.242102637887, 0.363263130188, 0.262881457806, 0.196098059416, 0.238845005631, 0.223605066538, 0.226204901934, 0.231415599585, 0.18520192802, 0.138901010156, 0.132684454322, 0.129528820515, 0.13142465055], "mean": [0.0940585657954, 0.114487819374, 0.107863277197, 0.136282667518, 0.156111210585, 0.170023366809, 0.30868062377, 0.376838594675, 0.254318714142, 0.217875063419, 0.21912150085, 0.134482994676, 0.0889427065849, 0.0759442970157, 0.0646442621946, 0.0808501765132, 0.0957056358457, 0.0857580155134, 0.152986109257, 0.178567811847, 0.104148566723, 0.0977353528142, 0.123544275761, 0.179097428918, 0.232807770371, 0.169208943844, 0.109014220536, 0.184669360518, 0.237331241369, 0.178676083684, 0.156047791243, 0.135870218277, 0.0816312134266, 0.0736710801721, 0.0694123581052, 0.0663302093744], "dvar2": [0.0729411765933, 0.0850099623203, 0.102134376764, 0.103751070797, 0.117672301829, 0.133307740092, 0.161964029074, 0.164260283113, 0.170731723309, 0.121211066842, 0.100625529885, 0.0787212103605, 0.0603880994022, 0.0390973724425, 0.0390755496919, 0.0420192442834, 0.0452764816582, 0.0363735035062, 0.0546127967536, 0.0711695551872, 0.0523993596435, 0.069994404912, 0.0707063376904, 0.0907719731331, 0.20974072814, 0.112862460315, 0.0925682932138, 0.0943620800972, 0.0833465754986, 0.0906029641628, 0.102212585509, 0.0870280563831, 0.0644259154797, 0.0645638108253, 0.0673855692148, 0.0664141997695], "min": [0, 0, 0, 0, 0, 0, 0, 0, 0, 0, 0, 0, 0, 0, 0, 0, 0, 0, 0, 0, 0, 0, 0, 0, 0, 0, 0, 0, 0, 0, 0, 0, 0, 0, 0, 0]}, "key_key": "E", "thpcp": [1, 0.67487436533, 0.578165471554, 0.581473112106, 0.356871604919, 0.23602335155, 0.20153003931, 0.171543627977, 0.214548557997, 0.253969848156, 0.227572277188, 0.405972510576, 0.473857551813, 0.276374459267, 0.259355992079, 0.327844023705, 0.475262969732, 0.617791712284, 0.449022322893, 0.289286255836, 0.49004894495, 0.629795491695, 0.474144876003, 0.414097160101, 0.360552817583, 0.216621160507, 0.195497706532, 0.184196516871, 0.176017552614, 0.249599084258, 0.303811281919, 0.286232024431, 0.361647307873, 0.414265453815, 0.451183527708, 0.819132208824], "chords_key": "B", "tuning_equal_tempered_deviation": 0.215670272708, "tuning_frequency": 434.193115234, "tuning_diatonic_strength": 0.467312753201, "chords_histogram": [8.94988059998, 1.62291169167, 12.7446298599, 2.1718378067, 1.62291169167, 1.47971355915, 0, 9.80906963348, 2.12410497665, 32.6252975464, 0.88305491209, 1.4081145525, 0.405727922916, 0, 1.4081145525, 0.167064443231, 5.82338905334, 3.15035796165, 0.0715990439057, 0.620525062084, 1.50357997417, 4.84486865997, 3.9856801033, 2.57756567001], "key_strength": 0.654222905636, "key_scale": "minor", "chords_strength": {"dvar": 8.89698640094e-05, "var": 0.00789121817797, "median": 0.465181350708, "max": 0.734799563885, "dmean": 0.011012381874, "dmean2": 0.0115437954664, "mean": 0.468254715204, "dvar2": 0.000116618524771, "min": 0.236653104424}, "chords_number_rate": 0.0040572793223, "tuning_nontempered_energy_ratio": 0.920822381973, "hpcp_entropy": {"dvar": 0.267186164856, "var": 0.58514970541, "median": 2.08243942261, "max": 4.68872117996, "dmean": 0.616167008877, "dmean2": 1.03628969193, "mean": 2.10770750046, "dvar2": 0.722912192345, "min": 0}, "chords_changes_rate": 0.0673031061888, "chords_scale": "major"}, "rhythm": {"bpm_histogram_first_peak_spread": {"dvar": 0, "var": 0, "median": 0.45396822691, "max": 0.45396822691, "dmean": 0, "dmean2": 0, "mean": 0.45396822691, "dvar2": 0, "min": 0.45396822691}, "bpm_histogram_first_peak_weight": {"dvar": 0, "var": 0, "median": 0.52599388361, "max": 0.52599388361, "dmean": 0, "dmean2": 0, "mean": 0.52599388361, "dvar2": 0, "min": 0.52599388361}, "bpm_histogram_first_peak_bpm": {"dvar": 0, "var": 0, "median": 101, "max": 101, "dmean": 0, "dmean2": 0, "mean": 101, "dvar2": 0, "min": 101}, "bpm": 101.851097107, "bpm_histogram_second_peak_weight": {"dvar": 0, "var": 0, "median": 0.0214067287743, "max": 0.0214067287743, "dmean": 0, "dmean2": 0, "mean": 0.0214067287743, "dvar2": 0, "min": 0.0214067287743}, "beats_loudness": {"dvar": 0.00027759509976, "var": 0.000401056837291, "median": 0.038785584271, "max": 0.110238328576, "dmean": 0.017486570403, "dmean2": 0.0306257996708, "mean": 0.0404691286385, "dvar2": 0.00079832872143, "min": 4.19698735641e-05}, "beats_loudness_band_ratio": {"dvar": [0.0620100684464, 0.00538679072633, 0.0125506576151, 0.00748947262764, 0.00574856437743, 0.00435339473188], "var": [0.0838294252753, 0.007936373353, 0.017016204074, 0.012226193212, 0.00789930578321, 0.00584669271484], "median": [0.371610552073, 0.0859020724893, 0.116703212261, 0.0934372767806, 0.0697757974267, 0.0806051343679], "max": [0.977061808109, 0.521195828915, 0.550784051418, 0.777579784393, 0.505725860596, 0.355852544308], "dmean": [0.337382912636, 0.0855188891292, 0.140054032207, 0.09425663203, 0.0894954130054, 0.0962279960513], "dmean2": [0.645851671696, 0.154513373971, 0.255237311125, 0.1654445678, 0.165608093143, 0.184857293963], "mean": [0.466277837753, 0.106847643852, 0.148206755519, 0.115782029927, 0.0953129827976, 0.0947537571192], "dvar2": [0.186314001679, 0.0161185413599, 0.0389651954174, 0.0207646284252, 0.0167486164719, 0.0135474866256], "min": [0.00022753905796, 0.00417950563133, 0.00235874066129, 0.0009982555639, 0.000738195260055, 0.000619240920059]}, "bpm_histogram_second_peak_bpm": {"dvar": 0, "var": 0, "median": 89, "max": 89, "dmean": 0, "dmean2": 0, "mean": 89, "dvar2": 0, "min": 89}, "onset_rate": 3.23312878609, "beats_count": 328, "beats_position": [0.557278871536, 1.13777780533, 1.71827661991, 2.29877543449, 2.89088439941, 3.48299312592, 4.06349182129, 4.65560102463, 5.24770975113, 5.85142850876, 6.43192720413, 7.01242637634, 7.59292507172, 8.17342376709, 8.76553249359, 9.34603118896, 9.92653083801, 10.5186395645, 11.110748291, 11.7028570175, 12.294965744, 12.8870744705, 13.4675731659, 14.0596818924, 14.6517915726, 15.2439002991, 15.8360090256, 16.4165077209, 17.0086174011, 17.600725174, 18.181224823, 18.7617225647, 19.3538322449, 19.9459400177, 20.5264396667, 21.1069393158, 21.6990470886, 22.2911567688, 22.8716545105, 23.4521541595, 24.0442619324, 24.6363716125, 25.2168693542, 25.8089790344, 26.4010887146, 26.9815864563, 27.5620861053, 28.1541938782, 28.7463035583, 29.3384113312, 29.9305210114, 30.5342407227, 31.1147384644, 31.7068481445, 32.2989578247, 32.8910636902, 33.4715652466, 34.0636711121, 34.6441726685, 35.2362823486, 35.8283882141, 36.4088897705, 37.000995636, 37.5931053162, 38.1736030579, 38.7773246765, 39.3578224182, 39.9383201599, 40.5188217163, 41.099319458, 41.6914291382, 42.2835350037, 42.8756446838, 43.467754364, 44.0598640442, 44.6519737244, 45.2324714661, 45.8129692078, 46.4050788879, 46.9971885681, 47.5892944336, 48.1814041138, 48.7735137939, 49.3540115356, 49.9461212158, 50.5266189575, 51.1071205139, 51.6876182556, 52.2797279358, 52.871837616, 53.4523353577, 54.0444450378, 54.6365509033, 55.2286605835, 55.8091583252, 56.4012680054, 56.9933776855, 57.5854873657, 58.1775970459, 58.7697029114, 59.3618125916, 59.9539222717, 60.5344200134, 61.1033096313, 61.6954193115, 62.2991371155, 62.8796348572, 63.4601364136, 64.0406341553, 64.6327438354, 65.2248535156, 65.8053512573, 66.409072876, 67.0127868652, 67.5932846069, 68.1853942871, 68.7775039673, 69.358001709, 69.9384994507, 70.5189971924, 71.0995025635, 71.7032165527, 72.2837142944, 72.8642196655, 73.4563217163, 74.0484313965, 74.6289291382, 75.2210388184, 75.8131484985, 76.4168701172, 77.0089797974, 77.6010894775, 78.1931991577, 78.7853012085, 79.3658065796, 79.9463043213, 80.526802063, 81.1072998047, 81.6994094849, 82.291519165, 82.8720169067, 83.4525146484, 84.0446243286, 84.6367340088, 85.2172317505, 85.8209533691, 86.4130630493, 87.0051651001, 87.5856704712, 88.1661682129, 88.7582778931, 89.3503875732, 89.942489624, 90.5229949951, 91.1150970459, 91.695602417, 92.2877044678, 92.8798141479, 93.4719238281, 94.0524215698, 94.6329269409, 95.2250289917, 95.8171386719, 96.4092483521, 97.0013580322, 97.5934677124, 98.1739654541, 98.7544631958, 99.3349609375, 99.9270706177, 100.507568359, 101.09967804, 101.69178772, 102.2838974, 102.864395142, 103.456504822, 104.048614502, 104.652336121, 105.244445801, 105.836547852, 106.417053223, 106.997550964, 107.578048706, 108.158546448, 108.750656128, 109.342765808, 109.92326355, 110.503761292, 111.095870972, 111.687980652, 112.280090332, 112.872200012, 113.464309692, 114.056411743, 114.636917114, 115.240631104, 115.844352722, 116.436462402, 117.040176392, 117.632286072, 118.224395752, 118.816505432, 119.408615112, 120.000724792, 120.685714722, 121.370697021, 122.044082642, 122.717460632, 123.390838623, 124.064216614, 124.749206543, 125.399360657, 126.0495224, 126.664848328, 127.268569946, 127.860679626, 128.464401245, 129.056503296, 129.648620605, 130.240722656, 130.821228027, 131.40171814, 131.993835449, 132.5859375, 133.166442871, 133.758544922, 134.350662231, 134.931152344, 135.511657715, 136.092147827, 136.684265137, 137.276367188, 137.868484497, 138.460586548, 139.052688599, 139.644805908, 140.225296021, 140.81741333, 141.397918701, 141.990020752, 142.570526123, 143.162628174, 143.754730225, 144.335235596, 144.915740967, 145.507843018, 146.099945068, 146.703674316, 147.295776367, 147.899505615, 148.514831543, 149.141769409, 149.780319214, 150.395645142, 151.010971069, 151.626296997, 152.253234863, 152.856964111, 153.449066162, 154.041183472, 154.633285522, 155.225387573, 155.817504883, 156.409606934, 157.001724243, 157.593826294, 158.174331665, 158.766433716, 159.346939087, 159.927429199, 160.519546509, 161.123260498, 161.703765869, 162.284255981, 162.876373291, 163.468475342, 164.048980713, 164.641082764, 165.233200073, 165.825302124, 166.417419434, 166.997909546, 167.578414917, 168.170516968, 168.762634277, 169.34312439, 169.935241699, 170.52734375, 171.119445801, 171.699951172, 172.280456543, 172.872558594, 173.453063965, 174.033554077, 174.625671387, 175.229385376, 175.821487427, 176.413604736, 176.994094849, 177.57460022, 178.155105591, 178.747207642, 179.339309692, 179.94303894, 180.535140991, 181.115646362, 181.696136475, 182.276641846, 182.857131958, 183.460861206, 184.052963257, 184.645080566, 185.237182617, 185.829299927, 186.409790039, 186.99029541, 187.570785522, 188.174514771, 188.755004883, 189.335510254, 189.927612305, 190.519729614, 191.111831665, 191.703948975, 192.296051025, 192.888153076, 193.491882324, 194.095596313], "danceability": 1.08827531338, "bpm_histogram_second_peak_spread": {"dvar": 0, "var": 0, "median": 0.222222208977, "max": 0.222222208977, "dmean": 0, "dmean2": 0, "mean": 0.222222208977, "dvar2": 0, "min": 0.222222208977}}, "lowlevel": {"spectral_flux": {"dvar": 0.000700895616319, "var": 0.00206748163328, "median": 0.0897238105536, "max": 0.283841252327, "dmean": 0.024652145803, "dmean2": 0.0390628799796, "mean": 0.0935146361589, "dvar2": 0.00180183083285, "min": 6.40576550137e-11}, "spectral_rolloff": {"dvar": 1041169.8125, "var": 3204195.25, "median": 1636.5234375, "max": 19229.1503906, "dmean": 645.085632324, "dmean2": 1048.7244873, "mean": 1928.66271973, "dvar2": 2167331.25, "min": 21.533203125}, "barkbands_flatness_db": {"dvar": 0.000419450865593, "var": 0.0037780709099, "median": 0.100104086101, "max": 0.384411901236, "dmean": 0.0203201118857, "dmean2": 0.0297341998667, "mean": 0.119328767061, "dvar2": 0.000897276040632, "min": 0.0197940170765}, "spectral_centroid": {"dvar": 83220.6484375, "var": 660922.5, "median": 1885.54870605, "max": 11485.0556641, "dmean": 271.190216064, "dmean2": 429.166687012, "mean": 1775.60083008, "dvar2": 196715.09375, "min": 139.120269775}, "melbands_skewness": {"dvar": 0.989016056061, "var": 4.82460832596, "median": 2.12334918976, "max": 19.6754627228, "dmean": 0.785931766033, "dmean2": 1.18321657181, "mean": 2.84015989304, "dvar2": 2.2335858345, "min": -0.752195358276}, "melbands": {"dvar": [1.24558400785e-05, 3.44562408827e-06, 5.5345049077e-07, 3.94059441078e-07, 8.30204385238e-08, 8.49690735549e-08, 3.61136542892e-08, 3.00643279161e-08, 1.58777467618e-07, 2.27343221582e-07, 4.13829646106e-08, 3.62589709368e-08, 3.19547872607e-08, 3.75801860741e-08, 6.88859147502e-09, 4.17093470872e-09, 6.08784800349e-09, 3.81597331511e-09, 3.53362539229e-09, 1.64290525628e-09, 1.49657353177e-09, 9.81091319296e-10, 6.02877248124e-10, 3.81206732847e-10, 5.24844223637e-10, 5.68105340548e-10, 5.83234460727e-10, 1.49837670049e-10, 7.73481070859e-11, 1.20735740849e-10, 4.35107332108e-11, 1.95904056866e-11, 1.40215790367e-11, 1.69513847403e-11, 1.36556061597e-11, 1.31703857889e-11, 3.11398580533e-11, 1.14064964071e-11, 7.75927933017e-12, 5.25930297576e-12], "var": [1.85186290764e-05, 4.25569942308e-06, 1.16293358587e-06, 5.53372899503e-07, 1.57936838718e-07, 1.34672077934e-07, 5.90372195575e-08, 6.93011443786e-08, 4.35932975051e-07, 5.11582584295e-07, 8.63280291696e-08, 8.11146136925e-08, 1.14426519815e-07, 6.54672405176e-08, 1.61125175424e-08, 8.9543235049e-09, 3.89355747643e-08, 5.70742830774e-09, 1.01442285683e-08, 3.31827632039e-09, 3.96443544659e-09, 1.88875670659e-09, 1.10801789965e-09, 6.9958161486e-10, 9.68436886239e-10, 9.0506518946e-10, 1.2674270522e-09, 3.57338103552e-10, 1.32243896389e-10, 1.7606760494e-10, 8.28569504674e-11, 3.76594658236e-11, 3.11794097485e-11, 4.08982257782e-11, 3.47985529281e-11, 2.47759417149e-11, 4.3110331277e-11, 1.75760725418e-11, 1.29324597906e-11, 8.69336547193e-12], "median": [0.000357675307896, 0.00196934118867, 0.00132272776682, 0.00036111776717, 0.000170929546584, 8.19253982627e-05, 4.70129853056e-05, 5.24381975993e-05, 0.000127231585793, 0.000110465465696, 3.40557344316e-05, 3.24862849084e-05, 3.79519151466e-05, 2.6192601581e-05, 2.76815208053e-05, 1.66000718309e-05, 2.74581707345e-05, 2.3182197765e-05, 1.85706030607e-05, 1.45204667206e-05, 1.76250086952e-05, 1.9942961444e-05, 1.88856392924e-05, 1.36138905873e-05, 1.95496231754e-05, 1.89661714103e-05, 2.39238343056e-05, 1.53326727741e-05, 8.18568605609e-06, 9.67187315837e-06, 7.58562055125e-06, 4.10537541029e-06, 3.42183716384e-06, 2.2900244403e-06, 1.83831650702e-06, 1.38383040849e-06, 9.76644173534e-07, 7.44876160752e-07, 5.00211626786e-07, 4.39767944727e-07], "max": [0.035473331809, 0.0332542285323, 0.00975368265063, 0.00853819958866, 0.00470982072875, 0.00562149146572, 0.00447646668181, 0.00317549146712, 0.00781374424696, 0.00793011952192, 0.00352183030918, 0.00406166678295, 0.00312791788019, 0.00310480059125, 0.0020871439483, 0.00142238370609, 0.00200177612714, 0.00138795329258, 0.00100401253439, 0.00095961347688, 0.00143136875704, 0.000805781746749, 0.000407383224228, 0.000358682620572, 0.000543374451809, 0.000544847454876, 0.000462150142994, 0.000280881125946, 0.000114784219477, 0.000132770597702, 8.09193661553e-05, 6.396779645e-05, 9.10587259568e-05, 0.000168883430888, 9.72600319074e-05, 7.0486596087e-05, 0.000130858854391, 5.67810457142e-05, 5.93127842876e-05, 4.44246543339e-05], "dmean": [0.00150228606071, 0.00132931699045, 0.000630858819932, 0.000346289947629, 0.000169648395968, 0.000135689013405, 7.55323271733e-05, 8.27191834105e-05, 0.000184697375516, 0.000220349131268, 9.30080277612e-05, 7.59508984629e-05, 8.70017756824e-05, 7.26321959519e-05, 3.94013841287e-05, 2.8863971238e-05, 4.04988095397e-05, 2.87196398858e-05, 3.11710027745e-05, 1.85494609468e-05, 1.9265939045e-05, 1.78687332664e-05, 1.52261391122e-05, 1.1753480976e-05, 1.42471262734e-05, 1.39447065521e-05, 1.668245568e-05, 9.03173895495e-06, 5.71253485759e-06, 7.16190243111e-06, 4.59307511846e-06, 2.89604463433e-06, 2.41172483584e-06, 1.88816966329e-06, 1.70898147189e-06, 1.49764025537e-06, 1.52690279265e-06, 1.02994249573e-06, 8.13885719708e-07, 6.94225832376e-07], "dmean2": [0.00215852586553, 0.00225603836589, 0.00105321779847, 0.000588968512602, 0.000279598549241, 0.00021719612414, 0.000124385973322, 0.000134915404487, 0.000293492805213, 0.000331430695951, 0.000141718744999, 0.000115214184916, 0.000126146042021, 0.00011068747699, 6.20658902335e-05, 4.48556347692e-05, 6.14511955064e-05, 4.52479871456e-05, 4.75672495668e-05, 2.93465764116e-05, 3.08579365083e-05, 2.90211883112e-05, 2.49716304097e-05, 1.89308284462e-05, 2.32840466197e-05, 2.315868187e-05, 2.76296195807e-05, 1.47907067003e-05, 9.36303149501e-06, 1.20002132462e-05, 7.54592974772e-06, 4.64425147584e-06, 3.84578197554e-06, 2.87522129838e-06, 2.61364948528e-06, 2.28710996453e-06, 2.3240381779e-06, 1.58334751177e-06, 1.24365192278e-06, 1.07614357603e-06], "mean": [0.00179881078657, 0.00239536305889, 0.00148862134665, 0.000603688356932, 0.000296927930322, 0.000202895622351, 0.000115611648653, 0.000144451361848, 0.000413640926126, 0.000389213702874, 0.000141711279866, 0.000132399887661, 0.000165295001352, 0.000113120571768, 7.35592329875e-05, 5.04214440298e-05, 0.000100851371826, 4.7172907216e-05, 6.10348215559e-05, 3.13997152261e-05, 3.35624208674e-05, 3.17959456879e-05, 2.78236911981e-05, 2.15672516788e-05, 2.68382700597e-05, 2.5868162993e-05, 3.25617475028e-05, 1.90150094568e-05, 1.1010284652e-05, 1.28514702737e-05, 9.35384559853e-06, 5.61011438549e-06, 4.76073273603e-06, 3.80174878956e-06, 3.36158996106e-06, 2.74479907603e-06, 2.38807365349e-06, 1.6698871832e-06, 1.29675436256e-06, 1.13186467843e-06], "dvar2": [2.23713905143e-05, 9.6096409834e-06, 1.49155982854e-06, 1.10051814772e-06, 2.06686706861e-07, 1.9913646554e-07, 9.09570587737e-08, 7.44300052702e-08, 3.90728814637e-07, 4.62193668227e-07, 9.04633239429e-08, 7.60223102247e-08, 6.62922587935e-08, 8.89512392632e-08, 1.66388858247e-08, 1.01466932634e-08, 1.37534730271e-08, 9.12615938375e-09, 8.07230637889e-09, 3.91847132519e-09, 3.56214657771e-09, 2.42884579116e-09, 1.5783507834e-09, 9.69054170241e-10, 1.36154787445e-09, 1.50094592311e-09, 1.53337298414e-09, 3.73745451254e-10, 1.99092811681e-10, 3.24103965887e-10, 1.12217159176e-10, 4.71550264114e-11, 3.32754865329e-11, 3.50236471769e-11, 2.62671360357e-11, 2.79989399721e-11, 6.93079968417e-11, 2.53457359267e-11, 1.72660410275e-11, 1.17486168363e-11], "min": [3.08370066586e-24, 1.01887085429e-24, 2.55761997779e-24, 1.09238253408e-24, 7.03412971082e-25, 2.69966168074e-24, 1.98455690357e-24, 2.45173393949e-24, 2.53519857871e-24, 1.35419570636e-24, 3.50494252849e-24, 4.28882769355e-24, 4.84900097779e-24, 3.97638868241e-24, 2.31583411034e-24, 3.87018907191e-24, 3.8598336948e-24, 4.73946369679e-24, 3.39279963992e-24, 3.35465032654e-24, 4.42077138526e-24, 4.17486766389e-24, 6.16339155174e-24, 6.55065046986e-24, 4.49125097955e-24, 4.89686038005e-24, 8.10146581254e-24, 5.0188545636e-24, 7.04669803997e-24, 6.3861027625e-24, 5.8855843232e-24, 7.31618160267e-24, 5.85533032419e-24, 7.85494756852e-24, 6.95948236715e-24, 7.4840874909e-24, 7.97768249246e-24, 7.23155812678e-24, 7.18772585944e-24, 6.90354266264e-24]}, "spectral_decrease": {"dvar": 8.54868332889e-18, "var": 2.03978768589e-17, "median": -7.37320071664e-09, "max": 1.18972215829e-28, "dmean": 2.31251906513e-09, "dmean2": 3.53663298647e-09, "mean": -7.90276288853e-09, "dvar2": 1.63820258271e-17, "min": -3.03002458679e-08}, "barkbands_kurtosis": {"dvar": 87.2593002319, "var": 249.703155518, "median": 0.181890487671, "max": 230.922927856, "dmean": 3.57054138184, "dmean2": 5.63495826721, "mean": 5.42427110672, "dvar2": 219.816482544, "min": -1.87435948849}, "silence_rate_30dB": {"dvar": 0.000238611391978, "var": 0.000119318727229, "median": 1, "max": 1, "dmean": 0.000238720458583, "dmean2": 0.000477497902466, "mean": 0.999880671501, "dvar2": 0.000715810514521, "min": 0}, "gfcc": {"mean": [17.8079605103, 77.0079727173, -115.856147766, 44.596321106, -50.8534469604, 14.0971679688, -26.9762134552, 9.48708057404, -27.74168396, -0.471157580614, -23.7808246613, -6.91229248047, -17.518119812], "cov": [[13157.9365234, -1585.11462402, -292.614044189, -156.508331299, -607.292785645, 502.466094971, -173.538574219, 538.45324707, -254.436141968, 289.001190186, -345.877929688, 58.9817199707, -265.436584473], [-1585.11462402, 1199.72302246, -78.2889938354, 93.4641189575, 114.505203247, -162.872344971, 49.506526947, -161.706207275, 60.9648551941, -123.056900024, 139.606994629, -42.4320335388, 84.4170761108], [-292.614044189, -78.2889938354, 958.119628906, 71.9737243652, 38.8650093079, 62.448474884, -64.6783828735, 52.2805366516, 22.4437484741, 34.7562332153, 24.0140209198, 76.7567901611, -8.29707241058], [-156.508331299, 93.4641189575, 71.9737243652, 420.286682129, 92.4232177734, -0.194184720516, 32.4131011963, -19.7559776306, 47.5504760742, 3.5238237381, 20.4975452423, -9.61694049835, 58.3485031128], [-607.292785645, 114.505203247, 38.8650093079, 92.4232177734, 279.591827393, 11.621134758, 84.5118408203, -7.42169618607, 19.9460678101, 12.5447540283, 27.8105773926, 14.2693843842, 24.4928340912], [502.466094971, -162.872344971, 62.448474884, -0.194184720516, 11.621134758, 176.294464111, 54.7446060181, 39.4825172424, -37.9656600952, 19.2803974152, 10.9949235916, 20.9585018158, -13.2816438675], [-173.538574219, 49.506526947, -64.6783828735, 32.4131011963, 84.5118408203, 54.7446060181, 198.16885376, 35.5339736938, -8.15979194641, 3.56105160713, 19.973575592, 7.23619937897, 0.105620823801], [538.45324707, -161.706207275, 52.2805366516, -19.7559776306, -7.42169618607, 39.4825172424, 35.5339736938, 137.546157837, 38.7923355103, 35.0833625793, -35.8968811035, -0.419674664736, -15.0929498672], [-254.436141968, 60.9648551941, 22.4437484741, 47.5504760742, 19.9460678101, -37.9656600952, -8.15979194641, 38.7923355103, 126.489601135, 28.1439304352, -5.12686157227, -23.9120159149, 10.3610239029], [289.001190186, -123.056900024, 34.7562332153, 3.5238237381, 12.5447540283, 19.2803974152, 3.56105160713, 35.0833625793, 28.1439304352, 90.7340393066, 11.1328611374, 3.70641040802, -17.4293766022], [-345.877929688, 139.606994629, 24.0140209198, 20.4975452423, 27.8105773926, 10.9949235916, 19.973575592, -35.8968811035, -5.12686157227, 11.1328611374, 100.90776062, 31.3514595032, 13.944319725], [58.9817199707, -42.4320335388, 76.7567901611, -9.61694049835, 14.2693843842, 20.9585018158, 7.23619937897, -0.419674664736, -23.9120159149, 3.70641040802, 31.3514595032, 91.7612762451, 30.4081935883], [-265.436584473, 84.4170761108, -8.29707241058, 58.3485031128, 24.4928340912, -13.2816438675, 0.105620823801, -15.0929498672, 10.3610239029, -17.4293766022, 13.944319725, 30.4081935883, 86.4912490845]], "icov": [[0.000183522395673, -0.000186663484783, 0.000193603991647, -0.000242014226387, 0.000297739636153, -0.000473569496535, 0.000434815243352, -0.000750440463889, 0.000623515050393, -0.000731641310267, 0.000733833934646, -0.000594213954173, 0.000507195247337], [-0.000186663484783, 0.00225793500431, -0.00040205460391, 0.000512399536092, -0.000686473096721, 0.00182803231291, -0.00131993438117, 0.00182263040915, -0.00185641553253, 0.00345891481265, -0.00393174309283, 0.00265419506468, -0.00174596486613], [0.000193603991647, -0.00040205460391, 0.0015581328189, -0.000651217822451, 4.43942008133e-05, -0.00107755232602, 0.00146308343392, -0.00151130661834, 0.000454420485767, -0.000840552267618, 0.000849576026667, -0.00221670418978, 0.00155035813805], [-0.000242014226387, 0.000512399536092, -0.000651217822451, 0.00346363382414, -0.00100662384648, 0.000446480407845, -0.00120674516074, 0.0019899837207, -0.00185694219545, 0.000946705404203, -0.00144305615686, 0.00247886218131, -0.00316521595232], [0.000297739636153, -0.000686473096721, 4.43942008133e-05, -0.00100662384648, 0.00523504475132, -0.000868742645252, -0.00138841173612, -0.000255942548392, 0.000484950520331, -0.0024755790364, 0.0017621233128, -0.00164950441103, 0.000347123394022], [-0.000473569496535, 0.00182803231291, -0.00107755232602, 0.000446480407845, -0.000868742645252, 0.00999048631638, -0.00329448608682, 6.95595881552e-05, 0.000984310754575, 0.00237225438468, -0.00495589198545, 0.00259503768757, -0.00159902125597], [0.000434815243352, -0.00131993438117, 0.00146308343392, -0.00120674516074, -0.00138841173612, -0.00329448608682, 0.00902611017227, -0.00534654129297, 0.00287339487113, -0.00150595663581, 0.000963360362221, -0.00237318640575, 0.00255176331848], [-0.000750440463889, 0.00182263040915, -0.00151130661834, 0.0019899837207, -0.000255942548392, 6.95595881552e-05, -0.00534654129297, 0.0166351422668, -0.00797178409994, 0.0010137478821, 0.00121480133384, 0.00149503606372, -0.00213909335434], [0.000623515050393, -0.00185641553253, 0.000454420485767, -0.00185694219545, 0.000484950520331, 0.000984310754575, 0.00287339487113, -0.00797178409994, 0.0154960174114, -0.00718538556248, 0.00260344287381, 0.00121010339353, -0.000508495839313], [-0.000731641310267, 0.00345891481265, -0.000840552267618, 0.000946705404203, -0.0024755790364, 0.00237225438468, -0.00150595663581, 0.0010137478821, -0.00718538556248, 0.0212455820292, -0.0100267156959, 0.00337636936456, 0.000475004198961], [0.000733833934646, -0.00393174309283, 0.000849576026667, -0.00144305615686, 0.0017621233128, -0.00495589198545, 0.000963360362221, 0.00121480133384, 0.00260344287381, -0.0100267156959, 0.022102644667, -0.0100719733164, 0.00374053604901], [-0.000594213954173, 0.00265419506468, -0.00221670418978, 0.00247886218131, -0.00164950441103, 0.00259503768757, -0.00237318640575, 0.00149503606372, 0.00121010339353, 0.00337636936456, -0.0100719733164, 0.0216150265187, -0.0106097441167], [0.000507195247337, -0.00174596486613, 0.00155035813805, -0.00316521595232, 0.000347123394022, -0.00159902125597, 0.00255176331848, -0.00213909335434, -0.000508495839313, 0.000475004198961, 0.00374053604901, -0.0106097441167, 0.0196700077504]]}, "silence_rate_20dB": {"dvar": 0, "var": 0, "median": 1, "max": 1, "dmean": 0, "dmean2": 0, "mean": 1, "dvar2": 0, "min": 1}, "barkbands_skewness": {"dvar": 0.454979896545, "var": 2.4439291954, "median": 0.982556402683, "max": 12.9245271683, "dmean": 0.545376598835, "dmean2": 0.816187918186, "mean": 1.49941313267, "dvar2": 1.03973686695, "min": -2.26285529137}, "erbbands_skewness": {"dvar": 0.110517442226, "var": 0.690748691559, "median": 0.0268026981503, "max": 4.26593875885, "dmean": 0.337884664536, "dmean2": 0.50985121727, "mean": 0.0928638800979, "dvar2": 0.239291474223, "min": -4.02990865707}, "spectral_contrast_valleys": {"dvar": [0.113104909658, 0.119877770543, 0.0947158336639, 0.0782636553049, 0.067919395864, 0.0726316124201], "var": [1.88662481308, 1.82263374329, 1.83644628525, 1.71960413456, 1.93150472641, 2.34840083122], "median": [-6.97745895386, -6.72045612335, -7.15682315826, -7.33901929855, -6.63536739349, -9.56657123566], "max": [-5.3975944519, -4.5707154274, -5.21486091614, -5.5719037056, -5.53734397888, -7.59891176224], "dmean": [0.405090034008, 0.362465232611, 0.331359863281, 0.278664678335, 0.227733522654, 0.223737120628], "dmean2": [0.668338000774, 0.59108710289, 0.522864997387, 0.421978741884, 0.337158441544, 0.31191393733], "mean": [-7.17507600784, -6.93888139725, -7.37641334534, -7.60110473633, -7.05355262756, -9.97851467133], "dvar2": [0.284165501595, 0.285279631615, 0.201082333922, 0.151926785707, 0.122835479677, 0.125912263989], "min": [-28.7306575775, -27.7849521637, -27.5817737579, -27.6035804749, -27.3803634644, -27.3477535248]}, "spectral_strongpeak": {"dvar": 0.843557417393, "var": 1.53543639183, "median": 0.467140436172, "max": 13.7974615097, "dmean": 0.559256911278, "dmean2": 0.974748671055, "mean": 0.970745563507, "dvar2": 2.09374117851, "min": 0}, "erbbands_crest": {"dvar": 5.93753147125, "var": 17.6014251709, "median": 7.90539216995, "max": 27.8887748718, "dmean": 2.49711036682, "dmean2": 3.98360610008, "mean": 8.88129997253, "dvar2": 14.6215591431, "min": 2.26143836975}, "barkbands_crest": {"dvar": 5.61079502106, "var": 14.8422794342, "median": 8.48369312286, "max": 25.4900817871, "dmean": 2.47197270393, "dmean2": 3.9563999176, "mean": 9.25127983093, "dvar2": 13.2313270569, "min": 2.08349680901}, "spectral_energyband_middle_low": {"dvar": 2.38634729612e-05, "var": 5.69797266508e-05, "median": 0.00914894696325, "max": 0.0554247833788, "dmean": 0.00377499358729, "dmean2": 0.00603611581028, "mean": 0.0105850417167, "dvar2": 6.08311056567e-05, "min": 1.49954708313e-22}, "spectral_contrast_coeffs": {"dvar": [0.00172118260525, 0.00153519620653, 0.00119777745567, 0.000577796425205, 0.000290058553219, 0.000467483681859], "var": [0.00551501382142, 0.00570838991553, 0.00565187959, 0.00310573074967, 0.00114537379704, 0.00184124673251], "median": [-0.618616759777, -0.743852436543, -0.759636998177, -0.77550637722, -0.795798063278, -0.720658957958], "max": [-0.282113671303, -0.428769975901, -0.460662186146, -0.574833333492, -0.596656262875, -0.542330741882], "dmean": [0.0516312718391, 0.0465950779617, 0.0408780835569, 0.0296707358211, 0.0206572785974, 0.0215679574758], "dmean2": [0.084307551384, 0.0764259248972, 0.0646922960877, 0.0478222966194, 0.0343693085015, 0.0342769362032], "mean": [-0.623534679413, -0.737128317356, -0.75301939249, -0.774217009544, -0.794907510281, -0.727672219276], "dvar2": [0.00454604951665, 0.00394083885476, 0.00277366326191, 0.00145653798245, 0.000756903085858, 0.0010961672524], "min": [-0.983633995056, -0.975466489792, -0.9696585536, -0.965325772762, -0.965001583099, -0.962728321552]}, "hfc": {"dvar": 79.3340606689, "var": 396.261016846, "median": 29.739730835, "max": 128.137496948, "dmean": 6.87618875504, "dmean2": 10.2001571655, "mean": 29.685962677, "dvar2": 170.025161743, "min": 1.12135555218e-16}, "spectral_energyband_high": {"dvar": 8.80717834661e-07, "var": 2.49728168455e-06, "median": 0.00130558980163, "max": 0.0120485434309, "dmean": 0.000605477485806, "dmean2": 0.000918422767427, "mean": 0.00160685193259, "dvar2": 1.93325263353e-06, "min": 7.14916693793e-21}, "erbbands_spread": {"dvar": 76.5784988403, "var": 335.5340271, "median": 38.0035629272, "max": 141.327484131, "dmean": 7.76803398132, "dmean2": 11.8909606934, "mean": 41.977355957, "dvar2": 170.419647217, "min": 3.91211748123}, "dissonance": {"dvar": 0.000207817007322, "var": 0.000527326134034, "median": 0.479568570852, "max": 0.5, "dmean": 0.0143598206341, "dmean2": 0.0240758061409, "mean": 0.473473519087, "dvar2": 0.000548987416551, "min": 0.289601027966}, "spectral_kurtosis": {"dvar": 1.90369105339, "var": 5.10212039948, "median": 3.13554954529, "max": 27.2762527466, "dmean": 1.13252186775, "dmean2": 1.89441013336, "mean": 3.55642843246, "dvar2": 5.30999135971, "min": -1.28559362888}, "spectral_skewness": {"dvar": 0.0371012538671, "var": 0.20852291584, "median": 1.18704259396, "max": 3.78051996231, "dmean": 0.185590282083, "dmean2": 0.29935926199, "mean": 1.23948788643, "dvar2": 0.0899321734905, "min": -0.0874144881964}, "pitch_salience": {"dvar": 0.00464236875996, "var": 0.0122067919001, "median": 0.522097229958, "max": 0.927268385887, "dmean": 0.0717671215534, "dmean2": 0.115822277963, "mean": 0.523706674576, "dvar2": 0.0112885590643, "min": 0.111349023879}, "spectral_complexity": {"dvar": 27.9643173218, "var": 209.473907471, "median": 28, "max": 62, "dmean": 4.78109312057, "dmean2": 7.1089887619, "mean": 26.2082595825, "dvar2": 55.1274490356, "min": 0}, "spectral_spread": {"dvar": 531591757824, "var": 4302563442690.0, "median": 4344108, "max": 42139704, "dmean": 483934.59375, "dmean2": 692884.6875, "mean": 4616504, "dvar2": 960687636480, "min": 1625502.75}, "dynamic_complexity": 2.81727170944, "melbands_crest": {"dvar": 12.8668117523, "var": 36.8058319092, "median": 13.1330823898, "max": 35.877494812, "dmean": 3.632376194, "dmean2": 5.73125267029, "mean": 14.5820865631, "dvar2": 27.5705432892, "min": 1.62362420559}, "zerocrossingrate": {"dvar": 0.00016803262406, "var": 0.00171056541149, "median": 0.06982421875, "max": 0.5234375, "dmean": 0.0114299077541, "dmean2": 0.013227426447, "mean": 0.0705434381962, "dvar2": 0.000201471775654, "min": 0.0048828125}, "spectral_energyband_low": {"dvar": 0.00013083187514, "var": 0.000240616791416, "median": 0.00944225676358, "max": 0.112922117114, "dmean": 0.00731035554782, "dmean2": 0.0111554805189, "mean": 0.0140061685815, "dvar2": 0.000244607770583, "min": 3.3418729098e-23}, "melbands_kurtosis": {"dvar": 487.615692139, "var": 1357.45825195, "median": 4.96959400177, "max": 533.0703125, "dmean": 9.31612014771, "dmean2": 14.6977043152, "mean": 18.0077285767, "dvar2": 1251.76757812, "min": -1.81486356258}, "spectral_energyband_middle_high": {"dvar": 6.31071588941e-06, "var": 4.24894678872e-05, "median": 0.00620187912136, "max": 0.0406062677503, "dmean": 0.002065788256, "dmean2": 0.00301480432972, "mean": 0.00753777381033, "dvar2": 1.32589884743e-05, "min": 1.21543043463e-21}, "barkbands_spread": {"dvar": 59.643283844, "var": 247.963012695, "median": 29.1910400391, "max": 122.09703064, "dmean": 6.62087011337, "dmean2": 10.059422493, "mean": 28.9348182678, "dvar2": 122.357414246, "min": 0.626605331898}, "mfcc": {"mean": [-621.926879883, 103.169197083, -2.24463820457, 34.8867034912, 1.63915205002, 9.8588848114, 7.70652723312, 7.28275537491, 2.7993221283, 6.11566257477, -1.28233325481, -3.59712743759, -4.76594495773], "cov": [[9147.07519531, -1055.98339844, -279.867980957, -294.543487549, -435.407470703, 7.79324817657, -13.8276567459, 158.740722656, 101.858299255, 223.980209351, 78.5802383423, 32.8905410767, -124.662132263], [-1055.98339844, 942.053161621, 57.1512298584, 68.6268920898, 64.7986984253, -20.1512851715, 7.48995637894, 7.91154384613, -76.615776062, -50.2044487, 0.649986147881, 3.30558538437, 43.7426528931], [-279.867980957, 57.1512298584, 674.649047852, 81.7101821899, 99.1005554199, 22.4477939606, -40.9409370422, 20.7020454407, -22.3951931, -16.3941612244, 4.85774612427, 6.10983371735, 37.2671356201], [-294.543487549, 68.6268920898, 81.7101821899, 360.365783691, 106.382774353, 66.7198028564, 11.4582042694, 2.04813742638, 49.4225311279, 14.0749320984, -1.36286067963, 15.8834953308, 32.0548629761], [-435.407470703, 64.7986984253, 99.1005554199, 106.382774353, 207.004623413, 40.8279151917, -8.13028049469, -8.16398239136, 14.5709791183, 4.25261878967, -5.79006385803, 8.27301883698, 26.088684082], [7.79324817657, -20.1512851715, 22.4477939606, 66.7198028564, 40.8279151917, 138.185791016, 81.3188552856, 22.5219764709, -4.15273189545, -3.67311930656, 12.4733324051, 12.1054582596, 12.7746973038], [-13.8276567459, 7.48995637894, -40.9409370422, 11.4582042694, -8.13028049469, 81.3188552856, 186.696029663, 57.934879303, 4.22464561462, -25.3120727539, 15.9558296204, 14.7108669281, 4.99094057083], [158.740722656, 7.91154384613, 20.7020454407, 2.04813742638, -8.16398239136, 22.5219764709, 57.934879303, 102.814338684, 33.1311988831, 1.72801232338, 8.31293964386, 3.62043762207, 7.55937719345], [101.858299255, -76.615776062, -22.3951931, 49.4225311279, 14.5709791183, -4.15273189545, 4.22464561462, 33.1311988831, 123.865219116, 36.9973373413, 7.76885128021, 1.71139419079, -10.0296163559], [223.980209351, -50.2044487, -16.3941612244, 14.0749320984, 4.25261878967, -3.67311930656, -25.3120727539, 1.72801232338, 36.9973373413, 117.506202698, 45.2997360229, 12.3091926575, -13.4149560928], [78.5802383423, 0.649986147881, 4.85774612427, -1.36286067963, -5.79006385803, 12.4733324051, 15.9558296204, 8.31293964386, 7.76885128021, 45.2997360229, 83.2580871582, 34.7624664307, -3.60581374168], [32.8905410767, 3.30558538437, 6.10983371735, 15.8834953308, 8.27301883698, 12.1054582596, 14.7108669281, 3.62043762207, 1.71139419079, 12.3091926575, 34.7624664307, 69.2566223145, 25.0968456268], [-124.662132263, 43.7426528931, 37.2671356201, 32.0548629761, 26.088684082, 12.7746973038, 4.99094057083, 7.55937719345, -10.0296163559, -13.4149560928, -3.60581374168, 25.0968456268, 74.1149673462]], "icov": [[0.000151117681526, 0.000134227855597, 2.15099698835e-05, 3.29059366777e-05, 0.000259658845607, -0.000126382612507, 0.000138224859256, -0.000307991227601, 6.99439187883e-05, -0.000236674226471, 9.25187341636e-05, -0.00016249086184, 0.000128551633679], [0.000134227855597, 0.00138601532672, 7.73529391154e-05, -0.000362596212653, -0.0002257344604, 0.000661367143039, -2.6475670893e-05, -0.000769901496824, 0.00109911267646, 0.000211597696762, -0.00050232297508, 0.000213624385651, -0.000338291662047], [2.15099698835e-05, 7.73529391154e-05, 0.00176613917574, -0.000265739101451, -0.000691002060194, -0.000179923532414, 0.000866843212862, -0.0010351134697, 0.000643132079858, 0.000466313562356, -0.000647002074402, 0.000248015829129, -0.000405181985116], [3.29059366777e-05, -0.000362596212653, -0.000265739101451, 0.00397135829553, -0.00100533326622, -0.00192386936396, 0.000236221065279, 0.000857648148667, -0.00206208624877, -0.000387886801036, 0.000677168834955, -0.000415187852923, -0.000908268906642], [0.000259658845607, -0.0002257344604, -0.000691002060194, -0.00100533326622, 0.00704930862412, -0.0021706209518, 0.000858383253217, 0.000686379033141, -0.00107456289697, -0.000858408166096, 0.001114271814, -0.000538933440112, -0.000946895452216], [-0.000126382612507, 0.000661367143039, -0.000179923532414, -0.00192386936396, -0.0021706209518, 0.0123133491725, -0.00537865329534, -0.000231803001952, 0.00228638481349, -0.000387376465369, -0.00111125549302, 0.000554839672986, -0.000655482814182], [0.000138224859256, -2.647567